1.000000000000000000e+00	-6.217310178211223892e-01	2.616666086405105007e-01	-1.026706267782110105e-01	1.229377242065015641e-01	-6.798846713583044377e-01	1.523771471194728111e-01	-1.320930441416642565e-01	8.845527328357485897e-02	-7.580892658640452086e-02	1.375711447564460510e-01	-1.107170469820013409e-01	1.175910900958270500e-01	-7.546484472073632099e-02	9.015022087766080827e-02	-8.659962935664256012e-02	7.496919490196223002e-02	-1.015397982971583679e-01	6.529124493635267423e-02	-7.829289901729949430e-02	7.913388456447670305e-02	-7.251866442123092171e-02	7.066862532904652494e-02	-7.846558213380364077e-02	7.995749724445842810e-02	-8.361541252931704860e-02	6.025677489562289435e-02	-6.296592790393235051e-02	5.844849299187607206e-02	-5.456576268090111009e-02	5.480862571411771605e-02	-4.443587210481980687e-02	5.056997863905913354e-02	-4.890369855541491784e-02	3.918844713635372123e-02	-5.177987323115986612e-02	5.296691284885812756e-02	-6.409252511670732178e-02	4.093442555244664743e-02	-7.179748999779422824e-02
-6.217310178211223892e-01	1.000000000000000000e+00	-5.764172115208693326e-01	1.833551867778813738e-01	-2.254730826454180437e-01	3.130588990327852761e-01	-1.759406856892345161e-01	1.418948860507131260e-01	-1.469939031749967207e-01	1.228674780086187607e-01	-1.591222861307064473e-01	1.279086583792312937e-01	-1.505415469252197325e-01	1.053571709297224379e-01	-1.341078006197161110e-01	9.863827563322045966e-02	-9.191877399133777105e-02	1.241671686931377916e-01	-9.186820129415894376e-02	1.112547025706631804e-01	-9.809492757140153563e-02	8.886786695232246069e-02	-8.932218857083078223e-02	9.977913023712058072e-02	-1.063829894518001501e-01	1.010087683376196671e-01	-7.569587459891931325e-02	7.845162036181628495e-02	-7.511431571758192538e-02	7.038720167551693052e-02	-7.017447868957671364e-02	5.625112226542681310e-02	-6.440987255411892431e-02	6.260344028332191779e-02	-5.034324678972783990e-02	6.538634917248407896e-02	-6.781221192249607677e-02	8.120155093762186638e-02	-5.205620434865804863e-02	9.108134372866741324e-02
2.616666086405105007e-01	-5.764172115208693326e-01	9.999999999999997780e-01	-4.081303539663747038e-01	2.671894504849727792e-01	-3.927442288408740101e-01	1.825498994529676233e-01	-1.925629313012394428e-01	1.935974084724221278e-01	-1.827206081109405411e-01	1.799308975319564019e-01	-1.667968915274287423e-01	1.774398351347804270e-01	-1.461968152128415022e-01	1.697116883137197718e-01	-1.321063356437523206e-01	1.254721913431291469e-01	-1.844390954689285322e-01	1.219815182731040781e-01	-1.622104379553878928e-01	1.258611361792184580e-01	-1.275867306607122165e-01	1.258284176079812466e-01	-1.517652697755857150e-01	1.486123215293151945e-01	-1.496151141185154410e-01	1.086272283395078170e-01	-1.182765952569986706e-01	1.112552777131149417e-01	-1.071221350428292057e-01	1.011873719311576214e-01	-8.453534352853041278e-02	9.530678526660743555e-02	-9.626283007101157918e-02	7.677171138795239880e-02	-9.932442577405080353e-02	1.004971262859951919e-01	-1.300687207790561795e-01	8.245489668108318959e-02	-1.470596960135684139e-01
-1.026706267782110105e-01	1.833551867778813738e-01	-4.081303539663747038e-01	1.000000000000000222e+00	-7.577246468934144552e-01	1.503884397521884630e-01	-9.068949623683598971e-02	9.251866127851710031e-02	-3.793862901052044712e-01	2.585341244423088880e-01	-8.811532401729033070e-02	8.660129326744459011e-02	-9.933802499543843700e-02	1.207159773831232574e-01	-1.521446947075675016e-01	6.456690601070642910e-02	-6.437273148717725935e-02	9.487135376595219605e-02	-9.616843818462603166e-02	1.272110290223667506e-01	-6.236107653170479964e-02	6.474594550555258510e-02	-6.469913939885735266e-02	7.806501591937770046e-02	-8.045543602390249627e-02	7.299915444259408304e-02	-5.394955554716922286e-02	5.847835352983195983e-02	-5.680578315600916250e-02	5.523843517093076499e-02	-5.010370677533344114e-02	4.187597367386144964e-02	-4.742252351741040733e-02	4.874299136030940671e-02	-3.898002713695886828e-02	4.878972247578329535e-02	-4.989227700386247161e-02	6.401837051426476077e-02	-4.081359331660715239e-02	7.250681148695904688e-02
1.229377242065015641e-01	-2.254730826454180437e-01	2.671894504849727792e-01	-7.577246468934144552e-01	1.000000000000000000e+00	-1.939709451281308172e-01	1.070804854087639701e-01	-1.101402272785551306e-01	2.826654312037704120e-01	-3.889088159177424564e-01	1.112712266384995180e-01	-1.094227464701272023e-01	1.207127988522741224e-01	-1.449863304005627740e-01	1.796122551012663826e-01	-8.332010510493666200e-02	8.273287262355408234e-02	-1.234812386632863634e-01	1.137860285859094156e-01	-1.649701641877349967e-01	8.021062459418513979e-02	-8.412065279978409027e-02	8.380656559145598095e-02	-1.026156749271536356e-01	1.040297911208874632e-01	-9.576287691325352514e-02	7.048693464031029199e-02	-7.693419846523491534e-02	7.444653174254918515e-02	-7.272171136752667020e-02	6.562858126615844778e-02	-5.513160198292985786e-02	6.229088090137686190e-02	-6.432007826816396601e-02	5.136210223959718213e-02	-6.437012651573177646e-02	6.559147144818353037e-02	-8.512013405494162077e-02	5.416628190375625401e-02	-9.651268056934572681e-02
-6.798846713583044377e-01	3.130588990327852761e-01	-3.927442288408740101e-01	1.503884397521884630e-01	-1.939709451281308172e-01	1.000000000000000666e+00	-2.896013439971897863e-01	1.938859127448260000e-01	-1.374487856388221518e-01	1.149325677668817797e-01	-2.510825444685174657e-01	1.691071828408817757e-01	-1.916699661712026603e-01	1.146899297244901028e-01	-1.406098366525404542e-01	1.312011513097561533e-01	-1.135517268816724629e-01	1.466541564310479273e-01	-1.006396202360263226e-01	1.168343197002797984e-01	-1.246758545416093988e-01	1.066580079577354734e-01	-1.052740809094571961e-01	1.130262162809354126e-01	-1.195965658949720567e-01	1.209248266225695645e-01	-8.905088668317268086e-02	9.080472353712559785e-02	-8.531754374815563036e-02	7.880634352449396307e-02	-8.096301351864937379e-02	6.438682849619743742e-02	-7.383393460501574967e-02	7.029216798247034381e-02	-5.654459877223641517e-02	7.467171364380284504e-02	-7.735811372471608494e-02	9.052460615346547002e-02	-5.811892103698249046e-02	1.010891893063144698e-01
1.523771471194728111e-01	-1.759406856892345161e-01	1.825498994529676233e-01	-9.068949623683598971e-02	1.070804854087639701e-01	-2.896013439971897863e-01	1.000000000000000222e+00	-8.304449804913756061e-01	1.082216262652952732e-01	-9.379642903296146750e-02	1.649434314126007328e-01	-2.343702144825954847e-01	2.521772496826413246e-01	-1.236480986586639408e-01	1.194271090812097369e-01	-1.148066431110726093e-01	1.179681704556536925e-01	-1.637518809268072306e-01	9.901955564315587099e-02	-1.109101398270590927e-01	1.039531555305740623e-01	-1.105558572624324859e-01	1.034358291292510335e-01	-1.096511407122995191e-01	1.069208520938671608e-01	-1.135403344454301161e-01	8.174968525755467452e-02	-8.601890453981626827e-02	7.953971491184548548e-02	-7.361490786122644459e-02	7.239607099868536344e-02	-5.967388939781560070e-02	6.775146821463358393e-02	-6.590319988310253119e-02	5.270241850271850659e-02	-6.908423853060087494e-02	7.038028448055125286e-02	-8.549659910183633749e-02	5.462476857190072532e-02	-9.571993802498897363e-02
-1.320930441416642565e-01	1.418948860507131260e-01	-1.925629313012394428e-01	9.251866127851710031e-02	-1.101402272785551306e-01	1.938859127448260000e-01	-8.304449804913756061e-01	1.000000000000000666e+00	-1.202879931075537395e-01	9.601428488578035714e-02	-1.587146733047215541e-01	2.048262736588562505e-01	-3.807921074767550706e-01	1.259749427103477593e-01	-1.220951084842685358e-01	1.027073228654119402e-01	-1.085035650445076855e-01	1.434399263226562304e-01	-1.033078333287723166e-01	1.066248901574929908e-01	-9.599095010983026144e-02	9.798098950928954554e-02	-9.401910452202116852e-02	9.689999695067291752e-02	-9.793168943203681143e-02	9.948060862810031990e-02	-7.307080469229723652e-02	7.564577147936304979e-02	-7.106392100718458837e-02	6.541638307818699316e-02	-6.474248616063847661e-02	5.274680838424825047e-02	-6.023005779137510091e-02	5.825501983058164329e-02	-4.673532071968544005e-02	6.082678846875818474e-02	-6.260305179495129213e-02	7.460515992876423641e-02	-4.784895538611551313e-02	8.343417864298185993e-02
8.845527328357485897e-02	-1.469939031749967207e-01	1.935974084724221278e-01	-3.793862901052044712e-01	2.826654312037704120e-01	-1.374487856388221518e-01	1.082216262652952732e-01	-1.202879931075537395e-01	1.000000000000000222e+00	-7.662913313556843908e-01	1.024730032968700355e-01	-1.108005419471568692e-01	1.326990462756742761e-01	-2.507527552671410809e-01	2.486036244274918983e-01	-7.621015825798736765e-02	7.977018062712799840e-02	-1.191950985582066053e-01	1.630079894833432186e-01	-2.247838181716617367e-01	7.366751195503354332e-02	-7.959375826945040699e-02	7.996036458813340908e-02	-9.704354985476071338e-02	1.033935505280823425e-01	-8.592610503634386110e-02	6.426995775156089941e-02	-6.964597434549398003e-02	6.964473704118623321e-02	-6.861603915057290504e-02	5.926872089476387800e-02	-4.982043421374646175e-02	5.658411280343860622e-02	-5.945364124558950164e-02	4.761317858785608231e-02	-5.753182371002717177e-02	5.931908099429170078e-02	-7.590420516663271000e-02	4.864428107098844878e-02	-8.617287297387446476e-02
-7.580892658640452086e-02	1.228674780086187607e-01	-1.827206081109405411e-01	2.585341244423088880e-01	-3.889088159177424564e-01	1.149325677668817797e-01	-9.379642903296146750e-02	9.601428488578035714e-02	-7.662913313556843908e-01	1.000000000000000222e+00	-8.930734504432806531e-02	9.471263725229149555e-02	-1.165107758823656775e-01	1.899136468791463861e-01	-3.652185770245851004e-01	6.564309597542360153e-02	-6.907706489325014798e-02	1.022757838433441258e-01	-1.507895456020236502e-01	2.003816583105691163e-01	-6.391870611268250790e-02	6.858143155686736991e-02	-6.944230410194873748e-02	8.386853367153167260e-02	-9.161903999988910141e-02	7.374030915801578490e-02	-5.547608270896119825e-02	5.989487312823030263e-02	-6.041793938814923187e-02	5.947454080444324748e-02	-5.119522327985637916e-02	4.290535713769628307e-02	-4.882738333919101059e-02	5.133943008514969819e-02	-4.118714074200791053e-02	4.945337521678229431e-02	-5.118221739067569526e-02	6.507337280710789873e-02	-4.177853645214273104e-02	7.386749203560143140e-02
1.375711447564460510e-01	-1.591222861307064473e-01	1.799308975319564019e-01	-8.811532401729033070e-02	1.112712266384995180e-01	-2.510825444685174657e-01	1.649434314126007328e-01	-1.587146733047215541e-01	1.024730032968700355e-01	-8.930734504432806531e-02	1.000000000000000444e+00	-5.184067700173871085e-01	2.666163204311344792e-01	-1.403014614197984899e-01	1.465032262379131756e-01	-5.228162498510365852e-01	2.414963754107910809e-01	-2.838686604732364449e-01	1.217045502994883177e-01	-1.354962375588276702e-01	2.752110169254576855e-01	-2.211218828755231458e-01	1.890385145130963063e-01	-1.916069351475779281e-01	1.783705955826360434e-01	-2.727582239597889924e-01	1.683792227414524501e-01	-1.716469035242159102e-01	1.412718274839300237e-01	-1.269417054295788050e-01	1.399132166405640254e-01	-1.135563666512218323e-01	1.278499623542327657e-01	-1.159150550020574405e-01	9.228582936596235742e-02	-1.324232170643731832e-01	1.305268279032271717e-01	-1.514464761712736585e-01	9.638935889481814456e-02	-1.670982303096153754e-01
-1.107170469820013409e-01	1.279086583792312937e-01	-1.667968915274287423e-01	8.660129326744459011e-02	-1.094227464701272023e-01	1.691071828408817757e-01	-2.343702144825954847e-01	2.048262736588562505e-01	-1.108005419471568692e-01	9.471263725229149555e-02	-5.184067700173871085e-01	1.000000000000001332e+00	-6.189816015990883269e-01	1.713708153853096550e-01	-1.655627300323088413e-01	2.265408914868455581e-01	-3.180198402370805755e-01	2.549123133273840103e-01	-1.508473844734039282e-01	1.403800812119616326e-01	-2.032681068958365200e-01	2.001596217426322155e-01	-1.820031781045731156e-01	1.565192990943072016e-01	-1.572131324043248013e-01	1.738155807453221902e-01	-1.293496539672179535e-01	1.257193746968558457e-01	-1.161540477562160029e-01	1.018292139120740153e-01	-1.074377281580239374e-01	8.564967175408556843e-02	-9.888764035299786592e-02	9.091808408053259072e-02	-7.321862734798068040e-02	9.722968200333466371e-02	-1.013313047587853372e-01	1.127507410525279419e-01	-7.288513448784132709e-02	1.247229061104965370e-01
1.175910900958270500e-01	-1.505415469252197325e-01	1.774398351347804270e-01	-9.933802499543843700e-02	1.207127988522741224e-01	-1.916699661712026603e-01	2.521772496826413246e-01	-3.807921074767550706e-01	1.326990462756742761e-01	-1.165107758823656775e-01	2.666163204311344792e-01	-6.189816015990883269e-01	9.999999999999984457e-01	-3.012593098008060633e-01	1.926589961593604128e-01	-1.936632022359634497e-01	2.165597905538201029e-01	-3.060113771780885727e-01	1.899818056255405674e-01	-1.846275842584764737e-01	1.666182731749850099e-01	-1.935992309256240884e-01	1.743215259124345495e-01	-1.741994589054893516e-01	1.666304730721300253e-01	-1.811217410975327069e-01	1.294168768680329928e-01	-1.354528263725479076e-01	1.245567765223175027e-01	-1.137450222112171005e-01	1.114816308565208247e-01	-9.246283235537752776e-02	1.050175250050353337e-01	-1.016575425652775783e-01	8.128088173352165935e-02	-1.063090744735104010e-01	1.082184698989360344e-01	-1.300391680160556951e-01	8.324161087022848016e-02	-1.452385832791605047e-01
-7.546484472073632099e-02	1.053571709297224379e-01	-1.461968152128415022e-01	1.207159773831232574e-01	-1.449863304005627740e-01	1.146899297244901028e-01	-1.236480986586639408e-01	1.259749427103477593e-01	-2.507527552671410809e-01	1.899136468791463861e-01	-1.403014614197984899e-01	1.713708153853096550e-01	-3.012593098008060633e-01	1.000000000000003109e+00	-4.366096794103257461e-01	9.850225142459938243e-02	-1.140283845558549281e-01	1.643843701353458198e-01	-7.114053462301740405e-01	3.110926387214949518e-01	-9.546291898987639690e-02	1.047839959910289581e-01	-1.084244319599204781e-01	1.197385425535864023e-01	-1.378657340778134677e-01	1.029064475008108909e-01	-7.885512316096854324e-02	8.292747424987446936e-02	-8.601231730729540226e-02	8.225085775852535031e-02	-7.078803771022841584e-02	5.869711931755370454e-02	-6.745564840770243431e-02	7.011594219770428404e-02	-5.665161922439430203e-02	6.668902533436193991e-02	-7.009004506143996782e-02	8.513104668107347728e-02	-5.519051889274559364e-02	9.620722559118767558e-02
9.015022087766080827e-02	-1.341078006197161110e-01	1.697116883137197718e-01	-1.521446947075675016e-01	1.796122551012663826e-01	-1.406098366525404542e-01	1.194271090812097369e-01	-1.220951084842685358e-01	2.486036244274918983e-01	-3.652185770245851004e-01	1.465032262379131756e-01	-1.655627300323088413e-01	1.926589961593604128e-01	-4.366096794103257461e-01	9.999999999999994449e-01	-1.124152215833129631e-01	1.228943660103232888e-01	-1.886296841626601273e-01	2.959794556112566588e-01	-6.471652394598421676e-01	1.098921905694611734e-01	-1.242188439267364192e-01	1.263656475690920211e-01	-1.604617256023267158e-01	1.803894840741345207e-01	-1.297665715487382465e-01	9.893175003007825818e-02	-1.079339068264190127e-01	1.130604619274496597e-01	-1.152924416681728598e-01	9.121898294188446332e-02	-7.758774956104538822e-02	8.838616705123726602e-02	-9.702876409887171982e-02	7.779046476052552117e-02	-8.857303636796345914e-02	9.241116557333099724e-02	-1.192984487777558195e-01	7.698177676063924779e-02	-1.362489725628797110e-01
-8.659962935664256012e-02	9.863827563322045966e-02	-1.321063356437523206e-01	6.456690601070642910e-02	-8.332010510493666200e-02	1.312011513097561533e-01	-1.148066431110726093e-01	1.027073228654119402e-01	-7.621015825798736765e-02	6.564309597542360153e-02	-5.228162498510365852e-01	2.265408914868455581e-01	-1.936632022359634497e-01	9.850225142459938243e-02	-1.124152215833129631e-01	1.000000000000001110e+00	-2.903903573366553026e-01	2.200883624845683117e-01	-9.117576658821373303e-02	9.798382062657566560e-02	-6.684113828432384219e-01	1.981746923932284632e-01	-1.712019579143188308e-01	1.474637504330967297e-01	-1.479386396429914485e-01	2.508814336645295295e-01	-1.678319338666765803e-01	1.423116637717524724e-01	-1.158663114696514007e-01	9.857211551324750187e-02	-1.295809590569399483e-01	9.509568409205423900e-02	-1.105113792293075381e-01	9.009540379508126917e-02	-7.240974710234809875e-02	1.088126110627577192e-01	-1.118510829087197567e-01	1.126618452457006786e-01	-7.284429555143437374e-02	1.220100808666417513e-01
7.496919490196223002e-02	-9.191877399133777105e-02	1.254721913431291469e-01	-6.437273148717725935e-02	8.273287262355408234e-02	-1.135517268816724629e-01	1.179681704556536925e-01	-1.085035650445076855e-01	7.977018062712799840e-02	-6.907706489325014798e-02	2.414963754107910809e-01	-3.180198402370805755e-01	2.165597905538201029e-01	-1.140283845558549281e-01	1.228943660103232888e-01	-2.903903573366553026e-01	9.999999999999971134e-01	-5.767215598482539063e-01	1.091455961789968149e-01	-1.114654330170164326e-01	2.094023051136126301e-01	-5.918816148494260299e-01	2.897468791093391061e-01	-1.944693931220825012e-01	1.714507729289738991e-01	-1.812156625399409526e-01	1.483963893294346637e-01	-1.401511077524714988e-01	1.315628777927474458e-01	-1.081236049404832311e-01	1.087775643371355350e-01	-8.981975936499625446e-02	1.046971924891550443e-01	-9.583626360738359273e-02	7.724914608574889874e-02	-9.704902946910273775e-02	1.040040135742235500e-01	-1.105799368522759341e-01	7.248512118105684965e-02	-1.216051902558160092e-01
-1.015397982971583679e-01	1.241671686931377916e-01	-1.844390954689285322e-01	9.487135376595219605e-02	-1.234812386632863634e-01	1.466541564310479273e-01	-1.637518809268072306e-01	1.434399263226562304e-01	-1.191950985582066053e-01	1.022757838433441258e-01	-2.838686604732364449e-01	2.549123133273840103e-01	-3.060113771780885727e-01	1.643843701353458198e-01	-1.886296841626601273e-01	2.200883624845683117e-01	-5.767215598482539063e-01	1.000000000000000222e+00	-1.787994216142767268e-01	1.630569609454959878e-01	-2.282437036893064652e-01	3.159933393406911262e-01	-4.549328412992827975e-01	2.434964310477561455e-01	-2.627590663776350755e-01	1.978879377876278378e-01	-1.754501282087589098e-01	1.671329213790862522e-01	-1.840467615085968067e-01	1.465440131988817174e-01	-1.418992663674212285e-01	1.133900809123390835e-01	-1.355699957023366042e-01	1.271446642827782636e-01	-1.046280395505268801e-01	1.225175614850268629e-01	-1.370207693233473079e-01	1.411396515688748410e-01	-9.395563991688243854e-02	1.558470301830057192e-01
6.529124493635267423e-02	-9.186820129415894376e-02	1.219815182731040781e-01	-9.616843818462603166e-02	1.137860285859094156e-01	-1.006396202360263226e-01	9.901955564315587099e-02	-1.033078333287723166e-01	1.630079894833432186e-01	-1.507895456020236502e-01	1.217045502994883177e-01	-1.508473844734039282e-01	1.899818056255405674e-01	-7.114053462301740405e-01	2.959794556112566588e-01	-9.117576658821373303e-02	1.091455961789968149e-01	-1.787994216142767268e-01	1.000000000000001998e+00	-5.559867557748819911e-01	8.794719179640710094e-02	-1.022605000272190506e-01	1.066834338584781716e-01	-1.233615581161195685e-01	1.394210680297098826e-01	-9.771016676592719774e-02	7.528936231436694770e-02	-8.006726879435732691e-02	8.527130989231253289e-02	-8.302630263887197937e-02	6.747092551366040691e-02	-5.661899006632548081e-02	6.506568579445834444e-02	-6.966072812282876614e-02	5.620263712235931686e-02	-6.396405219047407442e-02	6.742560705274246169e-02	-8.288338194303987438e-02	5.389545888768500909e-02	-9.402916290760846008e-02
-7.829289901729949430e-02	1.112547025706631804e-01	-1.622104379553878928e-01	1.272110290223667506e-01	-1.649701641877349967e-01	1.168343197002797984e-01	-1.109101398270590927e-01	1.066248901574929908e-01	-2.247838181716617367e-01	2.003816583105691163e-01	-1.354962375588276702e-01	1.403800812119616326e-01	-1.846275842584764737e-01	3.110926387214949518e-01	-6.471652394598421676e-01	9.798382062657566560e-02	-1.114654330170164326e-01	1.630569609454959878e-01	-5.559867557748819911e-01	9.999999999999998890e-01	-9.912336711518449084e-02	1.089047929270895582e-01	-1.173476444128761231e-01	1.456149294672288430e-01	-2.231836345256250631e-01	1.098109847594592320e-01	-8.714170241674544515e-02	9.297830888182237463e-02	-1.052503867938427567e-01	1.079259465566145826e-01	-8.024346923021376254e-02	6.723202843730509415e-02	-7.774837872697727692e-02	8.704147490550094568e-02	-7.120388268492973405e-02	7.543911353643760476e-02	-8.095015133887212277e-02	9.980535420192652996e-02	-6.551285066851170180e-02	1.140411422016788523e-01
7.913388456447670305e-02	-9.809492757140153563e-02	1.258611361792184580e-01	-6.236107653170479964e-02	8.021062459418513979e-02	-1.246758545416093988e-01	1.039531555305740623e-01	-9.599095010983026144e-02	7.366751195503354332e-02	-6.391870611268250790e-02	2.752110169254576855e-01	-2.032681068958365200e-01	1.666182731749850099e-01	-9.546291898987639690e-02	1.098921905694611734e-01	-6.684113828432384219e-01	2.094023051136126301e-01	-2.282437036893064652e-01	8.794719179640710094e-02	-9.912336711518449084e-02	1.000000000000000444e+00	-2.209500775450280174e-01	1.740252006631111403e-01	-1.683838767516625812e-01	1.599229581751050455e-01	-5.005393707605980680e-01	2.093588635488459748e-01	-1.883927910379538384e-01	1.320762958259628916e-01	-1.142789707742569300e-01	1.563483107859408860e-01	-1.179372227409944962e-01	1.326111632989750155e-01	-1.062953376344185075e-01	8.449570408653740705e-02	-1.384794935020747797e-01	1.321567180316232104e-01	-1.375807091644012381e-01	8.771633880509863146e-02	-1.482199993125535298e-01
-7.251866442123092171e-02	8.886786695232246069e-02	-1.275867306607122165e-01	6.474594550555258510e-02	-8.412065279978409027e-02	1.066580079577354734e-01	-1.105558572624324859e-01	9.798098950928954554e-02	-7.959375826945040699e-02	6.858143155686736991e-02	-2.211218828755231458e-01	2.001596217426322155e-01	-1.935992309256240884e-01	1.047839959910289581e-01	-1.242188439267364192e-01	1.981746923932284632e-01	-5.918816148494260299e-01	3.159933393406911262e-01	-1.022605000272190506e-01	1.089047929270895582e-01	-2.209500775450280174e-01	9.999999999999996669e-01	-5.996949163394490467e-01	2.325033297555131051e-01	-2.092709942530700806e-01	1.853771921656931498e-01	-1.986411208368571157e-01	1.645832774829500689e-01	-1.628315733174736657e-01	1.241518156903460707e-01	-1.204995483011662566e-01	1.020633703756035210e-01	-1.219221358981172759e-01	1.092337007726143783e-01	-8.899332883894550683e-02	1.048496290732059966e-01	-1.178228545145899586e-01	1.192479199072710161e-01	-7.934680522569044492e-02	1.305701719888903711e-01
7.066862532904652494e-02	-8.932218857083078223e-02	1.258284176079812466e-01	-6.469913939885735266e-02	8.380656559145598095e-02	-1.052740809094571961e-01	1.034358291292510335e-01	-9.401910452202116852e-02	7.996036458813340908e-02	-6.944230410194873748e-02	1.890385145130963063e-01	-1.820031781045731156e-01	1.743215259124345495e-01	-1.084244319599204781e-01	1.263656475690920211e-01	-1.712019579143188308e-01	2.897468791093391061e-01	-4.549328412992827975e-01	1.066834338584781716e-01	-1.173476444128761231e-01	1.740252006631111403e-01	-5.996949163394490467e-01	9.999999999999995559e-01	-4.719834614516582594e-01	2.356566383578458934e-01	-1.876699636665188076e-01	1.743711160946292693e-01	-1.958874674951194828e-01	2.018176287612943598e-01	-1.554953072799072078e-01	1.255509487024350779e-01	-1.126026664552626233e-01	1.337898966757819219e-01	-1.355859834703928846e-01	1.076411782352368202e-01	-1.141022151544013735e-01	1.275812824679944391e-01	-1.391642300373145680e-01	9.290253515207030910e-02	-1.543391457745982853e-01
-7.846558213380364077e-02	9.977913023712058072e-02	-1.517652697755857150e-01	7.806501591937770046e-02	-1.026156749271536356e-01	1.130262162809354126e-01	-1.096511407122995191e-01	9.689999695067291752e-02	-9.704354985476071338e-02	8.386853367153167260e-02	-1.916069351475779281e-01	1.565192990943072016e-01	-1.741994589054893516e-01	1.197385425535864023e-01	-1.604617256023267158e-01	1.474637504330967297e-01	-1.944693931220825012e-01	2.434964310477561455e-01	-1.233615581161195685e-01	1.456149294672288430e-01	-1.683838767516625812e-01	2.325033297555131051e-01	-4.719834614516582594e-01	1.000000000000001110e+00	-5.085824255879879408e-01	1.825413878509040966e-01	-1.827331786529529656e-01	1.948874829350420446e-01	-4.971763684307584086e-01	2.563245738920365557e-01	-1.533548043241929615e-01	1.332207555315694514e-01	-1.663972074914840116e-01	2.124364947622363609e-01	-1.786784725762085024e-01	1.334762512629975584e-01	-1.626534332717654574e-01	1.715193498051203469e-01	-1.229957672651767753e-01	1.951978126500145128e-01
7.995749724445842810e-02	-1.063829894518001501e-01	1.486123215293151945e-01	-8.045543602390249627e-02	1.040297911208874632e-01	-1.195965658949720567e-01	1.069208520938671608e-01	-9.793168943203681143e-02	1.033935505280823425e-01	-9.161903999988910141e-02	1.783705955826360434e-01	-1.572131324043248013e-01	1.666304730721300253e-01	-1.378657340778134677e-01	1.803894840741345207e-01	-1.479386396429914485e-01	1.714507729289738991e-01	-2.627590663776350755e-01	1.394210680297098826e-01	-2.231836345256250631e-01	1.599229581751050455e-01	-2.092709942530700806e-01	2.356566383578458934e-01	-5.085824255879879408e-01	9.999999999999977796e-01	-2.048675143721288006e-01	1.796402194343680869e-01	-2.092934200258385058e-01	3.099805846635159678e-01	-4.750949912238420780e-01	1.681659774601021173e-01	-1.574943051216396994e-01	1.838406634096314551e-01	-2.916746743775922024e-01	2.368156956229005849e-01	-1.636879721072405924e-01	1.871831554829332944e-01	-2.604121804511862481e-01	1.787388306742838107e-01	-3.137967241333653456e-01
-8.361541252931704860e-02	1.010087683376196671e-01	-1.496151141185154410e-01	7.299915444259408304e-02	-9.576287691325352514e-02	1.209248266225695645e-01	-1.135403344454301161e-01	9.948060862810031990e-02	-8.592610503634386110e-02	7.374030915801578490e-02	-2.727582239597889924e-01	1.738155807453221902e-01	-1.811217410975327069e-01	1.029064475008108909e-01	-1.297665715487382465e-01	2.508814336645295295e-01	-1.812156625399409526e-01	1.978879377876278378e-01	-9.771016676592719774e-02	1.098109847594592320e-01	-5.005393707605980680e-01	1.853771921656931498e-01	-1.876699636665188076e-01	1.825413878509040966e-01	-2.048675143721288006e-01	9.999999999999994449e-01	-5.288402664599808345e-01	2.686189399488648211e-01	-1.734631670860899977e-01	1.396898012169311698e-01	-3.153019205287143079e-01	1.773850491104997373e-01	-2.114382287283215478e-01	1.330354462657618586e-01	-1.070000996364663809e-01	2.066376672613488841e-01	-2.072735567103779208e-01	1.668604971503912515e-01	-1.086891511548479655e-01	1.725134154417906074e-01
6.025677489562289435e-02	-7.569587459891931325e-02	1.086272283395078170e-01	-5.394955554716922286e-02	7.048693464031029199e-02	-8.905088668317268086e-02	8.174968525755467452e-02	-7.307080469229723652e-02	6.426995775156089941e-02	-5.547608270896119825e-02	1.683792227414524501e-01	-1.293496539672179535e-01	1.294168768680329928e-01	-7.885512316096854324e-02	9.893175003007825818e-02	-1.678319338666765803e-01	1.483963893294346637e-01	-1.754501282087589098e-01	7.528936231436694770e-02	-8.714170241674544515e-02	2.093588635488459748e-01	-1.986411208368571157e-01	1.743711160946292693e-01	-1.827331786529529656e-01	1.796402194343680869e-01	-5.288402664599808345e-01	9.999999999999996669e-01	-6.510960769950089322e-01	1.800332908857540937e-01	-1.451833661192309388e-01	1.915709938421665814e-01	-2.446425176049231709e-01	2.501006632533727680e-01	-1.434750672841901831e-01	1.103657850045038497e-01	-1.754544281356721358e-01	1.969769637059815004e-01	-1.758139621519525519e-01	1.113913596823965235e-01	-1.778617075282875049e-01
-6.296592790393235051e-02	7.845162036181628495e-02	-1.182765952569986706e-01	5.847835352983195983e-02	-7.693419846523491534e-02	9.080472353712559785e-02	-8.601890453981626827e-02	7.564577147936304979e-02	-6.964597434549398003e-02	5.989487312823030263e-02	-1.716469035242159102e-01	1.257193746968558457e-01	-1.354528263725479076e-01	8.292747424987446936e-02	-1.079339068264190127e-01	1.423116637717524724e-01	-1.401511077524714988e-01	1.671329213790862522e-01	-8.006726879435732691e-02	9.297830888182237463e-02	-1.883927910379538384e-01	1.645832774829500689e-01	-1.958874674951194828e-01	1.948874829350420446e-01	-2.092934200258385058e-01	2.686189399488648211e-01	-6.510960769950089322e-01	9.999999999999986677e-01	-2.608975767137317603e-01	1.661527924177790827e-01	-2.035581977982104662e-01	2.483073118338764429e-01	-4.675471376375668342e-01	1.688619024393019918e-01	-1.321758631106869086e-01	1.712053692820217354e-01	-2.425975273531882359e-01	1.841929792268602872e-01	-1.223739284898539836e-01	1.817584598561910458e-01
5.844849299187607206e-02	-7.511431571758192538e-02	1.112552777131149417e-01	-5.680578315600916250e-02	7.444653174254918515e-02	-8.531754374815563036e-02	7.953971491184548548e-02	-7.106392100718458837e-02	6.964473704118623321e-02	-6.041793938814923187e-02	1.412718274839300237e-01	-1.161540477562160029e-01	1.245567765223175027e-01	-8.601231730729540226e-02	1.130604619274496597e-01	-1.158663114696514007e-01	1.315628777927474458e-01	-1.840467615085968067e-01	8.527130989231253289e-02	-1.052503867938427567e-01	1.320762958259628916e-01	-1.628315733174736657e-01	2.018176287612943598e-01	-4.971763684307584086e-01	3.099805846635159678e-01	-1.734631670860899977e-01	1.800332908857540937e-01	-2.608975767137317603e-01	1.000000000000001110e+00	-5.230878984889966166e-01	1.436800251624002767e-01	-1.490666429971060636e-01	1.875062571964309921e-01	-4.543184567731267109e-01	2.805143998433938801e-01	-1.322230169933309996e-01	1.661720021824283355e-01	-1.991915985555053337e-01	1.539113988433231384e-01	-2.364442641750330032e-01
-5.456576268090111009e-02	7.038720167551693052e-02	-1.071221350428292057e-01	5.523843517093076499e-02	-7.272171136752667020e-02	7.880634352449396307e-02	-7.361490786122644459e-02	6.541638307818699316e-02	-6.861603915057290504e-02	5.947454080444324748e-02	-1.269417054295788050e-01	1.018292139120740153e-01	-1.137450222112171005e-01	8.225085775852535031e-02	-1.152924416681728598e-01	9.857211551324750187e-02	-1.081236049404832311e-01	1.465440131988817174e-01	-8.302630263887197937e-02	1.079259465566145826e-01	-1.142789707742569300e-01	1.241518156903460707e-01	-1.554953072799072078e-01	2.563245738920365557e-01	-4.750949912238420780e-01	1.396898012169311698e-01	-1.451833661192309388e-01	1.661527924177790827e-01	-5.230878984889966166e-01	1.000000000000000666e+00	-1.323022724564798247e-01	1.251083056674471283e-01	-1.640352368669461269e-01	3.161205487650953216e-01	-5.595955106628990317e-01	1.160382662786651059e-01	-1.548416768513599384e-01	1.696807103475854728e-01	-1.442843783539582425e-01	2.122573766004570150e-01
5.480862571411771605e-02	-7.017447868957671364e-02	1.011873719311576214e-01	-5.010370677533344114e-02	6.562858126615844778e-02	-8.096301351864937379e-02	7.239607099868536344e-02	-6.474248616063847661e-02	5.926872089476387800e-02	-5.119522327985637916e-02	1.399132166405640254e-01	-1.074377281580239374e-01	1.114816308565208247e-01	-7.078803771022841584e-02	9.121898294188446332e-02	-1.295809590569399483e-01	1.087775643371355350e-01	-1.418992663674212285e-01	6.747092551366040691e-02	-8.024346923021376254e-02	1.563483107859408860e-01	-1.204995483011662566e-01	1.255509487024350779e-01	-1.533548043241929615e-01	1.681659774601021173e-01	-3.153019205287143079e-01	1.915709938421665814e-01	-2.035581977982104662e-01	1.436800251624002767e-01	-1.323022724564798247e-01	1.000000000000000888e+00	-2.413255419777014799e-01	1.967473978737448170e-01	-1.340813128306252711e-01	1.055803191063504759e-01	-7.870869801837344637e-01	2.732651204758014818e-01	-2.146600808182094478e-01	1.301687183740651843e-01	-2.139304747117383720e-01
-4.443587210481980687e-02	5.625112226542681310e-02	-8.453534352853041278e-02	4.187597367386144964e-02	-5.513160198292985786e-02	6.438682849619743742e-02	-5.967388939781560070e-02	5.274680838424825047e-02	-4.982043421374646175e-02	4.290535713769628307e-02	-1.135563666512218323e-01	8.564967175408556843e-02	-9.246283235537752776e-02	5.869711931755370454e-02	-7.758774956104538822e-02	9.509568409205423900e-02	-8.981975936499625446e-02	1.133900809123390835e-01	-5.661899006632548081e-02	6.723202843730509415e-02	-1.179372227409944962e-01	1.020633703756035210e-01	-1.126026664552626233e-01	1.332207555315694514e-01	-1.574943051216396994e-01	1.773850491104997373e-01	-2.446425176049231709e-01	2.483073118338764429e-01	-1.490666429971060636e-01	1.251083056674471283e-01	-2.413255419777014799e-01	9.999999999999996669e-01	-6.505552906164505655e-01	1.458816666447752541e-01	-1.136835343113000996e-01	2.190834846772287681e-01	-5.789236943924891410e-01	2.110192393277395273e-01	-1.312599788772433052e-01	1.808343766824123400e-01
5.056997863905913354e-02	-6.440987255411892431e-02	9.530678526660743555e-02	-4.742252351741040733e-02	6.229088090137686190e-02	-7.383393460501574967e-02	6.775146821463358393e-02	-6.023005779137510091e-02	5.658411280343860622e-02	-4.882738333919101059e-02	1.278499623542327657e-01	-9.888764035299786592e-02	1.050175250050353337e-01	-6.745564840770243431e-02	8.838616705123726602e-02	-1.105113792293075381e-01	1.046971924891550443e-01	-1.355699957023366042e-01	6.506568579445834444e-02	-7.774837872697727692e-02	1.326111632989750155e-01	-1.219221358981172759e-01	1.337898966757819219e-01	-1.663972074914840116e-01	1.838406634096314551e-01	-2.114382287283215478e-01	2.501006632533727680e-01	-4.675471376375668342e-01	1.875062571964309921e-01	-1.640352368669461269e-01	1.967473978737448170e-01	-6.505552906164505655e-01	9.999999999999997780e-01	-2.221248568601795204e-01	1.483361175720028791e-01	-2.084277843231967242e-01	2.928155966061227189e-01	-2.759567905602727245e-01	1.589446583177783756e-01	-2.349106895141090945e-01
-4.890369855541491784e-02	6.260344028332191779e-02	-9.626283007101157918e-02	4.874299136030940671e-02	-6.432007826816396601e-02	7.029216798247034381e-02	-6.590319988310253119e-02	5.825501983058164329e-02	-5.945364124558950164e-02	5.133943008514969819e-02	-1.159150550020574405e-01	9.091808408053259072e-02	-1.016575425652775783e-01	7.011594219770428404e-02	-9.702876409887171982e-02	9.009540379508126917e-02	-9.583626360738359273e-02	1.271446642827782636e-01	-6.966072812282876614e-02	8.704147490550094568e-02	-1.062953376344185075e-01	1.092337007726143783e-01	-1.355859834703928846e-01	2.124364947622363609e-01	-2.916746743775922024e-01	1.330354462657618586e-01	-1.434750672841901831e-01	1.688619024393019918e-01	-4.543184567731267109e-01	3.161205487650953216e-01	-1.340813128306252711e-01	1.458816666447752541e-01	-2.221248568601795204e-01	1.000000000000000222e+00	-6.991874915433140547e-01	1.177502245105043338e-01	-1.716126729469354961e-01	1.923258810021103438e-01	-2.143570897905756056e-01	2.354602609652219902e-01
3.918844713635372123e-02	-5.034324678972783990e-02	7.677171138795239880e-02	-3.898002713695886828e-02	5.136210223959718213e-02	-5.654459877223641517e-02	5.270241850271850659e-02	-4.673532071968544005e-02	4.761317858785608231e-02	-4.118714074200791053e-02	9.228582936596235742e-02	-7.321862734798068040e-02	8.128088173352165935e-02	-5.665161922439430203e-02	7.779046476052552117e-02	-7.240974710234809875e-02	7.724914608574889874e-02	-1.046280395505268801e-01	5.620263712235931686e-02	-7.120388268492973405e-02	8.449570408653740705e-02	-8.899332883894550683e-02	1.076411782352368202e-01	-1.786784725762085024e-01	2.368156956229005849e-01	-1.070000996364663809e-01	1.103657850045038497e-01	-1.321758631106869086e-01	2.805143998433938801e-01	-5.595955106628990317e-01	1.055803191063504759e-01	-1.136835343113000996e-01	1.483361175720028791e-01	-6.991874915433140547e-01	1.000000000000000000e+00	-9.480247022712390281e-02	1.326719695832546397e-01	-1.695220710713757351e-01	1.646108913405101570e-01	-2.679377852681703032e-01
-5.177987323115986612e-02	6.538634917248407896e-02	-9.932442577405080353e-02	4.878972247578329535e-02	-6.437012651573177646e-02	7.467171364380284504e-02	-6.908423853060087494e-02	6.082678846875818474e-02	-5.753182371002717177e-02	4.945337521678229431e-02	-1.324232170643731832e-01	9.722968200333466371e-02	-1.063090744735104010e-01	6.668902533436193991e-02	-8.857303636796345914e-02	1.088126110627577192e-01	-9.704902946910273775e-02	1.225175614850268629e-01	-6.396405219047407442e-02	7.543911353643760476e-02	-1.384794935020747797e-01	1.048496290732059966e-01	-1.141022151544013735e-01	1.334762512629975584e-01	-1.636879721072405924e-01	2.066376672613488841e-01	-1.754544281356721358e-01	1.712053692820217354e-01	-1.322230169933309996e-01	1.160382662786651059e-01	-7.870869801837344637e-01	2.190834846772287681e-01	-2.084277843231967242e-01	1.177502245105043338e-01	-9.480247022712390281e-02	1.000000000000000444e+00	-4.343177350391591585e-01	1.847231051445362149e-01	-1.172134374422910130e-01	1.726244905451813083e-01
5.296691284885812756e-02	-6.781221192249607677e-02	1.004971262859951919e-01	-4.989227700386247161e-02	6.559147144818353037e-02	-7.735811372471608494e-02	7.038028448055125286e-02	-6.260305179495129213e-02	5.931908099429170078e-02	-5.118221739067569526e-02	1.305268279032271717e-01	-1.013313047587853372e-01	1.082184698989360344e-01	-7.009004506143996782e-02	9.241116557333099724e-02	-1.118510829087197567e-01	1.040040135742235500e-01	-1.370207693233473079e-01	6.742560705274246169e-02	-8.095015133887212277e-02	1.321567180316232104e-01	-1.178228545145899586e-01	1.275812824679944391e-01	-1.626534332717654574e-01	1.871831554829332944e-01	-2.072735567103779208e-01	1.969769637059815004e-01	-2.425975273531882359e-01	1.661720021824283355e-01	-1.548416768513599384e-01	2.732651204758014818e-01	-5.789236943924891410e-01	2.928155966061227189e-01	-1.716126729469354961e-01	1.326719695832546397e-01	-4.343177350391591585e-01	1.000000000000000444e+00	-3.866333933403885981e-01	1.962386574975009401e-01	-2.896346564458612827e-01
-6.409252511670732178e-02	8.120155093762186638e-02	-1.300687207790561795e-01	6.401837051426476077e-02	-8.512013405494162077e-02	9.052460615346547002e-02	-8.549659910183633749e-02	7.460515992876423641e-02	-7.590420516663271000e-02	6.507337280710789873e-02	-1.514464761712736585e-01	1.127507410525279419e-01	-1.300391680160556951e-01	8.513104668107347728e-02	-1.192984487777558195e-01	1.126618452457006786e-01	-1.105799368522759341e-01	1.411396515688748410e-01	-8.288338194303987438e-02	9.980535420192652996e-02	-1.375807091644012381e-01	1.192479199072710161e-01	-1.391642300373145680e-01	1.715193498051203469e-01	-2.604121804511862481e-01	1.668604971503912515e-01	-1.758139621519525519e-01	1.841929792268602872e-01	-1.991915985555053337e-01	1.696807103475854728e-01	-2.146600808182094478e-01	2.110192393277395273e-01	-2.759567905602727245e-01	1.923258810021103438e-01	-1.695220710713757351e-01	1.847231051445362149e-01	-3.866333933403885981e-01	1.000000000000000444e+00	-6.560337250757534155e-01	3.234169562029921008e-01
4.093442555244664743e-02	-5.205620434865804863e-02	8.245489668108318959e-02	-4.081359331660715239e-02	5.416628190375625401e-02	-5.811892103698249046e-02	5.462476857190072532e-02	-4.784895538611551313e-02	4.864428107098844878e-02	-4.177853645214273104e-02	9.638935889481814456e-02	-7.288513448784132709e-02	8.324161087022848016e-02	-5.519051889274559364e-02	7.698177676063924779e-02	-7.284429555143437374e-02	7.248512118105684965e-02	-9.395563991688243854e-02	5.389545888768500909e-02	-6.551285066851170180e-02	8.771633880509863146e-02	-7.934680522569044492e-02	9.290253515207030910e-02	-1.229957672651767753e-01	1.787388306742838107e-01	-1.086891511548479655e-01	1.113913596823965235e-01	-1.223739284898539836e-01	1.539113988433231384e-01	-1.442843783539582425e-01	1.301687183740651843e-01	-1.312599788772433052e-01	1.589446583177783756e-01	-2.143570897905756056e-01	1.646108913405101570e-01	-1.172134374422910130e-01	1.962386574975009401e-01	-6.560337250757534155e-01	1.000000000000000444e+00	-6.408824573283182779e-01
