1.000000000000000222e+00	-8.880498233784382967e-01	2.110533023299450694e-01	-1.258496082116121462e-01	9.137552571202697815e-02	-2.707219950395434727e-01	1.662764412372439160e-01	-2.018839771159380569e-01	1.006210107488439559e-01	-6.989795323517609960e-02	1.593913166543800830e-01	-1.161830476986125821e-01	1.066105467997754686e-01	-6.172642490130370724e-02	7.115185177949062689e-02	-1.378416837852833587e-01	9.093294489874165221e-02	-1.027023845374422373e-01	4.862945967317497398e-02	-5.888829230530173708e-02	7.382855422837565629e-02	-7.049829366370430339e-02	7.752283136355414550e-02	-5.494740896884743597e-02	5.550970442184749443e-02	-6.485505798129449773e-02	6.043022625065627706e-02	-5.778479877456169089e-02	2.880311528333604626e-02	-2.644555758247815400e-02	4.783112327755617565e-02	-4.941242947815253223e-02	4.064325570317581932e-02	-3.072585442809364770e-02	2.518701816288519343e-02	-5.462423768383583428e-02	3.874165240450047620e-02	-5.086835801425299008e-02	1.935499405306814052e-02	-1.998768819870186397e-02
-8.880498233784382967e-01	9.999999999999998890e-01	-2.962186518542910818e-01	1.283329211816021109e-01	-9.863590317631590332e-02	1.950625392215428189e-01	-1.719940026109262610e-01	1.856468466546796203e-01	-1.083051751429696674e-01	7.194882369976099423e-02	-1.557440488915267929e-01	1.087604544893571723e-01	-1.040101540195522978e-01	5.984975318321184012e-02	-7.091069645434167068e-02	1.210607241483479396e-01	-8.620712522506213116e-02	9.425932872953625419e-02	-4.756725005291932012e-02	5.688694780777787258e-02	-6.822998897411820807e-02	6.493176237805507733e-02	-7.265319130419463367e-02	5.218651190589236599e-02	-5.353336353496514211e-02	5.883555333828701522e-02	-5.593749848120114360e-02	5.303856721062936291e-02	-2.680704523405898557e-02	2.457487436413615528e-02	-4.358522214070197076e-02	4.463679440272005222e-02	-3.705050005372551719e-02	2.843063350074764156e-02	-2.343335635977605511e-02	4.903678869218475872e-02	-3.509869468361804384e-02	4.598566875610760746e-02	-1.771690182176032663e-02	1.822309972988536697e-02
2.110533023299450694e-01	-2.962186518542910818e-01	1.000000000000000222e+00	-4.837369058388145127e-01	2.131033082821467695e-01	-2.261011232279446226e-01	2.235248554149373290e-01	-6.281331104373818475e-01	2.483879908978566531e-01	-1.699342766931476734e-01	1.763124958098987727e-01	-1.826566570657918442e-01	1.846704178866374890e-01	-1.239974691267556606e-01	1.359161938919894730e-01	-2.045189688596888156e-01	1.407027894950255154e-01	-1.735685119615324179e-01	9.404606336577334136e-02	-1.133909278919141700e-01	1.121575021753117296e-01	-1.098563019986752154e-01	1.222571119227730679e-01	-9.897194335231961071e-02	9.877225317505849977e-02	-1.011077723033960568e-01	9.401288728915450921e-02	-9.161193776831923208e-02	4.794373948413789555e-02	-4.414280364886947333e-02	7.447077583725164596e-02	-7.758025237967117183e-02	6.409297788384794858e-02	-5.095110670878404135e-02	4.172569237913317797e-02	-8.583148114256405892e-02	6.068264770712617634e-02	-8.048557123119273737e-02	3.109144825004996407e-02	-3.212867998699418109e-02
-1.258496082116121462e-01	1.283329211816021109e-01	-4.837369058388145127e-01	1.000000000000000666e+00	-4.753128214672246998e-01	1.321968067324819918e-01	-1.395369847452820888e-01	2.557708668223238058e-01	-6.027521056913195396e-01	2.860353515833408133e-01	-1.181133944219928261e-01	1.100406790492382270e-01	-1.156514488115163719e-01	1.478288208500673218e-01	-1.718025820545123206e-01	1.330513190751670127e-01	-9.428064341017725059e-02	1.092013475723102311e-01	-1.139559093919472188e-01	1.296919176944018870e-01	-7.762650125448075644e-02	7.529003570276017465e-02	-9.049833384283204052e-02	9.893679549873450607e-02	-1.024887623275116677e-01	7.088477814867030768e-02	-6.770982352623992895e-02	6.677653727933952066e-02	-4.081359201468863496e-02	3.774690637799779647e-02	-5.299592155392672532e-02	5.506073116512186921e-02	-4.657278155236653505e-02	4.254192148234334225e-02	-3.541985962946387484e-02	6.054889404754208032e-02	-4.332734342633109970e-02	5.791172794633599186e-02	-2.405318469849015289e-02	2.465014966094714044e-02
9.137552571202697815e-02	-9.863590317631590332e-02	2.131033082821467695e-01	-4.753128214672246998e-01	1.000000000000000888e+00	-1.316487526982689504e-01	1.256982698379069119e-01	-2.333351633927873703e-01	3.236058800133287949e-01	-7.164583394115108250e-01	1.145882876820402962e-01	-1.078048230408239216e-01	1.082959981949164624e-01	-1.634496211595269088e-01	1.996111077421942048e-01	-1.464390821028225265e-01	9.560404114110543361e-02	-1.128677186721388226e-01	1.165937654525285583e-01	-1.758812723473152095e-01	8.255705589703173086e-02	-8.008232945982658724e-02	9.619633004811121990e-02	-1.161148936691060451e-01	1.119377843934032390e-01	-7.799867510213251420e-02	7.294131750346781462e-02	-7.329249874510573859e-02	4.605064366622237809e-02	-4.290620608185116008e-02	5.823612194875091991e-02	-6.133262417415294432e-02	5.156272938101322256e-02	-4.858631924542750752e-02	3.975984882970885065e-02	-6.800765674933767491e-02	4.813124662020268341e-02	-6.485074629117233702e-02	2.693894060964290016e-02	-2.778275596889484556e-02
-2.707219950395434727e-01	1.950625392215428189e-01	-2.261011232279446226e-01	1.321968067324819918e-01	-1.316487526982689504e-01	1.000000000000000666e+00	-5.294077230894286279e-01	2.332508195873813639e-01	-1.394725709885256126e-01	9.392926450967850616e-02	-6.260378041724126152e-01	2.439077706356233277e-01	-2.167793968639102897e-01	9.364007530331631968e-02	-1.154264405071363797e-01	2.591925063166060084e-01	-1.883213033810071380e-01	1.857595877088305258e-01	-7.748804157957515926e-02	9.081027557737750278e-02	-1.462658772825349562e-01	1.351839233701891962e-01	-1.488809990753480750e-01	9.060784526367261782e-02	-9.478118192626981686e-02	1.184969177281219171e-01	-1.149282623105380430e-01	1.057505933220364569e-01	-5.044730317003971731e-02	4.589320370980980168e-02	-8.773348791685144088e-02	8.801678077552851920e-02	-7.329716600977563556e-02	5.336921969802652099e-02	-4.415803286845296216e-02	9.566719218221272913e-02	-6.941307384724342000e-02	8.976610389671341173e-02	-3.413742035483151305e-02	3.494653077048581746e-02
1.662764412372439160e-01	-1.719940026109262610e-01	2.235248554149373290e-01	-1.395369847452820888e-01	1.256982698379069119e-01	-5.294077230894286279e-01	9.999999999999998890e-01	-4.044884632264130198e-01	1.393358840910089158e-01	-9.506868908136574536e-02	2.804210552209184248e-01	-5.304786160773777848e-01	2.745678744233494006e-01	-9.961821917191721054e-02	1.128711060869756061e-01	-2.748083081023584007e-01	2.110892190792686696e-01	-2.463284837045471576e-01	8.063714738719626740e-02	-9.345720542858401703e-02	1.506389247405759413e-01	-1.534076588267394292e-01	1.563644712149928062e-01	-9.514197812258751163e-02	9.573275814614012891e-02	-1.291969045031704233e-01	1.206636153649063292e-01	-1.152341814356042382e-01	5.344027142794479518e-02	-4.865303021007092582e-02	9.345105893046389001e-02	-9.613043473533598726e-02	7.902499188484622683e-02	-5.697453591735060496e-02	4.638675107017634081e-02	-1.052108112424581382e-01	7.478880475248271542e-02	-9.857559555004191676e-02	3.636956002761283779e-02	-3.757123455738624329e-02
-2.018839771159380569e-01	1.856468466546796203e-01	-6.281331104373818475e-01	2.557708668223238058e-01	-2.333351633927873703e-01	2.332508195873813639e-01	-4.044884632264130198e-01	1.000000000000000000e+00	-2.906429742654587089e-01	1.655702194172184449e-01	-2.135056709514756845e-01	2.408793833316062727e-01	-3.262413520807218581e-01	1.269431942419523840e-01	-1.517735513259350910e-01	2.031093155445743426e-01	-1.783222442944011610e-01	2.030817672277946961e-01	-1.022309238498665396e-01	1.165245336492426870e-01	-1.263301832927858914e-01	1.241167673255008375e-01	-1.420138344956587695e-01	1.042803994557386510e-01	-1.088005245815701350e-01	1.073229596447455997e-01	-1.051318538013458204e-01	9.969862389507244682e-02	-5.133794238932082310e-02	4.689747944343670288e-02	-7.948309175081591516e-02	8.079559128635961651e-02	-6.814758017491671926e-02	5.388299080023589704e-02	-4.464835952569166933e-02	8.777273831291225459e-02	-6.353051688458137558e-02	8.366544560624319948e-02	-3.271568210043600267e-02	3.348705769048143654e-02
1.006210107488439559e-01	-1.083051751429696674e-01	2.483879908978566531e-01	-6.027521056913195396e-01	3.236058800133287949e-01	-1.394725709885256126e-01	1.393358840910089158e-01	-2.906429742654587089e-01	1.000000000000001554e+00	-5.471121748279400565e-01	1.211139460193563222e-01	-1.175713219070043530e-01	1.204787278767010805e-01	-2.352348440786297679e-01	1.997937303816785248e-01	-1.491856627385399203e-01	1.015264828324986407e-01	-1.207842179935719046e-01	1.464205660649470220e-01	-1.688928240984957363e-01	8.565245850750681511e-02	-8.353204712921465103e-02	1.010340583372867918e-01	-1.247512544203142754e-01	1.220442429032807391e-01	-7.986696459834689843e-02	7.555740916988687439e-02	-7.570074736545656657e-02	4.816887019371263873e-02	-4.457651555318962316e-02	5.958187179470909867e-02	-6.241095800873075472e-02	5.279326409912697693e-02	-5.020532493384938233e-02	4.144490834320660455e-02	-6.880687984372479971e-02	4.898104429784061464e-02	-6.598360914341513950e-02	2.763166933643553674e-02	-2.838584318050972610e-02
-6.989795323517609960e-02	7.194882369976099423e-02	-1.699342766931476734e-01	2.860353515833408133e-01	-7.164583394115108250e-01	9.392926450967850616e-02	-9.506868908136574536e-02	1.655702194172184449e-01	-5.471121748279400565e-01	9.999999999999995559e-01	-8.599724155899877986e-02	7.943260712714292349e-02	-8.216704932828652885e-02	1.548089114290571999e-01	-2.613557869988133442e-01	1.049746201209347946e-01	-7.210106027535113926e-02	8.334895187151619700e-02	-1.147536013028166296e-01	1.627659225009047694e-01	-6.206081662962286555e-02	6.026913712176245469e-02	-7.536859724983697995e-02	1.017553846157736447e-01	-1.025393810410721446e-01	5.848167900912771416e-02	-5.586768405777869928e-02	5.638331436119462664e-02	-3.808103534770342080e-02	3.546480207884686320e-02	-4.391492364045108954e-02	4.602927716000704966e-02	-3.932608845859485863e-02	3.963661742983557584e-02	-3.282503456884151849e-02	5.065935053839924068e-02	-3.621491519942988957e-02	4.902076493148765923e-02	-2.117368573006061377e-02	2.170333513080785481e-02
1.593913166543800830e-01	-1.557440488915267929e-01	1.763124958098987727e-01	-1.181133944219928261e-01	1.145882876820402962e-01	-6.260378041724126152e-01	2.804210552209184248e-01	-2.135056709514756845e-01	1.211139460193563222e-01	-8.599724155899877986e-02	1.000000000000001332e+00	-2.742989378165298087e-01	2.057348315751233170e-01	-1.016763163989263946e-01	1.189277006857098473e-01	-5.255311463084831880e-01	2.159391950969873353e-01	-2.320048180435403118e-01	8.387844490113724460e-02	-9.985257146507270365e-02	2.012815431073153027e-01	-1.828159147113774252e-01	1.847701417406462654e-01	-1.067806833118008364e-01	1.074982900332984992e-01	-1.719917188912523376e-01	1.514749914036225553e-01	-1.434318693513698673e-01	6.502946770029507939e-02	-5.941661536564723373e-02	1.239696314105921543e-01	-1.282597415815781572e-01	1.025093757479764167e-01	-7.013176235066632958e-02	5.697334295756026346e-02	-1.426068455170064198e-01	9.980083446924527257e-02	-1.295997755925327177e-01	4.690585635740446291e-02	-4.872387187130607089e-02
-1.161830476986125821e-01	1.087604544893571723e-01	-1.826566570657918442e-01	1.100406790492382270e-01	-1.078048230408239216e-01	2.439077706356233277e-01	-5.304786160773777848e-01	2.408793833316062727e-01	-1.175713219070043530e-01	7.943260712714292349e-02	-2.742989378165298087e-01	9.999999999999998890e-01	-6.208419644670210014e-01	9.178158462019529729e-02	-1.034986957801355134e-01	2.263716030757319253e-01	-3.328235311154057463e-01	2.866602437609840348e-01	-7.697256117734817271e-02	8.369635711481206164e-02	-1.608467470606352034e-01	1.685272920151662246e-01	-1.727110230159921433e-01	8.944744977452090406e-02	-9.165441886396971660e-02	1.236862111426431932e-01	-1.252404025459537551e-01	1.148648722839596403e-01	-5.102905875595085267e-02	4.575021018210270046e-02	-8.908902100113987033e-02	8.859580196743352398e-02	-7.509515267965946594e-02	5.349762830284526122e-02	-4.374061816381961953e-02	9.411494045947695064e-02	-6.899233960600077709e-02	9.076029503621307892e-02	-3.349357913787873176e-02	3.424713260799955306e-02
1.066105467997754686e-01	-1.040101540195522978e-01	1.846704178866374890e-01	-1.156514488115163719e-01	1.082959981949164624e-01	-2.167793968639102897e-01	2.745678744233494006e-01	-3.262413520807218581e-01	1.204787278767010805e-01	-8.216704932828652885e-02	2.057348315751233170e-01	-6.208419644670210014e-01	9.999999999999971134e-01	-1.060491792459493238e-01	1.068808356445963698e-01	-2.348982867944339470e-01	2.677260847750187467e-01	-5.479604874572550077e-01	8.538525726319981524e-02	-8.890358005684814713e-02	1.540075413180073127e-01	-1.690082007077534088e-01	1.759384695813016042e-01	-9.560158818480762877e-02	9.516963153666875563e-02	-1.276385737310715973e-01	1.245320972207440285e-01	-1.211415314456398273e-01	5.336293046165731246e-02	-4.795624000815712495e-02	9.094530647109265453e-02	-9.256213679157727914e-02	7.804937406021521251e-02	-5.620879266589484669e-02	4.550647609397536625e-02	-9.889881832123974259e-02	7.148800127215973466e-02	-9.584321673409357256e-02	3.486356054766348578e-02	-3.585196528707055436e-02
-6.172642490130370724e-02	5.984975318321184012e-02	-1.239974691267556606e-01	1.478288208500673218e-01	-1.634496211595269088e-01	9.364007530331631968e-02	-9.961821917191721054e-02	1.269431942419523840e-01	-2.352348440786297679e-01	1.548089114290571999e-01	-1.016763163989263946e-01	9.178158462019529729e-02	-1.060491792459493238e-01	9.999999999999981126e-01	-4.016195252361692281e-01	1.214217680256717558e-01	-9.720314211602160137e-02	1.097282826543894418e-01	-7.516406478562660531e-01	2.817414712559170864e-01	-8.599079153983399393e-02	8.472166718538931551e-02	-1.283437071266959328e-01	2.594099542359357136e-01	-2.944199400739544448e-01	8.194239371960911067e-02	-8.489522776373462087e-02	8.863242214380966100e-02	-8.057511064141326118e-02	7.268673593941006594e-02	-6.276976919738998240e-02	6.496989917624541866e-02	-5.945198019436647580e-02	7.708750225974490833e-02	-6.779667418649633348e-02	6.925826451308515763e-02	-5.140669892505438099e-02	7.147149127916491151e-02	-3.619957002803403379e-02	3.614066695227564213e-02
7.115185177949062689e-02	-7.091069645434167068e-02	1.359161938919894730e-01	-1.718025820545123206e-01	1.996111077421942048e-01	-1.154264405071363797e-01	1.128711060869756061e-01	-1.517735513259350910e-01	1.997937303816785248e-01	-2.613557869988133442e-01	1.189277006857098473e-01	-1.034986957801355134e-01	1.068808356445963698e-01	-4.016195252361692281e-01	1.000000000000000444e+00	-1.589597390355941275e-01	1.090727449653290659e-01	-1.223531550000598184e-01	2.714920129031284102e-01	-7.183858559317646275e-01	1.024328644416893919e-01	-1.001986022234980789e-01	1.391570936470662434e-01	-2.786728063765246954e-01	2.595374493124294468e-01	-1.030604872828699559e-01	9.992333643676401533e-02	-1.063093790518619686e-01	8.773461181465706804e-02	-8.289138281912111772e-02	7.825334797610489224e-02	-8.325315532489549475e-02	7.337417675685257989e-02	-9.156029998903497669e-02	7.418160655916063162e-02	-9.114288957164640159e-02	6.547011527420452948e-02	-9.149925144195281135e-02	4.310915088837934811e-02	-4.421675478251713837e-02
-1.378416837852833587e-01	1.210607241483479396e-01	-2.045189688596888156e-01	1.330513190751670127e-01	-1.464390821028225265e-01	2.591925063166060084e-01	-2.748083081023584007e-01	2.031093155445743426e-01	-1.491856627385399203e-01	1.049746201209347946e-01	-5.255311463084831880e-01	2.263716030757319253e-01	-2.348982867944339470e-01	1.214217680256717558e-01	-1.589597390355941275e-01	9.999999999999972244e-01	-3.640279472030297780e-01	2.509897781794630522e-01	-1.053263540567074691e-01	1.229327717328276837e-01	-4.482519117643046225e-01	2.701443619929047579e-01	-2.808922029233134054e-01	1.357521560280653405e-01	-1.464783145867173952e-01	2.263602026388121524e-01	-2.276785450283381473e-01	1.880721025104806210e-01	-8.345006491423495598e-02	7.439277750290830549e-02	-1.706996738864815788e-01	1.523619937245587752e-01	-1.288690835064181806e-01	8.674120946969850199e-02	-7.278536904620257209e-02	1.574720285387533614e-01	-1.225536734749227558e-01	1.487148503892005702e-01	-5.690131442517039340e-02	5.698124352835699097e-02
9.093294489874165221e-02	-8.620712522506213116e-02	1.407027894950255154e-01	-9.428064341017725059e-02	9.560404114110543361e-02	-1.883213033810071380e-01	2.110892190792686696e-01	-1.783222442944011610e-01	1.015264828324986407e-01	-7.210106027535113926e-02	2.159391950969873353e-01	-3.328235311154057463e-01	2.677260847750187467e-01	-9.720314211602160137e-02	1.090727449653290659e-01	-3.640279472030297780e-01	9.999999999999990008e-01	-5.762438882902388704e-01	8.464925864169768610e-02	-9.242216527305836815e-02	2.669888432964502845e-01	-4.947154418625520078e-01	2.547665715761432970e-01	-1.121405869970353159e-01	1.094960568380025784e-01	-2.014694694789140317e-01	1.933926674546796176e-01	-1.824348092003422184e-01	7.063253155999743571e-02	-6.253100300367740727e-02	1.328510645905605358e-01	-1.326306954781709957e-01	1.107974666630539007e-01	-7.434582262018697707e-02	5.914949884141768033e-02	-1.372609371683835566e-01	1.000914750417073174e-01	-1.346735424619147081e-01	4.631980675437613604e-02	-4.757338468712482560e-02
-1.027023845374422373e-01	9.425932872953625419e-02	-1.735685119615324179e-01	1.092013475723102311e-01	-1.128677186721388226e-01	1.857595877088305258e-01	-2.463284837045471576e-01	2.030817672277946961e-01	-1.207842179935719046e-01	8.334895187151619700e-02	-2.320048180435403118e-01	2.866602437609840348e-01	-5.479604874572550077e-01	1.097282826543894418e-01	-1.223531550000598184e-01	2.509897781794630522e-01	-5.762438882902388704e-01	1.000000000000000666e+00	-1.009346701467927210e-01	1.005929961554533625e-01	-2.262913860950263867e-01	2.452538433393119666e-01	-3.087559740116327944e-01	1.181807459065013777e-01	-1.193991311600481331e-01	1.655829236944713900e-01	-1.807544051293016318e-01	1.680203712059862575e-01	-6.904633132382696770e-02	6.063919904821402085e-02	-1.182633766653493207e-01	1.155420606605012945e-01	-1.019669688142370023e-01	7.113868191661565366e-02	-5.780555332850239453e-02	1.191724920127670700e-01	-8.953688781965030152e-02	1.197296794745233706e-01	-4.339122921387908449e-02	4.407729824940758573e-02
4.862945967317497398e-02	-4.756725005291932012e-02	9.404606336577334136e-02	-1.139559093919472188e-01	1.165937654525285583e-01	-7.748804157957515926e-02	8.063714738719626740e-02	-1.022309238498665396e-01	1.464205660649470220e-01	-1.147536013028166296e-01	8.387844490113724460e-02	-7.697256117734817271e-02	8.538525726319981524e-02	-7.516406478562660531e-01	2.714920129031284102e-01	-1.053263540567074691e-01	8.464925864169768610e-02	-1.009346701467927210e-01	9.999999999999976685e-01	-3.778569706438592024e-01	7.563518604274374613e-02	-7.666202382291852080e-02	1.187562784512784519e-01	-4.127288142863693721e-01	2.679339896543811994e-01	-7.402021847418864542e-02	7.635780763845524677e-02	-8.375613751048782696e-02	8.261131930769309573e-02	-7.267344266415094733e-02	5.602010874736104706e-02	-5.867022050748258583e-02	5.427598532049091040e-02	-7.880105021610754601e-02	6.450969136477881227e-02	-6.213152491451892634e-02	4.598916267896214355e-02	-6.548091725447056921e-02	3.302296537084616762e-02	-3.319319052098022860e-02
-5.888829230530173708e-02	5.688694780777787258e-02	-1.133909278919141700e-01	1.296919176944018870e-01	-1.758812723473152095e-01	9.081027557737750278e-02	-9.345720542858401703e-02	1.165245336492426870e-01	-1.688928240984957363e-01	1.627659225009047694e-01	-9.985257146507270365e-02	8.369635711481206164e-02	-8.890358005684814713e-02	2.817414712559170864e-01	-7.183858559317646275e-01	1.229327717328276837e-01	-9.242216527305836815e-02	1.005929961554533625e-01	-3.778569706438592024e-01	9.999999999999947820e-01	-8.613386736268832666e-02	8.431808898158618670e-02	-1.266662539644637930e-01	2.671060336704046412e-01	-4.269383182435554924e-01	8.444255993666156812e-02	-8.633404349905506037e-02	9.120347214962604143e-02	-8.476437300958673815e-02	8.104425852087135396e-02	-6.492253721875496097e-02	6.779853548090403192e-02	-6.187309611647253543e-02	8.365715722529941389e-02	-7.388049474118826843e-02	7.271783602071980879e-02	-5.367515928612803106e-02	7.506122988692857934e-02	-3.871636623461166549e-02	3.884380975700418848e-02
7.382855422837565629e-02	-6.822998897411820807e-02	1.121575021753117296e-01	-7.762650125448075644e-02	8.255705589703173086e-02	-1.462658772825349562e-01	1.506389247405759413e-01	-1.263301832927858914e-01	8.565245850750681511e-02	-6.206081662962286555e-02	2.012815431073153027e-01	-1.608467470606352034e-01	1.540075413180073127e-01	-8.599079153983399393e-02	1.024328644416893919e-01	-4.482519117643046225e-01	2.669888432964502845e-01	-2.262913860950263867e-01	7.563518604274374613e-02	-8.613386736268832666e-02	1.000000000000000000e+00	-5.979928294038432401e-01	2.662448569245432495e-01	-1.109388116557263465e-01	1.093917302796628410e-01	-4.448492640842950374e-01	2.556869795961815850e-01	-2.205911960536794392e-01	7.916505087090909554e-02	-6.941551110017570025e-02	2.033979743523301742e-01	-1.880696055053132920e-01	1.398932081924979809e-01	-8.349737031056504721e-02	6.596147085425088652e-02	-1.855381344918445030e-01	1.339069893404101208e-01	-1.685576350086473996e-01	5.413509108453994773e-02	-5.548539638021261072e-02
-7.049829366370430339e-02	6.493176237805507733e-02	-1.098563019986752154e-01	7.529003570276017465e-02	-8.008232945982658724e-02	1.351839233701891962e-01	-1.534076588267394292e-01	1.241167673255008375e-01	-8.353204712921465103e-02	6.026913712176245469e-02	-1.828159147113774252e-01	1.685272920151662246e-01	-1.690082007077534088e-01	8.472166718538931551e-02	-1.001986022234980789e-01	2.701443619929047579e-01	-4.947154418625520078e-01	2.452538433393119666e-01	-7.666202382291852080e-02	8.431808898158618670e-02	-5.979928294038432401e-01	9.999999999999972244e-01	-4.099753406468634731e-01	1.146301159078196574e-01	-1.123802162843153818e-01	2.499923452021923509e-01	-3.082432086745965916e-01	2.264437660968660060e-01	-7.793156099109944945e-02	6.662297988531165616e-02	-1.593215744498011899e-01	1.460825641783896067e-01	-1.263414820491321755e-01	7.960585553872406850e-02	-6.297360171400701034e-02	1.433760822589322248e-01	-1.090317017821032519e-01	1.447132753559680074e-01	-4.842471262167549750e-02	4.916917918687127576e-02
7.752283136355414550e-02	-7.265319130419463367e-02	1.222571119227730679e-01	-9.049833384283204052e-02	9.619633004811121990e-02	-1.488809990753480750e-01	1.563644712149928062e-01	-1.420138344956587695e-01	1.010340583372867918e-01	-7.536859724983697995e-02	1.847701417406462654e-01	-1.727110230159921433e-01	1.759384695813016042e-01	-1.283437071266959328e-01	1.391570936470662434e-01	-2.808922029233134054e-01	2.547665715761432970e-01	-3.087559740116327944e-01	1.187562784512784519e-01	-1.266662539644637930e-01	2.662448569245432495e-01	-4.099753406468634731e-01	9.999999999999980016e-01	-2.345308066732345875e-01	1.795645645116106803e-01	-2.948473129478930699e-01	3.024519358684695236e-01	-5.495376386144144032e-01	1.384171974638767899e-01	-1.173278378121713622e-01	1.952677972424571029e-01	-2.141905723189548028e-01	2.066322682540555900e-01	-1.422051999506942777e-01	1.050689972632604247e-01	-2.118806103897950543e-01	1.558970017603353853e-01	-2.522058892253797868e-01	7.771565258804322140e-02	-8.053830417040799827e-02
-5.494740896884743597e-02	5.218651190589236599e-02	-9.897194335231961071e-02	9.893679549873450607e-02	-1.161148936691060451e-01	9.060784526367261782e-02	-9.514197812258751163e-02	1.042803994557386510e-01	-1.247512544203142754e-01	1.017553846157736447e-01	-1.067806833118008364e-01	8.944744977452090406e-02	-9.560158818480762877e-02	2.594099542359357136e-01	-2.786728063765246954e-01	1.357521560280653405e-01	-1.121405869970353159e-01	1.181807459065013777e-01	-4.127288142863693721e-01	2.671060336704046412e-01	-1.109388116557263465e-01	1.146301159078196574e-01	-2.345308066732345875e-01	1.000000000000000222e+00	-7.319907489264140255e-01	1.108472616198964839e-01	-1.222943307296021354e-01	1.400966093051695949e-01	-1.897648694619123999e-01	1.413246020317326657e-01	-8.452057334889824525e-02	8.819321023994211584e-02	-8.673663984395522941e-02	1.477708888913619734e-01	-1.262359698982856160e-01	9.086039748930628546e-02	-6.902268349943292691e-02	1.011824492307828727e-01	-5.617881211995905816e-02	5.549739277589648551e-02
5.550970442184749443e-02	-5.353336353496514211e-02	9.877225317505849977e-02	-1.024887623275116677e-01	1.119377843934032390e-01	-9.478118192626981686e-02	9.573275814614012891e-02	-1.088005245815701350e-01	1.220442429032807391e-01	-1.025393810410721446e-01	1.074982900332984992e-01	-9.165441886396971660e-02	9.516963153666875563e-02	-2.944199400739544448e-01	2.595374493124294468e-01	-1.464783145867173952e-01	1.094960568380025784e-01	-1.193991311600481331e-01	2.679339896543811994e-01	-4.269383182435554924e-01	1.093917302796628410e-01	-1.123802162843153818e-01	1.795645645116106803e-01	-7.319907489264140255e-01	9.999999999999983347e-01	-1.159438805590580351e-01	1.179478470346317642e-01	-1.382310254594391885e-01	1.561654602190759022e-01	-1.646009533601137664e-01	8.738713592757331450e-02	-9.392587217009414069e-02	8.861491686202205287e-02	-1.557900790923019974e-01	1.268882344997020739e-01	-9.900285474599150592e-02	7.290420056677683613e-02	-1.084236933389153834e-01	5.832143396924288625e-02	-5.949502400849995820e-02
-6.485505798129449773e-02	5.883555333828701522e-02	-1.011077723033960568e-01	7.088477814867030768e-02	-7.799867510213251420e-02	1.184969177281219171e-01	-1.291969045031704233e-01	1.073229596447455997e-01	-7.986696459834689843e-02	5.848167900912771416e-02	-1.719917188912523376e-01	1.236862111426431932e-01	-1.276385737310715973e-01	8.194239371960911067e-02	-1.030604872828699559e-01	2.263602026388121524e-01	-2.014694694789140317e-01	1.655829236944713900e-01	-7.402021847418864542e-02	8.444255993666156812e-02	-4.448492640842950374e-01	2.499923452021923509e-01	-2.948473129478930699e-01	1.108472616198964839e-01	-1.159438805590580351e-01	9.999999999999998890e-01	-5.003023010827158945e-01	2.519410843427937752e-01	-8.799311236835045957e-02	7.431657216943837740e-02	-5.164794256666725980e-01	2.502850794489649422e-01	-1.791269630232006083e-01	8.943418280124963704e-02	-7.259784482851053267e-02	2.199324851833471539e-01	-1.846360433997742689e-01	1.857381103019942192e-01	-6.011853653858789670e-02	5.957722677470057848e-02
6.043022625065627706e-02	-5.593749848120114360e-02	9.401288728915450921e-02	-6.770982352623992895e-02	7.294131750346781462e-02	-1.149282623105380430e-01	1.206636153649063292e-01	-1.051318538013458204e-01	7.555740916988687439e-02	-5.586768405777869928e-02	1.514749914036225553e-01	-1.252404025459537551e-01	1.245320972207440285e-01	-8.489522776373462087e-02	9.992333643676401533e-02	-2.276785450283381473e-01	1.933926674546796176e-01	-1.807544051293016318e-01	7.635780763845524677e-02	-8.633404349905506037e-02	2.556869795961815850e-01	-3.082432086745965916e-01	3.024519358684695236e-01	-1.222943307296021354e-01	1.179478470346317642e-01	-5.003023010827158945e-01	9.999999999999976685e-01	-6.090065726517071010e-01	1.214179853877516979e-01	-9.980739319627883466e-02	2.345389787773950740e-01	-2.419172206055603125e-01	2.105925719046501388e-01	-1.236361705676326667e-01	8.993243179052046177e-02	-2.137208120400855005e-01	1.623110543171622233e-01	-2.392667039816556152e-01	6.924132150974349198e-02	-7.073500224549833515e-02
-5.778479877456169089e-02	5.303856721062936291e-02	-9.161193776831923208e-02	6.677653727933952066e-02	-7.329249874510573859e-02	1.057505933220364569e-01	-1.152341814356042382e-01	9.969862389507244682e-02	-7.570074736545656657e-02	5.638331436119462664e-02	-1.434318693513698673e-01	1.148648722839596403e-01	-1.211415314456398273e-01	8.863242214380966100e-02	-1.063093790518619686e-01	1.880721025104806210e-01	-1.824348092003422184e-01	1.680203712059862575e-01	-8.375613751048782696e-02	9.120347214962604143e-02	-2.205911960536794392e-01	2.264437660968660060e-01	-5.495376386144144032e-01	1.400966093051695949e-01	-1.382310254594391885e-01	2.519410843427937752e-01	-6.090065726517071010e-01	9.999999999999963363e-01	-1.810500482117454735e-01	1.182573154485550282e-01	-1.907854297317022330e-01	1.927205918732472767e-01	-3.170373860515766640e-01	1.453363736162308351e-01	-1.080766243022345530e-01	1.657396246626103020e-01	-1.439421343325831826e-01	2.370884945622598883e-01	-7.324407841841240607e-02	7.213528820642170492e-02
2.880311528333604626e-02	-2.680704523405898557e-02	4.794373948413789555e-02	-4.081359201468863496e-02	4.605064366622237809e-02	-5.044730317003971731e-02	5.344027142794479518e-02	-5.133794238932082310e-02	4.816887019371263873e-02	-3.808103534770342080e-02	6.502946770029507939e-02	-5.102905875595085267e-02	5.336293046165731246e-02	-8.057511064141326118e-02	8.773461181465706804e-02	-8.345006491423495598e-02	7.063253155999743571e-02	-6.904633132382696770e-02	8.261131930769309573e-02	-8.476437300958673815e-02	7.916505087090909554e-02	-7.793156099109944945e-02	1.384171974638767899e-01	-1.897648694619123999e-01	1.561654602190759022e-01	-8.799311236835045957e-02	1.214179853877516979e-01	-1.810500482117454735e-01	9.999999999999993339e-01	-5.574384023842585689e-01	7.154554871510693248e-02	-7.714438553000352305e-02	9.930941837128597072e-02	-7.061382965063981443e-01	3.176184550369832715e-01	-7.076638487130373911e-02	5.960827365766409314e-02	-1.033252605843854449e-01	8.996984038434527320e-02	-8.909055329629987641e-02
-2.644555758247815400e-02	2.457487436413615528e-02	-4.414280364886947333e-02	3.774690637799779647e-02	-4.290620608185116008e-02	4.589320370980980168e-02	-4.865303021007092582e-02	4.689747944343670288e-02	-4.457651555318962316e-02	3.546480207884686320e-02	-5.941661536564723373e-02	4.575021018210270046e-02	-4.795624000815712495e-02	7.268673593941006594e-02	-8.289138281912111772e-02	7.439277750290830549e-02	-6.253100300367740727e-02	6.063919904821402085e-02	-7.267344266415094733e-02	8.104425852087135396e-02	-6.941551110017570025e-02	6.662297988531165616e-02	-1.173278378121713622e-01	1.413246020317326657e-01	-1.646009533601137664e-01	7.431657216943837740e-02	-9.980739319627883466e-02	1.182573154485550282e-01	-5.574384023842585689e-01	9.999999999999982236e-01	-6.243368061647520256e-02	6.561432026341493251e-02	-8.165945662471520150e-02	3.254880320700470064e-01	-7.199011891272779629e-01	6.190841020294725328e-02	-5.250108112933149496e-02	8.721075749727241755e-02	-1.287132451351277740e-01	1.201581106867602722e-01
4.783112327755617565e-02	-4.358522214070197076e-02	7.447077583725164596e-02	-5.299592155392672532e-02	5.823612194875091991e-02	-8.773348791685144088e-02	9.345105893046389001e-02	-7.948309175081591516e-02	5.958187179470909867e-02	-4.391492364045108954e-02	1.239696314105921543e-01	-8.908902100113987033e-02	9.094530647109265453e-02	-6.276976919738998240e-02	7.825334797610489224e-02	-1.706996738864815788e-01	1.328510645905605358e-01	-1.182633766653493207e-01	5.602010874736104706e-02	-6.492253721875496097e-02	2.033979743523301742e-01	-1.593215744498011899e-01	1.952677972424571029e-01	-8.452057334889824525e-02	8.738713592757331450e-02	-5.164794256666725980e-01	2.345389787773950740e-01	-1.907854297317022330e-01	7.154554871510693248e-02	-6.243368061647520256e-02	9.999999999999960032e-01	-5.933835987866162842e-01	2.106582669927596629e-01	-7.701878044135664070e-02	6.217344397544115331e-02	-4.210269691055625318e-01	2.768815931199631319e-01	-2.382962643962827920e-01	6.154650044353988936e-02	-6.228432901578095926e-02
-4.941242947815253223e-02	4.463679440272005222e-02	-7.758025237967117183e-02	5.506073116512186921e-02	-6.133262417415294432e-02	8.801678077552851920e-02	-9.613043473533598726e-02	8.079559128635961651e-02	-6.241095800873075472e-02	4.602927716000704966e-02	-1.282597415815781572e-01	8.859580196743352398e-02	-9.256213679157727914e-02	6.496989917624541866e-02	-8.325315532489549475e-02	1.523619937245587752e-01	-1.326306954781709957e-01	1.155420606605012945e-01	-5.867022050748258583e-02	6.779853548090403192e-02	-1.880696055053132920e-01	1.460825641783896067e-01	-2.141905723189548028e-01	8.819321023994211584e-02	-9.392587217009414069e-02	2.502850794489649422e-01	-2.419172206055603125e-01	1.927205918732472767e-01	-7.714438553000352305e-02	6.561432026341493251e-02	-5.933835987866162842e-01	9.999999999999971134e-01	-3.784631889391413817e-01	8.198852138272967605e-02	-6.775286154786698545e-02	3.058989540909736737e-01	-5.002570918118020016e-01	2.649047165298641371e-01	-6.866804146763513805e-02	6.651966333581857405e-02
4.064325570317581932e-02	-3.705050005372551719e-02	6.409297788384794858e-02	-4.657278155236653505e-02	5.156272938101322256e-02	-7.329716600977563556e-02	7.902499188484622683e-02	-6.814758017491671926e-02	5.279326409912697693e-02	-3.932608845859485863e-02	1.025093757479764167e-01	-7.509515267965946594e-02	7.804937406021521251e-02	-5.945198019436647580e-02	7.337417675685257989e-02	-1.288690835064181806e-01	1.107974666630539007e-01	-1.019669688142370023e-01	5.427598532049091040e-02	-6.187309611647253543e-02	1.398932081924979809e-01	-1.263414820491321755e-01	2.066322682540555900e-01	-8.673663984395522941e-02	8.861491686202205287e-02	-1.791269630232006083e-01	2.105925719046501388e-01	-3.170373860515766640e-01	9.930941837128597072e-02	-8.165945662471520150e-02	2.106582669927596629e-01	-3.784631889391413817e-01	9.999999999999967804e-01	-1.159229567638962316e-01	8.580959755630142294e-02	-1.950238009108916093e-01	2.090517787038021769e-01	-7.852237446307632762e-01	1.022548629648538099e-01	-1.027544709049710014e-01
-3.072585442809364770e-02	2.843063350074764156e-02	-5.095110670878404135e-02	4.254192148234334225e-02	-4.858631924542750752e-02	5.336921969802652099e-02	-5.697453591735060496e-02	5.388299080023589704e-02	-5.020532493384938233e-02	3.963661742983557584e-02	-7.013176235066632958e-02	5.349762830284526122e-02	-5.620879266589484669e-02	7.708750225974490833e-02	-9.156029998903497669e-02	8.674120946969850199e-02	-7.434582262018697707e-02	7.113868191661565366e-02	-7.880105021610754601e-02	8.365715722529941389e-02	-8.349737031056504721e-02	7.960585553872406850e-02	-1.422051999506942777e-01	1.477708888913619734e-01	-1.557900790923019974e-01	8.943418280124963704e-02	-1.236361705676326667e-01	1.453363736162308351e-01	-7.061382965063981443e-01	3.254880320700470064e-01	-7.701878044135664070e-02	8.198852138272967605e-02	-1.159229567638962316e-01	9.999999999999971134e-01	-5.559956593403477809e-01	7.457633325147049186e-02	-6.504141810994348849e-02	1.116140725009705514e-01	-1.313081377456782328e-01	1.192471157661064152e-01
2.518701816288519343e-02	-2.343335635977605511e-02	4.172569237913317797e-02	-3.541985962946387484e-02	3.975984882970885065e-02	-4.415803286845296216e-02	4.638675107017634081e-02	-4.464835952569166933e-02	4.144490834320660455e-02	-3.282503456884151849e-02	5.697334295756026346e-02	-4.374061816381961953e-02	4.550647609397536625e-02	-6.779667418649633348e-02	7.418160655916063162e-02	-7.278536904620257209e-02	5.914949884141768033e-02	-5.780555332850239453e-02	6.450969136477881227e-02	-7.388049474118826843e-02	6.596147085425088652e-02	-6.297360171400701034e-02	1.050689972632604247e-01	-1.262359698982856160e-01	1.268882344997020739e-01	-7.259784482851053267e-02	8.993243179052046177e-02	-1.080766243022345530e-01	3.176184550369832715e-01	-7.199011891272779629e-01	6.217344397544115331e-02	-6.775286154786698545e-02	8.580959755630142294e-02	-5.559956593403477809e-01	9.999999999999971134e-01	-6.355376220077718630e-02	5.384812414389569118e-02	-9.576829864704747286e-02	1.492457477156890477e-01	-1.820221734131839686e-01
-5.462423768383583428e-02	4.903678869218475872e-02	-8.583148114256405892e-02	6.054889404754208032e-02	-6.800765674933767491e-02	9.566719218221272913e-02	-1.052108112424581382e-01	8.777273831291225459e-02	-6.880687984372479971e-02	5.065935053839924068e-02	-1.426068455170064198e-01	9.411494045947695064e-02	-9.889881832123974259e-02	6.925826451308515763e-02	-9.114288957164640159e-02	1.574720285387533614e-01	-1.372609371683835566e-01	1.191724920127670700e-01	-6.213152491451892634e-02	7.271783602071980879e-02	-1.855381344918445030e-01	1.433760822589322248e-01	-2.118806103897950543e-01	9.086039748930628546e-02	-9.900285474599150592e-02	2.199324851833471539e-01	-2.137208120400855005e-01	1.657396246626103020e-01	-7.076638487130373911e-02	6.190841020294725328e-02	-4.210269691055625318e-01	3.058989540909736737e-01	-1.950238009108916093e-01	7.457633325147049186e-02	-6.355376220077718630e-02	9.999999999999970024e-01	-7.461297236119686094e-01	2.046788436642473230e-01	-6.199243415699538795e-02	5.976591255802293084e-02
3.874165240450047620e-02	-3.509869468361804384e-02	6.068264770712617634e-02	-4.332734342633109970e-02	4.813124662020268341e-02	-6.941307384724342000e-02	7.478880475248271542e-02	-6.353051688458137558e-02	4.898104429784061464e-02	-3.621491519942988957e-02	9.980083446924527257e-02	-6.899233960600077709e-02	7.148800127215973466e-02	-5.140669892505438099e-02	6.547011527420452948e-02	-1.225536734749227558e-01	1.000914750417073174e-01	-8.953688781965030152e-02	4.598916267896214355e-02	-5.367515928612803106e-02	1.339069893404101208e-01	-1.090317017821032519e-01	1.558970017603353853e-01	-6.902268349943292691e-02	7.290420056677683613e-02	-1.846360433997742689e-01	1.623110543171622233e-01	-1.439421343325831826e-01	5.960827365766409314e-02	-5.250108112933149496e-02	2.768815931199631319e-01	-5.002570918118020016e-01	2.090517787038021769e-01	-6.504141810994348849e-02	5.384812414389569118e-02	-7.461297236119686094e-01	9.999999999999974465e-01	-2.743981909032360278e-01	5.978508037155294552e-02	-5.964970876687474000e-02
-5.086835801425299008e-02	4.598566875610760746e-02	-8.048557123119273737e-02	5.791172794633599186e-02	-6.485074629117233702e-02	8.976610389671341173e-02	-9.857559555004191676e-02	8.366544560624319948e-02	-6.598360914341513950e-02	4.902076493148765923e-02	-1.295997755925327177e-01	9.076029503621307892e-02	-9.584321673409357256e-02	7.147149127916491151e-02	-9.149925144195281135e-02	1.487148503892005702e-01	-1.346735424619147081e-01	1.197296794745233706e-01	-6.548091725447056921e-02	7.506122988692857934e-02	-1.685576350086473996e-01	1.447132753559680074e-01	-2.522058892253797868e-01	1.011824492307828727e-01	-1.084236933389153834e-01	1.857381103019942192e-01	-2.392667039816556152e-01	2.370884945622598883e-01	-1.033252605843854449e-01	8.721075749727241755e-02	-2.382962643962827920e-01	2.649047165298641371e-01	-7.852237446307632762e-01	1.116140725009705514e-01	-9.576829864704747286e-02	2.046788436642473230e-01	-2.743981909032360278e-01	9.999999999999980016e-01	-1.493341907838126037e-01	1.234424783689544169e-01
1.935499405306814052e-02	-1.771690182176032663e-02	3.109144825004996407e-02	-2.405318469849015289e-02	2.693894060964290016e-02	-3.413742035483151305e-02	3.636956002761283779e-02	-3.271568210043600267e-02	2.763166933643553674e-02	-2.117368573006061377e-02	4.690585635740446291e-02	-3.349357913787873176e-02	3.486356054766348578e-02	-3.619957002803403379e-02	4.310915088837934811e-02	-5.690131442517039340e-02	4.631980675437613604e-02	-4.339122921387908449e-02	3.302296537084616762e-02	-3.871636623461166549e-02	5.413509108453994773e-02	-4.842471262167549750e-02	7.771565258804322140e-02	-5.617881211995905816e-02	5.832143396924288625e-02	-6.011853653858789670e-02	6.924132150974349198e-02	-7.324407841841240607e-02	8.996984038434527320e-02	-1.287132451351277740e-01	6.154650044353988936e-02	-6.866804146763513805e-02	1.022548629648538099e-01	-1.313081377456782328e-01	1.492457477156890477e-01	-6.199243415699538795e-02	5.978508037155294552e-02	-1.493341907838126037e-01	9.999999999999980016e-01	-9.513423604939166278e-01
