1.000000000000000000e+00	-4.557554195329247548e-01	2.434307868061814095e-01	-2.525596057219435253e-01	1.445835909372459038e-01	-6.439841029681515616e-01	3.238096364257875837e-01	-1.222100870828774222e-01	1.394447241598168741e-01	-1.021004949985954424e-01	2.516863829751598280e-01	-2.282470240665259997e-01	1.313968448529528599e-01	-1.567579669013752786e-01	1.356753662362072399e-01	-2.596988599855176716e-01	1.355679623421801872e-01	-1.542273480236921734e-01	9.102610905987401635e-02	-9.936471568666291332e-02	1.695550238303172308e-01	-1.290846563315952433e-01	1.227485915650920884e-01	-1.016247557603073420e-01	1.090768047883670239e-01	-1.918713402663316525e-01	1.448978158878518052e-01	-1.245546993068195329e-01	1.307098070947075308e-01	-1.047569095897012414e-01	1.338711754240366480e-01	-9.393609252105997176e-02	8.931589002254516907e-02	-5.400127050209767993e-02	9.569029387387865959e-02	-1.500722820271467306e-01	7.213307048799100230e-02	-8.561182509312176281e-02	5.127442897968703672e-02	-2.054748493834290257e-01
-4.557554195329247548e-01	1.000000000000000000e+00	-5.777143553473076398e-01	2.583134354354088558e-01	-1.401194852084849118e-01	2.540509249025926786e-01	-5.619105592071711452e-01	1.057161284800550438e-01	-1.284519609296829734e-01	9.348644119762830607e-02	-1.523898171184597250e-01	1.602633768336513276e-01	-1.106120427182875204e-01	1.311951586015626114e-01	-1.213031370628558925e-01	1.433458402232300755e-01	-9.425575807971928177e-02	1.082834468408143819e-01	-7.287741013713987248e-02	8.184762244506077478e-02	-1.105407187860474177e-01	9.012056649676793152e-02	-8.752811691592096710e-02	8.050103182093035215e-02	-8.927647551693472516e-02	1.206020528764578381e-01	-1.033941122609359081e-01	8.972448861502048401e-02	-9.715500529048301526e-02	7.828554538941492891e-02	-9.360782900076067281e-02	6.635066205662785987e-02	-6.368089771580155711e-02	3.897479388759497732e-02	-7.155521973975266514e-02	1.046362734103648551e-01	-5.092703621336943515e-02	6.035474250647662742e-02	-3.709761230378515184e-02	1.541004370661653022e-01
2.434307868061814095e-01	-5.777143553473076398e-01	9.999999999999994449e-01	-5.987798350608292131e-01	2.003932744026280244e-01	-1.961091228363130989e-01	2.837031640005344690e-01	-1.541864608942106751e-01	1.875345626065799964e-01	-1.398238711513642152e-01	1.397924295377014903e-01	-1.952812007067219191e-01	1.470795407227117324e-01	-1.928367908171297884e-01	1.650989643902700810e-01	-1.434083054152221481e-01	1.129003542679658939e-01	-1.358278990017053045e-01	1.002487855456336424e-01	-1.139813766131982375e-01	1.214779593144209024e-01	-1.111047811558702608e-01	1.086041089013509708e-01	-1.114358767891202723e-01	1.201325927826845802e-01	-1.382665543442332667e-01	1.275493926006572021e-01	-1.148555456520075624e-01	1.261174509814170785e-01	-1.055956098456777570e-01	1.153600854397518749e-01	-8.363856955587470332e-02	8.049337047602685147e-02	-5.034718163669003183e-02	9.587597011266157931e-02	-1.337251164803223702e-01	6.486091430265374103e-02	-7.712268339450781274e-02	4.781027525897804664e-02	-2.144228457524999798e-01
-2.525596057219435253e-01	2.583134354354088558e-01	-5.987798350608292131e-01	9.999999999999995559e-01	-4.178377262038163176e-01	1.728938248859683002e-01	-3.142681052680662557e-01	1.807203454159031497e-01	-3.325799241296368836e-01	2.156889003363403612e-01	-1.390636313064909646e-01	1.884681987361618571e-01	-1.873355040437224561e-01	2.354940268596693032e-01	-2.626179331141688666e-01	1.331274584649504433e-01	-1.128048854388357114e-01	1.335814205698713231e-01	-1.207614441111700271e-01	1.432886214780947909e-01	-1.216611622096826911e-01	1.105467446489091510e-01	-1.107476887815803113e-01	1.287713261852525271e-01	-1.547101045378865281e-01	1.312130647388488058e-01	-1.312751330047873810e-01	1.161933083322690546e-01	-1.335231859123715836e-01	1.062989316572664489e-01	-1.161324710103961433e-01	8.349598087147638847e-02	-8.119851149272733215e-02	5.077068339147768061e-02	-9.717147164967863959e-02	1.287498847218176423e-01	-6.394728850742167903e-02	7.560206724484341834e-02	-4.851451068920176191e-02	2.042718982198834521e-01
1.445835909372459038e-01	-1.401194852084849118e-01	2.003932744026280244e-01	-4.178377262038163176e-01	9.999999999999998890e-01	-1.138885044937008317e-01	1.698511057765383081e-01	-1.661234059473450930e-01	2.285550187689546764e-01	-6.602463126345189393e-01	1.117789751447129526e-01	-1.940997407423903365e-01	1.617671315934240406e-01	-2.689466620227408677e-01	3.128726913273939814e-01	-1.150896518713987321e-01	1.147659403685236390e-01	-1.433737619259825569e-01	1.378805050033134472e-01	-1.963866470589931690e-01	1.140122774932026961e-01	-1.164339325630648347e-01	1.165396349867599268e-01	-1.542692433746731262e-01	1.721646066461340330e-01	-1.304425864870604468e-01	1.367217167765396313e-01	-1.285498634578955968e-01	1.477543177600300905e-01	-1.295552392464035807e-01	1.228346523531711060e-01	-9.119285447132563505e-02	8.848955162787666695e-02	-5.728660059421638445e-02	1.160963286063852323e-01	-1.462286197876342952e-01	7.133914436295354933e-02	-8.500768353058130167e-02	5.430940714118502599e-02	-2.676313494547488125e-01
-6.439841029681515616e-01	2.540509249025926786e-01	-1.961091228363130989e-01	1.728938248859683002e-01	-1.138885044937008317e-01	9.999999999999994449e-01	-4.689365928810942385e-01	9.595990949527076486e-02	-1.090322755140448879e-01	7.850577008017516067e-02	-4.562685023900761583e-01	1.897707615140483417e-01	-1.085665021393307367e-01	1.185372071733025306e-01	-1.082142218280043450e-01	2.450317924674563497e-01	-1.180831582125182050e-01	1.247894173241090726e-01	-7.132957023072764025e-02	7.710219091544505410e-02	-1.671918930478347998e-01	1.070365953671144343e-01	-1.027532199523794876e-01	7.875437973253121560e-02	-8.660840612567768937e-02	1.581862875924531231e-01	-1.221543338000739831e-01	1.000514622539379894e-01	-1.052583879164099429e-01	8.022253420175153027e-02	-1.110377123624203960e-01	7.568112263133386364e-02	-7.231658190480649839e-02	4.264784738593427327e-02	-7.394585321256588739e-02	1.163592199789415943e-01	-5.701961065964894493e-02	6.720934638146201789e-02	-4.072121157802684188e-02	1.506291697699780607e-01
3.238096364257875837e-01	-5.619105592071711452e-01	2.837031640005344690e-01	-3.142681052680662557e-01	1.698511057765383081e-01	-4.689365928810942385e-01	9.999999999999994449e-01	-1.512992775508685550e-01	1.663734668867855870e-01	-1.211858881917829839e-01	2.264408790193825904e-01	-2.659441314992551653e-01	1.552433841564306305e-01	-1.865585945532148848e-01	1.577770212051939347e-01	-2.329357034033250617e-01	1.486423232701235830e-01	-1.714793841443799094e-01	1.054238324643106545e-01	-1.158208947295677610e-01	1.688910173911198631e-01	-1.413069751842385147e-01	1.354134848535857860e-01	-1.178610460272712795e-01	1.257375830451560594e-01	-1.917780234881650281e-01	1.586305268469626051e-01	-1.385792810889308335e-01	1.471229675384935487e-01	-1.202223760563871646e-01	1.441387912212947764e-01	-1.028244465327200485e-01	9.824100259352819275e-02	-6.007651721708694159e-02	1.095557065758113874e-01	-1.640787309534149363e-01	7.917940290101341261e-02	-9.405433893772777165e-02	5.704002988986750511e-02	-2.400944591472539968e-01
-1.222100870828774222e-01	1.057161284800550438e-01	-1.541864608942106751e-01	1.807203454159031497e-01	-1.661234059473450930e-01	9.595990949527076486e-02	-1.512992775508685550e-01	9.999999999999996669e-01	-5.065949383257828398e-01	1.318905530451321695e-01	-1.028159249015768439e-01	2.027886886864632421e-01	-7.449011319219147609e-01	2.651193319052400077e-01	-1.699079564152363719e-01	9.810924794627831624e-02	-1.162631500568528792e-01	1.272031784527808684e-01	-1.153605578867899217e-01	1.113740804811932245e-01	-9.835909473498663513e-02	1.021571960615360319e-01	-1.052852583454857022e-01	1.189235403167789862e-01	-1.227924680539539404e-01	1.014317865764700760e-01	-1.212215268577013505e-01	1.018228605971951001e-01	-1.181130320627038627e-01	8.522611120115708427e-02	-9.630021463106278046e-02	7.043184085061279798e-02	-6.938503338304694013e-02	4.225696570362884319e-02	-7.863605727756475816e-02	1.005467576010677377e-01	-5.208241021110508739e-02	6.109908024413687050e-02	-4.070213933387290678e-02	1.497625228140375409e-01
1.394447241598168741e-01	-1.284519609296829734e-01	1.875345626065799964e-01	-3.325799241296368836e-01	2.285550187689546764e-01	-1.090322755140448879e-01	1.663734668867855870e-01	-5.065949383257828398e-01	9.999999999999988898e-01	-2.348607770647828386e-01	1.106849265130478988e-01	-2.087784537435883880e-01	2.919561204344084393e-01	-6.041654453158838978e-01	2.331244188134079243e-01	-1.106847226397458667e-01	1.201509177470896084e-01	-1.456257260123939301e-01	1.778667045225627574e-01	-1.622694685119121794e-01	1.096240594144879954e-01	-1.155369764743589822e-01	1.175050939864691196e-01	-1.879736680093251622e-01	1.647330653552084023e-01	-1.194363281723548192e-01	1.348694593841336664e-01	-1.230023117103481167e-01	1.451452987678193696e-01	-1.101781697718748065e-01	1.128428536313314801e-01	-8.417923633505065839e-02	8.246356602553259196e-02	-5.208613008388110477e-02	9.945802987132375261e-02	-1.249558167788564489e-01	6.342296470979534584e-02	-7.502962255467776620e-02	4.972628317044349572e-02	-2.000595826910125385e-01
-1.021004949985954424e-01	9.348644119762830607e-02	-1.398238711513642152e-01	2.156889003363403612e-01	-6.602463126345189393e-01	7.850577008017516067e-02	-1.211858881917829839e-01	1.318905530451321695e-01	-2.348607770647828386e-01	1.000000000000000444e+00	-7.742073109915748041e-02	1.322309793603975436e-01	-1.298359485525907853e-01	2.110818588721327382e-01	-6.178304638999135845e-01	7.835828636523735347e-02	-7.941372824098340277e-02	9.823093169191106366e-02	-1.113014144803106398e-01	1.697803932666029081e-01	-7.829446402242244696e-02	7.987396943723013010e-02	-8.097365785985097264e-02	1.178133676200716351e-01	-1.566297369005716367e-01	8.775191717032311545e-02	-9.488212438676212057e-02	8.838927038211472076e-02	-1.044328226190416459e-01	8.768541907131070789e-02	-8.353202512620544473e-02	6.195049182157007922e-02	-6.044388935594358775e-02	3.905699017976575760e-02	-7.868919503028191931e-02	9.671382743403088289e-02	-4.792532300030041825e-02	5.692937816149228059e-02	-3.715672604162738313e-02	1.715608491635400856e-01
2.516863829751598280e-01	-1.523898171184597250e-01	1.397924295377014903e-01	-1.390636313064909646e-01	1.117789751447129526e-01	-4.562685023900761583e-01	2.264408790193825904e-01	-1.028159249015768439e-01	1.106849265130478988e-01	-7.742073109915748041e-02	1.000000000000001110e+00	-3.009611679560874609e-01	1.243231592902322158e-01	-1.234103144854110379e-01	1.123400831647393128e-01	-6.882235427571458120e-01	1.759039379501018407e-01	-1.726764076910403123e-01	8.007600974544401562e-02	-8.275802340559038073e-02	2.458961284951856896e-01	-1.477868334361716052e-01	1.360144936744591970e-01	-8.798848812585023660e-02	9.508074585668320478e-02	-2.450618979567981692e-01	1.586006716104430281e-01	-1.255991543633177276e-01	1.261703379401856728e-01	-9.131747368447425128e-02	1.422206776793607796e-01	-9.609318917688469686e-02	9.078339197235349434e-02	-5.188738614657729259e-02	8.414940779054590203e-02	-1.453561836794174111e-01	7.106569595274420115e-02	-8.369531512700134623e-02	4.951257439476807604e-02	-1.617469238997233938e-01
-2.282470240665259997e-01	1.602633768336513276e-01	-1.952812007067219191e-01	1.884681987361618571e-01	-1.940997407423903365e-01	1.897707615140483417e-01	-2.659441314992551653e-01	2.027886886864632421e-01	-2.087784537435883880e-01	1.322309793603975436e-01	-3.009611679560874609e-01	1.000000000000000666e+00	-3.425256815152599721e-01	2.081101348931575779e-01	-2.012728576770501376e-01	2.323291044055020016e-01	-5.255827119884892706e-01	2.939561961676047108e-01	-1.417197854229358678e-01	1.403752541322524638e-01	-2.324117901171374179e-01	2.536653925368916873e-01	-2.680015010182287827e-01	1.481791272088787415e-01	-1.689392241437801256e-01	2.081402401149842485e-01	-2.985896909587725800e-01	2.066737406158407897e-01	-2.239832236268259058e-01	1.415657982784022106e-01	-1.962028527480002560e-01	1.420955201054344974e-01	-1.419458324730982768e-01	7.843469123126438347e-02	-1.347009850762903027e-01	1.807053203102797490e-01	-9.906271134904318099e-02	1.141878857212718229e-01	-7.664970243014831985e-02	2.229598584071449396e-01
1.313968448529528599e-01	-1.106120427182875204e-01	1.470795407227117324e-01	-1.873355040437224561e-01	1.617671315934240406e-01	-1.085665021393307367e-01	1.552433841564306305e-01	-7.449011319219147609e-01	2.919561204344084393e-01	-1.298359485525907853e-01	1.243231592902322158e-01	-3.425256815152599721e-01	9.999999999999998890e-01	-3.456532144232289383e-01	1.712701212074475288e-01	-1.225633859584086272e-01	1.572095071960763479e-01	-1.796550494520554320e-01	1.365239765352767587e-01	-1.282007063314403172e-01	1.185809305207652098e-01	-1.349818511842112156e-01	1.338536109328832269e-01	-1.480301411106404452e-01	1.368651096685461754e-01	-1.252750920783139432e-01	1.479129792366291607e-01	-1.279158888568933117e-01	1.412375933112174076e-01	-1.042983930077042570e-01	1.160131542015461759e-01	-8.700457580776548017e-02	8.510427781396227853e-02	-5.155299874118560166e-02	9.488468791041110295e-02	-1.244883326711793969e-01	6.401212839107116304e-02	-7.546275470912501560e-02	4.936503305825519494e-02	-1.857400958109915179e-01
-1.567579669013752786e-01	1.311951586015626114e-01	-1.928367908171297884e-01	2.354940268596693032e-01	-2.689466620227408677e-01	1.185372071733025306e-01	-1.865585945532148848e-01	2.651193319052400077e-01	-6.041654453158838978e-01	2.110818588721327382e-01	-1.234103144854110379e-01	2.081101348931575779e-01	-3.456532144232289383e-01	9.999999999999990008e-01	-3.389532867560122176e-01	1.201162958955064308e-01	-1.330064468346740802e-01	1.579402099199032905e-01	-3.454757122096325794e-01	2.114771582589992371e-01	-1.250769774840549686e-01	1.289756770983399303e-01	-1.373809537106198131e-01	2.403876627006493183e-01	-2.415956643259410119e-01	1.314801969076678512e-01	-1.604172102612121675e-01	1.427641330980779777e-01	-1.865620949708380605e-01	1.277024492051797855e-01	-1.307838364406230525e-01	9.646569700197010766e-02	-9.607883384598986387e-02	6.124927449765640852e-02	-1.176948702131128260e-01	1.371333794769673542e-01	-7.190250662595512599e-02	8.434164994066130350e-02	-5.916106030540020655e-02	2.128469401964043772e-01
1.356753662362072399e-01	-1.213031370628558925e-01	1.650989643902700810e-01	-2.626179331141688666e-01	3.128726913273939814e-01	-1.082142218280043450e-01	1.577770212051939347e-01	-1.699079564152363719e-01	2.331244188134079243e-01	-6.178304638999135845e-01	1.123400831647393128e-01	-2.012728576770501376e-01	1.712701212074475288e-01	-3.389532867560122176e-01	9.999999999999975575e-01	-1.160659150585989507e-01	1.211155278381995798e-01	-1.527612598062006166e-01	1.786760300131927659e-01	-3.541421865532120017e-01	1.179944804892269911e-01	-1.235205424736746799e-01	1.249965874706187308e-01	-1.941628830358838043e-01	2.400497530146734060e-01	-1.348051555239812849e-01	1.460100845798904534e-01	-1.390752678269116804e-01	1.637623713135697157e-01	-1.427264444757227191e-01	1.298200717762066081e-01	-9.718852887270340579e-02	9.463295279920695691e-02	-6.187439913503897659e-02	1.267073220655011434e-01	-1.539972549353668119e-01	7.573138679177840449e-02	-9.023915867753511122e-02	5.864311969122848467e-02	-2.856395010598855588e-01
-2.596988599855176716e-01	1.433458402232300755e-01	-1.434083054152221481e-01	1.331274584649504433e-01	-1.150896518713987321e-01	2.450317924674563497e-01	-2.329357034033250617e-01	9.810924794627831624e-02	-1.106847226397458667e-01	7.835828636523735347e-02	-6.882235427571458120e-01	2.323291044055020016e-01	-1.225633859584086272e-01	1.201162958955064308e-01	-1.160659150585989507e-01	9.999999999999978906e-01	-2.117036388141301517e-01	1.725503380537483367e-01	-8.108922789635486517e-02	8.355914507679434999e-02	-4.655073846136625337e-01	1.570618433985261908e-01	-1.478591534469300417e-01	8.815921216818521644e-02	-9.785940529397993415e-02	2.522215362182434473e-01	-1.753079189291925077e-01	1.300940727625931603e-01	-1.322621442916342704e-01	9.126886067398215507e-02	-1.569766659340174064e-01	1.000511952866160043e-01	-9.550082967050128879e-02	5.285559932048337212e-02	-8.499329111861018970e-02	1.433014009388141607e-01	-7.223940795606761944e-02	8.414642506727867954e-02	-5.083299940380053838e-02	1.551144997248171120e-01
1.355679623421801872e-01	-9.425575807971928177e-02	1.129003542679658939e-01	-1.128048854388357114e-01	1.147659403685236390e-01	-1.180831582125182050e-01	1.486423232701235830e-01	-1.162631500568528792e-01	1.201509177470896084e-01	-7.941372824098340277e-02	1.759039379501018407e-01	-5.255827119884892706e-01	1.572095071960763479e-01	-1.330064468346740802e-01	1.211155278381995798e-01	-2.117036388141301517e-01	1.000000000000000000e+00	-6.240678964255751415e-01	1.066533521587189476e-01	-9.411840980558330849e-02	1.684941253248023740e-01	-4.157966238402019954e-01	2.837395857719237635e-01	-1.116075231550581331e-01	1.093522642437810694e-01	-1.580018255494352597e-01	2.426436290203898005e-01	-1.847132941312053245e-01	1.615625288163991258e-01	-1.031566421514318183e-01	1.373342037736251242e-01	-1.125348204419263365e-01	1.101544693343611131e-01	-5.764110687972675423e-02	9.370776376513027806e-02	-1.326079124903835615e-01	7.362062022632415159e-02	-8.596837748099891985e-02	5.550719726829177192e-02	-1.576983006662746323e-01
-1.542273480236921734e-01	1.082834468408143819e-01	-1.358278990017053045e-01	1.335814205698713231e-01	-1.433737619259825569e-01	1.247894173241090726e-01	-1.714793841443799094e-01	1.272031784527808684e-01	-1.456257260123939301e-01	9.823093169191106366e-02	-1.726764076910403123e-01	2.939561961676047108e-01	-1.796550494520554320e-01	1.579402099199032905e-01	-1.527612598062006166e-01	1.725503380537483367e-01	-6.240678964255751415e-01	9.999999999999992228e-01	-1.544810853862103595e-01	1.195441762952715731e-01	-1.842642996180779424e-01	3.029034661144306417e-01	-5.118601312711356099e-01	1.449433338052619757e-01	-1.414339515320272300e-01	1.703471230213448040e-01	-2.904980075517107907e-01	2.274013761012622370e-01	-2.148618463864635508e-01	1.265436271348308050e-01	-1.659153033357523288e-01	1.336306130238929801e-01	-1.369202259670842803e-01	7.109849574990237397e-02	-1.173783237454065070e-01	1.543803145704860380e-01	-8.833581171272859855e-02	1.022173131180965366e-01	-6.919718765027409180e-02	1.852959286843731124e-01
9.102610905987401635e-02	-7.287741013713987248e-02	1.002487855456336424e-01	-1.207614441111700271e-01	1.378805050033134472e-01	-7.132957023072764025e-02	1.054238324643106545e-01	-1.153605578867899217e-01	1.778667045225627574e-01	-1.113014144803106398e-01	8.007600974544401562e-02	-1.417197854229358678e-01	1.365239765352767587e-01	-3.454757122096325794e-01	1.786760300131927659e-01	-8.108922789635486517e-02	1.066533521587189476e-01	-1.544810853862103595e-01	9.999999999999980016e-01	-3.351865388078300589e-01	8.636610056415129633e-02	-1.042364698211494245e-01	1.177307980604506144e-01	-7.941914196061106157e-01	2.547177332592397425e-01	-9.319983885376570409e-02	1.224359180916571865e-01	-1.302912952524176438e-01	1.802373303474733568e-01	-1.163037423357602129e-01	9.507887583493791761e-02	-7.654546825301808410e-02	7.665224187072247619e-02	-5.197315446163464775e-02	9.637445716224116166e-02	-1.025746443159270688e-01	5.537063226382221703e-02	-6.579634233412490207e-02	4.877996473499233987e-02	-1.634242354350049775e-01
-9.936471568666291332e-02	8.184762244506077478e-02	-1.139813766131982375e-01	1.432886214780947909e-01	-1.963866470589931690e-01	7.710219091544505410e-02	-1.158208947295677610e-01	1.113740804811932245e-01	-1.622694685119121794e-01	1.697803932666029081e-01	-8.275802340559038073e-02	1.403752541322524638e-01	-1.282007063314403172e-01	2.114771582589992371e-01	-3.541421865532120017e-01	8.355914507679434999e-02	-9.411840980558330849e-02	1.195441762952715731e-01	-3.351865388078300589e-01	1.000000000000000666e+00	-8.872024962603973497e-02	9.617052784161758683e-02	-1.033638279567360291e-01	2.514650876173787908e-01	-7.783706413881459341e-01	9.729938373860004541e-02	-1.187413943248896708e-01	1.149918609604431707e-01	-1.556288490294211180e-01	1.237223792253891314e-01	-9.896149429391870589e-02	7.541258546064444346e-02	-7.509030618011984515e-02	5.036788069040634003e-02	-1.078984410262339433e-01	1.092174882616523263e-01	-5.685369704543154906e-02	6.723969432672946556e-02	-4.815146599407999634e-02	1.897738038964371099e-01
1.695550238303172308e-01	-1.105407187860474177e-01	1.214779593144209024e-01	-1.216611622096826911e-01	1.140122774932026961e-01	-1.671918930478347998e-01	1.688910173911198631e-01	-9.835909473498663513e-02	1.096240594144879954e-01	-7.829446402242244696e-02	2.458961284951856896e-01	-2.324117901171374179e-01	1.185809305207652098e-01	-1.250769774840549686e-01	1.179944804892269911e-01	-4.655073846136625337e-01	1.684941253248023740e-01	-1.842642996180779424e-01	8.636610056415129633e-02	-8.872024962603973497e-02	1.000000000000000222e+00	-2.051623839710123576e-01	1.638119890267784873e-01	-9.609471699713602322e-02	1.036875350457173439e-01	-7.026002042788969115e-01	2.114203714077359797e-01	-1.604172134602631083e-01	1.508532054983574011e-01	-1.071229051497827461e-01	2.246163726409415029e-01	-1.373381403074963869e-01	1.239620859591156199e-01	-6.814924243058131936e-02	9.809517883717304432e-02	-2.129709415555049723e-01	1.001936837428510363e-01	-1.180668467497818785e-01	6.459296951648579865e-02	-1.821748653524364880e-01
-1.290846563315952433e-01	9.012056649676793152e-02	-1.111047811558702608e-01	1.105467446489091510e-01	-1.164339325630648347e-01	1.070365953671144343e-01	-1.413069751842385147e-01	1.021571960615360319e-01	-1.155369764743589822e-01	7.987396943723013010e-02	-1.477868334361716052e-01	2.536653925368916873e-01	-1.349818511842112156e-01	1.289756770983399303e-01	-1.235205424736746799e-01	1.570618433985261908e-01	-4.157966238402019954e-01	3.029034661144306417e-01	-1.042364698211494245e-01	9.617052784161758683e-02	-2.051623839710123576e-01	1.000000000000000000e+00	-5.851727791509806487e-01	1.136434254581809855e-01	-1.141639396461954781e-01	1.866999318625537641e-01	-5.407463354548968093e-01	2.614831387153024322e-01	-2.032023627012718436e-01	1.215752971378717684e-01	-1.674670189173734502e-01	1.540141966109128679e-01	-1.521024353903150383e-01	7.104660810807182647e-02	-1.088905318030353730e-01	1.576270515859273802e-01	-9.269733868688204148e-02	1.073669168844764155e-01	-6.842102371708737307e-02	1.758472465389221973e-01
1.227485915650920884e-01	-8.752811691592096710e-02	1.086041089013509708e-01	-1.107476887815803113e-01	1.165396349867599268e-01	-1.027532199523794876e-01	1.354134848535857860e-01	-1.052852583454857022e-01	1.175050939864691196e-01	-8.097365785985097264e-02	1.360144936744591970e-01	-2.680015010182287827e-01	1.338536109328832269e-01	-1.373809537106198131e-01	1.249965874706187308e-01	-1.478591534469300417e-01	2.837395857719237635e-01	-5.118601312711356099e-01	1.177307980604506144e-01	-1.033638279567360291e-01	1.638119890267784873e-01	-5.851727791509806487e-01	9.999999999999997780e-01	-1.333640320069245100e-01	1.197818863295526948e-01	-1.730626156056993825e-01	3.047301212081108823e-01	-4.216070899334036781e-01	2.232071646455605074e-01	-1.381510293795766564e-01	1.632474977451172093e-01	-1.617814898515012034e-01	1.612709697578199874e-01	-7.723840587867562835e-02	1.176310266574250307e-01	-1.657054222725617976e-01	9.672088277738799533e-02	-1.154103774071265076e-01	7.306169788989512470e-02	-1.933624754959230030e-01
-1.016247557603073420e-01	8.050103182093035215e-02	-1.114358767891202723e-01	1.287713261852525271e-01	-1.542692433746731262e-01	7.875437973253121560e-02	-1.178610460272712795e-01	1.189235403167789862e-01	-1.879736680093251622e-01	1.178133676200716351e-01	-8.798848812585023660e-02	1.481791272088787415e-01	-1.480301411106404452e-01	2.403876627006493183e-01	-1.941628830358838043e-01	8.815921216818521644e-02	-1.116075231550581331e-01	1.449433338052619757e-01	-7.941914196061106157e-01	2.514650876173787908e-01	-9.609471699713602322e-02	1.136434254581809855e-01	-1.333640320069245100e-01	9.999999999999981126e-01	-3.336130558193179940e-01	1.027989787802600641e-01	-1.412893122881244135e-01	1.494993794633671658e-01	-2.663306107396597455e-01	1.340849821237864725e-01	-1.076182241330931599e-01	8.660387755834146606e-02	-8.838579360416272401e-02	6.143096445216528201e-02	-1.141075278575994778e-01	1.132921977929786800e-01	-6.257224575120558241e-02	7.392140987996302648e-02	-5.844397640530554078e-02	1.777912559118085822e-01
1.090768047883670239e-01	-8.927647551693472516e-02	1.201325927826845802e-01	-1.547101045378865281e-01	1.721646066461340330e-01	-8.660840612567768937e-02	1.257375830451560594e-01	-1.227924680539539404e-01	1.647330653552084023e-01	-1.566297369005716367e-01	9.508074585668320478e-02	-1.689392241437801256e-01	1.368651096685461754e-01	-2.415956643259410119e-01	2.400497530146734060e-01	-9.785940529397993415e-02	1.093522642437810694e-01	-1.414339515320272300e-01	2.547177332592397425e-01	-7.783706413881459341e-01	1.036875350457173439e-01	-1.141639396461954781e-01	1.197818863295526948e-01	-3.336130558193179940e-01	9.999999999999981126e-01	-1.168183660730200274e-01	1.378922755542200673e-01	-1.393010051712101904e-01	1.791871750438864819e-01	-1.689597602312115365e-01	1.180840654320265137e-01	-9.121039262553296001e-02	8.990220031086955388e-02	-6.125473745575486795e-02	1.349696096095479858e-01	-1.360796888833638030e-01	6.948407730541129868e-02	-8.279059191135734741e-02	5.783165628597521091e-02	-2.563231239418165552e-01
-1.918713402663316525e-01	1.206020528764578381e-01	-1.382665543442332667e-01	1.312130647388488058e-01	-1.304425864870604468e-01	1.581862875924531231e-01	-1.917780234881650281e-01	1.014317865764700760e-01	-1.194363281723548192e-01	8.775191717032311545e-02	-2.450618979567981692e-01	2.081402401149842485e-01	-1.252750920783139432e-01	1.314801969076678512e-01	-1.348051555239812849e-01	2.522215362182434473e-01	-1.580018255494352597e-01	1.703471230213448040e-01	-9.319983885376570409e-02	9.729938373860004541e-02	-7.026002042788969115e-01	1.866999318625537641e-01	-1.730626156056993825e-01	1.027989787802600641e-01	-1.168183660730200274e-01	1.000000000000001332e+00	-2.842349438134008643e-01	1.771859102937061725e-01	-1.743670115697547873e-01	1.151440640236316010e-01	-3.978731129222007334e-01	1.675381475472944304e-01	-1.538173887232542059e-01	7.638110813549421618e-02	-1.079415633398582014e-01	2.277971764123019882e-01	-1.151455246884179884e-01	1.306571728003243504e-01	-7.376842953165202443e-02	1.848917244556344541e-01
1.448978158878518052e-01	-1.033941122609359081e-01	1.275493926006572021e-01	-1.312751330047873810e-01	1.367217167765396313e-01	-1.221543338000739831e-01	1.586305268469626051e-01	-1.212215268577013505e-01	1.348694593841336664e-01	-9.488212438676212057e-02	1.586006716104430281e-01	-2.985896909587725800e-01	1.479129792366291607e-01	-1.604172102612121675e-01	1.460100845798904534e-01	-1.753079189291925077e-01	2.426436290203898005e-01	-2.904980075517107907e-01	1.224359180916571865e-01	-1.187413943248896708e-01	2.114203714077359797e-01	-5.407463354548968093e-01	3.047301212081108823e-01	-1.412893122881244135e-01	1.378922755542200673e-01	-2.842349438134008643e-01	1.000000000000001776e+00	-4.566271028777508234e-01	2.559156670848978798e-01	-1.757868872769330904e-01	2.312586875111200535e-01	-2.873905861728618949e-01	2.267360057001606699e-01	-1.028965321449547554e-01	1.472572409681148775e-01	-2.409516951492864933e-01	1.402719329798784720e-01	-1.668314630278639465e-01	9.634906218214156493e-02	-2.588672480894240180e-01
-1.245546993068195329e-01	8.972448861502048401e-02	-1.148555456520075624e-01	1.161933083322690546e-01	-1.285498634578955968e-01	1.000514622539379894e-01	-1.385792810889308335e-01	1.018228605971951001e-01	-1.230023117103481167e-01	8.838927038211472076e-02	-1.255991543633177276e-01	2.066737406158407897e-01	-1.279158888568933117e-01	1.427641330980779777e-01	-1.390752678269116804e-01	1.300940727625931603e-01	-1.847132941312053245e-01	2.274013761012622370e-01	-1.302912952524176438e-01	1.149918609604431707e-01	-1.604172134602631083e-01	2.614831387153024322e-01	-4.216070899334036781e-01	1.494993794633671658e-01	-1.393010051712101904e-01	1.771859102937061725e-01	-4.566271028777508234e-01	1.000000000000000888e+00	-5.361003643921331552e-01	1.939727930642950460e-01	-2.143442216471641015e-01	2.371002957389851673e-01	-3.511205943571872323e-01	1.176191423712692474e-01	-1.698297505778006145e-01	2.006264324650973707e-01	-1.373909468554309621e-01	1.606975049063180117e-01	-1.139036540391372559e-01	2.214873742211345697e-01
1.307098070947075308e-01	-9.715500529048301526e-02	1.261174509814170785e-01	-1.335231859123715836e-01	1.477543177600300905e-01	-1.052583879164099429e-01	1.471229675384935487e-01	-1.181130320627038627e-01	1.451452987678193696e-01	-1.044328226190416459e-01	1.261703379401856728e-01	-2.239832236268259058e-01	1.412375933112174076e-01	-1.865620949708380605e-01	1.637623713135697157e-01	-1.322621442916342704e-01	1.615625288163991258e-01	-2.148618463864635508e-01	1.802373303474733568e-01	-1.556288490294211180e-01	1.508532054983574011e-01	-2.032023627012718436e-01	2.232071646455605074e-01	-2.663306107396597455e-01	1.791871750438864819e-01	-1.743670115697547873e-01	2.559156670848978798e-01	-5.361003643921331552e-01	9.999999999999991118e-01	-4.459074958843136649e-01	1.940274499739398917e-01	-1.925398862638371678e-01	1.962954370369966450e-01	-1.777029886212571352e-01	2.529908350108219239e-01	-2.183746448350846470e-01	1.292230038922325408e-01	-1.595661446599355160e-01	1.441380708684514844e-01	-3.497859111530156606e-01
-1.047569095897012414e-01	7.828554538941492891e-02	-1.055956098456777570e-01	1.062989316572664489e-01	-1.295552392464035807e-01	8.022253420175153027e-02	-1.202223760563871646e-01	8.522611120115708427e-02	-1.101781697718748065e-01	8.768541907131070789e-02	-9.131747368447425128e-02	1.415657982784022106e-01	-1.042983930077042570e-01	1.277024492051797855e-01	-1.427264444757227191e-01	9.126886067398215507e-02	-1.031566421514318183e-01	1.265436271348308050e-01	-1.163037423357602129e-01	1.237223792253891314e-01	-1.071229051497827461e-01	1.215752971378717684e-01	-1.381510293795766564e-01	1.340849821237864725e-01	-1.689597602312115365e-01	1.151440640236316010e-01	-1.757868872769330904e-01	1.939727930642950460e-01	-4.459074958843136649e-01	9.999999999999998890e-01	-1.359312685593221937e-01	1.101673963243984533e-01	-1.169314190361454842e-01	1.029622807040872084e-01	-7.512768037298277468e-01	1.348310825859228290e-01	-8.129240735952136809e-02	9.517198778308674778e-02	-9.939575191790732400e-02	2.924351889039160657e-01
1.338711754240366480e-01	-9.360782900076067281e-02	1.153600854397518749e-01	-1.161324710103961433e-01	1.228346523531711060e-01	-1.110377123624203960e-01	1.441387912212947764e-01	-9.630021463106278046e-02	1.128428536313314801e-01	-8.353202512620544473e-02	1.422206776793607796e-01	-1.962028527480002560e-01	1.160131542015461759e-01	-1.307838364406230525e-01	1.298200717762066081e-01	-1.569766659340174064e-01	1.373342037736251242e-01	-1.659153033357523288e-01	9.507887583493791761e-02	-9.896149429391870589e-02	2.246163726409415029e-01	-1.674670189173734502e-01	1.632474977451172093e-01	-1.076182241330931599e-01	1.180840654320265137e-01	-3.978731129222007334e-01	2.312586875111200535e-01	-2.143442216471641015e-01	1.940274499739398917e-01	-1.359312685593221937e-01	1.000000000000000000e+00	-4.054432119834576187e-01	2.573636646042884446e-01	-1.287336941066284102e-01	1.245873349962989540e-01	-6.127780451695419295e-01	2.393247215651254922e-01	-2.812833067498041739e-01	1.194067383539436505e-01	-2.205085650863191638e-01
-9.393609252105997176e-02	6.635066205662785987e-02	-8.363856955587470332e-02	8.349598087147638847e-02	-9.119285447132563505e-02	7.568112263133386364e-02	-1.028244465327200485e-01	7.043184085061279798e-02	-8.417923633505065839e-02	6.195049182157007922e-02	-9.609318917688469686e-02	1.420955201054344974e-01	-8.700457580776548017e-02	9.646569700197010766e-02	-9.718852887270340579e-02	1.000511952866160043e-01	-1.125348204419263365e-01	1.336306130238929801e-01	-7.654546825301808410e-02	7.541258546064444346e-02	-1.373381403074963869e-01	1.540141966109128679e-01	-1.617814898515012034e-01	8.660387755834146606e-02	-9.121039262553296001e-02	1.675381475472944304e-01	-2.873905861728618949e-01	2.371002957389851673e-01	-1.925398862638371678e-01	1.101673963243984533e-01	-4.054432119834576187e-01	9.999999999999997780e-01	-7.438052332582921755e-01	1.153083584308715048e-01	-1.009364726214045521e-01	2.546870442375953614e-01	-2.655969681180300745e-01	2.425406571553939683e-01	-1.149637506732729963e-01	1.526182311300453287e-01
8.931589002254516907e-02	-6.368089771580155711e-02	8.049337047602685147e-02	-8.119851149272733215e-02	8.848955162787666695e-02	-7.231658190480649839e-02	9.824100259352819275e-02	-6.938503338304694013e-02	8.246356602553259196e-02	-6.044388935594358775e-02	9.078339197235349434e-02	-1.419458324730982768e-01	8.510427781396227853e-02	-9.607883384598986387e-02	9.463295279920695691e-02	-9.550082967050128879e-02	1.101544693343611131e-01	-1.369202259670842803e-01	7.665224187072247619e-02	-7.509030618011984515e-02	1.239620859591156199e-01	-1.521024353903150383e-01	1.612709697578199874e-01	-8.838579360416272401e-02	8.990220031086955388e-02	-1.538173887232542059e-01	2.267360057001606699e-01	-3.511205943571872323e-01	1.962954370369966450e-01	-1.169314190361454842e-01	2.573636646042884446e-01	-7.438052332582921755e-01	9.999999999999981126e-01	-1.431874269513904452e-01	1.026436666266821451e-01	-2.699759206275775258e-01	2.304175696691461994e-01	-3.438638505022220127e-01	1.285414382783341969e-01	-1.577127480398616277e-01
-5.400127050209767993e-02	3.897479388759497732e-02	-5.034718163669003183e-02	5.077068339147768061e-02	-5.728660059421638445e-02	4.264784738593427327e-02	-6.007651721708694159e-02	4.225696570362884319e-02	-5.208613008388110477e-02	3.905699017976575760e-02	-5.188738614657729259e-02	7.843469123126438347e-02	-5.155299874118560166e-02	6.124927449765640852e-02	-6.187439913503897659e-02	5.285559932048337212e-02	-5.764110687972675423e-02	7.109849574990237397e-02	-5.197315446163464775e-02	5.036788069040634003e-02	-6.814924243058131936e-02	7.104660810807182647e-02	-7.723840587867562835e-02	6.143096445216528201e-02	-6.125473745575486795e-02	7.638110813549421618e-02	-1.028965321449547554e-01	1.176191423712692474e-01	-1.777029886212571352e-01	1.029622807040872084e-01	-1.287336941066284102e-01	1.153083584308715048e-01	-1.431874269513904452e-01	9.999999999999984457e-01	-1.040478811585510144e-01	1.299577080141210150e-01	-1.474049437033012888e-01	1.717378623684411298e-01	-9.299773322566415867e-01	1.151626754832382471e-01
9.569029387387865959e-02	-7.155521973975266514e-02	9.587597011266157931e-02	-9.717147164967863959e-02	1.160963286063852323e-01	-7.394585321256588739e-02	1.095557065758113874e-01	-7.863605727756475816e-02	9.945802987132375261e-02	-7.868919503028191931e-02	8.414940779054590203e-02	-1.347009850762903027e-01	9.488468791041110295e-02	-1.176948702131128260e-01	1.267073220655011434e-01	-8.499329111861018970e-02	9.370776376513027806e-02	-1.173783237454065070e-01	9.637445716224116166e-02	-1.078984410262339433e-01	9.809517883717304432e-02	-1.088905318030353730e-01	1.176310266574250307e-01	-1.141075278575994778e-01	1.349696096095479858e-01	-1.079415633398582014e-01	1.472572409681148775e-01	-1.698297505778006145e-01	2.529908350108219239e-01	-7.512768037298277468e-01	1.245873349962989540e-01	-1.009364726214045521e-01	1.026436666266821451e-01	-1.040478811585510144e-01	9.999999999999984457e-01	-1.323223288686296573e-01	7.637672438796866414e-02	-9.131906914377976858e-02	9.205307256461009446e-02	-5.157690202025466686e-01
-1.500722820271467306e-01	1.046362734103648551e-01	-1.337251164803223702e-01	1.287498847218176423e-01	-1.462286197876342952e-01	1.163592199789415943e-01	-1.640787309534149363e-01	1.005467576010677377e-01	-1.249558167788564489e-01	9.671382743403088289e-02	-1.453561836794174111e-01	1.807053203102797490e-01	-1.244883326711793969e-01	1.371333794769673542e-01	-1.539972549353668119e-01	1.433014009388141607e-01	-1.326079124903835615e-01	1.543803145704860380e-01	-1.025746443159270688e-01	1.092174882616523263e-01	-2.129709415555049723e-01	1.576270515859273802e-01	-1.657054222725617976e-01	1.132921977929786800e-01	-1.360796888833638030e-01	2.277971764123019882e-01	-2.409516951492864933e-01	2.006264324650973707e-01	-2.183746448350846470e-01	1.348310825859228290e-01	-6.127780451695419295e-01	2.546870442375953614e-01	-2.699759206275775258e-01	1.299577080141210150e-01	-1.323223288686296573e-01	9.999999999999981126e-01	-4.664595012332876101e-01	2.819389838533677972e-01	-1.382842618609219365e-01	1.994858009236770702e-01
7.213307048799100230e-02	-5.092703621336943515e-02	6.486091430265374103e-02	-6.394728850742167903e-02	7.133914436295354933e-02	-5.701961065964894493e-02	7.917940290101341261e-02	-5.208241021110508739e-02	6.342296470979534584e-02	-4.792532300030041825e-02	7.106569595274420115e-02	-9.906271134904318099e-02	6.401212839107116304e-02	-7.190250662595512599e-02	7.573138679177840449e-02	-7.223940795606761944e-02	7.362062022632415159e-02	-8.833581171272859855e-02	5.537063226382221703e-02	-5.685369704543154906e-02	1.001936837428510363e-01	-9.269733868688204148e-02	9.672088277738799533e-02	-6.257224575120558241e-02	6.948407730541129868e-02	-1.151455246884179884e-01	1.402719329798784720e-01	-1.373909468554309621e-01	1.292230038922325408e-01	-8.129240735952136809e-02	2.393247215651254922e-01	-2.655969681180300745e-01	2.304175696691461994e-01	-1.474049437033012888e-01	7.637672438796866414e-02	-4.664595012332876101e-01	9.999999999999980016e-01	-7.720999432254017636e-01	1.429484062881783146e-01	-1.147413400957751073e-01
-8.561182509312176281e-02	6.035474250647662742e-02	-7.712268339450781274e-02	7.560206724484341834e-02	-8.500768353058130167e-02	6.720934638146201789e-02	-9.405433893772777165e-02	6.109908024413687050e-02	-7.502962255467776620e-02	5.692937816149228059e-02	-8.369531512700134623e-02	1.141878857212718229e-01	-7.546275470912501560e-02	8.434164994066130350e-02	-9.023915867753511122e-02	8.414642506727867954e-02	-8.596837748099891985e-02	1.022173131180965366e-01	-6.579634233412490207e-02	6.723969432672946556e-02	-1.180668467497818785e-01	1.073669168844764155e-01	-1.154103774071265076e-01	7.392140987996302648e-02	-8.279059191135734741e-02	1.306571728003243504e-01	-1.668314630278639465e-01	1.606975049063180117e-01	-1.595661446599355160e-01	9.517198778308674778e-02	-2.812833067498041739e-01	2.425406571553939683e-01	-3.438638505022220127e-01	1.717378623684411298e-01	-9.131906914377976858e-02	2.819389838533677972e-01	-7.720999432254017636e-01	9.999999999999978906e-01	-2.194155240287496422e-01	1.312751409016062742e-01
5.127442897968703672e-02	-3.709761230378515184e-02	4.781027525897804664e-02	-4.851451068920176191e-02	5.430940714118502599e-02	-4.072121157802684188e-02	5.704002988986750511e-02	-4.070213933387290678e-02	4.972628317044349572e-02	-3.715672604162738313e-02	4.951257439476807604e-02	-7.664970243014831985e-02	4.936503305825519494e-02	-5.916106030540020655e-02	5.864311969122848467e-02	-5.083299940380053838e-02	5.550719726829177192e-02	-6.919718765027409180e-02	4.877996473499233987e-02	-4.815146599407999634e-02	6.459296951648579865e-02	-6.842102371708737307e-02	7.306169788989512470e-02	-5.844397640530554078e-02	5.783165628597521091e-02	-7.376842953165202443e-02	9.634906218214156493e-02	-1.139036540391372559e-01	1.441380708684514844e-01	-9.939575191790732400e-02	1.194067383539436505e-01	-1.149637506732729963e-01	1.285414382783341969e-01	-9.299773322566415867e-01	9.205307256461009446e-02	-1.382842618609219365e-01	1.429484062881783146e-01	-2.194155240287496422e-01	9.999999999999977796e-01	-1.161331056548177698e-01
