1.000000000000000000e+00	-1.456984854771029847e-01	1.136038876566792810e-01	-8.148205465647061219e-02	8.894740034621270719e-02	-9.585818376740050661e-01	1.239861819718067887e-01	-1.454182063981488138e-01	7.807390077140978490e-02	-6.501972946642420315e-02	7.956364776918418980e-02	-7.567661594152960691e-02	5.829241947068365681e-02	-5.730423006225913302e-02	5.826019387916109987e-02	-7.186818627355817668e-02	6.751032991407331096e-02	-5.731896483668702524e-02	6.427961610013073479e-02	-5.566381499128240928e-02	4.366281645353581320e-02	-4.426773186125481513e-02	5.237507450593535674e-02	-5.255240243791597932e-02	7.606775215389428857e-02	-4.539887530199918780e-02	3.772580101027081523e-02	-5.720440347919988205e-02	3.903736928110700805e-02	-4.329161983571965661e-02	1.251908824971116260e-02	-3.141746947903836795e-02	3.990364803463664761e-02	-4.176763423460166241e-02	3.991147330413932076e-02	-1.280756045203387990e-02	3.202325237671676400e-02	-5.734401275579689705e-02	3.558493873343639147e-02	-4.124495404239063301e-02
-1.456984854771029847e-01	1.000000000000000444e+00	-6.495323590656112422e-01	2.254853328387152467e-01	-2.487400366331748713e-01	1.295324415545652530e-01	-5.644957770294398713e-01	3.226236726341881189e-01	-1.770044297120840215e-01	1.341962261962350578e-01	-8.291717291727257466e-02	1.303719621001511453e-01	-9.865301434102849432e-02	1.033089838197858851e-01	-1.060795314903360126e-01	6.972322319005236357e-02	-1.215734378382770653e-01	9.083162063574291845e-02	-1.014194345884994741e-01	8.813980308479686665e-02	-5.562024262879185221e-02	5.544880306956160437e-02	-6.580387997435176162e-02	6.753583991227256333e-02	-1.008118569677270843e-01	4.965398729777573128e-02	-4.254146315103569942e-02	6.466510121325394489e-02	-4.643842667034926014e-02	5.105760698298768968e-02	-1.373833728399642684e-02	3.468584251054004919e-02	-4.499978673502835064e-02	4.755798562895611342e-02	-4.554394073377143748e-02	1.398633899285811957e-02	-3.557848144520187050e-02	6.261184951349900440e-02	-4.012286571727075035e-02	4.589634096391861928e-02
1.136038876566792810e-01	-6.495323590656112422e-01	1.000000000000000666e+00	-4.427290730753123960e-01	2.494321680507176620e-01	-1.200388440637640275e-01	2.857959376347360969e-01	-4.613444684754940406e-01	1.837523516802015977e-01	-1.528555492637773405e-01	7.274229024186160131e-02	-1.126352423230448374e-01	9.592200609359990970e-02	-1.101897731757608134e-01	1.086046254566296887e-01	-6.391550468684668862e-02	9.871372378170999162e-02	-9.190433909683330682e-02	1.011294095757765410e-01	-9.207115888988931518e-02	5.166371373854928423e-02	-5.247175761229324470e-02	6.567834686739197625e-02	-6.893524819636905054e-02	9.964170960127009813e-02	-5.033606131337505646e-02	4.243583006796679963e-02	-6.712520460952822732e-02	4.744553124129867461e-02	-5.265496574096743820e-02	1.402401885163271841e-02	-3.558785453883467342e-02	4.636107972893347556e-02	-4.919089595209244492e-02	4.644563675576920958e-02	-1.433061923693068444e-02	3.622966783811115699e-02	-6.544797887291867178e-02	4.135291902463613528e-02	-4.767795446314121444e-02
-8.148205465647061219e-02	2.254853328387152467e-01	-4.427290730753123960e-01	1.000000000000001110e+00	-6.883357363295624642e-01	8.255393372269027863e-02	-1.498378415971048094e-01	2.067721836761745591e-01	-3.986675441178315626e-01	2.636024525969438148e-01	-6.612226314138056060e-02	9.237562648426984879e-02	-1.246607662416405471e-01	1.699627010767664481e-01	-1.750158572609475383e-01	5.849747418511393876e-02	-8.495812953335286910e-02	1.164344727056403489e-01	-1.428916971180070050e-01	1.315114224350021344e-01	-5.372907005227667981e-02	5.494931662163310415e-02	-8.077709832394455725e-02	8.753575338189027721e-02	-1.315907020174087450e-01	5.764706921186501382e-02	-4.845164964154038273e-02	8.137614189127853614e-02	-5.887251245756940782e-02	6.553886788293210308e-02	-1.646662002875660252e-02	4.211384684809608286e-02	-5.602291327677098171e-02	6.016260080809137517e-02	-5.675663439640823982e-02	1.686045802749869954e-02	-4.272136437259289876e-02	7.894575154000810224e-02	-5.032920606979689182e-02	5.809332901590059245e-02
8.894740034621270719e-02	-2.487400366331748713e-01	2.494321680507176620e-01	-6.883357363295624642e-01	1.000000000000001332e+00	-9.725785596980567049e-02	1.529333128419373689e-01	-2.443151511441606638e-01	2.924076978789345027e-01	-4.709881564802091414e-01	7.343718673229904237e-02	-1.044239667897513546e-01	1.333580969551906303e-01	-1.895318346183944014e-01	1.997994924440605335e-01	-6.696758493782604960e-02	9.310805470735827871e-02	-1.345560503603970282e-01	1.546955807030457042e-01	-1.612739876570487840e-01	6.184779001406618543e-02	-6.416386611244860594e-02	9.373919848074177552e-02	-1.034867880264532386e-01	1.470238274236634335e-01	-7.039048923913837630e-02	5.819568148713748224e-02	-9.996726955393922531e-02	7.016809214588927424e-02	-7.918603570094652488e-02	2.004964336587810106e-02	-5.147848068284725798e-02	6.819560511874857289e-02	-7.325810736131160850e-02	6.775182935491168290e-02	-2.060214905909009409e-02	5.180769384863190274e-02	-9.787725179771938899e-02	6.106427092937095902e-02	-7.116182276255522687e-02
-9.585818376740050661e-01	1.295324415545652530e-01	-1.200388440637640275e-01	8.255393372269027863e-02	-9.725785596980567049e-02	1.000000000000001332e+00	-1.326909236770077993e-01	1.312238378136030559e-01	-8.368823296241391374e-02	6.763862288654116928e-02	-8.791397824062800737e-02	7.499293852536406679e-02	-6.080338311746107116e-02	5.959245471864810240e-02	-6.171150034129382900e-02	7.185901651167517223e-02	-7.000172737764380482e-02	5.848571357650930030e-02	-6.765488341060259259e-02	5.784559311702748563e-02	-4.455911974916273999e-02	4.439502158667275183e-02	-5.336521423972519218e-02	5.301057709933924833e-02	-8.095260348864295741e-02	4.418114219066787002e-02	-3.744315378736477046e-02	5.562990280152818601e-02	-3.907063312892754964e-02	4.302073881886993301e-02	-1.227630471335941498e-02	3.069530807474207812e-02	-3.914359093462732586e-02	4.102833367854478303e-02	-4.001874909492940391e-02	1.251207680368107006e-02	-3.155880680446962461e-02	5.528714762808933231e-02	-3.506744756816596031e-02	4.031399137443476832e-02
1.239861819718067887e-01	-5.644957770294398713e-01	2.857959376347360969e-01	-1.498378415971048094e-01	1.529333128419373689e-01	-1.326909236770077993e-01	1.000000000000000444e+00	-7.114011077254603910e-01	1.248392042214769987e-01	-9.825045170222082569e-02	8.764734675622833093e-02	-1.992010185345164386e-01	9.250820269543835739e-02	-8.404921874885840083e-02	8.163996077744098412e-02	-7.517598697951737019e-02	1.449224641914964862e-01	-8.546941529085469447e-02	8.394192824192887870e-02	-7.174972855063793675e-02	5.596100165129684612e-02	-5.628025589585848587e-02	5.795831967623037151e-02	-5.836240155071978353e-02	8.305939390601367600e-02	-4.533916520829275182e-02	3.892798945788447651e-02	-5.656964631425090428e-02	3.997418275923065450e-02	-4.377485720238609435e-02	1.220953255541778505e-02	-3.072048881252490565e-02	3.929282875259704211e-02	-4.115235468427180798e-02	3.913374626820179114e-02	-1.240547744559950157e-02	3.156010029870429112e-02	-5.448825337904426858e-02	3.470622343578633889e-02	-3.958348655951676731e-02
-1.454182063981488138e-01	3.226236726341881189e-01	-4.613444684754940406e-01	2.067721836761745591e-01	-2.443151511441606638e-01	1.312238378136030559e-01	-7.114011077254603910e-01	1.000000000000001332e+00	-1.937398981950357868e-01	1.425891658749339208e-01	-1.064457729450203893e-01	1.634114793064261328e-01	-1.213815975623354498e-01	1.168084942508813007e-01	-1.179790094710736759e-01	8.725255024930581027e-02	-1.587603429593327509e-01	1.085446291232460003e-01	-1.170566451333482361e-01	9.977376193419355832e-02	-6.896040190047808549e-02	6.807901174525979315e-02	-7.728220296342439011e-02	7.830940865718256927e-02	-1.167824889879058303e-01	5.846329368666947773e-02	-5.048631382217310531e-02	7.477226506043063714e-02	-5.381166938328391103e-02	5.891350131643375426e-02	-1.605522283763169064e-02	4.041827954625054620e-02	-5.217446312313227946e-02	5.493874626746456796e-02	-5.283032853233443626e-02	1.631287803019812119e-02	-4.160744100765776526e-02	7.213855929664469979e-02	-4.641761239095468228e-02	5.290462866714652768e-02
7.807390077140978490e-02	-1.770044297120840215e-01	1.837523516802015977e-01	-3.986675441178315626e-01	2.924076978789345027e-01	-8.368823296241391374e-02	1.248392042214769987e-01	-1.937398981950357868e-01	1.000000000000000444e+00	-5.905437210893893507e-01	8.387571971066666576e-02	-1.242567590590216292e-01	2.065258248801309926e-01	-4.599958169338353442e-01	2.887209259696088548e-01	-7.757934129793626898e-02	1.103377172575907561e-01	-2.106094243962126078e-01	2.292171581049116669e-01	-2.323346130261020603e-01	7.657268789961457767e-02	-8.039358716130569349e-02	1.247206611379678837e-01	-1.424315000941348275e-01	1.918893464072260469e-01	-8.963212879549621592e-02	7.387326445000333419e-02	-1.313963829754210555e-01	9.265099321230481355e-02	-1.046650336637056783e-01	2.567326319516878216e-02	-6.634695684855006215e-02	8.888743898181557246e-02	-9.606761898003261801e-02	8.772202906635200026e-02	-2.640914709212207820e-02	6.651950889493586649e-02	-1.273050474301153645e-01	7.947704673743398451e-02	-9.266955363466866658e-02
-6.501972946642420315e-02	1.341962261962350578e-01	-1.528555492637773405e-01	2.636024525969438148e-01	-4.709881564802091414e-01	6.763862288654116928e-02	-9.825045170222082569e-02	1.425891658749339208e-01	-5.905437210893893507e-01	1.000000000000000444e+00	-7.257869800089765400e-02	1.012689782879596656e-01	-1.829748008701462536e-01	2.764623899590328282e-01	-4.809537016831209599e-01	6.540683746680170385e-02	-9.413360272346689428e-02	1.679816510842751520e-01	-2.268675830350163625e-01	2.268205464215015676e-01	-6.648981828908361036e-02	6.870152546565291840e-02	-1.121861783791182482e-01	1.253547187366686189e-01	-2.039703277355710831e-01	7.508171536788500744e-02	-6.296266776732400983e-02	1.104283346280467426e-01	-8.202811604129543743e-02	9.155755188842468195e-02	-2.173545543918810330e-02	5.599403137271742603e-02	-7.577878360527565138e-02	8.228151899670996250e-02	-7.747663957171530003e-02	2.228226858970260363e-02	-5.662267800726917405e-02	1.062679487784524701e-01	-6.843842686272261222e-02	7.893860275899627910e-02
7.956364776918418980e-02	-8.291717291727257466e-02	7.274229024186160131e-02	-6.612226314138056060e-02	7.343718673229904237e-02	-8.791397824062800737e-02	8.764734675622833093e-02	-1.064457729450203893e-01	8.387571971066666576e-02	-7.257869800089765400e-02	9.999999999999992228e-01	-2.752698091904407507e-01	1.083705380989247596e-01	-8.322885077883640514e-02	7.689562345857428594e-02	-8.896002650401254597e-01	2.316147772105181524e-01	-1.151268070486518302e-01	9.830573248059713831e-02	-8.107003628152487096e-02	1.473042138827377612e-01	-1.523406353373753241e-01	9.616176862409520076e-02	-9.039709476887314299e-02	1.073970005120055138e-01	-9.796796862271668627e-02	7.892825178437717915e-02	-9.792391451038157113e-02	6.323109862823111937e-02	-6.833901630323185872e-02	2.283846560730572878e-02	-5.647704070281259203e-02	6.743098757052454206e-02	-6.774588112160657982e-02	6.233227517395834721e-02	-2.313905884275841568e-02	5.776460046135117876e-02	-9.378943905144332405e-02	5.725173300574520202e-02	-6.469955182146747141e-02
-7.567661594152960691e-02	1.303719621001511453e-01	-1.126352423230448374e-01	9.237562648426984879e-02	-1.044239667897513546e-01	7.499293852536406679e-02	-1.992010185345164386e-01	1.634114793064261328e-01	-1.242567590590216292e-01	1.012689782879596656e-01	-2.752698091904407507e-01	9.999999999999988898e-01	-2.499458437691405854e-01	1.311489328690288170e-01	-1.137781891645526650e-01	2.194700163805815285e-01	-8.202865489380569697e-01	1.952983647182821025e-01	-1.446959606817103672e-01	1.100834472824335497e-01	-1.616037346249095119e-01	1.579770591689970416e-01	-1.118471478947852399e-01	1.034954463760258403e-01	-1.314134790334547942e-01	9.090176552848838742e-02	-8.078722737431576206e-02	9.870307805553520109e-02	-6.833912231676368687e-02	7.278187116008787150e-02	-2.256369673201427326e-02	5.604561076071675613e-02	-6.868712192703864405e-02	6.965865042344938918e-02	-6.554293595001232930e-02	2.266948156811618431e-02	-5.838425881604034778e-02	9.189898906336183004e-02	-5.871403278801530512e-02	6.549901697331955708e-02
5.829241947068365681e-02	-9.865301434102849432e-02	9.592200609359990970e-02	-1.246607662416405471e-01	1.333580969551906303e-01	-6.080338311746107116e-02	9.250820269543835739e-02	-1.213815975623354498e-01	2.065258248801309926e-01	-1.829748008701462536e-01	1.083705380989247596e-01	-2.499458437691405854e-01	1.000000000000001110e+00	-4.361916928944107319e-01	2.198662276576460739e-01	-1.014819377805496192e-01	1.894083317103117947e-01	-7.336768583577811809e-01	2.792742308130315432e-01	-2.210895666874318488e-01	9.362068015808487631e-02	-9.953387915079157933e-02	1.496675072880827573e-01	-1.604705233347024640e-01	1.848364424795484462e-01	-9.397423133062068890e-02	7.866276288619102053e-02	-1.383890610425918266e-01	9.676179723363662055e-02	-1.061415435454258066e-01	2.641017936832291621e-02	-6.829909879685502894e-02	9.223240452359841857e-02	-9.842727608973765585e-02	8.875117555264677716e-02	-2.705361142968178492e-02	6.876475041525806353e-02	-1.281690690384839071e-01	8.080476153577323406e-02	-9.272058143655612095e-02
-5.730423006225913302e-02	1.033089838197858851e-01	-1.101897731757608134e-01	1.699627010767664481e-01	-1.895318346183944014e-01	5.959245471864810240e-02	-8.404921874885840083e-02	1.168084942508813007e-01	-4.599958169338353442e-01	2.764623899590328282e-01	-8.322885077883640514e-02	1.311489328690288170e-01	-4.361916928944107319e-01	1.000000000000001332e+00	-5.250209094310308577e-01	7.551627576716959944e-02	-1.215652888596749220e-01	2.745956478567124770e-01	-4.164627954852620495e-01	2.734180303581905114e-01	-7.827962463329724008e-02	8.135247921550887995e-02	-1.392859294041778051e-01	1.580169642770522520e-01	-2.203927678935228007e-01	8.503794392228013199e-02	-7.163460583045262731e-02	1.275987064170318874e-01	-9.611836784558376590e-02	1.049577218820446495e-01	-2.456545949822755773e-02	6.353696769354100216e-02	-8.701305013566082436e-02	9.446084194408674306e-02	-8.750952207937728877e-02	2.516018061709933071e-02	-6.422641248976652950e-02	1.202528865969568622e-01	-7.789579042400712749e-02	8.927334015639151743e-02
5.826019387916109987e-02	-1.060795314903360126e-01	1.086046254566296887e-01	-1.750158572609475383e-01	1.997994924440605335e-01	-6.171150034129382900e-02	8.163996077744098412e-02	-1.179790094710736759e-01	2.887209259696088548e-01	-4.809537016831209599e-01	7.689562345857428594e-02	-1.137781891645526650e-01	2.198662276576460739e-01	-5.250209094310308577e-01	1.000000000000002442e+00	-7.140232757652002771e-02	1.027956676875416003e-01	-2.281239063451050708e-01	2.833094294207906261e-01	-5.168245698344789973e-01	7.615948408040305873e-02	-8.039512293154184308e-02	1.343724839973192975e-01	-1.601859499761630612e-01	2.391238268025440428e-01	-9.136067362046171314e-02	7.543006469782641277e-02	-1.383679810250997289e-01	1.007387116979582137e-01	-1.153690244058144243e-01	2.644053068234840376e-02	-6.873442262595051699e-02	9.340342099734513792e-02	-1.023606245668025466e-01	9.335561826648451633e-02	-2.720635758631523293e-02	6.880967193845868857e-02	-1.329303831031457550e-01	8.407090095385602591e-02	-9.799681536756829625e-02
-7.186818627355817668e-02	6.972322319005236357e-02	-6.391550468684668862e-02	5.849747418511393876e-02	-6.696758493782604960e-02	7.185901651167517223e-02	-7.517598697951737019e-02	8.725255024930581027e-02	-7.757934129793626898e-02	6.540683746680170385e-02	-8.896002650401254597e-01	2.194700163805815285e-01	-1.014819377805496192e-01	7.551627576716959944e-02	-7.140232757652002771e-02	1.000000000000002442e+00	-3.050129958308657740e-01	1.032109967916690074e-01	-9.246090432815400051e-02	7.389529871347119694e-02	-1.769570484965220236e-01	1.482031268427787818e-01	-9.084546367367168918e-02	8.197690747787660104e-02	-1.020505683900016086e-01	8.889596677757780063e-02	-7.552383181862301620e-02	8.531612854120670941e-02	-5.685552739115954518e-02	6.051265002344657917e-02	-2.068706954337926063e-02	5.066974155696087057e-02	-5.976662410569954370e-02	5.949393959468027293e-02	-5.605939320133999232e-02	2.076190031169260208e-02	-5.281340341141007449e-02	8.061531315131734154e-02	-5.057978251643625855e-02	5.632638587151699017e-02
6.751032991407331096e-02	-1.215734378382770653e-01	9.871372378170999162e-02	-8.495812953335286910e-02	9.310805470735827871e-02	-7.000172737764380482e-02	1.449224641914964862e-01	-1.587603429593327509e-01	1.103377172575907561e-01	-9.413360272346689428e-02	2.316147772105181524e-01	-8.202865489380569697e-01	1.894083317103117947e-01	-1.215652888596749220e-01	1.027956676875416003e-01	-3.050129958308657740e-01	9.999999999999990008e-01	-2.211980124929187885e-01	1.351757792560477622e-01	-1.057240348814361547e-01	1.657959214229123568e-01	-2.105839560650800690e-01	1.119489966619953425e-01	-1.047558987066830455e-01	1.223037166721343272e-01	-9.515468618016008351e-02	8.153610427649934933e-02	-1.013286684414881206e-01	6.792920011119417401e-02	-7.265477348013685277e-02	2.280264476736405810e-02	-5.690089846824344239e-02	6.939908646866956021e-02	-7.022336259448838658e-02	6.467526216061179889e-02	-2.298589548720873788e-02	5.859472844324518231e-02	-9.373383231613482969e-02	5.882131052929166076e-02	-6.585772115865712317e-02
-5.731896483668702524e-02	9.083162063574291845e-02	-9.190433909683330682e-02	1.164344727056403489e-01	-1.345560503603970282e-01	5.848571357650930030e-02	-8.546941529085469447e-02	1.085446291232460003e-01	-2.106094243962126078e-01	1.679816510842751520e-01	-1.151268070486518302e-01	1.952983647182821025e-01	-7.336768583577811809e-01	2.745956478567124770e-01	-2.281239063451050708e-01	1.032109967916690074e-01	-2.211980124929187885e-01	9.999999999999988898e-01	-4.436670863059511416e-01	2.195208524896331559e-01	-1.014567070113083086e-01	1.047444397623720352e-01	-1.889464310528854163e-01	1.764262248369265762e-01	-2.092408855178278237e-01	9.349680371910537580e-02	-8.071219297420967331e-02	1.393114181689248388e-01	-1.032070799051620219e-01	1.084173007690942686e-01	-2.657949195159248212e-02	6.844618531946962403e-02	-9.441753242788658573e-02	9.987844630432982096e-02	-9.235841245132535293e-02	2.706441134517260927e-02	-6.984105780991833878e-02	1.255048268985162474e-01	-8.234948334600809827e-02	9.256613532395777111e-02
6.427961610013073479e-02	-1.014194345884994741e-01	1.011294095757765410e-01	-1.428916971180070050e-01	1.546955807030457042e-01	-6.765488341060259259e-02	8.394192824192887870e-02	-1.170566451333482361e-01	2.292171581049116669e-01	-2.268675830350163625e-01	9.830573248059713831e-02	-1.446959606817103672e-01	2.792742308130315432e-01	-4.164627954852620495e-01	2.833094294207906261e-01	-9.246090432815400051e-02	1.351757792560477622e-01	-4.436670863059511416e-01	9.999999999999990008e-01	-5.229680096258393363e-01	1.062238024105157524e-01	-1.139662570428058019e-01	2.145958129679640669e-01	-3.237742712639457565e-01	2.866648764909792146e-01	-1.257665775111487805e-01	1.046521469588377468e-01	-2.000569170905976690e-01	1.524001969389796596e-01	-1.657213970036497397e-01	3.665543510165598234e-02	-9.594825406759616149e-02	1.334398470542857151e-01	-1.483812331957440889e-01	1.311157097166098517e-01	-3.766721300512518300e-02	9.602890851900076907e-02	-1.853270805842782698e-01	1.191762244840380291e-01	-1.375276219794807075e-01
-5.566381499128240928e-02	8.813980308479686665e-02	-9.207115888988931518e-02	1.315114224350021344e-01	-1.612739876570487840e-01	5.784559311702748563e-02	-7.174972855063793675e-02	9.977376193419355832e-02	-2.323346130261020603e-01	2.268205464215015676e-01	-8.107003628152487096e-02	1.100834472824335497e-01	-2.210895666874318488e-01	2.734180303581905114e-01	-5.168245698344789973e-01	7.389529871347119694e-02	-1.057240348814361547e-01	2.195208524896331559e-01	-5.229680096258393363e-01	1.000000000000001332e+00	-8.599113476759327745e-02	8.970951892081548140e-02	-1.688608317869593756e-01	2.042427371677943970e-01	-5.120315937261509243e-01	1.014268041888305855e-01	-8.529495600090851448e-02	1.575680068051254490e-01	-1.267981694871956888e-01	1.434817597438886871e-01	-2.990035576651079233e-02	7.778756395164825033e-02	-1.081528652092565573e-01	1.205247798221679850e-01	-1.144706658639997737e-01	3.066639143305381968e-02	-7.849674679668494637e-02	1.495878896542330860e-01	-9.922982528526222423e-02	1.139924603811987847e-01
4.366281645353581320e-02	-5.562024262879185221e-02	5.166371373854928423e-02	-5.372907005227667981e-02	6.184779001406618543e-02	-4.455911974916273999e-02	5.596100165129684612e-02	-6.896040190047808549e-02	7.657268789961457767e-02	-6.648981828908361036e-02	1.473042138827377612e-01	-1.616037346249095119e-01	9.362068015808487631e-02	-7.827962463329724008e-02	7.615948408040305873e-02	-1.769570484965220236e-01	1.657959214229123568e-01	-1.014567070113083086e-01	1.062238024105157524e-01	-8.599113476759327745e-02	9.999999999999983347e-01	-8.617892440770291707e-01	1.808228472507689144e-01	-1.490054835720089066e-01	1.330654829788768811e-01	-2.767313434103527148e-01	1.845233643651058020e-01	-1.539518513805276934e-01	9.154868004565343276e-02	-9.285065384837255797e-02	4.123018718476182537e-02	-9.915223761397587432e-02	1.039207780891170663e-01	-9.625466317575709363e-02	8.542107317016639501e-02	-4.078037695341951707e-02	1.017201904987024563e-01	-1.319427460068904878e-01	8.057093167156520463e-02	-8.553014129247261954e-02
-4.426773186125481513e-02	5.544880306956160437e-02	-5.247175761229324470e-02	5.494931662163310415e-02	-6.416386611244860594e-02	4.439502158667275183e-02	-5.628025589585848587e-02	6.807901174525979315e-02	-8.039358716130569349e-02	6.870152546565291840e-02	-1.523406353373753241e-01	1.579770591689970416e-01	-9.953387915079157933e-02	8.135247921550887995e-02	-8.039512293154184308e-02	1.482031268427787818e-01	-2.105839560650800690e-01	1.047444397623720352e-01	-1.139662570428058019e-01	8.970951892081548140e-02	-8.617892440770291707e-01	1.000000000000000000e+00	-2.406562387524059377e-01	1.521663964061986118e-01	-1.442536194050243470e-01	2.000696039049879860e-01	-1.970407810890773548e-01	1.484565231537104957e-01	-9.392949006960958636e-02	9.242233721728364271e-02	-3.995045967584251456e-02	9.723869894775787059e-02	-1.038058947901792373e-01	9.445283380433595888e-02	-8.669453676240586326e-02	3.897500188482257155e-02	-1.036522402806089316e-01	1.252636124235828041e-01	-7.998677451175412179e-02	8.355102209019552029e-02
5.237507450593535674e-02	-6.580387997435176162e-02	6.567834686739197625e-02	-8.077709832394455725e-02	9.373919848074177552e-02	-5.336521423972519218e-02	5.795831967623037151e-02	-7.728220296342439011e-02	1.247206611379678837e-01	-1.121861783791182482e-01	9.616176862409520076e-02	-1.118471478947852399e-01	1.496675072880827573e-01	-1.392859294041778051e-01	1.343724839973192975e-01	-9.084546367367168918e-02	1.119489966619953425e-01	-1.889464310528854163e-01	2.145958129679640669e-01	-1.688608317869593756e-01	1.808228472507689144e-01	-2.406562387524059377e-01	9.999999999999998890e-01	-6.727313011050684022e-01	2.585491614817196360e-01	-1.748145861473397178e-01	1.549482365556309471e-01	-4.446799616620776274e-01	2.265116784351836887e-01	-2.129916435365942773e-01	5.128801593071481008e-02	-1.391815512736535587e-01	2.208138785432084139e-01	-2.159279131710456767e-01	1.726321245329560661e-01	-5.203306933056603412e-02	1.389703306608455202e-01	-2.553427077033015302e-01	1.645318689090822795e-01	-1.727269590574763702e-01
-5.255240243791597932e-02	6.753583991227256333e-02	-6.893524819636905054e-02	8.753575338189027721e-02	-1.034867880264532386e-01	5.301057709933924833e-02	-5.836240155071978353e-02	7.830940865718256927e-02	-1.424315000941348275e-01	1.253547187366686189e-01	-9.039709476887314299e-02	1.034954463760258403e-01	-1.604705233347024640e-01	1.580169642770522520e-01	-1.601859499761630612e-01	8.197690747787660104e-02	-1.047558987066830455e-01	1.764262248369265762e-01	-3.237742712639457565e-01	2.042427371677943970e-01	-1.490054835720089066e-01	1.521663964061986118e-01	-6.727313011050684022e-01	9.999999999999997780e-01	-3.822097056667292936e-01	1.389275908547388805e-01	-1.292642609097635342e-01	2.576051658111445652e-01	-3.528394231928962954e-01	2.281609138856382224e-01	-4.356962139838243403e-02	1.142321099952196134e-01	-1.854385873978786348e-01	2.083487923985838097e-01	-1.877481713569086608e-01	4.378865309564362179e-02	-1.195942376361933540e-01	2.051307693541011834e-01	-1.637479184660697862e-01	1.672358213664209003e-01
7.606775215389428857e-02	-1.008118569677270843e-01	9.964170960127009813e-02	-1.315907020174087450e-01	1.470238274236634335e-01	-8.095260348864295741e-02	8.305939390601367600e-02	-1.167824889879058303e-01	1.918893464072260469e-01	-2.039703277355710831e-01	1.073970005120055138e-01	-1.314134790334547942e-01	1.848364424795484462e-01	-2.203927678935228007e-01	2.391238268025440428e-01	-1.020505683900016086e-01	1.223037166721343272e-01	-2.092408855178278237e-01	2.866648764909792146e-01	-5.120315937261509243e-01	1.330654829788768811e-01	-1.442536194050243470e-01	2.585491614817196360e-01	-3.822097056667292936e-01	9.999999999999994449e-01	-1.921366597527150999e-01	1.550097859755626140e-01	-3.087614307221106524e-01	2.335867712096604820e-01	-3.196123908450551054e-01	5.674905815099297313e-02	-1.498023351252136537e-01	2.058792631704650655e-01	-2.369991766192507676e-01	2.131007180478429464e-01	-5.878412269866246237e-02	1.477857759485594058e-01	-3.020218589028587641e-01	1.905005955291385056e-01	-2.284159268905351370e-01
-4.539887530199918780e-02	4.965398729777573128e-02	-5.033606131337505646e-02	5.764706921186501382e-02	-7.039048923913837630e-02	4.418114219066787002e-02	-4.533916520829275182e-02	5.846329368666947773e-02	-8.963212879549621592e-02	7.508171536788500744e-02	-9.796796862271668627e-02	9.090176552848838742e-02	-9.397423133062068890e-02	8.503794392228013199e-02	-9.136067362046171314e-02	8.889596677757780063e-02	-9.515468618016008351e-02	9.349680371910537580e-02	-1.257665775111487805e-01	1.014268041888305855e-01	-2.767313434103527148e-01	2.000696039049879860e-01	-1.748145861473397178e-01	1.389275908547388805e-01	-1.921366597527150999e-01	1.000000000000000000e+00	-8.040372528047795564e-01	1.958376076102891217e-01	-1.164419532342250430e-01	1.145691295756527395e-01	-1.109565907533761886e-01	2.349317420405008516e-01	-1.668899065499082901e-01	1.260995633354733692e-01	-1.223458126391447076e-01	9.972409432372489335e-02	-2.677293181066392469e-01	1.862715109880493936e-01	-1.152345284984993279e-01	1.114214798789547461e-01
3.772580101027081523e-02	-4.254146315103569942e-02	4.243583006796679963e-02	-4.845164964154038273e-02	5.819568148713748224e-02	-3.744315378736477046e-02	3.892798945788447651e-02	-5.048631382217310531e-02	7.387326445000333419e-02	-6.296266776732400983e-02	7.892825178437717915e-02	-8.078722737431576206e-02	7.866276288619102053e-02	-7.163460583045262731e-02	7.543006469782641277e-02	-7.552383181862301620e-02	8.153610427649934933e-02	-8.071219297420967331e-02	1.046521469588377468e-01	-8.529495600090851448e-02	1.845233643651058020e-01	-1.970407810890773548e-01	1.549482365556309471e-01	-1.292642609097635342e-01	1.550097859755626140e-01	-8.040372528047795564e-01	1.000000000000000222e+00	-2.395229041483870891e-01	1.100945174247818237e-01	-1.093929425886627227e-01	1.020548186863898532e-01	-3.555021332639789478e-01	1.762955997319648471e-01	-1.285421705493366151e-01	1.122886235226035756e-01	-1.024512194464378412e-01	2.397990148559715762e-01	-2.060261102254815069e-01	1.127696814792148311e-01	-1.105336964474044614e-01
-5.720440347919988205e-02	6.466510121325394489e-02	-6.712520460952822732e-02	8.137614189127853614e-02	-9.996726955393922531e-02	5.562990280152818601e-02	-5.656964631425090428e-02	7.477226506043063714e-02	-1.313963829754210555e-01	1.104283346280467426e-01	-9.792391451038157113e-02	9.870307805553520109e-02	-1.383890610425918266e-01	1.275987064170318874e-01	-1.383679810250997289e-01	8.531612854120670941e-02	-1.013286684414881206e-01	1.393114181689248388e-01	-2.000569170905976690e-01	1.575680068051254490e-01	-1.539518513805276934e-01	1.484565231537104957e-01	-4.446799616620776274e-01	2.576051658111445652e-01	-3.087614307221106524e-01	1.958376076102891217e-01	-2.395229041483870891e-01	9.999999999999991118e-01	-2.452082085684992308e-01	2.007705043658638000e-01	-7.294916919036337211e-02	2.020711454605085555e-01	-5.992125968125412427e-01	2.424149805699469251e-01	-2.138799648295812705e-01	7.081476911252201911e-02	-2.180205061642836450e-01	2.995502992578134016e-01	-2.127417224214074309e-01	1.843676927699721135e-01
3.903736928110700805e-02	-4.643842667034926014e-02	4.744553124129867461e-02	-5.887251245756940782e-02	7.016809214588927424e-02	-3.907063312892754964e-02	3.997418275923065450e-02	-5.381166938328391103e-02	9.265099321230481355e-02	-8.202811604129543743e-02	6.323109862823111937e-02	-6.833912231676368687e-02	9.676179723363662055e-02	-9.611836784558376590e-02	1.007387116979582137e-01	-5.685552739115954518e-02	6.792920011119417401e-02	-1.032070799051620219e-01	1.524001969389796596e-01	-1.267981694871956888e-01	9.154868004565343276e-02	-9.392949006960958636e-02	2.265116784351836887e-01	-3.528394231928962954e-01	2.335867712096604820e-01	-1.164419532342250430e-01	1.100945174247818237e-01	-2.452082085684992308e-01	9.999999999999994449e-01	-6.223699784096929921e-01	4.140728544221700808e-02	-1.134752512185635970e-01	2.015151009680280492e-01	-5.097971494979218754e-01	2.747385640968750820e-01	-4.175427179917930859e-02	1.177066404528399612e-01	-2.265675388862171125e-01	2.420534238390837367e-01	-2.555769428818795985e-01
-4.329161983571965661e-02	5.105760698298768968e-02	-5.265496574096743820e-02	6.553886788293210308e-02	-7.918603570094652488e-02	4.302073881886993301e-02	-4.377485720238609435e-02	5.891350131643375426e-02	-1.046650336637056783e-01	9.155755188842468195e-02	-6.833901630323185872e-02	7.278187116008787150e-02	-1.061415435454258066e-01	1.049577218820446495e-01	-1.153690244058144243e-01	6.051265002344657917e-02	-7.265477348013685277e-02	1.084173007690942686e-01	-1.657213970036497397e-01	1.434817597438886871e-01	-9.285065384837255797e-02	9.242233721728364271e-02	-2.129916435365942773e-01	2.281609138856382224e-01	-3.196123908450551054e-01	1.145691295756527395e-01	-1.093929425886627227e-01	2.007705043658638000e-01	-6.223699784096929921e-01	9.999999999999986677e-01	-4.067932186522593002e-02	1.067600964445578754e-01	-1.782351583301015618e-01	2.766453513974793665e-01	-5.374512969627760484e-01	4.080571244032502043e-02	-1.153350908249748674e-01	2.073594612132663162e-01	-2.469066733047945994e-01	2.598903460993843284e-01
1.251908824971116260e-02	-1.373833728399642684e-02	1.402401885163271841e-02	-1.646662002875660252e-02	2.004964336587810106e-02	-1.227630471335941498e-02	1.220953255541778505e-02	-1.605522283763169064e-02	2.567326319516878216e-02	-2.173545543918810330e-02	2.283846560730572878e-02	-2.256369673201427326e-02	2.641017936832291621e-02	-2.456545949822755773e-02	2.644053068234840376e-02	-2.068706954337926063e-02	2.280264476736405810e-02	-2.657949195159248212e-02	3.665543510165598234e-02	-2.990035576651079233e-02	4.123018718476182537e-02	-3.995045967584251456e-02	5.128801593071481008e-02	-4.356962139838243403e-02	5.674905815099297313e-02	-1.109565907533761886e-01	1.020548186863898532e-01	-7.294916919036337211e-02	4.140728544221700808e-02	-4.067932186522593002e-02	1.000000000000000444e+00	-1.984726886714036631e-01	7.606981042387908620e-02	-5.084528328769040428e-02	4.418751841694426585e-02	-9.555215481429244484e-01	1.724258994844677928e-01	-9.116719547509338772e-02	4.669088586222789466e-02	-4.304638409586322711e-02
-3.141746947903836795e-02	3.468584251054004919e-02	-3.558785453883467342e-02	4.211384684809608286e-02	-5.147848068284725798e-02	3.069530807474207812e-02	-3.072048881252490565e-02	4.041827954625054620e-02	-6.634695684855006215e-02	5.599403137271742603e-02	-5.647704070281259203e-02	5.604561076071675613e-02	-6.829909879685502894e-02	6.353696769354100216e-02	-6.873442262595051699e-02	5.066974155696087057e-02	-5.690089846824344239e-02	6.844618531946962403e-02	-9.594825406759616149e-02	7.778756395164825033e-02	-9.915223761397587432e-02	9.723869894775787059e-02	-1.391815512736535587e-01	1.142321099952196134e-01	-1.498023351252136537e-01	2.349317420405008516e-01	-3.555021332639789478e-01	2.020711454605085555e-01	-1.134752512185635970e-01	1.067600964445578754e-01	-1.984726886714036631e-01	9.999999999999996669e-01	-2.969464680868456607e-01	1.410335413515156067e-01	-1.190659068646110486e-01	1.670550082896616606e-01	-7.784587133067925047e-01	2.473093687093384507e-01	-1.311629263267560797e-01	1.121060927998974999e-01
3.990364803463664761e-02	-4.499978673502835064e-02	4.636107972893347556e-02	-5.602291327677098171e-02	6.819560511874857289e-02	-3.914359093462732586e-02	3.929282875259704211e-02	-5.217446312313227946e-02	8.888743898181557246e-02	-7.577878360527565138e-02	6.743098757052454206e-02	-6.868712192703864405e-02	9.223240452359841857e-02	-8.701305013566082436e-02	9.340342099734513792e-02	-5.976662410569954370e-02	6.939908646866956021e-02	-9.441753242788658573e-02	1.334398470542857151e-01	-1.081528652092565573e-01	1.039207780891170663e-01	-1.038058947901792373e-01	2.208138785432084139e-01	-1.854385873978786348e-01	2.058792631704650655e-01	-1.668899065499082901e-01	1.762955997319648471e-01	-5.992125968125412427e-01	2.015151009680280492e-01	-1.782351583301015618e-01	7.606981042387908620e-02	-2.969464680868456607e-01	9.999999999999992228e-01	-3.538067986595890280e-01	1.876894728450545780e-01	-7.592044311679134461e-02	2.356165024135863373e-01	-5.440800486158645644e-01	2.305520836628798254e-01	-1.864061982468019907e-01
-4.176763423460166241e-02	4.755798562895611342e-02	-4.919089595209244492e-02	6.016260080809137517e-02	-7.325810736131160850e-02	4.102833367854478303e-02	-4.115235468427180798e-02	5.493874626746456796e-02	-9.606761898003261801e-02	8.228151899670996250e-02	-6.774588112160657982e-02	6.965865042344938918e-02	-9.842727608973765585e-02	9.446084194408674306e-02	-1.023606245668025466e-01	5.949393959468027293e-02	-7.022336259448838658e-02	9.987844630432982096e-02	-1.483812331957440889e-01	1.205247798221679850e-01	-9.625466317575709363e-02	9.445283380433595888e-02	-2.159279131710456767e-01	2.083487923985838097e-01	-2.369991766192507676e-01	1.260995633354733692e-01	-1.285421705493366151e-01	2.424149805699469251e-01	-5.097971494979218754e-01	2.766453513974793665e-01	-5.084528328769040428e-02	1.410335413515156067e-01	-3.538067986595890280e-01	9.999999999999992228e-01	-3.361485608107401268e-01	5.032121322029498023e-02	-1.540115228103193235e-01	2.772859926025202926e-01	-5.560115923550001948e-01	2.803317104795761128e-01
3.991147330413932076e-02	-4.554394073377143748e-02	4.644563675576920958e-02	-5.675663439640823982e-02	6.775182935491168290e-02	-4.001874909492940391e-02	3.913374626820179114e-02	-5.283032853233443626e-02	8.772202906635200026e-02	-7.747663957171530003e-02	6.233227517395834721e-02	-6.554293595001232930e-02	8.875117555264677716e-02	-8.750952207937728877e-02	9.335561826648451633e-02	-5.605939320133999232e-02	6.467526216061179889e-02	-9.235841245132535293e-02	1.311157097166098517e-01	-1.144706658639997737e-01	8.542107317016639501e-02	-8.669453676240586326e-02	1.726321245329560661e-01	-1.877481713569086608e-01	2.131007180478429464e-01	-1.223458126391447076e-01	1.122886235226035756e-01	-2.138799648295812705e-01	2.747385640968750820e-01	-5.374512969627760484e-01	4.418751841694426585e-02	-1.190659068646110486e-01	1.876894728450545780e-01	-3.361485608107401268e-01	9.999999999999993339e-01	-4.501248633361740886e-02	1.241993917289043736e-01	-2.609777310145010021e-01	2.860485192438851909e-01	-6.236090674130232436e-01
-1.280756045203387990e-02	1.398633899285811957e-02	-1.433061923693068444e-02	1.686045802749869954e-02	-2.060214905909009409e-02	1.251207680368107006e-02	-1.240547744559950157e-02	1.631287803019812119e-02	-2.640914709212207820e-02	2.228226858970260363e-02	-2.313905884275841568e-02	2.266948156811618431e-02	-2.705361142968178492e-02	2.516018061709933071e-02	-2.720635758631523293e-02	2.076190031169260208e-02	-2.298589548720873788e-02	2.706441134517260927e-02	-3.766721300512518300e-02	3.066639143305381968e-02	-4.078037695341951707e-02	3.897500188482257155e-02	-5.203306933056603412e-02	4.378865309564362179e-02	-5.878412269866246237e-02	9.972409432372489335e-02	-1.024512194464378412e-01	7.081476911252201911e-02	-4.175427179917930859e-02	4.080571244032502043e-02	-9.555215481429244484e-01	1.670550082896616606e-01	-7.592044311679134461e-02	5.032121322029498023e-02	-4.501248633361740886e-02	9.999999999999994449e-01	-2.079224908080731238e-01	8.931000231069965989e-02	-4.719161886980464266e-02	4.290790187660020044e-02
3.202325237671676400e-02	-3.557848144520187050e-02	3.622966783811115699e-02	-4.272136437259289876e-02	5.180769384863190274e-02	-3.155880680446962461e-02	3.156010029870429112e-02	-4.160744100765776526e-02	6.651950889493586649e-02	-5.662267800726917405e-02	5.776460046135117876e-02	-5.838425881604034778e-02	6.876475041525806353e-02	-6.422641248976652950e-02	6.880967193845868857e-02	-5.281340341141007449e-02	5.859472844324518231e-02	-6.984105780991833878e-02	9.602890851900076907e-02	-7.849674679668494637e-02	1.017201904987024563e-01	-1.036522402806089316e-01	1.389703306608455202e-01	-1.195942376361933540e-01	1.477857759485594058e-01	-2.677293181066392469e-01	2.397990148559715762e-01	-2.180205061642836450e-01	1.177066404528399612e-01	-1.153350908249748674e-01	1.724258994844677928e-01	-7.784587133067925047e-01	2.356165024135863373e-01	-1.540115228103193235e-01	1.241993917289043736e-01	-2.079224908080731238e-01	9.999999999999993339e-01	-3.650990325868569419e-01	1.429519859868285947e-01	-1.276048069700377874e-01
-5.734401275579689705e-02	6.261184951349900440e-02	-6.544797887291867178e-02	7.894575154000810224e-02	-9.787725179771938899e-02	5.528714762808933231e-02	-5.448825337904426858e-02	7.213855929664469979e-02	-1.273050474301153645e-01	1.062679487784524701e-01	-9.378943905144332405e-02	9.189898906336183004e-02	-1.281690690384839071e-01	1.202528865969568622e-01	-1.329303831031457550e-01	8.061531315131734154e-02	-9.373383231613482969e-02	1.255048268985162474e-01	-1.853270805842782698e-01	1.495878896542330860e-01	-1.319427460068904878e-01	1.252636124235828041e-01	-2.553427077033015302e-01	2.051307693541011834e-01	-3.020218589028587641e-01	1.862715109880493936e-01	-2.060261102254815069e-01	2.995502992578134016e-01	-2.265675388862171125e-01	2.073594612132663162e-01	-9.116719547509338772e-02	2.473093687093384507e-01	-5.440800486158645644e-01	2.772859926025202926e-01	-2.609777310145010021e-01	8.931000231069965989e-02	-3.650990325868569419e-01	9.999999999999995559e-01	-3.983904117363175068e-01	2.374355546045795184e-01
3.558493873343639147e-02	-4.012286571727075035e-02	4.135291902463613528e-02	-5.032920606979689182e-02	6.106427092937095902e-02	-3.506744756816596031e-02	3.470622343578633889e-02	-4.641761239095468228e-02	7.947704673743398451e-02	-6.843842686272261222e-02	5.725173300574520202e-02	-5.871403278801530512e-02	8.080476153577323406e-02	-7.789579042400712749e-02	8.407090095385602591e-02	-5.057978251643625855e-02	5.882131052929166076e-02	-8.234948334600809827e-02	1.191762244840380291e-01	-9.922982528526222423e-02	8.057093167156520463e-02	-7.998677451175412179e-02	1.645318689090822795e-01	-1.637479184660697862e-01	1.905005955291385056e-01	-1.152345284984993279e-01	1.127696814792148311e-01	-2.127417224214074309e-01	2.420534238390837367e-01	-2.469066733047945994e-01	4.669088586222789466e-02	-1.311629263267560797e-01	2.305520836628798254e-01	-5.560115923550001948e-01	2.860485192438851909e-01	-4.719161886980464266e-02	1.429519859868285947e-01	-3.983904117363175068e-01	9.999999999999995559e-01	-5.884616648499230163e-01
