1.000000000000000000e+00	-7.093328981247329912e-01	4.447985417695504012e-02	-4.399935359903783816e-02	1.822620875654050801e-02	-6.146717878669819557e-01	3.184445209346217220e-01	-6.601392952899556854e-02	4.726820121062707408e-02	-1.650625137587066055e-02	6.889794038281572830e-02	-1.169492975077789376e-01	6.808261718606341273e-02	-4.372483397389741872e-02	1.827837296165685937e-02	-5.334083057479367673e-02	1.063003926689511658e-01	-4.401129614574628840e-02	3.692838388547543121e-02	-1.661933443900862062e-02	4.555834931591005305e-02	-4.150466890757790323e-02	3.650614417585034549e-02	-3.759060133978200241e-02	3.608050646870419181e-02	-3.403251046406435137e-02	3.690136706333982386e-02	-3.135714715557143956e-02	2.656972152955952918e-02	-2.152224784760698242e-02	2.300928458300255039e-02	-2.676184395860375931e-02	2.331311312358431975e-02	-2.919371249083141037e-02	2.703828492404034695e-02	-2.910215654088874754e-02	1.827859560819242168e-02	-2.140657025416440457e-02	1.341371330649950185e-02	-1.593429208902163302e-02
-7.093328981247329912e-01	1.000000000000000000e+00	-6.457421565238526118e-02	5.878846549001628952e-02	-2.607612585942818348e-02	3.298654617901033426e-01	-5.694515869995252499e-01	9.418764704514274999e-02	-6.842578195528614682e-02	2.344309049731008177e-02	-9.642661342885504305e-02	1.570783888771840053e-01	-1.021307935939361061e-01	6.119589863851256084e-02	-2.596767813530629840e-02	7.231618299922668025e-02	-1.640025420773166820e-01	6.161146503852026751e-02	-5.246415947940076541e-02	2.349819231552863902e-02	-6.487465118070406822e-02	5.842177481665723066e-02	-5.200210554332793805e-02	5.252601752288255099e-02	-5.135899032609491516e-02	4.716392228146509824e-02	-5.228620206671694831e-02	4.366780513905997585e-02	-3.731141472245678992e-02	3.034037461134540467e-02	-3.200944449549673887e-02	3.709263445482716831e-02	-3.251240862133429610e-02	4.057581742000154756e-02	-3.828300752012980812e-02	4.003811765700023700e-02	-2.542657764070936632e-02	2.965687268741861587e-02	-1.871068511137010532e-02	2.215976129460190194e-02
4.447985417695504012e-02	-6.457421565238526118e-02	1.000000000000000444e+00	-9.675093618129356754e-01	4.517293637103327736e-02	-3.867776099727446987e-02	5.069539814085076423e-02	-1.364615546901617738e-01	1.371966549990782935e-01	-4.445810477709310343e-02	3.161630165878290960e-02	-3.607381366313999749e-02	1.121381261382253941e-01	-1.220586894373550807e-01	2.903269199173019732e-02	-2.503762880470022240e-02	3.446404153048521907e-02	-5.676609895134351186e-02	5.642408407886401883e-02	-2.751142223087606892e-02	3.196903604052361847e-02	-3.526894536393506557e-02	3.680844124352743163e-02	-5.180050487194332032e-02	3.985855568023025791e-02	-2.761993200813795887e-02	3.217025946772870265e-02	-3.427179262101211210e-02	3.003950487128792535e-02	-2.425004340811837480e-02	2.035053340572392719e-02	-2.712500532074995502e-02	2.432992152292253601e-02	-3.276336333088258890e-02	2.880419218292804007e-02	-2.630673830864484544e-02	1.830371737089016293e-02	-2.230797238571508023e-02	1.473166775175877713e-02	-1.774296492044866863e-02
-4.399935359903783816e-02	5.878846549001628952e-02	-9.675093618129356754e-01	1.000000000000000222e+00	-4.761001445371662588e-02	3.714721557848265493e-02	-4.979292892206707566e-02	1.212213304616489851e-01	-1.589889941443133892e-01	4.513825412089826628e-02	-3.073881496148826373e-02	3.471755520756394930e-02	-1.177460021658831152e-01	1.135742723261452675e-01	-2.829810442123658135e-02	2.413797465438971904e-02	-3.368931823842963996e-02	5.326001700792096227e-02	-5.447743789773940720e-02	2.649504600830126025e-02	-3.072846207204337626e-02	3.346011710997089106e-02	-3.512010744453413630e-02	4.868192924604630711e-02	-3.847310609273068421e-02	2.628204103199954442e-02	-3.074625765289080298e-02	3.238885832139436899e-02	-2.856877122157258989e-02	2.316493955758524084e-02	-1.934332486414020238e-02	2.564668444225132182e-02	-2.306612530533326197e-02	3.096800262491404901e-02	-2.763483291861005761e-02	2.490389847018641134e-02	-1.734845025866769280e-02	2.108156725936859502e-02	-1.396814683156281933e-02	1.678975142870649251e-02
1.822620875654050801e-02	-2.607612585942818348e-02	4.517293637103327736e-02	-4.761001445371662588e-02	9.999999999999998890e-01	-2.312417392980273961e-02	2.749733601899374477e-02	-9.261127020322762471e-02	1.685481075466110645e-01	-9.462871143925618567e-01	4.055142210406705722e-02	-3.667244045603126890e-02	8.552908723363102095e-02	-1.682336995058616447e-01	1.227254629397126068e-01	-3.279304447750323176e-02	3.483928354811653000e-02	-8.530367211885081513e-02	8.423400650295097269e-02	-1.248919441746833003e-01	4.676762757793154202e-02	-5.376839719487062907e-02	5.548525176618557264e-02	-8.397035887042071656e-02	7.732996114408961785e-02	-4.366840416531366648e-02	5.056358613032982396e-02	-5.967901123223239707e-02	5.174512444276945650e-02	-4.585840531261507064e-02	3.345796116414823107e-02	-4.743438655697886086e-02	4.228152544796221629e-02	-5.957212416894044904e-02	5.077555924035015433e-02	-4.425169514591511394e-02	3.160129371615962024e-02	-3.948453495036040317e-02	2.651967457195889347e-02	-3.256059216938079343e-02
-6.146717878669819557e-01	3.298654617901033426e-01	-3.867776099727446987e-02	3.714721557848265493e-02	-2.312417392980273961e-02	1.000000000000000222e+00	-6.766347849343576915e-01	9.036608275336922846e-02	-6.163623233562469383e-02	2.078373630295245883e-02	-9.766153297748592088e-02	1.567432345244961778e-01	-9.621901663933388194e-02	5.484704041974413496e-02	-2.340702147123717783e-02	7.217193814394988471e-02	-1.582788573188135817e-01	5.683824555695359687e-02	-4.779437819411122557e-02	2.119014531602186890e-02	-6.099805086746903915e-02	5.473744083989617176e-02	-4.817169560376493437e-02	4.812924779321701291e-02	-4.670327945347733933e-02	4.445460997845446238e-02	-4.854985154733444663e-02	4.028989038596469258e-02	-3.423423375900019189e-02	2.772653116716058616e-02	-2.988905059576804635e-02	3.439264002667214576e-02	-3.000806755464628314e-02	3.733083909577229048e-02	-3.495930340494246558e-02	3.752800035712480775e-02	-2.354536280588440111e-02	2.744559643812856387e-02	-1.719480750394760532e-02	2.037136129014061048e-02
3.184445209346217220e-01	-5.694515869995252499e-01	5.069539814085076423e-02	-4.979292892206707566e-02	2.749733601899374477e-02	-6.766347849343576915e-01	1.000000000000000222e+00	-1.327547387393095690e-01	7.551298791857344317e-02	-2.504919621347417510e-02	9.892280503547901116e-02	-2.558422874408379233e-01	1.167753298917067611e-01	-6.810636899538928535e-02	2.707165600709954961e-02	-7.878382682637750933e-02	1.788805413435467784e-01	-6.647452455900013102e-02	5.562886629120154108e-02	-2.464720660370117028e-02	6.745849541603778088e-02	-6.247124488617512156e-02	5.487526588181450282e-02	-5.584597873092728842e-02	5.276281224968252387e-02	-4.975402097211188007e-02	5.443934054954287921e-02	-4.591115295813317371e-02	3.899043703651821485e-02	-3.148567483637716713e-02	3.355224746219206272e-02	-3.899414418956892447e-02	3.403510251852097379e-02	-4.258350111018527340e-02	3.948051570797727478e-02	-4.225946600198296488e-02	2.664013061481229974e-02	-3.116787738365655105e-02	1.955729776600983322e-02	-2.321057176221753143e-02
-6.601392952899556854e-02	9.418764704514274999e-02	-1.364615546901617738e-01	1.212213304616489851e-01	-9.261127020322762471e-02	9.036608275336922846e-02	-1.327547387393095690e-01	1.000000000000000888e+00	-4.089874928115502795e-01	8.660352399011399249e-02	-6.858089206776295244e-02	8.497066268398728583e-02	-8.300362194323782639e-01	2.547259851302303701e-01	-6.090266248238029867e-02	5.413329706496835397e-02	-7.859157676673292348e-02	1.250551605514314546e-01	-1.265607571357686978e-01	5.637453736355568096e-02	-6.901960833980254340e-02	7.523431891745806233e-02	-8.132235480867448796e-02	1.078136515340321344e-01	-8.496911671413927281e-02	5.811584148567002645e-02	-6.866016478268449630e-02	7.096984259155893204e-02	-6.310863851519597778e-02	5.090505946155677447e-02	-4.249812113306139505e-02	5.596493696849973859e-02	-5.052507379246085062e-02	6.749243829995743571e-02	-6.097105536669242959e-02	5.440843517936391760e-02	-3.794674714861505371e-02	4.593421046030880805e-02	-3.050972557449735043e-02	3.655474662514520551e-02
4.726820121062707408e-02	-6.842578195528614682e-02	1.371966549990782935e-01	-1.589889941443133892e-01	1.685481075466110645e-01	-6.163623233562469383e-02	7.551298791857344317e-02	-4.089874928115502795e-01	1.000000000000000444e+00	-2.044851481764932977e-01	8.266774459830464328e-02	-8.242526462764909745e-02	2.774265669712929760e-01	-7.372558276181571113e-01	1.050402565338436761e-01	-6.670698181692144568e-02	7.773189556742694795e-02	-2.000515306368546575e-01	2.131154226920187189e-01	-1.005654884418021450e-01	9.355114815168265319e-02	-1.098851605965988076e-01	1.196102267716981360e-01	-1.865417020564754669e-01	1.261276787169793023e-01	-8.312989781740307005e-02	9.832195601703974663e-02	-1.098832645678412268e-01	9.758331650794961620e-02	-7.776355325867091717e-02	6.171311245792888284e-02	-8.437811396849770329e-02	7.642357508761350726e-02	-1.044814496410754606e-01	9.019548087663227520e-02	-7.994829255908375565e-02	5.677295071115587288e-02	-6.969624150299294496e-02	4.655997934851799358e-02	-5.613084000658925127e-02
-1.650625137587066055e-02	2.344309049731008177e-02	-4.445810477709310343e-02	4.513825412089826628e-02	-9.462871143925618567e-01	2.078373630295245883e-02	-2.504919621347417510e-02	8.660352399011399249e-02	-2.044851481764932977e-01	9.999999999999995559e-01	-3.568990384414311157e-02	3.212791783372007104e-02	-8.418548232220599004e-02	1.470295762853129351e-01	-1.371273040763129614e-01	2.863265278890485960e-02	-3.073809155325277209e-02	7.318829280502461843e-02	-7.597672694034160457e-02	1.127289920206170082e-01	-4.086962864513135618e-02	4.639390488130740176e-02	-4.845963708946344345e-02	7.263345089327902238e-02	-7.048699347164201490e-02	3.769613905724807784e-02	-4.399904589140397893e-02	5.139367632432884081e-02	-4.519481179174290181e-02	4.050656769035153315e-02	-2.884039325987359029e-02	4.067483120861847129e-02	-3.649861682015308195e-02	5.128869395804834530e-02	-4.510503646499058883e-02	3.791771717319749463e-02	-2.720433477486014495e-02	3.385609604727253530e-02	-2.294611990618646361e-02	2.807083387558511126e-02
6.889794038281572830e-02	-9.642661342885504305e-02	3.161630165878290960e-02	-3.073881496148826373e-02	4.055142210406705722e-02	-9.766153297748592088e-02	9.892280503547901116e-02	-6.858089206776295244e-02	8.266774459830464328e-02	-3.568990384414311157e-02	1.000000000000000000e+00	-2.571351039513792847e-01	8.204347458387735437e-02	-8.983741678841415668e-02	6.187621044420502786e-02	-7.780416900226345689e-01	2.223477653875398086e-01	-1.822215821097176169e-01	1.280757031796386780e-01	-5.632310479701783251e-02	2.857397630065516281e-01	-2.194244625746355204e-01	1.584158949908421876e-01	-1.627261724525406739e-01	1.501195310168210173e-01	-2.441856020388276649e-01	1.922563040270971468e-01	-1.643618360798360378e-01	1.256668240854721397e-01	-9.734561868601467050e-02	1.462076229857272591e-01	-1.557159986212987290e-01	1.247174064916789504e-01	-1.508437521033625661e-01	1.208978817519325982e-01	-2.016600464505327595e-01	1.038280276340406566e-01	-1.219668930310776889e-01	6.799523302490265153e-02	-8.195681261594578437e-02
-1.169492975077789376e-01	1.570783888771840053e-01	-3.607381366313999749e-02	3.471755520756394930e-02	-3.667244045603126890e-02	1.567432345244961778e-01	-2.558422874408379233e-01	8.497066268398728583e-02	-8.242526462764909745e-02	3.212791783372007104e-02	-2.571351039513792847e-01	1.000000000000000666e+00	-1.040671415859954069e-01	8.205098992669355995e-02	-4.864815535868291518e-02	2.050966641608026053e-01	-8.521982438262133419e-01	1.370566186622901028e-01	-1.057591171031529165e-01	4.349995035578822777e-02	-1.719800136094021825e-01	1.543901122227618605e-01	-1.299210268539992275e-01	1.085675700778523378e-01	-1.103114615307304869e-01	1.141435787520214823e-01	-1.283209744805086927e-01	9.581189338108773990e-02	-8.100247742142721585e-02	6.507609233909333879e-02	-7.474968601588315165e-02	8.237012978702717980e-02	-7.178621781444584349e-02	8.669081218412238998e-02	-8.312941304292709166e-02	9.131671369235665192e-02	-5.670450678484019458e-02	6.494338217623783771e-02	-4.020858149091904171e-02	4.723296281756813458e-02
6.808261718606341273e-02	-1.021307935939361061e-01	1.121381261382253941e-01	-1.177460021658831152e-01	8.552908723363102095e-02	-9.621901663933388194e-02	1.167753298917067611e-01	-8.300362194323782639e-01	2.774265669712929760e-01	-8.418548232220599004e-02	8.204347458387735437e-02	-1.040671415859954069e-01	1.000000000000001554e+00	-3.532913683094689450e-01	7.230505827832420240e-02	-6.637069252084440429e-02	9.098069144675047237e-02	-1.741182313745689436e-01	1.557477359321168264e-01	-6.899944979963275327e-02	8.588006311564637396e-02	-9.775038921045757501e-02	1.040877619591633746e-01	-1.429228370352995658e-01	1.048005233775031048e-01	-7.447322956877604205e-02	8.698088351406897678e-02	-9.271526165535878827e-02	8.099279296392251914e-02	-6.454377929788142343e-02	5.464403080454544731e-02	-7.300804751632189449e-02	6.542840045493640566e-02	-8.809283957419974942e-02	7.645705768361889254e-02	-7.072809998888054950e-02	4.917547744139420807e-02	-5.999997232541327830e-02	3.948610551034859723e-02	-4.756292128930361685e-02
-4.372483397389741872e-02	6.119589863851256084e-02	-1.220586894373550807e-01	1.135742723261452675e-01	-1.682336995058616447e-01	5.484704041974413496e-02	-6.810636899538928535e-02	2.547259851302303701e-01	-7.372558276181571113e-01	1.470295762853129351e-01	-8.983741678841415668e-02	8.205098992669355995e-02	-3.532913683094689450e-01	1.000000000000000888e+00	-1.319571555357303971e-01	7.054508449968706352e-02	-8.101916771982344001e-02	2.043249157031394869e-01	-3.599387924076641321e-01	1.124085202270625750e-01	-1.019127127227972412e-01	1.143691366747078275e-01	-1.336058851512719192e-01	1.971742581258806304e-01	-1.468427945419061575e-01	8.698500479343981850e-02	-1.063584816682807271e-01	1.137815527599086857e-01	-1.070456129349567909e-01	8.558462583175496796e-02	-6.443937444454231334e-02	8.658630707556183581e-02	-8.013457550142462360e-02	1.081565984512827677e-01	-1.011633250148143287e-01	8.181563774009173451e-02	-5.902793012545651946e-02	7.146804606066999022e-02	-4.898794377235859976e-02	5.831850966985687584e-02
1.827837296165685937e-02	-2.596767813530629840e-02	2.903269199173019732e-02	-2.829810442123658135e-02	1.227254629397126068e-01	-2.340702147123717783e-02	2.707165600709954961e-02	-6.090266248238029867e-02	1.050402565338436761e-01	-1.371273040763129614e-01	6.187621044420502786e-02	-4.864815535868291518e-02	7.230505827832420240e-02	-1.319571555357303971e-01	1.000000000000001110e+00	-5.015065774054689590e-02	4.709433220938922388e-02	-1.180501987805624847e-01	1.209527970738738800e-01	-9.220980437293481158e-01	7.463919723567047360e-02	-8.521120393325773423e-02	8.461752821877843722e-02	-1.369715073376616687e-01	1.926661307561648717e-01	-7.410794935307112030e-02	8.518343610329359716e-02	-1.121119886839630209e-01	9.764974416582442029e-02	-1.071942529872277894e-01	5.894125366062971660e-02	-8.881222435183785957e-02	7.918410818176589705e-02	-1.187521631398685551e-01	1.015424541969591060e-01	-7.917853334848268254e-02	5.847310175227107831e-02	-7.487589139039041441e-02	5.232487167545672724e-02	-6.577596480822106573e-02
-5.334083057479367673e-02	7.231618299922668025e-02	-2.503762880470022240e-02	2.413797465438971904e-02	-3.279304447750323176e-02	7.217193814394988471e-02	-7.878382682637750933e-02	5.413329706496835397e-02	-6.670698181692144568e-02	2.863265278890485960e-02	-7.780416900226345689e-01	2.050966641608026053e-01	-6.637069252084440429e-02	7.054508449968706352e-02	-5.015065774054689590e-02	1.000000000000001776e+00	-2.768592062405339504e-01	1.406817031345149183e-01	-1.032253467588068879e-01	4.512253549819831427e-02	-4.416651722459782325e-01	1.867545206596916973e-01	-1.393992376056273630e-01	1.240655118088697106e-01	-1.221954822846689076e-01	1.966901375396835072e-01	-1.683921061471133351e-01	1.231707522310836606e-01	-9.725676168977361036e-02	7.607607301901042618e-02	-1.164872579616639675e-01	1.141834664658323006e-01	-9.402367907490223609e-02	1.103318851985906485e-01	-9.621090231368649437e-02	1.427809886282555840e-01	-7.757535881272452361e-02	8.824884127273692480e-02	-5.048137140699329728e-02	5.985702926590966144e-02
1.063003926689511658e-01	-1.640025420773166820e-01	3.446404153048521907e-02	-3.368931823842963996e-02	3.483928354811653000e-02	-1.582788573188135817e-01	1.788805413435467784e-01	-7.859157676673292348e-02	7.773189556742694795e-02	-3.073809155325277209e-02	2.223477653875398086e-01	-8.521982438262133419e-01	9.098069144675047237e-02	-8.101916771982344001e-02	4.709433220938922388e-02	-2.768592062405339504e-01	1.000000000000000222e+00	-1.615070738349636548e-01	1.075858414032410393e-01	-4.257106550871671974e-02	1.723279885916248477e-01	-1.916885177236946347e-01	1.365285213384922758e-01	-1.144957720660092632e-01	1.067984953640871704e-01	-1.215575272956695430e-01	1.292055832324234266e-01	-9.949667117315398601e-02	8.213326217357498626e-02	-6.479393785621111179e-02	7.692121883717265018e-02	-8.560132652699273259e-02	7.345930424721053287e-02	-8.924927997103342114e-02	8.150162424626157531e-02	-9.624208322095534340e-02	5.821876823926556976e-02	-6.730135828390540476e-02	4.091487910806927003e-02	-4.835280898096617347e-02
-4.401129614574628840e-02	6.161146503852026751e-02	-5.676609895134351186e-02	5.326001700792096227e-02	-8.530367211885081513e-02	5.683824555695359687e-02	-6.647452455900013102e-02	1.250551605514314546e-01	-2.000515306368546575e-01	7.318829280502461843e-02	-1.822215821097176169e-01	1.370566186622901028e-01	-1.741182313745689436e-01	2.043249157031394869e-01	-1.180501987805624847e-01	1.406817031345149183e-01	-1.615070738349636548e-01	9.999999999999994449e-01	-5.671939292601323457e-01	1.061323627735002023e-01	-2.349583958405047635e-01	2.672657542075509984e-01	-5.363447643065554216e-01	3.051938615742655903e-01	-2.475213206820412182e-01	1.708911612680455994e-01	-2.335891992508146719e-01	1.931525515258980252e-01	-1.838216269929399127e-01	1.413018124008244281e-01	-1.185034636318720996e-01	1.457341427004960888e-01	-1.371861005830596336e-01	1.717173777938794665e-01	-1.760606058185469058e-01	1.417324552533641424e-01	-1.014511032950105307e-01	1.174502522491067125e-01	-7.979204047058063853e-02	9.233861142607427408e-02
3.692838388547543121e-02	-5.246415947940076541e-02	5.642408407886401883e-02	-5.447743789773940720e-02	8.423400650295097269e-02	-4.779437819411122557e-02	5.562886629120154108e-02	-1.265607571357686978e-01	2.131154226920187189e-01	-7.597672694034160457e-02	1.280757031796386780e-01	-1.057591171031529165e-01	1.557477359321168264e-01	-3.599387924076641321e-01	1.209527970738738800e-01	-1.032253467588068879e-01	1.075858414032410393e-01	-5.671939292601323457e-01	1.000000000000000888e+00	-1.230958225773634424e-01	1.597606068990802264e-01	-2.037079097208622236e-01	2.559259029735381219e-01	-5.756267865911398607e-01	2.178311662851382391e-01	-1.368051456027881141e-01	1.712784901193497022e-01	-1.943152980464259438e-01	1.884316123804208321e-01	-1.375922853951428437e-01	9.925391175291108092e-02	-1.350586952830599152e-01	1.280029224283821820e-01	-1.762159155277679967e-01	1.551826028616221931e-01	-1.248530061369374361e-01	9.187052740660270334e-02	-1.114777608758222849e-01	7.727050587593448094e-02	-9.136181652961157529e-02
-1.661933443900862062e-02	2.349819231552863902e-02	-2.751142223087606892e-02	2.649504600830126025e-02	-1.248919441746833003e-01	2.119014531602186890e-02	-2.464720660370117028e-02	5.637453736355568096e-02	-1.005654884418021450e-01	1.127289920206170082e-01	-5.632310479701783251e-02	4.349995035578822777e-02	-6.899944979963275327e-02	1.124085202270625750e-01	-9.220980437293481158e-01	4.512253549819831427e-02	-4.257106550871671974e-02	1.061323627735002023e-01	-1.230958225773634424e-01	1.000000000000000666e+00	-6.768664685480772769e-02	7.605680182619094232e-02	-7.796535277422970978e-02	1.258875638681875575e-01	-2.502375152486762122e-01	6.568783113839356258e-02	-7.698896685993435185e-02	9.989957633745362442e-02	-9.157987468719794300e-02	1.048259420354091670e-01	-5.200411643030950631e-02	7.752520333214077408e-02	-7.057225418170527675e-02	1.051564628506490295e-01	-1.022663685741079520e-01	6.894447654492699695e-02	-5.153747712936403158e-02	6.537863601078398867e-02	-4.703280894880908225e-02	5.838149071890259140e-02
4.555834931591005305e-02	-6.487465118070406822e-02	3.196903604052361847e-02	-3.072846207204337626e-02	4.676762757793154202e-02	-6.099805086746903915e-02	6.745849541603778088e-02	-6.901960833980254340e-02	9.355114815168265319e-02	-4.086962864513135618e-02	2.857397630065516281e-01	-1.719800136094021825e-01	8.588006311564637396e-02	-1.019127127227972412e-01	7.463919723567047360e-02	-4.416651722459782325e-01	1.723279885916248477e-01	-2.349583958405047635e-01	1.597606068990802264e-01	-6.768664685480772769e-02	1.000000000000001998e+00	-4.319283550243884218e-01	2.303797193153055145e-01	-2.062419008950265309e-01	1.852227381441123588e-01	-5.189265692301958666e-01	2.927028072354923016e-01	-2.086268130375648344e-01	1.571720016692655653e-01	-1.194825226660141126e-01	2.116523324122322192e-01	-1.966445160958144867e-01	1.555839924296655019e-01	-1.791107599204630474e-01	1.483657944420185559e-01	-2.668203079531745181e-01	1.305190084276508511e-01	-1.477194227301386609e-01	8.079755248773490273e-02	-9.585371075042048439e-02
-4.150466890757790323e-02	5.842177481665723066e-02	-3.526894536393506557e-02	3.346011710997089106e-02	-5.376839719487062907e-02	5.473744083989617176e-02	-6.247124488617512156e-02	7.523431891745806233e-02	-1.098851605965988076e-01	4.639390488130740176e-02	-2.194244625746355204e-01	1.543901122227618605e-01	-9.775038921045757501e-02	1.143691366747078275e-01	-8.521120393325773423e-02	1.867545206596916973e-01	-1.916885177236946347e-01	2.672657542075509984e-01	-2.037079097208622236e-01	7.605680182619094232e-02	-4.319283550243884218e-01	1.000000000000000888e+00	-6.162881691688165686e-01	2.282975547950659156e-01	-2.114580260678391166e-01	2.498951633066058831e-01	-4.193374965163498835e-01	2.040999712602232785e-01	-1.687926221943101823e-01	1.265062047916688803e-01	-1.484773247308333322e-01	1.641046100104424643e-01	-1.448086614488439949e-01	1.655343633855625440e-01	-1.596726723886373878e-01	1.709999341410428364e-01	-1.118579212878246798e-01	1.248962131370970341e-01	-7.647779776172075605e-02	8.836205213467115960e-02
3.650614417585034549e-02	-5.200210554332793805e-02	3.680844124352743163e-02	-3.512010744453413630e-02	5.548525176618557264e-02	-4.817169560376493437e-02	5.487526588181450282e-02	-8.132235480867448796e-02	1.196102267716981360e-01	-4.845963708946344345e-02	1.584158949908421876e-01	-1.299210268539992275e-01	1.040877619591633746e-01	-1.336058851512719192e-01	8.461752821877843722e-02	-1.393992376056273630e-01	1.365285213384922758e-01	-5.363447643065554216e-01	2.559259029735381219e-01	-7.796535277422970978e-02	2.303797193153055145e-01	-6.162881691688165686e-01	1.000000000000001998e+00	-3.615767163742145129e-01	2.006154623086418565e-01	-1.881035582678287355e-01	2.367344521126922008e-01	-2.168556695519520405e-01	1.751198068845260525e-01	-1.270612663431703593e-01	1.202090057471403711e-01	-1.513029656491217123e-01	1.371524725053606675e-01	-1.703638632156745936e-01	1.509775418984869166e-01	-1.484948441192689150e-01	1.014450757484191556e-01	-1.199776094601984894e-01	7.595465309885680860e-02	-8.911229923187007074e-02
-3.759060133978200241e-02	5.252601752288255099e-02	-5.180050487194332032e-02	4.868192924604630711e-02	-8.397035887042071656e-02	4.812924779321701291e-02	-5.584597873092728842e-02	1.078136515340321344e-01	-1.865417020564754669e-01	7.263345089327902238e-02	-1.627261724525406739e-01	1.085675700778523378e-01	-1.429228370352995658e-01	1.971742581258806304e-01	-1.369715073376616687e-01	1.240655118088697106e-01	-1.144957720660092632e-01	3.051938615742655903e-01	-5.756267865911398607e-01	1.258875638681875575e-01	-2.062419008950265309e-01	2.282975547950659156e-01	-3.615767163742145129e-01	1.000000000000002887e+00	-3.832626221760876417e-01	1.675040516297363058e-01	-2.279526646297613812e-01	2.490046610132390925e-01	-3.631397968587499747e-01	2.083882364934212805e-01	-1.236545361587737119e-01	1.665160212969613585e-01	-1.706404527587990494e-01	2.296081187435450588e-01	-2.403414000453591715e-01	1.498026461479816662e-01	-1.170319254727567315e-01	1.383162599855466413e-01	-1.048836891012769751e-01	1.191073161688215726e-01
3.608050646870419181e-02	-5.135899032609491516e-02	3.985855568023025791e-02	-3.847310609273068421e-02	7.732996114408961785e-02	-4.670327945347733933e-02	5.276281224968252387e-02	-8.496911671413927281e-02	1.261276787169793023e-01	-7.048699347164201490e-02	1.501195310168210173e-01	-1.103114615307304869e-01	1.048005233775031048e-01	-1.468427945419061575e-01	1.926661307561648717e-01	-1.221954822846689076e-01	1.067984953640871704e-01	-2.475213206820412182e-01	2.178311662851382391e-01	-2.502375152486762122e-01	1.852227381441123588e-01	-2.114580260678391166e-01	2.006154623086418565e-01	-3.832626221760876417e-01	1.000000000000000888e+00	-1.925881453467639670e-01	2.207349932760632738e-01	-3.260051883990858212e-01	2.905451074730445726e-01	-5.035680990873093732e-01	1.563465230354233737e-01	-2.460378666114302892e-01	2.224249965153024255e-01	-3.538252531321105510e-01	3.079774336097674814e-01	-2.112289633634222563e-01	1.609229794839107663e-01	-2.094322522857476054e-01	1.529389662234305058e-01	-1.955980830932115833e-01
-3.403251046406435137e-02	4.716392228146509824e-02	-2.761993200813795887e-02	2.628204103199954442e-02	-4.366840416531366648e-02	4.445460997845446238e-02	-4.975402097211188007e-02	5.811584148567002645e-02	-8.312989781740307005e-02	3.769613905724807784e-02	-2.441856020388276649e-01	1.141435787520214823e-01	-7.447322956877604205e-02	8.698500479343981850e-02	-7.410794935307112030e-02	1.966901375396835072e-01	-1.215575272956695430e-01	1.708911612680455994e-01	-1.368051456027881141e-01	6.568783113839356258e-02	-5.189265692301958666e-01	2.498951633066058831e-01	-1.881035582678287355e-01	1.675040516297363058e-01	-1.925881453467639670e-01	1.000000000000001110e+00	-5.668062857290679935e-01	2.060559505252342050e-01	-1.577630131940661873e-01	1.188752906067300913e-01	-4.187314833630391142e-01	2.092492695038937756e-01	-1.666463148847488196e-01	1.653721262062410047e-01	-1.542873640080807962e-01	2.772705020550476629e-01	-1.448518189538574308e-01	1.447255951359218695e-01	-7.712341575254001713e-02	8.810397408458431334e-02
3.690136706333982386e-02	-5.228620206671694831e-02	3.217025946772870265e-02	-3.074625765289080298e-02	5.056358613032982396e-02	-4.854985154733444663e-02	5.443934054954287921e-02	-6.866016478268449630e-02	9.832195601703974663e-02	-4.399904589140397893e-02	1.922563040270971468e-01	-1.283209744805086927e-01	8.698088351406897678e-02	-1.063584816682807271e-01	8.518343610329359716e-02	-1.683921061471133351e-01	1.292055832324234266e-01	-2.335891992508146719e-01	1.712784901193497022e-01	-7.698896685993435185e-02	2.927028072354923016e-01	-4.193374965163498835e-01	2.367344521126922008e-01	-2.279526646297613812e-01	2.207349932760632738e-01	-5.668062857290679935e-01	9.999999999999981126e-01	-3.753104478256020227e-01	2.132573555913023222e-01	-1.507540149706047272e-01	2.358613048078071206e-01	-2.954375735826401117e-01	2.167653320144022899e-01	-2.284042149862102189e-01	1.837944114560777220e-01	-2.783247489450986212e-01	1.724149050237460956e-01	-1.926704631240024612e-01	1.006402217365866131e-01	-1.173178283003479816e-01
-3.135714715557143956e-02	4.366780513905997585e-02	-3.427179262101211210e-02	3.238885832139436899e-02	-5.967901123223239707e-02	4.028989038596469258e-02	-4.591115295813317371e-02	7.096984259155893204e-02	-1.098832645678412268e-01	5.139367632432884081e-02	-1.643618360798360378e-01	9.581189338108773990e-02	-9.271526165535878827e-02	1.137815527599086857e-01	-1.121119886839630209e-01	1.231707522310836606e-01	-9.949667117315398601e-02	1.931525515258980252e-01	-1.943152980464259438e-01	9.989957633745362442e-02	-2.086268130375648344e-01	2.040999712602232785e-01	-2.168556695519520405e-01	2.490046610132390925e-01	-3.260051883990858212e-01	2.060559505252342050e-01	-3.753104478256020227e-01	1.000000000000001998e+00	-5.783407127333711761e-01	2.399243348124402153e-01	-1.618859595692086484e-01	2.430691505648380490e-01	-4.150015539050832536e-01	3.006451716741259661e-01	-2.968043394219298525e-01	1.807293801423629498e-01	-1.833336053156424672e-01	2.097315183819487838e-01	-1.364600107068804358e-01	1.449411898755515460e-01
2.656972152955952918e-02	-3.731141472245678992e-02	3.003950487128792535e-02	-2.856877122157258989e-02	5.174512444276945650e-02	-3.423423375900019189e-02	3.899043703651821485e-02	-6.310863851519597778e-02	9.758331650794961620e-02	-4.519481179174290181e-02	1.256668240854721397e-01	-8.100247742142721585e-02	8.099279296392251914e-02	-1.070456129349567909e-01	9.764974416582442029e-02	-9.725676168977361036e-02	8.213326217357498626e-02	-1.838216269929399127e-01	1.884316123804208321e-01	-9.157987468719794300e-02	1.571720016692655653e-01	-1.687926221943101823e-01	1.751198068845260525e-01	-3.631397968587499747e-01	2.905451074730445726e-01	-1.577630131940661873e-01	2.132573555913023222e-01	-5.783407127333711761e-01	1.000000000000002442e+00	-3.996863687265534981e-01	1.245852211155801109e-01	-1.993527558455379101e-01	2.424558427094790081e-01	-4.712602671747921912e-01	2.887223566796139895e-01	-1.509764407595964586e-01	1.391363332318510948e-01	-1.737869916129455850e-01	1.504092704757221399e-01	-1.689824433713562057e-01
-2.152224784760698242e-02	3.034037461134540467e-02	-2.425004340811837480e-02	2.316493955758524084e-02	-4.585840531261507064e-02	2.772653116716058616e-02	-3.148567483637716713e-02	5.090505946155677447e-02	-7.776355325867091717e-02	4.050656769035153315e-02	-9.734561868601467050e-02	6.507609233909333879e-02	-6.454377929788142343e-02	8.558462583175496796e-02	-1.071942529872277894e-01	7.607607301901042618e-02	-6.479393785621111179e-02	1.413018124008244281e-01	-1.375922853951428437e-01	1.048259420354091670e-01	-1.194825226660141126e-01	1.265062047916688803e-01	-1.270612663431703593e-01	2.083882364934212805e-01	-5.035680990873093732e-01	1.188752906067300913e-01	-1.507540149706047272e-01	2.399243348124402153e-01	-3.996863687265534981e-01	1.000000000000001776e+00	-9.681335959007972281e-02	1.507052716811382864e-01	-1.610599628805829131e-01	2.591955287011533660e-01	-6.891655005622997487e-01	1.228382112520033376e-01	-1.042718553686725197e-01	1.302726551382481779e-01	-1.239632769542771545e-01	1.459622754309943260e-01
2.300928458300255039e-02	-3.200944449549673887e-02	2.035053340572392719e-02	-1.934332486414020238e-02	3.345796116414823107e-02	-2.988905059576804635e-02	3.355224746219206272e-02	-4.249812113306139505e-02	6.171311245792888284e-02	-2.884039325987359029e-02	1.462076229857272591e-01	-7.474968601588315165e-02	5.464403080454544731e-02	-6.443937444454231334e-02	5.894125366062971660e-02	-1.164872579616639675e-01	7.692121883717265018e-02	-1.185034636318720996e-01	9.925391175291108092e-02	-5.200411643030950631e-02	2.116523324122322192e-01	-1.484773247308333322e-01	1.202090057471403711e-01	-1.236545361587737119e-01	1.563465230354233737e-01	-4.187314833630391142e-01	2.358613048078071206e-01	-1.618859595692086484e-01	1.245852211155801109e-01	-9.681335959007972281e-02	9.999999999999998890e-01	-3.186043323422351192e-01	1.732865815441613500e-01	-1.463074577347522887e-01	1.281556298161418972e-01	-7.752018307881670678e-01	1.850047340794746531e-01	-1.660355094139320531e-01	6.828298456270251449e-02	-7.695946811695048018e-02
-2.676184395860375931e-02	3.709263445482716831e-02	-2.712500532074995502e-02	2.564668444225132182e-02	-4.743438655697886086e-02	3.439264002667214576e-02	-3.899414418956892447e-02	5.596493696849973859e-02	-8.437811396849770329e-02	4.067483120861847129e-02	-1.557159986212987290e-01	8.237012978702717980e-02	-7.300804751632189449e-02	8.658630707556183581e-02	-8.881222435183785957e-02	1.141834664658323006e-01	-8.560132652699273259e-02	1.457341427004960888e-01	-1.350586952830599152e-01	7.752520333214077408e-02	-1.966445160958144867e-01	1.641046100104424643e-01	-1.513029656491217123e-01	1.665160212969613585e-01	-2.460378666114302892e-01	2.092492695038937756e-01	-2.954375735826401117e-01	2.430691505648380490e-01	-1.993527558455379101e-01	1.507052716811382864e-01	-3.186043323422351192e-01	9.999999999999994449e-01	-5.115171710258465954e-01	2.337714637632001546e-01	-2.089733363582532977e-01	2.517631061932599779e-01	-5.498854615567048132e-01	3.165952592299997592e-01	-1.136970091600833510e-01	1.183976479893098094e-01
2.331311312358431975e-02	-3.251240862133429610e-02	2.432992152292253601e-02	-2.306612530533326197e-02	4.228152544796221629e-02	-3.000806755464628314e-02	3.403510251852097379e-02	-5.052507379246085062e-02	7.642357508761350726e-02	-3.649861682015308195e-02	1.247174064916789504e-01	-7.178621781444584349e-02	6.542840045493640566e-02	-8.013457550142462360e-02	7.918410818176589705e-02	-9.402367907490223609e-02	7.345930424721053287e-02	-1.371861005830596336e-01	1.280029224283821820e-01	-7.057225418170527675e-02	1.555839924296655019e-01	-1.448086614488439949e-01	1.371524725053606675e-01	-1.706404527587990494e-01	2.224249965153024255e-01	-1.666463148847488196e-01	2.167653320144022899e-01	-4.150015539050832536e-01	2.424558427094790081e-01	-1.610599628805829131e-01	1.732865815441613500e-01	-5.115171710258465954e-01	9.999999999999996669e-01	-4.174127597117597843e-01	2.072592733582695190e-01	-1.980684468477550420e-01	2.896760639126444437e-01	-4.951161232812340551e-01	1.418616130316268653e-01	-1.510569821664952406e-01
-2.919371249083141037e-02	4.057581742000154756e-02	-3.276336333088258890e-02	3.096800262491404901e-02	-5.957212416894044904e-02	3.733083909577229048e-02	-4.258350111018527340e-02	6.749243829995743571e-02	-1.044814496410754606e-01	5.128869395804834530e-02	-1.508437521033625661e-01	8.669081218412238998e-02	-8.809283957419974942e-02	1.081565984512827677e-01	-1.187521631398685551e-01	1.103318851985906485e-01	-8.924927997103342114e-02	1.717173777938794665e-01	-1.762159155277679967e-01	1.051564628506490295e-01	-1.791107599204630474e-01	1.655343633855625440e-01	-1.703638632156745936e-01	2.296081187435450588e-01	-3.538252531321105510e-01	1.653721262062410047e-01	-2.284042149862102189e-01	3.006451716741259661e-01	-4.712602671747921912e-01	2.591955287011533660e-01	-1.463074577347522887e-01	2.337714637632001546e-01	-4.174127597117597843e-01	1.000000000000000222e+00	-3.961235765790022678e-01	1.663582069821088472e-01	-1.840079559226767691e-01	2.123664533169766222e-01	-3.547039919444870404e-01	2.507078430739026476e-01
2.703828492404034695e-02	-3.828300752012980812e-02	2.880419218292804007e-02	-2.763483291861005761e-02	5.077555924035015433e-02	-3.495930340494246558e-02	3.948051570797727478e-02	-6.097105536669242959e-02	9.019548087663227520e-02	-4.510503646499058883e-02	1.208978817519325982e-01	-8.312941304292709166e-02	7.645705768361889254e-02	-1.011633250148143287e-01	1.015424541969591060e-01	-9.621090231368649437e-02	8.150162424626157531e-02	-1.760606058185469058e-01	1.551826028616221931e-01	-1.022663685741079520e-01	1.483657944420185559e-01	-1.596726723886373878e-01	1.509775418984869166e-01	-2.403414000453591715e-01	3.079774336097674814e-01	-1.542873640080807962e-01	1.837944114560777220e-01	-2.968043394219298525e-01	2.887223566796139895e-01	-6.891655005622997487e-01	1.281556298161418972e-01	-2.089733363582532977e-01	2.072592733582695190e-01	-3.961235765790022678e-01	1.000000000000000000e+00	-1.678388368203108383e-01	1.400277645804747784e-01	-1.817977755382026439e-01	1.791179920774088608e-01	-2.454851989613409669e-01
-2.910215654088874754e-02	4.003811765700023700e-02	-2.630673830864484544e-02	2.490389847018641134e-02	-4.425169514591511394e-02	3.752800035712480775e-02	-4.225946600198296488e-02	5.440843517936391760e-02	-7.994829255908375565e-02	3.791771717319749463e-02	-2.016600464505327595e-01	9.131671369235665192e-02	-7.072809998888054950e-02	8.181563774009173451e-02	-7.917853334848268254e-02	1.427809886282555840e-01	-9.624208322095534340e-02	1.417324552533641424e-01	-1.248530061369374361e-01	6.894447654492699695e-02	-2.668203079531745181e-01	1.709999341410428364e-01	-1.484948441192689150e-01	1.498026461479816662e-01	-2.112289633634222563e-01	2.772705020550476629e-01	-2.783247489450986212e-01	1.807293801423629498e-01	-1.509764407595964586e-01	1.228382112520033376e-01	-7.752018307881670678e-01	2.517631061932599779e-01	-1.980684468477550420e-01	1.663582069821088472e-01	-1.678388368203108383e-01	1.000000000000000444e+00	-2.390837169326890110e-01	1.806968808477506516e-01	-8.123864498919884658e-02	8.996159347852875077e-02
1.827859560819242168e-02	-2.542657764070936632e-02	1.830371737089016293e-02	-1.734845025866769280e-02	3.160129371615962024e-02	-2.354536280588440111e-02	2.664013061481229974e-02	-3.794674714861505371e-02	5.677295071115587288e-02	-2.720433477486014495e-02	1.038280276340406566e-01	-5.670450678484019458e-02	4.917547744139420807e-02	-5.902793012545651946e-02	5.847310175227107831e-02	-7.757535881272452361e-02	5.821876823926556976e-02	-1.014511032950105307e-01	9.187052740660270334e-02	-5.153747712936403158e-02	1.305190084276508511e-01	-1.118579212878246798e-01	1.014450757484191556e-01	-1.170319254727567315e-01	1.609229794839107663e-01	-1.448518189538574308e-01	1.724149050237460956e-01	-1.833336053156424672e-01	1.391363332318510948e-01	-1.042718553686725197e-01	1.850047340794746531e-01	-5.498854615567048132e-01	2.896760639126444437e-01	-1.840079559226767691e-01	1.400277645804747784e-01	-2.390837169326890110e-01	1.000000000000000444e+00	-7.133428699000667894e-01	9.201991065103740097e-02	-9.889438697530916755e-02
-2.140657025416440457e-02	2.965687268741861587e-02	-2.230797238571508023e-02	2.108156725936859502e-02	-3.948453495036040317e-02	2.744559643812856387e-02	-3.116787738365655105e-02	4.593421046030880805e-02	-6.969624150299294496e-02	3.385609604727253530e-02	-1.219668930310776889e-01	6.494338217623783771e-02	-5.999997232541327830e-02	7.146804606066999022e-02	-7.487589139039041441e-02	8.824884127273692480e-02	-6.730135828390540476e-02	1.174502522491067125e-01	-1.114777608758222849e-01	6.537863601078398867e-02	-1.477194227301386609e-01	1.248962131370970341e-01	-1.199776094601984894e-01	1.383162599855466413e-01	-2.094322522857476054e-01	1.447255951359218695e-01	-1.926704631240024612e-01	2.097315183819487838e-01	-1.737869916129455850e-01	1.302726551382481779e-01	-1.660355094139320531e-01	3.165952592299997592e-01	-4.951161232812340551e-01	2.123664533169766222e-01	-1.817977755382026439e-01	1.806968808477506516e-01	-7.133428699000667894e-01	1.000000000000000666e+00	-1.200741532875023720e-01	1.165739089188583683e-01
1.341371330649950185e-02	-1.871068511137010532e-02	1.473166775175877713e-02	-1.396814683156281933e-02	2.651967457195889347e-02	-1.719480750394760532e-02	1.955729776600983322e-02	-3.050972557449735043e-02	4.655997934851799358e-02	-2.294611990618646361e-02	6.799523302490265153e-02	-4.020858149091904171e-02	3.948610551034859723e-02	-4.898794377235859976e-02	5.232487167545672724e-02	-5.048137140699329728e-02	4.091487910806927003e-02	-7.979204047058063853e-02	7.727050587593448094e-02	-4.703280894880908225e-02	8.079755248773490273e-02	-7.647779776172075605e-02	7.595465309885680860e-02	-1.048836891012769751e-01	1.529389662234305058e-01	-7.712341575254001713e-02	1.006402217365866131e-01	-1.364600107068804358e-01	1.504092704757221399e-01	-1.239632769542771545e-01	6.828298456270251449e-02	-1.136970091600833510e-01	1.418616130316268653e-01	-3.547039919444870404e-01	1.791179920774088608e-01	-8.123864498919884658e-02	9.201991065103740097e-02	-1.200741532875023720e-01	1.000000000000000888e+00	-8.823428720935687641e-01
