1.000000000000000000e+00	-3.532500659844081126e-01	2.497529730857077079e-01	-4.105192585000780325e-02	4.560575142191478082e-02	-8.466651410578237558e-01	1.320054441484787566e-01	-7.622735975188343893e-02	5.922919951374536196e-02	-6.503572602337683028e-02	1.589534995078498436e-01	-1.196750360268072633e-01	8.972318282253406718e-02	-6.099282891384463778e-02	4.855327187153297974e-02	-1.632374780513772272e-01	1.025379145287468874e-01	-8.091479147658198201e-02	5.188816957694843829e-02	-5.155669382408673007e-02	5.876277452161726700e-02	-6.036857139538014810e-02	4.840909089974657770e-02	-6.256159320376740440e-02	5.302605450869646297e-02	-5.557475321420216052e-02	5.599086143159485301e-02	-5.444448297503293871e-02	4.983660893770104627e-02	-4.927236488134755649e-02	1.797409425241536240e-02	-1.642753459128238128e-02	4.656419344620424394e-02	-4.790310837371746649e-02	4.109328608400923677e-02	-2.033123478477191076e-02	1.647402764279147502e-02	-6.858871737701865978e-02	4.733208605211447484e-02	-7.963307649763040619e-02
-3.532500659844081126e-01	9.999999999999996669e-01	-8.915326378442347544e-01	5.105634432289856556e-02	-5.432650934343900839e-02	2.347462050120652788e-01	-8.968889275553887375e-02	6.560391318341887712e-02	-5.595198693361973230e-02	4.525015211244722696e-02	-7.264526804507090429e-02	7.376088438086787769e-02	-5.836892374844328962e-02	4.023251749444893555e-02	-3.452791176045653943e-02	7.120118338251854584e-02	-6.189028761764565206e-02	4.809357329569150658e-02	-3.464145851887360378e-02	3.366536290118461033e-02	-3.106409742342024563e-02	3.485963416636026629e-02	-2.872809717855595579e-02	3.865592680330806608e-02	-3.481938761792301162e-02	2.878223271723081428e-02	-3.269852308116113354e-02	3.177394533385968084e-02	-3.085911397119973573e-02	3.017898498364514348e-02	-9.644323262375157843e-03	9.671059698701727630e-03	-2.820021967472517710e-02	2.909422031299173025e-02	-2.524659614233057056e-02	1.081408428865693848e-02	-9.731960504726466787e-03	4.117710091275336715e-02	-2.875091244370807722e-02	4.794984854880658676e-02
2.497529730857077079e-01	-8.915326378442347544e-01	9.999999999999995559e-01	-6.445608445432086941e-02	6.382241863829729578e-02	-3.087655276267004534e-01	1.004911284277876377e-01	-8.479932083526824094e-02	6.783780437389867746e-02	-5.888751479053739440e-02	9.053650027940955691e-02	-9.034922150495079685e-02	7.223884542468048120e-02	-5.171999788833178680e-02	4.410914627756611778e-02	-9.397046445464828091e-02	7.681765603817011789e-02	-6.101881112718663541e-02	4.423336254933125239e-02	-4.379375934031914247e-02	4.034901014527908503e-02	-4.541330199732809131e-02	3.732291306326575298e-02	-5.090256353090583802e-02	4.504359373488574930e-02	-3.786687590122382596e-02	4.244779870515743431e-02	-4.168037638624319530e-02	4.050911203049909620e-02	-3.997686776540683440e-02	1.268646011348714339e-02	-1.272470718197548853e-02	3.733372296555650949e-02	-3.862886518245373796e-02	3.335691304122316569e-02	-1.426996939319507413e-02	1.278069743365150938e-02	-5.494215803534517606e-02	3.819771128684614631e-02	-6.416874237412453774e-02
-4.105192585000780325e-02	5.105634432289856556e-02	-6.445608445432086941e-02	9.999999999999991118e-01	-8.702800290198298150e-01	4.427951174985500504e-02	-6.996593574512045832e-02	2.412735165089000544e-01	-3.785122125001783577e-01	1.416655303835836766e-01	-3.643433408097226239e-02	5.851730033357947086e-02	-8.454785523649165080e-02	8.413562325880444281e-02	-1.112169286474671975e-01	3.406295111852846585e-02	-6.943247296996264695e-02	5.514557687173678169e-02	-7.387401731431998686e-02	7.029773211907823505e-02	-2.624503231467383013e-02	3.884616166883446409e-02	-3.558137244265963811e-02	5.893862749517628924e-02	-7.320513779384796305e-02	2.320475763872604374e-02	-3.813969665609907855e-02	3.750719003979628707e-02	-4.704897835946956347e-02	4.284637734190223368e-02	-8.283681225624317176e-03	1.145296925688098731e-02	-3.730915694010159683e-02	3.895226507147479117e-02	-3.626955820843890538e-02	9.013247275706020786e-03	-1.167001230167716459e-02	5.105496687076028356e-02	-3.804010427460886856e-02	5.931387700965136400e-02
4.560575142191478082e-02	-5.432650934343900839e-02	6.382241863829729578e-02	-8.702800290198298150e-01	9.999999999999990008e-01	-5.002840266361529425e-02	8.137120365903284525e-02	-3.143383894448539828e-01	2.593211149451957187e-01	-2.013690606028273322e-01	4.198036083151877873e-02	-6.989530474303191909e-02	9.668523926143084146e-02	-9.644820485091068485e-02	1.265750432212249532e-01	-3.952296639527230759e-02	7.985694692909690862e-02	-6.469298749225962930e-02	8.256733764093961148e-02	-8.409272156897182326e-02	3.093934538662099221e-02	-4.640257626948862679e-02	4.232281515964690655e-02	-7.137894121706271633e-02	8.461348049338295041e-02	-2.747994194055326453e-02	4.524269005897885165e-02	-4.506943030198152372e-02	5.626975970991644760e-02	-5.228935858763223560e-02	9.857253394387987394e-03	-1.383813345397078703e-02	4.541845570664693882e-02	-4.772749434993151657e-02	4.388926223051960174e-02	-1.073751611172577870e-02	1.406199657164487922e-02	-6.319380735513288605e-02	4.658210521299255280e-02	-7.387080476089721848e-02
-8.466651410578237558e-01	2.347462050120652788e-01	-3.087655276267004534e-01	4.427951174985500504e-02	-5.002840266361529425e-02	9.999999999999991118e-01	-1.716757859590893331e-01	7.876548296115869208e-02	-6.393421196219302438e-02	6.415664641587238981e-02	-2.261725916726183006e-01	1.287873870019060341e-01	-9.892065192456386824e-02	6.185713402481044648e-02	-4.905646695040205563e-02	1.657933664585045375e-01	-1.148061843224675999e-01	8.498949516296248896e-02	-5.332519436113490607e-02	5.117444516542702521e-02	-6.170543136081433483e-02	6.112048937193408776e-02	-4.923552293596984708e-02	6.122224125875747047e-02	-5.314788241683231218e-02	5.603393712570261392e-02	-5.741297304919393274e-02	5.435226683023043626e-02	-4.911967622791885840e-02	4.775043219613015616e-02	-1.814765886178310028e-02	1.632061325438888613e-02	-4.534416098905470760e-02	4.630267223855952935e-02	-4.002917094541071780e-02	2.036839877979946048e-02	-1.643274161810437395e-02	6.577183993505369974e-02	-4.570406862908225204e-02	7.583688059165588635e-02
1.320054441484787566e-01	-8.968889275553887375e-02	1.004911284277876377e-01	-6.996593574512045832e-02	8.137120365903284525e-02	-1.716757859590893331e-01	9.999999999999992228e-01	-2.008628229000197774e-01	1.339688876813298346e-01	-1.333694072500465344e-01	1.270829835069336999e-01	-8.386598157298892353e-01	2.264368380944372650e-01	-1.408005811340182489e-01	9.921160175710785900e-02	-1.257897188178191683e-01	2.199079403276093803e-01	-1.967298334836212470e-01	1.119732165657190692e-01	-1.079282353036978420e-01	7.132230766481037487e-02	-1.080050065130461340e-01	8.822566400690112776e-02	-1.255739203755195099e-01	1.071243682455595841e-01	-6.555978755000381464e-02	9.329035482475783736e-02	-9.474107117592128757e-02	9.723159991973168159e-02	-9.722572211667047937e-02	2.264715616482688987e-02	-2.875042930410655340e-02	8.862287088850341610e-02	-9.324936704550834676e-02	8.011955634247054647e-02	-2.509266707448638140e-02	2.884803595413536204e-02	-1.319898190305195951e-01	9.166493637421624374e-02	-1.558872752897063063e-01
-7.622735975188343893e-02	6.560391318341887712e-02	-8.479932083526824094e-02	2.412735165089000544e-01	-3.143383894448539828e-01	7.876548296115869208e-02	-2.008628229000197774e-01	9.999999999999987788e-01	-8.074660353632697740e-01	1.712416486633553669e-01	-7.770134237777967523e-02	1.449947462194924319e-01	-2.100207497436593074e-01	1.621705460288805356e-01	-1.478711515633148177e-01	7.130080009605559155e-02	-1.602216557770907990e-01	1.259394516085616811e-01	-1.435606871697623632e-01	1.167142777636794582e-01	-5.324064287276966678e-02	7.830409767836450652e-02	-7.062978145633497240e-02	1.076303438869200130e-01	-1.244114192352616666e-01	4.673894681489235148e-02	-7.605638245666480890e-02	7.313923350829588943e-02	-8.687007639655859592e-02	7.861554730230969901e-02	-1.661761738977699313e-02	2.222913646277303867e-02	-7.002554274481377627e-02	7.238955414093838081e-02	-6.694778247848383324e-02	1.806524351597232902e-02	-2.268969975769664221e-02	9.571577419448625001e-02	-7.096885500697520943e-02	1.106950541837841140e-01
5.922919951374536196e-02	-5.595198693361973230e-02	6.783780437389867746e-02	-3.785122125001783577e-01	2.593211149451957187e-01	-6.393421196219302438e-02	1.339688876813298346e-01	-8.074660353632697740e-01	9.999999999999994449e-01	-1.869884749903218402e-01	6.055665574999742617e-02	-1.156369388229433193e-01	1.535995468835307798e-01	-1.799769641480290228e-01	1.347102242045863651e-01	-5.700713846313385652e-02	1.203899962717910055e-01	-1.021038296207259360e-01	1.329916687039216228e-01	-1.128814673156987164e-01	4.461412073701331166e-02	-6.799560290015460584e-02	6.141714411353156600e-02	-1.026656226391026161e-01	1.114883302807599674e-01	-3.969408165936332000e-02	6.526671607807683906e-02	-6.530679560335204970e-02	8.003377643993721258e-02	-7.485511373878224461e-02	1.421515519196898947e-02	-2.001246515251095190e-02	6.531170294524575592e-02	-6.879606476277320970e-02	6.250970896524189746e-02	-1.549562104090551097e-02	2.030254311049657645e-02	-9.189673726326882952e-02	6.710453886618406028e-02	-1.076914701761257642e-01
-6.503572602337683028e-02	4.525015211244722696e-02	-5.888751479053739440e-02	1.416655303835836766e-01	-2.013690606028273322e-01	6.415664641587238981e-02	-1.333694072500465344e-01	1.712416486633553669e-01	-1.869884749903218402e-01	9.999999999999994449e-01	-7.917338646846623640e-02	1.070444474564967441e-01	-2.031835967403364807e-01	2.021820327106125248e-01	-7.833790955649859722e-01	7.092209576642327651e-02	-1.698478742164845900e-01	1.242765703174978920e-01	-2.140142394220746203e-01	2.626258484146217764e-01	-6.413536626069672730e-02	9.596180114983750287e-02	-9.314594496276785984e-02	1.647236336168602377e-01	-2.894536555959483781e-01	5.534951248556527897e-02	-9.912974723952849843e-02	9.522879069774892180e-02	-1.365668017013247082e-01	1.147592971135115436e-01	-1.985297874188171607e-02	2.841369594277287636e-02	-9.583166228191584979e-02	9.885788974753854930e-02	-9.992479054511110848e-02	2.133867322022843516e-02	-2.930371503420805754e-02	1.193796981637357535e-01	-9.579674552836558998e-02	1.350118195824967504e-01
1.589534995078498436e-01	-7.264526804507090429e-02	9.053650027940955691e-02	-3.643433408097226239e-02	4.198036083151877873e-02	-2.261725916726183006e-01	1.270829835069336999e-01	-7.770134237777967523e-02	6.055665574999742617e-02	-7.917338646846623640e-02	9.999999999999986677e-01	-1.407063064649482498e-01	1.247836377223428134e-01	-7.987340600299235038e-02	5.980709736755527445e-02	-8.828599638322816023e-01	1.907471162428913125e-01	-1.446888186548021815e-01	6.793253878384479527e-02	-6.682766996245748103e-02	1.499930238157369256e-01	-1.099256285041399078e-01	8.114395152610860695e-02	-8.613437652310186599e-02	6.962025231202670361e-02	-1.445100928588742839e-01	9.975955517058385236e-02	-9.297421293530823416e-02	6.938506712135253385e-02	-6.675700356640484889e-02	3.984583918649085149e-02	-2.648261786940957555e-02	6.534986089309231805e-02	-6.533903196826300330e-02	5.593257457268051985e-02	-4.579250871850745752e-02	2.645129319185953592e-02	-9.381286282043932445e-02	6.391720002060627404e-02	-1.049675844760470655e-01
-1.196750360268072633e-01	7.376088438086787769e-02	-9.034922150495079685e-02	5.851730033357947086e-02	-6.989530474303191909e-02	1.287873870019060341e-01	-8.386598157298892353e-01	1.449947462194924319e-01	-1.156369388229433193e-01	1.070444474564967441e-01	-1.407063064649482498e-01	9.999999999999998890e-01	-3.067100505411596290e-01	1.251363300925935340e-01	-8.374370192546634617e-02	1.250872038702901812e-01	-2.984318707280194105e-01	2.041943961177121458e-01	-1.029399057649304366e-01	8.974244087457075580e-02	-6.630684441649732641e-02	9.741097760123562654e-02	-7.984389424153788550e-02	1.022696764954640070e-01	-9.058713723155155384e-02	5.951332852829713943e-02	-8.388293247124366248e-02	8.154730252280474601e-02	-8.021767678959361436e-02	7.766107066012697957e-02	-2.013083257460279371e-02	2.416735519302769253e-02	-7.148381439695256079e-02	7.419572200349852653e-02	-6.455791537283080139e-02	2.222327966644535926e-02	-2.439114937133364525e-02	1.037529484450135930e-01	-7.274664767531194287e-02	1.208901993301779582e-01
8.972318282253406718e-02	-5.836892374844328962e-02	7.223884542468048120e-02	-8.454785523649165080e-02	9.668523926143084146e-02	-9.892065192456386824e-02	2.264368380944372650e-01	-2.100207497436593074e-01	1.535995468835307798e-01	-2.031835967403364807e-01	1.247836377223428134e-01	-3.067100505411596290e-01	1.000000000000000000e+00	-3.520442895928084792e-01	1.571165372915370451e-01	-1.276878120146850981e-01	3.114357036823465763e-01	-6.114028209239673606e-01	2.184735533583544720e-01	-1.818832678915412171e-01	9.183797657866119013e-02	-1.562038615168801214e-01	1.326458181862462671e-01	-1.964382624342806416e-01	1.714560951167837521e-01	-8.362264396921641196e-02	1.329790457503883250e-01	-1.383055906132033552e-01	1.481681602054640001e-01	-1.454962179559216029e-01	2.936107441790425723e-02	-4.094951398205302212e-02	1.292530040187353790e-01	-1.371215988442491818e-01	1.190780866480487393e-01	-3.228069762419750327e-02	4.113809985761361643e-02	-1.902438449908790130e-01	1.334214662257835193e-01	-2.243996612582877526e-01
-6.099282891384463778e-02	4.023251749444893555e-02	-5.171999788833178680e-02	8.413562325880444281e-02	-9.644820485091068485e-02	6.185713402481044648e-02	-1.408005811340182489e-01	1.621705460288805356e-01	-1.799769641480290228e-01	2.021820327106125248e-01	-7.987340600299235038e-02	1.251363300925935340e-01	-3.520442895928084792e-01	9.999999999999981126e-01	-2.443243347239618390e-01	7.393370135938978627e-02	-1.877963203191560515e-01	1.731570051733841709e-01	-7.659356830113077663e-01	2.466251847820691012e-01	-6.368893251613755302e-02	1.012139475786879850e-01	-9.774399329362139233e-02	1.861967175708672817e-01	-2.383094570661133116e-01	5.580104423066479385e-02	-9.856684935818857407e-02	9.852151762418405456e-02	-1.457468560091802201e-01	1.167051757454161537e-01	-1.974027527782450109e-02	2.850927542785521712e-02	-9.670822289534669602e-02	1.017934572984220687e-01	-9.938803357570520636e-02	2.134303947370283505e-02	-2.917246720914857053e-02	1.244938055512957581e-01	-9.709940265544174387e-02	1.420690450159787788e-01
4.855327187153297974e-02	-3.452791176045653943e-02	4.410914627756611778e-02	-1.112169286474671975e-01	1.265750432212249532e-01	-4.905646695040205563e-02	9.921160175710785900e-02	-1.478711515633148177e-01	1.347102242045863651e-01	-7.833790955649859722e-01	5.980709736755527445e-02	-8.374370192546634617e-02	1.571165372915370451e-01	-2.443243347239618390e-01	9.999999999999980016e-01	-5.472951495402916811e-02	1.266536413528428773e-01	-1.015895672711428777e-01	2.093623971586024979e-01	-4.204416738865670022e-01	5.182048848819919423e-02	-8.202737019689512743e-02	7.936533282883249940e-02	-1.637238608814944596e-01	2.462420829778585452e-01	-4.543965801551350103e-02	8.189731440442768462e-02	-8.337093967775791037e-02	1.214491235221719229e-01	-1.092631165684663508e-01	1.631308517173327144e-02	-2.460580799254774229e-02	8.561940811610276036e-02	-9.203556549347172155e-02	8.944664397525352306e-02	-1.760281109124990986e-02	2.514608556489602784e-02	-1.121708288270690523e-01	8.684863569083645096e-02	-1.291268552506085743e-01
-1.632374780513772272e-01	7.120118338251854584e-02	-9.397046445464828091e-02	3.406295111852846585e-02	-3.952296639527230759e-02	1.657933664585045375e-01	-1.257897188178191683e-01	7.130080009605559155e-02	-5.700713846313385652e-02	7.092209576642327651e-02	-8.828599638322816023e-01	1.250872038702901812e-01	-1.276878120146850981e-01	7.393370135938978627e-02	-5.472951495402916811e-02	9.999999999999976685e-01	-2.489003600057751731e-01	1.401210821651673599e-01	-6.394188816832965805e-02	6.065550671683832273e-02	-1.907335881232123664e-01	1.060476084039301964e-01	-7.914568181297000626e-02	7.783316695208265801e-02	-6.397432270833429413e-02	1.391200151591099610e-01	-9.943856534985941187e-02	8.721564378956538077e-02	-6.337703015673697149e-02	5.964617321273818495e-02	-3.855771194374293248e-02	2.490426407186734775e-02	-5.907517992807518464e-02	5.833912640126139720e-02	-5.032724614685945425e-02	4.315675960684120516e-02	-2.504819655567055298e-02	8.303133282629907019e-02	-5.698399445454308682e-02	9.193684097994470061e-02
1.025379145287468874e-01	-6.189028761764565206e-02	7.681765603817011789e-02	-6.943247296996264695e-02	7.985694692909690862e-02	-1.148061843224675999e-01	2.199079403276093803e-01	-1.602216557770907990e-01	1.203899962717910055e-01	-1.698478742164845900e-01	1.907471162428913125e-01	-2.984318707280194105e-01	3.114357036823465763e-01	-1.877963203191560515e-01	1.266536413528428773e-01	-2.489003600057751731e-01	9.999999999999943379e-01	-6.624628175875686420e-01	1.508611477951766755e-01	-1.451616505036381621e-01	1.201677580030130199e-01	-2.373169584213679073e-01	1.629414026699699813e-01	-1.796907868702432576e-01	1.454117589765167307e-01	-1.092194606866844497e-01	1.608150105983802425e-01	-1.583239180611876185e-01	1.392294986105931942e-01	-1.363669402637918693e-01	3.596001741822274500e-02	-4.452786995062874703e-02	1.269352727123541358e-01	-1.313341464054315622e-01	1.125438139557344286e-01	-3.974408863507831319e-02	4.475988031826850372e-02	-1.856818492339026572e-01	1.280795574376181190e-01	-2.148945212932133475e-01
-8.091479147658198201e-02	4.809357329569150658e-02	-6.101881112718663541e-02	5.514557687173678169e-02	-6.469298749225962930e-02	8.498949516296248896e-02	-1.967298334836212470e-01	1.259394516085616811e-01	-1.021038296207259360e-01	1.242765703174978920e-01	-1.446888186548021815e-01	2.041943961177121458e-01	-6.114028209239673606e-01	1.731570051733841709e-01	-1.015895672711428777e-01	1.401210821651673599e-01	-6.624628175875686420e-01	9.999999999999971134e-01	-1.504211159699939127e-01	1.137068334535114161e-01	-8.629828037601687540e-02	1.459430673330547323e-01	-1.303650499943697083e-01	1.293836760500652328e-01	-1.162744843269861716e-01	7.543930883880516081e-02	-1.196225247461543822e-01	1.138301479782152514e-01	-1.023383374496379949e-01	9.478491897553706358e-02	-2.524366806648666028e-02	3.139276236634765127e-02	-8.841153398653249507e-02	9.011723004531234371e-02	-7.941151198663606858e-02	2.759060061678957412e-02	-3.192245091721174211e-02	1.239393465466855637e-01	-8.765372678003212348e-02	1.415219193208793746e-01
5.188816957694843829e-02	-3.464145851887360378e-02	4.423336254933125239e-02	-7.387401731431998686e-02	8.256733764093961148e-02	-5.332519436113490607e-02	1.119732165657190692e-01	-1.435606871697623632e-01	1.329916687039216228e-01	-2.140142394220746203e-01	6.793253878384479527e-02	-1.029399057649304366e-01	2.184735533583544720e-01	-7.659356830113077663e-01	2.093623971586024979e-01	-6.394188816832965805e-02	1.508611477951766755e-01	-1.504211159699939127e-01	9.999999999999976685e-01	-3.963545508129638351e-01	5.985601090165924149e-02	-1.003038175440110896e-01	9.746825167716956229e-02	-2.455470979993024938e-01	2.440560332980279967e-01	-5.311215143048205606e-02	9.555785098682381684e-02	-1.010581186672145360e-01	1.550848670869708901e-01	-1.304808631428973908e-01	1.888130054361093421e-02	-2.880214090995090320e-02	1.010092768210180542e-01	-1.107283443421697988e-01	1.049490152296026074e-01	-2.044975196787638533e-02	2.928063746032370795e-02	-1.343447297807139340e-01	1.025115521952171815e-01	-1.551024320349519703e-01
-5.155669382408673007e-02	3.366536290118461033e-02	-4.379375934031914247e-02	7.029773211907823505e-02	-8.409272156897182326e-02	5.117444516542702521e-02	-1.079282353036978420e-01	1.167142777636794582e-01	-1.128814673156987164e-01	2.626258484146217764e-01	-6.682766996245748103e-02	8.974244087457075580e-02	-1.818832678915412171e-01	2.466251847820691012e-01	-4.204416738865670022e-01	6.065550671683832273e-02	-1.451616505036381621e-01	1.137068334535114161e-01	-3.963545508129638351e-01	9.999999999999972244e-01	-6.014655182181060517e-02	9.654202707956401064e-02	-9.867768266858936710e-02	2.239866380340248542e-01	-6.772605835562399701e-01	5.238367422298384479e-02	-9.798105294237330343e-02	1.000730485088494465e-01	-1.713264050586108256e-01	1.420180380416319610e-01	-1.864234239879198132e-02	2.844204068192616314e-02	-1.035837401666714203e-01	1.115455892840425262e-01	-1.184422678904761966e-01	2.003336781965795593e-02	-2.921598022358954869e-02	1.264773632750449406e-01	-1.035758857060778693e-01	1.430647637044713261e-01
5.876277452161726700e-02	-3.106409742342024563e-02	4.034901014527908503e-02	-2.624503231467383013e-02	3.093934538662099221e-02	-6.170543136081433483e-02	7.132230766481037487e-02	-5.324064287276966678e-02	4.461412073701331166e-02	-6.413536626069672730e-02	1.499930238157369256e-01	-6.630684441649732641e-02	9.183797657866119013e-02	-6.368893251613755302e-02	5.182048848819919423e-02	-1.907335881232123664e-01	1.201677580030130199e-01	-8.629828037601687540e-02	5.985601090165924149e-02	-6.014655182181060517e-02	9.999999999999947820e-01	-2.553893886672281566e-01	1.531343609594195132e-01	-9.704578977091933567e-02	7.021005208748838655e-02	-8.508027743495251149e-01	2.413354140338234699e-01	-1.992885399585376804e-01	8.482162637996706889e-02	-7.238956610914884515e-02	1.433302944665060807e-01	-5.146941746904794973e-02	8.341127566908174140e-02	-7.373418790149349755e-02	6.289182018812901342e-02	-1.665386567852257804e-01	5.056091086862905121e-02	-1.073402328327499322e-01	6.985032207473199084e-02	-1.016455716404570386e-01
-6.036857139538014810e-02	3.485963416636026629e-02	-4.541330199732809131e-02	3.884616166883446409e-02	-4.640257626948862679e-02	6.112048937193408776e-02	-1.080050065130461340e-01	7.830409767836450652e-02	-6.799560290015460584e-02	9.596180114983750287e-02	-1.099256285041399078e-01	9.741097760123562654e-02	-1.562038615168801214e-01	1.012139475786879850e-01	-8.202737019689512743e-02	1.060476084039301964e-01	-2.373169584213679073e-01	1.459430673330547323e-01	-1.003038175440110896e-01	9.654202707956401064e-02	-2.553893886672281566e-01	9.999999999999965583e-01	-6.656982323467904861e-01	1.730151748240977283e-01	-1.218477596184387446e-01	1.951608697214143873e-01	-5.138053152923532929e-01	3.195312236566548725e-01	-1.525096191922358235e-01	1.129048217740720866e-01	-5.762733058031865863e-02	7.562914807105844406e-02	-1.316063017318585826e-01	1.126306140271868261e-01	-1.006023348178908816e-01	6.059041349617833722e-02	-7.949643099562497817e-02	1.504142802739761031e-01	-1.053815274791728984e-01	1.418005781041679625e-01
4.840909089974657770e-02	-2.872809717855595579e-02	3.732291306326575298e-02	-3.558137244265963811e-02	4.232281515964690655e-02	-4.923552293596984708e-02	8.822566400690112776e-02	-7.062978145633497240e-02	6.141714411353156600e-02	-9.314594496276785984e-02	8.114395152610860695e-02	-7.984389424153788550e-02	1.326458181862462671e-01	-9.774399329362139233e-02	7.936533282883249940e-02	-7.914568181297000626e-02	1.629414026699699813e-01	-1.303650499943697083e-01	9.746825167716956229e-02	-9.867768266858936710e-02	1.531343609594195132e-01	-6.656982323467904861e-01	9.999999999999972244e-01	-2.373150293674592404e-01	1.247834190283992617e-01	-1.424891394992471583e-01	3.068765392056062025e-01	-5.830110229202092320e-01	1.728831092219738075e-01	-1.239872110674554995e-01	4.274147302983118124e-02	-5.847768017446241390e-02	1.434830781434698888e-01	-1.234151778039836722e-01	1.065583350067988155e-01	-4.613050409416366571e-02	5.941830831110958555e-02	-1.618561516918813337e-01	1.088370125322605242e-01	-1.445008496172565104e-01
-6.256159320376740440e-02	3.865592680330806608e-02	-5.090256353090583802e-02	5.893862749517628924e-02	-7.137894121706271633e-02	6.122224125875747047e-02	-1.255739203755195099e-01	1.076303438869200130e-01	-1.026656226391026161e-01	1.647236336168602377e-01	-8.613437652310186599e-02	1.022696764954640070e-01	-1.964382624342806416e-01	1.861967175708672817e-01	-1.637238608814944596e-01	7.783316695208265801e-02	-1.796907868702432576e-01	1.293836760500652328e-01	-2.455470979993024938e-01	2.239866380340248542e-01	-9.704578977091933567e-02	1.730151748240977283e-01	-2.373150293674592404e-01	9.999999999999996669e-01	-4.140802665934368854e-01	8.402447668308379858e-02	-1.771980500635755573e-01	1.957858415362358773e-01	-6.589758560394851639e-01	2.462724783726592537e-01	-2.901873162007047313e-02	4.602019837646079831e-02	-1.844906845562148956e-01	2.020501655029161014e-01	-2.172746650788511535e-01	3.089835487749714726e-02	-4.771009887673299116e-02	1.910878643364617990e-01	-1.761862346178150740e-01	2.039172295864070117e-01
5.302605450869646297e-02	-3.481938761792301162e-02	4.504359373488574930e-02	-7.320513779384796305e-02	8.461348049338295041e-02	-5.314788241683231218e-02	1.071243682455595841e-01	-1.244114192352616666e-01	1.114883302807599674e-01	-2.894536555959483781e-01	6.962025231202670361e-02	-9.058713723155155384e-02	1.714560951167837521e-01	-2.383094570661133116e-01	2.462420829778585452e-01	-6.397432270833429413e-02	1.454117589765167307e-01	-1.162744843269861716e-01	2.440560332980279967e-01	-6.772605835562399701e-01	7.021005208748838655e-02	-1.218477596184387446e-01	1.247834190283992617e-01	-4.140802665934368854e-01	9.999999999999945599e-01	-6.209493491556794531e-02	1.185422141470308249e-01	-1.309425311843179507e-01	2.278335327897693108e-01	-2.280578849247843209e-01	2.208418081105911757e-02	-3.605940426895310608e-02	1.359420860181902724e-01	-1.576140917538033093e-01	1.596900065031870153e-01	-2.378452176662108550e-02	3.670765095932317090e-02	-1.747248975278229699e-01	1.377552448624317361e-01	-2.009806770485831617e-01
-5.557475321420216052e-02	2.878223271723081428e-02	-3.786687590122382596e-02	2.320475763872604374e-02	-2.747994194055326453e-02	5.603393712570261392e-02	-6.555978755000381464e-02	4.673894681489235148e-02	-3.969408165936332000e-02	5.534951248556527897e-02	-1.445100928588742839e-01	5.951332852829713943e-02	-8.362264396921641196e-02	5.580104423066479385e-02	-4.543965801551350103e-02	1.391200151591099610e-01	-1.092194606866844497e-01	7.543930883880516081e-02	-5.311215143048205606e-02	5.238367422298384479e-02	-8.508027743495251149e-01	1.951608697214143873e-01	-1.424891394992471583e-01	8.402447668308379858e-02	-6.209493491556794531e-02	9.999999999999950040e-01	-3.367523386434356780e-01	1.738701214686514396e-01	-7.521099727568995863e-02	6.240046561531323310e-02	-1.852446980248372843e-01	5.286890470954870580e-02	-7.352155698363016523e-02	6.364441535304900255e-02	-5.490980081152252446e-02	1.556146403484338359e-01	-5.331380116553176979e-02	9.112709906057105125e-02	-6.040136175290478082e-02	8.574309992596737540e-02
5.599086143159485301e-02	-3.269852308116113354e-02	4.244779870515743431e-02	-3.813969665609907855e-02	4.524269005897885165e-02	-5.741297304919393274e-02	9.329035482475783736e-02	-7.605638245666480890e-02	6.526671607807683906e-02	-9.912974723952849843e-02	9.975955517058385236e-02	-8.388293247124366248e-02	1.329790457503883250e-01	-9.856684935818857407e-02	8.189731440442768462e-02	-9.943856534985941187e-02	1.608150105983802425e-01	-1.196225247461543822e-01	9.555785098682381684e-02	-9.798105294237330343e-02	2.413354140338234699e-01	-5.138053152923532929e-01	3.068765392056062025e-01	-1.771980500635755573e-01	1.185422141470308249e-01	-3.367523386434356780e-01	9.999999999999987788e-01	-6.085483799595918786e-01	1.606186120303141618e-01	-1.306984258927179621e-01	7.847821401865465174e-02	-1.320033811061857298e-01	1.631480238892642209e-01	-1.365341913597989398e-01	1.134591143444370898e-01	-8.521750752296705644e-02	1.151712010724687263e-01	-1.998067937980106401e-01	1.239765063680827450e-01	-1.713594061297404325e-01
-5.444448297503293871e-02	3.177394533385968084e-02	-4.168037638624319530e-02	3.750719003979628707e-02	-4.506943030198152372e-02	5.435226683023043626e-02	-9.474107117592128757e-02	7.313923350829588943e-02	-6.530679560335204970e-02	9.522879069774892180e-02	-9.297421293530823416e-02	8.154730252280474601e-02	-1.383055906132033552e-01	9.852151762418405456e-02	-8.337093967775791037e-02	8.721564378956538077e-02	-1.583239180611876185e-01	1.138301479782152514e-01	-1.010581186672145360e-01	1.000730485088494465e-01	-1.992885399585376804e-01	3.195312236566548725e-01	-5.830110229202092320e-01	1.957858415362358773e-01	-1.309425311843179507e-01	1.738701214686514396e-01	-6.085483799595918786e-01	9.999999999999967804e-01	-2.212177801848051739e-01	1.400407144858501485e-01	-5.331044136239114495e-02	8.493706608093296029e-02	-2.242218360696011659e-01	1.502412782438534433e-01	-1.287930944984644333e-01	5.526970868456505814e-02	-8.930510819668290023e-02	1.931121025584757178e-01	-1.316416376272291355e-01	1.595781648102677641e-01
4.983660893770104627e-02	-3.085911397119973573e-02	4.050911203049909620e-02	-4.704897835946956347e-02	5.626975970991644760e-02	-4.911967622791885840e-02	9.723159991973168159e-02	-8.687007639655859592e-02	8.003377643993721258e-02	-1.365668017013247082e-01	6.938506712135253385e-02	-8.021767678959361436e-02	1.481681602054640001e-01	-1.457468560091802201e-01	1.214491235221719229e-01	-6.337703015673697149e-02	1.392294986105931942e-01	-1.023383374496379949e-01	1.550848670869708901e-01	-1.713264050586108256e-01	8.482162637996706889e-02	-1.525096191922358235e-01	1.728831092219738075e-01	-6.589758560394851639e-01	2.278335327897693108e-01	-7.521099727568995863e-02	1.606186120303141618e-01	-2.212177801848051739e-01	9.999999999999973355e-01	-4.545453927164513352e-01	2.599658006786298090e-02	-4.578136060245096423e-02	2.006364607577411086e-01	-3.105558754744813799e-01	2.607072680295706157e-01	-2.776730821604412452e-02	4.675309590264822152e-02	-2.257403932085448595e-01	1.961567725127178474e-01	-2.478290962464801406e-01
-4.927236488134755649e-02	3.017898498364514348e-02	-3.997686776540683440e-02	4.284637734190223368e-02	-5.228935858763223560e-02	4.775043219613015616e-02	-9.722572211667047937e-02	7.861554730230969901e-02	-7.485511373878224461e-02	1.147592971135115436e-01	-6.675700356640484889e-02	7.766107066012697957e-02	-1.454962179559216029e-01	1.167051757454161537e-01	-1.092631165684663508e-01	5.964617321273818495e-02	-1.363669402637918693e-01	9.478491897553706358e-02	-1.304808631428973908e-01	1.420180380416319610e-01	-7.238956610914884515e-02	1.129048217740720866e-01	-1.239872110674554995e-01	2.462724783726592537e-01	-2.280578849247843209e-01	6.240046561531323310e-02	-1.306984258927179621e-01	1.400407144858501485e-01	-4.545453927164513352e-01	9.999999999999942268e-01	-2.222302684547694182e-02	3.983417123648764352e-02	-2.166148260021789063e-01	2.719381899640375133e-01	-7.129326484163996946e-01	2.360333531462985301e-02	-4.131527800091747138e-02	1.985618733664742397e-01	-2.167982476524220603e-01	2.210240105128036814e-01
1.797409425241536240e-02	-9.644323262375157843e-03	1.268646011348714339e-02	-8.283681225624317176e-03	9.857253394387987394e-03	-1.814765886178310028e-02	2.264715616482688987e-02	-1.661761738977699313e-02	1.421515519196898947e-02	-1.985297874188171607e-02	3.984583918649085149e-02	-2.013083257460279371e-02	2.936107441790425723e-02	-1.974027527782450109e-02	1.631308517173327144e-02	-3.855771194374293248e-02	3.596001741822274500e-02	-2.524366806648666028e-02	1.888130054361093421e-02	-1.864234239879198132e-02	1.433302944665060807e-01	-5.762733058031865863e-02	4.274147302983118124e-02	-2.901873162007047313e-02	2.208418081105911757e-02	-1.852446980248372843e-01	7.847821401865465174e-02	-5.331044136239114495e-02	2.599658006786298090e-02	-2.222302684547694182e-02	9.999999999999978906e-01	-4.563462515302103839e-02	2.677661781160675658e-02	-2.294623711730656157e-02	1.975042243569321079e-02	-9.670661993703358883e-01	4.436964644555297516e-02	-3.415882165987759594e-02	2.220937222532870861e-02	-3.138703569061478127e-02
-1.642753459128238128e-02	9.671059698701727630e-03	-1.272470718197548853e-02	1.145296925688098731e-02	-1.383813345397078703e-02	1.632061325438888613e-02	-2.875042930410655340e-02	2.222913646277303867e-02	-2.001246515251095190e-02	2.841369594277287636e-02	-2.648261786940957555e-02	2.416735519302769253e-02	-4.094951398205302212e-02	2.850927542785521712e-02	-2.460580799254774229e-02	2.490426407186734775e-02	-4.452786995062874703e-02	3.139276236634765127e-02	-2.880214090995090320e-02	2.844204068192616314e-02	-5.146941746904794973e-02	7.562914807105844406e-02	-5.847768017446241390e-02	4.602019837646079831e-02	-3.605940426895310608e-02	5.286890470954870580e-02	-1.320033811061857298e-01	8.493706608093296029e-02	-4.578136060245096423e-02	3.983417123648764352e-02	-4.563462515302103839e-02	9.999999999999953371e-01	-7.506911486191986116e-02	4.848606757291765157e-02	-3.931233353551204235e-02	4.552129965345151630e-02	-9.762297735035870838e-01	9.230991331192353599e-02	-4.877111485393325480e-02	5.481948454819061262e-02
4.656419344620424394e-02	-2.820021967472517710e-02	3.733372296555650949e-02	-3.730915694010159683e-02	4.541845570664693882e-02	-4.534416098905470760e-02	8.862287088850341610e-02	-7.002554274481377627e-02	6.531170294524575592e-02	-9.583166228191584979e-02	6.534986089309231805e-02	-7.148381439695256079e-02	1.292530040187353790e-01	-9.670822289534669602e-02	8.561940811610276036e-02	-5.907517992807518464e-02	1.269352727123541358e-01	-8.841153398653249507e-02	1.010092768210180542e-01	-1.035837401666714203e-01	8.341127566908174140e-02	-1.316063017318585826e-01	1.434830781434698888e-01	-1.844906845562148956e-01	1.359420860181902724e-01	-7.352155698363016523e-02	1.631480238892642209e-01	-2.242218360696011659e-01	2.006364607577411086e-01	-2.166148260021789063e-01	2.677661781160675658e-02	-7.506911486191986116e-02	9.999999999999961142e-01	-5.088910048909529582e-01	2.229638327564451850e-01	-2.841151633005057145e-02	7.454663840670389119e-02	-7.012551421195193369e-01	2.686552213943843026e-01	-2.709257858102255834e-01
-4.790310837371746649e-02	2.909422031299173025e-02	-3.862886518245373796e-02	3.895226507147479117e-02	-4.772749434993151657e-02	4.630267223855952935e-02	-9.324936704550834676e-02	7.238955414093838081e-02	-6.879606476277320970e-02	9.885788974753854930e-02	-6.533903196826300330e-02	7.419572200349852653e-02	-1.371215988442491818e-01	1.017934572984220687e-01	-9.203556549347172155e-02	5.833912640126139720e-02	-1.313341464054315622e-01	9.011723004531234371e-02	-1.107283443421697988e-01	1.115455892840425262e-01	-7.373418790149349755e-02	1.126306140271868261e-01	-1.234151778039836722e-01	2.020501655029161014e-01	-1.576140917538033093e-01	6.364441535304900255e-02	-1.365341913597989398e-01	1.502412782438534433e-01	-3.105558754744813799e-01	2.719381899640375133e-01	-2.294623711730656157e-02	4.848606757291765157e-02	-5.088910048909529582e-01	9.999999999999961142e-01	-4.780753394100442644e-01	2.431833722624953883e-02	-5.015164187861534395e-02	2.973576336994562253e-01	-4.836920783431944426e-01	2.862189845679413702e-01
4.109328608400923677e-02	-2.524659614233057056e-02	3.335691304122316569e-02	-3.626955820843890538e-02	4.388926223051960174e-02	-4.002917094541071780e-02	8.011955634247054647e-02	-6.694778247848383324e-02	6.250970896524189746e-02	-9.992479054511110848e-02	5.593257457268051985e-02	-6.455791537283080139e-02	1.190780866480487393e-01	-9.938803357570520636e-02	8.944664397525352306e-02	-5.032724614685945425e-02	1.125438139557344286e-01	-7.941151198663606858e-02	1.049490152296026074e-01	-1.184422678904761966e-01	6.289182018812901342e-02	-1.006023348178908816e-01	1.065583350067988155e-01	-2.172746650788511535e-01	1.596900065031870153e-01	-5.490980081152252446e-02	1.134591143444370898e-01	-1.287930944984644333e-01	2.607072680295706157e-01	-7.129326484163996946e-01	1.975042243569321079e-02	-3.931233353551204235e-02	2.229638327564451850e-01	-4.780753394100442644e-01	9.999999999999960032e-01	-2.104582198828595929e-02	4.015750602859993051e-02	-2.362142517678083586e-01	2.340963451453171584e-01	-2.934883478658952827e-01
-2.033123478477191076e-02	1.081408428865693848e-02	-1.426996939319507413e-02	9.013247275706020786e-03	-1.073751611172577870e-02	2.036839877979946048e-02	-2.509266707448638140e-02	1.806524351597232902e-02	-1.549562104090551097e-02	2.133867322022843516e-02	-4.579250871850745752e-02	2.222327966644535926e-02	-3.228069762419750327e-02	2.134303947370283505e-02	-1.760281109124990986e-02	4.315675960684120516e-02	-3.974408863507831319e-02	2.759060061678957412e-02	-2.044975196787638533e-02	2.003336781965795593e-02	-1.665386567852257804e-01	6.059041349617833722e-02	-4.613050409416366571e-02	3.089835487749714726e-02	-2.378452176662108550e-02	1.556146403484338359e-01	-8.521750752296705644e-02	5.526970868456505814e-02	-2.776730821604412452e-02	2.360333531462985301e-02	-9.670661993703358883e-01	4.552129965345151630e-02	-2.841151633005057145e-02	2.431833722624953883e-02	-2.104582198828595929e-02	9.999999999999953371e-01	-4.751743018997196810e-02	3.590878850087873830e-02	-2.360163260358905113e-02	3.320639294356880072e-02
1.647402764279147502e-02	-9.731960504726466787e-03	1.278069743365150938e-02	-1.167001230167716459e-02	1.406199657164487922e-02	-1.643274161810437395e-02	2.884803595413536204e-02	-2.268969975769664221e-02	2.030254311049657645e-02	-2.930371503420805754e-02	2.645129319185953592e-02	-2.439114937133364525e-02	4.113809985761361643e-02	-2.917246720914857053e-02	2.514608556489602784e-02	-2.504819655567055298e-02	4.475988031826850372e-02	-3.192245091721174211e-02	2.928063746032370795e-02	-2.921598022358954869e-02	5.056091086862905121e-02	-7.949643099562497817e-02	5.941830831110958555e-02	-4.771009887673299116e-02	3.670765095932317090e-02	-5.331380116553176979e-02	1.151712010724687263e-01	-8.930510819668290023e-02	4.675309590264822152e-02	-4.131527800091747138e-02	4.436964644555297516e-02	-9.762297735035870838e-01	7.454663840670389119e-02	-5.015164187861534395e-02	4.015750602859993051e-02	-4.751743018997196810e-02	9.999999999999961142e-01	-1.045208795174237815e-01	5.011270483543861509e-02	-5.790214411769563363e-02
-6.858871737701865978e-02	4.117710091275336715e-02	-5.494215803534517606e-02	5.105496687076028356e-02	-6.319380735513288605e-02	6.577183993505369974e-02	-1.319898190305195951e-01	9.571577419448625001e-02	-9.189673726326882952e-02	1.193796981637357535e-01	-9.381286282043932445e-02	1.037529484450135930e-01	-1.902438449908790130e-01	1.244938055512957581e-01	-1.121708288270690523e-01	8.303133282629907019e-02	-1.856818492339026572e-01	1.239393465466855637e-01	-1.343447297807139340e-01	1.264773632750449406e-01	-1.073402328327499322e-01	1.504142802739761031e-01	-1.618561516918813337e-01	1.910878643364617990e-01	-1.747248975278229699e-01	9.112709906057105125e-02	-1.998067937980106401e-01	1.931121025584757178e-01	-2.257403932085448595e-01	1.985618733664742397e-01	-3.415882165987759594e-02	9.230991331192353599e-02	-7.012551421195193369e-01	2.973576336994562253e-01	-2.362142517678083586e-01	3.590878850087873830e-02	-1.045208795174237815e-01	9.999999999999957812e-01	-3.804345352657468871e-01	2.682437222743317418e-01
4.733208605211447484e-02	-2.875091244370807722e-02	3.819771128684614631e-02	-3.804010427460886856e-02	4.658210521299255280e-02	-4.570406862908225204e-02	9.166493637421624374e-02	-7.096885500697520943e-02	6.710453886618406028e-02	-9.579674552836558998e-02	6.391720002060627404e-02	-7.274664767531194287e-02	1.334214662257835193e-01	-9.709940265544174387e-02	8.684863569083645096e-02	-5.698399445454308682e-02	1.280795574376181190e-01	-8.765372678003212348e-02	1.025115521952171815e-01	-1.035758857060778693e-01	6.985032207473199084e-02	-1.053815274791728984e-01	1.088370125322605242e-01	-1.761862346178150740e-01	1.377552448624317361e-01	-6.040136175290478082e-02	1.239765063680827450e-01	-1.316416376272291355e-01	1.961567725127178474e-01	-2.167982476524220603e-01	2.220937222532870861e-02	-4.877111485393325480e-02	2.686552213943843026e-01	-4.836920783431944426e-01	2.340963451453171584e-01	-2.360163260358905113e-02	5.011270483543861509e-02	-3.804345352657468871e-01	9.999999999999960032e-01	-6.930805779629490848e-01
