1.000000000000000000e+00	-7.186796913617087279e-01	1.814744565440303548e-01	-1.099175502320902803e-01	8.801068865401828756e-02	-5.369499009761812269e-01	3.025395674690618542e-01	-1.802595041124099295e-01	8.865581260292861032e-02	-7.758666175979743451e-02	2.208013351840380223e-01	-2.599570522421064678e-01	1.432998350121157671e-01	-1.198385433146216955e-01	6.989934282129224574e-02	-1.157187891364624133e-01	1.107458579952822764e-01	-8.520266281714408696e-02	6.472801536099924424e-02	-6.965601763116772982e-02	6.569701286537646401e-02	-5.565862936367666630e-02	3.961323759719528187e-02	-5.435806652006940770e-02	5.687401264651250482e-02	-2.773044756211129683e-02	3.182864174480621450e-02	-4.006734455750066842e-02	3.101485704757045436e-02	-3.042856585676335934e-02	1.953332303997503197e-02	-3.388626193700983169e-02	2.419705956324338589e-02	-3.499993872429246755e-02	3.145557102720059062e-02	-2.716230241333039697e-02	3.106692634552386811e-02	-2.318054825468756144e-02	1.646973913397490469e-02	-1.666681388201231989e-02
-7.186796913617087279e-01	1.000000000000000222e+00	-2.729876192311747607e-01	1.260793120417424973e-01	-1.046483865359226217e-01	3.043529856075506412e-01	-4.972462375689777336e-01	2.126380308725469015e-01	-1.044082775381678929e-01	8.671726219073257191e-02	-2.198455137184085473e-01	2.270578061545370507e-01	-1.678209387971007771e-01	1.280505034131784736e-01	-7.652743841929676716e-02	1.079407807225256366e-01	-1.161750904773629633e-01	9.044042270554368546e-02	-7.050590147289384491e-02	7.401560111208028980e-02	-6.888551280453554526e-02	5.679341218716428552e-02	-4.158106300610823342e-02	5.777837871179609952e-02	-6.168086422908333061e-02	2.857039973447969561e-02	-3.303832093543850740e-02	4.160584829923974493e-02	-3.287050158851637094e-02	3.208341182857969015e-02	-2.019422121063878944e-02	3.504927694966534363e-02	-2.526997938649985093e-02	3.667933698003358889e-02	-3.327885829551968655e-02	2.795720344431356502e-02	-3.247685574715748758e-02	2.415187227584926835e-02	-1.729948691688842216e-02	1.745891400984209488e-02
1.814744565440303548e-01	-2.729876192311747607e-01	1.000000000000000222e+00	-4.322763772276058125e-01	2.110375145144975650e-01	-2.009603087975853908e-01	2.460146185164541477e-01	-6.470228452428427035e-01	2.294896624159171727e-01	-1.929423991207829814e-01	1.591279594754645976e-01	-2.261426645747549868e-01	2.829898221705828831e-01	-2.874552732244558539e-01	1.502030897025798950e-01	-9.801441596080676111e-02	1.030851696815897334e-01	-1.718606681867017871e-01	1.262143657635333982e-01	-1.521579035142489600e-01	6.929358670832833078e-02	-6.014178051016559612e-02	6.336279696089085200e-02	-1.103002730421963201e-01	1.128930452474896651e-01	-3.895998597874050784e-02	4.435705453737193160e-02	-6.524602288663874927e-02	5.883170457825134814e-02	-5.826213569413254967e-02	2.823486046567631053e-02	-5.304319978337980468e-02	4.004683041258266796e-02	-6.456359017526601407e-02	5.676257941401373353e-02	-4.016987101642944397e-02	4.837723707741732604e-02	-3.863708256160962307e-02	2.876878522389044596e-02	-2.942072268104157368e-02
-1.099175502320902803e-01	1.260793120417424973e-01	-4.322763772276058125e-01	1.000000000000000222e+00	-5.062109466269147928e-01	1.115661870715506376e-01	-1.416876597851652597e-01	2.235713350063048832e-01	-5.940945394825393189e-01	3.027186099931582497e-01	-1.097385974744777004e-01	1.400346175561721362e-01	-2.460123945218205821e-01	2.566574764247045448e-01	-1.643678989757006159e-01	6.948781388788395630e-02	-7.785212005970888749e-02	1.362014336879687204e-01	-1.161471361091467036e-01	1.403396189316033216e-01	-5.456209684356082279e-02	4.667973587626930709e-02	-5.261813368780212524e-02	9.745566836232283370e-02	-1.097235483889971719e-01	3.199666393260254538e-02	-3.671701959296040652e-02	5.316610485218932480e-02	-5.253710764605021982e-02	5.133132403366206381e-02	-2.350538188182939997e-02	4.479259765043647201e-02	-3.441318980796660709e-02	5.637161870028211536e-02	-5.107683583167579172e-02	3.338002475483764497e-02	-4.185908053905617460e-02	3.309137429809950320e-02	-2.541446098975482654e-02	2.581055864303554576e-02
8.801068865401828756e-02	-1.046483865359226217e-01	2.110375145144975650e-01	-5.062109466269147928e-01	9.999999999999998890e-01	-9.767684210380427057e-02	1.142781520465773332e-01	-1.803280789455527222e-01	3.181036178984357199e-01	-7.095015102888991843e-01	9.486722358352818463e-02	-1.305770299575967353e-01	1.921378056675905333e-01	-2.643885614154173336e-01	1.890471241659884838e-01	-6.535241912548217513e-02	7.135871217847075676e-02	-1.495831410029340169e-01	1.195223544674775956e-01	-1.805584353043070689e-01	5.275914936243068093e-02	-4.631847470047225496e-02	5.706099238113230415e-02	-1.138793660970818106e-01	1.194134905659723772e-01	-3.526487824981670849e-02	3.992133061262625321e-02	-5.929159106662531403e-02	6.063193151701844197e-02	-6.059429511938654173e-02	2.611910876963368863e-02	-5.128352190743452194e-02	3.932247532227337722e-02	-6.690773410786018949e-02	5.848771298550600045e-02	-3.764110405336257986e-02	4.689646429607426809e-02	-3.815392702411651155e-02	2.936033920190254942e-02	-3.017594455816790394e-02
-5.369499009761812269e-01	3.043529856075506412e-01	-2.009603087975853908e-01	1.115661870715506376e-01	-9.767684210380427057e-02	9.999999999999998890e-01	-5.307809081607665069e-01	1.961153554668403076e-01	-9.684530072353168817e-02	8.179932603645291567e-02	-4.807013020925089974e-01	2.941605632367404466e-01	-1.695856297005798041e-01	1.243089975556933430e-01	-7.555521205334460311e-02	1.607674507401933850e-01	-1.644519687915702577e-01	9.280461957791388827e-02	-7.228731946276757692e-02	7.316112552408399194e-02	-9.058183151623484808e-02	7.400722123669033203e-02	-4.657886531829311810e-02	5.843070446505404386e-02	-6.244610769042983900e-02	3.331358185799485755e-02	-3.862672656289738160e-02	4.633656837078321822e-02	-3.388071587227310666e-02	3.297085876963128798e-02	-2.317137955967648461e-02	3.889293311237999873e-02	-2.746972764145181115e-02	3.813048849443029936e-02	-3.471280788750419344e-02	3.176366172262012899e-02	-3.590311124984502111e-02	2.617478814973555473e-02	-1.828825186765276750e-02	1.839680103256040311e-02
3.025395674690618542e-01	-4.972462375689777336e-01	2.460146185164541477e-01	-1.416876597851652597e-01	1.142781520465773332e-01	-5.307809081607665069e-01	9.999999999999997780e-01	-3.883031282887544067e-01	1.171678378340737930e-01	-9.980709998034553720e-02	2.643598992912893908e-01	-4.183024239875618444e-01	2.111408891011319622e-01	-1.592609012633843524e-01	9.088217307578774773e-02	-1.342178363504677729e-01	1.343924549507786170e-01	-1.121372986789234832e-01	8.467959811339050014e-02	-8.947706063097851659e-02	7.920339454773235588e-02	-6.671804097079904461e-02	4.942702724824157151e-02	-6.966669810263184659e-02	7.323554970830255251e-02	-3.361211290487660375e-02	3.868800813510010761e-02	-4.977058044323331987e-02	3.912543746929610100e-02	-3.827702513260545364e-02	2.370996181998887703e-02	-4.132305921523638653e-02	2.982216236237369630e-02	-4.358567859332541927e-02	3.923390405339370612e-02	-3.294483031324252353e-02	3.799272658067669173e-02	-2.854000136714593405e-02	2.038693497853490133e-02	-2.062171556376334036e-02
-1.802595041124099295e-01	2.126380308725469015e-01	-6.470228452428427035e-01	2.235713350063048832e-01	-1.803280789455527222e-01	1.961153554668403076e-01	-3.883031282887544067e-01	1.000000000000000444e+00	-1.962071885880921629e-01	1.474977045819250987e-01	-1.686292202899916381e-01	2.181130895590303320e-01	-4.840042922491420985e-01	2.337744863520187788e-01	-1.307132400718483689e-01	9.452487397497029431e-02	-1.034704154317660219e-01	1.558659251465849271e-01	-1.204667322603637791e-01	1.230359719753426062e-01	-6.691925735235658423e-02	5.682602400085782351e-02	-5.720687963393420589e-02	9.379481130543634859e-02	-1.005057326983072458e-01	3.428888586837937347e-02	-3.948337974528579042e-02	5.713388323290375520e-02	-5.028796198216860247e-02	4.891383416554460906e-02	-2.469879673962631708e-02	4.539680768031376795e-02	-3.438222074659004479e-02	5.391552321345390031e-02	-4.853775515985157829e-02	3.473691340579006248e-02	-4.200533406586316743e-02	3.293879312576822316e-02	-2.444805187292509521e-02	2.479776654366138214e-02
8.865581260292861032e-02	-1.044082775381678929e-01	2.294896624159171727e-01	-5.940945394825393189e-01	3.181036178984357199e-01	-9.684530072353168817e-02	1.171678378340737930e-01	-1.962071885880921629e-01	1.000000000000000000e+00	-5.337874922702463554e-01	9.473342559065549284e-02	-1.280942022543450076e-01	2.221993009377837558e-01	-4.306079669008835986e-01	1.933713284738260152e-01	-6.257519215179259409e-02	6.927618330308733807e-02	-1.408174582731586688e-01	1.181053993167929250e-01	-1.659849028375366131e-01	4.971964186968890614e-02	-4.317350720782965612e-02	5.198663266379794506e-02	-1.038383308716447073e-01	1.141878709564237981e-01	-3.091906044999955666e-02	3.531492060368551095e-02	-5.313722450628369232e-02	5.396894238728949800e-02	-5.314523661684288774e-02	2.272518095981941946e-02	-4.391730761180345083e-02	3.409744087551722785e-02	-5.747380471335444829e-02	5.115395106695400790e-02	-3.244059379259175285e-02	4.060591775460829084e-02	-3.286887544066974254e-02	2.529851785036062173e-02	-2.582512313033398510e-02
-7.758666175979743451e-02	8.671726219073257191e-02	-1.929423991207829814e-01	3.027186099931582497e-01	-7.095015102888991843e-01	8.179932603645291567e-02	-9.980709998034553720e-02	1.474977045819250987e-01	-5.337874922702463554e-01	9.999999999999982236e-01	-8.487456248077436538e-02	1.092480523655624813e-01	-1.933126410605274237e-01	2.437176883652983628e-01	-2.446575154890388848e-01	5.715524848884270814e-02	-6.453206154328078314e-02	1.301148124043474408e-01	-1.153130344926620726e-01	1.685630549105678055e-01	-4.733236984568595096e-02	4.086883891545044223e-02	-5.011161279035431654e-02	1.027155467434252845e-01	-1.196614174078169390e-01	3.014819164776254626e-02	-3.452414532654184132e-02	5.088969698011678450e-02	-5.427190830021746959e-02	5.311335677294389684e-02	-2.233026860175549647e-02	4.347823560809857546e-02	-3.392028354289801373e-02	5.747574168098902592e-02	-5.200315485042331792e-02	3.187319946412005972e-02	-4.072317238038294929e-02	3.265923417680841045e-02	-2.554504601235724898e-02	2.598455621818739764e-02
2.208013351840380223e-01	-2.198455137184085473e-01	1.591279594754645976e-01	-1.097385974744777004e-01	9.486722358352818463e-02	-4.807013020925089974e-01	2.643598992912893908e-01	-1.686292202899916381e-01	9.473342559065549284e-02	-8.487456248077436538e-02	9.999999999999994449e-01	-6.437162951023992497e-01	1.735958502922941571e-01	-1.383896696543764904e-01	8.298079194615579079e-02	-3.894727208404146213e-01	2.458384453794150715e-01	-1.097259899841394465e-01	8.234197305129406508e-02	-8.298929024540072086e-02	1.311103278962514607e-01	-1.131258198705070023e-01	6.040354658734481408e-02	-6.764834547323607394e-02	7.072654513368084594e-02	-4.560710233227956850e-02	5.238083643884073465e-02	-6.070213883981228492e-02	4.006021481206321899e-02	-3.908099797613381887e-02	3.109267598175423017e-02	-5.071455925784443264e-02	3.475494585632474959e-02	-4.598556299368709160e-02	4.156521319950726157e-02	-4.255391565482437299e-02	4.599837218210044848e-02	-3.311135352819317978e-02	2.235281834880072788e-02	-2.247944242139446325e-02
-2.599570522421064678e-01	2.270578061545370507e-01	-2.261426645747549868e-01	1.400346175561721362e-01	-1.305770299575967353e-01	2.941605632367404466e-01	-4.183024239875618444e-01	2.181130895590303320e-01	-1.280942022543450076e-01	1.092480523655624813e-01	-6.437162951023992497e-01	1.000000000000001332e+00	-2.905479866361391772e-01	1.737847200951375959e-01	-1.089310638368231055e-01	2.384332844818262964e-01	-2.937281946074530858e-01	1.369646333768925750e-01	-1.083458978804151818e-01	1.033326794484124844e-01	-1.552783682110642216e-01	1.231709436309666450e-01	-7.300911074131279099e-02	8.472482289497801355e-02	-9.200709936815744394e-02	5.298283249808699580e-02	-6.214837292706124061e-02	7.140983288405773621e-02	-5.004142361202296163e-02	4.834540312357971797e-02	-3.669215154609156704e-02	6.009388021135869673e-02	-4.212461601750539658e-02	5.632701780737058017e-02	-5.198527940463799901e-02	4.967401447864443903e-02	-5.616313039746979180e-02	3.993620877696105187e-02	-2.756070781135760983e-02	2.755866853596213722e-02
1.432998350121157671e-01	-1.678209387971007771e-01	2.829898221705828831e-01	-2.460123945218205821e-01	1.921378056675905333e-01	-1.695856297005798041e-01	2.111408891011319622e-01	-4.840042922491420985e-01	2.221993009377837558e-01	-1.933126410605274237e-01	1.735958502922941571e-01	-2.905479866361391772e-01	1.000000000000001332e+00	-5.348540024848696950e-01	2.140293386220832039e-01	-1.106465795007435665e-01	1.211589934362918702e-01	-3.436572205274727176e-01	2.067514707945426466e-01	-2.156361498498613194e-01	8.312202922209950551e-02	-7.311408459800280979e-02	9.150879577735435144e-02	-1.624869121768847124e-01	1.634983325711128477e-01	-4.884506016089205926e-02	5.594301736272706133e-02	-9.282890406777384584e-02	8.105572976543751196e-02	-7.930356558361395525e-02	3.518609732127593592e-02	-6.655114256771017811e-02	5.200162056313671621e-02	-8.485961008049162924e-02	7.450891820011855404e-02	-4.995553191697579831e-02	6.058287351485171918e-02	-4.991159812004017371e-02	3.699957573860122861e-02	-3.777605147048952727e-02
-1.198385433146216955e-01	1.280505034131784736e-01	-2.874552732244558539e-01	2.566574764247045448e-01	-2.643885614154173336e-01	1.243089975556933430e-01	-1.592609012633843524e-01	2.337744863520187788e-01	-4.306079669008835986e-01	2.437176883652983628e-01	-1.383896696543764904e-01	1.737847200951375959e-01	-5.348540024848696950e-01	1.000000000000000444e+00	-4.297734486673835952e-01	8.925141576285891554e-02	-1.032885085089068899e-01	2.190100829095745216e-01	-2.137396037375238200e-01	2.488294785871662806e-01	-7.351368498022520237e-02	6.294827021005061640e-02	-7.813039500277262073e-02	1.605347290203784361e-01	-1.969594552983736646e-01	4.381732061614101309e-02	-5.063733473747275560e-02	7.750001492205918496e-02	-8.156474067999690269e-02	7.819011155265340185e-02	-3.210876237748751943e-02	6.152432949477201068e-02	-4.886315717582126461e-02	8.227598928725601835e-02	-7.542575339991638983e-02	4.540243736964292426e-02	-5.789284302340155092e-02	4.669698491014205588e-02	-3.637124589398364749e-02	3.678881489254741399e-02
6.989934282129224574e-02	-7.652743841929676716e-02	1.502030897025798950e-01	-1.643678989757006159e-01	1.890471241659884838e-01	-7.555521205334460311e-02	9.088217307578774773e-02	-1.307132400718483689e-01	1.933713284738260152e-01	-2.446575154890388848e-01	8.298079194615579079e-02	-1.089310638368231055e-01	2.140293386220832039e-01	-4.297734486673835952e-01	1.000000000000000222e+00	-6.209582575947589222e-02	7.027493279837651596e-02	-2.272484124734592270e-01	1.988442513910331222e-01	-7.344591931908436289e-01	5.495378439771515106e-02	-4.920050218044384749e-02	7.442294061219724421e-02	-2.159677087171792131e-01	2.339110266028598950e-01	-3.984624565816292235e-02	4.539958924120307548e-02	-7.740873276079399123e-02	9.376532016984918949e-02	-9.403806027609902529e-02	2.930793385897157224e-02	-5.898427517599279246e-02	4.883790802863921532e-02	-9.259968019676882711e-02	7.889408751541888976e-02	-4.209043277639749892e-02	5.370689187210891252e-02	-4.712116622154903511e-02	3.712028151501839401e-02	-3.826608391050330404e-02
-1.157187891364624133e-01	1.079407807225256366e-01	-9.801441596080676111e-02	6.948781388788395630e-02	-6.535241912548217513e-02	1.607674507401933850e-01	-1.342178363504677729e-01	9.452487397497029431e-02	-6.257519215179259409e-02	5.715524848884270814e-02	-3.894727208404146213e-01	2.384332844818262964e-01	-1.106465795007435665e-01	8.925141576285891554e-02	-6.209582575947589222e-02	1.000000000000000222e+00	-7.887038201028347961e-01	9.639824352518255868e-02	-7.428149060003881587e-02	6.102872731061439321e-02	-3.000002461321212288e-01	2.260404111128927473e-01	-8.120658208370371001e-02	5.580672234771548446e-02	-5.974971302856200983e-02	6.704921623554602195e-02	-7.875447199287476108e-02	7.829184613862674724e-02	-3.674381007361953583e-02	3.513518694184529501e-02	-4.303521596240574010e-02	6.197759683899212169e-02	-3.999112819306056832e-02	4.355982885202023397e-02	-4.015307684363660090e-02	5.618041277564610886e-02	-5.556421825426491323e-02	3.748805455211482590e-02	-2.280654673745802913e-02	2.256698413992976743e-02
1.107458579952822764e-01	-1.161750904773629633e-01	1.030851696815897334e-01	-7.785212005970888749e-02	7.135871217847075676e-02	-1.644519687915702577e-01	1.343924549507786170e-01	-1.034704154317660219e-01	6.927618330308733807e-02	-6.453206154328078314e-02	2.458384453794150715e-01	-2.937281946074530858e-01	1.211589934362918702e-01	-1.032885085089068899e-01	7.027493279837651596e-02	-7.887038201028347961e-01	1.000000000000002220e+00	-1.209358617306247746e-01	8.548839245358894057e-02	-7.091372893308105219e-02	2.523121655656893614e-01	-3.464847735843356036e-01	9.563453137686216132e-02	-6.526407524020350071e-02	6.796099992789979283e-02	-7.742900955152388909e-02	8.888407305865143881e-02	-9.603630729583731429e-02	4.249371244486174759e-02	-4.083980927113838727e-02	4.886905279211409270e-02	-7.243768294077504444e-02	4.615815231541806063e-02	-5.061020349632729814e-02	4.589202917656104441e-02	-6.578297497228241530e-02	6.255041781075894314e-02	-4.356527769702862873e-02	2.617273402575553964e-02	-2.604512643541097294e-02
-8.520266281714408696e-02	9.044042270554368546e-02	-1.718606681867017871e-01	1.362014336879687204e-01	-1.495831410029340169e-01	9.280461957791388827e-02	-1.121372986789234832e-01	1.558659251465849271e-01	-1.408174582731586688e-01	1.301148124043474408e-01	-1.097259899841394465e-01	1.369646333768925750e-01	-3.436572205274727176e-01	2.190100829095745216e-01	-2.272484124734592270e-01	9.639824352518255868e-02	-1.209358617306247746e-01	9.999999999999993339e-01	-7.305126348728201435e-01	2.145206873707250217e-01	-9.070826684535984730e-02	8.402000984402342720e-02	-1.942944372173538992e-01	2.548973914335672108e-01	-2.881775514202302158e-01	6.051034467804032591e-02	-7.173516982419077259e-02	1.534118274223414680e-01	-1.213894659813812144e-01	1.069966838336411652e-01	-4.300575407376244774e-02	8.116213686624167145e-02	-6.959546372023261984e-02	1.077567934101397035e-01	-1.003748731753253270e-01	6.020585433215431409e-02	-7.506642053341255894e-02	6.474113378576597244e-02	-4.735263452469860856e-02	4.735834955267925750e-02
6.472801536099924424e-02	-7.050590147289384491e-02	1.262143657635333982e-01	-1.161471361091467036e-01	1.195223544674775956e-01	-7.228731946276757692e-02	8.467959811339050014e-02	-1.204667322603637791e-01	1.181053993167929250e-01	-1.153130344926620726e-01	8.234197305129406508e-02	-1.083458978804151818e-01	2.067514707945426466e-01	-2.137396037375238200e-01	1.988442513910331222e-01	-7.428149060003881587e-02	8.548839245358894057e-02	-7.305126348728201435e-01	1.000000000000001110e+00	-2.698196154083672971e-01	6.872620866173501097e-02	-6.514900148311966732e-02	1.286627708803559922e-01	-4.484956396360453845e-01	2.703261784682589597e-01	-5.136066668055155188e-02	5.925690842682785481e-02	-1.308124605951130615e-01	1.304261980291509249e-01	-1.205720965653913068e-01	3.660197737350313202e-02	-7.189120390773251490e-02	6.227472724876048638e-02	-1.122172977891116863e-01	9.617810061761059015e-02	-5.209145798960871515e-02	6.476125071727438509e-02	-5.907324919858687046e-02	4.420187585909474137e-02	-4.500957685296208544e-02
-6.965601763116772982e-02	7.401560111208028980e-02	-1.521579035142489600e-01	1.403396189316033216e-01	-1.805584353043070689e-01	7.316112552408399194e-02	-8.947706063097851659e-02	1.230359719753426062e-01	-1.659849028375366131e-01	1.685630549105678055e-01	-8.298929024540072086e-02	1.033326794484124844e-01	-2.156361498498613194e-01	2.488294785871662806e-01	-7.344591931908436289e-01	6.102872731061439321e-02	-7.091372893308105219e-02	2.145206873707250217e-01	-2.698196154083672971e-01	9.999999999999994449e-01	-5.531507426292925356e-02	4.877847467193961034e-02	-7.420373921475338641e-02	2.367204989343824617e-01	-4.181863783229366471e-01	3.877778444467026159e-02	-4.469364467533498003e-02	7.433164469004681363e-02	-1.026563496070183740e-01	9.735595740672257914e-02	-2.865183651202288587e-02	5.752259779786286081e-02	-4.865042365524001322e-02	9.279221740351810410e-02	-8.332447286117655727e-02	4.082345912766385809e-02	-5.371403353953434212e-02	4.645014614855420831e-02	-3.777352308589913832e-02	3.844204748668242355e-02
6.569701286537646401e-02	-6.888551280453554526e-02	6.929358670832833078e-02	-5.456209684356082279e-02	5.275914936243068093e-02	-9.058183151623484808e-02	7.920339454773235588e-02	-6.691925735235658423e-02	4.971964186968890614e-02	-4.733236984568595096e-02	1.311103278962514607e-01	-1.552783682110642216e-01	8.312202922209950551e-02	-7.351368498022520237e-02	5.495378439771515106e-02	-3.000002461321212288e-01	2.523121655656893614e-01	-9.070826684535984730e-02	6.872620866173501097e-02	-5.531507426292925356e-02	1.000000000000000666e+00	-8.445120647424981808e-01	1.572919590218103680e-01	-5.617870377613629757e-02	5.845497206633997606e-02	-1.678591099247779550e-01	1.670067474045372202e-01	-1.678499447648246490e-01	4.637888270207186914e-02	-4.412402972574883814e-02	9.186791001668871692e-02	-1.190081595746087378e-01	6.927302534380518073e-02	-6.020656945039200292e-02	5.451590549740194941e-02	-1.208369172636926669e-01	9.653031811505062565e-02	-6.509710023134737678e-02	3.393512731746597955e-02	-3.338284033411734880e-02
-5.565862936367666630e-02	5.679341218716428552e-02	-6.014178051016559612e-02	4.667973587626930709e-02	-4.631847470047225496e-02	7.400722123669033203e-02	-6.671804097079904461e-02	5.682602400085782351e-02	-4.317350720782965612e-02	4.086883891545044223e-02	-1.131258198705070023e-01	1.231709436309666450e-01	-7.311408459800280979e-02	6.294827021005061640e-02	-4.920050218044384749e-02	2.260404111128927473e-01	-3.464847735843356036e-01	8.402000984402342720e-02	-6.514900148311966732e-02	4.877847467193961034e-02	-8.445120647424981808e-01	1.000000000000000000e+00	-1.939233257656683973e-01	5.092385457982218089e-02	-5.383579748787916536e-02	1.388061358254014388e-01	-1.872445435361398680e-01	1.569362132369692686e-01	-4.225722618965576521e-02	3.967419450034696815e-02	-8.142315584110902671e-02	1.054874441819701608e-01	-6.403070562279875033e-02	5.382679855265915664e-02	-4.956837419895037539e-02	1.014399729764905722e-01	-8.926792262004540346e-02	5.868870582163503158e-02	-3.064951464669981099e-02	2.988058375919896981e-02
3.961323759719528187e-02	-4.158106300610823342e-02	6.336279696089085200e-02	-5.261813368780212524e-02	5.706099238113230415e-02	-4.657886531829311810e-02	4.942702724824157151e-02	-5.720687963393420589e-02	5.198663266379794506e-02	-5.011161279035431654e-02	6.040354658734481408e-02	-7.300911074131279099e-02	9.150879577735435144e-02	-7.813039500277262073e-02	7.442294061219724421e-02	-8.120658208370371001e-02	9.563453137686216132e-02	-1.942944372173538992e-01	1.286627708803559922e-01	-7.420373921475338641e-02	1.572919590218103680e-01	-1.939233257656683973e-01	9.999999999999978906e-01	-9.712361982672447491e-02	9.684361478195618878e-02	-1.343233616466849578e-01	1.590497899343106536e-01	-8.927953292809683861e-01	8.793599670076381047e-02	-7.985725149238874498e-02	8.279259370865102441e-02	-1.458288459112545565e-01	1.334250097474374008e-01	-1.025422085832437130e-01	8.673325402243574345e-02	-1.155891195545426658e-01	1.170832896165352882e-01	-1.228034500650238836e-01	5.329381344965067324e-02	-5.280526224603364349e-02
-5.435806652006940770e-02	5.777837871179609952e-02	-1.103002730421963201e-01	9.745566836232283370e-02	-1.138793660970818106e-01	5.843070446505404386e-02	-6.966669810263184659e-02	9.379481130543634859e-02	-1.038383308716447073e-01	1.027155467434252845e-01	-6.764834547323607394e-02	8.472482289497801355e-02	-1.624869121768847124e-01	1.605347290203784361e-01	-2.159677087171792131e-01	5.580672234771548446e-02	-6.526407524020350071e-02	2.548973914335672108e-01	-4.484956396360453845e-01	2.367204989343824617e-01	-5.617870377613629757e-02	5.092385457982218089e-02	-9.712361982672447491e-02	9.999999999999964473e-01	-7.201502226962894770e-01	4.490819776711151706e-02	-5.201472558077570307e-02	9.410024888606653704e-02	-2.713679558882206577e-01	1.838999298787833414e-01	-3.341800857086651977e-02	7.077935250568649639e-02	-6.663000944696260974e-02	1.514065045888469963e-01	-1.346918363316285394e-01	4.767238111202506262e-02	-6.627055740594488265e-02	6.251115076853654140e-02	-5.453196161347004245e-02	5.522212270825883895e-02
5.687401264651250482e-02	-6.168086422908333061e-02	1.128930452474896651e-01	-1.097235483889971719e-01	1.194134905659723772e-01	-6.244610769042983900e-02	7.323554970830255251e-02	-1.005057326983072458e-01	1.141878709564237981e-01	-1.196614174078169390e-01	7.072654513368084594e-02	-9.200709936815744394e-02	1.634983325711128477e-01	-1.969594552983736646e-01	2.339110266028598950e-01	-5.974971302856200983e-02	6.796099992789979283e-02	-2.881775514202302158e-01	2.703261784682589597e-01	-4.181863783229366471e-01	5.845497206633997606e-02	-5.383579748787916536e-02	9.684361478195618878e-02	-7.201502226962894770e-01	9.999999999999987788e-01	-4.883493803176772174e-02	5.556520351784449696e-02	-1.015661718235896654e-01	1.892495745246090821e-01	-1.963955131236243268e-01	3.617977517433432905e-02	-7.709117058860419369e-02	6.972243061845655177e-02	-1.601390503059492154e-01	1.298867999117106209e-01	-5.218207497546761831e-02	6.971361567138661952e-02	-6.711209780692933835e-02	5.587382486092146855e-02	-5.811195826307793272e-02
-2.773044756211129683e-02	2.857039973447969561e-02	-3.895998597874050784e-02	3.199666393260254538e-02	-3.526487824981670849e-02	3.331358185799485755e-02	-3.361211290487660375e-02	3.428888586837937347e-02	-3.091906044999955666e-02	3.014819164776254626e-02	-4.560710233227956850e-02	5.298283249808699580e-02	-4.884506016089205926e-02	4.381732061614101309e-02	-3.984624565816292235e-02	6.704921623554602195e-02	-7.742900955152388909e-02	6.051034467804032591e-02	-5.136066668055155188e-02	3.877778444467026159e-02	-1.678591099247779550e-01	1.388061358254014388e-01	-1.343233616466849578e-01	4.490819776711151706e-02	-4.883493803176772174e-02	9.999999999999996669e-01	-7.190410881911150076e-01	1.315093521786404041e-01	-5.159185517148864170e-02	4.813834130130608541e-02	-5.058131238077917535e-01	2.332255236177764868e-01	-1.180936477104419929e-01	7.692714108289003261e-02	-7.743958936534028892e-02	2.934174518443393165e-01	-2.367343128032443900e-01	1.045306964561154850e-01	-5.230205107763667705e-02	4.868958567195982856e-02
3.182864174480621450e-02	-3.303832093543850740e-02	4.435705453737193160e-02	-3.671701959296040652e-02	3.992133061262625321e-02	-3.862672656289738160e-02	3.868800813510010761e-02	-3.948337974528579042e-02	3.531492060368551095e-02	-3.452414532654184132e-02	5.238083643884073465e-02	-6.214837292706124061e-02	5.594301736272706133e-02	-5.063733473747275560e-02	4.539958924120307548e-02	-7.875447199287476108e-02	8.888407305865143881e-02	-7.173516982419077259e-02	5.925690842682785481e-02	-4.469364467533498003e-02	1.670067474045372202e-01	-1.872445435361398680e-01	1.590497899343106536e-01	-5.201472558077570307e-02	5.556520351784449696e-02	-7.190410881911150076e-01	9.999999999999957812e-01	-1.970171619421064169e-01	5.908463366226249236e-02	-5.545531575604580737e-02	2.776234466582764293e-01	-3.878927236983589211e-01	1.362355568426849850e-01	-8.925770733771923315e-02	8.500022832315345944e-02	-3.667104345822359002e-01	2.349871644015291694e-01	-1.243812198455900853e-01	5.836822669206671865e-02	-5.552187080835982447e-02
-4.006734455750066842e-02	4.160584829923974493e-02	-6.524602288663874927e-02	5.316610485218932480e-02	-5.929159106662531403e-02	4.633656837078321822e-02	-4.977058044323331987e-02	5.713388323290375520e-02	-5.313722450628369232e-02	5.088969698011678450e-02	-6.070213883981228492e-02	7.140983288405773621e-02	-9.282890406777384584e-02	7.750001492205918496e-02	-7.740873276079399123e-02	7.829184613862674724e-02	-9.603630729583731429e-02	1.534118274223414680e-01	-1.308124605951130615e-01	7.433164469004681363e-02	-1.678499447648246490e-01	1.569362132369692686e-01	-8.927953292809683861e-01	9.410024888606653704e-02	-1.015661718235896654e-01	1.315093521786404041e-01	-1.970171619421064169e-01	9.999999999999980016e-01	-9.764660830713813022e-02	8.189404154120358270e-02	-8.398046153381476253e-02	1.438189049454838553e-01	-1.646786172419716920e-01	1.045721338394921401e-01	-9.286405684301331231e-02	1.104188638536640898e-01	-1.259532974433460739e-01	1.241833637464275497e-01	-5.588238933601734348e-02	5.402495551609155094e-02
3.101485704757045436e-02	-3.287050158851637094e-02	5.883170457825134814e-02	-5.253710764605021982e-02	6.063193151701844197e-02	-3.388071587227310666e-02	3.912543746929610100e-02	-5.028796198216860247e-02	5.396894238728949800e-02	-5.427190830021746959e-02	4.006021481206321899e-02	-5.004142361202296163e-02	8.105572976543751196e-02	-8.156474067999690269e-02	9.376532016984918949e-02	-3.674381007361953583e-02	4.249371244486174759e-02	-1.213894659813812144e-01	1.304261980291509249e-01	-1.026563496070183740e-01	4.637888270207186914e-02	-4.225722618965576521e-02	8.793599670076381047e-02	-2.713679558882206577e-01	1.892495745246090821e-01	-5.159185517148864170e-02	5.908463366226249236e-02	-9.764660830713813022e-02	1.000000000000000222e+00	-7.528581907465377032e-01	4.051278334846566270e-02	-1.024262007425159465e-01	1.174879187801618763e-01	-4.572976707881640235e-01	2.963419622235953232e-01	-5.862280049371253188e-02	9.535156010033349339e-02	-1.097350131182567162e-01	1.062630244905579946e-01	-1.099328779646541188e-01
-3.042856585676335934e-02	3.208341182857969015e-02	-5.826213569413254967e-02	5.133132403366206381e-02	-6.059429511938654173e-02	3.297085876963128798e-02	-3.827702513260545364e-02	4.891383416554460906e-02	-5.314523661684288774e-02	5.311335677294389684e-02	-3.908099797613381887e-02	4.834540312357971797e-02	-7.930356558361395525e-02	7.819011155265340185e-02	-9.403806027609902529e-02	3.513518694184529501e-02	-4.083980927113838727e-02	1.069966838336411652e-01	-1.205720965653913068e-01	9.735595740672257914e-02	-4.412402972574883814e-02	3.967419450034696815e-02	-7.985725149238874498e-02	1.838999298787833414e-01	-1.963955131236243268e-01	4.813834130130608541e-02	-5.545531575604580737e-02	8.189404154120358270e-02	-7.528581907465377032e-01	9.999999999999991118e-01	-3.818198489924565925e-02	9.447059197879720260e-02	-1.061148609318706137e-01	2.979849525804160182e-01	-5.014020253284312556e-01	5.503041111838506694e-02	-9.278130857582020385e-02	9.752398294258131373e-02	-1.178928589094581370e-01	1.165525533106552131e-01
1.953332303997503197e-02	-2.019422121063878944e-02	2.823486046567631053e-02	-2.350538188182939997e-02	2.611910876963368863e-02	-2.317137955967648461e-02	2.370996181998887703e-02	-2.469879673962631708e-02	2.272518095981941946e-02	-2.233026860175549647e-02	3.109267598175423017e-02	-3.669215154609156704e-02	3.518609732127593592e-02	-3.210876237748751943e-02	2.930793385897157224e-02	-4.303521596240574010e-02	4.886905279211409270e-02	-4.300575407376244774e-02	3.660197737350313202e-02	-2.865183651202288587e-02	9.186791001668871692e-02	-8.142315584110902671e-02	8.279259370865102441e-02	-3.341800857086651977e-02	3.617977517433432905e-02	-5.058131238077917535e-01	2.776234466582764293e-01	-8.398046153381476253e-02	4.051278334846566270e-02	-3.818198489924565925e-02	9.999999999999982236e-01	-2.420220467585633972e-01	9.916270116582798222e-02	-6.374965603931882774e-02	6.327201821457069386e-02	-7.635162853070739386e-01	2.060600734585302241e-01	-9.201985084294875272e-02	4.410101274545459582e-02	-4.143414480748236484e-02
-3.388626193700983169e-02	3.504927694966534363e-02	-5.304319978337980468e-02	4.479259765043647201e-02	-5.128352190743452194e-02	3.889293311237999873e-02	-4.132305921523638653e-02	4.539680768031376795e-02	-4.391730761180345083e-02	4.347823560809857546e-02	-5.071455925784443264e-02	6.009388021135869673e-02	-6.655114256771017811e-02	6.152432949477201068e-02	-5.898427517599279246e-02	6.197759683899212169e-02	-7.243768294077504444e-02	8.116213686624167145e-02	-7.189120390773251490e-02	5.752259779786286081e-02	-1.190081595746087378e-01	1.054874441819701608e-01	-1.458288459112545565e-01	7.077935250568649639e-02	-7.709117058860419369e-02	2.332255236177764868e-01	-3.878927236983589211e-01	1.438189049454838553e-01	-1.024262007425159465e-01	9.447059197879720260e-02	-2.420220467585633972e-01	9.999999999999992228e-01	-3.760012315236074820e-01	1.690697022316626219e-01	-1.747553360835485126e-01	2.460413893880992742e-01	-6.794301878967951014e-01	2.676062603595302791e-01	-1.233275089035177352e-01	1.114260645671674155e-01
2.419705956324338589e-02	-2.526997938649985093e-02	4.004683041258266796e-02	-3.441318980796660709e-02	3.932247532227337722e-02	-2.746972764145181115e-02	2.982216236237369630e-02	-3.438222074659004479e-02	3.409744087551722785e-02	-3.392028354289801373e-02	3.475494585632474959e-02	-4.212461601750539658e-02	5.200162056313671621e-02	-4.886315717582126461e-02	4.883790802863921532e-02	-3.999112819306056832e-02	4.615815231541806063e-02	-6.959546372023261984e-02	6.227472724876048638e-02	-4.865042365524001322e-02	6.927302534380518073e-02	-6.403070562279875033e-02	1.334250097474374008e-01	-6.663000944696260974e-02	6.972243061845655177e-02	-1.180936477104419929e-01	1.362355568426849850e-01	-1.646786172419716920e-01	1.174879187801618763e-01	-1.061148609318706137e-01	9.916270116582798222e-02	-3.760012315236074820e-01	9.999999999999977796e-01	-2.848383084246279839e-01	1.846844359041006911e-01	-1.403966211086215554e-01	2.815734488984698025e-01	-7.829964540709606347e-01	1.488569277114364098e-01	-1.434741315915193660e-01
-3.499993872429246755e-02	3.667933698003358889e-02	-6.456359017526601407e-02	5.637161870028211536e-02	-6.690773410786018949e-02	3.813048849443029936e-02	-4.358567859332541927e-02	5.391552321345390031e-02	-5.747380471335444829e-02	5.747574168098902592e-02	-4.598556299368709160e-02	5.632701780737058017e-02	-8.485961008049162924e-02	8.227598928725601835e-02	-9.259968019676882711e-02	4.355982885202023397e-02	-5.061020349632729814e-02	1.077567934101397035e-01	-1.122172977891116863e-01	9.279221740351810410e-02	-6.020656945039200292e-02	5.382679855265915664e-02	-1.025422085832437130e-01	1.514065045888469963e-01	-1.601390503059492154e-01	7.692714108289003261e-02	-8.925770733771923315e-02	1.045721338394921401e-01	-4.572976707881640235e-01	2.979849525804160182e-01	-6.374965603931882774e-02	1.690697022316626219e-01	-2.848383084246279839e-01	9.999999999999980016e-01	-6.739369377054088561e-01	9.092668743872889259e-02	-1.810821144527677562e-01	1.993094422155532452e-01	-2.421427817523286175e-01	1.996881873506647920e-01
3.145557102720059062e-02	-3.327885829551968655e-02	5.676257941401373353e-02	-5.107683583167579172e-02	5.848771298550600045e-02	-3.471280788750419344e-02	3.923390405339370612e-02	-4.853775515985157829e-02	5.115395106695400790e-02	-5.200315485042331792e-02	4.156521319950726157e-02	-5.198527940463799901e-02	7.450891820011855404e-02	-7.542575339991638983e-02	7.889408751541888976e-02	-4.015307684363660090e-02	4.589202917656104441e-02	-1.003748731753253270e-01	9.617810061761059015e-02	-8.332447286117655727e-02	5.451590549740194941e-02	-4.956837419895037539e-02	8.673325402243574345e-02	-1.346918363316285394e-01	1.298867999117106209e-01	-7.743958936534028892e-02	8.500022832315345944e-02	-9.286405684301331231e-02	2.963419622235953232e-01	-5.014020253284312556e-01	6.327201821457069386e-02	-1.747553360835485126e-01	1.846844359041006911e-01	-6.739369377054088561e-01	9.999999999999980016e-01	-9.408437244404384281e-02	1.543697227965228624e-01	-1.881400073057431233e-01	2.105602337621788889e-01	-2.817412245961767869e-01
-2.716230241333039697e-02	2.795720344431356502e-02	-4.016987101642944397e-02	3.338002475483764497e-02	-3.764110405336257986e-02	3.176366172262012899e-02	-3.294483031324252353e-02	3.473691340579006248e-02	-3.244059379259175285e-02	3.187319946412005972e-02	-4.255391565482437299e-02	4.967401447864443903e-02	-4.995553191697579831e-02	4.540243736964292426e-02	-4.209043277639749892e-02	5.618041277564610886e-02	-6.578297497228241530e-02	6.020585433215431409e-02	-5.209145798960871515e-02	4.082345912766385809e-02	-1.208369172636926669e-01	1.014399729764905722e-01	-1.155891195545426658e-01	4.767238111202506262e-02	-5.218207497546761831e-02	2.934174518443393165e-01	-3.667104345822359002e-01	1.104188638536640898e-01	-5.862280049371253188e-02	5.503041111838506694e-02	-7.635162853070739386e-01	2.460413893880992742e-01	-1.403966211086215554e-01	9.092668743872889259e-02	-9.408437244404384281e-02	9.999999999999978906e-01	-3.455590318883188794e-01	1.283617071720679625e-01	-6.457289683657532753e-02	5.959752357409789369e-02
3.106692634552386811e-02	-3.247685574715748758e-02	4.837723707741732604e-02	-4.185908053905617460e-02	4.689646429607426809e-02	-3.590311124984502111e-02	3.799272658067669173e-02	-4.200533406586316743e-02	4.060591775460829084e-02	-4.072317238038294929e-02	4.599837218210044848e-02	-5.616313039746979180e-02	6.058287351485171918e-02	-5.789284302340155092e-02	5.370689187210891252e-02	-5.556421825426491323e-02	6.255041781075894314e-02	-7.506642053341255894e-02	6.476125071727438509e-02	-5.371403353953434212e-02	9.653031811505062565e-02	-8.926792262004540346e-02	1.170832896165352882e-01	-6.627055740594488265e-02	6.971361567138661952e-02	-2.367343128032443900e-01	2.349871644015291694e-01	-1.259532974433460739e-01	9.535156010033349339e-02	-9.278130857582020385e-02	2.060600734585302241e-01	-6.794301878967951014e-01	2.815734488984698025e-01	-1.810821144527677562e-01	1.543697227965228624e-01	-3.455590318883188794e-01	9.999999999999977796e-01	-4.363184430492241805e-01	1.316787127659051204e-01	-1.351216081097612876e-01
-2.318054825468756144e-02	2.415187227584926835e-02	-3.863708256160962307e-02	3.309137429809950320e-02	-3.815392702411651155e-02	2.617478814973555473e-02	-2.854000136714593405e-02	3.293879312576822316e-02	-3.286887544066974254e-02	3.265923417680841045e-02	-3.311135352819317978e-02	3.993620877696105187e-02	-4.991159812004017371e-02	4.669698491014205588e-02	-4.712116622154903511e-02	3.748805455211482590e-02	-4.356527769702862873e-02	6.474113378576597244e-02	-5.907324919858687046e-02	4.645014614855420831e-02	-6.509710023134737678e-02	5.868870582163503158e-02	-1.228034500650238836e-01	6.251115076853654140e-02	-6.711209780692933835e-02	1.045306964561154850e-01	-1.243812198455900853e-01	1.241833637464275497e-01	-1.097350131182567162e-01	9.752398294258131373e-02	-9.201985084294875272e-02	2.676062603595302791e-01	-7.829964540709606347e-01	1.993094422155532452e-01	-1.881400073057431233e-01	1.283617071720679625e-01	-4.363184430492241805e-01	9.999999999999980016e-01	-1.968726264647833735e-01	1.525954425321885410e-01
1.646973913397490469e-02	-1.729948691688842216e-02	2.876878522389044596e-02	-2.541446098975482654e-02	2.936033920190254942e-02	-1.828825186765276750e-02	2.038693497853490133e-02	-2.444805187292509521e-02	2.529851785036062173e-02	-2.554504601235724898e-02	2.235281834880072788e-02	-2.756070781135760983e-02	3.699957573860122861e-02	-3.637124589398364749e-02	3.712028151501839401e-02	-2.280654673745802913e-02	2.617273402575553964e-02	-4.735263452469860856e-02	4.420187585909474137e-02	-3.777352308589913832e-02	3.393512731746597955e-02	-3.064951464669981099e-02	5.329381344965067324e-02	-5.453196161347004245e-02	5.587382486092146855e-02	-5.230205107763667705e-02	5.836822669206671865e-02	-5.588238933601734348e-02	1.062630244905579946e-01	-1.178928589094581370e-01	4.410101274545459582e-02	-1.233275089035177352e-01	1.488569277114364098e-01	-2.421427817523286175e-01	2.105602337621788889e-01	-6.457289683657532753e-02	1.316787127659051204e-01	-1.968726264647833735e-01	9.999999999999982236e-01	-9.090279604181071837e-01
