1.000000000000000222e+00	-1.460298677590274319e-01	1.214160719103639097e-01	-4.685654328578009453e-02	4.511387508109446220e-02	-9.543357235119256377e-01	1.395230517865817532e-01	-8.624795540728631693e-02	6.452909319709113078e-02	-7.211449519996668278e-02	1.053557356295640457e-01	-1.026895821666614222e-01	9.001224594734218154e-02	-6.901418500025094382e-02	6.085882836243135252e-02	-8.476243102865380075e-02	8.406371490950358127e-02	-7.182636787422189140e-02	6.512995204208076039e-02	-6.112611523061877578e-02	7.997003002723920839e-02	-7.238028303860233326e-02	6.883265643204576623e-02	-7.904501257638607559e-02	6.691397980813183766e-02	-3.183287318974310776e-02	5.860609069004906607e-02	-6.473087334976898588e-02	6.489550351491499280e-02	-9.851491999467647254e-02	3.376401659040329656e-02	-4.075636323642975456e-02	4.691998179480378478e-02	-1.047783685862787167e-01	3.273843467456289541e-02	-3.068860717119863135e-02	2.587291025974410713e-02	-2.718309924226652852e-02	2.980471677852686643e-02	-3.940722258673172440e-02
-1.460298677590274319e-01	1.000000000000000000e+00	-4.900361411771091968e-01	9.714577543002952953e-02	-9.032659629582209804e-02	1.310691245305136698e-01	-7.874670749681483839e-01	2.317853405568864322e-01	-1.392909344744517330e-01	1.327598682021664533e-01	-8.949076864977269230e-02	1.103144439976311425e-01	-1.849293973491344667e-01	1.341834534283041502e-01	-1.081055468147742171e-01	7.596030030910473629e-02	-9.861493126146272936e-02	1.146916051034052725e-01	-1.004398002428796011e-01	9.652104919191882570e-02	-9.092905650800868489e-02	8.466697962948598055e-02	-1.033099837919146807e-01	1.147510866016911019e-01	-9.863684299381891840e-02	4.102812563934060686e-02	-7.649334360491379103e-02	8.726394440889766180e-02	-9.031228550764305862e-02	1.397212892404565143e-01	-4.381743146985887100e-02	5.340388325556768429e-02	-6.230696157016841347e-02	1.432803649890137809e-01	-4.570187394067487530e-02	4.025964616898344145e-02	-3.399449625555579779e-02	3.629778447496898042e-02	-3.983525705999708261e-02	5.496452653677069006e-02
1.214160719103639097e-01	-4.900361411771091968e-01	9.999999999999998890e-01	-1.928740321137711600e-01	1.614054706536690864e-01	-1.275644652684071456e-01	3.077161507988987466e-01	-4.837970365894431191e-01	2.343869070323378045e-01	-2.597848679170184361e-01	1.226058585678768825e-01	-1.562854741346855758e-01	2.791116525391585390e-01	-2.489897715634633857e-01	1.957256974893936963e-01	-1.154043186702360807e-01	1.468722511800651942e-01	-2.088697937524482406e-01	1.860608867846788861e-01	-1.861751528064303218e-01	1.425319430767450768e-01	-1.401877030442982841e-01	1.763995419728703884e-01	-2.247370459768404105e-01	1.887939693017191278e-01	-7.532720736054172861e-02	1.393780742744885337e-01	-1.654845544459128681e-01	1.755483862139024520e-01	-2.840870606129028975e-01	8.014187462598759693e-02	-9.993284500983506957e-02	1.165041124387808935e-01	-2.894342394307812816e-01	9.219823377543780174e-02	-7.658572405145652739e-02	6.413250914206222730e-02	-6.982982958826577935e-02	7.618360842512079956e-02	-1.117259366897092737e-01
-4.685654328578009453e-02	9.714577543002952953e-02	-1.928740321137711600e-01	1.000000000000000222e+00	-8.118325246739486190e-01	4.557086323333037203e-02	-1.163314142089853787e-01	1.696559535922681217e-01	-4.055373427127157981e-01	2.667853406929497351e-01	-5.937731773041503985e-02	7.078784965724380096e-02	-1.636599426879857544e-01	2.179476889313142762e-01	-2.033115633383418552e-01	5.353722643259156699e-02	-7.214891831676556455e-02	9.642651536188272254e-02	-1.195335321485520158e-01	1.154167561991725766e-01	-7.042827835189785501e-02	6.563132971613004629e-02	-9.021216338176119010e-02	1.033228827994956550e-01	-1.031920031967400453e-01	3.361436270950686478e-02	-6.386048812758705895e-02	7.172137950317587773e-02	-7.709555990430001782e-02	1.150437066249306722e-01	-3.653990935549020908e-02	4.367786223906312132e-02	-5.214630552527126095e-02	1.107172592649908888e-01	-3.722101564009543118e-02	3.240087017173434725e-02	-2.776989329319159289e-02	2.950875129410852893e-02	-3.283873288385272954e-02	4.385510702352892615e-02
4.511387508109446220e-02	-9.032659629582209804e-02	1.614054706536690864e-01	-8.118325246739486190e-01	9.999999999999995559e-01	-4.441866710473730412e-02	1.045316008611436726e-01	-1.578499733132601446e-01	2.618806258310426571e-01	-4.186418017911453515e-01	5.727362149562461452e-02	-6.893168393159862517e-02	1.489988615045562681e-01	-2.329617406168227600e-01	2.022118523691053271e-01	-5.249039593484517569e-02	7.005506938944083828e-02	-9.567679671084897142e-02	1.182020495741079313e-01	-1.213552942955626324e-01	6.873464147547724001e-02	-6.487862325235570216e-02	8.787040485760831687e-02	-1.067427414713042477e-01	1.043226569673331022e-01	-3.399337452808121052e-02	6.432775945017467356e-02	-7.328841278915530777e-02	7.924122683713846760e-02	-1.212894042517524973e-01	3.683648686949027307e-02	-4.441639709613370152e-02	5.288248178852995168e-02	-1.160946845010740053e-01	3.898745341780170820e-02	-3.314231275288770373e-02	2.829624062091135733e-02	-3.027565336647635233e-02	3.358534915749353950e-02	-4.615064952392902015e-02
-9.543357235119256377e-01	1.310691245305136698e-01	-1.275644652684071456e-01	4.557086323333037203e-02	-4.441866710473730412e-02	9.999999999999997780e-01	-1.568808749093739685e-01	8.644816873146693448e-02	-6.426996387292815971e-02	6.834627524610811800e-02	-1.203154264171868715e-01	1.012222941068710580e-01	-9.240821303487252447e-02	6.693612287543850015e-02	-5.888864170863936098e-02	8.461349248242878984e-02	-8.682308318453064999e-02	6.966084868806336761e-02	-6.190245837909914839e-02	5.711100641484575385e-02	-8.297140375561470882e-02	7.153002092044001559e-02	-6.806153758990528269e-02	7.269000448208853826e-02	-6.234012405456183792e-02	3.038517128007314771e-02	-5.629087430859400915e-02	6.056359010839749285e-02	-5.983950057354719965e-02	8.817808469657821557e-02	-3.240693203416177698e-02	3.844779322184649351e-02	-4.442403060174998641e-02	9.381787976207590918e-02	-2.943214478746389653e-02	2.863453022034308931e-02	-2.430777565166773388e-02	2.524000720365235373e-02	-2.781266601411980233e-02	3.522922855852492208e-02
1.395230517865817532e-01	-7.874670749681483839e-01	3.077161507988987466e-01	-1.163314142089853787e-01	1.045316008611436726e-01	-1.568808749093739685e-01	9.999999999999997780e-01	-3.271083497525889561e-01	1.625359666718706186e-01	-1.697987099758241081e-01	1.075675766065014444e-01	-1.456658776717865700e-01	2.073294472588508297e-01	-1.683362498599563217e-01	1.325943216337519548e-01	-9.422475409681808911e-02	1.192743373506136711e-01	-1.453653749574712051e-01	1.265498829056755092e-01	-1.243869267186698546e-01	1.101963303757995810e-01	-1.055292189709885614e-01	1.258044905734858887e-01	-1.504944482577458276e-01	1.270271083680708235e-01	-5.253727244426761867e-02	9.735363996522446162e-02	-1.132681341285449450e-01	1.181963956530910631e-01	-1.871947144149245235e-01	5.584156903132134198e-02	-6.891548338825438658e-02	8.010517631478947242e-02	-1.919684533353108180e-01	6.100476946371687081e-02	-5.237429095570217408e-02	4.399096432783045074e-02	-4.738289143481664439e-02	5.179093173759054258e-02	-7.370319723463036876e-02
-8.624795540728631693e-02	2.317853405568864322e-01	-4.837970365894431191e-01	1.696559535922681217e-01	-1.578499733132601446e-01	8.644816873146693448e-02	-3.271083497525889561e-01	9.999999999999996669e-01	-3.997596163457109442e-01	2.152901390410898452e-01	-1.157101519300093861e-01	1.457628842500064137e-01	-5.948583675214140776e-01	2.622692327261079148e-01	-1.852061018255899694e-01	9.878563797326428420e-02	-1.339359427197455432e-01	1.937670634815915616e-01	-1.498045255028507550e-01	1.411459471973979252e-01	-1.238662054660649020e-01	1.172089240712751307e-01	-1.711265085805920294e-01	1.555041464800561712e-01	-1.369572566967382499e-01	5.440028932496866754e-02	-1.031287768831513352e-01	1.166601312619249542e-01	-1.194600579292193349e-01	1.771616585040978187e-01	-5.832577994606220895e-02	7.045399864471312001e-02	-8.268482917620910422e-02	1.794770602365880485e-01	-5.781815033294933348e-02	5.223113902310329987e-02	-4.443495010166265136e-02	4.697876983754116498e-02	-5.181127209948044321e-02	6.890532318567904602e-02
6.452909319709113078e-02	-1.392909344744517330e-01	2.343869070323378045e-01	-4.055373427127157981e-01	2.618806258310426571e-01	-6.426996387292815971e-02	1.625359666718706186e-01	-3.997596163457109442e-01	1.000000000000001998e+00	-4.105321201370116246e-01	8.522540678072686171e-02	-1.057692578027564778e-01	2.636850745786221695e-01	-5.932076004672048875e-01	2.713622986660332859e-01	-7.698216811102762125e-02	1.026842115048900855e-01	-1.475973316145891279e-01	1.608151000890948867e-01	-1.649858515315517637e-01	9.896562205516035160e-02	-9.416710239393893955e-02	1.299988943216034143e-01	-1.476626697013994627e-01	1.403760855688027109e-01	-4.743686264183568507e-02	8.982278273614723030e-02	-1.025451767391531988e-01	1.093573954261759379e-01	-1.659008141605060882e-01	5.119499904220704140e-02	-6.184621793873548712e-02	7.328996460374792576e-02	-1.604685374388876706e-01	5.338447501128640305e-02	-4.601399603908175318e-02	3.924180634772772569e-02	-4.185333142633708425e-02	4.634542917368838361e-02	-6.325524308843386012e-02
-7.211449519996668278e-02	1.327598682021664533e-01	-2.597848679170184361e-01	2.667853406929497351e-01	-4.186418017911453515e-01	6.834627524610811800e-02	-1.697987099758241081e-01	2.152901390410898452e-01	-4.105321201370116246e-01	1.000000000000001776e+00	-9.302263771671681614e-02	1.078762445466978637e-01	-2.405085517391609973e-01	3.042866018716923748e-01	-5.951914042467945087e-01	8.390286974983740542e-02	-1.146258644742178395e-01	1.494610513934806206e-01	-2.342624840665767094e-01	2.258732782204906642e-01	-1.134149800526146890e-01	1.040603387153408027e-01	-1.453865700996799792e-01	1.728443248390786335e-01	-1.922942471103100681e-01	5.404655040193691307e-02	-1.036757529472066147e-01	1.144669179808273513e-01	-1.259919469724685159e-01	1.827834057727828199e-01	-5.932087765790142880e-02	6.992859451049218689e-02	-8.449842916013705629e-02	1.696773162660176748e-01	-5.898356769177912767e-02	5.134980257068404857e-02	-4.441617505730682119e-02	4.694751952403888179e-02	-5.270233702397102843e-02	6.848138149209696823e-02
1.053557356295640457e-01	-8.949076864977269230e-02	1.226058585678768825e-01	-5.937731773041503985e-02	5.727362149562461452e-02	-1.203154264171868715e-01	1.075675766065014444e-01	-1.157101519300093861e-01	8.522540678072686171e-02	-9.302263771671681614e-02	1.000000000000000888e+00	-6.597023729758049182e-01	1.533434697015966519e-01	-9.885592101237238027e-02	8.222733038189992960e-02	-5.971177588837303096e-01	2.949730070897452205e-01	-1.360508723874171433e-01	9.330807514777811340e-02	-8.443254484563701701e-02	2.523935357837865934e-01	-2.222209213957568041e-01	1.295341996783139771e-01	-1.148518843511821680e-01	9.210481496401536072e-02	-5.941922312442966120e-02	1.087554871458802780e-01	-1.105080553731447451e-01	9.599298928249895557e-02	-1.281059517261361469e-01	6.006326113172717057e-02	-7.121664879783944080e-02	7.679810881929698130e-02	-1.448459964948244361e-01	4.312917144554323512e-02	-5.057652538489651461e-02	4.266977190634176770e-02	-4.187575252085729699e-02	4.557353401535690907e-02	-5.119822385594872960e-02
-1.026895821666614222e-01	1.103144439976311425e-01	-1.562854741346855758e-01	7.078784965724380096e-02	-6.893168393159862517e-02	1.012222941068710580e-01	-1.456658776717865700e-01	1.457628842500064137e-01	-1.057692578027564778e-01	1.078762445466978637e-01	-6.597023729758049182e-01	1.000000000000005551e+00	-2.371363891831499981e-01	1.188563726752686067e-01	-9.787142590075613435e-02	3.077324326855685466e-01	-5.300582981333853416e-01	1.570969379956729528e-01	-1.071505624219030589e-01	9.533456575860056736e-02	-2.929526290416968881e-01	2.364996110604260793e-01	-1.553101401768302858e-01	1.258660124253681845e-01	-1.031291239010180827e-01	6.531242919640647959e-02	-1.229240924413223524e-01	1.199606923271385739e-01	-1.052304438123335406e-01	1.378727217432645924e-01	-6.754032243555105341e-02	7.779072787094679087e-02	-8.557418956310264280e-02	1.536535526639553062e-01	-4.649392636927203448e-02	5.475871687257263809e-02	-4.678164098755075578e-02	4.575884234331693834e-02	-5.021008754566513854e-02	5.495018841987157898e-02
9.001224594734218154e-02	-1.849293973491344667e-01	2.791116525391585390e-01	-1.636599426879857544e-01	1.489988615045562681e-01	-9.240821303487252447e-02	2.073294472588508297e-01	-5.948583675214140776e-01	2.636850745786221695e-01	-2.405085517391609973e-01	1.533434697015966519e-01	-2.371363891831499981e-01	1.000000000000000888e+00	-3.765021495328065848e-01	2.103930440528034573e-01	-1.342686085116818751e-01	1.770213156586121495e-01	-3.754924001469898132e-01	1.875897288830199183e-01	-1.803015536313664346e-01	1.600156680245717888e-01	-1.606824090975220720e-01	2.324550493718865463e-01	-2.072627863430317186e-01	1.719914068270717022e-01	-7.098864580456649975e-02	1.341388506502269040e-01	-1.558208470475376806e-01	1.561948800567063700e-01	-2.315898671963532440e-01	7.532235505800974340e-02	-9.216689294451936576e-02	1.070370157437046110e-01	-2.368668181345671975e-01	7.521866329535947804e-02	-6.819254541924275881e-02	5.774124525942221642e-02	-6.107001311062465465e-02	6.701228556486521493e-02	-8.990586153985841156e-02
-6.901418500025094382e-02	1.341834534283041502e-01	-2.489897715634633857e-01	2.179476889313142762e-01	-2.329617406168227600e-01	6.693612287543850015e-02	-1.683362498599563217e-01	2.622692327261079148e-01	-5.932076004672048875e-01	3.042866018716923748e-01	-9.885592101237238027e-02	1.188563726752686067e-01	-3.765021495328065848e-01	1.000000000000000888e+00	-5.039346756085176793e-01	8.696605430131873482e-02	-1.190586720620325639e-01	1.668101532523914576e-01	-2.160988556833693952e-01	2.061512719695655083e-01	-1.143871697963801670e-01	1.066127839789729054e-01	-1.547802867800928961e-01	1.665389615241480714e-01	-1.702878598815925903e-01	5.248989728171912783e-02	-1.005798752604261659e-01	1.125103454223504856e-01	-1.210706782263890335e-01	1.766144335200152127e-01	-5.705009671987910924e-02	6.795927496672178603e-02	-8.121131994793788500e-02	1.677162206179066140e-01	-5.686136301343787391e-02	4.990917446617889469e-02	-4.292354538327105423e-02	4.537342986255084309e-02	-5.059323458493979186e-02	6.657377732917491020e-02
6.085882836243135252e-02	-1.081055468147742171e-01	1.957256974893936963e-01	-2.033115633383418552e-01	2.022118523691053271e-01	-5.888864170863936098e-02	1.325943216337519548e-01	-1.852061018255899694e-01	2.713622986660332859e-01	-5.951914042467945087e-01	8.222733038189992960e-02	-9.787142590075613435e-02	2.103930440528034573e-01	-5.039346756085176793e-01	1.000000000000001110e+00	-7.612878107381115811e-02	1.026609459935924062e-01	-1.474841931967625919e-01	2.428445320583983713e-01	-4.148021984598609380e-01	1.020259224174142887e-01	-9.695642785765662408e-02	1.354725107335959799e-01	-1.912569735878050792e-01	2.032481605572360739e-01	-5.229915529299919430e-02	1.001435107287110271e-01	-1.154161869599172052e-01	1.301586911941563229e-01	-2.047065354355374622e-01	5.693183192755532640e-02	-6.858408353175968197e-02	8.237685721990609111e-02	-1.784956198438938102e-01	6.314701069477758610e-02	-5.063795524453895691e-02	4.349042825132786588e-02	-4.676602400261246906e-02	5.212544676589575543e-02	-7.395572756742063714e-02
-8.476243102865380075e-02	7.596030030910473629e-02	-1.154043186702360807e-01	5.353722643259156699e-02	-5.249039593484517569e-02	8.461349248242878984e-02	-9.422475409681808911e-02	9.878563797326428420e-02	-7.698216811102762125e-02	8.390286974983740542e-02	-5.971177588837303096e-01	3.077324326855685466e-01	-1.342686085116818751e-01	8.696605430131873482e-02	-7.612878107381115811e-02	1.000000000000000222e+00	-4.646356366577846231e-01	1.358609769670935108e-01	-9.071785378033615788e-02	7.952183916695061694e-02	-5.310046217527683021e-01	2.705659600515499807e-01	-1.417589729167845758e-01	1.110066263905541833e-01	-8.875356215645231750e-02	6.696178352820182644e-02	-1.219834910705551168e-01	1.146680166350786262e-01	-9.529826688434220316e-02	1.195682710871770749e-01	-6.778032425379321158e-02	7.576622223408921442e-02	-8.110690996988739743e-02	1.380127600031903767e-01	-4.074679237969400236e-02	5.238945865214632291e-02	-4.471927948108005840e-02	4.264052655306342643e-02	-4.658621281555047622e-02	4.801068522662266247e-02
8.406371490950358127e-02	-9.861493126146272936e-02	1.468722511800651942e-01	-7.214891831676556455e-02	7.005506938944083828e-02	-8.682308318453064999e-02	1.192743373506136711e-01	-1.339359427197455432e-01	1.026842115048900855e-01	-1.146258644742178395e-01	2.949730070897452205e-01	-5.300582981333853416e-01	1.770213156586121495e-01	-1.190586720620325639e-01	1.026609459935924062e-01	-4.646356366577846231e-01	9.999999999999974465e-01	-2.080573984603336923e-01	1.242982027134900136e-01	-1.100928609914773870e-01	3.131678936214536968e-01	-5.187986373090613945e-01	1.975155683928566663e-01	-1.566026137685644637e-01	1.219222361772210050e-01	-8.710704428981047576e-02	1.670863126434224966e-01	-1.640277522978643432e-01	1.325682273870366912e-01	-1.675849425682470750e-01	8.605941014629733821e-02	-1.059754689674380079e-01	1.098904333547621320e-01	-1.951196034442367611e-01	5.682547215040609223e-02	-7.252330933682479830e-02	6.113632860227460886e-02	-5.854584322225307030e-02	6.338708127235015422e-02	-6.712519807200256761e-02
-7.182636787422189140e-02	1.146916051034052725e-01	-2.088697937524482406e-01	9.642651536188272254e-02	-9.567679671084897142e-02	6.966084868806336761e-02	-1.453653749574712051e-01	1.937670634815915616e-01	-1.475973316145891279e-01	1.494610513934806206e-01	-1.360508723874171433e-01	1.570969379956729528e-01	-3.754924001469898132e-01	1.668101532523914576e-01	-1.474841931967625919e-01	1.358609769670935108e-01	-2.080573984603336923e-01	1.000000000000000666e+00	-2.376273624812488272e-01	1.625431363557025277e-01	-2.062638467474297854e-01	2.163640768899232902e-01	-7.570025691979130888e-01	2.159470516500478221e-01	-1.676345130961871821e-01	7.851031866690143246e-02	-1.619648779468368660e-01	1.772894325192898857e-01	-1.622088773262695960e-01	1.871807300824520071e-01	-8.475049383743928078e-02	9.972789505091778084e-02	-1.186920625055872258e-01	1.996104994464865390e-01	-6.239078611552109632e-02	6.868791651941177911e-02	-6.001949981904219217e-02	6.026545056983818871e-02	-6.725685952772511578e-02	7.233061770773176191e-02
6.512995204208076039e-02	-1.004398002428796011e-01	1.860608867846788861e-01	-1.195335321485520158e-01	1.182020495741079313e-01	-6.190245837909914839e-02	1.265498829056755092e-01	-1.498045255028507550e-01	1.608151000890948867e-01	-2.342624840665767094e-01	9.330807514777811340e-02	-1.071505624219030589e-01	1.875897288830199183e-01	-2.160988556833693952e-01	2.428445320583983713e-01	-9.071785378033615788e-02	1.242982027134900136e-01	-2.376273624812488272e-01	1.000000000000001110e+00	-6.490228870061279798e-01	1.280375798185379999e-01	-1.270795429580588443e-01	1.983298219113465155e-01	-4.813001193625479623e-01	2.995220028839752358e-01	-7.261478937005722001e-02	1.425507759709292166e-01	-1.746899719417348562e-01	2.160359828025979756e-01	-2.914741222218276695e-01	7.915223607234703196e-02	-9.642211682245953319e-02	1.170181726500807567e-01	-2.601506860168881219e-01	8.790113486077680283e-02	-6.953962037921102013e-02	6.016155964221274466e-02	-6.495176561797691428e-02	7.263159963666841745e-02	-1.013562200440883687e-01
-6.112611523061877578e-02	9.652104919191882570e-02	-1.861751528064303218e-01	1.154167561991725766e-01	-1.213552942955626324e-01	5.711100641484575385e-02	-1.243869267186698546e-01	1.411459471973979252e-01	-1.649858515315517637e-01	2.258732782204906642e-01	-8.443254484563701701e-02	9.533456575860056736e-02	-1.803015536313664346e-01	2.061512719695655083e-01	-4.148021984598609380e-01	7.952183916695061694e-02	-1.100928609914773870e-01	1.625431363557025277e-01	-6.490228870061279798e-01	9.999999999999994449e-01	-1.129237658160167912e-01	1.063906959707998923e-01	-1.608321092705943256e-01	2.721836105942555539e-01	-4.618132288229087057e-01	6.028438324226025047e-02	-1.189131937018006457e-01	1.350793698729815528e-01	-1.688896602636381639e-01	2.494036058871473560e-01	-6.676862377574764584e-02	7.902819488118401070e-02	-9.740639573147467922e-02	1.929492072425672833e-01	-7.525046656348589880e-02	5.700105417463284530e-02	-4.982251773118314547e-02	5.340684637956612246e-02	-6.050087914538938849e-02	8.445640761950287678e-02
7.997003002723920839e-02	-9.092905650800868489e-02	1.425319430767450768e-01	-7.042827835189785501e-02	6.873464147547724001e-02	-8.297140375561470882e-02	1.101963303757995810e-01	-1.238662054660649020e-01	9.896562205516035160e-02	-1.134149800526146890e-01	2.523935357837865934e-01	-2.929526290416968881e-01	1.600156680245717888e-01	-1.143871697963801670e-01	1.020259224174142887e-01	-5.310046217527683021e-01	3.131678936214536968e-01	-2.062638467474297854e-01	1.280375798185379999e-01	-1.129237658160167912e-01	9.999999999999973355e-01	-6.199290964676895666e-01	2.060116893314133946e-01	-1.659582090227748052e-01	1.273592637817803075e-01	-1.104337004272194223e-01	1.874391623544213459e-01	-1.823834481271662533e-01	1.426619836667537555e-01	-1.766573881553786529e-01	1.031671269599648832e-01	-1.197545747915537001e-01	1.212645551018591977e-01	-2.107345557381809786e-01	6.027742786006042019e-02	-8.143031844352338622e-02	6.834450800958248584e-02	-6.437475485695484667e-02	6.935727836389077305e-02	-7.112415878697893323e-02
-7.238028303860233326e-02	8.466697962948598055e-02	-1.401877030442982841e-01	6.563132971613004629e-02	-6.487862325235570216e-02	7.153002092044001559e-02	-1.055292189709885614e-01	1.172089240712751307e-01	-9.416710239393893955e-02	1.040603387153408027e-01	-2.222209213957568041e-01	2.364996110604260793e-01	-1.606824090975220720e-01	1.066127839789729054e-01	-9.695642785765662408e-02	2.705659600515499807e-01	-5.187986373090613945e-01	2.163640768899232902e-01	-1.270795429580588443e-01	1.063906959707998923e-01	-6.199290964676895666e-01	1.000000000000000000e+00	-3.222140375360706965e-01	1.589619545678024881e-01	-1.222270541601479521e-01	1.095790391819876225e-01	-2.761811239721267963e-01	1.912029384470166904e-01	-1.426986370752319488e-01	1.574990251272357644e-01	-1.095097909084747356e-01	1.286932694897339191e-01	-1.321041123423812025e-01	1.888674929185522600e-01	-5.453344144734018767e-02	8.117974208618995713e-02	-7.091162706328074661e-02	6.426075196784690469e-02	-7.006460786081825098e-02	6.347946336109155929e-02
6.883265643204576623e-02	-1.033099837919146807e-01	1.763995419728703884e-01	-9.021216338176119010e-02	8.787040485760831687e-02	-6.806153758990528269e-02	1.258044905734858887e-01	-1.711265085805920294e-01	1.299988943216034143e-01	-1.453865700996799792e-01	1.295341996783139771e-01	-1.553101401768302858e-01	2.324550493718865463e-01	-1.547802867800928961e-01	1.354725107335959799e-01	-1.417589729167845758e-01	1.975155683928566663e-01	-7.570025691979130888e-01	1.983298219113465155e-01	-1.608321092705943256e-01	2.060116893314133946e-01	-3.222140375360706965e-01	9.999999999999973355e-01	-2.817782061300010410e-01	1.731364181207835640e-01	-8.798364065634774189e-02	1.803069757491476133e-01	-2.383817596523800930e-01	1.855098177036514084e-01	-2.096037171398840437e-01	9.181356694069407742e-02	-1.135736284193442358e-01	1.303660394614411522e-01	-2.325472713634881283e-01	6.924110706434438711e-02	-7.725041760388964840e-02	6.657483545196786479e-02	-6.699789721386403829e-02	7.364348502729017865e-02	-8.070565559500894603e-02
-7.904501257638607559e-02	1.147510866016911019e-01	-2.247370459768404105e-01	1.033228827994956550e-01	-1.067427414713042477e-01	7.269000448208853826e-02	-1.504944482577458276e-01	1.555041464800561712e-01	-1.476626697013994627e-01	1.728443248390786335e-01	-1.148518843511821680e-01	1.258660124253681845e-01	-2.072627863430317186e-01	1.665389615241480714e-01	-1.912569735878050792e-01	1.110066263905541833e-01	-1.566026137685644637e-01	2.159470516500478221e-01	-4.813001193625479623e-01	2.721836105942555539e-01	-1.659582090227748052e-01	1.589619545678024881e-01	-2.817782061300010410e-01	9.999999999999986677e-01	-4.647222800605660953e-01	9.661068403165225249e-02	-2.049942385718724613e-01	2.350096306672707913e-01	-4.726109685666713967e-01	2.956968058367119845e-01	-1.088241545883838063e-01	1.275723103422490567e-01	-1.632188075310541386e-01	2.917223289249524232e-01	-9.599361629591934841e-02	8.768513253373703964e-02	-7.838887412453195147e-02	8.199229216226218420e-02	-9.421019877088276928e-02	1.047500022060461888e-01
6.691397980813183766e-02	-9.863684299381891840e-02	1.887939693017191278e-01	-1.031920031967400453e-01	1.043226569673331022e-01	-6.234012405456183792e-02	1.270271083680708235e-01	-1.369572566967382499e-01	1.403760855688027109e-01	-1.922942471103100681e-01	9.210481496401536072e-02	-1.031291239010180827e-01	1.719914068270717022e-01	-1.702878598815925903e-01	2.032481605572360739e-01	-8.875356215645231750e-02	1.219222361772210050e-01	-1.676345130961871821e-01	2.995220028839752358e-01	-4.618132288229087057e-01	1.273592637817803075e-01	-1.222270541601479521e-01	1.731364181207835640e-01	-4.647222800605660953e-01	9.999999999999977796e-01	-7.658347657559615163e-02	1.510725714992944557e-01	-1.828573981208957422e-01	2.407120731553842041e-01	-5.962117469882768361e-01	8.448479531512040341e-02	-1.023485758657713407e-01	1.261751844248651111e-01	-2.702396711550802966e-01	1.347043332584442477e-01	-7.432619443193988484e-02	6.472507249322552447e-02	-7.241670800097477212e-02	8.172232696184436596e-02	-1.533425931647400264e-01
-3.183287318974310776e-02	4.102812563934060686e-02	-7.532720736054172861e-02	3.361436270950686478e-02	-3.399337452808121052e-02	3.038517128007314771e-02	-5.253727244426761867e-02	5.440028932496866754e-02	-4.743686264183568507e-02	5.404655040193691307e-02	-5.941922312442966120e-02	6.531242919640647959e-02	-7.098864580456649975e-02	5.248989728171912783e-02	-5.229915529299919430e-02	6.696178352820182644e-02	-8.710704428981047576e-02	7.851031866690143246e-02	-7.261478937005722001e-02	6.028438324226025047e-02	-1.104337004272194223e-01	1.095790391819876225e-01	-8.798364065634774189e-02	9.661068403165225249e-02	-7.658347657559615163e-02	9.999999999999982236e-01	-3.276864830216197899e-01	1.778956391314608365e-01	-1.106577589607254525e-01	1.003732033338379237e-01	-8.879638254851747181e-01	1.876541614252421053e-01	-1.736102692218157439e-01	1.411508082651291296e-01	-3.880939890056712971e-02	1.224591752571373149e-01	-1.120925997502093818e-01	7.664485633382214780e-02	-8.414077013120331572e-02	4.411749294522887554e-02
5.860609069004906607e-02	-7.649334360491379103e-02	1.393780742744885337e-01	-6.386048812758705895e-02	6.432775945017467356e-02	-5.629087430859400915e-02	9.735363996522446162e-02	-1.031287768831513352e-01	8.982278273614723030e-02	-1.036757529472066147e-01	1.087554871458802780e-01	-1.229240924413223524e-01	1.341388506502269040e-01	-1.005798752604261659e-01	1.001435107287110271e-01	-1.219834910705551168e-01	1.670863126434224966e-01	-1.619648779468368660e-01	1.425507759709292166e-01	-1.189131937018006457e-01	1.874391623544213459e-01	-2.761811239721267963e-01	1.803069757491476133e-01	-2.049942385718724613e-01	1.510725714992944557e-01	-3.276864830216197899e-01	9.999999999999980016e-01	-5.827388237912797253e-01	2.405775916247697988e-01	-2.033132331630030099e-01	2.405924845028633019e-01	-4.291361039799529431e-01	2.852539266855312894e-01	-3.014628195490672846e-01	7.475249140127257497e-02	-1.853436422442930887e-01	1.593319483353248245e-01	-1.268918525394545638e-01	1.312059310504520293e-01	-8.513328033326744704e-02
-6.473087334976898588e-02	8.726394440889766180e-02	-1.654845544459128681e-01	7.172137950317587773e-02	-7.328841278915530777e-02	6.056359010839749285e-02	-1.132681341285449450e-01	1.166601312619249542e-01	-1.025451767391531988e-01	1.144669179808273513e-01	-1.105080553731447451e-01	1.199606923271385739e-01	-1.558208470475376806e-01	1.125103454223504856e-01	-1.154161869599172052e-01	1.146680166350786262e-01	-1.640277522978643432e-01	1.772894325192898857e-01	-1.746899719417348562e-01	1.350793698729815528e-01	-1.823834481271662533e-01	1.912029384470166904e-01	-2.383817596523800930e-01	2.350096306672707913e-01	-1.828573981208957422e-01	1.778956391314608365e-01	-5.827388237912797253e-01	9.999999999999964473e-01	-4.820857681656818272e-01	2.139715002820974654e-01	-2.005120827500531389e-01	2.517823140218480304e-01	-3.665152032630132894e-01	2.940762703793988186e-01	-7.961092970951334780e-02	1.416456281458871591e-01	-1.325099307922389946e-01	1.260594154472215456e-01	-1.417201591887639611e-01	8.726831207145914482e-02
6.489550351491499280e-02	-9.031228550764305862e-02	1.755483862139024520e-01	-7.709555990430001782e-02	7.924122683713846760e-02	-5.983950057354719965e-02	1.181963956530910631e-01	-1.194600579292193349e-01	1.093573954261759379e-01	-1.259919469724685159e-01	9.599298928249895557e-02	-1.052304438123335406e-01	1.561948800567063700e-01	-1.210706782263890335e-01	1.301586911941563229e-01	-9.529826688434220316e-02	1.325682273870366912e-01	-1.622088773262695960e-01	2.160359828025979756e-01	-1.688896602636381639e-01	1.426619836667537555e-01	-1.426986370752319488e-01	1.855098177036514084e-01	-4.726109685666713967e-01	2.407120731553842041e-01	-1.106577589607254525e-01	2.405775916247697988e-01	-4.820857681656818272e-01	9.999999999999992228e-01	-3.337752014028861347e-01	1.199065200543660281e-01	-1.539866860134931070e-01	1.925570300824419323e-01	-5.720823119687867830e-01	1.009379794827820614e-01	-1.000769138963529814e-01	8.869501664774459559e-02	-9.538040426843547026e-02	1.071344008521666891e-01	-1.081301639198624098e-01
-9.851491999467647254e-02	1.397212892404565143e-01	-2.840870606129028975e-01	1.150437066249306722e-01	-1.212894042517524973e-01	8.817808469657821557e-02	-1.871947144149245235e-01	1.771616585040978187e-01	-1.659008141605060882e-01	1.827834057727828199e-01	-1.281059517261361469e-01	1.378727217432645924e-01	-2.315898671963532440e-01	1.766144335200152127e-01	-2.047065354355374622e-01	1.195682710871770749e-01	-1.675849425682470750e-01	1.871807300824520071e-01	-2.914741222218276695e-01	2.494036058871473560e-01	-1.766573881553786529e-01	1.574990251272357644e-01	-2.096037171398840437e-01	2.956968058367119845e-01	-5.962117469882768361e-01	1.003732033338379237e-01	-2.033132331630030099e-01	2.139715002820974654e-01	-3.337752014028861347e-01	9.999999999999980016e-01	-1.149936944903200142e-01	1.317094656376502637e-01	-1.699877914722577876e-01	2.781628969945000307e-01	-2.621551409662981613e-01	9.453822936527640775e-02	-8.485794996793563638e-02	9.427713195694628623e-02	-1.113005222540912470e-01	2.035485528900410901e-01
3.376401659040329656e-02	-4.381743146985887100e-02	8.014187462598759693e-02	-3.653990935549020908e-02	3.683648686949027307e-02	-3.240693203416177698e-02	5.584156903132134198e-02	-5.832577994606220895e-02	5.119499904220704140e-02	-5.932087765790142880e-02	6.006326113172717057e-02	-6.754032243555105341e-02	7.532235505800974340e-02	-5.705009671987910924e-02	5.693183192755532640e-02	-6.778032425379321158e-02	8.605941014629733821e-02	-8.475049383743928078e-02	7.915223607234703196e-02	-6.676862377574764584e-02	1.031671269599648832e-01	-1.095097909084747356e-01	9.181356694069407742e-02	-1.088241545883838063e-01	8.448479531512040341e-02	-8.879638254851747181e-01	2.405924845028633019e-01	-2.005120827500531389e-01	1.199065200543660281e-01	-1.149936944903200142e-01	9.999999999999983347e-01	-2.336136071799341796e-01	1.744669836397719775e-01	-1.667390863336277174e-01	4.388147365416106283e-02	-1.549989720557072292e-01	1.237759958966341695e-01	-8.410556959596360294e-02	8.847128193871306445e-02	-5.030669452410949094e-02
-4.075636323642975456e-02	5.340388325556768429e-02	-9.993284500983506957e-02	4.367786223906312132e-02	-4.441639709613370152e-02	3.844779322184649351e-02	-6.891548338825438658e-02	7.045399864471312001e-02	-6.184621793873548712e-02	6.992859451049218689e-02	-7.121664879783944080e-02	7.779072787094679087e-02	-9.216689294451936576e-02	6.795927496672178603e-02	-6.858408353175968197e-02	7.576622223408921442e-02	-1.059754689674380079e-01	9.972789505091778084e-02	-9.642211682245953319e-02	7.902819488118401070e-02	-1.197545747915537001e-01	1.286932694897339191e-01	-1.135736284193442358e-01	1.275723103422490567e-01	-1.023485758657713407e-01	1.876541614252421053e-01	-4.291361039799529431e-01	2.517823140218480304e-01	-1.539866860134931070e-01	1.317094656376502637e-01	-2.336136071799341796e-01	9.999999999999972244e-01	-7.018578267418671413e-01	1.940832589308096878e-01	-5.638405511173445739e-02	2.452717794331599199e-01	-3.350891422775627571e-01	1.778130414282658445e-01	-1.880582752979902406e-01	6.327094582811175483e-02
4.691998179480378478e-02	-6.230696157016841347e-02	1.165041124387808935e-01	-5.214630552527126095e-02	5.288248178852995168e-02	-4.442403060174998641e-02	8.010517631478947242e-02	-8.268482917620910422e-02	7.328996460374792576e-02	-8.449842916013705629e-02	7.679810881929698130e-02	-8.557418956310264280e-02	1.070370157437046110e-01	-8.121131994793788500e-02	8.237685721990609111e-02	-8.110690996988739743e-02	1.098904333547621320e-01	-1.186920625055872258e-01	1.170181726500807567e-01	-9.740639573147467922e-02	1.212645551018591977e-01	-1.321041123423812025e-01	1.303660394614411522e-01	-1.632188075310541386e-01	1.261751844248651111e-01	-1.736102692218157439e-01	2.852539266855312894e-01	-3.665152032630132894e-01	1.925570300824419323e-01	-1.699877914722577876e-01	1.744669836397719775e-01	-7.018578267418671413e-01	9.999999999999975575e-01	-2.780715165056310556e-01	7.104036340339035804e-02	-2.708789057620535901e-01	2.262177106514345060e-01	-2.720705499498379254e-01	2.092104345426617773e-01	-8.100811618035771988e-02
-1.047783685862787167e-01	1.432803649890137809e-01	-2.894342394307812816e-01	1.107172592649908888e-01	-1.160946845010740053e-01	9.381787976207590918e-02	-1.919684533353108180e-01	1.794770602365880485e-01	-1.604685374388876706e-01	1.696773162660176748e-01	-1.448459964948244361e-01	1.536535526639553062e-01	-2.368668181345671975e-01	1.677162206179066140e-01	-1.784956198438938102e-01	1.380127600031903767e-01	-1.951196034442367611e-01	1.996104994464865390e-01	-2.601506860168881219e-01	1.929492072425672833e-01	-2.107345557381809786e-01	1.888674929185522600e-01	-2.325472713634881283e-01	2.917223289249524232e-01	-2.702396711550802966e-01	1.411508082651291296e-01	-3.014628195490672846e-01	2.940762703793988186e-01	-5.720823119687867830e-01	2.781628969945000307e-01	-1.667390863336277174e-01	1.940832589308096878e-01	-2.780715165056310556e-01	9.999999999999974465e-01	-1.327200879178257464e-01	1.323558082112903100e-01	-1.223968200203049556e-01	1.386780850891084216e-01	-1.737623942592292359e-01	1.309704718314319560e-01
3.273843467456289541e-02	-4.570187394067487530e-02	9.219823377543780174e-02	-3.722101564009543118e-02	3.898745341780170820e-02	-2.943214478746389653e-02	6.100476946371687081e-02	-5.781815033294933348e-02	5.338447501128640305e-02	-5.898356769177912767e-02	4.312917144554323512e-02	-4.649392636927203448e-02	7.521866329535947804e-02	-5.686136301343787391e-02	6.314701069477758610e-02	-4.074679237969400236e-02	5.682547215040609223e-02	-6.239078611552109632e-02	8.790113486077680283e-02	-7.525046656348589880e-02	6.027742786006042019e-02	-5.453344144734018767e-02	6.924110706434438711e-02	-9.599361629591934841e-02	1.347043332584442477e-01	-3.880939890056712971e-02	7.475249140127257497e-02	-7.961092970951334780e-02	1.009379794827820614e-01	-2.621551409662981613e-01	4.388147365416106283e-02	-5.638405511173445739e-02	7.104036340339035804e-02	-1.327200879178257464e-01	9.999999999999970024e-01	-4.754148167601504604e-02	4.116921649036767161e-02	-7.309777406808964928e-02	8.315229976050853011e-02	-9.319454982373192031e-01
-3.068860717119863135e-02	4.025964616898344145e-02	-7.658572405145652739e-02	3.240087017173434725e-02	-3.314231275288770373e-02	2.863453022034308931e-02	-5.237429095570217408e-02	5.223113902310329987e-02	-4.601399603908175318e-02	5.134980257068404857e-02	-5.057652538489651461e-02	5.475871687257263809e-02	-6.819254541924275881e-02	4.990917446617889469e-02	-5.063795524453895691e-02	5.238945865214632291e-02	-7.252330933682479830e-02	6.868791651941177911e-02	-6.953962037921102013e-02	5.700105417463284530e-02	-8.143031844352338622e-02	8.117974208618995713e-02	-7.725041760388964840e-02	8.768513253373703964e-02	-7.432619443193988484e-02	1.224591752571373149e-01	-1.853436422442930887e-01	1.416456281458871591e-01	-1.000769138963529814e-01	9.453822936527640775e-02	-1.549989720557072292e-01	2.452717794331599199e-01	-2.708789057620535901e-01	1.323558082112903100e-01	-4.754148167601504604e-02	9.999999999999964473e-01	-8.649138278652251932e-01	1.946779392674947151e-01	-2.330097370340195595e-01	5.260955460809967760e-02
2.587291025974410713e-02	-3.399449625555579779e-02	6.413250914206222730e-02	-2.776989329319159289e-02	2.829624062091135733e-02	-2.430777565166773388e-02	4.399096432783045074e-02	-4.443495010166265136e-02	3.924180634772772569e-02	-4.441617505730682119e-02	4.266977190634176770e-02	-4.678164098755075578e-02	5.774124525942221642e-02	-4.292354538327105423e-02	4.349042825132786588e-02	-4.471927948108005840e-02	6.113632860227460886e-02	-6.001949981904219217e-02	6.016155964221274466e-02	-4.982251773118314547e-02	6.834450800958248584e-02	-7.091162706328074661e-02	6.657483545196786479e-02	-7.838887412453195147e-02	6.472507249322552447e-02	-1.120925997502093818e-01	1.593319483353248245e-01	-1.325099307922389946e-01	8.869501664774459559e-02	-8.485794996793563638e-02	1.237759958966341695e-01	-3.350891422775627571e-01	2.262177106514345060e-01	-1.223968200203049556e-01	4.116921649036767161e-02	-8.649138278652251932e-01	9.999999999999966693e-01	-2.279237712395268400e-01	1.890323946804800814e-01	-4.632614615428423677e-02
-2.718309924226652852e-02	3.629778447496898042e-02	-6.982982958826577935e-02	2.950875129410852893e-02	-3.027565336647635233e-02	2.524000720365235373e-02	-4.738289143481664439e-02	4.697876983754116498e-02	-4.185333142633708425e-02	4.694751952403888179e-02	-4.187575252085729699e-02	4.575884234331693834e-02	-6.107001311062465465e-02	4.537342986255084309e-02	-4.676602400261246906e-02	4.264052655306342643e-02	-5.854584322225307030e-02	6.026545056983818871e-02	-6.495176561797691428e-02	5.340684637956612246e-02	-6.437475485695484667e-02	6.426075196784690469e-02	-6.699789721386403829e-02	8.199229216226218420e-02	-7.241670800097477212e-02	7.664485633382214780e-02	-1.268918525394545638e-01	1.260594154472215456e-01	-9.538040426843547026e-02	9.427713195694628623e-02	-8.410556959596360294e-02	1.778130414282658445e-01	-2.720705499498379254e-01	1.386780850891084216e-01	-7.309777406808964928e-02	1.946779392674947151e-01	-2.279237712395268400e-01	9.999999999999965583e-01	-8.934086584477812787e-01	7.958070201775926944e-02
2.980471677852686643e-02	-3.983525705999708261e-02	7.618360842512079956e-02	-3.283873288385272954e-02	3.358534915749353950e-02	-2.781266601411980233e-02	5.179093173759054258e-02	-5.181127209948044321e-02	4.634542917368838361e-02	-5.270233702397102843e-02	4.557353401535690907e-02	-5.021008754566513854e-02	6.701228556486521493e-02	-5.059323458493979186e-02	5.212544676589575543e-02	-4.658621281555047622e-02	6.338708127235015422e-02	-6.725685952772511578e-02	7.263159963666841745e-02	-6.050087914538938849e-02	6.935727836389077305e-02	-7.006460786081825098e-02	7.364348502729017865e-02	-9.421019877088276928e-02	8.172232696184436596e-02	-8.414077013120331572e-02	1.312059310504520293e-01	-1.417201591887639611e-01	1.071344008521666891e-01	-1.113005222540912470e-01	8.847128193871306445e-02	-1.880582752979902406e-01	2.092104345426617773e-01	-1.737623942592292359e-01	8.315229976050853011e-02	-2.330097370340195595e-01	1.890323946804800814e-01	-8.934086584477812787e-01	9.999999999999964473e-01	-1.015469537600892924e-01
