1.000000000000000222e+00	-3.700629949433488775e-01	1.875154995789775625e-01	-6.453395894635891028e-02	6.405212191600352656e-02	-8.495995583653763727e-01	2.360799449956739460e-01	-1.765501025504784827e-01	6.708860275994731059e-02	-5.816656937795041532e-02	1.686517341925017066e-01	-1.519118218662877384e-01	4.774782280063901568e-02	-5.241402143707037803e-02	6.132997424723906493e-02	-8.290597851168605981e-02	9.941362707240071483e-02	-5.529676740507834948e-02	4.950260375210819436e-02	-3.870991604154300214e-02	5.929948786750163098e-02	-1.001156909831684566e-01	5.117959266305065896e-02	-4.143705282730952844e-02	4.019254941880852361e-02	-3.768807646154164609e-02	4.149370295776387552e-02	-5.243361509621918826e-02	3.792336526946545050e-02	-1.975479947100864178e-02	3.103473898519277727e-02	-3.955929620085851112e-02	3.954056117979376506e-02	-4.783077048398535341e-02	1.846789491741724146e-02	-3.291845972075602839e-02	2.704310542863097577e-02	-4.752516145102317346e-02	2.972113856288138845e-02	-3.786345630363975590e-02
-3.700629949433488775e-01	1.000000000000000222e+00	-5.777700176574935842e-01	9.802493392929549632e-02	-1.007471845839182367e-01	2.506047111323304044e-01	-6.113958302069678608e-01	3.132302353115062887e-01	-9.356214910262487805e-02	7.859359465181574300e-02	-1.347712875978529790e-01	1.244562590157295562e-01	-4.997422077740529961e-02	5.705831985593554784e-02	-6.742976281085469314e-02	6.137256487578845315e-02	-8.597029088021293508e-02	5.529087747616598381e-02	-4.901512779856093127e-02	3.926179968171154139e-02	-4.597862893112810573e-02	7.403931232632851578e-02	-4.651040674015453208e-02	3.915132303080763598e-02	-3.858120364735378310e-02	3.124052198368479361e-02	-3.450999615444960700e-02	4.725406898757763402e-02	-3.478489629285391738e-02	1.818500621814857568e-02	-2.599739606673746872e-02	3.302109303134054263e-02	-3.488963237308500415e-02	4.358307480192021716e-02	-1.693598331414952057e-02	2.856988329756358566e-02	-2.347143272597839586e-02	4.198910901991483036e-02	-2.654664807023922324e-02	3.397840198334354384e-02
1.875154995789775625e-01	-5.777700176574935842e-01	1.000000000000000666e+00	-1.556247206869544319e-01	1.306236547740157183e-01	-2.066194890032956033e-01	3.224370210273606041e-01	-6.811769690533536759e-01	1.272759747009192532e-01	-1.132621010926392613e-01	1.040375812199927086e-01	-1.004933493774551462e-01	5.910721105946149107e-02	-7.087788049475871044e-02	8.049705197898880671e-02	-5.632054488377293694e-02	7.460289285706839246e-02	-6.466660084304669265e-02	5.596608066557730993e-02	-4.626534780988548340e-02	4.292131219969826106e-02	-7.053551912245237254e-02	5.101228107826114022e-02	-4.456329869202067806e-02	4.359815433561402276e-02	-3.293939627702296979e-02	3.610318300143145615e-02	-5.265753434842488506e-02	3.883434275333499941e-02	-2.050823223460330330e-02	2.742261697637457182e-02	-3.497311501876122775e-02	3.833731553113411961e-02	-4.908315696214182039e-02	1.899527998456088801e-02	-3.134165716705133997e-02	2.563092351323241827e-02	-4.663074784787664406e-02	2.956776341625709861e-02	-3.817646196946100634e-02
-6.453395894635891028e-02	9.802493392929549632e-02	-1.556247206869544319e-01	1.000000000000000444e+00	-9.460242223802772799e-01	6.712266931625270050e-02	-9.604989321575765904e-02	1.202403335321763217e-01	-1.808049453748949431e-01	1.461043282232142027e-01	-5.165021145799887636e-02	4.560491577754910431e-02	-5.268404063843602769e-02	7.460271784434691078e-02	-1.005419472021632926e-01	3.605759051794577008e-02	-4.725980502438802827e-02	5.851004660205091912e-02	-5.970519716364302426e-02	5.034630362062018916e-02	-2.988674527076623164e-02	4.883071735968112781e-02	-4.857128769405270191e-02	4.551200214409013844e-02	-4.634978543373439314e-02	2.920165896874088798e-02	-3.177760166135101816e-02	5.045635466444860218e-02	-3.890548573892440437e-02	2.078043745198492054e-02	-2.454386460089607799e-02	3.121035086534012723e-02	-3.669433847008472110e-02	4.890894419754143740e-02	-1.920655177688006254e-02	2.973275671539604703e-02	-2.424148654829348659e-02	4.505256469358610849e-02	-2.901720852974631198e-02	3.777367135418342736e-02
6.405212191600352656e-02	-1.007471845839182367e-01	1.306236547740157183e-01	-9.460242223802772799e-01	1.000000000000000222e+00	-7.101328587741553844e-02	9.235105406609973866e-02	-1.243675347406334314e-01	1.584326962398651673e-01	-1.709208721788764707e-01	5.318609165521818311e-02	-4.772294078781035009e-02	5.616697539753706669e-02	-8.150195752651616388e-02	1.025129940284436048e-01	-3.921620479102758822e-02	5.016408183701678153e-02	-6.456963841016229166e-02	6.361054640967180041e-02	-5.490167319815460883e-02	3.247759709542315937e-02	-5.366694066534001550e-02	5.324160070632478342e-02	-5.043257836239595920e-02	4.997101757932010530e-02	-3.280604375188168192e-02	3.534739623197346442e-02	-5.655087237328174782e-02	4.306099637919891948e-02	-2.319953448111838901e-02	2.745210231517242888e-02	-3.493008563705691377e-02	4.111135698982934517e-02	-5.505391297040852783e-02	2.135783813362144776e-02	-3.365380725885603469e-02	2.732163773113513439e-02	-5.101053950424712380e-02	3.270518377518214642e-02	-4.285711360948282062e-02
-8.495995583653763727e-01	2.506047111323304044e-01	-2.066194890032956033e-01	6.712266931625270050e-02	-7.101328587741553844e-02	1.000000000000000666e+00	-3.028119905414318747e-01	1.701483973958729523e-01	-7.021879771980166218e-02	5.894925978651471138e-02	-2.418857827900867119e-01	1.612237421586834585e-01	-4.964385008544553585e-02	5.360390501928659346e-02	-6.429105355584552317e-02	8.422154073588498935e-02	-1.099150263310586934e-01	5.668320638293155439e-02	-5.121963223262525344e-02	3.962807294747039411e-02	-6.148728485915488928e-02	9.919735585124693500e-02	-5.217355523274271739e-02	4.194821686160121049e-02	-4.124927232111461062e-02	3.753511233526666407e-02	-4.165928273546627009e-02	5.255639787410020664e-02	-3.835064325410199315e-02	1.985233136746315796e-02	-3.110908927951318292e-02	3.942922794737636905e-02	-3.960294389860414405e-02	4.784342982772839953e-02	-1.860211848710447216e-02	3.268798505268273591e-02	-2.695642582697628520e-02	4.722144840450480385e-02	-2.965541135779825588e-02	3.760748331130128741e-02
2.360799449956739460e-01	-6.113958302069678608e-01	3.224370210273606041e-01	-9.604989321575765904e-02	9.235105406609973866e-02	-3.028119905414318747e-01	1.000000000000000222e+00	-5.821198743731434977e-01	1.204205940947976616e-01	-1.075397572313734618e-01	1.644348310086031772e-01	-1.955810381253784425e-01	6.580341635491307462e-02	-7.561977622587885695e-02	8.550083798341287511e-02	-8.061684788348716380e-02	1.113773044056036721e-01	-7.362162266149703538e-02	6.294932959438784281e-02	-5.097266836365230841e-02	5.945747171474943110e-02	-9.721269373217455989e-02	6.030317503386463385e-02	-5.091107530555383925e-02	4.955648361148062842e-02	-4.070898542119542191e-02	4.484694593630096648e-02	-6.176965320039744245e-02	4.508511235667989753e-02	-2.363045516792982442e-02	3.378696863735132505e-02	-4.303903730638494046e-02	4.542930148517160260e-02	-5.683947163798985097e-02	2.196393540073225681e-02	-3.729582584340440654e-02	3.059004661067420486e-02	-5.485394563117607786e-02	3.458862608389282056e-02	-4.437195819691187176e-02
-1.765501025504784827e-01	3.132302353115062887e-01	-6.811769690533536759e-01	1.202403335321763217e-01	-1.243675347406334314e-01	1.701483973958729523e-01	-5.821198743731434977e-01	1.000000000000000888e+00	-1.856868398239282236e-01	1.315707968959109464e-01	-1.207428861585886776e-01	1.139650294192589286e-01	-7.153488392217520475e-02	8.097904540456689337e-02	-9.439715919923008514e-02	5.992440305050481669e-02	-8.518958485226006683e-02	7.318872885318535026e-02	-6.305580833427811005e-02	5.168062624510832981e-02	-4.621133590241026379e-02	7.424857487934222178e-02	-5.614745875331970948e-02	4.881847013408117941e-02	-4.837184534592375851e-02	3.507467298864484773e-02	-3.869310511898571558e-02	5.705947778443449386e-02	-4.231161017295984039e-02	2.223623473771933409e-02	-2.932811700483570552e-02	3.736725882883696476e-02	-4.130716525322190164e-02	5.297936757122076457e-02	-2.061843170751494550e-02	3.347252980941868572e-02	-2.744094802783626080e-02	4.994084631437154670e-02	-3.177096749217285521e-02	4.089759856520323172e-02
6.708860275994731059e-02	-9.356214910262487805e-02	1.272759747009192532e-01	-1.808049453748949431e-01	1.584326962398651673e-01	-7.021879771980166218e-02	1.204205940947976616e-01	-1.856868398239282236e-01	1.000000000000000222e+00	-8.360218691589078599e-01	7.566826721790037569e-02	-6.803423032469509135e-02	1.310750520023914734e-01	-2.419496372160991060e-01	2.615882291989661268e-01	-6.517829104148961661e-02	8.399539267150755995e-02	-1.516924169526054078e-01	1.433960823345374613e-01	-1.338556682841074430e-01	5.589459676837761626e-02	-9.263544631275527630e-02	1.105841599965635136e-01	-1.103792271803156755e-01	1.078840566238412069e-01	-6.364815504165645399e-02	6.877326070266269464e-02	-1.185954100233287956e-01	8.994965385363837274e-02	-4.881827592147069961e-02	5.338573579563145322e-02	-6.873459108497616266e-02	8.391749800505082790e-02	-1.155903184142589024e-01	4.451021549945758521e-02	-6.773935445692808033e-02	5.489310374492432226e-02	-1.043601191240124265e-01	6.698139912833279974e-02	-8.820882848885888694e-02
-5.816656937795041532e-02	7.859359465181574300e-02	-1.132621010926392613e-01	1.461043282232142027e-01	-1.709208721788764707e-01	5.894925978651471138e-02	-1.075397572313734618e-01	1.315707968959109464e-01	-8.360218691589078599e-01	1.000000000000001110e+00	-6.437135795549485395e-02	5.687401108293477225e-02	-1.150831126143865707e-01	1.939807473416407524e-01	-3.929810728652068930e-01	5.310536716545056352e-02	-7.006851041028303029e-02	1.228327822462301766e-01	-1.306585972484002600e-01	1.199834111015861959e-01	-4.570931458286126015e-02	7.496152863310706627e-02	-9.197831788322693991e-02	9.171388414243175635e-02	-9.735429693333627621e-02	5.060677721860756123e-02	-5.546116424674713691e-02	9.513000630082633913e-02	-7.448154270710158342e-02	4.000764441569942820e-02	-4.270649468982010144e-02	5.503590616396426133e-02	-6.745259844188747356e-02	9.271835646271874010e-02	-3.671341436595274010e-02	5.353862325209945289e-02	-4.364506399055480962e-02	8.259286409981192456e-02	-5.350160531615720527e-02	6.977774406550543707e-02
1.686517341925017066e-01	-1.347712875978529790e-01	1.040375812199927086e-01	-5.165021145799887636e-02	5.318609165521818311e-02	-2.418857827900867119e-01	1.644348310086031772e-01	-1.207428861585886776e-01	7.566826721790037569e-02	-6.437135795549485395e-02	1.000000000000000666e+00	-7.765474196350329317e-01	9.211624905346546544e-02	-8.895330454256367148e-02	1.004081081178136020e-01	-2.756440672526367930e-01	2.911348960607296199e-01	-1.128828035232411209e-01	9.352980105431595026e-02	-7.010863309094815532e-02	1.728901995576892781e-01	-2.959952885273791634e-01	1.102781095160281083e-01	-8.208070274654549747e-02	7.778157039238939308e-02	-8.991816438726790706e-02	9.997443168059762242e-02	-1.116303960317340527e-01	7.760543490010904377e-02	-3.962478538188276417e-02	7.315331993930720977e-02	-9.408269788105455556e-02	8.566150859259477612e-02	-9.763925042623204653e-02	3.729247294650280681e-02	-7.198251619053616657e-02	5.947566495603064107e-02	-1.011141327254212324e-01	6.199456270180258438e-02	-7.764914620135587864e-02
-1.519118218662877384e-01	1.244562590157295562e-01	-1.004933493774551462e-01	4.560491577754910431e-02	-4.772294078781035009e-02	1.612237421586834585e-01	-1.955810381253784425e-01	1.139650294192589286e-01	-6.803423032469509135e-02	5.687401108293477225e-02	-7.765474196350329317e-01	1.000000000000000888e+00	-8.849054334097429531e-02	7.746816159856949324e-02	-8.804923079201011638e-02	2.036308823814083624e-01	-4.682477016086787902e-01	1.033326557641719295e-01	-8.016068627293103377e-02	5.864660346288991938e-02	-1.446749314254096863e-01	2.148608002842972431e-01	-9.075901847954682966e-02	6.590609369590078037e-02	-6.396674217092607195e-02	6.724867924594297997e-02	-7.654812674127652039e-02	8.705644333057417639e-02	-6.151048353258640328e-02	3.094320117092391395e-02	-5.592668948581254462e-02	7.036239698528941322e-02	-6.592805842912609349e-02	7.546033103512751750e-02	-2.921239766311076874e-02	5.400809873681361450e-02	-4.506817441510241329e-02	7.634536718390005916e-02	-4.737572283383869459e-02	5.881563503912516644e-02
4.774782280063901568e-02	-4.997422077740529961e-02	5.910721105946149107e-02	-5.268404063843602769e-02	5.616697539753706669e-02	-4.964385008544553585e-02	6.580341635491307462e-02	-7.153488392217520475e-02	1.310750520023914734e-01	-1.150831126143865707e-01	9.211624905346546544e-02	-8.849054334097429531e-02	1.000000000000001776e+00	-5.287516360665950321e-01	2.481087582197131491e-01	-9.672585153426715987e-02	1.370249001289815249e-01	-7.163872941399462846e-01	2.315701262912986669e-01	-1.614408725012489998e-01	8.116370669987656161e-02	-1.351852936489902623e-01	2.104241753028908424e-01	-1.523808020873635150e-01	1.429551764158768501e-01	-8.187992185272625900e-02	9.493148502334811112e-02	-1.921973425743244701e-01	1.240298521338921434e-01	-6.120742885111493670e-02	6.983735423958854771e-02	-9.317214236556620177e-02	1.152372517476782932e-01	-1.471459052501071230e-01	5.670343179865166422e-02	-8.503424896436560798e-02	7.038177119434350926e-02	-1.332755924975498885e-01	8.431699979355226915e-02	-1.065067315639049716e-01
-5.241402143707037803e-02	5.705831985593554784e-02	-7.087788049475871044e-02	7.460271784434691078e-02	-8.150195752651616388e-02	5.360390501928659346e-02	-7.561977622587885695e-02	8.097904540456689337e-02	-2.419496372160991060e-01	1.939807473416407524e-01	-8.895330454256367148e-02	7.746816159856949324e-02	-5.287516360665950321e-01	9.999999999999993339e-01	-5.692500573441624523e-01	8.463150996365434442e-02	-1.199114285489712300e-01	2.907241495815730548e-01	-4.071314515022085856e-01	2.272157127630003437e-01	-7.504670578679165094e-02	1.209156118848730976e-01	-1.898992975313940068e-01	1.690399456594193772e-01	-1.871747064760948542e-01	8.088666693704252286e-02	-9.327404567601697838e-02	1.678622630634024893e-01	-1.344387308304884343e-01	6.836431638110521125e-02	-6.956199241247949805e-02	9.092996843057850331e-02	-1.144901860455042608e-01	1.547049791781913153e-01	-6.352014857584865892e-02	8.516777077646134342e-02	-7.068575374092127273e-02	1.329767918103195168e-01	-8.758776050003963531e-02	1.109278952052984990e-01
6.132997424723906493e-02	-6.742976281085469314e-02	8.049705197898880671e-02	-1.005419472021632926e-01	1.025129940284436048e-01	-6.429105355584552317e-02	8.550083798341287511e-02	-9.439715919923008514e-02	2.615882291989661268e-01	-3.929810728652068930e-01	1.004081081178136020e-01	-8.804923079201011638e-02	2.481087582197131491e-01	-5.692500573441624523e-01	9.999999999999996669e-01	-1.029961479272352293e-01	1.318207552977384012e-01	-2.934109718754298046e-01	2.855764260280803102e-01	-3.414230356531067767e-01	9.077341200930147402e-02	-1.511257549195421379e-01	2.017340905789648531e-01	-2.144626816064123254e-01	2.168767672540696245e-01	-1.110808371413155998e-01	1.207578705523149748e-01	-2.164859821160235731e-01	1.667934686278848833e-01	-9.130930860714756014e-02	9.347110205543573969e-02	-1.213386339066332420e-01	1.512916563904952161e-01	-2.126901436259901190e-01	8.264867827021753210e-02	-1.204231231221078863e-01	9.767863927884545827e-02	-1.874288601571041379e-01	1.208170389310238846e-01	-1.590700940870876656e-01
-8.290597851168605981e-02	6.137256487578845315e-02	-5.632054488377293694e-02	3.605759051794577008e-02	-3.921620479102758822e-02	8.422154073588498935e-02	-8.061684788348716380e-02	5.992440305050481669e-02	-6.517829104148961661e-02	5.310536716545056352e-02	-2.756440672526367930e-01	2.036308823814083624e-01	-9.672585153426715987e-02	8.463150996365434442e-02	-1.029961479272352293e-01	9.999999999999982236e-01	-5.116896449981797046e-01	1.145794834319250055e-01	-9.807983141574694308e-02	6.946491056381234874e-02	-7.072579081032914772e-01	3.171406943420852498e-01	-1.178470011197652045e-01	8.006564049698471075e-02	-7.978991236916817276e-02	1.072115854798337126e-01	-1.123386731255274357e-01	1.067616867046355250e-01	-7.692190021309090742e-02	3.738444974310137225e-02	-9.288732898754550882e-02	9.588509980964812773e-02	-8.484165566546182646e-02	9.115338604903751307e-02	-3.578652185148714637e-02	6.982326917293402158e-02	-6.028051018713653092e-02	9.347420918930533784e-02	-5.813786770490441541e-02	6.957441605380680627e-02
9.941362707240071483e-02	-8.597029088021293508e-02	7.460289285706839246e-02	-4.725980502438802827e-02	5.016408183701678153e-02	-1.099150263310586934e-01	1.113773044056036721e-01	-8.518958485226006683e-02	8.399539267150755995e-02	-7.006851041028303029e-02	2.911348960607296199e-01	-4.682477016086787902e-01	1.370249001289815249e-01	-1.199114285489712300e-01	1.318207552977384012e-01	-5.116896449981797046e-01	9.999999999999980016e-01	-1.987762275100325160e-01	1.282425728462435466e-01	-9.316947622250998373e-02	2.823138188331141829e-01	-5.106027361378778773e-01	1.575679766638598545e-01	-1.097251106450230357e-01	1.036426905630543627e-01	-1.226566539905060010e-01	1.419348840253824295e-01	-1.517057509343168187e-01	1.031674343672105143e-01	-5.131910897598442045e-02	1.002496993451782031e-01	-1.306591882003196037e-01	1.145719842207701400e-01	-1.272426858239905645e-01	4.850494289594366182e-02	-9.405419890645019820e-02	7.853831017084886290e-02	-1.315091364464991142e-01	8.017796809233657118e-02	-9.877386564199577834e-02
-5.529676740507834948e-02	5.529087747616598381e-02	-6.466660084304669265e-02	5.851004660205091912e-02	-6.456963841016229166e-02	5.668320638293155439e-02	-7.362162266149703538e-02	7.318872885318535026e-02	-1.516924169526054078e-01	1.228327822462301766e-01	-1.128828035232411209e-01	1.033326557641719295e-01	-7.163872941399462846e-01	2.907241495815730548e-01	-2.934109718754298046e-01	1.145794834319250055e-01	-1.987762275100325160e-01	1.000000000000000888e+00	-3.131035095625990805e-01	1.812353512008720302e-01	-9.866349481716378544e-02	1.573368513318307294e-01	-3.568832806217466791e-01	1.763843500423420418e-01	-1.754685273690979597e-01	8.956311569073617529e-02	-1.092937496232351535e-01	2.149772889264843501e-01	-1.466260221313589462e-01	6.826655059237785039e-02	-7.792308676333116468e-02	1.038453789665269300e-01	-1.307036329880380265e-01	1.604482367049560876e-01	-6.429378902539047147e-02	9.077009269116528833e-02	-7.668859303329178534e-02	1.422342970372745818e-01	-9.207446637862277961e-02	1.128230524602979179e-01
4.950260375210819436e-02	-4.901512779856093127e-02	5.596608066557730993e-02	-5.970519716364302426e-02	6.361054640967180041e-02	-5.121963223262525344e-02	6.294932959438784281e-02	-6.305580833427811005e-02	1.433960823345374613e-01	-1.306585972484002600e-01	9.352980105431595026e-02	-8.016068627293103377e-02	2.315701262912986669e-01	-4.071314515022085856e-01	2.855764260280803102e-01	-9.807983141574694308e-02	1.282425728462435466e-01	-3.131035095625990805e-01	9.999999999999995559e-01	-6.022427112768417024e-01	8.919541184631803177e-02	-1.468972357022682584e-01	2.237756346013528019e-01	-3.203442159177301574e-01	2.958702950598300907e-01	-1.134513932740286168e-01	1.272604871576866192e-01	-2.319133740129996346e-01	2.061425785454891746e-01	-1.094533527339600770e-01	9.693584398804011570e-02	-1.278204557511726513e-01	1.656160033383243801e-01	-2.518104842423273260e-01	9.790420535169298832e-02	-1.251631575044480915e-01	1.027552565233983140e-01	-1.989337959136670553e-01	1.320628379964880195e-01	-1.717021047802516076e-01
-3.870991604154300214e-02	3.926179968171154139e-02	-4.626534780988548340e-02	5.034630362062018916e-02	-5.490167319815460883e-02	3.962807294747039411e-02	-5.097266836365230841e-02	5.168062624510832981e-02	-1.338556682841074430e-01	1.199834111015861959e-01	-7.010863309094815532e-02	5.864660346288991938e-02	-1.614408725012489998e-01	2.272157127630003437e-01	-3.414230356531067767e-01	6.946491056381234874e-02	-9.316947622250998373e-02	1.812353512008720302e-01	-6.022427112768417024e-01	1.000000000000001332e+00	-6.461517043257260229e-02	1.041604036097144304e-01	-1.764175657591786350e-01	2.534051848807888918e-01	-6.022082378765264421e-01	7.991625899842633163e-02	-9.333481349108220526e-02	1.663121285953935158e-01	-1.789181236156583421e-01	9.923412810605639067e-02	-6.956109987983598308e-02	9.177724943143419911e-02	-1.218348295320782620e-01	1.820436234233862305e-01	-9.260739134463651101e-02	8.723731167199551273e-02	-7.299516265061944953e-02	1.393541982905151522e-01	-9.739439144462874731e-02	1.220735103838403723e-01
5.929948786750163098e-02	-4.597862893112810573e-02	4.292131219969826106e-02	-2.988674527076623164e-02	3.247759709542315937e-02	-6.148728485915488928e-02	5.945747171474943110e-02	-4.621133590241026379e-02	5.589459676837761626e-02	-4.570931458286126015e-02	1.728901995576892781e-01	-1.446749314254096863e-01	8.116370669987656161e-02	-7.504670578679165094e-02	9.077341200930147402e-02	-7.072579081032914772e-01	2.823138188331141829e-01	-9.866349481716378544e-02	8.919541184631803177e-02	-6.461517043257260229e-02	1.000000000000000666e+00	-5.823464220707449401e-01	1.200703571161995525e-01	-7.978518076527756075e-02	7.627357873914952791e-02	-1.415363042326457654e-01	1.329895054022907086e-01	-1.138620955529261181e-01	7.781143043243264612e-02	-3.762514687867691415e-02	1.083061863902697042e-01	-1.159926189222388881e-01	9.153665028224443334e-02	-9.463072541002578997e-02	3.598577869575807220e-02	-7.768454712243692828e-02	6.645930817841232130e-02	-1.011446190729273220e-01	6.068738386649419336e-02	-7.236801329748737688e-02
-1.001156909831684566e-01	7.403931232632851578e-02	-7.053551912245237254e-02	4.883071735968112781e-02	-5.366694066534001550e-02	9.919735585124693500e-02	-9.721269373217455989e-02	7.424857487934222178e-02	-9.263544631275527630e-02	7.496152863310706627e-02	-2.959952885273791634e-01	2.148608002842972431e-01	-1.351852936489902623e-01	1.209156118848730976e-01	-1.511257549195421379e-01	3.171406943420852498e-01	-5.106027361378778773e-01	1.573368513318307294e-01	-1.468972357022682584e-01	1.041604036097144304e-01	-5.823464220707449401e-01	9.999999999999993339e-01	-2.180307662073501240e-01	1.259818604542745080e-01	-1.241435474591826987e-01	1.511326993134330943e-01	-2.486923589044456595e-01	1.745399234947078715e-01	-1.229154334151435074e-01	5.745858156048323784e-02	-1.354109732914305919e-01	1.713048735555865454e-01	-1.409378171186017048e-01	1.420308142924537331e-01	-5.540461770080133685e-02	1.069008134029856560e-01	-9.418416797768680571e-02	1.458096146106779845e-01	-9.036309992828270299e-02	1.055507729114585624e-01
5.117959266305065896e-02	-4.651040674015453208e-02	5.101228107826114022e-02	-4.857128769405270191e-02	5.324160070632478342e-02	-5.217355523274271739e-02	6.030317503386463385e-02	-5.614745875331970948e-02	1.105841599965635136e-01	-9.197831788322693991e-02	1.102781095160281083e-01	-9.075901847954682966e-02	2.104241753028908424e-01	-1.898992975313940068e-01	2.017340905789648531e-01	-1.178470011197652045e-01	1.575679766638598545e-01	-3.568832806217466791e-01	2.237756346013528019e-01	-1.764175657591786350e-01	1.200703571161995525e-01	-2.180307662073501240e-01	1.000000000000001554e+00	-3.547955102865871235e-01	2.155919343223793860e-01	-1.375419978503888419e-01	1.794394972698228619e-01	-6.653790356639135428e-01	2.490059813601541994e-01	-1.004057981617572926e-01	1.206261662524269751e-01	-1.771764118262234011e-01	2.408849413546883811e-01	-2.704227853646557489e-01	9.408906444881397213e-02	-1.475908524489525919e-01	1.255161241216236623e-01	-2.483052579741984456e-01	1.467120204231515956e-01	-1.752012766058280158e-01
-4.143705282730952844e-02	3.915132303080763598e-02	-4.456329869202067806e-02	4.551200214409013844e-02	-5.043257836239595920e-02	4.194821686160121049e-02	-5.091107530555383925e-02	4.881847013408117941e-02	-1.103792271803156755e-01	9.171388414243175635e-02	-8.208070274654549747e-02	6.590609369590078037e-02	-1.523808020873635150e-01	1.690399456594193772e-01	-2.144626816064123254e-01	8.006564049698471075e-02	-1.097251106450230357e-01	1.763843500423420418e-01	-3.203442159177301574e-01	2.534051848807888918e-01	-7.978518076527756075e-02	1.259818604542745080e-01	-3.547955102865871235e-01	1.000000000000001332e+00	-5.365822179961264871e-01	9.904197028698084881e-02	-1.293307078505415431e-01	2.512922187635694415e-01	-5.580991043339861291e-01	1.252867976187893306e-01	-8.987665124705335185e-02	1.233421553154109424e-01	-1.817486732475840361e-01	2.802417625642329990e-01	-1.200588331708003775e-01	1.075816226780764995e-01	-9.416803079902044682e-02	1.780237315565507128e-01	-1.314840969224419231e-01	1.499085224280974904e-01
4.019254941880852361e-02	-3.858120364735378310e-02	4.359815433561402276e-02	-4.634978543373439314e-02	4.997101757932010530e-02	-4.124927232111461062e-02	4.955648361148062842e-02	-4.837184534592375851e-02	1.078840566238412069e-01	-9.735429693333627621e-02	7.778157039238939308e-02	-6.396674217092607195e-02	1.429551764158768501e-01	-1.871747064760948542e-01	2.168767672540696245e-01	-7.978991236916817276e-02	1.036426905630543627e-01	-1.754685273690979597e-01	2.958702950598300907e-01	-6.022082378765264421e-01	7.627357873914952791e-02	-1.241435474591826987e-01	2.155919343223793860e-01	-5.365822179961264871e-01	9.999999999999996669e-01	-1.041372341347265723e-01	1.207342229131390665e-01	-2.226890926148845928e-01	2.493743533921249367e-01	-1.660499418002488181e-01	9.048286027155261202e-02	-1.214533428704688833e-01	1.652587648584751823e-01	-2.753055724336427312e-01	1.346045159263876134e-01	-1.175962552256688415e-01	9.791124845330957671e-02	-1.920930498738027681e-01	1.349740145620540177e-01	-1.729694695692139128e-01
-3.768807646154164609e-02	3.124052198368479361e-02	-3.293939627702296979e-02	2.920165896874088798e-02	-3.280604375188168192e-02	3.753511233526666407e-02	-4.070898542119542191e-02	3.507467298864484773e-02	-6.364815504165645399e-02	5.060677721860756123e-02	-8.991816438726790706e-02	6.724867924594297997e-02	-8.187992185272625900e-02	8.088666693704252286e-02	-1.110808371413155998e-01	1.072115854798337126e-01	-1.226566539905060010e-01	8.956311569073617529e-02	-1.134513932740286168e-01	7.991625899842633163e-02	-1.415363042326457654e-01	1.511326993134330943e-01	-1.375419978503888419e-01	9.904197028698084881e-02	-1.041372341347265723e-01	1.000000000000000888e+00	-3.067940774157474904e-01	1.397299719532728024e-01	-1.102066063759902931e-01	5.096124807167216886e-02	-8.487678959427843450e-01	2.298152087863191695e-01	-1.593491040363479716e-01	1.302407745243079062e-01	-5.066836528634646730e-02	1.985570564668328597e-01	-1.898205432864408237e-01	1.628497382607692057e-01	-9.445658267804163399e-02	9.924262163132790970e-02
4.149370295776387552e-02	-3.450999615444960700e-02	3.610318300143145615e-02	-3.177760166135101816e-02	3.534739623197346442e-02	-4.165928273546627009e-02	4.484694593630096648e-02	-3.869310511898571558e-02	6.877326070266269464e-02	-5.546116424674713691e-02	9.997443168059762242e-02	-7.654812674127652039e-02	9.493148502334811112e-02	-9.327404567601697838e-02	1.207578705523149748e-01	-1.123386731255274357e-01	1.419348840253824295e-01	-1.092937496232351535e-01	1.272604871576866192e-01	-9.333481349108220526e-02	1.329895054022907086e-01	-2.486923589044456595e-01	1.794394972698228619e-01	-1.293307078505415431e-01	1.207342229131390665e-01	-3.067940774157474904e-01	9.999999999999985567e-01	-2.437794541602524845e-01	1.463880939797043146e-01	-6.670432924560726340e-02	2.312565764909527977e-01	-7.748820689386431981e-01	2.533116706196119061e-01	-1.995642648463332725e-01	6.489863795467580576e-02	-1.847985476384393921e-01	1.607938176685372311e-01	-2.457801337546503539e-01	1.247912646868104825e-01	-1.388104326045456749e-01
-5.243361509621918826e-02	4.725406898757763402e-02	-5.265753434842488506e-02	5.045635466444860218e-02	-5.655087237328174782e-02	5.255639787410020664e-02	-6.176965320039744245e-02	5.705947778443449386e-02	-1.185954100233287956e-01	9.513000630082633913e-02	-1.116303960317340527e-01	8.705644333057417639e-02	-1.921973425743244701e-01	1.678622630634024893e-01	-2.164859821160235731e-01	1.067616867046355250e-01	-1.517057509343168187e-01	2.149772889264843501e-01	-2.319133740129996346e-01	1.663121285953935158e-01	-1.138620955529261181e-01	1.745399234947078715e-01	-6.653790356639135428e-01	2.512922187635694415e-01	-2.226890926148845928e-01	1.397299719532728024e-01	-2.437794541602524845e-01	1.000000000000001998e+00	-3.227937034852751408e-01	1.000701887086511976e-01	-1.331915950070646781e-01	2.043783388176501348e-01	-4.009897928915352461e-01	2.690717797752207319e-01	-9.854201628105935251e-02	1.434428756489275203e-01	-1.351390515484903743e-01	2.464459344247040273e-01	-1.560974453224409642e-01	1.640058660483985908e-01
3.792336526946545050e-02	-3.478489629285391738e-02	3.883434275333499941e-02	-3.890548573892440437e-02	4.306099637919891948e-02	-3.835064325410199315e-02	4.508511235667989753e-02	-4.231161017295984039e-02	8.994965385363837274e-02	-7.448154270710158342e-02	7.760543490010904377e-02	-6.151048353258640328e-02	1.240298521338921434e-01	-1.344387308304884343e-01	1.667934686278848833e-01	-7.692190021309090742e-02	1.031674343672105143e-01	-1.466260221313589462e-01	2.061425785454891746e-01	-1.789181236156583421e-01	7.781143043243264612e-02	-1.229154334151435074e-01	2.490059813601541994e-01	-5.580991043339861291e-01	2.493743533921249367e-01	-1.102066063759902931e-01	1.463880939797043146e-01	-3.227937034852751408e-01	9.999999999999998890e-01	-1.592972159577706603e-01	1.006987977884010593e-01	-1.481894753770943707e-01	2.339451289393619515e-01	-6.145569616917273548e-01	1.371569442489087853e-01	-1.260776722191673527e-01	1.108926140995110110e-01	-2.240067944784716880e-01	1.641475405764339091e-01	-1.886207175814443859e-01
-1.975479947100864178e-02	1.818500621814857568e-02	-2.050823223460330330e-02	2.078043745198492054e-02	-2.319953448111838901e-02	1.985233136746315796e-02	-2.363045516792982442e-02	2.223623473771933409e-02	-4.881827592147069961e-02	4.000764441569942820e-02	-3.962478538188276417e-02	3.094320117092391395e-02	-6.120742885111493670e-02	6.836431638110521125e-02	-9.130930860714756014e-02	3.738444974310137225e-02	-5.131910897598442045e-02	6.826655059237785039e-02	-1.094533527339600770e-01	9.923412810605639067e-02	-3.762514687867691415e-02	5.745858156048323784e-02	-1.004057981617572926e-01	1.252867976187893306e-01	-1.660499418002488181e-01	5.096124807167216886e-02	-6.670432924560726340e-02	1.000701887086511976e-01	-1.592972159577706603e-01	1.000000000000001554e+00	-4.799326881735035966e-02	6.320249735152484727e-02	-9.492579026482914073e-02	1.466808551656524073e-01	-9.331195710311128710e-01	5.846087741667356508e-02	-5.375937862147661672e-02	1.031330946150417482e-01	-1.451582252145141583e-01	1.633555076051498856e-01
3.103473898519277727e-02	-2.599739606673746872e-02	2.742261697637457182e-02	-2.454386460089607799e-02	2.745210231517242888e-02	-3.110908927951318292e-02	3.378696863735132505e-02	-2.932811700483570552e-02	5.338573579563145322e-02	-4.270649468982010144e-02	7.315331993930720977e-02	-5.592668948581254462e-02	6.983735423958854771e-02	-6.956199241247949805e-02	9.347110205543573969e-02	-9.288732898754550882e-02	1.002496993451782031e-01	-7.792308676333116468e-02	9.693584398804011570e-02	-6.956109987983598308e-02	1.083061863902697042e-01	-1.354109732914305919e-01	1.206261662524269751e-01	-8.987665124705335185e-02	9.048286027155261202e-02	-8.487678959427843450e-01	2.312565764909527977e-01	-1.331915950070646781e-01	1.006987977884010593e-01	-4.799326881735035966e-02	9.999999999999997780e-01	-2.814071043451742415e-01	1.553455439391792092e-01	-1.277035553056517780e-01	4.719119047097272701e-02	-2.812212193801815197e-01	1.887833724769261978e-01	-1.763497994624094456e-01	9.256397491722206938e-02	-1.005169290071799282e-01
-3.955929620085851112e-02	3.302109303134054263e-02	-3.497311501876122775e-02	3.121035086534012723e-02	-3.493008563705691377e-02	3.942922794737636905e-02	-4.303903730638494046e-02	3.736725882883696476e-02	-6.873459108497616266e-02	5.503590616396426133e-02	-9.408269788105455556e-02	7.036239698528941322e-02	-9.317214236556620177e-02	9.092996843057850331e-02	-1.213386339066332420e-01	9.588509980964812773e-02	-1.306591882003196037e-01	1.038453789665269300e-01	-1.278204557511726513e-01	9.177724943143419911e-02	-1.159926189222388881e-01	1.713048735555865454e-01	-1.771764118262234011e-01	1.233421553154109424e-01	-1.214533428704688833e-01	2.298152087863191695e-01	-7.748820689386431981e-01	2.043783388176501348e-01	-1.481894753770943707e-01	6.320249735152484727e-02	-2.814071043451742415e-01	1.000000000000002220e+00	-3.796954845650510890e-01	1.870911425294929653e-01	-6.282589669713430081e-02	1.732700940395506539e-01	-1.824028728150572376e-01	2.279015855936192825e-01	-1.221017941733509582e-01	1.252664876718641851e-01
3.954056117979376506e-02	-3.488963237308500415e-02	3.833731553113411961e-02	-3.669433847008472110e-02	4.111135698982934517e-02	-3.960294389860414405e-02	4.542930148517160260e-02	-4.130716525322190164e-02	8.391749800505082790e-02	-6.745259844188747356e-02	8.566150859259477612e-02	-6.592805842912609349e-02	1.152372517476782932e-01	-1.144901860455042608e-01	1.512916563904952161e-01	-8.484165566546182646e-02	1.145719842207701400e-01	-1.307036329880380265e-01	1.656160033383243801e-01	-1.218348295320782620e-01	9.153665028224443334e-02	-1.409378171186017048e-01	2.408849413546883811e-01	-1.817486732475840361e-01	1.652587648584751823e-01	-1.593491040363479716e-01	2.533116706196119061e-01	-4.009897928915352461e-01	2.339451289393619515e-01	-9.492579026482914073e-02	1.553455439391792092e-01	-3.796954845650510890e-01	1.000000000000000888e+00	-4.315143873487202741e-01	9.417343761279364789e-02	-2.019789204645403013e-01	1.909289233605835356e-01	-5.747078666917744272e-01	1.984183568736133663e-01	-2.009249774503981123e-01
-4.783077048398535341e-02	4.358307480192021716e-02	-4.908315696214182039e-02	4.890894419754143740e-02	-5.505391297040852783e-02	4.784342982772839953e-02	-5.683947163798985097e-02	5.297936757122076457e-02	-1.155903184142589024e-01	9.271835646271874010e-02	-9.763925042623204653e-02	7.546033103512751750e-02	-1.471459052501071230e-01	1.547049791781913153e-01	-2.126901436259901190e-01	9.115338604903751307e-02	-1.272426858239905645e-01	1.604482367049560876e-01	-2.518104842423273260e-01	1.820436234233862305e-01	-9.463072541002578997e-02	1.420308142924537331e-01	-2.704227853646557489e-01	2.802417625642329990e-01	-2.753055724336427312e-01	1.302407745243079062e-01	-1.995642648463332725e-01	2.690717797752207319e-01	-6.145569616917273548e-01	1.466808551656524073e-01	-1.277035553056517780e-01	1.870911425294929653e-01	-4.315143873487202741e-01	1.000000000000000444e+00	-1.594686444926220470e-01	1.440687805702121904e-01	-1.389645308549249114e-01	2.615276369214650787e-01	-2.495908667818621529e-01	2.118511195116570267e-01
1.846789491741724146e-02	-1.693598331414952057e-02	1.899527998456088801e-02	-1.920655177688006254e-02	2.135783813362144776e-02	-1.860211848710447216e-02	2.196393540073225681e-02	-2.061843170751494550e-02	4.451021549945758521e-02	-3.671341436595274010e-02	3.729247294650280681e-02	-2.921239766311076874e-02	5.670343179865166422e-02	-6.352014857584865892e-02	8.264867827021753210e-02	-3.578652185148714637e-02	4.850494289594366182e-02	-6.429378902539047147e-02	9.790420535169298832e-02	-9.260739134463651101e-02	3.598577869575807220e-02	-5.540461770080133685e-02	9.408906444881397213e-02	-1.200588331708003775e-01	1.346045159263876134e-01	-5.066836528634646730e-02	6.489863795467580576e-02	-9.854201628105935251e-02	1.371569442489087853e-01	-9.331195710311128710e-01	4.719119047097272701e-02	-6.282589669713430081e-02	9.417343761279364789e-02	-1.594686444926220470e-01	1.000000000000000444e+00	-5.960737224165179454e-02	5.390765536260505586e-02	-1.068856064180152832e-01	1.419617172290680851e-01	-2.082401654636713839e-01
-3.291845972075602839e-02	2.856988329756358566e-02	-3.134165716705133997e-02	2.973275671539604703e-02	-3.365380725885603469e-02	3.268798505268273591e-02	-3.729582584340440654e-02	3.347252980941868572e-02	-6.773935445692808033e-02	5.353862325209945289e-02	-7.198251619053616657e-02	5.400809873681361450e-02	-8.503424896436560798e-02	8.516777077646134342e-02	-1.204231231221078863e-01	6.982326917293402158e-02	-9.405419890645019820e-02	9.077009269116528833e-02	-1.251631575044480915e-01	8.723731167199551273e-02	-7.768454712243692828e-02	1.069008134029856560e-01	-1.475908524489525919e-01	1.075816226780764995e-01	-1.175962552256688415e-01	1.985570564668328597e-01	-1.847985476384393921e-01	1.434428756489275203e-01	-1.260776722191673527e-01	5.846087741667356508e-02	-2.812212193801815197e-01	1.732700940395506539e-01	-2.019789204645403013e-01	1.440687805702121904e-01	-5.960737224165179454e-02	1.000000000000000888e+00	-8.360630524781246242e-01	2.481717655565136016e-01	-1.338195540039925358e-01	1.205821356092519892e-01
2.704310542863097577e-02	-2.347143272597839586e-02	2.563092351323241827e-02	-2.424148654829348659e-02	2.732163773113513439e-02	-2.695642582697628520e-02	3.059004661067420486e-02	-2.744094802783626080e-02	5.489310374492432226e-02	-4.364506399055480962e-02	5.947566495603064107e-02	-4.506817441510241329e-02	7.038177119434350926e-02	-7.068575374092127273e-02	9.767863927884545827e-02	-6.028051018713653092e-02	7.853831017084886290e-02	-7.668859303329178534e-02	1.027552565233983140e-01	-7.299516265061944953e-02	6.645930817841232130e-02	-9.418416797768680571e-02	1.255161241216236623e-01	-9.416803079902044682e-02	9.791124845330957671e-02	-1.898205432864408237e-01	1.607938176685372311e-01	-1.351390515484903743e-01	1.108926140995110110e-01	-5.375937862147661672e-02	1.887833724769261978e-01	-1.824028728150572376e-01	1.909289233605835356e-01	-1.389645308549249114e-01	5.390765536260505586e-02	-8.360630524781246242e-01	1.000000000000001554e+00	-3.781188879086784249e-01	1.303534383866732926e-01	-1.257608938145736710e-01
-4.752516145102317346e-02	4.198910901991483036e-02	-4.663074784787664406e-02	4.505256469358610849e-02	-5.101053950424712380e-02	4.722144840450480385e-02	-5.485394563117607786e-02	4.994084631437154670e-02	-1.043601191240124265e-01	8.259286409981192456e-02	-1.011141327254212324e-01	7.634536718390005916e-02	-1.332755924975498885e-01	1.329767918103195168e-01	-1.874288601571041379e-01	9.347420918930533784e-02	-1.315091364464991142e-01	1.422342970372745818e-01	-1.989337959136670553e-01	1.393541982905151522e-01	-1.011446190729273220e-01	1.458096146106779845e-01	-2.483052579741984456e-01	1.780237315565507128e-01	-1.920930498738027681e-01	1.628497382607692057e-01	-2.457801337546503539e-01	2.464459344247040273e-01	-2.240067944784716880e-01	1.031330946150417482e-01	-1.763497994624094456e-01	2.279015855936192825e-01	-5.747078666917744272e-01	2.615276369214650787e-01	-1.068856064180152832e-01	2.481717655565136016e-01	-3.781188879086784249e-01	1.000000000000001776e+00	-3.635002301652752177e-01	2.424894798375401561e-01
2.972113856288138845e-02	-2.654664807023922324e-02	2.956776341625709861e-02	-2.901720852974631198e-02	3.270518377518214642e-02	-2.965541135779825588e-02	3.458862608389282056e-02	-3.177096749217285521e-02	6.698139912833279974e-02	-5.350160531615720527e-02	6.199456270180258438e-02	-4.737572283383869459e-02	8.431699979355226915e-02	-8.758776050003963531e-02	1.208170389310238846e-01	-5.813786770490441541e-02	8.017796809233657118e-02	-9.207446637862277961e-02	1.320628379964880195e-01	-9.739439144462874731e-02	6.068738386649419336e-02	-9.036309992828270299e-02	1.467120204231515956e-01	-1.314840969224419231e-01	1.349740145620540177e-01	-9.445658267804163399e-02	1.247912646868104825e-01	-1.560974453224409642e-01	1.641475405764339091e-01	-1.451582252145141583e-01	9.256397491722206938e-02	-1.221017941733509582e-01	1.984183568736133663e-01	-2.495908667818621529e-01	1.419617172290680851e-01	-1.338195540039925358e-01	1.303534383866732926e-01	-3.635002301652752177e-01	1.000000000000001776e+00	-8.279092848963056639e-01
