1.000000000000000222e+00	-2.720791130281698944e-01	1.820095198479632082e-01	-2.431835185582849335e-01	1.991510006736796901e-01	-3.793238598864047684e-01	2.522744731746378588e-01	-3.166145140732531393e-01	2.162731674884028343e-01	-2.401598017255445749e-01	1.852162358456977131e-01	-1.882577784073534710e-01	2.404516120538481849e-01	-2.416876323213623667e-01	2.212946866721058337e-01	-1.615390206244864124e-01	1.558499682021022292e-01	-2.765333652194721936e-01	2.247640120353458504e-01	-2.935480155997517437e-01	1.452841833331631471e-01	-1.691853553197272264e-01	1.713224651201997184e-01	-2.865556540259263651e-01	2.374459600944639759e-01	-1.228404993989869187e-01	1.288686200855492792e-01	-1.730587971851341444e-01	1.924457127471085882e-01	-2.111775784429418545e-01	1.139730304591823340e-01	-1.290128049259975929e-01	2.148786884037525990e-01	-2.348908633881048591e-01	1.850108574177979359e-01	-7.139164002908401918e-02	9.042665574119475302e-02	-2.459323155791097726e-01	1.615804557739769498e-01	-2.615491774260473856e-01
-2.720791130281698944e-01	1.000000000000000222e+00	-8.400092598133390709e-01	2.645447602987812119e-01	-2.775902894312703428e-01	1.305214357026369676e-01	-1.513720655976835694e-01	1.455881737276784049e-01	-1.335942714759757455e-01	1.514651002630104937e-01	-8.582194575547495707e-02	8.327930896883635470e-02	-1.200461961015249490e-01	1.205085024225118762e-01	-1.593361768209161922e-01	5.833751676199643715e-02	-5.970908142614163305e-02	1.029116975578095727e-01	-9.432743767756039677e-02	1.081696701471648869e-01	-5.362898014919870171e-02	5.961669198764526362e-02	-5.959197004208913878e-02	8.990108478455968721e-02	-9.159770253068143242e-02	4.117155663730324988e-02	-4.409697875846520232e-02	5.693518169359224057e-02	-6.468513892317173664e-02	6.629774604273847016e-02	-3.937783592216954204e-02	4.270293489579244511e-02	-7.236717858746197218e-02	6.809158685049838955e-02	-5.715271090071673277e-02	2.335057703952586952e-02	-3.019989990088724555e-02	6.698215912333091437e-02	-4.607442834413819077e-02	7.228297628228154414e-02
1.820095198479632082e-01	-8.400092598133390709e-01	9.999999999999998890e-01	-4.083740342144661084e-01	2.270437789360493230e-01	-1.079130675776357323e-01	1.127697411421839796e-01	-1.374725472213625677e-01	1.184103095089905078e-01	-1.382076970971845842e-01	6.886164740301509157e-02	-6.878552404608730131e-02	1.011909314835864049e-01	-1.069351223786767363e-01	1.290305384677696565e-01	-4.888206493660439411e-02	4.971379140185358536e-02	-8.865883937886838428e-02	7.883274629324696359e-02	-9.279781231561115562e-02	4.439256521680615825e-02	-4.993591029009502441e-02	4.974111435244846918e-02	-7.611357815854410958e-02	7.544759354692003039e-02	-3.415585129186084895e-02	3.645293947028083875e-02	-4.781809516746411692e-02	5.384600734148801277e-02	-5.571369118702854811e-02	3.244359315021753259e-02	-3.542050227070904500e-02	5.932215825978293805e-02	-5.696157781230433426e-02	4.760393125249594987e-02	-1.931568092800489689e-02	2.490480961417595313e-02	-5.625235931962835334e-02	3.855498340214584541e-02	-6.084948468610634764e-02
-2.431835185582849335e-01	2.645447602987812119e-01	-4.083740342144661084e-01	1.000000000000000444e+00	-7.308363088524150175e-01	1.178126622838330390e-01	-1.257225013363638400e-01	1.756928296946718704e-01	-2.189640265432198640e-01	2.512428709309525998e-01	-8.881664403522721019e-02	8.537636905994394620e-02	-1.517167032607537880e-01	1.691957514987341427e-01	-2.506622792625236573e-01	6.484642038884928794e-02	-6.719284189388317896e-02	1.227844877062050644e-01	-1.165775965716319279e-01	1.332580614321119683e-01	-6.026515674952677426e-02	6.675308640379820635e-02	-6.853665940381029054e-02	1.021831648763762701e-01	-1.102313098316495960e-01	4.598043238580810932e-02	-4.968885941328545636e-02	6.471207814071779085e-02	-7.419266375091436438e-02	7.519968709360712322e-02	-4.423077843838176676e-02	4.784406214123031187e-02	-8.158411707660723211e-02	7.470412822753762228e-02	-6.399231622478869508e-02	2.600793364132427538e-02	-3.375875835139417747e-02	7.215992000977924925e-02	-5.031051541081638101e-02	7.853888296671963920e-02
1.991510006736796901e-01	-2.775902894312703428e-01	2.270437789360493230e-01	-7.308363088524150175e-01	1.000000000000000000e+00	-1.149458948769992578e-01	1.166650084308674812e-01	-1.838130948145721977e-01	1.909045247281601909e-01	-4.513639381625059732e-01	8.407183867121363618e-02	-8.349211448879521880e-02	1.469516995713624485e-01	-1.807034524095381678e-01	2.445581436028572142e-01	-6.527538484390761619e-02	6.688058302561038226e-02	-1.286939755213767633e-01	1.161850831608393364e-01	-1.440167505491934674e-01	5.944217600645888833e-02	-6.713591998669718452e-02	6.849566826448297285e-02	-1.052298785725779423e-01	1.080535557509067351e-01	-4.549825124229622819e-02	4.886721230539955996e-02	-6.548478346596954547e-02	7.395224455394827645e-02	-7.636819991305533739e-02	4.325430647899854847e-02	-4.733391427665838841e-02	7.902563709989399166e-02	-7.496113972203506670e-02	6.376948684230734909e-02	-2.559744965875852124e-02	3.305414483625214450e-02	-7.278732211085027493e-02	5.047222534627008456e-02	-7.967025538606145596e-02
-3.793238598864047684e-01	1.305214357026369676e-01	-1.079130675776357323e-01	1.178126622838330390e-01	-1.149458948769992578e-01	9.999999999999995559e-01	-7.637958223328403795e-01	2.337566616089157556e-01	-1.725145604381396469e-01	1.257931339735638698e-01	-3.404512600912542597e-01	2.488018425924151955e-01	-1.865555268802754907e-01	1.508491951261463904e-01	-1.337685822805231850e-01	1.067013329191260906e-01	-1.097798612927766843e-01	1.460732656947450192e-01	-1.249121521285200265e-01	1.308382215923618863e-01	-9.011106815998774777e-02	9.848443344571718161e-02	-8.203392746469949370e-02	1.169909079446333350e-01	-1.125916879030302575e-01	6.062840364672506671e-02	-6.281386104264481685e-02	7.769337955710874100e-02	-8.422987518257242512e-02	8.530671137361151013e-02	-5.708828244467718804e-02	6.019452483479888205e-02	-9.519728788212863946e-02	8.922157811204885214e-02	-7.385068634231670148e-02	3.301955876438664172e-02	-4.267252241379512756e-02	8.802895050047136738e-02	-6.029072094065500431e-02	9.412430788912824753e-02
2.522744731746378588e-01	-1.513720655976835694e-01	1.127697411421839796e-01	-1.257225013363638400e-01	1.166650084308674812e-01	-7.637958223328403795e-01	9.999999999999997780e-01	-3.615474525092144398e-01	1.842966573208562886e-01	-1.349836641019465100e-01	2.495765406660693242e-01	-3.232717461500534961e-01	1.904149417116990650e-01	-1.683055441371892891e-01	1.360213243396159455e-01	-1.071455917391774676e-01	1.097256814920127416e-01	-1.536517250606902196e-01	1.237584743227977679e-01	-1.333709543250434781e-01	8.712660420913168058e-02	-9.936034367437338033e-02	8.057689933222236811e-02	-1.161401494211510566e-01	1.094081765749778251e-01	-5.893301599481352154e-02	6.076883619341368753e-02	-7.680475825232895015e-02	8.205214183118733628e-02	-8.372113919190532494e-02	5.483302822394299503e-02	-5.845366619198730934e-02	9.068256688647051422e-02	-8.645492007694619008e-02	7.149765163590623973e-02	-3.180295553059005187e-02	4.094302036223743113e-02	-8.530391389169481031e-02	5.835459562566965713e-02	-9.160443395964731894e-02
-3.166145140732531393e-01	1.455881737276784049e-01	-1.374725472213625677e-01	1.756928296946718704e-01	-1.838130948145721977e-01	2.337566616089157556e-01	-3.615474525092144398e-01	9.999999999999996669e-01	-6.127903301189771001e-01	2.159953639772651257e-01	-1.795963310121115875e-01	1.744259676623777511e-01	-4.219267329067183381e-01	3.029673303475756141e-01	-2.424714371546141389e-01	1.068494831146998836e-01	-1.152161329318040217e-01	2.157947684354129259e-01	-1.925340751888989788e-01	1.790445155821927259e-01	-9.652057362058413803e-02	1.063696721103119386e-01	-1.039315445711324754e-01	1.439660866841826758e-01	-1.526350509207892447e-01	6.840898155110487766e-02	-7.350364157189388792e-02	9.529688156414486966e-02	-1.057912514441624457e-01	1.042750896631730040e-01	-6.559766746104132851e-02	6.992543147176903673e-02	-1.155080621395929014e-01	1.029396463122441152e-01	-8.866915365161355533e-02	3.782372154327356961e-02	-4.921115977409966369e-02	9.837849526605758899e-02	-6.905963641792810248e-02	1.069112891889129890e-01
2.162731674884028343e-01	-1.335942714759757455e-01	1.184103095089905078e-01	-2.189640265432198640e-01	1.909045247281601909e-01	-1.725145604381396469e-01	1.842966573208562886e-01	-6.127903301189771001e-01	1.000000000000000444e+00	-3.207141825997611440e-01	1.236567677033763440e-01	-1.282025004591672568e-01	2.788544683177082151e-01	-5.714566747416754966e-01	2.603564676488622220e-01	-8.487114363833694886e-02	8.942337170451855610e-02	-1.860564222145368041e-01	1.546542544451395551e-01	-1.629564574894083462e-01	7.496082862344743969e-02	-8.491205346850209945e-02	8.308605650547280785e-02	-1.199566743258994039e-01	1.240232738476839819e-01	-5.392743450792829296e-02	5.773027570807714309e-02	-7.757520227499181686e-02	8.515783921178043947e-02	-8.566535024636867668e-02	5.113279451666909864e-02	-5.531432958204919592e-02	8.993285768660230772e-02	-8.275758512958990287e-02	7.116078299834785459e-02	-2.969896768541014503e-02	3.845463790209824317e-02	-7.919910994868042953e-02	5.544999477865884818e-02	-8.679205375637744080e-02
-2.401598017255445749e-01	1.514651002630104937e-01	-1.382076970971845842e-01	2.512428709309525998e-01	-4.513639381625059732e-01	1.257931339735638698e-01	-1.349836641019465100e-01	2.159953639772651257e-01	-3.207141825997611440e-01	1.000000000000000666e+00	-1.026832119411990180e-01	9.928810794882794721e-02	-2.066486318590644855e-01	2.555988663983082554e-01	-6.892113687393399690e-01	7.711705571026038208e-02	-8.119404162328938690e-02	1.575410862351245833e-01	-1.591143060249478325e-01	1.880982200620321398e-01	-7.158988327185519807e-02	7.943243355314491549e-02	-8.332308121747632190e-02	1.237360606881892505e-01	-1.446906811801741966e-01	5.370928496129152852e-02	-5.844812227588517400e-02	7.772004942551219431e-02	-9.000883576263718489e-02	9.081371564858453649e-02	-5.169221702992703865e-02	5.597479840535474205e-02	-9.503589657795363799e-02	8.605098265027832927e-02	-7.549071354461284189e-02	3.016724213585689901e-02	-3.921582574814305722e-02	8.169731539147721822e-02	-5.768961531924210462e-02	9.002402744463453010e-02
1.852162358456977131e-01	-8.582194575547495707e-02	6.886164740301509157e-02	-8.881664403522721019e-02	8.407183867121363618e-02	-3.404512600912542597e-01	2.495765406660693242e-01	-1.795963310121115875e-01	1.236567677033763440e-01	-1.026832119411990180e-01	1.000000000000000666e+00	-8.349036488417977964e-01	1.846722827307052395e-01	-1.410542352550029077e-01	1.081044743241987294e-01	-1.913343714256956207e-01	1.727435123673090878e-01	-1.587109167404946730e-01	1.172984299158777027e-01	-1.207934382325340922e-01	1.235180278135492721e-01	-1.421475669522575258e-01	8.340884516864935372e-02	-1.088090261547581677e-01	9.978520645385688392e-02	-6.923780845433820386e-02	6.757803845516731356e-02	-7.869104082515618326e-02	7.784865357770361094e-02	-7.723377120842613019e-02	6.236684767665153645e-02	-6.389422683483950149e-02	8.713822395233006279e-02	-8.011166240986637710e-02	6.568463109740421690e-02	-3.456119321135113498e-02	4.445233541635149055e-02	-7.798836196890027161e-02	5.360993702436102348e-02	-8.275181491185608362e-02
-1.882577784073534710e-01	8.327930896883635470e-02	-6.878552404608730131e-02	8.537636905994394620e-02	-8.349211448879521880e-02	2.488018425924151955e-01	-3.232717461500534961e-01	1.744259676623777511e-01	-1.282025004591672568e-01	9.928810794882794721e-02	-8.349036488417977964e-01	1.000000000000000666e+00	-2.327144355623677330e-01	1.397858615953787020e-01	-1.090300058747610407e-01	1.629498672860650310e-01	-2.048329178548768392e-01	1.551343769747059176e-01	-1.189537179167367009e-01	1.145588305985407868e-01	-1.218628341491751893e-01	1.344527080786797613e-01	-8.107436451373102593e-02	1.022852959147519253e-01	-9.719599249895519155e-02	6.589973007579268127e-02	-6.530567650359110632e-02	7.473652971493650876e-02	-7.468761145708024962e-02	7.296189559243362877e-02	-6.059884921624569126e-02	6.082154484845073844e-02	-8.421577937696829441e-02	7.525367617983105828e-02	-6.230363093809702241e-02	3.319651799063232794e-02	-4.300881632350990469e-02	7.269463447971083458e-02	-5.032826450943615748e-02	7.712314352661764350e-02
2.404516120538481849e-01	-1.200461961015249490e-01	1.011909314835864049e-01	-1.517167032607537880e-01	1.469516995713624485e-01	-1.865555268802754907e-01	1.904149417116990650e-01	-4.219267329067183381e-01	2.788544683177082151e-01	-2.066486318590644855e-01	1.846722827307052395e-01	-2.327144355623677330e-01	9.999999999999997780e-01	-5.216173400997976550e-01	2.286957714356301907e-01	-1.379401394996485619e-01	1.499378473870327244e-01	-5.058385613828256799e-01	2.466472435651354267e-01	-2.341931032449340588e-01	1.133473655467251012e-01	-1.347120275638543363e-01	1.272239026212056701e-01	-1.723335479261142722e-01	1.666422631579043134e-01	-7.690366166704734607e-02	8.185285319019623695e-02	-1.173770333157554829e-01	1.188078265391408483e-01	-1.181231471215047762e-01	7.161528830952967883e-02	-7.805459622315853718e-02	1.199756303744706765e-01	-1.109344385006583861e-01	9.556219799347202837e-02	-4.109016690746412209e-02	5.302213428374641380e-02	-1.050966380903018971e-01	7.386878954674812314e-02	-1.159124217047208527e-01
-2.416876323213623667e-01	1.205085024225118762e-01	-1.069351223786767363e-01	1.691957514987341427e-01	-1.807034524095381678e-01	1.508491951261463904e-01	-1.683055441371892891e-01	3.029673303475756141e-01	-5.714566747416754966e-01	2.555988663983082554e-01	-1.410542352550029077e-01	1.397858615953787020e-01	-5.216173400997976550e-01	9.999999999999988898e-01	-4.177996673511208958e-01	9.649334241860492434e-02	-1.053073160851167728e-01	2.279288590913584600e-01	-2.087671072516658344e-01	1.911072765581336708e-01	-8.663931955882904490e-02	9.695982076341366773e-02	-9.798999038381353555e-02	1.365731242588072436e-01	-1.478324627320061480e-01	6.135258244610407308e-02	-6.627874793480535709e-02	8.927437330375102842e-02	-9.869314037778215143e-02	9.743102653313702455e-02	-5.858132793241755537e-02	6.301913188398093613e-02	-1.031157164664891629e-01	9.259689714639869618e-02	-8.078598158281265207e-02	3.375319041779409335e-02	-4.385963009736998375e-02	8.762355772598717785e-02	-6.189977095435654497e-02	9.629149011650149637e-02
2.212946866721058337e-01	-1.593361768209161922e-01	1.290305384677696565e-01	-2.506622792625236573e-01	2.445581436028572142e-01	-1.337685822805231850e-01	1.360213243396159455e-01	-2.424714371546141389e-01	2.603564676488622220e-01	-6.892113687393399690e-01	1.081044743241987294e-01	-1.090300058747610407e-01	2.286957714356301907e-01	-4.177996673511208958e-01	1.000000000000000666e+00	-8.861462963753755084e-02	9.228367763599991391e-02	-1.988632799137471374e-01	1.888329102432763640e-01	-2.963154007738025286e-01	7.990561105927648788e-02	-9.109377537321459994e-02	9.521452944465001733e-02	-1.477791893548128510e-01	1.646983007701745549e-01	-5.987183136164267450e-02	6.480123804557987033e-02	-9.010582865008366638e-02	1.024214018884393868e-01	-1.063682768999654887e-01	5.681488117346510797e-02	-6.241850305555141087e-02	1.030909349509439993e-01	-9.716148868101681657e-02	8.503570384907002677e-02	-3.332565136147046247e-02	4.308129169961863458e-02	-9.215081558509627402e-02	6.494224736970821699e-02	-1.028359464887319275e-01
-1.615390206244864124e-01	5.833751676199643715e-02	-4.888206493660439411e-02	6.484642038884928794e-02	-6.527538484390761619e-02	1.067013329191260906e-01	-1.071455917391774676e-01	1.068494831146998836e-01	-8.487114363833694886e-02	7.711705571026038208e-02	-1.913343714256956207e-01	1.629498672860650310e-01	-1.379401394996485619e-01	9.649334241860492434e-02	-8.861462963753755084e-02	1.000000000000000000e+00	-6.661597767925078184e-01	1.706916653124245786e-01	-1.368248941489463577e-01	1.153331857722511150e-01	-5.737757266780630916e-01	3.228253987741129816e-01	-1.263562904100910267e-01	1.236961441683390589e-01	-1.130239611285777795e-01	1.613683782970911362e-01	-1.339913635261321956e-01	1.121366240154041682e-01	-9.801341551225799253e-02	8.880882893498542874e-02	-1.467757486947948720e-01	1.158241164941688217e-01	-1.246623452459378611e-01	9.886064781995494710e-02	-7.863060885528161403e-02	7.062536115261405789e-02	-9.299884780028765119e-02	9.479902860934563691e-02	-6.583601740361462451e-02	9.438694459408887572e-02
1.558499682021022292e-01	-5.970908142614163305e-02	4.971379140185358536e-02	-6.719284189388317896e-02	6.688058302561038226e-02	-1.097798612927766843e-01	1.097256814920127416e-01	-1.152161329318040217e-01	8.942337170451855610e-02	-8.119404162328938690e-02	1.727435123673090878e-01	-2.048329178548768392e-01	1.499378473870327244e-01	-1.053073160851167728e-01	9.228367763599991391e-02	-6.661597767925078184e-01	9.999999999999976685e-01	-2.457523289079630580e-01	1.491672429012911305e-01	-1.264461625812688395e-01	3.119981147648354103e-01	-5.558275116415198891e-01	1.393422694287958785e-01	-1.337084580058137129e-01	1.163650051736341423e-01	-1.348718413497465574e-01	1.281346421512593037e-01	-1.256230591706297972e-01	1.015694209491914829e-01	-9.238596508174395927e-02	1.146163919656114777e-01	-1.153417921682596131e-01	1.189382826435185503e-01	-9.901353573837504141e-02	7.910687191341529700e-02	-5.873073486150760802e-02	7.533514223774309682e-02	-9.360175345822357995e-02	6.492893640546087974e-02	-9.536564088289031793e-02
-2.765333652194721936e-01	1.029116975578095727e-01	-8.865883937886838428e-02	1.227844877062050644e-01	-1.286939755213767633e-01	1.460732656947450192e-01	-1.536517250606902196e-01	2.157947684354129259e-01	-1.860564222145368041e-01	1.575410862351245833e-01	-1.587109167404946730e-01	1.551343769747059176e-01	-5.058385613828256799e-01	2.279288590913584600e-01	-1.988632799137471374e-01	1.706916653124245786e-01	-2.457523289079630580e-01	9.999999999999988898e-01	-5.937424938752615677e-01	2.725049906251446052e-01	-1.482432165930142043e-01	1.717162360496254092e-01	-1.995986420204216294e-01	2.085890610025159242e-01	-2.205679822375317123e-01	9.433658729189001169e-02	-1.039249510668487086e-01	1.545389057677773459e-01	-1.532138796484976973e-01	1.408016576729468616e-01	-8.930225808833976153e-02	9.621286355852215477e-02	-1.485629497209914052e-01	1.281605825066841897e-01	-1.142891848955861905e-01	4.997263060348036690e-02	-6.505766990727954169e-02	1.179905249574964288e-01	-8.476712290077503820e-02	1.303455182521809919e-01
2.247640120353458504e-01	-9.432743767756039677e-02	7.883274629324696359e-02	-1.165775965716319279e-01	1.161850831608393364e-01	-1.249121521285200265e-01	1.237584743227977679e-01	-1.925340751888989788e-01	1.546542544451395551e-01	-1.591143060249478325e-01	1.172984299158777027e-01	-1.189537179167367009e-01	2.466472435651354267e-01	-2.087671072516658344e-01	1.888329102432763640e-01	-1.368248941489463577e-01	1.491672429012911305e-01	-5.937424938752615677e-01	1.000000000000000888e+00	-5.879417221212966949e-01	1.168242810857093583e-01	-1.410892195818630457e-01	1.580149821905014462e-01	-2.768245608923732837e-01	2.515500469855023180e-01	-8.315750609070472754e-02	9.162199656220897104e-02	-1.446119476845993124e-01	1.598053990982650774e-01	-1.594268652715131740e-01	7.790650764161061170e-02	-8.729698949809305830e-02	1.378634360263225889e-01	-1.297851533636118493e-01	1.180205699181473139e-01	-4.494861150819080137e-02	5.804787364375160741e-02	-1.181427763054189728e-01	8.543847964626355429e-02	-1.362548365758523561e-01
-2.935480155997517437e-01	1.081696701471648869e-01	-9.279781231561115562e-02	1.332580614321119683e-01	-1.440167505491934674e-01	1.308382215923618863e-01	-1.333709543250434781e-01	1.790445155821927259e-01	-1.629564574894083462e-01	1.880982200620321398e-01	-1.207934382325340922e-01	1.145588305985407868e-01	-2.341931032449340588e-01	1.911072765581336708e-01	-2.963154007738025286e-01	1.153331857722511150e-01	-1.264461625812688395e-01	2.725049906251446052e-01	-5.879417221212966949e-01	9.999999999999988898e-01	-1.121149283198430435e-01	1.241113976424198240e-01	-1.552823642551316441e-01	2.535895751666835674e-01	-5.104320611662660490e-01	8.585848067102896941e-02	-9.725453862979442643e-02	1.411613367257187612e-01	-1.855539810550815294e-01	1.924561378077024598e-01	-8.346534577462010052e-02	9.221684253573375623e-02	-1.612877333283616044e-01	1.466163756954322328e-01	-1.439218902864722871e-01	4.850872878785009862e-02	-6.329181936167804778e-02	1.313129522459832443e-01	-9.721873628030527903e-02	1.534584160443821788e-01
1.452841833331631471e-01	-5.362898014919870171e-02	4.439256521680615825e-02	-6.026515674952677426e-02	5.944217600645888833e-02	-9.011106815998774777e-02	8.712660420913168058e-02	-9.652057362058413803e-02	7.496082862344743969e-02	-7.158988327185519807e-02	1.235180278135492721e-01	-1.218628341491751893e-01	1.133473655467251012e-01	-8.663931955882904490e-02	7.990561105927648788e-02	-5.737757266780630916e-01	3.119981147648354103e-01	-1.482432165930142043e-01	1.168242810857093583e-01	-1.121149283198430435e-01	1.000000000000000444e+00	-6.257452864036098239e-01	1.510503832352575737e-01	-1.402748886516900217e-01	1.147935234597058790e-01	-3.005081408924840658e-01	1.767294339533966863e-01	-1.431162227370747220e-01	1.096389608385451020e-01	-9.933869381026275147e-02	1.860770440472829801e-01	-1.608953813946645273e-01	1.416920067683682394e-01	-1.164379114065871162e-01	8.828956776513012528e-02	-9.130522969376507481e-02	1.124005649201155754e-01	-1.126824185900030528e-01	7.658596426222938347e-02	-1.090013460742881024e-01
-1.691853553197272264e-01	5.961669198764526362e-02	-4.993591029009502441e-02	6.675308640379820635e-02	-6.713591998669718452e-02	9.848443344571718161e-02	-9.936034367437338033e-02	1.063696721103119386e-01	-8.491205346850209945e-02	7.943243355314491549e-02	-1.421475669522575258e-01	1.344527080786797613e-01	-1.347120275638543363e-01	9.695982076341366773e-02	-9.109377537321459994e-02	3.228253987741129816e-01	-5.558275116415198891e-01	1.717162360496254092e-01	-1.410892195818630457e-01	1.241113976424198240e-01	-6.257452864036098239e-01	9.999999999999991118e-01	-2.221349023535439671e-01	1.542019730054421667e-01	-1.311257081156256832e-01	1.955879584811521521e-01	-2.190088080532760495e-01	1.659489374471368184e-01	-1.265614787301579114e-01	1.086803557692830047e-01	-1.773595123691927011e-01	1.636065197652875336e-01	-1.582171027121536677e-01	1.211279509859025660e-01	-9.534871010788333046e-02	8.552571994045153614e-02	-1.121683173127194649e-01	1.140812537123740006e-01	-7.947057497251988623e-02	1.130575370711436045e-01
1.713224651201997184e-01	-5.959197004208913878e-02	4.974111435244846918e-02	-6.853665940381029054e-02	6.849566826448297285e-02	-8.203392746469949370e-02	8.057689933222236811e-02	-1.039315445711324754e-01	8.308605650547280785e-02	-8.332308121747632190e-02	8.340884516864935372e-02	-8.107436451373102593e-02	1.272239026212056701e-01	-9.798999038381353555e-02	9.521452944465001733e-02	-1.263562904100910267e-01	1.393422694287958785e-01	-1.995986420204216294e-01	1.580149821905014462e-01	-1.552823642551316441e-01	1.510503832352575737e-01	-2.221349023535439671e-01	9.999999999999982236e-01	-3.874382507785386620e-01	1.987274808989801245e-01	-1.210038874207996079e-01	1.606171861560702074e-01	-7.786949179808124732e-01	2.608981757813392255e-01	-1.988669099134871832e-01	1.064110313035692701e-01	-1.496769954774668232e-01	1.833154485602208061e-01	-1.620936631697503238e-01	1.391968960527487642e-01	-5.983792378567467929e-02	7.576731085252606801e-02	-1.393862103464396096e-01	1.007560518809349215e-01	-1.563142016315690330e-01
-2.865556540259263651e-01	8.990108478455968721e-02	-7.611357815854410958e-02	1.021831648763762701e-01	-1.052298785725779423e-01	1.169909079446333350e-01	-1.161401494211510566e-01	1.439660866841826758e-01	-1.199566743258994039e-01	1.237360606881892505e-01	-1.088090261547581677e-01	1.022852959147519253e-01	-1.723335479261142722e-01	1.365731242588072436e-01	-1.477791893548128510e-01	1.236961441683390589e-01	-1.337084580058137129e-01	2.085890610025159242e-01	-2.768245608923732837e-01	2.535895751666835674e-01	-1.402748886516900217e-01	1.542019730054421667e-01	-3.874382507785386620e-01	1.000000000000000222e+00	-5.048329742116010044e-01	1.143416522373036232e-01	-1.420715666217600426e-01	2.703358364895520061e-01	-5.075509390839214596e-01	2.860264907944681800e-01	-1.121220872605573626e-01	1.309251959963992351e-01	-2.309574761645259988e-01	1.992393824352304554e-01	-2.080657166404908665e-01	6.441296994484567440e-02	-8.428972476473708952e-02	1.683455982575812193e-01	-1.295716511389573000e-01	2.012863875140674941e-01
2.374459600944639759e-01	-9.159770253068143242e-02	7.544759354692003039e-02	-1.102313098316495960e-01	1.080535557509067351e-01	-1.125916879030302575e-01	1.094081765749778251e-01	-1.526350509207892447e-01	1.240232738476839819e-01	-1.446906811801741966e-01	9.978520645385688392e-02	-9.719599249895519155e-02	1.666422631579043134e-01	-1.478324627320061480e-01	1.646983007701745549e-01	-1.130239611285777795e-01	1.163650051736341423e-01	-2.205679822375317123e-01	2.515500469855023180e-01	-5.104320611662660490e-01	1.147935234597058790e-01	-1.311257081156256832e-01	1.987274808989801245e-01	-5.048329742116010044e-01	9.999999999999998890e-01	-9.932512033655675754e-02	1.150814944813551982e-01	-1.993653047366458486e-01	2.796171430006051395e-01	-4.374499708480550364e-01	9.498220819041751362e-02	-1.120097860676168428e-01	1.970942911224632110e-01	-2.171008616014138415e-01	2.184439253926222235e-01	-5.756786189097287676e-02	7.414158164890813363e-02	-1.847402908786880960e-01	1.397203778230838023e-01	-2.417046375509747103e-01
-1.228404993989869187e-01	4.117155663730324988e-02	-3.415585129186084895e-02	4.598043238580810932e-02	-4.549825124229622819e-02	6.062840364672506671e-02	-5.893301599481352154e-02	6.840898155110487766e-02	-5.392743450792829296e-02	5.370928496129152852e-02	-6.923780845433820386e-02	6.589973007579268127e-02	-7.690366166704734607e-02	6.135258244610407308e-02	-5.987183136164267450e-02	1.613683782970911362e-01	-1.348718413497465574e-01	9.433658729189001169e-02	-8.315750609070472754e-02	8.585848067102896941e-02	-3.005081408924840658e-01	1.955879584811521521e-01	-1.210038874207996079e-01	1.143416522373036232e-01	-9.932512033655675754e-02	1.000000000000000888e+00	-3.828255755272374494e-01	1.212878069379664941e-01	-1.009341355197801715e-01	9.077945525768810198e-02	-7.187224509724002841e-01	2.599545879661052106e-01	-1.866307273983347226e-01	1.304086459104063511e-01	-9.156748562128159963e-02	2.256371672272867446e-01	-2.935675582684042495e-01	1.348562784779030466e-01	-9.087123891943037213e-02	1.137860517788568393e-01
1.288686200855492792e-01	-4.409697875846520232e-02	3.645293947028083875e-02	-4.968885941328545636e-02	4.886721230539955996e-02	-6.281386104264481685e-02	6.076883619341368753e-02	-7.350364157189388792e-02	5.773027570807714309e-02	-5.844812227588517400e-02	6.757803845516731356e-02	-6.530567650359110632e-02	8.185285319019623695e-02	-6.627874793480535709e-02	6.480123804557987033e-02	-1.339913635261321956e-01	1.281346421512593037e-01	-1.039249510668487086e-01	9.162199656220897104e-02	-9.725453862979442643e-02	1.767294339533966863e-01	-2.190088080532760495e-01	1.606171861560702074e-01	-1.420715666217600426e-01	1.150814944813551982e-01	-3.828255755272374494e-01	1.000000000000001110e+00	-2.058394830588551883e-01	1.280119268553974177e-01	-1.133141561921863216e-01	2.464860476638633113e-01	-7.749127214810449527e-01	2.332246223124093965e-01	-1.742222876493625394e-01	1.110149869475391543e-01	-1.257868227467737188e-01	1.488827985748253091e-01	-1.571860415342554718e-01	1.042259824656570355e-01	-1.404769279784658098e-01
-1.730587971851341444e-01	5.693518169359224057e-02	-4.781809516746411692e-02	6.471207814071779085e-02	-6.548478346596954547e-02	7.769337955710874100e-02	-7.680475825232895015e-02	9.529688156414486966e-02	-7.757520227499181686e-02	7.772004942551219431e-02	-7.869104082515618326e-02	7.473652971493650876e-02	-1.173770333157554829e-01	8.927437330375102842e-02	-9.010582865008366638e-02	1.121366240154041682e-01	-1.256230591706297972e-01	1.545389057677773459e-01	-1.446119476845993124e-01	1.411613367257187612e-01	-1.431162227370747220e-01	1.659489374471368184e-01	-7.786949179808124732e-01	2.703358364895520061e-01	-1.993653047366458486e-01	1.212878069379664941e-01	-2.058394830588551883e-01	9.999999999999976685e-01	-3.911764172163929021e-01	2.008243579341022766e-01	-1.110963570085148205e-01	1.580228448436533928e-01	-2.196650821885411387e-01	1.622733445587172807e-01	-1.463449630966319470e-01	6.100534062239795774e-02	-7.822443808230582218e-02	1.358092443265295490e-01	-1.003943603668522033e-01	1.513550394070685423e-01
1.924457127471085882e-01	-6.468513892317173664e-02	5.384600734148801277e-02	-7.419266375091436438e-02	7.395224455394827645e-02	-8.422987518257242512e-02	8.205214183118733628e-02	-1.057912514441624457e-01	8.515783921178043947e-02	-9.000883576263718489e-02	7.784865357770361094e-02	-7.468761145708024962e-02	1.188078265391408483e-01	-9.869314037778215143e-02	1.024214018884393868e-01	-9.801341551225799253e-02	1.015694209491914829e-01	-1.532138796484976973e-01	1.598053990982650774e-01	-1.855539810550815294e-01	1.096389608385451020e-01	-1.265614787301579114e-01	2.608981757813392255e-01	-5.075509390839214596e-01	2.796171430006051395e-01	-1.009341355197801715e-01	1.280119268553974177e-01	-3.911764172163929021e-01	9.999999999999987788e-01	-5.943376869530052620e-01	9.524895890588887248e-02	-1.229148762594991368e-01	2.028978706285032296e-01	-2.315271482711383222e-01	2.401110686718387344e-01	-5.690904265186289002e-02	7.314509891260483065e-02	-1.748209204138041484e-01	1.391273358335807786e-01	-2.408007489409748625e-01
-2.111775784429418545e-01	6.629774604273847016e-02	-5.571369118702854811e-02	7.519968709360712322e-02	-7.636819991305533739e-02	8.530671137361151013e-02	-8.372113919190532494e-02	1.042750896631730040e-01	-8.566535024636867668e-02	9.081371564858453649e-02	-7.723377120842613019e-02	7.296189559243362877e-02	-1.181231471215047762e-01	9.743102653313702455e-02	-1.063682768999654887e-01	8.880882893498542874e-02	-9.238596508174395927e-02	1.408016576729468616e-01	-1.594268652715131740e-01	1.924561378077024598e-01	-9.933869381026275147e-02	1.086803557692830047e-01	-1.988669099134871832e-01	2.860264907944681800e-01	-4.374499708480550364e-01	9.077945525768810198e-02	-1.133141561921863216e-01	2.008243579341022766e-01	-5.943376869530052620e-01	9.999999999999985567e-01	-9.014760220882105102e-02	1.075244389290181679e-01	-2.150883170306497894e-01	2.314363276909147948e-01	-4.774679234709973685e-01	5.398422013743992692e-02	-7.065699068198515176e-02	1.697042012783743503e-01	-1.500036251358789485e-01	2.495435166649847547e-01
1.139730304591823340e-01	-3.937783592216954204e-02	3.244359315021753259e-02	-4.423077843838176676e-02	4.325430647899854847e-02	-5.708828244467718804e-02	5.483302822394299503e-02	-6.559766746104132851e-02	5.113279451666909864e-02	-5.169221702992703865e-02	6.236684767665153645e-02	-6.059884921624569126e-02	7.161528830952967883e-02	-5.858132793241755537e-02	5.681488117346510797e-02	-1.467757486947948720e-01	1.146163919656114777e-01	-8.930225808833976153e-02	7.790650764161061170e-02	-8.346534577462010052e-02	1.860770440472829801e-01	-1.773595123691927011e-01	1.064110313035692701e-01	-1.121220872605573626e-01	9.498220819041751362e-02	-7.187224509724002841e-01	2.464860476638633113e-01	-1.110963570085148205e-01	9.524895890588887248e-02	-9.014760220882105102e-02	9.999999999999971134e-01	-3.147537498444552551e-01	1.735535369302571018e-01	-1.400519281098312752e-01	9.313605703652834411e-02	-4.075553877179250994e-01	2.711397521226426299e-01	-1.509247123168587223e-01	9.567616361296200911e-02	-1.222233705948612137e-01
-1.290128049259975929e-01	4.270293489579244511e-02	-3.542050227070904500e-02	4.784406214123031187e-02	-4.733391427665838841e-02	6.019452483479888205e-02	-5.845366619198730934e-02	6.992543147176903673e-02	-5.531432958204919592e-02	5.597479840535474205e-02	-6.389422683483950149e-02	6.082154484845073844e-02	-7.805459622315853718e-02	6.301913188398093613e-02	-6.241850305555141087e-02	1.158241164941688217e-01	-1.153417921682596131e-01	9.621286355852215477e-02	-8.729698949809305830e-02	9.221684253573375623e-02	-1.608953813946645273e-01	1.636065197652875336e-01	-1.496769954774668232e-01	1.309251959963992351e-01	-1.120097860676168428e-01	2.599545879661052106e-01	-7.749127214810449527e-01	1.580228448436533928e-01	-1.229148762594991368e-01	1.075244389290181679e-01	-3.147537498444552551e-01	9.999999999999993339e-01	-3.596763216211180114e-01	1.740543020514114525e-01	-1.112458079874095451e-01	1.410895502207139274e-01	-1.865456718682725057e-01	1.546776597491483218e-01	-1.054893217767800262e-01	1.360706082251530447e-01
2.148786884037525990e-01	-7.236717858746197218e-02	5.932215825978293805e-02	-8.158411707660723211e-02	7.902563709989399166e-02	-9.519728788212863946e-02	9.068256688647051422e-02	-1.155080621395929014e-01	8.993285768660230772e-02	-9.503589657795363799e-02	8.713822395233006279e-02	-8.421577937696829441e-02	1.199756303744706765e-01	-1.031157164664891629e-01	1.030909349509439993e-01	-1.246623452459378611e-01	1.189382826435185503e-01	-1.485629497209914052e-01	1.378634360263225889e-01	-1.612877333283616044e-01	1.416920067683682394e-01	-1.582171027121536677e-01	1.833154485602208061e-01	-2.309574761645259988e-01	1.970942911224632110e-01	-1.866307273983347226e-01	2.332246223124093965e-01	-2.196650821885411387e-01	2.028978706285032296e-01	-2.150883170306497894e-01	1.735535369302571018e-01	-3.596763216211180114e-01	9.999999999999980016e-01	-5.729834950661967241e-01	2.582855372108375791e-01	-1.126938424077466999e-01	1.378010218822975363e-01	-4.126725087560157990e-01	2.649943246123386276e-01	-3.435851365585264050e-01
-2.348908633881048591e-01	6.809158685049838955e-02	-5.696157781230433426e-02	7.470412822753762228e-02	-7.496113972203506670e-02	8.922157811204885214e-02	-8.645492007694619008e-02	1.029396463122441152e-01	-8.275758512958990287e-02	8.605098265027832927e-02	-8.011166240986637710e-02	7.525367617983105828e-02	-1.109344385006583861e-01	9.259689714639869618e-02	-9.716148868101681657e-02	9.886064781995494710e-02	-9.901353573837504141e-02	1.281605825066841897e-01	-1.297851533636118493e-01	1.466163756954322328e-01	-1.164379114065871162e-01	1.211279509859025660e-01	-1.620936631697503238e-01	1.992393824352304554e-01	-2.171008616014138415e-01	1.304086459104063511e-01	-1.742222876493625394e-01	1.622733445587172807e-01	-2.315271482711383222e-01	2.314363276909147948e-01	-1.400519281098312752e-01	1.740543020514114525e-01	-5.729834950661967241e-01	9.999999999999983347e-01	-4.842963180748754981e-01	8.517169854737069445e-02	-1.143370606726787087e-01	2.925737078075154041e-01	-4.083497430282540530e-01	3.156513203898920761e-01
1.850108574177979359e-01	-5.715271090071673277e-02	4.760393125249594987e-02	-6.399231622478869508e-02	6.376948684230734909e-02	-7.385068634231670148e-02	7.149765163590623973e-02	-8.866915365161355533e-02	7.116078299834785459e-02	-7.549071354461284189e-02	6.568463109740421690e-02	-6.230363093809702241e-02	9.556219799347202837e-02	-8.078598158281265207e-02	8.503570384907002677e-02	-7.863060885528161403e-02	7.910687191341529700e-02	-1.142891848955861905e-01	1.180205699181473139e-01	-1.439218902864722871e-01	8.828956776513012528e-02	-9.534871010788333046e-02	1.391968960527487642e-01	-2.080657166404908665e-01	2.184439253926222235e-01	-9.156748562128159963e-02	1.110149869475391543e-01	-1.463449630966319470e-01	2.401110686718387344e-01	-4.774679234709973685e-01	9.313605703652834411e-02	-1.112458079874095451e-01	2.582855372108375791e-01	-4.842963180748754981e-01	9.999999999999982236e-01	-5.990640803107059875e-02	7.830630899700460890e-02	-2.530993288553664011e-01	2.456954515935124705e-01	-5.885029454728537557e-01
-7.139164002908401918e-02	2.335057703952586952e-02	-1.931568092800489689e-02	2.600793364132427538e-02	-2.559744965875852124e-02	3.301955876438664172e-02	-3.180295553059005187e-02	3.782372154327356961e-02	-2.969896768541014503e-02	3.016724213585689901e-02	-3.456119321135113498e-02	3.319651799063232794e-02	-4.109016690746412209e-02	3.375319041779409335e-02	-3.332565136147046247e-02	7.062536115261405789e-02	-5.873073486150760802e-02	4.997263060348036690e-02	-4.494861150819080137e-02	4.850872878785009862e-02	-9.130522969376507481e-02	8.552571994045153614e-02	-5.983792378567467929e-02	6.441296994484567440e-02	-5.756786189097287676e-02	2.256371672272867446e-01	-1.257868227467737188e-01	6.100534062239795774e-02	-5.690904265186289002e-02	5.398422013743992692e-02	-4.075553877179250994e-01	1.410895502207139274e-01	-1.126938424077466999e-01	8.517169854737069445e-02	-5.990640803107059875e-02	9.999999999999985567e-01	-8.568560678934307173e-01	1.135519569422626385e-01	-7.441508075459472848e-02	7.649263360044220028e-02
9.042665574119475302e-02	-3.019989990088724555e-02	2.490480961417595313e-02	-3.375875835139417747e-02	3.305414483625214450e-02	-4.267252241379512756e-02	4.094302036223743113e-02	-4.921115977409966369e-02	3.845463790209824317e-02	-3.921582574814305722e-02	4.445233541635149055e-02	-4.300881632350990469e-02	5.302213428374641380e-02	-4.385963009736998375e-02	4.308129169961863458e-02	-9.299884780028765119e-02	7.533514223774309682e-02	-6.505766990727954169e-02	5.804787364375160741e-02	-6.329181936167804778e-02	1.124005649201155754e-01	-1.121683173127194649e-01	7.576731085252606801e-02	-8.428972476473708952e-02	7.414158164890813363e-02	-2.935675582684042495e-01	1.488827985748253091e-01	-7.822443808230582218e-02	7.314509891260483065e-02	-7.065699068198515176e-02	2.711397521226426299e-01	-1.865456718682725057e-01	1.378010218822975363e-01	-1.143370606726787087e-01	7.830630899700460890e-02	-8.568560678934307173e-01	9.999999999999990008e-01	-1.664303169552846517e-01	9.670771239719881673e-02	-1.036630998627729172e-01
-2.459323155791097726e-01	6.698215912333091437e-02	-5.625235931962835334e-02	7.215992000977924925e-02	-7.278732211085027493e-02	8.802895050047136738e-02	-8.530391389169481031e-02	9.837849526605758899e-02	-7.919910994868042953e-02	8.169731539147721822e-02	-7.798836196890027161e-02	7.269463447971083458e-02	-1.050966380903018971e-01	8.762355772598717785e-02	-9.215081558509627402e-02	9.479902860934563691e-02	-9.360175345822357995e-02	1.179905249574964288e-01	-1.181427763054189728e-01	1.313129522459832443e-01	-1.126824185900030528e-01	1.140812537123740006e-01	-1.393862103464396096e-01	1.683455982575812193e-01	-1.847402908786880960e-01	1.348562784779030466e-01	-1.571860415342554718e-01	1.358092443265295490e-01	-1.748209204138041484e-01	1.697042012783743503e-01	-1.509247123168587223e-01	1.546776597491483218e-01	-4.126725087560157990e-01	2.925737078075154041e-01	-2.530993288553664011e-01	1.135519569422626385e-01	-1.664303169552846517e-01	9.999999999999984457e-01	-7.073236491329751852e-01	2.904543251809886817e-01
1.615804557739769498e-01	-4.607442834413819077e-02	3.855498340214584541e-02	-5.031051541081638101e-02	5.047222534627008456e-02	-6.029072094065500431e-02	5.835459562566965713e-02	-6.905963641792810248e-02	5.544999477865884818e-02	-5.768961531924210462e-02	5.360993702436102348e-02	-5.032826450943615748e-02	7.386878954674812314e-02	-6.189977095435654497e-02	6.494224736970821699e-02	-6.583601740361462451e-02	6.492893640546087974e-02	-8.476712290077503820e-02	8.543847964626355429e-02	-9.721873628030527903e-02	7.658596426222938347e-02	-7.947057497251988623e-02	1.007560518809349215e-01	-1.295716511389573000e-01	1.397203778230838023e-01	-9.087123891943037213e-02	1.042259824656570355e-01	-1.003943603668522033e-01	1.391273358335807786e-01	-1.500036251358789485e-01	9.567616361296200911e-02	-1.054893217767800262e-01	2.649943246123386276e-01	-4.083497430282540530e-01	2.456954515935124705e-01	-7.441508075459472848e-02	9.670771239719881673e-02	-7.073236491329751852e-01	9.999999999999984457e-01	-4.813259356899013408e-01
