1.000000000000000000e+00	-4.655569294424947713e-01	2.546659693488488863e-01	-2.332473358960303333e-01	2.108561473113281792e-01	-3.029985743801357212e-01	2.817309869838167669e-01	-3.706336662796163028e-01	2.052416327635862292e-01	-2.231890051799537422e-01	2.562890711798769261e-01	-2.557341858184581929e-01	2.394562770640864258e-01	-1.637654427336739105e-01	1.941041146970730047e-01	-2.288452313323174891e-01	2.021366086325849243e-01	-2.526114046667384261e-01	1.882380920673628055e-01	-1.555536537514532469e-01	1.847231985964159218e-01	-3.049068550387272203e-01	1.923233457664893231e-01	-2.301414477921133461e-01	2.353782946921959551e-01	-1.377570062435343745e-01	1.410424905782127203e-01	-1.679743640546909333e-01	1.409729810398105132e-01	-2.314182804819939487e-01	1.307325509935958197e-01	-1.372336738686506519e-01	1.572143636304645653e-01	-1.322343190878897123e-01	1.812403749897590621e-01	-1.650208120368873432e-01	1.354534838304143618e-01	-1.160093903201737248e-01	1.528826469314675252e-01	-4.098510481446330234e-01
-4.655569294424947713e-01	1.000000000000000444e+00	-6.520253936748723333e-01	2.395860139684032886e-01	-2.430241996367027424e-01	1.815540439592752131e-01	-3.187195840617823017e-01	3.203629339716815849e-01	-2.103629974198053532e-01	1.880681082097978019e-01	-2.229575572775680248e-01	1.929299776388030130e-01	-2.105882581161750700e-01	1.442881393939861034e-01	-1.727064728412492367e-01	1.441949339859100454e-01	-1.526335664865079156e-01	1.744232272658301219e-01	-1.639341374013261188e-01	1.267289186057921624e-01	-1.228245577000958988e-01	1.755191935375843559e-01	-1.259200863629151568e-01	1.448573030460682531e-01	-1.710370222308487953e-01	8.466357629255540085e-02	-8.832869343218928415e-02	1.040988707174903272e-01	-8.718158911122908528e-02	1.240417629724091947e-01	-8.283395881188659882e-02	8.386085986879723841e-02	-9.937926137598038223e-02	7.955551444030233010e-02	-1.000985992429940796e-01	9.631287959690165712e-02	-8.355235351304568514e-02	7.115479089907568444e-02	-9.573597918681411856e-02	1.932001496718976918e-01
2.546659693488488863e-01	-6.520253936748723333e-01	1.000000000000000444e+00	-3.565591975049605677e-01	2.148808082148006282e-01	-1.282176787401883011e-01	2.219150707724214799e-01	-5.601086639256868116e-01	2.083594999803369541e-01	-1.814228929017556169e-01	1.505203837446490445e-01	-1.541992349078856184e-01	1.669231218360648084e-01	-1.240561176787415287e-01	1.390564686291069219e-01	-1.135017519123589086e-01	1.176333025713662550e-01	-1.406950980499584725e-01	1.317751455378378955e-01	-1.031022983248678221e-01	9.469640810589317892e-02	-1.394052085709136246e-01	9.829203045483667078e-02	-1.145925078940265296e-01	1.307552386962611279e-01	-6.576526257946894993e-02	6.838576713195926304e-02	-8.126401913664348109e-02	6.742743001585851936e-02	-9.741537074245212868e-02	6.379092133769305450e-02	-6.511110103051927223e-02	7.656539696420205932e-02	-6.177047069130532642e-02	7.777103490290065979e-02	-7.492580424789986593e-02	6.437873477026702373e-02	-5.493809512835981512e-02	7.343019106445428101e-02	-1.521467548991500274e-01
-2.332473358960303333e-01	2.395860139684032886e-01	-3.565591975049605677e-01	1.000000000000000444e+00	-5.828043973187232440e-01	1.099145511748163273e-01	-1.791732862568820583e-01	2.558953066888538519e-01	-5.522993834090954568e-01	3.199354325917893593e-01	-1.376545507581784789e-01	1.516688994774320898e-01	-2.125397952438543292e-01	1.995572149175421084e-01	-2.141236587525523483e-01	1.185349174798338706e-01	-1.234476930913470799e-01	1.599029528604915540e-01	-1.991799350467047258e-01	1.481007980061384011e-01	-1.009089129066302187e-01	1.500729041291085086e-01	-1.118267579913024418e-01	1.341593764594923854e-01	-1.615429940993014513e-01	7.211967404576784257e-02	-7.611682054949721332e-02	9.157119219249973407e-02	-7.629590262077985685e-02	1.110679913915816053e-01	-7.022965730702521170e-02	7.244098956304648174e-02	-8.609717613747398801e-02	6.970405427235196183e-02	-8.808309646973752627e-02	8.303202511189770874e-02	-7.169133403238746316e-02	6.154461889785546591e-02	-8.236139648944251768e-02	1.673743693064227989e-01
2.108561473113281792e-01	-2.430241996367027424e-01	2.148808082148006282e-01	-5.828043973187232440e-01	9.999999999999997780e-01	-1.033625697546448896e-01	1.645742937788018112e-01	-2.519804654831690471e-01	3.146716885472445879e-01	-6.413804655728283510e-01	1.273740704993792383e-01	-1.478058495481141266e-01	1.837145045365069229e-01	-1.615290001865627989e-01	1.754022435402728952e-01	-1.222316971204712860e-01	1.205763913994831876e-01	-1.584309721677217841e-01	1.645249949437028458e-01	-1.314790592952213844e-01	1.028449353391611698e-01	-1.597904652246774915e-01	1.134785410342231682e-01	-1.376537434822738271e-01	1.559790643032727964e-01	-7.545368099496728431e-02	7.902727480908115776e-02	-9.510152976002497760e-02	7.932494619780257328e-02	-1.202770449260349844e-01	7.285159456531362099e-02	-7.586096284214814689e-02	8.908427551429069779e-02	-7.315141950886665245e-02	9.471982455483528296e-02	-8.839924713844660165e-02	7.499629555602022046e-02	-6.436718087574067049e-02	8.564390504263193205e-02	-1.904418464309768355e-01
-3.029985743801357212e-01	1.815540439592752131e-01	-1.282176787401883011e-01	1.099145511748163273e-01	-1.033625697546448896e-01	9.999999999999998890e-01	-4.497141204703187234e-01	2.030815446235126054e-01	-1.050186597416261497e-01	1.049883692288235415e-01	-7.877411150329821643e-01	2.065840957773656950e-01	-1.450182637617467851e-01	8.960118321905406746e-02	-1.038367755801847953e-01	1.418747802761710919e-01	-1.402443853015016284e-01	1.442684607061286151e-01	-1.002264259468913232e-01	8.056908903257962995e-02	-1.098298442555571824e-01	1.507726662679439167e-01	-9.742578493385009586e-02	1.094339653645360483e-01	-1.140768102641641912e-01	6.850617633929544092e-02	-6.883843809864884089e-02	8.056529169799733769e-02	-6.559881266937475641e-02	9.397410933037218805e-02	-6.544635400101778133e-02	6.535828458931730589e-02	-7.499618116424608405e-02	6.036437088824386094e-02	-7.492118683083806574e-02	7.508588501605886756e-02	-6.377878793572185068e-02	5.397233774749485985e-02	-7.149634136288074426e-02	1.523179052549001877e-01
2.817309869838167669e-01	-3.187195840617823017e-01	2.219150707724214799e-01	-1.791732862568820583e-01	1.645742937788018112e-01	-4.497141204703187234e-01	9.999999999999997780e-01	-4.402889718075015946e-01	1.715177943347874767e-01	-1.671681344816378645e-01	2.949905692415310532e-01	-4.924437838164854031e-01	2.374215658317311850e-01	-1.461095909351954603e-01	1.637057522000773813e-01	-2.146587818589151819e-01	2.336038970374629542e-01	-2.434561373839027598e-01	1.578784259404996393e-01	-1.270657282974426427e-01	1.613169453656317642e-01	-2.329343096237771193e-01	1.506812152606642752e-01	-1.678613318068214455e-01	1.730782714142101997e-01	-1.027836467130704007e-01	1.037077085222902206e-01	-1.225411108728048093e-01	9.828660776080017092e-02	-1.361407153833920913e-01	9.774500340364508655e-02	-9.819674047220407209e-02	1.127114018111421284e-01	-9.014437199713792870e-02	1.087299476772997930e-01	-1.116091455444804398e-01	9.518464724760164475e-02	-8.063105136284789975e-02	1.066129734398558737e-01	-2.137525324280371286e-01
-3.706336662796163028e-01	3.203629339716815849e-01	-5.601086639256868116e-01	2.558953066888538519e-01	-2.519804654831690471e-01	2.030815446235126054e-01	-4.402889718075015946e-01	1.000000000000000888e+00	-2.870880796346131358e-01	2.150036855820069981e-01	-2.515837060935944280e-01	2.303044383113969085e-01	-2.667168873829252052e-01	1.760335367493927605e-01	-2.027833511682989032e-01	1.611886378155834298e-01	-1.789179526415685395e-01	2.011796386838338724e-01	-1.918533378974585368e-01	1.466549664771695238e-01	-1.373368184295271910e-01	1.915285716719906384e-01	-1.396596103224297669e-01	1.592711076267577797e-01	-1.881143697923828295e-01	9.243472865462877552e-02	-9.643758784287387309e-02	1.138302025717321531e-01	-9.465349099476866312e-02	1.318709529878287490e-01	-9.052438994302861031e-02	9.116507134261414569e-02	-1.081775090917442006e-01	8.609032655092099806e-02	-1.064208130660189572e-01	1.037738761259653364e-01	-9.050083924111237965e-02	7.706280698313835997e-02	-1.036506908392968440e-01	2.006988694177309629e-01
2.052416327635862292e-01	-2.103629974198053532e-01	2.083594999803369541e-01	-5.522993834090954568e-01	3.146716885472445879e-01	-1.050186597416261497e-01	1.715177943347874767e-01	-2.870880796346131358e-01	1.000000000000001776e+00	-5.654679966241324962e-01	1.292977063045955277e-01	-1.645630178287229850e-01	2.285303053481991531e-01	-3.586744425076898168e-01	2.349774680280482531e-01	-1.268345486374235775e-01	1.309384922572625898e-01	-1.822412614177305323e-01	2.201452751040061662e-01	-1.801714406163847093e-01	1.061072878852780399e-01	-1.615533202033210547e-01	1.196651616798549145e-01	-1.472034172387193529e-01	1.670673076059853157e-01	-7.617993976184779525e-02	8.023650796005683816e-02	-9.784006540459178058e-02	8.039064719110716739e-02	-1.189553740972173479e-01	7.355995787243553574e-02	-7.656123191429568819e-02	9.028716771597686264e-02	-7.376362551645848642e-02	9.271511112884690820e-02	-8.768871255867678738e-02	7.503396209620684376e-02	-6.462439163217188753e-02	8.578885088871171516e-02	-1.774399169075228655e-01
-2.231890051799537422e-01	1.880681082097978019e-01	-1.814228929017556169e-01	3.199354325917893593e-01	-6.413804655728283510e-01	1.049883692288235415e-01	-1.671681344816378645e-01	2.150036855820069981e-01	-5.654679966241324962e-01	1.000000000000000444e+00	-1.330694657283416349e-01	1.516711848500703064e-01	-2.254789625767042449e-01	2.136906992195772292e-01	-2.411316885332005500e-01	1.205609594261284473e-01	-1.255966006734784979e-01	1.656708605733419049e-01	-2.192201990702790648e-01	1.621915863166358829e-01	-1.034050200233005007e-01	1.539710870438973367e-01	-1.170876827230191153e-01	1.413131319524814911e-01	-1.756153526441685542e-01	7.470199840086597098e-02	-7.930942711390626121e-02	9.561215913720519377e-02	-7.998048250521255786e-02	1.161222434961796945e-01	-7.295121387930858514e-02	7.542682739799498604e-02	-9.015199404730993293e-02	7.291725419677606845e-02	-9.225054179075703464e-02	8.628933215270694068e-02	-7.481297649528634297e-02	6.432249767026533560e-02	-8.627229290160179365e-02	1.725049795685965892e-01
2.562890711798769261e-01	-2.229575572775680248e-01	1.505203837446490445e-01	-1.376545507581784789e-01	1.273740704993792383e-01	-7.877411150329821643e-01	2.949905692415310532e-01	-2.515837060935944280e-01	1.292977063045955277e-01	-1.330694657283416349e-01	1.000000000000001998e+00	-2.660829895994840100e-01	1.754631155411768839e-01	-1.111744054900774270e-01	1.281525504861156239e-01	-2.019809697008694560e-01	1.715671258088627971e-01	-1.883886708095296736e-01	1.241507128516215058e-01	-1.011700469181890383e-01	1.432212421125323154e-01	-2.051785659939179551e-01	1.267972242918455339e-01	-1.436247975517738473e-01	1.452214239879613678e-01	-9.055130453243288857e-02	9.011095374685619552e-02	-1.056538839974236338e-01	8.540248904291823651e-02	-1.232472501052613578e-01	8.545838916945827646e-02	-8.586930485618113340e-02	9.752195754480728895e-02	-7.889255129075282980e-02	9.787695583609365424e-02	-9.896533007540112004e-02	8.328649460814754879e-02	-7.042827081549489499e-02	9.281816715066029677e-02	-2.013058639411584583e-01
-2.557341858184581929e-01	1.929299776388030130e-01	-1.541992349078856184e-01	1.516688994774320898e-01	-1.478058495481141266e-01	2.065840957773656950e-01	-4.924437838164854031e-01	2.303044383113969085e-01	-1.645630178287229850e-01	1.516711848500703064e-01	-2.660829895994840100e-01	1.000000000000002442e+00	-4.040989397382435677e-01	1.781934361470220995e-01	-1.967966314856089693e-01	2.399669809857254421e-01	-5.544373837091406410e-01	2.945940123179582315e-01	-1.888045700449036135e-01	1.443636463225057565e-01	-2.001308597225348873e-01	2.273608825242513787e-01	-1.684327422082801395e-01	1.713288290047935980e-01	-1.854687016438021363e-01	1.080847163291281110e-01	-1.097318985648304268e-01	1.278201132045717614e-01	-1.020524666195977564e-01	1.285549976286654850e-01	-1.056527508905677482e-01	1.012497297009359448e-01	-1.189056716183102547e-01	9.174497811527124180e-02	-1.044966795635207113e-01	1.110380542747691490e-01	-9.842917389504414472e-02	8.307740430168857049e-02	-1.111029941701955903e-01	1.888341499562951886e-01
2.394562770640864258e-01	-2.105882581161750700e-01	1.669231218360648084e-01	-2.125397952438543292e-01	1.837145045365069229e-01	-1.450182637617467851e-01	2.374215658317311850e-01	-2.667168873829252052e-01	2.285303053481991531e-01	-2.254789625767042449e-01	1.754631155411768839e-01	-4.040989397382435677e-01	9.999999999999984457e-01	-4.599712449738759257e-01	2.715944222853030610e-01	-2.225515054630982370e-01	2.657559163274699210e-01	-4.971526426318578218e-01	2.620253451325267324e-01	-2.258708693206801787e-01	1.773979924713000311e-01	-2.608514081396004491e-01	2.037880870361205854e-01	-2.287962500744649685e-01	2.229784147125249139e-01	-1.189252281516085807e-01	1.247721646298646375e-01	-1.567440254585296122e-01	1.211980002389515115e-01	-1.656303705896309542e-01	1.135924711601954129e-01	-1.178089362034868137e-01	1.376954554727995994e-01	-1.107665107727240639e-01	1.294741915991407533e-01	-1.313716145521064138e-01	1.126868043190284718e-01	-9.724568521586571257e-02	1.275197923269749678e-01	-2.438605464954877733e-01
-1.637654427336739105e-01	1.442881393939861034e-01	-1.240561176787415287e-01	1.995572149175421084e-01	-1.615290001865627989e-01	8.960118321905406746e-02	-1.461095909351954603e-01	1.760335367493927605e-01	-3.586744425076898168e-01	2.136906992195772292e-01	-1.111744054900774270e-01	1.781934361470220995e-01	-4.599712449738759257e-01	9.999999999999997780e-01	-5.513094204111881336e-01	1.275236347523777403e-01	-1.415341971588511549e-01	2.150960352690568789e-01	-5.013056033111804588e-01	2.852255057823032125e-01	-1.063486940466925046e-01	1.606515408680565249e-01	-1.274934152994770808e-01	1.602328848714902609e-01	-1.879919964316595915e-01	7.549461638972276845e-02	-8.036975893020306683e-02	1.002739970125584579e-01	-8.109279963462172336e-02	1.202500692648393876e-01	-7.268062697934223049e-02	7.627706689383939587e-02	-9.044878236480967393e-02	7.412474630867696423e-02	-9.169320132876282448e-02	8.598133750902881012e-02	-7.381074447045272990e-02	6.411533206584067723e-02	-8.459097670526127821e-02	1.693394855612356809e-01
1.941041146970730047e-01	-1.727064728412492367e-01	1.390564686291069219e-01	-2.141236587525523483e-01	1.754022435402728952e-01	-1.038367755801847953e-01	1.637057522000773813e-01	-2.027833511682989032e-01	2.349774680280482531e-01	-2.411316885332005500e-01	1.281525504861156239e-01	-1.967966314856089693e-01	2.715944222853030610e-01	-5.513094204111881336e-01	9.999999999999996669e-01	-1.557372523479577109e-01	1.578661293446208813e-01	-2.434669842455638722e-01	3.319311987754445248e-01	-5.612296517955308595e-01	1.292834987751606546e-01	-2.049645511290655586e-01	1.569994799218380199e-01	-2.132249246928090980e-01	2.465846243177412245e-01	-9.553619261004225871e-02	1.015535371035882761e-01	-1.277680020812133888e-01	1.040252956653610755e-01	-1.649893674544772315e-01	9.138634311546842137e-02	-9.727658653415816037e-02	1.145408240242953429e-01	-9.596554464050528754e-02	1.220862166924121944e-01	-1.108062425557968383e-01	9.394021769631125118e-02	-8.193439596839532935e-02	1.075101674202590674e-01	-2.291128548367170059e-01
-2.288452313323174891e-01	1.441949339859100454e-01	-1.135017519123589086e-01	1.185349174798338706e-01	-1.222316971204712860e-01	1.418747802761710919e-01	-2.146587818589151819e-01	1.611886378155834298e-01	-1.268345486374235775e-01	1.205609594261284473e-01	-2.019809697008694560e-01	2.399669809857254421e-01	-2.225515054630982370e-01	1.275236347523777403e-01	-1.557372523479577109e-01	9.999999999999984457e-01	-4.524420096331837615e-01	2.473777863554103285e-01	-1.520794045635755487e-01	1.197141242376504322e-01	-6.772249551051534588e-01	2.978290254724764163e-01	-1.850771971662779347e-01	1.710215730696867664e-01	-1.859934215622752740e-01	1.680286850873172477e-01	-1.429383713169319059e-01	1.433810532802498594e-01	-1.134302820298383196e-01	1.233396479771959736e-01	-1.634501099694735671e-01	1.255259575312371589e-01	-1.383362174923995491e-01	1.005691076893674984e-01	-1.039416882510606627e-01	1.304409984570837344e-01	-1.200265328308208340e-01	9.566886118691556029e-02	-1.285527107126192836e-01	1.730929756237346850e-01
2.021366086325849243e-01	-1.526335664865079156e-01	1.176333025713662550e-01	-1.234476930913470799e-01	1.205763913994831876e-01	-1.402443853015016284e-01	2.336038970374629542e-01	-1.789179526415685395e-01	1.309384922572625898e-01	-1.255966006734784979e-01	1.715671258088627971e-01	-5.544373837091406410e-01	2.657559163274699210e-01	-1.415341971588511549e-01	1.578661293446208813e-01	-4.524420096331837615e-01	9.999999999999994449e-01	-5.240161051035389095e-01	1.552254873821830583e-01	-1.227427137625745068e-01	2.416655014174369787e-01	-2.839717721681152551e-01	1.878211236317453847e-01	-1.762985846236608256e-01	1.710900519668681619e-01	-1.180724646388902760e-01	1.153983148240212836e-01	-1.363325417927647443e-01	1.022368185491100007e-01	-1.188618062237249556e-01	1.112708130470232981e-01	-1.050954403244176716e-01	1.205188224630012045e-01	-9.161594478999782187e-02	9.727471024136552513e-02	-1.116399539680175412e-01	9.908834673622865519e-02	-8.329828006539072294e-02	1.099748210107880930e-01	-1.704432764034369274e-01
-2.526114046667384261e-01	1.744232272658301219e-01	-1.406950980499584725e-01	1.599029528604915540e-01	-1.584309721677217841e-01	1.442684607061286151e-01	-2.434561373839027598e-01	2.011796386838338724e-01	-1.822412614177305323e-01	1.656708605733419049e-01	-1.883886708095296736e-01	2.945940123179582315e-01	-4.971526426318578218e-01	2.150960352690568789e-01	-2.434669842455638722e-01	2.473777863554103285e-01	-5.240161051035389095e-01	1.000000000000003331e+00	-2.453705754305971765e-01	1.813377605170218565e-01	-2.254921258013917185e-01	2.650911341899007678e-01	-3.470380143657514349e-01	2.408771102554549681e-01	-2.451019355497071617e-01	1.332401603770808074e-01	-1.488145678926184046e-01	1.883353167611906132e-01	-1.416803312373960400e-01	1.551439159508777310e-01	-1.323940130765890733e-01	1.330334749008530992e-01	-1.666705552339306506e-01	1.233778484810538062e-01	-1.281921724055981315e-01	1.391247831023490478e-01	-1.274685269289613232e-01	1.108103733494354703e-01	-1.480696464341651475e-01	2.138668907566494970e-01
1.882380920673628055e-01	-1.639341374013261188e-01	1.317751455378378955e-01	-1.991799350467047258e-01	1.645249949437028458e-01	-1.002264259468913232e-01	1.578784259404996393e-01	-1.918533378974585368e-01	2.201452751040061662e-01	-2.192201990702790648e-01	1.241507128516215058e-01	-1.888045700449036135e-01	2.620253451325267324e-01	-5.013056033111804588e-01	3.319311987754445248e-01	-1.520794045635755487e-01	1.552254873821830583e-01	-2.453705754305971765e-01	9.999999999999991118e-01	-6.232938289211973348e-01	1.270763923162628595e-01	-2.013737722622961634e-01	1.599603480199460470e-01	-2.283865311034462831e-01	2.549185642221848402e-01	-9.433238557429407534e-02	1.010438434908534772e-01	-1.281753671368014158e-01	1.043423399202112051e-01	-1.643556670287622534e-01	9.037752051009086129e-02	-9.656135661002349102e-02	1.143953482597249577e-01	-9.590928325360015272e-02	1.211781311176618331e-01	-1.093493003695314714e-01	9.306718069463078280e-02	-8.147655295500562389e-02	1.069013958884376531e-01	-2.239675053063875099e-01
-1.555536537514532469e-01	1.267289186057921624e-01	-1.031022983248678221e-01	1.481007980061384011e-01	-1.314790592952213844e-01	8.056908903257962995e-02	-1.270657282974426427e-01	1.466549664771695238e-01	-1.801714406163847093e-01	1.621915863166358829e-01	-1.011700469181890383e-01	1.443636463225057565e-01	-2.258708693206801787e-01	2.852255057823032125e-01	-5.612296517955308595e-01	1.197141242376504322e-01	-1.227427137625745068e-01	1.813377605170218565e-01	-6.232938289211973348e-01	1.000000000000000888e+00	-1.027266063246863037e-01	1.611580025921176273e-01	-1.371290993649051659e-01	1.980954176049370685e-01	-3.968471321389318573e-01	7.770244481192346842e-02	-8.481316454786892722e-02	1.078761587285970991e-01	-9.038595612575099636e-02	1.477264540308897978e-01	-7.511376417307920328e-02	8.065127816154377127e-02	-9.763396348931517588e-02	8.224103521801251482e-02	-1.087135378569178690e-01	9.052209104059581735e-02	-7.807816565170944134e-02	6.889312783892546921e-02	-9.102367387993533232e-02	1.843919500633261488e-01
1.847231985964159218e-01	-1.228245577000958988e-01	9.469640810589317892e-02	-1.009089129066302187e-01	1.028449353391611698e-01	-1.098298442555571824e-01	1.613169453656317642e-01	-1.373368184295271910e-01	1.061072878852780399e-01	-1.034050200233005007e-01	1.432212421125323154e-01	-2.001308597225348873e-01	1.773979924713000311e-01	-1.063486940466925046e-01	1.292834987751606546e-01	-6.772249551051534588e-01	2.416655014174369787e-01	-2.254921258013917185e-01	1.270763923162628595e-01	-1.027266063246863037e-01	1.000000000000003331e+00	-5.351120994115249330e-01	1.855365327441439727e-01	-1.726716900685747180e-01	1.649946835245625909e-01	-2.541849971604561720e-01	1.582553046679413267e-01	-1.510536774483098033e-01	1.109930012302564606e-01	-1.159098407538237535e-01	1.823586104227813975e-01	-1.393394832823342255e-01	1.371612506850924396e-01	-9.991424800531922834e-02	9.704081162662235582e-02	-1.405904985168939247e-01	1.237569259246987102e-01	-9.600709171189347746e-02	1.248287896939767605e-01	-1.622472904802502724e-01
-3.049068550387272203e-01	1.755191935375843559e-01	-1.394052085709136246e-01	1.500729041291085086e-01	-1.597904652246774915e-01	1.507726662679439167e-01	-2.329343096237771193e-01	1.915285716719906384e-01	-1.615533202033210547e-01	1.539710870438973367e-01	-2.051785659939179551e-01	2.273608825242513787e-01	-2.608514081396004491e-01	1.606515408680565249e-01	-2.049645511290655586e-01	2.978290254724764163e-01	-2.839717721681152551e-01	2.650911341899007678e-01	-2.013737722622961634e-01	1.611580025921176273e-01	-5.351120994115249330e-01	1.000000000000001110e+00	-3.695340997486777357e-01	2.584397148844481684e-01	-2.798600853296469015e-01	2.044431500087446063e-01	-2.363307599255370928e-01	2.285649874433257622e-01	-1.772804271107975005e-01	1.736065478122118810e-01	-2.074983595717093121e-01	1.880573941611490274e-01	-2.182863445540637326e-01	1.530725967395673848e-01	-1.498676556845331964e-01	1.844928989218638793e-01	-1.776360458168803058e-01	1.451527073893364439e-01	-1.967479099692753530e-01	2.332990125134658532e-01
1.923233457664893231e-01	-1.259200863629151568e-01	9.829203045483667078e-02	-1.118267579913024418e-01	1.134785410342231682e-01	-9.742578493385009586e-02	1.506812152606642752e-01	-1.396596103224297669e-01	1.196651616798549145e-01	-1.170876827230191153e-01	1.267972242918455339e-01	-1.684327422082801395e-01	2.037880870361205854e-01	-1.274934152994770808e-01	1.569994799218380199e-01	-1.850771971662779347e-01	1.878211236317453847e-01	-3.470380143657514349e-01	1.599603480199460470e-01	-1.371290993649051659e-01	1.855365327441439727e-01	-3.695340997486777357e-01	1.000000000000001332e+00	-5.784957608862811851e-01	2.542827368659368870e-01	-1.553564952461646276e-01	2.049927457239006934e-01	-4.854438357107028756e-01	1.991885812331520844e-01	-1.682394980906406490e-01	1.468900280736317732e-01	-1.824402558218414516e-01	2.291343460095686957e-01	-1.750141060086519151e-01	1.376854791137953060e-01	-1.666515300457491744e-01	1.517127712277924756e-01	-1.458067943545194034e-01	1.774785736048788143e-01	-2.126355832638135435e-01
-2.301414477921133461e-01	1.448573030460682531e-01	-1.145925078940265296e-01	1.341593764594923854e-01	-1.376537434822738271e-01	1.094339653645360483e-01	-1.678613318068214455e-01	1.592711076267577797e-01	-1.472034172387193529e-01	1.413131319524814911e-01	-1.436247975517738473e-01	1.713288290047935980e-01	-2.287962500744649685e-01	1.602328848714902609e-01	-2.132249246928090980e-01	1.710215730696867664e-01	-1.762985846236608256e-01	2.408771102554549681e-01	-2.283865311034462831e-01	1.980954176049370685e-01	-1.726716900685747180e-01	2.584397148844481684e-01	-5.784957608862811851e-01	1.000000000000004885e+00	-5.235159951666059630e-01	1.445996680168406545e-01	-1.889833899710858800e-01	2.593275321950914702e-01	-2.326606754211245631e-01	2.037719847488352609e-01	-1.467498170378597200e-01	1.653903326815419350e-01	-2.344315290030371812e-01	1.793294216647143002e-01	-1.707482199870542228e-01	1.650886935673376299e-01	-1.575437071856649052e-01	1.465713192455772029e-01	-1.986605587197521894e-01	2.391355155566091129e-01
2.353782946921959551e-01	-1.710370222308487953e-01	1.307552386962611279e-01	-1.615429940993014513e-01	1.559790643032727964e-01	-1.140768102641641912e-01	1.730782714142101997e-01	-1.881143697923828295e-01	1.670673076059853157e-01	-1.756153526441685542e-01	1.452214239879613678e-01	-1.854687016438021363e-01	2.229784147125249139e-01	-1.879919964316595915e-01	2.465846243177412245e-01	-1.859934215622752740e-01	1.710900519668681619e-01	-2.451019355497071617e-01	2.549185642221848402e-01	-3.968471321389318573e-01	1.649946835245625909e-01	-2.798600853296469015e-01	2.542827368659368870e-01	-5.235159951666059630e-01	1.000000000000002665e+00	-1.367017335299472447e-01	1.530573095288883800e-01	-2.057264463997206527e-01	1.753034225497925036e-01	-3.720298380689396334e-01	1.314463210639437440e-01	-1.471316921340864725e-01	1.796192221236850017e-01	-1.615402521567525229e-01	2.263256990681394021e-01	-1.642721180787210522e-01	1.405972857112413599e-01	-1.272836719661205318e-01	1.661334113430718018e-01	-3.649597754655747872e-01
-1.377570062435343745e-01	8.466357629255540085e-02	-6.576526257946894993e-02	7.211967404576784257e-02	-7.545368099496728431e-02	6.850617633929544092e-02	-1.027836467130704007e-01	9.243472865462877552e-02	-7.617993976184779525e-02	7.470199840086597098e-02	-9.055130453243288857e-02	1.080847163291281110e-01	-1.189252281516085807e-01	7.549461638972276845e-02	-9.553619261004225871e-02	1.680286850873172477e-01	-1.180724646388902760e-01	1.332401603770808074e-01	-9.433238557429407534e-02	7.770244481192346842e-02	-2.541849971604561720e-01	2.044431500087446063e-01	-1.553564952461646276e-01	1.445996680168406545e-01	-1.367017335299472447e-01	9.999999999999996669e-01	-3.955033206230377796e-01	1.879006878127950086e-01	-1.325309245004909209e-01	1.059486944757268706e-01	-7.715482490495817469e-01	2.636849320327026569e-01	-1.878737150513205834e-01	1.198773684209505919e-01	-9.304674908803910183e-02	2.311272793490641575e-01	-2.169983724900296229e-01	1.335539526994934667e-01	-1.682587769524089838e-01	1.412479378841630107e-01
1.410424905782127203e-01	-8.832869343218928415e-02	6.838576713195926304e-02	-7.611682054949721332e-02	7.902727480908115776e-02	-6.883843809864884089e-02	1.037077085222902206e-01	-9.643758784287387309e-02	8.023650796005683816e-02	-7.930942711390626121e-02	9.011095374685619552e-02	-1.097318985648304268e-01	1.247721646298646375e-01	-8.036975893020306683e-02	1.015535371035882761e-01	-1.429383713169319059e-01	1.153983148240212836e-01	-1.488145678926184046e-01	1.010438434908534772e-01	-8.481316454786892722e-02	1.582553046679413267e-01	-2.363307599255370928e-01	2.049927457239006934e-01	-1.889833899710858800e-01	1.530573095288883800e-01	-3.955033206230377796e-01	1.000000000000001110e+00	-4.138075896322893632e-01	1.763497808337329276e-01	-1.271607502893536135e-01	2.715739679034282483e-01	-6.599138310580772160e-01	2.568876103252248355e-01	-1.677469769722998716e-01	1.100935708088726234e-01	-2.636124102166972349e-01	2.388577599125452089e-01	-1.721822326454520158e-01	1.899033139254708569e-01	-1.643099347568799939e-01
-1.679743640546909333e-01	1.040988707174903272e-01	-8.126401913664348109e-02	9.157119219249973407e-02	-9.510152976002497760e-02	8.056529169799733769e-02	-1.225411108728048093e-01	1.138302025717321531e-01	-9.784006540459178058e-02	9.561215913720519377e-02	-1.056538839974236338e-01	1.278201132045717614e-01	-1.567440254585296122e-01	1.002739970125584579e-01	-1.277680020812133888e-01	1.433810532802498594e-01	-1.363325417927647443e-01	1.883353167611906132e-01	-1.281753671368014158e-01	1.078761587285970991e-01	-1.510536774483098033e-01	2.285649874433257622e-01	-4.854438357107028756e-01	2.593275321950914702e-01	-2.057264463997206527e-01	1.879006878127950086e-01	-4.138075896322893632e-01	1.000000000000001332e+00	-3.663534461715169943e-01	1.631248984309615346e-01	-1.852644533585047770e-01	2.609406501893326014e-01	-4.783803176380949651e-01	2.521287769483201435e-01	-1.461516354861364386e-01	2.019944418454915902e-01	-2.050958561800946267e-01	2.118896491670345661e-01	-2.581452776208051914e-01	1.955814692383808784e-01
1.409729810398105132e-01	-8.718158911122908528e-02	6.742743001585851936e-02	-7.629590262077985685e-02	7.932494619780257328e-02	-6.559881266937475641e-02	9.828660776080017092e-02	-9.465349099476866312e-02	8.039064719110716739e-02	-7.998048250521255786e-02	8.540248904291823651e-02	-1.020524666195977564e-01	1.211980002389515115e-01	-8.109279963462172336e-02	1.040252956653610755e-01	-1.134302820298383196e-01	1.022368185491100007e-01	-1.416803312373960400e-01	1.043423399202112051e-01	-9.038595612575099636e-02	1.109930012302564606e-01	-1.772804271107975005e-01	1.991885812331520844e-01	-2.326606754211245631e-01	1.753034225497925036e-01	-1.325309245004909209e-01	1.763497808337329276e-01	-3.663534461715169943e-01	1.000000000000000000e+00	-2.363281474544649541e-01	1.261163661951723858e-01	-1.800198908363271344e-01	2.668725990660809066e-01	-7.774699485059709536e-01	1.957102151810615198e-01	-1.699517062332545625e-01	1.505019400376308714e-01	-1.774632459867391543e-01	2.074523088057201314e-01	-2.096852383551432164e-01
-2.314182804819939487e-01	1.240417629724091947e-01	-9.741537074245212868e-02	1.110679913915816053e-01	-1.202770449260349844e-01	9.397410933037218805e-02	-1.361407153833920913e-01	1.318709529878287490e-01	-1.189553740972173479e-01	1.161222434961796945e-01	-1.232472501052613578e-01	1.285549976286654850e-01	-1.656303705896309542e-01	1.202500692648393876e-01	-1.649893674544772315e-01	1.233396479771959736e-01	-1.188618062237249556e-01	1.551439159508777310e-01	-1.643556670287622534e-01	1.477264540308897978e-01	-1.159098407538237535e-01	1.736065478122118810e-01	-1.682394980906406490e-01	2.037719847488352609e-01	-3.720298380689396334e-01	1.059486944757268706e-01	-1.271607502893536135e-01	1.631248984309615346e-01	-2.363281474544649541e-01	1.000000000000001554e+00	-1.074426033488879995e-01	1.222396370457941445e-01	-1.751274691019441831e-01	1.989103266917151835e-01	-7.448837196762446711e-01	1.322728340489155718e-01	-1.239988185547470922e-01	1.196574942503220718e-01	-1.673430089908458651e-01	3.081303861400814803e-01
1.307325509935958197e-01	-8.283395881188659882e-02	6.379092133769305450e-02	-7.022965730702521170e-02	7.285159456531362099e-02	-6.544635400101778133e-02	9.774500340364508655e-02	-9.052438994302861031e-02	7.355995787243553574e-02	-7.295121387930858514e-02	8.545838916945827646e-02	-1.056527508905677482e-01	1.135924711601954129e-01	-7.268062697934223049e-02	9.138634311546842137e-02	-1.634501099694735671e-01	1.112708130470232981e-01	-1.323940130765890733e-01	9.037752051009086129e-02	-7.511376417307920328e-02	1.823586104227813975e-01	-2.074983595717093121e-01	1.468900280736317732e-01	-1.467498170378597200e-01	1.314463210639437440e-01	-7.715482490495817469e-01	2.715739679034282483e-01	-1.852644533585047770e-01	1.261163661951723858e-01	-1.074426033488879995e-01	1.000000000000001110e+00	-3.463227443655139126e-01	1.813797011104069934e-01	-1.205099717426794531e-01	9.263515112809327101e-02	-3.532418660816093459e-01	2.282595071724806690e-01	-1.378088178675691555e-01	1.620937030492952680e-01	-1.458551980832321904e-01
-1.372336738686506519e-01	8.386085986879723841e-02	-6.511110103051927223e-02	7.244098956304648174e-02	-7.586096284214814689e-02	6.535828458931730589e-02	-9.819674047220407209e-02	9.116507134261414569e-02	-7.656123191429568819e-02	7.542682739799498604e-02	-8.586930485618113340e-02	1.012497297009359448e-01	-1.178089362034868137e-01	7.627706689383939587e-02	-9.727658653415816037e-02	1.255259575312371589e-01	-1.050954403244176716e-01	1.330334749008530992e-01	-9.656135661002349102e-02	8.065127816154377127e-02	-1.393394832823342255e-01	1.880573941611490274e-01	-1.824402558218414516e-01	1.653903326815419350e-01	-1.471316921340864725e-01	2.636849320327026569e-01	-6.599138310580772160e-01	2.609406501893326014e-01	-1.800198908363271344e-01	1.222396370457941445e-01	-3.463227443655139126e-01	1.000000000000000000e+00	-3.566275838557804723e-01	1.675530581267541674e-01	-1.095552814490445559e-01	2.733220041819804380e-01	-4.027515640947347819e-01	2.047409976366125761e-01	-2.291203348246878546e-01	1.578794525526768244e-01
1.572143636304645653e-01	-9.937926137598038223e-02	7.656539696420205932e-02	-8.609717613747398801e-02	8.908427551429069779e-02	-7.499618116424608405e-02	1.127114018111421284e-01	-1.081775090917442006e-01	9.028716771597686264e-02	-9.015199404730993293e-02	9.752195754480728895e-02	-1.189056716183102547e-01	1.376954554727995994e-01	-9.044878236480967393e-02	1.145408240242953429e-01	-1.383362174923995491e-01	1.205188224630012045e-01	-1.666705552339306506e-01	1.143953482597249577e-01	-9.763396348931517588e-02	1.371612506850924396e-01	-2.182863445540637326e-01	2.291343460095686957e-01	-2.344315290030371812e-01	1.796192221236850017e-01	-1.878737150513205834e-01	2.568876103252248355e-01	-4.783803176380949651e-01	2.668725990660809066e-01	-1.751274691019441831e-01	1.813797011104069934e-01	-3.566275838557804723e-01	1.000000000000000222e+00	-3.821019740773384799e-01	1.546674677401663756e-01	-2.586625020452561485e-01	2.424675518520174045e-01	-4.784537267084315593e-01	3.025701124263003305e-01	-2.205523976875187198e-01
-1.322343190878897123e-01	7.955551444030233010e-02	-6.177047069130532642e-02	6.970405427235196183e-02	-7.315141950886665245e-02	6.036437088824386094e-02	-9.014437199713792870e-02	8.609032655092099806e-02	-7.376362551645848642e-02	7.291725419677606845e-02	-7.889255129075282980e-02	9.174497811527124180e-02	-1.107665107727240639e-01	7.412474630867696423e-02	-9.596554464050528754e-02	1.005691076893674984e-01	-9.161594478999782187e-02	1.233778484810538062e-01	-9.590928325360015272e-02	8.224103521801251482e-02	-9.991424800531922834e-02	1.530725967395673848e-01	-1.750141060086519151e-01	1.793294216647143002e-01	-1.615402521567525229e-01	1.198773684209505919e-01	-1.677469769722998716e-01	2.521287769483201435e-01	-7.774699485059709536e-01	1.989103266917151835e-01	-1.205099717426794531e-01	1.675530581267541674e-01	-3.821019740773384799e-01	1.000000000000000666e+00	-2.395556953179156234e-01	1.593110799525289112e-01	-1.549947681508804243e-01	1.976933390142507074e-01	-2.778916750572307803e-01	1.923884602398715504e-01
1.812403749897590621e-01	-1.000985992429940796e-01	7.777103490290065979e-02	-8.808309646973752627e-02	9.471982455483528296e-02	-7.492118683083806574e-02	1.087299476772997930e-01	-1.064208130660189572e-01	9.271511112884690820e-02	-9.225054179075703464e-02	9.787695583609365424e-02	-1.044966795635207113e-01	1.294741915991407533e-01	-9.169320132876282448e-02	1.220862166924121944e-01	-1.039416882510606627e-01	9.727471024136552513e-02	-1.281921724055981315e-01	1.211781311176618331e-01	-1.087135378569178690e-01	9.704081162662235582e-02	-1.498676556845331964e-01	1.376854791137953060e-01	-1.707482199870542228e-01	2.263256990681394021e-01	-9.304674908803910183e-02	1.100935708088726234e-01	-1.461516354861364386e-01	1.957102151810615198e-01	-7.448837196762446711e-01	9.263515112809327101e-02	-1.095552814490445559e-01	1.546674677401663756e-01	-2.395556953179156234e-01	1.000000000000000666e+00	-1.203235814103435775e-01	1.085326566455596109e-01	-1.106078727788179783e-01	1.483525227030722815e-01	-5.105581389504112444e-01
-1.650208120368873432e-01	9.631287959690165712e-02	-7.492580424789986593e-02	8.303202511189770874e-02	-8.839924713844660165e-02	7.508588501605886756e-02	-1.116091455444804398e-01	1.037738761259653364e-01	-8.768871255867678738e-02	8.628933215270694068e-02	-9.896533007540112004e-02	1.110380542747691490e-01	-1.313716145521064138e-01	8.598133750902881012e-02	-1.108062425557968383e-01	1.304409984570837344e-01	-1.116399539680175412e-01	1.391247831023490478e-01	-1.093493003695314714e-01	9.052209104059581735e-02	-1.405904985168939247e-01	1.844928989218638793e-01	-1.666515300457491744e-01	1.650886935673376299e-01	-1.642721180787210522e-01	2.311272793490641575e-01	-2.636124102166972349e-01	2.019944418454915902e-01	-1.699517062332545625e-01	1.322728340489155718e-01	-3.532418660816093459e-01	2.733220041819804380e-01	-2.586625020452561485e-01	1.593110799525289112e-01	-1.203235814103435775e-01	1.000000000000000444e+00	-7.274214076041585209e-01	2.445558917421927214e-01	-3.162463313281384525e-01	1.769837301799190299e-01
1.354534838304143618e-01	-8.355235351304568514e-02	6.437873477026702373e-02	-7.169133403238746316e-02	7.499629555602022046e-02	-6.377878793572185068e-02	9.518464724760164475e-02	-9.050083924111237965e-02	7.503396209620684376e-02	-7.481297649528634297e-02	8.328649460814754879e-02	-9.842917389504414472e-02	1.126868043190284718e-01	-7.381074447045272990e-02	9.394021769631125118e-02	-1.200265328308208340e-01	9.908834673622865519e-02	-1.274685269289613232e-01	9.306718069463078280e-02	-7.807816565170944134e-02	1.237569259246987102e-01	-1.776360458168803058e-01	1.517127712277924756e-01	-1.575437071856649052e-01	1.405972857112413599e-01	-2.169983724900296229e-01	2.388577599125452089e-01	-2.050958561800946267e-01	1.505019400376308714e-01	-1.239988185547470922e-01	2.282595071724806690e-01	-4.027515640947347819e-01	2.424675518520174045e-01	-1.549947681508804243e-01	1.085326566455596109e-01	-7.274214076041585209e-01	1.000000000000000888e+00	-3.518108807260728055e-01	2.591623688026410410e-01	-1.705640781149968810e-01
-1.160093903201737248e-01	7.115479089907568444e-02	-5.493809512835981512e-02	6.154461889785546591e-02	-6.436718087574067049e-02	5.397233774749485985e-02	-8.063105136284789975e-02	7.706280698313835997e-02	-6.462439163217188753e-02	6.432249767026533560e-02	-7.042827081549489499e-02	8.307740430168857049e-02	-9.724568521586571257e-02	6.411533206584067723e-02	-8.193439596839532935e-02	9.566886118691556029e-02	-8.329828006539072294e-02	1.108103733494354703e-01	-8.147655295500562389e-02	6.889312783892546921e-02	-9.600709171189347746e-02	1.451527073893364439e-01	-1.458067943545194034e-01	1.465713192455772029e-01	-1.272836719661205318e-01	1.335539526994934667e-01	-1.721822326454520158e-01	2.118896491670345661e-01	-1.774632459867391543e-01	1.196574942503220718e-01	-1.378088178675691555e-01	2.047409976366125761e-01	-4.784537267084315593e-01	1.976933390142507074e-01	-1.106078727788179783e-01	2.445558917421927214e-01	-3.518108807260728055e-01	1.000000000000001110e+00	-7.236347026350662404e-01	1.615748316480582203e-01
1.528826469314675252e-01	-9.573597918681411856e-02	7.343019106445428101e-02	-8.236139648944251768e-02	8.564390504263193205e-02	-7.149634136288074426e-02	1.066129734398558737e-01	-1.036506908392968440e-01	8.578885088871171516e-02	-8.627229290160179365e-02	9.281816715066029677e-02	-1.111029941701955903e-01	1.275197923269749678e-01	-8.459097670526127821e-02	1.075101674202590674e-01	-1.285527107126192836e-01	1.099748210107880930e-01	-1.480696464341651475e-01	1.069013958884376531e-01	-9.102367387993533232e-02	1.248287896939767605e-01	-1.967479099692753530e-01	1.774785736048788143e-01	-1.986605587197521894e-01	1.661334113430718018e-01	-1.682587769524089838e-01	1.899033139254708569e-01	-2.581452776208051914e-01	2.074523088057201314e-01	-1.673430089908458651e-01	1.620937030492952680e-01	-2.291203348246878546e-01	3.025701124263003305e-01	-2.778916750572307803e-01	1.483525227030722815e-01	-3.162463313281384525e-01	2.591623688026410410e-01	-7.236347026350662404e-01	1.000000000000001110e+00	-2.481527345433929277e-01
