1.000000000000000000e+00	-6.450669415718508493e-01	2.135468653487548885e-01	-1.450026251417595446e-01	1.380395422753219192e-01	-5.306673321322110670e-01	2.991217370891751659e-01	-2.666888607479741546e-01	1.345839622658328294e-01	-1.096521170680090362e-01	2.596363357044726428e-01	-2.713759410107156045e-01	1.833310503295540184e-01	-1.365880368756733076e-01	1.100414079149065610e-01	-1.119757480299046620e-01	1.378817521088280262e-01	-1.422196594108324219e-01	1.067326844572134559e-01	-1.278345266095361754e-01	8.707635537956545657e-02	-1.053080334199505280e-01	9.861030523984180840e-02	-1.185542989791318197e-01	8.489326022756789325e-02	-1.172425461596379309e-01	8.474546153681791760e-02	-9.054706825676607507e-02	8.769454891661400409e-02	-1.060672738495392203e-01	3.342884213978958297e-02	-6.619531752947566128e-02	6.868920641519037085e-02	-4.975297531264790546e-02	5.397172867040473526e-02	-3.656285488379991400e-02	5.514321245288152096e-02	-5.259802302756607512e-02	4.165441428021705861e-02	-4.892248238695975915e-02
-6.450669415718508493e-01	1.000000000000000222e+00	-3.469066289197885178e-01	1.587820381090626065e-01	-1.574440644712153670e-01	2.706580843052772689e-01	-5.222163571861651032e-01	2.497218811883069323e-01	-1.307427441099174581e-01	1.042616677092222666e-01	-2.424660036384812256e-01	2.392926540631183929e-01	-1.734394644289296572e-01	1.194758033116888746e-01	-1.017375482844862927e-01	9.335725733847489993e-02	-1.232609458139241193e-01	1.200543970946842676e-01	-9.221374764038627048e-02	1.084322601562193178e-01	-7.383959464185552157e-02	8.800685452093566508e-02	-8.372536871873702269e-02	9.929133128546661913e-02	-7.200529419890508431e-02	9.599841166309822094e-02	-7.123236894555215470e-02	7.562387847020882181e-02	-7.423547914005708404e-02	8.835712368661702287e-02	-2.768293711810910357e-02	5.526092415984546619e-02	-5.796638650369514284e-02	4.176630725279798645e-02	-4.560412138432847623e-02	3.009248656073893260e-02	-4.643641698233334780e-02	4.398549756989023063e-02	-3.495434070218383926e-02	4.075790548020829379e-02
2.135468653487548885e-01	-3.469066289197885178e-01	1.000000000000000000e+00	-5.280430609187836133e-01	2.867699999882206696e-01	-1.558913302155205682e-01	2.038511666330190819e-01	-6.324921521155932869e-01	1.977279355804899830e-01	-1.737577395106394695e-01	1.403795200020239720e-01	-1.519270324132094563e-01	1.812194860331646507e-01	-1.547048169258814221e-01	1.421821652351485110e-01	-8.585501474992132676e-02	1.121514724363874838e-01	-1.369643197641929599e-01	1.118565856858184798e-01	-1.386557319178665093e-01	7.286581473587705471e-02	-9.507167011427707093e-02	9.517225014597781307e-02	-1.174323914495893767e-01	8.804364589877113068e-02	-9.880169143597550274e-02	7.776022531028292661e-02	-8.647589995674698216e-02	8.620824087549865122e-02	-1.076331309811323217e-01	3.007110355040847061e-02	-6.163244943489833150e-02	6.543213017575494339e-02	-4.861836942597343864e-02	5.313409941568713463e-02	-3.273923492824855341e-02	5.200791303952229799e-02	-4.984931707037615345e-02	4.033724870323298489e-02	-4.726587664814178857e-02
-1.450026251417595446e-01	1.587820381090626065e-01	-5.280430609187836133e-01	1.000000000000000222e+00	-7.190139336587804131e-01	1.011713513183497837e-01	-1.339406841722994568e-01	2.842822071904333447e-01	-2.430923728658211380e-01	2.070330104020040030e-01	-9.872579074648152320e-02	1.023228626946868780e-01	-1.466748097264221340e-01	1.435244381174875239e-01	-1.592277876835201667e-01	6.588709313135408807e-02	-8.823471272340326077e-02	1.117207529407337890e-01	-9.869066986409538722e-02	1.230502466660978039e-01	-5.765527859305624725e-02	7.665459791512806154e-02	-7.915884429009632794e-02	9.835927418932212396e-02	-7.652930662872022005e-02	7.748692024274245194e-02	-6.332815919990215925e-02	7.109906381344022197e-02	-7.243239006845000882e-02	9.064385545301092972e-02	-2.409482746753792426e-02	5.017190133945106240e-02	-5.399524321526173731e-02	4.039498319265562298e-02	-4.446555342790078913e-02	2.611167537318983406e-02	-4.271269191411766752e-02	4.082731305721287729e-02	-3.334553256174292019e-02	3.884069925360074393e-02
1.380395422753219192e-01	-1.574440644712153670e-01	2.867699999882206696e-01	-7.190139336587804131e-01	1.000000000000000222e+00	-1.113908128283160326e-01	1.369650265093850794e-01	-3.797241324843969590e-01	2.519363779341030063e-01	-3.706152381450819600e-01	1.068176526149021005e-01	-1.153574638115077017e-01	1.739627711576187674e-01	-1.888199108733590315e-01	2.004839288480851356e-01	-8.245772810934252905e-02	1.080712284038763266e-01	-1.459119833239399810e-01	1.278577196402601590e-01	-1.685683698613446579e-01	7.274931398796487259e-02	-9.944681103765462549e-02	1.026113435435097587e-01	-1.304878336380428661e-01	1.014658357512456532e-01	-9.998976874961640338e-02	8.176166529286170437e-02	-9.338433233209295081e-02	9.436201985788229829e-02	-1.224318817935646925e-01	3.121852871462227341e-02	-6.526517981270646418e-02	6.980997513728103010e-02	-5.294352802188392187e-02	5.790584402462332914e-02	-3.397575995915204372e-02	5.520829053535040998e-02	-5.321864749554326701e-02	4.352052381462979957e-02	-5.107019780733661890e-02
-5.306673321322110670e-01	2.706580843052772689e-01	-1.558913302155205682e-01	1.011713513183497837e-01	-1.113908128283160326e-01	1.000000000000000666e+00	-3.952395239940764138e-01	1.823731932923217947e-01	-1.138816852150356523e-01	8.801946200255489350e-02	-6.370460074711324916e-01	2.926465864079464407e-01	-1.863106878447288728e-01	1.158145175712689823e-01	-9.348151041196549327e-02	1.136291988284399562e-01	-1.449935737373120037e-01	1.237570074799326236e-01	-9.243894167068082701e-02	1.058019733933814460e-01	-8.665412032448673030e-02	9.417332550298820881e-02	-8.712479089719693537e-02	1.008201107516652345e-01	-7.191358913959544630e-02	1.053314757563838522e-01	-7.615102621107840142e-02	7.835213093410509089e-02	-7.642971593634625971e-02	8.833305203213051571e-02	-2.951676843645463857e-02	5.812395416554988481e-02	-6.068404406855512634e-02	4.285610458841251219e-02	-4.680758559617721054e-02	3.197322818888310297e-02	-4.883943649652676411e-02	4.583096370699323019e-02	-3.603512526848186986e-02	4.183189773767813369e-02
2.991217370891751659e-01	-5.222163571861651032e-01	2.038511666330190819e-01	-1.339406841722994568e-01	1.369650265093850794e-01	-3.952395239940764138e-01	1.000000000000001332e+00	-2.828881673699998323e-01	1.391737532674574840e-01	-1.101831351433997241e-01	2.907942103410915413e-01	-5.681547431300776330e-01	2.164180966432026620e-01	-1.467561292286425900e-01	1.145108211555826982e-01	-1.273983019959177565e-01	1.616917324980193527e-01	-1.568883529302997903e-01	1.143813507491943104e-01	-1.332277183260468512e-01	9.569366021578040726e-02	-1.147046043868811954e-01	1.061378343449937978e-01	-1.257780109497576293e-01	8.913165411397468152e-02	-1.272073618950642915e-01	9.119767412269712270e-02	-9.619952859457162053e-02	9.293341532202717414e-02	-1.105317894100419363e-01	3.554923631979726995e-02	-7.040330753222838467e-02	7.288628080252126940e-02	-5.228066899313686677e-02	5.676203159111979646e-02	-3.879846146991016570e-02	5.859742267268212151e-02	-5.558443016954859456e-02	4.375386827917546878e-02	-5.116968522286777232e-02
-2.666888607479741546e-01	2.497218811883069323e-01	-6.324921521155932869e-01	2.842822071904333447e-01	-3.797241324843969590e-01	1.823731932923217947e-01	-2.828881673699998323e-01	1.000000000000001332e+00	-3.190037155899165811e-01	2.112569391079532899e-01	-1.900380910724067118e-01	1.917507073850726051e-01	-2.987926498069092829e-01	2.019539685422326869e-01	-1.959774177836985931e-01	1.097003490990512559e-01	-1.520428392995644418e-01	1.766890677823375055e-01	-1.478935363170087169e-01	1.714958845712401536e-01	-9.490663241048216681e-02	1.209457456617061832e-01	-1.239493538427194202e-01	1.477402096486136740e-01	-1.119441882206912708e-01	1.237688567749717222e-01	-1.002357294193695764e-01	1.095181146665708954e-01	-1.115537779782460881e-01	1.325592476003665254e-01	-3.821223276828893123e-02	7.866863321525986719e-02	-8.501601421910902345e-02	6.215237015293923611e-02	-6.880468909150053158e-02	4.120451652844007301e-02	-6.740274303355819896e-02	6.373166345407038635e-02	-5.177579919200767100e-02	5.982917714595948483e-02
1.345839622658328294e-01	-1.307427441099174581e-01	1.977279355804899830e-01	-2.430923728658211380e-01	2.519363779341030063e-01	-1.138816852150356523e-01	1.391737532674574840e-01	-3.190037155899165811e-01	1.000000000000000222e+00	-6.022998134386656766e-01	1.197435562903561568e-01	-1.306570594442141575e-01	2.500063349836713078e-01	-4.544388932037726758e-01	3.182439954486662170e-01	-1.155187552445896965e-01	1.522985374881784537e-01	-2.365765387779677209e-01	2.269845365089935008e-01	-2.938737455736087911e-01	1.056097778808653825e-01	-1.527383131966203456e-01	1.639366415319461479e-01	-2.178639275217064131e-01	1.690844939911039513e-01	-1.462475776810406858e-01	1.253473912237191568e-01	-1.475817697349203761e-01	1.505349506050494557e-01	-2.026804110754490407e-01	4.657695697918972505e-02	-1.002091809115075449e-01	1.077774558528983712e-01	-8.344165883061852029e-02	9.110718466720289788e-02	-5.061508455081396851e-02	8.478028329884763903e-02	-8.216471113863983711e-02	6.770683823949949498e-02	-7.953299624736946682e-02
-1.096521170680090362e-01	1.042616677092222666e-01	-1.737577395106394695e-01	2.070330104020040030e-01	-3.706152381450819600e-01	8.801946200255489350e-02	-1.101831351433997241e-01	2.112569391079532899e-01	-6.022998134386656766e-01	1.000000000000001110e+00	-9.432407555045956016e-02	1.002935013646364254e-01	-1.986435025625532258e-01	2.702150455276948748e-01	-5.798005691122406491e-01	8.290630559655856602e-02	-1.136455805070481218e-01	1.637609795227614184e-01	-1.702674807352106690e-01	2.211944829680465019e-01	-7.642708523374253105e-02	1.073975574997210330e-01	-1.184089309152593777e-01	1.509214807442714745e-01	-1.294634307490866998e-01	1.022924250154445686e-01	-8.999231034488879011e-02	1.038528399215838671e-01	-1.102252488427821475e-01	1.409269878498969064e-01	-3.287427194623257498e-02	7.107372739582716592e-02	-7.812983023159389417e-02	5.970158286976890577e-02	-6.644118178010993692e-02	3.538517596821581790e-02	-6.120047068525379802e-02	5.839793678350571615e-02	-4.848563747465171880e-02	5.594655049863470758e-02
2.596363357044726428e-01	-2.424660036384812256e-01	1.403795200020239720e-01	-9.872579074648152320e-02	1.068176526149021005e-01	-6.370460074711324916e-01	2.907942103410915413e-01	-1.900380910724067118e-01	1.197435562903561568e-01	-9.432407555045956016e-02	1.000000000000001332e+00	-5.824964707400962505e-01	2.050532461060096956e-01	-1.356335252529224378e-01	1.028766055505070526e-01	-1.593795274976534115e-01	1.730973796178684465e-01	-1.508285309595204793e-01	1.080930953115498833e-01	-1.244982927042107418e-01	1.071936712865646096e-01	-1.152933266876563084e-01	1.034884841637684766e-01	-1.206473528157766678e-01	8.452853575005561670e-02	-1.325323828344056876e-01	9.165676531604914634e-02	-9.395914643893568674e-02	9.010252948896126102e-02	-1.050401763515095843e-01	3.567853717563939514e-02	-6.970170764131894403e-02	7.167103950983726157e-02	-5.055795699907224272e-02	5.484754989335602349e-02	-3.883958595432134009e-02	5.789229846300945892e-02	-5.449721110599299589e-02	4.244992067247560508e-02	-4.949576018283387280e-02
-2.713759410107156045e-01	2.392926540631183929e-01	-1.519270324132094563e-01	1.023228626946868780e-01	-1.153574638115077017e-01	2.926465864079464407e-01	-5.681547431300776330e-01	1.917507073850726051e-01	-1.306570594442141575e-01	1.002935013646364254e-01	-5.824964707400962505e-01	1.000000000000001776e+00	-3.302289923797503968e-01	1.490846787476144686e-01	-1.120273980809618625e-01	1.490747195805922354e-01	-2.316942823207431001e-01	1.673681898803892898e-01	-1.189686487859634573e-01	1.310401429590521971e-01	-1.085725663267921859e-01	1.227874794260047364e-01	-1.121619682433225018e-01	1.276279703077141114e-01	-8.945925320255646018e-02	1.348826698152758574e-01	-9.672324360577953806e-02	9.874143983592804930e-02	-9.548001619897925063e-02	1.093988492345825680e-01	-3.682803158898477480e-02	7.283117861333461562e-02	-7.543504836861579521e-02	5.297295364130972378e-02	-5.769551907424594339e-02	3.992573738781014792e-02	-6.081960819973271370e-02	5.694963209189458919e-02	-4.440582201538364332e-02	5.147716580889335342e-02
1.833310503295540184e-01	-1.734394644289296572e-01	1.812194860331646507e-01	-1.466748097264221340e-01	1.739627711576187674e-01	-1.863106878447288728e-01	2.164180966432026620e-01	-2.987926498069092829e-01	2.500063349836713078e-01	-1.986435025625532258e-01	2.050532461060096956e-01	-3.302289923797503968e-01	1.000000000000001998e+00	-4.297742281160633615e-01	2.393394684483962642e-01	-1.763528730929108113e-01	2.253939127515670049e-01	-5.033320580407398825e-01	2.878382580340302921e-01	-3.080870820926022158e-01	1.518909317323978159e-01	-2.221658245038857782e-01	2.385217706501075730e-01	-2.888168504663637393e-01	1.979669565561397726e-01	-2.111112342348055448e-01	1.744990486930233231e-01	-2.025304688142124110e-01	1.953068877938626824e-01	-2.428090618684676516e-01	6.397217831783513775e-02	-1.368522716324560018e-01	1.435572474097882023e-01	-1.071162807260179761e-01	1.157462990386955159e-01	-6.975071863470407030e-02	1.137753376550469375e-01	-1.097897251211873426e-01	8.762713566212457228e-02	-1.028476252535675817e-01
-1.365880368756733076e-01	1.194758033116888746e-01	-1.547048169258814221e-01	1.435244381174875239e-01	-1.888199108733590315e-01	1.158145175712689823e-01	-1.467561292286425900e-01	2.019539685422326869e-01	-4.544388932037726758e-01	2.702150455276948748e-01	-1.356335252529224378e-01	1.490846787476144686e-01	-4.297742281160633615e-01	1.000000000000000666e+00	-4.893433862123415246e-01	1.207369215679899577e-01	-1.729549097158243065e-01	2.793808233764164539e-01	-4.586319009699498794e-01	2.900613656154871767e-01	-1.131286937641928086e-01	1.601044743556418737e-01	-1.938404154448671590e-01	2.368920081710642889e-01	-1.854999899266705499e-01	1.462841318012681469e-01	-1.352668245779768963e-01	1.534153024521643927e-01	-1.672709119726618343e-01	1.918599460700455839e-01	-4.717538978444765774e-02	1.039159856223360601e-01	-1.160785025206585858e-01	8.648608708843072423e-02	-9.726759811425536584e-02	5.027749491478807065e-02	-9.061153927387941009e-02	8.497414714469442298e-02	-7.019063584428389402e-02	7.951910509807241789e-02
1.100414079149065610e-01	-1.017375482844862927e-01	1.421821652351485110e-01	-1.592277876835201667e-01	2.004839288480851356e-01	-9.348151041196549327e-02	1.145108211555826982e-01	-1.959774177836985931e-01	3.182439954486662170e-01	-5.798005691122406491e-01	1.028766055505070526e-01	-1.120273980809618625e-01	2.393394684483962642e-01	-4.893433862123415246e-01	1.000000000000000444e+00	-1.032974316471416965e-01	1.403272353563382868e-01	-2.281913132042678594e-01	2.472419969400974360e-01	-4.336943119369194855e-01	9.660440531182661050e-02	-1.422518415291695038e-01	1.606231761453489060e-01	-2.171064126572918307e-01	1.921965945825314659e-01	-1.307142906383963465e-01	1.181026226976965021e-01	-1.410885484500510600e-01	1.497387450536671605e-01	-2.115192724263673385e-01	4.203122243769636529e-02	-9.308602599095901209e-02	1.019995511757741946e-01	-8.015078381907354832e-02	8.849386686087631904e-02	-4.527131702624230536e-02	7.960758078365359758e-02	-7.655868746200950037e-02	6.375302983157539460e-02	-7.387256162119090752e-02
-1.119757480299046620e-01	9.335725733847489993e-02	-8.585501474992132676e-02	6.588709313135408807e-02	-8.245772810934252905e-02	1.136291988284399562e-01	-1.273983019959177565e-01	1.097003490990512559e-01	-1.155187552445896965e-01	8.290630559655856602e-02	-1.593795274976534115e-01	1.490747195805922354e-01	-1.763528730929108113e-01	1.207369215679899577e-01	-1.032974316471416965e-01	1.000000000000000666e+00	-6.380969500859592358e-01	1.599383843151943874e-01	-1.201381134409453544e-01	1.242384299898799949e-01	-6.186364984847264603e-01	2.147954221917479922e-01	-1.558976259000267595e-01	1.460442087288646995e-01	-9.946297371955800659e-02	2.907771052188144467e-01	-1.833245753776070186e-01	1.385428208420783347e-01	-1.330938340313702339e-01	1.188087947544265444e-01	-6.590955462304522172e-02	1.174466506756742107e-01	-1.205446650514177542e-01	7.160709159755677955e-02	-7.918734010590251782e-02	6.748196995809030430e-02	-1.009216159900983845e-01	8.597139716474949678e-02	-6.226711403674102530e-02	6.877212434408717934e-02
1.378817521088280262e-01	-1.232609458139241193e-01	1.121514724363874838e-01	-8.823471272340326077e-02	1.080712284038763266e-01	-1.449935737373120037e-01	1.616917324980193527e-01	-1.520428392995644418e-01	1.522985374881784537e-01	-1.136455805070481218e-01	1.730973796178684465e-01	-2.316942823207431001e-01	2.253939127515670049e-01	-1.729549097158243065e-01	1.403272353563382868e-01	-6.380969500859592358e-01	1.000000000000000888e+00	-2.597548605798506438e-01	1.721135342347981934e-01	-1.832221967660000173e-01	3.043596717827049547e-01	-3.480037459350420193e-01	2.145566254842518339e-01	-2.190579283089444385e-01	1.411499330655006657e-01	-3.976370830769253018e-01	2.284893930333217749e-01	-1.949721824653297964e-01	1.757527085169771630e-01	-1.739694164028941781e-01	8.683763667651558937e-02	-1.586646801774768134e-01	1.526039193991324538e-01	-9.668139809988661459e-02	1.042417937069555489e-01	-9.475054633045655594e-02	1.272387400101423205e-01	-1.148503506143817854e-01	8.296083896516344425e-02	-9.472985585913636097e-02
-1.422196594108324219e-01	1.200543970946842676e-01	-1.369643197641929599e-01	1.117207529407337890e-01	-1.459119833239399810e-01	1.237570074799326236e-01	-1.568883529302997903e-01	1.766890677823375055e-01	-2.365765387779677209e-01	1.637609795227614184e-01	-1.508285309595204793e-01	1.673681898803892898e-01	-5.033320580407398825e-01	2.793808233764164539e-01	-2.281913132042678594e-01	1.599383843151943874e-01	-2.597548605798506438e-01	1.000000000000003553e+00	-5.358413628484737234e-01	2.672811267441623784e-01	-1.517557556955874409e-01	2.283951259436190762e-01	-4.131119537432851874e-01	2.958201516485838845e-01	-2.008515779903758680e-01	1.853929537245232462e-01	-1.873464783199365602e-01	2.055138517837760137e-01	-2.149247118276181867e-01	2.059614539496019137e-01	-5.841011211753220633e-02	1.329778669811970682e-01	-1.489791203370930128e-01	1.037958895585699565e-01	-1.164398067206603021e-01	6.148543133658210258e-02	-1.162543129066378467e-01	1.060765227575541647e-01	-8.457958573392387880e-02	9.379242238213117422e-02
1.067326844572134559e-01	-9.221374764038627048e-02	1.118565856858184798e-01	-9.869066986409538722e-02	1.278577196402601590e-01	-9.243894167068082701e-02	1.143813507491943104e-01	-1.478935363170087169e-01	2.269845365089935008e-01	-1.702674807352106690e-01	1.080930953115498833e-01	-1.189686487859634573e-01	2.878382580340302921e-01	-4.586319009699498794e-01	2.472419969400974360e-01	-1.201381134409453544e-01	1.721135342347981934e-01	-5.358413628484737234e-01	1.000000000000000222e+00	-4.638112356865178865e-01	1.149441591558359038e-01	-1.825901976854479025e-01	2.486025314047178580e-01	-4.191688953059889977e-01	2.288935871991804871e-01	-1.484801728924436404e-01	1.471793363986812486e-01	-1.760472322769136289e-01	1.898165117879066499e-01	-2.236484622018274082e-01	4.729657363052573726e-02	-1.095379349712084643e-01	1.216728379987165182e-01	-9.207946262076992239e-02	1.023655335899153890e-01	-5.018936754401964045e-02	9.441220784590910464e-02	-8.857857987419293089e-02	7.242755265251667185e-02	-8.149465014844882449e-02
-1.278345266095361754e-01	1.084322601562193178e-01	-1.386557319178665093e-01	1.230502466660978039e-01	-1.685683698613446579e-01	1.058019733933814460e-01	-1.332277183260468512e-01	1.714958845712401536e-01	-2.938737455736087911e-01	2.211944829680465019e-01	-1.244982927042107418e-01	1.310401429590521971e-01	-3.080870820926022158e-01	2.900613656154871767e-01	-4.336943119369194855e-01	1.242384299898799949e-01	-1.832221967660000173e-01	2.672811267441623784e-01	-4.638112356865178865e-01	1.000000000000001776e+00	-1.219266824656922293e-01	1.747664337889558994e-01	-2.214274024211974612e-01	2.802459681157235538e-01	-4.849626002813258729e-01	1.540691337632828783e-01	-1.544282875203474292e-01	1.799327165878099877e-01	-2.208377864257984324e-01	2.798411415742733666e-01	-5.146422455504399973e-02	1.178042182960590128e-01	-1.369935333977534975e-01	1.076173430390109376e-01	-1.256438185015741615e-01	5.418767529487657220e-02	-1.050977801509124926e-01	9.801110403814976280e-02	-8.430164879887025453e-02	9.348533297925450125e-02
8.707635537956545657e-02	-7.383959464185552157e-02	7.286581473587705471e-02	-5.765527859305624725e-02	7.274931398796487259e-02	-8.665412032448673030e-02	9.569366021578040726e-02	-9.490663241048216681e-02	1.056097778808653825e-01	-7.642708523374253105e-02	1.071936712865646096e-01	-1.085725663267921859e-01	1.518909317323978159e-01	-1.131286937641928086e-01	9.660440531182661050e-02	-6.186364984847264603e-01	3.043596717827049547e-01	-1.517557556955874409e-01	1.149441591558359038e-01	-1.219266824656922293e-01	1.000000000000002442e+00	-2.864160917073942381e-01	1.643105604301787481e-01	-1.543548014779475008e-01	1.004554814647902750e-01	-6.125629347590670903e-01	2.204833264886166821e-01	-1.567360584028891779e-01	1.392352944727876241e-01	-1.226492867062167064e-01	8.316069938665651695e-02	-1.371459868486585576e-01	1.290841441243807119e-01	-7.497846990803681833e-02	8.139542331512779338e-02	-8.727149922783186686e-02	1.099156559002803096e-01	-9.411939153478786346e-02	6.523895724487420444e-02	-7.252987550291059571e-02
-1.053080334199505280e-01	8.800685452093566508e-02	-9.507167011427707093e-02	7.665459791512806154e-02	-9.944681103765462549e-02	9.417332550298820881e-02	-1.147046043868811954e-01	1.209457456617061832e-01	-1.527383131966203456e-01	1.073975574997210330e-01	-1.152933266876563084e-01	1.227874794260047364e-01	-2.221658245038857782e-01	1.601044743556418737e-01	-1.422518415291695038e-01	2.147954221917479922e-01	-3.480037459350420193e-01	2.283951259436190762e-01	-1.825901976854479025e-01	1.747664337889558994e-01	-2.864160917073942381e-01	1.000000000000004885e+00	-4.901828686612462183e-01	2.519864773971788319e-01	-1.605469335986250135e-01	2.798720029342683935e-01	-5.634720877782924964e-01	2.676469507539334103e-01	-2.455847156651467522e-01	1.814958991276608424e-01	-8.219087203962081867e-02	2.197113630207897517e-01	-2.202474678812587350e-01	1.175844052962170677e-01	-1.292889920867501541e-01	8.302404979817740172e-02	-1.889294778324936142e-01	1.481488798299823162e-01	-1.009107237665321788e-01	1.078475581090801022e-01
9.861030523984180840e-02	-8.372536871873702269e-02	9.517225014597781307e-02	-7.915884429009632794e-02	1.026113435435097587e-01	-8.712479089719693537e-02	1.061378343449937978e-01	-1.239493538427194202e-01	1.639366415319461479e-01	-1.184089309152593777e-01	1.034884841637684766e-01	-1.121619682433225018e-01	2.385217706501075730e-01	-1.938404154448671590e-01	1.606231761453489060e-01	-1.558976259000267595e-01	2.145566254842518339e-01	-4.131119537432851874e-01	2.486025314047178580e-01	-2.214274024211974612e-01	1.643105604301787481e-01	-4.901828686612462183e-01	1.000000000000002220e+00	-5.307589284300082699e-01	2.039600386131900089e-01	-2.108340183543006008e-01	2.557992943407612629e-01	-3.791225981263408040e-01	2.612773918614508806e-01	-2.287270427579113641e-01	6.381549735456991390e-02	-1.684295283757687722e-01	1.751991220633088431e-01	-1.171154771665914307e-01	1.247495813809585546e-01	-6.707521891956223781e-02	1.356964716168224117e-01	-1.259275172684239386e-01	9.239953850700713400e-02	-1.024886067924750399e-01
-1.185542989791318197e-01	9.929133128546661913e-02	-1.174323914495893767e-01	9.835927418932212396e-02	-1.304878336380428661e-01	1.008201107516652345e-01	-1.257780109497576293e-01	1.477402096486136740e-01	-2.178639275217064131e-01	1.509214807442714745e-01	-1.206473528157766678e-01	1.276279703077141114e-01	-2.888168504663637393e-01	2.368920081710642889e-01	-2.171064126572918307e-01	1.460442087288646995e-01	-2.190579283089444385e-01	2.958201516485838845e-01	-4.191688953059889977e-01	2.802459681157235538e-01	-1.543548014779475008e-01	2.519864773971788319e-01	-5.307589284300082699e-01	1.000000000000002442e+00	-3.854321276301891919e-01	1.876465083446194060e-01	-2.200931249798633582e-01	2.590201365547820100e-01	-3.481182431587558357e-01	2.756269759756106441e-01	-6.205280373709182867e-02	1.519304077705688760e-01	-1.771785916886183254e-01	1.325448101531354894e-01	-1.501024161595219675e-01	6.457294458159415496e-02	-1.353086868147865274e-01	1.230902498269726975e-01	-1.017643269489171831e-01	1.098967333579061040e-01
8.489326022756789325e-02	-7.200529419890508431e-02	8.804364589877113068e-02	-7.652930662872022005e-02	1.014658357512456532e-01	-7.191358913959544630e-02	8.913165411397468152e-02	-1.119441882206912708e-01	1.690844939911039513e-01	-1.294634307490866998e-01	8.452853575005561670e-02	-8.945925320255646018e-02	1.979669565561397726e-01	-1.854999899266705499e-01	1.921965945825314659e-01	-9.946297371955800659e-02	1.411499330655006657e-01	-2.008515779903758680e-01	2.288935871991804871e-01	-4.849626002813258729e-01	1.004554814647902750e-01	-1.605469335986250135e-01	2.039600386131900089e-01	-3.854321276301891919e-01	1.000000000000004219e+00	-1.315691395268824282e-01	1.391444163588333172e-01	-1.893940029413499204e-01	2.334616396798792348e-01	-6.847014402885858164e-01	4.374673586626251498e-02	-1.068400936741557006e-01	1.228391342963570387e-01	-1.131278461898634347e-01	1.269611339825321428e-01	-4.625968759772709771e-02	9.292734837977933982e-02	-8.995370463264043548e-02	7.964773477971039128e-02	-9.058098153906596339e-02
-1.172425461596379309e-01	9.599841166309822094e-02	-9.880169143597550274e-02	7.748692024274245194e-02	-9.998976874961640338e-02	1.053314757563838522e-01	-1.272073618950642915e-01	1.237688567749717222e-01	-1.462475776810406858e-01	1.022924250154445686e-01	-1.325323828344056876e-01	1.348826698152758574e-01	-2.111112342348055448e-01	1.462841318012681469e-01	-1.307142906383963465e-01	2.907771052188144467e-01	-3.976370830769253018e-01	1.853929537245232462e-01	-1.484801728924436404e-01	1.540691337632828783e-01	-6.125629347590670903e-01	2.798720029342683935e-01	-2.108340183543006008e-01	1.876465083446194060e-01	-1.315691395268824282e-01	1.000000000000003775e+00	-4.214516357882304720e-01	2.094747996558208036e-01	-2.023284732062874680e-01	1.560601946787534555e-01	-1.408421007320569684e-01	1.970592114545642870e-01	-1.993231511708000447e-01	1.057659217057424078e-01	-1.177787051680211361e-01	1.248182779239020712e-01	-1.728407749598961096e-01	1.359255639095935109e-01	-9.383219783639074052e-02	1.004206819861634126e-01
8.474546153681791760e-02	-7.123236894555215470e-02	7.776022531028292661e-02	-6.332815919990215925e-02	8.176166529286170437e-02	-7.615102621107840142e-02	9.119767412269712270e-02	-1.002357294193695764e-01	1.253473912237191568e-01	-8.999231034488879011e-02	9.165676531604914634e-02	-9.672324360577953806e-02	1.744990486930233231e-01	-1.352668245779768963e-01	1.181026226976965021e-01	-1.833245753776070186e-01	2.284893930333217749e-01	-1.873464783199365602e-01	1.471793363986812486e-01	-1.544282875203474292e-01	2.204833264886166821e-01	-5.634720877782924964e-01	2.557992943407612629e-01	-2.200931249798633582e-01	1.391444163588333172e-01	-4.214516357882304720e-01	1.000000000000001998e+00	-3.929141329391227511e-01	2.352146767003378824e-01	-1.746872750914388872e-01	9.518002972815721441e-02	-4.083318341528750506e-01	2.362134680817595533e-01	-1.193780209790929053e-01	1.240097555223300535e-01	-9.749245768409066371e-02	2.135355484719002050e-01	-1.748901013050503384e-01	1.035650524901153696e-01	-1.131454780061098703e-01
-9.054706825676607507e-02	7.562387847020882181e-02	-8.647589995674698216e-02	7.109906381344022197e-02	-9.338433233209295081e-02	7.835213093410509089e-02	-9.619952859457162053e-02	1.095181146665708954e-01	-1.475817697349203761e-01	1.038528399215838671e-01	-9.395914643893568674e-02	9.874143983592804930e-02	-2.025304688142124110e-01	1.534153024521643927e-01	-1.410885484500510600e-01	1.385428208420783347e-01	-1.949721824653297964e-01	2.055138517837760137e-01	-1.760472322769136289e-01	1.799327165878099877e-01	-1.567360584028891779e-01	2.676469507539334103e-01	-3.791225981263408040e-01	2.590201365547820100e-01	-1.893940029413499204e-01	2.094747996558208036e-01	-3.929141329391227511e-01	1.000000000000001776e+00	-6.489663666500875561e-01	2.308359979082304225e-01	-7.130924097282412277e-02	2.120291240911593156e-01	-2.971546795716102363e-01	1.672774800991765898e-01	-1.744347997693653785e-01	7.344268339942428003e-02	-1.783721238577309076e-01	1.713860654369495640e-01	-1.244388658119069818e-01	1.299236523905584750e-01
8.769454891661400409e-02	-7.423547914005708404e-02	8.620824087549865122e-02	-7.243239006845000882e-02	9.436201985788229829e-02	-7.642971593634625971e-02	9.293341532202717414e-02	-1.115537779782460881e-01	1.505349506050494557e-01	-1.102252488427821475e-01	9.010252948896126102e-02	-9.548001619897925063e-02	1.953068877938626824e-01	-1.672709119726618343e-01	1.497387450536671605e-01	-1.330938340313702339e-01	1.757527085169771630e-01	-2.149247118276181867e-01	1.898165117879066499e-01	-2.208377864257984324e-01	1.392352944727876241e-01	-2.455847156651467522e-01	2.612773918614508806e-01	-3.481182431587558357e-01	2.334616396798792348e-01	-2.023284732062874680e-01	2.352146767003378824e-01	-6.489663666500875561e-01	9.999999999999998890e-01	-4.077375768781896226e-01	6.581401786288212929e-02	-1.836027917160564515e-01	2.082861058140578481e-01	-2.538126534241856302e-01	2.031927031694393537e-01	-7.015794991465812425e-02	1.483007124382995090e-01	-1.569562581983467153e-01	1.362767510441227625e-01	-1.497609504354573406e-01
-1.060672738495392203e-01	8.835712368661702287e-02	-1.076331309811323217e-01	9.064385545301092972e-02	-1.224318817935646925e-01	8.833305203213051571e-02	-1.105317894100419363e-01	1.325592476003665254e-01	-2.026804110754490407e-01	1.409269878498969064e-01	-1.050401763515095843e-01	1.093988492345825680e-01	-2.428090618684676516e-01	1.918599460700455839e-01	-2.115192724263673385e-01	1.188087947544265444e-01	-1.739694164028941781e-01	2.059614539496019137e-01	-2.236484622018274082e-01	2.798411415742733666e-01	-1.226492867062167064e-01	1.814958991276608424e-01	-2.287270427579113641e-01	2.756269759756106441e-01	-6.847014402885858164e-01	1.560601946787534555e-01	-1.746872750914388872e-01	2.308359979082304225e-01	-4.077375768781896226e-01	1.000000000000002220e+00	-5.389454353492343502e-02	1.331024819276730442e-01	-1.626475850219272767e-01	1.584781783226089091e-01	-2.021684059431101688e-01	5.634303572509312408e-02	-1.203048165153579041e-01	1.148250092657249755e-01	-1.086779747877451990e-01	1.190686027127374341e-01
3.342884213978958297e-02	-2.768293711810910357e-02	3.007110355040847061e-02	-2.409482746753792426e-02	3.121852871462227341e-02	-2.951676843645463857e-02	3.554923631979726995e-02	-3.821223276828893123e-02	4.657695697918972505e-02	-3.287427194623257498e-02	3.567853717563939514e-02	-3.682803158898477480e-02	6.397217831783513775e-02	-4.717538978444765774e-02	4.203122243769636529e-02	-6.590955462304522172e-02	8.683763667651558937e-02	-5.841011211753220633e-02	4.729657363052573726e-02	-5.146422455504399973e-02	8.316069938665651695e-02	-8.219087203962081867e-02	6.381549735456991390e-02	-6.205280373709182867e-02	4.374673586626251498e-02	-1.408421007320569684e-01	9.518002972815721441e-02	-7.130924097282412277e-02	6.581401786288212929e-02	-5.389454353492343502e-02	9.999999999999998890e-01	-1.408494314669376524e-01	9.971668459296416376e-02	-4.335351190875486732e-02	4.693662164646716234e-02	-9.652209825857971381e-01	9.677370639718725631e-02	-7.257363977116153275e-02	4.227204757970180748e-02	-4.562137889107312216e-02
-6.619531752947566128e-02	5.526092415984546619e-02	-6.163244943489833150e-02	5.017190133945106240e-02	-6.526517981270646418e-02	5.812395416554988481e-02	-7.040330753222838467e-02	7.866863321525986719e-02	-1.002091809115075449e-01	7.107372739582716592e-02	-6.970170764131894403e-02	7.283117861333461562e-02	-1.368522716324560018e-01	1.039159856223360601e-01	-9.308602599095901209e-02	1.174466506756742107e-01	-1.586646801774768134e-01	1.329778669811970682e-01	-1.095379349712084643e-01	1.178042182960590128e-01	-1.371459868486585576e-01	2.197113630207897517e-01	-1.684295283757687722e-01	1.519304077705688760e-01	-1.068400936741557006e-01	1.970592114545642870e-01	-4.083318341528750506e-01	2.120291240911593156e-01	-1.836027917160564515e-01	1.331024819276730442e-01	-1.408494314669376524e-01	1.000000000000000222e+00	-5.027986339123418080e-01	1.335366091987036929e-01	-1.390981256347212647e-01	1.256950535127343560e-01	-6.137550038528380991e-01	2.993497138643417266e-01	-1.392430447739059496e-01	1.409535275450702341e-01
6.868920641519037085e-02	-5.796638650369514284e-02	6.543213017575494339e-02	-5.399524321526173731e-02	6.980997513728103010e-02	-6.068404406855512634e-02	7.288628080252126940e-02	-8.501601421910902345e-02	1.077774558528983712e-01	-7.812983023159389417e-02	7.167103950983726157e-02	-7.543504836861579521e-02	1.435572474097882023e-01	-1.160785025206585858e-01	1.019995511757741946e-01	-1.205446650514177542e-01	1.526039193991324538e-01	-1.489791203370930128e-01	1.216728379987165182e-01	-1.369935333977534975e-01	1.290841441243807119e-01	-2.202474678812587350e-01	1.751991220633088431e-01	-1.771785916886183254e-01	1.228391342963570387e-01	-1.993231511708000447e-01	2.362134680817595533e-01	-2.971546795716102363e-01	2.082861058140578481e-01	-1.626475850219272767e-01	9.971668459296416376e-02	-5.027986339123418080e-01	1.000000000000001110e+00	-2.171513481095341813e-01	1.828144382194201445e-01	-1.090033999713351381e-01	3.203387674654689654e-01	-6.063123182102683195e-01	1.989474824692648858e-01	-2.238994273778304733e-01
-4.975297531264790546e-02	4.176630725279798645e-02	-4.861836942597343864e-02	4.039498319265562298e-02	-5.294352802188392187e-02	4.285610458841251219e-02	-5.228066899313686677e-02	6.215237015293923611e-02	-8.344165883061852029e-02	5.970158286976890577e-02	-5.055795699907224272e-02	5.297295364130972378e-02	-1.071162807260179761e-01	8.648608708843072423e-02	-8.015078381907354832e-02	7.160709159755677955e-02	-9.668139809988661459e-02	1.037958895585699565e-01	-9.207946262076992239e-02	1.076173430390109376e-01	-7.497846990803681833e-02	1.175844052962170677e-01	-1.171154771665914307e-01	1.325448101531354894e-01	-1.131278461898634347e-01	1.057659217057424078e-01	-1.193780209790929053e-01	1.672774800991765898e-01	-2.538126534241856302e-01	1.584781783226089091e-01	-4.335351190875486732e-02	1.335366091987036929e-01	-2.171513481095341813e-01	1.000000000000001110e+00	-8.050791458600151662e-01	4.598624577149856146e-02	-1.320273829209348548e-01	1.622852027858098789e-01	-3.782632390299948133e-01	2.751006138455929784e-01
5.397172867040473526e-02	-4.560412138432847623e-02	5.313409941568713463e-02	-4.446555342790078913e-02	5.790584402462332914e-02	-4.680758559617721054e-02	5.676203159111979646e-02	-6.880468909150053158e-02	9.110718466720289788e-02	-6.644118178010993692e-02	5.484754989335602349e-02	-5.769551907424594339e-02	1.157462990386955159e-01	-9.726759811425536584e-02	8.849386686087631904e-02	-7.918734010590251782e-02	1.042417937069555489e-01	-1.164398067206603021e-01	1.023655335899153890e-01	-1.256438185015741615e-01	8.139542331512779338e-02	-1.292889920867501541e-01	1.247495813809585546e-01	-1.501024161595219675e-01	1.269611339825321428e-01	-1.177787051680211361e-01	1.240097555223300535e-01	-1.744347997693653785e-01	2.031927031694393537e-01	-2.021684059431101688e-01	4.693662164646716234e-02	-1.390981256347212647e-01	1.828144382194201445e-01	-8.050791458600151662e-01	1.000000000000001110e+00	-5.062003398233998197e-02	1.287601649820626082e-01	-1.627057637475467500e-01	2.691418437947970532e-01	-3.869039957223949777e-01
-3.656285488379991400e-02	3.009248656073893260e-02	-3.273923492824855341e-02	2.611167537318983406e-02	-3.397575995915204372e-02	3.197322818888310297e-02	-3.879846146991016570e-02	4.120451652844007301e-02	-5.061508455081396851e-02	3.538517596821581790e-02	-3.883958595432134009e-02	3.992573738781014792e-02	-6.975071863470407030e-02	5.027749491478807065e-02	-4.527131702624230536e-02	6.748196995809030430e-02	-9.475054633045655594e-02	6.148543133658210258e-02	-5.018936754401964045e-02	5.418767529487657220e-02	-8.727149922783186686e-02	8.302404979817740172e-02	-6.707521891956223781e-02	6.457294458159415496e-02	-4.625968759772709771e-02	1.248182779239020712e-01	-9.749245768409066371e-02	7.344268339942428003e-02	-7.015794991465812425e-02	5.634303572509312408e-02	-9.652209825857971381e-01	1.256950535127343560e-01	-1.090033999713351381e-01	4.598624577149856146e-02	-5.062003398233998197e-02	1.000000000000000888e+00	-1.048642240231575373e-01	7.485493894917372160e-02	-4.492569341984741643e-02	4.752146017903337988e-02
5.514321245288152096e-02	-4.643641698233334780e-02	5.200791303952229799e-02	-4.271269191411766752e-02	5.520829053535040998e-02	-4.883943649652676411e-02	5.859742267268212151e-02	-6.740274303355819896e-02	8.478028329884763903e-02	-6.120047068525379802e-02	5.789229846300945892e-02	-6.081960819973271370e-02	1.137753376550469375e-01	-9.061153927387941009e-02	7.960758078365359758e-02	-1.009216159900983845e-01	1.272387400101423205e-01	-1.162543129066378467e-01	9.441220784590910464e-02	-1.050977801509124926e-01	1.099156559002803096e-01	-1.889294778324936142e-01	1.356964716168224117e-01	-1.353086868147865274e-01	9.292734837977933982e-02	-1.728407749598961096e-01	2.135355484719002050e-01	-1.783721238577309076e-01	1.483007124382995090e-01	-1.203048165153579041e-01	9.677370639718725631e-02	-6.137550038528380991e-01	3.203387674654689654e-01	-1.320273829209348548e-01	1.287601649820626082e-01	-1.048642240231575373e-01	1.000000000000001110e+00	-6.223131466277356250e-01	1.651715914788451922e-01	-1.810710004422520225e-01
-5.259802302756607512e-02	4.398549756989023063e-02	-4.984931707037615345e-02	4.082731305721287729e-02	-5.321864749554326701e-02	4.583096370699323019e-02	-5.558443016954859456e-02	6.373166345407038635e-02	-8.216471113863983711e-02	5.839793678350571615e-02	-5.449721110599299589e-02	5.694963209189458919e-02	-1.097897251211873426e-01	8.497414714469442298e-02	-7.655868746200950037e-02	8.597139716474949678e-02	-1.148503506143817854e-01	1.060765227575541647e-01	-8.857857987419293089e-02	9.801110403814976280e-02	-9.411939153478786346e-02	1.481488798299823162e-01	-1.259275172684239386e-01	1.230902498269726975e-01	-8.995370463264043548e-02	1.359255639095935109e-01	-1.748901013050503384e-01	1.713860654369495640e-01	-1.569562581983467153e-01	1.148250092657249755e-01	-7.257363977116153275e-02	2.993497138643417266e-01	-6.063123182102683195e-01	1.622852027858098789e-01	-1.627057637475467500e-01	7.485493894917372160e-02	-6.223131466277356250e-01	1.000000000000001332e+00	-2.795267575321553899e-01	2.083464823866953419e-01
4.165441428021705861e-02	-3.495434070218383926e-02	4.033724870323298489e-02	-3.334553256174292019e-02	4.352052381462979957e-02	-3.603512526848186986e-02	4.375386827917546878e-02	-5.177579919200767100e-02	6.770683823949949498e-02	-4.848563747465171880e-02	4.244992067247560508e-02	-4.440582201538364332e-02	8.762713566212457228e-02	-7.019063584428389402e-02	6.375302983157539460e-02	-6.226711403674102530e-02	8.296083896516344425e-02	-8.457958573392387880e-02	7.242755265251667185e-02	-8.430164879887025453e-02	6.523895724487420444e-02	-1.009107237665321788e-01	9.239953850700713400e-02	-1.017643269489171831e-01	7.964773477971039128e-02	-9.383219783639074052e-02	1.035650524901153696e-01	-1.244388658119069818e-01	1.362767510441227625e-01	-1.086779747877451990e-01	4.227204757970180748e-02	-1.392430447739059496e-01	1.989474824692648858e-01	-3.782632390299948133e-01	2.691418437947970532e-01	-4.492569341984741643e-02	1.651715914788451922e-01	-2.795267575321553899e-01	1.000000000000001110e+00	-8.169283055191703946e-01
