1.000000000000000000e+00	-8.983649491593493908e-01	2.260107231795288329e-01	-2.889822228118689718e-01	7.428510610919021595e-02	-1.652121269444349894e-01	1.232228779476297054e-01	-1.139019097698661526e-01	7.848932542701551884e-02	-5.668039013916722352e-02	1.211160577685613110e-01	-9.391642254520786437e-02	8.655196776807572157e-02	-5.627246842971316693e-02	6.497964747915352390e-02	-5.770270647758022481e-02	5.501552105330208275e-02	-4.331788353677309966e-02	4.869361997997476849e-02	-3.583460581627474772e-02	3.734879286246609031e-02	-4.600827404314224156e-02	4.283912307022665761e-02	-4.104275276369814818e-02	3.043068782085130500e-02	-2.354370640273144299e-02	4.314284703250947928e-02	-4.853792859572207685e-02	3.594458719004668679e-02	-4.083297098494263755e-02	2.060921307933407526e-02	-4.631593906501327990e-02	4.196591500194391672e-02	-3.847125313134660413e-02	3.259398399306444316e-02	-6.871914269178476531e-02	3.799403008859845998e-02	-3.591578392571340150e-02	3.080626947114746897e-02	-3.246685908828987610e-02
-8.983649491593493908e-01	1.000000000000000000e+00	-3.055719377692691641e-01	2.290353943622676913e-01	-7.084234879720063827e-02	1.261838299347893544e-01	-1.384531631053312339e-01	1.127787351223609735e-01	-7.585191220874436258e-02	5.330055830474732248e-02	-1.152121703983356032e-01	9.038070881410191493e-02	-8.714947381754956091e-02	5.322226446935325594e-02	-6.199488794250469781e-02	5.249648375669842965e-02	-5.163149488382300784e-02	4.045006582124950623e-02	-4.550039295277828744e-02	3.291043302970227125e-02	-3.431728442251182759e-02	4.193490214188273779e-02	-3.967532259582447901e-02	3.792045626401861075e-02	-2.804461636328399454e-02	2.127307298773222985e-02	-3.949737990207399102e-02	4.441827101454859372e-02	-3.300297421495711897e-02	3.726981696396889504e-02	-1.865633894035204077e-02	4.200600190030302772e-02	-3.836816574947878034e-02	3.508940231964981921e-02	-2.977102929051379798e-02	6.167515370478291598e-02	-3.446681251770718213e-02	3.257830196901292941e-02	-2.805390316912131227e-02	2.950270531954076250e-02
2.260107231795288329e-01	-3.055719377692691641e-01	9.999999999999997780e-01	-8.825427846104727525e-01	8.366814510822281892e-02	-9.329791203878323724e-02	1.526506216829700557e-01	-2.087709026234893517e-01	1.044728438974249773e-01	-7.202965979620311321e-02	8.201035371774538507e-02	-1.076706528521846618e-01	1.238848310646146339e-01	-7.000451825874000333e-02	7.483770952717469505e-02	-5.492165428638151603e-02	5.833451875179328228e-02	-4.781323046832325341e-02	5.321079593034952482e-02	-3.878989646273780373e-02	3.536830834358756226e-02	-4.628307769690094553e-02	4.535675366671543945e-02	-4.444330480294324953e-02	3.258510804945593392e-02	-2.449880846114975766e-02	4.341204071678037013e-02	-5.121720824127759530e-02	3.801226205155726345e-02	-4.349992857801932011e-02	2.136843459957758762e-02	-4.803056300373063914e-02	4.355808149161737725e-02	-4.059466524983686153e-02	3.416948426642681114e-02	-7.278262480334679596e-02	3.953895441585270065e-02	-3.768009364532701189e-02	3.220644183478085093e-02	-3.421298864705876741e-02
-2.889822228118689718e-01	2.290353943622676913e-01	-8.825427846104727525e-01	1.000000000000000000e+00	-1.009895556776889830e-01	1.042063336508773502e-01	-1.730455147575994945e-01	1.751129470636284269e-01	-1.235241330810940841e-01	8.065215814050208376e-02	-9.873077788061626614e-02	1.131275147153995575e-01	-1.388072001719161674e-01	7.853882887630993237e-02	-8.794918243010045600e-02	6.140466796244086617e-02	-6.644713787581936482e-02	5.359879655663433995e-02	-6.058448036058752123e-02	4.336139196080276981e-02	-3.990732811201719299e-02	5.158741738037617153e-02	-5.119018865874244706e-02	4.987331035122963968e-02	-3.666431003882025808e-02	2.704628303482356499e-02	-4.865862016295788295e-02	5.704397064215552954e-02	-4.261845490936020525e-02	4.838625665404106685e-02	-2.364311932019675516e-02	5.321603010208837692e-02	-4.868286273620767157e-02	4.517129992845721198e-02	-3.813762282796849534e-02	7.974802057172723779e-02	-4.384363198248832777e-02	4.173239683045944226e-02	-3.583974325659353144e-02	3.794585287889587488e-02
7.428510610919021595e-02	-7.084234879720063827e-02	8.366814510822281892e-02	-1.009895556776889830e-01	1.000000000000000222e+00	-1.987997323199647282e-01	1.455634686593056948e-01	-1.588406864616974667e-01	2.983868551720184059e-01	-6.677795155815563488e-01	1.561402767607949216e-01	-1.351813482920877496e-01	1.419111462527101741e-01	-2.232956171465967921e-01	2.286468632931425715e-01	-2.084497478691495487e-01	1.731529446676356165e-01	-1.444708021791386576e-01	1.740510944011606498e-01	-1.495691011233467038e-01	1.283640706096343953e-01	-1.794401640222888228e-01	1.567126677735774798e-01	-1.583104844249375864e-01	1.217761656054365260e-01	-1.094929388713600515e-01	1.681820346925273491e-01	-1.962898538154850825e-01	1.459173710884257569e-01	-1.763816926398858176e-01	9.402187979850333555e-02	-2.046828174881948070e-01	1.737060382733729980e-01	-1.655740355514276063e-01	1.384762213637849015e-01	-3.519183359631860020e-01	1.715858809400951368e-01	-1.631564448040326853e-01	1.344811670616650745e-01	-1.455641746019845639e-01
-1.652121269444349894e-01	1.261838299347893544e-01	-9.329791203878323724e-02	1.042063336508773502e-01	-1.987997323199647282e-01	1.000000000000000000e+00	-1.657664764545098979e-01	1.280267030959964525e-01	-1.613944233763157099e-01	1.162423435627333440e-01	-8.589272705710409017e-01	1.459843506558393122e-01	-1.413557318844976263e-01	1.185562018829591086e-01	-1.613818056769285858e-01	1.929516140087364773e-01	-1.487422367106165655e-01	1.062679501945579391e-01	-1.250049404803369457e-01	8.662732252852420323e-02	-1.312137974383559003e-01	1.327891888823418409e-01	-1.140796634902904449e-01	1.023693551719534883e-01	-7.681010938837672108e-02	5.909979028235005233e-02	-1.269987233842939656e-01	1.233590637200669693e-01	-9.231306572801779853e-02	9.990515286276693829e-02	-5.278546215113181367e-02	1.194892861915052285e-01	-1.117332687763780835e-01	9.652620054494119584e-02	-8.386904949258155995e-02	1.573541842660246270e-01	-9.703245228652315757e-02	8.933654080955739929e-02	-7.886713245788240512e-02	8.030996880473761923e-02
1.232228779476297054e-01	-1.384531631053312339e-01	1.526506216829700557e-01	-1.730455147575994945e-01	1.455634686593056948e-01	-1.657664764545098979e-01	1.000000000000000444e+00	-6.466798222079975789e-01	1.953134042858819530e-01	-1.433046793658424023e-01	1.400778949214962210e-01	-5.800403954389485861e-01	3.265008663921348253e-01	-1.473207748987885035e-01	1.443439451925336847e-01	-1.131689504017041464e-01	1.321113661827793828e-01	-1.103741102142637154e-01	1.112222540228269135e-01	-8.152840316588458314e-02	7.185310213118102640e-02	-9.747587666484604230e-02	9.630600743221927329e-02	-9.475082361402330233e-02	6.769481246180709955e-02	-5.089950322098032304e-02	8.959204327178307836e-02	-1.095275486397657705e-01	7.920515894360305453e-02	-9.137019776464473664e-02	4.429406441157552471e-02	-1.002222393353164182e-01	9.040144798974855678e-02	-8.497391954671937309e-02	7.086300597591296824e-02	-1.511214506437502658e-01	8.183544134862973107e-02	-7.846374035048563067e-02	6.678540839206752178e-02	-7.134960185468496030e-02
-1.139019097698661526e-01	1.127787351223609735e-01	-2.087709026234893517e-01	1.751129470636284269e-01	-1.588406864616974667e-01	1.280267030959964525e-01	-6.466798222079975789e-01	1.000000000000000222e+00	-2.964137477986832359e-01	1.558044966999771463e-01	-1.165519732035239925e-01	3.158492612653179266e-01	-5.455226493179025082e-01	1.630259770011051323e-01	-1.597767246640577343e-01	9.858164862679145990e-02	-1.224277386063634121e-01	1.051005285790213989e-01	-1.101159039105502474e-01	7.593438630196235051e-02	-6.344550061111423056e-02	8.635719207304828893e-02	-9.056905877969027852e-02	8.922316624816439834e-02	-6.338567546066872782e-02	4.532540907924474671e-02	-8.036899157065253985e-02	9.907536639527016187e-02	-7.306788640890897468e-02	8.332426513405344348e-02	-3.950779825356654645e-02	8.949354356030712887e-02	-8.191841499367479018e-02	7.712870029809171246e-02	-6.442619807752442140e-02	1.344413716204154174e-01	-7.337956127694068853e-02	7.046506025252884109e-02	-6.033169492557814706e-02	6.435408050516511214e-02
7.848932542701551884e-02	-7.585191220874436258e-02	1.044728438974249773e-01	-1.235241330810940841e-01	2.983868551720184059e-01	-1.613944233763157099e-01	1.953134042858819530e-01	-2.964137477986832359e-01	1.000000000000000666e+00	-5.925129247119287346e-01	1.313171888254477115e-01	-1.706982348552349982e-01	1.918534863579321181e-01	-4.540390225086060050e-01	2.844286878408506802e-01	-1.620983519150338004e-01	1.545853621688309254e-01	-1.376463299142615948e-01	1.757365197557117786e-01	-1.324422091131165491e-01	1.015207005519817018e-01	-1.421218024436702032e-01	1.370089079268785870e-01	-1.480177609146930695e-01	1.070839301995952647e-01	-8.211835951756711605e-02	1.331642768142337896e-01	-1.626506473283053367e-01	1.227355383619450069e-01	-1.452241131663590257e-01	7.091185746299524806e-02	-1.574462837758349165e-01	1.387155526052180343e-01	-1.336004954135148193e-01	1.111994813101708363e-01	-2.558116955023437278e-01	1.307988549878630058e-01	-1.256052394281246543e-01	1.055194104550670198e-01	-1.140244974336345057e-01
-5.668039013916722352e-02	5.330055830474732248e-02	-7.202965979620311321e-02	8.065215814050208376e-02	-6.677795155815563488e-01	1.162423435627333440e-01	-1.433046793658424023e-01	1.558044966999771463e-01	-5.925129247119287346e-01	1.000000000000000666e+00	-9.642534393326597508e-02	1.150211318341569228e-01	-1.361109658512210108e-01	2.242103804394620647e-01	-2.655929409786207396e-01	1.178160731182741616e-01	-1.153002896740085298e-01	9.851397302951250823e-02	-1.286187729764314835e-01	9.642462318592474879e-02	-7.417634670094468141e-02	1.034273822466547921e-01	-1.006653558753922290e-01	1.056141449054120163e-01	-7.930516229428032082e-02	5.990995554000448642e-02	-9.753140578651010861e-02	1.180675262724361768e-01	-9.009651413401124909e-02	1.055647387324186032e-01	-5.179437978679088395e-02	1.148063853355218988e-01	-1.017517743562897231e-01	9.737557300687242623e-02	-8.154376980067074010e-02	1.865511285331414859e-01	-9.572948102893839850e-02	9.171540611917444741e-02	-7.728366668972100340e-02	8.321536045486763178e-02
1.211160577685613110e-01	-1.152121703983356032e-01	8.201035371774538507e-02	-9.873077788061626614e-02	1.561402767607949216e-01	-8.589272705710409017e-01	1.400778949214962210e-01	-1.165519732035239925e-01	1.313171888254477115e-01	-9.642534393326597508e-02	9.999999999999998890e-01	-1.570472725416482973e-01	1.280579400727759887e-01	-1.026437813251244724e-01	1.332085989227827227e-01	-2.777920965562948874e-01	1.393215350596806457e-01	-1.029622337006234345e-01	1.159928937869312560e-01	-8.502383383643176418e-02	1.460603498991834837e-01	-1.558945200489653682e-01	1.111533520124516894e-01	-9.988746917848484452e-02	7.417502041905107979e-02	-6.446693254545016183e-02	1.317523633241635961e-01	-1.272131582162971397e-01	9.112273130538309229e-02	-1.011327586021114333e-01	5.672619273363139342e-02	-1.297775523154938992e-01	1.128288004875889899e-01	-9.853762915964769942e-02	8.411926893615954970e-02	-1.723548334301204799e-01	1.013602239618845990e-01	-9.349240045205581273e-02	8.044778644100940290e-02	-8.291482146119386054e-02
-9.391642254520786437e-02	9.038070881410191493e-02	-1.076706528521846618e-01	1.131275147153995575e-01	-1.351813482920877496e-01	1.459843506558393122e-01	-5.800403954389485861e-01	3.158492612653179266e-01	-1.706982348552349982e-01	1.150211318341569228e-01	-1.570472725416482973e-01	1.000000000000001554e+00	-6.895528345018926419e-01	1.431249422363577717e-01	-1.502997637696732725e-01	1.051138197482521797e-01	-1.675016624790312547e-01	1.262582545851268778e-01	-1.166411560007923065e-01	7.697986189306067761e-02	-6.837975241697917539e-02	9.213367221374695049e-02	-9.948052968236101301e-02	9.402341852169664171e-02	-6.499496140369281916e-02	4.482353087328809493e-02	-8.423102456464956478e-02	1.048865640314100983e-01	-7.540805802924353818e-02	8.443596364229273565e-02	-3.929015253145975300e-02	9.034267678284474412e-02	-8.429780759970456616e-02	7.842292329384573102e-02	-6.539881159753378748e-02	1.283203664860601001e-01	-7.315443458447139224e-02	7.032609675342008093e-02	-6.080971001628748818e-02	6.443992735686630835e-02
8.655196776807572157e-02	-8.714947381754956091e-02	1.238848310646146339e-01	-1.388072001719161674e-01	1.419111462527101741e-01	-1.413557318844976263e-01	3.265008663921348253e-01	-5.455226493179025082e-01	1.918534863579321181e-01	-1.361109658512210108e-01	1.280579400727759887e-01	-6.895528345018926419e-01	1.000000000000001110e+00	-1.906534541910182290e-01	1.622132688008936507e-01	-1.114702922430409471e-01	1.508218831059565945e-01	-1.463155636250654257e-01	1.261232208756516704e-01	-8.557244154343000841e-02	7.162860361203120252e-02	-9.876015492040945976e-02	1.066574625889507716e-01	-1.038441789155990225e-01	7.111527572584366852e-02	-4.995820022290699963e-02	9.055618521991513903e-02	-1.149929607344541832e-01	8.237498112462568467e-02	-9.369940973940506235e-02	4.360596927251802341e-02	-9.979589248129071277e-02	9.198782427422222407e-02	-8.665813865004313998e-02	7.189706397308312513e-02	-1.458942463817190505e-01	8.106562704402668629e-02	-7.818477409534359268e-02	6.709208642430099234e-02	-7.160112666155728223e-02
-5.627246842971316693e-02	5.322226446935325594e-02	-7.000451825874000333e-02	7.853882887630993237e-02	-2.232956171465967921e-01	1.185562018829591086e-01	-1.473207748987885035e-01	1.630259770011051323e-01	-4.540390225086060050e-01	2.242103804394620647e-01	-1.026437813251244724e-01	1.431249422363577717e-01	-1.906534541910182290e-01	1.000000000000002220e+00	-7.378385451838744835e-01	1.286268159436503022e-01	-1.557464267287716753e-01	1.477288297986038001e-01	-2.781572573312512398e-01	1.370613736275292094e-01	-8.366683532972643556e-02	1.181305763875857007e-01	-1.392393416394340500e-01	1.651935315940267490e-01	-1.129788931110743549e-01	6.354517297755664373e-02	-1.123641056965817425e-01	1.468725566994502352e-01	-1.189001218621403427e-01	1.323397060135204639e-01	-5.548647670199118032e-02	1.268827590688977325e-01	-1.205528966676120001e-01	1.180073588948599428e-01	-9.814379560491114096e-02	1.883286935970364395e-01	-1.048814969911823630e-01	1.022750168697619533e-01	-8.922586149478328732e-02	9.574070472389338560e-02
6.497964747915352390e-02	-6.199488794250469781e-02	7.483770952717469505e-02	-8.794918243010045600e-02	2.286468632931425715e-01	-1.613818056769285858e-01	1.443439451925336847e-01	-1.597767246640577343e-01	2.844286878408506802e-01	-2.655929409786207396e-01	1.332085989227827227e-01	-1.502997637696732725e-01	1.622132688008936507e-01	-7.378385451838744835e-01	1.000000000000001554e+00	-1.779816822911054475e-01	1.778441581373535196e-01	-1.665241741509551343e-01	2.274573535507717070e-01	-1.899665517069833720e-01	1.128048916670307822e-01	-1.596578329856308265e-01	1.650046325023063476e-01	-1.932390394033457748e-01	1.432892180642079405e-01	-9.028960838998807692e-02	1.507053432087741840e-01	-1.925100093688419944e-01	1.494767524988043494e-01	-1.776406922304452907e-01	7.827291210863218662e-02	-1.763627301982021167e-01	1.602959995020279971e-01	-1.577582388911394629e-01	1.311420878740256757e-01	-2.757796803770780070e-01	1.461962299208024729e-01	-1.421989238303498770e-01	1.214529079581367216e-01	-1.318581935795820059e-01
-5.770270647758022481e-02	5.249648375669842965e-02	-5.492165428638151603e-02	6.140466796244086617e-02	-2.084497478691495487e-01	1.929516140087364773e-01	-1.131689504017041464e-01	9.858164862679145990e-02	-1.620983519150338004e-01	1.178160731182741616e-01	-2.777920965562948874e-01	1.051138197482521797e-01	-1.114702922430409471e-01	1.286268159436503022e-01	-1.779816822911054475e-01	1.000000000000000222e+00	-2.530657724211928805e-01	1.599070873673076876e-01	-1.808302224583613893e-01	1.150874318275145608e-01	-7.028064400725544392e-01	3.066063418152217279e-01	-1.882951408316824449e-01	1.483816251097020700e-01	-1.063304991040075892e-01	9.031300220644572496e-02	-2.891542337865838364e-01	1.913042054438661987e-01	-1.343665388886980117e-01	1.364120026323182855e-01	-8.433223447955924545e-02	1.914897376621678693e-01	-1.781676513694165909e-01	1.381832338093328671e-01	-1.211604895507799873e-01	1.909628303596834498e-01	-1.468628690480849597e-01	1.273449354953191115e-01	-1.152616886904433424e-01	1.112357058479291894e-01
5.501552105330208275e-02	-5.163149488382300784e-02	5.833451875179328228e-02	-6.644713787581936482e-02	1.731529446676356165e-01	-1.487422367106165655e-01	1.321113661827793828e-01	-1.224277386063634121e-01	1.545853621688309254e-01	-1.153002896740085298e-01	1.393215350596806457e-01	-1.675016624790312547e-01	1.508218831059565945e-01	-1.557464267287716753e-01	1.778441581373535196e-01	-2.530657724211928805e-01	1.000000000000000888e+00	-6.809056195062197503e-01	2.808454672756617865e-01	-1.861881030620825273e-01	1.711975539292298898e-01	-2.837429451096897814e-01	2.832919019847898734e-01	-2.629950816167752614e-01	1.533412774321935845e-01	-9.746050310484023760e-02	2.128766302430088464e-01	-3.136742235031381165e-01	1.836223532007829617e-01	-2.051768548734837772e-01	8.618511121961200394e-02	-2.137952996475214196e-01	2.044422239720440626e-01	-1.903746281811819208e-01	1.521151808041386611e-01	-2.463592985709245897e-01	1.609581097701364150e-01	-1.594844145961442639e-01	1.390569555574152072e-01	-1.481003233647222861e-01
-4.331788353677309966e-02	4.045006582124950623e-02	-4.781323046832325341e-02	5.359879655663433995e-02	-1.444708021791386576e-01	1.062679501945579391e-01	-1.103741102142637154e-01	1.051005285790213989e-01	-1.376463299142615948e-01	9.851397302951250823e-02	-1.029622337006234345e-01	1.262582545851268778e-01	-1.463155636250654257e-01	1.477288297986038001e-01	-1.665241741509551343e-01	1.599070873673076876e-01	-6.809056195062197503e-01	1.000000000000001776e+00	-4.539089855395919693e-01	1.566088352540939421e-01	-1.190409976648935664e-01	1.769686191362615513e-01	-4.252064115581384862e-01	2.627364990758010443e-01	-1.391211844217089821e-01	6.969770422719187564e-02	-1.627368853915094893e-01	2.450884567414325366e-01	-1.644968966938931965e-01	1.635492990168510297e-01	-6.255132416948623597e-02	1.543149381699129019e-01	-1.674298225327805478e-01	1.515626750409141410e-01	-1.222737998561214678e-01	1.759366359753749554e-01	-1.211012933646382489e-01	1.196262698395930413e-01	-1.084500518453232198e-01	1.127321819242674411e-01
4.869361997997476849e-02	-4.550039295277828744e-02	5.321079593034952482e-02	-6.058448036058752123e-02	1.740510944011606498e-01	-1.250049404803369457e-01	1.112222540228269135e-01	-1.101159039105502474e-01	1.757365197557117786e-01	-1.286187729764314835e-01	1.159928937869312560e-01	-1.166411560007923065e-01	1.261232208756516704e-01	-2.781572573312512398e-01	2.274573535507717070e-01	-1.808302224583613893e-01	2.808454672756617865e-01	-4.539089855395919693e-01	1.000000000000000444e+00	-2.842783867104862749e-01	1.239587498765891971e-01	-1.848957396018802157e-01	2.959453964922806879e-01	-5.835598880819073964e-01	2.162019922260710880e-01	-8.493942302482436479e-02	1.747729607899568827e-01	-2.767843852570990859e-01	2.327624867379365914e-01	-2.459736945808959074e-01	7.552871702552124700e-02	-1.855200723679044095e-01	1.972061885663989600e-01	-2.094352947554921074e-01	1.635430725140838426e-01	-2.246278386909101032e-01	1.488500203231906960e-01	-1.516884631473511269e-01	1.395221669133520082e-01	-1.505596728149911634e-01
-3.583460581627474772e-02	3.291043302970227125e-02	-3.878989646273780373e-02	4.336139196080276981e-02	-1.495691011233467038e-01	8.662732252852420323e-02	-8.152840316588458314e-02	7.593438630196235051e-02	-1.324422091131165491e-01	9.642462318592474879e-02	-8.502383383643176418e-02	7.697986189306067761e-02	-8.557244154343000841e-02	1.370613736275292094e-01	-1.899665517069833720e-01	1.150874318275145608e-01	-1.861881030620825273e-01	1.566088352540939421e-01	-2.842783867104862749e-01	1.000000000000000000e+00	-8.313662610999514313e-02	1.166306448887390185e-01	-1.851768904041477259e-01	2.292966832674685485e-01	-8.341628805980322303e-01	5.936406295470362388e-02	-1.240724831365124237e-01	1.664719695132603761e-01	-2.120262728834033661e-01	2.397580078477471732e-01	-5.384148492813412706e-02	1.300268630194474917e-01	-1.560339547897847123e-01	1.608247938555915357e-01	-1.673320131148597623e-01	1.574423044078041845e-01	-1.154479608825138143e-01	1.160160708179402700e-01	-1.215683505071853687e-01	1.251653897135265314e-01
3.734879286246609031e-02	-3.431728442251182759e-02	3.536830834358756226e-02	-3.990732811201719299e-02	1.283640706096343953e-01	-1.312137974383559003e-01	7.185310213118102640e-02	-6.344550061111423056e-02	1.015207005519817018e-01	-7.417634670094468141e-02	1.460603498991834837e-01	-6.837975241697917539e-02	7.162860361203120252e-02	-8.366683532972643556e-02	1.128048916670307822e-01	-7.028064400725544392e-01	1.711975539292298898e-01	-1.190409976648935664e-01	1.239587498765891971e-01	-8.313662610999514313e-02	1.000000000000005773e+00	-5.845310488077493094e-01	1.410341328396922944e-01	-1.105053239459974357e-01	7.543987047430016080e-02	-7.846430617452444800e-02	2.327638792167704973e-01	-1.560193790162689720e-01	9.720020842377800896e-02	-1.007515358557810603e-01	7.000079926424887522e-02	-1.696243343363303124e-01	1.318608473928943314e-01	-1.036103349788510819e-01	8.758793490543065330e-02	-1.475365948824615969e-01	1.106315935381036591e-01	-9.715272412108709454e-02	8.458639012072012575e-02	-8.292428866071417659e-02
-4.600827404314224156e-02	4.193490214188273779e-02	-4.628307769690094553e-02	5.158741738037617153e-02	-1.794401640222888228e-01	1.327891888823418409e-01	-9.747587666484604230e-02	8.635719207304828893e-02	-1.421218024436702032e-01	1.034273822466547921e-01	-1.558945200489653682e-01	9.213367221374695049e-02	-9.876015492040945976e-02	1.181305763875857007e-01	-1.596578329856308265e-01	3.066063418152217279e-01	-2.837429451096897814e-01	1.769686191362615513e-01	-1.848957396018802157e-01	1.166306448887390185e-01	-5.845310488077493094e-01	1.000000000000003109e+00	-2.346204690978984653e-01	1.608441151149595516e-01	-1.079354045037221599e-01	1.003144424436919063e-01	-5.246866419644943269e-01	2.257289095545417512e-01	-1.403266831522225477e-01	1.405178761153238753e-01	-9.408881048280201553e-02	2.369242547649189068e-01	-1.957427921824891892e-01	1.458186235096650407e-01	-1.243368299545629385e-01	1.932653648452525574e-01	-1.599369849518277320e-01	1.355672242668470029e-01	-1.201316778703427207e-01	1.150709827244690148e-01
4.283912307022665761e-02	-3.967532259582447901e-02	4.535675366671543945e-02	-5.119018865874244706e-02	1.567126677735774798e-01	-1.140796634902904449e-01	9.630600743221927329e-02	-9.056905877969027852e-02	1.370089079268785870e-01	-1.006653558753922290e-01	1.111533520124516894e-01	-9.948052968236101301e-02	1.066574625889507716e-01	-1.392393416394340500e-01	1.650046325023063476e-01	-1.882951408316824449e-01	2.832919019847898734e-01	-4.252064115581384862e-01	2.959453964922806879e-01	-1.851768904041477259e-01	1.410341328396922944e-01	-2.346204690978984653e-01	1.000000000000004219e+00	-4.934153719238450475e-01	1.681029724517099366e-01	-8.660486045375724584e-02	2.135303322691928518e-01	-5.603248240474085762e-01	2.180718938514313865e-01	-2.121595927136850912e-01	7.796794896946711295e-02	-2.020006399103059236e-01	2.330527333804278400e-01	-2.073462405291253974e-01	1.559020750072717953e-01	-2.099338446374079958e-01	1.525240740289724173e-01	-1.555069916376248806e-01	1.390594910916845284e-01	-1.440311208734851856e-01
-4.104275276369814818e-02	3.792045626401861075e-02	-4.444330480294324953e-02	4.987331035122963968e-02	-1.583104844249375864e-01	1.023693551719534883e-01	-9.475082361402330233e-02	8.922316624816439834e-02	-1.480177609146930695e-01	1.056141449054120163e-01	-9.988746917848484452e-02	9.402341852169664171e-02	-1.038441789155990225e-01	1.651935315940267490e-01	-1.932390394033457748e-01	1.483816251097020700e-01	-2.629950816167752614e-01	2.627364990758010443e-01	-5.835598880819073964e-01	2.292966832674685485e-01	-1.105053239459974357e-01	1.608441151149595516e-01	-4.934153719238450475e-01	1.000000000000002665e+00	-2.748632047613158713e-01	7.341675445646163312e-02	-1.665942943421025169e-01	2.618990296344346214e-01	-3.850290306714148070e-01	2.460960847113498329e-01	-6.653316780859187818e-02	1.657019380166167843e-01	-2.056039003241423024e-01	2.159288574179918374e-01	-1.698352716627537784e-01	1.872098638525415693e-01	-1.373603275664521117e-01	1.400675426807647395e-01	-1.379322446803420144e-01	1.419665450087708725e-01
3.043068782085130500e-02	-2.804461636328399454e-02	3.258510804945593392e-02	-3.666431003882025808e-02	1.217761656054365260e-01	-7.681010938837672108e-02	6.769481246180709955e-02	-6.338567546066872782e-02	1.070839301995952647e-01	-7.930516229428032082e-02	7.417502041905107979e-02	-6.499496140369281916e-02	7.111527572584366852e-02	-1.129788931110743549e-01	1.432892180642079405e-01	-1.063304991040075892e-01	1.533412774321935845e-01	-1.391211844217089821e-01	2.162019922260710880e-01	-8.341628805980322303e-01	7.543987047430016080e-02	-1.079354045037221599e-01	1.681029724517099366e-01	-2.748632047613158713e-01	9.999999999999960032e-01	-5.545493749850805010e-02	1.130274461919279078e-01	-1.624211172156311556e-01	2.050940911175810621e-01	-3.415439211776654660e-01	5.000655664873666917e-02	-1.222690433616502037e-01	1.438293058457640328e-01	-1.620688725701051047e-01	1.598899424632462818e-01	-1.484926324636934025e-01	1.067438659906232573e-01	-1.110700624945696879e-01	1.138986617089312731e-01	-1.258087126665254352e-01
-2.354370640273144299e-02	2.127307298773222985e-02	-2.449880846114975766e-02	2.704628303482356499e-02	-1.094929388713600515e-01	5.909979028235005233e-02	-5.089950322098032304e-02	4.532540907924474671e-02	-8.211835951756711605e-02	5.990995554000448642e-02	-6.446693254545016183e-02	4.482353087328809493e-02	-4.995820022290699963e-02	6.354517297755664373e-02	-9.028960838998807692e-02	9.031300220644572496e-02	-9.746050310484023760e-02	6.969770422719187564e-02	-8.493942302482436479e-02	5.936406295470362388e-02	-7.846430617452444800e-02	1.003144424436919063e-01	-8.660486045375724584e-02	7.341675445646163312e-02	-5.545493749850805010e-02	1.000000000000000000e+00	-1.649158211807754681e-01	1.045148021090389623e-01	-7.648140950509915714e-02	7.708191076170212153e-02	-9.365652265515344022e-01	1.855534301939724406e-01	-1.267349183663782630e-01	8.584884447410212616e-02	-7.664837226996615294e-02	1.581410796862302015e-01	-1.285654562842448168e-01	9.207438005846861617e-02	-8.051705887316454313e-02	7.127672257274414447e-02
4.314284703250947928e-02	-3.949737990207399102e-02	4.341204071678037013e-02	-4.865862016295788295e-02	1.681820346925273491e-01	-1.269987233842939656e-01	8.959204327178307836e-02	-8.036899157065253985e-02	1.331642768142337896e-01	-9.753140578651010861e-02	1.317523633241635961e-01	-8.423102456464956478e-02	9.055618521991513903e-02	-1.123641056965817425e-01	1.507053432087741840e-01	-2.891542337865838364e-01	2.128766302430088464e-01	-1.627368853915094893e-01	1.747729607899568827e-01	-1.240724831365124237e-01	2.327638792167704973e-01	-5.246866419644943269e-01	2.135303322691928518e-01	-1.665942943421025169e-01	1.130274461919279078e-01	-1.649158211807754681e-01	9.999999999999988898e-01	-3.579029748924677512e-01	1.564881533828083038e-01	-1.611623115912396986e-01	1.435561533650684118e-01	-5.539327605203889782e-01	2.512938872620470443e-01	-1.803812794526761520e-01	1.448520948355842553e-01	-2.568765004901144011e-01	2.159783236653813054e-01	-1.830226073613019366e-01	1.473363108840477498e-01	-1.418942612085937194e-01
-4.853792859572207685e-02	4.441827101454859372e-02	-5.121720824127759530e-02	5.704397064215552954e-02	-1.962898538154850825e-01	1.233590637200669693e-01	-1.095275486397657705e-01	9.907536639527016187e-02	-1.626506473283053367e-01	1.180675262724361768e-01	-1.272131582162971397e-01	1.048865640314100983e-01	-1.149929607344541832e-01	1.468725566994502352e-01	-1.925100093688419944e-01	1.913042054438661987e-01	-3.136742235031381165e-01	2.450884567414325366e-01	-2.767843852570990859e-01	1.664719695132603761e-01	-1.560193790162689720e-01	2.257289095545417512e-01	-5.603248240474085762e-01	2.618990296344346214e-01	-1.624211172156311556e-01	1.045148021090389623e-01	-3.579029748924677512e-01	9.999999999999954481e-01	-2.435006431297008500e-01	2.102115476525880933e-01	-9.769237534321277561e-02	2.593865811895588180e-01	-4.572159144956827737e-01	2.374019598366736705e-01	-1.867795263012106133e-01	2.331901562683298956e-01	-1.988303187361031843e-01	1.951284955497266105e-01	-1.754543422231548133e-01	1.654899068324347244e-01
3.594458719004668679e-02	-3.300297421495711897e-02	3.801226205155726345e-02	-4.261845490936020525e-02	1.459173710884257569e-01	-9.231306572801779853e-02	7.920515894360305453e-02	-7.306788640890897468e-02	1.227355383619450069e-01	-9.009651413401124909e-02	9.112273130538309229e-02	-7.540805802924353818e-02	8.237498112462568467e-02	-1.189001218621403427e-01	1.494767524988043494e-01	-1.343665388886980117e-01	1.836223532007829617e-01	-1.644968966938931965e-01	2.327624867379365914e-01	-2.120262728834033661e-01	9.720020842377800896e-02	-1.403266831522225477e-01	2.180718938514313865e-01	-3.850290306714148070e-01	2.050940911175810621e-01	-7.648140950509915714e-02	1.564881533828083038e-01	-2.435006431297008500e-01	1.000000000000002220e+00	-5.888020936877754741e-01	6.960959617061292237e-02	-1.807492266518644364e-01	2.450701941664525096e-01	-5.290608868018940036e-01	2.654926299636063969e-01	-1.991268233660299924e-01	1.577921170689661479e-01	-1.783966800028923272e-01	1.938761669196572002e-01	-2.120990128464751989e-01
-4.083297098494263755e-02	3.726981696396889504e-02	-4.349992857801932011e-02	4.838625665404106685e-02	-1.763816926398858176e-01	9.990515286276693829e-02	-9.137019776464473664e-02	8.332426513405344348e-02	-1.452241131663590257e-01	1.055647387324186032e-01	-1.011327586021114333e-01	8.443596364229273565e-02	-9.369940973940506235e-02	1.323397060135204639e-01	-1.776406922304452907e-01	1.364120026323182855e-01	-2.051768548734837772e-01	1.635492990168510297e-01	-2.459736945808959074e-01	2.397580078477471732e-01	-1.007515358557810603e-01	1.405178761153238753e-01	-2.121595927136850912e-01	2.460960847113498329e-01	-3.415439211776654660e-01	7.708191076170212153e-02	-1.611623115912396986e-01	2.102115476525880933e-01	-5.888020936877754741e-01	9.999999999999982236e-01	-7.107319554473362500e-02	1.767391116068685319e-01	-2.443383882184070599e-01	2.978434523908111142e-01	-4.647172397702142299e-01	2.024376233868163955e-01	-1.710378600145018302e-01	1.806250684170326026e-01	-2.221731752409077387e-01	2.361937424326343016e-01
2.060921307933407526e-02	-1.865633894035204077e-02	2.136843459957758762e-02	-2.364311932019675516e-02	9.402187979850333555e-02	-5.278546215113181367e-02	4.429406441157552471e-02	-3.950779825356654645e-02	7.091185746299524806e-02	-5.179437978679088395e-02	5.672619273363139342e-02	-3.929015253145975300e-02	4.360596927251802341e-02	-5.548647670199118032e-02	7.827291210863218662e-02	-8.433223447955924545e-02	8.618511121961200394e-02	-6.255132416948623597e-02	7.552871702552124700e-02	-5.384148492813412706e-02	7.000079926424887522e-02	-9.408881048280201553e-02	7.796794896946711295e-02	-6.653316780859187818e-02	5.000655664873666917e-02	-9.365652265515344022e-01	1.435561533650684118e-01	-9.769237534321277561e-02	6.960959617061292237e-02	-7.107319554473362500e-02	1.000000000000000000e+00	-2.258102962145277504e-01	1.166826576221435124e-01	-8.044121330742499965e-02	7.023663122953888172e-02	-1.776851875175858297e-01	1.237051794966883833e-01	-8.938099969421492430e-02	7.486742322283554407e-02	-6.699805397394231754e-02
-4.631593906501327990e-02	4.200600190030302772e-02	-4.803056300373063914e-02	5.321603010208837692e-02	-2.046828174881948070e-01	1.194892861915052285e-01	-1.002222393353164182e-01	8.949354356030712887e-02	-1.574462837758349165e-01	1.148063853355218988e-01	-1.297775523154938992e-01	9.034267678284474412e-02	-9.979589248129071277e-02	1.268827590688977325e-01	-1.763627301982021167e-01	1.914897376621678693e-01	-2.137952996475214196e-01	1.543149381699129019e-01	-1.855200723679044095e-01	1.300268630194474917e-01	-1.696243343363303124e-01	2.369242547649189068e-01	-2.020006399103059236e-01	1.657019380166167843e-01	-1.222690433616502037e-01	1.855534301939724406e-01	-5.539327605203889782e-01	2.593865811895588180e-01	-1.807492266518644364e-01	1.767391116068685319e-01	-2.258102962145277504e-01	9.999999999999990008e-01	-4.235957029203581969e-01	2.151521499768551671e-01	-1.810028369346707300e-01	2.810811442162464702e-01	-4.255235288413215522e-01	2.435731724404771037e-01	-1.997913850462157692e-01	1.700691402176264799e-01
4.196591500194391672e-02	-3.836816574947878034e-02	4.355808149161737725e-02	-4.868286273620767157e-02	1.737060382733729980e-01	-1.117332687763780835e-01	9.040144798974855678e-02	-8.191841499367479018e-02	1.387155526052180343e-01	-1.017517743562897231e-01	1.128288004875889899e-01	-8.429780759970456616e-02	9.198782427422222407e-02	-1.205528966676120001e-01	1.602959995020279971e-01	-1.781676513694165909e-01	2.044422239720440626e-01	-1.674298225327805478e-01	1.972061885663989600e-01	-1.560339547897847123e-01	1.318608473928943314e-01	-1.957427921824891892e-01	2.330527333804278400e-01	-2.056039003241423024e-01	1.438293058457640328e-01	-1.267349183663782630e-01	2.512938872620470443e-01	-4.572159144956827737e-01	2.450701941664525096e-01	-2.443383882184070599e-01	1.166826576221435124e-01	-4.235957029203581969e-01	9.999999999999986677e-01	-4.765127051762082511e-01	2.337428950714534048e-01	-2.875223565669736692e-01	2.606589122102215272e-01	-3.732337226208589653e-01	2.454566119994180395e-01	-2.373190966721789308e-01
-3.847125313134660413e-02	3.508940231964981921e-02	-4.059466524983686153e-02	4.517129992845721198e-02	-1.655740355514276063e-01	9.652620054494119584e-02	-8.497391954671937309e-02	7.712870029809171246e-02	-1.336004954135148193e-01	9.737557300687242623e-02	-9.853762915964769942e-02	7.842292329384573102e-02	-8.665813865004313998e-02	1.180073588948599428e-01	-1.577582388911394629e-01	1.381832338093328671e-01	-1.903746281811819208e-01	1.515626750409141410e-01	-2.094352947554921074e-01	1.608247938555915357e-01	-1.036103349788510819e-01	1.458186235096650407e-01	-2.073462405291253974e-01	2.159288574179918374e-01	-1.620688725701051047e-01	8.584884447410212616e-02	-1.803812794526761520e-01	2.374019598366736705e-01	-5.290608868018940036e-01	2.978434523908111142e-01	-8.044121330742499965e-02	2.151521499768551671e-01	-4.765127051762082511e-01	9.999999999999995559e-01	-4.252015651498216586e-01	2.182179261200005715e-01	-2.059691672681649988e-01	2.364969359019839512e-01	-3.366548094070576091e-01	2.622244625510389282e-01
3.259398399306444316e-02	-2.977102929051379798e-02	3.416948426642681114e-02	-3.813762282796849534e-02	1.384762213637849015e-01	-8.386904949258155995e-02	7.086300597591296824e-02	-6.442619807752442140e-02	1.111994813101708363e-01	-8.154376980067074010e-02	8.411926893615954970e-02	-6.539881159753378748e-02	7.189706397308312513e-02	-9.814379560491114096e-02	1.311420878740256757e-01	-1.211604895507799873e-01	1.521151808041386611e-01	-1.222737998561214678e-01	1.635430725140838426e-01	-1.673320131148597623e-01	8.758793490543065330e-02	-1.243368299545629385e-01	1.559020750072717953e-01	-1.698352716627537784e-01	1.598899424632462818e-01	-7.664837226996615294e-02	1.448520948355842553e-01	-1.867795263012106133e-01	2.654926299636063969e-01	-4.647172397702142299e-01	7.023663122953888172e-02	-1.810028369346707300e-01	2.337428950714534048e-01	-4.252015651498216586e-01	9.999999999999993339e-01	-2.156420109746908786e-01	1.807439285325869172e-01	-2.349258587625819295e-01	2.803350868692705555e-01	-6.177559788949018582e-01
-6.871914269178476531e-02	6.167515370478291598e-02	-7.278262480334679596e-02	7.974802057172723779e-02	-3.519183359631860020e-01	1.573541842660246270e-01	-1.511214506437502658e-01	1.344413716204154174e-01	-2.558116955023437278e-01	1.865511285331414859e-01	-1.723548334301204799e-01	1.283203664860601001e-01	-1.458942463817190505e-01	1.883286935970364395e-01	-2.757796803770780070e-01	1.909628303596834498e-01	-2.463592985709245897e-01	1.759366359753749554e-01	-2.246278386909101032e-01	1.574423044078041845e-01	-1.475365948824615969e-01	1.932653648452525574e-01	-2.099338446374079958e-01	1.872098638525415693e-01	-1.484926324636934025e-01	1.581410796862302015e-01	-2.568765004901144011e-01	2.331901562683298956e-01	-1.991268233660299924e-01	2.024376233868163955e-01	-1.776851875175858297e-01	2.810811442162464702e-01	-2.875223565669736692e-01	2.182179261200005715e-01	-2.156420109746908786e-01	1.000000000000000222e+00	-5.459057513073213297e-01	2.700283951865534160e-01	-2.476393367555435598e-01	1.973979429329645041e-01
3.799403008859845998e-02	-3.446681251770718213e-02	3.953895441585270065e-02	-4.384363198248832777e-02	1.715858809400951368e-01	-9.703245228652315757e-02	8.183544134862973107e-02	-7.337956127694068853e-02	1.307988549878630058e-01	-9.572948102893839850e-02	1.013602239618845990e-01	-7.315443458447139224e-02	8.106562704402668629e-02	-1.048814969911823630e-01	1.461962299208024729e-01	-1.468628690480849597e-01	1.609581097701364150e-01	-1.211012933646382489e-01	1.488500203231906960e-01	-1.154479608825138143e-01	1.106315935381036591e-01	-1.599369849518277320e-01	1.525240740289724173e-01	-1.373603275664521117e-01	1.067438659906232573e-01	-1.285654562842448168e-01	2.159783236653813054e-01	-1.988303187361031843e-01	1.577921170689661479e-01	-1.710378600145018302e-01	1.237051794966883833e-01	-4.255235288413215522e-01	2.606589122102215272e-01	-2.059691672681649988e-01	1.807439285325869172e-01	-5.459057513073213297e-01	1.000000000000000222e+00	-5.628904162626979790e-01	2.478661436036447285e-01	-2.149077057401446167e-01
-3.591578392571340150e-02	3.257830196901292941e-02	-3.768009364532701189e-02	4.173239683045944226e-02	-1.631564448040326853e-01	8.933654080955739929e-02	-7.846374035048563067e-02	7.046506025252884109e-02	-1.256052394281246543e-01	9.171540611917444741e-02	-9.349240045205581273e-02	7.032609675342008093e-02	-7.818477409534359268e-02	1.022750168697619533e-01	-1.421989238303498770e-01	1.273449354953191115e-01	-1.594844145961442639e-01	1.196262698395930413e-01	-1.516884631473511269e-01	1.160160708179402700e-01	-9.715272412108709454e-02	1.355672242668470029e-01	-1.555069916376248806e-01	1.400675426807647395e-01	-1.110700624945696879e-01	9.207438005846861617e-02	-1.830226073613019366e-01	1.951284955497266105e-01	-1.783966800028923272e-01	1.806250684170326026e-01	-8.938099969421492430e-02	2.435731724404771037e-01	-3.732337226208589653e-01	2.364969359019839512e-01	-2.349258587625819295e-01	2.700283951865534160e-01	-5.628904162626979790e-01	1.000000000000000444e+00	-5.571265955238283718e-01	2.535996264979640813e-01
3.080626947114746897e-02	-2.805390316912131227e-02	3.220644183478085093e-02	-3.583974325659353144e-02	1.344811670616650745e-01	-7.886713245788240512e-02	6.678540839206752178e-02	-6.033169492557814706e-02	1.055194104550670198e-01	-7.728366668972100340e-02	8.044778644100940290e-02	-6.080971001628748818e-02	6.709208642430099234e-02	-8.922586149478328732e-02	1.214529079581367216e-01	-1.152616886904433424e-01	1.390569555574152072e-01	-1.084500518453232198e-01	1.395221669133520082e-01	-1.215683505071853687e-01	8.458639012072012575e-02	-1.201316778703427207e-01	1.390594910916845284e-01	-1.379322446803420144e-01	1.138986617089312731e-01	-8.051705887316454313e-02	1.473363108840477498e-01	-1.754543422231548133e-01	1.938761669196572002e-01	-2.221731752409077387e-01	7.486742322283554407e-02	-1.997913850462157692e-01	2.454566119994180395e-01	-3.366548094070576091e-01	2.803350868692705555e-01	-2.476393367555435598e-01	2.478661436036447285e-01	-5.571265955238283718e-01	1.000000000000000666e+00	-5.915404582556766933e-01
