1.000000000000000000e+00	-5.088777818987069157e-01	2.444193482285675900e-01	-1.523362391702852703e-01	1.388724407954280704e-01	-7.471372518378389671e-01	2.834396010294660262e-01	-1.823789361975327317e-01	1.454800031663783799e-01	-1.153078922027614001e-01	1.575771396821852854e-01	-1.451682010539951384e-01	1.513169407619340823e-01	-1.124568032619490121e-01	8.419253291078844514e-02	-8.010905306381320423e-02	1.249847104802113140e-01	-1.182293298116728619e-01	9.361104744205904493e-02	-1.134857158854363501e-01	8.253324930095458367e-02	-1.019072249212900766e-01	1.041002151007627136e-01	-9.772360243048087980e-02	9.530767982863662391e-02	-5.567509064010200265e-02	8.200231616387682054e-02	-6.635950091109231452e-02	8.987626073282539707e-02	-1.257644474945744384e-01	5.156308757616175076e-02	-7.450593463431441632e-02	6.776576738497955277e-02	-1.209279101980138826e-01	8.178808148384968113e-02	-8.441682835563443787e-02	5.466291887726466847e-02	-6.105548638528754402e-02	5.373185286773597691e-02	-1.234019611979908504e-01
-5.088777818987069157e-01	1.000000000000000222e+00	-5.671054403352704387e-01	1.904672954542059038e-01	-1.822202276956104428e-01	3.024545747708640708e-01	-4.825320773633248184e-01	2.413273625243502474e-01	-1.888304032586232140e-01	1.337741817670040634e-01	-1.980414592071291502e-01	1.779710213551581321e-01	-1.919234550364371517e-01	1.288398723089594355e-01	-9.841585068708900985e-02	9.311105122798697675e-02	-1.509847565192030117e-01	1.396227015188659382e-01	-1.081019364551952661e-01	1.275704391478385824e-01	-9.629303085314083743e-02	1.151464757215323043e-01	-1.197703695626360781e-01	1.089515133182025752e-01	-1.071607606435824589e-01	6.180457567885691561e-02	-9.116646356488539160e-02	7.291191732014097593e-02	-9.811802348308615307e-02	1.346007561846911948e-01	-5.754337895140845816e-02	8.128275953471636450e-02	-7.442868794507982722e-02	1.295450670813586558e-01	-8.761243384453132332e-02	9.150563413636206289e-02	-5.968330370271971580e-02	6.524486631670038672e-02	-5.766195205245215616e-02	1.303397346137400992e-01
2.444193482285675900e-01	-5.671054403352704387e-01	1.000000000000000444e+00	-3.807184688011704954e-01	2.505751620907243904e-01	-2.727398399911615257e-01	2.944348407288947533e-01	-4.276910058142612825e-01	2.544671348907717179e-01	-1.990136412537803212e-01	1.896852395597158347e-01	-1.777813278403752029e-01	2.359050336340311471e-01	-1.841398658834054458e-01	1.389000240237024952e-01	-1.124842950325313368e-01	1.746122724462694786e-01	-1.813400283412381075e-01	1.491569717120761196e-01	-1.862939248560579464e-01	1.167438584134471991e-01	-1.516636534657180568e-01	1.559561733427163865e-01	-1.537067836456390280e-01	1.500193523212899893e-01	-8.231676824498117273e-02	1.228747048027717115e-01	-1.007435925074486177e-01	1.395834636991962474e-01	-1.964331089627460447e-01	7.606815171288917876e-02	-1.126012119121005683e-01	1.027638083899180266e-01	-1.879926520892584996e-01	1.270837797367155297e-01	-1.276189368055061779e-01	8.251754299191076114e-02	-9.425111568878703772e-02	8.286909969551621569e-02	-1.920002918353855559e-01
-1.523362391702852703e-01	1.904672954542059038e-01	-3.807184688011704954e-01	1.000000000000000444e+00	-7.846639375283545048e-01	1.507921694386610001e-01	-1.996136834995617393e-01	2.145574119960916848e-01	-2.946596481283474955e-01	1.761921530362246247e-01	-1.570097749399627651e-01	1.296364893946187757e-01	-1.938210774521295365e-01	1.528618961729804604e-01	-1.302711305962530042e-01	9.087153195152233853e-02	-1.456556124482879522e-01	1.393470321009216417e-01	-1.301650762105295567e-01	1.574413991719066930e-01	-9.861764860590456483e-02	1.220830316573755236e-01	-1.313375982462212654e-01	1.277585944989287903e-01	-1.294638994571726820e-01	6.694468515656096241e-02	-1.019649764469861136e-01	8.221220650249350115e-02	-1.150836623011350091e-01	1.574532296663978259e-01	-6.300543293124707955e-02	9.080153529216290764e-02	-8.470668894579198860e-02	1.504864098300683073e-01	-1.027930190640403141e-01	1.021532139439185194e-01	-6.705370232623249216e-02	7.543492992715383760e-02	-6.682723097460427364e-02	1.522732977071949434e-01
1.388724407954280704e-01	-1.822202276956104428e-01	2.505751620907243904e-01	-7.846639375283545048e-01	1.000000000000000444e+00	-1.555997361308799065e-01	1.829403649476932514e-01	-2.034695845822436511e-01	2.313712717164604638e-01	-2.131786434521433238e-01	1.576392669550416292e-01	-1.327654886089491837e-01	1.915909183356595546e-01	-1.801269374012849367e-01	1.461157877702534136e-01	-1.016761069483965024e-01	1.554267682007323126e-01	-1.524522179898190610e-01	1.488766122140188775e-01	-1.989717296313147366e-01	1.097296224630701783e-01	-1.458259802118140602e-01	1.515223165807528249e-01	-1.606901532007058431e-01	1.585291201083422474e-01	-8.323005302505305514e-02	1.268572278336063952e-01	-1.059374292146363361e-01	1.521152168732199383e-01	-2.206592273186337438e-01	7.737014481940560073e-02	-1.185414949556830577e-01	1.090873045189120899e-01	-2.095299310345559163e-01	1.431680041843486351e-01	-1.354669419792550178e-01	8.736217531798699809e-02	-1.055491082789401097e-01	9.237714925193689364e-02	-2.209719420357870445e-01
-7.471372518378389671e-01	3.024545747708640708e-01	-2.727398399911615257e-01	1.507921694386610001e-01	-1.555997361308799065e-01	1.000000000000000666e+00	-4.556540577103616596e-01	1.980144753446003991e-01	-1.658217904806565945e-01	1.191805239373444208e-01	-2.152737862891850595e-01	1.789839566386110248e-01	-1.788700612408248014e-01	1.176467900760556906e-01	-8.942145243333771143e-02	9.214272929750051688e-02	-1.492596453474866747e-01	1.321375775983867629e-01	-1.000896594799278727e-01	1.160195818013440433e-01	-9.565084396517378740e-02	1.102711133090355650e-01	-1.148166012060495567e-01	1.011958646300009645e-01	-9.965083115453514384e-02	5.942151034478799360e-02	-8.711682254749465726e-02	6.893452369007499470e-02	-9.142842333433072455e-02	1.244243743992765605e-01	-5.555062469128738134e-02	7.690215516215544167e-02	-7.047399182159382047e-02	1.200993116040702940e-01	-8.128286435082791861e-02	8.642783689532826386e-02	-5.655633817579640288e-02	6.072247349730602178e-02	-5.376134050972776468e-02	1.203844206024137498e-01
2.834396010294660262e-01	-4.825320773633248184e-01	2.944348407288947533e-01	-1.996136834995617393e-01	1.829403649476932514e-01	-4.556540577103616596e-01	1.000000000000000888e+00	-4.003124186555386266e-01	2.290948088373617186e-01	-1.781017816469499249e-01	2.608402143818931984e-01	-3.713261390849117993e-01	2.422526267934410893e-01	-1.724790782059714978e-01	1.264129096486201476e-01	-1.284516123867425752e-01	2.030766547692789137e-01	-1.940272084363732774e-01	1.410340280094313503e-01	-1.702007678044310246e-01	1.263873987073313998e-01	-1.568239289863331554e-01	1.571977995335935019e-01	-1.452887659727237490e-01	1.405756941957320982e-01	-8.313438201582601383e-02	1.211105831279197104e-01	-9.775618285252034301e-02	1.309515693561197347e-01	-1.817865813942920461e-01	7.641968711113353296e-02	-1.097014309320372416e-01	9.918761089969345413e-02	-1.750520464150424615e-01	1.178050828009133272e-01	-1.239358290493658282e-01	8.016048806448544672e-02	-8.811041728536558870e-02	7.760518460079172953e-02	-1.766387499971321939e-01
-1.823789361975327317e-01	2.413273625243502474e-01	-4.276910058142612825e-01	2.145574119960916848e-01	-2.034695845822436511e-01	1.980144753446003991e-01	-4.003124186555386266e-01	1.000000000000001110e+00	-5.472140529882693061e-01	2.196559255029640889e-01	-2.039766469162333784e-01	1.921461544822871959e-01	-4.443891810476452986e-01	1.989629322825579583e-01	-1.592191602827970898e-01	1.156949907691486729e-01	-1.969823446249618359e-01	2.132053403607775122e-01	-1.639839124282826965e-01	1.835238609519691255e-01	-1.206537348225652784e-01	1.503846097320280795e-01	-1.645975358078348161e-01	1.488385748918399365e-01	-1.488497233148003973e-01	7.662344826167490075e-02	-1.156091984031867581e-01	9.232099677404204119e-02	-1.265385586052737710e-01	1.677640330957790027e-01	-7.146140850446665305e-02	1.010818777348948400e-01	-9.379332823318893564e-02	1.610743828088683216e-01	-1.086653059654213438e-01	1.124945414223353229e-01	-7.402217604943062135e-02	7.986128719730212211e-02	-7.105101946933325974e-02	1.573270335415683230e-01
1.454800031663783799e-01	-1.888304032586232140e-01	2.544671348907717179e-01	-2.946596481283474955e-01	2.313712717164604638e-01	-1.658217904806565945e-01	2.290948088373617186e-01	-5.472140529882693061e-01	1.000000000000000000e+00	-4.801097857498908272e-01	1.745384186287315953e-01	-1.579643797871821131e-01	2.592957657330062782e-01	-3.125558733614914875e-01	2.386223723179594081e-01	-1.103726928489307119e-01	1.759534088364341775e-01	-1.915653284761586472e-01	2.137887445138120235e-01	-2.805059977530146575e-01	1.167567691086695697e-01	-1.545249083835208426e-01	1.668851987762397515e-01	-1.860894970935211834e-01	1.875336156527752374e-01	-7.949580439910006180e-02	1.230180922396827831e-01	-1.005579931211841027e-01	1.481751540365130460e-01	-1.956238610089559016e-01	7.426198114383968096e-02	-1.084809926683182879e-01	1.023814097689832031e-01	-1.846680410097993885e-01	1.244662453740333491e-01	-1.204015177129238306e-01	7.949440133612339920e-02	-8.893882152568782784e-02	7.948795608495921872e-02	-1.766913566177476524e-01
-1.153078922027614001e-01	1.337741817670040634e-01	-1.990136412537803212e-01	1.761921530362246247e-01	-2.131786434521433238e-01	1.191805239373444208e-01	-1.781017816469499249e-01	2.196559255029640889e-01	-4.801097857498908272e-01	1.000000000000000222e+00	-1.528200939602021857e-01	1.252159251771884640e-01	-2.115450151118050959e-01	1.931216028164324805e-01	-6.691472111938806533e-01	9.261203774447866743e-02	-1.533043955201659481e-01	1.488999976388396540e-01	-1.930061170138875626e-01	2.927714506554177643e-01	-1.023440534590687734e-01	1.280699020830134705e-01	-1.487550755208466857e-01	1.650154785582000905e-01	-2.092595884549378893e-01	6.564137842159689651e-02	-1.047885875667722011e-01	8.369975078314620398e-02	-1.289109386396491974e-01	1.586536727066208408e-01	-6.264095275943025454e-02	8.779258893818661647e-02	-8.632974506079864330e-02	1.474696734062105330e-01	-1.024227885738913935e-01	9.575881536879976563e-02	-6.497374723289718601e-02	7.033331181169738544e-02	-6.404373427746166969e-02	1.361454200923818969e-01
1.575771396821852854e-01	-1.980414592071291502e-01	1.896852395597158347e-01	-1.570097749399627651e-01	1.576392669550416292e-01	-2.152737862891850595e-01	2.608402143818931984e-01	-2.039766469162333784e-01	1.745384186287315953e-01	-1.528200939602021857e-01	1.000000000000001776e+00	-7.468832550520450031e-01	2.358338379381464123e-01	-1.692615149917743589e-01	1.151811672213935850e-01	-2.275395030311348488e-01	2.700895789438848560e-01	-2.325172124363978077e-01	1.418942170869019193e-01	-1.633419592664985820e-01	1.802215825173365815e-01	-2.020769293793094334e-01	1.832670974557765176e-01	-1.559443115178628381e-01	1.464816631957507331e-01	-1.080895494400141016e-01	1.453212927686987344e-01	-1.155766543107178274e-01	1.447103881883805565e-01	-2.019278067412338395e-01	9.659873751719461055e-02	-1.332727455638045289e-01	1.160892281163607986e-01	-1.971244198717599927e-01	1.315099334239223372e-01	-1.517512944129929819e-01	9.671085989678715467e-02	-1.009824668533805259e-01	8.855693656821889137e-02	-1.993354136259726794e-01
-1.451682010539951384e-01	1.779710213551581321e-01	-1.777813278403752029e-01	1.296364893946187757e-01	-1.327654886089491837e-01	1.789839566386110248e-01	-3.713261390849117993e-01	1.921461544822871959e-01	-1.579643797871821131e-01	1.252159251771884640e-01	-7.468832550520450031e-01	9.999999999999995559e-01	-2.698523109512171447e-01	1.395114582640993584e-01	-9.506355010992649512e-02	1.741577628747834894e-01	-3.722850951653438045e-01	2.185490529740895249e-01	-1.196836670018611576e-01	1.302815052376007088e-01	-1.598840818479476678e-01	1.658662694814213578e-01	-1.607254956992941464e-01	1.238464411210044719e-01	-1.173418572960747280e-01	8.392564011086006692e-02	-1.162773159875871432e-01	8.976570807277314823e-02	-1.107834191982163402e-01	1.491623379370684288e-01	-7.696087406647406093e-02	1.012030313208732019e-01	-9.015515885606631419e-02	1.457351446639567338e-01	-9.729457980879908929e-02	1.132910064183742099e-01	-7.368237530858710860e-02	7.438934807538080674e-02	-6.576540849095142971e-02	1.440057336381340980e-01
1.513169407619340823e-01	-1.919234550364371517e-01	2.359050336340311471e-01	-1.938210774521295365e-01	1.915909183356595546e-01	-1.788700612408248014e-01	2.422526267934410893e-01	-4.443891810476452986e-01	2.592957657330062782e-01	-2.115450151118050959e-01	2.358338379381464123e-01	-2.698523109512171447e-01	1.000000000000001776e+00	-2.842711692140649227e-01	1.553828180401242709e-01	-1.714780422322639275e-01	2.837795657348235467e-01	-5.526352224988597683e-01	2.131710540683277866e-01	-2.172334396799450729e-01	1.665906951854612128e-01	-2.336092214889381458e-01	2.441368567204257878e-01	-2.032902881249199212e-01	1.868113951795512262e-01	-1.092797443727030193e-01	1.630273903804903557e-01	-1.314789814216871244e-01	1.711134157432597225e-01	-2.295134816607201922e-01	9.969768250020186184e-02	-1.450039608777408950e-01	1.307765012068158317e-01	-2.235653964675106409e-01	1.479903075238740984e-01	-1.612156239771900257e-01	1.046769513576941146e-01	-1.111699253564259471e-01	9.824424563659485410e-02	-2.174483982338668020e-01
-1.124568032619490121e-01	1.288398723089594355e-01	-1.841398658834054458e-01	1.528618961729804604e-01	-1.801269374012849367e-01	1.176467900760556906e-01	-1.724790782059714978e-01	1.989629322825579583e-01	-3.125558733614914875e-01	1.931216028164324805e-01	-1.692615149917743589e-01	1.395114582640993584e-01	-2.842711692140649227e-01	9.999999999999993339e-01	-1.874933894142334079e-01	1.096817720848902861e-01	-1.890756621182996255e-01	2.017765747032962964e-01	-7.686546565605907322e-01	2.373556895041845916e-01	-1.212551590671215734e-01	1.559998220837899296e-01	-1.920144846173290343e-01	2.348996287846121245e-01	-2.345725345093507830e-01	7.567059701484904477e-02	-1.238821201485363899e-01	9.911799837044220352e-02	-1.642774619100229594e-01	1.793067750258343640e-01	-7.231158695024232641e-02	1.011252093740116764e-01	-1.015332811608244817e-01	1.709608989228134091e-01	-1.161000043959436318e-01	1.086345686126190535e-01	-7.455020524737222820e-02	7.916479354658570444e-02	-7.281348129884321341e-02	1.491863905239803889e-01
8.419253291078844514e-02	-9.841585068708900985e-02	1.389000240237024952e-01	-1.302711305962530042e-01	1.461157877702534136e-01	-8.942145243333771143e-02	1.264129096486201476e-01	-1.592191602827970898e-01	2.386223723179594081e-01	-6.691472111938806533e-01	1.151811672213935850e-01	-9.506355010992649512e-02	1.553828180401242709e-01	-1.874933894142334079e-01	9.999999999999977796e-01	-7.402272754474105432e-02	1.194486544843069153e-01	-1.204316814704075866e-01	1.774592508090608589e-01	-5.936740255298088575e-01	8.134894584494212211e-02	-1.090063957523172977e-01	1.244450872754847143e-01	-1.707022566380834994e-01	2.050339089016497141e-01	-5.436993089284312269e-02	8.823399448137810019e-02	-7.263251248975861885e-02	1.189177684532915641e-01	-1.508750444027764925e-01	5.159418299555474513e-02	-7.482066441039104954e-02	7.413698864019116486e-02	-1.354323996268780583e-01	9.233908731726259145e-02	-8.117699011270963771e-02	5.502212855898016425e-02	-6.184544198589293773e-02	5.637956043594977151e-02	-1.211453522524255644e-01
-8.010905306381320423e-02	9.311105122798697675e-02	-1.124842950325313368e-01	9.087153195152233853e-02	-1.016761069483965024e-01	9.214272929750051688e-02	-1.284516123867425752e-01	1.156949907691486729e-01	-1.103726928489307119e-01	9.261203774447866743e-02	-2.275395030311348488e-01	1.741577628747834894e-01	-1.714780422322639275e-01	1.096817720848902861e-01	-7.402272754474105432e-02	1.000000000000005107e+00	-3.942769130455916482e-01	1.961958639003034133e-01	-9.957290964509683817e-02	1.031423062263776558e-01	-8.091913626804195792e-01	2.093165353745023993e-01	-1.841264716441858851e-01	1.101096021114379708e-01	-1.030346174445423285e-01	1.486687641014307060e-01	-1.389439510819594492e-01	9.480216860820649127e-02	-9.859676372152499646e-02	1.250580603854792860e-01	-1.421854747053527546e-01	1.082736703259206679e-01	-9.547077657756553037e-02	1.250066324379647265e-01	-8.267454667317901407e-02	1.221417645663794987e-01	-8.236614738041017625e-02	6.674864467924643274e-02	-5.975730648276395690e-02	1.185953867900154113e-01
1.249847104802113140e-01	-1.509847565192030117e-01	1.746122724462694786e-01	-1.456556124482879522e-01	1.554267682007323126e-01	-1.492596453474866747e-01	2.030766547692789137e-01	-1.969823446249618359e-01	1.759534088364341775e-01	-1.533043955201659481e-01	2.700895789438848560e-01	-3.722850951653438045e-01	2.837795657348235467e-01	-1.890756621182996255e-01	1.194486544843069153e-01	-3.942769130455916482e-01	1.000000000000004663e+00	-5.529771465678978704e-01	1.664448546974325871e-01	-1.707987826069742587e-01	2.582432025309497337e-01	-3.299181965505915137e-01	2.648027139117726803e-01	-1.777899384583770115e-01	1.612927889437378581e-01	-1.321151929332734509e-01	1.807739605813747930e-01	-1.367840646675174132e-01	1.543040400497047437e-01	-2.029049358608735476e-01	1.170019456374557371e-01	-1.545231277623201338e-01	1.332412852236848078e-01	-2.008652096794065200e-01	1.321647947080308860e-01	-1.700341741223285741e-01	1.100747339697237537e-01	-1.033271857445141328e-01	9.143317278990240049e-02	-1.932867245182666449e-01
-1.182293298116728619e-01	1.396227015188659382e-01	-1.813400283412381075e-01	1.393470321009216417e-01	-1.524522179898190610e-01	1.321375775983867629e-01	-1.940272084363732774e-01	2.132053403607775122e-01	-1.915653284761586472e-01	1.488999976388396540e-01	-2.325172124363978077e-01	2.185490529740895249e-01	-5.526352224988597683e-01	2.017765747032962964e-01	-1.204316814704075866e-01	1.961958639003034133e-01	-5.529771465678978704e-01	9.999999999999967804e-01	-2.128698084204314889e-01	1.660734095548775380e-01	-2.038535199513767104e-01	2.565357596898434900e-01	-4.013223621822545883e-01	1.818121561824068699e-01	-1.653381570216559682e-01	1.037664923117266047e-01	-1.613754548823551072e-01	1.219056242650038147e-01	-1.445325205082569620e-01	1.774557281319680546e-01	-9.695590255484512476e-02	1.287953221050461838e-01	-1.197605762875321583e-01	1.748795353224320004e-01	-1.155417057915948120e-01	1.381100163820388749e-01	-9.273973596093437743e-02	8.795583410067142616e-02	-7.887540220268503266e-02	1.623165032631989912e-01
9.361104744205904493e-02	-1.081019364551952661e-01	1.491569717120761196e-01	-1.301650762105295567e-01	1.488766122140188775e-01	-1.000896594799278727e-01	1.410340280094313503e-01	-1.639839124282826965e-01	2.137887445138120235e-01	-1.930061170138875626e-01	1.418942170869019193e-01	-1.196836670018611576e-01	2.131710540683277866e-01	-7.686546565605907322e-01	1.774592508090608589e-01	-9.957290964509683817e-02	1.664448546974325871e-01	-2.128698084204314889e-01	1.000000000000000666e+00	-3.225616198684033153e-01	1.076638729821742801e-01	-1.527428556209052823e-01	1.808925695554410573e-01	-3.480259556303569313e-01	2.400303139799024044e-01	-7.029012516390534260e-02	1.161994398857898458e-01	-9.693268893528381169e-02	1.692352556795574947e-01	-1.879203760663660239e-01	6.643088314406968287e-02	-9.687229852490376880e-02	9.714555838015428990e-02	-1.798692024987048332e-01	1.156981120700784210e-01	-1.035353227093008671e-01	7.060413220230796205e-02	-7.808338048562293854e-02	7.158799921911200570e-02	-1.479633472680162432e-01
-1.134857158854363501e-01	1.275704391478385824e-01	-1.862939248560579464e-01	1.574413991719066930e-01	-1.989717296313147366e-01	1.160195818013440433e-01	-1.702007678044310246e-01	1.835238609519691255e-01	-2.805059977530146575e-01	2.927714506554177643e-01	-1.633419592664985820e-01	1.302815052376007088e-01	-2.172334396799450729e-01	2.373556895041845916e-01	-5.936740255298088575e-01	1.031423062263776558e-01	-1.707987826069742587e-01	1.660734095548775380e-01	-3.225616198684033153e-01	1.000000000000001110e+00	-1.157030484626118128e-01	1.505331648942904166e-01	-1.839034465798020102e-01	2.506751218433145301e-01	-4.498447601058367384e-01	7.421319164812123503e-02	-1.233170010559834773e-01	9.981416965484929404e-02	-1.729576597942123206e-01	2.002604668796868770e-01	-7.129167451524431875e-02	1.005965999133536792e-01	-1.027642220128317935e-01	1.784388032419652048e-01	-1.259685866617359651e-01	1.077167882846000457e-01	-7.443312849005338794e-02	8.108487284260984529e-02	-7.512685088905707298e-02	1.548655203571857875e-01
8.253324930095458367e-02	-9.629303085314083743e-02	1.167438584134471991e-01	-9.861764860590456483e-02	1.097296224630701783e-01	-9.565084396517378740e-02	1.263873987073313998e-01	-1.206537348225652784e-01	1.167567691086695697e-01	-1.023440534590687734e-01	1.802215825173365815e-01	-1.598840818479476678e-01	1.665906951854612128e-01	-1.212551590671215734e-01	8.134894584494212211e-02	-8.091913626804195792e-01	2.582432025309497337e-01	-2.038535199513767104e-01	1.076638729821742801e-01	-1.157030484626118128e-01	1.000000000000002442e+00	-2.915218201895107275e-01	1.949613002432414588e-01	-1.247028412498821098e-01	1.145891635464729441e-01	-2.189822505786275242e-01	1.607599947834385812e-01	-1.121916553740920086e-01	1.132980866540549275e-01	-1.465871846460311545e-01	1.614859117947554934e-01	-1.318347539704480542e-01	1.105388151140208747e-01	-1.471454671059238273e-01	9.661974810710889650e-02	-1.507710540160828172e-01	9.800086512069042244e-02	-7.897501892104136223e-02	7.016623688015033444e-02	-1.404807878809919142e-01
-1.019072249212900766e-01	1.151464757215323043e-01	-1.516636534657180568e-01	1.220830316573755236e-01	-1.458259802118140602e-01	1.102711133090355650e-01	-1.568239289863331554e-01	1.503846097320280795e-01	-1.545249083835208426e-01	1.280699020830134705e-01	-2.020769293793094334e-01	1.658662694814213578e-01	-2.336092214889381458e-01	1.559998220837899296e-01	-1.090063957523172977e-01	2.093165353745023993e-01	-3.299181965505915137e-01	2.565357596898434900e-01	-1.527428556209052823e-01	1.505331648942904166e-01	-2.915218201895107275e-01	9.999999999999990008e-01	-6.587380386101898688e-01	1.969644920799904497e-01	-1.801545803227798392e-01	1.415404543365198220e-01	-4.054938560591114238e-01	1.941436312017942034e-01	-1.640101954552215247e-01	1.815741407465271962e-01	-1.334508386048668949e-01	1.948077257295967868e-01	-1.842667500295151195e-01	1.855572886131092170e-01	-1.210371348847294887e-01	1.829802779146917080e-01	-1.352367791504217320e-01	1.002830170758160638e-01	-9.151577098610187699e-02	1.614673482922031889e-01
1.041002151007627136e-01	-1.197703695626360781e-01	1.559561733427163865e-01	-1.313375982462212654e-01	1.515223165807528249e-01	-1.148166012060495567e-01	1.571977995335935019e-01	-1.645975358078348161e-01	1.668851987762397515e-01	-1.487550755208466857e-01	1.832670974557765176e-01	-1.607254956992941464e-01	2.441368567204257878e-01	-1.920144846173290343e-01	1.244450872754847143e-01	-1.841264716441858851e-01	2.648027139117726803e-01	-4.013223621822545883e-01	1.808925695554410573e-01	-1.839034465798020102e-01	1.949613002432414588e-01	-6.587380386101898688e-01	1.000000000000001332e+00	-3.148874981114170857e-01	2.107556472905029454e-01	-1.272163670380427047e-01	2.415190627312347460e-01	-1.998440382601991694e-01	1.903511336218508543e-01	-2.208647569396173238e-01	1.153993622772825078e-01	-1.877913635524462999e-01	1.701905599503084898e-01	-2.232521322968187560e-01	1.404404445501269971e-01	-1.867871537142178906e-01	1.259377537490001531e-01	-1.105475230958886945e-01	9.919654358957714912e-02	-1.906595216262181869e-01
-9.772360243048087980e-02	1.089515133182025752e-01	-1.537067836456390280e-01	1.277585944989287903e-01	-1.606901532007058431e-01	1.011958646300009645e-01	-1.452887659727237490e-01	1.488385748918399365e-01	-1.860894970935211834e-01	1.650154785582000905e-01	-1.559443115178628381e-01	1.238464411210044719e-01	-2.032902881249199212e-01	2.348996287846121245e-01	-1.707022566380834994e-01	1.101096021114379708e-01	-1.777899384583770115e-01	1.818121561824068699e-01	-3.480259556303569313e-01	2.506751218433145301e-01	-1.247028412498821098e-01	1.969644920799904497e-01	-3.148874981114170857e-01	9.999999999999975575e-01	-6.493039215783497076e-01	8.244292210466384885e-02	-1.522816378808070081e-01	1.328214532457331343e-01	-3.980159382335134444e-01	2.625297549046006762e-01	-7.906582991252103509e-02	1.183801240420603584e-01	-1.320457920024584453e-01	2.490470959934913686e-01	-1.597087108988939630e-01	1.211242141930349014e-01	-8.612346057594333359e-02	9.658768440129796018e-02	-9.239972549858081752e-02	1.747861922339614682e-01
9.530767982863662391e-02	-1.071607606435824589e-01	1.500193523212899893e-01	-1.294638994571726820e-01	1.585291201083422474e-01	-9.965083115453514384e-02	1.405756941957320982e-01	-1.488497233148003973e-01	1.875336156527752374e-01	-2.092595884549378893e-01	1.464816631957507331e-01	-1.173418572960747280e-01	1.868113951795512262e-01	-2.345725345093507830e-01	2.050339089016497141e-01	-1.030346174445423285e-01	1.612927889437378581e-01	-1.653381570216559682e-01	2.400303139799024044e-01	-4.498447601058367384e-01	1.145891635464729441e-01	-1.801545803227798392e-01	2.107556472905029454e-01	-6.493039215783497076e-01	9.999999999999943379e-01	-7.928560829230164864e-02	1.389137802936474264e-01	-1.229503724459051484e-01	2.549603609718086861e-01	-3.532275542482577468e-01	7.539698936685663988e-02	-1.150267975383127833e-01	1.217873784898768352e-01	-2.552995726782544272e-01	1.710191203196950727e-01	-1.199897003512901128e-01	8.352263390292880008e-02	-9.981352769178841733e-02	9.338448097342508247e-02	-1.963767214714366438e-01
-5.567509064010200265e-02	6.180457567885691561e-02	-8.231676824498117273e-02	6.694468515656096241e-02	-8.323005302505305514e-02	5.942151034478799360e-02	-8.313438201582601383e-02	7.662344826167490075e-02	-7.949580439910006180e-02	6.564137842159689651e-02	-1.080895494400141016e-01	8.392564011086006692e-02	-1.092797443727030193e-01	7.567059701484904477e-02	-5.436993089284312269e-02	1.486687641014307060e-01	-1.321151929332734509e-01	1.037664923117266047e-01	-7.029012516390534260e-02	7.421319164812123503e-02	-2.189822505786275242e-01	1.415404543365198220e-01	-1.272163670380427047e-01	8.244292210466384885e-02	-7.928560829230164864e-02	9.999999999999977796e-01	-2.244473140360502550e-01	1.173937444905697458e-01	-8.439408881153592779e-02	9.819976067328146929e-02	-8.815276293090076321e-01	1.533879869602744750e-01	-1.279042068703316881e-01	1.039416415390576887e-01	-6.825792715084932905e-02	2.083871433575930077e-01	-1.504035865100679659e-01	6.747267679413876396e-02	-6.235886624832040481e-02	9.332787394781706658e-02
8.200231616387682054e-02	-9.116646356488539160e-02	1.228747048027717115e-01	-1.019649764469861136e-01	1.268572278336063952e-01	-8.711682254749465726e-02	1.211105831279197104e-01	-1.156091984031867581e-01	1.230180922396827831e-01	-1.047885875667722011e-01	1.453212927686987344e-01	-1.162773159875871432e-01	1.630273903804903557e-01	-1.238821201485363899e-01	8.823399448137810019e-02	-1.389439510819594492e-01	1.807739605813747930e-01	-1.613754548823551072e-01	1.161994398857898458e-01	-1.233170010559834773e-01	1.607599947834385812e-01	-4.054938560591114238e-01	2.415190627312347460e-01	-1.522816378808070081e-01	1.389137802936474264e-01	-2.244473140360502550e-01	9.999999999999978906e-01	-4.897725524142134135e-01	1.680544508017360050e-01	-1.814444623366220921e-01	1.809672349950527392e-01	-4.854489254651516150e-01	3.001139104790294110e-01	-2.033249112504580403e-01	1.236754521027653014e-01	-3.335804556134330801e-01	2.367223170551464029e-01	-1.294864936278129486e-01	1.145403619282056445e-01	-1.649630660300748508e-01
-6.635950091109231452e-02	7.291191732014097593e-02	-1.007435925074486177e-01	8.221220650249350115e-02	-1.059374292146363361e-01	6.893452369007499470e-02	-9.775618285252034301e-02	9.232099677404204119e-02	-1.005579931211841027e-01	8.369975078314620398e-02	-1.155766543107178274e-01	8.976570807277314823e-02	-1.314789814216871244e-01	9.911799837044220352e-02	-7.263251248975861885e-02	9.480216860820649127e-02	-1.367840646675174132e-01	1.219056242650038147e-01	-9.693268893528381169e-02	9.981416965484929404e-02	-1.121916553740920086e-01	1.941436312017942034e-01	-1.998440382601991694e-01	1.328214532457331343e-01	-1.229503724459051484e-01	1.173937444905697458e-01	-4.897725524142134135e-01	9.999999999999988898e-01	-2.092677111047113458e-01	1.579383971062586212e-01	-1.131336504970249651e-01	2.557495688087400576e-01	-7.433884721919339356e-01	1.933320219652163718e-01	-1.118732013832203637e-01	1.898175508226392638e-01	-1.608350525845342327e-01	1.277364166479881824e-01	-1.199927164818623965e-01	1.335911766563730174e-01
8.987626073282539707e-02	-9.811802348308615307e-02	1.395834636991962474e-01	-1.150836623011350091e-01	1.521152168732199383e-01	-9.142842333433072455e-02	1.309515693561197347e-01	-1.265385586052737710e-01	1.481751540365130460e-01	-1.289109386396491974e-01	1.447103881883805565e-01	-1.107834191982163402e-01	1.711134157432597225e-01	-1.642774619100229594e-01	1.189177684532915641e-01	-9.859676372152499646e-02	1.543040400497047437e-01	-1.445325205082569620e-01	1.692352556795574947e-01	-1.729576597942123206e-01	1.132980866540549275e-01	-1.640101954552215247e-01	1.903511336218508543e-01	-3.980159382335134444e-01	2.549603609718086861e-01	-8.439408881153592779e-02	1.680544508017360050e-01	-2.092677111047113458e-01	9.999999999999963363e-01	-4.992902062121729601e-01	8.164068830874640637e-02	-1.350891600528589254e-01	1.794737057372292888e-01	-6.355967068320692581e-01	2.367686802288237469e-01	-1.313184548886353609e-01	9.719445914384582108e-02	-1.386114001867213008e-01	1.354406343211015940e-01	-2.293434381136380540e-01
-1.257644474945744384e-01	1.346007561846911948e-01	-1.964331089627460447e-01	1.574532296663978259e-01	-2.206592273186337438e-01	1.244243743992765605e-01	-1.817865813942920461e-01	1.677640330957790027e-01	-1.956238610089559016e-01	1.586536727066208408e-01	-2.019278067412338395e-01	1.491623379370684288e-01	-2.295134816607201922e-01	1.793067750258343640e-01	-1.508750444027764925e-01	1.250580603854792860e-01	-2.029049358608735476e-01	1.774557281319680546e-01	-1.879203760663660239e-01	2.002604668796868770e-01	-1.465871846460311545e-01	1.815741407465271962e-01	-2.208647569396173238e-01	2.625297549046006762e-01	-3.532275542482577468e-01	9.819976067328146929e-02	-1.814444623366220921e-01	1.579383971062586212e-01	-4.992902062121729601e-01	9.999999999999963363e-01	-9.740206675826473814e-02	1.394881394469478508e-01	-1.694355625351505468e-01	3.153137010554478703e-01	-4.932236792010767368e-01	1.425607265573302918e-01	-1.060953999467205422e-01	1.322518419545788693e-01	-1.357233032674884377e-01	2.927071524273533454e-01
5.156308757616175076e-02	-5.754337895140845816e-02	7.606815171288917876e-02	-6.300543293124707955e-02	7.737014481940560073e-02	-5.555062469128738134e-02	7.641968711113353296e-02	-7.146140850446665305e-02	7.426198114383968096e-02	-6.264095275943025454e-02	9.659873751719461055e-02	-7.696087406647406093e-02	9.969768250020186184e-02	-7.231158695024232641e-02	5.159418299555474513e-02	-1.421854747053527546e-01	1.170019456374557371e-01	-9.695590255484512476e-02	6.643088314406968287e-02	-7.129167451524431875e-02	1.614859117947554934e-01	-1.334508386048668949e-01	1.153993622772825078e-01	-7.906582991252103509e-02	7.539698936685663988e-02	-8.815276293090076321e-01	1.809672349950527392e-01	-1.131336504970249651e-01	8.164068830874640637e-02	-9.740206675826473814e-02	1.000000000000000222e+00	-1.710354405763426511e-01	1.191515801527078394e-01	-1.033280195444485766e-01	6.737228686690679980e-02	-2.958393772567996516e-01	1.563246423877235891e-01	-6.774981902469269512e-02	6.140768631901091790e-02	-9.371288333984736929e-02
-7.450593463431441632e-02	8.128275953471636450e-02	-1.126012119121005683e-01	9.080153529216290764e-02	-1.185414949556830577e-01	7.690215516215544167e-02	-1.097014309320372416e-01	1.010818777348948400e-01	-1.084809926683182879e-01	8.779258893818661647e-02	-1.332727455638045289e-01	1.012030313208732019e-01	-1.450039608777408950e-01	1.011252093740116764e-01	-7.482066441039104954e-02	1.082736703259206679e-01	-1.545231277623201338e-01	1.287953221050461838e-01	-9.687229852490376880e-02	1.005965999133536792e-01	-1.318347539704480542e-01	1.948077257295967868e-01	-1.877913635524462999e-01	1.183801240420603584e-01	-1.150267975383127833e-01	1.533879869602744750e-01	-4.854489254651516150e-01	2.557495688087400576e-01	-1.350891600528589254e-01	1.394881394469478508e-01	-1.710354405763426511e-01	9.999999999999976685e-01	-3.983826260361691962e-01	1.594019859127117356e-01	-1.018632910519907259e-01	3.110258223177244652e-01	-5.938818010834183703e-01	1.274112664645936921e-01	-1.192984194379578672e-01	1.304690729633691815e-01
6.776576738497955277e-02	-7.442868794507982722e-02	1.027638083899180266e-01	-8.470668894579198860e-02	1.090873045189120899e-01	-7.047399182159382047e-02	9.918761089969345413e-02	-9.379332823318893564e-02	1.023814097689832031e-01	-8.632974506079864330e-02	1.160892281163607986e-01	-9.015515885606631419e-02	1.307765012068158317e-01	-1.015332811608244817e-01	7.413698864019116486e-02	-9.547077657756553037e-02	1.332412852236848078e-01	-1.197605762875321583e-01	9.714555838015428990e-02	-1.027642220128317935e-01	1.105388151140208747e-01	-1.842667500295151195e-01	1.701905599503084898e-01	-1.320457920024584453e-01	1.217873784898768352e-01	-1.279042068703316881e-01	3.001139104790294110e-01	-7.433884721919339356e-01	1.794737057372292888e-01	-1.694355625351505468e-01	1.191515801527078394e-01	-3.983826260361691962e-01	9.999999999999981126e-01	-2.340090943116288347e-01	1.217706022398108989e-01	-2.542089650157838832e-01	1.963469442224172190e-01	-1.796022874264560643e-01	1.432370537960082069e-01	-1.525257979040772482e-01
-1.209279101980138826e-01	1.295450670813586558e-01	-1.879926520892584996e-01	1.504864098300683073e-01	-2.095299310345559163e-01	1.200993116040702940e-01	-1.750520464150424615e-01	1.610743828088683216e-01	-1.846680410097993885e-01	1.474696734062105330e-01	-1.971244198717599927e-01	1.457351446639567338e-01	-2.235653964675106409e-01	1.709608989228134091e-01	-1.354323996268780583e-01	1.250066324379647265e-01	-2.008652096794065200e-01	1.748795353224320004e-01	-1.798692024987048332e-01	1.784388032419652048e-01	-1.471454671059238273e-01	1.855572886131092170e-01	-2.232521322968187560e-01	2.490470959934913686e-01	-2.552995726782544272e-01	1.039416415390576887e-01	-2.033249112504580403e-01	1.933320219652163718e-01	-6.355967068320692581e-01	3.153137010554478703e-01	-1.033280195444485766e-01	1.594019859127117356e-01	-2.340090943116288347e-01	9.999999999999985567e-01	-3.487521140654420426e-01	1.564837370243098991e-01	-1.213516872884465303e-01	1.824015932542054352e-01	-2.230376588235434832e-01	2.609496506076107170e-01
8.178808148384968113e-02	-8.761243384453132332e-02	1.270837797367155297e-01	-1.027930190640403141e-01	1.431680041843486351e-01	-8.128286435082791861e-02	1.178050828009133272e-01	-1.086653059654213438e-01	1.244662453740333491e-01	-1.024227885738913935e-01	1.315099334239223372e-01	-9.729457980879908929e-02	1.479903075238740984e-01	-1.161000043959436318e-01	9.233908731726259145e-02	-8.267454667317901407e-02	1.321647947080308860e-01	-1.155417057915948120e-01	1.156981120700784210e-01	-1.259685866617359651e-01	9.661974810710889650e-02	-1.210371348847294887e-01	1.404404445501269971e-01	-1.597087108988939630e-01	1.710191203196950727e-01	-6.825792715084932905e-02	1.236754521027653014e-01	-1.118732013832203637e-01	2.367686802288237469e-01	-4.932236792010767368e-01	6.737228686690679980e-02	-1.018632910519907259e-01	1.217706022398108989e-01	-3.487521140654420426e-01	9.999999999999981126e-01	-1.048130648299248902e-01	7.860655788537612709e-02	-1.458246966533751354e-01	1.472181090534692982e-01	-7.217947736877953213e-01
-8.441682835563443787e-02	9.150563413636206289e-02	-1.276189368055061779e-01	1.021532139439185194e-01	-1.354669419792550178e-01	8.642783689532826386e-02	-1.239358290493658282e-01	1.124945414223353229e-01	-1.204015177129238306e-01	9.575881536879976563e-02	-1.517512944129929819e-01	1.132910064183742099e-01	-1.612156239771900257e-01	1.086345686126190535e-01	-8.117699011270963771e-02	1.221417645663794987e-01	-1.700341741223285741e-01	1.381100163820388749e-01	-1.035353227093008671e-01	1.077167882846000457e-01	-1.507710540160828172e-01	1.829802779146917080e-01	-1.867871537142178906e-01	1.211242141930349014e-01	-1.199897003512901128e-01	2.083871433575930077e-01	-3.335804556134330801e-01	1.898175508226392638e-01	-1.313184548886353609e-01	1.425607265573302918e-01	-2.958393772567996516e-01	3.110258223177244652e-01	-2.542089650157838832e-01	1.564837370243098991e-01	-1.048130648299248902e-01	9.999999999999986677e-01	-6.941267534867265887e-01	1.291200840519416970e-01	-1.248963594562177842e-01	1.361510572547968978e-01
5.466291887726466847e-02	-5.968330370271971580e-02	8.251754299191076114e-02	-6.705370232623249216e-02	8.736217531798699809e-02	-5.655633817579640288e-02	8.016048806448544672e-02	-7.402217604943062135e-02	7.949440133612339920e-02	-6.497374723289718601e-02	9.671085989678715467e-02	-7.368237530858710860e-02	1.046769513576941146e-01	-7.455020524737222820e-02	5.502212855898016425e-02	-8.236614738041017625e-02	1.100747339697237537e-01	-9.273973596093437743e-02	7.060413220230796205e-02	-7.443312849005338794e-02	9.800086512069042244e-02	-1.352367791504217320e-01	1.259377537490001531e-01	-8.612346057594333359e-02	8.352263390292880008e-02	-1.504035865100679659e-01	2.367223170551464029e-01	-1.608350525845342327e-01	9.719445914384582108e-02	-1.060953999467205422e-01	1.563246423877235891e-01	-5.938818010834183703e-01	1.963469442224172190e-01	-1.213516872884465303e-01	7.860655788537612709e-02	-6.941267534867265887e-01	9.999999999999988898e-01	-1.300863482327387910e-01	1.083959850834627370e-01	-1.041367614679031550e-01
-6.105548638528754402e-02	6.524486631670038672e-02	-9.425111568878703772e-02	7.543492992715383760e-02	-1.055491082789401097e-01	6.072247349730602178e-02	-8.811041728536558870e-02	7.986128719730212211e-02	-8.893882152568782784e-02	7.033331181169738544e-02	-1.009824668533805259e-01	7.438934807538080674e-02	-1.111699253564259471e-01	7.916479354658570444e-02	-6.184544198589293773e-02	6.674864467924643274e-02	-1.033271857445141328e-01	8.795583410067142616e-02	-7.808338048562293854e-02	8.108487284260984529e-02	-7.897501892104136223e-02	1.002830170758160638e-01	-1.105475230958886945e-01	9.658768440129796018e-02	-9.981352769178841733e-02	6.747267679413876396e-02	-1.294864936278129486e-01	1.277364166479881824e-01	-1.386114001867213008e-01	1.322518419545788693e-01	-6.774981902469269512e-02	1.274112664645936921e-01	-1.796022874264560643e-01	1.824015932542054352e-01	-1.458246966533751354e-01	1.291200840519416970e-01	-1.300863482327387910e-01	9.999999999999990008e-01	-9.072682519735149054e-01	1.770737755794494217e-01
5.373185286773597691e-02	-5.766195205245215616e-02	8.286909969551621569e-02	-6.682723097460427364e-02	9.237714925193689364e-02	-5.376134050972776468e-02	7.760518460079172953e-02	-7.105101946933325974e-02	7.948795608495921872e-02	-6.404373427746166969e-02	8.855693656821889137e-02	-6.576540849095142971e-02	9.824424563659485410e-02	-7.281348129884321341e-02	5.637956043594977151e-02	-5.975730648276395690e-02	9.143317278990240049e-02	-7.887540220268503266e-02	7.158799921911200570e-02	-7.512685088905707298e-02	7.016623688015033444e-02	-9.151577098610187699e-02	9.919654358957714912e-02	-9.239972549858081752e-02	9.338448097342508247e-02	-6.235886624832040481e-02	1.145403619282056445e-01	-1.199927164818623965e-01	1.354406343211015940e-01	-1.357233032674884377e-01	6.140768631901091790e-02	-1.192984194379578672e-01	1.432370537960082069e-01	-2.230376588235434832e-01	1.472181090534692982e-01	-1.248963594562177842e-01	1.083959850834627370e-01	-9.072682519735149054e-01	9.999999999999993339e-01	-2.230854492153902524e-01
