1.000000000000000000e+00	-8.451175804592131469e-01	2.326701614176338029e-01	-1.302227563577777192e-01	1.205845267353421596e-01	-2.957927439741285802e-01	2.038967202724775163e-01	-2.165763966594359546e-01	1.287432635775354328e-01	-1.481314104885496641e-01	1.955222399253799259e-01	-1.923189615357128179e-01	1.528241230880226786e-01	-1.196259501909714557e-01	8.934857283470548639e-02	-1.296860876503306004e-01	1.056907156341207188e-01	-1.429129527723748405e-01	1.085100206935370043e-01	-8.745272245126216315e-02	1.072477446951174418e-01	-9.945450005704753460e-02	8.135699768224050055e-02	-1.126095992093635173e-01	5.435806035196897451e-02	-3.851728968812505316e-02	4.026952174328021772e-02	-4.496507014352740805e-02	4.091315405655585741e-02	-6.901380818723995558e-02	3.893620068809635487e-02	-3.417839829144297265e-02	3.613335225636287590e-02	-3.304700566800672368e-02	2.947848139827061523e-02	-6.593485363274510791e-02	3.868558618855204301e-02	-3.525610188712847287e-02	5.812432093272495992e-02	-2.247953854420317588e-02
-8.451175804592131469e-01	1.000000000000000444e+00	-3.386015271075822897e-01	1.262196395603965571e-01	-1.213703103817541928e-01	2.098352092000970448e-01	-2.319304194767923266e-01	1.986440978822886227e-01	-1.246005895346614656e-01	1.277670805219240369e-01	-1.892417971777115848e-01	1.719562810211841264e-01	-1.486153412272718244e-01	1.069239214437183311e-01	-7.992066123122443244e-02	1.118213704716631979e-01	-9.482492465362450662e-02	1.249175967608221749e-01	-9.828397359652729648e-02	7.637179344954346527e-02	-9.678401964093813481e-02	8.651038141832209649e-02	-7.173780651091646310e-02	9.715429614008450065e-02	-4.740518774868070218e-02	3.423433291209845852e-02	-3.573342858193524763e-02	3.965747922665122105e-02	-3.634044206705225322e-02	5.942116127714822116e-02	-3.475605197863594620e-02	3.025994701376954685e-02	-3.204623981091479779e-02	2.929454710261258574e-02	-2.636002562983498151e-02	5.771955321951405954e-02	-3.433188804822133455e-02	3.122170091514551993e-02	-5.198759460074485472e-02	2.005945612156173619e-02
2.326701614176338029e-01	-3.386015271075822897e-01	1.000000000000000666e+00	-3.640357909547446980e-01	2.340542663574443627e-01	-1.796714303126343004e-01	1.686781570755928605e-01	-6.716756914950768875e-01	2.563202770890649629e-01	-2.482706491394379988e-01	1.770037276306817842e-01	-1.867725166632157041e-01	2.502209947986734351e-01	-2.118683831703420117e-01	1.439698449637494271e-01	-1.709730796816990861e-01	1.414539957683315641e-01	-2.225294276623373257e-01	1.740390995441977173e-01	-1.382881121727880247e-01	1.453662091473203744e-01	-1.367689681584789430e-01	1.152574729112429558e-01	-1.604870285112354467e-01	8.258878133951667866e-02	-5.203103778237565952e-02	5.503284520641053140e-02	-6.176698706760619384e-02	5.613381742596601498e-02	-1.042438422574445689e-01	5.266464018253450702e-02	-4.655453733934898641e-02	4.940565120944469257e-02	-4.520313735736935373e-02	4.007072290150729549e-02	-8.824507678386753207e-02	5.257002866234648797e-02	-4.794656756287757338e-02	7.900168999783185875e-02	-3.056855570671036110e-02
-1.302227563577777192e-01	1.262196395603965571e-01	-3.640357909547446980e-01	1.000000000000001332e+00	-6.889078696521018230e-01	1.072723485760758988e-01	-1.018186305158685634e-01	2.372401891918255179e-01	-4.853792444983277554e-01	2.698129882161971471e-01	-1.241674498163809343e-01	1.130476175999007016e-01	-1.657817900234918318e-01	2.307116025368174117e-01	-1.593640574642598839e-01	1.153488062074217169e-01	-9.851683339262445882e-02	1.423888355670273609e-01	-1.830018469830481942e-01	1.358015309187759756e-01	-1.180232577630627583e-01	1.020006677365218328e-01	-9.046969499176751861e-02	1.281014285059877689e-01	-7.751207086922178024e-02	4.182389186499779060e-02	-4.468449634812482474e-02	4.959591109280357679e-02	-4.619296611532650032e-02	9.483096561016751691e-02	-4.277026670450072982e-02	3.771661954277760048e-02	-4.028837904938677855e-02	3.701341882312120246e-02	-3.354755721847666600e-02	7.020054261123166717e-02	-4.295156782730227829e-02	3.906536399021527661e-02	-6.602919542638681361e-02	2.547338875536097474e-02
1.205845267353421596e-01	-1.213703103817541928e-01	2.340542663574443627e-01	-6.889078696521018230e-01	1.000000000000001332e+00	-1.199724258079315070e-01	1.077588804116774018e-01	-2.269644494455068939e-01	2.915084777249740688e-01	-4.969293517812586325e-01	1.375649984776093349e-01	-1.261909595349025026e-01	1.685070166175906270e-01	-2.662639482063021701e-01	2.021028194408058254e-01	-1.362853258457568661e-01	1.128108570045616432e-01	-1.612504058839421828e-01	1.979197702777148460e-01	-1.821393996801010662e-01	1.384050741836901077e-01	-1.230176954870954159e-01	1.069951744628509088e-01	-1.573835493525628793e-01	1.016885171385722847e-01	-5.012167967537654867e-02	5.373795743571021383e-02	-5.994865998220601233e-02	5.568470709006784203e-02	-1.293626127880424248e-01	5.108319779884135103e-02	-4.555675903877850347e-02	4.857454492411700242e-02	-4.476752568726347081e-02	4.044532312986905132e-02	-8.625514962740418734e-02	5.187620352646313271e-02	-4.730734448887415761e-02	7.945585139582367340e-02	-3.076270535054138888e-02
-2.957927439741285802e-01	2.098352092000970448e-01	-1.796714303126343004e-01	1.072723485760758988e-01	-1.199724258079315070e-01	1.000000000000001998e+00	-5.374702679024608853e-01	1.648289282560971847e-01	-1.251630532855327327e-01	1.389537952521733566e-01	-6.664770754596599511e-01	3.064647342203421498e-01	-1.927917060738931210e-01	1.177355408703485706e-01	-9.456079755280180632e-02	1.757391961132641067e-01	-1.492380236550381600e-01	1.633351497116641848e-01	-1.203515664377919625e-01	9.106590126376783167e-02	-1.497139696395121400e-01	1.256714624903795263e-01	-1.016706333248216382e-01	1.327291941272206177e-01	-5.924616231831243696e-02	5.190431382004308952e-02	-5.317340444107510750e-02	5.822807211330129767e-02	-5.382531143343995822e-02	7.373254799638723211e-02	-5.286706108024123024e-02	4.506753191497992611e-02	-4.758954155750895476e-02	4.344176620078004508e-02	-3.975170281781552351e-02	8.642034715293615832e-02	-5.137884916702179644e-02	4.655684683381707684e-02	-7.844223586333848308e-02	3.016511214905515451e-02
2.038967202724775163e-01	-2.319304194767923266e-01	1.686781570755928605e-01	-1.018186305158685634e-01	1.077588804116774018e-01	-5.374702679024608853e-01	1.000000000000000888e+00	-1.904758388988723738e-01	1.182911308106296411e-01	-1.297054644863363526e-01	3.057972149855451849e-01	-6.964764831864705963e-01	2.001809344503700239e-01	-1.137228477033842833e-01	8.695738867364628810e-02	-1.754765067768448983e-01	1.548080315635901039e-01	-1.745720642961850477e-01	1.129694004933959883e-01	-8.524103058015301826e-02	1.312021637429198750e-01	-1.216272303229452845e-01	9.636389281475796209e-02	-1.254067044120373009e-01	5.482214131721347555e-02	-4.560603903149378080e-02	4.696612101949897145e-02	-5.212990515208502235e-02	4.730040150120007336e-02	-6.846188672912553730e-02	4.611539006801892993e-02	-3.970160101527446528e-02	4.191254665012927177e-02	-3.815178753829581021e-02	3.406876494142999090e-02	-7.556407006992887920e-02	4.484405744821170353e-02	-4.075127284288111718e-02	6.731146725121425756e-02	-2.595471906891289732e-02
-2.165763966594359546e-01	1.986440978822886227e-01	-6.716756914950768875e-01	2.372401891918255179e-01	-2.269644494455068939e-01	1.648289282560971847e-01	-1.904758388988723738e-01	1.000000000000000000e+00	-3.495046777971763663e-01	2.106735296982342742e-01	-1.833290219897005524e-01	1.878594314536516097e-01	-4.392258863216725873e-01	2.086564796814152078e-01	-1.401410018905276111e-01	1.627296859766262649e-01	-1.478027545264524456e-01	2.278644732953398200e-01	-1.833746230567107338e-01	1.291090499638417877e-01	-1.474394737952636480e-01	1.317739358012602613e-01	-1.152107051259552845e-01	1.514387459559302096e-01	-7.749815651782591963e-02	5.130731466012904834e-02	-5.416327769114536589e-02	6.027875867900906598e-02	-5.520839027709940894e-02	9.492465339045973172e-02	-5.226131701885738251e-02	4.556935826500758263e-02	-4.851827942915141328e-02	4.426572452098986171e-02	-3.957766917136985169e-02	8.449979402799692729e-02	-5.155622394768256261e-02	4.685423165022441910e-02	-7.812642995050601835e-02	3.011191755901723027e-02
1.287432635775354328e-01	-1.246005895346614656e-01	2.563202770890649629e-01	-4.853792444983277554e-01	2.915084777249740688e-01	-1.251630532855327327e-01	1.182911308106296411e-01	-3.495046777971763663e-01	1.000000000000001554e+00	-3.755394823126772530e-01	1.463731564465977075e-01	-1.370125678141136394e-01	2.044866989382464750e-01	-5.639579849736622297e-01	2.090005877895965147e-01	-1.467041849271878973e-01	1.249243522348689323e-01	-1.869271560892011019e-01	2.591764508548552448e-01	-1.957411933803293314e-01	1.483790410542345783e-01	-1.327895710076537616e-01	1.183501624605520081e-01	-1.750290063358961867e-01	1.065544451636872419e-01	-5.285808346272326957e-02	5.685253981501803971e-02	-6.357304854354942081e-02	5.887106008219292197e-02	-1.322036553809293469e-01	5.394022783548586136e-02	-4.795950115011387432e-02	5.127189231557485044e-02	-4.714830283429556623e-02	4.222865585995688731e-02	-8.896075651319350353e-02	5.441286438282194604e-02	-4.959012361674339231e-02	8.308797277872310982e-02	-3.213103946622181128e-02
-1.481314104885496641e-01	1.277670805219240369e-01	-2.482706491394379988e-01	2.698129882161971471e-01	-4.969293517812586325e-01	1.389537952521733566e-01	-1.297054644863363526e-01	2.106735296982342742e-01	-3.755394823126772530e-01	1.000000000000002442e+00	-1.889292421371986108e-01	1.452646673176338221e-01	-2.107048532634269167e-01	2.706150301073096398e-01	-5.052409730565629031e-01	1.598773239214924535e-01	-1.394348116550561401e-01	1.851675820841533482e-01	-3.031795365211832349e-01	2.597430522376221740e-01	-2.033140465760080728e-01	1.528101882385433097e-01	-1.405709462903872997e-01	1.935586625952349371e-01	-1.466509280021484063e-01	7.085319189370692383e-02	-7.601100729394554001e-02	8.246906856712896139e-02	-7.984643220067251523e-02	1.638261153415517257e-01	-7.345746415995951795e-02	6.408271950108269943e-02	-6.894201175957695438e-02	6.368763399399793301e-02	-6.054044900070263552e-02	1.166879559419764789e-01	-7.418385751998969602e-02	6.707817594716834753e-02	-1.188962938177940548e-01	4.555048224293849202e-02
1.955222399253799259e-01	-1.892417971777115848e-01	1.770037276306817842e-01	-1.241674498163809343e-01	1.375649984776093349e-01	-6.664770754596599511e-01	3.057972149855451849e-01	-1.833290219897005524e-01	1.463731564465977075e-01	-1.889292421371986108e-01	1.000000000000001776e+00	-4.531902855565051458e-01	2.216295385029550813e-01	-1.523835525551210379e-01	1.231255409791892769e-01	-2.961104777738296501e-01	2.041548324652153468e-01	-2.301102867903794813e-01	1.555920236978783622e-01	-1.241048752140017641e-01	1.922800403658763979e-01	-1.822601360901920931e-01	1.409153305540566392e-01	-1.938026057172085315e-01	8.186035295144611368e-02	-6.986844301857254858e-02	7.150551847245541215e-02	-7.977777346194474262e-02	7.192660515003942989e-02	-1.043782725958031649e-01	6.998492486692720060e-02	-6.106094243146629325e-02	6.402972754899785568e-02	-5.843637215951234115e-02	5.187314957640373064e-02	-1.222793242635254740e-01	6.904360358819719434e-02	-6.297365856342848622e-02	1.023516649233715270e-01	-3.965256158342829462e-02
-1.923189615357128179e-01	1.719562810211841264e-01	-1.867725166632157041e-01	1.130476175999007016e-01	-1.261909595349025026e-01	3.064647342203421498e-01	-6.964764831864705963e-01	1.878594314536516097e-01	-1.370125678141136394e-01	1.452646673176338221e-01	-4.531902855565051458e-01	9.999999999999991118e-01	-3.160052277018403077e-01	1.305643029581992076e-01	-1.023020581755575004e-01	2.086233343778017557e-01	-2.329371764887586682e-01	2.138192034900888439e-01	-1.367713997775668600e-01	9.888317475037650128e-02	-1.693998921532235136e-01	1.478212186131687422e-01	-1.200730934031012248e-01	1.476720536225429037e-01	-6.420631226235160027e-02	5.714626651974615001e-02	-5.848903062990973289e-02	6.423455230656610615e-02	-5.881303695152522576e-02	7.907303296003538595e-02	-5.816183848815986712e-02	4.923453119680013673e-02	-5.207148912172121502e-02	4.729251747848908782e-02	-4.269211698328619770e-02	9.218993708483703975e-02	-5.576482088541419996e-02	5.048519681973345774e-02	-8.441942098540464179e-02	3.243666991947321415e-02
1.528241230880226786e-01	-1.486153412272718244e-01	2.502209947986734351e-01	-1.657817900234918318e-01	1.685070166175906270e-01	-1.927917060738931210e-01	2.001809344503700239e-01	-4.392258863216725873e-01	2.044866989382464750e-01	-2.107048532634269167e-01	2.216295385029550813e-01	-3.160052277018403077e-01	9.999999999999994449e-01	-2.245625384328699958e-01	1.470141942885688502e-01	-2.840217318136011859e-01	2.516079961742175852e-01	-6.195731696586044279e-01	2.120668565267117556e-01	-1.498205122771560094e-01	2.012477786308068950e-01	-2.060457246353305238e-01	1.738644492902835514e-01	-2.190104735496901933e-01	9.277261541024175995e-02	-6.986845357584123284e-02	7.360194964844392340e-02	-8.368500856757554729e-02	7.390927576976090430e-02	-1.150327220717249077e-01	7.031091491944695127e-02	-6.172245540629578420e-02	6.550056615649306468e-02	-5.936378788384281263e-02	5.127829368390361686e-02	-1.135211171061300817e-01	6.881598059469376527e-02	-6.276717201017389947e-02	1.015133796028875185e-01	-3.923385082236907628e-02
-1.196259501909714557e-01	1.069239214437183311e-01	-2.118683831703420117e-01	2.307116025368174117e-01	-2.662639482063021701e-01	1.177355408703485706e-01	-1.137228477033842833e-01	2.086564796814152078e-01	-5.639579849736622297e-01	2.706150301073096398e-01	-1.523835525551210379e-01	1.305643029581992076e-01	-2.245625384328699958e-01	9.999999999999998890e-01	-3.001594769430832033e-01	1.476936306290169143e-01	-1.344783856925771681e-01	1.954500441614347994e-01	-5.784352072544912682e-01	2.399298188227390882e-01	-1.709767618272684808e-01	1.415990513079900259e-01	-1.385914089815252770e-01	1.969139868225067147e-01	-1.273013197328797808e-01	5.906669324454989767e-02	-6.405244390981895686e-02	7.094618019780692120e-02	-6.680345743242260825e-02	1.439147634697611200e-01	-6.084246467538611397e-02	5.354858627728715376e-02	-5.772638894007314780e-02	5.294979789608226378e-02	-4.775023400222418168e-02	9.583415198081803033e-02	-6.092543417022177471e-02	5.527988930307711768e-02	-9.411823494082184605e-02	3.621298420425624054e-02
8.934857283470548639e-02	-7.992066123122443244e-02	1.439698449637494271e-01	-1.593640574642598839e-01	2.021028194408058254e-01	-9.456079755280180632e-02	8.695738867364628810e-02	-1.401410018905276111e-01	2.090005877895965147e-01	-5.052409730565629031e-01	1.231255409791892769e-01	-1.023020581755575004e-01	1.470141942885688502e-01	-3.001594769430832033e-01	1.000000000000000666e+00	-1.235669468428229056e-01	1.065042954307580392e-01	-1.489786588418369195e-01	2.780043228315085546e-01	-6.581770459056944800e-01	1.459448926700671334e-01	-1.242394427759935804e-01	1.162989290869635151e-01	-1.796800171682985392e-01	2.146627482354125926e-01	-5.189777502101051987e-02	5.671787867887842505e-02	-6.331677771324006887e-02	6.009317089998091055e-02	-2.699899013340492648e-01	5.331369854224195931e-02	-4.778920749425483866e-02	5.147577563374822890e-02	-4.786869003247693627e-02	4.324583555957341868e-02	-8.679506626399366431e-02	5.440385885165091584e-02	-4.963839861916008456e-02	8.433154909890452910e-02	-3.288895180006472241e-02
-1.296860876503306004e-01	1.118213704716631979e-01	-1.709730796816990861e-01	1.153488062074217169e-01	-1.362853258457568661e-01	1.757391961132641067e-01	-1.754765067768448983e-01	1.627296859766262649e-01	-1.467041849271878973e-01	1.598773239214924535e-01	-2.961104777738296501e-01	2.086233343778017557e-01	-2.840217318136011859e-01	1.476936306290169143e-01	-1.235669468428229056e-01	9.999999999999986677e-01	-6.925345100903198547e-01	2.831074287127895439e-01	-1.774077166969125208e-01	1.196137878998406873e-01	-4.033226847594856834e-01	2.565051393772465049e-01	-1.993075581281060216e-01	2.109110283735307068e-01	-8.149298264758220167e-02	1.072289964693677322e-01	-9.642663318490002355e-02	1.022035538579853242e-01	-9.331024983774353909e-02	9.799327472620603108e-02	-1.086656534561724341e-01	8.030489210372333819e-02	-8.357102813686446974e-02	7.470062228862940634e-02	-6.709194046837391179e-02	1.437943554212293973e-01	-8.975219338046080964e-02	8.019094976240374872e-02	-1.335973673269887640e-01	5.091750005019107794e-02
1.056907156341207188e-01	-9.482492465362450662e-02	1.414539957683315641e-01	-9.851683339262445882e-02	1.128108570045616432e-01	-1.492380236550381600e-01	1.548080315635901039e-01	-1.478027545264524456e-01	1.249243522348689323e-01	-1.394348116550561401e-01	2.041548324652153468e-01	-2.329371764887586682e-01	2.516079961742175852e-01	-1.344783856925771681e-01	1.065042954307580392e-01	-6.925345100903198547e-01	1.000000000000001110e+00	-4.746714777932083407e-01	1.607071659176416145e-01	-1.080199259583206062e-01	2.528567703149583457e-01	-3.385643630065418019e-01	1.983911906817480697e-01	-2.052762260047993892e-01	7.249934110570423196e-02	-7.878120751683488632e-02	7.811026624043757027e-02	-8.694917813491485903e-02	7.556630328506436234e-02	-8.751330866669007613e-02	7.835651011784522391e-02	-6.450743752890364391e-02	6.779684390488631418e-02	-6.041735718819991191e-02	5.179038634601686869e-02	-1.138956871137593307e-01	7.093665782396607611e-02	-6.415442866037446290e-02	1.031494242936992628e-01	-3.959791886144135853e-02
-1.429129527723748405e-01	1.249175967608221749e-01	-2.225294276623373257e-01	1.423888355670273609e-01	-1.612504058839421828e-01	1.633351497116641848e-01	-1.745720642961850477e-01	2.278644732953398200e-01	-1.869271560892011019e-01	1.851675820841533482e-01	-2.301102867903794813e-01	2.138192034900888439e-01	-6.195731696586044279e-01	1.954500441614347994e-01	-1.489786588418369195e-01	2.831074287127895439e-01	-4.746714777932083407e-01	9.999999999999998890e-01	-2.794882163919087392e-01	1.493729138262490375e-01	-2.448059925120112112e-01	2.299965015778452360e-01	-2.426340575717003956e-01	2.246554725890648196e-01	-9.365636162204174497e-02	7.914093767560385906e-02	-8.382548299889062970e-02	9.398850562866384317e-02	-8.334129012904223366e-02	1.104400062704234131e-01	-8.073945497646528580e-02	6.893396756047748264e-02	-7.394315060566925002e-02	6.608203077632371358e-02	-5.740815934525592829e-02	1.204342395720369580e-01	-7.690381060008491532e-02	6.953199878645358045e-02	-1.141102321096945094e-01	4.375494045775912139e-02
1.085100206935370043e-01	-9.828397359652729648e-02	1.740390995441977173e-01	-1.830018469830481942e-01	1.979197702777148460e-01	-1.203515664377919625e-01	1.129694004933959883e-01	-1.833746230567107338e-01	2.591764508548552448e-01	-3.031795365211832349e-01	1.555920236978783622e-01	-1.367713997775668600e-01	2.120668565267117556e-01	-5.784352072544912682e-01	2.780043228315085546e-01	-1.774077166969125208e-01	1.607071659176416145e-01	-2.794882163919087392e-01	1.000000000000000222e+00	-4.546380011654905795e-01	1.944024282636985512e-01	-1.825326912226530318e-01	1.806734756287065313e-01	-3.307910991859535077e-01	1.781543959212844308e-01	-6.801740239440035030e-02	7.520620046869631870e-02	-8.557699587958308984e-02	7.892389660813753371e-02	-2.113594422054491662e-01	6.958224580331870412e-02	-6.271823277972608801e-02	6.779719362803671157e-02	-6.245790285173012657e-02	5.405939591070264838e-02	-1.106983563878591453e-01	7.042471028190160076e-02	-6.433285239886739337e-02	1.064772933942442767e-01	-4.126928168186382029e-02
-8.745272245126216315e-02	7.637179344954346527e-02	-1.382881121727880247e-01	1.358015309187759756e-01	-1.821393996801010662e-01	9.106590126376783167e-02	-8.524103058015301826e-02	1.291090499638417877e-01	-1.957411933803293314e-01	2.597430522376221740e-01	-1.241048752140017641e-01	9.888317475037650128e-02	-1.498205122771560094e-01	2.399298188227390882e-01	-6.581770459056944800e-01	1.196137878998406873e-01	-1.080199259583206062e-01	1.493729138262490375e-01	-4.546380011654905795e-01	9.999999999999998890e-01	-1.536211869132001195e-01	1.226099459327117946e-01	-1.232679233940362495e-01	1.814809825273611399e-01	-3.738576038070597907e-01	5.331652906459928565e-02	-5.849287357245617353e-02	6.466713300122024777e-02	-6.232999319964348944e-02	2.602224314127648541e-01	-5.515146588584886322e-02	4.894160364277179431e-02	-5.304411456460660090e-02	4.918694433816255679e-02	-4.482541625125986001e-02	8.670774539018322180e-02	-5.591162933790420897e-02	5.079451240578386484e-02	-8.765331382656085801e-02	3.395949776803550146e-02
1.072477446951174418e-01	-9.678401964093813481e-02	1.453662091473203744e-01	-1.180232577630627583e-01	1.384050741836901077e-01	-1.497139696395121400e-01	1.312021637429198750e-01	-1.474394737952636480e-01	1.483790410542345783e-01	-2.033140465760080728e-01	1.922800403658763979e-01	-1.693998921532235136e-01	2.012477786308068950e-01	-1.709767618272684808e-01	1.459448926700671334e-01	-4.033226847594856834e-01	2.528567703149583457e-01	-2.448059925120112112e-01	1.944024282636985512e-01	-1.536211869132001195e-01	1.000000000000000222e+00	-5.026518128865142820e-01	2.730520136684538857e-01	-3.893274813734335371e-01	1.146593827498334633e-01	-2.975468332502216873e-01	1.590333669591064425e-01	-1.711308283486878412e-01	1.437425179720752122e-01	-1.453604713787958191e-01	2.116617364118214828e-01	-1.408532775290127492e-01	1.345530920310918366e-01	-1.196163856239192413e-01	9.915902370387437437e-02	-3.040419645748546618e-01	1.488637711292346011e-01	-1.348834030682944662e-01	1.976765848745917487e-01	-7.691987711500289371e-02
-9.945450005704753460e-02	8.651038141832209649e-02	-1.367689681584789430e-01	1.020006677365218328e-01	-1.230176954870954159e-01	1.256714624903795263e-01	-1.216272303229452845e-01	1.317739358012602613e-01	-1.327895710076537616e-01	1.528101882385433097e-01	-1.822601360901920931e-01	1.478212186131687422e-01	-2.060457246353305238e-01	1.415990513079900259e-01	-1.242394427759935804e-01	2.565051393772465049e-01	-3.385643630065418019e-01	2.299965015778452360e-01	-1.825326912226530318e-01	1.226099459327117946e-01	-5.026518128865142820e-01	1.000000000000000000e+00	-6.147360801577725908e-01	3.088908980731459031e-01	-9.326168871687899598e-02	1.335947291398828507e-01	-1.459329738540490473e-01	1.571361309061537481e-01	-1.322254478201343453e-01	1.076015279026437538e-01	-1.355130483367952554e-01	1.125296601090316068e-01	-1.203750860389198180e-01	1.030282552004761487e-01	-8.513499895679316198e-02	1.762925196493617674e-01	-1.211180743314312080e-01	1.081540018714036572e-01	-1.714147252223235940e-01	6.513805470418791710e-02
8.135699768224050055e-02	-7.173780651091646310e-02	1.152574729112429558e-01	-9.046969499176751861e-02	1.069951744628509088e-01	-1.016706333248216382e-01	9.636389281475796209e-02	-1.152107051259552845e-01	1.183501624605520081e-01	-1.405709462903872997e-01	1.409153305540566392e-01	-1.200730934031012248e-01	1.738644492902835514e-01	-1.385914089815252770e-01	1.162989290869635151e-01	-1.993075581281060216e-01	1.983911906817480697e-01	-2.426340575717003956e-01	1.806734756287065313e-01	-1.232679233940362495e-01	2.730520136684538857e-01	-6.147360801577725908e-01	9.999999999999988898e-01	-6.213832073858674976e-01	1.005750081364859549e-01	-9.797930669226412315e-02	1.319994042902098985e-01	-1.969142363123057293e-01	1.272044980326463848e-01	-1.155721062491856660e-01	9.771643551571716768e-02	-1.026756131171505521e-01	1.163277957153488473e-01	-9.881762131364080215e-02	7.049705483948985607e-02	-1.487273192622204088e-01	1.062106940840686214e-01	-9.891324776786938888e-02	1.422284524965441721e-01	-5.502586843563232744e-02
-1.126095992093635173e-01	9.715429614008450065e-02	-1.604870285112354467e-01	1.281014285059877689e-01	-1.573835493525628793e-01	1.327291941272206177e-01	-1.254067044120373009e-01	1.514387459559302096e-01	-1.750290063358961867e-01	1.935586625952349371e-01	-1.938026057172085315e-01	1.476720536225429037e-01	-2.190104735496901933e-01	1.969139868225067147e-01	-1.796800171682985392e-01	2.109110283735307068e-01	-2.052762260047993892e-01	2.246554725890648196e-01	-3.307910991859535077e-01	1.814809825273611399e-01	-3.893274813734335371e-01	3.088908980731459031e-01	-6.213832073858674976e-01	1.000000000000001332e+00	-1.724890133625146538e-01	1.266345299779018663e-01	-1.515276737609953517e-01	1.724078065701724893e-01	-1.673240670341493708e-01	1.653971441104824802e-01	-1.324977348675466793e-01	1.205877444947112825e-01	-1.363552516356644762e-01	1.233113171975951938e-01	-1.006221601119223624e-01	1.874319749402773572e-01	-1.345070956598008183e-01	1.214461028045624724e-01	-2.018756862015209930e-01	7.666232657026327002e-02
5.435806035196897451e-02	-4.740518774868070218e-02	8.258878133951667866e-02	-7.751207086922178024e-02	1.016885171385722847e-01	-5.924616231831243696e-02	5.482214131721347555e-02	-7.749815651782591963e-02	1.065544451636872419e-01	-1.466509280021484063e-01	8.186035295144611368e-02	-6.420631226235160027e-02	9.277261541024175995e-02	-1.273013197328797808e-01	2.146627482354125926e-01	-8.149298264758220167e-02	7.249934110570423196e-02	-9.365636162204174497e-02	1.781543959212844308e-01	-3.738576038070597907e-01	1.146593827498334633e-01	-9.326168871687899598e-02	1.005750081364859549e-01	-1.724890133625146538e-01	9.999999999999988898e-01	-4.023136286711896659e-02	4.538470024376514700e-02	-5.125091485462782148e-02	5.078018106966718931e-02	-8.639585990610435529e-01	4.162352043683937436e-02	-3.797447131624114014e-02	4.158571022872101230e-02	-3.972530935096824783e-02	3.546865948412711300e-02	-6.568185144374633078e-02	4.300005758428274844e-02	-3.940363429063797884e-02	6.691931365358538830e-02	-2.715400418340888425e-02
-3.851728968812505316e-02	3.423433291209845852e-02	-5.203103778237565952e-02	4.182389186499779060e-02	-5.012167967537654867e-02	5.190431382004308952e-02	-4.560603903149378080e-02	5.130731466012904834e-02	-5.285808346272326957e-02	7.085319189370692383e-02	-6.986844301857254858e-02	5.714626651974615001e-02	-6.986845357584123284e-02	5.906669324454989767e-02	-5.189777502101051987e-02	1.072289964693677322e-01	-7.878120751683488632e-02	7.914093767560385906e-02	-6.801740239440035030e-02	5.331652906459928565e-02	-2.975468332502216873e-01	1.335947291398828507e-01	-9.797930669226412315e-02	1.266345299779018663e-01	-4.023136286711896659e-02	1.000000000000000444e+00	-2.082056480482889771e-01	1.406998150282037507e-01	-1.180011981911302937e-01	5.042584967714415500e-02	-8.671510576201112430e-01	1.666524109043935331e-01	-1.255337816120423167e-01	9.916034647291019355e-02	-8.161731629502144703e-02	2.250817310306103547e-01	-1.484937033622948654e-01	1.191083167537080878e-01	-1.678509308202531802e-01	6.279835413372551745e-02
4.026952174328021772e-02	-3.573342858193524763e-02	5.503284520641053140e-02	-4.468449634812482474e-02	5.373795743571021383e-02	-5.317340444107510750e-02	4.696612101949897145e-02	-5.416327769114536589e-02	5.685253981501803971e-02	-7.601100729394554001e-02	7.150551847245541215e-02	-5.848903062990973289e-02	7.360194964844392340e-02	-6.405244390981895686e-02	5.671787867887842505e-02	-9.642663318490002355e-02	7.811026624043757027e-02	-8.382548299889062970e-02	7.520620046869631870e-02	-5.849287357245617353e-02	1.590333669591064425e-01	-1.459329738540490473e-01	1.319994042902098985e-01	-1.515276737609953517e-01	4.538470024376514700e-02	-2.082056480482889771e-01	1.000000000000000000e+00	-5.491052842893345831e-01	2.218452891511779879e-01	-5.638625965874888291e-02	1.784014867715962571e-01	-6.400451832270277475e-01	2.827429638300674175e-01	-2.082618461477757921e-01	1.017092888569540582e-01	-2.791275484210435920e-01	2.657472781228081837e-01	-2.581500752897645246e-01	2.135993463303392792e-01	-8.666934910780693668e-02
-4.496507014352740805e-02	3.965747922665122105e-02	-6.176698706760619384e-02	4.959591109280357679e-02	-5.994865998220601233e-02	5.822807211330129767e-02	-5.212990515208502235e-02	6.027875867900906598e-02	-6.357304854354942081e-02	8.246906856712896139e-02	-7.977777346194474262e-02	6.423455230656610615e-02	-8.368500856757554729e-02	7.094618019780692120e-02	-6.331677771324006887e-02	1.022035538579853242e-01	-8.694917813491485903e-02	9.398850562866384317e-02	-8.557699587958308984e-02	6.466713300122024777e-02	-1.711308283486878412e-01	1.571361309061537481e-01	-1.969142363123057293e-01	1.724078065701724893e-01	-5.125091485462782148e-02	1.406998150282037507e-01	-5.491052842893345831e-01	1.000000000000000444e+00	-4.389112014859798405e-01	6.241831609992058022e-02	-1.434652494026387726e-01	2.962523127174934712e-01	-4.885938422231743683e-01	2.773275701748648681e-01	-1.264213555973347225e-01	2.442300781103715346e-01	-2.770086797083739505e-01	2.564788666574606690e-01	-2.733875282527413741e-01	1.046584175406564399e-01
4.091315405655585741e-02	-3.634044206705225322e-02	5.613381742596601498e-02	-4.619296611532650032e-02	5.568470709006784203e-02	-5.382531143343995822e-02	4.730040150120007336e-02	-5.520839027709940894e-02	5.887106008219292197e-02	-7.984643220067251523e-02	7.192660515003942989e-02	-5.881303695152522576e-02	7.390927576976090430e-02	-6.680345743242260825e-02	6.009317089998091055e-02	-9.331024983774353909e-02	7.556630328506436234e-02	-8.334129012904223366e-02	7.892389660813753371e-02	-6.232999319964348944e-02	1.437425179720752122e-01	-1.322254478201343453e-01	1.272044980326463848e-01	-1.673240670341493708e-01	5.078018106966718931e-02	-1.180011981911302937e-01	2.218452891511779879e-01	-4.389112014859798405e-01	1.000000000000001998e+00	-6.366875200112456779e-02	1.149206776478288866e-01	-2.234490418009893453e-01	2.892087282563841621e-01	-7.345708009249143355e-01	1.299077531031342936e-01	-2.781850987899963101e-01	1.993580242287457394e-01	-2.385495262118629278e-01	2.556523544793558034e-01	-1.210457088913168833e-01
-6.901380818723995558e-02	5.942116127714822116e-02	-1.042438422574445689e-01	9.483096561016751691e-02	-1.293626127880424248e-01	7.373254799638723211e-02	-6.846188672912553730e-02	9.492465339045973172e-02	-1.322036553809293469e-01	1.638261153415517257e-01	-1.043782725958031649e-01	7.907303296003538595e-02	-1.150327220717249077e-01	1.439147634697611200e-01	-2.699899013340492648e-01	9.799327472620603108e-02	-8.751330866669007613e-02	1.104400062704234131e-01	-2.113594422054491662e-01	2.602224314127648541e-01	-1.453604713787958191e-01	1.076015279026437538e-01	-1.155721062491856660e-01	1.653971441104824802e-01	-8.639585990610435529e-01	5.042584967714415500e-02	-5.638625965874888291e-02	6.241831609992058022e-02	-6.366875200112456779e-02	1.000000000000000000e+00	-5.249124653553931957e-02	4.719581524877972112e-02	-5.174720671858499405e-02	4.932921387315974265e-02	-4.566063726683546042e-02	8.162378255896346468e-02	-5.399210691320441291e-02	4.923015099980881937e-02	-8.580772510703359168e-02	3.460382078221745095e-02
3.893620068809635487e-02	-3.475605197863594620e-02	5.266464018253450702e-02	-4.277026670450072982e-02	5.108319779884135103e-02	-5.286706108024123024e-02	4.611539006801892993e-02	-5.226131701885738251e-02	5.394022783548586136e-02	-7.345746415995951795e-02	6.998492486692720060e-02	-5.816183848815986712e-02	7.031091491944695127e-02	-6.084246467538611397e-02	5.331369854224195931e-02	-1.086656534561724341e-01	7.835651011784522391e-02	-8.073945497646528580e-02	6.958224580331870412e-02	-5.515146588584886322e-02	2.116617364118214828e-01	-1.355130483367952554e-01	9.771643551571716768e-02	-1.324977348675466793e-01	4.162352043683937436e-02	-8.671510576201112430e-01	1.784014867715962571e-01	-1.434652494026387726e-01	1.149206776478288866e-01	-5.249124653553931957e-02	1.000000000000000444e+00	-1.958265308680528227e-01	1.256988861467444318e-01	-9.988334800038516093e-02	7.884080493303316506e-02	-3.129181585069116256e-01	1.505691090396105714e-01	-1.244310148783732417e-01	1.614968679394419571e-01	-6.136704421304130241e-02
-3.417839829144297265e-02	3.025994701376954685e-02	-4.655453733934898641e-02	3.771661954277760048e-02	-4.555675903877850347e-02	4.506753191497992611e-02	-3.970160101527446528e-02	4.556935826500758263e-02	-4.795950115011387432e-02	6.408271950108269943e-02	-6.106094243146629325e-02	4.923453119680013673e-02	-6.172245540629578420e-02	5.354858627728715376e-02	-4.778920749425483866e-02	8.030489210372333819e-02	-6.450743752890364391e-02	6.893396756047748264e-02	-6.271823277972608801e-02	4.894160364277179431e-02	-1.408532775290127492e-01	1.125296601090316068e-01	-1.026756131171505521e-01	1.205877444947112825e-01	-3.797447131624114014e-02	1.666524109043935331e-01	-6.400451832270277475e-01	2.962523127174934712e-01	-2.234490418009893453e-01	4.719581524877972112e-02	-1.958265308680528227e-01	1.000000000000000888e+00	-4.140574178070682287e-01	1.996683557110604523e-01	-1.033151918351398607e-01	2.454028372472912833e-01	-4.791337262379488648e-01	2.775893382493846984e-01	-2.268560785835544991e-01	8.639737508954384304e-02
3.613335225636287590e-02	-3.204623981091479779e-02	4.940565120944469257e-02	-4.028837904938677855e-02	4.857454492411700242e-02	-4.758954155750895476e-02	4.191254665012927177e-02	-4.851827942915141328e-02	5.127189231557485044e-02	-6.894201175957695438e-02	6.402972754899785568e-02	-5.207148912172121502e-02	6.550056615649306468e-02	-5.772638894007314780e-02	5.147577563374822890e-02	-8.357102813686446974e-02	6.779684390488631418e-02	-7.394315060566925002e-02	6.779719362803671157e-02	-5.304411456460660090e-02	1.345530920310918366e-01	-1.203750860389198180e-01	1.163277957153488473e-01	-1.363552516356644762e-01	4.158571022872101230e-02	-1.255337816120423167e-01	2.827429638300674175e-01	-4.885938422231743683e-01	2.892087282563841621e-01	-5.174720671858499405e-02	1.256988861467444318e-01	-4.140574178070682287e-01	1.000000000000000888e+00	-4.420071218724571649e-01	1.169993308885668437e-01	-2.551804222229731578e-01	2.885895885803827499e-01	-5.010339367942514555e-01	2.570624127103534606e-01	-1.040419108828604666e-01
-3.304700566800672368e-02	2.929454710261258574e-02	-4.520313735736935373e-02	3.701341882312120246e-02	-4.476752568726347081e-02	4.344176620078004508e-02	-3.815178753829581021e-02	4.426572452098986171e-02	-4.714830283429556623e-02	6.368763399399793301e-02	-5.843637215951234115e-02	4.729251747848908782e-02	-5.936378788384281263e-02	5.294979789608226378e-02	-4.786869003247693627e-02	7.470062228862940634e-02	-6.041735718819991191e-02	6.608203077632371358e-02	-6.245790285173012657e-02	4.918694433816255679e-02	-1.196163856239192413e-01	1.030282552004761487e-01	-9.881762131364080215e-02	1.233113171975951938e-01	-3.972530935096824783e-02	9.916034647291019355e-02	-2.082618461477757921e-01	2.773275701748648681e-01	-7.345708009249143355e-01	4.932921387315974265e-02	-9.988334800038516093e-02	1.996683557110604523e-01	-4.420071218724571649e-01	1.000000000000000888e+00	-1.544601374245213876e-01	2.267103567951288812e-01	-2.011330035474614142e-01	2.307019484291424061e-01	-3.528555312189987636e-01	1.310406088362996158e-01
2.947848139827061523e-02	-2.636002562983498151e-02	4.007072290150729549e-02	-3.354755721847666600e-02	4.044532312986905132e-02	-3.975170281781552351e-02	3.406876494142999090e-02	-3.957766917136985169e-02	4.222865585995688731e-02	-6.054044900070263552e-02	5.187314957640373064e-02	-4.269211698328619770e-02	5.127829368390361686e-02	-4.775023400222418168e-02	4.324583555957341868e-02	-6.709194046837391179e-02	5.179038634601686869e-02	-5.740815934525592829e-02	5.405939591070264838e-02	-4.482541625125986001e-02	9.915902370387437437e-02	-8.513499895679316198e-02	7.049705483948985607e-02	-1.006221601119223624e-01	3.546865948412711300e-02	-8.161731629502144703e-02	1.017092888569540582e-01	-1.264213555973347225e-01	1.299077531031342936e-01	-4.566063726683546042e-02	7.884080493303316506e-02	-1.033151918351398607e-01	1.169993308885668437e-01	-1.544601374245213876e-01	1.000000000000000666e+00	-2.596600927695962291e-01	1.199781117172564887e-01	-1.429103666594181421e-01	2.571577904162718475e-01	-8.889092964273154207e-01
-6.593485363274510791e-02	5.771955321951405954e-02	-8.824507678386753207e-02	7.020054261123166717e-02	-8.625514962740418734e-02	8.642034715293615832e-02	-7.556407006992887920e-02	8.449979402799692729e-02	-8.896075651319350353e-02	1.166879559419764789e-01	-1.222793242635254740e-01	9.218993708483703975e-02	-1.135211171061300817e-01	9.583415198081803033e-02	-8.679506626399366431e-02	1.437943554212293973e-01	-1.138956871137593307e-01	1.204342395720369580e-01	-1.106983563878591453e-01	8.670774539018322180e-02	-3.040419645748546618e-01	1.762925196493617674e-01	-1.487273192622204088e-01	1.874319749402773572e-01	-6.568185144374633078e-02	2.250817310306103547e-01	-2.791275484210435920e-01	2.442300781103715346e-01	-2.781850987899963101e-01	8.162378255896346468e-02	-3.129181585069116256e-01	2.454028372472912833e-01	-2.551804222229731578e-01	2.267103567951288812e-01	-2.596600927695962291e-01	1.000000000000001332e+00	-4.170854535778459882e-01	2.737086171941265356e-01	-5.317324466540213068e-01	1.895192989789791227e-01
3.868558618855204301e-02	-3.433188804822133455e-02	5.257002866234648797e-02	-4.295156782730227829e-02	5.187620352646313271e-02	-5.137884916702179644e-02	4.484405744821170353e-02	-5.155622394768256261e-02	5.441286438282194604e-02	-7.418385751998969602e-02	6.904360358819719434e-02	-5.576482088541419996e-02	6.881598059469376527e-02	-6.092543417022177471e-02	5.440385885165091584e-02	-8.975219338046080964e-02	7.093665782396607611e-02	-7.690381060008491532e-02	7.042471028190160076e-02	-5.591162933790420897e-02	1.488637711292346011e-01	-1.211180743314312080e-01	1.062106940840686214e-01	-1.345070956598008183e-01	4.300005758428274844e-02	-1.484937033622948654e-01	2.657472781228081837e-01	-2.770086797083739505e-01	1.993580242287457394e-01	-5.399210691320441291e-02	1.505691090396105714e-01	-4.791337262379488648e-01	2.885895885803827499e-01	-2.011330035474614142e-01	1.199781117172564887e-01	-4.170854535778459882e-01	1.000000000000001110e+00	-6.329530013362283380e-01	2.656497815710984756e-01	-1.048948462335053122e-01
-3.525610188712847287e-02	3.122170091514551993e-02	-4.794656756287757338e-02	3.906536399021527661e-02	-4.730734448887415761e-02	4.655684683381707684e-02	-4.075127284288111718e-02	4.685423165022441910e-02	-4.959012361674339231e-02	6.707817594716834753e-02	-6.297365856342848622e-02	5.048519681973345774e-02	-6.276717201017389947e-02	5.527988930307711768e-02	-4.963839861916008456e-02	8.019094976240374872e-02	-6.415442866037446290e-02	6.953199878645358045e-02	-6.433285239886739337e-02	5.079451240578386484e-02	-1.348834030682944662e-01	1.081540018714036572e-01	-9.891324776786938888e-02	1.214461028045624724e-01	-3.940363429063797884e-02	1.191083167537080878e-01	-2.581500752897645246e-01	2.564788666574606690e-01	-2.385495262118629278e-01	4.923015099980881937e-02	-1.244310148783732417e-01	2.775893382493846984e-01	-5.010339367942514555e-01	2.307019484291424061e-01	-1.429103666594181421e-01	2.737086171941265356e-01	-6.329530013362283380e-01	1.000000000000001110e+00	-4.008617232919372553e-01	1.233316411149142922e-01
5.812432093272495992e-02	-5.198759460074485472e-02	7.900168999783185875e-02	-6.602919542638681361e-02	7.945585139582367340e-02	-7.844223586333848308e-02	6.731146725121425756e-02	-7.812642995050601835e-02	8.308797277872310982e-02	-1.188962938177940548e-01	1.023516649233715270e-01	-8.441942098540464179e-02	1.015133796028875185e-01	-9.411823494082184605e-02	8.433154909890452910e-02	-1.335973673269887640e-01	1.031494242936992628e-01	-1.141102321096945094e-01	1.064772933942442767e-01	-8.765331382656085801e-02	1.976765848745917487e-01	-1.714147252223235940e-01	1.422284524965441721e-01	-2.018756862015209930e-01	6.691931365358538830e-02	-1.678509308202531802e-01	2.135993463303392792e-01	-2.733875282527413741e-01	2.556523544793558034e-01	-8.580772510703359168e-02	1.614968679394419571e-01	-2.268560785835544991e-01	2.570624127103534606e-01	-3.528555312189987636e-01	2.571577904162718475e-01	-5.317324466540213068e-01	2.656497815710984756e-01	-4.008617232919372553e-01	1.000000000000001332e+00	-3.622248190727287431e-01
