1.000000000000000000e+00	-4.599566255990499286e-01	1.699589686419014645e-01	-1.433367969744054060e-01	1.735127135672393517e-01	-6.860513072901744946e-01	2.985257153281650755e-01	-1.679937989610078564e-01	1.377908955455223461e-01	-1.384841176405309238e-01	3.016449471968331575e-01	-2.774595537898105757e-01	1.799958378453745678e-01	-1.530730999392179992e-01	1.217758124050952878e-01	-2.246108256502025724e-01	1.458717297361220300e-01	-1.842877969482349942e-01	1.624987630110113213e-01	-1.362077600051844195e-01	1.109570590746401242e-01	-1.264480268348510961e-01	1.290002046533354763e-01	-1.445042848574695504e-01	1.257482686918811876e-01	-1.297703537110080074e-01	1.226479537295705052e-01	-1.084034981328584474e-01	1.235139209066248855e-01	-1.359361760153138809e-01	9.861482578684686862e-02	-8.683159753212198184e-02	1.029183067365486010e-01	-1.115213717249804587e-01	8.979325295692147657e-02	-1.297291855184544984e-01	8.937882375405006852e-02	-9.570177560245318737e-02	8.757288658148174032e-02	-1.314129334218336054e-01
-4.599566255990499286e-01	1.000000000000000222e+00	-2.963583070363878802e-01	1.819572700386948294e-01	-2.046838497758602105e-01	2.771347056557089683e-01	-7.033328727380769863e-01	2.017683948327734511e-01	-1.701341028222126683e-01	1.431478492205061348e-01	-2.799464481008821504e-01	2.561550720739543263e-01	-2.040633941457563327e-01	1.559607622404000082e-01	-1.269253889657376566e-01	1.679134639610598279e-01	-1.242929208499383431e-01	1.499520168657704489e-01	-1.575353283418145789e-01	1.260356027536561896e-01	-9.138507863227128547e-02	1.025108066488213399e-01	-1.124123559118877097e-01	1.240892955223266148e-01	-1.161053561982955257e-01	1.046339685185479762e-01	-1.045204933853594309e-01	9.150568756001679904e-02	-1.075133799001066759e-01	1.138637080740054625e-01	-8.305187881261895388e-02	7.233784658845475446e-02	-8.670093866780601011e-02	9.206535871475764188e-02	-7.524267536696489789e-02	1.038454987586432260e-01	-7.379856342097661226e-02	7.853895732611276825e-02	-7.266022396312926679e-02	1.072039172809224200e-01
1.699589686419014645e-01	-2.963583070363878802e-01	9.999999999999997780e-01	-6.825340011449093636e-01	2.711551746690032960e-01	-1.352496234264579378e-01	2.083993280939510639e-01	-4.493352503417563648e-01	3.000757933892034823e-01	-2.196416629403153686e-01	1.779178309425697990e-01	-2.223364798714943524e-01	2.263409967130567135e-01	-2.212808793322049994e-01	1.691649043057343038e-01	-1.676234670730108733e-01	1.234775245387589176e-01	-1.648940056570340484e-01	1.815741282371943766e-01	-1.639557299352794595e-01	9.596585289887318848e-02	-1.102808249165037474e-01	1.243537427380722871e-01	-1.459637627559499384e-01	1.394368753535561167e-01	-1.160078785116687022e-01	1.143991338529232321e-01	-1.040162737569045731e-01	1.204853484930130392e-01	-1.397948377700138911e-01	9.195619216084145731e-02	-8.152619789166989928e-02	9.899858301392240600e-02	-1.095667692622095263e-01	9.027353398125692596e-02	-1.222804448735909516e-01	8.515716811259568808e-02	-9.203175208398023388e-02	8.557132227324591722e-02	-1.299842538283311200e-01
-1.433367969744054060e-01	1.819572700386948294e-01	-6.825340011449093636e-01	9.999999999999997780e-01	-4.131348236311184752e-01	1.097233621169546314e-01	-1.693523851912695222e-01	2.956752238714074887e-01	-4.678462026951854535e-01	2.175862003544578038e-01	-1.548794625594540619e-01	1.787475564114196502e-01	-2.096214930934905407e-01	2.103298308786464288e-01	-1.730917973618680272e-01	1.386834114578152921e-01	-1.048966511884062286e-01	1.389875503672248491e-01	-1.718469403882029456e-01	1.479296327436682712e-01	-8.145597173974679361e-02	9.305917218243295319e-02	-1.083961562974717352e-01	1.263580318345481346e-01	-1.272248885766258941e-01	9.756300840381140760e-02	-9.818749096898984896e-02	8.896757264056062708e-02	-1.045272310546028344e-01	1.189351966288062501e-01	-7.851848628315782896e-02	6.928778720609957142e-02	-8.452037943053544722e-02	9.253342431064451312e-02	-7.695786022273949645e-02	1.019016945334600549e-01	-7.200068972678898283e-02	7.755905985263004954e-02	-7.248913273051292572e-02	1.090338554261989501e-01
1.735127135672393517e-01	-2.046838497758602105e-01	2.711551746690032960e-01	-4.131348236311184752e-01	9.999999999999997780e-01	-1.398365491401028227e-01	1.842057040881730223e-01	-2.763050013908424085e-01	2.667095847970952782e-01	-5.318024698724936883e-01	2.100075407281612461e-01	-2.581523940323782185e-01	2.473856134147738028e-01	-2.906110862930857963e-01	2.767166639578180209e-01	-2.351284239241169527e-01	1.692301428250604367e-01	-2.327301438900976349e-01	2.548464147315420147e-01	-2.738082683070501844e-01	1.397568252493257002e-01	-1.620399309834286428e-01	1.841288290415714346e-01	-2.219467887234722325e-01	2.183663478972653060e-01	-1.765548811037303545e-01	1.726597614881078546e-01	-1.604290599796256989e-01	1.842009968403451048e-01	-2.291200546211214217e-01	1.402722345464817166e-01	-1.259520561989760923e-01	1.542893705924017200e-01	-1.763855151794495868e-01	1.456698213269091990e-01	-1.963799295529640720e-01	1.343446666338835027e-01	-1.466947996137640542e-01	1.367490968109917882e-01	-2.125114769924692781e-01
-6.860513072901744946e-01	2.771347056557089683e-01	-1.352496234264579378e-01	1.097233621169546314e-01	-1.398365491401028227e-01	9.999999999999997780e-01	-3.831059812416607313e-01	1.351749574451989733e-01	-1.119456313376440970e-01	1.071698631640405353e-01	-5.222821174468484928e-01	2.346948682913453377e-01	-1.538363250648971114e-01	1.206918305242033890e-01	-9.614798887284785323e-02	1.761873271020841791e-01	-1.182887923580287631e-01	1.395497919166460710e-01	-1.285900666299836514e-01	1.033346917672767068e-01	-8.647773071188749605e-02	9.617458200420311853e-02	-9.912864612322845603e-02	1.085653179900179788e-01	-9.606367986399658165e-02	9.652796274965305678e-02	-9.327118395192827982e-02	8.115567259459056937e-02	-9.360965006968471891e-02	9.948480999641737266e-02	-7.435377061213888084e-02	6.478619594829038153e-02	-7.672653200883136626e-02	8.160669401581807647e-02	-6.595062031825324467e-02	9.375283526657261779e-02	-6.580477819451308052e-02	7.007763469342416507e-02	-6.431931058001447155e-02	9.524718200067873453e-02
2.985257153281650755e-01	-7.033328727380769863e-01	2.083993280939510639e-01	-1.693523851912695222e-01	1.842057040881730223e-01	-3.831059812416607313e-01	9.999999999999993339e-01	-2.398470214935383149e-01	1.674720302615153866e-01	-1.455792291647632075e-01	2.671455264794605489e-01	-3.921912143075957924e-01	2.146244382949824003e-01	-1.660956200820382922e-01	1.274765486545250959e-01	-1.853612424679834392e-01	1.364595916615617688e-01	-1.645480493837151170e-01	1.596751619185250715e-01	-1.305864550880511676e-01	9.683744342260182381e-02	-1.098625720406774253e-01	1.166415944990223524e-01	-1.302794321211910300e-01	1.182442111906162746e-01	-1.106576396961750225e-01	1.081585328507124466e-01	-9.527796034534063985e-02	1.103591216481443898e-01	-1.193590037714902241e-01	8.623399090646935439e-02	-7.542040604962475803e-02	9.005043983407483299e-02	-9.649603018384948772e-02	7.856988287133087612e-02	-1.094926670456771167e-01	7.703717130929096935e-02	-8.230660188171719238e-02	7.591658520038661873e-02	-1.128806342190737944e-01
-1.679937989610078564e-01	2.017683948327734511e-01	-4.493352503417563648e-01	2.956752238714074887e-01	-2.763050013908424085e-01	1.351749574451989733e-01	-2.398470214935383149e-01	1.000000000000000444e+00	-6.296438331101691377e-01	2.192940227363800731e-01	-1.930416954994942647e-01	2.369633168896139452e-01	-4.160428405594859824e-01	2.674279793504483749e-01	-1.981871383163297251e-01	1.584358496241713155e-01	-1.247144065430389193e-01	1.618015226911660442e-01	-2.055102720303980390e-01	1.626901310277035495e-01	-9.226363520210448255e-02	1.047321626098807884e-01	-1.227909384060449222e-01	1.412146308436916520e-01	-1.419447478095212101e-01	1.072804978307293627e-01	-1.091630418153087534e-01	9.787820452026146922e-02	-1.158232383944840654e-01	1.271066125441995542e-01	-8.666799891411444690e-02	7.589025958932765770e-02	-9.234032789555157716e-02	9.921713984431704270e-02	-8.273711584581677769e-02	1.085366918852889717e-01	-7.784371331559600260e-02	8.340557637145808167e-02	-7.803358896744069795e-02	1.157364303040266940e-01
1.377908955455223461e-01	-1.701341028222126683e-01	3.000757933892034823e-01	-4.678462026951854535e-01	2.667095847970952782e-01	-1.119456313376440970e-01	1.674720302615153866e-01	-6.296438331101691377e-01	1.000000000000000444e+00	-3.014771958421970099e-01	1.617059790961903887e-01	-2.090945539089966443e-01	2.665503545440998101e-01	-3.919264570263363279e-01	2.198221532207040585e-01	-1.516756690257387574e-01	1.167312777577455829e-01	-1.583866890094527413e-01	2.026040115268078201e-01	-1.749888747018335244e-01	8.841686352880478994e-02	-1.013939012481661489e-01	1.191109641589619822e-01	-1.423813904944680742e-01	1.425004435298817262e-01	-1.044070714512440046e-01	1.052059589814154233e-01	-9.576677508099963598e-02	1.123177639818359191e-01	-1.283252603270389480e-01	8.387191919240030713e-02	-7.392283054927227537e-02	9.026562109868943584e-02	-9.858972413737923657e-02	8.251052379253688562e-02	-1.071279930765155763e-01	7.629542918976341126e-02	-8.230177173676461733e-02	7.715224799188455385e-02	-1.157738880034418771e-01
-1.384841176405309238e-01	1.431478492205061348e-01	-2.196416629403153686e-01	2.175862003544578038e-01	-5.318024698724936883e-01	1.071698631640405353e-01	-1.455792291647632075e-01	2.192940227363800731e-01	-3.014771958421970099e-01	9.999999999999998890e-01	-1.697437654966652276e-01	1.893712810926672929e-01	-2.453501504953193579e-01	2.820848499765875039e-01	-6.299155183306854866e-01	1.592391170819403567e-01	-1.245989006849638064e-01	1.667177018284533851e-01	-2.454901904658889356e-01	2.471973700099759363e-01	-9.875711391853557453e-02	1.123954068492784009e-01	-1.402863915504874992e-01	1.643536222244411649e-01	-2.141787421444291128e-01	1.178988320896436626e-01	-1.229869686517065380e-01	1.122103043657889931e-01	-1.359008591737540517e-01	1.558268153582835769e-01	-9.776020028712543997e-02	8.595099460225499866e-02	-1.066488693679918248e-01	1.158464100695485027e-01	-1.004418950453292575e-01	1.221968085055039344e-01	-8.896711121061647021e-02	9.570770877688972167e-02	-9.115848384823016515e-02	1.349746778253863022e-01
3.016449471968331575e-01	-2.799464481008821504e-01	1.779178309425697990e-01	-1.548794625594540619e-01	2.100075407281612461e-01	-5.222821174468484928e-01	2.671455264794605489e-01	-1.930416954994942647e-01	1.617059790961903887e-01	-1.697437654966652276e-01	9.999999999999981126e-01	-4.666059306719043676e-01	2.387612383970947050e-01	-1.960915426106910053e-01	1.528324237152764442e-01	-3.830902469030258994e-01	2.183611666300877552e-01	-2.593996979645506462e-01	2.133555303353439625e-01	-1.728112514550139700e-01	1.582120677579002266e-01	-1.770059778151010232e-01	1.722198052143323332e-01	-1.888531839294037007e-01	1.604949347637613932e-01	-1.738004477451475793e-01	1.623443313233375873e-01	-1.411926145052111448e-01	1.602071165146503051e-01	-1.717121745114634224e-01	1.297714396984687990e-01	-1.132395228659341113e-01	1.328914540749511763e-01	-1.417487969226524369e-01	1.138455293014035696e-01	-1.643892349408861975e-01	1.144318611162125077e-01	-1.221054046280750510e-01	1.115097600816617462e-01	-1.657209667952941612e-01
-2.774595537898105757e-01	2.561550720739543263e-01	-2.223364798714943524e-01	1.787475564114196502e-01	-2.581523940323782185e-01	2.346948682913453377e-01	-3.921912143075957924e-01	2.369633168896139452e-01	-2.090945539089966443e-01	1.893712810926672929e-01	-4.666059306719043676e-01	1.000000000000002887e+00	-5.421961010807769821e-01	2.434576794257492516e-01	-1.868900929789473475e-01	2.454136692997500035e-01	-2.503526753213757838e-01	2.311319631031611144e-01	-2.439773272066280141e-01	1.759517075253470564e-01	-1.358721030699037990e-01	1.501570482339719681e-01	-1.639994122572341340e-01	1.743043128094739214e-01	-1.631616766967653176e-01	1.437051743428852113e-01	-1.472356825864802876e-01	1.263196041311646922e-01	-1.496808581139952021e-01	1.509484008207544747e-01	-1.153995133452869193e-01	9.910555941183640805e-02	-1.183016474012335562e-01	1.221969156180146149e-01	-1.002594751028250825e-01	1.355929125074928077e-01	-9.884654398886418003e-02	1.044772048208372356e-01	-9.689353842597878130e-02	1.402125273490398283e-01
1.799958378453745678e-01	-2.040633941457563327e-01	2.263409967130567135e-01	-2.096214930934905407e-01	2.473856134147738028e-01	-1.538363250648971114e-01	2.146244382949824003e-01	-4.160428405594859824e-01	2.665503545440998101e-01	-2.453501504953193579e-01	2.387612383970947050e-01	-5.421961010807769821e-01	9.999999999999966693e-01	-4.908268670435804726e-01	2.293237246577863875e-01	-2.212261129764012679e-01	1.801128831753752157e-01	-2.447170663650765354e-01	2.521736238365231420e-01	-2.080449733737157469e-01	1.220761515911200912e-01	-1.402606897061643987e-01	1.575653098271529162e-01	-1.847396275205731575e-01	1.710895217465286944e-01	-1.386109418327447218e-01	1.380133315713515663e-01	-1.241111992389807295e-01	1.440674542926103363e-01	-1.601306628685162103e-01	1.095353775122299422e-01	-9.599314070388238751e-02	1.159410944626090567e-01	-1.249854357085601886e-01	1.035311860103456105e-01	-1.368977013478057114e-01	9.772627680276166351e-02	-1.050915324306688214e-01	9.792954978571477564e-02	-1.459977089250899807e-01
-1.530730999392179992e-01	1.559607622404000082e-01	-2.212808793322049994e-01	2.103298308786464288e-01	-2.906110862930857963e-01	1.206918305242033890e-01	-1.660956200820382922e-01	2.674279793504483749e-01	-3.919264570263363279e-01	2.820848499765875039e-01	-1.960915426106910053e-01	2.434576794257492516e-01	-4.908268670435804726e-01	9.999999999999971134e-01	-4.796385502725702965e-01	1.793873718268607642e-01	-1.486833541103637635e-01	2.032881992005155791e-01	-4.150917840447256313e-01	2.446833575475326483e-01	-1.082334056432514846e-01	1.233645056700664738e-01	-1.551254559898696539e-01	1.870245037406182698e-01	-1.978616538601657704e-01	1.239626025112938734e-01	-1.284813625416522109e-01	1.170850247297813285e-01	-1.395426575472888120e-01	1.546868959764988727e-01	-1.013319503126578480e-01	8.865406347429961864e-02	-1.089678036844456827e-01	1.166575327226863912e-01	-9.949525194499407588e-02	1.234093023325559119e-01	-9.021041922343871200e-02	9.695788779093766907e-02	-9.167058413891124302e-02	1.351256057218103157e-01
1.217758124050952878e-01	-1.269253889657376566e-01	1.691649043057343038e-01	-1.730917973618680272e-01	2.767166639578180209e-01	-9.614798887284785323e-02	1.274765486545250959e-01	-1.981871383163297251e-01	2.198221532207040585e-01	-6.299155183306854866e-01	1.528324237152764442e-01	-1.868900929789473475e-01	2.293237246577863875e-01	-4.796385502725702965e-01	9.999999999999986677e-01	-1.547921834410083408e-01	1.211546813026976727e-01	-1.684569884409001517e-01	2.506358665252712559e-01	-4.179512192153551076e-01	9.522350762905353039e-02	-1.094689129205907718e-01	1.368283986585525636e-01	-1.703516527911275169e-01	2.209778803255339485e-01	-1.137708102304266639e-01	1.174672937535547884e-01	-1.092842919831517878e-01	1.305014591422349601e-01	-1.633728518652634021e-01	9.358042062794585947e-02	-8.279826520164598747e-02	1.032306995081544165e-01	-1.151461410249824124e-01	1.007813386367725772e-01	-1.179112597287404612e-01	8.572763833074303896e-02	-9.339214405157877930e-02	8.953370269632104916e-02	-1.352619220600136396e-01
-2.246108256502025724e-01	1.679134639610598279e-01	-1.676234670730108733e-01	1.386834114578152921e-01	-2.351284239241169527e-01	1.761873271020841791e-01	-1.853612424679834392e-01	1.584358496241713155e-01	-1.516756690257387574e-01	1.592391170819403567e-01	-3.830902469030258994e-01	2.454136692997500035e-01	-2.212261129764012679e-01	1.793873718268607642e-01	-1.547921834410083408e-01	9.999999999999971134e-01	-5.878307875540360605e-01	3.090065345438836597e-01	-2.779226696748728909e-01	1.731763252626842275e-01	-3.458662023756104986e-01	2.633187886270019762e-01	-2.393240645753032525e-01	2.103339553363645087e-01	-1.771026932949249233e-01	2.150622064271859590e-01	-2.218433013132276865e-01	1.667397331499803348e-01	-1.974806609674881197e-01	1.646252431587838516e-01	-1.694749523932813917e-01	1.359711049578959940e-01	-1.536577838959483078e-01	1.427257357459830733e-01	-1.139250739885269426e-01	1.584649194623325708e-01	-1.234721533584910852e-01	1.262236224500254689e-01	-1.153211847046904104e-01	1.558213200820884881e-01
1.458717297361220300e-01	-1.242929208499383431e-01	1.234775245387589176e-01	-1.048966511884062286e-01	1.692301428250604367e-01	-1.182887923580287631e-01	1.364595916615617688e-01	-1.247144065430389193e-01	1.167312777577455829e-01	-1.245989006849638064e-01	2.183611666300877552e-01	-2.503526753213757838e-01	1.801128831753752157e-01	-1.486833541103637635e-01	1.211546813026976727e-01	-5.878307875540360605e-01	9.999999999999981126e-01	-6.345068496565323679e-01	2.302836690756365490e-01	-1.426814311156305026e-01	2.134207494172668806e-01	-2.841856890929900237e-01	1.961442697431167725e-01	-1.810246921110613971e-01	1.374504073923140390e-01	-1.667974641627014698e-01	1.625170534133383027e-01	-1.303419667536030446e-01	1.460061461927796289e-01	-1.292882306675363080e-01	1.227551836258811008e-01	-1.017803993842108651e-01	1.150167281978282385e-01	-1.099490066249942805e-01	8.788904049743351266e-02	-1.213003119877069519e-01	9.241804932890176905e-02	-9.632693452095043851e-02	8.774913190848050715e-02	-1.212079617323167241e-01
-1.842877969482349942e-01	1.499520168657704489e-01	-1.648940056570340484e-01	1.389875503672248491e-01	-2.327301438900976349e-01	1.395497919166460710e-01	-1.645480493837151170e-01	1.618015226911660442e-01	-1.583866890094527413e-01	1.667177018284533851e-01	-2.593996979645506462e-01	2.311319631031611144e-01	-2.447170663650765354e-01	2.032881992005155791e-01	-1.684569884409001517e-01	3.090065345438836597e-01	-6.345068496565323679e-01	1.000000000000001332e+00	-4.312556048504553874e-01	1.957524548859444768e-01	-1.993490314660316676e-01	2.164668221292766204e-01	-2.902111195400736698e-01	2.371505478698048563e-01	-1.909797519301902613e-01	1.773030968158935960e-01	-1.934196976924495714e-01	1.643900141471054399e-01	-1.916206025558764847e-01	1.653482155382259289e-01	-1.456528710000223326e-01	1.219042782251906626e-01	-1.446616694789269186e-01	1.377744009288679461e-01	-1.121681929945172462e-01	1.485007853685117729e-01	-1.146224028707546888e-01	1.195043354044366402e-01	-1.103759675480367741e-01	1.517139674128518134e-01
1.624987630110113213e-01	-1.575353283418145789e-01	1.815741282371943766e-01	-1.718469403882029456e-01	2.548464147315420147e-01	-1.285900666299836514e-01	1.596751619185250715e-01	-2.055102720303980390e-01	2.026040115268078201e-01	-2.454901904658889356e-01	2.133555303353439625e-01	-2.439773272066280141e-01	2.521736238365231420e-01	-4.150917840447256313e-01	2.506358665252712559e-01	-2.779226696748728909e-01	2.302836690756365490e-01	-4.312556048504553874e-01	9.999999999999982236e-01	-4.180507756266356179e-01	1.631006069490278376e-01	-1.930250252586055149e-01	2.530049172793772394e-01	-4.052831827171855528e-01	2.653860872805913207e-01	-1.813963704349523809e-01	1.846972705963569605e-01	-1.759842401282342705e-01	2.008556663699335720e-01	-2.249381210414541366e-01	1.445955217896321698e-01	-1.271608907821605294e-01	1.559823795909942579e-01	-1.670849108903361135e-01	1.411089971192328318e-01	-1.724047250645824314e-01	1.268243977065260375e-01	-1.378720421497788284e-01	1.299128242231479824e-01	-1.926953703757783853e-01
-1.362077600051844195e-01	1.260356027536561896e-01	-1.639557299352794595e-01	1.479296327436682712e-01	-2.738082683070501844e-01	1.033346917672767068e-01	-1.305864550880511676e-01	1.626901310277035495e-01	-1.749888747018335244e-01	2.471973700099759363e-01	-1.728112514550139700e-01	1.759517075253470564e-01	-2.080449733737157469e-01	2.446833575475326483e-01	-4.179512192153551076e-01	1.731763252626842275e-01	-1.426814311156305026e-01	1.957524548859444768e-01	-4.180507756266356179e-01	9.999999999999995559e-01	-1.167156897848904418e-01	1.326044930876136840e-01	-1.874857442381390182e-01	2.305918002529512567e-01	-6.312737454431573969e-01	1.380576472985942105e-01	-1.521327975130923049e-01	1.426222622863745626e-01	-1.815781888666777588e-01	2.326977407173055901e-01	-1.199388375825821973e-01	1.053083870101247654e-01	-1.356777227597444624e-01	1.484557459728322593e-01	-1.452796453814419742e-01	1.404119428863335739e-01	-1.082443880505029737e-01	1.173288597737467687e-01	-1.171522140344020413e-01	1.697355596687184776e-01
1.109570590746401242e-01	-9.138507863227128547e-02	9.596585289887318848e-02	-8.145597173974679361e-02	1.397568252493257002e-01	-8.647773071188749605e-02	9.683744342260182381e-02	-9.226363520210448255e-02	8.841686352880478994e-02	-9.875711391853557453e-02	1.582120677579002266e-01	-1.358721030699037990e-01	1.220761515911200912e-01	-1.082334056432514846e-01	9.522350762905353039e-02	-3.458662023756104986e-01	2.134207494172668806e-01	-1.993490314660316676e-01	1.631006069490278376e-01	-1.167156897848904418e-01	9.999999999999974465e-01	-7.242446558373726306e-01	2.175592773011653380e-01	-1.901961711959696266e-01	1.251161593861584709e-01	-4.492109086962091102e-01	2.408796640843589576e-01	-1.588340439914089630e-01	1.632098104048641252e-01	-1.297691960728194205e-01	1.883243259138848991e-01	-1.464072983868535960e-01	1.396286870326760299e-01	-1.224236895141395109e-01	9.252676628665630620e-02	-1.418533756569319570e-01	1.111379160808007721e-01	-1.129246818643251937e-01	9.840671544547445471e-02	-1.285164656943886818e-01
-1.264480268348510961e-01	1.025108066488213399e-01	-1.102808249165037474e-01	9.305917218243295319e-02	-1.620399309834286428e-01	9.617458200420311853e-02	-1.098625720406774253e-01	1.047321626098807884e-01	-1.013939012481661489e-01	1.123954068492784009e-01	-1.770059778151010232e-01	1.501570482339719681e-01	-1.402606897061643987e-01	1.233645056700664738e-01	-1.094689129205907718e-01	2.633187886270019762e-01	-2.841856890929900237e-01	2.164668221292766204e-01	-1.930250252586055149e-01	1.326044930876136840e-01	-7.242446558373726306e-01	1.000000000000000222e+00	-3.459624602907427349e-01	2.170668111937414102e-01	-1.453362129840911066e-01	2.772283037997733679e-01	-3.068020521889779362e-01	1.849097383127725480e-01	-1.943321430209631051e-01	1.442026180066711405e-01	-2.014211149108133259e-01	1.561733136588887294e-01	-1.587846314670857406e-01	1.349608645489199787e-01	-1.030734852407679814e-01	1.519077275763831558e-01	-1.225929554819440714e-01	1.238165454968577078e-01	-1.092735135395026397e-01	1.407450651427893940e-01
1.290002046533354763e-01	-1.124123559118877097e-01	1.243537427380722871e-01	-1.083961562974717352e-01	1.841288290415714346e-01	-9.912864612322845603e-02	1.166415944990223524e-01	-1.227909384060449222e-01	1.191109641589619822e-01	-1.402863915504874992e-01	1.722198052143323332e-01	-1.639994122572341340e-01	1.575653098271529162e-01	-1.551254559898696539e-01	1.368283986585525636e-01	-2.393240645753032525e-01	1.961442697431167725e-01	-2.902111195400736698e-01	2.530049172793772394e-01	-1.874857442381390182e-01	2.175592773011653380e-01	-3.459624602907427349e-01	1.000000000000002220e+00	-6.684825785409893584e-01	2.088882462451642219e-01	-2.279029187681145263e-01	2.342057180575220221e-01	-3.626783259772836110e-01	2.601853912433332860e-01	-2.038392325275251160e-01	1.712968847748468082e-01	-1.562560227543549340e-01	1.950404332973994237e-01	-1.783946772660997548e-01	1.377327818000504689e-01	-1.847339333720076915e-01	1.402439437001104516e-01	-1.562022690226514687e-01	1.382816973608214373e-01	-1.888197061843989444e-01
-1.445042848574695504e-01	1.240892955223266148e-01	-1.459637627559499384e-01	1.263580318345481346e-01	-2.219467887234722325e-01	1.085653179900179788e-01	-1.302794321211910300e-01	1.412146308436916520e-01	-1.423813904944680742e-01	1.643536222244411649e-01	-1.888531839294037007e-01	1.743043128094739214e-01	-1.847396275205731575e-01	1.870245037406182698e-01	-1.703516527911275169e-01	2.103339553363645087e-01	-1.810246921110613971e-01	2.371505478698048563e-01	-4.052831827171855528e-01	2.305918002529512567e-01	-1.901961711959696266e-01	2.170668111937414102e-01	-6.684825785409893584e-01	1.000000000000000222e+00	-3.238574848537337236e-01	1.933893397559421079e-01	-2.264579438107243159e-01	2.389052092822602502e-01	-2.901298264542411798e-01	2.118480077051535793e-01	-1.663952304762046919e-01	1.446777843191140167e-01	-1.853724487435490231e-01	1.705813440083104038e-01	-1.423946045984541553e-01	1.717029983165613560e-01	-1.357430823314403623e-01	1.454001077789460750e-01	-1.356563282340919607e-01	1.824560764770365717e-01
1.257482686918811876e-01	-1.161053561982955257e-01	1.394368753535561167e-01	-1.272248885766258941e-01	2.183663478972653060e-01	-9.606367986399658165e-02	1.182442111906162746e-01	-1.419447478095212101e-01	1.425004435298817262e-01	-2.141787421444291128e-01	1.604949347637613932e-01	-1.631616766967653176e-01	1.710895217465286944e-01	-1.978616538601657704e-01	2.209778803255339485e-01	-1.771026932949249233e-01	1.374504073923140390e-01	-1.909797519301902613e-01	2.653860872805913207e-01	-6.312737454431573969e-01	1.251161593861584709e-01	-1.453362129840911066e-01	2.088882462451642219e-01	-3.238574848537337236e-01	1.000000000000000666e+00	-1.564068364004677081e-01	1.700550223185562648e-01	-1.708799610008297776e-01	2.103955071427982826e-01	-4.616815489567879793e-01	1.364303635639779189e-01	-1.232322982793879890e-01	1.636700142282404291e-01	-2.054897021772179033e-01	2.068157336951112202e-01	-1.685884957336672707e-01	1.293697380610907277e-01	-1.474773334778780309e-01	1.523541302413496390e-01	-2.439430833722421310e-01
-1.297703537110080074e-01	1.046339685185479762e-01	-1.160078785116687022e-01	9.756300840381140760e-02	-1.765548811037303545e-01	9.652796274965305678e-02	-1.106576396961750225e-01	1.072804978307293627e-01	-1.044070714512440046e-01	1.178988320896436626e-01	-1.738004477451475793e-01	1.437051743428852113e-01	-1.386109418327447218e-01	1.239626025112938734e-01	-1.137708102304266639e-01	2.150622064271859590e-01	-1.667974641627014698e-01	1.773030968158935960e-01	-1.813963704349523809e-01	1.380576472985942105e-01	-4.492109086962091102e-01	2.772283037997733679e-01	-2.279029187681145263e-01	1.933893397559421079e-01	-1.564068364004677081e-01	9.999999999999998890e-01	-5.260045046903228938e-01	2.280126801220778432e-01	-2.480964992470242325e-01	1.710201253574604174e-01	-4.924830162355400831e-01	2.746553439508774841e-01	-2.332799364408567055e-01	1.778304403472269757e-01	-1.295600494546690629e-01	2.114589928359937032e-01	-1.831397431229696282e-01	1.729122129514820694e-01	-1.476724095415433702e-01	1.770282453684463575e-01
1.226479537295705052e-01	-1.045204933853594309e-01	1.143991338529232321e-01	-9.818749096898984896e-02	1.726597614881078546e-01	-9.327118395192827982e-02	1.081585328507124466e-01	-1.091630418153087534e-01	1.052059589814154233e-01	-1.229869686517065380e-01	1.623443313233375873e-01	-1.472356825864802876e-01	1.380133315713515663e-01	-1.284813625416522109e-01	1.174672937535547884e-01	-2.218433013132276865e-01	1.625170534133383027e-01	-1.934196976924495714e-01	1.846972705963569605e-01	-1.521327975130923049e-01	2.408796640843589576e-01	-3.068020521889779362e-01	2.342057180575220221e-01	-2.264579438107243159e-01	1.700550223185562648e-01	-5.260045046903228938e-01	9.999999999999992228e-01	-3.916824196303371752e-01	2.730317536287000801e-01	-2.129300647718043449e-01	3.080387737967397732e-01	-4.362654218484950386e-01	2.743981549778548024e-01	-2.312505711114999363e-01	1.598679831466180978e-01	-2.889014594479597520e-01	2.173696296180366305e-01	-2.262291594975367470e-01	1.811760276508537215e-01	-2.293677314220576025e-01
-1.084034981328584474e-01	9.150568756001679904e-02	-1.040162737569045731e-01	8.896757264056062708e-02	-1.604290599796256989e-01	8.115567259459056937e-02	-9.527796034534063985e-02	9.787820452026146922e-02	-9.576677508099963598e-02	1.122103043657889931e-01	-1.411926145052111448e-01	1.263196041311646922e-01	-1.241111992389807295e-01	1.170850247297813285e-01	-1.092842919831517878e-01	1.667397331499803348e-01	-1.303419667536030446e-01	1.643900141471054399e-01	-1.759842401282342705e-01	1.426222622863745626e-01	-1.588340439914089630e-01	1.849097383127725480e-01	-3.626783259772836110e-01	2.389052092822602502e-01	-1.708799610008297776e-01	2.280126801220778432e-01	-3.916824196303371752e-01	9.999999999999981126e-01	-6.389889409560873812e-01	2.095965466393345245e-01	-2.163511045554386836e-01	2.201648071617023361e-01	-4.209809816838596674e-01	2.270902370677562176e-01	-1.600180015998253491e-01	2.131401575321036357e-01	-1.815181815659180076e-01	2.092825874860828883e-01	-1.792572735993766542e-01	2.060210707355623894e-01
1.235139209066248855e-01	-1.075133799001066759e-01	1.204853484930130392e-01	-1.045272310546028344e-01	1.842009968403451048e-01	-9.360965006968471891e-02	1.103591216481443898e-01	-1.158232383944840654e-01	1.123177639818359191e-01	-1.359008591737540517e-01	1.602071165146503051e-01	-1.496808581139952021e-01	1.440674542926103363e-01	-1.395426575472888120e-01	1.305014591422349601e-01	-1.974806609674881197e-01	1.460061461927796289e-01	-1.916206025558764847e-01	2.008556663699335720e-01	-1.815781888666777588e-01	1.632098104048641252e-01	-1.943321430209631051e-01	2.601853912433332860e-01	-2.901298264542411798e-01	2.103955071427982826e-01	-2.480964992470242325e-01	2.730317536287000801e-01	-6.389889409560873812e-01	1.000000000000000888e+00	-3.419114845105320488e-01	2.054674273033645082e-01	-2.084698631108313216e-01	2.821256064056337776e-01	-3.101216181793287618e-01	2.161043154862458127e-01	-2.724568913955384697e-01	1.984516322016329493e-01	-2.415595216003798007e-01	2.121350821856772262e-01	-2.902774052655376913e-01
-1.359361760153138809e-01	1.138637080740054625e-01	-1.397948377700138911e-01	1.189351966288062501e-01	-2.291200546211214217e-01	9.948480999641737266e-02	-1.193590037714902241e-01	1.271066125441995542e-01	-1.283252603270389480e-01	1.558268153582835769e-01	-1.717121745114634224e-01	1.509484008207544747e-01	-1.601306628685162103e-01	1.546868959764988727e-01	-1.633728518652634021e-01	1.646252431587838516e-01	-1.292882306675363080e-01	1.653482155382259289e-01	-2.249381210414541366e-01	2.326977407173055901e-01	-1.297691960728194205e-01	1.442026180066711405e-01	-2.038392325275251160e-01	2.118480077051535793e-01	-4.616815489567879793e-01	1.710201253574604174e-01	-2.129300647718043449e-01	2.095965466393345245e-01	-3.419114845105320488e-01	9.999999999999998890e-01	-1.723624679195287779e-01	1.534267901062931760e-01	-2.270294148033497883e-01	2.721429872308434028e-01	-5.697288741829761305e-01	1.871628807835033492e-01	-1.654587545782886249e-01	1.831051804187102672e-01	-2.221321546664600244e-01	2.927917913880347389e-01
9.861482578684686862e-02	-8.305187881261895388e-02	9.195619216084145731e-02	-7.851848628315782896e-02	1.402722345464817166e-01	-7.435377061213888084e-02	8.623399090646935439e-02	-8.666799891411444690e-02	8.387191919240030713e-02	-9.776020028712543997e-02	1.297714396984687990e-01	-1.153995133452869193e-01	1.095353775122299422e-01	-1.013319503126578480e-01	9.358042062794585947e-02	-1.694749523932813917e-01	1.227551836258811008e-01	-1.456528710000223326e-01	1.445955217896321698e-01	-1.199388375825821973e-01	1.883243259138848991e-01	-2.014211149108133259e-01	1.712968847748468082e-01	-1.663952304762046919e-01	1.364303635639779189e-01	-4.924830162355400831e-01	3.080387737967397732e-01	-2.163511045554386836e-01	2.054674273033645082e-01	-1.723624679195287779e-01	9.999999999999983347e-01	-6.633432613404863787e-01	2.600623326729905593e-01	-2.076662889741519302e-01	1.366739406120439926e-01	-2.883260262851448652e-01	2.226120194867185487e-01	-2.178147722352915538e-01	1.645514830861257993e-01	-1.963309145823045054e-01
-8.683159753212198184e-02	7.233784658845475446e-02	-8.152619789166989928e-02	6.928778720609957142e-02	-1.259520561989760923e-01	6.478619594829038153e-02	-7.542040604962475803e-02	7.589025958932765770e-02	-7.392283054927227537e-02	8.595099460225499866e-02	-1.132395228659341113e-01	9.910555941183640805e-02	-9.599314070388238751e-02	8.865406347429961864e-02	-8.279826520164598747e-02	1.359711049578959940e-01	-1.017803993842108651e-01	1.219042782251906626e-01	-1.271608907821605294e-01	1.053083870101247654e-01	-1.464072983868535960e-01	1.561733136588887294e-01	-1.562560227543549340e-01	1.446777843191140167e-01	-1.232322982793879890e-01	2.746553439508774841e-01	-4.362654218484950386e-01	2.201648071617023361e-01	-2.084698631108313216e-01	1.534267901062931760e-01	-6.633432613404863787e-01	9.999999999999991118e-01	-4.189526216500771838e-01	1.981823474491300474e-01	-1.292564417931796883e-01	2.501842425231186606e-01	-3.004358827789280206e-01	2.225354392738027876e-01	-1.680509173171972903e-01	1.760987909625880143e-01
1.029183067365486010e-01	-8.670093866780601011e-02	9.899858301392240600e-02	-8.452037943053544722e-02	1.542893705924017200e-01	-7.672653200883136626e-02	9.005043983407483299e-02	-9.234032789555157716e-02	9.026562109868943584e-02	-1.066488693679918248e-01	1.328914540749511763e-01	-1.183016474012335562e-01	1.159410944626090567e-01	-1.089678036844456827e-01	1.032306995081544165e-01	-1.536577838959483078e-01	1.150167281978282385e-01	-1.446616694789269186e-01	1.559823795909942579e-01	-1.356777227597444624e-01	1.396286870326760299e-01	-1.587846314670857406e-01	1.950404332973994237e-01	-1.853724487435490231e-01	1.636700142282404291e-01	-2.332799364408567055e-01	2.743981549778548024e-01	-4.209809816838596674e-01	2.821256064056337776e-01	-2.270294148033497883e-01	2.600623326729905593e-01	-4.189526216500771838e-01	1.000000000000000222e+00	-4.243299378091529572e-01	2.073424691610510628e-01	-2.949518896018213376e-01	2.566563008844156557e-01	-4.618943446290780241e-01	2.721532148226480929e-01	-2.768820091732403510e-01
-1.115213717249804587e-01	9.206535871475764188e-02	-1.095667692622095263e-01	9.253342431064451312e-02	-1.763855151794495868e-01	8.160669401581807647e-02	-9.649603018384948772e-02	9.921713984431704270e-02	-9.858972413737923657e-02	1.158464100695485027e-01	-1.417487969226524369e-01	1.221969156180146149e-01	-1.249854357085601886e-01	1.166575327226863912e-01	-1.151461410249824124e-01	1.427257357459830733e-01	-1.099490066249942805e-01	1.377744009288679461e-01	-1.670849108903361135e-01	1.484557459728322593e-01	-1.224236895141395109e-01	1.349608645489199787e-01	-1.783946772660997548e-01	1.705813440083104038e-01	-2.054897021772179033e-01	1.778304403472269757e-01	-2.312505711114999363e-01	2.270902370677562176e-01	-3.101216181793287618e-01	2.721429872308434028e-01	-2.076662889741519302e-01	1.981823474491300474e-01	-4.243299378091529572e-01	1.000000000000000000e+00	-4.884059628265383091e-01	2.171254700458856435e-01	-2.184283061239805368e-01	2.791598869464481103e-01	-5.114779019397561743e-01	3.233094219932701185e-01
8.979325295692147657e-02	-7.524267536696489789e-02	9.027353398125692596e-02	-7.695786022273949645e-02	1.456698213269091990e-01	-6.595062031825324467e-02	7.856988287133087612e-02	-8.273711584581677769e-02	8.251052379253688562e-02	-1.004418950453292575e-01	1.138455293014035696e-01	-1.002594751028250825e-01	1.035311860103456105e-01	-9.949525194499407588e-02	1.007813386367725772e-01	-1.139250739885269426e-01	8.788904049743351266e-02	-1.121681929945172462e-01	1.411089971192328318e-01	-1.452796453814419742e-01	9.252676628665630620e-02	-1.030734852407679814e-01	1.377327818000504689e-01	-1.423946045984541553e-01	2.068157336951112202e-01	-1.295600494546690629e-01	1.598679831466180978e-01	-1.600180015998253491e-01	2.161043154862458127e-01	-5.697288741829761305e-01	1.366739406120439926e-01	-1.292564417931796883e-01	2.073424691610510628e-01	-4.884059628265383091e-01	9.999999999999998890e-01	-1.590036699341552673e-01	1.448288667433810240e-01	-1.866902348623603602e-01	2.558572424439596871e-01	-5.511340751649280723e-01
-1.297291855184544984e-01	1.038454987586432260e-01	-1.222804448735909516e-01	1.019016945334600549e-01	-1.963799295529640720e-01	9.375283526657261779e-02	-1.094926670456771167e-01	1.085366918852889717e-01	-1.071279930765155763e-01	1.221968085055039344e-01	-1.643892349408861975e-01	1.355929125074928077e-01	-1.368977013478057114e-01	1.234093023325559119e-01	-1.179112597287404612e-01	1.584649194623325708e-01	-1.213003119877069519e-01	1.485007853685117729e-01	-1.724047250645824314e-01	1.404119428863335739e-01	-1.418533756569319570e-01	1.519077275763831558e-01	-1.847339333720076915e-01	1.717029983165613560e-01	-1.685884957336672707e-01	2.114589928359937032e-01	-2.889014594479597520e-01	2.131401575321036357e-01	-2.724568913955384697e-01	1.871628807835033492e-01	-2.883260262851448652e-01	2.501842425231186606e-01	-2.949518896018213376e-01	2.171254700458856435e-01	-1.590036699341552673e-01	9.999999999999998890e-01	-7.153411360775407957e-01	2.822180527642184078e-01	-2.424011794043429147e-01	2.129575961615721713e-01
8.937882375405006852e-02	-7.379856342097661226e-02	8.515716811259568808e-02	-7.200068972678898283e-02	1.343446666338835027e-01	-6.580477819451308052e-02	7.703717130929096935e-02	-7.784371331559600260e-02	7.629542918976341126e-02	-8.896711121061647021e-02	1.144318611162125077e-01	-9.884654398886418003e-02	9.772627680276166351e-02	-9.021041922343871200e-02	8.572763833074303896e-02	-1.234721533584910852e-01	9.241804932890176905e-02	-1.146224028707546888e-01	1.268243977065260375e-01	-1.082443880505029737e-01	1.111379160808007721e-01	-1.225929554819440714e-01	1.402439437001104516e-01	-1.357430823314403623e-01	1.293697380610907277e-01	-1.831397431229696282e-01	2.173696296180366305e-01	-1.815181815659180076e-01	1.984516322016329493e-01	-1.654587545782886249e-01	2.226120194867185487e-01	-3.004358827789280206e-01	2.566563008844156557e-01	-2.184283061239805368e-01	1.448288667433810240e-01	-7.153411360775407957e-01	9.999999999999998890e-01	-4.769360315750403867e-01	2.304263566581049860e-01	-2.170330487224288729e-01
-9.570177560245318737e-02	7.853895732611276825e-02	-9.203175208398023388e-02	7.755905985263004954e-02	-1.466947996137640542e-01	7.007763469342416507e-02	-8.230660188171719238e-02	8.340557637145808167e-02	-8.230177173676461733e-02	9.570770877688972167e-02	-1.221054046280750510e-01	1.044772048208372356e-01	-1.050915324306688214e-01	9.695788779093766907e-02	-9.339214405157877930e-02	1.262236224500254689e-01	-9.632693452095043851e-02	1.195043354044366402e-01	-1.378720421497788284e-01	1.173288597737467687e-01	-1.129246818643251937e-01	1.238165454968577078e-01	-1.562022690226514687e-01	1.454001077789460750e-01	-1.474773334778780309e-01	1.729122129514820694e-01	-2.262291594975367470e-01	2.092825874860828883e-01	-2.415595216003798007e-01	1.831051804187102672e-01	-2.178147722352915538e-01	2.225354392738027876e-01	-4.618943446290780241e-01	2.791598869464481103e-01	-1.866902348623603602e-01	2.822180527642184078e-01	-4.769360315750403867e-01	1.000000000000000000e+00	-5.625696789058188818e-01	2.559119259930465740e-01
8.757288658148174032e-02	-7.266022396312926679e-02	8.557132227324591722e-02	-7.248913273051292572e-02	1.367490968109917882e-01	-6.431931058001447155e-02	7.591658520038661873e-02	-7.803358896744069795e-02	7.715224799188455385e-02	-9.115848384823016515e-02	1.115097600816617462e-01	-9.689353842597878130e-02	9.792954978571477564e-02	-9.167058413891124302e-02	8.953370269632104916e-02	-1.153211847046904104e-01	8.774913190848050715e-02	-1.103759675480367741e-01	1.299128242231479824e-01	-1.171522140344020413e-01	9.840671544547445471e-02	-1.092735135395026397e-01	1.382816973608214373e-01	-1.356563282340919607e-01	1.523541302413496390e-01	-1.476724095415433702e-01	1.811760276508537215e-01	-1.792572735993766542e-01	2.121350821856772262e-01	-2.221321546664600244e-01	1.645514830861257993e-01	-1.680509173171972903e-01	2.721532148226480929e-01	-5.114779019397561743e-01	2.558572424439596871e-01	-2.424011794043429147e-01	2.304263566581049860e-01	-5.625696789058188818e-01	1.000000000000000000e+00	-4.963734713588966452e-01
