1.000000000000000000e+00	-5.885076030550732140e-01	1.894568820898470951e-01	-9.048376468803363826e-02	6.451597193396757524e-02	-6.642717817389295343e-01	3.327104076122821552e-01	-2.149457189712150051e-01	9.146140831625583500e-02	-5.870938500757195283e-02	1.369062836890120594e-01	-1.075406959383153893e-01	1.256901960363852044e-01	-5.103127656742736246e-02	5.831822175860262858e-02	-8.641786662539373276e-02	9.201467226236845209e-02	-1.020719309714093193e-01	6.659360990993073992e-02	-8.959686418100896999e-02	7.886459072967347272e-02	-1.162331714407248279e-01	7.554969174871740967e-02	-8.873586590958916498e-02	8.962683669205799564e-02	-1.021952967392274481e-01	7.053360776833475509e-02	-6.816419691268588155e-02	6.482707334395441945e-02	-7.443206386811131170e-02	5.236507660362927502e-02	-5.885985438441784096e-02	5.719252585050972615e-02	-6.257873008757909583e-02	4.858879743650066502e-02	-4.100486375061124233e-02	5.638617263698965376e-02	-4.399452156171908962e-02	4.439995779100981699e-02	-8.622652607950226367e-02
-5.885076030550732140e-01	1.000000000000000222e+00	-3.300958560250057405e-01	1.144917675840136373e-01	-7.383128405584930831e-02	3.145379061035992740e-01	-6.286623994297124707e-01	2.195663917860353198e-01	-1.184236623504312663e-01	6.499523042163284081e-02	-1.041408306317171822e-01	8.384531606820158633e-02	-1.188386783157822368e-01	4.694498755904133458e-02	-5.414578166609417681e-02	6.446303217948265440e-02	-7.507786123146134583e-02	8.762065419596766491e-02	-5.916944117851493518e-02	7.845841848625431658e-02	-6.241365232203025665e-02	9.248279594934712133e-02	-6.352793738602428852e-02	7.382225227130903566e-02	-7.587420312273585044e-02	7.861401714097161764e-02	-5.675491627022212493e-02	5.549887626790517281e-02	-5.356002184098228314e-02	6.096089351508662130e-02	-4.229407759552421264e-02	4.733458381549669053e-02	-4.680202074919487254e-02	5.128501013416519178e-02	-3.981238722253689633e-02	3.295105668799644394e-02	-4.583354644561335456e-02	3.579781873512638546e-02	-3.636094637062909501e-02	7.045610387072735736e-02
1.894568820898470951e-01	-3.300958560250057405e-01	1.000000000000000444e+00	-3.976334436419580176e-01	1.516357319371214596e-01	-1.451552549504614431e-01	1.915854461985674329e-01	-7.041886913665341696e-01	2.583563663038308533e-01	-1.429207668242803153e-01	1.130240121203905934e-01	-1.140923944726911221e-01	2.111005916962575280e-01	-8.536322032075772948e-02	9.636517053952094181e-02	-7.853840007738163709e-02	1.071227897245325272e-01	-1.531170228860884996e-01	1.024765915941179828e-01	-1.398086530230505387e-01	8.015744637301840114e-02	-1.391219052747248996e-01	1.033890292192473359e-01	-1.220841002848208207e-01	1.193733856961606277e-01	-1.082918447250658112e-01	8.376275903810648238e-02	-8.666178144014666240e-02	8.495889147095696259e-02	-9.822562881376237232e-02	6.198034396571358573e-02	-7.061710555229361308e-02	7.252966704029775724e-02	-8.162491648324644855e-02	6.386182873540302563e-02	-4.858876929054305183e-02	6.803457423807841853e-02	-5.522176719654407762e-02	5.581318690580792941e-02	-1.136331604319125721e-01
-9.048376468803363826e-02	1.144917675840136373e-01	-3.976334436419580176e-01	1.000000000000000444e+00	-2.841436588104195859e-01	6.656914703646650555e-02	-8.946351729034010547e-02	2.392020912092133189e-01	-8.067738040198518812e-01	2.200347179054500946e-01	-6.044424102690702100e-02	5.963045980075724894e-02	-1.119802795540237872e-01	6.915640299078681941e-02	-8.246606207253320830e-02	4.172292061431694815e-02	-5.783117225951208557e-02	8.248841540293161412e-02	-6.986070976547428812e-02	9.363169156890170652e-02	-4.331291354795900606e-02	7.436343087046412559e-02	-5.683050497374937671e-02	6.651163371473065022e-02	-6.830180800534879637e-02	5.777477787508383811e-02	-4.542592088538947165e-02	4.700334667364933910e-02	-4.663128702286147009e-02	5.379008725468802099e-02	-3.379762363234008887e-02	3.829197988291135890e-02	-3.960742193816088608e-02	4.445220316098968255e-02	-3.494727740359662022e-02	2.640351311190323319e-02	-3.719529842034349776e-02	3.013841866194684471e-02	-3.062252000866858698e-02	6.209623073970524376e-02
6.451597193396757524e-02	-7.383128405584930831e-02	1.516357319371214596e-01	-2.841436588104195859e-01	1.000000000000000444e+00	-5.082612105528952484e-02	6.214549995046687175e-02	-1.732502362024887499e-01	2.423083595464396445e-01	-8.754701805953446492e-01	6.587365026092725784e-02	-6.560264505748737707e-02	1.154376189224366189e-01	-1.272919776085958132e-01	1.568164825120672012e-01	-4.652716047313097680e-02	6.628393473973652472e-02	-9.927717708596189850e-02	1.076560573194731002e-01	-1.624371994188667234e-01	4.921091812821757477e-02	-8.702195755131986177e-02	6.878431758213940372e-02	-8.127728746679722949e-02	8.696593410203416752e-02	-6.646603657585531399e-02	5.354669184164283224e-02	-5.632649112736397290e-02	5.671772973280195945e-02	-6.644938611405490358e-02	3.994631927862113407e-02	-4.534343416105032776e-02	4.763217738651366606e-02	-5.388363192522538370e-02	4.297070785543168070e-02	-3.121708163846820955e-02	4.418703745635428615e-02	-3.634509689344378458e-02	3.697397090758746535e-02	-7.662105466325097591e-02
-6.642717817389295343e-01	3.145379061035992740e-01	-1.451552549504614431e-01	6.656914703646650555e-02	-5.082612105528952484e-02	1.000000000000000666e+00	-6.338747594491754844e-01	1.476021682742469365e-01	-7.182431081245206628e-02	4.504172161307375133e-02	-1.736132530848604472e-01	1.036787213171705690e-01	-1.050251169361539894e-01	4.096287030383671118e-02	-4.707411337628322756e-02	8.717483971855143066e-02	-8.591698632708621997e-02	8.327037816518223501e-02	-5.399465348159081940e-02	7.041908666162491337e-02	-7.786974466713053600e-02	9.929930841742337644e-02	-6.277598013419162515e-02	7.209782719272241069e-02	-7.404304722374226155e-02	9.053019813764745516e-02	-6.102517897526827523e-02	5.659338698595033079e-02	-5.338401750188983413e-02	5.927509860365022532e-02	-4.536533973704771905e-02	5.020126212205110877e-02	-4.777838417468353166e-02	5.105590480349462418e-02	-3.893643094582203978e-02	3.517494393958982279e-02	-4.847511193938446039e-02	3.639041710687147130e-02	-3.702846938821928446e-02	6.838287171784862561e-02
3.327104076122821552e-01	-6.286623994297124707e-01	1.915854461985674329e-01	-8.946351729034010547e-02	6.214549995046687175e-02	-6.338747594491754844e-01	1.000000000000000666e+00	-2.200046460004374260e-01	9.022255627025647928e-02	-5.631196821610356257e-02	1.261189801328655158e-01	-1.002409833869524758e-01	1.190080867015517324e-01	-4.739664641844511944e-02	5.411705562555354371e-02	-7.861212608373904787e-02	8.478346190893921996e-02	-9.415847911642424850e-02	6.139009605135881120e-02	-8.211670484964754546e-02	7.167889265674186328e-02	-1.050440447268605887e-01	6.900510731437853318e-02	-8.066414244992976823e-02	8.132482257209644461e-02	-9.170893626964093936e-02	6.373804358328585828e-02	-6.156305444506623287e-02	5.866767167412721695e-02	-6.686505552961209686e-02	4.729090450479420116e-02	-5.308372394705304642e-02	5.169409883489424484e-02	-5.646918631841785913e-02	4.368985334886561073e-02	-3.696358911391720015e-02	5.095425324188120053e-02	-3.960234258522349338e-02	4.004624035655719033e-02	-7.736516871616623547e-02
-2.149457189712150051e-01	2.195663917860353198e-01	-7.041886913665341696e-01	2.392020912092133189e-01	-1.732502362024887499e-01	1.476021682742469365e-01	-2.200046460004374260e-01	1.000000000000000444e+00	-3.058967574021747016e-01	1.424515609850679487e-01	-1.348325285158750997e-01	1.339264258712143940e-01	-3.804767979490594199e-01	9.898026890093848673e-02	-1.134605135917190061e-01	8.865056931415646324e-02	-1.271342704534684509e-01	1.740776705262877810e-01	-1.191312753151783366e-01	1.471451481424295160e-01	-9.201591434107095346e-02	1.489083416493034162e-01	-1.179270295485725234e-01	1.306130776879160793e-01	-1.341366036603528766e-01	1.156979366895053152e-01	-9.159932750984341177e-02	9.232540524652670111e-02	-9.174807774463200616e-02	1.003809152061661270e-01	-6.814177879968422169e-02	7.617387124308294677e-02	-7.832366951307564995e-02	8.593722858258059927e-02	-6.580114741719091109e-02	5.268754337321491371e-02	-7.481343127822810690e-02	5.836209421372672013e-02	-6.000682304481374379e-02	1.151465378845200060e-01
9.146140831625583500e-02	-1.184236623504312663e-01	2.583563663038308533e-01	-8.067738040198518812e-01	2.423083595464396445e-01	-7.182431081245206628e-02	9.022255627025647928e-02	-3.058967574021747016e-01	1.000000000000000888e+00	-3.225267338502910142e-01	7.272321456821258245e-02	-7.331850504089230947e-02	1.327317205953786883e-01	-8.880290231831972081e-02	1.014023086490245390e-01	-5.111814056582762028e-02	7.116539397050379578e-02	-1.036290843733355949e-01	8.647886612214128466e-02	-1.190939421789705133e-01	5.308549321578332619e-02	-9.329502843972188597e-02	7.094300936930861279e-02	-8.390947106849486192e-02	8.486962599159013354e-02	-7.202795013238989796e-02	5.666171987956757777e-02	-5.910754504351942162e-02	5.853856490175807920e-02	-6.820104154621037251e-02	4.207309726071337824e-02	-4.789839535662197834e-02	4.965230129650408109e-02	-5.606208207706225161e-02	4.423965485066466696e-02	-3.296390278641028737e-02	4.633586894237060050e-02	-3.789543689470207394e-02	3.837012960266256850e-02	-7.885095392515001356e-02
-5.870938500757195283e-02	6.499523042163284081e-02	-1.429207668242803153e-01	2.200347179054500946e-01	-8.754701805953446492e-01	4.504172161307375133e-02	-5.631196821610356257e-02	1.424515609850679487e-01	-3.225267338502910142e-01	1.000000000000000888e+00	-5.801327312780833051e-02	5.710082327652493683e-02	-1.050374602118069323e-01	1.230701115146252411e-01	-1.943604875815846955e-01	4.039170854375873088e-02	-5.815564256647093311e-02	8.692071086133525137e-02	-1.044902770634445061e-01	1.402118174086125213e-01	-4.290216857407354312e-02	7.429643392600447649e-02	-6.020626672143746666e-02	6.989124084671720361e-02	-7.644631849608476970e-02	5.675380359510975858e-02	-4.607678636635686997e-02	4.811113852545970127e-02	-4.877411553797892513e-02	5.588255359258068045e-02	-3.445236957412670109e-02	3.885198545016899790e-02	-4.088702263911331292e-02	4.585388685034331308e-02	-3.624867719367106528e-02	2.679636364945164190e-02	-3.812075917246385975e-02	3.091366050508682906e-02	-3.165783190211425568e-02	6.419903139924944269e-02
1.369062836890120594e-01	-1.041408306317171822e-01	1.130240121203905934e-01	-6.044424102690702100e-02	6.587365026092725784e-02	-1.736132530848604472e-01	1.261189801328655158e-01	-1.348325285158750997e-01	7.272321456821258245e-02	-5.801327312780833051e-02	1.000000000000001110e+00	-5.441705997289194574e-01	2.285811355791806110e-01	-8.701587272870202339e-02	9.767712859999989894e-02	-5.141286808828002819e-01	2.982046836613229113e-01	-2.136760767462826949e-01	1.225785797003468153e-01	-1.525185241332085995e-01	2.805233570076843819e-01	-3.146366431356813487e-01	1.668828960315903720e-01	-1.862052337645621891e-01	1.793937988002206330e-01	-3.214317301749956557e-01	1.846652861848059879e-01	-1.559191325613512591e-01	1.389354854598698619e-01	-1.432322979117337525e-01	1.341999672175160363e-01	-1.480068485045475668e-01	1.302270922742182480e-01	-1.325416660154895565e-01	9.550891102396788512e-02	-1.039916280463123732e-01	1.391114696077059565e-01	-9.666106379363142986e-02	9.798378856139094983e-02	-1.639395921096506170e-01
-1.075406959383153893e-01	8.384531606820158633e-02	-1.140923944726911221e-01	5.963045980075724894e-02	-6.560264505748737707e-02	1.036787213171705690e-01	-1.002409833869524758e-01	1.339264258712143940e-01	-7.331850504089230947e-02	5.710082327652493683e-02	-5.441705997289194574e-01	1.000000000000001110e+00	-3.402302706819633205e-01	9.060922502330774619e-02	-1.006562767666963759e-01	2.390742258991432334e-01	-6.399140226396795583e-01	2.299124695899684712e-01	-1.277458324061999106e-01	1.433089378995147656e-01	-2.187498858343322194e-01	2.679186192234014885e-01	-1.673837420625235439e-01	1.657265301502481025e-01	-1.659300037766648084e-01	2.034738123618375916e-01	-1.570427540949804746e-01	1.295644591350540720e-01	-1.226925911973537481e-01	1.171836664071057021e-01	-1.115751605036696958e-01	1.197368717619952116e-01	-1.120149536949501118e-01	1.113220964365006088e-01	-7.885397504247856904e-02	8.326693545784792649e-02	-1.197781769843565824e-01	7.965912726642973563e-02	-8.389212848386617960e-02	1.324868805325412346e-01
1.256901960363852044e-01	-1.188386783157822368e-01	2.111005916962575280e-01	-1.119802795540237872e-01	1.154376189224366189e-01	-1.050251169361539894e-01	1.190080867015517324e-01	-3.804767979490594199e-01	1.327317205953786883e-01	-1.050374602118069323e-01	2.285811355791806110e-01	-3.402302706819633205e-01	9.999999999999992228e-01	-1.991808264690364538e-01	1.829524888971163776e-01	-1.657510920776699148e-01	2.623432345589106762e-01	-5.222251537158317802e-01	2.291595192173526419e-01	-2.878726050638065748e-01	1.636379077420387074e-01	-3.115856673950899713e-01	2.539729470623305896e-01	-2.890582024199808697e-01	2.335370568911320499e-01	-2.177725538340899991e-01	1.751176306719986475e-01	-1.838917346745046755e-01	1.786820264076168507e-01	-1.874841388168772272e-01	1.255205266256877727e-01	-1.448943478971309040e-01	1.510538887950167442e-01	-1.686544038942618118e-01	1.234925546304282834e-01	-9.785153068658296316e-02	1.378028020997123793e-01	-1.077115410662091016e-01	1.095277918802755879e-01	-2.138273150474867546e-01
-5.103127656742736246e-02	4.694498755904133458e-02	-8.536322032075772948e-02	6.915640299078681941e-02	-1.272919776085958132e-01	4.096287030383671118e-02	-4.739664641844511944e-02	9.898026890093848673e-02	-8.880290231831972081e-02	1.230701115146252411e-01	-8.701587272870202339e-02	9.060922502330774619e-02	-1.991808264690364538e-01	1.000000000000000222e+00	-7.444351070578169027e-01	6.059057126885524641e-02	-9.839025899297228206e-02	1.775535551256883227e-01	-5.342936648103573383e-01	3.037420542909980981e-01	-6.479383022990944929e-02	1.137968004178595838e-01	-1.125668153816432732e-01	1.205056964689787402e-01	-1.232089845522128108e-01	8.188259565624339542e-02	-7.041124002320747755e-02	7.389009704974694448e-02	-7.765811650528932353e-02	7.966255851516558517e-02	-5.183069868363384541e-02	5.816361570882524340e-02	-6.320879422891924337e-02	6.946601844052151253e-02	-5.227485921057504342e-02	3.977557772718753187e-02	-5.753363127811216005e-02	4.473032196162746166e-02	-4.663956990996383223e-02	8.984496694971502717e-02
5.831822175860262858e-02	-5.414578166609417681e-02	9.636517053952094181e-02	-8.246606207253320830e-02	1.568164825120672012e-01	-4.707411337628322756e-02	5.411705562555354371e-02	-1.134605135917190061e-01	1.014023086490245390e-01	-1.943604875815846955e-01	9.767712859999989894e-02	-1.006562767666963759e-01	1.829524888971163776e-01	-7.444351070578169027e-01	1.000000000000003109e+00	-6.925728711787981773e-02	1.068827036358437621e-01	-1.892095804265605807e-01	3.102827174732899485e-01	-4.845623749177884187e-01	7.409192515770597620e-02	-1.338012722379523789e-01	1.202688484712862715e-01	-1.393347266084631608e-01	1.473095122543676416e-01	-9.678682909153825398e-02	8.212365528398725412e-02	-8.734466113693782618e-02	9.035659410841345718e-02	-9.920987296429245594e-02	6.071303482165254367e-02	-6.869201103395887464e-02	7.416138621158090138e-02	-8.317183538354314121e-02	6.442772079626114812e-02	-4.694351978477404042e-02	6.744385652704494583e-02	-5.399841252600330599e-02	5.577606171337362584e-02	-1.125761417015933852e-01
-8.641786662539373276e-02	6.446303217948265440e-02	-7.853840007738163709e-02	4.172292061431694815e-02	-4.652716047313097680e-02	8.717483971855143066e-02	-7.861212608373904787e-02	8.865056931415646324e-02	-5.111814056582762028e-02	4.039170854375873088e-02	-5.141286808828002819e-01	2.390742258991432334e-01	-1.657510920776699148e-01	6.059057126885524641e-02	-6.925728711787981773e-02	1.000000000000000222e+00	-2.899608338720236489e-01	1.479234288236463413e-01	-8.674571222001305204e-02	1.023815539876113956e-01	-7.051768598895447049e-01	2.105461412366629315e-01	-1.192545657630979528e-01	1.260879359300407232e-01	-1.323551003116156255e-01	2.596873277481070441e-01	-1.558662794647014405e-01	1.135767602178979901e-01	-1.010877802993754709e-01	9.684853657808450977e-02	-1.161388477656349894e-01	1.159756632220456524e-01	-9.883527559102563143e-02	9.366871762561038151e-02	-6.554363582325400950e-02	8.378519679069160175e-02	-1.174703728919337664e-01	7.209759796248302322e-02	-7.574763251577745771e-02	1.098869269547749772e-01
9.201467226236845209e-02	-7.507786123146134583e-02	1.071227897245325272e-01	-5.783117225951208557e-02	6.628393473973652472e-02	-8.591698632708621997e-02	8.478346190893921996e-02	-1.271342704534684509e-01	7.116539397050379578e-02	-5.815564256647093311e-02	2.982046836613229113e-01	-6.399140226396795583e-01	2.623432345589106762e-01	-9.839025899297228206e-02	1.068827036358437621e-01	-2.899608338720236489e-01	1.000000000000000222e+00	-3.419320150822264814e-01	1.437425385926878463e-01	-1.616799428649619563e-01	2.124990531841939034e-01	-4.669059150037800920e-01	2.080604127944429838e-01	-2.025376531586141338e-01	1.807600300350155897e-01	-2.361113859299971696e-01	1.839315054521307169e-01	-1.521428216608591288e-01	1.399210330946953074e-01	-1.307283045599669791e-01	1.228693647433105329e-01	-1.397200460850278880e-01	1.279164678942590894e-01	-1.274381063332171715e-01	8.822038348039533406e-02	-9.331854132320513417e-02	1.318277419151860363e-01	-8.822246332519122214e-02	9.181100710521852837e-02	-1.472421672331614140e-01
-1.020719309714093193e-01	8.762065419596766491e-02	-1.531170228860884996e-01	8.248841540293161412e-02	-9.927717708596189850e-02	8.327037816518223501e-02	-9.415847911642424850e-02	1.740776705262877810e-01	-1.036290843733355949e-01	8.692071086133525137e-02	-2.136760767462826949e-01	2.299124695899684712e-01	-5.222251537158317802e-01	1.775535551256883227e-01	-1.892095804265605807e-01	1.479234288236463413e-01	-3.419320150822264814e-01	1.000000000000002665e+00	-3.508641890080042569e-01	2.475610673902994274e-01	-1.562302647478462370e-01	2.727018990239366003e-01	-4.964633188078555470e-01	2.815022621267012082e-01	-2.388366623962498159e-01	1.803271158311247346e-01	-1.653223730481739873e-01	1.699137915418616751e-01	-1.790704264431106640e-01	1.507569851778752246e-01	-1.167000618635371245e-01	1.298998999377305730e-01	-1.460902857878117744e-01	1.491233511722234728e-01	-1.022594310262777001e-01	8.784641983238007656e-02	-1.293239144320898482e-01	9.233165592683861833e-02	-9.827137674545570467e-02	1.669970979341017792e-01
6.659360990993073992e-02	-5.916944117851493518e-02	1.024765915941179828e-01	-6.986070976547428812e-02	1.076560573194731002e-01	-5.399465348159081940e-02	6.139009605135881120e-02	-1.191312753151783366e-01	8.647886612214128466e-02	-1.044902770634445061e-01	1.225785797003468153e-01	-1.277458324061999106e-01	2.291595192173526419e-01	-5.342936648103573383e-01	3.102827174732899485e-01	-8.674571222001305204e-02	1.437425385926878463e-01	-3.508641890080042569e-01	1.000000000000000444e+00	-6.358138620590909618e-01	9.258665785868891440e-02	-1.687092847166537513e-01	1.762017150338335281e-01	-1.994063982210058095e-01	1.811320944338237204e-01	-1.173732599304540131e-01	1.025775436996749640e-01	-1.097319113557904124e-01	1.157700853184094048e-01	-1.162753833674059351e-01	7.489907812792755137e-02	-8.455633281655727806e-02	9.308795389348209492e-02	-1.030170495029842787e-01	7.633991944738935387e-02	-5.745292376711276516e-02	8.325207534960459010e-02	-6.460122633629498956e-02	6.742642108234027376e-02	-1.303987293499877242e-01
-8.959686418100896999e-02	7.845841848625431658e-02	-1.398086530230505387e-01	9.363169156890170652e-02	-1.624371994188667234e-01	7.041908666162491337e-02	-8.211670484964754546e-02	1.471451481424295160e-01	-1.190939421789705133e-01	1.402118174086125213e-01	-1.525185241332085995e-01	1.433089378995147656e-01	-2.878726050638065748e-01	3.037420542909980981e-01	-4.845623749177884187e-01	1.023815539876113956e-01	-1.616799428649619563e-01	2.475610673902994274e-01	-6.358138620590909618e-01	1.000000000000000222e+00	-1.134463230618276558e-01	1.827889800822911914e-01	-1.785718138592859439e-01	1.887060275276652710e-01	-2.840005349676276158e-01	1.375608847948636138e-01	-1.206604498640777845e-01	1.233997394294827216e-01	-1.332594583482364092e-01	1.405804535194490890e-01	-9.138804325577853938e-02	9.978607591388090337e-02	-1.085279737683424867e-01	1.175378510356056699e-01	-9.176427931581146447e-02	6.935313994214488409e-02	-1.018867297735958077e-01	7.852270481705903027e-02	-8.343426991133304216e-02	1.573449201353574189e-01
7.886459072967347272e-02	-6.241365232203025665e-02	8.015744637301840114e-02	-4.331291354795900606e-02	4.921091812821757477e-02	-7.786974466713053600e-02	7.167889265674186328e-02	-9.201591434107095346e-02	5.308549321578332619e-02	-4.290216857407354312e-02	2.805233570076843819e-01	-2.187498858343322194e-01	1.636379077420387074e-01	-6.479383022990944929e-02	7.409192515770597620e-02	-7.051768598895447049e-01	2.124990531841939034e-01	-1.562302647478462370e-01	9.258665785868891440e-02	-1.134463230618276558e-01	1.000000000000000000e+00	-2.532631683825631308e-01	1.315003716407862344e-01	-1.455711813761746964e-01	1.478674788212130109e-01	-4.947920868108034997e-01	1.907088669788782054e-01	-1.389072424221985125e-01	1.171030968403066058e-01	-1.150184005304976664e-01	1.409507857332100988e-01	-1.458690521081214553e-01	1.169617581624439046e-01	-1.114379610950156363e-01	7.767764966579565611e-02	-1.054515248076900863e-01	1.373280161859850579e-01	-8.605384226622969646e-02	8.789541539029681327e-02	-1.310536637894716971e-01
-1.162331714407248279e-01	9.248279594934712133e-02	-1.391219052747248996e-01	7.436343087046412559e-02	-8.702195755131986177e-02	9.929930841742337644e-02	-1.050440447268605887e-01	1.489083416493034162e-01	-9.329502843972188597e-02	7.429643392600447649e-02	-3.146366431356813487e-01	2.679186192234014885e-01	-3.115856673950899713e-01	1.137968004178595838e-01	-1.338012722379523789e-01	2.105461412366629315e-01	-4.669059150037800920e-01	2.727018990239366003e-01	-1.687092847166537513e-01	1.827889800822911914e-01	-2.532631683825631308e-01	1.000000000000001776e+00	-3.661245008376751708e-01	2.609764240548815839e-01	-2.804315105614183512e-01	2.742758564752804107e-01	-3.980551121792393898e-01	2.259423892309973259e-01	-2.132583129028563507e-01	1.739086616564736731e-01	-2.042681000854220108e-01	2.257344498055555704e-01	-2.045326716752203233e-01	1.807195138562027181e-01	-1.204367583891354232e-01	1.465556627082003072e-01	-2.288523397059566145e-01	1.319452918437873379e-01	-1.444361555907626438e-01	1.928525275596948141e-01
7.554969174871740967e-02	-6.352793738602428852e-02	1.033890292192473359e-01	-5.683050497374937671e-02	6.878431758213940372e-02	-6.277598013419162515e-02	6.900510731437853318e-02	-1.179270295485725234e-01	7.094300936930861279e-02	-6.020626672143746666e-02	1.668828960315903720e-01	-1.673837420625235439e-01	2.539729470623305896e-01	-1.125668153816432732e-01	1.202688484712862715e-01	-1.192545657630979528e-01	2.080604127944429838e-01	-4.964633188078555470e-01	1.762017150338335281e-01	-1.785718138592859439e-01	1.315003716407862344e-01	-3.661245008376751708e-01	1.000000000000000444e+00	-6.543214271126073234e-01	2.241618031697693858e-01	-1.680517154660271240e-01	1.760084779872718441e-01	-2.374954252445842517e-01	2.175168284840954258e-01	-1.558236707158152656e-01	1.145364313737369660e-01	-1.366989096570531137e-01	1.717152126632782994e-01	-1.819512539756928116e-01	1.078634566958726199e-01	-8.680011141590171508e-02	1.282472571497944580e-01	-9.159654243494051717e-02	9.692294397856492105e-02	-1.671592262872596546e-01
-8.873586590958916498e-02	7.382225227130903566e-02	-1.220841002848208207e-01	6.651163371473065022e-02	-8.127728746679722949e-02	7.209782719272241069e-02	-8.066414244992976823e-02	1.306130776879160793e-01	-8.390947106849486192e-02	6.989124084671720361e-02	-1.862052337645621891e-01	1.657265301502481025e-01	-2.890582024199808697e-01	1.205056964689787402e-01	-1.393347266084631608e-01	1.260879359300407232e-01	-2.025376531586141338e-01	2.815022621267012082e-01	-1.994063982210058095e-01	1.887060275276652710e-01	-1.455711813761746964e-01	2.609764240548815839e-01	-6.543214271126073234e-01	1.000000000000001332e+00	-3.439966503792565855e-01	1.790685114494071362e-01	-1.857266571621629947e-01	2.183236970106884056e-01	-3.852258664995938942e-01	1.902598623596952754e-01	-1.315014092055049877e-01	1.479401254010098976e-01	-1.998039923908358495e-01	2.223143134501996965e-01	-1.339029076288800746e-01	9.824391062723816792e-02	-1.485745477553220839e-01	1.075000115613531648e-01	-1.172591073897308878e-01	1.990054929129644878e-01
8.962683669205799564e-02	-7.587420312273585044e-02	1.193733856961606277e-01	-6.830180800534879637e-02	8.696593410203416752e-02	-7.404304722374226155e-02	8.132482257209644461e-02	-1.341366036603528766e-01	8.486962599159013354e-02	-7.644631849608476970e-02	1.793937988002206330e-01	-1.659300037766648084e-01	2.335370568911320499e-01	-1.232089845522128108e-01	1.473095122543676416e-01	-1.323551003116156255e-01	1.807600300350155897e-01	-2.388366623962498159e-01	1.811320944338237204e-01	-2.840005349676276158e-01	1.478674788212130109e-01	-2.804315105614183512e-01	2.241618031697693858e-01	-3.439966503792565855e-01	1.000000000000004441e+00	-2.172561233603650110e-01	1.891111463283683403e-01	-2.248444191917653157e-01	2.515482267160686347e-01	-4.776572833838583221e-01	1.439512979499908973e-01	-1.685136208810180114e-01	1.961428161571551476e-01	-2.534567845964482702e-01	2.734820386444530294e-01	-1.152503703823833797e-01	1.642061786561148373e-01	-1.673796046340697563e-01	1.663052833681180620e-01	-5.191496882981454508e-01
-1.021952967392274481e-01	7.861401714097161764e-02	-1.082918447250658112e-01	5.777477787508383811e-02	-6.646603657585531399e-02	9.053019813764745516e-02	-9.170893626964093936e-02	1.156979366895053152e-01	-7.202795013238989796e-02	5.675380359510975858e-02	-3.214317301749956557e-01	2.034738123618375916e-01	-2.177725538340899991e-01	8.188259565624339542e-02	-9.678682909153825398e-02	2.596873277481070441e-01	-2.361113859299971696e-01	1.803271158311247346e-01	-1.173732599304540131e-01	1.375608847948636138e-01	-4.947920868108034997e-01	2.742758564752804107e-01	-1.680517154660271240e-01	1.790685114494071362e-01	-2.172561233603650110e-01	1.000000000000000222e+00	-4.583434764630160418e-01	2.109127443363515431e-01	-1.734154092793364355e-01	1.491479788399744655e-01	-3.274195640012791952e-01	2.608662879810983992e-01	-1.948891591406688439e-01	1.580253805470227535e-01	-1.040593624628973202e-01	1.974902006730870907e-01	-2.795136925819906581e-01	1.367867373648920803e-01	-1.485376690052587767e-01	1.675679221094492355e-01
7.053360776833475509e-02	-5.675491627022212493e-02	8.376275903810648238e-02	-4.542592088538947165e-02	5.354669184164283224e-02	-6.102517897526827523e-02	6.373804358328585828e-02	-9.159932750984341177e-02	5.666171987956757777e-02	-4.607678636635686997e-02	1.846652861848059879e-01	-1.570427540949804746e-01	1.751176306719986475e-01	-7.041124002320747755e-02	8.212365528398725412e-02	-1.558662794647014405e-01	1.839315054521307169e-01	-1.653223730481739873e-01	1.025775436996749640e-01	-1.206604498640777845e-01	1.907088669788782054e-01	-3.980551121792393898e-01	1.760084779872718441e-01	-1.857266571621629947e-01	1.891111463283683403e-01	-4.583434764630160418e-01	1.000000000000002442e+00	-3.772617876656857994e-01	1.853096404032079370e-01	-1.484271295350759190e-01	2.336642010132009284e-01	-5.617560737834794704e-01	2.435037337139029645e-01	-1.819537638667511337e-01	1.056419299467981632e-01	-1.872073047207265806e-01	2.554606506095979390e-01	-1.345896061576716263e-01	1.319899298435078805e-01	-1.645508848079804132e-01
-6.816419691268588155e-02	5.549887626790517281e-02	-8.666178144014666240e-02	4.700334667364933910e-02	-5.632649112736397290e-02	5.659338698595033079e-02	-6.156305444506623287e-02	9.232540524652670111e-02	-5.910754504351942162e-02	4.811113852545970127e-02	-1.559191325613512591e-01	1.295644591350540720e-01	-1.838917346745046755e-01	7.389009704974694448e-02	-8.734466113693782618e-02	1.135767602178979901e-01	-1.521428216608591288e-01	1.699137915418616751e-01	-1.097319113557904124e-01	1.233997394294827216e-01	-1.389072424221985125e-01	2.259423892309973259e-01	-2.374954252445842517e-01	2.183236970106884056e-01	-2.248444191917653157e-01	2.109127443363515431e-01	-3.772617876656857994e-01	1.000000000000000222e+00	-3.635502706938807949e-01	1.745453118421696204e-01	-1.744940045024944986e-01	2.419345185655456254e-01	-6.910433269805984491e-01	2.845129003734761519e-01	-1.373973482591758222e-01	1.295158510674807861e-01	-2.005685644799738987e-01	1.242099536474924049e-01	-1.337731680447328264e-01	1.804145280873010460e-01
6.482707334395441945e-02	-5.356002184098228314e-02	8.495889147095696259e-02	-4.663128702286147009e-02	5.671772973280195945e-02	-5.338401750188983413e-02	5.866767167412721695e-02	-9.174807774463200616e-02	5.853856490175807920e-02	-4.877411553797892513e-02	1.389354854598698619e-01	-1.226925911973537481e-01	1.786820264076168507e-01	-7.765811650528932353e-02	9.035659410841345718e-02	-1.010877802993754709e-01	1.399210330946953074e-01	-1.790704264431106640e-01	1.157700853184094048e-01	-1.332594583482364092e-01	1.171030968403066058e-01	-2.132583129028563507e-01	2.175168284840954258e-01	-3.852258664995938942e-01	2.515482267160686347e-01	-1.734154092793364355e-01	1.853096404032079370e-01	-3.635502706938807949e-01	9.999999999999997780e-01	-3.049127566834524128e-01	1.270882944403028125e-01	-1.661928244760027540e-01	2.837144536613477874e-01	-6.668859981510757429e-01	2.166479071235491993e-01	-9.939822675359970272e-02	1.454181368068431235e-01	-1.220502245219845239e-01	1.299109425738872448e-01	-2.588769063036275853e-01
-7.443206386811131170e-02	6.096089351508662130e-02	-9.822562881376237232e-02	5.379008725468802099e-02	-6.644938611405490358e-02	5.927509860365022532e-02	-6.686505552961209686e-02	1.003809152061661270e-01	-6.820104154621037251e-02	5.588255359258068045e-02	-1.432322979117337525e-01	1.171836664071057021e-01	-1.874841388168772272e-01	7.966255851516558517e-02	-9.920987296429245594e-02	9.684853657808450977e-02	-1.307283045599669791e-01	1.507569851778752246e-01	-1.162753833674059351e-01	1.405804535194490890e-01	-1.150184005304976664e-01	1.739086616564736731e-01	-1.558236707158152656e-01	1.902598623596952754e-01	-4.776572833838583221e-01	1.491479788399744655e-01	-1.484271295350759190e-01	1.745453118421696204e-01	-3.049127566834524128e-01	1.000000000000000000e+00	-1.195740257909868459e-01	1.299283996624597537e-01	-1.872191663912614046e-01	2.426621577372164440e-01	-6.692565604331939255e-01	9.033559934885913856e-02	-1.389557362357012327e-01	1.226576664898643559e-01	-1.503689577920300224e-01	3.295495004224015534e-01
5.236507660362927502e-02	-4.229407759552421264e-02	6.198034396571358573e-02	-3.379762363234008887e-02	3.994631927862113407e-02	-4.536533973704771905e-02	4.729090450479420116e-02	-6.814177879968422169e-02	4.207309726071337824e-02	-3.445236957412670109e-02	1.341999672175160363e-01	-1.115751605036696958e-01	1.255205266256877727e-01	-5.183069868363384541e-02	6.071303482165254367e-02	-1.161388477656349894e-01	1.228693647433105329e-01	-1.167000618635371245e-01	7.489907812792755137e-02	-9.138804325577853938e-02	1.409507857332100988e-01	-2.042681000854220108e-01	1.145364313737369660e-01	-1.315014092055049877e-01	1.439512979499908973e-01	-3.274195640012791952e-01	2.336642010132009284e-01	-1.744940045024944986e-01	1.270882944403028125e-01	-1.195740257909868459e-01	1.000000000000001554e+00	-4.093389317222110302e-01	1.551677824273732798e-01	-1.317119509130602883e-01	8.338673767791184022e-02	-7.199315668931556278e-01	3.198966552965724075e-01	-1.431733796210523935e-01	1.293168432248533173e-01	-1.367198100716648657e-01
-5.885985438441784096e-02	4.733458381549669053e-02	-7.061710555229361308e-02	3.829197988291135890e-02	-4.534343416105032776e-02	5.020126212205110877e-02	-5.308372394705304642e-02	7.617387124308294677e-02	-4.789839535662197834e-02	3.885198545016899790e-02	-1.480068485045475668e-01	1.197368717619952116e-01	-1.448943478971309040e-01	5.816361570882524340e-02	-6.869201103395887464e-02	1.159756632220456524e-01	-1.397200460850278880e-01	1.298998999377305730e-01	-8.455633281655727806e-02	9.978607591388090337e-02	-1.458690521081214553e-01	2.257344498055555704e-01	-1.366989096570531137e-01	1.479401254010098976e-01	-1.685136208810180114e-01	2.608662879810983992e-01	-5.617560737834794704e-01	2.419345185655456254e-01	-1.661928244760027540e-01	1.299283996624597537e-01	-4.093389317222110302e-01	1.000000000000000888e+00	-2.887204328899775074e-01	1.670405457429296747e-01	-9.511295729664638599e-02	2.637498032621812261e-01	-5.200451656048319382e-01	1.523536661808468085e-01	-1.547691495388259508e-01	1.447256169397948267e-01
5.719252585050972615e-02	-4.680202074919487254e-02	7.252966704029775724e-02	-3.960742193816088608e-02	4.763217738651366606e-02	-4.777838417468353166e-02	5.169409883489424484e-02	-7.832366951307564995e-02	4.965230129650408109e-02	-4.088702263911331292e-02	1.302270922742182480e-01	-1.120149536949501118e-01	1.510538887950167442e-01	-6.320879422891924337e-02	7.416138621158090138e-02	-9.883527559102563143e-02	1.279164678942590894e-01	-1.460902857878117744e-01	9.308795389348209492e-02	-1.085279737683424867e-01	1.169617581624439046e-01	-2.045326716752203233e-01	1.717152126632782994e-01	-1.998039923908358495e-01	1.961428161571551476e-01	-1.948891591406688439e-01	2.435037337139029645e-01	-6.910433269805984491e-01	2.837144536613477874e-01	-1.872191663912614046e-01	1.551677824273732798e-01	-2.887204328899775074e-01	1.000000000000000222e+00	-4.873331946940618886e-01	1.523076890361410862e-01	-1.231073060209628006e-01	1.789354452234120096e-01	-1.288953482555821317e-01	1.282956182188040584e-01	-1.942716731998666846e-01
-6.257873008757909583e-02	5.128501013416519178e-02	-8.162491648324644855e-02	4.445220316098968255e-02	-5.388363192522538370e-02	5.105590480349462418e-02	-5.646918631841785913e-02	8.593722858258059927e-02	-5.606208207706225161e-02	4.585388685034331308e-02	-1.325416660154895565e-01	1.113220964365006088e-01	-1.686544038942618118e-01	6.946601844052151253e-02	-8.317183538354314121e-02	9.366871762561038151e-02	-1.274381063332171715e-01	1.491233511722234728e-01	-1.030170495029842787e-01	1.175378510356056699e-01	-1.114379610950156363e-01	1.807195138562027181e-01	-1.819512539756928116e-01	2.223143134501996965e-01	-2.534567845964482702e-01	1.580253805470227535e-01	-1.819537638667511337e-01	2.845129003734761519e-01	-6.668859981510757429e-01	2.426621577372164440e-01	-1.317119509130602883e-01	1.670405457429296747e-01	-4.873331946940618886e-01	1.000000000000000888e+00	-2.907492135840484271e-01	9.982815647120506231e-02	-1.536725657532576061e-01	1.252583746756865679e-01	-1.472548517710364768e-01	2.317855452344548539e-01
4.858879743650066502e-02	-3.981238722253689633e-02	6.386182873540302563e-02	-3.494727740359662022e-02	4.297070785543168070e-02	-3.893643094582203978e-02	4.368985334886561073e-02	-6.580114741719091109e-02	4.423965485066466696e-02	-3.624867719367106528e-02	9.550891102396788512e-02	-7.885397504247856904e-02	1.234925546304282834e-01	-5.227485921057504342e-02	6.442772079626114812e-02	-6.554363582325400950e-02	8.822038348039533406e-02	-1.022594310262777001e-01	7.633991944738935387e-02	-9.176427931581146447e-02	7.767764966579565611e-02	-1.204367583891354232e-01	1.078634566958726199e-01	-1.339029076288800746e-01	2.734820386444530294e-01	-1.040593624628973202e-01	1.056419299467981632e-01	-1.373973482591758222e-01	2.166479071235491993e-01	-6.692565604331939255e-01	8.338673767791184022e-02	-9.511295729664638599e-02	1.523076890361410862e-01	-2.907492135840484271e-01	1.000000000000000666e+00	-6.385532811941599385e-02	9.745969258752010256e-02	-9.299474048145042748e-02	1.110482385094349045e-01	-6.026484087090939745e-01
-4.100486375061124233e-02	3.295105668799644394e-02	-4.858876929054305183e-02	2.640351311190323319e-02	-3.121708163846820955e-02	3.517494393958982279e-02	-3.696358911391720015e-02	5.268754337321491371e-02	-3.296390278641028737e-02	2.679636364945164190e-02	-1.039916280463123732e-01	8.326693545784792649e-02	-9.785153068658296316e-02	3.977557772718753187e-02	-4.694351978477404042e-02	8.378519679069160175e-02	-9.331854132320513417e-02	8.784641983238007656e-02	-5.745292376711276516e-02	6.935313994214488409e-02	-1.054515248076900863e-01	1.465556627082003072e-01	-8.680011141590171508e-02	9.824391062723816792e-02	-1.152503703823833797e-01	1.974902006730870907e-01	-1.872073047207265806e-01	1.295158510674807861e-01	-9.939822675359970272e-02	9.033559934885913856e-02	-7.199315668931556278e-01	2.637498032621812261e-01	-1.231073060209628006e-01	9.982815647120506231e-02	-6.385532811941599385e-02	1.000000000000000888e+00	-5.786859199241106699e-01	1.370185881715541565e-01	-1.344327738652605353e-01	1.036383233399366527e-01
5.638617263698965376e-02	-4.583354644561335456e-02	6.803457423807841853e-02	-3.719529842034349776e-02	4.418703745635428615e-02	-4.847511193938446039e-02	5.095425324188120053e-02	-7.481343127822810690e-02	4.633586894237060050e-02	-3.812075917246385975e-02	1.391114696077059565e-01	-1.197781769843565824e-01	1.378028020997123793e-01	-5.753363127811216005e-02	6.744385652704494583e-02	-1.174703728919337664e-01	1.318277419151860363e-01	-1.293239144320898482e-01	8.325207534960459010e-02	-1.018867297735958077e-01	1.373280161859850579e-01	-2.288523397059566145e-01	1.282472571497944580e-01	-1.485745477553220839e-01	1.642061786561148373e-01	-2.795136925819906581e-01	2.554606506095979390e-01	-2.005685644799738987e-01	1.454181368068431235e-01	-1.389557362357012327e-01	3.198966552965724075e-01	-5.200451656048319382e-01	1.789354452234120096e-01	-1.536725657532576061e-01	9.745969258752010256e-02	-5.786859199241106699e-01	1.000000000000001332e+00	-2.684000062786838225e-01	1.961012231957611762e-01	-1.606895993791569444e-01
-4.399452156171908962e-02	3.579781873512638546e-02	-5.522176719654407762e-02	3.013841866194684471e-02	-3.634509689344378458e-02	3.639041710687147130e-02	-3.960234258522349338e-02	5.836209421372672013e-02	-3.789543689470207394e-02	3.091366050508682906e-02	-9.666106379363142986e-02	7.965912726642973563e-02	-1.077115410662091016e-01	4.473032196162746166e-02	-5.399841252600330599e-02	7.209759796248302322e-02	-8.822246332519122214e-02	9.233165592683861833e-02	-6.460122633629498956e-02	7.852270481705903027e-02	-8.605384226622969646e-02	1.319452918437873379e-01	-9.159654243494051717e-02	1.075000115613531648e-01	-1.673796046340697563e-01	1.367867373648920803e-01	-1.345896061576716263e-01	1.242099536474924049e-01	-1.220502245219845239e-01	1.226576664898643559e-01	-1.431733796210523935e-01	1.523536661808468085e-01	-1.288953482555821317e-01	1.252583746756865679e-01	-9.299474048145042748e-02	1.370185881715541565e-01	-2.684000062786838225e-01	1.000000000000001776e+00	-8.940641055969099638e-01	1.567771728601998205e-01
4.439995779100981699e-02	-3.636094637062909501e-02	5.581318690580792941e-02	-3.062252000866858698e-02	3.697397090758746535e-02	-3.702846938821928446e-02	4.004624035655719033e-02	-6.000682304481374379e-02	3.837012960266256850e-02	-3.165783190211425568e-02	9.798378856139094983e-02	-8.389212848386617960e-02	1.095277918802755879e-01	-4.663956990996383223e-02	5.577606171337362584e-02	-7.574763251577745771e-02	9.181100710521852837e-02	-9.827137674545570467e-02	6.742642108234027376e-02	-8.343426991133304216e-02	8.789541539029681327e-02	-1.444361555907626438e-01	9.692294397856492105e-02	-1.172591073897308878e-01	1.663052833681180620e-01	-1.485376690052587767e-01	1.319899298435078805e-01	-1.337731680447328264e-01	1.299109425738872448e-01	-1.503689577920300224e-01	1.293168432248533173e-01	-1.547691495388259508e-01	1.282956182188040584e-01	-1.472548517710364768e-01	1.110482385094349045e-01	-1.344327738652605353e-01	1.961012231957611762e-01	-8.940641055969099638e-01	1.000000000000001776e+00	-2.073574928301171738e-01
