1.000000000000000000e+00	-5.964767922320275417e-01	1.681847923782551768e-01	-8.420615856129208543e-02	5.301241826972062643e-02	-6.758767246835623022e-01	3.039002565480369289e-01	-1.594051769311905786e-01	8.160565942456150801e-02	-7.008465408531966423e-02	2.357430427568890652e-01	-2.198772652096156743e-01	1.218633426043724960e-01	-1.405859112780754039e-01	4.177124474352176403e-02	-1.061688736355998891e-01	1.131893140173421963e-01	-5.557214025205332170e-02	5.385055799242727259e-02	-3.607836924407203938e-02	5.831884158220414921e-02	-5.560235289250357177e-02	5.201102101336273209e-02	-3.854286631967970139e-02	3.823773425795724823e-02	-8.049971088270567454e-02	5.336976412246664803e-02	-3.994310708532186616e-02	3.515363342694721033e-02	-3.459901102586308147e-02	3.973503949764495974e-02	-6.237287258849728844e-02	4.775380748358876853e-02	-3.914202453989405750e-02	4.428173063519661584e-02	-4.624645983626636536e-02	8.329861166028861702e-03	-8.043117999845094540e-03	1.730206416894298355e-02	-1.829052646382743619e-02
-5.964767922320275417e-01	1.000000000000000444e+00	-2.974084282082566366e-01	1.055926201428151606e-01	-6.761530150779848647e-02	3.148526883768452134e-01	-5.930684512682580234e-01	2.065288436730736976e-01	-1.079039342145000635e-01	8.621224748113980041e-02	-2.757211421863747791e-01	2.311942774908149756e-01	-1.389216385303165269e-01	1.396168489330098517e-01	-4.704226633960287285e-02	1.070837685097900116e-01	-1.309510231369125366e-01	6.008515377924286693e-02	-5.936015078270032858e-02	4.024338904704607978e-02	-6.114192410125448424e-02	6.071969033295991636e-02	-5.737456499323272119e-02	4.224340193886683831e-02	-4.232471393854174424e-02	8.179358574325031050e-02	-5.877006368993311497e-02	4.365741571644978641e-02	-3.863407229600224896e-02	3.802063844258471437e-02	-4.176751628220001789e-02	6.682442809370787995e-02	-5.252387325499844467e-02	4.273928830441198201e-02	-4.890223381176626860e-02	4.781860985425746141e-02	-9.065710583847606807e-03	8.743586834310116893e-03	-1.888498213375735396e-02	1.988831066050948324e-02
1.681847923782551768e-01	-2.974084282082566366e-01	1.000000000000000666e+00	-3.620444927715703587e-01	1.881758163549170082e-01	-1.672756321726848183e-01	2.195731452073835799e-01	-7.393424402028713205e-01	2.850700805518842085e-01	-2.631785380278776620e-01	1.473740056522129804e-01	-1.464886275112396996e-01	1.266077770397052993e-01	-1.456610480161990573e-01	6.746195304438376561e-02	-9.670578052171208139e-02	1.067180638207670951e-01	-6.417596745066270203e-02	6.285788118912716271e-02	-5.927126201520596660e-02	5.471415855649119919e-02	-5.569272978440185928e-02	5.684115633681871560e-02	-4.596210380122157935e-02	4.766393030524915253e-02	-7.899105570648969066e-02	5.468689586240539635e-02	-4.460486251214022813e-02	4.078035764574083899e-02	-4.264715381327576632e-02	4.070445896643005296e-02	-6.675109200400769494e-02	5.254845855858645415e-02	-4.533433535851225799e-02	5.076217968029827360e-02	-4.819786315496327883e-02	9.221668928984867036e-03	-8.912420509942273195e-03	1.976017786611435414e-02	-2.106111414968101989e-02
-8.420615856129208543e-02	1.055926201428151606e-01	-3.620444927715703587e-01	1.000000000000000888e+00	-5.647025856374559005e-01	7.545765805179630026e-02	-1.089367869854018234e-01	2.567607052704367621e-01	-6.322299591774341865e-01	3.228892919426997743e-01	-8.033762753805415158e-02	7.286293371364845062e-02	-7.483713660602767104e-02	8.025129668938420224e-02	-5.810218404041486706e-02	5.260420312988639546e-02	-6.324983997398375690e-02	4.073045894936715844e-02	-4.135703973623044982e-02	4.896048727213245938e-02	-3.055598969820704641e-02	3.326494968174448230e-02	-3.579381879265380872e-02	3.059880504874999685e-02	-3.313875403064368147e-02	4.357815852202348572e-02	-3.292223610134174805e-02	2.827310267973502655e-02	-2.664047257846044459e-02	2.901976415589717015e-02	-2.326830871142491694e-02	4.025953116049942049e-02	-3.300899102418846515e-02	2.922866473201062715e-02	-3.289051983310269101e-02	2.724903809018263193e-02	-5.742738587315352437e-03	5.548049979465046605e-03	-1.256370466677608419e-02	1.339963183924755899e-02
5.301241826972062643e-02	-6.761530150779848647e-02	1.881758163549170082e-01	-5.647025856374559005e-01	1.000000000000000888e+00	-4.955541118249869731e-02	6.882470197895408648e-02	-1.749031721141478812e-01	2.953312747269419836e-01	-7.464328814817928759e-01	5.311991297049200450e-02	-4.920326791077441614e-02	5.214597077367363887e-02	-5.843676175516838989e-02	7.072324356056058914e-02	-4.022664443333954370e-02	4.641386394029074075e-02	-3.601118152698148250e-02	3.585880414975976815e-02	-6.265208053862617033e-02	2.346348711456983441e-02	-2.653986951057479837e-02	3.015033645837979226e-02	-2.886239790322987428e-02	3.224371369998971226e-02	-3.404019074313410775e-02	2.616063296661638379e-02	-2.460603195317017863e-02	2.402718753620882927e-02	-2.820463899229328983e-02	1.832127117780391404e-02	-3.365726419366360522e-02	2.770184875913514130e-02	-2.620568838398404377e-02	2.860527996260677289e-02	-2.170514256711597589e-02	4.857115105637443628e-03	-4.704655751409714259e-03	1.093363350613036147e-02	-1.180533451313147894e-02
-6.758767246835623022e-01	3.148526883768452134e-01	-1.672756321726848183e-01	7.545765805179630026e-02	-4.955541118249869731e-02	1.000000000000001554e+00	-4.726388369665019407e-01	1.479955407946811907e-01	-7.915335904923480326e-02	6.331358670756591367e-02	-4.187899290927091789e-01	2.536270719423648345e-01	-1.352290568128771686e-01	1.405399990827570500e-01	-4.243208329147475644e-02	1.107707933535744677e-01	-1.257965887159795404e-01	5.765310819376234103e-02	-5.633709813267624017e-02	3.636161203209784670e-02	-6.240057962174456324e-02	5.903122321701844560e-02	-5.478946489393438091e-02	3.997698048239149704e-02	-3.969193282766084879e-02	8.123335845914055053e-02	-5.664272928748819574e-02	4.166957035044032559e-02	-3.662077460788740885e-02	3.578440699985636214e-02	-4.085008244006674977e-02	6.437701662689357396e-02	-5.007061837755986261e-02	4.055333135097291541e-02	-4.629246560531521948e-02	4.660266009108640639e-02	-8.653299899637515238e-03	8.347340129146778309e-03	-1.793296132567304829e-02	1.888169322193326838e-02
3.039002565480369289e-01	-5.930684512682580234e-01	2.195731452073835799e-01	-1.089367869854018234e-01	6.882470197895408648e-02	-4.726388369665019407e-01	1.000000000000001110e+00	-2.680668225642111047e-01	1.146710137063730456e-01	-9.025369546578579372e-02	2.873625615976698189e-01	-4.363917718581499239e-01	1.647272343382149562e-01	-1.782163878176481475e-01	5.054086070147751492e-02	-1.201463831911622204e-01	1.382809770869629085e-01	-6.905822034258671249e-02	6.617300253384207631e-02	-4.363051821538557751e-02	6.681380104408930765e-02	-6.668133347339399997e-02	6.156630918538209818e-02	-4.565643757330457159e-02	4.522644582884260966e-02	-9.144586894557975298e-02	6.277484318814793851e-02	-4.721473863595861131e-02	4.145711797577014690e-02	-4.086708341625332891e-02	4.550505761263128751e-02	-7.330962868969696788e-02	5.600940288103562620e-02	-4.599748003208098401e-02	5.187291111340883859e-02	-5.287109665088725319e-02	9.747484689713977607e-03	-9.414564450559409492e-03	2.023519184030551227e-02	-2.139620141657033042e-02
-1.594051769311905786e-01	2.065288436730736976e-01	-7.393424402028713205e-01	2.567607052704367621e-01	-1.749031721141478812e-01	1.479955407946811907e-01	-2.680668225642111047e-01	1.000000000000001110e+00	-4.599921377791136856e-01	2.065692053195667122e-01	-1.474017558427798413e-01	1.393773646860491655e-01	-1.313804024286740202e-01	1.286401609554537473e-01	-5.845956569211655657e-02	8.175723379826002613e-02	-9.893201410917866478e-02	5.732390541008486329e-02	-5.717239566018242347e-02	4.959603421088167735e-02	-4.701720916652892684e-02	4.931776270027157100e-02	-5.031976549022776357e-02	3.981905878043908581e-02	-4.149366713395615663e-02	6.604439105558641832e-02	-4.842424759089880570e-02	3.897426381527034633e-02	-3.558013261005054523e-02	3.677102650403364648e-02	-3.456456292846019768e-02	5.748247840123390379e-02	-4.619887050222900443e-02	3.923934978516338545e-02	-4.456042882789532783e-02	4.026552857801885682e-02	-8.016156160322675250e-03	7.737920238691095229e-03	-1.713542165626073116e-02	1.816557094501067282e-02
8.160565942456150801e-02	-1.079039342145000635e-01	2.850700805518842085e-01	-6.322299591774341865e-01	2.953312747269419836e-01	-7.915335904923480326e-02	1.146710137063730456e-01	-4.599921377791136856e-01	1.000000000000002220e+00	-4.908220107756157691e-01	8.072617211945856686e-02	-7.745338943965791867e-02	8.131005134807055279e-02	-9.253931263784438699e-02	6.361684355023604354e-02	-5.328932940873745000e-02	6.239876095663193095e-02	-4.337783385582252155e-02	4.343638286370432589e-02	-5.549035451094945504e-02	3.080722799378337803e-02	-3.354395696091109352e-02	3.632565780904071367e-02	-3.181954252798407240e-02	3.445677116107540017e-02	-4.412045116794093697e-02	3.300079056716229142e-02	-2.890473543312375646e-02	2.734182308009994525e-02	-3.030708091439493143e-02	2.339977550683780549e-02	-4.094176210860320242e-02	3.330869607905641294e-02	-2.997300702742931866e-02	3.330128912417705533e-02	-2.753311039502788493e-02	5.813011559617150235e-03	-5.621681407254704686e-03	1.277326325706917669e-02	-1.367758859777669540e-02
-7.008465408531966423e-02	8.621224748113980041e-02	-2.631785380278776620e-01	3.228892919426997743e-01	-7.464328814817928759e-01	6.331358670756591367e-02	-9.025369546578579372e-02	2.065692053195667122e-01	-4.908220107756157691e-01	1.000000000000001776e+00	-6.946499193286166662e-02	6.294460342842291001e-02	-6.721966511084272178e-02	7.299425786076942091e-02	-9.998047241746486902e-02	5.054680841031522487e-02	-5.987123921162408602e-02	4.506559625229642624e-02	-4.570618140419891590e-02	7.741276804703199621e-02	-2.960005045870899021e-02	3.363323597384622332e-02	-3.820328720847333132e-02	3.607639872379390933e-02	-4.081690264477322305e-02	4.264638744108113777e-02	-3.321630740920652330e-02	3.094847270698689035e-02	-3.023734935446385427e-02	3.518386299132639228e-02	-2.303072309436020662e-02	4.219326390661162773e-02	-3.507731108070258341e-02	3.283026087673689142e-02	-3.625197694672655652e-02	2.713937244880799959e-02	-6.120689219540543201e-03	5.923940252391405453e-03	-1.374940903633972353e-02	1.479478653481935968e-02
2.357430427568890652e-01	-2.757211421863747791e-01	1.473740056522129804e-01	-8.033762753805415158e-02	5.311991297049200450e-02	-4.187899290927091789e-01	2.873625615976698189e-01	-1.474017558427798413e-01	8.072617211945856686e-02	-6.946499193286166662e-02	1.000000000000002220e+00	-6.968734511716900837e-01	2.234167750668617503e-01	-2.686621471413771500e-01	6.423665381985385614e-02	-2.233690382578006894e-01	1.967288800759365297e-01	-9.673581809711417900e-02	9.109655850033951396e-02	-5.556391739580163192e-02	1.114987645852964920e-01	-9.824860095539701688e-02	8.790502858589480106e-02	-6.397133469979088272e-02	6.248185293493364878e-02	-1.437230955604903715e-01	9.148651659145989878e-02	-6.727667893332361926e-02	5.841633205604770257e-02	-5.676519691274482110e-02	6.841576072686809951e-02	-1.059470649628492800e-01	8.001347396208483009e-02	-6.489917712564148566e-02	7.325746941698657588e-02	-7.842408636707390301e-02	1.392560602398264756e-02	-1.344758894617707062e-02	2.863888045308501246e-02	-3.022159267448303391e-02
-2.198772652096156743e-01	2.311942774908149756e-01	-1.464886275112396996e-01	7.286293371364845062e-02	-4.920326791077441614e-02	2.536270719423648345e-01	-4.363917718581499239e-01	1.393773646860491655e-01	-7.745338943965791867e-02	6.294460342842291001e-02	-6.968734511716900837e-01	1.000000000000000666e+00	-3.392820207211133532e-01	2.413987103942644152e-01	-6.028227197202439686e-02	1.602793062696207804e-01	-2.313438066888454103e-01	9.534655899545473046e-02	-9.110890998160811605e-02	5.180138561781655326e-02	-9.103131603070852007e-02	9.395443011332577088e-02	-8.268778598203828378e-02	5.921391456588919605e-02	-5.775402948144878201e-02	1.179738549820256860e-01	-8.588144222642937753e-02	6.232566303200823971e-02	-5.394121307421560069e-02	5.220436258200618351e-02	-5.882242331397621871e-02	9.672688244147650827e-02	-7.359343805787006698e-02	5.941264225860594383e-02	-6.704362761519842839e-02	6.744487455039401003e-02	-1.269086470832559918e-02	1.225489172383148473e-02	-2.605747901665936977e-02	2.746468439528715333e-02
1.218633426043724960e-01	-1.389216385303165269e-01	1.266077770397052993e-01	-7.483713660602767104e-02	5.214597077367363887e-02	-1.352290568128771686e-01	1.647272343382149562e-01	-1.313804024286740202e-01	8.131005134807055279e-02	-6.721966511084272178e-02	2.234167750668617503e-01	-3.392820207211133532e-01	1.000000000000001776e+00	-8.350838635364804530e-01	9.208461844311627287e-02	-1.325658172305668181e-01	1.549606020889965907e-01	-2.257833491996497355e-01	1.801208044433122712e-01	-8.132493795898849964e-02	7.572488939867720592e-02	-8.512706440888828663e-02	9.609804361483985369e-02	-7.211597389360559218e-02	7.078793913236840207e-02	-1.068398870529242151e-01	8.085616553721788891e-02	-7.197589362770122345e-02	6.302275183222422195e-02	-6.300612739310974819e-02	5.516639914581680099e-02	-9.879262552854697899e-02	7.947444955369305231e-02	-6.761085309960479517e-02	7.465962828844042998e-02	-6.456240600960726217e-02	1.357582552295987822e-02	-1.313668886415295806e-02	2.888291384906750692e-02	-3.069076815636214914e-02
-1.405859112780754039e-01	1.396168489330098517e-01	-1.456610480161990573e-01	8.025129668938420224e-02	-5.843676175516838989e-02	1.405399990827570500e-01	-1.782163878176481475e-01	1.286401609554537473e-01	-9.253931263784438699e-02	7.299425786076942091e-02	-2.686621471413771500e-01	2.413987103942644152e-01	-8.350838635364804530e-01	1.000000000000002220e+00	-1.164044491553305610e-01	1.364460549485326801e-01	-1.846509108144881173e-01	1.919078435576156705e-01	-2.242195768364446951e-01	9.517189941457623870e-02	-8.117731781026714388e-02	9.418645635439668040e-02	-1.077870460294981930e-01	8.096453815283674582e-02	-8.267670752817930790e-02	1.107819164489752123e-01	-9.203088125707792333e-02	7.974841766548342037e-02	-7.177947178371431314e-02	7.178843131842135850e-02	-5.966290340053444219e-02	1.075835333539917477e-01	-9.114641305831182316e-02	7.626788603899263552e-02	-8.703012294236889268e-02	6.824391264934738521e-02	-1.533732571738113948e-02	1.479926033174223422e-02	-3.285116183579613047e-02	3.460830617426909062e-02
4.177124474352176403e-02	-4.704226633960287285e-02	6.746195304438376561e-02	-5.810218404041486706e-02	7.072324356056058914e-02	-4.243208329147475644e-02	5.054086070147751492e-02	-5.845956569211655657e-02	6.361684355023604354e-02	-9.998047241746486902e-02	6.423665381985385614e-02	-6.028227197202439686e-02	9.208461844311627287e-02	-1.164044491553305610e-01	1.000000000000001110e+00	-1.075413382771609055e-01	1.111663064957790076e-01	-1.859310767225373084e-01	1.775738658645823198e-01	-8.843615188437793373e-01	6.545038122151630722e-02	-9.180728975733223884e-02	1.278451052952581379e-01	-1.728658225636570400e-01	2.111296308630345453e-01	-9.943814236145653851e-02	8.828051831923712511e-02	-1.147084784936120566e-01	1.251607304708891311e-01	-1.815592153981250567e-01	5.602862932095107468e-02	-1.326800791641811195e-01	1.134624224269125126e-01	-1.305446074518426813e-01	1.311297984060750543e-01	-6.834591341592619052e-02	1.995946711617436337e-02	-1.949744913343559594e-02	4.905232311649572463e-02	-5.469036734002960531e-02
-1.061688736355998891e-01	1.070837685097900116e-01	-9.670578052171208139e-02	5.260420312988639546e-02	-4.022664443333954370e-02	1.107707933535744677e-01	-1.201463831911622204e-01	8.175723379826002613e-02	-5.328932940873745000e-02	5.054680841031522487e-02	-2.233690382578006894e-01	1.602793062696207804e-01	-1.325658172305668181e-01	1.364460549485326801e-01	-1.075413382771609055e-01	1.000000000000001998e+00	-4.789601576078518774e-01	1.149389166967099418e-01	-1.225861675396085204e-01	8.758762131191788480e-02	-6.222043548447796502e-01	2.303796843322374333e-01	-2.076628390111787958e-01	1.352137907028161390e-01	-1.383005927716514927e-01	3.255344945182079841e-01	-2.397207860823732939e-01	1.485217009110275377e-01	-1.318325470019593437e-01	1.220771679455954078e-01	-1.830333935578357940e-01	2.141837698994638606e-01	-1.961839188305225246e-01	1.428662781063507192e-01	-1.804941985449716180e-01	1.608497224028534456e-01	-3.191191746442679361e-02	3.043327990286982809e-02	-6.541878342353153741e-02	6.624827606008450165e-02
1.131893140173421963e-01	-1.309510231369125366e-01	1.067180638207670951e-01	-6.324983997398375690e-02	4.641386394029074075e-02	-1.257965887159795404e-01	1.382809770869629085e-01	-9.893201410917866478e-02	6.239876095663193095e-02	-5.987123921162408602e-02	1.967288800759365297e-01	-2.313438066888454103e-01	1.549606020889965907e-01	-1.846509108144881173e-01	1.111663064957790076e-01	-4.789601576078518774e-01	1.000000000000001776e+00	-1.465851692621283620e-01	1.370737329881333844e-01	-9.691650950699588762e-02	2.629914606443916059e-01	-4.389138588670751795e-01	2.324879254523961880e-01	-1.649214660584059078e-01	1.455980879758067559e-01	-4.106639389773155679e-01	2.782116991232071457e-01	-1.857671922406073373e-01	1.488051964827696860e-01	-1.393611583555275923e-01	1.877431157952134111e-01	-3.452219295761551621e-01	2.097101360736642606e-01	-1.707011419473633274e-01	1.785956386944655694e-01	-2.339880240795947364e-01	3.831820320961266263e-02	-3.727919103007711066e-02	7.405404007301157054e-02	-7.937083434319960884e-02
-5.557214025205332170e-02	6.008515377924286693e-02	-6.417596745066270203e-02	4.073045894936715844e-02	-3.601118152698148250e-02	5.765310819376234103e-02	-6.905822034258671249e-02	5.732390541008486329e-02	-4.337783385582252155e-02	4.506559625229642624e-02	-9.673581809711417900e-02	9.534655899545473046e-02	-2.257833491996497355e-01	1.919078435576156705e-01	-1.859310767225373084e-01	1.149389166967099418e-01	-1.465851692621283620e-01	1.000000000000001998e+00	-8.774970499128897927e-01	1.646571382712291864e-01	-7.195312266148996827e-02	1.131418240954302351e-01	-2.151725223823654776e-01	1.304999880744126262e-01	-1.231908461166394964e-01	1.037635734493309175e-01	-1.043641501013540945e-01	1.270634352695761415e-01	-1.081769219287788270e-01	1.037073572769826868e-01	-5.726725225540223868e-02	1.318317790166776138e-01	-1.201388277820311101e-01	1.037252682486119459e-01	-1.102290615940349910e-01	6.763682562079464944e-02	-1.899012903133369748e-02	1.845135288629524972e-02	-4.141465950118543987e-02	4.409522143158306484e-02
5.385055799242727259e-02	-5.936015078270032858e-02	6.285788118912716271e-02	-4.135703973623044982e-02	3.585880414975976815e-02	-5.633709813267624017e-02	6.617300253384207631e-02	-5.717239566018242347e-02	4.343638286370432589e-02	-4.570618140419891590e-02	9.109655850033951396e-02	-9.110890998160811605e-02	1.801208044433122712e-01	-2.242195768364446951e-01	1.775738658645823198e-01	-1.225861675396085204e-01	1.370737329881333844e-01	-8.774970499128897927e-01	1.000000000000000000e+00	-2.165548078195144721e-01	7.489143969409119139e-02	-1.116567511908665711e-01	1.714163516802976461e-01	-1.396772035778039989e-01	1.247810380770388305e-01	-1.111768235006160566e-01	1.015365189137101415e-01	-1.277836114687309621e-01	1.077688947662890778e-01	-1.094105961646950481e-01	6.066582368426447214e-02	-1.397499274323454055e-01	1.164967943479695150e-01	-1.075597146502733220e-01	1.092861828494637588e-01	-7.299845338994752353e-02	1.934019833196497229e-02	-1.886355243129728479e-02	4.246482148295497444e-02	-4.591363901340213272e-02
-3.607836924407203938e-02	4.024338904704607978e-02	-5.927126201520596660e-02	4.896048727213245938e-02	-6.265208053862617033e-02	3.636161203209784670e-02	-4.363051821538557751e-02	4.959603421088167735e-02	-5.549035451094945504e-02	7.741276804703199621e-02	-5.556391739580163192e-02	5.180138561781655326e-02	-8.132493795898849964e-02	9.517189941457623870e-02	-8.843615188437793373e-01	8.758762131191788480e-02	-9.691650950699588762e-02	1.646571382712291864e-01	-2.165548078195144721e-01	1.000000000000001554e+00	-5.410336554522277713e-02	7.879881327697792204e-02	-1.176140433732760920e-01	1.539018399226595446e-01	-2.798281124052099389e-01	8.088566700146974930e-02	-7.639410224313558651e-02	1.005715510216394076e-01	-1.163182364830885884e-01	1.609320789179028433e-01	-4.598950083404521744e-02	1.094734013961019686e-01	-1.013142101534199035e-01	1.121446342189639511e-01	-1.239437996217081783e-01	5.532939259181576114e-02	-1.720493087472693347e-02	1.674938745069968690e-02	-4.253072499568619214e-02	4.650620555828155478e-02
5.831884158220414921e-02	-6.114192410125448424e-02	5.471415855649119919e-02	-3.055598969820704641e-02	2.346348711456983441e-02	-6.240057962174456324e-02	6.681380104408930765e-02	-4.701720916652892684e-02	3.080722799378337803e-02	-2.960005045870899021e-02	1.114987645852964920e-01	-9.103131603070852007e-02	7.572488939867720592e-02	-8.117731781026714388e-02	6.545038122151630722e-02	-6.222043548447796502e-01	2.629914606443916059e-01	-7.195312266148996827e-02	7.489143969409119139e-02	-5.410336554522277713e-02	9.999999999999991118e-01	-2.174822274362938901e-01	1.405194232208366034e-01	-8.969233858365967260e-02	8.702792379371790399e-02	-6.765897659208198744e-01	1.780985514686526106e-01	-1.008846684787412240e-01	8.546650673289869771e-02	-7.828439619029049779e-02	1.404922618479251817e-01	-1.549690967353576088e-01	1.259943906123819068e-01	-9.245903939169890229e-02	1.113901551342149215e-01	-1.320394387572910999e-01	2.079111536034067981e-02	-1.991661936108417991e-02	4.133980222828585738e-02	-4.229176116615122882e-02
-5.560235289250357177e-02	6.071969033295991636e-02	-5.569272978440185928e-02	3.326494968174448230e-02	-2.653986951057479837e-02	5.903122321701844560e-02	-6.668133347339399997e-02	4.931776270027157100e-02	-3.354395696091109352e-02	3.363323597384622332e-02	-9.824860095539701688e-02	9.395443011332577088e-02	-8.512706440888828663e-02	9.418645635439668040e-02	-9.180728975733223884e-02	2.303796843322374333e-01	-4.389138588670751795e-01	1.131418240954302351e-01	-1.116567511908665711e-01	7.879881327697792204e-02	-2.174822274362938901e-01	1.000000000000000222e+00	-4.012106464924714011e-01	1.663972229276373949e-01	-1.399952942436256398e-01	2.263730215101838472e-01	-6.694005721804028308e-01	2.025054233790121172e-01	-1.519752946341317301e-01	1.278132385572421648e-01	-1.112702779970671935e-01	2.910867558529184329e-01	-2.174819077469328232e-01	1.506987084076094607e-01	-1.625017017268473862e-01	1.227102992889737981e-01	-3.339652142994881112e-02	3.217527477534430635e-02	-6.179129137562766605e-02	6.413153000321702990e-02
5.201102101336273209e-02	-5.737456499323272119e-02	5.684115633681871560e-02	-3.579381879265380872e-02	3.015033645837979226e-02	-5.478946489393438091e-02	6.156630918538209818e-02	-5.031976549022776357e-02	3.632565780904071367e-02	-3.820328720847333132e-02	8.790502858589480106e-02	-8.268778598203828378e-02	9.609804361483985369e-02	-1.077870460294981930e-01	1.278451052952581379e-01	-2.076628390111787958e-01	2.324879254523961880e-01	-2.151725223823654776e-01	1.714163516802976461e-01	-1.176140433732760920e-01	1.405194232208366034e-01	-4.012106464924714011e-01	1.000000000000003553e+00	-4.054439159121666636e-01	2.205781489986221033e-01	-1.995792157859685445e-01	2.479580945219772847e-01	-5.569144973588787684e-01	2.730921231430714080e-01	-2.176020352349977982e-01	1.084620678771287400e-01	-3.225157553739360639e-01	2.840635184613936604e-01	-2.394737250527931294e-01	2.164398259745238251e-01	-1.282230854542762422e-01	4.148622030652830001e-02	-4.085579597092505594e-02	8.504738323449273496e-02	-9.106992809390329624e-02
-3.854286631967970139e-02	4.224340193886683831e-02	-4.596210380122157935e-02	3.059880504874999685e-02	-2.886239790322987428e-02	3.997698048239149704e-02	-4.565643757330457159e-02	3.981905878043908581e-02	-3.181954252798407240e-02	3.607639872379390933e-02	-6.397133469979088272e-02	5.921391456588919605e-02	-7.211597389360559218e-02	8.096453815283674582e-02	-1.728658225636570400e-01	1.352137907028161390e-01	-1.649214660584059078e-01	1.304999880744126262e-01	-1.396772035778039989e-01	1.539018399226595446e-01	-8.969233858365967260e-02	1.663972229276373949e-01	-4.054439159121666636e-01	1.000000000000000444e+00	-5.353376264459007716e-01	1.286110455278931808e-01	-1.592986755158694867e-01	2.712941338291248727e-01	-5.671616708067024337e-01	3.005743763203420627e-01	-7.448333149690841704e-02	2.010582297499263760e-01	-2.418887651986366960e-01	2.469020899605090247e-01	-2.743114635555281566e-01	8.719182985516114870e-02	-3.492248417199823179e-02	3.389636344419068997e-02	-8.734470330802907023e-02	8.984611902273759165e-02
3.823773425795724823e-02	-4.232471393854174424e-02	4.766393030524915253e-02	-3.313875403064368147e-02	3.224371369998971226e-02	-3.969193282766084879e-02	4.522644582884260966e-02	-4.149366713395615663e-02	3.445677116107540017e-02	-4.081690264477322305e-02	6.248185293493364878e-02	-5.775402948144878201e-02	7.078793913236840207e-02	-8.267670752817930790e-02	2.111296308630345453e-01	-1.383005927716514927e-01	1.455980879758067559e-01	-1.231908461166394964e-01	1.247810380770388305e-01	-2.798281124052099389e-01	8.702792379371790399e-02	-1.399952942436256398e-01	2.205781489986221033e-01	-5.353376264459007716e-01	9.999999999999980016e-01	-1.310288767220432193e-01	1.322979928725089849e-01	-2.149042264796933444e-01	2.905621213377725387e-01	-6.195639206011067657e-01	7.537553721070369694e-02	-2.001481349440788760e-01	1.946445905283459288e-01	-2.550658940485929227e-01	2.622105943663580185e-01	-9.106797500674274071e-02	3.268748304041423081e-02	-3.199050095337484245e-02	8.586436906247590928e-02	-9.553719473924512928e-02
-8.049971088270567454e-02	8.179358574325031050e-02	-7.899105570648969066e-02	4.357815852202348572e-02	-3.404019074313410775e-02	8.123335845914055053e-02	-9.144586894557975298e-02	6.604439105558641832e-02	-4.412045116794093697e-02	4.264638744108113777e-02	-1.437230955604903715e-01	1.179738549820256860e-01	-1.068398870529242151e-01	1.107819164489752123e-01	-9.943814236145653851e-02	3.255344945182079841e-01	-4.106639389773155679e-01	1.037635734493309175e-01	-1.111768235006160566e-01	8.088566700146974930e-02	-6.765897659208198744e-01	2.263730215101838472e-01	-1.995792157859685445e-01	1.286110455278931808e-01	-1.310288767220432193e-01	1.000000000000000000e+00	-2.538797373265077040e-01	1.425235732956874057e-01	-1.257524605163230780e-01	1.158019262471338823e-01	-2.629069325336716445e-01	2.113518967311754371e-01	-1.890975336374638993e-01	1.360953083633903160e-01	-1.717123787717348971e-01	1.972344467003648294e-01	-3.077933452898263741e-02	2.933980097909660856e-02	-6.223495279713972539e-02	6.293395466443861552e-02
5.336976412246664803e-02	-5.877006368993311497e-02	5.468689586240539635e-02	-3.292223610134174805e-02	2.616063296661638379e-02	-5.664272928748819574e-02	6.277484318814793851e-02	-4.842424759089880570e-02	3.300079056716229142e-02	-3.321630740920652330e-02	9.148651659145989878e-02	-8.588144222642937753e-02	8.085616553721788891e-02	-9.203088125707792333e-02	8.828051831923712511e-02	-2.397207860823732939e-01	2.782116991232071457e-01	-1.043641501013540945e-01	1.015365189137101415e-01	-7.639410224313558651e-02	1.780985514686526106e-01	-6.694005721804028308e-01	2.479580945219772847e-01	-1.592986755158694867e-01	1.322979928725089849e-01	-2.538797373265077040e-01	1.000000000000000888e+00	-2.026423665400276242e-01	1.444865036081398324e-01	-1.275871374260828806e-01	1.263212962896337888e-01	-5.398484070187217210e-01	2.208653157318534177e-01	-1.578252419052033062e-01	1.610076085739558516e-01	-1.403050122021336776e-01	3.943944270590232781e-02	-3.834528871243298581e-02	6.490288723754127076e-02	-6.824264978260319303e-02
-3.994310708532186616e-02	4.365741571644978641e-02	-4.460486251214022813e-02	2.827310267973502655e-02	-2.460603195317017863e-02	4.166957035044032559e-02	-4.721473863595861131e-02	3.897426381527034633e-02	-2.890473543312375646e-02	3.094847270698689035e-02	-6.727667893332361926e-02	6.232566303200823971e-02	-7.197589362770122345e-02	7.974841766548342037e-02	-1.147084784936120566e-01	1.485217009110275377e-01	-1.857671922406073373e-01	1.270634352695761415e-01	-1.277836114687309621e-01	1.005715510216394076e-01	-1.008846684787412240e-01	2.025054233790121172e-01	-5.569144973588787684e-01	2.712941338291248727e-01	-2.149042264796933444e-01	1.425235732956874057e-01	-2.026423665400276242e-01	9.999999999999983347e-01	-4.475844924125547131e-01	2.135981413678836316e-01	-8.356336110074387424e-02	2.531504412734663645e-01	-5.421044519304455411e-01	2.577639560976033306e-01	-2.385880073239963484e-01	9.630197764121463389e-02	-4.492248054856996103e-02	4.391580408211551850e-02	-8.776100686623583558e-02	8.984784875920781566e-02
3.515363342694721033e-02	-3.863407229600224896e-02	4.078035764574083899e-02	-2.664047257846044459e-02	2.402718753620882927e-02	-3.662077460788740885e-02	4.145711797577014690e-02	-3.558013261005054523e-02	2.734182308009994525e-02	-3.023734935446385427e-02	5.841633205604770257e-02	-5.394121307421560069e-02	6.302275183222422195e-02	-7.177947178371431314e-02	1.251607304708891311e-01	-1.318325470019593437e-01	1.488051964827696860e-01	-1.081769219287788270e-01	1.077688947662890778e-01	-1.163182364830885884e-01	8.546650673289869771e-02	-1.519752946341317301e-01	2.730921231430714080e-01	-5.671616708067024337e-01	2.905621213377725387e-01	-1.257524605163230780e-01	1.444865036081398324e-01	-4.475844924125547131e-01	1.000000000000004219e+00	-4.350944145251813278e-01	7.331682761778479662e-02	-2.099278893576378424e-01	2.628595151051673628e-01	-4.013189556477222975e-01	2.781366340400692194e-01	-8.674624134474265280e-02	3.735200035802041518e-02	-3.669643319916333218e-02	9.907528160597682543e-02	-1.042624909537081812e-01
-3.459901102586308147e-02	3.802063844258471437e-02	-4.264715381327576632e-02	2.901976415589717015e-02	-2.820463899229328983e-02	3.578440699985636214e-02	-4.086708341625332891e-02	3.677102650403364648e-02	-3.030708091439493143e-02	3.518386299132639228e-02	-5.676519691274482110e-02	5.220436258200618351e-02	-6.300612739310974819e-02	7.178843131842135850e-02	-1.815592153981250567e-01	1.220771679455954078e-01	-1.393611583555275923e-01	1.037073572769826868e-01	-1.094105961646950481e-01	1.609320789179028433e-01	-7.828439619029049779e-02	1.278132385572421648e-01	-2.176020352349977982e-01	3.005743763203420627e-01	-6.195639206011067657e-01	1.158019262471338823e-01	-1.275871374260828806e-01	2.135981413678836316e-01	-4.350944145251813278e-01	1.000000000000001554e+00	-6.806201843490215786e-02	1.809501657147413733e-01	-2.155904472958254658e-01	2.710399993340041336e-01	-4.923211740538445680e-01	8.073950070787971889e-02	-3.410618609580289007e-02	3.309471507345145003e-02	-9.504514625162252539e-02	1.008829857669171909e-01
3.973503949764495974e-02	-4.176751628220001789e-02	4.070445896643005296e-02	-2.326830871142491694e-02	1.832127117780391404e-02	-4.085008244006674977e-02	4.550505761263128751e-02	-3.456456292846019768e-02	2.339977550683780549e-02	-2.303072309436020662e-02	6.841576072686809951e-02	-5.882242331397621871e-02	5.516639914581680099e-02	-5.966290340053444219e-02	5.602862932095107468e-02	-1.830333935578357940e-01	1.877431157952134111e-01	-5.726725225540223868e-02	6.066582368426447214e-02	-4.598950083404521744e-02	1.404922618479251817e-01	-1.112702779970671935e-01	1.084620678771287400e-01	-7.448333149690841704e-02	7.537553721070369694e-02	-2.629069325336716445e-01	1.263212962896337888e-01	-8.356336110074387424e-02	7.331682761778479662e-02	-6.806201843490215786e-02	9.999999999999996669e-01	-1.810864551244589782e-01	1.161120591413807579e-01	-8.330097842836459154e-02	1.008352467385618123e-01	-9.036529585246353413e-01	2.106502536221586258e-02	-2.019116620917412591e-02	3.842713091590757579e-02	-3.931863986780675946e-02
-6.237287258849728844e-02	6.682442809370787995e-02	-6.675109200400769494e-02	4.025953116049942049e-02	-3.365726419366360522e-02	6.437701662689357396e-02	-7.330962868969696788e-02	5.748247840123390379e-02	-4.094176210860320242e-02	4.219326390661162773e-02	-1.059470649628492800e-01	9.672688244147650827e-02	-9.879262552854697899e-02	1.075835333539917477e-01	-1.326800791641811195e-01	2.141837698994638606e-01	-3.452219295761551621e-01	1.318317790166776138e-01	-1.397499274323454055e-01	1.094734013961019686e-01	-1.549690967353576088e-01	2.910867558529184329e-01	-3.225157553739360639e-01	2.010582297499263760e-01	-2.001481349440788760e-01	2.113518967311754371e-01	-5.398484070187217210e-01	2.531504412734663645e-01	-2.099278893576378424e-01	1.809501657147413733e-01	-1.810864551244589782e-01	9.999999999999983347e-01	-4.827832447447357733e-01	2.339306148399088736e-01	-2.725567727177647948e-01	1.679529311935873126e-01	-7.468622508376511482e-02	6.827782628515823016e-02	-1.028699719194834800e-01	1.021212604051629502e-01
4.775380748358876853e-02	-5.252387325499844467e-02	5.254845855858645415e-02	-3.300899102418846515e-02	2.770184875913514130e-02	-5.007061837755986261e-02	5.600940288103562620e-02	-4.619887050222900443e-02	3.330869607905641294e-02	-3.507731108070258341e-02	8.001347396208483009e-02	-7.359343805787006698e-02	7.947444955369305231e-02	-9.114641305831182316e-02	1.134624224269125126e-01	-1.961839188305225246e-01	2.097101360736642606e-01	-1.201388277820311101e-01	1.164967943479695150e-01	-1.013142101534199035e-01	1.259943906123819068e-01	-2.174819077469328232e-01	2.840635184613936604e-01	-2.418887651986366960e-01	1.946445905283459288e-01	-1.890975336374638993e-01	2.208653157318534177e-01	-5.421044519304455411e-01	2.628595151051673628e-01	-2.155904472958254658e-01	1.161120591413807579e-01	-4.827832447447357733e-01	9.999999999999991118e-01	-4.501308895136278410e-01	2.651250070044218199e-01	-1.363098239241161969e-01	7.184503427741410764e-02	-7.540181411966045966e-02	1.192788412963474570e-01	-1.272224082646097321e-01
-3.914202453989405750e-02	4.273928830441198201e-02	-4.533433535851225799e-02	2.922866473201062715e-02	-2.620568838398404377e-02	4.055333135097291541e-02	-4.599748003208098401e-02	3.923934978516338545e-02	-2.997300702742931866e-02	3.283026087673689142e-02	-6.489917712564148566e-02	5.941264225860594383e-02	-6.761085309960479517e-02	7.626788603899263552e-02	-1.305446074518426813e-01	1.428662781063507192e-01	-1.707011419473633274e-01	1.037252682486119459e-01	-1.075597146502733220e-01	1.121446342189639511e-01	-9.245903939169890229e-02	1.506987084076094607e-01	-2.394737250527931294e-01	2.469020899605090247e-01	-2.550658940485929227e-01	1.360953083633903160e-01	-1.578252419052033062e-01	2.577639560976033306e-01	-4.013189556477222975e-01	2.710399993340041336e-01	-8.330097842836459154e-02	2.339306148399088736e-01	-4.501308895136278410e-01	1.000000000000000222e+00	-6.210090683824798230e-01	9.676238218606227071e-02	-6.035425430213686021e-02	5.849873580558688502e-02	-2.287877930729081688e-01	1.869944769612200131e-01
4.428173063519661584e-02	-4.890223381176626860e-02	5.076217968029827360e-02	-3.289051983310269101e-02	2.860527996260677289e-02	-4.629246560531521948e-02	5.187291111340883859e-02	-4.456042882789532783e-02	3.330128912417705533e-02	-3.625197694672655652e-02	7.325746941698657588e-02	-6.704362761519842839e-02	7.465962828844042998e-02	-8.703012294236889268e-02	1.311297984060750543e-01	-1.804941985449716180e-01	1.785956386944655694e-01	-1.102290615940349910e-01	1.092861828494637588e-01	-1.239437996217081783e-01	1.113901551342149215e-01	-1.625017017268473862e-01	2.164398259745238251e-01	-2.743114635555281566e-01	2.622105943663580185e-01	-1.717123787717348971e-01	1.610076085739558516e-01	-2.385880073239963484e-01	2.781366340400692194e-01	-4.923211740538445680e-01	1.008352467385618123e-01	-2.725567727177647948e-01	2.651250070044218199e-01	-6.210090683824798230e-01	1.000000000000000000e+00	-1.234613907284846657e-01	5.217021149265499425e-02	-5.128278422416839011e-02	1.692400300239522148e-01	-2.069242372278126130e-01
-4.624645983626636536e-02	4.781860985425746141e-02	-4.819786315496327883e-02	2.724903809018263193e-02	-2.170514256711597589e-02	4.660266009108640639e-02	-5.287109665088725319e-02	4.026552857801885682e-02	-2.753311039502788493e-02	2.713937244880799959e-02	-7.842408636707390301e-02	6.744487455039401003e-02	-6.456240600960726217e-02	6.824391264934738521e-02	-6.834591341592619052e-02	1.608497224028534456e-01	-2.339880240795947364e-01	6.763682562079464944e-02	-7.299845338994752353e-02	5.532939259181576114e-02	-1.320394387572910999e-01	1.227102992889737981e-01	-1.282230854542762422e-01	8.719182985516114870e-02	-9.106797500674274071e-02	1.972344467003648294e-01	-1.403050122021336776e-01	9.630197764121463389e-02	-8.674624134474265280e-02	8.073950070787971889e-02	-9.036529585246353413e-01	1.679529311935873126e-01	-1.363098239241161969e-01	9.676238218606227071e-02	-1.234613907284846657e-01	1.000000000000000222e+00	-2.374387183281240904e-02	2.256737017281885277e-02	-4.538466739747264861e-02	4.576634819882625937e-02
8.329861166028861702e-03	-9.065710583847606807e-03	9.221668928984867036e-03	-5.742738587315352437e-03	4.857115105637443628e-03	-8.653299899637515238e-03	9.747484689713977607e-03	-8.016156160322675250e-03	5.813011559617150235e-03	-6.120689219540543201e-03	1.392560602398264756e-02	-1.269086470832559918e-02	1.357582552295987822e-02	-1.533732571738113948e-02	1.995946711617436337e-02	-3.191191746442679361e-02	3.831820320961266263e-02	-1.899012903133369748e-02	1.934019833196497229e-02	-1.720493087472693347e-02	2.079111536034067981e-02	-3.339652142994881112e-02	4.148622030652830001e-02	-3.492248417199823179e-02	3.268748304041423081e-02	-3.077933452898263741e-02	3.943944270590232781e-02	-4.492248054856996103e-02	3.735200035802041518e-02	-3.410618609580289007e-02	2.106502536221586258e-02	-7.468622508376511482e-02	7.184503427741410764e-02	-6.035425430213686021e-02	5.217021149265499425e-02	-2.374387183281240904e-02	1.000000000000000888e+00	-9.789649546786263201e-01	1.167913654433608561e-01	-1.271062619367282487e-01
-8.043117999845094540e-03	8.743586834310116893e-03	-8.912420509942273195e-03	5.548049979465046605e-03	-4.704655751409714259e-03	8.347340129146778309e-03	-9.414564450559409492e-03	7.737920238691095229e-03	-5.621681407254704686e-03	5.923940252391405453e-03	-1.344758894617707062e-02	1.225489172383148473e-02	-1.313668886415295806e-02	1.479926033174223422e-02	-1.949744913343559594e-02	3.043327990286982809e-02	-3.727919103007711066e-02	1.845135288629524972e-02	-1.886355243129728479e-02	1.674938745069968690e-02	-1.991661936108417991e-02	3.217527477534430635e-02	-4.085579597092505594e-02	3.389636344419068997e-02	-3.199050095337484245e-02	2.933980097909660856e-02	-3.834528871243298581e-02	4.391580408211551850e-02	-3.669643319916333218e-02	3.309471507345145003e-02	-2.019116620917412591e-02	6.827782628515823016e-02	-7.540181411966045966e-02	5.849873580558688502e-02	-5.128278422416839011e-02	2.256737017281885277e-02	-9.789649546786263201e-01	1.000000000000001332e+00	-1.325052690002372635e-01	1.143166399925848870e-01
1.730206416894298355e-02	-1.888498213375735396e-02	1.976017786611435414e-02	-1.256370466677608419e-02	1.093363350613036147e-02	-1.793296132567304829e-02	2.023519184030551227e-02	-1.713542165626073116e-02	1.277326325706917669e-02	-1.374940903633972353e-02	2.863888045308501246e-02	-2.605747901665936977e-02	2.888291384906750692e-02	-3.285116183579613047e-02	4.905232311649572463e-02	-6.541878342353153741e-02	7.405404007301157054e-02	-4.141465950118543987e-02	4.246482148295497444e-02	-4.253072499568619214e-02	4.133980222828585738e-02	-6.179129137562766605e-02	8.504738323449273496e-02	-8.734470330802907023e-02	8.586436906247590928e-02	-6.223495279713972539e-02	6.490288723754127076e-02	-8.776100686623583558e-02	9.907528160597682543e-02	-9.504514625162252539e-02	3.842713091590757579e-02	-1.028699719194834800e-01	1.192788412963474570e-01	-2.287877930729081688e-01	1.692400300239522148e-01	-4.538466739747264861e-02	1.167913654433608561e-01	-1.325052690002372635e-01	1.000000000000001776e+00	-9.318003074088240245e-01
