1.000000000000000000e+00	-7.277282395068290777e-01	1.599028805475916359e-01	-1.252727514526079389e-01	1.283373056257225142e-01	-5.823732924618469919e-01	1.504578727260754423e-01	-1.146760501182420289e-01	1.051636570526727765e-01	-9.176257428146963879e-02	1.324716042882992106e-01	-9.915607810853856174e-02	1.031730534420639001e-01	-7.887896910807147555e-02	7.531807583875305134e-02	-1.114516162092953622e-01	1.235778901642734240e-01	-8.992140327002251521e-02	9.542903481568830448e-02	-8.710046164919112155e-02	9.915024849669683282e-02	-7.694552971727269819e-02	1.134032281665401931e-01	-6.067940957480960629e-02	6.673854228427936186e-02	-7.381632230070431233e-02	5.794250896450019866e-02	-5.652501591998480152e-02	5.860675643607985569e-02	-5.275152636620032698e-02	5.141483123283609180e-02	-6.002047291014975250e-02	4.789152271408017580e-02	-4.228896232904412467e-02	3.833892963641423457e-02	-5.240152343854229122e-02	5.697807722561150368e-02	-3.646172529662287248e-02	4.769530989205734983e-02	-9.177939264074091996e-02
-7.277282395068290777e-01	9.999999999999998890e-01	-3.005112371412790306e-01	1.846839993546480485e-01	-2.099879709003752148e-01	3.158900388570691775e-01	-2.294715993446251323e-01	1.713120276056815938e-01	-1.661303521352082979e-01	1.411151690382839996e-01	-1.643688184209234349e-01	1.433621543691747657e-01	-1.582341809895957130e-01	1.206382765833451803e-01	-1.171587206485138893e-01	1.318361224104907803e-01	-1.896598038039772061e-01	1.353228791528253427e-01	-1.474645701737493653e-01	1.318148161281586794e-01	-1.481115894782961961e-01	1.140179922813194385e-01	-1.761366640319673160e-01	9.265250302884397993e-02	-1.027959252055276190e-01	1.100326226364734955e-01	-8.704774102282056281e-02	8.587052910920196791e-02	-8.984986056361494999e-02	7.938388039901674020e-02	-7.783546292138841804e-02	8.966402425116409836e-02	-7.296587159047331073e-02	6.390473287709333428e-02	-5.785031499988852605e-02	7.889122991492743264e-02	-8.680232274806522208e-02	5.538542250277093959e-02	-7.245911923263781418e-02	1.367919468280506257e-01
1.599028805475916359e-01	-3.005112371412790306e-01	9.999999999999993339e-01	-7.894310096958556677e-01	2.648268871683041037e-01	-2.195728695668170971e-01	1.552228126828275878e-01	-2.670237292646787663e-01	1.909647938750775042e-01	-2.143922327866277233e-01	9.976073892928691289e-02	-1.246278233137610159e-01	1.479165530613205937e-01	-1.349609187222459705e-01	1.207527695827206593e-01	-9.513779332201409422e-02	1.348347268726934611e-01	-1.193359775412283358e-01	1.269044603166001317e-01	-1.322586991410549806e-01	9.800062051360995674e-02	-8.139064088611835945e-02	1.189638260440735312e-01	-7.525538518416005629e-02	8.181344041525866195e-02	-8.575191315331073816e-02	6.359734187625791513e-02	-6.543189927703882414e-02	6.675630989328125431e-02	-6.557566021601586581e-02	5.763842217491529224e-02	-6.747454652318941870e-02	5.436781720009364882e-02	-5.085806935902928427e-02	4.701414368484711781e-02	-6.094510395860040092e-02	6.380967433470771666e-02	-4.177805238264864496e-02	5.601894169601673301e-02	-1.173535838179835533e-01
-1.252727514526079389e-01	1.846839993546480485e-01	-7.894310096958556677e-01	9.999999999999994449e-01	-4.417556695063155070e-01	1.598790598148243092e-01	-1.399887805882175096e-01	1.967377840851749493e-01	-2.118128087741970311e-01	2.140141035838687700e-01	-8.470151581111258487e-02	1.062259989386385717e-01	-1.306045016294347105e-01	1.276928769211327086e-01	-1.209697084479841867e-01	7.918112999474474778e-02	-1.229591348850146010e-01	1.050840816606748024e-01	-1.187228231783229587e-01	1.192079443163761854e-01	-8.751406645414112895e-02	7.211425101207265265e-02	-1.069036558405216247e-01	6.707742362293298011e-02	-7.403804427927153375e-02	7.451304439713056504e-02	-5.608233784915463149e-02	5.769362067966625485e-02	-5.931429853302627037e-02	5.686231346329864711e-02	-5.057588559661991418e-02	5.908801364632967901e-02	-4.779878745577900018e-02	4.425024503220192917e-02	-4.085338922485516611e-02	5.308030042056503806e-02	-5.612774884567208605e-02	3.664109685439270736e-02	-4.896816300625685819e-02	1.003677943602140493e-01
1.283373056257225142e-01	-2.099879709003752148e-01	2.648268871683041037e-01	-4.417556695063155070e-01	9.999999999999994449e-01	-2.284035461650940624e-01	1.713287383636963312e-01	-2.828258785090345673e-01	2.851978100597111765e-01	-6.439132834677893102e-01	1.105301440234869870e-01	-1.459943738241208655e-01	1.687763377922357200e-01	-2.142860039013172457e-01	1.924668461947166564e-01	-1.101637605805264319e-01	1.604375072458496532e-01	-1.495894868411791201e-01	1.677583623603991492e-01	-1.968835860467853527e-01	1.151790682939774213e-01	-9.803650834554798743e-02	1.435170552380430620e-01	-9.912363158231375648e-02	1.072527273065916192e-01	-1.077306824580545747e-01	7.799684189801060763e-02	-8.260499688543462837e-02	8.374606117514228620e-02	-8.510184616387422851e-02	7.139600689441462367e-02	-8.365978835055694340e-02	6.785275825305547848e-02	-6.503531100740822524e-02	6.062791646126555745e-02	-7.666902005611478388e-02	7.909236848472486758e-02	-5.233496456407552011e-02	7.094145882556285310e-02	-1.531618775462978421e-01
-5.823732924618469919e-01	3.158900388570691775e-01	-2.195728695668170971e-01	1.598790598148243092e-01	-2.284035461650940624e-01	9.999999999999994449e-01	-3.138533506361408931e-01	1.992171017477196437e-01	-1.927003098281884486e-01	1.565622253451706969e-01	-3.096598156008531499e-01	1.898546848466522996e-01	-1.987382181089841215e-01	1.447019277327148135e-01	-1.405905942315391066e-01	2.095895468314073196e-01	-2.493948237443519289e-01	1.731260028106589854e-01	-1.851101612956792264e-01	1.627935526616339501e-01	-2.022998569864268015e-01	1.530013932599272597e-01	-2.282514542242730093e-01	1.179198849406962318e-01	-1.303038141778074255e-01	1.433660994452698179e-01	-1.146254269126074227e-01	1.107770324300491604e-01	-1.155527498355263943e-01	1.015324411572765678e-01	-1.011717802057861132e-01	1.176045426288460372e-01	-9.420358859150163022e-02	8.202270906802705541e-02	-7.404363595417820521e-02	1.021147449183792688e-01	-1.123512945614222602e-01	7.151732320025017131e-02	-9.309436927646116966e-02	1.748246418225642695e-01
1.504578727260754423e-01	-2.294715993446251323e-01	1.552228126828275878e-01	-1.399887805882175096e-01	1.713287383636963312e-01	-3.138533506361408931e-01	9.999999999999995559e-01	-3.424517654550275902e-01	1.910045710310457334e-01	-1.597516999475357691e-01	1.747453964049987263e-01	-7.053470010760864994e-01	2.974268025852707664e-01	-1.666855641880035932e-01	1.411464636971956621e-01	-1.730343649306057829e-01	2.075508642155497463e-01	-2.141733679324213935e-01	1.833977415652753573e-01	-1.835448781329759305e-01	1.482385704566921147e-01	-1.274887125722020120e-01	1.714572194585478326e-01	-1.099699296478118815e-01	1.168665225626950993e-01	-1.358285779816774397e-01	9.829737628657821136e-02	-9.902534080510462522e-02	9.906434522726488556e-02	-1.018128265738418997e-01	8.868338360200837822e-02	-1.057143208634221260e-01	8.254365593737700291e-02	-7.859299064791577805e-02	7.275659346413582140e-02	-9.504368717217567819e-02	9.699356577093798393e-02	-6.383468688643609279e-02	8.570826317465932154e-02	-1.872772944702196241e-01
-1.146760501182420289e-01	1.713120276056815938e-01	-2.670237292646787663e-01	1.967377840851749493e-01	-2.828258785090345673e-01	1.992171017477196437e-01	-3.424517654550275902e-01	9.999999999999992228e-01	-4.899092377157073241e-01	2.432197603485013737e-01	-1.353722088136550539e-01	2.591184441480007816e-01	-5.362373274548996038e-01	2.218385335088409738e-01	-2.002864966930889556e-01	1.285871618893849322e-01	-2.409827259584704506e-01	2.305835763619864531e-01	-2.328801682112477955e-01	1.985638557446141594e-01	-1.447717629172109166e-01	1.229349333458550075e-01	-1.656560121630654414e-01	1.077966789899720557e-01	-1.193782715042557563e-01	1.184202994320094349e-01	-9.125011763179044499e-02	9.104914795978896747e-02	-9.307348213462222908e-02	8.856409277185807449e-02	-7.941783269058373673e-02	9.516511568226967976e-02	-7.429407078227792671e-02	6.871774441272521239e-02	-6.351119656231263289e-02	8.310829311862041879e-02	-8.727647562795838587e-02	5.707220856052351576e-02	-7.578817726108608155e-02	1.550562207981815432e-01
1.051636570526727765e-01	-1.661303521352082979e-01	1.909647938750775042e-01	-2.118128087741970311e-01	2.851978100597111765e-01	-1.927003098281884486e-01	1.910045710310457334e-01	-4.899092377157073241e-01	9.999999999999986677e-01	-5.555410384634555943e-01	1.077762179544943938e-01	-1.702561774834386310e-01	2.185632649600898758e-01	-4.203499902475074657e-01	2.557354106016984097e-01	-1.074147609691450539e-01	1.750330012358160270e-01	-1.760882923733312067e-01	2.033626306833596908e-01	-2.248012468908685002e-01	1.165392184484987520e-01	-1.005653916081117594e-01	1.424660728141406985e-01	-1.027937359021125763e-01	1.129340596683274661e-01	-1.058099115331180284e-01	7.799049192006660136e-02	-8.225682640681393487e-02	8.363504723990387857e-02	-8.312784268441969493e-02	7.005876626232318549e-02	-8.314738238581304008e-02	6.649692077345208119e-02	-6.335327717991345864e-02	5.914137306590062232e-02	-7.481678081908200995e-02	7.742613692631325484e-02	-5.126292059709124105e-02	6.915585970272390692e-02	-1.465070068779711354e-01
-9.176257428146963879e-02	1.411151690382839996e-01	-2.143922327866277233e-01	2.140141035838687700e-01	-6.439132834677893102e-01	1.565622253451706969e-01	-1.597516999475357691e-01	2.432197603485013737e-01	-5.555410384634555943e-01	9.999999999999993339e-01	-9.049721231305940528e-02	1.269463649217856538e-01	-1.638054171351328581e-01	2.411094751407807657e-01	-2.880155036228962406e-01	8.802725852243080407e-02	-1.504944010879797067e-01	1.361397897378827104e-01	-1.732700284189510054e-01	1.858075194432099730e-01	-1.003818881288476572e-01	8.490613778852144911e-02	-1.238346278675340750e-01	8.689995305229079869e-02	-9.846809541908074781e-02	8.792677890567436594e-02	-6.584725477822862827e-02	6.949165064904641587e-02	-7.150134514979795963e-02	6.903714082690229348e-02	-5.897413010988122178e-02	6.959586309387096048e-02	-5.617240835406899641e-02	5.288005118176264396e-02	-4.931789805995565740e-02	6.246046702229483827e-02	-6.544034399261022816e-02	4.316524997229827243e-02	-5.808115349238518466e-02	1.201575766707664583e-01
1.324716042882992106e-01	-1.643688184209234349e-01	9.976073892928691289e-02	-8.470151581111258487e-02	1.105301440234869870e-01	-3.096598156008531499e-01	1.747453964049987263e-01	-1.353722088136550539e-01	1.077762179544943938e-01	-9.049721231305940528e-02	9.999999999999983347e-01	-1.808151509006006297e-01	1.388384466318365318e-01	-9.615017040421415528e-02	8.709723985803824453e-02	-8.420583116144625402e-01	1.946940434395885988e-01	-1.438699162609213822e-01	1.239550377052791447e-01	-1.189074893904760732e-01	1.997977298054871009e-01	-1.606665222419687844e-01	1.504480636412127703e-01	-8.518922307704511476e-02	8.851238508640461855e-02	-1.278008065327057574e-01	1.006610447800523334e-01	-8.533273535494868833e-02	8.284220461801272695e-02	-7.933248284448424226e-02	8.080804550963180399e-02	-1.066154693041177215e-01	7.047525406530019687e-02	-6.312048924233867875e-02	5.700330255566328497e-02	-8.313466870570579426e-02	8.478544385048530918e-02	-5.462410135281262069e-02	6.948668869788329761e-02	-1.424719054908505644e-01
-9.915607810853856174e-02	1.433621543691747657e-01	-1.246278233137610159e-01	1.062259989386385717e-01	-1.459943738241208655e-01	1.898546848466522996e-01	-7.053470010760864994e-01	2.591184441480007816e-01	-1.702561774834386310e-01	1.269463649217856538e-01	-1.808151509006006297e-01	9.999999999999982236e-01	-5.377821505311194406e-01	1.382007764055908361e-01	-1.222384426050648204e-01	1.486199081336742056e-01	-2.093173639149610854e-01	2.055712128333219701e-01	-1.752942660303729860e-01	1.484921371215216779e-01	-1.299443598298377911e-01	1.095554924029840116e-01	-1.378153451083693193e-01	8.687135367353465698e-02	-9.403252682918890326e-02	1.033175942694893878e-01	-7.945218528076798681e-02	7.667182702705130359e-02	-7.732773883727303565e-02	7.499685114064501279e-02	-6.834444417451983333e-02	8.306931415986477940e-02	-6.304589367422225310e-02	5.838202315384075775e-02	-5.375909237197597917e-02	7.162078427365076161e-02	-7.439569819693944708e-02	4.857116366337713154e-02	-6.418915940008963761e-02	1.336871844173570523e-01
1.031730534420639001e-01	-1.582341809895957130e-01	1.479165530613205937e-01	-1.306045016294347105e-01	1.687763377922357200e-01	-1.987382181089841215e-01	2.974268025852707664e-01	-5.362373274548996038e-01	2.185632649600898758e-01	-1.638054171351328581e-01	1.388384466318365318e-01	-5.377821505311194406e-01	9.999999999999982236e-01	-1.966220403859695876e-01	1.555317721926912922e-01	-1.387022193610807919e-01	2.407760906056064520e-01	-4.093081374135220663e-01	2.222195820018768031e-01	-1.958859657659335896e-01	1.366018105008229289e-01	-1.235838426486328967e-01	1.497786861197301089e-01	-1.020331875423844126e-01	1.091510246915923105e-01	-1.161742524109557056e-01	8.813424730320011669e-02	-8.645294620569680955e-02	8.660678417103037652e-02	-8.542239509765627015e-02	7.587363925181313251e-02	-9.315511852760746669e-02	7.018620371885686549e-02	-6.584448952266232225e-02	6.091583397768037672e-02	-8.021165417543546505e-02	8.248903195833667823e-02	-5.422024611617397294e-02	7.194104608932100353e-02	-1.518819081045053032e-01
-7.887896910807147555e-02	1.206382765833451803e-01	-1.349609187222459705e-01	1.276928769211327086e-01	-2.142860039013172457e-01	1.447019277327148135e-01	-1.666855641880035932e-01	2.218385335088409738e-01	-4.203499902475074657e-01	2.411094751407807657e-01	-9.615017040421415528e-02	1.382007764055908361e-01	-1.966220403859695876e-01	1.000000000000000000e+00	-7.100552647621849456e-01	9.449362403538454080e-02	-1.893528183548721933e-01	1.832879235643838089e-01	-3.375322530731445503e-01	2.883433089910394376e-01	-1.149503566177529357e-01	9.913195986706377361e-02	-1.419276475855187070e-01	1.118511823441391551e-01	-1.331011621509594900e-01	9.839176642007482765e-02	-7.515443378337888225e-02	8.097344850750477774e-02	-8.422084799687643009e-02	7.892178241850314468e-02	-6.588303587272671680e-02	7.888260090577019212e-02	-6.331132631828682855e-02	5.966278553766164727e-02	-5.617703625444969012e-02	6.960976361075350838e-02	-7.320807577396533372e-02	4.861962872694503002e-02	-6.544527901073249332e-02	1.319015516446695735e-01
7.531807583875305134e-02	-1.171587206485138893e-01	1.207527695827206593e-01	-1.209697084479841867e-01	1.924668461947166564e-01	-1.405905942315391066e-01	1.411464636971956621e-01	-2.002864966930889556e-01	2.557354106016984097e-01	-2.880155036228962406e-01	8.709723985803824453e-02	-1.222384426050648204e-01	1.555317721926912922e-01	-7.100552647621849456e-01	9.999999999999981126e-01	-8.709216237061222221e-02	1.617937123431743007e-01	-1.644007342026148066e-01	2.585859643286176346e-01	-4.955435866038384596e-01	1.033072611442894528e-01	-9.013237707361866635e-02	1.323379594858717367e-01	-1.196323490965027214e-01	1.375908554305378673e-01	-9.397925405226557893e-02	7.007992851272092094e-02	-7.919408636159826209e-02	8.157931825069703047e-02	-7.899831287154106263e-02	6.241394789892591027e-02	-7.449056356318994876e-02	6.071865236975731300e-02	-5.848960486759614136e-02	5.550446389536305841e-02	-6.678448559034913523e-02	6.963261285395111466e-02	-4.675095803651716647e-02	6.353479629289487951e-02	-1.303248374466849657e-01
-1.114516162092953622e-01	1.318361224104907803e-01	-9.513779332201409422e-02	7.918112999474474778e-02	-1.101637605805264319e-01	2.095895468314073196e-01	-1.730343649306057829e-01	1.285871618893849322e-01	-1.074147609691450539e-01	8.802725852243080407e-02	-8.420583116144625402e-01	1.486199081336742056e-01	-1.387022193610807919e-01	9.449362403538454080e-02	-8.709216237061222221e-02	9.999999999999987788e-01	-2.507634421032800542e-01	1.472488600152450644e-01	-1.300659028869390055e-01	1.171039184110556353e-01	-2.919134039957514970e-01	1.785272685069701215e-01	-1.618512182585264969e-01	8.617673313337287366e-02	-8.988803164403202928e-02	1.271586333706007377e-01	-1.084021998199421466e-01	8.643354101294535574e-02	-8.450175412662608299e-02	7.785166484239326723e-02	-8.239045581779286254e-02	1.089806227525912524e-01	-7.134430357000527689e-02	6.248389977125406308e-02	-5.612102692951638494e-02	8.281207806166301921e-02	-8.623650003559783783e-02	5.504889015295373611e-02	-6.926600074145178310e-02	1.376383694477396613e-01
1.235778901642734240e-01	-1.896598038039772061e-01	1.348347268726934611e-01	-1.229591348850146010e-01	1.604375072458496532e-01	-2.493948237443519289e-01	2.075508642155497463e-01	-2.409827259584704506e-01	1.750330012358160270e-01	-1.504944010879797067e-01	1.946940434395885988e-01	-2.093173639149610854e-01	2.407760906056064520e-01	-1.893528183548721933e-01	1.617937123431743007e-01	-2.507634421032800542e-01	1.000000000000000000e+00	-5.942144032004483822e-01	2.702349340806453615e-01	-2.632465248337327313e-01	2.604986058072772948e-01	-3.678567366533053717e-01	2.321388795631857960e-01	-1.528030345424993275e-01	1.545796216587168037e-01	-2.086425245530220962e-01	1.718071947389452070e-01	-1.421940281156174324e-01	1.353006384348677815e-01	-1.327458812289587786e-01	1.292479132753337201e-01	-1.795305127062702677e-01	1.131418053498257220e-01	-1.036819504007227000e-01	9.447438006820867151e-02	-1.344746576203265653e-01	1.350750083629957965e-01	-8.819107587388497205e-02	1.126265555738017038e-01	-2.373175114108910799e-01
-8.992140327002251521e-02	1.353228791528253427e-01	-1.193359775412283358e-01	1.050840816606748024e-01	-1.495894868411791201e-01	1.731260028106589854e-01	-2.141733679324213935e-01	2.305835763619864531e-01	-1.760882923733312067e-01	1.361397897378827104e-01	-1.438699162609213822e-01	2.055712128333219701e-01	-4.093081374135220663e-01	1.832879235643838089e-01	-1.644007342026148066e-01	1.472488600152450644e-01	-5.942144032004483822e-01	1.000000000000000444e+00	-5.097936885454376066e-01	2.438799391042163200e-01	-1.873298872176929197e-01	1.766271408023598333e-01	-1.770942231780329168e-01	1.220328937193134455e-01	-1.316706437175510780e-01	1.340183706042230860e-01	-1.119782523672751273e-01	1.001914841370195458e-01	-1.001625150662204949e-01	9.403734203553769377e-02	-8.751422140935091742e-02	1.123436628279546878e-01	-7.940497962061174309e-02	7.277460690222711803e-02	-6.706889538709810694e-02	9.044446037072398359e-02	-9.378292003803886945e-02	6.129409883266791204e-02	-7.970445487970173604e-02	1.623980693311929679e-01
9.542903481568830448e-02	-1.474645701737493653e-01	1.269044603166001317e-01	-1.187228231783229587e-01	1.677583623603991492e-01	-1.851101612956792264e-01	1.833977415652753573e-01	-2.328801682112477955e-01	2.033626306833596908e-01	-1.732700284189510054e-01	1.239550377052791447e-01	-1.752942660303729860e-01	2.222195820018768031e-01	-3.375322530731445503e-01	2.585859643286176346e-01	-1.300659028869390055e-01	2.702349340806453615e-01	-5.097936885454376066e-01	9.999999999999997780e-01	-5.897452062066356193e-01	1.528560122530003840e-01	-1.439947993616251809e-01	1.859849877119871542e-01	-1.818501881207389426e-01	1.855695600180722882e-01	-1.411386336779114903e-01	1.053817075997738467e-01	-1.159844306065294928e-01	1.172427131850912602e-01	-1.139008115579859537e-01	9.161050291687475311e-02	-1.127852689351555304e-01	8.770017369852922684e-02	-8.454790350189388126e-02	7.979622185462088846e-02	-9.828570776933744091e-02	1.008483053860164125e-01	-6.782345790091587334e-02	9.126646300402194156e-02	-1.899141128593250238e-01
-8.710046164919112155e-02	1.318148161281586794e-01	-1.322586991410549806e-01	1.192079443163761854e-01	-1.968835860467853527e-01	1.627935526616339501e-01	-1.835448781329759305e-01	1.985638557446141594e-01	-2.248012468908685002e-01	1.858075194432099730e-01	-1.189074893904760732e-01	1.484921371215216779e-01	-1.958859657659335896e-01	2.883433089910394376e-01	-4.955435866038384596e-01	1.171039184110556353e-01	-2.632465248337327313e-01	2.438799391042163200e-01	-5.897452062066356193e-01	9.999999999999978906e-01	-1.548331930001203560e-01	1.343123757207606850e-01	-2.036406903676657998e-01	1.960946014160085960e-01	-2.971201996540562273e-01	1.323669245415382834e-01	-1.024428013835517459e-01	1.187041656324713673e-01	-1.269230834765273097e-01	1.152851598621826290e-01	-8.911801264637304876e-02	1.070608280445948801e-01	-8.824978781657753790e-02	8.413484265260913475e-02	-8.147770415202675032e-02	9.435119241194299400e-02	-1.002601779538004750e-01	6.760636239733570918e-02	-9.211132616556118313e-02	1.781711733951631405e-01
9.915024849669683282e-02	-1.481115894782961961e-01	9.800062051360995674e-02	-8.751406645414112895e-02	1.151790682939774213e-01	-2.022998569864268015e-01	1.482385704566921147e-01	-1.447717629172109166e-01	1.165392184484987520e-01	-1.003818881288476572e-01	1.997977298054871009e-01	-1.299443598298377911e-01	1.366018105008229289e-01	-1.149503566177529357e-01	1.033072611442894528e-01	-2.919134039957514970e-01	2.604986058072772948e-01	-1.873298872176929197e-01	1.528560122530003840e-01	-1.548331930001203560e-01	9.999999999999992228e-01	-7.216799717928014113e-01	2.532682567685968222e-01	-1.376820003989768226e-01	1.329924971609176831e-01	-2.793624746489086208e-01	2.440301985255824424e-01	-1.593281569646535223e-01	1.427798724613322523e-01	-1.340953332729983849e-01	1.586829997132415959e-01	-2.579090458262113250e-01	1.264839417405122235e-01	-1.088338302196965313e-01	9.608731001642538405e-02	-1.576585378394368409e-01	1.558690945945321316e-01	-9.950416203389694791e-02	1.187245242500470366e-01	-2.409839454929155189e-01
-7.694552971727269819e-02	1.140179922813194385e-01	-8.139064088611835945e-02	7.211425101207265265e-02	-9.803650834554798743e-02	1.530013932599272597e-01	-1.274887125722020120e-01	1.229349333458550075e-01	-1.005653916081117594e-01	8.490613778852144911e-02	-1.606665222419687844e-01	1.095554924029840116e-01	-1.235838426486328967e-01	9.913195986706377361e-02	-9.013237707361866635e-02	1.785272685069701215e-01	-3.678567366533053717e-01	1.766271408023598333e-01	-1.439947993616251809e-01	1.343123757207606850e-01	-7.216799717928014113e-01	9.999999999999996669e-01	-3.135200067731635509e-01	1.259434615786720058e-01	-1.211244316941765403e-01	2.264330321616755959e-01	-3.570288897798502004e-01	1.448016880255109662e-01	-1.322353609660883167e-01	1.132580325084805439e-01	-1.435792360327025896e-01	2.307303627971213078e-01	-1.138646644919692752e-01	9.330142762480764240e-02	-8.162156850439195033e-02	1.343486766266699939e-01	-1.415726304624679854e-01	8.821215154954203941e-02	-1.030598679650233385e-01	1.977899036134688204e-01
1.134032281665401931e-01	-1.761366640319673160e-01	1.189638260440735312e-01	-1.069036558405216247e-01	1.435170552380430620e-01	-2.282514542242730093e-01	1.714572194585478326e-01	-1.656560121630654414e-01	1.424660728141406985e-01	-1.238346278675340750e-01	1.504480636412127703e-01	-1.378153451083693193e-01	1.497786861197301089e-01	-1.419276475855187070e-01	1.323379594858717367e-01	-1.618512182585264969e-01	2.321388795631857960e-01	-1.770942231780329168e-01	1.859849877119871542e-01	-2.036406903676657998e-01	2.532682567685968222e-01	-3.135200067731635509e-01	9.999999999999998890e-01	-3.640285302282261215e-01	2.585678349538473864e-01	-3.233968308419739590e-01	2.190208634502017193e-01	-3.200608105016429228e-01	2.572803491129387887e-01	-2.656083011358946200e-01	1.974521446486442455e-01	-2.474037181351163295e-01	1.954987583176535371e-01	-1.977267620887382393e-01	1.842062414184611752e-01	-2.257655163866516546e-01	2.174563633081754710e-01	-1.535817719381275814e-01	2.053773906861855458e-01	-4.944203544349707879e-01
-6.067940957480960629e-02	9.265250302884397993e-02	-7.525538518416005629e-02	6.707742362293298011e-02	-9.912363158231375648e-02	1.179198849406962318e-01	-1.099699296478118815e-01	1.077966789899720557e-01	-1.027937359021125763e-01	8.689995305229079869e-02	-8.518922307704511476e-02	8.687135367353465698e-02	-1.020331875423844126e-01	1.118511823441391551e-01	-1.196323490965027214e-01	8.617673313337287366e-02	-1.528030345424993275e-01	1.220328937193134455e-01	-1.818501881207389426e-01	1.960946014160085960e-01	-1.376820003989768226e-01	1.259434615786720058e-01	-3.640285302282261215e-01	1.000000000000000666e+00	-7.845049652305119414e-01	1.509265431878772656e-01	-1.142640777484976861e-01	2.148389260164076942e-01	-3.171291649669518709e-01	1.721754787177802726e-01	-1.023158209519609424e-01	1.219426403245739421e-01	-1.202637444076167517e-01	1.182649985559017652e-01	-1.222965960745253794e-01	1.134096533320729933e-01	-1.236212628679145970e-01	9.080311922018036164e-02	-1.276714412839169976e-01	2.194296442473626652e-01
6.673854228427936186e-02	-1.027959252055276190e-01	8.181344041525866195e-02	-7.403804427927153375e-02	1.072527273065916192e-01	-1.303038141778074255e-01	1.168665225626950993e-01	-1.193782715042557563e-01	1.129340596683274661e-01	-9.846809541908074781e-02	8.851238508640461855e-02	-9.403252682918890326e-02	1.091510246915923105e-01	-1.331011621509594900e-01	1.375908554305378673e-01	-8.988803164403202928e-02	1.545796216587168037e-01	-1.316706437175510780e-01	1.855695600180722882e-01	-2.971201996540562273e-01	1.329924971609176831e-01	-1.211244316941765403e-01	2.585678349538473864e-01	-7.845049652305119414e-01	1.000000000000000666e+00	-1.607988717537552903e-01	1.141989580959163891e-01	-2.084774198873463047e-01	2.160849708648106549e-01	-2.371637079357020450e-01	1.068709350499911642e-01	-1.259290941748815174e-01	1.234010543223509476e-01	-1.354308301074879095e-01	1.434718456990706770e-01	-1.212684524823718774e-01	1.280340041544336671e-01	-9.521965798380008228e-02	1.392140087691015882e-01	-2.631306871390408642e-01
-7.381632230070431233e-02	1.100326226364734955e-01	-8.575191315331073816e-02	7.451304439713056504e-02	-1.077306824580545747e-01	1.433660994452698179e-01	-1.358285779816774397e-01	1.184202994320094349e-01	-1.058099115331180284e-01	8.792677890567436594e-02	-1.278008065327057574e-01	1.033175942694893878e-01	-1.161742524109557056e-01	9.839176642007482765e-02	-9.397925405226557893e-02	1.271586333706007377e-01	-2.086425245530220962e-01	1.340183706042230860e-01	-1.411386336779114903e-01	1.323669245415382834e-01	-2.793624746489086208e-01	2.264330321616755959e-01	-3.233968308419739590e-01	1.509265431878772656e-01	-1.607988717537552903e-01	1.000000000000001332e+00	-4.508587776409290204e-01	2.047147785151118005e-01	-2.137461301220614229e-01	1.549528212749893274e-01	-5.364856046740487105e-01	3.099592898311044342e-01	-2.356595321788180208e-01	1.493298667640886035e-01	-1.183592442307244419e-01	2.888760915378502103e-01	-3.303854790361180349e-01	1.742993643279124316e-01	-1.843506840022763049e-01	2.410725894431673677e-01
5.794250896450019866e-02	-8.704774102282056281e-02	6.359734187625791513e-02	-5.608233784915463149e-02	7.799684189801060763e-02	-1.146254269126074227e-01	9.829737628657821136e-02	-9.125011763179044499e-02	7.799049192006660136e-02	-6.584725477822862827e-02	1.006610447800523334e-01	-7.945218528076798681e-02	8.813424730320011669e-02	-7.515443378337888225e-02	7.007992851272092094e-02	-1.084021998199421466e-01	1.718071947389452070e-01	-1.119782523672751273e-01	1.053817075997738467e-01	-1.024428013835517459e-01	2.440301985255824424e-01	-3.570288897798502004e-01	2.190208634502017193e-01	-1.142640777484976861e-01	1.141989580959163891e-01	-4.508587776409290204e-01	1.000000000000001332e+00	-2.180627440977860043e-01	1.706506138112748316e-01	-1.162707745499615974e-01	2.326868330731750867e-01	-7.063283409986607086e-01	1.584624241568263203e-01	-1.076388326397491046e-01	8.628353674142030805e-02	-1.941468994420653682e-01	2.096755947296677913e-01	-1.250322112630599947e-01	1.224154964994345618e-01	-1.873988920731317342e-01
-5.652501591998480152e-02	8.587052910920196791e-02	-6.543189927703882414e-02	5.769362067966625485e-02	-8.260499688543462837e-02	1.107770324300491604e-01	-9.902534080510462522e-02	9.104914795978896747e-02	-8.225682640681393487e-02	6.949165064904641587e-02	-8.533273535494868833e-02	7.667182702705130359e-02	-8.645294620569680955e-02	8.097344850750477774e-02	-7.919408636159826209e-02	8.643354101294535574e-02	-1.421940281156174324e-01	1.001914841370195458e-01	-1.159844306065294928e-01	1.187041656324713673e-01	-1.593281569646535223e-01	1.448016880255109662e-01	-3.200608105016429228e-01	2.148389260164076942e-01	-2.084774198873463047e-01	2.047147785151118005e-01	-2.180627440977860043e-01	1.000000000000001998e+00	-7.911358101867846937e-01	1.685877972265412417e-01	-1.497319273125117811e-01	1.895160959802766887e-01	-2.723621671960155810e-01	1.580797084798257757e-01	-1.275904566881301549e-01	1.626144195154547167e-01	-2.020198141184305629e-01	1.657237504605602596e-01	-1.739290725756969525e-01	2.309670742186089587e-01
5.860675643607985569e-02	-8.984986056361494999e-02	6.675630989328125431e-02	-5.931429853302627037e-02	8.374606117514228620e-02	-1.155527498355263943e-01	9.906434522726488556e-02	-9.307348213462222908e-02	8.363504723990387857e-02	-7.150134514979795963e-02	8.284220461801272695e-02	-7.732773883727303565e-02	8.660678417103037652e-02	-8.422084799687643009e-02	8.157931825069703047e-02	-8.450175412662608299e-02	1.353006384348677815e-01	-1.001625150662204949e-01	1.172427131850912602e-01	-1.269230834765273097e-01	1.427798724613322523e-01	-1.322353609660883167e-01	2.572803491129387887e-01	-3.171291649669518709e-01	2.160849708648106549e-01	-2.137461301220614229e-01	1.706506138112748316e-01	-7.911358101867846937e-01	9.999999999999995559e-01	-2.052225215609956577e-01	1.416273000937912363e-01	-1.831890903148291339e-01	1.958434625745548163e-01	-1.762979494681843617e-01	1.411689078072299597e-01	-1.645645095181415829e-01	1.745409973885867772e-01	-1.499320493768913631e-01	1.694280178840761319e-01	-2.689043934095124433e-01
-5.275152636620032698e-02	7.938388039901674020e-02	-6.557566021601586581e-02	5.686231346329864711e-02	-8.510184616387422851e-02	1.015324411572765678e-01	-1.018128265738418997e-01	8.856409277185807449e-02	-8.312784268441969493e-02	6.903714082690229348e-02	-7.933248284448424226e-02	7.499685114064501279e-02	-8.542239509765627015e-02	7.892178241850314468e-02	-7.899831287154106263e-02	7.785166484239326723e-02	-1.327458812289587786e-01	9.403734203553769377e-02	-1.139008115579859537e-01	1.152851598621826290e-01	-1.340953332729983849e-01	1.132580325084805439e-01	-2.656083011358946200e-01	1.721754787177802726e-01	-2.371637079357020450e-01	1.549528212749893274e-01	-1.162707745499615974e-01	1.685877972265412417e-01	-2.052225215609956577e-01	1.000000000000000888e+00	-1.225214754290998298e-01	1.296667798909218738e-01	-2.037307510863818061e-01	2.880333222422855055e-01	-7.386834755742885950e-01	1.374736463823725829e-01	-1.857013575230840874e-01	1.516259973224806101e-01	-3.475901260362211365e-01	2.831108843697360822e-01
5.141483123283609180e-02	-7.783546292138841804e-02	5.763842217491529224e-02	-5.057588559661991418e-02	7.139600689441462367e-02	-1.011717802057861132e-01	8.868338360200837822e-02	-7.941783269058373673e-02	7.005876626232318549e-02	-5.897413010988122178e-02	8.080804550963180399e-02	-6.834444417451983333e-02	7.587363925181313251e-02	-6.588303587272671680e-02	6.241394789892591027e-02	-8.239045581779286254e-02	1.292479132753337201e-01	-8.751422140935091742e-02	9.161050291687475311e-02	-8.911801264637304876e-02	1.586829997132415959e-01	-1.435792360327025896e-01	1.974521446486442455e-01	-1.023158209519609424e-01	1.068709350499911642e-01	-5.364856046740487105e-01	2.326868330731750867e-01	-1.497319273125117811e-01	1.416273000937912363e-01	-1.225214754290998298e-01	1.000000000000000222e+00	-3.442885180264402267e-01	1.746793713309388596e-01	-1.179828894527763933e-01	9.193345351011053546e-02	-6.669777535122654033e-01	2.681148720432245391e-01	-1.455738911229090549e-01	1.381293836445714185e-01	-1.986403625888107094e-01
-6.002047291014975250e-02	8.966402425116409836e-02	-6.747454652318941870e-02	5.908801364632967901e-02	-8.365978835055694340e-02	1.176045426288460372e-01	-1.057143208634221260e-01	9.516511568226967976e-02	-8.314738238581304008e-02	6.959586309387096048e-02	-1.066154693041177215e-01	8.306931415986477940e-02	-9.315511852760746669e-02	7.888260090577019212e-02	-7.449056356318994876e-02	1.089806227525912524e-01	-1.795305127062702677e-01	1.123436628279546878e-01	-1.127852689351555304e-01	1.070608280445948801e-01	-2.579090458262113250e-01	2.307303627971213078e-01	-2.474037181351163295e-01	1.219426403245739421e-01	-1.259290941748815174e-01	3.099592898311044342e-01	-7.063283409986607086e-01	1.895160959802766887e-01	-1.831890903148291339e-01	1.296667798909218738e-01	-3.442885180264402267e-01	9.999999999999995559e-01	-2.204763659229692918e-01	1.273694002446708884e-01	-9.830245907265967864e-02	2.360803706571690808e-01	-3.333052090185812943e-01	1.657118267218508634e-01	-1.507977670587611896e-01	2.020917002369996829e-01
4.789152271408017580e-02	-7.296587159047331073e-02	5.436781720009364882e-02	-4.779878745577900018e-02	6.785275825305547848e-02	-9.420358859150163022e-02	8.254365593737700291e-02	-7.429407078227792671e-02	6.649692077345208119e-02	-5.617240835406899641e-02	7.047525406530019687e-02	-6.304589367422225310e-02	7.018620371885686549e-02	-6.331132631828682855e-02	6.071865236975731300e-02	-7.134430357000527689e-02	1.131418053498257220e-01	-7.940497962061174309e-02	8.770017369852922684e-02	-8.824978781657753790e-02	1.264839417405122235e-01	-1.138646644919692752e-01	1.954987583176535371e-01	-1.202637444076167517e-01	1.234010543223509476e-01	-2.356595321788180208e-01	1.584624241568263203e-01	-2.723621671960155810e-01	1.958434625745548163e-01	-2.037307510863818061e-01	1.746793713309388596e-01	-2.204763659229692918e-01	9.999999999999987788e-01	-3.038608248978092452e-01	1.603720098141190598e-01	-2.631034259194987013e-01	3.003452385851602680e-01	-7.150201540698548630e-01	2.632480729791176755e-01	-2.605764401259992868e-01
-4.228896232904412467e-02	6.390473287709333428e-02	-5.085806935902928427e-02	4.425024503220192917e-02	-6.503531100740822524e-02	8.202270906802705541e-02	-7.859299064791577805e-02	6.871774441272521239e-02	-6.335327717991345864e-02	5.288005118176264396e-02	-6.312048924233867875e-02	5.838202315384075775e-02	-6.584448952266232225e-02	5.966278553766164727e-02	-5.848960486759614136e-02	6.248389977125406308e-02	-1.036819504007227000e-01	7.277460690222711803e-02	-8.454790350189388126e-02	8.413484265260913475e-02	-1.088338302196965313e-01	9.330142762480764240e-02	-1.977267620887382393e-01	1.182649985559017652e-01	-1.354308301074879095e-01	1.493298667640886035e-01	-1.076388326397491046e-01	1.580797084798257757e-01	-1.762979494681843617e-01	2.880333222422855055e-01	-1.179828894527763933e-01	1.273694002446708884e-01	-3.038608248978092452e-01	9.999999999999993339e-01	-4.787521725314093923e-01	1.459525159047925791e-01	-2.037630523416347206e-01	2.157299935958487958e-01	-7.005690680119428526e-01	2.613943977726170265e-01
3.833892963641423457e-02	-5.785031499988852605e-02	4.701414368484711781e-02	-4.085338922485516611e-02	6.062791646126555745e-02	-7.404363595417820521e-02	7.275659346413582140e-02	-6.351119656231263289e-02	5.914137306590062232e-02	-4.931789805995565740e-02	5.700330255566328497e-02	-5.375909237197597917e-02	6.091583397768037672e-02	-5.617703625444969012e-02	5.550446389536305841e-02	-5.612102692951638494e-02	9.447438006820867151e-02	-6.706889538709810694e-02	7.979622185462088846e-02	-8.147770415202675032e-02	9.608731001642538405e-02	-8.162156850439195033e-02	1.842062414184611752e-01	-1.222965960745253794e-01	1.434718456990706770e-01	-1.183592442307244419e-01	8.628353674142030805e-02	-1.275904566881301549e-01	1.411689078072299597e-01	-7.386834755742885950e-01	9.193345351011053546e-02	-9.830245907265967864e-02	1.603720098141190598e-01	-4.787521725314093923e-01	9.999999999999995559e-01	-1.071673994979295136e-01	1.386839347763205721e-01	-1.245844890051978765e-01	2.770457186335887889e-01	-3.472880669292428557e-01
-5.240152343854229122e-02	7.889122991492743264e-02	-6.094510395860040092e-02	5.308030042056503806e-02	-7.666902005611478388e-02	1.021147449183792688e-01	-9.504368717217567819e-02	8.310829311862041879e-02	-7.481678081908200995e-02	6.246046702229483827e-02	-8.313466870570579426e-02	7.162078427365076161e-02	-8.021165417543546505e-02	6.960976361075350838e-02	-6.678448559034913523e-02	8.281207806166301921e-02	-1.344746576203265653e-01	9.044446037072398359e-02	-9.828570776933744091e-02	9.435119241194299400e-02	-1.576585378394368409e-01	1.343486766266699939e-01	-2.257655163866516546e-01	1.134096533320729933e-01	-1.212684524823718774e-01	2.888760915378502103e-01	-1.941468994420653682e-01	1.626144195154547167e-01	-1.645645095181415829e-01	1.374736463823725829e-01	-6.669777535122654033e-01	2.360803706571690808e-01	-2.631034259194987013e-01	1.459525159047925791e-01	-1.071673994979295136e-01	9.999999999999996669e-01	-5.121586611182968873e-01	2.089462725850951275e-01	-1.862255560779345898e-01	2.056090451668863006e-01
5.697807722561150368e-02	-8.680232274806522208e-02	6.380967433470771666e-02	-5.612774884567208605e-02	7.909236848472486758e-02	-1.123512945614222602e-01	9.699356577093798393e-02	-8.727647562795838587e-02	7.742613692631325484e-02	-6.544034399261022816e-02	8.478544385048530918e-02	-7.439569819693944708e-02	8.248903195833667823e-02	-7.320807577396533372e-02	6.963261285395111466e-02	-8.623650003559783783e-02	1.350750083629957965e-01	-9.378292003803886945e-02	1.008483053860164125e-01	-1.002601779538004750e-01	1.558690945945321316e-01	-1.415726304624679854e-01	2.174563633081754710e-01	-1.236212628679145970e-01	1.280340041544336671e-01	-3.303854790361180349e-01	2.096755947296677913e-01	-2.020198141184305629e-01	1.745409973885867772e-01	-1.857013575230840874e-01	2.681148720432245391e-01	-3.333052090185812943e-01	3.003452385851602680e-01	-2.037630523416347206e-01	1.386839347763205721e-01	-5.121586611182968873e-01	1.000000000000000000e+00	-5.104215669157171620e-01	2.212886167600204568e-01	-2.823083378524374187e-01
-3.646172529662287248e-02	5.538542250277093959e-02	-4.177805238264864496e-02	3.664109685439270736e-02	-5.233496456407552011e-02	7.151732320025017131e-02	-6.383468688643609279e-02	5.707220856052351576e-02	-5.126292059709124105e-02	4.316524997229827243e-02	-5.462410135281262069e-02	4.857116366337713154e-02	-5.422024611617397294e-02	4.861962872694503002e-02	-4.675095803651716647e-02	5.504889015295373611e-02	-8.819107587388497205e-02	6.129409883266791204e-02	-6.782345790091587334e-02	6.760636239733570918e-02	-9.950416203389694791e-02	8.821215154954203941e-02	-1.535817719381275814e-01	9.080311922018036164e-02	-9.521965798380008228e-02	1.742993643279124316e-01	-1.250322112630599947e-01	1.657237504605602596e-01	-1.499320493768913631e-01	1.516259973224806101e-01	-1.455738911229090549e-01	1.657118267218508634e-01	-7.150201540698548630e-01	2.157299935958487958e-01	-1.245844890051978765e-01	2.089462725850951275e-01	-5.104215669157171620e-01	9.999999999999997780e-01	-3.244743944806865454e-01	1.946526208529705815e-01
4.769530989205734983e-02	-7.245911923263781418e-02	5.601894169601673301e-02	-4.896816300625685819e-02	7.094145882556285310e-02	-9.309436927646116966e-02	8.570826317465932154e-02	-7.578817726108608155e-02	6.915585970272390692e-02	-5.808115349238518466e-02	6.948668869788329761e-02	-6.418915940008963761e-02	7.194104608932100353e-02	-6.544527901073249332e-02	6.353479629289487951e-02	-6.926600074145178310e-02	1.126265555738017038e-01	-7.970445487970173604e-02	9.126646300402194156e-02	-9.211132616556118313e-02	1.187245242500470366e-01	-1.030598679650233385e-01	2.053773906861855458e-01	-1.276714412839169976e-01	1.392140087691015882e-01	-1.843506840022763049e-01	1.224154964994345618e-01	-1.739290725756969525e-01	1.694280178840761319e-01	-3.475901260362211365e-01	1.381293836445714185e-01	-1.507977670587611896e-01	2.632480729791176755e-01	-7.005690680119428526e-01	2.770457186335887889e-01	-1.862255560779345898e-01	2.212886167600204568e-01	-3.244743944806865454e-01	9.999999999999997780e-01	-3.754714276507082893e-01
