1.000000000000000222e+00	-4.635703124699486755e-01	2.546938970766974286e-01	-1.892873131928099473e-01	1.385218149528263387e-01	-4.383843804039040948e-01	2.818118295293120523e-01	-2.278969576786557538e-01	2.156812418190755809e-01	-2.139840194084397240e-01	2.594048750517373714e-01	-3.010465710701324960e-01	2.450166945097388971e-01	-1.915336967767679588e-01	2.030230741660753457e-01	-2.046590436735347684e-01	2.095861604949415535e-01	-2.320544113865760927e-01	1.820697072768341918e-01	-1.775606054206467221e-01	2.074423082565642895e-01	-2.033684651645140951e-01	1.729758069203362891e-01	-1.840526412640680898e-01	1.418135737420106735e-01	-2.562474736832491828e-01	2.405488308664184838e-01	-1.814276331382849716e-01	1.785955097639070621e-01	-1.262421396061599033e-01	1.658517256837744036e-01	-2.255253001236161570e-01	1.945345537754031295e-01	-2.056849233424650480e-01	1.570607776711929471e-01	-3.398350339253469188e-01	1.815018877432607591e-01	-2.579329444309123032e-01	1.116208931774451268e-01	-1.214612924064093630e-01
-4.635703124699486755e-01	1.000000000000000444e+00	-5.224213966514166252e-01	1.851164809649779308e-01	-1.373428899619064114e-01	2.399394746714838267e-01	-5.439117748915661688e-01	2.605911425610223375e-01	-2.279437696300276317e-01	1.764545467339780627e-01	-1.920283825254142651e-01	2.765766759631994032e-01	-2.626426084160513041e-01	1.567087526933246266e-01	-1.734877761700792109e-01	1.292998557928727310e-01	-1.613202729095018217e-01	1.593892086332607261e-01	-1.268389122561992544e-01	1.138931751220933486e-01	-1.395861977658626185e-01	1.388009614657177149e-01	-1.139927106160603526e-01	1.168418362566042701e-01	-9.202844511622487733e-02	1.396723829328971600e-01	-1.601654160058857135e-01	1.125043381280185356e-01	-1.124248199361403966e-01	7.771159328814709888e-02	-9.219454976720707629e-02	1.228892490832311779e-01	-1.125654925123306255e-01	1.183178820298349948e-01	-9.817447798364260791e-02	1.660758634078425000e-01	-9.466654277866565215e-02	1.318808212624656417e-01	-6.394968385132784872e-02	6.859219278181608037e-02
2.546938970766974286e-01	-5.224213966514166252e-01	1.000000000000000444e+00	-3.586786897333260615e-01	1.944548768622833823e-01	-2.009593021228340826e-01	2.609859647851157094e-01	-5.513779906087266092e-01	2.891518440636284826e-01	-2.612208825184012539e-01	1.569389679639322521e-01	-2.620111615953520379e-01	2.678592176630248400e-01	-1.781479308707599463e-01	1.774288085437129292e-01	-1.173523545197812934e-01	1.481239322002937120e-01	-1.661036032790925154e-01	1.284889021213936333e-01	-1.177038169933184164e-01	1.245045017420009920e-01	-1.349780254883230224e-01	1.127464683946298313e-01	-1.185836746073945513e-01	9.241776344116719999e-02	-1.369631079036365828e-01	1.518566407603083868e-01	-1.124278762249965452e-01	1.116652807841642392e-01	-7.877357496114184565e-02	9.042390361563892864e-02	-1.221283899902075448e-01	1.118487011892282113e-01	-1.192480417840367374e-01	9.780528266578006336e-02	-1.686981018169299018e-01	9.518407778881012027e-02	-1.337322592314085234e-01	6.421303640327212514e-02	-6.928188540503735227e-02
-1.892873131928099473e-01	1.851164809649779308e-01	-3.586786897333260615e-01	1.000000000000000444e+00	-6.510076486187642564e-01	1.274825969337754217e-01	-1.564007056571599663e-01	2.363028453776814808e-01	-5.041211706162959105e-01	3.249571447712538141e-01	-1.096098738282316604e-01	1.551266789029808468e-01	-1.981632029149403840e-01	1.419767883279038911e-01	-1.663379190441620359e-01	8.109940339537795306e-02	-1.042801640886970582e-01	1.167884954628171518e-01	-9.676050523171900175e-02	8.741523430773426306e-02	-8.939316756664697494e-02	9.416538763228674003e-02	-8.208998670184398938e-02	8.626123511641214936e-02	-6.982798580199341132e-02	9.554126296565473853e-02	-1.127385094440195440e-01	8.097007710591037910e-02	-8.221347628949718378e-02	5.821517884925352104e-02	-6.384101967855403126e-02	8.577572189851534468e-02	-8.046752349059173304e-02	8.550891862388815268e-02	-7.334468954139834740e-02	1.162264457426483572e-01	-6.691166408191952242e-02	9.320393596513053269e-02	-4.645373552719032906e-02	4.979511997494398545e-02
1.385218149528263387e-01	-1.373428899619064114e-01	1.944548768622833823e-01	-6.510076486187642564e-01	1.000000000000000222e+00	-9.888631576790729572e-02	1.124162766803503827e-01	-1.659782491289661377e-01	2.790991121893946492e-01	-6.584367734513968395e-01	8.406881561923264246e-02	-1.196517305347634536e-01	1.429974223994508187e-01	-1.207057468026531966e-01	1.407238347652760013e-01	-6.378598182706823883e-02	8.148363495805456547e-02	-9.349814726379070129e-02	7.784866587245160841e-02	-7.176029256718569060e-02	6.999906824007080808e-02	-7.485668156814269392e-02	6.564912598639091601e-02	-6.990920490146548816e-02	5.645057401211158593e-02	-7.726154429731876827e-02	8.931448703331242023e-02	-6.526933558640704569e-02	6.616182132675861582e-02	-4.736677750391086322e-02	5.159781771809598960e-02	-6.963352271036218899e-02	6.509533930500042975e-02	-6.955936165928193471e-02	5.919024088536083833e-02	-9.557029918246005840e-02	5.464730744949031216e-02	-7.640229175572724185e-02	3.774463776410239002e-02	-4.058207710478994867e-02
-4.383843804039040948e-01	2.399394746714838267e-01	-2.009593021228340826e-01	1.274825969337754217e-01	-9.888631576790729572e-02	1.000000000000000666e+00	-3.761691975368401386e-01	1.736201131290826261e-01	-1.716899881523852311e-01	1.395413208899339563e-01	-6.487724742442805281e-01	2.646186495424511231e-01	-2.149871114779685344e-01	1.435670709127168654e-01	-1.635607528758639961e-01	2.455229837256498182e-01	-1.905090536008401392e-01	1.705286653145330900e-01	-1.366161481142409706e-01	1.225541838014427010e-01	-2.702742043328404953e-01	1.659962096641312834e-01	-1.301150326580311489e-01	1.299636129463726253e-01	-1.019626175708329557e-01	1.803069009726182281e-01	-1.966176417803107701e-01	1.289380994202787567e-01	-1.285542844208304725e-01	8.617081139568114057e-02	-1.176278290681836564e-01	1.476944690821594131e-01	-1.320257914844478742e-01	1.343619996383169923e-01	-1.109968008440660042e-01	1.840371375082954508e-01	-1.078952091279403724e-01	1.471895061273806316e-01	-7.247510054404061874e-02	7.704543119350074076e-02
2.818118295293120523e-01	-5.439117748915661688e-01	2.609859647851157094e-01	-1.564007056571599663e-01	1.124162766803503827e-01	-3.761691975368401386e-01	1.000000000000000444e+00	-2.771611772328408940e-01	1.938674092031794638e-01	-1.618240815837501401e-01	2.270543933552330584e-01	-5.777772079550878015e-01	2.555041382266740602e-01	-1.569687016777834010e-01	1.622389853379798963e-01	-1.484377639974630847e-01	1.869800934023179984e-01	-1.718259706237168782e-01	1.296437784422892203e-01	-1.158816131795555732e-01	1.515178825878226720e-01	-1.602298858243232926e-01	1.191272628071944062e-01	-1.208835916663046350e-01	9.271795127536207326e-02	-1.451380488572912020e-01	1.649846105371903515e-01	-1.169617153330163584e-01	1.147370548921290978e-01	-7.851149430506300375e-02	9.476966572108186382e-02	-1.260577914850866954e-01	1.145754784256082237e-01	-1.204135903586690537e-01	9.856909075534855957e-02	-1.650586924097298402e-01	9.479684992621255357e-02	-1.319801106673273994e-01	6.446785784529007746e-02	-6.917345544747803554e-02
-2.278969576786557538e-01	2.605911425610223375e-01	-5.513779906087266092e-01	2.363028453776814808e-01	-1.659782491289661377e-01	1.736201131290826261e-01	-2.771611772328408940e-01	1.000000000000000666e+00	-4.861988621928955978e-01	2.245064719712294432e-01	-1.467231928597931279e-01	2.441877450721649800e-01	-4.968278958635120590e-01	1.959790940806908632e-01	-1.959324727231906982e-01	1.065775204589561320e-01	-1.436241508429151326e-01	1.633352243207490118e-01	-1.288930195188165706e-01	1.119809092528952776e-01	-1.152585150833306260e-01	1.256209509191986706e-01	-1.077596555610410567e-01	1.118298667488299425e-01	-8.837840521079289025e-02	1.214680598460743666e-01	-1.429180738020917329e-01	1.044652524408592742e-01	-1.049920584099214155e-01	7.355071358770427781e-02	-8.082817047067826499e-02	1.086920605717445615e-01	-1.018884794660198101e-01	1.084092271392523427e-01	-9.188788615569354334e-02	1.458265474626870839e-01	-8.397558396475204856e-02	1.172729826667379821e-01	-5.845317144916607754e-02	6.273724200134742079e-02
2.156812418190755809e-01	-2.279437696300276317e-01	2.891518440636284826e-01	-5.041211706162959105e-01	2.790991121893946492e-01	-1.716899881523852311e-01	1.938674092031794638e-01	-4.861988621928955978e-01	1.000000000000000888e+00	-4.935596948331854028e-01	1.414442614855660196e-01	-2.180600581806136362e-01	2.571542230470747481e-01	-2.146726915659462331e-01	2.050297699757656633e-01	-1.095129918758613041e-01	1.400167699154918899e-01	-1.658379788315227643e-01	1.328290908342126542e-01	-1.223745649792262885e-01	1.181410250128706041e-01	-1.298393889191048201e-01	1.126294126402115209e-01	-1.205166060840963255e-01	9.508431024259060560e-02	-1.341237809957331883e-01	1.502271421895579329e-01	-1.125427412072869809e-01	1.127643261548092468e-01	-8.071615633199857864e-02	8.914565002306193420e-02	-1.208644604274911744e-01	1.118853185650622306e-01	-1.200638192825446565e-01	9.982761684351552922e-02	-1.676786772702866524e-01	9.492404030080875410e-02	-1.334374199905881964e-01	6.478799259649259401e-02	-6.993573392693355761e-02
-2.139840194084397240e-01	1.764545467339780627e-01	-2.612208825184012539e-01	3.249571447712538141e-01	-6.584367734513968395e-01	1.395413208899339563e-01	-1.618240815837501401e-01	2.245064719712294432e-01	-4.935596948331854028e-01	9.999999999999997780e-01	-1.237340332946512411e-01	1.662908471384716980e-01	-2.212944982207204203e-01	1.817024550149388407e-01	-2.552936105923215293e-01	9.193327070008555646e-02	-1.191760351807413937e-01	1.347597937604732565e-01	-1.160857969716860144e-01	1.051674913799075101e-01	-1.027903590516383858e-01	1.078756099148573538e-01	-9.599697578629927397e-02	1.014428114079621579e-01	-8.404821274081897275e-02	1.092537483069772886e-01	-1.324225021098835997e-01	9.432933584058171561e-02	-9.690893582079868063e-02	6.919720904539192197e-02	-7.343774658413297629e-02	9.854788618643837983e-02	-9.365884840684479684e-02	9.957526636604088766e-02	-8.759481272245242534e-02	1.323494766599590255e-01	-7.699028344592165340e-02	1.068283910176127671e-01	-5.436160874058540426e-02	5.810663573966476370e-02
2.594048750517373714e-01	-1.920283825254142651e-01	1.569389679639322521e-01	-1.096098738282316604e-01	8.406881561923264246e-02	-6.487724742442805281e-01	2.270543933552330584e-01	-1.467231928597931279e-01	1.414442614855660196e-01	-1.237340332946512411e-01	9.999999999999998890e-01	-2.944955896777358695e-01	1.846141648647993960e-01	-1.325374488413716412e-01	1.439881652881426777e-01	-4.874853656610655950e-01	1.922333253805279252e-01	-1.744388986657938456e-01	1.329592917906826932e-01	-1.222330453434099240e-01	2.762526971829862288e-01	-1.779218113888148267e-01	1.302366854554578013e-01	-1.315660863938689085e-01	9.978153597245291440e-02	-2.115531685096204151e-01	1.896494344174249058e-01	-1.318427898403596310e-01	1.281108228963519224e-01	-8.611539896456317511e-02	1.277818541396896490e-01	-1.641559113441259932e-01	1.363556058904915325e-01	-1.393520753525563372e-01	1.092792510232414027e-01	-1.977189787422793665e-01	1.134663735515861888e-01	-1.561370416402988459e-01	7.405023201374524855e-02	-7.924918430320310181e-02
-3.010465710701324960e-01	2.765766759631994032e-01	-2.620111615953520379e-01	1.551266789029808468e-01	-1.196517305347634536e-01	2.646186495424511231e-01	-5.777772079550878015e-01	2.441877450721649800e-01	-2.180600581806136362e-01	1.662908471384716980e-01	-2.944955896777358695e-01	9.999999999999977796e-01	-4.468326114217850975e-01	1.980548838514852028e-01	-2.158811353389496479e-01	1.769626899704337952e-01	-3.359055306392219609e-01	2.195354687644809066e-01	-1.676486650261549693e-01	1.412026688669390795e-01	-1.883051383129959455e-01	2.109171244420133817e-01	-1.533131099246227702e-01	1.487768434283127938e-01	-1.148956044500083762e-01	1.663813115244316965e-01	-2.169938653810191409e-01	1.440286847091774847e-01	-1.421207756799341970e-01	9.478960338875740133e-02	-1.101631018867789136e-01	1.451557139190417234e-01	-1.364530592917816976e-01	1.421609413603864558e-01	-1.203865739380201860e-01	1.815443637754704520e-01	-1.075580524026970436e-01	1.482885469519327759e-01	-7.606718630428355166e-02	8.096728948996567699e-02
2.450166945097388971e-01	-2.626426084160513041e-01	2.678592176630248400e-01	-1.981632029149403840e-01	1.429974223994508187e-01	-2.149871114779685344e-01	2.555041382266740602e-01	-4.968278958635120590e-01	2.571542230470747481e-01	-2.212944982207204203e-01	1.846141648647993960e-01	-4.468326114217850975e-01	9.999999999999988898e-01	-4.156326008178741760e-01	2.702720629324312229e-01	-1.438058321671141504e-01	2.082590039513845248e-01	-2.907288373362473810e-01	1.971460401994824529e-01	-1.679577332226150077e-01	1.517763475297470577e-01	-1.843580251202790732e-01	1.581487100536376478e-01	-1.663438796874624759e-01	1.271160590290864589e-01	-1.677429743800214756e-01	1.963313636395288553e-01	-1.517265332102560316e-01	1.500752797060301569e-01	-1.058364519524039871e-01	1.115825882886696679e-01	-1.514736385687488196e-01	1.431044529841140334e-01	-1.541215652984897488e-01	1.294965508784212127e-01	-2.022896290128326502e-01	1.165918361527187030e-01	-1.639062328365964438e-01	8.228123554046752608e-02	-8.865552702664397655e-02
-1.915336967767679588e-01	1.567087526933246266e-01	-1.781479308707599463e-01	1.419767883279038911e-01	-1.207057468026531966e-01	1.435670709127168654e-01	-1.569687016777834010e-01	1.959790940806908632e-01	-2.146726915659462331e-01	1.817024550149388407e-01	-1.325374488413716412e-01	1.980548838514852028e-01	-4.156326008178741760e-01	9.999999999999966693e-01	-7.686586915430309030e-01	1.047640034934914227e-01	-1.547542231988061900e-01	2.061999750040072743e-01	-2.597924388350209002e-01	1.784500118302484173e-01	-1.167518419755593784e-01	1.384215054443061199e-01	-1.365307835534921299e-01	1.560906633309490921e-01	-1.318714299627836706e-01	1.304549693237871122e-01	-1.644721365470364072e-01	1.281026334211888551e-01	-1.376177123602260743e-01	1.013831581855458852e-01	-8.891012908820344895e-02	1.208034536856164992e-01	-1.207962877225248616e-01	1.321842238696918359e-01	-1.240476263702798010e-01	1.575129231699902432e-01	-9.391918239765582876e-02	1.310165688005670015e-01	-7.179644903747910145e-02	7.674461631354131952e-02
2.030230741660753457e-01	-1.734877761700792109e-01	1.774288085437129292e-01	-1.663379190441620359e-01	1.407238347652760013e-01	-1.635607528758639961e-01	1.622389853379798963e-01	-1.959324727231906982e-01	2.050297699757656633e-01	-2.552936105923215293e-01	1.439881652881426777e-01	-2.158811353389496479e-01	2.702720629324312229e-01	-7.686586915430309030e-01	9.999999999999974465e-01	-1.193423206745498344e-01	1.644829132686261020e-01	-2.262130078192153004e-01	2.173225845248822341e-01	-2.244234453916132965e-01	1.307254687646341729e-01	-1.565515107770266701e-01	1.487234137479186702e-01	-1.752360170033762377e-01	1.461432048860703548e-01	-1.588254652181750604e-01	1.813728804943426642e-01	-1.472334788903615632e-01	1.517027272686351791e-01	-1.201189813658019162e-01	1.072808418634396410e-01	-1.474521772852580015e-01	1.421121830108702799e-01	-1.585685764950774124e-01	1.396094232150404957e-01	-2.027891059754788894e-01	1.166821982009263181e-01	-1.654690946934551099e-01	8.533997444008749322e-02	-9.282697225338157332e-02
-2.046590436735347684e-01	1.292998557928727310e-01	-1.173523545197812934e-01	8.109940339537795306e-02	-6.378598182706823883e-02	2.455229837256498182e-01	-1.484377639974630847e-01	1.065775204589561320e-01	-1.095129918758613041e-01	9.193327070008555646e-02	-4.874853656610655950e-01	1.769626899704337952e-01	-1.438058321671141504e-01	1.047640034934914227e-01	-1.193423206745498344e-01	9.999999999999946709e-01	-2.382565164208386710e-01	1.558581167964834258e-01	-1.193210200432390233e-01	1.042883818185214861e-01	-7.314177936381279777e-01	1.861696650837437461e-01	-1.229492091705012558e-01	1.164444606670717308e-01	-8.802719543475054365e-02	2.082543759262814875e-01	-1.928197984617389948e-01	1.196127451777275058e-01	-1.160940416257189439e-01	7.422727149492211463e-02	-1.307746127681307935e-01	1.448207319218017264e-01	-1.231481512646024623e-01	1.197288786544096900e-01	-9.655928487109442793e-02	1.541711743278156577e-01	-9.467477377285921092e-02	1.253630204691090211e-01	-6.342683351297319361e-02	6.675233671250214995e-02
2.095861604949415535e-01	-1.613202729095018217e-01	1.481239322002937120e-01	-1.042801640886970582e-01	8.148363495805456547e-02	-1.905090536008401392e-01	1.869800934023179984e-01	-1.436241508429151326e-01	1.400167699154918899e-01	-1.191760351807413937e-01	1.922333253805279252e-01	-3.359055306392219609e-01	2.082590039513845248e-01	-1.547542231988061900e-01	1.644829132686261020e-01	-2.382565164208386710e-01	1.000000000000001110e+00	-4.296312806072988266e-01	2.146182764742059212e-01	-1.727261642168662070e-01	2.101578425559927354e-01	-6.574524349445116655e-01	2.296772063957708554e-01	-2.040863548831463037e-01	1.357139912206913879e-01	-1.963229789037514716e-01	2.856747426209643725e-01	-2.048990790825404307e-01	1.794554474409744416e-01	-1.121238033415015156e-01	1.277181914893145975e-01	-1.730294054007548155e-01	1.645774355666868860e-01	-1.734402645824953682e-01	1.389756910835694692e-01	-1.941186958004330609e-01	1.191579487058811726e-01	-1.653695225029469806e-01	8.856358280279616468e-02	-9.443025664016713172e-02
-2.320544113865760927e-01	1.593892086332607261e-01	-1.661036032790925154e-01	1.167884954628171518e-01	-9.349814726379070129e-02	1.705286653145330900e-01	-1.718259706237168782e-01	1.633352243207490118e-01	-1.658379788315227643e-01	1.347597937604732565e-01	-1.744388986657938456e-01	2.195354687644809066e-01	-2.907288373362473810e-01	2.061999750040072743e-01	-2.262130078192153004e-01	1.558581167964834258e-01	-4.296312806072988266e-01	9.999999999999966693e-01	-5.420411378931423441e-01	2.485882725233972967e-01	-1.771643202795269989e-01	2.690601302809325635e-01	-3.702727756808721349e-01	2.758420269710690209e-01	-2.098128973923435725e-01	1.821755978683188282e-01	-3.002803841647923022e-01	2.410734144021207115e-01	-2.489040408071891697e-01	1.510720389012256415e-01	-1.280754166067449851e-01	1.727724334219622182e-01	-1.945684481248680930e-01	2.016802915404416197e-01	-1.949718332462802850e-01	1.967243196204499500e-01	-1.281857701569216468e-01	1.748962534678879799e-01	-1.073251058705867178e-01	1.116545398558584645e-01
1.820697072768341918e-01	-1.268389122561992544e-01	1.284889021213936333e-01	-9.676050523171900175e-02	7.784866587245160841e-02	-1.366161481142409706e-01	1.296437784422892203e-01	-1.288930195188165706e-01	1.328290908342126542e-01	-1.160857969716860144e-01	1.329592917906826932e-01	-1.676486650261549693e-01	1.971460401994824529e-01	-2.597924388350209002e-01	2.173225845248822341e-01	-1.193210200432390233e-01	2.146182764742059212e-01	-5.420411378931423441e-01	9.999999999999977796e-01	-5.007822963418833151e-01	1.344401319402211969e-01	-2.007871036299467005e-01	2.440506980170377427e-01	-4.281503789141655747e-01	2.417730719609450796e-01	-1.583864959412332463e-01	2.186681553462099248e-01	-2.132350106432370218e-01	2.377852707812933286e-01	-1.774581733115596638e-01	1.113559753861075585e-01	-1.549362753361482326e-01	1.721447832207606277e-01	-2.021890111041030891e-01	1.938515777153532182e-01	-1.820234776969965607e-01	1.165969331414172250e-01	-1.639240667156204867e-01	1.040482854589853123e-01	-1.117712856837323188e-01
-1.775606054206467221e-01	1.138931751220933486e-01	-1.177038169933184164e-01	8.741523430773426306e-02	-7.176029256718569060e-02	1.225541838014427010e-01	-1.158816131795555732e-01	1.119809092528952776e-01	-1.223745649792262885e-01	1.051674913799075101e-01	-1.222330453434099240e-01	1.412026688669390795e-01	-1.679577332226150077e-01	1.784500118302484173e-01	-2.244234453916132965e-01	1.042883818185214861e-01	-1.727261642168662070e-01	2.485882725233972967e-01	-5.007822963418833151e-01	9.999999999999961142e-01	-1.221979631544240219e-01	1.568309954035706499e-01	-1.889181163014192477e-01	2.376150137603463552e-01	-6.174008113448318236e-01	1.414955617536735599e-01	-2.055082732539456614e-01	1.701990312655958792e-01	-2.117837595357678071e-01	2.598900125274588579e-01	-1.018791022297126092e-01	1.395069391295379879e-01	-1.622413174351958198e-01	1.889059920161447192e-01	-3.157436693972923702e-01	1.650025404775775917e-01	-1.101710156575370081e-01	1.515719211479538142e-01	-1.186101152147355231e-01	1.232993855934989558e-01
2.074423082565642895e-01	-1.395861977658626185e-01	1.245045017420009920e-01	-8.939316756664697494e-02	6.999906824007080808e-02	-2.702742043328404953e-01	1.515178825878226720e-01	-1.152585150833306260e-01	1.181410250128706041e-01	-1.027903590516383858e-01	2.762526971829862288e-01	-1.883051383129959455e-01	1.517763475297470577e-01	-1.167518419755593784e-01	1.307254687646341729e-01	-7.314177936381279777e-01	2.101578425559927354e-01	-1.771643202795269989e-01	1.344401319402211969e-01	-1.221979631544240219e-01	9.999999999999924505e-01	-2.342877249231992698e-01	1.419439040110611894e-01	-1.378789425311792438e-01	1.020480401949064309e-01	-3.633222860670800580e-01	2.174751562007496974e-01	-1.437392607568035441e-01	1.366011365437921621e-01	-8.798274400273781159e-02	1.770715646527316334e-01	-2.038386154163446262e-01	1.527668905976049263e-01	-1.485459402377761751e-01	1.134867379375516100e-01	-1.996304482467969876e-01	1.195853416874828878e-01	-1.590897947226068421e-01	7.741189467827702675e-02	-8.189268087066096935e-02
-2.033684651645140951e-01	1.388009614657177149e-01	-1.349780254883230224e-01	9.416538763228674003e-02	-7.485668156814269392e-02	1.659962096641312834e-01	-1.602298858243232926e-01	1.256209509191986706e-01	-1.298393889191048201e-01	1.078756099148573538e-01	-1.779218113888148267e-01	2.109171244420133817e-01	-1.843580251202790732e-01	1.384215054443061199e-01	-1.565515107770266701e-01	1.861696650837437461e-01	-6.574524349445116655e-01	2.690601302809325635e-01	-2.007871036299467005e-01	1.568309954035706499e-01	-2.342877249231992698e-01	9.999999999999958922e-01	-3.192153953464003657e-01	2.038408208456932713e-01	-1.337274745346612448e-01	1.950238181990954778e-01	-5.002575436978746737e-01	2.265023266452811102e-01	-1.940806827565326187e-01	1.086845228626014542e-01	-1.306870380793240249e-01	1.734066925435132633e-01	-1.730796630592291996e-01	1.731038988839972426e-01	-1.397268481074392388e-01	1.838961863401673003e-01	-1.170252112009554923e-01	1.597661788474841194e-01	-8.830667622946117290e-02	9.265460585656506987e-02
1.729758069203362891e-01	-1.139927106160603526e-01	1.127464683946298313e-01	-8.208998670184398938e-02	6.564912598639091601e-02	-1.301150326580311489e-01	1.191272628071944062e-01	-1.077596555610410567e-01	1.126294126402115209e-01	-9.599697578629927397e-02	1.302366854554578013e-01	-1.533131099246227702e-01	1.581487100536376478e-01	-1.365307835534921299e-01	1.487234137479186702e-01	-1.229492091705012558e-01	2.296772063957708554e-01	-3.702727756808721349e-01	2.440506980170377427e-01	-1.889181163014192477e-01	1.419439040110611894e-01	-3.192153953464003657e-01	1.000000000000002665e+00	-4.792882420915886565e-01	1.586537055262571827e-01	-1.710955246356440640e-01	2.697030598422859859e-01	-6.187426910731210761e-01	2.961122482041552706e-01	-1.294628312326095154e-01	1.230258513219792404e-01	-1.767208028655331831e-01	2.219307562790223953e-01	-2.286261262388798732e-01	1.588438066650699476e-01	-1.819682296390913723e-01	1.227114794155839683e-01	-1.749959314213680450e-01	1.035595177300167452e-01	-1.083949876830482828e-01
-1.840526412640680898e-01	1.168418362566042701e-01	-1.185836746073945513e-01	8.626123511641214936e-02	-6.990920490146548816e-02	1.299636129463726253e-01	-1.208835916663046350e-01	1.118298667488299425e-01	-1.205166060840963255e-01	1.014428114079621579e-01	-1.315660863938689085e-01	1.487768434283127938e-01	-1.663438796874624759e-01	1.560906633309490921e-01	-1.752360170033762377e-01	1.164444606670717308e-01	-2.040863548831463037e-01	2.758420269710690209e-01	-4.281503789141655747e-01	2.376150137603463552e-01	-1.378789425311792438e-01	2.038408208456932713e-01	-4.792882420915886565e-01	1.000000000000001554e+00	-2.414006236381864845e-01	1.616775529078174067e-01	-2.562107369068531981e-01	2.965021310698051638e-01	-5.680348533384589338e-01	1.644290924001448051e-01	-1.196809671030601013e-01	1.655305457340296438e-01	-2.190578430762868678e-01	2.460731609453743751e-01	-2.046077320812241807e-01	1.783436587661170192e-01	-1.236534392349823985e-01	1.699149609792045268e-01	-1.179312764435087868e-01	1.196527985437468022e-01
1.418135737420106735e-01	-9.202844511622487733e-02	9.241776344116719999e-02	-6.982798580199341132e-02	5.645057401211158593e-02	-1.019626175708329557e-01	9.271795127536207326e-02	-8.837840521079289025e-02	9.508431024259060560e-02	-8.404821274081897275e-02	9.978153597245291440e-02	-1.148956044500083762e-01	1.271160590290864589e-01	-1.318714299627836706e-01	1.461432048860703548e-01	-8.802719543475054365e-02	1.357139912206913879e-01	-2.098128973923435725e-01	2.417730719609450796e-01	-6.174008113448318236e-01	1.020480401949064309e-01	-1.337274745346612448e-01	1.586537055262571827e-01	-2.414006236381864845e-01	1.000000000000002442e+00	-1.295483266073367834e-01	1.661435825734224603e-01	-1.544065560103322077e-01	1.824293528146203325e-01	-5.698363517567439640e-01	9.291431927521540124e-02	-1.307586348993537428e-01	1.480690541795261772e-01	-1.927262366973268581e-01	2.913352260432342522e-01	-1.590414566704699828e-01	1.033147333916080018e-01	-1.480584881138674036e-01	1.132369699456277773e-01	-1.293992644758226729e-01
-2.562474736832491828e-01	1.396723829328971600e-01	-1.369631079036365828e-01	9.554126296565473853e-02	-7.726154429731876827e-02	1.803069009726182281e-01	-1.451380488572912020e-01	1.214680598460743666e-01	-1.341237809957331883e-01	1.092537483069772886e-01	-2.115531685096204151e-01	1.663813115244316965e-01	-1.677429743800214756e-01	1.304549693237871122e-01	-1.588254652181750604e-01	2.082543759262814875e-01	-1.963229789037514716e-01	1.821755978683188282e-01	-1.583864959412332463e-01	1.414955617536735599e-01	-3.633222860670800580e-01	1.950238181990954778e-01	-1.710955246356440640e-01	1.616775529078174067e-01	-1.295483266073367834e-01	9.999999999999928946e-01	-3.570814225342602288e-01	1.795170756680997959e-01	-1.818465868017237752e-01	1.091785001737133193e-01	-6.288849041888036062e-01	3.088533109019828693e-01	-2.424448245461981455e-01	1.886376269126495975e-01	-1.522234279155345871e-01	2.280012765887101389e-01	-1.657387192717906521e-01	1.882575905585313070e-01	-1.008245096882044722e-01	1.014246491738970551e-01
2.405488308664184838e-01	-1.601654160058857135e-01	1.518566407603083868e-01	-1.127385094440195440e-01	8.931448703331242023e-02	-1.966176417803107701e-01	1.649846105371903515e-01	-1.429180738020917329e-01	1.502271421895579329e-01	-1.324225021098835997e-01	1.896494344174249058e-01	-2.169938653810191409e-01	1.963313636395288553e-01	-1.644721365470364072e-01	1.813728804943426642e-01	-1.928197984617389948e-01	2.856747426209643725e-01	-3.002803841647923022e-01	2.186681553462099248e-01	-2.055082732539456614e-01	2.174751562007496974e-01	-5.002575436978746737e-01	2.697030598422859859e-01	-2.562107369068531981e-01	1.661435825734224603e-01	-3.570814225342602288e-01	9.999999999999987788e-01	-3.642306316754925222e-01	2.463507541029800185e-01	-1.476660081114327117e-01	2.167073748863904137e-01	-3.190031913365786731e-01	2.549945321653491748e-01	-2.650002234422577652e-01	1.831203565429735947e-01	-3.042597167494450749e-01	1.848629989069932866e-01	-2.594461524189085599e-01	1.294485923295553564e-01	-1.393424653574411587e-01
-1.814276331382849716e-01	1.125043381280185356e-01	-1.124278762249965452e-01	8.097007710591037910e-02	-6.526933558640704569e-02	1.289380994202787567e-01	-1.169617153330163584e-01	1.044652524408592742e-01	-1.125427412072869809e-01	9.432933584058171561e-02	-1.318427898403596310e-01	1.440286847091774847e-01	-1.517265332102560316e-01	1.281026334211888551e-01	-1.472334788903615632e-01	1.196127451777275058e-01	-2.048990790825404307e-01	2.410734144021207115e-01	-2.132350106432370218e-01	1.701990312655958792e-01	-1.437392607568035441e-01	2.265023266452811102e-01	-6.187426910731210761e-01	2.965021310698051638e-01	-1.544065560103322077e-01	1.795170756680997959e-01	-3.642306316754925222e-01	9.999999999999938938e-01	-4.629521794846009342e-01	1.295042398240343617e-01	-1.393324963499499858e-01	1.971053625461601511e-01	-3.637165194297183879e-01	2.614679190678179110e-01	-1.696206157959117000e-01	1.865176945364728778e-01	-1.368178267650715096e-01	1.891228639930763455e-01	-1.159726039291848476e-01	1.166343511353353651e-01
1.785955097639070621e-01	-1.124248199361403966e-01	1.116652807841642392e-01	-8.221347628949718378e-02	6.616182132675861582e-02	-1.285542844208304725e-01	1.147370548921290978e-01	-1.049920584099214155e-01	1.127643261548092468e-01	-9.690893582079868063e-02	1.281108228963519224e-01	-1.421207756799341970e-01	1.500752797060301569e-01	-1.376177123602260743e-01	1.517027272686351791e-01	-1.160940416257189439e-01	1.794554474409744416e-01	-2.489040408071891697e-01	2.377852707812933286e-01	-2.117837595357678071e-01	1.366011365437921621e-01	-1.940806827565326187e-01	2.961122482041552706e-01	-5.680348533384589338e-01	1.824293528146203325e-01	-1.818465868017237752e-01	2.463507541029800185e-01	-4.629521794846009342e-01	9.999999999999980016e-01	-1.719147419886573325e-01	1.355798009787555769e-01	-1.983787385325911923e-01	2.670191637682267638e-01	-4.625697732325079747e-01	2.004401375375036432e-01	-2.034116511713254527e-01	1.418475056459115868e-01	-2.051263922982209387e-01	1.474322285267661015e-01	-1.549363622316940470e-01
-1.262421396061599033e-01	7.771159328814709888e-02	-7.877357496114184565e-02	5.821517884925352104e-02	-4.736677750391086322e-02	8.617081139568114057e-02	-7.851149430506300375e-02	7.355071358770427781e-02	-8.071615633199857864e-02	6.919720904539192197e-02	-8.611539896456317511e-02	9.478960338875740133e-02	-1.058364519524039871e-01	1.013831581855458852e-01	-1.201189813658019162e-01	7.422727149492211463e-02	-1.121238033415015156e-01	1.510720389012256415e-01	-1.774581733115596638e-01	2.598900125274588579e-01	-8.798274400273781159e-02	1.086845228626014542e-01	-1.294628312326095154e-01	1.644290924001448051e-01	-5.698363517567439640e-01	1.091785001737133193e-01	-1.476660081114327117e-01	1.295042398240343617e-01	-1.719147419886573325e-01	9.999999999999965583e-01	-8.082748230183249560e-02	1.123657798804422042e-01	-1.405034745449444955e-01	1.841592207717490381e-01	-6.912089617239627337e-01	1.321849975943244215e-01	-9.221363365415950752e-02	1.287337863072000599e-01	-1.371695322178737853e-01	1.466009848522158432e-01
1.658517256837744036e-01	-9.219454976720707629e-02	9.042390361563892864e-02	-6.384101967855403126e-02	5.159781771809598960e-02	-1.176278290681836564e-01	9.476966572108186382e-02	-8.082817047067826499e-02	8.914565002306193420e-02	-7.343774658413297629e-02	1.277818541396896490e-01	-1.101631018867789136e-01	1.115825882886696679e-01	-8.891012908820344895e-02	1.072808418634396410e-01	-1.307746127681307935e-01	1.277181914893145975e-01	-1.280754166067449851e-01	1.113559753861075585e-01	-1.018791022297126092e-01	1.770715646527316334e-01	-1.306870380793240249e-01	1.230258513219792404e-01	-1.196809671030601013e-01	9.291431927521540124e-02	-6.288849041888036062e-01	2.167073748863904137e-01	-1.393324963499499858e-01	1.355798009787555769e-01	-8.082748230183249560e-02	9.999999999999972244e-01	-6.421196996920592870e-01	2.140577032549143832e-01	-1.656010295398308019e-01	1.119114201246767942e-01	-2.364646424068843622e-01	1.476246388659410436e-01	-1.641892441953192727e-01	8.044603792179244595e-02	-8.132774164450157217e-02
-2.255253001236161570e-01	1.228892490832311779e-01	-1.221283899902075448e-01	8.577572189851534468e-02	-6.963352271036218899e-02	1.476944690821594131e-01	-1.260577914850866954e-01	1.086920605717445615e-01	-1.208644604274911744e-01	9.854788618643837983e-02	-1.641559113441259932e-01	1.451557139190417234e-01	-1.514736385687488196e-01	1.208034536856164992e-01	-1.474521772852580015e-01	1.448207319218017264e-01	-1.730294054007548155e-01	1.727724334219622182e-01	-1.549362753361482326e-01	1.395069391295379879e-01	-2.038386154163446262e-01	1.734066925435132633e-01	-1.767208028655331831e-01	1.655305457340296438e-01	-1.307586348993537428e-01	3.088533109019828693e-01	-3.190031913365786731e-01	1.971053625461601511e-01	-1.983787385325911923e-01	1.123657798804422042e-01	-6.421196996920592870e-01	9.999999999999970024e-01	-4.314163659982850341e-01	2.284584633296090628e-01	-1.602568322602224427e-01	2.305696902810520643e-01	-1.954009303563693511e-01	2.127278500958404983e-01	-1.135603197829330446e-01	1.110346516488127655e-01
1.945345537754031295e-01	-1.125654925123306255e-01	1.118487011892282113e-01	-8.046752349059173304e-02	6.509533930500042975e-02	-1.320257914844478742e-01	1.145754784256082237e-01	-1.018884794660198101e-01	1.118853185650622306e-01	-9.365884840684479684e-02	1.363556058904915325e-01	-1.364530592917816976e-01	1.431044529841140334e-01	-1.207962877225248616e-01	1.421121830108702799e-01	-1.231481512646024623e-01	1.645774355666868860e-01	-1.945684481248680930e-01	1.721447832207606277e-01	-1.622413174351958198e-01	1.527668905976049263e-01	-1.730796630592291996e-01	2.219307562790223953e-01	-2.190578430762868678e-01	1.480690541795261772e-01	-2.424448245461981455e-01	2.549945321653491748e-01	-3.637165194297183879e-01	2.670191637682267638e-01	-1.405034745449444955e-01	2.140577032549143832e-01	-4.314163659982850341e-01	9.999999999999983347e-01	-5.650543001501896478e-01	1.924882202259324271e-01	-2.485956869826814186e-01	2.086158368558630460e-01	-3.740396599715313242e-01	1.680222174212064323e-01	-1.684764875129308448e-01
-2.056849233424650480e-01	1.183178820298349948e-01	-1.192480417840367374e-01	8.550891862388815268e-02	-6.955936165928193471e-02	1.343619996383169923e-01	-1.204135903586690537e-01	1.084092271392523427e-01	-1.200638192825446565e-01	9.957526636604088766e-02	-1.393520753525563372e-01	1.421609413603864558e-01	-1.541215652984897488e-01	1.321842238696918359e-01	-1.585685764950774124e-01	1.197288786544096900e-01	-1.734402645824953682e-01	2.016802915404416197e-01	-2.021890111041030891e-01	1.889059920161447192e-01	-1.485459402377761751e-01	1.731038988839972426e-01	-2.286261262388798732e-01	2.460731609453743751e-01	-1.927262366973268581e-01	1.886376269126495975e-01	-2.650002234422577652e-01	2.614679190678179110e-01	-4.625697732325079747e-01	1.841592207717490381e-01	-1.656010295398308019e-01	2.284584633296090628e-01	-5.650543001501896478e-01	9.999999999999987788e-01	-3.120180419753883494e-01	2.093473548971901410e-01	-1.767758210129940499e-01	2.358420081916720035e-01	-2.995646707257300645e-01	2.212001212229942892e-01
1.570607776711929471e-01	-9.817447798364260791e-02	9.780528266578006336e-02	-7.334468954139834740e-02	5.919024088536083833e-02	-1.109968008440660042e-01	9.856909075534855957e-02	-9.188788615569354334e-02	9.982761684351552922e-02	-8.759481272245242534e-02	1.092792510232414027e-01	-1.203865739380201860e-01	1.294965508784212127e-01	-1.240476263702798010e-01	1.396094232150404957e-01	-9.655928487109442793e-02	1.389756910835694692e-01	-1.949718332462802850e-01	1.938515777153532182e-01	-3.157436693972923702e-01	1.134867379375516100e-01	-1.397268481074392388e-01	1.588438066650699476e-01	-2.046077320812241807e-01	2.913352260432342522e-01	-1.522234279155345871e-01	1.831203565429735947e-01	-1.696206157959117000e-01	2.004401375375036432e-01	-6.912089617239627337e-01	1.119114201246767942e-01	-1.602568322602224427e-01	1.924882202259324271e-01	-3.120180419753883494e-01	9.999999999999987788e-01	-1.931472917431996394e-01	1.304418418900323284e-01	-1.920277991692767305e-01	1.971866167004583947e-01	-2.743746579989001511e-01
-3.398350339253469188e-01	1.660758634078425000e-01	-1.686981018169299018e-01	1.162264457426483572e-01	-9.557029918246005840e-02	1.840371375082954508e-01	-1.650586924097298402e-01	1.458265474626870839e-01	-1.676786772702866524e-01	1.323494766599590255e-01	-1.977189787422793665e-01	1.815443637754704520e-01	-2.022896290128326502e-01	1.575129231699902432e-01	-2.027891059754788894e-01	1.541711743278156577e-01	-1.941186958004330609e-01	1.967243196204499500e-01	-1.820234776969965607e-01	1.650025404775775917e-01	-1.996304482467969876e-01	1.838961863401673003e-01	-1.819682296390913723e-01	1.783436587661170192e-01	-1.590414566704699828e-01	2.280012765887101389e-01	-3.042597167494450749e-01	1.865176945364728778e-01	-2.034116511713254527e-01	1.321849975943244215e-01	-2.364646424068843622e-01	2.305696902810520643e-01	-2.485956869826814186e-01	2.093473548971901410e-01	-1.931472917431996394e-01	9.999999999999986677e-01	-6.194998154629978160e-01	3.171198699997869186e-01	-1.316942632506018229e-01	1.280423765576715611e-01
1.815018877432607591e-01	-9.466654277866565215e-02	9.518407778881012027e-02	-6.691166408191952242e-02	5.464730744949031216e-02	-1.078952091279403724e-01	9.479684992621255357e-02	-8.397558396475204856e-02	9.492404030080875410e-02	-7.699028344592165340e-02	1.134663735515861888e-01	-1.075580524026970436e-01	1.165918361527187030e-01	-9.391918239765582876e-02	1.166821982009263181e-01	-9.467477377285921092e-02	1.191579487058811726e-01	-1.281857701569216468e-01	1.165969331414172250e-01	-1.101710156575370081e-01	1.195853416874828878e-01	-1.170252112009554923e-01	1.227114794155839683e-01	-1.236534392349823985e-01	1.033147333916080018e-01	-1.657387192717906521e-01	1.848629989069932866e-01	-1.368178267650715096e-01	1.418475056459115868e-01	-9.221363365415950752e-02	1.476246388659410436e-01	-1.954009303563693511e-01	2.086158368558630460e-01	-1.767758210129940499e-01	1.304418418900323284e-01	-6.194998154629978160e-01	9.999999999999988898e-01	-6.697818286322629877e-01	1.211900254996018805e-01	-1.218885519810931350e-01
-2.579329444309123032e-01	1.318808212624656417e-01	-1.337322592314085234e-01	9.320393596513053269e-02	-7.640229175572724185e-02	1.471895061273806316e-01	-1.319801106673273994e-01	1.172729826667379821e-01	-1.334374199905881964e-01	1.068283910176127671e-01	-1.561370416402988459e-01	1.482885469519327759e-01	-1.639062328365964438e-01	1.310165688005670015e-01	-1.654690946934551099e-01	1.253630204691090211e-01	-1.653695225029469806e-01	1.748962534678879799e-01	-1.639240667156204867e-01	1.515719211479538142e-01	-1.590897947226068421e-01	1.597661788474841194e-01	-1.749959314213680450e-01	1.699149609792045268e-01	-1.480584881138674036e-01	1.882575905585313070e-01	-2.594461524189085599e-01	1.891228639930763455e-01	-2.051263922982209387e-01	1.287337863072000599e-01	-1.641892441953192727e-01	2.127278500958404983e-01	-3.740396599715313242e-01	2.358420081916720035e-01	-1.920277991692767305e-01	3.171198699997869186e-01	-6.697818286322629877e-01	9.999999999999990008e-01	-1.977606540220938069e-01	1.638098743759149323e-01
1.116208931774451268e-01	-6.394968385132784872e-02	6.421303640327212514e-02	-4.645373552719032906e-02	3.774463776410239002e-02	-7.247510054404061874e-02	6.446785784529007746e-02	-5.845317144916607754e-02	6.478799259649259401e-02	-5.436160874058540426e-02	7.405023201374524855e-02	-7.606718630428355166e-02	8.228123554046752608e-02	-7.179644903747910145e-02	8.533997444008749322e-02	-6.342683351297319361e-02	8.856358280279616468e-02	-1.073251058705867178e-01	1.040482854589853123e-01	-1.186101152147355231e-01	7.741189467827702675e-02	-8.830667622946117290e-02	1.035595177300167452e-01	-1.179312764435087868e-01	1.132369699456277773e-01	-1.008245096882044722e-01	1.294485923295553564e-01	-1.159726039291848476e-01	1.474322285267661015e-01	-1.371695322178737853e-01	8.044603792179244595e-02	-1.135603197829330446e-01	1.680222174212064323e-01	-2.995646707257300645e-01	1.971866167004583947e-01	-1.316942632506018229e-01	1.211900254996018805e-01	-1.977606540220938069e-01	9.999999999999990008e-01	-8.793483306709318770e-01
