1.000000000000000000e+00	-2.428443201572320631e-01	1.362863106200772334e-01	-9.424943609967195712e-02	8.218107624872908468e-02	-8.007535158966562205e-01	1.091890581600138133e-01	-2.045411023515571192e-01	1.031207019796970686e-01	-1.203758096070254302e-01	3.075279774251504228e-01	-1.202418345993116477e-01	1.517314499634670188e-01	-1.180984119699157592e-01	8.792183722833110671e-02	-2.515242664253027338e-01	1.503221975386214715e-01	-1.638733774157010992e-01	1.071988000671834640e-01	-1.008428671481811922e-01	9.097597455039052594e-02	-7.962225128526756457e-02	1.031511225648891888e-01	-1.171537390953757141e-01	9.297184158087322403e-02	-9.615855959503789852e-02	7.946778239220196605e-02	-7.631510095567380081e-02	8.098056883345179646e-02	-7.305893502636090497e-02	2.632261474117048375e-02	-2.530678774082028085e-02	6.590671570025044557e-02	-6.723870115658872604e-02	5.314111213384201809e-02	-3.367589272419831831e-02	2.744156576268025338e-02	-6.847006030309463198e-02	4.581457996096353902e-02	-4.730830763232529712e-02
-2.428443201572320631e-01	1.000000000000000222e+00	-6.978090698469777697e-01	1.955046270276404874e-01	-2.046513608406425044e-01	1.468080861051215824e-01	-2.382198829087946168e-01	3.152072185831694684e-01	-1.728495950687408134e-01	1.643444248608005587e-01	-2.995717564768599073e-01	1.801079296092334137e-01	-2.817237126819886472e-01	1.510204350359937164e-01	-1.225981970611005889e-01	1.844735966681953776e-01	-1.916640450405839025e-01	1.851245901404051375e-01	-1.406791766819825429e-01	1.204771347732457726e-01	-1.135644297222921928e-01	9.380742315392605335e-02	-1.331525643771441225e-01	1.343511905435073595e-01	-1.240961859943876394e-01	1.007305638488724259e-01	-9.527311672176234925e-02	9.106234528653836535e-02	-1.049225566042560481e-01	8.829911146183748449e-02	-2.999349404489703649e-02	2.852368115144350916e-02	-7.851664648566772375e-02	7.289456892707267543e-02	-6.315429102131744910e-02	3.671721396681612570e-02	-3.050595450443164061e-02	7.509292787831008120e-02	-5.198718447553421496e-02	5.323048325394039854e-02
1.362863106200772334e-01	-6.978090698469777697e-01	1.000000000000000222e+00	-2.761843507673913400e-01	1.971622690189833438e-01	-8.869455143592473723e-02	1.554734535636407566e-01	-5.436351612734219296e-01	1.605111571902200218e-01	-1.595179534050423509e-01	1.773646795243547791e-01	-1.393591853069967579e-01	2.091543910656674110e-01	-1.241622198275369737e-01	9.567242338854171912e-02	-1.292275440080671856e-01	1.302200888919171629e-01	-1.439264670931359458e-01	1.062835177738288561e-01	-9.295441503483704848e-02	7.780482394053667150e-02	-6.525966438882649379e-02	9.335742920901307640e-02	-1.004258151060120480e-01	8.981963201638644423e-02	-7.065235072766881674e-02	6.603894429202082639e-02	-6.432380284196374809e-02	7.419005840263086238e-02	-6.357186068818343472e-02	2.094626868872527872e-02	-1.997003692487098539e-02	5.489547809398358236e-02	-5.154841135257206414e-02	4.450512575980820201e-02	-2.580467125073804616e-02	2.140554717686152589e-02	-5.296905576063712373e-02	3.658434968705041868e-02	-3.767935567783608358e-02
-9.424943609967195712e-02	1.955046270276404874e-01	-2.761843507673913400e-01	1.000000000000000222e+00	-8.613101875985825773e-01	6.040729738459935799e-02	-8.403672514572017860e-02	1.889943252429822917e-01	-2.447321625522095034e-01	2.319308899957071568e-01	-1.310013459627561994e-01	7.743707690409157296e-02	-1.412907223960670478e-01	1.277364709081732497e-01	-1.066830894410343566e-01	9.287907644786205785e-02	-9.278052628692758097e-02	1.031216616665911051e-01	-1.024187754896000863e-01	9.160669687694499019e-02	-6.578176181737691031e-02	5.430917644912997000e-02	-8.293477787766520559e-02	9.114706014620205243e-02	-8.799042563148146145e-02	6.019737913932410311e-02	-5.757101731450359888e-02	5.719438549694576268e-02	-6.934613542572211353e-02	5.907727036003859733e-02	-1.840992523692156282e-02	1.752559526486231062e-02	-4.882983305699067911e-02	4.557451215121537114e-02	-4.045929059966433400e-02	2.254964067829353172e-02	-1.877910005936031523e-02	4.645924364565970355e-02	-3.261208044134671080e-02	3.374927852046420707e-02
8.218107624872908468e-02	-2.046513608406425044e-01	1.971622690189833438e-01	-8.613101875985825773e-01	9.999999999999997780e-01	-5.342577563891434678e-02	7.854665778036830359e-02	-1.913562867069339424e-01	2.140368942438022060e-01	-3.348723627039952300e-01	1.135782042700548694e-01	-7.469978200895097120e-02	1.273213235382839315e-01	-1.246365115301014403e-01	9.996843628373582036e-02	-8.597975367696347737e-02	8.428429286240947393e-02	-9.692393754852524079e-02	9.417365579145704768e-02	-8.841992691411310057e-02	5.917567214695492600e-02	-4.930630102800508813e-02	7.485052647819954996e-02	-8.561420259618827966e-02	7.982614415913018291e-02	-5.517257099190019803e-02	5.208358334075415680e-02	-5.207085382255765421e-02	6.257436476735628306e-02	-5.419924659835721054e-02	1.675437467786070056e-02	-1.597656424768771621e-02	4.430208014599498062e-02	-4.182687690842471634e-02	3.680579585180515645e-02	-2.063674758741836437e-02	1.715088523428775005e-02	-4.255588901741201580e-02	2.976395680926125983e-02	-3.090506184855405097e-02
-8.007535158966562205e-01	1.468080861051215824e-01	-8.869455143592473723e-02	6.040729738459935799e-02	-5.342577563891434678e-02	1.000000000000000000e+00	-7.768290838940941634e-02	1.297550025745869418e-01	-6.686427629294522390e-02	7.715422880750787138e-02	-5.053480346462667638e-01	8.251865920687655176e-02	-1.027253298828798983e-01	7.694370929515897961e-02	-5.768354081731351390e-02	1.769961525528865876e-01	-1.089946123703392084e-01	1.088895805050748289e-01	-7.094299966482366104e-02	6.574128333888783204e-02	-6.225346721112815646e-02	5.399280777985909080e-02	-6.903858098203015381e-02	7.673145727359810542e-02	-6.141210269070541961e-02	6.314110728250088567e-02	-5.282236587088463831e-02	5.049853647440445681e-02	-5.364582107539345168e-02	4.803859895364114008e-02	-1.729235599028666401e-02	1.661478706897516824e-02	-4.347035842168951725e-02	4.388274516191489893e-02	-3.488749134356540493e-02	2.203611908807368014e-02	-1.798467217500861540e-02	4.483650234731707818e-02	-3.001040825489850045e-02	3.094651454399075310e-02
1.091890581600138133e-01	-2.382198829087946168e-01	1.554734535636407566e-01	-8.403672514572017860e-02	7.854665778036830359e-02	-7.768290838940941634e-02	1.000000000000000000e+00	-2.556959248005504226e-01	9.650716754664918906e-02	-9.821671659919845032e-02	1.561806343991537505e-01	-8.794693505849315862e-01	1.804319481343002185e-01	-9.904612219526175154e-02	7.488124346561830791e-02	-1.762356881018155852e-01	1.917029267334153797e-01	-1.607101682108517671e-01	9.344276769661563620e-02	-7.886800564582786832e-02	7.842226285754388959e-02	-6.973041463117100880e-02	8.663416360060220700e-02	-9.182967956417398270e-02	7.623096236812933191e-02	-6.819559062565021257e-02	6.198132186588974774e-02	-5.956264756155836559e-02	6.508537959570753761e-02	-5.632936760316641089e-02	1.917817399140720261e-02	-1.836181177468120679e-02	4.985796115964765546e-02	-4.704006930357682026e-02	3.950428541299288304e-02	-2.382188814989033565e-02	1.967695490883732135e-02	-4.894423656035445935e-02	3.307009361756833854e-02	-3.400020474300151363e-02
-2.045411023515571192e-01	3.152072185831694684e-01	-5.436351612734219296e-01	1.889943252429822917e-01	-1.913562867069339424e-01	1.297550025745869418e-01	-2.556959248005504226e-01	1.000000000000000000e+00	-2.811443865439537948e-01	2.134065109543109295e-01	-2.886655433855963571e-01	1.955147990757314658e-01	-4.585832204142010760e-01	1.937614284963865285e-01	-1.502339760978721739e-01	1.988704206340300984e-01	-2.164912757877166527e-01	2.345549135615438430e-01	-1.709433980421789789e-01	1.431250896172812648e-01	-1.249334854096084135e-01	1.041436890095277096e-01	-1.495894320715174808e-01	1.566574266241636815e-01	-1.417570689117147453e-01	1.108091586280774282e-01	-1.049057525837783639e-01	1.017426310030271619e-01	-1.175043568154582885e-01	9.974055745851770349e-02	-3.299686976243112330e-02	3.142692480394272680e-02	-8.679853242238855238e-02	8.059745058582744315e-02	-7.003665138009555757e-02	4.046832773735328792e-02	-3.362834727888323882e-02	8.307642499642289846e-02	-5.744890295259453411e-02	5.903738362165540654e-02
1.031207019796970686e-01	-1.728495950687408134e-01	1.605111571902200218e-01	-2.447321625522095034e-01	2.140368942438022060e-01	-6.686427629294522390e-02	9.650716754664918906e-02	-2.811443865439537948e-01	1.000000000000000444e+00	-7.677603056056759856e-01	1.478453169764631370e-01	-9.308858135356659624e-02	1.896182251120250295e-01	-3.825670861699174141e-01	2.053222130335310147e-01	-1.183946893307125381e-01	1.182708599473960981e-01	-1.472629909358893485e-01	1.788022480907960621e-01	-1.695091889728713441e-01	8.899547443462516028e-02	-7.461285050512843353e-02	1.179028553673988622e-01	-1.520618054899273430e-01	1.359206423142690356e-01	-8.400030424608598278e-02	7.973582599740688948e-02	-8.223373106700385127e-02	1.009665176384007962e-01	-8.957575498155366522e-02	2.579824004908862906e-02	-2.465477092383899088e-02	6.891706930188903901e-02	-6.543233184444560702e-02	5.831024407359736150e-02	-3.186540455899329605e-02	2.650982676443125810e-02	-6.619917252390697393e-02	4.654478999863581601e-02	-4.882688340098088192e-02
-1.203758096070254302e-01	1.643444248608005587e-01	-1.595179534050423509e-01	2.319308899957071568e-01	-3.348723627039952300e-01	7.715422880750787138e-02	-9.821671659919845032e-02	2.134065109543109295e-01	-7.677603056056759856e-01	1.000000000000000444e+00	-1.737023147013825874e-01	9.269041661279736610e-02	-1.987553042377100676e-01	2.528774839905697513e-01	-2.412009723717372933e-01	1.266192423261094657e-01	-1.284809154521621977e-01	1.488725736137891387e-01	-1.875823739089043651e-01	1.701602467034082633e-01	-1.011935411871902751e-01	8.318085914001498160e-02	-1.333837556082860532e-01	1.527801084638648332e-01	-1.554106959236944696e-01	9.271818427995738576e-02	-9.019844315700160930e-02	9.187804153419215636e-02	-1.158063939912521018e-01	9.908236237048900774e-02	-2.892023212895523596e-02	2.754277910639651300e-02	-7.772549926660517194e-02	7.229207732984170576e-02	-6.571594357830411182e-02	3.533813635928902824e-02	-2.951838947269494820e-02	7.326811068630754986e-02	-5.200916722258486224e-02	5.421041075940206955e-02
3.075279774251504228e-01	-2.995717564768599073e-01	1.773646795243547791e-01	-1.310013459627561994e-01	1.135782042700548694e-01	-5.053480346462667638e-01	1.561806343991537505e-01	-2.886655433855963571e-01	1.478453169764631370e-01	-1.737023147013825874e-01	9.999999999999995559e-01	-1.783707331940711516e-01	2.229227669686187352e-01	-1.740575400503206749e-01	1.292665662306821950e-01	-4.776779333369689517e-01	2.445733968315161322e-01	-2.527098906206962647e-01	1.599261695963446195e-01	-1.494245659101209323e-01	1.401233058801925058e-01	-1.230536962779942844e-01	1.549256668624039157e-01	-1.751277088217413902e-01	1.377345432042152151e-01	-1.447453420626617915e-01	1.193620027666711797e-01	-1.143899208343271967e-01	1.204469106596971900e-01	-1.087417981105579801e-01	3.927397588201577555e-02	-3.778242571264920496e-02	9.832012186805468013e-02	-1.001736191729493824e-01	7.896912888567683697e-02	-5.027054654000605999e-02	4.095287467186548014e-02	-1.022725524436286365e-01	6.821253309114981567e-02	-7.041949707271512315e-02
-1.202418345993116477e-01	1.801079296092334137e-01	-1.393591853069967579e-01	7.743707690409157296e-02	-7.469978200895097120e-02	8.251865920687655176e-02	-8.794693505849315862e-01	1.955147990757314658e-01	-9.308858135356659624e-02	9.269041661279736610e-02	-1.783707331940711516e-01	9.999999999999991118e-01	-2.078900579166667040e-01	9.957593159420551066e-02	-7.674452155573974199e-02	1.774019581178101213e-01	-2.635231326806576346e-01	1.657757784911780830e-01	-9.771229123474059475e-02	8.020227327995767264e-02	-8.559385496501302482e-02	7.515192930992069253e-02	-9.264083793315003312e-02	9.412236740189965090e-02	-7.965376026069105608e-02	7.116930539744061035e-02	-6.582312397146196370e-02	6.263111473795901496e-02	-6.853536965705706030e-02	5.862705375789902668e-02	-2.009206995917952113e-02	1.921381720148948938e-02	-5.243608829914089831e-02	4.885898611898154692e-02	-4.128218530706924405e-02	2.482890271260226184e-02	-2.054709399771460082e-02	5.099949282237657006e-02	-3.450120992544261633e-02	3.537728698814320005e-02
1.517314499634670188e-01	-2.817237126819886472e-01	2.091543910656674110e-01	-1.412907223960670478e-01	1.273213235382839315e-01	-1.027253298828798983e-01	1.804319481343002185e-01	-4.585832204142010760e-01	1.896182251120250295e-01	-1.987553042377100676e-01	2.229227669686187352e-01	-2.078900579166667040e-01	9.999999999999995559e-01	-2.891554609222464212e-01	1.760376282510525137e-01	-2.668632618036322901e-01	2.622853113739369024e-01	-6.052682413019991881e-01	2.294640925026030787e-01	-1.886322543573183130e-01	1.379220030044131795e-01	-1.231018256461081650e-01	1.730309059152881912e-01	-2.145452920757976722e-01	1.613747044568369926e-01	-1.301158766114638432e-01	1.168924918989488332e-01	-1.194844123886522058e-01	1.311273909357257572e-01	-1.175088166604893875e-01	3.727274171314690770e-02	-3.584196787098356540e-02	9.769746203412139895e-02	-9.368798044923631885e-02	7.878012101121342758e-02	-4.679702519719273340e-02	3.859937946687926058e-02	-9.704932574694433156e-02	6.547938173088682645e-02	-6.812362285836667808e-02
-1.180984119699157592e-01	1.510204350359937164e-01	-1.241622198275369737e-01	1.277364709081732497e-01	-1.246365115301014403e-01	7.694370929515897961e-02	-9.904612219526175154e-02	1.937614284963865285e-01	-3.825670861699174141e-01	2.528774839905697513e-01	-1.740575400503206749e-01	9.957593159420551066e-02	-2.891554609222464212e-01	1.000000000000001554e+00	-5.587484393725122844e-01	1.506672458928794978e-01	-1.572022530931338480e-01	2.131586800088105804e-01	-4.564901044632156402e-01	2.965706922856742866e-01	-1.331982348242675418e-01	1.111075048793655207e-01	-1.895423671512998509e-01	2.549846431291756255e-01	-2.444183654963305863e-01	1.237740192102659426e-01	-1.208860510702890328e-01	1.291031391896901859e-01	-1.674158759386397410e-01	1.466850044210190607e-01	-3.880704490138315449e-02	3.712714473028084355e-02	-1.061437390510050621e-01	9.914646042358175870e-02	-9.159265905177896294e-02	4.768797110654033472e-02	-3.987290194530693915e-02	1.000821045378956498e-01	-7.123512028756764924e-02	7.526644515865854590e-02
8.792183722833110671e-02	-1.225981970611005889e-01	9.567242338854171912e-02	-1.066830894410343566e-01	9.996843628373582036e-02	-5.768354081731351390e-02	7.488124346561830791e-02	-1.502339760978721739e-01	2.053222130335310147e-01	-2.412009723717372933e-01	1.292665662306821950e-01	-7.674452155573974199e-02	1.760376282510525137e-01	-5.587484393725122844e-01	1.000000000000001332e+00	-1.183123602068681252e-01	1.168815545882337104e-01	-1.609451049516525956e-01	2.586246296539033707e-01	-6.709408222098152130e-01	1.036106687979518881e-01	-8.860583089010010127e-02	1.480204991892488942e-01	-2.280394573086454713e-01	2.261877444674370852e-01	-1.060157130081706006e-01	9.893544117792893444e-02	-1.101150856893229890e-01	1.394493054401234333e-01	-1.448688243019181643e-01	3.306991472709402968e-02	-3.185105903153578888e-02	8.939056801843393851e-02	-8.971948553326677955e-02	8.109957874007228673e-02	-4.160438157758079153e-02	3.454195380101007795e-02	-8.808042980673430611e-02	6.280498442002405146e-02	-6.869589690088072353e-02
-2.515242664253027338e-01	1.844735966681953776e-01	-1.292275440080671856e-01	9.287907644786205785e-02	-8.597975367696347737e-02	1.769961525528865876e-01	-1.762356881018155852e-01	1.988704206340300984e-01	-1.183946893307125381e-01	1.266192423261094657e-01	-4.776779333369689517e-01	1.774019581178101213e-01	-2.668632618036322901e-01	1.506672458928794978e-01	-1.183123602068681252e-01	9.999999999999980016e-01	-6.535728821928971088e-01	2.707455399111450278e-01	-1.637745073906218818e-01	1.300363773913443544e-01	-2.088599460966411581e-01	1.637619735079137717e-01	-1.767226817166547559e-01	1.606114715672845306e-01	-1.345636807952592662e-01	1.384954000007683206e-01	-1.277041240498295038e-01	1.165443249899744682e-01	-1.217518215082340483e-01	1.029384106190076031e-01	-3.696105552867748334e-02	3.541445349849896285e-02	-9.615922586689397422e-02	8.824702874195647362e-02	-7.314986426430056254e-02	4.562256564649920521e-02	-3.770639249616918737e-02	9.363933843841751314e-02	-6.214427874675081120e-02	6.332138957753535857e-02
1.503221975386214715e-01	-1.916640450405839025e-01	1.302200888919171629e-01	-9.278052628692758097e-02	8.428429286240947393e-02	-1.089946123703392084e-01	1.917029267334153797e-01	-2.164912757877166527e-01	1.182708599473960981e-01	-1.284809154521621977e-01	2.445733968315161322e-01	-2.635231326806576346e-01	2.622853113739369024e-01	-1.572022530931338480e-01	1.168815545882337104e-01	-6.535728821928971088e-01	1.000000000000001332e+00	-5.031197706225938315e-01	1.722967620364042884e-01	-1.326368297179334466e-01	1.738782302029773796e-01	-1.870149439825806448e-01	1.665417989989690928e-01	-1.699226704754997763e-01	1.273365853812194193e-01	-1.312325082098236562e-01	1.175964134513020065e-01	-1.115269976836300442e-01	1.125587899645755785e-01	-9.822852052737951478e-02	3.410835791749162321e-02	-3.287821343078933117e-02	8.862069495103346017e-02	-8.269757369342616016e-02	6.772637211622753450e-02	-4.263295972308762255e-02	3.511120114786656088e-02	-8.817418032037871445e-02	5.772982756973513846e-02	-5.927084684700741762e-02
-1.638733774157010992e-01	1.851245901404051375e-01	-1.439264670931359458e-01	1.031216616665911051e-01	-9.692393754852524079e-02	1.088895805050748289e-01	-1.607101682108517671e-01	2.345549135615438430e-01	-1.472629909358893485e-01	1.488725736137891387e-01	-2.527098906206962647e-01	1.657757784911780830e-01	-6.052682413019991881e-01	2.131586800088105804e-01	-1.609451049516525956e-01	2.707455399111450278e-01	-5.031197706225938315e-01	9.999999999999990008e-01	-3.249035430248470302e-01	1.718438857194629632e-01	-1.606873029531863672e-01	1.429511659247839628e-01	-2.120595360046805544e-01	2.184927784577856691e-01	-1.657717844435368237e-01	1.335810068679248730e-01	-1.258736584105384915e-01	1.283302438087744746e-01	-1.384770611969181053e-01	1.185787919456357947e-01	-3.823551307007447275e-02	3.673784387363649567e-02	-1.024911917242098680e-01	9.334770278239948316e-02	-7.964982057271409455e-02	4.737222079502088207e-02	-3.929597182262294791e-02	9.866235709431402101e-02	-6.608971405656494102e-02	6.813373628497448875e-02
1.071988000671834640e-01	-1.406791766819825429e-01	1.062835177738288561e-01	-1.024187754896000863e-01	9.417365579145704768e-02	-7.094299966482366104e-02	9.344276769661563620e-02	-1.709433980421789789e-01	1.788022480907960621e-01	-1.875823739089043651e-01	1.599261695963446195e-01	-9.771229123474059475e-02	2.294640925026030787e-01	-4.564901044632156402e-01	2.586246296539033707e-01	-1.637745073906218818e-01	1.722967620364042884e-01	-3.249035430248470302e-01	9.999999999999996669e-01	-3.636805407671413470e-01	1.370326478573433981e-01	-1.224859898273944342e-01	2.103737454536007689e-01	-6.242963881080225708e-01	2.446953499003504118e-01	-1.356477509954497340e-01	1.261088429532116473e-01	-1.430601187773987149e-01	1.691348571518936916e-01	-1.600709531922104578e-01	4.099006753816667598e-02	-3.959574162157983995e-02	1.115109734767635863e-01	-1.069556613070076212e-01	9.440873131620604319e-02	-5.155510367270868533e-02	4.276540365678796474e-02	-1.092529781889081675e-01	7.515407318343614307e-02	-8.033893614274539852e-02
-1.008428671481811922e-01	1.204771347732457726e-01	-9.295441503483704848e-02	9.160669687694499019e-02	-8.841992691411310057e-02	6.574128333888783204e-02	-7.886800564582786832e-02	1.431250896172812648e-01	-1.695091889728713441e-01	1.701602467034082633e-01	-1.494245659101209323e-01	8.020227327995767264e-02	-1.886322543573183130e-01	2.965706922856742866e-01	-6.709408222098152130e-01	1.300363773913443544e-01	-1.326368297179334466e-01	1.718438857194629632e-01	-3.636805407671413470e-01	1.000000000000000222e+00	-1.307047061211982775e-01	1.092920155941993349e-01	-1.918042656285929848e-01	2.550187450918497967e-01	-4.256543376806531387e-01	1.277807970498080203e-01	-1.254238366965933771e-01	1.405155515856929271e-01	-1.984212442291560519e-01	1.942280782341149203e-01	-4.110610433553476412e-02	3.945360084956960750e-02	-1.139882380885990643e-01	1.106490178337790481e-01	-1.073614309929347976e-01	5.081674467157296093e-02	-4.255246707360512554e-02	1.080385298903784597e-01	-7.926840080461196314e-02	8.663769251567264573e-02
9.097597455039052594e-02	-1.135644297222921928e-01	7.780482394053667150e-02	-6.578176181737691031e-02	5.917567214695492600e-02	-6.225346721112815646e-02	7.842226285754388959e-02	-1.249334854096084135e-01	8.899547443462516028e-02	-1.011935411871902751e-01	1.401233058801925058e-01	-8.559385496501302482e-02	1.379220030044131795e-01	-1.331982348242675418e-01	1.036106687979518881e-01	-2.088599460966411581e-01	1.738782302029773796e-01	-1.606873029531863672e-01	1.370326478573433981e-01	-1.307047061211982775e-01	9.999999999999992228e-01	-7.877334920358799453e-01	2.751294400182326960e-01	-1.932357542153288477e-01	1.455637267522360001e-01	-3.436202688069849298e-01	2.423468715333275403e-01	-2.048237391080582614e-01	1.588338126426353525e-01	-1.398295108116414387e-01	5.802700545551885136e-02	-5.680684798998125729e-02	1.427548382647264580e-01	-1.295838123229847427e-01	9.676885061611309458e-02	-7.280466630202651890e-02	5.924157538453363181e-02	-1.507326337682369788e-01	8.883562727372640300e-02	-8.950135090892487322e-02
-7.962225128526756457e-02	9.380742315392605335e-02	-6.525966438882649379e-02	5.430917644912997000e-02	-4.930630102800508813e-02	5.399280777985909080e-02	-6.973041463117100880e-02	1.041436890095277096e-01	-7.461285050512843353e-02	8.318085914001498160e-02	-1.230536962779942844e-01	7.515192930992069253e-02	-1.231018256461081650e-01	1.111075048793655207e-01	-8.860583089010010127e-02	1.637619735079137717e-01	-1.870149439825806448e-01	1.429511659247839628e-01	-1.224859898273944342e-01	1.092920155941993349e-01	-7.877334920358799453e-01	9.999999999999978906e-01	-4.182351180544213176e-01	1.661233444635124012e-01	-1.295078254733352530e-01	2.450944252919931565e-01	-2.805485934301570894e-01	1.971027827151717315e-01	-1.501870668206315984e-01	1.212298995307242999e-01	-4.982358561221378324e-02	4.875261806918960300e-02	-1.320333499118007958e-01	1.065217324536099908e-01	-8.248825525461127295e-02	6.046249074924640171e-02	-5.006730996553734880e-02	1.267121192305644128e-01	-7.483275893818391866e-02	7.455316962435795669e-02
1.031511225648891888e-01	-1.331525643771441225e-01	9.335742920901307640e-02	-8.293477787766520559e-02	7.485052647819954996e-02	-6.903858098203015381e-02	8.663416360060220700e-02	-1.495894320715174808e-01	1.179028553673988622e-01	-1.333837556082860532e-01	1.549256668624039157e-01	-9.264083793315003312e-02	1.730309059152881912e-01	-1.895423671512998509e-01	1.480204991892488942e-01	-1.767226817166547559e-01	1.665417989989690928e-01	-2.120595360046805544e-01	2.103737454536007689e-01	-1.918042656285929848e-01	2.751294400182326960e-01	-4.182351180544213176e-01	9.999999999999987788e-01	-3.723956862951924851e-01	2.235551928729675175e-01	-3.080793217363353431e-01	2.625545201351094371e-01	-5.097975504933335289e-01	2.612696774966815627e-01	-2.307392561678184018e-01	8.103584334927307897e-02	-8.145420254583904396e-02	2.299541529602738832e-01	-1.939365909909324115e-01	1.442428322742237146e-01	-1.071107769698085993e-01	8.769482188647384491e-02	-2.403889971146996041e-01	1.333567835065217477e-01	-1.345756728615948028e-01
-1.171537390953757141e-01	1.343511905435073595e-01	-1.004258151060120480e-01	9.114706014620205243e-02	-8.561420259618827966e-02	7.673145727359810542e-02	-9.182967956417398270e-02	1.566574266241636815e-01	-1.520618054899273430e-01	1.527801084638648332e-01	-1.751277088217413902e-01	9.412236740189965090e-02	-2.145452920757976722e-01	2.549846431291756255e-01	-2.280394573086454713e-01	1.606114715672845306e-01	-1.699226704754997763e-01	2.184927784577856691e-01	-6.242963881080225708e-01	2.550187450918497967e-01	-1.932357542153288477e-01	1.661233444635124012e-01	-3.723956862951924851e-01	9.999999999999991118e-01	-4.079529280367656940e-01	1.749080820104293721e-01	-1.748988134760336988e-01	2.038448877500229905e-01	-2.634847049866957946e-01	2.189982509644205766e-01	-5.460186685117998651e-02	5.262279114016404913e-02	-1.556687201046711155e-01	1.382684938815283426e-01	-1.284734518423083782e-01	6.718993433367563550e-02	-5.634926820614909182e-02	1.435974886611013357e-01	-9.969473671992334918e-02	1.053221735585299634e-01
9.297184158087322403e-02	-1.240961859943876394e-01	8.981963201638644423e-02	-8.799042563148146145e-02	7.982614415913018291e-02	-6.141210269070541961e-02	7.623096236812933191e-02	-1.417570689117147453e-01	1.359206423142690356e-01	-1.554106959236944696e-01	1.377345432042152151e-01	-7.965376026069105608e-02	1.613747044568369926e-01	-2.444183654963305863e-01	2.261877444674370852e-01	-1.345636807952592662e-01	1.273365853812194193e-01	-1.657717844435368237e-01	2.446953499003504118e-01	-4.256543376806531387e-01	1.455637267522360001e-01	-1.295078254733352530e-01	2.235551928729675175e-01	-4.079529280367656940e-01	9.999999999999985567e-01	-1.783242171705451407e-01	1.591315887036992560e-01	-2.105042952944403967e-01	2.811755702071954133e-01	-5.780757825823175100e-01	5.740219928959768014e-02	-5.613855434262307598e-02	1.571797869475166642e-01	-1.822130955580252842e-01	1.730985241798245755e-01	-7.488452170932147212e-02	6.192652562762419183e-02	-1.644556429615634530e-01	1.227602794001576986e-01	-1.511062682005787916e-01
-9.615855959503789852e-02	1.007305638488724259e-01	-7.065235072766881674e-02	6.019737913932410311e-02	-5.517257099190019803e-02	6.314110728250088567e-02	-6.819559062565021257e-02	1.108091586280774282e-01	-8.400030424608598278e-02	9.271818427995738576e-02	-1.447453420626617915e-01	7.116930539744061035e-02	-1.301158766114638432e-01	1.237740192102659426e-01	-1.060157130081706006e-01	1.384954000007683206e-01	-1.312325082098236562e-01	1.335810068679248730e-01	-1.356477509954497340e-01	1.277807970498080203e-01	-3.436202688069849298e-01	2.450944252919931565e-01	-3.080793217363353431e-01	1.749080820104293721e-01	-1.783242171705451407e-01	9.999999999999985567e-01	-7.758004261512462252e-01	2.595846954796996453e-01	-2.250620778888123841e-01	1.587643018023760788e-01	-9.322166058628668373e-02	8.444277005112044154e-02	-1.986765022174790118e-01	1.386747688866540318e-01	-1.158094273622467807e-01	8.980685476371305653e-02	-7.670184161926432709e-02	1.676028524983930734e-01	-1.032583143928832714e-01	9.921495981323392999e-02
7.946778239220196605e-02	-9.527311672176234925e-02	6.603894429202082639e-02	-5.757101731450359888e-02	5.208358334075415680e-02	-5.282236587088463831e-02	6.198132186588974774e-02	-1.049057525837783639e-01	7.973582599740688948e-02	-9.019844315700160930e-02	1.193620027666711797e-01	-6.582312397146196370e-02	1.168924918989488332e-01	-1.208860510702890328e-01	9.893544117792893444e-02	-1.277041240498295038e-01	1.175964134513020065e-01	-1.258736584105384915e-01	1.261088429532116473e-01	-1.254238366965933771e-01	2.423468715333275403e-01	-2.805485934301570894e-01	2.625545201351094371e-01	-1.748988134760336988e-01	1.591315887036992560e-01	-7.758004261512462252e-01	9.999999999999994449e-01	-3.814426320413129012e-01	2.082894853732081553e-01	-1.653740007019330882e-01	8.688798767532071587e-02	-8.804578464357179501e-02	1.938269250082971795e-01	-1.487198421798705816e-01	1.126345831335623660e-01	-9.542835940977328901e-02	7.943131573791600841e-02	-1.890510043389191930e-01	1.054392372241523129e-01	-1.029542118626060321e-01
-7.631510095567380081e-02	9.106234528653836535e-02	-6.432380284196374809e-02	5.719438549694576268e-02	-5.207085382255765421e-02	5.049853647440445681e-02	-5.956264756155836559e-02	1.017426310030271619e-01	-8.223373106700385127e-02	9.187804153419215636e-02	-1.143899208343271967e-01	6.263111473795901496e-02	-1.194844123886522058e-01	1.291031391896901859e-01	-1.101150856893229890e-01	1.165443249899744682e-01	-1.115269976836300442e-01	1.283302438087744746e-01	-1.430601187773987149e-01	1.405155515856929271e-01	-2.048237391080582614e-01	1.971027827151717315e-01	-5.097975504933335289e-01	2.038448877500229905e-01	-2.105042952944403967e-01	2.595846954796996453e-01	-3.814426320413129012e-01	9.999999999999994449e-01	-4.896863274279462663e-01	2.306306912342911686e-01	-8.585980662300835009e-02	8.665475083034632209e-02	-4.164265270694232357e-01	1.753349375221747997e-01	-1.400145421362126719e-01	1.027410877057329253e-01	-8.908352208819272922e-02	2.428993344744194705e-01	-1.306839407287511134e-01	1.231120774954211905e-01
8.098056883345179646e-02	-1.049225566042560481e-01	7.419005840263086238e-02	-6.934613542572211353e-02	6.257436476735628306e-02	-5.364582107539345168e-02	6.508537959570753761e-02	-1.175043568154582885e-01	1.009665176384007962e-01	-1.158063939912521018e-01	1.204469106596971900e-01	-6.853536965705706030e-02	1.311273909357257572e-01	-1.674158759386397410e-01	1.394493054401234333e-01	-1.217518215082340483e-01	1.125587899645755785e-01	-1.384770611969181053e-01	1.691348571518936916e-01	-1.984212442291560519e-01	1.588338126426353525e-01	-1.501870668206315984e-01	2.612696774966815627e-01	-2.634847049866957946e-01	2.811755702071954133e-01	-2.250620778888123841e-01	2.082894853732081553e-01	-4.896863274279462663e-01	9.999999999999978906e-01	-6.087185867261324379e-01	7.211599006826494018e-02	-7.225360637233003980e-02	2.177785990410163464e-01	-2.259410622600613039e-01	1.899620841721751108e-01	-9.441343106604833946e-02	7.864058044803537428e-02	-2.185218573868670799e-01	1.479113417850124179e-01	-1.683959228819326692e-01
-7.305893502636090497e-02	8.829911146183748449e-02	-6.357186068818343472e-02	5.907727036003859733e-02	-5.419924659835721054e-02	4.803859895364114008e-02	-5.632936760316641089e-02	9.974055745851770349e-02	-8.957575498155366522e-02	9.908236237048900774e-02	-1.087417981105579801e-01	5.862705375789902668e-02	-1.175088166604893875e-01	1.466850044210190607e-01	-1.448688243019181643e-01	1.029384106190076031e-01	-9.822852052737951478e-02	1.185787919456357947e-01	-1.600709531922104578e-01	1.942280782341149203e-01	-1.398295108116414387e-01	1.212298995307242999e-01	-2.307392561678184018e-01	2.189982509644205766e-01	-5.780757825823175100e-01	1.587643018023760788e-01	-1.653740007019330882e-01	2.306306912342911686e-01	-6.087185867261324379e-01	9.999999999999981126e-01	-5.585492836070537342e-02	5.431787500551873982e-02	-1.703369821349853819e-01	1.864055888601668098e-01	-2.747799913138541661e-01	6.969232613971861057e-02	-5.921420502577961348e-02	1.566850290690369463e-01	-1.345423821246176377e-01	1.716005061210714722e-01
2.632261474117048375e-02	-2.999349404489703649e-02	2.094626868872527872e-02	-1.840992523692156282e-02	1.675437467786070056e-02	-1.729235599028666401e-02	1.917817399140720261e-02	-3.299686976243112330e-02	2.579824004908862906e-02	-2.892023212895523596e-02	3.927397588201577555e-02	-2.009206995917952113e-02	3.727274171314690770e-02	-3.880704490138315449e-02	3.306991472709402968e-02	-3.696105552867748334e-02	3.410835791749162321e-02	-3.823551307007447275e-02	4.099006753816667598e-02	-4.110610433553476412e-02	5.802700545551885136e-02	-4.982358561221378324e-02	8.103584334927307897e-02	-5.460186685117998651e-02	5.740219928959768014e-02	-9.322166058628668373e-02	8.688798767532071587e-02	-8.585980662300835009e-02	7.211599006826494018e-02	-5.585492836070537342e-02	9.999999999999976685e-01	-8.401355103006115099e-01	1.572088169424929460e-01	-8.610945312337463242e-02	5.945295098812004159e-02	-4.198984013432708329e-01	2.831558302034473673e-01	-1.764965925776796896e-01	7.298572440151920859e-02	-5.717060361561709936e-02
-2.530678774082028085e-02	2.852368115144350916e-02	-1.997003692487098539e-02	1.752559526486231062e-02	-1.597656424768771621e-02	1.661478706897516824e-02	-1.836181177468120679e-02	3.142692480394272680e-02	-2.465477092383899088e-02	2.754277910639651300e-02	-3.778242571264920496e-02	1.921381720148948938e-02	-3.584196787098356540e-02	3.712714473028084355e-02	-3.185105903153578888e-02	3.541445349849896285e-02	-3.287821343078933117e-02	3.673784387363649567e-02	-3.959574162157983995e-02	3.945360084956960750e-02	-5.680684798998125729e-02	4.875261806918960300e-02	-8.145420254583904396e-02	5.262279114016404913e-02	-5.613855434262307598e-02	8.444277005112044154e-02	-8.804578464357179501e-02	8.665475083034632209e-02	-7.225360637233003980e-02	5.431787500551873982e-02	-8.401355103006115099e-01	9.999999999999984457e-01	-1.864153019591935356e-01	7.997352339519288311e-02	-5.721120714225470805e-02	2.857549728792064259e-01	-4.115788112680268118e-01	1.672312617336515483e-01	-7.091862566107756671e-02	5.384664435962432938e-02
6.590671570025044557e-02	-7.851664648566772375e-02	5.489547809398358236e-02	-4.882983305699067911e-02	4.430208014599498062e-02	-4.347035842168951725e-02	4.985796115964765546e-02	-8.679853242238855238e-02	6.891706930188903901e-02	-7.772549926660517194e-02	9.832012186805468013e-02	-5.243608829914089831e-02	9.769746203412139895e-02	-1.061437390510050621e-01	8.939056801843393851e-02	-9.615922586689397422e-02	8.862069495103346017e-02	-1.024911917242098680e-01	1.115109734767635863e-01	-1.139882380885990643e-01	1.427548382647264580e-01	-1.320333499118007958e-01	2.299541529602738832e-01	-1.556687201046711155e-01	1.571797869475166642e-01	-1.986765022174790118e-01	1.938269250082971795e-01	-4.164265270694232357e-01	2.177785990410163464e-01	-1.703369821349853819e-01	1.572088169424929460e-01	-1.864153019591935356e-01	9.999999999999984457e-01	-2.834826578139166831e-01	1.665843222652315658e-01	-2.135325842631136117e-01	1.853080924726729084e-01	-7.025460056872203651e-01	2.160107892230991589e-01	-1.703474585869721447e-01
-6.723870115658872604e-02	7.289456892707267543e-02	-5.154841135257206414e-02	4.557451215121537114e-02	-4.182687690842471634e-02	4.388274516191489893e-02	-4.704006930357682026e-02	8.059745058582744315e-02	-6.543233184444560702e-02	7.229207732984170576e-02	-1.001736191729493824e-01	4.885898611898154692e-02	-9.368798044923631885e-02	9.914646042358175870e-02	-8.971948553326677955e-02	8.824702874195647362e-02	-8.269757369342616016e-02	9.334770278239948316e-02	-1.069556613070076212e-01	1.106490178337790481e-01	-1.295838123229847427e-01	1.065217324536099908e-01	-1.939365909909324115e-01	1.382684938815283426e-01	-1.822130955580252842e-01	1.386747688866540318e-01	-1.487198421798705816e-01	1.753349375221747997e-01	-2.259410622600613039e-01	1.864055888601668098e-01	-8.610945312337463242e-02	7.997352339519288311e-02	-2.834826578139166831e-01	9.999999999999985567e-01	-4.774342057561672403e-01	9.928174084145774403e-02	-9.343817679085435202e-02	2.514276418435044125e-01	-6.754922295759087092e-01	3.112928641583880829e-01
5.314111213384201809e-02	-6.315429102131744910e-02	4.450512575980820201e-02	-4.045929059966433400e-02	3.680579585180515645e-02	-3.488749134356540493e-02	3.950428541299288304e-02	-7.003665138009555757e-02	5.831024407359736150e-02	-6.571594357830411182e-02	7.896912888567683697e-02	-4.128218530706924405e-02	7.878012101121342758e-02	-9.159265905177896294e-02	8.109957874007228673e-02	-7.314986426430056254e-02	6.772637211622753450e-02	-7.964982057271409455e-02	9.440873131620604319e-02	-1.073614309929347976e-01	9.676885061611309458e-02	-8.248825525461127295e-02	1.442428322742237146e-01	-1.284734518423083782e-01	1.730985241798245755e-01	-1.158094273622467807e-01	1.126345831335623660e-01	-1.400145421362126719e-01	1.899620841721751108e-01	-2.747799913138541661e-01	5.945295098812004159e-02	-5.721120714225470805e-02	1.665843222652315658e-01	-4.774342057561672403e-01	9.999999999999983347e-01	-7.768485548838247046e-02	6.786925052668223157e-02	-1.942024118904666086e-01	3.035973076207732491e-01	-7.320732204072648575e-01
-3.367589272419831831e-02	3.671721396681612570e-02	-2.580467125073804616e-02	2.254964067829353172e-02	-2.063674758741836437e-02	2.203611908807368014e-02	-2.382188814989033565e-02	4.046832773735328792e-02	-3.186540455899329605e-02	3.533813635928902824e-02	-5.027054654000605999e-02	2.482890271260226184e-02	-4.679702519719273340e-02	4.768797110654033472e-02	-4.160438157758079153e-02	4.562256564649920521e-02	-4.263295972308762255e-02	4.737222079502088207e-02	-5.155510367270868533e-02	5.081674467157296093e-02	-7.280466630202651890e-02	6.046249074924640171e-02	-1.071107769698085993e-01	6.718993433367563550e-02	-7.488452170932147212e-02	8.980685476371305653e-02	-9.542835940977328901e-02	1.027410877057329253e-01	-9.441343106604833946e-02	6.969232613971861057e-02	-4.198984013432708329e-01	2.857549728792064259e-01	-2.135325842631136117e-01	9.928174084145774403e-02	-7.768485548838247046e-02	9.999999999999975575e-01	-8.079472230298027080e-01	2.116253214429586749e-01	-9.759535343130465446e-02	6.997222710810561963e-02
2.744156576268025338e-02	-3.050595450443164061e-02	2.140554717686152589e-02	-1.877910005936031523e-02	1.715088523428775005e-02	-1.798467217500861540e-02	1.967695490883732135e-02	-3.362834727888323882e-02	2.650982676443125810e-02	-2.951838947269494820e-02	4.095287467186548014e-02	-2.054709399771460082e-02	3.859937946687926058e-02	-3.987290194530693915e-02	3.454195380101007795e-02	-3.770639249616918737e-02	3.511120114786656088e-02	-3.929597182262294791e-02	4.276540365678796474e-02	-4.255246707360512554e-02	5.924157538453363181e-02	-5.006730996553734880e-02	8.769482188647384491e-02	-5.634926820614909182e-02	6.192652562762419183e-02	-7.670184161926432709e-02	7.943131573791600841e-02	-8.908352208819272922e-02	7.864058044803537428e-02	-5.921420502577961348e-02	2.831558302034473673e-01	-4.115788112680268118e-01	1.853080924726729084e-01	-9.343817679085435202e-02	6.786925052668223157e-02	-8.079472230298027080e-01	9.999999999999982236e-01	-2.790143548412004071e-01	9.134560884349204879e-02	-6.498318682337675400e-02
-6.847006030309463198e-02	7.509292787831008120e-02	-5.296905576063712373e-02	4.645924364565970355e-02	-4.255588901741201580e-02	4.483650234731707818e-02	-4.894423656035445935e-02	8.307642499642289846e-02	-6.619917252390697393e-02	7.326811068630754986e-02	-1.022725524436286365e-01	5.099949282237657006e-02	-9.704932574694433156e-02	1.000821045378956498e-01	-8.808042980673430611e-02	9.363933843841751314e-02	-8.817418032037871445e-02	9.866235709431402101e-02	-1.092529781889081675e-01	1.080385298903784597e-01	-1.507326337682369788e-01	1.267121192305644128e-01	-2.403889971146996041e-01	1.435974886611013357e-01	-1.644556429615634530e-01	1.676028524983930734e-01	-1.890510043389191930e-01	2.428993344744194705e-01	-2.185218573868670799e-01	1.566850290690369463e-01	-1.764965925776796896e-01	1.672312617336515483e-01	-7.025460056872203651e-01	2.514276418435044125e-01	-1.942024118904666086e-01	2.116253214429586749e-01	-2.790143548412004071e-01	9.999999999999982236e-01	-3.447432112187993614e-01	1.821845158730585612e-01
4.581457996096353902e-02	-5.198718447553421496e-02	3.658434968705041868e-02	-3.261208044134671080e-02	2.976395680926125983e-02	-3.001040825489850045e-02	3.307009361756833854e-02	-5.744890295259453411e-02	4.654478999863581601e-02	-5.200916722258486224e-02	6.821253309114981567e-02	-3.450120992544261633e-02	6.547938173088682645e-02	-7.123512028756764924e-02	6.280498442002405146e-02	-6.214427874675081120e-02	5.772982756973513846e-02	-6.608971405656494102e-02	7.515407318343614307e-02	-7.926840080461196314e-02	8.883562727372640300e-02	-7.483275893818391866e-02	1.333567835065217477e-01	-9.969473671992334918e-02	1.227602794001576986e-01	-1.032583143928832714e-01	1.054392372241523129e-01	-1.306839407287511134e-01	1.479113417850124179e-01	-1.345423821246176377e-01	7.298572440151920859e-02	-7.091862566107756671e-02	2.160107892230991589e-01	-6.754922295759087092e-01	3.035973076207732491e-01	-9.759535343130465446e-02	9.134560884349204879e-02	-3.447432112187993614e-01	9.999999999999982236e-01	-5.343332474512854091e-01
