1.000000000000000222e+00	-4.003921691813082662e-01	3.800387452840565256e-02	-3.480118824256742127e-02	1.142631615832117864e-01	-8.554641149456050364e-01	2.460332600575990680e-01	-1.724113923686459993e-01	8.758143425603333310e-02	-6.646246649525494599e-02	1.218921948566469710e-01	-1.257567381461053568e-01	1.117707636802201115e-01	-8.236390231244995752e-02	7.152075921976580597e-02	-1.204019626484619798e-01	1.186467383719866237e-01	-9.823139299084329701e-02	6.941838694246141306e-02	-6.986147073278207997e-02	6.655592415407508844e-02	-7.570123558476596348e-02	8.051236065316759449e-02	-7.224513996815243311e-02	9.814298454506963088e-02	-7.075559166388717403e-02	6.053596032447277481e-02	-5.342680358494207582e-02	4.299932282424037688e-02	-5.167829070930666374e-02	6.958410341873383365e-02	-4.744388859048796064e-02	4.327382713736381559e-02	-3.531216142607551678e-02	1.940652347722528898e-02	-3.048684276284086697e-02	2.685874008223527662e-02	-3.190726209172691646e-02	2.942787742600443471e-02	-2.132418385001382671e-02
-4.003921691813082662e-01	1.000000000000000000e+00	-7.465199784403600547e-02	6.633771965940082893e-02	-2.248143710430092757e-01	2.736958029681565430e-01	-7.238172287320859821e-01	2.757251880944261435e-01	-1.666431117921384764e-01	1.250269933214344653e-01	-1.369990821062251618e-01	2.084596083048328441e-01	-2.068989730102372138e-01	1.476017107768901604e-01	-1.353716579861565239e-01	1.271939777681096728e-01	-2.140855066572066034e-01	1.704158525724849826e-01	-1.267955698147473775e-01	1.278823542521423939e-01	-1.126898675345994888e-01	1.283881841674992808e-01	-1.478370102620177318e-01	1.306474992222321219e-01	-1.867135339088309975e-01	1.179482954844799925e-01	-1.088320471397266620e-01	9.581396109571616027e-02	-7.800162356159805188e-02	9.270008875592537778e-02	-1.269094309690780853e-01	8.480211608274045021e-02	-7.827001591407525827e-02	6.349037071793585396e-02	-3.495062126093824439e-02	5.452454953754919814e-02	-4.833183443075168145e-02	5.726945824648897732e-02	-5.315363501916087197e-02	3.823555986486965041e-02
3.800387452840565256e-02	-7.465199784403600547e-02	1.000000000000000000e+00	-9.648722249860137712e-01	1.349742200872517950e-01	-4.438918079263932948e-02	6.310465077972030046e-02	-1.332869924042869025e-01	1.219083387339108399e-01	-9.587624516484093140e-02	3.812777466006941202e-02	-6.647463935187764017e-02	8.083958279484819431e-02	-9.947206653952775368e-02	7.676478754942456240e-02	-4.027642988524583051e-02	6.407694404640743024e-02	-9.324808773431603193e-02	6.798018021628295104e-02	-8.160009145351487803e-02	3.981040215515830455e-02	-4.792884019239602306e-02	5.669051643309593741e-02	-7.075190236816913947e-02	7.674671571338659293e-02	-4.869800517733317152e-02	3.967045013962821470e-02	-3.876486233856630409e-02	3.201416752817472233e-02	-4.089525266041506291e-02	4.486705186834637205e-02	-3.223629108890751355e-02	3.070109357230400848e-02	-2.603701355302689285e-02	1.452538005765851084e-02	-2.206349243661848494e-02	1.897967520888996923e-02	-2.332899092354118187e-02	2.127624910752028142e-02	-1.620944762385388010e-02
-3.480118824256742127e-02	6.633771965940082893e-02	-9.648722249860137712e-01	9.999999999999997780e-01	-1.541867197498670017e-01	4.021794357889505594e-02	-5.768330873892962146e-02	1.156251176412461806e-01	-1.371147960188249804e-01	9.588888875764675634e-02	-3.568090804665046550e-02	6.188823737082955329e-02	-7.757807172860076150e-02	9.470952908662533254e-02	-7.701919010708636881e-02	3.741184547115287973e-02	-6.066009897806848988e-02	8.642535966800327096e-02	-6.510613347272488360e-02	7.777370835683088124e-02	-3.740224236554867687e-02	4.484887116038646648e-02	-5.371311461233826967e-02	6.647826393794499522e-02	-7.402372185064362564e-02	4.532692870220314529e-02	-3.741388955625816332e-02	3.643332494804982918e-02	-3.014593043775459780e-02	3.829989298489364091e-02	-4.241740482090988057e-02	3.032241751534668975e-02	-2.890767604797910353e-02	2.444730686702012087e-02	-1.362865669594076623e-02	2.068749318223330955e-02	-1.783703763473009837e-02	2.189399608538334860e-02	-2.000691059832274826e-02	1.518238002850721448e-02
1.142631615832117864e-01	-2.248143710430092757e-01	1.349742200872517950e-01	-1.541867197498670017e-01	9.999999999999995559e-01	-1.407415142052322876e-01	1.812029348255543293e-01	-3.872349536539830828e-01	2.956988764287108440e-01	-5.661662419453451500e-01	1.207741948945684762e-01	-2.105611120706164519e-01	2.403059658388753961e-01	-2.931835552559822755e-01	2.925649261528740497e-01	-1.315859553321463982e-01	2.016013737819001561e-01	-3.432080878721914807e-01	2.359128308739167068e-01	-3.434806005473094448e-01	1.323340550726602172e-01	-1.613846288735302503e-01	1.892812926293022113e-01	-2.567878537223012292e-01	2.536110981648167506e-01	-1.704148216150595530e-01	1.321689073990316154e-01	-1.334724937338582218e-01	1.105255678675385045e-01	-1.454798857401667089e-01	1.477158040066731404e-01	-1.090774060768997245e-01	1.047151357843248420e-01	-9.034767001422824850e-02	5.069276524221793395e-02	-7.649427374157152792e-02	6.501961869143217665e-02	-8.088207257886978474e-02	7.318168282659344437e-02	-5.704019129869819515e-02
-8.554641149456050364e-01	2.736958029681565430e-01	-4.438918079263932948e-02	4.021794357889505594e-02	-1.407415142052322876e-01	9.999999999999997780e-01	-3.239145335550631111e-01	1.800820224333183894e-01	-1.052528558076584880e-01	7.978340389833188384e-02	-1.601885438446732646e-01	1.430992437134041839e-01	-1.327053628600509960e-01	9.634592336173095073e-02	-8.641790411484243095e-02	1.316493088723446891e-01	-1.441167306526415781e-01	1.140825961603332411e-01	-8.255904668183396133e-02	8.306078670775322859e-02	-7.941952479606062543e-02	8.896312585732014944e-02	-9.740011692114178277e-02	8.566406247278249286e-02	-1.196920081113358875e-01	8.254136195782380003e-02	-7.290202353142044567e-02	6.392903873768551737e-02	-5.164532917417836988e-02	6.162204439159515296e-02	-8.436273424391822762e-02	5.687819765141044481e-02	-5.203305269228964552e-02	4.228007453334815119e-02	-2.323770872960431375e-02	3.645713634131285408e-02	-3.223721613220432297e-02	3.819152527159361959e-02	-3.533418095698147299e-02	2.547008523121720158e-02
2.460332600575990680e-01	-7.238172287320859821e-01	6.310465077972030046e-02	-5.768330873892962146e-02	1.812029348255543293e-01	-3.239145335550631111e-01	9.999999999999997780e-01	-4.399053723274038430e-01	1.470139928267823193e-01	-1.079336040727292417e-01	1.321371049019331445e-01	-2.723159016070418326e-01	2.026285334779236169e-01	-1.400753297790098550e-01	1.146620978326177709e-01	-1.279952383769513147e-01	1.928070072229618181e-01	-1.575125907647298151e-01	1.118485466219309304e-01	-1.113373127295946424e-01	9.802007450376039321e-02	-1.163077419031463833e-01	1.235882098256726319e-01	-1.140344719251805139e-01	1.533682465952081742e-01	-1.042927086699833306e-01	9.219054461007800128e-02	-8.157864191588121150e-02	6.566690920955411959e-02	-7.887718884003490361e-02	1.052927581609520297e-01	-7.195254319704491586e-02	6.584306014227855886e-02	-5.374169979749575388e-02	2.951296709062313506e-02	-4.622389661124490928e-02	4.074164736369940282e-02	-4.849261245993149311e-02	4.474828696628395386e-02	-3.241890796439558797e-02
-1.724113923686459993e-01	2.757251880944261435e-01	-1.332869924042869025e-01	1.156251176412461806e-01	-3.872349536539830828e-01	1.800820224333183894e-01	-4.399053723274038430e-01	1.000000000000000222e+00	-3.260409053293666370e-01	2.193852711490594798e-01	-1.640372734058642701e-01	2.701591544928218513e-01	-4.313035372640000586e-01	2.626188191807758976e-01	-2.323005142445521976e-01	1.565942712754659349e-01	-2.890013786683637842e-01	2.727681330527023107e-01	-2.125658897794175384e-01	2.133987913079568310e-01	-1.603421611476064379e-01	1.834630044217388234e-01	-2.261139133854147831e-01	2.122482243980761685e-01	-3.037840116629105247e-01	1.727349710065503030e-01	-1.607396549231783489e-01	1.450150010388193134e-01	-1.196881367516946099e-01	1.427785115814280692e-01	-1.887314545346157890e-01	1.263212957260269886e-01	-1.184980234541496702e-01	9.652947374619134935e-02	-5.333585322186025490e-02	8.224009369865535601e-02	-7.279667026017633269e-02	8.679007883451961280e-02	-8.070950431134109315e-02	5.835017408022707963e-02
8.758143425603333310e-02	-1.666431117921384764e-01	1.219083387339108399e-01	-1.371147960188249804e-01	2.956988764287108440e-01	-1.052528558076584880e-01	1.470139928267823193e-01	-3.260409053293666370e-01	9.999999999999988898e-01	-4.980277350635343159e-01	1.031944533384255847e-01	-1.986127836764298993e-01	2.624405589914312609e-01	-6.106021125523007909e-01	2.573748248800263871e-01	-1.093082333011313884e-01	1.748134031490103102e-01	-2.718981027056889266e-01	2.267496606330472175e-01	-2.587150832760019559e-01	1.034967113207208578e-01	-1.269317663362246051e-01	1.498055329837652272e-01	-2.146067678743502904e-01	2.127924664984087166e-01	-1.247418188077481227e-01	1.028109230690317927e-01	-1.011694913706943505e-01	8.321525853224176483e-02	-1.055717194151528093e-01	1.145825544048377359e-01	-8.305036829640954910e-02	7.916202231250120402e-02	-6.709139555131025945e-02	3.721296096034095585e-02	-5.636879768230251136e-02	4.856941005547966289e-02	-5.990242526117796340e-02	5.468252125864366681e-02	-4.145563314437120117e-02
-6.646246649525494599e-02	1.250269933214344653e-01	-9.587624516484093140e-02	9.588888875764675634e-02	-5.661662419453451500e-01	7.978340389833188384e-02	-1.079336040727292417e-01	2.193852711490594798e-01	-4.980277350635343159e-01	1.000000000000000000e+00	-7.780229971645222231e-02	1.382050189620523672e-01	-1.833969602707219704e-01	2.501993659674449644e-01	-5.277725703739400975e-01	8.212547647683801633e-02	-1.353679591603780541e-01	2.128806652658641052e-01	-1.869589153640232038e-01	2.707411561198129202e-01	-8.332269746058772186e-02	1.008185868325688211e-01	-1.249746353723424214e-01	1.735428221961151096e-01	-1.942335413925340981e-01	1.018618366222868304e-01	-8.436669633882924735e-02	8.409229592494801842e-02	-7.026344403551490481e-02	8.973728515580191301e-02	-9.445382766565842136e-02	6.849147158586411932e-02	-6.611709579162851347e-02	5.625853767580767106e-02	-3.134978364172903709e-02	4.703502831947625751e-02	-4.046452322885506908e-02	5.012129929191356387e-02	-4.582375788576690395e-02	3.493959752315198286e-02
1.218921948566469710e-01	-1.369990821062251618e-01	3.812777466006941202e-02	-3.568090804665046550e-02	1.207741948945684762e-01	-1.601885438446732646e-01	1.321371049019331445e-01	-1.640372734058642701e-01	1.031944533384255847e-01	-7.780229971645222231e-02	9.999999999999972244e-01	-3.267103938999345036e-01	1.656953336883374983e-01	-1.133589617606773625e-01	8.415599712249240139e-02	-8.682721274879264817e-01	2.310867751279878368e-01	-1.423686525789990553e-01	9.067758627887416434e-02	-8.682420483851165105e-02	1.301825515971442027e-01	-1.395244060187615376e-01	1.087751289733875221e-01	-9.313551883439574741e-02	1.148043901377126946e-01	-1.258155083429279841e-01	9.066767456247454282e-02	-7.612005138602299936e-02	5.814439268978801451e-02	-7.026498232402875188e-02	9.782333724834553490e-02	-6.985318766956660763e-02	6.010879295514801740e-02	-4.904785851740906671e-02	2.648325936431843858e-02	-4.312714321668811163e-02	3.774806657415928635e-02	-4.460447168854521360e-02	4.053621139410475138e-02	-2.927964422601210884e-02
-1.257567381461053568e-01	2.084596083048328441e-01	-6.647463935187764017e-02	6.188823737082955329e-02	-2.105611120706164519e-01	1.430992437134041839e-01	-2.723159016070418326e-01	2.701591544928218513e-01	-1.986127836764298993e-01	1.382050189620523672e-01	-3.267103938999345036e-01	9.999999999999987788e-01	-5.144662572409421930e-01	2.184227925367906442e-01	-1.497537557726980884e-01	2.412556311084054494e-01	-5.749775332882031131e-01	2.418148161654276596e-01	-1.633871375678318527e-01	1.490141751968959982e-01	-1.682363088785978067e-01	2.075076562231787380e-01	-1.774825731430201281e-01	1.566963129100069629e-01	-1.958104918184787602e-01	1.601822220067080915e-01	-1.439192263612513178e-01	1.194135032676413855e-01	-9.208955942514224224e-02	1.101779342701156988e-01	-1.529608069760498013e-01	1.071933644297393823e-01	-9.429920528994530093e-02	7.647926496030525712e-02	-4.133085312608305445e-02	6.629374799404424978e-02	-5.848421879411931645e-02	6.922507970331155669e-02	-6.336302394813286831e-02	4.550475906007948879e-02
1.117707636802201115e-01	-2.068989730102372138e-01	8.083958279484819431e-02	-7.757807172860076150e-02	2.403059658388753961e-01	-1.327053628600509960e-01	2.026285334779236169e-01	-4.313035372640000586e-01	2.624405589914312609e-01	-1.833969602707219704e-01	1.656953336883374983e-01	-5.144662572409421930e-01	9.999999999999971134e-01	-4.934758107426940876e-01	1.850505568606806428e-01	-1.708636532358162596e-01	2.697659413706254283e-01	-3.639027498495608914e-01	2.195231035981524692e-01	-1.951370810534960587e-01	1.328839229594774296e-01	-1.691570010688551728e-01	1.737065142847575849e-01	-2.013797917242580726e-01	2.211893622426167050e-01	-1.487876087723370155e-01	1.251105752265148363e-01	-1.161185314433087340e-01	9.235220346914931044e-02	-1.137687115066727678e-01	1.373415221141423836e-01	-9.844519795622051761e-02	9.066621359892322596e-02	-7.534771086157375508e-02	4.125510673287423324e-02	-6.405884769170798465e-02	5.576413309243554578e-02	-6.765101045756911902e-02	6.183963735025301001e-02	-4.568666195614343867e-02
-8.236390231244995752e-02	1.476017107768901604e-01	-9.947206653952775368e-02	9.470952908662533254e-02	-2.931835552559822755e-01	9.634592336173095073e-02	-1.400753297790098550e-01	2.626188191807758976e-01	-6.106021125523007909e-01	2.501993659674449644e-01	-1.133589617606773625e-01	2.184227925367906442e-01	-4.934758107426940876e-01	9.999999999999995559e-01	-2.586236650007304738e-01	1.130407925089473853e-01	-2.028834403758383309e-01	2.709200109745162344e-01	-3.436561436677521009e-01	2.297444917298586686e-01	-1.081039316216749341e-01	1.306571513821612740e-01	-1.592730944533339577e-01	2.199972981090807800e-01	-2.374285740556982272e-01	1.231444922761688598e-01	-1.072122146766798373e-01	1.033141752606634156e-01	-8.517255961993447366e-02	1.052809153241565515e-01	-1.191428123866124789e-01	8.504410793396192936e-02	-8.108541402501671935e-02	6.785410394878793605e-02	-3.742037917267988095e-02	5.667133644004331700e-02	-4.929749239242381398e-02	6.046087023219361145e-02	-5.558997023950042887e-02	4.139354564184768992e-02
7.152075921976580597e-02	-1.353716579861565239e-01	7.676478754942456240e-02	-7.701919010708636881e-02	2.925649261528740497e-01	-8.641790411484243095e-02	1.146620978326177709e-01	-2.323005142445521976e-01	2.573748248800263871e-01	-5.277725703739400975e-01	8.415599712249240139e-02	-1.497537557726980884e-01	1.850505568606806428e-01	-2.586236650007304738e-01	9.999999999999962252e-01	-9.014944397810308041e-02	1.474126475475534270e-01	-2.703080986353675330e-01	2.421259481542480108e-01	-6.501933193460367466e-01	9.287782506980990505e-02	-1.133442397957994396e-01	1.438415758752800422e-01	-2.301293595690491467e-01	2.325146246354928004e-01	-1.154140871622699321e-01	9.522891122559599963e-02	-9.728976797624690198e-02	8.157377415902544726e-02	-1.055544131506158667e-01	1.058683200888988207e-01	-7.772099060621392996e-02	7.570490745938833477e-02	-6.494292945701297948e-02	3.619567775038623481e-02	-5.381464528132285513e-02	4.613975111131492224e-02	-5.763316164996325208e-02	5.260415726937712338e-02	-4.042835412179730803e-02
-1.204019626484619798e-01	1.271939777681096728e-01	-4.027642988524583051e-02	3.741184547115287973e-02	-1.315859553321463982e-01	1.316493088723446891e-01	-1.279952383769513147e-01	1.565942712754659349e-01	-1.093082333011313884e-01	8.212547647683801633e-02	-8.682721274879264817e-01	2.412556311084054494e-01	-1.708636532358162596e-01	1.130407925089473853e-01	-9.014944397810308041e-02	9.999999999999942268e-01	-3.039084275064623530e-01	1.450913624895574794e-01	-9.561566441339969247e-02	9.110199427535549399e-02	-1.655088706644298746e-01	1.539627025681426509e-01	-1.224457597698743183e-01	9.800817026358382700e-02	-1.255345340529808174e-01	1.352397583004564530e-01	-1.036172285352295747e-01	8.429191172165352575e-02	-6.428384978346593503e-02	7.657952999675676775e-02	-1.118893848652502826e-01	7.814241247298030213e-02	-6.706298611002356469e-02	5.416021802670568930e-02	-2.916674723220039414e-02	4.767390434494868379e-02	-4.205426615526371148e-02	4.929120984218995916e-02	-4.498844697310215579e-02	3.211473453594047844e-02
1.186467383719866237e-01	-2.140855066572066034e-01	6.407694404640743024e-02	-6.066009897806848988e-02	2.016013737819001561e-01	-1.441167306526415781e-01	1.928070072229618181e-01	-2.890013786683637842e-01	1.748134031490103102e-01	-1.353679591603780541e-01	2.310867751279878368e-01	-5.749775332882031131e-01	2.697659413706254283e-01	-2.028834403758383309e-01	1.474126475475534270e-01	-3.039084275064623530e-01	9.999999999999926725e-01	-3.296173292474077754e-01	1.726395330577653597e-01	-1.594039480665365438e-01	2.215799152752684076e-01	-4.315922640071303551e-01	2.059352086653063740e-01	-1.761956968646643251e-01	2.031708220103084772e-01	-2.277858514685948688e-01	1.850341220091426542e-01	-1.521264967094824172e-01	1.104808671258744462e-01	-1.347671808744759225e-01	1.809279877364570743e-01	-1.391583104515061453e-01	1.151395042775563288e-01	-9.437914855245088663e-02	5.024889694702969895e-02	-8.294604280526240991e-02	7.216859480103755831e-02	-8.585598702741624455e-02	7.713644572930122845e-02	-5.584339563733305145e-02
-9.823139299084329701e-02	1.704158525724849826e-01	-9.324808773431603193e-02	8.642535966800327096e-02	-3.432080878721914807e-01	1.140825961603332411e-01	-1.575125907647298151e-01	2.727681330527023107e-01	-2.718981027056889266e-01	2.128806652658641052e-01	-1.423686525789990553e-01	2.418148161654276596e-01	-3.639027498495608914e-01	2.709200109745162344e-01	-2.703080986353675330e-01	1.450913624895574794e-01	-3.296173292474077754e-01	9.999999999999956701e-01	-4.969247387768384594e-01	2.700323553169446944e-01	-1.634380803518855063e-01	1.968361472323128247e-01	-3.050813252983577972e-01	3.000285223714366789e-01	-3.994152295489373783e-01	1.818674966272665894e-01	-1.726010659861278995e-01	1.714602336163454643e-01	-1.381336371714619871e-01	1.653597276832803054e-01	-1.894023672172601980e-01	1.347290965102751481e-01	-1.317092952335978950e-01	1.085158854842883797e-01	-5.934321430865413527e-02	8.898034420624181817e-02	-7.811406622725752813e-02	9.622905016695978975e-02	-8.913807070685636491e-02	6.515853218317588236e-02
6.941838694246141306e-02	-1.267955698147473775e-01	6.798018021628295104e-02	-6.510613347272488360e-02	2.359128308739167068e-01	-8.255904668183396133e-02	1.118485466219309304e-01	-2.125658897794175384e-01	2.267496606330472175e-01	-1.869589153640232038e-01	9.067758627887416434e-02	-1.633871375678318527e-01	2.195231035981524692e-01	-3.436561436677521009e-01	2.421259481542480108e-01	-9.561566441339969247e-02	1.726395330577653597e-01	-4.969247387768384594e-01	9.999999999999964473e-01	-4.254702527194427208e-01	1.026537088403990244e-01	-1.263893207690889309e-01	1.843741797010235162e-01	-5.797734797805429441e-01	3.082455558400848949e-01	-1.230817342944148934e-01	1.091999016413754825e-01	-1.159347314062198486e-01	9.717163854098087583e-02	-1.206363564585471726e-01	1.193023086359444179e-01	-8.793185326540743640e-02	8.733076339233797336e-02	-7.459822337409970083e-02	4.088232899724487251e-02	-5.994960791349137480e-02	5.184046683314773307e-02	-6.535380071920866840e-02	6.011047666760959557e-02	-4.529850397484926766e-02
-6.986147073278207997e-02	1.278823542521423939e-01	-8.160009145351487803e-02	7.777370835683088124e-02	-3.434806005473094448e-01	8.306078670775322859e-02	-1.113373127295946424e-01	2.133987913079568310e-01	-2.587150832760019559e-01	2.707411561198129202e-01	-8.682420483851165105e-02	1.490141751968959982e-01	-1.951370810534960587e-01	2.297444917298586686e-01	-6.501933193460367466e-01	9.110199427535549399e-02	-1.594039480665365438e-01	2.700323553169446944e-01	-4.254702527194427208e-01	9.999999999999931166e-01	-9.985435480658358398e-02	1.200637616157417681e-01	-1.680366913024677056e-01	2.664982490062821063e-01	-3.687548605237442878e-01	1.207936561293467131e-01	-1.056894213273880945e-01	1.080795951162256963e-01	-9.332184051324853014e-02	1.177764717551949003e-01	-1.180684630731037993e-01	8.549564754337575512e-02	-8.478213167478457213e-02	7.207664755337941931e-02	-4.009450927815688681e-02	5.872546929466862520e-02	-5.083194461222585725e-02	6.351045979180673651e-02	-5.867749713790634120e-02	4.436531047819176898e-02
6.655592415407508844e-02	-1.126898675345994888e-01	3.981040215515830455e-02	-3.740224236554867687e-02	1.323340550726602172e-01	-7.941952479606062543e-02	9.802007450376039321e-02	-1.603421611476064379e-01	1.034967113207208578e-01	-8.332269746058772186e-02	1.301825515971442027e-01	-1.682363088785978067e-01	1.328839229594774296e-01	-1.081039316216749341e-01	9.287782506980990505e-02	-1.655088706644298746e-01	2.215799152752684076e-01	-1.634380803518855063e-01	1.026537088403990244e-01	-9.985435480658358398e-02	9.999999999999972244e-01	-5.722861348167157525e-01	2.005928071198229690e-01	-1.174103184501239933e-01	1.436808590758751614e-01	-6.819965032830335172e-01	2.193218921935502497e-01	-1.612400364481560988e-01	1.108495031775569017e-01	-1.322816465812499398e-01	2.251331048803244528e-01	-1.715984715298631835e-01	1.246152039875710049e-01	-1.002673050993299758e-01	5.178981002925300836e-02	-9.384363249277885566e-02	8.134039515400454112e-02	-9.304758917156563669e-02	8.220388494849449612e-02	-5.763287148518339564e-02
-7.570123558476596348e-02	1.283881841674992808e-01	-4.792884019239602306e-02	4.484887116038646648e-02	-1.613846288735302503e-01	8.896312585732014944e-02	-1.163077419031463833e-01	1.834630044217388234e-01	-1.269317663362246051e-01	1.008185868325688211e-01	-1.395244060187615376e-01	2.075076562231787380e-01	-1.691570010688551728e-01	1.306571513821612740e-01	-1.133442397957994396e-01	1.539627025681426509e-01	-4.315922640071303551e-01	1.968361472323128247e-01	-1.263893207690889309e-01	1.200637616157417681e-01	-5.722861348167157525e-01	9.999999999999957812e-01	-2.957713117686696647e-01	1.429260082183738678e-01	-1.771900883135490989e-01	3.059579757476420525e-01	-4.057342530639541089e-01	2.135876562660470601e-01	-1.407392678270765751e-01	1.589130031483690642e-01	-2.812694588560623599e-01	2.137076741643890165e-01	-1.606593580689928691e-01	1.232931841751476326e-01	-6.283075812415420125e-02	1.106486106436008754e-01	-1.000552788526903603e-01	1.131684404113086906e-01	-1.019004416649447464e-01	6.898605720753264725e-02
8.051236065316759449e-02	-1.478370102620177318e-01	5.669051643309593741e-02	-5.371311461233826967e-02	1.892812926293022113e-01	-9.740011692114178277e-02	1.235882098256726319e-01	-2.261139133854147831e-01	1.498055329837652272e-01	-1.249746353723424214e-01	1.087751289733875221e-01	-1.774825731430201281e-01	1.737065142847575849e-01	-1.592730944533339577e-01	1.438415758752800422e-01	-1.224457597698743183e-01	2.059352086653063740e-01	-3.050813252983577972e-01	1.843741797010235162e-01	-1.680366913024677056e-01	2.005928071198229690e-01	-2.957713117686696647e-01	9.999999999999954481e-01	-2.696388726781281941e-01	2.420600601619550540e-01	-2.850413123782999381e-01	2.770479063515032814e-01	-5.886658982034164156e-01	2.467404872912406788e-01	-3.294488036806579312e-01	2.477644486632986087e-01	-2.334131157011922197e-01	2.436956487807019900e-01	-2.168168437935314996e-01	1.081677797435188076e-01	-1.614417073635290578e-01	1.335518418833334386e-01	-1.892483832532604882e-01	1.602319144281607599e-01	-1.245189249475828902e-01
-7.224513996815243311e-02	1.306474992222321219e-01	-7.075190236816913947e-02	6.647826393794499522e-02	-2.567878537223012292e-01	8.566406247278249286e-02	-1.140344719251805139e-01	2.122482243980761685e-01	-2.146067678743502904e-01	1.735428221961151096e-01	-9.313551883439574741e-02	1.566963129100069629e-01	-2.013797917242580726e-01	2.199972981090807800e-01	-2.301293595690491467e-01	9.800817026358382700e-02	-1.761956968646643251e-01	3.000285223714366789e-01	-5.797734797805429441e-01	2.664982490062821063e-01	-1.174103184501239933e-01	1.429260082183738678e-01	-2.696388726781281941e-01	9.999999999999958922e-01	-6.088186039387851745e-01	1.435346550487734685e-01	-1.342104811615129900e-01	1.504421010269073045e-01	-1.362169914437345863e-01	1.608759515015319996e-01	-1.451812504943710835e-01	1.082645736085402349e-01	-1.128399130213445789e-01	9.685483320506062255e-02	-5.284807944071524127e-02	7.465849729337800667e-02	-6.480201243361234653e-02	8.322384795181947403e-02	-7.766060234578256449e-02	5.807721938355822622e-02
9.814298454506963088e-02	-1.867135339088309975e-01	7.674671571338659293e-02	-7.402372185064362564e-02	2.536110981648167506e-01	-1.196920081113358875e-01	1.533682465952081742e-01	-3.037840116629105247e-01	2.127924664984087166e-01	-1.942335413925340981e-01	1.148043901377126946e-01	-1.958104918184787602e-01	2.211893622426167050e-01	-2.374285740556982272e-01	2.325146246354928004e-01	-1.255345340529808174e-01	2.031708220103084772e-01	-3.994152295489373783e-01	3.082455558400848949e-01	-3.687548605237442878e-01	1.436808590758751614e-01	-1.771900883135490989e-01	2.420600601619550540e-01	-6.088186039387851745e-01	9.999999999999943379e-01	-1.897472302030057956e-01	1.569368440145059995e-01	-1.764942946806644930e-01	1.635152353320826202e-01	-2.445601567909960194e-01	1.714961497992432971e-01	-1.318330988649701885e-01	1.359969383672194609e-01	-1.224544245663764658e-01	6.932088901083303945e-02	-9.549553028111695818e-02	8.088983434394744765e-02	-1.053837481884515592e-01	9.661710381869859088e-02	-7.773249208026285217e-02
-7.075559166388717403e-02	1.179482954844799925e-01	-4.869800517733317152e-02	4.532692870220314529e-02	-1.704148216150595530e-01	8.254136195782380003e-02	-1.042927086699833306e-01	1.727349710065503030e-01	-1.247418188077481227e-01	1.018618366222868304e-01	-1.258155083429279841e-01	1.601822220067080915e-01	-1.487876087723370155e-01	1.231444922761688598e-01	-1.154140871622699321e-01	1.352397583004564530e-01	-2.277858514685948688e-01	1.818674966272665894e-01	-1.230817342944148934e-01	1.207936561293467131e-01	-6.819965032830335172e-01	3.059579757476420525e-01	-2.850413123782999381e-01	1.435346550487734685e-01	-1.897472302030057956e-01	9.999999999999940048e-01	-2.944276143375270660e-01	2.006546509930632327e-01	-1.470129536306228057e-01	1.652859233290036589e-01	-4.095211672831631233e-01	2.210927594515098571e-01	-1.694490067055179350e-01	1.301907555402144756e-01	-6.791307274527694227e-02	1.228071810954111248e-01	-1.109378385595803235e-01	1.212353227304523162e-01	-1.105877180525955961e-01	7.402191690323205175e-02
6.053596032447277481e-02	-1.088320471397266620e-01	3.967045013962821470e-02	-3.741388955625816332e-02	1.321689073990316154e-01	-7.290202353142044567e-02	9.219054461007800128e-02	-1.607396549231783489e-01	1.028109230690317927e-01	-8.436669633882924735e-02	9.066767456247454282e-02	-1.439192263612513178e-01	1.251105752265148363e-01	-1.072122146766798373e-01	9.522891122559599963e-02	-1.036172285352295747e-01	1.850341220091426542e-01	-1.726010659861278995e-01	1.091999016413754825e-01	-1.056894213273880945e-01	2.193218921935502497e-01	-4.057342530639541089e-01	2.770479063515032814e-01	-1.342104811615129900e-01	1.569368440145059995e-01	-2.944276143375270660e-01	9.999999999999942268e-01	-4.641989503742048329e-01	1.912136640643337104e-01	-2.185687454166462818e-01	3.037892919911029388e-01	-5.626766588658234092e-01	2.385250494737755356e-01	-1.842881080882981248e-01	8.454279166985749494e-02	-1.675123167119909884e-01	1.470476734407743791e-01	-1.691087218957688931e-01	1.416540480094685139e-01	-9.467780619401472419e-02
-5.342680358494207582e-02	9.581396109571616027e-02	-3.876486233856630409e-02	3.643332494804982918e-02	-1.334724937338582218e-01	6.392903873768551737e-02	-8.157864191588121150e-02	1.450150010388193134e-01	-1.011694913706943505e-01	8.409229592494801842e-02	-7.612005138602299936e-02	1.194135032676413855e-01	-1.161185314433087340e-01	1.033141752606634156e-01	-9.728976797624690198e-02	8.429191172165352575e-02	-1.521264967094824172e-01	1.714602336163454643e-01	-1.159347314062198486e-01	1.080795951162256963e-01	-1.612400364481560988e-01	2.135876562660470601e-01	-5.886658982034164156e-01	1.504421010269073045e-01	-1.764942946806644930e-01	2.006546509930632327e-01	-4.641989503742048329e-01	9.999999999999938938e-01	-3.553040316166828916e-01	2.671989895018394012e-01	-2.608179009926886449e-01	2.505508497712370941e-01	-3.828855889936608192e-01	2.286680422911290256e-01	-1.017104933390527710e-01	1.442179101744030523e-01	-1.320349578466394613e-01	1.870845812744693082e-01	-1.734441164599250795e-01	1.085503257394731802e-01
4.299932282424037688e-02	-7.800162356159805188e-02	3.201416752817472233e-02	-3.014593043775459780e-02	1.105255678675385045e-01	-5.164532917417836988e-02	6.566690920955411959e-02	-1.196881367516946099e-01	8.321525853224176483e-02	-7.026344403551490481e-02	5.814439268978801451e-02	-9.208955942514224224e-02	9.235220346914931044e-02	-8.517255961993447366e-02	8.157377415902544726e-02	-6.428384978346593503e-02	1.104808671258744462e-01	-1.381336371714619871e-01	9.717163854098087583e-02	-9.332184051324853014e-02	1.108495031775569017e-01	-1.407392678270765751e-01	2.467404872912406788e-01	-1.362169914437345863e-01	1.635152353320826202e-01	-1.470129536306228057e-01	1.912136640643337104e-01	-3.553040316166828916e-01	9.999999999999943379e-01	-7.457064250812864836e-01	1.869704471131281021e-01	-1.704222969807429322e-01	2.536758852886441540e-01	-3.919755756977816308e-01	1.372514182777021530e-01	-1.292267419587521948e-01	1.136958504436839518e-01	-1.910503944964631606e-01	1.979415330104371262e-01	-1.455975273445166418e-01
-5.167829070930666374e-02	9.270008875592537778e-02	-4.089525266041506291e-02	3.829989298489364091e-02	-1.454798857401667089e-01	6.162204439159515296e-02	-7.887718884003490361e-02	1.427785115814280692e-01	-1.055717194151528093e-01	8.973728515580191301e-02	-7.026498232402875188e-02	1.101779342701156988e-01	-1.137687115066727678e-01	1.052809153241565515e-01	-1.055544131506158667e-01	7.657952999675676775e-02	-1.347671808744759225e-01	1.653597276832803054e-01	-1.206363564585471726e-01	1.177764717551949003e-01	-1.322816465812499398e-01	1.589130031483690642e-01	-3.294488036806579312e-01	1.608759515015319996e-01	-2.445601567909960194e-01	1.652859233290036589e-01	-2.185687454166462818e-01	2.671989895018394012e-01	-7.457064250812864836e-01	9.999999999999937828e-01	-2.412571560548428251e-01	1.828169800272704537e-01	-2.748127081452254594e-01	2.558527315792207268e-01	-1.609273394783069799e-01	1.318628256158828338e-01	-1.233998120001082166e-01	1.786050564144546493e-01	-2.084525797211443099e-01	1.451854985273761667e-01
6.958410341873383365e-02	-1.269094309690780853e-01	4.486705186834637205e-02	-4.241740482090988057e-02	1.477158040066731404e-01	-8.436273424391822762e-02	1.052927581609520297e-01	-1.887314545346157890e-01	1.145825544048377359e-01	-9.445382766565842136e-02	9.782333724834553490e-02	-1.529608069760498013e-01	1.373415221141423836e-01	-1.191428123866124789e-01	1.058683200888988207e-01	-1.118893848652502826e-01	1.809279877364570743e-01	-1.894023672172601980e-01	1.193023086359444179e-01	-1.180684630731037993e-01	2.251331048803244528e-01	-2.812694588560623599e-01	2.477644486632986087e-01	-1.451812504943710835e-01	1.714961497992432971e-01	-4.095211672831631233e-01	3.037892919911029388e-01	-2.608179009926886449e-01	1.869704471131281021e-01	-2.412571560548428251e-01	9.999999999999953371e-01	-6.143451392349816853e-01	2.413123053780940608e-01	-2.046017181752366187e-01	9.816316848173194110e-02	-2.522782357063795278e-01	1.928863747066835721e-01	-2.024813440531501030e-01	1.625078143258402164e-01	-1.132367831052474294e-01
-4.744388859048796064e-02	8.480211608274045021e-02	-3.223629108890751355e-02	3.032241751534668975e-02	-1.090774060768997245e-01	5.687819765141044481e-02	-7.195254319704491586e-02	1.263212957260269886e-01	-8.305036829640954910e-02	6.849147158586411932e-02	-6.985318766956660763e-02	1.071933644297393823e-01	-9.844519795622051761e-02	8.504410793396192936e-02	-7.772099060621392996e-02	7.814241247298030213e-02	-1.391583104515061453e-01	1.347290965102751481e-01	-8.793185326540743640e-02	8.549564754337575512e-02	-1.715984715298631835e-01	2.137076741643890165e-01	-2.334131157011922197e-01	1.082645736085402349e-01	-1.318330988649701885e-01	2.210927594515098571e-01	-5.626766588658234092e-01	2.505508497712370941e-01	-1.704222969807429322e-01	1.828169800272704537e-01	-6.143451392349816853e-01	9.999999999999935607e-01	-3.310633097366698641e-01	1.872666556923126835e-01	-8.299112129919290759e-02	1.985052298288981776e-01	-2.215311974821183028e-01	1.827468721328384393e-01	-1.561467842764955316e-01	9.051952116553793615e-02
4.327382713736381559e-02	-7.827001591407525827e-02	3.070109357230400848e-02	-2.890767604797910353e-02	1.047151357843248420e-01	-5.203305269228964552e-02	6.584306014227855886e-02	-1.184980234541496702e-01	7.916202231250120402e-02	-6.611709579162851347e-02	6.010879295514801740e-02	-9.429920528994530093e-02	9.066621359892322596e-02	-8.108541402501671935e-02	7.570490745938833477e-02	-6.706298611002356469e-02	1.151395042775563288e-01	-1.317092952335978950e-01	8.733076339233797336e-02	-8.478213167478457213e-02	1.246152039875710049e-01	-1.606593580689928691e-01	2.436956487807019900e-01	-1.128399130213445789e-01	1.359969383672194609e-01	-1.694490067055179350e-01	2.385250494737755356e-01	-3.828855889936608192e-01	2.536758852886441540e-01	-2.748127081452254594e-01	2.413123053780940608e-01	-3.310633097366698641e-01	9.999999999999938938e-01	-5.618589947900824999e-01	1.482411486005711931e-01	-2.112143574136793600e-01	1.850681172216539494e-01	-4.431456018044916401e-01	2.942840736072320773e-01	-1.673659470688241835e-01
-3.531216142607551678e-02	6.349037071793585396e-02	-2.603701355302689285e-02	2.444730686702012087e-02	-9.034767001422824850e-02	4.228007453334815119e-02	-5.374169979749575388e-02	9.652947374619134935e-02	-6.709139555131025945e-02	5.625853767580767106e-02	-4.904785851740906671e-02	7.647926496030525712e-02	-7.534771086157375508e-02	6.785410394878793605e-02	-6.494292945701297948e-02	5.416021802670568930e-02	-9.437914855245088663e-02	1.085158854842883797e-01	-7.459822337409970083e-02	7.207664755337941931e-02	-1.002673050993299758e-01	1.232931841751476326e-01	-2.168168437935314996e-01	9.685483320506062255e-02	-1.224544245663764658e-01	1.301907555402144756e-01	-1.842881080882981248e-01	2.286680422911290256e-01	-3.919755756977816308e-01	2.558527315792207268e-01	-2.046017181752366187e-01	1.872666556923126835e-01	-5.618589947900824999e-01	9.999999999999940048e-01	-2.278532242806919628e-01	1.546533720902997788e-01	-1.493015446510428945e-01	2.946369171289877631e-01	-5.295148954546755604e-01	1.862700783526017867e-01
1.940652347722528898e-02	-3.495062126093824439e-02	1.452538005765851084e-02	-1.362865669594076623e-02	5.069276524221793395e-02	-2.323770872960431375e-02	2.951296709062313506e-02	-5.333585322186025490e-02	3.721296096034095585e-02	-3.134978364172903709e-02	2.648325936431843858e-02	-4.133085312608305445e-02	4.125510673287423324e-02	-3.742037917267988095e-02	3.619567775038623481e-02	-2.916674723220039414e-02	5.024889694702969895e-02	-5.934321430865413527e-02	4.088232899724487251e-02	-4.009450927815688681e-02	5.178981002925300836e-02	-6.283075812415420125e-02	1.081677797435188076e-01	-5.284807944071524127e-02	6.932088901083303945e-02	-6.791307274527694227e-02	8.454279166985749494e-02	-1.017104933390527710e-01	1.372514182777021530e-01	-1.609273394783069799e-01	9.816316848173194110e-02	-8.299112129919290759e-02	1.482411486005711931e-01	-2.278532242806919628e-01	9.999999999999934497e-01	-7.153674977248980493e-02	6.470133513547077220e-02	-1.129967637106074896e-01	1.336278437795918594e-01	-9.367561172222274024e-01
-3.048684276284086697e-02	5.452454953754919814e-02	-2.206349243661848494e-02	2.068749318223330955e-02	-7.649427374157152792e-02	3.645713634131285408e-02	-4.622389661124490928e-02	8.224009369865535601e-02	-5.636879768230251136e-02	4.703502831947625751e-02	-4.312714321668811163e-02	6.629374799404424978e-02	-6.405884769170798465e-02	5.667133644004331700e-02	-5.381464528132285513e-02	4.767390434494868379e-02	-8.294604280526240991e-02	8.898034420624181817e-02	-5.994960791349137480e-02	5.872546929466862520e-02	-9.384363249277885566e-02	1.106486106436008754e-01	-1.614417073635290578e-01	7.465849729337800667e-02	-9.549553028111695818e-02	1.228071810954111248e-01	-1.675123167119909884e-01	1.442179101744030523e-01	-1.292267419587521948e-01	1.318628256158828338e-01	-2.522782357063795278e-01	1.985052298288981776e-01	-2.112143574136793600e-01	1.546533720902997788e-01	-7.153674977248980493e-02	9.999999999999933387e-01	-8.659865227529021103e-01	2.352937183138575361e-01	-2.223684838930082008e-01	7.450143039385545563e-02
2.685874008223527662e-02	-4.833183443075168145e-02	1.897967520888996923e-02	-1.783703763473009837e-02	6.501961869143217665e-02	-3.223721613220432297e-02	4.074164736369940282e-02	-7.279667026017633269e-02	4.856941005547966289e-02	-4.046452322885506908e-02	3.774806657415928635e-02	-5.848421879411931645e-02	5.576413309243554578e-02	-4.929749239242381398e-02	4.613975111131492224e-02	-4.205426615526371148e-02	7.216859480103755831e-02	-7.811406622725752813e-02	5.184046683314773307e-02	-5.083194461222585725e-02	8.134039515400454112e-02	-1.000552788526903603e-01	1.335518418833334386e-01	-6.480201243361234653e-02	8.088983434394744765e-02	-1.109378385595803235e-01	1.470476734407743791e-01	-1.320349578466394613e-01	1.136958504436839518e-01	-1.233998120001082166e-01	1.928863747066835721e-01	-2.215311974821183028e-01	1.850681172216539494e-01	-1.493015446510428945e-01	6.470133513547077220e-02	-8.659865227529021103e-01	9.999999999999936717e-01	-3.288493834960291018e-01	1.942883270834926124e-01	-6.995202403212907871e-02
-3.190726209172691646e-02	5.726945824648897732e-02	-2.332899092354118187e-02	2.189399608538334860e-02	-8.088207257886978474e-02	3.819152527159361959e-02	-4.849261245993149311e-02	8.679007883451961280e-02	-5.990242526117796340e-02	5.012129929191356387e-02	-4.460447168854521360e-02	6.922507970331155669e-02	-6.765101045756911902e-02	6.046087023219361145e-02	-5.763316164996325208e-02	4.929120984218995916e-02	-8.585598702741624455e-02	9.622905016695978975e-02	-6.535380071920866840e-02	6.351045979180673651e-02	-9.304758917156563669e-02	1.131684404113086906e-01	-1.892483832532604882e-01	8.322384795181947403e-02	-1.053837481884515592e-01	1.212353227304523162e-01	-1.691087218957688931e-01	1.870845812744693082e-01	-1.910503944964631606e-01	1.786050564144546493e-01	-2.024813440531501030e-01	1.827468721328384393e-01	-4.431456018044916401e-01	2.946369171289877631e-01	-1.129967637106074896e-01	2.352937183138575361e-01	-3.288493834960291018e-01	9.999999999999940048e-01	-7.028611058175656678e-01	1.148070558258603852e-01
2.942787742600443471e-02	-5.315363501916087197e-02	2.127624910752028142e-02	-2.000691059832274826e-02	7.318168282659344437e-02	-3.533418095698147299e-02	4.474828696628395386e-02	-8.070950431134109315e-02	5.468252125864366681e-02	-4.582375788576690395e-02	4.053621139410475138e-02	-6.336302394813286831e-02	6.183963735025301001e-02	-5.558997023950042887e-02	5.260415726937712338e-02	-4.498844697310215579e-02	7.713644572930122845e-02	-8.913807070685636491e-02	6.011047666760959557e-02	-5.867749713790634120e-02	8.220388494849449612e-02	-1.019004416649447464e-01	1.602319144281607599e-01	-7.766060234578256449e-02	9.661710381869859088e-02	-1.105877180525955961e-01	1.416540480094685139e-01	-1.734441164599250795e-01	1.979415330104371262e-01	-2.084525797211443099e-01	1.625078143258402164e-01	-1.561467842764955316e-01	2.942840736072320773e-01	-5.295148954546755604e-01	1.336278437795918594e-01	-2.223684838930082008e-01	1.942883270834926124e-01	-7.028611058175656678e-01	9.999999999999942268e-01	-1.491783570251413726e-01
