1.000000000000000222e+00	-8.880498976093913477e-01	2.110533422604706499e-01	-1.258497116815614769e-01	9.137561495158974534e-02	-2.707221091926712564e-01	1.662766151782358592e-01	-2.018841388297608064e-01	1.006212800400694274e-01	-6.989821486962276287e-02	1.593918141839723579e-01	-1.161834591149326357e-01	1.066111914404702238e-01	-6.172718837668556002e-02	7.115295807956768803e-02	-1.378426991671578283e-01	9.093382589295526119e-02	-1.027032211281524304e-01	4.863009344826051128e-02	-5.888906406508093855e-02	7.382921071604763019e-02	-7.049895037591137614e-02	7.752367289341363654e-02	-5.494810878420897104e-02	5.551046011443410561e-02	-6.485569629977740169e-02	6.043094237620010023e-02	-5.778540830452606747e-02	2.880337765974324768e-02	-2.644576426803565972e-02	4.783168927572056112e-02	-4.941298253846194283e-02	4.064375670758956643e-02	-3.072613807597905991e-02	2.518724433336324772e-02	-5.462483930988241282e-02	3.874215000701226874e-02	-5.086896146821821840e-02	1.935548386327136383e-02	-1.998814560163220122e-02
-8.880498976093913477e-01	9.999999999999998890e-01	-2.962187393971643656e-01	1.283330168008333660e-01	-9.863604816057092162e-02	1.950626051749670964e-01	-1.719942030105877373e-01	1.856470070610823087e-01	-1.083054640452914691e-01	7.194919361897943177e-02	-1.557444834587235760e-01	1.087609694170214580e-01	-1.040108585745097569e-01	5.985068856453329422e-02	-7.091201360999989378e-02	1.210618811083772617e-01	-8.620814200324938836e-02	9.426032606706770400e-02	-4.756800940556663027e-02	5.688789874609321423e-02	-6.823074808515162959e-02	6.493251941758013124e-02	-7.265416493722477720e-02	5.218735260361048039e-02	-5.353424654534422872e-02	5.883633284839289573e-02	-5.593833810890130182e-02	5.303927311316606469e-02	-2.680737901575448723e-02	2.457516022699487296e-02	-4.358589487077618035e-02	4.463743807900951571e-02	-3.705107070037379907e-02	2.843099393609183068e-02	-2.343366554956933731e-02	4.903748219695694410e-02	-3.509926571439288268e-02	4.598635057252602187e-02	-1.771741517750607953e-02	1.822358176671321980e-02
2.110533422604706499e-01	-2.962187393971643656e-01	1.000000000000000222e+00	-4.837369518227830900e-01	2.131033430945192819e-01	-2.261011891294322507e-01	2.235249196954625373e-01	-6.281331806005797658e-01	2.483881501390288460e-01	-1.699344000111898123e-01	1.763126709791326685e-01	-1.826568291723186521e-01	1.846707294402219479e-01	-1.239978703452575964e-01	1.359166639075732319e-01	-2.045193403392797926e-01	1.407031681080352092e-01	-1.735689011640269008e-01	9.404636385465738047e-02	-1.133912564049460864e-01	1.121578257460933842e-01	-1.098565759666604857e-01	1.222575018123596979e-01	-9.897225531523601294e-02	9.877261187515129492e-02	-1.011079813752279594e-01	9.401316227479218635e-02	-9.161223056078611482e-02	4.794389664713546301e-02	-4.414293890749100557e-02	7.447095163704969822e-02	-7.758046086551118048e-02	6.409321487446242860e-02	-5.095130240404214389e-02	4.172586140574031238e-02	-8.583170651089652714e-02	6.068283078875900960e-02	-8.048590481985719303e-02	3.109202066271603282e-02	-3.212918911097639024e-02
-1.258497116815614769e-01	1.283330168008333660e-01	-4.837369518227830900e-01	1.000000000000000666e+00	-4.753128468581347965e-01	1.321968390618953881e-01	-1.395370330977658835e-01	2.557709053759081308e-01	-6.027521660591421693e-01	2.860354100542120137e-01	-1.181134419838818367e-01	1.100407496074207597e-01	-1.156515284633591462e-01	1.478289689127130768e-01	-1.718026573883471020e-01	1.330514510697814734e-01	-9.428074963399177277e-02	1.092014680983999647e-01	-1.139559997014797932e-01	1.296919732110646817e-01	-7.762665285317439656e-02	7.529012111923853723e-02	-9.049844321734530628e-02	9.893689190758507557e-02	-1.024888989907742493e-01	7.088493248789030921e-02	-6.770990839720660015e-02	6.677666316434338611e-02	-4.081366441184333671e-02	3.774699935831278552e-02	-5.299602157813534248e-02	5.506078825330022047e-02	-4.657282935452629336e-02	4.254201749521950571e-02	-3.541997937175617173e-02	6.054891158258555311e-02	-4.332733876055176736e-02	5.791184275441734614e-02	-2.405356106279075284e-02	2.465045717597331640e-02
9.137561495158974534e-02	-9.863604816057092162e-02	2.131033430945192819e-01	-4.753128468581347965e-01	1.000000000000000888e+00	-1.316488044598079499e-01	1.256982986327975504e-01	-2.333352068118305367e-01	3.236059191276416391e-01	-7.164583611715216183e-01	1.145883395116891190e-01	-1.078048487012682327e-01	1.082960553576534646e-01	-1.634496620122134203e-01	1.996111770054065093e-01	-1.464391302429372543e-01	9.560409592039824378e-02	-1.128677630118669895e-01	1.165938048232188773e-01	-1.758813232201388854e-01	8.255713252163704441e-02	-8.008237398815581942e-02	9.619640856213849955e-02	-1.161149220192662646e-01	1.119378727198748757e-01	-7.799873956334078817e-02	7.294129460937857912e-02	-7.329254128017265169e-02	4.605077198763782298e-02	-4.290634566871935618e-02	5.823615133980770964e-02	-6.133261342905923369e-02	5.156274548342065084e-02	-4.858651668283531233e-02	3.976002375773393660e-02	-6.800762408482617649e-02	4.813120538572418505e-02	-6.485082038045010544e-02	2.693944592741301380e-02	-2.778318423668881681e-02
-2.707221091926712564e-01	1.950626051749670964e-01	-2.261011891294322507e-01	1.321968390618953881e-01	-1.316488044598079499e-01	1.000000000000000666e+00	-5.294077758736055461e-01	2.332508664483257665e-01	-1.394726217813667957e-01	9.392934144863529511e-02	-6.260379204812961396e-01	2.439078749219663889e-01	-2.167794945665573736e-01	9.364022227586697722e-02	-1.154266155387295434e-01	2.591927459862411465e-01	-1.883214577732546802e-01	1.857597508299225486e-01	-7.748815857475221947e-02	9.081042407249952098e-02	-1.462660449561198339e-01	1.351840519048291001e-01	-1.488811458422908685e-01	9.060798652313294121e-02	-9.478132240686072685e-02	1.184970880763228790e-01	-1.149283689206220954e-01	1.057507145325566889e-01	-5.044736383608640351e-02	4.589330159927384328e-02	-8.773361878420504745e-02	8.801696821593067710e-02	-7.329738341401013935e-02	5.336936885487677390e-02	-4.415822057956428348e-02	9.566734504370681680e-02	-6.941329894443951098e-02	8.976637686506258595e-02	-3.413797363172740157e-02	3.494704042814707201e-02
1.662766151782358592e-01	-1.719942030105877373e-01	2.235249196954625373e-01	-1.395370330977658835e-01	1.256982986327975504e-01	-5.294077758736055461e-01	9.999999999999998890e-01	-4.044885139929613738e-01	1.393359415584097538e-01	-9.506872203346714012e-02	2.804211338017925104e-01	-5.304786795694619306e-01	2.745679610096042889e-01	-9.961829743778141677e-02	1.128712235331696401e-01	-2.748084105809014965e-01	2.110893173148322144e-01	-2.463285696000489244e-01	8.063721636877689558e-02	-9.345728868968504466e-02	1.506390124272221909e-01	-1.534077414873569467e-01	1.563645760401893015e-01	-9.514205766035976897e-02	9.573284636159241912e-02	-1.291969768280702979e-01	1.206636907504662626e-01	-1.152342466983014152e-01	5.344027913122370577e-02	-4.865307512307467247e-02	9.345113480233416259e-02	-9.613052981366300431e-02	7.902512080318617460e-02	-5.697457113348702862e-02	4.638682798961690085e-02	-1.052109011638048541e-01	7.478891707892670881e-02	-9.857578399405808600e-02	3.637001101643994039e-02	-3.757164130822826520e-02
-2.018841388297608064e-01	1.856470070610823087e-01	-6.281331806005797658e-01	2.557709053759081308e-01	-2.333352068118305367e-01	2.332508664483257665e-01	-4.044885139929613738e-01	1.000000000000000000e+00	-2.906430191029361065e-01	1.655702830766854206e-01	-2.135057279009474340e-01	2.408794772126641726e-01	-3.262414706278518595e-01	1.269433152136267284e-01	-1.517736921003719763e-01	2.031094664939078476e-01	-1.783223695813501430e-01	2.030819161675595508e-01	-1.022310153867178606e-01	1.165246478047072404e-01	-1.263302792907448069e-01	1.241168702795564516e-01	-1.420139863398627578e-01	1.042805022878104670e-01	-1.088006414628347462e-01	1.073229969277159773e-01	-1.051319729554397731e-01	9.969873489375112585e-02	-5.133796977809096385e-02	4.689753509320096492e-02	-7.948313253946776014e-02	8.079568707007493689e-02	-6.814773392100201277e-02	5.388306693879409831e-02	-4.464844529023544867e-02	8.777283318280064417e-02	-6.353060350379373389e-02	8.366569331461039261e-02	-3.271617937143041915e-02	3.348749772815784453e-02
1.006212800400694274e-01	-1.083054640452914691e-01	2.483881501390288460e-01	-6.027521660591421693e-01	3.236059191276416391e-01	-1.394726217813667957e-01	1.393359415584097538e-01	-2.906430191029361065e-01	1.000000000000001554e+00	-5.471121958748837999e-01	1.211139773835512856e-01	-1.175713618513111874e-01	1.204787623906975469e-01	-2.352348784122763881e-01	1.997937689748796042e-01	-1.491857249323189638e-01	1.015265239193659380e-01	-1.207842632075493139e-01	1.464205963342594397e-01	-1.688928605089589641e-01	8.565248632346204871e-02	-8.353208012631588297e-02	1.010340913576068533e-01	-1.247513148033983360e-01	1.220442887451449465e-01	-7.986705268864482954e-02	7.555753928001002206e-02	-7.570081164608251367e-02	4.816889124324372218e-02	-4.457655902126550496e-02	5.958193514606258817e-02	-6.241097732165126755e-02	5.279328282147869450e-02	-5.020536473021840196e-02	4.144498302063954337e-02	-6.880684791213613483e-02	4.898097486309084536e-02	-6.598370196667974197e-02	2.763206782439306744e-02	-2.838617034597878258e-02
-6.989821486962276287e-02	7.194919361897943177e-02	-1.699344000111898123e-01	2.860354100542120137e-01	-7.164583611715216183e-01	9.392934144863529511e-02	-9.506872203346714012e-02	1.655702830766854206e-01	-5.471121958748837999e-01	9.999999999999995559e-01	-8.599727990123831600e-02	7.943262580800786177e-02	-8.216708594719282499e-02	1.548089282571489811e-01	-2.613558181264892255e-01	1.049746434858288141e-01	-7.210109188897727284e-02	8.334897285881705253e-02	-1.147536224543394962e-01	1.627659499244815122e-01	-6.206082675650602398e-02	6.026916138034889292e-02	-7.536864432405707137e-02	1.017554049097137009e-01	-1.025394300419529559e-01	5.848168408866410289e-02	-5.586772509106872897e-02	5.638335675672233316e-02	-3.808112243794235102e-02	3.546491021332561638e-02	-4.391494292850115638e-02	4.602925696608047013e-02	-3.932607926813868476e-02	3.963674493595249065e-02	-3.282516736509558108e-02	5.065930038192016649e-02	-3.621482658646696384e-02	4.902082084387642674e-02	-2.117402127515114960e-02	2.170361157300453731e-02
1.593918141839723579e-01	-1.557444834587235760e-01	1.763126709791326685e-01	-1.181134419838818367e-01	1.145883395116891190e-01	-6.260379204812961396e-01	2.804211338017925104e-01	-2.135057279009474340e-01	1.211139773835512856e-01	-8.599727990123831600e-02	1.000000000000001332e+00	-2.742989809257906919e-01	2.057348547705931952e-01	-1.016763604527881892e-01	1.189277355783718432e-01	-5.255312175456245960e-01	2.159392325497506704e-01	-2.320048666011180205e-01	8.387847747085377947e-02	-9.985261353089761038e-02	2.012816017154557546e-01	-1.828159513600266795e-01	1.847701822008576134e-01	-1.067807352324133263e-01	1.074983314634162801e-01	-1.719918327879487174e-01	1.514750545163945084e-01	-1.434319151741463572e-01	6.502952518731555664e-02	-5.941676421127229518e-02	1.239697126447057429e-01	-1.282598458372085637e-01	1.025094831494166442e-01	-7.013188049688515169e-02	5.697357769188170218e-02	-1.426069049022064827e-01	9.980095207011845104e-02	-1.295999230068548835e-01	4.690633105111348400e-02	-4.872431680090479750e-02
-1.161834591149326357e-01	1.087609694170214580e-01	-1.826568291723186521e-01	1.100407496074207597e-01	-1.078048487012682327e-01	2.439078749219663889e-01	-5.304786795694619306e-01	2.408794772126641726e-01	-1.175713618513111874e-01	7.943262580800786177e-02	-2.742989809257906919e-01	9.999999999999998890e-01	-6.208419944262842938e-01	9.178161605948995105e-02	-1.034987469820070893e-01	2.263716452941601509e-01	-3.328235632426672086e-01	2.866602706431730097e-01	-7.697259042105615567e-02	8.369639220866563478e-02	-1.608467846796267919e-01	1.685273245845687329e-01	-1.727110743682812033e-01	8.944748479684444531e-02	-9.165446214224080845e-02	1.236862659916954793e-01	-1.252404627260691738e-01	1.148649035332295204e-01	-5.102907439210099816e-02	4.575036330754624764e-02	-8.908903915501562021e-02	8.859583314547705979e-02	-7.509522961323325529e-02	5.349762606364742712e-02	-4.374073692762894122e-02	9.411498091439428337e-02	-6.899239639417335812e-02	9.076041298650557032e-02	-3.349389136008355805e-02	3.424741216027572116e-02
1.066111914404702238e-01	-1.040108585745097569e-01	1.846707294402219479e-01	-1.156515284633591462e-01	1.082960553576534646e-01	-2.167794945665573736e-01	2.745679610096042889e-01	-3.262414706278518595e-01	1.204787623906975469e-01	-8.216708594719282499e-02	2.057348547705931952e-01	-6.208419944262842938e-01	9.999999999999971134e-01	-1.060492172765142571e-01	1.068808742687054059e-01	-2.348983485950478234e-01	2.677261161623437080e-01	-5.479605182532206742e-01	8.538528568469029578e-02	-8.890361857739360885e-02	1.540075792117445441e-01	-1.690082340120340754e-01	1.759385209237561698e-01	-9.560162299233747329e-02	9.516967465955530892e-02	-1.276386176715161302e-01	1.245321555017520759e-01	-1.211415855469207409e-01	5.336294479703880544e-02	-4.795631920859788622e-02	9.094533194438446377e-02	-9.256217117534241978e-02	7.804946419577429850e-02	-5.620883182428471764e-02	4.550657019088407557e-02	-9.889882737366306742e-02	7.148802813267474132e-02	-9.584335699085284876e-02	3.486393543139845730e-02	-3.585231097501190289e-02
-6.172718837668556002e-02	5.985068856453329422e-02	-1.239978703452575964e-01	1.478289689127130768e-01	-1.634496620122134203e-01	9.364022227586697722e-02	-9.961829743778141677e-02	1.269433152136267284e-01	-2.352348784122763881e-01	1.548089282571489811e-01	-1.016763604527881892e-01	9.178161605948995105e-02	-1.060492172765142571e-01	9.999999999999981126e-01	-4.016195591047704294e-01	1.214218116887379323e-01	-9.720317714302702250e-02	1.097283158139338299e-01	-7.516406612784674035e-01	2.817414964706554947e-01	-8.599082430913557173e-02	8.472169562478988614e-02	-1.283437462769950743e-01	2.594099839929472906e-01	-2.944199753122821450e-01	8.194242405848783939e-02	-8.489525486769715357e-02	8.863246015283664236e-02	-8.057519356936407307e-02	7.268685199889428350e-02	-6.276977222465819628e-02	6.496993244389324962e-02	-5.945202500744350277e-02	7.708760558286792408e-02	-6.779680288623557427e-02	6.925825575420688218e-02	-5.140672347871967640e-02	7.147166248302611047e-02	-3.620021715847395599e-02	3.614118484204727200e-02
7.115295807956768803e-02	-7.091201360999989378e-02	1.359166639075732319e-01	-1.718026573883471020e-01	1.996111770054065093e-01	-1.154266155387295434e-01	1.128712235331696401e-01	-1.517736921003719763e-01	1.997937689748796042e-01	-2.613558181264892255e-01	1.189277355783718432e-01	-1.034987469820070893e-01	1.068808742687054059e-01	-4.016195591047704294e-01	1.000000000000000444e+00	-1.589598043327113130e-01	1.090727897200485796e-01	-1.223532027690617807e-01	2.714920412265446337e-01	-7.183858833316196790e-01	1.024329031335774465e-01	-1.001986402606880877e-01	1.391571463927122332e-01	-2.786728481102623833e-01	2.595374957319389608e-01	-1.030605332297532678e-01	9.992338489254970479e-02	-1.063094312175347222e-01	8.773469749972413745e-02	-8.289146398061766896e-02	7.825337647461259871e-02	-8.325317765580220186e-02	7.337424815685530954e-02	-9.156043048072165513e-02	7.418176452602746884e-02	-9.114287724328851148e-02	6.547010174393942672e-02	-9.149944827588615825e-02	4.310985066370957158e-02	-4.421734542489706710e-02
-1.378426991671578283e-01	1.210618811083772617e-01	-2.045193403392797926e-01	1.330514510697814734e-01	-1.464391302429372543e-01	2.591927459862411465e-01	-2.748084105809014965e-01	2.031094664939078476e-01	-1.491857249323189638e-01	1.049746434858288141e-01	-5.255312175456245960e-01	2.263716452941601509e-01	-2.348983485950478234e-01	1.214218116887379323e-01	-1.589598043327113130e-01	9.999999999999972244e-01	-3.640279947635763902e-01	2.509898260668252390e-01	-1.053263945387968442e-01	1.229328184017652592e-01	-4.482519494393564785e-01	2.701444016876093368e-01	-2.808922642025897254e-01	1.357522100590131675e-01	-1.464783726179512968e-01	2.263602616994090933e-01	-2.276786065834327244e-01	1.880721591020780292e-01	-8.345013009381913038e-02	7.439286136576848951e-02	-1.706997447240320431e-01	1.523620621879150094e-01	-1.288691261562415480e-01	8.674131141477207929e-02	-7.278550492056629073e-02	1.574720523224232283e-01	-1.225537057639352057e-01	1.487149613064451259e-01	-5.690202020307748298e-02	5.698193907056260665e-02
9.093382589295526119e-02	-8.620814200324938836e-02	1.407031681080352092e-01	-9.428074963399177277e-02	9.560409592039824378e-02	-1.883214577732546802e-01	2.110893173148322144e-01	-1.783223695813501430e-01	1.015265239193659380e-01	-7.210109188897727284e-02	2.159392325497506704e-01	-3.328235632426672086e-01	2.677261161623437080e-01	-9.720317714302702250e-02	1.090727897200485796e-01	-3.640279947635763902e-01	9.999999999999990008e-01	-5.762439129098334556e-01	8.464928702279457540e-02	-9.242220169804224450e-02	2.669888711891069688e-01	-4.947154612295266984e-01	2.547666110792977667e-01	-1.121406241233691564e-01	1.094960955399135044e-01	-2.014695006275042388e-01	1.933927125141535197e-01	-1.824348493217449740e-01	7.063257154355868928e-02	-6.253107116254537357e-02	1.328510753834621916e-01	-1.326307234124057266e-01	1.107975302006244805e-01	-7.434585844111793462e-02	5.914957337546348365e-02	-1.372609507050194799e-01	1.000915229553425156e-01	-1.346736585853461343e-01	4.632025366433028396e-02	-4.757381147436075264e-02
-1.027032211281524304e-01	9.426032606706770400e-02	-1.735689011640269008e-01	1.092014680983999647e-01	-1.128677630118669895e-01	1.857597508299225486e-01	-2.463285696000489244e-01	2.030819161675595508e-01	-1.207842632075493139e-01	8.334897285881705253e-02	-2.320048666011180205e-01	2.866602706431730097e-01	-5.479605182532206742e-01	1.097283158139338299e-01	-1.223532027690617807e-01	2.509898260668252390e-01	-5.762439129098334556e-01	1.000000000000000666e+00	-1.009346984512331236e-01	1.005930319093082947e-01	-2.262914173133793172e-01	2.452538694369937877e-01	-3.087560152633726518e-01	1.181807833570589356e-01	-1.193991714878372967e-01	1.655829534412743553e-01	-1.807544456343865569e-01	1.680204215191616335e-01	-6.904637204050761978e-02	6.063921160134556204e-02	-1.182633732855488812e-01	1.155420701598124933e-01	-1.019670820234697406e-01	7.113875734852020960e-02	-5.780561113192560219e-02	1.191724644652946974e-01	-8.953689575791566602e-02	1.197298448884971389e-01	-4.339174425571310639e-02	4.407780178539164734e-02
4.863009344826051128e-02	-4.756800940556663027e-02	9.404636385465738047e-02	-1.139559997014797932e-01	1.165938048232188773e-01	-7.748815857475221947e-02	8.063721636877689558e-02	-1.022310153867178606e-01	1.464205963342594397e-01	-1.147536224543394962e-01	8.387847747085377947e-02	-7.697259042105615567e-02	8.538528568469029578e-02	-7.516406612784674035e-01	2.714920412265446337e-01	-1.053263945387968442e-01	8.464928702279457540e-02	-1.009346984512331236e-01	9.999999999999976685e-01	-3.778569876423246154e-01	7.563521196171123229e-02	-7.666204781072644137e-02	1.187563081377004115e-01	-4.127288325503258304e-01	2.679340161279152865e-01	-7.402024029652394532e-02	7.635783097407204678e-02	-8.375616590355421109e-02	8.261136516261236018e-02	-7.267355559563333511e-02	5.602011130231703689e-02	-5.867026770170757216e-02	5.427603445926643816e-02	-7.880110174138826862e-02	6.450979372010262614e-02	-6.213154486212572880e-02	4.598921981596351682e-02	-6.548105924693793656e-02	3.302348419662281404e-02	-3.319358986337436757e-02
-5.888906406508093855e-02	5.688789874609321423e-02	-1.133912564049460864e-01	1.296919732110646817e-01	-1.758813232201388854e-01	9.081042407249952098e-02	-9.345728868968504466e-02	1.165246478047072404e-01	-1.688928605089589641e-01	1.627659499244815122e-01	-9.985261353089761038e-02	8.369639220866563478e-02	-8.890361857739360885e-02	2.817414964706554947e-01	-7.183858833316196790e-01	1.229328184017652592e-01	-9.242220169804224450e-02	1.005930319093082947e-01	-3.778569876423246154e-01	9.999999999999947820e-01	-8.613389984083696937e-02	8.431811902127346603e-02	-1.266662931756286914e-01	2.671060646917206016e-01	-4.269383464712274701e-01	8.444259035866372165e-02	-8.633407393318538736e-02	9.120350618273130594e-02	-8.476442996732018453e-02	8.104433346099286506e-02	-6.492255638315293231e-02	6.779855684414896888e-02	-6.187314383335468931e-02	8.365725330402302984e-02	-7.388062936272171699e-02	7.271784303679880435e-02	-5.367517584303067163e-02	7.506142126627064759e-02	-3.871707611320888281e-02	3.884440723472096929e-02
7.382921071604763019e-02	-6.823074808515162959e-02	1.121578257460933842e-01	-7.762665285317439656e-02	8.255713252163704441e-02	-1.462660449561198339e-01	1.506390124272221909e-01	-1.263302792907448069e-01	8.565248632346204871e-02	-6.206082675650602398e-02	2.012816017154557546e-01	-1.608467846796267919e-01	1.540075792117445441e-01	-8.599082430913557173e-02	1.024329031335774465e-01	-4.482519494393564785e-01	2.669888711891069688e-01	-2.262914173133793172e-01	7.563521196171123229e-02	-8.613389984083696937e-02	1.000000000000000000e+00	-5.979928455263010534e-01	2.662448924608798451e-01	-1.109388449192616338e-01	1.093917651295474858e-01	-4.448492901082699014e-01	2.556870123235984171e-01	-2.205912283157482612e-01	7.916508405111490065e-02	-6.941555008524656623e-02	2.033980067861976548e-01	-1.880696427986424946e-01	1.398932550662307095e-01	-8.349742293717292430e-02	6.596154168644090265e-02	-1.855381576384625419e-01	1.339070201781186464e-01	-1.685576667083416302e-01	5.413540987153285522e-02	-5.548574616151149413e-02
-7.049895037591137614e-02	6.493251941758013124e-02	-1.098565759666604857e-01	7.529012111923853723e-02	-8.008237398815581942e-02	1.351840519048291001e-01	-1.534077414873569467e-01	1.241168702795564516e-01	-8.353208012631588297e-02	6.026916138034889292e-02	-1.828159513600266795e-01	1.685273245845687329e-01	-1.690082340120340754e-01	8.472169562478988614e-02	-1.001986402606880877e-01	2.701444016876093368e-01	-4.947154612295266984e-01	2.452538694369937877e-01	-7.666204781072644137e-02	8.431811902127346603e-02	-5.979928455263010534e-01	9.999999999999972244e-01	-4.099753663720898667e-01	1.146301459413099078e-01	-1.123802485049299471e-01	2.499923705464639767e-01	-3.082432388786937594e-01	2.264437947161999365e-01	-7.793159107127203833e-02	6.662301758255034789e-02	-1.593215982196570790e-01	1.460825965618892386e-01	-1.263415212884815286e-01	7.960590439200146418e-02	-6.297366809587508218e-02	1.433760876499514392e-01	-1.090317151647252070e-01	1.447133294386390712e-01	-4.842508257780266806e-02	4.916955468425909803e-02
7.752367289341363654e-02	-7.265416493722477720e-02	1.222575018123596979e-01	-9.049844321734530628e-02	9.619640856213849955e-02	-1.488811458422908685e-01	1.563645760401893015e-01	-1.420139863398627578e-01	1.010340913576068533e-01	-7.536864432405707137e-02	1.847701822008576134e-01	-1.727110743682812033e-01	1.759385209237561698e-01	-1.283437462769950743e-01	1.391571463927122332e-01	-2.808922642025897254e-01	2.547666110792977667e-01	-3.087560152633726518e-01	1.187563081377004115e-01	-1.266662931756286914e-01	2.662448924608798451e-01	-4.099753663720898667e-01	9.999999999999980016e-01	-2.345308399566696511e-01	1.795646013420291731e-01	-2.948473516204324629e-01	3.024519718439009353e-01	-5.495376683990367273e-01	1.384172315500732109e-01	-1.173278900966071014e-01	1.952678302041963021e-01	-2.141906039854583055e-01	2.066323437231178117e-01	-1.422052606680052067e-01	1.050690946334274234e-01	-2.118806083828378706e-01	1.558969931325379643e-01	-2.522060116894966897e-01	7.771620322846013729e-02	-8.053879632732018068e-02
-5.494810878420897104e-02	5.218735260361048039e-02	-9.897225531523601294e-02	9.893689190758507557e-02	-1.161149220192662646e-01	9.060798652313294121e-02	-9.514205766035976897e-02	1.042805022878104670e-01	-1.247513148033983360e-01	1.017554049097137009e-01	-1.067807352324133263e-01	8.944748479684444531e-02	-9.560162299233747329e-02	2.594099839929472906e-01	-2.786728481102623833e-01	1.357522100590131675e-01	-1.121406241233691564e-01	1.181807833570589356e-01	-4.127288325503258304e-01	2.671060646917206016e-01	-1.109388449192616338e-01	1.146301459413099078e-01	-2.345308399566696511e-01	1.000000000000000222e+00	-7.319907750837461036e-01	1.108472935217481442e-01	-1.222943626408888734e-01	1.400966433632925834e-01	-1.897649124176029600e-01	1.413246610467288333e-01	-8.452059154018391751e-02	8.819323605309097036e-02	-8.673669660192105668e-02	1.477709729346867729e-01	-1.262360868442633788e-01	9.086039593394235059e-02	-6.902270316594666388e-02	1.011826919164268701e-01	-5.617966341348575726e-02	5.549809925666207566e-02
5.551046011443410561e-02	-5.353424654534422872e-02	9.877261187515129492e-02	-1.024888989907742493e-01	1.119378727198748757e-01	-9.478132240686072685e-02	9.573284636159241912e-02	-1.088006414628347462e-01	1.220442887451449465e-01	-1.025394300419529559e-01	1.074983314634162801e-01	-9.165446214224080845e-02	9.516967465955530892e-02	-2.944199753122821450e-01	2.595374957319389608e-01	-1.464783726179512968e-01	1.094960955399135044e-01	-1.193991714878372967e-01	2.679340161279152865e-01	-4.269383464712274701e-01	1.093917651295474858e-01	-1.123802485049299471e-01	1.795646013420291731e-01	-7.319907750837461036e-01	9.999999999999983347e-01	-1.159439155650293374e-01	1.179478779166263924e-01	-1.382310608957171838e-01	1.561655033841619356e-01	-1.646010162308871316e-01	8.738716016809870701e-02	-9.392588292834505581e-02	8.861496837512608526e-02	-1.557901560576823718e-01	1.268883662327559558e-01	-9.900285905427178013e-02	7.290417658658725208e-02	-1.084238876274766228e-01	5.832230734294809038e-02	-5.949574302856154573e-02
-6.485569629977740169e-02	5.883633284839289573e-02	-1.011079813752279594e-01	7.088493248789030921e-02	-7.799873956334078817e-02	1.184970880763228790e-01	-1.291969768280702979e-01	1.073229969277159773e-01	-7.986705268864482954e-02	5.848168408866410289e-02	-1.719918327879487174e-01	1.236862659916954793e-01	-1.276386176715161302e-01	8.194242405848783939e-02	-1.030605332297532678e-01	2.263602616994090933e-01	-2.014695006275042388e-01	1.655829534412743553e-01	-7.402024029652394532e-02	8.444259035866372165e-02	-4.448492901082699014e-01	2.499923705464639767e-01	-2.948473516204324629e-01	1.108472935217481442e-01	-1.159439155650293374e-01	9.999999999999998890e-01	-5.003023249506007852e-01	2.519411114245153072e-01	-8.799314564858019827e-02	7.431660563805156383e-02	-5.164794353731300136e-01	2.502850915202314286e-01	-1.791270012540758794e-01	8.943423900818785188e-02	-7.259790467186830187e-02	2.199324905893990101e-01	-1.846360367051739226e-01	1.857380513438055269e-01	-6.011874695711424271e-02	5.957755049201712838e-02
6.043094237620010023e-02	-5.593833810890130182e-02	9.401316227479218635e-02	-6.770990839720660015e-02	7.294129460937857912e-02	-1.149283689206220954e-01	1.206636907504662626e-01	-1.051319729554397731e-01	7.555753928001002206e-02	-5.586772509106872897e-02	1.514750545163945084e-01	-1.252404627260691738e-01	1.245321555017520759e-01	-8.489525486769715357e-02	9.992338489254970479e-02	-2.276786065834327244e-01	1.933927125141535197e-01	-1.807544456343865569e-01	7.635783097407204678e-02	-8.633407393318538736e-02	2.556870123235984171e-01	-3.082432388786937594e-01	3.024519718439009353e-01	-1.222943626408888734e-01	1.179478779166263924e-01	-5.003023249506007852e-01	9.999999999999976685e-01	-6.090065938020295944e-01	1.214180110262014917e-01	-9.980743246466419749e-02	2.345389998163049661e-01	-2.419172440438991656e-01	2.105926294059597970e-01	-1.236362186735327356e-01	8.993250263398261390e-02	-2.137208233831044968e-01	1.623110544805851096e-01	-2.392667862563370995e-01	6.924173063431060537e-02	-7.073537218117045833e-02
-5.778540830452606747e-02	5.303927311316606469e-02	-9.161223056078611482e-02	6.677666316434338611e-02	-7.329254128017265169e-02	1.057507145325566889e-01	-1.152342466983014152e-01	9.969873489375112585e-02	-7.570081164608251367e-02	5.638335675672233316e-02	-1.434319151741463572e-01	1.148649035332295204e-01	-1.211415855469207409e-01	8.863246015283664236e-02	-1.063094312175347222e-01	1.880721591020780292e-01	-1.824348493217449740e-01	1.680204215191616335e-01	-8.375616590355421109e-02	9.120350618273130594e-02	-2.205912283157482612e-01	2.264437947161999365e-01	-5.495376683990367273e-01	1.400966433632925834e-01	-1.382310608957171838e-01	2.519411114245153072e-01	-6.090065938020295944e-01	9.999999999999963363e-01	-1.810500689939792685e-01	1.182573437973183511e-01	-1.907854464827289376e-01	1.927206099082841850e-01	-3.170374316576718976e-01	1.453364108562963386e-01	-1.080766665641476332e-01	1.657396196012470568e-01	-1.439421391717166099e-01	2.370885736415798695e-01	-7.324428632955741481e-02	7.213548671909886245e-02
2.880337765974324768e-02	-2.680737901575448723e-02	4.794389664713546301e-02	-4.081366441184333671e-02	4.605077198763782298e-02	-5.044736383608640351e-02	5.344027913122370577e-02	-5.133796977809096385e-02	4.816889124324372218e-02	-3.808112243794235102e-02	6.502952518731555664e-02	-5.102907439210099816e-02	5.336294479703880544e-02	-8.057519356936407307e-02	8.773469749972413745e-02	-8.345013009381913038e-02	7.063257154355868928e-02	-6.904637204050761978e-02	8.261136516261236018e-02	-8.476442996732018453e-02	7.916508405111490065e-02	-7.793159107127203833e-02	1.384172315500732109e-01	-1.897649124176029600e-01	1.561655033841619356e-01	-8.799314564858019827e-02	1.214180110262014917e-01	-1.810500689939792685e-01	9.999999999999993339e-01	-5.574384231191946704e-01	7.154556677198456449e-02	-7.714440385736620609e-02	9.930944932516239110e-02	-7.061383207787461647e-01	3.176185023779530270e-01	-7.076640467489136999e-02	5.960828073166262592e-02	-1.033253113565357345e-01	8.997006500431758980e-02	-8.909072219801331127e-02
-2.644576426803565972e-02	2.457516022699487296e-02	-4.414293890749100557e-02	3.774699935831278552e-02	-4.290634566871935618e-02	4.589330159927384328e-02	-4.865307512307467247e-02	4.689753509320096492e-02	-4.457655902126550496e-02	3.546491021332561638e-02	-5.941676421127229518e-02	4.575036330754624764e-02	-4.795631920859788622e-02	7.268685199889428350e-02	-8.289146398061766896e-02	7.439286136576848951e-02	-6.253107116254537357e-02	6.063921160134556204e-02	-7.267355559563333511e-02	8.104433346099286506e-02	-6.941555008524656623e-02	6.662301758255034789e-02	-1.173278900966071014e-01	1.413246610467288333e-01	-1.646010162308871316e-01	7.431660563805156383e-02	-9.980743246466419749e-02	1.182573437973183511e-01	-5.574384231191946704e-01	9.999999999999982236e-01	-6.243370155563500445e-02	6.561434072266560114e-02	-8.165947707299721359e-02	3.254880710826377754e-01	-7.199012249404033170e-01	6.190842719333192190e-02	-5.250109709771249439e-02	8.721081586792608920e-02	-1.287133926534479444e-01	1.201582657096415124e-01
4.783168927572056112e-02	-4.358589487077618035e-02	7.447095163704969822e-02	-5.299602157813534248e-02	5.823615133980770964e-02	-8.773361878420504745e-02	9.345113480233416259e-02	-7.948313253946776014e-02	5.958193514606258817e-02	-4.391494292850115638e-02	1.239697126447057429e-01	-8.908903915501562021e-02	9.094533194438446377e-02	-6.276977222465819628e-02	7.825337647461259871e-02	-1.706997447240320431e-01	1.328510753834621916e-01	-1.182633732855488812e-01	5.602011130231703689e-02	-6.492255638315293231e-02	2.033980067861976548e-01	-1.593215982196570790e-01	1.952678302041963021e-01	-8.452059154018391751e-02	8.738716016809870701e-02	-5.164794353731300136e-01	2.345389998163049661e-01	-1.907854464827289376e-01	7.154556677198456449e-02	-6.243370155563500445e-02	9.999999999999960032e-01	-5.933836143297984700e-01	2.106582756813474566e-01	-7.701880590115764424e-02	6.217346678019609191e-02	-4.210269927041151439e-01	2.768816447714834705e-01	-2.382962354051620935e-01	6.154648906601881131e-02	-6.228439564731747674e-02
-4.941298253846194283e-02	4.463743807900951571e-02	-7.758046086551118048e-02	5.506078825330022047e-02	-6.133261342905923369e-02	8.801696821593067710e-02	-9.613052981366300431e-02	8.079568707007493689e-02	-6.241097732165126755e-02	4.602925696608047013e-02	-1.282598458372085637e-01	8.859583314547705979e-02	-9.256217117534241978e-02	6.496993244389324962e-02	-8.325317765580220186e-02	1.523620621879150094e-01	-1.326307234124057266e-01	1.155420701598124933e-01	-5.867026770170757216e-02	6.779855684414896888e-02	-1.880696427986424946e-01	1.460825965618892386e-01	-2.141906039854583055e-01	8.819323605309097036e-02	-9.392588292834505581e-02	2.502850915202314286e-01	-2.419172440438991656e-01	1.927206099082841850e-01	-7.714440385736620609e-02	6.561434072266560114e-02	-5.933836143297984700e-01	9.999999999999971134e-01	-3.784632060188009572e-01	8.198854516611558951e-02	-6.775289120373685636e-02	3.058989904596148834e-01	-5.002571125973813704e-01	2.649047573374018194e-01	-6.866819852393420132e-02	6.651978987143244981e-02
4.064375670758956643e-02	-3.705107070037379907e-02	6.409321487446242860e-02	-4.657282935452629336e-02	5.156274548342065084e-02	-7.329738341401013935e-02	7.902512080318617460e-02	-6.814773392100201277e-02	5.279328282147869450e-02	-3.932607926813868476e-02	1.025094831494166442e-01	-7.509522961323325529e-02	7.804946419577429850e-02	-5.945202500744350277e-02	7.337424815685530954e-02	-1.288691261562415480e-01	1.107975302006244805e-01	-1.019670820234697406e-01	5.427603445926643816e-02	-6.187314383335468931e-02	1.398932550662307095e-01	-1.263415212884815286e-01	2.066323437231178117e-01	-8.673669660192105668e-02	8.861496837512608526e-02	-1.791270012540758794e-01	2.105926294059597970e-01	-3.170374316576718976e-01	9.930944932516239110e-02	-8.165947707299721359e-02	2.106582756813474566e-01	-3.784632060188009572e-01	9.999999999999967804e-01	-1.159229809539102235e-01	8.580962134800637631e-02	-1.950238272142736373e-01	2.090517941831031012e-01	-7.852237683913058097e-01	1.022549639840169694e-01	-1.027545619800629417e-01
-3.072613807597905991e-02	2.843099393609183068e-02	-5.095130240404214389e-02	4.254201749521950571e-02	-4.858651668283531233e-02	5.336936885487677390e-02	-5.697457113348702862e-02	5.388306693879409831e-02	-5.020536473021840196e-02	3.963674493595249065e-02	-7.013188049688515169e-02	5.349762606364742712e-02	-5.620883182428471764e-02	7.708760558286792408e-02	-9.156043048072165513e-02	8.674131141477207929e-02	-7.434585844111793462e-02	7.113875734852020960e-02	-7.880110174138826862e-02	8.365725330402302984e-02	-8.349742293717292430e-02	7.960590439200146418e-02	-1.422052606680052067e-01	1.477709729346867729e-01	-1.557901560576823718e-01	8.943423900818785188e-02	-1.236362186735327356e-01	1.453364108562963386e-01	-7.061383207787461647e-01	3.254880710826377754e-01	-7.701880590115764424e-02	8.198854516611558951e-02	-1.159229809539102235e-01	9.999999999999971134e-01	-5.559956870877968971e-01	7.457636710384957235e-02	-6.504143510776433379e-02	1.116140967608718892e-01	-1.313082565440786276e-01	1.192472023498286071e-01
2.518724433336324772e-02	-2.343366554956933731e-02	4.172586140574031238e-02	-3.541997937175617173e-02	3.976002375773393660e-02	-4.415822057956428348e-02	4.638682798961690085e-02	-4.464844529023544867e-02	4.144498302063954337e-02	-3.282516736509558108e-02	5.697357769188170218e-02	-4.374073692762894122e-02	4.550657019088407557e-02	-6.779680288623557427e-02	7.418176452602746884e-02	-7.278550492056629073e-02	5.914957337546348365e-02	-5.780561113192560219e-02	6.450979372010262614e-02	-7.388062936272171699e-02	6.596154168644090265e-02	-6.297366809587508218e-02	1.050690946334274234e-01	-1.262360868442633788e-01	1.268883662327559558e-01	-7.259790467186830187e-02	8.993250263398261390e-02	-1.080766665641476332e-01	3.176185023779530270e-01	-7.199012249404033170e-01	6.217346678019609191e-02	-6.775289120373685636e-02	8.580962134800637631e-02	-5.559956870877968971e-01	9.999999999999971134e-01	-6.355379348574625997e-02	5.384814834747068263e-02	-9.576833833612599656e-02	1.492458088520159099e-01	-1.820222365476056037e-01
-5.462483930988241282e-02	4.903748219695694410e-02	-8.583170651089652714e-02	6.054891158258555311e-02	-6.800762408482617649e-02	9.566734504370681680e-02	-1.052109011638048541e-01	8.777283318280064417e-02	-6.880684791213613483e-02	5.065930038192016649e-02	-1.426069049022064827e-01	9.411498091439428337e-02	-9.889882737366306742e-02	6.925825575420688218e-02	-9.114287724328851148e-02	1.574720523224232283e-01	-1.372609507050194799e-01	1.191724644652946974e-01	-6.213154486212572880e-02	7.271784303679880435e-02	-1.855381576384625419e-01	1.433760876499514392e-01	-2.118806083828378706e-01	9.086039593394235059e-02	-9.900285905427178013e-02	2.199324905893990101e-01	-2.137208233831044968e-01	1.657396196012470568e-01	-7.076640467489136999e-02	6.190842719333192190e-02	-4.210269927041151439e-01	3.058989904596148834e-01	-1.950238272142736373e-01	7.457636710384957235e-02	-6.355379348574625997e-02	9.999999999999970024e-01	-7.461297338941901280e-01	2.046788845540628010e-01	-6.199258624211069491e-02	5.976607929754922804e-02
3.874215000701226874e-02	-3.509926571439288268e-02	6.068283078875900960e-02	-4.332733876055176736e-02	4.813120538572418505e-02	-6.941329894443951098e-02	7.478891707892670881e-02	-6.353060350379373389e-02	4.898097486309084536e-02	-3.621482658646696384e-02	9.980095207011845104e-02	-6.899239639417335812e-02	7.148802813267474132e-02	-5.140672347871967640e-02	6.547010174393942672e-02	-1.225537057639352057e-01	1.000915229553425156e-01	-8.953689575791566602e-02	4.598921981596351682e-02	-5.367517584303067163e-02	1.339070201781186464e-01	-1.090317151647252070e-01	1.558969931325379643e-01	-6.902270316594666388e-02	7.290417658658725208e-02	-1.846360367051739226e-01	1.623110544805851096e-01	-1.439421391717166099e-01	5.960828073166262592e-02	-5.250109709771249439e-02	2.768816447714834705e-01	-5.002571125973813704e-01	2.090517941831031012e-01	-6.504143510776433379e-02	5.384814834747068263e-02	-7.461297338941901280e-01	9.999999999999974465e-01	-2.743981977289582930e-01	5.978517061455769499e-02	-5.964979142630866260e-02
-5.086896146821821840e-02	4.598635057252602187e-02	-8.048590481985719303e-02	5.791184275441734614e-02	-6.485082038045010544e-02	8.976637686506258595e-02	-9.857578399405808600e-02	8.366569331461039261e-02	-6.598370196667974197e-02	4.902082084387642674e-02	-1.295999230068548835e-01	9.076041298650557032e-02	-9.584335699085284876e-02	7.147166248302611047e-02	-9.149944827588615825e-02	1.487149613064451259e-01	-1.346736585853461343e-01	1.197298448884971389e-01	-6.548105924693793656e-02	7.506142126627064759e-02	-1.685576667083416302e-01	1.447133294386390712e-01	-2.522060116894966897e-01	1.011826919164268701e-01	-1.084238876274766228e-01	1.857380513438055269e-01	-2.392667862563370995e-01	2.370885736415798695e-01	-1.033253113565357345e-01	8.721081586792608920e-02	-2.382962354051620935e-01	2.649047573374018194e-01	-7.852237683913058097e-01	1.116140967608718892e-01	-9.576833833612599656e-02	2.046788845540628010e-01	-2.743981977289582930e-01	9.999999999999980016e-01	-1.493342907007366716e-01	1.234425398682982428e-01
1.935548386327136383e-02	-1.771741517750607953e-02	3.109202066271603282e-02	-2.405356106279075284e-02	2.693944592741301380e-02	-3.413797363172740157e-02	3.637001101643994039e-02	-3.271617937143041915e-02	2.763206782439306744e-02	-2.117402127515114960e-02	4.690633105111348400e-02	-3.349389136008355805e-02	3.486393543139845730e-02	-3.620021715847395599e-02	4.310985066370957158e-02	-5.690202020307748298e-02	4.632025366433028396e-02	-4.339174425571310639e-02	3.302348419662281404e-02	-3.871707611320888281e-02	5.413540987153285522e-02	-4.842508257780266806e-02	7.771620322846013729e-02	-5.617966341348575726e-02	5.832230734294809038e-02	-6.011874695711424271e-02	6.924173063431060537e-02	-7.324428632955741481e-02	8.997006500431758980e-02	-1.287133926534479444e-01	6.154648906601881131e-02	-6.866819852393420132e-02	1.022549639840169694e-01	-1.313082565440786276e-01	1.492458088520159099e-01	-6.199258624211069491e-02	5.978517061455769499e-02	-1.493342907007366716e-01	9.999999999999980016e-01	-9.513424172784135102e-01
