1.000000000000000222e+00	-9.794066235318169000e-02	8.461276534265683991e-02	-3.815375587617870351e-02	4.294637536396921779e-02	-8.130929563355608902e-01	8.504123002999194880e-02	-7.828102531465837288e-02	8.752724121814164926e-02	-3.353159636991350639e-02	2.983013940968708977e-01	-1.238758351798840418e-01	9.641533306006866422e-02	-7.915099959964089216e-02	3.342434833608745604e-02	-4.090954527426237108e-01	1.290255623994110423e-01	-9.662523791482832691e-02	1.068272347463566224e-01	-1.597938938947020548e-01	8.317361505639912778e-02	-6.392090547032022729e-02	5.506391257563943847e-02	-8.041131671066439890e-02	5.629786105268308471e-02	-7.332821142832962602e-02	8.027075485788116860e-02	-5.825424031231438843e-02	6.316850196093876102e-02	-6.973964429521074815e-02	3.939706427047798276e-02	-3.449554582296102817e-02	6.753902229133032509e-02	-5.166580022308010778e-02	6.164339348315451411e-02	-6.814462063503975986e-02	4.334266654034826804e-02	-5.493524980870526098e-02	4.763917374629731555e-02	-7.722049568631317307e-02
-9.794066235318169000e-02	1.000000000000000222e+00	-6.905691538443775590e-01	1.367796974046371905e-01	-1.525197930371083865e-01	6.726702724076574769e-02	-5.923230362457285736e-01	3.156029323768539396e-01	-1.732174853825820260e-01	5.448285122756669346e-02	-7.058881238217847021e-02	1.464984954074460832e-01	-1.398367314768998448e-01	1.345268141904883141e-01	-5.260441948231259213e-02	8.569581064763021061e-02	-1.260633477834363081e-01	1.042498124284381295e-01	-1.116713328102741792e-01	1.370764417438401772e-01	-4.044329590097803934e-02	4.074114224746137880e-02	-3.821912713736685258e-02	6.593383589534577982e-02	-4.615474185021434250e-02	3.522138781829674270e-02	-5.293914454816843473e-02	3.998708740936510880e-02	-4.763611316345427171e-02	5.467486885226763987e-02	-2.574656050782348979e-02	2.228856671670341807e-02	-4.728029391107960167e-02	3.795553490975651922e-02	-4.671806416654612770e-02	4.594244098348143623e-02	-3.000724834319559720e-02	3.788353475687924327e-02	-3.383837844092105196e-02	5.350946257049825350e-02
8.461276534265683991e-02	-6.905691538443775590e-01	1.000000000000000444e+00	-2.127315168100248899e-01	1.735220609501100519e-01	-6.314893955851877405e-02	3.208332852032571569e-01	-5.320920493907341786e-01	1.976419423153945587e-01	-6.799597881176014380e-02	7.009666882148818390e-02	-1.520332785551526678e-01	1.532212808053765862e-01	-1.700205224199871079e-01	6.321260638428341516e-02	-8.921726913937230719e-02	1.237665992210520288e-01	-1.198504310663326272e-01	1.249552321702544905e-01	-1.780489793090903328e-01	4.738802772338614189e-02	-4.880093056264983575e-02	4.567678528729621212e-02	-8.255450349879679683e-02	5.790565677844324716e-02	-4.163864277934113678e-02	6.411213309341864952e-02	-4.871259185219375953e-02	5.874999645142665178e-02	-6.885709620812066611e-02	3.128746446615023047e-02	-2.708531513589591475e-02	5.777552339313765661e-02	-4.714681784077564414e-02	5.794468782126365597e-02	-5.750741861118924964e-02	3.739557900689456649e-02	-4.719602162158152703e-02	4.210895939899693408e-02	-6.699979355051668972e-02
-3.815375587617870351e-02	1.367796974046371905e-01	-2.127315168100248899e-01	9.999999999999997780e-01	-9.359991225392911840e-01	2.749667225494381237e-02	-1.041891510809442589e-01	1.343407867514838372e-01	-1.825749871877830610e-01	5.610007181744209454e-02	-3.526980218448192567e-02	7.412648093788576364e-02	-8.504427612661302760e-02	1.195153277596134322e-01	-5.228827607937324567e-02	4.423303269814484601e-02	-6.420970018647059741e-02	6.622002994110945395e-02	-7.435542031399945684e-02	1.051672953372709551e-01	-2.694931761688193136e-02	2.808385224937268512e-02	-2.645981971039662942e-02	4.855461717166060370e-02	-3.415344473624543076e-02	2.368145013442981422e-02	-3.749058985815967998e-02	2.841463204867783823e-02	-3.456867019314491252e-02	4.053249110903337643e-02	-1.828655350041993519e-02	1.580919839800157961e-02	-3.388575971091589006e-02	2.771176150343114541e-02	-3.415209582464122373e-02	3.369766770219311675e-02	-2.194533324379776412e-02	2.767340999734525797e-02	-2.473289644649569879e-02	3.930201536205499280e-02
4.294637536396921779e-02	-1.525197930371083865e-01	1.735220609501100519e-01	-9.359991225392911840e-01	9.999999999999998890e-01	-3.128788360583970724e-02	1.079335032131334693e-01	-1.453987847808227984e-01	1.598214329442727843e-01	-6.397160178488998927e-02	3.997551570957997430e-02	-8.387962305927647300e-02	9.212924760217518216e-02	-1.335613063775583087e-01	5.705034114754958807e-02	-5.084709664734689272e-02	7.133739327116973838e-02	-7.519142171789820750e-02	8.321041821627134238e-02	-1.286409831226980882e-01	3.184116733619298673e-02	-3.327387700754667887e-02	3.124922873747345425e-02	-5.833281355698014675e-02	4.109301616037408511e-02	-2.807161124448619843e-02	4.461402075009098661e-02	-3.386387916031422668e-02	4.134019894141519047e-02	-4.892823268375161988e-02	2.179961345849550439e-02	-1.885027785276918721e-02	4.043820491252397842e-02	-3.328560591218931997e-02	4.095472635511734211e-02	-4.073792045382005483e-02	2.645198587733112866e-02	-3.335271104702053346e-02	2.976651697464240132e-02	-4.748041851149262249e-02
-8.130929563355608902e-01	6.726702724076574769e-02	-6.314893955851877405e-02	2.749667225494381237e-02	-3.128788360583970724e-02	9.999999999999998890e-01	-6.347276191645413734e-02	5.611805002296334222e-02	-6.317134031960472407e-02	2.333792077243250496e-02	-4.814712735854866366e-01	8.716191198514534888e-02	-6.960545102890280944e-02	5.568142590592763119e-02	-2.344355490497231770e-02	2.765529064221137201e-01	-9.519435145570623313e-02	6.749030596112119695e-02	-7.602079589998846088e-02	1.023984255312369862e-01	-5.780295199049440696e-02	4.287730848224881319e-02	-3.726986965387969752e-02	5.283475563281526260e-02	-3.691797968494451437e-02	4.902283830433835921e-02	-5.437246153602177945e-02	3.889167634594993539e-02	-4.191601229191761063e-02	4.555866432426446122e-02	-2.649079228450586590e-02	2.312381116215540128e-02	-4.520408689576257966e-02	3.401480569132911413e-02	-4.069041851764047119e-02	4.421290314490993606e-02	-2.832213259022453578e-02	3.588882938662742161e-02	-3.122622488013334155e-02	5.019200222213802964e-02
8.504123002999194880e-02	-5.923230362457285736e-01	3.208332852032571569e-01	-1.041891510809442589e-01	1.079335032131334693e-01	-6.347276191645413734e-02	9.999999999999996669e-01	-6.407244927087563102e-01	2.040144077354948682e-01	-6.706978293973425709e-02	7.618138203624538751e-02	-2.401489675368772836e-01	1.795339754264723697e-01	-1.795116687974869230e-01	6.303752322546432585e-02	-9.583968791319857905e-02	1.589855717395846635e-01	-1.368777910121153907e-01	1.340024261022260410e-01	-1.747270149611320489e-01	4.811293581423452259e-02	-4.991283839338925277e-02	4.676582769993459926e-02	-8.267881213960964759e-02	5.768086545683857869e-02	-4.209515643001070923e-02	6.415056157955693894e-02	-4.899515371453010831e-02	5.866545732396984125e-02	-6.830838689441014189e-02	3.125362018735007574e-02	-2.707387328796900805e-02	5.770238169173911441e-02	-4.684834567943094163e-02	5.759322348308923423e-02	-5.660053851036390277e-02	3.692302881346296028e-02	-4.664535678544617925e-02	4.168190104537953383e-02	-6.605028665826534473e-02
-7.828102531465837288e-02	3.156029323768539396e-01	-5.320920493907341786e-01	1.343407867514838372e-01	-1.453987847808227984e-01	5.611805002296334222e-02	-6.407244927087563102e-01	1.000000000000000444e+00	-3.370746042492496208e-01	7.734939729259272811e-02	-7.307497702877630008e-02	1.843926516658879744e-01	-2.266870346136160841e-01	2.070900956457546460e-01	-7.444533020041917137e-02	8.921154736710894262e-02	-1.551851744176978021e-01	1.416478308330902658e-01	-1.459795924412354839e-01	1.713202330838166643e-01	-4.772886095833931558e-02	4.973861183105588585e-02	-4.703192448987315172e-02	8.243310538880438409e-02	-5.751815004119094354e-02	4.162463616538307487e-02	-6.423863101692388333e-02	4.896369762219741212e-02	-5.873814985392926402e-02	6.775397964197123202e-02	-3.123709369648893300e-02	2.703496911129299810e-02	-5.774908310411369650e-02	4.665976355387662505e-02	-5.754635738185210486e-02	5.590910463877840630e-02	-3.660897838857711528e-02	4.623292185440372459e-02	-4.141336194801149839e-02	6.532934315029405303e-02
8.752724121814164926e-02	-1.732174853825820260e-01	1.976419423153945587e-01	-1.825749871877830610e-01	1.598214329442727843e-01	-6.317134031960472407e-02	2.040144077354948682e-01	-3.370746042492496208e-01	9.999999999999995559e-01	-2.007558308293208582e-01	9.017830625077181972e-02	-2.274887407554014584e-01	2.751092416195792811e-01	-6.919081941048561557e-01	1.678577978371993684e-01	-1.156130187780086416e-01	1.815988253701648625e-01	-2.134174547487111273e-01	2.158901091226471392e-01	-3.090529432060613590e-01	7.441586555929166624e-02	-7.968833202981626118e-02	7.507206149131105677e-02	-1.419059330444001898e-01	9.896369361687513966e-02	-6.565536196458333917e-02	1.046102761848176355e-01	-8.044324707162450738e-02	9.833238720739348460e-02	-1.169850430602959734e-01	5.109676412655041883e-02	-4.422228678706539157e-02	9.517041695981841298e-02	-7.879023712817695424e-02	9.701381586314226924e-02	-9.491684677583824004e-02	6.185870894403288495e-02	-7.811927017496106407e-02	6.994184409265781499e-02	-1.111139747640044612e-01
-3.353159636991350639e-02	5.448285122756669346e-02	-6.799597881176014380e-02	5.610007181744209454e-02	-6.397160178488998927e-02	2.333792077243250496e-02	-6.706978293973425709e-02	7.734939729259272811e-02	-2.007558308293208582e-01	1.000000000000001332e+00	-3.423778339946204757e-02	7.287992499928540313e-02	-1.026428721789799103e-01	1.631756754921841468e-01	-9.540854975939910831e-01	4.148418761177683628e-02	-6.774610731063901436e-02	7.236925441374945922e-02	-8.781663783376360277e-02	1.042753395755285639e-01	-2.757412271513911758e-02	2.860510458650196430e-02	-2.738685113605743987e-02	4.873562691393227425e-02	-3.474366766601512391e-02	2.398925169938066759e-02	-3.897708005156209216e-02	2.908107043669055577e-02	-3.552604664240241461e-02	4.034893957997874592e-02	-1.886124730492806656e-02	1.624243416840643467e-02	-3.494336988502299429e-02	2.799374354796583045e-02	-3.499471719852505908e-02	3.291693708954072234e-02	-2.178412361321943255e-02	2.742481544426574047e-02	-2.475201043380405308e-02	3.860438172011378816e-02
2.983013940968708977e-01	-7.058881238217847021e-02	7.009666882148818390e-02	-3.526980218448192567e-02	3.997551570957997430e-02	-4.814712735854866366e-01	7.618138203624538751e-02	-7.307497702877630008e-02	9.017830625077181972e-02	-3.423778339946204757e-02	1.000000000000001554e+00	-1.576019953838243559e-01	1.084883121414941531e-01	-8.412032675143961413e-02	3.433025429750920926e-02	-7.616436198643050659e-01	1.659062182319779588e-01	-1.124939423065057092e-01	1.155806449067215275e-01	-1.581681097450433615e-01	9.776327651136652863e-02	-6.985967995363982774e-02	5.898025287392740651e-02	-8.188203915642409958e-02	5.693365136844104335e-02	-8.431165862319774107e-02	8.400439577960439053e-02	-6.098083739367096689e-02	6.453356937738811971e-02	-7.038965940952436606e-02	4.119090318880058721e-02	-3.617762828519665436e-02	6.954076291635252760e-02	-5.247469947208759089e-02	6.237210813150201316e-02	-6.834941500400025516e-02	4.364219708769057071e-02	-5.547542319223329466e-02	4.810791612765465131e-02	-7.753604204253936039e-02
-1.238758351798840418e-01	1.464984954074460832e-01	-1.520332785551526678e-01	7.412648093788576364e-02	-8.387962305927647300e-02	8.716191198514534888e-02	-2.401489675368772836e-01	1.843926516658879744e-01	-2.274887407554014584e-01	7.287992499928540313e-02	-1.576019953838243559e-01	1.000000000000002887e+00	-4.799384127178557002e-01	2.169173281023192290e-01	-7.533216951839463715e-02	1.765571763499270141e-01	-6.970055700537985954e-01	2.820737260561262394e-01	-2.491695083828769919e-01	2.126630037015944386e-01	-7.206530367364481771e-02	7.575486059293171093e-02	-7.173564978919591550e-02	1.107776848485732407e-01	-7.624477192950993021e-02	6.120630622070750287e-02	-8.912710395449160994e-02	6.894024698104747606e-02	-7.955718860374558221e-02	8.859886270049976975e-02	-4.303845258502856513e-02	3.736180101176791307e-02	-7.919524669168369335e-02	6.212407668455623144e-02	-7.647136652858899097e-02	7.261991766474368282e-02	-4.799595185306000655e-02	6.083346787824368829e-02	-5.462607037759692474e-02	8.504328644396709491e-02
9.641533306006866422e-02	-1.398367314768998448e-01	1.532212808053765862e-01	-8.504427612661302760e-02	9.212924760217518216e-02	-6.960545102890280944e-02	1.795339754264723697e-01	-2.266870346136160841e-01	2.751092416195792811e-01	-1.026428721789799103e-01	1.084883121414941531e-01	-4.799384127178557002e-01	1.000000000000001554e+00	-4.913988592457255722e-01	1.019925230372998592e-01	-1.392681871735508559e-01	2.895054409417393004e-01	-4.892728376498693410e-01	2.764257748593146324e-01	-2.894346672797301068e-01	7.683467172836806747e-02	-8.649408849588953452e-02	8.293104230103813534e-02	-1.430761226070723924e-01	9.749102235713839881e-02	-6.732718646402087448e-02	1.038463476656758949e-01	-8.252259421206360746e-02	9.749141095444625871e-02	-1.135209244804614576e-01	5.051025846770534899e-02	-4.387132438604420676e-02	9.424022976633569804e-02	-7.686137315340781095e-02	9.454777703579179959e-02	-8.977309269146130366e-02	5.906205116972189362e-02	-7.489818178463970855e-02	6.734237291271860659e-02	-1.056440904962896166e-01
-7.915099959964089216e-02	1.345268141904883141e-01	-1.700205224199871079e-01	1.195153277596134322e-01	-1.335613063775583087e-01	5.568142590592763119e-02	-1.795116687974869230e-01	2.070900956457546460e-01	-6.919081941048561557e-01	1.631756754921841468e-01	-8.412032675143961413e-02	2.169173281023192290e-01	-4.913988592457255722e-01	1.000000000000000222e+00	-1.937405147413717998e-01	1.025125915507601737e-01	-1.976916022829756370e-01	2.229975012235279053e-01	-2.623209275783627281e-01	2.227345136604819142e-01	-6.139622669841652419e-02	6.586573896791976523e-02	-6.354000516003370513e-02	1.119939906900156296e-01	-7.761250385284391984e-02	5.345743151628033762e-02	-8.430569850952499000e-02	6.493027593706027223e-02	-7.859164581004954298e-02	8.950736644353785021e-02	-4.090863270410554503e-02	3.539217211505828187e-02	-7.614666300543898592e-02	6.152900253393740748e-02	-7.642303238744845018e-02	7.173255867323813373e-02	-4.739950223751399072e-02	5.990584111920091437e-02	-5.404134121736078877e-02	8.432452533294471086e-02
3.342434833608745604e-02	-5.260441948231259213e-02	6.321260638428341516e-02	-5.228827607937324567e-02	5.705034114754958807e-02	-2.344355490497231770e-02	6.303752322546432585e-02	-7.444533020041917137e-02	1.678577978371993684e-01	-9.540854975939910831e-01	3.433025429750920926e-02	-7.533216951839463715e-02	1.019925230372998592e-01	-1.937405147413717998e-01	1.000000000000000444e+00	-4.226686695707435049e-02	6.752993403028240138e-02	-7.482152119836434079e-02	8.701900418711766561e-02	-1.150402917029960670e-01	2.853144903042266131e-02	-2.981163890733597166e-02	2.842804710439146912e-02	-5.177189334052890307e-02	3.694990379952404341e-02	-2.492038100595206709e-02	4.049996853715977924e-02	-3.039498870036699135e-02	3.726209483337441369e-02	-4.298120929374671384e-02	1.964036940543014906e-02	-1.692600204638274736e-02	3.645469660617928903e-02	-2.950161298058550513e-02	3.677878597556495655e-02	-3.486327049349845913e-02	2.299261935569126350e-02	-2.896088721140808661e-02	2.610190758677860545e-02	-4.089384498318821004e-02
-4.090954527426237108e-01	8.569581064763021061e-02	-8.921726913937230719e-02	4.423303269814484601e-02	-5.084709664734689272e-02	2.765529064221137201e-01	-9.583968791319857905e-02	8.921154736710894262e-02	-1.156130187780086416e-01	4.148418761177683628e-02	-7.616436198643050659e-01	1.765571763499270141e-01	-1.392681871735508559e-01	1.025125915507601737e-01	-4.226686695707435049e-02	1.000000000000001776e+00	-2.669415797099020105e-01	1.390678049649111958e-01	-1.526360096516705123e-01	1.703012978509458042e-01	-1.396044355969855988e-01	8.452477757970343342e-02	-7.262997337660846708e-02	9.316210527361450111e-02	-6.461920542678918633e-02	1.024054189372174267e-01	-1.037802448128030131e-01	7.268806388726738177e-02	-7.552088744854687508e-02	7.947038166712015739e-02	-5.008751521979487586e-02	4.369153303659927684e-02	-8.331685419250384195e-02	6.052201416539017276e-02	-7.211424645177684500e-02	7.706549111609353742e-02	-4.982825192960615990e-02	6.332120461399370903e-02	-5.515903131646733570e-02	8.756209231183978425e-02
1.290255623994110423e-01	-1.260633477834363081e-01	1.237665992210520288e-01	-6.420970018647059741e-02	7.133739327116973838e-02	-9.519435145570623313e-02	1.589855717395846635e-01	-1.551851744176978021e-01	1.815988253701648625e-01	-6.774610731063901436e-02	1.659062182319779588e-01	-6.970055700537985954e-01	2.895054409417393004e-01	-1.976916022829756370e-01	6.752993403028240138e-02	-2.669415797099020105e-01	1.000000000000000222e+00	-4.522316099716724436e-01	2.524280394174312492e-01	-2.637717425211254518e-01	8.467618425658868242e-02	-9.367719435906370073e-02	8.524858728371052796e-02	-1.334220176370208011e-01	9.073292651246157858e-02	-7.264523552167034826e-02	1.032632069623138082e-01	-8.169769685479467969e-02	9.312227159674893451e-02	-1.064020653905665970e-01	5.005372718214107924e-02	-4.359141095034685387e-02	9.222875734314901763e-02	-7.336822590961809831e-02	8.962224480331144882e-02	-8.625710759879635925e-02	5.670029092619489897e-02	-7.203122878622572611e-02	6.447274481148392022e-02	-1.010715527530647723e-01
-9.662523791482832691e-02	1.042498124284381295e-01	-1.198504310663326272e-01	6.622002994110945395e-02	-7.519142171789820750e-02	6.749030596112119695e-02	-1.368777910121153907e-01	1.416478308330902658e-01	-2.134174547487111273e-01	7.236925441374945922e-02	-1.124939423065057092e-01	2.820737260561262394e-01	-4.892728376498693410e-01	2.229975012235279053e-01	-7.482152119836434079e-02	1.390678049649111958e-01	-4.522316099716724436e-01	1.000000000000001998e+00	-6.152394576128465964e-01	2.553920580391817463e-01	-7.867455684558145868e-02	9.464573792141402209e-02	-1.014886399142302942e-01	1.449622160503823420e-01	-9.797193807802177801e-02	6.800608225808101037e-02	-1.044678562048333703e-01	8.660855788911947517e-02	-9.914447925828463737e-02	1.083763301928930417e-01	-5.042215345187597841e-02	4.390295432914759211e-02	-9.508390832160751316e-02	7.524623872392899315e-02	-9.331014565368933589e-02	8.368221125155279883e-02	-5.605001045353336098e-02	7.132131406605066171e-02	-6.477334755094714402e-02	9.914877678567173003e-02
1.068272347463566224e-01	-1.116713328102741792e-01	1.249552321702544905e-01	-7.435542031399945684e-02	8.321041821627134238e-02	-7.602079589998846088e-02	1.340024261022260410e-01	-1.459795924412354839e-01	2.158901091226471392e-01	-8.781663783376360277e-02	1.155806449067215275e-01	-2.491695083828769919e-01	2.764257748593146324e-01	-2.623209275783627281e-01	8.701900418711766561e-02	-1.526360096516705123e-01	2.524280394174312492e-01	-6.152394576128465964e-01	1.000000000000001332e+00	-4.938242088168950938e-01	1.077016401777408233e-01	-1.217320266252836514e-01	1.178509683168630917e-01	-2.805595819262726720e-01	1.708885016551106306e-01	-9.488372011771246950e-02	1.542860158130527626e-01	-1.234226997185828983e-01	1.574194971627616013e-01	-1.868926955912908472e-01	7.503081078894514866e-02	-6.504710160116587703e-02	1.415262268777808530e-01	-1.204308853121194844e-01	1.504848868510881843e-01	-1.308098162361849559e-01	8.764753863852668692e-02	-1.115274341133311031e-01	1.021943414491962160e-01	-1.570294531364839208e-01
-1.597938938947020548e-01	1.370764417438401772e-01	-1.780489793090903328e-01	1.051672953372709551e-01	-1.286409831226980882e-01	1.023984255312369862e-01	-1.747270149611320489e-01	1.713202330838166643e-01	-3.090529432060613590e-01	1.042753395755285639e-01	-1.581681097450433615e-01	2.126630037015944386e-01	-2.894346672797301068e-01	2.227345136604819142e-01	-1.150402917029960670e-01	1.703012978509458042e-01	-2.637717425211254518e-01	2.553920580391817463e-01	-4.938242088168950938e-01	1.000000000000002887e+00	-1.756671052350151641e-01	1.625089654956088925e-01	-1.641773755276974556e-01	2.705880680025118390e-01	-2.909787526480563935e-01	1.470298934773384136e-01	-2.772062615643391403e-01	1.824101713057275642e-01	-2.402840817963049491e-01	2.401251975220818902e-01	-1.297595364099800863e-01	1.092209865375210615e-01	-2.369168637176266856e-01	1.754815977846697350e-01	-2.453221794624162455e-01	1.733466070240049228e-01	-1.264459837159242483e-01	1.556402841643515778e-01	-1.494746361659874956e-01	2.090552412776953140e-01
8.317361505639912778e-02	-4.044329590097803934e-02	4.738802772338614189e-02	-2.694931761688193136e-02	3.184116733619298673e-02	-5.780295199049440696e-02	4.811293581423452259e-02	-4.772886095833931558e-02	7.441586555929166624e-02	-2.757412271513911758e-02	9.776327651136652863e-02	-7.206530367364481771e-02	7.683467172836806747e-02	-6.139622669841652419e-02	2.853144903042266131e-02	-1.396044355969855988e-01	8.467618425658868242e-02	-7.867455684558145868e-02	1.077016401777408233e-01	-1.756671052350151641e-01	1.000000000000002220e+00	-3.674154863735442644e-01	2.102716465773822874e-01	-1.415058891554480391e-01	9.448951040977521254e-02	-7.774641492473689519e-01	2.838861971936401107e-01	-1.990823866698798739e-01	1.466423042129265109e-01	-1.330014753839361130e-01	1.465073812932234931e-01	-1.349331490850179949e-01	1.913553891882418811e-01	-1.220921516453798011e-01	1.303710290393576554e-01	-1.733524085441720819e-01	1.075478266989195464e-01	-1.412105051614773454e-01	1.150560837542939779e-01	-1.886024214881118488e-01
-6.392090547032022729e-02	4.074114224746137880e-02	-4.880093056264983575e-02	2.808385224937268512e-02	-3.327387700754667887e-02	4.287730848224881319e-02	-4.991283839338925277e-02	4.973861183105588585e-02	-7.968833202981626118e-02	2.860510458650196430e-02	-6.985967995363982774e-02	7.575486059293171093e-02	-8.649408849588953452e-02	6.586573896791976523e-02	-2.981163890733597166e-02	8.452477757970343342e-02	-9.367719435906370073e-02	9.464573792141402209e-02	-1.217320266252836514e-01	1.625089654956088925e-01	-3.674154863735442644e-01	1.000000000000001332e+00	-7.413866607050692004e-01	1.479368051735811262e-01	-1.002351472401526444e-01	2.287724585172329905e-01	-3.228207963189428931e-01	2.812901581746112267e-01	-1.903390925742673434e-01	1.353244453920331991e-01	-1.391772350143215264e-01	1.238592796097365695e-01	-2.777590777953193313e-01	1.349740635963674606e-01	-1.439575079538313873e-01	1.497564580520914512e-01	-1.037103504531649845e-01	1.367414128821126118e-01	-1.181002589494034721e-01	1.700719501278055712e-01
5.506391257563943847e-02	-3.821912713736685258e-02	4.567678528729621212e-02	-2.645981971039662942e-02	3.124922873747345425e-02	-3.726986965387969752e-02	4.676582769993459926e-02	-4.703192448987315172e-02	7.507206149131105677e-02	-2.738685113605743987e-02	5.898025287392740651e-02	-7.173564978919591550e-02	8.293104230103813534e-02	-6.354000516003370513e-02	2.842804710439146912e-02	-7.262997337660846708e-02	8.524858728371052796e-02	-1.014886399142302942e-01	1.178509683168630917e-01	-1.641773755276974556e-01	2.102716465773822874e-01	-7.413866607050692004e-01	1.000000000000001332e+00	-1.630411459037567068e-01	1.043293638089624747e-01	-1.950410929626278100e-01	2.440528798092274354e-01	-4.848403327298654863e-01	1.913290856781826588e-01	-1.438545727360295012e-01	1.153009373924870351e-01	-1.091954404098443993e-01	2.445044371569920494e-01	-1.415795966929453142e-01	1.409254791237520843e-01	-1.531809494039400865e-01	1.022738668451041721e-01	-1.399528926514919669e-01	1.177159259921024548e-01	-1.759584154650760124e-01
-8.041131671066439890e-02	6.593383589534577982e-02	-8.255450349879679683e-02	4.855461717166060370e-02	-5.833281355698014675e-02	5.283475563281526260e-02	-8.267881213960964759e-02	8.243310538880438409e-02	-1.419059330444001898e-01	4.873562691393227425e-02	-8.188203915642409958e-02	1.107776848485732407e-01	-1.430761226070723924e-01	1.119939906900156296e-01	-5.177189334052890307e-02	9.316210527361450111e-02	-1.334220176370208011e-01	1.449622160503823420e-01	-2.805595819262726720e-01	2.705880680025118390e-01	-1.415058891554480391e-01	1.479368051735811262e-01	-1.630411459037567068e-01	1.000000000000001110e+00	-6.309949791851906520e-01	1.212518229454346286e-01	-2.319083415941482207e-01	1.921582123237998985e-01	-4.100495311788459607e-01	3.235941971396854577e-01	-1.114520502387100626e-01	9.597637129523427235e-02	-2.241722390383981411e-01	2.178779392352445388e-01	-3.095886539451510044e-01	1.529753199213170767e-01	-1.175151800240903655e-01	1.509156077100365367e-01	-1.587654388227787150e-01	2.029262074738910626e-01
5.629786105268308471e-02	-4.615474185021434250e-02	5.790565677844324716e-02	-3.415344473624543076e-02	4.109301616037408511e-02	-3.691797968494451437e-02	5.768086545683857869e-02	-5.751815004119094354e-02	9.896369361687513966e-02	-3.474366766601512391e-02	5.693365136844104335e-02	-7.624477192950993021e-02	9.749102235713839881e-02	-7.761250385284391984e-02	3.694990379952404341e-02	-6.461920542678918633e-02	9.073292651246157858e-02	-9.797193807802177801e-02	1.708885016551106306e-01	-2.909787526480563935e-01	9.448951040977521254e-02	-1.002351472401526444e-01	1.043293638089624747e-01	-6.309949791851906520e-01	1.000000000000001332e+00	-8.173441872477270331e-02	1.534801809067220246e-01	-1.293033202907077073e-01	2.353750972763461180e-01	-6.397697700538600429e-01	7.439002308349937365e-02	-6.428762675172702834e-02	1.481754053296759355e-01	-1.607608093922573145e-01	2.222822240888666645e-01	-1.088777166246848588e-01	8.225266942830349037e-02	-1.077569509548719773e-01	1.115306575443355680e-01	-1.506063330243455067e-01
-7.332821142832962602e-02	3.522138781829674270e-02	-4.163864277934113678e-02	2.368145013442981422e-02	-2.807161124448619843e-02	4.902283830433835921e-02	-4.209515643001070923e-02	4.162463616538307487e-02	-6.565536196458333917e-02	2.398925169938066759e-02	-8.431165862319774107e-02	6.120630622070750287e-02	-6.732718646402087448e-02	5.345743151628033762e-02	-2.492038100595206709e-02	1.024054189372174267e-01	-7.264523552167034826e-02	6.800608225808101037e-02	-9.488372011771246950e-02	1.470298934773384136e-01	-7.774641492473689519e-01	2.287724585172329905e-01	-1.950410929626278100e-01	1.212518229454346286e-01	-8.173441872477270331e-02	1.000000000000002887e+00	-4.525168983733467432e-01	1.843713392558936071e-01	-1.352896424412776133e-01	1.141962981103422925e-01	-2.017507301551755283e-01	1.583518540138773856e-01	-1.975906318639857329e-01	1.087330533823954032e-01	-1.165988415598169653e-01	1.456080331542835837e-01	-9.413708299565365367e-02	1.225960726429252967e-01	-1.011843827196747120e-01	1.586594110246467015e-01
8.027075485788116860e-02	-5.293914454816843473e-02	6.411213309341864952e-02	-3.749058985815967998e-02	4.461402075009098661e-02	-5.437246153602177945e-02	6.415056157955693894e-02	-6.423863101692388333e-02	1.046102761848176355e-01	-3.897708005156209216e-02	8.400439577960439053e-02	-8.912710395449160994e-02	1.038463476656758949e-01	-8.430569850952499000e-02	4.049996853715977924e-02	-1.037802448128030131e-01	1.032632069623138082e-01	-1.044678562048333703e-01	1.542860158130527626e-01	-2.772062615643391403e-01	2.838861971936401107e-01	-3.228207963189428931e-01	2.440528798092274354e-01	-2.319083415941482207e-01	1.534801809067220246e-01	-4.525168983733467432e-01	1.000000000000001110e+00	-4.000004614543560821e-01	2.395164150988222662e-01	-2.218482658834883270e-01	2.182100487259712729e-01	-2.567229761271127009e-01	2.996198383798396869e-01	-2.060796913388390494e-01	2.132460912056088898e-01	-3.029599977977450731e-01	1.829036152205732180e-01	-2.435404960186714207e-01	1.943602188770327255e-01	-3.276301668775578046e-01
-5.825424031231438843e-02	3.998708740936510880e-02	-4.871259185219375953e-02	2.841463204867783823e-02	-3.386387916031422668e-02	3.889167634594993539e-02	-4.899515371453010831e-02	4.896369762219741212e-02	-8.044324707162450738e-02	2.908107043669055577e-02	-6.098083739367096689e-02	6.894024698104747606e-02	-8.252259421206360746e-02	6.493027593706027223e-02	-3.039498870036699135e-02	7.268806388726738177e-02	-8.169769685479467969e-02	8.660855788911947517e-02	-1.234226997185828983e-01	1.824101713057275642e-01	-1.990823866698798739e-01	2.812901581746112267e-01	-4.848403327298654863e-01	1.921582123237998985e-01	-1.293033202907077073e-01	1.843713392558936071e-01	-4.000004614543560821e-01	1.000000000000003553e+00	-3.867096089845353246e-01	1.821723144207939571e-01	-1.689868745572801478e-01	1.606990392692546066e-01	-5.495114759086723311e-01	2.043957428972424661e-01	-1.933074966965269703e-01	1.864075903234182485e-01	-1.331539544436944333e-01	1.856016132546564057e-01	-1.615744734964409401e-01	2.177468350160179089e-01
6.316850196093876102e-02	-4.763611316345427171e-02	5.874999645142665178e-02	-3.456867019314491252e-02	4.134019894141519047e-02	-4.191601229191761063e-02	5.866545732396984125e-02	-5.873814985392926402e-02	9.833238720739348460e-02	-3.552604664240241461e-02	6.453356937738811971e-02	-7.955718860374558221e-02	9.749141095444625871e-02	-7.859164581004954298e-02	3.726209483337441369e-02	-7.552088744854687508e-02	9.312227159674893451e-02	-9.914447925828463737e-02	1.574194971627616013e-01	-2.402840817963049491e-01	1.466423042129265109e-01	-1.903390925742673434e-01	1.913290856781826588e-01	-4.100495311788459607e-01	2.353750972763461180e-01	-1.352896424412776133e-01	2.395164150988222662e-01	-3.867096089845353246e-01	1.000000000000000666e+00	-3.853277079551354900e-01	1.204572666373002199e-01	-1.101952728250714941e-01	2.656710752098995210e-01	-5.347702817174695422e-01	3.081843581839099344e-01	-2.011339324337873824e-01	1.491395454309868973e-01	-2.191158086499178093e-01	2.268407649776841284e-01	-2.888271316442684866e-01
-6.973964429521074815e-02	5.467486885226763987e-02	-6.885709620812066611e-02	4.053249110903337643e-02	-4.892823268375161988e-02	4.555866432426446122e-02	-6.830838689441014189e-02	6.775397964197123202e-02	-1.169850430602959734e-01	4.034893957997874592e-02	-7.038965940952436606e-02	8.859886270049976975e-02	-1.135209244804614576e-01	8.950736644353785021e-02	-4.298120929374671384e-02	7.947038166712015739e-02	-1.064020653905665970e-01	1.083763301928930417e-01	-1.868926955912908472e-01	2.401251975220818902e-01	-1.330014753839361130e-01	1.353244453920331991e-01	-1.438545727360295012e-01	3.235941971396854577e-01	-6.397697700538600429e-01	1.141962981103422925e-01	-2.218482658834883270e-01	1.821723144207939571e-01	-3.853277079551354900e-01	1.000000000000003109e+00	-1.074091665487154068e-01	9.245316504260085722e-02	-2.171974353105055044e-01	2.367749084543108729e-01	-4.288957539417174170e-01	1.497437985867967891e-01	-1.170686598553869195e-01	1.519441484685252475e-01	-1.646223889093894055e-01	2.108498044248147130e-01
3.939706427047798276e-02	-2.574656050782348979e-02	3.128746446615023047e-02	-1.828655350041993519e-02	2.179961345849550439e-02	-2.649079228450586590e-02	3.125362018735007574e-02	-3.123709369648893300e-02	5.109676412655041883e-02	-1.886124730492806656e-02	4.119090318880058721e-02	-4.303845258502856513e-02	5.051025846770534899e-02	-4.090863270410554503e-02	1.964036940543014906e-02	-5.008751521979487586e-02	5.005372718214107924e-02	-5.042215345187597841e-02	7.503081078894514866e-02	-1.297595364099800863e-01	1.465073812932234931e-01	-1.391772350143215264e-01	1.153009373924870351e-01	-1.114520502387100626e-01	7.439002308349937365e-02	-2.017507301551755283e-01	2.182100487259712729e-01	-1.689868745572801478e-01	1.204572666373002199e-01	-1.074091665487154068e-01	1.000000000000001554e+00	-8.859436399116478178e-01	2.253445603536275432e-01	-1.088950144146288851e-01	1.100010159619788097e-01	-1.671410244238480391e-01	1.048770680939379030e-01	-1.390983889510005456e-01	1.048307204529131953e-01	-1.664869518879775745e-01
-3.449554582296102817e-02	2.228856671670341807e-02	-2.708531513589591475e-02	1.580919839800157961e-02	-1.885027785276918721e-02	2.312381116215540128e-02	-2.707387328796900805e-02	2.703496911129299810e-02	-4.422228678706539157e-02	1.624243416840643467e-02	-3.617762828519665436e-02	3.736180101176791307e-02	-4.387132438604420676e-02	3.539217211505828187e-02	-1.692600204638274736e-02	4.369153303659927684e-02	-4.359141095034685387e-02	4.390295432914759211e-02	-6.504710160116587703e-02	1.092209865375210615e-01	-1.349331490850179949e-01	1.238592796097365695e-01	-1.091954404098443993e-01	9.597637129523427235e-02	-6.428762675172702834e-02	1.583518540138773856e-01	-2.567229761271127009e-01	1.606990392692546066e-01	-1.101952728250714941e-01	9.245316504260085722e-02	-8.859436399116478178e-01	1.000000000000001998e+00	-2.973144300452156830e-01	9.653046406633782051e-02	-9.701623792343427866e-02	1.359550035144741487e-01	-9.198064990214932513e-02	1.199981022485160920e-01	-9.172408027798245600e-02	1.387625708647000078e-01
6.753902229133032509e-02	-4.728029391107960167e-02	5.777552339313765661e-02	-3.388575971091589006e-02	4.043820491252397842e-02	-4.520408689576257966e-02	5.770238169173911441e-02	-5.774908310411369650e-02	9.517041695981841298e-02	-3.494336988502299429e-02	6.954076291635252760e-02	-7.919524669168369335e-02	9.424022976633569804e-02	-7.614666300543898592e-02	3.645469660617928903e-02	-8.331685419250384195e-02	9.222875734314901763e-02	-9.508390832160751316e-02	1.415262268777808530e-01	-2.369168637176266856e-01	1.913553891882418811e-01	-2.777590777953193313e-01	2.445044371569920494e-01	-2.241722390383981411e-01	1.481754053296759355e-01	-1.975906318639857329e-01	2.996198383798396869e-01	-5.495114759086723311e-01	2.656710752098995210e-01	-2.171974353105055044e-01	2.253445603536275432e-01	-2.973144300452156830e-01	1.000000000000002220e+00	-2.581006057452338576e-01	2.280313513386112989e-01	-3.032909592114520492e-01	2.038799098744532301e-01	-3.406786701900380576e-01	2.261176334888386763e-01	-3.299781536847096741e-01
-5.166580022308010778e-02	3.795553490975651922e-02	-4.714681784077564414e-02	2.771176150343114541e-02	-3.328560591218931997e-02	3.401480569132911413e-02	-4.684834567943094163e-02	4.665976355387662505e-02	-7.879023712817695424e-02	2.799374354796583045e-02	-5.247469947208759089e-02	6.212407668455623144e-02	-7.686137315340781095e-02	6.152900253393740748e-02	-2.950161298058550513e-02	6.052201416539017276e-02	-7.336822590961809831e-02	7.524623872392899315e-02	-1.204308853121194844e-01	1.754815977846697350e-01	-1.220921516453798011e-01	1.349740635963674606e-01	-1.415795966929453142e-01	2.178779392352445388e-01	-1.607608093922573145e-01	1.087330533823954032e-01	-2.060796913388390494e-01	2.043957428972424661e-01	-5.347702817174695422e-01	2.367749084543108729e-01	-1.088950144146288851e-01	9.653046406633782051e-02	-2.581006057452338576e-01	1.000000000000002442e+00	-5.882152592646453515e-01	1.786623474746781570e-01	-1.582651129605493201e-01	2.284803159652868398e-01	-4.180265592714453304e-01	2.914913240917212378e-01
6.164339348315451411e-02	-4.671806416654612770e-02	5.794468782126365597e-02	-3.415209582464122373e-02	4.095472635511734211e-02	-4.069041851764047119e-02	5.759322348308923423e-02	-5.754635738185210486e-02	9.701381586314226924e-02	-3.499471719852505908e-02	6.237210813150201316e-02	-7.647136652858899097e-02	9.454777703579179959e-02	-7.642303238744845018e-02	3.677878597556495655e-02	-7.211424645177684500e-02	8.962224480331144882e-02	-9.331014565368933589e-02	1.504848868510881843e-01	-2.453221794624162455e-01	1.303710290393576554e-01	-1.439575079538313873e-01	1.409254791237520843e-01	-3.095886539451510044e-01	2.222822240888666645e-01	-1.165988415598169653e-01	2.132460912056088898e-01	-1.933074966965269703e-01	3.081843581839099344e-01	-4.288957539417174170e-01	1.100010159619788097e-01	-9.701623792343427866e-02	2.280313513386112989e-01	-5.882152592646453515e-01	1.000000000000002665e+00	-2.116793251504517359e-01	1.626866202884593715e-01	-2.384111806082583607e-01	2.650087794165060240e-01	-4.242797097580945920e-01
-6.814462063503975986e-02	4.594244098348143623e-02	-5.750741861118924964e-02	3.369766770219311675e-02	-4.073792045382005483e-02	4.421290314490993606e-02	-5.660053851036390277e-02	5.590910463877840630e-02	-9.491684677583824004e-02	3.291693708954072234e-02	-6.834941500400025516e-02	7.261991766474368282e-02	-8.977309269146130366e-02	7.173255867323813373e-02	-3.486327049349845913e-02	7.706549111609353742e-02	-8.625710759879635925e-02	8.368221125155279883e-02	-1.308098162361849559e-01	1.733466070240049228e-01	-1.733524085441720819e-01	1.497564580520914512e-01	-1.531809494039400865e-01	1.529753199213170767e-01	-1.088777166246848588e-01	1.456080331542835837e-01	-3.029599977977450731e-01	1.864075903234182485e-01	-2.011339324337873824e-01	1.497437985867967891e-01	-1.671410244238480391e-01	1.359550035144741487e-01	-3.032909592114520492e-01	1.786623474746781570e-01	-2.116793251504517359e-01	1.000000000000002665e+00	-7.325764271782404524e-01	2.928547824442105374e-01	-2.399972184341756520e-01	2.390608391669595267e-01
4.334266654034826804e-02	-3.000724834319559720e-02	3.739557900689456649e-02	-2.194533324379776412e-02	2.645198587733112866e-02	-2.832213259022453578e-02	3.692302881346296028e-02	-3.660897838857711528e-02	6.185870894403288495e-02	-2.178412361321943255e-02	4.364219708769057071e-02	-4.799595185306000655e-02	5.906205116972189362e-02	-4.739950223751399072e-02	2.299261935569126350e-02	-4.982825192960615990e-02	5.670029092619489897e-02	-5.605001045353336098e-02	8.764753863852668692e-02	-1.264459837159242483e-01	1.075478266989195464e-01	-1.037103504531649845e-01	1.022738668451041721e-01	-1.175151800240903655e-01	8.225266942830349037e-02	-9.413708299565365367e-02	1.829036152205732180e-01	-1.331539544436944333e-01	1.491395454309868973e-01	-1.170686598553869195e-01	1.048770680939379030e-01	-9.198064990214932513e-02	2.038799098744532301e-01	-1.582651129605493201e-01	1.626866202884593715e-01	-7.325764271782404524e-01	1.000000000000003331e+00	-5.291838192015176912e-01	2.296168052430212492e-01	-2.572158289176175172e-01
-5.493524980870526098e-02	3.788353475687924327e-02	-4.719602162158152703e-02	2.767340999734525797e-02	-3.335271104702053346e-02	3.588882938662742161e-02	-4.664535678544617925e-02	4.623292185440372459e-02	-7.811927017496106407e-02	2.742481544426574047e-02	-5.547542319223329466e-02	6.083346787824368829e-02	-7.489818178463970855e-02	5.990584111920091437e-02	-2.896088721140808661e-02	6.332120461399370903e-02	-7.203122878622572611e-02	7.132131406605066171e-02	-1.115274341133311031e-01	1.556402841643515778e-01	-1.412105051614773454e-01	1.367414128821126118e-01	-1.399528926514919669e-01	1.509156077100365367e-01	-1.077569509548719773e-01	1.225960726429252967e-01	-2.435404960186714207e-01	1.856016132546564057e-01	-2.191158086499178093e-01	1.519441484685252475e-01	-1.390983889510005456e-01	1.199981022485160920e-01	-3.406786701900380576e-01	2.284803159652868398e-01	-2.384111806082583607e-01	2.928547824442105374e-01	-5.291838192015176912e-01	1.000000000000003331e+00	-5.672776747258505559e-01	2.941104872706837292e-01
4.763917374629731555e-02	-3.383837844092105196e-02	4.210895939899693408e-02	-2.473289644649569879e-02	2.976651697464240132e-02	-3.122622488013334155e-02	4.168190104537953383e-02	-4.141336194801149839e-02	6.994184409265781499e-02	-2.475201043380405308e-02	4.810791612765465131e-02	-5.462607037759692474e-02	6.734237291271860659e-02	-5.404134121736078877e-02	2.610190758677860545e-02	-5.515903131646733570e-02	6.447274481148392022e-02	-6.477334755094714402e-02	1.021943414491962160e-01	-1.494746361659874956e-01	1.150560837542939779e-01	-1.181002589494034721e-01	1.177159259921024548e-01	-1.587654388227787150e-01	1.115306575443355680e-01	-1.011843827196747120e-01	1.943602188770327255e-01	-1.615744734964409401e-01	2.268407649776841284e-01	-1.646223889093894055e-01	1.048307204529131953e-01	-9.172408027798245600e-02	2.261176334888386763e-01	-4.180265592714453304e-01	2.650087794165060240e-01	-2.399972184341756520e-01	2.296168052430212492e-01	-5.672776747258505559e-01	1.000000000000003331e+00	-5.751254811098041042e-01
