1.000000000000000000e+00	-1.317942839913924524e-01	9.591035144195513007e-02	-1.027677594523264126e-01	9.555363800804836383e-02	-8.606514444410949816e-01	1.246444750776987132e-01	-1.496723711027493908e-01	9.922789887517360907e-02	-9.189214857188605923e-02	2.186499757049694126e-01	-2.474357481827653693e-01	1.410216706943040743e-01	-9.382560889219181133e-02	1.055600258099086974e-01	-1.892943948457466996e-01	1.861744990604207450e-01	-1.256914178789625691e-01	1.474752131369972963e-01	-8.375677652286363239e-02	8.284065922352408518e-02	-1.472460360368291477e-01	1.143900649964115640e-01	-1.172561424018436493e-01	7.812349827366235622e-02	-7.008742160278791378e-02	1.252063618084719721e-01	-1.373124661353120890e-01	1.090336314301996179e-01	-1.021818232303956103e-01	8.173914217015861017e-02	-8.290378886459467966e-02	7.738794071229286586e-02	-1.045384975033611524e-01	6.430899548017735001e-02	-9.758725262673360878e-02	7.480569976058100423e-02	-8.420912159238372330e-02	2.847215354820039485e-02	-3.042136679831355245e-02
-1.317942839913924524e-01	1.000000000000000000e+00	-7.256387735653250237e-01	2.675933118763285656e-01	-1.844706697206582591e-01	9.963708594944778452e-02	-4.372351853864427373e-01	2.820258827021984160e-01	-2.917021462662740539e-01	1.477189256754312674e-01	-9.631402057992374810e-02	2.238701852317053209e-01	-1.497948498900549541e-01	1.004579148546145134e-01	-1.171463698541396620e-01	7.500286366586594866e-02	-1.283914904044249072e-01	1.035425320047211606e-01	-1.367642494932154451e-01	6.875740439698410644e-02	-4.836145249900589832e-02	8.412885042458935481e-02	-8.971455734318614650e-02	8.844670355656990279e-02	-6.641391398033219540e-02	3.966570403296173358e-02	-8.347531656006833278e-02	8.762059984444559024e-02	-7.269588345161603904e-02	5.882389412744676999e-02	-4.782306843382574252e-02	4.751106182132092820e-02	-4.566262451717875009e-02	6.020032218316164613e-02	-3.809334403499045618e-02	5.185506651479577372e-02	-4.324640728042049298e-02	4.696153064871416011e-02	-1.629929149800787846e-02	1.721808206220423743e-02
9.591035144195513007e-02	-7.256387735653250237e-01	1.000000000000000000e+00	-4.832812496983610595e-01	1.545667030341514314e-01	-7.825699605835410855e-02	2.523100853873184723e-01	-3.242514254323995426e-01	2.666067059236786885e-01	-1.400949726804453788e-01	7.396445135344383026e-02	-2.007546134011631567e-01	1.198588936621043516e-01	-8.380931438398253608e-02	9.430377319333109465e-02	-5.871702415465657882e-02	9.886492487547683672e-02	-8.406065728335818110e-02	1.068996040730719743e-01	-5.565137506152054853e-02	3.790611313650455588e-02	-6.677433622535705604e-02	7.115317419195470172e-02	-7.111374245888063550e-02	5.292450031796098325e-02	-3.124259656090598927e-02	6.528556517316243257e-02	-7.038653920842587175e-02	5.778315179063910068e-02	-4.741507973714777918e-02	3.771501258960709840e-02	-3.771850056662129358e-02	3.630898999351709483e-02	-4.844458363439236442e-02	3.055592459487427304e-02	-4.131778535192809354e-02	3.425026956180009241e-02	-3.748621146724723241e-02	1.304185948905457748e-02	-1.379425461878961562e-02
-1.027677594523264126e-01	2.675933118763285656e-01	-4.832812496983610595e-01	1.000000000000000222e+00	-2.773334642599690203e-01	8.104199396853875581e-02	-2.158321292998523211e-01	2.533644108097408698e-01	-7.061870576489335249e-01	2.187336210953745030e-01	-8.300930047186946825e-02	1.820068420034275658e-01	-1.371395362035581211e-01	1.101400474317185130e-01	-1.248985805044919573e-01	6.576211265267138673e-02	-1.135226350740434348e-01	9.635426938388068352e-02	-1.293937075390680369e-01	6.793429429985226031e-02	-4.385603342512960079e-02	7.696351798262777988e-02	-8.328308020649811960e-02	8.423516347252076042e-02	-6.448727238524461225e-02	3.612422287053826397e-02	-7.586344617789929357e-02	8.187882609953654744e-02	-6.782211728315935828e-02	5.544099626388372670e-02	-4.380325009404450326e-02	4.380985183693003604e-02	-4.227339151333545791e-02	5.658538567317587115e-02	-3.574384115433632686e-02	4.791961054676718151e-02	-3.983724582602980735e-02	4.357464625743344422e-02	-1.520964949822273780e-02	1.608164625196020769e-02
9.555363800804836383e-02	-1.844706697206582591e-01	1.545667030341514314e-01	-2.773334642599690203e-01	1.000000000000000222e+00	-8.454585230963386489e-02	1.444564117252845614e-01	-1.992408740969725534e-01	2.494260562208100995e-01	-8.609473117535498821e-01	8.108053324582990828e-02	-2.045066817479250509e-01	1.336062032756334672e-01	-1.319943334595289064e-01	1.516351434689292565e-01	-6.782415340510331014e-02	1.118678879732305925e-01	-1.034020582183539927e-01	1.346824328225281198e-01	-8.466319652579422372e-02	4.784057704270776312e-02	-8.646545901549626545e-02	9.039010047179624197e-02	-9.854001947005702755e-02	7.472222549063839425e-02	-4.011401929031332275e-02	8.139373284493323091e-02	-9.541460115898074690e-02	7.793125912319286142e-02	-6.812097980330403257e-02	4.940646445282780713e-02	-5.059061449042913383e-02	4.907525022969481260e-02	-6.900511716011520358e-02	4.305699815568579669e-02	-5.664641001037378637e-02	4.585568260546928759e-02	-5.157654525233355824e-02	1.819507411541147410e-02	-1.934002604030573072e-02
-8.606514444410949816e-01	9.963708594944778452e-02	-7.825699605835410855e-02	8.104199396853875581e-02	-8.454585230963386489e-02	1.000000000000000666e+00	-1.032296257036658116e-01	1.164474628919527910e-01	-8.228862673024536778e-02	7.696657646484465765e-02	-3.234866069796604182e-01	1.851773386979968794e-01	-1.326393094066582734e-01	8.595474083227129525e-02	-9.902509587404834113e-02	1.910851978741503476e-01	-2.091448394635237462e-01	1.168600988261119938e-01	-1.414923452024970663e-01	7.455541662173090223e-02	-7.916600746564503299e-02	1.328276268695771367e-01	-1.055183648330595692e-01	1.044232782159555811e-01	-7.128367239213224960e-02	6.472896236309412521e-02	-1.199099682843512843e-01	1.189225016239403160e-01	-9.616471396729268928e-02	8.419082056805606007e-02	-7.405662717754410429e-02	7.270051963476922841e-02	-6.741437707367532728e-02	8.665276824395906630e-02	-5.401723989335815990e-02	8.265316046279112816e-02	-6.561397821087741611e-02	7.159191667808872950e-02	-2.401749624563997640e-02	2.550574429936930745e-02
1.246444750776987132e-01	-4.372351853864427373e-01	2.523100853873184723e-01	-2.158321292998523211e-01	1.444564117252845614e-01	-1.032296257036658116e-01	1.000000000000000666e+00	-6.561243769700947359e-01	2.239444121331445325e-01	-1.304153830198772346e-01	1.061181532951404188e-01	-4.771175842193604022e-01	1.778931928635359705e-01	-1.067598476499330984e-01	1.208832022857841554e-01	-8.275869131660799904e-02	1.408450812549456588e-01	-1.194307278787640758e-01	1.459674893844852550e-01	-7.323660569966686240e-02	5.197761512661389777e-02	-9.145881972200739507e-02	9.847207388225553970e-02	-9.606680274869294767e-02	7.054028269759057834e-02	-4.268578329498934343e-02	8.995174199097868972e-02	-9.551237256630612515e-02	7.815404074846324378e-02	-6.316006693740384981e-02	5.122092722425482247e-02	-5.100262204770598939e-02	4.902846038644960436e-02	-6.466955767406917799e-02	4.087685880952069556e-02	-5.549282017980811110e-02	4.626849769956627861e-02	-5.037682928939236915e-02	1.747343774809541339e-02	-1.846058618402161150e-02
-1.496723711027493908e-01	2.820258827021984160e-01	-3.242514254323995426e-01	2.533644108097408698e-01	-1.992408740969725534e-01	1.164474628919527910e-01	-6.561243769700947359e-01	1.000000000000000222e+00	-4.048707158570294395e-01	1.718702527412541980e-01	-1.286002982043387144e-01	2.901100625878985650e-01	-2.453590455272452731e-01	1.394355945659722651e-01	-1.602139947198114867e-01	9.997283628549871737e-02	-1.770635291244407605e-01	1.509956088211770742e-01	-1.894832237111205020e-01	9.355334127660552834e-02	-6.516582883153558547e-02	1.139678285041438310e-01	-1.260713954340450249e-01	1.218485710405476374e-01	-9.064642305947123724e-02	5.340651522396799161e-02	-1.136265636797704204e-01	1.199043676610651449e-01	-9.885493216607083022e-02	7.909883323600214178e-02	-6.430641023810067247e-02	6.391686863615335390e-02	-6.155765018308784198e-02	8.099997270777732628e-02	-5.131243321922605155e-02	6.931866062084363067e-02	-5.807812094756688304e-02	6.304306192712053059e-02	-2.189955148424048773e-02	2.311905132320848585e-02
9.922789887517360907e-02	-2.917021462662740539e-01	2.666067059236786885e-01	-7.061870576489335249e-01	2.494260562208100995e-01	-8.228862673024536778e-02	2.239444121331445325e-01	-4.048707158570294395e-01	1.000000000000001332e+00	-3.358042720856376229e-01	8.211027656781184902e-02	-2.104449413431941085e-01	1.433312277231629794e-01	-1.337344121636463712e-01	1.348540837869179332e-01	-6.635090070242363747e-02	1.125397234572390326e-01	-1.021042993870215909e-01	1.311254961865242763e-01	-7.244084035909809094e-02	4.427435516400554660e-02	-7.891258664398456690e-02	8.560996298418253880e-02	-8.831279494754820658e-02	6.709326872221665905e-02	-3.667792382432356890e-02	7.643927367468716927e-02	-8.529767284626096902e-02	6.970349881670345749e-02	-5.789512508909067101e-02	4.451586689824340443e-02	-4.488897741297808580e-02	4.340706913461151589e-02	-5.896770733344274679e-02	3.710882572847270383e-02	-4.925814918939286358e-02	4.067455687051857449e-02	-4.492745431130771433e-02	1.573265743564166916e-02	-1.665859023227089439e-02
-9.189214857188605923e-02	1.477189256754312674e-01	-1.400949726804453788e-01	2.187336210953745030e-01	-8.609473117535498821e-01	7.696657646484465765e-02	-1.304153830198772346e-01	1.718702527412541980e-01	-3.358042720856376229e-01	9.999999999999986677e-01	-7.823928051060312361e-02	1.684666262951045879e-01	-1.350773075695059500e-01	1.345636746789493909e-01	-1.848972532919371803e-01	6.437490870400208731e-02	-1.098257023974983509e-01	1.003732533204953897e-01	-1.388609257228831106e-01	8.312693001560630957e-02	-4.536134137328344529e-02	8.096162228008486894e-02	-8.822407821780531290e-02	9.445879513270540040e-02	-7.559890878362564293e-02	3.776305477823353046e-02	-7.810068375397569151e-02	8.923270733480916095e-02	-7.396560522151120198e-02	6.235194666892340809e-02	-4.635528776476786211e-02	4.706037584750077246e-02	-4.571121841167460897e-02	6.327153093284634822e-02	-3.976980354158161229e-02	5.203651678803083991e-02	-4.272927835047464484e-02	4.753197557046408284e-02	-1.676904814701916588e-02	1.777650632785849130e-02
2.186499757049694126e-01	-9.631402057992374810e-02	7.396445135344383026e-02	-8.300930047186946825e-02	8.108053324582990828e-02	-3.234866069796604182e-01	1.061181532951404188e-01	-1.286002982043387144e-01	8.211027656781184902e-02	-7.823928051060312361e-02	1.000000000000000222e+00	-2.454533420021251799e-01	1.500585932981310655e-01	-9.686842472262657822e-02	1.062764041251728214e-01	-7.779966610407144101e-01	2.816002575128992991e-01	-1.533627237599409499e-01	1.539761148020726556e-01	-8.867507631809505575e-02	1.152705434459838640e-01	-2.032376417080988540e-01	1.289696119663004958e-01	-1.291645465808205495e-01	8.232713221578183416e-02	-9.830257999721993267e-02	1.501426288352333271e-01	-1.575052734580988378e-01	1.170376055849324665e-01	-1.076607933575518677e-01	9.517042226071746602e-02	-9.583356224540737212e-02	8.594958717634480772e-02	-1.110531253742584740e-01	6.812595252261174905e-02	-1.091989602740674609e-01	8.240154343890064570e-02	-9.320091429805918426e-02	3.051320876465066223e-02	-3.257984251632507072e-02
-2.474357481827653693e-01	2.238701852317053209e-01	-2.007546134011631567e-01	1.820068420034275658e-01	-2.045066817479250509e-01	1.851773386979968794e-01	-4.771175842193604022e-01	2.901100625878985650e-01	-2.104449413431941085e-01	1.684666262951045879e-01	-2.454533420021251799e-01	1.000000000000000444e+00	-3.991451825663394626e-01	2.040200206429506891e-01	-2.459695271938976135e-01	1.806521563877069581e-01	-3.252368833010403915e-01	2.433297285442548863e-01	-3.177774557478967310e-01	1.486819626679719009e-01	-1.125846493307020579e-01	1.941511722643466109e-01	-2.105027241581731989e-01	1.982355242662177108e-01	-1.474292504567192574e-01	9.155221132475678536e-02	-1.963462104924726392e-01	1.974866111191126150e-01	-1.646475239600178886e-01	1.292257974952527033e-01	-1.094140822856674300e-01	1.075865592412696692e-01	-1.031067922393703595e-01	1.327686944993730078e-01	-8.446098081241172617e-02	1.159678954001832768e-01	-9.793841814430896686e-02	1.050328637162440959e-01	-3.625846203398057355e-02	3.820882377161923665e-02
1.410216706943040743e-01	-1.497948498900549541e-01	1.198588936621043516e-01	-1.371395362035581211e-01	1.336062032756334672e-01	-1.326393094066582734e-01	1.778931928635359705e-01	-2.453590455272452731e-01	1.433312277231629794e-01	-1.350773075695059500e-01	1.500585932981310655e-01	-3.991451825663394626e-01	9.999999999999998890e-01	-3.790680254539778304e-01	2.542154635748908875e-01	-1.443896732617231393e-01	2.456216601829206148e-01	-6.072485223931352039e-01	2.945873071407537624e-01	-1.749378779627416558e-01	9.675707142681526374e-02	-1.945410570599352962e-01	2.523771292133468180e-01	-2.488216582094421592e-01	1.531332257962163546e-01	-8.251959711142077547e-02	1.721169399008531664e-01	-2.416277092262631154e-01	1.694233748995805922e-01	-1.433449457145470063e-01	9.922042836268717136e-02	-1.046000076963344572e-01	1.028589300476769053e-01	-1.459142005490791649e-01	9.029894530586371482e-02	-1.131594654415876422e-01	9.191255546703014367e-02	-1.065900298089763887e-01	3.757411601370410498e-02	-3.994890936146539007e-02
-9.382560889219181133e-02	1.004579148546145134e-01	-8.380931438398253608e-02	1.101400474317185130e-01	-1.319943334595289064e-01	8.595474083227129525e-02	-1.067598476499330984e-01	1.394355945659722651e-01	-1.337344121636463712e-01	1.345636746789493909e-01	-9.686842472262657822e-02	2.040200206429506891e-01	-3.790680254539778304e-01	9.999999999999993339e-01	-7.750772788561135496e-01	8.770333539333584338e-02	-1.549489154040314398e-01	2.147634840696615033e-01	-3.594664361671656705e-01	1.893642722193065453e-01	-6.466324618540832125e-02	1.238697881692976815e-01	-1.637965478012123333e-01	1.900068121504490115e-01	-1.682005003487686279e-01	5.487558710016537250e-02	-1.151690344095322727e-01	1.527548664013756163e-01	-1.220645852358634154e-01	1.020730793512819312e-01	-6.736450159817052030e-02	7.071617876193271590e-02	-7.016938526596917802e-02	1.026719780756942396e-01	-6.441970634004035023e-02	7.676038901910386958e-02	-6.284799542015656604e-02	7.250222877015427558e-02	-2.622707017754906389e-02	2.784118500512249017e-02
1.055600258099086974e-01	-1.171463698541396620e-01	9.430377319333109465e-02	-1.248985805044919573e-01	1.516351434689292565e-01	-9.902509587404834113e-02	1.208832022857841554e-01	-1.602139947198114867e-01	1.348540837869179332e-01	-1.848972532919371803e-01	1.062764041251728214e-01	-2.459695271938976135e-01	2.542154635748908875e-01	-7.750772788561135496e-01	9.999999999999998890e-01	-9.678148884321806367e-02	1.618239847213800708e-01	-2.115904407702678403e-01	2.655985795028877883e-01	-2.907663813380120255e-01	7.327400719949446473e-02	-1.410729216067334035e-01	1.683655511614586264e-01	-2.152098904631118970e-01	1.927609474228302311e-01	-6.261914561121402489e-02	1.283172219918943258e-01	-1.747769584148060051e-01	1.377286935892019504e-01	-1.218417662096041021e-01	7.744466666889432416e-02	-8.202728375526224802e-02	8.126606614646046667e-02	-1.219617703780864482e-01	7.585183723600220917e-02	-9.008489208532957648e-02	7.286175422554840020e-02	-8.505536228878490812e-02	3.088432564247385603e-02	-3.288931758133033234e-02
-1.892943948457466996e-01	7.500286366586594866e-02	-5.871702415465657882e-02	6.576211265267138673e-02	-6.782415340510331014e-02	1.910851978741503476e-01	-8.275869131660799904e-02	9.997283628549871737e-02	-6.635090070242363747e-02	6.437490870400208731e-02	-7.779966610407144101e-01	1.806521563877069581e-01	-1.443896732617231393e-01	8.770333539333584338e-02	-9.678148884321806367e-02	9.999999999999991118e-01	-4.733920995060089121e-01	1.494357074135179986e-01	-1.443673755110792267e-01	7.769896941660567324e-02	-1.280712556201571428e-01	1.845680769713493874e-01	-1.211336681739488275e-01	1.143768819010093085e-01	-7.351431300583775863e-02	9.705277307229760730e-02	-1.462932662164412867e-01	1.362610224246093849e-01	-1.024540587850034101e-01	8.919782291189068402e-02	-8.897050275715578938e-02	8.572734867619005716e-02	-7.559112008078376632e-02	9.259827730955072500e-02	-5.734982473282863175e-02	9.460128211655043085e-02	-7.277767763022904846e-02	8.033141285344558291e-02	-2.589335275285783999e-02	2.751852255714676287e-02
1.861744990604207450e-01	-1.283914904044249072e-01	9.886492487547683672e-02	-1.135226350740434348e-01	1.118678879732305925e-01	-2.091448394635237462e-01	1.408450812549456588e-01	-1.770635291244407605e-01	1.125397234572390326e-01	-1.098257023974983509e-01	2.816002575128992991e-01	-3.252368833010403915e-01	2.456216601829206148e-01	-1.549489154040314398e-01	1.618239847213800708e-01	-4.733920995060089121e-01	1.000000000000000000e+00	-3.600199836846982304e-01	2.424206197998808876e-01	-1.405689186030242011e-01	1.519458346720270470e-01	-4.445294644857984978e-01	2.225272834270189959e-01	-2.146591095201421384e-01	1.294828519632318931e-01	-1.295794982804931716e-01	2.532949625241043834e-01	-2.613936793685848192e-01	1.816985620296604487e-01	-1.633446923525721239e-01	1.353127657351226310e-01	-1.400883087577816655e-01	1.279814601736052881e-01	-1.683821296951419910e-01	1.031389481488720616e-01	-1.530619490474786071e-01	1.190056665462553426e-01	-1.359847464491089064e-01	4.520283301498469186e-02	-4.821122448311063180e-02
-1.256914178789625691e-01	1.035425320047211606e-01	-8.406065728335818110e-02	9.635426938388068352e-02	-1.034020582183539927e-01	1.168600988261119938e-01	-1.194307278787640758e-01	1.509956088211770742e-01	-1.021042993870215909e-01	1.003732533204953897e-01	-1.533627237599409499e-01	2.433297285442548863e-01	-6.072485223931352039e-01	2.147634840696615033e-01	-2.115904407702678403e-01	1.494357074135179986e-01	-3.600199836846982304e-01	9.999999999999990008e-01	-3.975173473469973406e-01	1.580605238213809716e-01	-9.640858529407556055e-02	1.971316863308083256e-01	-4.570014832968021246e-01	2.613817590024981596e-01	-1.524785163411554456e-01	8.136113812568752934e-02	-1.820844770165628013e-01	2.447479738585164599e-01	-1.754689009206864547e-01	1.335674240894084153e-01	-9.628660917709372380e-02	1.006628503183978479e-01	-1.002728177234388507e-01	1.368814815181792488e-01	-8.579595267989791052e-02	1.059894954856964583e-01	-8.790743924354699201e-02	1.006536917542540932e-01	-3.542684291164320542e-02	3.746709965467860670e-02
1.474752131369972963e-01	-1.367642494932154451e-01	1.068996040730719743e-01	-1.293937075390680369e-01	1.346824328225281198e-01	-1.414923452024970663e-01	1.459674893844852550e-01	-1.894832237111205020e-01	1.311254961865242763e-01	-1.388609257228831106e-01	1.539761148020726556e-01	-3.177774557478967310e-01	2.945873071407537624e-01	-3.594664361671656705e-01	2.655985795028877883e-01	-1.443673755110792267e-01	2.424206197998808876e-01	-3.975173473469973406e-01	9.999999999999993339e-01	-2.935092742552944389e-01	1.144474371259500411e-01	-2.264750237080249418e-01	2.909532874115713375e-01	-4.926840060263302234e-01	2.326887371867978893e-01	-9.867038024566134047e-02	2.025564361985645601e-01	-2.968728909433653862e-01	2.316353714284342946e-01	-2.046798374907007056e-01	1.226892843550722312e-01	-1.320963995873747354e-01	1.321313522090419579e-01	-2.061508321229366947e-01	1.260863037475537518e-01	-1.442898048134709788e-01	1.163250098524495207e-01	-1.382833386643552154e-01	5.080599545498518110e-02	-5.421720405900499334e-02
-8.375677652286363239e-02	6.875740439698410644e-02	-5.565137506152054853e-02	6.793429429985226031e-02	-8.466319652579422372e-02	7.455541662173090223e-02	-7.323660569966686240e-02	9.355334127660552834e-02	-7.244084035909809094e-02	8.312693001560630957e-02	-8.867507631809505575e-02	1.486819626679719009e-01	-1.749378779627416558e-01	1.893642722193065453e-01	-2.907663813380120255e-01	7.769896941660567324e-02	-1.405689186030242011e-01	1.580605238213809716e-01	-2.935092742552944389e-01	9.999999999999968914e-01	-6.424731542061563883e-02	1.165800663742031645e-01	-1.876050533261748587e-01	2.554976562822245389e-01	-8.295306509080229151e-01	5.407224240773658014e-02	-1.182354633217216622e-01	1.550856002217907703e-01	-1.493312596230602640e-01	1.141987504570705636e-01	-6.786453229732894443e-02	7.074301063510635146e-02	-7.224074232321353595e-02	1.086723834848284109e-01	-7.420384312978724195e-02	7.476632478826132633e-02	-6.351513510282764952e-02	7.225561795523555153e-02	-2.778682830664919168e-02	2.916238170651495876e-02
8.284065922352408518e-02	-4.836145249900589832e-02	3.790611313650455588e-02	-4.385603342512960079e-02	4.784057704270776312e-02	-7.916600746564503299e-02	5.197761512661389777e-02	-6.516582883153558547e-02	4.427435516400554660e-02	-4.536134137328344529e-02	1.152705434459838640e-01	-1.125846493307020579e-01	9.675707142681526374e-02	-6.466324618540832125e-02	7.327400719949446473e-02	-1.280712556201571428e-01	1.519458346720270470e-01	-9.640858529407556055e-02	1.144474371259500411e-01	-6.424731542061563883e-02	9.999999999999984457e-01	-2.694019957570441548e-01	1.052649492654393892e-01	-9.920559054848016034e-02	6.229047282203243469e-02	-8.274992634458920859e-01	2.201024361764910287e-01	-1.494953427451091998e-01	1.121649775906063129e-01	-9.691483232765159272e-02	2.616430611585690014e-01	-2.261126588229379897e-01	1.427042300403167929e-01	-1.098101714552522923e-01	6.804942193705733333e-02	-2.478503782760395346e-01	1.525826375608721752e-01	-1.646969297997495918e-01	3.974376734098923614e-02	-4.220728752527705407e-02
-1.472460360368291477e-01	8.412885042458935481e-02	-6.677433622535705604e-02	7.696351798262777988e-02	-8.646545901549626545e-02	1.328276268695771367e-01	-9.145881972200739507e-02	1.139678285041438310e-01	-7.891258664398456690e-02	8.096162228008486894e-02	-2.032376417080988540e-01	1.941511722643466109e-01	-1.945410570599352962e-01	1.238697881692976815e-01	-1.410729216067334035e-01	1.845680769713493874e-01	-4.445294644857984978e-01	1.971316863308083256e-01	-2.264750237080249418e-01	1.165800663742031645e-01	-2.694019957570441548e-01	9.999999999999982236e-01	-2.249780148780793909e-01	1.820372855499203801e-01	-1.162018660274986015e-01	1.954989886865960702e-01	-6.761390011748763529e-01	2.595692669171180689e-01	-1.857310478439586077e-01	1.402603252699827774e-01	-1.857691060547456419e-01	1.760136470481880877e-01	-1.472188972979864285e-01	1.497209049005856218e-01	-9.472675097945434941e-02	1.661359238372439595e-01	-1.399656668071360133e-01	1.442719246872024574e-01	-4.402548097313283698e-02	4.621267836588139472e-02
1.143900649964115640e-01	-8.971455734318614650e-02	7.115317419195470172e-02	-8.328308020649811960e-02	9.039010047179624197e-02	-1.055183648330595692e-01	9.847207388225553970e-02	-1.260713954340450249e-01	8.560996298418253880e-02	-8.822407821780531290e-02	1.289696119663004958e-01	-2.105027241581731989e-01	2.523771292133468180e-01	-1.637965478012123333e-01	1.683655511614586264e-01	-1.211336681739488275e-01	2.225272834270189959e-01	-4.570014832968021246e-01	2.909532874115713375e-01	-1.876050533261748587e-01	1.052649492654393892e-01	-2.249780148780793909e-01	1.000000000000001332e+00	-5.401701281356013906e-01	1.849437940453586282e-01	-9.104428529025816730e-02	2.158912767585368653e-01	-5.184969594103806534e-01	2.377207164556610353e-01	-1.665283900579517529e-01	1.101807456608138169e-01	-1.208082859748546983e-01	1.264518773752458247e-01	-1.722384867712202505e-01	1.068166313933361505e-01	-1.206232048980863530e-01	1.022064624515448689e-01	-1.225704061977909154e-01	4.291140718820483924e-02	-4.528698264078846736e-02
-1.172561424018436493e-01	8.844670355656990279e-02	-7.111374245888063550e-02	8.423516347252076042e-02	-9.854001947005702755e-02	1.044232782159555811e-01	-9.606680274869294767e-02	1.218485710405476374e-01	-8.831279494754820658e-02	9.445879513270540040e-02	-1.291645465808205495e-01	1.982355242662177108e-01	-2.488216582094421592e-01	1.900068121504490115e-01	-2.152098904631118970e-01	1.143768819010093085e-01	-2.146591095201421384e-01	2.613817590024981596e-01	-4.926840060263302234e-01	2.554976562822245389e-01	-9.920559054848016034e-02	1.820372855499203801e-01	-5.401701281356013906e-01	9.999999999999995559e-01	-3.869831182704109307e-01	8.374334304367343773e-02	-1.937316139181579078e-01	2.788870939287537709e-01	-3.233527834094965803e-01	1.752658728091151252e-01	-1.050838719762750562e-01	1.108033695691393178e-01	-1.164680620869850969e-01	1.783031628785625711e-01	-1.153209970035124488e-01	1.136336067457130866e-01	-9.816770351809914197e-02	1.126817957691475525e-01	-4.335854446135474494e-02	4.540445487541987235e-02
7.812349827366235622e-02	-6.641391398033219540e-02	5.292450031796098325e-02	-6.448727238524461225e-02	7.472222549063839425e-02	-7.128367239213224960e-02	7.054028269759057834e-02	-9.064642305947123724e-02	6.709326872221665905e-02	-7.559890878362564293e-02	8.232713221578183416e-02	-1.474292504567192574e-01	1.531332257962163546e-01	-1.682005003487686279e-01	1.927609474228302311e-01	-7.351431300583775863e-02	1.294828519632318931e-01	-1.524785163411554456e-01	2.326887371867978893e-01	-8.295306509080229151e-01	6.229047282203243469e-02	-1.162018660274986015e-01	1.849437940453586282e-01	-3.869831182704109307e-01	9.999999999999985567e-01	-5.301846482146185813e-02	1.140009653480752311e-01	-1.648320400680300113e-01	1.507968771853900880e-01	-1.283811926756575628e-01	6.683106953211462309e-02	-7.117299660050843690e-02	7.311758322682822275e-02	-1.170224561559368853e-01	7.883276472804362500e-02	-7.517149748289662925e-02	6.313883763339446509e-02	-7.380084838589875962e-02	2.881664136745053922e-02	-3.039776992450487006e-02
-7.008742160278791378e-02	3.966570403296173358e-02	-3.124259656090598927e-02	3.612422287053826397e-02	-4.011401929031332275e-02	6.472896236309412521e-02	-4.268578329498934343e-02	5.340651522396799161e-02	-3.667792382432356890e-02	3.776305477823353046e-02	-9.830257999721993267e-02	9.155221132475678536e-02	-8.251959711142077547e-02	5.487558710016537250e-02	-6.261914561121402489e-02	9.705277307229760730e-02	-1.295794982804931716e-01	8.136113812568752934e-02	-9.867038024566134047e-02	5.407224240773658014e-02	-8.274992634458920859e-01	1.954989886865960702e-01	-9.104428529025816730e-02	8.374334304367343773e-02	-5.301846482146185813e-02	9.999999999999984457e-01	-2.439673168696186722e-01	1.286623074336959993e-01	-9.698053184570606944e-02	7.997694618924117149e-02	-3.931242204555099873e-01	1.975432295238336300e-01	-1.293953439702948127e-01	9.139362616909817161e-02	-5.727048566783933536e-02	1.970730698742655107e-01	-1.358973909753125875e-01	1.344984663892627164e-01	-3.287964397611263523e-02	3.458350745950045102e-02
1.252063618084719721e-01	-8.347531656006833278e-02	6.528556517316243257e-02	-7.586344617789929357e-02	8.139373284493323091e-02	-1.199099682843512843e-01	8.995174199097868972e-02	-1.136265636797704204e-01	7.643927367468716927e-02	-7.810068375397569151e-02	1.501426288352333271e-01	-1.963462104924726392e-01	1.721169399008531664e-01	-1.151690344095322727e-01	1.283172219918943258e-01	-1.462932662164412867e-01	2.532949625241043834e-01	-1.820844770165628013e-01	2.025564361985645601e-01	-1.182354633217216622e-01	2.201024361764910287e-01	-6.761390011748763529e-01	2.158912767585368653e-01	-1.937316139181579078e-01	1.140009653480752311e-01	-2.439673168696186722e-01	9.999999999999962252e-01	-4.280143851806914590e-01	2.075662773263327598e-01	-1.704935589370926152e-01	1.997541947890357494e-01	-2.464879479361755110e-01	1.774477192688599936e-01	-1.837103973572380422e-01	1.121051151676801388e-01	-1.969851967683620697e-01	1.580115934374529962e-01	-1.778766571282925091e-01	5.226272928796366762e-02	-5.533666414552606411e-02
-1.373124661353120890e-01	8.762059984444559024e-02	-7.038653920842587175e-02	8.187882609953654744e-02	-9.541460115898074690e-02	1.189225016239403160e-01	-9.551237256630612515e-02	1.199043676610651449e-01	-8.529767284626096902e-02	8.923270733480916095e-02	-1.575052734580988378e-01	1.974866111191126150e-01	-2.416277092262631154e-01	1.527548664013756163e-01	-1.747769584148060051e-01	1.362610224246093849e-01	-2.613936793685848192e-01	2.447479738585164599e-01	-2.968728909433653862e-01	1.550856002217907703e-01	-1.494953427451091998e-01	2.595692669171180689e-01	-5.184969594103806534e-01	2.788870939287537709e-01	-1.648320400680300113e-01	1.286623074336959993e-01	-4.280143851806914590e-01	9.999999999999964473e-01	-4.393936252759694794e-01	2.044290285616239544e-01	-1.594814925066934397e-01	1.732670326923440585e-01	-2.126137422283870815e-01	2.187020475320032020e-01	-1.421299185421601996e-01	1.585079592585334207e-01	-1.458162197503417579e-01	1.684542763709612478e-01	-5.716085950469796534e-02	5.916066616727960747e-02
1.090336314301996179e-01	-7.269588345161603904e-02	5.778315179063910068e-02	-6.782211728315935828e-02	7.793125912319286142e-02	-9.616471396729268928e-02	7.815404074846324378e-02	-9.885493216607083022e-02	6.970349881670345749e-02	-7.396560522151120198e-02	1.170376055849324665e-01	-1.646475239600178886e-01	1.694233748995805922e-01	-1.220645852358634154e-01	1.377286935892019504e-01	-1.024540587850034101e-01	1.816985620296604487e-01	-1.754689009206864547e-01	2.316353714284342946e-01	-1.493312596230602640e-01	1.121649775906063129e-01	-1.857310478439586077e-01	2.377207164556610353e-01	-3.233527834094965803e-01	1.507968771853900880e-01	-9.698053184570606944e-02	2.075662773263327598e-01	-4.393936252759694794e-01	9.999999999999985567e-01	-4.883677492482108029e-01	1.340418276287064503e-01	-1.560936818342840982e-01	1.804243414415412916e-01	-5.207856865918198963e-01	2.736564331907194725e-01	-1.492622632611642908e-01	1.332654908104148883e-01	-1.715755936532962767e-01	8.418111343703454930e-02	-8.893469928783825917e-02
-1.021818232303956103e-01	5.882389412744676999e-02	-4.741507973714777918e-02	5.544099626388372670e-02	-6.812097980330403257e-02	8.419082056805606007e-02	-6.316006693740384981e-02	7.909883323600214178e-02	-5.789512508909067101e-02	6.235194666892340809e-02	-1.076607933575518677e-01	1.292257974952527033e-01	-1.433449457145470063e-01	1.020730793512819312e-01	-1.218417662096041021e-01	8.919782291189068402e-02	-1.633446923525721239e-01	1.335674240894084153e-01	-2.046798374907007056e-01	1.141987504570705636e-01	-9.691483232765159272e-02	1.402603252699827774e-01	-1.665283900579517529e-01	1.752658728091151252e-01	-1.283811926756575628e-01	7.997694618924117149e-02	-1.704935589370926152e-01	2.044290285616239544e-01	-4.883677492482108029e-01	9.999999999999994449e-01	-1.147646325907723808e-01	1.207052460809326100e-01	-1.477745853056029179e-01	3.268710842677863271e-01	-6.929791469080542887e-01	1.167573034206169924e-01	-1.146022736583571511e-01	1.300800247570143009e-01	-9.891559042197017870e-02	9.685187258773167440e-02
8.173914217015861017e-02	-4.782306843382574252e-02	3.771501258960709840e-02	-4.380325009404450326e-02	4.940646445282780713e-02	-7.405662717754410429e-02	5.122092722425482247e-02	-6.430641023810067247e-02	4.451586689824340443e-02	-4.635528776476786211e-02	9.517042226071746602e-02	-1.094140822856674300e-01	9.922042836268717136e-02	-6.736450159817052030e-02	7.744466666889432416e-02	-8.897050275715578938e-02	1.353127657351226310e-01	-9.628660917709372380e-02	1.226892843550722312e-01	-6.786453229732894443e-02	2.616430611585690014e-01	-1.857691060547456419e-01	1.101807456608138169e-01	-1.050838719762750562e-01	6.683106953211462309e-02	-3.931242204555099873e-01	1.997541947890357494e-01	-1.594814925066934397e-01	1.340418276287064503e-01	-1.147646325907723808e-01	9.999999999999988898e-01	-5.815144705869113029e-01	2.512138335169353254e-01	-1.410642495801814056e-01	8.729245567786349247e-02	-5.081598667517622792e-01	2.719441382356062586e-01	-2.789188195725036401e-01	5.831418681402689153e-02	-6.152489133625038686e-02
-8.290378886459467966e-02	4.751106182132092820e-02	-3.771850056662129358e-02	4.380985183693003604e-02	-5.059061449042913383e-02	7.270051963476922841e-02	-5.100262204770598939e-02	6.391686863615335390e-02	-4.488897741297808580e-02	4.706037584750077246e-02	-9.583356224540737212e-02	1.075865592412696692e-01	-1.046000076963344572e-01	7.071617876193271590e-02	-8.202728375526224802e-02	8.572734867619005716e-02	-1.400883087577816655e-01	1.006628503183978479e-01	-1.320963995873747354e-01	7.074301063510635146e-02	-2.261126588229379897e-01	1.760136470481880877e-01	-1.208082859748546983e-01	1.108033695691393178e-01	-7.117299660050843690e-02	1.975432295238336300e-01	-2.464879479361755110e-01	1.732670326923440585e-01	-1.560936818342840982e-01	1.207052460809326100e-01	-5.815144705869113029e-01	9.999999999999986677e-01	-5.401963774157424458e-01	1.596554661125253183e-01	-1.028476713478228693e-01	2.860881402982730637e-01	-3.603358179174672715e-01	2.918406845588358278e-01	-6.315019495283530349e-02	6.411873258079811566e-02
7.738794071229286586e-02	-4.566262451717875009e-02	3.630898999351709483e-02	-4.227339151333545791e-02	4.907525022969481260e-02	-6.741437707367532728e-02	4.902846038644960436e-02	-6.155765018308784198e-02	4.340706913461151589e-02	-4.571121841167460897e-02	8.594958717634480772e-02	-1.031067922393703595e-01	1.028589300476769053e-01	-7.016938526596917802e-02	8.126606614646046667e-02	-7.559112008078376632e-02	1.279814601736052881e-01	-1.002728177234388507e-01	1.321313522090419579e-01	-7.224074232321353595e-02	1.427042300403167929e-01	-1.472188972979864285e-01	1.264518773752458247e-01	-1.164680620869850969e-01	7.311758322682822275e-02	-1.293953439702948127e-01	1.774477192688599936e-01	-2.126137422283870815e-01	1.804243414415412916e-01	-1.477745853056029179e-01	2.512138335169353254e-01	-5.401963774157424458e-01	9.999999999999987788e-01	-2.537971784460025249e-01	1.336681023500423393e-01	-2.663840979270334919e-01	2.753626339231045050e-01	-6.449326842883023048e-01	9.079443152837785025e-02	-9.379877192280902665e-02
-1.045384975033611524e-01	6.020032218316164613e-02	-4.844458363439236442e-02	5.658538567317587115e-02	-6.900511716011520358e-02	8.665276824395906630e-02	-6.466955767406917799e-02	8.099997270777732628e-02	-5.896770733344274679e-02	6.327153093284634822e-02	-1.110531253742584740e-01	1.327686944993730078e-01	-1.459142005490791649e-01	1.026719780756942396e-01	-1.219617703780864482e-01	9.259827730955072500e-02	-1.683821296951419910e-01	1.368814815181792488e-01	-2.061508321229366947e-01	1.086723834848284109e-01	-1.098101714552522923e-01	1.497209049005856218e-01	-1.722384867712202505e-01	1.783031628785625711e-01	-1.170224561559368853e-01	9.139362616909817161e-02	-1.837103973572380422e-01	2.187020475320032020e-01	-5.207856865918198963e-01	3.268710842677863271e-01	-1.410642495801814056e-01	1.596554661125253183e-01	-2.537971784460025249e-01	9.999999999999990008e-01	-6.133573899840238930e-01	1.413449019406386731e-01	-1.438552555530138444e-01	1.768754107520154051e-01	-1.267256006140578262e-01	1.172850028482504831e-01
6.430899548017735001e-02	-3.809334403499045618e-02	3.055592459487427304e-02	-3.574384115433632686e-02	4.305699815568579669e-02	-5.401723989335815990e-02	4.087685880952069556e-02	-5.131243321922605155e-02	3.710882572847270383e-02	-3.976980354158161229e-02	6.812595252261174905e-02	-8.446098081241172617e-02	9.029894530586371482e-02	-6.441970634004035023e-02	7.585183723600220917e-02	-5.734982473282863175e-02	1.031389481488720616e-01	-8.579595267989791052e-02	1.260863037475537518e-01	-7.420384312978724195e-02	6.804942193705733333e-02	-9.472675097945434941e-02	1.068166313933361505e-01	-1.153209970035124488e-01	7.883276472804362500e-02	-5.727048566783933536e-02	1.121051151676801388e-01	-1.421299185421601996e-01	2.736564331907194725e-01	-6.929791469080542887e-01	8.729245567786349247e-02	-1.028476713478228693e-01	1.336681023500423393e-01	-6.133573899840238930e-01	9.999999999999990008e-01	-9.236472536557011059e-02	9.071394360581898353e-02	-1.199850220999029993e-01	1.102026012426386425e-01	-1.245979838356902208e-01
-9.758725262673360878e-02	5.185506651479577372e-02	-4.131778535192809354e-02	4.791961054676718151e-02	-5.664641001037378637e-02	8.265316046279112816e-02	-5.549282017980811110e-02	6.931866062084363067e-02	-4.925814918939286358e-02	5.203651678803083991e-02	-1.091989602740674609e-01	1.159678954001832768e-01	-1.131594654415876422e-01	7.676038901910386958e-02	-9.008489208532957648e-02	9.460128211655043085e-02	-1.530619490474786071e-01	1.059894954856964583e-01	-1.442898048134709788e-01	7.476632478826132633e-02	-2.478503782760395346e-01	1.661359238372439595e-01	-1.206232048980863530e-01	1.136336067457130866e-01	-7.517149748289662925e-02	1.970730698742655107e-01	-1.969851967683620697e-01	1.585079592585334207e-01	-1.492622632611642908e-01	1.167573034206169924e-01	-5.081598667517622792e-01	2.860881402982730637e-01	-2.663840979270334919e-01	1.413449019406386731e-01	-9.236472536557011059e-02	9.999999999999987788e-01	-6.582539378539526975e-01	2.726601917988987767e-01	-6.090673388449430181e-02	6.198989964292488108e-02
7.480569976058100423e-02	-4.324640728042049298e-02	3.425026956180009241e-02	-3.983724582602980735e-02	4.585568260546928759e-02	-6.561397821087741611e-02	4.626849769956627861e-02	-5.807812094756688304e-02	4.067455687051857449e-02	-4.272927835047464484e-02	8.240154343890064570e-02	-9.793841814430896686e-02	9.191255546703014367e-02	-6.284799542015656604e-02	7.286175422554840020e-02	-7.277767763022904846e-02	1.190056665462553426e-01	-8.790743924354699201e-02	1.163250098524495207e-01	-6.351513510282764952e-02	1.525826375608721752e-01	-1.399656668071360133e-01	1.022064624515448689e-01	-9.816770351809914197e-02	6.313883763339446509e-02	-1.358973909753125875e-01	1.580115934374529962e-01	-1.458162197503417579e-01	1.332654908104148883e-01	-1.146022736583571511e-01	2.719441382356062586e-01	-3.603358179174672715e-01	2.753626339231045050e-01	-1.438552555530138444e-01	9.071394360581898353e-02	-6.582539378539526975e-01	9.999999999999993339e-01	-5.358213667716194006e-01	7.941232578538007236e-02	-8.379197107086544527e-02
-8.420912159238372330e-02	4.696153064871416011e-02	-3.748621146724723241e-02	4.357464625743344422e-02	-5.157654525233355824e-02	7.159191667808872950e-02	-5.037682928939236915e-02	6.304306192712053059e-02	-4.492745431130771433e-02	4.753197557046408284e-02	-9.320091429805918426e-02	1.050328637162440959e-01	-1.065900298089763887e-01	7.250222877015427558e-02	-8.505536228878490812e-02	8.033141285344558291e-02	-1.359847464491089064e-01	1.006536917542540932e-01	-1.382833386643552154e-01	7.225561795523555153e-02	-1.646969297997495918e-01	1.442719246872024574e-01	-1.225704061977909154e-01	1.126817957691475525e-01	-7.380084838589875962e-02	1.344984663892627164e-01	-1.778766571282925091e-01	1.684542763709612478e-01	-1.715755936532962767e-01	1.300800247570143009e-01	-2.789188195725036401e-01	2.918406845588358278e-01	-6.449326842883023048e-01	1.768754107520154051e-01	-1.199850220999029993e-01	2.726601917988987767e-01	-5.358213667716194006e-01	9.999999999999995559e-01	-1.327449734308494556e-01	1.157721391727576654e-01
2.847215354820039485e-02	-1.629929149800787846e-02	1.304185948905457748e-02	-1.520964949822273780e-02	1.819507411541147410e-02	-2.401749624563997640e-02	1.747343774809541339e-02	-2.189955148424048773e-02	1.573265743564166916e-02	-1.676904814701916588e-02	3.051320876465066223e-02	-3.625846203398057355e-02	3.757411601370410498e-02	-2.622707017754906389e-02	3.088432564247385603e-02	-2.589335275285783999e-02	4.520283301498469186e-02	-3.542684291164320542e-02	5.080599545498518110e-02	-2.778682830664919168e-02	3.974376734098923614e-02	-4.402548097313283698e-02	4.291140718820483924e-02	-4.335854446135474494e-02	2.881664136745053922e-02	-3.287964397611263523e-02	5.226272928796366762e-02	-5.716085950469796534e-02	8.418111343703454930e-02	-9.891559042197017870e-02	5.831418681402689153e-02	-6.315019495283530349e-02	9.079443152837785025e-02	-1.267256006140578262e-01	1.102026012426386425e-01	-6.090673388449430181e-02	7.941232578538007236e-02	-1.327449734308494556e-01	9.999999999999996669e-01	-9.688796498797961343e-01
