1.000000000000000000e+00	-5.966425461502355976e-01	2.703839765222219027e-01	-1.085609566104594748e-01	8.177197418379950067e-02	-6.041465056594559346e-01	3.239008982924900248e-01	-2.947411789753092148e-01	1.690165826968050566e-01	-1.440262709104121186e-01	1.729108316459270211e-01	-1.854127221379951451e-01	1.419295291587393260e-01	-1.269240022038632121e-01	1.083564328132716331e-01	-1.604779174522669438e-01	1.283461699895018515e-01	-1.486038416658980732e-01	9.808913150959271132e-02	-1.059442219267928836e-01	8.684292086653343234e-02	-8.641866260658188914e-02	7.529939585117605139e-02	-6.757995192961734066e-02	6.642973273137850465e-02	-8.270659276417501038e-02	7.253370433216112245e-02	-7.673808434734968875e-02	5.984741585677370856e-02	-5.096069295865191667e-02	5.009993576571283858e-02	-5.433689466333857521e-02	4.726375521305056088e-02	-3.862853867987546541e-02	3.509443013955854118e-02	-3.897168321143120590e-02	4.132657942694258069e-02	-5.635755622278332266e-02	2.260465945154304518e-02	-2.386923537068561668e-02
-5.966425461502355976e-01	1.000000000000000000e+00	-5.088072895885533686e-01	9.372388831290957845e-02	-7.249769979353735960e-02	3.039756059942132493e-01	-5.115342946274543667e-01	2.861854366673353689e-01	-1.544338179856119264e-01	1.156068053192133155e-01	-1.199787210643840502e-01	1.318713519812780566e-01	-1.138228122885288907e-01	1.005918606160543377e-01	-8.726468345593779707e-02	1.039117382563074093e-01	-9.384392282829155663e-02	1.092775200002140679e-01	-7.582810337586355642e-02	8.026392412494993966e-02	-6.304371109402426288e-02	6.168377622683759998e-02	-5.512267149973385655e-02	4.939132995205482851e-02	-4.947237515080113446e-02	5.882431961630827516e-02	-5.258408399795409804e-02	5.538103061362407292e-02	-4.407353839405012130e-02	3.752538955953799854e-02	-3.618226970666425790e-02	3.906221508806650977e-02	-3.418986345086227202e-02	2.811754521798007223e-02	-2.565623417822479602e-02	2.800286171740047278e-02	-2.985713413537929503e-02	4.053846927569441927e-02	-1.643240830351390749e-02	1.733311252962639257e-02
2.703839765222219027e-01	-5.088072895885533686e-01	9.999999999999997780e-01	-1.737683678583928359e-01	1.216183113208916255e-01	-2.710046525020716746e-01	2.904362810521138316e-01	-6.710600837901685711e-01	2.337890921060086780e-01	-1.968704799527447591e-01	1.283116776928020508e-01	-1.640532150255626098e-01	1.605886556127927856e-01	-1.587255445292424516e-01	1.339949258344333149e-01	-1.216712734003648627e-01	1.160916195495267089e-01	-1.584727386747266653e-01	1.116490520000266995e-01	-1.231060586994350281e-01	8.102059500582549367e-02	-8.087471895493394958e-02	7.604192866529994876e-02	-7.039682634713051446e-02	7.066949111927774141e-02	-8.016125948930281908e-02	7.053480689247568214e-02	-7.756397107957131720e-02	6.191522857614008279e-02	-5.402713210768437385e-02	4.918963719502356113e-02	-5.359364726463649448e-02	4.753981318539472756e-02	-4.004232967762427764e-02	3.634408294886787294e-02	-3.852592975784802087e-02	4.087561926587551797e-02	-5.687799205749904247e-02	2.322022369307400608e-02	-2.461150748057805426e-02
-1.085609566104594748e-01	9.372388831290957845e-02	-1.737683678583928359e-01	1.000000000000000000e+00	-8.405942222475993875e-01	8.781119237844962899e-02	-9.832946199873959792e-02	1.457653402468418180e-01	-3.527626360519168225e-01	2.781485350453027916e-01	-6.814774307591334179e-02	9.039195865560666066e-02	-1.136664033105041632e-01	1.515372240174295004e-01	-1.920222064243072013e-01	6.415374338278556632e-02	-7.206751600762283105e-02	1.034938793004693963e-01	-1.072526341510586928e-01	1.100012373170858315e-01	-5.399256721678893922e-02	5.242422353043936500e-02	-5.512754696685866901e-02	5.282622353294897516e-02	-5.808617572153718794e-02	5.346831609131003776e-02	-4.884537729180837146e-02	5.460852252041543259e-02	-4.777946961409015175e-02	4.233306618453480663e-02	-3.429490620075376778e-02	3.707742824053609360e-02	-3.394405240383109590e-02	2.989627321867426024e-02	-2.752452023358873193e-02	2.669524292814166172e-02	-2.870128643709805860e-02	4.009661766191739696e-02	-1.717748912860986646e-02	1.819262638568049789e-02
8.177197418379950067e-02	-7.249769979353735960e-02	1.216183113208916255e-01	-8.405942222475993875e-01	9.999999999999995559e-01	-6.987220736021709788e-02	7.531622747062956258e-02	-1.152850152673641770e-01	2.417790860437431244e-01	-4.266112610531721527e-01	5.669061633971176489e-02	-7.811871529695572913e-02	9.666168858865642477e-02	-1.427476064235248532e-01	1.722121058015079476e-01	-5.457784656625695729e-02	6.140969373005659288e-02	-9.203386790547808671e-02	9.390520026473593573e-02	-1.036816897551121885e-01	4.577725013894052425e-02	-4.497600588499140600e-02	4.782671271479485564e-02	-4.681387563415814745e-02	5.105087603908169819e-02	-4.641221012185062222e-02	4.197096383221936289e-02	-4.798943831376852737e-02	4.168928303291818960e-02	-3.769334934009789528e-02	2.959808406883715839e-02	-3.221480753216792586e-02	2.964889076732401749e-02	-2.644955851318210246e-02	2.421258273538489866e-02	-2.321379802732660702e-02	2.485852900688327594e-02	-3.526346975226166830e-02	1.511369294824747682e-02	-1.606512423934104705e-02
-6.041465056594559346e-01	3.039756059942132493e-01	-2.710046525020716746e-01	8.781119237844962899e-02	-6.987220736021709788e-02	1.000000000000000000e+00	-6.126103360010818344e-01	2.453201541901142146e-01	-1.620684138851286871e-01	1.158831685092451824e-01	-2.651786118212326460e-01	1.835737362085597957e-01	-1.380641518942276880e-01	1.095617279611754702e-01	-9.599196174878560361e-02	1.689719526641004776e-01	-1.359313203680602711e-01	1.328197592545181382e-01	-8.816921886277344356e-02	8.993778616023230532e-02	-8.680745642965596864e-02	8.327570481336313279e-02	-6.958706394400153428e-02	5.993300750003489885e-02	-5.960099608139046712e-02	7.530401770125112748e-02	-6.856494778224823949e-02	6.868639213498597962e-02	-5.420855201192952000e-02	4.491469880285940686e-02	-4.635154850488172606e-02	4.955140368488589186e-02	-4.265988693554895878e-02	3.406479148409079921e-02	-3.125552206164956826e-02	3.538497553069368945e-02	-3.793311298615714006e-02	5.005383736684528018e-02	-2.008588944167966767e-02	2.106844394255961289e-02
3.239008982924900248e-01	-5.115342946274543667e-01	2.904362810521138316e-01	-9.832946199873959792e-02	7.531622747062956258e-02	-6.126103360010818344e-01	9.999999999999995559e-01	-4.347405277704100568e-01	1.722985619791180256e-01	-1.303933156751346800e-01	1.625957579424773258e-01	-1.872142371249240766e-01	1.383251442614223670e-01	-1.175100147131156042e-01	9.942326267645396065e-02	-1.409222369264723496e-01	1.201401610163651268e-01	-1.333294582719026788e-01	8.832069292413491368e-02	-9.304399991322157004e-02	7.719770795996877544e-02	-7.585087967536464915e-02	6.573016742337570162e-02	-5.820369530992288570e-02	5.782675714294559233e-02	-7.062306189301414960e-02	6.325005725463538064e-02	-6.584429812906765489e-02	5.188648017250283712e-02	-4.392610219261620930e-02	4.324929637215776251e-02	-4.664720764872332809e-02	4.057398694401780082e-02	-3.304881309200830009e-02	3.015999116393009577e-02	-3.338734639321590258e-02	3.560229513163809534e-02	-4.803603061216634579e-02	1.935651051325749245e-02	-2.039491972507779735e-02
-2.947411789753092148e-01	2.861854366673353689e-01	-6.710600837901685711e-01	1.457653402468418180e-01	-1.152850152673641770e-01	2.453201541901142146e-01	-4.347405277704100568e-01	9.999999999999987788e-01	-3.744767678101587061e-01	1.876192996605537677e-01	-1.296182933111626190e-01	1.597704728236342131e-01	-1.981299102379524002e-01	1.642087145603210729e-01	-1.399412115992204331e-01	1.152420757163971077e-01	-1.172568569031318120e-01	1.568202281223054773e-01	-1.143784120200252857e-01	1.189697107425400913e-01	-8.007097751548161724e-02	7.836420836453074357e-02	-7.415973554810240120e-02	6.749140648397625175e-02	-6.912605077682328070e-02	7.589936148680465067e-02	-6.850607368979566569e-02	7.388650002577426545e-02	-6.017590907887746671e-02	5.192920221668756442e-02	-4.732725308424801797e-02	5.115656683988627912e-02	-4.544170764899362752e-02	3.814988588912933409e-02	-3.488297655840980060e-02	3.670128666051754307e-02	-3.923706001969737983e-02	5.382555003627523954e-02	-2.216396298586532573e-02	2.341456385757467729e-02
1.690165826968050566e-01	-1.544338179856119264e-01	2.337890921060086780e-01	-3.527626360519168225e-01	2.417790860437431244e-01	-1.620684138851286871e-01	1.722985619791180256e-01	-3.744767678101587061e-01	9.999999999999996669e-01	-5.554336027269527465e-01	1.284800331546521734e-01	-1.874937936724265508e-01	2.202100849511688940e-01	-3.995763940860531660e-01	2.875936774719901057e-01	-1.275050658377426538e-01	1.406514305791681241e-01	-2.216261959051828989e-01	2.015183524668417714e-01	-2.313341980515072061e-01	1.033412131878957002e-01	-1.037758175543644357e-01	1.084149225433163749e-01	-1.070411366390540686e-01	1.119931328862422554e-01	-1.082631374373948518e-01	9.551122485078110402e-02	-1.113457273997085772e-01	9.302329810389668718e-02	-8.521017509760331343e-02	6.764712833417584059e-02	-7.432639205355806578e-02	6.807076970047185038e-02	-6.056123746254128692e-02	5.484541875136453998e-02	-5.361137692341300109e-02	5.690320015725736785e-02	-8.192210888066581154e-02	3.453785510093163730e-02	-3.685706960484207151e-02
-1.440262709104121186e-01	1.156068053192133155e-01	-1.968704799527447591e-01	2.781485350453027916e-01	-4.266112610531721527e-01	1.158831685092451824e-01	-1.303933156751346800e-01	1.876192996605537677e-01	-5.554336027269527465e-01	9.999999999999990008e-01	-1.005430473807944897e-01	1.365197980962064572e-01	-1.856775430078724531e-01	2.719247886572783712e-01	-5.185112807752856323e-01	9.500882665912914471e-02	-1.105227513374888726e-01	1.637362022924983007e-01	-1.894064720428508264e-01	1.946344817021350426e-01	-8.190901089618234099e-02	7.976384333219728451e-02	-8.648549812602378262e-02	8.420471281308815337e-02	-9.576774074885806287e-02	8.142883898376632179e-02	-7.499748275883648396e-02	8.496776605026171159e-02	-7.648156755322212119e-02	6.854559919946098812e-02	-5.274235489813863115e-02	5.703141528620417344e-02	-5.281167027398307734e-02	4.737844201372385516e-02	-4.379730213428285196e-02	4.105329415450582886e-02	-4.427553712054116408e-02	6.219307917172491040e-02	-2.708959101907545616e-02	2.870488344535832362e-02
1.729108316459270211e-01	-1.199787210643840502e-01	1.283116776928020508e-01	-6.814774307591334179e-02	5.669061633971176489e-02	-2.651786118212326460e-01	1.625957579424773258e-01	-1.296182933111626190e-01	1.284800331546521734e-01	-1.005430473807944897e-01	9.999999999999993339e-01	-4.945496264781261697e-01	2.023947845767389286e-01	-1.249479889026908347e-01	1.053435578724360999e-01	-7.112302938199008828e-01	2.934690019299026620e-01	-2.222015206194394021e-01	1.141665749822068643e-01	-1.109681717926842559e-01	1.625856815559635904e-01	-1.632061173951265542e-01	1.072063257148529597e-01	-8.583251487154872073e-02	8.086132809681303990e-02	-1.260814195930970716e-01	1.133250107639719867e-01	-1.050588911674638359e-01	7.723457254529199345e-02	-6.128734139320865526e-02	7.388242125671197480e-02	-7.880631550605565749e-02	6.459492665591025362e-02	-4.803101690653010375e-02	4.412398281928603394e-02	-5.564544154150485172e-02	5.943379685602110524e-02	-7.514307641020109840e-02	2.880703696093206076e-02	-2.996176631154340644e-02
-1.854127221379951451e-01	1.318713519812780566e-01	-1.640532150255626098e-01	9.039195865560666066e-02	-7.811871529695572913e-02	1.835737362085597957e-01	-1.872142371249240766e-01	1.597704728236342131e-01	-1.874937936724265508e-01	1.365197980962064572e-01	-4.945496264781261697e-01	9.999999999999990008e-01	-4.444274979500119627e-01	1.863434309771339337e-01	-1.616890903820142056e-01	3.043084025258996350e-01	-5.275446042422682336e-01	2.906025354393800830e-01	-1.676152237153930580e-01	1.501473291848059721e-01	-2.156625880829422526e-01	2.015074183976177657e-01	-1.449940314201527691e-01	1.118587650689469581e-01	-1.099914396798838956e-01	1.502280280690501402e-01	-1.521376745308227751e-01	1.333560700837910507e-01	-1.039436641757630064e-01	8.108410292867498925e-02	-9.593881202676513009e-02	9.960735366549669512e-02	-8.307288316834947339e-02	6.191512920916843882e-02	-5.774197876338001134e-02	7.015024876154532518e-02	-7.703263413905032941e-02	9.415032380433774328e-02	-3.715592960217797142e-02	3.840390573383250378e-02
1.419295291587393260e-01	-1.138228122885288907e-01	1.605886556127927856e-01	-1.136664033105041632e-01	9.666168858865642477e-02	-1.380641518942276880e-01	1.383251442614223670e-01	-1.981299102379524002e-01	2.202100849511688940e-01	-1.856775430078724531e-01	2.023947845767389286e-01	-4.444274979500119627e-01	9.999999999999986677e-01	-4.080509076452284445e-01	2.238818445889756426e-01	-2.043451442096048121e-01	2.601581213322162744e-01	-6.263607992209915265e-01	2.348932320426586617e-01	-2.241177062649922780e-01	1.487525845465224872e-01	-1.548307071108241673e-01	1.521499550163475101e-01	-1.279384033936192544e-01	1.225880309940241136e-01	-1.360853751378114096e-01	1.262695584206454669e-01	-1.437845716050458744e-01	1.088731392606571979e-01	-9.265079685783760011e-02	8.464126631156267122e-02	-9.240027406726077086e-02	8.227220421013946294e-02	-6.728468065966293488e-02	6.151234984522190030e-02	-6.560591727490620861e-02	7.023982290311338306e-02	-9.696920551523310894e-02	3.908131596897113091e-02	-4.121050493845644647e-02
-1.269240022038632121e-01	1.005918606160543377e-01	-1.587255445292424516e-01	1.515372240174295004e-01	-1.427476064235248532e-01	1.095617279611754702e-01	-1.175100147131156042e-01	1.642087145603210729e-01	-3.995763940860531660e-01	2.719247886572783712e-01	-1.249479889026908347e-01	1.863434309771339337e-01	-4.080509076452284445e-01	9.999999999999981126e-01	-6.073565058116537907e-01	1.187435720652986054e-01	-1.502808477029022316e-01	2.502742447468357945e-01	-3.897038222169952326e-01	2.745401865492768101e-01	-1.015737242460429540e-01	1.002966000586119621e-01	-1.092875388286165123e-01	1.052997833846889969e-01	-1.193528054235578478e-01	9.766788209700687229e-02	-9.113540400523792440e-02	1.047514593455106391e-01	-9.306242933906913595e-02	8.533645529750275016e-02	-6.294525020781614744e-02	6.839226426440883633e-02	-6.349826389542365113e-02	5.738367134014720622e-02	-5.294253375084485153e-02	4.895517805613142787e-02	-5.284575418366328076e-02	7.465227460228933409e-02	-3.256310878070035886e-02	3.456912829914149388e-02
1.083564328132716331e-01	-8.726468345593779707e-02	1.339949258344333149e-01	-1.920222064243072013e-01	1.722121058015079476e-01	-9.599196174878560361e-02	9.942326267645396065e-02	-1.399412115992204331e-01	2.875936774719901057e-01	-5.185112807752856323e-01	1.053435578724360999e-01	-1.616890903820142056e-01	2.238818445889756426e-01	-6.073565058116537907e-01	9.999999999999985567e-01	-1.050709092920680959e-01	1.264010132289867250e-01	-2.185031633162450304e-01	2.641309285699136034e-01	-3.817016473159337564e-01	9.078416196520784631e-02	-9.127354492777450812e-02	1.018536686307877914e-01	-1.066217261072208433e-01	1.227357837608744340e-01	-9.298800166046437832e-02	8.467322210060677923e-02	-1.019345800621745401e-01	9.145975723228211285e-02	-8.992141342525460102e-02	5.930786142539040684e-02	-6.533208203198109798e-02	6.166475957546412034e-02	-5.837809113436678854e-02	5.321393641924015289e-02	-4.686437889026487391e-02	5.021280542658123486e-02	-7.353832585558822688e-02	3.253524982095760965e-02	-3.487415099881782665e-02
-1.604779174522669438e-01	1.039117382563074093e-01	-1.216712734003648627e-01	6.415374338278556632e-02	-5.457784656625695729e-02	1.689719526641004776e-01	-1.409222369264723496e-01	1.152420757163971077e-01	-1.275050658377426538e-01	9.500882665912914471e-02	-7.112302938199008828e-01	3.043084025258996350e-01	-2.043451442096048121e-01	1.187435720652986054e-01	-1.050709092920680959e-01	9.999999999999984457e-01	-5.064698854672076145e-01	2.114834870939597267e-01	-1.161963907248266675e-01	1.065425469492809890e-01	-2.286422612703563617e-01	1.938865107204555682e-01	-1.170773570300864819e-01	8.854305801530344688e-02	-8.438504960716967929e-02	1.369157859846134584e-01	-1.319254896997798243e-01	1.099349337776269891e-01	-8.190124298063607144e-02	6.293513096126378270e-02	-8.226379604098436882e-02	8.562689748227864106e-02	-6.891576862486274713e-02	4.940005070487125255e-02	-4.590077704062269642e-02	6.002543284203235019e-02	-6.528893399587722135e-02	7.822793751219572767e-02	-2.994101745945196985e-02	3.084657413274054932e-02
1.283461699895018515e-01	-9.384392282829155663e-02	1.160916195495267089e-01	-7.206751600762283105e-02	6.140969373005659288e-02	-1.359313203680602711e-01	1.201401610163651268e-01	-1.172568569031318120e-01	1.406514305791681241e-01	-1.105227513374888726e-01	2.934690019299026620e-01	-5.275446042422682336e-01	2.601581213322162744e-01	-1.502808477029022316e-01	1.264010132289867250e-01	-5.064698854672076145e-01	9.999999999999992228e-01	-4.182381356838784647e-01	1.521138136772209326e-01	-1.413330819512313707e-01	2.370605065211694729e-01	-3.572146232156978019e-01	1.547803560413533730e-01	-1.163239086302555597e-01	1.058372389020017929e-01	-1.711348661355325540e-01	1.671607030422178342e-01	-1.466216532261772065e-01	1.028437645065725659e-01	-7.999329876416366725e-02	1.007866464434680198e-01	-1.089238473834422405e-01	8.702005195818768302e-02	-6.238444780340243051e-02	5.749334890728409475e-02	-7.524089876917022801e-02	8.079585667608554789e-02	-9.993220160351443115e-02	3.755040189868975864e-02	-3.885123190653509001e-02
-1.486038416658980732e-01	1.092775200002140679e-01	-1.584727386747266653e-01	1.034938793004693963e-01	-9.203386790547808671e-02	1.328197592545181382e-01	-1.333294582719026788e-01	1.568202281223054773e-01	-2.216261959051828989e-01	1.637362022924983007e-01	-2.222015206194394021e-01	2.906025354393800830e-01	-6.263607992209915265e-01	2.502742447468357945e-01	-2.185031633162450304e-01	2.114834870939597267e-01	-4.182381356838784647e-01	9.999999999999995559e-01	-3.436154121419840446e-01	2.273049921569942067e-01	-1.868054545534588995e-01	1.850121430487216279e-01	-2.224789016593790025e-01	1.485894197336399825e-01	-1.444387052320260101e-01	1.515276327047143379e-01	-1.536251239524658030e-01	1.667468849626924932e-01	-1.309019989539214612e-01	1.042064517120315364e-01	-9.870747334977206244e-02	1.054543611602298120e-01	-9.423839637950896797e-02	7.484147504987974375e-02	-7.000090986157103679e-02	7.419796688959331976e-02	-8.139128044359926484e-02	1.073527740954919873e-01	-4.389848870847169737e-02	4.572990873573226644e-02
9.808913150959271132e-02	-7.582810337586355642e-02	1.116490520000266995e-01	-1.072526341510586928e-01	9.390520026473593573e-02	-8.816921886277344356e-02	8.832069292413491368e-02	-1.143784120200252857e-01	2.015183524668417714e-01	-1.894064720428508264e-01	1.141665749822068643e-01	-1.676152237153930580e-01	2.348932320426586617e-01	-3.897038222169952326e-01	2.641309285699136034e-01	-1.161963907248266675e-01	1.521138136772209326e-01	-3.436154121419840446e-01	9.999999999999995559e-01	-7.466488764431534753e-01	1.071590682229943553e-01	-1.094599030883475765e-01	1.325081325719914549e-01	-1.524539554920332773e-01	1.786372120993780510e-01	-1.105513231447589756e-01	1.024894572346198435e-01	-1.304872978514446946e-01	1.238669268760684006e-01	-1.322477833823166027e-01	7.124957108488404189e-02	-7.935871243580322476e-02	7.756343681572085147e-02	-7.913886446711548839e-02	7.181094005975820205e-02	-5.658997437519786705e-02	6.092089230274674860e-02	-9.237573971982269982e-02	4.280131497512239258e-02	-4.631581102885002493e-02
-1.059442219267928836e-01	8.026392412494993966e-02	-1.231060586994350281e-01	1.100012373170858315e-01	-1.036816897551121885e-01	8.993778616023230532e-02	-9.304399991322157004e-02	1.189697107425400913e-01	-2.313341980515072061e-01	1.946344817021350426e-01	-1.109681717926842559e-01	1.501473291848059721e-01	-2.241177062649922780e-01	2.745401865492768101e-01	-3.817016473159337564e-01	1.065425469492809890e-01	-1.413330819512313707e-01	2.273049921569942067e-01	-7.466488764431534753e-01	9.999999999999987788e-01	-1.061507378577028760e-01	1.042691104864051227e-01	-1.341432384228546104e-01	1.550929234061326489e-01	-2.703154739186426347e-01	1.072389778139678923e-01	-1.026343897641046193e-01	1.276175188585904341e-01	-1.408404928249384624e-01	1.469817702391215675e-01	-7.139524036164542065e-02	7.866450187738074917e-02	-7.861707317413661744e-02	8.308428495400362046e-02	-7.873210341959459291e-02	5.609772261659019821e-02	-6.126291551607607883e-02	9.142415592460470530e-02	-4.516772549565500894e-02	4.832588180531790373e-02
8.684292086653343234e-02	-6.304371109402426288e-02	8.102059500582549367e-02	-5.399256721678893922e-02	4.577725013894052425e-02	-8.680745642965596864e-02	7.719770795996877544e-02	-8.007097751548161724e-02	1.033412131878957002e-01	-8.190901089618234099e-02	1.625856815559635904e-01	-2.156625880829422526e-01	1.487525845465224872e-01	-1.015737242460429540e-01	9.078416196520784631e-02	-2.286422612703563617e-01	2.370605065211694729e-01	-1.868054545534588995e-01	1.071590682229943553e-01	-1.061507378577028760e-01	9.999999999999992228e-01	-7.059543267637174990e-01	1.928731226368383678e-01	-1.401192307358252176e-01	1.184759971915468613e-01	-4.727495872679345346e-01	2.787969010611970888e-01	-2.041792672338621217e-01	1.262599394795251018e-01	-9.197411860466991884e-02	1.832769101708527359e-01	-1.925501673592968088e-01	1.299745215224135941e-01	-7.988778462283981086e-02	7.302917528823174576e-02	-1.341282310269889533e-01	1.350640141628809965e-01	-1.511445820679928609e-01	5.027652150897932160e-02	-5.120300814772228704e-02
-8.641866260658188914e-02	6.168377622683759998e-02	-8.087471895493394958e-02	5.242422353043936500e-02	-4.497600588499140600e-02	8.327570481336313279e-02	-7.585087967536464915e-02	7.836420836453074357e-02	-1.037758175543644357e-01	7.976384333219728451e-02	-1.632061173951265542e-01	2.015074183976177657e-01	-1.548307071108241673e-01	1.002966000586119621e-01	-9.127354492777450812e-02	1.938865107204555682e-01	-3.572146232156978019e-01	1.850121430487216279e-01	-1.094599030883475765e-01	1.042691104864051227e-01	-7.059543267637174990e-01	9.999999999999984457e-01	-2.504866711656795752e-01	1.442842513265950033e-01	-1.239944937825222526e-01	2.810650839506390053e-01	-3.976930278974860067e-01	2.079786676297793180e-01	-1.340183573329989941e-01	9.318759333004268675e-02	-1.684951620227536362e-01	1.794329927709824857e-01	-1.274870574847858651e-01	7.742962182226253987e-02	-7.220290178660154767e-02	1.164517474258496138e-01	-1.304830515588800144e-01	1.380362283492914122e-01	-4.837224427180232544e-02	4.871854889661283994e-02
7.529939585117605139e-02	-5.512267149973385655e-02	7.604192866529994876e-02	-5.512754696685866901e-02	4.782671271479485564e-02	-6.958706394400153428e-02	6.573016742337570162e-02	-7.415973554810240120e-02	1.084149225433163749e-01	-8.648549812602378262e-02	1.072063257148529597e-01	-1.449940314201527691e-01	1.521499550163475101e-01	-1.092875388286165123e-01	1.018536686307877914e-01	-1.170773570300864819e-01	1.547803560413533730e-01	-2.224789016593790025e-01	1.325081325719914549e-01	-1.341432384228546104e-01	1.928731226368383678e-01	-2.504866711656795752e-01	9.999999999999993339e-01	-5.091053129982958669e-01	2.212335965910258440e-01	-2.313449047009966952e-01	2.373236895731148932e-01	-6.346254861886706511e-01	2.621335032396212017e-01	-1.771825080761910698e-01	1.469765958508248982e-01	-1.804227987938003819e-01	1.940340142025842041e-01	-1.277405998812758681e-01	1.160405770765341460e-01	-1.192610939433893374e-01	1.291824310120321673e-01	-2.200571339834422047e-01	7.379380593742138061e-02	-7.671280811573964742e-02
-6.757995192961734066e-02	4.939132995205482851e-02	-7.039682634713051446e-02	5.282622353294897516e-02	-4.681387563415814745e-02	5.993300750003489885e-02	-5.820369530992288570e-02	6.749140648397625175e-02	-1.070411366390540686e-01	8.420471281308815337e-02	-8.583251487154872073e-02	1.118587650689469581e-01	-1.279384033936192544e-01	1.052997833846889969e-01	-1.066217261072208433e-01	8.854305801530344688e-02	-1.163239086302555597e-01	1.485894197336399825e-01	-1.524539554920332773e-01	1.550929234061326489e-01	-1.401192307358252176e-01	1.442842513265950033e-01	-5.091053129982958669e-01	9.999999999999977796e-01	-4.690448129903329044e-01	1.559115746157348770e-01	-1.658506255298418108e-01	2.745799756838242511e-01	-5.762908773224775238e-01	2.789444616883907657e-01	-1.086031869589445809e-01	1.250418543925552184e-01	-1.402336684279654189e-01	1.421349413427815955e-01	-1.421745062175197860e-01	8.570547046601632857e-02	-9.544647979848308594e-02	1.521282208855068985e-01	-7.616440456624758160e-02	8.027771960827484454e-02
6.642973273137850465e-02	-4.947237515080113446e-02	7.066949111927774141e-02	-5.808617572153718794e-02	5.105087603908169819e-02	-5.960099608139046712e-02	5.782675714294559233e-02	-6.912605077682328070e-02	1.119931328862422554e-01	-9.576774074885806287e-02	8.086132809681303990e-02	-1.099914396798838956e-01	1.225880309940241136e-01	-1.193528054235578478e-01	1.227357837608744340e-01	-8.438504960716967929e-02	1.058372389020017929e-01	-1.444387052320260101e-01	1.786372120993780510e-01	-2.703154739186426347e-01	1.184759971915468613e-01	-1.239944937825222526e-01	2.212335965910258440e-01	-4.690448129903329044e-01	9.999999999999983347e-01	-1.543268378588436573e-01	1.436900645769665363e-01	-2.395173908397888740e-01	3.191374252170309234e-01	-6.474678732101214473e-01	1.038138565504497790e-01	-1.236638775352290470e-01	1.415657808258782013e-01	-2.202010748830696141e-01	1.984773286648377488e-01	-8.632767118091991265e-02	9.332981731305847739e-02	-1.691470226728702675e-01	9.835635656455152254e-02	-1.124819399729715813e-01
-8.270659276417501038e-02	5.882431961630827516e-02	-8.016125948930281908e-02	5.346831609131003776e-02	-4.641221012185062222e-02	7.530401770125112748e-02	-7.062306189301414960e-02	7.589936148680465067e-02	-1.082631374373948518e-01	8.142883898376632179e-02	-1.260814195930970716e-01	1.502280280690501402e-01	-1.360853751378114096e-01	9.766788209700687229e-02	-9.298800166046437832e-02	1.369157859846134584e-01	-1.711348661355325540e-01	1.515276327047143379e-01	-1.105513231447589756e-01	1.072389778139678923e-01	-4.727495872679345346e-01	2.810650839506390053e-01	-2.313449047009966952e-01	1.559115746157348770e-01	-1.543268378588436573e-01	9.999999999999975575e-01	-5.290801230580267633e-01	2.328511058333506134e-01	-1.686266290135012280e-01	1.136574232777409210e-01	-4.575131277974064381e-01	2.807037799457625105e-01	-1.823712198911374427e-01	1.014386869579056716e-01	-9.642048028629139622e-02	2.187933967751447828e-01	-2.448035861026018611e-01	1.906149814101552320e-01	-6.580535655879468648e-02	6.450990659771130287e-02
7.253370433216112245e-02	-5.258408399795409804e-02	7.053480689247568214e-02	-4.884537729180837146e-02	4.197096383221936289e-02	-6.856494778224823949e-02	6.325005725463538064e-02	-6.850607368979566569e-02	9.551122485078110402e-02	-7.499748275883648396e-02	1.133250107639719867e-01	-1.521376745308227751e-01	1.262695584206454669e-01	-9.113540400523792440e-02	8.467322210060677923e-02	-1.319254896997798243e-01	1.671607030422178342e-01	-1.536251239524658030e-01	1.024894572346198435e-01	-1.026343897641046193e-01	2.787969010611970888e-01	-3.976930278974860067e-01	2.373236895731148932e-01	-1.658506255298418108e-01	1.436900645769665363e-01	-5.290801230580267633e-01	9.999999999999974465e-01	-3.888419389421666761e-01	1.632346310106611853e-01	-1.140091823210425542e-01	2.640839920083450365e-01	-4.664921443274118729e-01	2.108889933434326680e-01	-1.087092476779756289e-01	9.799556146625822139e-02	-2.052927262084804638e-01	2.167517907111043696e-01	-2.295551718897810567e-01	6.737055264792903009e-02	-6.737464979807494814e-02
-7.673808434734968875e-02	5.538103061362407292e-02	-7.756397107957131720e-02	5.460852252041543259e-02	-4.798943831376852737e-02	6.868639213498597962e-02	-6.584429812906765489e-02	7.388650002577426545e-02	-1.113457273997085772e-01	8.496776605026171159e-02	-1.050588911674638359e-01	1.333560700837910507e-01	-1.437845716050458744e-01	1.047514593455106391e-01	-1.019345800621745401e-01	1.099349337776269891e-01	-1.466216532261772065e-01	1.667468849626924932e-01	-1.304872978514446946e-01	1.276175188585904341e-01	-2.041792672338621217e-01	2.079786676297793180e-01	-6.346254861886706511e-01	2.745799756838242511e-01	-2.395173908397888740e-01	2.328511058333506134e-01	-3.888419389421666761e-01	9.999999999999972244e-01	-3.341521616788714066e-01	1.818695938133611523e-01	-1.783809528444647574e-01	2.149303221802703057e-01	-3.253414266143855316e-01	1.418957707596363582e-01	-1.356008572788654221e-01	1.341768944852400613e-01	-1.596977611024585630e-01	2.406189486050608894e-01	-8.434574575872277880e-02	8.321314430023502018e-02
5.984741585677370856e-02	-4.407353839405012130e-02	6.191522857614008279e-02	-4.777946961409015175e-02	4.168928303291818960e-02	-5.420855201192952000e-02	5.188648017250283712e-02	-6.017590907887746671e-02	9.302329810389668718e-02	-7.648156755322212119e-02	7.723457254529199345e-02	-1.039436641757630064e-01	1.088731392606571979e-01	-9.306242933906913595e-02	9.145975723228211285e-02	-8.190124298063607144e-02	1.028437645065725659e-01	-1.309019989539214612e-01	1.238669268760684006e-01	-1.408404928249384624e-01	1.262599394795251018e-01	-1.340183573329989941e-01	2.621335032396212017e-01	-5.762908773224775238e-01	3.191374252170309234e-01	-1.686266290135012280e-01	1.632346310106611853e-01	-3.341521616788714066e-01	9.999999999999973355e-01	-5.642224014324741521e-01	1.130421444077904652e-01	-1.367982521182649902e-01	1.569830473267087856e-01	-2.068089135426210146e-01	1.875092558125858733e-01	-9.369354261888257485e-02	1.015987499404515659e-01	-1.830884912837568157e-01	9.560536909638786551e-02	-1.070754404235185753e-01
-5.096069295865191667e-02	3.752538955953799854e-02	-5.402713210768437385e-02	4.233306618453480663e-02	-3.769334934009789528e-02	4.491469880285940686e-02	-4.392610219261620930e-02	5.192920221668756442e-02	-8.521017509760331343e-02	6.854559919946098812e-02	-6.128734139320865526e-02	8.108410292867498925e-02	-9.265079685783760011e-02	8.533645529750275016e-02	-8.992141342525460102e-02	6.293513096126378270e-02	-7.999329876416366725e-02	1.042064517120315364e-01	-1.322477833823166027e-01	1.469817702391215675e-01	-9.197411860466991884e-02	9.318759333004268675e-02	-1.771825080761910698e-01	2.789444616883907657e-01	-6.474678732101214473e-01	1.136574232777409210e-01	-1.140091823210425542e-01	1.818695938133611523e-01	-5.642224014324741521e-01	9.999999999999973355e-01	-8.193174453813530100e-02	9.650281553376183208e-02	-1.207616265269047806e-01	2.184680306666533789e-01	-3.167723942541385007e-01	6.651722321799380389e-02	-7.424854148337900472e-02	1.326045303038522749e-01	-9.967635490795229147e-02	1.086212919409746402e-01
5.009993576571283858e-02	-3.618226970666425790e-02	4.918963719502356113e-02	-3.429490620075376778e-02	2.959808406883715839e-02	-4.635154850488172606e-02	4.324929637215776251e-02	-4.732725308424801797e-02	6.764712833417584059e-02	-5.274235489813863115e-02	7.388242125671197480e-02	-9.593881202676513009e-02	8.464126631156267122e-02	-6.294525020781614744e-02	5.930786142539040684e-02	-8.226379604098436882e-02	1.007866464434680198e-01	-9.870747334977206244e-02	7.124957108488404189e-02	-7.139524036164542065e-02	1.832769101708527359e-01	-1.684951620227536362e-01	1.469765958508248982e-01	-1.086031869589445809e-01	1.038138565504497790e-01	-4.575131277974064381e-01	2.640839920083450365e-01	-1.783809528444647574e-01	1.130421444077904652e-01	-8.193174453813530100e-02	9.999999999999973355e-01	-5.035056779237490066e-01	1.937432960938331450e-01	-9.130372329986549684e-02	8.181304928729814241e-02	-5.784549368020506233e-01	3.145122090036398532e-01	-2.353502946541448926e-01	5.956696097890585434e-02	-5.879315138667695617e-02
-5.433689466333857521e-02	3.906221508806650977e-02	-5.359364726463649448e-02	3.707742824053609360e-02	-3.221480753216792586e-02	4.955140368488589186e-02	-4.664720764872332809e-02	5.115656683988627912e-02	-7.432639205355806578e-02	5.703141528620417344e-02	-7.880631550605565749e-02	9.960735366549669512e-02	-9.240027406726077086e-02	6.839226426440883633e-02	-6.533208203198109798e-02	8.562689748227864106e-02	-1.089238473834422405e-01	1.054543611602298120e-01	-7.935871243580322476e-02	7.866450187738074917e-02	-1.925501673592968088e-01	1.794329927709824857e-01	-1.804227987938003819e-01	1.250418543925552184e-01	-1.236638775352290470e-01	2.807037799457625105e-01	-4.664921443274118729e-01	2.149303221802703057e-01	-1.367982521182649902e-01	9.650281553376183208e-02	-5.035056779237490066e-01	9.999999999999987788e-01	-3.490853308735613059e-01	1.130890148260005890e-01	-1.043021219777967301e-01	2.895759714455149458e-01	-4.875818644562684434e-01	2.629137401919384720e-01	-7.131839298279590844e-02	6.784591005898379934e-02
4.726375521305056088e-02	-3.418986345086227202e-02	4.753981318539472756e-02	-3.394405240383109590e-02	2.964889076732401749e-02	-4.265988693554895878e-02	4.057398694401780082e-02	-4.544170764899362752e-02	6.807076970047185038e-02	-5.281167027398307734e-02	6.459492665591025362e-02	-8.307288316834947339e-02	8.227220421013946294e-02	-6.349826389542365113e-02	6.166475957546412034e-02	-6.891576862486274713e-02	8.702005195818768302e-02	-9.423839637950896797e-02	7.756343681572085147e-02	-7.861707317413661744e-02	1.299745215224135941e-01	-1.274870574847858651e-01	1.940340142025842041e-01	-1.402336684279654189e-01	1.415657808258782013e-01	-1.823712198911374427e-01	2.108889933434326680e-01	-3.253414266143855316e-01	1.569830473267087856e-01	-1.207616265269047806e-01	1.937432960938331450e-01	-3.490853308735613059e-01	9.999999999999975575e-01	-2.407250044401234579e-01	1.713266555410195291e-01	-1.678714523769935796e-01	2.103807963520454849e-01	-7.699797707236127886e-01	1.158932978091020138e-01	-1.097568747277250650e-01
-3.862853867987546541e-02	2.811754521798007223e-02	-4.004232967762427764e-02	2.989627321867426024e-02	-2.644955851318210246e-02	3.406479148409079921e-02	-3.304881309200830009e-02	3.814988588912933409e-02	-6.056123746254128692e-02	4.737844201372385516e-02	-4.803101690653010375e-02	6.191512920916843882e-02	-6.728468065966293488e-02	5.738367134014720622e-02	-5.837809113436678854e-02	4.940005070487125255e-02	-6.238444780340243051e-02	7.484147504987974375e-02	-7.913886446711548839e-02	8.308428495400362046e-02	-7.988778462283981086e-02	7.742962182226253987e-02	-1.277405998812758681e-01	1.421349413427815955e-01	-2.202010748830696141e-01	1.014386869579056716e-01	-1.087092476779756289e-01	1.418957707596363582e-01	-2.068089135426210146e-01	2.184680306666533789e-01	-9.130372329986549684e-02	1.130890148260005890e-01	-2.407250044401234579e-01	9.999999999999967804e-01	-8.180111979278076317e-01	7.386186948281882325e-02	-8.913945129333167294e-02	1.881609315663176352e-01	-2.891014674588572864e-01	2.248656269180333012e-01
3.509443013955854118e-02	-2.565623417822479602e-02	3.634408294886787294e-02	-2.752452023358873193e-02	2.421258273538489866e-02	-3.125552206164956826e-02	3.015999116393009577e-02	-3.488297655840980060e-02	5.484541875136453998e-02	-4.379730213428285196e-02	4.412398281928603394e-02	-5.774197876338001134e-02	6.151234984522190030e-02	-5.294253375084485153e-02	5.321393641924015289e-02	-4.590077704062269642e-02	5.749334890728409475e-02	-7.000090986157103679e-02	7.181094005975820205e-02	-7.873210341959459291e-02	7.302917528823174576e-02	-7.220290178660154767e-02	1.160405770765341460e-01	-1.421745062175197860e-01	1.984773286648377488e-01	-9.642048028629139622e-02	9.799556146625822139e-02	-1.356008572788654221e-01	1.875092558125858733e-01	-3.167723942541385007e-01	8.181304928729814241e-02	-1.043021219777967301e-01	1.713266555410195291e-01	-8.180111979278076317e-01	9.999999999999970024e-01	-6.904048252945385600e-02	8.023188064476249881e-02	-1.852712936315241421e-01	2.193098640787398135e-01	-2.863133177579936239e-01
-3.897168321143120590e-02	2.800286171740047278e-02	-3.852592975784802087e-02	2.669524292814166172e-02	-2.321379802732660702e-02	3.538497553069368945e-02	-3.338734639321590258e-02	3.670128666051754307e-02	-5.361137692341300109e-02	4.105329415450582886e-02	-5.564544154150485172e-02	7.015024876154532518e-02	-6.560591727490620861e-02	4.895517805613142787e-02	-4.686437889026487391e-02	6.002543284203235019e-02	-7.524089876917022801e-02	7.419796688959331976e-02	-5.658997437519786705e-02	5.609772261659019821e-02	-1.341282310269889533e-01	1.164517474258496138e-01	-1.192610939433893374e-01	8.570547046601632857e-02	-8.632767118091991265e-02	2.187933967751447828e-01	-2.052927262084804638e-01	1.341768944852400613e-01	-9.369354261888257485e-02	6.651722321799380389e-02	-5.784549368020506233e-01	2.895759714455149458e-01	-1.678714523769935796e-01	7.386186948281882325e-02	-6.904048252945385600e-02	9.999999999999974465e-01	-7.051595490525093268e-01	1.868602059573802598e-01	-4.972794054750795389e-02	4.740738203834785058e-02
4.132657942694258069e-02	-2.985713413537929503e-02	4.087561926587551797e-02	-2.870128643709805860e-02	2.485852900688327594e-02	-3.793311298615714006e-02	3.560229513163809534e-02	-3.923706001969737983e-02	5.690320015725736785e-02	-4.427553712054116408e-02	5.943379685602110524e-02	-7.703263413905032941e-02	7.023982290311338306e-02	-5.284575418366328076e-02	5.021280542658123486e-02	-6.528893399587722135e-02	8.079585667608554789e-02	-8.139128044359926484e-02	6.092089230274674860e-02	-6.126291551607607883e-02	1.350640141628809965e-01	-1.304830515588800144e-01	1.291824310120321673e-01	-9.544647979848308594e-02	9.332981731305847739e-02	-2.448035861026018611e-01	2.167517907111043696e-01	-1.596977611024585630e-01	1.015987499404515659e-01	-7.424854148337900472e-02	3.145122090036398532e-01	-4.875818644562684434e-01	2.103807963520454849e-01	-8.913945129333167294e-02	8.023188064476249881e-02	-7.051595490525093268e-01	9.999999999999968914e-01	-2.998350290834674303e-01	5.958438740518366694e-02	-5.758451078978253646e-02
-5.635755622278332266e-02	4.053846927569441927e-02	-5.687799205749904247e-02	4.009661766191739696e-02	-3.526346975226166830e-02	5.005383736684528018e-02	-4.803603061216634579e-02	5.382555003627523954e-02	-8.192210888066581154e-02	6.219307917172491040e-02	-7.514307641020109840e-02	9.415032380433774328e-02	-9.696920551523310894e-02	7.465227460228933409e-02	-7.353832585558822688e-02	7.822793751219572767e-02	-9.993220160351443115e-02	1.073527740954919873e-01	-9.237573971982269982e-02	9.142415592460470530e-02	-1.511445820679928609e-01	1.380362283492914122e-01	-2.200571339834422047e-01	1.521282208855068985e-01	-1.691470226728702675e-01	1.906149814101552320e-01	-2.295551718897810567e-01	2.406189486050608894e-01	-1.830884912837568157e-01	1.326045303038522749e-01	-2.353502946541448926e-01	2.629137401919384720e-01	-7.699797707236127886e-01	1.881609315663176352e-01	-1.852712936315241421e-01	1.868602059573802598e-01	-2.998350290834674303e-01	9.999999999999966693e-01	-1.460223164898939996e-01	1.214140063893458799e-01
2.260465945154304518e-02	-1.643240830351390749e-02	2.322022369307400608e-02	-1.717748912860986646e-02	1.511369294824747682e-02	-2.008588944167966767e-02	1.935651051325749245e-02	-2.216396298586532573e-02	3.453785510093163730e-02	-2.708959101907545616e-02	2.880703696093206076e-02	-3.715592960217797142e-02	3.908131596897113091e-02	-3.256310878070035886e-02	3.253524982095760965e-02	-2.994101745945196985e-02	3.755040189868975864e-02	-4.389848870847169737e-02	4.280131497512239258e-02	-4.516772549565500894e-02	5.027652150897932160e-02	-4.837224427180232544e-02	7.379380593742138061e-02	-7.616440456624758160e-02	9.835635656455152254e-02	-6.580535655879468648e-02	6.737055264792903009e-02	-8.434574575872277880e-02	9.560536909638786551e-02	-9.967635490795229147e-02	5.956696097890585434e-02	-7.131839298279590844e-02	1.158932978091020138e-01	-2.891014674588572864e-01	2.193098640787398135e-01	-4.972794054750795389e-02	5.958438740518366694e-02	-1.460223164898939996e-01	9.999999999999967804e-01	-9.131555428911477534e-01
