1.000000000000000222e+00	-6.383639101777588420e-01	2.118043251289419282e-01	-2.113007239281755878e-01	2.216156241091462586e-01	-3.640632908685332292e-01	2.904087723359283224e-01	-3.272290009099251273e-01	2.210328287407563042e-01	-1.620744804814290840e-01	1.917200629026817593e-01	-2.115477748388584489e-01	2.124602137804068869e-01	-1.638585460539388750e-01	1.709022025547134727e-01	-2.848374365024818333e-01	2.032776323131015306e-01	-1.198422097637188710e-01	1.107858550584440993e-01	-1.151028208651860285e-01	1.448294216382063904e-01	-1.989007483349456151e-01	1.189753397851471273e-01	-9.931255122151844139e-02	1.074621386605392331e-01	-1.855808992549788927e-01	1.121679086394207353e-01	-1.031234687428651126e-01	8.465938897928848572e-02	-7.500251005830409212e-02	1.648973640133925000e-01	-1.372509422157460190e-01	1.053625623308558079e-01	-6.076890473099848949e-02	7.340328340476343083e-02	-2.810862870560643656e-01	7.952127059030794642e-02	-7.470490879806140905e-02	5.529310251463129267e-02	-6.662788267718006141e-02
-6.383639101777588420e-01	1.000000000000000222e+00	-2.934163378178131776e-01	2.007427714581947742e-01	-1.961370295008054432e-01	2.253510828356484752e-01	-5.485195622479525079e-01	2.859373056611198005e-01	-2.183215833912976189e-01	1.311524995948498695e-01	-1.353047765634559363e-01	1.655847523743135818e-01	-1.991808849408616411e-01	1.433022762331421784e-01	-1.368370261065910420e-01	1.764843674980578203e-01	-1.691681853035311711e-01	9.232393034043481772e-02	-8.626586518472163789e-02	8.707246227465859079e-02	-9.254839411410577255e-02	1.262388887094751944e-01	-9.051858597895487413e-02	7.462824660868662419e-02	-8.141732319497814452e-02	1.144993536851023341e-01	-7.310276352133941724e-02	6.776001123975979035e-02	-6.096822037390398769e-02	5.396899559996044815e-02	-1.039075139518512159e-01	8.720174945950220913e-02	-6.986542686226247800e-02	4.174653044164104709e-02	-5.091844578209329952e-02	1.666780126549145258e-01	-5.188440133873718774e-02	4.863284527585852446e-02	-3.725262845411309032e-02	4.459278286180670681e-02
2.118043251289419282e-01	-2.934163378178131776e-01	1.000000000000000000e+00	-8.332565012006253324e-01	2.355445424645843944e-01	-1.781825456233376292e-01	1.803454765596391451e-01	-2.315366301967374529e-01	1.899187135698862106e-01	-1.639239362400650990e-01	1.006245048457466013e-01	-1.168568513813710574e-01	1.500182583739553266e-01	-1.308222340543517548e-01	1.322801904064942191e-01	-1.452908433850119418e-01	1.174329226872063286e-01	-7.887224816788269977e-02	7.478923673205131739e-02	-8.346450098446306365e-02	8.418827271994677730e-02	-1.202449563993598231e-01	7.770512885693810212e-02	-6.681856077535190674e-02	7.426143585570342542e-02	-1.095716347908973903e-01	6.856295463525365064e-02	-6.401953945242724875e-02	5.592800848843001299e-02	-5.027519529251054525e-02	9.840945717502390389e-02	-8.390367918715177509e-02	6.496360724631318473e-02	-3.894206079449654551e-02	4.707726044930518605e-02	-1.697878445543956616e-01	4.883144283730585233e-02	-4.616072057339185020e-02	3.494253795377370853e-02	-4.228145611485681354e-02
-2.113007239281755878e-01	2.007427714581947742e-01	-8.332565012006253324e-01	1.000000000000000000e+00	-3.500185512332681936e-01	1.570260629340037017e-01	-1.598206860929907158e-01	1.820953790058382482e-01	-2.254468748408158529e-01	1.658994993374657279e-01	-9.065520050322357914e-02	1.060304870990086828e-01	-1.520617100607701278e-01	1.312448394729947287e-01	-1.381027873571200049e-01	1.298206209313590431e-01	-1.096630422853180076e-01	7.555633519227310246e-02	-7.287635359481690889e-02	8.139700671565666679e-02	-7.629465004933054517e-02	1.090193333528494124e-01	-7.465835707114759634e-02	6.429833623428125866e-02	-7.283282510434867241e-02	9.853081351724099490e-02	-6.279715193864013334e-02	5.884768334991188204e-02	-5.359108900494036209e-02	4.803705234053356338e-02	-8.902558633969223645e-02	7.624111802794486525e-02	-5.992572290449445921e-02	3.650674551031139747e-02	-4.433525992908490115e-02	1.511261897079350380e-01	-4.478459867356435198e-02	4.231519726344910165e-02	-3.248802041240875238e-02	3.920022107352388874e-02
2.216156241091462586e-01	-1.961370295008054432e-01	2.355445424645843944e-01	-3.500185512332681936e-01	1.000000000000000222e+00	-2.747188468903146163e-01	1.666851872731703321e-01	-2.056797502507268505e-01	2.230870456342958219e-01	-5.751978809166138351e-01	1.529474371016102396e-01	-1.654293578345543414e-01	1.962689341431482493e-01	-1.658550927911515982e-01	2.906089091335590791e-01	-2.359284390934262843e-01	1.721543532679365995e-01	-1.363221677935675946e-01	1.346935661523184502e-01	-1.751132610896893871e-01	1.576395612394179691e-01	-2.349281384407916062e-01	1.379894532760488068e-01	-1.248958154130929699e-01	1.457144210421168484e-01	-2.147949408911247748e-01	1.333746238454348865e-01	-1.256573558781672040e-01	1.091275839724682589e-01	-9.979681433821252501e-02	1.929151470313113237e-01	-1.669680605685182617e-01	1.259920919292907282e-01	-7.652370091825429210e-02	9.186240908079794376e-02	-3.534844147617400845e-01	9.563560445922132669e-02	-9.113466369263115152e-02	6.876610471547670023e-02	-8.403831757469973351e-02
-3.640632908685332292e-01	2.253510828356484752e-01	-1.781825456233376292e-01	1.570260629340037017e-01	-2.747188468903146163e-01	1.000000000000000222e+00	-2.879355190646732399e-01	2.365095296163367000e-01	-2.748166970489686611e-01	1.776959086137070154e-01	-5.486723363690696464e-01	2.862060133939087758e-01	-2.852184700760569958e-01	1.852771883680550680e-01	-2.182167835759700747e-01	3.215763656781090996e-01	-3.564791485749895794e-01	1.476517188296769256e-01	-1.412675735813107292e-01	1.357971532298131168e-01	-1.558309916161957076e-01	1.830206421851371390e-01	-1.490029876030123102e-01	1.190360855257087958e-01	-1.333583816845176351e-01	1.649780021709625899e-01	-1.133512214641589216e-01	1.031559900217940973e-01	-1.000149282780096183e-01	8.648922385560882387e-02	-1.606552536811404752e-01	1.275992540314321022e-01	-1.115902414659724479e-01	6.658201741995378731e-02	-8.273236173030150409e-02	2.087875880403134710e-01	-8.076515363225007793e-02	7.412720760880085746e-02	-5.875890843799756041e-02	6.876460690780768215e-02
2.904087723359283224e-01	-5.485195622479525079e-01	1.803454765596391451e-01	-1.598206860929907158e-01	1.666851872731703321e-01	-2.879355190646732399e-01	1.000000000000000666e+00	-6.431023560747730627e-01	2.228514427877266446e-01	-1.224978573063592729e-01	1.601872606415886968e-01	-2.352496082583364623e-01	2.098052216826469529e-01	-1.594923331502339225e-01	1.284701381317584212e-01	-1.946145317280845999e-01	1.891195688011967913e-01	-9.541673405447501088e-02	8.623252432883604657e-02	-8.486430188943934472e-02	9.293511777768508064e-02	-1.241191248072742864e-01	9.074683645932671294e-02	-7.444700045589000559e-02	7.904091035135255017e-02	-1.118659498420651738e-01	7.113748897457382314e-02	-6.579754163415137136e-02	5.896978446881982749e-02	-5.236304867911481531e-02	1.002837891761659828e-01	-8.399045217644052208e-02	6.768205639212050706e-02	-4.036240056184998981e-02	4.920846967890027401e-02	-1.557985385951468904e-01	5.011545347702302949e-02	-4.692957274038168924e-02	3.595283375039631801e-02	-4.299121368922365766e-02
-3.272290009099251273e-01	2.859373056611198005e-01	-2.315366301967374529e-01	1.820953790058382482e-01	-2.056797502507268505e-01	2.365095296163367000e-01	-6.431023560747730627e-01	1.000000000000000666e+00	-4.117770796679985912e-01	1.518835365567809681e-01	-1.488434854138828145e-01	1.919269923548478085e-01	-3.543073983857827902e-01	2.311285230355512033e-01	-1.597584822081341838e-01	1.873442270529086517e-01	-1.954348618595632692e-01	1.168149135583985282e-01	-1.067114362711587688e-01	1.021841010863574900e-01	-9.910266160717848272e-02	1.355121882706868119e-01	-1.106548763958682957e-01	8.974953399025521750e-02	-9.513924985454394467e-02	1.201850117273196294e-01	-7.887576342097610271e-02	7.352931832410204704e-02	-6.891019529082513528e-02	6.126247379675133636e-02	-1.093049759869145487e-01	9.255010440610890454e-02	-7.569929545026551909e-02	4.607545718700159498e-02	-5.637879352038971392e-02	1.693493076777081441e-01	-5.571095297629875820e-02	5.222474981482465306e-02	-4.065371840381284962e-02	4.854831102285735167e-02
2.210328287407563042e-01	-2.183215833912976189e-01	1.899187135698862106e-01	-2.254468748408158529e-01	2.230870456342958219e-01	-2.748166970489686611e-01	2.228514427877266446e-01	-4.117770796679985912e-01	1.000000000000000666e+00	-2.383867272049835506e-01	1.550635252263586894e-01	-1.899906076919466724e-01	3.220140230431493000e-01	-6.311488698931612129e-01	2.010958502866709852e-01	-2.247567793620755539e-01	1.791359381479937785e-01	-1.370635112136757428e-01	1.253972064666159514e-01	-1.287949927507522074e-01	1.206480218088598622e-01	-1.708816869710266528e-01	1.254155207579627784e-01	-1.088347253339124743e-01	1.133698275808208700e-01	-1.513412889652403781e-01	9.651564547920435388e-02	-9.051128984558720614e-02	8.197912052215983181e-02	-7.419556419265972702e-02	1.339484542379317245e-01	-1.152781745974544025e-01	9.138103612189328595e-02	-5.568547189016788412e-02	6.750591077979148369e-02	-2.167362442338316708e-01	6.792642404606483164e-02	-6.416821918465689945e-02	4.932359849079436670e-02	-5.947374544872873620e-02
-1.620744804814290840e-01	1.311524995948498695e-01	-1.639239362400650990e-01	1.658994993374657279e-01	-5.751978809166138351e-01	1.776959086137070154e-01	-1.224978573063592729e-01	1.518835365567809681e-01	-2.383867272049835506e-01	1.000000000000000666e+00	-1.034023048774757592e-01	1.187220069431290242e-01	-1.752155573452782722e-01	1.582865795158700517e-01	-6.524984171699391711e-01	1.542226433623732906e-01	-1.275752910740449164e-01	1.217729270857352275e-01	-1.401895934917428421e-01	1.992612702828067683e-01	-1.042675170110134303e-01	1.543292167074744592e-01	-1.275900407643755785e-01	1.221216399230792560e-01	-1.735863095107074983e-01	1.345379456495110204e-01	-9.327104137218734936e-02	9.039486928024560719e-02	-1.079525491836533790e-01	9.634807439192043244e-02	-1.231357199638188071e-01	1.106047486486980008e-01	-9.235596705544869833e-02	6.402368522004940610e-02	-7.949982962519465401e-02	2.039126591926097576e-01	-6.730716461721313049e-02	6.415822724253436582e-02	-5.385717057481182596e-02	6.445741823751713340e-02
1.917200629026817593e-01	-1.353047765634559363e-01	1.006245048457466013e-01	-9.065520050322357914e-02	1.529474371016102396e-01	-5.486723363690696464e-01	1.601872606415886968e-01	-1.488434854138828145e-01	1.550635252263586894e-01	-1.034023048774757592e-01	9.999999999999988898e-01	-4.445799889915334480e-01	1.741161387280407424e-01	-1.155699935890220353e-01	1.254224359651597287e-01	-6.255726408823230056e-01	2.936862910853538233e-01	-1.002659669412266641e-01	9.015441217318416467e-02	-8.382566541507451008e-02	1.295747097781151658e-01	-1.362284089109041807e-01	9.749052973304042635e-02	-7.671937318993558852e-02	8.147443379321006596e-02	-1.263944271359905835e-01	7.573943031675360593e-02	-6.763971399392250394e-02	6.130780407126739523e-02	-5.346619775142252146e-02	1.060855121137078971e-01	-8.385368185942390640e-02	7.120244665804699447e-02	-4.148136281479479492e-02	5.110345671565452719e-02	-1.331542657626183512e-01	5.174145131144516213e-02	-4.762925017648203529e-02	3.672240099240811628e-02	-4.310520301159231904e-02
-2.115477748388584489e-01	1.655847523743135818e-01	-1.168568513813710574e-01	1.060304870990086828e-01	-1.654293578345543414e-01	2.862060133939087758e-01	-2.352496082583364623e-01	1.919269923548478085e-01	-1.899906076919466724e-01	1.187220069431290242e-01	-4.445799889915334480e-01	9.999999999999992228e-01	-2.638034120539610172e-01	1.548847895495192861e-01	-1.406067184754736243e-01	2.936744002336136306e-01	-7.254322627624416597e-01	1.420501301802850891e-01	-1.192835895445250177e-01	1.010432615126483497e-01	-1.168100818851587480e-01	1.416951282010350255e-01	-1.287131158893009553e-01	9.745358751308683121e-02	-9.697168742790629459e-02	1.248423422747209216e-01	-8.162645481052674401e-02	7.479637615120415806e-02	-6.990981811439936355e-02	6.182800524627644206e-02	-1.115616938096428007e-01	9.164442962259800041e-02	-7.768190254703730147e-02	4.648733047403753177e-02	-5.713903987279568553e-02	1.509669168774598058e-01	-5.637248462571983754e-02	5.231723300780322106e-02	-4.082090607029680712e-02	4.823317387629087738e-02
2.124602137804068869e-01	-1.991808849408616411e-01	1.500182583739553266e-01	-1.520617100607701278e-01	1.962689341431482493e-01	-2.852184700760569958e-01	2.098052216826469529e-01	-3.543073983857827902e-01	3.220140230431493000e-01	-1.752155573452782722e-01	1.741161387280407424e-01	-2.638034120539610172e-01	9.999999999999990008e-01	-6.541268360607314092e-01	1.853116782046926869e-01	-2.415805564138207850e-01	2.141517565084009034e-01	-2.217541851660230490e-01	1.577010455456825389e-01	-1.390238253825427928e-01	1.274043094766613149e-01	-1.816338669921480076e-01	1.626719488807487068e-01	-1.327129270413846263e-01	1.236419003877366890e-01	-1.553527401652304851e-01	1.013038561181848901e-01	-9.542294853974309099e-02	8.693317596255815960e-02	-7.932627354694417321e-02	1.366820451425243832e-01	-1.183529022954401544e-01	9.542649937541830552e-02	-5.833101845585166728e-02	7.072208773369684232e-02	-2.127569330279854287e-01	7.026730865079869326e-02	-6.634004970858070616e-02	5.124539017416006315e-02	-6.164329625347472058e-02
-1.638585460539388750e-01	1.433022762331421784e-01	-1.308222340543517548e-01	1.312448394729947287e-01	-1.658550927911515982e-01	1.852771883680550680e-01	-1.594923331502339225e-01	2.311285230355512033e-01	-6.311488698931612129e-01	1.582865795158700517e-01	-1.155699935890220353e-01	1.548847895495192861e-01	-6.541268360607314092e-01	1.000000000000000444e+00	-1.847360049404387916e-01	1.575846839219922912e-01	-1.527795061444811864e-01	1.373594020093907853e-01	-1.299956509553166772e-01	1.116690656538632948e-01	-8.821507698820722776e-02	1.252434226941744333e-01	-1.215002847361786875e-01	1.004498655018562919e-01	-9.925406555895335825e-02	1.075420249714623827e-01	-7.209772772475309122e-02	6.814858636732479269e-02	-6.679569589180038569e-02	6.060563573832049300e-02	-9.644179986222135847e-02	8.378732133329232223e-02	-6.887472091811179531e-02	4.328005363069809680e-02	-5.287408137416538950e-02	1.500182553286127374e-01	-5.037721730080112897e-02	4.754688593271304276e-02	-3.756274095726853945e-02	4.501907968645160740e-02
1.709022025547134727e-01	-1.368370261065910420e-01	1.322801904064942191e-01	-1.381027873571200049e-01	2.906089091335590791e-01	-2.182167835759700747e-01	1.284701381317584212e-01	-1.597584822081341838e-01	2.010958502866709852e-01	-6.524984171699391711e-01	1.254224359651597287e-01	-1.406067184754736243e-01	1.853116782046926869e-01	-1.847360049404387916e-01	1.000000000000000222e+00	-1.923630766686601490e-01	1.492456437706993766e-01	-1.609718704091653019e-01	1.790010849846116747e-01	-4.024179589526296619e-01	1.371449066914331438e-01	-2.103755226033942605e-01	1.594295432897373244e-01	-1.678228946811881339e-01	2.209824833159328705e-01	-1.813911202577822290e-01	1.226322071872566200e-01	-1.201939408654351671e-01	1.337165738264741166e-01	-1.309175143492512794e-01	1.621696889231598881e-01	-1.481133305970920300e-01	1.190112216236598880e-01	-8.294665489464586594e-02	1.004113239519305451e-01	-2.772056906673765475e-01	8.788885930389371548e-02	-8.471965093035345451e-02	6.986381873855024294e-02	-8.539331457974479178e-02
-2.848374365024818333e-01	1.764843674980578203e-01	-1.452908433850119418e-01	1.298206209313590431e-01	-2.359284390934262843e-01	3.215763656781090996e-01	-1.946145317280845999e-01	1.873442270529086517e-01	-2.247567793620755539e-01	1.542226433623732906e-01	-6.255726408823230056e-01	2.936744002336136306e-01	-2.415805564138207850e-01	1.575846839219922912e-01	-1.923630766686601490e-01	1.000000000000001776e+00	-4.078820515308349548e-01	1.423061080337798268e-01	-1.330592269166170072e-01	1.247401719307914825e-01	-2.447932498896009668e-01	2.031855566813669800e-01	-1.446645793395290591e-01	1.128523326294939427e-01	-1.232543696100228264e-01	1.903322231304646339e-01	-1.169028768778694188e-01	1.024390147480512686e-01	-9.366678049726180622e-02	8.090801274599804249e-02	-1.669112916345337760e-01	1.266188654955656689e-01	-1.098530947008173331e-01	6.329717747644461601e-02	-7.833112821010317084e-02	1.945244885287794046e-01	-7.942694035292649501e-02	7.249225045966344039e-02	-5.604550849696793291e-02	6.533189155416244120e-02
2.032776323131015306e-01	-1.691681853035311711e-01	1.174329226872063286e-01	-1.096630422853180076e-01	1.721543532679365995e-01	-3.564791485749895794e-01	1.891195688011967913e-01	-1.954348618595632692e-01	1.791359381479937785e-01	-1.275752910740449164e-01	2.936862910853538233e-01	-7.254322627624416597e-01	2.141517565084009034e-01	-1.527795061444811864e-01	1.492456437706993766e-01	-4.078820515308349548e-01	1.000000000000000888e+00	-1.972751051680448897e-01	1.377587318785626902e-01	-1.173677522978531645e-01	1.415804648892710349e-01	-1.792880289954733308e-01	1.501689268599108174e-01	-1.171566760968106025e-01	1.098053833934936607e-01	-1.562827853484206331e-01	9.747410607707326924e-02	-8.963356103860542490e-02	7.961362526388308936e-02	-7.139080009656356696e-02	1.315893029403899239e-01	-1.101175814087032162e-01	9.079830385563249229e-02	-5.385944700526416884e-02	6.561916201036199769e-02	-1.812192827825974961e-01	6.631206150924316700e-02	-6.192505311370621879e-02	4.747222070172947561e-02	-5.646597307419165546e-02
-1.198422097637188710e-01	9.232393034043481772e-02	-7.887224816788269977e-02	7.555633519227310246e-02	-1.363221677935675946e-01	1.476517188296769256e-01	-9.541673405447501088e-02	1.168149135583985282e-01	-1.370635112136757428e-01	1.217729270857352275e-01	-1.002659669412266641e-01	1.420501301802850891e-01	-2.217541851660230490e-01	1.373594020093907853e-01	-1.609718704091653019e-01	1.423061080337798268e-01	-1.972751051680448897e-01	9.999999999999973355e-01	-5.676902305632766099e-01	2.090116667314569354e-01	-1.140472457634204156e-01	1.723276282090097644e-01	-6.552222161090779373e-01	3.055111903514628469e-01	-2.096249520479363526e-01	1.175078686281432611e-01	-1.016690921471011810e-01	9.902307120678104091e-02	-1.116876800209781057e-01	1.036804523057357069e-01	-1.095752289926383710e-01	1.002451783220754539e-01	-9.555996686540833840e-02	6.336802007930925074e-02	-7.841201509305921469e-02	1.396274680018122216e-01	-6.461721204885317871e-02	6.081738932502768480e-02	-5.121103210979723735e-02	6.014547204854157891e-02
1.107858550584440993e-01	-8.626586518472163789e-02	7.478923673205131739e-02	-7.287635359481690889e-02	1.346935661523184502e-01	-1.412675735813107292e-01	8.623252432883604657e-02	-1.067114362711587688e-01	1.253972064666159514e-01	-1.401895934917428421e-01	9.015441217318416467e-02	-1.192835895445250177e-01	1.577010455456825389e-01	-1.299956509553166772e-01	1.790010849846116747e-01	-1.330592269166170072e-01	1.377587318785626902e-01	-5.676902305632766099e-01	9.999999999999998890e-01	-3.823521367001869176e-01	1.020912337648929857e-01	-1.614994499091670366e-01	3.200698207834129505e-01	-5.853178228244909631e-01	2.666289115781761976e-01	-1.159935456203048942e-01	9.427676066253348752e-02	-9.513456620137265840e-02	1.261133266944084175e-01	-1.269420541248592327e-01	1.050129437541862110e-01	-9.978545688667277147e-02	9.160661949206493071e-02	-6.880886406389134791e-02	8.459290430055370347e-02	-1.458159413280682160e-01	6.334724714642273047e-02	-6.078385564000767655e-02	5.396383873428124700e-02	-6.444405682873279029e-02
-1.151028208651860285e-01	8.707246227465859079e-02	-8.346450098446306365e-02	8.139700671565666679e-02	-1.751132610896893871e-01	1.357971532298131168e-01	-8.486430188943934472e-02	1.021841010863574900e-01	-1.287949927507522074e-01	1.992612702828067683e-01	-8.382566541507451008e-02	1.010432615126483497e-01	-1.390238253825427928e-01	1.116690656538632948e-01	-4.024179589526296619e-01	1.247401719307914825e-01	-1.173677522978531645e-01	2.090116667314569354e-01	-3.823521367001869176e-01	1.000000000000000000e+00	-9.997802143821005183e-02	1.522331177483633724e-01	-2.333310868617901879e-01	2.742628944453686102e-01	-6.672771903447992647e-01	1.185898917096940425e-01	-1.025944524266595020e-01	1.065003430854208483e-01	-2.165042305563120162e-01	1.981774903709291324e-01	-1.115069804632029815e-01	1.104960425243712852e-01	-1.085228236499117677e-01	9.782118530972457038e-02	-1.270094893749804665e-01	1.590550476218948184e-01	-7.363670674911895753e-02	7.139803147254178417e-02	-7.216529481072467278e-02	8.414328929716843875e-02
1.448294216382063904e-01	-9.254839411410577255e-02	8.418827271994677730e-02	-7.629465004933054517e-02	1.576395612394179691e-01	-1.558309916161957076e-01	9.293511777768508064e-02	-9.910266160717848272e-02	1.206480218088598622e-01	-1.042675170110134303e-01	1.295747097781151658e-01	-1.168100818851587480e-01	1.274043094766613149e-01	-8.821507698820722776e-02	1.371449066914331438e-01	-2.447932498896009668e-01	1.415804648892710349e-01	-1.140472457634204156e-01	1.020912337648929857e-01	-9.997802143821005183e-02	1.000000000000001332e+00	-5.978275422992838095e-01	1.335022882182060056e-01	-1.000288731345170268e-01	1.004956466279415400e-01	-6.509027749981791677e-01	1.767685001341589290e-01	-1.356012646642790198e-01	8.567440482514057654e-02	-7.347121378327961527e-02	2.386785721707250785e-01	-1.686710506859146474e-01	1.306671725530528794e-01	-6.394296641635986711e-02	7.680019924767522710e-02	-1.982311293322322199e-01	9.524795805231710266e-02	-8.644354524292328923e-02	5.792921643385762209e-02	-6.679172712817407764e-02
-1.989007483349456151e-01	1.262388887094751944e-01	-1.202449563993598231e-01	1.090193333528494124e-01	-2.349281384407916062e-01	1.830206421851371390e-01	-1.241191248072742864e-01	1.355121882706868119e-01	-1.708816869710266528e-01	1.543292167074744592e-01	-1.362284089109041807e-01	1.416951282010350255e-01	-1.816338669921480076e-01	1.252434226941744333e-01	-2.103755226033942605e-01	2.031855566813669800e-01	-1.792880289954733308e-01	1.723276282090097644e-01	-1.614994499091670366e-01	1.522331177483633724e-01	-5.978275422992838095e-01	9.999999999999948930e-01	-2.501787876186579163e-01	1.557337345910302928e-01	-1.599443976648917964e-01	3.069305826559368677e-01	-3.518832978166293590e-01	2.065316149297976855e-01	-1.353657491460081297e-01	1.138236663870239029e-01	-3.042872077672499342e-01	2.308973491219421803e-01	-2.107201872738195259e-01	9.893458749446019940e-02	-1.199847403887172592e-01	2.374222843426642138e-01	-1.446157343694729758e-01	1.281822320471669441e-01	-8.841780273877639096e-02	1.000642051183977255e-01
1.189753397851471273e-01	-9.051858597895487413e-02	7.770512885693810212e-02	-7.465835707114759634e-02	1.379894532760488068e-01	-1.490029876030123102e-01	9.074683645932671294e-02	-1.106548763958682957e-01	1.254155207579627784e-01	-1.275900407643755785e-01	9.749052973304042635e-02	-1.287131158893009553e-01	1.626719488807487068e-01	-1.215002847361786875e-01	1.594295432897373244e-01	-1.446645793395290591e-01	1.501689268599108174e-01	-6.552222161090779373e-01	3.200698207834129505e-01	-2.333310868617901879e-01	1.335022882182060056e-01	-2.501787876186579163e-01	9.999999999999978906e-01	-5.370581126222762069e-01	2.210579111442323441e-01	-1.372060267034868053e-01	1.203171042534862817e-01	-1.248076192785633892e-01	1.186798036486268887e-01	-1.172817429585239907e-01	1.222381175729013447e-01	-1.157143843357981983e-01	1.084235468156948407e-01	-7.010948377082289185e-02	8.489259814993603548e-02	-1.547219134825365272e-01	7.299977624689941991e-02	-6.928525447236952295e-02	5.665678205382443378e-02	-6.721152079380918187e-02
-9.931255122151844139e-02	7.462824660868662419e-02	-6.681856077535190674e-02	6.429833623428125866e-02	-1.248958154130929699e-01	1.190360855257087958e-01	-7.444700045589000559e-02	8.974953399025521750e-02	-1.088347253339124743e-01	1.221216399230792560e-01	-7.671937318993558852e-02	9.745358751308683121e-02	-1.327129270413846263e-01	1.004498655018562919e-01	-1.678228946811881339e-01	1.128523326294939427e-01	-1.171566760968106025e-01	3.055111903514628469e-01	-5.853178228244909631e-01	2.742628944453686102e-01	-1.000288731345170268e-01	1.557337345910302928e-01	-5.370581126222762069e-01	9.999999999999967804e-01	-4.458856343306314418e-01	1.066022066005278407e-01	-9.624951467138119499e-02	9.744405086845890629e-02	-1.535493826288145958e-01	1.471816017642654517e-01	-9.982908104858542742e-02	9.616150217731593564e-02	-9.453069936970993903e-02	7.466109697374030685e-02	-9.388625972807870812e-02	1.298168173354745936e-01	-6.330633502809537849e-02	6.061731860667216726e-02	-5.641423674664382965e-02	6.619443470154467990e-02
1.074621386605392331e-01	-8.141732319497814452e-02	7.426143585570342542e-02	-7.283282510434867241e-02	1.457144210421168484e-01	-1.333583816845176351e-01	7.904091035135255017e-02	-9.513924985454394467e-02	1.133698275808208700e-01	-1.735863095107074983e-01	8.147443379321006596e-02	-9.697168742790629459e-02	1.236419003877366890e-01	-9.925406555895335825e-02	2.209824833159328705e-01	-1.232543696100228264e-01	1.098053833934936607e-01	-2.096249520479363526e-01	2.666289115781761976e-01	-6.672771903447992647e-01	1.004956466279415400e-01	-1.599443976648917964e-01	2.210579111442323441e-01	-4.458856343306314418e-01	9.999999999999981126e-01	-1.218454228455018579e-01	1.040367093543406868e-01	-1.119961333976603607e-01	2.233936286954982808e-01	-3.337068445956631324e-01	1.115334433810566406e-01	-1.141614629450086321e-01	1.091019930223343648e-01	-1.073772037181802419e-01	1.326012060337765641e-01	-1.622349104956105070e-01	7.469602438597461314e-02	-7.383163049050876781e-02	7.564470601316747311e-02	-9.124311979503424430e-02
-1.855808992549788927e-01	1.144993536851023341e-01	-1.095716347908973903e-01	9.853081351724099490e-02	-2.147949408911247748e-01	1.649780021709625899e-01	-1.118659498420651738e-01	1.201850117273196294e-01	-1.513412889652403781e-01	1.345379456495110204e-01	-1.263944271359905835e-01	1.248423422747209216e-01	-1.553527401652304851e-01	1.075420249714623827e-01	-1.813911202577822290e-01	1.903322231304646339e-01	-1.562827853484206331e-01	1.175078686281432611e-01	-1.159935456203048942e-01	1.185898917096940425e-01	-6.509027749981791677e-01	3.069305826559368677e-01	-1.372060267034868053e-01	1.066022066005278407e-01	-1.218454228455018579e-01	9.999999999999992228e-01	-2.060362183487580712e-01	1.501110413364709906e-01	-1.070235129418545678e-01	8.983558689248136164e-02	-4.808080548664772635e-01	2.021030957506926296e-01	-1.681453561076517444e-01	8.051021231131572087e-02	-9.823872484551103568e-02	2.578780222570052350e-01	-1.231725566288723317e-01	1.065920024699429924e-01	-7.331405746812458268e-02	8.315381028746018921e-02
1.121679086394207353e-01	-7.310276352133941724e-02	6.856295463525365064e-02	-6.279715193864013334e-02	1.333746238454348865e-01	-1.133512214641589216e-01	7.113748897457382314e-02	-7.887576342097610271e-02	9.651564547920435388e-02	-9.327104137218734936e-02	7.573943031675360593e-02	-8.162645481052674401e-02	1.013038561181848901e-01	-7.209772772475309122e-02	1.226322071872566200e-01	-1.169028768778694188e-01	9.747410607707326924e-02	-1.016690921471011810e-01	9.427676066253348752e-02	-1.025944524266595020e-01	1.767685001341589290e-01	-3.518832978166293590e-01	1.203171042534862817e-01	-9.624951467138119499e-02	1.040367093543406868e-01	-2.060362183487580712e-01	9.999999999999990008e-01	-6.304025388118672524e-01	1.324433380362538271e-01	-1.127897052142905754e-01	2.063373929771593895e-01	-5.188129089483377587e-01	2.892782097600607449e-01	-1.147423091704619369e-01	1.249130431728146251e-01	-1.871366978839162920e-01	2.044476422563690776e-01	-2.006582320681957188e-01	1.043742442193473924e-01	-1.211011974616284237e-01
-1.031234687428651126e-01	6.776001123975979035e-02	-6.401953945242724875e-02	5.884768334991188204e-02	-1.256573558781672040e-01	1.031559900217940973e-01	-6.579754163415137136e-02	7.352931832410204704e-02	-9.051128984558720614e-02	9.039486928024560719e-02	-6.763971399392250394e-02	7.479637615120415806e-02	-9.542294853974309099e-02	6.814858636732479269e-02	-1.201939408654351671e-01	1.024390147480512686e-01	-8.963356103860542490e-02	9.902307120678104091e-02	-9.513456620137265840e-02	1.065003430854208483e-01	-1.356012646642790198e-01	2.065316149297976855e-01	-1.248076192785633892e-01	9.744405086845890629e-02	-1.119961333976603607e-01	1.501110413364709906e-01	-6.304025388118672524e-01	9.999999999999998890e-01	-1.898756655149824446e-01	1.386621439580115744e-01	-1.699284844117008308e-01	2.852291826195962887e-01	-5.825435987106434288e-01	1.500150519835355412e-01	-1.634184864388657232e-01	1.603564075050367688e-01	-2.285614170459183692e-01	2.111095295683380058e-01	-1.242061596177582716e-01	1.344210075406789828e-01
8.465938897928848572e-02	-6.096822037390398769e-02	5.592800848843001299e-02	-5.359108900494036209e-02	1.091275839724682589e-01	-1.000149282780096183e-01	5.896978446881982749e-02	-6.891019529082513528e-02	8.197912052215983181e-02	-1.079525491836533790e-01	6.130780407126739523e-02	-6.990981811439936355e-02	8.693317596255815960e-02	-6.679569589180038569e-02	1.337165738264741166e-01	-9.366678049726180622e-02	7.961362526388308936e-02	-1.116876800209781057e-01	1.261133266944084175e-01	-2.165042305563120162e-01	8.567440482514057654e-02	-1.353657491460081297e-01	1.186798036486268887e-01	-1.535493826288145958e-01	2.233936286954982808e-01	-1.070235129418545678e-01	1.324433380362538271e-01	-1.898756655149824446e-01	9.999999999999977796e-01	-8.002722056453618338e-01	1.047209982189574035e-01	-1.397274498013179878e-01	1.637617697923669235e-01	-3.079536527251351963e-01	2.572274031988441845e-01	-1.379085767173444665e-01	1.024330917547014164e-01	-1.092920686764189686e-01	1.497896352862729263e-01	-1.855030146970961802e-01
-7.500251005830409212e-02	5.396899559996044815e-02	-5.027519529251054525e-02	4.803705234053356338e-02	-9.979681433821252501e-02	8.648922385560882387e-02	-5.236304867911481531e-02	6.126247379675133636e-02	-7.419556419265972702e-02	9.634807439192043244e-02	-5.346619775142252146e-02	6.182800524627644206e-02	-7.932627354694417321e-02	6.060563573832049300e-02	-1.309175143492512794e-01	8.090801274599804249e-02	-7.139080009656356696e-02	1.036804523057357069e-01	-1.269420541248592327e-01	1.981774903709291324e-01	-7.347121378327961527e-02	1.138236663870239029e-01	-1.172817429585239907e-01	1.471816017642654517e-01	-3.337068445956631324e-01	8.983558689248136164e-02	-1.127897052142905754e-01	1.386621439580115744e-01	-8.002722056453618338e-01	9.999999999999965583e-01	-8.937406290029342726e-02	1.147914792542441692e-01	-1.434700669861843081e-01	2.214085352425683995e-01	-3.288644468347736716e-01	1.154735126193436046e-01	-8.821832710267728250e-02	9.120272630363551736e-02	-1.298460601243158208e-01	1.472859797616007382e-01
1.648973640133925000e-01	-1.039075139518512159e-01	9.840945717502390389e-02	-8.902558633969223645e-02	1.929151470313113237e-01	-1.606552536811404752e-01	1.002837891761659828e-01	-1.093049759869145487e-01	1.339484542379317245e-01	-1.231357199638188071e-01	1.060855121137078971e-01	-1.115616938096428007e-01	1.366820451425243832e-01	-9.644179986222135847e-02	1.621696889231598881e-01	-1.669112916345337760e-01	1.315893029403899239e-01	-1.095752289926383710e-01	1.050129437541862110e-01	-1.115069804632029815e-01	2.386785721707250785e-01	-3.042872077672499342e-01	1.222381175729013447e-01	-9.982908104858542742e-02	1.115334433810566406e-01	-4.808080548664772635e-01	2.063373929771593895e-01	-1.699284844117008308e-01	1.047209982189574035e-01	-8.937406290029342726e-02	9.999999999999977796e-01	-3.668602481344178656e-01	1.826715998533003926e-01	-8.610457346372496490e-02	1.019437969820854717e-01	-6.266342383605644217e-01	1.552637148891169439e-01	-1.363273799652160168e-01	8.183958123758613978e-02	-9.504154618679180877e-02
-1.372509422157460190e-01	8.720174945950220913e-02	-8.390367918715177509e-02	7.624111802794486525e-02	-1.669680605685182617e-01	1.275992540314321022e-01	-8.399045217644052208e-02	9.255010440610890454e-02	-1.152781745974544025e-01	1.106047486486980008e-01	-8.385368185942390640e-02	9.164442962259800041e-02	-1.183529022954401544e-01	8.378732133329232223e-02	-1.481133305970920300e-01	1.266188654955656689e-01	-1.101175814087032162e-01	1.002451783220754539e-01	-9.978545688667277147e-02	1.104960425243712852e-01	-1.686710506859146474e-01	2.308973491219421803e-01	-1.157143843357981983e-01	9.616150217731593564e-02	-1.141614629450086321e-01	2.021030957506926296e-01	-5.188129089483377587e-01	2.852291826195962887e-01	-1.397274498013179878e-01	1.147914792542441692e-01	-3.668602481344178656e-01	9.999999999999985567e-01	-3.906294876700822094e-01	1.369915180324245418e-01	-1.591258675743082995e-01	2.314886779089388724e-01	-4.564436715122349719e-01	2.646347878609048854e-01	-1.346154160651586162e-01	1.430898048675777745e-01
1.053625623308558079e-01	-6.986542686226247800e-02	6.496360724631318473e-02	-5.992572290449445921e-02	1.259920919292907282e-01	-1.115902414659724479e-01	6.768205639212050706e-02	-7.569929545026551909e-02	9.138103612189328595e-02	-9.235596705544869833e-02	7.120244665804699447e-02	-7.768190254703730147e-02	9.542649937541830552e-02	-6.887472091811179531e-02	1.190112216236598880e-01	-1.098530947008173331e-01	9.079830385563249229e-02	-9.555996686540833840e-02	9.160661949206493071e-02	-1.085228236499117677e-01	1.306671725530528794e-01	-2.107201872738195259e-01	1.084235468156948407e-01	-9.453069936970993903e-02	1.091019930223343648e-01	-1.681453561076517444e-01	2.892782097600607449e-01	-5.825435987106434288e-01	1.637617697923669235e-01	-1.434700669861843081e-01	1.826715998533003926e-01	-3.906294876700822094e-01	9.999999999999973355e-01	-2.432124549187142382e-01	1.972497486772773201e-01	-1.952656741476375135e-01	2.759809132925333808e-01	-4.538235969188164631e-01	1.773984668629053074e-01	-2.056895811318305844e-01
-6.076890473099848949e-02	4.174653044164104709e-02	-3.894206079449654551e-02	3.650674551031139747e-02	-7.652370091825429210e-02	6.658201741995378731e-02	-4.036240056184998981e-02	4.607545718700159498e-02	-5.568547189016788412e-02	6.402368522004940610e-02	-4.148136281479479492e-02	4.648733047403753177e-02	-5.833101845585166728e-02	4.328005363069809680e-02	-8.294665489464586594e-02	6.329717747644461601e-02	-5.385944700526416884e-02	6.336802007930925074e-02	-6.880886406389134791e-02	9.782118530972457038e-02	-6.394296641635986711e-02	9.893458749446019940e-02	-7.010948377082289185e-02	7.466109697374030685e-02	-1.073772037181802419e-01	8.051021231131572087e-02	-1.147423091704619369e-01	1.500150519835355412e-01	-3.079536527251351963e-01	2.214085352425683995e-01	-8.610457346372496490e-02	1.369915180324245418e-01	-2.432124549187142382e-01	9.999999999999976685e-01	-7.424468237547817706e-01	1.008541586312998867e-01	-1.264614630367098536e-01	1.467797355980109686e-01	-4.276096182633977172e-01	2.883273363519809340e-01
7.340328340476343083e-02	-5.091844578209329952e-02	4.707726044930518605e-02	-4.433525992908490115e-02	9.186240908079794376e-02	-8.273236173030150409e-02	4.920846967890027401e-02	-5.637879352038971392e-02	6.750591077979148369e-02	-7.949982962519465401e-02	5.110345671565452719e-02	-5.713903987279568553e-02	7.072208773369684232e-02	-5.287408137416538950e-02	1.004113239519305451e-01	-7.833112821010317084e-02	6.561916201036199769e-02	-7.841201509305921469e-02	8.459290430055370347e-02	-1.270094893749804665e-01	7.680019924767522710e-02	-1.199847403887172592e-01	8.489259814993603548e-02	-9.388625972807870812e-02	1.326012060337765641e-01	-9.823872484551103568e-02	1.249130431728146251e-01	-1.634184864388657232e-01	2.572274031988441845e-01	-3.288644468347736716e-01	1.019437969820854717e-01	-1.591258675743082995e-01	1.972497486772773201e-01	-7.424468237547817706e-01	9.999999999999971134e-01	-1.255432578502329588e-01	1.281230524872198628e-01	-1.507592352311183104e-01	2.734739207128506489e-01	-3.888329496096768478e-01
-2.810862870560643656e-01	1.666780126549145258e-01	-1.697878445543956616e-01	1.511261897079350380e-01	-3.534844147617400845e-01	2.087875880403134710e-01	-1.557985385951468904e-01	1.693493076777081441e-01	-2.167362442338316708e-01	2.039126591926097576e-01	-1.331542657626183512e-01	1.509669168774598058e-01	-2.127569330279854287e-01	1.500182553286127374e-01	-2.772056906673765475e-01	1.945244885287794046e-01	-1.812192827825974961e-01	1.396274680018122216e-01	-1.458159413280682160e-01	1.590550476218948184e-01	-1.982311293322322199e-01	2.374222843426642138e-01	-1.547219134825365272e-01	1.298168173354745936e-01	-1.622349104956105070e-01	2.578780222570052350e-01	-1.871366978839162920e-01	1.603564075050367688e-01	-1.379085767173444665e-01	1.154735126193436046e-01	-6.266342383605644217e-01	2.314886779089388724e-01	-1.952656741476375135e-01	1.008541586312998867e-01	-1.255432578502329588e-01	9.999999999999977796e-01	-1.519465925696507624e-01	1.272295126866610504e-01	-9.226704220297637926e-02	1.043701488940674410e-01
7.952127059030794642e-02	-5.188440133873718774e-02	4.883144283730585233e-02	-4.478459867356435198e-02	9.563560445922132669e-02	-8.076515363225007793e-02	5.011545347702302949e-02	-5.571095297629875820e-02	6.792642404606483164e-02	-6.730716461721313049e-02	5.174145131144516213e-02	-5.637248462571983754e-02	7.026730865079869326e-02	-5.037721730080112897e-02	8.788885930389371548e-02	-7.942694035292649501e-02	6.631206150924316700e-02	-6.461721204885317871e-02	6.334724714642273047e-02	-7.363670674911895753e-02	9.524795805231710266e-02	-1.446157343694729758e-01	7.299977624689941991e-02	-6.330633502809537849e-02	7.469602438597461314e-02	-1.231725566288723317e-01	2.044476422563690776e-01	-2.285614170459183692e-01	1.024330917547014164e-01	-8.821832710267728250e-02	1.552637148891169439e-01	-4.564436715122349719e-01	2.759809132925333808e-01	-1.264614630367098536e-01	1.281230524872198628e-01	-1.519465925696507624e-01	9.999999999999981126e-01	-7.604144908201122544e-01	1.579366777067368055e-01	-1.806925539743655662e-01
-7.470490879806140905e-02	4.863284527585852446e-02	-4.616072057339185020e-02	4.231519726344910165e-02	-9.113466369263115152e-02	7.412720760880085746e-02	-4.692957274038168924e-02	5.222474981482465306e-02	-6.416821918465689945e-02	6.415822724253436582e-02	-4.762925017648203529e-02	5.231723300780322106e-02	-6.634004970858070616e-02	4.754688593271304276e-02	-8.471965093035345451e-02	7.249225045966344039e-02	-6.192505311370621879e-02	6.081738932502768480e-02	-6.078385564000767655e-02	7.139803147254178417e-02	-8.644354524292328923e-02	1.281822320471669441e-01	-6.928525447236952295e-02	6.061731860667216726e-02	-7.383163049050876781e-02	1.065920024699429924e-01	-2.006582320681957188e-01	2.111095295683380058e-01	-1.092920686764189686e-01	9.120272630363551736e-02	-1.363273799652160168e-01	2.646347878609048854e-01	-4.538235969188164631e-01	1.467797355980109686e-01	-1.507592352311183104e-01	1.272295126866610504e-01	-7.604144908201122544e-01	9.999999999999983347e-01	-2.206789676897051022e-01	1.836324835890907892e-01
5.529310251463129267e-02	-3.725262845411309032e-02	3.494253795377370853e-02	-3.248802041240875238e-02	6.876610471547670023e-02	-5.875890843799756041e-02	3.595283375039631801e-02	-4.065371840381284962e-02	4.932359849079436670e-02	-5.385717057481182596e-02	3.672240099240811628e-02	-4.082090607029680712e-02	5.124539017416006315e-02	-3.756274095726853945e-02	6.986381873855024294e-02	-5.604550849696793291e-02	4.747222070172947561e-02	-5.121103210979723735e-02	5.396383873428124700e-02	-7.216529481072467278e-02	5.792921643385762209e-02	-8.841780273877639096e-02	5.665678205382443378e-02	-5.641423674664382965e-02	7.564470601316747311e-02	-7.331405746812458268e-02	1.043742442193473924e-01	-1.242061596177582716e-01	1.497896352862729263e-01	-1.298460601243158208e-01	8.183958123758613978e-02	-1.346154160651586162e-01	1.773984668629053074e-01	-4.276096182633977172e-01	2.734739207128506489e-01	-9.226704220297637926e-02	1.579366777067368055e-01	-2.206789676897051022e-01	9.999999999999983347e-01	-8.104037876476919422e-01
