1.000000000000000000e+00	-5.226424550719714901e-01	2.558486388384493826e-01	-1.090831100195072123e-01	1.273461300508123006e-01	-3.934893219488072580e-01	3.087584819397253821e-01	-3.445238741472847477e-01	1.867656555912320937e-01	-2.671536973907462365e-01	2.534445642438966084e-01	-2.752769164051287465e-01	2.277579917249067942e-01	-2.837848704892454443e-01	2.494009643560516631e-01	-2.748302476234641412e-01	2.099324065956477969e-01	-2.968578898199252802e-01	1.421821850097032269e-01	-1.402402718868419607e-01	1.399416862946498141e-01	-1.827720002341066963e-01	1.019733999332100849e-01	-1.161927761289191369e-01	1.059035992718829061e-01	-1.562715660169149701e-01	1.274035716089567671e-01	-9.390909099020348927e-02	9.533291804385847501e-02	-8.292686567978928280e-02	9.688009263024355278e-02	-1.305306856755867884e-01	1.514623041362873068e-01	-8.673382557158308692e-02	1.081443483838513270e-01	-1.310202927570977283e-01	4.239289478447012122e-02	-4.521641105632387414e-02	3.295035037866446415e-02	-3.036601490305091897e-02
-5.226424550719714901e-01	9.999999999999998890e-01	-5.185134092018646168e-01	7.909713137299789754e-02	-9.370934758585347524e-02	2.519333222878105683e-01	-5.309584090918043620e-01	3.043577280035316690e-01	-1.332919402540597154e-01	1.527924484571585029e-01	-1.904270818315492164e-01	1.774211416791746654e-01	-1.567930619394757585e-01	1.645681140280259858e-01	-1.739083891003842808e-01	1.554251481216943065e-01	-1.314691529885811672e-01	1.654925782687029223e-01	-8.710481190834019893e-02	8.373044588483678774e-02	-8.070608473293830465e-02	1.017813060364569783e-01	-6.116039029582748254e-02	6.918133421014854845e-02	-6.513951802628394072e-02	8.548320510413566498e-02	-7.345855320897501373e-02	5.482444366834775956e-02	-5.869898599197400507e-02	5.045888555419024424e-02	-5.379258384110949948e-02	7.264549551596448385e-02	-9.308001514414299127e-02	5.281633892251862139e-02	-6.712773355955628518e-02	7.043112669974381512e-02	-2.384976969168229460e-02	2.510433475199035785e-02	-2.015018104147067030e-02	1.843734594041430974e-02
2.558486388384493826e-01	-5.185134092018646168e-01	9.999999999999996669e-01	-9.718061821078621820e-02	1.000593719002116910e-01	-1.775295226628731127e-01	2.466145363185652251e-01	-7.522626323975196705e-01	1.530041797857319974e-01	-1.658851899966222176e-01	1.327295549731948854e-01	-1.436190940878070976e-01	1.406451875256433115e-01	-1.560719154344377413e-01	1.439953196215063846e-01	-1.205671834478755644e-01	1.033362379091489758e-01	-1.428979963651773599e-01	7.418286760189206352e-02	-7.077769305886372209e-02	6.262312669791049446e-02	-7.998910804962745813e-02	4.811372485759898149e-02	-5.755050908980492014e-02	5.371011465098584486e-02	-6.681464617348978341e-02	5.724750930537082089e-02	-4.326742132245887246e-02	4.734037516680845298e-02	-4.091725596521526842e-02	4.198943363794459954e-02	-5.691215652812316173e-02	7.282317234858641519e-02	-4.204935105667882006e-02	5.334363071321355371e-02	-5.513777281405068953e-02	1.864938492999284811e-02	-1.965257776294714390e-02	1.593542475609002404e-02	-1.459573791262347604e-02
-1.090831100195072123e-01	7.909713137299789754e-02	-9.718061821078621820e-02	9.999999999999991118e-01	-8.314847042470648875e-01	6.633092452573600972e-02	-7.462810898864347120e-02	1.141601163496273469e-01	-4.532708074213685490e-01	2.631840594720278315e-01	-6.287795541613100392e-02	7.310158393826447776e-02	-8.287523835722372667e-02	1.685608891161930190e-01	-1.368322704127652167e-01	6.284967363768735604e-02	-5.711597892925440734e-02	8.429689927705075192e-02	-6.449257103176279926e-02	6.039035953040196303e-02	-3.704035326382304483e-02	4.833864260422549020e-02	-3.311399904353561074e-02	4.693788485399565114e-02	-4.414161956956232091e-02	4.131049720141333204e-02	-3.619060665961052609e-02	2.982461980520749109e-02	-3.664248908186585468e-02	3.197307627503095939e-02	-2.709293814883526746e-02	3.738622739318948202e-02	-5.088205300401716508e-02	3.111893078068572738e-02	-3.975823871281058963e-02	3.612515050068938055e-02	-1.260248417927566610e-02	1.330272657712691653e-02	-1.168565792009026126e-02	1.070240940638261459e-02
1.273461300508123006e-01	-9.370934758585347524e-02	1.000593719002116910e-01	-8.314847042470648875e-01	9.999999999999986677e-01	-8.135814640593007352e-02	8.701070546205902367e-02	-1.294949814902905116e-01	2.949296181118849502e-01	-3.899324243917804411e-01	7.644975805984310924e-02	-9.122541603789767473e-02	9.943031231709735518e-02	-2.153720615852413034e-01	1.602645365540521505e-01	-7.864750860603608729e-02	7.071395322517803894e-02	-1.067936427991477560e-01	7.798533536979580794e-02	-7.516020663355789388e-02	4.601830393135775826e-02	-6.035073160768783529e-02	4.067939760534288601e-02	-5.823865171122410284e-02	5.391659350835698028e-02	-5.153936269249251995e-02	4.480706662622983144e-02	-3.681239203220619538e-02	4.474527502823413827e-02	-3.924022361698709105e-02	3.365617038904224895e-02	-4.642487306365841726e-02	6.216049487410672814e-02	-3.810782827716202581e-02	4.845839931604800643e-02	-4.502721342585622871e-02	1.558506446914420529e-02	-1.647937172175379522e-02	1.426655046515389394e-02	-1.308394933212342001e-02
-3.934893219488072580e-01	2.519333222878105683e-01	-1.775295226628731127e-01	6.633092452573600972e-02	-8.135814640593007352e-02	9.999999999999983347e-01	-5.801482421335800721e-01	1.956705145770292198e-01	-1.154472280355967467e-01	1.386319086277460200e-01	-5.698354015203624945e-01	2.451381293328117328e-01	-1.908407967583134746e-01	1.722671561245484040e-01	-1.934083966872268412e-01	2.352457288718710904e-01	-1.914772767433460809e-01	1.991338168492590988e-01	-9.869749641359440440e-02	9.357670255207818644e-02	-1.092856101188957735e-01	1.297050473748909971e-01	-7.441141224785448316e-02	7.861270336241170387e-02	-7.451852983008928899e-02	1.065891100599801189e-01	-9.255488173669222662e-02	6.581048267707545474e-02	-6.848501752001893983e-02	5.840828423275534753e-02	-6.529208787094700761e-02	8.715059964582781704e-02	-1.123427535519540416e-01	6.226639658087924217e-02	-7.930957112272246645e-02	8.278714761680730505e-02	-2.810899529632727642e-02	2.934948603240899317e-02	-2.373801082967283427e-02	2.167123810287855876e-02
3.087584819397253821e-01	-5.309584090918043620e-01	2.466145363185652251e-01	-7.462810898864347120e-02	8.701070546205902367e-02	-5.801482421335800721e-01	9.999999999999985567e-01	-3.323884243074076150e-01	1.291188050552101174e-01	-1.539078018914687151e-01	2.614491616584929679e-01	-2.818824471176187840e-01	1.888622689501605612e-01	-1.831908880827807784e-01	1.774403426417787422e-01	-2.176854131381942559e-01	1.721629957076685480e-01	-2.083929974452244094e-01	9.599422154196889101e-02	-9.137453982818270759e-02	9.891984941743466042e-02	-1.239533077367824115e-01	6.840405536135601983e-02	-7.578585442319060728e-02	7.055478677561982659e-02	-1.013910663887794689e-01	8.533535808517456189e-02	-6.138596252667140318e-02	6.363741324401631094e-02	-5.473578761958818040e-02	6.129253621248023642e-02	-8.220917800074442616e-02	1.019330915110506636e-01	-5.748522787978555676e-02	7.265286968990708472e-02	-7.913546836442847399e-02	2.631148311068070081e-02	-2.764655141605308619e-02	2.177840024601980506e-02	-1.994568654843960342e-02
-3.445238741472847477e-01	3.043577280035316690e-01	-7.522626323975196705e-01	1.141601163496273469e-01	-1.294949814902905116e-01	1.956705145770292198e-01	-3.323884243074076150e-01	9.999999999999977796e-01	-2.306318783060312683e-01	1.912223539714234533e-01	-1.639211204103434294e-01	1.688259536371888858e-01	-1.943705992565520624e-01	1.865796859898922744e-01	-1.887088777933928763e-01	1.398625067032901459e-01	-1.250718280754015976e-01	1.676003962333243724e-01	-9.250862094011436110e-02	8.738256860751761335e-02	-7.532458543732607759e-02	9.549506444438854436e-02	-5.966527025113816524e-02	7.110245359214960315e-02	-6.725785093276902271e-02	8.003934317650492070e-02	-6.977491381586807540e-02	5.329973704775521626e-02	-5.937541158876336045e-02	5.111566238948620639e-02	-5.098833660718506827e-02	6.923661510711448530e-02	-9.128738621778462181e-02	5.260075041711641253e-02	-6.712903878278599079e-02	6.668166892233316767e-02	-2.289873976406751888e-02	2.406770399930961701e-02	-2.000706443697870818e-02	1.829061179002261506e-02
1.867656555912320937e-01	-1.332919402540597154e-01	1.530041797857319974e-01	-4.532708074213685490e-01	2.949296181118849502e-01	-1.154472280355967467e-01	1.291188050552101174e-01	-2.306318783060312683e-01	9.999999999999993339e-01	-6.545935797524022881e-01	1.105668446891892170e-01	-1.325183816979605966e-01	1.536568768850401223e-01	-4.006255409559373315e-01	2.420995337018864713e-01	-1.106059956823616935e-01	1.016404508460501538e-01	-1.525064050797818316e-01	1.186321634362539484e-01	-1.101324147293065298e-01	6.486265586319654719e-02	-8.461636611139337905e-02	5.808168854304819606e-02	-8.491941958111083599e-02	7.902297229351586128e-02	-7.203918813826683254e-02	6.320781731773356116e-02	-5.230547909547478280e-02	6.493345052406611362e-02	-5.679661729736700665e-02	4.719662328715114319e-02	-6.517264394485812462e-02	8.893036650326385795e-02	-5.480570855252042684e-02	6.995020630587076016e-02	-6.282558609547642114e-02	2.194296896062408395e-02	-2.315554416563328846e-02	2.049282631498184140e-02	-1.877497911902247310e-02
-2.671536973907462365e-01	1.527924484571585029e-01	-1.658851899966222176e-01	2.631840594720278315e-01	-3.899324243917804411e-01	1.386319086277460200e-01	-1.539078018914687151e-01	1.912223539714234533e-01	-6.545935797524022881e-01	9.999999999999992228e-01	-1.351192683205135192e-01	1.487452363910857223e-01	-1.666356010448384883e-01	2.883583943189099164e-01	-4.063410842132444967e-01	1.338244767537387914e-01	-1.214282943273350401e-01	1.734079193940726848e-01	-1.473883292429450653e-01	1.399045613151446710e-01	-8.308755406511651731e-02	1.085028173621509912e-01	-7.890253782608244726e-02	1.081783271846375322e-01	-1.064469393484107074e-01	9.413610753732101766e-02	-8.368609870996121525e-02	7.059669690489039917e-02	-8.908773672415545852e-02	7.701947411377359221e-02	-6.306492147288821071e-02	8.745605976902737222e-02	-1.244345097008323908e-01	7.562837617305406823e-02	-9.783697866508622720e-02	8.425751834708301857e-02	-3.007761837960507348e-02	3.167408747048405804e-02	-2.878925501362056966e-02	2.627859691392672031e-02
2.534445642438966084e-01	-1.904270818315492164e-01	1.327295549731948854e-01	-6.287795541613100392e-02	7.644975805984310924e-02	-5.698354015203624945e-01	2.614491616584929679e-01	-1.639211204103434294e-01	1.105668446891892170e-01	-1.351192683205135192e-01	9.999999999999976685e-01	-4.385586563898108969e-01	2.336248189271084574e-01	-1.940829954741513930e-01	1.922122088003370977e-01	-4.921918544755769509e-01	2.700126644097953221e-01	-2.743377189466680854e-01	1.099721552029558486e-01	-1.028683555457187704e-01	1.467684249032744359e-01	-1.725978653806459484e-01	8.463329872352354233e-02	-8.678491616352811133e-02	8.076667765113554331e-02	-1.377839571973878408e-01	1.121231519352185318e-01	-7.525321325900431735e-02	7.423743325916591640e-02	-6.341991526035319071e-02	7.736398252829565503e-02	-1.021298378137173585e-01	1.235329539531537096e-01	-6.793974191018804787e-02	8.569704264395534843e-02	-9.630797442635678773e-02	3.146650144043067893e-02	-3.280102671493645428e-02	2.561088394316971342e-02	-2.342322548918891398e-02
-2.752769164051287465e-01	1.774211416791746654e-01	-1.436190940878070976e-01	7.310158393826447776e-02	-9.122541603789767473e-02	2.451381293328117328e-01	-2.818824471176187840e-01	1.688259536371888858e-01	-1.325183816979605966e-01	1.487452363910857223e-01	-4.385586563898108969e-01	9.999999999999986677e-01	-5.714053519359193478e-01	2.338243356710966170e-01	-2.430739548506949121e-01	2.855077831452529913e-01	-4.398608126681844976e-01	3.138279324048564578e-01	-1.340650414859491935e-01	1.197850116087124384e-01	-1.401868033710146622e-01	1.710427931558764214e-01	-9.328473962301005173e-02	9.992025804962663404e-02	-9.478538379509808542e-02	1.286910956628868341e-01	-1.175398607092052183e-01	8.107753431764760932e-02	-8.543122013811503546e-02	7.270686528604919374e-02	-7.847263197898517173e-02	1.050149274002825511e-01	-1.377739390135264419e-01	7.662053078716797583e-02	-9.778570238698011674e-02	9.681790890297527208e-02	-3.322671019787547253e-02	3.445569601236234125e-02	-2.890455635696735637e-02	2.635290286443230101e-02
2.277579917249067942e-01	-1.567930619394757585e-01	1.406451875256433115e-01	-8.287523835722372667e-02	9.943031231709735518e-02	-1.908407967583134746e-01	1.888622689501605612e-01	-1.943705992565520624e-01	1.536568768850401223e-01	-1.666356010448384883e-01	2.336248189271084574e-01	-5.714053519359193478e-01	9.999999999999991118e-01	-4.042159857013677415e-01	2.482257926037041429e-01	-2.396926038504328671e-01	2.662700811579227778e-01	-5.671370199392880007e-01	1.586124658562159118e-01	-1.383565190906228259e-01	1.173829740830656110e-01	-1.510049327133746733e-01	8.575287350567596667e-02	-1.105378117140849437e-01	1.007286392372279821e-01	-1.159973127874278226e-01	1.024791560323906614e-01	-7.595935672086498447e-02	8.534008861458591833e-02	-7.389536175525861228e-02	7.114082978225529097e-02	-9.647158192560630063e-02	1.257614985730995671e-01	-7.383964898742305383e-02	9.363310673938726736e-02	-9.022632182614369334e-02	3.076468767740640070e-02	-3.214073107445913208e-02	2.741444107778578249e-02	-2.508825389200294853e-02
-2.837848704892454443e-01	1.645681140280259858e-01	-1.560719154344377413e-01	1.685608891161930190e-01	-2.153720615852413034e-01	1.722671561245484040e-01	-1.831908880827807784e-01	1.865796859898922744e-01	-4.006255409559373315e-01	2.883583943189099164e-01	-1.940829954741513930e-01	2.338243356710966170e-01	-4.042159857013677415e-01	9.999999999999996669e-01	-5.315704636590641297e-01	1.864535232908212103e-01	-1.870607527413167825e-01	2.702795681289417162e-01	-3.048186698543319251e-01	2.230043426372519400e-01	-1.148582374281553464e-01	1.483661849816060585e-01	-1.096043429803498642e-01	1.720095686126406342e-01	-1.654980493799526331e-01	1.263383087017694584e-01	-1.138666836790902526e-01	9.741540946013726998e-02	-1.307116076534855231e-01	1.130737229740575861e-01	-8.429046993819429290e-02	1.170405286525074556e-01	-1.678119616042086648e-01	1.062722050129835394e-01	-1.370433795523042231e-01	1.113830629520600052e-01	-3.981040891802131027e-02	4.186987978584454095e-02	-3.944440824408224078e-02	3.606881291643326826e-02
2.494009643560516631e-01	-1.739083891003842808e-01	1.439953196215063846e-01	-1.368322704127652167e-01	1.602645365540521505e-01	-1.934083966872268412e-01	1.774403426417787422e-01	-1.887088777933928763e-01	2.420995337018864713e-01	-4.063410842132444967e-01	1.922122088003370977e-01	-2.430739548506949121e-01	2.482257926037041429e-01	-5.315704636590641297e-01	1.000000000000000222e+00	-2.297221777887709093e-01	2.001750952557541374e-01	-3.284132311022557871e-01	2.587172185573990424e-01	-3.647283387792394360e-01	1.437821195350273418e-01	-1.954894343060713524e-01	1.270804635484151235e-01	-2.113791931335666785e-01	1.902301229999409649e-01	-1.723760737343482119e-01	1.429698636058451822e-01	-1.201901801875599335e-01	1.461977679914318318e-01	-1.363388201589344761e-01	1.135136272648188116e-01	-1.570544177923569873e-01	1.864216476372740072e-01	-1.233858927415232842e-01	1.507266006047158213e-01	-1.593058959896329063e-01	5.270370429925748390e-02	-5.696397939760559220e-02	4.471819688174277080e-02	-4.168405463229850338e-02
-2.748302476234641412e-01	1.554251481216943065e-01	-1.205671834478755644e-01	6.284967363768735604e-02	-7.864750860603608729e-02	2.352457288718710904e-01	-2.176854131381942559e-01	1.398625067032901459e-01	-1.106059956823616935e-01	1.338244767537387914e-01	-4.921918544755769509e-01	2.855077831452529913e-01	-2.396926038504328671e-01	1.864535232908212103e-01	-2.297221777887709093e-01	9.999999999999992228e-01	-6.092183798924732940e-01	2.725735431288304200e-01	-1.247636040607618402e-01	1.143825536223336548e-01	-2.798678416363379329e-01	2.368450415945033971e-01	-1.131986213204915492e-01	1.003115824530709521e-01	-9.613894820539656272e-02	1.853073348437574708e-01	-1.600681800418826128e-01	9.700719988286390927e-02	-9.261883067162934857e-02	7.770825897541154548e-02	-1.027818992941944287e-01	1.311612006871364089e-01	-1.650067846521829917e-01	8.659666914550928629e-02	-1.102265336358916464e-01	1.187424387156487959e-01	-3.989358087457404306e-02	4.088144839020988602e-02	-3.281112354294149491e-02	2.985120047783496045e-02
2.099324065956477969e-01	-1.314691529885811672e-01	1.033362379091489758e-01	-5.711597892925440734e-02	7.071395322517803894e-02	-1.914772767433460809e-01	1.721629957076685480e-01	-1.250718280754015976e-01	1.016404508460501538e-01	-1.214282943273350401e-01	2.700126644097953221e-01	-4.398608126681844976e-01	2.662700811579227778e-01	-1.870607527413167825e-01	2.001750952557541374e-01	-6.092183798924732940e-01	9.999999999999986677e-01	-4.733748001364409541e-01	1.249044930916030499e-01	-1.122044238122786308e-01	1.956790207554737759e-01	-2.950113846618551139e-01	1.031742469942800305e-01	-9.621222265795295603e-02	8.925713751523640938e-02	-1.637372777581144467e-01	1.445986098259489372e-01	-8.959020924151726850e-02	8.326308781231625544e-02	-7.055448663548198607e-02	9.014180171594995961e-02	-1.201236143919564986e-01	1.435889519858538910e-01	-7.694125089255787753e-02	9.697036871579250983e-02	-1.068161232340667233e-01	3.504494111128824557e-02	-3.611266429632124797e-02	2.874126984091285308e-02	-2.622688038738388294e-02
-2.968578898199252802e-01	1.654925782687029223e-01	-1.428979963651773599e-01	8.429689927705075192e-02	-1.067936427991477560e-01	1.991338168492590988e-01	-2.083929974452244094e-01	1.676003962333243724e-01	-1.525064050797818316e-01	1.734079193940726848e-01	-2.743377189466680854e-01	3.138279324048564578e-01	-5.671370199392880007e-01	2.702795681289417162e-01	-3.284132311022557871e-01	2.725735431288304200e-01	-4.733748001364409541e-01	9.999999999999985567e-01	-2.377116505918749345e-01	1.771736521869425596e-01	-1.543466035901323863e-01	1.900689789492326365e-01	-1.174074989631420374e-01	1.445552836351667869e-01	-1.359406279433049425e-01	1.456411832837439524e-01	-1.370915678351170564e-01	1.011446506130941891e-01	-1.159036121148213083e-01	9.890691549437334584e-02	-9.230673463554371627e-02	1.249901831339234465e-01	-1.725472897314263843e-01	9.982610585700389672e-02	-1.280021321218170471e-01	1.148289773499070188e-01	-4.041970909522014932e-02	4.192932852252537201e-02	-3.724349598453173538e-02	3.395471152988931152e-02
1.421821850097032269e-01	-8.710481190834019893e-02	7.418286760189206352e-02	-6.449257103176279926e-02	7.798533536979580794e-02	-9.869749641359440440e-02	9.599422154196889101e-02	-9.250862094011436110e-02	1.186321634362539484e-01	-1.473883292429450653e-01	1.099721552029558486e-01	-1.340650414859491935e-01	1.586124658562159118e-01	-3.048186698543319251e-01	2.587172185573990424e-01	-1.247636040607618402e-01	1.249044930916030499e-01	-2.377116505918749345e-01	9.999999999999988898e-01	-6.937701569806451474e-01	8.481628633692055164e-02	-1.155907403340563772e-01	1.057831285660448956e-01	-4.752458120845267642e-01	2.859234090081700930e-01	-9.981256491514629847e-02	8.861706330949832566e-02	-9.880776776507735337e-02	1.764150082331678304e-01	-1.681379475780436783e-01	6.810007068924632534e-02	-9.856798223223382782e-02	1.395078698284991925e-01	-1.217157230479115892e-01	1.459731286288351304e-01	-9.321506940991466927e-02	3.290037817552052962e-02	-3.522109330111232450e-02	3.822033756174471331e-02	-3.580413282709237616e-02
-1.402402718868419607e-01	8.373044588483678774e-02	-7.077769305886372209e-02	6.039035953040196303e-02	-7.516020663355789388e-02	9.357670255207818644e-02	-9.137453982818270759e-02	8.738256860751761335e-02	-1.101324147293065298e-01	1.399045613151446710e-01	-1.028683555457187704e-01	1.197850116087124384e-01	-1.383565190906228259e-01	2.230043426372519400e-01	-3.647283387792394360e-01	1.143825536223336548e-01	-1.122044238122786308e-01	1.771736521869425596e-01	-6.937701569806451474e-01	9.999999999999981126e-01	-8.196024659116579736e-02	1.112447724874498223e-01	-1.032874961395817137e-01	3.026916653564125093e-01	-4.538426978537769552e-01	9.819863110886825619e-02	-8.817643389259195719e-02	9.478319204367947892e-02	-2.000384488330608501e-01	1.865074601338913840e-01	-6.833704611584830169e-02	9.934560538174593003e-02	-1.491767574487940784e-01	1.306458859021320806e-01	-1.710947144488570160e-01	9.364322864259531920e-02	-3.399200883678732410e-02	3.627697029481710689e-02	-4.330764963235029380e-02	4.015881084126061984e-02
1.399416862946498141e-01	-8.070608473293830465e-02	6.262312669791049446e-02	-3.704035326382304483e-02	4.601830393135775826e-02	-1.092856101188957735e-01	9.891984941743466042e-02	-7.532458543732607759e-02	6.486265586319654719e-02	-8.308755406511651731e-02	1.467684249032744359e-01	-1.401868033710146622e-01	1.173829740830656110e-01	-1.148582374281553464e-01	1.437821195350273418e-01	-2.798678416363379329e-01	1.956790207554737759e-01	-1.543466035901323863e-01	8.481628633692055164e-02	-8.196024659116579736e-02	9.999999999999995559e-01	-6.106448158111230651e-01	1.399280075390313405e-01	-8.255405877800317538e-02	7.863075469138565421e-02	-6.238807375881371131e-01	2.646645562209814506e-01	-1.239106226217963902e-01	8.717319842304797894e-02	-7.156414746635103574e-02	1.742585854551227109e-01	-2.008328189379961493e-01	1.882013270735526655e-01	-8.966663675456548743e-02	1.104921909639470651e-01	-1.864889777306039942e-01	5.077481994277643906e-02	-5.164103829481356267e-02	3.370398330881334281e-02	-3.077409721867282663e-02
-1.827720002341066963e-01	1.017813060364569783e-01	-7.998910804962745813e-02	4.833864260422549020e-02	-6.035073160768783529e-02	1.297050473748909971e-01	-1.239533077367824115e-01	9.549506444438854436e-02	-8.461636611139337905e-02	1.085028173621509912e-01	-1.725978653806459484e-01	1.710427931558764214e-01	-1.510049327133746733e-01	1.483661849816060585e-01	-1.954894343060713524e-01	2.368450415945033971e-01	-2.950113846618551139e-01	1.900689789492326365e-01	-1.155907403340563772e-01	1.112447724874498223e-01	-6.106448158111230651e-01	9.999999999999984457e-01	-2.406395049612174430e-01	1.154827424537279157e-01	-1.111211393553310639e-01	3.154145178051315224e-01	-4.325515188159440028e-01	1.792511469865953333e-01	-1.257264519928787128e-01	1.019768927108370415e-01	-1.818888069260758689e-01	2.406519877314271527e-01	-2.781338508940847110e-01	1.288148872491495789e-01	-1.612870379251797326e-01	1.850080043027544086e-01	-6.211979152746725796e-02	6.198418999925381367e-02	-4.779029278582090645e-02	4.330406390106258940e-02
1.019733999332100849e-01	-6.116039029582748254e-02	4.811372485759898149e-02	-3.311399904353561074e-02	4.067939760534288601e-02	-7.441141224785448316e-02	6.840405536135601983e-02	-5.966527025113816524e-02	5.808168854304819606e-02	-7.890253782608244726e-02	8.463329872352354233e-02	-9.328473962301005173e-02	8.575287350567596667e-02	-1.096043429803498642e-01	1.270804635484151235e-01	-1.131986213204915492e-01	1.031742469942800305e-01	-1.174074989631420374e-01	1.057831285660448956e-01	-1.032874961395817137e-01	1.399280075390313405e-01	-2.406395049612174430e-01	9.999999999999997780e-01	-1.592914351641469273e-01	1.175188617520437767e-01	-1.706822652200785384e-01	1.660647417238949319e-01	-8.706538880578810202e-01	1.174905786286149084e-01	-9.993330003227510194e-02	1.133590071191986209e-01	-1.771695992526974572e-01	2.339439615913984638e-01	-1.227151325765551138e-01	1.285410112607246191e-01	-1.534768753976852307e-01	4.799068582909094688e-02	-5.201675759889945461e-02	3.740896282847688131e-02	-3.530702895851776241e-02
-1.161927761289191369e-01	6.918133421014854845e-02	-5.755050908980492014e-02	4.693788485399565114e-02	-5.823865171122410284e-02	7.861270336241170387e-02	-7.578585442319060728e-02	7.110245359214960315e-02	-8.491941958111083599e-02	1.081783271846375322e-01	-8.678491616352811133e-02	9.992025804962663404e-02	-1.105378117140849437e-01	1.720095686126406342e-01	-2.113791931335666785e-01	1.003115824530709521e-01	-9.621222265795295603e-02	1.445552836351667869e-01	-4.752458120845267642e-01	3.026916653564125093e-01	-8.255405877800317538e-02	1.154827424537279157e-01	-1.592914351641469273e-01	9.999999999999980016e-01	-6.452349935023270477e-01	1.028936478157465029e-01	-9.436906515583466659e-02	1.322610664145129622e-01	-3.733503893065394652e-01	2.682972067470373867e-01	-7.368878353010321902e-02	1.108734277924133815e-01	-1.787371168718009107e-01	1.838383724513297790e-01	-2.278999919105222371e-01	1.017153229370749562e-01	-3.747093343289650130e-02	4.016254953462525257e-02	-5.376325532167505750e-02	5.018179220503019705e-02
1.059035992718829061e-01	-6.513951802628394072e-02	5.371011465098584486e-02	-4.414161956956232091e-02	5.391659350835698028e-02	-7.451852983008928899e-02	7.055478677561982659e-02	-6.725785093276902271e-02	7.902297229351586128e-02	-1.064469393484107074e-01	8.076667765113554331e-02	-9.478538379509808542e-02	1.007286392372279821e-01	-1.654980493799526331e-01	1.902301229999409649e-01	-9.613894820539656272e-02	8.925713751523640938e-02	-1.359406279433049425e-01	2.859234090081700930e-01	-4.538426978537769552e-01	7.863075469138565421e-02	-1.111211393553310639e-01	1.175188617520437767e-01	-6.452349935023270477e-01	1.000000000000001332e+00	-1.007504266557619349e-01	8.914377704761083931e-02	-1.148901789044471516e-01	2.716854554504624653e-01	-4.407949755585405249e-01	7.177263519208736120e-02	-1.080792418943095495e-01	1.565134585584309623e-01	-1.788654785206838516e-01	2.108601926536091686e-01	-1.014049416063191045e-01	3.632190346919732249e-02	-3.939878503168678381e-02	4.996386549648806907e-02	-4.817463130934142301e-02
-1.562715660169149701e-01	8.548320510413566498e-02	-6.681464617348978341e-02	4.131049720141333204e-02	-5.153936269249251995e-02	1.065891100599801189e-01	-1.013910663887794689e-01	8.003934317650492070e-02	-7.203918813826683254e-02	9.413610753732101766e-02	-1.377839571973878408e-01	1.286910956628868341e-01	-1.159973127874278226e-01	1.263383087017694584e-01	-1.723760737343482119e-01	1.853073348437574708e-01	-1.637372777581144467e-01	1.456411832837439524e-01	-9.981256491514629847e-02	9.819863110886825619e-02	-6.238807375881371131e-01	3.154145178051315224e-01	-1.706822652200785384e-01	1.028936478157465029e-01	-1.007504266557619349e-01	9.999999999999957812e-01	-4.670475569306948849e-01	1.441895891201263047e-01	-1.192218975374757933e-01	9.609586134068737184e-02	-3.205658199624047411e-01	2.664915927854190070e-01	-2.756198674374256696e-01	1.248402600119164624e-01	-1.566798860483442635e-01	2.364938364755282962e-01	-7.023079645871960208e-02	6.875132297575796414e-02	-4.737233762630248257e-02	4.290916225701912889e-02
1.274035716089567671e-01	-7.345855320897501373e-02	5.724750930537082089e-02	-3.619060665961052609e-02	4.480706662622983144e-02	-9.255488173669222662e-02	8.533535808517456189e-02	-6.977491381586807540e-02	6.320781731773356116e-02	-8.368609870996121525e-02	1.121231519352185318e-01	-1.175398607092052183e-01	1.024791560323906614e-01	-1.138666836790902526e-01	1.429698636058451822e-01	-1.600681800418826128e-01	1.445986098259489372e-01	-1.370915678351170564e-01	8.861706330949832566e-02	-8.817643389259195719e-02	2.646645562209814506e-01	-4.325515188159440028e-01	1.660647417238949319e-01	-9.436906515583466659e-02	8.914377704761083931e-02	-4.670475569306948849e-01	9.999999999999971134e-01	-1.715999930918100103e-01	1.054737832455575897e-01	-8.678580190806062244e-02	2.456342965577913151e-01	-6.242449549809686582e-01	2.552723901719939903e-01	-1.182897412402517251e-01	1.354644181387840429e-01	-2.645951598819338835e-01	7.089209374195859503e-02	-7.271859056366815344e-02	4.184587904209406684e-02	-3.863494068487124955e-02
-9.390909099020348927e-02	5.482444366834775956e-02	-4.326742132245887246e-02	2.982461980520749109e-02	-3.681239203220619538e-02	6.581048267707545474e-02	-6.138596252667140318e-02	5.329973704775521626e-02	-5.230547909547478280e-02	7.059669690489039917e-02	-7.525321325900431735e-02	8.107753431764760932e-02	-7.595935672086498447e-02	9.741540946013726998e-02	-1.201901801875599335e-01	9.700719988286390927e-02	-8.959020924151726850e-02	1.011446506130941891e-01	-9.880776776507735337e-02	9.478319204367947892e-02	-1.239106226217963902e-01	1.792511469865953333e-01	-8.706538880578810202e-01	1.322610664145129622e-01	-1.148901789044471516e-01	1.441895891201263047e-01	-1.715999930918100103e-01	1.000000000000000888e+00	-1.260298597815121269e-01	1.012884377107195338e-01	-1.027707079888103836e-01	1.633721198446377587e-01	-3.295679295620408400e-01	1.337189516678244927e-01	-1.442454883048009118e-01	1.312414801894760674e-01	-4.458943893323990409e-02	4.736663565116249613e-02	-3.951599792040461079e-02	3.678178430202899696e-02
9.533291804385847501e-02	-5.869898599197400507e-02	4.734037516680845298e-02	-3.664248908186585468e-02	4.474527502823413827e-02	-6.848501752001893983e-02	6.363741324401631094e-02	-5.937541158876336045e-02	6.493345052406611362e-02	-8.908773672415545852e-02	7.423743325916591640e-02	-8.543122013811503546e-02	8.534008861458591833e-02	-1.307116076534855231e-01	1.461977679914318318e-01	-9.261883067162934857e-02	8.326308781231625544e-02	-1.159036121148213083e-01	1.764150082331678304e-01	-2.000384488330608501e-01	8.717319842304797894e-02	-1.257264519928787128e-01	1.174905786286149084e-01	-3.733503893065394652e-01	2.716854554504624653e-01	-1.192218975374757933e-01	1.054737832455575897e-01	-1.260298597815121269e-01	9.999999999999983347e-01	-6.544848728828448481e-01	8.851517185188141623e-02	-1.411888106331299075e-01	2.170360978750354441e-01	-4.717465855533452546e-01	3.107976742379793267e-01	-1.275287240655910426e-01	4.535942853373518824e-02	-4.978549827146405704e-02	6.700192258054545047e-02	-6.591967840184106975e-02
-8.292686567978928280e-02	5.045888555419024424e-02	-4.091725596521526842e-02	3.197307627503095939e-02	-3.924022361698709105e-02	5.840828423275534753e-02	-5.473578761958818040e-02	5.111566238948620639e-02	-5.679661729736700665e-02	7.701947411377359221e-02	-6.341991526035319071e-02	7.270686528604919374e-02	-7.389536175525861228e-02	1.130737229740575861e-01	-1.363388201589344761e-01	7.770825897541154548e-02	-7.055448663548198607e-02	9.890691549437334584e-02	-1.681379475780436783e-01	1.865074601338913840e-01	-7.156414746635103574e-02	1.019768927108370415e-01	-9.993330003227510194e-02	2.682972067470373867e-01	-4.407949755585405249e-01	9.609586134068737184e-02	-8.678580190806062244e-02	1.012884377107195338e-01	-6.544848728828448481e-01	9.999999999999986677e-01	-7.173410175813793588e-02	1.122986257881565669e-01	-1.909825592098630676e-01	2.794928274737449314e-01	-4.749646945183769176e-01	1.016780379539049400e-01	-3.936353396851662717e-02	4.251970292796391354e-02	-7.762115909866354468e-02	7.366622988658141913e-02
9.688009263024355278e-02	-5.379258384110949948e-02	4.198943363794459954e-02	-2.709293814883526746e-02	3.365617038904224895e-02	-6.529208787094700761e-02	6.129253621248023642e-02	-5.098833660718506827e-02	4.719662328715114319e-02	-6.306492147288821071e-02	7.736398252829565503e-02	-7.847263197898517173e-02	7.114082978225529097e-02	-8.429046993819429290e-02	1.135136272648188116e-01	-1.027818992941944287e-01	9.014180171594995961e-02	-9.230673463554371627e-02	6.810007068924632534e-02	-6.833704611584830169e-02	1.742585854551227109e-01	-1.818888069260758689e-01	1.133590071191986209e-01	-7.368878353010321902e-02	7.177263519208736120e-02	-3.205658199624047411e-01	2.456342965577913151e-01	-1.027707079888103836e-01	8.851517185188141623e-02	-7.173410175813793588e-02	9.999999999999976685e-01	-4.188618499009320040e-01	2.183532849096985473e-01	-9.804830265220110252e-02	1.175954549168934243e-01	-7.788533182399183241e-01	9.742819242016244330e-02	-9.835011721097758342e-02	3.949862770630878372e-02	-3.650896619327835546e-02
-1.305306856755867884e-01	7.264549551596448385e-02	-5.691215652812316173e-02	3.738622739318948202e-02	-4.642487306365841726e-02	8.715059964582781704e-02	-8.220917800074442616e-02	6.923661510711448530e-02	-6.517264394485812462e-02	8.745605976902737222e-02	-1.021298378137173585e-01	1.050149274002825511e-01	-9.647158192560630063e-02	1.170405286525074556e-01	-1.570544177923569873e-01	1.311612006871364089e-01	-1.201236143919564986e-01	1.249901831339234465e-01	-9.856798223223382782e-02	9.934560538174593003e-02	-2.008328189379961493e-01	2.406519877314271527e-01	-1.771695992526974572e-01	1.108734277924133815e-01	-1.080792418943095495e-01	2.664915927854190070e-01	-6.242449549809686582e-01	1.633721198446377587e-01	-1.411888106331299075e-01	1.122986257881565669e-01	-4.188618499009320040e-01	9.999999999999981126e-01	-4.420616692540440540e-01	1.634820471457164859e-01	-1.895577204160798779e-01	2.774946701382332570e-01	-9.024667915851621036e-02	8.656299201646253105e-02	-5.562665077085447024e-02	5.081206063918694560e-02
1.514623041362873068e-01	-9.308001514414299127e-02	7.282317234858641519e-02	-5.088205300401716508e-02	6.216049487410672814e-02	-1.123427535519540416e-01	1.019330915110506636e-01	-9.128738621778462181e-02	8.893036650326385795e-02	-1.244345097008323908e-01	1.235329539531537096e-01	-1.377739390135264419e-01	1.257614985730995671e-01	-1.678119616042086648e-01	1.864216476372740072e-01	-1.650067846521829917e-01	1.435889519858538910e-01	-1.725472897314263843e-01	1.395078698284991925e-01	-1.491767574487940784e-01	1.882013270735526655e-01	-2.781338508940847110e-01	2.339439615913984638e-01	-1.787371168718009107e-01	1.565134585584309623e-01	-2.756198674374256696e-01	2.552723901719939903e-01	-3.295679295620408400e-01	2.170360978750354441e-01	-1.909825592098630676e-01	2.183532849096985473e-01	-4.420616692540440540e-01	9.999999999999985567e-01	-4.494292685373075802e-01	2.662661223096608465e-01	-3.110906017164417614e-01	9.872511443445523838e-02	-1.115465501319515274e-01	7.564056747203695696e-02	-7.456181206360787406e-02
-8.673382557158308692e-02	5.281633892251862139e-02	-4.204935105667882006e-02	3.111893078068572738e-02	-3.810782827716202581e-02	6.226639658087924217e-02	-5.748522787978555676e-02	5.260075041711641253e-02	-5.480570855252042684e-02	7.562837617305406823e-02	-6.793974191018804787e-02	7.662053078716797583e-02	-7.383964898742305383e-02	1.062722050129835394e-01	-1.233858927415232842e-01	8.659666914550928629e-02	-7.694125089255787753e-02	9.982610585700389672e-02	-1.217157230479115892e-01	1.306458859021320806e-01	-8.966663675456548743e-02	1.288148872491495789e-01	-1.227151325765551138e-01	1.838383724513297790e-01	-1.788654785206838516e-01	1.248402600119164624e-01	-1.182897412402517251e-01	1.337189516678244927e-01	-4.717465855533452546e-01	2.794928274737449314e-01	-9.804830265220110252e-02	1.634820471457164859e-01	-4.494292685373075802e-01	9.999999999999981126e-01	-6.515750379699077888e-01	1.362659069391110034e-01	-5.233983348255198675e-02	5.670033176895174221e-02	-9.938346842693344951e-02	9.351791034484346898e-02
1.081443483838513270e-01	-6.712773355955628518e-02	5.334363071321355371e-02	-3.975823871281058963e-02	4.845839931604800643e-02	-7.930957112272246645e-02	7.265286968990708472e-02	-6.712903878278599079e-02	6.995020630587076016e-02	-9.783697866508622720e-02	8.569704264395534843e-02	-9.778570238698011674e-02	9.363310673938726736e-02	-1.370433795523042231e-01	1.507266006047158213e-01	-1.102265336358916464e-01	9.697036871579250983e-02	-1.280021321218170471e-01	1.459731286288351304e-01	-1.710947144488570160e-01	1.104921909639470651e-01	-1.612870379251797326e-01	1.285410112607246191e-01	-2.278999919105222371e-01	2.108601926536091686e-01	-1.566798860483442635e-01	1.354644181387840429e-01	-1.442454883048009118e-01	3.107976742379793267e-01	-4.749646945183769176e-01	1.175954549168934243e-01	-1.895577204160798779e-01	2.662661223096608465e-01	-6.515750379699077888e-01	9.999999999999981126e-01	-1.731007553783382447e-01	6.473892072075264348e-02	-7.177651470642225362e-02	1.316444341025055920e-01	-1.555489708796474746e-01
-1.310202927570977283e-01	7.043112669974381512e-02	-5.513777281405068953e-02	3.612515050068938055e-02	-4.502721342585622871e-02	8.278714761680730505e-02	-7.913546836442847399e-02	6.668166892233316767e-02	-6.282558609547642114e-02	8.425751834708301857e-02	-9.630797442635678773e-02	9.681790890297527208e-02	-9.022632182614369334e-02	1.113830629520600052e-01	-1.593058959896329063e-01	1.187424387156487959e-01	-1.068161232340667233e-01	1.148289773499070188e-01	-9.321506940991466927e-02	9.364322864259531920e-02	-1.864889777306039942e-01	1.850080043027544086e-01	-1.534768753976852307e-01	1.017153229370749562e-01	-1.014049416063191045e-01	2.364938364755282962e-01	-2.645951598819338835e-01	1.312414801894760674e-01	-1.275287240655910426e-01	1.016780379539049400e-01	-7.788533182399183241e-01	2.774946701382332570e-01	-3.110906017164417614e-01	1.362659069391110034e-01	-1.731007553783382447e-01	9.999999999999981126e-01	-1.522154980744135633e-01	1.274054637695359316e-01	-5.718160287096515915e-02	5.195322194977514130e-02
4.239289478447012122e-02	-2.384976969168229460e-02	1.864938492999284811e-02	-1.260248417927566610e-02	1.558506446914420529e-02	-2.810899529632727642e-02	2.631148311068070081e-02	-2.289873976406751888e-02	2.194296896062408395e-02	-3.007761837960507348e-02	3.146650144043067893e-02	-3.322671019787547253e-02	3.076468767740640070e-02	-3.981040891802131027e-02	5.270370429925748390e-02	-3.989358087457404306e-02	3.504494111128824557e-02	-4.041970909522014932e-02	3.290037817552052962e-02	-3.399200883678732410e-02	5.077481994277643906e-02	-6.211979152746725796e-02	4.799068582909094688e-02	-3.747093343289650130e-02	3.632190346919732249e-02	-7.023079645871960208e-02	7.089209374195859503e-02	-4.458943893323990409e-02	4.535942853373518824e-02	-3.936353396851662717e-02	9.742819242016244330e-02	-9.024667915851621036e-02	9.872511443445523838e-02	-5.233983348255198675e-02	6.473892072075264348e-02	-1.522154980744135633e-01	9.999999999999981126e-01	-9.655445187882113478e-01	8.114126517527267546e-02	-8.213338416824583765e-02
-4.521641105632387414e-02	2.510433475199035785e-02	-1.965257776294714390e-02	1.330272657712691653e-02	-1.647937172175379522e-02	2.934948603240899317e-02	-2.764655141605308619e-02	2.406770399930961701e-02	-2.315554416563328846e-02	3.167408747048405804e-02	-3.280102671493645428e-02	3.445569601236234125e-02	-3.214073107445913208e-02	4.186987978584454095e-02	-5.696397939760559220e-02	4.088144839020988602e-02	-3.611266429632124797e-02	4.192932852252537201e-02	-3.522109330111232450e-02	3.627697029481710689e-02	-5.164103829481356267e-02	6.198418999925381367e-02	-5.201675759889945461e-02	4.016254953462525257e-02	-3.939878503168678381e-02	6.875132297575796414e-02	-7.271859056366815344e-02	4.736663565116249613e-02	-4.978549827146405704e-02	4.251970292796391354e-02	-9.835011721097758342e-02	8.656299201646253105e-02	-1.115465501319515274e-01	5.670033176895174221e-02	-7.177651470642225362e-02	1.274054637695359316e-01	-9.655445187882113478e-01	9.999999999999978906e-01	-9.375105449113962930e-02	8.155452551558944885e-02
3.295035037866446415e-02	-2.015018104147067030e-02	1.593542475609002404e-02	-1.168565792009026126e-02	1.426655046515389394e-02	-2.373801082967283427e-02	2.177840024601980506e-02	-2.000706443697870818e-02	2.049282631498184140e-02	-2.878925501362056966e-02	2.561088394316971342e-02	-2.890455635696735637e-02	2.741444107778578249e-02	-3.944440824408224078e-02	4.471819688174277080e-02	-3.281112354294149491e-02	2.874126984091285308e-02	-3.724349598453173538e-02	3.822033756174471331e-02	-4.330764963235029380e-02	3.370398330881334281e-02	-4.779029278582090645e-02	3.740896282847688131e-02	-5.376325532167505750e-02	4.996386549648806907e-02	-4.737233762630248257e-02	4.184587904209406684e-02	-3.951599792040461079e-02	6.700192258054545047e-02	-7.762115909866354468e-02	3.949862770630878372e-02	-5.562665077085447024e-02	7.564056747203695696e-02	-9.938346842693344951e-02	1.316444341025055920e-01	-5.718160287096515915e-02	8.114126517527267546e-02	-9.375105449113962930e-02	9.999999999999977796e-01	-9.698909668633399761e-01
