1.000000000000000000e+00	-8.000715902950801262e-01	1.643789813815907941e-01	-1.007321085371575831e-01	8.563587209414696977e-02	-4.698876590961033606e-01	2.787454148533530240e-01	-8.093645050247998129e-02	6.662796379554901394e-02	-7.084227457839469000e-02	1.318097434153441827e-01	-1.207646166922206332e-01	7.726822097037988613e-02	-6.236801821332626367e-02	3.485455778730027487e-02	-3.744397682224784307e-02	4.931891398807839583e-02	-5.904673561255528724e-02	4.772442705111978184e-02	-3.139437574006764820e-02	3.410261468546262054e-02	-4.214792492779254746e-02	5.085128281641688314e-02	-6.131958824416351012e-02	4.404443358785881113e-02	-4.087834846796392640e-02	4.470777042322202077e-02	-4.402880055745803795e-02	4.716947475719797389e-02	-4.431524738255893103e-02	4.457324307332156954e-02	-3.968809502687589003e-02	4.112620019799619053e-02	-3.348962997814412118e-02	2.647307568567365543e-02	-1.104636186261639813e-01	4.484478788086265072e-02	-6.481927878129212228e-02	3.345918063910329615e-02	-3.307782100182565105e-02
-8.000715902950801262e-01	1.000000000000000000e+00	-2.585635082325483114e-01	1.194836482952862100e-01	-1.067847523148350714e-01	2.881693993213701455e-01	-3.935723080508083949e-01	9.847995622079504241e-02	-8.099344592813589871e-02	8.307137539267844817e-02	-1.571665885771518223e-01	1.333148274822148482e-01	-9.635185714476446339e-02	7.075911576353872967e-02	-3.968085387566097633e-02	4.205462430611645736e-02	-5.561628337667304245e-02	6.573900811228862440e-02	-5.462654456877560905e-02	3.547848461891317529e-02	-3.874753996999071026e-02	4.695178110089789220e-02	-5.736804156352280637e-02	6.815630001175018715e-02	-4.947556915095453756e-02	4.528876464405549168e-02	-4.984753039087977400e-02	4.863077680782369738e-02	-5.259617948047094066e-02	4.909840314407670769e-02	-4.945870399290267644e-02	4.366480723508698453e-02	-4.543445907391915894e-02	3.686120914914774171e-02	-2.920659029302877588e-02	1.193914741926935946e-01	-4.931628891817281535e-02	7.084268169518806446e-02	-3.683770859122369179e-02	3.627970629553968485e-02
1.643789813815907941e-01	-2.585635082325483114e-01	9.999999999999997780e-01	-5.647719125956939257e-01	3.034591656532497073e-01	-1.471400785294611213e-01	1.663120261769424624e-01	-3.304861261447109011e-01	2.465278413294934579e-01	-2.691153851382200313e-01	1.079755623693984257e-01	-1.044847798459279387e-01	2.413045755224585143e-01	-2.096766577547339860e-01	1.122297075445522346e-01	-8.377553920408380150e-02	1.164367140724449218e-01	-1.838476022967398260e-01	1.533702146556911727e-01	-1.022356639506854653e-01	7.692624899922559378e-02	-1.025078885821270464e-01	1.551211974958974504e-01	-1.989778136270247411e-01	1.389271633531206918e-01	-1.130719979348203397e-01	1.229969576360284145e-01	-1.287916010853620286e-01	1.452664812152962837e-01	-1.405642056954050922e-01	1.274581196844267461e-01	-1.181913964886172480e-01	1.220743582830876028e-01	-1.043033013583798407e-01	8.213625558792697623e-02	-3.564252026850620036e-01	1.357275873844792091e-01	-2.018392728404287961e-01	1.036486239814879973e-01	-1.035078483364191837e-01
-1.007321085371575831e-01	1.194836482952862100e-01	-5.647719125956939257e-01	9.999999999999996669e-01	-6.368340230962833415e-01	8.501601238995899756e-02	-1.077423882816846284e-01	2.007096262729030078e-01	-3.691510486745322450e-01	2.781358194900079850e-01	-7.000099185330785345e-02	6.588980511158934461e-02	-1.972366709164574405e-01	1.421888567986187568e-01	-8.257939589857371532e-02	4.993914785823604791e-02	-7.164678980629884952e-02	1.142925220504633493e-01	-1.089844799361601724e-01	7.246237774290412159e-02	-4.628881130616170625e-02	6.204856581059044890e-02	-1.016629588352283287e-01	1.241407338300900137e-01	-9.136298443939958047e-02	6.670300158721363670e-02	-7.396501728894461225e-02	7.645731328779960256e-02	-9.110111960995266600e-02	8.680656179999574062e-02	-7.553452102971543181e-02	6.906607532647249248e-02	-7.239080594231027399e-02	6.209581401866618583e-02	-4.929496154632111854e-02	1.992788056367013061e-01	-7.930068849620171278e-02	1.166729604078268201e-01	-6.161103400083184356e-02	6.080506437580508738e-02
8.563587209414696977e-02	-1.067847523148350714e-01	3.034591656532497073e-01	-6.368340230962833415e-01	9.999999999999993339e-01	-8.606733957322372508e-02	1.040130908274525534e-01	-1.996592633968486685e-01	2.870775029049831284e-01	-4.622161201169026068e-01	7.639474738622886729e-02	-7.366795532033874883e-02	1.903611811884608207e-01	-1.834677957544854354e-01	1.118801958130416496e-01	-7.176601190284725984e-02	1.010127559938767128e-01	-1.617072521827469522e-01	1.374908955686694190e-01	-1.015697183594654607e-01	6.620445994164873837e-02	-8.888350606699310652e-02	1.386231871308051256e-01	-1.771574505652675213e-01	1.269950995331685928e-01	-9.934785566687062697e-02	1.084152999159709307e-01	-1.140448866592922439e-01	1.307322507269873257e-01	-1.269023391734453443e-01	1.126501176263394605e-01	-1.046512018041361181e-01	1.083240880226009895e-01	-9.311460838352753067e-02	7.340463112861121686e-02	-3.162247553718222082e-01	1.204446026043142076e-01	-1.792617983833652839e-01	9.245246270873909433e-02	-9.224297267627457053e-02
-4.698876590961033606e-01	2.881693993213701455e-01	-1.471400785294611213e-01	8.501601238995899756e-02	-8.606733957322372508e-02	9.999999999999993339e-01	-7.389325232868990678e-01	9.023373282241972659e-02	-6.828742720093648744e-02	6.901392927602931215e-02	-2.979440021534806582e-01	2.231535188173905115e-01	-9.206017591769707908e-02	6.335601497267906446e-02	-3.581559177190080795e-02	4.972908793848374032e-02	-6.378404004886066569e-02	6.152091820213191620e-02	-4.985025016976340345e-02	3.184053808672134001e-02	-4.551197669593371603e-02	5.272322953454528643e-02	-5.407979321916157878e-02	6.134569165391207807e-02	-4.521467184515837873e-02	4.615932978733523068e-02	-5.098479869637972256e-02	4.736980294102959704e-02	-4.886521155222244700e-02	4.468561008764249803e-02	-4.899505347930255966e-02	4.183907320954378950e-02	-4.364008721545151182e-02	3.393653819827197049e-02	-2.695499654603833103e-02	1.060219750190907195e-01	-4.653255375921366843e-02	6.523661238015475428e-02	-3.405013429360370658e-02	3.324735041207921987e-02
2.787454148533530240e-01	-3.935723080508083949e-01	1.663120261769424624e-01	-1.077423882816846284e-01	1.040130908274525534e-01	-7.389325232868990678e-01	9.999999999999995559e-01	-1.227639151640779608e-01	8.570187162274975345e-02	-8.929147155523561863e-02	2.489744845847893795e-01	-3.374215868854897327e-01	1.137315459550955754e-01	-8.384636776086526466e-02	4.665523466601282504e-02	-5.967991690271148841e-02	8.126263891465627942e-02	-8.170970486010219191e-02	6.490615257724315079e-02	-4.183240602020650567e-02	5.364442888118411273e-02	-6.886446824976473480e-02	7.045101533485118028e-02	-8.189022111703732343e-02	5.943272368930579280e-02	-5.983373464035796063e-02	6.580015703562287765e-02	-6.250447879749065905e-02	6.432049054943254907e-02	-5.953680390498090891e-02	6.344748695250711223e-02	-5.539688218760373956e-02	5.749262860152453553e-02	-4.534112423256519975e-02	3.589261164936744658e-02	-1.453205564262552985e-01	6.171366678943970840e-02	-8.781274232418616321e-02	4.541729644280595446e-02	-4.462136545576345092e-02
-8.093645050247998129e-02	9.847995622079504241e-02	-3.304861261447109011e-01	2.007096262729030078e-01	-1.996592633968486685e-01	9.023373282241972659e-02	-1.227639151640779608e-01	1.000000000000000000e+00	-3.586042344283270622e-01	2.320620081664764855e-01	-8.350013676316049571e-02	8.413380866476902198e-02	-7.888448475917475555e-01	1.899920292515988873e-01	-8.601646540730079060e-02	4.734692016283600924e-02	-7.136994551779529683e-02	1.199300537223483842e-01	-1.445180815367259619e-01	7.379401512446040479e-02	-4.403828937617162292e-02	6.044706900112377379e-02	-1.101981214451908941e-01	1.283032509672974719e-01	-9.485248860135418736e-02	6.094231283027599921e-02	-6.927617690834865505e-02	7.020531388499896830e-02	-8.917236005344232608e-02	8.373689114148158419e-02	-6.867999693760894198e-02	6.164669079916301753e-02	-6.594896349842274685e-02	5.686080973906251085e-02	-4.553826853648901274e-02	1.651486065716859242e-01	-7.042970924285735235e-02	1.024446823632089026e-01	-5.618690613279113399e-02	5.460296947898368725e-02
6.662796379554901394e-02	-8.099344592813589871e-02	2.465278413294934579e-01	-3.691510486745322450e-01	2.870775029049831284e-01	-6.828742720093648744e-02	8.570187162274975345e-02	-3.586042344283270622e-01	1.000000000000000888e+00	-7.431992236695137422e-01	6.166208416802537728e-02	-6.036707593534080402e-02	2.430295067087850092e-01	-2.032261524480010462e-01	1.045738848258889186e-01	-4.737206446091845463e-02	7.084801193430499688e-02	-1.245908922554758713e-01	1.365255052023343629e-01	-9.171286303814410457e-02	4.400920962279767507e-02	-6.091794075667725239e-02	1.106717498619900070e-01	-1.365812345387622806e-01	1.003053469356592203e-01	-6.344387784260613339e-02	7.154077480611303885e-02	-7.378926807726182702e-02	9.319789188545089809e-02	-9.023227648631228226e-02	7.177879639058729055e-02	-6.521039786378567127e-02	6.944241858050477501e-02	-6.050199073993416110e-02	4.823036798007496184e-02	-1.796426036707058360e-01	7.467058918492526509e-02	-1.098710515299990698e-01	5.963150453197663126e-02	-5.835775272668010383e-02
-7.084227457839469000e-02	8.307137539267844817e-02	-2.691153851382200313e-01	2.781358194900079850e-01	-4.622161201169026068e-01	6.901392927602931215e-02	-8.929147155523561863e-02	2.320620081664764855e-01	-7.431992236695137422e-01	1.000000000000001554e+00	-6.408897490707964051e-02	6.115933668826425973e-02	-2.546171777494047883e-01	1.668986527431355893e-01	-1.292366783269266184e-01	4.681739057947100630e-02	-7.062092963097614529e-02	1.185522852642548891e-01	-1.337725904603213889e-01	1.014327078795990850e-01	-4.379786448474930205e-02	6.012548399210352473e-02	-1.118008280946333061e-01	1.314418760845873502e-01	-1.050586834745562415e-01	6.243599371408292686e-02	-7.118694348655435489e-02	7.288798548964572910e-02	-9.547797290657747404e-02	9.078404521625761670e-02	-7.107639560406801837e-02	6.397000533798456734e-02	-6.873601474878555939e-02	6.003299573874609080e-02	-4.817027533410475626e-02	1.716562571820826610e-01	-7.337984604453610948e-02	1.069694008499163795e-01	-5.920033828859078140e-02	5.743843951490940070e-02
1.318097434153441827e-01	-1.571665885771518223e-01	1.079755623693984257e-01	-7.000099185330785345e-02	7.639474738622886729e-02	-2.979440021534806582e-01	2.489744845847893795e-01	-8.350013676316049571e-02	6.166208416802537728e-02	-6.408897490707964051e-02	1.000000000000000444e+00	-8.797225278077547284e-01	9.317925740452373540e-02	-6.865626465370236464e-02	3.919169104336110709e-02	-1.025314299810882041e-01	1.180885504914097883e-01	-7.745004659888053700e-02	5.524631208430189760e-02	-3.491020187142560710e-02	8.391132684451611812e-02	-9.922287574275949484e-02	6.617207240186440131e-02	-6.920353272821742896e-02	5.162000063793006910e-02	-6.979567791187760162e-02	7.619362040022917282e-02	-6.543250155948068802e-02	5.851391047254403399e-02	-5.183855028015795646e-02	6.818202173518593534e-02	-5.555975401708816708e-02	5.762656830055808144e-02	-4.080921676409862003e-02	3.237475209102649853e-02	-1.200430972973885180e-01	5.913069420018249311e-02	-7.983130752348421844e-02	4.124498747943357302e-02	-3.978470851902590755e-02
-1.207646166922206332e-01	1.333148274822148482e-01	-1.044847798459279387e-01	6.588980511158934461e-02	-7.366795532033874883e-02	2.231535188173905115e-01	-3.374215868854897327e-01	8.413380866476902198e-02	-6.036707593534080402e-02	6.115933668826425973e-02	-8.797225278077547284e-01	1.000000000000001332e+00	-1.022902015936330428e-01	6.528228234275697262e-02	-3.723331238299256579e-02	8.792022493197547417e-02	-1.361906036525205865e-01	7.347026899357976537e-02	-5.328406635794949442e-02	3.291760204074260093e-02	-8.030965522122938960e-02	9.694540116513368500e-02	-6.401123371084641023e-02	6.455118208790602830e-02	-4.872029742682166403e-02	6.541185167398722022e-02	-7.454779009679574076e-02	6.141583460740726585e-02	-5.505857943238448571e-02	4.819902648854380162e-02	-6.473835575786907048e-02	5.176634057026370528e-02	-5.427271098579289355e-02	3.772078497206448472e-02	-3.002928361634399010e-02	1.075545277632960761e-01	-5.515340896701169393e-02	7.308133191848899257e-02	-3.818376296877448728e-02	3.656384833766489206e-02
7.726822097037988613e-02	-9.635185714476446339e-02	2.413045755224585143e-01	-1.972366709164574405e-01	1.903611811884608207e-01	-9.206017591769707908e-02	1.137315459550955754e-01	-7.888448475917475555e-01	2.430295067087850092e-01	-2.546171777494047883e-01	9.317925740452373540e-02	-1.022902015936330428e-01	1.000000000000000888e+00	-2.978657245312776314e-01	1.012631865879143472e-01	-5.833968555152774238e-02	8.749618708342757345e-02	-1.573231529286388819e-01	1.758034374032328706e-01	-9.010430538662665689e-02	5.385619479934532217e-02	-7.508614653553359608e-02	1.347220788189496810e-01	-1.678940176313775956e-01	1.153043504910456762e-01	-7.587350319204649862e-02	8.544597468147753505e-02	-8.754565854278958947e-02	1.086850624933937137e-01	-1.049690682183239826e-01	8.503322524367726287e-02	-7.708514510512889939e-02	8.199210460585205917e-02	-7.097106735791620935e-02	5.648205147991875591e-02	-2.104771601730303088e-01	8.790145434189364226e-02	-1.293629701384895747e-01	6.994324056629053210e-02	-6.850430013949909691e-02
-6.236801821332626367e-02	7.075911576353872967e-02	-2.096766577547339860e-01	1.421888567986187568e-01	-1.834677957544854354e-01	6.335601497267906446e-02	-8.384636776086526466e-02	1.899920292515988873e-01	-2.032261524480010462e-01	1.668986527431355893e-01	-6.865626465370236464e-02	6.528228234275697262e-02	-2.978657245312776314e-01	1.000000000000001998e+00	-1.981095488101299595e-01	6.202400393873901824e-02	-1.133320439572698540e-01	2.447769138843621517e-01	-7.465425826100706708e-01	1.530421849328464368e-01	-5.926671492836314836e-02	9.023903785532226551e-02	-2.559981432020326242e-01	2.584899044544720637e-01	-2.020013094413361798e-01	8.250655352115378316e-02	-1.019632128575417018e-01	1.002175745699604020e-01	-1.588799229358665577e-01	1.421907273133456995e-01	-9.456458939825569676e-02	8.134886603018086360e-02	-9.320645043835454335e-02	8.347752447379977458e-02	-6.887052810863543428e-02	1.737792499031532989e-01	-9.275545635746618167e-02	1.301590075762438792e-01	-8.150780540567187371e-02	7.537678924187093954e-02
3.485455778730027487e-02	-3.968085387566097633e-02	1.122297075445522346e-01	-8.257939589857371532e-02	1.118801958130416496e-01	-3.581559177190080795e-02	4.665523466601282504e-02	-8.601646540730079060e-02	1.045738848258889186e-01	-1.292366783269266184e-01	3.919169104336110709e-02	-3.723331238299256579e-02	1.012631865879143472e-01	-1.981095488101299595e-01	1.000000000000000666e+00	-4.418324636064237948e-02	7.181348694783765141e-02	-1.413228015224988476e-01	1.541330534684503817e-01	-8.771800819754925760e-01	4.164928297104835558e-02	-6.213954027254366130e-02	1.338637142415762538e-01	-2.244287814747025489e-01	2.390719718440522390e-01	-6.211142381466142059e-02	7.424998087465231600e-02	-8.226381959832244906e-02	1.385140479296962657e-01	-1.871962762818429882e-01	7.043595825167855984e-02	-6.428235987887884195e-02	7.460722076421266724e-02	-7.634377804670335055e-02	6.024764781092916549e-02	-1.387598259028537950e-01	7.259154313960862470e-02	-1.149188964267141011e-01	7.030906062548472613e-02	-6.833274910753860121e-02
-3.744397682224784307e-02	4.205462430611645736e-02	-8.377553920408380150e-02	4.993914785823604791e-02	-7.176601190284725984e-02	4.972908793848374032e-02	-5.967991690271148841e-02	4.734692016283600924e-02	-4.737206446091845463e-02	4.681739057947100630e-02	-1.025314299810882041e-01	8.792022493197547417e-02	-5.833968555152774238e-02	6.202400393873901824e-02	-4.418324636064237948e-02	9.999999999999995559e-01	-2.280569149423393727e-01	9.201125438880222718e-02	-5.706442845666221536e-02	3.836627205881421726e-02	-8.953643398528481345e-01	1.581941534771356683e-01	-8.642546067356661477e-02	7.525393895314504145e-02	-6.353808978186481493e-02	2.111791136301584548e-01	-1.759694227048005932e-01	1.159768621127293536e-01	-8.405601254565300828e-02	6.498750916625879726e-02	-1.973310596821800378e-01	1.065097490137944941e-01	-1.072897139692515628e-01	5.678938553252184385e-02	-4.570383136614115938e-02	1.411425581396293927e-01	-1.076608233993727737e-01	1.128010781429464315e-01	-5.940358420481756108e-02	5.391227843408800957e-02
4.931891398807839583e-02	-5.561628337667304245e-02	1.164367140724449218e-01	-7.164678980629884952e-02	1.010127559938767128e-01	-6.378404004886066569e-02	8.126263891465627942e-02	-7.136994551779529683e-02	7.084801193430499688e-02	-7.062092963097614529e-02	1.180885504914097883e-01	-1.361906036525205865e-01	8.749618708342757345e-02	-1.133320439572698540e-01	7.181348694783765141e-02	-2.280569149423393727e-01	1.000000000000000222e+00	-2.506820732224888659e-01	1.089904871576781314e-01	-6.353280063911463660e-02	1.725740289138453787e-01	-7.810750845218813465e-01	1.731436766939284944e-01	-1.352045814699463222e-01	1.040369457659937047e-01	-2.124249080870519724e-01	2.683102920922532664e-01	-2.017689808228383674e-01	1.292472010813595917e-01	-1.067927509305716532e-01	1.727429884859209841e-01	-1.457302527453699093e-01	1.517099893309232783e-01	-8.885033612241848011e-02	7.005615362319986272e-02	-2.153779261871574535e-01	1.384506499564780169e-01	-1.792288057876732510e-01	9.060656687897483685e-02	-8.486018793680336070e-02
-5.904673561255528724e-02	6.573900811228862440e-02	-1.838476022967398260e-01	1.142925220504633493e-01	-1.617072521827469522e-01	6.152091820213191620e-02	-8.170970486010219191e-02	1.199300537223483842e-01	-1.245908922554758713e-01	1.185522852642548891e-01	-7.745004659888053700e-02	7.347026899357976537e-02	-1.573231529286388819e-01	2.447769138843621517e-01	-1.413228015224988476e-01	9.201125438880222718e-02	-2.506820732224888659e-01	1.000000000000000666e+00	-3.762563509072943124e-01	1.200481924768153491e-01	-8.721555323673081672e-02	1.647817856667352088e-01	-7.333273089073002460e-01	2.802824311220829534e-01	-1.970688554245294821e-01	1.145844396767483619e-01	-1.502580104496104296e-01	1.336636068180818981e-01	-1.726845511201186290e-01	1.507013823188012303e-01	-1.249695087232433749e-01	1.038713987669500488e-01	-1.196134323040502906e-01	9.458581079302465222e-02	-7.767744757642834619e-02	1.922841802549670742e-01	-1.148047925029595795e-01	1.539474196719118615e-01	-9.347842970552838748e-02	8.599063015387510556e-02
4.772442705111978184e-02	-5.462654456877560905e-02	1.533702146556911727e-01	-1.089844799361601724e-01	1.374908955686694190e-01	-4.985025016976340345e-02	6.490615257724315079e-02	-1.445180815367259619e-01	1.365255052023343629e-01	-1.337725904603213889e-01	5.524631208430189760e-02	-5.328406635794949442e-02	1.758034374032328706e-01	-7.465425826100706708e-01	1.541330534684503817e-01	-5.706442845666221536e-02	1.089904871576781314e-01	-3.762563509072943124e-01	1.000000000000000888e+00	-1.479339519807735814e-01	5.357511541914475317e-02	-8.890526174080655430e-02	2.550847159443286882e-01	-3.875011825101509211e-01	1.871629326325844056e-01	-7.531013101646687191e-02	9.223037886308921296e-02	-9.178195314275690297e-02	1.392797666996377359e-01	-1.370444604235814823e-01	8.408522839863416531e-02	-7.338666964292092643e-02	8.368149100568088306e-02	-7.526490608318320286e-02	6.113432390132651773e-02	-1.566907241669365791e-01	8.258701708185615942e-02	-1.187434336132497659e-01	7.258219802086357531e-02	-6.813160381116470377e-02
-3.139437574006764820e-02	3.547848461891317529e-02	-1.022356639506854653e-01	7.246237774290412159e-02	-1.015697183594654607e-01	3.184053808672134001e-02	-4.183240602020650567e-02	7.379401512446040479e-02	-9.171286303814410457e-02	1.014327078795990850e-01	-3.491020187142560710e-02	3.291760204074260093e-02	-9.010430538662665689e-02	1.530421849328464368e-01	-8.771800819754925760e-01	3.836627205881421726e-02	-6.353280063911463660e-02	1.200481924768153491e-01	-1.479339519807735814e-01	1.000000000000002442e+00	-3.649773909666822330e-02	5.412199628951736702e-02	-1.246691970270050465e-01	1.915124132763859344e-01	-3.390414380699091623e-01	5.400705110920459712e-02	-6.593825059201449679e-02	7.224490138237511794e-02	-1.387835398305193868e-01	1.698296320459315722e-01	-6.195425003370329253e-02	5.568678345878419478e-02	-6.600194336990317101e-02	6.835960346112550379e-02	-5.514615960190046018e-02	1.150390267044025805e-01	-6.317554693544845390e-02	9.701177503381502865e-02	-6.317682182165901272e-02	5.959569761762438522e-02
3.410261468546262054e-02	-3.874753996999071026e-02	7.692624899922559378e-02	-4.628881130616170625e-02	6.620445994164873837e-02	-4.551197669593371603e-02	5.364442888118411273e-02	-4.403828937617162292e-02	4.400920962279767507e-02	-4.379786448474930205e-02	8.391132684451611812e-02	-8.030965522122938960e-02	5.385619479934532217e-02	-5.926671492836314836e-02	4.164928297104835558e-02	-8.953643398528481345e-01	1.725740289138453787e-01	-8.721555323673081672e-02	5.357511541914475317e-02	-3.649773909666822330e-02	1.000000000000001776e+00	-1.580744949371299946e-01	7.901108075499577166e-02	-7.242746257165125212e-02	6.023124473342123669e-02	-2.870345156550128674e-01	1.633839526830992983e-01	-1.165240964705259730e-01	8.005800109385964591e-02	-6.325552641352021055e-02	1.814336717404194665e-01	-1.063442188157661672e-01	1.020740139400292540e-01	-5.600265648073530361e-02	4.461729965971828610e-02	-1.474758651667983367e-01	1.026637705872761319e-01	-1.142733440407770751e-01	5.824558947254644681e-02	-5.372087102254091695e-02
-4.214792492779254746e-02	4.695178110089789220e-02	-1.025078885821270464e-01	6.204856581059044890e-02	-8.888350606699310652e-02	5.272322953454528643e-02	-6.886446824976473480e-02	6.044706900112377379e-02	-6.091794075667725239e-02	6.012548399210352473e-02	-9.922287574275949484e-02	9.694540116513368500e-02	-7.508614653553359608e-02	9.023903785532226551e-02	-6.213954027254366130e-02	1.581941534771356683e-01	-7.810750845218813465e-01	1.647817856667352088e-01	-8.890526174080655430e-02	5.412199628951736702e-02	-1.580744949371299946e-01	9.999999999999926725e-01	-1.542180136103821764e-01	1.113796871131026572e-01	-9.080411843651151060e-02	1.955958968461859182e-01	-4.482324507030794325e-01	1.876734670383608250e-01	-1.186089661615066793e-01	9.146457366779088549e-02	-1.746892702030255762e-01	1.332231045831166472e-01	-1.520710329303292530e-01	7.698142803977604809e-02	-6.143486824348878828e-02	1.730256061457029204e-01	-1.307896878314590561e-01	1.501902768337074201e-01	-7.942437236494929997e-02	7.198536865813071062e-02
5.085128281641688314e-02	-5.736804156352280637e-02	1.551211974958974504e-01	-1.016629588352283287e-01	1.386231871308051256e-01	-5.407979321916157878e-02	7.045101533485118028e-02	-1.101981214451908941e-01	1.106717498619900070e-01	-1.118008280946333061e-01	6.617207240186440131e-02	-6.401123371084641023e-02	1.347220788189496810e-01	-2.559981432020326242e-01	1.338637142415762538e-01	-8.642546067356661477e-02	1.731436766939284944e-01	-7.333273089073002460e-01	2.550847159443286882e-01	-1.246691970270050465e-01	7.901108075499577166e-02	-1.542180136103821764e-01	9.999999999999988898e-01	-4.571365403940113037e-01	2.054224801518504395e-01	-1.120621806718524738e-01	1.368193953228803161e-01	-1.416127487923727613e-01	1.699717386088324123e-01	-1.731874293029040668e-01	1.185010241435227596e-01	-1.050307926411205711e-01	1.201030080468009215e-01	-9.971133321791336712e-02	7.959735539537199367e-02	-2.069892381218844390e-01	1.141630310298176465e-01	-1.672604442068976460e-01	9.633674259821028985e-02	-9.188073915491737353e-02
-6.131958824416351012e-02	6.815630001175018715e-02	-1.989778136270247411e-01	1.241407338300900137e-01	-1.771574505652675213e-01	6.134569165391207807e-02	-8.189022111703732343e-02	1.283032509672974719e-01	-1.365812345387622806e-01	1.314418760845873502e-01	-6.920353272821742896e-02	6.455118208790602830e-02	-1.678940176313775956e-01	2.584899044544720637e-01	-2.244287814747025489e-01	7.525393895314504145e-02	-1.352045814699463222e-01	2.802824311220829534e-01	-3.875011825101509211e-01	1.915124132763859344e-01	-7.242746257165125212e-02	1.113796871131026572e-01	-4.571365403940113037e-01	1.000000000000000444e+00	-5.265290519119204538e-01	1.041349709686716501e-01	-1.318502132503505953e-01	1.368419963576638643e-01	-2.768330708317934818e-01	2.516741057906797252e-01	-1.205976053627729472e-01	1.043944619602292651e-01	-1.259105442259217389e-01	1.239275137455116416e-01	-1.031467951445258768e-01	1.994291231038916312e-01	-1.189404678490757483e-01	1.698370499132190736e-01	-1.175840232063595781e-01	1.060175472609039410e-01
4.404443358785881113e-02	-4.947556915095453756e-02	1.389271633531206918e-01	-9.136298443939958047e-02	1.269950995331685928e-01	-4.521467184515837873e-02	5.943272368930579280e-02	-9.485248860135418736e-02	1.003053469356592203e-01	-1.050586834745562415e-01	5.162000063793006910e-02	-4.872029742682166403e-02	1.153043504910456762e-01	-2.020013094413361798e-01	2.390719718440522390e-01	-6.353808978186481493e-02	1.040369457659937047e-01	-1.970688554245294821e-01	1.871629326325844056e-01	-3.390414380699091623e-01	6.023124473342123669e-02	-9.080411843651151060e-02	2.054224801518504395e-01	-5.265290519119204538e-01	1.000000000000001110e+00	-9.166456694904645541e-02	1.121108165859573125e-01	-1.316315189037084443e-01	2.679987291960066464e-01	-5.779962447764662725e-01	1.041112731928757057e-01	-9.595621735437087629e-02	1.161536223625615483e-01	-1.326695268831176999e-01	1.026297541645100897e-01	-1.882303756473664158e-01	1.076056845267747003e-01	-1.750520241312676362e-01	1.151941931889585991e-01	-1.114907339233927042e-01
-4.087834846796392640e-02	4.528876464405549168e-02	-1.130719979348203397e-01	6.670300158721363670e-02	-9.934785566687062697e-02	4.615932978733523068e-02	-5.983373464035796063e-02	6.094231283027599921e-02	-6.344387784260613339e-02	6.243599371408292686e-02	-6.979567791187760162e-02	6.541185167398722022e-02	-7.587350319204649862e-02	8.250655352115378316e-02	-6.211142381466142059e-02	2.111791136301584548e-01	-2.124249080870519724e-01	1.145844396767483619e-01	-7.531013101646687191e-02	5.400705110920459712e-02	-2.870345156550128674e-01	1.955958968461859182e-01	-1.120621806718524738e-01	1.041349709686716501e-01	-9.166456694904645541e-02	1.000000000000000000e+00	-4.791457951955840344e-01	2.181555409487413444e-01	-1.322868905489414937e-01	9.792395083875973794e-02	-6.791858867646687337e-01	2.221651863026830598e-01	-2.046652954231817645e-01	9.053420498574395181e-02	-7.234828768172264779e-02	2.248096324364107224e-01	-2.075285993285786446e-01	1.861350988254505401e-01	-9.576439687355781105e-02	8.510497934078992133e-02
4.470777042322202077e-02	-4.984753039087977400e-02	1.229969576360284145e-01	-7.396501728894461225e-02	1.084152999159709307e-01	-5.098479869637972256e-02	6.580015703562287765e-02	-6.927617690834865505e-02	7.154077480611303885e-02	-7.118694348655435489e-02	7.619362040022917282e-02	-7.454779009679574076e-02	8.544597468147753505e-02	-1.019632128575417018e-01	7.424998087465231600e-02	-1.759694227048005932e-01	2.683102920922532664e-01	-1.502580104496104296e-01	9.223037886308921296e-02	-6.593825059201449679e-02	1.633839526830992983e-01	-4.482324507030794325e-01	1.368193953228803161e-01	-1.318502132503505953e-01	1.121108165859573125e-01	-4.791457951955840344e-01	1.000000000000000000e+00	-4.746982839155397538e-01	1.676260816709210788e-01	-1.288957135752841765e-01	2.752702184235928939e-01	-2.482344724221823840e-01	2.556313457923070076e-01	-1.172179623444882940e-01	9.070777550757236352e-02	-2.652834039504335939e-01	2.026584380967548782e-01	-2.467961510085972532e-01	1.199283590868465560e-01	-1.097359900605942434e-01
-4.402880055745803795e-02	4.863077680782369738e-02	-1.287916010853620286e-01	7.645731328779960256e-02	-1.140448866592922439e-01	4.736980294102959704e-02	-6.250447879749065905e-02	7.020531388499896830e-02	-7.378926807726182702e-02	7.288798548964572910e-02	-6.543250155948068802e-02	6.141583460740726585e-02	-8.754565854278958947e-02	1.002175745699604020e-01	-8.226381959832244906e-02	1.159768621127293536e-01	-2.017689808228383674e-01	1.336636068180818981e-01	-9.178195314275690297e-02	7.224490138237511794e-02	-1.165240964705259730e-01	1.876734670383608250e-01	-1.416127487923727613e-01	1.368419963576638643e-01	-1.316315189037084443e-01	2.181555409487413444e-01	-4.746982839155397538e-01	9.999999999999980016e-01	-2.730837547673583554e-01	1.556988472640078169e-01	-2.468816796338470232e-01	2.398689949689537804e-01	-6.588669856828951454e-01	1.441680805562998713e-01	-1.125544317478111983e-01	2.220827883334494379e-01	-2.327731267830683015e-01	2.627508098772178835e-01	-1.481115791192322839e-01	1.223796574138330262e-01
4.716947475719797389e-02	-5.259617948047094066e-02	1.452664812152962837e-01	-9.110111960995266600e-02	1.307322507269873257e-01	-4.886521155222244700e-02	6.432049054943254907e-02	-8.917236005344232608e-02	9.319789188545089809e-02	-9.547797290657747404e-02	5.851391047254403399e-02	-5.505857943238448571e-02	1.086850624933937137e-01	-1.588799229358665577e-01	1.385140479296962657e-01	-8.405601254565300828e-02	1.292472010813595917e-01	-1.726845511201186290e-01	1.392797666996377359e-01	-1.387835398305193868e-01	8.005800109385964591e-02	-1.186089661615066793e-01	1.699717386088324123e-01	-2.768330708317934818e-01	2.679987291960066464e-01	-1.322868905489414937e-01	1.676260816709210788e-01	-2.730837547673583554e-01	9.999999999999982236e-01	-6.300311171963387524e-01	1.478186305507287468e-01	-1.460063696616944462e-01	1.971692249172523337e-01	-3.606850227674180953e-01	1.992908363597095389e-01	-2.400083697334937649e-01	1.580051691118886381e-01	-2.847209859125838793e-01	2.140961437437474413e-01	-2.080211360147441180e-01
-4.431524738255893103e-02	4.909840314407670769e-02	-1.405642056954050922e-01	8.680656179999574062e-02	-1.269023391734453443e-01	4.468561008764249803e-02	-5.953680390498090891e-02	8.373689114148158419e-02	-9.023227648631228226e-02	9.078404521625761670e-02	-5.183855028015795646e-02	4.819902648854380162e-02	-1.049690682183239826e-01	1.421907273133456995e-01	-1.871962762818429882e-01	6.498750916625879726e-02	-1.067927509305716532e-01	1.507013823188012303e-01	-1.370444604235814823e-01	1.698296320459315722e-01	-6.325552641352021055e-02	9.146457366779088549e-02	-1.731874293029040668e-01	2.516741057906797252e-01	-5.779962447764662725e-01	9.792395083875973794e-02	-1.288957135752841765e-01	1.556988472640078169e-01	-6.300311171963387524e-01	9.999999999999998890e-01	-1.154858289249882652e-01	1.042625035878012446e-01	-1.399790542992469800e-01	1.794492531108837496e-01	-1.502140890821073715e-01	1.743579005311946262e-01	-1.183761137874329572e-01	1.803179511753266739e-01	-1.535169984303079715e-01	1.341612198777660525e-01
4.457324307332156954e-02	-4.945870399290267644e-02	1.274581196844267461e-01	-7.553452102971543181e-02	1.126501176263394605e-01	-4.899505347930255966e-02	6.344748695250711223e-02	-6.867999693760894198e-02	7.177879639058729055e-02	-7.107639560406801837e-02	6.818202173518593534e-02	-6.473835575786907048e-02	8.503322524367726287e-02	-9.456458939825569676e-02	7.043595825167855984e-02	-1.973310596821800378e-01	1.727429884859209841e-01	-1.249695087232433749e-01	8.408522839863416531e-02	-6.195425003370329253e-02	1.814336717404194665e-01	-1.746892702030255762e-01	1.185010241435227596e-01	-1.205976053627729472e-01	1.041112731928757057e-01	-6.791858867646687337e-01	2.752702184235928939e-01	-2.468816796338470232e-01	1.478186305507287468e-01	-1.154858289249882652e-01	9.999999999999996669e-01	-3.935125247635152812e-01	2.191688442422964622e-01	-1.108649249545583665e-01	8.697453092462491264e-02	-3.510876450036357621e-01	2.527854706887882608e-01	-2.462019782965274295e-01	1.165533367206142146e-01	-1.071944079225673890e-01
-3.968809502687589003e-02	4.366480723508698453e-02	-1.181913964886172480e-01	6.906607532647249248e-02	-1.046512018041361181e-01	4.183907320954378950e-02	-5.539688218760373956e-02	6.164669079916301753e-02	-6.521039786378567127e-02	6.397000533798456734e-02	-5.555975401708816708e-02	5.176634057026370528e-02	-7.708514510512889939e-02	8.134886603018086360e-02	-6.428235987887884195e-02	1.065097490137944941e-01	-1.457302527453699093e-01	1.038713987669500488e-01	-7.338666964292092643e-02	5.568678345878419478e-02	-1.063442188157661672e-01	1.332231045831166472e-01	-1.050307926411205711e-01	1.043944619602292651e-01	-9.595621735437087629e-02	2.221651863026830598e-01	-2.482344724221823840e-01	2.398689949689537804e-01	-1.460063696616944462e-01	1.042625035878012446e-01	-3.935125247635152812e-01	9.999999999999985567e-01	-4.032037868092370192e-01	1.097293933990250575e-01	-8.720299889378452241e-02	2.582413435716054417e-01	-7.022110326628581145e-01	2.555413756166299843e-01	-1.224069202866163580e-01	1.024953353338726031e-01
4.112620019799619053e-02	-4.543445907391915894e-02	1.220743582830876028e-01	-7.239080594231027399e-02	1.083240880226009895e-01	-4.364008721545151182e-02	5.749262860152453553e-02	-6.594896349842274685e-02	6.944241858050477501e-02	-6.873601474878555939e-02	5.762656830055808144e-02	-5.427271098579289355e-02	8.199210460585205917e-02	-9.320645043835454335e-02	7.460722076421266724e-02	-1.072897139692515628e-01	1.517099893309232783e-01	-1.196134323040502906e-01	8.368149100568088306e-02	-6.600194336990317101e-02	1.020740139400292540e-01	-1.520710329303292530e-01	1.201030080468009215e-01	-1.259105442259217389e-01	1.161536223625615483e-01	-2.046652954231817645e-01	2.556313457923070076e-01	-6.588669856828951454e-01	1.971692249172523337e-01	-1.399790542992469800e-01	2.191688442422964622e-01	-4.032037868092370192e-01	1.000000000000000000e+00	-1.677486165106674143e-01	1.207848555585590844e-01	-2.455043578594077180e-01	2.619199949599266275e-01	-4.319839271685000925e-01	1.696622537819627019e-01	-1.442760488382089368e-01
-3.348962997814412118e-02	3.686120914914774171e-02	-1.043033013583798407e-01	6.209581401866618583e-02	-9.311460838352753067e-02	3.393653819827197049e-02	-4.534112423256519975e-02	5.686080973906251085e-02	-6.050199073993416110e-02	6.003299573874609080e-02	-4.080921676409862003e-02	3.772078497206448472e-02	-7.097106735791620935e-02	8.347752447379977458e-02	-7.634377804670335055e-02	5.678938553252184385e-02	-8.885033612241848011e-02	9.458581079302465222e-02	-7.526490608318320286e-02	6.835960346112550379e-02	-5.600265648073530361e-02	7.698142803977604809e-02	-9.971133321791336712e-02	1.239275137455116416e-01	-1.326695268831176999e-01	9.053420498574395181e-02	-1.172179623444882940e-01	1.441680805562998713e-01	-3.606850227674180953e-01	1.794492531108837496e-01	-1.108649249545583665e-01	1.097293933990250575e-01	-1.677486165106674143e-01	9.999999999999995559e-01	-6.174060305381107172e-01	1.479019588153396569e-01	-1.320382659077239951e-01	2.373407709671475629e-01	-5.408613220300199087e-01	3.234425410062728434e-01
2.647307568567365543e-02	-2.920659029302877588e-02	8.213625558792697623e-02	-4.929496154632111854e-02	7.340463112861121686e-02	-2.695499654603833103e-02	3.589261164936744658e-02	-4.553826853648901274e-02	4.823036798007496184e-02	-4.817027533410475626e-02	3.237475209102649853e-02	-3.002928361634399010e-02	5.648205147991875591e-02	-6.887052810863543428e-02	6.024764781092916549e-02	-4.570383136614115938e-02	7.005615362319986272e-02	-7.767744757642834619e-02	6.113432390132651773e-02	-5.514615960190046018e-02	4.461729965971828610e-02	-6.143486824348878828e-02	7.959735539537199367e-02	-1.031467951445258768e-01	1.026297541645100897e-01	-7.234828768172264779e-02	9.070777550757236352e-02	-1.125544317478111983e-01	1.992908363597095389e-01	-1.502140890821073715e-01	8.697453092462491264e-02	-8.720299889378452241e-02	1.207848555585590844e-01	-6.174060305381107172e-01	9.999999999999987788e-01	-1.246636770957866847e-01	1.028276924646339546e-01	-2.068672801886259904e-01	3.104108629386252982e-01	-6.718420327692300464e-01
-1.104636186261639813e-01	1.193914741926935946e-01	-3.564252026850620036e-01	1.992788056367013061e-01	-3.162247553718222082e-01	1.060219750190907195e-01	-1.453205564262552985e-01	1.651486065716859242e-01	-1.796426036707058360e-01	1.716562571820826610e-01	-1.200430972973885180e-01	1.075545277632960761e-01	-2.104771601730303088e-01	1.737792499031532989e-01	-1.387598259028537950e-01	1.411425581396293927e-01	-2.153779261871574535e-01	1.922841802549670742e-01	-1.566907241669365791e-01	1.150390267044025805e-01	-1.474758651667983367e-01	1.730256061457029204e-01	-2.069892381218844390e-01	1.994291231038916312e-01	-1.882303756473664158e-01	2.248096324364107224e-01	-2.652834039504335939e-01	2.220827883334494379e-01	-2.400083697334937649e-01	1.743579005311946262e-01	-3.510876450036357621e-01	2.582413435716054417e-01	-2.455043578594077180e-01	1.479019588153396569e-01	-1.246636770957866847e-01	9.999999999999995559e-01	-4.203167291714168252e-01	2.707170911071526409e-01	-1.609921767187381114e-01	1.381152035644767073e-01
4.484478788086265072e-02	-4.931628891817281535e-02	1.357275873844792091e-01	-7.930068849620171278e-02	1.204446026043142076e-01	-4.653255375921366843e-02	6.171366678943970840e-02	-7.042970924285735235e-02	7.467058918492526509e-02	-7.337984604453610948e-02	5.913069420018249311e-02	-5.515340896701169393e-02	8.790145434189364226e-02	-9.275545635746618167e-02	7.259154313960862470e-02	-1.076608233993727737e-01	1.384506499564780169e-01	-1.148047925029595795e-01	8.258701708185615942e-02	-6.317554693544845390e-02	1.026637705872761319e-01	-1.307896878314590561e-01	1.141630310298176465e-01	-1.189404678490757483e-01	1.076056845267747003e-01	-2.075285993285786446e-01	2.026584380967548782e-01	-2.327731267830683015e-01	1.580051691118886381e-01	-1.183761137874329572e-01	2.527854706887882608e-01	-7.022110326628581145e-01	2.619199949599266275e-01	-1.320382659077239951e-01	1.028276924646339546e-01	-4.203167291714168252e-01	9.999999999999993339e-01	-3.840585140576938672e-01	1.485142744918351299e-01	-1.296644665189340684e-01
-6.481927878129212228e-02	7.084268169518806446e-02	-2.018392728404287961e-01	1.166729604078268201e-01	-1.792617983833652839e-01	6.523661238015475428e-02	-8.781274232418616321e-02	1.024446823632089026e-01	-1.098710515299990698e-01	1.069694008499163795e-01	-7.983130752348421844e-02	7.308133191848899257e-02	-1.293629701384895747e-01	1.301590075762438792e-01	-1.149188964267141011e-01	1.128010781429464315e-01	-1.792288057876732510e-01	1.539474196719118615e-01	-1.187434336132497659e-01	9.701177503381502865e-02	-1.142733440407770751e-01	1.501902768337074201e-01	-1.672604442068976460e-01	1.698370499132190736e-01	-1.750520241312676362e-01	1.861350988254505401e-01	-2.467961510085972532e-01	2.627508098772178835e-01	-2.847209859125838793e-01	1.803179511753266739e-01	-2.462019782965274295e-01	2.555413756166299843e-01	-4.319839271685000925e-01	2.373407709671475629e-01	-2.068672801886259904e-01	2.707170911071526409e-01	-3.840585140576938672e-01	9.999999999999995559e-01	-4.483824205336846558e-01	2.292892525391290737e-01
3.345918063910329615e-02	-3.683770859122369179e-02	1.036486239814879973e-01	-6.161103400083184356e-02	9.245246270873909433e-02	-3.405013429360370658e-02	4.541729644280595446e-02	-5.618690613279113399e-02	5.963150453197663126e-02	-5.920033828859078140e-02	4.124498747943357302e-02	-3.818376296877448728e-02	6.994324056629053210e-02	-8.150780540567187371e-02	7.030906062548472613e-02	-5.940358420481756108e-02	9.060656687897483685e-02	-9.347842970552838748e-02	7.258219802086357531e-02	-6.317682182165901272e-02	5.824558947254644681e-02	-7.942437236494929997e-02	9.633674259821028985e-02	-1.175840232063595781e-01	1.151941931889585991e-01	-9.576439687355781105e-02	1.199283590868465560e-01	-1.481115791192322839e-01	2.140961437437474413e-01	-1.535169984303079715e-01	1.165533367206142146e-01	-1.224069202866163580e-01	1.696622537819627019e-01	-5.408613220300199087e-01	3.104108629386252982e-01	-1.609921767187381114e-01	1.485142744918351299e-01	-4.483824205336846558e-01	9.999999999999997780e-01	-5.775561429207312081e-01
