1.000000000000000000e+00	-4.802576981263311229e-01	1.668143307593250302e-01	-1.506523259338688470e-01	9.479820300670090127e-02	-7.470734232266125208e-01	2.677654717405154039e-01	-2.007864913436891163e-01	1.434094051221670718e-01	-7.102288569526571393e-02	2.398340545711748761e-01	-2.032626150236346296e-01	1.543421878230016309e-01	-9.946572525185704006e-02	9.081962710898348889e-02	-1.336531464713643924e-01	1.395878479582589315e-01	-1.423042150649213577e-01	9.624518310962838774e-02	-8.769911156837935373e-02	8.673247101232067768e-02	-1.523882704357665818e-01	7.586166818391942845e-02	-6.003833875220131872e-02	5.185487072966784433e-02	-8.461467821006492251e-02	9.311729374510012425e-02	-9.211821891215624114e-02	6.636934558070113621e-02	-5.175723233560834691e-02	3.473127633108448464e-02	-2.611410642579796090e-02	2.415940451859755270e-02	-2.129053558297609380e-02	2.592912507255708612e-02	-3.997919544880247644e-02	2.408572646214523702e-02	-2.025257515131652364e-02	2.131995005518535352e-02	-3.304665389508844309e-02
-4.802576981263311229e-01	1.000000000000000222e+00	-3.400050508464538268e-01	2.054020409572617223e-01	-1.288243731671789294e-01	2.794179505264153263e-01	-6.502642819866480961e-01	2.841257972354964689e-01	-2.151800795204893979e-01	9.263488658266001707e-02	-2.314731927181849225e-01	1.957235163169445680e-01	-1.813769209774229452e-01	1.255319472706544204e-01	-1.190638696218437320e-01	1.205229407127249158e-01	-1.451528950313768773e-01	1.470630158208617588e-01	-1.201408448778555765e-01	1.047791667401008070e-01	-8.266104940974235149e-02	1.392271561098417099e-01	-7.753641856117968190e-02	6.485847071328877667e-02	-5.862228211048737397e-02	7.860617228550172142e-02	-9.216138242925246693e-02	9.056048420188911319e-02	-7.284831987883630400e-02	5.733470518019270767e-02	-3.293325888087476894e-02	2.601371880984397131e-02	-2.428153608389885948e-02	2.261394268279948508e-02	-2.857236189312928679e-02	3.742221062175047491e-02	-2.439370910546550739e-02	2.045435219203995542e-02	-2.272399989604580867e-02	3.618105020777305503e-02
1.668143307593250302e-01	-3.400050508464538268e-01	1.000000000000000888e+00	-6.362893381693646155e-01	1.384045333255766452e-01	-1.652776359275791029e-01	2.532335298719832206e-01	-5.624971829284771685e-01	2.757390978684149396e-01	-1.068141497396876138e-01	1.490020938983063759e-01	-1.415245104937837839e-01	1.637444408822402997e-01	-1.512656016152345573e-01	1.297270924467762154e-01	-1.037493127958120098e-01	1.183084846676337593e-01	-1.408109123300109733e-01	1.285868899192751658e-01	-1.152897512977638789e-01	7.102630585280746145e-02	-1.251317794041456599e-01	7.349746647901773955e-02	-6.465049892858654168e-02	6.027937832484719927e-02	-6.960714444822919955e-02	8.037185405911165259e-02	-8.729872419012517371e-02	7.134475336668183454e-02	-5.949840733958895733e-02	2.934977895764488698e-02	-2.353824574394750013e-02	2.197123719275973636e-02	-2.190887416355966760e-02	2.920398796989869331e-02	-3.362823727219203807e-02	2.228956457140418221e-02	-1.883848427887813842e-02	2.193480069599629267e-02	-3.720577918195142053e-02
-1.506523259338688470e-01	2.054020409572617223e-01	-6.362893381693646155e-01	1.000000000000000444e+00	-2.183181085661460019e-01	1.387285683073725129e-01	-2.061446511281073146e-01	2.957209116151103268e-01	-5.575466473190389127e-01	1.565086287767462059e-01	-1.543695431365437742e-01	1.364788266320721977e-01	-1.816030632576340065e-01	2.130091650382821000e-01	-1.953588065617853642e-01	1.070982113806692865e-01	-1.264705955652183633e-01	1.506911376948978643e-01	-1.851541074640873363e-01	1.551150871142215337e-01	-7.568818955394772396e-02	1.306754047263587459e-01	-8.519204103533049854e-02	7.997794757040774249e-02	-7.765140489726878037e-02	7.381209358229746942e-02	-8.844214674561746981e-02	9.840309478929500087e-02	-8.933170675596276145e-02	7.494849702089861898e-02	-3.163047406442814208e-02	2.649187930213643336e-02	-2.490252284123161200e-02	2.651513499297129123e-02	-3.657875462591607396e-02	3.600678674890316067e-02	-2.553529105727437437e-02	2.159323760903020945e-02	-2.661112911369925213e-02	4.629419398970327504e-02
9.479820300670090127e-02	-1.288243731671789294e-01	1.384045333255766452e-01	-2.183181085661460019e-01	1.000000000000000444e+00	-1.036406816733619618e-01	1.181804794652343837e-01	-1.839726644729783311e-01	2.205830478903714476e-01	-7.970846685728798509e-01	1.182889369400126761e-01	-1.135697074463261624e-01	1.476296399249109048e-01	-2.473265980366843586e-01	2.865124151427693167e-01	-1.111683694286664525e-01	1.179935925546017478e-01	-1.534744211748653442e-01	1.926067260825724548e-01	-2.773515581118962126e-01	7.750794195985746815e-02	-1.435762473447508569e-01	9.888422398517462963e-02	-1.006302307690139369e-01	1.129029328743977739e-01	-7.928639991237818041e-02	9.077449856659351723e-02	-1.227782862520440665e-01	1.060968418098090643e-01	-1.189562426137412698e-01	3.429820967944929855e-02	-2.960059835532429309e-02	2.775452466761714129e-02	-3.405310507145986598e-02	5.543835412944162627e-02	-3.973398321829182261e-02	2.893562636705017399e-02	-2.501548348039406983e-02	3.361548078734809264e-02	-7.284448124906756084e-02
-7.470734232266125208e-01	2.794179505264153263e-01	-1.652776359275791029e-01	1.387285683073725129e-01	-1.036406816733619618e-01	9.999999999999998890e-01	-3.284936797486167070e-01	1.902932155561010419e-01	-1.547454958242605039e-01	7.512567777443041050e-02	-4.109632027694965495e-01	2.188334753157193113e-01	-1.740379142418071456e-01	1.032075585703909060e-01	-9.747529900771970124e-02	1.343444766668143164e-01	-1.529343731302321430e-01	1.457667982141119811e-01	-1.022328094640816420e-01	9.052510234093902319e-02	-8.989367265129630247e-02	1.480007603196707155e-01	-7.649296350764667185e-02	6.097243637253524362e-02	-5.319723673262351238e-02	8.399760879113861434e-02	-9.648537283289501665e-02	9.011671879311207445e-02	-6.829235658305150836e-02	5.240662366973998509e-02	-3.472023655638630663e-02	2.660187011551594025e-02	-2.473627347183588246e-02	2.170176201881383882e-02	-2.631137768476004071e-02	3.944798198829314873e-02	-2.462258916823097110e-02	2.058938788535238235e-02	-2.180386526071654424e-02	3.335248626867086397e-02
2.677654717405154039e-01	-6.502642819866480961e-01	2.532335298719832206e-01	-2.061446511281073146e-01	1.181804794652343837e-01	-3.284936797486167070e-01	1.000000000000000444e+00	-4.913980320054313067e-01	1.987963830490012129e-01	-8.883225269033789839e-02	2.282742758863475496e-01	-2.793248170139031039e-01	1.932044696774750381e-01	-1.260710325097898765e-01	1.130170549206939296e-01	-1.352196849466409667e-01	1.601948984720333591e-01	-1.655120821740562742e-01	1.178888102226255813e-01	-1.054194311867104328e-01	8.979901155055859674e-02	-1.568710405529245844e-01	8.224840315864230533e-02	-6.711056323953880354e-02	5.942772156500892439e-02	-8.615920355480607973e-02	9.783795364563319108e-02	-9.762922077313153368e-02	7.425184654321125011e-02	-5.880844654813557199e-02	3.561609616294059144e-02	-2.750431901687157982e-02	2.555967266545096025e-02	-2.334565019651345733e-02	2.924191838432048038e-02	-4.072131208148331571e-02	2.556815458483533907e-02	-2.148593898433268437e-02	2.340067270615748402e-02	-3.719118392026646291e-02
-2.007864913436891163e-01	2.841257972354964689e-01	-5.624971829284771685e-01	2.957209116151103268e-01	-1.839726644729783311e-01	1.902932155561010419e-01	-4.913980320054313067e-01	1.000000000000000222e+00	-3.914158805554902032e-01	1.334292180067431499e-01	-2.038641915198968202e-01	1.906581550112759482e-01	-2.637975266474308911e-01	1.860972051149295259e-01	-1.720475514923829607e-01	1.289449409639198130e-01	-1.589551158760287852e-01	1.841651134294895464e-01	-1.708290615471270424e-01	1.444989827556036055e-01	-8.993968745841833534e-02	1.536611245410081927e-01	-9.310253727191677986e-02	8.189576578086567304e-02	-7.642618444217696982e-02	8.632940241206374377e-02	-1.026325611194173343e-01	1.074685753900937180e-01	-9.169645672222490052e-02	7.412755334189274903e-02	-3.656043187481553686e-02	2.973555458715756994e-02	-2.785795673960997018e-02	2.771453204191379888e-02	-3.655000822205840827e-02	4.154191978162075083e-02	-2.825479604368065847e-02	2.378092145265441743e-02	-2.784001744769045578e-02	4.623544677252295482e-02
1.434094051221670718e-01	-2.151800795204893979e-01	2.757390978684149396e-01	-5.575466473190389127e-01	2.205830478903714476e-01	-1.547454958242605039e-01	1.987963830490012129e-01	-3.914158805554902032e-01	9.999999999999996669e-01	-2.307940070208964745e-01	1.604786289029240531e-01	-1.559965753513539721e-01	1.999790625793360643e-01	-4.739199297683490131e-01	2.424058640925060848e-01	-1.332759947019618585e-01	1.479346655895011353e-01	-1.948234489049796014e-01	2.377328830090530420e-01	-2.252487058669230269e-01	9.178794446386108474e-02	-1.667834965170258976e-01	1.065079075519183155e-01	-1.033062156844827550e-01	1.009896013932995856e-01	-9.164080822080561406e-02	1.052042525937096767e-01	-1.279312727025516128e-01	1.092964420283381588e-01	-1.009562593197999153e-01	3.895973001774674649e-02	-3.220361450826629557e-02	3.012523853086072553e-02	-3.315335187029859465e-02	4.795249813061166350e-02	-4.486479434025211765e-02	3.091074056784406943e-02	-2.638814336392861573e-02	3.300116439212183450e-02	-6.161983631026542174e-02
-7.102288569526571393e-02	9.263488658266001707e-02	-1.068141497396876138e-01	1.565086287767462059e-01	-7.970846685728798509e-01	7.512567777443041050e-02	-8.883225269033789839e-02	1.334292180067431499e-01	-2.307940070208964745e-01	9.999999999999978906e-01	-9.042152290037043516e-02	8.503303122881113174e-02	-1.182467024761885976e-01	2.132762537454591378e-01	-4.580408756674668735e-01	7.949867468373822410e-02	-8.906511030908988158e-02	1.157872482624697774e-01	-1.753403333465480274e-01	2.194125371862243046e-01	-5.628291343186682394e-02	1.018244935440931476e-01	-7.425242069521384436e-02	7.766959226462144539e-02	-8.957091486895972510e-02	5.661607456570815627e-02	-6.672800036398357504e-02	8.803358987667680990e-02	-8.352688042589326289e-02	8.744850345447266471e-02	-2.457022410507870083e-02	2.164932840495283756e-02	-2.041328540123787602e-02	2.543855091220860107e-02	-4.095847694801177385e-02	2.823175584771166202e-02	-2.133439637873369571e-02	1.835840450011254343e-02	-2.527781596919956297e-02	5.260138734355170043e-02
2.398340545711748761e-01	-2.314731927181849225e-01	1.490020938983063759e-01	-1.543695431365437742e-01	1.182889369400126761e-01	-4.109632027694965495e-01	2.282742758863475496e-01	-2.038641915198968202e-01	1.604786289029240531e-01	-9.042152290037043516e-02	1.000000000000000666e+00	-6.404608297704793562e-01	2.615907487116871932e-01	-1.339329016710868181e-01	1.189846303822695711e-01	-2.905682854930331516e-01	2.736521873099317936e-01	-2.599288377415130968e-01	1.360253443673900553e-01	-1.247481060856706625e-01	1.673791449383783547e-01	-2.859975409744502373e-01	1.263008506427500677e-01	-9.412784808943779058e-02	7.724497166390745240e-02	-1.572044548810070941e-01	1.659464620095180143e-01	-1.531282635045599638e-01	1.026137174116886069e-01	-7.755051764038115025e-02	6.207804505469827205e-02	-4.475886689020033143e-02	4.119935872325786175e-02	-3.367027738543826310e-02	3.899400092319935812e-02	-7.126337839206001168e-02	4.047007323262369338e-02	-3.390840941759348109e-02	3.369313803128488188e-02	-4.971049253544219948e-02
-2.032626150236346296e-01	1.957235163169445680e-01	-1.415245104937837839e-01	1.364788266320721977e-01	-1.135697074463261624e-01	2.188334753157193113e-01	-2.793248170139031039e-01	1.906581550112759482e-01	-1.559965753513539721e-01	8.503303122881113174e-02	-6.404608297704793562e-01	9.999999999999995559e-01	-4.198936932594766747e-01	1.293980390257928048e-01	-1.152356577573023927e-01	2.179744960899387962e-01	-4.405100979299568786e-01	2.701881737131631711e-01	-1.353488922877123801e-01	1.165034441922533914e-01	-1.452738604430768299e-01	2.353168803904010509e-01	-1.131138844308879482e-01	8.398465010929016816e-02	-6.997120758099251159e-02	1.265392752912038177e-01	-1.485988445448259698e-01	1.274832530847868906e-01	-9.278196988038830972e-02	6.879241866299080910e-02	-5.120471572192844545e-02	3.875704426322570256e-02	-3.602899709658069494e-02	2.963398522967890941e-02	-3.450327448316981710e-02	5.740860263603740632e-02	-3.524633951032759421e-02	2.927749899553009141e-02	-2.979075332746458638e-02	4.365647722259914654e-02
1.543421878230016309e-01	-1.813769209774229452e-01	1.637444408822402997e-01	-1.816030632576340065e-01	1.476296399249109048e-01	-1.740379142418071456e-01	1.932044696774750381e-01	-2.637975266474308911e-01	1.999790625793360643e-01	-1.182467024761885976e-01	2.615907487116871932e-01	-4.198936932594766747e-01	1.000000000000000888e+00	-2.230719122866913484e-01	1.648306773908565503e-01	-2.349795377310248679e-01	2.986527993084722721e-01	-6.612983239055577611e-01	2.109576321201578064e-01	-1.855959598195000837e-01	1.524400923961168608e-01	-2.811787901676947588e-01	1.542061660122806821e-01	-1.194056319545747646e-01	1.003490689355335530e-01	-1.462421179980573638e-01	1.629146649462404339e-01	-1.806223810095800020e-01	1.259169382908570667e-01	-1.003386675314901222e-01	5.940605605599131450e-02	-4.554918602737408756e-02	4.222692779189023138e-02	-3.884764963561079115e-02	4.892006248515984312e-02	-6.809675609368294469e-02	4.197758872957946946e-02	-3.539054511527216229e-02	3.878675397362742888e-02	-6.250269779966513561e-02
-9.946572525185704006e-02	1.255319472706544204e-01	-1.512656016152345573e-01	2.130091650382821000e-01	-2.473265980366843586e-01	1.032075585703909060e-01	-1.260710325097898765e-01	1.860972051149295259e-01	-4.739199297683490131e-01	2.132762537454591378e-01	-1.339329016710868181e-01	1.293980390257928048e-01	-2.230719122866913484e-01	9.999999999999992228e-01	-4.920870411592535576e-01	1.106702457477651280e-01	-1.372485948488119945e-01	1.963815392689547967e-01	-5.549657228828061006e-01	3.020827234709717590e-01	-7.855124004869637466e-02	1.396372759897424876e-01	-1.073429927828201541e-01	1.189410837002877475e-01	-1.206138599939704792e-01	7.670865854005355644e-02	-9.203196160446440455e-02	1.191693251394550790e-01	-1.240655085005831909e-01	1.120620679483162185e-01	-3.293208473925197943e-02	2.900630842205673479e-02	-2.743947964016910449e-02	3.401128059380294916e-02	-5.180318392454685145e-02	3.752185193912248307e-02	-2.846135686735214512e-02	2.437290931312297015e-02	-3.394194773799168174e-02	6.545323706239605799e-02
9.081962710898348889e-02	-1.190638696218437320e-01	1.297270924467762154e-01	-1.953588065617853642e-01	2.865124151427693167e-01	-9.747529900771970124e-02	1.130170549206939296e-01	-1.720475514923829607e-01	2.424058640925060848e-01	-4.580408756674668735e-01	1.189846303822695711e-01	-1.152356577573023927e-01	1.648306773908565503e-01	-4.920870411592535576e-01	9.999999999999988898e-01	-1.078954020946847753e-01	1.225167311380665897e-01	-1.716613320126428033e-01	2.964535322633460313e-01	-5.487712756278630977e-01	7.600052782851640654e-02	-1.391651988758356440e-01	1.056722034440029379e-01	-1.196501194442649157e-01	1.462390696866062711e-01	-7.618679143228078432e-02	8.946365402721942472e-02	-1.244693233812810412e-01	1.216486816399391102e-01	-1.454191253255468774e-01	3.291126532886405609e-02	-2.950445757679281619e-02	2.788386157865213599e-02	-3.694519721738423468e-02	6.356533402819010414e-02	-3.780700788557127962e-02	2.915819796922644938e-02	-2.524020711210728588e-02	3.649384611337186390e-02	-8.227972707663727681e-02
-1.336531464713643924e-01	1.205229407127249158e-01	-1.037493127958120098e-01	1.070982113806692865e-01	-1.111683694286664525e-01	1.343444766668143164e-01	-1.352196849466409667e-01	1.289449409639198130e-01	-1.332759947019618585e-01	7.949867468373822410e-02	-2.905682854930331516e-01	2.179744960899387962e-01	-2.349795377310248679e-01	1.106702457477651280e-01	-1.078954020946847753e-01	9.999999999999976685e-01	-4.277793253524549977e-01	2.126889037612720024e-01	-1.237028589254570571e-01	1.063829927673406589e-01	-6.434629877091783134e-01	2.985878781647530733e-01	-1.320581531100570860e-01	9.174213117676599527e-02	-7.324874180759560760e-02	2.742225970539288737e-01	-3.389555785986713698e-01	1.420647915381805793e-01	-1.062443879753202924e-01	7.097504361768060266e-02	-1.069880052804317305e-01	7.315813354159422799e-02	-6.858402231436690200e-02	4.044154020613026368e-02	-3.754229911177008050e-02	1.069881774387901885e-01	-6.332994986834390716e-02	5.051871979117443512e-02	-4.115267305447901924e-02	4.673382189564587175e-02
1.395878479582589315e-01	-1.451528950313768773e-01	1.183084846676337593e-01	-1.264705955652183633e-01	1.179935925546017478e-01	-1.529343731302321430e-01	1.601948984720333591e-01	-1.589551158760287852e-01	1.479346655895011353e-01	-8.906511030908988158e-02	2.736521873099317936e-01	-4.405100979299568786e-01	2.986527993084722721e-01	-1.372485948488119945e-01	1.225167311380665897e-01	-4.277793253524549977e-01	1.000000000000000666e+00	-4.806919195030991410e-01	1.561624241970587246e-01	-1.335799137518979551e-01	2.282551872550708794e-01	-4.738097487084664272e-01	1.572672040963042084e-01	-1.080332763585121064e-01	8.387517518913294168e-02	-1.929934400512485215e-01	2.159473391942285658e-01	-1.718966994667772974e-01	1.163633889020539020e-01	-8.233513403608694325e-02	7.336829814684812934e-02	-5.356981921158455312e-02	4.946847802225263352e-02	-3.768399372778214601e-02	4.140208147450410991e-02	-8.208306498341227941e-02	4.749550608511411698e-02	-3.930320894403548787e-02	3.788002122858614290e-02	-5.222998398683504490e-02
-1.423042150649213577e-01	1.470630158208617588e-01	-1.408109123300109733e-01	1.506911376948978643e-01	-1.534744211748653442e-01	1.457667982141119811e-01	-1.655120821740562742e-01	1.841651134294895464e-01	-1.948234489049796014e-01	1.157872482624697774e-01	-2.599288377415130968e-01	2.701881737131631711e-01	-6.612983239055577611e-01	1.963815392689547967e-01	-1.716613320126428033e-01	2.126889037612720024e-01	-4.806919195030991410e-01	9.999999999999974465e-01	-2.923683551884441179e-01	1.851995018672455140e-01	-1.524626334019975049e-01	2.495415183194741593e-01	-1.773034997615186570e-01	1.235709406114088998e-01	-1.026589161213668083e-01	1.332648894176812204e-01	-1.659921840631651269e-01	1.689413045773954514e-01	-1.333333287798449396e-01	9.736002971023105523e-02	-5.528739322592648303e-02	4.456403119767225057e-02	-4.182371893051144845e-02	3.863222430428189802e-02	-4.771232145294478783e-02	6.152503818461053930e-02	-4.139696878310133998e-02	3.450068807486278422e-02	-3.887293088039062844e-02	5.988564710857705031e-02
9.624518310962838774e-02	-1.201408448778555765e-01	1.285868899192751658e-01	-1.851541074640873363e-01	1.926067260825724548e-01	-1.022328094640816420e-01	1.178888102226255813e-01	-1.708290615471270424e-01	2.377328830090530420e-01	-1.753403333465480274e-01	1.360253443673900553e-01	-1.353488922877123801e-01	2.109576321201578064e-01	-5.549657228828061006e-01	2.964535322633460313e-01	-1.237028589254570571e-01	1.561624241970587246e-01	-2.923683551884441179e-01	9.999999999999986677e-01	-6.051516255917749332e-01	8.729200176783305509e-02	-1.594401208300323114e-01	1.326268648208235867e-01	-1.812042615041986049e-01	1.638115432588890807e-01	-8.513858679039093547e-02	1.018793083467377097e-01	-1.460023856496268646e-01	1.564650314699044253e-01	-1.562490504724751983e-01	3.643699377433805286e-02	-3.300406410768211979e-02	3.131575498156079912e-02	-4.205153166617468102e-02	6.770716728535222662e-02	-4.151884476889611264e-02	3.256840674417544462e-02	-2.811730233500992632e-02	4.159727339808319546e-02	-8.639901125700763518e-02
-8.769911156837935373e-02	1.047791667401008070e-01	-1.152897512977638789e-01	1.551150871142215337e-01	-2.773515581118962126e-01	9.052510234093902319e-02	-1.054194311867104328e-01	1.444989827556036055e-01	-2.252487058669230269e-01	2.194125371862243046e-01	-1.247481060856706625e-01	1.165034441922533914e-01	-1.855959598195000837e-01	3.020827234709717590e-01	-5.487712756278630977e-01	1.063829927673406589e-01	-1.335799137518979551e-01	1.851995018672455140e-01	-6.051516255917749332e-01	9.999999999999996669e-01	-7.769629111853354475e-02	1.377376080117410362e-01	-1.257086457157303161e-01	1.566974614223019258e-01	-2.593097164796167031e-01	7.603030303445691696e-02	-9.408814407686910686e-02	1.343321766438144438e-01	-1.633613017530634037e-01	1.809514232863619343e-01	-3.327504047240898571e-02	3.187149545804501827e-02	-3.051776741252336389e-02	4.436719064925646189e-02	-7.921562129581585787e-02	3.773218308573157709e-02	-3.225020644775127010e-02	2.788507226490837682e-02	-4.427282887701132486e-02	9.644655036926406966e-02
8.673247101232067768e-02	-8.266104940974235149e-02	7.102630585280746145e-02	-7.568818955394772396e-02	7.750794195985746815e-02	-8.989367265129630247e-02	8.979901155055859674e-02	-8.993968745841833534e-02	9.178794446386108474e-02	-5.628291343186682394e-02	1.673791449383783547e-01	-1.452738604430768299e-01	1.524400923961168608e-01	-7.855124004869637466e-02	7.600052782851640654e-02	-6.434629877091783134e-01	2.282551872550708794e-01	-1.524626334019975049e-01	8.729200176783305509e-02	-7.769629111853354475e-02	9.999999999999998890e-01	-3.706581276814643333e-01	1.154358475200225054e-01	-7.608321254082658913e-02	5.722414499005565314e-02	-5.473862234650146430e-01	2.956296656068382323e-01	-1.283325996572749483e-01	8.545886489087706206e-02	-5.610506432048016634e-02	1.249150352419745730e-01	-6.711541474938613472e-02	6.061820056387084987e-02	-3.411412875080292034e-02	2.987150365608862157e-02	-1.332992319125236302e-01	5.593413448115435588e-02	-4.546708036739314368e-02	3.445145612295398563e-02	-3.728587325828709720e-02
-1.523882704357665818e-01	1.392271561098417099e-01	-1.251317794041456599e-01	1.306754047263587459e-01	-1.435762473447508569e-01	1.480007603196707155e-01	-1.568710405529245844e-01	1.536611245410081927e-01	-1.667834965170258976e-01	1.018244935440931476e-01	-2.859975409744502373e-01	2.353168803904010509e-01	-2.811787901676947588e-01	1.396372759897424876e-01	-1.391651988758356440e-01	2.985878781647530733e-01	-4.738097487084664272e-01	2.495415183194741593e-01	-1.594401208300323114e-01	1.377376080117410362e-01	-3.706581276814643333e-01	1.000000000000000888e+00	-2.948565357219905536e-01	1.509216351972922643e-01	-1.084210664749155895e-01	2.615918165780902194e-01	-4.585265209481800830e-01	2.319150117414952861e-01	-1.726934534609883276e-01	1.024491470374219587e-01	-1.044175574244157051e-01	9.010536423533160866e-02	-8.465664289301638723e-02	5.549681306129945757e-02	-5.343214514715791119e-02	1.109085983184725510e-01	-7.725520471908459141e-02	6.212860227999102147e-02	-5.651002004277511787e-02	6.604242038054367048e-02
7.586166818391942845e-02	-7.753641856117968190e-02	7.349746647901773955e-02	-8.519204103533049854e-02	9.888422398517462963e-02	-7.649296350764667185e-02	8.224840315864230533e-02	-9.310253727191677986e-02	1.065079075519183155e-01	-7.425242069521384436e-02	1.263008506427500677e-01	-1.131138844308879482e-01	1.542061660122806821e-01	-1.073429927828201541e-01	1.056722034440029379e-01	-1.320581531100570860e-01	1.572672040963042084e-01	-1.773034997615186570e-01	1.326268648208235867e-01	-1.257086457157303161e-01	1.154358475200225054e-01	-2.948565357219905536e-01	1.000000000000001332e+00	-4.295074422215871546e-01	1.567589524957923308e-01	-1.107189743657868986e-01	1.555270857146522356e-01	-7.593601057707431989e-01	2.853063329213115229e-01	-1.506531078411120217e-01	4.703950600949045185e-02	-4.919624153003999273e-02	4.731322847980724833e-02	-6.089241568775166646e-02	6.943862831725008955e-02	-5.252592514215138203e-02	4.682130274330585651e-02	-4.048345294141170864e-02	6.038736877952777249e-02	-8.680345326228930403e-02
-6.003833875220131872e-02	6.485847071328877667e-02	-6.465049892858654168e-02	7.997794757040774249e-02	-1.006302307690139369e-01	6.097243637253524362e-02	-6.711056323953880354e-02	8.189576578086567304e-02	-1.033062156844827550e-01	7.766959226462144539e-02	-9.412784808943779058e-02	8.398465010929016816e-02	-1.194056319545747646e-01	1.189410837002877475e-01	-1.196501194442649157e-01	9.174213117676599527e-02	-1.080332763585121064e-01	1.235709406114088998e-01	-1.812042615041986049e-01	1.566974614223019258e-01	-7.608321254082658913e-02	1.509216351972922643e-01	-4.295074422215871546e-01	9.999999999999985567e-01	-3.410577945431792490e-01	7.498214538825180575e-02	-1.028483920974332944e-01	2.839194087237455477e-01	-7.309528106838525385e-01	2.297077650754229261e-01	-3.419577725866452395e-02	4.243798098661744067e-02	-4.228173136104786123e-02	8.934466375683293438e-02	-1.017673210845667364e-01	3.831072484284744201e-02	-4.578046840464591177e-02	4.069402470657436377e-02	-8.929008099236540597e-02	1.212931879920001732e-01
5.185487072966784433e-02	-5.862228211048737397e-02	6.027937832484719927e-02	-7.765140489726878037e-02	1.129029328743977739e-01	-5.319723673262351238e-02	5.942772156500892439e-02	-7.642618444217696982e-02	1.009896013932995856e-01	-8.957091486895972510e-02	7.724497166390745240e-02	-6.997120758099251159e-02	1.003490689355335530e-01	-1.206138599939704792e-01	1.462390696866062711e-01	-7.324874180759560760e-02	8.387517518913294168e-02	-1.026589161213668083e-01	1.638115432588890807e-01	-2.593097164796167031e-01	5.722414499005565314e-02	-1.084210664749155895e-01	1.567589524957923308e-01	-3.410577945431792490e-01	9.999999999999980016e-01	-5.796682980788745582e-02	7.557140125479898385e-02	-1.672107666503009626e-01	2.479323228080536345e-01	-7.806937293293761959e-01	2.701384187735612202e-02	-3.504373601750477435e-02	3.462256558169454768e-02	-7.885249960930572344e-02	2.083492825352232236e-01	-3.050949879218263841e-02	3.827190570751582560e-02	-3.471482332349378613e-02	7.593751699758491402e-02	-2.629150574699835596e-01
-8.461467821006492251e-02	7.860617228550172142e-02	-6.960714444822919955e-02	7.381209358229746942e-02	-7.928639991237818041e-02	8.399760879113861434e-02	-8.615920355480607973e-02	8.632940241206374377e-02	-9.164080822080561406e-02	5.661607456570815627e-02	-1.572044548810070941e-01	1.265392752912038177e-01	-1.462421179980573638e-01	7.670865854005355644e-02	-7.618679143228078432e-02	2.742225970539288737e-01	-1.929934400512485215e-01	1.332648894176812204e-01	-8.513858679039093547e-02	7.603030303445691696e-02	-5.473862234650146430e-01	2.615918165780902194e-01	-1.107189743657868986e-01	7.498214538825180575e-02	-5.796682980788745582e-02	9.999999999999980016e-01	-6.484045567401828247e-01	1.240229492464450800e-01	-8.810529044800896603e-02	5.667496441906703930e-02	-2.608043484107225862e-01	1.082315643121216781e-01	-9.907166003029556356e-02	4.384759400479996960e-02	-3.184875270935330627e-02	2.014646043784696361e-01	-8.603289519649574835e-02	6.781520438629301539e-02	-4.467144440594019578e-02	3.932668406241120185e-02
9.311729374510012425e-02	-9.216138242925246693e-02	8.037185405911165259e-02	-8.844214674561746981e-02	9.077449856659351723e-02	-9.648537283289501665e-02	9.783795364563319108e-02	-1.026325611194173343e-01	1.052042525937096767e-01	-6.672800036398357504e-02	1.659464620095180143e-01	-1.485988445448259698e-01	1.629146649462404339e-01	-9.203196160446440455e-02	8.946365402721942472e-02	-3.389555785986713698e-01	2.159473391942285658e-01	-1.659921840631651269e-01	1.018793083467377097e-01	-9.408814407686910686e-02	2.956296656068382323e-01	-4.585265209481800830e-01	1.555270857146522356e-01	-1.028483920974332944e-01	7.557140125479898385e-02	-6.484045567401828247e-01	9.999999999999994449e-01	-1.961249538597247266e-01	1.158019276841446704e-01	-7.550292030451352665e-02	1.818562191440592224e-01	-1.744658358757451844e-01	1.291980611661939227e-01	-5.895635113717607317e-02	4.219910748029776643e-02	-2.200922203121030152e-01	1.077774522755591824e-01	-9.189280818626402447e-02	5.856919363120877131e-02	-5.265665823005939716e-02
-9.211821891215624114e-02	9.056048420188911319e-02	-8.729872419012517371e-02	9.840309478929500087e-02	-1.227782862520440665e-01	9.011671879311207445e-02	-9.762922077313153368e-02	1.074685753900937180e-01	-1.279312727025516128e-01	8.803358987667680990e-02	-1.531282635045599638e-01	1.274832530847868906e-01	-1.806223810095800020e-01	1.191693251394550790e-01	-1.244693233812810412e-01	1.420647915381805793e-01	-1.718966994667772974e-01	1.689413045773954514e-01	-1.460023856496268646e-01	1.343321766438144438e-01	-1.283325996572749483e-01	2.319150117414952861e-01	-7.593601057707431989e-01	2.839194087237455477e-01	-1.672107666503009626e-01	1.240229492464450800e-01	-1.961249538597247266e-01	9.999999999999998890e-01	-4.093555690670897529e-01	1.480624597413356391e-01	-5.485249289549595092e-02	6.130017613989399705e-02	-6.069668314155598349e-02	7.662360550478164445e-02	-7.515487500356139716e-02	6.032505418938666208e-02	-6.003696746308184728e-02	5.100564030731293691e-02	-7.902601544094919883e-02	9.027818581022038769e-02
6.636934558070113621e-02	-7.284831987883630400e-02	7.134475336668183454e-02	-8.933170675596276145e-02	1.060968418098090643e-01	-6.829235658305150836e-02	7.425184654321125011e-02	-9.169645672222490052e-02	1.092964420283381588e-01	-8.352688042589326289e-02	1.026137174116886069e-01	-9.278196988038830972e-02	1.259169382908570667e-01	-1.240655085005831909e-01	1.216486816399391102e-01	-1.062443879753202924e-01	1.163633889020539020e-01	-1.333333287798449396e-01	1.564650314699044253e-01	-1.633613017530634037e-01	8.545886489087706206e-02	-1.726934534609883276e-01	2.853063329213115229e-01	-7.309528106838525385e-01	2.479323228080536345e-01	-8.810529044800896603e-02	1.158019276841446704e-01	-4.093555690670897529e-01	1.000000000000001332e+00	-2.973504830326065829e-01	4.077831035932904385e-02	-5.413281399950543860e-02	5.353336757749392605e-02	-1.371795273424764872e-01	1.270416447164347817e-01	-4.624897962105728455e-02	5.752631620880042929e-02	-5.288944489832003715e-02	1.159420374991271679e-01	-1.652975208913744498e-01
-5.175723233560834691e-02	5.733470518019270767e-02	-5.949840733958895733e-02	7.494849702089861898e-02	-1.189562426137412698e-01	5.240662366973998509e-02	-5.880844654813557199e-02	7.412755334189274903e-02	-1.009562593197999153e-01	8.744850345447266471e-02	-7.755051764038115025e-02	6.879241866299080910e-02	-1.003386675314901222e-01	1.120620679483162185e-01	-1.454191253255468774e-01	7.097504361768060266e-02	-8.233513403608694325e-02	9.736002971023105523e-02	-1.562490504724751983e-01	1.809514232863619343e-01	-5.610506432048016634e-02	1.024491470374219587e-01	-1.506531078411120217e-01	2.297077650754229261e-01	-7.806937293293761959e-01	5.667496441906703930e-02	-7.550292030451352665e-02	1.480624597413356391e-01	-2.973504830326065829e-01	9.999999999999998890e-01	-2.693079227093603950e-02	3.648641396524223562e-02	-3.666073682885830770e-02	8.637965630838596864e-02	-3.427128517746150238e-01	3.023488295901942402e-02	-4.141693370913815397e-02	3.713397338472579357e-02	-8.759141974059860003e-02	2.439509945377426048e-01
3.473127633108448464e-02	-3.293325888087476894e-02	2.934977895764488698e-02	-3.163047406442814208e-02	3.429820967944929855e-02	-3.472023655638630663e-02	3.561609616294059144e-02	-3.656043187481553686e-02	3.895973001774674649e-02	-2.457022410507870083e-02	6.207804505469827205e-02	-5.120471572192844545e-02	5.940605605599131450e-02	-3.293208473925197943e-02	3.291126532886405609e-02	-1.069880052804317305e-01	7.336829814684812934e-02	-5.528739322592648303e-02	3.643699377433805286e-02	-3.327504047240898571e-02	1.249150352419745730e-01	-1.044175574244157051e-01	4.703950600949045185e-02	-3.419577725866452395e-02	2.701384187735612202e-02	-2.608043484107225862e-01	1.818562191440592224e-01	-5.485249289549595092e-02	4.077831035932904385e-02	-2.693079227093603950e-02	9.999999999999992228e-01	-1.119834860020104128e-01	8.936910839266887230e-02	-3.427766679289614982e-02	1.716187320686847484e-02	-9.266102541704350770e-01	9.081211601402776334e-02	-7.518953361243591038e-02	3.420284360168084764e-02	-2.094082855023070636e-02
-2.611410642579796090e-02	2.601371880984397131e-02	-2.353824574394750013e-02	2.649187930213643336e-02	-2.960059835532429309e-02	2.660187011551594025e-02	-2.750431901687157982e-02	2.973555458715756994e-02	-3.220361450826629557e-02	2.164932840495283756e-02	-4.475886689020033143e-02	3.875704426322570256e-02	-4.554918602737408756e-02	2.900630842205673479e-02	-2.950445757679281619e-02	7.315813354159422799e-02	-5.356981921158455312e-02	4.456403119767225057e-02	-3.300406410768211979e-02	3.187149545804501827e-02	-6.711541474938613472e-02	9.010536423533160866e-02	-4.919624153003999273e-02	4.243798098661744067e-02	-3.504373601750477435e-02	1.082315643121216781e-01	-1.744658358757451844e-01	6.130017613989399705e-02	-5.413281399950543860e-02	3.648641396524223562e-02	-1.119834860020104128e-01	1.000000000000000222e+00	-8.475407121508180541e-01	1.256263825773038800e-01	-3.441093979390345836e-02	1.087657633130062890e-01	-3.737282948348486511e-01	2.641739832458943615e-01	-1.314345580597560681e-01	3.942231893255121467e-02
2.415940451859755270e-02	-2.428153608389885948e-02	2.197123719275973636e-02	-2.490252284123161200e-02	2.775452466761714129e-02	-2.473627347183588246e-02	2.555967266545096025e-02	-2.785795673960997018e-02	3.012523853086072553e-02	-2.041328540123787602e-02	4.119935872325786175e-02	-3.602899709658069494e-02	4.222692779189023138e-02	-2.743947964016910449e-02	2.788386157865213599e-02	-6.858402231436690200e-02	4.946847802225263352e-02	-4.182371893051144845e-02	3.131575498156079912e-02	-3.051776741252336389e-02	6.061820056387084987e-02	-8.465664289301638723e-02	4.731322847980724833e-02	-4.228173136104786123e-02	3.462256558169454768e-02	-9.907166003029556356e-02	1.291980611661939227e-01	-6.069668314155598349e-02	5.353336757749392605e-02	-3.666073682885830770e-02	8.936910839266887230e-02	-8.475407121508180541e-01	1.000000000000001110e+00	-1.608080100797572298e-01	3.588898169594759852e-02	-9.984394908060663376e-02	2.702136540918428365e-01	-3.810994083303222979e-01	1.381927612615228840e-01	-4.136929279781688396e-02
-2.129053558297609380e-02	2.261394268279948508e-02	-2.190887416355966760e-02	2.651513499297129123e-02	-3.405310507145986598e-02	2.170176201881383882e-02	-2.334565019651345733e-02	2.771453204191379888e-02	-3.315335187029859465e-02	2.543855091220860107e-02	-3.367027738543826310e-02	2.963398522967890941e-02	-3.884764963561079115e-02	3.401128059380294916e-02	-3.694519721738423468e-02	4.044154020613026368e-02	-3.768399372778214601e-02	3.863222430428189802e-02	-4.205153166617468102e-02	4.436719064925646189e-02	-3.411412875080292034e-02	5.549681306129945757e-02	-6.089241568775166646e-02	8.934466375683293438e-02	-7.885249960930572344e-02	4.384759400479996960e-02	-5.895635113717607317e-02	7.662360550478164445e-02	-1.371795273424764872e-01	8.637965630838596864e-02	-3.427766679289614982e-02	1.256263825773038800e-01	-1.608080100797572298e-01	1.000000000000000888e+00	-1.389320295265436545e-01	3.779708371349731200e-02	-1.640338907730565787e-01	1.590555207287154826e-01	-9.278339456309608879e-01	1.335891695265617740e-01
2.592912507255708612e-02	-2.857236189312928679e-02	2.920398796989869331e-02	-3.657875462591607396e-02	5.543835412944162627e-02	-2.631137768476004071e-02	2.924191838432048038e-02	-3.655000822205840827e-02	4.795249813061166350e-02	-4.095847694801177385e-02	3.899400092319935812e-02	-3.450327448316981710e-02	4.892006248515984312e-02	-5.180318392454685145e-02	6.356533402819010414e-02	-3.754229911177008050e-02	4.140208147450410991e-02	-4.771232145294478783e-02	6.770716728535222662e-02	-7.921562129581585787e-02	2.987150365608862157e-02	-5.343214514715791119e-02	6.943862831725008955e-02	-1.017673210845667364e-01	2.083492825352232236e-01	-3.184875270935330627e-02	4.219910748029776643e-02	-7.515487500356139716e-02	1.270416447164347817e-01	-3.427128517746150238e-01	1.716187320686847484e-02	-3.441093979390345836e-02	3.588898169594759852e-02	-1.389320295265436545e-01	1.000000000000001110e+00	-1.925277743115892323e-02	4.093741685545010389e-02	-3.933438817399748794e-02	1.236545441420497382e-01	-8.863037512043927535e-01
-3.997919544880247644e-02	3.742221062175047491e-02	-3.362823727219203807e-02	3.600678674890316067e-02	-3.973398321829182261e-02	3.944798198829314873e-02	-4.072131208148331571e-02	4.154191978162075083e-02	-4.486479434025211765e-02	2.823175584771166202e-02	-7.126337839206001168e-02	5.740860263603740632e-02	-6.809675609368294469e-02	3.752185193912248307e-02	-3.780700788557127962e-02	1.069881774387901885e-01	-8.208306498341227941e-02	6.152503818461053930e-02	-4.151884476889611264e-02	3.773218308573157709e-02	-1.332992319125236302e-01	1.109085983184725510e-01	-5.252592514215138203e-02	3.831072484284744201e-02	-3.050949879218263841e-02	2.014646043784696361e-01	-2.200922203121030152e-01	6.032505418938666208e-02	-4.624897962105728455e-02	3.023488295901942402e-02	-9.266102541704350770e-01	1.087657633130062890e-01	-9.984394908060663376e-02	3.779708371349731200e-02	-1.925277743115892323e-02	1.000000000000001554e+00	-1.097812850328336864e-01	8.119759767349335466e-02	-3.838008877073872255e-02	2.340996817506655128e-02
2.408572646214523702e-02	-2.439370910546550739e-02	2.228956457140418221e-02	-2.553529105727437437e-02	2.893562636705017399e-02	-2.462258916823097110e-02	2.556815458483533907e-02	-2.825479604368065847e-02	3.091074056784406943e-02	-2.133439637873369571e-02	4.047007323262369338e-02	-3.524633951032759421e-02	4.197758872957946946e-02	-2.846135686735214512e-02	2.915819796922644938e-02	-6.332994986834390716e-02	4.749550608511411698e-02	-4.139696878310133998e-02	3.256840674417544462e-02	-3.225020644775127010e-02	5.593413448115435588e-02	-7.725520471908459141e-02	4.682130274330585651e-02	-4.578046840464591177e-02	3.827190570751582560e-02	-8.603289519649574835e-02	1.077774522755591824e-01	-6.003696746308184728e-02	5.752631620880042929e-02	-4.141693370913815397e-02	9.081211601402776334e-02	-3.737282948348486511e-01	2.702136540918428365e-01	-1.640338907730565787e-01	4.093741685545010389e-02	-1.097812850328336864e-01	1.000000000000001776e+00	-8.506499041615416257e-01	1.509566205047707110e-01	-4.916905572824875614e-02
-2.025257515131652364e-02	2.045435219203995542e-02	-1.883848427887813842e-02	2.159323760903020945e-02	-2.501548348039406983e-02	2.058938788535238235e-02	-2.148593898433268437e-02	2.378092145265441743e-02	-2.638814336392861573e-02	1.835840450011254343e-02	-3.390840941759348109e-02	2.927749899553009141e-02	-3.539054511527216229e-02	2.437290931312297015e-02	-2.524020711210728588e-02	5.051871979117443512e-02	-3.930320894403548787e-02	3.450068807486278422e-02	-2.811730233500992632e-02	2.788507226490837682e-02	-4.546708036739314368e-02	6.212860227999102147e-02	-4.048345294141170864e-02	4.069402470657436377e-02	-3.471482332349378613e-02	6.781520438629301539e-02	-9.189280818626402447e-02	5.100564030731293691e-02	-5.288944489832003715e-02	3.713397338472579357e-02	-7.518953361243591038e-02	2.641739832458943615e-01	-3.810994083303222979e-01	1.590555207287154826e-01	-3.933438817399748794e-02	8.119759767349335466e-02	-8.506499041615416257e-01	1.000000000000001998e+00	-1.947423080448320853e-01	4.586771231721722270e-02
2.131995005518535352e-02	-2.272399989604580867e-02	2.193480069599629267e-02	-2.661112911369925213e-02	3.361548078734809264e-02	-2.180386526071654424e-02	2.340067270615748402e-02	-2.784001744769045578e-02	3.300116439212183450e-02	-2.527781596919956297e-02	3.369313803128488188e-02	-2.979075332746458638e-02	3.878675397362742888e-02	-3.394194773799168174e-02	3.649384611337186390e-02	-4.115267305447901924e-02	3.788002122858614290e-02	-3.887293088039062844e-02	4.159727339808319546e-02	-4.427282887701132486e-02	3.445145612295398563e-02	-5.651002004277511787e-02	6.038736877952777249e-02	-8.929008099236540597e-02	7.593751699758491402e-02	-4.467144440594019578e-02	5.856919363120877131e-02	-7.902601544094919883e-02	1.159420374991271679e-01	-8.759141974059860003e-02	3.420284360168084764e-02	-1.314345580597560681e-01	1.381927612615228840e-01	-9.278339456309608879e-01	1.236545441420497382e-01	-3.838008877073872255e-02	1.509566205047707110e-01	-1.947423080448320853e-01	1.000000000000001776e+00	-1.522496002794400116e-01
