1.000000000000000000e+00	-7.872945251749665641e-01	2.081397891573508463e-01	-1.121917383652398098e-01	1.013682978125038103e-01	-3.951926863900253606e-01	2.880349127909372919e-01	-2.131148834488328092e-01	8.313770323413861851e-02	-8.390776308061619060e-02	1.756231025738949347e-01	-1.986608135483954873e-01	1.165608876705851588e-01	-1.172087084594740786e-01	1.087803595181220107e-01	-1.688735667720285549e-01	1.227544063490419168e-01	-8.494329268496086938e-02	8.727484653859618469e-02	-9.344452136491042393e-02	1.379217600813608668e-01	-1.464418236573516441e-01	7.623970892980191927e-02	-6.652496622620819589e-02	6.411951610697561033e-02	-6.105859842142648958e-02	6.251371366750191338e-02	-6.294933947637287863e-02	5.827707713262875178e-02	-1.018265155679356632e-01	4.271283021714638445e-02	-3.286302899731320670e-02	2.381825566778865769e-02	-1.997401883284637136e-02	1.426534744212135455e-02	-2.092124248181527826e-02	1.665296618648905852e-02	-2.260935110872076131e-02	1.538628032985327881e-02	-1.358035918590370580e-02
-7.872945251749665641e-01	1.000000000000000222e+00	-3.006612898525999888e-01	1.130121062272876620e-01	-1.062203060340354555e-01	2.592793203311477557e-01	-4.034780548392252753e-01	1.981654284824184431e-01	-8.197558538869598177e-02	7.955858666049013539e-02	-1.528534420122481530e-01	1.699207230822806780e-01	-1.116456886451309832e-01	1.051294453143227364e-01	-9.988719835813578141e-02	1.334593116017864789e-01	-1.092782270653700205e-01	7.426859376294009385e-02	-7.804174278142518573e-02	8.127281599116528699e-02	-1.252726110896562051e-01	1.217411150787462565e-01	-6.781334182424102186e-02	5.853580396115189849e-02	-5.616466014697291814e-02	5.379727981479936333e-02	-5.603368699254662050e-02	5.523362413964278544e-02	-5.165517704378303626e-02	8.803996379980312537e-02	-3.816784430973026859e-02	2.911037094417851315e-02	-2.109453306109219592e-02	1.760007601852514245e-02	-1.257061071585761913e-02	1.841364796149971839e-02	-1.470613029788531145e-02	1.990174020974564209e-02	-1.357095879466783256e-02	1.194567190509549653e-02
2.081397891573508463e-01	-3.006612898525999888e-01	1.000000000000000000e+00	-3.940097811350813939e-01	2.494492997018593339e-01	-1.443354738443791696e-01	1.693092319374181198e-01	-7.137301035937096971e-01	2.055193850189514504e-01	-2.009712747296027446e-01	1.012130801152847648e-01	-1.370054667297214701e-01	2.242724875043021204e-01	-2.280792822230719441e-01	1.577626756169593913e-01	-1.026632066708089291e-01	9.341098740448634807e-02	-8.640893912606684157e-02	9.813502437465303208e-02	-1.303392905731131091e-01	1.087129023563557229e-01	-1.183631528481279976e-01	7.844415355776117316e-02	-7.695642403377919716e-02	8.305279326550493724e-02	-5.463836729854096297e-02	5.675550954795456626e-02	-6.917939198987384242e-02	6.391758355980545203e-02	-1.423555175243076676e-01	4.000342521741800245e-02	-3.116923597254422570e-02	2.316458426784617081e-02	-1.977860435322984292e-02	1.467134053433243566e-02	-2.058239256389527219e-02	1.628131094629164249e-02	-2.237502289764368643e-02	1.530569064696019749e-02	-1.391901203982252172e-02
-1.121917383652398098e-01	1.130121062272876620e-01	-3.940097811350813939e-01	1.000000000000000000e+00	-7.439058358658453551e-01	7.562812673009967901e-02	-9.043568165881268883e-02	2.493841278429587138e-01	-4.005253859092495761e-01	2.823857544694378663e-01	-5.881782414136012965e-02	7.915535026261871776e-02	-1.583563585864553036e-01	1.568625187151841960e-01	-1.287118782404424733e-01	5.977521300931101095e-02	-5.670516097835655300e-02	5.596283634449374794e-02	-6.615769210477630280e-02	9.127923200773789547e-02	-6.812072625026160955e-02	7.271157739826858424e-02	-5.167586450409619031e-02	5.161310371297493649e-02	-5.741555996252847849e-02	3.500387257497224180e-02	-3.658189243337692936e-02	4.590146259852975752e-02	-4.270065552568562406e-02	9.864073175143274474e-02	-2.599705512158690182e-02	2.025435042698498639e-02	-1.514050950541134116e-02	1.295873907590124920e-02	-9.691005201725310866e-03	1.346337283833931413e-02	-1.064598354708221582e-02	1.465425584775977702e-02	-1.004196782366299258e-02	9.181826547361805757e-03
1.013682978125038103e-01	-1.062203060340354555e-01	2.494492997018593339e-01	-7.439058358658453551e-01	1.000000000000000000e+00	-8.002974717686438255e-02	9.148407089176914531e-02	-2.829498556421568556e-01	2.959759017472204379e-01	-4.519172228131221880e-01	6.432420720181268592e-02	-9.114380860848261823e-02	1.653648003222419061e-01	-1.867244012787117602e-01	1.492240271503174065e-01	-6.780508777657437425e-02	6.550385423076426905e-02	-6.704163888441211361e-02	7.911966851668197909e-02	-1.171394882380073776e-01	7.786701076179003422e-02	-8.652104098263381504e-02	6.188686556052296756e-02	-6.324579533563068345e-02	7.238653211576956403e-02	-4.149904655447183427e-02	4.318508233943056662e-02	-5.616735244351471479e-02	5.197418407198071272e-02	-1.276169978265818405e-01	3.091782856871475721e-02	-2.423570974597914415e-02	1.820916109774746439e-02	-1.568014354185952655e-02	1.182289471286326714e-02	-1.627561165675091640e-02	1.283539221254621776e-02	-1.773629191949400302e-02	1.215830305853480599e-02	-1.120199075772030164e-02
-3.951926863900253606e-01	2.592793203311477557e-01	-1.443354738443791696e-01	7.562812673009967901e-02	-8.002974717686438255e-02	9.999999999999997780e-01	-6.548967756266959039e-01	1.381550518867949717e-01	-6.279137139701086723e-02	6.148199020761371120e-02	-4.668887565444810317e-01	2.522935321341485126e-01	-1.032211918727875960e-01	9.471335734837003917e-02	-1.118172039562838893e-01	2.470811465980339017e-01	-1.729827353029993464e-01	1.020494454729938549e-01	-1.036375818714733582e-01	9.141999131784288302e-02	-2.109587504436140348e-01	1.767431512329735999e-01	-9.389058363256450046e-02	7.559851238928197437e-02	-6.708432376069901892e-02	8.136164462408720932e-02	-8.467016263957545530e-02	7.350516432991627269e-02	-6.925893838731722596e-02	9.827450919464122969e-02	-5.624747501703418473e-02	4.240722844287802412e-02	-3.026130845750483675e-02	2.491803229626162255e-02	-1.744564048493821642e-02	2.611736795084304910e-02	-2.098205142222463529e-02	2.815177032290112208e-02	-1.917363410239014687e-02	1.658706352476815513e-02
2.880349127909372919e-01	-4.034780548392252753e-01	1.693092319374181198e-01	-9.043568165881268883e-02	9.148407089176914531e-02	-6.548967756266959039e-01	1.000000000000000000e+00	-1.880978544133719566e-01	7.406813537823184190e-02	-7.290813325524925226e-02	2.590730166983287730e-01	-4.078217470030553460e-01	1.174745006023545230e-01	-1.104922109263609120e-01	1.210716542366356563e-01	-2.488700268404527016e-01	1.948576615295714021e-01	-1.158316277352903628e-01	1.122868684277914253e-01	-1.025404317218559097e-01	1.946336196079238579e-01	-2.109209136087612513e-01	1.020433260659657781e-01	-8.310329773510578832e-02	7.413446559867041541e-02	-8.214352163498367387e-02	8.435058326292449449e-02	-7.956408760017362469e-02	7.409406162002957208e-02	-1.105262385506495665e-01	5.658696221956226874e-02	-4.324148873075227967e-02	3.101363854581330390e-02	-2.575894519768470378e-02	1.812295735749629502e-02	-2.701145434137211879e-02	2.159083447623520030e-02	-2.913840826813106008e-02	1.980987433771050354e-02	-1.725946163580006215e-02
-2.131148834488328092e-01	1.981654284824184431e-01	-7.137301035937096971e-01	2.493841278429587138e-01	-2.829498556421568556e-01	1.381550518867949717e-01	-1.880978544133719566e-01	9.999999999999998890e-01	-2.608853316620957652e-01	1.977522878666289896e-01	-1.029900841402791312e-01	1.319162018329782526e-01	-3.872228256150806458e-01	2.380592074046793127e-01	-1.772929653441250308e-01	1.001957299397895212e-01	-9.348620838080581863e-02	8.767839885203362882e-02	-1.012721722866194718e-01	1.262467759698379932e-01	-1.122453491179066509e-01	1.146008320698709698e-01	-8.012051014736189247e-02	7.712856018488922771e-02	-8.168105133990362365e-02	5.499383173572549438e-02	-5.771146569555075240e-02	6.896860156362547012e-02	-6.437143425386465667e-02	1.360903992943866270e-01	-4.053559930327739480e-02	3.135745177832399005e-02	-2.326120212326607956e-02	1.975203800681275129e-02	-1.459618319573446552e-02	2.054997280754546074e-02	-1.630420552148412194e-02	2.233018000129094460e-02	-1.528922045604030888e-02	1.383343111236716265e-02
8.313770323413861851e-02	-8.197558538869598177e-02	2.055193850189514504e-01	-4.005253859092495761e-01	2.959759017472204379e-01	-6.279137139701086723e-02	7.406813537823184190e-02	-2.608853316620957652e-01	1.000000000000000000e+00	-7.977164350737477871e-01	5.130157352214348432e-02	-7.165642824431847635e-02	1.720994726098367400e-01	-2.171184786285801638e-01	1.474438552353892484e-01	-5.342647197902636313e-02	5.269973091762675949e-02	-5.632319378657114906e-02	6.896751540297151040e-02	-9.747923726874392625e-02	6.291909528038333588e-02	-6.828252606640827782e-02	5.189872383757120067e-02	-5.333216048962415717e-02	6.018717883206642361e-02	-3.359917466750438758e-02	3.514233783132857808e-02	-4.651369279255533618e-02	4.330917713295116822e-02	-1.038058430204147065e-01	2.506725030046522140e-02	-1.962275318635178095e-02	1.474673972856716843e-02	-1.267774725606188140e-02	9.569361545135669431e-03	-1.314215233299986969e-02	1.037666267374191473e-02	-1.433010987872084148e-02	9.832706467981108811e-03	-9.058411026154285922e-03
-8.390776308061619060e-02	7.955858666049013539e-02	-2.009712747296027446e-01	2.823857544694378663e-01	-4.519172228131221880e-01	6.148199020761371120e-02	-7.290813325524925226e-02	1.977522878666289896e-01	-7.977164350737477871e-01	9.999999999999986677e-01	-5.116558325148176656e-02	7.058487175376994271e-02	-1.685590345755814123e-01	1.732430523139127376e-01	-1.742371959564756601e-01	5.298120409459265712e-02	-5.234185084717479786e-02	5.556475107910219952e-02	-6.821870761541115602e-02	9.865725032376708448e-02	-6.345115392650192698e-02	6.778353953875031201e-02	-5.177627857933090466e-02	5.292855670905162457e-02	-6.075189724831027427e-02	3.371131631787105398e-02	-3.534310454532119811e-02	4.634921990190035701e-02	-4.334706050697128416e-02	1.044741440466113863e-01	-2.527537699640906160e-02	1.974291733136899346e-02	-1.484898422023517989e-02	1.275809125706661371e-02	-9.637248135761385809e-03	1.322456915506869599e-02	-1.044700413420405691e-02	1.441965051184697019e-02	-9.899236537788395907e-03	9.118782431412585099e-03
1.756231025738949347e-01	-1.528534420122481530e-01	1.012130801152847648e-01	-5.881782414136012965e-02	6.432420720181268592e-02	-4.668887565444810317e-01	2.590730166983287730e-01	-1.029900841402791312e-01	5.130157352214348432e-02	-5.116558325148176656e-02	9.999999999999997780e-01	-3.567289244757608779e-01	9.322276847654460685e-02	-8.790822564862857402e-02	1.136869133636901064e-01	-6.895308370435740963e-01	2.263332116522871751e-01	-1.263885351855810191e-01	1.174683909792280101e-01	-9.946223175305897446e-02	2.532962669565259062e-01	-2.477262093777757024e-01	1.097507180962907364e-01	-8.706467144580780360e-02	7.424880035267314438e-02	-1.021190213544504316e-01	9.917665617573932779e-02	-8.605168606216218041e-02	7.924483878103504020e-02	-1.072443636398047045e-01	6.537998123532243189e-02	-5.031661740159393270e-02	3.553408488142485028e-02	-2.946934411895480235e-02	2.037900394692161374e-02	-3.100367569502152434e-02	2.475042333036319223e-02	-3.336478564787823120e-02	2.257174462179799279e-02	-1.948395198899842071e-02
-1.986608135483954873e-01	1.699207230822806780e-01	-1.370054667297214701e-01	7.915535026261871776e-02	-9.114380860848261823e-02	2.522935321341485126e-01	-4.078217470030553460e-01	1.319162018329782526e-01	-7.165642824431847635e-02	7.058487175376994271e-02	-3.567289244757608779e-01	9.999999999999998890e-01	-1.436641298050990445e-01	1.275238193440666745e-01	-1.810976013436380871e-01	2.771535599474928557e-01	-5.745843353768285144e-01	2.094880514046439102e-01	-2.073670238587136394e-01	1.443087107514138823e-01	-3.569554707601718113e-01	3.046766380915217343e-01	-1.958573296950061604e-01	1.398946541665780641e-01	-1.136621316795720649e-01	1.369404412661686110e-01	-1.498885888630227536e-01	1.319827566137088959e-01	-1.282745868361510611e-01	1.517275070938248760e-01	-9.826064133049339233e-02	7.293678495499295034e-02	-5.201764289064792629e-02	4.227372460508868612e-02	-2.951408652935279958e-02	4.416101596798619605e-02	-3.577138883915908368e-02	4.762988348328674876e-02	-3.258203234358425515e-02	2.794597406431276188e-02
1.165608876705851588e-01	-1.116456886451309832e-01	2.242724875043021204e-01	-1.583563585864553036e-01	1.653648003222419061e-01	-1.032211918727875960e-01	1.174745006023545230e-01	-3.872228256150806458e-01	1.720994726098367400e-01	-1.685590345755814123e-01	9.322276847654460685e-02	-1.436641298050990445e-01	9.999999999999967804e-01	-7.572150285841208195e-01	2.598130459096408829e-01	-1.020734552531296080e-01	1.103774559431448116e-01	-1.438635497333929925e-01	1.659601227846208837e-01	-2.186621625668537516e-01	1.244195310071321420e-01	-1.438511637021873124e-01	1.221656957585730008e-01	-1.282502137838625600e-01	1.364710932024411072e-01	-7.139590885408729493e-02	7.438461390814794794e-02	-1.090081253900708480e-01	9.969843592237256913e-02	-2.359352040376472559e-01	5.279003726757523079e-02	-4.183603891816314868e-02	3.153199270243237096e-02	-2.725973638302627358e-02	2.068316600217870102e-02	-2.820125098743028746e-02	2.220203828884896244e-02	-3.080716564820435571e-02	2.112639200275571658e-02	-1.959027005178042707e-02
-1.172087084594740786e-01	1.051294453143227364e-01	-2.280792822230719441e-01	1.568625187151841960e-01	-1.867244012787117602e-01	9.471335734837003917e-02	-1.104922109263609120e-01	2.380592074046793127e-01	-2.171184786285801638e-01	1.732430523139127376e-01	-8.790822564862857402e-02	1.275238193440666745e-01	-7.572150285841208195e-01	9.999999999999996669e-01	-4.077465890674616955e-01	9.383877177824519189e-02	-1.028314463193004541e-01	1.327730227959729725e-01	-1.953144036602631473e-01	1.979784649231257909e-01	-1.200439870373734147e-01	1.292617361834247913e-01	-1.202578796663292260e-01	1.256910681984884370e-01	-1.284976486603031098e-01	6.720689182993119792e-02	-7.110888700201024870e-02	1.028098522218130889e-01	-9.736776001182154139e-02	2.044114213455215101e-01	-5.007851894417175015e-02	3.932458866793167584e-02	-2.955347734872844009e-02	2.531908490205420775e-02	-1.907057786922792750e-02	2.618383432345627523e-02	-2.070852505840923424e-02	2.858500915421519767e-02	-1.962411156505743104e-02	1.803499521662095886e-02
1.087803595181220107e-01	-9.988719835813578141e-02	1.577626756169593913e-01	-1.287118782404424733e-01	1.492240271503174065e-01	-1.118172039562838893e-01	1.210716542366356563e-01	-1.772929653441250308e-01	1.474438552353892484e-01	-1.742371959564756601e-01	1.136869133636901064e-01	-1.810976013436380871e-01	2.598130459096408829e-01	-4.077465890674616955e-01	9.999999999999996669e-01	-1.302171298721830905e-01	1.434457592364295764e-01	-1.799995058545275084e-01	2.251951677255233097e-01	-5.324885954575742097e-01	1.711197128219363595e-01	-2.005060762260681140e-01	1.747693472871794940e-01	-1.988218592706255949e-01	2.798840658654214164e-01	-1.069282509251315155e-01	1.111708449722029618e-01	-1.703784971906421863e-01	1.591067920529228574e-01	-5.213138585409149428e-01	8.192220976282314771e-02	-6.540969938868737565e-02	5.062359409990652148e-02	-4.471764316778856913e-02	3.565091388377614884e-02	-4.586061404122290103e-02	3.589995566133137583e-02	-5.045094370406079387e-02	3.489817980455130197e-02	-3.358568689779397459e-02
-1.688735667720285549e-01	1.334593116017864789e-01	-1.026632066708089291e-01	5.977521300931101095e-02	-6.780508777657437425e-02	2.470811465980339017e-01	-2.488700268404527016e-01	1.001957299397895212e-01	-5.342647197902636313e-02	5.298120409459265712e-02	-6.895308370435740963e-01	2.771535599474928557e-01	-1.020734552531296080e-01	9.383877177824519189e-02	-1.302171298721830905e-01	9.999999999999976685e-01	-3.190724673396503341e-01	1.450533829695702936e-01	-1.405688032363140716e-01	1.096474325225973434e-01	-4.564166819045278323e-01	2.619929910737660017e-01	-1.323420833448690492e-01	1.010115743874159810e-01	-8.417501283580731963e-02	1.344856940867039663e-01	-1.345813033098326450e-01	1.016724468910192442e-01	-9.537763836443766130e-02	1.174085034788946297e-01	-8.504260744687354434e-02	6.406203148643342671e-02	-4.462590876494575143e-02	3.640262128758899041e-02	-2.495950304093531510e-02	3.819003150043472766e-02	-3.078180788316989963e-02	4.107895398997121056e-02	-2.787977374046992501e-02	2.379278668994961807e-02
1.227544063490419168e-01	-1.092782270653700205e-01	9.341098740448634807e-02	-5.670516097835655300e-02	6.550385423076426905e-02	-1.729827353029993464e-01	1.948576615295714021e-01	-9.348620838080581863e-02	5.269973091762675949e-02	-5.234185084717479786e-02	2.263332116522871751e-01	-5.745843353768285144e-01	1.103774559431448116e-01	-1.028314463193004541e-01	1.434457592364295764e-01	-3.190724673396503341e-01	9.999999999999971134e-01	-3.456080013659078576e-01	2.010217211418714456e-01	-1.287158318939914947e-01	2.774869363359482866e-01	-5.695733132005386112e-01	2.033563835131063924e-01	-1.406041408906325840e-01	1.027289410924406982e-01	-1.160239502634680953e-01	1.232135173004487577e-01	-1.272431598800488894e-01	1.180023767654004158e-01	-1.336257956103832079e-01	7.793877567940168949e-02	-5.977015194200265696e-02	4.221554825203991529e-02	-3.458864196673071961e-02	2.401403827586761838e-02	-3.606960417894442689e-02	2.903657315762423613e-02	-3.897371914439877461e-02	2.651531847599036817e-02	-2.283445717037057426e-02
-8.494329268496086938e-02	7.426859376294009385e-02	-8.640893912606684157e-02	5.596283634449374794e-02	-6.704163888441211361e-02	1.020494454729938549e-01	-1.158316277352903628e-01	8.767839885203362882e-02	-5.632319378657114906e-02	5.556475107910219952e-02	-1.263885351855810191e-01	2.094880514046439102e-01	-1.438635497333929925e-01	1.327730227959729725e-01	-1.799995058545275084e-01	1.450533829695702936e-01	-3.456080013659078576e-01	9.999999999999981126e-01	-5.345891133081336344e-01	1.844160436265587788e-01	-1.834388701246265352e-01	2.254030008912676353e-01	-6.333775339343983291e-01	2.787691867239378007e-01	-1.659889183260002676e-01	1.043284167816745794e-01	-1.147167058175319193e-01	2.119482424569107126e-01	-2.061678200084188228e-01	1.804927789603305577e-01	-7.060640562868177039e-02	5.644692261049243098e-02	-4.064351952260355366e-02	3.360678706288216383e-02	-2.377330958413483714e-02	3.454091414655009740e-02	-2.767018215193227382e-02	3.771738322481891365e-02	-2.569026005376438826e-02	2.256277549764507812e-02
8.727484653859618469e-02	-7.804174278142518573e-02	9.813502437465303208e-02	-6.615769210477630280e-02	7.911966851668197909e-02	-1.036375818714733582e-01	1.122868684277914253e-01	-1.012721722866194718e-01	6.896751540297151040e-02	-6.821870761541115602e-02	1.174683909792280101e-01	-2.073670238587136394e-01	1.659601227846208837e-01	-1.953144036602631473e-01	2.251951677255233097e-01	-1.405688032363140716e-01	2.010217211418714456e-01	-5.345891133081336344e-01	9.999999999999972244e-01	-3.179113357966171782e-01	1.754507512798088587e-01	-2.297442972253276039e-01	3.197826328646169447e-01	-5.452210181775627440e-01	2.385335107341111094e-01	-1.203035752747399351e-01	1.258416897795338885e-01	-2.764959968657880185e-01	2.413599472153013237e-01	-2.712295287967939617e-01	7.882454415862194530e-02	-6.512784042544321472e-02	4.708490976339414075e-02	-3.973911146179366638e-02	2.850213062909480108e-02	-4.065369140121666280e-02	3.222950361661066493e-02	-4.459726378765298260e-02	3.027250778150898658e-02	-2.712055639780839439e-02
-9.344452136491042393e-02	8.127281599116528699e-02	-1.303392905731131091e-01	9.127923200773789547e-02	-1.171394882380073776e-01	9.141999131784288302e-02	-1.025404317218559097e-01	1.262467759698379932e-01	-9.747923726874392625e-02	9.865725032376708448e-02	-9.946223175305897446e-02	1.443087107514138823e-01	-2.186621625668537516e-01	1.979784649231257909e-01	-5.324885954575742097e-01	1.096474325225973434e-01	-1.287158318939914947e-01	1.844160436265587788e-01	-3.179113357966171782e-01	9.999999999999974465e-01	-1.635667774427715659e-01	1.590900981307493689e-01	-2.101832072950549635e-01	2.400549482906703669e-01	-6.125024496934570184e-01	9.687739335164918808e-02	-1.067375225084645357e-01	1.663781459822239184e-01	-1.821675889465483866e-01	3.309775819736941460e-01	-7.515078217421357343e-02	5.814224968827103740e-02	-4.430034158654360538e-02	3.755919078565334718e-02	-2.909761459943807638e-02	3.836761410819636287e-02	-3.067004132838879737e-02	4.212945659491935946e-02	-2.933038832891265296e-02	2.708648831279255459e-02
1.379217600813608668e-01	-1.252726110896562051e-01	1.087129023563557229e-01	-6.812072625026160955e-02	7.786701076179003422e-02	-2.109587504436140348e-01	1.946336196079238579e-01	-1.122453491179066509e-01	6.291909528038333588e-02	-6.345115392650192698e-02	2.532962669565259062e-01	-3.569554707601718113e-01	1.244195310071321420e-01	-1.200439870373734147e-01	1.711197128219363595e-01	-4.564166819045278323e-01	2.774869363359482866e-01	-1.834388701246265352e-01	1.754507512798088587e-01	-1.635667774427715659e-01	9.999999999999963363e-01	-5.447874580939985334e-01	1.663471069603663921e-01	-1.407857870584136306e-01	1.213056354813243087e-01	-3.566404662603220865e-01	2.336610631782401193e-01	-1.598087176705333401e-01	1.374663914263900277e-01	-1.812838978749362617e-01	1.471461659860510973e-01	-1.193166834404603277e-01	7.962655630192842782e-02	-6.694276425326811664e-02	4.440079213201886255e-02	-7.103910471329416554e-02	5.594725321278998242e-02	-7.603833152070822721e-02	5.048357120923132463e-02	-4.309852274004477568e-02
-1.464418236573516441e-01	1.217411150787462565e-01	-1.183631528481279976e-01	7.271157739826858424e-02	-8.652104098263381504e-02	1.767431512329735999e-01	-2.109209136087612513e-01	1.146008320698709698e-01	-6.828252606640827782e-02	6.778353953875031201e-02	-2.477262093777757024e-01	3.046766380915217343e-01	-1.438511637021873124e-01	1.292617361834247913e-01	-2.005060762260681140e-01	2.619929910737660017e-01	-5.695733132005386112e-01	2.254030008912676353e-01	-2.297442972253276039e-01	1.590900981307493689e-01	-5.447874580939985334e-01	9.999999999999970024e-01	-2.243144371165355921e-01	1.582883971922946220e-01	-1.274819181422591208e-01	1.893609975318092387e-01	-2.167347970667674317e-01	1.566299947573030482e-01	-1.517476218153084311e-01	1.677502115943537986e-01	-1.310287209040794654e-01	9.739796787088716989e-02	-6.819448956230543535e-02	5.474370577969642215e-02	-3.769668661756245959e-02	5.713199691014006487e-02	-4.654892850334283599e-02	6.156100667823667660e-02	-4.210006897314034352e-02	3.569670638740774643e-02
7.623970892980191927e-02	-6.781334182424102186e-02	7.844415355776117316e-02	-5.167586450409619031e-02	6.188686556052296756e-02	-9.389058363256450046e-02	1.020433260659657781e-01	-8.012051014736189247e-02	5.189872383757120067e-02	-5.177627857933090466e-02	1.097507180962907364e-01	-1.958573296950061604e-01	1.221656957585730008e-01	-1.202578796663292260e-01	1.747693472871794940e-01	-1.323420833448690492e-01	2.033563835131063924e-01	-6.333775339343983291e-01	3.197826328646169447e-01	-2.101832072950549635e-01	1.663471069603663921e-01	-2.243144371165355921e-01	9.999999999999974465e-01	-4.759553883498292559e-01	1.913119605313624294e-01	-1.199475340266868556e-01	1.286616700227087851e-01	-3.711953620816298982e-01	2.590648872484078158e-01	-2.165671109076769685e-01	7.510327326722704422e-02	-6.309154742783500136e-02	4.486030585530902115e-02	-3.730997857179321753e-02	2.607808729984564811e-02	-3.789979368524853953e-02	3.019012189711842153e-02	-4.171049307966163966e-02	2.820836578855021731e-02	-2.487707772398741607e-02
-6.652496622620819589e-02	5.853580396115189849e-02	-7.695642403377919716e-02	5.161310371297493649e-02	-6.324579533563068345e-02	7.559851238928197437e-02	-8.310329773510578832e-02	7.712856018488922771e-02	-5.333216048962415717e-02	5.292855670905162457e-02	-8.706467144580780360e-02	1.398946541665780641e-01	-1.282502137838625600e-01	1.256910681984884370e-01	-1.988218592706255949e-01	1.010115743874159810e-01	-1.406041408906325840e-01	2.787691867239378007e-01	-5.452210181775627440e-01	2.400549482906703669e-01	-1.407857870584136306e-01	1.582883971922946220e-01	-4.759553883498292559e-01	9.999999999999963363e-01	-3.571980779599691624e-01	1.036252315772484139e-01	-1.154983136681349970e-01	2.817286782066467099e-01	-4.517365768148214888e-01	2.403975069064278325e-01	-6.808966913148202516e-02	5.638230587069845146e-02	-4.080582572265997743e-02	3.394185943252708143e-02	-2.441607330026367151e-02	3.432621534952125242e-02	-2.743236538147593440e-02	3.787082320711226274e-02	-2.584094990624023411e-02	2.309660440554521868e-02
6.411951610697561033e-02	-5.616466014697291814e-02	8.305279326550493724e-02	-5.741555996252847849e-02	7.238653211576956403e-02	-6.708432376069901892e-02	7.413446559867041541e-02	-8.168105133990362365e-02	6.018717883206642361e-02	-6.075189724831027427e-02	7.424880035267314438e-02	-1.136621316795720649e-01	1.364710932024411072e-01	-1.284976486603031098e-01	2.798840658654214164e-01	-8.417501283580731963e-02	1.027289410924406982e-01	-1.659889183260002676e-01	2.385335107341111094e-01	-6.125024496934570184e-01	1.213056354813243087e-01	-1.274819181422591208e-01	1.913119605313624294e-01	-3.571980779599691624e-01	9.999999999999970024e-01	-8.037175826186009064e-02	8.718098864594189812e-02	-1.699433212917653702e-01	1.814239451715163598e-01	-6.061373482840906046e-01	5.860780334980623257e-02	-4.689946693050078136e-02	3.560394808496442076e-02	-3.092688382555328422e-02	2.553907814444105265e-02	-3.052962853327741491e-02	2.437015418204068959e-02	-3.412143568625055495e-02	2.401957639633842470e-02	-2.357650576907932213e-02
-6.105859842142648958e-02	5.379727981479936333e-02	-5.463836729854096297e-02	3.500387257497224180e-02	-4.149904655447183427e-02	8.136164462408720932e-02	-8.214352163498367387e-02	5.499383173572549438e-02	-3.359917466750438758e-02	3.371131631787105398e-02	-1.021190213544504316e-01	1.369404412661686110e-01	-7.139590885408729493e-02	6.720689182993119792e-02	-1.069282509251315155e-01	1.344856940867039663e-01	-1.160239502634680953e-01	1.043284167816745794e-01	-1.203035752747399351e-01	9.687739335164918808e-02	-3.566404662603220865e-01	1.893609975318092387e-01	-1.199475340266868556e-01	1.036252315772484139e-01	-8.037175826186009064e-02	9.999999999999977796e-01	-7.919804407304567029e-01	1.689650665331460244e-01	-1.516698856540948936e-01	1.075714278262812074e-01	-3.082514428929332695e-01	2.121912319779944711e-01	-1.257901524848485386e-01	9.477828414268017754e-02	-5.874813780629788151e-02	9.833474903930113087e-02	-8.170465845534437277e-02	1.050129129273216222e-01	-7.026293805533093129e-02	5.653016568185340041e-02
6.251371366750191338e-02	-5.603368699254662050e-02	5.675550954795456626e-02	-3.658189243337692936e-02	4.318508233943056662e-02	-8.467016263957545530e-02	8.435058326292449449e-02	-5.771146569555075240e-02	3.514233783132857808e-02	-3.534310454532119811e-02	9.917665617573932779e-02	-1.498885888630227536e-01	7.438461390814794794e-02	-7.110888700201024870e-02	1.111708449722029618e-01	-1.345813033098326450e-01	1.232135173004487577e-01	-1.147167058175319193e-01	1.258416897795338885e-01	-1.067375225084645357e-01	2.336610631782401193e-01	-2.167347970667674317e-01	1.286616700227087851e-01	-1.154983136681349970e-01	8.718098864594189812e-02	-7.919804407304567029e-01	9.999999999999976685e-01	-2.464954514670044672e-01	1.617963392815560675e-01	-1.201677987530634650e-01	2.421054182375748931e-01	-2.953943937843698242e-01	1.386998896797595193e-01	-1.106198918789293023e-01	6.513951448746052586e-02	-1.121071158063685347e-01	9.049610694229090480e-02	-1.218948204123516954e-01	7.895168652949130506e-02	-6.416087326804784108e-02
-6.294933947637287863e-02	5.523362413964278544e-02	-6.917939198987384242e-02	4.590146259852975752e-02	-5.616735244351471479e-02	7.350516432991627269e-02	-7.956408760017362469e-02	6.896860156362547012e-02	-4.651369279255533618e-02	4.634921990190035701e-02	-8.605168606216218041e-02	1.319827566137088959e-01	-1.090081253900708480e-01	1.028098522218130889e-01	-1.703784971906421863e-01	1.016724468910192442e-01	-1.272431598800488894e-01	2.119482424569107126e-01	-2.764959968657880185e-01	1.663781459822239184e-01	-1.598087176705333401e-01	1.566299947573030482e-01	-3.711953620816298982e-01	2.817286782066467099e-01	-1.699433212917653702e-01	1.689650665331460244e-01	-2.464954514670044672e-01	9.999999999999980016e-01	-7.646497059795027695e-01	1.833893009438094246e-01	-9.958846187560620178e-02	8.817201701936283609e-02	-6.213444699156418088e-02	4.859241059462728052e-02	-3.215242721401508075e-02	4.809259845010193518e-02	-3.899128179255407362e-02	5.363162080646066698e-02	-3.616120189956580078e-02	3.072052450349177510e-02
5.827707713262875178e-02	-5.165517704378303626e-02	6.391758355980545203e-02	-4.270065552568562406e-02	5.197418407198071272e-02	-6.925893838731722596e-02	7.409406162002957208e-02	-6.437143425386465667e-02	4.330917713295116822e-02	-4.334706050697128416e-02	7.924483878103504020e-02	-1.282745868361510611e-01	9.969843592237256913e-02	-9.736776001182154139e-02	1.591067920529228574e-01	-9.537763836443766130e-02	1.180023767654004158e-01	-2.061678200084188228e-01	2.413599472153013237e-01	-1.821675889465483866e-01	1.374663914263900277e-01	-1.517476218153084311e-01	2.590648872484078158e-01	-4.517365768148214888e-01	1.814239451715163598e-01	-1.516698856540948936e-01	1.617963392815560675e-01	-7.646497059795027695e-01	9.999999999999983347e-01	-2.218130198028680222e-01	8.365923598325178401e-02	-7.569378831814529973e-02	5.230156896554487983e-02	-4.311862828232113781e-02	2.889226881352695286e-02	-4.299343606502076254e-02	3.418385866649206045e-02	-4.783885606678194014e-02	3.196417165677310074e-02	-2.778696377464703188e-02
-1.018265155679356632e-01	8.803996379980312537e-02	-1.423555175243076676e-01	9.864073175143274474e-02	-1.276169978265818405e-01	9.827450919464122969e-02	-1.105262385506495665e-01	1.360903992943866270e-01	-1.038058430204147065e-01	1.044741440466113863e-01	-1.072443636398047045e-01	1.517275070938248760e-01	-2.359352040376472559e-01	2.044114213455215101e-01	-5.213138585409149428e-01	1.174085034788946297e-01	-1.336257956103832079e-01	1.804927789603305577e-01	-2.712295287967939617e-01	3.309775819736941460e-01	-1.812838978749362617e-01	1.677502115943537986e-01	-2.165671109076769685e-01	2.403975069064278325e-01	-6.061373482840906046e-01	1.075714278262812074e-01	-1.201677987530634650e-01	1.833893009438094246e-01	-2.218130198028680222e-01	9.999999999999981126e-01	-8.634633892015609880e-02	6.644530108097611298e-02	-5.217975025202719469e-02	4.565927762262552564e-02	-4.088509610216749246e-02	4.452799397023170930e-02	-3.580973512543550452e-02	5.003010918596188794e-02	-3.609294858081454893e-02	3.645431191331107573e-02
4.271283021714638445e-02	-3.816784430973026859e-02	4.000342521741800245e-02	-2.599705512158690182e-02	3.091782856871475721e-02	-5.624747501703418473e-02	5.658696221956226874e-02	-4.053559930327739480e-02	2.506725030046522140e-02	-2.527537699640906160e-02	6.537998123532243189e-02	-9.826064133049339233e-02	5.279003726757523079e-02	-5.007851894417175015e-02	8.192220976282314771e-02	-8.504260744687354434e-02	7.793877567940168949e-02	-7.060640562868177039e-02	7.882454415862194530e-02	-7.515078217421357343e-02	1.471461659860510973e-01	-1.310287209040794654e-01	7.510327326722704422e-02	-6.808966913148202516e-02	5.860780334980623257e-02	-3.082514428929332695e-01	2.421054182375748931e-01	-9.958846187560620178e-02	8.365923598325178401e-02	-8.634633892015609880e-02	9.999999999999980016e-01	-7.014810211443294197e-01	2.834721459967052271e-01	-2.654493485680433085e-01	1.420210568651208427e-01	-3.042478621874441513e-01	2.143247819833107859e-01	-3.007929126781433427e-01	1.803530595629036226e-01	-1.482986898493047490e-01
-3.286302899731320670e-02	2.911037094417851315e-02	-3.116923597254422570e-02	2.025435042698498639e-02	-2.423570974597914415e-02	4.240722844287802412e-02	-4.324148873075227967e-02	3.135745177832399005e-02	-1.962275318635178095e-02	1.974291733136899346e-02	-5.031661740159393270e-02	7.293678495499295034e-02	-4.183603891816314868e-02	3.932458866793167584e-02	-6.540969938868737565e-02	6.406203148643342671e-02	-5.977015194200265696e-02	5.644692261049243098e-02	-6.512784042544321472e-02	5.814224968827103740e-02	-1.193166834404603277e-01	9.739796787088716989e-02	-6.309154742783500136e-02	5.638230587069845146e-02	-4.689946693050078136e-02	2.121912319779944711e-01	-2.953943937843698242e-01	8.817201701936283609e-02	-7.569378831814529973e-02	6.644530108097611298e-02	-7.014810211443294197e-01	9.999999999999986677e-01	-4.859613790960847779e-01	2.217556857768868961e-01	-1.309516289267484146e-01	2.068460686735058007e-01	-2.183768774039336058e-01	2.325918307423056053e-01	-1.648596929528405031e-01	1.200517535215949033e-01
2.381825566778865769e-02	-2.109453306109219592e-02	2.316458426784617081e-02	-1.514050950541134116e-02	1.820916109774746439e-02	-3.026130845750483675e-02	3.101363854581330390e-02	-2.326120212326607956e-02	1.474673972856716843e-02	-1.484898422023517989e-02	3.553408488142485028e-02	-5.201764289064792629e-02	3.153199270243237096e-02	-2.955347734872844009e-02	5.062359409990652148e-02	-4.462590876494575143e-02	4.221554825203991529e-02	-4.064351952260355366e-02	4.708490976339414075e-02	-4.430034158654360538e-02	7.962655630192842782e-02	-6.819448956230543535e-02	4.486030585530902115e-02	-4.080582572265997743e-02	3.560394808496442076e-02	-1.257901524848485386e-01	1.386998896797595193e-01	-6.213444699156418088e-02	5.230156896554487983e-02	-5.217975025202719469e-02	2.834721459967052271e-01	-4.859613790960847779e-01	9.999999999999981126e-01	-5.692148413268371954e-01	2.039993686569516740e-01	-2.328545565237178372e-01	1.981203313164425217e-01	-4.737984885392260148e-01	2.765396412665232506e-01	-2.044848994251195484e-01
-1.997401883284637136e-02	1.760007601852514245e-02	-1.977860435322984292e-02	1.295873907590124920e-02	-1.568014354185952655e-02	2.491803229626162255e-02	-2.575894519768470378e-02	1.975203800681275129e-02	-1.267774725606188140e-02	1.275809125706661371e-02	-2.946934411895480235e-02	4.227372460508868612e-02	-2.725973638302627358e-02	2.531908490205420775e-02	-4.471764316778856913e-02	3.640262128758899041e-02	-3.458864196673071961e-02	3.360678706288216383e-02	-3.973911146179366638e-02	3.755919078565334718e-02	-6.694276425326811664e-02	5.474370577969642215e-02	-3.730997857179321753e-02	3.394185943252708143e-02	-3.092688382555328422e-02	9.477828414268017754e-02	-1.106198918789293023e-01	4.859241059462728052e-02	-4.311862828232113781e-02	4.565927762262552564e-02	-2.654493485680433085e-01	2.217556857768868961e-01	-5.692148413268371954e-01	9.999999999999985567e-01	-4.039050333209004418e-01	1.625212666718355292e-01	-1.585967129317900626e-01	3.055576352633708193e-01	-5.454184696361925599e-01	2.704479874833857211e-01
1.426534744212135455e-02	-1.257061071585761913e-02	1.467134053433243566e-02	-9.691005201725310866e-03	1.182289471286326714e-02	-1.744564048493821642e-02	1.812295735749629502e-02	-1.459618319573446552e-02	9.569361545135669431e-03	-9.637248135761385809e-03	2.037900394692161374e-02	-2.951408652935279958e-02	2.068316600217870102e-02	-1.907057786922792750e-02	3.565091388377614884e-02	-2.495950304093531510e-02	2.401403827586761838e-02	-2.377330958413483714e-02	2.850213062909480108e-02	-2.909761459943807638e-02	4.440079213201886255e-02	-3.769668661756245959e-02	2.607808729984564811e-02	-2.441607330026367151e-02	2.553907814444105265e-02	-5.874813780629788151e-02	6.513951448746052586e-02	-3.215242721401508075e-02	2.889226881352695286e-02	-4.088509610216749246e-02	1.420210568651208427e-01	-1.309516289267484146e-01	2.039993686569516740e-01	-4.039050333209004418e-01	9.999999999999978906e-01	-1.398731675507900452e-01	1.185866604460569795e-01	-2.651445234366153203e-01	2.890098760026073021e-01	-8.172192962116895387e-01
-2.092124248181527826e-02	1.841364796149971839e-02	-2.058239256389527219e-02	1.346337283833931413e-02	-1.627561165675091640e-02	2.611736795084304910e-02	-2.701145434137211879e-02	2.054997280754546074e-02	-1.314215233299986969e-02	1.322456915506869599e-02	-3.100367569502152434e-02	4.416101596798619605e-02	-2.820125098743028746e-02	2.618383432345627523e-02	-4.586061404122290103e-02	3.819003150043472766e-02	-3.606960417894442689e-02	3.454091414655009740e-02	-4.065369140121666280e-02	3.836761410819636287e-02	-7.103910471329416554e-02	5.713199691014006487e-02	-3.789979368524853953e-02	3.432621534952125242e-02	-3.052962853327741491e-02	9.833474903930113087e-02	-1.121071158063685347e-01	4.809259845010193518e-02	-4.299343606502076254e-02	4.452799397023170930e-02	-3.042478621874441513e-01	2.068460686735058007e-01	-2.328545565237178372e-01	1.625212666718355292e-01	-1.398731675507900452e-01	9.999999999999980016e-01	-8.520441319531224522e-01	2.537352245642956472e-01	-1.919463784405351370e-01	1.165284222742764553e-01
1.665296618648905852e-02	-1.470613029788531145e-02	1.628131094629164249e-02	-1.064598354708221582e-02	1.283539221254621776e-02	-2.098205142222463529e-02	2.159083447623520030e-02	-1.630420552148412194e-02	1.037666267374191473e-02	-1.044700413420405691e-02	2.475042333036319223e-02	-3.577138883915908368e-02	2.220203828884896244e-02	-2.070852505840923424e-02	3.589995566133137583e-02	-3.078180788316989963e-02	2.903657315762423613e-02	-2.767018215193227382e-02	3.222950361661066493e-02	-3.067004132838879737e-02	5.594725321278998242e-02	-4.654892850334283599e-02	3.019012189711842153e-02	-2.743236538147593440e-02	2.437015418204068959e-02	-8.170465845534437277e-02	9.049610694229090480e-02	-3.899128179255407362e-02	3.418385866649206045e-02	-3.580973512543550452e-02	2.143247819833107859e-01	-2.183768774039336058e-01	1.981203313164425217e-01	-1.585967129317900626e-01	1.185866604460569795e-01	-8.520441319531224522e-01	9.999999999999982236e-01	-3.730517607263367785e-01	1.746058700294063626e-01	-1.114370263761637336e-01
-2.260935110872076131e-02	1.990174020974564209e-02	-2.237502289764368643e-02	1.465425584775977702e-02	-1.773629191949400302e-02	2.815177032290112208e-02	-2.913840826813106008e-02	2.233018000129094460e-02	-1.433010987872084148e-02	1.441965051184697019e-02	-3.336478564787823120e-02	4.762988348328674876e-02	-3.080716564820435571e-02	2.858500915421519767e-02	-5.045094370406079387e-02	4.107895398997121056e-02	-3.897371914439877461e-02	3.771738322481891365e-02	-4.459726378765298260e-02	4.212945659491935946e-02	-7.603833152070822721e-02	6.156100667823667660e-02	-4.171049307966163966e-02	3.787082320711226274e-02	-3.412143568625055495e-02	1.050129129273216222e-01	-1.218948204123516954e-01	5.363162080646066698e-02	-4.783885606678194014e-02	5.003010918596188794e-02	-3.007929126781433427e-01	2.325918307423056053e-01	-4.737984885392260148e-01	3.055576352633708193e-01	-2.651445234366153203e-01	2.537352245642956472e-01	-3.730517607263367785e-01	9.999999999999982236e-01	-5.835105452283078087e-01	2.256957916985287693e-01
1.538628032985327881e-02	-1.357095879466783256e-02	1.530569064696019749e-02	-1.004196782366299258e-02	1.215830305853480599e-02	-1.917363410239014687e-02	1.980987433771050354e-02	-1.528922045604030888e-02	9.832706467981108811e-03	-9.899236537788395907e-03	2.257174462179799279e-02	-3.258203234358425515e-02	2.112639200275571658e-02	-1.962411156505743104e-02	3.489817980455130197e-02	-2.787977374046992501e-02	2.651531847599036817e-02	-2.569026005376438826e-02	3.027250778150898658e-02	-2.933038832891265296e-02	5.048357120923132463e-02	-4.210006897314034352e-02	2.820836578855021731e-02	-2.584094990624023411e-02	2.401957639633842470e-02	-7.026293805533093129e-02	7.895168652949130506e-02	-3.616120189956580078e-02	3.196417165677310074e-02	-3.609294858081454893e-02	1.803530595629036226e-01	-1.648596929528405031e-01	2.765396412665232506e-01	-5.454184696361925599e-01	2.890098760026073021e-01	-1.919463784405351370e-01	1.746058700294063626e-01	-5.835105452283078087e-01	9.999999999999982236e-01	-4.427380415177661344e-01
