1.000000000000000000e+00	-8.307479212463090290e-01	1.360456937773650843e-01	-1.153802365330199864e-01	5.488153308194938795e-02	-4.225061024393227949e-01	2.788157661779747665e-01	-1.261379111187663771e-01	1.206467703916636186e-01	-5.413676113559075243e-02	1.439750480513936337e-01	-1.406944633419739965e-01	1.270524720465541213e-01	-5.807194849068767623e-02	4.761861460537009094e-02	-7.273834011921177789e-02	7.749275647352120433e-02	-8.013783971350076085e-02	6.162408674353670596e-02	-4.489041659447691457e-02	6.937761232001446454e-02	-6.793504027048472005e-02	8.535052232484457990e-02	-5.886659856793424739e-02	4.518690754173225466e-02	-5.560130606625743321e-02	5.192409876449397693e-02	-6.238637815032936629e-02	4.960412200802134103e-02	-5.136908052711893630e-02	4.506574165783832492e-02	-7.541839900142335851e-02	5.713727976608321685e-02	-3.149292522051767851e-02	3.396902774433926964e-02	-9.838029411861203000e-02	5.854347728441661874e-02	-9.558719240233926051e-02	1.727680389384784326e-02	-1.910916140425353987e-02
-8.307479212463090290e-01	9.999999999999998890e-01	-1.838044724372857597e-01	1.299424875479553154e-01	-6.421639847459045813e-02	2.813605094290610453e-01	-3.962787586796989170e-01	1.484111401882043380e-01	-1.466399274367733985e-01	6.169024482092044098e-02	-1.426700367120045665e-01	1.350035644427042825e-01	-1.439381866796820564e-01	6.285063754714403927e-02	-5.236027492649864695e-02	7.063830519652299078e-02	-7.950445600664934886e-02	8.459908307117200432e-02	-6.505850832424465990e-02	4.709110746692208443e-02	-7.032790973773685173e-02	6.827667800190233283e-02	-9.013305092167051003e-02	6.097399693885133948e-02	-4.809927647124689898e-02	5.246882900309060571e-02	-5.056321386603440660e-02	6.031698373203440294e-02	-5.118713085624453096e-02	5.235542502040838042e-02	-4.270116191373770492e-02	7.100431471257533100e-02	-5.414417398328993936e-02	3.172384480353223485e-02	-3.448517153360604326e-02	9.197698059325691566e-02	-5.508213201406821080e-02	8.955631771551682274e-02	-1.636996846472672795e-02	1.807166653628125563e-02
1.360456937773650843e-01	-1.838044724372857597e-01	1.000000000000000000e+00	-6.737992914055463967e-01	1.565054952406464972e-01	-1.602981948253300037e-01	1.817830142950781214e-01	-5.445056174269601312e-01	3.201421830814878411e-01	-1.619560500004139092e-01	1.237917976556552890e-01	-1.591619765790023844e-01	2.222275606278898141e-01	-1.096180517248522973e-01	8.661515648739373519e-02	-7.279989326084572443e-02	9.306829510776766512e-02	-1.284746688801253478e-01	8.791068025072523717e-02	-7.354185085278221179e-02	7.270220730964364886e-02	-8.165997718578170417e-02	1.160870594960934366e-01	-8.574743098801530794e-02	7.152808562144981341e-02	-7.251803876832911555e-02	6.779325447055251086e-02	-8.283480023273859238e-02	7.085792875007720926e-02	-7.540717652693139372e-02	5.865763420587100097e-02	-9.869003715556258494e-02	7.480685941605634548e-02	-4.423822249412453361e-02	4.786131401217590814e-02	-1.283613296317848151e-01	7.640898861677337950e-02	-1.249779108869329691e-01	2.279797189165031976e-02	-2.519616633736241479e-02
-1.153802365330199864e-01	1.299424875479553154e-01	-6.737992914055463967e-01	1.000000000000000444e+00	-2.708469596846506677e-01	1.289150325397935837e-01	-1.601639648241166280e-01	3.031223623243901044e-01	-5.534263140708307604e-01	2.064361547030406363e-01	-1.081513358182578932e-01	1.302440406678974927e-01	-2.055752773631663033e-01	1.123727015320631489e-01	-9.505480739353140696e-02	6.232898312801662261e-02	-8.119714132546182461e-02	1.075360911088090871e-01	-7.859692728345170354e-02	7.082290057479376233e-02	-6.336673165918958739e-02	6.999672896684305812e-02	-1.036678482764617909e-01	7.423195338707393176e-02	-7.130714394980047777e-02	5.876118478253405247e-02	-5.643408446002242534e-02	6.820697836354987220e-02	-6.444203301872684919e-02	6.717459581369350508e-02	-4.774340748987507960e-02	7.989362841500818879e-02	-6.103946723116222134e-02	3.894273800385738421e-02	-4.290338172301905867e-02	1.032874256944994046e-01	-6.186620563538453021e-02	1.008313479830212911e-01	-1.868694039782031746e-02	2.060214848010078273e-02
5.488153308194938795e-02	-6.421639847459045813e-02	1.565054952406464972e-01	-2.708469596846506677e-01	1.000000000000000000e+00	-7.115464891945783021e-02	8.053698982555732022e-02	-1.438539565173630463e-01	2.139243836045978675e-01	-9.123903638082470069e-01	6.310857385299084577e-02	-7.804647120367244617e-02	1.074299770915242702e-01	-1.055356533230566857e-01	9.569808938503977791e-02	-3.745050025097624441e-02	4.866625748561638487e-02	-6.384065265420471591e-02	4.897884697567831541e-02	-6.290756830150960599e-02	3.799737229522803100e-02	-4.246116927172136762e-02	6.222406297866714397e-02	-4.737611804265970394e-02	5.681706899057434312e-02	-3.953549901413393186e-02	3.691170448921312491e-02	-4.486248960416926168e-02	4.505918085360354625e-02	-4.848548427065284966e-02	3.204605952394924684e-02	-5.401908795796040580e-02	4.122944736577918018e-02	-2.709584809580222950e-02	3.020443086454593223e-02	-7.015785999181693711e-02	4.186505091458196659e-02	-6.853941107413025202e-02	1.276799170944102960e-02	-1.407636281505730141e-02
-4.225061024393227949e-01	2.813605094290610453e-01	-1.602981948253300037e-01	1.289150325397935837e-01	-7.115464891945783021e-02	1.000000000000000000e+00	-7.273621977484533430e-01	1.783717209775208812e-01	-1.728816307340632352e-01	6.826989204894319541e-02	-3.280182769093629713e-01	2.172395449621765395e-01	-1.884339339918696954e-01	7.856681585481646579e-02	-6.517358129674394318e-02	1.237917120737890425e-01	-1.212229291914593415e-01	1.147078574045933691e-01	-8.714989216461162258e-02	5.973862250637428789e-02	-1.193286185700651314e-01	1.040961845895767707e-01	-1.238609323872990886e-01	8.179474987152164644e-02	-6.100529577217031485e-02	6.895915675099120734e-02	-6.786102792019908791e-02	8.051255461169481986e-02	-6.673167572990218455e-02	6.800683914896188398e-02	-5.619732157991144672e-02	9.273230422499587067e-02	-7.078621290617236050e-02	4.136317146185486404e-02	-4.477751139664939289e-02	1.195703659446563788e-01	-7.185231978663154939e-02	1.164022636264456789e-01	-2.127357736733491086e-02	2.347656659530003576e-02
2.788157661779747665e-01	-3.962787586796989170e-01	1.817830142950781214e-01	-1.601639648241166280e-01	8.053698982555732022e-02	-7.273621977484533430e-01	9.999999999999998890e-01	-2.648457862807436780e-01	1.888994595442750613e-01	-8.050093108192345193e-02	2.255690862267604735e-01	-2.470231282621799529e-01	2.008488721890188122e-01	-9.143931404813930575e-02	7.340858320297521944e-02	-1.156728733705029155e-01	1.223426813084430853e-01	-1.278172658454635180e-01	9.525439516236357262e-02	-6.981415194345197417e-02	1.081173637049640257e-01	-1.080396813625760510e-01	1.316647777449139745e-01	-9.203605827027863673e-02	6.944981919627961353e-02	-8.674782040135053940e-02	8.080671864266700255e-02	-9.747462139394047487e-02	7.640713191568135332e-02	-7.978861357304573021e-02	7.021884850674632583e-02	-1.176150097690788210e-01	8.896104765558150718e-02	-4.873603573417918666e-02	5.237926144506494658e-02	-1.534390260285761476e-01	9.123130452948398361e-02	-1.490380228800176621e-01	2.689059334116258859e-02	-2.975242526852261982e-02
-1.261379111187663771e-01	1.484111401882043380e-01	-5.445056174269601312e-01	3.031223623243901044e-01	-1.438539565173630463e-01	1.783717209775208812e-01	-2.648457862807436780e-01	1.000000000000000222e+00	-5.576556711588027682e-01	1.408450905247589369e-01	-1.423713131497778006e-01	1.810015196612955735e-01	-4.254521783343490626e-01	1.262295503511401684e-01	-1.010033412592967750e-01	8.204204103239079449e-02	-1.087261080344072012e-01	1.574028295407393363e-01	-1.041096159343147948e-01	7.990226213610233941e-02	-8.265932761538349882e-02	9.332483498142067624e-02	-1.400585992800719992e-01	9.735737123489919542e-02	-7.954479927026572583e-02	7.389673269624363883e-02	-7.178801107094352763e-02	8.709093993010222357e-02	-7.759194536437513667e-02	8.116321222970471205e-02	-5.999643761254085106e-02	1.002174394619229220e-01	-7.639655219154654897e-02	4.744871531449144919e-02	-5.148090280515948969e-02	1.293075772574257265e-01	-7.748072274218675837e-02	1.261246093460144380e-01	-2.322090275240060175e-02	2.561973182815100586e-02
1.206467703916636186e-01	-1.466399274367733985e-01	3.201421830814878411e-01	-5.534263140708307604e-01	2.139243836045978675e-01	-1.728816307340632352e-01	1.888994595442750613e-01	-5.576556711588027682e-01	1.000000000000001110e+00	-2.777707459464432427e-01	1.423465147746313109e-01	-1.858028905179122947e-01	2.502106122517223641e-01	-1.790899780239115224e-01	1.296767398685039485e-01	-8.521252439913082344e-02	1.095639522286542822e-01	-1.508711558773060402e-01	1.059308816420949928e-01	-1.017974228811618920e-01	8.522416285354871002e-02	-9.651884636948426799e-02	1.375688926408709656e-01	-1.041061854298047235e-01	9.767110082394016290e-02	-8.974272331603568020e-02	8.299389502407289454e-02	-1.016259113097231631e-01	9.004823964950924020e-02	-9.668512002029075458e-02	7.252983455773298616e-02	-1.223940567128339596e-01	9.276636340897224942e-02	-5.586350525426551222e-02	6.090416931364715791e-02	-1.594506461651200580e-01	9.479042062476326913e-02	-1.553182984211588513e-01	2.842369473956464845e-02	-3.140868871571490806e-02
-5.413676113559075243e-02	6.169024482092044098e-02	-1.619560500004139092e-01	2.064361547030406363e-01	-9.123903638082470069e-01	6.826989204894319541e-02	-8.050093108192345193e-02	1.408450905247589369e-01	-2.777707459464432427e-01	1.000000000000000444e+00	-6.143894705520906718e-02	7.449525212201787983e-02	-1.096917307877240955e-01	1.062312253133436968e-01	-1.108062782878545260e-01	3.608797848875307940e-02	-4.728829962303750939e-02	6.199971506253789538e-02	-4.810164321747932570e-02	6.316827801773064466e-02	-3.682385437690879199e-02	4.094892498644272377e-02	-6.098227672301757829e-02	4.585500945645069881e-02	-5.890335809287569613e-02	3.636385262487247527e-02	-3.456146475531776674e-02	4.180567557146270402e-02	-4.441725765762218753e-02	4.710653120125773974e-02	-2.954556486818608191e-02	4.963794545331522146e-02	-3.806486114852468405e-02	2.621795428308842588e-02	-2.951144147813096127e-02	6.418526147069528176e-02	-3.845467211471267216e-02	6.281090685810697405e-02	-1.182343776904238274e-02	1.301403898045338896e-02
1.439750480513936337e-01	-1.426700367120045665e-01	1.237917976556552890e-01	-1.081513358182578932e-01	6.310857385299084577e-02	-3.280182769093629713e-01	2.255690862267604735e-01	-1.423713131497778006e-01	1.423465147746313109e-01	-6.143894705520906718e-02	1.000000000000000444e+00	-6.503461385501795311e-01	2.348611811805017546e-01	-9.570776734264203889e-02	7.720705706884489761e-02	-4.116074993828618411e-01	2.300866310310295815e-01	-1.748096450010550029e-01	1.252916051207142167e-01	-7.850217372451784303e-02	2.489077663773762716e-01	-2.165068790163857393e-01	1.852505216994994874e-01	-1.231108460762193185e-01	7.841087609462168984e-02	-1.118762396673057824e-01	1.093290187971760474e-01	-1.309817633485735044e-01	9.396692731964660650e-02	-9.735050981768704481e-02	9.052727637844751318e-02	-1.488111617011368959e-01	1.124976359521651786e-01	-6.033415892116101437e-02	6.398243799494382489e-02	-1.918213244762269343e-01	1.148906721273884324e-01	-1.860448693911707085e-01	3.344512817139116967e-02	-3.698483566142152928e-02
-1.406944633419739965e-01	1.350035644427042825e-01	-1.591619765790023844e-01	1.302440406678974927e-01	-7.804647120367244617e-02	2.172395449621765395e-01	-2.470231282621799529e-01	1.810015196612955735e-01	-1.858028905179122947e-01	7.449525212201787983e-02	-6.503461385501795311e-01	9.999999999999984457e-01	-4.087731362606558672e-01	1.138330004063354411e-01	-9.588887788363145703e-02	2.368129690087661665e-01	-3.365029119244956068e-01	2.144144362489603661e-01	-1.533135413221493604e-01	8.665532052474661517e-02	-2.521866551502341958e-01	2.224972111520387152e-01	-2.320582033155408064e-01	1.391850590135145227e-01	-9.002249651780765138e-02	9.649556922782767665e-02	-1.058467086482315495e-01	1.225349979995701832e-01	-1.028355626165186332e-01	1.022127989113138374e-01	-7.950714933392646899e-02	1.273672325645304193e-01	-9.849347998896773593e-02	6.192257229908739585e-02	-6.670849359052405392e-02	1.602092706168116165e-01	-9.824717074829747432e-02	1.564486566398596012e-01	-2.904306518658340136e-02	3.192948360514109851e-02
1.270524720465541213e-01	-1.439381866796820564e-01	2.222275606278898141e-01	-2.055752773631663033e-01	1.074299770915242702e-01	-1.884339339918696954e-01	2.008488721890188122e-01	-4.254521783343490626e-01	2.502106122517223641e-01	-1.096917307877240955e-01	2.348611811805017546e-01	-4.087731362606558672e-01	1.000000000000000444e+00	-2.188714775279751446e-01	1.494287030541942563e-01	-1.469941954904848136e-01	2.055492222613520270e-01	-4.385761486465962755e-01	1.987625611062824038e-01	-1.335949907030993533e-01	1.460751288088769084e-01	-1.805389173916310819e-01	2.630434826912491642e-01	-1.952139859949793554e-01	1.278677428035014108e-01	-1.363810700520587949e-01	1.329459763469638955e-01	-1.646273746609775435e-01	1.369252551984599109e-01	-1.460612442205294348e-01	1.102905422208037139e-01	-1.846078385161223911e-01	1.399913456301182801e-01	-8.528643096212874808e-02	9.038619698025651683e-02	-2.375363175498707291e-01	1.421731938945456908e-01	-2.314945881846065534e-01	4.229666584919795913e-02	-4.671762911053427281e-02
-5.807194849068767623e-02	6.285063754714403927e-02	-1.096180517248522973e-01	1.123727015320631489e-01	-1.055356533230566857e-01	7.856681585481646579e-02	-9.143931404813930575e-02	1.262295503511401684e-01	-1.790899780239115224e-01	1.062312253133436968e-01	-9.570776734264203889e-02	1.138330004063354411e-01	-2.188714775279751446e-01	9.999999999999987788e-01	-8.300572806702634088e-01	5.771991236628202376e-02	-8.118510840373738269e-02	1.122657151697350753e-01	-1.080207794262136867e-01	2.574833327371445213e-01	-6.060794959579721142e-02	6.917310811253254976e-02	-1.136668711383133218e-01	9.881190672759486426e-02	-2.960568960057192722e-01	5.569014051224942946e-02	-5.700634488440528558e-02	6.787851046387084752e-02	-1.417807925584675388e-01	1.413064635354135401e-01	-4.586999210502126778e-02	7.691066663250097080e-02	-6.193021892618290336e-02	7.236686396621946904e-02	-9.013267046889489320e-02	9.613148936383113241e-02	-5.934220078469334969e-02	9.646218212706708650e-02	-2.109171603580258653e-02	2.279877948129592491e-02
4.761861460537009094e-02	-5.236027492649864695e-02	8.661515648739373519e-02	-9.505480739353140696e-02	9.569808938503977791e-02	-6.517358129674394318e-02	7.340858320297521944e-02	-1.010033412592967750e-01	1.296767398685039485e-01	-1.108062782878545260e-01	7.720705706884489761e-02	-9.588887788363145703e-02	1.494287030541942563e-01	-8.300572806702634088e-01	9.999999999999998890e-01	-4.747858434278358353e-02	6.556183542153887212e-02	-9.142773392245942543e-02	8.551577777564772775e-02	-4.025573543496415163e-01	4.926623948412814369e-02	-5.682053490404525425e-02	9.024137705019759370e-02	-8.198776390065554143e-02	2.394719534897755409e-01	-5.002837513306971490e-02	4.927853317501653535e-02	-5.934567902173248227e-02	1.119579954762118246e-01	-1.272574293463610562e-01	4.095594175913556262e-02	-6.916364141508581087e-02	5.493716605412607423e-02	-5.966268893166821324e-02	7.212161068473904590e-02	-8.738896441348022182e-02	5.337891935076739813e-02	-8.727760665777062332e-02	1.846208087610920479e-02	-2.006156104682326607e-02
-7.273834011921177789e-02	7.063830519652299078e-02	-7.279989326084572443e-02	6.232898312801662261e-02	-3.745050025097624441e-02	1.237917120737890425e-01	-1.156728733705029155e-01	8.204204103239079449e-02	-8.521252439913082344e-02	3.608797848875307940e-02	-4.116074993828618411e-01	2.368129690087661665e-01	-1.469941954904848136e-01	5.771991236628202376e-02	-4.747858434278358353e-02	9.999999999999998890e-01	-3.187900812155279318e-01	1.395911981723860773e-01	-9.623617365056806594e-02	4.847397649526673236e-02	-7.749597808904133966e-01	2.599299290377499183e-01	-1.664363643037809204e-01	9.220777615251865567e-02	-4.928179668827574467e-02	6.924879939994899036e-02	-7.891755641484669848e-02	8.916324066708182505e-02	-6.278270980293199077e-02	6.271749635692887292e-02	-5.717895231794095645e-02	8.628718748837788111e-02	-6.646000177475552828e-02	3.870046506214382120e-02	-4.084977164134169503e-02	1.067515549282122417e-01	-6.620918267452853556e-02	1.036755467096364958e-01	-1.899875327840071237e-02	2.088644872997221652e-02
7.749275647352120433e-02	-7.950445600664934886e-02	9.306829510776766512e-02	-8.119714132546182461e-02	4.866625748561638487e-02	-1.212229291914593415e-01	1.223426813084430853e-01	-1.087261080344072012e-01	1.095639522286542822e-01	-4.728829962303750939e-02	2.300866310310295815e-01	-3.365029119244956068e-01	2.055492222613520270e-01	-8.118510840373738269e-02	6.556183542153887212e-02	-3.187900812155279318e-01	9.999999999999986677e-01	-3.116128428588170740e-01	1.555281988864183063e-01	-6.966429814266450471e-02	2.686608375914061320e-01	-7.269657361739364498e-01	2.633626820819487402e-01	-1.578593466777326038e-01	6.977486240206567936e-02	-9.533348457419864308e-02	1.212682337068999305e-01	-1.404310559923496460e-01	9.341928871867768991e-02	-9.440786434187467546e-02	7.794346000842439226e-02	-1.233263743495181947e-01	9.444495669630273427e-02	-5.746012164825577140e-02	5.943142682539315907e-02	-1.494664992973966933e-01	9.317567022282505218e-02	-1.457530869586660116e-01	2.676365057733006564e-02	-2.940712807927036571e-02
-8.013783971350076085e-02	8.459908307117200432e-02	-1.284746688801253478e-01	1.075360911088090871e-01	-6.384065265420471591e-02	1.147078574045933691e-01	-1.278172658454635180e-01	1.574028295407393363e-01	-1.508711558773060402e-01	6.199971506253789538e-02	-1.748096450010550029e-01	2.144144362489603661e-01	-4.385761486465962755e-01	1.122657151697350753e-01	-9.142773392245942543e-02	1.395911981723860773e-01	-3.116128428588170740e-01	9.999999999999992228e-01	-4.163915716009704560e-01	9.308422278341735301e-02	-1.486222287666963959e-01	2.258122470132793436e-01	-6.174003303036009749e-01	2.675636677146440157e-01	-9.410193706881968267e-02	9.529413396256104785e-02	-1.250648893134617967e-01	1.467760194001160312e-01	-1.340905294481686549e-01	1.278160478486742857e-01	-7.938368442845840367e-02	1.259757490098786514e-01	-9.945017550061688305e-02	7.577444180334019785e-02	-7.765761221086117660e-02	1.522057477771974754e-01	-9.593866082691952790e-02	1.501591716989707503e-01	-2.871557015400573454e-02	3.140674985856406476e-02
6.162408674353670596e-02	-6.505850832424465990e-02	8.791068025072523717e-02	-7.859692728345170354e-02	4.897884697567831541e-02	-8.714989216461162258e-02	9.525439516236357262e-02	-1.041096159343147948e-01	1.059308816420949928e-01	-4.810164321747932570e-02	1.252916051207142167e-01	-1.533135413221493604e-01	1.987625611062824038e-01	-1.080207794262136867e-01	8.551577777564772775e-02	-9.623617365056806594e-02	1.555281988864183063e-01	-4.163915716009704560e-01	1.000000000000001998e+00	-1.189090334599527121e-01	9.923164867699731106e-02	-1.426782347418105168e-01	2.768057786359939265e-01	-7.748760509606352764e-01	1.131748951428225292e-01	-8.411913502157267186e-02	9.647222756786352771e-02	-1.174684814052356086e-01	2.051810754638320466e-01	-2.049914551579091471e-01	6.947275409826607351e-02	-1.146350972537311941e-01	9.224631744706481007e-02	-1.138799184618752985e-01	1.060336266517968307e-01	-1.394110929475337601e-01	8.732454868071919118e-02	-1.402034526101723633e-01	2.905375984229507588e-02	-3.164303682916345256e-02
-4.489041659447691457e-02	4.709110746692208443e-02	-7.354185085278221179e-02	7.082290057479376233e-02	-6.290756830150960599e-02	5.973862250637428789e-02	-6.981415194345197417e-02	7.990226213610233941e-02	-1.017974228811618920e-01	6.316827801773064466e-02	-7.850217372451784303e-02	8.665532052474661517e-02	-1.335949907030993533e-01	2.574833327371445213e-01	-4.025573543496415163e-01	4.847397649526673236e-02	-6.966429814266450471e-02	9.308422278341735301e-02	-1.189090334599527121e-01	9.999999999999983347e-01	-5.179913912036678697e-02	5.951897277757987187e-02	-1.035678903562649994e-01	1.091448122079023558e-01	-7.906640149607923052e-01	4.887699267283449056e-02	-5.203882255521755096e-02	6.121329502374243947e-02	-2.066176639273529791e-01	2.178310386315069624e-01	-4.073734407211911795e-02	6.882794364742229887e-02	-5.823222210434212537e-02	9.854382174543353801e-02	-1.286655720140252035e-01	8.345734191990830664e-02	-5.292926148626197341e-02	8.617677275228105560e-02	-2.192568425218532208e-02	2.334585637198512489e-02
6.937761232001446454e-02	-7.032790973773685173e-02	7.270220730964364886e-02	-6.336673165918958739e-02	3.799737229522803100e-02	-1.193286185700651314e-01	1.081173637049640257e-01	-8.265932761538349882e-02	8.522416285354871002e-02	-3.682385437690879199e-02	2.489077663773762716e-01	-2.521866551502341958e-01	1.460751288088769084e-01	-6.060794959579721142e-02	4.926623948412814369e-02	-7.749597808904133966e-01	2.686608375914061320e-01	-1.486222287666963959e-01	9.923164867699731106e-02	-5.179913912036678697e-02	1.000000000000000222e+00	-4.274541322633009788e-01	1.711522466874523807e-01	-1.000475765096043718e-01	5.206912642271989411e-02	-8.131249434966662804e-02	8.947776341081467577e-02	-1.031613133273457522e-01	6.713253229458090998e-02	-6.813121356729172351e-02	6.565524888547925875e-02	-9.937150908551337092e-02	7.565418214376930239e-02	-4.223078287496582345e-02	4.425032952082708776e-02	-1.231059123386384346e-01	7.584801704227037145e-02	-1.191193490869853766e-01	2.159359874704105259e-02	-2.377688454806225343e-02
-6.793504027048472005e-02	6.827667800190233283e-02	-8.165997718578170417e-02	6.999672896684305812e-02	-4.246116927172136762e-02	1.040961845895767707e-01	-1.080396813625760510e-01	9.332483498142067624e-02	-9.651884636948426799e-02	4.094892498644272377e-02	-2.165068790163857393e-01	2.224972111520387152e-01	-1.805389173916310819e-01	6.917310811253254976e-02	-5.682053490404525425e-02	2.599299290377499183e-01	-7.269657361739364498e-01	2.258122470132793436e-01	-1.426782347418105168e-01	5.951897277757987187e-02	-4.274541322633009788e-01	1.000000000000000444e+00	-3.469952180258173424e-01	1.388239126837413628e-01	-6.057284679705333963e-02	8.345909659813750825e-02	-1.320643813914844922e-01	1.342788810376045749e-01	-8.287091527759093967e-02	8.091782988458261217e-02	-6.948323071633399906e-02	1.055387499679615454e-01	-8.201743964524785269e-02	4.981159810018337408e-02	-5.183995554829679692e-02	1.234829234775033507e-01	-7.930878065074437044e-02	1.207305049662966562e-01	-2.236514432176007344e-02	2.447873034446011731e-02
8.535052232484457990e-02	-9.013305092167051003e-02	1.160870594960934366e-01	-1.036678482764617909e-01	6.222406297866714397e-02	-1.238609323872990886e-01	1.316647777449139745e-01	-1.400585992800719992e-01	1.375688926408709656e-01	-6.098227672301757829e-02	1.852505216994994874e-01	-2.320582033155408064e-01	2.630434826912491642e-01	-1.136668711383133218e-01	9.024137705019759370e-02	-1.664363643037809204e-01	2.633626820819487402e-01	-6.174003303036009749e-01	2.768057786359939265e-01	-1.035678903562649994e-01	1.711522466874523807e-01	-3.469952180258173424e-01	1.000000000000001554e+00	-3.699859059569194919e-01	1.025237574225692783e-01	-1.314278825096154846e-01	1.736170673658917196e-01	-2.444014231810296145e-01	1.551253228112511595e-01	-1.544383647561784478e-01	1.077672787781208952e-01	-1.729551216858259965e-01	1.339525407162573678e-01	-9.253985124606886603e-02	9.235141219512250921e-02	-2.064546015564525383e-01	1.296476684861837814e-01	-2.030491220304015410e-01	3.777937113120539286e-02	-4.143593368469852128e-02
-5.886659856793424739e-02	6.097399693885133948e-02	-8.574743098801530794e-02	7.423195338707393176e-02	-4.737611804265970394e-02	8.179474987152164644e-02	-9.203605827027863673e-02	9.735737123489919542e-02	-1.041061854298047235e-01	4.585500945645069881e-02	-1.231108460762193185e-01	1.391850590135145227e-01	-1.952139859949793554e-01	9.881190672759486426e-02	-8.198776390065554143e-02	9.220777615251865567e-02	-1.578593466777326038e-01	2.675636677146440157e-01	-7.748760509606352764e-01	1.091448122079023558e-01	-1.000475765096043718e-01	1.388239126837413628e-01	-3.699859059569194919e-01	1.000000000000000222e+00	-1.153985239218416059e-01	7.508971042797955853e-02	-9.598555569715858105e-02	1.122916278836827014e-01	-3.135870119996438388e-01	1.984116868370322806e-01	-6.311784969149540625e-02	1.021100607939224580e-01	-8.502265562867630799e-02	1.217488395472227924e-01	-1.192731164571131930e-01	1.207626974382416951e-01	-7.771621125133788832e-02	1.228196263388993681e-01	-2.700595597988876551e-02	2.913627064882408010e-02
4.518690754173225466e-02	-4.809927647124689898e-02	7.152808562144981341e-02	-7.130714394980047777e-02	5.681706899057434312e-02	-6.100529577217031485e-02	6.944981919627961353e-02	-7.954479927026572583e-02	9.767110082394016290e-02	-5.890335809287569613e-02	7.841087609462168984e-02	-9.002249651780765138e-02	1.278677428035014108e-01	-2.960568960057192722e-01	2.394719534897755409e-01	-4.928179668827574467e-02	6.977486240206567936e-02	-9.410193706881968267e-02	1.131748951428225292e-01	-7.906640149607923052e-01	5.206912642271989411e-02	-6.057284679705333963e-02	1.025237574225692783e-01	-1.153985239218416059e-01	1.000000000000000888e+00	-5.519766118991852738e-02	5.613258563537801976e-02	-6.701307241525253366e-02	2.032149902014669385e-01	-3.653240368604421251e-01	4.563796628343738671e-02	-7.793750780590850968e-02	6.478706515211475614e-02	-1.072078947514771841e-01	1.299266551508945766e-01	-9.568304616484935021e-02	5.986290801839078829e-02	-9.838316688243206598e-02	2.388726697659542680e-02	-2.569084318183631477e-02
-5.560130606625743321e-02	5.246882900309060571e-02	-7.251803876832911555e-02	5.876118478253405247e-02	-3.953549901413393186e-02	6.895915675099120734e-02	-8.674782040135053940e-02	7.389673269624363883e-02	-8.974272331603568020e-02	3.636385262487247527e-02	-1.118762396673057824e-01	9.649556922782767665e-02	-1.363810700520587949e-01	5.569014051224942946e-02	-5.002837513306971490e-02	6.924879939994899036e-02	-9.533348457419864308e-02	9.529413396256104785e-02	-8.411913502157267186e-02	4.887699267283449056e-02	-8.131249434966662804e-02	8.345909659813750825e-02	-1.314278825096154846e-01	7.508971042797955853e-02	-5.519766118991852738e-02	1.000000000000000000e+00	-2.503605635338279622e-01	1.817159870669749766e-01	-7.282918254667873625e-02	6.429970996506005620e-02	-8.705540088227603501e-01	1.921036015582649747e-01	-1.543873994931559690e-01	4.952482657250739662e-02	-5.469866536917570438e-02	2.153731916217439257e-01	-1.757412570984565603e-01	1.495073684505818234e-01	-2.730739958139549034e-02	2.857134218279153148e-02
5.192409876449397693e-02	-5.056321386603440660e-02	6.779325447055251086e-02	-5.643408446002242534e-02	3.691170448921312491e-02	-6.786102792019908791e-02	8.080671864266700255e-02	-7.178801107094352763e-02	8.299389502407289454e-02	-3.456146475531776674e-02	1.093290187971760474e-01	-1.058467086482315495e-01	1.329459763469638955e-01	-5.700634488440528558e-02	4.927853317501653535e-02	-7.891755641484669848e-02	1.212682337068999305e-01	-1.250648893134617967e-01	9.647222756786352771e-02	-5.203882255521755096e-02	8.947776341081467577e-02	-1.320643813914844922e-01	1.736170673658917196e-01	-9.598555569715858105e-02	5.613258563537801976e-02	-2.503605635338279622e-01	1.000000000000000444e+00	-8.468307907495811193e-01	8.300933351026811013e-02	-7.543935309890922869e-02	1.825129396561088468e-01	-2.834951256502136752e-01	1.834441413070926619e-01	-5.738060089224280430e-02	5.967196842989913597e-02	-1.880004130961892561e-01	1.566901111038450645e-01	-1.826190985419093860e-01	3.098135500045167898e-02	-3.300292351209397484e-02
-6.238637815032936629e-02	6.031698373203440294e-02	-8.283480023273859238e-02	6.820697836354987220e-02	-4.486248960416926168e-02	8.051255461169481986e-02	-9.747462139394047487e-02	8.709093993010222357e-02	-1.016259113097231631e-01	4.180567557146270402e-02	-1.309817633485735044e-01	1.225349979995701832e-01	-1.646273746609775435e-01	6.787851046387084752e-02	-5.934567902173248227e-02	8.916324066708182505e-02	-1.404310559923496460e-01	1.467760194001160312e-01	-1.174684814052356086e-01	6.121329502374243947e-02	-1.031613133273457522e-01	1.342788810376045749e-01	-2.444014231810296145e-01	1.122916278836827014e-01	-6.701307241525253366e-02	1.817159870669749766e-01	-8.468307907495811193e-01	1.000000000000000222e+00	-1.006361701210918697e-01	8.717313958178497801e-02	-1.766338701934136446e-01	2.151949880541275950e-01	-2.076051461488543359e-01	6.511531493423952655e-02	-6.907892678823485122e-02	1.702247438526895140e-01	-1.524723565970065031e-01	1.766268751455151442e-01	-3.180264665240709748e-02	3.355353301383667830e-02
4.960412200802134103e-02	-5.118713085624453096e-02	7.085792875007720926e-02	-6.444203301872684919e-02	4.505918085360354625e-02	-6.673167572990218455e-02	7.640713191568135332e-02	-7.759194536437513667e-02	9.004823964950924020e-02	-4.441725765762218753e-02	9.396692731964660650e-02	-1.028355626165186332e-01	1.369252551984599109e-01	-1.417807925584675388e-01	1.119579954762118246e-01	-6.278270980293199077e-02	9.341928871867768991e-02	-1.340905294481686549e-01	2.051810754638320466e-01	-2.066176639273529791e-01	6.713253229458090998e-02	-8.287091527759093967e-02	1.551253228112511595e-01	-3.135870119996438388e-01	2.032149902014669385e-01	-7.282918254667873625e-02	8.300933351026811013e-02	-1.006361701210918697e-01	1.000000000000001776e+00	-6.927381284890604674e-01	6.154305000310587859e-02	-1.095104750134595073e-01	1.018889765314481832e-01	-4.242558505375257916e-01	2.827080286922590280e-01	-1.218855019817782492e-01	8.151478960128609452e-02	-1.361792938652658380e-01	3.910067947349885054e-02	-4.169498248378729344e-02
-5.136908052711893630e-02	5.235542502040838042e-02	-7.540717652693139372e-02	6.717459581369350508e-02	-4.848548427065284966e-02	6.800683914896188398e-02	-7.978861357304573021e-02	8.116321222970471205e-02	-9.668512002029075458e-02	4.710653120125773974e-02	-9.735050981768704481e-02	1.022127989113138374e-01	-1.460612442205294348e-01	1.413064635354135401e-01	-1.272574293463610562e-01	6.271749635692887292e-02	-9.440786434187467546e-02	1.278160478486742857e-01	-2.049914551579091471e-01	2.178310386315069624e-01	-6.813121356729172351e-02	8.091782988458261217e-02	-1.544383647561784478e-01	1.984116868370322806e-01	-3.653240368604421251e-01	6.429970996506005620e-02	-7.543935309890922869e-02	8.717313958178497801e-02	-6.927381284890604674e-01	1.000000000000001554e+00	-5.490561553806906636e-02	9.489962052283999749e-02	-8.941411026207321533e-02	2.652818194016255959e-01	-3.904994064747082660e-01	1.065636744419100890e-01	-7.199504682790769383e-02	1.178221000578797140e-01	-3.977677563994880955e-02	4.140601276861923669e-02
4.506574165783832492e-02	-4.270116191373770492e-02	5.865763420587100097e-02	-4.774340748987507960e-02	3.204605952394924684e-02	-5.619732157991144672e-02	7.021884850674632583e-02	-5.999643761254085106e-02	7.252983455773298616e-02	-2.954556486818608191e-02	9.052727637844751318e-02	-7.950714933392646899e-02	1.102905422208037139e-01	-4.586999210502126778e-02	4.095594175913556262e-02	-5.717895231794095645e-02	7.794346000842439226e-02	-7.938368442845840367e-02	6.947275409826607351e-02	-4.073734407211911795e-02	6.565524888547925875e-02	-6.948323071633399906e-02	1.077672787781208952e-01	-6.311784969149540625e-02	4.563796628343738671e-02	-8.705540088227603501e-01	1.825129396561088468e-01	-1.766338701934136446e-01	6.154305000310587859e-02	-5.490561553806906636e-02	1.000000000000001332e+00	-2.358768027709028658e-01	1.497136425690711314e-01	-4.398772443766976736e-02	4.766313502373996369e-02	-2.980268863569067173e-01	1.818111832006620854e-01	-1.571007756907998043e-01	2.676233584455203415e-02	-2.822710768962602076e-02
-7.541839900142335851e-02	7.100431471257533100e-02	-9.869003715556258494e-02	7.989362841500818879e-02	-5.401908795796040580e-02	9.273230422499587067e-02	-1.176150097690788210e-01	1.002174394619229220e-01	-1.223940567128339596e-01	4.963794545331522146e-02	-1.488111617011368959e-01	1.273672325645304193e-01	-1.846078385161223911e-01	7.691066663250097080e-02	-6.916364141508581087e-02	8.628718748837788111e-02	-1.233263743495181947e-01	1.259757490098786514e-01	-1.146350972537311941e-01	6.882794364742229887e-02	-9.937150908551337092e-02	1.055387499679615454e-01	-1.729551216858259965e-01	1.021100607939224580e-01	-7.793750780590850968e-02	1.921036015582649747e-01	-2.834951256502136752e-01	2.151949880541275950e-01	-1.095104750134595073e-01	9.489962052283999749e-02	-2.358768027709028658e-01	1.000000000000000222e+00	-5.967670213894029629e-01	9.001091018289739121e-02	-9.602001166371310070e-02	2.869274861516366570e-01	-5.019194540955593808e-01	3.154973173740979742e-01	-5.224269886877076080e-02	5.363930952687842590e-02
5.713727976608321685e-02	-5.414417398328993936e-02	7.480685941605634548e-02	-6.103946723116222134e-02	4.122944736577918018e-02	-7.078621290617236050e-02	8.896104765558150718e-02	-7.639655219154654897e-02	9.276636340897224942e-02	-3.806486114852468405e-02	1.124976359521651786e-01	-9.849347998896773593e-02	1.399913456301182801e-01	-6.193021892618290336e-02	5.493716605412607423e-02	-6.646000177475552828e-02	9.444495669630273427e-02	-9.945017550061688305e-02	9.224631744706481007e-02	-5.823222210434212537e-02	7.565418214376930239e-02	-8.201743964524785269e-02	1.339525407162573678e-01	-8.502265562867630799e-02	6.478706515211475614e-02	-1.543873994931559690e-01	1.834441413070926619e-01	-2.076051461488543359e-01	1.018889765314481832e-01	-8.941411026207321533e-02	1.497136425690711314e-01	-5.967670213894029629e-01	1.000000000000001776e+00	-1.169331175826084784e-01	1.057812718539693497e-01	-2.548259831223059768e-01	2.695555669927507392e-01	-6.573171509032041948e-01	7.510306313127579347e-02	-7.961148744236128116e-02
-3.149292522051767851e-02	3.172384480353223485e-02	-4.423822249412453361e-02	3.894273800385738421e-02	-2.709584809580222950e-02	4.136317146185486404e-02	-4.873603573417918666e-02	4.744871531449144919e-02	-5.586350525426551222e-02	2.621795428308842588e-02	-6.033415892116101437e-02	6.192257229908739585e-02	-8.528643096212874808e-02	7.236686396621946904e-02	-5.966268893166821324e-02	3.870046506214382120e-02	-5.746012164825577140e-02	7.577444180334019785e-02	-1.138799184618752985e-01	9.854382174543353801e-02	-4.223078287496582345e-02	4.981159810018337408e-02	-9.253985124606886603e-02	1.217488395472227924e-01	-1.072078947514771841e-01	4.952482657250739662e-02	-5.738060089224280430e-02	6.511531493423952655e-02	-4.242558505375257916e-01	2.652818194016255959e-01	-4.398772443766976736e-02	9.001091018289739121e-02	-1.169331175826084784e-01	1.000000000000001776e+00	-8.372134243468479786e-01	8.242089443631332724e-02	-6.394786279554239006e-02	1.120765847831217271e-01	-5.263747173571448751e-02	5.338907966827050045e-02
3.396902774433926964e-02	-3.448517153360604326e-02	4.786131401217590814e-02	-4.290338172301905867e-02	3.020443086454593223e-02	-4.477751139664939289e-02	5.237926144506494658e-02	-5.148090280515948969e-02	6.090416931364715791e-02	-2.951144147813096127e-02	6.398243799494382489e-02	-6.670849359052405392e-02	9.038619698025651683e-02	-9.013267046889489320e-02	7.212161068473904590e-02	-4.084977164134169503e-02	5.943142682539315907e-02	-7.765761221086117660e-02	1.060336266517968307e-01	-1.286655720140252035e-01	4.425032952082708776e-02	-5.183995554829679692e-02	9.235141219512250921e-02	-1.192731164571131930e-01	1.299266551508945766e-01	-5.469866536917570438e-02	5.967196842989913597e-02	-6.907892678823485122e-02	2.827080286922590280e-01	-3.904994064747082660e-01	4.766313502373996369e-02	-9.602001166371310070e-02	1.057812718539693497e-01	-8.372134243468479786e-01	1.000000000000001332e+00	-9.297490529986129904e-02	6.868117946159986442e-02	-1.233189895434098626e-01	5.882514036597710771e-02	-6.504266325397384252e-02
-9.838029411861203000e-02	9.197698059325691566e-02	-1.283613296317848151e-01	1.032874256944994046e-01	-7.015785999181693711e-02	1.195703659446563788e-01	-1.534390260285761476e-01	1.293075772574257265e-01	-1.594506461651200580e-01	6.418526147069528176e-02	-1.918213244762269343e-01	1.602092706168116165e-01	-2.375363175498707291e-01	9.613148936383113241e-02	-8.738896441348022182e-02	1.067515549282122417e-01	-1.494664992973966933e-01	1.522057477771974754e-01	-1.394110929475337601e-01	8.345734191990830664e-02	-1.231059123386384346e-01	1.234829234775033507e-01	-2.064546015564525383e-01	1.207626974382416951e-01	-9.568304616484935021e-02	2.153731916217439257e-01	-1.880004130961892561e-01	1.702247438526895140e-01	-1.218855019817782492e-01	1.065636744419100890e-01	-2.980268863569067173e-01	2.869274861516366570e-01	-2.548259831223059768e-01	8.242089443631332724e-02	-9.297490529986129904e-02	1.000000000000001554e+00	-6.828866213374777949e-01	2.652609124095550719e-01	-4.912387196672054340e-02	5.028158990243212362e-02
5.854347728441661874e-02	-5.508213201406821080e-02	7.640898861677337950e-02	-6.186620563538453021e-02	4.186505091458196659e-02	-7.185231978663154939e-02	9.123130452948398361e-02	-7.748072274218675837e-02	9.479042062476326913e-02	-3.845467211471267216e-02	1.148906721273884324e-01	-9.824717074829747432e-02	1.421731938945456908e-01	-5.934220078469334969e-02	5.337891935076739813e-02	-6.620918267452853556e-02	9.317567022282505218e-02	-9.593866082691952790e-02	8.732454868071919118e-02	-5.292926148626197341e-02	7.584801704227037145e-02	-7.930878065074437044e-02	1.296476684861837814e-01	-7.771621125133788832e-02	5.986290801839078829e-02	-1.757412570984565603e-01	1.566901111038450645e-01	-1.524723565970065031e-01	8.151478960128609452e-02	-7.199504682790769383e-02	1.818111832006620854e-01	-5.019194540955593808e-01	2.695555669927507392e-01	-6.394786279554239006e-02	6.868117946159986442e-02	-6.828866213374777949e-01	1.000000000000001776e+00	-3.917344872386210319e-01	5.135807214733260906e-02	-5.362716428245593858e-02
-9.558719240233926051e-02	8.955631771551682274e-02	-1.249779108869329691e-01	1.008313479830212911e-01	-6.853941107413025202e-02	1.164022636264456789e-01	-1.490380228800176621e-01	1.261246093460144380e-01	-1.553182984211588513e-01	6.281090685810697405e-02	-1.860448693911707085e-01	1.564486566398596012e-01	-2.314945881846065534e-01	9.646218212706708650e-02	-8.727760665777062332e-02	1.036755467096364958e-01	-1.457530869586660116e-01	1.501591716989707503e-01	-1.402034526101723633e-01	8.617677275228105560e-02	-1.191193490869853766e-01	1.207305049662966562e-01	-2.030491220304015410e-01	1.228196263388993681e-01	-9.838316688243206598e-02	1.495073684505818234e-01	-1.826190985419093860e-01	1.766268751455151442e-01	-1.361792938652658380e-01	1.178221000578797140e-01	-1.571007756907998043e-01	3.154973173740979742e-01	-6.573171509032041948e-01	1.120765847831217271e-01	-1.233189895434098626e-01	2.652609124095550719e-01	-3.917344872386210319e-01	1.000000000000001998e+00	-1.284752230398120976e-01	1.125420802825670974e-01
1.727680389384784326e-02	-1.636996846472672795e-02	2.279797189165031976e-02	-1.868694039782031746e-02	1.276799170944102960e-02	-2.127357736733491086e-02	2.689059334116258859e-02	-2.322090275240060175e-02	2.842369473956464845e-02	-1.182343776904238274e-02	3.344512817139116967e-02	-2.904306518658340136e-02	4.229666584919795913e-02	-2.109171603580258653e-02	1.846208087610920479e-02	-1.899875327840071237e-02	2.676365057733006564e-02	-2.871557015400573454e-02	2.905375984229507588e-02	-2.192568425218532208e-02	2.159359874704105259e-02	-2.236514432176007344e-02	3.777937113120539286e-02	-2.700595597988876551e-02	2.388726697659542680e-02	-2.730739958139549034e-02	3.098135500045167898e-02	-3.180264665240709748e-02	3.910067947349885054e-02	-3.977677563994880955e-02	2.676233584455203415e-02	-5.224269886877076080e-02	7.510306313127579347e-02	-5.263747173571448751e-02	5.882514036597710771e-02	-4.912387196672054340e-02	5.135807214733260906e-02	-1.284752230398120976e-01	1.000000000000001998e+00	-9.816824100226801963e-01
