1.000000000000000000e+00	-6.991536400487963210e-01	2.145200592876523316e-01	-2.596895112795277738e-01	8.653500440097122715e-02	-4.230569280359363638e-01	2.687706532520034441e-01	-1.732438401339851664e-01	1.755206099657244112e-01	-8.108121418410162151e-02	2.252423176642754654e-01	-2.478114063739713380e-01	1.426711565035657103e-01	-1.254755742690807363e-01	9.798804019931282860e-02	-2.445146240152770711e-01	1.957875982459704178e-01	-1.578329372109403550e-01	1.383789013025951975e-01	-8.221734919525178209e-02	1.749017968098750542e-01	-1.449374241856188905e-01	1.300502505682545606e-01	-1.135437499183692134e-01	1.082494612465131761e-01	-5.175821657655297475e-02	1.053333315685966165e-01	-1.159420807957640270e-01	1.071890477335052938e-01	-9.488973903457671721e-02	5.399901673936292196e-02	-1.129293065300923243e-01	1.040872005707664805e-01	-1.122713906971510717e-01	7.940052112118697880e-02	-1.547824006851507284e-01	9.627920626773357748e-02	-1.053697298626094236e-01	9.607018778225817623e-02	-1.004732586807938477e-01
-6.991536400487963210e-01	1.000000000000000000e+00	-3.595282867235533031e-01	2.501526600966320624e-01	-9.695269980005705168e-02	2.351117703866510700e-01	-4.078895817425278736e-01	1.946745851356956047e-01	-2.095837997252784912e-01	8.631420145370911901e-02	-1.819233176321331802e-01	2.127053929547260691e-01	-1.511490802870557593e-01	1.272658797938609476e-01	-9.408117366194115871e-02	1.782795919135277685e-01	-1.833192731186337465e-01	1.442752527341641389e-01	-1.352233258837707008e-01	7.712051072212826319e-02	-1.541319140148764977e-01	1.230989076459631515e-01	-1.179663305896954811e-01	1.022615656259778932e-01	-9.874307588512312717e-02	4.407458698828321808e-02	-9.038399390429796565e-02	9.923097166352469467e-02	-9.500234128517237586e-02	8.320718449012624862e-02	-4.641360366535373511e-02	9.380122674130009219e-02	-8.884120039394712010e-02	9.465190550320282115e-02	-6.837697571660598939e-02	1.228556310209693025e-01	-7.991279190749626948e-02	8.720474760679225446e-02	-8.187669033736755253e-02	8.416656302853689486e-02
2.145200592876523316e-01	-3.595282867235533031e-01	9.999999999999997780e-01	-8.616658372974741464e-01	1.048051840755733211e-01	-1.223858940206755952e-01	1.737952371771703530e-01	-1.890365301347259330e-01	1.763143540780977847e-01	-1.003067801423274535e-01	9.243968753411468953e-02	-1.206763414191006634e-01	1.100332100617963521e-01	-9.887048065787883144e-02	6.390482778394671048e-02	-1.024434382826564377e-01	1.017422454953741950e-01	-9.971902159389488263e-02	9.124359219292955958e-02	-5.328912063150548911e-02	8.834357778174087295e-02	-7.421010356000419528e-02	7.491777731291121567e-02	-6.723958247224043339e-02	6.392430838919106739e-02	-2.692880636495353919e-02	5.543813234121965777e-02	-6.339176298422347089e-02	6.073611231100477931e-02	-5.437059186265385397e-02	2.827774155071898984e-02	-5.853808187311227568e-02	5.603447633315259552e-02	-6.139824034231796540e-02	4.411619427292345907e-02	-7.880325573676402739e-02	5.038236386424342628e-02	-5.565807707298585372e-02	5.200731143704172277e-02	-5.451612259681660327e-02
-2.596895112795277738e-01	2.501526600966320624e-01	-8.616658372974741464e-01	1.000000000000000444e+00	-1.415369251413447493e-01	1.308655905196259295e-01	-1.949104271090814078e-01	1.795276220080192775e-01	-2.293544873479543833e-01	1.164188079441583895e-01	-1.037768703245929569e-01	1.286825801445385664e-01	-1.262740561508734205e-01	1.109732401511334815e-01	-7.381723965449629721e-02	1.112058903670595095e-01	-1.153098503164424610e-01	1.099368486291679020e-01	-1.056798548896123041e-01	6.041007591743359495e-02	-1.006885047611985884e-01	8.264099083252213207e-02	-8.499330164504963203e-02	7.568719749893880466e-02	-7.291247025757978395e-02	3.013559844776455068e-02	-6.207839761808939261e-02	7.062885264827792331e-02	-6.859434858779812905e-02	6.093995171417215112e-02	-3.176285548833738398e-02	6.483866816606340122e-02	-6.262977508061579046e-02	6.806171893935214490e-02	-4.932440766313270220e-02	8.601403263408800848e-02	-5.586127536764431967e-02	6.151759431234198050e-02	-5.813919115768899359e-02	6.036169260692262478e-02
8.653500440097122715e-02	-9.695269980005705168e-02	1.048051840755733211e-01	-1.415369251413447493e-01	1.000000000000000000e+00	-8.046631225734005022e-02	1.044774089550764007e-01	-1.530489139183867919e-01	1.843611103365112858e-01	-9.417341906830704046e-01	6.058784695824491473e-02	-8.710494513304113673e-02	9.485760334821718986e-02	-1.001451139632249382e-01	6.536861826436805856e-02	-7.586443024843347871e-02	7.329399775034539655e-02	-9.005592197626484385e-02	8.048056364497888082e-02	-5.564364376682957858e-02	6.587783035355482264e-02	-5.900112021089218284e-02	6.293213701090992485e-02	-5.951815019044798261e-02	5.678633692196259630e-02	-2.181338219913610613e-02	4.517645590340102491e-02	-5.459272963792612815e-02	5.226089260488200883e-02	-4.898951530205618299e-02	2.281114919785773992e-02	-4.881335659437614771e-02	4.740438153471399074e-02	-5.437024077094589070e-02	3.877173476303256289e-02	-6.813601985331126099e-02	4.257195411153277820e-02	-4.791586292328400831e-02	4.448782429856045634e-02	-4.814453017835561288e-02
-4.230569280359363638e-01	2.351117703866510700e-01	-1.223858940206755952e-01	1.308655905196259295e-01	-8.046631225734005022e-02	9.999999999999994449e-01	-3.269067937600271256e-01	1.653994241056891412e-01	-1.858801358295794348e-01	7.120663975817898006e-02	-6.758474441519043419e-01	2.696429747137096267e-01	-1.540780391355641710e-01	1.283716235237394865e-01	-1.052005701354418316e-01	2.851377613553592316e-01	-2.598720472543445403e-01	1.611724478627533930e-01	-1.516176110750077077e-01	8.575004942766631388e-02	-2.406293403854795343e-01	1.628802916344875562e-01	-1.445556393759315772e-01	1.197876900123777816e-01	-1.158937790085224628e-01	5.729461199614446776e-02	-1.159784837430598847e-01	1.193450720172465479e-01	-1.137109314837378982e-01	9.698729577964559923e-02	-6.060667109018876703e-02	1.160158281720110596e-01	-1.079611696573899160e-01	1.102961418212678457e-01	-8.031316616609300574e-02	1.424961052067788836e-01	-9.640828924111638498e-02	1.034269993631323631e-01	-9.772755560567553124e-02	9.790852233080689360e-02
2.687706532520034441e-01	-4.078895817425278736e-01	1.737952371771703530e-01	-1.949104271090814078e-01	1.044774089550764007e-01	-3.269067937600271256e-01	9.999999999999998890e-01	-4.473477877661151680e-01	2.649987732160062892e-01	-1.006196307454785138e-01	2.319254225029785677e-01	-5.172186506298727116e-01	2.057278905621862386e-01	-1.795597580637460500e-01	1.176179506793982588e-01	-2.538995074349261194e-01	2.560377837662904943e-01	-2.050635216256737614e-01	1.717281642409190234e-01	-9.988061923051860802e-02	1.909561524723399351e-01	-1.704601325886990759e-01	1.526035201670840336e-01	-1.347522706084744726e-01	1.243195856674340072e-01	-5.781684341613700651e-02	1.193125268351012958e-01	-1.314942041494074343e-01	1.219913428816211537e-01	-1.083621087972724273e-01	6.012149268672253855e-02	-1.263491696818373200e-01	1.157747249936303541e-01	-1.250299012532422038e-01	8.881519050556505035e-02	-1.656000482341160041e-01	1.052165293824378622e-01	-1.156626525297501651e-01	1.056389168157257225e-01	-1.110056212368099038e-01
-1.732438401339851664e-01	1.946745851356956047e-01	-1.890365301347259330e-01	1.795276220080192775e-01	-1.530489139183867919e-01	1.653994241056891412e-01	-4.473477877661151680e-01	9.999999999999991118e-01	-6.878061446096603859e-01	1.399729460609219767e-01	-1.316635850610056446e-01	2.077132380099216968e-01	-3.682525342384406764e-01	2.473739493271219503e-01	-1.226166571741589967e-01	1.521742334025501520e-01	-1.660177933570573805e-01	1.990088279774810121e-01	-1.867069813460285332e-01	1.013694021252305316e-01	-1.345939321270951117e-01	1.197544159434411060e-01	-1.319285309819787089e-01	1.215474883152199842e-01	-1.111877118865823300e-01	4.282665145650096927e-02	-8.940623920250927170e-02	1.057646636236648091e-01	-1.031304505689582818e-01	9.323103985341880950e-02	-4.487599492325301115e-02	9.408037629784740674e-02	-9.119851895371013095e-02	1.016470993954926016e-01	-7.346938116324060186e-02	1.246828717741404052e-01	-8.042898337416622134e-02	8.988760539749857115e-02	-8.420413218945466127e-02	8.952819154554135517e-02
1.755206099657244112e-01	-2.095837997252784912e-01	1.763143540780977847e-01	-2.293544873479543833e-01	1.843611103365112858e-01	-1.858801358295794348e-01	2.649987732160062892e-01	-6.878061446096603859e-01	9.999999999999978906e-01	-2.328984417453746902e-01	1.388384248377251828e-01	-2.179440663262483535e-01	2.756010314735586331e-01	-3.679538659998611849e-01	1.402076236251796060e-01	-1.736879686212940976e-01	1.701587863896058539e-01	-2.290146491091674952e-01	2.045613908782536738e-01	-1.215921834114400552e-01	1.479955406964754971e-01	-1.353482347169378541e-01	1.468715103202583305e-01	-1.414075562552538079e-01	1.267588924853944865e-01	-4.904537177673588821e-02	1.019380282837605151e-01	-1.235631329052470639e-01	1.182980859080673408e-01	-1.095634210758553995e-01	5.116877566928035997e-02	-1.097354377072883025e-01	1.059483058579907128e-01	-1.209025158128919225e-01	8.622888647096953185e-02	-1.503055674653227813e-01	9.450613631552015614e-02	-1.065121912236887680e-01	9.850911797900435696e-02	-1.066862033101378393e-01
-8.108121418410162151e-02	8.631420145370911901e-02	-1.003067801423274535e-01	1.164188079441583895e-01	-9.417341906830704046e-01	7.120663975817898006e-02	-1.006196307454785138e-01	1.399729460609219767e-01	-2.328984417453746902e-01	1.000000000000000666e+00	-5.478103190428657010e-02	7.805479764442857515e-02	-9.220231158069977506e-02	9.447157525786847865e-02	-6.408438767978193173e-02	6.729432283185553254e-02	-6.716275013903175162e-02	8.162278407676092085e-02	-7.678810041291281308e-02	5.212085077122403237e-02	-5.993048162955866287e-02	5.317464770338994895e-02	-5.781607643280600034e-02	5.451533240002975900e-02	-5.269020899010561088e-02	1.964511581369481757e-02	-4.077293054639131303e-02	4.920201238415777140e-02	-4.772983610505678043e-02	4.455258341198940764e-02	-2.058573984073519894e-02	4.368989241794327127e-02	-4.271670225104921836e-02	4.876298492821391078e-02	-3.505357328995394733e-02	6.017016033194540203e-02	-3.805565185010252593e-02	4.277506628778998676e-02	-4.005317427795579421e-02	4.309852440355577130e-02
2.252423176642754654e-01	-1.819233176321331802e-01	9.243968753411468953e-02	-1.037768703245929569e-01	6.058784695824491473e-02	-6.758474441519043419e-01	2.319254225029785677e-01	-1.316635850610056446e-01	1.388384248377251828e-01	-5.478103190428657010e-02	1.000000000000000000e+00	-3.825976231448965925e-01	1.250269787664990695e-01	-1.057913214920922079e-01	8.694206608892801613e-02	-5.040590289355637577e-01	2.549301038107903428e-01	-1.438226666839580725e-01	1.261708919417161567e-01	-7.214144744787871766e-02	2.171570694485805975e-01	-1.582629091908601959e-01	1.258631074312774878e-01	-1.047194170724908835e-01	9.828545448028565279e-02	-5.218478885750292562e-02	1.055387165171049052e-01	-1.071792303313829214e-01	9.864512436069784729e-02	-8.457419097683650799e-02	5.427651001218645327e-02	-1.075916717234773751e-01	9.575215509479111098e-02	-9.803832115499769295e-02	7.030935758336427643e-02	-1.308948779046501532e-01	8.662471920479916654e-02	-9.323421369044265772e-02	8.548133471056920674e-02	-8.695329520719004279e-02
-2.478114063739713380e-01	2.127053929547260691e-01	-1.206763414191006634e-01	1.286825801445385664e-01	-8.710494513304113673e-02	2.696429747137096267e-01	-5.172186506298727116e-01	2.077132380099216968e-01	-2.179440663262483535e-01	7.805479764442857515e-02	-3.825976231448965925e-01	9.999999999999976685e-01	-1.973543334250630055e-01	1.548170861799084419e-01	-1.172759942126128940e-01	2.840899991210359410e-01	-5.681624464026828747e-01	2.014650461400570025e-01	-1.766772203212220171e-01	9.675424331008770917e-02	-2.375873227938865850e-01	2.039537675856248344e-01	-1.681443076093454836e-01	1.377243418735996650e-01	-1.280363380088423986e-01	6.400471840480176366e-02	-1.361753088204532558e-01	1.354258359009873347e-01	-1.270019713991472066e-01	1.082482282565075254e-01	-6.714680994405426706e-02	1.327894069803422505e-01	-1.203356538367724299e-01	1.225252087194002998e-01	-8.873466909964630722e-02	1.578818748742735756e-01	-1.071078685063289043e-01	1.150480205139163270e-01	-1.066206681947376445e-01	1.081872162881030580e-01
1.426711565035657103e-01	-1.511490802870557593e-01	1.100332100617963521e-01	-1.262740561508734205e-01	9.485760334821718986e-02	-1.540780391355641710e-01	2.057278905621862386e-01	-3.682525342384406764e-01	2.756010314735586331e-01	-9.220231158069977506e-02	1.250269787664990695e-01	-1.973543334250630055e-01	9.999999999999972244e-01	-6.609605883612303945e-01	1.857274799248999353e-01	-1.650325272412176414e-01	1.802023534823045670e-01	-4.497023779218039530e-01	2.936311284512825859e-01	-1.656726174255304662e-01	1.576734077182259108e-01	-1.505895487696397861e-01	1.931708745625226320e-01	-1.885120428750412247e-01	1.583313393633511978e-01	-5.468782845730410513e-02	1.154356977685880997e-01	-1.481723702786703623e-01	1.448679769072999668e-01	-1.352885586603141121e-01	5.713915460442094835e-02	-1.230470231841346712e-01	1.227174406132877649e-01	-1.426391201645996476e-01	1.027352579652607428e-01	-1.655712800639889404e-01	1.061420315232269596e-01	-1.215241223364580958e-01	1.135980621543732361e-01	-1.245797094457883752e-01
-1.254755742690807363e-01	1.272658797938609476e-01	-9.887048065787883144e-02	1.109732401511334815e-01	-1.001451139632249382e-01	1.283716235237394865e-01	-1.795597580637460500e-01	2.473739493271219503e-01	-3.679538659998611849e-01	9.447157525786847865e-02	-1.057913214920922079e-01	1.548170861799084419e-01	-6.609605883612303945e-01	9.999999999999992228e-01	-2.693520778847562358e-01	1.386842165445730524e-01	-1.537169921777080672e-01	2.897444720849411959e-01	-4.634411169808082542e-01	1.854975082822905297e-01	-1.408837329976407593e-01	1.322883708789518997e-01	-1.824605076809744097e-01	1.868904289988543022e-01	-1.656900808575709205e-01	4.885555903551915685e-02	-1.038155621285082597e-01	1.350609243035352791e-01	-1.409664024624205092e-01	1.306209860974610892e-01	-5.129522467102114180e-02	1.092939549914707931e-01	-1.119451162537253575e-01	1.306499025064975783e-01	-9.661336457240046749e-02	1.447320661413476206e-01	-9.477107130637744958e-02	1.086673781575028530e-01	-1.039972468647158144e-01	1.134461022112904921e-01
9.798804019931282860e-02	-9.408117366194115871e-02	6.390482778394671048e-02	-7.381723965449629721e-02	6.536861826436805856e-02	-1.052005701354418316e-01	1.176179506793982588e-01	-1.226166571741589967e-01	1.402076236251796060e-01	-6.408438767978193173e-02	8.694206608892801613e-02	-1.172759942126128940e-01	1.857274799248999353e-01	-2.693520778847562358e-01	9.999999999999975575e-01	-1.235839972170870438e-01	1.276510285981200254e-01	-2.103962999506123754e-01	2.191005769148155202e-01	-8.053701466627336547e-01	1.359503834174419779e-01	-1.320089968685209669e-01	1.696471907134337043e-01	-1.975258045234289661e-01	2.693906280503490791e-01	-5.342259003807810908e-02	1.133193227347174259e-01	-1.646576924715845436e-01	1.703351668778168015e-01	-2.186844948148503054e-01	5.596401624732552649e-02	-1.249536192823843400e-01	1.351217368433020316e-01	-1.876239829376026569e-01	1.393862622738340773e-01	-1.782866939642087645e-01	1.134436737493964842e-01	-1.365831299884779082e-01	1.344274724752936301e-01	-1.619685160053170592e-01
-2.445146240152770711e-01	1.782795919135277685e-01	-1.024434382826564377e-01	1.112058903670595095e-01	-7.586443024843347871e-02	2.851377613553592316e-01	-2.538995074349261194e-01	1.521742334025501520e-01	-1.736879686212940976e-01	6.729432283185553254e-02	-5.040590289355637577e-01	2.840899991210359410e-01	-1.650325272412176414e-01	1.386842165445730524e-01	-1.235839972170870438e-01	1.000000000000000222e+00	-4.684168274585874259e-01	1.977155260387857827e-01	-1.806995318876559731e-01	1.013002162961117586e-01	-4.987878314889500619e-01	2.523200944408071633e-01	-1.916749310345846335e-01	1.517943663071386062e-01	-1.431488895069607525e-01	8.345265114145404561e-02	-1.655644207453210726e-01	1.564440623142803188e-01	-1.449839987565122723e-01	1.209723023236457806e-01	-8.753094119382102967e-02	1.592406633504686031e-01	-1.409704737725530344e-01	1.383690540389777290e-01	-1.005505825681743820e-01	1.807409516362699364e-01	-1.257070940524142866e-01	1.329422818494147840e-01	-1.233012287654329797e-01	1.222641057362590655e-01
1.957875982459704178e-01	-1.833192731186337465e-01	1.017422454953741950e-01	-1.153098503164424610e-01	7.329399775034539655e-02	-2.598720472543445403e-01	2.560377837662904943e-01	-1.660177933570573805e-01	1.701587863896058539e-01	-6.716275013903175162e-02	2.549301038107903428e-01	-5.681624464026828747e-01	1.802023534823045670e-01	-1.537169921777080672e-01	1.276510285981200254e-01	-4.684168274585874259e-01	9.999999999999982236e-01	-2.923184544296116849e-01	1.974025043939444390e-01	-1.084558254348661072e-01	2.880268870677001325e-01	-3.840202335503891673e-01	2.120064973613250969e-01	-1.726209920514452933e-01	1.498118381826192835e-01	-8.641601857869449232e-02	1.871789294467368914e-01	-1.783143051446157146e-01	1.556693892766186638e-01	-1.323793538479214049e-01	8.761830332877310057e-02	-1.880162257953769400e-01	1.534933848380659605e-01	-1.540172344093528323e-01	1.092093697971779354e-01	-2.073750071145542273e-01	1.384974692059584844e-01	-1.490868757822741419e-01	1.316853157859728951e-01	-1.354052665795036914e-01
-1.578329372109403550e-01	1.442752527341641389e-01	-9.971902159389488263e-02	1.099368486291679020e-01	-9.005592197626484385e-02	1.611724478627533930e-01	-2.050635216256737614e-01	1.990088279774810121e-01	-2.290146491091674952e-01	8.162278407676092085e-02	-1.438226666839580725e-01	2.014650461400570025e-01	-4.497023779218039530e-01	2.897444720849411959e-01	-2.103962999506123754e-01	1.977155260387857827e-01	-2.923184544296116849e-01	9.999999999999991118e-01	-5.673588467453245521e-01	1.740353965046631257e-01	-2.259309277029341312e-01	2.138116429663356188e-01	-4.072077139572246596e-01	2.731932076429577916e-01	-2.193983896488010399e-01	7.406443721409301795e-02	-1.614567354671472832e-01	1.997394417166433178e-01	-2.089376013073610816e-01	1.719695894728000274e-01	-7.836093095106641537e-02	1.600870220432085711e-01	-1.649136857763339736e-01	1.752092195391085627e-01	-1.316571295382494566e-01	1.946587470190101476e-01	-1.351655496945095847e-01	1.515380148770213986e-01	-1.464974117120506625e-01	1.515628687930218876e-01
1.383789013025951975e-01	-1.352233258837707008e-01	9.124359219292955958e-02	-1.056798548896123041e-01	8.048056364497888082e-02	-1.516176110750077077e-01	1.717281642409190234e-01	-1.867069813460285332e-01	2.045613908782536738e-01	-7.678810041291281308e-02	1.261708919417161567e-01	-1.766772203212220171e-01	2.936311284512825859e-01	-4.634411169808082542e-01	2.191005769148155202e-01	-1.806995318876559731e-01	1.974025043939444390e-01	-5.673588467453245521e-01	9.999999999999990008e-01	-2.301407845234779426e-01	1.893888512461418538e-01	-1.912423709364577951e-01	2.796956743643480570e-01	-4.169665562283578764e-01	2.264113158197383346e-01	-6.995640074137594866e-02	1.496411175827892515e-01	-2.083071130767940593e-01	2.137696523643760615e-01	-1.929970697820549697e-01	7.295431809938544843e-02	-1.596784586535827111e-01	1.635114547714417721e-01	-1.938497620072640315e-01	1.402929925532835354e-01	-2.116510268292277341e-01	1.372526118984219723e-01	-1.599221997878448875e-01	1.498200453116177167e-01	-1.665314172043210195e-01
-8.221734919525178209e-02	7.712051072212826319e-02	-5.328912063150548911e-02	6.041007591743359495e-02	-5.564364376682957858e-02	8.575004942766631388e-02	-9.988061923051860802e-02	1.013694021252305316e-01	-1.215921834114400552e-01	5.212085077122403237e-02	-7.214144744787871766e-02	9.675424331008770917e-02	-1.656726174255304662e-01	1.854975082822905297e-01	-8.053701466627336547e-01	1.013002162961117586e-01	-1.084558254348661072e-01	1.740353965046631257e-01	-2.301407845234779426e-01	9.999999999999970024e-01	-1.165840959879656108e-01	1.114039966578893592e-01	-1.573777730530161179e-01	1.813972199896136395e-01	-4.230121885136403637e-01	4.466959891754686968e-02	-9.590378212415479053e-02	1.379564444562417780e-01	-1.594081407539798545e-01	1.945368486393122542e-01	-4.711607165012977883e-02	1.026650187102452899e-01	-1.143140318713387199e-01	1.521285585791901374e-01	-1.246215463723315681e-01	1.388662998224443890e-01	-9.252293391367077957e-02	1.101456780191057971e-01	-1.135135709261032161e-01	1.306499620613016943e-01
1.749017968098750542e-01	-1.541319140148764977e-01	8.834357778174087295e-02	-1.006885047611985884e-01	6.587783035355482264e-02	-2.406293403854795343e-01	1.909561524723399351e-01	-1.345939321270951117e-01	1.479955406964754971e-01	-5.993048162955866287e-02	2.171570694485805975e-01	-2.375873227938865850e-01	1.576734077182259108e-01	-1.408837329976407593e-01	1.359503834174419779e-01	-4.987878314889500619e-01	2.880268870677001325e-01	-2.259309277029341312e-01	1.893888512461418538e-01	-1.165840959879656108e-01	9.999999999999965583e-01	-5.592583929315525504e-01	2.406838014491369526e-01	-1.999257794155369083e-01	1.722807578776592574e-01	-1.422079963628560817e-01	2.516610422735070518e-01	-2.313960323999126323e-01	1.877891903981812050e-01	-1.600220230805573796e-01	1.316886571067889256e-01	-2.697218570283592132e-01	1.989256033123176226e-01	-1.959548865867363487e-01	1.354927557998389931e-01	-2.873998279439903270e-01	1.856561240879444075e-01	-1.990476779989811262e-01	1.668859675749032601e-01	-1.726528327512949490e-01
-1.449374241856188905e-01	1.230989076459631515e-01	-7.421010356000419528e-02	8.264099083252213207e-02	-5.900112021089218284e-02	1.628802916344875562e-01	-1.704601325886990759e-01	1.197544159434411060e-01	-1.353482347169378541e-01	5.317464770338994895e-02	-1.582629091908601959e-01	2.039537675856248344e-01	-1.505895487696397861e-01	1.322883708789518997e-01	-1.320089968685209669e-01	2.523200944408071633e-01	-3.840202335503891673e-01	2.138116429663356188e-01	-1.912423709364577951e-01	1.114039966578893592e-01	-5.592583929315525504e-01	9.999999999999966693e-01	-3.680992942800949130e-01	2.087407551593292721e-01	-1.730073100543635112e-01	1.349605334799625633e-01	-4.626279940493847054e-01	2.315676192891506224e-01	-1.960665790383732399e-01	1.502640388676312888e-01	-1.405046836573986824e-01	2.599426472572724522e-01	-2.020665407454771689e-01	1.703085570505959434e-01	-1.237570476096096078e-01	2.204002767654885953e-01	-1.756683880649727858e-01	1.740902399345855556e-01	-1.517698678252296651e-01	1.473053842296273008e-01
1.300502505682545606e-01	-1.179663305896954811e-01	7.491777731291121567e-02	-8.499330164504963203e-02	6.293213701090992485e-02	-1.445556393759315772e-01	1.526035201670840336e-01	-1.319285309819787089e-01	1.468715103202583305e-01	-5.781607643280600034e-02	1.258631074312774878e-01	-1.681443076093454836e-01	1.931708745625226320e-01	-1.824605076809744097e-01	1.696471907134337043e-01	-1.916749310345846335e-01	2.120064973613250969e-01	-4.072077139572246596e-01	2.796956743643480570e-01	-1.573777730530161179e-01	2.406838014491369526e-01	-3.680992942800949130e-01	9.999999999999967804e-01	-5.940693711332463156e-01	2.415694266456837047e-01	-9.356797665588473256e-02	2.142024402055065224e-01	-3.416860783319538020e-01	2.704244610237066526e-01	-2.192808017375909302e-01	9.571672120794112726e-02	-2.142808676216142183e-01	2.123221266568728338e-01	-2.229784674271511613e-01	1.599758190192918095e-01	-2.414187308494131767e-01	1.666900465628573524e-01	-1.955514846412740038e-01	1.734221863105575578e-01	-1.877073843704892830e-01
-1.135437499183692134e-01	1.022615656259778932e-01	-6.723958247224043339e-02	7.568719749893880466e-02	-5.951815019044798261e-02	1.197876900123777816e-01	-1.347522706084744726e-01	1.215474883152199842e-01	-1.414075562552538079e-01	5.451533240002975900e-02	-1.047194170724908835e-01	1.377243418735996650e-01	-1.885120428750412247e-01	1.868904289988543022e-01	-1.975258045234289661e-01	1.517943663071386062e-01	-1.726209920514452933e-01	2.731932076429577916e-01	-4.169665562283578764e-01	1.813972199896136395e-01	-1.999257794155369083e-01	2.087407551593292721e-01	-5.940693711332463156e-01	9.999999999999972244e-01	-3.840824297814742772e-01	7.420783157135626973e-02	-1.692823994130052134e-01	2.537832558149187845e-01	-4.155987795869122703e-01	2.452337710295376394e-01	-7.831293079393837619e-02	1.657367309463502747e-01	-1.866901099407362596e-01	2.076898052732120414e-01	-1.651907608710526387e-01	1.953507026346682773e-01	-1.397422946575951064e-01	1.629716242091992229e-01	-1.604059184027159524e-01	1.715935877468122983e-01
1.082494612465131761e-01	-9.874307588512312717e-02	6.392430838919106739e-02	-7.291247025757978395e-02	5.678633692196259630e-02	-1.158937790085224628e-01	1.243195856674340072e-01	-1.111877118865823300e-01	1.267588924853944865e-01	-5.269020899010561088e-02	9.828545448028565279e-02	-1.280363380088423986e-01	1.583313393633511978e-01	-1.656900808575709205e-01	2.693906280503490791e-01	-1.431488895069607525e-01	1.498118381826192835e-01	-2.193983896488010399e-01	2.264113158197383346e-01	-4.230121885136403637e-01	1.722807578776592574e-01	-1.730073100543635112e-01	2.415694266456837047e-01	-3.840824297814742772e-01	9.999999999999975575e-01	-7.103362041662640569e-02	1.536821805509721306e-01	-2.449378856721804443e-01	2.831524806763563995e-01	-5.581048921795584983e-01	7.450462087254365595e-02	-1.678132848616229744e-01	1.917452806500624940e-01	-2.929044979810210836e-01	2.391388818676725425e-01	-2.274789444299385177e-01	1.513881793341131654e-01	-1.870963668398377133e-01	1.948512011015283152e-01	-2.474098055137816110e-01
-5.175821657655297475e-02	4.407458698828321808e-02	-2.692880636495353919e-02	3.013559844776455068e-02	-2.181338219913610613e-02	5.729461199614446776e-02	-5.781684341613700651e-02	4.282665145650096927e-02	-4.904537177673588821e-02	1.964511581369481757e-02	-5.218478885750292562e-02	6.400471840480176366e-02	-5.468782845730410513e-02	4.885555903551915685e-02	-5.342259003807810908e-02	8.345265114145404561e-02	-8.641601857869449232e-02	7.406443721409301795e-02	-6.995640074137594866e-02	4.466959891754686968e-02	-1.422079963628560817e-01	1.349605334799625633e-01	-9.356797665588473256e-02	7.420783157135626973e-02	-7.103362041662640569e-02	9.999999999999955591e-01	-2.534835812610925498e-01	1.154303651114957918e-01	-8.554899510462014856e-02	6.534569105533659383e-02	-9.300312453281788239e-01	1.812167328125048604e-01	-1.073891289314808650e-01	7.962013303272331977e-02	-5.660307660647282552e-02	1.158945346503078844e-01	-9.824414128953103120e-02	9.177796757225331614e-02	-7.399112884195163664e-02	6.865382165685869620e-02
1.053333315685966165e-01	-9.038399390429796565e-02	5.543813234121965777e-02	-6.207839761808939261e-02	4.517645590340102491e-02	-1.159784837430598847e-01	1.193125268351012958e-01	-8.940623920250927170e-02	1.019380282837605151e-01	-4.077293054639131303e-02	1.055387165171049052e-01	-1.361753088204532558e-01	1.154356977685880997e-01	-1.038155621285082597e-01	1.133193227347174259e-01	-1.655644207453210726e-01	1.871789294467368914e-01	-1.614567354671472832e-01	1.496411175827892515e-01	-9.590378212415479053e-02	2.516610422735070518e-01	-4.626279940493847054e-01	2.142024402055065224e-01	-1.692823994130052134e-01	1.536821805509721306e-01	-2.534835812610925498e-01	9.999999999999955591e-01	-3.552489626776987874e-01	1.974001700326938891e-01	-1.464750250363293094e-01	2.020222805456384774e-01	-6.286726358137023629e-01	2.495493319398383036e-01	-1.766600843324628578e-01	1.239541987516461358e-01	-2.541334695398931309e-01	2.183525043410846356e-01	-2.106031985174266485e-01	1.584910390136504976e-01	-1.489042424072399839e-01
-1.159420807957640270e-01	9.923097166352469467e-02	-6.339176298422347089e-02	7.062885264827792331e-02	-5.459272963792612815e-02	1.193450720172465479e-01	-1.314942041494074343e-01	1.057646636236648091e-01	-1.235631329052470639e-01	4.920201238415777140e-02	-1.071792303313829214e-01	1.354258359009873347e-01	-1.481723702786703623e-01	1.350609243035352791e-01	-1.646576924715845436e-01	1.564440623142803188e-01	-1.783143051446157146e-01	1.997394417166433178e-01	-2.083071130767940593e-01	1.379564444562417780e-01	-2.313960323999126323e-01	2.315676192891506224e-01	-3.416860783319538020e-01	2.537832558149187845e-01	-2.449378856721804443e-01	1.154303651114957918e-01	-3.552489626776987874e-01	9.999999999999974465e-01	-5.271639414178003191e-01	2.354414822303613763e-01	-1.247822202958772247e-01	2.655266140107885864e-01	-4.996709044131014132e-01	2.446617285807224651e-01	-1.879113088986478497e-01	2.371029584882266561e-01	-2.110908131416834588e-01	2.470514098425292404e-01	-2.151559444749389371e-01	1.952950076532686541e-01
1.071890477335052938e-01	-9.500234128517237586e-02	6.073611231100477931e-02	-6.859434858779812905e-02	5.226089260488200883e-02	-1.137109314837378982e-01	1.219913428816211537e-01	-1.031304505689582818e-01	1.182980859080673408e-01	-4.772983610505678043e-02	9.864512436069784729e-02	-1.270019713991472066e-01	1.448679769072999668e-01	-1.409664024624205092e-01	1.703351668778168015e-01	-1.449839987565122723e-01	1.556693892766186638e-01	-2.089376013073610816e-01	2.137696523643760615e-01	-1.594081407539798545e-01	1.877891903981812050e-01	-1.960665790383732399e-01	2.704244610237066526e-01	-4.155987795869122703e-01	2.831524806763563995e-01	-8.554899510462014856e-02	1.974001700326938891e-01	-5.271639414178003191e-01	9.999999999999964473e-01	-4.840906305394677145e-01	8.895801602213017356e-02	-2.052542261172264904e-01	2.516565000455913692e-01	-3.299895472379154038e-01	2.375935729762152226e-01	-2.354418835355179540e-01	1.704998515588207753e-01	-2.153579443176086294e-01	2.066792181280693308e-01	-2.339377040643947914e-01
-9.488973903457671721e-02	8.320718449012624862e-02	-5.437059186265385397e-02	6.093995171417215112e-02	-4.898951530205618299e-02	9.698729577964559923e-02	-1.083621087972724273e-01	9.323103985341880950e-02	-1.095634210758553995e-01	4.455258341198940764e-02	-8.457419097683650799e-02	1.082482282565075254e-01	-1.352885586603141121e-01	1.306209860974610892e-01	-2.186844948148503054e-01	1.209723023236457806e-01	-1.323793538479214049e-01	1.719695894728000274e-01	-1.929970697820549697e-01	1.945368486393122542e-01	-1.600220230805573796e-01	1.502640388676312888e-01	-2.192808017375909302e-01	2.452337710295376394e-01	-5.581048921795584983e-01	6.534569105533659383e-02	-1.464750250363293094e-01	2.354414822303613763e-01	-4.840906305394677145e-01	9.999999999999961142e-01	-7.000605603818912948e-02	1.508020383369828299e-01	-1.978612765055944023e-01	2.871648668124394677e-01	-4.651418254424636856e-01	1.838859444796068776e-01	-1.383978823725454110e-01	1.685120311955655703e-01	-2.133595711507518811e-01	2.409231615193492271e-01
5.399901673936292196e-02	-4.641360366535373511e-02	2.827774155071898984e-02	-3.176285548833738398e-02	2.281114919785773992e-02	-6.060667109018876703e-02	6.012149268672253855e-02	-4.487599492325301115e-02	5.116877566928035997e-02	-2.058573984073519894e-02	5.427651001218645327e-02	-6.714680994405426706e-02	5.713915460442094835e-02	-5.129522467102114180e-02	5.596401624732552649e-02	-8.753094119382102967e-02	8.761830332877310057e-02	-7.836093095106641537e-02	7.295431809938544843e-02	-4.711607165012977883e-02	1.316886571067889256e-01	-1.405046836573986824e-01	9.571672120794112726e-02	-7.831293079393837619e-02	7.450462087254365595e-02	-9.300312453281788239e-01	2.020222805456384774e-01	-1.247822202958772247e-01	8.895801602213017356e-02	-7.000605603818912948e-02	9.999999999999953371e-01	-2.196687624485340884e-01	1.130950795319637658e-01	-8.710917239117468847e-02	6.084029253827884925e-02	-1.334789181285187532e-01	1.060980982843566650e-01	-1.020185000182969870e-01	7.941263185945283964e-02	-7.505954347790705361e-02
-1.129293065300923243e-01	9.380122674130009219e-02	-5.853808187311227568e-02	6.483866816606340122e-02	-4.881335659437614771e-02	1.160158281720110596e-01	-1.263491696818373200e-01	9.408037629784740674e-02	-1.097354377072883025e-01	4.368989241794327127e-02	-1.075916717234773751e-01	1.327894069803422505e-01	-1.230470231841346712e-01	1.092939549914707931e-01	-1.249536192823843400e-01	1.592406633504686031e-01	-1.880162257953769400e-01	1.600870220432085711e-01	-1.596784586535827111e-01	1.026650187102452899e-01	-2.697218570283592132e-01	2.599426472572724522e-01	-2.142808676216142183e-01	1.657367309463502747e-01	-1.678132848616229744e-01	1.812167328125048604e-01	-6.286726358137023629e-01	2.655266140107885864e-01	-2.052542261172264904e-01	1.508020383369828299e-01	-2.196687624485340884e-01	9.999999999999957812e-01	-3.921624051107888143e-01	1.890271684215973358e-01	-1.364593721488829015e-01	2.710135329420183536e-01	-3.913105125914991267e-01	2.551769404047923850e-01	-1.912123044713345266e-01	1.612641254419989734e-01
1.040872005707664805e-01	-8.884120039394712010e-02	5.603447633315259552e-02	-6.262977508061579046e-02	4.740438153471399074e-02	-1.079611696573899160e-01	1.157747249936303541e-01	-9.119851895371013095e-02	1.059483058579907128e-01	-4.271670225104921836e-02	9.575215509479111098e-02	-1.203356538367724299e-01	1.227174406132877649e-01	-1.119451162537253575e-01	1.351217368433020316e-01	-1.409704737725530344e-01	1.534933848380659605e-01	-1.649136857763339736e-01	1.635114547714417721e-01	-1.143140318713387199e-01	1.989256033123176226e-01	-2.020665407454771689e-01	2.123221266568728338e-01	-1.866901099407362596e-01	1.917452806500624940e-01	-1.073891289314808650e-01	2.495493319398383036e-01	-4.996709044131014132e-01	2.516565000455913692e-01	-1.978612765055944023e-01	1.130950795319637658e-01	-3.921624051107888143e-01	9.999999999999945599e-01	-3.373892251443219026e-01	1.927318374182375449e-01	-2.989275151727498470e-01	2.689861457683131452e-01	-5.321637767097977534e-01	2.508759030545174018e-01	-2.295858615892845678e-01
-1.122713906971510717e-01	9.465190550320282115e-02	-6.139824034231796540e-02	6.806171893935214490e-02	-5.437024077094589070e-02	1.102961418212678457e-01	-1.250299012532422038e-01	1.016470993954926016e-01	-1.209025158128919225e-01	4.876298492821391078e-02	-9.803832115499769295e-02	1.225252087194002998e-01	-1.426391201645996476e-01	1.306499025064975783e-01	-1.876239829376026569e-01	1.383690540389777290e-01	-1.540172344093528323e-01	1.752092195391085627e-01	-1.938497620072640315e-01	1.521285585791901374e-01	-1.959548865867363487e-01	1.703085570505959434e-01	-2.229784674271511613e-01	2.076898052732120414e-01	-2.929044979810210836e-01	7.962013303272331977e-02	-1.766600843324628578e-01	2.446617285807224651e-01	-3.299895472379154038e-01	2.871648668124394677e-01	-8.710917239117468847e-02	1.890271684215973358e-01	-3.373892251443219026e-01	9.999999999999950040e-01	-6.101299151492212136e-01	2.190368941715066520e-01	-1.854419263587490097e-01	2.334555957731943576e-01	-3.929360440500714868e-01	3.083679421813394494e-01
7.940052112118697880e-02	-6.837697571660598939e-02	4.411619427292345907e-02	-4.932440766313270220e-02	3.877173476303256289e-02	-8.031316616609300574e-02	8.881519050556505035e-02	-7.346938116324060186e-02	8.622888647096953185e-02	-3.505357328995394733e-02	7.030935758336427643e-02	-8.873466909964630722e-02	1.027352579652607428e-01	-9.661336457240046749e-02	1.393862622738340773e-01	-1.005505825681743820e-01	1.092093697971779354e-01	-1.316571295382494566e-01	1.402929925532835354e-01	-1.246215463723315681e-01	1.354927557998389931e-01	-1.237570476096096078e-01	1.599758190192918095e-01	-1.651907608710526387e-01	2.391388818676725425e-01	-5.660307660647282552e-02	1.239541987516461358e-01	-1.879113088986478497e-01	2.375935729762152226e-01	-4.651418254424636856e-01	6.084029253827884925e-02	-1.364593721488829015e-01	1.927318374182375449e-01	-6.101299151492212136e-01	9.999999999999952260e-01	-1.715321666530816858e-01	1.325283683500607101e-01	-1.753218367531535760e-01	2.711697916096906247e-01	-5.119291818790483450e-01
-1.547824006851507284e-01	1.228556310209693025e-01	-7.880325573676402739e-02	8.601403263408800848e-02	-6.813601985331126099e-02	1.424961052067788836e-01	-1.656000482341160041e-01	1.246828717741404052e-01	-1.503055674653227813e-01	6.017016033194540203e-02	-1.308948779046501532e-01	1.578818748742735756e-01	-1.655712800639889404e-01	1.447320661413476206e-01	-1.782866939642087645e-01	1.807409516362699364e-01	-2.073750071145542273e-01	1.946587470190101476e-01	-2.116510268292277341e-01	1.388662998224443890e-01	-2.873998279439903270e-01	2.204002767654885953e-01	-2.414187308494131767e-01	1.953507026346682773e-01	-2.274789444299385177e-01	1.158945346503078844e-01	-2.541334695398931309e-01	2.371029584882266561e-01	-2.354418835355179540e-01	1.838859444796068776e-01	-1.334789181285187532e-01	2.710135329420183536e-01	-2.989275151727498470e-01	2.190368941715066520e-01	-1.715321666530816858e-01	9.999999999999947820e-01	-6.451986026402234398e-01	3.001666066447584713e-01	-2.960854325691322786e-01	2.065514938617109275e-01
9.627920626773357748e-02	-7.991279190749626948e-02	5.038236386424342628e-02	-5.586127536764431967e-02	4.257195411153277820e-02	-9.640828924111638498e-02	1.052165293824378622e-01	-8.042898337416622134e-02	9.450613631552015614e-02	-3.805565185010252593e-02	8.662471920479916654e-02	-1.071078685063289043e-01	1.061420315232269596e-01	-9.477107130637744958e-02	1.134436737493964842e-01	-1.257070940524142866e-01	1.384974692059584844e-01	-1.351655496945095847e-01	1.372526118984219723e-01	-9.252293391367077957e-02	1.856561240879444075e-01	-1.756683880649727858e-01	1.666900465628573524e-01	-1.397422946575951064e-01	1.513881793341131654e-01	-9.824414128953103120e-02	2.183525043410846356e-01	-2.110908131416834588e-01	1.704998515588207753e-01	-1.383978823725454110e-01	1.060980982843566650e-01	-3.913105125914991267e-01	2.689861457683131452e-01	-1.854419263587490097e-01	1.325283683500607101e-01	-6.451986026402234398e-01	9.999999999999947820e-01	-5.269230059733889249e-01	2.229637122877742017e-01	-1.761206526339305356e-01
-1.053697298626094236e-01	8.720474760679225446e-02	-5.565807707298585372e-02	6.151759431234198050e-02	-4.791586292328400831e-02	1.034269993631323631e-01	-1.156626525297501651e-01	8.988760539749857115e-02	-1.065121912236887680e-01	4.277506628778998676e-02	-9.323421369044265772e-02	1.150480205139163270e-01	-1.215241223364580958e-01	1.086673781575028530e-01	-1.365831299884779082e-01	1.329422818494147840e-01	-1.490868757822741419e-01	1.515380148770213986e-01	-1.599221997878448875e-01	1.101456780191057971e-01	-1.990476779989811262e-01	1.740902399345855556e-01	-1.955514846412740038e-01	1.629716242091992229e-01	-1.870963668398377133e-01	9.177796757225331614e-02	-2.106031985174266485e-01	2.470514098425292404e-01	-2.153579443176086294e-01	1.685120311955655703e-01	-1.020185000182969870e-01	2.551769404047923850e-01	-5.321637767097977534e-01	2.334555957731943576e-01	-1.753218367531535760e-01	3.001666066447584713e-01	-5.269230059733889249e-01	9.999999999999950040e-01	-4.324379956520413293e-01	2.316350495545739796e-01
9.607018778225817623e-02	-8.187669033736755253e-02	5.200731143704172277e-02	-5.813919115768899359e-02	4.448782429856045634e-02	-9.772755560567553124e-02	1.056389168157257225e-01	-8.420413218945466127e-02	9.850911797900435696e-02	-4.005317427795579421e-02	8.548133471056920674e-02	-1.066206681947376445e-01	1.135980621543732361e-01	-1.039972468647158144e-01	1.344274724752936301e-01	-1.233012287654329797e-01	1.316853157859728951e-01	-1.464974117120506625e-01	1.498200453116177167e-01	-1.135135709261032161e-01	1.668859675749032601e-01	-1.517698678252296651e-01	1.734221863105575578e-01	-1.604059184027159524e-01	1.948512011015283152e-01	-7.399112884195163664e-02	1.584910390136504976e-01	-2.151559444749389371e-01	2.066792181280693308e-01	-2.133595711507518811e-01	7.941263185945283964e-02	-1.912123044713345266e-01	2.508759030545174018e-01	-3.929360440500714868e-01	2.711697916096906247e-01	-2.960854325691322786e-01	2.229637122877742017e-01	-4.324379956520413293e-01	9.999999999999951150e-01	-6.531921652213739105e-01
