1.000000000000000000e+00	-6.035102884929974820e-01	2.467205890271201296e-01	-2.679421692034061886e-01	1.150835001706290300e-01	-5.372125778942581364e-01	2.997244779505568446e-01	-2.729762603886632388e-01	1.571867121434438463e-01	-1.119828264519459882e-01	1.946908673487144914e-01	-2.049379791747315271e-01	1.873426201168232053e-01	-1.562773941016420420e-01	1.221770660856446034e-01	-1.356542783644675843e-01	1.878944424877219688e-01	-1.489739032253376283e-01	1.446522156588495867e-01	-1.299425300409818851e-01	1.595191977413100148e-01	-2.222394872090484585e-01	1.328488219911440060e-01	-1.301524312666562933e-01	1.167593167106702190e-01	-1.421466076874522977e-01	1.260304582727278522e-01	-1.189593207863868657e-01	1.277156129425334741e-01	-8.970716346777515837e-02	1.103141265718813879e-01	-1.001360614008898892e-01	1.350626099741049635e-01	-1.204267441258986410e-01	9.547327598867502707e-02	-6.839539140790298899e-02	7.577370065134284016e-02	-1.556814495586536506e-01	9.911399012882973758e-02	-1.168287232866302983e-01
-6.035102884929974820e-01	1.000000000000000000e+00	-5.027213226165219151e-01	2.069437001735741355e-01	-1.054307682470344842e-01	2.777967066047288269e-01	-3.957214662705229591e-01	2.770055777174823541e-01	-1.556470441097554946e-01	9.930710890600541463e-02	-1.689895264079528392e-01	1.940722802565376104e-01	-1.997211773266678869e-01	1.408191246654403039e-01	-1.136528260931991829e-01	1.083706746047388841e-01	-1.947347977920066142e-01	1.412437089151383773e-01	-1.391347259678477610e-01	1.159345436268604396e-01	-1.440698875381228317e-01	1.809201712217913260e-01	-1.260728932038180927e-01	1.182781942089616983e-01	-1.052812359898026157e-01	1.177054518728337662e-01	-1.122579418118999223e-01	1.066177442347776283e-01	-1.154487525694163352e-01	7.870001782525863632e-02	-9.780177329699532573e-02	8.729625064978889515e-02	-1.224097851276993304e-01	1.035575747462350871e-01	-8.362209026807702894e-02	5.883389481858743858e-02	-6.660182443912514294e-02	1.264690379500259532e-01	-8.450947047342662055e-02	9.746784251497846163e-02
2.467205890271201296e-01	-5.027213226165219151e-01	1.000000000000000000e+00	-2.448150287226671940e-01	1.156766592633834134e-01	-1.786248010522545060e-01	2.037514580206536974e-01	-7.181311897153593859e-01	1.972779260487258490e-01	-1.170074185640708059e-01	1.181534551788562398e-01	-1.475898180006544325e-01	2.018270927318566443e-01	-1.808397610801625588e-01	1.231593209404626549e-01	-7.881194865669419181e-02	1.374515174628704595e-01	-1.522002549807841831e-01	1.393795975415900723e-01	-1.253678859310021765e-01	1.071337418527203295e-01	-1.460119765287868632e-01	1.201043570452473841e-01	-1.189833446565441710e-01	1.014512782802256541e-01	-9.791341288111723995e-02	9.515423146760564055e-02	-1.003633050884957106e-01	1.083152891842574239e-01	-7.647938224439385091e-02	8.180524964589135084e-02	-7.551646683265680893e-02	1.107310310762466415e-01	-9.859451423405761472e-02	7.926632044506598529e-02	-5.067483071287053054e-02	5.690931165253863833e-02	-1.195021919031760693e-01	7.934577472840179113e-02	-9.346534183367991022e-02
-2.679421692034061886e-01	2.069437001735741355e-01	-2.448150287226671940e-01	1.000000000000000000e+00	-4.127458624164736523e-01	1.826614698990163821e-01	-2.000051542983935227e-01	2.385111146188961528e-01	-4.210901968496464920e-01	2.678516677335014418e-01	-1.960481575023285128e-01	1.742981951908330329e-01	-2.892633133299207238e-01	2.809759888876078304e-01	-2.854243058325702243e-01	1.237932015707324251e-01	-1.940916987915275171e-01	2.150904817151993165e-01	-2.799117789130954326e-01	2.380483667766040978e-01	-1.879563839586227969e-01	2.114066352504305191e-01	-2.294332763131465835e-01	2.119069195191814470e-01	-2.284715767769079642e-01	1.705559676472431785e-01	-1.828079614368570971e-01	1.888382728534186150e-01	-2.266362053578845071e-01	1.550415383602373465e-01	-1.605013465894705171e-01	1.429915855324820073e-01	-2.306196255281212082e-01	1.872846753336599446e-01	-1.655674169970179632e-01	9.592525025045697817e-02	-1.122336780436820336e-01	2.069253516440932583e-01	-1.555908080946882821e-01	1.721055951394212802e-01
1.150835001706290300e-01	-1.054307682470344842e-01	1.156766592633834134e-01	-4.127458624164736523e-01	1.000000000000000222e+00	-8.645074059162496938e-02	9.286692587050396352e-02	-1.386242283568529798e-01	2.369388644368475572e-01	-8.055960702934904516e-01	8.426789011014726438e-02	-8.512532928791606557e-02	1.386275048368861562e-01	-2.297102810175805088e-01	2.310688616658701788e-01	-5.536662710979849827e-02	8.955060181413611320e-02	-1.186958411056817236e-01	1.550119030203652437e-01	-2.154253197058403901e-01	8.203007117176075447e-02	-1.045765872178935768e-01	1.149831177234513502e-01	-1.225617020765922410e-01	1.245033017434924866e-01	-8.183464747259182326e-02	8.490066463758223769e-02	-9.629958096859139727e-02	1.132248043441095864e-01	-9.067806612336730410e-02	7.299055876179265379e-02	-6.814687686423681612e-02	1.089484934554129092e-01	-1.025255730168375956e-01	8.754745071878508589e-02	-4.575161178157308162e-02	5.201352605616309938e-02	-1.172564034330507154e-01	8.211997558765805894e-02	-9.955254807917129911e-02
-5.372125778942581364e-01	2.777967066047288269e-01	-1.786248010522545060e-01	1.826614698990163821e-01	-8.645074059162496938e-02	9.999999999999997780e-01	-6.166043808425636374e-01	1.811625018512535990e-01	-1.168029143518593688e-01	8.213421710735259451e-02	-3.282202627862813027e-01	2.375095006857855795e-01	-1.712065910944325642e-01	1.147066139460141965e-01	-9.499340218466258146e-02	1.707590154696961571e-01	-2.409205354719001491e-01	1.274531940289641840e-01	-1.210197001342140366e-01	1.009488404151340363e-01	-1.970515905895408315e-01	2.174654859893282444e-01	-1.151248635136172399e-01	1.078678088115739286e-01	-9.533283844556121600e-02	1.362475618798226484e-01	-1.199630214211318407e-01	1.022399666770004573e-01	-1.076529910077277663e-01	7.253402986895847449e-02	-1.063874706557497718e-01	9.226981609694324959e-02	-1.182397418571364406e-01	9.825298357447738440e-02	-7.784972542961139663e-02	6.245050554076274352e-02	-7.026328067497111807e-02	1.233136289160671750e-01	-8.047541659293047656e-02	9.262300812423035490e-02
2.997244779505568446e-01	-3.957214662705229591e-01	2.037514580206536974e-01	-2.000051542983935227e-01	9.286692587050396352e-02	-6.166043808425636374e-01	9.999999999999998890e-01	-2.431379134701488476e-01	1.302022423551866259e-01	-8.997115629010148108e-02	2.006253439508434433e-01	-4.535170074106562033e-01	1.907241475401288688e-01	-1.288854103562926123e-01	1.021881737320680106e-01	-1.376591750018028304e-01	2.575251673760530213e-01	-1.454370744050879072e-01	1.290703303858681816e-01	-1.096195154205467648e-01	1.611691502776553264e-01	-2.416819446991771980e-01	1.210885915347920949e-01	-1.158658184233592597e-01	9.890675446486164868e-02	-1.298502319305884778e-01	1.180328650952802150e-01	-1.062368785572203739e-01	1.109914510271669125e-01	-7.578534819605040052e-02	1.015059495187272121e-01	-9.162397467949787155e-02	1.195423345407416182e-01	-1.022582852204401566e-01	8.054280883369216437e-02	-6.118166011100111684e-02	6.828027848206447148e-02	-1.280980634144659736e-01	8.305166662226780294e-02	-9.664964855245253283e-02
-2.729762603886632388e-01	2.770055777174823541e-01	-7.181311897153593859e-01	2.385111146188961528e-01	-1.386242283568529798e-01	1.811625018512535990e-01	-2.431379134701488476e-01	1.000000000000000000e+00	-3.190977706349969467e-01	1.346407129618004961e-01	-1.327937436911030278e-01	1.635814113442378703e-01	-3.180735515132402380e-01	2.078397930781019642e-01	-1.491921233143105041e-01	8.658604242583055333e-02	-1.605669576801435905e-01	1.830235890780989583e-01	-1.727482611765472353e-01	1.434129350607617204e-01	-1.206522275122712401e-01	1.568478346135217527e-01	-1.458339930901250137e-01	1.379655870669730944e-01	-1.169903756818244656e-01	1.076791759123847114e-01	-1.077932454164133719e-01	1.151162538392017515e-01	-1.251332753291935218e-01	8.644514642145105510e-02	-9.216618858191670538e-02	8.484498398062775837e-02	-1.277511717379187228e-01	1.101827638604558068e-01	-8.952941156390244182e-02	5.638501466599060707e-02	-6.384607089858486406e-02	1.293862952509599040e-01	-8.818201102869571706e-02	1.026032450845815042e-01
1.571867121434438463e-01	-1.556470441097554946e-01	1.972779260487258490e-01	-4.210901968496464920e-01	2.369388644368475572e-01	-1.168029143518593688e-01	1.302022423551866259e-01	-3.190977706349969467e-01	9.999999999999992228e-01	-3.202042798320970940e-01	1.051974722285825281e-01	-1.142061057505885657e-01	1.932991792283998977e-01	-6.868778183958302863e-01	2.514640690422075830e-01	-6.920841600589310028e-02	1.166405004230005871e-01	-1.603195297932181740e-01	2.056524623199277313e-01	-2.211067769682366069e-01	1.010344319592001439e-01	-1.305587879676562146e-01	1.441958151768663321e-01	-1.553026769475493729e-01	1.395013204018152042e-01	-9.859735157123350469e-02	1.021031143120582491e-01	-1.166254727930329804e-01	1.340141273014268941e-01	-1.008563964831192955e-01	8.720304962798754167e-02	-8.157194659969038697e-02	1.296446610756431250e-01	-1.184330353493563415e-01	9.949584284708548609e-02	-5.422787566049900448e-02	6.161030839497372291e-02	-1.340566382478388663e-01	9.403931782906040093e-02	-1.119103690865728279e-01
-1.119828264519459882e-01	9.930710890600541463e-02	-1.170074185640708059e-01	2.678516677335014418e-01	-8.055960702934904516e-01	8.213421710735259451e-02	-8.997115629010148108e-02	1.346407129618004961e-01	-3.202042798320970940e-01	1.000000000000001332e+00	-8.062656878038186592e-02	8.138981377122989080e-02	-1.393642919633789612e-01	2.281581572347401443e-01	-3.354959702910486619e-01	5.260261015556419451e-02	-8.656179715179737610e-02	1.148768420012487163e-01	-1.602620201532085342e-01	2.049335387840800216e-01	-7.818942814335912150e-02	9.771593376618330218e-02	-1.129950860243845306e-01	1.170323037276468220e-01	-1.250492892623034369e-01	7.676541361532579488e-02	-8.087074931456569860e-02	9.193306279733998165e-02	-1.097301279022173393e-01	8.625959896264433213e-02	-6.924333383056585633e-02	6.451756415997469962e-02	-1.046615483978906441e-01	9.599715515872606075e-02	-8.391092715249155731e-02	4.295794384757711804e-02	-4.909405510759888569e-02	1.069028917344517216e-01	-7.686133418502252845e-02	9.170175318833424793e-02
1.946908673487144914e-01	-1.689895264079528392e-01	1.181534551788562398e-01	-1.960481575023285128e-01	8.426789011014726438e-02	-3.282202627862813027e-01	2.006253439508434433e-01	-1.327937436911030278e-01	1.051974722285825281e-01	-8.062656878038186592e-02	9.999999999999972244e-01	-2.000092239473890698e-01	1.453766792620316273e-01	-1.094136627363573588e-01	9.275216556546102276e-02	-6.922833052997682257e-01	1.910402205696929145e-01	-1.203737606228579560e-01	1.174576164885228757e-01	-1.021597493798371142e-01	3.141072547320050146e-01	-3.513592592727379227e-01	1.184442499065721660e-01	-1.128342861766777616e-01	1.015839585425383773e-01	-2.346723445669978425e-01	1.560445644484746985e-01	-1.164684957928779491e-01	1.177864172865562276e-01	-7.954016167442111429e-02	1.426445441319426632e-01	-1.239654113887135728e-01	1.350534039125854957e-01	-1.127298585230330219e-01	8.673984283962708763e-02	-8.465321047295631951e-02	9.085092095749958130e-02	-1.509792962798147120e-01	9.328010180804520435e-02	-1.079766644851953700e-01
-2.049379791747315271e-01	1.940722802565376104e-01	-1.475898180006544325e-01	1.742981951908330329e-01	-8.512532928791606557e-02	2.375095006857855795e-01	-4.535170074106562033e-01	1.635814113442378703e-01	-1.142061057505885657e-01	8.138981377122989080e-02	-2.000092239473890698e-01	9.999999999999972244e-01	-2.894128874213404701e-01	1.172266757016966476e-01	-9.837883153654825019e-02	1.298152567511392241e-01	-7.072983061195565746e-01	1.777068796117125538e-01	-1.405357992180615301e-01	1.080010634004672232e-01	-1.792554973438559018e-01	2.600641429414548567e-01	-1.351519448785065414e-01	1.230311628514175054e-01	-9.875061978621389736e-02	1.298509744874396798e-01	-1.285650523545942003e-01	1.121185923054893729e-01	-1.145232505199624273e-01	7.550132026777389704e-02	-1.076278190887299674e-01	9.577252202950507776e-02	-1.251255375186288987e-01	1.023698519828114550e-01	-8.018249734168286791e-02	6.290714787067266944e-02	-7.139670028202982355e-02	1.241487827815798695e-01	-8.209423336024501694e-02	9.431887745556946645e-02
1.873426201168232053e-01	-1.997211773266678869e-01	2.018270927318566443e-01	-2.892633133299207238e-01	1.386275048368861562e-01	-1.712065910944325642e-01	1.907241475401288688e-01	-3.180735515132402380e-01	1.932991792283998977e-01	-1.393642919633789612e-01	1.453766792620316273e-01	-2.894128874213404701e-01	9.999999999999955591e-01	-2.266038604284557612e-01	1.716029786682981839e-01	-9.985817217477591101e-02	2.151135917027998390e-01	-6.592609393959780739e-01	2.689691234062600578e-01	-2.074186937788387863e-01	1.420785614346070647e-01	-2.160390327695391466e-01	2.465567030285682193e-01	-2.464290596003808065e-01	1.562103503567884577e-01	-1.429793456773008897e-01	1.449469277354609731e-01	-1.886759846294618626e-01	1.805407677203886840e-01	-1.232790702742121297e-01	1.196973661718567783e-01	-1.171393426534184795e-01	1.792409026381886206e-01	-1.644198490853357730e-01	1.248604327721471036e-01	-7.590489372832377735e-02	8.420940323782089010e-02	-1.917660841323276522e-01	1.255326270943911970e-01	-1.499407963024519397e-01
-1.562773941016420420e-01	1.408191246654403039e-01	-1.808397610801625588e-01	2.809759888876078304e-01	-2.297102810175805088e-01	1.147066139460141965e-01	-1.288854103562926123e-01	2.078397930781019642e-01	-6.868778183958302863e-01	2.281581572347401443e-01	-1.094136627363573588e-01	1.172266757016966476e-01	-2.266038604284557612e-01	9.999999999999978906e-01	-4.285801832640661058e-01	7.159356306148313698e-02	-1.232286222029102957e-01	1.798520031642949768e-01	-3.007779257765815784e-01	2.553514902625583782e-01	-1.058263421683898475e-01	1.342234270323269807e-01	-1.694626001844432572e-01	1.775226967932678757e-01	-1.644301688805470674e-01	1.037948996625552289e-01	-1.103800916418665734e-01	1.295201193805515516e-01	-1.528163305005297012e-01	1.129992118288685038e-01	-9.330426444533973518e-02	8.784726239051805774e-02	-1.442401296777114650e-01	1.291778948329728449e-01	-1.110868078855550140e-01	5.767158000091612835e-02	-6.579864409396568581e-02	1.411590220195442780e-01	-1.019379091727873610e-01	1.200387017640235504e-01
1.221770660856446034e-01	-1.136528260931991829e-01	1.231593209404626549e-01	-2.854243058325702243e-01	2.310688616658701788e-01	-9.499340218466258146e-02	1.021881737320680106e-01	-1.491921233143105041e-01	2.514640690422075830e-01	-3.354959702910486619e-01	9.275216556546102276e-02	-9.837883153654825019e-02	1.716029786682981839e-01	-4.285801832640661058e-01	9.999999999999996669e-01	-6.168629688243345427e-02	1.026058807299899400e-01	-1.632598694322679733e-01	2.443791182468955381e-01	-6.866242506075528329e-01	9.139867677801206958e-02	-1.204775336904847782e-01	1.508031229840148535e-01	-1.767592409413079879e-01	1.894147287176117522e-01	-9.524140236873906984e-02	1.000144410112587395e-01	-1.227764899658674996e-01	1.461448809435480500e-01	-1.371704462350145926e-01	8.440713117016665490e-02	-8.099618034528455190e-02	1.326575268273136043e-01	-1.342533355980458087e-01	1.169179109332605937e-01	-5.364916643233372945e-02	6.054684211470934274e-02	-1.466701743197194041e-01	1.039172831379049644e-01	-1.323381291293357354e-01
-1.356542783644675843e-01	1.083706746047388841e-01	-7.881194865669419181e-02	1.237932015707324251e-01	-5.536662710979849827e-02	1.707590154696961571e-01	-1.376591750018028304e-01	8.658604242583055333e-02	-6.920841600589310028e-02	5.260261015556419451e-02	-6.922833052997682257e-01	1.298152567511392241e-01	-9.985817217477591101e-02	7.159356306148313698e-02	-6.168629688243345427e-02	9.999999999999963363e-01	-1.476131020467080224e-01	8.137810764163834476e-02	-7.983539840129549869e-02	6.761688765520246225e-02	-6.079889016300045190e-01	2.386484494705504444e-01	-8.209811072614238425e-02	7.643652230153179239e-02	-6.885220386735542430e-02	1.773675116755444314e-01	-1.200697720671396601e-01	8.140366323497490175e-02	-8.127186142936924929e-02	5.352697572164322182e-02	-1.152994771016567915e-01	9.125325470143710871e-02	-9.636938915929123273e-02	7.596473685600144132e-02	-5.856167797319651591e-02	6.225292969411153760e-02	-6.881196465311571753e-02	9.922895219056743210e-02	-6.264945755978669484e-02	7.135119779479488777e-02
1.878944424877219688e-01	-1.947347977920066142e-01	1.374515174628704595e-01	-1.940916987915275171e-01	8.955060181413611320e-02	-2.409205354719001491e-01	2.575251673760530213e-01	-1.605669576801435905e-01	1.166405004230005871e-01	-8.656179715179737610e-02	1.910402205696929145e-01	-7.072983061195565746e-01	2.151135917027998390e-01	-1.232286222029102957e-01	1.026058807299899400e-01	-1.476131020467080224e-01	9.999999999999950040e-01	-1.924751468195623205e-01	1.424942488926255191e-01	-1.151078862894029387e-01	1.939019452188603110e-01	-4.731626619471763218e-01	1.400573447932197402e-01	-1.318302820648839802e-01	1.049368748007342700e-01	-1.485339968272121891e-01	1.458875323987090522e-01	-1.224852205975070774e-01	1.221538202957352381e-01	-8.145502021761374944e-02	1.178703426153344391e-01	-1.093794638703162042e-01	1.343037022073927667e-01	-1.120267345716783047e-01	8.656269700832434910e-02	-7.004486497339701412e-02	7.829135987888154180e-02	-1.385565544175989816e-01	8.972859100100430418e-02	-1.039367181950017482e-01
-1.489739032253376283e-01	1.412437089151383773e-01	-1.522002549807841831e-01	2.150904817151993165e-01	-1.186958411056817236e-01	1.274531940289641840e-01	-1.454370744050879072e-01	1.830235890780989583e-01	-1.603195297932181740e-01	1.148768420012487163e-01	-1.203737606228579560e-01	1.777068796117125538e-01	-6.592609393959780739e-01	1.798520031642949768e-01	-1.632598694322679733e-01	8.137810764163834476e-02	-1.924751468195623205e-01	9.999999999999993339e-01	-4.494204050292567865e-01	1.905363447736949101e-01	-1.193283000335706306e-01	1.700570402729305597e-01	-4.062726612825226513e-01	2.697596044844156604e-01	-1.468859800447477604e-01	1.217892545944774113e-01	-1.344133378937589496e-01	1.918272896675031203e-01	-1.840045277756381936e-01	1.122292240895717275e-01	-1.063945992368248439e-01	1.065491248474700614e-01	-1.821107893070322281e-01	1.491150372464170870e-01	-1.135029171919266222e-01	6.623025777903554512e-02	-7.426325603919758933e-02	1.611598722322456489e-01	-1.108704458675643656e-01	1.285856999430434189e-01
1.446522156588495867e-01	-1.391347259678477610e-01	1.393795975415900723e-01	-2.799117789130954326e-01	1.550119030203652437e-01	-1.210197001342140366e-01	1.290703303858681816e-01	-1.727482611765472353e-01	2.056524623199277313e-01	-1.602620201532085342e-01	1.174576164885228757e-01	-1.405357992180615301e-01	2.689691234062600578e-01	-3.007779257765815784e-01	2.443791182468955381e-01	-7.983539840129549869e-02	1.424942488926255191e-01	-4.494204050292567865e-01	9.999999999999943379e-01	-4.097353344690931043e-01	1.179072765452200966e-01	-1.672928873585013965e-01	2.860994194874950658e-01	-5.338596930868849677e-01	1.913348325319502719e-01	-1.287164634757193005e-01	1.379139794422341858e-01	-1.994104352035606376e-01	2.159736338730683936e-01	-1.478410229992231650e-01	1.119660280939554081e-01	-1.124492839969193914e-01	1.878665709938797390e-01	-1.828854043643197425e-01	1.390512349951695537e-01	-7.152503539134537347e-02	7.976248762830594197e-02	-1.903765651049367236e-01	1.317349601349218080e-01	-1.589388817156260070e-01
-1.299425300409818851e-01	1.159345436268604396e-01	-1.253678859310021765e-01	2.380483667766040978e-01	-2.154253197058403901e-01	1.009488404151340363e-01	-1.096195154205467648e-01	1.434129350607617204e-01	-2.211067769682366069e-01	2.049335387840800216e-01	-1.021597493798371142e-01	1.080010634004672232e-01	-2.074186937788387863e-01	2.553514902625583782e-01	-6.866242506075528329e-01	6.761688765520246225e-02	-1.151078862894029387e-01	1.905363447736949101e-01	-4.097353344690931043e-01	9.999999999999934497e-01	-1.011180026971255086e-01	1.308520589153726599e-01	-1.871510500757916085e-01	2.080456665266872396e-01	-3.116647813566964520e-01	1.055199549104862689e-01	-1.141455354614199502e-01	1.434063104124656540e-01	-1.798135872649210265e-01	1.700390779645130912e-01	-9.516675183051774567e-02	9.186335389383576411e-02	-1.558655311275874977e-01	1.550564773498427640e-01	-1.453645122213174379e-01	5.993266700509412848e-02	-6.800744227710957268e-02	1.610862318526546932e-01	-1.195586979929973842e-01	1.497780417312215562e-01
1.595191977413100148e-01	-1.440698875381228317e-01	1.071337418527203295e-01	-1.879563839586227969e-01	8.203007117176075447e-02	-1.970515905895408315e-01	1.611691502776553264e-01	-1.206522275122712401e-01	1.010344319592001439e-01	-7.818942814335912150e-02	3.141072547320050146e-01	-1.792554973438559018e-01	1.420785614346070647e-01	-1.058263421683898475e-01	9.139867677801206958e-02	-6.079889016300045190e-01	1.939019452188603110e-01	-1.193283000335706306e-01	1.179072765452200966e-01	-1.011180026971255086e-01	9.999999999999940048e-01	-4.782663152844068843e-01	1.236415947296855833e-01	-1.156473846256458049e-01	1.038868872806716359e-01	-3.652079603778392025e-01	1.934126929283357110e-01	-1.264032294411310542e-01	1.236251221936747191e-01	-8.150423892575996143e-02	1.842524213858572901e-01	-1.496090023829209914e-01	1.480690064358316516e-01	-1.171877886562666948e-01	8.939439539941052004e-02	-1.009509364815309729e-01	1.087330598883766847e-01	-1.553672111550203350e-01	9.658175530408509568e-02	-1.102965987819065213e-01
-2.222394872090484585e-01	1.809201712217913260e-01	-1.460119765287868632e-01	2.114066352504305191e-01	-1.045765872178935768e-01	2.174654859893282444e-01	-2.416819446991771980e-01	1.568478346135217527e-01	-1.305587879676562146e-01	9.771593376618330218e-02	-3.513592592727379227e-01	2.600641429414548567e-01	-2.160390327695391466e-01	1.342234270323269807e-01	-1.204775336904847782e-01	2.386484494705504444e-01	-4.731626619471763218e-01	1.700570402729305597e-01	-1.672928873585013965e-01	1.308520589153726599e-01	-4.782663152844068843e-01	9.999999999999986677e-01	-1.867196379551796515e-01	1.580192144068184590e-01	-1.385679404256888458e-01	2.520726263495426389e-01	-3.107763920240391720e-01	1.729681870673596134e-01	-1.696440554417870672e-01	1.056516698052409053e-01	-2.195375893983899651e-01	1.899540230172863109e-01	-2.068753598217344669e-01	1.486484368915396426e-01	-1.157982758013793301e-01	1.185255896568640499e-01	-1.380343076316023487e-01	1.808241034011041637e-01	-1.209709307396380218e-01	1.337259545776564584e-01
1.328488219911440060e-01	-1.260728932038180927e-01	1.201043570452473841e-01	-2.294332763131465835e-01	1.149831177234513502e-01	-1.151248635136172399e-01	1.210885915347920949e-01	-1.458339930901250137e-01	1.441958151768663321e-01	-1.129950860243845306e-01	1.184442499065721660e-01	-1.351519448785065414e-01	2.465567030285682193e-01	-1.694626001844432572e-01	1.508031229840148535e-01	-8.209811072614238425e-02	1.400573447932197402e-01	-4.062726612825226513e-01	2.860994194874950658e-01	-1.871510500757916085e-01	1.236415947296855833e-01	-1.867196379551796515e-01	9.999999999999945599e-01	-5.961475922901046109e-01	1.689262673458464259e-01	-1.504940942432241302e-01	1.743601563262340282e-01	-4.625145318558350205e-01	2.598336081935859188e-01	-1.409381613568834180e-01	1.295625100229389204e-01	-1.443509113780837572e-01	2.538338213311984171e-01	-2.092568768238749766e-01	1.423852298132630423e-01	-8.325572070127386370e-02	9.141110882748360034e-02	-2.139044891498368683e-01	1.428891528467324812e-01	-1.648464829331338644e-01
-1.301524312666562933e-01	1.182781942089616983e-01	-1.189833446565441710e-01	2.119069195191814470e-01	-1.225617020765922410e-01	1.078678088115739286e-01	-1.158658184233592597e-01	1.379655870669730944e-01	-1.553026769475493729e-01	1.170323037276468220e-01	-1.128342861766777616e-01	1.230311628514175054e-01	-2.464290596003808065e-01	1.775226967932678757e-01	-1.767592409413079879e-01	7.643652230153179239e-02	-1.318302820648839802e-01	2.697596044844156604e-01	-5.338596930868849677e-01	2.080456665266872396e-01	-1.156473846256458049e-01	1.580192144068184590e-01	-5.961475922901046109e-01	1.000000000000001776e+00	-1.977360074357640274e-01	1.332242899473048692e-01	-1.584405101816757366e-01	2.577350090987515774e-01	-3.553816046481446667e-01	1.517496178992554234e-01	-1.208718768865514465e-01	1.265179447217195663e-01	-2.418128333600157720e-01	2.065644622643769968e-01	-1.510131861061519976e-01	7.568458523477619715e-02	-8.510629909741430910e-02	1.920347194017862913e-01	-1.417226024530710282e-01	1.590821360576859522e-01
1.167593167106702190e-01	-1.052812359898026157e-01	1.014512782802256541e-01	-2.284715767769079642e-01	1.245033017434924866e-01	-9.533283844556121600e-02	9.890675446486164868e-02	-1.169903756818244656e-01	1.395013204018152042e-01	-1.250492892623034369e-01	1.015839585425383773e-01	-9.875061978621389736e-02	1.562103503567884577e-01	-1.644301688805470674e-01	1.894147287176117522e-01	-6.885220386735542430e-02	1.049368748007342700e-01	-1.468859800447477604e-01	1.913348325319502719e-01	-3.116647813566964520e-01	1.038868872806716359e-01	-1.385679404256888458e-01	1.689262673458464259e-01	-1.977360074357640274e-01	9.999999999999986677e-01	-1.240859114494967663e-01	1.307607508027314458e-01	-1.764365359608631723e-01	2.486402759229099091e-01	-6.843571061553986867e-01	1.102602260069449197e-01	-1.100144646485064909e-01	1.877419093328237254e-01	-2.839134995383970073e-01	2.949376068710555243e-01	-7.474313728852126359e-02	8.327231461974331228e-02	-2.747839258652997607e-01	2.059232805062977123e-01	-3.326046029330123610e-01
-1.421466076874522977e-01	1.177054518728337662e-01	-9.791341288111723995e-02	1.705559676472431785e-01	-8.183464747259182326e-02	1.362475618798226484e-01	-1.298502319305884778e-01	1.076791759123847114e-01	-9.859735157123350469e-02	7.676541361532579488e-02	-2.346723445669978425e-01	1.298509744874396798e-01	-1.429793456773008897e-01	1.037948996625552289e-01	-9.524140236873906984e-02	1.773675116755444314e-01	-1.485339968272121891e-01	1.217892545944774113e-01	-1.287164634757193005e-01	1.055199549104862689e-01	-3.652079603778392025e-01	2.520726263495426389e-01	-1.504940942432241302e-01	1.332242899473048692e-01	-1.240859114494967663e-01	9.999999999999982236e-01	-4.619074527276609277e-01	1.827473350482008985e-01	-1.628623921623651716e-01	9.700919397893573159e-02	-5.994018681170331098e-01	2.971712448645383309e-01	-2.357179166135136839e-01	1.455101506283577872e-01	-1.089209548843773911e-01	2.048349166463502846e-01	-2.407985467299887938e-01	1.823147289156346607e-01	-1.193198403004464003e-01	1.270421215873432930e-01
1.260304582727278522e-01	-1.122579418118999223e-01	9.515423146760564055e-02	-1.828079614368570971e-01	8.490066463758223769e-02	-1.199630214211318407e-01	1.180328650952802150e-01	-1.077932454164133719e-01	1.021031143120582491e-01	-8.087074931456569860e-02	1.560445644484746985e-01	-1.285650523545942003e-01	1.449469277354609731e-01	-1.103800916418665734e-01	1.000144410112587395e-01	-1.200697720671396601e-01	1.458875323987090522e-01	-1.344133378937589496e-01	1.379139794422341858e-01	-1.141455354614199502e-01	1.934126929283357110e-01	-3.107763920240391720e-01	1.743601563262340282e-01	-1.584405101816757366e-01	1.307607508027314458e-01	-4.619074527276609277e-01	9.999999999999996669e-01	-3.040335851507894316e-01	1.848723500088155225e-01	-1.082622515600701191e-01	3.035731924248209479e-01	-6.345729642551003469e-01	2.707697369486486427e-01	-1.750371561355259231e-01	1.194774254975669026e-01	-1.871717203196274493e-01	1.895845761971096111e-01	-2.128964294578391536e-01	1.315911357248922275e-01	-1.450655943091758160e-01
-1.189593207863868657e-01	1.066177442347776283e-01	-1.003633050884957106e-01	1.888382728534186150e-01	-9.629958096859139727e-02	1.022399666770004573e-01	-1.062368785572203739e-01	1.151162538392017515e-01	-1.166254727930329804e-01	9.193306279733998165e-02	-1.164684957928779491e-01	1.121185923054893729e-01	-1.886759846294618626e-01	1.295201193805515516e-01	-1.227764899658674996e-01	8.140366323497490175e-02	-1.224852205975070774e-01	1.918272896675031203e-01	-1.994104352035606376e-01	1.434063104124656540e-01	-1.264032294411310542e-01	1.729681870673596134e-01	-4.625145318558350205e-01	2.577350090987515774e-01	-1.764365359608631723e-01	1.827473350482008985e-01	-3.040335851507894316e-01	9.999999999999957812e-01	-4.294440725824433813e-01	1.516034430637169250e-01	-1.704579595468312947e-01	2.135505549891331123e-01	-5.954981688328946365e-01	2.437275340138906066e-01	-1.603881207473176751e-01	1.038811022207337120e-01	-1.156086597897132140e-01	2.306145424049937109e-01	-1.629420102281519955e-01	1.721790980740625088e-01
1.277156129425334741e-01	-1.154487525694163352e-01	1.083152891842574239e-01	-2.266362053578845071e-01	1.132248043441095864e-01	-1.076529910077277663e-01	1.109914510271669125e-01	-1.251332753291935218e-01	1.340141273014268941e-01	-1.097301279022173393e-01	1.177864172865562276e-01	-1.145232505199624273e-01	1.805407677203886840e-01	-1.528163305005297012e-01	1.461448809435480500e-01	-8.127186142936924929e-02	1.221538202957352381e-01	-1.840045277756381936e-01	2.159736338730683936e-01	-1.798135872649210265e-01	1.236251221936747191e-01	-1.696440554417870672e-01	2.598336081935859188e-01	-3.553816046481446667e-01	2.486402759229099091e-01	-1.628623921623651716e-01	1.848723500088155225e-01	-4.294440725824433813e-01	9.999999999999978906e-01	-3.059333641413995997e-01	1.431177442864399185e-01	-1.580550334312356697e-01	2.850925359753234134e-01	-5.671379256795708868e-01	2.563011541456788334e-01	-9.546961102263473720e-02	1.050393906398024435e-01	-3.081193346755922713e-01	2.340313621542970957e-01	-2.683360132096140882e-01
-8.970716346777515837e-02	7.870001782525863632e-02	-7.647938224439385091e-02	1.550415383602373465e-01	-9.067806612336730410e-02	7.253402986895847449e-02	-7.578534819605040052e-02	8.644514642145105510e-02	-1.008563964831192955e-01	8.625959896264433213e-02	-7.954016167442111429e-02	7.550132026777389704e-02	-1.232790702742121297e-01	1.129992118288685038e-01	-1.371704462350145926e-01	5.352697572164322182e-02	-8.145502021761374944e-02	1.122292240895717275e-01	-1.478410229992231650e-01	1.700390779645130912e-01	-8.150423892575996143e-02	1.056516698052409053e-01	-1.409381613568834180e-01	1.517496178992554234e-01	-6.843571061553986867e-01	9.700919397893573159e-02	-1.082622515600701191e-01	1.516034430637169250e-01	-3.059333641413995997e-01	9.999999999999997780e-01	-8.917027456295903431e-02	8.974863931731628941e-02	-1.645739954113244752e-01	2.523036946256030366e-01	-5.398937696586539881e-01	5.862714329141932579e-02	-6.628379213840239481e-02	1.974317146614287810e-01	-1.814635036610651730e-01	2.577713028812436691e-01
1.103141265718813879e-01	-9.780177329699532573e-02	8.180524964589135084e-02	-1.605013465894705171e-01	7.299055876179265379e-02	-1.063874706557497718e-01	1.015059495187272121e-01	-9.216618858191670538e-02	8.720304962798754167e-02	-6.924333383056585633e-02	1.426445441319426632e-01	-1.076278190887299674e-01	1.196973661718567783e-01	-9.330426444533973518e-02	8.440713117016665490e-02	-1.152994771016567915e-01	1.178703426153344391e-01	-1.063945992368248439e-01	1.119660280939554081e-01	-9.516675183051774567e-02	1.842524213858572901e-01	-2.195375893983899651e-01	1.295625100229389204e-01	-1.208718768865514465e-01	1.102602260069449197e-01	-5.994018681170331098e-01	3.035731924248209479e-01	-1.704579595468312947e-01	1.431177442864399185e-01	-8.917027456295903431e-02	9.999999999999962252e-01	-5.188332123577530375e-01	2.133855275089666104e-01	-1.412327374383218204e-01	1.005132321291356962e-01	-3.725019895173714568e-01	2.623509972737493867e-01	-1.913631460001627982e-01	1.144421136768526276e-01	-1.245985994123777196e-01
-1.001360614008898892e-01	8.729625064978889515e-02	-7.551646683265680893e-02	1.429915855324820073e-01	-6.814687686423681612e-02	9.226981609694324959e-02	-9.162397467949787155e-02	8.484498398062775837e-02	-8.157194659969038697e-02	6.451756415997469962e-02	-1.239654113887135728e-01	9.577252202950507776e-02	-1.171393426534184795e-01	8.784726239051805774e-02	-8.099618034528455190e-02	9.125325470143710871e-02	-1.093794638703162042e-01	1.065491248474700614e-01	-1.124492839969193914e-01	9.186335389383576411e-02	-1.496090023829209914e-01	1.899540230172863109e-01	-1.443509113780837572e-01	1.265179447217195663e-01	-1.100144646485064909e-01	2.971712448645383309e-01	-6.345729642551003469e-01	2.135505549891331123e-01	-1.580550334312356697e-01	8.974863931731628941e-02	-5.188332123577530375e-01	9.999999999999974465e-01	-3.561605342893655046e-01	1.464981680981738421e-01	-1.010858179327679685e-01	2.169995537676651376e-01	-2.780724310912066621e-01	1.798014567416427734e-01	-1.132989888864559536e-01	1.195310858837335954e-01
1.350626099741049635e-01	-1.224097851276993304e-01	1.107310310762466415e-01	-2.306196255281212082e-01	1.089484934554129092e-01	-1.182397418571364406e-01	1.195423345407416182e-01	-1.277511717379187228e-01	1.296446610756431250e-01	-1.046615483978906441e-01	1.350534039125854957e-01	-1.251255375186288987e-01	1.792409026381886206e-01	-1.442401296777114650e-01	1.326575268273136043e-01	-9.636938915929123273e-02	1.343037022073927667e-01	-1.821107893070322281e-01	1.878665709938797390e-01	-1.558655311275874977e-01	1.480690064358316516e-01	-2.068753598217344669e-01	2.538338213311984171e-01	-2.418128333600157720e-01	1.877419093328237254e-01	-2.357179166135136839e-01	2.707697369486486427e-01	-5.954981688328946365e-01	2.850925359753234134e-01	-1.645739954113244752e-01	2.133855275089666104e-01	-3.561605342893655046e-01	9.999999999999978906e-01	-3.278609739096411402e-01	1.855087886499794669e-01	-1.425213304629923405e-01	1.507167369947698121e-01	-3.747196982854650860e-01	2.115460468318131060e-01	-2.265812526878265287e-01
-1.204267441258986410e-01	1.035575747462350871e-01	-9.859451423405761472e-02	1.872846753336599446e-01	-1.025255730168375956e-01	9.825298357447738440e-02	-1.022582852204401566e-01	1.101827638604558068e-01	-1.184330353493563415e-01	9.599715515872606075e-02	-1.127298585230330219e-01	1.023698519828114550e-01	-1.644198490853357730e-01	1.291778948329728449e-01	-1.342533355980458087e-01	7.596473685600144132e-02	-1.120267345716783047e-01	1.491150372464170870e-01	-1.828854043643197425e-01	1.550564773498427640e-01	-1.171877886562666948e-01	1.486484368915396426e-01	-2.092568768238749766e-01	2.065644622643769968e-01	-2.839134995383970073e-01	1.455101506283577872e-01	-1.750371561355259231e-01	2.437275340138906066e-01	-5.671379256795708868e-01	2.523036946256030366e-01	-1.412327374383218204e-01	1.464981680981738421e-01	-3.278609739096411402e-01	9.999999999999965583e-01	-4.468948880748036534e-01	9.018763255971957993e-02	-1.037884351306691960e-01	2.883275263684965672e-01	-4.046535652622690882e-01	2.967904512095557168e-01
9.547327598867502707e-02	-8.362209026807702894e-02	7.926632044506598529e-02	-1.655674169970179632e-01	8.754745071878508589e-02	-7.784972542961139663e-02	8.054280883369216437e-02	-8.952941156390244182e-02	9.949584284708548609e-02	-8.391092715249155731e-02	8.673984283962708763e-02	-8.018249734168286791e-02	1.248604327721471036e-01	-1.110868078855550140e-01	1.169179109332605937e-01	-5.856167797319651591e-02	8.656269700832434910e-02	-1.135029171919266222e-01	1.390512349951695537e-01	-1.453645122213174379e-01	8.939439539941052004e-02	-1.157982758013793301e-01	1.423852298132630423e-01	-1.510131861061519976e-01	2.949376068710555243e-01	-1.089209548843773911e-01	1.194774254975669026e-01	-1.603881207473176751e-01	2.563011541456788334e-01	-5.398937696586539881e-01	1.005132321291356962e-01	-1.010858179327679685e-01	1.855087886499794669e-01	-4.468948880748036534e-01	9.999999999999970024e-01	-6.784816866602919050e-02	7.666998730682147989e-02	-2.644764339009724186e-01	2.603453550194899102e-01	-5.564933652491842464e-01
-6.839539140790298899e-02	5.883389481858743858e-02	-5.067483071287053054e-02	9.592525025045697817e-02	-4.575161178157308162e-02	6.245050554076274352e-02	-6.118166011100111684e-02	5.638501466599060707e-02	-5.422787566049900448e-02	4.295794384757711804e-02	-8.465321047295631951e-02	6.290714787067266944e-02	-7.590489372832377735e-02	5.767158000091612835e-02	-5.364916643233372945e-02	6.225292969411153760e-02	-7.004486497339701412e-02	6.623025777903554512e-02	-7.152503539134537347e-02	5.993266700509412848e-02	-1.009509364815309729e-01	1.185255896568640499e-01	-8.325572070127386370e-02	7.568458523477619715e-02	-7.474313728852126359e-02	2.048349166463502846e-01	-1.871717203196274493e-01	1.038811022207337120e-01	-9.546961102263473720e-02	5.862714329141932579e-02	-3.725019895173714568e-01	2.169995537676651376e-01	-1.425213304629923405e-01	9.018763255971957993e-02	-6.784816866602919050e-02	9.999999999999966693e-01	-8.660270586168006268e-01	1.347040518251766406e-01	-8.349480702683310940e-02	8.100128156597544149e-02
7.577370065134284016e-02	-6.660182443912514294e-02	5.690931165253863833e-02	-1.122336780436820336e-01	5.201352605616309938e-02	-7.026328067497111807e-02	6.828027848206447148e-02	-6.384607089858486406e-02	6.161030839497372291e-02	-4.909405510759888569e-02	9.085092095749958130e-02	-7.139670028202982355e-02	8.420940323782089010e-02	-6.579864409396568581e-02	6.054684211470934274e-02	-6.881196465311571753e-02	7.829135987888154180e-02	-7.426325603919758933e-02	7.976248762830594197e-02	-6.800744227710957268e-02	1.087330598883766847e-01	-1.380343076316023487e-01	9.141110882748360034e-02	-8.510629909741430910e-02	8.327231461974331228e-02	-2.407985467299887938e-01	1.895845761971096111e-01	-1.156086597897132140e-01	1.050393906398024435e-01	-6.628379213840239481e-02	2.623509972737493867e-01	-2.780724310912066621e-01	1.507167369947698121e-01	-1.037884351306691960e-01	7.666998730682147989e-02	-8.660270586168006268e-01	9.999999999999974465e-01	-1.727001545829018048e-01	9.583198007065248103e-02	-9.512165792629115324e-02
-1.556814495586536506e-01	1.264690379500259532e-01	-1.195021919031760693e-01	2.069253516440932583e-01	-1.172564034330507154e-01	1.233136289160671750e-01	-1.280980634144659736e-01	1.293862952509599040e-01	-1.340566382478388663e-01	1.069028917344517216e-01	-1.509792962798147120e-01	1.241487827815798695e-01	-1.917660841323276522e-01	1.411590220195442780e-01	-1.466701743197194041e-01	9.922895219056743210e-02	-1.385565544175989816e-01	1.611598722322456489e-01	-1.903765651049367236e-01	1.610862318526546932e-01	-1.553672111550203350e-01	1.808241034011041637e-01	-2.139044891498368683e-01	1.920347194017862913e-01	-2.747839258652997607e-01	1.823147289156346607e-01	-2.128964294578391536e-01	2.306145424049937109e-01	-3.081193346755922713e-01	1.974317146614287810e-01	-1.913631460001627982e-01	1.798014567416427734e-01	-3.747196982854650860e-01	2.883275263684965672e-01	-2.644764339009724186e-01	1.347040518251766406e-01	-1.727001545829018048e-01	9.999999999999975575e-01	-6.183968330291188531e-01	2.938382009002298845e-01
9.911399012882973758e-02	-8.450947047342662055e-02	7.934577472840179113e-02	-1.555908080946882821e-01	8.211997558765805894e-02	-8.047541659293047656e-02	8.305166662226780294e-02	-8.818201102869571706e-02	9.403931782906040093e-02	-7.686133418502252845e-02	9.328010180804520435e-02	-8.209423336024501694e-02	1.255326270943911970e-01	-1.019379091727873610e-01	1.039172831379049644e-01	-6.264945755978669484e-02	8.972859100100430418e-02	-1.108704458675643656e-01	1.317349601349218080e-01	-1.195586979929973842e-01	9.658175530408509568e-02	-1.209709307396380218e-01	1.428891528467324812e-01	-1.417226024530710282e-01	2.059232805062977123e-01	-1.193198403004464003e-01	1.315911357248922275e-01	-1.629420102281519955e-01	2.340313621542970957e-01	-1.814635036610651730e-01	1.144421136768526276e-01	-1.132989888864559536e-01	2.115460468318131060e-01	-4.046535652622690882e-01	2.603453550194899102e-01	-8.349480702683310940e-02	9.583198007065248103e-02	-6.183968330291188531e-01	9.999999999999976685e-01	-5.660535768439001192e-01
