1.000000000000000000e+00	-2.523815615756182518e-01	1.544383163781835600e-01	-7.140462528648387763e-02	6.360100742076237046e-02	-8.140055058589695802e-01	2.076170333014572544e-01	-1.705387382992473722e-01	9.029933291474018242e-02	-8.064882594662761695e-02	2.793543471711414372e-01	-3.458005012802047307e-01	8.135515807646952202e-02	-5.918895250534197267e-02	6.913367872495375377e-02	-1.783155925958866406e-01	1.339450243645901317e-01	-8.736604938676936771e-02	5.612626491443239302e-02	-5.219285926137279263e-02	1.061053005833338253e-01	-9.704315047205110123e-02	6.251529291466112470e-02	-5.527758637279744230e-02	5.847674712583142420e-02	-6.339361892370051765e-02	6.120781897456298998e-02	-6.415943286587605376e-02	4.828908709476819466e-02	-4.031955947868202939e-02	4.860482436047466187e-02	-5.620634992284415099e-02	5.147715603817649282e-02	-6.066553044113270898e-02	3.520145078888881063e-02	-3.529559376547018734e-02	3.788236398743324851e-02	-5.857193838388966012e-02	4.210431998320320751e-02	-4.495853773164207312e-02
-2.523815615756182518e-01	1.000000000000000222e+00	-6.263960049862371537e-01	1.084234282872899718e-01	-9.522689986050725253e-02	1.749780207227596418e-01	-6.176661909170103604e-01	3.203844377361682039e-01	-1.409283277023097303e-01	1.107154875041722608e-01	-1.748955696929706261e-01	1.948510452399958015e-01	-1.067446140087151968e-01	7.393383237790170093e-02	-8.272980414711113284e-02	1.006045379352765584e-01	-9.877580920730656688e-02	1.008299910259095600e-01	-6.613620142502198151e-02	6.088729869343415674e-02	-7.635400676030520972e-02	6.568456479406781234e-02	-6.255482507325771380e-02	5.808634428028282282e-02	-6.290998952827980828e-02	5.050527554013180959e-02	-5.007683760630069619e-02	6.229665536447664270e-02	-4.756237129718538653e-02	3.970218909909388472e-02	-4.240680284633952662e-02	5.033827756066618780e-02	-4.751130180004259351e-02	5.895017734807940502e-02	-3.431140149227955571e-02	3.126929629781275560e-02	-3.396488257676043981e-02	5.371951069585544081e-02	-4.025288988027417997e-02	4.362593554143366636e-02
1.544383163781835600e-01	-6.263960049862371537e-01	1.000000000000000444e+00	-1.631739732256437536e-01	1.222635185566711413e-01	-1.322061423829735960e-01	3.203146034294687694e-01	-6.338539811720266259e-01	1.800476405099239730e-01	-1.553211286665747148e-01	1.253206362274294494e-01	-1.602975628379472162e-01	1.335324655501466673e-01	-9.712031388647626717e-02	1.015703524546555381e-01	-8.680013127794605765e-02	8.110952397241193157e-02	-1.338155487223373630e-01	8.204632392225698345e-02	-7.696851702803475526e-02	6.532150162965723317e-02	-5.858788982766456599e-02	7.388044287206756155e-02	-7.107049299326995140e-02	7.519994660762310823e-02	-5.222844662835615659e-02	5.105510719840466310e-02	-7.477068423967855870e-02	5.680928794429219303e-02	-4.819472364054194075e-02	4.634904692882037269e-02	-5.734416177341625925e-02	5.448370140441266551e-02	-7.163355037669426328e-02	4.117457881204113213e-02	-3.526073453747335246e-02	3.818608999319659386e-02	-6.289943345226930993e-02	4.775932585908817390e-02	-5.291897470983353280e-02
-7.140462528648387763e-02	1.084234282872899718e-01	-1.631739732256437536e-01	1.000000000000000222e+00	-7.879579288115905467e-01	5.585408312568455880e-02	-1.146193395414692034e-01	1.471165785042361784e-01	-4.800468537260160207e-01	2.943555607368029681e-01	-6.216840983607866550e-02	7.308293829396959873e-02	-1.129952922033641560e-01	1.016255967789853609e-01	-1.482172366090185878e-01	5.499050770339264371e-02	-5.250841725936419846e-02	1.191905871716664872e-01	-9.441045584491360165e-02	9.747012841736465982e-02	-4.555007390851559951e-02	4.157924645124357055e-02	-7.767806845790364845e-02	8.035416751411957048e-02	-9.082685871780317444e-02	4.721893838356289869e-02	-4.626608245500364591e-02	7.845166052385273148e-02	-6.191795795060051066e-02	5.262745952635559943e-02	-4.582107657706230991e-02	5.793699757267195549e-02	-5.612628345012607434e-02	7.784180799075632318e-02	-4.482942397782532090e-02	3.556861884955016262e-02	-3.883527822255444795e-02	6.548772683111804549e-02	-5.138700017207584875e-02	5.756459413104480366e-02
6.360100742076237046e-02	-9.522689986050725253e-02	1.222635185566711413e-01	-7.879579288115905467e-01	1.000000000000000666e+00	-5.124779293806448754e-02	9.465179398360790142e-02	-1.246390983133104785e-01	3.034488645255375983e-01	-4.631186297020745135e-01	5.748675322687980122e-02	-6.964591424951867282e-02	1.183684700876407730e-01	-1.153687228425173128e-01	1.683687818518872226e-01	-5.775858616305716564e-02	5.381844635459066828e-02	-1.412983434123659399e-01	1.059637334429209127e-01	-1.187218162184815601e-01	4.826015613350743277e-02	-4.488082775881264280e-02	9.118075292691500688e-02	-9.708703928318236642e-02	1.042938491998467859e-01	-5.568666165265891838e-02	5.392028335941796702e-02	-9.627338083652253742e-02	7.512192688914642869e-02	-6.527787921576166941e-02	5.468781548001048348e-02	-7.069160247869420155e-02	6.789292559670970229e-02	-9.741999963855929590e-02	5.514716990922554490e-02	-4.324786298659465816e-02	4.689507165458906002e-02	-8.101378832843951494e-02	6.313701932055434951e-02	-7.194557396460472820e-02
-8.140055058589695802e-01	1.749780207227596418e-01	-1.322061423829735960e-01	5.585408312568455880e-02	-5.124779293806448754e-02	1.000000000000000000e+00	-2.100500171851225895e-01	1.353334094845899116e-01	-7.379429588414194996e-02	6.300275699038612731e-02	-4.354886562911978176e-01	2.653746981311884134e-01	-6.605732992369849066e-02	4.703136277871709098e-02	-5.579920103987328489e-02	1.502775705045432952e-01	-1.222933772991958157e-01	6.788994485207000551e-02	-4.500410994491319677e-02	4.151768279626200792e-02	-9.790582986612110516e-02	8.215231589670925205e-02	-5.043325077260132211e-02	4.394735799996173781e-02	-4.714987531551138172e-02	5.272246047751641407e-02	-5.195983754392594078e-02	5.082720321986959611e-02	-3.835127289756111446e-02	3.164668517919095453e-02	-4.001340747990685121e-02	4.523454623473381619e-02	-4.156397746018284517e-02	4.738517450064214792e-02	-2.776314683350086451e-02	2.849063387040238690e-02	-3.074597899648238986e-02	4.635993970712326551e-02	-3.332561631249779388e-02	3.513279000807889574e-02
2.076170333014572544e-01	-6.176661909170103604e-01	3.203146034294687694e-01	-1.146193395414692034e-01	9.465179398360790142e-02	-2.100500171851225895e-01	1.000000000000000222e+00	-5.712004739616316495e-01	1.531455056321831265e-01	-1.295837206200288749e-01	1.929909438201565797e-01	-3.075665042686362427e-01	1.211483155093563274e-01	-8.609727538901641719e-02	9.078397824837516894e-02	-1.123567394103728023e-01	1.077148411986973836e-01	-1.187064310653638127e-01	7.388779028201604426e-02	-6.857802257292844317e-02	8.204850504711952430e-02	-7.301578967381947005e-02	6.974635476680945967e-02	-6.523002706371505699e-02	6.927915526747401020e-02	-5.569149501387569284e-02	5.471613268554214454e-02	-7.016920172473266326e-02	5.309012181508446920e-02	-4.461416317889140698e-02	4.665674818145430086e-02	-5.610878249095571646e-02	5.278174458462688706e-02	-6.632531948344219663e-02	3.837007450179317353e-02	-3.470048361792005959e-02	3.753496604737074915e-02	-6.007737572695361072e-02	4.490303664318768401e-02	-4.902427824947795665e-02
-1.705387382992473722e-01	3.203844377361682039e-01	-6.338539811720266259e-01	1.471165785042361784e-01	-1.246390983133104785e-01	1.353334094845899116e-01	-5.712004739616316495e-01	9.999999999999992228e-01	-2.652368825011725550e-01	1.652708134641268090e-01	-1.483555326946378594e-01	1.718957413326541450e-01	-1.853382361149055468e-01	1.111368632976469234e-01	-1.134392433554691076e-01	9.261249799703438756e-02	-9.156307693820898985e-02	1.430746089216259898e-01	-9.241007094732703320e-02	8.355047028374680551e-02	-7.230370296304519662e-02	6.339672571183956051e-02	-7.880953797391684890e-02	7.531112935609021730e-02	-8.130825962302640209e-02	5.495657437094746134e-02	-5.426934753391998018e-02	7.761136807971787122e-02	-5.920459598009071567e-02	4.964816671004623067e-02	-4.851916481007968740e-02	5.942536493244895274e-02	-5.678254944978899932e-02	7.328427011382891709e-02	-4.250002631627031180e-02	3.652972439802272542e-02	-3.970808731958912208e-02	6.455243458350815033e-02	-4.924492201974327299e-02	5.413436164982966120e-02
9.029933291474018242e-02	-1.409283277023097303e-01	1.800476405099239730e-01	-4.800468537260160207e-01	3.034488645255375983e-01	-7.379429588414194996e-02	1.531455056321831265e-01	-2.652368825011725550e-01	9.999999999999994449e-01	-6.803427646065647316e-01	8.176689877717494004e-02	-1.009487022357780511e-01	1.594870541998525959e-01	-1.673301594271735804e-01	2.177345335005825278e-01	-7.632980976465524037e-02	7.129514348675790314e-02	-1.835533824226772692e-01	1.402013663523263842e-01	-1.553501365822581026e-01	6.283051246335578932e-02	-5.818117595046407714e-02	1.135644098012385389e-01	-1.219631640320864296e-01	1.303383909960857956e-01	-6.907473572882240342e-02	6.695158035484025105e-02	-1.186131459110505437e-01	9.186164686084798137e-02	-7.948517457585949075e-02	6.681494783050703767e-02	-8.642102843960755565e-02	8.301145320242643566e-02	-1.178921194581731696e-01	6.691103278947842237e-02	-5.262635486926285633e-02	5.700930343184534843e-02	-9.807154081129737522e-02	7.640099274320663603e-02	-8.693085882127399300e-02
-8.064882594662761695e-02	1.107154875041722608e-01	-1.553211286665747148e-01	2.943555607368029681e-01	-4.631186297020745135e-01	6.300275699038612731e-02	-1.295837206200288749e-01	1.652708134641268090e-01	-6.803427646065647316e-01	9.999999999999997780e-01	-7.204359214997023420e-02	8.444832527568195413e-02	-1.635627608024351198e-01	1.633941455105081542e-01	-3.624749947096604918e-01	6.761109260167837143e-02	-6.481800044020091800e-02	1.700371683220717467e-01	-1.540785565707821492e-01	1.716469955795017210e-01	-5.725012826129777244e-02	5.288842655380694702e-02	-1.121994139051466916e-01	1.214828202926947903e-01	-1.454677250877707273e-01	6.297094263911498513e-02	-6.179570591794600332e-02	1.104147089119787151e-01	-8.760915428150102546e-02	7.371930178863282668e-02	-6.176661119991358473e-02	7.907935796265842809e-02	-7.728674291376125272e-02	1.075217026554806249e-01	-6.232075438963422670e-02	4.807694852878845876e-02	-5.252920948506165089e-02	8.893631239343385841e-02	-7.066465171230615350e-02	7.931019696629541815e-02
2.793543471711414372e-01	-1.748955696929706261e-01	1.253206362274294494e-01	-6.216840983607866550e-02	5.748675322687980122e-02	-4.354886562911978176e-01	1.929909438201565797e-01	-1.483555326946378594e-01	8.176689877717494004e-02	-7.204359214997023420e-02	1.000000000000000888e+00	-7.196848435738393279e-01	7.904125534206407622e-02	-5.672578212305965512e-02	6.769940257112655457e-02	-3.399144752434454797e-01	2.085150252605560417e-01	-8.354640486067141381e-02	5.511890323531386249e-02	-5.089175900472307085e-02	1.660137917930880891e-01	-1.426554634894536266e-01	6.715159172005137622e-02	-5.656854380228153872e-02	5.986672265366494577e-02	-8.063974734989838578e-02	7.838848504697311370e-02	-6.778686748761285352e-02	5.020849933629287221e-02	-4.111210647163399817e-02	5.680582133972893188e-02	-6.313620744706385790e-02	5.694965252285221630e-02	-6.159164275977949826e-02	3.618556467037802038e-02	-3.976191509026534565e-02	4.253392246747151467e-02	-6.266408721996986897e-02	4.384070348502981662e-02	-4.560729968138298174e-02
-3.458005012802047307e-01	1.948510452399958015e-01	-1.602975628379472162e-01	7.308293829396959873e-02	-6.964591424951867282e-02	2.653746981311884134e-01	-3.075665042686362427e-01	1.718957413326541450e-01	-1.009487022357780511e-01	8.444832527568195413e-02	-7.196848435738393279e-01	9.999999999999978906e-01	-9.770262974424967495e-02	6.763053664025639455e-02	-8.183028466570328729e-02	2.460022990451662395e-01	-3.012656177259349088e-01	9.687209750166032862e-02	-6.611720308069599095e-02	6.039810219440285705e-02	-1.900843425907009498e-01	1.604237017610913585e-01	-7.896109802212264439e-02	6.612308855495128979e-02	-7.139821473944171770e-02	9.072783425166161542e-02	-9.169119717263134184e-02	7.791842053946976265e-02	-5.826914244530992382e-02	4.725180717877810327e-02	-6.598846682480667691e-02	7.230182539240045947e-02	-6.604852378453847372e-02	7.041023493668188693e-02	-4.175134625504043490e-02	4.561091886187663286e-02	-4.931713944950137651e-02	7.144117987034243056e-02	-5.057992755755226499e-02	5.218437976390477573e-02
8.135515807646952202e-02	-1.067446140087151968e-01	1.335324655501466673e-01	-1.129952922033641560e-01	1.183684700876407730e-01	-6.605732992369849066e-02	1.211483155093563274e-01	-1.853382361149055468e-01	1.594870541998525959e-01	-1.635627608024351198e-01	7.904125534206407622e-02	-9.770262974424967495e-02	1.000000000000000666e+00	-5.568459354625436841e-01	2.509084630072228594e-01	-8.842904490847361410e-02	8.459555260721215997e-02	-6.392341347080490177e-01	2.872344843834204742e-01	-2.201067480341689364e-01	7.712228046302359308e-02	-7.442294693741444145e-02	2.031746097170945287e-01	-1.919879088751815233e-01	1.940133786743617472e-01	-9.494105990668927353e-02	9.298839536522682248e-02	-1.873255920286714671e-01	1.365656797242342235e-01	-1.137686282734279020e-01	9.366057033771853224e-02	-1.238939037873098559e-01	1.220792903402039276e-01	-1.639660980048741334e-01	9.523507172953886435e-02	-7.344910489938494269e-02	7.985497069921702884e-02	-1.366900905513496467e-01	1.074159981970419647e-01	-1.203193938595216450e-01
-5.918895250534197267e-02	7.393383237790170093e-02	-9.712031388647626717e-02	1.016255967789853609e-01	-1.153687228425173128e-01	4.703136277871709098e-02	-8.609727538901641719e-02	1.111368632976469234e-01	-1.673301594271735804e-01	1.633941455105081542e-01	-5.672578212305965512e-02	6.763053664025639455e-02	-5.568459354625436841e-01	9.999999999999987788e-01	-4.087501746818528181e-01	6.382813980894243289e-02	-6.193682704465907490e-02	3.012077398924711269e-01	-6.020225211321511560e-01	2.704215331532428546e-01	-5.682161510100480761e-02	5.458552988213897367e-02	-1.572056659595829631e-01	1.727762007250459586e-01	-2.054770313675140236e-01	7.005880928307187117e-02	-6.937922680451673318e-02	1.382657107579724487e-01	-1.091206561943679348e-01	8.829491525096186400e-02	-7.023954473139021326e-02	9.168067719038718033e-02	-9.193766353022343740e-02	1.244742178907572022e-01	-7.382179336231542433e-02	5.452916136423225507e-02	-5.982002543936249667e-02	1.010475138812856888e-01	-8.205156704069457851e-02	9.133896950072196985e-02
6.913367872495375377e-02	-8.272980414711113284e-02	1.015703524546555381e-01	-1.482172366090185878e-01	1.683687818518872226e-01	-5.579920103987328489e-02	9.078397824837516894e-02	-1.134392433554691076e-01	2.177345335005825278e-01	-3.624749947096604918e-01	6.769940257112655457e-02	-8.183028466570328729e-02	2.509084630072228594e-01	-4.087501746818528181e-01	1.000000000000001110e+00	-8.509867701714748933e-02	7.965289192152413822e-02	-3.175309111255688044e-01	3.034434318649897322e-01	-5.741179921550143561e-01	7.546245432386483598e-02	-7.283304883343302838e-02	1.940454574730934856e-01	-2.452318018915846387e-01	2.626989222783244760e-01	-1.015597630121004846e-01	9.828894737845815521e-02	-2.003882588134675569e-01	1.538363541205220175e-01	-1.330003911864596489e-01	1.012924683105701079e-01	-1.359507003393788660e-01	1.318803093334760812e-01	-1.916940261739412399e-01	1.089451903377006842e-01	-8.082708173080269121e-02	8.741658998435819505e-02	-1.530383994011145776e-01	1.216443892394167281e-01	-1.402945995742497787e-01
-1.783155925958866406e-01	1.006045379352765584e-01	-8.680013127794605765e-02	5.499050770339264371e-02	-5.775858616305716564e-02	1.502775705045432952e-01	-1.123567394103728023e-01	9.261249799703438756e-02	-7.632980976465524037e-02	6.761109260167837143e-02	-3.399144752434454797e-01	2.460022990451662395e-01	-8.842904490847361410e-02	6.382813980894243289e-02	-8.509867701714748933e-02	9.999999999999975575e-01	-5.591249160169757815e-01	9.581423380476970786e-02	-6.885444384941914742e-02	6.329128775948283936e-02	-5.979698773028682135e-01	3.117887138860182539e-01	-1.058417973539459156e-01	8.006591686888182846e-02	-8.547063751870463688e-02	1.715224649829745762e-01	-1.747709957023401428e-01	1.039008237535096191e-01	-7.541760085703776151e-02	5.911833392874563803e-02	-1.093925487979442446e-01	1.100820501743504098e-01	-9.774796967402103742e-02	8.811510997156521419e-02	-5.330992130270423290e-02	7.038502974178896532e-02	-7.565843198726238117e-02	9.992427956296662250e-02	-6.665548364932633030e-02	6.528280190397769966e-02
1.339450243645901317e-01	-9.877580920730656688e-02	8.110952397241193157e-02	-5.250841725936419846e-02	5.381844635459066828e-02	-1.222933772991958157e-01	1.077148411986973836e-01	-9.156307693820898985e-02	7.129514348675790314e-02	-6.481800044020091800e-02	2.085150252605560417e-01	-3.012656177259349088e-01	8.459555260721215997e-02	-6.193682704465907490e-02	7.965289192152413822e-02	-5.591249160169757815e-01	9.999999999999975575e-01	-9.949008777872005160e-02	6.630761033608921495e-02	-6.132147645920212747e-02	3.215822331170843928e-01	-6.476122142493717648e-01	1.100557958038532458e-01	-8.284850046936236001e-02	8.172173106672817045e-02	-1.635050109464362411e-01	1.544691555769871771e-01	-1.084655109102578424e-01	7.484396952281585635e-02	-5.991670217218670463e-02	9.710578170818297272e-02	-1.095583320694973051e-01	9.301365562931918074e-02	-8.951263836497166948e-02	5.293464797295782676e-02	-6.705473035932306425e-02	6.940089426484057078e-02	-9.984872554011327284e-02	6.526347707794946662e-02	-6.592542252819186266e-02
-8.736604938676936771e-02	1.008299910259095600e-01	-1.338155487223373630e-01	1.191905871716664872e-01	-1.412983434123659399e-01	6.788994485207000551e-02	-1.187064310653638127e-01	1.430746089216259898e-01	-1.835533824226772692e-01	1.700371683220717467e-01	-8.354640486067141381e-02	9.687209750166032862e-02	-6.392341347080490177e-01	3.012077398924711269e-01	-3.175309111255688044e-01	9.581423380476970786e-02	-9.949008777872005160e-02	9.999999999999976685e-01	-3.974198669135575179e-01	2.403126599170861966e-01	-8.903654107369710080e-02	8.683560902436575357e-02	-3.514023514170148688e-01	2.300800598914072292e-01	-2.658790157965085776e-01	1.032468741377711857e-01	-1.062838706917913212e-01	2.116807370816349565e-01	-1.628616500336263762e-01	1.226088670056099533e-01	-1.056553212881063963e-01	1.330859816823874442e-01	-1.421422589522704782e-01	1.691930381907884307e-01	-1.057848002481035082e-01	7.887850729509501835e-02	-8.842704948454992164e-02	1.418378783404065091e-01	-1.179034955668654405e-01	1.246609378708365690e-01
5.612626491443239302e-02	-6.613620142502198151e-02	8.204632392225698345e-02	-9.441045584491360165e-02	1.059637334429209127e-01	-4.500410994491319677e-02	7.388779028201604426e-02	-9.241007094732703320e-02	1.402013663523263842e-01	-1.540785565707821492e-01	5.511890323531386249e-02	-6.611720308069599095e-02	2.872344843834204742e-01	-6.020225211321511560e-01	3.034434318649897322e-01	-6.885444384941914742e-02	6.630761033608921495e-02	-3.974198669135575179e-01	9.999999999999976685e-01	-5.197327234709243626e-01	6.219977182317190656e-02	-6.074413741091966301e-02	1.867962002827401324e-01	-2.478787167043723927e-01	2.475009596444220916e-01	-8.131821439949159236e-02	8.010723451186149702e-02	-1.685816186956307361e-01	1.312157535967988231e-01	-1.074099988916470821e-01	8.153954203274969836e-02	-1.084964101253244467e-01	1.083014538463562826e-01	-1.496195560064066954e-01	8.792642623434875071e-02	-6.383918860502357795e-02	6.972721105870675895e-02	-1.192219485918386140e-01	9.686417927469884170e-02	-1.092126963351652547e-01
-5.219285926137279263e-02	6.088729869343415674e-02	-7.696851702803475526e-02	9.747012841736465982e-02	-1.187218162184815601e-01	4.151768279626200792e-02	-6.857802257292844317e-02	8.355047028374680551e-02	-1.553501365822581026e-01	1.716469955795017210e-01	-5.089175900472307085e-02	6.039810219440285705e-02	-2.201067480341689364e-01	2.704215331532428546e-01	-5.741179921550143561e-01	6.329128775948283936e-02	-6.132147645920212747e-02	2.403126599170861966e-01	-5.197327234709243626e-01	9.999999999999951150e-01	-5.774596863859714907e-02	5.619349481434211813e-02	-1.792020859935272992e-01	2.388439905597697088e-01	-4.753656258100911747e-01	7.532055089125878899e-02	-7.469328901643981777e-02	1.558603414551828492e-01	-1.282954150030578833e-01	1.022392024751105355e-01	-7.615087116271625212e-02	1.005617082547747149e-01	-1.015512718936772418e-01	1.405943360624246075e-01	-8.393650853011458413e-02	5.927438192990344690e-02	-6.505404827014933666e-02	1.104043145694351968e-01	-9.147014603822567480e-02	1.026588008919056133e-01
1.061053005833338253e-01	-7.635400676030520972e-02	6.532150162965723317e-02	-4.555007390851559951e-02	4.826015613350743277e-02	-9.790582986612110516e-02	8.204850504711952430e-02	-7.230370296304519662e-02	6.283051246335578932e-02	-5.725012826129777244e-02	1.660137917930880891e-01	-1.900843425907009498e-01	7.712228046302359308e-02	-5.682161510100480761e-02	7.546245432386483598e-02	-5.979698773028682135e-01	3.215822331170843928e-01	-8.903654107369710080e-02	6.219977182317190656e-02	-5.774596863859714907e-02	9.999999999999993339e-01	-6.212394479736069730e-01	1.088737173351955467e-01	-7.997228438421492835e-02	7.984357795958975379e-02	-2.761830863295383631e-01	2.006429310015819256e-01	-1.102693032893829889e-01	7.513184712589744685e-02	-5.921283128470801460e-02	1.181222067364415818e-01	-1.226397374471069890e-01	1.015435516876417726e-01	-8.873027737706827567e-02	5.288313234136730184e-02	-7.771127565166632833e-02	7.798606555952344865e-02	-1.060493062876204373e-01	6.640587630723616963e-02	-6.534977448515810750e-02
-9.704315047205110123e-02	6.568456479406781234e-02	-5.858788982766456599e-02	4.157924645124357055e-02	-4.488082775881264280e-02	8.215231589670925205e-02	-7.301578967381947005e-02	6.339672571183956051e-02	-5.818117595046407714e-02	5.288842655380694702e-02	-1.426554634894536266e-01	1.604237017610913585e-01	-7.442294693741444145e-02	5.458552988213897367e-02	-7.283304883343302838e-02	3.117887138860182539e-01	-6.476122142493717648e-01	8.683560902436575357e-02	-6.074413741091966301e-02	5.619349481434211813e-02	-6.212394479736069730e-01	9.999999999999988898e-01	-1.271624633741011978e-01	8.198123735225855413e-02	-7.970846383360355447e-02	1.875924674856167262e-01	-2.160629542592274188e-01	1.093009697067023334e-01	-7.326437145591760403e-02	5.649603875161246513e-02	-1.049243759716250168e-01	1.134823421358426704e-01	-9.709221497511323629e-02	8.315003571858929632e-02	-5.021197751267779397e-02	6.806183153271730402e-02	-7.074789747102620818e-02	9.585817219165695957e-02	-6.211679118240567843e-02	6.105618027818394966e-02
6.251529291466112470e-02	-6.255482507325771380e-02	7.388044287206756155e-02	-7.767806845790364845e-02	9.118075292691500688e-02	-5.043325077260132211e-02	6.974635476680945967e-02	-7.880953797391684890e-02	1.135644098012385389e-01	-1.121994139051466916e-01	6.715159172005137622e-02	-7.896109802212264439e-02	2.031746097170945287e-01	-1.572056659595829631e-01	1.940454574730934856e-01	-1.058417973539459156e-01	1.100557958038532458e-01	-3.514023514170148688e-01	1.867962002827401324e-01	-1.792020859935272992e-01	1.088737173351955467e-01	-1.271624633741011978e-01	9.999999999999991118e-01	-5.246003491264676910e-01	2.716829938140769007e-01	-1.468297586309627312e-01	1.490266362778075449e-01	-5.717332146023241801e-01	2.426763829381484994e-01	-1.799953380102367884e-01	1.392877695482090949e-01	-2.059917989067566457e-01	2.179971332061128031e-01	-2.324793256445351342e-01	1.414915705523294431e-01	-1.069655847212224731e-01	1.159905799200116466e-01	-1.966108699684927519e-01	1.520299471070278574e-01	-1.645108387597091215e-01
-5.527758637279744230e-02	5.808634428028282282e-02	-7.107049299326995140e-02	8.035416751411957048e-02	-9.708703928318236642e-02	4.394735799996173781e-02	-6.523002706371505699e-02	7.531112935609021730e-02	-1.219631640320864296e-01	1.214828202926947903e-01	-5.656854380228153872e-02	6.612308855495128979e-02	-1.919879088751815233e-01	1.727762007250459586e-01	-2.452318018915846387e-01	8.006591686888182846e-02	-8.284850046936236001e-02	2.300800598914072292e-01	-2.478787167043723927e-01	2.388439905597697088e-01	-7.997228438421492835e-02	8.198123735225855413e-02	-5.246003491264676910e-01	1.000000000000000000e+00	-6.315294418462141790e-01	1.040541551150587218e-01	-1.083496209793459036e-01	2.622811138991169577e-01	-2.921959170183599519e-01	1.673167148056904363e-01	-1.074196460847188922e-01	1.415839604618288616e-01	-1.578409476882922935e-01	2.000434038112006707e-01	-1.340469580102233715e-01	8.044316957338920604e-02	-9.038292660313196336e-02	1.467317188920738702e-01	-1.335753815820736878e-01	1.435507071002199986e-01
5.847674712583142420e-02	-6.290998952827980828e-02	7.519994660762310823e-02	-9.082685871780317444e-02	1.042938491998467859e-01	-4.714987531551138172e-02	6.927915526747401020e-02	-8.130825962302640209e-02	1.303383909960857956e-01	-1.454677250877707273e-01	5.986672265366494577e-02	-7.139821473944171770e-02	1.940133786743617472e-01	-2.054770313675140236e-01	2.626989222783244760e-01	-8.547063751870463688e-02	8.172173106672817045e-02	-2.658790157965085776e-01	2.475009596444220916e-01	-4.753656258100911747e-01	7.984357795958975379e-02	-7.970846383360355447e-02	2.716829938140769007e-01	-6.315294418462141790e-01	1.000000000000001110e+00	-1.137850559774137571e-01	1.116272269737360323e-01	-2.600650227014854599e-01	2.091942180205303148e-01	-1.732346861062819821e-01	1.141361744107779325e-01	-1.569335583616916219e-01	1.563903961723956959e-01	-2.290268990588079645e-01	1.338625971724516084e-01	-9.017108028641450390e-02	9.811448955925945736e-02	-1.701434230817582827e-01	1.424150704542013479e-01	-1.648056808146389218e-01
-6.339361892370051765e-02	5.050527554013180959e-02	-5.222844662835615659e-02	4.721893838356289869e-02	-5.568666165265891838e-02	5.272246047751641407e-02	-5.569149501387569284e-02	5.495657437094746134e-02	-6.907473572882240342e-02	6.297094263911498513e-02	-8.063974734989838578e-02	9.072783425166161542e-02	-9.494105990668927353e-02	7.005880928307187117e-02	-1.015597630121004846e-01	1.715224649829745762e-01	-1.635050109464362411e-01	1.032468741377711857e-01	-8.131821439949159236e-02	7.532055089125878899e-02	-2.761830863295383631e-01	1.875924674856167262e-01	-1.468297586309627312e-01	1.040541551150587218e-01	-1.137850559774137571e-01	1.000000000000000666e+00	-7.732083737166894899e-01	1.690075049898202841e-01	-1.158971918282536012e-01	8.619865295478876255e-02	-3.561226410433587786e-01	2.498140541481736476e-01	-2.041020671699691202e-01	1.309841030777094406e-01	-8.049559572512872407e-02	1.699999386076249397e-01	-1.693014955633575791e-01	1.875115456555863092e-01	-1.072038798679866844e-01	9.675475636572417049e-02
6.120781897456298998e-02	-5.007683760630069619e-02	5.105510719840466310e-02	-4.626608245500364591e-02	5.392028335941796702e-02	-5.195983754392594078e-02	5.471613268554214454e-02	-5.426934753391998018e-02	6.695158035484025105e-02	-6.179570591794600332e-02	7.838848504697311370e-02	-9.169119717263134184e-02	9.298839536522682248e-02	-6.937922680451673318e-02	9.828894737845815521e-02	-1.747709957023401428e-01	1.544691555769871771e-01	-1.062838706917913212e-01	8.010723451186149702e-02	-7.469328901643981777e-02	2.006429310015819256e-01	-2.160629542592274188e-01	1.490266362778075449e-01	-1.083496209793459036e-01	1.116272269737360323e-01	-7.732083737166894899e-01	9.999999999999996669e-01	-2.124113432529118883e-01	1.222988449298286207e-01	-9.337275065174423239e-02	2.420681872436898918e-01	-3.821764332453877477e-01	2.172400482940786692e-01	-1.437070794387775574e-01	8.477092601455603338e-02	-1.605052592821686885e-01	1.482917636405856610e-01	-2.043436288455163785e-01	1.110618652908332143e-01	-1.037977310060796410e-01
-6.415943286587605376e-02	6.229665536447664270e-02	-7.477068423967855870e-02	7.845166052385273148e-02	-9.627338083652253742e-02	5.082720321986959611e-02	-7.016920172473266326e-02	7.761136807971787122e-02	-1.186131459110505437e-01	1.104147089119787151e-01	-6.778686748761285352e-02	7.791842053946976265e-02	-1.873255920286714671e-01	1.382657107579724487e-01	-2.003882588134675569e-01	1.039008237535096191e-01	-1.084655109102578424e-01	2.116807370816349565e-01	-1.685816186956307361e-01	1.558603414551828492e-01	-1.102693032893829889e-01	1.093009697067023334e-01	-5.717332146023241801e-01	2.622811138991169577e-01	-2.600650227014854599e-01	1.690075049898202841e-01	-2.124113432529118883e-01	1.000000000000000888e+00	-3.976207985696217917e-01	2.006421193144752035e-01	-1.771315757927752754e-01	2.476824507870554748e-01	-4.331161098473387816e-01	2.444695121453484832e-01	-1.713703278815073561e-01	1.229129952733646475e-01	-1.420861651887492805e-01	2.147884279665495111e-01	-1.782728663992664830e-01	1.722977035097174037e-01
4.828908709476819466e-02	-4.756237129718538653e-02	5.680928794429219303e-02	-6.191795795060051066e-02	7.512192688914642869e-02	-3.835127289756111446e-02	5.309012181508446920e-02	-5.920459598009071567e-02	9.186164686084798137e-02	-8.760915428150102546e-02	5.020849933629287221e-02	-5.826914244530992382e-02	1.365656797242342235e-01	-1.091206561943679348e-01	1.538363541205220175e-01	-7.541760085703776151e-02	7.484396952281585635e-02	-1.628616500336263762e-01	1.312157535967988231e-01	-1.282954150030578833e-01	7.513184712589744685e-02	-7.326437145591760403e-02	2.426763829381484994e-01	-2.921959170183599519e-01	2.091942180205303148e-01	-1.158971918282536012e-01	1.222988449298286207e-01	-3.976207985696217917e-01	1.000000000000000444e+00	-5.880795633709322567e-01	1.282593340307942587e-01	-1.703079480480957641e-01	1.965148417639195344e-01	-4.536542466362046833e-01	2.843952478820981344e-01	-9.528670682160197969e-02	1.112637344044171694e-01	-1.808212350768365617e-01	2.315541860419259024e-01	-2.773931650050858178e-01
-4.031955947868202939e-02	3.970218909909388472e-02	-4.819472364054194075e-02	5.262745952635559943e-02	-6.527787921576166941e-02	3.164668517919095453e-02	-4.461416317889140698e-02	4.964816671004623067e-02	-7.948517457585949075e-02	7.371930178863282668e-02	-4.111210647163399817e-02	4.725180717877810327e-02	-1.137686282734279020e-01	8.829491525096186400e-02	-1.330003911864596489e-01	5.911833392874563803e-02	-5.991670217218670463e-02	1.226088670056099533e-01	-1.074099988916470821e-01	1.022392024751105355e-01	-5.921283128470801460e-02	5.649603875161246513e-02	-1.799953380102367884e-01	1.673167148056904363e-01	-1.732346861062819821e-01	8.619865295478876255e-02	-9.337275065174423239e-02	2.006421193144752035e-01	-5.880795633709322567e-01	9.999999999999995559e-01	-1.048411303180134951e-01	1.213911949190532580e-01	-1.461807253577608046e-01	2.783807281982731419e-01	-6.402500578484341398e-01	7.522229482985712257e-02	-9.274933878504887375e-02	1.412833408011622827e-01	-2.426729141071085061e-01	2.599006522232160665e-01
4.860482436047466187e-02	-4.240680284633952662e-02	4.634904692882037269e-02	-4.582107657706230991e-02	5.468781548001048348e-02	-4.001340747990685121e-02	4.665674818145430086e-02	-4.851916481007968740e-02	6.681494783050703767e-02	-6.176661119991358473e-02	5.680582133972893188e-02	-6.598846682480667691e-02	9.366057033771853224e-02	-7.023954473139021326e-02	1.012924683105701079e-01	-1.093925487979442446e-01	9.710578170818297272e-02	-1.056553212881063963e-01	8.153954203274969836e-02	-7.615087116271625212e-02	1.181222067364415818e-01	-1.049243759716250168e-01	1.392877695482090949e-01	-1.074196460847188922e-01	1.141361744107779325e-01	-3.561226410433587786e-01	2.420681872436898918e-01	-1.771315757927752754e-01	1.282593340307942587e-01	-1.048411303180134951e-01	9.999999999999993339e-01	-3.984934212892711769e-01	2.375653738261594705e-01	-1.748221913785678872e-01	9.963389998572180772e-02	-6.148854422029184086e-01	2.973234760976891655e-01	-3.790095712964761665e-01	1.480761114234879772e-01	-1.343862804678565559e-01
-5.620634992284415099e-02	5.033827756066618780e-02	-5.734416177341625925e-02	5.793699757267195549e-02	-7.069160247869420155e-02	4.523454623473381619e-02	-5.610878249095571646e-02	5.942536493244895274e-02	-8.642102843960755565e-02	7.907935796265842809e-02	-6.313620744706385790e-02	7.230182539240045947e-02	-1.238939037873098559e-01	9.168067719038718033e-02	-1.359507003393788660e-01	1.100820501743504098e-01	-1.095583320694973051e-01	1.330859816823874442e-01	-1.084964101253244467e-01	1.005617082547747149e-01	-1.226397374471069890e-01	1.134823421358426704e-01	-2.059917989067566457e-01	1.415839604618288616e-01	-1.569335583616916219e-01	2.498140541481736476e-01	-3.821764332453877477e-01	2.476824507870554748e-01	-1.703079480480957641e-01	1.213911949190532580e-01	-3.984934212892711769e-01	1.000000000000000444e+00	-6.559651145820108997e-01	1.912956723536405890e-01	-1.166570394025018553e-01	2.006946672378495944e-01	-2.294514956268296213e-01	2.638699681205278758e-01	-1.571456705949027532e-01	1.340286070810707275e-01
5.147715603817649282e-02	-4.751130180004259351e-02	5.448370140441266551e-02	-5.612628345012607434e-02	6.789292559670970229e-02	-4.156397746018284517e-02	5.278174458462688706e-02	-5.678254944978899932e-02	8.301145320242643566e-02	-7.728674291376125272e-02	5.694965252285221630e-02	-6.604852378453847372e-02	1.220792903402039276e-01	-9.193766353022343740e-02	1.318803093334760812e-01	-9.774796967402103742e-02	9.301365562931918074e-02	-1.421422589522704782e-01	1.083014538463562826e-01	-1.015512718936772418e-01	1.015435516876417726e-01	-9.709221497511323629e-02	2.179971332061128031e-01	-1.578409476882922935e-01	1.563903961723956959e-01	-2.041020671699691202e-01	2.172400482940786692e-01	-4.331161098473387816e-01	1.965148417639195344e-01	-1.461807253577608046e-01	2.375653738261594705e-01	-6.559651145820108997e-01	9.999999999999996669e-01	-2.631201956379581319e-01	1.341708268124614523e-01	-1.797826924719461428e-01	1.957384452539066289e-01	-3.846189612599010266e-01	1.787671609311210774e-01	-1.572815411327719848e-01
-6.066553044113270898e-02	5.895017734807940502e-02	-7.163355037669426328e-02	7.784180799075632318e-02	-9.741999963855929590e-02	4.738517450064214792e-02	-6.632531948344219663e-02	7.328427011382891709e-02	-1.178921194581731696e-01	1.075217026554806249e-01	-6.159164275977949826e-02	7.041023493668188693e-02	-1.639660980048741334e-01	1.244742178907572022e-01	-1.916940261739412399e-01	8.811510997156521419e-02	-8.951263836497166948e-02	1.691930381907884307e-01	-1.496195560064066954e-01	1.405943360624246075e-01	-8.873027737706827567e-02	8.315003571858929632e-02	-2.324793256445351342e-01	2.000434038112006707e-01	-2.290268990588079645e-01	1.309841030777094406e-01	-1.437070794387775574e-01	2.444695121453484832e-01	-4.536542466362046833e-01	2.783807281982731419e-01	-1.748221913785678872e-01	1.912956723536405890e-01	-2.631201956379581319e-01	1.000000000000000444e+00	-3.965510085632123483e-01	1.221002008637989827e-01	-1.572530902752602433e-01	2.305265020042092661e-01	-5.369805015943576176e-01	3.079250725024686997e-01
3.520145078888881063e-02	-3.431140149227955571e-02	4.117457881204113213e-02	-4.482942397782532090e-02	5.514716990922554490e-02	-2.776314683350086451e-02	3.837007450179317353e-02	-4.250002631627031180e-02	6.691103278947842237e-02	-6.232075438963422670e-02	3.618556467037802038e-02	-4.175134625504043490e-02	9.523507172953886435e-02	-7.382179336231542433e-02	1.089451903377006842e-01	-5.330992130270423290e-02	5.293464797295782676e-02	-1.057848002481035082e-01	8.792642623434875071e-02	-8.393650853011458413e-02	5.288313234136730184e-02	-5.021197751267779397e-02	1.414915705523294431e-01	-1.340469580102233715e-01	1.338625971724516084e-01	-8.049559572512872407e-02	8.477092601455603338e-02	-1.713703278815073561e-01	2.843952478820981344e-01	-6.402500578484341398e-01	9.963389998572180772e-02	-1.166570394025018553e-01	1.341708268124614523e-01	-3.965510085632123483e-01	1.000000000000000666e+00	-7.365629398365913794e-02	9.079489627481177050e-02	-1.466397559065493184e-01	2.718202449134450860e-01	-5.316464129165947572e-01
-3.529559376547018734e-02	3.126929629781275560e-02	-3.526073453747335246e-02	3.556861884955016262e-02	-4.324786298659465816e-02	2.849063387040238690e-02	-3.470048361792005959e-02	3.652972439802272542e-02	-5.262635486926285633e-02	4.807694852878845876e-02	-3.976191509026534565e-02	4.561091886187663286e-02	-7.344910489938494269e-02	5.452916136423225507e-02	-8.082708173080269121e-02	7.038502974178896532e-02	-6.705473035932306425e-02	7.887850729509501835e-02	-6.383918860502357795e-02	5.927438192990344690e-02	-7.771127565166632833e-02	6.806183153271730402e-02	-1.069655847212224731e-01	8.044316957338920604e-02	-9.017108028641450390e-02	1.699999386076249397e-01	-1.605052592821686885e-01	1.229129952733646475e-01	-9.528670682160197969e-02	7.522229482985712257e-02	-6.148854422029184086e-01	2.006946672378495944e-01	-1.797826924719461428e-01	1.221002008637989827e-01	-7.365629398365913794e-02	1.000000000000000444e+00	-6.602870829722240487e-01	2.782651640089649492e-01	-1.170232016250447316e-01	9.602419641728929256e-02
3.788236398743324851e-02	-3.396488257676043981e-02	3.818608999319659386e-02	-3.883527822255444795e-02	4.689507165458906002e-02	-3.074597899648238986e-02	3.753496604737074915e-02	-3.970808731958912208e-02	5.700930343184534843e-02	-5.252920948506165089e-02	4.253392246747151467e-02	-4.931713944950137651e-02	7.985497069921702884e-02	-5.982002543936249667e-02	8.741658998435819505e-02	-7.565843198726238117e-02	6.940089426484057078e-02	-8.842704948454992164e-02	6.972721105870675895e-02	-6.505404827014933666e-02	7.798606555952344865e-02	-7.074789747102620818e-02	1.159905799200116466e-01	-9.038292660313196336e-02	9.811448955925945736e-02	-1.693014955633575791e-01	1.482917636405856610e-01	-1.420861651887492805e-01	1.112637344044171694e-01	-9.274933878504887375e-02	2.973234760976891655e-01	-2.294514956268296213e-01	1.957384452539066289e-01	-1.572530902752602433e-01	9.079489627481177050e-02	-6.602870829722240487e-01	1.000000000000000444e+00	-5.785632471197673654e-01	1.517457758719629179e-01	-1.288077310476476445e-01
-5.857193838388966012e-02	5.371951069585544081e-02	-6.289943345226930993e-02	6.548772683111804549e-02	-8.101378832843951494e-02	4.635993970712326551e-02	-6.007737572695361072e-02	6.455243458350815033e-02	-9.807154081129737522e-02	8.893631239343385841e-02	-6.266408721996986897e-02	7.144117987034243056e-02	-1.366900905513496467e-01	1.010475138812856888e-01	-1.530383994011145776e-01	9.992427956296662250e-02	-9.984872554011327284e-02	1.418378783404065091e-01	-1.192219485918386140e-01	1.104043145694351968e-01	-1.060493062876204373e-01	9.585817219165695957e-02	-1.966108699684927519e-01	1.467317188920738702e-01	-1.701434230817582827e-01	1.875115456555863092e-01	-2.043436288455163785e-01	2.147884279665495111e-01	-1.808212350768365617e-01	1.412833408011622827e-01	-3.790095712964761665e-01	2.638699681205278758e-01	-3.846189612599010266e-01	2.305265020042092661e-01	-1.466397559065493184e-01	2.782651640089649492e-01	-5.785632471197673654e-01	9.999999999999997780e-01	-3.180082566770110475e-01	1.943596632295730431e-01
4.210431998320320751e-02	-4.025288988027417997e-02	4.775932585908817390e-02	-5.138700017207584875e-02	6.313701932055434951e-02	-3.332561631249779388e-02	4.490303664318768401e-02	-4.924492201974327299e-02	7.640099274320663603e-02	-7.066465171230615350e-02	4.384070348502981662e-02	-5.057992755755226499e-02	1.074159981970419647e-01	-8.205156704069457851e-02	1.216443892394167281e-01	-6.665548364932633030e-02	6.526347707794946662e-02	-1.179034955668654405e-01	9.686417927469884170e-02	-9.147014603822567480e-02	6.640587630723616963e-02	-6.211679118240567843e-02	1.520299471070278574e-01	-1.335753815820736878e-01	1.424150704542013479e-01	-1.072038798679866844e-01	1.110618652908332143e-01	-1.782728663992664830e-01	2.315541860419259024e-01	-2.426729141071085061e-01	1.480761114234879772e-01	-1.571456705949027532e-01	1.787671609311210774e-01	-5.369805015943576176e-01	2.718202449134450860e-01	-1.170232016250447316e-01	1.517457758719629179e-01	-3.180082566770110475e-01	1.000000000000000000e+00	-6.566745148121061471e-01
