1.000000000000000000e+00	-9.944043256262078412e-01	2.561549947532337085e-02	-1.288669679486641358e-02	1.146856283587597940e-02	-1.921728332385679722e-02	6.722283342659172989e-02	-2.602007575651517010e-02	1.548581826498651552e-02	-1.316183431541964946e-02	1.803974224059558262e-02	-6.120738548281383362e-02	2.999790034428087213e-02	-1.904288454038146478e-02	1.705350519647366031e-02	-1.337099321908412353e-02	1.922057707514942398e-02	-2.041197529993695609e-02	1.653280219765039874e-02	-1.498290510305540571e-02	1.129501391223469188e-02	-1.785641437235501935e-02	1.705051210241640552e-02	-1.781384338524608438e-02	1.459778865465962555e-02	-1.401400033117062606e-02	1.207686833096097145e-02	-1.907562008698316519e-02	1.170026079952042955e-02	-5.684989623781097623e-03	9.930093240773565227e-03	-1.608381423595746026e-02	1.237616851286924002e-02	-1.514665819275102208e-02	5.567016994111742730e-03	-1.281305676722071900e-02	8.181764477653454340e-03	-9.865198490390232264e-03	4.296100804998288260e-03	-4.648871598641989011e-03
-9.944043256262078412e-01	9.999999999999997780e-01	-2.596209806391961902e-02	1.237957930406026474e-02	-1.104488421331608489e-02	1.874099815779459166e-02	-7.216391018682323522e-02	2.557370515590963109e-02	-1.492406385440129234e-02	1.261250616636859848e-02	-1.783771628588125269e-02	5.805714148628614985e-02	-2.912955854151654672e-02	1.820517181016095137e-02	-1.637927499372884843e-02	1.269464286402414988e-02	-1.836089074393529308e-02	1.937663391892320910e-02	-1.576021473919012386e-02	1.423587698733400943e-02	-1.076231065815270484e-02	1.691262892144750410e-02	-1.619227722732912572e-02	1.688777987656010435e-02	-1.392018040680203551e-02	1.323743347671681517e-02	-1.144024423513822532e-02	1.797071526383632947e-02	-1.104867555992558939e-02	5.379022943302936427e-03	-9.358059011035268354e-03	1.513693841224051338e-02	-1.167115649784026057e-02	1.426949966451862735e-02	-5.271720684979893691e-03	1.205395815594507807e-02	-7.707039327218416155e-03	9.284370902222838229e-03	-4.053844184200188980e-03	4.383843659146555161e-03
2.561549947532337085e-02	-2.596209806391961902e-02	9.999999999999996669e-01	-1.307845397917249408e-01	9.453444550944840874e-02	-3.926091854520015467e-02	1.295484106597765139e-01	-9.547135626916624096e-01	1.209315670395025855e-01	-9.319914496134311388e-02	3.798026216016262696e-02	-1.236177153520689603e-01	1.138607408846542546e-01	-9.294081807756833513e-02	8.806106301350559440e-02	-4.368669846943893514e-02	6.305287856285657355e-02	-7.502714270683427666e-02	6.794684499344202933e-02	-6.707010457460951813e-02	3.717482560320411328e-02	-6.079658393867921201e-02	6.366863119066619447e-02	-7.141654593396284945e-02	6.343664840203433464e-02	-4.967680779132439134e-02	4.280817806220117011e-02	-7.302723657759417619e-02	4.562945660644108364e-02	-2.287633905660774528e-02	3.751140372128539124e-02	-6.134544576926440757e-02	4.718243035469452812e-02	-5.921475530613923982e-02	2.241590770532096016e-02	-4.880696662745647590e-02	3.120619685741337149e-02	-3.775946487136705443e-02	1.692850720433358019e-02	-1.831100746128744988e-02
-1.288669679486641358e-02	1.237957930406026474e-02	-1.307845397917249408e-01	9.999999999999998890e-01	-7.318842636151775549e-01	2.938575030312649827e-02	-8.445741370013490346e-02	1.138821385978771861e-01	-5.172453424265873734e-01	3.083692756760914588e-01	-3.079559996991678913e-02	7.852638332462159865e-02	-1.861226979484423283e-01	2.079222465304661205e-01	-2.445858078691489912e-01	5.554568267345704607e-02	-8.566361416500137271e-02	1.116013746201828805e-01	-1.243641638647981218e-01	1.314355942989102743e-01	-4.844464574347848163e-02	8.188164698768930772e-02	-9.591066100757063284e-02	1.173597431406667585e-01	-1.260365949153258169e-01	6.604768593163920509e-02	-5.815196409345606970e-02	1.023378510407434022e-01	-6.763880807522888727e-02	3.669187819949926849e-02	-5.140770115520638950e-02	8.387611345199631752e-02	-6.620957752056691459e-02	8.513579526111039741e-02	-3.636658784711580689e-02	6.610608000122443484e-02	-4.306864537286689276e-02	5.175995459190341208e-02	-2.519104567424165775e-02	2.697160025247596210e-02
1.146856283587597940e-02	-1.104488421331608489e-02	9.453444550944840874e-02	-7.318842636151775549e-01	9.999999999999997780e-01	-2.769343355680579585e-02	7.491026939955604258e-02	-9.428601800548176703e-02	3.042235097130167043e-01	-5.343663398602997994e-01	2.877284810535850682e-02	-7.182087260452686694e-02	1.600061093386983546e-01	-1.967095451070138001e-01	2.283299896821231745e-01	-5.765624246629132144e-02	8.493761921129629189e-02	-1.121875864795585098e-01	1.182047034904207816e-01	-1.396862542769982674e-01	4.971433593460382327e-02	-8.417555526713391134e-02	9.697456048930100381e-02	-1.205356459291380966e-01	1.206640806295753293e-01	-6.993001685165954606e-02	6.067404689144911129e-02	-1.106769644933702779e-01	7.151937663728685779e-02	-3.788129308028798103e-02	5.561382702913444942e-02	-9.166576654250292722e-02	7.109296474030357693e-02	-9.218056064733466670e-02	3.717032744584402443e-02	-7.248866879032549171e-02	4.670223017540044153e-02	-5.654805619207067813e-02	2.676069826787611308e-02	-2.885653576640837339e-02
-1.921728332385679722e-02	1.874099815779459166e-02	-3.926091854520015467e-02	2.938575030312649827e-02	-2.769343355680579585e-02	9.999999999999995559e-01	-1.968150333902703719e-01	3.897414578321437006e-02	-3.803659532198915005e-02	3.187006532443396878e-02	-9.576802199227373302e-01	1.514377579972244758e-01	-8.160739876430955775e-02	4.802391683693887220e-02	-4.470283076870262134e-02	9.000323470695548167e-02	-6.420351451584378755e-02	5.625598392751063326e-02	-4.536297858727451893e-02	3.800903038503278264e-02	-8.160848209640719775e-02	5.650202528762229837e-02	-4.968814156399982418e-02	4.704472870779941723e-02	-3.938001555006170190e-02	4.740714514884335207e-02	-4.352186891731966295e-02	4.868381233770504440e-02	-3.014788291414623872e-02	1.461422245498140808e-02	-2.716415015028208341e-02	4.149305590878859390e-02	-3.286046830546659331e-02	3.748398820793640007e-02	-1.447025314851559108e-02	3.302395953264507245e-02	-2.145044294024136405e-02	2.515331710011463676e-02	-1.080962454301677943e-02	1.157440139839936710e-02
6.722283342659172989e-02	-7.216391018682323522e-02	1.295484106597765139e-01	-8.445741370013490346e-02	7.491026939955604258e-02	-1.968150333902703719e-01	1.000000000000000000e+00	-1.537196535708241496e-01	1.033092472824498759e-01	-8.919516646075566213e-02	1.622032546406367848e-01	-8.603765191238470500e-01	2.247197116424695107e-01	-1.420395347116208129e-01	1.160049703471165566e-01	-9.985291692451259138e-02	1.493764879688561920e-01	-1.540044020101220545e-01	1.176389178429030763e-01	-1.042684772653285630e-01	8.325671701796677482e-02	-1.358188189525990353e-01	1.221043580755163671e-01	-1.270673052231487410e-01	9.962881314189420134e-02	-1.009083685147670745e-01	8.680118975705793105e-02	-1.330160385906147269e-01	8.104263147334928030e-02	-3.898345213277664562e-02	6.871734769662754538e-02	-1.111737037546883522e-01	8.582804609614480551e-02	-1.044536077980639938e-01	3.809993570809339092e-02	-8.818752837352766827e-02	5.642422530672856762e-02	-6.792589006077912051e-02	2.945098297080437494e-02	-3.186060660962633517e-02
-2.602007575651517010e-02	2.557370515590963109e-02	-9.547135626916624096e-01	1.138821385978771861e-01	-9.428601800548176703e-02	3.897414578321437006e-02	-1.537196535708241496e-01	1.000000000000000222e+00	-1.314036266902242900e-01	8.911042371888977520e-02	-3.859249372236545073e-02	1.184710093284464666e-01	-1.195668847198852608e-01	9.086048166072978327e-02	-8.760886452507753164e-02	4.023725188617476023e-02	-5.990548152219772604e-02	7.034030496930818166e-02	-6.510454372228796638e-02	6.293543648538313384e-02	-3.456734452574373312e-02	5.619422918814394319e-02	-5.944410219225670228e-02	6.642975023518180033e-02	-6.072602842276351998e-02	4.514707528291155708e-02	-3.929866044371895656e-02	6.568447618687148215e-02	-4.152198079957715449e-02	2.104320101068414203e-02	-3.371325791476671024e-02	5.484308797419364806e-02	-4.258380249203014278e-02	5.326652081091595714e-02	-2.070136686560753933e-02	4.353628199779031177e-02	-2.800637428338889276e-02	3.375469028884157952e-02	-1.534947548193585018e-02	1.654938900919290107e-02
1.548581826498651552e-02	-1.492406385440129234e-02	1.209315670395025855e-01	-5.172453424265873734e-01	3.042235097130167043e-01	-3.803659532198915005e-02	1.033092472824498759e-01	-1.314036266902242900e-01	9.999999999999996669e-01	-5.475650251490401521e-01	3.943369007538977816e-02	-1.022360196180238517e-01	2.348072987978566950e-01	-4.469900038582914625e-01	2.939341450797534616e-01	-7.850287961817702109e-02	1.176076784371753448e-01	-1.622393831440630263e-01	1.765481121149438670e-01	-1.815342358050766325e-01	6.759926473547013537e-02	-1.162893201344180893e-01	1.344810702338079811e-01	-1.742929862364810401e-01	1.574578285022720237e-01	-9.454495010444963210e-02	8.215092664897830077e-02	-1.492581157377450007e-01	9.693406365709913985e-02	-5.038551823801344642e-02	7.412723306859618499e-02	-1.222651800684951828e-01	9.538561253064130330e-02	-1.240213744778634608e-01	4.937231313767950769e-02	-9.624288403326922148e-02	6.225018333045102131e-02	-7.528070843510359378e-02	3.572904776253286313e-02	-3.851039551585559023e-02
-1.316183431541964946e-02	1.261250616636859848e-02	-9.319914496134311388e-02	3.083692756760914588e-01	-5.343663398602997994e-01	3.187006532443396878e-02	-8.919516646075566213e-02	8.911042371888977520e-02	-5.475650251490401521e-01	9.999999999999993339e-01	-3.343869496841150868e-02	8.448039741255918000e-02	-2.103079110492452608e-01	2.613621919083490841e-01	-4.964251497932244406e-01	6.395598993252885056e-02	-9.857167565951631405e-02	1.308688325430908128e-01	-1.488477274305180509e-01	1.763231401471190285e-01	-5.568123261032782711e-02	9.494105333364087629e-02	-1.119666554800816949e-01	1.406211147870439215e-01	-1.618091464840458460e-01	7.648660048311915760e-02	-6.722829488696224765e-02	1.197909085406465707e-01	-7.959234554539126871e-02	4.424969971016474296e-02	-5.975255868283208677e-02	9.779737075761187060e-02	-7.721250332325067800e-02	1.001517661765021772e-01	-4.384810101877282401e-02	7.692497789287465471e-02	-5.014924751181029650e-02	6.031930030068687054e-02	-2.979333174061069359e-02	3.187647310472806889e-02
1.803974224059558262e-02	-1.783771628588125269e-02	3.798026216016262696e-02	-3.079559996991678913e-02	2.877284810535850682e-02	-9.576802199227373302e-01	1.622032546406367848e-01	-3.859249372236545073e-02	3.943369007538977816e-02	-3.343869496841150868e-02	1.000000000000000444e+00	-1.738838270392125129e-01	8.332072992604865058e-02	-5.074738486739647364e-02	4.642562486696297924e-02	-1.047483069064527178e-01	6.686360940696875477e-02	-6.016146219491884384e-02	4.779316327629888617e-02	-4.044057055583277771e-02	8.212102144357164013e-02	-6.042897385225840662e-02	5.255058231419285075e-02	-5.033329165651163201e-02	4.134145117682087867e-02	-5.073371180506046352e-02	4.555438390634938828e-02	-5.284895100681295810e-02	3.248137873292615552e-02	-1.565930617964775284e-02	2.926413529690686730e-02	-4.507648963193728459e-02	3.542038983004181657e-02	-4.072230847683571547e-02	1.546062168687788695e-02	-3.590896456201358999e-02	2.319728806978592697e-02	-2.733014270813875768e-02	1.167185304824089331e-02	-1.252761137016365420e-02
-6.120738548281383362e-02	5.805714148628614985e-02	-1.236177153520689603e-01	7.852638332462159865e-02	-7.182087260452686694e-02	1.514377579972244758e-01	-8.603765191238470500e-01	1.184710093284464666e-01	-1.022360196180238517e-01	8.448039741255918000e-02	-1.738838270392125129e-01	1.000000000000000000e+00	-3.157094574023938116e-01	1.396170416449435403e-01	-1.160985566073727965e-01	9.058613695898209972e-02	-1.693522611399713718e-01	1.464835840904833708e-01	-1.138349405461477754e-01	9.510094685632490552e-02	-7.828827296910580158e-02	1.265323178459467346e-01	-1.150996315352971200e-01	1.157567411752148528e-01	-9.347287574440060753e-02	8.929275964059076032e-02	-7.943488248306841693e-02	1.143846051894127219e-01	-7.102124084939126503e-02	3.449292928961805033e-02	-5.920127811968575043e-02	9.452512104928309511e-02	-7.448824904139943193e-02	8.943556077626547973e-02	-3.392397379243371897e-02	7.462635751513330140e-02	-4.836715931993311457e-02	5.769933393887252682e-02	-2.551608155546124246e-02	2.744507720747524013e-02
2.999790034428087213e-02	-2.912955854151654672e-02	1.138607408846542546e-01	-1.861226979484423283e-01	1.600061093386983546e-01	-8.160739876430955775e-02	2.247197116424695107e-01	-1.195668847198852608e-01	2.348072987978566950e-01	-2.103079110492452608e-01	8.332072992604865058e-02	-3.157094574023938116e-01	9.999999999999972244e-01	-5.185887994753369812e-01	2.706773596329142828e-01	-1.492716885981285602e-01	2.253325288884553135e-01	-3.733191158177679436e-01	2.664805540755224578e-01	-2.371823996553997504e-01	1.259057334318705867e-01	-2.221244753273886319e-01	2.418051262465931162e-01	-2.774868987751916150e-01	2.107231471247850985e-01	-1.757330092937322286e-01	1.505425060372893309e-01	-2.702099154248381319e-01	1.657442501584263650e-01	-8.039390713894191409e-02	1.332590062654474272e-01	-2.211303654944682118e-01	1.704704500010884027e-01	-2.151090594063873318e-01	7.816753598126056912e-02	-1.738440794867009698e-01	1.115270146555190078e-01	-1.354355901740558199e-01	6.023165913829255785e-02	-6.530614752143926172e-02
-1.904288454038146478e-02	1.820517181016095137e-02	-9.294081807756833513e-02	2.079222465304661205e-01	-1.967095451070138001e-01	4.802391683693887220e-02	-1.420395347116208129e-01	9.086048166072978327e-02	-4.469900038582914625e-01	2.613621919083490841e-01	-5.074738486739647364e-02	1.396170416449435403e-01	-5.185887994753369812e-01	1.000000000000000222e+00	-5.144851534456278408e-01	9.245212969200548858e-02	-1.534290716786910480e-01	2.194841017621263768e-01	-3.393138902428285419e-01	2.145929626838185278e-01	-8.081963229229212342e-02	1.422936826832922053e-01	-1.732359426996782914e-01	2.258806955457972054e-01	-2.012538643745644951e-01	1.083920142524064378e-01	-9.637691498465192352e-02	1.670696039426581014e-01	-1.131612829019283950e-01	5.890305535252220170e-02	-8.172699754596056410e-02	1.332169490822363578e-01	-1.072809804744909168e-01	1.381151705400591456e-01	-5.827082296302988490e-02	1.038727384094881440e-01	-6.847250796254544802e-02	8.189676412461412147e-02	-4.037768599300829014e-02	4.310280181499727414e-02
1.705350519647366031e-02	-1.637927499372884843e-02	8.806106301350559440e-02	-2.445858078691489912e-01	2.283299896821231745e-01	-4.470283076870262134e-02	1.160049703471165566e-01	-8.760886452507753164e-02	2.939341450797534616e-01	-4.964251497932244406e-01	4.642562486696297924e-02	-1.160985566073727965e-01	2.706773596329142828e-01	-5.144851534456278408e-01	9.999999999999982236e-01	-1.006054833544521437e-01	1.488408850673595407e-01	-2.067084525181784038e-01	2.252356138122985074e-01	-3.945898018031420151e-01	8.645868395455448552e-02	-1.493647358285846993e-01	1.737607387854272489e-01	-2.310870623120236111e-01	2.466374833374543885e-01	-1.226126864548840040e-01	1.061834483770581622e-01	-1.971900892534954597e-01	1.286523166143951624e-01	-7.058163326572049201e-02	9.732272991237071735e-02	-1.613515582000750737e-01	1.254671921555700065e-01	-1.655020143743212435e-01	6.879697873836450317e-02	-1.268240122851697627e-01	8.192318271255408235e-02	-9.929544940371437534e-02	4.819126957034896436e-02	-5.195856111499810859e-02
-1.337099321908412353e-02	1.269464286402414988e-02	-4.368669846943893514e-02	5.554568267345704607e-02	-5.765624246629132144e-02	9.000323470695548167e-02	-9.985291692451259138e-02	4.023725188617476023e-02	-7.850287961817702109e-02	6.395598993252885056e-02	-1.047483069064527178e-01	9.058613695898209972e-02	-1.492716885981285602e-01	9.245212969200548858e-02	-1.006054833544521437e-01	9.999999999999972244e-01	-2.674613888438290288e-01	1.502024433003040504e-01	-1.187688849082311621e-01	8.375683130977397417e-02	-8.761438819974706194e-01	2.152064082218511365e-01	-1.566835298697251411e-01	1.166017626093739240e-01	-9.955606303782907340e-02	2.025312243368121989e-01	-2.016334696496347445e-01	1.172805963133539409e-01	-7.332204068148739928e-02	3.478970998698578676e-02	-7.898838963943191627e-02	1.045171983203403709e-01	-8.746270347980066029e-02	8.292472563789705930e-02	-3.523347778433717770e-02	8.329150996025255771e-02	-5.592700875941668259e-02	6.119082234428018657e-02	-2.476433985876947894e-02	2.587209009754333142e-02
1.922057707514942398e-02	-1.836089074393529308e-02	6.305287856285657355e-02	-8.566361416500137271e-02	8.493761921129629189e-02	-6.420351451584378755e-02	1.493764879688561920e-01	-5.990548152219772604e-02	1.176076784371753448e-01	-9.857167565951631405e-02	6.686360940696875477e-02	-1.693522611399713718e-01	2.253325288884553135e-01	-1.534290716786910480e-01	1.488408850673595407e-01	-2.674613888438290288e-01	1.000000000000001332e+00	-4.989448797459197782e-01	2.219086457559352188e-01	-1.388706014382923848e-01	2.062928474469215012e-01	-6.416737749303054184e-01	2.903374926235041120e-01	-2.332038182236015889e-01	1.512027726100279024e-01	-2.414627264132601925e-01	2.163529094457196655e-01	-2.095988273382966560e-01	1.255437986004534767e-01	-5.686521416730094119e-02	1.088044861798527219e-01	-1.643169418021557526e-01	1.363782929376716746e-01	-1.454952887939722495e-01	5.647193903403744525e-02	-1.262364839941125527e-01	8.407235173614101276e-02	-9.662289099437532114e-02	4.114760981981611943e-02	-4.350606221145165986e-02
-2.041197529993695609e-02	1.937663391892320910e-02	-7.502714270683427666e-02	1.116013746201828805e-01	-1.121875864795585098e-01	5.625598392751063326e-02	-1.540044020101220545e-01	7.034030496930818166e-02	-1.622393831440630263e-01	1.308688325430908128e-01	-6.016146219491884384e-02	1.464835840904833708e-01	-3.733191158177679436e-01	2.194841017621263768e-01	-2.067084525181784038e-01	1.502024433003040504e-01	-4.989448797459197782e-01	9.999999999999990008e-01	-4.754068101804330704e-01	1.794512091987620628e-01	-1.394299425511261736e-01	2.821087391032057190e-01	-4.663257972838129595e-01	2.947367062739559840e-01	-2.007541804288817955e-01	1.609974694399350370e-01	-1.582436269860448830e-01	2.235893792128218205e-01	-1.463485381685550035e-01	6.685988126526407060e-02	-1.025625438668470862e-01	1.594589990965066817e-01	-1.458172165653496832e-01	1.591732521964726033e-01	-6.717844765512184790e-02	1.195891737786351078e-01	-8.465924481847622585e-02	9.701125590624178063e-02	-4.649188668482009956e-02	4.863331329185072160e-02
1.653280219765039874e-02	-1.576021473919012386e-02	6.794684499344202933e-02	-1.243641638647981218e-01	1.182047034904207816e-01	-4.536297858727451893e-02	1.176389178429030763e-01	-6.510454372228796638e-02	1.765481121149438670e-01	-1.488477274305180509e-01	4.779316327629888617e-02	-1.138349405461477754e-01	2.664805540755224578e-01	-3.393138902428285419e-01	2.252356138122985074e-01	-1.187688849082311621e-01	2.219086457559352188e-01	-4.754068101804330704e-01	9.999999999999980016e-01	-2.643506698023219137e-01	1.048429770999690092e-01	-2.104804695194694153e-01	2.791608546275852198e-01	-6.434438818201303478e-01	2.339138811551276786e-01	-1.374397318590846462e-01	1.255490223494235280e-01	-2.170451878237971977e-01	1.645715749213480794e-01	-7.512015384620347735e-02	9.590451790099283058e-02	-1.556793858206289016e-01	1.344277081972252152e-01	-1.859842785302538715e-01	7.351338663587286826e-02	-1.167056936659619931e-01	8.056188403000581755e-02	-9.471662020604425247e-02	5.114219983916172552e-02	-5.414713561645864703e-02
-1.498290510305540571e-02	1.423587698733400943e-02	-6.707010457460951813e-02	1.314355942989102743e-01	-1.396862542769982674e-01	3.800903038503278264e-02	-1.042684772653285630e-01	6.293543648538313384e-02	-1.815342358050766325e-01	1.763231401471190285e-01	-4.044057055583277771e-02	9.510094685632490552e-02	-2.371823996553997504e-01	2.145929626838185278e-01	-3.945898018031420151e-01	8.375683130977397417e-02	-1.388706014382923848e-01	1.794512091987620628e-01	-2.643506698023219137e-01	9.999999999999981126e-01	-7.482222274291010222e-02	1.295153823045924191e-01	-1.672299208998326570e-01	2.306879492505591600e-01	-7.754343340711576937e-01	9.988298665362187190e-02	-9.053217426298920678e-02	1.604604237450240889e-01	-1.215158713942686985e-01	1.024066279315693634e-01	-7.768567969591201605e-02	1.256430983777027111e-01	-1.041110200905958766e-01	1.428397713897819055e-01	-1.041770521562316032e-01	9.727495184511963933e-02	-6.551277297097554686e-02	7.763575750377102458e-02	-5.023171713757518947e-02	5.204081169339776214e-02
1.129501391223469188e-02	-1.076231065815270484e-02	3.717482560320411328e-02	-4.844464574347848163e-02	4.971433593460382327e-02	-8.160848209640719775e-02	8.325671701796677482e-02	-3.456734452574373312e-02	6.759926473547013537e-02	-5.568123261032782711e-02	8.212102144357164013e-02	-7.828827296910580158e-02	1.259057334318705867e-01	-8.081963229229212342e-02	8.645868395455448552e-02	-8.761438819974706194e-01	2.062928474469215012e-01	-1.394299425511261736e-01	1.048429770999690092e-01	-7.482222274291010222e-02	1.000000000000000888e+00	-2.564977917269004593e-01	1.441855759742762533e-01	-1.094531851306942971e-01	8.704633699936893676e-02	-2.761305212890183269e-01	1.955027103351168472e-01	-1.151684143395792365e-01	6.925101036011588329e-02	-3.211666006448008620e-02	7.897350226098338866e-02	-1.044832427325096957e-01	8.414728188494847994e-02	-7.972213160553845435e-02	3.228341441294625691e-02	-8.493817497230905789e-02	5.441379976320099426e-02	-6.021347200447750569e-02	2.323553770086688938e-02	-2.440902653072326775e-02
-1.785641437235501935e-02	1.691262892144750410e-02	-6.079658393867921201e-02	8.188164698768930772e-02	-8.417555526713391134e-02	5.650202528762229837e-02	-1.358188189525990353e-01	5.619422918814394319e-02	-1.162893201344180893e-01	9.494105333364087629e-02	-6.042897385225840662e-02	1.265323178459467346e-01	-2.221244753273886319e-01	1.422936826832922053e-01	-1.493647358285846993e-01	2.152064082218511365e-01	-6.416737749303054184e-01	2.821087391032057190e-01	-2.104804695194694153e-01	1.295153823045924191e-01	-2.564977917269004593e-01	9.999999999999978906e-01	-4.439121945264628555e-01	2.110452210494700720e-01	-1.530395506862555211e-01	2.496188989879828124e-01	-3.603503380499660791e-01	2.036508969081534948e-01	-1.230309162661200467e-01	5.487936944653723503e-02	-1.095795080723061116e-01	1.587633098619311567e-01	-1.414564604773855816e-01	1.330739545578287775e-01	-5.538215492546048890e-02	1.185660080118940973e-01	-8.303406317839295836e-02	9.196198172446498620e-02	-3.887432752291794524e-02	4.051867615365936648e-02
1.705051210241640552e-02	-1.619227722732912572e-02	6.366863119066619447e-02	-9.591066100757063284e-02	9.697456048930100381e-02	-4.968814156399982418e-02	1.221043580755163671e-01	-5.944410219225670228e-02	1.344810702338079811e-01	-1.119666554800816949e-01	5.255058231419285075e-02	-1.150996315352971200e-01	2.418051262465931162e-01	-1.732359426996782914e-01	1.737607387854272489e-01	-1.566835298697251411e-01	2.903374926235041120e-01	-4.663257972838129595e-01	2.791608546275852198e-01	-1.672299208998326570e-01	1.441855759742762533e-01	-4.439121945264628555e-01	9.999999999999974465e-01	-4.438655282737308805e-01	1.916341729859739051e-01	-1.915146474618853734e-01	1.841350983141051001e-01	-4.294432602747426109e-01	1.912137830415187312e-01	-7.734940854872904281e-02	1.243454131831895904e-01	-2.119108045127487128e-01	1.984172591626250093e-01	-2.061528135904273640e-01	7.618748105301191564e-02	-1.449203312181616687e-01	1.061155074679147325e-01	-1.245205295825807523e-01	5.512490576311013246e-02	-5.788694496163950681e-02
-1.781384338524608438e-02	1.688777987656010435e-02	-7.141654593396284945e-02	1.173597431406667585e-01	-1.205356459291380966e-01	4.704472870779941723e-02	-1.270673052231487410e-01	6.642975023518180033e-02	-1.742929862364810401e-01	1.406211147870439215e-01	-5.033329165651163201e-02	1.157567411752148528e-01	-2.774868987751916150e-01	2.258806955457972054e-01	-2.310870623120236111e-01	1.166017626093739240e-01	-2.332038182236015889e-01	2.947367062739559840e-01	-6.434438818201303478e-01	2.306879492505591600e-01	-1.094531851306942971e-01	2.110452210494700720e-01	-4.438655282737308805e-01	9.999999999999976685e-01	-3.239699311741304211e-01	1.361630541768203695e-01	-1.329062825392768876e-01	2.339858411728251153e-01	-2.389167915899854666e-01	9.050543925732548733e-02	-9.973328908222489630e-02	1.580930918079501701e-01	-1.501973320531621581e-01	2.039438587293897764e-01	-9.085717619887349883e-02	1.167326639411865458e-01	-8.481581870091244035e-02	9.720881204457379465e-02	-5.855323837496563544e-02	6.026490243075968700e-02
1.459778865465962555e-02	-1.392018040680203551e-02	6.343664840203433464e-02	-1.260365949153258169e-01	1.206640806295753293e-01	-3.938001555006170190e-02	9.962881314189420134e-02	-6.072602842276351998e-02	1.574578285022720237e-01	-1.618091464840458460e-01	4.134145117682087867e-02	-9.347287574440060753e-02	2.107231471247850985e-01	-2.012538643745644951e-01	2.466374833374543885e-01	-9.955606303782907340e-02	1.512027726100279024e-01	-2.007541804288817955e-01	2.339138811551276786e-01	-7.754343340711576937e-01	8.704633699936893676e-02	-1.530395506862555211e-01	1.916341729859739051e-01	-3.239699311741304211e-01	9.999999999999976685e-01	-1.232525929991149238e-01	1.086521251362465024e-01	-2.109472607360123320e-01	1.546703799804774460e-01	-1.471362090456738991e-01	9.955170495981584267e-02	-1.655755773988685786e-01	1.327529180331393777e-01	-1.930111971924429737e-01	1.248842332095737168e-01	-1.278587434852521409e-01	8.450520187476115441e-02	-1.018273359110830889e-01	6.397358883870918334e-02	-6.831287188579196479e-02
-1.401400033117062606e-02	1.323743347671681517e-02	-4.967680779132439134e-02	6.604768593163920509e-02	-6.993001685165954606e-02	4.740714514884335207e-02	-1.009083685147670745e-01	4.514707528291155708e-02	-9.454495010444963210e-02	7.648660048311915760e-02	-5.073371180506046352e-02	8.929275964059076032e-02	-1.757330092937322286e-01	1.083920142524064378e-01	-1.226126864548840040e-01	2.025312243368121989e-01	-2.414627264132601925e-01	1.609974694399350370e-01	-1.374397318590846462e-01	9.988298665362187190e-02	-2.761305212890183269e-01	2.496188989879828124e-01	-1.915146474618853734e-01	1.361630541768203695e-01	-1.232525929991149238e-01	1.000000000000000666e+00	-8.196961831320308534e-01	1.576387882299375987e-01	-9.562663517893203735e-02	4.403141587676806523e-02	-1.834931896665082385e-01	1.790140234250049422e-01	-1.419976843325885529e-01	1.040656069295639585e-01	-4.497249923008410366e-02	1.511723634712887343e-01	-9.426035970949708798e-02	9.579141623267137251e-02	-3.138134654197775181e-02	3.246370970400345307e-02
1.207686833096097145e-02	-1.144024423513822532e-02	4.280817806220117011e-02	-5.815196409345606970e-02	6.067404689144911129e-02	-4.352186891731966295e-02	8.680118975705793105e-02	-3.929866044371895656e-02	8.215092664897830077e-02	-6.722829488696224765e-02	4.555438390634938828e-02	-7.943488248306841693e-02	1.505425060372893309e-01	-9.637691498465192352e-02	1.061834483770581622e-01	-2.016334696496347445e-01	2.163529094457196655e-01	-1.582436269860448830e-01	1.255490223494235280e-01	-9.053217426298920678e-02	1.955027103351168472e-01	-3.603503380499660791e-01	1.841350983141051001e-01	-1.329062825392768876e-01	1.086521251362465024e-01	-8.196961831320308534e-01	9.999999999999997780e-01	-1.712842350001229086e-01	9.427213557188145188e-02	-4.182145525664859170e-02	1.493850739824775786e-01	-2.132843135499092879e-01	1.429246309913010937e-01	-1.050930459421444418e-01	4.221790043520823321e-02	-1.492011898986251861e-01	9.241925916004917196e-02	-9.740998803957498509e-02	3.036478768364886394e-02	-3.165806841331213206e-02
-1.907562008698316519e-02	1.797071526383632947e-02	-7.302723657759417619e-02	1.023378510407434022e-01	-1.106769644933702779e-01	4.868381233770504440e-02	-1.330160385906147269e-01	6.568447618687148215e-02	-1.492581157377450007e-01	1.197909085406465707e-01	-5.284895100681295810e-02	1.143846051894127219e-01	-2.702099154248381319e-01	1.670696039426581014e-01	-1.971900892534954597e-01	1.172805963133539409e-01	-2.095988273382966560e-01	2.235893792128218205e-01	-2.170451878237971977e-01	1.604604237450240889e-01	-1.151684143395792365e-01	2.036508969081534948e-01	-4.294432602747426109e-01	2.339858411728251153e-01	-2.109472607360123320e-01	1.576387882299375987e-01	-1.712842350001229086e-01	9.999999999999992228e-01	-3.864735473409270927e-01	1.037661145622618269e-01	-1.644916722274148424e-01	2.710963122624625021e-01	-5.281191519739264484e-01	2.592185578593819706e-01	-1.067944183202423902e-01	1.664086725123118393e-01	-1.590429962685629695e-01	1.706965236261622776e-01	-7.265692333772975908e-02	7.265475010724471716e-02
1.170026079952042955e-02	-1.104867555992558939e-02	4.562945660644108364e-02	-6.763880807522888727e-02	7.151937663728685779e-02	-3.014788291414623872e-02	8.104263147334928030e-02	-4.152198079957715449e-02	9.693406365709913985e-02	-7.959234554539126871e-02	3.248137873292615552e-02	-7.102124084939126503e-02	1.657442501584263650e-01	-1.131612829019283950e-01	1.286523166143951624e-01	-7.332204068148739928e-02	1.255437986004534767e-01	-1.463485381685550035e-01	1.645715749213480794e-01	-1.215158713942686985e-01	6.925101036011588329e-02	-1.230309162661200467e-01	1.912137830415187312e-01	-2.389167915899854666e-01	1.546703799804774460e-01	-9.562663517893203735e-02	9.427213557188145188e-02	-3.864735473409270927e-01	1.000000000000001110e+00	-2.011295179705982761e-01	9.053367775934198503e-02	-1.571527858499909280e-01	1.786472928855535047e-01	-7.915407865022932032e-01	1.657726126056442983e-01	-1.012631249937009231e-01	8.383623719505368943e-02	-9.615178473142174664e-02	1.221839199889443450e-01	-1.275955972070579314e-01
-5.684989623781097623e-03	5.379022943302936427e-03	-2.287633905660774528e-02	3.669187819949926849e-02	-3.788129308028798103e-02	1.461422245498140808e-02	-3.898345213277664562e-02	2.104320101068414203e-02	-5.038551823801344642e-02	4.424969971016474296e-02	-1.565930617964775284e-02	3.449292928961805033e-02	-8.039390713894191409e-02	5.890305535252220170e-02	-7.058163326572049201e-02	3.478970998698578676e-02	-5.686521416730094119e-02	6.685988126526407060e-02	-7.512015384620347735e-02	1.024066279315693634e-01	-3.211666006448008620e-02	5.487936944653723503e-02	-7.734940854872904281e-02	9.050543925732548733e-02	-1.471362090456738991e-01	4.403141587676806523e-02	-4.182145525664859170e-02	1.037661145622618269e-01	-2.011295179705982761e-01	9.999999999999992228e-01	-3.968945674884803709e-02	6.510914331475951833e-02	-6.553081066344675076e-02	1.688522433082800811e-01	-9.325315176620229130e-01	4.644140691989795400e-02	-3.553055205645411913e-02	4.078561603831885873e-02	-1.371568459318560640e-01	1.306232675511707630e-01
9.930093240773565227e-03	-9.358059011035268354e-03	3.751140372128539124e-02	-5.140770115520638950e-02	5.561382702913444942e-02	-2.716415015028208341e-02	6.871734769662754538e-02	-3.371325791476671024e-02	7.412723306859618499e-02	-5.975255868283208677e-02	2.926413529690686730e-02	-5.920127811968575043e-02	1.332590062654474272e-01	-8.172699754596056410e-02	9.732272991237071735e-02	-7.898838963943191627e-02	1.088044861798527219e-01	-1.025625438668470862e-01	9.590451790099283058e-02	-7.768567969591201605e-02	7.897350226098338866e-02	-1.095795080723061116e-01	1.243454131831895904e-01	-9.973328908222489630e-02	9.955170495981584267e-02	-1.834931896665082385e-01	1.493850739824775786e-01	-1.644916722274148424e-01	9.053367775934198503e-02	-3.968945674884803709e-02	1.000000000000001110e+00	-4.078835703440498173e-01	2.087328171103291774e-01	-9.965858969677489354e-02	4.060194927625906253e-02	-8.153782809941055865e-01	2.050909382037105488e-01	-2.053261337378102791e-01	2.938835982097158517e-02	-3.026391157232962564e-02
-1.608381423595746026e-02	1.513693841224051338e-02	-6.134544576926440757e-02	8.387611345199631752e-02	-9.166576654250292722e-02	4.149305590878859390e-02	-1.111737037546883522e-01	5.484308797419364806e-02	-1.222651800684951828e-01	9.779737075761187060e-02	-4.507648963193728459e-02	9.452512104928309511e-02	-2.211303654944682118e-01	1.332169490822363578e-01	-1.613515582000750737e-01	1.045171983203403709e-01	-1.643169418021557526e-01	1.594589990965066817e-01	-1.556793858206289016e-01	1.256430983777027111e-01	-1.044832427325096957e-01	1.587633098619311567e-01	-2.119108045127487128e-01	1.580930918079501701e-01	-1.655755773988685786e-01	1.790140234250049422e-01	-2.132843135499092879e-01	2.710963122624625021e-01	-1.571527858499909280e-01	6.510914331475951833e-02	-4.078835703440498173e-01	1.000000000000000222e+00	-6.295998152441550921e-01	1.556926738246415254e-01	-6.770287983827577571e-02	2.694972698980961923e-01	-3.051887504211406865e-01	2.446526717663295991e-01	-4.735482831615914906e-02	4.779879145396236095e-02
1.237616851286924002e-02	-1.167115649784026057e-02	4.718243035469452812e-02	-6.620957752056691459e-02	7.109296474030357693e-02	-3.286046830546659331e-02	8.582804609614480551e-02	-4.258380249203014278e-02	9.538561253064130330e-02	-7.721250332325067800e-02	3.542038983004181657e-02	-7.448824904139943193e-02	1.704704500010884027e-01	-1.072809804744909168e-01	1.254671921555700065e-01	-8.746270347980066029e-02	1.363782929376716746e-01	-1.458172165653496832e-01	1.344277081972252152e-01	-1.041110200905958766e-01	8.414728188494847994e-02	-1.414564604773855816e-01	1.984172591626250093e-01	-1.501973320531621581e-01	1.327529180331393777e-01	-1.419976843325885529e-01	1.429246309913010937e-01	-5.281191519739264484e-01	1.786472928855535047e-01	-6.553081066344675076e-02	2.087328171103291774e-01	-6.295998152441550921e-01	1.000000000000000888e+00	-1.945281304245749243e-01	6.577248213057916570e-02	-2.282118999988094477e-01	2.303217837219440345e-01	-3.250692864110851232e-01	4.918918532667843763e-02	-5.052665581440025228e-02
-1.514665819275102208e-02	1.426949966451862735e-02	-5.921475530613923982e-02	8.513579526111039741e-02	-9.218056064733466670e-02	3.748398820793640007e-02	-1.044536077980639938e-01	5.326652081091595714e-02	-1.240213744778634608e-01	1.001517661765021772e-01	-4.072230847683571547e-02	8.943556077626547973e-02	-2.151090594063873318e-01	1.381151705400591456e-01	-1.655020143743212435e-01	8.292472563789705930e-02	-1.454952887939722495e-01	1.591732521964726033e-01	-1.859842785302538715e-01	1.428397713897819055e-01	-7.972213160553845435e-02	1.330739545578287775e-01	-2.061528135904273640e-01	2.039438587293897764e-01	-1.930111971924429737e-01	1.040656069295639585e-01	-1.050930459421444418e-01	2.592185578593819706e-01	-7.915407865022932032e-01	1.688522433082800811e-01	-9.965858969677489354e-02	1.556926738246415254e-01	-1.945281304245749243e-01	1.000000000000001110e+00	-1.907720742254384039e-01	1.073685704173506505e-01	-9.113569952167435706e-02	9.929167574763873849e-02	-1.836483438835402326e-01	1.487895312867408004e-01
5.567016994111742730e-03	-5.271720684979893691e-03	2.241590770532096016e-02	-3.636658784711580689e-02	3.717032744584402443e-02	-1.447025314851559108e-02	3.809993570809339092e-02	-2.070136686560753933e-02	4.937231313767950769e-02	-4.384810101877282401e-02	1.546062168687788695e-02	-3.392397379243371897e-02	7.816753598126056912e-02	-5.827082296302988490e-02	6.879697873836450317e-02	-3.523347778433717770e-02	5.647193903403744525e-02	-6.717844765512184790e-02	7.351338663587286826e-02	-1.041770521562316032e-01	3.228341441294625691e-02	-5.538215492546048890e-02	7.618748105301191564e-02	-9.085717619887349883e-02	1.248842332095737168e-01	-4.497249923008410366e-02	4.221790043520823321e-02	-1.067944183202423902e-01	1.657726126056442983e-01	-9.325315176620229130e-01	4.060194927625906253e-02	-6.770287983827577571e-02	6.577248213057916570e-02	-1.907720742254384039e-01	1.000000000000000888e+00	-4.818109201666428976e-02	3.632470366708043935e-02	-4.217961289457114460e-02	1.345106543854785452e-01	-1.647761617202948004e-01
-1.281305676722071900e-02	1.205395815594507807e-02	-4.880696662745647590e-02	6.610608000122443484e-02	-7.248866879032549171e-02	3.302395953264507245e-02	-8.818752837352766827e-02	4.353628199779031177e-02	-9.624288403326922148e-02	7.692497789287465471e-02	-3.590896456201358999e-02	7.462635751513330140e-02	-1.738440794867009698e-01	1.038727384094881440e-01	-1.268240122851697627e-01	8.329150996025255771e-02	-1.262364839941125527e-01	1.195891737786351078e-01	-1.167056936659619931e-01	9.727495184511963933e-02	-8.493817497230905789e-02	1.185660080118940973e-01	-1.449203312181616687e-01	1.167326639411865458e-01	-1.278587434852521409e-01	1.511723634712887343e-01	-1.492011898986251861e-01	1.664086725123118393e-01	-1.012631249937009231e-01	4.644140691989795400e-02	-8.153782809941055865e-01	2.694972698980961923e-01	-2.282118999988094477e-01	1.073685704173506505e-01	-4.818109201666428976e-02	1.000000000000000444e+00	-2.990996560281236061e-01	2.100018123862163189e-01	-3.354751670341220293e-02	3.416959281103212898e-02
8.181764477653454340e-03	-7.707039327218416155e-03	3.120619685741337149e-02	-4.306864537286689276e-02	4.670223017540044153e-02	-2.145044294024136405e-02	5.642422530672856762e-02	-2.800637428338889276e-02	6.225018333045102131e-02	-5.014924751181029650e-02	2.319728806978592697e-02	-4.836715931993311457e-02	1.115270146555190078e-01	-6.847250796254544802e-02	8.192318271255408235e-02	-5.592700875941668259e-02	8.407235173614101276e-02	-8.465924481847622585e-02	8.056188403000581755e-02	-6.551277297097554686e-02	5.441379976320099426e-02	-8.303406317839295836e-02	1.061155074679147325e-01	-8.481581870091244035e-02	8.450520187476115441e-02	-9.426035970949708798e-02	9.241925916004917196e-02	-1.590429962685629695e-01	8.383623719505368943e-02	-3.553055205645411913e-02	2.050909382037105488e-01	-3.051887504211406865e-01	2.303217837219440345e-01	-9.113569952167435706e-02	3.632470366708043935e-02	-2.990996560281236061e-01	1.000000000000000888e+00	-8.529619983044114395e-01	2.731477544174828326e-02	-2.799819200751091364e-02
-9.865198490390232264e-03	9.284370902222838229e-03	-3.775946487136705443e-02	5.175995459190341208e-02	-5.654805619207067813e-02	2.515331710011463676e-02	-6.792589006077912051e-02	3.375469028884157952e-02	-7.528070843510359378e-02	6.031930030068687054e-02	-2.733014270813875768e-02	5.769933393887252682e-02	-1.354355901740558199e-01	8.189676412461412147e-02	-9.929544940371437534e-02	6.119082234428018657e-02	-9.662289099437532114e-02	9.701125590624178063e-02	-9.471662020604425247e-02	7.763575750377102458e-02	-6.021347200447750569e-02	9.196198172446498620e-02	-1.245205295825807523e-01	9.720881204457379465e-02	-1.018273359110830889e-01	9.579141623267137251e-02	-9.740998803957498509e-02	1.706965236261622776e-01	-9.615178473142174664e-02	4.078561603831885873e-02	-2.053261337378102791e-01	2.446526717663295991e-01	-3.250692864110851232e-01	9.929167574763873849e-02	-4.217961289457114460e-02	2.100018123862163189e-01	-8.529619983044114395e-01	1.000000000000000666e+00	-3.103325286148495010e-02	3.137732931559672478e-02
4.296100804998288260e-03	-4.053844184200188980e-03	1.692850720433358019e-02	-2.519104567424165775e-02	2.676069826787611308e-02	-1.080962454301677943e-02	2.945098297080437494e-02	-1.534947548193585018e-02	3.572904776253286313e-02	-2.979333174061069359e-02	1.167185304824089331e-02	-2.551608155546124246e-02	6.023165913829255785e-02	-4.037768599300829014e-02	4.819126957034896436e-02	-2.476433985876947894e-02	4.114760981981611943e-02	-4.649188668482009956e-02	5.114219983916172552e-02	-5.023171713757518947e-02	2.323553770086688938e-02	-3.887432752291794524e-02	5.512490576311013246e-02	-5.855323837496563544e-02	6.397358883870918334e-02	-3.138134654197775181e-02	3.036478768364886394e-02	-7.265692333772975908e-02	1.221839199889443450e-01	-1.371568459318560640e-01	2.938835982097158517e-02	-4.735482831615914906e-02	4.918918532667843763e-02	-1.836483438835402326e-01	1.345106543854785452e-01	-3.354751670341220293e-02	2.731477544174828326e-02	-3.103325286148495010e-02	1.000000000000000666e+00	-9.540499845176750870e-01
