1.000000000000000000e+00	-5.174197419626538341e-01	1.465286374504000400e-01	-1.550817776725914587e-01	1.659121671954754129e-01	-7.273105431447278724e-01	1.692903837610540141e-01	-1.505923770839532883e-01	1.720787339843378727e-01	-1.004397285005314971e-01	2.322478484010598032e-01	-1.497079837828239057e-01	1.320272786962274902e-01	-1.005097145638611106e-01	9.523382706971697531e-02	-2.152539191610992608e-01	1.464975444533141991e-01	-1.490625809807864244e-01	8.911994567181168170e-02	-9.628001581907447148e-02	8.072926645177522231e-02	-9.668647353994137827e-02	6.065833142371768877e-02	-6.149450301652275436e-02	8.466901148850641823e-02	-7.900110288153040783e-02	6.687807597067728371e-02	-6.903859514559869404e-02	6.132082281454492162e-02	-4.444929818377994779e-02	5.461495996888726667e-02	-4.831180357768727340e-02	5.385534456777300860e-02	-3.695633343095933859e-02	4.055540358825780040e-02	-5.087212307538920009e-02	4.983477278663302201e-02	-5.282615053023421298e-02	3.488077252303214970e-02	-3.563835173435046799e-02
-5.174197419626538341e-01	9.999999999999998890e-01	-3.675991002927713747e-01	2.561598829861870819e-01	-3.585084923053990513e-01	2.800896887898450260e-01	-2.243468019008570402e-01	2.067256335376849441e-01	-3.579530313883660941e-01	1.999636095347728793e-01	-2.515939760790431023e-01	1.833775233480665068e-01	-1.950948383369948691e-01	1.554622273938073562e-01	-1.594830076290342513e-01	1.993426818470420692e-01	-1.982192725072511597e-01	1.929066465253306550e-01	-1.349741388786681318e-01	1.445050121856495395e-01	-1.169877911458412911e-01	1.362385611794110774e-01	-9.725979747526863894e-02	9.725328881564304639e-02	-1.501982807640775686e-01	1.194593750190799525e-01	-1.074884729923311077e-01	1.134174204464740848e-01	-1.061910881006544322e-01	7.697069539323043996e-02	-8.840638553863987281e-02	7.813791303613784600e-02	-8.972795086237099482e-02	6.295469614930125635e-02	-7.045365524031296789e-02	8.216639868557647219e-02	-8.192349405745337487e-02	8.723964897280173103e-02	-5.972602693607590579e-02	6.118445187153366549e-02
1.465286374504000400e-01	-3.675991002927713747e-01	1.000000000000000000e+00	-8.595640737069689674e-01	1.711894393463300745e-01	-1.271599793719569160e-01	1.379084612160816625e-01	-1.941476626810931527e-01	1.797091199130941286e-01	-1.080274818330989317e-01	1.069698813384569874e-01	-1.128284335791688298e-01	1.303604857170244380e-01	-8.980141650642313456e-02	8.637279031480583902e-02	-9.966685885782257392e-02	1.031231990012872329e-01	-1.113503490652328204e-01	7.385058552279780142e-02	-8.013993292738179341e-02	5.741475656402066780e-02	-6.923829245674374688e-02	4.894130614675531316e-02	-4.972440311252002143e-02	6.909007214590918988e-02	-5.908754609763627874e-02	5.167191143806358633e-02	-5.536586824853183958e-02	4.975678226508083862e-02	-3.614181521188485069e-02	4.234554647328270943e-02	-3.773599983834832750e-02	4.290048751061509291e-02	-2.984888475723158560e-02	3.292073817354196352e-02	-3.988286574595906187e-02	3.916507026896945409e-02	-4.213977937406000046e-02	2.815245902502223202e-02	-2.892098482377717522e-02
-1.550817776725914587e-01	2.561598829861870819e-01	-8.595640737069689674e-01	9.999999999999998890e-01	-2.391568923295422089e-01	1.273755588392657956e-01	-1.508654264360701769e-01	1.723141286828071272e-01	-2.450916823890075535e-01	1.391101992525122233e-01	-1.210948456546141611e-01	1.209096550895140260e-01	-1.439299709694123464e-01	1.033850667165329557e-01	-1.036785619919056989e-01	1.087666049227494630e-01	-1.172439614448908957e-01	1.229291118538490685e-01	-8.564932383117647430e-02	9.277280725745787326e-02	-6.704322468456028195e-02	7.999059346566345097e-02	-5.801623506781737605e-02	5.860632665244712436e-02	-8.445753695020985496e-02	6.955938735982813981e-02	-6.164625457961894067e-02	6.618140745654671475e-02	-6.039370286515754332e-02	4.385281152583779540e-02	-5.062248805182486405e-02	4.505616956472204004e-02	-5.156397734875413363e-02	3.606286028199418708e-02	-3.999815580639099616e-02	4.758896023758215493e-02	-4.695908762361618305e-02	5.050294857125139231e-02	-3.407331721706800126e-02	3.500601594219818896e-02
1.659121671954754129e-01	-3.585084923053990513e-01	1.711894393463300745e-01	-2.391568923295422089e-01	9.999999999999998890e-01	-1.953671593640609327e-01	1.670911773265978950e-01	-2.067816300077709724e-01	3.281741354508853070e-01	-6.789816140368707398e-01	1.584449129596835482e-01	-1.733108921527760637e-01	1.759142311032494133e-01	-2.122556140284488635e-01	2.002570019294188652e-01	-1.834797077130306264e-01	1.703354707950559266e-01	-2.203080850221657283e-01	1.542063116574455828e-01	-1.959956763570557259e-01	1.055941366739236026e-01	-1.356112181457804211e-01	9.664294851935051334e-02	-1.030432588794869680e-01	1.214398482816481384e-01	-1.209848304791114604e-01	9.751116107248337939e-02	-1.130496428652654067e-01	9.095239563975016095e-02	-6.699760520482478388e-02	8.097308317796722554e-02	-7.401633567403663461e-02	8.281928251022670218e-02	-5.724868143955132160e-02	6.089224659134061246e-02	-8.104903543306715696e-02	7.519209018394179544e-02	-8.509846262792038207e-02	5.312123378835957588e-02	-5.541843485146130677e-02
-7.273105431447278724e-01	2.800896887898450260e-01	-1.271599793719569160e-01	1.273755588392657956e-01	-1.953671593640609327e-01	9.999999999999997780e-01	-2.419479552712328341e-01	1.675713670275091327e-01	-2.036045939488178025e-01	1.160185585990315266e-01	-4.185419174903827200e-01	1.736468655681407680e-01	-1.544843670999361540e-01	1.115055030328832020e-01	-1.083081902311441580e-01	2.347600251192600018e-01	-1.763798724009743302e-01	1.611292480111618519e-01	-9.988609987381494304e-02	1.053201915796341814e-01	-9.294258980186093089e-02	1.076710284568084403e-01	-6.837829079634603902e-02	6.856921838211008091e-02	-9.683112107604288643e-02	8.753227462562412908e-02	-7.590709343238154216e-02	7.722046741764597433e-02	-6.978485123812687430e-02	5.047069430442766708e-02	-6.180892446483943203e-02	5.436855768821787643e-02	-6.083644338110541505e-02	4.176378967847441115e-02	-4.606763936472212106e-02	5.690937830686988719e-02	-5.635739467566281552e-02	5.921963460340746999e-02	-3.951603907153716094e-02	4.027902693918128385e-02
1.692903837610540141e-01	-2.243468019008570402e-01	1.379084612160816625e-01	-1.508654264360701769e-01	1.670911773265978950e-01	-2.419479552712328341e-01	1.000000000000000222e+00	-5.900964738710393620e-01	2.042352912928129538e-01	-1.252020832021361607e-01	1.787432256581347467e-01	-6.091343556180396357e-01	3.116987358712295930e-01	-1.629695447235283146e-01	1.398263027587260121e-01	-1.852790840917930004e-01	2.299248146684471916e-01	-2.426042524014861423e-01	1.331734990808564334e-01	-1.394388971161498181e-01	9.708007787098461849e-02	-1.238086636958185410e-01	7.810285825519053260e-02	-8.014085701098873360e-02	9.516838006614354584e-02	-9.231779160104520987e-02	7.878116667950146867e-02	-8.180874818544199567e-02	7.049487796827141883e-02	-5.105412566633656113e-02	6.326058576713571024e-02	-5.646047671856433553e-02	6.258417680755072598e-02	-4.251880679357151332e-02	4.603779330188489949e-02	-5.892913870676802501e-02	5.774682172543502134e-02	-6.132843311446702084e-02	3.991383835942205471e-02	-4.081054052882220062e-02
-1.505923770839532883e-01	2.067256335376849441e-01	-1.941476626810931527e-01	1.723141286828071272e-01	-2.067816300077709724e-01	1.675713670275091327e-01	-5.900964738710393620e-01	1.000000000000000888e+00	-3.133034569135418335e-01	1.583446725318502502e-01	-1.618779098488153656e-01	3.105134836964544842e-01	-5.736221036970190479e-01	1.850053538017633892e-01	-1.693957025119348925e-01	1.587647272761578410e-01	-2.169028947772728699e-01	2.312829417339423987e-01	-1.464420863462462807e-01	1.462365893569642361e-01	-9.502412954857376859e-02	1.160538009009688953e-01	-8.232697992152339383e-02	8.340905602604173352e-02	-1.001011087370578118e-01	9.111261307331725012e-02	-7.980155357708576536e-02	8.410311792823323140e-02	-7.380268527945559043e-02	5.337354512366136033e-02	-6.416330284078128332e-02	5.727957563933477186e-02	-6.444057350978549259e-02	4.411776385278077389e-02	-4.803551480758162795e-02	5.976784459041932507e-02	-5.897048010865785228e-02	6.285274842899046810e-02	-4.144935300420389546e-02	4.244902772248632800e-02
1.720787339843378727e-01	-3.579530313883660941e-01	1.797091199130941286e-01	-2.450916823890075535e-01	3.281741354508853070e-01	-2.036045939488178025e-01	2.042352912928129538e-01	-3.133034569135418335e-01	1.000000000000001110e+00	-6.122614456554207329e-01	1.672905410616988831e-01	-2.024422836029977080e-01	2.131272212964624158e-01	-2.325226451101898295e-01	2.075110780983490943e-01	-1.918817501385932101e-01	1.851721169669970635e-01	-2.380625251328394865e-01	1.633405824162891540e-01	-1.996830925503839393e-01	1.097256515738251892e-01	-1.406283725611283952e-01	1.000161843892903579e-01	-1.062091942450808374e-01	1.243408761487446584e-01	-1.229245592601880266e-01	9.989699843529328827e-02	-1.145331436733595804e-01	9.303411929912340506e-02	-6.836979238960048944e-02	8.257154561691647243e-02	-7.529658295164733117e-02	8.426744138300824860e-02	-5.815990920735161079e-02	6.201093613426229140e-02	-8.191781865789871109e-02	7.656448230011059231e-02	-8.601534035472134521e-02	5.403727067739437506e-02	-5.624310313244730575e-02
-1.004397285005314971e-01	1.999636095347728793e-01	-1.080274818330989317e-01	1.391101992525122233e-01	-6.789816140368707398e-01	1.160185585990315266e-01	-1.252020832021361607e-01	1.583446725318502502e-01	-6.122614456554207329e-01	1.000000000000001110e+00	-1.005350476741934951e-01	1.208879309265135094e-01	-1.362566890982129242e-01	1.767603934694070844e-01	-2.312562029877963110e-01	1.123268921207321025e-01	-1.153069662511565230e-01	1.456009080551816381e-01	-1.182156968883305015e-01	1.491431601396294437e-01	-6.733445950704955441e-02	8.531892931742886266e-02	-6.602303627951436327e-02	6.961317538182891507e-02	-7.935944856169038775e-02	7.461728370070021266e-02	-6.186904947584070252e-02	7.144214032687612459e-02	-5.919553861781744197e-02	4.342664573990288879e-02	-5.085132687424063352e-02	4.644441426938650253e-02	-5.256800670346185866e-02	3.646228850962163204e-02	-3.907229300088811003e-02	5.013594573158017265e-02	-4.737381950188328250e-02	5.312301430786048329e-02	-3.389777791783332717e-02	3.528755290473672979e-02
2.322478484010598032e-01	-2.515939760790431023e-01	1.069698813384569874e-01	-1.210948456546141611e-01	1.584449129596835482e-01	-4.185419174903827200e-01	1.787432256581347467e-01	-1.618779098488153656e-01	1.672905410616988831e-01	-1.005350476741934951e-01	1.000000000000001998e+00	-2.133937394869471482e-01	1.644186496307937506e-01	-1.264381145391372252e-01	1.143815663469399807e-01	-7.354089930395909525e-01	2.484773500466276874e-01	-2.317383422516670621e-01	1.192671716735076576e-01	-1.273575772681053986e-01	1.279127462763908485e-01	-1.516641361678496558e-01	7.898334326956044094e-02	-8.021777758123856128e-02	1.019735767184624387e-01	-1.135080827534443448e-01	9.004942739883504965e-02	-8.797696670617626002e-02	7.531471441528476973e-02	-5.443225510741307033e-02	7.278506236291634734e-02	-6.388623112374401669e-02	6.866903627151603462e-02	-4.586764568629120992e-02	4.954991284443470423e-02	-6.687425955598522154e-02	6.488908633077333787e-02	-6.737873231143688690e-02	4.321359937945437601e-02	-4.379509050741618725e-02
-1.497079837828239057e-01	1.833775233480665068e-01	-1.128284335791688298e-01	1.209096550895140260e-01	-1.733108921527760637e-01	1.736468655681407680e-01	-6.091343556180396357e-01	3.105134836964544842e-01	-2.024422836029977080e-01	1.208879309265135094e-01	-2.133937394869471482e-01	1.000000000000002887e+00	-5.116620702925391839e-01	1.771162021933311848e-01	-1.608194303269670777e-01	2.009603975912635510e-01	-4.030010255453845835e-01	2.676676476656013048e-01	-1.524387686502392536e-01	1.476433951581714032e-01	-1.153948921851663534e-01	1.414683388423225163e-01	-8.696068671485114587e-02	8.716298204685946072e-02	-1.045891588986189169e-01	1.002624772539390391e-01	-8.862825575820655610e-02	8.807017353346448252e-02	-7.735638732390272276e-02	5.569714799473356875e-02	-7.016273417917780197e-02	6.199167758699714037e-02	-6.850147012144515435e-02	4.617010476778540817e-02	-5.018514406770529374e-02	6.377521491610604887e-02	-6.367476182196638024e-02	6.618396266952990270e-02	-4.349628700605041171e-02	4.418359205655528199e-02
1.320272786962274902e-01	-1.950948383369948691e-01	1.303604857170244380e-01	-1.439299709694123464e-01	1.759142311032494133e-01	-1.544843670999361540e-01	3.116987358712295930e-01	-5.736221036970190479e-01	2.131272212964624158e-01	-1.362566890982129242e-01	1.644186496307937506e-01	-5.116620702925391839e-01	1.000000000000003331e+00	-3.023274823276261292e-01	2.003867425204416408e-01	-1.773248059926035292e-01	2.551488477787305920e-01	-3.935293933974649550e-01	1.898500433676594545e-01	-1.876036129609708336e-01	1.036463836207233008e-01	-1.312637174113347738e-01	9.469546809080103822e-02	-9.813749144544391123e-02	1.053878944159212516e-01	-9.820015268734721969e-02	8.539768913442291609e-02	-9.105909309022607034e-02	7.874407332501869028e-02	-5.693246450253670876e-02	6.806365083357887591e-02	-6.117533235934052155e-02	6.873458535682543113e-02	-4.690531409970882804e-02	5.072936008455051354e-02	-6.344008398823859640e-02	6.259934801503413970e-02	-6.687946163601538041e-02	4.391526223499397225e-02	-4.501749489004918531e-02
-1.005097145638611106e-01	1.554622273938073562e-01	-8.980141650642313456e-02	1.033850667165329557e-01	-2.122556140284488635e-01	1.115055030328832020e-01	-1.629695447235283146e-01	1.850053538017633892e-01	-2.325226451101898295e-01	1.767603934694070844e-01	-1.264381145391372252e-01	1.771162021933311848e-01	-3.023274823276261292e-01	1.000000000000002887e+00	-7.125561153628939826e-01	1.301843118360756502e-01	-1.852920116503033454e-01	2.330683969107166520e-01	-4.292967474786061333e-01	3.086191227073216137e-01	-9.279511240211692213e-02	1.129030645707843894e-01	-1.329478345883686186e-01	1.346943885208279068e-01	-1.216033494478229171e-01	9.398266462128596066e-02	-8.582281336237093661e-02	1.021934300760746067e-01	-9.201237015682776910e-02	6.597211744351018370e-02	-6.783797369157786028e-02	6.259128321386321636e-02	-7.465693530619969820e-02	5.235114132806901327e-02	-5.698750141893705462e-02	6.436776547389347347e-02	-6.446232359573612902e-02	7.118926611758048806e-02	-4.873505339320657881e-02	5.047897841866422208e-02
9.523382706971697531e-02	-1.594830076290342513e-01	8.637279031480583902e-02	-1.036785619919056989e-01	2.002570019294188652e-01	-1.083081902311441580e-01	1.398263027587260121e-01	-1.693957025119348925e-01	2.075110780983490943e-01	-2.312562029877963110e-01	1.143815663469399807e-01	-1.608194303269670777e-01	2.003867425204416408e-01	-7.125561153628939826e-01	1.000000000000004441e+00	-1.241803779800128155e-01	1.599493459182329269e-01	-2.239592066033437301e-01	2.928360176244796387e-01	-5.049533150079571486e-01	8.489980688041542933e-02	-1.063845577331258146e-01	1.138030542952460644e-01	-1.233926264125205091e-01	1.108611247388864157e-01	-8.950820941557953436e-02	7.909625593663077714e-02	-9.636878759605978229e-02	8.315175571939807664e-02	-6.116713219803640578e-02	6.300822685338793028e-02	-5.851493603129893917e-02	6.901456184135455751e-02	-4.864982854761478598e-02	5.240410061248968604e-02	-6.091937994537657136e-02	5.984124009572879682e-02	-6.720924672964087576e-02	4.498998253596936392e-02	-4.711996236445226832e-02
-2.152539191610992608e-01	1.993426818470420692e-01	-9.966685885782257392e-02	1.087666049227494630e-01	-1.834797077130306264e-01	2.347600251192600018e-01	-1.852790840917930004e-01	1.587647272761578410e-01	-1.918817501385932101e-01	1.123268921207321025e-01	-7.354089930395909525e-01	2.009603975912635510e-01	-1.773248059926035292e-01	1.301843118360756502e-01	-1.241803779800128155e-01	1.000000000000002665e+00	-4.238438691539814784e-01	2.325966320821904187e-01	-1.294619865700687156e-01	1.293668200485561248e-01	-1.736173873565121373e-01	1.744006536158788090e-01	-8.823109603534309842e-02	8.705414394099983411e-02	-1.171053154919474842e-01	1.268083968480141488e-01	-1.054089113487519658e-01	9.732190738825395593e-02	-8.581373519546459105e-02	6.167232382849904132e-02	-8.446235177078141587e-02	7.264109712099198202e-02	-7.798945282109034927e-02	5.171870011822700397e-02	-5.630319301460390974e-02	7.495399123114877826e-02	-7.448490648566197248e-02	7.527057789371491281e-02	-4.899915044019107629e-02	4.928597889110383767e-02
1.464975444533141991e-01	-1.982192725072511597e-01	1.031231990012872329e-01	-1.172439614448908957e-01	1.703354707950559266e-01	-1.763798724009743302e-01	2.299248146684471916e-01	-2.169028947772728699e-01	1.851721169669970635e-01	-1.153069662511565230e-01	2.484773500466276874e-01	-4.030010255453845835e-01	2.551488477787305920e-01	-1.852920116503033454e-01	1.599493459182329269e-01	-4.238438691539814784e-01	1.000000000000003109e+00	-5.877771316220733455e-01	1.956796668054377464e-01	-1.954060796208761941e-01	1.839600655014967667e-01	-2.953248155760575533e-01	1.138997904945170392e-01	-1.156857451437427187e-01	1.309401390313909286e-01	-1.471541021487081657e-01	1.252362965665464456e-01	-1.159981654884998797e-01	9.824964517076135995e-02	-7.060884176779569366e-02	9.652235574411140162e-02	-8.557097670952162893e-02	9.038143786560931536e-02	-5.932263185848948156e-02	6.362592666673110020e-02	-8.637124966857390174e-02	8.601301053897406068e-02	-8.736579414820770662e-02	5.585442564644084451e-02	-5.621603987545607806e-02
-1.490625809807864244e-01	1.929066465253306550e-01	-1.113503490652328204e-01	1.229291118538490685e-01	-2.203080850221657283e-01	1.611292480111618519e-01	-2.426042524014861423e-01	2.312829417339423987e-01	-2.380625251328394865e-01	1.456009080551816381e-01	-2.317383422516670621e-01	2.676676476656013048e-01	-3.935293933974649550e-01	2.330683969107166520e-01	-2.239592066033437301e-01	2.325966320821904187e-01	-5.877771316220733455e-01	1.000000000000002220e+00	-3.849449204192533780e-01	2.441674815995569237e-01	-1.622276713304974249e-01	1.909410940381837396e-01	-1.503219222357493057e-01	1.459311069017392715e-01	-1.550418200056842832e-01	1.373873428424895737e-01	-1.270147241148918971e-01	1.287812820884647602e-01	-1.158397720851253448e-01	8.259486308687784273e-02	-9.924384884333603551e-02	8.801603289471794656e-02	-9.946971014613446849e-02	6.725928105490096287e-02	-7.335114927294189568e-02	8.928029185131330925e-02	-9.093953889823165604e-02	9.430508553523758719e-02	-6.333043873106020127e-02	6.427199385451590197e-02
8.911994567181168170e-02	-1.349741388786681318e-01	7.385058552279780142e-02	-8.564932383117647430e-02	1.542063116574455828e-01	-9.988609987381494304e-02	1.331734990808564334e-01	-1.464420863462462807e-01	1.633405824162891540e-01	-1.182156968883305015e-01	1.192671716735076576e-01	-1.524387686502392536e-01	1.898500433676594545e-01	-4.292967474786061333e-01	2.928360176244796387e-01	-1.294619865700687156e-01	1.956796668054377464e-01	-3.849449204192533780e-01	1.000000000000000222e+00	-6.864631749974716701e-01	9.565626039213978582e-02	-1.199256164131469043e-01	1.797425847947589084e-01	-2.455665332867127959e-01	1.314514828714655470e-01	-9.764645200883501075e-02	9.046889002041676175e-02	-1.176925659844583749e-01	1.038746837319663024e-01	-7.462375061800528842e-02	7.009042613911507791e-02	-6.631983151644210706e-02	8.116815024967076464e-02	-5.745695500745546386e-02	6.159659807654557090e-02	-6.718464139820509717e-02	6.774212953649000335e-02	-7.651300080165519824e-02	5.277354342038407392e-02	-5.518628064112605924e-02
-9.628001581907447148e-02	1.445050121856495395e-01	-8.013993292738179341e-02	9.277280725745787326e-02	-1.959956763570557259e-01	1.053201915796341814e-01	-1.394388971161498181e-01	1.462365893569642361e-01	-1.996830925503839393e-01	1.491431601396294437e-01	-1.273575772681053986e-01	1.476433951581714032e-01	-1.876036129609708336e-01	3.086191227073216137e-01	-5.049533150079571486e-01	1.293668200485561248e-01	-1.954060796208761941e-01	2.441674815995569237e-01	-6.864631749974716701e-01	1.000000000000001110e+00	-1.011866359680074490e-01	1.216485235819356192e-01	-1.763500478229311774e-01	1.739712389752045840e-01	-1.550377416805529540e-01	1.034285945069520068e-01	-9.725273490846285396e-02	1.213012014680957679e-01	-1.127332113342506964e-01	8.200511389793900541e-02	-7.600840003789752219e-02	7.113370327110218883e-02	-8.727279198119229642e-02	6.233832298416040057e-02	-6.823409991476238334e-02	7.237017054130925886e-02	-7.337095965857463875e-02	8.214529767891279310e-02	-5.779889013853003327e-02	6.045014505673405869e-02
8.072926645177522231e-02	-1.169877911458412911e-01	5.741475656402066780e-02	-6.704322468456028195e-02	1.055941366739236026e-01	-9.294258980186093089e-02	9.708007787098461849e-02	-9.502412954857376859e-02	1.097256515738251892e-01	-6.733445950704955441e-02	1.279127462763908485e-01	-1.153948921851663534e-01	1.036463836207233008e-01	-9.279511240211692213e-02	8.489980688041542933e-02	-1.736173873565121373e-01	1.839600655014967667e-01	-1.622276713304974249e-01	9.565626039213978582e-02	-1.011866359680074490e-01	9.999999999999988898e-01	-7.229259759308037658e-01	1.140197428363268900e-01	-1.081972478923337588e-01	1.517510814105122452e-01	-5.316318142669951285e-01	2.241154821166081446e-01	-1.510448113740315845e-01	1.162998066739037301e-01	-8.244602865517430823e-02	1.828573254824792937e-01	-1.468241419210202792e-01	1.279784095365184560e-01	-7.519200018503163774e-02	7.744146749086268378e-02	-1.539863460198733491e-01	1.382228774947898142e-01	-1.256909297010831983e-01	7.159159739811506162e-02	-6.840375001972492930e-02
-9.668647353994137827e-02	1.362385611794110774e-01	-6.923829245674374688e-02	7.999059346566345097e-02	-1.356112181457804211e-01	1.076710284568084403e-01	-1.238086636958185410e-01	1.160538009009688953e-01	-1.406283725611283952e-01	8.531892931742886266e-02	-1.516641361678496558e-01	1.414683388423225163e-01	-1.312637174113347738e-01	1.129030645707843894e-01	-1.063845577331258146e-01	1.744006536158788090e-01	-2.953248155760575533e-01	1.909410940381837396e-01	-1.199256164131469043e-01	1.216485235819356192e-01	-7.229259759308037658e-01	1.000000000000001110e+00	-1.600930846017259157e-01	1.362676817980044697e-01	-2.038375988024461738e-01	2.985920969827523530e-01	-3.143319042703961452e-01	1.826840385433083913e-01	-1.534671167181850260e-01	1.076312502311645158e-01	-2.054106779827758189e-01	1.727784650186641180e-01	-1.615924037934270141e-01	9.505586803768940884e-02	-1.006542945796559257e-01	1.602453926613942592e-01	-1.721180852294599550e-01	1.495017607761016665e-01	-9.148872557806649042e-02	8.706459521279756586e-02
6.065833142371768877e-02	-9.725979747526863894e-02	4.894130614675531316e-02	-5.801623506781737605e-02	9.664294851935051334e-02	-6.837829079634603902e-02	7.810285825519053260e-02	-8.232697992152339383e-02	1.000161843892903579e-01	-6.602303627951436327e-02	7.898334326956044094e-02	-8.696068671485114587e-02	9.469546809080103822e-02	-1.329478345883686186e-01	1.138030542952460644e-01	-8.823109603534309842e-02	1.138997904945170392e-01	-1.503219222357493057e-01	1.797425847947589084e-01	-1.763500478229311774e-01	1.140197428363268900e-01	-1.600930846017259157e-01	1.000000000000000888e+00	-8.397762446010390569e-01	1.918144910202841391e-01	-1.367903787635227353e-01	1.418107649170404494e-01	-3.372816614710369976e-01	1.902846470749690044e-01	-1.305975553065287509e-01	9.923464763200916250e-02	-1.081812225111130205e-01	1.517051003421304722e-01	-1.017604400573005191e-01	1.006206199934890078e-01	-1.018227673039315273e-01	1.060279589521771482e-01	-1.342141281694252675e-01	8.941369952887377737e-02	-9.308412883677906480e-02
-6.149450301652275436e-02	9.725328881564304639e-02	-4.972440311252002143e-02	5.860632665244712436e-02	-1.030432588794869680e-01	6.856921838211008091e-02	-8.014085701098873360e-02	8.340905602604173352e-02	-1.062091942450808374e-01	6.961317538182891507e-02	-8.021777758123856128e-02	8.716298204685946072e-02	-9.813749144544391123e-02	1.346943885208279068e-01	-1.233926264125205091e-01	8.705414394099983411e-02	-1.156857451437427187e-01	1.459311069017392715e-01	-2.455665332867127959e-01	1.739712389752045840e-01	-1.081972478923337588e-01	1.362676817980044697e-01	-8.397762446010390569e-01	1.000000000000000000e+00	-2.337643362360433963e-01	1.258082326676223384e-01	-1.355637887153940679e-01	2.349398534485941936e-01	-2.419142412915856466e-01	1.450187702890009811e-01	-9.611283440207153694e-02	1.012164971916439810e-01	-1.468816944427503990e-01	1.049782625824274562e-01	-1.100653200107946372e-01	9.617195021562276180e-02	-1.026205331242609903e-01	1.246957597424502295e-01	-9.434078149313507300e-02	9.748748273443386125e-02
8.466901148850641823e-02	-1.501982807640775686e-01	6.909007214590918988e-02	-8.445753695020985496e-02	1.214398482816481384e-01	-9.683112107604288643e-02	9.516838006614354584e-02	-1.001011087370578118e-01	1.243408761487446584e-01	-7.935944856169038775e-02	1.019735767184624387e-01	-1.045891588986189169e-01	1.053878944159212516e-01	-1.216033494478229171e-01	1.108611247388864157e-01	-1.171053154919474842e-01	1.309401390313909286e-01	-1.550418200056842832e-01	1.314514828714655470e-01	-1.550377416805529540e-01	1.517510814105122452e-01	-2.038375988024461738e-01	1.918144910202841391e-01	-2.337643362360433963e-01	1.000000000000001332e+00	-2.475133654969002006e-01	2.044729488359836034e-01	-3.837613149621568187e-01	3.230626028291921914e-01	-5.852370891055178603e-01	1.668610265146090732e-01	-1.792023247422618870e-01	2.246320583915912272e-01	-2.242417200724705628e-01	2.435146185846431000e-01	-1.974481962318351824e-01	1.773978880838635863e-01	-2.604392133448100721e-01	1.844345340999199445e-01	-2.634936070067037672e-01
-7.900110288153040783e-02	1.194593750190799525e-01	-5.908754609763627874e-02	6.955938735982813981e-02	-1.209848304791114604e-01	8.753227462562412908e-02	-9.231779160104520987e-02	9.111261307331725012e-02	-1.229245592601880266e-01	7.461728370070021266e-02	-1.135080827534443448e-01	1.002624772539390391e-01	-9.820015268734721969e-02	9.398266462128596066e-02	-8.950820941557953436e-02	1.268083968480141488e-01	-1.471541021487081657e-01	1.373873428424895737e-01	-9.764645200883501075e-02	1.034285945069520068e-01	-5.316318142669951285e-01	2.985920969827523530e-01	-1.367903787635227353e-01	1.258082326676223384e-01	-2.475133654969002006e-01	1.000000000000001776e+00	-4.442414024122823824e-01	2.189803035321634672e-01	-1.845392353511062233e-01	1.292585457875571331e-01	-4.288918899833285003e-01	2.415728510126290141e-01	-2.120020285465959164e-01	1.184094647342200102e-01	-1.240494517762792959e-01	2.526266719760744683e-01	-2.474884184183172298e-01	1.966502890768780931e-01	-1.152987055597351762e-01	1.067306620662832328e-01
6.687807597067728371e-02	-1.074884729923311077e-01	5.167191143806358633e-02	-6.164625457961894067e-02	9.751116107248337939e-02	-7.590709343238154216e-02	7.878116667950146867e-02	-7.980155357708576536e-02	9.989699843529328827e-02	-6.186904947584070252e-02	9.004942739883504965e-02	-8.862825575820655610e-02	8.539768913442291609e-02	-8.582281336237093661e-02	7.909625593663077714e-02	-1.054089113487519658e-01	1.252362965665464456e-01	-1.270147241148918971e-01	9.046889002041676175e-02	-9.725273490846285396e-02	2.241154821166081446e-01	-3.143319042703961452e-01	1.418107649170404494e-01	-1.355637887153940679e-01	2.044729488359836034e-01	-4.442414024122823824e-01	9.999999999999992228e-01	-3.625796672111990526e-01	1.741513372349142996e-01	-1.227100246324204086e-01	2.502363680045561201e-01	-5.919110944536142283e-01	2.533940594056767748e-01	-1.284422063943232717e-01	1.175273626272115152e-01	-2.662289346015065949e-01	2.789694166405977116e-01	-2.627582306357166830e-01	1.187069978906228201e-01	-1.087654884810722311e-01
-6.903859514559869404e-02	1.134174204464740848e-01	-5.536586824853183958e-02	6.618140745654671475e-02	-1.130496428652654067e-01	7.722046741764597433e-02	-8.180874818544199567e-02	8.410311792823323140e-02	-1.145331436733595804e-01	7.144214032687612459e-02	-8.797696670617626002e-02	8.807017353346448252e-02	-9.105909309022607034e-02	1.021934300760746067e-01	-9.636878759605978229e-02	9.732190738825395593e-02	-1.159981654884998797e-01	1.287812820884647602e-01	-1.176925659844583749e-01	1.213012014680957679e-01	-1.510448113740315845e-01	1.826840385433083913e-01	-3.372816614710369976e-01	2.349398534485941936e-01	-3.837613149621568187e-01	2.189803035321634672e-01	-3.625796672111990526e-01	1.000000000000000888e+00	-4.091697328746229378e-01	2.294075916531824189e-01	-1.876211584353539574e-01	2.340962287553105536e-01	-4.906479774028579821e-01	1.997469723238657346e-01	-1.982017298907096381e-01	1.864611359047249894e-01	-2.304721692219067197e-01	2.738722972710105896e-01	-1.859648796277310334e-01	1.694157148699260151e-01
6.132082281454492162e-02	-1.061910881006544322e-01	4.975678226508083862e-02	-6.039370286515754332e-02	9.095239563975016095e-02	-6.978485123812687430e-02	7.049487796827141883e-02	-7.380268527945559043e-02	9.303411929912340506e-02	-5.919553861781744197e-02	7.531471441528476973e-02	-7.735638732390272276e-02	7.874407332501869028e-02	-9.201237015682776910e-02	8.315175571939807664e-02	-8.581373519546459105e-02	9.824964517076135995e-02	-1.158397720851253448e-01	1.038746837319663024e-01	-1.127332113342506964e-01	1.162998066739037301e-01	-1.534671167181850260e-01	1.902846470749690044e-01	-2.419142412915856466e-01	3.230626028291921914e-01	-1.845392353511062233e-01	1.741513372349142996e-01	-4.091697328746229378e-01	9.999999999999987788e-01	-6.359113093125391414e-01	1.320257831877909571e-01	-1.499126395730089323e-01	2.125358221799613645e-01	-3.083088235120128306e-01	2.450857142613136752e-01	-1.510025729961840812e-01	1.481930646464099111e-01	-2.185738591708096257e-01	2.068150215860383168e-01	-2.474247903852061503e-01
-4.444929818377994779e-02	7.697069539323043996e-02	-3.614181521188485069e-02	4.385281152583779540e-02	-6.699760520482478388e-02	5.047069430442766708e-02	-5.105412566633656113e-02	5.337354512366136033e-02	-6.836979238960048944e-02	4.342664573990288879e-02	-5.443225510741307033e-02	5.569714799473356875e-02	-5.693246450253670876e-02	6.597211744351018370e-02	-6.116713219803640578e-02	6.167232382849904132e-02	-7.060884176779569366e-02	8.259486308687784273e-02	-7.462375061800528842e-02	8.200511389793900541e-02	-8.244602865517430823e-02	1.076312502311645158e-01	-1.305975553065287509e-01	1.450187702890009811e-01	-5.852370891055178603e-01	1.292585457875571331e-01	-1.227100246324204086e-01	2.294075916531824189e-01	-6.359113093125391414e-01	1.000000000000001554e+00	-9.447928595861028456e-02	1.047360666876145791e-01	-1.506406636277206335e-01	1.966392857046366793e-01	-3.561017314363417174e-01	1.066972384317763090e-01	-1.062341588196375475e-01	1.528404744404348592e-01	-1.678211177967189882e-01	2.286908668458427218e-01
5.461495996888726667e-02	-8.840638553863987281e-02	4.234554647328270943e-02	-5.062248805182486405e-02	8.097308317796722554e-02	-6.180892446483943203e-02	6.326058576713571024e-02	-6.416330284078128332e-02	8.257154561691647243e-02	-5.085132687424063352e-02	7.278506236291634734e-02	-7.016273417917780197e-02	6.806365083357887591e-02	-6.783797369157786028e-02	6.300822685338793028e-02	-8.446235177078141587e-02	9.652235574411140162e-02	-9.924384884333603551e-02	7.009042613911507791e-02	-7.600840003789752219e-02	1.828573254824792937e-01	-2.054106779827758189e-01	9.923464763200916250e-02	-9.611283440207153694e-02	1.668610265146090732e-01	-4.288918899833285003e-01	2.502363680045561201e-01	-1.876211584353539574e-01	1.320257831877909571e-01	-9.447928595861028456e-02	1.000000000000000444e+00	-3.083856651466944099e-01	1.887287433589870389e-01	-1.004583230196602894e-01	9.443802318807313634e-02	-7.352426629456798590e-01	2.717537629110489128e-01	-2.195131915383948251e-01	9.578188342033162883e-02	-8.646957873812158302e-02
-4.831180357768727340e-02	7.813791303613784600e-02	-3.773599983834832750e-02	4.505616956472204004e-02	-7.401633567403663461e-02	5.436855768821787643e-02	-5.646047671856433553e-02	5.727957563933477186e-02	-7.529658295164733117e-02	4.644441426938650253e-02	-6.388623112374401669e-02	6.199167758699714037e-02	-6.117533235934052155e-02	6.259128321386321636e-02	-5.851493603129893917e-02	7.264109712099198202e-02	-8.557097670952162893e-02	8.801603289471794656e-02	-6.631983151644210706e-02	7.113370327110218883e-02	-1.468241419210202792e-01	1.727784650186641180e-01	-1.081812225111130205e-01	1.012164971916439810e-01	-1.792023247422618870e-01	2.415728510126290141e-01	-5.919110944536142283e-01	2.340962287553105536e-01	-1.499126395730089323e-01	1.047360666876145791e-01	-3.083856651466944099e-01	9.999999999999988898e-01	-3.475481548162732137e-01	1.227941325010481199e-01	-1.074738671960174946e-01	2.603014831919053806e-01	-5.619802256605445079e-01	2.739183348176563171e-01	-1.177732746336098701e-01	9.740663785433402444e-02
5.385534456777300860e-02	-8.972795086237099482e-02	4.290048751061509291e-02	-5.156397734875413363e-02	8.281928251022670218e-02	-6.083644338110541505e-02	6.258417680755072598e-02	-6.444057350978549259e-02	8.426744138300824860e-02	-5.256800670346185866e-02	6.866903627151603462e-02	-6.850147012144515435e-02	6.873458535682543113e-02	-7.465693530619969820e-02	6.901456184135455751e-02	-7.798945282109034927e-02	9.038143786560931536e-02	-9.946971014613446849e-02	8.116815024967076464e-02	-8.727279198119229642e-02	1.279784095365184560e-01	-1.615924037934270141e-01	1.517051003421304722e-01	-1.468816944427503990e-01	2.246320583915912272e-01	-2.120020285465959164e-01	2.533940594056767748e-01	-4.906479774028579821e-01	2.125358221799613645e-01	-1.506406636277206335e-01	1.887287433589870389e-01	-3.475481548162732137e-01	9.999999999999994449e-01	-2.677324067859108703e-01	1.619120441309275238e-01	-2.173931691583005366e-01	2.755534588358818926e-01	-6.248007888349004224e-01	2.029938322192966771e-01	-1.575614289681727676e-01
-3.695633343095933859e-02	6.295469614930125635e-02	-2.984888475723158560e-02	3.606286028199418708e-02	-5.724868143955132160e-02	4.176378967847441115e-02	-4.251880679357151332e-02	4.411776385278077389e-02	-5.815990920735161079e-02	3.646228850962163204e-02	-4.586764568629120992e-02	4.617010476778540817e-02	-4.690531409970882804e-02	5.235114132806901327e-02	-4.864982854761478598e-02	5.171870011822700397e-02	-5.932263185848948156e-02	6.725928105490096287e-02	-5.745695500745546386e-02	6.233832298416040057e-02	-7.519200018503163774e-02	9.505586803768940884e-02	-1.017604400573005191e-01	1.049782625824274562e-01	-2.242417200724705628e-01	1.184094647342200102e-01	-1.284422063943232717e-01	1.997469723238657346e-01	-3.083088235120128306e-01	1.966392857046366793e-01	-1.004583230196602894e-01	1.227941325010481199e-01	-2.677324067859108703e-01	1.000000000000000000e+00	-3.550126782313937635e-01	1.097623514101065401e-01	-1.331130645841829552e-01	2.132953126636633057e-01	-7.667325371977521398e-01	2.820485957271974264e-01
4.055540358825780040e-02	-7.045365524031296789e-02	3.292073817354196352e-02	-3.999815580639099616e-02	6.089224659134061246e-02	-4.606763936472212106e-02	4.603779330188489949e-02	-4.803551480758162795e-02	6.201093613426229140e-02	-3.907229300088811003e-02	4.954991284443470423e-02	-5.018514406770529374e-02	5.072936008455051354e-02	-5.698750141893705462e-02	5.240410061248968604e-02	-5.630319301460390974e-02	6.362592666673110020e-02	-7.335114927294189568e-02	6.159659807654557090e-02	-6.823409991476238334e-02	7.744146749086268378e-02	-1.006542945796559257e-01	1.006206199934890078e-01	-1.100653200107946372e-01	2.435146185846431000e-01	-1.240494517762792959e-01	1.175273626272115152e-01	-1.982017298907096381e-01	2.450857142613136752e-01	-3.561017314363417174e-01	9.443802318807313634e-02	-1.074738671960174946e-01	1.619120441309275238e-01	-3.550126782313937635e-01	9.999999999999992228e-01	-1.077391595002727825e-01	1.115620145532886659e-01	-1.753979649963104404e-01	2.731963662462699172e-01	-7.622366985132558170e-01
-5.087212307538920009e-02	8.216639868557647219e-02	-3.988286574595906187e-02	4.758896023758215493e-02	-8.104903543306715696e-02	5.690937830686988719e-02	-5.892913870676802501e-02	5.976784459041932507e-02	-8.191781865789871109e-02	5.013594573158017265e-02	-6.687425955598522154e-02	6.377521491610604887e-02	-6.344008398823859640e-02	6.436776547389347347e-02	-6.091937994537657136e-02	7.495399123114877826e-02	-8.637124966857390174e-02	8.928029185131330925e-02	-6.718464139820509717e-02	7.237017054130925886e-02	-1.539863460198733491e-01	1.602453926613942592e-01	-1.018227673039315273e-01	9.617195021562276180e-02	-1.974481962318351824e-01	2.526266719760744683e-01	-2.662289346015065949e-01	1.864611359047249894e-01	-1.510025729961840812e-01	1.066972384317763090e-01	-7.352426629456798590e-01	2.603014831919053806e-01	-2.173931691583005366e-01	1.097623514101065401e-01	-1.077391595002727825e-01	9.999999999999991118e-01	-4.566342494843492750e-01	2.256658919095748117e-01	-1.089696600271520266e-01	9.466023976066215151e-02
4.983477278663302201e-02	-8.192349405745337487e-02	3.916507026896945409e-02	-4.695908762361618305e-02	7.519209018394179544e-02	-5.635739467566281552e-02	5.774682172543502134e-02	-5.897048010865785228e-02	7.656448230011059231e-02	-4.737381950188328250e-02	6.488908633077333787e-02	-6.367476182196638024e-02	6.259934801503413970e-02	-6.446232359573612902e-02	5.984124009572879682e-02	-7.448490648566197248e-02	8.601301053897406068e-02	-9.093953889823165604e-02	6.774212953649000335e-02	-7.337095965857463875e-02	1.382228774947898142e-01	-1.721180852294599550e-01	1.060279589521771482e-01	-1.026205331242609903e-01	1.773978880838635863e-01	-2.474884184183172298e-01	2.789694166405977116e-01	-2.304721692219067197e-01	1.481930646464099111e-01	-1.062341588196375475e-01	2.717537629110489128e-01	-5.619802256605445079e-01	2.755534588358818926e-01	-1.331130645841829552e-01	1.115620145532886659e-01	-4.566342494843492750e-01	9.999999999999993339e-01	-5.013664748701669449e-01	1.294119812455130358e-01	-1.061363246075480021e-01
-5.282615053023421298e-02	8.723964897280173103e-02	-4.213977937406000046e-02	5.050294857125139231e-02	-8.509846262792038207e-02	5.921963460340746999e-02	-6.132843311446702084e-02	6.285274842899046810e-02	-8.601534035472134521e-02	5.312301430786048329e-02	-6.737873231143688690e-02	6.618396266952990270e-02	-6.687946163601538041e-02	7.118926611758048806e-02	-6.720924672964087576e-02	7.527057789371491281e-02	-8.736579414820770662e-02	9.430508553523758719e-02	-7.651300080165519824e-02	8.214529767891279310e-02	-1.256909297010831983e-01	1.495017607761016665e-01	-1.342141281694252675e-01	1.246957597424502295e-01	-2.604392133448100721e-01	1.966502890768780931e-01	-2.627582306357166830e-01	2.738722972710105896e-01	-2.185738591708096257e-01	1.528404744404348592e-01	-2.195131915383948251e-01	2.739183348176563171e-01	-6.248007888349004224e-01	2.132953126636633057e-01	-1.753979649963104404e-01	2.256658919095748117e-01	-5.013664748701669449e-01	9.999999999999995559e-01	-2.561549619294810620e-01	1.591918436516175095e-01
3.488077252303214970e-02	-5.972602693607590579e-02	2.815245902502223202e-02	-3.407331721706800126e-02	5.312123378835957588e-02	-3.951603907153716094e-02	3.991383835942205471e-02	-4.144935300420389546e-02	5.403727067739437506e-02	-3.389777791783332717e-02	4.321359937945437601e-02	-4.349628700605041171e-02	4.391526223499397225e-02	-4.873505339320657881e-02	4.498998253596936392e-02	-4.899915044019107629e-02	5.585442564644084451e-02	-6.333043873106020127e-02	5.277354342038407392e-02	-5.779889013853003327e-02	7.159159739811506162e-02	-9.148872557806649042e-02	8.941369952887377737e-02	-9.434078149313507300e-02	1.844345340999199445e-01	-1.152987055597351762e-01	1.187069978906228201e-01	-1.859648796277310334e-01	2.068150215860383168e-01	-1.678211177967189882e-01	9.578188342033162883e-02	-1.177732746336098701e-01	2.029938322192966771e-01	-7.667325371977521398e-01	2.731963662462699172e-01	-1.089696600271520266e-01	1.294119812455130358e-01	-2.561549619294810620e-01	9.999999999999993339e-01	-4.476313199075172555e-01
