1.000000000000000000e+00	-6.366749548172850881e-01	2.638711233292348468e-01	-2.122622654819634469e-01	1.358580081098267334e-01	-6.231649955265913254e-01	2.355031599915897444e-01	-2.023112083114624871e-01	1.509598768978477057e-01	-1.062651762917894566e-01	1.842865922730270445e-01	-1.394236012127464119e-01	1.626211968280009412e-01	-1.197943362827798008e-01	1.307040236580391257e-01	-8.685389337116140862e-02	1.059663338536355054e-01	-1.125650915805266605e-01	1.191716171524308532e-01	-9.054151453251553516e-02	8.250543439730684270e-02	-8.482168780139184849e-02	7.647864727676427499e-02	-8.480268383596728521e-02	7.925101030328979279e-02	-3.707814813349381844e-02	3.948022308684526194e-02	-6.323467843514697651e-02	7.373236440637416511e-02	-1.385744468732673096e-01	1.444639868679882533e-02	-1.413607694210999161e-02	6.184197299340366688e-02	-9.314367218854292807e-02	7.622095352906460564e-02	-8.354446395030731831e-03	8.573050762077927267e-03	-3.393084879592452030e-02	3.546317587180302516e-02	-1.490014365776856087e-01
-6.366749548172850881e-01	1.000000000000000222e+00	-5.505986012277795938e-01	2.336763575441784258e-01	-1.561083023657711677e-01	2.980525928896177179e-01	-3.101036574499959064e-01	2.306088781990502934e-01	-1.829079079535548269e-01	1.188896231222408006e-01	-1.812400093173731352e-01	1.355452544233801682e-01	-1.906925602368049755e-01	1.342974162686868256e-01	-1.480375877056240852e-01	8.502484144069041849e-02	-1.100508255183863249e-01	1.166538393227409126e-01	-1.293780517530734309e-01	9.376191891703711256e-02	-8.442018029933734402e-02	8.555703241805914794e-02	-7.880439503599082074e-02	8.656723439638491779e-02	-8.229903090595037940e-02	3.751318620170292217e-02	-4.021495543635823788e-02	6.396790511820893421e-02	-7.543828913563908889e-02	1.383750788422996592e-01	-1.469005979899679591e-02	1.435278281744852349e-02	-6.302653557374733595e-02	9.289708879008277964e-02	-7.613945950404718555e-02	8.436655380214083677e-03	-8.667527655016674104e-03	3.404661694541525480e-02	-3.570449188858971362e-02	1.469730805354077519e-01
2.638711233292348468e-01	-5.505986012277795938e-01	1.000000000000000888e+00	-5.175054880436724680e-01	1.861901269915755275e-01	-3.073845697366502927e-01	2.717740857187365688e-01	-3.978048708949831758e-01	2.333332820647218142e-01	-1.526923081453548936e-01	1.818014777278410543e-01	-1.538907407416998663e-01	2.270614344885984182e-01	-1.734261486826705612e-01	1.765178826170878956e-01	-9.718017749962108709e-02	1.253152573880219611e-01	-1.410729656493311945e-01	1.552787469362912343e-01	-1.173497393240536951e-01	9.463900343887594879e-02	-1.040383327011792230e-01	9.433242819443268812e-02	-1.081513354912703034e-01	1.016509505183382511e-01	-4.418164108525519246e-02	4.705102977721342672e-02	-7.898012120387197521e-02	9.351220073345253847e-02	-1.768517079862875763e-01	1.749012782015245404e-02	-1.714583644730037493e-02	7.710205876886169762e-02	-1.183006985619091816e-01	9.685237327437876131e-02	-1.028489831590798098e-02	1.054658305186590567e-02	-4.266644277031897414e-02	4.455382573040798239e-02	-1.893673740252469484e-01
-2.122622654819634469e-01	2.336763575441784258e-01	-5.175054880436724680e-01	1.000000000000001110e+00	-3.302999454530661794e-01	2.183457001436257261e-01	-2.376135486803659380e-01	2.346775727152702051e-01	-5.572627607513761516e-01	2.403225147519724714e-01	-2.063116048463976282e-01	1.648258204667200910e-01	-3.019407114006403270e-01	2.497922160404651148e-01	-2.752731239291761334e-01	1.117067337242000497e-01	-1.500979583036777254e-01	1.711186088446013942e-01	-2.142049615697909359e-01	1.479102896335622308e-01	-1.138894243818213553e-01	1.230191926937994895e-01	-1.152333676593434997e-01	1.324743594005146075e-01	-1.291153322767635836e-01	5.280217452568078396e-02	-5.669655463530223066e-02	9.499895700374495766e-02	-1.151978018024902573e-01	2.093548851083336659e-01	-2.110946774072828061e-02	2.065641914829325146e-02	-9.387985851523679426e-02	1.397585453109185250e-01	-1.147933201378702334e-01	1.232640907952693710e-02	-1.266019545331068669e-02	5.080807428732615760e-02	-5.333096439987815296e-02	2.201038250266906249e-01
1.358580081098267334e-01	-1.561083023657711677e-01	1.861901269915755275e-01	-3.302999454530661794e-01	1.000000000000000444e+00	-1.881659420405082661e-01	1.700423801046202499e-01	-1.706483193732161729e-01	2.804709423990806583e-01	-6.220261279032842650e-01	2.012211708129134635e-01	-1.728839049926778337e-01	2.306080764853388754e-01	-2.217153810710892348e-01	3.123031513799101599e-01	-1.296009619924892997e-01	1.560122520922567202e-01	-1.825230952963585174e-01	2.150847214608907210e-01	-1.989297956324012073e-01	1.296951164310602145e-01	-1.544368466186284705e-01	1.383347165248459132e-01	-1.848603912749488543e-01	1.723773374136969572e-01	-6.792941610909357386e-02	7.177712820134943272e-02	-1.364850744688757278e-01	1.619173341440370839e-01	-3.443470917252435259e-01	2.808125240778701348e-02	-2.771593309249425346e-02	1.320462423242410310e-01	-2.292043952736284584e-01	1.889456804417298519e-01	-1.783834229577119235e-02	1.820021731672887000e-02	-8.011888715916007375e-02	8.267933496312881991e-02	-3.960070357023139920e-01
-6.231649955265913254e-01	2.980525928896177179e-01	-3.073845697366502927e-01	2.183457001436257261e-01	-1.881659420405082661e-01	1.000000000000001332e+00	-4.223442766934263348e-01	2.475325388158143292e-01	-2.036682170279250637e-01	1.405463009696875099e-01	-3.532655306532503925e-01	1.998558591061575518e-01	-2.337009287134089175e-01	1.600492238809759493e-01	-1.819499475711146286e-01	1.252844018522553671e-01	-1.546999649398529131e-01	1.542373102558281250e-01	-1.648035888099170787e-01	1.185206784053341594e-01	-1.228355148330461527e-01	1.136733232031309493e-01	-1.047038342418512152e-01	1.106031245752267383e-01	-1.047419477275995520e-01	5.178917886216842514e-02	-5.565440793766595479e-02	8.328083629711936775e-02	-9.676431010188954462e-02	1.748243323214122846e-01	-1.990776396856002231e-02	1.939624087691340856e-02	-8.234552587355782605e-02	1.178848432057293255e-01	-9.657568167426368311e-02	1.116780733650968999e-02	-1.148789075112181118e-02	4.378815243681844632e-02	-4.601636246377816680e-02	1.853487558632578858e-01
2.355031599915897444e-01	-3.101036574499959064e-01	2.717740857187365688e-01	-2.376135486803659380e-01	1.700423801046202499e-01	-4.223442766934263348e-01	1.000000000000001110e+00	-6.874124304533125729e-01	1.903038249003086158e-01	-1.399415018162983582e-01	2.195816380389659372e-01	-2.387820715894365398e-01	2.594500921932026416e-01	-1.792310683106777824e-01	1.731376467517177220e-01	-1.131757257978701497e-01	1.581706488363398833e-01	-1.688873180453173695e-01	1.677874892442726973e-01	-1.261471248849508620e-01	1.075278856543478573e-01	-1.195474994375023692e-01	1.072465781917992939e-01	-1.172340865471140359e-01	1.088598501598489754e-01	-4.922822257483910197e-02	5.236437496744409531e-02	-8.600711713874260866e-02	1.009440136459688192e-01	-1.892340005086102506e-01	1.925638536269655768e-02	-1.886728960905716818e-02	8.369897967175964071e-02	-1.267059940320434952e-01	1.035313289781048807e-01	-1.119116559432683372e-02	1.148005575960196756e-02	-4.586648344603570099e-02	4.791627058282369594e-02	-2.010561061089783386e-01
-2.023112083114624871e-01	2.306088781990502934e-01	-3.978048708949831758e-01	2.346775727152702051e-01	-1.706483193732161729e-01	2.475325388158143292e-01	-6.874124304533125729e-01	1.000000000000000444e+00	-2.141875975371489993e-01	1.424292541615480856e-01	-1.893135489864297971e-01	1.724081969006677761e-01	-4.276205717849063115e-01	1.982000836912451436e-01	-1.842614263885505310e-01	9.827717522046248988e-02	-1.429889098337820685e-01	1.585092154244478746e-01	-1.712774574126707527e-01	1.185025541857156889e-01	-9.661464184239360042e-02	1.069188738592353194e-01	-9.907328923758497441e-02	1.078874221537929473e-01	-1.023025489782511399e-01	4.408849402046589872e-02	-4.715265318484727908e-02	7.769925045757260229e-02	-9.293784883763125948e-02	1.691186663290842052e-01	-1.735897474729100262e-02	1.699166714381968035e-02	-7.611882986317042299e-02	1.131066141760237453e-01	-9.257070373194249691e-02	1.004720185854529602e-02	-1.031650304512118227e-02	4.109027501616285827e-02	-4.306350801868481792e-02	1.772419081166951016e-01
1.509598768978477057e-01	-1.829079079535548269e-01	2.333332820647218142e-01	-5.572627607513761516e-01	2.804709423990806583e-01	-2.036682170279250637e-01	1.903038249003086158e-01	-2.141875975371489993e-01	1.000000000000001776e+00	-3.978188620896942473e-01	1.916204701075501227e-01	-1.731074091746543642e-01	2.819030633139681385e-01	-4.753528835587274570e-01	2.991297168633308412e-01	-1.171507350927332158e-01	1.553353022213083690e-01	-1.977337227190712754e-01	2.405634818587198409e-01	-1.812931229208053496e-01	1.153759824240329773e-01	-1.398091276172316322e-01	1.265695328561088906e-01	-1.586420853677260878e-01	1.492772615594537555e-01	-5.710553015582918446e-02	6.066724255294755203e-02	-1.095403337019806994e-01	1.335012688929840818e-01	-2.551757148136697961e-01	2.303896334254420045e-02	-2.265683499854661068e-02	1.060555167395491605e-01	-1.684476296393748740e-01	1.376776292177488703e-01	-1.386522887137218302e-02	1.420076465360665258e-02	-5.939222791536501178e-02	6.190359540872900079e-02	-2.667697862846648560e-01
-1.062651762917894566e-01	1.188896231222408006e-01	-1.526923081453548936e-01	2.403225147519724714e-01	-6.220261279032842650e-01	1.405463009696875099e-01	-1.399415018162983582e-01	1.424292541615480856e-01	-3.978188620896942473e-01	1.000000000000002887e+00	-1.524914307498382859e-01	1.321182594298607182e-01	-2.241305824866805241e-01	2.415518861539030226e-01	-5.708378982101061094e-01	9.366411884779232699e-02	-1.233582836892238299e-01	1.487378776103243094e-01	-1.928930463255396632e-01	1.527767840009539302e-01	-9.429829115049051524e-02	1.113782977171907246e-01	-1.025436672647171837e-01	1.295789287098712828e-01	-1.301322654748676422e-01	4.704872593601786002e-02	-5.009882439598879744e-02	9.127002666925004837e-02	-1.119775214531742585e-01	2.165963192426678674e-01	-1.919451738376278666e-02	1.887545657189515502e-02	-8.916629041834794878e-02	1.428336443625815855e-01	-1.175340033422864888e-01	1.168665791350742555e-02	-1.196618947264500854e-02	5.052855440929487907e-02	-5.266776325482135090e-02	2.312013206772891016e-01
1.842865922730270445e-01	-1.812400093173731352e-01	1.818014777278410543e-01	-2.063116048463976282e-01	2.012211708129134635e-01	-3.532655306532503925e-01	2.195816380389659372e-01	-1.893135489864297971e-01	1.916204701075501227e-01	-1.524914307498382859e-01	1.000000000000000888e+00	-5.886876251651526060e-01	2.249719976754936956e-01	-1.757974994017303116e-01	1.993496622299474885e-01	-3.162297182500920512e-01	2.794766363190288039e-01	-2.674838017205932728e-01	2.220111882268930581e-01	-1.765953437980794793e-01	2.212138998495887798e-01	-2.021737644656283195e-01	1.709274948807713856e-01	-1.728981434998758948e-01	1.541145673519797032e-01	-9.179456189372489638e-02	9.531280593797801515e-02	-1.351381082039894710e-01	1.492833229081803048e-01	-2.804356256199294073e-01	3.329668901525557195e-02	-3.255161243769653934e-02	1.297113580585714521e-01	-1.907238468891159500e-01	1.549491739545614810e-01	-1.842202033041240306e-02	1.889692382116843483e-02	-7.047347958970692772e-02	7.338708295953051686e-02	-3.033868762838347610e-01
-1.394236012127464119e-01	1.355452544233801682e-01	-1.538907407416998663e-01	1.648258204667200910e-01	-1.728839049926778337e-01	1.998558591061575518e-01	-2.387820715894365398e-01	1.724081969006677761e-01	-1.731074091746543642e-01	1.321182594298607182e-01	-5.886876251651526060e-01	1.000000000000002442e+00	-2.304077032687324167e-01	1.657777892563705724e-01	-1.814690731608659957e-01	1.968522386433181615e-01	-5.904499575840573833e-01	2.715587383236541252e-01	-2.368595190822185004e-01	1.442355821772504099e-01	-1.875217022535248801e-01	1.752338272969058974e-01	-1.692208101552302446e-01	1.379523438953243197e-01	-1.290523668681858860e-01	7.182372923599049386e-02	-7.771173495084465754e-02	1.050906839621058436e-01	-1.208192148796991133e-01	1.976426927061874783e-01	-2.655502845920398175e-02	2.574726033548158446e-02	-1.044225171720821327e-01	1.350830490092874703e-01	-1.104315872354655892e-01	1.407663686924864876e-02	-1.452924904027012160e-02	5.197400844325009150e-02	-5.504791077624363038e-02	2.034717573562015436e-01
1.626211968280009412e-01	-1.906925602368049755e-01	2.270614344885984182e-01	-3.019407114006403270e-01	2.306080764853388754e-01	-2.337009287134089175e-01	2.594500921932026416e-01	-4.276205717849063115e-01	2.819030633139681385e-01	-2.241305824866805241e-01	2.249719976754936956e-01	-2.304077032687324167e-01	9.999999999999986677e-01	-5.338115928199953508e-01	2.715635481353513847e-01	-1.401023509431445213e-01	2.042771905876435978e-01	-3.117337742296847347e-01	2.808820769188462019e-01	-2.020181657070975190e-01	1.345112746580990337e-01	-1.730884458002798498e-01	1.561870022561790972e-01	-1.795725494393317079e-01	1.655275256878291912e-01	-6.567324074792513233e-02	6.968308223360555886e-02	-1.238749553606602744e-01	1.497702423339861699e-01	-2.798370134498245898e-01	2.617180510507480240e-02	-2.573405381192668193e-02	1.192538464355874517e-01	-1.853773347491838308e-01	1.510662409932164718e-01	-1.553272564149847657e-02	1.591583135906107782e-02	-6.569885723659461829e-02	6.853007437904000410e-02	-2.894074841575509094e-01
-1.197943362827798008e-01	1.342974162686868256e-01	-1.734261486826705612e-01	2.497922160404651148e-01	-2.217153810710892348e-01	1.600492238809759493e-01	-1.792310683106777824e-01	1.982000836912451436e-01	-4.753528835587274570e-01	2.415518861539030226e-01	-1.757974994017303116e-01	1.657777892563705724e-01	-5.338115928199953508e-01	9.999999999999987788e-01	-4.358997450502765658e-01	1.079673115506409320e-01	-1.651592909585305191e-01	2.257401438609734634e-01	-4.333054855910887793e-01	1.876013075305261457e-01	-1.067932399185030773e-01	1.341388974908418741e-01	-1.269039022621720747e-01	1.563928932695431429e-01	-1.532050433293447034e-01	5.207184221065008084e-02	-5.560590393705689555e-02	1.000992561213975840e-01	-1.300642943921349048e-01	2.232806399037966238e-01	-2.093503406836432629e-02	2.056014956834697344e-02	-9.747428572858522766e-02	1.475184843310486382e-01	-1.207021011404209448e-01	1.233823017660757443e-02	-1.266131290142796101e-02	5.218635582773875625e-02	-5.475179455917998650e-02	2.230262167905818216e-01
1.307040236580391257e-01	-1.480375877056240852e-01	1.765178826170878956e-01	-2.752731239291761334e-01	3.123031513799101599e-01	-1.819499475711146286e-01	1.731376467517177220e-01	-1.842614263885505310e-01	2.991297168633308412e-01	-5.708378982101061094e-01	1.993496622299474885e-01	-1.814690731608659957e-01	2.715635481353513847e-01	-4.358997450502765658e-01	9.999999999999994449e-01	-1.284209642922232719e-01	1.653317431524785053e-01	-2.100432070352004632e-01	2.555340573309061725e-01	-2.469305280501961630e-01	1.270879267773599164e-01	-1.574756578948686703e-01	1.415962443194643261e-01	-1.886811134969682280e-01	1.881307933320877090e-01	-6.527663359785988717e-02	6.915591467421813854e-02	-1.299238787472974666e-01	1.591051330166444455e-01	-3.215073863795909204e-01	2.667020604485673477e-02	-2.628507698203558576e-02	1.253795327098433943e-01	-2.077912997821257379e-01	1.705822656278907223e-01	-1.642213895449246008e-02	1.679449495816590088e-02	-7.214256531931408090e-02	7.495232498704046398e-02	-3.343970158910596346e-01
-8.685389337116140862e-02	8.502484144069041849e-02	-9.718017749962108709e-02	1.117067337242000497e-01	-1.296009619924892997e-01	1.252844018522553671e-01	-1.131757257978701497e-01	9.827717522046248988e-02	-1.171507350927332158e-01	9.366411884779232699e-02	-3.162297182500920512e-01	1.968522386433181615e-01	-1.401023509431445213e-01	1.079673115506409320e-01	-1.284209642922232719e-01	1.000000000000000444e+00	-2.307139045576983294e-01	1.621735953392837715e-01	-1.466925267090160856e-01	1.053774029909309989e-01	-8.323210333830108887e-01	1.331605184651305784e-01	-1.220880152967959709e-01	1.086222989036986358e-01	-9.558393920997924897e-02	1.719603428229931896e-01	-1.896815458619313388e-01	1.117897494715037882e-01	-9.806686091538628636e-02	1.598579750675741540e-01	-5.154372333732438333e-02	4.836665431361730771e-02	-1.124093444556206189e-01	1.125723607175567603e-01	-9.140787566659160090e-02	2.105153408306459362e-02	-2.200027473341047146e-02	5.047106391211630960e-02	-5.387041719709260990e-02	1.709136715347150393e-01
1.059663338536355054e-01	-1.100508255183863249e-01	1.253152573880219611e-01	-1.500979583036777254e-01	1.560122520922567202e-01	-1.546999649398529131e-01	1.581706488363398833e-01	-1.429889098337820685e-01	1.553353022213083690e-01	-1.233582836892238299e-01	2.794766363190288039e-01	-5.904499575840573833e-01	2.042771905876435978e-01	-1.651592909585305191e-01	1.653317431524785053e-01	-2.307139045576983294e-01	9.999999999999990008e-01	-5.796341165739719026e-01	2.457866767762356963e-01	-1.568564674423111593e-01	1.775215199831272073e-01	-2.494946185052847876e-01	2.031076559799264158e-01	-1.492741793952509222e-01	1.315980417100190147e-01	-7.137995565101436235e-02	7.600634214818220713e-02	-1.096865633705070980e-01	1.246490224345819797e-01	-2.040256895712353191e-01	2.605014041530430424e-02	-2.539267404975368431e-02	1.058797639150007019e-01	-1.388816221805519446e-01	1.124655774566877126e-01	-1.390657862280148677e-02	1.432736436457943824e-02	-5.248100179313577862e-02	5.536251987454250678e-02	-2.041074269932389162e-01
-1.125650915805266605e-01	1.166538393227409126e-01	-1.410729656493311945e-01	1.711186088446013942e-01	-1.825230952963585174e-01	1.542373102558281250e-01	-1.688873180453173695e-01	1.585092154244478746e-01	-1.977337227190712754e-01	1.487378776103243094e-01	-2.674838017205932728e-01	2.715587383236541252e-01	-3.117337742296847347e-01	2.257401438609734634e-01	-2.100432070352004632e-01	1.621735953392837715e-01	-5.796341165739719026e-01	9.999999999999980016e-01	-5.074316355410654067e-01	1.890115186731222696e-01	-1.620548635131802140e-01	2.316315875907791755e-01	-2.923319288956782724e-01	1.753338018523050157e-01	-1.651217905243242967e-01	6.942234265126651094e-02	-7.541666583779038646e-02	1.197959053813530128e-01	-1.484762878580201395e-01	2.151220666592271180e-01	-2.660346430577507568e-02	2.594016285040231379e-02	-1.176509853808237055e-01	1.471277935517512903e-01	-1.202047627744858294e-01	1.438257286754796027e-02	-1.484607112766490183e-02	5.595716761238515163e-02	-5.956900415005478289e-02	2.089303041630682367e-01
1.191716171524308532e-01	-1.293780517530734309e-01	1.552787469362912343e-01	-2.142049615697909359e-01	2.150847214608907210e-01	-1.648035888099170787e-01	1.677874892442726973e-01	-1.712774574126707527e-01	2.405634818587198409e-01	-1.928930463255396632e-01	2.220111882268930581e-01	-2.368595190822185004e-01	2.808820769188462019e-01	-4.333054855910887793e-01	2.555340573309061725e-01	-1.466925267090160856e-01	2.457866767762356963e-01	-5.074316355410654067e-01	1.000000000000001110e+00	-3.805687843287499650e-01	1.415977163438050523e-01	-2.005850636811979670e-01	1.895366812785295729e-01	-2.854817877275164784e-01	2.411259412337519725e-01	-7.020433164059433628e-02	7.499612541372713270e-02	-1.410395821707578767e-01	1.976625561594941571e-01	-3.034396261508617298e-01	2.808505248775484270e-02	-2.760425757345116166e-02	1.347982755065689764e-01	-1.992248153384199583e-01	1.602616207887862798e-01	-1.618703903984723691e-02	1.664117003414434387e-02	-6.833100635041217119e-02	7.211597487647301852e-02	-2.694086031570499529e-01
-9.054151453251553516e-02	9.376191891703711256e-02	-1.173497393240536951e-01	1.479102896335622308e-01	-1.989297956324012073e-01	1.185206784053341594e-01	-1.261471248849508620e-01	1.185025541857156889e-01	-1.812931229208053496e-01	1.527767840009539302e-01	-1.765953437980794793e-01	1.442355821772504099e-01	-2.020181657070975190e-01	1.876013075305261457e-01	-2.469305280501961630e-01	1.053774029909309989e-01	-1.568564674423111593e-01	1.890115186731222696e-01	-3.805687843287499650e-01	9.999999999999977796e-01	-1.135468163147529547e-01	1.305998317932657860e-01	-1.342009966028405998e-01	2.149236582693189179e-01	-7.673748152064707728e-01	5.585377184732295830e-02	-6.102282321823365718e-02	1.144090082565454441e-01	-1.858551696173682266e-01	2.730580621359892102e-01	-2.335936877514540461e-02	2.282817145897343691e-02	-1.181286602262590912e-01	1.576068135461613229e-01	-1.396942045329172266e-01	1.332218372991769012e-02	-1.377304891470258058e-02	5.573475841360569366e-02	-6.050755079488570609e-02	1.986597449963641293e-01
8.250543439730684270e-02	-8.442018029933734402e-02	9.463900343887594879e-02	-1.138894243818213553e-01	1.296951164310602145e-01	-1.228355148330461527e-01	1.075278856543478573e-01	-9.661464184239360042e-02	1.153759824240329773e-01	-9.429829115049051524e-02	2.212138998495887798e-01	-1.875217022535248801e-01	1.345112746580990337e-01	-1.067932399185030773e-01	1.270879267773599164e-01	-8.323210333830108887e-01	1.775215199831272073e-01	-1.620548635131802140e-01	1.415977163438050523e-01	-1.135468163147529547e-01	1.000000000000001554e+00	-1.473918941842531360e-01	1.238387934853096423e-01	-1.194584768373221639e-01	1.018133898739801563e-01	-2.586862518567654146e-01	1.910621144612289213e-01	-1.253926968377986340e-01	1.064662298470729351e-01	-1.842760892472484480e-01	5.482187670697539345e-02	-5.340008920209911997e-02	1.172598565593171854e-01	-1.298772883347818485e-01	1.048968183511087143e-01	-2.312552222167463256e-02	2.375619679737261958e-02	-5.607464718336969273e-02	5.869435572339622154e-02	-2.023067280188339256e-01
-8.482168780139184849e-02	8.555703241805914794e-02	-1.040383327011792230e-01	1.230191926937994895e-01	-1.544368466186284705e-01	1.136733232031309493e-01	-1.195474994375023692e-01	1.069188738592353194e-01	-1.398091276172316322e-01	1.113782977171907246e-01	-2.021737644656283195e-01	1.752338272969058974e-01	-1.730884458002798498e-01	1.341388974908418741e-01	-1.574756578948686703e-01	1.331605184651305784e-01	-2.494946185052847876e-01	2.316315875907791755e-01	-2.005850636811979670e-01	1.305998317932657860e-01	-1.473918941842531360e-01	1.000000000000001110e+00	-8.517856125142143631e-01	1.730135442925759270e-01	-1.256838515511491394e-01	8.230008503517757812e-02	-9.404128915531247135e-02	1.536831004391140676e-01	-1.557985184589380512e-01	1.736970351547625913e-01	-3.161360795068193785e-02	3.101917112933095383e-02	-1.575150857583274000e-01	1.299430837476391321e-01	-1.059972770984958373e-01	1.597915182876580298e-02	-1.659635806449383244e-02	6.044143166745568480e-02	-6.612995983014641199e-02	1.726365136123653721e-01
7.647864727676427499e-02	-7.880439503599082074e-02	9.433242819443268812e-02	-1.152333676593434997e-01	1.383347165248459132e-01	-1.047038342418512152e-01	1.072465781917992939e-01	-9.907328923758497441e-02	1.265695328561088906e-01	-1.025436672647171837e-01	1.709274948807713856e-01	-1.692208101552302446e-01	1.561870022561790972e-01	-1.269039022621720747e-01	1.415962443194643261e-01	-1.220880152967959709e-01	2.031076559799264158e-01	-2.923319288956782724e-01	1.895366812785295729e-01	-1.342009966028405998e-01	1.238387934853096423e-01	-8.517856125142143631e-01	9.999999999999991118e-01	-2.114570233882757389e-01	1.243893922699239041e-01	-7.645817640878049826e-02	8.251203617144506341e-02	-1.784068897281024801e-01	1.581577629487499748e-01	-1.795420011072262068e-01	2.890320894208360525e-02	-2.868827747069942896e-02	1.492560960936925030e-01	-1.358366705592607415e-01	1.078129938104557678e-01	-1.502876627918822011e-02	1.552831255440841052e-02	-5.952784516966959372e-02	6.364342594739066938e-02	-1.765235346883406720e-01
-8.480268383596728521e-02	8.656723439638491779e-02	-1.081513354912703034e-01	1.324743594005146075e-01	-1.848603912749488543e-01	1.106031245752267383e-01	-1.172340865471140359e-01	1.078874221537929473e-01	-1.586420853677260878e-01	1.295789287098712828e-01	-1.728981434998758948e-01	1.379523438953243197e-01	-1.795725494393317079e-01	1.563928932695431429e-01	-1.886811134969682280e-01	1.086222989036986358e-01	-1.492741793952509222e-01	1.753338018523050157e-01	-2.854817877275164784e-01	2.149236582693189179e-01	-1.194584768373221639e-01	1.730135442925759270e-01	-2.114570233882757389e-01	9.999999999999993339e-01	-2.965744733747181505e-01	7.134711282344560757e-02	-7.953059359807812534e-02	1.979601091282587044e-01	-7.544369310541574336e-01	2.486743690865902134e-01	-3.160200136504901641e-02	3.108496734835331995e-02	-2.033188119432452201e-01	2.307248022136985932e-01	-1.910553867477979006e-01	1.731347704921436942e-02	-1.798130980420362124e-02	7.719108286759537862e-02	-8.557543392853381170e-02	2.129432683481602140e-01
7.925101030328979279e-02	-8.229903090595037940e-02	1.016509505183382511e-01	-1.291153322767635836e-01	1.723773374136969572e-01	-1.047419477275995520e-01	1.088598501598489754e-01	-1.023025489782511399e-01	1.492772615594537555e-01	-1.301322654748676422e-01	1.541145673519797032e-01	-1.290523668681858860e-01	1.655275256878291912e-01	-1.532050433293447034e-01	1.881307933320877090e-01	-9.558393920997924897e-02	1.315980417100190147e-01	-1.651217905243242967e-01	2.411259412337519725e-01	-7.673748152064707728e-01	1.018133898739801563e-01	-1.256838515511491394e-01	1.243893922699239041e-01	-2.965744733747181505e-01	9.999999999999983347e-01	-5.331758879530561213e-02	5.784147407896992471e-02	-1.190295529230280674e-01	1.988560972448531750e-01	-4.169739186839208633e-01	2.247696077247751320e-02	-2.206241912885744533e-02	1.181688592832836476e-01	-1.805544977926309691e-01	1.578098367097165167e-01	-1.301151890256740246e-02	1.343119121941564742e-02	-5.673990793874728739e-02	6.128964984020909834e-02	-2.051133209209577146e-01
-3.707814813349381844e-02	3.751318620170292217e-02	-4.418164108525519246e-02	5.280217452568078396e-02	-6.792941610909357386e-02	5.178917886216842514e-02	-4.922822257483910197e-02	4.408849402046589872e-02	-5.710553015582918446e-02	4.704872593601786002e-02	-9.179456189372489638e-02	7.182372923599049386e-02	-6.567324074792513233e-02	5.207184221065008084e-02	-6.527663359785988717e-02	1.719603428229931896e-01	-7.137995565101436235e-02	6.942234265126651094e-02	-7.020433164059433628e-02	5.585377184732295830e-02	-2.586862518567654146e-01	8.230008503517757812e-02	-7.645817640878049826e-02	7.134711282344560757e-02	-5.331758879530561213e-02	9.999999999999982236e-01	-8.999255725737210776e-01	1.506356844468187961e-01	-7.297738749514554035e-02	8.848749119549195741e-02	-1.495521415869010828e-01	1.321203772713262226e-01	-1.516443820345140525e-01	7.011912237217048094e-02	-5.580706669455214736e-02	3.976843710700402740e-02	-4.193704297808695247e-02	4.872902988590219198e-02	-5.325833992270083417e-02	9.553450400843745138e-02
3.948022308684526194e-02	-4.021495543635823788e-02	4.705102977721342672e-02	-5.669655463530223066e-02	7.177712820134943272e-02	-5.565440793766595479e-02	5.236437496744409531e-02	-4.715265318484727908e-02	6.066724255294755203e-02	-5.009882439598879744e-02	9.531280593797801515e-02	-7.771173495084465754e-02	6.968308223360555886e-02	-5.560590393705689555e-02	6.915591467421813854e-02	-1.896815458619313388e-01	7.600634214818220713e-02	-7.541666583779038646e-02	7.499612541372713270e-02	-6.102282321823365718e-02	1.910621144612289213e-01	-9.404128915531247135e-02	8.251203617144506341e-02	-7.953059359807812534e-02	5.784147407896992471e-02	-8.999255725737210776e-01	1.000000000000000666e+00	-1.960639038407313850e-01	7.971002115032860269e-02	-9.815466882706339047e-02	1.349736655068540236e-01	-1.568331509763491727e-01	1.495534743402932853e-01	-7.757154680861869100e-02	6.123734630166506598e-02	-4.061230449528866610e-02	4.172838242419130844e-02	-5.073221039036993757e-02	5.394908027812907181e-02	-1.063405531534136195e-01
-6.323467843514697651e-02	6.396790511820893421e-02	-7.898012120387197521e-02	9.499895700374495766e-02	-1.364850744688757278e-01	8.328083629711936775e-02	-8.600711713874260866e-02	7.769925045757260229e-02	-1.095403337019806994e-01	9.127002666925004837e-02	-1.351381082039894710e-01	1.050906839621058436e-01	-1.238749553606602744e-01	1.000992561213975840e-01	-1.299238787472974666e-01	1.117897494715037882e-01	-1.096865633705070980e-01	1.197959053813530128e-01	-1.410395821707578767e-01	1.144090082565454441e-01	-1.253926968377986340e-01	1.536831004391140676e-01	-1.784068897281024801e-01	1.979601091282587044e-01	-1.190295529230280674e-01	1.506356844468187961e-01	-1.960639038407313850e-01	9.999999999999991118e-01	-2.833806504860993392e-01	1.756774725514765045e-01	-7.182420078144982623e-02	7.192023615460370334e-02	-8.240195031007844229e-01	1.692271262214022076e-01	-1.310239216839100829e-01	3.313959197051057765e-02	-3.483536209288608937e-02	1.588908150299175315e-01	-1.776033213389040244e-01	1.819547022936409686e-01
7.373236440637416511e-02	-7.543828913563908889e-02	9.351220073345253847e-02	-1.151978018024902573e-01	1.619173341440370839e-01	-9.676431010188954462e-02	1.009440136459688192e-01	-9.293784883763125948e-02	1.335012688929840818e-01	-1.119775214531742585e-01	1.492833229081803048e-01	-1.208192148796991133e-01	1.497702423339861699e-01	-1.300642943921349048e-01	1.591051330166444455e-01	-9.806686091538628636e-02	1.246490224345819797e-01	-1.484762878580201395e-01	1.976625561594941571e-01	-1.858551696173682266e-01	1.064662298470729351e-01	-1.557985184589380512e-01	1.581577629487499748e-01	-7.544369310541574336e-01	1.988560972448531750e-01	-7.297738749514554035e-02	7.971002115032860269e-02	-2.833806504860993392e-01	1.000000000000001332e+00	-2.794420915152595608e-01	3.138704304980255433e-02	-3.123522321335623492e-02	2.078081198567663934e-01	-3.592732140355838211e-01	2.093620411541587956e-01	-1.735872405986778333e-02	1.796129657728564449e-02	-8.223994004848177164e-02	8.858378100205174799e-02	-2.306295710084618200e-01
-1.385744468732673096e-01	1.383750788422996592e-01	-1.768517079862875763e-01	2.093548851083336659e-01	-3.443470917252435259e-01	1.748243323214122846e-01	-1.892340005086102506e-01	1.691186663290842052e-01	-2.551757148136697961e-01	2.165963192426678674e-01	-2.804356256199294073e-01	1.976426927061874783e-01	-2.798370134498245898e-01	2.232806399037966238e-01	-3.215073863795909204e-01	1.598579750675741540e-01	-2.040256895712353191e-01	2.151220666592271180e-01	-3.034396261508617298e-01	2.730580621359892102e-01	-1.842760892472484480e-01	1.736970351547625913e-01	-1.795420011072262068e-01	2.486743690865902134e-01	-4.169739186839208633e-01	8.848749119549195741e-02	-9.815466882706339047e-02	1.756774725514765045e-01	-2.794420915152595608e-01	9.999999999999995559e-01	-3.842628569598629390e-02	3.733733703448607888e-02	-1.972492953814679872e-01	2.807669077309599692e-01	-3.939259161564719891e-01	2.217046679967907274e-02	-2.302934637838502385e-02	9.312509673144156452e-02	-1.048999341853081302e-01	3.121809568380071731e-01
1.444639868679882533e-02	-1.469005979899679591e-02	1.749012782015245404e-02	-2.110946774072828061e-02	2.808125240778701348e-02	-1.990776396856002231e-02	1.925638536269655768e-02	-1.735897474729100262e-02	2.303896334254420045e-02	-1.919451738376278666e-02	3.329668901525557195e-02	-2.655502845920398175e-02	2.617180510507480240e-02	-2.093503406836432629e-02	2.667020604485673477e-02	-5.154372333732438333e-02	2.605014041530430424e-02	-2.660346430577507568e-02	2.808505248775484270e-02	-2.335936877514540461e-02	5.482187670697539345e-02	-3.161360795068193785e-02	2.890320894208360525e-02	-3.160200136504901641e-02	2.247696077247751320e-02	-1.495521415869010828e-01	1.349736655068540236e-01	-7.182420078144982623e-02	3.138704304980255433e-02	-3.842628569598629390e-02	9.999999999999993339e-01	-9.472054045998840044e-01	7.396193537515298455e-02	-3.183315347308185439e-02	2.485639990211532813e-02	-1.793758911244570098e-01	1.513450119495308721e-01	-3.124660065149363272e-02	3.112463166250947766e-02	-4.250106563131345050e-02
-1.413607694210999161e-02	1.435278281744852349e-02	-1.714583644730037493e-02	2.065641914829325146e-02	-2.771593309249425346e-02	1.939624087691340856e-02	-1.886728960905716818e-02	1.699166714381968035e-02	-2.265683499854661068e-02	1.887545657189515502e-02	-3.255161243769653934e-02	2.574726033548158446e-02	-2.573405381192668193e-02	2.056014956834697344e-02	-2.628507698203558576e-02	4.836665431361730771e-02	-2.539267404975368431e-02	2.594016285040231379e-02	-2.760425757345116166e-02	2.282817145897343691e-02	-5.340008920209911997e-02	3.101917112933095383e-02	-2.868827747069942896e-02	3.108496734835331995e-02	-2.206241912885744533e-02	1.321203772713262226e-01	-1.568331509763491727e-01	7.192023615460370334e-02	-3.123522321335623492e-02	3.733733703448607888e-02	-9.472054045998840044e-01	9.999999999999991118e-01	-8.143585743383389974e-02	3.122832969413012749e-02	-2.440904308538844117e-02	1.498950769483073653e-01	-1.759503514696965365e-01	3.225179942718421622e-02	-3.250055757281426760e-02	4.123775910270359446e-02
6.184197299340366688e-02	-6.302653557374733595e-02	7.710205876886169762e-02	-9.387985851523679426e-02	1.320462423242410310e-01	-8.234552587355782605e-02	8.369897967175964071e-02	-7.611882986317042299e-02	1.060555167395491605e-01	-8.916629041834794878e-02	1.297113580585714521e-01	-1.044225171720821327e-01	1.192538464355874517e-01	-9.747428572858522766e-02	1.253795327098433943e-01	-1.124093444556206189e-01	1.058797639150007019e-01	-1.176509853808237055e-01	1.347982755065689764e-01	-1.181286602262590912e-01	1.172598565593171854e-01	-1.575150857583274000e-01	1.492560960936925030e-01	-2.033188119432452201e-01	1.181688592832836476e-01	-1.516443820345140525e-01	1.495534743402932853e-01	-8.240195031007844229e-01	2.078081198567663934e-01	-1.972492953814679872e-01	7.396193537515298455e-02	-8.143585743383389974e-02	1.000000000000000222e+00	-1.981555274627957441e-01	1.409597439021020304e-01	-3.756475454682531301e-02	3.853689455352331955e-02	-2.357740749983328610e-01	1.843383979519120364e-01	-2.143107979493911186e-01
-9.314367218854292807e-02	9.289708879008277964e-02	-1.183006985619091816e-01	1.397585453109185250e-01	-2.292043952736284584e-01	1.178848432057293255e-01	-1.267059940320434952e-01	1.131066141760237453e-01	-1.684476296393748740e-01	1.428336443625815855e-01	-1.907238468891159500e-01	1.350830490092874703e-01	-1.853773347491838308e-01	1.475184843310486382e-01	-2.077912997821257379e-01	1.125723607175567603e-01	-1.388816221805519446e-01	1.471277935517512903e-01	-1.992248153384199583e-01	1.576068135461613229e-01	-1.298772883347818485e-01	1.299430837476391321e-01	-1.358366705592607415e-01	2.307248022136985932e-01	-1.805544977926309691e-01	7.011912237217048094e-02	-7.757154680861869100e-02	1.692271262214022076e-01	-3.592732140355838211e-01	2.807669077309599692e-01	-3.183315347308185439e-02	3.122832969413012749e-02	-1.981555274627957441e-01	9.999999999999998890e-01	-7.219711114716449440e-01	1.934953111615189680e-02	-2.005523753726186353e-02	1.013729052876309045e-01	-1.207436683006814643e-01	2.945521806211014448e-01
7.622095352906460564e-02	-7.613945950404718555e-02	9.685237327437876131e-02	-1.147933201378702334e-01	1.889456804417298519e-01	-9.657568167426368311e-02	1.035313289781048807e-01	-9.257070373194249691e-02	1.376776292177488703e-01	-1.175340033422864888e-01	1.549491739545614810e-01	-1.104315872354655892e-01	1.510662409932164718e-01	-1.207021011404209448e-01	1.705822656278907223e-01	-9.140787566659160090e-02	1.124655774566877126e-01	-1.202047627744858294e-01	1.602616207887862798e-01	-1.396942045329172266e-01	1.048968183511087143e-01	-1.059972770984958373e-01	1.078129938104557678e-01	-1.910553867477979006e-01	1.578098367097165167e-01	-5.580706669455214736e-02	6.123734630166506598e-02	-1.310239216839100829e-01	2.093620411541587956e-01	-3.939259161564719891e-01	2.485639990211532813e-02	-2.440904308538844117e-02	1.409597439021020304e-01	-7.219711114716449440e-01	9.999999999999986677e-01	-1.545605660433822803e-02	1.596743704461779656e-02	-8.189794047229116691e-02	9.149859325875120408e-02	-4.653566335390596498e-01
-8.354446395030731831e-03	8.436655380214083677e-03	-1.028489831590798098e-02	1.232640907952693710e-02	-1.783834229577119235e-02	1.116780733650968999e-02	-1.119116559432683372e-02	1.004720185854529602e-02	-1.386522887137218302e-02	1.168665791350742555e-02	-1.842202033041240306e-02	1.407663686924864876e-02	-1.553272564149847657e-02	1.233823017660757443e-02	-1.642213895449246008e-02	2.105153408306459362e-02	-1.390657862280148677e-02	1.438257286754796027e-02	-1.618703903984723691e-02	1.332218372991769012e-02	-2.312552222167463256e-02	1.597915182876580298e-02	-1.502876627918822011e-02	1.731347704921436942e-02	-1.301151890256740246e-02	3.976843710700402740e-02	-4.061230449528866610e-02	3.313959197051057765e-02	-1.735872405986778333e-02	2.217046679967907274e-02	-1.793758911244570098e-01	1.498950769483073653e-01	-3.756475454682531301e-02	1.934953111615189680e-02	-1.545605660433822803e-02	9.999999999999978906e-01	-9.687807648386768111e-01	5.133371302585133800e-02	-5.207220659094609350e-02	2.660575762946307266e-02
8.573050762077927267e-03	-8.667527655016674104e-03	1.054658305186590567e-02	-1.266019545331068669e-02	1.820021731672887000e-02	-1.148789075112181118e-02	1.148005575960196756e-02	-1.031650304512118227e-02	1.420076465360665258e-02	-1.196618947264500854e-02	1.889692382116843483e-02	-1.452924904027012160e-02	1.591583135906107782e-02	-1.266131290142796101e-02	1.679449495816590088e-02	-2.200027473341047146e-02	1.432736436457943824e-02	-1.484607112766490183e-02	1.664117003414434387e-02	-1.377304891470258058e-02	2.375619679737261958e-02	-1.659635806449383244e-02	1.552831255440841052e-02	-1.798130980420362124e-02	1.343119121941564742e-02	-4.193704297808695247e-02	4.172838242419130844e-02	-3.483536209288608937e-02	1.796129657728564449e-02	-2.302934637838502385e-02	1.513450119495308721e-01	-1.759503514696965365e-01	3.853689455352331955e-02	-2.005523753726186353e-02	1.596743704461779656e-02	-9.687807648386768111e-01	9.999999999999985567e-01	-5.543323657848697739e-02	5.132386895558044282e-02	-2.764777627215819766e-02
-3.393084879592452030e-02	3.404661694541525480e-02	-4.266644277031897414e-02	5.080807428732615760e-02	-8.011888715916007375e-02	4.378815243681844632e-02	-4.586648344603570099e-02	4.109027501616285827e-02	-5.939222791536501178e-02	5.052855440929487907e-02	-7.047347958970692772e-02	5.197400844325009150e-02	-6.569885723659461829e-02	5.218635582773875625e-02	-7.214256531931408090e-02	5.047106391211630960e-02	-5.248100179313577862e-02	5.595716761238515163e-02	-6.833100635041217119e-02	5.573475841360569366e-02	-5.607464718336969273e-02	6.044143166745568480e-02	-5.952784516966959372e-02	7.719108286759537862e-02	-5.673990793874728739e-02	4.872902988590219198e-02	-5.073221039036993757e-02	1.588908150299175315e-01	-8.223994004848177164e-02	9.312509673144156452e-02	-3.124660065149363272e-02	3.225179942718421622e-02	-2.357740749983328610e-01	1.013729052876309045e-01	-8.189794047229116691e-02	5.133371302585133800e-02	-5.543323657848697739e-02	9.999999999999984457e-01	-9.366361843407172705e-01	1.274834880503158130e-01
3.546317587180302516e-02	-3.570449188858971362e-02	4.455382573040798239e-02	-5.333096439987815296e-02	8.267933496312881991e-02	-4.601636246377816680e-02	4.791627058282369594e-02	-4.306350801868481792e-02	6.190359540872900079e-02	-5.266776325482135090e-02	7.338708295953051686e-02	-5.504791077624363038e-02	6.853007437904000410e-02	-5.475179455917998650e-02	7.495232498704046398e-02	-5.387041719709260990e-02	5.536251987454250678e-02	-5.956900415005478289e-02	7.211597487647301852e-02	-6.050755079488570609e-02	5.869435572339622154e-02	-6.612995983014641199e-02	6.364342594739066938e-02	-8.557543392853381170e-02	6.128964984020909834e-02	-5.325833992270083417e-02	5.394908027812907181e-02	-1.776033213389040244e-01	8.858378100205174799e-02	-1.048999341853081302e-01	3.112463166250947766e-02	-3.250055757281426760e-02	1.843383979519120364e-01	-1.207436683006814643e-01	9.149859325875120408e-02	-5.207220659094609350e-02	5.132386895558044282e-02	-9.366361843407172705e-01	9.999999999999987788e-01	-1.573605892962022246e-01
