1.000000000000000222e+00	-9.083305102009979759e-01	7.470553899580867352e-02	-8.178183171010222630e-02	5.894319192127386170e-02	-1.650617249723499436e-01	2.271322523171198371e-01	-1.465997912796996039e-01	1.121015939240260634e-01	-5.181368944134477628e-02	1.298667065038103530e-01	-2.168934024776508207e-01	1.044669583171671523e-01	-9.342695946784283778e-02	8.111852694409173170e-02	-5.817121371684936398e-02	5.065606549844665213e-02	-9.479556420271946504e-02	7.454224533012684950e-02	-6.704323652688848334e-02	5.246132722556703931e-02	-5.445936961518103164e-02	8.041423961144072985e-02	-7.946890024760790150e-02	5.714414380765151652e-02	-5.155467678141575222e-02	4.188196054709386607e-02	-3.763211340377425884e-02	4.132654641637941578e-02	-8.327719135391825622e-02	3.047027101524408046e-02	-4.066550956360912711e-02	4.183822091451561836e-02	-3.360806503918811750e-02	5.112463304472746051e-02	-2.681658543218056953e-02	3.613148454553851557e-02	-2.980555669969625621e-02	3.515225496748684147e-02	-6.027226971449999721e-02
-9.083305102009979759e-01	1.000000000000000222e+00	-7.200429773453891069e-02	7.248917548562212876e-02	-5.283894030047948248e-02	1.239073274230231142e-01	-3.092087297586075256e-01	1.287934874884139602e-01	-1.044133120120961378e-01	4.585883060799776645e-02	-1.201990808913229042e-01	1.820823119438105819e-01	-9.226160508883644862e-02	7.926275889006385855e-02	-7.133622698957829689e-02	4.934965783011437124e-02	-4.374454924581617360e-02	7.997802766369062344e-02	-6.435237183565102603e-02	5.709173903519194904e-02	-4.539539209431855959e-02	4.659977969024563238e-02	-7.012999296152450102e-02	6.739082828184943252e-02	-4.902179675954071447e-02	4.392921031506893254e-02	-3.599752099721831300e-02	3.224296891258046638e-02	-3.554190509330126119e-02	7.017184809328995410e-02	-2.617537288789270958e-02	3.477159688305047486e-02	-3.601816357177792249e-02	2.884085617674397167e-02	-4.407825809848294613e-02	2.294683621001095825e-02	-3.104779178570359066e-02	2.548055387125439109e-02	-3.014585687952379620e-02	5.105388038518723220e-02
7.470553899580867352e-02	-7.200429773453891069e-02	9.999999999999997780e-01	-8.443862812350946268e-01	1.009115728804166612e-01	-4.932809309517485058e-02	1.431469827778763249e-01	-4.224511931989413105e-01	2.513444313175141609e-01	-8.917218283957914493e-02	4.635862718923527970e-02	-1.241226843873525915e-01	1.190472728765735178e-01	-1.078830011872178446e-01	1.051721895410947516e-01	-4.812228889777230706e-02	4.231725248931075822e-02	-1.022359086448807464e-01	8.663996957008567035e-02	-8.029137086464836759e-02	5.388228762928910787e-02	-5.449957116763722020e-02	9.097488001244942446e-02	-9.043033791502960717e-02	6.803493064296450843e-02	-5.463332360570194446e-02	4.463108859001168466e-02	-4.175073840529798519e-02	4.707158588512540959e-02	-9.821492896975300702e-02	3.345940655545632386e-02	-4.398665734510463082e-02	4.680807274877880897e-02	-3.824542132907594177e-02	5.907914086206689230e-02	-2.942857462078669883e-02	4.013282888413303995e-02	-3.334381132772682582e-02	3.974758551921648425e-02	-6.893497819609381572e-02
-8.178183171010222630e-02	7.248917548562212876e-02	-8.443862812350946268e-01	1.000000000000000000e+00	-1.345290855028094534e-01	5.220282492070144748e-02	-1.552582057154483219e-01	2.783505553647616093e-01	-3.746716771202632801e-01	1.121025035657003954e-01	-4.989881844926197241e-02	1.261116429378910386e-01	-1.258212021030503114e-01	1.171611237265265115e-01	-1.266643821770043199e-01	5.363694375894653699e-02	-4.738010216710668299e-02	1.072494176475920491e-01	-9.718861477059172194e-02	9.206967774652627390e-02	-6.235217536496327068e-02	6.210621457581036453e-02	-1.057296733189113935e-01	1.024073401224296909e-01	-7.876871895478822216e-02	6.269722235410545019e-02	-5.156337396633266928e-02	4.831918652848061352e-02	-5.480425682022321832e-02	1.122802634337925209e-01	-3.887609532103470517e-02	5.072051954813187880e-02	-5.453811763044292410e-02	4.446937251712745204e-02	-6.921824100894818921e-02	3.405816574504195310e-02	-4.669847572558608051e-02	3.862628637644147794e-02	-4.626268856917250399e-02	7.933358127550818595e-02
5.894319192127386170e-02	-5.283894030047948248e-02	1.009115728804166612e-01	-1.345290855028094534e-01	9.999999999999998890e-01	-5.557004175180840083e-02	1.184476774517164155e-01	-1.919565417175497779e-01	2.319665148808925659e-01	-8.407305511606498749e-01	5.135581124400449837e-02	-1.313698112247024541e-01	1.316975815446090603e-01	-1.666706343661409073e-01	2.588816060861287571e-01	-7.953979159847968106e-02	6.732705674401415208e-02	-1.431390836874052441e-01	1.369198392715856583e-01	-2.049891703605189186e-01	9.563746430493534623e-02	-9.703132913184871200e-02	1.516956003084905802e-01	-1.858416311136956711e-01	1.507580807468710815e-01	-1.062005084753172568e-01	8.382957251196267168e-02	-8.257279193680121254e-02	9.398976286259484725e-02	-2.508160597712401629e-01	6.482866599245278028e-02	-8.566946433817616835e-02	9.116141235548044786e-02	-7.765381559090053787e-02	1.188200226543218441e-01	-5.816539681491407487e-02	7.866824130267803528e-02	-6.793749748253233300e-02	8.057693293554558933e-02	-1.531944616740046339e-01
-1.650617249723499436e-01	1.239073274230231142e-01	-4.932809309517485058e-02	5.220282492070144748e-02	-5.557004175180840083e-02	1.000000000000000222e+00	-1.789415328124354110e-01	9.776718435891613990e-02	-1.044791386244396242e-01	4.657822673194039753e-02	-9.348184223338456000e-01	1.840162567272170813e-01	-9.741828983738111403e-02	7.733989268710683707e-02	-7.615667367969534973e-02	8.268922497551375872e-02	-7.294912610641314521e-02	7.882422759909595011e-02	-6.655496803011494433e-02	5.779365150322858524e-02	-6.210945298689305588e-02	6.034403150648922493e-02	-8.205866149804301457e-02	6.983755776620328981e-02	-5.124436241661520230e-02	5.274192472873915488e-02	-4.481135409933979796e-02	3.738626110248230439e-02	-4.053542458125485026e-02	7.080558199833031363e-02	-3.138926881004697189e-02	4.129164732180835851e-02	-4.238070785501813625e-02	3.267746371045553849e-02	-5.010177189228970374e-02	2.699941399521581936e-02	-3.677127258219810291e-02	2.920812397817000930e-02	-3.464381003322555136e-02	5.491327496394472762e-02
2.271322523171198371e-01	-3.092087297586075256e-01	1.431469827778763249e-01	-1.552582057154483219e-01	1.184476774517164155e-01	-1.789415328124354110e-01	1.000000000000000222e+00	-3.986819517688267589e-01	2.368758776007815203e-01	-1.049708596632974583e-01	1.587981688540150149e-01	-6.890994995539697632e-01	2.458063710166636384e-01	-2.055838942888615350e-01	1.649600641747835383e-01	-1.153740881381727923e-01	1.032459753328394125e-01	-2.103385862303522869e-01	1.592186746710870238e-01	-1.348709251493133698e-01	1.019693485669649208e-01	-1.082836286243001184e-01	1.617336549612275187e-01	-1.594438774736718356e-01	1.141662182200154918e-01	-9.996531941860233028e-02	8.170077363105603119e-02	-7.334000328137252334e-02	8.067237626597359434e-02	-1.619909988445956683e-01	5.896547840285662478e-02	-7.909087659803655523e-02	8.135016634945539671e-02	-6.544012360523024374e-02	9.937258656607796115e-02	-5.189790674372346535e-02	6.993488000563387319e-02	-5.765022461137343790e-02	6.793935507359738502e-02	-1.160056499595482626e-01
-1.465997912796996039e-01	1.287934874884139602e-01	-4.224511931989413105e-01	2.783505553647616093e-01	-1.919565417175497779e-01	9.776718435891613990e-02	-3.986819517688267589e-01	9.999999999999997780e-01	-5.759989380829000361e-01	1.639813281339705386e-01	-9.487036738558164706e-02	2.561689158589801618e-01	-3.075698041471445765e-01	2.157536572483505777e-01	-2.173069724612907705e-01	9.512862669372869340e-02	-8.545079023500129489e-02	2.050052838992404980e-01	-1.820075481167902354e-01	1.554221920222518261e-01	-1.082456769636729876e-01	1.084271484830502813e-01	-1.891512258409966396e-01	1.756534822446805810e-01	-1.344341876488540366e-01	1.066839286888713739e-01	-8.853790112470893980e-02	8.206391721797474947e-02	-9.294322071625077397e-02	1.840419373587645624e-01	-6.594955914093758587e-02	8.630635564080009481e-02	-9.263066457765127548e-02	7.510709896653186557e-02	-1.167600742643542383e-01	5.760609075497824527e-02	-7.903211751676217367e-02	6.495270718910564622e-02	-7.774983888613989924e-02	1.311144674606841143e-01
1.121015939240260634e-01	-1.044133120120961378e-01	2.513444313175141609e-01	-3.746716771202632801e-01	2.319665148808925659e-01	-1.044791386244396242e-01	2.368758776007815203e-01	-5.759989380829000361e-01	9.999999999999993339e-01	-2.859643161127836675e-01	9.483790653818789662e-02	-2.609210988176398627e-01	2.391303005168716467e-01	-2.903149473795836322e-01	2.509900195207973028e-01	-1.172914409485216469e-01	1.002417491332246724e-01	-2.402759909311784903e-01	2.066939521473147023e-01	-2.133185749054485880e-01	1.312632622024317297e-01	-1.346316227192499437e-01	2.121652790373525777e-01	-2.379094202941584579e-01	1.751063215959621222e-01	-1.411367872664663903e-01	1.119085238027689860e-01	-1.069467331499194124e-01	1.198095017433546822e-01	-2.797915109324731753e-01	8.511370691112268849e-02	-1.127453447868634745e-01	1.182370417442603766e-01	-9.839622828273887623e-02	1.500247374683770230e-01	-7.598995234903670182e-02	1.024601670522121283e-01	-8.730699299242987432e-02	1.032616177692921994e-01	-1.910284771985513996e-01
-5.181368944134477628e-02	4.585883060799776645e-02	-8.917218283957914493e-02	1.121025035657003954e-01	-8.407305511606498749e-01	4.657822673194039753e-02	-1.049708596632974583e-01	1.639813281339705386e-01	-2.859643161127836675e-01	9.999999999999983347e-01	-4.358549139758843144e-02	1.119359141872562358e-01	-1.194043720473352693e-01	1.532591560646545947e-01	-3.598713295103774801e-01	6.423116968626139955e-02	-5.517709836205771101e-02	1.228711415129260520e-01	-1.239681051241831450e-01	1.724953696907431389e-01	-7.798551778304130266e-02	7.853746478259669705e-02	-1.292223240126948725e-01	1.503906735858281940e-01	-1.299437667387808859e-01	8.354238884658272968e-02	-6.731446898906323639e-02	6.570523372764412728e-02	-7.548807240015599496e-02	1.854725255970045283e-01	-5.151035755157889334e-02	6.785235635617868633e-02	-7.316471562191038946e-02	6.174072022663088660e-02	-9.533355516711149169e-02	4.577838464009336555e-02	-6.239327189197413359e-02	5.299712102528837676e-02	-6.319521231615962686e-02	1.148787491623700918e-01
1.298667065038103530e-01	-1.201990808913229042e-01	4.635862718923527970e-02	-4.989881844926197241e-02	5.135581124400449837e-02	-9.348184223338456000e-01	1.587981688540150149e-01	-9.487036738558164706e-02	9.483790653818789662e-02	-4.358549139758843144e-02	1.000000000000000000e+00	-2.327902845761813666e-01	9.700105404966725964e-02	-7.797122071321349601e-02	7.178697177247805872e-02	-9.167756280657871071e-02	7.369918317863713431e-02	-8.038763612792204638e-02	6.512954517882893479e-02	-5.607894888926190369e-02	6.001264776406738805e-02	-6.006471420255027338e-02	7.826561042218829756e-02	-6.817971309793198487e-02	4.927644330232414799e-02	-5.154402554085119048e-02	4.342134637479987125e-02	-3.608024444994929747e-02	3.880538821018858497e-02	-6.869099015878303571e-02	3.017253280059581724e-02	-4.010494594871059915e-02	4.061260639360404767e-02	-3.133345107229248278e-02	4.769758091695339153e-02	-2.606837890834265772e-02	3.527512559850003865e-02	-2.812831938535724149e-02	3.318698116008227117e-02	-5.308762111664085126e-02
-2.168934024776508207e-01	1.820823119438105819e-01	-1.241226843873525915e-01	1.261116429378910386e-01	-1.313698112247024541e-01	1.840162567272170813e-01	-6.890994995539697632e-01	2.561689158589801618e-01	-2.609210988176398627e-01	1.119359141872562358e-01	-2.327902845761813666e-01	1.000000000000001110e+00	-4.105023026369685191e-01	2.152860641757392002e-01	-1.899233187747043083e-01	1.275851609812236331e-01	-1.331488597798749507e-01	2.206523111134989779e-01	-1.839620105349888124e-01	1.393594935514023969e-01	-1.147562344824873126e-01	1.193843834189689118e-01	-1.879068855753908973e-01	1.640104283726198375e-01	-1.216626887273935531e-01	1.054566765810428797e-01	-8.924983502688069170e-02	7.808285977810147660e-02	-8.644077083120080274e-02	1.604034089855084499e-01	-6.330705996113890344e-02	8.413946709699109128e-02	-8.773770958577721546e-02	6.950777103459476747e-02	-1.066569262465413975e-01	5.500164842906801049e-02	-7.496421528559642222e-02	6.062452166690283917e-02	-7.196887569131862894e-02	1.175752373369411963e-01
1.044669583171671523e-01	-9.226160508883644862e-02	1.190472728765735178e-01	-1.258212021030503114e-01	1.316975815446090603e-01	-9.741828983738111403e-02	2.458063710166636384e-01	-3.075698041471445765e-01	2.391303005168716467e-01	-1.194043720473352693e-01	9.700105404966725964e-02	-4.105023026369685191e-01	9.999999999999991118e-01	-5.078355565718962739e-01	2.217446300173747942e-01	-1.037011320282431176e-01	9.455138119635675409e-02	-5.659807164301070559e-01	2.953382404281265639e-01	-1.787656005220264466e-01	1.081820827232603532e-01	-1.173296713250715356e-01	2.113232138901375012e-01	-2.101607022260822133e-01	1.457479646923709460e-01	-1.067955213591168656e-01	8.878894122368170827e-02	-8.181115215921563877e-02	9.185691206783956619e-02	-1.817770677326596973e-01	6.356377570382758246e-02	-8.608768506795917708e-02	9.008436067939330771e-02	-7.357357901317815307e-02	1.112529558362448934e-01	-5.590651599125148752e-02	7.573781440874215176e-02	-6.243452840493538686e-02	7.363840379064777453e-02	-1.238232102870940043e-01
-9.342695946784283778e-02	7.926275889006385855e-02	-1.078830011872178446e-01	1.171611237265265115e-01	-1.666706343661409073e-01	7.733989268710683707e-02	-2.055838942888615350e-01	2.157536572483505777e-01	-2.903149473795836322e-01	1.532591560646545947e-01	-7.797122071321349601e-02	2.152860641757392002e-01	-5.078355565718962739e-01	1.000000000000001110e+00	-4.017474683412340930e-01	9.740770724974699701e-02	-8.825292063915640695e-02	3.170376547946258117e-01	-5.755772545489900027e-01	2.274895362193366521e-01	-1.152079198731885135e-01	1.187894059555532345e-01	-2.299998989444997088e-01	2.410274692738681446e-01	-1.864367384882559264e-01	1.131755416820511978e-01	-9.552083655228132963e-02	9.013083653490959468e-02	-1.049130178919821382e-01	2.061767116303461211e-01	-6.933173538497952593e-02	9.261082238615400697e-02	-1.004927109719533918e-01	8.307065879125559438e-02	-1.275511890192866371e-01	6.065873778164217189e-02	-8.318952292154101202e-02	6.842268996878178577e-02	-8.152934114929741294e-02	1.353763436406907883e-01
8.111852694409173170e-02	-7.133622698957829689e-02	1.051721895410947516e-01	-1.266643821770043199e-01	2.588816060861287571e-01	-7.615667367969534973e-02	1.649600641747835383e-01	-2.173069724612907705e-01	2.509900195207973028e-01	-3.598713295103774801e-01	7.178697177247805872e-02	-1.899233187747043083e-01	2.217446300173747942e-01	-4.017474683412340930e-01	1.000000000000001332e+00	-1.142516147625182860e-01	9.780449116655919040e-02	-2.442935872781855922e-01	2.577467208774720242e-01	-5.197224543677634312e-01	1.380093316224897948e-01	-1.419745663954993520e-01	2.349143016367410963e-01	-3.189496822823688627e-01	2.779321091828667600e-01	-1.492355812775831847e-01	1.204836912947303135e-01	-1.196453982259276239e-01	1.388196507786230161e-01	-3.741820662196497782e-01	9.088654498045811714e-02	-1.217300117691230421e-01	1.313200552193050097e-01	-1.132290180280381836e-01	1.722549364012184447e-01	-8.105643977596743710e-02	1.100074823521870193e-01	-9.377028532235662239e-02	1.111320053359766413e-01	-2.009182512665100839e-01
-5.817121371684936398e-02	4.934965783011437124e-02	-4.812228889777230706e-02	5.363694375894653699e-02	-7.953979159847968106e-02	8.268922497551375872e-02	-1.153740881381727923e-01	9.512862669372869340e-02	-1.172914409485216469e-01	6.423116968626139955e-02	-9.167756280657871071e-02	1.275851609812236331e-01	-1.037011320282431176e-01	9.740770724974699701e-02	-1.142516147625182860e-01	1.000000000000001110e+00	-8.280869091488076705e-01	1.132042435218998527e-01	-9.820696645791417156e-02	9.442613020694909376e-02	-3.295034983269754525e-01	2.830868303269754027e-01	-2.249571395020298625e-01	1.372089178518516306e-01	-9.208418610933236104e-02	1.872134792008227355e-01	-1.756384061060614621e-01	1.106403392669205454e-01	-1.079398811738502828e-01	1.335693613435569582e-01	-1.020173334431865447e-01	1.360076407591574998e-01	-1.269112762059930455e-01	8.588791043525591251e-02	-1.265832266409643025e-01	8.433351105801904779e-02	-1.140000859847317971e-01	8.331118910462256832e-02	-9.678041996266728564e-02	1.319204177080833817e-01
5.065606549844665213e-02	-4.374454924581617360e-02	4.231725248931075822e-02	-4.738010216710668299e-02	6.732705674401415208e-02	-7.294912610641314521e-02	1.032459753328394125e-01	-8.545079023500129489e-02	1.002417491332246724e-01	-5.517709836205771101e-02	7.369918317863713431e-02	-1.331488597798749507e-01	9.455138119635675409e-02	-8.825292063915640695e-02	9.780449116655919040e-02	-8.280869091488076705e-01	9.999999999999980016e-01	-1.080084498007612276e-01	8.787356186451703022e-02	-8.380041254272763140e-02	2.364302753761699794e-01	-4.247072861659630383e-01	1.886971626058797369e-01	-1.249281069553482421e-01	8.048057792040096137e-02	-1.706252842222778232e-01	1.578941508752055578e-01	-9.906949237212228643e-02	9.100028276582315667e-02	-1.186247312812225702e-01	8.544272631336959078e-02	-1.282873288351311369e-01	1.077336368429214486e-01	-7.326631852326771777e-02	1.045412734212943645e-01	-7.313550592209587531e-02	9.556293731042724005e-02	-7.175097979039397889e-02	8.089203609320108623e-02	-1.159975240330531343e-01
-9.479556420271946504e-02	7.997802766369062344e-02	-1.022359086448807464e-01	1.072494176475920491e-01	-1.431390836874052441e-01	7.882422759909595011e-02	-2.103385862303522869e-01	2.050052838992404980e-01	-2.402759909311784903e-01	1.228711415129260520e-01	-8.038763612792204638e-02	2.206523111134989779e-01	-5.659807164301070559e-01	3.170376547946258117e-01	-2.442935872781855922e-01	1.132042435218998527e-01	-1.080084498007612276e-01	9.999999999999995559e-01	-5.693208945528783760e-01	1.980453010810651615e-01	-1.305307496142068813e-01	1.425346006789402487e-01	-3.467620300943860534e-01	2.492497824062944733e-01	-1.751550465687153890e-01	1.233656487509498523e-01	-1.058866199070144232e-01	9.602420000136727141e-02	-1.084198491457680769e-01	1.945506992984011307e-01	-7.388019538435124101e-02	1.003402898714480102e-01	-1.060098193698228580e-01	8.553219502136624741e-02	-1.296391845850545232e-01	6.445537904440767907e-02	-8.794023124932667801e-02	7.150346702746700200e-02	-8.453126129792404297e-02	1.371075341686906757e-01
7.454224533012684950e-02	-6.435237183565102603e-02	8.663996957008567035e-02	-9.718861477059172194e-02	1.369198392715856583e-01	-6.655496803011494433e-02	1.592186746710870238e-01	-1.820075481167902354e-01	2.066939521473147023e-01	-1.239681051241831450e-01	6.512954517882893479e-02	-1.839620105349888124e-01	2.953382404281265639e-01	-5.755772545489900027e-01	2.577467208774720242e-01	-9.820696645791417156e-02	8.787356186451703022e-02	-5.693208945528783760e-01	9.999999999999985567e-01	-2.899113022908834103e-01	1.146448936182503930e-01	-1.233124339335519709e-01	2.422085466773779006e-01	-3.681160426261851359e-01	2.069007679028072588e-01	-1.141462452624064788e-01	9.634423403743981595e-02	-9.266840153259869872e-02	1.090209122652571611e-01	-2.089225425201353126e-01	6.881786569383127605e-02	-9.368554036922756290e-02	1.010584982285367694e-01	-8.544011777263529894e-02	1.272641611778532467e-01	-6.047256622242250246e-02	8.248690568877270479e-02	-6.812658207288191381e-02	8.061526734750340539e-02	-1.335242934017422667e-01
-6.704323652688848334e-02	5.709173903519194904e-02	-8.029137086464836759e-02	9.206967774652627390e-02	-2.049891703605189186e-01	5.779365150322858524e-02	-1.348709251493133698e-01	1.554221920222518261e-01	-2.133185749054485880e-01	1.724953696907431389e-01	-5.607894888926190369e-02	1.393594935514023969e-01	-1.787656005220264466e-01	2.274895362193366521e-01	-5.197224543677634312e-01	9.442613020694909376e-02	-8.380041254272763140e-02	1.980453010810651615e-01	-2.899113022908834103e-01	9.999999999999973355e-01	-1.249543920447614836e-01	1.238427315468929035e-01	-2.391548251476126596e-01	2.866476309837449610e-01	-6.444564052505814544e-01	1.242307274903333980e-01	-1.071261027461461318e-01	1.062029793879576411e-01	-1.307095426897763590e-01	2.875072758196261513e-01	-7.928400741222192682e-02	1.047372436811495472e-01	-1.206273936202217623e-01	1.028104574585717579e-01	-1.648228372159290245e-01	6.893285727508806360e-02	-9.628594317525222823e-02	7.904211598081282986e-02	-9.568784573690626571e-02	1.537541807780197223e-01
5.246132722556703931e-02	-4.539539209431855959e-02	5.388228762928910787e-02	-6.235217536496327068e-02	9.563746430493534623e-02	-6.210945298689305588e-02	1.019693485669649208e-01	-1.082456769636729876e-01	1.312632622024317297e-01	-7.798551778304130266e-02	6.001264776406738805e-02	-1.147562344824873126e-01	1.081820827232603532e-01	-1.152079198731885135e-01	1.380093316224897948e-01	-3.295034983269754525e-01	2.364302753761699794e-01	-1.305307496142068813e-01	1.146448936182503930e-01	-1.249543920447614836e-01	9.999999999999966693e-01	-5.303539314390320891e-01	2.498085612887571139e-01	-1.928948571447275384e-01	1.213597451941953176e-01	-6.061661307958972067e-01	2.612178483530884221e-01	-1.695217436181907233e-01	1.493122812739307026e-01	-1.946111935744288812e-01	1.805430274576819705e-01	-2.292768042642793769e-01	1.806082079270209251e-01	-1.228363295309966297e-01	1.706233957769348608e-01	-1.595768729292305066e-01	1.734153109137568649e-01	-1.326557446875494262e-01	1.431527040755546376e-01	-2.135993857755020264e-01
-5.445936961518103164e-02	4.659977969024563238e-02	-5.449957116763722020e-02	6.210621457581036453e-02	-9.703132913184871200e-02	6.034403150648922493e-02	-1.082836286243001184e-01	1.084271484830502813e-01	-1.346316227192499437e-01	7.853746478259669705e-02	-6.006471420255027338e-02	1.193843834189689118e-01	-1.173296713250715356e-01	1.187894059555532345e-01	-1.419745663954993520e-01	2.830868303269754027e-01	-4.247072861659630383e-01	1.425346006789402487e-01	-1.233124339335519709e-01	1.238427315468929035e-01	-5.303539314390320891e-01	9.999999999999968914e-01	-4.202370074253661825e-01	1.966597297774242137e-01	-1.233552735429768593e-01	2.813208570204637771e-01	-3.931396450273421106e-01	1.728887094453894213e-01	-1.555197398380773754e-01	1.815067451852180047e-01	-1.468394050922925131e-01	2.260755327975608464e-01	-1.911141901438049573e-01	1.225497691895187230e-01	-1.728105935609480226e-01	1.224366481772133364e-01	-1.667026183573478704e-01	1.199985084315797340e-01	-1.353859581965597136e-01	1.846634649147111396e-01
8.041423961144072985e-02	-7.012999296152450102e-02	9.097488001244942446e-02	-1.057296733189113935e-01	1.516956003084905802e-01	-8.205866149804301457e-02	1.617336549612275187e-01	-1.891512258409966396e-01	2.121652790373525777e-01	-1.292223240126948725e-01	7.826561042218829756e-02	-1.879068855753908973e-01	2.113232138901375012e-01	-2.299998989444997088e-01	2.349143016367410963e-01	-2.249571395020298625e-01	1.886971626058797369e-01	-3.467620300943860534e-01	2.422085466773779006e-01	-2.391548251476126596e-01	2.498085612887571139e-01	-4.202370074253661825e-01	9.999999999999994449e-01	-5.082898139774122415e-01	2.305172918720314601e-01	-2.629565059422273587e-01	2.145383592091172353e-01	-1.910309092527509300e-01	1.851476980897056035e-01	-3.219183904314155131e-01	1.381356909017758539e-01	-2.091102904135644647e-01	1.910212975455221895e-01	-1.495355226730726572e-01	2.088162024932394834e-01	-1.245651572060895440e-01	1.610078939377301011e-01	-1.339250957967916822e-01	1.500628093009042652e-01	-2.548069437872880205e-01
-7.946890024760790150e-02	6.739082828184943252e-02	-9.043033791502960717e-02	1.024073401224296909e-01	-1.858416311136956711e-01	6.983755776620328981e-02	-1.594438774736718356e-01	1.756534822446805810e-01	-2.379094202941584579e-01	1.503906735858281940e-01	-6.817971309793198487e-02	1.640104283726198375e-01	-2.101607022260822133e-01	2.410274692738681446e-01	-3.189496822823688627e-01	1.372089178518516306e-01	-1.249281069553482421e-01	2.492497824062944733e-01	-3.681160426261851359e-01	2.866476309837449610e-01	-1.928948571447275384e-01	1.966597297774242137e-01	-5.082898139774122415e-01	1.000000000000000000e+00	-4.701302603587835804e-01	1.805984525349999537e-01	-1.640388128866545892e-01	1.651531489506382622e-01	-2.326065907493855001e-01	3.008679853162369300e-01	-1.139380005851805544e-01	1.548223768171149983e-01	-1.821323175937610561e-01	1.589582289468451093e-01	-2.358689851943786830e-01	9.842555148689455247e-02	-1.379531219378575535e-01	1.117349820321932169e-01	-1.344619183405243446e-01	2.046985262490255697e-01
5.714414380765151652e-02	-4.902179675954071447e-02	6.803493064296450843e-02	-7.876871895478822216e-02	1.507580807468710815e-01	-5.124436241661520230e-02	1.141662182200154918e-01	-1.344341876488540366e-01	1.751063215959621222e-01	-1.299437667387808859e-01	4.927644330232414799e-02	-1.216626887273935531e-01	1.457479646923709460e-01	-1.864367384882559264e-01	2.779321091828667600e-01	-9.208418610933236104e-02	8.048057792040096137e-02	-1.751550465687153890e-01	2.069007679028072588e-01	-6.444564052505814544e-01	1.213597451941953176e-01	-1.233552735429768593e-01	2.305172918720314601e-01	-4.701302603587835804e-01	9.999999999999986677e-01	-1.244469802759626542e-01	1.069991173067699891e-01	-1.112509228634286085e-01	1.401600176328055836e-01	-4.741134001501375317e-01	7.838404195944449759e-02	-1.058363469001146473e-01	1.223292836001878964e-01	-1.104490989871250300e-01	1.702335721014689995e-01	-6.872048839576573587e-02	9.544085124977651213e-02	-7.942432700681145707e-02	9.539962711008459495e-02	-1.554361098970366006e-01
-5.155467678141575222e-02	4.392921031506893254e-02	-5.463332360570194446e-02	6.269722235410545019e-02	-1.062005084753172568e-01	5.274192472873915488e-02	-9.996531941860233028e-02	1.066839286888713739e-01	-1.411367872664663903e-01	8.354238884658272968e-02	-5.154402554085119048e-02	1.054566765810428797e-01	-1.067955213591168656e-01	1.131755416820511978e-01	-1.492355812775831847e-01	1.872134792008227355e-01	-1.706252842222778232e-01	1.233656487509498523e-01	-1.141462452624064788e-01	1.242307274903333980e-01	-6.061661307958972067e-01	2.813208570204637771e-01	-2.629565059422273587e-01	1.805984525349999537e-01	-1.244469802759626542e-01	9.999999999999985567e-01	-3.985048372988648779e-01	1.993917566664877294e-01	-1.904835862705959726e-01	1.938498716462878912e-01	-3.479667102380768484e-01	2.608881695357673780e-01	-2.389539625116411659e-01	1.512968289932785926e-01	-2.216574573081061261e-01	2.175289856677991851e-01	-2.545710294354012748e-01	1.680633275509445523e-01	-1.942724974108929747e-01	2.298419724428112099e-01
4.188196054709386607e-02	-3.599752099721831300e-02	4.463108859001168466e-02	-5.156337396633266928e-02	8.382957251196267168e-02	-4.481135409933979796e-02	8.170077363105603119e-02	-8.853790112470893980e-02	1.119085238027689860e-01	-6.731446898906323639e-02	4.342134637479987125e-02	-8.924983502688069170e-02	8.878894122368170827e-02	-9.552083655228132963e-02	1.204836912947303135e-01	-1.756384061060614621e-01	1.578941508752055578e-01	-1.058866199070144232e-01	9.634423403743981595e-02	-1.071261027461461318e-01	2.612178483530884221e-01	-3.931396450273421106e-01	2.145383592091172353e-01	-1.640388128866545892e-01	1.069991173067699891e-01	-3.985048372988648779e-01	9.999999999999992228e-01	-3.424807546978383965e-01	1.916120977363595657e-01	-1.780405442889453627e-01	1.780619016765751239e-01	-6.326905765777641744e-01	2.762983122985473439e-01	-1.554343568303380441e-01	1.842321838795042410e-01	-1.605098759596016722e-01	2.175632568111537102e-01	-1.583472557494783328e-01	1.569902430922545666e-01	-2.135645244202412640e-01
-3.763211340377425884e-02	3.224296891258046638e-02	-4.175073840529798519e-02	4.831918652848061352e-02	-8.257279193680121254e-02	3.738626110248230439e-02	-7.334000328137252334e-02	8.206391721797474947e-02	-1.069467331499194124e-01	6.570523372764412728e-02	-3.608024444994929747e-02	7.808285977810147660e-02	-8.181115215921563877e-02	9.013083653490959468e-02	-1.196453982259276239e-01	1.106403392669205454e-01	-9.906949237212228643e-02	9.602420000136727141e-02	-9.266840153259869872e-02	1.062029793879576411e-01	-1.695217436181907233e-01	1.728887094453894213e-01	-1.910309092527509300e-01	1.651531489506382622e-01	-1.112509228634286085e-01	1.993917566664877294e-01	-3.424807546978383965e-01	1.000000000000000444e+00	-5.050075542610973356e-01	1.912540464702423837e-01	-1.315710561583562366e-01	2.635687605125813793e-01	-6.547375511848240182e-01	2.600192155098161595e-01	-2.638437007745719209e-01	1.163192818010907598e-01	-1.727419526456045740e-01	1.430037456831952380e-01	-1.575123416229254891e-01	2.128181084987103566e-01
4.132654641637941578e-02	-3.554190509330126119e-02	4.707158588512540959e-02	-5.480425682022321832e-02	9.398976286259484725e-02	-4.053542458125485026e-02	8.067237626597359434e-02	-9.294322071625077397e-02	1.198095017433546822e-01	-7.548807240015599496e-02	3.880538821018858497e-02	-8.644077083120080274e-02	9.185691206783956619e-02	-1.049130178919821382e-01	1.388196507786230161e-01	-1.079398811738502828e-01	9.100028276582315667e-02	-1.084198491457680769e-01	1.090209122652571611e-01	-1.307095426897763590e-01	1.493122812739307026e-01	-1.555197398380773754e-01	1.851476980897056035e-01	-2.326065907493855001e-01	1.401600176328055836e-01	-1.904835862705959726e-01	1.916120977363595657e-01	-5.050075542610973356e-01	9.999999999999997780e-01	-2.697631771833386427e-01	1.172629059546873437e-01	-2.026213981608014636e-01	2.859364078340383419e-01	-6.301389066457928623e-01	3.023653560261330697e-01	-1.089026655595373566e-01	1.504109707124476614e-01	-1.430546439418621252e-01	1.624256335364505088e-01	-2.611720841034588791e-01
-8.327719135391825622e-02	7.017184809328995410e-02	-9.821492896975300702e-02	1.122802634337925209e-01	-2.508160597712401629e-01	7.080558199833031363e-02	-1.619909988445956683e-01	1.840419373587645624e-01	-2.797915109324731753e-01	1.854725255970045283e-01	-6.869099015878303571e-02	1.604034089855084499e-01	-1.817770677326596973e-01	2.061767116303461211e-01	-3.741820662196497782e-01	1.335693613435569582e-01	-1.186247312812225702e-01	1.945506992984011307e-01	-2.089225425201353126e-01	2.875072758196261513e-01	-1.946111935744288812e-01	1.815067451852180047e-01	-3.219183904314155131e-01	3.008679853162369300e-01	-4.741134001501375317e-01	1.938498716462878912e-01	-1.780405442889453627e-01	1.912540464702423837e-01	-2.697631771833386427e-01	9.999999999999985567e-01	-1.337080119078132845e-01	1.747255342155693558e-01	-2.283214449320293826e-01	2.067521226838930914e-01	-3.881065243066289527e-01	1.144799975412382764e-01	-1.660702552818782984e-01	1.348948202853745559e-01	-1.685635077488243372e-01	2.461938006871938200e-01
3.047027101524408046e-02	-2.617537288789270958e-02	3.345940655545632386e-02	-3.887609532103470517e-02	6.482866599245278028e-02	-3.138926881004697189e-02	5.896547840285662478e-02	-6.594955914093758587e-02	8.511370691112268849e-02	-5.151035755157889334e-02	3.017253280059581724e-02	-6.330705996113890344e-02	6.356377570382758246e-02	-6.933173538497952593e-02	9.088654498045811714e-02	-1.020173334431865447e-01	8.544272631336959078e-02	-7.388019538435124101e-02	6.881786569383127605e-02	-7.928400741222192682e-02	1.805430274576819705e-01	-1.468394050922925131e-01	1.381356909017758539e-01	-1.139380005851805544e-01	7.838404195944449759e-02	-3.479667102380768484e-01	1.780619016765751239e-01	-1.315710561583562366e-01	1.172629059546873437e-01	-1.337080119078132845e-01	9.999999999999985567e-01	-2.299545606434796607e-01	1.534141032979085550e-01	-1.017918041001411866e-01	1.385053130232564433e-01	-7.984361700336679579e-01	2.681114977154932522e-01	-1.953291037362499538e-01	1.654382662996531916e-01	-2.283219148630613038e-01
-4.066550956360912711e-02	3.477159688305047486e-02	-4.398665734510463082e-02	5.072051954813187880e-02	-8.566946433817616835e-02	4.129164732180835851e-02	-7.909087659803655523e-02	8.630635564080009481e-02	-1.127453447868634745e-01	6.785235635617868633e-02	-4.010494594871059915e-02	8.413946709699109128e-02	-8.608768506795917708e-02	9.261082238615400697e-02	-1.217300117691230421e-01	1.360076407591574998e-01	-1.282873288351311369e-01	1.003402898714480102e-01	-9.368554036922756290e-02	1.047372436811495472e-01	-2.292768042642793769e-01	2.260755327975608464e-01	-2.091102904135644647e-01	1.548223768171149983e-01	-1.058363469001146473e-01	2.608881695357673780e-01	-6.326905765777641744e-01	2.635687605125813793e-01	-2.026213981608014636e-01	1.747255342155693558e-01	-2.299545606434796607e-01	9.999999999999988898e-01	-4.339393971836293940e-01	1.666894187967180307e-01	-2.081099945907075033e-01	1.898738834096207195e-01	-3.780145020372693843e-01	1.976219894992921056e-01	-1.992304700214800883e-01	2.277941002859407149e-01
4.183822091451561836e-02	-3.601816357177792249e-02	4.680807274877880897e-02	-5.453811763044292410e-02	9.116141235548044786e-02	-4.238070785501813625e-02	8.135016634945539671e-02	-9.263066457765127548e-02	1.182370417442603766e-01	-7.316471562191038946e-02	4.061260639360404767e-02	-8.773770958577721546e-02	9.008436067939330771e-02	-1.004927109719533918e-01	1.313200552193050097e-01	-1.269112762059930455e-01	1.077336368429214486e-01	-1.060098193698228580e-01	1.010584982285367694e-01	-1.206273936202217623e-01	1.806082079270209251e-01	-1.911141901438049573e-01	1.910212975455221895e-01	-1.821323175937610561e-01	1.223292836001878964e-01	-2.389539625116411659e-01	2.762983122985473439e-01	-6.547375511848240182e-01	2.859364078340383419e-01	-2.283214449320293826e-01	1.534141032979085550e-01	-4.339393971836293940e-01	9.999999999999986677e-01	-3.064437762288790279e-01	2.451814295972420399e-01	-1.453025336511143684e-01	2.066141411073583456e-01	-1.960279887572574653e-01	1.837773991476014113e-01	-2.779002126341665324e-01
-3.360806503918811750e-02	2.884085617674397167e-02	-3.824542132907594177e-02	4.446937251712745204e-02	-7.765381559090053787e-02	3.267746371045553849e-02	-6.544012360523024374e-02	7.510709896653186557e-02	-9.839622828273887623e-02	6.174072022663088660e-02	-3.133345107229248278e-02	6.950777103459476747e-02	-7.357357901317815307e-02	8.307065879125559438e-02	-1.132290180280381836e-01	8.588791043525591251e-02	-7.326631852326771777e-02	8.553219502136624741e-02	-8.544011777263529894e-02	1.028104574585717579e-01	-1.228363295309966297e-01	1.225497691895187230e-01	-1.495355226730726572e-01	1.589582289468451093e-01	-1.104490989871250300e-01	1.512968289932785926e-01	-1.554343568303380441e-01	2.600192155098161595e-01	-6.301389066457928623e-01	2.067521226838930914e-01	-1.017918041001411866e-01	1.666894187967180307e-01	-3.064437762288790279e-01	9.999999999999975575e-01	-6.078139107510772687e-01	9.356773672806589781e-02	-1.367213712458084374e-01	1.344398766213583396e-01	-1.803779652242901432e-01	2.278114786660419555e-01
5.112463304472746051e-02	-4.407825809848294613e-02	5.907914086206689230e-02	-6.921824100894818921e-02	1.188200226543218441e-01	-5.010177189228970374e-02	9.937258656607796115e-02	-1.167600742643542383e-01	1.500247374683770230e-01	-9.533355516711149169e-02	4.769758091695339153e-02	-1.066569262465413975e-01	1.112529558362448934e-01	-1.275511890192866371e-01	1.722549364012184447e-01	-1.265832266409643025e-01	1.045412734212943645e-01	-1.296391845850545232e-01	1.272641611778532467e-01	-1.648228372159290245e-01	1.706233957769348608e-01	-1.728105935609480226e-01	2.088162024932394834e-01	-2.358689851943786830e-01	1.702335721014689995e-01	-2.216574573081061261e-01	1.842321838795042410e-01	-2.638437007745719209e-01	3.023653560261330697e-01	-3.881065243066289527e-01	1.385053130232564433e-01	-2.081099945907075033e-01	2.451814295972420399e-01	-6.078139107510772687e-01	9.999999999999978906e-01	-1.298566194540620999e-01	1.771605720435611431e-01	-1.734725016326292002e-01	2.030307825585164760e-01	-4.092952841369165706e-01
-2.681658543218056953e-02	2.294683621001095825e-02	-2.942857462078669883e-02	3.405816574504195310e-02	-5.816539681491407487e-02	2.699941399521581936e-02	-5.189790674372346535e-02	5.760609075497824527e-02	-7.598995234903670182e-02	4.577838464009336555e-02	-2.606837890834265772e-02	5.500164842906801049e-02	-5.590651599125148752e-02	6.065873778164217189e-02	-8.105643977596743710e-02	8.433351105801904779e-02	-7.313550592209587531e-02	6.445537904440767907e-02	-6.047256622242250246e-02	6.893285727508806360e-02	-1.595768729292305066e-01	1.224366481772133364e-01	-1.245651572060895440e-01	9.842555148689455247e-02	-6.872048839576573587e-02	2.175289856677991851e-01	-1.605098759596016722e-01	1.163192818010907598e-01	-1.089026655595373566e-01	1.144799975412382764e-01	-7.984361700336679579e-01	1.898738834096207195e-01	-1.453025336511143684e-01	9.356773672806589781e-02	-1.298566194540620999e-01	9.999999999999980016e-01	-4.369573447731882609e-01	1.923322801414862337e-01	-1.815067495802485942e-01	1.875369104362555328e-01
3.613148454553851557e-02	-3.104779178570359066e-02	4.013282888413303995e-02	-4.669847572558608051e-02	7.866824130267803528e-02	-3.677127258219810291e-02	6.993488000563387319e-02	-7.903211751676217367e-02	1.024601670522121283e-01	-6.239327189197413359e-02	3.527512559850003865e-02	-7.496421528559642222e-02	7.573781440874215176e-02	-8.318952292154101202e-02	1.100074823521870193e-01	-1.140000859847317971e-01	9.556293731042724005e-02	-8.794023124932667801e-02	8.248690568877270479e-02	-9.628594317525222823e-02	1.734153109137568649e-01	-1.667026183573478704e-01	1.610078939377301011e-01	-1.379531219378575535e-01	9.544085124977651213e-02	-2.545710294354012748e-01	2.175632568111537102e-01	-1.727419526456045740e-01	1.504109707124476614e-01	-1.660702552818782984e-01	2.681114977154932522e-01	-3.780145020372693843e-01	2.066141411073583456e-01	-1.367213712458084374e-01	1.771605720435611431e-01	-4.369573447731882609e-01	9.999999999999990008e-01	-5.619423343449889696e-01	2.838646240472501026e-01	-3.359895275093319755e-01
-2.980555669969625621e-02	2.548055387125439109e-02	-3.334381132772682582e-02	3.862628637644147794e-02	-6.793749748253233300e-02	2.920812397817000930e-02	-5.765022461137343790e-02	6.495270718910564622e-02	-8.730699299242987432e-02	5.299712102528837676e-02	-2.812831938535724149e-02	6.062452166690283917e-02	-6.243452840493538686e-02	6.842268996878178577e-02	-9.377028532235662239e-02	8.331118910462256832e-02	-7.175097979039397889e-02	7.150346702746700200e-02	-6.812658207288191381e-02	7.904211598081282986e-02	-1.326557446875494262e-01	1.199985084315797340e-01	-1.339250957967916822e-01	1.117349820321932169e-01	-7.942432700681145707e-02	1.680633275509445523e-01	-1.583472557494783328e-01	1.430037456831952380e-01	-1.430546439418621252e-01	1.348948202853745559e-01	-1.953291037362499538e-01	1.976219894992921056e-01	-1.960279887572574653e-01	1.344398766213583396e-01	-1.734725016326292002e-01	1.923322801414862337e-01	-5.619423343449889696e-01	9.999999999999983347e-01	-6.783945990488169375e-01	2.765700663578519181e-01
3.515225496748684147e-02	-3.014585687952379620e-02	3.974758551921648425e-02	-4.626268856917250399e-02	8.057693293554558933e-02	-3.464381003322555136e-02	6.793935507359738502e-02	-7.774983888613989924e-02	1.032616177692921994e-01	-6.319521231615962686e-02	3.318698116008227117e-02	-7.196887569131862894e-02	7.363840379064777453e-02	-8.152934114929741294e-02	1.111320053359766413e-01	-9.678041996266728564e-02	8.089203609320108623e-02	-8.453126129792404297e-02	8.061526734750340539e-02	-9.568784573690626571e-02	1.431527040755546376e-01	-1.353859581965597136e-01	1.500628093009042652e-01	-1.344619183405243446e-01	9.539962711008459495e-02	-1.942724974108929747e-01	1.569902430922545666e-01	-1.575123416229254891e-01	1.624256335364505088e-01	-1.685635077488243372e-01	1.654382662996531916e-01	-1.992304700214800883e-01	1.837773991476014113e-01	-1.803779652242901432e-01	2.030307825585164760e-01	-1.815067495802485942e-01	2.838646240472501026e-01	-6.783945990488169375e-01	9.999999999999984457e-01	-5.380833714439181570e-01
