1.000000000000000222e+00	-2.221159897121145754e-01	2.140854344580378765e-01	-9.472471943858193355e-02	1.057536379625050732e-01	-6.357206359662667117e-01	1.930442428834054369e-01	-1.840311452759395838e-01	1.162194654686332929e-01	-1.268449760804639115e-01	3.102609398924787154e-01	-2.566140502067826290e-01	1.924768199450910544e-01	-1.607103947062571148e-01	1.179543555993111947e-01	-4.566176417018890099e-01	2.561895813886609363e-01	-1.863440094354670562e-01	1.468586162066302936e-01	-1.426934010816644505e-01	2.125834617717092812e-01	-3.107621400525821254e-01	1.746319557777708809e-01	-1.373758661104947099e-01	1.384793178139121783e-01	-1.424763699465912137e-01	1.723657449978328315e-01	-2.362635092656033553e-01	1.379707470244992129e-01	-1.830976450352741758e-01	1.341961959357883816e-01	-1.243904164953998637e-01	1.556198039272704281e-01	-1.419807687234006521e-01	1.049014706990157447e-01	-1.692889394964527117e-01	1.201493712734366254e-01	-1.215098175791030632e-01	1.273237951637746224e-01	-9.750251892029293543e-02
-2.221159897121145754e-01	9.999999999999996669e-01	-3.090437163686041711e-01	9.556862892072577609e-02	-1.046504467700398455e-01	1.872067574332791917e-01	-8.445389371899221231e-01	1.934327761994963646e-01	-1.037767070912530010e-01	1.040423493191412890e-01	-1.774441916498109839e-01	2.355655643190581183e-01	-1.938838429414056763e-01	1.171380943091001048e-01	-8.831621820213689245e-02	1.646436318824039680e-01	-2.174117440529583500e-01	1.287523190721597544e-01	-1.044779773997413785e-01	9.614968992515754431e-02	-1.113681090650070621e-01	1.595002038035368552e-01	-1.141214896094185777e-01	8.186184857251765923e-02	-8.482070182497905564e-02	7.019926809490235897e-02	-9.368121346357265178e-02	1.249769658866731609e-01	-7.851108673456545783e-02	9.905727337386131814e-02	-6.994360182259952430e-02	6.408725113344719559e-02	-8.696037262964906311e-02	7.678596833300521673e-02	-5.784954887639073146e-02	8.137838359012108946e-02	-6.289320786590635315e-02	6.352794552975973841e-02	-6.969779429486575029e-02	5.163197866885386317e-02
2.140854344580378765e-01	-3.090437163686041711e-01	9.999999999999997780e-01	-3.086337017353992795e-01	2.322379627880553632e-01	-1.941632005387514959e-01	2.216952417135455433e-01	-5.666900230947381489e-01	2.352395242707756851e-01	-2.562280532670722089e-01	1.848324119826800505e-01	-2.794039715588246264e-01	2.928944299155823439e-01	-2.562157025737817895e-01	1.806189455120788823e-01	-2.358992248427698446e-01	2.489245360380354377e-01	-2.422034498232921162e-01	1.951730362113786310e-01	-1.991680289938137227e-01	1.647214635020097240e-01	-2.794560992543139166e-01	1.982646012052178275e-01	-1.524875613701218713e-01	1.548494429762489188e-01	-1.113815098751533422e-01	1.513678956636622663e-01	-2.384726829601570286e-01	1.436831630677867788e-01	-1.898204482686505212e-01	1.115261085223809567e-01	-1.060388498052504402e-01	1.487876164975226179e-01	-1.387331088273997537e-01	1.005055010148710182e-01	-1.379680175696285094e-01	1.043985112936843263e-01	-1.094886839901943187e-01	1.193349823403601351e-01	-9.164477174696877837e-02
-9.472471943858193355e-02	9.556862892072577609e-02	-3.086337017353992795e-01	9.999999999999992228e-01	-8.348001734914959338e-01	7.742199942987745831e-02	-8.317797683576760859e-02	1.798033597816874329e-01	-3.480978417393135183e-01	2.510412513662310108e-01	-7.683350294406660064e-02	1.081991067863118522e-01	-1.323712644053622878e-01	1.702113403554627591e-01	-1.352493197059578545e-01	9.491579018656773337e-02	-1.116736627439877672e-01	1.093071822226990009e-01	-1.138705843381889737e-01	1.147681745157654587e-01	-7.297224877674103605e-02	1.138818677707541110e-01	-9.455025700127969723e-02	7.263826893507809024e-02	-7.748636532962371870e-02	4.849559722233220266e-02	-6.712051416163669626e-02	1.023562731250421687e-01	-6.646329953566013082e-02	8.525954930757123629e-02	-4.928409299555991385e-02	4.653816372016749553e-02	-6.815306424669814733e-02	6.229705783733295588e-02	-4.586223465154097567e-02	5.957564329137254866e-02	-4.631979561732638140e-02	4.862464959523785796e-02	-5.418553329996889101e-02	4.092624837930070036e-02
1.057536379625050732e-01	-1.046504467700398455e-01	2.322379627880553632e-01	-8.348001734914959338e-01	9.999999999999991118e-01	-8.817586836983286325e-02	8.872094879154981961e-02	-1.933334891143208001e-01	2.631159553264056927e-01	-3.462111936424905889e-01	8.635659830848707585e-02	-1.220586946241531273e-01	1.401301667220536951e-01	-2.004581370455734146e-01	1.522464966488098481e-01	-1.101369365020333502e-01	1.241999631254689790e-01	-1.262604563058697948e-01	1.275799037552000359e-01	-1.372709723939730120e-01	8.357571282552400671e-02	-1.342561188426599494e-01	1.076766463230499904e-01	-8.452781070159140486e-02	8.920721886605136042e-02	-5.610534979896240199e-02	7.747246983294234224e-02	-1.210552063144852558e-01	7.734492810996419776e-02	-1.007783905742800357e-01	5.688909365650488686e-02	-5.398937236941187684e-02	7.872213899131060011e-02	-7.281714041240032464e-02	5.315091853148921214e-02	-6.953297508297549834e-02	5.364551170031366112e-02	-5.656658641652870245e-02	6.272304249174412427e-02	-4.776399481229769151e-02
-6.357206359662667117e-01	1.872067574332791917e-01	-1.941632005387514959e-01	7.742199942987745831e-02	-8.817586836983286325e-02	9.999999999999991118e-01	-2.277678673754936767e-01	1.527250481562446305e-01	-9.223734477477563143e-02	9.601383606734774367e-02	-5.995879624311681866e-01	2.405505178046197789e-01	-1.785831551520321581e-01	1.175369127960614324e-01	-8.862916364640967271e-02	2.963735131815981028e-01	-2.365407693196704131e-01	1.373193916980156304e-01	-1.100044878322931768e-01	1.016546218097001825e-01	-1.673848251725712222e-01	1.993152099377567821e-01	-1.277592655259099652e-01	9.461839033678645650e-02	-9.736694911101573258e-02	1.000696659478017836e-01	-1.244713248693521124e-01	1.525727905658713079e-01	-9.378346409135809858e-02	1.192544588544936224e-01	-9.677229790489591532e-02	8.615329489186360212e-02	-1.091347224491451134e-01	9.520591194157361492e-02	-7.239727929228384484e-02	1.108823366833934926e-01	-8.346782267903030128e-02	8.228646130066286091e-02	-8.844482577777551535e-02	6.523211367928402615e-02
1.930442428834054369e-01	-8.445389371899221231e-01	2.216952417135455433e-01	-8.317797683576760859e-02	8.872094879154981961e-02	-2.277678673754936767e-01	9.999999999999993339e-01	-2.095138203652326392e-01	9.649806615416532674e-02	-9.886841034570385822e-02	1.790275321851622359e-01	-3.254692513086753225e-01	1.862329201070562767e-01	-1.130709505293040484e-01	8.314013868456281153e-02	-1.679954450531417898e-01	1.964896892880555745e-01	-1.256078274661240057e-01	9.844593487301608881e-02	-9.212187122575166143e-02	1.044620956171296022e-01	-1.566275493653585815e-01	1.074976322863943068e-01	-7.791633591841259920e-02	7.993177612933573262e-02	-6.657028710215751044e-02	8.802297501983936956e-02	-1.203202757736624023e-01	7.446382101655638075e-02	-9.481494999258960332e-02	6.574756884285982983e-02	-6.058040077810822321e-02	8.155055990070238237e-02	-7.283686345810402862e-02	5.434848175577208090e-02	-7.737826305611902877e-02	5.921859803914468479e-02	-6.002056328916196420e-02	6.547950376760554303e-02	-4.881987839651041883e-02
-1.840311452759395838e-01	1.934327761994963646e-01	-5.666900230947381489e-01	1.798033597816874329e-01	-1.933334891143208001e-01	1.527250481562446305e-01	-2.095138203652326392e-01	9.999999999999995559e-01	-2.918985153027282009e-01	2.132531432528590454e-01	-1.658767696237931633e-01	2.537937382807444742e-01	-5.993412322426179273e-01	2.132375650145898194e-01	-1.622553654158859493e-01	1.759196251577725967e-01	-2.380480051357175830e-01	2.111683498208788146e-01	-1.770687047628331234e-01	1.572696927164738967e-01	-1.305946078535711319e-01	1.976242386971676368e-01	-1.759206781893773719e-01	1.197912752098947015e-01	-1.252038332789524866e-01	8.478957964504472977e-02	-1.168644189526817090e-01	1.703545647146154640e-01	-1.102515012629137342e-01	1.372979949323506199e-01	-8.576684301754197715e-02	8.007717068704203744e-02	-1.151389656531860983e-01	1.033187691845837419e-01	-7.673126450830942968e-02	1.013510102936587415e-01	-7.934511037230508601e-02	8.203593934674262289e-02	-9.141579714899299158e-02	6.804624945793372182e-02
1.162194654686332929e-01	-1.037767070912530010e-01	2.352395242707756851e-01	-3.480978417393135183e-01	2.631159553264056927e-01	-9.223734477477563143e-02	9.649806615416532674e-02	-2.918985153027282009e-01	9.999999999999994449e-01	-7.210123750849543045e-01	9.397619596713101264e-02	-1.351159121070553693e-01	1.859881216353636291e-01	-3.895737729621552292e-01	2.473825416023367474e-01	-1.126539677564756675e-01	1.411450073049033138e-01	-1.498386110490643741e-01	1.781017900651181984e-01	-1.879082609503786583e-01	9.040965254838177756e-02	-1.358792664289912855e-01	1.270280519700622279e-01	-9.833460497247957510e-02	1.069760304381163207e-01	-5.964887600426326680e-02	8.353255891110401843e-02	-1.273886671851574004e-01	8.672934922538794167e-02	-1.096106123736172722e-01	6.104993050926137838e-02	-5.756251356581713191e-02	8.669452208562891671e-02	-7.902329016796315331e-02	5.820171553658638058e-02	-7.286103181340830570e-02	5.759018733479519953e-02	-6.066828670257562450e-02	6.853472908957625176e-02	-5.132293653528374744e-02
-1.268449760804639115e-01	1.040423493191412890e-01	-2.562280532670722089e-01	2.510412513662310108e-01	-3.462111936424905889e-01	9.601383606734774367e-02	-9.886841034570385822e-02	2.132531432528590454e-01	-7.210123750849543045e-01	9.999999999999982236e-01	-9.850573880038902830e-02	1.342367118486126054e-01	-1.842886941445459059e-01	2.864460635732370419e-01	-3.791062104452826431e-01	1.172302481699629417e-01	-1.524214950910632582e-01	1.544234779495471388e-01	-2.030268200719913818e-01	2.046882599978407380e-01	-9.824653567558959411e-02	1.415208830162100473e-01	-1.391570598881521625e-01	1.065841240292267761e-01	-1.203724931384010793e-01	6.422439636023810627e-02	-9.050996508749979685e-02	1.339611719631856879e-01	-9.428794655144348558e-02	1.168453160261795631e-01	-6.614064146091133689e-02	6.206810385583352851e-02	-9.487805560684350881e-02	8.513997655212393600e-02	-6.355266076040279322e-02	7.805263470897635947e-02	-6.240229899463765884e-02	6.558521230991393169e-02	-7.475514299636761006e-02	5.545960690523399350e-02
3.102609398924787154e-01	-1.774441916498109839e-01	1.848324119826800505e-01	-7.683350294406660064e-02	8.635659830848707585e-02	-5.995879624311681866e-01	1.790275321851622359e-01	-1.658767696237931633e-01	9.397619596713101264e-02	-9.850573880038902830e-02	9.999999999999974465e-01	-4.096280223102130580e-01	1.943227928672461302e-01	-1.228757962265737969e-01	9.078102137125147741e-02	-5.412578520363466872e-01	2.475890159825977488e-01	-1.467014075756722102e-01	1.129215498518524735e-01	-1.050111121508948975e-01	1.776142247860492407e-01	-2.104771498974262189e-01	1.306503347223836597e-01	-9.658425514177507165e-02	9.847249913903878549e-02	-1.074225568169283884e-01	1.268702829920353436e-01	-1.563033624809521127e-01	9.500392512933530931e-02	-1.209615714292134186e-01	9.938027803307417085e-02	-8.863737949252850634e-02	1.093588672553232194e-01	-9.612605836187201880e-02	7.235895553997691299e-02	-1.144192672859064008e-01	8.486038890574687521e-02	-8.333670796226730348e-02	8.882345141903916219e-02	-6.547059994691395435e-02
-2.566140502067826290e-01	2.355655643190581183e-01	-2.794039715588246264e-01	1.081991067863118522e-01	-1.220586946241531273e-01	2.405505178046197789e-01	-3.254692513086753225e-01	2.537937382807444742e-01	-1.351159121070553693e-01	1.342367118486126054e-01	-4.096280223102130580e-01	9.999999999999964473e-01	-4.814340597697123192e-01	1.670573326843154960e-01	-1.248103387257226277e-01	2.598688309720801892e-01	-5.134932219475573101e-01	2.076347810932418492e-01	-1.563292350179413537e-01	1.373276774689257684e-01	-1.639330143517128691e-01	2.462169735609644472e-01	-1.749982852656933319e-01	1.190397500478791448e-01	-1.223513653631364967e-01	1.021934283480067096e-01	-1.367015478649772908e-01	1.787163176631050843e-01	-1.127028945712661850e-01	1.401373457694701230e-01	-1.011126668263410688e-01	9.251555059018842786e-02	-1.239667053188987511e-01	1.091017075544928605e-01	-8.197959475287767972e-02	1.160416316149004701e-01	-9.021970627639558371e-02	9.044841962826011272e-02	-9.925525232122256458e-02	7.293240540704963581e-02
1.924768199450910544e-01	-1.938838429414056763e-01	2.928944299155823439e-01	-1.323712644053622878e-01	1.401301667220536951e-01	-1.785831551520321581e-01	1.862329201070562767e-01	-5.993412322426179273e-01	1.859881216353636291e-01	-1.842886941445459059e-01	1.943227928672461302e-01	-4.814340597697123192e-01	9.999999999999942268e-01	-2.542601838536375780e-01	1.638106905496235222e-01	-2.082860364291652944e-01	2.637127952620067495e-01	-3.419058466362199789e-01	1.992750815035133349e-01	-1.775017385849275986e-01	1.427274609948715745e-01	-2.306330084231220656e-01	2.048749010338540844e-01	-1.378941724312921502e-01	1.380802815367689618e-01	-9.374786827821522672e-02	1.288326552861324970e-01	-1.982759280083580822e-01	1.237811368667527390e-01	-1.549972195658234353e-01	9.402123823206735842e-02	-8.844293060852932709e-02	1.260199530287796077e-01	-1.151978567552696259e-01	8.384021951679089535e-02	-1.119497557792996506e-01	8.706903647743383101e-02	-9.033306562263732076e-02	1.000981770929526837e-01	-7.486101711016035498e-02
-1.607103947062571148e-01	1.171380943091001048e-01	-2.562157025737817895e-01	1.702113403554627591e-01	-2.004581370455734146e-01	1.175369127960614324e-01	-1.130709505293040484e-01	2.132375650145898194e-01	-3.895737729621552292e-01	2.864460635732370419e-01	-1.228757962265737969e-01	1.670573326843154960e-01	-2.542601838536375780e-01	9.999999999999980016e-01	-6.060063585636948913e-01	1.450514308520012008e-01	-1.999754813912571760e-01	2.263568931388562910e-01	-4.147154893986767510e-01	3.049389922720955881e-01	-1.283811971458942436e-01	1.790945201976464063e-01	-2.026190459291249413e-01	1.543357206364735779e-01	-1.756405486310361475e-01	8.363067022404578610e-02	-1.195618900207961743e-01	1.776674039681080675e-01	-1.317404661761029661e-01	1.582774718415301263e-01	-8.681186428301874980e-02	8.148904905468323800e-02	-1.283670221095463138e-01	1.148359012161200426e-01	-8.563281398481734086e-02	1.013904764489346327e-01	-8.238397025834849619e-02	8.697430397158015247e-02	-1.005107231013434993e-01	7.384166662273256021e-02
1.179543555993111947e-01	-8.831621820213689245e-02	1.806189455120788823e-01	-1.352493197059578545e-01	1.522464966488098481e-01	-8.862916364640967271e-02	8.314013868456281153e-02	-1.622553654158859493e-01	2.473825416023367474e-01	-3.791062104452826431e-01	9.078102137125147741e-02	-1.248103387257226277e-01	1.638106905496235222e-01	-6.060063585636948913e-01	9.999999999999980016e-01	-1.113455126256299998e-01	1.451323782144925967e-01	-1.871626697462470124e-01	2.826214617096498016e-01	-5.736801900921655317e-01	9.743122944071870573e-02	-1.421339692714992387e-01	1.557339311518605995e-01	-1.348148792123895490e-01	1.540585905993130944e-01	-6.466453148299880493e-02	9.244175521357954339e-02	-1.475332099420853527e-01	1.089702220233686181e-01	-1.405324839352999622e-01	6.701167172993095777e-02	-6.364083556014943355e-02	1.010913908490077007e-01	-9.420231103931271666e-02	6.820112568860949021e-02	-7.977973079479411256e-02	6.426175120589348866e-02	-6.893117469414609955e-02	7.940344099339323447e-02	-5.949866443305553559e-02
-4.566176417018890099e-01	1.646436318824039680e-01	-2.358992248427698446e-01	9.491579018656773337e-02	-1.101369365020333502e-01	2.963735131815981028e-01	-1.679954450531417898e-01	1.759196251577725967e-01	-1.126539677564756675e-01	1.172302481699629417e-01	-5.412578520363466872e-01	2.598688309720801892e-01	-2.082860364291652944e-01	1.450514308520012008e-01	-1.113455126256299998e-01	9.999999999999983347e-01	-3.476877594332458132e-01	1.744814938566730256e-01	-1.412641954733303007e-01	1.285455159211491838e-01	-3.952341534062294715e-01	2.680952816619133205e-01	-1.700018602805190848e-01	1.260565995373254811e-01	-1.304637847447485954e-01	1.847397778943731250e-01	-2.079480442749163938e-01	2.062123333829078975e-01	-1.281975733864764433e-01	1.589528563863588373e-01	-1.713417551019338347e-01	1.407712166259404984e-01	-1.610686338565888998e-01	1.342168309500725298e-01	-1.046718957380127768e-01	1.736710544463593575e-01	-1.330180310786339137e-01	1.237522013017780254e-01	-1.316803600286975962e-01	9.327243176233526722e-02
2.561895813886609363e-01	-2.174117440529583500e-01	2.489245360380354377e-01	-1.116736627439877672e-01	1.241999631254689790e-01	-2.365407693196704131e-01	1.964896892880555745e-01	-2.380480051357175830e-01	1.411450073049033138e-01	-1.524214950910632582e-01	2.475890159825977488e-01	-5.134932219475573101e-01	2.637127952620067495e-01	-1.999754813912571760e-01	1.451323782144925967e-01	-3.476877594332458132e-01	9.999999999999962252e-01	-2.951277773030655527e-01	1.902019186749646928e-01	-1.783714573544597226e-01	2.126086512134812978e-01	-5.222249435746624258e-01	2.273062183757106058e-01	-1.619399576042317990e-01	1.610152729779319170e-01	-1.412678783134634353e-01	1.939765364259325997e-01	-2.571329885757136502e-01	1.539989927742981546e-01	-1.961037719648167088e-01	1.383412764281792273e-01	-1.309740447379449391e-01	1.682419308747691022e-01	-1.512274858725602689e-01	1.114497575379923139e-01	-1.632429177933811815e-01	1.250949008671199958e-01	-1.255311344758813508e-01	1.354399375692926233e-01	-1.006618608857763053e-01
-1.863440094354670562e-01	1.287523190721597544e-01	-2.422034498232921162e-01	1.093071822226990009e-01	-1.262604563058697948e-01	1.373193916980156304e-01	-1.256078274661240057e-01	2.111683498208788146e-01	-1.498386110490643741e-01	1.544234779495471388e-01	-1.467014075756722102e-01	2.076347810932418492e-01	-3.419058466362199789e-01	2.263568931388562910e-01	-1.871626697462470124e-01	1.744814938566730256e-01	-2.951277773030655527e-01	9.999999999999998890e-01	-4.774507811579482008e-01	2.406213674884611908e-01	-1.598007858803666970e-01	2.379473441744096585e-01	-5.853318049464205641e-01	2.218939828444560225e-01	-2.171114126537416478e-01	1.053335598321456651e-01	-1.556895199464056745e-01	2.561347139926267724e-01	-1.807670712448552486e-01	1.980936604328155104e-01	-1.095019127110927193e-01	1.038495611762334930e-01	-1.650313883546956073e-01	1.484022370366976096e-01	-1.071737565265956788e-01	1.267897309870472944e-01	-1.043195361332139443e-01	1.100431201688487903e-01	-1.274720523090356050e-01	9.224891053007630570e-02
1.468586162066302936e-01	-1.044779773997413785e-01	1.951730362113786310e-01	-1.138705843381889737e-01	1.275799037552000359e-01	-1.100044878322931768e-01	9.844593487301608881e-02	-1.770687047628331234e-01	1.781017900651181984e-01	-2.030268200719913818e-01	1.129215498518524735e-01	-1.563292350179413537e-01	1.992750815035133349e-01	-4.147154893986767510e-01	2.826214617096498016e-01	-1.412641954733303007e-01	1.902019186749646928e-01	-4.774507811579482008e-01	1.000000000000000000e+00	-5.955432228112760296e-01	1.274838078286749110e-01	-1.924997661642612323e-01	2.533282123409952291e-01	-2.381591858174689491e-01	2.129330015553254907e-01	-8.581426005877486329e-02	1.245400845051384681e-01	-2.185387216008970179e-01	1.620359624596695303e-01	-1.975431819804322198e-01	8.915391806871141023e-02	-8.563026557159181262e-02	1.390476644236070258e-01	-1.340707398566700070e-01	9.295401882468527777e-02	-1.066304868046203252e-01	8.637704371294850636e-02	-9.382062105937219454e-02	1.086164380496061899e-01	-8.119071567020841318e-02
-1.426934010816644505e-01	9.614968992515754431e-02	-1.991680289938137227e-01	1.147681745157654587e-01	-1.372709723939730120e-01	1.016546218097001825e-01	-9.212187122575166143e-02	1.572696927164738967e-01	-1.879082609503786583e-01	2.046882599978407380e-01	-1.050111121508948975e-01	1.373276774689257684e-01	-1.775017385849275986e-01	3.049389922720955881e-01	-5.736801900921655317e-01	1.285455159211491838e-01	-1.783714573544597226e-01	2.406213674884611908e-01	-5.955432228112760296e-01	9.999999999999977796e-01	-1.208978890499815828e-01	1.670287696348790318e-01	-2.192357401457306898e-01	1.900566495357685348e-01	-2.661472779040894854e-01	7.966261864497400924e-02	-1.157699390399053868e-01	1.808000107153936165e-01	-1.480617533271234298e-01	1.812982897458604303e-01	-8.345755342529427578e-02	7.910780743135543969e-02	-1.308826824221772656e-01	1.204387720478296980e-01	-8.805886686620319204e-02	9.796972714855925468e-02	-8.060420366178724927e-02	8.681483749785885717e-02	-1.020536142984459493e-01	7.529830174950732924e-02
2.125834617717092812e-01	-1.113681090650070621e-01	1.647214635020097240e-01	-7.297224877674103605e-02	8.357571282552400671e-02	-1.673848251725712222e-01	1.044620956171296022e-01	-1.305946078535711319e-01	9.040965254838177756e-02	-9.824653567558959411e-02	1.776142247860492407e-01	-1.639330143517128691e-01	1.427274609948715745e-01	-1.283811971458942436e-01	9.743122944071870573e-02	-3.952341534062294715e-01	2.126086512134812978e-01	-1.598007858803666970e-01	1.274838078286749110e-01	-1.208978890499815828e-01	1.000000000000001110e+00	-3.480156718867314924e-01	1.689720943097496875e-01	-1.367137910008680846e-01	1.365576133754060340e-01	-6.033598964786693886e-01	2.818603157479498966e-01	-2.615460225132765770e-01	1.467302012540343814e-01	-1.863592462324925592e-01	2.797394006344607886e-01	-2.372488859548408657e-01	1.910719046371101293e-01	-1.648397742218424555e-01	1.227400987569248064e-01	-3.214319735202768591e-01	1.953625270437051031e-01	-1.751516753864633125e-01	1.632447718289559702e-01	-1.164163807625062941e-01
-3.107621400525821254e-01	1.595002038035368552e-01	-2.794560992543139166e-01	1.138818677707541110e-01	-1.342561188426599494e-01	1.993152099377567821e-01	-1.566275493653585815e-01	1.976242386971676368e-01	-1.358792664289912855e-01	1.415208830162100473e-01	-2.104771498974262189e-01	2.462169735609644472e-01	-2.306330084231220656e-01	1.790945201976464063e-01	-1.421339692714992387e-01	2.680952816619133205e-01	-5.222249435746624258e-01	2.379473441744096585e-01	-1.924997661642612323e-01	1.670287696348790318e-01	-3.480156718867314924e-01	9.999999999999957812e-01	-3.047453032942835094e-01	1.825566643049741367e-01	-1.906948302950375873e-01	2.137223832204251661e-01	-3.774559443426631078e-01	2.798544258792448058e-01	-1.842375214319610932e-01	2.131361404714046393e-01	-2.219746281552928135e-01	2.029915026412579537e-01	-2.383915625021163498e-01	1.878593220210701686e-01	-1.514932117544795231e-01	2.221182155286958726e-01	-1.927037243316764292e-01	1.738841979587225639e-01	-1.918112355872636510e-01	1.301255025638746454e-01
1.746319557777708809e-01	-1.141214896094185777e-01	1.982646012052178275e-01	-9.455025700127969723e-02	1.076766463230499904e-01	-1.277592655259099652e-01	1.074976322863943068e-01	-1.759206781893773719e-01	1.270280519700622279e-01	-1.391570598881521625e-01	1.306503347223836597e-01	-1.749982852656933319e-01	2.048749010338540844e-01	-2.026190459291249413e-01	1.557339311518605995e-01	-1.700018602805190848e-01	2.273062183757106058e-01	-5.853318049464205641e-01	2.533282123409952291e-01	-2.192357401457306898e-01	1.689720943097496875e-01	-3.047453032942835094e-01	9.999999999999975575e-01	-3.933878220786946045e-01	2.504582068439574205e-01	-1.175093019125704880e-01	1.794725315186390668e-01	-4.593308459323462434e-01	2.396679925159052316e-01	-2.608362100192330724e-01	1.218747124953568489e-01	-1.200690813272919516e-01	1.942739976750216813e-01	-1.908550819457444925e-01	1.245358359779274032e-01	-1.449349224695392069e-01	1.188027459696340410e-01	-1.292160689627697701e-01	1.486644527688920081e-01	-1.091349281328700405e-01
-1.373758661104947099e-01	8.186184857251765923e-02	-1.524875613701218713e-01	7.263826893507809024e-02	-8.452781070159140486e-02	9.461839033678645650e-02	-7.791633591841259920e-02	1.197912752098947015e-01	-9.833460497247957510e-02	1.065841240292267761e-01	-9.658425514177507165e-02	1.190397500478791448e-01	-1.378941724312921502e-01	1.543357206364735779e-01	-1.348148792123895490e-01	1.260565995373254811e-01	-1.619399576042317990e-01	2.218939828444560225e-01	-2.381591858174689491e-01	1.900566495357685348e-01	-1.367137910008680846e-01	1.825566643049741367e-01	-3.933878220786946045e-01	1.000000000000000222e+00	-6.347100329624515425e-01	9.440388087732268230e-02	-1.430071841062229010e-01	2.665092905607672757e-01	-4.845160849876101739e-01	3.123073006468409241e-01	-1.015891207279382147e-01	1.001887073726329125e-01	-2.048347118619755769e-01	2.134304740066615969e-01	-1.324779405322676629e-01	1.230216793026775030e-01	-1.050890609356990302e-01	1.230886918698164689e-01	-1.561427328170401085e-01	1.101198138650195946e-01
1.384793178139121783e-01	-8.482070182497905564e-02	1.548494429762489188e-01	-7.748636532962371870e-02	8.920721886605136042e-02	-9.736694911101573258e-02	7.993177612933573262e-02	-1.252038332789524866e-01	1.069760304381163207e-01	-1.203724931384010793e-01	9.847249913903878549e-02	-1.223513653631364967e-01	1.380802815367689618e-01	-1.756405486310361475e-01	1.540585905993130944e-01	-1.304637847447485954e-01	1.610152729779319170e-01	-2.171114126537416478e-01	2.129330015553254907e-01	-2.661472779040894854e-01	1.365576133754060340e-01	-1.906948302950375873e-01	2.504582068439574205e-01	-6.347100329624515425e-01	9.999999999999986677e-01	-9.535627321486550567e-02	1.415069778344128781e-01	-2.731855386182408529e-01	2.964451891431122421e-01	-5.520730188921671999e-01	1.018484252229675813e-01	-1.008647810563552405e-01	1.913081171636593913e-01	-2.123924217332134323e-01	1.388403594915494921e-01	-1.264495782135342805e-01	1.050038533145664921e-01	-1.237018038365798184e-01	1.504578065350760663e-01	-1.200369669100467412e-01
-1.424763699465912137e-01	7.019926809490235897e-02	-1.113815098751533422e-01	4.849559722233220266e-02	-5.610534979896240199e-02	1.000696659478017836e-01	-6.657028710215751044e-02	8.478957964504472977e-02	-5.964887600426326680e-02	6.422439636023810627e-02	-1.074225568169283884e-01	1.021934283480067096e-01	-9.374786827821522672e-02	8.363067022404578610e-02	-6.466453148299880493e-02	1.847397778943731250e-01	-1.412678783134634353e-01	1.053335598321456651e-01	-8.581426005877486329e-02	7.966261864497400924e-02	-6.033598964786693886e-01	2.137223832204251661e-01	-1.175093019125704880e-01	9.440388087732268230e-02	-9.535627321486550567e-02	1.000000000000000444e+00	-4.234519018119332068e-01	1.820259703578413490e-01	-1.056707816860897875e-01	1.262779428267073734e-01	-5.582568400732821345e-01	2.609573201247704644e-01	-1.582333786038303269e-01	1.235992750481427344e-01	-9.460645947493134811e-02	2.605011298724598801e-01	-1.962077488111411971e-01	1.455902016983218195e-01	-1.359142806154495509e-01	8.724968639360111688e-02
1.723657449978328315e-01	-9.368121346357265178e-02	1.513678956636622663e-01	-6.712051416163669626e-02	7.747246983294234224e-02	-1.244713248693521124e-01	8.802297501983936956e-02	-1.168644189526817090e-01	8.353255891110401843e-02	-9.050996508749979685e-02	1.268702829920353436e-01	-1.367015478649772908e-01	1.288326552861324970e-01	-1.195618900207961743e-01	9.244175521357954339e-02	-2.079480442749163938e-01	1.939765364259325997e-01	-1.556895199464056745e-01	1.245400845051384681e-01	-1.157699390399053868e-01	2.818603157479498966e-01	-3.774559443426631078e-01	1.794725315186390668e-01	-1.430071841062229010e-01	1.415069778344128781e-01	-4.234519018119332068e-01	1.000000000000001776e+00	-3.384526733196683845e-01	1.617042993995371492e-01	-1.898120913754316741e-01	3.052327870521014952e-01	-5.462388925804764206e-01	2.195043061458327172e-01	-1.824103774977487158e-01	1.324309545380704389e-01	-3.365849674239357325e-01	2.620738451017511905e-01	-2.185910977546995926e-01	1.864607418682899254e-01	-1.253462072813543993e-01
-2.362635092656033553e-01	1.249769658866731609e-01	-2.384726829601570286e-01	1.023562731250421687e-01	-1.210552063144852558e-01	1.525727905658713079e-01	-1.203202757736624023e-01	1.703545647146154640e-01	-1.273886671851574004e-01	1.339611719631856879e-01	-1.563033624809521127e-01	1.787163176631050843e-01	-1.982759280083580822e-01	1.776674039681080675e-01	-1.475332099420853527e-01	2.062123333829078975e-01	-2.571329885757136502e-01	2.561347139926267724e-01	-2.185387216008970179e-01	1.808000107153936165e-01	-2.615460225132765770e-01	2.798544258792448058e-01	-4.593308459323462434e-01	2.665092905607672757e-01	-2.731855386182408529e-01	1.820259703578413490e-01	-3.384526733196683845e-01	1.000000000000001332e+00	-4.150155467225820072e-01	2.861468230233544796e-01	-1.947639133689108570e-01	1.921842298314286046e-01	-3.461813514571132622e-01	2.636158604565549401e-01	-1.872674528031018359e-01	2.135767625973824801e-01	-1.908051953485699614e-01	1.986268655600200717e-01	-2.342754843293065881e-01	1.558158044500231876e-01
1.379707470244992129e-01	-7.851108673456545783e-02	1.436831630677867788e-01	-6.646329953566013082e-02	7.734492810996419776e-02	-9.378346409135809858e-02	7.446382101655638075e-02	-1.102515012629137342e-01	8.672934922538794167e-02	-9.428794655144348558e-02	9.500392512933530931e-02	-1.127028945712661850e-01	1.237811368667527390e-01	-1.317404661761029661e-01	1.089702220233686181e-01	-1.281975733864764433e-01	1.539989927742981546e-01	-1.807670712448552486e-01	1.620359624596695303e-01	-1.480617533271234298e-01	1.467302012540343814e-01	-1.842375214319610932e-01	2.396679925159052316e-01	-4.845160849876101739e-01	2.964451891431122421e-01	-1.056707816860897875e-01	1.617042993995371492e-01	-4.150155467225820072e-01	1.000000000000002220e+00	-5.176227104530914946e-01	1.148287205967091218e-01	-1.174171532636242993e-01	2.596899379019362297e-01	-4.590525072642743787e-01	1.657554477405789872e-01	-1.449847624698155091e-01	1.242175373558399298e-01	-1.573595053949379263e-01	2.002782585845725161e-01	-1.426561983358793639e-01
-1.830976450352741758e-01	9.905727337386131814e-02	-1.898204482686505212e-01	8.525954930757123629e-02	-1.007783905742800357e-01	1.192544588544936224e-01	-9.481494999258960332e-02	1.372979949323506199e-01	-1.096106123736172722e-01	1.168453160261795631e-01	-1.209615714292134186e-01	1.401373457694701230e-01	-1.549972195658234353e-01	1.582774718415301263e-01	-1.405324839352999622e-01	1.589528563863588373e-01	-1.961037719648167088e-01	1.980936604328155104e-01	-1.975431819804322198e-01	1.812982897458604303e-01	-1.863592462324925592e-01	2.131361404714046393e-01	-2.608362100192330724e-01	3.123073006468409241e-01	-5.520730188921671999e-01	1.262779428267073734e-01	-1.898120913754316741e-01	2.861468230233544796e-01	-5.176227104530914946e-01	9.999999999999983347e-01	-1.387898424568982103e-01	1.352660406176873498e-01	-2.951323003326646321e-01	2.674787897487320154e-01	-2.451065316225544133e-01	1.665997201612625656e-01	-1.465299094290616888e-01	1.731990053447508005e-01	-2.305363288997412385e-01	1.761724920292376262e-01
1.341961959357883816e-01	-6.994360182259952430e-02	1.115261085223809567e-01	-4.928409299555991385e-02	5.688909365650488686e-02	-9.677229790489591532e-02	6.574756884285982983e-02	-8.576684301754197715e-02	6.104993050926137838e-02	-6.614064146091133689e-02	9.938027803307417085e-02	-1.011126668263410688e-01	9.402123823206735842e-02	-8.681186428301874980e-02	6.701167172993095777e-02	-1.713417551019338347e-01	1.383412764281792273e-01	-1.095019127110927193e-01	8.915391806871141023e-02	-8.345755342529427578e-02	2.797394006344607886e-01	-2.219746281552928135e-01	1.218747124953568489e-01	-1.015891207279382147e-01	1.018484252229675813e-01	-5.582568400732821345e-01	3.052327870521014952e-01	-1.947639133689108570e-01	1.148287205967091218e-01	-1.387898424568982103e-01	1.000000000000000222e+00	-5.023086288676879008e-01	1.822270051544562786e-01	-1.426444496543240181e-01	1.076834022439035060e-01	-4.860590087458147024e-01	2.657455395442915314e-01	-1.897156540734712404e-01	1.611350060831875930e-01	-1.013969609097088581e-01
-1.243904164953998637e-01	6.408725113344719559e-02	-1.060388498052504402e-01	4.653816372016749553e-02	-5.398937236941187684e-02	8.615329489186360212e-02	-6.058040077810822321e-02	8.007717068704203744e-02	-5.756251356581713191e-02	6.206810385583352851e-02	-8.863737949252850634e-02	9.251555059018842786e-02	-8.844293060852932709e-02	8.148904905468323800e-02	-6.364083556014943355e-02	1.407712166259404984e-01	-1.309740447379449391e-01	1.038495611762334930e-01	-8.563026557159181262e-02	7.910780743135543969e-02	-2.372488859548408657e-01	2.029915026412579537e-01	-1.200690813272919516e-01	1.001887073726329125e-01	-1.008647810563552405e-01	2.609573201247704644e-01	-5.462388925804764206e-01	1.921842298314286046e-01	-1.174171532636242993e-01	1.352660406176873498e-01	-5.023086288676879008e-01	1.000000000000000222e+00	-2.238996857303621191e-01	1.525518936989385399e-01	-1.144212212371391313e-01	3.114427365350675991e-01	-5.090415747242414968e-01	2.219637740370801748e-01	-1.889410381341284639e-01	1.061345795723753482e-01
1.556198039272704281e-01	-8.696037262964906311e-02	1.487876164975226179e-01	-6.815306424669814733e-02	7.872213899131060011e-02	-1.091347224491451134e-01	8.155055990070238237e-02	-1.151389656531860983e-01	8.669452208562891671e-02	-9.487805560684350881e-02	1.093588672553232194e-01	-1.239667053188987511e-01	1.260199530287796077e-01	-1.283670221095463138e-01	1.010913908490077007e-01	-1.610686338565888998e-01	1.682419308747691022e-01	-1.650313883546956073e-01	1.390476644236070258e-01	-1.308826824221772656e-01	1.910719046371101293e-01	-2.383915625021163498e-01	1.942739976750216813e-01	-2.048347118619755769e-01	1.913081171636593913e-01	-1.582333786038303269e-01	2.195043061458327172e-01	-3.461813514571132622e-01	2.596899379019362297e-01	-2.951323003326646321e-01	1.822270051544562786e-01	-2.238996857303621191e-01	1.000000000000001110e+00	-5.881424432535207192e-01	2.077041856275296805e-01	-2.863506796959557898e-01	2.344054877378611290e-01	-4.438244372990843845e-01	3.060074131941743492e-01	-2.127546409699252739e-01
-1.419807687234006521e-01	7.678596833300521673e-02	-1.387331088273997537e-01	6.229705783733295588e-02	-7.281714041240032464e-02	9.520591194157361492e-02	-7.283686345810402862e-02	1.033187691845837419e-01	-7.902329016796315331e-02	8.513997655212393600e-02	-9.612605836187201880e-02	1.091017075544928605e-01	-1.151978567552696259e-01	1.148359012161200426e-01	-9.420231103931271666e-02	1.342168309500725298e-01	-1.512274858725602689e-01	1.484022370366976096e-01	-1.340707398566700070e-01	1.204387720478296980e-01	-1.648397742218424555e-01	1.878593220210701686e-01	-1.908550819457444925e-01	2.134304740066615969e-01	-2.123924217332134323e-01	1.235992750481427344e-01	-1.824103774977487158e-01	2.636158604565549401e-01	-4.590525072642743787e-01	2.674787897487320154e-01	-1.426444496543240181e-01	1.525518936989385399e-01	-5.881424432535207192e-01	1.000000000000000000e+00	-2.733109340686345479e-01	1.926004528320520992e-01	-1.779363264417184176e-01	2.599156628123685531e-01	-4.369977205437814427e-01	2.140028008188258057e-01
1.049014706990157447e-01	-5.784954887639073146e-02	1.005055010148710182e-01	-4.586223465154097567e-02	5.315091853148921214e-02	-7.239727929228384484e-02	5.434848175577208090e-02	-7.673126450830942968e-02	5.820171553658638058e-02	-6.355266076040279322e-02	7.235895553997691299e-02	-8.197959475287767972e-02	8.384021951679089535e-02	-8.563281398481734086e-02	6.820112568860949021e-02	-1.046718957380127768e-01	1.114497575379923139e-01	-1.071737565265956788e-01	9.295401882468527777e-02	-8.805886686620319204e-02	1.227400987569248064e-01	-1.514932117544795231e-01	1.245358359779274032e-01	-1.324779405322676629e-01	1.388403594915494921e-01	-9.460645947493134811e-02	1.324309545380704389e-01	-1.872674528031018359e-01	1.657554477405789872e-01	-2.451065316225544133e-01	1.076834022439035060e-01	-1.144212212371391313e-01	2.077041856275296805e-01	-2.733109340686345479e-01	1.000000000000000000e+00	-1.653491865815026329e-01	1.328661073360326017e-01	-2.038839901012567402e-01	2.602496304035181174e-01	-8.408913330866014668e-01
-1.692889394964527117e-01	8.137838359012108946e-02	-1.379680175696285094e-01	5.957564329137254866e-02	-6.953297508297549834e-02	1.108823366833934926e-01	-7.737826305611902877e-02	1.013510102936587415e-01	-7.286103181340830570e-02	7.805263470897635947e-02	-1.144192672859064008e-01	1.160416316149004701e-01	-1.119497557792996506e-01	1.013904764489346327e-01	-7.977973079479411256e-02	1.736710544463593575e-01	-1.632429177933811815e-01	1.267897309870472944e-01	-1.066304868046203252e-01	9.796972714855925468e-02	-3.214319735202768591e-01	2.221182155286958726e-01	-1.449349224695392069e-01	1.230216793026775030e-01	-1.264495782135342805e-01	2.605011298724598801e-01	-3.365849674239357325e-01	2.135767625973824801e-01	-1.449847624698155091e-01	1.665997201612625656e-01	-4.860590087458147024e-01	3.114427365350675991e-01	-2.863506796959557898e-01	1.926004528320520992e-01	-1.653491865815026329e-01	1.000000000000000444e+00	-5.595441536407448346e-01	2.664223302167639806e-01	-2.727052227444835553e-01	1.440601863067094424e-01
1.201493712734366254e-01	-6.289320786590635315e-02	1.043985112936843263e-01	-4.631979561732638140e-02	5.364551170031366112e-02	-8.346782267903030128e-02	5.921859803914468479e-02	-7.934511037230508601e-02	5.759018733479519953e-02	-6.240229899463765884e-02	8.486038890574687521e-02	-9.021970627639558371e-02	8.706903647743383101e-02	-8.238397025834849619e-02	6.426175120589348866e-02	-1.330180310786339137e-01	1.250949008671199958e-01	-1.043195361332139443e-01	8.637704371294850636e-02	-8.060420366178724927e-02	1.953625270437051031e-01	-1.927037243316764292e-01	1.188027459696340410e-01	-1.050890609356990302e-01	1.050038533145664921e-01	-1.962077488111411971e-01	2.620738451017511905e-01	-1.908051953485699614e-01	1.242175373558399298e-01	-1.465299094290616888e-01	2.657455395442915314e-01	-5.090415747242414968e-01	2.344054877378611290e-01	-1.779363264417184176e-01	1.328661073360326017e-01	-5.595441536407448346e-01	1.000000000000000888e+00	-4.861223397986100814e-01	2.395889160994099099e-01	-1.317781407876815192e-01
-1.215098175791030632e-01	6.352794552975973841e-02	-1.094886839901943187e-01	4.862464959523785796e-02	-5.656658641652870245e-02	8.228646130066286091e-02	-6.002056328916196420e-02	8.203593934674262289e-02	-6.066828670257562450e-02	6.558521230991393169e-02	-8.333670796226730348e-02	9.044841962826011272e-02	-9.033306562263732076e-02	8.697430397158015247e-02	-6.893117469414609955e-02	1.237522013017780254e-01	-1.255311344758813508e-01	1.100431201688487903e-01	-9.382062105937219454e-02	8.681483749785885717e-02	-1.751516753864633125e-01	1.738841979587225639e-01	-1.292160689627697701e-01	1.230886918698164689e-01	-1.237018038365798184e-01	1.455902016983218195e-01	-2.185910977546995926e-01	1.986268655600200717e-01	-1.573595053949379263e-01	1.731990053447508005e-01	-1.897156540734712404e-01	2.219637740370801748e-01	-4.438244372990843845e-01	2.599156628123685531e-01	-2.038839901012567402e-01	2.664223302167639806e-01	-4.861223397986100814e-01	1.000000000000000888e+00	-5.983289512644324182e-01	1.933183469152776612e-01
1.273237951637746224e-01	-6.969779429486575029e-02	1.193349823403601351e-01	-5.418553329996889101e-02	6.272304249174412427e-02	-8.844482577777551535e-02	6.547950376760554303e-02	-9.141579714899299158e-02	6.853472908957625176e-02	-7.475514299636761006e-02	8.882345141903916219e-02	-9.925525232122256458e-02	1.000981770929526837e-01	-1.005107231013434993e-01	7.940344099339323447e-02	-1.316803600286975962e-01	1.354399375692926233e-01	-1.274720523090356050e-01	1.086164380496061899e-01	-1.020536142984459493e-01	1.632447718289559702e-01	-1.918112355872636510e-01	1.486644527688920081e-01	-1.561427328170401085e-01	1.504578065350760663e-01	-1.359142806154495509e-01	1.864607418682899254e-01	-2.342754843293065881e-01	2.002782585845725161e-01	-2.305363288997412385e-01	1.611350060831875930e-01	-1.889410381341284639e-01	3.060074131941743492e-01	-4.369977205437814427e-01	2.602496304035181174e-01	-2.727052227444835553e-01	2.395889160994099099e-01	-5.983289512644324182e-01	1.000000000000000888e+00	-3.867404005942184364e-01
