1.000000000000000000e+00	-5.417017236151188131e-01	2.434593145418038618e-01	-2.514918695093983081e-02	2.475234703647450490e-02	-6.457741399744564292e-01	3.042438289462013334e-01	-2.534434802547733123e-01	8.036473200093929847e-02	-8.516550092923586002e-02	2.541177908603085012e-01	-2.383004652058909045e-01	1.527859810794801043e-01	-1.125888381097946978e-01	1.008458170381929947e-01	-1.070281352592767077e-01	1.290150482216100292e-01	-1.395171472739007990e-01	1.277361927726903268e-01	-1.773908484617308934e-01	9.104326349648771133e-02	-1.246888180346231445e-01	1.156296776708330837e-01	-1.284895685216205508e-01	7.529038018684122702e-02	-5.587437291612171869e-02	5.617591245929368787e-02	-9.945066065808143285e-02	8.005257801075882362e-02	-8.342550056188466345e-02	3.997987862279085702e-02	-3.979782985971709597e-02	3.823025934547236160e-02	-3.505834816992442482e-02	2.583880248253802095e-02	-5.233487059774258321e-02	3.964334971284243225e-02	-2.970163689019655537e-02	2.136882501519174471e-02	-2.569289446038589692e-02
-5.417017236151188131e-01	1.000000000000000444e+00	-5.413664701046327909e-01	2.658192857094330078e-02	-2.641625970295913978e-02	2.824698884730913462e-01	-4.517922503635726783e-01	2.620147871826394859e-01	-8.312006463446272586e-02	8.450038602910230068e-02	-2.818788708573044532e-01	2.232324059151203910e-01	-1.654352942525093850e-01	1.107093491508766847e-01	-1.019897737224640943e-01	1.009418246477523651e-01	-1.312347827448225590e-01	1.361188952507267902e-01	-1.283527646761661034e-01	1.618032293658915877e-01	-9.052713118489054411e-02	1.149071145690760687e-01	-1.148610001596157143e-01	1.201111827847539809e-01	-7.037810569867697374e-02	5.144510237728402297e-02	-5.274478207069432933e-02	9.165816796024998936e-02	-7.563220894695685259e-02	7.638931055116750246e-02	-3.733956081148796097e-02	3.699108606476685102e-02	-3.567719735331804920e-02	3.250007535500629152e-02	-2.399650715958825606e-02	4.798924638598084380e-02	-3.722483870163274811e-02	2.738632985581857665e-02	-1.980255187342795653e-02	2.372184025846372710e-02
2.434593145418038618e-01	-5.413664701046327909e-01	1.000000000000000444e+00	-4.642522765619219727e-02	4.496801544819337138e-02	-1.848957461935849256e-01	2.419553230421147560e-01	-5.873300444455730185e-01	1.434305741706670689e-01	-1.531538053368921293e-01	1.858105339096833009e-01	-1.734187452174832111e-01	2.490509972106381142e-01	-1.870129048379260139e-01	1.642025340354612561e-01	-1.026176871985089861e-01	1.302066115630892140e-01	-2.200513242657526625e-01	1.976659995671572745e-01	-2.848352331766647039e-01	9.464323679970239322e-02	-1.280111455386269692e-01	1.709590477683554377e-01	-1.944745666468417344e-01	1.165538174445701625e-01	-6.387193908046752411e-02	6.484767810507859054e-02	-1.485879345806122853e-01	1.195088168618111124e-01	-1.297530038443537592e-01	4.733652793473972636e-02	-4.791093502449214614e-02	5.414828158818732473e-02	-5.001793761905914959e-02	3.707039305827999898e-02	-6.166199485450062079e-02	4.830417118997788750e-02	-4.214047647188856605e-02	3.028331221349039176e-02	-3.686806346317314520e-02
-2.514918695093983081e-02	2.658192857094330078e-02	-4.642522765619219727e-02	1.000000000000000444e+00	-9.783594509825237484e-01	1.775176137920692065e-02	-2.468489483505608567e-02	5.061472596561707865e-02	-1.471517900932714229e-01	1.269503425806824404e-01	-2.158917669394668296e-02	1.861429360232259161e-02	-4.163262403836669179e-02	5.848888753183622419e-02	-5.904233024348973929e-02	1.240863807586108092e-02	-1.647229266630810887e-02	3.168348938561615230e-02	-3.647787653407939118e-02	4.504905667033340388e-02	-1.201380359494224823e-02	1.551621394291086663e-02	-2.633228695315944362e-02	2.686039680278039243e-02	-1.785696130011942342e-02	7.803024667743151122e-03	-8.112120145974075283e-03	1.956881597653006150e-02	-1.711351050261203724e-02	1.830112223796673612e-02	-5.885818353917712104e-03	6.002150774831607229e-03	-7.215471536554736616e-03	6.593221881510190167e-03	-4.916730661671274427e-03	7.475690553712504779e-03	-6.126950452434682531e-03	5.436897325158345992e-03	-3.956222247400948376e-03	4.814072389704859498e-03
2.475234703647450490e-02	-2.641625970295913978e-02	4.496801544819337138e-02	-9.783594509825237484e-01	1.000000000000000666e+00	-1.759719759836080380e-02	2.438017507116544205e-02	-5.103227225538961576e-02	1.286989804993235731e-01	-1.449022814250615632e-01	2.136258094537490243e-02	-1.853510133879610403e-02	4.144074548544889047e-02	-6.032232786169058197e-02	5.917946716283733338e-02	-1.245575456623317957e-02	1.649864501656674379e-02	-3.210934182697453704e-02	3.665057205855533351e-02	-4.667263200841065274e-02	1.204705102940725227e-02	-1.561988857945415671e-02	2.651223499948062584e-02	-2.736138146152558570e-02	1.824593101869504894e-02	-7.881254076752575513e-03	8.185372710658249049e-03	-1.996818315160640844e-02	1.739218362300802220e-02	-1.880145878916870961e-02	5.941221806817853848e-03	-6.068328290900345048e-03	7.334168654500224267e-03	-6.710243466553690930e-03	5.004720320508303753e-03	-7.556191036555626878e-03	6.189897133549199237e-03	-5.536083515068304650e-03	4.025495099550358002e-03	-4.904168811894629200e-03
-6.457741399744564292e-01	2.824698884730913462e-01	-1.848957461935849256e-01	1.775176137920692065e-02	-1.759719759836080380e-02	9.999999999999996669e-01	-5.172854191151536885e-01	1.820051189137597003e-01	-5.810522573039042515e-02	5.956627844617790046e-02	-4.360697091817528626e-01	2.687754070295249598e-01	-1.211159808009513311e-01	8.049527533068683016e-02	-7.291158509621797901e-02	1.003413393783288421e-01	-1.249979423111337584e-01	1.034780570000017885e-01	-9.403007445875340153e-02	1.192651835585648440e-01	-8.300958385439528853e-02	1.077067617224919255e-01	-8.571619680486221304e-02	9.034691755780692446e-02	-5.187780606598246802e-02	4.455466339477517218e-02	-4.528671804914609356e-02	6.907693232494052649e-02	-5.643412998424503224e-02	5.657384291594174525e-02	-3.125877090243356360e-02	3.100860064963723017e-02	-2.739023392776046908e-02	2.492579329569769367e-02	-1.827940770252467831e-02	4.049905461042299648e-02	-3.074923852636169200e-02	2.102101647289115333e-02	-1.518468339260913361e-02	1.810790889332475340e-02
3.042438289462013334e-01	-4.517922503635726783e-01	2.419553230421147560e-01	-2.468489483505608567e-02	2.438017507116544205e-02	-5.172854191151536885e-01	9.999999999999998890e-01	-3.080787856472577135e-01	8.267418479492832928e-02	-8.483117636892904823e-02	3.146096881497851272e-01	-5.055056505001598310e-01	1.699301200604861062e-01	-1.122371490432107488e-01	1.001006387399473729e-01	-1.308183765873242588e-01	1.641230116375242964e-01	-1.444649348850082782e-01	1.273466077425663701e-01	-1.628109220309642002e-01	1.049187934197183814e-01	-1.446200725921917563e-01	1.148708661646969387e-01	-1.220747398799332806e-01	7.002156300013338830e-02	-5.869064946891269091e-02	5.943888834868836513e-02	-9.279784424228737505e-02	7.562124651267072839e-02	-7.646019829948040580e-02	4.088057723896384305e-02	-4.079287595275837147e-02	3.640923835509288914e-02	-3.319088488758905470e-02	2.431424917462034901e-02	-5.312532210155071488e-02	4.028832211306487832e-02	-2.793174280235247858e-02	2.016642997220490299e-02	-2.409984887128463482e-02
-2.534434802547733123e-01	2.620147871826394859e-01	-5.873300444455730185e-01	5.061472596561707865e-02	-5.103227225538961576e-02	1.820051189137597003e-01	-3.080787856472577135e-01	1.000000000000000666e+00	-2.185923372679757504e-01	1.736593829493443819e-01	-2.115585615102286154e-01	1.840874662751156576e-01	-4.927659055367208385e-01	2.077350973354209207e-01	-1.972215977913061857e-01	1.020847776455107575e-01	-1.378829817063655094e-01	2.387704941767031797e-01	-2.270825236806379988e-01	2.321722542617779550e-01	-9.582461251299086158e-02	1.221439821329420305e-01	-1.839718036595715533e-01	1.739845327527958507e-01	-1.014992761437738672e-01	5.736080286008196638e-02	-5.959786773003389326e-02	1.252028998126062942e-01	-1.073645333518293277e-01	1.058055540313323217e-01	-4.245160649786439144e-02	4.277782398313131201e-02	-4.687739197347501330e-02	4.262935868735325678e-02	-3.148127414312169858e-02	5.394394231492334602e-02	-4.342022672569732095e-02	3.521534068302881876e-02	-2.561515045422260370e-02	3.088389134842162154e-02
8.036473200093929847e-02	-8.312006463446272586e-02	1.434305741706670689e-01	-1.471517900932714229e-01	1.286989804993235731e-01	-5.810522573039042515e-02	8.267418479492832928e-02	-2.185923372679757504e-01	9.999999999999983347e-01	-8.644764185976331339e-01	7.064329322643857212e-02	-6.235909190406430797e-02	1.562631098132733209e-01	-3.045304809764898257e-01	2.395511931094727875e-01	-4.123962789777531335e-02	5.493165462529771975e-02	-1.147909923432155338e-01	1.295991860457364198e-01	-1.621766786697581564e-01	3.949478078609314213e-02	-5.132722655726423833e-02	8.843778238090638233e-02	-9.078889117935420860e-02	6.079865848315558347e-02	-2.539210423134033792e-02	2.641517016748170382e-02	-6.484019630249887589e-02	5.686386433742841168e-02	-6.201725093652264709e-02	1.896521258543634736e-02	-1.948230613438374503e-02	2.362530224880187921e-02	-2.161612063025138142e-02	1.608527333713715216e-02	-2.409017259727307125e-02	1.980918131365937140e-02	-1.771623558078618682e-02	1.289999242894054703e-02	-1.573891045713650752e-02
-8.516550092923586002e-02	8.450038602910230068e-02	-1.531538053368921293e-01	1.269503425806824404e-01	-1.449022814250615632e-01	5.956627844617790046e-02	-8.483117636892904823e-02	1.736593829493443819e-01	-8.644764185976331339e-01	9.999999999999987788e-01	-7.363012415917177811e-02	6.304980407110469254e-02	-1.557075234670516617e-01	2.377468002574497363e-01	-3.271069540959953836e-01	4.155499745968477265e-02	-5.574955770344178912e-02	1.108806795599793643e-01	-1.334220219104618188e-01	1.574655695262993649e-01	-4.019150636157133721e-02	5.151771172330261300e-02	-9.010784719843673019e-02	8.937532411007023669e-02	-6.128944191163644001e-02	2.547895066706874420e-02	-2.660220038400114284e-02	6.402090855522676871e-02	-5.720360748674140072e-02	6.083288738464753820e-02	-1.911794415583640758e-02	1.957432257180508756e-02	-2.363729387553701114e-02	2.154502694691329961e-02	-1.606117178070904858e-02	2.417836281112815261e-02	-1.996693637687116385e-02	1.763612141217702628e-02	-1.287501092475692305e-02	1.566447202759374199e-02
2.541177908603085012e-01	-2.818788708573044532e-01	1.858105339096833009e-01	-2.158917669394668296e-02	2.136258094537490243e-02	-4.360697091817528626e-01	3.146096881497851272e-01	-2.115585615102286154e-01	7.064329322643857212e-02	-7.363012415917177811e-02	9.999999999999992228e-01	-7.011060282307779445e-01	1.559484849749618873e-01	-1.045379563796470512e-01	9.267850716725872795e-02	-1.973455145352237261e-01	2.117582101066122768e-01	-1.429363386420688942e-01	1.234305270523864961e-01	-1.564508798976212700e-01	1.390510535293312255e-01	-1.909740415232507593e-01	1.158144410370464117e-01	-1.226231695173488345e-01	6.854453014302568092e-02	-7.197632718154832465e-02	7.225319847782435412e-02	-9.385762057633072197e-02	7.602034521058943783e-02	-7.490137793096025842e-02	4.849733829473181629e-02	-4.827742466529250792e-02	3.826371555287635257e-02	-3.473777232289789602e-02	2.524477700734806263e-02	-6.341600050493856333e-02	4.700627001003551686e-02	-2.928470419154782095e-02	2.114602898219250168e-02	-2.504970178152892551e-02
-2.383004652058909045e-01	2.232324059151203910e-01	-1.734187452174832111e-01	1.861429360232259161e-02	-1.853510133879610403e-02	2.687754070295249598e-01	-5.055056505001598310e-01	1.840874662751156576e-01	-6.235909190406430797e-02	6.304980407110469254e-02	-7.011060282307779445e-01	9.999999999999988898e-01	-1.656221395020075482e-01	9.228784521162114451e-02	-8.254883282287936441e-02	1.718645518564897723e-01	-2.919122075248550829e-01	1.316419013934853055e-01	-1.121862592726585311e-01	1.287559080444249660e-01	-1.346298029250607708e-01	1.719361216596002606e-01	-1.041409548310242433e-01	1.039409070179925787e-01	-5.743077968383900750e-02	6.235963973354567702e-02	-6.445212026484808954e-02	7.832683576952968740e-02	-6.453411240045137109e-02	6.174578513499461713e-02	-4.213454133579432742e-02	4.186944629122823364e-02	-3.239724798610710971e-02	2.922505236773071183e-02	-2.119821035199166009e-02	5.402573257355768044e-02	-4.100209303782206827e-02	2.449420836018943032e-02	-1.776173738414173198e-02	2.094282240441363435e-02
1.527859810794801043e-01	-1.654352942525093850e-01	2.490509972106381142e-01	-4.163262403836669179e-02	4.144074548544889047e-02	-1.211159808009513311e-01	1.699301200604861062e-01	-4.927659055367208385e-01	1.562631098132733209e-01	-1.557075234670516617e-01	1.559484849749618873e-01	-1.656221395020075482e-01	9.999999999999976685e-01	-3.609150176322640791e-01	2.315201877822094800e-01	-1.069796753449764881e-01	1.430420723256370374e-01	-5.686429440958011838e-01	2.860142260539401682e-01	-3.137112657697875839e-01	9.565924938468120531e-02	-1.306995100244221775e-01	2.207781453414972561e-01	-2.285687198597382286e-01	1.231147730523921430e-01	-6.019072664162320591e-02	6.222906349465252146e-02	-1.530715030631610574e-01	1.266908249144232945e-01	-1.312159691157924468e-01	4.356552390833553362e-02	-4.516390088624189225e-02	5.313224395333027844e-02	-4.884640303670426120e-02	3.556172499100428847e-02	-5.576967356633691364e-02	4.526741491249509919e-02	-3.960657829336172719e-02	2.871901330697413518e-02	-3.505254580409726539e-02
-1.125888381097946978e-01	1.107093491508766847e-01	-1.870129048379260139e-01	5.848888753183622419e-02	-6.032232786169058197e-02	8.049527533068683016e-02	-1.122371490432107488e-01	2.077350973354209207e-01	-3.045304809764898257e-01	2.377468002574497363e-01	-1.045379563796470512e-01	9.228784521162114451e-02	-3.609150176322640791e-01	9.999999999999975575e-01	-7.400427340854103253e-01	6.495094285768245046e-02	-8.829229209333447348e-02	2.123706092047233096e-01	-2.972329721599751284e-01	2.716098382687847090e-01	-6.260746629964637766e-02	8.102974694817936807e-02	-1.563848435959897532e-01	1.540462364912396909e-01	-1.038577223226134910e-01	3.970742642390936994e-02	-4.159547415894360861e-02	1.048986125784477641e-01	-9.521631749939303557e-02	1.005768177625005200e-01	-2.960668682943228339e-02	3.064218019091464323e-02	-3.809721174096908358e-02	3.473601168200319417e-02	-2.578074204247624013e-02	3.737384019918119776e-02	-3.117868752904551580e-02	2.810892929660659123e-02	-2.056369213001841417e-02	2.508707259773726786e-02
1.008458170381929947e-01	-1.019897737224640943e-01	1.642025340354612561e-01	-5.904233024348973929e-02	5.917946716283733338e-02	-7.291158509621797901e-02	1.001006387399473729e-01	-1.972215977913061857e-01	2.395511931094727875e-01	-3.271069540959953836e-01	9.267850716725872795e-02	-8.254883282287936441e-02	2.315201877822094800e-01	-7.400427340854103253e-01	9.999999999999976685e-01	-6.046710396499246909e-02	8.059970565106497342e-02	-1.920675034987213980e-01	2.324138104563956975e-01	-4.171005126612177261e-01	5.832189469657827335e-02	-7.661488032462504538e-02	1.436545703372897054e-01	-1.539216222605520878e-01	1.186855021826975359e-01	-3.883162831398895287e-02	4.049385044993619731e-02	-1.097629281900938392e-01	9.775711023178978998e-02	-1.189083670067954401e-01	2.902420658668023248e-02	-3.030408054997434444e-02	3.916068622611584837e-02	-3.602376583302580731e-02	2.698093735261341761e-02	-3.681850406649959245e-02	3.078849221789142082e-02	-2.929646305377683196e-02	2.135779233082013215e-02	-2.633573352467672227e-02
-1.070281352592767077e-01	1.009418246477523651e-01	-1.026176871985089861e-01	1.240863807586108092e-02	-1.245575456623317957e-02	1.003413393783288421e-01	-1.308183765873242588e-01	1.020847776455107575e-01	-4.123962789777531335e-02	4.155499745968477265e-02	-1.973455145352237261e-01	1.718645518564897723e-01	-1.069796753449764881e-01	6.495094285768245046e-02	-6.046710396499246909e-02	1.000000000000001110e+00	-6.177136869160323451e-01	1.186441663775935490e-01	-9.954961416155687359e-02	9.460132976664967219e-02	-6.616372660173253095e-01	3.160058475826139079e-01	-1.047905742012985864e-01	9.325590870512820429e-02	-4.722963286147244255e-02	9.747667426412048863e-02	-1.039529807196650918e-01	7.154134961740205023e-02	-5.955510524211100193e-02	4.949609198139529043e-02	-6.145959347609796647e-02	6.047927873779997826e-02	-3.434003827509320844e-02	3.025116497435381344e-02	-2.139281479094836541e-02	7.538981336296833591e-02	-5.854077542448125893e-02	2.525868571871990598e-02	-1.846783141135751455e-02	2.103440931014258913e-02
1.290150482216100292e-01	-1.312347827448225590e-01	1.302066115630892140e-01	-1.647229266630810887e-02	1.649864501656674379e-02	-1.249979423111337584e-01	1.641230116375242964e-01	-1.378829817063655094e-01	5.493165462529771975e-02	-5.574955770344178912e-02	2.117582101066122768e-01	-2.919122075248550829e-01	1.430420723256370374e-01	-8.829229209333447348e-02	8.059970565106497342e-02	-6.177136869160323451e-01	9.999999999999988898e-01	-1.912223384721235819e-01	1.334604051099993471e-01	-1.297912967357207625e-01	3.177427043262773809e-01	-5.551113677288489479e-01	1.402910917736121810e-01	-1.296846147316518816e-01	6.386990505409903540e-02	-1.366097710864237202e-01	1.401727376174206063e-01	-9.809100297965755999e-02	8.030340279090023015e-02	-6.738921130514782809e-02	8.204041022307391462e-02	-8.406707280434715102e-02	4.640104284396934925e-02	-4.115253557022807707e-02	2.887746929003991506e-02	-1.059611609267899351e-01	7.782823705067988540e-02	-3.423479724078098974e-02	2.493217400302050885e-02	-2.852361705816854054e-02
-1.395171472739007990e-01	1.361188952507267902e-01	-2.200513242657526625e-01	3.168348938561615230e-02	-3.210934182697453704e-02	1.034780570000017885e-01	-1.444649348850082782e-01	2.387704941767031797e-01	-1.147909923432155338e-01	1.108806795599793643e-01	-1.429363386420688942e-01	1.316419013934853055e-01	-5.686429440958011838e-01	2.123706092047233096e-01	-1.920675034987213980e-01	1.186441663775935490e-01	-1.912223384721235819e-01	9.999999999999975575e-01	-5.557395712837023272e-01	2.696958381221363221e-01	-1.084878512192203742e-01	1.435765917479700782e-01	-3.788521931304404400e-01	2.581399733819041420e-01	-1.206581901631697124e-01	6.206451733480269212e-02	-6.566165415148790541e-02	1.573380502309789930e-01	-1.364946015758437547e-01	1.213305727406855383e-01	-4.456825147520591945e-02	4.638843775619474336e-02	-5.432775047708832822e-02	4.927392660283978765e-02	-3.529240770643012060e-02	5.613252602416829440e-02	-4.654700821338483147e-02	3.890142348883049439e-02	-2.846778358740573861e-02	3.446997856656380810e-02
1.277361927726903268e-01	-1.283527646761661034e-01	1.976659995671572745e-01	-3.647787653407939118e-02	3.665057205855533351e-02	-9.403007445875340153e-02	1.273466077425663701e-01	-2.270825236806379988e-01	1.295991860457364198e-01	-1.334220219104618188e-01	1.234305270523864961e-01	-1.121862592726585311e-01	2.860142260539401682e-01	-2.972329721599751284e-01	2.324138104563956975e-01	-9.954961416155687359e-02	1.334604051099993471e-01	-5.557395712837023272e-01	9.999999999999990008e-01	-5.428338703736795834e-01	9.300124398596854025e-02	-1.266422347393824088e-01	2.699585755341332716e-01	-3.643861468653394886e-01	1.716417241388341064e-01	-6.137281818081299911e-02	6.414523115510155360e-02	-1.836160100587646282e-01	1.639046723602224920e-01	-1.758133507386152039e-01	4.500420370712296392e-02	-4.765960893599866660e-02	6.255399147626565515e-02	-5.764854073280586966e-02	4.200910306829963581e-02	-5.707827524516535106e-02	4.801865170611047118e-02	-4.569061714410748570e-02	3.333792194741283521e-02	-4.107769140646835848e-02
-1.773908484617308934e-01	1.618032293658915877e-01	-2.848352331766647039e-01	4.504905667033340388e-02	-4.667263200841065274e-02	1.192651835585648440e-01	-1.628109220309642002e-01	2.321722542617779550e-01	-1.621766786697581564e-01	1.574655695262993649e-01	-1.564508798976212700e-01	1.287559080444249660e-01	-3.137112657697875839e-01	2.716098382687847090e-01	-4.171005126612177261e-01	9.460132976664967219e-02	-1.297912967357207625e-01	2.696958381221363221e-01	-5.428338703736795834e-01	1.000000000000000444e+00	-9.553550507178856788e-02	1.195757963000811108e-01	-2.570656878547460389e-01	2.440476644370710990e-01	-3.219382781263669391e-01	6.201761848598105753e-02	-6.594196067365006020e-02	1.795727990656832140e-01	-1.851513590967026057e-01	2.196398628499307559e-01	-4.743782743241875544e-02	4.967883124121156430e-02	-6.783026208019320158e-02	6.150298027413110546e-02	-4.715137522753662380e-02	5.891136366665382373e-02	-5.120269205280211788e-02	4.931535168816821718e-02	-3.658076010279363854e-02	4.492937401559474186e-02
9.104326349648771133e-02	-9.052713118489054411e-02	9.464323679970239322e-02	-1.201380359494224823e-02	1.204705102940725227e-02	-8.300958385439528853e-02	1.049187934197183814e-01	-9.582461251299086158e-02	3.949478078609314213e-02	-4.019150636157133721e-02	1.390510535293312255e-01	-1.346298029250607708e-01	9.565924938468120531e-02	-6.260746629964637766e-02	5.832189469657827335e-02	-6.616372660173253095e-01	3.177427043262773809e-01	-1.084878512192203742e-01	9.300124398596854025e-02	-9.553550507178856788e-02	9.999999999999983347e-01	-6.153294796734276595e-01	1.128121984825142254e-01	-1.038625298045253997e-01	5.037272063847803016e-02	-1.554861326045977876e-01	1.527697251430244763e-01	-8.297501788646115262e-02	6.730877720405997744e-02	-5.314680269732859064e-02	8.828348968925904539e-02	-8.904087530760419755e-02	4.298457631398662493e-02	-3.779861371150781274e-02	2.624092683464910453e-02	-1.121039557477418042e-01	8.201258675299341605e-02	-3.162496429549861016e-02	2.306020689421306100e-02	-2.593557413618805679e-02
-1.246888180346231445e-01	1.149071145690760687e-01	-1.280111455386269692e-01	1.551621394291086663e-02	-1.561988857945415671e-02	1.077067617224919255e-01	-1.446200725921917563e-01	1.221439821329420305e-01	-5.132722655726423833e-02	5.151771172330261300e-02	-1.909740415232507593e-01	1.719361216596002606e-01	-1.306995100244221775e-01	8.102974694817936807e-02	-7.661488032462504538e-02	3.160058475826139079e-01	-5.551113677288489479e-01	1.435765917479700782e-01	-1.266422347393824088e-01	1.195757963000811108e-01	-6.153294796734276595e-01	1.000000000000000444e+00	-1.709893316488449722e-01	1.331568770388387168e-01	-6.477797959286824003e-02	1.793912024666302896e-01	-2.682566053973011733e-01	1.057737404637090761e-01	-8.847452402783427539e-02	6.714192468268224967e-02	-1.123730427438001112e-01	1.162053806271857309e-01	-5.594457255347637381e-02	4.820455642929744045e-02	-3.357359458251693574e-02	1.294622264184693283e-01	-1.125584599675198139e-01	3.998676035624130348e-02	-2.947287716212967576e-02	3.282110294478297885e-02
1.156296776708330837e-01	-1.148610001596157143e-01	1.709590477683554377e-01	-2.633228695315944362e-02	2.651223499948062584e-02	-8.571619680486221304e-02	1.148708661646969387e-01	-1.839718036595715533e-01	8.843778238090638233e-02	-9.010784719843673019e-02	1.158144410370464117e-01	-1.041409548310242433e-01	2.207781453414972561e-01	-1.563848435959897532e-01	1.436545703372897054e-01	-1.047905742012985864e-01	1.402910917736121810e-01	-3.788521931304404400e-01	2.699585755341332716e-01	-2.570656878547460389e-01	1.128121984825142254e-01	-1.709893316488449722e-01	1.000000000000000444e+00	-7.086356263370406916e-01	1.689280281903091374e-01	-7.957760450146407483e-02	8.535335626211101867e-02	-3.622603237271586618e-01	2.519140050149892285e-01	-1.781226920343892406e-01	5.717182268251811555e-02	-6.353554783703133091e-02	9.413367355808431591e-02	-8.654864917529676849e-02	5.747530502416583337e-02	-7.183253054815397221e-02	6.316584772686907601e-02	-6.362623298983850761e-02	4.634574447052107471e-02	-5.685448376684713173e-02
-1.284895685216205508e-01	1.201111827847539809e-01	-1.944745666468417344e-01	2.686039680278039243e-02	-2.736138146152558570e-02	9.034691755780692446e-02	-1.220747398799332806e-01	1.739845327527958507e-01	-9.078889117935420860e-02	8.937532411007023669e-02	-1.226231695173488345e-01	1.039409070179925787e-01	-2.285687198597382286e-01	1.540462364912396909e-01	-1.539216222605520878e-01	9.325590870512820429e-02	-1.296846147316518816e-01	2.581399733819041420e-01	-3.643861468653394886e-01	2.440476644370710990e-01	-1.038625298045253997e-01	1.331568770388387168e-01	-7.086356263370406916e-01	9.999999999999994449e-01	-2.245136965072983826e-01	6.944284265173314430e-02	-7.591116879280537799e-02	2.698563687040788639e-01	-3.574670584623660941e-01	1.923914238621479977e-01	-5.241229108095200179e-02	5.777009210963916785e-02	-9.254134602258558273e-02	8.362675024024184001e-02	-5.723768695698953912e-02	6.428027260487986783e-02	-5.912692011152950733e-02	5.988294048964955263e-02	-4.490612588972082292e-02	5.447126218467328307e-02
7.529038018684122702e-02	-7.037810569867697374e-02	1.165538174445701625e-01	-1.785696130011942342e-02	1.824593101869504894e-02	-5.187780606598246802e-02	7.002156300013338830e-02	-1.014992761437738672e-01	6.079865848315558347e-02	-6.128944191163644001e-02	6.854453014302568092e-02	-5.743077968383900750e-02	1.231147730523921430e-01	-1.038577223226134910e-01	1.186855021826975359e-01	-4.722963286147244255e-02	6.386990505409903540e-02	-1.206581901631697124e-01	1.716417241388341064e-01	-3.219382781263669391e-01	5.037272063847803016e-02	-6.477797959286824003e-02	1.689280281903091374e-01	-2.245136965072983826e-01	1.000000000000000444e+00	-4.280644771576174595e-02	4.602375786574906813e-02	-2.224326069388378457e-01	2.221984093377525893e-01	-8.487699643837325336e-01	3.276740712588572385e-02	-3.841822499022394533e-02	7.245174930074270436e-02	-7.045513543025566650e-02	5.930431540185798767e-02	-4.076608159676304438e-02	3.902930594768929534e-02	-5.492053314664467611e-02	4.042494505490746431e-02	-5.639055648794420728e-02
-5.587437291612171869e-02	5.144510237728402297e-02	-6.387193908046752411e-02	7.803024667743151122e-03	-7.881254076752575513e-03	4.455466339477517218e-02	-5.869064946891269091e-02	5.736080286008196638e-02	-2.539210423134033792e-02	2.547895066706874420e-02	-7.197632718154832465e-02	6.235963973354567702e-02	-6.019072664162320591e-02	3.970742642390936994e-02	-3.883162831398895287e-02	9.747667426412048863e-02	-1.366097710864237202e-01	6.206451733480269212e-02	-6.137281818081299911e-02	6.201761848598105753e-02	-1.554861326045977876e-01	1.793912024666302896e-01	-7.957760450146407483e-02	6.944284265173314430e-02	-4.280644771576174595e-02	1.000000000000000222e+00	-7.237759307213338378e-01	8.893967599771258892e-02	-7.559986592243168879e-02	4.353304196541323001e-02	-4.700887367788617599e-01	2.371646886769959717e-01	-7.666980995706125512e-02	6.233188771901067987e-02	-4.266171260006245552e-02	2.785823330679256804e-01	-2.765189192713254918e-01	5.390335734506457310e-02	-4.069531803634487271e-02	4.101462553635486924e-02
5.617591245929368787e-02	-5.274478207069432933e-02	6.484767810507859054e-02	-8.112120145974075283e-03	8.185372710658249049e-03	-4.528671804914609356e-02	5.943888834868836513e-02	-5.959786773003389326e-02	2.641517016748170382e-02	-2.660220038400114284e-02	7.225319847782435412e-02	-6.445212026484808954e-02	6.222906349465252146e-02	-4.159547415894360861e-02	4.049385044993619731e-02	-1.039529807196650918e-01	1.401727376174206063e-01	-6.566165415148790541e-02	6.414523115510155360e-02	-6.594196067365006020e-02	1.527697251430244763e-01	-2.682566053973011733e-01	8.535335626211101867e-02	-7.591116879280537799e-02	4.602375786574906813e-02	-7.237759307213338378e-01	1.000000000000001554e+00	-1.088215541087792643e-01	8.347703841167564143e-02	-4.731984629576346801e-02	2.540849717783594253e-01	-4.049462578254216516e-01	8.788488748320383293e-02	-7.411382414416585462e-02	4.665543907342875607e-02	-3.088295185879942895e-01	2.572171936668944947e-01	-5.956131197781774217e-02	4.381588989229530384e-02	-4.615546351930905483e-02
-9.945066065808143285e-02	9.165816796024998936e-02	-1.485879345806122853e-01	1.956881597653006150e-02	-1.996818315160640844e-02	6.907693232494052649e-02	-9.279784424228737505e-02	1.252028998126062942e-01	-6.484019630249887589e-02	6.402090855522676871e-02	-9.385762057633072197e-02	7.832683576952968740e-02	-1.530715030631610574e-01	1.048986125784477641e-01	-1.097629281900938392e-01	7.154134961740205023e-02	-9.809100297965755999e-02	1.573380502309789930e-01	-1.836160100587646282e-01	1.795727990656832140e-01	-8.297501788646115262e-02	1.057737404637090761e-01	-3.622603237271586618e-01	2.698563687040788639e-01	-2.224326069388378457e-01	8.893967599771258892e-02	-1.088215541087792643e-01	1.000000000000000222e+00	-7.645091786000212108e-01	2.111518710488974881e-01	-6.730998529760900961e-02	8.545450228236302348e-02	-2.251046450919555741e-01	1.662756899866665306e-01	-9.918646121399171678e-02	7.960492535795923863e-02	-8.652143095326252087e-02	9.983806542153042529e-02	-7.723802572249800769e-02	9.230290656519607451e-02
8.005257801075882362e-02	-7.563220894695685259e-02	1.195088168618111124e-01	-1.711351050261203724e-02	1.739218362300802220e-02	-5.643412998424503224e-02	7.562124651267072839e-02	-1.073645333518293277e-01	5.686386433742841168e-02	-5.720360748674140072e-02	7.602034521058943783e-02	-6.453411240045137109e-02	1.266908249144232945e-01	-9.521631749939303557e-02	9.775711023178978998e-02	-5.955510524211100193e-02	8.030340279090023015e-02	-1.364946015758437547e-01	1.639046723602224920e-01	-1.851513590967026057e-01	6.730877720405997744e-02	-8.847452402783427539e-02	2.519140050149892285e-01	-3.574670584623660941e-01	2.221984093377525893e-01	-7.559986592243168879e-02	8.347703841167564143e-02	-7.645091786000212108e-01	1.000000000000003109e+00	-3.272534969055430620e-01	5.585185127219007006e-02	-7.216167296941461418e-02	1.687849442528648880e-01	-1.807200824714336740e-01	9.546224869604770513e-02	-6.904301710839860773e-02	7.111474664094782905e-02	-1.008201412885761650e-01	7.479237914215189353e-02	-9.427091780302190860e-02
-8.342550056188466345e-02	7.638931055116750246e-02	-1.297530038443537592e-01	1.830112223796673612e-02	-1.880145878916870961e-02	5.657384291594174525e-02	-7.646019829948040580e-02	1.058055540313323217e-01	-6.201725093652264709e-02	6.083288738464753820e-02	-7.490137793096025842e-02	6.174578513499461713e-02	-1.312159691157924468e-01	1.005768177625005200e-01	-1.189083670067954401e-01	4.949609198139529043e-02	-6.738921130514782809e-02	1.213305727406855383e-01	-1.758133507386152039e-01	2.196398628499307559e-01	-5.314680269732859064e-02	6.714192468268224967e-02	-1.781226920343892406e-01	1.923914238621479977e-01	-8.487699643837325336e-01	4.353304196541323001e-02	-4.731984629576346801e-02	2.111518710488974881e-01	-3.272534969055430620e-01	1.000000000000000000e+00	-3.378278223906334976e-02	3.961481471444513319e-02	-7.781269512399123511e-02	7.417767371495148643e-02	-6.711534918986533649e-02	4.151503591726719844e-02	-4.066779704190871814e-02	5.602019671935780376e-02	-4.255374849151950106e-02	5.899303586803437277e-02
3.997987862279085702e-02	-3.733956081148796097e-02	4.733652793473972636e-02	-5.885818353917712104e-03	5.941221806817853848e-03	-3.125877090243356360e-02	4.088057723896384305e-02	-4.245160649786439144e-02	1.896521258543634736e-02	-1.911794415583640758e-02	4.849733829473181629e-02	-4.213454133579432742e-02	4.356552390833553362e-02	-2.960668682943228339e-02	2.902420658668023248e-02	-6.145959347609796647e-02	8.204041022307391462e-02	-4.456825147520591945e-02	4.500420370712296392e-02	-4.743782743241875544e-02	8.828348968925904539e-02	-1.123730427438001112e-01	5.717182268251811555e-02	-5.241229108095200179e-02	3.276740712588572385e-02	-4.700887367788617599e-01	2.540849717783594253e-01	-6.730998529760900961e-02	5.585185127219007006e-02	-3.378278223906334976e-02	9.999999999999994449e-01	-2.219207712631995066e-01	6.611298596689320350e-02	-5.660407575902037802e-02	3.799888831073571643e-02	-7.885167864994742093e-01	2.216206323784840615e-01	-4.964489224364607156e-02	3.637806634732341365e-02	-3.759124747162886221e-02
-3.979782985971709597e-02	3.699108606476685102e-02	-4.791093502449214614e-02	6.002150774831607229e-03	-6.068328290900345048e-03	3.100860064963723017e-02	-4.079287595275837147e-02	4.277782398313131201e-02	-1.948230613438374503e-02	1.957432257180508756e-02	-4.827742466529250792e-02	4.186944629122823364e-02	-4.516390088624189225e-02	3.064218019091464323e-02	-3.030408054997434444e-02	6.047927873779997826e-02	-8.406707280434715102e-02	4.638843775619474336e-02	-4.765960893599866660e-02	4.967883124121156430e-02	-8.904087530760419755e-02	1.162053806271857309e-01	-6.353554783703133091e-02	5.777009210963916785e-02	-3.841822499022394533e-02	2.371646886769959717e-01	-4.049462578254216516e-01	8.545450228236302348e-02	-7.216167296941461418e-02	3.961481471444513319e-02	-2.219207712631995066e-01	9.999999999999998890e-01	-1.626210285678179601e-01	1.152166128816200924e-01	-6.907743045632207257e-02	2.310987621146067539e-01	-8.058593685827513120e-01	9.107304344355718340e-02	-6.888752468028205844e-02	6.698301691425312399e-02
3.823025934547236160e-02	-3.567719735331804920e-02	5.414828158818732473e-02	-7.215471536554736616e-03	7.334168654500224267e-03	-2.739023392776046908e-02	3.640923835509288914e-02	-4.687739197347501330e-02	2.362530224880187921e-02	-2.363729387553701114e-02	3.826371555287635257e-02	-3.239724798610710971e-02	5.313224395333027844e-02	-3.809721174096908358e-02	3.916068622611584837e-02	-3.434003827509320844e-02	4.640104284396934925e-02	-5.432775047708832822e-02	6.255399147626565515e-02	-6.783026208019320158e-02	4.298457631398662493e-02	-5.594457255347637381e-02	9.413367355808431591e-02	-9.254134602258558273e-02	7.245174930074270436e-02	-7.666980995706125512e-02	8.788488748320383293e-02	-2.251046450919555741e-01	1.687849442528648880e-01	-7.781269512399123511e-02	6.611298596689320350e-02	-1.626210285678179601e-01	9.999999999999995559e-01	-8.194685606907314845e-01	2.409352728373915786e-01	-7.833758193372565570e-02	1.327510690909476376e-01	-2.867213986485116495e-01	2.013217395143636623e-01	-2.636080890749666339e-01
-3.505834816992442482e-02	3.250007535500629152e-02	-5.001793761905914959e-02	6.593221881510190167e-03	-6.710243466553690930e-03	2.492579329569769367e-02	-3.319088488758905470e-02	4.262935868735325678e-02	-2.161612063025138142e-02	2.154502694691329961e-02	-3.473777232289789602e-02	2.922505236773071183e-02	-4.884640303670426120e-02	3.473601168200319417e-02	-3.602376583302580731e-02	3.025116497435381344e-02	-4.115253557022807707e-02	4.927392660283978765e-02	-5.764854073280586966e-02	6.150298027413110546e-02	-3.779861371150781274e-02	4.820455642929744045e-02	-8.654864917529676849e-02	8.362675024024184001e-02	-7.045513543025566650e-02	6.233188771901067987e-02	-7.411382414416585462e-02	1.662756899866665306e-01	-1.807200824714336740e-01	7.417767371495148643e-02	-5.660407575902037802e-02	1.152166128816200924e-01	-8.194685606907314845e-01	9.999999999999996669e-01	-3.662302900716740139e-01	6.436113380789358629e-02	-1.175570706725717479e-01	2.198189675801774101e-01	-2.289411770537455315e-01	2.362441495642730038e-01
2.583880248253802095e-02	-2.399650715958825606e-02	3.707039305827999898e-02	-4.916730661671274427e-03	5.004720320508303753e-03	-1.827940770252467831e-02	2.431424917462034901e-02	-3.148127414312169858e-02	1.608527333713715216e-02	-1.606117178070904858e-02	2.524477700734806263e-02	-2.119821035199166009e-02	3.556172499100428847e-02	-2.578074204247624013e-02	2.698093735261341761e-02	-2.139281479094836541e-02	2.887746929003991506e-02	-3.529240770643012060e-02	4.200910306829963581e-02	-4.715137522753662380e-02	2.624092683464910453e-02	-3.357359458251693574e-02	5.747530502416583337e-02	-5.723768695698953912e-02	5.930431540185798767e-02	-4.266171260006245552e-02	4.665543907342875607e-02	-9.918646121399171678e-02	9.546224869604770513e-02	-6.711534918986533649e-02	3.799888831073571643e-02	-6.907743045632207257e-02	2.409352728373915786e-01	-3.662302900716740139e-01	1.000000000000000000e+00	-4.594946157716507662e-02	7.184116330046501353e-02	-3.394777917364442121e-01	2.651546684718429914e-01	-8.019952557135010540e-01
-5.233487059774258321e-02	4.798924638598084380e-02	-6.166199485450062079e-02	7.475690553712504779e-03	-7.556191036555626878e-03	4.049905461042299648e-02	-5.312532210155071488e-02	5.394394231492334602e-02	-2.409017259727307125e-02	2.417836281112815261e-02	-6.341600050493856333e-02	5.402573257355768044e-02	-5.576967356633691364e-02	3.737384019918119776e-02	-3.681850406649959245e-02	7.538981336296833591e-02	-1.059611609267899351e-01	5.613252602416829440e-02	-5.707827524516535106e-02	5.891136366665382373e-02	-1.121039557477418042e-01	1.294622264184693283e-01	-7.183253054815397221e-02	6.428027260487986783e-02	-4.076608159676304438e-02	2.785823330679256804e-01	-3.088295185879942895e-01	7.960492535795923863e-02	-6.904301710839860773e-02	4.151503591726719844e-02	-7.885167864994742093e-01	2.310987621146067539e-01	-7.833758193372565570e-02	6.436113380789358629e-02	-4.594946157716507662e-02	9.999999999999997780e-01	-3.700093935611325491e-01	5.945620212659575438e-02	-4.502794670724467180e-02	4.394798278885989062e-02
3.964334971284243225e-02	-3.722483870163274811e-02	4.830417118997788750e-02	-6.126950452434682531e-03	6.189897133549199237e-03	-3.074923852636169200e-02	4.028832211306487832e-02	-4.342022672569732095e-02	1.980918131365937140e-02	-1.996693637687116385e-02	4.700627001003551686e-02	-4.100209303782206827e-02	4.526741491249509919e-02	-3.117868752904551580e-02	3.078849221789142082e-02	-5.854077542448125893e-02	7.782823705067988540e-02	-4.654700821338483147e-02	4.801865170611047118e-02	-5.120269205280211788e-02	8.201258675299341605e-02	-1.125584599675198139e-01	6.316584772686907601e-02	-5.912692011152950733e-02	3.902930594768929534e-02	-2.765189192713254918e-01	2.572171936668944947e-01	-8.652143095326252087e-02	7.111474664094782905e-02	-4.066779704190871814e-02	2.216206323784840615e-01	-8.058593685827513120e-01	1.327510690909476376e-01	-1.175570706725717479e-01	7.184116330046501353e-02	-3.700093935611325491e-01	9.999999999999997780e-01	-1.098706254973466495e-01	7.572038733428425317e-02	-7.296748301794855895e-02
-2.970163689019655537e-02	2.738632985581857665e-02	-4.214047647188856605e-02	5.436897325158345992e-03	-5.536083515068304650e-03	2.102101647289115333e-02	-2.793174280235247858e-02	3.521534068302881876e-02	-1.771623558078618682e-02	1.763612141217702628e-02	-2.928470419154782095e-02	2.449420836018943032e-02	-3.960657829336172719e-02	2.810892929660659123e-02	-2.929646305377683196e-02	2.525868571871990598e-02	-3.423479724078098974e-02	3.890142348883049439e-02	-4.569061714410748570e-02	4.931535168816821718e-02	-3.162496429549861016e-02	3.998676035624130348e-02	-6.362623298983850761e-02	5.988294048964955263e-02	-5.492053314664467611e-02	5.390335734506457310e-02	-5.956131197781774217e-02	9.983806542153042529e-02	-1.008201412885761650e-01	5.602019671935780376e-02	-4.964489224364607156e-02	9.107304344355718340e-02	-2.867213986485116495e-01	2.198189675801774101e-01	-3.394777917364442121e-01	5.945620212659575438e-02	-1.098706254973466495e-01	9.999999999999992228e-01	-8.281388876649186104e-01	2.727922801314913159e-01
2.136882501519174471e-02	-1.980255187342795653e-02	3.028331221349039176e-02	-3.956222247400948376e-03	4.025495099550358002e-03	-1.518468339260913361e-02	2.016642997220490299e-02	-2.561515045422260370e-02	1.289999242894054703e-02	-1.287501092475692305e-02	2.114602898219250168e-02	-1.776173738414173198e-02	2.871901330697413518e-02	-2.056369213001841417e-02	2.135779233082013215e-02	-1.846783141135751455e-02	2.493217400302050885e-02	-2.846778358740573861e-02	3.333792194741283521e-02	-3.658076010279363854e-02	2.306020689421306100e-02	-2.947287716212967576e-02	4.634574447052107471e-02	-4.490612588972082292e-02	4.042494505490746431e-02	-4.069531803634487271e-02	4.381588989229530384e-02	-7.723802572249800769e-02	7.479237914215189353e-02	-4.255374849151950106e-02	3.637806634732341365e-02	-6.888752468028205844e-02	2.013217395143636623e-01	-2.289411770537455315e-01	2.651546684718429914e-01	-4.502794670724467180e-02	7.572038733428425317e-02	-8.281388876649186104e-01	9.999999999999994449e-01	-4.201139547582831701e-01
