1.000000000000000000e+00	-4.489620892543129682e-01	2.638698324392756422e-01	-1.311590859559502442e-01	1.419885432137674153e-01	-3.881639658305384710e-01	2.501136495194133391e-01	-2.564772725777456075e-01	1.080624667987958032e-01	-1.019948477611919008e-01	2.676094023820033141e-01	-2.216821760576863642e-01	1.916763936479264629e-01	-1.048683366816225426e-01	9.757857788817370093e-02	-2.264988444188644756e-01	1.723198893764890660e-01	-1.958359314845373178e-01	1.271417419981097641e-01	-1.187227972849497493e-01	1.740554677281815898e-01	-1.588160543998552166e-01	1.433180041569025454e-01	-1.398821308208230696e-01	1.330109449233793650e-01	-3.225514485089492900e-01	1.822504347479605435e-01	-1.961704393678131708e-01	1.490505583397319644e-01	-1.254198142772484648e-01	1.911111888195516917e-01	-2.130461506081593737e-01	1.694982557318689409e-01	-1.729469415050217396e-01	1.042358448572340973e-01	-2.008010554162711903e-01	1.468256516179544113e-01	-2.673132002122602380e-01	9.787856718599623196e-02	-1.202827409092215027e-01
-4.489620892543129682e-01	9.999999999999998890e-01	-7.509805510310154641e-01	2.011604189336642368e-01	-2.342489116800615390e-01	1.643459307574416661e-01	-2.190602340680875559e-01	2.038618582955392389e-01	-1.252035733526097594e-01	1.105728470225043891e-01	-1.729257702988634404e-01	1.508173843386088342e-01	-1.559804127855622113e-01	9.634062335667634147e-02	-9.418064778361516509e-02	1.061521961236009670e-01	-1.016808302150272736e-01	1.101802758647582592e-01	-7.538873298729004135e-02	7.016932182975645083e-02	-8.469161957969421894e-02	8.121189577506554569e-02	-7.606365488363373006e-02	7.427930367948130941e-02	-7.323776034177759131e-02	1.400240729911119697e-01	-8.356821271411650487e-02	8.860892749380881728e-02	-7.188563362844828386e-02	5.995082106563327795e-02	-8.564513825786503054e-02	9.351240675503637301e-02	-7.696636081877869517e-02	8.087651277501720082e-02	-5.036784030668688822e-02	8.721030678614297149e-02	-6.497808485524320110e-02	1.171066830567064204e-01	-4.426381965057510359e-02	5.389805961049150274e-02
2.638698324392756422e-01	-7.509805510310154641e-01	1.000000000000000000e+00	-3.344204325111947984e-01	2.325292961094305444e-01	-1.420529161093677939e-01	1.855685358161211496e-01	-2.718919919716973332e-01	1.410044241423933087e-01	-1.310688900639086496e-01	1.492942323076724143e-01	-1.530531657083203934e-01	1.624147553276819866e-01	-1.130761145941088092e-01	1.036561126873446620e-01	-1.222452497745017547e-01	1.102090262031555357e-01	-1.239694710719334292e-01	8.576216982301744507e-02	-8.105294424243959794e-02	9.630689675002621075e-02	-9.308378108937556683e-02	8.595631570539433164e-02	-8.618081815989687977e-02	8.389692217578818834e-02	-1.679635702441302225e-01	9.892361809045313592e-02	-1.058619217179704308e-01	8.454825130795511068e-02	-7.102732398503852629e-02	1.016066011419634874e-01	-1.122452519249945574e-01	9.171953065708074448e-02	-9.616166861775200803e-02	5.932932342183318275e-02	-1.049774340217852209e-01	7.771211208514260116e-02	-1.412520438150736413e-01	5.295937474662066463e-02	-6.470174406606837847e-02
-1.311590859559502442e-01	2.011604189336642368e-01	-3.344204325111947984e-01	9.999999999999994449e-01	-8.165298905805369323e-01	6.944718772665814388e-02	-9.423674490286650107e-02	1.218534299901667395e-01	-3.207889596693565548e-01	2.309878301895163799e-01	-7.830906334214980669e-02	7.845848592396162391e-02	-9.004683069404301188e-02	1.615183210432105942e-01	-1.583343302733068447e-01	6.144994443374814097e-02	-6.102521489561383433e-02	6.773155976448501370e-02	-6.961977525899981645e-02	6.691202662993474271e-02	-4.956772747368800441e-02	5.214502216821484404e-02	-4.956948746496482594e-02	5.880644857216614507e-02	-6.067672396149464270e-02	8.209606484912265745e-02	-5.235077872611670902e-02	5.602662082341226119e-02	-4.971761050115102581e-02	4.174640353903420059e-02	-5.131283868768837797e-02	5.640446739305038371e-02	-4.887453002480608710e-02	5.444773861021146716e-02	-3.520684307860146023e-02	5.198489727132400706e-02	-3.931777521249672086e-02	7.198057982931378718e-02	-2.837975659347184709e-02	3.428693684733596925e-02
1.419885432137674153e-01	-2.342489116800615390e-01	2.325292961094305444e-01	-8.165298905805369323e-01	9.999999999999996669e-01	-7.803167193141399838e-02	1.027637682305853617e-01	-1.356050277630042600e-01	2.486543563843958971e-01	-3.297358699465804399e-01	8.698556897511217079e-02	-8.901153144172214982e-02	9.768989708849104558e-02	-1.857521312745539777e-01	1.673872646886879201e-01	-7.548413802606628031e-02	7.130318394921940361e-02	-8.033100185935862503e-02	8.001436822556720618e-02	-7.871543042608065976e-02	6.039305724131678599e-02	-6.299944082884566254e-02	5.917266201966914912e-02	-7.020414004114342021e-02	7.091350137371989215e-02	-1.031627777683949698e-01	6.471550410951909527e-02	-6.961973681855723739e-02	6.048784789322120270e-02	-5.109329575983788396e-02	6.389410195066090592e-02	-7.068302619644675766e-02	6.060237649102243745e-02	-6.705361154595243511e-02	4.283196520688879738e-02	-6.536028311884642394e-02	4.914063486966552263e-02	-9.035850144391260885e-02	3.526077021053698052e-02	-4.274822345446790267e-02
-3.881639658305384710e-01	1.643459307574416661e-01	-1.420529161093677939e-01	6.944718772665814388e-02	-7.803167193141399838e-02	1.000000000000000444e+00	-4.536566248552471037e-01	2.200156037686288590e-01	-6.548724893448910900e-02	5.936250971858406111e-02	-7.273365517816581249e-01	2.575246944966191887e-01	-1.876533524551225185e-01	6.311170965844578595e-02	-5.789525589061959160e-02	1.249461703278438029e-01	-1.199488123579758314e-01	1.255758827325320903e-01	-6.672821423425839837e-02	6.068955581185093984e-02	-9.867576624292931364e-02	8.441995080767032700e-02	-7.850634394342928535e-02	6.847380513550034575e-02	-6.581173256902543567e-02	1.390539164854215359e-01	-8.093961438632256422e-02	8.433613305010914662e-02	-6.742275722501131496e-02	5.556213069591458414e-02	-8.514562734618090489e-02	9.016116548960757815e-02	-7.300533062940375850e-02	7.565096762529219254e-02	-4.677199307127999361e-02	8.407779679146268337e-02	-6.288005640587739087e-02	1.103892961047978072e-01	-4.155953379957730981e-02	5.052893140695125657e-02
2.501136495194133391e-01	-2.190602340680875559e-01	1.855685358161211496e-01	-9.423674490286650107e-02	1.027637682305853617e-01	-4.536566248552471037e-01	9.999999999999998890e-01	-5.031556423693087643e-01	9.637689991907318066e-02	-8.649759374943638557e-02	3.029291609520842199e-01	-5.526724496341791637e-01	2.994348401703681439e-01	-9.212123954478662613e-02	8.170520923294313786e-02	-1.409289613671691754e-01	1.669410695182866333e-01	-1.825796883894286460e-01	8.724088432490781364e-02	-7.924730006812218119e-02	1.104344316945321119e-01	-1.093753023395378637e-01	1.013588709778938668e-01	-8.682093644669637567e-02	8.323056664569433716e-02	-1.607326691760362081e-01	9.593752190625474963e-02	-9.984393600334366681e-02	8.177899556062204200e-02	-6.722954753589764632e-02	9.884137412783859655e-02	-1.051114590005681054e-01	8.631322031656360472e-02	-9.087395272228313003e-02	5.668605433918832287e-02	-9.748308765810728693e-02	7.331040253738753398e-02	-1.289055460691067578e-01	4.914890261861827592e-02	-5.958140201141579745e-02
-2.564772725777456075e-01	2.038618582955392389e-01	-2.718919919716973332e-01	1.218534299901667395e-01	-1.356050277630042600e-01	2.200156037686288590e-01	-5.031556423693087643e-01	9.999999999999996669e-01	-1.484248052568221121e-01	1.148499432192757463e-01	-2.698307996217081950e-01	3.160498474320715956e-01	-6.403704062688695409e-01	1.219706136504624117e-01	-1.101890288619083308e-01	1.252511547302138373e-01	-1.799711313630032172e-01	1.845133916092745463e-01	-9.353975982296637570e-02	8.286501327116344018e-02	-1.044591950212709064e-01	1.050993977891233888e-01	-1.041987992467804797e-01	8.631236517203340342e-02	-8.526212813778889787e-02	1.373652417357972555e-01	-8.685013024697536832e-02	8.884392139906530095e-02	-7.676097139750914788e-02	6.229541984784693620e-02	-8.776518430186801278e-02	9.123022267893753090e-02	-7.732614319318693863e-02	8.290691720945288223e-02	-5.315356799526890774e-02	8.377551729030746630e-02	-6.424668206311839880e-02	1.116039458335683771e-01	-4.375828240690421422e-02	5.257311947520269119e-02
1.080624667987958032e-01	-1.252035733526097594e-01	1.410044241423933087e-01	-3.207889596693565548e-01	2.486543563843958971e-01	-6.548724893448910900e-02	9.637689991907318066e-02	-1.484248052568221121e-01	1.000000000000000444e+00	-6.862978965725492486e-01	7.668183251571240866e-02	-8.553293110205854866e-02	1.091641111149718041e-01	-5.116340331725048873e-01	3.099604732157003051e-01	-5.931340672861677016e-02	6.765526246907035968e-02	-7.607080472127848714e-02	1.102437334333323526e-01	-1.079408499695717893e-01	4.892731247648536563e-02	-5.808483382681734614e-02	5.653774947980219623e-02	-8.177932292039308271e-02	8.407031448633263404e-02	-7.525933079204381870e-02	5.338968613313155309e-02	-5.757406512986861652e-02	5.796373477633153665e-02	-4.860158174994480551e-02	4.905429857261652676e-02	-5.371746883900595931e-02	5.038293704175123705e-02	-6.114861662890007377e-02	4.109523098205263014e-02	-4.840598084656185657e-02	3.771576674489830056e-02	-6.998417357459413290e-02	2.956249306561740259e-02	-3.525318371552287056e-02
-1.019948477611919008e-01	1.105728470225043891e-01	-1.310688900639086496e-01	2.309878301895163799e-01	-3.297358699465804399e-01	5.936250971858406111e-02	-8.649759374943638557e-02	1.148499432192757463e-01	-6.862978965725492486e-01	9.999999999999997780e-01	-7.043811043140624228e-02	7.458632587070249120e-02	-9.461848985608130314e-02	3.132776711957362958e-01	-5.257751800788016405e-01	5.392655097714876139e-02	-6.225012177196666968e-02	6.878118060727589356e-02	-1.086983160036896351e-01	1.082067294394078588e-01	-4.485629469538200687e-02	5.372929664875066014e-02	-5.303140976499651910e-02	7.706003884112577751e-02	-8.693927047116410678e-02	6.828182141138708361e-02	-4.956703725543155914e-02	5.324473213379872505e-02	-5.498491819347221116e-02	4.615469703455088446e-02	-4.497613431752281454e-02	4.913966027288160787e-02	-4.680974275076619368e-02	5.706889595509440083e-02	-3.947654176567985673e-02	4.411737174167985887e-02	-3.459886399251193428e-02	6.413366129298425644e-02	-2.743268619041844963e-02	3.256644306760549806e-02
2.676094023820033141e-01	-1.729257702988634404e-01	1.492942323076724143e-01	-7.830906334214980669e-02	8.698556897511217079e-02	-7.273365517816581249e-01	3.029291609520842199e-01	-2.698307996217081950e-01	7.668183251571240866e-02	-7.043811043140624228e-02	9.999999999999990008e-01	-3.993772931107405499e-01	2.177576691628599626e-01	-7.632463119756519032e-02	6.910487653676737618e-02	-1.785579072166443293e-01	1.515402120910290529e-01	-1.641833260209895340e-01	8.431622472794932099e-02	-7.700686994321492840e-02	1.295541243612278737e-01	-1.096968394815657777e-01	1.002747314301041665e-01	-8.770083765883085469e-02	8.362032946600048144e-02	-1.850334632575441340e-01	1.052054081212080022e-01	-1.098622610176680642e-01	8.697787133987622266e-02	-7.176048717418571921e-02	1.114769389655647230e-01	-1.182006173598595944e-01	9.478272015132156725e-02	-9.799387119015845471e-02	6.027638464718776401e-02	-1.104135737765784137e-01	8.223534082399949763e-02	-1.439508721040562711e-01	5.395356807363013707e-02	-6.567339958246340426e-02
-2.216821760576863642e-01	1.508173843386088342e-01	-1.530531657083203934e-01	7.845848592396162391e-02	-8.901153144172214982e-02	2.575246944966191887e-01	-5.526724496341791637e-01	3.160498474320715956e-01	-8.553293110205854866e-02	7.458632587070249120e-02	-3.993772931107405499e-01	9.999999999999991118e-01	-5.795626257268821080e-01	8.756476429392431871e-02	-7.877742371899187912e-02	1.315507512508103660e-01	-2.376671952518672748e-01	2.039581563174568124e-01	-8.362152367359754201e-02	7.330335087462291899e-02	-1.069557679130352795e-01	1.075631946310500187e-01	-1.034004761014251650e-01	7.926581040630249764e-02	-7.640255341600524219e-02	1.312472779061191752e-01	-8.171554101370168133e-02	8.291615879081207230e-02	-7.075894194676339566e-02	5.705341804532763211e-02	-8.339733100647089836e-02	8.571277318390901900e-02	-7.177334749400453295e-02	7.645588733597462328e-02	-4.863091986291706581e-02	7.866193148696155879e-02	-6.034675168992157529e-02	1.035078267989552325e-01	-4.041188050801002019e-02	4.855376154911894560e-02
1.916763936479264629e-01	-1.559804127855622113e-01	1.624147553276819866e-01	-9.004683069404301188e-02	9.768989708849104558e-02	-1.876533524551225185e-01	2.994348401703681439e-01	-6.403704062688695409e-01	1.091641111149718041e-01	-9.461848985608130314e-02	2.177576691628599626e-01	-5.795626257268821080e-01	9.999999999999992228e-01	-1.237507239455006153e-01	9.869395652302848099e-02	-1.276654049097148691e-01	2.006172730897664847e-01	-2.689899831642905137e-01	9.315933850181250253e-02	-8.245469464624970157e-02	1.025661903481337178e-01	-1.110869263046851824e-01	1.072128751779923839e-01	-8.591623568180058179e-02	8.218125649621764450e-02	-1.336192376652039493e-01	8.381098882066491396e-02	-8.592053268165009139e-02	7.420113933907097892e-02	-6.015132602718215038e-02	8.437267102709118671e-02	-8.790496274455143755e-02	7.416473613831311984e-02	-8.021902234938776965e-02	5.109163971923744163e-02	-8.053859552852163373e-02	6.169818451231258438e-02	-1.069779420290989658e-01	4.198251947901949360e-02	-5.046269836651615104e-02
-1.048683366816225426e-01	9.634062335667634147e-02	-1.130761145941088092e-01	1.615183210432105942e-01	-1.857521312745539777e-01	6.311170965844578595e-02	-9.212123954478662613e-02	1.219706136504624117e-01	-5.116340331725048873e-01	3.132776711957362958e-01	-7.632463119756519032e-02	8.756476429392431871e-02	-1.237507239455006153e-01	1.000000000000000888e+00	-7.335295836062190045e-01	5.946559241014129360e-02	-7.542393526049870345e-02	8.450674484519311858e-02	-1.911037414855375483e-01	1.578203211667324468e-01	-5.027334448128046446e-02	6.566262781218415445e-02	-6.613227081460634760e-02	1.101614214309997453e-01	-1.200622992830544106e-01	7.279748942476249596e-02	-5.752596755616765783e-02	6.228057047546536190e-02	-7.045911331202506234e-02	5.806289941403849908e-02	-4.958585335541873529e-02	5.414618633028124572e-02	-5.475574534485991990e-02	7.071810961649659111e-02	-4.985449389223573641e-02	4.772062312972535914e-02	-3.831238984567023054e-02	7.175789722031580831e-02	-3.229063361781534663e-02	3.795239199820217568e-02
9.757857788817370093e-02	-9.418064778361516509e-02	1.036561126873446620e-01	-1.583343302733068447e-01	1.673872646886879201e-01	-5.789525589061959160e-02	8.170520923294313786e-02	-1.101890288619083308e-01	3.099604732157003051e-01	-5.257751800788016405e-01	6.910487653676737618e-02	-7.877742371899187912e-02	9.869395652302848099e-02	-7.335295836062190045e-01	1.000000000000002442e+00	-5.792272188006097888e-02	6.979186676926815713e-02	-7.976709913609611458e-02	1.581294479751912119e-01	-1.907729685113985496e-01	4.859168458050150408e-02	-6.414374012759412047e-02	6.336235440502313576e-02	-1.088388742957086541e-01	1.190043287598201299e-01	-7.245784203061185480e-02	5.679617266883325161e-02	-6.210948132552987500e-02	6.908868452021452167e-02	-5.866378257914835193e-02	4.902811135482353783e-02	-5.399405382507320439e-02	5.445883917730292428e-02	-7.102032983226450047e-02	4.957044602447877729e-02	-4.764164505465648403e-02	3.808960726493779148e-02	-7.213840935594170722e-02	3.235877309984563910e-02	-3.820437823296465168e-02
-2.264988444188644756e-01	1.061521961236009670e-01	-1.222452497745017547e-01	6.144994443374814097e-02	-7.548413802606628031e-02	1.249461703278438029e-01	-1.409289613671691754e-01	1.252511547302138373e-01	-5.931340672861677016e-02	5.392655097714876139e-02	-1.785579072166443293e-01	1.315507512508103660e-01	-1.276654049097148691e-01	5.946559241014129360e-02	-5.792272188006097888e-02	1.000000000000000888e+00	-2.987794421739746187e-01	2.030169202243649607e-01	-9.396673408369562996e-02	7.894530480157060937e-02	-8.031178653152859503e-01	1.599956513603391917e-01	-1.543557942491573798e-01	9.482194759109770221e-02	-9.328300319018835440e-02	2.549058932333168048e-01	-1.289421971228731645e-01	1.072660853137356318e-01	-9.097985795874466430e-02	6.665795802211409160e-02	-1.828418338495253204e-01	1.245275253677917277e-01	-9.429159286966626308e-02	9.108667144060288157e-02	-5.938667461517072033e-02	1.144798958672681999e-01	-9.565640693090948776e-02	1.182875822087688100e-01	-4.754884678017447242e-02	5.503309469567979617e-02
1.723198893764890660e-01	-1.016808302150272736e-01	1.102090262031555357e-01	-6.102521489561383433e-02	7.130318394921940361e-02	-1.199488123579758314e-01	1.669410695182866333e-01	-1.799711313630032172e-01	6.765526246907035968e-02	-6.225012177196666968e-02	1.515402120910290529e-01	-2.376671952518672748e-01	2.006172730897664847e-01	-7.542393526049870345e-02	6.979186676926815713e-02	-2.987794421739746187e-01	1.000000000000001998e+00	-7.907100637180647373e-01	1.385491830110067157e-01	-1.162007121809413013e-01	1.933222241467342506e-01	-2.812289658413396065e-01	2.195014631038585684e-01	-1.286918682095820055e-01	1.142497213413113111e-01	-1.671881263130394757e-01	1.121357956596445438e-01	-1.064072159610140178e-01	9.771426290260784575e-02	-7.467821375633650061e-02	1.093481411740717668e-01	-1.044326096111217461e-01	8.937651136445158573e-02	-9.950095507631248615e-02	6.452147803535744630e-02	-9.201435405267677226e-02	7.418540529221159807e-02	-1.169950476378626147e-01	4.862168368993616263e-02	-5.710882357412601362e-02
-1.958359314845373178e-01	1.101802758647582592e-01	-1.239694710719334292e-01	6.773155976448501370e-02	-8.033100185935862503e-02	1.255758827325320903e-01	-1.825796883894286460e-01	1.845133916092745463e-01	-7.607080472127848714e-02	6.878118060727589356e-02	-1.641833260209895340e-01	2.039581563174568124e-01	-2.689899831642905137e-01	8.450674484519311858e-02	-7.976709913609611458e-02	2.030169202243649607e-01	-7.907100637180647373e-01	1.000000000000002220e+00	-1.844740302753152816e-01	1.291120741677725392e-01	-1.864823141412775831e-01	2.266651440091247416e-01	-2.786251027316395956e-01	1.420578490363706703e-01	-1.314036291363004649e-01	1.528766014984233312e-01	-1.129848218382834696e-01	1.070409156245926835e-01	-1.049200595832028154e-01	7.857894034495045699e-02	-1.080069128595836508e-01	1.014429012291126891e-01	-9.168994417466803937e-02	1.032288831630329695e-01	-6.889495259072096756e-02	8.894887217516488087e-02	-7.329312600872552041e-02	1.167679309285540312e-01	-4.982758785576506949e-02	5.805561822425359120e-02
1.271417419981097641e-01	-7.538873298729004135e-02	8.576216982301744507e-02	-6.961977525899981645e-02	8.001436822556720618e-02	-6.672821423425839837e-02	8.724088432490781364e-02	-9.353975982296637570e-02	1.102437334333323526e-01	-1.086983160036896351e-01	8.431622472794932099e-02	-8.362152367359754201e-02	9.315933850181250253e-02	-1.911037414855375483e-01	1.581294479751912119e-01	-9.396673408369562996e-02	1.385491830110067157e-01	-1.844740302753152816e-01	1.000000000000001554e+00	-6.793745660346902637e-01	8.288983254392540134e-02	-1.533039643415453068e-01	1.548256426611649417e-01	-5.173537695966057282e-01	3.205707786463438680e-01	-1.104922192873410841e-01	1.166929238639304867e-01	-1.374059144734531002e-01	1.926225734650856558e-01	-1.484616320805365042e-01	8.402761691253435306e-02	-9.521869018143626351e-02	1.164411246643970027e-01	-1.878745607495075076e-01	1.223167287560633643e-01	-7.815993044922618649e-02	6.753308262450627431e-02	-1.364323661090770523e-01	7.131568231062031249e-02	-8.257463758049062019e-02
-1.187227972849497493e-01	7.016932182975645083e-02	-8.105294424243959794e-02	6.691202662993474271e-02	-7.871543042608065976e-02	6.068955581185093984e-02	-7.924730006812218119e-02	8.286501327116344018e-02	-1.079408499695717893e-01	1.082067294394078588e-01	-7.700686994321492840e-02	7.330335087462291899e-02	-8.245469464624970157e-02	1.578203211667324468e-01	-1.907729685113985496e-01	7.894530480157060937e-02	-1.162007121809413013e-01	1.291120741677725392e-01	-6.793745660346902637e-01	1.000000000000002442e+00	-7.098288234348010262e-02	1.197448517270348206e-01	-1.291586243303202153e-01	2.996151305206525839e-01	-5.824911971197690441e-01	9.432196631138883847e-02	-1.013340319965276570e-01	1.128979759876345274e-01	-1.642672028397775263e-01	1.433453694674139689e-01	-7.288747120092706200e-02	8.094181994032083327e-02	-1.000495317717261384e-01	1.496265771258318000e-01	-1.268607961734857792e-01	6.683549964323716452e-02	-5.820540713098718011e-02	1.141756094200947202e-01	-6.028642972252912235e-02	6.848421554753342244e-02
1.740554677281815898e-01	-8.469161957969421894e-02	9.630689675002621075e-02	-4.956772747368800441e-02	6.039305724131678599e-02	-9.867576624292931364e-02	1.104344316945321119e-01	-1.044591950212709064e-01	4.892731247648536563e-02	-4.485629469538200687e-02	1.295541243612278737e-01	-1.069557679130352795e-01	1.025661903481337178e-01	-5.027334448128046446e-02	4.859168458050150408e-02	-8.031178653152859503e-01	1.933222241467342506e-01	-1.864823141412775831e-01	8.288983254392540134e-02	-7.098288234348010262e-02	9.999999999999995559e-01	-1.731380809644484653e-01	1.411788686793056802e-01	-8.714421015888226818e-02	8.322212552341586023e-02	-4.124648796121224703e-01	1.238622634589083699e-01	-1.053974959701930586e-01	8.437764658488185188e-02	-6.194622438235264372e-02	1.815627360437811200e-01	-1.303863834227779739e-01	8.891579333243544714e-02	-8.586714521747891571e-02	5.466427484976930928e-02	-1.219523826364055652e-01	9.553420970528903045e-02	-1.146474801807711302e-01	4.481773412361433201e-02	-5.216981470960626449e-02
-1.588160543998552166e-01	8.121189577506554569e-02	-9.308378108937556683e-02	5.214502216821484404e-02	-6.299944082884566254e-02	8.441995080767032700e-02	-1.093753023395378637e-01	1.050993977891233888e-01	-5.808483382681734614e-02	5.372929664875066014e-02	-1.096968394815657777e-01	1.075631946310500187e-01	-1.110869263046851824e-01	6.566262781218415445e-02	-6.414374012759412047e-02	1.599956513603391917e-01	-2.812289658413396065e-01	2.266651440091247416e-01	-1.533039643415453068e-01	1.197448517270348206e-01	-1.731380809644484653e-01	1.000000000000000444e+00	-8.470913880185768630e-01	1.825109410798536891e-01	-1.645032571386383091e-01	1.483563133175034021e-01	-1.864756808433943036e-01	1.444466886243539749e-01	-1.353707448077712261e-01	9.190787277644098252e-02	-1.137136592511252126e-01	1.216838424762583803e-01	-1.129319935243072032e-01	1.228233248180681525e-01	-8.332357825448717670e-02	9.544958469685861646e-02	-8.486568744549079224e-02	1.317122606431761489e-01	-5.714977123935114506e-02	6.525583345691936266e-02
1.433180041569025454e-01	-7.606365488363373006e-02	8.595631570539433164e-02	-4.956948746496482594e-02	5.917266201966914912e-02	-7.850634394342928535e-02	1.013588709778938668e-01	-1.041987992467804797e-01	5.653774947980219623e-02	-5.303140976499651910e-02	1.002747314301041665e-01	-1.034004761014251650e-01	1.072128751779923839e-01	-6.613227081460634760e-02	6.336235440502313576e-02	-1.543557942491573798e-01	2.195014631038585684e-01	-2.786251027316395956e-01	1.548256426611649417e-01	-1.291586243303202153e-01	1.411788686793056802e-01	-8.470913880185768630e-01	1.000000000000000666e+00	-2.429827774500767923e-01	1.616328679142082225e-01	-1.480886758357140010e-01	1.561110752293392578e-01	-1.518294223917301400e-01	1.396570273483203339e-01	-9.770349195233808681e-02	1.074251580676895829e-01	-1.203739283529517423e-01	1.133003751436926915e-01	-1.330232707841667028e-01	8.524477298813139259e-02	-9.563007657164816766e-02	8.203223432229225787e-02	-1.388174200650760248e-01	5.990240829628415420e-02	-6.942304015632744241e-02
-1.398821308208230696e-01	7.427930367948130941e-02	-8.618081815989687977e-02	5.880644857216614507e-02	-7.020414004114342021e-02	6.847380513550034575e-02	-8.682093644669637567e-02	8.631236517203340342e-02	-8.177932292039308271e-02	7.706003884112577751e-02	-8.770083765883085469e-02	7.926581040630249764e-02	-8.591623568180058179e-02	1.101614214309997453e-01	-1.088388742957086541e-01	9.482194759109770221e-02	-1.286918682095820055e-01	1.420578490363706703e-01	-5.173537695966057282e-01	2.996151305206525839e-01	-8.714421015888226818e-02	1.825109410798536891e-01	-2.429827774500767923e-01	1.000000000000000222e+00	-5.729983966779189641e-01	1.172139041965953310e-01	-1.516269651405357244e-01	1.758150242893886106e-01	-4.015319658121639379e-01	1.799837219605147365e-01	-9.555320508522194278e-02	1.090569321453779689e-01	-1.481475655167992511e-01	2.331987013688776034e-01	-1.667105651332023708e-01	8.657018184160468477e-02	-7.833882787340450127e-02	1.544076281125797423e-01	-8.616792562843422765e-02	9.496019406620276326e-02
1.330109449233793650e-01	-7.323776034177759131e-02	8.389692217578818834e-02	-6.067672396149464270e-02	7.091350137371989215e-02	-6.581173256902543567e-02	8.323056664569433716e-02	-8.526212813778889787e-02	8.407031448633263404e-02	-8.693927047116410678e-02	8.362032946600048144e-02	-7.640255341600524219e-02	8.218125649621764450e-02	-1.200622992830544106e-01	1.190043287598201299e-01	-9.328300319018835440e-02	1.142497213413113111e-01	-1.314036291363004649e-01	3.205707786463438680e-01	-5.824911971197690441e-01	8.322212552341586023e-02	-1.645032571386383091e-01	1.616328679142082225e-01	-5.729983966779189641e-01	1.000000000000001776e+00	-1.194190370251606154e-01	1.351442901734955793e-01	-1.622145545894873031e-01	2.304905318419714910e-01	-2.729222975560142150e-01	9.331832687010287175e-02	-1.083677521872845190e-01	1.405941064223862891e-01	-2.413047849643306653e-01	1.867794491749731889e-01	-8.795284824554427949e-02	7.700240587300311024e-02	-1.633200922780604913e-01	8.925548029692481622e-02	-1.036149338541297871e-01
-3.225514485089492900e-01	1.400240729911119697e-01	-1.679635702441302225e-01	8.209606484912265745e-02	-1.031627777683949698e-01	1.390539164854215359e-01	-1.607326691760362081e-01	1.373652417357972555e-01	-7.525933079204381870e-02	6.828182141138708361e-02	-1.850334632575441340e-01	1.312472779061191752e-01	-1.336192376652039493e-01	7.279748942476249596e-02	-7.245784203061185480e-02	2.549058932333168048e-01	-1.671881263130394757e-01	1.528766014984233312e-01	-1.104922192873410841e-01	9.432196631138883847e-02	-4.124648796121224703e-01	1.483563133175034021e-01	-1.480886758357140010e-01	1.172139041965953310e-01	-1.194190370251606154e-01	9.999999999999993339e-01	-2.508861121123400761e-01	1.732736466347447324e-01	-1.346373337963332473e-01	9.275948312152779152e-02	-5.979109435939693462e-01	2.433308240969901948e-01	-1.529485489184289060e-01	1.315390687439122464e-01	-8.439363981631245459e-02	2.296080728622798828e-01	-1.991652838900439815e-01	1.797342034896788898e-01	-7.050027782006645927e-02	8.008960435306756998e-02
1.822504347479605435e-01	-8.356821271411650487e-02	9.892361809045313592e-02	-5.235077872611670902e-02	6.471550410951909527e-02	-8.093961438632256422e-02	9.593752190625474963e-02	-8.685013024697536832e-02	5.338968613313155309e-02	-4.956703725543155914e-02	1.052054081212080022e-01	-8.171554101370168133e-02	8.381098882066491396e-02	-5.752596755616765783e-02	5.679617266883325161e-02	-1.289421971228731645e-01	1.121357956596445438e-01	-1.129848218382834696e-01	1.166929238639304867e-01	-1.013340319965276570e-01	1.238622634589083699e-01	-1.864756808433943036e-01	1.561110752293392578e-01	-1.516269651405357244e-01	1.351442901734955793e-01	-2.508861121123400761e-01	1.000000000000001554e+00	-6.148029180581782160e-01	2.174072372819549070e-01	-1.298768733402839437e-01	2.254173192145510762e-01	-4.908472890479838036e-01	2.480582754013204438e-01	-2.156696551685384489e-01	1.144560125309185411e-01	-2.215923139656441609e-01	2.140343648139332866e-01	-2.917240609511568827e-01	1.015066837582949688e-01	-1.165753986663077696e-01
-1.961704393678131708e-01	8.860892749380881728e-02	-1.058619217179704308e-01	5.602662082341226119e-02	-6.961973681855723739e-02	8.433613305010914662e-02	-9.984393600334366681e-02	8.884392139906530095e-02	-5.757406512986861652e-02	5.324473213379872505e-02	-1.098622610176680642e-01	8.291615879081207230e-02	-8.592053268165009139e-02	6.228057047546536190e-02	-6.210948132552987500e-02	1.072660853137356318e-01	-1.064072159610140178e-01	1.070409156245926835e-01	-1.374059144734531002e-01	1.128979759876345274e-01	-1.053974959701930586e-01	1.444466886243539749e-01	-1.518294223917301400e-01	1.758150242893886106e-01	-1.622145545894873031e-01	1.732736466347447324e-01	-6.148029180581782160e-01	1.000000000000001110e+00	-4.026897401157096268e-01	1.426742979157573643e-01	-1.788779135086483174e-01	2.298082291441047587e-01	-4.511531708951411757e-01	2.531431237101529619e-01	-1.366949772019438736e-01	1.518894313549912500e-01	-1.627915632858265016e-01	2.756507792607092444e-01	-1.096935686625168799e-01	1.167576018605648303e-01
1.490505583397319644e-01	-7.188563362844828386e-02	8.454825130795511068e-02	-4.971761050115102581e-02	6.048784789322120270e-02	-6.742275722501131496e-02	8.177899556062204200e-02	-7.676097139750914788e-02	5.796373477633153665e-02	-5.498491819347221116e-02	8.697787133987622266e-02	-7.075894194676339566e-02	7.420113933907097892e-02	-7.045911331202506234e-02	6.908868452021452167e-02	-9.097985795874466430e-02	9.771426290260784575e-02	-1.049200595832028154e-01	1.926225734650856558e-01	-1.642672028397775263e-01	8.437764658488185188e-02	-1.353707448077712261e-01	1.396570273483203339e-01	-4.015319658121639379e-01	2.304905318419714910e-01	-1.346373337963332473e-01	2.174072372819549070e-01	-4.026897401157096268e-01	1.000000000000002665e+00	-2.562519738316207385e-01	1.177629574251915084e-01	-1.496999139240964283e-01	2.397288138298308557e-01	-6.428221821052761964e-01	2.168834872017686710e-01	-1.103633424543849773e-01	1.036065993329998991e-01	-2.328841164963960098e-01	1.430903304503415296e-01	-1.590301880181193561e-01
-1.254198142772484648e-01	5.995082106563327795e-02	-7.102732398503852629e-02	4.174640353903420059e-02	-5.109329575983788396e-02	5.556213069591458414e-02	-6.722954753589764632e-02	6.229541984784693620e-02	-4.860158174994480551e-02	4.615469703455088446e-02	-7.176048717418571921e-02	5.705341804532763211e-02	-6.015132602718215038e-02	5.806289941403849908e-02	-5.866378257914835193e-02	6.665795802211409160e-02	-7.467821375633650061e-02	7.857894034495045699e-02	-1.484616320805365042e-01	1.433453694674139689e-01	-6.194622438235264372e-02	9.190787277644098252e-02	-9.770349195233808681e-02	1.799837219605147365e-01	-2.729222975560142150e-01	9.275948312152779152e-02	-1.298768733402839437e-01	1.426742979157573643e-01	-2.562519738316207385e-01	1.000000000000000222e+00	-8.114277870786769375e-02	9.137099991436085922e-02	-1.483738621361120058e-01	2.555639760117048298e-01	-8.479309534687663463e-01	7.269526846902828188e-02	-6.810678547215003042e-02	1.408608812988195180e-01	-9.828074002297583489e-02	1.023984458572959055e-01
1.911111888195516917e-01	-8.564513825786503054e-02	1.016066011419634874e-01	-5.131283868768837797e-02	6.389410195066090592e-02	-8.514562734618090489e-02	9.884137412783859655e-02	-8.776518430186801278e-02	4.905429857261652676e-02	-4.497613431752281454e-02	1.114769389655647230e-01	-8.339733100647089836e-02	8.437267102709118671e-02	-4.958585335541873529e-02	4.902811135482353783e-02	-1.828418338495253204e-01	1.093481411740717668e-01	-1.080069128595836508e-01	8.402761691253435306e-02	-7.288747120092706200e-02	1.815627360437811200e-01	-1.137136592511252126e-01	1.074251580676895829e-01	-9.555320508522194278e-02	9.331832687010287175e-02	-5.979109435939693462e-01	2.254173192145510762e-01	-1.788779135086483174e-01	1.177629574251915084e-01	-8.114277870786769375e-02	1.000000000000002220e+00	-4.482288442450363952e-01	1.436130463687709247e-01	-1.207622437096928930e-01	7.240520430528019080e-02	-4.757505178611507457e-01	2.742763626078772443e-01	-1.853018930382642204e-01	6.541290230259527716e-02	-7.514875782046373520e-02
-2.130461506081593737e-01	9.351240675503637301e-02	-1.122452519249945574e-01	5.640446739305038371e-02	-7.068302619644675766e-02	9.016116548960757815e-02	-1.051114590005681054e-01	9.123022267893753090e-02	-5.371746883900595931e-02	4.913966027288160787e-02	-1.182006173598595944e-01	8.571277318390901900e-02	-8.790496274455143755e-02	5.414618633028124572e-02	-5.399405382507320439e-02	1.245275253677917277e-01	-1.044326096111217461e-01	1.014429012291126891e-01	-9.521869018143626351e-02	8.094181994032083327e-02	-1.303863834227779739e-01	1.216838424762583803e-01	-1.203739283529517423e-01	1.090569321453779689e-01	-1.083677521872845190e-01	2.433308240969901948e-01	-4.908472890479838036e-01	2.298082291441047587e-01	-1.496999139240964283e-01	9.137099991436085922e-02	-4.482288442450363952e-01	1.000000000000001998e+00	-1.923590890298504386e-01	1.400727587434513199e-01	-8.437434300318134850e-02	3.053304528489643177e-01	-5.394523984992566357e-01	2.027859309066623039e-01	-7.387190951385200210e-02	8.185708215403790511e-02
1.694982557318689409e-01	-7.696636081877869517e-02	9.171953065708074448e-02	-4.887453002480608710e-02	6.060237649102243745e-02	-7.300533062940375850e-02	8.631322031656360472e-02	-7.732614319318693863e-02	5.038293704175123705e-02	-4.680974275076619368e-02	9.478272015132156725e-02	-7.177334749400453295e-02	7.416473613831311984e-02	-5.475574534485991990e-02	5.445883917730292428e-02	-9.429159286966626308e-02	8.937651136445158573e-02	-9.168994417466803937e-02	1.164411246643970027e-01	-1.000495317717261384e-01	8.891579333243544714e-02	-1.129319935243072032e-01	1.133003751436926915e-01	-1.481475655167992511e-01	1.405941064223862891e-01	-1.529485489184289060e-01	2.480582754013204438e-01	-4.511531708951411757e-01	2.397288138298308557e-01	-1.483738621361120058e-01	1.436130463687709247e-01	-1.923590890298504386e-01	1.000000000000001998e+00	-3.388585088701647208e-01	1.418695897193754663e-01	-1.443870742865347168e-01	1.436227919800571740e-01	-7.105008911697728857e-01	1.545149711312006624e-01	-1.667550699119521862e-01
-1.729469415050217396e-01	8.087651277501720082e-02	-9.616166861775200803e-02	5.444773861021146716e-02	-6.705361154595243511e-02	7.565096762529219254e-02	-9.087395272228313003e-02	8.290691720945288223e-02	-6.114861662890007377e-02	5.706889595509440083e-02	-9.799387119015845471e-02	7.645588733597462328e-02	-8.021902234938776965e-02	7.071810961649659111e-02	-7.102032983226450047e-02	9.108667144060288157e-02	-9.950095507631248615e-02	1.032288831630329695e-01	-1.878745607495075076e-01	1.496265771258318000e-01	-8.586714521747891571e-02	1.228233248180681525e-01	-1.330232707841667028e-01	2.331987013688776034e-01	-2.413047849643306653e-01	1.315390687439122464e-01	-2.156696551685384489e-01	2.531431237101529619e-01	-6.428221821052761964e-01	2.555639760117048298e-01	-1.207622437096928930e-01	1.400727587434513199e-01	-3.388585088701647208e-01	1.000000000000002665e+00	-3.788964777406438889e-01	1.078163044952140381e-01	-1.051768792234429595e-01	2.393293272569485264e-01	-2.241408086423976043e-01	1.857617687184223154e-01
1.042358448572340973e-01	-5.036784030668688822e-02	5.932932342183318275e-02	-3.520684307860146023e-02	4.283196520688879738e-02	-4.677199307127999361e-02	5.668605433918832287e-02	-5.315356799526890774e-02	4.109523098205263014e-02	-3.947654176567985673e-02	6.027638464718776401e-02	-4.863091986291706581e-02	5.109163971923744163e-02	-4.985449389223573641e-02	4.957044602447877729e-02	-5.938667461517072033e-02	6.452147803535744630e-02	-6.889495259072096756e-02	1.223167287560633643e-01	-1.268607961734857792e-01	5.466427484976930928e-02	-8.332357825448717670e-02	8.524477298813139259e-02	-1.667105651332023708e-01	1.867794491749731889e-01	-8.439363981631245459e-02	1.144560125309185411e-01	-1.366949772019438736e-01	2.168834872017686710e-01	-8.479309534687663463e-01	7.240520430528019080e-02	-8.437434300318134850e-02	1.418695897193754663e-01	-3.788964777406438889e-01	1.000000000000001554e+00	-6.713162826567614649e-02	6.207042957764132701e-02	-1.451784314587208358e-01	1.062513033952657837e-01	-1.193404144151849339e-01
-2.008010554162711903e-01	8.721030678614297149e-02	-1.049774340217852209e-01	5.198489727132400706e-02	-6.536028311884642394e-02	8.407779679146268337e-02	-9.748308765810728693e-02	8.377551729030746630e-02	-4.840598084656185657e-02	4.411737174167985887e-02	-1.104135737765784137e-01	7.866193148696155879e-02	-8.053859552852163373e-02	4.772062312972535914e-02	-4.764164505465648403e-02	1.144798958672681999e-01	-9.201435405267677226e-02	8.894887217516488087e-02	-7.815993044922618649e-02	6.683549964323716452e-02	-1.219523826364055652e-01	9.544958469685861646e-02	-9.563007657164816766e-02	8.657018184160468477e-02	-8.795284824554427949e-02	2.296080728622798828e-01	-2.215923139656441609e-01	1.518894313549912500e-01	-1.103633424543849773e-01	7.269526846902828188e-02	-4.757505178611507457e-01	3.053304528489643177e-01	-1.443870742865347168e-01	1.078163044952140381e-01	-6.713162826567614649e-02	1.000000000000001776e+00	-7.231732581754051203e-01	1.703802599085383340e-01	-6.069189133227006344e-02	6.686904419837245983e-02
1.468256516179544113e-01	-6.497808485524320110e-02	7.771211208514260116e-02	-3.931777521249672086e-02	4.914063486966552263e-02	-6.288005640587739087e-02	7.331040253738753398e-02	-6.424668206311839880e-02	3.771576674489830056e-02	-3.459886399251193428e-02	8.223534082399949763e-02	-6.034675168992157529e-02	6.169818451231258438e-02	-3.831238984567023054e-02	3.808960726493779148e-02	-9.565640693090948776e-02	7.418540529221159807e-02	-7.329312600872552041e-02	6.753308262450627431e-02	-5.820540713098718011e-02	9.553420970528903045e-02	-8.486568744549079224e-02	8.203223432229225787e-02	-7.833882787340450127e-02	7.700240587300311024e-02	-1.991652838900439815e-01	2.140343648139332866e-01	-1.627915632858265016e-01	1.036065993329998991e-01	-6.810678547215003042e-02	2.742763626078772443e-01	-5.394523984992566357e-01	1.436227919800571740e-01	-1.051768792234429595e-01	6.207042957764132701e-02	-7.231732581754051203e-01	1.000000000000001998e+00	-2.012087258760056896e-01	6.004800201902986412e-02	-6.655865956784515203e-02
-2.673132002122602380e-01	1.171066830567064204e-01	-1.412520438150736413e-01	7.198057982931378718e-02	-9.035850144391260885e-02	1.103892961047978072e-01	-1.289055460691067578e-01	1.116039458335683771e-01	-6.998417357459413290e-02	6.413366129298425644e-02	-1.439508721040562711e-01	1.035078267989552325e-01	-1.069779420290989658e-01	7.175789722031580831e-02	-7.213840935594170722e-02	1.182875822087688100e-01	-1.169950476378626147e-01	1.167679309285540312e-01	-1.364323661090770523e-01	1.141756094200947202e-01	-1.146474801807711302e-01	1.317122606431761489e-01	-1.388174200650760248e-01	1.544076281125797423e-01	-1.633200922780604913e-01	1.797342034896788898e-01	-2.917240609511568827e-01	2.756507792607092444e-01	-2.328841164963960098e-01	1.408608812988195180e-01	-1.853018930382642204e-01	2.027859309066623039e-01	-7.105008911697728857e-01	2.393293272569485264e-01	-1.451784314587208358e-01	1.703802599085383340e-01	-2.012087258760056896e-01	1.000000000000001554e+00	-2.187961076659712401e-01	1.821150963600862704e-01
9.787856718599623196e-02	-4.426381965057510359e-02	5.295937474662066463e-02	-2.837975659347184709e-02	3.526077021053698052e-02	-4.155953379957730981e-02	4.914890261861827592e-02	-4.375828240690421422e-02	2.956249306561740259e-02	-2.743268619041844963e-02	5.395356807363013707e-02	-4.041188050801002019e-02	4.198251947901949360e-02	-3.229063361781534663e-02	3.235877309984563910e-02	-4.754884678017447242e-02	4.862168368993616263e-02	-4.982758785576506949e-02	7.131568231062031249e-02	-6.028642972252912235e-02	4.481773412361433201e-02	-5.714977123935114506e-02	5.990240829628415420e-02	-8.616792562843422765e-02	8.925548029692481622e-02	-7.050027782006645927e-02	1.015066837582949688e-01	-1.096935686625168799e-01	1.430903304503415296e-01	-9.828074002297583489e-02	6.541290230259527716e-02	-7.387190951385200210e-02	1.545149711312006624e-01	-2.241408086423976043e-01	1.062513033952657837e-01	-6.069189133227006344e-02	6.004800201902986412e-02	-2.187961076659712401e-01	1.000000000000001776e+00	-9.227897106662021898e-01
