1.000000000000000000e+00	-5.364797794558503474e-01	2.421758486369424979e-01	-2.064308460667633738e-01	7.401710632371305554e-02	-6.013928202855491900e-01	2.702319922576140732e-01	-2.240739464863613639e-01	1.664373950438118033e-01	-7.107644470025531458e-02	2.647347125533737744e-01	-2.240530955709277017e-01	1.811522968142869894e-01	-1.353208469428477390e-01	1.194730271789503501e-01	-2.099320952192775536e-01	1.373412694616559515e-01	-1.407983983899532554e-01	1.265080503130140699e-01	-1.986428584709376832e-01	1.864426669724235930e-01	-1.352960483645908041e-01	1.174909967143233230e-01	-1.190068368984864011e-01	1.142601408494134246e-01	-6.533255379077441971e-02	9.104153075804471973e-02	-1.214599583369091323e-01	1.030154882016322271e-01	-9.054011421373460433e-02	5.731461921197571890e-02	-8.029824167361498954e-02	9.472451933009215508e-02	-1.000080171438164217e-01	1.020235916648792873e-01	-8.901568012939486962e-02	7.286317433210726113e-02	-1.291019971594200566e-01	1.077558117148987860e-01	-1.507436443538160420e-01
-5.364797794558503474e-01	9.999999999999998890e-01	-5.804847739872219803e-01	2.348528934307747007e-01	-9.204269949417429042e-02	2.507691728134600062e-01	-4.070510393390982529e-01	2.764505696602000406e-01	-2.252253532388047708e-01	8.403429023341459081e-02	-2.058968512124182693e-01	1.956718100222509527e-01	-1.795230308469236424e-01	1.139731179822688623e-01	-1.054306327655211012e-01	1.440609884167405319e-01	-1.166636621596385537e-01	1.149535260234384321e-01	-1.036574373493004964e-01	1.474653802504090061e-01	-1.589815098458856324e-01	1.070933244924734407e-01	-9.602432527408899521e-02	9.327791703469044682e-02	-8.970618482076005151e-02	4.938194259079479315e-02	-7.096805616268245243e-02	9.322395227801008599e-02	-8.084385537671041899e-02	6.906699949351775836e-02	-4.385360094721379998e-02	6.127791917286708884e-02	-7.329716798673452383e-02	7.635116847227438330e-02	-7.884414499576122837e-02	6.615373323742794465e-02	-5.501464894309550380e-02	9.469504899651107199e-02	-8.222232906928009233e-02	1.094573344595668463e-01
2.421758486369424979e-01	-5.804847739872219803e-01	1.000000000000000000e+00	-4.483460772625031399e-01	1.103738817216925461e-01	-1.939794325454435031e-01	2.865869065210643329e-01	-5.185941541712106861e-01	2.785805803987583262e-01	-1.063071446006748910e-01	1.522418092815837620e-01	-1.790386987017153209e-01	1.626392497843540674e-01	-1.110295384194580348e-01	9.828853227319153674e-02	-1.201746411301254924e-01	1.020030651936447846e-01	-1.062484458324409881e-01	9.484975458850400387e-02	-1.439087448553338366e-01	1.262331845198682856e-01	-9.612996344819908778e-02	8.667460522742012619e-02	-8.680625678394400524e-02	8.366466016394326355e-02	-4.586190987303362387e-02	6.513750040745076852e-02	-8.689727113289892613e-02	7.469183452557449920e-02	-6.507192339934676772e-02	4.053774497640520030e-02	-5.694382605538016173e-02	6.792983938375973807e-02	-7.137871369915217701e-02	7.362134289072043425e-02	-6.227532319542100625e-02	5.142124981823724406e-02	-9.000521708814446242e-02	7.681134414849646874e-02	-1.049808664353123477e-01
-2.064308460667633738e-01	2.348528934307747007e-01	-4.483460772625031399e-01	1.000000000000000222e+00	-2.537550490806192438e-01	1.500358132343129480e-01	-2.701315287372480500e-01	2.987045440749614977e-01	-7.125403318964510513e-01	1.993251438519645646e-01	-1.386979688378334463e-01	1.535308173272588728e-01	-1.533220909258951603e-01	1.056622680606125880e-01	-9.961792124014173799e-02	1.046908313549498454e-01	-9.480143427567069847e-02	9.530195657701097389e-02	-8.856530455838307336e-02	1.263346718662265999e-01	-1.207733200363874937e-01	8.662985750970123022e-02	-7.954389596254420047e-02	7.842538045538337277e-02	-7.667843210279948196e-02	4.079856269118573020e-02	-5.899825041199629333e-02	7.748539681947258506e-02	-6.787601908433983644e-02	5.831112416858471453e-02	-3.638779761490971987e-02	5.089026347960335511e-02	-6.130532556740816291e-02	6.384363769649165077e-02	-6.675194784099047762e-02	5.481305998238988897e-02	-4.575074473481216542e-02	7.860177437307472315e-02	-6.907350890536724519e-02	9.110979200030142056e-02
7.401710632371305554e-02	-9.204269949417429042e-02	1.103738817216925461e-01	-2.537550490806192438e-01	1.000000000000000666e+00	-6.195853386816439767e-02	9.691166054255755113e-02	-1.244132700053157542e-01	2.095780039100737235e-01	-9.304248055388271155e-01	5.703941885498796383e-02	-6.871220864124726047e-02	6.775862080208520932e-02	-6.491963368241436549e-02	6.587206779738578877e-02	-4.618749738484276279e-02	4.353089198859575598e-02	-4.567038014254760220e-02	4.450410604955418875e-02	-7.259401960540463883e-02	5.213992118007675786e-02	-4.103662209784462306e-02	3.805184537651633281e-02	-3.961381138464590418e-02	3.965115776674219689e-02	-2.021953555355416807e-02	2.892913912628892678e-02	-3.859957093933717026e-02	3.380271516993858111e-02	-3.007566241582858291e-02	1.797644377561615978e-02	-2.527290888097872418e-02	3.048317900863727753e-02	-3.211298572700231613e-02	3.394639222563132497e-02	-2.754912231906854470e-02	2.286686699969675551e-02	-3.996939193404429325e-02	3.471716059364875900e-02	-4.702287481830626226e-02
-6.013928202855491900e-01	2.507691728134600062e-01	-1.939794325454435031e-01	1.500358132343129480e-01	-6.195853386816439767e-02	1.000000000000000000e+00	-3.386168756246244471e-01	1.848782404495848131e-01	-1.432946257837262038e-01	5.810072070995601218e-02	-5.655269518230409131e-01	2.253835830821530051e-01	-1.850079769938507701e-01	1.176967257657582089e-01	-1.072086277582733338e-01	2.282726631125481798e-01	-1.369919070170561859e-01	1.287322498750578803e-01	-1.126074635849876049e-01	1.584556511602589757e-01	-2.300068612691959224e-01	1.272444597970958380e-01	-1.089537312724161433e-01	1.028497555174868877e-01	-9.649744158688140783e-02	5.553315313947726484e-02	-7.946374778025161456e-02	1.038358427887645236e-01	-8.907016735313259825e-02	7.508092081443945576e-02	-4.908020611141832024e-02	6.831049185089972664e-02	-8.091913863554810182e-02	8.409896800590509203e-02	-8.539835570689950639e-02	7.342555240853415599e-02	-6.094498231320573389e-02	1.042526483260384496e-01	-8.965847485220168611e-02	1.196217140942270052e-01
2.702319922576140732e-01	-4.070510393390982529e-01	2.865869065210643329e-01	-2.701315287372480500e-01	9.691166054255755113e-02	-3.386168756246244471e-01	1.000000000000000666e+00	-5.403086058475953246e-01	2.384587834311272525e-01	-9.670877607483030491e-02	2.344679342317537718e-01	-4.132539881384960645e-01	2.513376942887011189e-01	-1.625621855771380853e-01	1.394323142528288706e-01	-1.792652171182895771e-01	1.536091509196903238e-01	-1.595461650963054812e-01	1.356373182700805480e-01	-2.053808809838658656e-01	1.793397522534754540e-01	-1.424805836159748484e-01	1.264470916710574155e-01	-1.250453997330415457e-01	1.182481049582509158e-01	-6.516562380522333831e-02	9.281444981946475326e-02	-1.249744669902399241e-01	1.065832414206406981e-01	-9.225961496628252989e-02	5.745510906494124409e-02	-8.112631041748424865e-02	9.655553990538143228e-02	-1.015347149855695824e-01	1.038823953583885573e-01	-8.828903623200737294e-02	7.286437621582875224e-02	-1.272398941470683498e-01	1.081882119062008152e-01	-1.481111070082806735e-01
-2.240739464863613639e-01	2.764505696602000406e-01	-5.185941541712106861e-01	2.987045440749614977e-01	-1.244132700053157542e-01	1.848782404495848131e-01	-5.403086058475953246e-01	1.000000000000000444e+00	-4.749145321801853115e-01	1.185607249988045730e-01	-1.634432356720870172e-01	2.141569989568858912e-01	-2.328101387330252237e-01	1.237437155329962901e-01	-1.110049600782262169e-01	1.211581726271565990e-01	-1.121691230210460355e-01	1.156777525094636189e-01	-1.001615153880070080e-01	1.431407574594562304e-01	-1.329817129814973853e-01	1.005686775488250778e-01	-9.245876073007003315e-02	8.943839132841002737e-02	-8.525737889480697329e-02	4.576327792809172651e-02	-6.622412454687554018e-02	8.824099184830148934e-02	-7.646919434046324515e-02	6.532883605130151983e-02	-4.064015549679022427e-02	5.724462314576401339e-02	-6.876473071482140653e-02	7.178093803970268805e-02	-7.419317337242697930e-02	6.153439227736338252e-02	-5.122629419449040156e-02	8.819319836095591836e-02	-7.667665415208907431e-02	1.022208627413547510e-01
1.664373950438118033e-01	-2.252253532388047708e-01	2.785805803987583262e-01	-7.125403318964510513e-01	2.095780039100737235e-01	-1.432946257837262038e-01	2.384587834311272525e-01	-4.749145321801853115e-01	9.999999999999993339e-01	-2.700752544063694804e-01	1.245812652024846784e-01	-1.563308568586991576e-01	1.476540919188879530e-01	-1.132930777654625187e-01	9.916429433143664207e-02	-9.964976446127259135e-02	9.060168970091903029e-02	-9.519750904317970941e-02	8.693950895096047571e-02	-1.329659896705936428e-01	1.088665208821514713e-01	-8.501273348348345471e-02	7.770726410017773922e-02	-7.864101377886716093e-02	7.652693392941159467e-02	-4.090825734943521336e-02	5.837492657231731913e-02	-7.793035294732236773e-02	6.742691028978910206e-02	-5.898584244197098425e-02	3.625771131934932279e-02	-5.097713486652384607e-02	6.109493345502211431e-02	-6.420720052560965896e-02	6.675685403105825755e-02	-5.561050183908771566e-02	4.603528417728950523e-02	-8.043669410764890670e-02	6.918155531433120564e-02	-9.402748077400874260e-02
-7.107644470025531458e-02	8.403429023341459081e-02	-1.063071446006748910e-01	1.993251438519645646e-01	-9.304248055388271155e-01	5.810072070995601218e-02	-9.670877607483030491e-02	1.185607249988045730e-01	-2.700752544063694804e-01	9.999999999999997780e-01	-5.443868238380292213e-02	6.507003601200699039e-02	-6.582096851836560791e-02	6.250243783799867836e-02	-6.805093591029520717e-02	4.333471280511296680e-02	-4.115604599091256255e-02	4.282328838126774062e-02	-4.195544916078281644e-02	6.693559096383669416e-02	-4.956900555916825268e-02	3.836835302006357667e-02	-3.571875047701991712e-02	3.691252250382204975e-02	-3.702499674912386463e-02	1.866668093983714014e-02	-2.686876125415490341e-02	3.576494231248013994e-02	-3.147551409622736246e-02	2.784815819396086606e-02	-1.663131797849229723e-02	2.337470533064023651e-02	-2.827697837563084363e-02	2.971435588250977491e-02	-3.152367354705987168e-02	2.532767695353875526e-02	-2.109361133090236970e-02	3.663432999557007103e-02	-3.210136418513521300e-02	4.299980355187604797e-02
2.647347125533737744e-01	-2.058968512124182693e-01	1.522418092815837620e-01	-1.386979688378334463e-01	5.703941885498796383e-02	-5.655269518230409131e-01	2.344679342317537718e-01	-1.634432356720870172e-01	1.245812652024846784e-01	-5.443868238380292213e-02	1.000000000000000222e+00	-3.645081146298053132e-01	2.182187316672243860e-01	-1.478527330395132955e-01	1.284100570364798966e-01	-5.117641553796148379e-01	1.724876152427967657e-01	-1.665896795267212682e-01	1.385336665993401328e-01	-2.043136136934923519e-01	2.761175244044082877e-01	-1.674996657103808018e-01	1.364419956328699890e-01	-1.305452188907771094e-01	1.201324767069686383e-01	-7.091028296313839352e-02	9.981659823876569415e-02	-1.330648140111634625e-01	1.117273896075139245e-01	-9.496416536375693052e-02	6.197046351084596616e-02	-8.687178087578137364e-02	1.017907216146399368e-01	-1.066917472337766126e-01	1.068336354214241557e-01	-9.412498811544368904e-02	7.741312376536456374e-02	-1.339622305810838077e-01	1.125714869029861981e-01	-1.538637331966167809e-01
-2.240530955709277017e-01	1.956718100222509527e-01	-1.790386987017153209e-01	1.535308173272588728e-01	-6.871220864124726047e-02	2.253835830821530051e-01	-4.132539881384960645e-01	2.141569989568858912e-01	-1.563308568586991576e-01	6.507003601200699039e-02	-3.645081146298053132e-01	1.000000000000000888e+00	-6.489511756158724554e-01	2.104687796896227703e-01	-1.963849574812310816e-01	2.020769758347136513e-01	-2.468706960075505719e-01	2.148984257145789001e-01	-1.654704868852201749e-01	2.074267269428204941e-01	-2.234726845325747946e-01	1.778311573394489864e-01	-1.634076412525058974e-01	1.428298211203152535e-01	-1.298948649456995452e-01	6.863506350337560125e-02	-1.034469842812622692e-01	1.380307437275457016e-01	-1.201528534873457371e-01	9.757176930946342974e-02	-6.118969814379995875e-02	8.734193904164472277e-02	-1.055620023625204879e-01	1.087136088830650410e-01	-1.110880350926839316e-01	9.029034347784921366e-02	-7.619933588193950058e-02	1.266609641420591570e-01	-1.129147349219041252e-01	1.443135558842324195e-01
1.811522968142869894e-01	-1.795230308469236424e-01	1.626392497843540674e-01	-1.533220909258951603e-01	6.775862080208520932e-02	-1.850079769938507701e-01	2.513376942887011189e-01	-2.328101387330252237e-01	1.476540919188879530e-01	-6.582096851836560791e-02	2.182187316672243860e-01	-6.489511756158724554e-01	1.000000000000000000e+00	-3.906947664058383896e-01	2.354407354588586854e-01	-1.802152979083868067e-01	2.182139007602045544e-01	-3.152645735222433521e-01	1.895940101758920859e-01	-2.697172499389575151e-01	1.899438300434646565e-01	-1.884645854901358941e-01	1.832396053990713036e-01	-1.694364479117930478e-01	1.490936230121413519e-01	-7.619257424075559504e-02	1.130912502958462407e-01	-1.608032725441736754e-01	1.361930979007718867e-01	-1.136765680000052792e-01	6.748023676608240484e-02	-9.770200266969754355e-02	1.185356074465442749e-01	-1.243687653917405767e-01	1.260887371109633837e-01	-1.021745136334070297e-01	8.552438769943844499e-02	-1.455794931744592013e-01	1.270247401524522424e-01	-1.684989449077194390e-01
-1.353208469428477390e-01	1.139731179822688623e-01	-1.110295384194580348e-01	1.056622680606125880e-01	-6.491963368241436549e-02	1.176967257657582089e-01	-1.625621855771380853e-01	1.237437155329962901e-01	-1.132930777654625187e-01	6.250243783799867836e-02	-1.478527330395132955e-01	2.104687796896227703e-01	-3.906947664058383896e-01	1.000000000000001332e+00	-7.787135700764276081e-01	1.184708482579369532e-01	-1.464411399802937053e-01	1.616098628864806319e-01	-2.172465442010060865e-01	2.717400436763598992e-01	-1.511287868549762436e-01	1.294061076738796112e-01	-1.338026026619141273e-01	1.515827320855361315e-01	-1.552935634389095709e-01	5.927156401609543629e-02	-9.034733389684322657e-02	1.241736456512154280e-01	-1.171198826895129830e-01	1.036025834645517424e-01	-5.370236517248049707e-02	7.706052561725316996e-02	-9.771795195463987838e-02	1.030687138745787629e-01	-1.174817826530288323e-01	7.898438984879554980e-02	-6.781062562389761350e-02	1.131173273292175874e-01	-1.078189751278693931e-01	1.341625220361681026e-01
1.194730271789503501e-01	-1.054306327655211012e-01	9.828853227319153674e-02	-9.961792124014173799e-02	6.587206779738578877e-02	-1.072086277582733338e-01	1.394323142528288706e-01	-1.110049600782262169e-01	9.916429433143664207e-02	-6.805093591029520717e-02	1.284100570364798966e-01	-1.963849574812310816e-01	2.354407354588586854e-01	-7.787135700764276081e-01	9.999999999999983347e-01	-1.099026031538178627e-01	1.308660401444556309e-01	-1.500691586150725843e-01	1.826723026179851717e-01	-4.545090677344314489e-01	1.348700695307730180e-01	-1.226639324474984583e-01	1.230299207600917683e-01	-1.478005387278406302e-01	1.609376527468814599e-01	-5.937390584409134309e-02	8.833377024603485117e-02	-1.235728969236850328e-01	1.141483760509474782e-01	-1.105803360752621450e-01	5.337924639303696928e-02	-7.681020283611887656e-02	9.654274384579129842e-02	-1.038245535973237876e-01	1.186056327990602510e-01	-8.036559044946553487e-02	6.820108726222874618e-02	-1.169626081609189960e-01	1.081333443347441275e-01	-1.429542120408957007e-01
-2.099320952192775536e-01	1.440609884167405319e-01	-1.201746411301254924e-01	1.046908313549498454e-01	-4.618749738484276279e-02	2.282726631125481798e-01	-1.792652171182895771e-01	1.211581726271565990e-01	-9.964976446127259135e-02	4.333471280511296680e-02	-5.117641553796148379e-01	2.020769758347136513e-01	-1.802152979083868067e-01	1.184708482579369532e-01	-1.099026031538178627e-01	9.999999999999995559e-01	-2.264898315237164061e-01	1.675080349891213127e-01	-1.364262506844583778e-01	1.683879511521322314e-01	-7.069263704579947794e-01	2.011010431981425095e-01	-1.510898011984949385e-01	1.256106273961984654e-01	-1.102686447868088948e-01	7.134221038565677353e-02	-1.027380193343452319e-01	1.287325661553629375e-01	-1.091792521522261805e-01	8.614962197592321291e-02	-6.278160326752328657e-02	8.521109497701874480e-02	-9.882697998044502607e-02	1.006319240719346364e-01	-9.836859102534675769e-02	8.818546505056915064e-02	-7.389992841928649803e-02	1.202172177268256426e-01	-1.043744837492093236e-01	1.333180822741695248e-01
1.373412694616559515e-01	-1.166636621596385537e-01	1.020030651936447846e-01	-9.480143427567069847e-02	4.353089198859575598e-02	-1.369919070170561859e-01	1.536091509196903238e-01	-1.121691230210460355e-01	9.060168970091903029e-02	-4.115604599091256255e-02	1.724876152427967657e-01	-2.468706960075505719e-01	2.182139007602045544e-01	-1.464411399802937053e-01	1.308660401444556309e-01	-2.264898315237164061e-01	9.999999999999990008e-01	-5.785638967880694095e-01	2.164358837426905713e-01	-2.071042626594069569e-01	2.345222278490051437e-01	-6.059211345742951949e-01	3.058089111726781661e-01	-2.137814737008904842e-01	1.479891709649865938e-01	-9.719253586421890134e-02	1.601964071566861492e-01	-2.147988188754037797e-01	1.682228801130826179e-01	-1.175606794277505029e-01	8.391480054263115995e-02	-1.316467688959767901e-01	1.460276874937996849e-01	-1.478380247972679029e-01	1.316673734735639145e-01	-1.228080504700427567e-01	1.035894456222575116e-01	-1.589242031603870786e-01	1.380944584134309039e-01	-1.673991733752140110e-01
-1.407983983899532554e-01	1.149535260234384321e-01	-1.062484458324409881e-01	9.530195657701097389e-02	-4.567038014254760220e-02	1.287322498750578803e-01	-1.595461650963054812e-01	1.156777525094636189e-01	-9.519750904317970941e-02	4.282328838126774062e-02	-1.665896795267212682e-01	2.148984257145789001e-01	-3.152645735222433521e-01	1.616098628864806319e-01	-1.500691586150725843e-01	1.675080349891213127e-01	-5.785638967880694095e-01	1.000000000000000000e+00	-3.288184622722034600e-01	2.108389428863786108e-01	-2.154497477665762439e-01	3.145639120897631424e-01	-5.264287964942804265e-01	2.469585197504102214e-01	-1.643005085171508617e-01	8.976553037971624072e-02	-1.533980164462426798e-01	2.271751303500333663e-01	-1.967498391617275577e-01	1.254257971178497078e-01	-8.098791714711763012e-02	1.230305272336712080e-01	-1.575465900777817119e-01	1.540442154182336820e-01	-1.417126711995215227e-01	1.146887264840452392e-01	-1.005317445218611994e-01	1.538168924050020148e-01	-1.432033605808936128e-01	1.652625745464595119e-01
1.265080503130140699e-01	-1.036574373493004964e-01	9.484975458850400387e-02	-8.856530455838307336e-02	4.450410604955418875e-02	-1.126074635849876049e-01	1.356373182700805480e-01	-1.001615153880070080e-01	8.693950895096047571e-02	-4.195544916078281644e-02	1.385336665993401328e-01	-1.654704868852201749e-01	1.895940101758920859e-01	-2.172465442010060865e-01	1.826723026179851717e-01	-1.364262506844583778e-01	2.164358837426905713e-01	-3.288184622722034600e-01	9.999999999999988898e-01	-3.627855150538642492e-01	1.752358223748738952e-01	-2.332265682300922738e-01	2.637401969227716192e-01	-7.042708790424051513e-01	2.266599086349398717e-01	-9.757419388318996911e-02	1.513737256438517642e-01	-2.597588796722090643e-01	2.418281488473277840e-01	-1.750415956345315327e-01	8.708700228828766821e-02	-1.337165055694126414e-01	1.728415170321642436e-01	-1.995100156154907267e-01	1.786008005330366466e-01	-1.313064156629643320e-01	1.123627223994458357e-01	-1.864314826258630653e-01	1.682312517676612940e-01	-2.151047238438553721e-01
-1.986428584709376832e-01	1.474653802504090061e-01	-1.439087448553338366e-01	1.263346718662265999e-01	-7.259401960540463883e-02	1.584556511602589757e-01	-2.053808809838658656e-01	1.431407574594562304e-01	-1.329659896705936428e-01	6.693559096383669416e-02	-2.043136136934923519e-01	2.074267269428204941e-01	-2.697172499389575151e-01	2.717400436763598992e-01	-4.545090677344314489e-01	1.683879511521322314e-01	-2.071042626594069569e-01	2.108389428863786108e-01	-3.627855150538642492e-01	9.999999999999980016e-01	-2.412160629146477830e-01	1.905581438015085394e-01	-2.026756029842660123e-01	2.453665616867046484e-01	-4.421772548762982757e-01	9.863911339049985516e-02	-1.535353340754842533e-01	2.042264027454699371e-01	-2.116513681599340724e-01	2.244305245439448537e-01	-9.125128638369081613e-02	1.301557665242082940e-01	-1.725812627892197859e-01	1.837510089962545168e-01	-2.549570487557019094e-01	1.311126717586059420e-01	-1.153686551566577984e-01	1.903899901782430126e-01	-1.995851985148953955e-01	2.375653910502023569e-01
1.864426669724235930e-01	-1.589815098458856324e-01	1.262331845198682856e-01	-1.207733200363874937e-01	5.213992118007675786e-02	-2.300068612691959224e-01	1.793397522534754540e-01	-1.329817129814973853e-01	1.088665208821514713e-01	-4.956900555916825268e-02	2.761175244044082877e-01	-2.234726845325747946e-01	1.899438300434646565e-01	-1.511287868549762436e-01	1.348700695307730180e-01	-7.069263704579947794e-01	2.345222278490051437e-01	-2.154497477665762439e-01	1.752358223748738952e-01	-2.412160629146477830e-01	1.000000000000000888e+00	-3.342154957303473117e-01	1.966510081863117321e-01	-1.737970481669548484e-01	1.497266205921793658e-01	-1.055161518823637262e-01	1.418624597669943532e-01	-1.836447175634768614e-01	1.486430497762291913e-01	-1.207621585040029727e-01	8.898186777663659452e-02	-1.217122833644463942e-01	1.366955052866150044e-01	-1.420238733306661283e-01	1.358483148746176539e-01	-1.290406928384957574e-01	1.055574040137737812e-01	-1.765901391067389858e-01	1.460887693477993521e-01	-1.959578842019721878e-01
-1.352960483645908041e-01	1.070933244924734407e-01	-9.612996344819908778e-02	8.662985750970123022e-02	-4.103662209784462306e-02	1.272444597970958380e-01	-1.424805836159748484e-01	1.005686775488250778e-01	-8.501273348348345471e-02	3.836835302006357667e-02	-1.674996657103808018e-01	1.778311573394489864e-01	-1.884645854901358941e-01	1.294061076738796112e-01	-1.226639324474984583e-01	2.011010431981425095e-01	-6.059211345742951949e-01	3.145639120897631424e-01	-2.332265682300922738e-01	1.905581438015085394e-01	-3.342154957303473117e-01	9.999999999999998890e-01	-5.225222386748833436e-01	2.166161328919933293e-01	-1.548982787808091954e-01	1.082898474101139374e-01	-2.278940112421419806e-01	2.286088374100544163e-01	-1.914333653924386591e-01	1.206084484965370129e-01	-9.534045215306118093e-02	1.513739412374695559e-01	-1.670671368981483385e-01	1.570283942194292959e-01	-1.385767007022923603e-01	1.298680661860120433e-01	-1.143273773046779157e-01	1.608151014585020022e-01	-1.461386662877250664e-01	1.635717593611043519e-01
1.174909967143233230e-01	-9.602432527408899521e-02	8.667460522742012619e-02	-7.954389596254420047e-02	3.805184537651633281e-02	-1.089537312724161433e-01	1.264470916710574155e-01	-9.245876073007003315e-02	7.770726410017773922e-02	-3.571875047701991712e-02	1.364419956328699890e-01	-1.634076412525058974e-01	1.832396053990713036e-01	-1.338026026619141273e-01	1.230299207600917683e-01	-1.510898011984949385e-01	3.058089111726781661e-01	-5.264287964942804265e-01	2.637401969227716192e-01	-2.026756029842660123e-01	1.966510081863117321e-01	-5.225222386748833436e-01	9.999999999999990008e-01	-3.687045658196966280e-01	1.680871401793270770e-01	-9.820012316836664035e-02	1.710930492503167644e-01	-4.021714940853485243e-01	2.341184162867055718e-01	-1.357197749736175074e-01	8.670167617288007667e-02	-1.412022957996255379e-01	1.796878513263082400e-01	-1.792875180805737489e-01	1.473647572176115805e-01	-1.247450806721715350e-01	1.090147568842998876e-01	-1.654485668946814592e-01	1.489101383871690443e-01	-1.721556564514216681e-01
-1.190068368984864011e-01	9.327791703469044682e-02	-8.680625678394400524e-02	7.842538045538337277e-02	-3.961381138464590418e-02	1.028497555174868877e-01	-1.250453997330415457e-01	8.943839132841002737e-02	-7.864101377886716093e-02	3.691252250382204975e-02	-1.305452188907771094e-01	1.428298211203152535e-01	-1.694364479117930478e-01	1.515827320855361315e-01	-1.478005387278406302e-01	1.256106273961984654e-01	-2.137814737008904842e-01	2.469585197504102214e-01	-7.042708790424051513e-01	2.453665616867046484e-01	-1.737970481669548484e-01	2.166161328919933293e-01	-3.687045658196966280e-01	9.999999999999976685e-01	-2.752433945398773951e-01	9.125024219479983822e-02	-1.524359193326959294e-01	2.585783426743138991e-01	-3.630567838901168631e-01	1.815158037102151678e-01	-8.349162461272682800e-02	1.291084452713166519e-01	-1.827638268343209360e-01	2.019163209134005044e-01	-1.877149111427250106e-01	1.201909658752944587e-01	-1.070185608501637159e-01	1.689632527337520118e-01	-1.653615992092539733e-01	1.931443819286390307e-01
1.142601408494134246e-01	-8.970618482076005151e-02	8.366466016394326355e-02	-7.667843210279948196e-02	3.965115776674219689e-02	-9.649744158688140783e-02	1.182481049582509158e-01	-8.525737889480697329e-02	7.652693392941159467e-02	-3.702499674912386463e-02	1.201324767069686383e-01	-1.298948649456995452e-01	1.490936230121413519e-01	-1.552935634389095709e-01	1.609376527468814599e-01	-1.102686447868088948e-01	1.479891709649865938e-01	-1.643005085171508617e-01	2.266599086349398717e-01	-4.421772548762982757e-01	1.497266205921793658e-01	-1.548982787808091954e-01	1.680871401793270770e-01	-2.752433945398773951e-01	9.999999999999986677e-01	-9.650299657552754984e-02	1.424099606278174668e-01	-2.200729209434629796e-01	2.263001601493171144e-01	-6.341980221843932508e-01	8.694423018393686309e-02	-1.305799846204633852e-01	1.739272905674656144e-01	-2.150368989067424075e-01	3.038011351104696889e-01	-1.355614280138330019e-01	1.160552331708418344e-01	-2.113352780076159787e-01	1.995971592336031608e-01	-3.434842703785206952e-01
-6.533255379077441971e-02	4.938194259079479315e-02	-4.586190987303362387e-02	4.079856269118573020e-02	-2.021953555355416807e-02	5.553315313947726484e-02	-6.516562380522333831e-02	4.576327792809172651e-02	-4.090825734943521336e-02	1.866668093983714014e-02	-7.091028296313839352e-02	6.863506350337560125e-02	-7.619257424075559504e-02	5.927156401609543629e-02	-5.937390584409134309e-02	7.134221038565677353e-02	-9.719253586421890134e-02	8.976553037971624072e-02	-9.757419388318996911e-02	9.863911339049985516e-02	-1.055161518823637262e-01	1.082898474101139374e-01	-9.820012316836664035e-02	9.125024219479983822e-02	-9.650299657552754984e-02	9.999999999999998890e-01	-3.677022862836245021e-01	1.287674617870967764e-01	-1.110691733493189004e-01	7.688132814633827361e-02	-8.272410633377306199e-01	2.055928521929732133e-01	-1.498539510067668223e-01	1.239749835682897455e-01	-9.931735673769173656e-02	2.519788330859764613e-01	-2.218808375491528317e-01	1.653819222766809149e-01	-1.502515726345682590e-01	1.163523375428617279e-01
9.104153075804471973e-02	-7.096805616268245243e-02	6.513750040745076852e-02	-5.899825041199629333e-02	2.892913912628892678e-02	-7.946374778025161456e-02	9.281444981946475326e-02	-6.622412454687554018e-02	5.837492657231731913e-02	-2.686876125415490341e-02	9.981659823876569415e-02	-1.034469842812622692e-01	1.130912502958462407e-01	-9.034733389684322657e-02	8.833377024603485117e-02	-1.027380193343452319e-01	1.601964071566861492e-01	-1.533980164462426798e-01	1.513737256438517642e-01	-1.535353340754842533e-01	1.418624597669943532e-01	-2.278940112421419806e-01	1.710930492503167644e-01	-1.524359193326959294e-01	1.424099606278174668e-01	-3.677022862836245021e-01	1.000000000000000888e+00	-2.685533546830679574e-01	1.887540053223988601e-01	-1.214972760835579951e-01	2.379457478736961562e-01	-6.603657506139235522e-01	2.634124521310921008e-01	-2.336041842992475637e-01	1.490120564121912849e-01	-3.258422315279292381e-01	2.677354926364777232e-01	-2.626797027370362247e-01	1.963303035097480054e-01	-1.811014608565243433e-01
-1.214599583369091323e-01	9.322395227801008599e-02	-8.689727113289892613e-02	7.748539681947258506e-02	-3.859957093933717026e-02	1.038358427887645236e-01	-1.249744669902399241e-01	8.824099184830148934e-02	-7.793035294732236773e-02	3.576494231248013994e-02	-1.330648140111634625e-01	1.380307437275457016e-01	-1.608032725441736754e-01	1.241736456512154280e-01	-1.235728969236850328e-01	1.287325661553629375e-01	-2.147988188754037797e-01	2.271751303500333663e-01	-2.597588796722090643e-01	2.042264027454699371e-01	-1.836447175634768614e-01	2.286088374100544163e-01	-4.021714940853485243e-01	2.585783426743138991e-01	-2.200729209434629796e-01	1.287674617870967764e-01	-2.685533546830679574e-01	1.000000000000000222e+00	-5.980185578545190728e-01	1.892584736758455288e-01	-1.207379962006854685e-01	2.067516153688383762e-01	-3.966570382233626235e-01	2.954223932816071874e-01	-2.158088107958908430e-01	1.624313122973046475e-01	-1.557918974583659133e-01	2.183431289508770412e-01	-2.162615607738037904e-01	2.105274921346667882e-01
1.030154882016322271e-01	-8.084385537671041899e-02	7.469183452557449920e-02	-6.787601908433983644e-02	3.380271516993858111e-02	-8.907016735313259825e-02	1.065832414206406981e-01	-7.646919434046324515e-02	6.742691028978910206e-02	-3.147551409622736246e-02	1.117273896075139245e-01	-1.201528534873457371e-01	1.361930979007718867e-01	-1.171198826895129830e-01	1.141483760509474782e-01	-1.091792521522261805e-01	1.682228801130826179e-01	-1.967498391617275577e-01	2.418281488473277840e-01	-2.116513681599340724e-01	1.486430497762291913e-01	-1.914333653924386591e-01	2.341184162867055718e-01	-3.630567838901168631e-01	2.263001601493171144e-01	-1.110691733493189004e-01	1.887540053223988601e-01	-5.980185578545190728e-01	1.000000000000002220e+00	-2.747316811505081668e-01	1.008147725777715359e-01	-1.769485833529022001e-01	2.801690708746236158e-01	-4.982800308075521212e-01	2.317258823878216578e-01	-1.491283741846727295e-01	1.350780950485671039e-01	-2.149279560350038643e-01	2.028158545802315471e-01	-2.278769172566235401e-01
-9.054011421373460433e-02	6.906699949351775836e-02	-6.507192339934676772e-02	5.831112416858471453e-02	-3.007566241582858291e-02	7.508092081443945576e-02	-9.225961496628252989e-02	6.532883605130151983e-02	-5.898584244197098425e-02	2.784815819396086606e-02	-9.496416536375693052e-02	9.757176930946342974e-02	-1.136765680000052792e-01	1.036025834645517424e-01	-1.105803360752621450e-01	8.614962197592321291e-02	-1.175606794277505029e-01	1.254257971178497078e-01	-1.750415956345315327e-01	2.244305245439448537e-01	-1.207621585040029727e-01	1.206084484965370129e-01	-1.357197749736175074e-01	1.815158037102151678e-01	-6.341980221843932508e-01	7.688132814633827361e-02	-1.214972760835579951e-01	1.892584736758455288e-01	-2.747316811505081668e-01	9.999999999999991118e-01	-7.086323708021706469e-02	1.093841842069095682e-01	-1.630185381616281459e-01	2.056504352418420389e-01	-6.062985942361096559e-01	1.058104281852060430e-01	-9.448045613729411096e-02	1.625097089507965831e-01	-1.751299919230966951e-01	2.610211076194952629e-01
5.731461921197571890e-02	-4.385360094721379998e-02	4.053774497640520030e-02	-3.638779761490971987e-02	1.797644377561615978e-02	-4.908020611141832024e-02	5.745510906494124409e-02	-4.064015549679022427e-02	3.625771131934932279e-02	-1.663131797849229723e-02	6.197046351084596616e-02	-6.118969814379995875e-02	6.748023676608240484e-02	-5.370236517248049707e-02	5.337924639303696928e-02	-6.278160326752328657e-02	8.391480054263115995e-02	-8.098791714711763012e-02	8.708700228828766821e-02	-9.125128638369081613e-02	8.898186777663659452e-02	-9.534045215306118093e-02	8.670167617288007667e-02	-8.349162461272682800e-02	8.694423018393686309e-02	-8.272410633377306199e-01	2.379457478736961562e-01	-1.207379962006854685e-01	1.008147725777715359e-01	-7.086323708021706469e-02	9.999999999999977796e-01	-2.079310421429242661e-01	1.371140563661876755e-01	-1.195061345373105155e-01	9.046818004592577234e-02	-3.959881716830456755e-01	2.129441014298166235e-01	-1.722752155797193929e-01	1.357034676035696330e-01	-1.111105722457802203e-01
-8.029824167361498954e-02	6.127791917286708884e-02	-5.694382605538016173e-02	5.089026347960335511e-02	-2.527290888097872418e-02	6.831049185089972664e-02	-8.112631041748424865e-02	5.724462314576401339e-02	-5.097713486652384607e-02	2.337470533064023651e-02	-8.687178087578137364e-02	8.734193904164472277e-02	-9.770200266969754355e-02	7.706052561725316996e-02	-7.681020283611887656e-02	8.521109497701874480e-02	-1.316467688959767901e-01	1.230305272336712080e-01	-1.337165055694126414e-01	1.301557665242082940e-01	-1.217122833644463942e-01	1.513739412374695559e-01	-1.412022957996255379e-01	1.291084452713166519e-01	-1.305799846204633852e-01	2.055928521929732133e-01	-6.603657506139235522e-01	2.067516153688383762e-01	-1.769485833529022001e-01	1.093841842069095682e-01	-2.079310421429242661e-01	9.999999999999987788e-01	-4.198154826372199611e-01	2.201832910418736466e-01	-1.413049153224497922e-01	2.680601650580322071e-01	-4.348256234250903463e-01	2.399511724913363508e-01	-1.958141064019569000e-01	1.575622478161353979e-01
9.472451933009215508e-02	-7.329716798673452383e-02	6.792983938375973807e-02	-6.130532556740816291e-02	3.048317900863727753e-02	-8.091913863554810182e-02	9.655553990538143228e-02	-6.876473071482140653e-02	6.109493345502211431e-02	-2.827697837563084363e-02	1.017907216146399368e-01	-1.055620023625204879e-01	1.185356074465442749e-01	-9.771795195463987838e-02	9.654274384579129842e-02	-9.882697998044502607e-02	1.460276874937996849e-01	-1.575465900777817119e-01	1.728415170321642436e-01	-1.725812627892197859e-01	1.366955052866150044e-01	-1.670671368981483385e-01	1.796878513263082400e-01	-1.827638268343209360e-01	1.739272905674656144e-01	-1.498539510067668223e-01	2.634124521310921008e-01	-3.966570382233626235e-01	2.801690708746236158e-01	-1.630185381616281459e-01	1.371140563661876755e-01	-4.198154826372199611e-01	9.999999999999986677e-01	-6.070312360013180308e-01	2.031341877007840913e-01	-2.127015064509023001e-01	2.111590489882812505e-01	-3.465883022033169336e-01	2.420237793343697208e-01	-2.235543639327781107e-01
-1.000080171438164217e-01	7.635116847227438330e-02	-7.137871369915217701e-02	6.384363769649165077e-02	-3.211298572700231613e-02	8.409896800590509203e-02	-1.015347149855695824e-01	7.178093803970268805e-02	-6.420720052560965896e-02	2.971435588250977491e-02	-1.066917472337766126e-01	1.087136088830650410e-01	-1.243687653917405767e-01	1.030687138745787629e-01	-1.038245535973237876e-01	1.006319240719346364e-01	-1.478380247972679029e-01	1.540442154182336820e-01	-1.995100156154907267e-01	1.837510089962545168e-01	-1.420238733306661283e-01	1.570283942194292959e-01	-1.792875180805737489e-01	2.019163209134005044e-01	-2.150368989067424075e-01	1.239749835682897455e-01	-2.336041842992475637e-01	2.954223932816071874e-01	-4.982800308075521212e-01	2.056504352418420389e-01	-1.195061345373105155e-01	2.201832910418736466e-01	-6.070312360013180308e-01	9.999999999999990008e-01	-3.204684561085716643e-01	1.665250874651502677e-01	-1.684925748744652563e-01	2.501398423613476751e-01	-3.027675290684003206e-01	2.411339090495720205e-01
1.020235916648792873e-01	-7.884414499576122837e-02	7.362134289072043425e-02	-6.675194784099047762e-02	3.394639222563132497e-02	-8.539835570689950639e-02	1.038823953583885573e-01	-7.419317337242697930e-02	6.675685403105825755e-02	-3.152367354705987168e-02	1.068336354214241557e-01	-1.110880350926839316e-01	1.260887371109633837e-01	-1.174817826530288323e-01	1.186056327990602510e-01	-9.836859102534675769e-02	1.316673734735639145e-01	-1.417126711995215227e-01	1.786008005330366466e-01	-2.549570487557019094e-01	1.358483148746176539e-01	-1.385767007022923603e-01	1.473647572176115805e-01	-1.877149111427250106e-01	3.038011351104696889e-01	-9.931735673769173656e-02	1.490120564121912849e-01	-2.158088107958908430e-01	2.317258823878216578e-01	-6.062985942361096559e-01	9.046818004592577234e-02	-1.413049153224497922e-01	2.031341877007840913e-01	-3.204684561085716643e-01	9.999999999999985567e-01	-1.409994700145755231e-01	1.236585281303108630e-01	-2.287047931817679514e-01	2.378526505283471981e-01	-5.253789952256713303e-01
-8.901568012939486962e-02	6.615373323742794465e-02	-6.227532319542100625e-02	5.481305998238988897e-02	-2.754912231906854470e-02	7.342555240853415599e-02	-8.828903623200737294e-02	6.153439227736338252e-02	-5.561050183908771566e-02	2.532767695353875526e-02	-9.412498811544368904e-02	9.029034347784921366e-02	-1.021745136334070297e-01	7.898438984879554980e-02	-8.036559044946553487e-02	8.818546505056915064e-02	-1.228080504700427567e-01	1.146887264840452392e-01	-1.313064156629643320e-01	1.311126717586059420e-01	-1.290406928384957574e-01	1.298680661860120433e-01	-1.247450806721715350e-01	1.201909658752944587e-01	-1.355614280138330019e-01	2.519788330859764613e-01	-3.258422315279292381e-01	1.624313122973046475e-01	-1.491283741846727295e-01	1.058104281852060430e-01	-3.959881716830456755e-01	2.680601650580322071e-01	-2.127015064509023001e-01	1.665250874651502677e-01	-1.409994700145755231e-01	9.999999999999988898e-01	-6.983701852847480351e-01	2.601004848872587316e-01	-2.455820415357726216e-01	1.619970716303471003e-01
7.286317433210726113e-02	-5.501464894309550380e-02	5.142124981823724406e-02	-4.575074473481216542e-02	2.286686699969675551e-02	-6.094498231320573389e-02	7.286437621582875224e-02	-5.122629419449040156e-02	4.603528417728950523e-02	-2.109361133090236970e-02	7.741312376536456374e-02	-7.619933588193950058e-02	8.552438769943844499e-02	-6.781062562389761350e-02	6.820108726222874618e-02	-7.389992841928649803e-02	1.035894456222575116e-01	-1.005317445218611994e-01	1.123627223994458357e-01	-1.153686551566577984e-01	1.055574040137737812e-01	-1.143273773046779157e-01	1.090147568842998876e-01	-1.070185608501637159e-01	1.160552331708418344e-01	-2.218808375491528317e-01	2.677354926364777232e-01	-1.557918974583659133e-01	1.350780950485671039e-01	-9.448045613729411096e-02	2.129441014298166235e-01	-4.348256234250903463e-01	2.111590489882812505e-01	-1.684925748744652563e-01	1.236585281303108630e-01	-6.983701852847480351e-01	9.999999999999994449e-01	-3.954335733386669105e-01	2.145937397380918155e-01	-1.504764413106107757e-01
-1.291019971594200566e-01	9.469504899651107199e-02	-9.000521708814446242e-02	7.860177437307472315e-02	-3.996939193404429325e-02	1.042526483260384496e-01	-1.272398941470683498e-01	8.819319836095591836e-02	-8.043669410764890670e-02	3.663432999557007103e-02	-1.339622305810838077e-01	1.266609641420591570e-01	-1.455794931744592013e-01	1.131173273292175874e-01	-1.169626081609189960e-01	1.202172177268256426e-01	-1.589242031603870786e-01	1.538168924050020148e-01	-1.864314826258630653e-01	1.903899901782430126e-01	-1.765901391067389858e-01	1.608151014585020022e-01	-1.654485668946814592e-01	1.689632527337520118e-01	-2.113352780076159787e-01	1.653819222766809149e-01	-2.626797027370362247e-01	2.183431289508770412e-01	-2.149279560350038643e-01	1.625097089507965831e-01	-1.722752155797193929e-01	2.399511724913363508e-01	-3.465883022033169336e-01	2.501398423613476751e-01	-2.287047931817679514e-01	2.601004848872587316e-01	-3.954335733386669105e-01	9.999999999999995559e-01	-6.241688527355779836e-01	2.739816093718259737e-01
1.077558117148987860e-01	-8.222232906928009233e-02	7.681134414849646874e-02	-6.907350890536724519e-02	3.471716059364875900e-02	-8.965847485220168611e-02	1.081882119062008152e-01	-7.667665415208907431e-02	6.918155531433120564e-02	-3.210136418513521300e-02	1.125714869029861981e-01	-1.129147349219041252e-01	1.270247401524522424e-01	-1.078189751278693931e-01	1.081333443347441275e-01	-1.043744837492093236e-01	1.380944584134309039e-01	-1.432033605808936128e-01	1.682312517676612940e-01	-1.995851985148953955e-01	1.460887693477993521e-01	-1.461386662877250664e-01	1.489101383871690443e-01	-1.653615992092539733e-01	1.995971592336031608e-01	-1.502515726345682590e-01	1.963303035097480054e-01	-2.162615607738037904e-01	2.028158545802315471e-01	-1.751299919230966951e-01	1.357034676035696330e-01	-1.958141064019569000e-01	2.420237793343697208e-01	-3.027675290684003206e-01	2.378526505283471981e-01	-2.455820415357726216e-01	2.145937397380918155e-01	-6.241688527355779836e-01	9.999999999999997780e-01	-5.355202027125420816e-01
