1.000000000000000000e+00	-8.214740697506626166e-01	1.183873253537248149e-01	-9.615589500932181233e-02	3.060404686590780660e-02	-4.614896798983558202e-01	2.939538653423893755e-01	-9.620715171849526792e-02	6.850693760578881186e-02	-2.974866138635029814e-02	7.389950634464280410e-02	-8.532712413208491664e-02	8.285001832779753661e-02	-7.390813975255026980e-02	6.416762082595114935e-02	-5.525252106491877063e-02	4.885758496668407558e-02	-4.355363418948416526e-02	4.490165715169580629e-02	-3.588973520257099370e-02	4.539826969641648502e-02	-3.919172509285070993e-02	3.638405301025163935e-02	-4.013332414567448436e-02	3.803951074452654318e-02	-3.819085238902501095e-02	3.945761065876151469e-02	-3.280102811289246217e-02	3.512901537965576471e-02	-4.920074636801445578e-02	2.467429502690595203e-02	-3.500307007731365272e-02	2.222186813152700335e-02	-2.167160038325150612e-02	1.399142466911860831e-02	-3.040735698288636948e-02	2.298406981496622578e-02	-2.185640288084966798e-02	1.881801987833335230e-02	-1.576397402207244114e-02
-8.214740697506626166e-01	1.000000000000000222e+00	-1.571455975564329532e-01	1.048544338277879878e-01	-3.417201358030185626e-02	2.955278673477978457e-01	-4.412745088259160675e-01	1.060748029431107797e-01	-7.770900020136699282e-02	3.278829775436078314e-02	-8.013053146044916974e-02	9.253411486659139651e-02	-9.489835702890692115e-02	8.010210900784801857e-02	-7.216958302787757074e-02	5.828391061605180112e-02	-5.389710697768118619e-02	4.743893743010207248e-02	-4.962914337284787120e-02	3.950170639995435190e-02	-4.961945299656005115e-02	4.212989125947961405e-02	-3.973633507621766175e-02	4.367765344337112832e-02	-4.199455425723196828e-02	4.061117835644025009e-02	-4.287503855241426437e-02	3.550091430497099437e-02	-3.822842488700785302e-02	5.281317727765739295e-02	-2.636631391305313196e-02	3.730926887356748878e-02	-2.386765443136081716e-02	2.326556305083097437e-02	-1.503570542416271527e-02	3.234455679186003241e-02	-2.458555456795275679e-02	2.338758428321596403e-02	-2.024497022193502693e-02	1.690795482081521722e-02
1.183873253537248149e-01	-1.571455975564329532e-01	1.000000000000000444e+00	-7.767201666287835149e-01	1.221934433219528382e-01	-1.068214574128557304e-01	1.167156782722203606e-01	-3.348101379572062108e-01	2.909606543690805291e-01	-1.250304051027454899e-01	1.186184851358623310e-01	-1.501864446371538597e-01	2.035660504606472410e-01	-3.049194179224298251e-01	1.988630020280182098e-01	-1.160107853755413670e-01	1.182722045970973773e-01	-1.153542074130224498e-01	1.263016932004468185e-01	-1.090748696082001618e-01	1.000511547602335044e-01	-9.643311743014426618e-02	9.821722222404834224e-02	-1.161318503614149483e-01	1.109211131304660147e-01	-1.058734430177530605e-01	9.888808396813514312e-02	-9.157596727265762682e-02	9.899391271978974505e-02	-1.493974125396844432e-01	6.775373898321354615e-02	-9.718454510478514996e-02	6.201673042359182736e-02	-6.156317885066111412e-02	4.149626302487713359e-02	-8.608706930547244118e-02	6.387658935084086775e-02	-6.179852845825335728e-02	5.313350946406517061e-02	-4.710824411129326678e-02
-9.615589500932181233e-02	1.048544338277879878e-01	-7.767201666287835149e-01	1.000000000000000666e+00	-1.423866955403169654e-01	8.094185149573304705e-02	-9.442015951953680597e-02	2.504430221612725105e-01	-4.656646224836791248e-01	1.242058620418590442e-01	-1.002373917331881026e-01	1.186030768423689125e-01	-1.896290195498934184e-01	2.490409497631625446e-01	-1.991600005805465312e-01	9.137207189759748160e-02	-9.996676060174365663e-02	9.435407307316746872e-02	-1.110309592948175161e-01	9.531596098607508782e-02	-8.184892692529789626e-02	7.600709426573663829e-02	-8.092402432031872705e-02	9.549431057326017436e-02	-9.828187900887906669e-02	7.947894723266848982e-02	-7.912160953238674133e-02	7.316960899628222048e-02	-8.061218201223027680e-02	1.155530467759267738e-01	-5.153211090886655743e-02	7.346388261702985201e-02	-4.805448200812342113e-02	4.768489023062918997e-02	-3.221999300804344324e-02	6.455416926435417202e-02	-4.874489072209718665e-02	4.729926486540173003e-02	-4.142841450141501042e-02	3.630367497135070232e-02
3.060404686590780660e-02	-3.417201358030185626e-02	1.221934433219528382e-01	-1.423866955403169654e-01	1.000000000000000666e+00	-3.436029987083698972e-02	3.727960904960232746e-02	-1.195278114139128323e-01	1.263874006311307974e-01	-9.493844990794451100e-01	5.688726212854949837e-02	-6.879705079675789425e-02	9.165680404184838037e-02	-1.458443571193877575e-01	1.621428543357962826e-01	-5.889881339541434835e-02	6.485775499953876089e-02	-6.461787961122698876e-02	7.708650092837873724e-02	-7.944720848431628679e-02	5.255343237873837114e-02	-5.210942133293956779e-02	5.737222999282935720e-02	-7.262588402000916266e-02	7.341863400878334556e-02	-5.879073736627210556e-02	5.430104718758720778e-02	-5.415713267485680604e-02	5.956248256153345855e-02	-9.395756273466948638e-02	3.779514787510777213e-02	-5.432902155200601546e-02	3.555166320179306561e-02	-3.584662229997416516e-02	2.542273918947744044e-02	-4.839613474474462745e-02	3.598893696449018131e-02	-3.543294573430486039e-02	3.093632965213979555e-02	-2.891621964277050344e-02
-4.614896798983558202e-01	2.955278673477978457e-01	-1.068214574128557304e-01	8.094185149573304705e-02	-3.436029987083698972e-02	1.000000000000000666e+00	-8.070180821500928525e-01	1.203701212002459275e-01	-7.988862881604960609e-02	3.234947961824607282e-02	-1.259366268986522042e-01	1.290665136277040492e-01	-1.190748754772772006e-01	8.131378983767803548e-02	-7.995239046566779417e-02	7.781105336199103939e-02	-6.630894459608906166e-02	5.635784450288639641e-02	-5.709497260659354700e-02	4.416157088647219842e-02	-6.395241873916722442e-02	5.156825592746136500e-02	-4.645680471995647376e-02	4.964337316792924448e-02	-4.741555459617126378e-02	4.690246544242046567e-02	-5.178745918804084775e-02	4.092861633348646166e-02	-4.377082529869758681e-02	5.857256910832624175e-02	-3.056739221670924309e-02	4.304398350366537424e-02	-2.744127163433323496e-02	2.654009601193654810e-02	-1.682876498134792606e-02	3.693703822925668845e-02	-2.831476854518233388e-02	2.673153508550901031e-02	-2.314743549683585810e-02	1.886063708534930355e-02
2.939538653423893755e-01	-4.412745088259160675e-01	1.167156782722203606e-01	-9.442015951953680597e-02	3.727960904960232746e-02	-8.070180821500928525e-01	1.000000000000001110e+00	-1.537207581727952077e-01	8.957857475005484571e-02	-3.555819278811768458e-02	1.202559548477067364e-01	-1.590579894345754974e-01	1.281455005197160157e-01	-9.191849933101936543e-02	8.470971238660980618e-02	-8.198519826222387674e-02	6.928493653724825119e-02	-6.033400074611948438e-02	6.044218343294705670e-02	-4.724661292301732957e-02	6.586372929344443128e-02	-5.468885771099015608e-02	4.927604236102125362e-02	-5.321146100332110190e-02	5.038454151220508187e-02	-5.073422076732563707e-02	5.444662123871291115e-02	-4.383538785264496501e-02	4.670137251284153801e-02	-6.358163928443011370e-02	3.289211373708608721e-02	-4.648396020265685435e-02	2.948642167681567172e-02	-2.859313646888876626e-02	1.820095199634774036e-02	-4.003332795247398213e-02	3.048899304561680443e-02	-2.884611306432268568e-02	2.487860590228921365e-02	-2.044329362891790514e-02
-9.620715171849526792e-02	1.060748029431107797e-01	-3.348101379572062108e-01	2.504430221612725105e-01	-1.195278114139128323e-01	1.203701212002459275e-01	-1.537207581727952077e-01	1.000000000000001554e+00	-5.270909914803957319e-01	1.100321289547734338e-01	-1.882560459573940914e-01	2.201935853104821372e-01	-5.723683558892902479e-01	2.918177558049698250e-01	-2.696145196487938489e-01	1.480673595979157542e-01	-1.616614318595105682e-01	1.492950804914146001e-01	-1.629487780058487822e-01	1.308637483194740880e-01	-1.333482939762172803e-01	1.157450135245162298e-01	-1.203401437726021456e-01	1.348004898200514667e-01	-1.378163707616460454e-01	1.115084586917210047e-01	-1.197546817318865808e-01	1.051936152589956486e-01	-1.151729088034502274e-01	1.552551434681919140e-01	-7.297872742692029790e-02	1.032487908373545399e-01	-6.785831829622453182e-02	6.666668431683864249e-02	-4.388497005203640527e-02	8.941658201398183792e-02	-6.859101412754890770e-02	6.602925770251485971e-02	-5.820098229539508866e-02	4.913076159506676172e-02
6.850693760578881186e-02	-7.770900020136699282e-02	2.909606543690805291e-01	-4.656646224836791248e-01	1.263874006311307974e-01	-7.988862881604960609e-02	8.957857475005484571e-02	-5.270909914803957319e-01	1.000000000000001998e+00	-1.338374136445815432e-01	1.167244453734377491e-01	-1.458238259332668429e-01	2.427476484923468680e-01	-5.702157989246523506e-01	2.348136267070195793e-01	-1.070876793504470653e-01	1.148902415320717241e-01	-1.117990221389573435e-01	1.298001491295502630e-01	-1.140986280634287559e-01	9.378788116620538629e-02	-8.762928116880941420e-02	9.283083465196692585e-02	-1.115633444188005446e-01	1.125067875319186866e-01	-9.093474893753450417e-02	8.992513557650486100e-02	-8.432492688993799279e-02	9.213440358093968885e-02	-1.333898957623779191e-01	5.879628377016483248e-02	-8.398692245725548899e-02	5.479170308235271902e-02	-5.448688395856332578e-02	3.694117717949436247e-02	-7.368092030367824619e-02	5.551779499454829320e-02	-5.399923321492576533e-02	4.724168641546817871e-02	-4.167158981189081346e-02
-2.974866138635029814e-02	3.278829775436078314e-02	-1.250304051027454899e-01	1.242058620418590442e-01	-9.493844990794451100e-01	3.234947961824607282e-02	-3.555819278811768458e-02	1.100321289547734338e-01	-1.338374136445815432e-01	1.000000000000001332e+00	-5.376038769474888318e-02	6.370032208569834098e-02	-8.900805763552016581e-02	1.361710899716553902e-01	-1.946864774011092536e-01	5.434540981297057705e-02	-6.165490385921866545e-02	6.068930377319030345e-02	-7.575688158794710581e-02	7.878603678035213387e-02	-4.905910614264161196e-02	4.801031235697374167e-02	-5.401155468122619679e-02	6.856353728762155930e-02	-7.378499753260939209e-02	5.295932576824773780e-02	-5.024231302321886805e-02	5.020150130499883429e-02	-5.575967292948627585e-02	8.551461744192044578e-02	-3.422539382808591907e-02	4.908738364462156278e-02	-3.247479435375431184e-02	3.274006748914709553e-02	-2.320047576169963557e-02	4.355355297537754494e-02	-3.263473164699981499e-02	3.218234384814280813e-02	-2.833791179171965199e-02	2.627626689610227523e-02
7.389950634464280410e-02	-8.013053146044916974e-02	1.186184851358623310e-01	-1.002373917331881026e-01	5.688726212854949837e-02	-1.259366268986522042e-01	1.202559548477067364e-01	-1.882560459573940914e-01	1.167244453734377491e-01	-5.376038769474888318e-02	1.000000000000000666e+00	-6.651741342398349577e-01	2.488045225664524407e-01	-1.518698335266568389e-01	1.532987198223529635e-01	-5.344541412895181809e-01	1.955182787934032496e-01	-1.633068503553456730e-01	1.349937651406047934e-01	-9.949988518559037265e-02	2.340090514218921003e-01	-1.845707381765466226e-01	1.237819273048618579e-01	-1.249619596055742687e-01	1.071742998511256983e-01	-1.428100696015169591e-01	1.554543891800042599e-01	-1.109718186738166273e-01	1.110896361079576899e-01	-1.472949905672878423e-01	9.047952396351559290e-02	-1.281805137527196325e-01	7.645464038010175989e-02	-7.250514977137301198e-02	4.301922090048852787e-02	-1.072047041127736910e-01	8.121270605559349764e-02	-7.495746735710558106e-02	6.269444425649867147e-02	-4.828753078518248365e-02
-8.532712413208491664e-02	9.253411486659139651e-02	-1.501864446371538597e-01	1.186030768423689125e-01	-6.879705079675789425e-02	1.290665136277040492e-01	-1.590579894345754974e-01	2.201935853104821372e-01	-1.458238259332668429e-01	6.370032208569834098e-02	-6.651741342398349577e-01	1.000000000000000666e+00	-4.998733087051099866e-01	1.705377525981509046e-01	-1.861181137093521898e-01	2.622274566462554635e-01	-2.167661503398129186e-01	1.660302352153512073e-01	-1.511176756823835177e-01	1.095715373087034067e-01	-2.206519914759189904e-01	1.557951777738834642e-01	-1.289792237548322562e-01	1.294917014963098412e-01	-1.188875973812763970e-01	1.264206532852889808e-01	-1.539470271357114839e-01	1.104401135928460148e-01	-1.154551812638535124e-01	1.465608663149932100e-01	-8.316010455787210820e-02	1.158122782873004658e-01	-7.326321601800096783e-02	6.975585404529198452e-02	-4.270652310193327750e-02	9.730561028048509420e-02	-7.588208891493641861e-02	7.055816261906897036e-02	-6.105540670202076747e-02	4.762517420397557877e-02
8.285001832779753661e-02	-9.489835702890692115e-02	2.035660504606472410e-01	-1.896290195498934184e-01	9.165680404184838037e-02	-1.190748754772772006e-01	1.281455005197160157e-01	-5.723683558892902479e-01	2.427476484923468680e-01	-8.900805763552016581e-02	2.488045225664524407e-01	-4.998733087051099866e-01	1.000000000000000444e+00	-3.167469933052874387e-01	2.262563381793095407e-01	-2.214763486191022313e-01	1.989276122670799452e-01	-2.182486053207152998e-01	1.742507473467631296e-01	-1.367147287962901803e-01	1.678215603188225602e-01	-1.550765309221845134e-01	1.439974118041805196e-01	-1.582134374118144005e-01	1.412716536973355475e-01	-1.509364710434110968e-01	1.487937616079685055e-01	-1.308110677270124533e-01	1.349371804565852317e-01	-1.915246964652136397e-01	9.627209505972299242e-02	-1.377955654999533930e-01	8.617282224731956375e-02	-8.430797181277582819e-02	5.407505056180728770e-02	-1.194962907786362438e-01	8.931876567218760554e-02	-8.527734515939806859e-02	7.271981762187186560e-02	-6.110732515358978378e-02
-7.390813975255026980e-02	8.010210900784801857e-02	-3.049194179224298251e-01	2.490409497631625446e-01	-1.458443571193877575e-01	8.131378983767803548e-02	-9.191849933101936543e-02	2.918177558049698250e-01	-5.702157989246523506e-01	1.361710899716553902e-01	-1.518698335266568389e-01	1.705377525981509046e-01	-3.167469933052874387e-01	1.000000000000000888e+00	-5.202659530102156094e-01	1.356217629446025696e-01	-1.627488529199062062e-01	1.542600599070994005e-01	-2.154449807379347215e-01	1.875106376952433984e-01	-1.252523478739817897e-01	1.152070481383321715e-01	-1.326446241547370730e-01	1.646423268810336127e-01	-1.859196552086840315e-01	1.161654492881083606e-01	-1.206692919688886478e-01	1.172167082527691973e-01	-1.320367329930449418e-01	1.831081454907424189e-01	-7.616029216986734685e-02	1.083230844805582321e-01	-7.320011867967925190e-02	7.325353931066075353e-02	-5.055275485999265184e-02	9.456897058399127420e-02	-7.248045918283270439e-02	7.128426126988221534e-02	-6.391972262359710277e-02	5.657339416023169504e-02
6.416762082595114935e-02	-7.216958302787757074e-02	1.988630020280182098e-01	-1.991600005805465312e-01	1.621428543357962826e-01	-7.995239046566779417e-02	8.470971238660980618e-02	-2.696145196487938489e-01	2.348136267070195793e-01	-1.946864774011092536e-01	1.532987198223529635e-01	-1.861181137093521898e-01	2.262563381793095407e-01	-5.202659530102156094e-01	1.000000000000000888e+00	-1.695480079906559190e-01	1.932678309568059138e-01	-2.054732903341557060e-01	2.603714365458815738e-01	-4.371336455799831322e-01	1.509325086997905796e-01	-1.550966174418989540e-01	1.814746753198544504e-01	-2.558046115455496206e-01	2.675261320559246814e-01	-1.763845678040876219e-01	1.603311752068794782e-01	-1.745110509537269039e-01	1.920927449531060760e-01	-3.194751942283284296e-01	1.134266686457436057e-01	-1.638389505648681355e-01	1.091765891014598172e-01	-1.119984888014570884e-01	8.332938247139519417e-02	-1.458825176232157739e-01	1.085291871312958067e-01	-1.089321034243811021e-01	9.630739858073239512e-02	-9.497151321626184917e-02
-5.525252106491877063e-02	5.828391061605180112e-02	-1.160107853755413670e-01	9.137207189759748160e-02	-5.889881339541434835e-02	7.781105336199103939e-02	-8.198519826222387674e-02	1.480673595979157542e-01	-1.070876793504470653e-01	5.434540981297057705e-02	-5.344541412895181809e-01	2.622274566462554635e-01	-2.214763486191022313e-01	1.356217629446025696e-01	-1.695480079906559190e-01	1.000000000000001110e+00	-3.285348291380048580e-01	1.983298569753716156e-01	-1.628150349530433361e-01	1.109986298221132955e-01	-5.803454447909593972e-01	2.522580872819710218e-01	-1.558841572821468568e-01	1.425220239974998304e-01	-1.223452043063240208e-01	1.598539835122911867e-01	-2.259725417301258199e-01	1.301882761342175732e-01	-1.298559575726619397e-01	1.556724703731258985e-01	-1.056049569207307970e-01	1.439421344758744503e-01	-8.752355906645714612e-02	8.089413869160416715e-02	-4.647268785673152464e-02	1.162715319053022195e-01	-9.252202470424902847e-02	8.325171636929661056e-02	-7.090245722339152956e-02	5.158048155148552139e-02
4.885758496668407558e-02	-5.389710697768118619e-02	1.182722045970973773e-01	-9.996676060174365663e-02	6.485775499953876089e-02	-6.630894459608906166e-02	6.928493653724825119e-02	-1.616614318595105682e-01	1.148902415320717241e-01	-6.165490385921866545e-02	1.955182787934032496e-01	-2.167661503398129186e-01	1.989276122670799452e-01	-1.627488529199062062e-01	1.932678309568059138e-01	-3.285348291380048580e-01	1.000000000000000666e+00	-7.104041999278448705e-01	2.557960955971577133e-01	-1.693877825215054089e-01	2.229673182055467440e-01	-2.636519665257875400e-01	2.317550558512590508e-01	-2.387665326279625744e-01	1.713672738671780105e-01	-1.826811244801417600e-01	2.017056555402749751e-01	-2.062318244955927971e-01	1.839737577431996562e-01	-2.421845328834713873e-01	1.173595079306251898e-01	-1.693826986424194769e-01	1.082798196378234323e-01	-1.067845190856230309e-01	6.745567616597437921e-02	-1.417081996509058639e-01	1.082792830989210836e-01	-1.054451149031588042e-01	9.134025904758517889e-02	-7.598866906184183201e-02
-4.355363418948416526e-02	4.743893743010207248e-02	-1.153542074130224498e-01	9.435407307316746872e-02	-6.461787961122698876e-02	5.635784450288639641e-02	-6.033400074611948438e-02	1.492950804914146001e-01	-1.117990221389573435e-01	6.068930377319030345e-02	-1.633068503553456730e-01	1.660302352153512073e-01	-2.182486053207152998e-01	1.542600599070994005e-01	-2.054732903341557060e-01	1.983298569753716156e-01	-7.104041999278448705e-01	9.999999999999991118e-01	-4.197394754096268055e-01	1.820233951232133052e-01	-1.809753953419337702e-01	1.830156537054470622e-01	-3.239625024961449995e-01	2.450076795129906837e-01	-1.885097030223133741e-01	1.410743172265728484e-01	-1.742512012242973807e-01	2.035883727353225148e-01	-1.921165508786986387e-01	2.144128382077662709e-01	-9.416561976694828862e-02	1.338723946183844882e-01	-9.441075737351604935e-02	9.396026638608095949e-02	-6.007390609658320307e-02	1.122554087551852486e-01	-8.894164417688010804e-02	8.911014303175768259e-02	-8.149788498765977995e-02	6.666047133048830231e-02
4.490165715169580629e-02	-4.962914337284787120e-02	1.263016932004468185e-01	-1.110309592948175161e-01	7.708650092837873724e-02	-5.709497260659354700e-02	6.044218343294705670e-02	-1.629487780058487822e-01	1.298001491295502630e-01	-7.575688158794710581e-02	1.349937651406047934e-01	-1.511176756823835177e-01	1.742507473467631296e-01	-2.154449807379347215e-01	2.603714365458815738e-01	-1.628150349530433361e-01	2.557960955971577133e-01	-4.197394754096268055e-01	9.999999999999995559e-01	-4.564105884213274233e-01	1.483511500748712075e-01	-1.593275850515857850e-01	2.457514719761667299e-01	-5.450091187407710702e-01	3.001645317693474868e-01	-1.552700424096665477e-01	1.587445994502681978e-01	-2.191130669012524845e-01	2.343799446714061596e-01	-3.127176372266539661e-01	1.023353377829186589e-01	-1.479826403143032487e-01	1.072557423350928435e-01	-1.131409909752625759e-01	8.116443369411553699e-02	-1.281042195264799066e-01	9.903204081735347830e-02	-1.038254210401814842e-01	9.654287839659339565e-02	-9.118714359549620618e-02
-3.588973520257099370e-02	3.950170639995435190e-02	-1.090748696082001618e-01	9.531596098607508782e-02	-7.944720848431628679e-02	4.416157088647219842e-02	-4.724661292301732957e-02	1.308637483194740880e-01	-1.140986280634287559e-01	7.878603678035213387e-02	-9.949988518559037265e-02	1.095715373087034067e-01	-1.367147287962901803e-01	1.875106376952433984e-01	-4.371336455799831322e-01	1.109986298221132955e-01	-1.693877825215054089e-01	1.820233951232133052e-01	-4.564105884213274233e-01	9.999999999999981126e-01	-1.050795066955339530e-01	1.077759399654243111e-01	-1.650829142107368974e-01	2.722209762740325778e-01	-6.773565521348887675e-01	1.083381750367973240e-01	-1.125403644195094727e-01	1.431909967139845530e-01	-1.729135836140310301e-01	2.432579413782808286e-01	-7.209376039050008345e-02	1.035261195305668541e-01	-7.667386150134113121e-02	8.059831710212789213e-02	-6.280641264040619232e-02	9.016299217957372825e-02	-7.035529024677615595e-02	7.371104686148385876e-02	-7.031111134074712055e-02	6.860131414106752923e-02
4.539826969641648502e-02	-4.961945299656005115e-02	1.000511547602335044e-01	-8.184892692529789626e-02	5.255343237873837114e-02	-6.395241873916722442e-02	6.586372929344443128e-02	-1.333482939762172803e-01	9.378788116620538629e-02	-4.905910614264161196e-02	2.340090514218921003e-01	-2.206519914759189904e-01	1.678215603188225602e-01	-1.252523478739817897e-01	1.509325086997905796e-01	-5.803454447909593972e-01	2.229673182055467440e-01	-1.809753953419337702e-01	1.483511500748712075e-01	-1.050795066955339530e-01	9.999999999999985567e-01	-5.770659769388777338e-01	1.649832936927254357e-01	-1.462911108775257485e-01	1.171121923900450279e-01	-2.362140020658699269e-01	2.724472417677999969e-01	-1.468642835512045386e-01	1.352362825170121130e-01	-1.655226443555767590e-01	1.415021680150990169e-01	-1.980397165685473804e-01	1.066333410257086084e-01	-9.681135347054348195e-02	5.082394613225384161e-02	-1.544134176637220190e-01	1.179518003439254392e-01	-1.038447009425576550e-01	8.337219021499545080e-02	-5.659842017730003921e-02
-3.919172509285070993e-02	4.212989125947961405e-02	-9.643311743014426618e-02	7.600709426573663829e-02	-5.210942133293956779e-02	5.156825592746136500e-02	-5.468885771099015608e-02	1.157450135245162298e-01	-8.762928116880941420e-02	4.801031235697374167e-02	-1.845707381765466226e-01	1.557951777738834642e-01	-1.550765309221845134e-01	1.152070481383321715e-01	-1.550966174418989540e-01	2.522580872819710218e-01	-2.636519665257875400e-01	1.830156537054470622e-01	-1.593275850515857850e-01	1.077759399654243111e-01	-5.770659769388777338e-01	9.999999999999997780e-01	-2.301175069319058020e-01	1.548017086298587586e-01	-1.230539410630693137e-01	2.101504692752389769e-01	-6.041448773028476049e-01	1.695706124585077412e-01	-1.499363672102833056e-01	1.631760366669925411e-01	-1.436539385622684628e-01	1.990813125170122488e-01	-1.118359129104775085e-01	9.739962695166341777e-02	-5.072741503318457801e-02	1.444157032192064927e-01	-1.211376017097321178e-01	1.030409415426000730e-01	-8.555631976881694634e-02	5.585681555757892464e-02
3.638405301025163935e-02	-3.973633507621766175e-02	9.821722222404834224e-02	-8.092402432031872705e-02	5.737222999282935720e-02	-4.645680471995647376e-02	4.927604236102125362e-02	-1.203401437726021456e-01	9.283083465196692585e-02	-5.401155468122619679e-02	1.237819273048618579e-01	-1.289792237548322562e-01	1.439974118041805196e-01	-1.326446241547370730e-01	1.814746753198544504e-01	-1.558841572821468568e-01	2.317550558512590508e-01	-3.239625024961449995e-01	2.457514719761667299e-01	-1.650829142107368974e-01	1.649832936927254357e-01	-2.301175069319058020e-01	1.000000000000001110e+00	-4.131264155338036925e-01	1.971739455961001863e-01	-1.556860836185139652e-01	1.932245897683685931e-01	-6.755200028428837156e-01	2.992075701678132416e-01	-2.980905482044838295e-01	1.056694522330957620e-01	-1.549651985838237378e-01	1.262662003321205761e-01	-1.297848705706839412e-01	7.957306287582609217e-02	-1.273794746963589075e-01	1.030598591474111425e-01	-1.162631163845248838e-01	1.076238262890195224e-01	-8.866722109946487129e-02
-4.013332414567448436e-02	4.367765344337112832e-02	-1.161318503614149483e-01	9.549431057326017436e-02	-7.262588402000916266e-02	4.964337316792924448e-02	-5.321146100332110190e-02	1.348004898200514667e-01	-1.115633444188005446e-01	6.856353728762155930e-02	-1.249619596055742687e-01	1.294917014963098412e-01	-1.582134374118144005e-01	1.646423268810336127e-01	-2.558046115455496206e-01	1.425220239974998304e-01	-2.387665326279625744e-01	2.450076795129906837e-01	-5.450091187407710702e-01	2.722209762740325778e-01	-1.462911108775257485e-01	1.548017086298587586e-01	-4.131264155338036925e-01	1.000000000000003331e+00	-4.329790778098957515e-01	1.381971051537987105e-01	-1.631241729175665622e-01	2.664364365433347648e-01	-4.025062182998872529e-01	2.939343057633810319e-01	-9.534648613903870529e-02	1.366785353315783658e-01	-1.150898649598729728e-01	1.244576159217601619e-01	-8.078871550195985962e-02	1.160527583602708607e-01	-9.497794127817499321e-02	1.049655296082671746e-01	-1.081996628105282021e-01	8.726312393973791048e-02
3.803951074452654318e-02	-4.199455425723196828e-02	1.109211131304660147e-01	-9.828187900887906669e-02	7.341863400878334556e-02	-4.741555459617126378e-02	5.038454151220508187e-02	-1.378163707616460454e-01	1.125067875319186866e-01	-7.378499753260939209e-02	1.071742998511256983e-01	-1.188875973812763970e-01	1.412716536973355475e-01	-1.859196552086840315e-01	2.675261320559246814e-01	-1.223452043063240208e-01	1.713672738671780105e-01	-1.885097030223133741e-01	3.001645317693474868e-01	-6.773565521348887675e-01	1.171121923900450279e-01	-1.230539410630693137e-01	1.971739455961001863e-01	-4.329790778098957515e-01	1.000000000000000444e+00	-1.271051803669040747e-01	1.294724948376183293e-01	-1.831257291989086544e-01	2.206810197588707501e-01	-3.983013545436294711e-01	8.493925976205929373e-02	-1.225661833355425889e-01	9.363698764335018354e-02	-1.012987963865996377e-01	8.778973347912473468e-02	-1.070909504111957622e-01	8.380869920291982023e-02	-9.046068391909348194e-02	8.779622574929632495e-02	-9.689106869411451273e-02
-3.819085238902501095e-02	4.061117835644025009e-02	-1.058734430177530605e-01	7.947894723266848982e-02	-5.879073736627210556e-02	4.690246544242046567e-02	-5.073422076732563707e-02	1.115084586917210047e-01	-9.093474893753450417e-02	5.295932576824773780e-02	-1.428100696015169591e-01	1.264206532852889808e-01	-1.509364710434110968e-01	1.161654492881083606e-01	-1.763845678040876219e-01	1.598539835122911867e-01	-1.826811244801417600e-01	1.410743172265728484e-01	-1.552700424096665477e-01	1.083381750367973240e-01	-2.362140020658699269e-01	2.101504692752389769e-01	-1.556860836185139652e-01	1.381971051537987105e-01	-1.271051803669040747e-01	9.999999999999996669e-01	-4.021857110554112325e-01	1.372073130213861958e-01	-1.498144934168288145e-01	1.556336795623005087e-01	-6.959621591745661640e-01	3.016279983502207496e-01	-1.712147853112118423e-01	1.262226734863533539e-01	-5.684313665355544831e-02	2.438359575204604168e-01	-2.352550103965792283e-01	1.466682463852670426e-01	-1.208641308056462582e-01	6.089457782669347591e-02
3.945761065876151469e-02	-4.287503855241426437e-02	9.888808396813514312e-02	-7.912160953238674133e-02	5.430104718758720778e-02	-5.178745918804084775e-02	5.444662123871291115e-02	-1.197546817318865808e-01	8.992513557650486100e-02	-5.024231302321886805e-02	1.554543891800042599e-01	-1.539470271357114839e-01	1.487937616079685055e-01	-1.206692919688886478e-01	1.603311752068794782e-01	-2.259725417301258199e-01	2.017056555402749751e-01	-1.742512012242973807e-01	1.587445994502681978e-01	-1.125403644195094727e-01	2.724472417677999969e-01	-6.041448773028476049e-01	1.932245897683685931e-01	-1.631241729175665622e-01	1.294724948376183293e-01	-4.021857110554112325e-01	9.999999999999995559e-01	-2.009296162659265361e-01	1.666813294446568006e-01	-1.876781396572174132e-01	2.367305656602033126e-01	-4.023399283653294467e-01	1.654069946150415471e-01	-1.397655331214215924e-01	6.238324589068620918e-02	-2.396581452414580093e-01	1.898595133242211574e-01	-1.579307827855201407e-01	1.194477994907529317e-01	-6.878341806150647941e-02
-3.280102811289246217e-02	3.550091430497099437e-02	-9.157596727265762682e-02	7.316960899628222048e-02	-5.415713267485680604e-02	4.092861633348646166e-02	-4.383538785264496501e-02	1.051936152589956486e-01	-8.432492688993799279e-02	5.020150130499883429e-02	-1.109718186738166273e-01	1.104401135928460148e-01	-1.308110677270124533e-01	1.172167082527691973e-01	-1.745110509537269039e-01	1.301882761342175732e-01	-2.062318244955927971e-01	2.035883727353225148e-01	-2.191130669012524845e-01	1.431909967139845530e-01	-1.468642835512045386e-01	1.695706124585077412e-01	-6.755200028428837156e-01	2.664364365433347648e-01	-1.831257291989086544e-01	1.372073130213861958e-01	-2.009296162659265361e-01	1.000000000000001776e+00	-5.476850495668502683e-01	2.609496885246944675e-01	-9.843446210047918088e-02	1.433409212341721362e-01	-1.495899619991098994e-01	1.430390690298819767e-01	-7.587155968569893327e-02	1.158663089000228907e-01	-9.967082688016107306e-02	1.203768893471851564e-01	-1.214720912126708574e-01	8.109089407916152126e-02
3.512901537965576471e-02	-3.822842488700785302e-02	9.899391271978974505e-02	-8.061218201223027680e-02	5.956248256153345855e-02	-4.377082529869758681e-02	4.670137251284153801e-02	-1.151729088034502274e-01	9.213440358093968885e-02	-5.575967292948627585e-02	1.110896361079576899e-01	-1.154551812638535124e-01	1.349371804565852317e-01	-1.320367329930449418e-01	1.920927449531060760e-01	-1.298559575726619397e-01	1.839737577431996562e-01	-1.921165508786986387e-01	2.343799446714061596e-01	-1.729135836140310301e-01	1.352362825170121130e-01	-1.499363672102833056e-01	2.992075701678132416e-01	-4.025062182998872529e-01	2.206810197588707501e-01	-1.498144934168288145e-01	1.666813294446568006e-01	-5.476850495668502683e-01	9.999999999999991118e-01	-5.414103887085167655e-01	1.065494412372760963e-01	-1.583492149586265274e-01	1.598489795753683940e-01	-2.348886701298519841e-01	1.202381342137281012e-01	-1.327522495645495071e-01	1.116291167562946524e-01	-1.457583164793268826e-01	1.616078522021720809e-01	-1.316511867835746807e-01
-4.920074636801445578e-02	5.281317727765739295e-02	-1.493974125396844432e-01	1.155530467759267738e-01	-9.395756273466948638e-02	5.857256910832624175e-02	-6.358163928443011370e-02	1.552551434681919140e-01	-1.333898957623779191e-01	8.551461744192044578e-02	-1.472949905672878423e-01	1.465608663149932100e-01	-1.915246964652136397e-01	1.831081454907424189e-01	-3.194751942283284296e-01	1.556724703731258985e-01	-2.421845328834713873e-01	2.144128382077662709e-01	-3.127176372266539661e-01	2.432579413782808286e-01	-1.655226443555767590e-01	1.631760366669925411e-01	-2.980905482044838295e-01	2.939343057633810319e-01	-3.983013545436294711e-01	1.556336795623005087e-01	-1.876781396572174132e-01	2.609496885246944675e-01	-5.414103887085167655e-01	1.000000000000000888e+00	-1.119682010591663418e-01	1.586184607481125330e-01	-1.497397539861853588e-01	1.671020409857696398e-01	-2.357907906451587599e-01	1.358529852966941509e-01	-1.170277004462059317e-01	1.353975166345761649e-01	-1.581509093962941148e-01	1.850192121177043070e-01
2.467429502690595203e-02	-2.636631391305313196e-02	6.775373898321354615e-02	-5.153211090886655743e-02	3.779514787510777213e-02	-3.056739221670924309e-02	3.289211373708608721e-02	-7.297872742692029790e-02	5.879628377016483248e-02	-3.422539382808591907e-02	9.047952396351559290e-02	-8.316010455787210820e-02	9.627209505972299242e-02	-7.616029216986734685e-02	1.134266686457436057e-01	-1.056049569207307970e-01	1.173595079306251898e-01	-9.416561976694828862e-02	1.023353377829186589e-01	-7.209376039050008345e-02	1.415021680150990169e-01	-1.436539385622684628e-01	1.056694522330957620e-01	-9.534648613903870529e-02	8.493925976205929373e-02	-6.959621591745661640e-01	2.367305656602033126e-01	-9.843446210047918088e-02	1.065494412372760963e-01	-1.119682010591663418e-01	1.000000000000001554e+00	-5.051703603040952339e-01	1.674562190235855119e-01	-1.202129842439949858e-01	4.472076266350749618e-02	-3.700094491425263143e-01	2.489942053704328750e-01	-1.522801743351434867e-01	1.096132702801551895e-01	-4.806716986003365527e-02
-3.500307007731365272e-02	3.730926887356748878e-02	-9.718454510478514996e-02	7.346388261702985201e-02	-5.432902155200601546e-02	4.304398350366537424e-02	-4.648396020265685435e-02	1.032487908373545399e-01	-8.398692245725548899e-02	4.908738364462156278e-02	-1.281805137527196325e-01	1.158122782873004658e-01	-1.377955654999533930e-01	1.083230844805582321e-01	-1.638389505648681355e-01	1.439421344758744503e-01	-1.693826986424194769e-01	1.338723946183844882e-01	-1.479826403143032487e-01	1.035261195305668541e-01	-1.980397165685473804e-01	1.990813125170122488e-01	-1.549651985838237378e-01	1.366785353315783658e-01	-1.225661833355425889e-01	3.016279983502207496e-01	-4.023399283653294467e-01	1.433409212341721362e-01	-1.583492149586265274e-01	1.586184607481125330e-01	-5.051703603040952339e-01	1.000000000000000444e+00	-3.596067580616947867e-01	1.844369323929477000e-01	-6.602802471114620209e-02	2.970158955011596991e-01	-4.291367801146916405e-01	2.323420320137757344e-01	-1.745446721275872581e-01	7.014331947217114505e-02
2.222186813152700335e-02	-2.386765443136081716e-02	6.201673042359182736e-02	-4.805448200812342113e-02	3.555166320179306561e-02	-2.744127163433323496e-02	2.948642167681567172e-02	-6.785831829622453182e-02	5.479170308235271902e-02	-3.247479435375431184e-02	7.645464038010175989e-02	-7.326321601800096783e-02	8.617282224731956375e-02	-7.320011867967925190e-02	1.091765891014598172e-01	-8.752355906645714612e-02	1.082798196378234323e-01	-9.441075737351604935e-02	1.072557423350928435e-01	-7.667386150134113121e-02	1.066333410257086084e-01	-1.118359129104775085e-01	1.262662003321205761e-01	-1.150898649598729728e-01	9.363698764335018354e-02	-1.712147853112118423e-01	1.654069946150415471e-01	-1.495899619991098994e-01	1.598489795753683940e-01	-1.497397539861853588e-01	1.674562190235855119e-01	-3.596067580616947867e-01	1.000000000000001554e+00	-4.972357545344742169e-01	8.326069835581342837e-02	-2.151458718622221711e-01	2.222929929623485568e-01	-6.598758954751613448e-01	3.076079357463212816e-01	-8.971575703395776036e-02
-2.167160038325150612e-02	2.326556305083097437e-02	-6.156317885066111412e-02	4.768489023062918997e-02	-3.584662229997416516e-02	2.654009601193654810e-02	-2.859313646888876626e-02	6.666668431683864249e-02	-5.448688395856332578e-02	3.274006748914709553e-02	-7.250514977137301198e-02	6.975585404529198452e-02	-8.430797181277582819e-02	7.325353931066075353e-02	-1.119984888014570884e-01	8.089413869160416715e-02	-1.067845190856230309e-01	9.396026638608095949e-02	-1.131409909752625759e-01	8.059831710212789213e-02	-9.681135347054348195e-02	9.739962695166341777e-02	-1.297848705706839412e-01	1.244576159217601619e-01	-1.012987963865996377e-01	1.262226734863533539e-01	-1.397655331214215924e-01	1.430390690298819767e-01	-2.348886701298519841e-01	1.671020409857696398e-01	-1.202129842439949858e-01	1.844369323929477000e-01	-4.972357545344742169e-01	1.000000000000000888e+00	-1.297696773210819665e-01	1.468729987850282970e-01	-1.613420760352062278e-01	3.118999343111433786e-01	-7.219817027225392536e-01	1.271996541453264962e-01
1.399142466911860831e-02	-1.503570542416271527e-02	4.149626302487713359e-02	-3.221999300804344324e-02	2.542273918947744044e-02	-1.682876498134792606e-02	1.820095199634774036e-02	-4.388497005203640527e-02	3.694117717949436247e-02	-2.320047576169963557e-02	4.301922090048852787e-02	-4.270652310193327750e-02	5.407505056180728770e-02	-5.055275485999265184e-02	8.332938247139519417e-02	-4.647268785673152464e-02	6.745567616597437921e-02	-6.007390609658320307e-02	8.116443369411553699e-02	-6.280641264040619232e-02	5.082394613225384161e-02	-5.072741503318457801e-02	7.957306287582609217e-02	-8.078871550195985962e-02	8.778973347912473468e-02	-5.684313665355544831e-02	6.238324589068620918e-02	-7.587155968569893327e-02	1.202381342137281012e-01	-2.357907906451587599e-01	4.472076266350749618e-02	-6.602802471114620209e-02	8.326069835581342837e-02	-1.297696773210819665e-01	1.000000000000001776e+00	-5.907525131129109236e-02	5.441355978927445158e-02	-9.419308908539210379e-02	1.320860110746951421e-01	-9.375156206076582510e-01
-3.040735698288636948e-02	3.234455679186003241e-02	-8.608706930547244118e-02	6.455416926435417202e-02	-4.839613474474462745e-02	3.693703822925668845e-02	-4.003332795247398213e-02	8.941658201398183792e-02	-7.368092030367824619e-02	4.355355297537754494e-02	-1.072047041127736910e-01	9.730561028048509420e-02	-1.194962907786362438e-01	9.456897058399127420e-02	-1.458825176232157739e-01	1.162715319053022195e-01	-1.417081996509058639e-01	1.122554087551852486e-01	-1.281042195264799066e-01	9.016299217957372825e-02	-1.544134176637220190e-01	1.444157032192064927e-01	-1.273794746963589075e-01	1.160527583602708607e-01	-1.070909504111957622e-01	2.438359575204604168e-01	-2.396581452414580093e-01	1.158663089000228907e-01	-1.327522495645495071e-01	1.358529852966941509e-01	-3.700094491425263143e-01	2.970158955011596991e-01	-2.151458718622221711e-01	1.468729987850282970e-01	-5.907525131129109236e-02	1.000000000000000888e+00	-7.599634963688798317e-01	2.080826519100439642e-01	-1.611474559818852903e-01	6.227083357947120479e-02
2.298406981496622578e-02	-2.458555456795275679e-02	6.387658935084086775e-02	-4.874489072209718665e-02	3.598893696449018131e-02	-2.831476854518233388e-02	3.048899304561680443e-02	-6.859101412754890770e-02	5.551779499454829320e-02	-3.263473164699981499e-02	8.121270605559349764e-02	-7.588208891493641861e-02	8.931876567218760554e-02	-7.248045918283270439e-02	1.085291871312958067e-01	-9.252202470424902847e-02	1.082792830989210836e-01	-8.894164417688010804e-02	9.903204081735347830e-02	-7.035529024677615595e-02	1.179518003439254392e-01	-1.211376017097321178e-01	1.030598591474111425e-01	-9.497794127817499321e-02	8.380869920291982023e-02	-2.352550103965792283e-01	1.898595133242211574e-01	-9.967082688016107306e-02	1.116291167562946524e-01	-1.170277004462059317e-01	2.489942053704328750e-01	-4.291367801146916405e-01	2.222929929623485568e-01	-1.613420760352062278e-01	5.441355978927445158e-02	-7.599634963688798317e-01	1.000000000000001332e+00	-3.099784818693789301e-01	1.628283934582989978e-01	-5.852412570757501570e-02
-2.185640288084966798e-02	2.338758428321596403e-02	-6.179852845825335728e-02	4.729926486540173003e-02	-3.543294573430486039e-02	2.673153508550901031e-02	-2.884611306432268568e-02	6.602925770251485971e-02	-5.399923321492576533e-02	3.218234384814280813e-02	-7.495746735710558106e-02	7.055816261906897036e-02	-8.527734515939806859e-02	7.128426126988221534e-02	-1.089321034243811021e-01	8.325171636929661056e-02	-1.054451149031588042e-01	8.911014303175768259e-02	-1.038254210401814842e-01	7.371104686148385876e-02	-1.038447009425576550e-01	1.030409415426000730e-01	-1.162631163845248838e-01	1.049655296082671746e-01	-9.046068391909348194e-02	1.466682463852670426e-01	-1.579307827855201407e-01	1.203768893471851564e-01	-1.457583164793268826e-01	1.353975166345761649e-01	-1.522801743351434867e-01	2.323420320137757344e-01	-6.598758954751613448e-01	3.118999343111433786e-01	-9.419308908539210379e-02	2.080826519100439642e-01	-3.099784818693789301e-01	1.000000000000001110e+00	-5.322986411634984538e-01	9.693550142757872967e-02
1.881801987833335230e-02	-2.024497022193502693e-02	5.313350946406517061e-02	-4.142841450141501042e-02	3.093632965213979555e-02	-2.314743549683585810e-02	2.487860590228921365e-02	-5.820098229539508866e-02	4.724168641546817871e-02	-2.833791179171965199e-02	6.269444425649867147e-02	-6.105540670202076747e-02	7.271981762187186560e-02	-6.391972262359710277e-02	9.630739858073239512e-02	-7.090245722339152956e-02	9.134025904758517889e-02	-8.149788498765977995e-02	9.654287839659339565e-02	-7.031111134074712055e-02	8.337219021499545080e-02	-8.555631976881694634e-02	1.076238262890195224e-01	-1.081996628105282021e-01	8.779622574929632495e-02	-1.208641308056462582e-01	1.194477994907529317e-01	-1.214720912126708574e-01	1.616078522021720809e-01	-1.581509093962941148e-01	1.096132702801551895e-01	-1.745446721275872581e-01	3.076079357463212816e-01	-7.219817027225392536e-01	1.320860110746951421e-01	-1.611474559818852903e-01	1.628283934582989978e-01	-5.322986411634984538e-01	1.000000000000000888e+00	-1.633345706688998367e-01
