1.000000000000000000e+00	-9.141406210512499353e-01	1.205773092158514831e-01	-1.239937075823324131e-01	1.375697779000296106e-01	-2.809449679073684480e-01	1.699059560353099463e-01	-1.427669115211157580e-01	8.228940065182682728e-02	-8.767491255110779202e-02	1.097946803429172141e-01	-9.813774789178823788e-02	1.049423312394270474e-01	-6.989582580393660649e-02	6.684806786611655061e-02	-7.980616842480935114e-02	8.761071251089716516e-02	-7.964114643132655380e-02	7.176988429665889790e-02	-7.700180267675071910e-02	8.526080945536404498e-02	-6.427926177613041414e-02	6.954000014070907398e-02	-6.324719677621078173e-02	5.884254521182798875e-02	-4.842602432245834976e-02	4.777955037546272044e-02	-5.008077748101535942e-02	5.486992791601760788e-02	-5.498133424795995094e-02	3.885195761628974093e-02	-6.626251971778684968e-02	4.505171300077799590e-02	-5.823022972652378004e-02	5.059477809457706837e-02	-3.511099171745039188e-02	4.035948137263233731e-02	-4.796686272115752853e-02	2.674760854077068428e-02	-2.661749083097350588e-02
-9.141406210512499353e-01	9.999999999999998890e-01	-1.484491684200608952e-01	1.242973798719775175e-01	-1.567854091680516704e-01	2.128166443182234469e-01	-2.083170144147361291e-01	1.456116100660309887e-01	-8.807588705470398294e-02	9.100845547888668230e-02	-1.147993244191788803e-01	1.012636938533470199e-01	-1.137954879115331275e-01	7.323089410519455222e-02	-7.138675228656181371e-02	8.263113531767972419e-02	-9.510589731972469985e-02	8.425641197061033150e-02	-7.702035354102301778e-02	8.103473125930360510e-02	-9.251559046019117161e-02	6.876869588826395319e-02	-7.485069662343810104e-02	6.730549197424315344e-02	-6.298767345884594138e-02	5.148100045331848590e-02	-5.107718793727312329e-02	5.335346575995824486e-02	-5.883970434596318827e-02	5.821643672777771644e-02	-4.158601908490602156e-02	7.007194744805993192e-02	-4.797413575145769576e-02	6.167640226393212438e-02	-5.419168532829656687e-02	3.734818626137619696e-02	-4.311735144841983419e-02	5.087330521291077989e-02	-2.853560319330810530e-02	2.830570217532132546e-02
1.205773092158514831e-01	-1.484491684200608952e-01	9.999999999999995559e-01	-9.290493616503034957e-01	1.384227098138144374e-01	-1.220535903577960046e-01	1.379991757436395683e-01	-1.941239970479241295e-01	1.615530183499433170e-01	-1.497304534713031487e-01	7.521117435652184546e-02	-8.012405465147762196e-02	9.864491576287093277e-02	-1.137265654491467076e-01	9.560571478204435425e-02	-6.109605583829538084e-02	7.114483346482851356e-02	-7.649495448024236366e-02	7.509626397043114854e-02	-8.647658588887963127e-02	6.699651823243339688e-02	-5.477961661553394646e-02	6.399834231266242346e-02	-6.235886186129997732e-02	5.979696202924073695e-02	-4.544565792937257237e-02	4.455928189200542011e-02	-4.776028032668654111e-02	5.224445439990189205e-02	-5.562823377239529271e-02	3.629297155849062206e-02	-6.439581146031253533e-02	4.333498176688298925e-02	-5.738843405249109686e-02	4.943015516232217299e-02	-3.345435344549475137e-02	3.823046234627701379e-02	-4.650718175826176748e-02	2.605840976165806414e-02	-2.615442813116200874e-02
-1.239937075823324131e-01	1.242973798719775175e-01	-9.290493616503034957e-01	9.999999999999990008e-01	-1.561581663896560723e-01	1.179236162087710788e-01	-1.415950375803783634e-01	1.630491467660409866e-01	-1.978996312022893167e-01	1.440813083058310462e-01	-7.663163296267648528e-02	7.988012035487584983e-02	-1.012577157179099241e-01	1.130809657569787074e-01	-9.986212824663104337e-02	6.175091752709228887e-02	-7.306201648603165288e-02	7.686307302879237524e-02	-7.691213875834258806e-02	8.627036621522780890e-02	-6.880086490365365515e-02	5.574281155666105381e-02	-6.530843876737059406e-02	6.301237173006953018e-02	-6.082938911868824433e-02	4.588651268430033597e-02	-4.517107652230675091e-02	4.829770457589240007e-02	-5.312249004300877153e-02	5.591195332018203401e-02	-3.680469165038790375e-02	6.473146027938667113e-02	-4.378907567206988954e-02	5.773999293806263144e-02	-5.020281697896256112e-02	3.377261096609830010e-02	-3.871225623563358254e-02	4.684287196319229102e-02	-2.637006785914960960e-02	2.639752694060054639e-02
1.375697779000296106e-01	-1.567854091680516704e-01	1.384227098138144374e-01	-1.561581663896560723e-01	9.999999999999984457e-01	-4.082590602046034522e-01	2.356220430822039968e-01	-2.849279836554227674e-01	2.296595985599572121e-01	-3.706655325670143997e-01	2.130530184461865706e-01	-2.165243154162298234e-01	2.387780537362459710e-01	-2.234745612767060630e-01	2.234671204801712552e-01	-1.995923695350863281e-01	2.274914387452686981e-01	-2.649153073635273636e-01	2.439123637854215543e-01	-3.275401301310579272e-01	2.155367056573337659e-01	-1.920039209327060459e-01	2.253209028726416707e-01	-2.399108455589778754e-01	2.284867500120423001e-01	-2.103627859148121115e-01	1.958585413071941839e-01	-2.064998786381756213e-01	2.123435712772171191e-01	-2.532052994298077397e-01	1.640170576311935080e-01	-3.312128548024302344e-01	2.028667890875690549e-01	-2.852522049144849414e-01	2.125765307627206502e-01	-1.610735883678379998e-01	1.775656313487796456e-01	-2.298332641155270695e-01	1.202019040697545477e-01	-1.245527535848613143e-01
-2.809449679073684480e-01	2.128166443182234469e-01	-1.220535903577960046e-01	1.179236162087710788e-01	-4.082590602046034522e-01	9.999999999999986677e-01	-4.371337112594388397e-01	2.730202536834167582e-01	-1.742735353369223583e-01	1.864345474120959745e-01	-4.440906315311896058e-01	2.704003428483551796e-01	-3.073217316717640202e-01	1.570280374831770909e-01	-1.600285422873046759e-01	2.469698587116706534e-01	-2.806868102546623556e-01	2.193899933622102949e-01	-1.966462860701998494e-01	1.964800923426496260e-01	-2.803439480278748230e-01	1.942649145125896482e-01	-2.025482238281243186e-01	1.739382429193988555e-01	-1.606144622764101582e-01	1.348771618959189456e-01	-1.349417162999247410e-01	1.390573141596366524e-01	-1.543332319364747740e-01	1.463146669081360762e-01	-1.093469122388838893e-01	1.783024505686428007e-01	-1.237474630736954823e-01	1.561468353386096519e-01	-1.393893518997938175e-01	9.660851021022959229e-02	-1.121914420693247566e-01	1.300258422250783752e-01	-7.312449668303262762e-02	7.202086335127584615e-02
1.699059560353099463e-01	-2.083170144147361291e-01	1.379991757436395683e-01	-1.415950375803783634e-01	2.356220430822039968e-01	-4.371337112594388397e-01	9.999999999999991118e-01	-7.151155234073323097e-01	1.956658300336947542e-01	-2.043275287244577521e-01	2.132300872935467551e-01	-2.997480732924054370e-01	2.551794603667707495e-01	-1.637539750269247363e-01	1.465357642934578541e-01	-1.591569380103092513e-01	1.663193270567414617e-01	-1.715423838038320770e-01	1.472017599240510732e-01	-1.599109151471103385e-01	1.583361339078613872e-01	-1.255552719057003164e-01	1.383088076251521303e-01	-1.273509692469502741e-01	1.168760704877833123e-01	-9.393005557560331342e-02	9.227056944194890475e-02	-9.834870558135778984e-02	1.070773909093783033e-01	-1.089907632529343723e-01	7.439310873964076476e-02	-1.287263098001045214e-01	8.740561000611878073e-02	-1.135759510955796220e-01	9.811704692921845161e-02	-6.778445631912935476e-02	7.751359450129474693e-02	-9.315831156363764409e-02	5.180767829291321042e-02	-5.174353777573409419e-02
-1.427669115211157580e-01	1.456116100660309887e-01	-1.941239970479241295e-01	1.630491467660409866e-01	-2.849279836554227674e-01	2.730202536834167582e-01	-7.151155234073323097e-01	9.999999999999982236e-01	-3.081326685294633605e-01	2.209582008044129464e-01	-2.030261899281182725e-01	2.334973036419132897e-01	-3.460746504398475309e-01	1.882169766292819124e-01	-1.775798871360109166e-01	1.515339279076187151e-01	-1.763172087972387503e-01	1.817459131355276536e-01	-1.654952546935837543e-01	1.691356961458200525e-01	-1.655631621585927915e-01	1.302332411258186051e-01	-1.507105660182238016e-01	1.354277054720234574e-01	-1.269278947084697406e-01	9.736040499056314301e-02	-9.700305494855461508e-02	1.034652194376828593e-01	-1.147254834031181392e-01	1.140357709772738259e-01	-7.821190143796606653e-02	1.325758777198764171e-01	-9.161223359163880864e-02	1.179768806690105060e-01	-1.048913820388370777e-01	7.050335358082401860e-02	-8.138797296489612421e-02	9.666465043184960249e-02	-5.468522077762877354e-02	5.426705071035951844e-02
8.228940065182682728e-02	-8.807588705470398294e-02	1.615530183499433170e-01	-1.978996312022893167e-01	2.296595985599572121e-01	-1.742735353369223583e-01	1.956658300336947542e-01	-3.081326685294633605e-01	9.999999999999992228e-01	-6.494956943011465089e-01	1.191367372028828558e-01	-1.357644319604330574e-01	1.751969366213911861e-01	-5.347008172697914619e-01	3.018835592509770405e-01	-1.013759269346910380e-01	1.214690051004084087e-01	-1.454920529955912034e-01	1.626429739310378542e-01	-1.948969191465637907e-01	1.120797471064321343e-01	-9.575019233129665464e-02	1.177489601992126600e-01	-1.215803124515219130e-01	1.198249717073904264e-01	-7.968749801358468443e-02	7.882402226439517989e-02	-8.655024768195485052e-02	9.617914295806342939e-02	-1.050170232984481422e-01	6.367372494298631502e-02	-1.121986150440827806e-01	7.716863707673279893e-02	-1.024515007368159286e-01	9.164746633664019870e-02	-5.856108059954959894e-02	6.728725778284300185e-02	-8.195223626218892110e-02	4.715345421000241566e-02	-4.722816326045733981e-02
-8.767491255110779202e-02	9.100845547888668230e-02	-1.497304534713031487e-01	1.440813083058310462e-01	-3.706655325670143997e-01	1.864345474120959745e-01	-2.043275287244577521e-01	2.209582008044129464e-01	-6.494956943011465089e-01	9.999999999999984457e-01	-1.341136185652474500e-01	1.418626880713369232e-01	-1.878168922330185620e-01	3.145607449498105113e-01	-4.816907659764277927e-01	1.150217219030814919e-01	-1.432472617454553510e-01	1.603063194798471924e-01	-1.908742776075186554e-01	2.203673078023605236e-01	-1.320761219478032156e-01	1.115024557142655359e-01	-1.387788332070819808e-01	1.403534275842502899e-01	-1.479976972192937612e-01	9.455306377650800342e-02	-9.419889152212564121e-02	1.023494219353960760e-01	-1.154378978116635673e-01	1.242810496854397789e-01	-7.657420308336622405e-02	1.333235373984110739e-01	-9.239525358736366822e-02	1.221684606718184268e-01	-1.124292767146415212e-01	6.996971012141188495e-02	-8.096127225463350952e-02	9.764609539555610396e-02	-5.716015278181593717e-02	5.689800930840871462e-02
1.097946803429172141e-01	-1.147993244191788803e-01	7.521117435652184546e-02	-7.663163296267648528e-02	2.130530184461865706e-01	-4.440906315311896058e-01	2.132300872935467551e-01	-2.030261899281182725e-01	1.191367372028828558e-01	-1.341136185652474500e-01	9.999999999999998890e-01	-5.406680126139975506e-01	2.730679861630770922e-01	-1.213079604080262858e-01	1.162134210242361798e-01	-5.330562115253537625e-01	2.464973238470314076e-01	-2.071391501665736934e-01	1.548476865837490057e-01	-1.619723663838657790e-01	2.544400956622788756e-01	-1.889143701082615923e-01	1.667111572045245904e-01	-1.460660162455567623e-01	1.244211956761851479e-01	-1.142932435037136707e-01	1.098276353011222589e-01	-1.150475965479940410e-01	1.217731435843597970e-01	-1.186262541452706848e-01	8.634303567577603089e-02	-1.478437782494630981e-01	9.929393925917698316e-02	-1.266268961977286278e-01	1.064181142518236395e-01	-7.844649470616593678e-02	8.831372073239598941e-02	-1.059733092029914170e-01	5.699765635519121743e-02	-5.694877406344493048e-02
-9.813774789178823788e-02	1.012636938533470199e-01	-8.012405465147762196e-02	7.988012035487584983e-02	-2.165243154162298234e-01	2.704003428483551796e-01	-2.997480732924054370e-01	2.334973036419132897e-01	-1.357644319604330574e-01	1.418626880713369232e-01	-5.406680126139975506e-01	9.999999999999986677e-01	-6.316852612481796969e-01	1.394120802734339637e-01	-1.318226297512629097e-01	2.388705903749004933e-01	-2.397640668513197904e-01	2.228030288887937749e-01	-1.691992082718724311e-01	1.606567945883437543e-01	-2.215263035898082378e-01	1.647508294894345915e-01	-1.741266425755996772e-01	1.439444495896206599e-01	-1.249444554663935170e-01	1.036171688002496399e-01	-1.029247587406716541e-01	1.096205624350535396e-01	-1.196165294315940653e-01	1.130506681654206841e-01	-8.069051857710272946e-02	1.350509122326056244e-01	-9.354908695411244535e-02	1.181006097299115432e-01	-1.032322319056936805e-01	7.232617258301052288e-02	-8.278455758224764760e-02	9.817370398128907882e-02	-5.424954070479817703e-02	5.380074564506518581e-02
1.049423312394270474e-01	-1.137954879115331275e-01	9.864491576287093277e-02	-1.012577157179099241e-01	2.387780537362459710e-01	-3.073217316717640202e-01	2.551794603667707495e-01	-3.460746504398475309e-01	1.751969366213911861e-01	-1.878168922330185620e-01	2.730679861630770922e-01	-6.316852612481796969e-01	9.999999999999980016e-01	-2.129128634612507953e-01	1.712609203721708606e-01	-2.232252239448631326e-01	2.224441508357059283e-01	-3.951552701774311838e-01	2.152370158289431679e-01	-2.160438538280532172e-01	2.001936674176084674e-01	-1.768919441744313537e-01	2.076714101856281802e-01	-1.825834734038761786e-01	1.535408331544204086e-01	-1.222091045022470207e-01	1.201429099821720581e-01	-1.334924565629392046e-01	1.429367801084403811e-01	-1.422960588010522831e-01	9.444706277982187204e-02	-1.648331336721534091e-01	1.129539278296772392e-01	-1.457237399286507584e-01	1.246409776138746317e-01	-8.658170934974819544e-02	9.837503208921943854e-02	-1.196847412945438449e-01	6.580070837072504730e-02	-6.586978934622815529e-02
-6.989582580393660649e-02	7.323089410519455222e-02	-1.137265654491467076e-01	1.130809657569787074e-01	-2.234745612767060630e-01	1.570280374831770909e-01	-1.637539750269247363e-01	1.882169766292819124e-01	-5.347008172697914619e-01	3.145607449498105113e-01	-1.213079604080262858e-01	1.394120802734339637e-01	-2.129128634612507953e-01	9.999999999999978906e-01	-6.776732354689991578e-01	1.042595500229422795e-01	-1.303354033565539971e-01	1.635573317627975476e-01	-2.345617966413364175e-01	2.342173887019836087e-01	-1.181549993708411322e-01	1.025152511847296360e-01	-1.326324018425994455e-01	1.397396014885991522e-01	-1.430521872524503080e-01	8.270101203679219859e-02	-8.326783795858980208e-02	9.301170682466028405e-02	-1.065034364350822688e-01	1.136668963501997059e-01	-6.652846521756550224e-02	1.141434919094599792e-01	-8.111804475998010688e-02	1.064873068899490627e-01	-1.006562262204474811e-01	6.041937780700064320e-02	-7.018967306321430288e-02	8.455455016702170812e-02	-5.026797271342929585e-02	4.991110232987547995e-02
6.684806786611655061e-02	-7.138675228656181371e-02	9.560571478204435425e-02	-9.986212824663104337e-02	2.234671204801712552e-01	-1.600285422873046759e-01	1.465357642934578541e-01	-1.775798871360109166e-01	3.018835592509770405e-01	-4.816907659764277927e-01	1.162134210242361798e-01	-1.318226297512629097e-01	1.712609203721708606e-01	-6.776732354689991578e-01	9.999999999999990008e-01	-1.039496509877530783e-01	1.292559765008042538e-01	-1.661873259628698363e-01	2.124182480631942316e-01	-3.799497700710969261e-01	1.175080838307175635e-01	-1.041582825422267544e-01	1.342305385847986920e-01	-1.481482153137846092e-01	1.591184336435159663e-01	-8.754166467834491316e-02	8.737142531524388911e-02	-9.813333529402790134e-02	1.109505768760501027e-01	-1.298901007896564042e-01	7.009668462826418311e-02	-1.226306254724148781e-01	8.644023551784588144e-02	-1.159923444229607609e-01	1.082857555681882578e-01	-6.431324298470547651e-02	7.438351778679096193e-02	-9.081241291082625677e-02	5.410815845302979071e-02	-5.423128746800343070e-02
-7.980616842480935114e-02	8.263113531767972419e-02	-6.109605583829538084e-02	6.175091752709228887e-02	-1.995923695350863281e-01	2.469698587116706534e-01	-1.591569380103092513e-01	1.515339279076187151e-01	-1.013759269346910380e-01	1.150217219030814919e-01	-5.330562115253537625e-01	2.388705903749004933e-01	-2.232252239448631326e-01	1.042595500229422795e-01	-1.039496509877530783e-01	9.999999999999983347e-01	-4.624435673918427248e-01	2.037117646108107250e-01	-1.556284464911319443e-01	1.521092186237068822e-01	-5.639311694035390454e-01	2.720497994313346157e-01	-1.958393477540174565e-01	1.536746085114238658e-01	-1.251905262008810027e-01	1.271020112338395458e-01	-1.236366758229398566e-01	1.228870969962028437e-01	-1.299626918788610586e-01	1.160082921456694893e-01	-9.359037211040643900e-02	1.498888856740097086e-01	-1.024195328067511318e-01	1.255035013080544604e-01	-1.066437228223067052e-01	8.187841647062749084e-02	-9.217295754605035751e-02	1.074518679488648265e-01	-5.702100993790279460e-02	5.643543518689791982e-02
8.761071251089716516e-02	-9.510589731972469985e-02	7.114483346482851356e-02	-7.306201648603165288e-02	2.274914387452686981e-01	-2.806868102546623556e-01	1.663193270567414617e-01	-1.763172087972387503e-01	1.214690051004084087e-01	-1.432472617454553510e-01	2.464973238470314076e-01	-2.397640668513197904e-01	2.224441508357059283e-01	-1.303354033565539971e-01	1.292559765008042538e-01	-4.624435673918427248e-01	1.000000000000000888e+00	-3.521887257803814064e-01	2.125916968202831159e-01	-2.127568347253794567e-01	3.261165617543199113e-01	-5.816681598158875977e-01	2.764023883962913319e-01	-2.273143063622672655e-01	1.690448993971235270e-01	-1.685448509483824520e-01	1.654577598384792958e-01	-1.743834876240263621e-01	1.757344087926516474e-01	-1.615608795016861832e-01	1.206788828868961411e-01	-2.103623961367037387e-01	1.400123232154568409e-01	-1.741836169291504921e-01	1.424360509581922285e-01	-1.105550898396379517e-01	1.224055860977640575e-01	-1.486507396120934354e-01	7.708284941854860739e-02	-7.706488680836734440e-02
-7.964114643132655380e-02	8.425641197061033150e-02	-7.649495448024236366e-02	7.686307302879237524e-02	-2.649153073635273636e-01	2.193899933622102949e-01	-1.715423838038320770e-01	1.817459131355276536e-01	-1.454920529955912034e-01	1.603063194798471924e-01	-2.071391501665736934e-01	2.228030288887937749e-01	-3.951552701774311838e-01	1.635573317627975476e-01	-1.661873259628698363e-01	2.037117646108107250e-01	-3.521887257803814064e-01	1.000000000000001110e+00	-4.970496959541658155e-01	2.616142276284470491e-01	-2.451439908376620291e-01	2.498605036956384473e-01	-5.005172891500504484e-01	2.819367360157856162e-01	-2.150761847080558120e-01	1.482598488443327700e-01	-1.568785148117161632e-01	1.864702965324573636e-01	-2.107698934948487035e-01	1.726030351251310879e-01	-1.159230843557643581e-01	1.907155809571870198e-01	-1.425444777635848925e-01	1.722938912546496670e-01	-1.576962636514570304e-01	1.029251684342924467e-01	-1.198956493443599780e-01	1.424786734459189963e-01	-8.044298105778566188e-02	7.890259581958107560e-02
7.176988429665889790e-02	-7.702035354102301778e-02	7.509626397043114854e-02	-7.691213875834258806e-02	2.439123637854215543e-01	-1.966462860701998494e-01	1.472017599240510732e-01	-1.654952546935837543e-01	1.626429739310378542e-01	-1.908742776075186554e-01	1.548476865837490057e-01	-1.691992082718724311e-01	2.152370158289431679e-01	-2.345617966413364175e-01	2.124182480631942316e-01	-1.556284464911319443e-01	2.125916968202831159e-01	-4.970496959541658155e-01	9.999999999999963363e-01	-5.444904793752541883e-01	1.819798674239049840e-01	-1.869002019019665728e-01	2.769399367288700731e-01	-4.520768465164792804e-01	2.581678462432405174e-01	-1.433208330879857384e-01	1.455211649144897978e-01	-1.845181853853543885e-01	2.102242229648236260e-01	-2.078659753804484589e-01	1.108296244699445987e-01	-1.923821743185108735e-01	1.412429210468924556e-01	-1.835378637558286175e-01	1.670297919406955323e-01	-1.014343686579535497e-01	1.170769690778900307e-01	-1.448095823070507382e-01	8.388503446080783355e-02	-8.389133831138421982e-02
-7.700180267675071910e-02	8.103473125930360510e-02	-8.647658588887963127e-02	8.627036621522780890e-02	-3.275401301310579272e-01	1.964800923426496260e-01	-1.599109151471103385e-01	1.691356961458200525e-01	-1.948969191465637907e-01	2.203673078023605236e-01	-1.619723663838657790e-01	1.606567945883437543e-01	-2.160438538280532172e-01	2.342173887019836087e-01	-3.799497700710969261e-01	1.521092186237068822e-01	-2.127568347253794567e-01	2.616142276284470491e-01	-5.444904793752541883e-01	1.000000000000000888e+00	-1.885481011338250024e-01	1.692087277790822464e-01	-2.420713532062282181e-01	2.742908763158219965e-01	-4.426969180943107762e-01	1.392936493417872290e-01	-1.448612030962601882e-01	1.658628697078819436e-01	-2.024470878655848793e-01	2.378065294465923074e-01	-1.148937626758644442e-01	1.889517401682667963e-01	-1.436697845857928257e-01	1.897873109264099356e-01	-2.099405602179498787e-01	1.023416854184009961e-01	-1.219700716218315856e-01	1.446503506987956711e-01	-9.571562895126524417e-02	9.377462553623147623e-02
8.526080945536404498e-02	-9.251559046019117161e-02	6.699651823243339688e-02	-6.880086490365365515e-02	2.155367056573337659e-01	-2.803439480278748230e-01	1.583361339078613872e-01	-1.655631621585927915e-01	1.120797471064321343e-01	-1.320761219478032156e-01	2.544400956622788756e-01	-2.215263035898082378e-01	2.001936674176084674e-01	-1.181549993708411322e-01	1.175080838307175635e-01	-5.639311694035390454e-01	3.261165617543199113e-01	-2.451439908376620291e-01	1.819798674239049840e-01	-1.885481011338250024e-01	9.999999999999988898e-01	-5.510883367669744404e-01	2.458043708701554975e-01	-2.042927811475875599e-01	1.542058388863231100e-01	-1.956840498422809105e-01	1.695339837975538833e-01	-1.662664831938713839e-01	1.657368745265420107e-01	-1.494190004029524177e-01	1.256012992727423838e-01	-2.052537956524281004e-01	1.349045453632646829e-01	-1.651319027722915889e-01	1.338145148096727133e-01	-1.119426680653394235e-01	1.213995931612966706e-01	-1.439708482443850524e-01	7.302158326342070294e-02	-7.281670660313085963e-02
-6.427926177613041414e-02	6.876869588826395319e-02	-5.477961661553394646e-02	5.574281155666105381e-02	-1.920039209327060459e-01	1.942649145125896482e-01	-1.255552719057003164e-01	1.302332411258186051e-01	-9.575019233129665464e-02	1.115024557142655359e-01	-1.889143701082615923e-01	1.647508294894345915e-01	-1.768919441744313537e-01	1.025152511847296360e-01	-1.041582825422267544e-01	2.720497994313346157e-01	-5.816681598158875977e-01	2.498605036956384473e-01	-1.869002019019665728e-01	1.692087277790822464e-01	-5.510883367669744404e-01	1.000000000000000666e+00	-4.388949736503921506e-01	2.116299185154159601e-01	-1.516689478065378627e-01	1.586947369127798546e-01	-1.837139492268103358e-01	1.681032996622398024e-01	-1.724372739836463331e-01	1.340400770936009123e-01	-1.118273361595793769e-01	1.787240341946134958e-01	-1.256689233441230513e-01	1.455653211094522226e-01	-1.234203320063048392e-01	9.705103707040441119e-02	-1.090011679376419185e-01	1.270636706866627164e-01	-6.587871430356423419e-02	6.473188894170164853e-02
6.954000014070907398e-02	-7.485069662343810104e-02	6.399834231266242346e-02	-6.530843876737059406e-02	2.253209028726416707e-01	-2.025482238281243186e-01	1.383088076251521303e-01	-1.507105660182238016e-01	1.177489601992126600e-01	-1.387788332070819808e-01	1.667111572045245904e-01	-1.741266425755996772e-01	2.076714101856281802e-01	-1.326324018425994455e-01	1.342305385847986920e-01	-1.958393477540174565e-01	2.764023883962913319e-01	-5.005172891500504484e-01	2.769399367288700731e-01	-2.420713532062282181e-01	2.458043708701554975e-01	-4.388949736503921506e-01	9.999999999999991118e-01	-4.893482236403416952e-01	2.192518235008605043e-01	-1.782750348991793132e-01	1.867972034945801219e-01	-2.955380419449766261e-01	2.532419821399199966e-01	-1.917500926777972736e-01	1.288297488010514968e-01	-2.237423225711947516e-01	1.678411822109967533e-01	-1.967949467167037780e-01	1.634884241106561442e-01	-1.173499377520677844e-01	1.335323066621587063e-01	-1.674384590287142927e-01	8.656837785096793692e-02	-8.571207817625557668e-02
-6.324719677621078173e-02	6.730549197424315344e-02	-6.235886186129997732e-02	6.301237173006953018e-02	-2.399108455589778754e-01	1.739382429193988555e-01	-1.273509692469502741e-01	1.354277054720234574e-01	-1.215803124515219130e-01	1.403534275842502899e-01	-1.460660162455567623e-01	1.439444495896206599e-01	-1.825834734038761786e-01	1.397396014885991522e-01	-1.481482153137846092e-01	1.536746085114238658e-01	-2.273143063622672655e-01	2.819367360157856162e-01	-4.520768465164792804e-01	2.742908763158219965e-01	-2.042927811475875599e-01	2.116299185154159601e-01	-4.893482236403416952e-01	9.999999999999986677e-01	-4.140327560870852297e-01	1.618155365670099488e-01	-1.786250423148689204e-01	2.474703759950265258e-01	-4.241831717047176986e-01	2.295172323585484009e-01	-1.259863588422282521e-01	2.077155603076876744e-01	-1.690611035177437549e-01	2.034532261146546339e-01	-1.969862703861109676e-01	1.119398209851116821e-01	-1.324715490892913183e-01	1.608891753448983275e-01	-9.534153869918492175e-02	9.291153582118684418e-02
5.884254521182798875e-02	-6.298767345884594138e-02	5.979696202924073695e-02	-6.082938911868824433e-02	2.284867500120423001e-01	-1.606144622764101582e-01	1.168760704877833123e-01	-1.269278947084697406e-01	1.198249717073904264e-01	-1.479976972192937612e-01	1.244211956761851479e-01	-1.249444554663935170e-01	1.535408331544204086e-01	-1.430521872524503080e-01	1.591184336435159663e-01	-1.251905262008810027e-01	1.690448993971235270e-01	-2.150761847080558120e-01	2.581678462432405174e-01	-4.426969180943107762e-01	1.542058388863231100e-01	-1.516689478065378627e-01	2.192518235008605043e-01	-4.140327560870852297e-01	9.999999999999993339e-01	-1.402526163617967281e-01	1.421784413587104667e-01	-1.755279412610994960e-01	2.055021143408573281e-01	-6.183117707388615658e-01	1.126853359880018862e-01	-1.984014808211848613e-01	1.541693893171712515e-01	-2.401899480069100701e-01	2.582820779751939799e-01	-1.043514014344487512e-01	1.233067110819566908e-01	-1.576391651280384387e-01	1.125121935195672052e-01	-1.195210594035224783e-01
-4.842602432245834976e-02	5.148100045331848590e-02	-4.544565792937257237e-02	4.588651268430033597e-02	-2.103627859148121115e-01	1.348771618959189456e-01	-9.393005557560331342e-02	9.736040499056314301e-02	-7.968749801358468443e-02	9.455306377650800342e-02	-1.142932435037136707e-01	1.036171688002496399e-01	-1.222091045022470207e-01	8.270101203679219859e-02	-8.754166467834491316e-02	1.271020112338395458e-01	-1.685448509483824520e-01	1.482598488443327700e-01	-1.433208330879857384e-01	1.392936493417872290e-01	-1.956840498422809105e-01	1.586947369127798546e-01	-1.782750348991793132e-01	1.618155365670099488e-01	-1.402526163617967281e-01	9.999999999999991118e-01	-6.450125999033489155e-01	2.354332587750248007e-01	-2.399501014167982893e-01	1.308216954229265983e-01	-5.016835176587217671e-01	2.860909844136624858e-01	-1.996794039106092600e-01	1.797252729858798415e-01	-1.499293417859222377e-01	2.420696724098385377e-01	-2.501576766591840917e-01	2.005075328863251682e-01	-8.514663891364124271e-02	7.924224789129379054e-02
4.777955037546272044e-02	-5.107718793727312329e-02	4.455928189200542011e-02	-4.517107652230675091e-02	1.958585413071941839e-01	-1.349417162999247410e-01	9.227056944194890475e-02	-9.700305494855461508e-02	7.882402226439517989e-02	-9.419889152212564121e-02	1.098276353011222589e-01	-1.029247587406716541e-01	1.201429099821720581e-01	-8.326783795858980208e-02	8.737142531524388911e-02	-1.236366758229398566e-01	1.654577598384792958e-01	-1.568785148117161632e-01	1.455211649144897978e-01	-1.448612030962601882e-01	1.695339837975538833e-01	-1.837139492268103358e-01	1.867972034945801219e-01	-1.786250423148689204e-01	1.421784413587104667e-01	-6.450125999033489155e-01	1.000000000000001776e+00	-4.120265423572957442e-01	2.520717256944904339e-01	-1.373285313756942017e-01	2.499733201523187121e-01	-4.546745310544113572e-01	2.220581260856254180e-01	-2.004307113186349909e-01	1.509230486065271382e-01	-2.084013826946031767e-01	2.065941005081213255e-01	-2.183665858423580741e-01	8.771769389937328354e-02	-8.291976695626102067e-02
-5.008077748101535942e-02	5.335346575995824486e-02	-4.776028032668654111e-02	4.829770457589240007e-02	-2.064998786381756213e-01	1.390573141596366524e-01	-9.834870558135778984e-02	1.034652194376828593e-01	-8.655024768195485052e-02	1.023494219353960760e-01	-1.150475965479940410e-01	1.096205624350535396e-01	-1.334924565629392046e-01	9.301170682466028405e-02	-9.813333529402790134e-02	1.228870969962028437e-01	-1.743834876240263621e-01	1.864702965324573636e-01	-1.845181853853543885e-01	1.658628697078819436e-01	-1.662664831938713839e-01	1.681032996622398024e-01	-2.955380419449766261e-01	2.474703759950265258e-01	-1.755279412610994960e-01	2.354332587750248007e-01	-4.120265423572957442e-01	1.000000000000003997e+00	-6.670777549319842903e-01	1.562518420584102508e-01	-1.729242517386358480e-01	2.704769853763722143e-01	-3.575422705702875348e-01	2.312506082565054522e-01	-1.731117318671542560e-01	1.453594563076233692e-01	-1.799263987699935285e-01	2.234593609836894312e-01	-9.876590897733877883e-02	9.134149467590349514e-02
5.486992791601760788e-02	-5.883970434596318827e-02	5.224445439990189205e-02	-5.312249004300877153e-02	2.123435712772171191e-01	-1.543332319364747740e-01	1.070773909093783033e-01	-1.147254834031181392e-01	9.617914295806342939e-02	-1.154378978116635673e-01	1.217731435843597970e-01	-1.196165294315940653e-01	1.429367801084403811e-01	-1.065034364350822688e-01	1.109505768760501027e-01	-1.299626918788610586e-01	1.757344087926516474e-01	-2.107698934948487035e-01	2.102242229648236260e-01	-2.024470878655848793e-01	1.657368745265420107e-01	-1.724372739836463331e-01	2.532419821399199966e-01	-4.241831717047176986e-01	2.055021143408573281e-01	-2.399501014167982893e-01	2.520717256944904339e-01	-6.670777549319842903e-01	1.000000000000000222e+00	-1.945061203892447799e-01	1.627430621828609703e-01	-2.943819067048312199e-01	2.478671504253873725e-01	-2.948204484026958339e-01	1.899011652814902862e-01	-1.510998425015643021e-01	1.724409077511935839e-01	-2.336096337646777210e-01	1.090630749605908112e-01	-1.050770265079327831e-01
-5.498133424795995094e-02	5.821643672777771644e-02	-5.562823377239529271e-02	5.591195332018203401e-02	-2.532052994298077397e-01	1.463146669081360762e-01	-1.089907632529343723e-01	1.140357709772738259e-01	-1.050170232984481422e-01	1.242810496854397789e-01	-1.186262541452706848e-01	1.130506681654206841e-01	-1.422960588010522831e-01	1.136668963501997059e-01	-1.298901007896564042e-01	1.160082921456694893e-01	-1.615608795016861832e-01	1.726030351251310879e-01	-2.078659753804484589e-01	2.378065294465923074e-01	-1.494190004029524177e-01	1.340400770936009123e-01	-1.917500926777972736e-01	2.295172323585484009e-01	-6.183117707388615658e-01	1.308216954229265983e-01	-1.373285313756942017e-01	1.562518420584102508e-01	-1.945061203892447799e-01	1.000000000000000888e+00	-1.135692291989079256e-01	1.848004823611419101e-01	-1.598239257238106281e-01	2.500358442430970496e-01	-5.618353736064920501e-01	1.014459008791478295e-01	-1.266113085654427539e-01	1.536148547498631944e-01	-1.543511049932389245e-01	1.531452265759858933e-01
3.885195761628974093e-02	-4.158601908490602156e-02	3.629297155849062206e-02	-3.680469165038790375e-02	1.640170576311935080e-01	-1.093469122388838893e-01	7.439310873964076476e-02	-7.821190143796606653e-02	6.367372494298631502e-02	-7.657420308336622405e-02	8.634303567577603089e-02	-8.069051857710272946e-02	9.444706277982187204e-02	-6.652846521756550224e-02	7.009668462826418311e-02	-9.359037211040643900e-02	1.206788828868961411e-01	-1.159230843557643581e-01	1.108296244699445987e-01	-1.148937626758644442e-01	1.256012992727423838e-01	-1.118273361595793769e-01	1.288297488010514968e-01	-1.259863588422282521e-01	1.126853359880018862e-01	-5.016835176587217671e-01	2.499733201523187121e-01	-1.729242517386358480e-01	1.627430621828609703e-01	-1.135692291989079256e-01	1.000000000000001998e+00	-3.183248147821857721e-01	1.835249432718988605e-01	-1.730401493642574895e-01	1.286824659967854556e-01	-6.605603789358563960e-01	2.860605073806091192e-01	-2.494610707872043087e-01	7.852933944411365219e-02	-7.472714552223450046e-02
-6.626251971778684968e-02	7.007194744805993192e-02	-6.439581146031253533e-02	6.473146027938667113e-02	-3.312128548024302344e-01	1.783024505686428007e-01	-1.287263098001045214e-01	1.325758777198764171e-01	-1.121986150440827806e-01	1.333235373984110739e-01	-1.478437782494630981e-01	1.350509122326056244e-01	-1.648331336721534091e-01	1.141434919094599792e-01	-1.226306254724148781e-01	1.498888856740097086e-01	-2.103623961367037387e-01	1.907155809571870198e-01	-1.923821743185108735e-01	1.889517401682667963e-01	-2.052537956524281004e-01	1.787240341946134958e-01	-2.237423225711947516e-01	2.077155603076876744e-01	-1.984014808211848613e-01	2.860909844136624858e-01	-4.546745310544113572e-01	2.704769853763722143e-01	-2.943819067048312199e-01	1.848004823611419101e-01	-3.183248147821857721e-01	1.000000000000001554e+00	-4.135216660303183134e-01	2.652586277758633981e-01	-2.356613352452943122e-01	2.376825241897312924e-01	-3.827533734351379890e-01	2.927045096099245014e-01	-1.328432107371466386e-01	1.191971946627340129e-01
4.505171300077799590e-02	-4.797413575145769576e-02	4.333498176688298925e-02	-4.378907567206988954e-02	2.028667890875690549e-01	-1.237474630736954823e-01	8.740561000611878073e-02	-9.161223359163880864e-02	7.716863707673279893e-02	-9.239525358736366822e-02	9.929393925917698316e-02	-9.354908695411244535e-02	1.129539278296772392e-01	-8.111804475998010688e-02	8.644023551784588144e-02	-1.024195328067511318e-01	1.400123232154568409e-01	-1.425444777635848925e-01	1.412429210468924556e-01	-1.436697845857928257e-01	1.349045453632646829e-01	-1.256689233441230513e-01	1.678411822109967533e-01	-1.690611035177437549e-01	1.541693893171712515e-01	-1.996794039106092600e-01	2.220581260856254180e-01	-3.575422705702875348e-01	2.478671504253873725e-01	-1.598239257238106281e-01	1.835249432718988605e-01	-4.135216660303183134e-01	1.000000000000002220e+00	-4.556181232855018859e-01	2.134372798685931771e-01	-1.814338876135821454e-01	2.553322888131378532e-01	-6.033334456072021457e-01	1.392405261610774048e-01	-1.256447338301325545e-01
-5.823022972652378004e-02	6.167640226393212438e-02	-5.738843405249109686e-02	5.773999293806263144e-02	-2.852522049144849414e-01	1.561468353386096519e-01	-1.135759510955796220e-01	1.179768806690105060e-01	-1.024515007368159286e-01	1.221684606718184268e-01	-1.266268961977286278e-01	1.181006097299115432e-01	-1.457237399286507584e-01	1.064873068899490627e-01	-1.159923444229607609e-01	1.255035013080544604e-01	-1.741836169291504921e-01	1.722938912546496670e-01	-1.835378637558286175e-01	1.897873109264099356e-01	-1.651319027722915889e-01	1.455653211094522226e-01	-1.967949467167037780e-01	2.034532261146546339e-01	-2.401899480069100701e-01	1.797252729858798415e-01	-2.004307113186349909e-01	2.312506082565054522e-01	-2.948204484026958339e-01	2.500358442430970496e-01	-1.730401493642574895e-01	2.652586277758633981e-01	-4.556181232855018859e-01	1.000000000000001998e+00	-5.247511389700004747e-01	1.517196355062214175e-01	-2.153248165753574028e-01	2.625376729016897781e-01	-3.193564086656542900e-01	2.309940779902694141e-01
5.059477809457706837e-02	-5.419168532829656687e-02	4.943015516232217299e-02	-5.020281697896256112e-02	2.125765307627206502e-01	-1.393893518997938175e-01	9.811704692921845161e-02	-1.048913820388370777e-01	9.164746633664019870e-02	-1.124292767146415212e-01	1.064181142518236395e-01	-1.032322319056936805e-01	1.246409776138746317e-01	-1.006562262204474811e-01	1.082857555681882578e-01	-1.066437228223067052e-01	1.424360509581922285e-01	-1.576962636514570304e-01	1.670297919406955323e-01	-2.099405602179498787e-01	1.338145148096727133e-01	-1.234203320063048392e-01	1.634884241106561442e-01	-1.969862703861109676e-01	2.582820779751939799e-01	-1.499293417859222377e-01	1.509230486065271382e-01	-1.731117318671542560e-01	1.899011652814902862e-01	-5.618353736064920501e-01	1.286824659967854556e-01	-2.356613352452943122e-01	2.134372798685931771e-01	-5.247511389700004747e-01	1.000000000000002220e+00	-1.229816846755428655e-01	1.517446798480991399e-01	-2.147044677050534145e-01	2.403842034054740617e-01	-3.391793835689046466e-01
-3.511099171745039188e-02	3.734818626137619696e-02	-3.345435344549475137e-02	3.377261096609830010e-02	-1.610735883678379998e-01	9.660851021022959229e-02	-6.778445631912935476e-02	7.050335358082401860e-02	-5.856108059954959894e-02	6.996971012141188495e-02	-7.844649470616593678e-02	7.232617258301052288e-02	-8.658170934974819544e-02	6.041937780700064320e-02	-6.431324298470547651e-02	8.187841647062749084e-02	-1.105550898396379517e-01	1.029251684342924467e-01	-1.014343686579535497e-01	1.023416854184009961e-01	-1.119426680653394235e-01	9.705103707040441119e-02	-1.173499377520677844e-01	1.119398209851116821e-01	-1.043514014344487512e-01	2.420696724098385377e-01	-2.084013826946031767e-01	1.453594563076233692e-01	-1.510998425015643021e-01	1.014459008791478295e-01	-6.605603789358563960e-01	2.376825241897312924e-01	-1.814338876135821454e-01	1.517196355062214175e-01	-1.229816846755428655e-01	1.000000000000001998e+00	-5.881705715268260581e-01	2.342747144836275219e-01	-7.419106221726726180e-02	6.816229713158625247e-02
4.035948137263233731e-02	-4.311735144841983419e-02	3.823046234627701379e-02	-3.871225623563358254e-02	1.775656313487796456e-01	-1.121914420693247566e-01	7.751359450129474693e-02	-8.138797296489612421e-02	6.728725778284300185e-02	-8.096127225463350952e-02	8.831372073239598941e-02	-8.278455758224764760e-02	9.837503208921943854e-02	-7.018967306321430288e-02	7.438351778679096193e-02	-9.217295754605035751e-02	1.224055860977640575e-01	-1.198956493443599780e-01	1.170769690778900307e-01	-1.219700716218315856e-01	1.213995931612966706e-01	-1.090011679376419185e-01	1.335323066621587063e-01	-1.324715490892913183e-01	1.233067110819566908e-01	-2.501576766591840917e-01	2.065941005081213255e-01	-1.799263987699935285e-01	1.724409077511935839e-01	-1.266113085654427539e-01	2.860605073806091192e-01	-3.827533734351379890e-01	2.553322888131378532e-01	-2.153248165753574028e-01	1.517446798480991399e-01	-5.881705715268260581e-01	1.000000000000002220e+00	-5.301176090130403917e-01	9.913585912124089905e-02	-9.314058695884419592e-02
-4.796686272115752853e-02	5.087330521291077989e-02	-4.650718175826176748e-02	4.684287196319229102e-02	-2.298332641155270695e-01	1.300258422250783752e-01	-9.315831156363764409e-02	9.666465043184960249e-02	-8.195223626218892110e-02	9.764609539555610396e-02	-1.059733092029914170e-01	9.817370398128907882e-02	-1.196847412945438449e-01	8.455455016702170812e-02	-9.081241291082625677e-02	1.074518679488648265e-01	-1.486507396120934354e-01	1.424786734459189963e-01	-1.448095823070507382e-01	1.446503506987956711e-01	-1.439708482443850524e-01	1.270636706866627164e-01	-1.674384590287142927e-01	1.608891753448983275e-01	-1.576391651280384387e-01	2.005075328863251682e-01	-2.183665858423580741e-01	2.234593609836894312e-01	-2.336096337646777210e-01	1.536148547498631944e-01	-2.494610707872043087e-01	2.927045096099245014e-01	-6.033334456072021457e-01	2.625376729016897781e-01	-2.147044677050534145e-01	2.342747144836275219e-01	-5.301176090130403917e-01	1.000000000000002220e+00	-1.507969176422856439e-01	1.243735262898029159e-01
2.674760854077068428e-02	-2.853560319330810530e-02	2.605840976165806414e-02	-2.637006785914960960e-02	1.202019040697545477e-01	-7.312449668303262762e-02	5.180767829291321042e-02	-5.468522077762877354e-02	4.715345421000241566e-02	-5.716015278181593717e-02	5.699765635519121743e-02	-5.424954070479817703e-02	6.580070837072504730e-02	-5.026797271342929585e-02	5.410815845302979071e-02	-5.702100993790279460e-02	7.708284941854860739e-02	-8.044298105778566188e-02	8.388503446080783355e-02	-9.571562895126524417e-02	7.302158326342070294e-02	-6.587871430356423419e-02	8.656837785096793692e-02	-9.534153869918492175e-02	1.125121935195672052e-01	-8.514663891364124271e-02	8.771769389937328354e-02	-9.876590897733877883e-02	1.090630749605908112e-01	-1.543511049932389245e-01	7.852933944411365219e-02	-1.328432107371466386e-01	1.392405261610774048e-01	-3.193564086656542900e-01	2.403842034054740617e-01	-7.419106221726726180e-02	9.913585912124089905e-02	-1.507969176422856439e-01	1.000000000000002220e+00	-8.817721659633749320e-01
