1.000000000000000000e+00	-7.971029141126212414e-01	1.643527601738748178e-01	-1.261656217859935258e-01	6.731333706296568908e-02	-4.119130456702235210e-01	2.356205211971920399e-01	-1.725048222495666472e-01	1.279863601653618288e-01	-6.804877095061923065e-02	2.668101094744414481e-01	-2.046151274242086482e-01	1.342967277810184212e-01	-1.562286126207498571e-01	1.126932802321054528e-01	-1.528212657355156878e-01	1.161130804051310611e-01	-1.339344959952694925e-01	9.674827789382163534e-02	-6.689208826870490787e-02	8.761375510339411421e-02	-1.020601894798944392e-01	9.046464040737443868e-02	-5.827958726701952530e-02	5.597328020631102408e-02	-6.564247560863922804e-02	7.034340794163772281e-02	-8.175159091823178126e-02	5.407765330559462236e-02	-5.326606904959699240e-02	3.539431793715248215e-02	-3.749460662933928878e-02	7.373588723089451180e-02	-9.534522155320782066e-02	5.643883896965920521e-02	-2.300398698118608434e-02	2.806095905140625762e-02	-5.699142373410881479e-02	4.920042096687986949e-02	-5.917569634965101633e-02
-7.971029141126212414e-01	9.999999999999997780e-01	-2.296076765035927614e-01	1.394057358051760398e-01	-7.715881943529435960e-02	2.658396512044377547e-01	-3.281496436508206660e-01	1.903224671482065256e-01	-1.507414947871001110e-01	7.475787900334796010e-02	-3.174220245569321919e-01	2.004974305685946478e-01	-1.452704672430315258e-01	1.540716310386167909e-01	-1.215754625793998012e-01	1.434914623767171438e-01	-1.168058683620300242e-01	1.286786663490913085e-01	-1.019653358295099510e-01	6.953829096422330103e-02	-8.748147329720343257e-02	9.907946822150266730e-02	-9.052421195359106054e-02	5.794428374086547928e-02	-5.748179893117008610e-02	6.449667475534320848e-02	-7.065480689861403096e-02	8.027823088047847389e-02	-5.422585689938686643e-02	5.388085154783072567e-02	-3.549101824883311995e-02	3.733591739262667741e-02	-7.446493791345450142e-02	9.290805258393228239e-02	-5.663370223044989632e-02	2.297906358356819820e-02	-2.821612574797572465e-02	5.626519767177233511e-02	-4.922689598187263843e-02	5.842958088684629958e-02
1.643527601738748178e-01	-2.296076765035927614e-01	1.000000000000000000e+00	-5.737919867919162309e-01	1.590323200612610843e-01	-1.315691126854439397e-01	2.384845821579660574e-01	-6.138881919285634758e-01	3.091636016229072359e-01	-1.637295535642104005e-01	1.440159639743398556e-01	-2.177573990798608583e-01	2.077098383188537845e-01	-2.499104078765189973e-01	1.242622621184303472e-01	-1.424056327928697185e-01	1.167429673987992744e-01	-1.358859973910983010e-01	1.044227684587952371e-01	-7.429354447724424715e-02	8.468311729396907350e-02	-1.006514426224897618e-01	8.996424425944211933e-02	-5.956798775879350999e-02	5.880816274453902481e-02	-6.376877309320914955e-02	6.860554144430490442e-02	-8.080650003098226175e-02	5.492372255450424928e-02	-5.624887368923772030e-02	3.471548340268051924e-02	-3.682048891863309859e-02	7.297766812817711723e-02	-9.700340094228232513e-02	5.753911214587416334e-02	-2.259797990862560599e-02	2.759111301276134451e-02	-5.699144712746044561e-02	4.934285065172374501e-02	-6.004167962715026285e-02
-1.261656217859935258e-01	1.394057358051760398e-01	-5.737919867919162309e-01	1.000000000000000222e+00	-2.990080798097407011e-01	9.799151500867971099e-02	-1.839779956844810882e-01	2.867930836776176884e-01	-6.400394239799640506e-01	2.247303309466887611e-01	-1.176389377531882191e-01	1.571386589824499691e-01	-1.824672439639000998e-01	2.064312232668878977e-01	-1.141444824954944981e-01	1.096005956514829183e-01	-9.091728229428990005e-02	1.057514696017973627e-01	-9.047879047565407507e-02	6.510108323094543348e-02	-6.732937314341171098e-02	7.837074125911347444e-02	-7.212922957265684165e-02	4.908090474090164024e-02	-5.024782579161776036e-02	5.079640884625302027e-02	-5.523714087640427955e-02	6.486957739118118238e-02	-4.536355112561931552e-02	4.771461266033239640e-02	-2.820589557071601083e-02	2.986367315923738400e-02	-5.977234504787456992e-02	7.987187303070507338e-02	-4.797047254555233259e-02	1.837390376152361199e-02	-2.251765151613793758e-02	4.662700143971254541e-02	-4.069091180834935595e-02	4.958184985092514013e-02
6.731333706296568908e-02	-7.715881943529435960e-02	1.590323200612610843e-01	-2.990080798097407011e-01	1.000000000000000000e+00	-5.734282202068723133e-02	9.909796481006541424e-02	-1.484264013453193976e-01	2.317778679255683705e-01	-9.008150547752110660e-01	6.778935235054717179e-02	-9.729031596191299591e-02	9.939625700548707088e-02	-1.279093386595117898e-01	1.058952811839102004e-01	-8.230096826617157302e-02	6.272249314348307681e-02	-7.885148655148462027e-02	6.936569962196448280e-02	-5.933379450118612952e-02	4.923794328324693909e-02	-5.755628224700146817e-02	5.335405949421571925e-02	-4.014607477629740517e-02	4.230347084125594265e-02	-3.852638605919704584e-02	4.122604196931196202e-02	-5.047881040929688007e-02	3.651903823481275624e-02	-4.156742803307025141e-02	2.166433556982146763e-02	-2.318635754767070511e-02	4.631190653560415815e-02	-6.920795330108520105e-02	3.999682955865883904e-02	-1.427020818415530856e-02	1.741482529664934928e-02	-3.819565066087403371e-02	3.305778689787314956e-02	-4.190457607300566295e-02
-4.119130456702235210e-01	2.658396512044377547e-01	-1.315691126854439397e-01	9.799151500867971099e-02	-5.734282202068723133e-02	9.999999999999997780e-01	-3.031443855868394266e-01	1.479984060783727517e-01	-1.126440670964247576e-01	5.665912708675430176e-02	-7.932628535953475390e-01	1.964857820803689870e-01	-1.257540300878215445e-01	1.346862756642185632e-01	-1.062153795797659561e-01	1.457801254017596915e-01	-1.126769150842623912e-01	1.217796853331523516e-01	-9.082352654507895584e-02	6.177573435457024004e-02	-8.491616570194285285e-02	9.482031662926428128e-02	-8.507630818434890052e-02	5.310227238514386022e-02	-5.156410078190001856e-02	6.137132914279960771e-02	-6.685456096726496988e-02	7.513639405012834116e-02	-4.966691286332499539e-02	4.850867959940911855e-02	-3.305840980530984352e-02	3.474911775098267486e-02	-6.875468524931248326e-02	8.473627839832417741e-02	-5.140331108406118177e-02	2.134169776987858425e-02	-2.613543575433952340e-02	5.175438915685650482e-02	-4.506052653961271220e-02	5.331977730174781993e-02
2.356205211971920399e-01	-3.281496436508206660e-01	2.384845821579660574e-01	-1.839779956844810882e-01	9.909796481006541424e-02	-3.031443855868394266e-01	1.000000000000000222e+00	-4.339161023888769564e-01	2.092927593443645318e-01	-9.996848243427033931e-02	2.492265389909136819e-01	-5.962189300697690042e-01	2.560522834917817736e-01	-2.703576401350611946e-01	1.582968210125993425e-01	-2.231666412418027434e-01	2.050536349759531363e-01	-2.145270361970678108e-01	1.394358891745898221e-01	-9.553451829468433132e-02	1.301399564715830792e-01	-1.622163397558665787e-01	1.362735446159796526e-01	-8.180507038655383811e-02	7.792904107944290115e-02	-9.452320226054282404e-02	1.016111835811857045e-01	-1.169306635444897075e-01	7.592340044012156619e-02	-7.387302083080139747e-02	4.970986996612936082e-02	-5.242137431396808739e-02	1.032334383931698268e-01	-1.278853937202928948e-01	7.713800645620112750e-02	-3.205979623014583446e-02	3.908650862092620526e-02	-7.806953672898504781e-02	6.749399473423373097e-02	-8.035416307798785851e-02
-1.725048222495666472e-01	1.903224671482065256e-01	-6.138881919285634758e-01	2.867930836776176884e-01	-1.484264013453193976e-01	1.479984060783727517e-01	-4.339161023888769564e-01	1.000000000000000222e+00	-4.222073557806190758e-01	1.404801172654781549e-01	-1.702714823000200106e-01	2.501442277190055186e-01	-3.259926642126891316e-01	2.567358789235912320e-01	-1.335360372685790720e-01	1.449371688695528237e-01	-1.294279867988667176e-01	1.413709708989867864e-01	-1.124220334671958837e-01	7.792657165649545525e-02	-8.962239106389721655e-02	1.053315926873028274e-01	-9.549120901923895122e-02	6.143216529046353902e-02	-6.153901227856685419e-02	6.621607276331825664e-02	-7.228940527055673082e-02	8.350123603310008469e-02	-5.705177686187876823e-02	5.807779225831609382e-02	-3.625112934786231533e-02	3.823071880547557894e-02	-7.638302680151290436e-02	9.771951070621674729e-02	-5.931273781976938858e-02	2.348976581070829836e-02	-2.879154460277802766e-02	5.836515109437868942e-02	-5.095280848298260057e-02	6.120522207691179994e-02
1.279863601653618288e-01	-1.507414947871001110e-01	3.091636016229072359e-01	-6.400394239799640506e-01	2.317778679255683705e-01	-1.126440670964247576e-01	2.092927593443645318e-01	-4.222073557806190758e-01	9.999999999999994449e-01	-3.055670784093996173e-01	1.290279778062647098e-01	-2.078561112741986183e-01	2.293029430748694530e-01	-3.639938097102954906e-01	1.365818323602067674e-01	-1.409312867758161225e-01	1.155120524396388293e-01	-1.366241583496842216e-01	1.121316107036407911e-01	-8.160727703481562845e-02	8.467591166301687011e-02	-1.002651405831757325e-01	9.076299026057638164e-02	-6.194407613509208405e-02	6.236545050297385984e-02	-6.418070299319654504e-02	6.916054984768216229e-02	-8.206334865453729366e-02	5.690652588774838816e-02	-5.986639131326400992e-02	3.526477852596764800e-02	-3.744807746481085969e-02	7.452387247088429478e-02	-1.012993394279839976e-01	6.004362138421553974e-02	-2.300137365993808886e-02	2.810259181812110180e-02	-5.873822226870466234e-02	5.095116483456301609e-02	-6.251572372630280483e-02
-6.804877095061923065e-02	7.475787900334796010e-02	-1.637295535642104005e-01	2.247303309466887611e-01	-9.008150547752110660e-01	5.665912708675430176e-02	-9.996848243427033931e-02	1.404801172654781549e-01	-3.055670784093996173e-01	9.999999999999993339e-01	-6.868512781569605097e-02	9.378481445419370455e-02	-1.019617158735250662e-01	1.244717992154954628e-01	-1.204203463347984643e-01	7.895275317622706124e-02	-6.108439394098278546e-02	7.621517805876702745e-02	-7.110782137308241380e-02	6.076849385757374100e-02	-4.795772640186407587e-02	5.567012813363955703e-02	-5.212935501928499249e-02	3.944036034185634254e-02	-4.263786258509058569e-02	3.740214339938426752e-02	-4.026184953681301998e-02	4.906502607932893001e-02	-3.597122571623907056e-02	4.136463293818275211e-02	-2.117216784213347969e-02	2.261678064959088755e-02	-4.539774261079389944e-02	6.726478565709230473e-02	-3.941069956153547132e-02	1.393266911229630936e-02	-1.703800939796118810e-02	3.722232107514222843e-02	-3.238602517572690409e-02	4.095166840225321347e-02
2.668101094744414481e-01	-3.174220245569321919e-01	1.440159639743398556e-01	-1.176389377531882191e-01	6.778935235054717179e-02	-7.932628535953475390e-01	2.492265389909136819e-01	-1.702714823000200106e-01	1.290279778062647098e-01	-6.868512781569605097e-02	9.999999999999997780e-01	-2.618026317535471215e-01	1.525762142366830498e-01	-1.776042275383643287e-01	1.332777809111450884e-01	-2.173546608008743719e-01	1.482932627575390960e-01	-1.677014299680605058e-01	1.159352456397065440e-01	-7.976050273311752203e-02	1.139046999818384143e-01	-1.298458274957265124e-01	1.132596365336906719e-01	-7.126806535176881396e-02	6.737192682341620886e-02	-8.363198758603174188e-02	8.901746992569120609e-02	-1.020256894453507174e-01	6.618506210232240339e-02	-6.414830006937977114e-02	4.412277828239198618e-02	-4.666997936012438897e-02	9.107560187774454974e-02	-1.157123251912955536e-01	6.849014306672732144e-02	-2.858192205187519777e-02	3.478912716140739048e-02	-6.993973388651253398e-02	6.018192692945251165e-02	-7.202310735530230434e-02
-2.046151274242086482e-01	2.004974305685946478e-01	-2.177573990798608583e-01	1.571386589824499691e-01	-9.729031596191299591e-02	1.964857820803689870e-01	-5.962189300697690042e-01	2.501442277190055186e-01	-2.078561112741986183e-01	9.378481445419370455e-02	-2.618026317535471215e-01	9.999999999999983347e-01	-4.409985505807235140e-01	2.679663442173512156e-01	-1.881757331461524629e-01	2.304513231770011494e-01	-3.645390298795682105e-01	2.355743560899630495e-01	-1.659381782966183883e-01	1.088543416071106329e-01	-1.558165732959977123e-01	1.864038408011415571e-01	-1.646124425932000979e-01	9.049722335218837732e-02	-8.840286149115905712e-02	1.062781808648568665e-01	-1.190209361757562090e-01	1.300606454425916880e-01	-8.545734760380521711e-02	8.181404244961389127e-02	-5.660585550168032581e-02	5.888743704747681496e-02	-1.182975490792949336e-01	1.349338532969485971e-01	-8.520699199034530158e-02	3.609567940172560968e-02	-4.438779449818349571e-02	8.528059609943643149e-02	-7.501157447918990751e-02	8.686315802947118525e-02
1.342967277810184212e-01	-1.452704672430315258e-01	2.077098383188537845e-01	-1.824672439639000998e-01	9.939625700548707088e-02	-1.257540300878215445e-01	2.560522834917817736e-01	-3.259926642126891316e-01	2.293029430748694530e-01	-1.019617158735250662e-01	1.525762142366830498e-01	-4.409985505807235140e-01	9.999999999999973355e-01	-7.301030515930788667e-01	1.610001066988141771e-01	-1.744610258469747044e-01	1.698453066691552604e-01	-1.932366136144942903e-01	1.452949167167181255e-01	-1.004393385187265370e-01	1.084164361979212260e-01	-1.323046074373188385e-01	1.184389126173648887e-01	-7.534492982321307208e-02	7.527632422335217566e-02	-7.961499858523696238e-02	8.682160697072097144e-02	-1.012339302015702741e-01	6.937099301051193045e-02	-7.147379764708526595e-02	4.312909419842215347e-02	-4.549886893607224536e-02	9.108863813307029045e-02	-1.170275004797740742e-01	7.120156364561858187e-02	-2.789890855789110141e-02	3.415282088714793191e-02	-6.969446413364283055e-02	6.077062622493731303e-02	-7.336489961431917617e-02
-1.562286126207498571e-01	1.540716310386167909e-01	-2.499104078765189973e-01	2.064312232668878977e-01	-1.279093386595117898e-01	1.346862756642185632e-01	-2.703576401350611946e-01	2.567358789235912320e-01	-3.639938097102954906e-01	1.244717992154954628e-01	-1.776042275383643287e-01	2.679663442173512156e-01	-7.301030515930788667e-01	1.000000000000000222e+00	-2.170329694619831384e-01	1.711637298256529216e-01	-1.582714983750355964e-01	1.771225254917169756e-01	-1.945912063640172773e-01	1.248686881920317432e-01	-1.118337548613963228e-01	1.281093772907092587e-01	-1.226868703336424504e-01	8.463129660684419464e-02	-9.020483756439441614e-02	8.318436141874216427e-02	-9.219779789819038118e-02	1.071485574908088018e-01	-7.822689042419365968e-02	8.400653044224282162e-02	-4.687980717722817908e-02	4.938724351343051072e-02	-1.003869233244062825e-01	1.314389056064573236e-01	-8.158492194674810127e-02	3.042791579335220667e-02	-3.747493080414547595e-02	7.711738964582884326e-02	-6.814939357003403642e-02	8.265921749133023355e-02
1.126932802321054528e-01	-1.215754625793998012e-01	1.242622621184303472e-01	-1.141444824954944981e-01	1.058952811839102004e-01	-1.062153795797659561e-01	1.582968210125993425e-01	-1.335360372685790720e-01	1.365818323602067674e-01	-1.204203463347984643e-01	1.332777809111450884e-01	-1.881757331461524629e-01	1.610001066988141771e-01	-2.170329694619831384e-01	1.000000000000000222e+00	-3.098780886175364069e-01	1.986929946478619147e-01	-3.057173937799107510e-01	3.259161685123240781e-01	-5.501153066814510328e-01	1.816213424293657841e-01	-2.111598490011172280e-01	2.064918148551296295e-01	-2.048482310601849599e-01	2.461067514565745684e-01	-1.552028440393154185e-01	1.620653458359996302e-01	-2.189606209036800977e-01	1.785235713736329499e-01	-2.605196763373622271e-01	9.157770199733016037e-02	-1.001198259339291380e-01	2.023507527508603132e-01	-3.818491689703425451e-01	2.113866838674329229e-01	-6.171028349041871031e-02	7.487889738884567770e-02	-1.880868254476351364e-01	1.618655503137757801e-01	-2.242164006397171783e-01
-1.528212657355156878e-01	1.434914623767171438e-01	-1.424056327928697185e-01	1.096005956514829183e-01	-8.230096826617157302e-02	1.457801254017596915e-01	-2.231666412418027434e-01	1.449371688695528237e-01	-1.409312867758161225e-01	7.895275317622706124e-02	-2.173546608008743719e-01	2.304513231770011494e-01	-1.744610258469747044e-01	1.711637298256529216e-01	-3.098780886175364069e-01	9.999999999999995559e-01	-4.735890495202697559e-01	3.031768787916803709e-01	-2.647864254404014295e-01	1.677768708053175573e-01	-4.889026550341085686e-01	3.054390754294813437e-01	-2.894822281994911539e-01	1.478759641128023217e-01	-1.446605400805109631e-01	2.340990789768198355e-01	-2.730952673966685618e-01	2.330474325146476844e-01	-1.451063289602560202e-01	1.297898020678615316e-01	-1.152345995543855584e-01	1.148607980768248105e-01	-2.267450910710705203e-01	2.074097223103255061e-01	-1.419629569180993756e-01	7.061610362216888537e-02	-8.754364612185380756e-02	1.466889253867271203e-01	-1.322102287763562423e-01	1.414807838041278742e-01
1.161130804051310611e-01	-1.168058683620300242e-01	1.167429673987992744e-01	-9.091728229428990005e-02	6.272249314348307681e-02	-1.126769150842623912e-01	2.050536349759531363e-01	-1.294279867988667176e-01	1.155120524396388293e-01	-6.108439394098278546e-02	1.482932627575390960e-01	-3.645390298795682105e-01	1.698453066691552604e-01	-1.582714983750355964e-01	1.986929946478619147e-01	-4.735890495202697559e-01	9.999999999999997780e-01	-5.698411330295911625e-01	1.900908530362289961e-01	-1.213131322539793416e-01	2.502392357140347245e-01	-4.564838527438053739e-01	2.622849129680915325e-01	-1.142683007185694571e-01	1.007736084975216773e-01	-1.581931031310666869e-01	1.709890257313036732e-01	-1.853406318421281507e-01	1.076806263409964548e-01	-9.298360364320948368e-02	7.475443129135000975e-02	-7.722892932900934926e-02	1.517106106979198565e-01	-1.525833712276174203e-01	9.869793305686486162e-02	-4.671769732862923047e-02	5.682882257627853984e-02	-1.039695604588545125e-01	9.016808452537142249e-02	-1.009585958841876380e-01
-1.339344959952694925e-01	1.286786663490913085e-01	-1.358859973910983010e-01	1.057514696017973627e-01	-7.885148655148462027e-02	1.217796853331523516e-01	-2.145270361970678108e-01	1.413709708989867864e-01	-1.366241583496842216e-01	7.621517805876702745e-02	-1.677014299680605058e-01	2.355743560899630495e-01	-1.932366136144942903e-01	1.771225254917169756e-01	-3.057173937799107510e-01	3.031768787916803709e-01	-5.698411330295911625e-01	9.999999999999991118e-01	-3.386758371891646635e-01	1.870319852862892818e-01	-2.554959657368685577e-01	2.961352069164710499e-01	-4.300716477058996734e-01	1.588952940295667859e-01	-1.498776224204297902e-01	1.741950169083003874e-01	-2.083433389913841027e-01	2.368284824145009959e-01	-1.530951366535120428e-01	1.342509075272654007e-01	-9.690513253412921801e-02	9.960417191936954406e-02	-2.132413263551591609e-01	2.066755786896679881e-01	-1.394698066713208062e-01	6.077637320309370317e-02	-7.569364435881507924e-02	1.403885458585351353e-01	-1.256573304585119066e-01	1.383952450698332504e-01
9.674827789382163534e-02	-1.019653358295099510e-01	1.044227684587952371e-01	-9.047879047565407507e-02	6.936569962196448280e-02	-9.082352654507895584e-02	1.394358891745898221e-01	-1.124220334671958837e-01	1.121316107036407911e-01	-7.110782137308241380e-02	1.159352456397065440e-01	-1.659381782966183883e-01	1.452949167167181255e-01	-1.945912063640172773e-01	3.259161685123240781e-01	-2.647864254404014295e-01	1.900908530362289961e-01	-3.386758371891646635e-01	1.000000000000001110e+00	-6.418819457063502654e-01	1.628544679868289269e-01	-1.922245953247576078e-01	1.969602538399884417e-01	-2.388247389415796285e-01	2.455935629645763507e-01	-1.360809002798042677e-01	1.453495507066369929e-01	-1.970050858393453119e-01	1.856747721160838527e-01	-2.490694134819324002e-01	7.978068560027944123e-02	-8.642473550560154927e-02	1.779886850135680987e-01	-3.115495871547764861e-01	1.864560769078353053e-01	-5.309668316022451290e-02	6.477978772160591925e-02	-1.576632540746331357e-01	1.385414394102814362e-01	-1.887106075417085416e-01
-6.689208826870490787e-02	6.953829096422330103e-02	-7.429354447724424715e-02	6.510108323094543348e-02	-5.933379450118612952e-02	6.177573435457024004e-02	-9.553451829468433132e-02	7.792657165649545525e-02	-8.160727703481562845e-02	6.076849385757374100e-02	-7.976050273311752203e-02	1.088543416071106329e-01	-1.004393385187265370e-01	1.248686881920317432e-01	-5.501153066814510328e-01	1.677768708053175573e-01	-1.213131322539793416e-01	1.870319852862892818e-01	-6.418819457063502654e-01	9.999999999999982236e-01	-1.081066933263203356e-01	1.235212973450894314e-01	-1.316090814787998498e-01	1.543466078720404921e-01	-3.925440217877245730e-01	9.036475847000470518e-02	-9.862036934669986266e-02	1.312189998651416556e-01	-1.376102800717285413e-01	2.354494019288216056e-01	-5.574330937969440569e-02	6.006126242112143354e-02	-1.274653684175424684e-01	2.217293694004582039e-01	-1.610127232013867093e-01	3.710994478686566178e-02	-4.572080746903798426e-02	1.128278308720152973e-01	-1.043931942373584609e-01	1.437257618771848044e-01
8.761375510339411421e-02	-8.748147329720343257e-02	8.468311729396907350e-02	-6.732937314341171098e-02	4.923794328324693909e-02	-8.491616570194285285e-02	1.301399564715830792e-01	-8.962239106389721655e-02	8.467591166301687011e-02	-4.795772640186407587e-02	1.139046999818384143e-01	-1.558165732959977123e-01	1.084164361979212260e-01	-1.118337548613963228e-01	1.816213424293657841e-01	-4.889026550341085686e-01	2.502392357140347245e-01	-2.554959657368685577e-01	1.628544679868289269e-01	-1.081066933263203356e-01	1.000000000000001110e+00	-5.097432888781114890e-01	2.587231741249982897e-01	-1.256654444753941280e-01	9.943349068148560344e-02	-5.177808726194810252e-01	2.849449616472871094e-01	-2.547231433820166258e-01	1.183251563839224779e-01	-9.366962613310329810e-02	1.184101340613749470e-01	-1.210580251839693672e-01	1.790824702440823313e-01	-1.684461389142214160e-01	1.055158698760591263e-01	-7.038227903939461849e-02	7.838366072027712350e-02	-1.254204231704943995e-01	1.018518099727741266e-01	-1.137055764339031383e-01
-1.020601894798944392e-01	9.907946822150266730e-02	-1.006514426224897618e-01	7.837074125911347444e-02	-5.755628224700146817e-02	9.482031662926428128e-02	-1.622163397558665787e-01	1.053315926873028274e-01	-1.002651405831757325e-01	5.567012813363955703e-02	-1.298458274957265124e-01	1.864038408011415571e-01	-1.323046074373188385e-01	1.281093772907092587e-01	-2.111598490011172280e-01	3.054390754294813437e-01	-4.564838527438053739e-01	2.961352069164710499e-01	-1.922245953247576078e-01	1.235212973450894314e-01	-5.097432888781114890e-01	1.000000000000000666e+00	-5.199538506391327974e-01	1.410069436959508482e-01	-1.112634794815701988e-01	2.315492276578984820e-01	-2.672008879192582231e-01	2.539065052165034864e-01	-1.362960399176653126e-01	1.021354201083428115e-01	-9.867978959052042809e-02	1.001464159039505558e-01	-1.938931777691411118e-01	1.711441483512663730e-01	-1.125147684621032040e-01	5.981504810446006126e-02	-7.205666280058903306e-02	1.249448281191184174e-01	-1.068847942151544966e-01	1.157252872307583808e-01
9.046464040737443868e-02	-9.052421195359106054e-02	8.996424425944211933e-02	-7.212922957265684165e-02	5.335405949421571925e-02	-8.507630818434890052e-02	1.362735446159796526e-01	-9.549120901923895122e-02	9.076299026057638164e-02	-5.212935501928499249e-02	1.132596365336906719e-01	-1.646124425932000979e-01	1.184389126173648887e-01	-1.226868703336424504e-01	2.064918148551296295e-01	-2.894822281994911539e-01	2.622849129680915325e-01	-4.300716477058996734e-01	1.969602538399884417e-01	-1.316090814787998498e-01	2.587231741249982897e-01	-5.199538506391327974e-01	9.999999999999991118e-01	-2.264476547967896880e-01	1.248303945267574128e-01	-2.215389080063651095e-01	2.406044785770488914e-01	-5.263532259110191847e-01	1.869608317432170930e-01	-1.186693306183298907e-01	1.022986305931854190e-01	-1.110794007231882957e-01	2.270778696694706333e-01	-2.111556807826519000e-01	1.302019806186250628e-01	-6.450887925304520099e-02	7.677332077567830537e-02	-1.568847702977912151e-01	1.242007207874660790e-01	-1.395221197034274829e-01
-5.827958726701952530e-02	5.794428374086547928e-02	-5.956798775879350999e-02	4.908090474090164024e-02	-4.014607477629740517e-02	5.310227238514386022e-02	-8.180507038655383811e-02	6.143216529046353902e-02	-6.194407613509208405e-02	3.944036034185634254e-02	-7.126806535176881396e-02	9.049722335218837732e-02	-7.534492982321307208e-02	8.463129660684419464e-02	-2.048482310601849599e-01	1.478759641128023217e-01	-1.142683007185694571e-01	1.588952940295667859e-01	-2.388247389415796285e-01	1.543466078720404921e-01	-1.256654444753941280e-01	1.410069436959508482e-01	-2.264476547967896880e-01	9.999999999999991118e-01	-2.096437296073566381e-01	1.076428717526217993e-01	-1.345244807983499713e-01	2.018380712149233924e-01	-8.514413740764352756e-01	1.727760927327841867e-01	-6.750629617436587626e-02	7.122431076432510222e-02	-1.666213838683115733e-01	2.332303467126981833e-01	-1.595126882801037316e-01	4.313970290014283032e-02	-5.407828005109196340e-02	1.167250252064936655e-01	-1.134094658216124180e-01	1.303181262309730526e-01
5.597328020631102408e-02	-5.748179893117008610e-02	5.880816274453902481e-02	-5.024782579161776036e-02	4.230347084125594265e-02	-5.156410078190001856e-02	7.792904107944290115e-02	-6.153901227856685419e-02	6.236545050297385984e-02	-4.263786258509058569e-02	6.737192682341620886e-02	-8.840286149115905712e-02	7.527632422335217566e-02	-9.020483756439441614e-02	2.461067514565745684e-01	-1.446605400805109631e-01	1.007736084975216773e-01	-1.498776224204297902e-01	2.455935629645763507e-01	-3.925440217877245730e-01	9.943349068148560344e-02	-1.112634794815701988e-01	1.248303945267574128e-01	-2.096437296073566381e-01	9.999999999999966693e-01	-8.602569060089138020e-02	9.602199431554532538e-02	-1.329525834243920068e-01	1.740539644585395174e-01	-7.523374068291810435e-01	5.809838391915736477e-02	-6.279405667075385611e-02	1.401552874613477551e-01	-2.848794096646528606e-01	2.504282885595122687e-01	-3.908918686460074315e-02	4.866960820292348666e-02	-1.356179869840563879e-01	1.329130127571327147e-01	-2.133419770679184369e-01
-6.564247560863922804e-02	6.449667475534320848e-02	-6.376877309320914955e-02	5.079640884625302027e-02	-3.852638605919704584e-02	6.137132914279960771e-02	-9.452320226054282404e-02	6.621607276331825664e-02	-6.418070299319654504e-02	3.740214339938426752e-02	-8.363198758603174188e-02	1.062781808648568665e-01	-7.961499858523696238e-02	8.318436141874216427e-02	-1.552028440393154185e-01	2.340990789768198355e-01	-1.581931031310666869e-01	1.741950169083003874e-01	-1.360809002798042677e-01	9.036475847000470518e-02	-5.177808726194810252e-01	2.315492276578984820e-01	-2.215389080063651095e-01	1.076428717526217993e-01	-8.602569060089138020e-02	9.999999999999995559e-01	-6.993719395701288866e-01	2.478007698504927081e-01	-1.078374463920743764e-01	8.039084897188698842e-02	-1.906532426424825677e-01	1.536248340290279901e-01	-1.900344138123477022e-01	1.429565751955769737e-01	-9.348954324485958534e-02	8.898903648570383185e-02	-9.698075370105616044e-02	1.170255915637624655e-01	-9.564219694642694947e-02	1.003366019604072373e-01
7.034340794163772281e-02	-7.065480689861403096e-02	6.860554144430490442e-02	-5.523714087640427955e-02	4.122604196931196202e-02	-6.685456096726496988e-02	1.016111835811857045e-01	-7.228940527055673082e-02	6.916054984768216229e-02	-4.026184953681301998e-02	8.901746992569120609e-02	-1.190209361757562090e-01	8.682160697072097144e-02	-9.219779789819038118e-02	1.620653458359996302e-01	-2.730952673966685618e-01	1.709890257313036732e-01	-2.083433389913841027e-01	1.453495507066369929e-01	-9.862036934669986266e-02	2.849449616472871094e-01	-2.672008879192582231e-01	2.406044785770488914e-01	-1.345244807983499713e-01	9.602199431554532538e-02	-6.993719395701288866e-01	9.999999999999987788e-01	-4.553356285008104964e-01	1.302802743254514173e-01	-9.210879554791448487e-02	1.438939008757204874e-01	-1.537723036513527208e-01	2.078371448039280089e-01	-1.724344575166726345e-01	1.066099823753552528e-01	-8.402479629701470332e-02	9.050501207618034949e-02	-1.398655883667504485e-01	1.077325688128939196e-01	-1.184056827694950770e-01
-8.175159091823178126e-02	8.027823088047847389e-02	-8.080650003098226175e-02	6.486957739118118238e-02	-5.047881040929688007e-02	7.513639405012834116e-02	-1.169306635444897075e-01	8.350123603310008469e-02	-8.206334865453729366e-02	4.906502607932893001e-02	-1.020256894453507174e-01	1.300606454425916880e-01	-1.012339302015702741e-01	1.071485574908088018e-01	-2.189606209036800977e-01	2.330474325146476844e-01	-1.853406318421281507e-01	2.368284824145009959e-01	-1.970050858393453119e-01	1.312189998651416556e-01	-2.547231433820166258e-01	2.539065052165034864e-01	-5.263532259110191847e-01	2.018380712149233924e-01	-1.329525834243920068e-01	2.478007698504927081e-01	-4.553356285008104964e-01	9.999999999999951150e-01	-2.464795307503346855e-01	1.245046248937909383e-01	-1.358487301452402929e-01	1.446715851660443919e-01	-4.405462833092303465e-01	2.172199561173683013e-01	-1.459813276950750471e-01	8.076104620348030505e-02	-9.925982470318193973e-02	1.947874389638347969e-01	-1.572609875558173831e-01	1.546935688159914168e-01
5.407765330559462236e-02	-5.422585689938686643e-02	5.492372255450424928e-02	-4.536355112561931552e-02	3.651903823481275624e-02	-4.966691286332499539e-02	7.592340044012156619e-02	-5.705177686187876823e-02	5.690652588774838816e-02	-3.597122571623907056e-02	6.618506210232240339e-02	-8.545734760380521711e-02	6.937099301051193045e-02	-7.822689042419365968e-02	1.785235713736329499e-01	-1.451063289602560202e-01	1.076806263409964548e-01	-1.530951366535120428e-01	1.856747721160838527e-01	-1.376102800717285413e-01	1.183251563839224779e-01	-1.362960399176653126e-01	1.869608317432170930e-01	-8.514413740764352756e-01	1.740539644585395174e-01	-1.078374463920743764e-01	1.302802743254514173e-01	-2.464795307503346855e-01	9.999999999999992228e-01	-1.874101622990113070e-01	6.534468414984363760e-02	-7.015174713362297421e-02	1.608736605091349858e-01	-3.081185748755568277e-01	1.581614424089435034e-01	-4.211217232842255631e-02	5.222171367255352276e-02	-1.187482323453078886e-01	1.119513605044624577e-01	-1.335878557604910644e-01
-5.326606904959699240e-02	5.388085154783072567e-02	-5.624887368923772030e-02	4.771461266033239640e-02	-4.156742803307025141e-02	4.850867959940911855e-02	-7.387302083080139747e-02	5.807779225831609382e-02	-5.986639131326400992e-02	4.136463293818275211e-02	-6.414830006937977114e-02	8.181404244961389127e-02	-7.147379764708526595e-02	8.400653044224282162e-02	-2.605196763373622271e-01	1.297898020678615316e-01	-9.298360364320948368e-02	1.342509075272654007e-01	-2.490694134819324002e-01	2.354494019288216056e-01	-9.366962613310329810e-02	1.021354201083428115e-01	-1.186693306183298907e-01	1.727760927327841867e-01	-7.523374068291810435e-01	8.039084897188698842e-02	-9.210879554791448487e-02	1.245046248937909383e-01	-1.874101622990113070e-01	9.999999999999982236e-01	-5.724235847402770611e-02	6.105331057647000320e-02	-1.422434440673497613e-01	2.517457519120990250e-01	-4.270152116422685773e-01	3.812847815189305406e-02	-4.817748919339998048e-02	1.292191877447860515e-01	-1.423348891656732174e-01	2.094143357240215997e-01
3.539431793715248215e-02	-3.549101824883311995e-02	3.471548340268051924e-02	-2.820589557071601083e-02	2.166433556982146763e-02	-3.305840980530984352e-02	4.970986996612936082e-02	-3.625112934786231533e-02	3.526477852596764800e-02	-2.117216784213347969e-02	4.412277828239198618e-02	-5.660585550168032581e-02	4.312909419842215347e-02	-4.687980717722817908e-02	9.157770199733016037e-02	-1.152345995543855584e-01	7.475443129135000975e-02	-9.690513253412921801e-02	7.978068560027944123e-02	-5.574330937969440569e-02	1.184101340613749470e-01	-9.867978959052042809e-02	1.022986305931854190e-01	-6.750629617436587626e-02	5.809838391915736477e-02	-1.906532426424825677e-01	1.438939008757204874e-01	-1.358487301452402929e-01	6.534468414984363760e-02	-5.724235847402770611e-02	1.000000000000000666e+00	-7.933592913829355942e-01	1.925837946536081424e-01	-1.198135642551472480e-01	7.437905102462961937e-02	-4.179322529323457602e-01	2.794327452902459208e-01	-1.329635569984431998e-01	8.871565355983547507e-02	-9.372404020631551480e-02
-3.749460662933928878e-02	3.733591739262667741e-02	-3.682048891863309859e-02	2.986367315923738400e-02	-2.318635754767070511e-02	3.474911775098267486e-02	-5.242137431396808739e-02	3.823071880547557894e-02	-3.744807746481085969e-02	2.261678064959088755e-02	-4.666997936012438897e-02	5.888743704747681496e-02	-4.549886893607224536e-02	4.938724351343051072e-02	-1.001198259339291380e-01	1.148607980768248105e-01	-7.722892932900934926e-02	9.960417191936954406e-02	-8.642473550560154927e-02	6.006126242112143354e-02	-1.210580251839693672e-01	1.001464159039505558e-01	-1.110794007231882957e-01	7.122431076432510222e-02	-6.279405667075385611e-02	1.536248340290279901e-01	-1.537723036513527208e-01	1.446715851660443919e-01	-7.015174713362297421e-02	6.105331057647000320e-02	-7.933592913829355942e-01	9.999999999999991118e-01	-2.964916484551543552e-01	1.233254079625568933e-01	-8.044948318031461265e-02	2.662246535198949382e-01	-3.755407062551259223e-01	1.452962824371271389e-01	-1.016708087676667510e-01	9.851679707263538699e-02
7.373588723089451180e-02	-7.446493791345450142e-02	7.297766812817711723e-02	-5.977234504787456992e-02	4.631190653560415815e-02	-6.875468524931248326e-02	1.032334383931698268e-01	-7.638302680151290436e-02	7.452387247088429478e-02	-4.539774261079389944e-02	9.107560187774454974e-02	-1.182975490792949336e-01	9.108863813307029045e-02	-1.003869233244062825e-01	2.023507527508603132e-01	-2.267450910710705203e-01	1.517106106979198565e-01	-2.132413263551591609e-01	1.779886850135680987e-01	-1.274653684175424684e-01	1.790824702440823313e-01	-1.938931777691411118e-01	2.270778696694706333e-01	-1.666213838683115733e-01	1.401552874613477551e-01	-1.900344138123477022e-01	2.078371448039280089e-01	-4.405462833092303465e-01	1.608736605091349858e-01	-1.422434440673497613e-01	1.925837946536081424e-01	-2.964916484551543552e-01	9.999999999999987788e-01	-3.185539638419731534e-01	1.942425330569650388e-01	-1.247770250936031666e-01	1.474613621978429490e-01	-5.390545786635364545e-01	2.586630779442546935e-01	-2.698493356103124907e-01
-9.534522155320782066e-02	9.290805258393228239e-02	-9.700340094228232513e-02	7.987187303070507338e-02	-6.920795330108520105e-02	8.473627839832417741e-02	-1.278853937202928948e-01	9.771951070621674729e-02	-1.012993394279839976e-01	6.726478565709230473e-02	-1.157123251912955536e-01	1.349338532969485971e-01	-1.170275004797740742e-01	1.314389056064573236e-01	-3.818491689703425451e-01	2.074097223103255061e-01	-1.525833712276174203e-01	2.066755786896679881e-01	-3.115495871547764861e-01	2.217293694004582039e-01	-1.684461389142214160e-01	1.711441483512663730e-01	-2.111556807826519000e-01	2.332303467126981833e-01	-2.848794096646528606e-01	1.429565751955769737e-01	-1.724344575166726345e-01	2.172199561173683013e-01	-3.081185748755568277e-01	2.517457519120990250e-01	-1.198135642551472480e-01	1.233254079625568933e-01	-3.185539638419731534e-01	9.999999999999981126e-01	-5.094600805985520786e-01	7.763650891028568701e-02	-1.019741043811126652e-01	2.282921089484992450e-01	-2.897617423487695021e-01	2.838222632081046637e-01
5.643883896965920521e-02	-5.663370223044989632e-02	5.753911214587416334e-02	-4.797047254555233259e-02	3.999682955865883904e-02	-5.140331108406118177e-02	7.713800645620112750e-02	-5.931273781976938858e-02	6.004362138421553974e-02	-3.941069956153547132e-02	6.849014306672732144e-02	-8.520699199034530158e-02	7.120156364561858187e-02	-8.158492194674810127e-02	2.113866838674329229e-01	-1.419629569180993756e-01	9.869793305686486162e-02	-1.394698066713208062e-01	1.864560769078353053e-01	-1.610127232013867093e-01	1.055158698760591263e-01	-1.125147684621032040e-01	1.302019806186250628e-01	-1.595126882801037316e-01	2.504282885595122687e-01	-9.348954324485958534e-02	1.066099823753552528e-01	-1.459813276950750471e-01	1.581614424089435034e-01	-4.270152116422685773e-01	7.437905102462961937e-02	-8.044948318031461265e-02	1.942425330569650388e-01	-5.094600805985520786e-01	9.999999999999981126e-01	-5.083463045239654948e-02	6.448005122710087633e-02	-2.195654005158477751e-01	2.427184567394141124e-01	-5.913349922377965084e-01
-2.300398698118608434e-02	2.297906358356819820e-02	-2.259797990862560599e-02	1.837390376152361199e-02	-1.427020818415530856e-02	2.134169776987858425e-02	-3.205979623014583446e-02	2.348976581070829836e-02	-2.300137365993808886e-02	1.393266911229630936e-02	-2.858192205187519777e-02	3.609567940172560968e-02	-2.789890855789110141e-02	3.042791579335220667e-02	-6.171028349041871031e-02	7.061610362216888537e-02	-4.671769732862923047e-02	6.077637320309370317e-02	-5.309668316022451290e-02	3.710994478686566178e-02	-7.038227903939461849e-02	5.981504810446006126e-02	-6.450887925304520099e-02	4.313970290014283032e-02	-3.908918686460074315e-02	8.898903648570383185e-02	-8.402479629701470332e-02	8.076104620348030505e-02	-4.211217232842255631e-02	3.812847815189305406e-02	-4.179322529323457602e-01	2.662246535198949382e-01	-1.247770250936031666e-01	7.763650891028568701e-02	-5.083463045239654948e-02	9.999999999999980016e-01	-8.541224576110678646e-01	9.411952459882290400e-02	-6.582398620323873240e-02	6.258939646904496112e-02
2.806095905140625762e-02	-2.821612574797572465e-02	2.759111301276134451e-02	-2.251765151613793758e-02	1.741482529664934928e-02	-2.613543575433952340e-02	3.908650862092620526e-02	-2.879154460277802766e-02	2.810259181812110180e-02	-1.703800939796118810e-02	3.478912716140739048e-02	-4.438779449818349571e-02	3.415282088714793191e-02	-3.747493080414547595e-02	7.487889738884567770e-02	-8.754364612185380756e-02	5.682882257627853984e-02	-7.569364435881507924e-02	6.477978772160591925e-02	-4.572080746903798426e-02	7.838366072027712350e-02	-7.205666280058903306e-02	7.677332077567830537e-02	-5.407828005109196340e-02	4.866960820292348666e-02	-9.698075370105616044e-02	9.050501207618034949e-02	-9.925982470318193973e-02	5.222171367255352276e-02	-4.817748919339998048e-02	2.794327452902459208e-01	-3.755407062551259223e-01	1.474613621978429490e-01	-1.019741043811126652e-01	6.448005122710087633e-02	-8.541224576110678646e-01	9.999999999999978906e-01	-1.278970716572023769e-01	8.237805044328787296e-02	-8.238403413917269602e-02
-5.699142373410881479e-02	5.626519767177233511e-02	-5.699144712746044561e-02	4.662700143971254541e-02	-3.819565066087403371e-02	5.175438915685650482e-02	-7.806953672898504781e-02	5.836515109437868942e-02	-5.873822226870466234e-02	3.722232107514222843e-02	-6.993973388651253398e-02	8.528059609943643149e-02	-6.969446413364283055e-02	7.711738964582884326e-02	-1.880868254476351364e-01	1.466889253867271203e-01	-1.039695604588545125e-01	1.403885458585351353e-01	-1.576632540746331357e-01	1.128278308720152973e-01	-1.254204231704943995e-01	1.249448281191184174e-01	-1.568847702977912151e-01	1.167250252064936655e-01	-1.356179869840563879e-01	1.170255915637624655e-01	-1.398655883667504485e-01	1.947874389638347969e-01	-1.187482323453078886e-01	1.292191877447860515e-01	-1.329635569984431998e-01	1.452962824371271389e-01	-5.390545786635364545e-01	2.282921089484992450e-01	-2.195654005158477751e-01	9.411952459882290400e-02	-1.278970716572023769e-01	9.999999999999984457e-01	-6.559264070564595484e-01	2.673368142693527405e-01
4.920042096687986949e-02	-4.922689598187263843e-02	4.934285065172374501e-02	-4.069091180834935595e-02	3.305778689787314956e-02	-4.506052653961271220e-02	6.749399473423373097e-02	-5.095280848298260057e-02	5.095116483456301609e-02	-3.238602517572690409e-02	6.018192692945251165e-02	-7.501157447918990751e-02	6.077062622493731303e-02	-6.814939357003403642e-02	1.618655503137757801e-01	-1.322102287763562423e-01	9.016808452537142249e-02	-1.256573304585119066e-01	1.385414394102814362e-01	-1.043931942373584609e-01	1.018518099727741266e-01	-1.068847942151544966e-01	1.242007207874660790e-01	-1.134094658216124180e-01	1.329130127571327147e-01	-9.564219694642694947e-02	1.077325688128939196e-01	-1.572609875558173831e-01	1.119513605044624577e-01	-1.423348891656732174e-01	8.871565355983547507e-02	-1.016708087676667510e-01	2.586630779442546935e-01	-2.897617423487695021e-01	2.427184567394141124e-01	-6.582398620323873240e-02	8.237805044328787296e-02	-6.559264070564595484e-01	9.999999999999983347e-01	-5.602443748840877369e-01
