1.000000000000000000e+00	-3.669132272304971853e-01	2.082654042465808264e-01	-1.174651432385510064e-01	1.209409037673734449e-01	-8.492815695842934609e-01	2.168374534948775412e-01	-1.537640635408351053e-01	1.071991016478674730e-01	-9.948426860485808099e-02	1.581437268904569704e-01	-1.121909856769097574e-01	8.860542340420332619e-02	-9.275080227000048749e-02	8.453024349575051499e-02	-1.668155029530364875e-01	1.036419778816106418e-01	-9.274771717173575791e-02	5.513378392295373298e-02	-5.694606205001424837e-02	6.758396724438804626e-02	-7.130673397185366413e-02	6.132887533466428037e-02	-3.490676647234788182e-02	4.355927269862190643e-02	-6.571064456600730908e-02	6.177239611868332730e-02	-5.247354992584810085e-02	4.898694338876295046e-02	-3.611246092282599518e-02	5.790390776912730103e-02	-5.091082704060046621e-02	5.433316320300334012e-02	-4.320468284290097938e-02	3.239874872664853800e-02	-1.072986725369238087e-01	3.216211100286958668e-02	-3.121981379978794324e-02	2.473838790757108830e-02	-2.656229774618620171e-02
-3.669132272304971853e-01	1.000000000000000000e+00	-6.602919631028917324e-01	2.027915792861345046e-01	-1.991089656660248453e-01	2.486180302207234571e-01	-5.063463664402551023e-01	2.617469914475208936e-01	-1.859961003577924599e-01	1.494649451273874219e-01	-1.019347835970051547e-01	1.544362482480810539e-01	-1.316771746535327914e-01	1.329242264991806755e-01	-1.247800078341618213e-01	1.005404979269059196e-01	-1.328044366833280032e-01	1.184486409801944473e-01	-7.783707010949074412e-02	8.027524938181472558e-02	-7.744418362636279474e-02	8.378545855401310638e-02	-7.828866957482925881e-02	4.819749448720026669e-02	-6.047626211292647658e-02	7.734235642690845403e-02	-7.596813595136124586e-02	6.614332452185617273e-02	-6.329148844611336144e-02	4.676901176290155365e-02	-7.093194505030236963e-02	6.256789616580733793e-02	-6.845936368550935291e-02	5.506882052154344481e-02	-4.171141099000603980e-02	1.340672934381612058e-01	-4.037233983469613874e-02	3.916444200806996900e-02	-3.141209616186304426e-02	3.369348410454577059e-02
2.082654042465808264e-01	-6.602919631028917324e-01	9.999999999999996669e-01	-3.685619032322393629e-01	2.373274597027650312e-01	-2.355993542706167343e-01	3.105446997852750468e-01	-4.219313577641841673e-01	2.452697968633734404e-01	-2.027359748782396054e-01	1.010560312752531997e-01	-1.709628684096751172e-01	1.567511655412024141e-01	-1.697691540462431536e-01	1.532300896825556091e-01	-1.057923194791690058e-01	1.423500046000816255e-01	-1.486464880461645932e-01	9.518665591826576400e-02	-1.011894345460094408e-01	8.904312600070921069e-02	-9.811169905509137257e-02	9.499020111171058156e-02	-5.941880710271658234e-02	7.360609743369300739e-02	-9.411911176035621385e-02	9.053139188938107151e-02	-8.144587455888550875e-02	7.726726351513883706e-02	-5.780094557200126520e-02	8.632798495488633317e-02	-7.635231374171246033e-02	8.342552440766673461e-02	-6.815269501989482115e-02	5.127067051413765342e-02	-1.736688565641618387e-01	5.026894443482143177e-02	-4.903556042756998523e-02	3.905558426782979736e-02	-4.218141456750288537e-02
-1.174651432385510064e-01	2.027915792861345046e-01	-3.685619032322393629e-01	9.999999999999995559e-01	-5.900781875364368156e-01	1.207577841445992423e-01	-2.497796753574169082e-01	2.823450171549103382e-01	-5.807502132150512697e-01	2.616259823648234284e-01	-7.646597215168128570e-02	1.502587816497746309e-01	-1.616013190573565572e-01	1.806059209414886957e-01	-1.931426453752635997e-01	7.679889165445454025e-02	-1.348628277352715288e-01	1.421633487047903599e-01	-1.082122204686841865e-01	1.138223695221690784e-01	-8.369710783566357282e-02	9.110203872667545222e-02	-9.327946637864148460e-02	6.527309863701230563e-02	-8.223083160849434248e-02	8.845066491228695260e-02	-8.727175431280487228e-02	7.923356007718748706e-02	-7.816288280399648347e-02	5.850226326430253004e-02	-8.289505052934978413e-02	7.332828814423859864e-02	-8.176354808077151981e-02	6.755268672217824844e-02	-5.159724095202120053e-02	1.656163552640804448e-01	-4.885219208215946241e-02	4.751522293377200001e-02	-3.849112533039499018e-02	4.141745317737129117e-02
1.209409037673734449e-01	-1.991089656660248453e-01	2.373274597027650312e-01	-5.900781875364368156e-01	9.999999999999996669e-01	-1.361204923037355741e-01	2.315615454205642854e-01	-2.904533973651469148e-01	3.045479995652322636e-01	-4.571336490896975024e-01	9.725601430525601665e-02	-2.042016477997738444e-01	1.920890708525836987e-01	-2.387221239593188271e-01	2.497744771241185713e-01	-1.008613154129531508e-01	1.779365120640178655e-01	-2.324366021615889843e-01	1.489317644622972503e-01	-1.707273069087954231e-01	1.238182171865045006e-01	-1.377252250148603696e-01	1.443065746423458917e-01	-9.450987191210141747e-02	1.154078317974165518e-01	-1.428509772318900528e-01	1.348436034307639586e-01	-1.271073939038908640e-01	1.206151615875870192e-01	-9.207990504829127731e-02	1.335012511305445904e-01	-1.178511829363086821e-01	1.290526189292653669e-01	-1.084959793537261935e-01	8.094078999873621783e-02	-2.979982812579933249e-01	8.096839946529790777e-02	-7.959281146531387019e-02	6.289768820675416261e-02	-6.866256731157399651e-02
-8.492815695842934609e-01	2.486180302207234571e-01	-2.355993542706167343e-01	1.207577841445992423e-01	-1.361204923037355741e-01	9.999999999999992228e-01	-2.731339857074017163e-01	1.564706227544844508e-01	-1.162044628635582610e-01	1.035890304740199053e-01	-2.262612356460300123e-01	1.186644987052447864e-01	-9.560779374689706844e-02	9.688389035318355214e-02	-9.146662298662890100e-02	1.703085149644848473e-01	-1.150846096219986930e-01	9.547186364806951875e-02	-5.913406331068496447e-02	6.015057946225552121e-02	-7.274106449298749222e-02	7.522333853648553725e-02	-6.474953695286871092e-02	3.713256928863181011e-02	-4.674590354120829183e-02	6.821911346074359395e-02	-6.557267065481758861e-02	5.478603944784842666e-02	-5.177999021638337446e-02	3.787718826621645773e-02	-6.072917186722165406e-02	5.323652542832964241e-02	-5.720178640957285926e-02	4.513053454730071162e-02	-3.407046060773925855e-02	1.083129055004247998e-01	-3.338617175149678068e-02	3.227433180480527436e-02	-2.576594079041953644e-02	2.752952631870966144e-02
2.168374534948775412e-01	-5.063463664402551023e-01	3.105446997852750468e-01	-2.497796753574169082e-01	2.315615454205642854e-01	-2.731339857074017163e-01	9.999999999999997780e-01	-5.279748497502930737e-01	2.458207155387027443e-01	-2.238175010660818365e-01	1.230606655008790740e-01	-3.164003828643514593e-01	2.080025274667990920e-01	-2.154656597017826913e-01	1.783702577233046149e-01	-1.290574280506034677e-01	2.041141478092086126e-01	-1.897995543033232646e-01	1.144833010244348109e-01	-1.205735423340375673e-01	1.161546575641110024e-01	-1.316616803507779099e-01	1.201969426072003883e-01	-7.174777202724798297e-02	8.853464517925263566e-02	-1.200744076897158064e-01	1.158225701394784424e-01	-1.025277507698562629e-01	9.565994861649435022e-02	-7.125873608759303313e-02	1.089624346399739457e-01	-9.668687768810853289e-02	1.046952306927514259e-01	-8.455751369752946556e-02	6.341267466787570140e-02	-2.131504238463607370e-01	6.246658637117691315e-02	-6.089393835962440826e-02	4.828907400486087687e-02	-5.208203215485829318e-02
-1.537640635408351053e-01	2.617469914475208936e-01	-4.219313577641841673e-01	2.823450171549103382e-01	-2.904533973651469148e-01	1.564706227544844508e-01	-5.279748497502930737e-01	9.999999999999995559e-01	-5.231196036542864469e-01	2.385896702425191751e-01	-9.547113175597017609e-02	2.063640876383051326e-01	-2.670934052947595561e-01	2.228731413582764609e-01	-2.076558884735656418e-01	9.495678409582125612e-02	-1.761620713352329004e-01	1.602944269442671266e-01	-1.210518188805186357e-01	1.224550421308265302e-01	-9.923871695020687611e-02	1.080882102855587057e-01	-1.067760897792845304e-01	7.226624384302844650e-02	-9.136811744680112257e-02	9.969649290617504933e-02	-1.002363319729470681e-01	8.868014666890819409e-02	-8.724679515440963984e-02	6.454491699257894344e-02	-9.289802807092729930e-02	8.232992232725876158e-02	-9.191039869292429165e-02	7.455265773046793054e-02	-5.721267575939301131e-02	1.741051277128011221e-01	-5.353257018943472639e-02	5.182154045033544876e-02	-4.216874053984981385e-02	4.508500968692798205e-02
1.071991016478674730e-01	-1.859961003577924599e-01	2.452697968633734404e-01	-5.807502132150512697e-01	3.045479995652322636e-01	-1.162044628635582610e-01	2.458207155387027443e-01	-5.231196036542864469e-01	9.999999999999993339e-01	-4.082195259465047354e-01	7.663589577743976089e-02	-1.697130336422288666e-01	1.954874791509213228e-01	-2.594114668717341643e-01	2.221202422197409709e-01	-7.792014705856699364e-02	1.431689881996952574e-01	-1.539693771639642217e-01	1.206783304331677242e-01	-1.307391298561477733e-01	8.765779246974918226e-02	-9.672020928638039305e-02	9.895300342500260027e-02	-7.207103545229123776e-02	8.936139045747074072e-02	-9.317994642071229794e-02	9.158870449356490417e-02	-8.393693286301044665e-02	8.255561542556368038e-02	-6.219157525138585552e-02	8.687412651018242005e-02	-7.717903128262681989e-02	8.604921143320359844e-02	-7.142662112569821142e-02	5.456590251866855895e-02	-1.739911032262533852e-01	5.130217901996388108e-02	-4.996524519601518860e-02	4.047940676024300993e-02	-4.361112117554430401e-02
-9.948426860485808099e-02	1.494649451273874219e-01	-2.027359748782396054e-01	2.616259823648234284e-01	-4.571336490896975024e-01	1.035890304740199053e-01	-2.238175010660818365e-01	2.385896702425191751e-01	-4.082195259465047354e-01	9.999999999999982236e-01	-8.140854774014981421e-02	1.710093691306364683e-01	-2.042178126021454154e-01	2.366428632163302126e-01	-6.126270726309710479e-01	8.076819118212333337e-02	-1.590263095156661255e-01	1.750386555816017820e-01	-2.065347055586502778e-01	2.160471679062060113e-01	-9.963378901833055967e-02	1.076204747197683775e-01	-1.184074184173038446e-01	1.137687111933943507e-01	-1.498340244466696836e-01	1.047474606355855847e-01	-1.065579677733510394e-01	9.939179396748377970e-02	-1.078744073226467481e-01	8.175628836458456727e-02	-9.967911683952869473e-02	8.913196851376588292e-02	-1.032089467706650138e-01	8.860945485938039046e-02	-7.052785197818721430e-02	1.917892467135444146e-01	-5.998040554052976037e-02	5.803041235596136105e-02	-4.914713045387841123e-02	5.243473964493799988e-02
1.581437268904569704e-01	-1.019347835970051547e-01	1.010560312752531997e-01	-7.646597215168128570e-02	9.725601430525601665e-02	-2.262612356460300123e-01	1.230606655008790740e-01	-9.547113175597017609e-02	7.663589577743976089e-02	-8.140854774014981421e-02	1.000000000000001332e+00	-1.478737714832067118e-01	9.163634251370000872e-02	-9.438197998033176495e-02	7.931827105302011183e-02	-9.089141005366450088e-01	1.689314650375126903e-01	-1.172875366927505908e-01	5.650652882886111200e-02	-5.667981604147663555e-02	1.267547460722597552e-01	-1.260309696407841129e-01	7.925409213798804975e-02	-3.700351609201341790e-02	4.596060086188020338e-02	-1.070980862954688528e-01	9.016825250111429324e-02	-6.878135088890433013e-02	6.009346180345101485e-02	-4.367064809740087844e-02	8.271353410379998772e-02	-7.244171024938571291e-02	7.150260434350763639e-02	-5.413606705123801682e-02	3.985697623728575584e-02	-1.322346420354792995e-01	4.133888421657938572e-02	-4.000354112435725723e-02	3.079302187740555821e-02	-3.290170823736883465e-02
-1.121909856769097574e-01	1.544362482480810539e-01	-1.709628684096751172e-01	1.502587816497746309e-01	-2.042016477997738444e-01	1.186644987052447864e-01	-3.164003828643514593e-01	2.063640876383051326e-01	-1.697130336422288666e-01	1.710093691306364683e-01	-1.478737714832067118e-01	9.999999999999992228e-01	-4.528239142175373155e-01	2.586861605622224336e-01	-1.935834849617205644e-01	1.437212453063146655e-01	-6.529489703353864583e-01	2.172040494702093816e-01	-1.306638620129822737e-01	1.242821306884838578e-01	-1.840673610253080739e-01	2.046152049444920906e-01	-1.519104094714656683e-01	7.909711826551008018e-02	-9.973241595390380798e-02	1.478660390349726406e-01	-1.593306134518223116e-01	1.203637962521593718e-01	-1.109541289949868004e-01	7.922144040750669913e-02	-1.346773661370704589e-01	1.184689755521578514e-01	-1.264594971462993378e-01	9.462898026163811538e-02	-7.199712216118350772e-02	2.017840163222159033e-01	-6.911579598118006151e-02	6.609934582202559028e-02	-5.285173208880018098e-02	5.568787555384170640e-02
8.860542340420332619e-02	-1.316771746535327914e-01	1.567511655412024141e-01	-1.616013190573565572e-01	1.920890708525836987e-01	-9.560779374689706844e-02	2.080025274667990920e-01	-2.670934052947595561e-01	1.954874791509213228e-01	-2.042178126021454154e-01	9.163634251370000872e-02	-4.528239142175373155e-01	9.999999999999987788e-01	-7.151095498517856530e-01	2.199097602345821134e-01	-9.362410756746274154e-02	2.393400385837005651e-01	-2.280833580560650276e-01	1.489654997135538561e-01	-1.504041318467674027e-01	1.171634654443423629e-01	-1.357571274862712507e-01	1.333185529941565139e-01	-8.755883987304105553e-02	1.027243966432569294e-01	-1.152055768879523129e-01	1.168323102216599213e-01	-1.053888909397119739e-01	9.912279512499318213e-02	-7.332700619443752177e-02	1.053770101931618824e-01	-9.501389254677387874e-02	1.066376843277453274e-01	-8.483996070174415483e-02	6.477998422398062450e-02	-1.881318739936346518e-01	5.996401946359557894e-02	-5.806751671753421218e-02	4.702370651424850334e-02	-5.019798037697667525e-02
-9.275080227000048749e-02	1.329242264991806755e-01	-1.697691540462431536e-01	1.806059209414886957e-01	-2.387221239593188271e-01	9.688389035318355214e-02	-2.154656597017826913e-01	2.228731413582764609e-01	-2.594114668717341643e-01	2.366428632163302126e-01	-9.438197998033176495e-02	2.586861605622224336e-01	-7.151095498517856530e-01	9.999999999999995559e-01	-3.668824765683989519e-01	9.210405071716537551e-02	-2.381794861967930499e-01	1.951574248730072458e-01	-2.218084258125611330e-01	1.913769951005342695e-01	-1.190936856641786890e-01	1.283419388023834817e-01	-1.333850339336118129e-01	1.109381164621091043e-01	-1.346481430703253823e-01	1.129826994446118532e-01	-1.190571228944125037e-01	1.051896179016872240e-01	-1.077199975478946165e-01	7.979167631229595881e-02	-1.066664896696143394e-01	9.521894624283779029e-02	-1.094397580269543258e-01	8.874763291739708182e-02	-6.982945182898986358e-02	1.833261056192002636e-01	-6.087207050436317657e-02	5.851747749211466676e-02	-4.888502885740332593e-02	5.176902244067667358e-02
8.453024349575051499e-02	-1.247800078341618213e-01	1.532300896825556091e-01	-1.931426453752635997e-01	2.497744771241185713e-01	-9.146662298662890100e-02	1.783702577233046149e-01	-2.076558884735656418e-01	2.221202422197409709e-01	-6.126270726309710479e-01	7.931827105302011183e-02	-1.935834849617205644e-01	2.199097602345821134e-01	-3.668824765683989519e-01	9.999999999999980016e-01	-8.066289122939185319e-02	1.648375771568416359e-01	-2.112316201785913172e-01	2.450024059166673873e-01	-4.414663679347564096e-01	1.067874548715780220e-01	-1.189234852249442254e-01	1.313163932630483088e-01	-1.419493954877445729e-01	1.661002996078446148e-01	-1.181041097571928905e-01	1.163306766034279405e-01	-1.128182187929982205e-01	1.182277391447700415e-01	-9.345123261238666434e-02	1.108888668783504783e-01	-9.986021065201597380e-02	1.140915425944622197e-01	-1.007163028326006071e-01	7.860799656327206730e-02	-2.271216848638669128e-01	6.768980345498792905e-02	-6.616195184691833764e-02	5.523848925911389179e-02	-5.976691660331824585e-02
-1.668155029530364875e-01	1.005404979269059196e-01	-1.057923194791690058e-01	7.679889165445454025e-02	-1.008613154129531508e-01	1.703085149644848473e-01	-1.290574280506034677e-01	9.495678409582125612e-02	-7.792014705856699364e-02	8.076819118212333337e-02	-9.089141005366450088e-01	1.437212453063146655e-01	-9.362410756746274154e-02	9.210405071716537551e-02	-8.066289122939185319e-02	9.999999999999972244e-01	-2.141917332952456843e-01	1.133444036972592744e-01	-5.696586454711636410e-02	5.633731292102087118e-02	-1.524688820835579106e-01	1.305657094544289132e-01	-8.052929066908939837e-02	3.704004228882343264e-02	-4.641903659643940860e-02	1.064734240187568959e-01	-9.424042325338898018e-02	6.848239282071916234e-02	-6.047201346076183648e-02	4.337320133154827506e-02	-8.460729004638545270e-02	7.291114185799746350e-02	-7.240265397426147442e-02	5.365204161852694942e-02	-3.982980130991252421e-02	1.242086377929848412e-01	-4.084124526037722497e-02	3.920932502246850943e-02	-3.041827315449998140e-02	3.223851126706450687e-02
1.036419778816106418e-01	-1.328044366833280032e-01	1.423500046000816255e-01	-1.348628277352715288e-01	1.779365120640178655e-01	-1.150846096219986930e-01	2.041141478092086126e-01	-1.761620713352329004e-01	1.431689881996952574e-01	-1.590263095156661255e-01	1.689314650375126903e-01	-6.529489703353864583e-01	2.393400385837005651e-01	-2.381794861967930499e-01	1.648375771568416359e-01	-2.141917332952456843e-01	9.999999999999985567e-01	-3.134124183807367459e-01	1.211122610891435941e-01	-1.200010992223867201e-01	2.266817586683331776e-01	-3.889783403704999420e-01	1.811255989491255547e-01	-7.812991290383840270e-02	9.571245933923534788e-02	-1.988075176146426315e-01	1.934043571631511305e-01	-1.490867090271701390e-01	1.246144630717369722e-01	-8.999799885335031668e-02	1.629533926371427299e-01	-1.499421259063673795e-01	1.494065251988135890e-01	-1.113630954563421677e-01	8.198355054746543635e-02	-2.567641443700689474e-01	8.312447329971817123e-02	-8.059841945147180886e-02	6.192012382199289094e-02	-6.601744884272831015e-02
-9.274771717173575791e-02	1.184486409801944473e-01	-1.486464880461645932e-01	1.421633487047903599e-01	-2.324366021615889843e-01	9.547186364806951875e-02	-1.897995543033232646e-01	1.602944269442671266e-01	-1.539693771639642217e-01	1.750386555816017820e-01	-1.172875366927505908e-01	2.172040494702093816e-01	-2.280833580560650276e-01	1.951574248730072458e-01	-2.112316201785913172e-01	1.133444036972592744e-01	-3.134124183807367459e-01	9.999999999999987788e-01	-1.981743311646764760e-01	1.632939754203974192e-01	-1.883934578937728199e-01	2.001126806330449925e-01	-6.279882039540019001e-01	1.208741238376994653e-01	-1.521030448743636854e-01	1.853683233210774717e-01	-2.366474174459999302e-01	2.784562116272329968e-01	-2.354353809093476524e-01	1.481216419182527222e-01	-1.900527566113686395e-01	1.868337504199608090e-01	-2.808320874585650828e-01	1.805418135905654808e-01	-1.414793592388053634e-01	2.642365075110579276e-01	-1.213379840673162596e-01	1.135469764509706436e-01	-9.500226271499831454e-02	9.655213985848101754e-02
5.513378392295373298e-02	-7.783707010949074412e-02	9.518665591826576400e-02	-1.082122204686841865e-01	1.489317644622972503e-01	-5.913406331068496447e-02	1.144833010244348109e-01	-1.210518188805186357e-01	1.206783304331677242e-01	-2.065347055586502778e-01	5.650652882886111200e-02	-1.306638620129822737e-01	1.489654997135538561e-01	-2.218084258125611330e-01	2.450024059166673873e-01	-5.696586454711636410e-02	1.211122610891435941e-01	-1.981743311646764760e-01	1.000000000000000444e+00	-7.080733758109809539e-01	8.153523755184396982e-02	-8.977963870108295052e-02	1.191896906222609381e-01	-4.572933526399492465e-01	2.878844388107519858e-01	-9.037258188528755898e-02	9.372984749574192476e-02	-1.002098385090506860e-01	1.274275007215119881e-01	-1.088830277340559760e-01	8.684104038760177835e-02	-8.088406243979517907e-02	1.000324031005401654e-01	-1.001733399966388133e-01	8.352800575991253806e-02	-1.677023646845918203e-01	5.584379599181445858e-02	-5.440769500885909993e-02	4.986867752532413156e-02	-5.371953000099151387e-02
-5.694606205001424837e-02	8.027524938181472558e-02	-1.011894345460094408e-01	1.138223695221690784e-01	-1.707273069087954231e-01	6.015057946225552121e-02	-1.205735423340375673e-01	1.224550421308265302e-01	-1.307391298561477733e-01	2.160471679062060113e-01	-5.667981604147663555e-02	1.242821306884838578e-01	-1.504041318467674027e-01	1.913769951005342695e-01	-4.414663679347564096e-01	5.633731292102087118e-02	-1.200010992223867201e-01	1.632939754203974192e-01	-7.080733758109809539e-01	9.999999999999981126e-01	-7.933500059154242889e-02	8.585904794835724774e-02	-1.125731283864032928e-01	2.554730092433206146e-01	-3.486410944744914309e-01	8.546955504986117336e-02	-9.080946250299178069e-02	9.418234161386368486e-02	-1.296956994926856399e-01	1.060737547754217469e-01	-8.301767431647114059e-02	7.707618745327458887e-02	-9.691738899396024065e-02	9.575796215771242847e-02	-8.463832836121021330e-02	1.534632269469693722e-01	-5.339796358204021431e-02	5.155339255130376996e-02	-4.861805777097899517e-02	5.149476475035415224e-02
6.758396724438804626e-02	-7.744418362636279474e-02	8.904312600070921069e-02	-8.369710783566357282e-02	1.238182171865045006e-01	-7.274106449298749222e-02	1.161546575641110024e-01	-9.923871695020687611e-02	8.765779246974918226e-02	-9.963378901833055967e-02	1.267547460722597552e-01	-1.840673610253080739e-01	1.171634654443423629e-01	-1.190936856641786890e-01	1.067874548715780220e-01	-1.524688820835579106e-01	2.266817586683331776e-01	-1.883934578937728199e-01	8.153523755184396982e-02	-7.933500059154242889e-02	9.999999999999966693e-01	-6.817441817333327325e-01	1.542006252148286627e-01	-5.655805247148190662e-02	7.056600807096406747e-02	-5.288655323431009636e-01	2.611720752390290223e-01	-1.471921869471086164e-01	1.140678338588753393e-01	-8.163892237982361966e-02	2.392063507567211145e-01	-2.026788685256714906e-01	1.568615388108964837e-01	-1.076651786715355913e-01	7.658442610469269607e-02	-2.534203086510646852e-01	8.674616388020146840e-02	-8.334462560688481181e-02	5.967998205501465203e-02	-6.304432055312453320e-02
-7.130673397185366413e-02	8.378545855401310638e-02	-9.811169905509137257e-02	9.110203872667545222e-02	-1.377252250148603696e-01	7.522333853648553725e-02	-1.316616803507779099e-01	1.080882102855587057e-01	-9.672020928638039305e-02	1.076204747197683775e-01	-1.260309696407841129e-01	2.046152049444920906e-01	-1.357571274862712507e-01	1.283419388023834817e-01	-1.189234852249442254e-01	1.305657094544289132e-01	-3.889783403704999420e-01	2.001126806330449925e-01	-8.977963870108295052e-02	8.585904794835724774e-02	-6.817441817333327325e-01	1.000000000000001776e+00	-1.887419899158493397e-01	6.138590678983099624e-02	-7.728299960220580411e-02	2.844434351285741736e-01	-3.944613297608451918e-01	1.610036733862962033e-01	-1.242538232729054892e-01	8.636263287832171565e-02	-2.360069723842725953e-01	2.081116220277707818e-01	-1.743117018408198993e-01	1.126763185918157328e-01	-8.183422061528171365e-02	2.269399285221503082e-01	-8.941646652808954432e-02	8.429285927335411488e-02	-6.184403942374323143e-02	6.436235497657058491e-02
6.132887533466428037e-02	-7.828866957482925881e-02	9.499020111171058156e-02	-9.327946637864148460e-02	1.443065746423458917e-01	-6.474953695286871092e-02	1.201969426072003883e-01	-1.067760897792845304e-01	9.895300342500260027e-02	-1.184074184173038446e-01	7.925409213798804975e-02	-1.519104094714656683e-01	1.333185529941565139e-01	-1.333850339336118129e-01	1.313163932630483088e-01	-8.052929066908939837e-02	1.811255989491255547e-01	-6.279882039540019001e-01	1.191896906222609381e-01	-1.125731283864032928e-01	1.542006252148286627e-01	-1.887419899158493397e-01	9.999999999999972244e-01	-8.867378697627507911e-02	1.047337401114652455e-01	-1.772607026594726076e-01	2.069485291834815832e-01	-5.743210001597777170e-01	2.048742930472358670e-01	-1.444156133966667532e-01	1.700214350528710117e-01	-1.892934337024507752e-01	2.652398305650198740e-01	-1.873328113788489402e-01	1.277277654818437524e-01	-2.726071031322963578e-01	1.121025676758037604e-01	-1.132800831610835252e-01	8.670604987712987599e-02	-9.272098929695617164e-02
-3.490676647234788182e-02	4.819749448720026669e-02	-5.941880710271658234e-02	6.527309863701230563e-02	-9.450987191210141747e-02	3.713256928863181011e-02	-7.174777202724798297e-02	7.226624384302844650e-02	-7.207103545229123776e-02	1.137687111933943507e-01	-3.700351609201341790e-02	7.909711826551008018e-02	-8.755883987304105553e-02	1.109381164621091043e-01	-1.419493954877445729e-01	3.704004228882343264e-02	-7.812991290383840270e-02	1.208741238376994653e-01	-4.572933526399492465e-01	2.554730092433206146e-01	-5.655805247148190662e-02	6.138590678983099624e-02	-8.867378697627507911e-02	1.000000000000000000e+00	-8.095170333871164470e-01	6.358225678246939849e-02	-6.940879499344115855e-02	8.201362695247003953e-02	-1.591889021459564624e-01	1.369030286403487839e-01	-6.288663343000225336e-02	6.090886116074819417e-02	-8.227983664102708761e-02	1.009905181189252599e-01	-9.859485125221897905e-02	1.143149590915552849e-01	-4.367190800608199835e-02	4.237418928270884899e-02	-4.512138143577844318e-02	4.795657633688601290e-02
4.355927269862190643e-02	-6.047626211292647658e-02	7.360609743369300739e-02	-8.223083160849434248e-02	1.154078317974165518e-01	-4.674590354120829183e-02	8.853464517925263566e-02	-9.136811744680112257e-02	8.936139045747074072e-02	-1.498340244466696836e-01	4.596060086188020338e-02	-9.973241595390380798e-02	1.027243966432569294e-01	-1.346481430703253823e-01	1.661002996078446148e-01	-4.641903659643940860e-02	9.571245933923534788e-02	-1.521030448743636854e-01	2.878844388107519858e-01	-3.486410944744914309e-01	7.056600807096406747e-02	-7.728299960220580411e-02	1.047337401114652455e-01	-8.095170333871164470e-01	9.999999999999988898e-01	-8.110449315611116539e-02	8.588714669931857282e-02	-9.992578882733466061e-02	1.674983830319810574e-01	-1.972733857398797364e-01	7.939606728664290458e-02	-7.642271540916494021e-02	1.001984558094886069e-01	-1.274926244845424883e-01	1.193830293100065637e-01	-1.516672576082241097e-01	5.490102346480956602e-02	-5.369576090221650500e-02	5.615015523919592022e-02	-6.098450861087744562e-02
-6.571064456600730908e-02	7.734235642690845403e-02	-9.411911176035621385e-02	8.845066491228695260e-02	-1.428509772318900528e-01	6.821911346074359395e-02	-1.200744076897158064e-01	9.969649290617504933e-02	-9.317994642071229794e-02	1.047474606355855847e-01	-1.070980862954688528e-01	1.478660390349726406e-01	-1.152055768879523129e-01	1.129826994446118532e-01	-1.181041097571928905e-01	1.064734240187568959e-01	-1.988075176146426315e-01	1.853683233210774717e-01	-9.037258188528755898e-02	8.546955504986117336e-02	-5.288655323431009636e-01	2.844434351285741736e-01	-1.772607026594726076e-01	6.358225678246939849e-02	-8.110449315611116539e-02	9.999999999999950040e-01	-4.099146961233983699e-01	1.725792434370662376e-01	-1.405473582942816380e-01	9.621349156340427977e-02	-5.710757901813178217e-01	2.722526385739814092e-01	-2.109279789578718811e-01	1.281796537358817767e-01	-9.353574773267847586e-02	2.722523787642316395e-01	-1.100351255373558240e-01	1.009531062327574946e-01	-7.246851813638061079e-02	7.418656980185231453e-02
6.177239611868332730e-02	-7.596813595136124586e-02	9.053139188938107151e-02	-8.727175431280487228e-02	1.348436034307639586e-01	-6.557267065481758861e-02	1.158225701394784424e-01	-1.002363319729470681e-01	9.158870449356490417e-02	-1.065579677733510394e-01	9.016825250111429324e-02	-1.593306134518223116e-01	1.168323102216599213e-01	-1.190571228944125037e-01	1.163306766034279405e-01	-9.424042325338898018e-02	1.934043571631511305e-01	-2.366474174459999302e-01	9.372984749574192476e-02	-9.080946250299178069e-02	2.611720752390290223e-01	-3.944613297608451918e-01	2.069485291834815832e-01	-6.940879499344115855e-02	8.588714669931857282e-02	-4.099146961233983699e-01	9.999999999999973355e-01	-2.863749557623253561e-01	1.657439655861528416e-01	-1.208790452568635071e-01	3.038694622658767441e-01	-6.011891198454880625e-01	2.681895543346046740e-01	-1.708266819512469226e-01	1.134061530144023916e-01	-3.173947493199726355e-01	1.346502801584055498e-01	-1.331640746265352337e-01	8.645499770448894505e-02	-9.204092638870960130e-02
-5.247354992584810085e-02	6.614332452185617273e-02	-8.144587455888550875e-02	7.923356007718748706e-02	-1.271073939038908640e-01	5.478603944784842666e-02	-1.025277507698562629e-01	8.868014666890819409e-02	-8.393693286301044665e-02	9.939179396748377970e-02	-6.878135088890433013e-02	1.203637962521593718e-01	-1.053888909397119739e-01	1.051896179016872240e-01	-1.128182187929982205e-01	6.848239282071916234e-02	-1.490867090271701390e-01	2.784562116272329968e-01	-1.002098385090506860e-01	9.418234161386368486e-02	-1.471921869471086164e-01	1.610036733862962033e-01	-5.743210001597777170e-01	8.201362695247003953e-02	-9.992578882733466061e-02	1.725792434370662376e-01	-2.863749557623253561e-01	9.999999999999976685e-01	-3.210659517539204422e-01	1.707836814233680556e-01	-1.887451986037431972e-01	2.301728137415843534e-01	-5.613799651916527855e-01	2.243418507336991108e-01	-1.606558325010909727e-01	2.296743556302206501e-01	-1.329797909560954117e-01	1.289891862845402026e-01	-9.652444417336543403e-02	9.847396856755394334e-02
4.898694338876295046e-02	-6.329148844611336144e-02	7.726726351513883706e-02	-7.816288280399648347e-02	1.206151615875870192e-01	-5.177999021638337446e-02	9.565994861649435022e-02	-8.724679515440963984e-02	8.255561542556368038e-02	-1.078744073226467481e-01	6.009346180345101485e-02	-1.109541289949868004e-01	9.912279512499318213e-02	-1.077199975478946165e-01	1.182277391447700415e-01	-6.047201346076183648e-02	1.246144630717369722e-01	-2.354353809093476524e-01	1.274275007215119881e-01	-1.296956994926856399e-01	1.140678338588753393e-01	-1.242538232729054892e-01	2.048742930472358670e-01	-1.591889021459564624e-01	1.674983830319810574e-01	-1.405473582942816380e-01	1.657439655861528416e-01	-3.210659517539204422e-01	9.999999999999993339e-01	-6.094481397515068011e-01	1.442455098121657453e-01	-1.597963164654697954e-01	2.465038471037537537e-01	-5.051988212520834853e-01	3.104470163537415006e-01	-2.392753720495806868e-01	1.128919699631674295e-01	-1.131715069695215931e-01	1.320777543000422327e-01	-1.483424891526669565e-01
-3.611246092282599518e-02	4.676901176290155365e-02	-5.780094557200126520e-02	5.850226326430253004e-02	-9.207990504829127731e-02	3.787718826621645773e-02	-7.125873608759303313e-02	6.454491699257894344e-02	-6.219157525138585552e-02	8.175628836458456727e-02	-4.367064809740087844e-02	7.922144040750669913e-02	-7.332700619443752177e-02	7.979167631229595881e-02	-9.345123261238666434e-02	4.337320133154827506e-02	-8.999799885335031668e-02	1.481216419182527222e-01	-1.088830277340559760e-01	1.060737547754217469e-01	-8.163892237982361966e-02	8.636263287832171565e-02	-1.444156133966667532e-01	1.369030286403487839e-01	-1.972733857398797364e-01	9.621349156340427977e-02	-1.208790452568635071e-01	1.707836814233680556e-01	-6.094481397515068011e-01	9.999999999999963363e-01	-1.031741485482845222e-01	1.107764380964180312e-01	-1.865825027715278250e-01	3.119345582428595942e-01	-6.407109034231083244e-01	1.553447493837555038e-01	-8.922574440071766311e-02	8.524039945354015824e-02	-1.305319581493822600e-01	1.330635371138670364e-01
5.790390776912730103e-02	-7.093194505030236963e-02	8.632798495488633317e-02	-8.289505052934978413e-02	1.335012511305445904e-01	-6.072917186722165406e-02	1.089624346399739457e-01	-9.289802807092729930e-02	8.687412651018242005e-02	-9.967911683952869473e-02	8.271353410379998772e-02	-1.346773661370704589e-01	1.053770101931618824e-01	-1.066664896696143394e-01	1.108888668783504783e-01	-8.460729004638545270e-02	1.629533926371427299e-01	-1.900527566113686395e-01	8.684104038760177835e-02	-8.301767431647114059e-02	2.392063507567211145e-01	-2.360069723842725953e-01	1.700214350528710117e-01	-6.288663343000225336e-02	7.939606728664290458e-02	-5.710757901813178217e-01	3.038694622658767441e-01	-1.887451986037431972e-01	1.442455098121657453e-01	-1.031741485482845222e-01	9.999999999999973355e-01	-5.111427276427289446e-01	2.297033007023088769e-01	-1.447951496482439426e-01	9.956074068436032709e-02	-4.670917547369154987e-01	1.317918611510131011e-01	-1.253507377562415315e-01	8.050509684671205979e-02	-8.421937169345111718e-02
-5.091082704060046621e-02	6.256789616580733793e-02	-7.635231374171246033e-02	7.332828814423859864e-02	-1.178511829363086821e-01	5.323652542832964241e-02	-9.668687768810853289e-02	8.232992232725876158e-02	-7.717903128262681989e-02	8.913196851376588292e-02	-7.244171024938571291e-02	1.184689755521578514e-01	-9.501389254677387874e-02	9.521894624283779029e-02	-9.986021065201597380e-02	7.291114185799746350e-02	-1.499421259063673795e-01	1.868337504199608090e-01	-8.088406243979517907e-02	7.707618745327458887e-02	-2.026788685256714906e-01	2.081116220277707818e-01	-1.892934337024507752e-01	6.090886116074819417e-02	-7.642271540916494021e-02	2.722526385739814092e-01	-6.011891198454880625e-01	2.301728137415843534e-01	-1.597963164654697954e-01	1.107764380964180312e-01	-5.111427276427289446e-01	9.999999999999962252e-01	-4.335152049159785026e-01	1.644789255520216209e-01	-1.126914222700168416e-01	2.660759972041997212e-01	-1.658854256783615644e-01	1.438406775682601058e-01	-8.574553697809433883e-02	8.776142988650853516e-02
5.433316320300334012e-02	-6.845936368550935291e-02	8.342552440766673461e-02	-8.176354808077151981e-02	1.290526189292653669e-01	-5.720178640957285926e-02	1.046952306927514259e-01	-9.191039869292429165e-02	8.604921143320359844e-02	-1.032089467706650138e-01	7.150260434350763639e-02	-1.264594971462993378e-01	1.066376843277453274e-01	-1.094397580269543258e-01	1.140915425944622197e-01	-7.240265397426147442e-02	1.494065251988135890e-01	-2.808320874585650828e-01	1.000324031005401654e-01	-9.691738899396024065e-02	1.568615388108964837e-01	-1.743117018408198993e-01	2.652398305650198740e-01	-8.227983664102708761e-02	1.001984558094886069e-01	-2.109279789578718811e-01	2.681895543346046740e-01	-5.613799651916527855e-01	2.465038471037537537e-01	-1.865825027715278250e-01	2.297033007023088769e-01	-4.335152049159785026e-01	9.999999999999965583e-01	-3.716225612872757766e-01	1.872854697363418863e-01	-3.023691926887676074e-01	1.807467068636652852e-01	-2.166687051868262937e-01	1.212655596935820757e-01	-1.269676931293852729e-01
-4.320468284290097938e-02	5.506882052154344481e-02	-6.815269501989482115e-02	6.755268672217824844e-02	-1.084959793537261935e-01	4.513053454730071162e-02	-8.455751369752946556e-02	7.455265773046793054e-02	-7.142662112569821142e-02	8.860945485938039046e-02	-5.413606705123801682e-02	9.462898026163811538e-02	-8.483996070174415483e-02	8.874763291739708182e-02	-1.007163028326006071e-01	5.365204161852694942e-02	-1.113630954563421677e-01	1.805418135905654808e-01	-1.001733399966388133e-01	9.575796215771242847e-02	-1.076651786715355913e-01	1.126763185918157328e-01	-1.873328113788489402e-01	1.009905181189252599e-01	-1.274926244845424883e-01	1.281796537358817767e-01	-1.708266819512469226e-01	2.243418507336991108e-01	-5.051988212520834853e-01	3.119345582428595942e-01	-1.447951496482439426e-01	1.644789255520216209e-01	-3.716225612872757766e-01	9.999999999999962252e-01	-6.191824929153167956e-01	1.941820559475906649e-01	-1.266344649332424577e-01	1.215474648303989658e-01	-1.826696686118787771e-01	1.679127825326277579e-01
3.239874872664853800e-02	-4.171141099000603980e-02	5.127067051413765342e-02	-5.159724095202120053e-02	8.094078999873621783e-02	-3.407046060773925855e-02	6.341267466787570140e-02	-5.721267575939301131e-02	5.456590251866855895e-02	-7.052785197818721430e-02	3.985697623728575584e-02	-7.199712216118350772e-02	6.477998422398062450e-02	-6.982945182898986358e-02	7.860799656327206730e-02	-3.982980130991252421e-02	8.198355054746543635e-02	-1.414793592388053634e-01	8.352800575991253806e-02	-8.463832836121021330e-02	7.658442610469269607e-02	-8.183422061528171365e-02	1.277277654818437524e-01	-9.859485125221897905e-02	1.193830293100065637e-01	-9.353574773267847586e-02	1.134061530144023916e-01	-1.606558325010909727e-01	3.104470163537415006e-01	-6.407109034231083244e-01	9.956074068436032709e-02	-1.126914222700168416e-01	1.872854697363418863e-01	-6.191824929153167956e-01	9.999999999999957812e-01	-1.552966328116463512e-01	9.277230400543788613e-02	-9.187071642486550893e-02	1.576983215780515812e-01	-1.989440028931854787e-01
-1.072986725369238087e-01	1.340672934381612058e-01	-1.736688565641618387e-01	1.656163552640804448e-01	-2.979982812579933249e-01	1.083129055004247998e-01	-2.131504238463607370e-01	1.741051277128011221e-01	-1.739911032262533852e-01	1.917892467135444146e-01	-1.322346420354792995e-01	2.017840163222159033e-01	-1.881318739936346518e-01	1.833261056192002636e-01	-2.271216848638669128e-01	1.242086377929848412e-01	-2.567641443700689474e-01	2.642365075110579276e-01	-1.677023646845918203e-01	1.534632269469693722e-01	-2.534203086510646852e-01	2.269399285221503082e-01	-2.726071031322963578e-01	1.143149590915552849e-01	-1.516672576082241097e-01	2.722523787642316395e-01	-3.173947493199726355e-01	2.296743556302206501e-01	-2.392753720495806868e-01	1.553447493837555038e-01	-4.670917547369154987e-01	2.660759972041997212e-01	-3.023691926887676074e-01	1.941820559475906649e-01	-1.552966328116463512e-01	9.999999999999966693e-01	-2.400177597995412637e-01	1.825569883036750607e-01	-1.356529901977750474e-01	1.306043327063017845e-01
3.216211100286958668e-02	-4.037233983469613874e-02	5.026894443482143177e-02	-4.885219208215946241e-02	8.096839946529790777e-02	-3.338617175149678068e-02	6.246658637117691315e-02	-5.353257018943472639e-02	5.130217901996388108e-02	-5.998040554052976037e-02	4.133888421657938572e-02	-6.911579598118006151e-02	5.996401946359557894e-02	-6.087207050436317657e-02	6.768980345498792905e-02	-4.084124526037722497e-02	8.312447329971817123e-02	-1.213379840673162596e-01	5.584379599181445858e-02	-5.339796358204021431e-02	8.674616388020146840e-02	-8.941646652808954432e-02	1.121025676758037604e-01	-4.367190800608199835e-02	5.490102346480956602e-02	-1.100351255373558240e-01	1.346502801584055498e-01	-1.329797909560954117e-01	1.128919699631674295e-01	-8.922574440071766311e-02	1.317918611510131011e-01	-1.658854256783615644e-01	1.807467068636652852e-01	-1.266344649332424577e-01	9.277230400543788613e-02	-2.400177597995412637e-01	9.999999999999964473e-01	-8.908548187906965010e-01	1.822418464405712868e-01	-2.035636769001202273e-01
-3.121981379978794324e-02	3.916444200806996900e-02	-4.903556042756998523e-02	4.751522293377200001e-02	-7.959281146531387019e-02	3.227433180480527436e-02	-6.089393835962440826e-02	5.182154045033544876e-02	-4.996524519601518860e-02	5.803041235596136105e-02	-4.000354112435725723e-02	6.609934582202559028e-02	-5.806751671753421218e-02	5.851747749211466676e-02	-6.616195184691833764e-02	3.920932502246850943e-02	-8.059841945147180886e-02	1.135469764509706436e-01	-5.440769500885909993e-02	5.155339255130376996e-02	-8.334462560688481181e-02	8.429285927335411488e-02	-1.132800831610835252e-01	4.237418928270884899e-02	-5.369576090221650500e-02	1.009531062327574946e-01	-1.331640746265352337e-01	1.289891862845402026e-01	-1.131715069695215931e-01	8.524039945354015824e-02	-1.253507377562415315e-01	1.438406775682601058e-01	-2.166687051868262937e-01	1.215474648303989658e-01	-9.187071642486550893e-02	1.825569883036750607e-01	-8.908548187906965010e-01	9.999999999999964473e-01	-2.401258655599149971e-01	1.839460502611793835e-01
2.473838790757108830e-02	-3.141209616186304426e-02	3.905558426782979736e-02	-3.849112533039499018e-02	6.289768820675416261e-02	-2.576594079041953644e-02	4.828907400486087687e-02	-4.216874053984981385e-02	4.047940676024300993e-02	-4.914713045387841123e-02	3.079302187740555821e-02	-5.285173208880018098e-02	4.702370651424850334e-02	-4.888502885740332593e-02	5.523848925911389179e-02	-3.041827315449998140e-02	6.192012382199289094e-02	-9.500226271499831454e-02	4.986867752532413156e-02	-4.861805777097899517e-02	5.967998205501465203e-02	-6.184403942374323143e-02	8.670604987712987599e-02	-4.512138143577844318e-02	5.615015523919592022e-02	-7.246851813638061079e-02	8.645499770448894505e-02	-9.652444417336543403e-02	1.320777543000422327e-01	-1.305319581493822600e-01	8.050509684671205979e-02	-8.574553697809433883e-02	1.212655596935820757e-01	-1.826696686118787771e-01	1.576983215780515812e-01	-1.356529901977750474e-01	1.822418464405712868e-01	-2.401258655599149971e-01	9.999999999999966693e-01	-9.096391333507289900e-01
