1.000000000000000222e+00	-5.919759921174323480e-01	2.344014519480229486e-01	-1.781062246589993903e-01	1.097330250502753513e-01	-6.371094557078014198e-01	3.298782011805180270e-01	-2.753398794781307113e-01	1.522951972926516462e-01	-1.041605495658127906e-01	7.782271698720555353e-02	-6.611742857228067316e-02	6.632055058592699337e-02	-6.861098085543375358e-02	6.643577890979431022e-02	-6.322657872139081370e-02	6.102344679737211480e-02	-5.968396101708224599e-02	5.601698715761566777e-02	-7.148739149401744930e-02	5.686355131111674177e-02	-4.755446597311800694e-02	5.893721596047173106e-02	-4.870930774399831464e-02	5.749960636622678672e-02	-3.888848479366713989e-02	3.899271229659746069e-02	-5.031619847245593496e-02	4.931419493243647395e-02	-5.461895907957940027e-02	2.759433245396905945e-02	-4.166867529939630860e-02	4.636128343347670211e-02	-4.048967702005929620e-02	3.927109603051288922e-02	-2.479153176450845861e-02	2.545002792090194157e-02	-4.126337017833081600e-02	3.922842546179507867e-02	-8.932068656155506270e-02
-5.919759921174323480e-01	9.999999999999996669e-01	-4.798325088746165923e-01	1.930501310146626182e-01	-1.233945693502048607e-01	2.958290751738333890e-01	-5.118207812943282864e-01	2.689595908534037072e-01	-1.803120463405842311e-01	1.043145710612956023e-01	-6.146618387319277566e-02	5.472444104689409144e-02	-5.947921057041431758e-02	6.303323140961264448e-02	-6.477107703108209158e-02	5.001207902937205435e-02	-5.294128367579559874e-02	5.238365030010847662e-02	-5.152858564260246604e-02	6.704782895004807175e-02	-4.996565814478982903e-02	4.153422753560296471e-02	-5.281284842604731800e-02	4.422897959706900001e-02	-5.313511013016730677e-02	3.385697226270376059e-02	-3.423730176752227267e-02	4.406561046552658761e-02	-4.480948725753344103e-02	4.920370113579054100e-02	-2.415874323007061522e-02	3.636925768379593166e-02	-4.111248372718904337e-02	3.632234224302407360e-02	-3.538841513392751437e-02	2.166236105406812995e-02	-2.233235311524282146e-02	3.634623950002834752e-02	-3.478402829319352657e-02	7.731437780399461057e-02
2.344014519480229486e-01	-4.798325088746165923e-01	9.999999999999993339e-01	-4.716248515220266002e-01	1.897884324231771669e-01	-1.801599042393413064e-01	2.383823532200283757e-01	-6.023937029782492347e-01	2.887710169389353654e-01	-1.711365488250507216e-01	6.424764965509850712e-02	-6.484399245003791279e-02	7.713993730360642342e-02	-8.984719739797204785e-02	9.550470909688467402e-02	-5.583478717253891055e-02	6.463005860502596400e-02	-6.807439959928358875e-02	7.111093733755693980e-02	-9.953657760866284343e-02	6.228029002966006811e-02	-5.270359720586232505e-02	6.847451206493994358e-02	-6.018370655241025297e-02	7.296059708257285337e-02	-4.343947968171875396e-02	4.398152842064445567e-02	-5.729149031535735875e-02	6.009384479351590619e-02	-6.771079481503546049e-02	3.109744218864112994e-02	-4.695437894434711240e-02	5.379250610639205177e-02	-4.895494392207992707e-02	4.761902184872062599e-02	-2.800966114397205470e-02	2.889471036446894514e-02	-4.811106155365639514e-02	4.609034919852196543e-02	-1.026177607395244717e-01
-1.781062246589993903e-01	1.930501310146626182e-01	-4.716248515220266002e-01	9.999999999999996669e-01	-4.401698262478784263e-01	1.202090866342567371e-01	-1.759637200222514686e-01	3.026039537460556428e-01	-6.334488538307389005e-01	2.493821031477831685e-01	-6.376912561734689178e-02	6.338577270326066493e-02	-7.788092250543492134e-02	1.077697724546006347e-01	-1.306046389953818554e-01	5.600574770421361953e-02	-6.889933992541681651e-02	7.287087973741049329e-02	-8.471427923242072500e-02	1.246711252571661571e-01	-6.759162719710946898e-02	5.713152994724229883e-02	-7.626694555679287835e-02	6.976290116390808371e-02	-8.720372696334506568e-02	4.691190711720116813e-02	-4.788979439853043030e-02	6.237012572206995786e-02	-6.920506463509515371e-02	7.765199545399234515e-02	-3.376031043392024172e-02	5.086372681599085621e-02	-5.941066470190960180e-02	5.546655417138168093e-02	-5.422541357146935803e-02	3.036482896056430514e-02	-3.145864913634664750e-02	5.287947345970744895e-02	-5.105770970943573211e-02	1.099000749142293731e-01
1.097330250502753513e-01	-1.233945693502048607e-01	1.897884324231771669e-01	-4.401698262478784263e-01	9.999999999999995559e-01	-8.297511775742383300e-02	1.104090353126016694e-01	-2.115481129276730321e-01	2.765564208309042593e-01	-7.005600642795776212e-01	8.898900496230309487e-02	-9.166876390080491710e-02	1.136877762444813283e-01	-2.042906351049288416e-01	2.489276972328399173e-01	-8.176009479468440699e-02	1.056458913158969809e-01	-1.172927726480345462e-01	1.495627309970857521e-01	-2.604623007080836827e-01	1.055822190212024336e-01	-9.161375691590580017e-02	1.231473555074369952e-01	-1.226254402848495351e-01	1.525795353079863192e-01	-7.626676629407250219e-02	7.752139189048896928e-02	-1.028508532662713859e-01	1.170206917485893949e-01	-1.397239354342057760e-01	5.483519016121814887e-02	-8.318957985667409238e-02	9.772122849683681500e-02	-9.594308394310253896e-02	9.290821676491517467e-02	-4.967058687684147017e-02	5.131556737071737984e-02	-8.912730532048744603e-02	8.563566946378939337e-02	-1.864335114949224603e-01
-6.371094557078014198e-01	2.958290751738333890e-01	-1.801599042393413064e-01	1.202090866342567371e-01	-8.297511775742383300e-02	9.999999999999990008e-01	-6.756836516284071559e-01	1.929693802456507179e-01	-1.202080871835958104e-01	7.466021359421887160e-02	-9.002485756141410944e-02	6.342426448494251079e-02	-5.834736239917089756e-02	5.388221105838530284e-02	-5.054062034590584007e-02	6.317371987550084167e-02	-5.546581350614699507e-02	5.125793335299051040e-02	-4.502774687369828777e-02	5.380069290664237641e-02	-4.917379157759983743e-02	4.053374559565271068e-02	-4.909209658575158786e-02	3.889129572566336207e-02	-4.526907570252283047e-02	3.231968662522001490e-02	-3.245167773638877456e-02	4.125236793070584385e-02	-3.940840903977386317e-02	4.255243818264838745e-02	-2.281708546376642888e-02	3.434907970932880167e-02	-3.754789615036967926e-02	3.206792507672473480e-02	-3.109266419571015544e-02	2.035953547183827136e-02	-2.087982851817284102e-02	3.293514027554391571e-02	-3.124674224668431977e-02	7.005409494567184370e-02
3.298782011805180270e-01	-5.118207812943282864e-01	2.383823532200283757e-01	-1.759637200222514686e-01	1.104090353126016694e-01	-6.756836516284071559e-01	9.999999999999997780e-01	-3.388260390273355460e-01	1.638693966986357331e-01	-1.038872887182980403e-01	7.900809028024798064e-02	-6.847462956684714774e-02	6.787992155870899158e-02	-6.806112369278960461e-02	6.604688202298555910e-02	-6.358862393694393600e-02	6.124105015005350955e-02	-5.980312836319456871e-02	5.565286933304425948e-02	-7.053562322236621440e-02	5.627207810753607348e-02	-4.706361443017841734e-02	5.835978730282530280e-02	-4.805983039308996119e-02	5.669086381494805454e-02	-3.825091659739147248e-02	3.841620929939826984e-02	-4.945324876289035332e-02	4.855694992677486027e-02	-5.353411102955700496e-02	2.713323381115863991e-02	-4.094675227788645983e-02	4.550545086204156597e-02	-3.972672266813470632e-02	3.853902595668907971e-02	-2.434331650866338251e-02	2.499675463261290947e-02	-4.037617030514251137e-02	3.839788019265714947e-02	-8.683673807779566933e-02
-2.753398794781307113e-01	2.689595908534037072e-01	-6.023937029782492347e-01	3.026039537460556428e-01	-2.115481129276730321e-01	1.929693802456507179e-01	-3.388260390273355460e-01	1.000000000000000000e+00	-5.327166669288481149e-01	1.780048500547390944e-01	-7.585332298332328471e-02	7.749147679049615822e-02	-1.005894596636492250e-01	9.831733229769216986e-02	-1.067133373934543855e-01	6.459854221421520992e-02	-7.578721370438137872e-02	7.934975669782320939e-02	-8.022880546861745066e-02	1.048256514118159205e-01	-7.140040375661212135e-02	5.979266428523374866e-02	-7.848328600630483098e-02	6.669026812758593881e-02	-8.119732221192721422e-02	4.837590732566508789e-02	-4.939107025104748361e-02	6.354010466108737931e-02	-6.718855087306942198e-02	7.300744815663165466e-02	-3.469374443669336755e-02	5.212980830111632602e-02	-5.980309306044868239e-02	5.363108292740285943e-02	-5.244432927742514322e-02	3.105461601502326752e-02	-3.213651169754009468e-02	5.254017052942877575e-02	-5.057462819643850083e-02	1.094268782922063477e-01
1.522951972926516462e-01	-1.803120463405842311e-01	2.887710169389353654e-01	-6.334488538307389005e-01	2.765564208309042593e-01	-1.202080871835958104e-01	1.638693966986357331e-01	-5.327166669288481149e-01	9.999999999999998890e-01	-3.460565827887912005e-01	7.353485780127874682e-02	-7.617714693862691344e-02	9.400123258543137406e-02	-1.359147753331116371e-01	1.543743672217794682e-01	-6.581806016884544919e-02	8.131904158508251879e-02	-8.822940620307645476e-02	1.026340266177620669e-01	-1.564482676377268178e-01	7.956269218557468492e-02	-6.807248222942036131e-02	9.038582046642705536e-02	-8.416172520982190264e-02	1.036963961684484875e-01	-5.621998409041097794e-02	5.715315762319960607e-02	-7.498260567165923596e-02	8.238098585937649043e-02	-9.463373220033666211e-02	4.037156426021074745e-02	-6.103906724716697679e-02	7.094458973380435296e-02	-6.689918636465969071e-02	6.504506948874615169e-02	-3.642793714602925170e-02	3.764169244662816244e-02	-6.383989190612142373e-02	6.134672537373081491e-02	-1.342777421996010634e-01
-1.041605495658127906e-01	1.043145710612956023e-01	-1.711365488250507216e-01	2.493821031477831685e-01	-7.005600642795776212e-01	7.466021359421887160e-02	-1.038872887182980403e-01	1.780048500547390944e-01	-3.460565827887912005e-01	9.999999999999990008e-01	-8.430140925855481027e-02	8.474200564494134558e-02	-1.099234022120374049e-01	1.894806448802351106e-01	-4.466760074640253597e-01	7.586588728405091464e-02	-1.009598303377401834e-01	1.098976860390661475e-01	-1.526975553188427426e-01	2.393820901828879744e-01	-9.824574150956411067e-02	8.388567374014860301e-02	-1.173510370196561847e-01	1.146098874651834409e-01	-1.553104058545119737e-01	6.743700637201874293e-02	-6.989133911423982271e-02	9.072480973993229947e-02	-1.116518975908782768e-01	1.210369553643681345e-01	-4.877232680046100777e-02	7.329740378756428865e-02	-8.766238233702521032e-02	8.542453683555083221e-02	-8.445026696898774721e-02	4.367239948126682564e-02	-4.548236813741996648e-02	7.712695494256602280e-02	-7.543824605017671048e-02	1.516695750406143461e-01
7.782271698720555353e-02	-6.146618387319277566e-02	6.424764965509850712e-02	-6.376912561734689178e-02	8.898900496230309487e-02	-9.002485756141410944e-02	7.900809028024798064e-02	-7.585332298332328471e-02	7.353485780127874682e-02	-8.430140925855481027e-02	9.999999999999996669e-01	-5.320516295679730279e-01	2.644322259557996269e-01	-1.645069925643307118e-01	1.041622124950993267e-01	-6.604684284850738107e-01	2.984709531946936334e-01	-2.415590002918059087e-01	1.464621217393356212e-01	-1.221805290758449791e-01	2.167914775447494502e-01	-1.817961731241332923e-01	1.855887564388677968e-01	-1.251977675943432011e-01	1.287443191569279943e-01	-1.325773124005648895e-01	1.296980476626190260e-01	-1.592701971702970565e-01	1.236227581200096959e-01	-1.252965215463510418e-01	8.986715192721188294e-02	-1.359427077520860005e-01	1.317602742582732467e-01	-1.014142791696213269e-01	9.621185157860995263e-02	-7.898448986337261446e-02	7.939921549389485078e-02	-1.123971312928151445e-01	1.030814330063382495e-01	-2.328370557556859177e-01
-6.611742857228067316e-02	5.472444104689409144e-02	-6.484399245003791279e-02	6.338577270326066493e-02	-9.166876390080491710e-02	6.342426448494251079e-02	-6.847462956684714774e-02	7.749147679049615822e-02	-7.617714693862691344e-02	8.474200564494134558e-02	-5.320516295679730279e-01	1.000000000000000000e+00	-6.385072298312267636e-01	1.737055191731026460e-01	-1.103208053017606799e-01	2.774991769068232417e-01	-3.819657062588892593e-01	2.658957535105822001e-01	-1.658352228271614826e-01	1.233068030608396176e-01	-1.965679920175821549e-01	1.641887748196993457e-01	-1.993662611641924542e-01	1.261273747116819777e-01	-1.305050996053752355e-01	1.125157503248558205e-01	-1.181862235492919383e-01	1.404420528228963461e-01	-1.237131084293107280e-01	1.173975479252650778e-01	-7.878300660415626933e-02	1.170020158522998982e-01	-1.203562116219508427e-01	9.514034054350736791e-02	-9.130543310363770093e-02	6.808887999024945681e-02	-6.996136652508057330e-02	9.907299007685718695e-02	-9.294935830105038876e-02	1.935056794438452799e-01
6.632055058592699337e-02	-5.947921057041431758e-02	7.713993730360642342e-02	-7.788092250543492134e-02	1.136877762444813283e-01	-5.834736239917089756e-02	6.787992155870899158e-02	-1.005894596636492250e-01	9.400123258543137406e-02	-1.099234022120374049e-01	2.644322259557996269e-01	-6.385072298312267636e-01	1.000000000000000888e+00	-2.821107151556615511e-01	1.452999716668355035e-01	-2.529753906970049204e-01	2.864178028728724401e-01	-4.896797135936657441e-01	2.243227130887550103e-01	-1.681358060680949451e-01	1.965496995531831603e-01	-1.859231836633654933e-01	2.326324775783569221e-01	-1.627190414132378415e-01	1.618785145877676135e-01	-1.339041758839345508e-01	1.366629306467048444e-01	-1.750115091698897229e-01	1.514327031664158552e-01	-1.510129182160229733e-01	9.301786656014039700e-02	-1.416863658342486787e-01	1.457462062291642879e-01	-1.198437355899616003e-01	1.136065244666007445e-01	-8.236423688177571534e-02	8.363478945090910277e-02	-1.253678973412272746e-01	1.160764117314829202e-01	-2.552779766788866311e-01
-6.861098085543375358e-02	6.303323140961264448e-02	-8.984719739797204785e-02	1.077697724546006347e-01	-2.042906351049288416e-01	5.388221105838530284e-02	-6.806112369278960461e-02	9.831733229769216986e-02	-1.359147753331116371e-01	1.894806448802351106e-01	-1.645069925643307118e-01	1.737055191731026460e-01	-2.821107151556615511e-01	1.000000000000000222e+00	-4.160145382891450305e-01	1.456669416464624611e-01	-2.187694354654909634e-01	2.580595116557587443e-01	-6.778735948939126343e-01	2.897971716199528314e-01	-1.716619039523898105e-01	1.512666213035199769e-01	-2.307868160336064289e-01	2.207470450724001443e-01	-2.442976362592725881e-01	1.099523490447544272e-01	-1.180154961650027035e-01	1.478458247281827231e-01	-2.055578421408359724e-01	1.748296010874870743e-01	-7.925357248549627642e-02	1.182027303370618704e-01	-1.386746568833762683e-01	1.348356181012828336e-01	-1.328631770854025451e-01	6.953859852302460287e-02	-7.267411771007220578e-02	1.167372451412527212e-01	-1.147966935491525342e-01	2.109139350993387563e-01
6.643577890979431022e-02	-6.477107703108209158e-02	9.550470909688467402e-02	-1.306046389953818554e-01	2.489276972328399173e-01	-5.054062034590584007e-02	6.604688202298555910e-02	-1.067133373934543855e-01	1.543743672217794682e-01	-4.466760074640253597e-01	1.041622124950993267e-01	-1.103208053017606799e-01	1.452999716668355035e-01	-4.160145382891450305e-01	9.999999999999988898e-01	-9.656504693253382954e-02	1.322668132424039689e-01	-1.587075121160634317e-01	2.540106295885358745e-01	-6.507452203410361014e-01	1.227341758435537972e-01	-1.095419941772270839e-01	1.546776166558636867e-01	-1.723555731646033984e-01	2.237305596603519631e-01	-8.639077726845027783e-02	8.960665725831958028e-02	-1.178705098795969353e-01	1.504405403663669760e-01	-1.741517498059211855e-01	6.213355115612650276e-02	-9.409251510676032437e-02	1.114745717653205098e-01	-1.164481384320681517e-01	1.131334111285412919e-01	-5.575834313082547733e-02	5.781459449894617297e-02	-9.993353719196865215e-02	9.677548278440391283e-02	-1.913482774852355295e-01
-6.322657872139081370e-02	5.001207902937205435e-02	-5.583478717253891055e-02	5.600574770421361953e-02	-8.176009479468440699e-02	6.317371987550084167e-02	-6.358862393694393600e-02	6.459854221421520992e-02	-6.581806016884544919e-02	7.586588728405091464e-02	-6.604684284850738107e-01	2.774991769068232417e-01	-2.529753906970049204e-01	1.456669416464624611e-01	-9.656504693253382954e-02	1.000000000000000000e+00	-5.371788158883485931e-01	2.309501475609406218e-01	-1.424562052111610633e-01	1.114281913006643643e-01	-3.240535537750149353e-01	2.010549588285680533e-01	-1.967419762819114792e-01	1.200179039796731573e-01	-1.228854930262022194e-01	1.318104773334884960e-01	-1.349178970481580697e-01	1.509440077999910923e-01	-1.190157615205510583e-01	1.143806857253898412e-01	-8.997065902846856922e-02	1.313199748918220666e-01	-1.263063997066938005e-01	9.425330257318922933e-02	-8.984982970413780967e-02	7.599999412205189764e-02	-7.753015743542433780e-02	1.022156937478678057e-01	-9.479114003144920031e-02	1.987374701391119713e-01
6.102344679737211480e-02	-5.294128367579559874e-02	6.463005860502596400e-02	-6.889933992541681651e-02	1.056458913158969809e-01	-5.546581350614699507e-02	6.124105015005350955e-02	-7.578721370438137872e-02	8.131904158508251879e-02	-1.009598303377401834e-01	2.984709531946936334e-01	-3.819657062588892593e-01	2.864178028728724401e-01	-2.187694354654909634e-01	1.322668132424039689e-01	-5.371788158883485931e-01	1.000000000000001554e+00	-4.909730176874096963e-01	2.059131578464237777e-01	-1.591061201154422844e-01	2.577915922600016452e-01	-2.916474979186148841e-01	2.599241306918368966e-01	-1.670863015540408614e-01	1.640596998580286514e-01	-1.634221145859869051e-01	1.717758622386650336e-01	-2.036730269372111213e-01	1.575333213405029076e-01	-1.562525889569754689e-01	1.115372307550780151e-01	-1.699861629399419816e-01	1.638848117888998812e-01	-1.267422808794367861e-01	1.195580430956708351e-01	-9.687444723010735226e-02	9.807416298000880273e-02	-1.367296554498223238e-01	1.256107393446614928e-01	-2.722171556777813750e-01
-5.968396101708224599e-02	5.238365030010847662e-02	-6.807439959928358875e-02	7.287087973741049329e-02	-1.172927726480345462e-01	5.125793335299051040e-02	-5.980312836319456871e-02	7.934975669782320939e-02	-8.822940620307645476e-02	1.098976860390661475e-01	-2.415590002918059087e-01	2.658957535105822001e-01	-4.896797135936657441e-01	2.580595116557587443e-01	-1.587075121160634317e-01	2.309501475609406218e-01	-4.909730176874096963e-01	9.999999999999980016e-01	-3.967978909381862374e-01	1.838467921396537974e-01	-2.226852000677970178e-01	2.190715690964205042e-01	-4.246547470997673601e-01	2.014586986907491439e-01	-1.906727594283147142e-01	1.366627629772343977e-01	-1.520356206372272256e-01	1.833203898698671230e-01	-1.803084625467843150e-01	1.587208982699176985e-01	-9.653957343726669860e-02	1.444164920756001169e-01	-1.543403773094648435e-01	1.287815015840846622e-01	-1.225780799912256358e-01	8.322025366517692146e-02	-8.609636997286770899e-02	1.254062096406527715e-01	-1.186179535348221847e-01	2.337590622621039116e-01
5.601698715761566777e-02	-5.152858564260246604e-02	7.111093733755693980e-02	-8.471427923242072500e-02	1.495627309970857521e-01	-4.502774687369828777e-02	5.565286933304425948e-02	-8.022880546861745066e-02	1.026340266177620669e-01	-1.526975553188427426e-01	1.464621217393356212e-01	-1.658352228271614826e-01	2.243227130887550103e-01	-6.778735948939126343e-01	2.540106295885358745e-01	-1.424562052111610633e-01	2.059131578464237777e-01	-3.967978909381862374e-01	9.999999999999986677e-01	-3.716254188525238700e-01	1.612459079662234840e-01	-1.538689261923650853e-01	2.290785861648107768e-01	-3.099979620218168419e-01	2.355229537957929942e-01	-1.103942957978156642e-01	1.168916734550805303e-01	-1.514064377090667546e-01	2.027059712491953436e-01	-1.834980547351936775e-01	7.865837318630423958e-02	-1.191597223854838489e-01	1.362037706025786832e-01	-1.399085073712446614e-01	1.308925666460155623e-01	-6.967634402162191376e-02	7.206969103832487622e-02	-1.186204399443049201e-01	1.141582036841883446e-01	-2.177978749035187345e-01
-7.148739149401744930e-02	6.704782895004807175e-02	-9.953657760866284343e-02	1.246711252571661571e-01	-2.604623007080836827e-01	5.380069290664237641e-02	-7.053562322236621440e-02	1.048256514118159205e-01	-1.564482676377268178e-01	2.393820901828879744e-01	-1.221805290758449791e-01	1.233068030608396176e-01	-1.681358060680949451e-01	2.897971716199528314e-01	-6.507452203410361014e-01	1.114281913006643643e-01	-1.591061201154422844e-01	1.838467921396537974e-01	-3.716254188525238700e-01	9.999999999999986677e-01	-1.453508587578444533e-01	1.280671940988453994e-01	-1.924091373226527735e-01	2.171117791918532325e-01	-4.141000363488349656e-01	9.789424309229394217e-02	-1.037310982885061988e-01	1.338153285454919961e-01	-1.944537926803218963e-01	2.013143592988541064e-01	-7.092183641186311505e-02	1.064636095741517408e-01	-1.297596477444190877e-01	1.369190675853967087e-01	-1.389164148969715684e-01	6.299971287926287022e-02	-6.589381208293389192e-02	1.125918226509344255e-01	-1.117162733789725387e-01	2.022327016621028040e-01
5.686355131111674177e-02	-4.996565814478982903e-02	6.228029002966006811e-02	-6.759162719710946898e-02	1.055822190212024336e-01	-4.917379157759983743e-02	5.627207810753607348e-02	-7.140040375661212135e-02	7.956269218557468492e-02	-9.824574150956411067e-02	2.167914775447494502e-01	-1.965679920175821549e-01	1.965496995531831603e-01	-1.716619039523898105e-01	1.227341758435537972e-01	-3.240535537750149353e-01	2.577915922600016452e-01	-2.226852000677970178e-01	1.612459079662234840e-01	-1.453508587578444533e-01	1.000000000000003331e+00	-5.860626963051246419e-01	2.892560301448131588e-01	-1.765585160943423659e-01	1.764759953225167322e-01	-3.486099428313034210e-01	2.853957074381486825e-01	-3.034438111837208796e-01	1.784489259889853185e-01	-1.794940293244267626e-01	2.016241617869397595e-01	-2.957449709593522047e-01	2.319450342369265006e-01	-1.539045242161781457e-01	1.438152099301003017e-01	-1.675748888043356866e-01	1.627861827016993390e-01	-1.853111346561987227e-01	1.654697045827353552e-01	-3.574893888568177469e-01
-4.755446597311800694e-02	4.153422753560296471e-02	-5.270359720586232505e-02	5.713152994724229883e-02	-9.161375691590580017e-02	4.053374559565271068e-02	-4.706361443017841734e-02	5.979266428523374866e-02	-6.807248222942036131e-02	8.388567374014860301e-02	-1.817961731241332923e-01	1.641887748196993457e-01	-1.859231836633654933e-01	1.512666213035199769e-01	-1.095419941772270839e-01	2.010549588285680533e-01	-2.916474979186148841e-01	2.190715690964205042e-01	-1.538689261923650853e-01	1.280671940988453994e-01	-5.860626963051246419e-01	1.000000000000005107e+00	-4.796332344108384937e-01	1.750139713209193093e-01	-1.662397090068171990e-01	2.324232854440130835e-01	-4.506835235793847927e-01	2.658562766612572181e-01	-1.717711762809994436e-01	1.505618505127456763e-01	-1.654364337876918500e-01	2.349129026408085796e-01	-2.099090588401097968e-01	1.323274645204880196e-01	-1.247831207262946884e-01	1.264989000176488798e-01	-1.353966787808860150e-01	1.454194350532025115e-01	-1.350407656294535241e-01	2.452010451294390769e-01
5.893721596047173106e-02	-5.281284842604731800e-02	6.847451206493994358e-02	-7.626694555679287835e-02	1.231473555074369952e-01	-4.909209658575158786e-02	5.835978730282530280e-02	-7.848328600630483098e-02	9.038582046642705536e-02	-1.173510370196561847e-01	1.855887564388677968e-01	-1.993662611641924542e-01	2.326324775783569221e-01	-2.307868160336064289e-01	1.546776166558636867e-01	-1.967419762819114792e-01	2.599241306918368966e-01	-4.246547470997673601e-01	2.290785861648107768e-01	-1.924091373226527735e-01	2.892560301448131588e-01	-4.796332344108384937e-01	1.000000000000003331e+00	-3.658877846821602664e-01	2.363823200219196952e-01	-2.146777446987029880e-01	2.468893301846954158e-01	-3.462847344196510191e-01	2.414714379810315725e-01	-2.220774270661242666e-01	1.480113233591300315e-01	-2.303672574461018419e-01	2.331797350427428916e-01	-1.862812773169979508e-01	1.684670597896886779e-01	-1.278012764134723867e-01	1.304570268259162835e-01	-1.885589587734485262e-01	1.712557594079026080e-01	-3.470414338422749267e-01
-4.870930774399831464e-02	4.422897959706900001e-02	-6.018370655241025297e-02	6.976290116390808371e-02	-1.226254402848495351e-01	3.889129572566336207e-02	-4.805983039308996119e-02	6.669026812758593881e-02	-8.416172520982190264e-02	1.146098874651834409e-01	-1.251977675943432011e-01	1.261273747116819777e-01	-1.627190414132378415e-01	2.207470450724001443e-01	-1.723555731646033984e-01	1.200179039796731573e-01	-1.670863015540408614e-01	2.014586986907491439e-01	-3.099979620218168419e-01	2.171117791918532325e-01	-1.765585160943423659e-01	1.750139713209193093e-01	-3.658877846821602664e-01	9.999999999999985567e-01	-5.065690458597502666e-01	1.230660637527771079e-01	-1.350335575008009825e-01	1.777699928920966066e-01	-6.001189161187716614e-01	2.590183508290079262e-01	-8.898744443446925112e-02	1.350780271358724138e-01	-1.701482422751895429e-01	2.248351005409859604e-01	-2.056591486427766791e-01	7.892046661475221603e-02	-8.257069679673510743e-02	1.494293452161614411e-01	-1.516850307120918284e-01	2.415375892843923955e-01
5.749960636622678672e-02	-5.313511013016730677e-02	7.296059708257285337e-02	-8.720372696334506568e-02	1.525795353079863192e-01	-4.526907570252283047e-02	5.669086381494805454e-02	-8.119732221192721422e-02	1.036963961684484875e-01	-1.553104058545119737e-01	1.287443191569279943e-01	-1.305050996053752355e-01	1.618785145877676135e-01	-2.442976362592725881e-01	2.237305596603519631e-01	-1.228854930262022194e-01	1.640596998580286514e-01	-1.906727594283147142e-01	2.355229537957929942e-01	-4.141000363488349656e-01	1.764759953225167322e-01	-1.662397090068171990e-01	2.363823200219196952e-01	-5.065690458597502666e-01	9.999999999999997780e-01	-1.330352187619355531e-01	1.376284797255108716e-01	-1.893630415915304732e-01	2.903266051738907505e-01	-5.022917033734453085e-01	9.596255306279441455e-02	-1.472967836453656088e-01	1.830847638488229956e-01	-2.426112535202871179e-01	2.365742961030365688e-01	-8.719015603956575822e-02	9.043983127888062523e-02	-1.728606983770095140e-01	1.679201417877002056e-01	-3.001237544394532164e-01
-3.888848479366713989e-02	3.385697226270376059e-02	-4.343947968171875396e-02	4.691190711720116813e-02	-7.626676629407250219e-02	3.231968662522001490e-02	-3.825091659739147248e-02	4.837590732566508789e-02	-5.621998409041097794e-02	6.743700637201874293e-02	-1.325773124005648895e-01	1.125157503248558205e-01	-1.339041758839345508e-01	1.099523490447544272e-01	-8.639077726845027783e-02	1.318104773334884960e-01	-1.634221145859869051e-01	1.366627629772343977e-01	-1.103942957978156642e-01	9.789424309229394217e-02	-3.486099428313034210e-01	2.324232854440130835e-01	-2.146777446987029880e-01	1.230660637527771079e-01	-1.330352187619355531e-01	9.999999999999993339e-01	-4.233796241968860730e-01	2.397450105036441070e-01	-1.401162297664944878e-01	1.242846873020516385e-01	-6.524887661646970871e-01	3.154399047685160218e-01	-2.405197197380984642e-01	1.185006234551808785e-01	-1.129709956491436323e-01	2.402805788774516338e-01	-2.738014639339111933e-01	1.466093019907339645e-01	-1.385127466125587459e-01	1.997802439352546200e-01
3.899271229659746069e-02	-3.423730176752227267e-02	4.398152842064445567e-02	-4.788979439853043030e-02	7.752139189048896928e-02	-3.245167773638877456e-02	3.841620929939826984e-02	-4.939107025104748361e-02	5.715315762319960607e-02	-6.989133911423982271e-02	1.296980476626190260e-01	-1.181862235492919383e-01	1.366629306467048444e-01	-1.180154961650027035e-01	8.960665725831958028e-02	-1.349178970481580697e-01	1.717758622386650336e-01	-1.520356206372272256e-01	1.168916734550805303e-01	-1.037310982885061988e-01	2.853957074381486825e-01	-4.506835235793847927e-01	2.468893301846954158e-01	-1.350335575008009825e-01	1.376284797255108716e-01	-4.233796241968860730e-01	1.000000000000000222e+00	-5.092547705729156826e-01	1.452799208612074455e-01	-1.330928238652774320e-01	2.477131407194249901e-01	-4.739493782876896821e-01	2.622445744973784243e-01	-1.264476830450499689e-01	1.168414365212609857e-01	-1.799922917453950222e-01	1.880661903062456064e-01	-1.567406232940234956e-01	1.400182934764008236e-01	-2.214554468573387835e-01
-5.031619847245593496e-02	4.406561046552658761e-02	-5.729149031535735875e-02	6.237012572206995786e-02	-1.028508532662713859e-01	4.125236793070584385e-02	-4.945324876289035332e-02	6.354010466108737931e-02	-7.498260567165923596e-02	9.072480973993229947e-02	-1.592701971702970565e-01	1.404420528228963461e-01	-1.750115091698897229e-01	1.478458247281827231e-01	-1.178705098795969353e-01	1.509440077999910923e-01	-2.036730269372111213e-01	1.833203898698671230e-01	-1.514064377090667546e-01	1.338153285454919961e-01	-3.034438111837208796e-01	2.658562766612572181e-01	-3.462847344196510191e-01	1.777699928920966066e-01	-1.893630415915304732e-01	2.397450105036441070e-01	-5.092547705729156826e-01	9.999999999999972244e-01	-2.086113208344792247e-01	1.773277236429242065e-01	-1.933503569821169443e-01	2.755579416293150730e-01	-5.707452372844871169e-01	1.835062995447931111e-01	-1.700558083255438446e-01	1.482639387346480486e-01	-1.694831201929574427e-01	2.187799125237764319e-01	-2.073116538624856231e-01	2.649022176473508905e-01
4.931419493243647395e-02	-4.480948725753344103e-02	6.009384479351590619e-02	-6.920506463509515371e-02	1.170206917485893949e-01	-3.940840903977386317e-02	4.855694992677486027e-02	-6.718855087306942198e-02	8.238098585937649043e-02	-1.116518975908782768e-01	1.236227581200096959e-01	-1.237131084293107280e-01	1.514327031664158552e-01	-2.055578421408359724e-01	1.504405403663669760e-01	-1.190157615205510583e-01	1.575333213405029076e-01	-1.803084625467843150e-01	2.027059712491953436e-01	-1.944537926803218963e-01	1.784489259889853185e-01	-1.717711762809994436e-01	2.414714379810315725e-01	-6.001189161187716614e-01	2.903266051738907505e-01	-1.401162297664944878e-01	1.452799208612074455e-01	-2.086113208344792247e-01	1.000000000000000222e+00	-3.602489545181322139e-01	1.014774364771304088e-01	-1.576115955314214279e-01	2.074627157852705905e-01	-4.680869124337740939e-01	2.651392364333818308e-01	-9.306610716823075780e-02	9.672228983892391940e-02	-2.077763457649425272e-01	2.036831517275548009e-01	-3.103937421315023371e-01
-5.461895907957940027e-02	4.920370113579054100e-02	-6.771079481503546049e-02	7.765199545399234515e-02	-1.397239354342057760e-01	4.255243818264838745e-02	-5.353411102955700496e-02	7.300744815663165466e-02	-9.463373220033666211e-02	1.210369553643681345e-01	-1.252965215463510418e-01	1.173975479252650778e-01	-1.510129182160229733e-01	1.748296010874870743e-01	-1.741517498059211855e-01	1.143806857253898412e-01	-1.562525889569754689e-01	1.587208982699176985e-01	-1.834980547351936775e-01	2.013143592988541064e-01	-1.794940293244267626e-01	1.505618505127456763e-01	-2.220774270661242666e-01	2.590183508290079262e-01	-5.022917033734453085e-01	1.242846873020516385e-01	-1.330928238652774320e-01	1.773277236429242065e-01	-3.602489545181322139e-01	1.000000000000001776e+00	-9.311171754761717045e-02	1.393789996313515578e-01	-2.103681061154930587e-01	2.935648673270145337e-01	-5.972599221143553017e-01	8.352776996064220638e-02	-8.978570432882151953e-02	1.794446614997847189e-01	-2.034806037817886437e-01	2.544398207416707081e-01
2.759433245396905945e-02	-2.415874323007061522e-02	3.109744218864112994e-02	-3.376031043392024172e-02	5.483519016121814887e-02	-2.281708546376642888e-02	2.713323381115863991e-02	-3.469374443669336755e-02	4.037156426021074745e-02	-4.877232680046100777e-02	8.986715192721188294e-02	-7.878300660415626933e-02	9.301786656014039700e-02	-7.925357248549627642e-02	6.213355115612650276e-02	-8.997065902846856922e-02	1.115372307550780151e-01	-9.653957343726669860e-02	7.865837318630423958e-02	-7.092183641186311505e-02	2.016241617869397595e-01	-1.654364337876918500e-01	1.480113233591300315e-01	-8.898744443446925112e-02	9.596255306279441455e-02	-6.524887661646970871e-01	2.477131407194249901e-01	-1.933503569821169443e-01	1.014774364771304088e-01	-9.311171754761717045e-02	1.000000000000000222e+00	-4.852960760938719309e-01	1.834618231268899946e-01	-8.999005085061625997e-02	8.396301490765764597e-02	-4.396834300302586152e-01	2.817343074076480436e-01	-1.219876539831876439e-01	1.075910689333407777e-01	-1.577819774705088718e-01
-4.166867529939630860e-02	3.636925768379593166e-02	-4.695437894434711240e-02	5.086372681599085621e-02	-8.318957985667409238e-02	3.434907970932880167e-02	-4.094675227788645983e-02	5.212980830111632602e-02	-6.103906724716697679e-02	7.329740378756428865e-02	-1.359427077520860005e-01	1.170020158522998982e-01	-1.416863658342486787e-01	1.182027303370618704e-01	-9.409251510676032437e-02	1.313199748918220666e-01	-1.699861629399419816e-01	1.444164920756001169e-01	-1.191597223854838489e-01	1.064636095741517408e-01	-2.957449709593522047e-01	2.349129026408085796e-01	-2.303672574461018419e-01	1.350780271358724138e-01	-1.472967836453656088e-01	3.154399047685160218e-01	-4.739493782876896821e-01	2.755579416293150730e-01	-1.576115955314214279e-01	1.393789996313515578e-01	-4.852960760938719309e-01	9.999999999999988898e-01	-3.504563734208087644e-01	1.391777137337112114e-01	-1.304462205923445917e-01	2.697384539784934976e-01	-4.019101562353911694e-01	1.790014944152976684e-01	-1.647257065771931817e-01	2.197709143630727779e-01
4.636128343347670211e-02	-4.111248372718904337e-02	5.379250610639205177e-02	-5.941066470190960180e-02	9.772122849683681500e-02	-3.754789615036967926e-02	4.550545086204156597e-02	-5.980309306044868239e-02	7.094458973380435296e-02	-8.766238233702521032e-02	1.317602742582732467e-01	-1.203562116219508427e-01	1.457462062291642879e-01	-1.386746568833762683e-01	1.114745717653205098e-01	-1.263063997066938005e-01	1.638848117888998812e-01	-1.543403773094648435e-01	1.362037706025786832e-01	-1.297596477444190877e-01	2.319450342369265006e-01	-2.099090588401097968e-01	2.331797350427428916e-01	-1.701482422751895429e-01	1.830847638488229956e-01	-2.405197197380984642e-01	2.622445744973784243e-01	-5.707452372844871169e-01	2.074627157852705905e-01	-2.103681061154930587e-01	1.834618231268899946e-01	-3.504563734208087644e-01	9.999999999999991118e-01	-2.767748993892646947e-01	1.967726037536751682e-01	-1.638408615635996157e-01	1.730345929691378126e-01	-4.381930136101607198e-01	2.684274777226213216e-01	-3.570786860436879206e-01
-4.048967702005929620e-02	3.632234224302407360e-02	-4.895494392207992707e-02	5.546655417138168093e-02	-9.594308394310253896e-02	3.206792507672473480e-02	-3.972672266813470632e-02	5.363108292740285943e-02	-6.689918636465969071e-02	8.542453683555083221e-02	-1.014142791696213269e-01	9.514034054350736791e-02	-1.198437355899616003e-01	1.348356181012828336e-01	-1.164481384320681517e-01	9.425330257318922933e-02	-1.267422808794367861e-01	1.287815015840846622e-01	-1.399085073712446614e-01	1.369190675853967087e-01	-1.539045242161781457e-01	1.323274645204880196e-01	-1.862812773169979508e-01	2.248351005409859604e-01	-2.426112535202871179e-01	1.185006234551808785e-01	-1.264476830450499689e-01	1.835062995447931111e-01	-4.680869124337740939e-01	2.935648673270145337e-01	-8.999005085061625997e-02	1.391777137337112114e-01	-2.767748993892646947e-01	9.999999999999987788e-01	-6.320303630744483758e-01	8.300924879679433266e-02	-8.983881569493618047e-02	2.374727784867891323e-01	-3.546119648704273430e-01	2.517119358664262618e-01
3.927109603051288922e-02	-3.538841513392751437e-02	4.761902184872062599e-02	-5.422541357146935803e-02	9.290821676491517467e-02	-3.109266419571015544e-02	3.853902595668907971e-02	-5.244432927742514322e-02	6.504506948874615169e-02	-8.445026696898774721e-02	9.621185157860995263e-02	-9.130543310363770093e-02	1.136065244666007445e-01	-1.328631770854025451e-01	1.131334111285412919e-01	-8.984982970413780967e-02	1.195580430956708351e-01	-1.225780799912256358e-01	1.308925666460155623e-01	-1.389164148969715684e-01	1.438152099301003017e-01	-1.247831207262946884e-01	1.684670597896886779e-01	-2.056591486427766791e-01	2.365742961030365688e-01	-1.129709956491436323e-01	1.168414365212609857e-01	-1.700558083255438446e-01	2.651392364333818308e-01	-5.972599221143553017e-01	8.396301490765764597e-02	-1.304462205923445917e-01	1.967726037536751682e-01	-6.320303630744483758e-01	9.999999999999983347e-01	-7.814689741996659611e-02	8.261711907678717659e-02	-2.081547254222509968e-01	2.126371818169143779e-01	-2.709907561819064892e-01
-2.479153176450845861e-02	2.166236105406812995e-02	-2.800966114397205470e-02	3.036482896056430514e-02	-4.967058687684147017e-02	2.035953547183827136e-02	-2.434331650866338251e-02	3.105461601502326752e-02	-3.642793714602925170e-02	4.367239948126682564e-02	-7.898448986337261446e-02	6.808887999024945681e-02	-8.236423688177571534e-02	6.953859852302460287e-02	-5.575834313082547733e-02	7.599999412205189764e-02	-9.687444723010735226e-02	8.322025366517692146e-02	-6.967634402162191376e-02	6.299971287926287022e-02	-1.675748888043356866e-01	1.264989000176488798e-01	-1.278012764134723867e-01	7.892046661475221603e-02	-8.719015603956575822e-02	2.402805788774516338e-01	-1.799922917453950222e-01	1.482639387346480486e-01	-9.306610716823075780e-02	8.352776996064220638e-02	-4.396834300302586152e-01	2.697384539784934976e-01	-1.638408615635996157e-01	8.300924879679433266e-02	-7.814689741996659611e-02	9.999999999999988898e-01	-8.037145154786575763e-01	1.268001519264692067e-01	-1.126026383788391455e-01	1.365132702272741638e-01
2.545002792090194157e-02	-2.233235311524282146e-02	2.889471036446894514e-02	-3.145864913634664750e-02	5.131556737071737984e-02	-2.087982851817284102e-02	2.499675463261290947e-02	-3.213651169754009468e-02	3.764169244662816244e-02	-4.548236813741996648e-02	7.939921549389485078e-02	-6.996136652508057330e-02	8.363478945090910277e-02	-7.267411771007220578e-02	5.781459449894617297e-02	-7.753015743542433780e-02	9.807416298000880273e-02	-8.609636997286770899e-02	7.206969103832487622e-02	-6.589381208293389192e-02	1.627861827016993390e-01	-1.353966787808860150e-01	1.304570268259162835e-01	-8.257069679673510743e-02	9.043983127888062523e-02	-2.738014639339111933e-01	1.880661903062456064e-01	-1.694831201929574427e-01	9.672228983892391940e-02	-8.978570432882151953e-02	2.817343074076480436e-01	-4.019101562353911694e-01	1.730345929691378126e-01	-8.983881569493618047e-02	8.261711907678717659e-02	-8.037145154786575763e-01	9.999999999999984457e-01	-1.614637718452199833e-01	1.229771245329288332e-01	-1.557154117893113920e-01
-4.126337017833081600e-02	3.634623950002834752e-02	-4.811106155365639514e-02	5.287947345970744895e-02	-8.912730532048744603e-02	3.293514027554391571e-02	-4.037617030514251137e-02	5.254017052942877575e-02	-6.383989190612142373e-02	7.712695494256602280e-02	-1.123971312928151445e-01	9.907299007685718695e-02	-1.253678973412272746e-01	1.167372451412527212e-01	-9.993353719196865215e-02	1.022156937478678057e-01	-1.367296554498223238e-01	1.254062096406527715e-01	-1.186204399443049201e-01	1.125918226509344255e-01	-1.853111346561987227e-01	1.454194350532025115e-01	-1.885589587734485262e-01	1.494293452161614411e-01	-1.728606983770095140e-01	1.466093019907339645e-01	-1.567406232940234956e-01	2.187799125237764319e-01	-2.077763457649425272e-01	1.794446614997847189e-01	-1.219876539831876439e-01	1.790014944152976684e-01	-4.381930136101607198e-01	2.374727784867891323e-01	-2.081547254222509968e-01	1.268001519264692067e-01	-1.614637718452199833e-01	9.999999999999986677e-01	-7.460487303290483929e-01	2.720530984849407474e-01
3.922842546179507867e-02	-3.478402829319352657e-02	4.609034919852196543e-02	-5.105770970943573211e-02	8.563566946378939337e-02	-3.124674224668431977e-02	3.839788019265714947e-02	-5.057462819643850083e-02	6.134672537373081491e-02	-7.543824605017671048e-02	1.030814330063382495e-01	-9.294935830105038876e-02	1.160764117314829202e-01	-1.147966935491525342e-01	9.677548278440391283e-02	-9.479114003144920031e-02	1.256107393446614928e-01	-1.186179535348221847e-01	1.141582036841883446e-01	-1.117162733789725387e-01	1.654697045827353552e-01	-1.350407656294535241e-01	1.712557594079026080e-01	-1.516850307120918284e-01	1.679201417877002056e-01	-1.385127466125587459e-01	1.400182934764008236e-01	-2.073116538624856231e-01	2.036831517275548009e-01	-2.034806037817886437e-01	1.075910689333407777e-01	-1.647257065771931817e-01	2.684274777226213216e-01	-3.546119648704273430e-01	2.126371818169143779e-01	-1.126026383788391455e-01	1.229771245329288332e-01	-7.460487303290483929e-01	9.999999999999986677e-01	-3.963886066859284574e-01
