1.000000000000000222e+00	-1.768629132308497109e-01	1.345199555908265787e-01	-5.866087640754364535e-02	3.843741937772382489e-02	-9.229648635038004700e-01	1.955793845163583955e-01	-1.854491420290573789e-01	6.149396488135405042e-02	-4.762756689807052385e-02	1.429231987303473672e-01	-1.251732754014895643e-01	1.050571549239420338e-01	-8.037481562338180674e-02	6.124883207169017768e-02	-1.429929016697332189e-01	1.008819731183600438e-01	-8.634033489571489584e-02	8.593407350459704441e-02	-5.427103658504994765e-02	6.849235032555704705e-02	-7.858281537802792871e-02	8.368873884243131778e-02	-4.921672323219090234e-02	5.251663396572721354e-02	-6.532237494804211952e-02	3.705406456129371751e-02	-3.715386744366696442e-02	5.049711564901428196e-02	-3.283465126963195507e-02	5.932738761898668362e-02	-3.773464122716294750e-02	3.953533842990059055e-02	-5.674018785007006738e-02	3.087496483343665429e-02	-8.027106045092056996e-02	5.179085521847005824e-02	-5.278277916220917854e-02	4.063161051052069372e-02	-6.912818769149770004e-02
-1.768629132308497109e-01	1.000000000000000444e+00	-8.094649861637672750e-01	8.876744633247404814e-02	-5.681037635178824013e-02	1.478895074737097137e-01	-4.530477473277370604e-01	2.910066059065048449e-01	-8.972025321089090177e-02	6.276851372124758743e-02	-9.680618662000771424e-02	1.142176463755102678e-01	-1.243464824942371316e-01	9.288552170138968112e-02	-7.143888685493324231e-02	9.861665319963790199e-02	-1.010866443589757274e-01	9.037063961601379813e-02	-9.752062254426413501e-02	6.045433149345599139e-02	-5.975382911227845872e-02	7.216361982257443741e-02	-8.644483189216881081e-02	5.297149418122139991e-02	-5.759627641273883797e-02	5.738213677784022998e-02	-3.541651479335638369e-02	3.564865303452139506e-02	-5.318581115411707971e-02	3.408604456220422352e-02	-5.452153384053298746e-02	3.584227652710145900e-02	-3.816612025797710278e-02	5.764779331007512109e-02	-3.202505939552850039e-02	7.333437969518365185e-02	-4.952184838726365196e-02	5.067222498451087742e-02	-3.982036015957350628e-02	6.683179680591479210e-02
1.345199555908265787e-01	-8.094649861637672750e-01	1.000000000000000444e+00	-1.147562492423136182e-01	6.682880129024089400e-02	-1.329635446724112269e-01	2.963101660899361556e-01	-4.415549209765923799e-01	1.046702925579225257e-01	-7.577574917554324996e-02	1.016525776783406970e-01	-1.277183017318970770e-01	1.414924004534294788e-01	-1.097426531579252240e-01	8.106059198689991030e-02	-1.122935899218107519e-01	1.100727340241525881e-01	-1.050349730736201831e-01	1.082928875046694633e-01	-6.990153780442630305e-02	6.740864561667962718e-02	-8.254275309827063811e-02	9.614566586059258846e-02	-6.037230768296320688e-02	6.508492603774782004e-02	-6.631118322532791876e-02	4.058829896934831871e-02	-4.106768331164199759e-02	6.038207072268544917e-02	-3.929252578746990354e-02	6.214732781939972389e-02	-4.136717423791221732e-02	4.386926448257759403e-02	-6.685189259340348911e-02	3.674878253271149364e-02	-8.615588274741034502e-02	5.719682590667767019e-02	-5.919811107129080430e-02	4.633909537617243030e-02	-7.844528931844438335e-02
-5.866087640754364535e-02	8.876744633247404814e-02	-1.147562492423136182e-01	1.000000000000000444e+00	-5.373469987775670864e-01	5.311171111305339892e-02	-1.040977043305391925e-01	1.162055701181606004e-01	-6.912427287319986569e-01	3.151306477111576743e-01	-9.542290241589049260e-02	1.129486082437587691e-01	-1.516025788647090422e-01	2.192436708868827633e-01	-1.866236463835339032e-01	1.035021879746306633e-01	-1.250932261419012426e-01	1.161031593757460290e-01	-2.113258265802258340e-01	1.338520560416582295e-01	-7.346001593037612687e-02	9.057087908583089098e-02	-1.186566237149559166e-01	1.017153332979382901e-01	-1.191738398245361374e-01	7.109595373704456767e-02	-4.881686503380109482e-02	4.935031373664906101e-02	-9.629379752679360915e-02	6.082493638231419031e-02	-7.089254575367451294e-02	4.949678543357409477e-02	-5.425811573570307744e-02	9.662926109626138182e-02	-5.692955861212189300e-02	9.495134720682582574e-02	-7.024359689946615970e-02	7.328780097406298322e-02	-6.088288709102776530e-02	9.899291645856961308e-02
3.843741937772382489e-02	-5.681037635178824013e-02	6.682880129024089400e-02	-5.373469987775670864e-01	1.000000000000000444e+00	-3.529810680085620350e-02	6.546899930819254088e-02	-7.496528660463544491e-02	2.929339211793431930e-01	-7.644447658233500809e-01	6.525765198934074807e-02	-7.904769616573889546e-02	9.928857505236614311e-02	-1.532581865722603409e-01	1.487653977126301430e-01	-7.425412725350455379e-02	8.527005836306222886e-02	-8.080465663065176940e-02	1.364118639466978533e-01	-1.138535310488529573e-01	5.216426986963117185e-02	-6.474102184652909264e-02	8.161945896518578436e-02	-7.566721193525573208e-02	8.711630687831994901e-02	-5.166847212612787205e-02	3.546534122365453678e-02	-3.605213595571415269e-02	7.001130890954587738e-02	-4.614425186989190575e-02	5.105962470583077367e-02	-3.631625638252285876e-02	3.971862348283269895e-02	-7.390590217064707534e-02	4.235553343721788072e-02	-7.062725184803056444e-02	5.174483464229923113e-02	-5.512713987819954642e-02	4.592621584165641757e-02	-7.551082785945774367e-02
-9.229648635038004700e-01	1.478895074737097137e-01	-1.329635446724112269e-01	5.311171111305339892e-02	-3.529810680085620350e-02	1.000000000000000444e+00	-2.437733200223383967e-01	1.654848280946339956e-01	-5.701217929387418504e-02	4.318017250221434233e-02	-1.628913914449726941e-01	1.182219708650751322e-01	-1.009412587991871668e-01	7.378770855648540683e-02	-5.695249877815036776e-02	1.273481244267808676e-01	-9.627243163289295191e-02	7.951588174600625336e-02	-8.053026965072546117e-02	4.960242966863531028e-02	-6.269497235762107323e-02	7.102055544896450356e-02	-7.821944442841734235e-02	4.506603601612038656e-02	-4.837728120241942265e-02	5.806112222475476314e-02	-3.338122280649505336e-02	3.333055241673853891e-02	-4.606375289763651321e-02	2.960435378327199926e-02	-5.359650348082374560e-02	3.373844170437764745e-02	-3.550684070521265695e-02	5.080708834365729037e-02	-2.789704128996128851e-02	7.031285939846367017e-02	-4.623889845753078459e-02	4.668302866575346766e-02	-3.611521953596049522e-02	6.092467044012234850e-02
1.955793845163583955e-01	-4.530477473277370604e-01	2.963101660899361556e-01	-1.040977043305391925e-01	6.546899930819254088e-02	-2.437733200223383967e-01	1.000000000000000444e+00	-7.312803875713230761e-01	1.108619870376532646e-01	-8.117132971711428502e-02	1.419591974345159047e-01	-2.016017179051509123e-01	1.948645045402954135e-01	-1.367997042206637037e-01	9.695489720899266861e-02	-1.486943214218171272e-01	1.431022149766035256e-01	-1.377712840490116220e-01	1.305778569266565214e-01	-8.393128490813844822e-02	8.521702109889298105e-02	-1.042890050206236735e-01	1.207291077685087588e-01	-7.280370742311767507e-02	7.790967234114304363e-02	-8.268151297896381147e-02	4.976846837720168976e-02	-5.032450029213087622e-02	7.235963392015647144e-02	-4.707026154660769873e-02	7.657697741595466401e-02	-5.052018508789966889e-02	5.340697306126469118e-02	-8.020163241561249767e-02	4.400010712810166480e-02	-1.048721556533453309e-01	6.936808867147745139e-02	-7.150845152794736703e-02	5.578886982255119170e-02	-9.436391274153872744e-02
-1.854491420290573789e-01	2.910066059065048449e-01	-4.415549209765923799e-01	1.162055701181606004e-01	-7.496528660463544491e-02	1.654848280946339956e-01	-7.312803875713230761e-01	1.000000000000000888e+00	-1.396272733875532912e-01	9.011332780348470239e-02	-1.457630241928814796e-01	1.858861555787525710e-01	-2.844036830386809656e-01	1.537195757852188871e-01	-1.115574072844561643e-01	1.438894260621998156e-01	-1.578219368804605616e-01	1.496476439076694642e-01	-1.498299868872718377e-01	9.202597161447574614e-02	-8.804459143243682784e-02	1.079630043195939498e-01	-1.353483531026163089e-01	7.953093642986140688e-02	-8.623739474669479821e-02	8.360427271563711238e-02	-5.185998548974389555e-02	5.229314183515121339e-02	-7.830124199164922860e-02	5.007071233791082071e-02	-7.905458628639967789e-02	5.217663514211837161e-02	-5.561201792405636585e-02	8.424618718896788316e-02	-4.693277491724579670e-02	1.053764795685618316e-01	-7.161916956012540081e-02	7.325841697169266364e-02	-5.771193864300584730e-02	9.647621217148838468e-02
6.149396488135405042e-02	-8.972025321089090177e-02	1.046702925579225257e-01	-6.912427287319986569e-01	2.929339211793431930e-01	-5.701217929387418504e-02	1.108619870376532646e-01	-1.396272733875532912e-01	9.999999999999996669e-01	-4.534391410496233510e-01	1.045801696545117648e-01	-1.336501838820303434e-01	1.731485909753972818e-01	-3.728166645387513412e-01	2.020906881130839494e-01	-1.185440076141151683e-01	1.335597155318960783e-01	-1.328459336876382235e-01	2.110924340026848756e-01	-1.573646412955716223e-01	8.085727433540335074e-02	-1.009800792086420207e-01	1.262334040461057239e-01	-1.113389399875348573e-01	1.247764631355217230e-01	-7.999076088234853554e-02	5.383980409952133367e-02	-5.480394079128895340e-02	1.022476691690119982e-01	-6.721321008981959166e-02	7.798376472779519619e-02	-5.505929288578699510e-02	5.988884848081175299e-02	-1.087533877469208238e-01	6.176437875109212078e-02	-1.080623437080352744e-01	7.788027933919333679e-02	-8.284037451285167220e-02	6.838859503035404908e-02	-1.129869060230091621e-01
-4.762756689807052385e-02	6.276851372124758743e-02	-7.577574917554324996e-02	3.151306477111576743e-01	-7.644447658233500809e-01	4.318017250221434233e-02	-8.117132971711428502e-02	9.011332780348470239e-02	-4.534391410496233510e-01	1.000000000000000000e+00	-8.229326794324895444e-02	9.798887448042566117e-02	-1.285395652925184484e-01	1.927680960170384539e-01	-2.277697896970445335e-01	9.104341587461953211e-02	-1.089383748327055618e-01	1.018246404609211564e-01	-1.854242325843201700e-01	1.431443529370130807e-01	-6.502242419290289732e-02	8.042966987048102978e-02	-1.045354159151774959e-01	9.666934338961240269e-02	-1.160467885281408068e-01	6.347321374799493043e-02	-4.402845131886172492e-02	4.461465019867555393e-02	-9.003532007512479729e-02	5.788505890589449449e-02	-6.332529119695107234e-02	4.481704579057643745e-02	-4.923626465787667855e-02	9.108437822276112261e-02	-5.372159119797920851e-02	8.575006946029933852e-02	-6.388961572305687509e-02	6.733632979848229450e-02	-5.642663245308918163e-02	9.166977896990521901e-02
1.429231987303473672e-01	-9.680618662000771424e-02	1.016525776783406970e-01	-9.542290241589049260e-02	6.525765198934074807e-02	-1.628913914449726941e-01	1.419591974345159047e-01	-1.457630241928814796e-01	1.045801696545117648e-01	-8.229326794324895444e-02	9.999999999999997780e-01	-5.670114728051877107e-01	2.414844021401546803e-01	-1.691224568097139946e-01	1.239059263846826880e-01	-6.573327926531716825e-01	2.594301574279855860e-01	-2.012873628236581114e-01	1.781223557175918848e-01	-1.093344840639140780e-01	1.900504628595504342e-01	-1.971330289160344307e-01	1.895565129186816133e-01	-1.008659155903470911e-01	1.068349560694435846e-01	-1.625795703807759451e-01	8.172380405632434508e-02	-8.062463544402927174e-02	1.025060800405205447e-01	-6.592517328065740367e-02	1.383476788963735604e-01	-8.172772837813964408e-02	8.439335741921231981e-02	-1.136499140305614886e-01	6.217493473250827046e-02	-1.704754179974601880e-01	1.093916995072033438e-01	-1.080170799878400478e-01	8.236673899311391933e-02	-1.383980540369169066e-01
-1.251732754014895643e-01	1.142176463755102678e-01	-1.277183017318970770e-01	1.129486082437587691e-01	-7.904769616573889546e-02	1.182219708650751322e-01	-2.016017179051509123e-01	1.858861555787525710e-01	-1.336501838820303434e-01	9.798887448042566117e-02	-5.670114728051877107e-01	9.999999999999998890e-01	-5.206587055112379403e-01	2.161565467841635446e-01	-1.612098652346368455e-01	2.944315627632820287e-01	-4.018320521111172772e-01	2.544180756398706778e-01	-2.274928318832129814e-01	1.305257943174994995e-01	-1.637119789668565473e-01	1.917128678558008559e-01	-2.293331167630275891e-01	1.177549048225261796e-01	-1.269835564514966431e-01	1.406640924243916790e-01	-8.330202541833517382e-02	8.272268574662366980e-02	-1.158081123945207819e-01	7.288590152635830710e-02	-1.320819655280153215e-01	8.210629395130777941e-02	-8.677669825827918904e-02	1.227235680780200816e-01	-6.871076924445142231e-02	1.615706700248264738e-01	-1.103440087953298371e-01	1.095320040232575509e-01	-8.545139125589545914e-02	1.414315019355963376e-01
1.050571549239420338e-01	-1.243464824942371316e-01	1.414924004534294788e-01	-1.516025788647090422e-01	9.928857505236614311e-02	-1.009412587991871668e-01	1.948645045402954135e-01	-2.844036830386809656e-01	1.731485909753972818e-01	-1.285395652925184484e-01	2.414844021401546803e-01	-5.206587055112379403e-01	1.000000000000000222e+00	-4.446828656037896677e-01	2.008383194191074861e-01	-2.592148332727487459e-01	2.801652925835776409e-01	-4.378882717963463733e-01	2.574415552309512467e-01	-1.696983397814772754e-01	1.505091567198502123e-01	-1.953612198289353952e-01	2.447066229941726456e-01	-1.387105615794523017e-01	1.455498689112447452e-01	-1.446175562042477658e-01	8.807038023432552099e-02	-8.997590658812289199e-02	1.298599296056621166e-01	-8.483833072812448084e-02	1.315063852723194204e-01	-8.852333851204412241e-02	9.359326384146147981e-02	-1.427735369148041555e-01	7.856130493153075378e-02	-1.789122449077268917e-01	1.195756876206473945e-01	-1.239423170163241605e-01	9.718228707353389340e-02	-1.632640830709967683e-01
-8.037481562338180674e-02	9.288552170138968112e-02	-1.097426531579252240e-01	2.192436708868827633e-01	-1.532581865722603409e-01	7.378770855648540683e-02	-1.367997042206637037e-01	1.537195757852188871e-01	-3.728166645387513412e-01	1.927680960170384539e-01	-1.691224568097139946e-01	2.161565467841635446e-01	-4.446828656037896677e-01	9.999999999999996669e-01	-4.768913108449107097e-01	1.757026581622690153e-01	-2.145015308254780984e-01	2.211595785945802972e-01	-4.717726584101362142e-01	2.558007693800394833e-01	-1.206453832678024002e-01	1.516148885719557915e-01	-2.030050319509446310e-01	1.814243608758332460e-01	-2.091591201750400975e-01	1.163552654381468238e-01	-7.871846364524223705e-02	8.013511879225247714e-02	-1.585235084362344726e-01	1.011604493207125949e-01	-1.132568325514425739e-01	7.974436184082124568e-02	-8.699634126654465227e-02	1.597601055675469672e-01	-9.335376435601226708e-02	1.534452284275124589e-01	-1.119827397208352920e-01	1.186300608450620575e-01	-9.874602323000092330e-02	1.608560906547255587e-01
6.124883207169017768e-02	-7.143888685493324231e-02	8.106059198689991030e-02	-1.866236463835339032e-01	1.487653977126301430e-01	-5.695249877815036776e-02	9.695489720899266861e-02	-1.115574072844561643e-01	2.020906881130839494e-01	-2.277697896970445335e-01	1.239059263846826880e-01	-1.612098652346368455e-01	2.008383194191074861e-01	-4.768913108449107097e-01	9.999999999999994449e-01	-1.474963124566522621e-01	1.623557446216191968e-01	-1.676141926307021524e-01	2.828195302854352722e-01	-6.669225350956266007e-01	1.031453130911593741e-01	-1.307721088696042755e-01	1.611627610148142764e-01	-2.139343887201130556e-01	2.520337440362163117e-01	-1.045732239970657423e-01	7.391293463253534313e-02	-7.609380648050081963e-02	1.671209986857365437e-01	-1.221215612764008918e-01	1.022948112174508345e-01	-7.658857559447451724e-02	8.432404002678543786e-02	-1.847669688924761799e-01	1.053567758052714742e-01	-1.463853922853864953e-01	1.099996538884803338e-01	-1.226211807911342100e-01	1.057015769218461049e-01	-1.727588817604256977e-01
-1.429929016697332189e-01	9.861665319963790199e-02	-1.122935899218107519e-01	1.035021879746306633e-01	-7.425412725350455379e-02	1.273481244267808676e-01	-1.486943214218171272e-01	1.438894260621998156e-01	-1.185440076141151683e-01	9.104341587461953211e-02	-6.573327926531716825e-01	2.944315627632820287e-01	-2.592148332727487459e-01	1.757026581622690153e-01	-1.474963124566522621e-01	9.999999999999992228e-01	-3.812262900397346832e-01	2.248918949699048597e-01	-2.265384428544545969e-01	1.254018681202586083e-01	-3.529968209718644667e-01	2.473324971649666359e-01	-2.555149341604242008e-01	1.218048060915939285e-01	-1.314202987097426722e-01	2.057729123554997985e-01	-1.033196144268524463e-01	9.840120211033703823e-02	-1.257573733945430150e-01	7.736685134391907415e-02	-1.954896099200519044e-01	9.994682648690912663e-02	-1.045289595732725174e-01	1.316724116198155770e-01	-7.398269410323395079e-02	1.942719625697417463e-01	-1.339153257805794917e-01	1.242398220869929404e-01	-9.547776323575613011e-02	1.553539314985558362e-01
1.008819731183600438e-01	-1.010866443589757274e-01	1.100727340241525881e-01	-1.250932261419012426e-01	8.527005836306222886e-02	-9.627243163289295191e-02	1.431022149766035256e-01	-1.578219368804605616e-01	1.335597155318960783e-01	-1.089383748327055618e-01	2.594301574279855860e-01	-4.018320521111172772e-01	2.801652925835776409e-01	-2.145015308254780984e-01	1.623557446216191968e-01	-3.812262900397346832e-01	1.000000000000001776e+00	-5.105237276694292170e-01	2.436613677128967315e-01	-1.507770382036201784e-01	2.405448576991906506e-01	-4.076102629152016377e-01	3.137420345113107190e-01	-1.476262158866127328e-01	1.498771073380522068e-01	-2.298450220239892372e-01	1.322411834941668862e-01	-1.322976803399655565e-01	1.493646329873574152e-01	-9.772820785207184113e-02	1.952595479948833479e-01	-1.307711107807131012e-01	1.321789664325923874e-01	-1.723254656373445493e-01	9.184633959957877458e-02	-2.647644842588544045e-01	1.675095451878879094e-01	-1.698035031037423981e-01	1.273648659304202901e-01	-2.175831301467934797e-01
-8.634033489571489584e-02	9.037063961601379813e-02	-1.050349730736201831e-01	1.161031593757460290e-01	-8.080465663065176940e-02	7.951588174600625336e-02	-1.377712840490116220e-01	1.496476439076694642e-01	-1.328459336876382235e-01	1.018246404609211564e-01	-2.012873628236581114e-01	2.544180756398706778e-01	-4.378882717963463733e-01	2.211595785945802972e-01	-1.676141926307021524e-01	2.248918949699048597e-01	-5.105237276694292170e-01	1.000000000000000000e+00	-3.004308633498532499e-01	1.475801631385223744e-01	-1.755570247499876058e-01	2.528198664188657241e-01	-5.784891906629094915e-01	1.510708167326944018e-01	-1.487577824302898366e-01	1.577273303426302564e-01	-1.055007778178638778e-01	1.087057768509242794e-01	-1.398681104404597697e-01	8.605369049397119940e-02	-1.457167403115799398e-01	1.005738274073232214e-01	-1.083148286017300427e-01	1.467309986252900156e-01	-8.061254527448696861e-02	1.871725727500323233e-01	-1.296493633421947622e-01	1.304765163470181233e-01	-1.013779136842233447e-01	1.675428040385315842e-01
8.593407350459704441e-02	-9.752062254426413501e-02	1.082928875046694633e-01	-2.113258265802258340e-01	1.364118639466978533e-01	-8.053026965072546117e-02	1.305778569266565214e-01	-1.498299868872718377e-01	2.110924340026848756e-01	-1.854242325843201700e-01	1.781223557175918848e-01	-2.274928318832129814e-01	2.574415552309512467e-01	-4.717726584101362142e-01	2.828195302854352722e-01	-2.265384428544545969e-01	2.436613677128967315e-01	-3.004308633498532499e-01	1.000000000000001110e+00	-3.541499822994894076e-01	1.603347795283242838e-01	-2.083188025610110961e-01	2.471382324259656649e-01	-3.732110480440878897e-01	2.725183493763588816e-01	-1.679355330397514223e-01	1.159265772716333576e-01	-1.204460884696919865e-01	2.452463048758457276e-01	-1.622808218536832270e-01	1.610362419219329988e-01	-1.211687110308857507e-01	1.317899024344535153e-01	-2.799742252842102874e-01	1.435313494468426765e-01	-2.407845214331889860e-01	1.727122835483311802e-01	-1.951314051514729808e-01	1.640127114104281691e-01	-2.743337783714542288e-01
-5.427103658504994765e-02	6.045433149345599139e-02	-6.990153780442630305e-02	1.338520560416582295e-01	-1.138535310488529573e-01	4.960242966863531028e-02	-8.393128490813844822e-02	9.202597161447574614e-02	-1.573646412955716223e-01	1.431443529370130807e-01	-1.093344840639140780e-01	1.305257943174994995e-01	-1.696983397814772754e-01	2.558007693800394833e-01	-6.669225350956266007e-01	1.254018681202586083e-01	-1.507770382036201784e-01	1.475801631385223744e-01	-3.541499822994894076e-01	1.000000000000001332e+00	-9.351602151157566156e-02	1.179265292353788852e-01	-1.570967575588740339e-01	2.412158863216359861e-01	-4.990150106810760655e-01	9.285700741212098153e-02	-6.904922791213767563e-02	7.073020997132418997e-02	-1.973074347162485087e-01	1.340707779675005262e-01	-9.348957019405504387e-02	7.085976011402193853e-02	-7.941382202395556866e-02	1.787852173030804737e-01	-1.219759455333975923e-01	1.294810618140527503e-01	-1.029599324871805777e-01	1.127827401872384672e-01	-1.005048292880371813e-01	1.574360371051236329e-01
6.849235032555704705e-02	-5.975382911227845872e-02	6.740864561667962718e-02	-7.346001593037612687e-02	5.216426986963117185e-02	-6.269497235762107323e-02	8.521702109889298105e-02	-8.804459143243682784e-02	8.085727433540335074e-02	-6.502242419290289732e-02	1.900504628595504342e-01	-1.637119789668565473e-01	1.505091567198502123e-01	-1.206453832678024002e-01	1.031453130911593741e-01	-3.529968209718644667e-01	2.405448576991906506e-01	-1.755570247499876058e-01	1.603347795283242838e-01	-9.351602151157566156e-02	1.000000000000000222e+00	-5.777361294157806748e-01	2.387188979446031312e-01	-9.836150142540708852e-02	1.020069740905424072e-01	-5.699107150590412285e-01	1.247144260325060566e-01	-1.133068205043229471e-01	1.053786611543185286e-01	-6.615344084200312780e-02	2.627331424900836709e-01	-1.187452043993934142e-01	1.124386058805060956e-01	-1.177703408002917923e-01	6.361767018190760126e-02	-2.473245959796250282e-01	1.444553324302122466e-01	-1.284282996891975559e-01	9.317485971546513035e-02	-1.528225890559173628e-01
-7.858281537802792871e-02	7.216361982257443741e-02	-8.254275309827063811e-02	9.057087908583089098e-02	-6.474102184652909264e-02	7.102055544896450356e-02	-1.042890050206236735e-01	1.079630043195939498e-01	-1.009800792086420207e-01	8.042966987048102978e-02	-1.971330289160344307e-01	1.917128678558008559e-01	-1.953612198289353952e-01	1.516148885719557915e-01	-1.307721088696042755e-01	2.473324971649666359e-01	-4.076102629152016377e-01	2.528198664188657241e-01	-2.083188025610110961e-01	1.179265292353788852e-01	-5.777361294157806748e-01	1.000000000000001776e+00	-4.786425092916337665e-01	1.291076582676679574e-01	-1.313852266879998731e-01	2.661298139456553802e-01	-2.002190629509986997e-01	1.525266558447814502e-01	-1.335706443096238150e-01	8.068389085839262898e-02	-2.566096671573982468e-01	1.503086923338358138e-01	-1.472239893883203476e-01	1.415591936391965011e-01	-7.760757695242224974e-02	2.279729700142337778e-01	-1.705259135425425954e-01	1.474081209947161741e-01	-1.089133484791525719e-01	1.735137936113443913e-01
8.368873884243131778e-02	-8.644483189216881081e-02	9.614566586059258846e-02	-1.186566237149559166e-01	8.161945896518578436e-02	-7.821944442841734235e-02	1.207291077685087588e-01	-1.353483531026163089e-01	1.262334040461057239e-01	-1.045354159151774959e-01	1.895565129186816133e-01	-2.293331167630275891e-01	2.447066229941726456e-01	-2.030050319509446310e-01	1.611627610148142764e-01	-2.555149341604242008e-01	3.137420345113107190e-01	-5.784891906629094915e-01	2.471382324259656649e-01	-1.570967575588740339e-01	2.387188979446031312e-01	-4.786425092916337665e-01	1.000000000000003331e+00	-1.991866454263164776e-01	1.681237234179507045e-01	-2.335654649433830110e-01	1.558209733753354309e-01	-1.778099115586647128e-01	1.698542573490589846e-01	-1.070367906176058065e-01	1.972186406460005315e-01	-1.480313917120421041e-01	1.549881834138064074e-01	-1.893045922337368570e-01	9.992907993960319091e-02	-2.715973700211700703e-01	1.790295822044880025e-01	-1.831975464675450471e-01	1.369862827849432085e-01	-2.303762345768382569e-01
-4.921672323219090234e-02	5.297149418122139991e-02	-6.037230768296320688e-02	1.017153332979382901e-01	-7.566721193525573208e-02	4.506603601612038656e-02	-7.280370742311767507e-02	7.953093642986140688e-02	-1.113389399875348573e-01	9.666934338961240269e-02	-1.008659155903470911e-01	1.177549048225261796e-01	-1.387105615794523017e-01	1.814243608758332460e-01	-2.139343887201130556e-01	1.218048060915939285e-01	-1.476262158866127328e-01	1.510708167326944018e-01	-3.732110480440878897e-01	2.412158863216359861e-01	-9.836150142540708852e-02	1.291076582676679574e-01	-1.991866454263164776e-01	1.000000000000001776e+00	-5.994659973407908682e-01	9.853147417411158016e-02	-8.058033649504876827e-02	8.413617933166459006e-02	-5.582408842391112236e-01	1.728751843747768080e-01	-1.006294492068911667e-01	8.243515575442461607e-02	-9.501849454186696298e-02	2.627567254501169680e-01	-1.590703772277315131e-01	1.406228232080306562e-01	-1.212346679844179542e-01	1.370521772886615641e-01	-1.316627449510834047e-01	1.904568269292596372e-01
5.251663396572721354e-02	-5.759627641273883797e-02	6.508492603774782004e-02	-1.191738398245361374e-01	8.711630687831994901e-02	-4.837728120241942265e-02	7.790967234114304363e-02	-8.623739474669479821e-02	1.247764631355217230e-01	-1.160467885281408068e-01	1.068349560694435846e-01	-1.269835564514966431e-01	1.455498689112447452e-01	-2.091591201750400975e-01	2.520337440362163117e-01	-1.314202987097426722e-01	1.498771073380522068e-01	-1.487577824302898366e-01	2.725183493763588816e-01	-4.990150106810760655e-01	1.020069740905424072e-01	-1.313852266879998731e-01	1.681237234179507045e-01	-5.994659973407908682e-01	1.000000000000002887e+00	-1.049499134552295682e-01	8.368557525674238939e-02	-8.724909663085454736e-02	2.766648101146362837e-01	-2.645274077165004623e-01	1.067482616488771852e-01	-8.759836525457452561e-02	9.951954808846884271e-02	-2.859031772517650616e-01	1.889790317274464559e-01	-1.542004221350476156e-01	1.295134329070706802e-01	-1.519823240667665387e-01	1.416230344602258662e-01	-2.210531374245986447e-01
-6.532237494804211952e-02	5.738213677784022998e-02	-6.631118322532791876e-02	7.109595373704456767e-02	-5.166847212612787205e-02	5.806112222475476314e-02	-8.268151297896381147e-02	8.360427271563711238e-02	-7.999076088234853554e-02	6.347321374799493043e-02	-1.625795703807759451e-01	1.406640924243916790e-01	-1.446175562042477658e-01	1.163552654381468238e-01	-1.045732239970657423e-01	2.057729123554997985e-01	-2.298450220239892372e-01	1.577273303426302564e-01	-1.679355330397514223e-01	9.285700741212098153e-02	-5.699107150590412285e-01	2.661298139456553802e-01	-2.335654649433830110e-01	9.853147417411158016e-02	-1.049499134552295682e-01	1.000000000000001776e+00	-1.213010019044202387e-01	1.071578661777131403e-01	-1.086798049893955564e-01	6.592971510427109161e-02	-6.279806346977475640e-01	1.208684024340784119e-01	-1.183456783927410716e-01	1.164283950953347441e-01	-6.423918743565504297e-02	2.646741912338672620e-01	-1.639064650224042463e-01	1.279996964555749628e-01	-9.371448283982164451e-02	1.474057015424657391e-01
3.705406456129371751e-02	-3.541651479335638369e-02	4.058829896934831871e-02	-4.881686503380109482e-02	3.546534122365453678e-02	-3.338122280649505336e-02	4.976846837720168976e-02	-5.185998548974389555e-02	5.383980409952133367e-02	-4.402845131886172492e-02	8.172380405632434508e-02	-8.330202541833517382e-02	8.807038023432552099e-02	-7.871846364524223705e-02	7.391293463253534313e-02	-1.033196144268524463e-01	1.322411834941668862e-01	-1.055007778178638778e-01	1.159265772716333576e-01	-6.904922791213767563e-02	1.247144260325060566e-01	-2.002190629509986997e-01	1.558209733753354309e-01	-8.058033649504876827e-02	8.368557525674238939e-02	-1.213010019044202387e-01	1.000000000000000000e+00	-6.237019658070649397e-01	1.020148415208096682e-01	-6.276044834142410767e-02	1.377888035447973891e-01	-6.183613689001248304e-01	3.203287753477208066e-01	-1.250870221100088553e-01	6.263199250697160103e-02	-1.911963820468559061e-01	2.370758669146997011e-01	-1.977324337745655358e-01	1.209969824334885813e-01	-1.793159174399779343e-01
-3.715386744366696442e-02	3.564865303452139506e-02	-4.106768331164199759e-02	4.935031373664906101e-02	-3.605213595571415269e-02	3.333055241673853891e-02	-5.032450029213087622e-02	5.229314183515121339e-02	-5.480394079128895340e-02	4.461465019867555393e-02	-8.062463544402927174e-02	8.272268574662366980e-02	-8.997590658812289199e-02	8.013511879225247714e-02	-7.609380648050081963e-02	9.840120211033703823e-02	-1.322976803399655565e-01	1.087057768509242794e-01	-1.204460884696919865e-01	7.073020997132418997e-02	-1.133068205043229471e-01	1.525266558447814502e-01	-1.778099115586647128e-01	8.413617933166459006e-02	-8.724909663085454736e-02	1.071578661777131403e-01	-6.237019658070649397e-01	9.999999999999977796e-01	-1.105280358357886711e-01	6.289226152457171037e-02	-1.281278345655725570e-01	3.130279867986000553e-01	-6.436434741998366960e-01	1.253979608010769298e-01	-6.344054278788674450e-02	1.653514642248635758e-01	-2.322378924680951473e-01	1.920448987312878275e-01	-1.238061112293588756e-01	1.642243582682659242e-01
5.049711564901428196e-02	-5.318581115411707971e-02	6.038207072268544917e-02	-9.629379752679360915e-02	7.001130890954587738e-02	-4.606375289763651321e-02	7.235963392015647144e-02	-7.830124199164922860e-02	1.022476691690119982e-01	-9.003532007512479729e-02	1.025060800405205447e-01	-1.158081123945207819e-01	1.298599296056621166e-01	-1.585235084362344726e-01	1.671209986857365437e-01	-1.257573733945430150e-01	1.493646329873574152e-01	-1.398681104404597697e-01	2.452463048758457276e-01	-1.973074347162485087e-01	1.053786611543185286e-01	-1.335706443096238150e-01	1.698542573490589846e-01	-5.582408842391112236e-01	2.766648101146362837e-01	-1.086798049893955564e-01	1.020148415208096682e-01	-1.105280358357886711e-01	9.999999999999994449e-01	-2.456861057163667872e-01	1.167250818316858674e-01	-1.073907115963012998e-01	1.274335023566640357e-01	-5.943166715107440767e-01	2.036066547948413297e-01	-1.676824592782024392e-01	1.620621123008677000e-01	-2.057789335750730420e-01	2.104450035571114874e-01	-2.907619503333344069e-01
-3.283465126963195507e-02	3.408604456220422352e-02	-3.929252578746990354e-02	6.082493638231419031e-02	-4.614425186989190575e-02	2.960435378327199926e-02	-4.707026154660769873e-02	5.007071233791082071e-02	-6.721321008981959166e-02	5.788505890589449449e-02	-6.592517328065740367e-02	7.288590152635830710e-02	-8.483833072812448084e-02	1.011604493207125949e-01	-1.221215612764008918e-01	7.736685134391907415e-02	-9.772820785207184113e-02	8.605369049397119940e-02	-1.622808218536832270e-01	1.340707779675005262e-01	-6.615344084200312780e-02	8.068389085839262898e-02	-1.070367906176058065e-01	1.728751843747768080e-01	-2.645274077165004623e-01	6.592971510427109161e-02	-6.276044834142410767e-02	6.289226152457171037e-02	-2.456861057163667872e-01	1.000000000000001554e+00	-7.397644336653023955e-02	6.490807041140875255e-02	-7.850407245398030587e-02	2.324126065506893768e-01	-8.726216204497542206e-01	9.856466732889813953e-02	-1.047872139086775678e-01	1.129659980458412871e-01	-1.247565585782137998e-01	1.710179315184874038e-01
5.932738761898668362e-02	-5.452153384053298746e-02	6.214732781939972389e-02	-7.089254575367451294e-02	5.105962470583077367e-02	-5.359650348082374560e-02	7.657697741595466401e-02	-7.905458628639967789e-02	7.798376472779519619e-02	-6.332529119695107234e-02	1.383476788963735604e-01	-1.320819655280153215e-01	1.315063852723194204e-01	-1.132568325514425739e-01	1.022948112174508345e-01	-1.954896099200519044e-01	1.952595479948833479e-01	-1.457167403115799398e-01	1.610362419219329988e-01	-9.348957019405504387e-02	2.627331424900836709e-01	-2.566096671573982468e-01	1.972186406460005315e-01	-1.006294492068911667e-01	1.067482616488771852e-01	-6.279806346977475640e-01	1.377888035447973891e-01	-1.281278345655725570e-01	1.167250818316858674e-01	-7.397644336653023955e-02	1.000000000000001110e+00	-1.654861191570045909e-01	1.415177305542124897e-01	-1.360450916628879459e-01	7.230316538971334750e-02	-5.689098524674951474e-01	2.129858067014391565e-01	-1.705984709024463974e-01	1.177373531994969913e-01	-1.915089860518959242e-01
-3.773464122716294750e-02	3.584227652710145900e-02	-4.136717423791221732e-02	4.949678543357409477e-02	-3.631625638252285876e-02	3.373844170437764745e-02	-5.052018508789966889e-02	5.217663514211837161e-02	-5.505929288578699510e-02	4.481704579057643745e-02	-8.172772837813964408e-02	8.210629395130777941e-02	-8.852333851204412241e-02	7.974436184082124568e-02	-7.658857559447451724e-02	9.994682648690912663e-02	-1.307711107807131012e-01	1.005738274073232214e-01	-1.211687110308857507e-01	7.085976011402193853e-02	-1.187452043993934142e-01	1.503086923338358138e-01	-1.480313917120421041e-01	8.243515575442461607e-02	-8.759836525457452561e-02	1.208684024340784119e-01	-6.183613689001248304e-01	3.130279867986000553e-01	-1.073907115963012998e-01	6.490807041140875255e-02	-1.654861191570045909e-01	1.000000000000000222e+00	-5.112760900433921396e-01	1.302703370835844032e-01	-6.586334737351899615e-02	2.065753091172213562e-01	-4.436348756436633289e-01	2.212386927059811215e-01	-1.358815116830834890e-01	1.831111045539087212e-01
3.953533842990059055e-02	-3.816612025797710278e-02	4.386926448257759403e-02	-5.425811573570307744e-02	3.971862348283269895e-02	-3.550684070521265695e-02	5.340697306126469118e-02	-5.561201792405636585e-02	5.988884848081175299e-02	-4.923626465787667855e-02	8.439335741921231981e-02	-8.677669825827918904e-02	9.359326384146147981e-02	-8.699634126654465227e-02	8.432404002678543786e-02	-1.045289595732725174e-01	1.321789664325923874e-01	-1.083148286017300427e-01	1.317899024344535153e-01	-7.941382202395556866e-02	1.124386058805060956e-01	-1.472239893883203476e-01	1.549881834138064074e-01	-9.501849454186696298e-02	9.951954808846884271e-02	-1.183456783927410716e-01	3.203287753477208066e-01	-6.436434741998366960e-01	1.274335023566640357e-01	-7.850407245398030587e-02	1.415177305542124897e-01	-5.112760900433921396e-01	1.000000000000000888e+00	-1.690333535245966967e-01	7.975341341188235678e-02	-2.062064220394020653e-01	2.651810473087161113e-01	-3.317396213808411209e-01	1.731457649810929644e-01	-2.372039388276528382e-01
-5.674018785007006738e-02	5.764779331007512109e-02	-6.685189259340348911e-02	9.662926109626138182e-02	-7.390590217064707534e-02	5.080708834365729037e-02	-8.020163241561249767e-02	8.424618718896788316e-02	-1.087533877469208238e-01	9.108437822276112261e-02	-1.136499140305614886e-01	1.227235680780200816e-01	-1.427735369148041555e-01	1.597601055675469672e-01	-1.847669688924761799e-01	1.316724116198155770e-01	-1.723254656373445493e-01	1.467309986252900156e-01	-2.799742252842102874e-01	1.787852173030804737e-01	-1.177703408002917923e-01	1.415591936391965011e-01	-1.893045922337368570e-01	2.627567254501169680e-01	-2.859031772517650616e-01	1.164283950953347441e-01	-1.250870221100088553e-01	1.253979608010769298e-01	-5.943166715107440767e-01	2.324126065506893768e-01	-1.360450916628879459e-01	1.302703370835844032e-01	-1.690333535245966967e-01	1.000000000000000000e+00	-3.197228769906393930e-01	1.773970745317695608e-01	-2.180732547280641587e-01	2.423061576999068212e-01	-4.063778006286794531e-01	2.929618398744960883e-01
3.087496483343665429e-02	-3.202505939552850039e-02	3.674878253271149364e-02	-5.692955861212189300e-02	4.235553343721788072e-02	-2.789704128996128851e-02	4.400010712810166480e-02	-4.693277491724579670e-02	6.176437875109212078e-02	-5.372159119797920851e-02	6.217493473250827046e-02	-6.871076924445142231e-02	7.856130493153075378e-02	-9.335376435601226708e-02	1.053567758052714742e-01	-7.398269410323395079e-02	9.184633959957877458e-02	-8.061254527448696861e-02	1.435313494468426765e-01	-1.219759455333975923e-01	6.361767018190760126e-02	-7.760757695242224974e-02	9.992907993960319091e-02	-1.590703772277315131e-01	1.889790317274464559e-01	-6.423918743565504297e-02	6.263199250697160103e-02	-6.344054278788674450e-02	2.036066547948413297e-01	-8.726216204497542206e-01	7.230316538971334750e-02	-6.586334737351899615e-02	7.975341341188235678e-02	-3.197228769906393930e-01	1.000000000000000444e+00	-9.866744364010357482e-02	1.064156692154267364e-01	-1.246440188971789376e-01	1.394917224220823815e-01	-2.119241306142314873e-01
-8.027106045092056996e-02	7.333437969518365185e-02	-8.615588274741034502e-02	9.495134720682582574e-02	-7.062725184803056444e-02	7.031285939846367017e-02	-1.048721556533453309e-01	1.053764795685618316e-01	-1.080623437080352744e-01	8.575006946029933852e-02	-1.704754179974601880e-01	1.615706700248264738e-01	-1.789122449077268917e-01	1.534452284275124589e-01	-1.463853922853864953e-01	1.942719625697417463e-01	-2.647644842588544045e-01	1.871725727500323233e-01	-2.407845214331889860e-01	1.294810618140527503e-01	-2.473245959796250282e-01	2.279729700142337778e-01	-2.715973700211700703e-01	1.406228232080306562e-01	-1.542004221350476156e-01	2.646741912338672620e-01	-1.911963820468559061e-01	1.653514642248635758e-01	-1.676824592782024392e-01	9.856466732889813953e-02	-5.689098524674951474e-01	2.065753091172213562e-01	-2.062064220394020653e-01	1.773970745317695608e-01	-9.866744364010357482e-02	1.000000000000000000e+00	-4.699707299520840542e-01	2.242975224409141100e-01	-1.611524929585338439e-01	2.270962783940548846e-01
5.179085521847005824e-02	-4.952184838726365196e-02	5.719682590667767019e-02	-7.024359689946615970e-02	5.174483464229923113e-02	-4.623889845753078459e-02	6.936808867147745139e-02	-7.161916956012540081e-02	7.788027933919333679e-02	-6.388961572305687509e-02	1.093916995072033438e-01	-1.103440087953298371e-01	1.195756876206473945e-01	-1.119827397208352920e-01	1.099996538884803338e-01	-1.339153257805794917e-01	1.675095451878879094e-01	-1.296493633421947622e-01	1.727122835483311802e-01	-1.029599324871805777e-01	1.444553324302122466e-01	-1.705259135425425954e-01	1.790295822044880025e-01	-1.212346679844179542e-01	1.295134329070706802e-01	-1.639064650224042463e-01	2.370758669146997011e-01	-2.322378924680951473e-01	1.620621123008677000e-01	-1.047872139086775678e-01	2.129858067014391565e-01	-4.436348756436633289e-01	2.651810473087161113e-01	-2.180732547280641587e-01	1.064156692154267364e-01	-4.699707299520840542e-01	1.000000000000000666e+00	-4.973414663702734329e-01	2.405732449330758582e-01	-3.523848642774800588e-01
-5.278277916220917854e-02	5.067222498451087742e-02	-5.919811107129080430e-02	7.328780097406298322e-02	-5.512713987819954642e-02	4.668302866575346766e-02	-7.150845152794736703e-02	7.325841697169266364e-02	-8.284037451285167220e-02	6.733632979848229450e-02	-1.080170799878400478e-01	1.095320040232575509e-01	-1.239423170163241605e-01	1.186300608450620575e-01	-1.226211807911342100e-01	1.242398220869929404e-01	-1.698035031037423981e-01	1.304765163470181233e-01	-1.951314051514729808e-01	1.127827401872384672e-01	-1.284282996891975559e-01	1.474081209947161741e-01	-1.831975464675450471e-01	1.370521772886615641e-01	-1.519823240667665387e-01	1.279996964555749628e-01	-1.977324337745655358e-01	1.920448987312878275e-01	-2.057789335750730420e-01	1.129659980458412871e-01	-1.705984709024463974e-01	2.212386927059811215e-01	-3.317396213808411209e-01	2.423061576999068212e-01	-1.246440188971789376e-01	2.242975224409141100e-01	-4.973414663702734329e-01	1.000000000000000000e+00	-5.928573886936323589e-01	3.130606422987666226e-01
4.063161051052069372e-02	-3.982036015957350628e-02	4.633909537617243030e-02	-6.088288709102776530e-02	4.592621584165641757e-02	-3.611521953596049522e-02	5.578886982255119170e-02	-5.771193864300584730e-02	6.838859503035404908e-02	-5.642663245308918163e-02	8.236673899311391933e-02	-8.545139125589545914e-02	9.718228707353389340e-02	-9.874602323000092330e-02	1.057015769218461049e-01	-9.547776323575613011e-02	1.273648659304202901e-01	-1.013779136842233447e-01	1.640127114104281691e-01	-1.005048292880371813e-01	9.317485971546513035e-02	-1.089133484791525719e-01	1.369862827849432085e-01	-1.316627449510834047e-01	1.416230344602258662e-01	-9.371448283982164451e-02	1.209969824334885813e-01	-1.238061112293588756e-01	2.104450035571114874e-01	-1.247565585782137998e-01	1.177373531994969913e-01	-1.358815116830834890e-01	1.731457649810929644e-01	-4.063778006286794531e-01	1.394917224220823815e-01	-1.611524929585338439e-01	2.405732449330758582e-01	-5.928573886936323589e-01	1.000000000000000222e+00	-5.962394116139302369e-01
