1.000000000000000000e+00	-3.534244375543386107e-01	7.331738022820870337e-02	-5.877658619973532422e-02	5.734501301285641062e-02	-8.449575324062641446e-01	2.371844698027469889e-01	-6.723187556622760297e-02	7.681794911053810293e-02	-7.057926960616414669e-02	2.398810068057205536e-01	-2.454916961025019606e-01	8.642002123521380641e-02	-7.360101274340166699e-02	9.143267347468894690e-02	-9.795659156319906635e-02	1.057655774202397314e-01	-9.529470682633396639e-02	6.019456554423939509e-02	-7.082432614614719846e-02	8.068566639368732196e-02	-8.372507821818453433e-02	6.395894213277091012e-02	-5.876597619889432911e-02	5.706520469718680266e-02	-6.219772546790113682e-02	5.531475235358882664e-02	-7.162460602126904941e-02	4.434053427266067271e-02	-4.146451972688035281e-02	2.940245200015996832e-02	-3.496057020832609580e-02	4.470383191189637728e-02	-4.749099496607556842e-02	3.917884845839286756e-02	-3.228719539462258231e-02	2.620756088034798328e-02	-5.548720297298168069e-02	2.853378201061351066e-02	-3.160826957247434010e-02
-3.534244375543386107e-01	1.000000000000000222e+00	-1.364054380101748509e-01	8.841072507503636158e-02	-7.974604207615978990e-02	2.460680999589635876e-01	-7.939869315031002905e-01	1.059984667118606949e-01	-1.119279355665160625e-01	8.942118242147316376e-02	-3.152742000853110405e-01	2.679666981842558360e-01	-1.002137936964667547e-01	8.096794763399961514e-02	-1.060878586385841232e-01	1.052745946789726550e-01	-1.271408755962525616e-01	9.695399635250526171e-02	-6.317637851731826293e-02	7.213794244601492989e-02	-9.169616622408527373e-02	8.667093909528973683e-02	-6.543929421479649511e-02	5.925233923855841717e-02	-5.856133946215541508e-02	6.132784303167156115e-02	-5.651483533440300466e-02	7.075152695909676936e-02	-4.449908021306085010e-02	4.141505127195386354e-02	-2.906065636101732436e-02	3.430102752908900654e-02	-4.425136536798388032e-02	4.697502618005088698e-02	-3.933683247207661604e-02	3.148118392981503338e-02	-2.567584920930356812e-02	5.414980374297727328e-02	-2.836222870599446055e-02	3.125714255352611548e-02
7.331738022820870337e-02	-1.364054380101748509e-01	1.000000000000000444e+00	-5.938382971908698904e-01	2.541392611421782188e-01	-6.231351806703709639e-02	1.004474613821242091e-01	-6.083009310374509759e-01	3.157286793119357116e-01	-2.937767480043843027e-01	7.925098285725654113e-02	-7.782280019133264171e-02	1.137893852374575743e-01	-1.103802644360973306e-01	1.573050338650847368e-01	-4.865091634023408634e-02	6.024438346415789819e-02	-1.310945808624187636e-01	8.213034583296167923e-02	-1.018113218804908710e-01	4.992085374619997101e-02	-5.576567884651157520e-02	6.946596264648050023e-02	-7.353742242319639966e-02	7.164813315881495004e-02	-5.435109692097207096e-02	4.804044212580146217e-02	-8.360990819615705949e-02	5.435842716511634504e-02	-5.245754799575374355e-02	2.947594332868076067e-02	-3.534253844449204707e-02	5.294001284465001123e-02	-6.004350984870673175e-02	4.813226378668993694e-02	-3.832595271314787055e-02	3.068571966624976388e-02	-6.853962224235965461e-02	3.550351333097577500e-02	-4.015601103294315355e-02
-5.877658619973532422e-02	8.841072507503636158e-02	-5.938382971908698904e-01	1.000000000000000444e+00	-5.730440552650769570e-01	4.901862445280888436e-02	-7.362522361477027988e-02	2.761765294705804674e-01	-4.012454934663863271e-01	2.815909307625306668e-01	-6.433687326047617117e-02	6.138347739028991723e-02	-1.020859029309675869e-01	9.900692621751852607e-02	-1.652169908295945122e-01	4.057268557724878766e-02	-5.063698361604174886e-02	1.119169844048643753e-01	-7.206044060181117372e-02	8.780003155590981878e-02	-4.220899879775821123e-02	4.707892647018997040e-02	-5.964557412646401963e-02	6.307281244349396965e-02	-6.213679240865665337e-02	4.602590730674077646e-02	-4.087651907350428604e-02	7.110271545864650655e-02	-4.661014368777621764e-02	4.490800957984395630e-02	-2.503451534979070359e-02	2.998086914747665963e-02	-4.512391451864312258e-02	5.121725602959448231e-02	-4.130768528500692455e-02	3.251519888161917560e-02	-2.606641371041711758e-02	5.818281528123601942e-02	-3.034584472444493836e-02	3.426176939432612478e-02
5.734501301285641062e-02	-7.974604207615978990e-02	2.541392611421782188e-01	-5.730440552650769570e-01	1.000000000000000888e+00	-4.966111517564621852e-02	6.410248267909701703e-02	-2.120242914080803232e-01	2.460428832178883085e-01	-6.688860061763773901e-01	6.565681193782514635e-02	-6.430452724469623571e-02	1.141297477934840737e-01	-1.185699034399828877e-01	2.110869343188880864e-01	-4.809115776337701681e-02	6.021013626131924840e-02	-1.477127013469789196e-01	9.216497637279363886e-02	-1.173007544544166642e-01	5.133640190154693111e-02	-5.881448429114526782e-02	7.811875624308424471e-02	-8.394523131430010887e-02	8.150700856147485851e-02	-6.001657741688451453e-02	5.281743488491199429e-02	-9.530731547301136974e-02	6.206067015736346781e-02	-6.011391840624441540e-02	3.309700419180867242e-02	-3.975154133219419017e-02	6.043252944930155995e-02	-6.894406191827387453e-02	5.497400342599804979e-02	-4.386729907414064350e-02	3.505286822605517549e-02	-7.871675643902509290e-02	4.067555093348116518e-02	-4.613263003126449879e-02
-8.449575324062641446e-01	2.460680999589635876e-01	-6.231351806703709639e-02	4.901862445280888436e-02	-4.966111517564621852e-02	1.000000000000000444e+00	-2.795200473769705596e-01	5.736981094579853696e-02	-6.818274732622203738e-02	5.923323169685106721e-02	-3.485580389868263573e-01	2.259054237118624797e-01	-7.851553146907391811e-02	6.451702963732552920e-02	-8.193890329528426275e-02	9.757470144521744604e-02	-1.064502754315825167e-01	8.079363566225335191e-02	-5.202917744973830499e-02	5.992241890791344394e-02	-8.108850958707125578e-02	7.744473250471881065e-02	-5.632026732955064396e-02	5.037132935014635576e-02	-4.935853404900928526e-02	5.469167504964558835e-02	-4.981415055788329660e-02	6.118365744577031196e-02	-3.800026362155328047e-02	3.529154667485544239e-02	-2.556326723792189462e-02	3.022244674855763258e-02	-3.817334793778736496e-02	4.019314570878184528e-02	-3.357589340226235092e-02	2.730860193281292245e-02	-2.226944239590891716e-02	4.672047876518106713e-02	-2.426952582386004975e-02	2.672949086697962162e-02
2.371844698027469889e-01	-7.939869315031002905e-01	1.004474613821242091e-01	-7.362522361477027988e-02	6.410248267909701703e-02	-2.795200473769705596e-01	1.000000000000000888e+00	-9.680234461891820685e-02	9.191275510700436246e-02	-7.600957750261111423e-02	2.620462232589004792e-01	-4.231662021929635253e-01	9.138136311974548454e-02	-7.532071156731770523e-02	8.851915213180314157e-02	-9.662743819165779680e-02	1.130812143709155615e-01	-8.801709150568706730e-02	5.639871309647838393e-02	-6.445568204096324694e-02	7.911706348817124090e-02	-7.931783840545474085e-02	5.777003277435439899e-02	-5.261811508170679413e-02	5.151875741234687028e-02	-5.512849128297622053e-02	5.000085259896620837e-02	-6.307154003899272110e-02	3.930119711554261319e-02	-3.663427094289702785e-02	2.589792887962528989e-02	-3.066274390517702633e-02	3.922643458842085123e-02	-4.160997580550255398e-02	3.464798432889755475e-02	-2.803796349560884124e-02	2.283723123121024143e-02	-4.818228314083088798e-02	2.506252119439325923e-02	-2.765932439918183244e-02
-6.723187556622760297e-02	1.059984667118606949e-01	-6.083009310374509759e-01	2.761765294705804674e-01	-2.120242914080803232e-01	5.736981094579853696e-02	-9.680234461891820685e-02	1.000000000000000888e+00	-6.773171198865399756e-01	2.087499635042819046e-01	-7.493547186715879271e-02	7.365143860150909216e-02	-1.374091201216548208e-01	1.190419920930309017e-01	-1.495740952141735580e-01	4.473053137530234868e-02	-5.572887545387918834e-02	1.212279839242783458e-01	-7.903348324521264345e-02	9.254760829596823946e-02	-4.578607104311312181e-02	5.068427729901021916e-02	-6.286276602511457756e-02	6.614570380582747433e-02	-6.559832073808807840e-02	4.832869179547408245e-02	-4.308689231332166886e-02	7.393428628073731024e-02	-4.866437204140734024e-02	4.677730606236298744e-02	-2.611795037382255366e-02	3.123746671663984661e-02	-4.687057227733034542e-02	5.311935038057961217e-02	-4.309381488178951058e-02	3.361571060215437501e-02	-2.699455477182873681e-02	6.010849763858407135e-02	-3.153040472517863735e-02	3.551768283960732298e-02
7.681794911053810293e-02	-1.119279355665160625e-01	3.157286793119357116e-01	-4.012454934663863271e-01	2.460428832178883085e-01	-6.818274732622203738e-02	9.191275510700436246e-02	-6.773171198865399756e-01	1.000000000000001332e+00	-3.549445754066809511e-01	8.855367917701582881e-02	-8.908633798569627615e-02	1.622359366437098049e-01	-1.745970101910710726e-01	2.094183135547560415e-01	-6.309333249558254919e-02	7.871059510093925127e-02	-1.925153222943336295e-01	1.208201574584142207e-01	-1.495220067301684663e-01	6.662284803091052254e-02	-7.616610698406053870e-02	9.982053531033913130e-02	-1.069811779915711830e-01	1.039641245753339244e-01	-7.688553058907966753e-02	6.766896301832316107e-02	-1.212047391487912906e-01	7.891658913197316383e-02	-7.636736848183524329e-02	4.220560107858157411e-02	-5.067837589178086910e-02	7.677108096126082637e-02	-8.747932384979037468e-02	6.986000741068044972e-02	-5.567242855330663959e-02	4.450891313153020057e-02	-9.983001037057845362e-02	5.163603940496432759e-02	-5.851855847423037549e-02
-7.057926960616414669e-02	8.942118242147316376e-02	-2.937767480043843027e-01	2.815909307625306668e-01	-6.688860061763773901e-01	5.923323169685106721e-02	-7.600957750261111423e-02	2.087499635042819046e-01	-3.549445754066809511e-01	1.000000000000000888e+00	-8.092941336490483417e-02	7.712148486128003744e-02	-1.592074606210185095e-01	1.587738596465021190e-01	-4.297959942345352946e-01	5.615683059075653183e-02	-7.087725896482464927e-02	1.679902245211191414e-01	-1.123354626484953517e-01	1.354098989114180251e-01	-5.991073438465775725e-02	6.745015417428888715e-02	-8.935737041765751121e-02	9.507620615874444459e-02	-9.541499223983694600e-02	6.675580378239184820e-02	-5.962850700514598506e-02	1.051533103288564974e-01	-6.999757461806881131e-02	6.736292262366329331e-02	-3.666033219932046672e-02	4.384115364929127429e-02	-6.692975037511840475e-02	7.627505092924886931e-02	-6.208532709734274763e-02	4.782755764896146761e-02	-3.840788932704598119e-02	8.581443805263716529e-02	-4.530822369532281485e-02	5.103819565918508300e-02
2.398810068057205536e-01	-3.152742000853110405e-01	7.925098285725654113e-02	-6.433687326047617117e-02	6.565681193782514635e-02	-3.485580389868263573e-01	2.620462232589004792e-01	-7.493547186715879271e-02	8.855367917701582881e-02	-8.092941336490483417e-02	1.000000000000000666e+00	-7.442783063688208633e-01	1.338468552900305419e-01	-1.119353953677344055e-01	1.188502905877672627e-01	-2.529422811529319359e-01	2.087399046812287995e-01	-1.340171013280145318e-01	8.462530930885908687e-02	-9.591765340900745840e-02	1.552815487361271507e-01	-1.530339466920811742e-01	9.356145945863310331e-02	-8.185559190966161525e-02	7.873652898084587681e-02	-9.705544615361587357e-02	8.655060487885331277e-02	-1.011181934307260194e-01	6.092894573204678255e-02	-5.628364062188588590e-02	4.340517512941904216e-02	-5.144833024101544416e-02	6.189758709972108947e-02	-6.404626679702414560e-02	5.336958521619002832e-02	-4.449044503382793697e-02	3.634384878190499713e-02	-7.530042749272310154e-02	3.863472143513786705e-02	-4.240394201644208383e-02
-2.454916961025019606e-01	2.679666981842558360e-01	-7.782280019133264171e-02	6.138347739028991723e-02	-6.430452724469623571e-02	2.259054237118624797e-01	-4.231662021929635253e-01	7.365143860150909216e-02	-8.908633798569627615e-02	7.712148486128003744e-02	-7.442783063688208633e-01	1.000000000000001110e+00	-1.644945542800329286e-01	1.147019184274199050e-01	-1.201315921482486032e-01	1.834542503008028957e-01	-2.452300242862043012e-01	1.254486928341729257e-01	-8.190214551162364187e-02	8.913275044638847844e-02	-1.445029693937932291e-01	1.371760591194881307e-01	-8.649266368480565403e-02	7.496711815289917868e-02	-7.356981383220900783e-02	8.509731919148898205e-02	-7.891946855761235169e-02	9.046883893525099751e-02	-5.572449048714892689e-02	5.130564732841464554e-02	-3.858714133711486916e-02	4.539746882576741610e-02	-5.574271362763570659e-02	5.786283636906831146e-02	-4.893597671658113379e-02	3.944620833942547034e-02	-3.235700172851332240e-02	6.698810101161675745e-02	-3.507990255559456649e-02	3.834462453472478605e-02
8.642002123521380641e-02	-1.002137936964667547e-01	1.137893852374575743e-01	-1.020859029309675869e-01	1.141297477934840737e-01	-7.851553146907391811e-02	9.138136311974548454e-02	-1.374091201216548208e-01	1.622359366437098049e-01	-1.592074606210185095e-01	1.338468552900305419e-01	-1.644945542800329286e-01	1.000000000000000444e+00	-7.551465522198712588e-01	2.826819902856657629e-01	-9.176037153289418047e-02	1.166546458284087595e-01	-4.197479898859072800e-01	2.557957592662147284e-01	-2.512087774651098893e-01	9.350686226267600210e-02	-1.067953647292600589e-01	1.449773103494461368e-01	-1.573188468497911385e-01	1.615183944031632068e-01	-9.706002729409918262e-02	8.824454541218181014e-02	-1.569240608741954424e-01	1.079685623359219471e-01	-1.034006813164076305e-01	5.256492920797570939e-02	-6.248428926187537397e-02	9.756498970298112250e-02	-1.122884836788129864e-01	9.430961204366895834e-02	-6.697576472072068465e-02	5.431175194237192888e-02	-1.212270575916727100e-01	6.703020785329380504e-02	-7.466811968543404787e-02
-7.360101274340166699e-02	8.096794763399961514e-02	-1.103802644360973306e-01	9.900692621751852607e-02	-1.185699034399828877e-01	6.451702963732552920e-02	-7.532071156731770523e-02	1.190419920930309017e-01	-1.745970101910710726e-01	1.587738596465021190e-01	-1.119353953677344055e-01	1.147019184274199050e-01	-7.551465522198712588e-01	1.000000000000001554e+00	-4.323016894588848080e-01	7.511061473074505390e-02	-9.774845707068628708e-02	2.861505010251507164e-01	-3.279541897038265597e-01	2.227456828765755070e-01	-7.949695835949800726e-02	8.896463799593765098e-02	-1.270688184577528079e-01	1.381120551450354672e-01	-1.517042980771567962e-01	8.085113001210127159e-02	-7.479411154079222690e-02	1.313179367993293212e-01	-9.489277754628480666e-02	8.986042321291895507e-02	-4.421118199343914562e-02	5.229754170130158919e-02	-8.313416468160153561e-02	9.603999978457899989e-02	-8.318149585976659932e-02	5.589893298180956260e-02	-4.561649608220610941e-02	1.012730634296244436e-01	-5.798371692085431406e-02	6.400701809049307023e-02
9.143267347468894690e-02	-1.060878586385841232e-01	1.573050338650847368e-01	-1.652169908295945122e-01	2.110869343188880864e-01	-8.193890329528426275e-02	8.851915213180314157e-02	-1.495740952141735580e-01	2.094183135547560415e-01	-4.297959942345352946e-01	1.188502905877672627e-01	-1.201315921482486032e-01	2.826819902856657629e-01	-4.323016894588848080e-01	1.000000000000001776e+00	-1.061420545673363858e-01	1.344158324554792505e-01	-3.998107919508115393e-01	2.538998238305171795e-01	-3.389062399073963783e-01	1.165080743392974683e-01	-1.375102955753373934e-01	1.955827233652191466e-01	-2.186855089724944468e-01	2.120689768502878325e-01	-1.435962740665749637e-01	1.261949613794517977e-01	-2.390512557734748578e-01	1.567240868516733832e-01	-1.529435198513486027e-01	8.024654408403279759e-02	-9.646814417749866033e-02	1.500422060174538830e-01	-1.733314180164209073e-01	1.378531211142744184e-01	-1.082312495303865418e-01	8.644076584060673973e-02	-1.956676061052200488e-01	1.018225651723920072e-01	-1.157023375127012449e-01
-9.795659156319906635e-02	1.052745946789726550e-01	-4.865091634023408634e-02	4.057268557724878766e-02	-4.809115776337701681e-02	9.757470144521744604e-02	-9.662743819165779680e-02	4.473053137530234868e-02	-6.309333249558254919e-02	5.615683059075653183e-02	-2.529422811529319359e-01	1.834542503008028957e-01	-9.176037153289418047e-02	7.511061473074505390e-02	-1.061420545673363858e-01	1.000000000000001554e+00	-6.495957342568540183e-01	1.199523431207245167e-01	-7.829654329004624713e-02	8.516167169749870591e-02	-6.129339219885926449e-01	3.019586063479358651e-01	-1.259087696407262258e-01	9.041781499997141036e-02	-8.451717193250792015e-02	1.455585710536588806e-01	-1.415281208693562609e-01	1.200561452146785973e-01	-6.713185474598708236e-02	5.937896180515622041e-02	-5.860343084410497144e-02	6.762252008967577221e-02	-7.076499815710192431e-02	6.721188507503360332e-02	-5.759536746078423169e-02	4.998182329998320655e-02	-4.166955507971707717e-02	8.087019386645771801e-02	-4.114714475939805494e-02	4.391202911295339489e-02
1.057655774202397314e-01	-1.271408755962525616e-01	6.024438346415789819e-02	-5.063698361604174886e-02	6.021013626131924840e-02	-1.064502754315825167e-01	1.130812143709155615e-01	-5.572887545387918834e-02	7.871059510093925127e-02	-7.087725896482464927e-02	2.087399046812287995e-01	-2.452300242862043012e-01	1.166546458284087595e-01	-9.774845707068628708e-02	1.344158324554792505e-01	-6.495957342568540183e-01	1.000000000000001554e+00	-1.786113645038064635e-01	1.063414484389331588e-01	-1.168878104402772955e-01	3.255761011613813039e-01	-5.229375650806397102e-01	1.691859130164845848e-01	-1.257016943235532702e-01	1.131007009350288861e-01	-2.058711084526585466e-01	1.825726380910911162e-01	-1.698010013990906286e-01	9.125197923316667736e-02	-8.109421306480832370e-02	8.054134811477867140e-02	-9.551096742817441476e-02	9.720210760883489509e-02	-9.225910926291308600e-02	7.755434448449725904e-02	-6.993503671646750242e-02	5.790039537597302388e-02	-1.129973185214480091e-01	5.597245155151914925e-02	-6.000590020312809858e-02
-9.529470682633396639e-02	9.695399635250526171e-02	-1.310945808624187636e-01	1.119169844048643753e-01	-1.477127013469789196e-01	8.079363566225335191e-02	-8.801709150568706730e-02	1.212279839242783458e-01	-1.925153222943336295e-01	1.679902245211191414e-01	-1.340171013280145318e-01	1.254486928341729257e-01	-4.197479898859072800e-01	2.861505010251507164e-01	-3.998107919508115393e-01	1.199523431207245167e-01	-1.786113645038064635e-01	1.000000000000002220e+00	-5.811875228944691774e-01	3.025605304279549990e-01	-1.322647429357481086e-01	1.464102230531096061e-01	-2.471664860106541628e-01	2.149718815819678386e-01	-2.630368303267406893e-01	1.198885282041134981e-01	-1.181634138056751743e-01	1.970000297406558354e-01	-1.512579865821142566e-01	1.371783454559446502e-01	-6.551930473495448659e-02	7.592337368793844465e-02	-1.254690203321096043e-01	1.412245186360475968e-01	-1.340016339019424463e-01	7.755199561005328424e-02	-6.500363482952070671e-02	1.408532782143170903e-01	-8.848832905723337527e-02	9.438370188826517015e-02
6.019456554423939509e-02	-6.317637851731826293e-02	8.213034583296167923e-02	-7.206044060181117372e-02	9.216497637279363886e-02	-5.202917744973830499e-02	5.639871309647838393e-02	-7.903348324521264345e-02	1.208201574584142207e-01	-1.123354626484953517e-01	8.462530930885908687e-02	-8.190214551162364187e-02	2.557957592662147284e-01	-3.279541897038265597e-01	2.538998238305171795e-01	-7.829654329004624713e-02	1.063414484389331588e-01	-5.811875228944691774e-01	1.000000000000001776e+00	-6.198723135706611931e-01	8.734054757772978517e-02	-1.017685419661508023e-01	1.738789009770836114e-01	-2.395430929284401433e-01	2.460969233173523063e-01	-8.808048618865906010e-02	8.463679306269436542e-02	-1.604968362137472182e-01	1.295970897504573338e-01	-1.232550046339328659e-01	4.877380238210893976e-02	-5.712445799627972193e-02	9.813826493923713534e-02	-1.202690503560552154e-01	1.081200798984603140e-01	-6.089517073770148170e-02	5.054812135218246516e-02	-1.136335723122100239e-01	7.227680713680562086e-02	-7.886457881847981632e-02
-7.082432614614719846e-02	7.213794244601492989e-02	-1.018113218804908710e-01	8.780003155590981878e-02	-1.173007544544166642e-01	5.992241890791344394e-02	-6.445568204096324694e-02	9.254760829596823946e-02	-1.495220067301684663e-01	1.354098989114180251e-01	-9.591765340900745840e-02	8.913275044638847844e-02	-2.512087774651098893e-01	2.227456828765755070e-01	-3.389062399073963783e-01	8.516167169749870591e-02	-1.168878104402772955e-01	3.025605304279549990e-01	-6.198723135706611931e-01	1.000000000000002220e+00	-1.010411339689423205e-01	1.134320659179759716e-01	-2.079975211552992920e-01	2.518615658993806350e-01	-4.946662566702186292e-01	1.002022503884650306e-01	-9.858152872124845145e-02	1.810143809957410754e-01	-1.628956592614587695e-01	1.563012708256036609e-01	-5.659669545117362172e-02	6.575632351853759328e-02	-1.164510590537607831e-01	1.439204658896080791e-01	-1.425149274489916074e-01	6.997169685334642120e-02	-5.875985882436175756e-02	1.303392305449392330e-01	-9.003979988175855875e-02	9.603376978829963884e-02
8.068566639368732196e-02	-9.169616622408527373e-02	4.992085374619997101e-02	-4.220899879775821123e-02	5.133640190154693111e-02	-8.108850958707125578e-02	7.911706348817124090e-02	-4.578607104311312181e-02	6.662284803091052254e-02	-5.991073438465775725e-02	1.552815487361271507e-01	-1.445029693937932291e-01	9.350686226267600210e-02	-7.949695835949800726e-02	1.165080743392974683e-01	-6.129339219885926449e-01	3.255761011613813039e-01	-1.322647429357481086e-01	8.734054757772978517e-02	-1.010411339689423205e-01	1.000000000000001554e+00	-6.127071422137312373e-01	1.701324931021106490e-01	-1.203821925684173538e-01	1.045916777149275695e-01	-2.410225933729399916e-01	2.029429173385926266e-01	-1.701414070764530329e-01	8.745616947567769195e-02	-7.679767209455856669e-02	8.669530521917707955e-02	-1.015729338164063078e-01	9.586308841115023793e-02	-8.804991473971870986e-02	7.359504694627183596e-02	-6.991077476486524944e-02	5.811958223237306820e-02	-1.102931404163632056e-01	5.339050210260898321e-02	-5.687466882349634378e-02
-8.372507821818453433e-02	8.667093909528973683e-02	-5.576567884651157520e-02	4.707892647018997040e-02	-5.881448429114526782e-02	7.744473250471881065e-02	-7.931783840545474085e-02	5.068427729901021916e-02	-7.616610698406053870e-02	6.745015417428888715e-02	-1.530339466920811742e-01	1.371760591194881307e-01	-1.067953647292600589e-01	8.896463799593765098e-02	-1.375102955753373934e-01	3.019586063479358651e-01	-5.229375650806397102e-01	1.464102230531096061e-01	-1.017685419661508023e-01	1.134320659179759716e-01	-6.127071422137312373e-01	1.000000000000001332e+00	-2.786734057331064496e-01	1.453414228649849982e-01	-1.289706302417175099e-01	2.344691548511752544e-01	-3.323614725036231343e-01	1.980585844036471532e-01	-1.041709866653294375e-01	8.853224880368312788e-02	-9.309052245529529646e-02	1.053163616128661162e-01	-1.104286025207091709e-01	9.936424495806014945e-02	-8.581179807129046822e-02	7.389704261299941124e-02	-6.264865207273931369e-02	1.194611135668472990e-01	-6.095830828753755204e-02	6.394578083355255405e-02
6.395894213277091012e-02	-6.543929421479649511e-02	6.946596264648050023e-02	-5.964557412646401963e-02	7.811875624308424471e-02	-5.632026732955064396e-02	5.777003277435439899e-02	-6.286276602511457756e-02	9.982053531033913130e-02	-8.935737041765751121e-02	9.356145945863310331e-02	-8.649266368480565403e-02	1.449773103494461368e-01	-1.270688184577528079e-01	1.955827233652191466e-01	-1.259087696407262258e-01	1.691859130164845848e-01	-2.471664860106541628e-01	1.738789009770836114e-01	-2.079975211552992920e-01	1.701324931021106490e-01	-2.786734057331064496e-01	1.000000000000001554e+00	-4.986331221619229037e-01	2.602835814279781945e-01	-1.773279991497805907e-01	1.806486930609138009e-01	-6.145556288302568282e-01	2.223483291951372787e-01	-1.838013507422331105e-01	9.288688997854976925e-02	-1.091016137190953667e-01	2.130555651993598365e-01	-2.001280751165494809e-01	1.612028961909729718e-01	-1.128674190018928575e-01	9.488884880500642049e-02	-2.321615077893701695e-01	1.149966291561473203e-01	-1.212547311817503831e-01
-5.876597619889432911e-02	5.925233923855841717e-02	-7.353742242319639966e-02	6.307281244349396965e-02	-8.394523131430010887e-02	5.037132935014635576e-02	-5.261811508170679413e-02	6.614570380582747433e-02	-1.069811779915711830e-01	9.507620615874444459e-02	-8.185559190966161525e-02	7.496711815289917868e-02	-1.573188468497911385e-01	1.381120551450354672e-01	-2.186855089724944468e-01	9.041781499997141036e-02	-1.257016943235532702e-01	2.149718815819678386e-01	-2.395430929284401433e-01	2.518615658993806350e-01	-1.203821925684173538e-01	1.453414228649849982e-01	-4.986331221619229037e-01	1.000000000000000666e+00	-6.070595859849131637e-01	1.176698291585420442e-01	-1.221555238806335125e-01	2.672826896538029740e-01	-3.600191678569779619e-01	2.277405983204165429e-01	-6.701880721939285079e-02	7.735809325983747375e-02	-1.575663580538056441e-01	2.095223739957936815e-01	-1.944486419461934901e-01	8.201207228070331312e-02	-7.021787217629654743e-02	1.613067983770485880e-01	-1.239067723829253148e-01	1.278783341779974048e-01
5.706520469718680266e-02	-5.856133946215541508e-02	7.164813315881495004e-02	-6.213679240865665337e-02	8.150700856147485851e-02	-4.935853404900928526e-02	5.151875741234687028e-02	-6.559832073808807840e-02	1.039641245753339244e-01	-9.541499223983694600e-02	7.873652898084587681e-02	-7.356981383220900783e-02	1.615183944031632068e-01	-1.517042980771567962e-01	2.120689768502878325e-01	-8.451717193250792015e-02	1.131007009350288861e-01	-2.630368303267406893e-01	2.460969233173523063e-01	-4.946662566702186292e-01	1.045916777149275695e-01	-1.289706302417175099e-01	2.602835814279781945e-01	-6.070595859849131637e-01	1.000000000000002442e+00	-1.178380968234427756e-01	1.138541539902238470e-01	-2.610001888987602547e-01	2.456618750480819013e-01	-3.026612353786148901e-01	6.753616498681382085e-02	-7.938033854455633920e-02	1.510755876558384225e-01	-2.171710490059498289e-01	1.966375172525045567e-01	-8.847914345420583582e-02	7.356401039113903695e-02	-1.746434717928497804e-01	1.244724578975345275e-01	-1.391334985076048691e-01
-6.219772546790113682e-02	6.132784303167156115e-02	-5.435109692097207096e-02	4.602590730674077646e-02	-6.001657741688451453e-02	5.469167504964558835e-02	-5.512849128297622053e-02	4.832869179547408245e-02	-7.688553058907966753e-02	6.675580378239184820e-02	-9.705544615361587357e-02	8.509731919148898205e-02	-9.706002729409918262e-02	8.085113001210127159e-02	-1.435962740665749637e-01	1.455585710536588806e-01	-2.058711084526585466e-01	1.198885282041134981e-01	-8.808048618865906010e-02	1.002022503884650306e-01	-2.410225933729399916e-01	2.344691548511752544e-01	-1.773279991497805907e-01	1.176698291585420442e-01	-1.178380968234427756e-01	1.000000000000001776e+00	-8.028798348024235310e-01	1.920358746363974856e-01	-1.015491390712228159e-01	8.483802989245529946e-02	-3.019594501224331928e-01	2.226871398735556506e-01	-1.303121286266286649e-01	9.869551879441049169e-02	-8.815533355716970165e-02	1.104850669241944777e-01	-9.927149473020882575e-02	1.301841901174563276e-01	-6.292498769654747415e-02	6.369165502479802454e-02
5.531475235358882664e-02	-5.651483533440300466e-02	4.804044212580146217e-02	-4.087651907350428604e-02	5.281743488491199429e-02	-4.981415055788329660e-02	5.000085259896620837e-02	-4.308689231332166886e-02	6.766896301832316107e-02	-5.962850700514598506e-02	8.655060487885331277e-02	-7.891946855761235169e-02	8.824454541218181014e-02	-7.479411154079222690e-02	1.261949613794517977e-01	-1.415281208693562609e-01	1.825726380910911162e-01	-1.181634138056751743e-01	8.463679306269436542e-02	-9.858152872124845145e-02	2.029429173385926266e-01	-3.323614725036231343e-01	1.806486930609138009e-01	-1.221555238806335125e-01	1.138541539902238470e-01	-8.028798348024235310e-01	1.000000000000001554e+00	-2.551228503114355006e-01	1.034284903651328941e-01	-8.669184336483268249e-02	2.019498804885055399e-01	-2.427486625711819945e-01	1.346180994646197226e-01	-1.026353223044174645e-01	8.676565334528207885e-02	-1.119742123315645571e-01	9.545475949076898114e-02	-1.415876572734941774e-01	6.324847109885617380e-02	-6.488799184482435534e-02
-7.162460602126904941e-02	7.075152695909676936e-02	-8.360990819615705949e-02	7.110271545864650655e-02	-9.530731547301136974e-02	6.118365744577031196e-02	-6.307154003899272110e-02	7.393428628073731024e-02	-1.212047391487912906e-01	1.051533103288564974e-01	-1.011181934307260194e-01	9.046883893525099751e-02	-1.569240608741954424e-01	1.313179367993293212e-01	-2.390512557734748578e-01	1.200561452146785973e-01	-1.698010013990906286e-01	1.970000297406558354e-01	-1.604968362137472182e-01	1.810143809957410754e-01	-1.701414070764530329e-01	1.980585844036471532e-01	-6.145556288302568282e-01	2.672826896538029740e-01	-2.610001888987602547e-01	1.920358746363974856e-01	-2.551228503114355006e-01	1.000000000000001998e+00	-2.867214713411423976e-01	1.896898692771441797e-01	-1.115637636541522842e-01	1.249714144092327894e-01	-4.036992302429002755e-01	2.172215795536790173e-01	-1.914672543986526143e-01	1.228381172521198772e-01	-1.124036196964701001e-01	2.582676497292375473e-01	-1.347303239665988417e-01	1.312668474058210077e-01
4.434053427266067271e-02	-4.449908021306085010e-02	5.435842716511634504e-02	-4.661014368777621764e-02	6.206067015736346781e-02	-3.800026362155328047e-02	3.930119711554261319e-02	-4.866437204140734024e-02	7.891658913197316383e-02	-6.999757461806881131e-02	6.092894573204678255e-02	-5.572449048714892689e-02	1.079685623359219471e-01	-9.489277754628480666e-02	1.567240868516733832e-01	-6.713185474598708236e-02	9.125197923316667736e-02	-1.512579865821142566e-01	1.295970897504573338e-01	-1.628956592614587695e-01	8.745616947567769195e-02	-1.041709866653294375e-01	2.223483291951372787e-01	-3.600191678569779619e-01	2.456618750480819013e-01	-1.015491390712228159e-01	1.034284903651328941e-01	-2.867214713411423976e-01	1.000000000000002665e+00	-5.723107028518799044e-01	6.403833639704675784e-02	-7.442360857877641789e-02	1.828847113272277225e-01	-5.386115055867247703e-01	3.013563048511565534e-01	-8.542383138954365296e-02	7.355620788598880855e-02	-1.845019697936563507e-01	2.062872943268903025e-01	-2.250588560359895185e-01
-4.146451972688035281e-02	4.141505127195386354e-02	-5.245754799575374355e-02	4.490800957984395630e-02	-6.011391840624441540e-02	3.529154667485544239e-02	-3.663427094289702785e-02	4.677730606236298744e-02	-7.636736848183524329e-02	6.736292262366329331e-02	-5.628364062188588590e-02	5.130564732841464554e-02	-1.034006813164076305e-01	8.986042321291895507e-02	-1.529435198513486027e-01	5.937896180515622041e-02	-8.109421306480832370e-02	1.371783454559446502e-01	-1.232550046339328659e-01	1.563012708256036609e-01	-7.679767209455856669e-02	8.853224880368312788e-02	-1.838013507422331105e-01	2.277405983204165429e-01	-3.026612353786148901e-01	8.483802989245529946e-02	-8.669184336483268249e-02	1.896898692771441797e-01	-5.723107028518799044e-01	1.000000000000003997e+00	-5.358394805546912165e-02	6.173549095401774378e-02	-1.432591618863035543e-01	2.918456492204756780e-01	-6.306490454486540775e-01	7.029035260931454365e-02	-6.077537549562900265e-02	1.451655767896481430e-01	-2.082891735338203987e-01	2.132172720912453856e-01
2.940245200015996832e-02	-2.906065636101732436e-02	2.947594332868076067e-02	-2.503451534979070359e-02	3.309700419180867242e-02	-2.556326723792189462e-02	2.589792887962528989e-02	-2.611795037382255366e-02	4.220560107858157411e-02	-3.666033219932046672e-02	4.340517512941904216e-02	-3.858714133711486916e-02	5.256492920797570939e-02	-4.421118199343914562e-02	8.024654408403279759e-02	-5.860343084410497144e-02	8.054134811477867140e-02	-6.551930473495448659e-02	4.877380238210893976e-02	-5.659669545117362172e-02	8.669530521917707955e-02	-9.309052245529529646e-02	9.288688997854976925e-02	-6.701880721939285079e-02	6.753616498681382085e-02	-3.019594501224331928e-01	2.019498804885055399e-01	-1.115637636541522842e-01	6.403833639704675784e-02	-5.358394805546912165e-02	1.000000000000002887e+00	-8.745839582485345209e-01	1.294239173723430170e-01	-7.050455629540483549e-02	5.880511223534896220e-02	-2.317578139346321286e-01	1.789262216777445513e-01	-1.370514155437942139e-01	4.523860754158147424e-02	-4.404206750217180832e-02
-3.496057020832609580e-02	3.430102752908900654e-02	-3.534253844449204707e-02	2.998086914747665963e-02	-3.975154133219419017e-02	3.022244674855763258e-02	-3.066274390517702633e-02	3.123746671663984661e-02	-5.067837589178086910e-02	4.384115364929127429e-02	-5.144833024101544416e-02	4.539746882576741610e-02	-6.248428926187537397e-02	5.229754170130158919e-02	-9.646814417749866033e-02	6.762252008967577221e-02	-9.551096742817441476e-02	7.592337368793844465e-02	-5.712445799627972193e-02	6.575632351853759328e-02	-1.015729338164063078e-01	1.053163616128661162e-01	-1.091016137190953667e-01	7.735809325983747375e-02	-7.938033854455633920e-02	2.226871398735556506e-01	-2.427486625711819945e-01	1.249714144092327894e-01	-7.442360857877641789e-02	6.173549095401774378e-02	-8.745839582485345209e-01	1.000000000000003109e+00	-1.638928057184573794e-01	8.035652167775475530e-02	-6.864372541308080833e-02	1.942218577245051758e-01	-2.197803888694470076e-01	1.473100512241319049e-01	-5.222859159167911325e-02	5.025190923401040566e-02
4.470383191189637728e-02	-4.425136536798388032e-02	5.294001284465001123e-02	-4.512391451864312258e-02	6.043252944930155995e-02	-3.817334793778736496e-02	3.922643458842085123e-02	-4.687057227733034542e-02	7.677108096126082637e-02	-6.692975037511840475e-02	6.189758709972108947e-02	-5.574271362763570659e-02	9.756498970298112250e-02	-8.313416468160153561e-02	1.500422060174538830e-01	-7.076499815710192431e-02	9.720210760883489509e-02	-1.254690203321096043e-01	9.813826493923713534e-02	-1.164510590537607831e-01	9.586308841115023793e-02	-1.104286025207091709e-01	2.130555651993598365e-01	-1.575663580538056441e-01	1.510755876558384225e-01	-1.303121286266286649e-01	1.346180994646197226e-01	-4.036992302429002755e-01	1.828847113272277225e-01	-1.432591618863035543e-01	1.294239173723430170e-01	-1.638928057184573794e-01	1.000000000000003553e+00	-2.782100409718510914e-01	1.628773113080725088e-01	-2.043224871867168613e-01	1.816893177749276667e-01	-7.581420730896886173e-01	1.424557145946157843e-01	-1.301184459515349612e-01
-4.749099496607556842e-02	4.697502618005088698e-02	-6.004350984870673175e-02	5.121725602959448231e-02	-6.894406191827387453e-02	4.019314570878184528e-02	-4.160997580550255398e-02	5.311935038057961217e-02	-8.747932384979037468e-02	7.627505092924886931e-02	-6.404626679702414560e-02	5.786283636906831146e-02	-1.122884836788129864e-01	9.603999978457899989e-02	-1.733314180164209073e-01	6.721188507503360332e-02	-9.225910926291308600e-02	1.412245186360475968e-01	-1.202690503560552154e-01	1.439204658896080791e-01	-8.804991473971870986e-02	9.936424495806014945e-02	-2.001280751165494809e-01	2.095223739957936815e-01	-2.171710490059498289e-01	9.869551879441049169e-02	-1.026353223044174645e-01	2.172215795536790173e-01	-5.386115055867247703e-01	2.918456492204756780e-01	-7.050455629540483549e-02	8.035652167775475530e-02	-2.782100409718510914e-01	1.000000000000003331e+00	-4.501125784928914353e-01	9.360906216065267849e-02	-8.435262253704846336e-02	2.101479756076812810e-01	-4.602159827676631787e-01	2.829517582231241279e-01
3.917884845839286756e-02	-3.933683247207661604e-02	4.813226378668993694e-02	-4.130768528500692455e-02	5.497400342599804979e-02	-3.357589340226235092e-02	3.464798432889755475e-02	-4.309381488178951058e-02	6.986000741068044972e-02	-6.208532709734274763e-02	5.336958521619002832e-02	-4.893597671658113379e-02	9.430961204366895834e-02	-8.318149585976659932e-02	1.378531211142744184e-01	-5.759536746078423169e-02	7.755434448449725904e-02	-1.340016339019424463e-01	1.081200798984603140e-01	-1.425149274489916074e-01	7.359504694627183596e-02	-8.581179807129046822e-02	1.612028961909729718e-01	-1.944486419461934901e-01	1.966375172525045567e-01	-8.815533355716970165e-02	8.676565334528207885e-02	-1.914672543986526143e-01	3.013563048511565534e-01	-6.306490454486540775e-01	5.880511223534896220e-02	-6.864372541308080833e-02	1.628773113080725088e-01	-4.501125784928914353e-01	1.000000000000002887e+00	-8.398966714630598518e-02	7.130652886467822582e-02	-1.802395637653607108e-01	2.679539357409028710e-01	-4.393533032604354238e-01
-3.228719539462258231e-02	3.148118392981503338e-02	-3.832595271314787055e-02	3.251519888161917560e-02	-4.386729907414064350e-02	2.730860193281292245e-02	-2.803796349560884124e-02	3.361571060215437501e-02	-5.567242855330663959e-02	4.782755764896146761e-02	-4.449044503382793697e-02	3.944620833942547034e-02	-6.697576472072068465e-02	5.589893298180956260e-02	-1.082312495303865418e-01	4.998182329998320655e-02	-6.993503671646750242e-02	7.755199561005328424e-02	-6.089517073770148170e-02	6.997169685334642120e-02	-6.991077476486524944e-02	7.389704261299941124e-02	-1.128674190018928575e-01	8.201207228070331312e-02	-8.847914345420583582e-02	1.104850669241944777e-01	-1.119742123315645571e-01	1.228381172521198772e-01	-8.542383138954365296e-02	7.029035260931454365e-02	-2.317578139346321286e-01	1.942218577245051758e-01	-2.043224871867168613e-01	9.360906216065267849e-02	-8.398966714630598518e-02	1.000000000000003553e+00	-8.867903773369893994e-01	2.170066110977691420e-01	-6.577393233583359033e-02	6.004924264515704851e-02
2.620756088034798328e-02	-2.567584920930356812e-02	3.068571966624976388e-02	-2.606641371041711758e-02	3.505286822605517549e-02	-2.226944239590891716e-02	2.283723123121024143e-02	-2.699455477182873681e-02	4.450891313153020057e-02	-3.840788932704598119e-02	3.634384878190499713e-02	-3.235700172851332240e-02	5.431175194237192888e-02	-4.561649608220610941e-02	8.644076584060673973e-02	-4.166955507971707717e-02	5.790039537597302388e-02	-6.500363482952070671e-02	5.054812135218246516e-02	-5.875985882436175756e-02	5.811958223237306820e-02	-6.264865207273931369e-02	9.488884880500642049e-02	-7.021787217629654743e-02	7.356401039113903695e-02	-9.927149473020882575e-02	9.545475949076898114e-02	-1.124036196964701001e-01	7.355620788598880855e-02	-6.077537549562900265e-02	1.789262216777445513e-01	-2.197803888694470076e-01	1.816893177749276667e-01	-8.435262253704846336e-02	7.130652886467822582e-02	-8.867903773369893994e-01	1.000000000000003997e+00	-2.976965485783800158e-01	5.830417825786643471e-02	-5.388915083454517280e-02
-5.548720297298168069e-02	5.414980374297727328e-02	-6.853962224235965461e-02	5.818281528123601942e-02	-7.871675643902509290e-02	4.672047876518106713e-02	-4.818228314083088798e-02	6.010849763858407135e-02	-9.983001037057845362e-02	8.581443805263716529e-02	-7.530042749272310154e-02	6.698810101161675745e-02	-1.212270575916727100e-01	1.012730634296244436e-01	-1.956676061052200488e-01	8.087019386645771801e-02	-1.129973185214480091e-01	1.408532782143170903e-01	-1.136335723122100239e-01	1.303392305449392330e-01	-1.102931404163632056e-01	1.194611135668472990e-01	-2.321615077893701695e-01	1.613067983770485880e-01	-1.746434717928497804e-01	1.301841901174563276e-01	-1.415876572734941774e-01	2.582676497292375473e-01	-1.845019697936563507e-01	1.451655767896481430e-01	-1.370514155437942139e-01	1.473100512241319049e-01	-7.581420730896886173e-01	2.101479756076812810e-01	-1.802395637653607108e-01	2.170066110977691420e-01	-2.976965485783800158e-01	1.000000000000003553e+00	-1.608787006682652065e-01	1.326282291106088418e-01
2.853378201061351066e-02	-2.836222870599446055e-02	3.550351333097577500e-02	-3.034584472444493836e-02	4.067555093348116518e-02	-2.426952582386004975e-02	2.506252119439325923e-02	-3.153040472517863735e-02	5.163603940496432759e-02	-4.530822369532281485e-02	3.863472143513786705e-02	-3.507990255559456649e-02	6.703020785329380504e-02	-5.798371692085431406e-02	1.018225651723920072e-01	-4.114714475939805494e-02	5.597245155151914925e-02	-8.848832905723337527e-02	7.227680713680562086e-02	-9.003979988175855875e-02	5.339050210260898321e-02	-6.095830828753755204e-02	1.149966291561473203e-01	-1.239067723829253148e-01	1.244724578975345275e-01	-6.292498769654747415e-02	6.324847109885617380e-02	-1.347303239665988417e-01	2.062872943268903025e-01	-2.082891735338203987e-01	4.523860754158147424e-02	-5.222859159167911325e-02	1.424557145946157843e-01	-4.602159827676631787e-01	2.679539357409028710e-01	-6.577393233583359033e-02	5.830417825786643471e-02	-1.608787006682652065e-01	1.000000000000003775e+00	-7.910338155864774512e-01
