1.000000000000000000e+00	-6.632221405042985074e-01	2.333880540435443185e-01	-8.509585894442286969e-02	7.651995194682380264e-02	-5.145319147324668441e-01	3.224900880978801010e-01	-2.347099837146162105e-01	1.205619658745979428e-01	-1.376955509078559015e-01	2.412978134478959147e-01	-2.233614037081134707e-01	1.659442720572781027e-01	-1.203790600673899369e-01	7.370037489817854448e-02	-1.414585929844402734e-01	1.802710807953784855e-01	-1.776930068716341127e-01	9.433121310683270644e-02	-6.320440839708013625e-02	1.175980408186835385e-01	-1.489681297572666707e-01	1.219451574154338108e-01	-7.160710349376518680e-02	7.428071945218973904e-02	-9.389036592013290383e-02	8.801160530724351505e-02	-1.553204191525840161e-01	8.878753138252834520e-02	-1.192279462580485977e-01	7.110702542453821440e-02	-1.003346582270880361e-01	6.631004419242637893e-02	-7.143468230437707844e-02	4.217622452981113074e-02	-8.325444184827301974e-02	6.761289503409492752e-02	-6.311060382590966134e-02	6.179829088909288837e-02	-3.963205753803186737e-02
-6.632221405042985074e-01	1.000000000000000000e+00	-3.472925074557418057e-01	7.502349076932059158e-02	-6.815625192270061139e-02	2.975740680926242665e-01	-5.430480785368749785e-01	2.169441180783995837e-01	-1.065632467745183110e-01	1.135200841448824050e-01	-2.151125845206860454e-01	1.946781945472922659e-01	-1.504617865952390110e-01	9.495851158334053799e-02	-5.941765957818744698e-02	1.076651413358371556e-01	-1.577562246178140226e-01	1.446950155681493155e-01	-7.604784565786548711e-02	5.034184251467710425e-02	-9.300584538568021364e-02	1.125562611499984489e-01	-9.457222735568376892e-02	5.415515055835942032e-02	-5.675862706221506543e-02	6.799410837632859084e-02	-6.444852460500269387e-02	1.123695430503159620e-01	-6.549744451898380226e-02	8.600160932897722710e-02	-5.192335025668024656e-02	7.231463799287618510e-02	-4.838750843889148140e-02	5.177604701798107362e-02	-3.076272973058779073e-02	5.979536384487119799e-02	-4.922497091668064095e-02	4.571573563319532990e-02	-4.516974468130675879e-02	2.875039454586991033e-02
2.333880540435443185e-01	-3.472925074557418057e-01	1.000000000000000444e+00	-1.864580038055520528e-01	1.483717293207321153e-01	-1.862570621440438057e-01	2.107445379579785116e-01	-7.358648720213875061e-01	2.321571550400111095e-01	-2.585482476792894113e-01	1.836821358634562196e-01	-1.873365558846224188e-01	2.222860271364312801e-01	-1.647651186281983426e-01	1.034688215665180433e-01	-1.270360241148405789e-01	1.819448057292791521e-01	-2.248637975086579532e-01	1.249362444438657377e-01	-8.729518276107577079e-02	1.123204389141984061e-01	-1.459760760063640028e-01	1.270492199229652230e-01	-8.122891166144645403e-02	8.538042919607681525e-02	-9.104593098319672950e-02	8.663815680812811393e-02	-1.531675984211947894e-01	9.298158330527002413e-02	-1.226760366943895619e-01	6.963494433890496382e-02	-9.768516899380821905e-02	6.675639782590096771e-02	-7.177181552822212152e-02	4.288074189584744483e-02	-8.172997479162685819e-02	6.713148549289704725e-02	-6.306740031159156767e-02	6.242411865843329466e-02	-4.011073286499691748e-02
-8.509585894442286969e-02	7.502349076932059158e-02	-1.864580038055520528e-01	1.000000000000000444e+00	-8.764136457788601620e-01	6.210210668348606355e-02	-7.151466194979082258e-02	1.525792888307709316e-01	-3.415692725565863674e-01	2.595497883692554075e-01	-7.513543922176339762e-02	6.704696033153159651e-02	-8.143264901306561387e-02	1.079692743653520165e-01	-8.149630350551409497e-02	5.025930534947570250e-02	-7.653758987154278548e-02	7.861453482686342475e-02	-8.550666422550691481e-02	6.317260460690486690e-02	-4.768858761515123307e-02	5.811510408117447068e-02	-5.284638012521452460e-02	4.455698895632660000e-02	-4.908902829866949868e-02	3.696822154294608642e-02	-3.560540890979461276e-02	6.188062942096982794e-02	-4.422051403881314263e-02	5.619801506079748904e-02	-2.879960520059259704e-02	3.961940088567082741e-02	-2.897929461451471261e-02	3.112854052781997144e-02	-1.921313833036052826e-02	3.403345728497098044e-02	-2.858437400259993683e-02	2.712559160498193012e-02	-2.754303844946717761e-02	1.778615339678108614e-02
7.651995194682380264e-02	-6.815625192270061139e-02	1.483717293207321153e-01	-8.764136457788601620e-01	9.999999999999996669e-01	-5.831871817649289524e-02	6.559297969436342357e-02	-1.441192508821313445e-01	2.521295992445522494e-01	-3.645870120868611175e-01	7.146754515125965102e-02	-6.458224313290854279e-02	7.802870058306472789e-02	-1.157768048467013172e-01	8.788860423763178442e-02	-5.017341242252991440e-02	7.458840835417585025e-02	-7.804978178433517877e-02	8.657754885276237877e-02	-7.035663881573032963e-02	4.741542622845638238e-02	-5.885323047936652507e-02	5.327084909973861526e-02	-4.682707514730942433e-02	5.096694469618957835e-02	-3.815474483997127048e-02	3.663246433613207703e-02	-6.399713918787076905e-02	4.600771858003964432e-02	-5.932990698757385079e-02	2.965981599279712139e-02	-4.100782222545010236e-02	3.002089893615434227e-02	-3.238307472017100397e-02	1.998898233401765964e-02	-3.539702035333911617e-02	2.956302956794941775e-02	-2.818955592582498768e-02	2.853656053577762614e-02	-1.855443050444401804e-02
-5.145319147324668441e-01	2.975740680926242665e-01	-1.862570621440438057e-01	6.210210668348606355e-02	-5.831871817649289524e-02	9.999999999999998890e-01	-6.025532151047661156e-01	1.677001339593909290e-01	-9.256406212400185296e-02	9.869986989328639881e-02	-4.738322591715638521e-01	2.590803796957388827e-01	-1.666675688222651885e-01	9.642265554937221039e-02	-5.964135759389963681e-02	1.375912933550794970e-01	-1.902967199389520303e-01	1.602318428825605101e-01	-7.875759981916229113e-02	5.086832791461189801e-02	-1.166077351219643315e-01	1.309035505549740186e-01	-1.077720691629907163e-01	5.834437492126545027e-02	-6.092153624299320724e-02	7.736494321639002247e-02	-7.312070341209135627e-02	1.264770834252182397e-01	-7.208096507545196097e-02	9.423417582789575531e-02	-5.902197797361753012e-02	8.164823171903790033e-02	-5.396412394345433128e-02	5.757594324722568185e-02	-3.406486191024676868e-02	6.689092797823256720e-02	-5.519856930098630821e-02	5.091795466903981104e-02	-5.026981044627620854e-02	3.181498656983271223e-02
3.224900880978801010e-01	-5.430480785368749785e-01	2.107445379579785116e-01	-7.151466194979082258e-02	6.559297969436342357e-02	-6.025532151047661156e-01	9.999999999999996669e-01	-2.144436941674263686e-01	1.055617222983052661e-01	-1.147060555808014221e-01	2.790669361397579151e-01	-3.568898675996739489e-01	1.814966468275294731e-01	-1.083466261387232149e-01	6.595745707826376758e-02	-1.397149639115755071e-01	1.948847377039706896e-01	-1.824951074189255229e-01	8.661942737573527507e-02	-5.655756301933469871e-02	1.148051967790217343e-01	-1.431439381074888773e-01	1.159815248720662134e-01	-6.424666227516372119e-02	6.670168597155520795e-02	-8.467034255085655048e-02	7.994671685802848260e-02	-1.401991713780786908e-01	7.920193652998260003e-02	-1.045763521095464110e-01	6.423930930115266669e-02	-9.001981100423035731e-02	5.930304119108821548e-02	-6.352645985230349901e-02	3.739103089544860287e-02	-7.370801380744720910e-02	6.038243946785941396e-02	-5.604885527675528695e-02	5.506604114719133858e-02	-3.502399634149126056e-02
-2.347099837146162105e-01	2.169441180783995837e-01	-7.358648720213875061e-01	1.525792888307709316e-01	-1.441192508821313445e-01	1.677001339593909290e-01	-2.144436941674263686e-01	1.000000000000000000e+00	-3.420438006898512406e-01	2.292926253816727211e-01	-1.951290894990434788e-01	1.875670058950137664e-01	-3.283951886133385512e-01	1.530349736285930295e-01	-1.010169450222813819e-01	1.165069221439713892e-01	-1.911110071341321492e-01	2.168292866424555432e-01	-1.247898061135776920e-01	8.226562979877921622e-02	-1.071186140391058306e-01	1.315812609724091309e-01	-1.200141042740876518e-01	7.360054491052245296e-02	-7.898328616198788121e-02	7.771892971485200308e-02	-7.517008863503753247e-02	1.305399702396065342e-01	-8.177650612173138767e-02	1.039099559454280397e-01	-6.015565180598701767e-02	8.284037850784542467e-02	-5.774303204176427923e-02	6.143124308710910114e-02	-3.704342521954664957e-02	6.896770451153708126e-02	-5.783013014431423460e-02	5.392475295639127808e-02	-5.412947856485054998e-02	3.435323389849175707e-02
1.205619658745979428e-01	-1.065632467745183110e-01	2.321571550400111095e-01	-3.415692725565863674e-01	2.521295992445522494e-01	-9.256406212400185296e-02	1.055617222983052661e-01	-3.420438006898512406e-01	1.000000000000000444e+00	-7.571891345441812415e-01	1.142025605082372247e-01	-1.065539842215701971e-01	1.383402671496101188e-01	-2.449814767499090828e-01	1.592338801834312090e-01	-7.801231610527412097e-02	1.194033673380995308e-01	-1.330254518767985117e-01	1.598249433366931982e-01	-1.272771177507316387e-01	7.358151166447421399e-02	-9.146253722565250710e-02	8.362654658645002348e-02	-7.743554431902527346e-02	8.440765972523375793e-02	-5.753364181178151349e-02	5.563425719525758734e-02	-9.733063802537207654e-02	7.206492094592344133e-02	-9.137004466604944919e-02	4.479148919775630816e-02	-6.171662560951027277e-02	4.576422520652014686e-02	-4.930352973247691811e-02	3.042377530653219211e-02	-5.287155558964719976e-02	4.450369556114841529e-02	-4.260030700162706352e-02	4.335329809620977470e-02	-2.816255173886355809e-02
-1.376955509078559015e-01	1.135200841448824050e-01	-2.585482476792894113e-01	2.595497883692554075e-01	-3.645870120868611175e-01	9.869986989328639881e-02	-1.147060555808014221e-01	2.292926253816727211e-01	-7.571891345441812415e-01	1.000000000000000888e+00	-1.246114984005074200e-01	1.085922882555056118e-01	-1.352536004729856800e-01	2.070138907847620113e-01	-2.269075976157915453e-01	8.087255099507519029e-02	-1.275628200140529189e-01	1.272124563145041465e-01	-1.828012497348757148e-01	1.458532911693224965e-01	-7.834123126247150015e-02	9.340757861990611755e-02	-8.685565595638411462e-02	8.464480961277900950e-02	-9.605842033097304611e-02	5.859121087891021318e-02	-5.698352895683159863e-02	9.862931634648017254e-02	-7.693386578758226735e-02	9.487168188458974805e-02	-4.599324230162105120e-02	6.267706532733716140e-02	-4.760029602654661240e-02	5.108038757068402574e-02	-3.188588358118923938e-02	5.407174521599243666e-02	-4.608568439501387060e-02	4.407531342713708056e-02	-4.538759658792705654e-02	2.933221545711028888e-02
2.412978134478959147e-01	-2.151125845206860454e-01	1.836821358634562196e-01	-7.513543922176339762e-02	7.146754515125965102e-02	-4.738322591715638521e-01	2.790669361397579151e-01	-1.951290894990434788e-01	1.142025605082372247e-01	-1.246114984005074200e-01	1.000000000000000000e+00	-5.957280050493769519e-01	2.429313707276097856e-01	-1.426922177976691353e-01	8.487301725101024930e-02	-2.755565420292049872e-01	2.801142025773755151e-01	-2.622578023722842433e-01	1.149393539976523021e-01	-7.370074136249953056e-02	1.919484744111486785e-01	-2.219446680514771397e-01	1.719665828917391615e-01	-9.116233478250208855e-02	9.373983318498875505e-02	-1.300994997706019229e-01	1.213956814285352265e-01	-2.125675315181898284e-01	1.156839431238251698e-01	-1.533782944781996171e-01	9.787966101305491107e-02	-1.370467613213956215e-01	8.824632893368293540e-02	-9.454655236700819365e-02	5.508865826500456558e-02	-1.107973537124508634e-01	9.040733675792730906e-02	-8.348743286560181276e-02	8.155253876828183479e-02	-5.169734553094008228e-02
-2.233614037081134707e-01	1.946781945472922659e-01	-1.873365558846224188e-01	6.704696033153159651e-02	-6.458224313290854279e-02	2.590803796957388827e-01	-3.568898675996739489e-01	1.875670058950137664e-01	-1.065539842215701971e-01	1.085922882555056118e-01	-5.957280050493769519e-01	1.000000000000000888e+00	-4.224215467724370954e-01	1.270386464203762944e-01	-7.680673062538054263e-02	1.894331333195923284e-01	-4.414913966464863448e-01	2.757569103040718450e-01	-1.077753449003565622e-01	6.591180289387596480e-02	-1.594676537528002813e-01	1.906131735348099709e-01	-1.573202417624484095e-01	7.556956544291548727e-02	-7.879380928330385891e-02	9.944516001660451410e-02	-9.599522539154813072e-02	1.647605754505362397e-01	-9.214286429084318775e-02	1.174067951861406389e-01	-7.616397017551086723e-02	1.046835714302131876e-01	-6.912620295605088894e-02	7.306597251709273655e-02	-4.294087555906483944e-02	8.395552496773070472e-02	-7.019482252883939288e-02	6.437645318760867874e-02	-6.382582385814583592e-02	3.993647399700697709e-02
1.659442720572781027e-01	-1.504617865952390110e-01	2.222860271364312801e-01	-8.143264901306561387e-02	7.802870058306472789e-02	-1.666675688222651885e-01	1.814966468275294731e-01	-3.283951886133385512e-01	1.383402671496101188e-01	-1.352536004729856800e-01	2.429313707276097856e-01	-4.224215467724370954e-01	9.999999999999988898e-01	-1.925588485240380399e-01	1.011499718630345379e-01	-1.619287199402615618e-01	2.794763485886231913e-01	-7.006717549053206318e-01	1.518320826167328108e-01	-8.868284406235306394e-02	1.394374918182250123e-01	-1.961864383113943455e-01	1.792330826366335672e-01	-8.935968895090475039e-02	9.235735126417402019e-02	-1.028928615635099353e-01	1.009992284982074440e-01	-1.818856708693720459e-01	1.017307398830163134e-01	-1.286926538737855341e-01	7.868690595749998351e-02	-1.101694057435325808e-01	7.448773946791142908e-02	-7.891875766806601133e-02	4.598482699610575292e-02	-8.794120947750139194e-02	7.354468530142231619e-02	-6.867039217811782281e-02	6.803329526609204481e-02	-4.278944290622297558e-02
-1.203790600673899369e-01	9.495851158334053799e-02	-1.647651186281983426e-01	1.079692743653520165e-01	-1.157768048467013172e-01	9.642265554937221039e-02	-1.083466261387232149e-01	1.530349736285930295e-01	-2.449814767499090828e-01	2.070138907847620113e-01	-1.426922177976691353e-01	1.270386464203762944e-01	-1.925588485240380399e-01	1.000000000000001554e+00	-4.311248502485591216e-01	9.696034192613925407e-02	-1.617875544798419440e-01	1.781662471953320281e-01	-7.189921703757992111e-01	2.894342893436223085e-01	-9.669015414894280291e-02	1.180817042298089314e-01	-1.163738308548553368e-01	1.705402522861011738e-01	-1.969682696490616947e-01	7.294971396457612667e-02	-7.273871395816501606e-02	1.273797354599738030e-01	-1.252730166233686770e-01	1.421852054974399870e-01	-5.792402542715607144e-02	7.841424965704188454e-02	-6.574015048639685055e-02	7.100194053147691753e-02	-4.459986820503934052e-02	6.806797867011352143e-02	-5.929898194771920927e-02	5.894337135044562526e-02	-6.221418630042213627e-02	4.066294651762676626e-02
7.370037489817854448e-02	-5.941765957818744698e-02	1.034688215665180433e-01	-8.149630350551409497e-02	8.788860423763178442e-02	-5.964135759389963681e-02	6.595745707826376758e-02	-1.010169450222813819e-01	1.592338801834312090e-01	-2.269075976157915453e-01	8.487301725101024930e-02	-7.680673062538054263e-02	1.011499718630345379e-01	-4.311248502485591216e-01	1.000000000000001554e+00	-6.376562472686241045e-02	9.793724573842979564e-02	-1.099450162304570350e-01	3.004279014717346485e-01	-7.876730562298989158e-01	6.285947832263788504e-02	-8.099748719296070987e-02	7.839662225698863784e-02	-1.508437792202471928e-01	1.584056362742715107e-01	-5.275257557332255903e-02	5.228003929487188423e-02	-9.370392383645657908e-02	9.618008230990858498e-02	-1.233109657448216295e-01	4.162606022977623915e-02	-5.719426770120734915e-02	4.885062850516461858e-02	-5.406969349875819647e-02	3.414939614706988952e-02	-5.022774693083132541e-02	4.313418986766495017e-02	-4.415124162598033780e-02	4.609396014630840616e-02	-3.156654342059137669e-02
-1.414585929844402734e-01	1.076651413358371556e-01	-1.270360241148405789e-01	5.025930534947570250e-02	-5.017341242252991440e-02	1.375912933550794970e-01	-1.397149639115755071e-01	1.165069221439713892e-01	-7.801231610527412097e-02	8.087255099507519029e-02	-2.755565420292049872e-01	1.894331333195923284e-01	-1.619287199402615618e-01	9.696034192613925407e-02	-6.376562472686241045e-02	1.000000000000000888e+00	-3.637650101303368522e-01	1.732510200991553839e-01	-8.653362828265560858e-02	5.439421442062195022e-02	-8.018070863715651697e-01	2.379197539037874176e-01	-1.860375747178742711e-01	7.422501589551595835e-02	-7.851683804647487108e-02	1.418254252878059785e-01	-1.237939421242887361e-01	1.765666419311928970e-01	-9.710785408948970077e-02	1.164056522241398023e-01	-1.114691449554663233e-01	1.250554553304518701e-01	-7.643386336325919128e-02	7.822040921645309619e-02	-4.712964894056950044e-02	9.744138829327317342e-02	-8.615773824918554480e-02	7.136214114361394412e-02	-7.256093446936241753e-02	4.300365736712746800e-02
1.802710807953784855e-01	-1.577562246178140226e-01	1.819448057292791521e-01	-7.653758987154278548e-02	7.458840835417585025e-02	-1.902967199389520303e-01	1.948847377039706896e-01	-1.911110071341321492e-01	1.194033673380995308e-01	-1.275628200140529189e-01	2.801142025773755151e-01	-4.414913966464863448e-01	2.794763485886231913e-01	-1.617875544798419440e-01	9.793724573842979564e-02	-3.637650101303368522e-01	1.000000000000000444e+00	-4.365006334199976745e-01	1.378402164064151392e-01	-8.643627361731306968e-02	2.524723996496182066e-01	-4.228738693981496377e-01	2.588159065126688918e-01	-1.130740269118546276e-01	1.152912077791897749e-01	-1.671433268160074370e-01	1.621092423252812609e-01	-2.797592556323783564e-01	1.440512804859334084e-01	-1.846851977220336227e-01	1.257388829583932222e-01	-1.769632108724821518e-01	1.115402967928660061e-01	-1.179650243324919523e-01	6.770616015108908703e-02	-1.364738522916931207e-01	1.132697849304245968e-01	-1.036003668595089217e-01	1.015228159960785831e-01	-6.319501414679466744e-02
-1.776930068716341127e-01	1.446950155681493155e-01	-2.248637975086579532e-01	7.861453482686342475e-02	-7.804978178433517877e-02	1.602318428825605101e-01	-1.824951074189255229e-01	2.168292866424555432e-01	-1.330254518767985117e-01	1.272124563145041465e-01	-2.622578023722842433e-01	2.757569103040718450e-01	-7.006717549053206318e-01	1.781662471953320281e-01	-1.099450162304570350e-01	1.732510200991553839e-01	-4.365006334199976745e-01	9.999999999999974465e-01	-1.907455346379132999e-01	9.730136016978199742e-02	-1.623735058410233634e-01	2.217009062316080970e-01	-2.614188613727772004e-01	9.765895983969791194e-02	-1.022412378197298244e-01	1.062046155521735036e-01	-1.085671884695463135e-01	1.902472100548533995e-01	-1.091359877860745842e-01	1.309316542139815631e-01	-8.287477232976428465e-02	1.130594962542665755e-01	-7.905031209426986727e-02	8.197679295970694557e-02	-4.818047615557400493e-02	8.961316562826020238e-02	-7.714919911636294869e-02	7.126479041204006326e-02	-7.183205800888498027e-02	4.435522783904122246e-02
9.433121310683270644e-02	-7.604784565786548711e-02	1.249362444438657377e-01	-8.550666422550691481e-02	8.657754885276237877e-02	-7.875759981916229113e-02	8.661942737573527507e-02	-1.247898061135776920e-01	1.598249433366931982e-01	-1.828012497348757148e-01	1.149393539976523021e-01	-1.077753449003565622e-01	1.518320826167328108e-01	-7.189921703757992111e-01	3.004279014717346485e-01	-8.653362828265560858e-02	1.378402164064151392e-01	-1.907455346379132999e-01	1.000000000000001998e+00	-4.762395516325639844e-01	8.451631622960228962e-02	-1.109767405677050262e-01	1.084427533867740323e-01	-2.265542719550086848e-01	1.948158200060712275e-01	-6.937685986936774352e-02	6.917032427926841920e-02	-1.246259128562019619e-01	1.266833813137221432e-01	-1.510209534657102060e-01	5.465081361365044244e-02	-7.517228549414424477e-02	6.361126284609652792e-02	-7.015346762128152336e-02	4.334318340930182895e-02	-6.498591316521887262e-02	5.596450052780209405e-02	-5.695962374639685494e-02	5.942193637614830160e-02	-3.993379889256998272e-02
-6.320440839708013625e-02	5.034184251467710425e-02	-8.729518276107577079e-02	6.317260460690486690e-02	-7.035663881573032963e-02	5.086832791461189801e-02	-5.655756301933469871e-02	8.226562979877921622e-02	-1.272771177507316387e-01	1.458532911693224965e-01	-7.370074136249953056e-02	6.591180289387596480e-02	-8.868284406235306394e-02	2.894342893436223085e-01	-7.876730562298989158e-01	5.439421442062195022e-02	-8.643627361731306968e-02	9.730136016978199742e-02	-4.762395516325639844e-01	1.000000000000000000e+00	-5.439416727693525272e-02	6.968408318840264848e-02	-6.951687500537186148e-02	1.546052715613719097e-01	-2.001764440908453679e-01	4.470274295757985933e-02	-4.486895250863306983e-02	8.048499282235654917e-02	-9.157567645247574606e-02	1.104498970899464999e-01	-3.550685395395235255e-02	4.847412813854225233e-02	-4.317886231692578958e-02	4.777584089358981323e-02	-3.012521663517649800e-02	4.262164456942300894e-02	-3.706005662300514147e-02	3.836911942810281029e-02	-4.055131600687997273e-02	2.766671620934078521e-02
1.175980408186835385e-01	-9.300584538568021364e-02	1.123204389141984061e-01	-4.768858761515123307e-02	4.741542622845638238e-02	-1.166077351219643315e-01	1.148051967790217343e-01	-1.071186140391058306e-01	7.358151166447421399e-02	-7.834123126247150015e-02	1.919484744111486785e-01	-1.594676537528002813e-01	1.394374918182250123e-01	-9.669015414894280291e-02	6.285947832263788504e-02	-8.018070863715651697e-01	2.524723996496182066e-01	-1.623735058410233634e-01	8.451631622960228962e-02	-5.439416727693525272e-02	1.000000000000000666e+00	-3.476955780942328489e-01	2.046904978726967472e-01	-8.195345535104439638e-02	8.438898294583115078e-02	-1.992628583875331039e-01	1.511353082978884321e-01	-2.223569432331166107e-01	1.106886244573564715e-01	-1.367588396093825931e-01	1.339612419383578168e-01	-1.584884891718745525e-01	8.963256689608403716e-02	-9.280869259454696540e-02	5.396930125228312225e-02	-1.188463123532630950e-01	1.008243132114357149e-01	-8.420196529937133689e-02	8.340636426478811871e-02	-4.978425900439639035e-02
-1.489681297572666707e-01	1.125562611499984489e-01	-1.459760760063640028e-01	5.811510408117447068e-02	-5.885323047936652507e-02	1.309035505549740186e-01	-1.431439381074888773e-01	1.315812609724091309e-01	-9.146253722565250710e-02	9.340757861990611755e-02	-2.219446680514771397e-01	1.906131735348099709e-01	-1.961864383113943455e-01	1.180817042298089314e-01	-8.099748719296070987e-02	2.379197539037874176e-01	-4.228738693981496377e-01	2.217009062316080970e-01	-1.109767405677050262e-01	6.968408318840264848e-02	-3.476955780942328489e-01	9.999999999999974465e-01	-6.675725657564313131e-01	1.117967212111073833e-01	-1.173566331702991794e-01	1.630292498735335105e-01	-2.146577587030071566e-01	2.841768186478409453e-01	-1.456917564982838365e-01	1.554715602851155232e-01	-1.328359290979251039e-01	1.730031977809410593e-01	-1.145383366316087559e-01	1.110102429429604826e-01	-6.476565080852299261e-02	1.221176793424845197e-01	-1.136619202545960383e-01	9.783282069334320319e-02	-1.011292997911693026e-01	5.828688122317968179e-02
1.219451574154338108e-01	-9.457222735568376892e-02	1.270492199229652230e-01	-5.284638012521452460e-02	5.327084909973861526e-02	-1.077720691629907163e-01	1.159815248720662134e-01	-1.200141042740876518e-01	8.362654658645002348e-02	-8.685565595638411462e-02	1.719665828917391615e-01	-1.573202417624484095e-01	1.792330826366335672e-01	-1.163738308548553368e-01	7.839662225698863784e-02	-1.860375747178742711e-01	2.588159065126688918e-01	-2.614188613727772004e-01	1.084427533867740323e-01	-6.951687500537186148e-02	2.046904978726967472e-01	-6.675725657564313131e-01	1.000000000000000000e+00	-1.378053889982361890e-01	1.272773889852438500e-01	-1.726338727984075838e-01	2.053952094455211708e-01	-5.187055199572551123e-01	1.664582716046298094e-01	-1.828363464669769400e-01	1.328258237715957135e-01	-1.935626680378238484e-01	1.354319204580211877e-01	-1.349242222151771364e-01	6.986864977278872679e-02	-1.300479314779324491e-01	1.163540269802844085e-01	-1.112862047932207943e-01	1.091216500089292052e-01	-6.404914323406990517e-02
-7.160710349376518680e-02	5.415515055835942032e-02	-8.122891166144645403e-02	4.455698895632660000e-02	-4.682707514730942433e-02	5.834437492126545027e-02	-6.424666227516372119e-02	7.360054491052245296e-02	-7.743554431902527346e-02	8.464480961277900950e-02	-9.116233478250208855e-02	7.556956544291548727e-02	-8.935968895090475039e-02	1.705402522861011738e-01	-1.508437792202471928e-01	7.422501589551595835e-02	-1.130740269118546276e-01	9.765895983969791194e-02	-2.265542719550086848e-01	1.546052715613719097e-01	-8.195345535104439638e-02	1.117967212111073833e-01	-1.378053889982361890e-01	1.000000000000000000e+00	-8.161125333194995113e-01	7.361275884754148180e-02	-8.029684717500672197e-02	1.521968163621616188e-01	-3.898567870377141475e-01	2.697190721395371082e-01	-6.047776532796961257e-02	8.128594704493057044e-02	-9.950067049731278757e-02	1.125717020368216525e-01	-6.623346534923270357e-02	7.342929859869062881e-02	-6.758943527588864852e-02	7.830980301094556117e-02	-8.795842150595603592e-02	5.930111819759800035e-02
7.428071945218973904e-02	-5.675862706221506543e-02	8.538042919607681525e-02	-4.908902829866949868e-02	5.096694469618957835e-02	-6.092153624299320724e-02	6.670168597155520795e-02	-7.898328616198788121e-02	8.440765972523375793e-02	-9.605842033097304611e-02	9.373983318498875505e-02	-7.879380928330385891e-02	9.235735126417402019e-02	-1.969682696490616947e-01	1.584056362742715107e-01	-7.851683804647487108e-02	1.152912077791897749e-01	-1.022412378197298244e-01	1.948158200060712275e-01	-2.001764440908453679e-01	8.438898294583115078e-02	-1.173566331702991794e-01	1.272773889852438500e-01	-8.161125333194995113e-01	9.999999999999995559e-01	-8.040384998311853049e-02	8.424823336966991150e-02	-1.607931395318062673e-01	2.680352087595712085e-01	-3.698893124154733481e-01	6.506780540034126648e-02	-8.897747245087571366e-02	9.832381136735948712e-02	-1.153900463579755620e-01	7.379741689385589665e-02	-8.116614020136082852e-02	7.247490415092883165e-02	-8.395618492488358953e-02	9.074907412619237501e-02	-6.815730405776598833e-02
-9.389036592013290383e-02	6.799410837632859084e-02	-9.104593098319672950e-02	3.696822154294608642e-02	-3.815474483997127048e-02	7.736494321639002247e-02	-8.467034255085655048e-02	7.771892971485200308e-02	-5.753364181178151349e-02	5.859121087891021318e-02	-1.300994997706019229e-01	9.944516001660451410e-02	-1.028928615635099353e-01	7.294971396457612667e-02	-5.275257557332255903e-02	1.418254252878059785e-01	-1.671433268160074370e-01	1.062046155521735036e-01	-6.937685986936774352e-02	4.470274295757985933e-02	-1.992628583875331039e-01	1.630292498735335105e-01	-1.726338727984075838e-01	7.361275884754148180e-02	-8.040384998311853049e-02	1.000000000000000000e+00	-4.790322653448296775e-01	2.166386647041840807e-01	-1.145242091918529243e-01	1.154028352832403431e-01	-7.120579794874768442e-01	3.188459291142689001e-01	-1.093504636950990982e-01	1.005551387763775478e-01	-6.690098886503420550e-02	2.072458420972596582e-01	-2.079834659666403573e-01	1.105721957486613255e-01	-1.180424249838280815e-01	5.808484726489712702e-02
8.801160530724351505e-02	-6.444852460500269387e-02	8.663815680812811393e-02	-3.560540890979461276e-02	3.663246433613207703e-02	-7.312070341209135627e-02	7.994671685802848260e-02	-7.517008863503753247e-02	5.563425719525758734e-02	-5.698352895683159863e-02	1.213956814285352265e-01	-9.599522539154813072e-02	1.009992284982074440e-01	-7.273871395816501606e-02	5.228003929487188423e-02	-1.237939421242887361e-01	1.621092423252812609e-01	-1.085671884695463135e-01	6.917032427926841920e-02	-4.486895250863306983e-02	1.511353082978884321e-01	-2.146577587030071566e-01	2.053952094455211708e-01	-8.029684717500672197e-02	8.424823336966991150e-02	-4.790322653448296775e-01	1.000000000000001110e+00	-4.164971980459533651e-01	1.291927415462966189e-01	-1.284514351845976177e-01	2.937895852750446180e-01	-6.524963841543075516e-01	1.215498530038278124e-01	-1.125214462746683963e-01	6.409945772082112359e-02	-1.809769895384347183e-01	1.716624906028137720e-01	-1.105996864998003704e-01	1.098914306030394222e-01	-5.695973988192511162e-02
-1.553204191525840161e-01	1.123695430503159620e-01	-1.531675984211947894e-01	6.188062942096982794e-02	-6.399713918787076905e-02	1.264770834252182397e-01	-1.401991713780786908e-01	1.305399702396065342e-01	-9.733063802537207654e-02	9.862931634648017254e-02	-2.125675315181898284e-01	1.647605754505362397e-01	-1.818856708693720459e-01	1.273797354599738030e-01	-9.370392383645657908e-02	1.765666419311928970e-01	-2.797592556323783564e-01	1.902472100548533995e-01	-1.246259128562019619e-01	8.048499282235654917e-02	-2.223569432331166107e-01	2.841768186478409453e-01	-5.187055199572551123e-01	1.521968163621616188e-01	-1.607931395318062673e-01	2.166386647041840807e-01	-4.164971980459533651e-01	1.000000000000000000e+00	-2.990329040267204475e-01	2.292934167662762923e-01	-1.894002820898622597e-01	2.463436212028567163e-01	-2.691419460119595652e-01	2.022643473126826963e-01	-1.034720297787539295e-01	1.686037197974783741e-01	-1.713244848026204414e-01	1.638452191922292189e-01	-1.705704293699317753e-01	9.115382284837689197e-02
8.878753138252834520e-02	-6.549744451898380226e-02	9.298158330527002413e-02	-4.422051403881314263e-02	4.600771858003964432e-02	-7.208096507545196097e-02	7.920193652998260003e-02	-8.177650612173138767e-02	7.206492094592344133e-02	-7.693386578758226735e-02	1.156839431238251698e-01	-9.214286429084318775e-02	1.017307398830163134e-01	-1.252730166233686770e-01	9.618008230990858498e-02	-9.710785408948970077e-02	1.440512804859334084e-01	-1.091359877860745842e-01	1.266833813137221432e-01	-9.157567645247574606e-02	1.106886244573564715e-01	-1.456917564982838365e-01	1.664582716046298094e-01	-3.898567870377141475e-01	2.680352087595712085e-01	-1.145242091918529243e-01	1.291927415462966189e-01	-2.990329040267204475e-01	9.999999999999992228e-01	-7.323511831992111087e-01	9.429455249340785994e-02	-1.294106658699154810e-01	1.896404094251240846e-01	-2.729982211644179091e-01	1.238464541855124890e-01	-1.178128667438783639e-01	1.098100007398662148e-01	-1.432965244883790956e-01	1.583810042872578205e-01	-1.130005742225265730e-01
-1.192279462580485977e-01	8.600160932897722710e-02	-1.226760366943895619e-01	5.619801506079748904e-02	-5.932990698757385079e-02	9.423417582789575531e-02	-1.045763521095464110e-01	1.039099559454280397e-01	-9.137004466604944919e-02	9.487168188458974805e-02	-1.533782944781996171e-01	1.174067951861406389e-01	-1.286926538737855341e-01	1.421852054974399870e-01	-1.233109657448216295e-01	1.164056522241398023e-01	-1.846851977220336227e-01	1.309316542139815631e-01	-1.510209534657102060e-01	1.104498970899464999e-01	-1.367588396093825931e-01	1.554715602851155232e-01	-1.828363464669769400e-01	2.697190721395371082e-01	-3.698893124154733481e-01	1.154028352832403431e-01	-1.284514351845976177e-01	2.292934167662762923e-01	-7.323511831992111087e-01	9.999999999999990008e-01	-9.895229397964390439e-02	1.266083876272198760e-01	-1.901994951230233655e-01	2.016919071583708201e-01	-1.731470024930598095e-01	1.243709962162423549e-01	-1.215182659280372862e-01	1.464876805614889199e-01	-1.822006161120986734e-01	1.329326505427831651e-01
7.110702542453821440e-02	-5.192335025668024656e-02	6.963494433890496382e-02	-2.879960520059259704e-02	2.965981599279712139e-02	-5.902197797361753012e-02	6.423930930115266669e-02	-6.015565180598701767e-02	4.479148919775630816e-02	-4.599324230162105120e-02	9.787966101305491107e-02	-7.616397017551086723e-02	7.868690595749998351e-02	-5.792402542715607144e-02	4.162606022977623915e-02	-1.114691449554663233e-01	1.257388829583932222e-01	-8.287477232976428465e-02	5.465081361365044244e-02	-3.550685395395235255e-02	1.339612419383578168e-01	-1.328359290979251039e-01	1.328258237715957135e-01	-6.047776532796961257e-02	6.506780540034126648e-02	-7.120579794874768442e-01	2.937895852750446180e-01	-1.894002820898622597e-01	9.429455249340785994e-02	-9.895229397964390439e-02	9.999999999999992228e-01	-5.110113086861419740e-01	9.641477514505381041e-02	-9.017542741455589206e-02	5.963398977292942021e-02	-3.139750457278579487e-01	2.157790488331691736e-01	-1.068220505747108084e-01	1.080668056115246523e-01	-5.230786113400558157e-02
-1.003346582270880361e-01	7.231463799287618510e-02	-9.768516899380821905e-02	3.961940088567082741e-02	-4.100782222545010236e-02	8.164823171903790033e-02	-9.001981100423035731e-02	8.284037850784542467e-02	-6.171662560951027277e-02	6.267706532733716140e-02	-1.370467613213956215e-01	1.046835714302131876e-01	-1.101694057435325808e-01	7.841424965704188454e-02	-5.719426770120734915e-02	1.250554553304518701e-01	-1.769632108724821518e-01	1.130594962542665755e-01	-7.517228549414424477e-02	4.847412813854225233e-02	-1.584884891718745525e-01	1.730031977809410593e-01	-1.935626680378238484e-01	8.128594704493057044e-02	-8.897747245087571366e-02	3.188459291142689001e-01	-6.524963841543075516e-01	2.463436212028567163e-01	-1.294106658699154810e-01	1.266083876272198760e-01	-5.110113086861419740e-01	9.999999999999990008e-01	-1.263624345369749047e-01	1.135501148596000515e-01	-7.384535650414898733e-02	2.231395002139933970e-01	-2.701024247541047307e-01	1.277751631349375860e-01	-1.320815207325823359e-01	6.431027147409933142e-02
6.631004419242637893e-02	-4.838750843889148140e-02	6.675639782590096771e-02	-2.897929461451471261e-02	3.002089893615434227e-02	-5.396412394345433128e-02	5.930304119108821548e-02	-5.774303204176427923e-02	4.576422520652014686e-02	-4.760029602654661240e-02	8.824632893368293540e-02	-6.912620295605088894e-02	7.448773946791142908e-02	-6.574015048639685055e-02	4.885062850516461858e-02	-7.643386336325919128e-02	1.115402967928660061e-01	-7.905031209426986727e-02	6.361126284609652792e-02	-4.317886231692578958e-02	8.963256689608403716e-02	-1.145383366316087559e-01	1.354319204580211877e-01	-9.950067049731278757e-02	9.832381136735948712e-02	-1.093504636950990982e-01	1.215498530038278124e-01	-2.691419460119595652e-01	1.896404094251240846e-01	-1.901994951230233655e-01	9.641477514505381041e-02	-1.263624345369749047e-01	9.999999999999991118e-01	-7.519474130853407434e-01	1.413932228146579373e-01	-1.662711225962631156e-01	1.628320714334546004e-01	-4.445926058360183952e-01	2.862502107828485132e-01	-1.342515724737529947e-01
-7.143468230437707844e-02	5.177604701798107362e-02	-7.177181552822212152e-02	3.112854052781997144e-02	-3.238307472017100397e-02	5.757594324722568185e-02	-6.352645985230349901e-02	6.143124308710910114e-02	-4.930352973247691811e-02	5.108038757068402574e-02	-9.454655236700819365e-02	7.306597251709273655e-02	-7.891875766806601133e-02	7.100194053147691753e-02	-5.406969349875819647e-02	7.822040921645309619e-02	-1.179650243324919523e-01	8.197679295970694557e-02	-7.015346762128152336e-02	4.777584089358981323e-02	-9.280869259454696540e-02	1.110102429429604826e-01	-1.349242222151771364e-01	1.125717020368216525e-01	-1.153900463579755620e-01	1.005551387763775478e-01	-1.125214462746683963e-01	2.022643473126826963e-01	-2.729982211644179091e-01	2.016919071583708201e-01	-9.017542741455589206e-02	1.135501148596000515e-01	-7.519474130853407434e-01	9.999999999999990008e-01	-1.952819024612821031e-01	1.461017947948412554e-01	-1.527741176716202465e-01	2.854086661934169267e-01	-4.145411969450691347e-01	1.592487155502341767e-01
4.217622452981113074e-02	-3.076272973058779073e-02	4.288074189584744483e-02	-1.921313833036052826e-02	1.998898233401765964e-02	-3.406486191024676868e-02	3.739103089544860287e-02	-3.704342521954664957e-02	3.042377530653219211e-02	-3.188588358118923938e-02	5.508865826500456558e-02	-4.294087555906483944e-02	4.598482699610575292e-02	-4.459986820503934052e-02	3.414939614706988952e-02	-4.712964894056950044e-02	6.770616015108908703e-02	-4.818047615557400493e-02	4.334318340930182895e-02	-3.012521663517649800e-02	5.396930125228312225e-02	-6.476565080852299261e-02	6.986864977278872679e-02	-6.623346534923270357e-02	7.379741689385589665e-02	-6.690098886503420550e-02	6.409945772082112359e-02	-1.034720297787539295e-01	1.238464541855124890e-01	-1.731470024930598095e-01	5.963398977292942021e-02	-7.384535650414898733e-02	1.413932228146579373e-01	-1.952819024612821031e-01	9.999999999999991118e-01	-1.201104584518307983e-01	1.039601856057540685e-01	-2.018858389289234223e-01	2.265506477324385759e-01	-9.046634887609812381e-01
-8.325444184827301974e-02	5.979536384487119799e-02	-8.172997479162685819e-02	3.403345728497098044e-02	-3.539702035333911617e-02	6.689092797823256720e-02	-7.370801380744720910e-02	6.896770451153708126e-02	-5.287155558964719976e-02	5.407174521599243666e-02	-1.107973537124508634e-01	8.395552496773070472e-02	-8.794120947750139194e-02	6.806797867011352143e-02	-5.022774693083132541e-02	9.744138829327317342e-02	-1.364738522916931207e-01	8.961316562826020238e-02	-6.498591316521887262e-02	4.262164456942300894e-02	-1.188463123532630950e-01	1.221176793424845197e-01	-1.300479314779324491e-01	7.342929859869062881e-02	-8.116614020136082852e-02	2.072458420972596582e-01	-1.809769895384347183e-01	1.686037197974783741e-01	-1.178128667438783639e-01	1.243709962162423549e-01	-3.139750457278579487e-01	2.231395002139933970e-01	-1.662711225962631156e-01	1.461017947948412554e-01	-1.201104584518307983e-01	9.999999999999987788e-01	-8.043639734020837651e-01	2.302976480554014826e-01	-2.507070380628594330e-01	1.008995851439494773e-01
6.761289503409492752e-02	-4.922497091668064095e-02	6.713148549289704725e-02	-2.858437400259993683e-02	2.956302956794941775e-02	-5.519856930098630821e-02	6.038243946785941396e-02	-5.783013014431423460e-02	4.450369556114841529e-02	-4.608568439501387060e-02	9.040733675792730906e-02	-7.019482252883939288e-02	7.354468530142231619e-02	-5.929898194771920927e-02	4.313418986766495017e-02	-8.615773824918554480e-02	1.132697849304245968e-01	-7.714919911636294869e-02	5.596450052780209405e-02	-3.706005662300514147e-02	1.008243132114357149e-01	-1.136619202545960383e-01	1.163540269802844085e-01	-6.758943527588864852e-02	7.247490415092883165e-02	-2.079834659666403573e-01	1.716624906028137720e-01	-1.713244848026204414e-01	1.098100007398662148e-01	-1.215182659280372862e-01	2.157790488331691736e-01	-2.701024247541047307e-01	1.628320714334546004e-01	-1.527741176716202465e-01	1.039601856057540685e-01	-8.043639734020837651e-01	9.999999999999986677e-01	-3.470283688382513887e-01	2.194252582456887313e-01	-9.550535968064857717e-02
-6.311060382590966134e-02	4.571573563319532990e-02	-6.306740031159156767e-02	2.712559160498193012e-02	-2.818955592582498768e-02	5.091795466903981104e-02	-5.604885527675528695e-02	5.392475295639127808e-02	-4.260030700162706352e-02	4.407531342713708056e-02	-8.348743286560181276e-02	6.437645318760867874e-02	-6.867039217811782281e-02	5.894337135044562526e-02	-4.415124162598033780e-02	7.136214114361394412e-02	-1.036003668595089217e-01	7.126479041204006326e-02	-5.695962374639685494e-02	3.836911942810281029e-02	-8.420196529937133689e-02	9.783282069334320319e-02	-1.112862047932207943e-01	7.830980301094556117e-02	-8.395618492488358953e-02	1.105721957486613255e-01	-1.105996864998003704e-01	1.638452191922292189e-01	-1.432965244883790956e-01	1.464876805614889199e-01	-1.068220505747108084e-01	1.277751631349375860e-01	-4.445926058360183952e-01	2.854086661934169267e-01	-2.018858389289234223e-01	2.302976480554014826e-01	-3.470283688382513887e-01	9.999999999999987788e-01	-6.997224481790256245e-01	1.766732406923020304e-01
6.179829088909288837e-02	-4.516974468130675879e-02	6.242411865843329466e-02	-2.754303844946717761e-02	2.853656053577762614e-02	-5.026981044627620854e-02	5.506604114719133858e-02	-5.412947856485054998e-02	4.335329809620977470e-02	-4.538759658792705654e-02	8.155253876828183479e-02	-6.382582385814583592e-02	6.803329526609204481e-02	-6.221418630042213627e-02	4.609396014630840616e-02	-7.256093446936241753e-02	1.015228159960785831e-01	-7.183205800888498027e-02	5.942193637614830160e-02	-4.055131600687997273e-02	8.340636426478811871e-02	-1.011292997911693026e-01	1.091216500089292052e-01	-8.795842150595603592e-02	9.074907412619237501e-02	-1.180424249838280815e-01	1.098914306030394222e-01	-1.705704293699317753e-01	1.583810042872578205e-01	-1.822006161120986734e-01	1.080668056115246523e-01	-1.320815207325823359e-01	2.862502107828485132e-01	-4.145411969450691347e-01	2.265506477324385759e-01	-2.507070380628594330e-01	2.194252582456887313e-01	-6.997224481790256245e-01	9.999999999999987788e-01	-3.092079201449247083e-01
