1.000000000000000000e+00	-3.669132287403764070e-01	2.082654060581609345e-01	-1.174651453601646828e-01	1.209409038659343127e-01	-8.492815716248529601e-01	2.168374560624958258e-01	-1.537640663232145988e-01	1.071991033006157307e-01	-9.948427157827570422e-02	1.581437296451025931e-01	-1.121909975174457397e-01	8.860543091449420150e-02	-9.275080912320005089e-02	8.453023587978122921e-02	-1.668155104172054648e-01	1.036420021157030691e-01	-9.274774846610762957e-02	5.513381093010428363e-02	-5.694607069919017245e-02	6.758401390683460574e-02	-7.130678521007577375e-02	6.132895520462256639e-02	-3.490680863064859335e-02	4.355929461007732040e-02	-6.571073105363683942e-02	6.177248923256126872e-02	-5.247358168719694349e-02	4.898689836305111095e-02	-3.611239700845840506e-02	5.790398885459403788e-02	-5.091087541022655538e-02	5.433310472955234227e-02	-4.320459091239516047e-02	3.239871207378772905e-02	-1.072987534064330506e-01	3.216211591985477375e-02	-3.121979801489158449e-02	2.473840721635491013e-02	-2.656231708063979888e-02
-3.669132287403764070e-01	1.000000000000000000e+00	-6.602919645098993540e-01	2.027915808918734908e-01	-1.991089671704859565e-01	2.486180323222355049e-01	-5.063463683996746179e-01	2.617469932967200208e-01	-1.859961019589558562e-01	1.494649471989752954e-01	-1.019347872505080438e-01	1.544362576589744795e-01	-1.316771802428333971e-01	1.329242330757930413e-01	-1.247800032203828097e-01	1.005405048304883753e-01	-1.328044536869839864e-01	1.184486719945437305e-01	-7.783707909684094151e-02	8.027525272290504665e-02	-7.744422878486578732e-02	8.378550294173781054e-02	-7.828873695430957347e-02	4.819749035507812224e-02	-6.047625975546327276e-02	7.734235007626386049e-02	-7.596819709682144095e-02	6.614333908493670589e-02	-6.329156047454508049e-02	4.676908607290945069e-02	-7.093195615708787483e-02	6.256792968909012653e-02	-6.845929390809636639e-02	5.506884230086629695e-02	-4.171145470048027298e-02	1.340673148273616722e-01	-4.037233836276647031e-02	3.916442872540193409e-02	-3.141215678443652626e-02	3.369355909348375339e-02
2.082654060581609345e-01	-6.602919645098993540e-01	9.999999999999996669e-01	-3.685619050017713283e-01	2.373274590395434147e-01	-2.355993572449723017e-01	3.105447014830641783e-01	-4.219313599773282797e-01	2.452697979384839688e-01	-2.027359760768526475e-01	1.010560341255860445e-01	-1.709628761652207674e-01	1.567511719783395152e-01	-1.697691610663393524e-01	1.532300848279073979e-01	-1.057923250278563904e-01	1.423500186732595263e-01	-1.486465263709469964e-01	9.518666853293297758e-02	-1.011894436108027595e-01	8.904317006126251377e-02	-9.811172537980510089e-02	9.499026229973593638e-02	-5.941878935643693516e-02	7.360608614541630512e-02	-9.411908260311582786e-02	9.053141642184427129e-02	-8.144585896542655412e-02	7.726738357997173234e-02	-5.780103859729827931e-02	8.632797217833079739e-02	-7.635235299269424458e-02	8.342544920289947374e-02	-6.815277169883482422e-02	5.127074617522384831e-02	-1.736688823565769868e-01	5.026899944433055323e-02	-4.903559146452333983e-02	3.905571265930753849e-02	-4.218155174670133734e-02
-1.174651453601646828e-01	2.027915808918734908e-01	-3.685619050017713283e-01	9.999999999999995559e-01	-5.900781890771715776e-01	1.207577854505915288e-01	-2.497796779347492002e-01	2.823450196903797837e-01	-5.807502145867748933e-01	2.616259839699622836e-01	-7.646597517316788828e-02	1.502587906677392282e-01	-1.616013265962088774e-01	1.806059284000896825e-01	-1.931426427574131355e-01	7.679889656124370967e-02	-1.348628430911648912e-01	1.421633874714727519e-01	-1.082122391823953367e-01	1.138223774480935230e-01	-8.369713668927702965e-02	9.110205611575820928e-02	-9.327946392686328747e-02	6.527309431305634846e-02	-8.223084854470866234e-02	8.845068448944380657e-02	-8.727187676689457385e-02	7.923347051406499919e-02	-7.816298366719695578e-02	5.850234006296799877e-02	-8.289507636211809749e-02	7.332842395077532327e-02	-8.176349198539632768e-02	6.755282275184792962e-02	-5.159731581024313424e-02	1.656163596657738157e-01	-4.885228472139133138e-02	4.751529285568804190e-02	-3.849128321276768655e-02	4.141762558189800159e-02
1.209409038659343127e-01	-1.991089671704859565e-01	2.373274590395434147e-01	-5.900781890771715776e-01	9.999999999999996669e-01	-1.361204953899625147e-01	2.315615456724828825e-01	-2.904533994942407049e-01	3.045480000266115317e-01	-4.571336487905717783e-01	9.725601546336749836e-02	-2.042016521789842554e-01	1.920890739583499263e-01	-2.387221270729582012e-01	2.497744777010938444e-01	-1.008613187547267448e-01	1.779365231292674154e-01	-2.324366202921471503e-01	1.489317769024661731e-01	-1.707273132584897490e-01	1.238182404774927081e-01	-1.377252406974816545e-01	1.443065612784877882e-01	-9.450988402087517892e-02	1.154078527521034125e-01	-1.428510062827531568e-01	1.348436397800728548e-01	-1.271073786331331223e-01	1.206151398851766504e-01	-9.207986632942606608e-02	1.335013293079208296e-01	-1.178512719745692938e-01	1.290526814741629336e-01	-1.084959823584149274e-01	8.094076051477230860e-02	-2.979982646232070542e-01	8.096836075057815829e-02	-7.959279704799585020e-02	6.289770481683157333e-02	-6.866262198976644249e-02
-8.492815716248529601e-01	2.486180323222355049e-01	-2.355993572449723017e-01	1.207577854505915288e-01	-1.361204953899625147e-01	9.999999999999992228e-01	-2.731339892245487344e-01	1.564706250571147317e-01	-1.162044652281327001e-01	1.035890344666449830e-01	-2.262612389265073465e-01	1.186645123036004501e-01	-9.560780037850129254e-02	9.688389756123856611e-02	-9.146661751679978358e-02	1.703085242377953001e-01	-1.150846360909003746e-01	9.547189408830990265e-02	-5.913408751549826398e-02	6.015058961962774925e-02	-7.274110872167068031e-02	7.522339544950432111e-02	-6.474962424028408992e-02	3.713262143899215273e-02	-4.674593078046657135e-02	6.821920769566292009e-02	-6.557275343247473409e-02	5.478611011802518582e-02	-5.177992351185445319e-02	3.787709793276913123e-02	-6.072927563691129377e-02	5.323656712490363457e-02	-5.720174593446845229e-02	4.513038724270233837e-02	-3.407039728667229234e-02	1.083129997188925775e-01	-3.338613199011515598e-02	3.227427957451016460e-02	-2.576591268773983229e-02	2.752950254288068915e-02
2.168374560624958258e-01	-5.063463683996746179e-01	3.105447014830641783e-01	-2.497796779347492002e-01	2.315615456724828825e-01	-2.731339892245487344e-01	9.999999999999997780e-01	-5.279748516337950948e-01	2.458207167150619488e-01	-2.238175026992784422e-01	1.230606682167801891e-01	-3.164003897766241580e-01	2.080025304035539313e-01	-2.154656627646875378e-01	1.783702561260467889e-01	-1.290574315970881292e-01	2.041141621484015012e-01	-1.897995731396239505e-01	1.144832999772045917e-01	-1.205735420316401685e-01	1.161546843756237901e-01	-1.316617161059013275e-01	1.201969874727433774e-01	-7.174776202811297687e-02	8.853464653483124336e-02	-1.200743749487892392e-01	1.158226464380279069e-01	-1.025277384690193028e-01	9.566002977097053106e-02	-7.125882231234852149e-02	1.089624141961314241e-01	-9.668692584493877862e-02	1.046951379047624253e-01	-8.455756811940544349e-02	6.341273989674300893e-02	-2.131504344312301624e-01	6.246663589491361496e-02	-6.089395803617352748e-02	4.828919607857677654e-02	-5.208216493679655723e-02
-1.537640663232145988e-01	2.617469932967200208e-01	-4.219313599773282797e-01	2.823450196903797837e-01	-2.904533994942407049e-01	1.564706250571147317e-01	-5.279748516337950948e-01	9.999999999999995559e-01	-5.231196050431609068e-01	2.385896716662618544e-01	-9.547113441503807252e-02	2.063640932645751658e-01	-2.670934102973367974e-01	2.228731458733453075e-01	-2.076558889245261053e-01	9.495678709644486681e-02	-1.761620809517323305e-01	1.602944616405768685e-01	-1.210518178111001236e-01	1.224550462571904752e-01	-9.923874147169933768e-02	1.080882280687177621e-01	-1.067761555956383973e-01	7.226619982338200465e-02	-9.136807932459584114e-02	9.969648593802848957e-02	-1.002363794283189641e-01	8.868013440708950867e-02	-8.724691625264108241e-02	6.454502212581970932e-02	-9.289804775783963575e-02	8.232996866454123097e-02	-9.191030225206686666e-02	7.455274579828100046e-02	-5.721275465716422343e-02	1.741051334598941736e-01	-5.353261864321660207e-02	5.182156319307608394e-02	-4.216887045834753767e-02	4.508515595332233256e-02
1.071991033006157307e-01	-1.859961019589558562e-01	2.452697979384839688e-01	-5.807502145867748933e-01	3.045480000266115317e-01	-1.162044652281327001e-01	2.458207167150619488e-01	-5.231196050431609068e-01	9.999999999999993339e-01	-4.082195264953827341e-01	7.663589724844514783e-02	-1.697130375948597281e-01	1.954874827094953693e-01	-2.594114701430240699e-01	2.221202410705100383e-01	-7.792014842754391157e-02	1.431689959981362059e-01	-1.539693942154591044e-01	1.206783409825933628e-01	-1.307391294779138846e-01	8.765779963012466924e-02	-9.672021726938594133e-02	9.895303118954390520e-02	-7.207103518806476372e-02	8.936140379530760347e-02	-9.317995751315347186e-02	9.158883072045266582e-02	-8.393686235191374911e-02	8.255572693990803623e-02	-6.219169088660703865e-02	8.687407217127560144e-02	-7.717908512178293934e-02	8.604908998530277908e-02	-7.142677489612277164e-02	5.456599777536316059e-02	-1.739910971724824285e-01	5.130235040257821733e-02	-4.996535575895158510e-02	4.047965026103225034e-02	-4.361135885668077777e-02
-9.948427157827570422e-02	1.494649471989752954e-01	-2.027359760768526475e-01	2.616259839699622836e-01	-4.571336487905717783e-01	1.035890344666449830e-01	-2.238175026992784422e-01	2.385896716662618544e-01	-4.082195264953827341e-01	9.999999999999982236e-01	-8.140854847626777246e-02	1.710093696919423312e-01	-2.042178136036000291e-01	2.366428637483450337e-01	-6.126270737605745698e-01	8.076819299501751537e-02	-1.590263100288219489e-01	1.750386563195638623e-01	-2.065347158850314724e-01	2.160471719104156973e-01	-9.963379480832626478e-02	1.076204795699319539e-01	-1.184074105386502818e-01	1.137687488689607257e-01	-1.498340640718192063e-01	1.047474696813745221e-01	-1.065579450163890579e-01	9.939181759701207208e-02	-1.078743848276659811e-01	8.175624473097532763e-02	-9.967907206197587633e-02	8.913196217335990490e-02	-1.032090469483678830e-01	8.860950367135220218e-02	-7.052783245181651339e-02	1.917892071716852942e-01	-5.998048197555971850e-02	5.803046464643046159e-02	-4.914720003313258895e-02	5.243483031578217296e-02
1.581437296451025931e-01	-1.019347872505080438e-01	1.010560341255860445e-01	-7.646597517316788828e-02	9.725601546336749836e-02	-2.262612389265073465e-01	1.230606682167801891e-01	-9.547113441503807252e-02	7.663589724844514783e-02	-8.140854847626777246e-02	1.000000000000001332e+00	-1.478737736835880612e-01	9.163634419903504691e-02	-9.438198108834633393e-02	7.931827045232850426e-02	-9.089141024645480682e-01	1.689314690417243192e-01	-1.172875394861652570e-01	5.650653307155870803e-02	-5.667981756049685071e-02	1.267547532001030153e-01	-1.260309747246610157e-01	7.925409813815199878e-02	-3.700352874317069246e-02	4.596061067654858695e-02	-1.070981021818427636e-01	9.016820889842060149e-02	-6.878137073045322014e-02	6.009343271567819944e-02	-4.367062540484645261e-02	8.271353664543097672e-02	-7.244166816976647938e-02	7.150267757050754458e-02	-5.413605064410903500e-02	3.985695635203574672e-02	-1.322346527725360155e-01	4.133887556801035118e-02	-4.000352302820150280e-02	3.079299246715539243e-02	-3.290170782907382574e-02
-1.121909975174457397e-01	1.544362576589744795e-01	-1.709628761652207674e-01	1.502587906677392282e-01	-2.042016521789842554e-01	1.186645123036004501e-01	-3.164003897766241580e-01	2.063640932645751658e-01	-1.697130375948597281e-01	1.710093696919423312e-01	-1.478737736835880612e-01	9.999999999999992228e-01	-4.528239156248302089e-01	2.586861621022812918e-01	-1.935834856721830588e-01	1.437212471913105194e-01	-6.529489731716683343e-01	2.172040525781573361e-01	-1.306638641300321979e-01	1.242821316782513341e-01	-1.840673639084661750e-01	2.046152102992537525e-01	-1.519104057316933987e-01	7.909712515146527512e-02	-9.973242362034005770e-02	1.478660390781810774e-01	-1.593306087486733857e-01	1.203637666266498818e-01	-1.109541148607867261e-01	7.922143392478904478e-02	-1.346773866099036931e-01	1.184689836868651203e-01	-1.264595040313075125e-01	9.462899662761078967e-02	-7.199711875557067431e-02	2.017840062726173056e-01	-6.911578775024103394e-02	6.609932903234186363e-02	-5.285172594356186970e-02	5.568789875894221419e-02
8.860543091449420150e-02	-1.316771802428333971e-01	1.567511719783395152e-01	-1.616013265962088774e-01	1.920890739583499263e-01	-9.560780037850129254e-02	2.080025304035539313e-01	-2.670934102973367974e-01	1.954874827094953693e-01	-2.042178136036000291e-01	9.163634419903504691e-02	-4.528239156248302089e-01	9.999999999999987788e-01	-7.151095507184960232e-01	2.199097606083107725e-01	-9.362410880730046014e-02	2.393400407214364978e-01	-2.280833626933383151e-01	1.489655025042863901e-01	-1.504041334983609313e-01	1.171634704165366581e-01	-1.357571308125616327e-01	1.333185519715673339e-01	-8.755884655646707648e-02	1.027244032265908630e-01	-1.152056141380479182e-01	1.168322515321726790e-01	-1.053889043966885070e-01	9.912275013676521973e-02	-7.332700311227638434e-02	1.053771039635507806e-01	-9.501391125874351917e-02	1.066377711422123592e-01	-8.483989210157744099e-02	6.477995260086322205e-02	-1.881318726479216941e-01	5.996394722580210279e-02	-5.806745788710868106e-02	4.702361675012481368e-02	-5.019792091260964761e-02
-9.275080912320005089e-02	1.329242330757930413e-01	-1.697691610663393524e-01	1.806059284000896825e-01	-2.387221270729582012e-01	9.688389756123856611e-02	-2.154656627646875378e-01	2.228731458733453075e-01	-2.594114701430240699e-01	2.366428637483450337e-01	-9.438198108834633393e-02	2.586861621022812918e-01	-7.151095507184960232e-01	9.999999999999995559e-01	-3.668824768897562816e-01	9.210405115056048697e-02	-2.381794878518739556e-01	1.951574262017468919e-01	-2.218084303354487530e-01	1.913769978438824848e-01	-1.190936876113913856e-01	1.283419412297272522e-01	-1.333850352406752982e-01	1.109381220818439345e-01	-1.346481533531723451e-01	1.129827092895031027e-01	-1.190571251762836263e-01	1.051895958929418146e-01	-1.077199805002897748e-01	7.979170649644075353e-02	-1.066665317387267276e-01	9.521897675279283879e-02	-1.094397404853830191e-01	8.874758179260500146e-02	-6.982944340061897348e-02	1.833261057397121696e-01	-6.087203709239139005e-02	5.851743112865909202e-02	-4.888501622715543671e-02	5.176903257299618477e-02
8.453023587978122921e-02	-1.247800032203828097e-01	1.532300848279073979e-01	-1.931426427574131355e-01	2.497744777010938444e-01	-9.146661751679978358e-02	1.783702561260467889e-01	-2.076558889245261053e-01	2.221202410705100383e-01	-6.126270737605745698e-01	7.931827045232850426e-02	-1.935834856721830588e-01	2.199097606083107725e-01	-3.668824768897562816e-01	9.999999999999980016e-01	-8.066289151891242737e-02	1.648375795454030956e-01	-2.112316240451695970e-01	2.450024092847123136e-01	-4.414663693173575543e-01	1.067874549821265923e-01	-1.189234876871235747e-01	1.313164027760919395e-01	-1.419494010792541339e-01	1.661002977271726355e-01	-1.181041111134339960e-01	1.163306813752591623e-01	-1.128182493807759618e-01	1.182277208066871282e-01	-9.345118568316211627e-02	1.108888538484144870e-01	-9.986021563755391461e-02	1.140915680913063557e-01	-1.007162914914140478e-01	7.860798079169913077e-02	-2.271216754096565538e-01	6.768980164774596187e-02	-6.616194752502289889e-02	5.523852450723907431e-02	-5.976696307326639923e-02
-1.668155104172054648e-01	1.005405048304883753e-01	-1.057923250278563904e-01	7.679889656124370967e-02	-1.008613187547267448e-01	1.703085242377953001e-01	-1.290574315970881292e-01	9.495678709644486681e-02	-7.792014842754391157e-02	8.076819299501751537e-02	-9.089141024645480682e-01	1.437212471913105194e-01	-9.362410880730046014e-02	9.210405115056048697e-02	-8.066289151891242737e-02	9.999999999999972244e-01	-2.141917349114582370e-01	1.133444048314075914e-01	-5.696586700018527877e-02	5.633731468889121435e-02	-1.524688849772276034e-01	1.305657104611393227e-01	-8.052929132837198523e-02	3.704004446798530442e-02	-4.641903580541530822e-02	1.064734239392299692e-01	-9.424038938574913482e-02	6.848240364971266980e-02	-6.047199787098318791e-02	4.337318308862565808e-02	-8.460726078569608122e-02	7.291110286802758578e-02	-7.240271690692674789e-02	5.365204648649041230e-02	-3.982978760550653224e-02	1.242086426972677099e-01	-4.084126344461321001e-02	3.920932166239649019e-02	-3.041828019526690574e-02	3.223854503175845737e-02
1.036420021157030691e-01	-1.328044536869839864e-01	1.423500186732595263e-01	-1.348628430911648912e-01	1.779365231292674154e-01	-1.150846360909003746e-01	2.041141621484015012e-01	-1.761620809517323305e-01	1.431689959981362059e-01	-1.590263100288219489e-01	1.689314690417243192e-01	-6.529489731716683343e-01	2.393400407214364978e-01	-2.381794878518739556e-01	1.648375795454030956e-01	-2.141917349114582370e-01	9.999999999999985567e-01	-3.134124192557400379e-01	1.211122623504867352e-01	-1.200010998287453085e-01	2.266817603187875341e-01	-3.889783414349685664e-01	1.811255988564474950e-01	-7.812991498698530768e-02	9.571246139173503198e-02	-1.988075181821280513e-01	1.934043549617771585e-01	-1.490867014184522610e-01	1.246144652331151598e-01	-8.999800151756545685e-02	1.629533891049975702e-01	-1.499421145416816314e-01	1.494065208613132578e-01	-1.113631070478828533e-01	8.198355494633015328e-02	-2.567641272434546540e-01	8.312447094344080356e-02	-8.059840756952177387e-02	6.192009455310516081e-02	-6.601745095808640718e-02
-9.274774846610762957e-02	1.184486719945437305e-01	-1.486465263709469964e-01	1.421633874714727519e-01	-2.324366202921471503e-01	9.547189408830990265e-02	-1.897995731396239505e-01	1.602944616405768685e-01	-1.539693942154591044e-01	1.750386563195638623e-01	-1.172875394861652570e-01	2.172040525781573361e-01	-2.280833626933383151e-01	1.951574262017468919e-01	-2.112316240451695970e-01	1.133444048314075914e-01	-3.134124192557400379e-01	9.999999999999987788e-01	-1.981743325797977739e-01	1.632939754918637243e-01	-1.883934578362924106e-01	2.001126797298549420e-01	-6.279882031215313631e-01	1.208741246232755279e-01	-1.521030472837126279e-01	1.853683222775978634e-01	-2.366474139194825466e-01	2.784562090747235152e-01	-2.354353777345180587e-01	1.481216425963247374e-01	-1.900527532356882099e-01	1.868337474901766992e-01	-2.808320853617679580e-01	1.805418226969400242e-01	-1.414793647903451745e-01	2.642364925792206609e-01	-1.213379704291156075e-01	1.135469696628098324e-01	-9.500224513490129752e-02	9.655212013427809381e-02
5.513381093010428363e-02	-7.783707909684094151e-02	9.518666853293297758e-02	-1.082122391823953367e-01	1.489317769024661731e-01	-5.913408751549826398e-02	1.144832999772045917e-01	-1.210518178111001236e-01	1.206783409825933628e-01	-2.065347158850314724e-01	5.650653307155870803e-02	-1.306638641300321979e-01	1.489655025042863901e-01	-2.218084303354487530e-01	2.450024092847123136e-01	-5.696586700018527877e-02	1.211122623504867352e-01	-1.981743325797977739e-01	1.000000000000000444e+00	-7.080733765004831870e-01	8.153523733530371187e-02	-8.977963936689779822e-02	1.191896920186549524e-01	-4.572933526189908449e-01	2.878844390732903658e-01	-9.037258155061531073e-02	9.372984982022675160e-02	-1.002098401746741446e-01	1.274275041742418402e-01	-1.088830266716193235e-01	8.684103915023752562e-02	-8.088406583004828510e-02	1.000324039803893728e-01	-1.001733431496864002e-01	8.352801207497438651e-02	-1.677023559912905193e-01	5.584380827141674497e-02	-5.440771438521663228e-02	4.986867298061667397e-02	-5.371953313379188716e-02
-5.694607069919017245e-02	8.027525272290504665e-02	-1.011894436108027595e-01	1.138223774480935230e-01	-1.707273132584897490e-01	6.015058961962774925e-02	-1.205735420316401685e-01	1.224550462571904752e-01	-1.307391294779138846e-01	2.160471719104156973e-01	-5.667981756049685071e-02	1.242821316782513341e-01	-1.504041334983609313e-01	1.913769978438824848e-01	-4.414663693173575543e-01	5.633731468889121435e-02	-1.200010998287453085e-01	1.632939754918637243e-01	-7.080733765004831870e-01	9.999999999999981126e-01	-7.933499998199607106e-02	8.585904734428247143e-02	-1.125731315593204024e-01	2.554730092120483520e-01	-3.486410922566209325e-01	8.546955397214764383e-02	-9.080946264246252120e-02	9.418235163026214551e-02	-1.296956979102031060e-01	1.060737455188688200e-01	-8.301766800632855159e-02	7.707618447023650843e-02	-9.691739302949844981e-02	9.575796631047771290e-02	-8.463833806907641866e-02	1.534632137654540207e-01	-5.339795824394538010e-02	5.155339843557882329e-02	-4.861804547031807477e-02	5.149475584632817043e-02
6.758401390683460574e-02	-7.744422878486578732e-02	8.904317006126251377e-02	-8.369713668927702965e-02	1.238182404774927081e-01	-7.274110872167068031e-02	1.161546843756237901e-01	-9.923874147169933768e-02	8.765779963012466924e-02	-9.963379480832626478e-02	1.267547532001030153e-01	-1.840673639084661750e-01	1.171634704165366581e-01	-1.190936876113913856e-01	1.067874549821265923e-01	-1.524688849772276034e-01	2.266817603187875341e-01	-1.883934578362924106e-01	8.153523733530371187e-02	-7.933499998199607106e-02	9.999999999999966693e-01	-6.817441820087850601e-01	1.542006252906835684e-01	-5.655805192901073447e-02	7.056600837112030067e-02	-5.288655316906799575e-01	2.611720740746542035e-01	-1.471921863452742563e-01	1.140678298838014582e-01	-8.163892177649278992e-02	2.392063479438048534e-01	-2.026788660470305314e-01	1.568615370415887555e-01	-1.076651864150171140e-01	7.658443937367645504e-02	-2.534202987052942002e-01	8.674615801987299590e-02	-8.334459928707724230e-02	5.967992482877593902e-02	-6.304429957498763892e-02
-7.130678521007577375e-02	8.378550294173781054e-02	-9.811172537980510089e-02	9.110205611575820928e-02	-1.377252406974816545e-01	7.522339544950432111e-02	-1.316617161059013275e-01	1.080882280687177621e-01	-9.672021726938594133e-02	1.076204795699319539e-01	-1.260309747246610157e-01	2.046152102992537525e-01	-1.357571308125616327e-01	1.283419412297272522e-01	-1.189234876871235747e-01	1.305657104611393227e-01	-3.889783414349685664e-01	2.001126797298549420e-01	-8.977963936689779822e-02	8.585904734428247143e-02	-6.817441820087850601e-01	1.000000000000001776e+00	-1.887419897679992742e-01	6.138590669231946267e-02	-7.728300048701176872e-02	2.844434340238332637e-01	-3.944613284091523786e-01	1.610036710793837089e-01	-1.242538219293317786e-01	8.636263307786389010e-02	-2.360069710490228234e-01	2.081116208656555999e-01	-1.743116994217098759e-01	1.126763270066978989e-01	-8.183423586001339900e-02	2.269399159980743652e-01	-8.941646468286595928e-02	8.429283440751156320e-02	-6.184396589068212602e-02	6.436232445532866220e-02
6.132895520462256639e-02	-7.828873695430957347e-02	9.499026229973593638e-02	-9.327946392686328747e-02	1.443065612784877882e-01	-6.474962424028408992e-02	1.201969874727433774e-01	-1.067761555956383973e-01	9.895303118954390520e-02	-1.184074105386502818e-01	7.925409813815199878e-02	-1.519104057316933987e-01	1.333185519715673339e-01	-1.333850352406752982e-01	1.313164027760919395e-01	-8.052929132837198523e-02	1.811255988564474950e-01	-6.279882031215313631e-01	1.191896920186549524e-01	-1.125731315593204024e-01	1.542006252906835684e-01	-1.887419897679992742e-01	9.999999999999972244e-01	-8.867378737026057611e-02	1.047337409595427427e-01	-1.772607010217579215e-01	2.069485268099639785e-01	-5.743209974344785085e-01	2.048742888201769696e-01	-1.444156120576784719e-01	1.700214327354002408e-01	-1.892934303794411299e-01	2.652398286424117457e-01	-1.873328211934234822e-01	1.277277608971194023e-01	-2.726070907946163135e-01	1.121025463721006810e-01	-1.132800548792018691e-01	8.670597481003419760e-02	-9.272092259788283775e-02
-3.490680863064859335e-02	4.819749035507812224e-02	-5.941878935643693516e-02	6.527309431305634846e-02	-9.450988402087517892e-02	3.713262143899215273e-02	-7.174776202811297687e-02	7.226619982338200465e-02	-7.207103518806476372e-02	1.137687488689607257e-01	-3.700352874317069246e-02	7.909712515146527512e-02	-8.755884655646707648e-02	1.109381220818439345e-01	-1.419494010792541339e-01	3.704004446798530442e-02	-7.812991498698530768e-02	1.208741246232755279e-01	-4.572933526189908449e-01	2.554730092120483520e-01	-5.655805192901073447e-02	6.138590669231946267e-02	-8.867378737026057611e-02	1.000000000000000000e+00	-8.095170337618695644e-01	6.358225569930742171e-02	-6.940879454891933642e-02	8.201362745809515076e-02	-1.591889045645631662e-01	1.369030292670716797e-01	-6.288663190000733094e-02	6.090886178995130046e-02	-8.227983592821851155e-02	1.009905155271522831e-01	-9.859485313727464617e-02	1.143149519355935312e-01	-4.367191452455933959e-02	4.237420056189830642e-02	-4.512139360130350968e-02	4.795659585556899529e-02
4.355929461007732040e-02	-6.047625975546327276e-02	7.360608614541630512e-02	-8.223084854470866234e-02	1.154078527521034125e-01	-4.674593078046657135e-02	8.853464653483124336e-02	-9.136807932459584114e-02	8.936140379530760347e-02	-1.498340640718192063e-01	4.596061067654858695e-02	-9.973242362034005770e-02	1.027244032265908630e-01	-1.346481533531723451e-01	1.661002977271726355e-01	-4.641903580541530822e-02	9.571246139173503198e-02	-1.521030472837126279e-01	2.878844390732903658e-01	-3.486410922566209325e-01	7.056600837112030067e-02	-7.728300048701176872e-02	1.047337409595427427e-01	-8.095170337618695644e-01	9.999999999999988898e-01	-8.110449284806112158e-02	8.588714800459416876e-02	-9.992578890141676218e-02	1.674983852496838566e-01	-1.972733886926967828e-01	7.939606686646591416e-02	-7.642271567325666093e-02	1.001984549911828226e-01	-1.274926218666589950e-01	1.193830334597184989e-01	-1.516672523237058146e-01	5.490102424066751335e-02	-5.369578273613730135e-02	5.615020328121379106e-02	-6.098454798567060076e-02
-6.571073105363683942e-02	7.734235007626386049e-02	-9.411908260311582786e-02	8.845068448944380657e-02	-1.428510062827531568e-01	6.821920769566292009e-02	-1.200743749487892392e-01	9.969648593802848957e-02	-9.317995751315347186e-02	1.047474696813745221e-01	-1.070981021818427636e-01	1.478660390781810774e-01	-1.152056141380479182e-01	1.129827092895031027e-01	-1.181041111134339960e-01	1.064734239392299692e-01	-1.988075181821280513e-01	1.853683222775978634e-01	-9.037258155061531073e-02	8.546955397214764383e-02	-5.288655316906799575e-01	2.844434340238332637e-01	-1.772607010217579215e-01	6.358225569930742171e-02	-8.110449284806112158e-02	9.999999999999950040e-01	-4.099146938205454616e-01	1.725792413274699622e-01	-1.405473535396953022e-01	9.621348846002653055e-02	-5.710757865923817844e-01	2.722526351256532862e-01	-2.109279746122662558e-01	1.281796663732179542e-01	-9.353574972009175148e-02	2.722523623323594988e-01	-1.100350983581120795e-01	1.009530734134338192e-01	-7.246843488084030172e-02	7.418649450261403933e-02
6.177248923256126872e-02	-7.596819709682144095e-02	9.053141642184427129e-02	-8.727187676689457385e-02	1.348436397800728548e-01	-6.557275343247473409e-02	1.158226464380279069e-01	-1.002363794283189641e-01	9.158883072045266582e-02	-1.065579450163890579e-01	9.016820889842060149e-02	-1.593306087486733857e-01	1.168322515321726790e-01	-1.190571251762836263e-01	1.163306813752591623e-01	-9.424038938574913482e-02	1.934043549617771585e-01	-2.366474139194825466e-01	9.372984982022675160e-02	-9.080946264246252120e-02	2.611720740746542035e-01	-3.944613284091523786e-01	2.069485268099639785e-01	-6.940879454891933642e-02	8.588714800459416876e-02	-4.099146938205454616e-01	9.999999999999973355e-01	-2.863749524959366966e-01	1.657439605325582155e-01	-1.208790435086714715e-01	3.038694610922068051e-01	-6.011891170371570503e-01	2.681895484499184357e-01	-1.708266855258399608e-01	1.134061524039558788e-01	-3.173947380116933781e-01	1.346502492918847382e-01	-1.331640326619770442e-01	8.645493894624088627e-02	-9.204088793338061070e-02
-5.247358168719694349e-02	6.614333908493670589e-02	-8.144585896542655412e-02	7.923347051406499919e-02	-1.271073786331331223e-01	5.478611011802518582e-02	-1.025277384690193028e-01	8.868013440708950867e-02	-8.393686235191374911e-02	9.939181759701207208e-02	-6.878137073045322014e-02	1.203637666266498818e-01	-1.053889043966885070e-01	1.051895958929418146e-01	-1.128182493807759618e-01	6.848240364971266980e-02	-1.490867014184522610e-01	2.784562090747235152e-01	-1.002098401746741446e-01	9.418235163026214551e-02	-1.471921863452742563e-01	1.610036710793837089e-01	-5.743209974344785085e-01	8.201362745809515076e-02	-9.992578890141676218e-02	1.725792413274699622e-01	-2.863749524959366966e-01	9.999999999999976685e-01	-3.210659493789668195e-01	1.707836804134789388e-01	-1.887451950002486112e-01	2.301728119334113254e-01	-5.613799641459592538e-01	2.243418588375999945e-01	-1.606558307683983167e-01	2.296743449108952784e-01	-1.329797756572480283e-01	1.289891693289093311e-01	-9.652440213464999474e-02	9.847392759396689232e-02
4.898689836305111095e-02	-6.329156047454508049e-02	7.726738357997173234e-02	-7.816298366719695578e-02	1.206151398851766504e-01	-5.177992351185445319e-02	9.566002977097053106e-02	-8.724691625264108241e-02	8.255572693990803623e-02	-1.078743848276659811e-01	6.009343271567819944e-02	-1.109541148607867261e-01	9.912275013676521973e-02	-1.077199805002897748e-01	1.182277208066871282e-01	-6.047199787098318791e-02	1.246144652331151598e-01	-2.354353777345180587e-01	1.274275041742418402e-01	-1.296956979102031060e-01	1.140678298838014582e-01	-1.242538219293317786e-01	2.048742888201769696e-01	-1.591889045645631662e-01	1.674983852496838566e-01	-1.405473535396953022e-01	1.657439605325582155e-01	-3.210659493789668195e-01	9.999999999999993339e-01	-6.094481393687454229e-01	1.442455032980978213e-01	-1.597963134916745576e-01	2.465038454196791240e-01	-5.051988247364563867e-01	3.104470149316848060e-01	-2.392753665652301853e-01	1.128919602851132103e-01	-1.131714933056011674e-01	1.320777260988746371e-01	-1.483424614922917439e-01
-3.611239700845840506e-02	4.676908607290945069e-02	-5.780103859729827931e-02	5.850234006296799877e-02	-9.207986632942606608e-02	3.787709793276913123e-02	-7.125882231234852149e-02	6.454502212581970932e-02	-6.219169088660703865e-02	8.175624473097532763e-02	-4.367062540484645261e-02	7.922143392478904478e-02	-7.332700311227638434e-02	7.979170649644075353e-02	-9.345118568316211627e-02	4.337318308862565808e-02	-8.999800151756545685e-02	1.481216425963247374e-01	-1.088830266716193235e-01	1.060737455188688200e-01	-8.163892177649278992e-02	8.636263307786389010e-02	-1.444156120576784719e-01	1.369030292670716797e-01	-1.972733886926967828e-01	9.621348846002653055e-02	-1.208790435086714715e-01	1.707836804134789388e-01	-6.094481393687454229e-01	9.999999999999963363e-01	-1.031741455906655669e-01	1.107764364472785118e-01	-1.865825019878741275e-01	3.119345572675853440e-01	-6.407109029297926028e-01	1.553447494641027882e-01	-8.922574327769056124e-02	8.524040220273415569e-02	-1.305319625128185945e-01	1.330635385220874101e-01
5.790398885459403788e-02	-7.093195615708787483e-02	8.632797217833079739e-02	-8.289507636211809749e-02	1.335013293079208296e-01	-6.072927563691129377e-02	1.089624141961314241e-01	-9.289804775783963575e-02	8.687407217127560144e-02	-9.967907206197587633e-02	8.271353664543097672e-02	-1.346773866099036931e-01	1.053771039635507806e-01	-1.066665317387267276e-01	1.108888538484144870e-01	-8.460726078569608122e-02	1.629533891049975702e-01	-1.900527532356882099e-01	8.684103915023752562e-02	-8.301766800632855159e-02	2.392063479438048534e-01	-2.360069710490228234e-01	1.700214327354002408e-01	-6.288663190000733094e-02	7.939606686646591416e-02	-5.710757865923817844e-01	3.038694610922068051e-01	-1.887451950002486112e-01	1.442455032980978213e-01	-1.031741455906655669e-01	9.999999999999973355e-01	-5.111427249065455536e-01	2.297032964396069910e-01	-1.447951672586559324e-01	9.956073905413252711e-02	-4.670917430187594421e-01	1.317918338913134646e-01	-1.253507027341258795e-01	8.050500375128524788e-02	-8.421928465690990684e-02
-5.091087541022655538e-02	6.256792968909012653e-02	-7.635235299269424458e-02	7.332842395077532327e-02	-1.178512719745692938e-01	5.323656712490363457e-02	-9.668692584493877862e-02	8.232996866454123097e-02	-7.717908512178293934e-02	8.913196217335990490e-02	-7.244166816976647938e-02	1.184689836868651203e-01	-9.501391125874351917e-02	9.521897675279283879e-02	-9.986021563755391461e-02	7.291110286802758578e-02	-1.499421145416816314e-01	1.868337474901766992e-01	-8.088406583004828510e-02	7.707618447023650843e-02	-2.026788660470305314e-01	2.081116208656555999e-01	-1.892934303794411299e-01	6.090886178995130046e-02	-7.642271567325666093e-02	2.722526351256532862e-01	-6.011891170371570503e-01	2.301728119334113254e-01	-1.597963134916745576e-01	1.107764364472785118e-01	-5.111427249065455536e-01	9.999999999999962252e-01	-4.335152004778015655e-01	1.644789292512142120e-01	-1.126914219013149115e-01	2.660759899890410840e-01	-1.658853953497632649e-01	1.438406393312426368e-01	-8.574550322614331310e-02	8.776140737315724083e-02
5.433310472955234227e-02	-6.845929390809636639e-02	8.342544920289947374e-02	-8.176349198539632768e-02	1.290526814741629336e-01	-5.720174593446845229e-02	1.046951379047624253e-01	-9.191030225206686666e-02	8.604908998530277908e-02	-1.032090469483678830e-01	7.150267757050754458e-02	-1.264595040313075125e-01	1.066377711422123592e-01	-1.094397404853830191e-01	1.140915680913063557e-01	-7.240271690692674789e-02	1.494065208613132578e-01	-2.808320853617679580e-01	1.000324039803893728e-01	-9.691739302949844981e-02	1.568615370415887555e-01	-1.743116994217098759e-01	2.652398286424117457e-01	-8.227983592821851155e-02	1.001984549911828226e-01	-2.109279746122662558e-01	2.681895484499184357e-01	-5.613799641459592538e-01	2.465038454196791240e-01	-1.865825019878741275e-01	2.297032964396069910e-01	-4.335152004778015655e-01	9.999999999999965583e-01	-3.716225627038802770e-01	1.872854689312314913e-01	-3.023691874495382237e-01	1.807466979268199103e-01	-2.166686929800558659e-01	1.212655442210655021e-01	-1.269676831182473542e-01
-4.320459091239516047e-02	5.506884230086629695e-02	-6.815277169883482422e-02	6.755282275184792962e-02	-1.084959823584149274e-01	4.513038724270233837e-02	-8.455756811940544349e-02	7.455274579828100046e-02	-7.142677489612277164e-02	8.860950367135220218e-02	-5.413605064410903500e-02	9.462899662761078967e-02	-8.483989210157744099e-02	8.874758179260500146e-02	-1.007162914914140478e-01	5.365204648649041230e-02	-1.113631070478828533e-01	1.805418226969400242e-01	-1.001733431496864002e-01	9.575796631047771290e-02	-1.076651864150171140e-01	1.126763270066978989e-01	-1.873328211934234822e-01	1.009905155271522831e-01	-1.274926218666589950e-01	1.281796663732179542e-01	-1.708266855258399608e-01	2.243418588375999945e-01	-5.051988247364563867e-01	3.119345572675853440e-01	-1.447951672586559324e-01	1.644789292512142120e-01	-3.716225627038802770e-01	9.999999999999962252e-01	-6.191824925707191118e-01	1.941820476041440091e-01	-1.266344635309704092e-01	1.215474659196688345e-01	-1.826696662966712792e-01	1.679127804786494926e-01
3.239871207378772905e-02	-4.171145470048027298e-02	5.127074617522384831e-02	-5.159731581024313424e-02	8.094076051477230860e-02	-3.407039728667229234e-02	6.341273989674300893e-02	-5.721275465716422343e-02	5.456599777536316059e-02	-7.052783245181651339e-02	3.985695635203574672e-02	-7.199711875557067431e-02	6.477995260086322205e-02	-6.982944340061897348e-02	7.860798079169913077e-02	-3.982978760550653224e-02	8.198355494633015328e-02	-1.414793647903451745e-01	8.352801207497438651e-02	-8.463833806907641866e-02	7.658443937367645504e-02	-8.183423586001339900e-02	1.277277608971194023e-01	-9.859485313727464617e-02	1.193830334597184989e-01	-9.353574972009175148e-02	1.134061524039558788e-01	-1.606558307683983167e-01	3.104470149316848060e-01	-6.407109029297926028e-01	9.956073905413252711e-02	-1.126914219013149115e-01	1.872854689312314913e-01	-6.191824925707191118e-01	9.999999999999957812e-01	-1.552966332277764261e-01	9.277230320424673105e-02	-9.187071694751061668e-02	1.576983198209777060e-01	-1.989440023598039731e-01
-1.072987534064330506e-01	1.340673148273616722e-01	-1.736688823565769868e-01	1.656163596657738157e-01	-2.979982646232070542e-01	1.083129997188925775e-01	-2.131504344312301624e-01	1.741051334598941736e-01	-1.739910971724824285e-01	1.917892071716852942e-01	-1.322346527725360155e-01	2.017840062726173056e-01	-1.881318726479216941e-01	1.833261057397121696e-01	-2.271216754096565538e-01	1.242086426972677099e-01	-2.567641272434546540e-01	2.642364925792206609e-01	-1.677023559912905193e-01	1.534632137654540207e-01	-2.534202987052942002e-01	2.269399159980743652e-01	-2.726070907946163135e-01	1.143149519355935312e-01	-1.516672523237058146e-01	2.722523623323594988e-01	-3.173947380116933781e-01	2.296743449108952784e-01	-2.392753665652301853e-01	1.553447494641027882e-01	-4.670917430187594421e-01	2.660759899890410840e-01	-3.023691874495382237e-01	1.941820476041440091e-01	-1.552966332277764261e-01	9.999999999999966693e-01	-2.400177597458166556e-01	1.825569942280960700e-01	-1.356529928045019928e-01	1.306043509329390673e-01
3.216211591985477375e-02	-4.037233836276647031e-02	5.026899944433055323e-02	-4.885228472139133138e-02	8.096836075057815829e-02	-3.338613199011515598e-02	6.246663589491361496e-02	-5.353261864321660207e-02	5.130235040257821733e-02	-5.998048197555971850e-02	4.133887556801035118e-02	-6.911578775024103394e-02	5.996394722580210279e-02	-6.087203709239139005e-02	6.768980164774596187e-02	-4.084126344461321001e-02	8.312447094344080356e-02	-1.213379704291156075e-01	5.584380827141674497e-02	-5.339795824394538010e-02	8.674615801987299590e-02	-8.941646468286595928e-02	1.121025463721006810e-01	-4.367191452455933959e-02	5.490102424066751335e-02	-1.100350983581120795e-01	1.346502492918847382e-01	-1.329797756572480283e-01	1.128919602851132103e-01	-8.922574327769056124e-02	1.317918338913134646e-01	-1.658853953497632649e-01	1.807466979268199103e-01	-1.266344635309704092e-01	9.277230320424673105e-02	-2.400177597458166556e-01	9.999999999999964473e-01	-8.908548134697624743e-01	1.822418341295557465e-01	-2.035636683136229086e-01
-3.121979801489158449e-02	3.916442872540193409e-02	-4.903559146452333983e-02	4.751529285568804190e-02	-7.959279704799585020e-02	3.227427957451016460e-02	-6.089395803617352748e-02	5.182156319307608394e-02	-4.996535575895158510e-02	5.803046464643046159e-02	-4.000352302820150280e-02	6.609932903234186363e-02	-5.806745788710868106e-02	5.851743112865909202e-02	-6.616194752502289889e-02	3.920932166239649019e-02	-8.059840756952177387e-02	1.135469696628098324e-01	-5.440771438521663228e-02	5.155339843557882329e-02	-8.334459928707724230e-02	8.429283440751156320e-02	-1.132800548792018691e-01	4.237420056189830642e-02	-5.369578273613730135e-02	1.009530734134338192e-01	-1.331640326619770442e-01	1.289891693289093311e-01	-1.131714933056011674e-01	8.524040220273415569e-02	-1.253507027341258795e-01	1.438406393312426368e-01	-2.166686929800558659e-01	1.215474659196688345e-01	-9.187071694751061668e-02	1.825569942280960700e-01	-8.908548134697624743e-01	9.999999999999964473e-01	-2.401258506791821012e-01	1.839460359388121746e-01
2.473840721635491013e-02	-3.141215678443652626e-02	3.905571265930753849e-02	-3.849128321276768655e-02	6.289770481683157333e-02	-2.576591268773983229e-02	4.828919607857677654e-02	-4.216887045834753767e-02	4.047965026103225034e-02	-4.914720003313258895e-02	3.079299246715539243e-02	-5.285172594356186970e-02	4.702361675012481368e-02	-4.888501622715543671e-02	5.523852450723907431e-02	-3.041828019526690574e-02	6.192009455310516081e-02	-9.500224513490129752e-02	4.986867298061667397e-02	-4.861804547031807477e-02	5.967992482877593902e-02	-6.184396589068212602e-02	8.670597481003419760e-02	-4.512139360130350968e-02	5.615020328121379106e-02	-7.246843488084030172e-02	8.645493894624088627e-02	-9.652440213464999474e-02	1.320777260988746371e-01	-1.305319625128185945e-01	8.050500375128524788e-02	-8.574550322614331310e-02	1.212655442210655021e-01	-1.826696662966712792e-01	1.576983198209777060e-01	-1.356529928045019928e-01	1.822418341295557465e-01	-2.401258506791821012e-01	9.999999999999966693e-01	-9.096391307753914912e-01
