1.000000000000000000e+00	-1.607720083980389292e-01	1.642556974749101728e-01	-1.213035642819196014e-01	1.566500274698566786e-01	-3.765492939437235509e-01	1.497629485039667918e-01	-1.933065325860416350e-01	1.679937340643333776e-01	-1.846846188694046265e-01	2.503478486321812357e-01	-2.613732848994073654e-01	2.439610017319043533e-01	-3.118139967603873464e-01	1.934543844014652292e-01	-2.906963490323997146e-01	2.331060915309356996e-01	-2.382166100200925896e-01	2.359026480243229806e-01	-3.004311502455193628e-01	1.844632869668217656e-01	-1.965032350671483130e-01	2.554901644572298292e-01	-3.354983601348113798e-01	2.664949534186761282e-01	-2.111268496698656405e-01	2.019005583952329652e-01	-1.764307399081328775e-01	1.608421459435467049e-01	-4.306582718715327718e-01	1.616501933105418953e-01	-1.737174619017360366e-01	1.635235959504043879e-01	-1.592717149104734831e-01	1.530068445228900953e-01	-1.929709829983793923e-01	1.672168944428571724e-01	-1.413860773616601452e-01	1.301627854815179952e-01	-1.834747018629243054e-01
-1.607720083980389292e-01	1.000000000000000000e+00	-7.228811123588337884e-01	1.821270877020340628e-01	-2.048880375030475709e-01	1.357831138028399998e-01	-5.182624047125128364e-01	3.059595894808541661e-01	-1.670568671834501140e-01	1.289246218840669478e-01	-1.311405771708987200e-01	1.386509978419742106e-01	-1.547855004993630157e-01	1.253312506507042456e-01	-9.143687368168487706e-02	8.714463388888023243e-02	-9.035136321159781270e-02	8.579862170848805147e-02	-9.148172996984804684e-02	1.081909549881488741e-01	-5.846576707373912773e-02	6.394489903666396302e-02	-8.531015375773892684e-02	9.149289525023315828e-02	-8.447758460792989532e-02	6.063021471626252323e-02	-6.587795300441587343e-02	4.831851955273617355e-02	-4.490863713017270026e-02	9.919910811873072776e-02	-4.809407870187801248e-02	5.071038086290775848e-02	-4.610246157768934511e-02	4.278537694709323019e-02	-3.976380458937869150e-02	5.251812249498371415e-02	-4.908019315601528515e-02	3.795911346950826826e-02	-3.564667010184233154e-02	4.531427599296575237e-02
1.642556974749101728e-01	-7.228811123588337884e-01	1.000000000000000222e+00	-3.091148867187082927e-01	2.204140965939898056e-01	-1.427548615192172909e-01	2.894189158108463888e-01	-4.292900076146700106e-01	1.914184819494828826e-01	-1.671578343161243818e-01	1.276696097706140620e-01	-1.554889034901955347e-01	1.628189198353685863e-01	-1.573819248745139399e-01	1.121036876713984304e-01	-1.028558660934108249e-01	1.021534166864336568e-01	-1.014152854830060319e-01	1.070834434214013031e-01	-1.369355131977761930e-01	6.793296606307590302e-02	-7.439309276706906893e-02	9.860598535951319021e-02	-1.098264809178274432e-01	1.012503504080465994e-01	-7.149149818076545870e-02	7.603206267300312293e-02	-5.738094144853171652e-02	5.325117911342121951e-02	-1.219452400538598158e-01	5.621740311122022660e-02	-5.950997411902562290e-02	5.435467695430790808e-02	-5.082175538181442354e-02	4.744956318818922131e-02	-6.202908478397942127e-02	5.737628022264736755e-02	-4.497341707548269119e-02	4.214434254692166204e-02	-5.430339845997990411e-02
-1.213035642819196014e-01	1.821270877020340628e-01	-3.091148867187082927e-01	1.000000000000000222e+00	-7.080161937379362280e-01	7.591593231217864945e-02	-1.076698352713904433e-01	1.483343842440552895e-01	-5.308867459328034943e-01	2.761831155624814849e-01	-7.300872099975080909e-02	9.016922276160048433e-02	-1.025868139582361560e-01	1.676370509708542678e-01	-1.430130891296736984e-01	7.478729544819470720e-02	-7.561676553404589329e-02	8.077364686688512374e-02	-9.641857212932941623e-02	1.443162531897390355e-01	-5.085512513750768682e-02	5.612347396438291391e-02	-7.853844661387644754e-02	8.783208749555790340e-02	-9.446501567399402666e-02	5.322955842278029315e-02	-5.824836366984902092e-02	4.483745913243063208e-02	-4.214495501426389346e-02	1.004616511310984089e-01	-4.262861981392413596e-02	4.519418132488146195e-02	-4.233404017708604361e-02	3.957929308940914825e-02	-3.747108170604856320e-02	4.669285164820369260e-02	-4.400487923901566512e-02	3.470750415248270021e-02	-3.280264288291112607e-02	4.222630820302140930e-02
1.566500274698566786e-01	-2.048880375030475709e-01	2.204140965939898056e-01	-7.080161937379362280e-01	9.999999999999998890e-01	-9.719965419315691746e-02	1.215080446136759668e-01	-1.769072328405782990e-01	3.226837636165161283e-01	-4.567475875032924737e-01	9.266887148037002142e-02	-1.179905788848281400e-01	1.312573524542607339e-01	-2.372780906106320975e-01	1.980082765818675650e-01	-1.022028454578527285e-01	1.013005546133074058e-01	-1.108054779065853340e-01	1.302825465529325877e-01	-2.159836671917946260e-01	6.904729723528114926e-02	-7.622262073829433326e-02	1.064138156647177758e-01	-1.222875652430548271e-01	1.310405077309952648e-01	-7.277464274033232372e-02	7.882871567826216230e-02	-6.188817495956411285e-02	5.814547214140454445e-02	-1.435271387490660300e-01	5.808240661121549103e-02	-6.172909215641447095e-02	5.813695961207662743e-02	-5.465300853291058664e-02	5.200953611429264684e-02	-6.397885804148967237e-02	6.000132779475127881e-02	-4.780078656071999610e-02	4.514184780292600924e-02	-5.874016681114950511e-02
-3.765492939437235509e-01	1.357831138028399998e-01	-1.427548615192172909e-01	7.591593231217864945e-02	-9.719965419315691746e-02	1.000000000000000222e+00	-2.031113405234692970e-01	1.777689167489311384e-01	-9.695389526583254869e-02	9.306300553824346788e-02	-8.084912483875699163e-01	2.410006834470027060e-01	-2.458894210059927032e-01	1.449557474772893428e-01	-9.263317947551830134e-02	1.451859966597013885e-01	-1.442620992790645817e-01	1.250127202460793452e-01	-1.237921771980034502e-01	1.251288483751146485e-01	-9.414223528569674870e-02	9.968397524842688429e-02	-1.264679737230753886e-01	1.352958325097368963e-01	-1.103965998176496544e-01	9.569666602537477140e-02	-1.016153784549423539e-01	7.290772482084198480e-02	-6.706222497516133030e-02	1.455040625300565993e-01	-7.486563363837074603e-02	7.845419510288155485e-02	-6.980816424974382872e-02	6.485078817754394431e-02	-5.974119350136144341e-02	8.176727430184926870e-02	-7.526861723958283568e-02	5.797817359045010638e-02	-5.403871658005822420e-02	6.909025134264948353e-02
1.497629485039667918e-01	-5.182624047125128364e-01	2.894189158108463888e-01	-1.076698352713904433e-01	1.215080446136759668e-01	-2.031113405234692970e-01	1.000000000000000000e+00	-7.379165468129458283e-01	1.113455381957868251e-01	-9.414528205931602112e-02	1.603400960218547278e-01	-1.925996033970201748e-01	1.815375755722680173e-01	-1.117761141743633529e-01	7.538428660754534216e-02	-8.826338066513031433e-02	9.387968482777279966e-02	-8.596133028589163227e-02	8.596253768888396929e-02	-9.349823159531690797e-02	5.782387209875772954e-02	-6.355248857274314878e-02	8.120682088118080788e-02	-8.633562903040077618e-02	7.519245962960834084e-02	-5.942210963963723280e-02	6.391309736757723459e-02	-4.583046292806020744e-02	4.238065420580004045e-02	-9.077267421676489534e-02	4.655006725595060846e-02	-4.903829051969058050e-02	4.375931628520043221e-02	-4.051967914238584212e-02	3.726846051184214831e-02	-5.058710600676614294e-02	4.696271611255869310e-02	-3.605408701377850467e-02	3.373888273979210040e-02	-4.261937836328619916e-02
-1.933065325860416350e-01	3.059595894808541661e-01	-4.292900076146700106e-01	1.483343842440552895e-01	-1.769072328405782990e-01	1.777689167489311384e-01	-7.379165468129458283e-01	1.000000000000000000e+00	-1.615081110390153563e-01	1.265762479438044819e-01	-1.802617163209895568e-01	1.957108631982167612e-01	-2.648665239742761801e-01	1.430828155160933923e-01	-9.940927575140572070e-02	1.072430547081484747e-01	-1.151100147555002978e-01	1.073079266891478062e-01	-1.105220303517863156e-01	1.192558336446745137e-01	-7.170338770601659972e-02	7.866679093462780603e-02	-1.031989052913045296e-01	1.079947335518889051e-01	-9.655164581561660742e-02	7.349781602703041317e-02	-8.035437194589641063e-02	5.741095691307045168e-02	-5.326891709083158427e-02	1.133158656070553105e-01	-5.817630282963427019e-02	6.120526138557651902e-02	-5.496898996102748264e-02	5.074720997302873543e-02	-4.676373903638208346e-02	6.299949088403115904e-02	-5.900510725878974072e-02	4.513450079682205379e-02	-4.235997112794509523e-02	5.323707186359536575e-02
1.679937340643333776e-01	-1.670568671834501140e-01	1.914184819494828826e-01	-5.308867459328034943e-01	3.226837636165161283e-01	-9.695389526583254869e-02	1.113455381957868251e-01	-1.615081110390153563e-01	9.999999999999996669e-01	-6.212117255418403428e-01	9.463493906779328613e-02	-1.218628225001486542e-01	1.404257482297036064e-01	-3.147737353060000021e-01	2.446830565885662612e-01	-1.081916232172533410e-01	1.094614074760092703e-01	-1.226618802593875679e-01	1.500193432533822036e-01	-2.478320238553944899e-01	7.366440078309741124e-02	-8.165809571333104699e-02	1.152959476648193898e-01	-1.312570570583245777e-01	1.457196245820197300e-01	-7.708596308983800549e-02	8.451439199692063753e-02	-6.596688588760385441e-02	6.220399744592421121e-02	-1.519750054958135532e-01	6.181137958094000406e-02	-6.565616461531534331e-02	6.196780952999249997e-02	-5.808909669670302145e-02	5.523793316842141865e-02	-6.763006280207771448e-02	6.388843369574830067e-02	-5.070458180202006698e-02	4.800599764586947760e-02	-6.201358527317481911e-02
-1.846846188694046265e-01	1.289246218840669478e-01	-1.671578343161243818e-01	2.761831155624814849e-01	-4.567475875032924737e-01	9.306300553824346788e-02	-9.414528205931602112e-02	1.265762479438044819e-01	-6.212117255418403428e-01	9.999999999999998890e-01	-9.419443797539651941e-02	1.158511821466686048e-01	-1.415542889049063724e-01	2.666401263667399490e-01	-4.585054578655636814e-01	1.064812953541065532e-01	-1.119884838792339216e-01	1.211185200303780268e-01	-1.594769694301181318e-01	2.501757070092038293e-01	-7.453991683144191305e-02	8.270677604167876729e-02	-1.204944098182148260e-01	1.306481604014191056e-01	-1.659616609834471401e-01	7.696889043040687495e-02	-8.701603518826495076e-02	6.634807482751405028e-02	-6.308586837175721163e-02	1.487650838658098329e-01	-6.270578898049390670e-02	6.636215482321437820e-02	-6.294579639973786611e-02	5.845441576550095691e-02	-5.568924476731747231e-02	6.782324778668838428e-02	-6.518523828802713638e-02	5.106613120754147778e-02	-4.863964957876551476e-02	6.177353856719870751e-02
2.503478486321812357e-01	-1.311405771708987200e-01	1.276696097706140620e-01	-7.300872099975080909e-02	9.266887148037002142e-02	-8.084912483875699163e-01	1.603400960218547278e-01	-1.802617163209895568e-01	9.463493906779328613e-02	-9.419443797539651941e-02	9.999999999999992228e-01	-3.722838030078173266e-01	2.342707298155029538e-01	-1.545710446859687170e-01	9.542654106735450059e-02	-1.717112236208218345e-01	1.566843410064454045e-01	-1.360530280437537431e-01	1.283751955274651524e-01	-1.323075726877977754e-01	1.024331444229310967e-01	-1.086708596591619558e-01	1.306258138345293696e-01	-1.440782621235225380e-01	1.140498764792509806e-01	-1.048134839408717545e-01	1.067795144910854144e-01	-7.720418265483658393e-02	7.064086012220062438e-02	-1.540044561316834260e-01	7.983398316820312923e-02	-8.386172845417497190e-02	7.352007682110001108e-02	-6.861633193369381933e-02	6.287906193877791650e-02	-8.759562411551044536e-02	7.928238678681982787e-02	-6.136254242385967561e-02	5.690347426608414333e-02	-7.313552038248830045e-02
-2.613732848994073654e-01	1.386509978419742106e-01	-1.554889034901955347e-01	9.016922276160048433e-02	-1.179905788848281400e-01	2.410006834470027060e-01	-1.925996033970201748e-01	1.957108631982167612e-01	-1.218628225001486542e-01	1.158511821466686048e-01	-3.722838030078173266e-01	1.000000000000002220e+00	-7.236208739200403750e-01	2.030219928084299741e-01	-1.250680647933521961e-01	2.016411205182114807e-01	-3.237958803158024201e-01	2.062778664237510384e-01	-1.910766404810043950e-01	1.557696774450486876e-01	-1.340593361970209008e-01	1.527368920687706133e-01	-1.779617540143811349e-01	1.694723243355681641e-01	-1.356540575456714470e-01	1.281787678959825094e-01	-1.461427085571182227e-01	9.186393212006999098e-02	-8.457974760084305266e-02	1.568958875317605639e-01	-1.002029421770748857e-01	1.048301106280563194e-01	-8.889180483232912711e-02	8.045293265072579747e-02	-7.158119629290909947e-02	1.041101522117338918e-01	-9.819070110574060206e-02	7.206340575101426171e-02	-6.738522547919166550e-02	8.111191770730820372e-02
2.439610017319043533e-01	-1.547855004993630157e-01	1.628189198353685863e-01	-1.025868139582361560e-01	1.312573524542607339e-01	-2.458894210059927032e-01	1.815375755722680173e-01	-2.648665239742761801e-01	1.404257482297036064e-01	-1.415542889049063724e-01	2.342707298155029538e-01	-7.236208739200403750e-01	9.999999999999995559e-01	-3.058692036472382969e-01	1.558178182860959493e-01	-2.169238139843292223e-01	2.396280524203803775e-01	-2.611639964780894108e-01	2.114123352400973654e-01	-1.982716450901847449e-01	1.352881544665429925e-01	-1.538639529820272356e-01	1.825540086624586611e-01	-1.933140704241084751e-01	1.554556767830945485e-01	-1.380356734067030022e-01	1.449672133131036933e-01	-1.012474199418079562e-01	9.298086485958834135e-02	-1.854448522271160693e-01	1.050828653251835165e-01	-1.111730779386731760e-01	9.595673822308334322e-02	-8.854341408434840410e-02	7.953340065200262265e-02	-1.131206664773201226e-01	1.037273315278962327e-01	-7.878373307434494155e-02	7.333389081528812747e-02	-9.095073619471547022e-02
-3.118139967603873464e-01	1.253312506507042456e-01	-1.573819248745139399e-01	1.676370509708542678e-01	-2.372780906106320975e-01	1.449557474772893428e-01	-1.117761141743633529e-01	1.430828155160933923e-01	-3.147737353060000021e-01	2.666401263667399490e-01	-1.545710446859687170e-01	2.030219928084299741e-01	-3.058692036472382969e-01	9.999999999999981126e-01	-5.354700188217453860e-01	1.797813157131703254e-01	-2.093928746622749915e-01	2.351202306211870874e-01	-4.136999733088471687e-01	3.080148692018103151e-01	-1.280133988338543471e-01	1.435957764465861930e-01	-2.112238268677080477e-01	2.135261851620103291e-01	-2.459373244420992588e-01	1.283913250105193082e-01	-1.499937675498197176e-01	1.081806449226393185e-01	-1.032406190201617252e-01	2.110569772747547812e-01	-1.051907084680568510e-01	1.107496042114683998e-01	-1.031394417941419173e-01	9.424640096094655251e-02	-8.752295950002260405e-02	1.112486182342676128e-01	-1.083955362148750351e-01	8.260807981908489805e-02	-7.882064294669684223e-02	9.631619112085076928e-02
1.934543844014652292e-01	-9.143687368168487706e-02	1.121036876713984304e-01	-1.430130891296736984e-01	1.980082765818675650e-01	-9.263317947551830134e-02	7.538428660754534216e-02	-9.940927575140572070e-02	2.446830565885662612e-01	-4.585054578655636814e-01	9.542654106735450059e-02	-1.250680647933521961e-01	1.558178182860959493e-01	-5.354700188217453860e-01	1.000000000000001332e+00	-1.179783905980040654e-01	1.264314073337627353e-01	-1.487296136044782002e-01	2.044453709659232177e-01	-5.908603768298489323e-01	8.244811630625664689e-02	-9.238242940640867262e-02	1.352955332870969529e-01	-1.519439730581883807e-01	2.052480229762135844e-01	-8.465782889904616137e-02	9.613304598201220796e-02	-7.452013185597917977e-02	7.126736142277896591e-02	-1.784382787174220442e-01	6.898948082450888364e-02	-7.320546620572583596e-02	7.004185500440654466e-02	-6.535622796253587330e-02	6.269387265663579900e-02	-7.423579081118442113e-02	7.161719771728992934e-02	-5.660128909869979047e-02	5.404420067944950418e-02	-6.908775979416632851e-02
-2.906963490323997146e-01	8.714463388888023243e-02	-1.028558660934108249e-01	7.478729544819470720e-02	-1.022028454578527285e-01	1.451859966597013885e-01	-8.826338066513031433e-02	1.072430547081484747e-01	-1.081916232172533410e-01	1.064812953541065532e-01	-1.717112236208218345e-01	2.016411205182114807e-01	-2.169238139843292223e-01	1.797813157131703254e-01	-1.179783905980040654e-01	9.999999999999985567e-01	-5.155676926827681417e-01	2.420341298125680274e-01	-2.391132410793245788e-01	1.591653865521846789e-01	-5.432007285635889193e-01	2.971763511848323769e-01	-3.038092918715824542e-01	2.287282277572728340e-01	-1.602683375723426562e-01	2.731925736320738318e-01	-3.016526128782828220e-01	1.400376678989923018e-01	-1.283920144761904747e-01	1.781677326611430801e-01	-2.184681338591930033e-01	1.964335302371814085e-01	-1.482034739043283922e-01	1.249819143684904738e-01	-1.052387501531472369e-01	1.824445835370966384e-01	-1.849814853402059756e-01	1.161496221150726399e-01	-1.092128936436566611e-01	1.161557166464904645e-01
2.331060915309356996e-01	-9.035136321159781270e-02	1.021534166864336568e-01	-7.561676553404589329e-02	1.013005546133074058e-01	-1.442620992790645817e-01	9.387968482777279966e-02	-1.151100147555002978e-01	1.094614074760092703e-01	-1.119884838792339216e-01	1.566843410064454045e-01	-3.237958803158024201e-01	2.396280524203803775e-01	-2.093928746622749915e-01	1.264314073337627353e-01	-5.155676926827681417e-01	1.000000000000002220e+00	-4.860314467130543714e-01	2.635158421214231494e-01	-1.764878296082758868e-01	2.557613734239932990e-01	-4.001747633560562845e-01	2.633071540245048858e-01	-2.417932759641624740e-01	1.563901522077469353e-01	-2.300770808283886804e-01	2.438638281466651292e-01	-1.330780740862082534e-01	1.191799737025709544e-01	-1.788994698722072563e-01	1.631748459598225953e-01	-1.739563140983987066e-01	1.290828920275268743e-01	-1.148977703737512346e-01	9.571772377347367855e-02	-1.621774035890569676e-01	1.481774921295374303e-01	-1.038931593991015145e-01	9.543271670715479382e-02	-1.086971879105199101e-01
-2.382166100200925896e-01	8.579862170848805147e-02	-1.014152854830060319e-01	8.077364686688512374e-02	-1.108054779065853340e-01	1.250127202460793452e-01	-8.596133028589163227e-02	1.073079266891478062e-01	-1.226618802593875679e-01	1.211185200303780268e-01	-1.360530280437537431e-01	2.062778664237510384e-01	-2.611639964780894108e-01	2.351202306211870874e-01	-1.487296136044782002e-01	2.420341298125680274e-01	-4.860314467130543714e-01	1.000000000000002220e+00	-6.661144466924895369e-01	1.921337098240563090e-01	-1.702131481063272889e-01	2.058110015270641358e-01	-3.036359175090481699e-01	2.371817418872672889e-01	-1.679664965798416398e-01	1.562250540801012610e-01	-1.890445808719465881e-01	1.206575778564831919e-01	-1.123354663073729831e-01	1.711609817377909570e-01	-1.238232616057330232e-01	1.302715760281350776e-01	-1.120647963806886832e-01	1.002532756844557865e-01	-8.598135012885285700e-02	1.247991879257792092e-01	-1.204080321620441540e-01	8.815061040605803866e-02	-8.299420750211526643e-02	9.553199328511854937e-02
2.359026480243229806e-01	-9.148172996984804684e-02	1.070834434214013031e-01	-9.641857212932941623e-02	1.302825465529325877e-01	-1.237921771980034502e-01	8.596253768888396929e-02	-1.105220303517863156e-01	1.500193432533822036e-01	-1.594769694301181318e-01	1.283751955274651524e-01	-1.910766404810043950e-01	2.114123352400973654e-01	-4.136999733088471687e-01	2.044453709659232177e-01	-2.391132410793245788e-01	2.635158421214231494e-01	-6.661144466924895369e-01	1.000000000000002442e+00	-3.015957116680142436e-01	1.521827959905999728e-01	-1.801019747986334629e-01	2.429276481787248920e-01	-3.156454823260555487e-01	1.982997023580584939e-01	-1.540253937535370210e-01	1.665807154588552774e-01	-1.285449078308623927e-01	1.214471543841502549e-01	-2.024057206218464744e-01	1.188728298200999872e-01	-1.269983406321362474e-01	1.146999048778174074e-01	-1.065264177964186931e-01	9.220619757142739514e-02	-1.260856494524203730e-01	1.181255886773811131e-01	-9.166383671816882850e-02	8.608595112240632896e-02	-1.031385349965117521e-01
-3.004311502455193628e-01	1.081909549881488741e-01	-1.369355131977761930e-01	1.443162531897390355e-01	-2.159836671917946260e-01	1.251288483751146485e-01	-9.349823159531690797e-02	1.192558336446745137e-01	-2.478320238553944899e-01	2.501757070092038293e-01	-1.323075726877977754e-01	1.557696774450486876e-01	-1.982716450901847449e-01	3.080148692018103151e-01	-5.908603768298489323e-01	1.591653865521846789e-01	-1.764878296082758868e-01	1.921337098240563090e-01	-3.015957116680142436e-01	1.000000000000001554e+00	-1.155205116974562379e-01	1.292564661190626629e-01	-1.985422707630157824e-01	2.136230753085917033e-01	-4.453040070039701592e-01	1.173349973896819637e-01	-1.378824158356558305e-01	1.057500021812699670e-01	-1.027450422317450623e-01	2.560009147656620576e-01	-9.771268725903724250e-02	1.033764227467525026e-01	-1.005898275653930862e-01	9.315253327987400855e-02	-9.079165998739802124e-02	1.041598517912891986e-01	-1.025278011807383705e-01	8.052374865110009661e-02	-7.760291102532518304e-02	9.809360405639214187e-02
1.844632869668217656e-01	-5.846576707373912773e-02	6.793296606307590302e-02	-5.085512513750768682e-02	6.904729723528114926e-02	-9.414223528569674870e-02	5.782387209875772954e-02	-7.170338770601659972e-02	7.366440078309741124e-02	-7.453991683144191305e-02	1.024331444229310967e-01	-1.340593361970209008e-01	1.352881544665429925e-01	-1.280133988338543471e-01	8.244811630625664689e-02	-5.432007285635889193e-01	2.557613734239932990e-01	-1.702131481063272889e-01	1.521827959905999728e-01	-1.155205116974562379e-01	1.000000000000000222e+00	-4.513128145536288160e-01	2.319697743716994942e-01	-1.913902017680597367e-01	1.174578581020176010e-01	-5.636140522414687659e-01	2.739495377765530093e-01	-1.225775744173275145e-01	1.078917464610597982e-01	-1.369674293138982146e-01	2.343852957185539043e-01	-2.128913488447648494e-01	1.313588007809360358e-01	-1.113873794020866503e-01	8.848519978937460784e-02	-1.953119771602911392e-01	1.697567508808142112e-01	-1.050625778850807351e-01	9.506630962322051848e-02	-1.001377702423344729e-01
-1.965032350671483130e-01	6.394489903666396302e-02	-7.439309276706906893e-02	5.612347396438291391e-02	-7.622262073829433326e-02	9.968397524842688429e-02	-6.355248857274314878e-02	7.866679093462780603e-02	-8.165809571333104699e-02	8.270677604167876729e-02	-1.086708596591619558e-01	1.527368920687706133e-01	-1.538639529820272356e-01	1.435957764465861930e-01	-9.238242940640867262e-02	2.971763511848323769e-01	-4.001747633560562845e-01	2.058110015270641358e-01	-1.801019747986334629e-01	1.292564661190626629e-01	-4.513128145536288160e-01	9.999999999999995559e-01	-4.145398827003428655e-01	2.306627183401465664e-01	-1.326757514972531082e-01	2.654605916905894425e-01	-5.670696774907647564e-01	1.438818941399201135e-01	-1.257951877372066041e-01	1.518487191154335725e-01	-2.076208422283505883e-01	2.255895689120596959e-01	-1.463260434419162426e-01	1.222788283768765499e-01	-9.674228199145978868e-02	1.793298909919986694e-01	-1.772609581532883782e-01	1.124224292004572801e-01	-1.028081723003391318e-01	1.084980818158448046e-01
2.554901644572298292e-01	-8.531015375773892684e-02	9.860598535951319021e-02	-7.853844661387644754e-02	1.064138156647177758e-01	-1.264679737230753886e-01	8.120682088118080788e-02	-1.031989052913045296e-01	1.152959476648193898e-01	-1.204944098182148260e-01	1.306258138345293696e-01	-1.779617540143811349e-01	1.825540086624586611e-01	-2.112238268677080477e-01	1.352955332870969529e-01	-3.038092918715824542e-01	2.633071540245048858e-01	-3.036359175090481699e-01	2.429276481787248920e-01	-1.985422707630157824e-01	2.319697743716994942e-01	-4.145398827003428655e-01	1.000000000000000666e+00	-5.780493959529077186e-01	2.155133611175807096e-01	-2.441283333778147824e-01	2.657535761943180530e-01	-2.902277522561661494e-01	2.238446740921006262e-01	-2.498961098207373999e-01	1.852208538451025899e-01	-2.104533626283950631e-01	1.970344093420443032e-01	-1.845578204729850513e-01	1.430475025544329370e-01	-2.004385896918357279e-01	1.829872415471593683e-01	-1.529470773222502689e-01	1.405898797047376858e-01	-1.632628903305753387e-01
-3.354983601348113798e-01	9.149289525023315828e-02	-1.098264809178274432e-01	8.783208749555790340e-02	-1.222875652430548271e-01	1.352958325097368963e-01	-8.633562903040077618e-02	1.079947335518889051e-01	-1.312570570583245777e-01	1.306481604014191056e-01	-1.440782621235225380e-01	1.694723243355681641e-01	-1.933140704241084751e-01	2.135261851620103291e-01	-1.519439730581883807e-01	2.287282277572728340e-01	-2.417932759641624740e-01	2.371817418872672889e-01	-3.156454823260555487e-01	2.136230753085917033e-01	-1.913902017680597367e-01	2.306627183401465664e-01	-5.780493959529077186e-01	1.000000000000000222e+00	-3.454601533112023892e-01	1.892069381755004664e-01	-2.488375112711489201e-01	2.490643592431440734e-01	-3.431338049707819970e-01	2.637715423640390466e-01	-1.683998524544513820e-01	1.818879972271091328e-01	-2.108678527494720623e-01	1.936082072340387095e-01	-1.585994667566688887e-01	1.727565352081007755e-01	-1.812265520509556416e-01	1.507338581867509741e-01	-1.516188632118777302e-01	1.620763911396019274e-01
2.664949534186761282e-01	-8.447758460792989532e-02	1.012503504080465994e-01	-9.446501567399402666e-02	1.310405077309952648e-01	-1.103965998176496544e-01	7.519245962960834084e-02	-9.655164581561660742e-02	1.457196245820197300e-01	-1.659616609834471401e-01	1.140498764792509806e-01	-1.356540575456714470e-01	1.554556767830945485e-01	-2.459373244420992588e-01	2.052480229762135844e-01	-1.602683375723426562e-01	1.563901522077469353e-01	-1.679664965798416398e-01	1.982997023580584939e-01	-4.453040070039701592e-01	1.174578581020176010e-01	-1.326757514972531082e-01	2.155133611175807096e-01	-3.454601533112023892e-01	1.000000000000001776e+00	-1.245483406159001022e-01	1.428276606415576633e-01	-1.403370008017914283e-01	1.404496418220735066e-01	-6.927837311667409681e-01	1.057603093787608806e-01	-1.150572324422237669e-01	1.266496869654973045e-01	-1.261508102604158577e-01	1.379802862494375892e-01	-1.165721186757803229e-01	1.147948062022038085e-01	-1.027842947147038499e-01	1.002965122483498728e-01	-1.475192857726196904e-01
-2.111268496698656405e-01	6.063021471626252323e-02	-7.149149818076545870e-02	5.322955842278029315e-02	-7.277464274033232372e-02	9.569666602537477140e-02	-5.942210963963723280e-02	7.349781602703041317e-02	-7.708596308983800549e-02	7.696889043040687495e-02	-1.048134839408717545e-01	1.281787678959825094e-01	-1.380356734067030022e-01	1.283913250105193082e-01	-8.465782889904616137e-02	2.731925736320738318e-01	-2.300770808283886804e-01	1.562250540801012610e-01	-1.540253937535370210e-01	1.173349973896819637e-01	-5.636140522414687659e-01	2.654605916905894425e-01	-2.441283333778147824e-01	1.892069381755004664e-01	-1.245483406159001022e-01	1.000000000000001998e+00	-3.563151060827306482e-01	1.344842050417311974e-01	-1.214468391292358451e-01	1.432793568075716728e-01	-5.370096027629780444e-01	2.682723750784636318e-01	-1.639977478821952328e-01	1.290499363164185620e-01	-1.030749814439924500e-01	2.432331644680289784e-01	-2.414030510656054729e-01	1.267629662275080726e-01	-1.172782412409767022e-01	1.132314225558548604e-01
2.019005583952329652e-01	-6.587795300441587343e-02	7.603206267300312293e-02	-5.824836366984902092e-02	7.882871567826216230e-02	-1.016153784549423539e-01	6.391309736757723459e-02	-8.035437194589641063e-02	8.451439199692063753e-02	-8.701603518826495076e-02	1.067795144910854144e-01	-1.461427085571182227e-01	1.449672133131036933e-01	-1.499937675498197176e-01	9.613304598201220796e-02	-3.016526128782828220e-01	2.438638281466651292e-01	-1.890445808719465881e-01	1.665807154588552774e-01	-1.378824158356558305e-01	2.739495377765530093e-01	-5.670696774907647564e-01	2.657535761943180530e-01	-2.488375112711489201e-01	1.428276606415576633e-01	-3.563151060827306482e-01	1.000000000000005107e+00	-1.774725262367377321e-01	1.480166893626807811e-01	-1.735326897703112492e-01	2.662798350921948276e-01	-4.809862292482759427e-01	1.943330591120080164e-01	-1.637557176589198582e-01	1.212874625857420369e-01	-2.634931392374752490e-01	2.343801417737295945e-01	-1.532073321588273696e-01	1.327440281385303400e-01	-1.405870170686491227e-01
-1.764307399081328775e-01	4.831851955273617355e-02	-5.738094144853171652e-02	4.483745913243063208e-02	-6.188817495956411285e-02	7.290772482084198480e-02	-4.583046292806020744e-02	5.741095691307045168e-02	-6.596688588760385441e-02	6.634807482751405028e-02	-7.720418265483658393e-02	9.186393212006999098e-02	-1.012474199418079562e-01	1.081806449226393185e-01	-7.452013185597917977e-02	1.400376678989923018e-01	-1.330780740862082534e-01	1.206575778564831919e-01	-1.285449078308623927e-01	1.057500021812699670e-01	-1.225775744173275145e-01	1.438818941399201135e-01	-2.902277522561661494e-01	2.490643592431440734e-01	-1.403370008017914283e-01	1.344842050417311974e-01	-1.774725262367377321e-01	1.000000000000001554e+00	-7.349846534982575896e-01	1.548964713639101320e-01	-1.395461264691253700e-01	1.714098711528126984e-01	-4.372678252428486845e-01	2.835709015571692970e-01	-1.748698161484732450e-01	1.438665796217258597e-01	-1.610763091241518841e-01	1.851950464678716879e-01	-1.918173800021464592e-01	1.695869968842789177e-01
1.608421459435467049e-01	-4.490863713017270026e-02	5.325117911342121951e-02	-4.214495501426389346e-02	5.814547214140454445e-02	-6.706222497516133030e-02	4.238065420580004045e-02	-5.326891709083158427e-02	6.220399744592421121e-02	-6.308586837175721163e-02	7.064086012220062438e-02	-8.457974760084305266e-02	9.298086485958834135e-02	-1.032406190201617252e-01	7.126736142277896591e-02	-1.283920144761904747e-01	1.191799737025709544e-01	-1.123354663073729831e-01	1.214471543841502549e-01	-1.027450422317450623e-01	1.078917464610597982e-01	-1.257951877372066041e-01	2.238446740921006262e-01	-3.431338049707819970e-01	1.404496418220735066e-01	-1.214468391292358451e-01	1.480166893626807811e-01	-7.349846534982575896e-01	1.000000000000002442e+00	-1.661687655529808516e-01	1.199192205333094591e-01	-1.495742378796237892e-01	2.840775931846022395e-01	-4.253434060335296585e-01	1.781260496342715327e-01	-1.333019517219095618e-01	1.407633269686483501e-01	-1.869981304522465859e-01	1.814051447312838017e-01	-1.883232809371440664e-01
-4.306582718715327718e-01	9.919910811873072776e-02	-1.219452400538598158e-01	1.004616511310984089e-01	-1.435271387490660300e-01	1.455040625300565993e-01	-9.077267421676489534e-02	1.133158656070553105e-01	-1.519750054958135532e-01	1.487650838658098329e-01	-1.540044561316834260e-01	1.568958875317605639e-01	-1.854448522271160693e-01	2.110569772747547812e-01	-1.784382787174220442e-01	1.781677326611430801e-01	-1.788994698722072563e-01	1.711609817377909570e-01	-2.024057206218464744e-01	2.560009147656620576e-01	-1.369674293138982146e-01	1.518487191154335725e-01	-2.498961098207373999e-01	2.637715423640390466e-01	-6.927837311667409681e-01	1.432793568075716728e-01	-1.735326897703112492e-01	1.548964713639101320e-01	-1.661687655529808516e-01	1.000000000000002220e+00	-1.271003029009876995e-01	1.367860037083687696e-01	-1.574132572200262203e-01	1.520970667841956003e-01	-2.132011419190408819e-01	1.375346857163998737e-01	-1.424709587617999096e-01	1.237502132664497490e-01	-1.264794841187383834e-01	1.795926541523381603e-01
1.616501933105418953e-01	-4.809407870187801248e-02	5.621740311122022660e-02	-4.262861981392413596e-02	5.808240661121549103e-02	-7.486563363837074603e-02	4.655006725595060846e-02	-5.817630282963427019e-02	6.181137958094000406e-02	-6.270578898049390670e-02	7.983398316820312923e-02	-1.002029421770748857e-01	1.050828653251835165e-01	-1.051907084680568510e-01	6.898948082450888364e-02	-2.184681338591930033e-01	1.631748459598225953e-01	-1.238232616057330232e-01	1.188728298200999872e-01	-9.771268725903724250e-02	2.343852957185539043e-01	-2.076208422283505883e-01	1.852208538451025899e-01	-1.683998524544513820e-01	1.057603093787608806e-01	-5.370096027629780444e-01	2.662798350921948276e-01	-1.395461264691253700e-01	1.199192205333094591e-01	-1.271003029009876995e-01	1.000000000000002442e+00	-5.351055902139577602e-01	1.835448306709054900e-01	-1.453281244831164387e-01	1.050388378889655500e-01	-4.768866826700792760e-01	2.885594178965780743e-01	-1.470121173534085779e-01	1.264123651320539499e-01	-1.195090222542622982e-01
-1.737174619017360366e-01	5.071038086290775848e-02	-5.950997411902562290e-02	4.519418132488146195e-02	-6.172909215641447095e-02	7.845419510288155485e-02	-4.903829051969058050e-02	6.120526138557651902e-02	-6.565616461531534331e-02	6.636215482321437820e-02	-8.386172845417497190e-02	1.048301106280563194e-01	-1.111730779386731760e-01	1.107496042114683998e-01	-7.320546620572583596e-02	1.964335302371814085e-01	-1.739563140983987066e-01	1.302715760281350776e-01	-1.269983406321362474e-01	1.033764227467525026e-01	-2.128913488447648494e-01	2.255895689120596959e-01	-2.104533626283950631e-01	1.818879972271091328e-01	-1.150572324422237669e-01	2.682723750784636318e-01	-4.809862292482759427e-01	1.714098711528126984e-01	-1.495742378796237892e-01	1.367860037083687696e-01	-5.351055902139577602e-01	1.000000000000002665e+00	-3.271180015078406500e-01	1.852640441756116807e-01	-1.290628261247000474e-01	3.002185116893612560e-01	-4.407730400748415822e-01	1.840781848813744515e-01	-1.616581660518298935e-01	1.404319714815240039e-01
1.635235959504043879e-01	-4.610246157768934511e-02	5.435467695430790808e-02	-4.233404017708604361e-02	5.813695961207662743e-02	-6.980816424974382872e-02	4.375931628520043221e-02	-5.496898996102748264e-02	6.196780952999249997e-02	-6.294579639973786611e-02	7.352007682110001108e-02	-8.889180483232912711e-02	9.595673822308334322e-02	-1.031394417941419173e-01	7.004185500440654466e-02	-1.482034739043283922e-01	1.290828920275268743e-01	-1.120647963806886832e-01	1.146999048778174074e-01	-1.005898275653930862e-01	1.313588007809360358e-01	-1.463260434419162426e-01	1.970344093420443032e-01	-2.108678527494720623e-01	1.266496869654973045e-01	-1.639977478821952328e-01	1.943330591120080164e-01	-4.372678252428486845e-01	2.840775931846022395e-01	-1.574132572200262203e-01	1.835448306709054900e-01	-3.271180015078406500e-01	1.000000000000000888e+00	-5.723459022530593687e-01	2.248291201383911253e-01	-2.018191616158364066e-01	2.162053540853534905e-01	-3.923239249032612896e-01	2.742178916003094047e-01	-2.587660575073429392e-01
-1.592717149104734831e-01	4.278537694709323019e-02	-5.082175538181442354e-02	3.957929308940914825e-02	-5.465300853291058664e-02	6.485078817754394431e-02	-4.051967914238584212e-02	5.074720997302873543e-02	-5.808909669670302145e-02	5.845441576550095691e-02	-6.861633193369381933e-02	8.045293265072579747e-02	-8.854341408434840410e-02	9.424640096094655251e-02	-6.535622796253587330e-02	1.249819143684904738e-01	-1.148977703737512346e-01	1.002532756844557865e-01	-1.065264177964186931e-01	9.315253327987400855e-02	-1.113873794020866503e-01	1.222788283768765499e-01	-1.845578204729850513e-01	1.936082072340387095e-01	-1.261508102604158577e-01	1.290499363164185620e-01	-1.637557176589198582e-01	2.835709015571692970e-01	-4.253434060335296585e-01	1.520970667841956003e-01	-1.453281244831164387e-01	1.852640441756116807e-01	-5.723459022530593687e-01	1.000000000000001554e+00	-3.997353964041860386e-01	1.549985712864309639e-01	-1.825794118279907563e-01	2.699707076306970266e-01	-3.935465206089924228e-01	2.716835019618084601e-01
1.530068445228900953e-01	-3.976380458937869150e-02	4.744956318818922131e-02	-3.747108170604856320e-02	5.200953611429264684e-02	-5.974119350136144341e-02	3.726846051184214831e-02	-4.676373903638208346e-02	5.523793316842141865e-02	-5.568924476731747231e-02	6.287906193877791650e-02	-7.158119629290909947e-02	7.953340065200262265e-02	-8.752295950002260405e-02	6.269387265663579900e-02	-1.052387501531472369e-01	9.571772377347367855e-02	-8.598135012885285700e-02	9.220619757142739514e-02	-9.079165998739802124e-02	8.848519978937460784e-02	-9.674228199145978868e-02	1.430475025544329370e-01	-1.585994667566688887e-01	1.379802862494375892e-01	-1.030749814439924500e-01	1.212874625857420369e-01	-1.748698161484732450e-01	1.781260496342715327e-01	-2.132011419190408819e-01	1.050388378889655500e-01	-1.290628261247000474e-01	2.248291201383911253e-01	-3.997353964041860386e-01	1.000000000000001998e+00	-1.250840205346900602e-01	1.345574258570137460e-01	-2.086042201524603290e-01	2.267227212746282805e-01	-8.085580689317217740e-01
-1.929709829983793923e-01	5.251812249498371415e-02	-6.202908478397942127e-02	4.669285164820369260e-02	-6.397885804148967237e-02	8.176727430184926870e-02	-5.058710600676614294e-02	6.299949088403115904e-02	-6.763006280207771448e-02	6.782324778668838428e-02	-8.759562411551044536e-02	1.041101522117338918e-01	-1.131206664773201226e-01	1.112486182342676128e-01	-7.423579081118442113e-02	1.824445835370966384e-01	-1.621774035890569676e-01	1.247991879257792092e-01	-1.260856494524203730e-01	1.041598517912891986e-01	-1.953119771602911392e-01	1.793298909919986694e-01	-2.004385896918357279e-01	1.727565352081007755e-01	-1.165721186757803229e-01	2.432331644680289784e-01	-2.634931392374752490e-01	1.438665796217258597e-01	-1.333019517219095618e-01	1.375346857163998737e-01	-4.768866826700792760e-01	3.002185116893612560e-01	-2.018191616158364066e-01	1.549985712864309639e-01	-1.250840205346900602e-01	1.000000000000001332e+00	-7.047556430172077224e-01	1.914741269457672646e-01	-1.783516973964975882e-01	1.344507640560490547e-01
1.672168944428571724e-01	-4.908019315601528515e-02	5.737628022264736755e-02	-4.400487923901566512e-02	6.000132779475127881e-02	-7.526861723958283568e-02	4.696271611255869310e-02	-5.900510725878974072e-02	6.388843369574830067e-02	-6.518523828802713638e-02	7.928238678681982787e-02	-9.819070110574060206e-02	1.037273315278962327e-01	-1.083955362148750351e-01	7.161719771728992934e-02	-1.849814853402059756e-01	1.481774921295374303e-01	-1.204080321620441540e-01	1.181255886773811131e-01	-1.025278011807383705e-01	1.697567508808142112e-01	-1.772609581532883782e-01	1.829872415471593683e-01	-1.812265520509556416e-01	1.147948062022038085e-01	-2.414030510656054729e-01	2.343801417737295945e-01	-1.610763091241518841e-01	1.407633269686483501e-01	-1.424709587617999096e-01	2.885594178965780743e-01	-4.407730400748415822e-01	2.162053540853534905e-01	-1.825794118279907563e-01	1.345574258570137460e-01	-7.047556430172077224e-01	1.000000000000001776e+00	-2.981646824183261657e-01	1.967441997699362899e-01	-1.583661164097231455e-01
-1.413860773616601452e-01	3.795911346950826826e-02	-4.497341707548269119e-02	3.470750415248270021e-02	-4.780078656071999610e-02	5.797817359045010638e-02	-3.605408701377850467e-02	4.513450079682205379e-02	-5.070458180202006698e-02	5.106613120754147778e-02	-6.136254242385967561e-02	7.206340575101426171e-02	-7.878373307434494155e-02	8.260807981908489805e-02	-5.660128909869979047e-02	1.161496221150726399e-01	-1.038931593991015145e-01	8.815061040605803866e-02	-9.166383671816882850e-02	8.052374865110009661e-02	-1.050625778850807351e-01	1.124224292004572801e-01	-1.529470773222502689e-01	1.507338581867509741e-01	-1.027842947147038499e-01	1.267629662275080726e-01	-1.532073321588273696e-01	1.851950464678716879e-01	-1.869981304522465859e-01	1.237502132664497490e-01	-1.470121173534085779e-01	1.840781848813744515e-01	-3.923239249032612896e-01	2.699707076306970266e-01	-2.086042201524603290e-01	1.914741269457672646e-01	-2.981646824183261657e-01	1.000000000000001332e+00	-7.646597338892815454e-01	2.142591790116703532e-01
1.301627854815179952e-01	-3.564667010184233154e-02	4.214434254692166204e-02	-3.280264288291112607e-02	4.514184780292600924e-02	-5.403871658005822420e-02	3.373888273979210040e-02	-4.235997112794509523e-02	4.800599764586947760e-02	-4.863964957876551476e-02	5.690347426608414333e-02	-6.738522547919166550e-02	7.333389081528812747e-02	-7.882064294669684223e-02	5.404420067944950418e-02	-1.092128936436566611e-01	9.543271670715479382e-02	-8.299420750211526643e-02	8.608595112240632896e-02	-7.760291102532518304e-02	9.506630962322051848e-02	-1.028081723003391318e-01	1.405898797047376858e-01	-1.516188632118777302e-01	1.002965122483498728e-01	-1.172782412409767022e-01	1.327440281385303400e-01	-1.918173800021464592e-01	1.814051447312838017e-01	-1.264794841187383834e-01	1.264123651320539499e-01	-1.616581660518298935e-01	2.742178916003094047e-01	-3.935465206089924228e-01	2.267227212746282805e-01	-1.783516973964975882e-01	1.967441997699362899e-01	-7.646597338892815454e-01	1.000000000000001332e+00	-3.214713523412735530e-01
