1.000000000000000000e+00	-5.442509684793929159e-01	2.244230025806508988e-01	-1.513560770726716243e-01	1.115833758196758535e-01	-5.606479610338848119e-01	2.948919427252635339e-01	-2.382840184945184403e-01	1.301528561803412809e-01	-9.222531433646477539e-02	2.702920347240487797e-01	-1.854723963549415044e-01	1.672154537617561998e-01	-1.275977374633603112e-01	1.433459992043592535e-01	-2.389875153092895776e-01	1.340704462807043029e-01	-1.504849855817894377e-01	9.074649132437664911e-02	-9.297402211871873268e-02	1.655795898475989625e-01	-1.557510015792284153e-01	1.758234241984844293e-01	-1.517818365189186058e-01	9.498712448448795587e-02	-1.897384054464681391e-01	1.521122619771216322e-01	-2.033290505608387755e-01	1.123514003687468565e-01	-8.249147529641032150e-02	1.213110188990209615e-01	-1.416596755009478237e-01	1.379086589445553956e-01	-9.300861708187121990e-02	7.804646648766280781e-02	-1.639986855175291081e-01	1.125594454511275738e-01	-1.644013756055094921e-01	8.498625012834840065e-02	-7.394611050017736720e-02
-5.442509684793929159e-01	1.000000000000000222e+00	-3.214985700322544604e-01	1.419078622220006636e-01	-1.046897730597769610e-01	2.880626836179875916e-01	-6.663118616477179401e-01	2.648688191679404169e-01	-1.297506669442229643e-01	8.197112506723863712e-02	-1.962976636364187899e-01	1.470506773391453414e-01	-1.516405967646511088e-01	1.066159177042673850e-01	-1.266722800326947340e-01	1.339183076945165973e-01	-8.928475402088895119e-02	9.838347096949194570e-02	-6.448051520694934868e-02	6.412925157484862526e-02	-1.004382674259613889e-01	9.243542030519703856e-02	-1.084540326719042880e-01	8.529308771610777384e-02	-5.723600873114061821e-02	1.020509215778338530e-01	-8.663096715523765923e-02	1.088915477583458219e-01	-6.413781430797445282e-02	4.838289907969064302e-02	-6.565822479078116392e-02	7.633396041056701720e-02	-7.560176512800602378e-02	5.217556738471339217e-02	-4.521960347682118381e-02	8.596640868353015719e-02	-6.024365400916455865e-02	8.626870969518132815e-02	-4.836527287332070824e-02	4.215662765552925795e-02
2.244230025806508988e-01	-3.214985700322544604e-01	1.000000000000000222e+00	-3.958055063846749322e-01	1.537461356570703208e-01	-2.541535713612546599e-01	2.674427145044559473e-01	-6.737603583074015523e-01	2.177731244575485114e-01	-1.310842492943793125e-01	1.877877866471555635e-01	-2.234248534491515004e-01	2.124095911944001991e-01	-1.694454266137702114e-01	1.751371108325381343e-01	-1.540597031995848687e-01	1.119828400965945103e-01	-1.303310704772223105e-01	8.717080995626629025e-02	-8.795272281105598333e-02	1.141520278752166939e-01	-1.117273030021213448e-01	1.280918353756526906e-01	-1.044623367862541341e-01	7.052073201179751005e-02	-1.218546492396737901e-01	1.023498393000500106e-01	-1.315532934790310804e-01	7.731350726253191641e-02	-5.984334469139128421e-02	7.813955329621941059e-02	-9.134806260599709349e-02	9.026749724486006488e-02	-6.303653249626468835e-02	5.467726864217539035e-02	-1.031199079538036578e-01	7.200292641483473088e-02	-1.036909708493241461e-01	5.808223109552428098e-02	-5.131809044655150087e-02
-1.513560770726716243e-01	1.419078622220006636e-01	-3.958055063846749322e-01	1.000000000000000666e+00	-3.387883713737384617e-01	1.432289067799226434e-01	-1.365550715664701487e-01	2.081255499082518279e-01	-6.999759529635574129e-01	2.460862472276152679e-01	-1.334552130378380552e-01	1.358599917369323895e-01	-1.424321845310581869e-01	2.520759935898091442e-01	-3.004272946837138747e-01	1.063237199532292288e-01	-8.540727832896170824e-02	9.693835780487990161e-02	-1.015651674076297750e-01	9.756485134528546099e-02	-8.445942678358678291e-02	8.256064688762237980e-02	-9.965464109099808621e-02	8.422808595991447544e-02	-6.330928932961561728e-02	8.817594865220131084e-02	-7.649629710285096862e-02	9.729652404586450198e-02	-6.253188655767442927e-02	5.204430709625566809e-02	-5.745079901169714010e-02	6.721931249933071895e-02	-6.792165719962188486e-02	5.032819645602255171e-02	-4.564802950360512951e-02	7.487428819612186592e-02	-5.302836325850632249e-02	7.583659837872787357e-02	-4.681637704053112636e-02	4.240949959886731319e-02
1.115833758196758535e-01	-1.046897730597769610e-01	1.537461356570703208e-01	-3.387883713737384617e-01	1.000000000000000888e+00	-1.177182656089465623e-01	9.352020557773761678e-02	-1.389110250008591674e-01	2.593295962944496824e-01	-8.389418340292591481e-01	1.069455954294893651e-01	-1.128370314420102244e-01	1.064683731293106506e-01	-2.194037148450304620e-01	2.259864122168718237e-01	-9.650354471172277460e-02	7.333172612523659872e-02	-8.511637201007565823e-02	8.528876332841978103e-02	-9.028096280137271057e-02	7.487168276412940748e-02	-7.462329812690977893e-02	8.861726639115365123e-02	-8.083282807804990922e-02	5.838565420266552536e-02	-8.400111106372744330e-02	7.077377279837605839e-02	-9.383589188450382201e-02	5.880840883410827502e-02	-4.920132911603531528e-02	5.475744403051284459e-02	-6.433548656826477974e-02	6.455419401260169276e-02	-4.786767788260479911e-02	4.276771137982558063e-02	-7.273368234633439955e-02	5.095823369201942649e-02	-7.379377268515624477e-02	4.405329187725771922e-02	-4.033186176175108939e-02
-5.606479610338848119e-01	2.880626836179875916e-01	-2.541535713612546599e-01	1.432289067799226434e-01	-1.177182656089465623e-01	1.000000000000000888e+00	-4.230346095076876201e-01	2.290265365545545440e-01	-1.366264820065689056e-01	9.211447131216764228e-02	-5.204265788990606323e-01	1.951303600631933421e-01	-1.900735963999719558e-01	1.247587011734735268e-01	-1.505262431999977168e-01	2.166742922575100871e-01	-1.261311057560083049e-01	1.339055319383711806e-01	-8.289979887188028695e-02	8.218005674365531921e-02	-1.618852794951226581e-01	1.344268778280007515e-01	-1.574528870888631249e-01	1.153819308271728933e-01	-7.760915442302235290e-02	1.428838519949037489e-01	-1.241291528769388336e-01	1.480476005915967175e-01	-8.809786473658541561e-02	6.526953803983626123e-02	-9.142178171069595405e-02	1.053236408444760269e-01	-1.044867229224972910e-01	7.123021023927117445e-02	-6.191142826085951206e-02	1.168920517544703996e-01	-8.273159472702550088e-02	1.167149555715920883e-01	-6.652773216430854508e-02	5.723961783856860996e-02
2.948919427252635339e-01	-6.663118616477179401e-01	2.674427145044559473e-01	-1.365550715664701487e-01	9.352020557773761678e-02	-4.230346095076876201e-01	1.000000000000001110e+00	-4.600187147071199689e-01	1.171265460691531535e-01	-7.547732256952102703e-02	1.979128077763930293e-01	-1.710653214879457873e-01	1.650711553419525468e-01	-1.031305047428449917e-01	1.162743250664724642e-01	-1.361393523011199536e-01	8.978520054679665907e-02	-1.008082196031325206e-01	6.231932740523735831e-02	-6.233630913374521576e-02	9.894075107992736373e-02	-9.198135514897445852e-02	1.056085698988342286e-01	-8.289416083572541394e-02	5.513522573439691432e-02	-1.003493655968265008e-01	8.464915995871064025e-02	-1.064852178843535419e-01	6.205533157697500080e-02	-4.678462065420722210e-02	6.414783172284525825e-02	-7.462636708850567402e-02	7.359413909777358376e-02	-5.055799130160724963e-02	4.361400323312747407e-02	-8.406213737755846571e-02	5.878700912598891493e-02	-8.423697624064982459e-02	4.674192253962294874e-02	-4.076267962578510734e-02
-2.382840184945184403e-01	2.648688191679404169e-01	-6.737603583074015523e-01	2.081255499082518279e-01	-1.389110250008591674e-01	2.290265365545545440e-01	-4.600187147071199689e-01	1.000000000000000444e+00	-1.896632462805983577e-01	1.088791362735166829e-01	-1.944806957117100055e-01	2.212959975776793431e-01	-3.206200129217149364e-01	1.457534754539993593e-01	-1.671036351137945297e-01	1.340798257670373639e-01	-1.087721233142003308e-01	1.226321801450665216e-01	-7.923882892690559121e-02	7.744057535220766342e-02	-1.039604869338759813e-01	9.984693439032124584e-02	-1.175964924525772642e-01	8.848142853440199573e-02	-6.151550291135907123e-02	1.025558502797586785e-01	-8.934818837525670965e-02	1.098838385375221355e-01	-6.642569379539764451e-02	5.141588525701979578e-02	-6.596016836203592859e-02	7.682898549288368073e-02	-7.656174678677454826e-02	5.362654493414634876e-02	-4.715419502349201680e-02	8.528976730922339933e-02	-6.029971497778781331e-02	8.571129397945453920e-02	-4.985299162818477431e-02	4.378521934888228440e-02
1.301528561803412809e-01	-1.297506669442229643e-01	2.177731244575485114e-01	-6.999759529635574129e-01	2.593295962944496824e-01	-1.366264820065689056e-01	1.171265460691531535e-01	-1.896632462805983577e-01	1.000000000000001776e+00	-3.473545028655127820e-01	1.230006170393707632e-01	-1.398148381004465646e-01	1.385485453929877764e-01	-4.340201194561814080e-01	2.793664259300128183e-01	-1.055138401099287027e-01	8.474734393602305349e-02	-9.907864123152530789e-02	1.108162625054357059e-01	-1.108900513915856839e-01	8.238814241686402695e-02	-8.235639121965022957e-02	9.778928509345709286e-02	-8.617521473544657862e-02	6.456633423727635435e-02	-8.886761548476304617e-02	7.603549942568638143e-02	-9.866374739238920055e-02	6.296383695459474572e-02	-5.368047891409935546e-02	5.776315814507525237e-02	-6.778920398456343699e-02	6.824831249673181388e-02	-5.092964034615905106e-02	4.601277923745700216e-02	-7.591529717612990891e-02	5.349858982045485600e-02	-7.696220985229126899e-02	4.703968343731730617e-02	-4.313878994531211708e-02
-9.222531433646477539e-02	8.197112506723863712e-02	-1.310842492943793125e-01	2.460862472276152679e-01	-8.389418340292591481e-01	9.211447131216764228e-02	-7.547732256952102703e-02	1.088791362735166829e-01	-3.473545028655127820e-01	1.000000000000001776e+00	-8.791373916960612545e-02	9.240628244526846724e-02	-9.140986825055492926e-02	2.122289138570853939e-01	-3.055633941669648745e-01	7.581089108304998880e-02	-6.088509958915034465e-02	7.015294865669961799e-02	-7.985236421422041431e-02	8.155630218082840499e-02	-6.017503297045084104e-02	5.986885546785441353e-02	-7.222237508203988021e-02	6.483598694491890524e-02	-4.915224123622637109e-02	6.535974034874053595e-02	-5.612724046975226672e-02	7.311522322246907790e-02	-4.748821054300826627e-02	4.065198970379518134e-02	-4.273339274606800797e-02	5.016697239334016317e-02	-5.077344550460290151e-02	3.835379309474242632e-02	-3.491480598052723594e-02	5.617080615556447470e-02	-3.966391286811379868e-02	5.707094627989338365e-02	-3.550713185232447222e-02	3.266485055328423315e-02
2.702920347240487797e-01	-1.962976636364187899e-01	1.877877866471555635e-01	-1.334552130378380552e-01	1.069455954294893651e-01	-5.204265788990606323e-01	1.979128077763930293e-01	-1.944806957117100055e-01	1.230006170393707632e-01	-8.791373916960612545e-02	1.000000000000000222e+00	-3.441423595939470115e-01	2.261540650451435708e-01	-1.341822735454792082e-01	1.490513977397436296e-01	-5.025227418661002421e-01	1.747624780425322821e-01	-1.911186371190146394e-01	1.009456636395444085e-01	-1.025102527597239049e-01	2.449507022027783143e-01	-2.057623167990927093e-01	2.095727461278000803e-01	-1.590683186501785362e-01	1.011375463470886582e-01	-2.183294394610195421e-01	1.771078453112721052e-01	-2.139959137896049191e-01	1.190944127404671704e-01	-8.686802842692538384e-02	1.330193444943609526e-01	-1.532779835417457381e-01	1.474637711912189508e-01	-9.752422269219392092e-02	8.229704874702212236e-02	-1.720414350758177890e-01	1.194557954847711156e-01	-1.696422095070477254e-01	8.972788746207288613e-02	-7.711951084895099506e-02
-1.854723963549415044e-01	1.470506773391453414e-01	-2.234248534491515004e-01	1.358599917369323895e-01	-1.128370314420102244e-01	1.951303600631933421e-01	-1.710653214879457873e-01	2.212959975776793431e-01	-1.398148381004465646e-01	9.240628244526846724e-02	-3.441423595939470115e-01	9.999999999999981126e-01	-7.898316192902292698e-01	1.662175892911365027e-01	-1.849474594322444432e-01	1.780975148719132206e-01	-2.172124855515990272e-01	2.042023106442281410e-01	-1.022485868307807799e-01	9.679844980914163732e-02	-1.445159729330204312e-01	1.457152810585835845e-01	-1.661631474042371825e-01	1.052745493757759193e-01	-7.448588034515452039e-02	1.248690519168273311e-01	-1.159668797563223885e-01	1.305693322134854617e-01	-7.986223630413866181e-02	6.143371187451902860e-02	-7.940808548016356494e-02	9.237485471438637574e-02	-9.214989314879608318e-02	6.361227823746756771e-02	-5.630053129307006909e-02	9.900774427094251318e-02	-7.133644855000409457e-02	9.904949618157789237e-02	-5.951873926511130203e-02	5.173929821649868310e-02
1.672154537617561998e-01	-1.516405967646511088e-01	2.124095911944001991e-01	-1.424321845310581869e-01	1.064683731293106506e-01	-1.900735963999719558e-01	1.650711553419525468e-01	-3.206200129217149364e-01	1.385485453929877764e-01	-9.140986825055492926e-02	2.261540650451435708e-01	-7.898316192902292698e-01	9.999999999999980016e-01	-2.085457944179193446e-01	1.766541338866998156e-01	-1.686306065312277169e-01	1.862102101318003355e-01	-2.555607204547394873e-01	1.050716100430208605e-01	-1.022117654806998926e-01	1.307002377229625478e-01	-1.409025068059081842e-01	1.565540272104492814e-01	-1.054270417246662567e-01	7.350853670611112722e-02	-1.232366266851582515e-01	1.106105189796926375e-01	-1.310290147387563331e-01	7.852494604592877292e-02	-6.127983410080690974e-02	7.801420665493885576e-02	-9.133996926585806475e-02	9.062612442570786020e-02	-6.293956807512375573e-02	5.532231523349729480e-02	-9.903157320738133207e-02	7.064026727324154709e-02	-9.927429889927311124e-02	5.841316959318725022e-02	-5.130028044260396408e-02
-1.275977374633603112e-01	1.066159177042673850e-01	-1.694454266137702114e-01	2.520759935898091442e-01	-2.194037148450304620e-01	1.247587011734735268e-01	-1.031305047428449917e-01	1.457534754539993593e-01	-4.340201194561814080e-01	2.122289138570853939e-01	-1.341822735454792082e-01	1.662175892911365027e-01	-2.085457944179193446e-01	1.000000000000000666e+00	-7.443517683341169811e-01	1.100617458824614675e-01	-1.064800155143916655e-01	1.240297617662873830e-01	-2.300511538787623211e-01	1.831567491026819539e-01	-9.121401453171772145e-02	9.316150404878840996e-02	-1.144279841731843939e-01	1.010322519707543554e-01	-8.606278463155221659e-02	9.342124360386581949e-02	-8.332006129415248097e-02	1.053602423175628300e-01	-7.383596759242343210e-02	6.864832486551508683e-02	-6.124223299546208144e-02	7.200754622258230542e-02	-7.405996705987452633e-02	5.879615317900514782e-02	-5.566710370795768803e-02	7.891397674029193565e-02	-5.657983846363022484e-02	8.050688625832583267e-02	-5.472226907005695029e-02	5.159375884765709380e-02
1.433459992043592535e-01	-1.266722800326947340e-01	1.751371108325381343e-01	-3.004272946837138747e-01	2.259864122168718237e-01	-1.505262431999977168e-01	1.162743250664724642e-01	-1.671036351137945297e-01	2.793664259300128183e-01	-3.055633941669648745e-01	1.490513977397436296e-01	-1.849474594322444432e-01	1.766541338866998156e-01	-7.443517683341169811e-01	1.000000000000000444e+00	-1.348294391819029880e-01	1.159871908517959155e-01	-1.388398395982614886e-01	1.897964503600054198e-01	-2.220980546711298631e-01	1.073827276914752910e-01	-1.103311435953064634e-01	1.319150622535080197e-01	-1.259226363682396932e-01	1.002872247485181306e-01	-1.175623277691737883e-01	1.011829010498426357e-01	-1.333523385220014290e-01	8.990149239579012241e-02	-8.346116234924320920e-02	7.687263404129028588e-02	-9.063689740299565867e-02	9.224127110153468312e-02	-7.263954283346361895e-02	6.718436221004395192e-02	-1.010237553597244653e-01	7.150862289522506854e-02	-1.030617359654817378e-01	6.676454227327868751e-02	-6.348933095509098901e-02
-2.389875153092895776e-01	1.339183076945165973e-01	-1.540597031995848687e-01	1.063237199532292288e-01	-9.650354471172277460e-02	2.166742922575100871e-01	-1.361393523011199536e-01	1.340798257670373639e-01	-1.055138401099287027e-01	7.581089108304998880e-02	-5.025227418661002421e-01	1.780975148719132206e-01	-1.686306065312277169e-01	1.100617458824614675e-01	-1.348294391819029880e-01	1.000000000000001110e+00	-2.147663829442791050e-01	1.883350152460582794e-01	-9.625383686935767846e-02	9.394761039838811501e-02	-6.385847501679208227e-01	2.596426771967747515e-01	-2.702158394688217724e-01	1.447824806425525856e-01	-9.856598649901475440e-02	2.192854603753479070e-01	-2.112509551671329089e-01	1.898514787011592042e-01	-1.155485918480783497e-01	8.143270596483123680e-02	-1.345436706503083113e-01	1.468463910692695829e-01	-1.433395351263771211e-01	9.151358531370967775e-02	-7.977301373382345018e-02	1.505253914223226852e-01	-1.117420086518911559e-01	1.457907969701612572e-01	-8.711784335351141495e-02	7.196927090188054432e-02
1.340704462807043029e-01	-8.928475402088895119e-02	1.119828400965945103e-01	-8.540727832896170824e-02	7.333172612523659872e-02	-1.261311057560083049e-01	8.978520054679665907e-02	-1.087721233142003308e-01	8.474734393602305349e-02	-6.088509958915034465e-02	1.747624780425322821e-01	-2.172124855515990272e-01	1.862102101318003355e-01	-1.064800155143916655e-01	1.159871908517959155e-01	-2.147663829442791050e-01	9.999999999999974465e-01	-7.361656149427212581e-01	1.433499196044608348e-01	-1.443013343819147531e-01	2.168561952991487907e-01	-4.623281410520133639e-01	2.756803213414087406e-01	-1.409842466535868311e-01	9.698512099653359975e-02	-1.797607210544698575e-01	1.829461574654664413e-01	-1.799579255397110444e-01	1.048762890739487197e-01	-8.036549526024115708e-02	1.084688805092159647e-01	-1.305709988663883159e-01	1.242108988324129026e-01	-8.264062294989317492e-02	7.222662215850010614e-02	-1.285247796579626622e-01	9.486498354605796268e-02	-1.273668368207220292e-01	7.680960400924871645e-02	-6.624646413817518453e-02
-1.504849855817894377e-01	9.838347096949194570e-02	-1.303310704772223105e-01	9.693835780487990161e-02	-8.511637201007565823e-02	1.339055319383711806e-01	-1.008082196031325206e-01	1.226321801450665216e-01	-9.907864123152530789e-02	7.015294865669961799e-02	-1.911186371190146394e-01	2.042023106442281410e-01	-2.555607204547394873e-01	1.240297617662873830e-01	-1.388398395982614886e-01	1.883350152460582794e-01	-7.361656149427212581e-01	1.000000000000000000e+00	-2.153676683813310622e-01	1.660529567870013545e-01	-2.138588773575302304e-01	2.776359458337649966e-01	-3.902081796978550399e-01	1.501651458541366502e-01	-1.106948133981825871e-01	1.665480591982410330e-01	-1.813848410715534210e-01	1.826813210657472764e-01	-1.144886788819820117e-01	8.811644460932424594e-02	-1.065681359320897470e-01	1.259799271654370723e-01	-1.290523586844677106e-01	8.784879480401724949e-02	-7.920111504296475924e-02	1.248494850482953777e-01	-9.429401830073144697e-02	1.258650214628715125e-01	-8.299645351543866179e-02	7.129656484125046489e-02
9.074649132437664911e-02	-6.448051520694934868e-02	8.717080995626629025e-02	-1.015651674076297750e-01	8.528876332841978103e-02	-8.289979887188028695e-02	6.231932740523735831e-02	-7.923882892690559121e-02	1.108162625054357059e-01	-7.985236421422041431e-02	1.009456636395444085e-01	-1.022485868307807799e-01	1.050716100430208605e-01	-2.300511538787623211e-01	1.897964503600054198e-01	-9.625383686935767846e-02	1.433499196044608348e-01	-2.153676683813310622e-01	1.000000000000000000e+00	-8.798806305501626346e-01	9.164899918572846915e-02	-1.062394013586658859e-01	1.359798049635833062e-01	-1.533526235841900509e-01	1.684419817269928732e-01	-9.058597842899200614e-02	8.692409026808262107e-02	-1.118969320888527075e-01	1.033192032585031617e-01	-1.346885757115294513e-01	6.102217116042445155e-02	-7.307877480168792350e-02	8.015941105607782280e-02	-8.068999414923209990e-02	8.458307974474005286e-02	-7.623415756286898437e-02	5.689405555891082628e-02	-8.014208769632313878e-02	7.399505603832640110e-02	-7.972607121576091860e-02
-9.297402211871873268e-02	6.412925157484862526e-02	-8.795272281105598333e-02	9.756485134528546099e-02	-9.028096280137271057e-02	8.218005674365531921e-02	-6.233630913374521576e-02	7.744057535220766342e-02	-1.108900513915856839e-01	8.155630218082840499e-02	-1.025102527597239049e-01	9.679844980914163732e-02	-1.022117654806998926e-01	1.831567491026819539e-01	-2.220980546711298631e-01	9.394761039838811501e-02	-1.443013343819147531e-01	1.660529567870013545e-01	-8.798806305501626346e-01	9.999999999999987788e-01	-9.229038048999643751e-02	1.026739976728549553e-01	-1.394249170519692160e-01	1.473667199491562330e-01	-2.290405047340499378e-01	8.847546669401581965e-02	-8.695915119808443616e-02	1.092640534311924427e-01	-1.070547443486926098e-01	1.366608666117087034e-01	-6.015662080689150593e-02	7.176121247896853628e-02	-7.993626548710094926e-02	8.096335551145489307e-02	-8.980429029209101299e-02	7.432818436736267353e-02	-5.600739450849135520e-02	7.827297602477591154e-02	-7.620002092281089046e-02	7.971676030720042938e-02
1.655795898475989625e-01	-1.004382674259613889e-01	1.141520278752166939e-01	-8.445942678358678291e-02	7.487168276412940748e-02	-1.618852794951226581e-01	9.894075107992736373e-02	-1.039604869338759813e-01	8.238814241686402695e-02	-6.017503297045084104e-02	2.449507022027783143e-01	-1.445159729330204312e-01	1.307002377229625478e-01	-9.121401453171772145e-02	1.073827276914752910e-01	-6.385847501679208227e-01	2.168561952991487907e-01	-2.138588773575302304e-01	9.164899918572846915e-02	-9.229038048999643751e-02	1.000000000000000666e+00	-4.950277255400076237e-01	2.610199283702190343e-01	-1.529133413733145264e-01	9.735948377616852889e-02	-3.337910116960093876e-01	2.427498234411334666e-01	-2.140697599750945590e-01	1.178854501091603224e-01	-8.240841303070685353e-02	1.587723606026877343e-01	-1.737350473350827429e-01	1.552570365821819010e-01	-9.532383789771040061e-02	8.004047241163812776e-02	-1.783853732204479514e-01	1.266844848611626551e-01	-1.654559850289392120e-01	8.868766427298098443e-02	-7.343477387387270516e-02
-1.557510015792284153e-01	9.243542030519703856e-02	-1.117273030021213448e-01	8.256064688762237980e-02	-7.462329812690977893e-02	1.344268778280007515e-01	-9.198135514897445852e-02	9.984693439032124584e-02	-8.235639121965022957e-02	5.986885546785441353e-02	-2.057623167990927093e-01	1.457152810585835845e-01	-1.409025068059081842e-01	9.316150404878840996e-02	-1.103311435953064634e-01	2.596426771967747515e-01	-4.623281410520133639e-01	2.776359458337649966e-01	-1.062394013586658859e-01	1.026739976728549553e-01	-4.950277255400076237e-01	1.000000000000000444e+00	-4.882508799876641437e-01	1.605623361902732138e-01	-1.049280747812445791e-01	2.490870375765366906e-01	-3.657561160704039804e-01	2.198723951916272956e-01	-1.257002004375568638e-01	8.632724667379304551e-02	-1.484561576084666989e-01	1.772726712988633713e-01	-1.622223997880038182e-01	9.799573925006745123e-02	-8.376369916927811632e-02	1.615363106612307253e-01	-1.241301450556073493e-01	1.565136904936066942e-01	-9.229382217898440821e-02	7.539651489531426498e-02
1.758234241984844293e-01	-1.084540326719042880e-01	1.280918353756526906e-01	-9.965464109099808621e-02	8.861726639115365123e-02	-1.574528870888631249e-01	1.056085698988342286e-01	-1.175964924525772642e-01	9.778928509345709286e-02	-7.222237508203988021e-02	2.095727461278000803e-01	-1.661631474042371825e-01	1.565540272104492814e-01	-1.144279841731843939e-01	1.319150622535080197e-01	-2.702158394688217724e-01	2.756803213414087406e-01	-3.902081796978550399e-01	1.359798049635833062e-01	-1.394249170519692160e-01	2.610199283702190343e-01	-4.882508799876641437e-01	9.999999999999978906e-01	-3.142607280289121396e-01	1.593551692778497897e-01	-2.710736773019550849e-01	2.560326081121412911e-01	-4.402135068096441062e-01	2.017072806648733396e-01	-1.344342810374345998e-01	1.751564869232663801e-01	-2.184184361377365935e-01	2.319655181761440255e-01	-1.521210786950960570e-01	1.260581643202016433e-01	-2.177884750273723358e-01	1.621625680400957670e-01	-2.296601630196494770e-01	1.384839738598231951e-01	-1.155323132238950112e-01
-1.517818365189186058e-01	8.529308771610777384e-02	-1.044623367862541341e-01	8.422808595991447544e-02	-8.083282807804990922e-02	1.153819308271728933e-01	-8.289416083572541394e-02	8.848142853440199573e-02	-8.617521473544657862e-02	6.483598694491890524e-02	-1.590683186501785362e-01	1.052745493757759193e-01	-1.054270417246662567e-01	1.010322519707543554e-01	-1.259226363682396932e-01	1.447824806425525856e-01	-1.409842466535868311e-01	1.501651458541366502e-01	-1.533526235841900509e-01	1.473667199491562330e-01	-1.529133413733145264e-01	1.605623361902732138e-01	-3.142607280289121396e-01	9.999999999999992228e-01	-4.594204296066802251e-01	1.573472738681915839e-01	-1.630093764905067577e-01	2.458601278101179566e-01	-5.987478713061974434e-01	2.805132675817124110e-01	-1.180712309578209190e-01	1.435889287008406956e-01	-1.928721653979391382e-01	2.583210254829246266e-01	-2.642191471362923538e-01	1.418012753827724570e-01	-1.150734707279260083e-01	1.598056461528116756e-01	-2.715159665627590591e-01	2.063634382258067723e-01
9.498712448448795587e-02	-5.723600873114061821e-02	7.052073201179751005e-02	-6.330928932961561728e-02	5.838565420266552536e-02	-7.760915442302235290e-02	5.513522573439691432e-02	-6.151550291135907123e-02	6.456633423727635435e-02	-4.915224123622637109e-02	1.011375463470886582e-01	-7.448588034515452039e-02	7.350853670611112722e-02	-8.606278463155221659e-02	1.002872247485181306e-01	-9.856598649901475440e-02	9.698512099653359975e-02	-1.106948133981825871e-01	1.684419817269928732e-01	-2.290405047340499378e-01	9.735948377616852889e-02	-1.049280747812445791e-01	1.593551692778497897e-01	-4.594204296066802251e-01	9.999999999999986677e-01	-1.125612638805565391e-01	1.081726412538753235e-01	-1.776726847552194677e-01	2.697293464205844926e-01	-7.108883737392469593e-01	8.387069659226020768e-02	-1.041062329788382396e-01	1.320355228941829939e-01	-2.071613280546021896e-01	2.519470399108678094e-01	-1.063240006931173848e-01	8.317336796061954030e-02	-1.211256869865920960e-01	1.829664346072666370e-01	-2.407049295706790715e-01
-1.897384054464681391e-01	1.020509215778338530e-01	-1.218546492396737901e-01	8.817594865220131084e-02	-8.400111106372744330e-02	1.428838519949037489e-01	-1.003493655968265008e-01	1.025558502797586785e-01	-8.886761548476304617e-02	6.535974034874053595e-02	-2.183294394610195421e-01	1.248690519168273311e-01	-1.232366266851582515e-01	9.342124360386581949e-02	-1.175623277691737883e-01	2.192854603753479070e-01	-1.797607210544698575e-01	1.665480591982410330e-01	-9.058597842899200614e-02	8.847546669401581965e-02	-3.337910116960093876e-01	2.490870375765366906e-01	-2.710736773019550849e-01	1.573472738681915839e-01	-1.125612638805565391e-01	9.999999999999970024e-01	-6.182364588368453040e-01	2.324029622006045792e-01	-1.416941385870489345e-01	9.353635083842731790e-02	-4.535958215752668443e-01	2.879004273878078557e-01	-2.319725878612007020e-01	1.176806861829292755e-01	-9.889556483558761824e-02	2.681877038881101960e-01	-2.099896243940173879e-01	2.129688272273028982e-01	-1.141154911061214028e-01	8.747503212570129083e-02
1.521122619771216322e-01	-8.663096715523765923e-02	1.023498393000500106e-01	-7.649629710285096862e-02	7.077377279837605839e-02	-1.241291528769388336e-01	8.464915995871064025e-02	-8.934818837525670965e-02	7.603549942568638143e-02	-5.612724046975226672e-02	1.771078453112721052e-01	-1.159668797563223885e-01	1.106105189796926375e-01	-8.332006129415248097e-02	1.011829010498426357e-01	-2.112509551671329089e-01	1.829461574654664413e-01	-1.813848410715534210e-01	8.692409026808262107e-02	-8.695915119808443616e-02	2.427498234411334666e-01	-3.657561160704039804e-01	2.560326081121412911e-01	-1.630093764905067577e-01	1.081726412538753235e-01	-6.182364588368453040e-01	9.999999999999955591e-01	-2.918752502627572354e-01	1.409627272234685313e-01	-9.297367896403009591e-02	2.779224919608266342e-01	-4.480008699715248843e-01	2.403858190973032771e-01	-1.212997745858760690e-01	9.558891772713518087e-02	-2.841476012467526457e-01	2.160714207203182080e-01	-2.494859902670048535e-01	1.112286802277670794e-01	-8.740831944619441296e-02
-2.033290505608387755e-01	1.088915477583458219e-01	-1.315532934790310804e-01	9.729652404586450198e-02	-9.383589188450382201e-02	1.480476005915967175e-01	-1.064852178843535419e-01	1.098838385375221355e-01	-9.866374739238920055e-02	7.311522322246907790e-02	-2.139959137896049191e-01	1.305693322134854617e-01	-1.310290147387563331e-01	1.053602423175628300e-01	-1.333523385220014290e-01	1.898514787011592042e-01	-1.799579255397110444e-01	1.826813210657472764e-01	-1.118969320888527075e-01	1.092640534311924427e-01	-2.140697599750945590e-01	2.198723951916272956e-01	-4.402135068096441062e-01	2.458601278101179566e-01	-1.776726847552194677e-01	2.324029622006045792e-01	-2.918752502627572354e-01	9.999999999999997780e-01	-3.161278039088865621e-01	1.535301807532122587e-01	-1.969648760115976505e-01	2.476158106563537409e-01	-5.748844780354253059e-01	2.115257351272069597e-01	-1.636769904965211242e-01	2.117931877297887511e-01	-1.972101051748081091e-01	2.532209969928939652e-01	-1.963142688457428786e-01	1.423265081533107990e-01
1.123514003687468565e-01	-6.413781430797445282e-02	7.731350726253191641e-02	-6.253188655767442927e-02	5.880840883410827502e-02	-8.809786473658541561e-02	6.205533157697500080e-02	-6.642569379539764451e-02	6.296383695459474572e-02	-4.748821054300826627e-02	1.190944127404671704e-01	-7.986223630413866181e-02	7.852494604592877292e-02	-7.383596759242343210e-02	8.990149239579012241e-02	-1.155485918480783497e-01	1.048762890739487197e-01	-1.144886788819820117e-01	1.033192032585031617e-01	-1.070547443486926098e-01	1.178854501091603224e-01	-1.257002004375568638e-01	2.017072806648733396e-01	-5.987478713061974434e-01	2.697293464205844926e-01	-1.416941385870489345e-01	1.409627272234685313e-01	-3.161278039088865621e-01	9.999999999999981126e-01	-3.586533146042865106e-01	1.108068693561076040e-01	-1.421996726266945565e-01	2.041748378366043393e-01	-4.867084155765763476e-01	2.397390513430409931e-01	-1.379844438881357160e-01	1.125646362565348724e-01	-1.649702728433626031e-01	2.649806028938175850e-01	-2.395017948540476560e-01
-8.249147529641032150e-02	4.838289907969064302e-02	-5.984334469139128421e-02	5.204430709625566809e-02	-4.920132911603531528e-02	6.526953803983626123e-02	-4.678462065420722210e-02	5.141588525701979578e-02	-5.368047891409935546e-02	4.065198970379518134e-02	-8.686802842692538384e-02	6.143371187451902860e-02	-6.127983410080690974e-02	6.864832486551508683e-02	-8.346116234924320920e-02	8.143270596483123680e-02	-8.036549526024115708e-02	8.811644460932424594e-02	-1.346885757115294513e-01	1.366608666117087034e-01	-8.240841303070685353e-02	8.632724667379304551e-02	-1.344342810374345998e-01	2.805132675817124110e-01	-7.108883737392469593e-01	9.353635083842731790e-02	-9.297367896403009591e-02	1.535301807532122587e-01	-3.586533146042865106e-01	9.999999999999998890e-01	-7.163967745057384096e-02	8.904541887125172472e-02	-1.216355813899618749e-01	2.087939765395358527e-01	-4.456158678273292040e-01	8.873155563245567479e-02	-7.174405512726263201e-02	1.030745798141456532e-01	-2.075363159823241099e-01	2.385846691850994628e-01
1.213110188990209615e-01	-6.565822479078116392e-02	7.813955329621941059e-02	-5.745079901169714010e-02	5.475744403051284459e-02	-9.142178171069595405e-02	6.414783172284525825e-02	-6.596016836203592859e-02	5.776315814507525237e-02	-4.273339274606800797e-02	1.330193444943609526e-01	-7.940808548016356494e-02	7.801420665493885576e-02	-6.124223299546208144e-02	7.687263404129028588e-02	-1.345436706503083113e-01	1.084688805092159647e-01	-1.065681359320897470e-01	6.102217116042445155e-02	-6.015662080689150593e-02	1.587723606026877343e-01	-1.484561576084666989e-01	1.751564869232663801e-01	-1.180712309578209190e-01	8.387069659226020768e-02	-4.535958215752668443e-01	2.779224919608266342e-01	-1.969648760115976505e-01	1.108068693561076040e-01	-7.163967745057384096e-02	9.999999999999988898e-01	-5.021736053137071387e-01	2.265101337061222742e-01	-1.003475382249066350e-01	7.787998819147247398e-02	-6.260271166935412746e-01	2.695981798968196119e-01	-2.553400330376514593e-01	9.395421746701665411e-02	-7.022850377422669432e-02
-1.416596755009478237e-01	7.633396041056701720e-02	-9.134806260599709349e-02	6.721931249933071895e-02	-6.433548656826477974e-02	1.053236408444760269e-01	-7.462636708850567402e-02	7.682898549288368073e-02	-6.778920398456343699e-02	5.016697239334016317e-02	-1.532779835417457381e-01	9.237485471438637574e-02	-9.133996926585806475e-02	7.200754622258230542e-02	-9.063689740299565867e-02	1.468463910692695829e-01	-1.305709988663883159e-01	1.259799271654370723e-01	-7.307877480168792350e-02	7.176121247896853628e-02	-1.737350473350827429e-01	1.772726712988633713e-01	-2.184184361377365935e-01	1.435889287008406956e-01	-1.041062329788382396e-01	2.879004273878078557e-01	-4.480008699715248843e-01	2.476158106563537409e-01	-1.421996726266945565e-01	8.904541887125172472e-02	-5.021736053137071387e-01	9.999999999999994449e-01	-4.288478943224889317e-01	1.323982991829917577e-01	-9.938782957067057722e-02	3.117788607046503291e-01	-4.351760331527027015e-01	2.914476251158598652e-01	-1.236175652812390724e-01	8.843576799199112659e-02
1.379086589445553956e-01	-7.560176512800602378e-02	9.026749724486006488e-02	-6.792165719962188486e-02	6.455419401260169276e-02	-1.044867229224972910e-01	7.359413909777358376e-02	-7.656174678677454826e-02	6.824831249673181388e-02	-5.077344550460290151e-02	1.474637711912189508e-01	-9.214989314879608318e-02	9.062612442570786020e-02	-7.405996705987452633e-02	9.224127110153468312e-02	-1.433395351263771211e-01	1.242108988324129026e-01	-1.290523586844677106e-01	8.015941105607782280e-02	-7.993626548710094926e-02	1.552570365821819010e-01	-1.622223997880038182e-01	2.319655181761440255e-01	-1.928721653979391382e-01	1.320355228941829939e-01	-2.319725878612007020e-01	2.403858190973032771e-01	-5.748844780354253059e-01	2.041748378366043393e-01	-1.216355813899618749e-01	2.265101337061222742e-01	-4.288478943224889317e-01	9.999999999999980016e-01	-2.606575025641429955e-01	1.365349133756038891e-01	-2.746310924717654256e-01	2.612804637502590954e-01	-4.663670180148438149e-01	1.790501607204031120e-01	-1.284945957830273822e-01
-9.300861708187121990e-02	5.217556738471339217e-02	-6.303653249626468835e-02	5.032819645602255171e-02	-4.786767788260479911e-02	7.123021023927117445e-02	-5.055799130160724963e-02	5.362654493414634876e-02	-5.092964034615905106e-02	3.835379309474242632e-02	-9.752422269219392092e-02	6.361227823746756771e-02	-6.293956807512375573e-02	5.879615317900514782e-02	-7.263954283346361895e-02	9.151358531370967775e-02	-8.264062294989317492e-02	8.784879480401724949e-02	-8.068999414923209990e-02	8.096335551145489307e-02	-9.532383789771040061e-02	9.799573925006745123e-02	-1.521210786950960570e-01	2.583210254829246266e-01	-2.071613280546021896e-01	1.176806861829292755e-01	-1.212997745858760690e-01	2.115257351272069597e-01	-4.867084155765763476e-01	2.087939765395358527e-01	-1.003475382249066350e-01	1.323982991829917577e-01	-2.606575025641429955e-01	9.999999999999987788e-01	-3.310581039430616213e-01	1.203602299354335076e-01	-1.070764642111688841e-01	1.555599467296325256e-01	-6.618944232298269448e-01	2.743987743697653414e-01
7.804646648766280781e-02	-4.521960347682118381e-02	5.467726864217539035e-02	-4.564802950360512951e-02	4.276771137982558063e-02	-6.191142826085951206e-02	4.361400323312747407e-02	-4.715419502349201680e-02	4.601277923745700216e-02	-3.491480598052723594e-02	8.229704874702212236e-02	-5.630053129307006909e-02	5.532231523349729480e-02	-5.566710370795768803e-02	6.718436221004395192e-02	-7.977301373382345018e-02	7.222662215850010614e-02	-7.920111504296475924e-02	8.458307974474005286e-02	-8.980429029209101299e-02	8.004047241163812776e-02	-8.376369916927811632e-02	1.260581643202016433e-01	-2.642191471362923538e-01	2.519470399108678094e-01	-9.889556483558761824e-02	9.558891772713518087e-02	-1.636769904965211242e-01	2.397390513430409931e-01	-4.456158678273292040e-01	7.787998819147247398e-02	-9.938782957067057722e-02	1.365349133756038891e-01	-3.310581039430616213e-01	9.999999999999986677e-01	-9.904536863865984198e-02	8.027569233482610700e-02	-1.196857431183738218e-01	2.839671131988554809e-01	-6.978205656260831891e-01
-1.639986855175291081e-01	8.596640868353015719e-02	-1.031199079538036578e-01	7.487428819612186592e-02	-7.273368234633439955e-02	1.168920517544703996e-01	-8.406213737755846571e-02	8.528976730922339933e-02	-7.591529717612990891e-02	5.617080615556447470e-02	-1.720414350758177890e-01	9.900774427094251318e-02	-9.903157320738133207e-02	7.891397674029193565e-02	-1.010237553597244653e-01	1.505253914223226852e-01	-1.285247796579626622e-01	1.248494850482953777e-01	-7.623415756286898437e-02	7.432818436736267353e-02	-1.783853732204479514e-01	1.615363106612307253e-01	-2.177884750273723358e-01	1.418012753827724570e-01	-1.063240006931173848e-01	2.681877038881101960e-01	-2.841476012467526457e-01	2.117931877297887511e-01	-1.379844438881357160e-01	8.873155563245567479e-02	-6.260271166935412746e-01	3.117788607046503291e-01	-2.746310924717654256e-01	1.203602299354335076e-01	-9.904536863865984198e-02	9.999999999999983347e-01	-4.984199000798622547e-01	2.813163295200434288e-01	-1.196331480988627183e-01	8.674837470646684645e-02
1.125594454511275738e-01	-6.024365400916455865e-02	7.200292641483473088e-02	-5.302836325850632249e-02	5.095823369201942649e-02	-8.273159472702550088e-02	5.878700912598891493e-02	-6.029971497778781331e-02	5.349858982045485600e-02	-3.966391286811379868e-02	1.194557954847711156e-01	-7.133644855000409457e-02	7.064026727324154709e-02	-5.657983846363022484e-02	7.150862289522506854e-02	-1.117420086518911559e-01	9.486498354605796268e-02	-9.429401830073144697e-02	5.689405555891082628e-02	-5.600739450849135520e-02	1.266844848611626551e-01	-1.241301450556073493e-01	1.621625680400957670e-01	-1.150734707279260083e-01	8.317336796061954030e-02	-2.099896243940173879e-01	2.160714207203182080e-01	-1.972101051748081091e-01	1.125646362565348724e-01	-7.174405512726263201e-02	2.695981798968196119e-01	-4.351760331527027015e-01	2.612804637502590954e-01	-1.070764642111688841e-01	8.027569233482610700e-02	-4.984199000798622547e-01	9.999999999999988898e-01	-6.569003746335553284e-01	1.020789081824874794e-01	-7.341251855231288592e-02
-1.644013756055094921e-01	8.626870969518132815e-02	-1.036909708493241461e-01	7.583659837872787357e-02	-7.379377268515624477e-02	1.167149555715920883e-01	-8.423697624064982459e-02	8.571129397945453920e-02	-7.696220985229126899e-02	5.707094627989338365e-02	-1.696422095070477254e-01	9.904949618157789237e-02	-9.927429889927311124e-02	8.050688625832583267e-02	-1.030617359654817378e-01	1.457907969701612572e-01	-1.273668368207220292e-01	1.258650214628715125e-01	-8.014208769632313878e-02	7.827297602477591154e-02	-1.654559850289392120e-01	1.565136904936066942e-01	-2.296601630196494770e-01	1.598056461528116756e-01	-1.211256869865920960e-01	2.129688272273028982e-01	-2.494859902670048535e-01	2.532209969928939652e-01	-1.649702728433626031e-01	1.030745798141456532e-01	-2.553400330376514593e-01	2.914476251158598652e-01	-4.663670180148438149e-01	1.555599467296325256e-01	-1.196857431183738218e-01	2.813163295200434288e-01	-6.569003746335553284e-01	9.999999999999986677e-01	-1.602570424855704612e-01	1.068254771315441665e-01
8.498625012834840065e-02	-4.836527287332070824e-02	5.808223109552428098e-02	-4.681637704053112636e-02	4.405329187725771922e-02	-6.652773216430854508e-02	4.674192253962294874e-02	-4.985299162818477431e-02	4.703968343731730617e-02	-3.550713185232447222e-02	8.972788746207288613e-02	-5.951873926511130203e-02	5.841316959318725022e-02	-5.472226907005695029e-02	6.676454227327868751e-02	-8.711784335351141495e-02	7.680960400924871645e-02	-8.299645351543866179e-02	7.399505603832640110e-02	-7.620002092281089046e-02	8.868766427298098443e-02	-9.229382217898440821e-02	1.384839738598231951e-01	-2.715159665627590591e-01	1.829664346072666370e-01	-1.141154911061214028e-01	1.112286802277670794e-01	-1.963142688457428786e-01	2.649806028938175850e-01	-2.075363159823241099e-01	9.395421746701665411e-02	-1.236175652812390724e-01	1.790501607204031120e-01	-6.618944232298269448e-01	2.839671131988554809e-01	-1.196331480988627183e-01	1.020789081824874794e-01	-1.602570424855704612e-01	9.999999999999986677e-01	-5.372085051016316504e-01
