1.000000000000000000e+00	-3.544213753952993318e-01	1.727410049988335194e-01	-1.048294295040615165e-01	9.984029116485951261e-02	-8.618499347000041499e-01	1.794828049294838468e-01	-1.637791374274742140e-01	9.327598486448110404e-02	-5.731683933786175383e-02	1.963123813563009967e-01	-1.479804282899150059e-01	1.042357621509736876e-01	-1.221073498043500211e-01	7.028243007228625328e-02	-1.047692658557794615e-01	9.301424199377421320e-02	-9.995267831485252219e-02	8.553145592230590455e-02	-6.531987680238894589e-02	1.076135291013687184e-01	-9.267157869231501532e-02	7.342199839234821168e-02	-6.755646646698497404e-02	7.384930863325163408e-02	-4.002103874518416621e-02	3.852930157175767784e-02	-6.871498966183477164e-02	6.281729968459355551e-02	-5.933057860600996630e-02	3.025711797180731522e-02	-3.866397391305672476e-02	5.015413378160811508e-02	-6.348722421986152664e-02	4.659259318125771876e-02	-4.161058774911606528e-02	3.910912181094981094e-02	-5.357654712633427851e-02	3.566235766166602622e-02	-4.476381037658374445e-02
-3.544213753952993318e-01	1.000000000000000444e+00	-5.798307481210240866e-01	1.827986417560487353e-01	-1.685776501280693562e-01	2.386805812281554140e-01	-5.004802881548929827e-01	2.966327988134452309e-01	-1.773074022120691706e-01	9.232452322695325342e-02	-2.595926999843003458e-01	2.392096830313209799e-01	-1.748856858879690723e-01	1.797927853405693333e-01	-1.140412996059613909e-01	1.353579087123627234e-01	-1.398191634463141764e-01	1.469628112003956155e-01	-1.335582360384874323e-01	1.004615158532429081e-01	-1.613091699658726896e-01	1.303677234856391587e-01	-1.091220712726064801e-01	9.893087280720413990e-02	-1.144994628521200097e-01	5.657251829656968767e-02	-5.532634942043307413e-02	9.811511947602050143e-02	-9.326658882892253921e-02	8.711748900599868006e-02	-4.309299601217816272e-02	5.502114490652679213e-02	-7.251019750715929912e-02	9.155402747226627780e-02	-6.878161029019813633e-02	5.860612971983800157e-02	-5.612296556913767137e-02	7.580495885543273027e-02	-5.127441401758726924e-02	6.350914963312093153e-02
1.727410049988335194e-01	-5.798307481210240866e-01	1.000000000000000222e+00	-3.081778366355829579e-01	1.459762208083966173e-01	-1.795696066561677240e-01	2.621749671719740271e-01	-6.323089783582357404e-01	2.357399257328651465e-01	-8.285604236244370480e-02	1.841875512504310697e-01	-1.915274190936001042e-01	1.503598680606957338e-01	-1.691855595678980473e-01	9.687096858281685208e-02	-1.046624381159254602e-01	1.096391945667455903e-01	-1.254687361599568785e-01	1.112477291679895702e-01	-8.590250755258252435e-02	1.224760492669947909e-01	-1.059183492812551947e-01	9.052792994374080082e-02	-8.350115380490920336e-02	9.549102952322374716e-02	-4.789014298469557868e-02	4.646383039374738649e-02	-8.339343024315036546e-02	7.823433148151835714e-02	-7.443228670051219020e-02	3.649568368248519434e-02	-4.671762544365681835e-02	6.127726524815588216e-02	-7.854699957308709790e-02	5.825359408522162719e-02	-5.000730816497014897e-02	4.748719030168137289e-02	-6.486590072655952499e-02	4.365391619637689485e-02	-5.453517338773186673e-02
-1.048294295040615165e-01	1.827986417560487353e-01	-3.081778366355829579e-01	1.000000000000000888e+00	-2.392371052318469637e-01	1.038077075088742612e-01	-1.857159199298317465e-01	2.754599088492605263e-01	-8.268735213094557945e-01	1.198065338369538463e-01	-1.778535342575480183e-01	1.484850693278629286e-01	-1.457132730681495736e-01	1.815837495876738428e-01	-1.271009604360595069e-01	1.012316451302336662e-01	-1.079486102947762038e-01	1.267645215161352368e-01	-1.252262282119165071e-01	1.020830170676016030e-01	-1.249761098068545018e-01	1.054436671247751811e-01	-9.646168238720181920e-02	9.082107687250019767e-02	-1.105452246387071680e-01	5.181827685800756422e-02	-5.025257341122133653e-02	9.030068242085675934e-02	-8.636719292630322398e-02	8.427409849075515047e-02	-3.974300712756938941e-02	5.092636134201820181e-02	-6.698352262380380395e-02	8.794192633461385411e-02	-6.546596859026491966e-02	5.456145361451247150e-02	-5.191349759817734388e-02	7.112368507477007107e-02	-4.828194462988423530e-02	6.043512181583992476e-02
9.984029116485951261e-02	-1.685776501280693562e-01	1.459762208083966173e-01	-2.392371052318469637e-01	1.000000000000000222e+00	-1.163893348862331117e-01	1.648855555909838622e-01	-2.015421154838792084e-01	1.746637104687007447e-01	-6.144930021249165319e-01	2.010283890776177473e-01	-1.954865808418401185e-01	1.889168825170070287e-01	-2.889150464925964723e-01	3.064574390209847676e-01	-1.463189809586313006e-01	1.644249297996974724e-01	-2.353000073843195539e-01	2.299441669891787443e-01	-2.635563365691240278e-01	1.701964551972328932e-01	-1.828281153506428613e-01	1.850179702423724870e-01	-1.951183241707598326e-01	2.266147609130084173e-01	-1.203166375503896129e-01	1.111478003415193733e-01	-2.073052865931173938e-01	1.835875610846534611e-01	-2.076780251779827280e-01	9.225789390232963516e-02	-1.194259377012970025e-01	1.512893876041660479e-01	-2.210221040481943622e-01	1.512714306054984137e-01	-1.321344597465373416e-01	1.193675901962754360e-01	-1.742030950894070118e-01	1.153729957652831900e-01	-1.524132734581210846e-01
-8.618499347000041499e-01	2.386805812281554140e-01	-1.795696066561677240e-01	1.038077075088742612e-01	-1.163893348862331117e-01	1.000000000000000444e+00	-2.019511022242096443e-01	1.543521618341156809e-01	-9.743194738891225448e-02	6.509681410035586535e-02	-2.893664633989533330e-01	1.534896865824453283e-01	-1.142366585247330951e-01	1.281782186639630616e-01	-8.093114340238835580e-02	1.248414968973543815e-01	-1.090614396875381614e-01	1.105969838153467999e-01	-9.765543165620740873e-02	7.383038928453182492e-02	-1.339381513007141811e-01	1.054465101257268805e-01	-8.322352626912046802e-02	7.572285343928372714e-02	-8.449422144822435476e-02	4.461903236240254839e-02	-4.326635974276266811e-02	7.639845451222167239e-02	-7.091123703011746604e-02	6.631497997119324694e-02	-3.375716096000290489e-02	4.304888196115078808e-02	-5.611787698463049229e-02	7.052768536460152227e-02	-5.233825306718297571e-02	4.612246404492661989e-02	-4.369985714994899240e-02	5.931995929238526033e-02	-3.972938468482586916e-02	4.952423765146370810e-02
1.794828049294838468e-01	-5.004802881548929827e-01	2.621749671719740271e-01	-1.857159199298317465e-01	1.648855555909838622e-01	-2.019511022242096443e-01	1.000000000000000222e+00	-3.757849149618354700e-01	1.691666412180716228e-01	-9.717586925651479357e-02	2.466851182228962658e-01	-5.994919222387842250e-01	2.365445905994760512e-01	-2.560930838526908615e-01	1.195023886909659522e-01	-1.515287952294674945e-01	1.680270246338629592e-01	-1.877523524977205704e-01	1.499092111172041497e-01	-1.118010984662504287e-01	1.651836992051682884e-01	-1.579890782438121144e-01	1.252657141214930658e-01	-1.137840054682991847e-01	1.234186881497427585e-01	-6.402304369348617297e-02	6.219227914090750403e-02	-1.128315675047802807e-01	1.041873885530347071e-01	-9.748092087454465759e-02	4.849220797768254154e-02	-6.219049411240442499e-02	8.165453852217313679e-02	-1.031921552341050347e-01	7.623879631924439237e-02	-6.635331285345241747e-02	6.295176428161425308e-02	-8.609365161652110521e-02	5.745286119820831872e-02	-7.170265475251759446e-02
-1.637791374274742140e-01	2.966327988134452309e-01	-6.323089783582357404e-01	2.754599088492605263e-01	-2.015421154838792084e-01	1.543521618341156809e-01	-3.757849149618354700e-01	1.000000000000000888e+00	-4.008937487690356072e-01	1.100479968769404876e-01	-2.534964352682144151e-01	2.268491305027244276e-01	-2.186574527196575024e-01	2.101671017272324082e-01	-1.331006613600291544e-01	1.376668698174170757e-01	-1.465756451053642218e-01	1.627559248896361110e-01	-1.510192280083949012e-01	1.142866457963706839e-01	-1.689508659488352105e-01	1.374550141353557131e-01	-1.201052194540330464e-01	1.093405161448934154e-01	-1.293088488081792220e-01	6.185381512067224946e-02	-6.058254482495566140e-02	1.078162940670776282e-01	-1.035143756260781117e-01	9.724656454987515297e-02	-4.729002576544530378e-02	6.043314316228018401e-02	-7.993595999243542638e-02	1.016683318867821068e-01	-7.663978509382154969e-02	6.430488417740523599e-02	-6.175404894069656120e-02	8.343373190419237084e-02	-5.667709081953237193e-02	7.014624870680158386e-02
9.327598486448110404e-02	-1.773074022120691706e-01	2.357399257328651465e-01	-8.268735213094557945e-01	1.746637104687007447e-01	-9.743194738891225448e-02	1.691666412180716228e-01	-4.008937487690356072e-01	1.000000000000001776e+00	-1.069478267025994328e-01	1.522041590235747033e-01	-1.461916641713067178e-01	1.452312396462255295e-01	-2.123288442386974673e-01	1.086011470013552027e-01	-9.051679872630877255e-02	9.808788838789343767e-02	-1.205970524697678736e-01	1.127542092369604454e-01	-9.191978102996774258e-02	1.088516494805697316e-01	-9.660743428615770068e-02	8.800901370938610246e-02	-8.314547907764384405e-02	9.765487337341784146e-02	-4.750786030772270740e-02	4.582672151190756576e-02	-8.311974158931678680e-02	7.818186165800054821e-02	-7.673526385068389633e-02	3.636109861008276350e-02	-4.667711104082761242e-02	6.115760442203478642e-02	-8.060046411022166180e-02	5.926699119144417105e-02	-5.015155138218922726e-02	4.739951314849337460e-02	-6.544591432008428633e-02	4.411419375765897322e-02	-5.554901566704731342e-02
-5.731683933786175383e-02	9.232452322695325342e-02	-8.285604236244370480e-02	1.198065338369538463e-01	-6.144930021249165319e-01	6.509681410035586535e-02	-9.717586925651479357e-02	1.100479968769404876e-01	-1.069478267025994328e-01	1.000000000000000222e+00	-1.252292807201233205e-01	1.126454399524855765e-01	-1.189343906640631526e-01	1.707876507041757863e-01	-6.703844326414732935e-01	8.870692521753983928e-02	-1.025261428434393191e-01	1.465029849175280008e-01	-1.905853821295330763e-01	2.270062459109675745e-01	-1.061329943504444873e-01	1.093810307906167983e-01	-1.165485177762101560e-01	1.241273584274694280e-01	-1.942842789200211473e-01	6.658666847946280443e-02	-6.313022764604038495e-02	1.194305649973719935e-01	-1.170365858122200814e-01	1.306922625052011899e-01	-5.134564319808734151e-02	6.668161997831358045e-02	-8.756533655789451587e-02	1.285859398447606605e-01	-9.546084489344024149e-02	7.204161399143420297e-02	-6.734009134100413241e-02	9.622336085633148572e-02	-6.558429208295819823e-02	8.420249115294745068e-02
1.963123813563009967e-01	-2.595926999843003458e-01	1.841875512504310697e-01	-1.778535342575480183e-01	2.010283890776177473e-01	-2.893664633989533330e-01	2.466851182228962658e-01	-2.534964352682144151e-01	1.522041590235747033e-01	-1.252292807201233205e-01	1.000000000000001110e+00	-3.835486224229482377e-01	2.368219086748872271e-01	-3.008237830316848882e-01	1.533379083316820102e-01	-5.171282283931019075e-01	2.678061315816699928e-01	-2.743638347876274919e-01	2.051721411449108357e-01	-1.576857141094650527e-01	2.956073394421049327e-01	-2.843790078670300758e-01	1.931552718487537512e-01	-1.788349026530824393e-01	1.752366694943098546e-01	-1.104617031173201896e-01	1.041678292807387274e-01	-1.873909720387952615e-01	1.609832692128013443e-01	-1.527603398744999397e-01	8.210207110455747248e-02	-1.050386838018818880e-01	1.332903051077748147e-01	-1.674753314911827107e-01	1.190071570948940810e-01	-1.143199692465067252e-01	1.047439228420599389e-01	-1.460083025778964871e-01	9.460932856816996195e-02	-1.207010329221889777e-01
-1.479804282899150059e-01	2.392096830313209799e-01	-1.915274190936001042e-01	1.484850693278629286e-01	-1.954865808418401185e-01	1.534896865824453283e-01	-5.994919222387842250e-01	2.268491305027244276e-01	-1.461916641713067178e-01	1.126454399524855765e-01	-3.835486224229482377e-01	1.000000000000000222e+00	-4.597163785292474603e-01	2.800594091742668601e-01	-1.452421285608356816e-01	2.002074694616835793e-01	-2.648722586832564230e-01	2.373035760486028045e-01	-1.924907266578121112e-01	1.347694674600304898e-01	-2.232397854082293631e-01	1.986605202871492004e-01	-1.587064849814177891e-01	1.375090044393600663e-01	-1.511774605859975695e-01	7.538465779296328606e-02	-7.431654994357425603e-02	1.335928418124701922e-01	-1.264527223303758552e-01	1.148910126656210867e-01	-5.710575064002121337e-02	7.312129713277287779e-02	-9.725857686064365293e-02	1.203678338789791885e-01	-9.055434085031302538e-02	7.724142284919224832e-02	-7.433831512140987030e-02	1.002356661418546402e-01	-6.735276197288724009e-02	8.302769731245533691e-02
1.042357621509736876e-01	-1.748856858879690723e-01	1.503598680606957338e-01	-1.457132730681495736e-01	1.889168825170070287e-01	-1.142366585247330951e-01	2.365445905994760512e-01	-2.186574527196575024e-01	1.452312396462255295e-01	-1.189343906640631526e-01	2.368219086748872271e-01	-4.597163785292474603e-01	1.000000000000001998e+00	-6.623158782512605924e-01	1.551025596801030304e-01	-1.623512653054567934e-01	2.063289727343108337e-01	-4.098764268462749549e-01	2.203539999979141628e-01	-1.507910413146179018e-01	1.809883578971314688e-01	-1.847562557509606906e-01	1.695985279410458235e-01	-1.490180874677957956e-01	1.556197435168233945e-01	-7.424764506883910209e-02	7.302578131184143950e-02	-1.397584777566909797e-01	1.304483537369629798e-01	-1.190416683284504229e-01	5.643833998090094783e-02	-7.302655811279171183e-02	9.845212495311167489e-02	-1.234384122980358989e-01	9.225200067096868406e-02	-7.663618958713033780e-02	7.390862478254128787e-02	-1.012958321534256217e-01	6.760231781209410928e-02	-8.353237677501307301e-02
-1.221073498043500211e-01	1.797927853405693333e-01	-1.691855595678980473e-01	1.815837495876738428e-01	-2.889150464925964723e-01	1.281782186639630616e-01	-2.560930838526908615e-01	2.101671017272324082e-01	-2.123288442386974673e-01	1.707876507041757863e-01	-3.008237830316848882e-01	2.800594091742668601e-01	-6.623158782512605924e-01	1.000000000000000444e+00	-2.469616145098611770e-01	1.812150032192722804e-01	-2.168186641142341720e-01	2.821145119324646178e-01	-2.985647420912687644e-01	1.957404578638630710e-01	-2.256614286725873164e-01	1.960982409954576677e-01	-1.953918085983613329e-01	1.742600464122544823e-01	-2.117990628898644978e-01	8.917762037336052217e-02	-8.850979625342082768e-02	1.623027309863077361e-01	-1.626261525817346287e-01	1.494231923334449763e-01	-6.863581996009354702e-02	8.824757039389798108e-02	-1.198760787075363182e-01	1.521273011261633779e-01	-1.172403294932734541e-01	9.257961588450808188e-02	-9.050118136290152826e-02	1.218802511284725887e-01	-8.358842946100131233e-02	1.022092012172191866e-01
7.028243007228625328e-02	-1.140412996059613909e-01	9.687096858281685208e-02	-1.271009604360595069e-01	3.064574390209847676e-01	-8.093114340238835580e-02	1.195023886909659522e-01	-1.331006613600291544e-01	1.086011470013552027e-01	-6.703844326414732935e-01	1.533379083316820102e-01	-1.452421285608356816e-01	1.551025596801030304e-01	-2.469616145098611770e-01	9.999999999999992228e-01	-1.127706876125988272e-01	1.309898053910416305e-01	-1.990795399990623049e-01	2.378724584209229442e-01	-4.558446152088002079e-01	1.321666171440407656e-01	-1.423819166208831477e-01	1.500422430484234515e-01	-1.648886705261673746e-01	2.338169438604491557e-01	-8.689812987831799229e-02	8.179338402679130204e-02	-1.574787250590394538e-01	1.500453575970120967e-01	-1.765848380545006480e-01	6.676822041005406327e-02	-8.701700266892271884e-02	1.136560770295806794e-01	-1.709928355087820540e-01	1.229635006871693387e-01	-9.416671124936105974e-02	8.736299319994803025e-02	-1.264392882358987558e-01	8.534060459326006653e-02	-1.106678418531401586e-01
-1.047692658557794615e-01	1.353579087123627234e-01	-1.046624381159254602e-01	1.012316451302336662e-01	-1.463189809586313006e-01	1.248414968973543815e-01	-1.515287952294674945e-01	1.376668698174170757e-01	-9.051679872630877255e-02	8.870692521753983928e-02	-5.171282283931019075e-01	2.002074694616835793e-01	-1.623512653054567934e-01	1.812150032192722804e-01	-1.127706876125988272e-01	9.999999999999996669e-01	-4.503043004051733300e-01	2.196127841906574951e-01	-1.667712309938935433e-01	1.161587562853212824e-01	-6.280926734546701251e-01	2.956042634251780932e-01	-1.655113297167150055e-01	1.371214815084447480e-01	-1.318687508424581378e-01	8.287068037820467803e-02	-8.080697326943372949e-02	1.371343067096117974e-01	-1.219941494588277359e-01	1.075654343593270140e-01	-6.001788279696521067e-02	7.578201364398265416e-02	-9.767088541264418167e-02	1.155812621140446528e-01	-8.496780767559342085e-02	8.022719767007993608e-02	-7.582980488914387029e-02	1.012093390981057828e-01	-6.599118221437658138e-02	8.177859489367447776e-02
9.301424199377421320e-02	-1.398191634463141764e-01	1.096391945667455903e-01	-1.079486102947762038e-01	1.644249297996974724e-01	-1.090614396875381614e-01	1.680270246338629592e-01	-1.465756451053642218e-01	9.808788838789343767e-02	-1.025261428434393191e-01	2.678061315816699928e-01	-2.648722586832564230e-01	2.063289727343108337e-01	-2.168186641142341720e-01	1.309898053910416305e-01	-4.503043004051733300e-01	9.999999999999978906e-01	-4.402066017843766499e-01	2.128923292049701155e-01	-1.438660642416511870e-01	3.110403297488644192e-01	-6.134849498758730979e-01	2.226626287879798494e-01	-1.779240315051498766e-01	1.553852102098727539e-01	-9.386981891330230254e-02	9.395575331095389060e-02	-1.696841861988421518e-01	1.475097667411847946e-01	-1.263938592146580941e-01	6.786467967626090558e-02	-8.760469167818304981e-02	1.150098466381035273e-01	-1.343360699508967249e-01	9.894989380641887322e-02	-9.083094629741683690e-02	8.669157823518996997e-02	-1.167753164820588552e-01	7.550226937667170457e-02	-9.287971195054710305e-02
-9.995267831485252219e-02	1.469628112003956155e-01	-1.254687361599568785e-01	1.267645215161352368e-01	-2.353000073843195539e-01	1.105969838153467999e-01	-1.877523524977205704e-01	1.627559248896361110e-01	-1.205970524697678736e-01	1.465029849175280008e-01	-2.743638347876274919e-01	2.373035760486028045e-01	-4.098764268462749549e-01	2.821145119324646178e-01	-1.990795399990623049e-01	2.196127841906574951e-01	-4.402066017843766499e-01	1.000000000000000666e+00	-4.834442686844111492e-01	2.239516866254154803e-01	-2.555700915519446004e-01	2.728045860955833901e-01	-3.517742164773576263e-01	2.359616904549743654e-01	-2.322520509425005097e-01	1.017446108618918071e-01	-1.031494641788762573e-01	2.062420500382929345e-01	-2.002734008774338659e-01	1.669921518417418760e-01	-7.766360564658296439e-02	1.012326091223641061e-01	-1.435851275372148350e-01	1.699410086869234948e-01	-1.303343636750386170e-01	1.035035065578935459e-01	-1.028031389600148476e-01	1.390292127402685540e-01	-9.304960634136885678e-02	1.124793560491004762e-01
8.553145592230590455e-02	-1.335582360384874323e-01	1.112477291679895702e-01	-1.252262282119165071e-01	2.299441669891787443e-01	-9.765543165620740873e-02	1.499092111172041497e-01	-1.510192280083949012e-01	1.127542092369604454e-01	-1.905853821295330763e-01	2.051721411449108357e-01	-1.924907266578121112e-01	2.203539999979141628e-01	-2.985647420912687644e-01	2.378724584209229442e-01	-1.667712309938935433e-01	2.128923292049701155e-01	-4.834442686844111492e-01	9.999999999999993339e-01	-5.414235796365595155e-01	1.887322373862399816e-01	-2.237804131426769649e-01	2.478796388466440737e-01	-3.378148561515300630e-01	2.830801908472475037e-01	-1.077638686518886252e-01	1.046870361744905165e-01	-2.185109625533289968e-01	2.229291488801485310e-01	-2.220536298659536723e-01	8.236495441545162166e-02	-1.085183738127793868e-01	1.485633761647635054e-01	-2.144905307443688847e-01	1.554924080023896149e-01	-1.131358328821556319e-01	1.089214906144087835e-01	-1.550815461487800029e-01	1.041455630032739332e-01	-1.305846731932621130e-01
-6.531987680238894589e-02	1.004615158532429081e-01	-8.590250755258252435e-02	1.020830170676016030e-01	-2.635563365691240278e-01	7.383038928453182492e-02	-1.118010984662504287e-01	1.142866457963706839e-01	-9.191978102996774258e-02	2.270062459109675745e-01	-1.576857141094650527e-01	1.347694674600304898e-01	-1.507910413146179018e-01	1.957404578638630710e-01	-4.558446152088002079e-01	1.161587562853212824e-01	-1.438660642416511870e-01	2.239516866254154803e-01	-5.414235796365595155e-01	9.999999999999972244e-01	-1.402379956919484472e-01	1.480398367954522953e-01	-1.750177979091797620e-01	2.008759198978447569e-01	-5.330449786704924975e-01	8.380522763330273961e-02	-8.161043467148344777e-02	1.620784452766685924e-01	-1.812786298114410499e-01	2.132230507735052016e-01	-6.494460073076666062e-02	8.522202594555090827e-02	-1.173510918731201225e-01	1.810352169198669037e-01	-1.476033554952962401e-01	8.918875535473015648e-02	-8.660856448013082298e-02	1.224905847001832304e-01	-8.633948824517136134e-02	1.079003064685209040e-01
1.076135291013687184e-01	-1.613091699658726896e-01	1.224760492669947909e-01	-1.249761098068545018e-01	1.701964551972328932e-01	-1.339381513007141811e-01	1.651836992051682884e-01	-1.689508659488352105e-01	1.088516494805697316e-01	-1.061329943504444873e-01	2.956073394421049327e-01	-2.232397854082293631e-01	1.809883578971314688e-01	-2.256614286725873164e-01	1.321666171440407656e-01	-6.280926734546701251e-01	3.110403297488644192e-01	-2.555700915519446004e-01	1.887322373862399816e-01	-1.402379956919484472e-01	9.999999999999985567e-01	-5.177310170708615544e-01	2.082820331077716858e-01	-1.806670042233687046e-01	1.592762985494972916e-01	-1.199172236349241583e-01	1.113121761013732836e-01	-1.870684032995567347e-01	1.554598656005677926e-01	-1.387849753284369214e-01	8.284301334161175978e-02	-1.041180054357136869e-01	1.295001399818095367e-01	-1.524020714013024913e-01	1.091771951052562667e-01	-1.116902367777268118e-01	1.023982247883625379e-01	-1.381055948531296762e-01	8.776782715371612975e-02	-1.102792346432361625e-01
-9.267157869231501532e-02	1.303677234856391587e-01	-1.059183492812551947e-01	1.054436671247751811e-01	-1.828281153506428613e-01	1.054465101257268805e-01	-1.579890782438121144e-01	1.374550141353557131e-01	-9.660743428615770068e-02	1.093810307906167983e-01	-2.843790078670300758e-01	1.986605202871492004e-01	-1.847562557509606906e-01	1.960982409954576677e-01	-1.423819166208831477e-01	2.956042634251780932e-01	-6.134849498758730979e-01	2.728045860955833901e-01	-2.237804131426769649e-01	1.480398367954522953e-01	-5.177310170708615544e-01	9.999999999999976685e-01	-3.406187400739975613e-01	2.012297148192010721e-01	-1.751988212010592572e-01	1.117817404517032626e-01	-1.222044892197562127e-01	1.938189764277235549e-01	-1.749770437626499420e-01	1.379330302207355807e-01	-7.993245829145867454e-02	1.023216003674952274e-01	-1.360016721442967036e-01	1.464789690493620289e-01	-1.108593148115544075e-01	1.034738021445008732e-01	-1.015509117543620526e-01	1.304822088421045689e-01	-8.496290362611168268e-02	1.020130378038731078e-01
7.342199839234821168e-02	-1.091220712726064801e-01	9.052792994374080082e-02	-9.646168238720181920e-02	1.850179702423724870e-01	-8.322352626912046802e-02	1.252657141214930658e-01	-1.201052194540330464e-01	8.800901370938610246e-02	-1.165485177762101560e-01	1.931552718487537512e-01	-1.587064849814177891e-01	1.695985279410458235e-01	-1.953918085983613329e-01	1.500422430484234515e-01	-1.655113297167150055e-01	2.226626287879798494e-01	-3.517742164773576263e-01	2.478796388466440737e-01	-1.750177979091797620e-01	2.082820331077716858e-01	-3.406187400739975613e-01	9.999999999999970024e-01	-5.668985108539729145e-01	2.137509155377950443e-01	-1.341523033331385728e-01	1.363650972197384403e-01	-4.818218656473796657e-01	2.897243508685400926e-01	-1.936040717469622863e-01	1.006489207216134246e-01	-1.395098245794524905e-01	2.122824859588882118e-01	-2.107584854984908274e-01	1.524849442066560923e-01	-1.338948441007428158e-01	1.353264695190485034e-01	-1.979602457039739416e-01	1.175720547076754829e-01	-1.409366592998298473e-01
-6.755646646698497404e-02	9.893087280720413990e-02	-8.350115380490920336e-02	9.082107687250019767e-02	-1.951183241707598326e-01	7.572285343928372714e-02	-1.137840054682991847e-01	1.093405161448934154e-01	-8.314547907764384405e-02	1.241273584274694280e-01	-1.788349026530824393e-01	1.375090044393600663e-01	-1.490180874677957956e-01	1.742600464122544823e-01	-1.648886705261673746e-01	1.371214815084447480e-01	-1.779240315051498766e-01	2.359616904549743654e-01	-3.378148561515300630e-01	2.008759198978447569e-01	-1.806670042233687046e-01	2.012297148192010721e-01	-5.668985108539729145e-01	9.999999999999988898e-01	-2.876827368720757394e-01	1.093494591105610980e-01	-1.137382467957529508e-01	2.800348912478240471e-01	-5.694941471449980197e-01	2.251197883845494907e-01	-8.527150485571653726e-02	1.148097504252995338e-01	-1.806501402648056920e-01	2.264613097067550707e-01	-1.795674868386727130e-01	1.118305546884403867e-01	-1.167191500965446965e-01	1.606290647933420468e-01	-1.096848100820658617e-01	1.278243647890283108e-01
7.384930863325163408e-02	-1.144994628521200097e-01	9.549102952322374716e-02	-1.105452246387071680e-01	2.266147609130084173e-01	-8.449422144822435476e-02	1.234186881497427585e-01	-1.293088488081792220e-01	9.765487337341784146e-02	-1.942842789200211473e-01	1.752366694943098546e-01	-1.511774605859975695e-01	1.556197435168233945e-01	-2.117990628898644978e-01	2.338169438604491557e-01	-1.318687508424581378e-01	1.553852102098727539e-01	-2.322520509425005097e-01	2.830801908472475037e-01	-5.330449786704924975e-01	1.592762985494972916e-01	-1.751988212010592572e-01	2.137509155377950443e-01	-2.876827368720757394e-01	9.999999999999968914e-01	-1.169711255423246804e-01	1.120874554002530277e-01	-2.297429508651372965e-01	2.558565400919431410e-01	-5.021327815446519072e-01	9.094345996495117879e-02	-1.208747924796452766e-01	1.658908043666120768e-01	-3.155497074112339484e-01	2.438495627066133986e-01	-1.263737945046254918e-01	1.221168105796261449e-01	-1.789796507594639263e-01	1.291655424788094864e-01	-1.663240995851393844e-01
-4.002103874518416621e-02	5.657251829656968767e-02	-4.789014298469557868e-02	5.181827685800756422e-02	-1.203166375503896129e-01	4.461903236240254839e-02	-6.402304369348617297e-02	6.185381512067224946e-02	-4.750786030772270740e-02	6.658666847946280443e-02	-1.104617031173201896e-01	7.538465779296328606e-02	-7.424764506883910209e-02	8.917762037336052217e-02	-8.689812987831799229e-02	8.287068037820467803e-02	-9.386981891330230254e-02	1.017446108618918071e-01	-1.077638686518886252e-01	8.380522763330273961e-02	-1.199172236349241583e-01	1.117817404517032626e-01	-1.341523033331385728e-01	1.093494591105610980e-01	-1.169711255423246804e-01	9.999999999999970024e-01	-7.539899746684565196e-01	1.743047638225369567e-01	-1.292399037585819366e-01	9.605923774342896293e-02	-4.483221743503130186e-01	2.769309802938376142e-01	-1.901294207655647994e-01	1.107419484839931995e-01	-8.749082416776321480e-02	2.736779917440519960e-01	-2.684057037734363660e-01	1.693157963926184006e-01	-9.602624526486920609e-02	1.010497715825262877e-01
3.852930157175767784e-02	-5.532634942043307413e-02	4.646383039374738649e-02	-5.025257341122133653e-02	1.111478003415193733e-01	-4.326635974276266811e-02	6.219227914090750403e-02	-6.058254482495566140e-02	4.582672151190756576e-02	-6.313022764604038495e-02	1.041678292807387274e-01	-7.431654994357425603e-02	7.302578131184143950e-02	-8.850979625342082768e-02	8.179338402679130204e-02	-8.080697326943372949e-02	9.395575331095389060e-02	-1.031494641788762573e-01	1.046870361744905165e-01	-8.161043467148344777e-02	1.113121761013732836e-01	-1.222044892197562127e-01	1.363650972197384403e-01	-1.137382467957529508e-01	1.120874554002530277e-01	-7.539899746684565196e-01	9.999999999999991118e-01	-2.232544227306948459e-01	1.300226528267069970e-01	-9.812565810163838276e-02	2.786726540560723331e-01	-4.258130476433908407e-01	1.979044970297942352e-01	-1.162825145690452033e-01	8.809323694546947192e-02	-3.119613399674901477e-01	2.501391535637164654e-01	-1.896841489674410131e-01	9.861600746122192729e-02	-1.089975236989941670e-01
-6.871498966183477164e-02	9.811511947602050143e-02	-8.339343024315036546e-02	9.030068242085675934e-02	-2.073052865931173938e-01	7.639845451222167239e-02	-1.128315675047802807e-01	1.078162940670776282e-01	-8.311974158931678680e-02	1.194305649973719935e-01	-1.873909720387952615e-01	1.335928418124701922e-01	-1.397584777566909797e-01	1.623027309863077361e-01	-1.574787250590394538e-01	1.371343067096117974e-01	-1.696841861988421518e-01	2.062420500382929345e-01	-2.185109625533289968e-01	1.620784452766685924e-01	-1.870684032995567347e-01	1.938189764277235549e-01	-4.818218656473796657e-01	2.800348912478240471e-01	-2.297429508651372965e-01	1.743047638225369567e-01	-2.232544227306948459e-01	9.999999999999971134e-01	-4.182200209681838921e-01	2.007146050798842563e-01	-1.389677185552876393e-01	1.989020475652534536e-01	-5.130142996748596751e-01	2.244970548454103820e-01	-1.771741502841494564e-01	1.658630779248252141e-01	-1.991794827446292104e-01	2.577000156431924482e-01	-1.550320538300473394e-01	1.624167946443459409e-01
6.281729968459355551e-02	-9.326658882892253921e-02	7.823433148151835714e-02	-8.636719292630322398e-02	1.835875610846534611e-01	-7.091123703011746604e-02	1.041873885530347071e-01	-1.035143756260781117e-01	7.818186165800054821e-02	-1.170365858122200814e-01	1.609832692128013443e-01	-1.264527223303758552e-01	1.304483537369629798e-01	-1.626261525817346287e-01	1.500453575970120967e-01	-1.219941494588277359e-01	1.475097667411847946e-01	-2.002734008774338659e-01	2.229291488801485310e-01	-1.812786298114410499e-01	1.554598656005677926e-01	-1.749770437626499420e-01	2.897243508685400926e-01	-5.694941471449980197e-01	2.558565400919431410e-01	-1.292399037585819366e-01	1.300226528267069970e-01	-4.182200209681838921e-01	9.999999999999992228e-01	-3.881674967520737929e-01	9.961065637479903090e-02	-1.383763144904281706e-01	2.135706219560529195e-01	-4.048379223272307592e-01	2.485649655416488080e-01	-1.331255781139532024e-01	1.368976687688096272e-01	-2.022710196679918249e-01	1.354168954462083574e-01	-1.616180667415638428e-01
-5.933057860600996630e-02	8.711748900599868006e-02	-7.443228670051219020e-02	8.427409849075515047e-02	-2.076780251779827280e-01	6.631497997119324694e-02	-9.748092087454465759e-02	9.724656454987515297e-02	-7.673526385068389633e-02	1.306922625052011899e-01	-1.527603398744999397e-01	1.148910126656210867e-01	-1.190416683284504229e-01	1.494231923334449763e-01	-1.765848380545006480e-01	1.075654343593270140e-01	-1.263938592146580941e-01	1.669921518417418760e-01	-2.220536298659536723e-01	2.132230507735052016e-01	-1.387849753284369214e-01	1.379330302207355807e-01	-1.936040717469622863e-01	2.251197883845494907e-01	-5.021327815446519072e-01	9.605923774342896293e-02	-9.812565810163838276e-02	2.007146050798842563e-01	-3.881674967520737929e-01	9.999999999999965583e-01	-7.725872872360714516e-02	1.033184290468065758e-01	-1.586624722736201254e-01	3.179470058111112940e-01	-5.953059564421120387e-01	1.020731392879623001e-01	-1.090971814343946189e-01	1.509539630955975542e-01	-1.348050369363908985e-01	1.565763439621790654e-01
3.025711797180731522e-02	-4.309299601217816272e-02	3.649568368248519434e-02	-3.974300712756938941e-02	9.225789390232963516e-02	-3.375716096000290489e-02	4.849220797768254154e-02	-4.729002576544530378e-02	3.636109861008276350e-02	-5.134564319808734151e-02	8.210207110455747248e-02	-5.710575064002121337e-02	5.643833998090094783e-02	-6.863581996009354702e-02	6.676822041005406327e-02	-6.001788279696521067e-02	6.786467967626090558e-02	-7.766360564658296439e-02	8.236495441545162166e-02	-6.494460073076666062e-02	8.284301334161175978e-02	-7.993245829145867454e-02	1.006489207216134246e-01	-8.527150485571653726e-02	9.094345996495117879e-02	-4.483221743503130186e-01	2.786726540560723331e-01	-1.389677185552876393e-01	9.961065637479903090e-02	-7.725872872360714516e-02	9.999999999999972244e-01	-3.920860812760639802e-01	1.688937032045711162e-01	-9.211850466445634100e-02	7.128199519766119374e-02	-7.300238402011223204e-01	2.684441430844691223e-01	-1.669290295429327886e-01	8.564953970459915356e-02	-9.188381234226229710e-02
-3.866397391305672476e-02	5.502114490652679213e-02	-4.671762544365681835e-02	5.092636134201820181e-02	-1.194259377012970025e-01	4.304888196115078808e-02	-6.219049411240442499e-02	6.043314316228018401e-02	-4.667711104082761242e-02	6.668161997831358045e-02	-1.050386838018818880e-01	7.312129713277287779e-02	-7.302655811279171183e-02	8.824757039389798108e-02	-8.701700266892271884e-02	7.578201364398265416e-02	-8.760469167818304981e-02	1.012326091223641061e-01	-1.085183738127793868e-01	8.522202594555090827e-02	-1.041180054357136869e-01	1.023216003674952274e-01	-1.395098245794524905e-01	1.148097504252995338e-01	-1.208747924796452766e-01	2.769309802938376142e-01	-4.258130476433908407e-01	1.989020475652534536e-01	-1.383763144904281706e-01	1.033184290468065758e-01	-3.920860812760639802e-01	9.999999999999975575e-01	-3.540319874713839243e-01	1.260335866801312044e-01	-9.818950484930066835e-02	2.946434434172950922e-01	-6.318692380908257356e-01	2.606130730016600339e-01	-1.260015492136319359e-01	1.284612286650507751e-01
5.015413378160811508e-02	-7.251019750715929912e-02	6.127726524815588216e-02	-6.698352262380380395e-02	1.512893876041660479e-01	-5.611787698463049229e-02	8.165453852217313679e-02	-7.993595999243542638e-02	6.115760442203478642e-02	-8.756533655789451587e-02	1.332903051077748147e-01	-9.725857686064365293e-02	9.845212495311167489e-02	-1.198760787075363182e-01	1.136560770295806794e-01	-9.767088541264418167e-02	1.150098466381035273e-01	-1.435851275372148350e-01	1.485633761647635054e-01	-1.173510918731201225e-01	1.295001399818095367e-01	-1.360016721442967036e-01	2.122824859588882118e-01	-1.806501402648056920e-01	1.658908043666120768e-01	-1.901294207655647994e-01	1.979044970297942352e-01	-5.130142996748596751e-01	2.135706219560529195e-01	-1.586624722736201254e-01	1.688937032045711162e-01	-3.540319874713839243e-01	9.999999999999970024e-01	-2.279356830973351955e-01	1.537400782931253318e-01	-2.130524547684588821e-01	2.703973596100511800e-01	-5.925891708517206924e-01	1.950738759341307249e-01	-2.168362628908465928e-01
-6.348722421986152664e-02	9.155402747226627780e-02	-7.854699957308709790e-02	8.794192633461385411e-02	-2.210221040481943622e-01	7.052768536460152227e-02	-1.031921552341050347e-01	1.016683318867821068e-01	-8.060046411022166180e-02	1.285859398447606605e-01	-1.674753314911827107e-01	1.203678338789791885e-01	-1.234384122980358989e-01	1.521273011261633779e-01	-1.709928355087820540e-01	1.155812621140446528e-01	-1.343360699508967249e-01	1.699410086869234948e-01	-2.144905307443688847e-01	1.810352169198669037e-01	-1.524020714013024913e-01	1.464789690493620289e-01	-2.107584854984908274e-01	2.264613097067550707e-01	-3.155497074112339484e-01	1.107419484839931995e-01	-1.162825145690452033e-01	2.244970548454103820e-01	-4.048379223272307592e-01	3.179470058111112940e-01	-9.211850466445634100e-02	1.260335866801312044e-01	-2.279356830973351955e-01	9.999999999999964473e-01	-6.654607717728470151e-01	1.183613051483426992e-01	-1.357310011118217363e-01	1.862245897003115269e-01	-1.901980859209974062e-01	1.927805815327734429e-01
4.659259318125771876e-02	-6.878161029019813633e-02	5.825359408522162719e-02	-6.546596859026491966e-02	1.512714306054984137e-01	-5.233825306718297571e-02	7.623879631924439237e-02	-7.663978509382154969e-02	5.926699119144417105e-02	-9.546084489344024149e-02	1.190071570948940810e-01	-9.055434085031302538e-02	9.225200067096868406e-02	-1.172403294932734541e-01	1.229635006871693387e-01	-8.496780767559342085e-02	9.894989380641887322e-02	-1.303343636750386170e-01	1.554924080023896149e-01	-1.476033554952962401e-01	1.091771951052562667e-01	-1.108593148115544075e-01	1.524849442066560923e-01	-1.795674868386727130e-01	2.438495627066133986e-01	-8.749082416776321480e-02	8.809323694546947192e-02	-1.771741502841494564e-01	2.485649655416488080e-01	-5.953059564421120387e-01	7.128199519766119374e-02	-9.818950484930066835e-02	1.537400782931253318e-01	-6.654607717728470151e-01	9.999999999999963363e-01	-9.487452903238861868e-02	1.038530020768773099e-01	-1.540860813563768028e-01	1.588895223893080910e-01	-2.178275813793740245e-01
-4.161058774911606528e-02	5.860612971983800157e-02	-5.000730816497014897e-02	5.456145361451247150e-02	-1.321344597465373416e-01	4.612246404492661989e-02	-6.635331285345241747e-02	6.430488417740523599e-02	-5.015155138218922726e-02	7.204161399143420297e-02	-1.143199692465067252e-01	7.724142284919224832e-02	-7.663618958713033780e-02	9.257961588450808188e-02	-9.416671124936105974e-02	8.022719767007993608e-02	-9.083094629741683690e-02	1.035035065578935459e-01	-1.131358328821556319e-01	8.918875535473015648e-02	-1.116902367777268118e-01	1.034738021445008732e-01	-1.338948441007428158e-01	1.118305546884403867e-01	-1.263737945046254918e-01	2.736779917440519960e-01	-3.119613399674901477e-01	1.658630779248252141e-01	-1.331255781139532024e-01	1.020731392879623001e-01	-7.300238402011223204e-01	2.946434434172950922e-01	-2.130524547684588821e-01	1.183613051483426992e-01	-9.487452903238861868e-02	9.999999999999967804e-01	-4.271526434918380133e-01	2.012195402681670187e-01	-1.123633650578349380e-01	1.143396062196861684e-01
3.910912181094981094e-02	-5.612296556913767137e-02	4.748719030168137289e-02	-5.191349759817734388e-02	1.193675901962754360e-01	-4.369985714994899240e-02	6.295176428161425308e-02	-6.175404894069656120e-02	4.739951314849337460e-02	-6.734009134100413241e-02	1.047439228420599389e-01	-7.433831512140987030e-02	7.390862478254128787e-02	-9.050118136290152826e-02	8.736299319994803025e-02	-7.582980488914387029e-02	8.669157823518996997e-02	-1.028031389600148476e-01	1.089214906144087835e-01	-8.660856448013082298e-02	1.023982247883625379e-01	-1.015509117543620526e-01	1.353264695190485034e-01	-1.167191500965446965e-01	1.221168105796261449e-01	-2.684057037734363660e-01	2.501391535637164654e-01	-1.991794827446292104e-01	1.368976687688096272e-01	-1.090971814343946189e-01	2.684441430844691223e-01	-6.318692380908257356e-01	2.703973596100511800e-01	-1.357310011118217363e-01	1.038530020768773099e-01	-4.271526434918380133e-01	9.999999999999962252e-01	-4.532105460929802820e-01	1.571043723250133139e-01	-1.707936620159698216e-01
-5.357654712633427851e-02	7.580495885543273027e-02	-6.486590072655952499e-02	7.112368507477007107e-02	-1.742030950894070118e-01	5.931995929238526033e-02	-8.609365161652110521e-02	8.343373190419237084e-02	-6.544591432008428633e-02	9.622336085633148572e-02	-1.460083025778964871e-01	1.002356661418546402e-01	-1.012958321534256217e-01	1.218802511284725887e-01	-1.264392882358987558e-01	1.012093390981057828e-01	-1.167753164820588552e-01	1.390292127402685540e-01	-1.550815461487800029e-01	1.224905847001832304e-01	-1.381055948531296762e-01	1.304822088421045689e-01	-1.979602457039739416e-01	1.606290647933420468e-01	-1.789796507594639263e-01	1.693157963926184006e-01	-1.896841489674410131e-01	2.577000156431924482e-01	-2.022710196679918249e-01	1.509539630955975542e-01	-1.669290295429327886e-01	2.606130730016600339e-01	-5.925891708517206924e-01	1.862245897003115269e-01	-1.540860813563768028e-01	2.012195402681670187e-01	-4.532105460929802820e-01	9.999999999999960032e-01	-3.741049227470781280e-01	2.498168131485589694e-01
3.566235766166602622e-02	-5.127441401758726924e-02	4.365391619637689485e-02	-4.828194462988423530e-02	1.153729957652831900e-01	-3.972938468482586916e-02	5.745286119820831872e-02	-5.667709081953237193e-02	4.411419375765897322e-02	-6.558429208295819823e-02	9.460932856816996195e-02	-6.735276197288724009e-02	6.760231781209410928e-02	-8.358842946100131233e-02	8.534060459326006653e-02	-6.599118221437658138e-02	7.550226937667170457e-02	-9.304960634136885678e-02	1.041455630032739332e-01	-8.633948824517136134e-02	8.776782715371612975e-02	-8.496290362611168268e-02	1.175720547076754829e-01	-1.096848100820658617e-01	1.291655424788094864e-01	-9.602624526486920609e-02	9.861600746122192729e-02	-1.550320538300473394e-01	1.354168954462083574e-01	-1.348050369363908985e-01	8.564953970459915356e-02	-1.260015492136319359e-01	1.950738759341307249e-01	-1.901980859209974062e-01	1.588895223893080910e-01	-1.123633650578349380e-01	1.571043723250133139e-01	-3.741049227470781280e-01	9.999999999999960032e-01	-8.476644705889662124e-01
