1.000000000000000222e+00	-6.517225289789012610e-01	3.266511405144019164e-01	-1.949566045621943522e-01	1.543403751027923598e-01	-1.537195650684774761e-01	2.347255537080988885e-01	-2.292761429918533100e-01	1.571602854165768115e-01	-1.490484281782471221e-01	1.257664405532499252e-01	-1.878607454773432162e-01	1.609267399887064354e-01	-1.767506414818464100e-01	1.619108203258511069e-01	-1.559278332983224102e-01	1.697128110867536233e-01	-2.838982276881719113e-01	1.171810508910260812e-01	-1.189645338258064067e-01	1.553138526724051338e-01	-2.494107601400032681e-01	1.809714222205573708e-01	-1.306706163972397305e-01	1.128317150262380109e-01	-1.550912695448386780e-01	1.422440690582467415e-01	-1.986479732900030271e-01	1.384599326553803966e-01	-1.892897676984110766e-01	1.143914453874896597e-01	-1.567524241372496852e-01	1.444219720824188868e-01	-1.397731723960899952e-01	1.023894039390788047e-01	-7.918144794852208235e-02	8.289263843275541943e-02	-2.023462745129100959e-01	1.395241081555436968e-01	-1.185268137164635222e-01
-6.517225289789012610e-01	1.000000000000000000e+00	-6.554555667083052928e-01	1.493042740650684375e-01	-1.124220355412983430e-01	9.516727966564479668e-02	-2.176645777792422798e-01	1.762501959636202931e-01	-1.225938060403939239e-01	1.016350286023428723e-01	-8.064204457073606558e-02	1.257615956750619823e-01	-1.126668961568258742e-01	1.171649531509075942e-01	-1.087198772195371033e-01	8.739515727793430167e-02	-9.682371779944505541e-02	1.522183996844230502e-01	-7.216592643815883390e-02	7.070265280230264571e-02	-8.630832778570961261e-02	1.322147721252055486e-01	-9.920065754393286861e-02	7.851709800661690886e-02	-6.761289402987030739e-02	8.363510487356076717e-02	-7.650684854243811062e-02	1.065021084430452375e-01	-7.548172738742998933e-02	1.022556479116161765e-01	-6.172823917555925882e-02	8.368380007201614568e-02	-7.747307471075108587e-02	7.488487507438397472e-02	-5.511326711302481918e-02	4.243271257713644024e-02	-4.456782917757767803e-02	1.072068035952883358e-01	-7.541175438955088906e-02	6.334914154993240287e-02
3.266511405144019164e-01	-6.554555667083052928e-01	1.000000000000000000e+00	-2.783786895722983878e-01	1.749607404807845545e-01	-1.366791232835769532e-01	2.508079533776122472e-01	-2.962990691883019556e-01	1.951939315043024481e-01	-1.641053083733077234e-01	1.157762767975621249e-01	-1.897801384883177900e-01	1.711101464435011987e-01	-1.876426402340517774e-01	1.697259454366976950e-01	-1.394298387757616220e-01	1.536439690424362403e-01	-2.493656131036920687e-01	1.150382571097356699e-01	-1.139451011348187187e-01	1.382599523917350526e-01	-2.165990988800116368e-01	1.614562132073969480e-01	-1.263726364727729978e-01	1.081614215461323553e-01	-1.359544302766331481e-01	1.245735275448498908e-01	-1.749230685500291760e-01	1.234091468811850251e-01	-1.679372620855009990e-01	1.003744174521463139e-01	-1.367460506901260753e-01	1.270175371680726528e-01	-1.229329208861622003e-01	9.033115872768263110e-02	-6.925368428969451429e-02	7.264744442078185926e-02	-1.765401366239241210e-01	1.232689506605142427e-01	-1.040677476505696697e-01
-1.949566045621943522e-01	1.493042740650684375e-01	-2.783786895722983878e-01	9.999999999999995559e-01	-4.624287544753966639e-01	1.053655913070999095e-01	-2.680307890669682558e-01	2.675645166169801081e-01	-6.798512729479135874e-01	2.689065278838050910e-01	-9.640093475019884117e-02	1.687643871965174014e-01	-1.911430125605576014e-01	2.439731363712186740e-01	-2.545690153027718727e-01	8.792333781998361297e-02	-1.037993126021854590e-01	1.408071048094460265e-01	-1.235155501050011068e-01	1.100961412240344939e-01	-8.698638901489580411e-02	1.149163001384223004e-01	-1.042412037701316158e-01	1.206614718085311927e-01	-1.082133344576999973e-01	7.685939705022637458e-02	-7.048931241366171441e-02	1.027020689395238828e-01	-7.988442155377641074e-02	1.042917811839429304e-01	-5.757714064375189789e-02	7.512958918356835158e-02	-7.462678911740408538e-02	7.226432312235422928e-02	-5.447346699727032004e-02	3.885237282639866091e-02	-4.144429080961747891e-02	9.757367998496407901e-02	-7.543649167177650383e-02	6.049077923140655511e-02
1.543403751027923598e-01	-1.124220355412983430e-01	1.749607404807845545e-01	-4.624287544753966639e-01	9.999999999999994449e-01	-1.048704000727866403e-01	2.013351689169133318e-01	-2.276881514409323515e-01	2.718573356321183354e-01	-7.103290809820552720e-01	9.230086290810012029e-02	-1.725265478721133283e-01	1.701177630058421375e-01	-2.700186666847190775e-01	2.763985794921155481e-01	-9.209146437494736270e-02	1.070655629084611704e-01	-1.541070383554289103e-01	1.297018687769076750e-01	-1.309110778248513685e-01	9.047132084315327727e-02	-1.230403670831694135e-01	1.134088350326874772e-01	-1.413424047776669634e-01	1.176733483501901517e-01	-8.167410348989616320e-02	7.495725747447598564e-02	-1.144610005796663221e-01	8.835730691818691196e-02	-1.180139822402243438e-01	6.118860183093417782e-02	-8.045821862501295607e-02	8.202870569150358393e-02	-7.993819028683958605e-02	6.005951247924380676e-02	-4.160670880448996689e-02	4.430374553562025502e-02	-1.078694212037894229e-01	8.218074983069846573e-02	-6.691001961546994004e-02
-1.537195650684774761e-01	9.516727966564479668e-02	-1.366791232835769532e-01	1.053655913070999095e-01	-1.048704000727866403e-01	9.999999999999997780e-01	-2.673322452344613076e-01	1.587092753176278515e-01	-1.051722119355811974e-01	9.193391830408728649e-02	-8.784350693815683453e-01	2.302701763377375255e-01	-1.968337619775612224e-01	1.246590029876441380e-01	-1.203416585371393649e-01	1.471744075194657275e-01	-1.530233967681255691e-01	1.288420179730411508e-01	-7.277314903957661507e-02	6.408307398282951650e-02	-1.247785001363458796e-01	1.105103786758624695e-01	-8.877418161111989836e-02	7.357063555051154835e-02	-6.417256357626614782e-02	8.569617241652358053e-02	-7.403250185516752069e-02	8.139280959092635992e-02	-6.033889440230674056e-02	7.656180499340908829e-02	-6.180666258815813857e-02	7.451492578409653345e-02	-6.070017122171451202e-02	5.674856354338319447e-02	-4.260106581383750479e-02	3.874272164477009228e-02	-4.159568621366267066e-02	7.757474028332980720e-02	-6.076015159669574672e-02	4.722346358791709720e-02
2.347255537080988885e-01	-2.176645777792422798e-01	2.508079533776122472e-01	-2.680307890669682558e-01	2.013351689169133318e-01	-2.673322452344613076e-01	9.999999999999996669e-01	-6.091066727833199801e-01	2.478998419735338743e-01	-2.016831358607481528e-01	2.010365996343397577e-01	-3.967800966800495988e-01	2.837306353798834113e-01	-2.543468662337495245e-01	2.119326939578368707e-01	-1.609551200673141891e-01	1.809392969180100008e-01	-2.376829980148275900e-01	1.366221783463498485e-01	-1.242008601508760579e-01	1.479498114080111115e-01	-2.007015345185297617e-01	1.583082864132107082e-01	-1.467618457825058398e-01	1.188554646132563841e-01	-1.339786333645590632e-01	1.200163524072749982e-01	-1.608688787563439804e-01	1.168308747186043300e-01	-1.551532711703430545e-01	9.757419202248700241e-02	-1.288680394955223629e-01	1.168072407606498692e-01	-1.120677006822146521e-01	8.315791539669407928e-02	-6.562371569597338916e-02	6.924618325723856660e-02	-1.567222689596733387e-01	1.148463239595229057e-01	-9.409331717952720830e-02
-2.292761429918533100e-01	1.762501959636202931e-01	-2.962990691883019556e-01	2.675645166169801081e-01	-2.276881514409323515e-01	1.587092753176278515e-01	-6.091066727833199801e-01	1.000000000000000000e+00	-4.383389054620100422e-01	1.975765643913590663e-01	-1.486925640769693746e-01	2.685444023202664399e-01	-3.985530488892690681e-01	2.506041956231522261e-01	-2.296142693559040937e-01	1.151301036960521856e-01	-1.376354652299058567e-01	1.693898079162822479e-01	-1.283404748862554678e-01	1.102337579766332620e-01	-1.103774148639779934e-01	1.400345631895687226e-01	-1.207872931173111647e-01	1.269689308707383224e-01	-1.086692342595644428e-01	9.518470076779983469e-02	-8.623310999357043649e-02	1.181734611754445136e-01	-8.959101251922810261e-02	1.166980122263619191e-01	-7.049085403392225946e-02	9.133543881832120737e-02	-8.625113799271777459e-02	8.285127143738171829e-02	-6.217951387321475620e-02	4.706864756672152900e-02	-5.012745696605785256e-02	1.131385495198516666e-01	-8.658002924119179156e-02	6.937542448840836040e-02
1.571602854165768115e-01	-1.225938060403939239e-01	1.951939315043024481e-01	-6.798512729479135874e-01	2.718573356321183354e-01	-1.051722119355811974e-01	2.478998419735338743e-01	-4.383389054620100422e-01	9.999999999999993339e-01	-3.031142248367542646e-01	9.477843820481897386e-02	-1.829908755636636131e-01	2.073956099353383153e-01	-3.639447174500098359e-01	2.398777627372460641e-01	-8.513557071410854382e-02	1.003483333497346142e-01	-1.351060980878319995e-01	1.300124508027693526e-01	-1.080228172201553316e-01	8.253303253836274944e-02	-1.084845747501810287e-01	1.000944168970674952e-01	-1.304399876142817438e-01	1.027070303300152976e-01	-7.287041153973861096e-02	6.654457232678023804e-02	-9.810721616964480918e-02	7.602792736762882531e-02	-9.956343192250131924e-02	5.435691567670293545e-02	-7.092244627452547190e-02	7.061967931912356555e-02	-6.836916130741699238e-02	5.146445055792159273e-02	-3.664174143847752363e-02	3.904983050781989096e-02	-9.210109879864997184e-02	7.094158447594672845e-02	-5.709285512543477159e-02
-1.490484281782471221e-01	1.016350286023428723e-01	-1.641053083733077234e-01	2.689065278838050910e-01	-7.103290809820552720e-01	9.193391830408728649e-02	-2.016831358607481528e-01	1.975765643913590663e-01	-3.031142248367542646e-01	1.000000000000000222e+00	-8.376727403275056882e-02	1.518045501568622002e-01	-1.662223467658776876e-01	2.517943982903029232e-01	-4.913875061975200298e-01	7.887739171605286093e-02	-9.376931103539816459e-02	1.286292463716099399e-01	-1.270459832440268833e-01	1.398636861892223471e-01	-7.848132915841772583e-02	1.019362628472476190e-01	-9.975418153561044221e-02	1.279751072002461298e-01	-1.340002873952850226e-01	6.874209938152617272e-02	-6.336070549263951579e-02	9.757319474354604616e-02	-7.968488923582429939e-02	1.039364200528276189e-01	-5.192360701355384217e-02	6.737918749457667833e-02	-7.057297640273088590e-02	6.887843323472978008e-02	-5.246773544123486954e-02	3.508496725810707900e-02	-3.758570343180279993e-02	9.057288304531950496e-02	-7.223242235598754946e-02	5.743657567606340331e-02
1.257664405532499252e-01	-8.064204457073606558e-02	1.157762767975621249e-01	-9.640093475019884117e-02	9.230086290810012029e-02	-8.784350693815683453e-01	2.010365996343397577e-01	-1.486925640769693746e-01	9.477843820481897386e-02	-8.376727403275056882e-02	9.999999999999998890e-01	-3.114072565324488839e-01	1.796566835009781871e-01	-1.190554110986793007e-01	1.067271563231844828e-01	-1.761958354752773959e-01	1.500467786975825668e-01	-1.279530055056096460e-01	6.728486305274794521e-02	-5.906118666571169573e-02	1.191330585742175624e-01	-1.087625810298327861e-01	8.443709336717000746e-02	-6.925920574916294425e-02	5.847350974550453301e-02	-8.530970302778236036e-02	7.132171917586359322e-02	-7.786174812536507395e-02	5.690677108924641070e-02	-7.252711553024968061e-02	5.944093559570768487e-02	-7.271250467936279938e-02	5.759327937933458874e-02	-5.372283525189015113e-02	4.017087046922265120e-02	-3.741870110631359547e-02	3.980398160230948224e-02	-7.383190403272277269e-02	5.696618758414063316e-02	-4.460462584325226854e-02
-1.878607454773432162e-01	1.257615956750619823e-01	-1.897801384883177900e-01	1.687643871965174014e-01	-1.725265478721133283e-01	2.302701763377375255e-01	-3.967800966800495988e-01	2.685444023202664399e-01	-1.829908755636636131e-01	1.518045501568622002e-01	-3.114072565324488839e-01	9.999999999999975575e-01	-6.895219968048766912e-01	2.401539787874630016e-01	-2.193293674299714724e-01	1.624556223473420935e-01	-2.411506781639459196e-01	1.799049691887431857e-01	-1.258826061813882180e-01	1.035187646716351634e-01	-1.386788184980571603e-01	1.440759410858714895e-01	-1.247235571148349320e-01	1.204371330483118285e-01	-1.039466603252297006e-01	1.060580246932800452e-01	-9.276685267248323263e-02	1.135227779938032810e-01	-8.607461200623203745e-02	1.091916065303173006e-01	-7.649805924750907593e-02	9.515880875539556305e-02	-8.325624218994959191e-02	7.852982071520128726e-02	-5.917602714984015327e-02	4.917195601805574023e-02	-5.256878908543091006e-02	1.059384118366298588e-01	-8.357351817417110751e-02	6.523051808692539866e-02
1.609267399887064354e-01	-1.126668961568258742e-01	1.711101464435011987e-01	-1.911430125605576014e-01	1.701177630058421375e-01	-1.968337619775612224e-01	2.837306353798834113e-01	-3.985530488892690681e-01	2.073956099353383153e-01	-1.662223467658776876e-01	1.796566835009781871e-01	-6.895219968048766912e-01	9.999999999999997780e-01	-4.056275835757118808e-01	2.218380055558596686e-01	-1.317111793135859743e-01	1.596640153275966367e-01	-1.688330388633059453e-01	1.387667978448739181e-01	-1.085132198238797779e-01	1.121075098254203511e-01	-1.316589934903448500e-01	1.167292193724972088e-01	-1.385143209872204406e-01	1.042308488595503346e-01	-9.338452932152710440e-02	8.225856042025476988e-02	-1.099334203674520311e-01	8.341893193828207875e-02	-1.077735854736370374e-01	6.746851338511408724e-02	-8.618383330122267316e-02	7.916810763507718673e-02	-7.548804523939676991e-02	5.672619933978285955e-02	-4.433099797193862379e-02	4.716227150296901927e-02	-1.017825640145698929e-01	7.891110468072436157e-02	-6.271128929123737095e-02
-1.767506414818464100e-01	1.171649531509075942e-01	-1.876426402340517774e-01	2.439731363712186740e-01	-2.700186666847190775e-01	1.246590029876441380e-01	-2.543468662337495245e-01	2.506041956231522261e-01	-3.639447174500098359e-01	2.517943982903029232e-01	-1.190554110986793007e-01	2.401539787874630016e-01	-4.056275835757118808e-01	9.999999999999996669e-01	-5.752206056881005170e-01	1.028869719481952105e-01	-1.269656160751584939e-01	1.619695319803875766e-01	-3.235673142404053571e-01	1.784564908398443561e-01	-1.007635605501068371e-01	1.232441821235931712e-01	-1.349180993371452419e-01	2.260310396492299922e-01	-1.765563743638599303e-01	8.501698731601085857e-02	-7.820824404541933117e-02	1.230396977698197530e-01	-1.021942766476978959e-01	1.295154810355350627e-01	-6.425536895226062473e-02	8.216683386816822643e-02	-8.781587944545636570e-02	8.510036436145117233e-02	-6.510353253136226537e-02	4.296655208516206303e-02	-4.621782637984778175e-02	1.098557227074652143e-01	-8.976156791633631282e-02	7.033527653549413727e-02
1.619108203258511069e-01	-1.087198772195371033e-01	1.697259454366976950e-01	-2.545690153027718727e-01	2.763985794921155481e-01	-1.203416585371393649e-01	2.119326939578368707e-01	-2.296142693559040937e-01	2.398777627372460641e-01	-4.913875061975200298e-01	1.067271563231844828e-01	-2.193293674299714724e-01	2.218380055558596686e-01	-5.752206056881005170e-01	1.000000000000000000e+00	-1.039035826780160959e-01	1.230936614415558822e-01	-1.743745826791401332e-01	2.015916403836826298e-01	-3.034986218137472602e-01	1.013768355956319311e-01	-1.318605556691292147e-01	1.386109907584393841e-01	-2.189139094900948435e-01	2.095656297447455185e-01	-8.925421967135581391e-02	8.224354838857746153e-02	-1.371397600357509017e-01	1.138681915864593469e-01	-1.536973975819915517e-01	6.748547015697868579e-02	-8.769959668012528020e-02	9.655241720972911057e-02	-9.526179884791105557e-02	7.264459281995885864e-02	-4.577938292656388158e-02	4.904888709084072318e-02	-1.227790767673706401e-01	9.786438714121849236e-02	-7.901242935746444207e-02
-1.559278332983224102e-01	8.739515727793430167e-02	-1.394298387757616220e-01	8.792333781998361297e-02	-9.209146437494736270e-02	1.471744075194657275e-01	-1.609551200673141891e-01	1.151301036960521856e-01	-8.513557071410854382e-02	7.887739171605286093e-02	-1.761958354752773959e-01	1.624556223473420935e-01	-1.317111793135859743e-01	1.028869719481952105e-01	-1.039035826780160959e-01	1.000000000000000666e+00	-6.737583391871965199e-01	2.302967879256028749e-01	-7.535746876182868037e-02	6.583840005810817630e-02	-5.537704578032701663e-01	2.064153697618182626e-01	-1.485405194878228474e-01	7.804698079433770863e-02	-6.720309443341344890e-02	2.135892647929077404e-01	-1.597928895376688752e-01	1.156165564845059446e-01	-8.184352059784097411e-02	9.727999180048235717e-02	-1.395290739362044508e-01	1.475586866173547729e-01	-8.906647211211449200e-02	7.789410956074314940e-02	-5.838934937235867179e-02	7.726775507372994622e-02	-8.298690035262056008e-02	1.065544687837148563e-01	-8.595092474344823152e-02	6.333807267259736196e-02
1.697128110867536233e-01	-9.682371779944505541e-02	1.536439690424362403e-01	-1.037993126021854590e-01	1.070655629084611704e-01	-1.530233967681255691e-01	1.809392969180100008e-01	-1.376354652299058567e-01	1.003483333497346142e-01	-9.376931103539816459e-02	1.500467786975825668e-01	-2.411506781639459196e-01	1.596640153275966367e-01	-1.269656160751584939e-01	1.230936614415558822e-01	-6.737583391871965199e-01	9.999999999999968914e-01	-4.377699347441587618e-01	9.350190757555701393e-02	-8.188056174960260669e-02	2.820062908274453828e-01	-2.700101186278190957e-01	1.941299134690898098e-01	-9.904884203355164562e-02	8.271173867373832200e-02	-2.188924857376849387e-01	1.669067037324961644e-01	-1.558530825319593138e-01	1.047319886456235666e-01	-1.268340918958424102e-01	1.361183201572012946e-01	-1.672835425308384083e-01	1.111514866188666739e-01	-9.844064010350492278e-02	7.309003625934258619e-02	-8.353114030253203093e-02	8.708147727525557269e-02	-1.349276726132585813e-01	1.050901873756151794e-01	-7.963652708478552444e-02
-2.838982276881719113e-01	1.522183996844230502e-01	-2.493656131036920687e-01	1.408071048094460265e-01	-1.541070383554289103e-01	1.288420179730411508e-01	-2.376829980148275900e-01	1.693898079162822479e-01	-1.351060980878319995e-01	1.286292463716099399e-01	-1.279530055056096460e-01	1.799049691887431857e-01	-1.688330388633059453e-01	1.619695319803875766e-01	-1.743745826791401332e-01	2.302967879256028749e-01	-4.377699347441587618e-01	1.000000000000001110e+00	-1.583203322993603224e-01	1.204919124753732473e-01	-2.465015827002612625e-01	2.165518330169786398e-01	-5.696818368336817873e-01	1.603273998873241957e-01	-1.278320732633717594e-01	1.659134787912366071e-01	-1.573641829542090365e-01	2.557753823053685038e-01	-1.788212063354868431e-01	1.877444464781634070e-01	-1.299917642624263125e-01	1.508520491288521392e-01	-1.766425714792678459e-01	1.490734431477979405e-01	-1.138105578802988960e-01	8.150039185105625861e-02	-9.079288636055228567e-02	1.880558968744744375e-01	-1.681390415170880837e-01	1.186444773857909391e-01
1.171810508910260812e-01	-7.216592643815883390e-02	1.150382571097356699e-01	-1.235155501050011068e-01	1.297018687769076750e-01	-7.277314903957661507e-02	1.366221783463498485e-01	-1.283404748862554678e-01	1.300124508027693526e-01	-1.270459832440268833e-01	6.728486305274794521e-02	-1.258826061813882180e-01	1.387667978448739181e-01	-3.235673142404053571e-01	2.015916403836826298e-01	-7.535746876182868037e-02	9.350190757555701393e-02	-1.583203322993603224e-01	1.000000000000002442e+00	-2.167085325709483257e-01	7.634077388394033825e-02	-9.487467261097697058e-02	1.625788750061535337e-01	-8.480864756557568995e-01	1.890467454959857962e-01	-6.488262095153081443e-02	6.180200485012513761e-02	-1.339882758291393028e-01	1.103949023475956498e-01	-1.357376731499864986e-01	5.068567079005872889e-02	-6.460018728460581450e-02	8.490422982923585826e-02	-8.243320755581272363e-02	6.265007100969982590e-02	-3.437471890634904992e-02	3.741404634544046037e-02	-1.006769845623793902e-01	8.360846488959654266e-02	-6.579464416093314116e-02
-1.189645338258064067e-01	7.070265280230264571e-02	-1.139451011348187187e-01	1.100961412240344939e-01	-1.309110778248513685e-01	6.408307398282951650e-02	-1.242008601508760579e-01	1.102337579766332620e-01	-1.080228172201553316e-01	1.398636861892223471e-01	-5.906118666571169573e-02	1.035187646716351634e-01	-1.085132198238797779e-01	1.784564908398443561e-01	-3.034986218137472602e-01	6.583840005810817630e-02	-8.188056174960260669e-02	1.204919124753732473e-01	-2.167085325709483257e-01	1.000000000000000888e+00	-6.999478555877476638e-02	8.516795120804206143e-02	-1.254397540976910363e-01	1.953923201722483904e-01	-8.528575551892116913e-01	5.917500584038067751e-02	-5.695952808068470430e-02	1.193403079123571547e-01	-1.456468211457749018e-01	1.828998785316552356e-01	-4.746918383451195766e-02	6.006638520498108758e-02	-8.699268843811043539e-02	8.944899587773695593e-02	-7.454850586316191796e-02	3.239536202753978689e-02	-3.559587698788391208e-02	9.788800015443595293e-02	-9.606065163470034474e-02	7.221277878657893223e-02
1.553138526724051338e-01	-8.630832778570961261e-02	1.382599523917350526e-01	-8.698638901489580411e-02	9.047132084315327727e-02	-1.247785001363458796e-01	1.479498114080111115e-01	-1.103774148639779934e-01	8.253303253836274944e-02	-7.848132915841772583e-02	1.191330585742175624e-01	-1.386788184980571603e-01	1.121075098254203511e-01	-1.007635605501068371e-01	1.013768355956319311e-01	-5.537704578032701663e-01	2.820062908274453828e-01	-2.465015827002612625e-01	7.634077388394033825e-02	-6.999478555877476638e-02	1.000000000000002220e+00	-3.482874647187129136e-01	1.508375246480785914e-01	-8.137193933857746198e-02	7.067156322484167974e-02	-5.317849583360586552e-01	2.440069468333530833e-01	-1.349598666579690798e-01	9.287787737793329335e-02	-1.131755735623271586e-01	2.224706543345765231e-01	-2.547917963624211080e-01	1.088920163539150027e-01	-9.363962500347448870e-02	6.897317416256401601e-02	-1.266058922514699536e-01	1.253921826201560008e-01	-1.336202797962663114e-01	1.008318350989657886e-01	-7.556764939774657242e-02
-2.494107601400032681e-01	1.322147721252055486e-01	-2.165990988800116368e-01	1.149163001384223004e-01	-1.230403670831694135e-01	1.105103786758624695e-01	-2.007015345185297617e-01	1.400345631895687226e-01	-1.084845747501810287e-01	1.019362628472476190e-01	-1.087625810298327861e-01	1.440759410858714895e-01	-1.316589934903448500e-01	1.232441821235931712e-01	-1.318605556691292147e-01	2.064153697618182626e-01	-2.700101186278190957e-01	2.165518330169786398e-01	-9.487467261097697058e-02	8.516795120804206143e-02	-3.482874647187129136e-01	9.999999999999971134e-01	-1.969633461836803323e-01	9.855057004772686813e-02	-8.794257709004878187e-02	2.807176710186113922e-01	-6.657062616851346926e-01	1.547007388579990095e-01	-1.111830328257398526e-01	1.290810323414555427e-01	-2.442837344985834269e-01	2.654258622019106673e-01	-1.297696129807132670e-01	1.096435870264306778e-01	-8.273156344340733270e-02	1.309028215286303087e-01	-1.548289631260405252e-01	1.502249920829890062e-01	-1.263162730668578315e-01	8.910126154049985425e-02
1.809714222205573708e-01	-9.920065754393286861e-02	1.614562132073969480e-01	-1.042412037701316158e-01	1.134088350326874772e-01	-8.877418161111989836e-02	1.583082864132107082e-01	-1.207872931173111647e-01	1.000944168970674952e-01	-9.975418153561044221e-02	8.443709336717000746e-02	-1.247235571148349320e-01	1.167292193724972088e-01	-1.349180993371452419e-01	1.386109907584393841e-01	-1.485405194878228474e-01	1.941299134690898098e-01	-5.696818368336817873e-01	1.625788750061535337e-01	-1.254397540976910363e-01	1.508375246480785914e-01	-1.969633461836803323e-01	1.000000000000005107e+00	-2.160143022613843777e-01	1.294566551983888647e-01	-1.259396028671783130e-01	1.283776306458978833e-01	-5.752497423663213150e-01	2.282108432262673070e-01	-2.599961803629276536e-01	1.014135767557954176e-01	-1.281029856443244297e-01	2.128543239140278376e-01	-1.830325644801011342e-01	1.293252519427537661e-01	-6.872654469402987576e-02	7.594276977727329458e-02	-2.341691745294713911e-01	1.723984601882583012e-01	-1.352865740111174331e-01
-1.306706163972397305e-01	7.851709800661690886e-02	-1.263726364727729978e-01	1.206614718085311927e-01	-1.413424047776669634e-01	7.357063555051154835e-02	-1.467618457825058398e-01	1.269689308707383224e-01	-1.304399876142817438e-01	1.279751072002461298e-01	-6.925920574916294425e-02	1.204371330483118285e-01	-1.385143209872204406e-01	2.260310396492299922e-01	-2.189139094900948435e-01	7.804698079433770863e-02	-9.904884203355164562e-02	1.603273998873241957e-01	-8.480864756557568995e-01	1.953923201722483904e-01	-8.137193933857746198e-02	9.855057004772686813e-02	-2.160143022613843777e-01	1.000000000000005107e+00	-2.424142432243533429e-01	6.782581238140725222e-02	-6.546585935929455369e-02	1.436428115144339213e-01	-1.284517578171676389e-01	1.430021425056014206e-01	-5.364229104075105697e-02	6.765147905112904592e-02	-9.253799163190939980e-02	8.833405814358712138e-02	-6.797640048317389605e-02	3.619673730673108464e-02	-3.964669961070252380e-02	1.054899255213960219e-01	-9.162924047620230050e-02	6.993931931350749753e-02
1.128317150262380109e-01	-6.761289402987030739e-02	1.081614215461323553e-01	-1.082133344576999973e-01	1.176733483501901517e-01	-6.417256357626614782e-02	1.188554646132563841e-01	-1.086692342595644428e-01	1.027070303300152976e-01	-1.340002873952850226e-01	5.847350974550453301e-02	-1.039466603252297006e-01	1.042308488595503346e-01	-1.765563743638599303e-01	2.095656297447455185e-01	-6.720309443341344890e-02	8.271173867373832200e-02	-1.278320732633717594e-01	1.890467454959857962e-01	-8.528575551892116913e-01	7.067156322484167974e-02	-8.794257709004878187e-02	1.294566551983888647e-01	-2.424142432243533429e-01	9.999999999999970024e-01	-6.072730775689286903e-02	5.839846067321932677e-02	-1.334982091718650565e-01	1.548146834649100634e-01	-2.608872080881185496e-01	4.867427147352629269e-02	-6.215685646852317503e-02	9.233074809981146880e-02	-9.765084013303845789e-02	8.026898193142559257e-02	-3.349311478134945480e-02	3.669191712652741105e-02	-1.054750732155116111e-01	9.873683774970413995e-02	-7.899206861075229458e-02
-1.550912695448386780e-01	8.363510487356076717e-02	-1.359544302766331481e-01	7.685939705022637458e-02	-8.167410348989616320e-02	8.569617241652358053e-02	-1.339786333645590632e-01	9.518470076779983469e-02	-7.287041153973861096e-02	6.874209938152617272e-02	-8.530970302778236036e-02	1.060580246932800452e-01	-9.338452932152710440e-02	8.501698731601085857e-02	-8.925421967135581391e-02	2.135892647929077404e-01	-2.188924857376849387e-01	1.659134787912366071e-01	-6.488262095153081443e-02	5.917500584038067751e-02	-5.317849583360586552e-01	2.807176710186113922e-01	-1.259396028671783130e-01	6.782581238140725222e-02	-6.072730775689286903e-02	1.000000000000002665e+00	-4.464319781058673775e-01	1.111098509032473064e-01	-7.947576584280639789e-02	9.309889748901928330e-02	-5.133498153252237239e-01	3.006802822416462240e-01	-1.019614349154433636e-01	8.267980460299050038e-02	-6.139875151561306754e-02	1.701329731281709390e-01	-1.854008700491034667e-01	1.187279758290841480e-01	-9.323131125595410240e-02	6.615070158877726925e-02
1.422440690582467415e-01	-7.650684854243811062e-02	1.245735275448498908e-01	-7.048931241366171441e-02	7.495725747447598564e-02	-7.403250185516752069e-02	1.200163524072749982e-01	-8.623310999357043649e-02	6.654457232678023804e-02	-6.336070549263951579e-02	7.132171917586359322e-02	-9.276685267248323263e-02	8.225856042025476988e-02	-7.820824404541933117e-02	8.224354838857746153e-02	-1.597928895376688752e-01	1.669067037324961644e-01	-1.573641829542090365e-01	6.180200485012513761e-02	-5.695952808068470430e-02	2.440069468333530833e-01	-6.657062616851346926e-01	1.283776306458978833e-01	-6.546585935929455369e-02	5.839846067321932677e-02	-4.464319781058673775e-01	9.999999999999975575e-01	-1.204266756228248442e-01	8.138921246407861132e-02	-9.474086890643196313e-02	2.656692349063523584e-01	-4.591050941958146892e-01	1.073294901622576653e-01	-8.561920641105380536e-02	6.228967651781264908e-02	-1.424467565805106473e-01	1.523684979232088621e-01	-1.229169567951355624e-01	9.298786543685688688e-02	-6.711149688408257763e-02
-1.986479732900030271e-01	1.065021084430452375e-01	-1.749230685500291760e-01	1.027020689395238828e-01	-1.144610005796663221e-01	8.139280959092635992e-02	-1.608688787563439804e-01	1.181734611754445136e-01	-9.810721616964480918e-02	9.757319474354604616e-02	-7.786174812536507395e-02	1.135227779938032810e-01	-1.099334203674520311e-01	1.230396977698197530e-01	-1.371397600357509017e-01	1.156165564845059446e-01	-1.558530825319593138e-01	2.557753823053685038e-01	-1.339882758291393028e-01	1.193403079123571547e-01	-1.349598666579690798e-01	1.547007388579990095e-01	-5.752497423663213150e-01	1.436428115144339213e-01	-1.334982091718650565e-01	1.111098509032473064e-01	-1.204266756228248442e-01	1.000000000000000222e+00	-4.611853688001459894e-01	2.760781434262283285e-01	-9.848685920475222511e-02	1.226781731625351674e-01	-3.959746641745580109e-01	2.286897172921366350e-01	-1.650563981374936762e-01	6.709222398723968528e-02	-7.659857427851944622e-02	2.521913776651359962e-01	-2.205003513478039634e-01	1.538997370747371973e-01
1.384599326553803966e-01	-7.548172738742998933e-02	1.234091468811850251e-01	-7.988442155377641074e-02	8.835730691818691196e-02	-6.033889440230674056e-02	1.168308747186043300e-01	-8.959101251922810261e-02	7.602792736762882531e-02	-7.968488923582429939e-02	5.690677108924641070e-02	-8.607461200623203745e-02	8.341893193828207875e-02	-1.021942766476978959e-01	1.138681915864593469e-01	-8.184352059784097411e-02	1.047319886456235666e-01	-1.788212063354868431e-01	1.103949023475956498e-01	-1.456468211457749018e-01	9.287787737793329335e-02	-1.111830328257398526e-01	2.282108432262673070e-01	-1.284517578171676389e-01	1.548146834649100634e-01	-7.947576584280639789e-02	8.138921246407861132e-02	-4.611853688001459894e-01	1.000000000000001554e+00	-7.268708732977162690e-01	6.959476242138101787e-02	-8.880422387856184985e-02	2.146541149525431902e-01	-3.046728672754938638e-01	1.876108818712118320e-01	-4.924706009199407430e-02	5.538293610506676845e-02	-2.025345189519799916e-01	2.025237177008032963e-01	-1.674781500942954526e-01
-1.892897676984110766e-01	1.022556479116161765e-01	-1.679372620855009990e-01	1.042917811839429304e-01	-1.180139822402243438e-01	7.656180499340908829e-02	-1.551532711703430545e-01	1.166980122263619191e-01	-9.956343192250131924e-02	1.039364200528276189e-01	-7.252711553024968061e-02	1.091916065303173006e-01	-1.077735854736370374e-01	1.295154810355350627e-01	-1.536973975819915517e-01	9.727999180048235717e-02	-1.268340918958424102e-01	1.877444464781634070e-01	-1.357376731499864986e-01	1.828998785316552356e-01	-1.131755735623271586e-01	1.290810323414555427e-01	-2.599961803629276536e-01	1.430021425056014206e-01	-2.608872080881185496e-01	9.309889748901928330e-02	-9.474086890643196313e-02	2.760781434262283285e-01	-7.268708732977162690e-01	9.999999999999997780e-01	-8.088167873799329000e-02	1.001309654211197525e-01	-2.130332687704952488e-01	2.371116908244587096e-01	-2.433017826824020735e-01	5.597823654289352246e-02	-6.332749983028831964e-02	1.996709135665785673e-01	-2.429293659754735157e-01	1.811447909667501799e-01
1.143914453874896597e-01	-6.172823917555925882e-02	1.003744174521463139e-01	-5.757714064375189789e-02	6.118860183093417782e-02	-6.180666258815813857e-02	9.757419202248700241e-02	-7.049085403392225946e-02	5.435691567670293545e-02	-5.192360701355384217e-02	5.944093559570768487e-02	-7.649805924750907593e-02	6.746851338511408724e-02	-6.425536895226062473e-02	6.748547015697868579e-02	-1.395290739362044508e-01	1.361183201572012946e-01	-1.299917642624263125e-01	5.068567079005872889e-02	-4.746918383451195766e-02	2.224706543345765231e-01	-2.442837344985834269e-01	1.014135767557954176e-01	-5.364229104075105697e-02	4.867427147352629269e-02	-5.133498153252237239e-01	2.656692349063523584e-01	-9.848685920475222511e-02	6.959476242138101787e-02	-8.088167873799329000e-02	9.999999999999998890e-01	-6.404940666270486638e-01	1.069062320786030723e-01	-8.019861508857968613e-02	5.738124304526102948e-02	-3.681854025403315522e-01	2.578869580232498460e-01	-1.235346310300998729e-01	8.685973158571319575e-02	-6.161409806231576969e-02
-1.567524241372496852e-01	8.368380007201614568e-02	-1.367460506901260753e-01	7.512958918356835158e-02	-8.045821862501295607e-02	7.451492578409653345e-02	-1.288680394955223629e-01	9.133543881832120737e-02	-7.092244627452547190e-02	6.737918749457667833e-02	-7.271250467936279938e-02	9.515880875539556305e-02	-8.618383330122267316e-02	8.216683386816822643e-02	-8.769959668012528020e-02	1.475586866173547729e-01	-1.672835425308384083e-01	1.508520491288521392e-01	-6.460018728460581450e-02	6.006638520498108758e-02	-2.547917963624211080e-01	2.654258622019106673e-01	-1.281029856443244297e-01	6.765147905112904592e-02	-6.215685646852317503e-02	3.006802822416462240e-01	-4.591050941958146892e-01	1.226781731625351674e-01	-8.880422387856184985e-02	1.001309654211197525e-01	-6.404940666270486638e-01	1.000000000000001110e+00	-1.561327254015417443e-01	1.029343844497087601e-01	-7.445099881653045870e-02	2.410264999494857729e-01	-3.273437880977009273e-01	1.509356788676882721e-01	-1.137907247242412462e-01	7.809107630966943825e-02
1.444219720824188868e-01	-7.747307471075108587e-02	1.270175371680726528e-01	-7.462678911740408538e-02	8.202870569150358393e-02	-6.070017122171451202e-02	1.168072407606498692e-01	-8.625113799271777459e-02	7.061967931912356555e-02	-7.057297640273088590e-02	5.759327937933458874e-02	-8.325624218994959191e-02	7.916810763507718673e-02	-8.781587944545636570e-02	9.655241720972911057e-02	-8.906647211211449200e-02	1.111514866188666739e-01	-1.766425714792678459e-01	8.490422982923585826e-02	-8.699268843811043539e-02	1.088920163539150027e-01	-1.297696129807132670e-01	2.128543239140278376e-01	-9.253799163190939980e-02	9.233074809981146880e-02	-1.019614349154433636e-01	1.073294901622576653e-01	-3.959746641745580109e-01	2.146541149525431902e-01	-2.130332687704952488e-01	1.069062320786030723e-01	-1.561327254015417443e-01	1.000000000000001776e+00	-4.688661021198554102e-01	2.132010909951082833e-01	-8.174159171576729499e-02	9.390296628072886120e-02	-6.556191468533667521e-01	2.825726852530995870e-01	-2.138737794631789257e-01
-1.397731723960899952e-01	7.488487507438397472e-02	-1.229329208861622003e-01	7.226432312235422928e-02	-7.993819028683958605e-02	5.674856354338319447e-02	-1.120677006822146521e-01	8.285127143738171829e-02	-6.836916130741699238e-02	6.887843323472978008e-02	-5.372283525189015113e-02	7.852982071520128726e-02	-7.548804523939676991e-02	8.510036436145117233e-02	-9.526179884791105557e-02	7.789410956074314940e-02	-9.844064010350492278e-02	1.490734431477979405e-01	-8.243320755581272363e-02	8.944899587773695593e-02	-9.363962500347448870e-02	1.096435870264306778e-01	-1.830325644801011342e-01	8.833405814358712138e-02	-9.765084013303845789e-02	8.267980460299050038e-02	-8.561920641105380536e-02	2.286897172921366350e-01	-3.046728672754938638e-01	2.371116908244587096e-01	-8.019861508857968613e-02	1.029343844497087601e-01	-4.688661021198554102e-01	1.000000000000001554e+00	-5.371668242357297007e-01	5.855991873952980098e-02	-6.739861944113220704e-02	2.895184924913893343e-01	-4.860202701454335861e-01	2.995473583395359407e-01
1.023894039390788047e-01	-5.511326711302481918e-02	9.033115872768263110e-02	-5.447346699727032004e-02	6.005951247924380676e-02	-4.260106581383750479e-02	8.315791539669407928e-02	-6.217951387321475620e-02	5.146445055792159273e-02	-5.246773544123486954e-02	4.017087046922265120e-02	-5.917602714984015327e-02	5.672619933978285955e-02	-6.510353253136226537e-02	7.264459281995885864e-02	-5.838934937235867179e-02	7.309003625934258619e-02	-1.138105578802988960e-01	6.265007100969982590e-02	-7.454850586316191796e-02	6.897317416256401601e-02	-8.273156344340733270e-02	1.293252519427537661e-01	-6.797640048317389605e-02	8.026898193142559257e-02	-6.139875151561306754e-02	6.228967651781264908e-02	-1.650563981374936762e-01	1.876108818712118320e-01	-2.433017826824020735e-01	5.738124304526102948e-02	-7.445099881653045870e-02	2.132010909951082833e-01	-5.371668242357297007e-01	1.000000000000001776e+00	-4.367377357431778684e-02	4.929630018747688247e-02	-2.300487145924960952e-01	3.076812092104578289e-01	-7.050437892523913064e-01
-7.918144794852208235e-02	4.243271257713644024e-02	-6.925368428969451429e-02	3.885237282639866091e-02	-4.160670880448996689e-02	3.874272164477009228e-02	-6.562371569597338916e-02	4.706864756672152900e-02	-3.664174143847752363e-02	3.508496725810707900e-02	-3.741870110631359547e-02	4.917195601805574023e-02	-4.433099797193862379e-02	4.296655208516206303e-02	-4.577938292656388158e-02	7.726775507372994622e-02	-8.353114030253203093e-02	8.150039185105625861e-02	-3.437471890634904992e-02	3.239536202753978689e-02	-1.266058922514699536e-01	1.309028215286303087e-01	-6.872654469402987576e-02	3.619673730673108464e-02	-3.349311478134945480e-02	1.701329731281709390e-01	-1.424467565805106473e-01	6.709222398723968528e-02	-4.924706009199407430e-02	5.597823654289352246e-02	-3.681854025403315522e-01	2.410264999494857729e-01	-8.174159171576729499e-02	5.855991873952980098e-02	-4.367377357431778684e-02	1.000000000000001332e+00	-8.719218366489794869e-01	1.042705634940526704e-01	-7.184110853156286391e-02	4.598191019389679529e-02
8.289263843275541943e-02	-4.456782917757767803e-02	7.264744442078185926e-02	-4.144429080961747891e-02	4.430374553562025502e-02	-4.159568621366267066e-02	6.924618325723856660e-02	-5.012745696605785256e-02	3.904983050781989096e-02	-3.758570343180279993e-02	3.980398160230948224e-02	-5.256878908543091006e-02	4.716227150296901927e-02	-4.621782637984778175e-02	4.904888709084072318e-02	-8.298690035262056008e-02	8.708147727525557269e-02	-9.079288636055228567e-02	3.741404634544046037e-02	-3.559587698788391208e-02	1.253921826201560008e-01	-1.548289631260405252e-01	7.594276977727329458e-02	-3.964669961070252380e-02	3.669191712652741105e-02	-1.854008700491034667e-01	1.523684979232088621e-01	-7.659857427851944622e-02	5.538293610506676845e-02	-6.332749983028831964e-02	2.578869580232498460e-01	-3.273437880977009273e-01	9.390296628072886120e-02	-6.739861944113220704e-02	4.929630018747688247e-02	-8.719218366489794869e-01	1.000000000000001332e+00	-1.330902068914629199e-01	7.985734533381183553e-02	-5.233207491987394711e-02
-2.023462745129100959e-01	1.072068035952883358e-01	-1.765401366239241210e-01	9.757367998496407901e-02	-1.078694212037894229e-01	7.757474028332980720e-02	-1.567222689596733387e-01	1.131385495198516666e-01	-9.210109879864997184e-02	9.057288304531950496e-02	-7.383190403272277269e-02	1.059384118366298588e-01	-1.017825640145698929e-01	1.098557227074652143e-01	-1.227790767673706401e-01	1.065544687837148563e-01	-1.349276726132585813e-01	1.880558968744744375e-01	-1.006769845623793902e-01	9.788800015443595293e-02	-1.336202797962663114e-01	1.502249920829890062e-01	-2.341691745294713911e-01	1.054899255213960219e-01	-1.054750732155116111e-01	1.187279758290841480e-01	-1.229169567951355624e-01	2.521913776651359962e-01	-2.025345189519799916e-01	1.996709135665785673e-01	-1.235346310300998729e-01	1.509356788676882721e-01	-6.556191468533667521e-01	2.895184924913893343e-01	-2.300487145924960952e-01	1.042705634940526704e-01	-1.330902068914629199e-01	1.000000000000001332e+00	-4.752733966738191818e-01	2.204704282559518669e-01
1.395241081555436968e-01	-7.541175438955088906e-02	1.232689506605142427e-01	-7.543649167177650383e-02	8.218074983069846573e-02	-6.076015159669574672e-02	1.148463239595229057e-01	-8.658002924119179156e-02	7.094158447594672845e-02	-7.223242235598754946e-02	5.696618758414063316e-02	-8.357351817417110751e-02	7.891110468072436157e-02	-8.976156791633631282e-02	9.786438714121849236e-02	-8.595092474344823152e-02	1.050901873756151794e-01	-1.681390415170880837e-01	8.360846488959654266e-02	-9.606065163470034474e-02	1.008318350989657886e-01	-1.263162730668578315e-01	1.723984601882583012e-01	-9.162924047620230050e-02	9.873683774970413995e-02	-9.323131125595410240e-02	9.298786543685688688e-02	-2.205003513478039634e-01	2.025237177008032963e-01	-2.429293659754735157e-01	8.685973158571319575e-02	-1.137907247242412462e-01	2.825726852530995870e-01	-4.860202701454335861e-01	3.076812092104578289e-01	-7.184110853156286391e-02	7.985734533381183553e-02	-4.752733966738191818e-01	1.000000000000001332e+00	-5.622131382872986860e-01
