1.000000000000000000e+00	-6.751949259063678710e-01	2.862159599528331100e-01	-2.352698088671801857e-01	1.520590740324725687e-01	-2.225357301861677350e-01	2.790412793240496514e-01	-2.929788151561937282e-01	1.656243100709667571e-01	-1.166252255583351966e-01	1.960021066953631375e-01	-1.829340176248954453e-01	1.632884639083711786e-01	-1.545530553848683541e-01	1.457972337117819650e-01	-1.861567897590352128e-01	1.479581003643404280e-01	-1.521587622709081045e-01	1.001517547792737245e-01	-9.113061562379573544e-02	1.401257813971662214e-01	-1.236111375555185160e-01	1.396123658523042710e-01	-1.211071482037275743e-01	9.649910696525532128e-02	-1.725380665848960660e-01	1.312073410331756340e-01	-2.021693289496800661e-01	1.223194339043364026e-01	-1.208590891923125854e-01	1.298816418484503021e-01	-1.694748161016593480e-01	1.482973550392924222e-01	-1.450606759803039214e-01	9.868433588943438528e-02	-2.619748566745730978e-01	1.249658756651394337e-01	-1.242748042203329073e-01	7.795486945592100536e-02	-9.507872008908746508e-02
-6.751949259063678710e-01	9.999999999999997780e-01	-4.614465099232649137e-01	1.923109741155568375e-01	-1.314058260684695667e-01	1.931750388605110447e-01	-4.389699418513799967e-01	2.699922106698472990e-01	-1.422784961187425201e-01	9.446491404213859522e-02	-1.835928063465529503e-01	1.493572744664416196e-01	-1.441583114614863326e-01	1.106986309081739311e-01	-1.089322165571779411e-01	1.159868101804166635e-01	-9.381398033146752524e-02	9.277108604762847321e-02	-6.366635197361658616e-02	5.764725715946115298e-02	-8.693177700151141774e-02	7.395005515026882581e-02	-8.476981802615776718e-02	7.295598390089373664e-02	-5.938943916058665035e-02	1.008003094739301775e-01	-7.891542052999324375e-02	1.146866696904843691e-01	-7.017398689500958797e-02	6.868182554884640079e-02	-7.415078947579517576e-02	9.589330918408711657e-02	-8.460305391924169416e-02	8.189204558597759642e-02	-5.641510365011600386e-02	1.450544722053114244e-01	-7.059628969164703782e-02	6.972236585717608848e-02	-4.392661876410754174e-02	5.329043060550826827e-02
2.862159599528331100e-01	-4.614465099232649137e-01	9.999999999999997780e-01	-4.551488500587937414e-01	2.009492494248932837e-01	-1.833941980655764137e-01	2.744377690864073793e-01	-5.402883853671507364e-01	2.167009468939767591e-01	-1.495052341900028336e-01	1.820790707007763631e-01	-1.992785824839963804e-01	1.919586453630551803e-01	-1.595922871994771286e-01	1.511179627195909092e-01	-1.413357462431031886e-01	1.161043856446767192e-01	-1.181036323443337838e-01	8.354299461324901643e-02	-7.619897265656286334e-02	1.065398643211750568e-01	-9.308054982265648314e-02	1.070323323250381153e-01	-9.491225432667141360e-02	7.726792989781053334e-02	-1.264879847700152715e-01	9.885590035368019279e-02	-1.465695251494411044e-01	8.964723107185416928e-02	-8.799747365017709932e-02	9.384551278473836355e-02	-1.217343322699417224e-01	1.076494563261186366e-01	-1.047282432083324749e-01	7.213197023550815823e-02	-1.851842746245742632e-01	8.987702933257099569e-02	-8.894373462209696768e-02	5.610962418037706428e-02	-6.813306425211219930e-02
-2.352698088671801857e-01	1.923109741155568375e-01	-4.551488500587937414e-01	9.999999999999997780e-01	-5.299674374476573968e-01	1.211083936254174070e-01	-1.853386195851984275e-01	2.307480266921158318e-01	-5.219877434857437271e-01	2.879268849296206523e-01	-1.362551110192102843e-01	1.304314774353027562e-01	-1.352071192449565418e-01	2.060627148701431322e-01	-2.211784242319871918e-01	1.049958237673281197e-01	-9.079398277931725880e-02	9.237099738711808394e-02	-8.312765947610607775e-02	7.670386671988176086e-02	-8.152924032496915163e-02	7.176622530915538478e-02	-8.464653280179848527e-02	8.436137287886300018e-02	-7.221685973827464411e-02	9.482024520478188334e-02	-7.667500623363500412e-02	1.111604556531006066e-01	-6.961667729383692882e-02	6.812046102887583943e-02	-7.026062560633042353e-02	9.069742710267851560e-02	-8.210935868826217676e-02	7.968463846046003329e-02	-5.609698393100293057e-02	1.364046405637883708e-01	-6.772710423587227635e-02	6.666549356566106588e-02	-4.250927238316640211e-02	5.132229812343001851e-02
1.520590740324725687e-01	-1.314058260684695667e-01	2.009492494248932837e-01	-5.299674374476573968e-01	9.999999999999997780e-01	-9.612197855206970620e-02	1.312928994153742257e-01	-1.825939677054087551e-01	3.251470162074726611e-01	-6.777183711144261213e-01	1.059328797271983785e-01	-1.120673215493550867e-01	1.081253223667740099e-01	-2.269098772976232969e-01	2.084549134807150150e-01	-1.023758348644258076e-01	8.761358836431200336e-02	-9.219630837614314900e-02	8.229651541223061140e-02	-7.854615960584546142e-02	7.958276154825086324e-02	-7.190060035198399258e-02	8.411223754746856296e-02	-8.699871465703674922e-02	7.222922917514236485e-02	-9.614095682072668070e-02	7.626999773644456415e-02	-1.157502408547603362e-01	7.189474946016925772e-02	-7.093062355967402755e-02	7.235778292025310532e-02	-9.402242380881564721e-02	8.469535922832717445e-02	-8.314208642936114779e-02	5.802058332959005721e-02	-1.435202264082740264e-01	7.026338857891820111e-02	-6.958112936005009241e-02	4.431272992248617981e-02	-5.372019304633955661e-02
-2.225357301861677350e-01	1.931750388605110447e-01	-1.833941980655764137e-01	1.211083936254174070e-01	-9.612197855206970620e-02	1.000000000000000000e+00	-5.093011592487901584e-01	2.282616799719171807e-01	-1.074200711113568740e-01	7.136187818972504482e-02	-7.346228131447600784e-01	2.072697269318856950e-01	-1.948570872265512899e-01	9.701704050078452379e-02	-9.689131292606283086e-02	1.476922727792120138e-01	-1.117249958469406640e-01	9.491379979119005106e-02	-5.984035345582767312e-02	5.296814989234732013e-02	-1.044068796934134041e-01	7.522169897192639010e-02	-8.655862055674960753e-02	6.609363642211642242e-02	-5.458920688615172268e-02	1.000055668416205412e-01	-8.165554454995853362e-02	1.009339402553456749e-01	-6.264208540600392505e-02	5.975942636786517326e-02	-6.822960989550108657e-02	8.586555452975545843e-02	-7.562427201713516067e-02	7.090871855374505928e-02	-4.978458109349376964e-02	1.219258446001591917e-01	-6.195533149054668204e-02	6.011958008625145622e-02	-3.797501353492876985e-02	4.552889771621467657e-02
2.790412793240496514e-01	-4.389699418513799967e-01	2.744377690864073793e-01	-1.853386195851984275e-01	1.312928994153742257e-01	-5.093011592487901584e-01	9.999999999999993339e-01	-4.945006134361720207e-01	1.482646271417309702e-01	-1.000890243962164750e-01	2.838696177521540243e-01	-2.463509366898745390e-01	2.096959788694330029e-01	-1.310850806714538019e-01	1.252060797163188355e-01	-1.579031709961073171e-01	1.223785793313403314e-01	-1.190171613848635956e-01	7.779285730418360190e-02	-7.010634163000094288e-02	1.127744843898036697e-01	-9.393876560295472133e-02	1.072299537615604009e-01	-8.937420694488067141e-02	7.249031960495386229e-02	-1.280168053571043851e-01	9.989414014248400309e-02	-1.415197109789132213e-01	8.648531857885490004e-02	-8.429156177298802177e-02	9.217351608815937958e-02	-1.187813540392859274e-01	1.042595060924637468e-01	-1.005063470175754647e-01	6.933005320238631863e-02	-1.774002589798111540e-01	8.677564793660806630e-02	-8.551821000683726415e-02	5.386175120003806882e-02	-6.524510834785446356e-02
-2.929788151561937282e-01	2.699922106698472990e-01	-5.402883853671507364e-01	2.307480266921158318e-01	-1.825939677054087551e-01	2.282616799719171807e-01	-4.945006134361720207e-01	9.999999999999993339e-01	-2.223115210652207574e-01	1.331931481591481226e-01	-2.640013789956623946e-01	2.573781626111305565e-01	-3.926001985990063003e-01	1.532336178867549914e-01	-1.540419675415488632e-01	1.334760006862139026e-01	-1.142720564580526205e-01	1.101656717060227053e-01	-7.793636307726681256e-02	6.979944884538406835e-02	-1.006022069379205186e-01	8.379688490557503366e-02	-9.909790497177231594e-02	8.332992052339746603e-02	-6.967327906648940195e-02	1.096251787153902507e-01	-8.976381260966571907e-02	1.211634351459793119e-01	-7.530077195209383678e-02	7.268445142120308344e-02	-7.861206685803777405e-02	1.005247931809765266e-01	-8.993106282006677055e-02	8.584963731444432422e-02	-6.020221749494227004e-02	1.477226112703866057e-01	-7.400044849262867042e-02	7.239687654770038394e-02	-4.591961586293542841e-02	5.528689821464920912e-02
1.656243100709667571e-01	-1.422784961187425201e-01	2.167009468939767591e-01	-5.219877434857437271e-01	3.251470162074726611e-01	-1.074200711113568740e-01	1.482646271417309702e-01	-2.223115210652207574e-01	1.000000000000000000e+00	-5.898756548684869205e-01	1.187986486410512327e-01	-1.294554387285415942e-01	1.282030022071367903e-01	-3.594990909591182504e-01	2.567340538923811866e-01	-1.102916427934244603e-01	9.548963009218708331e-02	-1.006234370287704266e-01	9.661909820854906739e-02	-9.072691548335293232e-02	8.568228492047459677e-02	-7.744873269475802124e-02	9.141950033238228912e-02	-9.711695213152990447e-02	8.166603255456829358e-02	-1.025085077606187473e-01	8.213584852547078929e-02	-1.231844351554731293e-01	7.703902374287399657e-02	-7.584559851647271200e-02	7.676118021005773340e-02	-9.954930084762260434e-02	9.019527516829109470e-02	-8.843142486715617478e-02	6.214166479103178098e-02	-1.510548712437479180e-01	7.451248725864505207e-02	-7.365030869815419878e-02	4.705492826022543429e-02	-5.692941556114168578e-02
-1.166252255583351966e-01	9.446491404213859522e-02	-1.495052341900028336e-01	2.879268849296206523e-01	-6.777183711144261213e-01	7.136187818972504482e-02	-1.000890243962164750e-01	1.331931481591481226e-01	-5.898756548684869205e-01	1.000000000000000666e+00	-8.069580375140589235e-02	8.500985392367399474e-02	-8.580080128899533753e-02	2.259035901510048627e-01	-2.835810568516982655e-01	7.343134381119220677e-02	-6.491356351119718926e-02	6.852295518493668747e-02	-7.317989107653448400e-02	7.073802389284332415e-02	-5.744338510578037016e-02	5.211777486582164221e-02	-6.234719412514926062e-02	6.989584251414296401e-02	-6.087806387320778695e-02	6.796289380503915678e-02	-5.532746394907407661e-02	8.197902108749975658e-02	-5.193100693280862379e-02	5.105868515869001201e-02	-5.071643197842987810e-02	6.560843574086949737e-02	-6.013815144025707465e-02	5.893125874332886399e-02	-4.192349747936077037e-02	9.883844308906410137e-02	-4.934867378507783869e-02	4.864913218644251885e-02	-3.127005895280127179e-02	3.771447475404068883e-02
1.960021066953631375e-01	-1.835928063465529503e-01	1.820790707007763631e-01	-1.362551110192102843e-01	1.059328797271983785e-01	-7.346228131447600784e-01	2.838696177521540243e-01	-2.640013789956623946e-01	1.187986486410512327e-01	-8.069580375140589235e-02	9.999999999999995559e-01	-3.479511648362772491e-01	2.222625448150873095e-01	-1.174620408253698317e-01	1.130211253905843150e-01	-2.341982378167381806e-01	1.449107493236079236e-01	-1.259505189793548585e-01	7.548697559102465759e-02	-6.708629336055961512e-02	1.358986009942640960e-01	-9.916334730093687155e-02	1.117221346672557791e-01	-8.525446361104953297e-02	6.945356937998085900e-02	-1.350232278086603843e-01	1.057804841082112257e-01	-1.338317521340417482e-01	8.222156829130657096e-02	-7.877363245913353296e-02	9.045657617759862712e-02	-1.144213191189744350e-01	9.924058279973382857e-02	-9.369251561057792554e-02	6.533147873165680297e-02	-1.624658847486430968e-01	8.162902273862608638e-02	-7.953023696283187394e-02	5.010219681525177049e-02	-6.022738450994265247e-02
-1.829340176248954453e-01	1.493572744664416196e-01	-1.992785824839963804e-01	1.304314774353027562e-01	-1.120673215493550867e-01	2.072697269318856950e-01	-2.463509366898745390e-01	2.573781626111305565e-01	-1.294554387285415942e-01	8.500985392367399474e-02	-3.479511648362772491e-01	1.000000000000001110e+00	-8.095629712339006412e-01	1.380387687429060206e-01	-1.376026525838655035e-01	1.257755647874035654e-01	-1.220741186370683518e-01	1.102937326745223601e-01	-7.022825298164787899e-02	6.131655538939989603e-02	-9.143319931292862024e-02	7.651997278357343391e-02	-9.370614869557826465e-02	7.099886738740669723e-02	-6.020176529474533661e-02	9.344447985908027610e-02	-8.042689716515021014e-02	9.855787301276608403e-02	-6.187443719089982114e-02	5.845690150295563409e-02	-6.415524450118968713e-02	8.095902520475728448e-02	-7.300594309161195783e-02	6.849184308537591137e-02	-4.887970951102391104e-02	1.137852319997788575e-01	-5.903934092407111395e-02	5.711142875156881293e-02	-3.646683040260702280e-02	4.349823288931554260e-02
1.632884639083711786e-01	-1.441583114614863326e-01	1.919586453630551803e-01	-1.352071192449565418e-01	1.081253223667740099e-01	-1.948570872265512899e-01	2.096959788694330029e-01	-3.926001985990063003e-01	1.282030022071367903e-01	-8.580080128899533753e-02	2.222625448150873095e-01	-8.095629712339006412e-01	9.999999999999991118e-01	-1.677618869731887508e-01	1.381032345974449738e-01	-1.213815554342459052e-01	1.123818620116137784e-01	-1.205136475512702809e-01	7.196786873275631824e-02	-6.343600470275850833e-02	8.726765296823525697e-02	-7.685542240546242021e-02	9.458783039271355386e-02	-7.351076218889580904e-02	6.140854519142113083e-02	-9.425185697289339970e-02	7.952309446855788944e-02	-1.030061745147188984e-01	6.398603178399851765e-02	-6.091302432287665908e-02	6.560541040422419867e-02	-8.356151249249546553e-02	7.509109605562037937e-02	-7.142255591425732131e-02	5.059308492959393305e-02	-1.193236065465015511e-01	6.100529737193996493e-02	-5.942697618272757554e-02	3.794111369342850065e-02	-4.544460487419278716e-02
-1.545530553848683541e-01	1.106986309081739311e-01	-1.595922871994771286e-01	2.060627148701431322e-01	-2.269098772976232969e-01	9.701704050078452379e-02	-1.310850806714538019e-01	1.532336178867549914e-01	-3.594990909591182504e-01	2.259035901510048627e-01	-1.174620408253698317e-01	1.380387687429060206e-01	-1.677618869731887508e-01	1.000000000000000444e+00	-8.065994184882877560e-01	1.032816304152954640e-01	-1.020667051284095822e-01	1.103357441649988613e-01	-1.912940044739959156e-01	1.621541082863993399e-01	-8.270958413711243518e-02	7.741903204518973958e-02	-9.950880113485963130e-02	1.352485954386670741e-01	-1.294543391340625682e-01	9.305819752014106438e-02	-8.219528899497414998e-02	1.141251412568771301e-01	-7.689334555715177100e-02	7.478632082341667153e-02	-6.796782524958178140e-02	8.679401724919412475e-02	-8.436819756042440721e-02	8.228798673400662678e-02	-6.215730982072704275e-02	1.254954161783734812e-01	-6.687686918189937602e-02	6.499452175579559232e-02	-4.306362434051758808e-02	5.108355758503556332e-02
1.457972337117819650e-01	-1.089322165571779411e-01	1.511179627195909092e-01	-2.211784242319871918e-01	2.084549134807150150e-01	-9.689131292606283086e-02	1.252060797163188355e-01	-1.540419675415488632e-01	2.567340538923811866e-01	-2.835810568516982655e-01	1.130211253905843150e-01	-1.376026525838655035e-01	1.381032345974449738e-01	-8.065994184882877560e-01	9.999999999999997780e-01	-1.164303922565594340e-01	1.099381316392087637e-01	-1.232734036828310870e-01	1.780913487886420510e-01	-2.110603882401480280e-01	9.216085595614240122e-02	-8.754723567008515506e-02	1.094249298066685278e-01	-1.569999605897252348e-01	1.384368069837162984e-01	-1.079842760901029847e-01	9.188474302857803366e-02	-1.360488322240153147e-01	8.958263414020206650e-02	-8.845655931984609810e-02	7.999645608490459081e-02	-1.031035226352929185e-01	9.837892310807166973e-02	-9.803019138018231882e-02	7.229700021471473226e-02	-1.521312935673046207e-01	7.883978657816290148e-02	-7.751211909121241694e-02	5.114571612679476992e-02	-6.120671203659518861e-02
-1.861567897590352128e-01	1.159868101804166635e-01	-1.413357462431031886e-01	1.049958237673281197e-01	-1.023758348644258076e-01	1.476922727792120138e-01	-1.579031709961073171e-01	1.334760006862139026e-01	-1.102916427934244603e-01	7.343134381119220677e-02	-2.341982378167381806e-01	1.257755647874035654e-01	-1.213815554342459052e-01	1.032816304152954640e-01	-1.164303922565594340e-01	1.000000000000000222e+00	-5.501557269595175326e-01	2.426114477476619402e-01	-1.138816617290455413e-01	9.327191519274145859e-02	-5.770482901029833078e-01	2.101112538399980689e-01	-2.320373614529621098e-01	1.170379443629783883e-01	-9.951942123351036062e-02	2.762344217305234273e-01	-2.418702485565572546e-01	1.732783357092450016e-01	-1.130575135418014771e-01	9.748521239052726495e-02	-1.493905844707122399e-01	1.661519899925057719e-01	-1.403271407329232390e-01	1.148570738134240266e-01	-8.596190925190071164e-02	1.797027776567873825e-01	-1.085058888327280063e-01	9.772068957093968389e-02	-6.152493662864734481e-02	7.025154522261825574e-02
1.479581003643404280e-01	-9.381398033146752524e-02	1.161043856446767192e-01	-9.079398277931725880e-02	8.761358836431200336e-02	-1.117249958469406640e-01	1.223785793313403314e-01	-1.142720564580526205e-01	9.548963009218708331e-02	-6.491356351119718926e-02	1.449107493236079236e-01	-1.220741186370683518e-01	1.123818620116137784e-01	-1.020667051284095822e-01	1.099381316392087637e-01	-5.501557269595175326e-01	9.999999999999987788e-01	-5.565991388051475530e-01	1.443448795684280361e-01	-1.220973399735568315e-01	2.529412220294195990e-01	-3.312867232540794848e-01	2.860215890543809647e-01	-1.468845037481310012e-01	1.158990940421050636e-01	-2.616171506572876893e-01	2.400129063909999527e-01	-2.116300173397581974e-01	1.274502775298816393e-01	-1.112776113369451925e-01	1.401846410252337305e-01	-1.730135681368594747e-01	1.438204424851385055e-01	-1.287335819238013823e-01	9.467948298457237732e-02	-1.861847453884031278e-01	1.093342873433301859e-01	-1.020437272197966677e-01	6.625607843292519172e-02	-7.653669022187092885e-02
-1.521587622709081045e-01	9.277108604762847321e-02	-1.181036323443337838e-01	9.237099738711808394e-02	-9.219630837614314900e-02	9.491379979119005106e-02	-1.190171613848635956e-01	1.101656717060227053e-01	-1.006234370287704266e-01	6.852295518493668747e-02	-1.259505189793548585e-01	1.102937326745223601e-01	-1.205136475512702809e-01	1.103357441649988613e-01	-1.232734036828310870e-01	2.426114477476619402e-01	-5.565991388051475530e-01	1.000000000000000222e+00	-2.395616132170807488e-01	1.554863841923284640e-01	-1.973659977910214025e-01	2.528137538402103202e-01	-6.120136387832495473e-01	1.733768351966209487e-01	-1.464410862256616541e-01	1.860371599397545594e-01	-2.397526095152081038e-01	2.179156497139326520e-01	-1.419698176256141697e-01	1.122893817355839763e-01	-1.156112853131658069e-01	1.397358134028771626e-01	-1.440590408938119960e-01	1.260545932517023737e-01	-9.910881704421731220e-02	1.586666751328385805e-01	-1.032116701781204127e-01	9.505395897416477058e-02	-6.442957482761044186e-02	7.254552175442606499e-02
1.001517547792737245e-01	-6.366635197361658616e-02	8.354299461324901643e-02	-8.312765947610607775e-02	8.229651541223061140e-02	-5.984035345582767312e-02	7.779285730418360190e-02	-7.793636307726681256e-02	9.661909820854906739e-02	-7.317989107653448400e-02	7.548697559102465759e-02	-7.022825298164787899e-02	7.196786873275631824e-02	-1.912940044739959156e-01	1.780913487886420510e-01	-1.138816617290455413e-01	1.443448795684280361e-01	-2.395616132170807488e-01	1.000000000000000222e+00	-7.430456691795805924e-01	9.203952671600465485e-02	-1.053765928667725060e-01	1.620692951056739717e-01	-4.650458563026838021e-01	3.063420533073411556e-01	-9.907330488749808983e-02	1.041160676345076891e-01	-1.437063822895499887e-01	1.122294812471639897e-01	-1.065513626824233506e-01	6.872004858213968947e-02	-8.617232117845026462e-02	9.743490460075897308e-02	-1.022788525614809346e-01	8.642319625042904629e-02	-1.111419097213814655e-01	7.000021951495592754e-02	-6.730103360134279122e-02	4.968180762540694989e-02	-5.694145685029936010e-02
-9.113061562379573544e-02	5.764725715946115298e-02	-7.619897265656286334e-02	7.670386671988176086e-02	-7.854615960584546142e-02	5.296814989234732013e-02	-7.010634163000094288e-02	6.979944884538406835e-02	-9.072691548335293232e-02	7.073802389284332415e-02	-6.708629336055961512e-02	6.131655538939989603e-02	-6.343600470275850833e-02	1.621541082863993399e-01	-2.110603882401480280e-01	9.327191519274145859e-02	-1.220973399735568315e-01	1.554863841923284640e-01	-7.430456691795805924e-01	1.000000000000000444e+00	-7.850149738548230227e-02	8.621961506508846185e-02	-1.352615261994886686e-01	3.066740984678574811e-01	-5.131534255742663531e-01	8.283172257773414870e-02	-8.885476497446061217e-02	1.185839777823266827e-01	-9.803562430604333133e-02	9.948233508953706339e-02	-5.854545820556410901e-02	7.303443096855512240e-02	-8.543465345721587556e-02	8.855979247611252270e-02	-8.219255577096191978e-02	9.489454471647258693e-02	-6.092552584283901507e-02	5.812664898385901113e-02	-4.340814004693538397e-02	4.925499652121224925e-02
1.401257813971662214e-01	-8.693177700151141774e-02	1.065398643211750568e-01	-8.152924032496915163e-02	7.958276154825086324e-02	-1.044068796934134041e-01	1.127744843898036697e-01	-1.006022069379205186e-01	8.568228492047459677e-02	-5.744338510578037016e-02	1.358986009942640960e-01	-9.143319931292862024e-02	8.726765296823525697e-02	-8.270958413711243518e-02	9.216085595614240122e-02	-5.770482901029833078e-01	2.529412220294195990e-01	-1.973659977910214025e-01	9.203952671600465485e-02	-7.850149738548230227e-02	9.999999999999980016e-01	-2.186327182901812161e-01	1.814639752068542555e-01	-1.021752226090886784e-01	8.415347647959728339e-02	-6.307592040435201497e-01	2.303700414322105983e-01	-1.632202703431108737e-01	1.038421475868564203e-01	-9.195542617311798506e-02	2.013626782026257389e-01	-2.271658065389192682e-01	1.417605011150699645e-01	-1.112118411338691021e-01	8.067119509485494444e-02	-2.085913933660219211e-01	1.143432296744218424e-01	-1.024633668707504719e-01	6.044482739060247356e-02	-6.927780026207217001e-02
-1.236111375555185160e-01	7.395005515026882581e-02	-9.308054982265648314e-02	7.176622530915538478e-02	-7.190060035198399258e-02	7.522169897192639010e-02	-9.393876560295472133e-02	8.379688490557503366e-02	-7.744873269475802124e-02	5.211777486582164221e-02	-9.916334730093687155e-02	7.651997278357343391e-02	-7.685542240546242021e-02	7.741903204518973958e-02	-8.754723567008515506e-02	2.101112538399980689e-01	-3.312867232540794848e-01	2.528137538402103202e-01	-1.053765928667725060e-01	8.621961506508846185e-02	-2.186327182901812161e-01	1.000000000000000222e+00	-4.523784471651224326e-01	1.148242218895752231e-01	-9.474580612967441196e-02	2.314891955632349674e-01	-7.207231890499646854e-01	1.957447124512584069e-01	-1.200067554286542854e-01	9.567120629411027255e-02	-1.357948459536895691e-01	1.605062860041759909e-01	-1.338378628992599184e-01	1.113031703559269059e-01	-8.442100006872300944e-02	1.533853493610656260e-01	-9.826645987652862790e-02	8.879928978199808087e-02	-5.747766677052983109e-02	6.483416067967276430e-02
1.396123658523042710e-01	-8.476981802615776718e-02	1.070323323250381153e-01	-8.464653280179848527e-02	8.411223754746856296e-02	-8.655862055674960753e-02	1.072299537615604009e-01	-9.909790497177231594e-02	9.141950033238228912e-02	-6.234719412514926062e-02	1.117221346672557791e-01	-9.370614869557826465e-02	9.458783039271355386e-02	-9.950880113485963130e-02	1.094249298066685278e-01	-2.320373614529621098e-01	2.860215890543809647e-01	-6.120136387832495473e-01	1.620692951056739717e-01	-1.352615261994886686e-01	1.814639752068542555e-01	-4.523784471651224326e-01	9.999999999999981126e-01	-1.918891187637200013e-01	1.410777398794618720e-01	-2.121627304649987278e-01	2.646977864961964078e-01	-3.771424107028648054e-01	1.779631925172458773e-01	-1.401550000813654440e-01	1.289371888860919579e-01	-1.626931088532932446e-01	1.645415069955266096e-01	-1.577778480345621015e-01	1.177751365783026721e-01	-1.802921416591855841e-01	1.155011207044014110e-01	-1.101659017188175160e-01	7.614976797001714315e-02	-8.673532988761514795e-02
-1.211071482037275743e-01	7.295598390089373664e-02	-9.491225432667141360e-02	8.436137287886300018e-02	-8.699871465703674922e-02	6.609363642211642242e-02	-8.937420694488067141e-02	8.332992052339746603e-02	-9.711695213152990447e-02	6.989584251414296401e-02	-8.525446361104953297e-02	7.099886738740669723e-02	-7.351076218889580904e-02	1.352485954386670741e-01	-1.569999605897252348e-01	1.170379443629783883e-01	-1.468845037481310012e-01	1.733768351966209487e-01	-4.650458563026838021e-01	3.066740984678574811e-01	-1.021752226090886784e-01	1.148242218895752231e-01	-1.918891187637200013e-01	9.999999999999995559e-01	-7.403128836308272565e-01	1.080018895425738784e-01	-1.206969561793453938e-01	1.734460859316556969e-01	-1.812606676988435250e-01	1.538567617991527803e-01	-7.850275995699514120e-02	9.743308456445456955e-02	-1.274497883554204791e-01	1.360371150302018273e-01	-1.314885797543692836e-01	1.249999982628303558e-01	-8.707052120542753404e-02	8.245806542134297146e-02	-6.500523421183604378e-02	7.202623553563354541e-02
9.649910696525532128e-02	-5.938943916058665035e-02	7.726792989781053334e-02	-7.221685973827464411e-02	7.222922917514236485e-02	-5.458920688615172268e-02	7.249031960495386229e-02	-6.967327906648940195e-02	8.166603255456829358e-02	-6.087806387320778695e-02	6.945356937998085900e-02	-6.020176529474533661e-02	6.140854519142113083e-02	-1.294543391340625682e-01	1.384368069837162984e-01	-9.951942123351036062e-02	1.158990940421050636e-01	-1.464410862256616541e-01	3.063420533073411556e-01	-5.131534255742663531e-01	8.415347647959728339e-02	-9.474580612967441196e-02	1.410777398794618720e-01	-7.403128836308272565e-01	9.999999999999982236e-01	-9.279502515056217704e-02	9.677403165209408353e-02	-1.587644642743553103e-01	1.451243644176779257e-01	-1.744551450317316232e-01	6.800267918325769712e-02	-8.573296621927266326e-02	1.091024656020869316e-01	-1.280228175897202558e-01	1.230771894303371305e-01	-1.123994490929578621e-01	7.522176751995497679e-02	-7.339940946555106871e-02	5.895212718218074271e-02	-6.703367567715343145e-02
-1.725380665848960660e-01	1.008003094739301775e-01	-1.264879847700152715e-01	9.482024520478188334e-02	-9.614095682072668070e-02	1.000055668416205412e-01	-1.280168053571043851e-01	1.096251787153902507e-01	-1.025085077606187473e-01	6.796289380503915678e-02	-1.350232278086603843e-01	9.344447985908027610e-02	-9.425185697289339970e-02	9.305819752014106438e-02	-1.079842760901029847e-01	2.762344217305234273e-01	-2.616171506572876893e-01	1.860371599397545594e-01	-9.907330488749808983e-02	8.283172257773414870e-02	-6.307592040435201497e-01	2.314891955632349674e-01	-2.121627304649987278e-01	1.080018895425738784e-01	-9.279502515056217704e-02	9.999999999999991118e-01	-3.935300040653166853e-01	1.751185172567130688e-01	-1.172051914367967657e-01	1.001712805687367536e-01	-3.762169656651053185e-01	2.591579782329447301e-01	-1.732048220605434119e-01	1.224138570440305024e-01	-9.116465003071222428e-02	2.236632773735995339e-01	-1.387516101780492950e-01	1.165196038427167569e-01	-6.788485917948620940e-02	7.596142489261434316e-02
1.312073410331756340e-01	-7.891542052999324375e-02	9.885590035368019279e-02	-7.667500623363500412e-02	7.626999773644456415e-02	-8.165554454995853362e-02	9.989414014248400309e-02	-8.976381260966571907e-02	8.213584852547078929e-02	-5.532746394907407661e-02	1.057804841082112257e-01	-8.042689716515021014e-02	7.952309446855788944e-02	-8.219528899497414998e-02	9.188474302857803366e-02	-2.418702485565572546e-01	2.400129063909999527e-01	-2.397526095152081038e-01	1.041160676345076891e-01	-8.885476497446061217e-02	2.303700414322105983e-01	-7.207231890499646854e-01	2.646977864961964078e-01	-1.206969561793453938e-01	9.677403165209408353e-02	-3.935300040653166853e-01	9.999999999999973355e-01	-2.319583596407725490e-01	1.304263454542887724e-01	-1.109226141819031480e-01	1.831811247267757237e-01	-2.433599619178217210e-01	1.546692390026337405e-01	-1.312176609133658967e-01	9.513241542967890152e-02	-1.971658857499121176e-01	1.172518615825217658e-01	-1.073608126434939247e-01	6.741812369693570006e-02	-7.722899147456965818e-02
-2.021693289496800661e-01	1.146866696904843691e-01	-1.465695251494411044e-01	1.111604556531006066e-01	-1.157502408547603362e-01	1.009339402553456749e-01	-1.415197109789132213e-01	1.211634351459793119e-01	-1.231844351554731293e-01	8.197902108749975658e-02	-1.338317521340417482e-01	9.855787301276608403e-02	-1.030061745147188984e-01	1.141251412568771301e-01	-1.360488322240153147e-01	1.732783357092450016e-01	-2.116300173397581974e-01	2.179156497139326520e-01	-1.437063822895499887e-01	1.185839777823266827e-01	-1.632202703431108737e-01	1.957447124512584069e-01	-3.771424107028648054e-01	1.734460859316556969e-01	-1.587644642743553103e-01	1.751185172567130688e-01	-2.319583596407725490e-01	9.999999999999981126e-01	-5.877137747559566527e-01	2.433513542416259612e-01	-1.396191417172025218e-01	1.712666990359322794e-01	-3.353625911191825404e-01	2.732737015430049543e-01	-2.367867145298616083e-01	2.121050856693627862e-01	-1.843351598575403705e-01	1.710933015267807056e-01	-1.297325948842538157e-01	1.342679244517724912e-01
1.223194339043364026e-01	-7.017398689500958797e-02	8.964723107185416928e-02	-6.961667729383692882e-02	7.189474946016925772e-02	-6.264208540600392505e-02	8.648531857885490004e-02	-7.530077195209383678e-02	7.703902374287399657e-02	-5.193100693280862379e-02	8.222156829130657096e-02	-6.187443719089982114e-02	6.398603178399851765e-02	-7.689334555715177100e-02	8.958263414020206650e-02	-1.130575135418014771e-01	1.274502775298816393e-01	-1.419698176256141697e-01	1.122294812471639897e-01	-9.803562430604333133e-02	1.038421475868564203e-01	-1.200067554286542854e-01	1.779631925172458773e-01	-1.812606676988435250e-01	1.451243644176779257e-01	-1.172051914367967657e-01	1.304263454542887724e-01	-5.877137747559566527e-01	1.000000000000000222e+00	-4.761425599990867230e-01	9.790378066567274884e-02	-1.251324725788174885e-01	2.311382803488190307e-01	-4.865915506519983280e-01	2.879833971727317476e-01	-1.614195725407863713e-01	1.324344501168897015e-01	-1.391331918490889830e-01	1.378211794970289061e-01	-1.513918838863642091e-01
-1.208590891923125854e-01	6.868182554884640079e-02	-8.799747365017709932e-02	6.812046102887583943e-02	-7.093062355967402755e-02	5.975942636786517326e-02	-8.429156177298802177e-02	7.268445142120308344e-02	-7.584559851647271200e-02	5.105868515869001201e-02	-7.877363245913353296e-02	5.845690150295563409e-02	-6.091302432287665908e-02	7.478632082341667153e-02	-8.845655931984609810e-02	9.748521239052726495e-02	-1.112776113369451925e-01	1.122893817355839763e-01	-1.065513626824233506e-01	9.948233508953706339e-02	-9.195542617311798506e-02	9.567120629411027255e-02	-1.401550000813654440e-01	1.538567617991527803e-01	-1.744551450317316232e-01	1.001712805687367536e-01	-1.109226141819031480e-01	2.433513542416259612e-01	-4.761425599990867230e-01	1.000000000000000000e+00	-8.626387241344433965e-02	1.077862317762133121e-01	-2.144845321781674308e-01	3.037829396760977074e-01	-7.292990364277012194e-01	1.407475150770050865e-01	-1.243235923304054913e-01	1.216157526515517229e-01	-1.285159328918169530e-01	1.326262053697979115e-01
1.298816418484503021e-01	-7.415078947579517576e-02	9.384551278473836355e-02	-7.026062560633042353e-02	7.235778292025310532e-02	-6.822960989550108657e-02	9.217351608815937958e-02	-7.861206685803777405e-02	7.676118021005773340e-02	-5.071643197842987810e-02	9.045657617759862712e-02	-6.415524450118968713e-02	6.560541040422419867e-02	-6.796782524958178140e-02	7.999645608490459081e-02	-1.493905844707122399e-01	1.401846410252337305e-01	-1.156112853131658069e-01	6.872004858213968947e-02	-5.854545820556410901e-02	2.013626782026257389e-01	-1.357948459536895691e-01	1.289371888860919579e-01	-7.850275995699514120e-02	6.800267918325769712e-02	-3.762169656651053185e-01	1.831811247267757237e-01	-1.396191417172025218e-01	9.790378066567274884e-02	-8.626387241344433965e-02	9.999999999999993339e-01	-7.541059389017479297e-01	1.983002978467522937e-01	-1.154178376061295169e-01	8.139512034133274121e-02	-4.117826317459976626e-01	1.746103280871811603e-01	-1.413263652318261510e-01	6.764313863946225247e-02	-7.464882195834626755e-02
-1.694748161016593480e-01	9.589330918408711657e-02	-1.217343322699417224e-01	9.069742710267851560e-02	-9.402242380881564721e-02	8.586555452975545843e-02	-1.187813540392859274e-01	1.005247931809765266e-01	-9.954930084762260434e-02	6.560843574086949737e-02	-1.144213191189744350e-01	8.095902520475728448e-02	-8.356151249249546553e-02	8.679401724919412475e-02	-1.031035226352929185e-01	1.661519899925057719e-01	-1.730135681368594747e-01	1.397358134028771626e-01	-8.617232117845026462e-02	7.303443096855512240e-02	-2.271658065389192682e-01	1.605062860041759909e-01	-1.626931088532932446e-01	9.743308456445456955e-02	-8.573296621927266326e-02	2.591579782329447301e-01	-2.433599619178217210e-01	1.712666990359322794e-01	-1.251324725788174885e-01	1.077862317762133121e-01	-7.541059389017479297e-01	9.999999999999991118e-01	-3.052433571226621511e-01	1.459544163944155593e-01	-1.049551463191992356e-01	2.862738433970243301e-01	-2.159594979223930233e-01	1.677736776631011395e-01	-8.422422262835753404e-02	9.098993600748843391e-02
1.482973550392924222e-01	-8.460305391924169416e-02	1.076494563261186366e-01	-8.210935868826217676e-02	8.469535922832717445e-02	-7.562427201713516067e-02	1.042595060924637468e-01	-8.993106282006677055e-02	9.019527516829109470e-02	-6.013815144025707465e-02	9.924058279973382857e-02	-7.300594309161195783e-02	7.509109605562037937e-02	-8.436819756042440721e-02	9.837892310807166973e-02	-1.403271407329232390e-01	1.438204424851385055e-01	-1.440590408938119960e-01	9.743490460075897308e-02	-8.543465345721587556e-02	1.417605011150699645e-01	-1.338378628992599184e-01	1.645415069955266096e-01	-1.274497883554204791e-01	1.091024656020869316e-01	-1.732048220605434119e-01	1.546692390026337405e-01	-3.353625911191825404e-01	2.311382803488190307e-01	-2.144845321781674308e-01	1.983002978467522937e-01	-3.052433571226621511e-01	9.999999999999994449e-01	-4.230633686992780751e-01	2.028867121391331185e-01	-3.606789596566815082e-01	2.910994937719960096e-01	-5.289217393157455982e-01	1.794126818477433383e-01	-2.001261835455570570e-01
-1.450606759803039214e-01	8.189204558597759642e-02	-1.047282432083324749e-01	7.968463846046003329e-02	-8.314208642936114779e-02	7.090871855374505928e-02	-1.005063470175754647e-01	8.584963731444432422e-02	-8.843142486715617478e-02	5.893125874332886399e-02	-9.369251561057792554e-02	6.849184308537591137e-02	-7.142255591425732131e-02	8.228798673400662678e-02	-9.803019138018231882e-02	1.148570738134240266e-01	-1.287335819238013823e-01	1.260545932517023737e-01	-1.022788525614809346e-01	8.855979247611252270e-02	-1.112118411338691021e-01	1.113031703559269059e-01	-1.577778480345621015e-01	1.360371150302018273e-01	-1.280228175897202558e-01	1.224138570440305024e-01	-1.312176609133658967e-01	2.732737015430049543e-01	-4.865915506519983280e-01	3.037829396760977074e-01	-1.154178376061295169e-01	1.459544163944155593e-01	-4.230633686992780751e-01	9.999999999999992228e-01	-5.210688527629594446e-01	1.884051072970042429e-01	-1.838003656092596361e-01	1.917660559206439408e-01	-2.696497631492262292e-01	2.133944297635813614e-01
9.868433588943438528e-02	-5.641510365011600386e-02	7.213197023550815823e-02	-5.609698393100293057e-02	5.802058332959005721e-02	-4.978458109349376964e-02	6.933005320238631863e-02	-6.020221749494227004e-02	6.214166479103178098e-02	-4.192349747936077037e-02	6.533147873165680297e-02	-4.887970951102391104e-02	5.059308492959393305e-02	-6.215730982072704275e-02	7.229700021471473226e-02	-8.596190925190071164e-02	9.467948298457237732e-02	-9.910881704421731220e-02	8.642319625042904629e-02	-8.219255577096191978e-02	8.067119509485494444e-02	-8.442100006872300944e-02	1.177751365783026721e-01	-1.314885797543692836e-01	1.230771894303371305e-01	-9.116465003071222428e-02	9.513241542967890152e-02	-2.367867145298616083e-01	2.879833971727317476e-01	-7.292990364277012194e-01	8.139512034133274121e-02	-1.049551463191992356e-01	2.028867121391331185e-01	-5.210688527629594446e-01	9.999999999999988898e-01	-1.400268250353547406e-01	1.175906162919163472e-01	-1.280632458157296150e-01	1.527040236251595018e-01	-1.788519208698940988e-01
-2.619748566745730978e-01	1.450544722053114244e-01	-1.851842746245742632e-01	1.364046405637883708e-01	-1.435202264082740264e-01	1.219258446001591917e-01	-1.774002589798111540e-01	1.477226112703866057e-01	-1.510548712437479180e-01	9.883844308906410137e-02	-1.624658847486430968e-01	1.137852319997788575e-01	-1.193236065465015511e-01	1.254954161783734812e-01	-1.521312935673046207e-01	1.797027776567873825e-01	-1.861847453884031278e-01	1.586666751328385805e-01	-1.111419097213814655e-01	9.489454471647258693e-02	-2.085913933660219211e-01	1.533853493610656260e-01	-1.802921416591855841e-01	1.249999982628303558e-01	-1.123994490929578621e-01	2.236632773735995339e-01	-1.971658857499121176e-01	2.121050856693627862e-01	-1.614195725407863713e-01	1.407475150770050865e-01	-4.117826317459976626e-01	2.862738433970243301e-01	-3.606789596566815082e-01	1.884051072970042429e-01	-1.400268250353547406e-01	9.999999999999994449e-01	-5.029697940671641332e-01	2.669163597374026864e-01	-1.226305274843688398e-01	1.293519147135371306e-01
1.249658756651394337e-01	-7.059628969164703782e-02	8.987702933257099569e-02	-6.772710423587227635e-02	7.026338857891820111e-02	-6.195533149054668204e-02	8.677564793660806630e-02	-7.400044849262867042e-02	7.451248725864505207e-02	-4.934867378507783869e-02	8.162902273862608638e-02	-5.903934092407111395e-02	6.100529737193996493e-02	-6.687686918189937602e-02	7.883978657816290148e-02	-1.085058888327280063e-01	1.093342873433301859e-01	-1.032116701781204127e-01	7.000021951495592754e-02	-6.092552584283901507e-02	1.143432296744218424e-01	-9.826645987652862790e-02	1.155011207044014110e-01	-8.707052120542753404e-02	7.522176751995497679e-02	-1.387516101780492950e-01	1.172518615825217658e-01	-1.843351598575403705e-01	1.324344501168897015e-01	-1.243235923304054913e-01	1.746103280871811603e-01	-2.159594979223930233e-01	2.910994937719960096e-01	-1.838003656092596361e-01	1.175906162919163472e-01	-5.029697940671641332e-01	9.999999999999990008e-01	-7.081737772002181242e-01	1.480473835453240405e-01	-1.674653727110191892e-01
-1.242748042203329073e-01	6.972236585717608848e-02	-8.894373462209696768e-02	6.666549356566106588e-02	-6.958112936005009241e-02	6.011958008625145622e-02	-8.551821000683726415e-02	7.239687654770038394e-02	-7.365030869815419878e-02	4.864913218644251885e-02	-7.953023696283187394e-02	5.711142875156881293e-02	-5.942697618272757554e-02	6.499452175579559232e-02	-7.751211909121241694e-02	9.772068957093968389e-02	-1.020437272197966677e-01	9.505395897416477058e-02	-6.730103360134279122e-02	5.812664898385901113e-02	-1.024633668707504719e-01	8.879928978199808087e-02	-1.101659017188175160e-01	8.245806542134297146e-02	-7.339940946555106871e-02	1.165196038427167569e-01	-1.073608126434939247e-01	1.710933015267807056e-01	-1.391331918490889830e-01	1.216157526515517229e-01	-1.413263652318261510e-01	1.677736776631011395e-01	-5.289217393157455982e-01	1.917660559206439408e-01	-1.280632458157296150e-01	2.669163597374026864e-01	-7.081737772002181242e-01	9.999999999999991118e-01	-2.035532700865825273e-01	1.728405573381091020e-01
7.795486945592100536e-02	-4.392661876410754174e-02	5.610962418037706428e-02	-4.250927238316640211e-02	4.431272992248617981e-02	-3.797501353492876985e-02	5.386175120003806882e-02	-4.591961586293542841e-02	4.705492826022543429e-02	-3.127005895280127179e-02	5.010219681525177049e-02	-3.646683040260702280e-02	3.794111369342850065e-02	-4.306362434051758808e-02	5.114571612679476992e-02	-6.152493662864734481e-02	6.625607843292519172e-02	-6.442957482761044186e-02	4.968180762540694989e-02	-4.340814004693538397e-02	6.044482739060247356e-02	-5.747766677052983109e-02	7.614976797001714315e-02	-6.500523421183604378e-02	5.895212718218074271e-02	-6.788485917948620940e-02	6.741812369693570006e-02	-1.297325948842538157e-01	1.378211794970289061e-01	-1.285159328918169530e-01	6.764313863946225247e-02	-8.422422262835753404e-02	1.794126818477433383e-01	-2.696497631492262292e-01	1.527040236251595018e-01	-1.226305274843688398e-01	1.480473835453240405e-01	-2.035532700865825273e-01	9.999999999999988898e-01	-9.038463120765762859e-01
