1.000000000000000000e+00	-9.441082668691589408e-01	1.889094297007664069e-01	-5.921034527238754064e-02	5.765504246366023183e-02	-8.723338405216343738e-02	7.320661080912826968e-02	-1.525364539490426385e-01	8.521192479555811383e-02	-6.815645865758161726e-02	7.557670838533160629e-02	-9.512651585184873915e-02	9.251145979663731589e-02	-8.781915744996009188e-02	7.552158347162117591e-02	-8.583090898292676518e-02	6.289076407861871054e-02	-6.775514543732190365e-02	5.939560655418932300e-02	-7.079372027532816747e-02	4.721631006652631662e-02	-8.065856535221294088e-02	5.223548436288195929e-02	-4.333258267675935138e-02	2.720348080986645378e-02	-6.341844208510095948e-02	4.999089265908614188e-02	-6.070580790142482419e-02	4.590462211726225455e-02	-2.674413677989982002e-02
-9.441082668691589408e-01	1.000000000000000222e+00	-2.406107304115918111e-01	5.793951395315236064e-02	-5.825670224374190909e-02	7.330752730325083844e-02	-6.729503624616421653e-02	1.354758536000030822e-01	-7.851637690629188759e-02	6.022842411884405528e-02	-6.476166455794858667e-02	8.023297957966107896e-02	-8.481587677317634077e-02	7.608872544209986655e-02	-6.773096801099266762e-02	7.009041508786825747e-02	-5.209802669220302274e-02	5.619569324403475563e-02	-5.109331099300878920e-02	5.990785625822057231e-02	-3.853709341432424995e-02	6.553730897815693290e-02	-4.378638573353086511e-02	3.586652627501008689e-02	-2.273037139825397068e-02	5.126344972984073212e-02	-4.109145453430596007e-02	4.939299409782760275e-02	-3.830458660321545139e-02	2.220957448938366482e-02
1.889094297007664069e-01	-2.406107304115918111e-01	1.000000000000000222e+00	-2.425880361148816111e-01	1.900027741081641297e-01	-1.642311030732853949e-01	1.336299314152521456e-01	-6.877006396737539440e-01	2.397317267990360934e-01	-1.972662661822516539e-01	1.601671986317053931e-01	-2.102373227026713420e-01	2.610053708484488255e-01	-2.507639523241001478e-01	1.966388352668854700e-01	-1.969893075917993341e-01	1.442789765524685741e-01	-1.693980865608241682e-01	1.530450428590963696e-01	-1.848723043172575964e-01	1.104633020851507053e-01	-1.897244496532440039e-01	1.277290229110203956e-01	-1.058986672440079269e-01	6.661802793418297730e-02	-1.500567257045131719e-01	1.182840784949452384e-01	-1.456268603993042254e-01	1.110701249395123630e-01	-6.560932833208257819e-02
-5.921034527238754064e-02	5.793951395315236064e-02	-2.425880361148816111e-01	1.000000000000000000e+00	-9.334578513437326031e-01	5.715052128429291833e-02	-4.668243231073667537e-02	1.487863043837569232e-01	-1.541672131096189780e-01	1.266267857500452954e-01	-5.858598076351529543e-02	7.368780167882768573e-02	-9.653800577340106159e-02	9.578432057262864507e-02	-1.058011116879236657e-01	7.115662443046778807e-02	-5.260588594541450863e-02	6.427948304746816666e-02	-6.308947294828022578e-02	7.731953881051803479e-02	-4.040163878538172854e-02	6.891139523708768311e-02	-4.948777092965300078e-02	4.032117972276905854e-02	-2.597543131887696324e-02	5.442098467104778542e-02	-4.396564205121521879e-02	5.359867963287542197e-02	-4.277171938614692664e-02	2.534539329604288543e-02
5.765504246366023183e-02	-5.825670224374190909e-02	1.900027741081641297e-01	-9.334578513437326031e-01	1.000000000000000222e+00	-6.745760274994024031e-02	5.391432937998612979e-02	-1.614778163885716433e-01	1.472912624866739850e-01	-1.511584089067567749e-01	6.845369228086713165e-02	-8.672469494239694321e-02	1.029674378718350991e-01	-1.072689918609396054e-01	1.132213089869406469e-01	-8.536408561521288685e-02	6.246476116131156886e-02	-7.540898518489552727e-02	7.133192543974352373e-02	-8.927277307311837218e-02	4.839539212252882971e-02	-8.277368800183962372e-02	5.750375538362891004e-02	-4.745815842926176531e-02	3.030067598996685069e-02	-6.567294385793304157e-02	5.224873961799730154e-02	-6.422603637614801575e-02	4.997385314316363236e-02	-2.974618285766081338e-02
-8.723338405216343738e-02	7.330752730325083844e-02	-1.642311030732853949e-01	5.715052128429291833e-02	-6.745760274994024031e-02	1.000000000000000222e+00	-7.203323098976462946e-01	1.278430528746121453e-01	-1.316508277496964974e-01	8.963635446227712078e-02	-5.076956137761404753e-01	3.152219318153939298e-01	-1.597284109196901447e-01	1.208878654731080915e-01	-1.319015470595601980e-01	2.087070140884080549e-01	-1.747876208789366503e-01	1.040361833284361298e-01	-9.721271294519541473e-02	9.870393566177068645e-02	-9.584716288825990971e-02	1.505520925704399160e-01	-9.646346796510353594e-02	7.260694935904374314e-02	-4.809751438490878633e-02	1.069066054155533019e-01	-9.973437662886143473e-02	9.924412361248932668e-02	-8.701341884996323384e-02	4.458294703826814337e-02
7.320661080912826968e-02	-6.729503624616421653e-02	1.336299314152521456e-01	-4.668243231073667537e-02	5.391432937998612979e-02	-7.203323098976462946e-01	9.999999999999994449e-01	-1.232739870523771875e-01	1.069162017956427208e-01	-7.518179289883969441e-02	2.844422392461752880e-01	-5.723311495352645384e-01	1.444047720339251828e-01	-1.120718674269614856e-01	1.063249213197275667e-01	-1.902546497002841619e-01	1.625763965893276819e-01	-9.149019249472360726e-02	8.222138136022649757e-02	-8.534696181696442563e-02	8.401590825239516058e-02	-1.430088803149666410e-01	8.132623827808392603e-02	-6.204586250394647506e-02	4.008081749433919927e-02	-9.618523723902379363e-02	8.563868246899032644e-02	-8.786140799799807555e-02	7.234922655077891118e-02	-3.768587157745863919e-02
-1.525364539490426385e-01	1.354758536000030822e-01	-6.877006396737539440e-01	1.487863043837569232e-01	-1.614778163885716433e-01	1.278430528746121453e-01	-1.232739870523771875e-01	9.999999999999998890e-01	-3.618251525435908778e-01	2.026107884663415348e-01	-1.317575345648620833e-01	1.700193653974677310e-01	-4.454626831796905662e-01	2.523917705467094708e-01	-2.181411481009528641e-01	1.417044887310228984e-01	-1.098834061810533974e-01	1.369036774254408784e-01	-1.463948973057629388e-01	1.618651701264735843e-01	-7.942873364172567396e-02	1.354158316669344109e-01	-1.069638114531371864e-01	8.346345926298899542e-02	-5.467376266495486969e-02	1.042746153612216231e-01	-8.848711420868632382e-02	1.050452115974647577e-01	-9.022433456958868503e-02	5.243190265157327001e-02
8.521192479555811383e-02	-7.851637690629188759e-02	2.397317267990360934e-01	-1.541672131096189780e-01	1.472912624866739850e-01	-1.316508277496964974e-01	1.069162017956427208e-01	-3.618251525435908778e-01	9.999999999999994449e-01	-6.832672878379434378e-01	1.372975088261649268e-01	-1.745870494746060431e-01	2.376650300845619124e-01	-3.170483875061467227e-01	3.102304842302747723e-01	-1.691290319784386209e-01	1.260324320307086576e-01	-1.689872991879287911e-01	1.795702313248043469e-01	-2.414807858022260667e-01	9.627576042125532418e-02	-1.657047904574277530e-01	1.271346310279447833e-01	-1.029817671003806362e-01	6.790933341698092429e-02	-1.297765437222695994e-01	1.069827647971585138e-01	-1.311339721915288636e-01	1.083002433276497589e-01	-6.629299375481385870e-02
-6.815645865758161726e-02	6.022842411884405528e-02	-1.972662661822516539e-01	1.266267857500452954e-01	-1.511584089067567749e-01	8.963635446227712078e-02	-7.518179289883969441e-02	2.026107884663415348e-01	-6.832672878379434378e-01	9.999999999999996669e-01	-9.769801959446923478e-02	1.199585829386230346e-01	-1.931916652509052534e-01	2.243738213203022580e-01	-5.900446210487291232e-01	1.142684450166999849e-01	-8.761148063499188399e-02	1.253801420419807799e-01	-1.575075788627040563e-01	1.969955727526024880e-01	-6.560133507262180808e-02	1.124723049895874488e-01	-9.888678226508190727e-02	7.645300770371099564e-02	-5.231003449189623733e-02	8.686113617970341039e-02	-7.562685335565617895e-02	9.054327022835048644e-02	-8.269504198172866749e-02	4.979500795735374019e-02
7.557670838533160629e-02	-6.476166455794858667e-02	1.601671986317053931e-01	-5.858598076351529543e-02	6.845369228086713165e-02	-5.076956137761404753e-01	2.844422392461752880e-01	-1.317575345648620833e-01	1.372975088261649268e-01	-9.769801959446923478e-02	1.000000000000000000e+00	-4.883512805745268137e-01	1.713628982070962425e-01	-1.429830045085034307e-01	1.417242270190424147e-01	-5.150143616827956849e-01	2.650444789195900430e-01	-1.422669745465001689e-01	1.158194650421508626e-01	-1.217905546019345808e-01	1.584534845733752695e-01	-2.554348535064430159e-01	1.258339884831109201e-01	-9.844393216987555595e-02	6.164448005023830113e-02	-1.874977968934145589e-01	1.446423035354925668e-01	-1.527248917308502707e-01	1.132469331660604372e-01	-5.870304223244780101e-02
-9.512651585184873915e-02	8.023297957966107896e-02	-2.102373227026713420e-01	7.368780167882768573e-02	-8.672469494239694321e-02	3.152219318153939298e-01	-5.723311495352645384e-01	1.700193653974677310e-01	-1.745870494746060431e-01	1.199585829386230346e-01	-4.883512805745268137e-01	1.000000000000000000e+00	-2.771088258218988298e-01	1.777227644673183837e-01	-1.778629215544202113e-01	2.662136595594588595e-01	-3.278343692646150109e-01	1.431729892265267146e-01	-1.345845273807331488e-01	1.342497612844642807e-01	-1.298217952827848687e-01	2.150899498910648633e-01	-1.322500478644828559e-01	9.785683992477109405e-02	-6.421600312357129969e-02	1.399621373520018308e-01	-1.377183185616364658e-01	1.331912805993722970e-01	-1.173407511951933130e-01	5.951559500626365379e-02
9.251145979663731589e-02	-8.481587677317634077e-02	2.610053708484488255e-01	-9.653800577340106159e-02	1.029674378718350991e-01	-1.597284109196901447e-01	1.444047720339251828e-01	-4.454626831796905662e-01	2.376650300845619124e-01	-1.931916652509052534e-01	1.713628982070962425e-01	-2.771088258218988298e-01	1.000000000000000222e+00	-6.627244414319730659e-01	2.435820882143069910e-01	-1.843593618904150466e-01	1.472319949196391475e-01	-2.076625700998265267e-01	2.143726198188436460e-01	-2.287359549545920079e-01	1.017995926105802335e-01	-1.776665699764465312e-01	1.465186947284081165e-01	-1.127243469842739432e-01	7.211087558568043954e-02	-1.326198209523854199e-01	1.148727172367873944e-01	-1.365944082550637484e-01	1.189122594214233053e-01	-6.938482227743555941e-02
-8.781915744996009188e-02	7.608872544209986655e-02	-2.507639523241001478e-01	9.578432057262864507e-02	-1.072689918609396054e-01	1.208878654731080915e-01	-1.120718674269614856e-01	2.523917705467094708e-01	-3.170483875061467227e-01	2.243738213203022580e-01	-1.429830045085034307e-01	1.777227644673183837e-01	-6.627244414319730659e-01	1.000000000000000888e+00	-4.052117516706940648e-01	1.466642182265758820e-01	-1.205686604108840987e-01	1.916909511762875107e-01	-3.540994776155760304e-01	2.591743323754909789e-01	-8.381536210096429684e-02	1.436699564526963402e-01	-1.510239633105759927e-01	1.083346353951257779e-01	-7.366677162719427463e-02	1.070064652853150444e-01	-1.007063286579022859e-01	1.162327468582636525e-01	-1.187844385980261347e-01	6.853402664410462863e-02
7.552158347162117591e-02	-6.773096801099266762e-02	1.966388352668854700e-01	-1.058011116879236657e-01	1.132213089869406469e-01	-1.319015470595601980e-01	1.063249213197275667e-01	-2.181411481009528641e-01	3.102304842302747723e-01	-5.900446210487291232e-01	1.417242270190424147e-01	-1.778629215544202113e-01	2.435820882143069910e-01	-4.052117516706940648e-01	9.999999999999995559e-01	-1.749849047750018372e-01	1.324791606875725392e-01	-2.012920745354772056e-01	2.469796098349675562e-01	-4.187676152586328748e-01	1.004150782189136004e-01	-1.738307961714462002e-01	1.495624389447871572e-01	-1.188792600461498067e-01	8.291446123822467096e-02	-1.343639249148857739e-01	1.151072626610120248e-01	-1.405188178079492256e-01	1.247732966494588952e-01	-8.014319764995084250e-02
-8.583090898292676518e-02	7.009041508786825747e-02	-1.969893075917993341e-01	7.115662443046778807e-02	-8.536408561521288685e-02	2.087070140884080549e-01	-1.902546497002841619e-01	1.417044887310228984e-01	-1.691290319784386209e-01	1.142684450166999849e-01	-5.150143616827956849e-01	2.662136595594588595e-01	-1.843593618904150466e-01	1.466642182265758820e-01	-1.749849047750018372e-01	1.000000000000000444e+00	-6.013641967770101404e-01	1.607656059972976392e-01	-1.365522272635056322e-01	1.336458476811464013e-01	-2.515029744596715688e-01	2.945931535971172965e-01	-1.597779656967587003e-01	1.152993566347212256e-01	-7.506129569545610947e-02	2.053995330860033386e-01	-1.926611495642008842e-01	1.653216493777765195e-01	-1.437689755243616307e-01	6.878548933105585461e-02
6.289076407861871054e-02	-5.209802669220302274e-02	1.442789765524685741e-01	-5.260588594541450863e-02	6.246476116131156886e-02	-1.747876208789366503e-01	1.625763965893276819e-01	-1.098834061810533974e-01	1.260324320307086576e-01	-8.761148063499188399e-02	2.650444789195900430e-01	-3.278343692646150109e-01	1.472319949196391475e-01	-1.205686604108840987e-01	1.324791606875725392e-01	-6.013641967770101404e-01	9.999999999999998890e-01	-1.749291313266714276e-01	1.163278919884447732e-01	-1.149601588990649265e-01	1.952996394540007785e-01	-5.890026158655993216e-01	1.527404064916044468e-01	-1.093602115197541830e-01	6.517122262965599488e-02	-1.953635134834595943e-01	1.922052150489966249e-01	-1.804746819770265409e-01	1.272633206712794895e-01	-6.116262868137607028e-02
-6.775514543732190365e-02	5.619569324403475563e-02	-1.693980865608241682e-01	6.427948304746816666e-02	-7.540898518489552727e-02	1.040361833284361298e-01	-9.149019249472360726e-02	1.369036774254408784e-01	-1.689872991879287911e-01	1.253801420419807799e-01	-1.422669745465001689e-01	1.431729892265267146e-01	-2.076625700998265267e-01	1.916909511762875107e-01	-2.012920745354772056e-01	1.607656059972976392e-01	-1.749291313266714276e-01	9.999999999999988898e-01	-4.128201329021069510e-01	2.495644591435225434e-01	-1.029339579158101425e-01	1.874027331867682278e-01	-6.837905040498111209e-01	2.525816918269139788e-01	-1.408811618226721851e-01	1.183118427777461734e-01	-1.628754245155266123e-01	1.744896569397338670e-01	-2.843015146936696547e-01	1.220181155279700114e-01
5.939560655418932300e-02	-5.109331099300878920e-02	1.530450428590963696e-01	-6.308947294828022578e-02	7.133192543974352373e-02	-9.721271294519541473e-02	8.222138136022649757e-02	-1.463948973057629388e-01	1.795702313248043469e-01	-1.575075788627040563e-01	1.158194650421508626e-01	-1.345845273807331488e-01	2.143726198188436460e-01	-3.540994776155760304e-01	2.469796098349675562e-01	-1.365522272635056322e-01	1.163278919884447732e-01	-4.128201329021069510e-01	9.999999999999995559e-01	-7.225864910325623391e-01	8.105504132887897395e-02	-1.444806707523494105e-01	2.184634717244097746e-01	-1.578104505084662323e-01	1.039620996175737722e-01	-1.023265200085908128e-01	1.081343901999561041e-01	-1.271719310515192769e-01	1.539016712548981203e-01	-9.684998997402184673e-02
-7.079372027532816747e-02	5.990785625822057231e-02	-1.848723043172575964e-01	7.731953881051803479e-02	-8.927277307311837218e-02	9.870393566177068645e-02	-8.534696181696442563e-02	1.618651701264735843e-01	-2.414807858022260667e-01	1.969955727526024880e-01	-1.217905546019345808e-01	1.342497612844642807e-01	-2.287359549545920079e-01	2.591743323754909789e-01	-4.187676152586328748e-01	1.336458476811464013e-01	-1.149601588990649265e-01	2.495644591435225434e-01	-7.225864910325623391e-01	9.999999999999994449e-01	-8.133617715953864180e-02	1.402109588195123158e-01	-2.215766432112094286e-01	1.474685794863088706e-01	-1.329815584155042418e-01	1.009764949792375521e-01	-1.122991419313346395e-01	1.257887976944201125e-01	-1.692885488313128906e-01	1.102181793445888291e-01
4.721631006652631662e-02	-3.853709341432424995e-02	1.104633020851507053e-01	-4.040163878538172854e-02	4.839539212252882971e-02	-9.584716288825990971e-02	8.401590825239516058e-02	-7.942873364172567396e-02	9.627576042125532418e-02	-6.560133507262180808e-02	1.584534845733752695e-01	-1.298217952827848687e-01	1.017995926105802335e-01	-8.381536210096429684e-02	1.004150782189136004e-01	-2.515029744596715688e-01	1.952996394540007785e-01	-1.029339579158101425e-01	8.105504132887897395e-02	-8.133617715953864180e-02	9.999999999999986677e-01	-3.416476371740915785e-01	1.048108561018735313e-01	-8.005057192113389231e-02	4.928989642143088296e-02	-8.581341115267089315e-01	1.642478040211518553e-01	-1.436284574465827024e-01	9.716373104155999474e-02	-4.621469884229373326e-02
-8.065856535221294088e-02	6.553730897815693290e-02	-1.897244496532440039e-01	6.891139523708768311e-02	-8.277368800183962372e-02	1.505520925704399160e-01	-1.430088803149666410e-01	1.354158316669344109e-01	-1.657047904574277530e-01	1.124723049895874488e-01	-2.554348535064430159e-01	2.150899498910648633e-01	-1.776665699764465312e-01	1.436699564526963402e-01	-1.738307961714462002e-01	2.945931535971172965e-01	-5.890026158655993216e-01	1.874027331867682278e-01	-1.444806707523494105e-01	1.402109588195123158e-01	-3.416476371740915785e-01	1.000000000000000666e+00	-2.220947987615013441e-01	1.458328028952507183e-01	-8.855154775454240901e-02	2.449248489262932926e-01	-3.941708344466960390e-01	2.443758296651810102e-01	-1.818186719633391180e-01	8.158029247514916871e-02
5.223548436288195929e-02	-4.378638573353086511e-02	1.277290229110203956e-01	-4.948777092965300078e-02	5.750375538362891004e-02	-9.646346796510353594e-02	8.132623827808392603e-02	-1.069638114531371864e-01	1.271346310279447833e-01	-9.888678226508190727e-02	1.258339884831109201e-01	-1.322500478644828559e-01	1.465186947284081165e-01	-1.510239633105759927e-01	1.495624389447871572e-01	-1.597779656967587003e-01	1.527404064916044468e-01	-6.837905040498111209e-01	2.184634717244097746e-01	-2.215766432112094286e-01	1.048108561018735313e-01	-2.220947987615013441e-01	9.999999999999994449e-01	-4.832395087684015489e-01	1.392976931049688116e-01	-1.251563230340296540e-01	1.649443317234861317e-01	-2.132373718349140357e-01	2.735670679465303512e-01	-1.339326619055346002e-01
-4.333258267675935138e-02	3.586652627501008689e-02	-1.058986672440079269e-01	4.032117972276905854e-02	-4.745815842926176531e-02	7.260694935904374314e-02	-6.204586250394647506e-02	8.346345926298899542e-02	-1.029817671003806362e-01	7.645300770371099564e-02	-9.844393216987555595e-02	9.785683992477109405e-02	-1.127243469842739432e-01	1.083346353951257779e-01	-1.188792600461498067e-01	1.152993566347212256e-01	-1.093602115197541830e-01	2.525816918269139788e-01	-1.578104505084662323e-01	1.474685794863088706e-01	-8.005057192113389231e-02	1.458328028952507183e-01	-4.832395087684015489e-01	9.999999999999994449e-01	-2.601247779936663451e-01	9.395822336753378856e-02	-1.670087222890513090e-01	1.935636462527123292e-01	-7.213586781533554149e-01	2.071106397814932720e-01
2.720348080986645378e-02	-2.273037139825397068e-02	6.661802793418297730e-02	-2.597543131887696324e-02	3.030067598996685069e-02	-4.809751438490878633e-02	4.008081749433919927e-02	-5.467376266495486969e-02	6.790933341698092429e-02	-5.231003449189623733e-02	6.164448005023830113e-02	-6.421600312357129969e-02	7.211087558568043954e-02	-7.366677162719427463e-02	8.291446123822467096e-02	-7.506129569545610947e-02	6.517122262965599488e-02	-1.408811618226721851e-01	1.039620996175737722e-01	-1.329815584155042418e-01	4.928989642143088296e-02	-8.855154775454240901e-02	1.392976931049688116e-01	-2.601247779936663451e-01	1.000000000000000000e+00	-6.108105862200977065e-02	8.607618365644134628e-02	-1.090947693125660367e-01	2.280718520777371694e-01	-9.112049911117543477e-01
-6.341844208510095948e-02	5.126344972984073212e-02	-1.500567257045131719e-01	5.442098467104778542e-02	-6.567294385793304157e-02	1.069066054155533019e-01	-9.618523723902379363e-02	1.042746153612216231e-01	-1.297765437222695994e-01	8.686113617970341039e-02	-1.874977968934145589e-01	1.399621373520018308e-01	-1.326198209523854199e-01	1.070064652853150444e-01	-1.343639249148857739e-01	2.053995330860033386e-01	-1.953635134834595943e-01	1.183118427777461734e-01	-1.023265200085908128e-01	1.009764949792375521e-01	-8.581341115267089315e-01	2.449248489262932926e-01	-1.251563230340296540e-01	9.395822336753378856e-02	-6.108105862200977065e-02	9.999999999999993339e-01	-2.010178558626035672e-01	1.526343788106407917e-01	-1.202891277573013978e-01	5.605933795038035850e-02
4.999089265908614188e-02	-4.109145453430596007e-02	1.182840784949452384e-01	-4.396564205121521879e-02	5.224873961799730154e-02	-9.973437662886143473e-02	8.563868246899032644e-02	-8.848711420868632382e-02	1.069827647971585138e-01	-7.562685335565617895e-02	1.446423035354925668e-01	-1.377183185616364658e-01	1.148727172367873944e-01	-1.007063286579022859e-01	1.151072626610120248e-01	-1.926611495642008842e-01	1.922052150489966249e-01	-1.628754245155266123e-01	1.081343901999561041e-01	-1.122991419313346395e-01	1.642478040211518553e-01	-3.941708344466960390e-01	1.649443317234861317e-01	-1.670087222890513090e-01	8.607618365644134628e-02	-2.010178558626035672e-01	9.999999999999997780e-01	-7.944945024768720332e-01	1.970951428689960427e-01	-8.861274117116041404e-02
-6.070580790142482419e-02	4.939299409782760275e-02	-1.456268603993042254e-01	5.359867963287542197e-02	-6.422603637614801575e-02	9.924412361248932668e-02	-8.786140799799807555e-02	1.050452115974647577e-01	-1.311339721915288636e-01	9.054327022835048644e-02	-1.527248917308502707e-01	1.331912805993722970e-01	-1.365944082550637484e-01	1.162327468582636525e-01	-1.405188178079492256e-01	1.653216493777765195e-01	-1.804746819770265409e-01	1.744896569397338670e-01	-1.271719310515192769e-01	1.257887976944201125e-01	-1.436284574465827024e-01	2.443758296651810102e-01	-2.132373718349140357e-01	1.935636462527123292e-01	-1.090947693125660367e-01	1.526343788106407917e-01	-7.944945024768720332e-01	9.999999999999998890e-01	-3.218312921899558754e-01	1.059029968012022427e-01
4.590462211726225455e-02	-3.830458660321545139e-02	1.110701249395123630e-01	-4.277171938614692664e-02	4.997385314316363236e-02	-8.701341884996323384e-02	7.234922655077891118e-02	-9.022433456958868503e-02	1.083002433276497589e-01	-8.269504198172866749e-02	1.132469331660604372e-01	-1.173407511951933130e-01	1.189122594214233053e-01	-1.187844385980261347e-01	1.247732966494588952e-01	-1.437689755243616307e-01	1.272633206712794895e-01	-2.843015146936696547e-01	1.539016712548981203e-01	-1.692885488313128906e-01	9.716373104155999474e-02	-1.818186719633391180e-01	2.735670679465303512e-01	-7.213586781533554149e-01	2.280718520777371694e-01	-1.202891277573013978e-01	1.970951428689960427e-01	-3.218312921899558754e-01	9.999999999999998890e-01	-3.018021874866714249e-01
-2.674413677989982002e-02	2.220957448938366482e-02	-6.560932833208257819e-02	2.534539329604288543e-02	-2.974618285766081338e-02	4.458294703826814337e-02	-3.768587157745863919e-02	5.243190265157327001e-02	-6.629299375481385870e-02	4.979500795735374019e-02	-5.870304223244780101e-02	5.951559500626365379e-02	-6.938482227743555941e-02	6.853402664410462863e-02	-8.014319764995084250e-02	6.878548933105585461e-02	-6.116262868137607028e-02	1.220181155279700114e-01	-9.684998997402184673e-02	1.102181793445888291e-01	-4.621469884229373326e-02	8.158029247514916871e-02	-1.339326619055346002e-01	2.071106397814932720e-01	-9.112049911117543477e-01	5.605933795038035850e-02	-8.861274117116041404e-02	1.059029968012022427e-01	-3.018021874866714249e-01	9.999999999999997780e-01
