1.000000000000000000e+00	-5.253791952647428598e-01	1.827049666389961302e-01	-1.156630770595951235e-01	1.111535281377008383e-01	-6.952346091441681253e-01	2.343353534081673017e-01	-1.515778093544573601e-01	7.037348374388671668e-02	-9.046221911812868388e-02	2.636297082701807293e-01	-2.069355071803787305e-01	1.755420186356448919e-01	-1.189547939424197565e-01	4.391006125011431838e-02	-2.447945840736154288e-01	1.614185878629516013e-01	-1.423345146185179266e-01	1.256416693162906995e-01	-4.849790838035940299e-02	1.810182645280828118e-01	-1.349004135549884686e-01	1.392799069788663302e-01	-7.924440644339192374e-02	2.955299992537084933e-02	-2.309324843492807366e-01	8.532760998617183734e-02	-7.138119391467928621e-02	8.231962306185579281e-02	-2.991503129402306449e-02
-5.253791952647428598e-01	9.999999999999998890e-01	-3.852702329301020412e-01	1.579642774697385676e-01	-1.667239805820765475e-01	2.828488323647478930e-01	-5.066195989838040425e-01	2.580483463275225486e-01	-9.342294106627195560e-02	1.154419359100247455e-01	-2.634385884457096649e-01	2.586451774342712895e-01	-2.595005163753363320e-01	1.521801534362010599e-01	-5.786184788064219209e-02	2.146829676311233781e-01	-2.154928188678212064e-01	1.840442287171724922e-01	-1.733809400722902683e-01	6.290842883618293080e-02	-2.238276500018595849e-01	1.663675211195340398e-01	-1.925151248707824836e-01	1.053658707296804276e-01	-3.942872509167754530e-02	2.388601948603028546e-01	-1.145503256456029545e-01	9.325770758827500728e-02	-1.127279312544963025e-01	3.952480878110327389e-02
1.827049666389961302e-01	-3.852702329301020412e-01	1.000000000000000222e+00	-2.180242578809097331e-01	1.672829018011161573e-01	-1.909166891054359105e-01	3.041106129365834243e-01	-7.449826260074854378e-01	1.001690783207979385e-01	-1.234327785942396088e-01	1.677312753804947321e-01	-2.299687290783712923e-01	2.190488812292674947e-01	-1.554207553861229607e-01	5.593041030255455764e-02	-1.705441005022108603e-01	1.552379168044606406e-01	-1.739521542539214649e-01	1.498930744423578598e-01	-6.169147757713323854e-02	1.594809208139663370e-01	-1.324926959887990363e-01	1.499937144089705243e-01	-8.829464108275179857e-02	3.401787736080617158e-02	-2.402179654031918188e-01	9.065414845265429289e-02	-7.686447277313271376e-02	9.037118452466195995e-02	-3.455336015241822212e-02
-1.156630770595951235e-01	1.579642774697385676e-01	-2.180242578809097331e-01	1.000000000000000444e+00	-8.708267341496312985e-01	1.073577916955245903e-01	-1.522723695013724898e-01	1.377118797185664656e-01	-1.924956266538395688e-01	1.829012375170877835e-01	-1.190298544774640449e-01	1.327364074969334118e-01	-1.661782258616947838e-01	1.815536131905153006e-01	-8.161461996880278735e-02	1.197568154654731071e-01	-1.304464669655508446e-01	1.404789814677364079e-01	-1.971478391687286058e-01	8.508468086035703148e-02	-1.438308086633011684e-01	1.092287870701821179e-01	-1.486083422095216544e-01	9.391851236516149393e-02	-4.115964781245994020e-02	2.081157053393353218e-01	-9.603215359191577538e-02	7.737509619361133961e-02	-1.020901881036045677e-01	4.123645107971782992e-02
1.111535281377008383e-01	-1.667239805820765475e-01	1.672829018011161573e-01	-8.708267341496312985e-01	1.000000000000000222e+00	-1.080098192134050228e-01	1.368151012865484462e-01	-1.265834237308207377e-01	1.690391731196958514e-01	-2.159418642565401891e-01	1.142950502703886928e-01	-1.278732200812492947e-01	1.522918993982812219e-01	-1.980945812160194164e-01	8.490287440853537537e-02	-1.219067424352816564e-01	1.231526888596718577e-01	-1.374244760189157755e-01	1.795226306865117250e-01	-9.355289715507029980e-02	1.409076835920683168e-01	-1.065443959857424877e-01	1.381322606387805352e-01	-9.002343871372649187e-02	4.095653197444810989e-02	-2.643681635544174457e-01	9.137149469856936657e-02	-7.524137445402651059e-02	9.507774205288774261e-02	-4.178644261513959207e-02
-6.952346091441681253e-01	2.828488323647478930e-01	-1.909166891054359105e-01	1.073577916955245903e-01	-1.080098192134050228e-01	9.999999999999998890e-01	-2.706347361074458169e-01	1.512392664425201982e-01	-6.758203905728310534e-02	8.517495441066309791e-02	-4.932787892804773588e-01	2.194321813649955100e-01	-1.919010098180146395e-01	1.137474119943847201e-01	-4.233583118475224560e-02	2.435531004503652397e-01	-1.787801021295262471e-01	1.411594965993427375e-01	-1.255913985281221223e-01	4.639874434532043762e-02	-2.039783036754132806e-01	1.400413684768508082e-01	-1.447459822286169817e-01	7.916021014734679617e-02	-2.917762813554441309e-02	2.009449701637332775e-01	-8.620063505361041933e-02	7.116910984636597159e-02	-8.324259650154067214e-02	2.938276207525072903e-02
2.343353534081673017e-01	-5.066195989838040425e-01	3.041106129365834243e-01	-1.522723695013724898e-01	1.368151012865484462e-01	-2.706347361074458169e-01	1.000000000000000666e+00	-5.111341058504781376e-01	9.297282766056351455e-02	-1.162098179476953042e-01	2.252095583790491018e-01	-4.548664620690673344e-01	2.607859898255786013e-01	-1.551452995894231912e-01	5.484176660551897536e-02	-2.082021762620064609e-01	1.962560486483315714e-01	-1.894843129547776894e-01	1.550672969792906697e-01	-6.046230960102393082e-02	1.838796781290114868e-01	-1.605070428118228476e-01	1.674023532495189093e-01	-9.469946417680205619e-02	3.533866101321860714e-02	-2.430340026685787747e-01	9.849810607366588089e-02	-8.339919773781118151e-02	9.696700718965900467e-02	-3.580943612325392100e-02
-1.515778093544573601e-01	2.580483463275225486e-01	-7.449826260074854378e-01	1.377118797185664656e-01	-1.265834237308207377e-01	1.512392664425201982e-01	-5.111341058504781376e-01	1.000000000000000444e+00	-8.443809620696808571e-02	9.696238640000214015e-02	-1.485137694438184719e-01	2.182647761262818398e-01	-2.561052699386778819e-01	1.254204731620106039e-01	-4.485248833826083886e-02	1.371492177568591486e-01	-1.390054943469868354e-01	1.481476133283827490e-01	-1.258102850552781926e-01	4.888460128452649239e-02	-1.320166464916248950e-01	1.120397141286106069e-01	-1.299704009121470938e-01	7.285337326238602862e-02	-2.763646711688034358e-02	1.750206495793057981e-01	-7.491786295672112073e-02	6.303030368479967116e-02	-7.515429452036777314e-02	2.792646505906898335e-02
7.037348374388671668e-02	-9.342294106627195560e-02	1.001690783207979385e-01	-1.924956266538395688e-01	1.690391731196958514e-01	-6.758203905728310534e-02	9.297282766056351455e-02	-8.443809620696808571e-02	1.000000000000001110e+00	-7.503701886446012548e-01	7.881451178011057712e-02	-9.886623207772880784e-02	1.454758698864573596e-01	-5.219416264255506421e-01	1.569191200344883519e-01	-8.005564719932914408e-02	9.165935693571197751e-02	-1.275682790375794184e-01	2.510984125111914156e-01	-1.603449655181162503e-01	9.265078050939214160e-02	-7.888422129384496662e-02	1.179900303010200935e-01	-8.767516342698249143e-02	4.758899676437545329e-02	-1.263493454765819979e-01	7.442138030149554606e-02	-6.190895226768011739e-02	9.095588768266855972e-02	-4.822558076273793237e-02
-9.046221911812868388e-02	1.154419359100247455e-01	-1.234327785942396088e-01	1.829012375170877835e-01	-2.159418642565401891e-01	8.517495441066309791e-02	-1.162098179476953042e-01	9.696238640000214015e-02	-7.503701886446012548e-01	1.000000000000001332e+00	-1.012435166148581978e-01	1.201238862000874041e-01	-1.789435212837618139e-01	3.030613251795785112e-01	-2.699508367241226225e-01	1.018161889175713403e-01	-1.203946390225129059e-01	1.593103745829647366e-01	-3.478089859464506550e-01	1.975304361603286984e-01	-1.217887235286066183e-01	1.024432655695109717e-01	-1.583460124463017815e-01	1.166695597306783017e-01	-6.357842919062717257e-02	1.585123882243247295e-01	-1.015546982489673872e-01	8.301782762156899309e-02	-1.255204906897790240e-01	6.258096660503428832e-02
2.636297082701807293e-01	-2.634385884457096649e-01	1.677312753804947321e-01	-1.190298544774640449e-01	1.142950502703886928e-01	-4.932787892804773588e-01	2.252095583790491018e-01	-1.485137694438184719e-01	7.881451178011057712e-02	-1.012435166148581978e-01	1.000000000000000666e+00	-3.939953313995566142e-01	2.246308227599974894e-01	-1.375187395758356579e-01	4.941760314285085359e-02	-5.923611715638802400e-01	2.247801669790433499e-01	-1.762393247969997190e-01	1.436068413262202303e-01	-5.464536206266673579e-02	2.548271912095182445e-01	-1.864231919780123814e-01	1.681455254747278305e-01	-9.337512316389701139e-02	3.394619373888817931e-02	-2.657824204455907502e-01	1.004255897183882196e-01	-8.489410760025681291e-02	9.567277535578644354e-02	-3.439349193250313547e-02
-2.069355071803787305e-01	2.586451774342712895e-01	-2.299687290783712923e-01	1.327364074969334118e-01	-1.278732200812492947e-01	2.194321813649955100e-01	-4.548664620690673344e-01	2.182647761262818398e-01	-9.886623207772880784e-02	1.201238862000874041e-01	-3.939953313995566142e-01	9.999999999999993339e-01	-5.482050655982189102e-01	1.737274883278007165e-01	-5.986880471827801115e-02	2.513790291185183379e-01	-3.642730031441133720e-01	2.375682288058008906e-01	-1.837126749431835793e-01	6.537368668762956470e-02	-2.304558728495897935e-01	2.181520925495798180e-01	-2.201297352196705526e-01	1.129305867279335185e-01	-4.053947465972516928e-02	2.457137961873972209e-01	-1.186948244069482017e-01	9.970669483656763310e-02	-1.162029854268508966e-01	4.083391862570294462e-02
1.755420186356448919e-01	-2.595005163753363320e-01	2.190488812292674947e-01	-1.661782258616947838e-01	1.522918993982812219e-01	-1.919010098180146395e-01	2.607859898255786013e-01	-2.561052699386778819e-01	1.454758698864573596e-01	-1.789435212837618139e-01	2.246308227599974894e-01	-5.482050655982189102e-01	9.999999999999972244e-01	-3.071100374010357625e-01	8.407868543791949256e-02	-2.287285684175512646e-01	2.357075521115583605e-01	-4.910530488010439454e-01	2.516186466563673507e-01	-9.287911828836942219e-02	2.112979286433421533e-01	-2.094879591000841368e-01	2.587606615425294687e-01	-1.424840298355951329e-01	5.152577859156324408e-02	-3.009379725849131160e-01	1.347024681779407929e-01	-1.187960583845986684e-01	1.392055067030588678e-01	-5.236228367757735785e-02
-1.189547939424197565e-01	1.521801534362010599e-01	-1.554207553861229607e-01	1.815536131905153006e-01	-1.980945812160194164e-01	1.137474119943847201e-01	-1.551452995894231912e-01	1.254204731620106039e-01	-5.219416264255506421e-01	3.030613251795785112e-01	-1.375187395758356579e-01	1.737274883278007165e-01	-3.071100374010357625e-01	9.999999999999966693e-01	-1.677745777490773915e-01	1.372129538335333243e-01	-1.630250065007614602e-01	2.341521017623151568e-01	-5.910378582565384287e-01	1.564399076453109327e-01	-1.601029379518661977e-01	1.389532126701210901e-01	-2.164265091592103285e-01	1.604532084260748837e-01	-6.841556365073181434e-02	2.077788545646838125e-01	-1.336885497686865765e-01	1.107573476869452567e-01	-1.681540691370332075e-01	6.737286764036218289e-02
4.391006125011431838e-02	-5.786184788064219209e-02	5.593041030255455764e-02	-8.161461996880278735e-02	8.490287440853537537e-02	-4.233583118475224560e-02	5.484176660551897536e-02	-4.485248833826083886e-02	1.569191200344883519e-01	-2.699508367241226225e-01	4.941760314285085359e-02	-5.986880471827801115e-02	8.407868543791949256e-02	-1.677745777490773915e-01	9.999999999999933387e-01	-5.168668389658207657e-02	5.926871373521856723e-02	-8.845846019487717260e-02	1.795492848676214503e-01	-9.083008603160095396e-01	6.049729701118266439e-02	-5.268123937876181828e-02	8.168910176162461068e-02	-7.454484107585178376e-02	1.041465722222364859e-01	-8.671097270481956110e-02	5.382080244315443074e-02	-4.634582744796278408e-02	7.405876871207262013e-02	-1.100431610256159820e-01
-2.447945840736154288e-01	2.146829676311233781e-01	-1.705441005022108603e-01	1.197568154654731071e-01	-1.219067424352816564e-01	2.435531004503652397e-01	-2.082021762620064609e-01	1.371492177568591486e-01	-8.005564719932914408e-02	1.018161889175713403e-01	-5.923611715638802400e-01	2.513790291185183379e-01	-2.287285684175512646e-01	1.372129538335333243e-01	-5.168668389658207657e-02	9.999999999999951150e-01	-3.454655550314327805e-01	1.813674921420050656e-01	-1.567203283004389158e-01	5.673763022057571465e-02	-5.334580625888533101e-01	2.471501961759271504e-01	-2.040894657005639934e-01	1.065698924719450658e-01	-3.793176669588668032e-02	2.732737920110125951e-01	-1.202987717999608602e-01	9.904842573961952779e-02	-1.116302660865539781e-01	3.817621093283035671e-02
1.614185878629516013e-01	-2.154928188678212064e-01	1.552379168044606406e-01	-1.304464669655508446e-01	1.231526888596718577e-01	-1.787801021295262471e-01	1.962560486483315714e-01	-1.390054943469868354e-01	9.165935693571197751e-02	-1.203946390225129059e-01	2.247801669790433499e-01	-3.642730031441133720e-01	2.357075521115583605e-01	-1.630250065007614602e-01	5.926871373521856723e-02	-3.454655550314327805e-01	9.999999999999983347e-01	-2.495016968657212952e-01	1.730650584930185365e-01	-6.631550333992182467e-02	2.978650125729420117e-01	-6.881672019991516009e-01	2.528884299417443193e-01	-1.330358714740111081e-01	4.428156395777377297e-02	-3.199353768624320082e-01	1.446812852456826892e-01	-1.290243042405602170e-01	1.278599848195969557e-01	-4.525930803744782072e-02
-1.423345146185179266e-01	1.840442287171724922e-01	-1.739521542539214649e-01	1.404789814677364079e-01	-1.374244760189157755e-01	1.411594965993427375e-01	-1.894843129547776894e-01	1.481476133283827490e-01	-1.275682790375794184e-01	1.593103745829647366e-01	-1.762393247969997190e-01	2.375682288058008906e-01	-4.910530488010439454e-01	2.341521017623151568e-01	-8.845846019487717260e-02	1.813674921420050656e-01	-2.495016968657212952e-01	1.000000000000000444e+00	-4.031484489870948429e-01	9.775022198811189611e-02	-2.116553001588193095e-01	2.216465002956992114e-01	-5.881812877339973600e-01	2.021586293191005301e-01	-6.524152671553118399e-02	2.575311455429313279e-01	-1.854623925969619003e-01	1.608323220900399197e-01	-2.014201477117284755e-01	6.497804373561127944e-02
1.256416693162906995e-01	-1.733809400722902683e-01	1.498930744423578598e-01	-1.971478391687286058e-01	1.795226306865117250e-01	-1.255913985281221223e-01	1.550672969792906697e-01	-1.258102850552781926e-01	2.510984125111914156e-01	-3.478089859464506550e-01	1.436068413262202303e-01	-1.837126749431835793e-01	2.516186466563673507e-01	-5.910378582565384287e-01	1.795492848676214503e-01	-1.567203283004389158e-01	1.730650584930185365e-01	-4.031484489870948429e-01	9.999999999999988898e-01	-2.328948462253523921e-01	1.753231451964030740e-01	-1.624682762207301789e-01	2.537510087473568432e-01	-2.693781844979224460e-01	8.881678313345818532e-02	-2.812378634500593000e-01	1.517215777576869096e-01	-1.395486179661721837e-01	2.032595586026518519e-01	-9.204842143757674400e-02
-4.849790838035940299e-02	6.290842883618293080e-02	-6.169147757713323854e-02	8.508468086035703148e-02	-9.355289715507029980e-02	4.639874434532043762e-02	-6.046230960102393082e-02	4.888460128452649239e-02	-1.603449655181162503e-01	1.975304361603286984e-01	-5.464536206266673579e-02	6.537368668762956470e-02	-9.287911828836942219e-02	1.564399076453109327e-01	-9.083008603160095396e-01	5.673763022057571465e-02	-6.631550333992182467e-02	9.775022198811189611e-02	-2.328948462253523921e-01	9.999999999999987788e-01	-6.729519118484998674e-02	5.854862324747039243e-02	-9.309117485497024613e-02	8.383442962319889724e-02	-1.302842784548628730e-01	9.321824102481171548e-02	-6.133253836770907741e-02	5.212989899387789755e-02	-8.548755091045333321e-02	1.122364563714383645e-01
1.810182645280828118e-01	-2.238276500018595849e-01	1.594809208139663370e-01	-1.438308086633011684e-01	1.409076835920683168e-01	-2.039783036754132806e-01	1.838796781290114868e-01	-1.320166464916248950e-01	9.265078050939214160e-02	-1.217887235286066183e-01	2.548271912095182445e-01	-2.304558728495897935e-01	2.112979286433421533e-01	-1.601029379518661977e-01	6.049729701118266439e-02	-5.334580625888533101e-01	2.978650125729420117e-01	-2.116553001588193095e-01	1.753231451964030740e-01	-6.729519118484998674e-02	9.999999999999991118e-01	-4.617797929134301871e-01	2.330817801245705367e-01	-1.301655121268234516e-01	4.517543269460582572e-02	-5.204647263805245450e-01	1.474194540041475210e-01	-1.269390532829956231e-01	1.303206149480866383e-01	-4.598658816435634983e-02
-1.349004135549884686e-01	1.663675211195340398e-01	-1.324926959887990363e-01	1.092287870701821179e-01	-1.065443959857424877e-01	1.400413684768508082e-01	-1.605070428118228476e-01	1.120397141286106069e-01	-7.888422129384496662e-02	1.024432655695109717e-01	-1.864231919780123814e-01	2.181520925495798180e-01	-2.094879591000841368e-01	1.389532126701210901e-01	-5.268123937876181828e-02	2.471501961759271504e-01	-6.881672019991516009e-01	2.216465002956992114e-01	-1.624682762207301789e-01	5.854862324747039243e-02	-4.617797929134301871e-01	9.999999999999996669e-01	-3.770716007444288587e-01	1.400251748340148872e-01	-4.404635605851910801e-02	2.699322790832947017e-01	-1.768468561141288142e-01	1.422487533126939874e-01	-1.389938218448017737e-01	4.451757854614918353e-02
1.392799069788663302e-01	-1.925151248707824836e-01	1.499937144089705243e-01	-1.486083422095216544e-01	1.381322606387805352e-01	-1.447459822286169817e-01	1.674023532495189093e-01	-1.299704009121470938e-01	1.179900303010200935e-01	-1.583460124463017815e-01	1.681455254747278305e-01	-2.201297352196705526e-01	2.587606615425294687e-01	-2.164265091592103285e-01	8.168910176162461068e-02	-2.040894657005639934e-01	2.528884299417443193e-01	-5.881812877339973600e-01	2.537510087473568432e-01	-9.309117485497024613e-02	2.330817801245705367e-01	-3.770716007444288587e-01	9.999999999999997780e-01	-3.430978387155343978e-01	7.716683913346759904e-02	-3.423828146155047936e-01	2.218479232129346168e-01	-2.625895208205322739e-01	2.404456207140139024e-01	-7.932933207702141942e-02
-7.924440644339192374e-02	1.053658707296804276e-01	-8.829464108275179857e-02	9.391851236516149393e-02	-9.002343871372649187e-02	7.916021014734679617e-02	-9.469946417680205619e-02	7.285337326238602862e-02	-8.767516342698249143e-02	1.166695597306783017e-01	-9.337512316389701139e-02	1.129305867279335185e-01	-1.424840298355951329e-01	1.604532084260748837e-01	-7.454484107585178376e-02	1.065698924719450658e-01	-1.330358714740111081e-01	2.021586293191005301e-01	-2.693781844979224460e-01	8.383442962319889724e-02	-1.301655121268234516e-01	1.400251748340148872e-01	-3.430978387155343978e-01	9.999999999999985567e-01	-1.609415523172317564e-01	1.882637163478164399e-01	-2.377815584659157544e-01	2.196930699854326430e-01	-7.995453485661174753e-01	1.423907393815934674e-01
2.955299992537084933e-02	-3.942872509167754530e-02	3.401787736080617158e-02	-4.115964781245994020e-02	4.095653197444810989e-02	-2.917762813554441309e-02	3.533866101321860714e-02	-2.763646711688034358e-02	4.758899676437545329e-02	-6.357842919062717257e-02	3.394619373888817931e-02	-4.053947465972516928e-02	5.152577859156324408e-02	-6.841556365073181434e-02	1.041465722222364859e-01	-3.793176669588668032e-02	4.428156395777377297e-02	-6.524152671553118399e-02	8.881678313345818532e-02	-1.302842784548628730e-01	4.517543269460582572e-02	-4.404635605851910801e-02	7.716683913346759904e-02	-1.609415523172317564e-01	9.999999999999988898e-01	-6.954722525086107221e-02	6.306364059562669100e-02	-6.155124989169373506e-02	1.423088823017350513e-01	-9.584068553934521617e-01
-2.309324843492807366e-01	2.388601948603028546e-01	-2.402179654031918188e-01	2.081157053393353218e-01	-2.643681635544174457e-01	2.009449701637332775e-01	-2.430340026685787747e-01	1.750206495793057981e-01	-1.263493454765819979e-01	1.585123882243247295e-01	-2.657824204455907502e-01	2.457137961873972209e-01	-3.009379725849131160e-01	2.077788545646838125e-01	-8.671097270481956110e-02	2.732737920110125951e-01	-3.199353768624320082e-01	2.575311455429313279e-01	-2.812378634500593000e-01	9.321824102481171548e-02	-5.204647263805245450e-01	2.699322790832947017e-01	-3.423828146155047936e-01	1.882637163478164399e-01	-6.954722525086107221e-02	9.999999999999986677e-01	-2.609663383230339528e-01	1.859033860107388025e-01	-2.188934163146856182e-01	6.869198169202705984e-02
8.532760998617183734e-02	-1.145503256456029545e-01	9.065414845265429289e-02	-9.603215359191577538e-02	9.137149469856936657e-02	-8.620063505361041933e-02	9.849810607366588089e-02	-7.491786295672112073e-02	7.442138030149554606e-02	-1.015546982489673872e-01	1.004255897183882196e-01	-1.186948244069482017e-01	1.347024681779407929e-01	-1.336885497686865765e-01	5.382080244315443074e-02	-1.202987717999608602e-01	1.446812852456826892e-01	-1.854623925969619003e-01	1.517215777576869096e-01	-6.133253836770907741e-02	1.474194540041475210e-01	-1.768468561141288142e-01	2.218479232129346168e-01	-2.377815584659157544e-01	6.306364059562669100e-02	-2.609663383230339528e-01	9.999999999999988898e-01	-8.516742319638845871e-01	2.302728755581187337e-01	-6.822660594048091109e-02
-7.138119391467928621e-02	9.325770758827500728e-02	-7.686447277313271376e-02	7.737509619361133961e-02	-7.524137445402651059e-02	7.116910984636597159e-02	-8.339919773781118151e-02	6.303030368479967116e-02	-6.190895226768011739e-02	8.301782762156899309e-02	-8.489410760025681291e-02	9.970669483656763310e-02	-1.187960583845986684e-01	1.107573476869452567e-01	-4.634582744796278408e-02	9.904842573961952779e-02	-1.290243042405602170e-01	1.608323220900399197e-01	-1.395486179661721837e-01	5.212989899387789755e-02	-1.269390532829956231e-01	1.422487533126939874e-01	-2.625895208205322739e-01	2.196930699854326430e-01	-6.155124989169373506e-02	1.859033860107388025e-01	-8.516742319638845871e-01	9.999999999999984457e-01	-3.322706720811176573e-01	6.425889133454708302e-02
8.231962306185579281e-02	-1.127279312544963025e-01	9.037118452466195995e-02	-1.020901881036045677e-01	9.507774205288774261e-02	-8.324259650154067214e-02	9.696700718965900467e-02	-7.515429452036777314e-02	9.095588768266855972e-02	-1.255204906897790240e-01	9.567277535578644354e-02	-1.162029854268508966e-01	1.392055067030588678e-01	-1.681540691370332075e-01	7.405876871207262013e-02	-1.116302660865539781e-01	1.278599848195969557e-01	-2.014201477117284755e-01	2.032595586026518519e-01	-8.548755091045333321e-02	1.303206149480866383e-01	-1.389938218448017737e-01	2.404456207140139024e-01	-7.995453485661174753e-01	1.423088823017350513e-01	-2.188934163146856182e-01	2.302728755581187337e-01	-3.322706720811176573e-01	9.999999999999982236e-01	-1.677622398830637684e-01
-2.991503129402306449e-02	3.952480878110327389e-02	-3.455336015241822212e-02	4.123645107971782992e-02	-4.178644261513959207e-02	2.938276207525072903e-02	-3.580943612325392100e-02	2.792646505906898335e-02	-4.822558076273793237e-02	6.258096660503428832e-02	-3.439349193250313547e-02	4.083391862570294462e-02	-5.236228367757735785e-02	6.737286764036218289e-02	-1.100431610256159820e-01	3.817621093283035671e-02	-4.525930803744782072e-02	6.497804373561127944e-02	-9.204842143757674400e-02	1.122364563714383645e-01	-4.598658816435634983e-02	4.451757854614918353e-02	-7.932933207702141942e-02	1.423907393815934674e-01	-9.584068553934521617e-01	6.869198169202705984e-02	-6.822660594048091109e-02	6.425889133454708302e-02	-1.677622398830637684e-01	9.999999999999982236e-01
