1.000000000000000000e+00	-7.755177312452454785e-01	1.229183300612086138e-01	-9.627312998664692978e-02	8.573108850103609846e-02	-4.717115127603510594e-01	2.957350026519901531e-01	-9.056265384898365411e-02	6.849936942870810119e-02	-5.948680141872395716e-02	2.046540687953850579e-01	-1.912185895370788202e-01	6.360036179953994229e-02	-6.321165128624824103e-02	5.342210837677944385e-02	-2.094328718970114023e-01	1.501990047188963007e-01	-6.451493651866503642e-02	6.930742014245745708e-02	-6.352723358971670842e-02	4.545348276605658266e-02	-7.594662176941768816e-02	5.661140174251627633e-02	-5.870848654044648340e-02	5.219607058061126459e-02	-4.125967136755862713e-02	6.332436446834584232e-02	-5.498510030435883877e-02	6.093067854397628963e-02	-7.622572971375182749e-02
-7.755177312452454785e-01	1.000000000000000444e+00	-1.550411642997795436e-01	1.027301095876177184e-01	-9.301246947441016433e-02	2.855403083285026899e-01	-4.823343947675627907e-01	1.013187848402062607e-01	-7.722947706892765996e-02	6.307377952122500409e-02	-1.930032182486785541e-01	1.863954193213028521e-01	-6.836937757433898810e-02	6.755247906791647661e-02	-5.725646741352186098e-02	1.716262995176565109e-01	-1.602195056131881790e-01	6.754787057930396188e-02	-7.378280596850504691e-02	6.572160128904307175e-02	-4.594225449716178578e-02	7.681744100859334845e-02	-5.861741240210548848e-02	6.061188130045699202e-02	-5.428889088467946100e-02	4.109552115908379072e-02	-6.572173593024335791e-02	5.613668658923030852e-02	-6.338104322148295500e-02	7.754979761500971347e-02
1.229183300612086138e-01	-1.550411642997795436e-01	1.000000000000000444e+00	-6.787146849170176965e-01	3.031913582606120539e-01	-1.303568245593602903e-01	1.468511339481138323e-01	-4.190209295672613354e-01	2.616478303865140687e-01	-2.289036946460240030e-01	1.009834291732825129e-01	-1.152948068780584590e-01	1.890390752978770572e-01	-2.281889538175977117e-01	1.864556907669942809e-01	-1.260572616290021319e-01	1.100758264169465067e-01	-1.957569328355152904e-01	2.098474968109641792e-01	-2.205057140483990819e-01	6.735564544069508330e-02	-1.250547879763102277e-01	1.201285498477401154e-01	-1.724406755363701027e-01	1.616659438438495244e-01	-6.647204315149621290e-02	1.027808865846131375e-01	-1.220694567009666803e-01	1.709747393738705323e-01	-2.700379748806058244e-01
-9.627312998664692978e-02	1.027301095876177184e-01	-6.787146849170176965e-01	1.000000000000000666e+00	-5.474713482944033593e-01	9.552743011451508837e-02	-1.155829637386947273e-01	2.618505421029901914e-01	-2.986234293786320659e-01	2.174949517779139474e-01	-7.870352843711284074e-02	8.812621606429070498e-02	-1.714663931468368152e-01	2.005355357859278931e-01	-1.922381225366413537e-01	9.428251560859365887e-02	-8.740588169923059481e-02	1.586640569021539604e-01	-1.951057520150517588e-01	1.757725389844296271e-01	-5.433244996770249247e-02	9.795096363697847197e-02	-9.785829320584009394e-02	1.387833040103931825e-01	-1.358218557920108926e-01	5.258881835074823846e-02	-8.366779846408559096e-02	9.634538609027729072e-02	-1.452022182797191863e-01	1.978155003689435476e-01
8.573108850103609846e-02	-9.301246947441016433e-02	3.031913582606120539e-01	-5.474713482944033593e-01	1.000000000000000666e+00	-1.043644474217565038e-01	1.155427844884094751e-01	-2.760196502612140002e-01	2.387444596642583350e-01	-4.553620311644859253e-01	8.785105463362349876e-02	-1.029993885249266827e-01	1.992573772784215491e-01	-2.641636564865691428e-01	2.637035412566728354e-01	-1.152521213048217225e-01	1.037739026771463957e-01	-2.154624279940974829e-01	2.393802916758500099e-01	-2.887128306224447383e-01	7.395122057824925210e-02	-1.396776552836827834e-01	1.378240689130826868e-01	-2.090728527712367169e-01	2.006463661873013893e-01	-7.395889805028942054e-02	1.142166427310143673e-01	-1.415532491893615186e-01	2.038533805701011614e-01	-3.405844885208834105e-01
-4.717115127603510594e-01	2.855403083285026899e-01	-1.303568245593602903e-01	9.552743011451508837e-02	-1.043644474217565038e-01	1.000000000000000666e+00	-5.421320271517815481e-01	1.060544849184826138e-01	-8.363963394788857808e-02	6.874080324839684786e-02	-5.338514486952339322e-01	2.610293624674563384e-01	-7.989868405761650638e-02	7.499398240400102778e-02	-6.408121764883656368e-02	2.702608824006774713e-01	-2.382488260444710626e-01	7.879707302010521830e-02	-8.594539330264153176e-02	7.359659507877501505e-02	-6.284400801115461177e-02	1.020384147848213408e-01	-7.508408722480726383e-02	7.138171932124573460e-02	-6.299539356028432957e-02	5.494631523149204333e-02	-8.877014416948361686e-02	7.081870322207334256e-02	-7.572514851496904564e-02	8.592275246236663611e-02
2.957350026519901531e-01	-4.823343947675627907e-01	1.468511339481138323e-01	-1.155829637386947273e-01	1.155427844884094751e-01	-5.421320271517815481e-01	1.000000000000000444e+00	-1.562093265491874550e-01	1.060599689072661000e-01	-8.257630795891182651e-02	2.784826990113267731e-01	-4.636832919285650001e-01	9.577919086279949867e-02	-9.225182912208725050e-02	7.560035403641227059e-02	-3.069200470354651600e-01	2.487014601752488563e-01	-9.478948535869269332e-02	9.915773641302852437e-02	-8.665891692864463591e-02	6.651977923351144739e-02	-1.151769022583856578e-01	8.236822911487863552e-02	-8.190029300405425594e-02	7.201420540588350516e-02	-6.014705650097139367e-02	9.314310778974987937e-02	-7.921299036230042279e-02	8.423496001442433434e-02	-1.006147488531282941e-01
-9.056265384898365411e-02	1.013187848402062607e-01	-4.190209295672613354e-01	2.618505421029901914e-01	-2.760196502612140002e-01	1.060544849184826138e-01	-1.562093265491874550e-01	1.000000000000000666e+00	-7.027342026712861678e-01	2.146549705737167968e-01	-8.411803091111605402e-02	1.013542344446059229e-01	-2.972716052689571287e-01	2.792844710865696745e-01	-2.161845112849911654e-01	9.927831371054644805e-02	-9.502128541651337634e-02	2.065368737065696181e-01	-2.479962282821899233e-01	1.738439904566738969e-01	-5.440160609895017957e-02	9.887590919885221041e-02	-1.030814101180859976e-01	1.413317299445709663e-01	-1.368001119096051155e-01	5.211920113829077855e-02	-8.480926734642993403e-02	9.750422335368472138e-02	-1.437035710379696574e-01	1.739266584599567234e-01
6.849936942870810119e-02	-7.722947706892765996e-02	2.616478303865140687e-01	-2.986234293786320659e-01	2.387444596642583350e-01	-8.363963394788857808e-02	1.060599689072661000e-01	-7.027342026712861678e-01	1.000000000000000888e+00	-2.827982604376799713e-01	6.685401308860408620e-02	-8.197328930867971153e-02	2.306636051276299004e-01	-4.652435133699106551e-01	2.302592910014744920e-01	-8.214961762936758005e-02	7.756012382383446757e-02	-2.002385009558058093e-01	2.205876175710332898e-01	-1.741839610755348267e-01	4.766545330664121588e-02	-8.895079256341631435e-02	9.309874167305880188e-02	-1.336722102343513296e-01	1.274644312368436727e-01	-4.629327445064317786e-02	7.469940886918406686e-02	-8.967030818314777885e-02	1.275759664796982107e-01	-1.639798096287490015e-01
-5.948680141872395716e-02	6.307377952122500409e-02	-2.289036946460240030e-01	2.174949517779139474e-01	-4.553620311644859253e-01	6.874080324839684786e-02	-8.257630795891182651e-02	2.146549705737167968e-01	-2.827982604376799713e-01	1.000000000000001332e+00	-5.951200276778983306e-02	7.034512794692521220e-02	-2.022238317091991922e-01	2.732946922903973785e-01	-7.178955142693745906e-01	7.420856333583568387e-02	-7.193343120160659854e-02	1.727758587389923717e-01	-2.331120408722594239e-01	2.168971081866467865e-01	-4.987866900884441873e-02	9.160653987209982363e-02	-9.854303657901532232e-02	1.467736295209658148e-01	-1.658512085479822706e-01	4.835253659371728518e-02	-7.877039079804944166e-02	9.404990074825177182e-02	-1.492182535578976121e-01	1.837970321462287782e-01
2.046540687953850579e-01	-1.930032182486785541e-01	1.009834291732825129e-01	-7.870352843711284074e-02	8.785105463362349876e-02	-5.338514486952339322e-01	2.784826990113267731e-01	-8.411803091111605402e-02	6.685401308860408620e-02	-5.951200276778983306e-02	9.999999999999983347e-01	-4.174994951593868353e-01	7.356535647719714133e-02	-6.592614823821371650e-02	5.561861921119008040e-02	-6.282639122898926454e-01	2.842051925477322993e-01	-7.532236460625570118e-02	7.764493734252778112e-02	-6.715373370483122828e-02	7.051705384193900084e-02	-1.134789309504440624e-01	7.659276206655724062e-02	-6.795228875090009169e-02	5.825089029202327323e-02	-6.229687006287178141e-02	9.282291874705293766e-02	-7.267101852870526402e-02	7.074432322985914345e-02	-7.903429677727447089e-02
-1.912185895370788202e-01	1.863954193213028521e-01	-1.152948068780584590e-01	8.812621606429070498e-02	-1.029993885249266827e-01	2.610293624674563384e-01	-4.636832919285650001e-01	1.013542344446059229e-01	-8.197328930867971153e-02	7.034512794692521220e-02	-4.174994951593868353e-01	1.000000000000000222e+00	-1.027209641719783323e-01	8.157359201278052696e-02	-6.746575997615311682e-02	3.119815143812660341e-01	-6.579946477014380068e-01	9.920796182141362884e-02	-9.775440744351961142e-02	7.983553770548872108e-02	-8.701890373498112619e-02	1.545846934449714716e-01	-1.039568331168910092e-01	8.367897875368664196e-02	-7.099827592190968706e-02	7.363111611938878698e-02	-1.287402667810970402e-01	9.299532279514115263e-02	-8.701719786302333781e-02	9.159707058947508251e-02
6.360036179953994229e-02	-6.836937757433898810e-02	1.890390752978770572e-01	-1.714663931468368152e-01	1.992573772784215491e-01	-7.989868405761650638e-02	9.577919086279949867e-02	-2.972716052689571287e-01	2.306636051276299004e-01	-2.022238317091991922e-01	7.356535647719714133e-02	-1.027209641719783323e-01	1.000000000000000444e+00	-4.506592964947375157e-01	2.032827058235073814e-01	-9.383750704889931571e-02	1.004021111151733175e-01	-7.170207024492677439e-01	2.946632279137778587e-01	-2.012530837048039367e-01	6.139185241264691340e-02	-1.221745306572731699e-01	1.396248069254011903e-01	-1.695123259061197818e-01	1.477999997192145365e-01	-6.001653821406546796e-02	9.916522627749171925e-02	-1.290379693613663836e-01	1.504460460845574721e-01	-1.832181326064279137e-01
-6.321165128624824103e-02	6.755247906791647661e-02	-2.281889538175977117e-01	2.005355357859278931e-01	-2.641636564865691428e-01	7.499398240400102778e-02	-9.225182912208725050e-02	2.792844710865696745e-01	-4.652435133699106551e-01	2.732946922903973785e-01	-6.592614823821371650e-02	8.157359201278052696e-02	-4.506592964947375157e-01	9.999999999999997780e-01	-4.523632626812058577e-01	8.197056081228792923e-02	-8.289660329994742727e-02	2.749694543150634773e-01	-4.241967182065730646e-01	2.199971952753299598e-01	-5.519893457478974863e-02	1.036464963067758732e-01	-1.169473810921193985e-01	1.711812251816440811e-01	-1.655306415829413402e-01	5.339909087047543107e-02	-8.834742580104106013e-02	1.078867302927685456e-01	-1.603664640149168041e-01	1.852069884924173460e-01
5.342210837677944385e-02	-5.725646741352186098e-02	1.864556907669942809e-01	-1.922381225366413537e-01	2.637035412566728354e-01	-6.408121764883656368e-02	7.560035403641227059e-02	-2.161845112849911654e-01	2.302592910014744920e-01	-7.178955142693745906e-01	5.561861921119008040e-02	-6.746575997615311682e-02	2.032827058235073814e-01	-4.523632626812058577e-01	9.999999999999974465e-01	-7.082263911033177817e-02	6.873928323642847227e-02	-1.918279042308931315e-01	2.335449548852400747e-01	-3.023594291433845949e-01	4.877025641600111344e-02	-9.230283501458569351e-02	9.974010363740201668e-02	-1.564081332201651686e-01	1.741030423996171306e-01	-4.778374952885872107e-02	7.750357546656071184e-02	-9.637309820496491042e-02	1.449826753764604792e-01	-1.903635500456235807e-01
-2.094328718970114023e-01	1.716262995176565109e-01	-1.260572616290021319e-01	9.428251560859365887e-02	-1.152521213048217225e-01	2.702608824006774713e-01	-3.069200470354651600e-01	9.927831371054644805e-02	-8.214961762936758005e-02	7.420856333583568387e-02	-6.282639122898926454e-01	3.119815143812660341e-01	-9.383750704889931571e-02	8.197056081228792923e-02	-7.082263911033177817e-02	1.000000000000001554e+00	-5.550323037991423680e-01	9.636694089629192772e-02	-1.023106054458352149e-01	8.515789864978265400e-02	-1.108687882365882726e-01	1.620008432825279510e-01	-1.114181746110055604e-01	9.017238639128258293e-02	-7.691274248803071922e-02	9.020538682143804110e-02	-1.429204304778913248e-01	1.014623361314215266e-01	-9.623114526392557988e-02	9.945575631805819716e-02
1.501990047188963007e-01	-1.602195056131881790e-01	1.100758264169465067e-01	-8.740588169923059481e-02	1.037739026771463957e-01	-2.382488260444710626e-01	2.487014601752488563e-01	-9.502128541651337634e-02	7.756012382383446757e-02	-7.193343120160659854e-02	2.842051925477322993e-01	-6.579946477014380068e-01	1.004021111151733175e-01	-8.289660329994742727e-02	6.873928323642847227e-02	-5.550323037991423680e-01	1.000000000000000666e+00	-1.135875559788771388e-01	1.036719535975319101e-01	-8.646670271713534361e-02	1.076793688545412547e-01	-2.545936623160875989e-01	1.262101146729243395e-01	-9.589912824361361554e-02	7.776760469328466985e-02	-9.429647572767282937e-02	1.542848652659261355e-01	-1.153953412959147773e-01	9.590504636756402856e-02	-1.001844824097140041e-01
-6.451493651866503642e-02	6.754787057930396188e-02	-1.957569328355152904e-01	1.586640569021539604e-01	-2.154624279940974829e-01	7.879707302010521830e-02	-9.478948535869269332e-02	2.065368737065696181e-01	-2.002385009558058093e-01	1.727758587389923717e-01	-7.532236460625570118e-02	9.920796182141362884e-02	-7.170207024492677439e-01	2.749694543150634773e-01	-1.918279042308931315e-01	9.636694089629192772e-02	-1.135875559788771388e-01	1.000000000000001554e+00	-4.912819882026180363e-01	2.026305007252349466e-01	-6.917597708009427804e-02	1.342221164386283860e-01	-1.887297133221380874e-01	1.896164210405636985e-01	-1.658202794658232837e-01	6.608668019078878242e-02	-1.146042466354262462e-01	1.436677445119669549e-01	-1.756524213022264691e-01	1.826958936588859439e-01
6.930742014245745708e-02	-7.378280596850504691e-02	2.098474968109641792e-01	-1.951057520150517588e-01	2.393802916758500099e-01	-8.594539330264153176e-02	9.915773641302852437e-02	-2.479962282821899233e-01	2.205876175710332898e-01	-2.331120408722594239e-01	7.764493734252778112e-02	-9.775440744351961142e-02	2.946632279137778587e-01	-4.241967182065730646e-01	2.335449548852400747e-01	-1.023106054458352149e-01	1.036719535975319101e-01	-4.912819882026180363e-01	1.000000000000001998e+00	-4.165861504677101368e-01	7.859533736334173293e-02	-1.572794342941766510e-01	1.835078495926534825e-01	-3.675959099384710771e-01	2.570297305183231740e-01	-7.763709920911440743e-02	1.282423269904119645e-01	-1.725319614763438092e-01	2.376152083099757339e-01	-2.896795890143978869e-01
-6.352723358971670842e-02	6.572160128904307175e-02	-2.205057140483990819e-01	1.757725389844296271e-01	-2.887128306224447383e-01	7.359659507877501505e-02	-8.665891692864463591e-02	1.738439904566738969e-01	-1.741839610755348267e-01	2.168971081866467865e-01	-6.715373370483122828e-02	7.983553770548872108e-02	-2.012530837048039367e-01	2.199971952753299598e-01	-3.023594291433845949e-01	8.515789864978265400e-02	-8.646670271713534361e-02	2.026305007252349466e-01	-4.165861504677101368e-01	1.000000000000000444e+00	-7.064444434543178108e-02	1.301966383821439865e-01	-1.585053652822646375e-01	2.786838923139218216e-01	-6.616877532968482578e-01	6.775067208229004767e-02	-1.156726437668386398e-01	1.412606756367112693e-01	-2.732458431881626959e-01	2.758189696504247945e-01
4.545348276605658266e-02	-4.594225449716178578e-02	6.735564544069508330e-02	-5.433244996770249247e-02	7.395122057824925210e-02	-6.284400801115461177e-02	6.651977923351144739e-02	-5.440160609895017957e-02	4.766545330664121588e-02	-4.987866900884441873e-02	7.051705384193900084e-02	-8.701890373498112619e-02	6.139185241264691340e-02	-5.519893457478974863e-02	4.877025641600111344e-02	-1.108687882365882726e-01	1.076793688545412547e-01	-6.917597708009427804e-02	7.859533736334173293e-02	-7.064444434543178108e-02	9.999999999999996669e-01	-3.543201187482972747e-01	1.553980136007816482e-01	-9.570262301984629183e-02	7.051801356838383050e-02	-8.670852585031225690e-01	2.614166303192471674e-01	-1.843289749773973640e-01	9.390698907356291592e-02	-8.739608303361018349e-02
-7.594662176941768816e-02	7.681744100859334845e-02	-1.250547879763102277e-01	9.795096363697847197e-02	-1.396776552836827834e-01	1.020384147848213408e-01	-1.151769022583856578e-01	9.887590919885221041e-02	-8.895079256341631435e-02	9.160653987209982363e-02	-1.134789309504440624e-01	1.545846934449714716e-01	-1.221745306572731699e-01	1.036464963067758732e-01	-9.230283501458569351e-02	1.620008432825279510e-01	-2.545936623160875989e-01	1.342221164386283860e-01	-1.572794342941766510e-01	1.301966383821439865e-01	-3.543201187482972747e-01	9.999999999999987788e-01	-4.709265588726901930e-01	1.903536964007977172e-01	-1.417735021141884877e-01	2.497321358326645702e-01	-6.098214549885945246e-01	3.070581977162977205e-01	-1.917033663887813544e-01	1.540970703270591047e-01
5.661140174251627633e-02	-5.861741240210548848e-02	1.201285498477401154e-01	-9.785829320584009394e-02	1.378240689130826868e-01	-7.508408722480726383e-02	8.236822911487863552e-02	-1.030814101180859976e-01	9.309874167305880188e-02	-9.854303657901532232e-02	7.659276206655724062e-02	-1.039568331168910092e-01	1.396248069254011903e-01	-1.169473810921193985e-01	9.974010363740201668e-02	-1.114181746110055604e-01	1.262101146729243395e-01	-1.887297133221380874e-01	1.835078495926534825e-01	-1.585053652822646375e-01	1.553980136007816482e-01	-4.709265588726901930e-01	9.999999999999995559e-01	-3.668970318759931515e-01	1.732722982273368906e-01	-1.552573566916032877e-01	2.938740041971564798e-01	-6.716080528477067491e-01	2.208701202458968893e-01	-1.816903550386743393e-01
-5.870848654044648340e-02	6.061188130045699202e-02	-1.724406755363701027e-01	1.387833040103931825e-01	-2.090728527712367169e-01	7.138171932124573460e-02	-8.190029300405425594e-02	1.413317299445709663e-01	-1.336722102343513296e-01	1.467736295209658148e-01	-6.795228875090009169e-02	8.367897875368664196e-02	-1.695123259061197818e-01	1.711812251816440811e-01	-1.564081332201651686e-01	9.017238639128258293e-02	-9.589912824361361554e-02	1.896164210405636985e-01	-3.675959099384710771e-01	2.786838923139218216e-01	-9.570262301984629183e-02	1.903536964007977172e-01	-3.668970318759931515e-01	9.999999999999992228e-01	-4.825322666773462221e-01	9.153229349982512641e-02	-1.681221056519009716e-01	2.270337330075667959e-01	-5.588538770197577499e-01	3.041353218085129928e-01
5.219607058061126459e-02	-5.428889088467946100e-02	1.616659438438495244e-01	-1.358218557920108926e-01	2.006463661873013893e-01	-6.299539356028432957e-02	7.201420540588350516e-02	-1.368001119096051155e-01	1.274644312368436727e-01	-1.658512085479822706e-01	5.825089029202327323e-02	-7.099827592190968706e-02	1.477999997192145365e-01	-1.655306415829413402e-01	1.741030423996171306e-01	-7.691274248803071922e-02	7.776760469328466985e-02	-1.658202794658232837e-01	2.570297305183231740e-01	-6.616877532968482578e-01	7.051801356838383050e-02	-1.417735021141884877e-01	1.732722982273368906e-01	-4.825322666773462221e-01	9.999999999999987788e-01	-6.953237244776989956e-02	1.174252400440816968e-01	-1.626780869452152944e-01	2.815526308748648177e-01	-4.184830858578648116e-01
-4.125967136755862713e-02	4.109552115908379072e-02	-6.647204315149621290e-02	5.258881835074823846e-02	-7.395889805028942054e-02	5.494631523149204333e-02	-6.014705650097139367e-02	5.211920113829077855e-02	-4.629327445064317786e-02	4.835253659371728518e-02	-6.229687006287178141e-02	7.363111611938878698e-02	-6.001653821406546796e-02	5.339909087047543107e-02	-4.778374952885872107e-02	9.020538682143804110e-02	-9.429647572767282937e-02	6.608668019078878242e-02	-7.763709920911440743e-02	6.775067208229004767e-02	-8.670852585031225690e-01	2.497321358326645702e-01	-1.552573566916032877e-01	9.153229349982512641e-02	-6.953237244776989956e-02	9.999999999999997780e-01	-3.779525362877289574e-01	1.705781850127117139e-01	-9.494915949282239920e-02	8.292040806004247200e-02
6.332436446834584232e-02	-6.572173593024335791e-02	1.027808865846131375e-01	-8.366779846408559096e-02	1.142166427310143673e-01	-8.877014416948361686e-02	9.314310778974987937e-02	-8.480926734642993403e-02	7.469940886918406686e-02	-7.877039079804944166e-02	9.282291874705293766e-02	-1.287402667810970402e-01	9.916522627749171925e-02	-8.834742580104106013e-02	7.750357546656071184e-02	-1.429204304778913248e-01	1.542848652659261355e-01	-1.146042466354262462e-01	1.282423269904119645e-01	-1.156726437668386398e-01	2.614166303192471674e-01	-6.098214549885945246e-01	2.938740041971564798e-01	-1.681221056519009716e-01	1.174252400440816968e-01	-3.779525362877289574e-01	1.000000000000000000e+00	-5.397189431702468232e-01	1.583938669437985336e-01	-1.436536686776856975e-01
-5.498510030435883877e-02	5.613668658923030852e-02	-1.220694567009666803e-01	9.634538609027729072e-02	-1.415532491893615186e-01	7.081870322207334256e-02	-7.921299036230042279e-02	9.750422335368472138e-02	-8.967030818314777885e-02	9.404990074825177182e-02	-7.267101852870526402e-02	9.299532279514115263e-02	-1.290379693613663836e-01	1.078867302927685456e-01	-9.637309820496491042e-02	1.014623361314215266e-01	-1.153953412959147773e-01	1.436677445119669549e-01	-1.725319614763438092e-01	1.412606756367112693e-01	-1.843289749773973640e-01	3.070581977162977205e-01	-6.716080528477067491e-01	2.270337330075667959e-01	-1.626780869452152944e-01	1.705781850127117139e-01	-5.397189431702468232e-01	9.999999999999997780e-01	-2.459534908978361911e-01	1.709902202192976617e-01
6.093067854397628963e-02	-6.338104322148295500e-02	1.709747393738705323e-01	-1.452022182797191863e-01	2.038533805701011614e-01	-7.572514851496904564e-02	8.423496001442433434e-02	-1.437035710379696574e-01	1.275759664796982107e-01	-1.492182535578976121e-01	7.074432322985914345e-02	-8.701719786302333781e-02	1.504460460845574721e-01	-1.603664640149168041e-01	1.449826753764604792e-01	-9.623114526392557988e-02	9.590504636756402856e-02	-1.756524213022264691e-01	2.376152083099757339e-01	-2.732458431881626959e-01	9.390698907356291592e-02	-1.917033663887813544e-01	2.208701202458968893e-01	-5.588538770197577499e-01	2.815526308748648177e-01	-9.494915949282239920e-02	1.583938669437985336e-01	-2.459534908978361911e-01	9.999999999999997780e-01	-6.407834275108748034e-01
-7.622572971375182749e-02	7.754979761500971347e-02	-2.700379748806058244e-01	1.978155003689435476e-01	-3.405844885208834105e-01	8.592275246236663611e-02	-1.006147488531282941e-01	1.739266584599567234e-01	-1.639798096287490015e-01	1.837970321462287782e-01	-7.903429677727447089e-02	9.159707058947508251e-02	-1.832181326064279137e-01	1.852069884924173460e-01	-1.903635500456235807e-01	9.945575631805819716e-02	-1.001844824097140041e-01	1.826958936588859439e-01	-2.896795890143978869e-01	2.758189696504247945e-01	-8.739608303361018349e-02	1.540970703270591047e-01	-1.816903550386743393e-01	3.041353218085129928e-01	-4.184830858578648116e-01	8.292040806004247200e-02	-1.436536686776856975e-01	1.709902202192976617e-01	-6.407834275108748034e-01	9.999999999999997780e-01
