1.000000000000000222e+00	-6.220083995230591967e-01	3.092159342479693374e-01	-1.853974845463026988e-01	1.881472530293671896e-01	-3.877523987496068192e-01	2.997745475080124677e-01	-2.974145166245950600e-01	1.884215692040112078e-01	-2.200900400369726617e-01	2.566199794717319294e-01	-1.879431057383857129e-01	1.621397041526397576e-01	-2.018313879436643421e-01	1.437893524056725325e-01	-2.036519554210292071e-01	1.593786420544096583e-01	-2.213128359420647451e-01	1.464105721369896862e-01	-1.604993382720916184e-01	1.596771865735651386e-01	-1.453091160339700927e-01	1.530680715746674525e-01	-1.356573253584325012e-01	1.156020874388157121e-01	-3.263525830375904047e-01	1.347684222027509815e-01	-1.142922408087934383e-01	1.065427057124647275e-01	-1.140432828436111073e-01
-6.220083995230591967e-01	1.000000000000000444e+00	-6.178854484747576814e-01	1.683752496377428631e-01	-1.665974902226286525e-01	2.018398549558882427e-01	-3.434204528512844745e-01	2.269715029056442734e-01	-1.566392382963845697e-01	1.593413445423467467e-01	-1.858515239495903970e-01	1.396673487460755592e-01	-1.223986321415218848e-01	1.442558199318940693e-01	-1.036078803997534242e-01	1.324329685786292954e-01	-1.083593854246556881e-01	1.475179698959352970e-01	-1.020524393502520999e-01	1.111604769632279499e-01	-1.055745799779295585e-01	9.662257104733996960e-02	-1.034945617270951884e-01	9.266011372043266026e-02	-7.989585265801242564e-02	2.067051418583223665e-01	-9.126062856553544822e-02	7.682052308153972109e-02	-7.287072937438440756e-02	7.754636472982004425e-02
3.092159342479693374e-01	-6.178854484747576814e-01	1.000000000000000444e+00	-3.400488360476822125e-01	2.472621521011214851e-01	-1.992993393859010254e-01	2.848977945785904908e-01	-3.637816738950478412e-01	2.409037062667542528e-01	-2.520635365230471936e-01	1.920991272146344020e-01	-1.913003879647508509e-01	1.715229316538640636e-01	-2.221567380323301866e-01	1.588515366297557629e-01	-1.858802204354936816e-01	1.534336503444355682e-01	-2.202096936890619028e-01	1.540822738405932535e-01	-1.700771970529208199e-01	1.519340868310277703e-01	-1.402816800668969244e-01	1.522779351825246930e-01	-1.397646739326359744e-01	1.204995018281443120e-01	-3.071654240413997927e-01	1.347310898256836309e-01	-1.139843412633376185e-01	1.091613807478486742e-01	-1.169738935842591365e-01
-1.853974845463026988e-01	1.683752496377428631e-01	-3.400488360476822125e-01	1.000000000000000444e+00	-6.822585533182049522e-01	1.127515408633487648e-01	-1.989940664310561047e-01	2.600698979308017078e-01	-5.324542272201204796e-01	2.525019205032747460e-01	-1.289041490071555218e-01	1.311738651477444839e-01	-1.322037735282138859e-01	2.020679921030168746e-01	-1.542894100154795223e-01	1.135444768167828550e-01	-1.028722831170851143e-01	1.482086522281296503e-01	-1.275406390824116998e-01	1.379436106390122818e-01	-9.694533293911053451e-02	9.125681766127639871e-02	-1.071033494557183385e-01	1.057521868326468245e-01	-9.596973237179272365e-02	1.736022992970491230e-01	-9.626525717846752539e-02	7.965898763280682138e-02	-8.263649265538848543e-02	8.697609799133619590e-02
1.881472530293671896e-01	-1.665974902226286525e-01	2.472621521011214851e-01	-6.822585533182049522e-01	1.000000000000000444e+00	-1.277600451631776546e-01	2.205521964432804460e-01	-3.198702504953869763e-01	3.177584672194567195e-01	-4.090773974814144731e-01	1.493212625697127038e-01	-1.693271027987820754e-01	1.634219168966346558e-01	-2.782499239478939401e-01	2.084826391204083196e-01	-1.510852660836277950e-01	1.355943595334300478e-01	-2.064730839368074944e-01	1.717800670659758167e-01	-1.983752800265545513e-01	1.298248634250666333e-01	-1.231026655607010412e-01	1.444346194425858709e-01	-1.477703063574006825e-01	1.317868421444775562e-01	-2.399307764877048887e-01	1.292632671412083101e-01	-1.087919488108156085e-01	1.131035013463428107e-01	-1.220632998210118975e-01
-3.877523987496068192e-01	2.018398549558882427e-01	-1.992993393859010254e-01	1.127515408633487648e-01	-1.277600451631776546e-01	1.000000000000000444e+00	-3.871468457445239597e-01	2.006752492545058053e-01	-1.269143143196627688e-01	1.399367801711909609e-01	-7.678933941126527829e-01	1.516341136569018810e-01	-1.285651161422822486e-01	1.331723684933918961e-01	-9.511018498998592696e-02	1.689590444031995597e-01	-1.306372816194225905e-01	1.485585927588957966e-01	-9.834828982600085645e-02	1.050785046964790165e-01	-1.232354818146321335e-01	1.070265461808507651e-01	-1.087141357665370733e-01	9.064959898923660719e-02	-7.756001827672973081e-02	2.106514049955716672e-01	-9.430330698227523678e-02	7.865257603510772411e-02	-7.224913478192575289e-02	7.590312056237721872e-02
2.997745475080124677e-01	-3.434204528512844745e-01	2.848977945785904908e-01	-1.989940664310561047e-01	2.205521964432804460e-01	-3.871468457445239597e-01	1.000000000000000222e+00	-4.729026048545330596e-01	2.376223939671988084e-01	-2.643025030910862716e-01	2.791906506576532498e-01	-3.334156710891006403e-01	2.448976108300765508e-01	-2.520220614220911592e-01	1.761529025194167319e-01	-2.388351243890033671e-01	1.964796396750498886e-01	-2.622981719910883469e-01	1.776619263411794714e-01	-1.919151612363058923e-01	1.867499042740670412e-01	-1.732790383232842013e-01	1.829966373181209915e-01	-1.617298081767479800e-01	1.386515992640313388e-01	-3.625037513065097472e-01	1.601815007437015492e-01	-1.351059203501015216e-01	1.271348644620317325e-01	-1.350729694894527710e-01
-2.974145166245950600e-01	2.269715029056442734e-01	-3.637816738950478412e-01	2.600698979308017078e-01	-3.198702504953869763e-01	2.006752492545058053e-01	-4.729026048545330596e-01	1.000000000000000222e+00	-4.974363172653503695e-01	2.585228694040856978e-01	-2.398401702248627865e-01	2.536227966356620067e-01	-3.493057531459439202e-01	2.450108418130886867e-01	-1.837821116243654462e-01	1.725892628534563267e-01	-1.653012690901682902e-01	2.067973037295121330e-01	-1.676802995526502638e-01	1.711581393435509801e-01	-1.457639948583171474e-01	1.362689906798633666e-01	-1.567921879718410516e-01	1.400636466913484646e-01	-1.271227788811314097e-01	2.398528753894680343e-01	-1.400689909541233957e-01	1.129605871427805108e-01	-1.129974480948699317e-01	1.154964151456896737e-01
1.884215692040112078e-01	-1.566392382963845697e-01	2.409037062667542528e-01	-5.324542272201204796e-01	3.177584672194567195e-01	-1.269143143196627688e-01	2.376223939671988084e-01	-4.974363172653503695e-01	1.000000000000000222e+00	-4.277997659828316479e-01	1.502973178363672391e-01	-1.782764992753751443e-01	1.857852708405391129e-01	-3.570929103823419215e-01	2.279130563807391929e-01	-1.368656361206988248e-01	1.289523418258664011e-01	-1.910507455539311727e-01	1.797408372849043090e-01	-1.960160273003398457e-01	1.183915627272360410e-01	-1.134154553826621503e-01	1.372427342106050385e-01	-1.433314222814211503e-01	1.303232072335947234e-01	-2.010378284900632140e-01	1.229107722691662741e-01	-1.018993388143611956e-01	1.096185580375734492e-01	-1.156520545711328951e-01
-2.200900400369726617e-01	1.593413445423467467e-01	-2.520635365230471936e-01	2.525019205032747460e-01	-4.090773974814144731e-01	1.399367801711909609e-01	-2.643025030910862716e-01	2.585228694040856978e-01	-4.277997659828316479e-01	1.000000000000001998e+00	-1.759094325780806989e-01	1.661138657975666511e-01	-1.812945960238072918e-01	3.078435562886691623e-01	-5.731579343161029572e-01	1.450963058876433009e-01	-1.444317262043611216e-01	2.037538723028000653e-01	-2.301911260680505333e-01	2.523080277657044346e-01	-1.315503663048875060e-01	1.253689352526856093e-01	-1.628052763721531404e-01	1.700603672047306392e-01	-1.794115617313740974e-01	2.023597555209235843e-01	-1.520190583285447594e-01	1.204274248701338312e-01	-1.390418511861089834e-01	1.395111608660718761e-01
2.566199794717319294e-01	-1.858515239495903970e-01	1.920991272146344020e-01	-1.289041490071555218e-01	1.493212625697127038e-01	-7.678933941126527829e-01	2.791906506576532498e-01	-2.398401702248627865e-01	1.502973178363672391e-01	-1.759094325780806989e-01	1.000000000000002442e+00	-1.956718976295437062e-01	1.557578968741792913e-01	-1.699455562882821735e-01	1.206275442479187165e-01	-2.685505584384480504e-01	1.742553662900154232e-01	-2.007714595485873832e-01	1.278951035787872226e-01	-1.368833571470662314e-01	1.683337503992635709e-01	-1.469082119481537052e-01	1.446903860810380416e-01	-1.195468184768470749e-01	1.012828172689954481e-01	-2.982683448923930669e-01	1.250099555054952627e-01	-1.052300838128970295e-01	9.509802878409187588e-02	-1.003042139347455480e-01
-1.879431057383857129e-01	1.396673487460755592e-01	-1.913003879647508509e-01	1.311738651477444839e-01	-1.693271027987820754e-01	1.516341136569018810e-01	-3.334156710891006403e-01	2.536227966356620067e-01	-1.782764992753751443e-01	1.661138657975666511e-01	-1.956718976295437062e-01	1.000000000000000222e+00	-8.063326985452639040e-01	2.030305071932934080e-01	-1.410760226885933166e-01	1.768022730390735875e-01	-2.361793089117566469e-01	1.916736294694499076e-01	-1.432354994699125694e-01	1.356857164097104440e-01	-1.414503724472204738e-01	1.443669586948916894e-01	-1.505383706025068546e-01	1.172014804054311715e-01	-1.044685035613440727e-01	1.927722475724530649e-01	-1.245043570205218164e-01	1.003278780597288838e-01	-9.556119046229410996e-02	9.520832037505887191e-02
1.621397041526397576e-01	-1.223986321415218848e-01	1.715229316538640636e-01	-1.322037735282138859e-01	1.634219168966346558e-01	-1.285651161422822486e-01	2.448976108300765508e-01	-3.493057531459439202e-01	1.857852708405391129e-01	-1.812945960238072918e-01	1.557578968741792913e-01	-8.063326985452639040e-01	1.000000000000000666e+00	-2.729489481821892882e-01	1.519043188848883119e-01	-1.640274449654595124e-01	1.753345076374804856e-01	-2.141128070826515406e-01	1.520761327551009567e-01	-1.463716121251715518e-01	1.285101980382753195e-01	-1.337915610773974251e-01	1.435100090692928432e-01	-1.217557927999082246e-01	1.068533247147824689e-01	-1.874661986276925929e-01	1.183696771170365536e-01	-9.801141359517692719e-02	9.575322683812592661e-02	-9.725036608998056942e-02
-2.018313879436643421e-01	1.442558199318940693e-01	-2.221567380323301866e-01	2.020679921030168746e-01	-2.782499239478939401e-01	1.331723684933918961e-01	-2.520220614220911592e-01	2.450108418130886867e-01	-3.570929103823419215e-01	3.078435562886691623e-01	-1.699455562882821735e-01	2.030305071932934080e-01	-2.729489481821892882e-01	1.000000000000002665e+00	-5.441167505666332227e-01	1.517941401046099814e-01	-1.603593678498985708e-01	2.412318207097319533e-01	-4.379041283338573898e-01	2.957823857034358461e-01	-1.403304993392891498e-01	1.376959708076668509e-01	-1.896652523950679847e-01	2.150282971618135142e-01	-2.110924428107431028e-01	2.011913403407465939e-01	-1.707390612301773747e-01	1.364797117896892620e-01	-1.675693446172444867e-01	1.614396362619483771e-01
1.437893524056725325e-01	-1.036078803997534242e-01	1.588515366297557629e-01	-1.542894100154795223e-01	2.084826391204083196e-01	-9.511018498998592696e-02	1.761529025194167319e-01	-1.837821116243654462e-01	2.279130563807391929e-01	-5.731579343161029572e-01	1.206275442479187165e-01	-1.410760226885933166e-01	1.519043188848883119e-01	-5.441167505666332227e-01	1.000000000000000444e+00	-1.138009577814472761e-01	1.169951435956919361e-01	-1.928243990485990489e-01	2.622500886642998852e-01	-4.712256299976805840e-01	1.048602004205730631e-01	-1.043571521299427873e-01	1.430314428724849263e-01	-1.849175590795464341e-01	1.916090699914425322e-01	-1.543471950365012391e-01	1.301495030548745491e-01	-1.079987226042547904e-01	1.361266051176329706e-01	-1.481314891058351790e-01
-2.036519554210292071e-01	1.324329685786292954e-01	-1.858802204354936816e-01	1.135444768167828550e-01	-1.510852660836277950e-01	1.689590444031995597e-01	-2.388351243890033671e-01	1.725892628534563267e-01	-1.368656361206988248e-01	1.450963058876433009e-01	-2.685505584384480504e-01	1.768022730390735875e-01	-1.640274449654595124e-01	1.517941401046099814e-01	-1.138009577814472761e-01	9.999999999999997780e-01	-6.229193938702951572e-01	2.318149989637639796e-01	-1.384107029472906591e-01	1.335316953654653305e-01	-5.321137042851284971e-01	3.036393250041300451e-01	-2.384994163568449344e-01	1.344520745990912258e-01	-1.132609765704796628e-01	2.877384791154110055e-01	-1.844826212364353013e-01	1.444398495677602368e-01	-1.157066651231713067e-01	1.112557648891918660e-01
1.593786420544096583e-01	-1.083593854246556881e-01	1.534336503444355682e-01	-1.028722831170851143e-01	1.355943595334300478e-01	-1.306372816194225905e-01	1.964796396750498886e-01	-1.653012690901682902e-01	1.289523418258664011e-01	-1.444317262043611216e-01	1.742553662900154232e-01	-2.361793089117566469e-01	1.753345076374804856e-01	-1.603593678498985708e-01	1.169951435956919361e-01	-6.229193938702951572e-01	1.000000000000000444e+00	-3.112250701963547028e-01	1.513116384109086110e-01	-1.450994732786879682e-01	3.118711662749240610e-01	-5.338213583643866000e-01	2.555662273597951728e-01	-1.488768263924782898e-01	1.195387595671053294e-01	-2.922721297021935172e-01	1.823256550795597786e-01	-1.599275392750394986e-01	1.217237337098979605e-01	-1.204784040723131389e-01
-2.213128359420647451e-01	1.475179698959352970e-01	-2.202096936890619028e-01	1.482086522281296503e-01	-2.064730839368074944e-01	1.485585927588957966e-01	-2.622981719910883469e-01	2.067973037295121330e-01	-1.910507455539311727e-01	2.037538723028000653e-01	-2.007714595485873832e-01	1.916736294694499076e-01	-2.141128070826515406e-01	2.412318207097319533e-01	-1.928243990485990489e-01	2.318149989637639796e-01	-3.112250701963547028e-01	1.000000000000000000e+00	-4.096609198282967768e-01	2.414828216364138247e-01	-2.472970095135478552e-01	2.598008270908704342e-01	-5.541892669994903375e-01	2.476178387419705751e-01	-2.143691458674816530e-01	2.638353662068994576e-01	-2.976965106755582458e-01	2.341533670011651802e-01	-2.094588725526303485e-01	1.865029482137594563e-01
1.464105721369896862e-01	-1.020524393502520999e-01	1.540822738405932535e-01	-1.275406390824116998e-01	1.717800670659758167e-01	-9.834828982600085645e-02	1.776619263411794714e-01	-1.676802995526502638e-01	1.797408372849043090e-01	-2.301911260680505333e-01	1.278951035787872226e-01	-1.432354994699125694e-01	1.520761327551009567e-01	-4.379041283338573898e-01	2.622500886642998852e-01	-1.384107029472906591e-01	1.513116384109086110e-01	-4.096609198282967768e-01	9.999999999999982236e-01	-5.444354082581996934e-01	1.336173837583919666e-01	-1.418305707420814132e-01	2.204423541084525595e-01	-4.445248472050900568e-01	2.690171207044799173e-01	-1.780910070372472287e-01	1.799596767206918524e-01	-1.589063108009042269e-01	2.146805732801829736e-01	-2.181135437946808420e-01
-1.604993382720916184e-01	1.111604769632279499e-01	-1.700771970529208199e-01	1.379436106390122818e-01	-1.983752800265545513e-01	1.050785046964790165e-01	-1.919151612363058923e-01	1.711581393435509801e-01	-1.960160273003398457e-01	2.523080277657044346e-01	-1.368833571470662314e-01	1.356857164097104440e-01	-1.463716121251715518e-01	2.957823857034358461e-01	-4.712256299976805840e-01	1.335316953654653305e-01	-1.450994732786879682e-01	2.414828216364138247e-01	-5.444354082581996934e-01	1.000000000000002887e+00	-1.302886838350379994e-01	1.314048800049210930e-01	-1.992875480524422538e-01	2.782149341144387611e-01	-4.482400417739113019e-01	1.750380333012870049e-01	-1.856785474900910504e-01	1.504895381980936864e-01	-2.199169720203164591e-01	2.250315339967711437e-01
1.596771865735651386e-01	-1.055745799779295585e-01	1.519340868310277703e-01	-9.694533293911053451e-02	1.298248634250666333e-01	-1.232354818146321335e-01	1.867499042740670412e-01	-1.457639948583171474e-01	1.183915627272360410e-01	-1.315503663048875060e-01	1.683337503992635709e-01	-1.414503724472204738e-01	1.285101980382753195e-01	-1.403304993392891498e-01	1.048602004205730631e-01	-5.321137042851284971e-01	3.118711662749240610e-01	-2.472970095135478552e-01	1.336173837583919666e-01	-1.302886838350379994e-01	1.000000000000002665e+00	-5.440040310631619747e-01	2.453808616837476753e-01	-1.378451176903484621e-01	1.107711439394677144e-01	-5.032686783034188149e-01	1.854413477211256933e-01	-1.581354188812302830e-01	1.157575289901468379e-01	-1.133179097002457447e-01
-1.453091160339700927e-01	9.662257104733996960e-02	-1.402816800668969244e-01	9.125681766127639871e-02	-1.231026655607010412e-01	1.070265461808507651e-01	-1.732790383232842013e-01	1.362689906798633666e-01	-1.134154553826621503e-01	1.253689352526856093e-01	-1.469082119481537052e-01	1.443669586948916894e-01	-1.337915610773974251e-01	1.376959708076668509e-01	-1.043571521299427873e-01	3.036393250041300451e-01	-5.338213583643866000e-01	2.598008270908704342e-01	-1.418305707420814132e-01	1.314048800049210930e-01	-5.440040310631619747e-01	1.000000000000002665e+00	-4.703220779351987568e-01	1.501694661392465602e-01	-1.192733421803455485e-01	2.663154045652662005e-01	-2.410932164558803048e-01	1.912728487259672816e-01	-1.309760203565066283e-01	1.205559679988914418e-01
1.530680715746674525e-01	-1.034945617270951884e-01	1.522779351825246930e-01	-1.071033494557183385e-01	1.444346194425858709e-01	-1.087141357665370733e-01	1.829966373181209915e-01	-1.567921879718410516e-01	1.372427342106050385e-01	-1.628052763721531404e-01	1.446903860810380416e-01	-1.505383706025068546e-01	1.435100090692928432e-01	-1.896652523950679847e-01	1.430314428724849263e-01	-2.384994163568449344e-01	2.555662273597951728e-01	-5.541892669994903375e-01	2.204423541084525595e-01	-1.992875480524422538e-01	2.453808616837476753e-01	-4.703220779351987568e-01	1.000000000000002887e+00	-2.767638593693786397e-01	1.824030658356768919e-01	-2.850965054490074424e-01	2.838850669979461894e-01	-4.001327327399779032e-01	2.059100935526440856e-01	-1.914349551239363789e-01
-1.356573253584325012e-01	9.266011372043266026e-02	-1.397646739326359744e-01	1.057521868326468245e-01	-1.477703063574006825e-01	9.064959898923660719e-02	-1.617298081767479800e-01	1.400636466913484646e-01	-1.433314222814211503e-01	1.700603672047306392e-01	-1.195468184768470749e-01	1.172014804054311715e-01	-1.217557927999082246e-01	2.150282971618135142e-01	-1.849175590795464341e-01	1.344520745990912258e-01	-1.488768263924782898e-01	2.476178387419705751e-01	-4.445248472050900568e-01	2.782149341144387611e-01	-1.378451176903484621e-01	1.501694661392465602e-01	-2.767638593693786397e-01	1.000000000000002665e+00	-5.267251860724296852e-01	1.742640252594883643e-01	-2.415395936344778005e-01	2.149214358425540206e-01	-5.096425232183472431e-01	3.093362138178351595e-01
1.156020874388157121e-01	-7.989585265801242564e-02	1.204995018281443120e-01	-9.596973237179272365e-02	1.317868421444775562e-01	-7.756001827672973081e-02	1.386515992640313388e-01	-1.271227788811314097e-01	1.303232072335947234e-01	-1.794115617313740974e-01	1.012828172689954481e-01	-1.044685035613440727e-01	1.068533247147824689e-01	-2.110924428107431028e-01	1.916090699914425322e-01	-1.132609765704796628e-01	1.195387595671053294e-01	-2.143691458674816530e-01	2.690171207044799173e-01	-4.482400417739113019e-01	1.107711439394677144e-01	-1.192733421803455485e-01	1.824030658356768919e-01	-5.267251860724296852e-01	1.000000000000002220e+00	-1.519312590009855302e-01	1.800718820054897085e-01	-1.706160460962019287e-01	3.003534429794112448e-01	-5.788269600442368379e-01
-3.263525830375904047e-01	2.067051418583223665e-01	-3.071654240413997927e-01	1.736022992970491230e-01	-2.399307764877048887e-01	2.106514049955716672e-01	-3.625037513065097472e-01	2.398528753894680343e-01	-2.010378284900632140e-01	2.023597555209235843e-01	-2.982683448923930669e-01	1.927722475724530649e-01	-1.874661986276925929e-01	2.011913403407465939e-01	-1.543471950365012391e-01	2.877384791154110055e-01	-2.922721297021935172e-01	2.638353662068994576e-01	-1.780910070372472287e-01	1.750380333012870049e-01	-5.032686783034188149e-01	2.663154045652662005e-01	-2.850965054490074424e-01	1.742640252594883643e-01	-1.519312590009855302e-01	1.000000000000002220e+00	-2.927152817062489976e-01	1.956180402289289244e-01	-1.579358942205752458e-01	1.484384565954954549e-01
1.347684222027509815e-01	-9.126062856553544822e-02	1.347310898256836309e-01	-9.626525717846752539e-02	1.292632671412083101e-01	-9.430330698227523678e-02	1.601815007437015492e-01	-1.400689909541233957e-01	1.229107722691662741e-01	-1.520190583285447594e-01	1.250099555054952627e-01	-1.245043570205218164e-01	1.183696771170365536e-01	-1.707390612301773747e-01	1.301495030548745491e-01	-1.844826212364353013e-01	1.823256550795597786e-01	-2.976965106755582458e-01	1.799596767206918524e-01	-1.856785474900910504e-01	1.854413477211256933e-01	-2.410932164558803048e-01	2.838850669979461894e-01	-2.415395936344778005e-01	1.800718820054897085e-01	-2.927152817062489976e-01	1.000000000000001998e+00	-7.539580748632387364e-01	2.467260118594334917e-01	-2.474693055056962909e-01
-1.142922408087934383e-01	7.682052308153972109e-02	-1.139843412633376185e-01	7.965898763280682138e-02	-1.087919488108156085e-01	7.865257603510772411e-02	-1.351059203501015216e-01	1.129605871427805108e-01	-1.018993388143611956e-01	1.204274248701338312e-01	-1.052300838128970295e-01	1.003278780597288838e-01	-9.801141359517692719e-02	1.364797117896892620e-01	-1.079987226042547904e-01	1.444398495677602368e-01	-1.599275392750394986e-01	2.341533670011651802e-01	-1.589063108009042269e-01	1.504895381980936864e-01	-1.581354188812302830e-01	1.912728487259672816e-01	-4.001327327399779032e-01	2.149214358425540206e-01	-1.706160460962019287e-01	1.956180402289289244e-01	-7.539580748632387364e-01	1.000000000000001998e+00	-3.631451925098241329e-01	2.139125725829562341e-01
1.065427057124647275e-01	-7.287072937438440756e-02	1.091613807478486742e-01	-8.263649265538848543e-02	1.131035013463428107e-01	-7.224913478192575289e-02	1.271348644620317325e-01	-1.129974480948699317e-01	1.096185580375734492e-01	-1.390418511861089834e-01	9.509802878409187588e-02	-9.556119046229410996e-02	9.575322683812592661e-02	-1.675693446172444867e-01	1.361266051176329706e-01	-1.157066651231713067e-01	1.217237337098979605e-01	-2.094588725526303485e-01	2.146805732801829736e-01	-2.199169720203164591e-01	1.157575289901468379e-01	-1.309760203565066283e-01	2.059100935526440856e-01	-5.096425232183472431e-01	3.003534429794112448e-01	-1.579358942205752458e-01	2.467260118594334917e-01	-3.631451925098241329e-01	1.000000000000001998e+00	-6.479819074730873707e-01
-1.140432828436111073e-01	7.754636472982004425e-02	-1.169738935842591365e-01	8.697609799133619590e-02	-1.220632998210118975e-01	7.590312056237721872e-02	-1.350729694894527710e-01	1.154964151456896737e-01	-1.156520545711328951e-01	1.395111608660718761e-01	-1.003042139347455480e-01	9.520832037505887191e-02	-9.725036608998056942e-02	1.614396362619483771e-01	-1.481314891058351790e-01	1.112557648891918660e-01	-1.204784040723131389e-01	1.865029482137594563e-01	-2.181135437946808420e-01	2.250315339967711437e-01	-1.133179097002457447e-01	1.205559679988914418e-01	-1.914349551239363789e-01	3.093362138178351595e-01	-5.788269600442368379e-01	1.484384565954954549e-01	-2.474693055056962909e-01	2.139125725829562341e-01	-6.479819074730873707e-01	1.000000000000001998e+00
