1.000000000000000000e+00	-6.571543488999536109e-01	2.715751465822030530e-01	-2.554619634514000426e-01	1.740507434386217578e-01	-4.045562866646408851e-01	2.756960283989363658e-01	-2.288381277547732462e-01	2.106478073110338578e-01	-1.350167203138246952e-01	1.313039536079695369e-01	-1.341874544641736278e-01	1.530672888216310368e-01	-1.732831942000902792e-01	1.539546953957631470e-01	-7.785937006367711632e-02	1.084439080699479835e-01	-1.313215190761403695e-01	1.181734726100697880e-01	-1.266733737966469486e-01	9.399124526860123952e-02	-8.691016684409513804e-02	1.125664892126731209e-01	-1.059630864865339500e-01	1.272930515096514226e-01	-1.953796154817585284e-01	1.185454860209368411e-01	-1.130498089415530871e-01	1.112607527505274502e-01	-3.349150325593071020e-01
-6.571543488999536109e-01	1.000000000000000000e+00	-4.604807350209065842e-01	2.139499802972362197e-01	-1.602071721042122032e-01	2.755174334029236727e-01	-4.115504043664498512e-01	2.066418583358836381e-01	-2.066410404524960387e-01	1.104386564916108870e-01	-1.115206874749721244e-01	1.105298756389777037e-01	-1.276420572360701111e-01	1.311088799112588021e-01	-1.300245678095342527e-01	5.915269671598913370e-02	-7.937995347381524014e-02	9.757698921286335481e-02	-8.902126808046571804e-02	9.331954078744691961e-02	-7.153200751408243796e-02	6.248855008771612290e-02	-8.351633212507718340e-02	7.751621021857388327e-02	-9.457296192856595729e-02	1.265330892957844955e-01	-8.272067596537754919e-02	7.644773101987434316e-02	-7.612758341424914754e-02	2.008703044500885770e-01
2.715751465822030530e-01	-4.604807350209065842e-01	1.000000000000000000e+00	-5.122003137240229709e-01	2.288028180854910776e-01	-1.715001422527099029e-01	1.665362052379210644e-01	-5.049620191189446716e-01	2.940999474586377671e-01	-1.648111871972228748e-01	1.070694569511851102e-01	-1.103688933271162326e-01	1.703818378749429596e-01	-1.810020081905705513e-01	1.696721357188438473e-01	-6.555049162197351675e-02	9.420005161117847581e-02	-1.289465633682229107e-01	1.155437071534084342e-01	-1.243017436426004790e-01	7.944267059897314187e-02	-7.549603478307370663e-02	1.064976835710315234e-01	-1.007016799777045724e-01	1.206572542398039738e-01	-1.587246726841663458e-01	1.005425787614410704e-01	-9.813436172528805512e-02	9.651039828689264577e-02	-2.643510454974306034e-01
-2.554619634514000426e-01	2.139499802972362197e-01	-5.122003137240229709e-01	1.000000000000000666e+00	-5.818571693368193021e-01	1.235709557081365317e-01	-1.258593539821097063e-01	2.612014870512539555e-01	-3.685372998260199595e-01	2.438723167119661028e-01	-1.006124467219432356e-01	9.837770429800550553e-02	-1.585555849951843510e-01	1.723740569429836889e-01	-2.673964039911351231e-01	6.316756538372539365e-02	-9.277367236041757226e-02	1.247512526519271442e-01	-1.233858557277531381e-01	1.396517412886384424e-01	-7.773850934609502494e-02	7.391716099668031725e-02	-1.091027207683629985e-01	1.043903871596495447e-01	-1.363308681044486936e-01	1.486770937176692120e-01	-9.874543699482826731e-02	9.571583660962110218e-02	-9.581843237519896417e-02	2.407584928882463560e-01
1.740507434386217578e-01	-1.602071721042122032e-01	2.288028180854910776e-01	-5.818571693368193021e-01	1.000000000000000666e+00	-1.005253374743442646e-01	9.298649537236465534e-02	-2.020922723065447235e-01	2.324180485726196621e-01	-5.646987478259902771e-01	9.611337397594214849e-02	-9.569716633816886808e-02	1.507741327706803580e-01	-1.922931771462567663e-01	2.905075887349377051e-01	-6.582400520011910672e-02	9.973470709176716908e-02	-1.359201345649961035e-01	1.354067451382749976e-01	-1.733693828956083538e-01	8.093040205401744180e-02	-8.088963390688105881e-02	1.178586466299477303e-01	-1.174597021737884966e-01	1.492637024557543213e-01	-1.760115249763211376e-01	1.096799673192027924e-01	-1.117466055477910475e-01	1.093606613129157051e-01	-3.092960011546972421e-01
-4.045562866646408851e-01	2.755174334029236727e-01	-1.715001422527099029e-01	1.235709557081365317e-01	-1.005253374743442646e-01	1.000000000000001332e+00	-8.307157642840714562e-01	1.233368771262464136e-01	-1.310776179335211566e-01	7.301944401764677572e-02	-1.592825365595749443e-01	1.419717303612727521e-01	-1.044718890645648657e-01	1.035959241381249341e-01	-8.973023049399427020e-02	6.258534159183261336e-02	-7.118334212556069740e-02	7.832792216530333473e-02	-6.905010651823918766e-02	6.936617151620497190e-02	-7.307291047246654292e-02	5.463277292855011485e-02	-6.621001322164005165e-02	6.020916314637009270e-02	-7.144696933359931390e-02	1.005304854934376130e-01	-6.865282322612462074e-02	5.905822534110653776e-02	-5.876204787345314096e-02	1.445155705613467845e-01
2.756960283989363658e-01	-4.115504043664498512e-01	1.665362052379210644e-01	-1.258593539821097063e-01	9.298649537236465534e-02	-8.307157642840714562e-01	1.000000000000001110e+00	-1.271257842262050186e-01	1.205304431339620508e-01	-6.917607654753109292e-02	1.361100161411927245e-01	-1.565858803907979047e-01	9.941406585181677968e-02	-1.003605234452998873e-01	8.236523071791401751e-02	-5.714787459754393228e-02	6.564542089307799644e-02	-7.467519225047163089e-02	6.491716353159847352e-02	-6.553246358336543842e-02	6.558718216282927171e-02	-5.087646322249685105e-02	6.202981215196119030e-02	-5.681848640854601784e-02	6.656055566037939741e-02	-9.537070422711753370e-02	6.357502510426178699e-02	-5.589824902437147414e-02	5.520107430442080382e-02	-1.394614981062600179e-01
-2.288381277547732462e-01	2.066418583358836381e-01	-5.049620191189446716e-01	2.612014870512539555e-01	-2.020922723065447235e-01	1.233368771262464136e-01	-1.271257842262050186e-01	1.000000000000001554e+00	-6.841797644333009742e-01	1.558417321836691460e-01	-1.208563688367858269e-01	1.225183454508183695e-01	-2.907538829846758599e-01	2.138569731014759168e-01	-1.746996822881158318e-01	6.981548089492330134e-02	-1.001491196789155713e-01	1.491907533361904459e-01	-1.295451866181571710e-01	1.267654395884204865e-01	-8.450493078605365860e-02	7.903868677759882944e-02	-1.199771802779039248e-01	1.086616002189324387e-01	-1.269010842891511726e-01	1.498613126984036925e-01	-1.017320745825756600e-01	9.739955707783305716e-02	-9.690051418057471500e-02	2.290878885210287930e-01
2.106478073110338578e-01	-2.066410404524960387e-01	2.940999474586377671e-01	-3.685372998260199595e-01	2.324180485726196621e-01	-1.310776179335211566e-01	1.205304431339620508e-01	-6.841797644333009742e-01	1.000000000000000666e+00	-2.281113365645744406e-01	1.259853248236337542e-01	-1.310317125510434277e-01	2.248643975836499831e-01	-2.600380390248718254e-01	2.096099168602082452e-01	-8.191680315503782617e-02	1.208829007631053165e-01	-1.732593180129225197e-01	1.530549211397197740e-01	-1.631437277362581817e-01	9.936578079491664717e-02	-9.765801669331308776e-02	1.400563256947552071e-01	-1.336788844480494565e-01	1.559048725240979594e-01	-2.077312555018852869e-01	1.299130433183113831e-01	-1.293090730063488625e-01	1.262300959331592587e-01	-3.472499365721660736e-01
-1.350167203138246952e-01	1.104386564916108870e-01	-1.648111871972228748e-01	2.438723167119661028e-01	-5.646987478259902771e-01	7.301944401764677572e-02	-6.917607654753109292e-02	1.558417321836691460e-01	-2.281113365645744406e-01	1.000000000000000888e+00	-8.061624995960450790e-02	7.845486047955056719e-02	-1.358552401969031764e-01	1.694642442149457695e-01	-6.881520158815465082e-01	5.372536009431662374e-02	-8.179759603706837634e-02	1.172629376129014217e-01	-1.331905512747562914e-01	1.745249621765621317e-01	-6.615304947060562935e-02	6.586337998807097194e-02	-1.056053216643878800e-01	1.068673310867431225e-01	-1.537426060680605611e-01	1.301263271641504571e-01	-8.700615426550084575e-02	8.844531715789824555e-02	-8.840616658160116437e-02	2.144321504691438229e-01
1.313039536079695369e-01	-1.115206874749721244e-01	1.070694569511851102e-01	-1.006124467219432356e-01	9.611337397594214849e-02	-1.592825365595749443e-01	1.361100161411927245e-01	-1.208563688367858269e-01	1.259853248236337542e-01	-8.061624995960450790e-02	1.000000000000000666e+00	-8.374824394979895059e-01	2.226339790193527790e-01	-2.252088787653394597e-01	1.074992713324649379e-01	-2.706877391939360722e-01	1.669452613203054880e-01	-1.614390433662342694e-01	1.215836814359748247e-01	-1.083072822485258019e-01	2.055263366635391165e-01	-1.277525503202949497e-01	1.200020818969046998e-01	-1.067308044580774773e-01	1.098464251563671251e-01	-1.830950037672120223e-01	1.282290800930070418e-01	-9.796482547356219484e-02	9.350735745248528463e-02	-1.807987432262726790e-01
-1.341874544641736278e-01	1.105298756389777037e-01	-1.103688933271162326e-01	9.837770429800550553e-02	-9.569716633816886808e-02	1.419717303612727521e-01	-1.565858803907979047e-01	1.225183454508183695e-01	-1.310317125510434277e-01	7.845486047955056719e-02	-8.374824394979895059e-01	9.999999999999996669e-01	-3.189056979688590365e-01	2.051006426627924872e-01	-1.064362971919084744e-01	1.908946155701832792e-01	-1.744954206153207787e-01	1.563499206710941003e-01	-1.207438147261345740e-01	1.030151900248246766e-01	-2.136803966676612265e-01	1.200986616892111974e-01	-1.208711582560573761e-01	1.022600125702622514e-01	-1.077668962595780822e-01	1.609730755308609318e-01	-1.258974069070497304e-01	9.149594399201589623e-02	-8.947546481472933022e-02	1.615855210367163619e-01
1.530672888216310368e-01	-1.276420572360701111e-01	1.703818378749429596e-01	-1.585555849951843510e-01	1.507741327706803580e-01	-1.044718890645648657e-01	9.941406585181677968e-02	-2.907538829846758599e-01	2.248643975836499831e-01	-1.358552401969031764e-01	2.226339790193527790e-01	-3.189056979688590365e-01	1.000000000000001332e+00	-6.636635122239931128e-01	1.825589324348532716e-01	-1.170861242840143396e-01	1.616618633357060075e-01	-4.103754398448065666e-01	2.400697638399129086e-01	-1.905472959265937516e-01	1.324729437149458899e-01	-1.282582908430628943e-01	2.199078589885972712e-01	-1.951589406082853417e-01	1.856662465974000809e-01	-1.961485378269143820e-01	1.439830103634308633e-01	-1.436469147745736141e-01	1.381232472596556626e-01	-2.445101596780724917e-01
-1.732831942000902792e-01	1.311088799112588021e-01	-1.810020081905705513e-01	1.723740569429836889e-01	-1.922931771462567663e-01	1.035959241381249341e-01	-1.003605234452998873e-01	2.138569731014759168e-01	-2.600380390248718254e-01	1.694642442149457695e-01	-2.252088787653394597e-01	2.051006426627924872e-01	-6.636635122239931128e-01	1.000000000000000666e+00	-2.778322468092297992e-01	1.185783587529934541e-01	-1.706190265376819615e-01	2.801784842684321708e-01	-3.764969189722667253e-01	2.271096045786486217e-01	-1.449642044209520364e-01	1.316308103005258967e-01	-2.473562142456693924e-01	2.177693522604333409e-01	-2.383043804139303445e-01	1.975444749816810952e-01	-1.590538266008653945e-01	1.520521420231662479e-01	-1.585131746480927806e-01	2.486253775076464057e-01
1.539546953957631470e-01	-1.300245678095342527e-01	1.696721357188438473e-01	-2.673964039911351231e-01	2.905075887349377051e-01	-8.973023049399427020e-02	8.236523071791401751e-02	-1.746996822881158318e-01	2.096099168602082452e-01	-6.881520158815465082e-01	1.074992713324649379e-01	-1.064362971919084744e-01	1.825589324348532716e-01	-2.778322468092297992e-01	9.999999999999998890e-01	-7.420873773079111890e-02	1.140881132823966249e-01	-1.699369697728219386e-01	1.916645704668278882e-01	-3.280551467591082959e-01	9.088646568384363411e-02	-9.299162128114277226e-02	1.481103792320491719e-01	-1.569491368719316271e-01	2.111260562507956684e-01	-1.896797672550656066e-01	1.225717923749259780e-01	-1.289624555383790117e-01	1.261180986856567099e-01	-3.256779674967802407e-01
-7.785937006367711632e-02	5.915269671598913370e-02	-6.555049162197351675e-02	6.316756538372539365e-02	-6.582400520011910672e-02	6.258534159183261336e-02	-5.714787459754393228e-02	6.981548089492330134e-02	-8.191680315503782617e-02	5.372536009431662374e-02	-2.706877391939360722e-01	1.908946155701832792e-01	-1.170861242840143396e-01	1.185783587529934541e-01	-7.420873773079111890e-02	9.999999999999984457e-01	-3.678840076668664083e-01	1.256655464390552257e-01	-9.005425378769540967e-02	7.887914302174101056e-02	-8.268402054016711356e-01	2.028575403837881985e-01	-1.039416062880924585e-01	8.325446776973287333e-02	-8.463354269773057381e-02	2.028610386594507653e-01	-1.681882942540062487e-01	8.736068588513459798e-02	-8.188292035929130297e-02	1.349081351395781114e-01
1.084439080699479835e-01	-7.937995347381524014e-02	9.420005161117847581e-02	-9.277367236041757226e-02	9.973470709176716908e-02	-7.118334212556069740e-02	6.564542089307799644e-02	-1.001491196789155713e-01	1.208829007631053165e-01	-8.179759603706837634e-02	1.669452613203054880e-01	-1.744954206153207787e-01	1.616618633357060075e-01	-1.706190265376819615e-01	1.140881132823966249e-01	-3.678840076668664083e-01	1.000000000000000444e+00	-2.668111558443546083e-01	1.516803223784683186e-01	-1.308542309341200749e-01	2.626770650739612689e-01	-6.651712598547384614e-01	1.912456489801094284e-01	-1.475901955998576709e-01	1.398365997499851909e-01	-3.888025987608059730e-01	2.969358097453814738e-01	-1.578914647732871379e-01	1.401111264541784196e-01	-2.186857544867583658e-01
-1.313215190761403695e-01	9.757698921286335481e-02	-1.289465633682229107e-01	1.247512526519271442e-01	-1.359201345649961035e-01	7.832792216530333473e-02	-7.467519225047163089e-02	1.491907533361904459e-01	-1.732593180129225197e-01	1.172629376129014217e-01	-1.614390433662342694e-01	1.563499206710941003e-01	-4.103754398448065666e-01	2.801784842684321708e-01	-1.699369697728219386e-01	1.256655464390552257e-01	-2.668111558443546083e-01	1.000000000000001332e+00	-4.313077273746492302e-01	2.315427954723026371e-01	-1.461735538538975754e-01	1.823593064808304576e-01	-5.879011924048230808e-01	2.933723137029934369e-01	-2.671355588228559452e-01	2.099621139523971669e-01	-1.874654065288931526e-01	1.907173107846554250e-01	-1.926688531912114088e-01	2.280799815263535313e-01
1.181734726100697880e-01	-8.902126808046571804e-02	1.155437071534084342e-01	-1.233858557277531381e-01	1.354067451382749976e-01	-6.905010651823918766e-02	6.491716353159847352e-02	-1.295451866181571710e-01	1.530549211397197740e-01	-1.331905512747562914e-01	1.215836814359748247e-01	-1.207438147261345740e-01	2.400697638399129086e-01	-3.764969189722667253e-01	1.916645704668278882e-01	-9.005425378769540967e-02	1.516803223784683186e-01	-4.313077273746492302e-01	9.999999999999993339e-01	-5.052359999464596241e-01	1.060371680322694798e-01	-1.273697122337315024e-01	2.914501616838566789e-01	-5.202099098814555456e-01	3.112536308254176820e-01	-1.831248432896381007e-01	1.407782794347526567e-01	-1.692382180148909177e-01	1.624974703746343563e-01	-2.361366915988949433e-01
-1.266733737966469486e-01	9.331954078744691961e-02	-1.243017436426004790e-01	1.396517412886384424e-01	-1.733693828956083538e-01	6.936617151620497190e-02	-6.553246358336543842e-02	1.267654395884204865e-01	-1.631437277362581817e-01	1.745249621765621317e-01	-1.083072822485258019e-01	1.030151900248246766e-01	-1.905472959265937516e-01	2.271096045786486217e-01	-3.280551467591082959e-01	7.887914302174101056e-02	-1.308542309341200749e-01	2.315427954723026371e-01	-5.052359999464596241e-01	1.000000000000002220e+00	-9.666464647870855187e-02	1.065699257183308352e-01	-2.352895971866257041e-01	2.847570991081490033e-01	-6.578286917840575621e-01	1.661067203526404301e-01	-1.303172891946874079e-01	1.450565255615039739e-01	-1.506038464438075319e-01	2.400598593617571941e-01
9.399124526860123952e-02	-7.153200751408243796e-02	7.944267059897314187e-02	-7.773850934609502494e-02	8.093040205401744180e-02	-7.307291047246654292e-02	6.558718216282927171e-02	-8.450493078605365860e-02	9.936578079491664717e-02	-6.615304947060562935e-02	2.055263366635391165e-01	-2.136803966676612265e-01	1.324729437149458899e-01	-1.449642044209520364e-01	9.088646568384363411e-02	-8.268402054016711356e-01	2.626770650739612689e-01	-1.461735538538975754e-01	1.060371680322694798e-01	-9.666464647870855187e-02	1.000000000000000666e+00	-2.483537478220532724e-01	1.199902090206843297e-01	-1.003692939780597426e-01	1.021338480484647177e-01	-2.886077307665105840e-01	1.861303405372145281e-01	-1.094476508110115986e-01	1.006915710402661313e-01	-1.777603909046990005e-01
-8.691016684409513804e-02	6.248855008771612290e-02	-7.549603478307370663e-02	7.391716099668031725e-02	-8.088963390688105881e-02	5.463277292855011485e-02	-5.087646322249685105e-02	7.903868677759882944e-02	-9.765801669331308776e-02	6.586337998807097194e-02	-1.277525503202949497e-01	1.200986616892111974e-01	-1.282582908430628943e-01	1.316308103005258967e-01	-9.299162128114277226e-02	2.028575403837881985e-01	-6.651712598547384614e-01	1.823593064808304576e-01	-1.273697122337315024e-01	1.065699257183308352e-01	-2.483537478220532724e-01	9.999999999999987788e-01	-1.994985837163120168e-01	1.282629745712600133e-01	-1.197641201591963245e-01	2.902505095703525884e-01	-5.765436742232410428e-01	1.407542445131759190e-01	-1.282489497359020347e-01	1.670583016334433735e-01
1.125664892126731209e-01	-8.351633212507718340e-02	1.064976835710315234e-01	-1.091027207683629985e-01	1.178586466299477303e-01	-6.621001322164005165e-02	6.202981215196119030e-02	-1.199771802779039248e-01	1.400563256947552071e-01	-1.056053216643878800e-01	1.200020818969046998e-01	-1.208711582560573761e-01	2.199078589885972712e-01	-2.473562142456693924e-01	1.481103792320491719e-01	-1.039416062880924585e-01	1.912456489801094284e-01	-5.879011924048230808e-01	2.914501616838566789e-01	-2.352895971866257041e-01	1.199902090206843297e-01	-1.994985837163120168e-01	1.000000000000000444e+00	-5.605188001215730687e-01	2.515577701101772701e-01	-2.076545618679707106e-01	1.762446100620315981e-01	-2.888895332256610771e-01	2.159579214238721567e-01	-2.371427832884958620e-01
-1.059630864865339500e-01	7.751621021857388327e-02	-1.007016799777045724e-01	1.043903871596495447e-01	-1.174597021737884966e-01	6.020916314637009270e-02	-5.681848640854601784e-02	1.086616002189324387e-01	-1.336788844480494565e-01	1.068673310867431225e-01	-1.067308044580774773e-01	1.022600125702622514e-01	-1.951589406082853417e-01	2.177693522604333409e-01	-1.569491368719316271e-01	8.325446776973287333e-02	-1.475901955998576709e-01	2.933723137029934369e-01	-5.202099098814555456e-01	2.847570991081490033e-01	-1.003692939780597426e-01	1.282629745712600133e-01	-5.605188001215730687e-01	1.000000000000000222e+00	-4.822147751938256621e-01	1.668479436025296081e-01	-1.427995062931358972e-01	1.922967727798610138e-01	-2.132604837829099043e-01	2.139580580882427530e-01
1.272930515096514226e-01	-9.457296192856595729e-02	1.206572542398039738e-01	-1.363308681044486936e-01	1.492637024557543213e-01	-7.144696933359931390e-02	6.656055566037939741e-02	-1.269010842891511726e-01	1.559048725240979594e-01	-1.537426060680605611e-01	1.098464251563671251e-01	-1.077668962595780822e-01	1.856662465974000809e-01	-2.383043804139303445e-01	2.111260562507956684e-01	-8.463354269773057381e-02	1.398365997499851909e-01	-2.671355588228559452e-01	3.112536308254176820e-01	-6.578286917840575621e-01	1.021338480484647177e-01	-1.197641201591963245e-01	2.515577701101772701e-01	-4.822147751938256621e-01	9.999999999999996669e-01	-1.953782558125039537e-01	1.428134673814976385e-01	-1.784130406351074893e-01	1.701795863394739428e-01	-3.296593153466544357e-01
-1.953796154817585284e-01	1.265330892957844955e-01	-1.587246726841663458e-01	1.486770937176692120e-01	-1.760115249763211376e-01	1.005304854934376130e-01	-9.537070422711753370e-02	1.498613126984036925e-01	-2.077312555018852869e-01	1.301263271641504571e-01	-1.830950037672120223e-01	1.609730755308609318e-01	-1.961485378269143820e-01	1.975444749816810952e-01	-1.896797672550656066e-01	2.028610386594507653e-01	-3.888025987608059730e-01	2.099621139523971669e-01	-1.831248432896381007e-01	1.661067203526404301e-01	-2.886077307665105840e-01	2.902505095703525884e-01	-2.076545618679707106e-01	1.668479436025296081e-01	-1.953782558125039537e-01	1.000000000000000000e+00	-6.296959418022660682e-01	2.044435553292342778e-01	-2.264887854235552167e-01	2.671760590950989500e-01
1.185454860209368411e-01	-8.272067596537754919e-02	1.005425787614410704e-01	-9.874543699482826731e-02	1.096799673192027924e-01	-6.865282322612462074e-02	6.357502510426178699e-02	-1.017320745825756600e-01	1.299130433183113831e-01	-8.700615426550084575e-02	1.282290800930070418e-01	-1.258974069070497304e-01	1.439830103634308633e-01	-1.590538266008653945e-01	1.225717923749259780e-01	-1.681882942540062487e-01	2.969358097453814738e-01	-1.874654065288931526e-01	1.407782794347526567e-01	-1.303172891946874079e-01	1.861303405372145281e-01	-5.765436742232410428e-01	1.762446100620315981e-01	-1.427995062931358972e-01	1.428134673814976385e-01	-6.296959418022660682e-01	1.000000000000000000e+00	-2.334877848073190487e-01	1.834422838499227271e-01	-2.510784787204474733e-01
-1.130498089415530871e-01	7.644773101987434316e-02	-9.813436172528805512e-02	9.571583660962110218e-02	-1.117466055477910475e-01	5.905822534110653776e-02	-5.589824902437147414e-02	9.739955707783305716e-02	-1.293090730063488625e-01	8.844531715789824555e-02	-9.796482547356219484e-02	9.149594399201589623e-02	-1.436469147745736141e-01	1.520521420231662479e-01	-1.289624555383790117e-01	8.736068588513459798e-02	-1.578914647732871379e-01	1.907173107846554250e-01	-1.692382180148909177e-01	1.450565255615039739e-01	-1.094476508110115986e-01	1.407542445131759190e-01	-2.888895332256610771e-01	1.922967727798610138e-01	-1.784130406351074893e-01	2.044435553292342778e-01	-2.334877848073190487e-01	1.000000000000000444e+00	-8.414031913888331271e-01	2.362393296128964537e-01
1.112607527505274502e-01	-7.612758341424914754e-02	9.651039828689264577e-02	-9.581843237519896417e-02	1.093606613129157051e-01	-5.876204787345314096e-02	5.520107430442080382e-02	-9.690051418057471500e-02	1.262300959331592587e-01	-8.840616658160116437e-02	9.350735745248528463e-02	-8.947546481472933022e-02	1.381232472596556626e-01	-1.585131746480927806e-01	1.261180986856567099e-01	-8.188292035929130297e-02	1.401111264541784196e-01	-1.926688531912114088e-01	1.624974703746343563e-01	-1.506038464438075319e-01	1.006915710402661313e-01	-1.282489497359020347e-01	2.159579214238721567e-01	-2.132604837829099043e-01	1.701795863394739428e-01	-2.264887854235552167e-01	1.834422838499227271e-01	-8.414031913888331271e-01	1.000000000000000444e+00	-3.306312312546517140e-01
-3.349150325593071020e-01	2.008703044500885770e-01	-2.643510454974306034e-01	2.407584928882463560e-01	-3.092960011546972421e-01	1.445155705613467845e-01	-1.394614981062600179e-01	2.290878885210287930e-01	-3.472499365721660736e-01	2.144321504691438229e-01	-1.807987432262726790e-01	1.615855210367163619e-01	-2.445101596780724917e-01	2.486253775076464057e-01	-3.256779674967802407e-01	1.349081351395781114e-01	-2.186857544867583658e-01	2.280799815263535313e-01	-2.361366915988949433e-01	2.400598593617571941e-01	-1.777603909046990005e-01	1.670583016334433735e-01	-2.371427832884958620e-01	2.139580580882427530e-01	-3.296593153466544357e-01	2.671760590950989500e-01	-2.510784787204474733e-01	2.362393296128964537e-01	-3.306312312546517140e-01	1.000000000000000444e+00
