1.000000000000000000e+00	-4.935481389872625746e-01	2.579661189996067527e-01	-8.100286518393633173e-02	5.570222282778485023e-02	-7.608821002324850369e-01	1.994545294022328219e-01	-2.334170538178059473e-01	7.405085425077757855e-02	-6.077495046609879964e-02	1.981185372678220258e-01	-1.530259845397302643e-01	6.299316161908719014e-02	-2.925393073906711397e-02	2.839130148130090264e-02	-6.300053778672723426e-02	5.195294834587075444e-02	-5.387045868090380163e-02	2.351800480467032550e-02	-2.451236267474361449e-02	4.624529006173101753e-02	-4.827719975912598410e-02	4.957411251720150042e-02	-2.935436463417729486e-02	1.757570741805655756e-02	-4.168326430551266143e-02	4.315520935926565882e-02	-3.776192374471917801e-02	2.517494939021516775e-02	-2.350780805563081749e-02
-4.935481389872625746e-01	1.000000000000000222e+00	-7.100709832804552590e-01	1.047983661907663788e-01	-7.497320369502651072e-02	2.792535639924653701e-01	-2.705847997218401302e-01	2.609499251693737087e-01	-9.680381413639575772e-02	7.377420677652053727e-02	-2.186595815925678477e-01	1.549735007216967442e-01	-7.282212996873294042e-02	3.468300570284452156e-02	-3.414363900197671386e-02	6.772276404028518271e-02	-5.845203491857470235e-02	5.956961546284860604e-02	-2.731938476096066812e-02	2.821085404253104167e-02	-5.195912847614065494e-02	5.299372288869487468e-02	-5.750861483303625760e-02	3.288914615080035242e-02	-1.982211408576095568e-02	4.577902874292096025e-02	-4.886740809181178841e-02	4.205269223922711297e-02	-2.840225916903509062e-02	2.628685979906100062e-02
2.579661189996067527e-01	-7.100709832804552590e-01	1.000000000000000000e+00	-1.715835434794383274e-01	1.049872532205420317e-01	-3.030369883354348537e-01	2.327472295009987147e-01	-4.831843197225049735e-01	1.417619637718466052e-01	-1.095763243726714242e-01	1.944032434008237664e-01	-1.560523021558917200e-01	8.599542441438189078e-02	-4.678157614660318625e-02	4.549047354585113168e-02	-7.161185177143525316e-02	6.270231826699944333e-02	-7.240416034804336709e-02	3.436256693096419179e-02	-3.585638273097114387e-02	5.387908695890028521e-02	-5.873952945721915703e-02	6.386338578700893887e-02	-3.835011054090473048e-02	2.331927409028950252e-02	-4.990829599319326210e-02	5.200012633167632597e-02	-4.786686260199690679e-02	3.235623376418412384e-02	-3.081145991549284757e-02
-8.100286518393633173e-02	1.047983661907663788e-01	-1.715835434794383274e-01	1.000000000000000000e+00	-5.918016910338745884e-01	8.367061835317932128e-02	-1.357188332317729729e-01	1.960064332300217593e-01	-6.792668380134316841e-01	3.247118144925686956e-01	-1.155587294716942381e-01	7.938291971578562145e-02	-6.040760250112357094e-02	1.003922423524188368e-01	-1.035536721976174496e-01	4.477603186756309861e-02	-4.150842358582767372e-02	4.867830539801248219e-02	-5.384450353424694719e-02	5.518433118835049112e-02	-3.510477349268699421e-02	3.830530916781392514e-02	-5.162394373503211009e-02	3.367579206866896241e-02	-2.258867816751879143e-02	3.256452259317502151e-02	-3.525042758882012545e-02	3.624793382809309711e-02	-2.711130756957814969e-02	2.753124400290383328e-02
5.570222282778485023e-02	-7.497320369502651072e-02	1.049872532205420317e-01	-5.918016910338745884e-01	1.000000000000000000e+00	-6.079474050650574696e-02	9.185047254569950193e-02	-1.522447687172545361e-01	3.224917324675798391e-01	-7.134032688732264704e-01	7.954410350146529085e-02	-5.688591180253604190e-02	4.958072133693165046e-02	-1.206178471395732005e-01	1.180422290401136609e-01	-3.478169136619562590e-02	3.264205564749367294e-02	-4.139029068787049292e-02	5.747304904048946422e-02	-6.448607501327492664e-02	2.702798712293792011e-02	-3.085921162100300347e-02	4.405162347082738905e-02	-3.170616706322656325e-02	2.215354274408576005e-02	-2.597840534661631506e-02	2.779932501287633168e-02	-3.163600286712209275e-02	2.459259869416084016e-02	-2.637961014009854860e-02
-7.608821002324850369e-01	2.792535639924653701e-01	-3.030369883354348537e-01	8.367061835317932128e-02	-6.079474050650574696e-02	9.999999999999997780e-01	-3.030493396646529725e-01	2.288952770950975213e-01	-7.894821597529777524e-02	6.360573442815270484e-02	-3.430027249953598312e-01	1.991951470282811443e-01	-7.726110445065871579e-02	3.259565792863952649e-02	-3.188367764249781106e-02	8.348002955464306485e-02	-6.833263711788664652e-02	6.452254586767842970e-02	-2.728711494797982084e-02	2.818844026191462751e-02	-6.249256320947391141e-02	6.109906856696895733e-02	-6.201986381160023987e-02	3.530980933609791095e-02	-2.105546273482689079e-02	5.323188340389671536e-02	-5.644704533547766773e-02	4.620415575757719912e-02	-3.090935601819884415e-02	2.815103069886330106e-02
1.994545294022328219e-01	-2.705847997218401302e-01	2.327472295009987147e-01	-1.357188332317729729e-01	9.185047254569950193e-02	-3.030493396646529725e-01	9.999999999999998890e-01	-5.272587078899481083e-01	1.307908792925442099e-01	-1.096859560344722179e-01	3.177043206210748427e-01	-6.125852927746211485e-01	1.269751240551836857e-01	-5.418707052653086442e-02	5.196925243051275095e-02	-1.165908428256705737e-01	9.856218021070291269e-02	-1.103233116605374375e-01	4.409786708063660049e-02	-4.613892818514452043e-02	8.398817395207562597e-02	-9.276404040298504017e-02	9.142752811934061474e-02	-5.578452740801806420e-02	3.325466391906476554e-02	-7.858254691449424734e-02	7.951876311214343962e-02	-7.168824467353776542e-02	4.733561045956479613e-02	-4.473411561947258919e-02
-2.334170538178059473e-01	2.609499251693737087e-01	-4.831843197225049735e-01	1.960064332300217593e-01	-1.522447687172545361e-01	2.288952770950975213e-01	-5.272587078899481083e-01	1.000000000000000222e+00	-2.753827077708183579e-01	1.597876799163431283e-01	-3.704112418022469377e-01	2.548290190726819615e-01	-1.841295247088668430e-01	7.668794460457804829e-02	-7.651860227488303801e-02	1.275772938231895526e-01	-1.180490477820996947e-01	1.323363888413880973e-01	-5.912590733371834301e-02	6.002951547235461233e-02	-9.994999610644438037e-02	1.048567528930677006e-01	-1.207721042010832385e-01	6.708519585205049984e-02	-4.078934580207670135e-02	8.885015354444719682e-02	-9.682090919839289600e-02	8.446644785394921695e-02	-5.782192309086096188e-02	5.351820746167326032e-02
7.405085425077757855e-02	-9.680381413639575772e-02	1.417619637718466052e-01	-6.792668380134316841e-01	3.224917324675798391e-01	-7.894821597529777524e-02	1.307908792925442099e-01	-2.753827077708183579e-01	1.000000000000000888e+00	-5.611510572638782612e-01	1.082350725983454443e-01	-7.754848536383390778e-02	6.413084929996375194e-02	-1.419364908487260879e-01	1.275747665986699808e-01	-4.455983225370671597e-02	4.171945379100503587e-02	-5.239070268432179794e-02	6.361277984578242450e-02	-6.708155743732827081e-02	3.460865662071686139e-02	-3.882806053142977970e-02	5.248597862450705281e-02	-3.612335415322014825e-02	2.475889448337615512e-02	-3.262323952160517404e-02	3.502481610907390991e-02	-3.737718367540070891e-02	2.852532528286737951e-02	-2.975046365776597840e-02
-6.077495046609879964e-02	7.377420677652053727e-02	-1.095763243726714242e-01	3.247118144925686956e-01	-7.134032688732264704e-01	6.360573442815270484e-02	-1.096859560344722179e-01	1.597876799163431283e-01	-5.611510572638782612e-01	1.000000000000000666e+00	-9.434041148612819228e-02	6.490084471054584359e-02	-5.717259262512622980e-02	1.412158941643038290e-01	-1.741924126443257226e-01	3.963450945020730726e-02	-3.743226111501374992e-02	4.656342877384818391e-02	-6.879843745803680688e-02	7.376745765202077920e-02	-3.103920236218435727e-02	3.486658632579387601e-02	-5.052065472783610206e-02	3.569113340482349406e-02	-2.510624700641807261e-02	2.940190929021481089e-02	-3.181007415947650907e-02	3.538011830439376226e-02	-2.785470742160369925e-02	2.955730541516445736e-02
1.981185372678220258e-01	-2.186595815925678477e-01	1.944032434008237664e-01	-1.155587294716942381e-01	7.954410350146529085e-02	-3.430027249953598312e-01	3.177043206210748427e-01	-3.704112418022469377e-01	1.082350725983454443e-01	-9.434041148612819228e-02	9.999999999999995559e-01	-6.785233583835572624e-01	1.450212893098063727e-01	-5.321447443434740299e-02	5.097532888067235479e-02	-2.280849263061290044e-01	1.439224283029288676e-01	-1.316954732495576597e-01	4.746065589083221098e-02	-4.946014496694507018e-02	1.335208695444656535e-01	-1.316568067503286477e-01	1.098967916401029782e-01	-6.609501624098668149e-02	3.876775391912189173e-02	-1.158674039034896380e-01	1.132055013248857989e-01	-8.958627177209224635e-02	5.812082614306641332e-02	-5.274007364135373244e-02
-1.530259845397302643e-01	1.549735007216967442e-01	-1.560523021558917200e-01	7.938291971578562145e-02	-5.688591180253604190e-02	1.991951470282811443e-01	-6.125852927746211485e-01	2.548290190726819615e-01	-7.754848536383390778e-02	6.490084471054584359e-02	-6.785233583835572624e-01	9.999999999999998890e-01	-1.353041135926290328e-01	3.941489903948815904e-02	-3.805589788973332693e-02	1.354906152906159289e-01	-1.153231512530558667e-01	1.065885573909182427e-01	-3.566772689597833002e-02	3.656341018903011553e-02	-9.914135975939339374e-02	9.629508528685189195e-02	-8.504092175651635499e-02	4.826269599348734229e-02	-2.841834086971973400e-02	8.119932298558499295e-02	-8.571353831119990496e-02	6.487311632184522558e-02	-4.295392504328033462e-02	3.827124089929252737e-02
6.299316161908719014e-02	-7.282212996873294042e-02	8.599542441438189078e-02	-6.040760250112357094e-02	4.958072133693165046e-02	-7.726110445065871579e-02	1.269751240551836857e-01	-1.841295247088668430e-01	6.413084929996375194e-02	-5.717259262512622980e-02	1.450212893098063727e-01	-1.353041135926290328e-01	1.000000000000000666e+00	-1.027685132671957990e-01	8.750335409087940663e-02	-2.208545691159547186e-01	2.447267865114862995e-01	-8.428275018244716366e-01	9.971714244948685912e-02	-9.985345142986294664e-02	1.432802893447876758e-01	-2.354061755191255156e-01	1.773220302511109570e-01	-1.144390001664129658e-01	6.569712592264384532e-02	-1.544267669426230283e-01	1.463073848022272694e-01	-1.426652799932098536e-01	9.052573463870479398e-02	-8.943791885753443749e-02
-2.925393073906711397e-02	3.468300570284452156e-02	-4.678157614660318625e-02	1.003922423524188368e-01	-1.206178471395732005e-01	3.259565792863952649e-02	-5.418707052653086442e-02	7.668794460457804829e-02	-1.419364908487260879e-01	1.412158941643038290e-01	-5.321447443434740299e-02	3.941489903948815904e-02	-1.027685132671957990e-01	1.000000000000001110e+00	-8.733621730811741424e-01	4.344136525205211097e-02	-4.615445095612923099e-02	8.266968492031541438e-02	-3.367042224811818696e-01	2.467047174406759857e-01	-3.301253394263688884e-02	4.425109546601458527e-02	-8.370685690887973152e-02	7.991599617374171849e-02	-6.320355921152301382e-02	3.513569664734589315e-02	-3.753047975993630686e-02	5.681295128021653096e-02	-5.665616671314555736e-02	6.516931382707845388e-02
2.839130148130090264e-02	-3.414363900197671386e-02	4.549047354585113168e-02	-1.035536721976174496e-01	1.180422290401136609e-01	-3.188367764249781106e-02	5.196925243051275095e-02	-7.651860227488303801e-02	1.275747665986699808e-01	-1.741924126443257226e-01	5.097532888067235479e-02	-3.805589788973332693e-02	8.750335409087940663e-02	-8.733621730811741424e-01	1.000000000000001110e+00	-4.230411472575637544e-02	4.395573002234922505e-02	-7.798270239589222275e-02	2.454010344610506322e-01	-3.326042889316807583e-01	3.204564842528748181e-02	-4.318082999452832471e-02	8.033205554821569450e-02	-8.119988316499660019e-02	6.723018400491974356e-02	-3.451932822837347481e-02	3.662437879873321755e-02	-5.714767826156949559e-02	5.605581184946747259e-02	-7.094254282492719332e-02
-6.300053778672723426e-02	6.772276404028518271e-02	-7.161185177143525316e-02	4.477603186756309861e-02	-3.478169136619562590e-02	8.348002955464306485e-02	-1.165908428256705737e-01	1.275772938231895526e-01	-4.455983225370671597e-02	3.963450945020730726e-02	-2.280849263061290044e-01	1.354906152906159289e-01	-2.208545691159547186e-01	4.344136525205211097e-02	-4.230411472575637544e-02	1.000000000000000888e+00	-5.412405112745416469e-01	1.887255009045658294e-01	-5.002709440773726868e-02	4.921064752572147649e-02	-6.119475242732035358e-01	2.947255975142351048e-01	-1.610382666918368233e-01	8.102960455730594258e-02	-4.737553103970289919e-02	2.694113768569725287e-01	-2.956583071475802904e-01	1.268936854242468937e-01	-8.564341527587568392e-02	6.260012107077594923e-02
5.195294834587075444e-02	-5.845203491857470235e-02	6.270231826699944333e-02	-4.150842358582767372e-02	3.264205564749367294e-02	-6.833263711788664652e-02	9.856218021070291269e-02	-1.180490477820996947e-01	4.171945379100503587e-02	-3.743226111501374992e-02	1.439224283029288676e-01	-1.153231512530558667e-01	2.447267865114862995e-01	-4.615445095612923099e-02	4.395573002234922505e-02	-5.412405112745416469e-01	1.000000000000000222e+00	-3.537906261463594770e-01	5.482314580376942276e-02	-5.410082871359781637e-02	2.669329456754797603e-01	-6.099288920425692817e-01	1.471735701559611087e-01	-8.140396686843064111e-02	4.700633049522172369e-02	-2.513591508981734557e-01	2.492013914781080475e-01	-1.246703012646525888e-01	7.947033169509967743e-02	-6.304517041078279427e-02
-5.387045868090380163e-02	5.956961546284860604e-02	-7.240416034804336709e-02	4.867830539801248219e-02	-4.139029068787049292e-02	6.452254586767842970e-02	-1.103233116605374375e-01	1.323363888413880973e-01	-5.239070268432179794e-02	4.656342877384818391e-02	-1.316954732495576597e-01	1.065885573909182427e-01	-8.428275018244716366e-01	8.266968492031541438e-02	-7.798270239589222275e-02	1.887255009045658294e-01	-3.537906261463594770e-01	1.000000000000000666e+00	-1.020689794923322485e-01	9.073088999807088495e-02	-1.344445119913942888e-01	2.009948374063721122e-01	-2.054062865315793851e-01	1.022605960440120254e-01	-5.913726315562572305e-02	1.297472615005869634e-01	-1.378097611340387829e-01	1.258910811789218653e-01	-8.230094243946996235e-02	7.856443515430716618e-02
2.351800480467032550e-02	-2.731938476096066812e-02	3.436256693096419179e-02	-5.384450353424694719e-02	5.747304904048946422e-02	-2.728711494797982084e-02	4.409786708063660049e-02	-5.912590733371834301e-02	6.361277984578242450e-02	-6.879843745803680688e-02	4.746065589083221098e-02	-3.566772689597833002e-02	9.971714244948685912e-02	-3.367042224811818696e-01	2.454010344610506322e-01	-5.002709440773726868e-02	5.482314580376942276e-02	-1.020689794923322485e-01	1.000000000000001554e+00	-8.622284993065533198e-01	3.924060339987052448e-02	-5.337364188789408409e-02	1.356504583499302252e-01	-1.877855268227796581e-01	1.423506436616687187e-01	-4.402678025828407615e-02	4.883971973615160861e-02	-9.518876749242143054e-02	1.087335297267488649e-01	-1.418344792477992666e-01
-2.451236267474361449e-02	2.821085404253104167e-02	-3.585638273097114387e-02	5.518433118835049112e-02	-6.448607501327492664e-02	2.818844026191462751e-02	-4.613892818514452043e-02	6.002951547235461233e-02	-6.708155743732827081e-02	7.376745765202077920e-02	-4.946014496694507018e-02	3.656341018903011553e-02	-9.985345142986294664e-02	2.467047174406759857e-01	-3.326042889316807583e-01	4.921064752572147649e-02	-5.410082871359781637e-02	9.073088999807088495e-02	-8.622284993065533198e-01	1.000000000000001110e+00	-3.933203233369896717e-02	5.222493985684414225e-02	-1.483136231127716587e-01	1.603183979180258234e-01	-1.705270320065122580e-01	4.366457761405188182e-02	-4.921057215001773538e-02	9.400817405141678740e-02	-1.129276652665003322e-01	1.378272226145806356e-01
4.624529006173101753e-02	-5.195912847614065494e-02	5.387908695890028521e-02	-3.510477349268699421e-02	2.702798712293792011e-02	-6.249256320947391141e-02	8.398817395207562597e-02	-9.994999610644438037e-02	3.460865662071686139e-02	-3.103920236218435727e-02	1.335208695444656535e-01	-9.914135975939339374e-02	1.432802893447876758e-01	-3.301253394263688884e-02	3.204564842528748181e-02	-6.119475242732035358e-01	2.669329456754797603e-01	-1.344445119913942888e-01	3.924060339987052448e-02	-3.933203233369896717e-02	1.000000000000001554e+00	-3.655455993437052853e-01	1.306099307108765928e-01	-7.069746316871038105e-02	4.090150107273200081e-02	-5.868144545463447326e-01	2.882038532209557635e-01	-1.203998817186068271e-01	7.611647047754721562e-02	-5.472017867240008826e-02
-4.827719975912598410e-02	5.299372288869487468e-02	-5.873952945721915703e-02	3.830530916781392514e-02	-3.085921162100300347e-02	6.109906856696895733e-02	-9.276404040298504017e-02	1.048567528930677006e-01	-3.882806053142977970e-02	3.486658632579387601e-02	-1.316568067503286477e-01	9.629508528685189195e-02	-2.354061755191255156e-01	4.425109546601458527e-02	-4.318082999452832471e-02	2.947255975142351048e-01	-6.099288920425692817e-01	2.009948374063721122e-01	-5.337364188789408409e-02	5.222493985684414225e-02	-3.655455993437052853e-01	1.000000000000000444e+00	-1.829271617079168410e-01	9.132075563633822168e-02	-5.338132721159244420e-02	2.801233865629223496e-01	-5.283006926099105272e-01	1.540353245830360374e-01	-1.030590244750922702e-01	7.013587087634565176e-02
4.957411251720150042e-02	-5.750861483303625760e-02	6.386338578700893887e-02	-5.162394373503211009e-02	4.405162347082738905e-02	-6.201986381160023987e-02	9.142752811934061474e-02	-1.207721042010832385e-01	5.248597862450705281e-02	-5.052065472783610206e-02	1.098967916401029782e-01	-8.504092175651635499e-02	1.773220302511109570e-01	-8.370685690887973152e-02	8.033205554821569450e-02	-1.610382666918368233e-01	1.471735701559611087e-01	-2.054062865315793851e-01	1.356504583499302252e-01	-1.483136231127716587e-01	1.306099307108765928e-01	-1.829271617079168410e-01	1.000000000000000666e+00	-4.993804364212911517e-01	2.312605575970111405e-01	-1.757877151878400324e-01	1.877924020118969528e-01	-5.893161136418872958e-01	3.168114080323294335e-01	-3.448891366272673897e-01
-2.935436463417729486e-02	3.288914615080035242e-02	-3.835011054090473048e-02	3.367579206866896241e-02	-3.170616706322656325e-02	3.530980933609791095e-02	-5.578452740801806420e-02	6.708519585205049984e-02	-3.612335415322014825e-02	3.569113340482349406e-02	-6.609501624098668149e-02	4.826269599348734229e-02	-1.144390001664129658e-01	7.991599617374171849e-02	-8.119988316499660019e-02	8.102960455730594258e-02	-8.140396686843064111e-02	1.022605960440120254e-01	-1.877855268227796581e-01	1.603183979180258234e-01	-7.069746316871038105e-02	9.132075563633822168e-02	-4.993804364212911517e-01	1.000000000000000888e+00	-4.984689006062560934e-01	8.662807618801432463e-02	-1.067947782688808828e-01	2.817499916528949933e-01	-5.503173457850960570e-01	3.117637404598229134e-01
1.757570741805655756e-02	-1.982211408576095568e-02	2.331927409028950252e-02	-2.258867816751879143e-02	2.215354274408576005e-02	-2.105546273482689079e-02	3.325466391906476554e-02	-4.078934580207670135e-02	2.475889448337615512e-02	-2.510624700641807261e-02	3.876775391912189173e-02	-2.841834086971973400e-02	6.569712592264384532e-02	-6.320355921152301382e-02	6.723018400491974356e-02	-4.737553103970289919e-02	4.700633049522172369e-02	-5.913726315562572305e-02	1.423506436616687187e-01	-1.705270320065122580e-01	4.090150107273200081e-02	-5.338132721159244420e-02	2.312605575970111405e-01	-4.984689006062560934e-01	1.000000000000000444e+00	-5.085941642216504355e-02	6.110409584167385971e-02	-1.716414295105582744e-01	2.421141143276399621e-01	-7.851196971985090478e-01
-4.168326430551266143e-02	4.577902874292096025e-02	-4.990829599319326210e-02	3.256452259317502151e-02	-2.597840534661631506e-02	5.323188340389671536e-02	-7.858254691449424734e-02	8.885015354444719682e-02	-3.262323952160517404e-02	2.940190929021481089e-02	-1.158674039034896380e-01	8.119932298558499295e-02	-1.544267669426230283e-01	3.513569664734589315e-02	-3.451932822837347481e-02	2.694113768569725287e-01	-2.513591508981734557e-01	1.297472615005869634e-01	-4.402678025828407615e-02	4.366457761405188182e-02	-5.868144545463447326e-01	2.801233865629223496e-01	-1.757877151878400324e-01	8.662807618801432463e-02	-5.085941642216504355e-02	1.000000000000000000e+00	-6.504809676803565699e-01	1.577793565089089523e-01	-1.068819662499862766e-01	6.628325124002491797e-02
4.315520935926565882e-02	-4.886740809181178841e-02	5.200012633167632597e-02	-3.525042758882012545e-02	2.779932501287633168e-02	-5.644704533547766773e-02	7.951876311214343962e-02	-9.682090919839289600e-02	3.502481610907390991e-02	-3.181007415947650907e-02	1.132055013248857989e-01	-8.571353831119990496e-02	1.463073848022272694e-01	-3.753047975993630686e-02	3.662437879873321755e-02	-2.956583071475802904e-01	2.492013914781080475e-01	-1.378097611340387829e-01	4.883971973615160861e-02	-4.921057215001773538e-02	2.882038532209557635e-01	-5.283006926099105272e-01	1.877924020118969528e-01	-1.067947782688808828e-01	6.110409584167385971e-02	-6.504809676803565699e-01	1.000000000000000444e+00	-2.575576777322678423e-01	1.310465985007296386e-01	-8.157080490944172702e-02
-3.776192374471917801e-02	4.205269223922711297e-02	-4.786686260199690679e-02	3.624793382809309711e-02	-3.163600286712209275e-02	4.620415575757719912e-02	-7.168824467353776542e-02	8.446644785394921695e-02	-3.737718367540070891e-02	3.538011830439376226e-02	-8.958627177209224635e-02	6.487311632184522558e-02	-1.426652799932098536e-01	5.681295128021653096e-02	-5.714767826156949559e-02	1.268936854242468937e-01	-1.246703012646525888e-01	1.258910811789218653e-01	-9.518876749242143054e-02	9.400817405141678740e-02	-1.203998817186068271e-01	1.540353245830360374e-01	-5.893161136418872958e-01	2.817499916528949933e-01	-1.716414295105582744e-01	1.577793565089089523e-01	-2.575576777322678423e-01	1.000000000000000666e+00	-6.399272735484065056e-01	2.080359001347593106e-01
2.517494939021516775e-02	-2.840225916903509062e-02	3.235623376418412384e-02	-2.711130756957814969e-02	2.459259869416084016e-02	-3.090935601819884415e-02	4.733561045956479613e-02	-5.782192309086096188e-02	2.852532528286737951e-02	-2.785470742160369925e-02	5.812082614306641332e-02	-4.295392504328033462e-02	9.052573463870479398e-02	-5.665616671314555736e-02	5.605581184946747259e-02	-8.564341527587568392e-02	7.947033169509967743e-02	-8.230094243946996235e-02	1.087335297267488649e-01	-1.129276652665003322e-01	7.611647047754721562e-02	-1.030590244750922702e-01	3.168114080323294335e-01	-5.503173457850960570e-01	2.421141143276399621e-01	-1.068819662499862766e-01	1.310465985007296386e-01	-6.399272735484065056e-01	1.000000000000000666e+00	-3.642122044816410442e-01
-2.350780805563081749e-02	2.628685979906100062e-02	-3.081145991549284757e-02	2.753124400290383328e-02	-2.637961014009854860e-02	2.815103069886330106e-02	-4.473411561947258919e-02	5.351820746167326032e-02	-2.975046365776597840e-02	2.955730541516445736e-02	-5.274007364135373244e-02	3.827124089929252737e-02	-8.943791885753443749e-02	6.516931382707845388e-02	-7.094254282492719332e-02	6.260012107077594923e-02	-6.304517041078279427e-02	7.856443515430716618e-02	-1.418344792477992666e-01	1.378272226145806356e-01	-5.472017867240008826e-02	7.013587087634565176e-02	-3.448891366272673897e-01	3.117637404598229134e-01	-7.851196971985090478e-01	6.628325124002491797e-02	-8.157080490944172702e-02	2.080359001347593106e-01	-3.642122044816410442e-01	1.000000000000000666e+00
