1.000000000000000222e+00	-2.057296541272443657e-01	6.044995663824487275e-02	-4.123372192566854277e-02	8.695492303504044618e-02	-9.429296562282838412e-01	1.289825597806816271e-01	-1.008082539470322586e-01	6.376741808960732782e-02	-5.337284061612405234e-02	1.628839155318343723e-01	-1.344390060718174129e-01	8.100459440371228503e-02	-6.708080192259219254e-02	5.280766167655238930e-02	-9.472585675639075276e-02	9.568746525868049302e-02	-7.225200733864797775e-02	5.507019087300071836e-02	-5.016829007535858476e-02	7.002577398774165185e-02	-6.280730366569448053e-02	5.315999926865734582e-02	-4.479757413308720765e-02	4.038251068116389952e-02	-8.195651203229067927e-02	5.685724723187653151e-02	-5.015194880994235105e-02	3.717076729300135274e-02	-4.275155050077091706e-02
-2.057296541272443657e-01	1.000000000000000444e+00	-1.978762323813363366e-01	1.288582704225044728e-01	-2.762553063923741670e-01	1.632100264870388340e-01	-7.371301577742945810e-01	2.740037458026673423e-01	-1.856262349596596861e-01	1.431188318548714256e-01	-2.987660238169623228e-01	2.825465648134618535e-01	-2.281047100877725831e-01	1.712587049979414355e-01	-1.443885099655242144e-01	1.666157830887670666e-01	-2.318433837793196228e-01	1.708656150157902287e-01	-1.429132578042072999e-01	1.269994170133501299e-01	-1.459618226773265748e-01	1.413461472240686023e-01	-1.314435605848015831e-01	1.099060794961560922e-01	-1.017181955030474483e-01	1.537264658283184759e-01	-1.359385451123667210e-01	1.190416277179773413e-01	-9.135194612459426877e-02	1.035502694304677729e-01
6.044995663824487275e-02	-1.978762323813363366e-01	1.000000000000000444e+00	-7.878835048241918937e-01	3.116811326481832012e-01	-6.262457973092107333e-02	1.433426291424648724e-01	-3.060916965145900615e-01	1.637629173453889198e-01	-1.685824937207694996e-01	1.299267293371493270e-01	-1.523172861113858967e-01	1.652328668342849249e-01	-1.676558882274334084e-01	1.351794959206876479e-01	-1.057601395302383007e-01	1.347371941503244519e-01	-1.818341224510950926e-01	1.338004811096532853e-01	-1.414176891005712589e-01	9.822831282827361454e-02	-1.359290358410007726e-01	1.249758204039685544e-01	-1.174877944245275863e-01	1.037105498063392583e-01	-1.353331340282734052e-01	1.150008793044833971e-01	-1.342900245156342098e-01	9.498368577445054362e-02	-1.199290240350832648e-01
-4.123372192566854277e-02	1.288582704225044728e-01	-7.878835048241918937e-01	1.000000000000000444e+00	-5.193399623102343821e-01	4.238665527650783277e-02	-9.707452845435493582e-02	1.877389645860040590e-01	-1.335851049745425678e-01	1.296740254276188831e-01	-9.033565218288162890e-02	1.035693863085338368e-01	-1.169641550041537886e-01	1.195134201767222570e-01	-1.018126347445340446e-01	7.258419873410738854e-02	-9.348552917678766561e-02	1.243111328084303274e-01	-9.509072014171640608e-02	9.989033635204191963e-02	-6.772574253832487623e-02	9.283630500752958203e-02	-8.664771520256481230e-02	8.133658996653113371e-02	-7.255759348583679103e-02	9.196957582495729477e-02	-7.945236892225056302e-02	9.178712013254226865e-02	-6.567338796351451791e-02	8.240634461562454383e-02
8.695492303504044618e-02	-2.762553063923741670e-01	3.116811326481832012e-01	-5.193399623102343821e-01	1.000000000000000888e+00	-9.103839089280751917e-02	1.928939821440741331e-01	-3.644579532852446624e-01	2.347759186011189048e-01	-2.980609793217689485e-01	1.881146121068002774e-01	-2.196668378478909001e-01	2.264521785738081161e-01	-2.453211825420903713e-01	2.125731365350357061e-01	-1.593750111337668973e-01	2.011416154272397949e-01	-2.830239034066446835e-01	2.065557501276552854e-01	-2.251699224304978819e-01	1.494342246852233269e-01	-2.131084904243971678e-01	1.939837682231637384e-01	-1.849543286137128872e-01	1.627453708513387221e-01	-2.112476725659636068e-01	1.781557448952580391e-01	-2.131003536194790993e-01	1.494434492286080551e-01	-1.907855037826876043e-01
-9.429296562282838412e-01	1.632100264870388340e-01	-6.262457973092107333e-02	4.238665527650783277e-02	-9.103839089280751917e-02	1.000000000000000444e+00	-1.313721279423997190e-01	9.697576751602046685e-02	-6.451493830658470985e-02	5.338771963248879066e-02	-2.047611819064069916e-01	1.296080655418556382e-01	-8.153805893373523850e-02	6.625522373831423117e-02	-5.333219029584069376e-02	9.642481942488430324e-02	-1.004660687456049445e-01	7.163384300460327869e-02	-5.546634212344149495e-02	5.001544620851217787e-02	-7.299546589024108467e-02	6.261000310677411473e-02	-5.345077778761048864e-02	4.469720575979629212e-02	-4.049778280983860890e-02	8.027747823831887786e-02	-5.762983717402451328e-02	4.985772727127716492e-02	-3.721445012640094141e-02	4.249187421978856821e-02
1.289825597806816271e-01	-7.371301577742945810e-01	1.433426291424648724e-01	-9.707452845435493582e-02	1.928939821440741331e-01	-1.313721279423997190e-01	1.000000000000000666e+00	-3.940656137958827854e-01	1.581407457788008009e-01	-1.220075937776645136e-01	2.337504855669565729e-01	-4.233278097486000702e-01	2.165929889971278943e-01	-1.608890881641977522e-01	1.189988480696022033e-01	-1.412863330724750677e-01	1.845389865719694600e-01	-1.479600578641787068e-01	1.176268746571137863e-01	-1.066828059938901285e-01	1.144673309431909480e-01	-1.169901496038034255e-01	1.075002386675054933e-01	-9.096624635989167262e-02	8.301770102891661840e-02	-1.282825727886273415e-01	1.075046241415401893e-01	-9.817732386187696947e-02	7.444926913095037402e-02	-8.559485036167990835e-02
-1.008082539470322586e-01	2.740037458026673423e-01	-3.060916965145900615e-01	1.877389645860040590e-01	-3.644579532852446624e-01	9.697576751602046685e-02	-3.940656137958827854e-01	1.000000000000001332e+00	-3.688369285528559360e-01	2.253093118125660543e-01	-2.428043450944868953e-01	2.673111367531989524e-01	-5.201183288733214338e-01	2.880540063511621285e-01	-2.211808812436899807e-01	1.573912690488105393e-01	-2.203131031055857170e-01	2.264616586496086548e-01	-1.995209890247645057e-01	1.793326811651972663e-01	-1.429911514315508614e-01	1.618234561692239171e-01	-1.685369524579814482e-01	1.445102934851575371e-01	-1.350537290391823908e-01	1.616212374826543896e-01	-1.533931621678850665e-01	1.496961018879059413e-01	-1.167971776896970376e-01	1.347406418124149352e-01
6.376741808960732782e-02	-1.856262349596596861e-01	1.637629173453889198e-01	-1.335851049745425678e-01	2.347759186011189048e-01	-6.451493830658470985e-02	1.581407457788008009e-01	-3.688369285528559360e-01	1.000000000000002220e+00	-5.929988079702167569e-01	1.534595542644192900e-01	-1.851410181673959765e-01	2.724302890931389887e-01	-5.371466601273223729e-01	2.853468204052502233e-01	-1.153785103201876855e-01	1.560658415063966853e-01	-2.152403242711100895e-01	2.034119155778502386e-01	-2.263094207025747595e-01	1.044825952707249261e-01	-1.400919262908865148e-01	1.501978103903981177e-01	-1.455008248847012020e-01	1.357717236829884266e-01	-1.292959944572504849e-01	1.268556145731657425e-01	-1.430926134764267110e-01	1.114630061452590581e-01	-1.371728559186163321e-01
-5.337284061612405234e-02	1.431188318548714256e-01	-1.685824937207694996e-01	1.296740254276188831e-01	-2.980609793217689485e-01	5.338771963248879066e-02	-1.220075937776645136e-01	2.253093118125660543e-01	-5.929988079702167569e-01	9.999999999999995559e-01	-1.331758599218887118e-01	1.448985430696033694e-01	-2.108983503912026103e-01	2.743322813031192076e-01	-5.945386476872103199e-01	1.013274717268453778e-01	-1.418437053224039790e-01	1.924037807495953545e-01	-2.304230868777335517e-01	2.475668491327295828e-01	-9.512839029540891278e-02	1.294495685805186758e-01	-1.478359256459024773e-01	1.453015999073944964e-01	-1.488022624478805012e-01	1.156925112516585807e-01	-1.222576177830470567e-01	1.354606556071884516e-01	-1.123412117529802579e-01	1.343446293816391579e-01
1.628839155318343723e-01	-2.987660238169623228e-01	1.299267293371493270e-01	-9.033565218288162890e-02	1.881146121068002774e-01	-2.047611819064069916e-01	2.337504855669565729e-01	-2.428043450944868953e-01	1.534595542644192900e-01	-1.331758599218887118e-01	1.000000000000003331e+00	-5.869627076752769179e-01	2.153837365270732940e-01	-1.809997602407439066e-01	1.318859493704840069e-01	-4.974030351991310939e-01	3.007250306011451380e-01	-2.036883586355577314e-01	1.437190879573555236e-01	-1.310113751103716695e-01	2.311611460051360423e-01	-1.844056097827472818e-01	1.440041468353453202e-01	-1.200528736909256405e-01	1.061955349441587593e-01	-2.746421499815644984e-01	1.594298597112867588e-01	-1.368401465982874710e-01	9.941608331617052263e-02	-1.142067862085311136e-01
-1.344390060718174129e-01	2.825465648134618535e-01	-1.523172861113858967e-01	1.035693863085338368e-01	-2.196668378478909001e-01	1.296080655418556382e-01	-4.233278097486000702e-01	2.673111367531989524e-01	-1.851410181673959765e-01	1.448985430696033694e-01	-5.869627076752769179e-01	1.000000000000002887e+00	-3.654049444614070330e-01	2.062176267619631187e-01	-1.499548202658915474e-01	2.512981108731198732e-01	-3.765069191695900042e-01	2.021835446610075193e-01	-1.561569770787512301e-01	1.359221253279581099e-01	-1.874341896056400947e-01	1.693632426414408143e-01	-1.479760270263434097e-01	1.203410682597953058e-01	-1.091341786823002841e-01	1.933116379117171824e-01	-1.556506498741010991e-01	1.310847491872015880e-01	-9.932678594114144333e-02	1.117443636250155109e-01
8.100459440371228503e-02	-2.281047100877725831e-01	1.652328668342849249e-01	-1.169641550041537886e-01	2.264521785738081161e-01	-8.153805893373523850e-02	2.165929889971278943e-01	-5.201183288733214338e-01	2.724302890931389887e-01	-2.108983503912026103e-01	2.153837365270732940e-01	-3.654049444614070330e-01	1.000000000000001110e+00	-5.839230490330685752e-01	2.058285100564903602e-01	-1.489098212090578521e-01	2.007568796061341976e-01	-2.947657285471448896e-01	2.016419144055647539e-01	-1.836996386557130101e-01	1.249768268528829440e-01	-1.537968545959918776e-01	1.683139831148245391e-01	-1.449948358534999260e-01	1.289969038107213195e-01	-1.480674727684934133e-01	1.387426919497183053e-01	-1.457556663951547482e-01	1.117020850030483597e-01	-1.311148310006988726e-01
-6.708080192259219254e-02	1.712587049979414355e-01	-1.676558882274334084e-01	1.195134201767222570e-01	-2.453211825420903713e-01	6.625522373831423117e-02	-1.608890881641977522e-01	2.880540063511621285e-01	-5.371466601273223729e-01	2.743322813031192076e-01	-1.809997602407439066e-01	2.062176267619631187e-01	-5.839230490330685752e-01	1.000000000000004663e+00	-3.389644637816388029e-01	1.246955638328386545e-01	-1.766424706527779942e-01	2.260894967303493652e-01	-2.669433178521836147e-01	2.172913337951154211e-01	-1.124261553725970225e-01	1.417196397938493002e-01	-1.636331715799895781e-01	1.515316713050348929e-01	-1.427519037206193553e-01	1.309943182128400774e-01	-1.336909541983384575e-01	1.413069986108800025e-01	-1.152226380349177237e-01	1.340312267230823196e-01
5.280766167655238930e-02	-1.443885099655242144e-01	1.351794959206876479e-01	-1.018126347445340446e-01	2.125731365350357061e-01	-5.333219029584069376e-02	1.189988480696022033e-01	-2.211808812436899807e-01	2.853468204052502233e-01	-5.945386476872103199e-01	1.318859493704840069e-01	-1.499548202658915474e-01	2.058285100564903602e-01	-3.389644637816388029e-01	9.999999999999952260e-01	-1.055487408158763130e-01	1.459354236051185194e-01	-2.340455890009579543e-01	2.637546468116130360e-01	-5.370883240501600486e-01	9.768735612936142731e-02	-1.446992040867466633e-01	1.677767580548550352e-01	-1.829267534733973466e-01	1.841759072048957113e-01	-1.223783324411698015e-01	1.322063984294221672e-01	-1.623427652448104219e-01	1.327320491947135417e-01	-1.736870965528880539e-01
-9.472585675639075276e-02	1.666157830887670666e-01	-1.057601395302383007e-01	7.258419873410738854e-02	-1.593750111337668973e-01	9.642481942488430324e-02	-1.412863330724750677e-01	1.573912690488105393e-01	-1.153785103201876855e-01	1.013274717268453778e-01	-4.974030351991310939e-01	2.512981108731198732e-01	-1.489098212090578521e-01	1.246955638328386545e-01	-1.055487408158763130e-01	1.000000000000000666e+00	-5.733487905664732542e-01	1.777719397499460119e-01	-1.241771613253218332e-01	1.058293172915276970e-01	-4.988520728253836856e-01	1.852699383585370840e-01	-1.343065579274668464e-01	1.036889398973852849e-01	-9.205320854930866548e-02	2.887728495905895754e-01	-1.692388371366745359e-01	1.204903884986129603e-01	-8.848068204124626135e-02	9.668417499027558148e-02
9.568746525868049302e-02	-2.318433837793196228e-01	1.347371941503244519e-01	-9.348552917678766561e-02	2.011416154272397949e-01	-1.004660687456049445e-01	1.845389865719694600e-01	-2.203131031055857170e-01	1.560658415063966853e-01	-1.418437053224039790e-01	3.007250306011451380e-01	-3.765069191695900042e-01	2.007568796061341976e-01	-1.766424706527779942e-01	1.459354236051185194e-01	-5.733487905664732542e-01	9.999999999999998890e-01	-3.282959807232145866e-01	1.804158845176747905e-01	-1.558185758816654498e-01	2.663544301129468495e-01	-3.463371825278401261e-01	2.030353954805053929e-01	-1.561341190334452900e-01	1.338643292656094830e-01	-3.374143267376392696e-01	2.304541058629583361e-01	-1.805646661998351055e-01	1.290422292324456266e-01	-1.437399835801768666e-01
-7.225200733864797775e-02	1.708656150157902287e-01	-1.818341224510950926e-01	1.243111328084303274e-01	-2.830239034066446835e-01	7.163384300460327869e-02	-1.479600578641787068e-01	2.264616586496086548e-01	-2.152403242711100895e-01	1.924037807495953545e-01	-2.036883586355577314e-01	2.021835446610075193e-01	-2.947657285471448896e-01	2.260894967303493652e-01	-2.340455890009579543e-01	1.777719397499460119e-01	-3.282959807232145866e-01	9.999999999999978906e-01	-4.714650235171140014e-01	2.523204836329147049e-01	-1.622193961641442139e-01	2.392494709571451605e-01	-5.274699553092102589e-01	2.671207611945321525e-01	-2.263178472255915341e-01	1.827808241196386962e-01	-2.308163148561336309e-01	2.420275027319556682e-01	-1.998129496103664970e-01	2.039875127380657016e-01
5.507019087300071836e-02	-1.429132578042072999e-01	1.338004811096532853e-01	-9.509072014171640608e-02	2.065557501276552854e-01	-5.546634212344149495e-02	1.176268746571137863e-01	-1.995209890247645057e-01	2.034119155778502386e-01	-2.304230868777335517e-01	1.437190879573555236e-01	-1.561569770787512301e-01	2.016419144055647539e-01	-2.669433178521836147e-01	2.637546468116130360e-01	-1.241771613253218332e-01	1.804158845176747905e-01	-4.714650235171140014e-01	1.000000000000001554e+00	-5.831976991535052779e-01	1.143182737150645611e-01	-1.884751353756637382e-01	2.659554614652627214e-01	-3.953753297349976159e-01	2.584840057635819366e-01	-1.419781617988827571e-01	1.721884158696820322e-01	-2.263498727493669094e-01	1.959786279722628977e-01	-2.353884485583736530e-01
-5.016829007535858476e-02	1.269994170133501299e-01	-1.414176891005712589e-01	9.989033635204191963e-02	-2.251699224304978819e-01	5.001544620851217787e-02	-1.066828059938901285e-01	1.793326811651972663e-01	-2.263094207025747595e-01	2.475668491327295828e-01	-1.310113751103716695e-01	1.359221253279581099e-01	-1.836996386557130101e-01	2.172913337951154211e-01	-5.370883240501600486e-01	1.058293172915276970e-01	-1.558185758816654498e-01	2.523204836329147049e-01	-5.831976991535052779e-01	9.999999999999995559e-01	-1.011777169161041517e-01	1.540209407631841498e-01	-2.135299771753603748e-01	2.470181455457793052e-01	-3.492725744541497757e-01	1.213586475962429717e-01	-1.517238880840439119e-01	1.805879105305329135e-01	-1.740959767913239087e-01	2.122102492949801134e-01
7.002577398774165185e-02	-1.459618226773265748e-01	9.822831282827361454e-02	-6.772574253832487623e-02	1.494342246852233269e-01	-7.299546589024108467e-02	1.144673309431909480e-01	-1.429911514315508614e-01	1.044825952707249261e-01	-9.512839029540891278e-02	2.311611460051360423e-01	-1.874341896056400947e-01	1.249768268528829440e-01	-1.124261553725970225e-01	9.768735612936142731e-02	-4.988520728253836856e-01	2.663544301129468495e-01	-1.622193961641442139e-01	1.143182737150645611e-01	-1.011777169161041517e-01	9.999999999999984457e-01	-2.039553578707041792e-01	1.282963954327720757e-01	-1.027696140894047844e-01	9.030784920368671587e-02	-7.471322865808741609e-01	1.878779952491540506e-01	-1.278052022766050511e-01	8.970627534960783078e-02	-9.875022025430293948e-02
-6.280730366569448053e-02	1.413461472240686023e-01	-1.359290358410007726e-01	9.283630500752958203e-02	-2.131084904243971678e-01	6.261000310677411473e-02	-1.169901496038034255e-01	1.618234561692239171e-01	-1.400919262908865148e-01	1.294495685805186758e-01	-1.844056097827472818e-01	1.693632426414408143e-01	-1.537968545959918776e-01	1.417196397938493002e-01	-1.446992040867466633e-01	1.852699383585370840e-01	-3.463371825278401261e-01	2.392494709571451605e-01	-1.884751353756637382e-01	1.540209407631841498e-01	-2.039553578707041792e-01	9.999999999999992228e-01	-3.560126806085324724e-01	1.951937028200600166e-01	-1.722529360848299718e-01	2.256112077203288879e-01	-7.251050777789377344e-01	2.591721120806543821e-01	-1.883338924615128307e-01	1.746351020264406140e-01
5.315999926865734582e-02	-1.314435605848015831e-01	1.249758204039685544e-01	-8.664771520256481230e-02	1.939837682231637384e-01	-5.345077778761048864e-02	1.075002386675054933e-01	-1.685369524579814482e-01	1.501978103903981177e-01	-1.478359256459024773e-01	1.440041468353453202e-01	-1.479760270263434097e-01	1.683139831148245391e-01	-1.636331715799895781e-01	1.677767580548550352e-01	-1.343065579274668464e-01	2.030353954805053929e-01	-5.274699553092102589e-01	2.659554614652627214e-01	-2.135299771753603748e-01	1.282963954327720757e-01	-3.560126806085324724e-01	9.999999999999997780e-01	-4.793831021113125757e-01	2.506335455692936254e-01	-1.591434918326083414e-01	2.559302009194601157e-01	-4.340362710702847515e-01	2.583363573213278697e-01	-2.686937095694757471e-01
-4.479757413308720765e-02	1.099060794961560922e-01	-1.174877944245275863e-01	8.133658996653113371e-02	-1.849543286137128872e-01	4.469720575979629212e-02	-9.096624635989167262e-02	1.445102934851575371e-01	-1.455008248847012020e-01	1.453015999073944964e-01	-1.200528736909256405e-01	1.203410682597953058e-01	-1.449948358534999260e-01	1.515316713050348929e-01	-1.829267534733973466e-01	1.036889398973852849e-01	-1.561341190334452900e-01	2.671207611945321525e-01	-3.953753297349976159e-01	2.470181455457793052e-01	-1.027696140894047844e-01	1.951937028200600166e-01	-4.793831021113125757e-01	9.999999999999998890e-01	-5.501682667404061977e-01	1.237973160137409573e-01	-2.008920016316513291e-01	2.750769643527573582e-01	-3.959558615505082146e-01	3.028391964201693765e-01
4.038251068116389952e-02	-1.017181955030474483e-01	1.037105498063392583e-01	-7.255759348583679103e-02	1.627453708513387221e-01	-4.049778280983860890e-02	8.301770102891661840e-02	-1.350537290391823908e-01	1.357717236829884266e-01	-1.488022624478805012e-01	1.061955349441587593e-01	-1.091341786823002841e-01	1.289969038107213195e-01	-1.427519037206193553e-01	1.841759072048957113e-01	-9.205320854930866548e-02	1.338643292656094830e-01	-2.263178472255915341e-01	2.584840057635819366e-01	-3.492725744541497757e-01	9.030784920368671587e-02	-1.722529360848299718e-01	2.506335455692936254e-01	-5.501682667404061977e-01	1.000000000000000000e+00	-1.121824355367172926e-01	1.676006465624438335e-01	-2.653707713976117266e-01	2.839382121832613737e-01	-6.116910979959357952e-01
-8.195651203229067927e-02	1.537264658283184759e-01	-1.353331340282734052e-01	9.196957582495729477e-02	-2.112476725659636068e-01	8.027747823831887786e-02	-1.282825727886273415e-01	1.616212374826543896e-01	-1.292959944572504849e-01	1.156925112516585807e-01	-2.746421499815644984e-01	1.933116379117171824e-01	-1.480674727684934133e-01	1.309943182128400774e-01	-1.223783324411698015e-01	2.887728495905895754e-01	-3.374143267376392696e-01	1.827808241196386962e-01	-1.419781617988827571e-01	1.213586475962429717e-01	-7.471322865808741609e-01	2.256112077203288879e-01	-1.591434918326083414e-01	1.237973160137409573e-01	-1.121824355367172926e-01	1.000000000000000222e+00	-3.014985893256205696e-01	1.557339662559674709e-01	-1.132213163990529597e-01	1.181264155963701740e-01
5.685724723187653151e-02	-1.359385451123667210e-01	1.150008793044833971e-01	-7.945236892225056302e-02	1.781557448952580391e-01	-5.762983717402451328e-02	1.075046241415401893e-01	-1.533931621678850665e-01	1.268556145731657425e-01	-1.222576177830470567e-01	1.594298597112867588e-01	-1.556506498741010991e-01	1.387426919497183053e-01	-1.336909541983384575e-01	1.322063984294221672e-01	-1.692388371366745359e-01	2.304541058629583361e-01	-2.308163148561336309e-01	1.721884158696820322e-01	-1.517238880840439119e-01	1.878779952491540506e-01	-7.251050777789377344e-01	2.559302009194601157e-01	-2.008920016316513291e-01	1.676006465624438335e-01	-3.014985893256205696e-01	9.999999999999997780e-01	-4.097608377129364765e-01	2.041055766884398159e-01	-2.058613210975712149e-01
-5.015194880994235105e-02	1.190416277179773413e-01	-1.342900245156342098e-01	9.178712013254226865e-02	-2.131003536194790993e-01	4.985772727127716492e-02	-9.817732386187696947e-02	1.496961018879059413e-01	-1.430926134764267110e-01	1.354606556071884516e-01	-1.368401465982874710e-01	1.310847491872015880e-01	-1.457556663951547482e-01	1.413069986108800025e-01	-1.623427652448104219e-01	1.204903884986129603e-01	-1.805646661998351055e-01	2.420275027319556682e-01	-2.263498727493669094e-01	1.805879105305329135e-01	-1.278052022766050511e-01	2.591721120806543821e-01	-4.340362710702847515e-01	2.750769643527573582e-01	-2.653707713976117266e-01	1.557339662559674709e-01	-4.097608377129364765e-01	9.999999999999995559e-01	-6.029500163545811198e-01	2.792646624697497915e-01
3.717076729300135274e-02	-9.135194612459426877e-02	9.498368577445054362e-02	-6.567338796351451791e-02	1.494434492286080551e-01	-3.721445012640094141e-02	7.444926913095037402e-02	-1.167971776896970376e-01	1.114630061452590581e-01	-1.123412117529802579e-01	9.941608331617052263e-02	-9.932678594114144333e-02	1.117020850030483597e-01	-1.152226380349177237e-01	1.327320491947135417e-01	-8.848068204124626135e-02	1.290422292324456266e-01	-1.998129496103664970e-01	1.959786279722628977e-01	-1.740959767913239087e-01	8.970627534960783078e-02	-1.883338924615128307e-01	2.583363573213278697e-01	-3.959558615505082146e-01	2.839382121832613737e-01	-1.132213163990529597e-01	2.041055766884398159e-01	-6.029500163545811198e-01	9.999999999999994449e-01	-5.716893744604698568e-01
-4.275155050077091706e-02	1.035502694304677729e-01	-1.199290240350832648e-01	8.240634461562454383e-02	-1.907855037826876043e-01	4.249187421978856821e-02	-8.559485036167990835e-02	1.347406418124149352e-01	-1.371728559186163321e-01	1.343446293816391579e-01	-1.142067862085311136e-01	1.117443636250155109e-01	-1.311148310006988726e-01	1.340312267230823196e-01	-1.736870965528880539e-01	9.668417499027558148e-02	-1.437399835801768666e-01	2.039875127380657016e-01	-2.353884485583736530e-01	2.122102492949801134e-01	-9.875022025430293948e-02	1.746351020264406140e-01	-2.686937095694757471e-01	3.028391964201693765e-01	-6.116910979959357952e-01	1.181264155963701740e-01	-2.058613210975712149e-01	2.792646624697497915e-01	-5.716893744604698568e-01	9.999999999999994449e-01
