1.000000000000000000e+00	-3.398645359921947939e-01	2.399640340084471524e-01	-1.530791993726980382e-01	1.357455464417206825e-01	-3.605915039345684581e-01	2.614307470865828709e-01	-3.771963048437841914e-01	1.558062216316462023e-01	-1.738673026216939754e-01	2.238189289591615838e-01	-2.712721555669722617e-01	2.521695267723679246e-01	-1.940703484560845349e-01	1.417290893930358009e-01	-2.417356549705272917e-01	2.236432462524539366e-01	-2.004494893631534325e-01	1.748850141346612319e-01	-1.707256361398794275e-01	1.982332632294060148e-01	-3.309233838079031487e-01	1.808102888103256256e-01	-1.689483609843485945e-01	1.572896985206720666e-01	-2.863146771514117339e-01	2.067256221132460214e-01	-3.108396563517254463e-01	1.428700025548063635e-01	-1.152430131169551175e-01
-3.398645359921947939e-01	1.000000000000000666e+00	-8.847963541083482264e-01	1.372822127215848065e-01	-1.227054772841646990e-01	1.064884172680506391e-01	-1.094016397620769382e-01	1.622348771178753202e-01	-1.101447237361983245e-01	1.027699591763191339e-01	-8.255861854861905325e-02	9.776093692547944969e-02	-1.186803895357799871e-01	1.038123084138365265e-01	-8.387679252985554001e-02	8.145227859496115275e-02	-8.067841835178428400e-02	7.822406240407796252e-02	-9.082222312522211793e-02	8.525756636645637210e-02	-6.447636338674088419e-02	1.051493992064732041e-01	-7.345532726594158901e-02	7.676912175161759722e-02	-7.779925785624779155e-02	8.789911285326366952e-02	-6.858574761582472701e-02	9.843056303601449564e-02	-6.700148446347245490e-02	5.131654505489234575e-02
2.399640340084471524e-01	-8.847963541083482264e-01	1.000000000000000666e+00	-1.835138761690811859e-01	1.308489565912789865e-01	-1.102872785631009711e-01	1.094028233729377464e-01	-2.089302847240324112e-01	1.227049285117331745e-01	-1.203190245099988870e-01	9.027614794133155540e-02	-1.116991577248400702e-01	1.332433417725689961e-01	-1.218053960243826450e-01	9.198846223383411180e-02	-9.199369257312293990e-02	9.116213843867759792e-02	-8.991280026010745052e-02	1.008708436150652643e-01	-9.752151459023182534e-02	7.436555423492692551e-02	-1.227071299586018627e-01	8.292929465082746199e-02	-8.675278380857215366e-02	8.491995258409568148e-02	-1.028184943311890864e-01	7.927831554392926472e-02	-1.152404347472842372e-01	7.356813832264254283e-02	-5.722470017881560456e-02
-1.530791993726980382e-01	1.372822127215848065e-01	-1.835138761690811859e-01	1.000000000000000444e+00	-7.016177012411287661e-01	7.112909830292483970e-02	-7.904701248736600849e-02	1.360670867300508291e-01	-5.127333659722579373e-01	2.879235847885823762e-01	-6.990339062831085748e-02	8.657106286300340903e-02	-1.268658363660017940e-01	2.431927462507897097e-01	-2.044943138660039739e-01	6.709108633664102872e-02	-7.253632548657945600e-02	9.944354360424037531e-02	-1.885335259360153282e-01	1.719164947764961204e-01	-5.392074347244074639e-02	8.717371557697248252e-02	-9.685177570226050081e-02	1.259348730050749987e-01	-1.335601051368412451e-01	6.868870940243303191e-02	-6.227411185495060342e-02	8.517721226623782560e-02	-1.077291348172002006e-01	7.906899975809748848e-02
1.357455464417206825e-01	-1.227054772841646990e-01	1.308489565912789865e-01	-7.016177012411287661e-01	1.000000000000000000e+00	-6.696875182696156170e-02	7.326423392290888625e-02	-1.323296336616668067e-01	2.852723964691656899e-01	-5.340749123032983992e-01	6.608177030628992199e-02	-8.350311198880899788e-02	1.164187807457200824e-01	-2.435136596796664554e-01	2.182105196805699809e-01	-6.465853748958219627e-02	6.922053277443866726e-02	-9.651036086329844998e-02	1.699835089337997929e-01	-2.086685046706919788e-01	5.232364924582501992e-02	-8.536557518435078373e-02	9.104654589035635071e-02	-1.235811322527954614e-01	1.227578244366367838e-01	-6.744748131958185067e-02	6.019135953862825295e-02	-8.348716138537988496e-02	9.871402712542506896e-02	-7.564764230867589145e-02
-3.605915039345684581e-01	1.064884172680506391e-01	-1.102872785631009711e-01	7.112909830292483970e-02	-6.696875182696156170e-02	9.999999999999994449e-01	-7.969660990954872126e-01	2.270153351597355429e-01	-8.100229207538563181e-02	7.933443353843437629e-02	-3.367102550107349823e-01	2.131590526571120192e-01	-1.887448845736949266e-01	9.827223304907675705e-02	-7.071775200579233367e-02	2.050384053252675975e-01	-1.715739737408516763e-01	9.953894818636226105e-02	-9.017795023559944945e-02	7.920474889315563816e-02	-1.034950897003248105e-01	1.568113304591627066e-01	-9.491907581275768613e-02	8.175821689410896209e-02	-8.177602795675455172e-02	1.245064863553610179e-01	-9.999651550776855746e-02	1.291169237282799587e-01	-7.282051598433897377e-02	5.537433235242936180e-02
2.614307470865828709e-01	-1.094016397620769382e-01	1.094028233729377464e-01	-7.904701248736600849e-02	7.326423392290888625e-02	-7.969660990954872126e-01	1.000000000000000222e+00	-3.403623509246784251e-01	9.083027857589695553e-02	-8.912843989793076127e-02	2.391947593436489494e-01	-2.673016932865238116e-01	2.111359966568411850e-01	-1.119771993171754937e-01	7.790260429768354478e-02	-2.197473615953345893e-01	1.795125403159640587e-01	-1.130911594536834625e-01	9.979871156412850608e-02	-8.871997749054935656e-02	1.134443421029686649e-01	-1.811739656276135924e-01	1.052618653370022972e-01	-9.098221020718164076e-02	8.884289355421219614e-02	-1.428107411077738365e-01	1.119894376345348386e-01	-1.496183836818239243e-01	7.932036781942414239e-02	-6.100336815656122458e-02
-3.771963048437841914e-01	1.622348771178753202e-01	-2.089302847240324112e-01	1.360670867300508291e-01	-1.323296336616668067e-01	2.270153351597355429e-01	-3.403623509246784251e-01	9.999999999999998890e-01	-1.868423973126982496e-01	1.444530360157440241e-01	-2.237319235646970383e-01	2.646954294256322338e-01	-6.811482427092014902e-01	2.014703128914591690e-01	-1.348604336357415168e-01	1.830644429375254123e-01	-2.104620424262973744e-01	1.651538340150323636e-01	-1.727309209976403970e-01	1.397303097669235494e-01	-1.229907218562631133e-01	1.898040272520007954e-01	-1.615784581459282221e-01	1.406298993984840262e-01	-1.466982827304107728e-01	1.447228531370133020e-01	-1.287702692835168694e-01	1.628137862212544751e-01	-1.261022915549434020e-01	9.287933750105278885e-02
1.558062216316462023e-01	-1.101447237361983245e-01	1.227049285117331745e-01	-5.127333659722579373e-01	2.852723964691656899e-01	-8.100229207538563181e-02	9.083027857589695553e-02	-1.868423973126982496e-01	1.000000000000001332e+00	-3.936702984607468592e-01	8.216956560328932124e-02	-1.075940471251749520e-01	1.662286434311386063e-01	-6.080405397514289101e-01	2.152104048454905605e-01	-7.902632373241967600e-02	8.624325109810583589e-02	-1.245606762294598630e-01	2.368580489825150570e-01	-2.241850080322788374e-01	6.203515398847498502e-02	-1.013517673129886026e-01	1.150667579280943431e-01	-1.606350399494730075e-01	1.477327858080521306e-01	-7.841266231790397501e-02	7.182572501816071597e-02	-9.827329152462069284e-02	1.192613990621538000e-01	-9.077311989634086198e-02
-1.738673026216939754e-01	1.027699591763191339e-01	-1.203190245099988870e-01	2.879235847885823762e-01	-5.340749123032983992e-01	7.933443353843437629e-02	-8.912843989793076127e-02	1.444530360157440241e-01	-3.936702984607468592e-01	1.000000000000001776e+00	-7.976631092796951372e-02	9.740821727673511232e-02	-1.390937110308733127e-01	2.495740873219041145e-01	-5.363025060945629807e-01	7.639031524499673154e-02	-8.338835687623463722e-02	1.227122120040102654e-01	-2.450581643918036401e-01	2.732916016662546577e-01	-6.242900233388696402e-02	1.004420307393568690e-01	-1.217585912013637722e-01	1.633894514292233702e-01	-1.843882402618856331e-01	7.861594672319768828e-02	-7.361872043098305340e-02	9.994147135126484061e-02	-1.450470345113880899e-01	1.056642760399548325e-01
2.238189289591615838e-01	-8.255861854861905325e-02	9.027614794133155540e-02	-6.990339062831085748e-02	6.608177030628992199e-02	-3.367102550107349823e-01	2.391947593436489494e-01	-2.237319235646970383e-01	8.216956560328932124e-02	-7.976631092796951372e-02	9.999999999999987788e-01	-4.566666731546974445e-01	2.112408388811984339e-01	-1.050682262558161884e-01	7.248057779162273007e-02	-6.887809535881203038e-01	2.999007462951643888e-01	-1.201926396541093400e-01	9.699091895805425634e-02	-8.200826026807174485e-02	1.500911389283780817e-01	-2.243547696733425023e-01	1.133381258507670242e-01	-8.826064342648771988e-02	8.704101460425639480e-02	-1.683739708883431607e-01	1.304259142610389444e-01	-1.560539289670658247e-01	7.831331479353763336e-02	-5.893319872515361685e-02
-2.712721555669722617e-01	9.776093692547944969e-02	-1.116991577248400702e-01	8.657106286300340903e-02	-8.350311198880899788e-02	2.131590526571120192e-01	-2.673016932865238116e-01	2.646954294256322338e-01	-1.075940471251749520e-01	9.740821727673511232e-02	-4.566666731546974445e-01	9.999999999999990008e-01	-4.544225015752593189e-01	1.373435313212674480e-01	-9.153367300764909953e-02	2.996542872794084045e-01	-5.587246290653468117e-01	1.476484069984458081e-01	-1.253968605151211391e-01	1.001680613183857094e-01	-1.524380396463967668e-01	2.397384847872161828e-01	-1.444352561509063548e-01	1.079862006390369944e-01	-1.095805488752774892e-01	1.563219135797235815e-01	-1.524636563493189934e-01	1.642704745072344208e-01	-9.729051679808686792e-02	7.159646192771852713e-02
2.521695267723679246e-01	-1.186803895357799871e-01	1.332433417725689961e-01	-1.268658363660017940e-01	1.164187807457200824e-01	-1.887448845736949266e-01	2.111359966568411850e-01	-6.811482427092014902e-01	1.662286434311386063e-01	-1.390937110308733127e-01	2.112408388811984339e-01	-4.544225015752593189e-01	1.000000000000000888e+00	-2.634760620883099813e-01	1.240493710246165088e-01	-1.996070230514871979e-01	2.243421443159237805e-01	-2.056836054743781117e-01	1.721254917540397944e-01	-1.377085018056019849e-01	1.250729155206624088e-01	-2.144095616917120750e-01	1.677625016108443279e-01	-1.406418383616835910e-01	1.328440779676882122e-01	-1.523378526193843174e-01	1.338528157018277487e-01	-1.757594997337996179e-01	1.149370088507492282e-01	-8.684393684762609089e-02
-1.940703484560845349e-01	1.038123084138365265e-01	-1.218053960243826450e-01	2.431927462507897097e-01	-2.435136596796664554e-01	9.827223304907675705e-02	-1.119771993171754937e-01	2.014703128914591690e-01	-6.080405397514289101e-01	2.495740873219041145e-01	-1.050682262558161884e-01	1.373435313212674480e-01	-2.634760620883099813e-01	1.000000000000000000e+00	-2.553587329996173660e-01	9.850015307385362462e-02	-1.115576544977020385e-01	1.694724762605499813e-01	-4.898079260599387807e-01	2.393072421761759661e-01	-7.694919342749353963e-02	1.246713041305786557e-01	-1.642458075915189941e-01	2.161647347984105849e-01	-2.130352036255960535e-01	9.482289451257133739e-02	-9.114067402703616982e-02	1.216942808338165871e-01	-1.708947956353049913e-01	1.226431249256322992e-01
1.417290893930358009e-01	-8.387679252985554001e-02	9.198846223383411180e-02	-2.044943138660039739e-01	2.182105196805699809e-01	-7.071775200579233367e-02	7.790260429768354478e-02	-1.348604336357415168e-01	2.152104048454905605e-01	-5.363025060945629807e-01	7.248057779162273007e-02	-9.153367300764909953e-02	1.240493710246165088e-01	-2.553587329996173660e-01	1.000000000000001110e+00	-7.154046010657567900e-02	7.758064421547694600e-02	-1.257455979095658538e-01	2.451028750794580491e-01	-6.853752464923469345e-01	5.923402317074839135e-02	-9.706039011789405202e-02	1.162403667901596577e-01	-1.750572635242814423e-01	1.705864112583658498e-01	-7.579332745309941277e-02	7.005097123876558030e-02	-9.741499795040209353e-02	1.298302556449337786e-01	-1.050650833913712723e-01
-2.417356549705272917e-01	8.145227859496115275e-02	-9.199369257312293990e-02	6.709108633664102872e-02	-6.465853748958219627e-02	2.050384053252675975e-01	-2.197473615953345893e-01	1.830644429375254123e-01	-7.902632373241967600e-02	7.639031524499673154e-02	-6.887809535881203038e-01	2.996542872794084045e-01	-1.996070230514871979e-01	9.850015307385362462e-02	-7.154046010657567900e-02	1.000000000000000222e+00	-5.270499402959815116e-01	1.199534138653598619e-01	-9.685745518314127500e-02	7.950640195949908173e-02	-1.921244859997635612e-01	2.300213469220966367e-01	-1.195730625230722877e-01	8.750499495901455094e-02	-8.925336938695518918e-02	1.686728438567805799e-01	-1.429445875446589409e-01	1.492416430352535295e-01	-8.040412548265940540e-02	5.920542524848240035e-02
2.236432462524539366e-01	-8.067841835178428400e-02	9.116213843867759792e-02	-7.253632548657945600e-02	6.922053277443866726e-02	-1.715739737408516763e-01	1.795125403159640587e-01	-2.104620424262973744e-01	8.624325109810583589e-02	-8.338835687623463722e-02	2.999007462951643888e-01	-5.587246290653468117e-01	2.243421443159237805e-01	-1.115576544977020385e-01	7.758064421547694600e-02	-5.270499402959815116e-01	9.999999999999975575e-01	-1.651909310121652263e-01	1.091687977619918565e-01	-8.818502974069299116e-02	1.814264126926479204e-01	-4.405885403695902758e-01	1.480477221724141867e-01	-9.925426453682882622e-02	9.705476172013478842e-02	-1.860396127123296883e-01	1.817902757343934361e-01	-1.965694286387991152e-01	8.808640797369376996e-02	-6.538047014190956352e-02
-2.004494893631534325e-01	7.822406240407796252e-02	-8.991280026010745052e-02	9.944354360424037531e-02	-9.651036086329844998e-02	9.953894818636226105e-02	-1.130911594536834625e-01	1.651538340150323636e-01	-1.245606762294598630e-01	1.227122120040102654e-01	-1.201926396541093400e-01	1.476484069984458081e-01	-2.056836054743781117e-01	1.694724762605499813e-01	-1.257455979095658538e-01	1.199534138653598619e-01	-1.651909310121652263e-01	9.999999999999948930e-01	-3.022658255811683237e-01	1.567033776029099768e-01	-1.034155000447933709e-01	1.731595242420255198e-01	-8.288852273563780404e-01	2.140531875962713160e-01	-1.800521972821052252e-01	1.146533671273561178e-01	-1.515987616489676282e-01	1.883631898993877174e-01	-1.512697492577486924e-01	1.097449826375613280e-01
1.748850141346612319e-01	-9.082222312522211793e-02	1.008708436150652643e-01	-1.885335259360153282e-01	1.699835089337997929e-01	-9.017795023559944945e-02	9.979871156412850608e-02	-1.727309209976403970e-01	2.368580489825150570e-01	-2.450581643918036401e-01	9.699091895805425634e-02	-1.253968605151211391e-01	1.721254917540397944e-01	-4.898079260599387807e-01	2.451028750794580491e-01	-9.685745518314127500e-02	1.091687977619918565e-01	-3.022658255811683237e-01	9.999999999999961142e-01	-4.515317600823749444e-01	8.056059234019302684e-02	-1.345973641931596521e-01	2.213118071839880463e-01	-4.745718277947353902e-01	2.519738886125162391e-01	-1.005494882157485503e-01	1.007578244861048467e-01	-1.399202638250116870e-01	2.010420328820686220e-01	-1.586087940560755860e-01
-1.707256361398794275e-01	8.525756636645637210e-02	-9.752151459023182534e-02	1.719164947764961204e-01	-2.086685046706919788e-01	7.920474889315563816e-02	-8.871997749054935656e-02	1.397303097669235494e-01	-2.241850080322788374e-01	2.732916016662546577e-01	-8.200826026807174485e-02	1.001680613183857094e-01	-1.377085018056019849e-01	2.393072421761759661e-01	-6.853752464923469345e-01	7.950640195949908173e-02	-8.818502974069299116e-02	1.567033776029099768e-01	-4.515317600823749444e-01	9.999999999999985567e-01	-6.667159071181150143e-02	1.077729090323436972e-01	-1.556399044117145192e-01	2.268845382677823486e-01	-2.699280384910163755e-01	8.312614952949776148e-02	-8.156267346869273960e-02	1.104716422260346026e-01	-1.860516953428068554e-01	1.411423047317960922e-01
1.982332632294060148e-01	-6.447636338674088419e-02	7.436555423492692551e-02	-5.392074347244074639e-02	5.232364924582501992e-02	-1.034950897003248105e-01	1.134443421029686649e-01	-1.229907218562631133e-01	6.203515398847498502e-02	-6.242900233388696402e-02	1.500911389283780817e-01	-1.524380396463967668e-01	1.250729155206624088e-01	-7.694919342749353963e-02	5.923402317074839135e-02	-1.921244859997635612e-01	1.814264126926479204e-01	-1.034155000447933709e-01	8.056059234019302684e-02	-6.667159071181150143e-02	1.000000000000000222e+00	-4.080926294168629731e-01	1.091599936391003528e-01	-7.720295473799340669e-02	7.903100629875342564e-02	-8.273097526123127654e-01	1.976383250313771822e-01	-1.909196699474284276e-01	7.385343852952193366e-02	-5.403406711592954187e-02
-3.309233838079031487e-01	1.051493992064732041e-01	-1.227071299586018627e-01	8.717371557697248252e-02	-8.536557518435078373e-02	1.568113304591627066e-01	-1.811739656276135924e-01	1.898040272520007954e-01	-1.013517673129886026e-01	1.004420307393568690e-01	-2.243547696733425023e-01	2.397384847872161828e-01	-2.144095616917120750e-01	1.246713041305786557e-01	-9.706039011789405202e-02	2.300213469220966367e-01	-4.405885403695902758e-01	1.731595242420255198e-01	-1.345973641931596521e-01	1.077729090323436972e-01	-4.080926294168629731e-01	1.000000000000000222e+00	-2.087945576779974277e-01	1.267308341205819477e-01	-1.319469647321973582e-01	2.735221482240436930e-01	-4.852685787629049674e-01	2.869715080145876507e-01	-1.234085167067779654e-01	8.807513841345869510e-02
1.808102888103256256e-01	-7.345532726594158901e-02	8.292929465082746199e-02	-9.685177570226050081e-02	9.104654589035635071e-02	-9.491907581275768613e-02	1.052618653370022972e-01	-1.615784581459282221e-01	1.150667579280943431e-01	-1.217585912013637722e-01	1.133381258507670242e-01	-1.444352561509063548e-01	1.677625016108443279e-01	-1.642458075915189941e-01	1.162403667901596577e-01	-1.195730625230722877e-01	1.480477221724141867e-01	-8.288852273563780404e-01	2.213118071839880463e-01	-1.556399044117145192e-01	1.091599936391003528e-01	-2.087945576779974277e-01	1.000000000000000000e+00	-2.627675613968690205e-01	1.693818605454727733e-01	-1.265982579850070122e-01	1.658969364630644150e-01	-2.607590730670184542e-01	1.452055955307133273e-01	-1.111977205716530304e-01
-1.689483609843485945e-01	7.676912175161759722e-02	-8.675278380857215366e-02	1.259348730050749987e-01	-1.235811322527954614e-01	8.175821689410896209e-02	-9.098221020718164076e-02	1.406298993984840262e-01	-1.606350399494730075e-01	1.633894514292233702e-01	-8.826064342648771988e-02	1.079862006390369944e-01	-1.406418383616835910e-01	2.161647347984105849e-01	-1.750572635242814423e-01	8.750499495901455094e-02	-9.925426453682882622e-02	2.140531875962713160e-01	-4.745718277947353902e-01	2.268845382677823486e-01	-7.720295473799340669e-02	1.267308341205819477e-01	-2.627675613968690205e-01	9.999999999999996669e-01	-5.844557212207480701e-01	9.495510121660259706e-02	-1.025393880069943170e-01	1.404973032752622475e-01	-4.431380199674216924e-01	2.755305581390336545e-01
1.572896985206720666e-01	-7.779925785624779155e-02	8.491995258409568148e-02	-1.335601051368412451e-01	1.227578244366367838e-01	-8.177602795675455172e-02	8.884289355421219614e-02	-1.466982827304107728e-01	1.477327858080521306e-01	-1.843882402618856331e-01	8.704101460425639480e-02	-1.095805488752774892e-01	1.328440779676882122e-01	-2.130352036255960535e-01	1.705864112583658498e-01	-8.925336938695518918e-02	9.705476172013478842e-02	-1.800521972821052252e-01	2.519738886125162391e-01	-2.699280384910163755e-01	7.903100629875342564e-02	-1.319469647321973582e-01	1.693818605454727733e-01	-5.844557212207480701e-01	9.999999999999995559e-01	-1.023982577910772795e-01	9.890540165969416431e-02	-1.433720721268078868e-01	3.229859186656586778e-01	-5.631032008695358027e-01
-2.863146771514117339e-01	8.789911285326366952e-02	-1.028184943311890864e-01	6.868870940243303191e-02	-6.744748131958185067e-02	1.245064863553610179e-01	-1.428107411077738365e-01	1.447228531370133020e-01	-7.841266231790397501e-02	7.861594672319768828e-02	-1.683739708883431607e-01	1.563219135797235815e-01	-1.523378526193843174e-01	9.482289451257133739e-02	-7.579332745309941277e-02	1.686728438567805799e-01	-1.860396127123296883e-01	1.146533671273561178e-01	-1.005494882157485503e-01	8.312614952949776148e-02	-8.273097526123127654e-01	2.735221482240436930e-01	-1.265982579850070122e-01	9.495510121660259706e-02	-1.023982577910772795e-01	9.999999999999998890e-01	-2.371102589503412683e-01	1.906970499929079577e-01	-9.479919828582795971e-02	6.790946342772338773e-02
2.067256221132460214e-01	-6.858574761582472701e-02	7.927831554392926472e-02	-6.227411185495060342e-02	6.019135953862825295e-02	-9.999651550776855746e-02	1.119894376345348386e-01	-1.287702692835168694e-01	7.182572501816071597e-02	-7.361872043098305340e-02	1.304259142610389444e-01	-1.524636563493189934e-01	1.338528157018277487e-01	-9.114067402703616982e-02	7.005097123876558030e-02	-1.429445875446589409e-01	1.817902757343934361e-01	-1.515987616489676282e-01	1.007578244861048467e-01	-8.156267346869273960e-02	1.976383250313771822e-01	-4.852685787629049674e-01	1.658969364630644150e-01	-1.025393880069943170e-01	9.890540165969416431e-02	-2.371102589503412683e-01	9.999999999999995559e-01	-7.584207765374803012e-01	1.021051999089309104e-01	-7.513939993118250171e-02
-3.108396563517254463e-01	9.843056303601449564e-02	-1.152404347472842372e-01	8.517721226623782560e-02	-8.348716138537988496e-02	1.291169237282799587e-01	-1.496183836818239243e-01	1.628137862212544751e-01	-9.827329152462069284e-02	9.994147135126484061e-02	-1.560539289670658247e-01	1.642704745072344208e-01	-1.757594997337996179e-01	1.216942808338165871e-01	-9.741499795040209353e-02	1.492416430352535295e-01	-1.965694286387991152e-01	1.883631898993877174e-01	-1.399202638250116870e-01	1.104716422260346026e-01	-1.909196699474284276e-01	2.869715080145876507e-01	-2.607590730670184542e-01	1.404973032752622475e-01	-1.433720721268078868e-01	1.906970499929079577e-01	-7.584207765374803012e-01	9.999999999999995559e-01	-1.566105975449558763e-01	1.055721934277969731e-01
1.428700025548063635e-01	-6.700148446347245490e-02	7.356813832264254283e-02	-1.077291348172002006e-01	9.871402712542506896e-02	-7.282051598433897377e-02	7.932036781942414239e-02	-1.261022915549434020e-01	1.192613990621538000e-01	-1.450470345113880899e-01	7.831331479353763336e-02	-9.729051679808686792e-02	1.149370088507492282e-01	-1.708947956353049913e-01	1.298302556449337786e-01	-8.040412548265940540e-02	8.808640797369376996e-02	-1.512697492577486924e-01	2.010420328820686220e-01	-1.860516953428068554e-01	7.385343852952193366e-02	-1.234085167067779654e-01	1.452055955307133273e-01	-4.431380199674216924e-01	3.229859186656586778e-01	-9.479919828582795971e-02	1.021051999089309104e-01	-1.566105975449558763e-01	9.999999999999996669e-01	-7.475254241502775621e-01
-1.152430131169551175e-01	5.131654505489234575e-02	-5.722470017881560456e-02	7.906899975809748848e-02	-7.564764230867589145e-02	5.537433235242936180e-02	-6.100336815656122458e-02	9.287933750105278885e-02	-9.077311989634086198e-02	1.056642760399548325e-01	-5.893319872515361685e-02	7.159646192771852713e-02	-8.684393684762609089e-02	1.226431249256322992e-01	-1.050650833913712723e-01	5.920542524848240035e-02	-6.538047014190956352e-02	1.097449826375613280e-01	-1.586087940560755860e-01	1.411423047317960922e-01	-5.403406711592954187e-02	8.807513841345869510e-02	-1.111977205716530304e-01	2.755305581390336545e-01	-5.631032008695358027e-01	6.790946342772338773e-02	-7.513939993118250171e-02	1.055721934277969731e-01	-7.475254241502775621e-01	9.999999999999996669e-01
