1.000000000000000222e+00	-4.087860927194744143e-01	2.437432570074246907e-01	-9.183948388090976134e-02	9.886204692170849628e-02	-6.896720400832163644e-01	2.274510949127679094e-01	-1.850576777558360086e-01	1.474891696823908138e-01	-1.011150973728935365e-01	2.527252505911693481e-01	-2.299703368227996036e-01	1.515103197610508379e-01	-1.314946474228046169e-01	9.196864951418282086e-02	-2.656700796125093800e-01	1.851376386162744136e-01	-1.481458990270411447e-01	1.161415446537946705e-01	-1.758996497479528298e-01	1.864506381656906575e-01	-1.296932229278428550e-01	1.065937680900168189e-01	-1.151016209414282843e-01	8.883076351625814049e-02	-2.846862124805132344e-01	1.366241603546910766e-01	-9.406606469079722976e-02	1.097857489567005129e-01	-9.211592525810116672e-02
-4.087860927194744143e-01	1.000000000000000444e+00	-5.255492609168543883e-01	1.218278287384965825e-01	-1.350386282909303848e-01	2.304123016552890590e-01	-5.892328581215927619e-01	2.794324873588980851e-01	-2.029308435613607353e-01	1.142351152768988493e-01	-1.359285279352314968e-01	2.529843175486378160e-01	-2.108840204918702443e-01	1.659137569138203205e-01	-1.062048763785024691e-01	1.321203965990914997e-01	-2.075546220035950906e-01	1.638003936449419495e-01	-1.291245492614215007e-01	1.795932187354214171e-01	-1.058099526761779735e-01	1.306957566536422477e-01	-1.132798636375129814e-01	1.200897299791620076e-01	-9.309389169242077156e-02	1.433391788001031342e-01	-1.468317324080886110e-01	9.816524316547600715e-02	-1.168329935368825345e-01	9.447298856203784068e-02
2.437432570074246907e-01	-5.255492609168543883e-01	1.000000000000000222e+00	-2.572200591312119866e-01	1.996942342348688726e-01	-2.411247865562319848e-01	3.039160908949262718e-01	-4.546811555076936684e-01	2.367029301500791494e-01	-1.703181730929444193e-01	1.414450789639179751e-01	-2.954331377438484951e-01	2.502953545939634039e-01	-2.319711408821102938e-01	1.465358063467598615e-01	-1.510623065127925380e-01	2.130886907061959323e-01	-2.387254054524366453e-01	1.753659721931021820e-01	-2.856047519690907976e-01	1.223691643417693098e-01	-1.583993211463023965e-01	1.427699929668876655e-01	-1.670716166841670069e-01	1.300595519212207063e-01	-1.803957136000772232e-01	1.659172739875031943e-01	-1.262950197958246645e-01	1.478668700731387009e-01	-1.359184193901715743e-01
-9.183948388090976134e-02	1.218278287384965825e-01	-2.572200591312119866e-01	1.000000000000000888e+00	-9.365755488950597840e-01	8.297918887323543768e-02	-9.395911839573241331e-02	1.080015756713465225e-01	-9.043342552644259569e-02	6.583354246747269434e-02	-5.176561666788640631e-02	9.577690887782260021e-02	-8.743898699666743934e-02	7.814545529493686915e-02	-5.856994699424675904e-02	5.447734532484189290e-02	-7.733164774880198211e-02	8.215042577366835075e-02	-6.447920565842819862e-02	1.048295186195429968e-01	-4.607945971319609563e-02	5.816573777537264317e-02	-5.387229183823750295e-02	6.157057646704041515e-02	-4.909261003607701124e-02	6.712397152681794099e-02	-6.369618827690727569e-02	4.761457974725655240e-02	-5.712501362177813125e-02	5.098194822373224022e-02
9.886204692170849628e-02	-1.350386282909303848e-01	1.996942342348688726e-01	-9.365755488950597840e-01	1.000000000000000444e+00	-9.739968540997820390e-02	1.000215852027760283e-01	-1.158846415920933709e-01	9.522500676675436926e-02	-7.793849963340146458e-02	5.981399440992699740e-02	-1.105940457764081897e-01	9.349827797482554437e-02	-8.716858177234569627e-02	6.704603448807068544e-02	-6.429696979809795820e-02	8.700134943151507927e-02	-9.669896146085273092e-02	7.484867358009146543e-02	-1.289497817504181021e-01	5.422502546433939641e-02	-6.727614995554713484e-02	6.220866077726128901e-02	-7.278299003746081797e-02	5.817880235699388752e-02	-8.128247098805235771e-02	7.203378647475003338e-02	-5.545168579130560493e-02	6.583319365160439363e-02	-6.115203058353624321e-02
-6.896720400832163644e-01	2.304123016552890590e-01	-2.411247865562319848e-01	8.297918887323543768e-02	-9.739968540997820390e-02	1.000000000000000888e+00	-2.165816958578244134e-01	1.565573488101648925e-01	-1.359441820496853082e-01	8.411472395891568532e-02	-4.832048636048456025e-01	1.885480170386102106e-01	-1.369802127846436735e-01	1.127079096957324111e-01	-7.945230628721969279e-02	2.559121382487342111e-01	-1.825676612605364735e-01	1.246263578405387012e-01	-1.011958702418056383e-01	1.408917151470713280e-01	-2.012279907126915401e-01	1.187568306040814176e-01	-9.737106913056463309e-02	9.929971391089856270e-02	-7.692307654118625548e-02	2.150745555858159519e-01	-1.325965615455539370e-01	8.495032251768011577e-02	-1.008385809560093660e-01	7.824945913522646235e-02
2.274510949127679094e-01	-5.892328581215927619e-01	3.039160908949262718e-01	-9.395911839573241331e-02	1.000215852027760283e-01	-2.165816958578244134e-01	1.000000000000001332e+00	-5.021406299419343133e-01	2.091740357991667687e-01	-1.207083470243194706e-01	1.249078956234160181e-01	-4.322990355413690589e-01	2.330406088759139349e-01	-1.897738090086356078e-01	1.086675249320705611e-01	-1.243813508361766157e-01	2.203161992433308181e-01	-1.816880464417007790e-01	1.344995939100743221e-01	-1.879840302126735974e-01	9.705510127275038257e-02	-1.384601854737488313e-01	1.147628948817049077e-01	-1.246839353620686763e-01	9.460521591613600678e-02	-1.311395122014195613e-01	1.448241794712202823e-01	-9.950452937731919800e-02	1.157857684730283637e-01	-9.649070561276917868e-02
-1.850576777558360086e-01	2.794324873588980851e-01	-4.546811555076936684e-01	1.080015756713465225e-01	-1.158846415920933709e-01	1.565573488101648925e-01	-5.021406299419343133e-01	1.000000000000000888e+00	-3.970964842614928547e-01	1.504865254384200324e-01	-1.024237082768675727e-01	2.497344418354005280e-01	-4.868018316200781181e-01	2.734271797732151232e-01	-1.393064260100702334e-01	1.029567659125343315e-01	-1.951340866527463691e-01	2.095191626557203479e-01	-1.595170307240653396e-01	2.015013260741172207e-01	-8.455829801053958705e-02	1.287421841660681965e-01	-1.199295189294008468e-01	1.321635275132270748e-01	-1.015375800265419376e-01	1.136180593362546842e-01	-1.427918400322024939e-01	1.016997125828401488e-01	-1.223736193012295304e-01	1.013942315145843487e-01
1.474891696823908138e-01	-2.029308435613607353e-01	2.367029301500791494e-01	-9.043342552644259569e-02	9.522500676675436926e-02	-1.359441820496853082e-01	2.091740357991667687e-01	-3.970964842614928547e-01	1.000000000000002220e+00	-3.325483346181886124e-01	9.057987416754562093e-02	-2.268439932904448009e-01	3.090326153003498666e-01	-6.661578388342048740e-01	2.291507900860007274e-01	-9.451900739029608922e-02	1.722717893466201300e-01	-2.308352094832346602e-01	1.731521915249778221e-01	-2.656674242485940196e-01	7.887173325048936479e-02	-1.298325686842149995e-01	1.266911625596787716e-01	-1.498543213336490099e-01	1.189669609371208914e-01	-1.086005668956584597e-01	1.405119994942729267e-01	-1.095080016426351333e-01	1.325638959750465584e-01	-1.196119532203910873e-01
-1.011150973728935365e-01	1.142351152768988493e-01	-1.703181730929444193e-01	6.583354246747269434e-02	-7.793849963340146458e-02	8.411472395891568532e-02	-1.207083470243194706e-01	1.504865254384200324e-01	-3.325483346181886124e-01	1.000000000000001776e+00	-5.987920490601426893e-02	1.279599331976932763e-01	-1.688649277428829198e-01	2.038167457383660841e-01	-8.507979380681907067e-01	6.116362296584265668e-02	-1.224574093243430001e-01	1.401360338821904528e-01	-1.371578461212027422e-01	2.321964142025705058e-01	-5.288304971595769038e-02	9.448696611455753569e-02	-1.025339486124696164e-01	1.129011455296236865e-01	-1.091924625490810208e-01	6.952429590162169382e-02	-1.157112259610390825e-01	8.724391523740990251e-02	-1.186796263098963272e-01	9.668711114124056705e-02
2.527252505911693481e-01	-1.359285279352314968e-01	1.414450789639179751e-01	-5.176561666788640631e-02	5.981399440992699740e-02	-4.832048636048456025e-01	1.249078956234160181e-01	-1.024237082768675727e-01	9.057987416754562093e-02	-5.987920490601426893e-02	1.000000000000001332e+00	-1.726065687260553982e-01	9.422019646505838675e-02	-7.839639200378584194e-02	5.616367893352611218e-02	-7.152011827123812004e-01	1.633862993604001668e-01	-9.602424387603537836e-02	7.611759894014367978e-02	-1.062158843786233930e-01	2.513630284294813277e-01	-1.062777570238447877e-01	7.657260818230682275e-02	-7.750241536817424615e-02	5.826741814813474196e-02	-3.143768061617356890e-01	1.049654180914555424e-01	-6.713248885514724873e-02	7.634462948069641042e-02	-5.993730929055146595e-02
-2.299703368227996036e-01	2.529843175486378160e-01	-2.954331377438484951e-01	9.577690887782260021e-02	-1.105940457764081897e-01	1.885480170386102106e-01	-4.322990355413690589e-01	2.497344418354005280e-01	-2.268439932904448009e-01	1.279599331976932763e-01	-1.726065687260553982e-01	9.999999999999996669e-01	-2.806956554106682100e-01	1.890753616070395549e-01	-1.245125267747193981e-01	1.638132179331040772e-01	-6.182052392180042988e-01	2.196516216963503298e-01	-1.764286781925039904e-01	2.141084149248942414e-01	-1.288202080131263250e-01	2.404946069429964584e-01	-1.797244333833641350e-01	1.684973434186197161e-01	-1.264010092245378414e-01	1.538243105812533429e-01	-2.670166576701971661e-01	1.522572991183149260e-01	-1.737347305984947299e-01	1.265604616658045078e-01
1.515103197610508379e-01	-2.108840204918702443e-01	2.502953545939634039e-01	-8.743898699666743934e-02	9.349827797482554437e-02	-1.369802127846436735e-01	2.330406088759139349e-01	-4.868018316200781181e-01	3.090326153003498666e-01	-1.688649277428829198e-01	9.422019646505838675e-02	-2.806956554106682100e-01	1.000000000000000444e+00	-5.663670558765294683e-01	1.567380228453715552e-01	-9.780048234452624889e-02	1.995824952011349684e-01	-3.959059072297025916e-01	2.158467232835885596e-01	-2.506299313604571921e-01	8.067682016714655679e-02	-1.418991822661772317e-01	1.400447800287475120e-01	-1.663315870932021989e-01	1.208503275220130929e-01	-1.085340118566704704e-01	1.514454332226692346e-01	-1.169504966328773071e-01	1.394865524491959441e-01	-1.201842379840791508e-01
-1.314946474228046169e-01	1.659137569138203205e-01	-2.319711408821102938e-01	7.814545529493686915e-02	-8.716858177234569627e-02	1.127079096957324111e-01	-1.897738090086356078e-01	2.734271797732151232e-01	-6.661578388342048740e-01	2.038167457383660841e-01	-7.839639200378584194e-02	1.890753616070395549e-01	-5.663670558765294683e-01	9.999999999999986677e-01	-2.235086229409672665e-01	8.020501257487692992e-02	-1.619812034116306920e-01	2.148880914092003991e-01	-1.798795435023965994e-01	2.058644006745616040e-01	-6.755912892261817237e-02	1.153021200897605958e-01	-1.180801386187727842e-01	1.324151153977151663e-01	-1.037204939816531724e-01	8.982484400982988781e-02	-1.312460677332075720e-01	9.797766845230723720e-02	-1.224712160614317702e-01	1.002122193417303020e-01
9.196864951418282086e-02	-1.062048763785024691e-01	1.465358063467598615e-01	-5.856994699424675904e-02	6.704603448807068544e-02	-7.945230628721969279e-02	1.086675249320705611e-01	-1.393064260100702334e-01	2.291507900860007274e-01	-8.507979380681907067e-01	5.616367893352611218e-02	-1.245125267747193981e-01	1.567380228453715552e-01	-2.235086229409672665e-01	1.000000000000004219e+00	-5.810602658213021021e-02	1.146018934125953154e-01	-1.491986834733094458e-01	1.408220091237556981e-01	-3.421077244920588956e-01	5.005682552432226540e-02	-9.153955448347123047e-02	1.003373543960105474e-01	-1.175567167309382738e-01	1.155071977416169404e-01	-6.675940890066400790e-02	1.080076133420529994e-01	-8.624909748640452456e-02	1.142985144505649919e-01	-1.060320595340076555e-01
-2.656700796125093800e-01	1.321203965990914997e-01	-1.510623065127925380e-01	5.447734532484189290e-02	-6.429696979809795820e-02	2.559121382487342111e-01	-1.243813508361766157e-01	1.029567659125343315e-01	-9.451900739029608922e-02	6.116362296584265668e-02	-7.152011827123812004e-01	1.638132179331040772e-01	-9.780048234452624889e-02	8.020501257487692992e-02	-5.810602658213021021e-02	1.000000000000000666e+00	-2.144439086677213668e-01	1.001204026003956332e-01	-8.055391943924170017e-02	1.080948966084226831e-01	-4.654321573153238356e-01	1.197826797020999923e-01	-8.407584470379034225e-02	8.194323147394011464e-02	-6.147681023565570307e-02	2.828536522489519256e-01	-1.193254297797763236e-01	7.285255676027929672e-02	-8.274256086494168050e-02	6.279211784224356108e-02
1.851376386162744136e-01	-2.075546220035950906e-01	2.130886907061959323e-01	-7.733164774880198211e-02	8.700134943151507927e-02	-1.825676612605364735e-01	2.203161992433308181e-01	-1.951340866527463691e-01	1.722717893466201300e-01	-1.224574093243430001e-01	1.633862993604001668e-01	-6.182052392180042988e-01	1.995824952011349684e-01	-1.619812034116306920e-01	1.146018934125953154e-01	-2.144439086677213668e-01	1.000000000000000444e+00	-2.845291701436326592e-01	1.897574850415142123e-01	-2.410536467299652652e-01	1.405487466703111699e-01	-4.740487123246687751e-01	2.010712720904958839e-01	-1.995959213215351136e-01	1.349668611913266980e-01	-1.723791013964492691e-01	2.697039622924836677e-01	-1.751389538285706426e-01	1.756456824312968568e-01	-1.406590810032946059e-01
-1.481458990270411447e-01	1.638003936449419495e-01	-2.387254054524366453e-01	8.215042577366835075e-02	-9.669896146085273092e-02	1.246263578405387012e-01	-1.816880464417007790e-01	2.095191626557203479e-01	-2.308352094832346602e-01	1.401360338821904528e-01	-9.602424387603537836e-02	2.196516216963503298e-01	-3.959059072297025916e-01	2.148880914092003991e-01	-1.491986834733094458e-01	1.001204026003956332e-01	-2.845291701436326592e-01	9.999999999999993339e-01	-6.657829368415058013e-01	2.788473758919945422e-01	-8.507196876629437299e-02	1.850766888803433985e-01	-2.369468799763659317e-01	2.559482194430520718e-01	-1.726504354414759856e-01	1.072442099114250952e-01	-2.106553138134959480e-01	1.667815119579691141e-01	-2.111613966414277455e-01	1.552299624807192413e-01
1.161415446537946705e-01	-1.291245492614215007e-01	1.753659721931021820e-01	-6.447920565842819862e-02	7.484867358009146543e-02	-1.011958702418056383e-01	1.344995939100743221e-01	-1.595170307240653396e-01	1.731521915249778221e-01	-1.371578461212027422e-01	7.611759894014367978e-02	-1.764286781925039904e-01	2.158467232835885596e-01	-1.798795435023965994e-01	1.408220091237556981e-01	-8.055391943924170017e-02	1.897574850415142123e-01	-6.657829368415058013e-01	9.999999999999995559e-01	-4.317252365536796699e-01	6.939135042604656356e-02	-1.666475537855009736e-01	2.256844802899493629e-01	-4.423761883162248831e-01	1.956533178256197325e-01	-8.972667657520984330e-02	1.791666707100515177e-01	-1.694333942342006460e-01	2.049392904814957561e-01	-1.773582725368209878e-01
-1.758996497479528298e-01	1.795932187354214171e-01	-2.856047519690907976e-01	1.048295186195429968e-01	-1.289497817504181021e-01	1.408917151470713280e-01	-1.879840302126735974e-01	2.015013260741172207e-01	-2.656674242485940196e-01	2.321964142025705058e-01	-1.062158843786233930e-01	2.141084149248942414e-01	-2.506299313604571921e-01	2.058644006745616040e-01	-3.421077244920588956e-01	1.080948966084226831e-01	-2.410536467299652652e-01	2.788473758919945422e-01	-4.317252365536796699e-01	1.000000000000001998e+00	-9.564992841151695457e-02	1.974336679137786710e-01	-2.465944493918947322e-01	2.723084516830105439e-01	-3.921017410869716557e-01	1.211918994516946735e-01	-2.570178970744747549e-01	2.027909584012257960e-01	-3.025233058164306099e-01	2.500731248964963571e-01
1.864506381656906575e-01	-1.058099526761779735e-01	1.223691643417693098e-01	-4.607945971319609563e-02	5.422502546433939641e-02	-2.012279907126915401e-01	9.705510127275038257e-02	-8.455829801053958705e-02	7.887173325048936479e-02	-5.288304971595769038e-02	2.513630284294813277e-01	-1.288202080131263250e-01	8.067682016714655679e-02	-6.755912892261817237e-02	5.005682552432226540e-02	-4.654321573153238356e-01	1.405487466703111699e-01	-8.507196876629437299e-02	6.939135042604656356e-02	-9.564992841151695457e-02	1.000000000000000666e+00	-1.207939569354726517e-01	7.662834214048541703e-02	-7.381829267391164240e-02	5.491996258781425139e-02	-7.957165089167158589e-01	1.099037968237432800e-01	-6.693957098491119806e-02	7.445639441990112295e-02	-5.655645791583627929e-02
-1.296932229278428550e-01	1.306957566536422477e-01	-1.583993211463023965e-01	5.816573777537264317e-02	-6.727614995554713484e-02	1.187568306040814176e-01	-1.384601854737488313e-01	1.287421841660681965e-01	-1.298325686842149995e-01	9.448696611455753569e-02	-1.062777570238447877e-01	2.404946069429964584e-01	-1.418991822661772317e-01	1.153021200897605958e-01	-9.153955448347123047e-02	1.197826797020999923e-01	-4.740487123246687751e-01	1.850766888803433985e-01	-1.666475537855009736e-01	1.974336679137786710e-01	-1.207939569354726517e-01	1.000000000000000444e+00	-3.726079240984440100e-01	2.200220047697413750e-01	-1.447860182722619793e-01	1.299020308370122112e-01	-6.701291553405173129e-01	2.552332903721328816e-01	-2.311768447875164889e-01	1.494735426839438608e-01
1.065937680900168189e-01	-1.132798636375129814e-01	1.427699929668876655e-01	-5.387229183823750295e-02	6.220866077726128901e-02	-9.737106913056463309e-02	1.147628948817049077e-01	-1.199295189294008468e-01	1.266911625596787716e-01	-1.025339486124696164e-01	7.657260818230682275e-02	-1.797244333833641350e-01	1.400447800287475120e-01	-1.180801386187727842e-01	1.003373543960105474e-01	-8.407584470379034225e-02	2.010712720904958839e-01	-2.369468799763659317e-01	2.256844802899493629e-01	-2.465944493918947322e-01	7.662834214048541703e-02	-3.726079240984440100e-01	1.000000000000000444e+00	-5.745912463356382949e-01	2.052079451531696741e-01	-9.714745746319627950e-02	2.846697678455011316e-01	-5.367759994625114217e-01	2.945415877583169584e-01	-2.242535515783693478e-01
-1.151016209414282843e-01	1.200897299791620076e-01	-1.670716166841670069e-01	6.157057646704041515e-02	-7.278299003746081797e-02	9.929971391089856270e-02	-1.246839353620686763e-01	1.321635275132270748e-01	-1.498543213336490099e-01	1.129011455296236865e-01	-7.750241536817424615e-02	1.684973434186197161e-01	-1.663315870932021989e-01	1.324151153977151663e-01	-1.175567167309382738e-01	8.194323147394011464e-02	-1.995959213215351136e-01	2.559482194430520718e-01	-4.423761883162248831e-01	2.723084516830105439e-01	-7.381829267391164240e-02	2.200220047697413750e-01	-5.745912463356382949e-01	1.000000000000000666e+00	-3.550329211719915889e-01	9.277170100566274613e-02	-2.561366255265600245e-01	2.733636751711684409e-01	-3.792114606000673294e-01	2.483534237341541440e-01
8.883076351625814049e-02	-9.309389169242077156e-02	1.300595519212207063e-01	-4.909261003607701124e-02	5.817880235699388752e-02	-7.692307654118625548e-02	9.460521591613600678e-02	-1.015375800265419376e-01	1.189669609371208914e-01	-1.091924625490810208e-01	5.826741814813474196e-02	-1.264010092245378414e-01	1.208503275220130929e-01	-1.037204939816531724e-01	1.155071977416169404e-01	-6.147681023565570307e-02	1.349668611913266980e-01	-1.726504354414759856e-01	1.956533178256197325e-01	-3.921017410869716557e-01	5.491996258781425139e-02	-1.447860182722619793e-01	2.052079451531696741e-01	-3.550329211719915889e-01	1.000000000000000666e+00	-7.117219679487828132e-02	1.664581368104544878e-01	-1.966843267462674572e-01	2.699188085869497211e-01	-7.585256964138289426e-01
-2.846862124805132344e-01	1.433391788001031342e-01	-1.803957136000772232e-01	6.712397152681794099e-02	-8.128247098805235771e-02	2.150745555858159519e-01	-1.311395122014195613e-01	1.136180593362546842e-01	-1.086005668956584597e-01	6.952429590162169382e-02	-3.143768061617356890e-01	1.538243105812533429e-01	-1.085340118566704704e-01	8.982484400982988781e-02	-6.675940890066400790e-02	2.828536522489519256e-01	-1.723791013964492691e-01	1.072442099114250952e-01	-8.972667657520984330e-02	1.211918994516946735e-01	-7.957165089167158589e-01	1.299020308370122112e-01	-9.714745746319627950e-02	9.277170100566274613e-02	-7.117219679487828132e-02	1.000000000000000888e+00	-1.426231438386847405e-01	8.460185656153199063e-02	-9.861107722648984608e-02	7.225629953843865083e-02
1.366241603546910766e-01	-1.468317324080886110e-01	1.659172739875031943e-01	-6.369618827690727569e-02	7.203378647475003338e-02	-1.325965615455539370e-01	1.448241794712202823e-01	-1.427918400322024939e-01	1.405119994942729267e-01	-1.157112259610390825e-01	1.049654180914555424e-01	-2.670166576701971661e-01	1.514454332226692346e-01	-1.312460677332075720e-01	1.080076133420529994e-01	-1.193254297797763236e-01	2.697039622924836677e-01	-2.106553138134959480e-01	1.791666707100515177e-01	-2.570178970744747549e-01	1.099037968237432800e-01	-6.701291553405173129e-01	2.846697678455011316e-01	-2.561366255265600245e-01	1.664581368104544878e-01	-1.426231438386847405e-01	1.000000000000001110e+00	-4.392889398770509768e-01	2.537489602376998832e-01	-1.929143802807936070e-01
-9.406606469079722976e-02	9.816524316547600715e-02	-1.262950197958246645e-01	4.761457974725655240e-02	-5.545168579130560493e-02	8.495032251768011577e-02	-9.950452937731919800e-02	1.016997125828401488e-01	-1.095080016426351333e-01	8.724391523740990251e-02	-6.713248885514724873e-02	1.522572991183149260e-01	-1.169504966328773071e-01	9.797766845230723720e-02	-8.624909748640452456e-02	7.285255676027929672e-02	-1.751389538285706426e-01	1.667815119579691141e-01	-1.694333942342006460e-01	2.027909584012257960e-01	-6.693957098491119806e-02	2.552332903721328816e-01	-5.367759994625114217e-01	2.733636751711684409e-01	-1.966843267462674572e-01	8.460185656153199063e-02	-4.392889398770509768e-01	1.000000000000001332e+00	-5.994103407925046589e-01	2.132963201527337538e-01
1.097857489567005129e-01	-1.168329935368825345e-01	1.478668700731387009e-01	-5.712501362177813125e-02	6.583319365160439363e-02	-1.008385809560093660e-01	1.157857684730283637e-01	-1.223736193012295304e-01	1.325638959750465584e-01	-1.186796263098963272e-01	7.634462948069641042e-02	-1.737347305984947299e-01	1.394865524491959441e-01	-1.224712160614317702e-01	1.142985144505649919e-01	-8.274256086494168050e-02	1.756456824312968568e-01	-2.111613966414277455e-01	2.049392904814957561e-01	-3.025233058164306099e-01	7.445639441990112295e-02	-2.311768447875164889e-01	2.945415877583169584e-01	-3.792114606000673294e-01	2.699188085869497211e-01	-9.861107722648984608e-02	2.537489602376998832e-01	-5.994103407925046589e-01	1.000000000000001332e+00	-4.583231303105363419e-01
-9.211592525810116672e-02	9.447298856203784068e-02	-1.359184193901715743e-01	5.098194822373224022e-02	-6.115203058353624321e-02	7.824945913522646235e-02	-9.649070561276917868e-02	1.013942315145843487e-01	-1.196119532203910873e-01	9.668711114124056705e-02	-5.993730929055146595e-02	1.265604616658045078e-01	-1.201842379840791508e-01	1.002122193417303020e-01	-1.060320595340076555e-01	6.279211784224356108e-02	-1.406590810032946059e-01	1.552299624807192413e-01	-1.773582725368209878e-01	2.500731248964963571e-01	-5.655645791583627929e-02	1.494735426839438608e-01	-2.242535515783693478e-01	2.483534237341541440e-01	-7.585256964138289426e-01	7.225629953843865083e-02	-1.929143802807936070e-01	2.132963201527337538e-01	-4.583231303105363419e-01	1.000000000000001332e+00
