1.000000000000000222e+00	-1.003703956974736355e-01	7.846217411325148716e-02	-6.072077125952934917e-02	6.033743905141181196e-02	-9.412123599792049378e-01	1.122079613721418401e-01	-1.121464476793388731e-01	6.471840514830773383e-02	-8.666734988658374161e-02	1.883135652149030836e-01	-1.006860964007045695e-01	7.399448028089458673e-02	-7.571276559156940589e-02	3.646426495420852787e-02	-1.382105070308163874e-01	9.499136058233972890e-02	-8.383545820699779549e-02	6.382311397113551998e-02	-3.603659892712686441e-02	8.996605736734308856e-02	-1.009882055347895990e-01	3.074672517057212839e-02	-1.913331838717116651e-02	2.137793895310744971e-02	-8.808231104966905700e-02	6.250106131207956717e-02	-3.404401063721855525e-02	1.588457872206237159e-02	-1.594252994548727570e-02
-1.003703956974736355e-01	9.999999999999997780e-01	-8.899062858636272999e-01	2.266013104051994853e-01	-2.561623879350404254e-01	8.277629948426921958e-02	-1.971716165522810760e-01	1.457018665485088627e-01	-1.401413657865560880e-01	1.479727718488552390e-01	-1.056242784432865622e-01	1.037106957006456165e-01	-1.046119374434308219e-01	1.062853469056519312e-01	-5.480389945397298040e-02	7.143088385901077975e-02	-9.885693364335594591e-02	9.525674034949717373e-02	-9.366329582505006357e-02	4.997103928778807297e-02	-6.312042606754612872e-02	6.773099050191591641e-02	-2.517206528195289547e-02	1.812081320911741386e-02	-2.091772785279765248e-02	5.360838791181776058e-02	-4.555630085894096098e-02	2.663669380216893839e-02	-1.482747840216665225e-02	1.510255529304245677e-02
7.846217411325148716e-02	-8.899062858636272999e-01	1.000000000000000000e+00	-3.154064395522767628e-01	2.142104897214583692e-01	-7.270755661812851323e-02	1.480460341852780637e-01	-1.517495593224958417e-01	1.346906136795878173e-01	-1.486182052762386185e-01	8.841954155216522060e-02	-8.987990298328014938e-02	9.716431009662974960e-02	-1.034250457232981785e-01	5.035362113574548548e-02	-6.204259160527361705e-02	8.439665054752598650e-02	-8.876490163342889983e-02	8.538311457243408231e-02	-4.660827781501686307e-02	5.423244206079696345e-02	-5.942441006361647016e-02	2.213600726991125922e-02	-1.617814127339257946e-02	1.862833381679001102e-02	-4.712977640983288807e-02	3.958171182848894271e-02	-2.354023834691658379e-02	1.317290217517507259e-02	-1.349661426840596812e-02
-6.072077125952934917e-02	2.266013104051994853e-01	-3.154064395522767628e-01	9.999999999999997780e-01	-7.896539957543680099e-01	5.265105503855547348e-02	-1.674458672492573907e-01	1.780794987710697386e-01	-3.543565941903553118e-01	2.728318332689979586e-01	-1.087821868994231084e-01	9.879456993649039787e-02	-1.362835126776283656e-01	1.613908253456647901e-01	-8.111947065513581967e-02	7.168211623094464247e-02	-1.074349685452892222e-01	1.156995290017303057e-01	-1.356098622902954798e-01	7.141971940522857942e-02	-6.663558598864427474e-02	6.958994033479415364e-02	-2.796559138691308982e-02	2.167339178444550180e-02	-2.524252735878260157e-02	5.462553954038872062e-02	-4.816146095229600910e-02	2.928999621127878830e-02	-1.748762455673329511e-02	1.797713404215878913e-02
6.033743905141181196e-02	-2.561623879350404254e-01	2.142104897214583692e-01	-7.896539957543680099e-01	9.999999999999998890e-01	-5.392856622797247840e-02	1.577525647663517994e-01	-1.962137556095696622e-01	2.659004426217773664e-01	-4.166888129367367632e-01	1.049040768144546693e-01	-9.825220664960976347e-02	1.355372044199242287e-01	-1.699618861230141886e-01	8.471355659733442733e-02	-7.127534708925019336e-02	1.046539558280556587e-01	-1.203329942480006187e-01	1.320319724494147251e-01	-7.733335570121339930e-02	6.542750383326723096e-02	-6.983139706656286971e-02	2.806001353153752750e-02	-2.209726276213590593e-02	2.566634081530240127e-02	-5.495501413692646664e-02	4.776211332233290530e-02	-2.960058576769299815e-02	1.773627578028705298e-02	-1.840638154479414673e-02
-9.412123599792049378e-01	8.277629948426921958e-02	-7.270755661812851323e-02	5.265105503855547348e-02	-5.392856622797247840e-02	9.999999999999997780e-01	-1.107734485796415397e-01	9.447994279124548311e-02	-5.572083774594367711e-02	7.320033242519626004e-02	-2.397583652220597883e-01	9.372225581259352456e-02	-6.486972195102751193e-02	6.473877115644752211e-02	-3.165620229888702064e-02	1.249271497565834083e-01	-8.819167268694716455e-02	7.264590289404930512e-02	-5.590029200866530878e-02	3.105115146600102155e-02	-8.448057733087672994e-02	8.786892433020632165e-02	-2.699735676791225128e-02	1.667429230609403235e-02	-1.868471066052959303e-02	7.599663215777541225e-02	-5.544253532986330446e-02	2.961447364928385118e-02	-1.386092119488958191e-02	1.383794133427194810e-02
1.122079613721418401e-01	-1.971716165522810760e-01	1.480460341852780637e-01	-1.674458672492573907e-01	1.577525647663517994e-01	-1.107734485796415397e-01	9.999999999999995559e-01	-4.071813940352860262e-01	2.058081645973250939e-01	-2.836325798405138210e-01	2.535026278151515378e-01	-6.174000542698535599e-01	2.542056676801650594e-01	-2.547936955440860407e-01	1.164527197791297985e-01	-2.196806183963058434e-01	3.018440399611846403e-01	-2.944912271988705532e-01	2.065213785108434286e-01	-1.173237319860432060e-01	1.778052230837264824e-01	-2.270755845595630873e-01	7.315483853262812197e-02	-4.936456714158792003e-02	5.546610715124909025e-02	-1.727187459518646218e-01	1.372134098539117553e-01	-7.996489090049264947e-02	4.042561518687505517e-02	-4.138833027016500243e-02
-1.121464476793388731e-01	1.457018665485088627e-01	-1.517495593224958417e-01	1.780794987710697386e-01	-1.962137556095696622e-01	9.447994279124548311e-02	-4.071813940352860262e-01	9.999999999999997780e-01	-3.733345498174459598e-01	2.659794237569640396e-01	-2.610725459022493200e-01	2.384864711015448890e-01	-5.975769321422857994e-01	2.838082473539443318e-01	-1.458689662167848011e-01	1.665134064101136124e-01	-2.720655805841934449e-01	2.855346109695811041e-01	-2.785693162659231281e-01	1.288565967240482835e-01	-1.588306216124058812e-01	1.612447383185264538e-01	-6.395564240779545717e-02	4.650841523791544169e-02	-5.419041306728963198e-02	1.247933518889381421e-01	-1.135826965513226650e-01	6.606216236819636989e-02	-3.808418138718640267e-02	3.837387036111773037e-02
6.471840514830773383e-02	-1.401413657865560880e-01	1.346906136795878173e-01	-3.543565941903553118e-01	2.659004426217773664e-01	-5.572083774594367711e-02	2.058081645973250939e-01	-3.733345498174459598e-01	1.000000000000000444e+00	-6.700978416942997562e-01	1.394588352952670918e-01	-1.306516015399433461e-01	2.292087397547797611e-01	-4.120655913209579913e-01	1.337915417910480465e-01	-9.321968528122584474e-02	1.466174815269609411e-01	-1.850130649579634912e-01	2.247772471793962890e-01	-1.202147579449037162e-01	8.726840268838488568e-02	-9.201622634076568608e-02	3.808148372600479031e-02	-3.106281581959746685e-02	3.610468535124575912e-02	-7.130625717917508932e-02	6.356356905997111173e-02	-3.983624083324889542e-02	2.459901473925526008e-02	-2.555119670689429481e-02
-8.666734988658374161e-02	1.479727718488552390e-01	-1.486182052762386185e-01	2.728318332689979586e-01	-4.166888129367367632e-01	7.320033242519626004e-02	-2.836325798405138210e-01	2.659794237569640396e-01	-6.700978416942997562e-01	1.000000000000000666e+00	-1.905803393314964567e-01	1.638291783304887950e-01	-2.353541047218923599e-01	2.650912949280193609e-01	-1.758832170556780539e-01	1.211843058633670367e-01	-1.886332173371734755e-01	1.941794905025676643e-01	-2.538989038243038010e-01	1.394163543069726063e-01	-1.158312518496348170e-01	1.174692372053383477e-01	-4.883402750850051460e-02	3.881953990209268540e-02	-4.568011038022905257e-02	9.188905164956820415e-02	-8.305483579879939515e-02	5.070080146951140565e-02	-3.125200684689867503e-02	3.214318883115344083e-02
1.883135652149030836e-01	-1.056242784432865622e-01	8.841954155216522060e-02	-1.087821868994231084e-01	1.049040768144546693e-01	-2.397583652220597883e-01	2.535026278151515378e-01	-2.610725459022493200e-01	1.394588352952670918e-01	-1.905803393314964567e-01	9.999999999999990008e-01	-3.399698415954652275e-01	1.802050551821990920e-01	-1.785059368076248598e-01	8.541355702419560492e-02	-6.305415087454480094e-01	2.760200992700727052e-01	-2.159134499054304879e-01	1.532724978916024661e-01	-8.540424967339732554e-02	2.848064842133958274e-01	-3.090204514074569309e-01	8.571762052808834520e-02	-5.063456806715871394e-02	5.596682792289360553e-02	-2.698158697979238241e-01	1.844845504418606841e-01	-9.527908867727431785e-02	4.187803668429640469e-02	-4.146069537468850819e-02
-1.006860964007045695e-01	1.037106957006456165e-01	-8.987990298328014938e-02	9.879456993649039787e-02	-9.825220664960976347e-02	9.372225581259352456e-02	-6.174000542698535599e-01	2.384864711015448890e-01	-1.306516015399433461e-01	1.638291783304887950e-01	-3.399698415954652275e-01	1.000000000000001998e+00	-2.399190524227667876e-01	1.733010600303445115e-01	-8.449018264356859820e-02	2.203387585975337126e-01	-5.807348750283994887e-01	2.357419800775091834e-01	-1.680187536280530747e-01	8.210238757892981964e-02	-1.833655135324711583e-01	2.103045887180463036e-01	-6.393106401741709133e-02	3.938452127126486346e-02	-4.425429501009441047e-02	1.488491284504114553e-01	-1.337978657485054401e-01	6.718400179103199699e-02	-3.226626896397687821e-02	3.186797703741767879e-02
7.399448028089458673e-02	-1.046119374434308219e-01	9.716431009662974960e-02	-1.362835126776283656e-01	1.355372044199242287e-01	-6.486972195102751193e-02	2.542056676801650594e-01	-5.975769321422857994e-01	2.292087397547797611e-01	-2.353541047218923599e-01	1.802050551821990920e-01	-2.399190524227667876e-01	1.000000000000002442e+00	-4.222830022875335154e-01	1.363646613037355348e-01	-1.339123243109956174e-01	2.320762847115456495e-01	-5.310956143385453521e-01	2.864134362243012100e-01	-1.323280195765580702e-01	1.195129232430155453e-01	-1.365806394441625993e-01	5.273644309052531731e-02	-3.974366954508592314e-02	4.507636263711060909e-02	-1.010053674372390076e-01	8.904795559131382932e-02	-5.522544496769501987e-02	3.131262002210594142e-02	-3.206680097120135492e-02
-7.571276559156940589e-02	1.062853469056519312e-01	-1.034250457232981785e-01	1.613908253456647901e-01	-1.699618861230141886e-01	6.473877115644752211e-02	-2.547936955440860407e-01	2.838082473539443318e-01	-4.120655913209579913e-01	2.650912949280193609e-01	-1.785059368076248598e-01	1.733010600303445115e-01	-4.222830022875335154e-01	1.000000000000001554e+00	-2.543932263541008876e-01	1.213208700657976979e-01	-2.061930029821711918e-01	2.938691981834745115e-01	-6.069844862825128917e-01	2.021662973324735157e-01	-1.139403985646985085e-01	1.213832033057993948e-01	-5.269683760607254269e-02	4.706051237825000649e-02	-5.410298910102664949e-02	9.267040353343966586e-02	-8.383206395281025958e-02	5.464009816949300102e-02	-3.592491510002024380e-02	3.708971465280716528e-02
3.646426495420852787e-02	-5.480389945397298040e-02	5.035362113574548548e-02	-8.111947065513581967e-02	8.471355659733442733e-02	-3.165620229888702064e-02	1.164527197791297985e-01	-1.458689662167848011e-01	1.337915417910480465e-01	-1.758832170556780539e-01	8.541355702419560492e-02	-8.449018264356859820e-02	1.363646613037355348e-01	-2.543932263541008876e-01	1.000000000000001998e+00	-6.192037590472651565e-02	9.799743215648676342e-02	-1.611679793077910039e-01	2.273351333554724796e-01	-9.034518405831447607e-01	5.786938567454149446e-02	-6.543876278732442542e-02	3.917325045550685420e-02	-5.519376345963952074e-02	6.803911310878336949e-02	-5.103386508573373032e-02	4.543880325798910214e-02	-4.322239941913028072e-02	3.687674999054267599e-02	-4.663963935901760394e-02
-1.382105070308163874e-01	7.143088385901077975e-02	-6.204259160527361705e-02	7.168211623094464247e-02	-7.127534708925019336e-02	1.249271497565834083e-01	-2.196806183963058434e-01	1.665134064101136124e-01	-9.321968528122584474e-02	1.211843058633670367e-01	-6.305415087454480094e-01	2.203387585975337126e-01	-1.339123243109956174e-01	1.213208700657976979e-01	-6.192037590472651565e-02	1.000000000000001776e+00	-3.250742468073002933e-01	1.598756890281930187e-01	-1.169531967236072528e-01	6.041738888987661926e-02	-5.697656022829494793e-01	2.620416454923626404e-01	-7.518777485276008365e-02	4.131461723470292863e-02	-4.615640245869643415e-02	2.271117682544019079e-01	-1.819736133032436864e-01	7.925879950171421662e-02	-3.440710938489061066e-02	3.290350499302649445e-02
9.499136058233972890e-02	-9.885693364335594591e-02	8.439665054752598650e-02	-1.074349685452892222e-01	1.046539558280556587e-01	-8.819167268694716455e-02	3.018440399611846403e-01	-2.720655805841934449e-01	1.466174815269609411e-01	-1.886332173371734755e-01	2.760200992700727052e-01	-5.807348750283994887e-01	2.320762847115456495e-01	-2.061930029821711918e-01	9.799743215648676342e-02	-3.250742468073002933e-01	1.000000000000001110e+00	-4.045407335007984440e-01	2.005795094911092813e-01	-9.854785595278763022e-02	2.314955445481622909e-01	-3.790021143782501545e-01	8.288576493292476588e-02	-4.899397258699778046e-02	5.403138121720264114e-02	-2.000306172189681431e-01	1.778872698863066260e-01	-8.790603000861597904e-02	3.954780562134341260e-02	-3.881875901974590759e-02
-8.383545820699779549e-02	9.525674034949717373e-02	-8.876490163342889983e-02	1.156995290017303057e-01	-1.203329942480006187e-01	7.264590289404930512e-02	-2.944912271988705532e-01	2.855346109695811041e-01	-1.850130649579634912e-01	1.941794905025676643e-01	-2.159134499054304879e-01	2.357419800775091834e-01	-5.310956143385453521e-01	2.938691981834745115e-01	-1.611679793077910039e-01	1.598756890281930187e-01	-4.045407335007984440e-01	1.000000000000000888e+00	-5.393795315680097735e-01	1.517262204071485321e-01	-1.476096511660638377e-01	1.650946328560638499e-01	-6.697810698001789576e-02	4.864479957510100400e-02	-5.451611818825536498e-02	1.181700527885376495e-01	-1.102571636073412242e-01	6.745728844612734754e-02	-3.773388920183866346e-02	3.773374892989229956e-02
6.382311397113551998e-02	-9.366329582505006357e-02	8.538311457243408231e-02	-1.356098622902954798e-01	1.320319724494147251e-01	-5.590029200866530878e-02	2.065213785108434286e-01	-2.785693162659231281e-01	2.247772471793962890e-01	-2.538989038243038010e-01	1.532724978916024661e-01	-1.680187536280530747e-01	2.864134362243012100e-01	-6.069844862825128917e-01	2.273351333554724796e-01	-1.169531967236072528e-01	2.005795094911092813e-01	-5.393795315680097735e-01	1.000000000000000666e+00	-3.029756071709154841e-01	1.052105013336076117e-01	-1.224743753714179900e-01	5.466904376656769177e-02	-5.554646749716910664e-02	5.993362569187992567e-02	-9.088679214838259190e-02	8.010497561136745159e-02	-5.737855583252070291e-02	3.919646581546032404e-02	-4.101257942759256592e-02
-3.603659892712686441e-02	4.997103928778807297e-02	-4.660827781501686307e-02	7.141971940522857942e-02	-7.733335570121339930e-02	3.105115146600102155e-02	-1.173237319860432060e-01	1.288565967240482835e-01	-1.202147579449037162e-01	1.394163543069726063e-01	-8.540424967339732554e-02	8.210238757892981964e-02	-1.323280195765580702e-01	2.021662973324735157e-01	-9.034518405831447607e-01	6.041738888987661926e-02	-9.854785595278763022e-02	1.517262204071485321e-01	-3.029756071709154841e-01	1.000000000000001110e+00	-5.718612058576524187e-02	6.344922128413361950e-02	-3.932405482460056556e-02	5.627756860121864435e-02	-7.639883753766113506e-02	4.944338273494803399e-02	-4.471473955496234332e-02	4.261489004135214642e-02	-3.767957691351404848e-02	4.661540668755366490e-02
8.996605736734308856e-02	-6.312042606754612872e-02	5.423244206079696345e-02	-6.663558598864427474e-02	6.542750383326723096e-02	-8.448057733087672994e-02	1.778052230837264824e-01	-1.588306216124058812e-01	8.726840268838488568e-02	-1.158312518496348170e-01	2.848064842133958274e-01	-1.833655135324711583e-01	1.195129232430155453e-01	-1.139403985646985085e-01	5.786938567454149446e-02	-5.697656022829494793e-01	2.314955445481622909e-01	-1.476096511660638377e-01	1.052105013336076117e-01	-5.718612058576524187e-02	1.000000000000001776e+00	-5.052687680662838465e-01	1.023148571630927706e-01	-5.152485886628241363e-02	5.600628172479506922e-02	-4.791225218940862174e-01	2.738324670690551743e-01	-1.116706298386223595e-01	4.242575676858574563e-02	-3.982130312527302346e-02
-1.009882055347895990e-01	6.773099050191591641e-02	-5.942441006361647016e-02	6.958994033479415364e-02	-6.983139706656286971e-02	8.786892433020632165e-02	-2.270755845595630873e-01	1.612447383185264538e-01	-9.201622634076568608e-02	1.174692372053383477e-01	-3.090204514074569309e-01	2.103045887180463036e-01	-1.365806394441625993e-01	1.213832033057993948e-01	-6.543876278732442542e-02	2.620416454923626404e-01	-3.790021143782501545e-01	1.650946328560638499e-01	-1.224743753714179900e-01	6.344922128413361950e-02	-5.052687680662838465e-01	1.000000000000001998e+00	-1.717188020960919992e-01	7.234475243190960358e-02	-7.893790790698163029e-02	3.175655745143651232e-01	-5.495705977364975237e-01	1.575051409439365557e-01	-5.927564327785125875e-02	5.303129580047091785e-02
3.074672517057212839e-02	-2.517206528195289547e-02	2.213600726991125922e-02	-2.796559138691308982e-02	2.806001353153752750e-02	-2.699735676791225128e-02	7.315483853262812197e-02	-6.395564240779545717e-02	3.808148372600479031e-02	-4.883402750850051460e-02	8.571762052808834520e-02	-6.393106401741709133e-02	5.273644309052531731e-02	-5.269683760607254269e-02	3.917325045550685420e-02	-7.518777485276008365e-02	8.288576493292476588e-02	-6.697810698001789576e-02	5.466904376656769177e-02	-3.932405482460056556e-02	1.023148571630927706e-01	-1.717188020960919992e-01	1.000000000000001110e+00	-3.183133698508746612e-01	2.103018398251772503e-01	-1.439649856572626230e-01	1.587395968546139735e-01	-8.730239332672873331e-01	1.690080000230580470e-01	-1.496618723646638283e-01
-1.913331838717116651e-02	1.812081320911741386e-02	-1.617814127339257946e-02	2.167339178444550180e-02	-2.209726276213590593e-02	1.667429230609403235e-02	-4.936456714158792003e-02	4.650841523791544169e-02	-3.106281581959746685e-02	3.881953990209268540e-02	-5.063456806715871394e-02	3.938452127126486346e-02	-3.974366954508592314e-02	4.706051237825000649e-02	-5.519376345963952074e-02	4.131461723470292863e-02	-4.899397258699778046e-02	4.864479957510100400e-02	-5.554646749716910664e-02	5.627756860121864435e-02	-5.152485886628241363e-02	7.234475243190960358e-02	-3.183133698508746612e-01	1.000000000000000888e+00	-7.360931193030957331e-01	6.449125975260315558e-02	-6.832182852587399824e-02	2.291357275443249852e-01	-4.803764216672608001e-01	3.021279335244032027e-01
2.137793895310744971e-02	-2.091772785279765248e-02	1.862833381679001102e-02	-2.524252735878260157e-02	2.566634081530240127e-02	-1.868471066052959303e-02	5.546610715124909025e-02	-5.419041306728963198e-02	3.610468535124575912e-02	-4.568011038022905257e-02	5.596682792289360553e-02	-4.425429501009441047e-02	4.507636263711060909e-02	-5.410298910102664949e-02	6.803911310878336949e-02	-4.615640245869643415e-02	5.403138121720264114e-02	-5.451611818825536498e-02	5.993362569187992567e-02	-7.639883753766113506e-02	5.600628172479506922e-02	-7.893790790698163029e-02	2.103018398251772503e-01	-7.360931193030957331e-01	1.000000000000000666e+00	-7.318282610266976795e-02	7.360639421414708061e-02	-2.531941958248442592e-01	3.125708759698804240e-01	-5.112239276464918269e-01
-8.808231104966905700e-02	5.360838791181776058e-02	-4.712977640983288807e-02	5.462553954038872062e-02	-5.495501413692646664e-02	7.599663215777541225e-02	-1.727187459518646218e-01	1.247933518889381421e-01	-7.130625717917508932e-02	9.188905164956820415e-02	-2.698158697979238241e-01	1.488491284504114553e-01	-1.010053674372390076e-01	9.267040353343966586e-02	-5.103386508573373032e-02	2.271117682544019079e-01	-2.000306172189681431e-01	1.181700527885376495e-01	-9.088679214838259190e-02	4.944338273494803399e-02	-4.791225218940862174e-01	3.175655745143651232e-01	-1.439649856572626230e-01	6.449125975260315558e-02	-7.318282610266976795e-02	1.000000000000000444e+00	-7.139871190633504394e-01	1.447552008347464947e-01	-5.506647545353759998e-02	4.831881057485733211e-02
6.250106131207956717e-02	-4.555630085894096098e-02	3.958171182848894271e-02	-4.816146095229600910e-02	4.776211332233290530e-02	-5.544253532986330446e-02	1.372134098539117553e-01	-1.135826965513226650e-01	6.356356905997111173e-02	-8.305483579879939515e-02	1.844845504418606841e-01	-1.337978657485054401e-01	8.904795559131382932e-02	-8.383206395281025958e-02	4.543880325798910214e-02	-1.819736133032436864e-01	1.778872698863066260e-01	-1.102571636073412242e-01	8.010497561136745159e-02	-4.471473955496234332e-02	2.738324670690551743e-01	-5.495705977364975237e-01	1.587395968546139735e-01	-6.832182852587399824e-02	7.360639421414708061e-02	-7.139871190633504394e-01	1.000000000000000444e+00	-2.083124232661411890e-01	5.660071676367141313e-02	-4.979935081706685085e-02
-3.404401063721855525e-02	2.663669380216893839e-02	-2.354023834691658379e-02	2.928999621127878830e-02	-2.960058576769299815e-02	2.961447364928385118e-02	-7.996489090049264947e-02	6.606216236819636989e-02	-3.983624083324889542e-02	5.070080146951140565e-02	-9.527908867727431785e-02	6.718400179103199699e-02	-5.522544496769501987e-02	5.464009816949300102e-02	-4.322239941913028072e-02	7.925879950171421662e-02	-8.790603000861597904e-02	6.745728844612734754e-02	-5.737855583252070291e-02	4.261489004135214642e-02	-1.116706298386223595e-01	1.575051409439365557e-01	-8.730239332672873331e-01	2.291357275443249852e-01	-2.531941958248442592e-01	1.447552008347464947e-01	-2.083124232661411890e-01	1.000000000000000444e+00	-2.019082039382607274e-01	1.492515967529497167e-01
1.588457872206237159e-02	-1.482747840216665225e-02	1.317290217517507259e-02	-1.748762455673329511e-02	1.773627578028705298e-02	-1.386092119488958191e-02	4.042561518687505517e-02	-3.808418138718640267e-02	2.459901473925526008e-02	-3.125200684689867503e-02	4.187803668429640469e-02	-3.226626896397687821e-02	3.131262002210594142e-02	-3.592491510002024380e-02	3.687674999054267599e-02	-3.440710938489061066e-02	3.954780562134341260e-02	-3.773388920183866346e-02	3.919646581546032404e-02	-3.767957691351404848e-02	4.242575676858574563e-02	-5.927564327785125875e-02	1.690080000230580470e-01	-4.803764216672608001e-01	3.125708759698804240e-01	-5.506647545353759998e-02	5.660071676367141313e-02	-2.019082039382607274e-01	1.000000000000000666e+00	-7.910846979734955653e-01
-1.594252994548727570e-02	1.510255529304245677e-02	-1.349661426840596812e-02	1.797713404215878913e-02	-1.840638154479414673e-02	1.383794133427194810e-02	-4.138833027016500243e-02	3.837387036111773037e-02	-2.555119670689429481e-02	3.214318883115344083e-02	-4.146069537468850819e-02	3.186797703741767879e-02	-3.206680097120135492e-02	3.708971465280716528e-02	-4.663963935901760394e-02	3.290350499302649445e-02	-3.881875901974590759e-02	3.773374892989229956e-02	-4.101257942759256592e-02	4.661540668755366490e-02	-3.982130312527302346e-02	5.303129580047091785e-02	-1.496618723646638283e-01	3.021279335244032027e-01	-5.112239276464918269e-01	4.831881057485733211e-02	-4.979935081706685085e-02	1.492515967529497167e-01	-7.910846979734955653e-01	1.000000000000000666e+00
