1.000000000000000222e+00	-6.747849994917904937e-01	2.945180627147016006e-01	-4.183159416509371620e-01	2.253359185175629886e-01	-2.532295740646499094e-01	2.711173913150586867e-01	-2.702591767580683757e-01	1.885404669889129692e-01	-2.134395651358920731e-01	1.848712347056075123e-01	-2.879062391518689701e-01	2.108506671742484684e-01	-1.863692039167634540e-01	1.318130749124541978e-01	-1.045581944438610522e-01	9.090766244738063273e-02	-1.352758559254560455e-01	1.135784200087352896e-01	-1.244831574179772055e-01	5.339539566598025533e-02	-6.268052412876023993e-02	7.324940132418641947e-02	-1.036165473556170946e-01	9.298336366447339241e-02	-6.091471094507987238e-02	5.011361526070119005e-02	-6.439265730642156071e-02	1.099725226183434490e-01	-1.310208496252034949e-01
-6.747849994917904937e-01	1.000000000000000222e+00	-4.749851385035330775e-01	2.927092129138508803e-01	-1.961894757931249011e-01	1.646579948272460792e-01	-3.998350058065542889e-01	2.346867032140760034e-01	-1.582471585425885841e-01	1.520144649422193184e-01	-1.510269271121998935e-01	2.340198870183019808e-01	-1.910757236797741010e-01	1.384456186366736785e-01	-1.030290489406457399e-01	7.606415545144561141e-02	-6.901508463876582233e-02	1.002177930291444641e-01	-8.724900068545073106e-02	8.999142995970826897e-02	-3.937799515821382990e-02	4.583463713570275211e-02	-5.542614363324646631e-02	7.664422834231422732e-02	-6.916288633975889444e-02	4.442266760794452707e-02	-3.709396318646947938e-02	4.766585962997130221e-02	-8.417152079032813594e-02	9.329541959384479721e-02
2.945180627147016006e-01	-4.749851385035330775e-01	1.000000000000000000e+00	-7.367778321925042562e-01	1.851403157397467081e-01	-1.227807732260430967e-01	2.110609285143234815e-01	-3.125559123892969193e-01	1.833251573138013069e-01	-1.724445687016308848e-01	1.091777027188372134e-01	-1.822169364195757590e-01	1.835059371214147195e-01	-1.364551087736624868e-01	9.937632931090198407e-02	-6.857063441667737846e-02	6.194796656599976109e-02	-9.496825850555490334e-02	8.210247874858790651e-02	-8.635534589797344562e-02	3.572984245935049291e-02	-4.189025605387425993e-02	5.124792903260494414e-02	-7.212721420677047079e-02	6.566452969554081864e-02	-4.070800488771472020e-02	3.397224140431153588e-02	-4.416713531493231260e-02	7.861942118736597873e-02	-8.838572303774457073e-02
-4.183159416509371620e-01	2.927092129138508803e-01	-7.367778321925042562e-01	1.000000000000000000e+00	-2.638918368696931416e-01	1.351902935947161544e-01	-2.160049911814839740e-01	2.456598570559605788e-01	-2.705904377755212198e-01	2.024968244767122172e-01	-1.265482751651134941e-01	1.805485746870461594e-01	-2.035550202502409978e-01	1.527601214742601299e-01	-1.195857321541522189e-01	8.099881471425500468e-02	-7.358668283276277589e-02	1.101322692637910772e-01	-9.767728638967113075e-02	1.025590774494588853e-01	-4.307569174460663952e-02	5.050608450374800135e-02	-6.293522809735412060e-02	8.675695946373700174e-02	-7.960871290419430091e-02	4.930837266396182611e-02	-4.134997518312698295e-02	5.391266870155939778e-02	-9.660881625574896381e-02	1.065733296840531696e-01
2.253359185175629886e-01	-1.961894757931249011e-01	1.851403157397467081e-01	-2.638918368696931416e-01	1.000000000000000222e+00	-1.894711824844032555e-01	2.001730798657343768e-01	-2.955947328752771552e-01	2.451989884642182260e-01	-3.701277904314819178e-01	1.554654876049350876e-01	-2.346267685905897293e-01	2.583225119503239076e-01	-3.627382971125661659e-01	2.554535689439773605e-01	-2.228979839273822205e-01	1.774561876225358992e-01	-2.893103303888250322e-01	2.284122896743527587e-01	-3.104628504400559486e-01	1.181558391977803185e-01	-1.443507485285638881e-01	1.603601849860992745e-01	-2.406024766122460135e-01	2.223442740092299863e-01	-1.443253803706312510e-01	1.141853081619916832e-01	-1.518033926284451662e-01	2.354999286437626516e-01	-3.651106363289650103e-01
-2.532295740646499094e-01	1.646579948272460792e-01	-1.227807732260430967e-01	1.351902935947161544e-01	-1.894711824844032555e-01	9.999999999999998890e-01	-2.626692670602399082e-01	1.645123273034704292e-01	-1.103830568090690134e-01	1.112793494161938845e-01	-8.606105516928120869e-01	2.547458991506157955e-01	-1.761101877384484427e-01	1.243122112548027819e-01	-9.483150865818879005e-02	1.036224448883178856e-01	-9.348195284492061274e-02	1.006989859423552264e-01	-8.909934315849787900e-02	8.139681879167211254e-02	-4.926238590015726698e-02	5.292473542645701606e-02	-5.910821039032058966e-02	7.508048360317996772e-02	-6.452302661352134205e-02	4.988975548060783222e-02	-4.218680619957021483e-02	4.967091356299335736e-02	-8.524749772347112176e-02	8.501311132168645757e-02
2.711173913150586867e-01	-3.998350058065542889e-01	2.110609285143234815e-01	-2.160049911814839740e-01	2.001730798657343768e-01	-2.626692670602399082e-01	9.999999999999996669e-01	-4.322222135852900049e-01	1.692237273382447282e-01	-1.694317419038125494e-01	2.171897994641228402e-01	-6.562110117736539294e-01	2.717630420163731353e-01	-1.748721249686004953e-01	1.211952196925681624e-01	-9.232336709253742557e-02	8.513377337160762948e-02	-1.216796337230488939e-01	1.037727087924855407e-01	-1.021900902146594126e-01	4.593101202990491211e-02	-5.299236720180557081e-02	6.278218351785012918e-02	-8.747092350068831623e-02	7.796844767523448960e-02	-5.068373080780500667e-02	4.235729112759747950e-02	-5.368369756573660584e-02	9.529501576813059760e-02	-1.026934541033185100e-01
-2.702591767580683757e-01	2.346867032140760034e-01	-3.125559123892969193e-01	2.456598570559605788e-01	-2.955947328752771552e-01	1.645123273034704292e-01	-4.322222135852900049e-01	1.000000000000000000e+00	-3.550881838849932470e-01	2.423566041028900608e-01	-1.597830234355478718e-01	2.850345153357894956e-01	-5.782483561177717002e-01	2.358879029162912200e-01	-1.794408185554220714e-01	1.048856235273151610e-01	-1.007384121932251020e-01	1.592358712116990760e-01	-1.433122568857412293e-01	1.359553007584282380e-01	-5.531512498251452137e-02	6.448843316945701565e-02	-8.246531131665854608e-02	1.155425135100356659e-01	-1.066184508665386083e-01	6.238038502201145863e-02	-5.290372584342206003e-02	6.932415318579589203e-02	-1.292769699658962157e-01	1.338724793424439508e-01
1.885404669889129692e-01	-1.582471585425885841e-01	1.833251573138013069e-01	-2.705904377755212198e-01	2.451989884642182260e-01	-1.103830568090690134e-01	1.692237273382447282e-01	-3.550881838849932470e-01	1.000000000000000000e+00	-8.080822378660039718e-01	9.874823434294058289e-02	-1.631532215713839828e-01	2.047793607318710574e-01	-1.915963333620187004e-01	1.462930049602073346e-01	-8.284238108442408544e-02	7.386078672433764314e-02	-1.193722752756237737e-01	1.042690401152030349e-01	-1.226418114308848173e-01	4.365869072564736164e-02	-5.172217891951600560e-02	6.403374282048296395e-02	-9.362792301568823028e-02	8.950416441626050934e-02	-5.055130750838894571e-02	4.206281917108950497e-02	-5.570877110644163743e-02	1.003900529399194136e-01	-1.202809589005902208e-01
-2.134395651358920731e-01	1.520144649422193184e-01	-1.724445687016308848e-01	2.024968244767122172e-01	-3.701277904314819178e-01	1.112793494161938845e-01	-1.694317419038125494e-01	2.423566041028900608e-01	-8.080822378660039718e-01	1.000000000000000222e+00	-1.033358862754801960e-01	1.559033238029671198e-01	-2.140560009664946306e-01	1.867618104617184971e-01	-1.809324753351864434e-01	8.897072565731081739e-02	-8.042137351409960055e-02	1.251869797878126245e-01	-1.138750187189102175e-01	1.345428085378487792e-01	-4.817099215017155850e-02	5.702557328886980609e-02	-7.264144287269587441e-02	1.031412414380932507e-01	-1.020821020095145915e-01	5.603189590959622296e-02	-4.701109136135856598e-02	6.248491553319656527e-02	-1.146145294024585870e-01	1.324702992897634490e-01
1.848712347056075123e-01	-1.510269271121998935e-01	1.091777027188372134e-01	-1.265482751651134941e-01	1.554654876049350876e-01	-8.606105516928120869e-01	2.171897994641228402e-01	-1.597830234355478718e-01	9.874823434294058289e-02	-1.033358862754801960e-01	9.999999999999993339e-01	-3.640411549829460913e-01	1.629922269428119019e-01	-1.207621996010101728e-01	8.632015423299266299e-02	-1.146720322440332035e-01	9.222670585316521119e-02	-9.793719136432291195e-02	8.319675274779217422e-02	-7.603115705710390693e-02	4.861434696802978406e-02	-5.193051636673776811e-02	5.467433796856014522e-02	-7.000989813426984620e-02	5.916032344998588266e-02	-4.853928414975536287e-02	4.034628190594968106e-02	-4.649362207148433068e-02	7.758526851175963357e-02	-7.884713776467308644e-02
-2.879062391518689701e-01	2.340198870183019808e-01	-1.822169364195757590e-01	1.805485746870461594e-01	-2.346267685905897293e-01	2.547458991506157955e-01	-6.562110117736539294e-01	2.850345153357894956e-01	-1.631532215713839828e-01	1.559033238029671198e-01	-3.640411549829460913e-01	9.999999999999992228e-01	-4.191643022581846290e-01	1.915393050213855808e-01	-1.413699091437901900e-01	1.068572639882979930e-01	-1.052173027207950751e-01	1.375450499653119441e-01	-1.212881710358553605e-01	1.116725987196784259e-01	-5.309809685934803458e-02	6.043766698114021868e-02	-7.225516114586988392e-02	9.821596704589069526e-02	-8.767375704672716874e-02	5.739478485094749727e-02	-4.848450241025525909e-02	6.079614704227008504e-02	-1.097647792496243002e-01	1.117603307508260868e-01
2.108506671742484684e-01	-1.910757236797741010e-01	1.835059371214147195e-01	-2.035550202502409978e-01	2.583225119503239076e-01	-1.761101877384484427e-01	2.717630420163731353e-01	-5.782483561177717002e-01	2.047793607318710574e-01	-2.140560009664946306e-01	1.629922269428119019e-01	-4.191643022581846290e-01	9.999999999999992228e-01	-4.518967184770599221e-01	2.119490259795463738e-01	-1.271773670154859592e-01	1.214279071697999396e-01	-2.439643329504540825e-01	1.839735263051797687e-01	-1.692636341516217946e-01	6.408610417384734415e-02	-7.512024018283164351e-02	9.408316718178341698e-02	-1.411409415458900196e-01	1.236302805677795269e-01	-7.181672256563378931e-02	6.046639011876597108e-02	-7.985664189925548162e-02	1.479112021379559716e-01	-1.572951597725534278e-01
-1.863692039167634540e-01	1.384456186366736785e-01	-1.364551087736624868e-01	1.527601214742601299e-01	-3.627382971125661659e-01	1.243122112548027819e-01	-1.748721249686004953e-01	2.358879029162912200e-01	-1.915963333620187004e-01	1.867618104617184971e-01	-1.207621996010101728e-01	1.915393050213855808e-01	-4.518967184770599221e-01	1.000000000000000000e+00	-5.867955683181778070e-01	1.327967261217004036e-01	-1.292916955354081188e-01	2.223270590230337351e-01	-2.967674220962887022e-01	2.602871566241088397e-01	-7.233805107282412217e-02	8.535489296138795701e-02	-1.189262047019581797e-01	1.899308809953701438e-01	-2.026891613687360205e-01	8.315598772121887694e-02	-7.174831327271007086e-02	9.882971647498245416e-02	-2.106069772798001005e-01	2.114639901706520941e-01
1.318130749124541978e-01	-1.030290489406457399e-01	9.937632931090198407e-02	-1.195857321541522189e-01	2.554535689439773605e-01	-9.483150865818879005e-02	1.211952196925681624e-01	-1.794408185554220714e-01	1.462930049602073346e-01	-1.809324753351864434e-01	8.632015423299266299e-02	-1.413699091437901900e-01	2.119490259795463738e-01	-5.867955683181778070e-01	9.999999999999971134e-01	-1.088602155605805921e-01	9.944036904187836257e-02	-1.770828038296706208e-01	1.854451338894228529e-01	-5.946314522497582189e-01	5.914315827758675342e-02	-7.086709056706928800e-02	9.719833889050144560e-02	-1.775801960208401586e-01	2.488794071415038056e-01	-6.965184006438622510e-02	5.935347500348372995e-02	-8.432298523221178066e-02	1.799864760275167175e-01	-2.928650916744595101e-01
-1.045581944438610522e-01	7.606415545144561141e-02	-6.857063441667737846e-02	8.099881471425500468e-02	-2.228979839273822205e-01	1.036224448883178856e-01	-9.232336709253742557e-02	1.048856235273151610e-01	-8.284238108442408544e-02	8.897072565731081739e-02	-1.146720322440332035e-01	1.068572639882979930e-01	-1.271773670154859592e-01	1.327967261217004036e-01	-1.088602155605805921e-01	9.999999999999976685e-01	-7.855557805578619046e-01	2.470733490869461146e-01	-2.194834469295169899e-01	1.025904863712475690e-01	-3.313296592598614088e-01	2.298259807535897592e-01	-1.657308812173736989e-01	1.486023884146107643e-01	-9.256587214572362110e-02	1.926942211159101415e-01	-1.664910165202539982e-01	1.321826199744483843e-01	-1.819917708722519345e-01	1.178858032224323060e-01
9.090766244738063273e-02	-6.901508463876582233e-02	6.194796656599976109e-02	-7.358668283276277589e-02	1.774561876225358992e-01	-9.348195284492061274e-02	8.513377337160762948e-02	-1.007384121932251020e-01	7.386078672433764314e-02	-8.042137351409960055e-02	9.222670585316521119e-02	-1.052173027207950751e-01	1.214279071697999396e-01	-1.292916955354081188e-01	9.944036904187836257e-02	-7.855557805578619046e-01	9.999999999999995559e-01	-3.934939518385568991e-01	2.056116903671051377e-01	-9.669511182658038773e-02	2.183938834443158172e-01	-2.637437471151448665e-01	1.462849810612996959e-01	-1.473760123006502831e-01	8.467564937556069926e-02	-1.899993327309560387e-01	1.505769318900421483e-01	-1.260038897230920663e-01	1.561084009251574867e-01	-1.094325654873641723e-01
-1.352758559254560455e-01	1.002177930291444641e-01	-9.496825850555490334e-02	1.101322692637910772e-01	-2.893103303888250322e-01	1.006989859423552264e-01	-1.216796337230488939e-01	1.592358712116990760e-01	-1.193722752756237737e-01	1.251869797878126245e-01	-9.793719136432291195e-02	1.375450499653119441e-01	-2.439643329504540825e-01	2.223270590230337351e-01	-1.770828038296706208e-01	2.470733490869461146e-01	-3.934939518385568991e-01	9.999999999999978906e-01	-6.636846564475595844e-01	1.603151958785224429e-01	-1.249361050419159347e-01	1.421879323179127963e-01	-2.085618491656292262e-01	2.631589525757280223e-01	-1.475511502587432966e-01	1.295278379271043445e-01	-1.151320114981339432e-01	1.527721497208372192e-01	-2.941157159870464999e-01	1.766866964703419640e-01
1.135784200087352896e-01	-8.724900068545073106e-02	8.210247874858790651e-02	-9.767728638967113075e-02	2.284122896743527587e-01	-8.909934315849787900e-02	1.037727087924855407e-01	-1.433122568857412293e-01	1.042690401152030349e-01	-1.138750187189102175e-01	8.319675274779217422e-02	-1.212881710358553605e-01	1.839735263051797687e-01	-2.967674220962887022e-01	1.854451338894228529e-01	-2.194834469295169899e-01	2.056116903671051377e-01	-6.636846564475595844e-01	9.999999999999982236e-01	-1.924041834368786230e-01	1.040310668288831342e-01	-1.246937064407590556e-01	1.639636145843588189e-01	-4.899562794312159464e-01	1.622169893499871840e-01	-1.171702015168892552e-01	9.854932866168018835e-02	-1.403171511212358558e-01	2.740316956247301761e-01	-1.961766114040317532e-01
-1.244831574179772055e-01	8.999142995970826897e-02	-8.635534589797344562e-02	1.025590774494588853e-01	-3.104628504400559486e-01	8.139681879167211254e-02	-1.021900902146594126e-01	1.359553007584282380e-01	-1.226418114308848173e-01	1.345428085378487792e-01	-7.603115705710390693e-02	1.116725987196784259e-01	-1.692636341516217946e-01	2.602871566241088397e-01	-5.946314522497582189e-01	1.025904863712475690e-01	-9.669511182658038773e-02	1.603151958785224429e-01	-1.924041834368786230e-01	9.999999999999988898e-01	-5.873813482455030044e-02	7.028931250669302744e-02	-1.051724954621245794e-01	1.861253254496706422e-01	-5.716715033230770349e-01	6.971547945384208578e-02	-6.094055647559586120e-02	8.830602161915726556e-02	-2.163094569409994006e-01	2.942439290298068943e-01
5.339539566598025533e-02	-3.937799515821382990e-02	3.572984245935049291e-02	-4.307569174460663952e-02	1.181558391977803185e-01	-4.926238590015726698e-02	4.593101202990491211e-02	-5.531512498251452137e-02	4.365869072564736164e-02	-4.817099215017155850e-02	4.861434696802978406e-02	-5.309809685934803458e-02	6.408610417384734415e-02	-7.233805107282412217e-02	5.914315827758675342e-02	-3.313296592598614088e-01	2.183938834443158172e-01	-1.249361050419159347e-01	1.040310668288831342e-01	-5.873813482455030044e-02	9.999999999999971134e-01	-6.576466924876908093e-01	1.754392285308900012e-01	-9.184071493092996197e-02	5.354913762187970411e-02	-5.717233582211802556e-01	2.986630880520339537e-01	-1.624512575550303706e-01	1.113822927860270151e-01	-7.086882657315833611e-02
-6.268052412876023993e-02	4.583463713570275211e-02	-4.189025605387425993e-02	5.050608450374800135e-02	-1.443507485285638881e-01	5.292473542645701606e-02	-5.299236720180557081e-02	6.448843316945701565e-02	-5.172217891951600560e-02	5.702557328886980609e-02	-5.193051636673776811e-02	6.043766698114021868e-02	-7.512024018283164351e-02	8.535489296138795701e-02	-7.086709056706928800e-02	2.298259807535897592e-01	-2.637437471151448665e-01	1.421879323179127963e-01	-1.246937064407590556e-01	7.028931250669302744e-02	-6.576466924876908093e-01	9.999999999999985567e-01	-2.583092200789178228e-01	1.127307628246657090e-01	-6.511073675089981694e-02	3.284805060273767729e-01	-5.324578505192153477e-01	2.092798715026057965e-01	-1.416017246819782083e-01	8.575121062415991258e-02
7.324940132418641947e-02	-5.542614363324646631e-02	5.124792903260494414e-02	-6.293522809735412060e-02	1.603601849860992745e-01	-5.910821039032058966e-02	6.278218351785012918e-02	-8.246531131665854608e-02	6.403374282048296395e-02	-7.264144287269587441e-02	5.467433796856014522e-02	-7.225516114586988392e-02	9.408316718178341698e-02	-1.189262047019581797e-01	9.719833889050144560e-02	-1.657308812173736989e-01	1.462849810612996959e-01	-2.085618491656292262e-01	1.639636145843588189e-01	-1.051724954621245794e-01	1.754392285308900012e-01	-2.583092200789178228e-01	9.999999999999995559e-01	-2.385808023003232747e-01	1.003675154443132989e-01	-2.864343045866498128e-01	2.618691806689536494e-01	-8.013772187658343427e-01	2.208408292841111953e-01	-1.384701615610378633e-01
-1.036165473556170946e-01	7.664422834231422732e-02	-7.212721420677047079e-02	8.675695946373700174e-02	-2.406024766122460135e-01	7.508048360317996772e-02	-8.747092350068831623e-02	1.155425135100356659e-01	-9.362792301568823028e-02	1.031412414380932507e-01	-7.000989813426984620e-02	9.821596704589069526e-02	-1.411409415458900196e-01	1.899308809953701438e-01	-1.775801960208401586e-01	1.486023884146107643e-01	-1.473760123006502831e-01	2.631589525757280223e-01	-4.899562794312159464e-01	1.861253254496706422e-01	-9.184071493092996197e-02	1.127307628246657090e-01	-2.385808023003232747e-01	9.999999999999991118e-01	-2.510432130603634238e-01	1.136018829724337736e-01	-1.047467448390580480e-01	1.800027224629702771e-01	-6.849387840286098594e-01	2.451243621844618747e-01
9.298336366447339241e-02	-6.916288633975889444e-02	6.566452969554081864e-02	-7.960871290419430091e-02	2.223442740092299863e-01	-6.452302661352134205e-02	7.796844767523448960e-02	-1.066184508665386083e-01	8.950416441626050934e-02	-1.020821020095145915e-01	5.916032344998588266e-02	-8.767375704672716874e-02	1.236302805677795269e-01	-2.026891613687360205e-01	2.488794071415038056e-01	-9.256587214572362110e-02	8.467564937556069926e-02	-1.475511502587432966e-01	1.622169893499871840e-01	-5.716715033230770349e-01	5.354913762187970411e-02	-6.511073675089981694e-02	1.003675154443132989e-01	-2.510432130603634238e-01	9.999999999999993339e-01	-6.515541054016321665e-02	5.690475419606774721e-02	-8.771860493517394386e-02	2.295227803818175594e-01	-6.741970288264986788e-01
-6.091471094507987238e-02	4.442266760794452707e-02	-4.070800488771472020e-02	4.930837266396182611e-02	-1.443253803706312510e-01	4.988975548060783222e-02	-5.068373080780500667e-02	6.238038502201145863e-02	-5.055130750838894571e-02	5.603189590959622296e-02	-4.853928414975536287e-02	5.739478485094749727e-02	-7.181672256563378931e-02	8.315598772121887694e-02	-6.965184006438622510e-02	1.926942211159101415e-01	-1.899993327309560387e-01	1.295278379271043445e-01	-1.171702015168892552e-01	6.971547945384208578e-02	-5.717233582211802556e-01	3.284805060273767729e-01	-2.864343045866498128e-01	1.136018829724337736e-01	-6.515541054016321665e-02	9.999999999999993339e-01	-6.396667952894768971e-01	2.304116422279013920e-01	-1.459682396785153824e-01	8.629320488236920383e-02
5.011361526070119005e-02	-3.709396318646947938e-02	3.397224140431153588e-02	-4.134997518312698295e-02	1.141853081619916832e-01	-4.218680619957021483e-02	4.235729112759747950e-02	-5.290372584342206003e-02	4.206281917108950497e-02	-4.701109136135856598e-02	4.034628190594968106e-02	-4.848450241025525909e-02	6.046639011876597108e-02	-7.174831327271007086e-02	5.935347500348372995e-02	-1.664910165202539982e-01	1.505769318900421483e-01	-1.151320114981339432e-01	9.854932866168018835e-02	-6.094055647559586120e-02	2.986630880520339537e-01	-5.324578505192153477e-01	2.618691806689536494e-01	-1.047467448390580480e-01	5.690475419606774721e-02	-6.396667952894768971e-01	9.999999999999995559e-01	-4.010306112840965609e-01	1.290026429545895192e-01	-7.717938469451404715e-02
-6.439265730642156071e-02	4.766585962997130221e-02	-4.416713531493231260e-02	5.391266870155939778e-02	-1.518033926284451662e-01	4.967091356299335736e-02	-5.368369756573660584e-02	6.932415318579589203e-02	-5.570877110644163743e-02	6.248491553319656527e-02	-4.649362207148433068e-02	6.079614704227008504e-02	-7.985664189925548162e-02	9.882971647498245416e-02	-8.432298523221178066e-02	1.321826199744483843e-01	-1.260038897230920663e-01	1.527721497208372192e-01	-1.403171511212358558e-01	8.830602161915726556e-02	-1.624512575550303706e-01	2.092798715026057965e-01	-8.013772187658343427e-01	1.800027224629702771e-01	-8.771860493517394386e-02	2.304116422279013920e-01	-4.010306112840965609e-01	9.999999999999992228e-01	-2.548164676255125771e-01	1.185047024962161549e-01
1.099725226183434490e-01	-8.417152079032813594e-02	7.861942118736597873e-02	-9.660881625574896381e-02	2.354999286437626516e-01	-8.524749772347112176e-02	9.529501576813059760e-02	-1.292769699658962157e-01	1.003900529399194136e-01	-1.146145294024585870e-01	7.758526851175963357e-02	-1.097647792496243002e-01	1.479112021379559716e-01	-2.106069772798001005e-01	1.799864760275167175e-01	-1.819917708722519345e-01	1.561084009251574867e-01	-2.941157159870464999e-01	2.740316956247301761e-01	-2.163094569409994006e-01	1.113822927860270151e-01	-1.416017246819782083e-01	2.208408292841111953e-01	-6.849387840286098594e-01	2.295227803818175594e-01	-1.459682396785153824e-01	1.290026429545895192e-01	-2.548164676255125771e-01	9.999999999999993339e-01	-3.961152793089453006e-01
-1.310208496252034949e-01	9.329541959384479721e-02	-8.838572303774457073e-02	1.065733296840531696e-01	-3.651106363289650103e-01	8.501311132168645757e-02	-1.026934541033185100e-01	1.338724793424439508e-01	-1.202809589005902208e-01	1.324702992897634490e-01	-7.884713776467308644e-02	1.117603307508260868e-01	-1.572951597725534278e-01	2.114639901706520941e-01	-2.928650916744595101e-01	1.178858032224323060e-01	-1.094325654873641723e-01	1.766866964703419640e-01	-1.961766114040317532e-01	2.942439290298068943e-01	-7.086882657315833611e-02	8.575121062415991258e-02	-1.384701615610378633e-01	2.451243621844618747e-01	-6.741970288264986788e-01	8.629320488236920383e-02	-7.717938469451404715e-02	1.185047024962161549e-01	-3.961152793089453006e-01	9.999999999999993339e-01
