1.000000000000000000e+00	-4.416961276086974197e-01	1.638469640159364027e-01	-8.312693498222717414e-02	8.159614578116465566e-02	-7.732281973143780851e-01	2.991545706866781118e-01	-1.973514904984031426e-01	9.887047603259263573e-02	-1.125938293609433927e-01	2.145518191341592162e-01	-1.972733190531809067e-01	1.367740176784241202e-01	-1.080654702581296533e-01	9.500013180589104989e-02	-1.368457881384855246e-01	1.138392215658503154e-01	-1.285886317443581117e-01	8.313760766064365315e-02	-7.392539412420452705e-02	9.011711183242331058e-02	-8.047087217905825318e-02	8.766492389559626952e-02	-8.178839539743672227e-02	7.230703594710426174e-02	-7.533433755853893854e-02	7.209602228954263559e-02	-6.464881693846226407e-02	7.585100846787520834e-02	-1.298694516373780639e-01
-4.416961276086974197e-01	9.999999999999997780e-01	-3.939208626317631246e-01	1.212871456297299477e-01	-1.245669027154866493e-01	2.746858523773565430e-01	-6.899303984341547125e-01	2.647443580152247788e-01	-1.104546713822946863e-01	1.164564131494661703e-01	-1.871909882298472549e-01	1.760349700441315723e-01	-1.484570930880032003e-01	1.097637320570119396e-01	-1.004177060144333111e-01	1.142894292242274262e-01	-1.085098759399263646e-01	1.205638453319726466e-01	-8.474944168563654234e-02	7.416864029644307243e-02	-8.828170042781038895e-02	7.659154804745191281e-02	-8.726802770293451417e-02	8.025452258770598979e-02	-7.220445048089667306e-02	7.057219353992688626e-02	-7.097168681807265733e-02	6.314090258395844979e-02	-7.642208369495809284e-02	1.224884639703089778e-01
1.638469640159364027e-01	-3.939208626317631246e-01	9.999999999999995559e-01	-2.800101611722397577e-01	2.087547046363271708e-01	-1.356036359075881437e-01	2.402325137191342330e-01	-7.884105761791313505e-01	1.277025851978600413e-01	-1.372706159225529354e-01	1.244671537834801389e-01	-1.301356410249721041e-01	1.543596207421776556e-01	-1.200748549600986204e-01	1.044162003475859329e-01	-9.086179532225287236e-02	8.792124900999245818e-02	-1.148932130760854098e-01	8.584843821909902972e-02	-7.654037064838935256e-02	7.593635940102698434e-02	-6.814690747427236406e-02	8.097831024049019499e-02	-8.099155495063974086e-02	7.297418828744881014e-02	-6.215413450203056966e-02	6.315873489888071401e-02	-5.979271372064710877e-02	7.256731828706836085e-02	-1.243573032938435352e-01
-8.312693498222717414e-02	1.212871456297299477e-01	-2.800101611722397577e-01	9.999999999999995559e-01	-8.942052634300488023e-01	6.967307637887980298e-02	-1.174575432122285518e-01	2.082218194063953920e-01	-1.901271752618753086e-01	1.765106630168722934e-01	-8.531224727172025124e-02	8.536847349075829539e-02	-1.140628715712622837e-01	1.123311337894156992e-01	-1.101438068904137119e-01	6.532502600779374613e-02	-6.549353858253151306e-02	8.822510512577246000e-02	-8.026679252093975314e-02	7.245728917649492395e-02	-6.056140725185858026e-02	5.381776478674786535e-02	-6.699287185352358065e-02	7.170559834068816751e-02	-6.680136461819081994e-02	4.866229761694480099e-02	-5.114067340266167938e-02	4.960023024433747596e-02	-6.231352482135147502e-02	1.048305538322424624e-01
8.159614578116465566e-02	-1.245669027154866493e-01	2.087547046363271708e-01	-8.942052634300488023e-01	9.999999999999995559e-01	-7.099088564040383076e-02	1.135148137826505893e-01	-2.454195500069085156e-01	1.713316548831436692e-01	-2.288407320710323378e-01	8.731308220036720913e-02	-8.984850239979140507e-02	1.170184201574863830e-01	-1.181439938145962265e-01	1.170039137249540423e-01	-6.977287384682603899e-02	6.913891642893149614e-02	-9.619481120842453270e-02	8.530618961747790663e-02	-7.948100279520602107e-02	6.397861072041621799e-02	-5.779353973986686710e-02	7.131716584290301308e-02	-7.872604252208995068e-02	7.287795533604304876e-02	-5.244597802802761916e-02	5.436578362913584844e-02	-5.370327645529824473e-02	6.662039880152759164e-02	-1.200044008685215574e-01
-7.732281973143780851e-01	2.746858523773565430e-01	-1.356036359075881437e-01	6.967307637887980298e-02	-7.099088564040383076e-02	9.999999999999993339e-01	-4.243387511636900200e-01	1.524958519646630872e-01	-9.198147004981994945e-02	1.004288952826501435e-01	-3.245557355480216399e-01	2.007564146498788948e-01	-1.360645973144362364e-01	1.005099285346817417e-01	-8.847921010072096193e-02	1.374460440438928788e-01	-1.185941498378685899e-01	1.201578351430108577e-01	-7.752981536057282352e-02	6.773804343055306321e-02	-8.998734734394377155e-02	7.729846707765379576e-02	-8.408776240571290417e-02	7.479448562256825472e-02	-6.621276420923490058e-02	7.184250673804881693e-02	-7.007130551334313229e-02	6.061059895704806050e-02	-7.176595934820864664e-02	1.150535868570582709e-01
2.991545706866781118e-01	-6.899303984341547125e-01	2.402325137191342330e-01	-1.174575432122285518e-01	1.135148137826505893e-01	-4.243387511636900200e-01	9.999999999999985567e-01	-3.131437118936298281e-01	1.273856363730722641e-01	-1.437365922592521994e-01	2.216107001985205827e-01	-2.730623210564634418e-01	1.775711964997518932e-01	-1.375842222488176947e-01	1.200193217067387769e-01	-1.484260033620974639e-01	1.345080588109592024e-01	-1.556568146651251816e-01	1.038960826071149979e-01	-9.241898593024194808e-02	1.065879473556492485e-01	-9.592275133716456070e-02	1.067985121469270798e-01	-1.013806702846266894e-01	9.002395475639683731e-02	-8.874893193218989784e-02	8.659309367337739149e-02	-7.878699280712245234e-02	9.322054162452764192e-02	-1.605222533546913910e-01
-1.973514904984031426e-01	2.647443580152247788e-01	-7.884105761791313505e-01	2.082218194063953920e-01	-2.454195500069085156e-01	1.524958519646630872e-01	-3.131437118936298281e-01	9.999999999999984457e-01	-1.617762713058085167e-01	1.549514746433007240e-01	-1.599606553634610739e-01	1.585904968957478067e-01	-2.282853285043368319e-01	1.463923583749399682e-01	-1.302538519100390757e-01	1.099219364779266128e-01	-1.100935612196291130e-01	1.371406873049383635e-01	-1.060849388707841984e-01	9.186802301437249629e-02	-9.536521191234823003e-02	8.333163799541948302e-02	-1.009309705978679028e-01	9.637865902550442343e-02	-8.778499764047223430e-02	7.555022903596704531e-02	-7.868562871757718569e-02	7.264996997070595486e-02	-8.993841755897179213e-02	1.412476600542643679e-01
9.887047603259263573e-02	-1.104546713822946863e-01	1.277025851978600413e-01	-1.901271752618753086e-01	1.713316548831436692e-01	-9.198147004981994945e-02	1.273856363730722641e-01	-1.617762713058085167e-01	9.999999999999996669e-01	-6.642297870054495457e-01	1.546204043478460188e-01	-1.767181870969812552e-01	2.567511794845905304e-01	-5.319942170293916472e-01	2.725670213103315032e-01	-1.331750796121752289e-01	1.338339424435689984e-01	-2.046572731063236728e-01	2.076585201234008582e-01	-1.950427629083976155e-01	1.215355099262453858e-01	-1.136632553459974992e-01	1.438665720606335796e-01	-1.839852379760006651e-01	1.623097689962905710e-01	-1.007045482062765979e-01	1.055750407603864016e-01	-1.102727582857732230e-01	1.361137612581635459e-01	-2.513393786255623819e-01
-1.125938293609433927e-01	1.164564131494661703e-01	-1.372706159225529354e-01	1.765106630168722934e-01	-2.288407320710323378e-01	1.004288952826501435e-01	-1.437365922592521994e-01	1.549514746433007240e-01	-6.642297870054495457e-01	1.000000000000000444e+00	-1.749295601957218949e-01	1.698105011949172238e-01	-2.692987347242842833e-01	2.946921640828990552e-01	-4.634051367493496887e-01	1.375307024648469989e-01	-1.444244029614545899e-01	1.982988949488220798e-01	-2.349494255115222030e-01	2.167788558720536995e-01	-1.400614611873619020e-01	1.229941778018372733e-01	-1.628724607136619873e-01	1.868006909964020912e-01	-1.880641848656137149e-01	1.087001451588381767e-01	-1.202957838581533573e-01	1.191945169032408158e-01	-1.570923145756225880e-01	2.389169264458322617e-01
2.145518191341592162e-01	-1.871909882298472549e-01	1.244671537834801389e-01	-8.531224727172025124e-02	8.731308220036720913e-02	-3.245557355480216399e-01	2.216107001985205827e-01	-1.599606553634610739e-01	1.546204043478460188e-01	-1.749295601957218949e-01	9.999999999999994449e-01	-6.531995755660044978e-01	2.556128667026879020e-01	-1.946406515939902993e-01	1.538996078900080333e-01	-4.230594745449577920e-01	2.626817400529606883e-01	-2.479467691585193478e-01	1.409767626146986585e-01	-1.228491763269867199e-01	1.765282291943250925e-01	-1.557668011190759816e-01	1.588856933481261891e-01	-1.377909902124334618e-01	1.188554325994949507e-01	-1.446045192069132235e-01	1.345137514571931314e-01	-1.143549808247352889e-01	1.308179638890346885e-01	-2.091730822505138421e-01
-1.972733190531809067e-01	1.760349700441315723e-01	-1.301356410249721041e-01	8.536847349075829539e-02	-8.984850239979140507e-02	2.007564146498788948e-01	-2.730623210564634418e-01	1.585904968957478067e-01	-1.767181870969812552e-01	1.698105011949172238e-01	-6.531995755660044978e-01	1.000000000000000888e+00	-4.677185804278518044e-01	2.131302063680918513e-01	-1.658331774056735208e-01	2.572884247301981397e-01	-3.112218859863168929e-01	2.336030307062310074e-01	-1.484623663146319994e-01	1.227330978943719508e-01	-1.669377296330880889e-01	1.460194997241746340e-01	-1.604657882571837724e-01	1.332254334126087014e-01	-1.170222662733947233e-01	1.273085129514136549e-01	-1.317732975015413477e-01	1.098547263494501491e-01	-1.309878435551655729e-01	1.869366931402693388e-01
1.367740176784241202e-01	-1.484570930880032003e-01	1.543596207421776556e-01	-1.140628715712622837e-01	1.170184201574863830e-01	-1.360645973144362364e-01	1.775711964997518932e-01	-2.282853285043368319e-01	2.567511794845905304e-01	-2.692987347242842833e-01	2.556128667026879020e-01	-4.677185804278518044e-01	9.999999999999997780e-01	-5.567907865200126816e-01	2.310980547772149563e-01	-2.072733421841646551e-01	2.095916449426049877e-01	-3.635817871198030460e-01	2.151979023623962206e-01	-1.841551829211660884e-01	1.574480382652999610e-01	-1.524620701975852310e-01	1.893454799118993725e-01	-1.947217419337468614e-01	1.632469397896235130e-01	-1.311506291230688515e-01	1.351084819670434201e-01	-1.368879532151636158e-01	1.593785166713581614e-01	-2.675916611076709639e-01
-1.080654702581296533e-01	1.097637320570119396e-01	-1.200748549600986204e-01	1.123311337894156992e-01	-1.181439938145962265e-01	1.005099285346817417e-01	-1.375842222488176947e-01	1.463923583749399682e-01	-5.319942170293916472e-01	2.946921640828990552e-01	-1.946406515939902993e-01	2.131302063680918513e-01	-5.567907865200126816e-01	9.999999999999998890e-01	-3.569037478649849660e-01	1.461583310902223043e-01	-1.555799880891345910e-01	2.244513656208127206e-01	-3.301641167546934263e-01	2.185078927568729901e-01	-1.325289888621952183e-01	1.218841916908142003e-01	-1.618642074700388511e-01	2.039519843266780208e-01	-1.802247464444877711e-01	1.055777777858896427e-01	-1.146923250640750902e-01	1.178583258802804873e-01	-1.498952385737289950e-01	2.339381631897657354e-01
9.500013180589104989e-02	-1.004177060144333111e-01	1.044162003475859329e-01	-1.101438068904137119e-01	1.170039137249540423e-01	-8.847921010072096193e-02	1.200193217067387769e-01	-1.302538519100390757e-01	2.725670213103315032e-01	-4.634051367493496887e-01	1.538996078900080333e-01	-1.658331774056735208e-01	2.310980547772149563e-01	-3.569037478649849660e-01	9.999999999999994449e-01	-1.421263485417090522e-01	1.438111598200688124e-01	-2.325946422646535672e-01	2.909884870845940164e-01	-5.554488393461732842e-01	1.363624654306280770e-01	-1.305218519233202479e-01	1.701193727122702892e-01	-2.775776216924138451e-01	2.674310526621169748e-01	-1.144847581327943509e-01	1.213926762121320113e-01	-1.378486009925522504e-01	1.713506744213350308e-01	-3.894208400766381306e-01
-1.368457881384855246e-01	1.142894292242274262e-01	-9.086179532225287236e-02	6.532502600779374613e-02	-6.977287384682603899e-02	1.374460440438928788e-01	-1.484260033620974639e-01	1.099219364779266128e-01	-1.331750796121752289e-01	1.375307024648469989e-01	-4.230594745449577920e-01	2.572884247301981397e-01	-2.072733421841646551e-01	1.461583310902223043e-01	-1.421263485417090522e-01	9.999999999999996669e-01	-6.912493419692113950e-01	2.636782958927866849e-01	-1.355280586204169191e-01	1.097622322101342029e-01	-3.520053257143361258e-01	2.175126397801332989e-01	-2.036448906106354262e-01	1.276929902895860836e-01	-1.104292029356299526e-01	2.009796147348474893e-01	-1.973071511221384799e-01	1.303061185858773174e-01	-1.525878505588919021e-01	1.764007415514529387e-01
1.138392215658503154e-01	-1.085098759399263646e-01	8.792124900999245818e-02	-6.549353858253151306e-02	6.913891642893149614e-02	-1.185941498378685899e-01	1.345080588109592024e-01	-1.100935612196291130e-01	1.338339424435689984e-01	-1.444244029614545899e-01	2.626817400529606883e-01	-3.112218859863168929e-01	2.095916449426049877e-01	-1.555799880891345910e-01	1.438111598200688124e-01	-6.912493419692113950e-01	9.999999999999991118e-01	-4.406722031711879373e-01	1.445977882908358603e-01	-1.174446201885536861e-01	2.385339218290742636e-01	-2.933532446180979192e-01	2.213780649688122659e-01	-1.384597085154453400e-01	1.161984788269189162e-01	-1.982268402113465111e-01	1.947984525096846387e-01	-1.423420243824219944e-01	1.550128808581356377e-01	-1.901801346852768637e-01
-1.285886317443581117e-01	1.205638453319726466e-01	-1.148932130760854098e-01	8.822510512577246000e-02	-9.619481120842453270e-02	1.201578351430108577e-01	-1.556568146651251816e-01	1.371406873049383635e-01	-2.046572731063236728e-01	1.982988949488220798e-01	-2.479467691585193478e-01	2.336030307062310074e-01	-3.635817871198030460e-01	2.244513656208127206e-01	-2.325946422646535672e-01	2.636782958927866849e-01	-4.406722031711879373e-01	9.999999999999996669e-01	-2.798286141959894224e-01	1.845089459140887289e-01	-2.534574297765634920e-01	2.522598904480533033e-01	-5.003604684959908067e-01	2.161028640877721285e-01	-1.831858917996726510e-01	1.901241009157843276e-01	-2.310295303555072732e-01	2.289378943323587268e-01	-2.792068820447061173e-01	2.538022064105063258e-01
8.313760766064365315e-02	-8.474944168563654234e-02	8.584843821909902972e-02	-8.026679252093975314e-02	8.530618961747790663e-02	-7.752981536057282352e-02	1.038960826071149979e-01	-1.060849388707841984e-01	2.076585201234008582e-01	-2.349494255115222030e-01	1.409767626146986585e-01	-1.484623663146319994e-01	2.151979023623962206e-01	-3.301641167546934263e-01	2.909884870845940164e-01	-1.355280586204169191e-01	1.445977882908358603e-01	-2.798286141959894224e-01	9.999999999999961142e-01	-5.404689433994558367e-01	1.316581177624535914e-01	-1.314165883214506447e-01	1.854580346211902320e-01	-5.672455587406154409e-01	3.047905261210765993e-01	-1.096922195817351953e-01	1.207445229321053026e-01	-1.530257143369408990e-01	1.923290041335076195e-01	-3.131753899352086590e-01
-7.392539412420452705e-02	7.416864029644307243e-02	-7.654037064838935256e-02	7.245728917649492395e-02	-7.948100279520602107e-02	6.773804343055306321e-02	-9.241898593024194808e-02	9.186802301437249629e-02	-1.950427629083976155e-01	2.167788558720536995e-01	-1.228491763269867199e-01	1.227330978943719508e-01	-1.841551829211660884e-01	2.185078927568729901e-01	-5.554488393461732842e-01	1.097622322101342029e-01	-1.174446201885536861e-01	1.845089459140887289e-01	-5.404689433994558367e-01	9.999999999999977796e-01	-1.136372438659445788e-01	1.072903586946582777e-01	-1.521782779675754094e-01	2.989526733071182218e-01	-4.888321284612184292e-01	9.142609615737561091e-02	-1.028407518889980915e-01	1.195713094392663739e-01	-1.617268078068514470e-01	2.812270304155635725e-01
9.011711183242331058e-02	-8.828170042781038895e-02	7.593635940102698434e-02	-6.056140725185858026e-02	6.397861072041621799e-02	-8.998734734394377155e-02	1.065879473556492485e-01	-9.536521191234823003e-02	1.215355099262453858e-01	-1.400614611873619020e-01	1.765282291943250925e-01	-1.669377296330880889e-01	1.574480382652999610e-01	-1.325289888621952183e-01	1.363624654306280770e-01	-3.520053257143361258e-01	2.385339218290742636e-01	-2.534574297765634920e-01	1.316581177624535914e-01	-1.136372438659445788e-01	9.999999999999992228e-01	-4.015004269835058537e-01	2.202011263701004473e-01	-1.421323610833433448e-01	1.192130693238174777e-01	-6.922015791804898566e-01	3.060419331210070815e-01	-1.627060011772073489e-01	1.650645352199227034e-01	-2.178427613523913342e-01
-8.047087217905825318e-02	7.659154804745191281e-02	-6.814690747427236406e-02	5.381776478674786535e-02	-5.779353973986686710e-02	7.729846707765379576e-02	-9.592275133716456070e-02	8.333163799541948302e-02	-1.136632553459974992e-01	1.229941778018372733e-01	-1.557668011190759816e-01	1.460194997241746340e-01	-1.524620701975852310e-01	1.218841916908142003e-01	-1.305218519233202479e-01	2.175126397801332989e-01	-2.933532446180979192e-01	2.522598904480533033e-01	-1.314165883214506447e-01	1.072903586946582777e-01	-4.015004269835058537e-01	9.999999999999993339e-01	-4.421607192433811284e-01	1.406524773344499379e-01	-1.155569705013751725e-01	2.929674695173304921e-01	-6.419721570725150928e-01	2.123219024730301219e-01	-2.112381688396606227e-01	1.870042995245752016e-01
8.766492389559626952e-02	-8.726802770293451417e-02	8.097831024049019499e-02	-6.699287185352358065e-02	7.131716584290301308e-02	-8.408776240571290417e-02	1.067985121469270798e-01	-1.009309705978679028e-01	1.438665720606335796e-01	-1.628724607136619873e-01	1.588856933481261891e-01	-1.604657882571837724e-01	1.893454799118993725e-01	-1.618642074700388511e-01	1.701193727122702892e-01	-2.036448906106354262e-01	2.213780649688122659e-01	-5.003604684959908067e-01	1.854580346211902320e-01	-1.521782779675754094e-01	2.202011263701004473e-01	-4.421607192433811284e-01	9.999999999999984457e-01	-2.290690574312713723e-01	1.649711822661307781e-01	-2.093736180177782624e-01	2.500991450639699631e-01	-5.045881432825705115e-01	2.917288035375312782e-01	-2.769551229364540235e-01
-8.178839539743672227e-02	8.025452258770598979e-02	-8.099155495063974086e-02	7.170559834068816751e-02	-7.872604252208995068e-02	7.479448562256825472e-02	-1.013806702846266894e-01	9.637865902550442343e-02	-1.839852379760006651e-01	1.868006909964020912e-01	-1.377909902124334618e-01	1.332254334126087014e-01	-1.947217419337468614e-01	2.039519843266780208e-01	-2.775776216924138451e-01	1.276929902895860836e-01	-1.384597085154453400e-01	2.161028640877721285e-01	-5.672455587406154409e-01	2.989526733071182218e-01	-1.421323610833433448e-01	1.406524773344499379e-01	-2.290690574312713723e-01	9.999999999999977796e-01	-5.766193614883327045e-01	1.146237515946878366e-01	-1.357620069792247197e-01	1.859357417509367727e-01	-3.055148509631481213e-01	3.006932874940660971e-01
7.230703594710426174e-02	-7.220445048089667306e-02	7.297418828744881014e-02	-6.680136461819081994e-02	7.287795533604304876e-02	-6.621276420923490058e-02	9.002395475639683731e-02	-8.778499764047223430e-02	1.623097689962905710e-01	-1.880641848656137149e-01	1.188554325994949507e-01	-1.170222662733947233e-01	1.632469397896235130e-01	-1.802247464444877711e-01	2.674310526621169748e-01	-1.104292029356299526e-01	1.161984788269189162e-01	-1.831858917996726510e-01	3.047905261210765993e-01	-4.888321284612184292e-01	1.192130693238174777e-01	-1.155569705013751725e-01	1.649711822661307781e-01	-5.766193614883327045e-01	9.999999999999977796e-01	-9.741702561613149736e-02	1.101364143631730769e-01	-1.426266748993013367e-01	1.922976372016834967e-01	-5.346516062433660510e-01
-7.533433755853893854e-02	7.057219353992688626e-02	-6.215413450203056966e-02	4.866229761694480099e-02	-5.244597802802761916e-02	7.184250673804881693e-02	-8.874893193218989784e-02	7.555022903596704531e-02	-1.007045482062765979e-01	1.087001451588381767e-01	-1.446045192069132235e-01	1.273085129514136549e-01	-1.311506291230688515e-01	1.055777777858896427e-01	-1.144847581327943509e-01	2.009796147348474893e-01	-1.982268402113465111e-01	1.901241009157843276e-01	-1.096922195817351953e-01	9.142609615737561091e-02	-6.922015791804898566e-01	2.929674695173304921e-01	-2.093736180177782624e-01	1.146237515946878366e-01	-9.741702561613149736e-02	9.999999999999977796e-01	-5.692148186672382204e-01	1.518849456125693220e-01	-1.659349022735850943e-01	1.614691988785227905e-01
7.209602228954263559e-02	-7.097168681807265733e-02	6.315873489888071401e-02	-5.114067340266167938e-02	5.436578362913584844e-02	-7.007130551334313229e-02	8.659309367337739149e-02	-7.868562871757718569e-02	1.055750407603864016e-01	-1.202957838581533573e-01	1.345137514571931314e-01	-1.317732975015413477e-01	1.351084819670434201e-01	-1.146923250640750902e-01	1.213926762121320113e-01	-1.973071511221384799e-01	1.947984525096846387e-01	-2.310295303555072732e-01	1.207445229321053026e-01	-1.028407518889980915e-01	3.060419331210070815e-01	-6.419721570725150928e-01	2.500991450639699631e-01	-1.357620069792247197e-01	1.101364143631730769e-01	-5.692148186672382204e-01	9.999999999999977796e-01	-2.274504581597258934e-01	1.842011358041128477e-01	-1.956176135609702937e-01
-6.464881693846226407e-02	6.314090258395844979e-02	-5.979271372064710877e-02	4.960023024433747596e-02	-5.370327645529824473e-02	6.061059895704806050e-02	-7.878699280712245234e-02	7.264996997070595486e-02	-1.102727582857732230e-01	1.191945169032408158e-01	-1.143549808247352889e-01	1.098547263494501491e-01	-1.368879532151636158e-01	1.178583258802804873e-01	-1.378486009925522504e-01	1.303061185858773174e-01	-1.423420243824219944e-01	2.289378943323587268e-01	-1.530257143369408990e-01	1.195713094392663739e-01	-1.627060011772073489e-01	2.123219024730301219e-01	-5.045881432825705115e-01	1.859357417509367727e-01	-1.426266748993013367e-01	1.518849456125693220e-01	-2.274504581597258934e-01	9.999999999999976685e-01	-7.407267986650646341e-01	2.078947250599297858e-01
7.585100846787520834e-02	-7.642208369495809284e-02	7.256731828706836085e-02	-6.231352482135147502e-02	6.662039880152759164e-02	-7.176595934820864664e-02	9.322054162452764192e-02	-8.993841755897179213e-02	1.361137612581635459e-01	-1.570923145756225880e-01	1.308179638890346885e-01	-1.309878435551655729e-01	1.593785166713581614e-01	-1.498952385737289950e-01	1.713506744213350308e-01	-1.525878505588919021e-01	1.550128808581356377e-01	-2.792068820447061173e-01	1.923290041335076195e-01	-1.617268078068514470e-01	1.650645352199227034e-01	-2.112381688396606227e-01	2.917288035375312782e-01	-3.055148509631481213e-01	1.922976372016834967e-01	-1.659349022735850943e-01	1.842011358041128477e-01	-7.407267986650646341e-01	9.999999999999978906e-01	-3.312025368958674276e-01
-1.298694516373780639e-01	1.224884639703089778e-01	-1.243573032938435352e-01	1.048305538322424624e-01	-1.200044008685215574e-01	1.150535868570582709e-01	-1.605222533546913910e-01	1.412476600542643679e-01	-2.513393786255623819e-01	2.389169264458322617e-01	-2.091730822505138421e-01	1.869366931402693388e-01	-2.675916611076709639e-01	2.339381631897657354e-01	-3.894208400766381306e-01	1.764007415514529387e-01	-1.901801346852768637e-01	2.538022064105063258e-01	-3.131753899352086590e-01	2.812270304155635725e-01	-2.178427613523913342e-01	1.870042995245752016e-01	-2.769551229364540235e-01	3.006932874940660971e-01	-5.346516062433660510e-01	1.614691988785227905e-01	-1.956176135609702937e-01	2.078947250599297858e-01	-3.312025368958674276e-01	9.999999999999978906e-01
