1.000000000000000000e+00	-2.437978385211355681e-01	5.588819968970350910e-02	-5.572723607527733936e-02	9.372388722885688361e-02	-8.673546045000544158e-01	1.519896273717245283e-01	-1.478771931627839153e-01	8.278326800968988097e-02	-6.371217777731034981e-02	2.558819856678505866e-01	-1.773801782815335737e-01	1.308435824894234600e-01	-7.776628629125342806e-02	7.892426190643782313e-02	-9.718274521373815311e-02	1.246163812928026970e-01	-1.203047287405370064e-01	9.643348325218796535e-02	-6.650408080264678945e-02	9.423461049448859927e-02	-9.534973892335020518e-02	8.007750801992023770e-02	-7.622045694517153025e-02	7.515064242043281717e-02	-2.252818341533595614e-01	9.625153073057715614e-02	-1.130803125730161229e-01	9.119416905167851417e-02	-8.045279338049529660e-02
-2.437978385211355681e-01	1.000000000000000000e+00	-1.379456390547360856e-01	1.175723561372902654e-01	-1.728935602320043619e-01	1.718185370090591080e-01	-7.490336482010544472e-01	2.890305039072163518e-01	-1.603229034456474245e-01	1.144031880515749972e-01	-2.814466229912929718e-01	2.373336169384241412e-01	-2.822958667599306248e-01	1.348976473251402020e-01	-1.389417507228379034e-01	9.920776092893038300e-02	-1.984812716133599886e-01	1.823565137201098585e-01	-1.683819012655234371e-01	1.098540920439886603e-01	-1.134055296897550080e-01	1.267092586536115173e-01	-1.287131243496834054e-01	1.178896977577580940e-01	-1.236212823136033923e-01	2.094539306989456062e-01	-1.396903202038798364e-01	1.499947877738735391e-01	-1.411086571794747113e-01	1.195571694178398509e-01
5.588819968970350910e-02	-1.379456390547360856e-01	1.000000000000000222e+00	-9.482354935052226264e-01	1.089547534158474829e-01	-4.625218036269468369e-02	1.048559267229045161e-01	-1.507755070899051142e-01	1.443071425025660992e-01	-9.301055007290094656e-02	8.794386250601891886e-02	-8.534048650499290178e-02	1.063077396017563792e-01	-1.224941803468147794e-01	8.957441748947489457e-02	-3.560475747606395985e-02	7.225060329545786308e-02	-9.905124555297169231e-02	9.126896403549092374e-02	-7.050840028618216015e-02	4.026104203991690694e-02	-5.240984478634723442e-02	6.403929472605403295e-02	-6.507439826258309967e-02	6.894454152169032790e-02	-1.110369193786056308e-01	5.860103207060668451e-02	-7.522036705207085783e-02	7.004417792875372584e-02	-7.028117902387057137e-02
-5.572723607527733936e-02	1.175723561372902654e-01	-9.482354935052226264e-01	1.000000000000000000e+00	-1.209998479707634078e-01	4.531123559249984611e-02	-1.008256556308522595e-01	1.301879697880256592e-01	-1.737189856030760815e-01	9.668594225815964338e-02	-8.915483074505187178e-02	8.246734245224278392e-02	-1.062878293276317831e-01	1.200969321352704788e-01	-9.406939615108622643e-02	3.544938011722362226e-02	-7.222365206351427647e-02	9.506792319875313757e-02	-9.351803620562931796e-02	7.097423496679844401e-02	-4.038370265730267111e-02	5.154893857852677758e-02	-6.377870219765414961e-02	6.424388285969064027e-02	-7.045969562651949181e-02	1.056610910318365459e-01	-5.822234402926342034e-02	7.342040052867880584e-02	-7.035123092567349690e-02	6.926850422224209436e-02
9.372388722885688361e-02	-1.728935602320043619e-01	1.089547534158474829e-01	-1.209998479707634078e-01	1.000000000000000222e+00	-8.010868702474679970e-02	1.290080923032433657e-01	-1.950260915376356707e-01	2.862461341106055657e-01	-6.920504766386164075e-01	1.605716877770728690e-01	-1.551798763389959923e-01	1.623580234043049131e-01	-3.106064523103120312e-01	2.812940660680556260e-01	-7.419025741691719078e-02	1.460420386892814226e-01	-2.422707150534144094e-01	2.184890357069738387e-01	-2.455661016980637823e-01	8.342811719640375046e-02	-1.188492958732984689e-01	1.548713527828846359e-01	-1.704818257660299374e-01	1.961357648419307376e-01	-3.336957321191067471e-01	1.367865467829107451e-01	-2.035011059094766761e-01	1.834192430865113355e-01	-2.259068429527303912e-01
-8.673546045000544158e-01	1.718185370090591080e-01	-4.625218036269468369e-02	4.531123559249984611e-02	-8.010868702474679970e-02	1.000000000000000222e+00	-1.366707639906547533e-01	1.213343386801737506e-01	-7.026215312759452603e-02	5.384555263661964380e-02	-3.758365539944613642e-01	1.571480150786780938e-01	-1.177710574648170722e-01	6.514212339427417897e-02	-6.702046332459553335e-02	9.748542851367655859e-02	-1.134468013687364440e-01	1.001590410327068276e-01	-8.226615984893068112e-02	5.595806409126898029e-02	-9.908514893083907038e-02	8.203884996957377940e-02	-6.798482967647646869e-02	6.392396042743404838e-02	-6.360674188049136868e-02	1.736655774785651474e-01	-8.350707664426544607e-02	9.367037012723511413e-02	-7.719808680166054260e-02	6.686952558163444804e-02
1.519896273717245283e-01	-7.490336482010544472e-01	1.048559267229045161e-01	-1.008256556308522595e-01	1.290080923032433657e-01	-1.366707639906547533e-01	9.999999999999992228e-01	-4.884456945662919436e-01	1.339207844627658406e-01	-9.305864388135982879e-02	2.016626842441404943e-01	-2.691420935631085309e-01	2.528865584368191199e-01	-1.160388195971690378e-01	1.076601459942760214e-01	-7.546660502659720271e-02	1.603799830071969967e-01	-1.626050079603720833e-01	1.322347948928032924e-01	-8.726150745862167046e-02	8.315281602660036520e-02	-1.068108433256394346e-01	1.038036245678714137e-01	-9.607020321978020083e-02	9.517320951751846725e-02	-1.750144098173957996e-01	1.101601179248041656e-01	-1.238791498993350171e-01	1.090961657365864118e-01	-9.566074566321239314e-02
-1.478771931627839153e-01	2.890305039072163518e-01	-1.507755070899051142e-01	1.301879697880256592e-01	-1.950260915376356707e-01	1.213343386801737506e-01	-4.884456945662919436e-01	1.000000000000000222e+00	-2.466379917939019728e-01	1.423927180635146117e-01	-2.518046943219804934e-01	2.685998320062278899e-01	-6.202469763204053743e-01	1.765155508206433244e-01	-1.611578491793120016e-01	9.217370562804033662e-02	-2.053390932677212621e-01	2.313421988469669399e-01	-1.999522000158502344e-01	1.262811709177034392e-01	-1.043688019774934445e-01	1.317201348331280275e-01	-1.511655180560228240e-01	1.358007244778358380e-01	-1.357498732635335492e-01	2.138696626577123172e-01	-1.430719488787809968e-01	1.608749356998131486e-01	-1.500385832459417979e-01	1.315336504390388905e-01
8.278326800968988097e-02	-1.603229034456474245e-01	1.443071425025660992e-01	-1.737189856030760815e-01	2.862461341106055657e-01	-7.026215312759452603e-02	1.339207844627658406e-01	-2.466379917939019728e-01	1.000000000000000000e+00	-4.688540875471671199e-01	1.409026726368915461e-01	-1.412594913187791845e-01	1.708671985199748389e-01	-6.691311402129129782e-01	2.766158902109425721e-01	-6.139210012069412636e-02	1.262376458592888440e-01	-2.191430236663094444e-01	2.283566578956908455e-01	-2.025046874901392790e-01	6.915141456274068177e-02	-9.808245717186901691e-02	1.388112564569425611e-01	-1.561700467108083634e-01	1.681675243541015385e-01	-2.322324648426361826e-01	1.119007852255248237e-01	-1.595232932177536034e-01	1.513982552938621662e-01	-1.704306087735682762e-01
-6.371217777731034981e-02	1.144031880515749972e-01	-9.301055007290094656e-02	9.668594225815964338e-02	-6.920504766386164075e-01	5.384555263661964380e-02	-9.305864388135982879e-02	1.423927180635146117e-01	-4.688540875471671199e-01	1.000000000000001776e+00	-1.097350297325628971e-01	1.053021023188713545e-01	-1.202668635307611450e-01	2.802806876219594012e-01	-4.152146516801003551e-01	4.871300007583721781e-02	-9.940111840025844803e-02	1.643385328249641619e-01	-1.803979136435718833e-01	2.039666383075891265e-01	-5.508331031143714335e-02	7.853543118891294361e-02	-1.107440782914230620e-01	1.223994123054034655e-01	-1.680526223495279192e-01	1.944815722669462343e-01	-9.106367805105072821e-02	1.322575453921840116e-01	-1.312111558856855487e-01	1.542529818813997977e-01
2.558819856678505866e-01	-2.814466229912929718e-01	8.794386250601891886e-02	-8.915483074505187178e-02	1.605716877770728690e-01	-3.758365539944613642e-01	2.016626842441404943e-01	-2.518046943219804934e-01	1.409026726368915461e-01	-1.097350297325628971e-01	9.999999999999978906e-01	-4.817803588798839631e-01	2.382872147634716165e-01	-1.352232064943652001e-01	1.370646652710527380e-01	-3.083504713036807066e-01	2.482815654988904941e-01	-2.221262745137321248e-01	1.697601298282500615e-01	-1.172346486880793404e-01	2.259384896097450246e-01	-1.950678347094194909e-01	1.450946018111536617e-01	-1.381262583820354883e-01	1.328135013137108633e-01	-4.265553885452033067e-01	1.830063350935113853e-01	-2.142094129609175002e-01	1.645111247742136462e-01	-1.450672651142474456e-01
-1.773801782815335737e-01	2.373336169384241412e-01	-8.534048650499290178e-02	8.246734245224278392e-02	-1.551798763389959923e-01	1.571480150786780938e-01	-2.691420935631085309e-01	2.685998320062278899e-01	-1.412594913187791845e-01	1.053021023188713545e-01	-4.817803588798839631e-01	1.000000000000000666e+00	-4.813612921799418909e-01	1.294040539836544823e-01	-1.321563412648265046e-01	1.425615941578554369e-01	-4.930837885191574066e-01	2.185092786117324992e-01	-1.723498638856871268e-01	1.104473230988697596e-01	-1.535242216472053056e-01	2.179769442461018947e-01	-1.482415224786511054e-01	1.317420951804202933e-01	-1.262088480455201278e-01	2.597376059076183519e-01	-2.111484059690829362e-01	1.947312552797522134e-01	-1.580552998168368029e-01	1.302499847670754440e-01
1.308435824894234600e-01	-2.822958667599306248e-01	1.063077396017563792e-01	-1.062878293276317831e-01	1.623580234043049131e-01	-1.177710574648170722e-01	2.528865584368191199e-01	-6.202469763204053743e-01	1.708671985199748389e-01	-1.202668635307611450e-01	2.382872147634716165e-01	-4.813612921799418909e-01	9.999999999999978906e-01	-1.606756243440159992e-01	1.424323390762763375e-01	-9.393902669677080264e-02	2.198405754421749736e-01	-3.771476330510397101e-01	2.001288452937557416e-01	-1.209247716004927253e-01	1.013720340000805881e-01	-1.511240155774259131e-01	1.673597387618280530e-01	-1.488842099160385124e-01	1.291586734570365769e-01	-2.297247433610446199e-01	1.490350703754029227e-01	-1.773655893862185196e-01	1.497245276415571369e-01	-1.325856223215332585e-01
-7.776628629125342806e-02	1.348976473251402020e-01	-1.224941803468147794e-01	1.200969321352704788e-01	-3.106064523103120312e-01	6.514212339427417897e-02	-1.160388195971690378e-01	1.765155508206433244e-01	-6.691311402129129782e-01	2.802806876219594012e-01	-1.352232064943652001e-01	1.294040539836544823e-01	-1.606756243440159992e-01	1.000000000000000666e+00	-4.443183184402066388e-01	5.803879016123115325e-02	-1.226295649670140486e-01	2.148882456106926409e-01	-3.575882593567094592e-01	2.310250431717025821e-01	-6.592162630471216922e-02	9.432123476811249407e-02	-1.519018649117618025e-01	1.708496146302387886e-01	-2.041652951450460274e-01	2.059381711417537786e-01	-1.099729577083919385e-01	1.557564962409309917e-01	-1.631900214454392595e-01	1.744679625328896533e-01
7.892426190643782313e-02	-1.389417507228379034e-01	8.957441748947489457e-02	-9.406939615108622643e-02	2.812940660680556260e-01	-6.702046332459553335e-02	1.076601459942760214e-01	-1.611578491793120016e-01	2.766158902109425721e-01	-4.152146516801003551e-01	1.370646652710527380e-01	-1.321563412648265046e-01	1.424323390762763375e-01	-4.443183184402066388e-01	1.000000000000002220e+00	-6.236413068154025158e-02	1.277167091288806677e-01	-2.232184733352838568e-01	2.497556124015192780e-01	-5.688924737212276428e-01	7.039245947599750974e-02	-1.041530290799987379e-01	1.514759716500203579e-01	-1.759124409784798837e-01	2.678743284341904007e-01	-2.588587607540349111e-01	1.213538811696441289e-01	-1.859041702678143060e-01	1.865765055117118987e-01	-2.565275099969146488e-01
-9.718274521373815311e-02	9.920776092893038300e-02	-3.560475747606395985e-02	3.544938011722362226e-02	-7.419025741691719078e-02	9.748542851367655859e-02	-7.546660502659720271e-02	9.217370562804033662e-02	-6.139210012069412636e-02	4.871300007583721781e-02	-3.083504713036807066e-01	1.425615941578554369e-01	-9.393902669677080264e-02	5.803879016123115325e-02	-6.236413068154025158e-02	1.000000000000001554e+00	-1.481079258559789558e-01	9.102835637280817793e-02	-7.549148480770383196e-02	5.237286963701671960e-02	-9.033921394408842565e-01	1.170385488437466343e-01	-6.585375799658189921e-02	6.139974948922733572e-02	-6.130463742123089949e-02	1.861503177838287892e-01	-1.053870603203343748e-01	1.000428987375679146e-01	-7.861395681485261466e-02	6.497801673331732308e-02
1.246163812928026970e-01	-1.984812716133599886e-01	7.225060329545786308e-02	-7.222365206351427647e-02	1.460420386892814226e-01	-1.134468013687364440e-01	1.603799830071969967e-01	-2.053390932677212621e-01	1.262376458592888440e-01	-9.940111840025844803e-02	2.482815654988904941e-01	-4.930837885191574066e-01	2.198405754421749736e-01	-1.226295649670140486e-01	1.277167091288806677e-01	-1.481079258559789558e-01	9.999999999999985567e-01	-2.213008925456917964e-01	1.651807917625040534e-01	-1.122586716234687393e-01	1.457765354683577819e-01	-5.905525778109266266e-01	1.587958320092416609e-01	-1.460626441223804584e-01	1.296794097981357197e-01	-3.257591597276253137e-01	2.887958752574542043e-01	-2.933922444920921135e-01	1.774303227423560114e-01	-1.489836671118998368e-01
-1.203047287405370064e-01	1.823565137201098585e-01	-9.905124555297169231e-02	9.506792319875313757e-02	-2.422707150534144094e-01	1.001590410327068276e-01	-1.626050079603720833e-01	2.313421988469669399e-01	-2.191430236663094444e-01	1.643385328249641619e-01	-2.221262745137321248e-01	2.185092786117324992e-01	-3.771476330510397101e-01	2.148882456106926409e-01	-2.232184733352838568e-01	9.102835637280817793e-02	-2.213008925456917964e-01	9.999999999999934497e-01	-5.241752383576027130e-01	1.993079015525397457e-01	-1.042832517039714718e-01	1.573831345414278271e-01	-4.792351369079802526e-01	2.978839556654001575e-01	-2.173072080090815150e-01	2.515579227315110633e-01	-1.878875640231134625e-01	2.423337923010657202e-01	-2.458316100917704028e-01	1.997300174365964354e-01
9.643348325218796535e-02	-1.683819012655234371e-01	9.126896403549092374e-02	-9.351803620562931796e-02	2.184890357069738387e-01	-8.226615984893068112e-02	1.322347948928032924e-01	-1.999522000158502344e-01	2.283566578956908455e-01	-1.803979136435718833e-01	1.697601298282500615e-01	-1.723498638856871268e-01	2.001288452937557416e-01	-3.575882593567094592e-01	2.497556124015192780e-01	-7.549148480770383196e-02	1.651807917625040534e-01	-5.241752383576027130e-01	9.999999999999998890e-01	-3.271948888584724768e-01	8.516369898664251370e-02	-1.344870980902934388e-01	2.932278214044060083e-01	-4.860613518453542059e-01	2.356602481845559982e-01	-2.698568451172124738e-01	1.555142945275882205e-01	-2.415947749445991055e-01	2.323742813499528881e-01	-2.402312244800267615e-01
-6.650408080264678945e-02	1.098540920439886603e-01	-7.050840028618216015e-02	7.097423496679844401e-02	-2.455661016980637823e-01	5.595806409126898029e-02	-8.726150745862167046e-02	1.262811709177034392e-01	-2.025046874901392790e-01	2.039666383075891265e-01	-1.172346486880793404e-01	1.104473230988697596e-01	-1.209247716004927253e-01	2.310250431717025821e-01	-5.688924737212276428e-01	5.237286963701671960e-02	-1.122586716234687393e-01	1.993079015525397457e-01	-3.271948888584724768e-01	9.999999999999964473e-01	-5.955176061525423864e-02	9.026406199581551992e-02	-1.510208672635385829e-01	1.769852630068073085e-01	-6.026871806598618209e-01	1.976004752865637981e-01	-1.082276825717906482e-01	1.634828147571583123e-01	-2.032554495002245609e-01	2.550721379081031248e-01
9.423461049448859927e-02	-1.134055296897550080e-01	4.026104203991690694e-02	-4.038370265730267111e-02	8.342811719640375046e-02	-9.908514893083907038e-02	8.315281602660036520e-02	-1.043688019774934445e-01	6.915141456274068177e-02	-5.508331031143714335e-02	2.259384896097450246e-01	-1.535242216472053056e-01	1.013720340000805881e-01	-6.592162630471216922e-02	7.039245947599750974e-02	-9.033921394408842565e-01	1.457765354683577819e-01	-1.042832517039714718e-01	8.516369898664251370e-02	-5.955176061525423864e-02	1.000000000000000222e+00	-1.404134829622429304e-01	7.455969533275616512e-02	-7.022056983966003252e-02	6.941348608715781909e-02	-2.464267430007408832e-01	1.157698069515251116e-01	-1.166911847891512755e-01	8.886493054226050903e-02	-7.472687771131245049e-02
-9.534973892335020518e-02	1.267092586536115173e-01	-5.240984478634723442e-02	5.154893857852677758e-02	-1.188492958732984689e-01	8.203884996957377940e-02	-1.068108433256394346e-01	1.317201348331280275e-01	-9.808245717186901691e-02	7.853543118891294361e-02	-1.950678347094194909e-01	2.179769442461018947e-01	-1.511240155774259131e-01	9.432123476811249407e-02	-1.041530290799987379e-01	1.170385488437466343e-01	-5.905525778109266266e-01	1.573831345414278271e-01	-1.344870980902934388e-01	9.026406199581551992e-02	-1.404134829622429304e-01	9.999999999999997780e-01	-1.483834601358991756e-01	1.225608170550296083e-01	-1.095101909966808840e-01	2.254949156858990778e-01	-6.570133979546970426e-01	2.537411255393975940e-01	-1.675026131217405290e-01	1.203757330303967255e-01
8.007750801992023770e-02	-1.287131243496834054e-01	6.403929472605403295e-02	-6.377870219765414961e-02	1.548713527828846359e-01	-6.798482967647646869e-02	1.038036245678714137e-01	-1.511655180560228240e-01	1.388112564569425611e-01	-1.107440782914230620e-01	1.450946018111536617e-01	-1.482415224786511054e-01	1.673597387618280530e-01	-1.519018649117618025e-01	1.514759716500203579e-01	-6.585375799658189921e-02	1.587958320092416609e-01	-4.792351369079802526e-01	2.932278214044060083e-01	-1.510208672635385829e-01	7.455969533275616512e-02	-1.483834601358991756e-01	1.000000000000000444e+00	-7.008802194799140795e-01	1.681202665353475345e-01	-2.100205900851911389e-01	1.703133768820851157e-01	-3.413200766684478804e-01	2.334484188547823469e-01	-1.847539946009398304e-01
-7.622045694517153025e-02	1.178896977577580940e-01	-6.507439826258309967e-02	6.424388285969064027e-02	-1.704818257660299374e-01	6.392396042743404838e-02	-9.607020321978020083e-02	1.358007244778358380e-01	-1.561700467108083634e-01	1.223994123054034655e-01	-1.381262583820354883e-01	1.317420951804202933e-01	-1.488842099160385124e-01	1.708496146302387886e-01	-1.759124409784798837e-01	6.139974948922733572e-02	-1.460626441223804584e-01	2.978839556654001575e-01	-4.860613518453542059e-01	1.769852630068073085e-01	-7.022056983966003252e-02	1.225608170550296083e-01	-7.008802194799140795e-01	1.000000000000000222e+00	-2.128246714559401676e-01	1.972320891734933856e-01	-1.515921187328941044e-01	2.390853533614005488e-01	-3.085378333404965034e-01	2.011216653775559637e-01
7.515064242043281717e-02	-1.236212823136033923e-01	6.894454152169032790e-02	-7.045969562651949181e-02	1.961357648419307376e-01	-6.360674188049136868e-02	9.517320951751846725e-02	-1.357498732635335492e-01	1.681675243541015385e-01	-1.680526223495279192e-01	1.328135013137108633e-01	-1.262088480455201278e-01	1.291586734570365769e-01	-2.041652951450460274e-01	2.678743284341904007e-01	-6.130463742123089949e-02	1.296794097981357197e-01	-2.173072080090815150e-01	2.356602481845559982e-01	-6.026871806598618209e-01	6.941348608715781909e-02	-1.095101909966808840e-01	1.681202665353475345e-01	-2.128246714559401676e-01	9.999999999999998890e-01	-2.493807297441216209e-01	1.305954307412823812e-01	-2.162150709956844330e-01	2.581743009598463923e-01	-5.639658205580110328e-01
-2.252818341533595614e-01	2.094539306989456062e-01	-1.110369193786056308e-01	1.056610910318365459e-01	-3.336957321191067471e-01	1.736655774785651474e-01	-1.750144098173957996e-01	2.138696626577123172e-01	-2.322324648426361826e-01	1.944815722669462343e-01	-4.265553885452033067e-01	2.597376059076183519e-01	-2.297247433610446199e-01	2.059381711417537786e-01	-2.588587607540349111e-01	1.861503177838287892e-01	-3.257591597276253137e-01	2.515579227315110633e-01	-2.698568451172124738e-01	1.976004752865637981e-01	-2.464267430007408832e-01	2.254949156858990778e-01	-2.100205900851911389e-01	1.972320891734933856e-01	-2.493807297441216209e-01	1.000000000000000444e+00	-3.182759178896180652e-01	2.718225522396592875e-01	-3.046913252044020082e-01	2.241503410622316950e-01
9.625153073057715614e-02	-1.396903202038798364e-01	5.860103207060668451e-02	-5.822234402926342034e-02	1.367865467829107451e-01	-8.350707664426544607e-02	1.101601179248041656e-01	-1.430719488787809968e-01	1.119007852255248237e-01	-9.106367805105072821e-02	1.830063350935113853e-01	-2.111484059690829362e-01	1.490350703754029227e-01	-1.099729577083919385e-01	1.213538811696441289e-01	-1.053870603203343748e-01	2.887958752574542043e-01	-1.878875640231134625e-01	1.555142945275882205e-01	-1.082276825717906482e-01	1.157698069515251116e-01	-6.570133979546970426e-01	1.703133768820851157e-01	-1.515921187328941044e-01	1.305954307412823812e-01	-3.182759178896180652e-01	1.000000000000000444e+00	-5.139231303989957311e-01	2.073870243786345158e-01	-1.564865720452832121e-01
-1.130803125730161229e-01	1.499947877738735391e-01	-7.522036705207085783e-02	7.342040052867880584e-02	-2.035011059094766761e-01	9.367037012723511413e-02	-1.238791498993350171e-01	1.608749356998131486e-01	-1.595232932177536034e-01	1.322575453921840116e-01	-2.142094129609175002e-01	1.947312552797522134e-01	-1.773655893862185196e-01	1.557564962409309917e-01	-1.859041702678143060e-01	1.000428987375679146e-01	-2.933922444920921135e-01	2.423337923010657202e-01	-2.415947749445991055e-01	1.634828147571583123e-01	-1.166911847891512755e-01	2.537411255393975940e-01	-3.413200766684478804e-01	2.390853533614005488e-01	-2.162150709956844330e-01	2.718225522396592875e-01	-5.139231303989957311e-01	1.000000000000000000e+00	-4.969416873048492778e-01	2.415461808559569157e-01
9.119416905167851417e-02	-1.411086571794747113e-01	7.004417792875372584e-02	-7.035123092567349690e-02	1.834192430865113355e-01	-7.719808680166054260e-02	1.090961657365864118e-01	-1.500385832459417979e-01	1.513982552938621662e-01	-1.312111558856855487e-01	1.645111247742136462e-01	-1.580552998168368029e-01	1.497245276415571369e-01	-1.631900214454392595e-01	1.865765055117118987e-01	-7.861395681485261466e-02	1.774303227423560114e-01	-2.458316100917704028e-01	2.323742813499528881e-01	-2.032554495002245609e-01	8.886493054226050903e-02	-1.675026131217405290e-01	2.334484188547823469e-01	-3.085378333404965034e-01	2.581743009598463923e-01	-3.046913252044020082e-01	2.073870243786345158e-01	-4.969416873048492778e-01	1.000000000000000222e+00	-6.071143024473857341e-01
-8.045279338049529660e-02	1.195571694178398509e-01	-7.028117902387057137e-02	6.926850422224209436e-02	-2.259068429527303912e-01	6.686952558163444804e-02	-9.566074566321239314e-02	1.315336504390388905e-01	-1.704306087735682762e-01	1.542529818813997977e-01	-1.450672651142474456e-01	1.302499847670754440e-01	-1.325856223215332585e-01	1.744679625328896533e-01	-2.565275099969146488e-01	6.497801673331732308e-02	-1.489836671118998368e-01	1.997300174365964354e-01	-2.402312244800267615e-01	2.550721379081031248e-01	-7.472687771131245049e-02	1.203757330303967255e-01	-1.847539946009398304e-01	2.011216653775559637e-01	-5.639658205580110328e-01	2.241503410622316950e-01	-1.564865720452832121e-01	2.415461808559569157e-01	-6.071143024473857341e-01	1.000000000000000000e+00
