1.000000000000000000e+00	-6.571543458293260809e-01	2.715751466529252589e-01	-2.554619634066286338e-01	1.740507482447361531e-01	-4.045562882997016385e-01	2.756960318811681465e-01	-2.288381182817505188e-01	2.106477945028797094e-01	-1.350167111137637876e-01	1.313039121634602957e-01	-1.341874233896820090e-01	1.530672813996711290e-01	-1.732831842625205954e-01	1.539546829708952902e-01	-7.785935540865319970e-02	1.084438684866560615e-01	-1.313215056313640772e-01	1.181734690146274830e-01	-1.266733566109471409e-01	9.399124100579386853e-02	-8.691014682586066520e-02	1.125664880530371087e-01	-1.059631018731225366e-01	1.272930331770589230e-01	-1.953795843556900280e-01	1.185454638658162002e-01	-1.130497938453701584e-01	1.112607206151239869e-01	-3.349149961626985972e-01
-6.571543458293260809e-01	1.000000000000000000e+00	-4.604807286553043166e-01	2.139499819155274429e-01	-1.602071663028666881e-01	2.755174294935098800e-01	-4.115503972876985994e-01	2.066418472381401916e-01	-2.066410282660192665e-01	1.104386430184151752e-01	-1.115206624692781229e-01	1.105298497353334464e-01	-1.276420496145190264e-01	1.311088270654467980e-01	-1.300245516729664763e-01	5.915268236916480099e-02	-7.937978854593787104e-02	9.757694983183180792e-02	-8.902126606072069404e-02	9.331954834450495451e-02	-7.153210133645633573e-02	6.248850178471390682e-02	-8.351633987052325958e-02	7.751622153012496796e-02	-9.457294285063509720e-02	1.265330869703392702e-01	-8.272062887401426812e-02	7.644765068938152996e-02	-7.612748498699073441e-02	2.008702681993109751e-01
2.715751466529252589e-01	-4.604807286553043166e-01	1.000000000000000000e+00	-5.122003088458461084e-01	2.288028109275511701e-01	-1.715001411771758244e-01	1.665361945113186526e-01	-5.049620069222523489e-01	2.940999272670075659e-01	-1.648111737516608499e-01	1.070694312137781407e-01	-1.103688728042897665e-01	1.703818276482617911e-01	-1.810019734894323107e-01	1.696721229515795459e-01	-6.555045762430573852e-02	9.420002792437551231e-02	-1.289465449028822652e-01	1.155436886064405144e-01	-1.243017382877367183e-01	7.944265697115877878e-02	-7.549605165556332043e-02	1.064976785254444225e-01	-1.007016948199996875e-01	1.206572656215159078e-01	-1.587246800665364499e-01	1.005425965458380810e-01	-9.813434103178354795e-02	9.651038582121898579e-02	-2.643510391824018813e-01
-2.554619634066286338e-01	2.139499819155274429e-01	-5.122003088458461084e-01	1.000000000000000666e+00	-5.818571682255639921e-01	1.235709519435712611e-01	-1.258593497685227547e-01	2.612014827321763044e-01	-3.685372984026762389e-01	2.438723117325309608e-01	-1.006124337512646350e-01	9.837769628747865258e-02	-1.585555864274225124e-01	1.723740581896816559e-01	-2.673964023899944586e-01	6.316755691406329698e-02	-9.277367716255748020e-02	1.247512728187041148e-01	-1.233858621481945944e-01	1.396517312549069301e-01	-7.773849054077533460e-02	7.391715182567440423e-02	-1.091027430779969859e-01	1.043903951857333701e-01	-1.363308662453765197e-01	1.486770900591280475e-01	-9.874540882139073994e-02	9.571585376750338381e-02	-9.581846724005001203e-02	2.407584986188532061e-01
1.740507482447361531e-01	-1.602071663028666881e-01	2.288028109275511701e-01	-5.818571682255639921e-01	1.000000000000000666e+00	-1.005253375014239781e-01	9.298648804224143860e-02	-2.020922622371538746e-01	2.324180415145861156e-01	-5.646987410814670039e-01	9.611336080844551377e-02	-9.569715557373015269e-02	1.507741275155395355e-01	-1.922931745694718697e-01	2.905075810530923230e-01	-6.582400484898649762e-02	9.973470168427198135e-02	-1.359201350720318779e-01	1.354067442586945058e-01	-1.733693675981520521e-01	8.093039861760671638e-02	-8.088959099407341813e-02	1.178586623296137698e-01	-1.174596544438222118e-01	1.492636669020625528e-01	-1.760115538164696292e-01	1.096799189624020343e-01	-1.117466420741337896e-01	1.093606939182971138e-01	-3.092959818592679877e-01
-4.045562882997016385e-01	2.755174294935098800e-01	-1.715001411771758244e-01	1.235709519435712611e-01	-1.005253375014239781e-01	1.000000000000001332e+00	-8.307157632624844190e-01	1.233368824769955074e-01	-1.310776157591774793e-01	7.301944592723136340e-02	-1.592825193850463394e-01	1.419717190970817278e-01	-1.044718940109594929e-01	1.035959293070104342e-01	-8.973022662791366177e-02	6.258532672041071387e-02	-7.118339408215421105e-02	7.832794302556723987e-02	-6.905009651238817880e-02	6.936616393522113122e-02	-7.307285155310412617e-02	5.463276230539495376e-02	-6.621003465358808737e-02	6.020916331862305459e-02	-7.144697829955780344e-02	1.005305122986289296e-01	-6.865283906033874117e-02	5.905829485534664497e-02	-5.876211972773234121e-02	1.445155821052065970e-01
2.756960318811681465e-01	-4.115503972876985994e-01	1.665361945113186526e-01	-1.258593497685227547e-01	9.298648804224143860e-02	-8.307157632624844190e-01	1.000000000000001110e+00	-1.271257806165385917e-01	1.205304367307174912e-01	-6.917606796583100626e-02	1.361100032847875341e-01	-1.565858640736632612e-01	9.941406724863861843e-02	-1.003605061450238700e-01	8.236521828592500982e-02	-5.714786937916653542e-02	6.564536481135233026e-02	-7.467520523316746595e-02	6.491716003862647855e-02	-6.553246708480441052e-02	6.558719215127276070e-02	-5.087641188850178242e-02	6.202984189454775754e-02	-5.681848676334702586e-02	6.656055880362150845e-02	-9.537072975790820972e-02	6.357502499072757718e-02	-5.589829730378884087e-02	5.520110597328321822e-02	-1.394614852301191144e-01
-2.288381182817505188e-01	2.066418472381401916e-01	-5.049620069222523489e-01	2.612014827321763044e-01	-2.020922622371538746e-01	1.233368824769955074e-01	-1.271257806165385917e-01	1.000000000000001554e+00	-6.841797563092516521e-01	1.558417197515551134e-01	-1.208563571884605087e-01	1.225183323088991499e-01	-2.907538792888479939e-01	2.138569660724764510e-01	-1.746996769643336389e-01	6.981547444023694649e-02	-1.001491111398852135e-01	1.491907400086443514e-01	-1.295451722601969891e-01	1.267654314603041399e-01	-8.450492449073650214e-02	7.903871039706050761e-02	-1.199771568350458395e-01	1.086616002328183173e-01	-1.269010904031754594e-01	1.498613392229678765e-01	-1.017321080587872961e-01	9.739961324526008601e-02	-9.690060630417690613e-02	2.290878655630646521e-01
2.106477945028797094e-01	-2.066410282660192665e-01	2.940999272670075659e-01	-3.685372984026762389e-01	2.324180415145861156e-01	-1.310776157591774793e-01	1.205304367307174912e-01	-6.841797563092516521e-01	1.000000000000000666e+00	-2.281113303973689999e-01	1.259853257127395432e-01	-1.310317100196769502e-01	2.248643984950473573e-01	-2.600380349504593513e-01	2.096099228050983809e-01	-8.191680307280337081e-02	1.208828960729076279e-01	-1.732593122603508229e-01	1.530549126720845698e-01	-1.631437309679898418e-01	9.936578728550216066e-02	-9.765803974920833630e-02	1.400563114063916870e-01	-1.336788800174589509e-01	1.559048811900168308e-01	-2.077312754771622472e-01	1.299130412165868109e-01	-1.293090726959919279e-01	1.262301508190407651e-01	-3.472499320504733311e-01
-1.350167111137637876e-01	1.104386430184151752e-01	-1.648111737516608499e-01	2.438723117325309608e-01	-5.646987410814670039e-01	7.301944592723136340e-02	-6.917606796583100626e-02	1.558417197515551134e-01	-2.281113303973689999e-01	1.000000000000000888e+00	-8.061624234633892050e-02	7.845485218029396579e-02	-1.358552353133953283e-01	1.694642390211356653e-01	-6.881520115698817053e-01	5.372535698489047662e-02	-8.179759459837057656e-02	1.172629345362296988e-01	-1.331905476469553429e-01	1.745249566807286212e-01	-6.615304290029187795e-02	6.586336031089974619e-02	-1.056053266041825367e-01	1.068673064323218402e-01	-1.537425929546509806e-01	1.301263523975118575e-01	-8.700613697256731616e-02	8.844531210827240308e-02	-8.840615699310755415e-02	2.144321274909919972e-01
1.313039121634602957e-01	-1.115206624692781229e-01	1.070694312137781407e-01	-1.006124337512646350e-01	9.611336080844551377e-02	-1.592825193850463394e-01	1.361100032847875341e-01	-1.208563571884605087e-01	1.259853257127395432e-01	-8.061624234633892050e-02	1.000000000000000666e+00	-8.374824371207734153e-01	2.226339782079330698e-01	-2.252088777069479464e-01	1.074992681168976394e-01	-2.706877379056701893e-01	1.669452612036781136e-01	-1.614390431664709524e-01	1.215836807902006822e-01	-1.083072791894470061e-01	2.055263356674480180e-01	-1.277525584026595606e-01	1.200020818203205303e-01	-1.067308080116621677e-01	1.098464216519655229e-01	-1.830950128047418302e-01	1.282291127843924738e-01	-9.796486967892939490e-02	9.350740479226582469e-02	-1.807987306375004599e-01
-1.341874233896820090e-01	1.105298497353334464e-01	-1.103688728042897665e-01	9.837769628747865258e-02	-9.569715557373015269e-02	1.419717190970817278e-01	-1.565858640736632612e-01	1.225183323088991499e-01	-1.310317100196769502e-01	7.845485218029396579e-02	-8.374824371207734153e-01	9.999999999999996669e-01	-3.189056991477850489e-01	2.051006406319571262e-01	-1.064362932285227020e-01	1.908946136211532862e-01	-1.744954188401010298e-01	1.563499230440345000e-01	-1.207438142983796037e-01	1.030151878184332459e-01	-2.136803956080354783e-01	1.200986653350171740e-01	-1.208711656278967095e-01	1.022600199643977359e-01	-1.077668928148718813e-01	1.609730945579663786e-01	-1.258974476535963949e-01	9.149600849156153126e-02	-8.947550686929572894e-02	1.615855015170108155e-01
1.530672813996711290e-01	-1.276420496145190264e-01	1.703818276482617911e-01	-1.585555864274225124e-01	1.507741275155395355e-01	-1.044718940109594929e-01	9.941406724863861843e-02	-2.907538792888479939e-01	2.248643984950473573e-01	-1.358552353133953283e-01	2.226339782079330698e-01	-3.189056991477850489e-01	1.000000000000001332e+00	-6.636635134388483293e-01	1.825589314238168781e-01	-1.170861251369274408e-01	1.616618673127431516e-01	-4.103754429900722811e-01	2.400697655035879396e-01	-1.905472961989155001e-01	1.324729437163807699e-01	-1.282582987212791681e-01	2.199078734131961199e-01	-1.951589517854052658e-01	1.856662479413616895e-01	-1.961485498472791966e-01	1.439830539374599150e-01	-1.436469988305557055e-01	1.381233098252608316e-01	-2.445101500184523047e-01
-1.732831842625205954e-01	1.311088270654467980e-01	-1.810019734894323107e-01	1.723740581896816559e-01	-1.922931745694718697e-01	1.035959293070104342e-01	-1.003605061450238700e-01	2.138569660724764510e-01	-2.600380349504593513e-01	1.694642390211356653e-01	-2.252088777069479464e-01	2.051006406319571262e-01	-6.636635134388483293e-01	1.000000000000000666e+00	-2.778322467182347544e-01	1.185783587728537064e-01	-1.706190297097790187e-01	2.801784874266169401e-01	-3.764969210704922631e-01	2.271096034885072279e-01	-1.449642046339280066e-01	1.316308185968837474e-01	-2.473562228904365723e-01	2.177693611132578144e-01	-2.383043779451358424e-01	1.975444990661323064e-01	-1.590538596898819212e-01	1.520522405561158252e-01	-1.585132505669192005e-01	2.486253536987151069e-01
1.539546829708952902e-01	-1.300245516729664763e-01	1.696721229515795459e-01	-2.673964023899944586e-01	2.905075810530923230e-01	-8.973022662791366177e-02	8.236521828592500982e-02	-1.746996769643336389e-01	2.096099228050983809e-01	-6.881520115698817053e-01	1.074992681168976394e-01	-1.064362932285227020e-01	1.825589314238168781e-01	-2.778322467182347544e-01	9.999999999999998890e-01	-7.420873679164637082e-02	1.140881106813580181e-01	-1.699369699757616869e-01	1.916645691907958304e-01	-3.280551471633388894e-01	9.088646277553569242e-02	-9.299161750894480161e-02	1.481103831344050548e-01	-1.569491392784430894e-01	2.111260592209259213e-01	-1.896797799680743357e-01	1.225718056026366132e-01	-1.289624797170159098e-01	1.261181121220026347e-01	-3.256779465687352215e-01
-7.785935540865319970e-02	5.915268236916480099e-02	-6.555045762430573852e-02	6.316755691406329698e-02	-6.582400484898649762e-02	6.258532672041071387e-02	-5.714786937916653542e-02	6.981547444023694649e-02	-8.191680307280337081e-02	5.372535698489047662e-02	-2.706877379056701893e-01	1.908946136211532862e-01	-1.170861251369274408e-01	1.185783587728537064e-01	-7.420873679164637082e-02	9.999999999999984457e-01	-3.678840074580114194e-01	1.256655456536229509e-01	-9.005425435125900824e-02	7.887914148411935555e-02	-8.268402049679062227e-01	2.028575361998584958e-01	-1.039416069763267475e-01	8.325447005543133716e-02	-8.463354197208783347e-02	2.028610292501898671e-01	-1.681882912141866582e-01	8.736070057181136161e-02	-8.188293221677635236e-02	1.349081371739878077e-01
1.084438684866560615e-01	-7.937978854593787104e-02	9.420002792437551231e-02	-9.277367716255748020e-02	9.973470168427198135e-02	-7.118339408215421105e-02	6.564536481135233026e-02	-1.001491111398852135e-01	1.208828960729076279e-01	-8.179759459837057656e-02	1.669452612036781136e-01	-1.744954188401010298e-01	1.616618673127431516e-01	-1.706190297097790187e-01	1.140881106813580181e-01	-3.678840074580114194e-01	1.000000000000000444e+00	-2.668111568166982028e-01	1.516803231864799206e-01	-1.308542309412089322e-01	2.626770652392562133e-01	-6.651712576177566394e-01	1.912456509167289875e-01	-1.475901961811327545e-01	1.398365996493731445e-01	-3.888025944451495297e-01	2.969358069899542540e-01	-1.578914707764170755e-01	1.401111339355807506e-01	-2.186857469791199660e-01
-1.313215056313640772e-01	9.757694983183180792e-02	-1.289465449028822652e-01	1.247512728187041148e-01	-1.359201350720318779e-01	7.832794302556723987e-02	-7.467520523316746595e-02	1.491907400086443514e-01	-1.732593122603508229e-01	1.172629345362296988e-01	-1.614390431664709524e-01	1.563499230440345000e-01	-4.103754429900722811e-01	2.801784874266169401e-01	-1.699369699757616869e-01	1.256655456536229509e-01	-2.668111568166982028e-01	1.000000000000001332e+00	-4.313077283269936002e-01	2.315427952302847037e-01	-1.461735535222932481e-01	1.823593094813298343e-01	-5.879011965868389256e-01	2.933723177557304163e-01	-2.671355587670820042e-01	2.099621182315564161e-01	-1.874654136439184715e-01	1.907173256630041447e-01	-1.926688641912293609e-01	2.280799728972275897e-01
1.181734690146274830e-01	-8.902126606072069404e-02	1.155436886064405144e-01	-1.233858621481945944e-01	1.354067442586945058e-01	-6.905009651238817880e-02	6.491716003862647855e-02	-1.295451722601969891e-01	1.530549126720845698e-01	-1.331905476469553429e-01	1.215836807902006822e-01	-1.207438142983796037e-01	2.400697655035879396e-01	-3.764969210704922631e-01	1.916645691907958304e-01	-9.005425435125900824e-02	1.516803231864799206e-01	-4.313077283269936002e-01	9.999999999999993339e-01	-5.052359998735986846e-01	1.060371677067938195e-01	-1.273697138405755214e-01	2.914501650307146918e-01	-5.202099127494821396e-01	3.112536318360236698e-01	-1.831248478107898037e-01	1.407782882108025713e-01	-1.692382369339640591e-01	1.624974920052813521e-01	-2.361366811556611933e-01
-1.266733566109471409e-01	9.331954834450495451e-02	-1.243017382877367183e-01	1.396517312549069301e-01	-1.733693675981520521e-01	6.936616393522113122e-02	-6.553246708480441052e-02	1.267654314603041399e-01	-1.631437309679898418e-01	1.745249566807286212e-01	-1.083072791894470061e-01	1.030151878184332459e-01	-1.905472961989155001e-01	2.271096034885072279e-01	-3.280551471633388894e-01	7.887914148411935555e-02	-1.308542309412089322e-01	2.315427952302847037e-01	-5.052359998735986846e-01	1.000000000000002220e+00	-9.666464521241834029e-02	1.065699266037095361e-01	-2.352895961950800530e-01	2.847571001076092956e-01	-6.578286919562995605e-01	1.661067244298664314e-01	-1.303172936201169585e-01	1.450565368184450477e-01	-1.506038550665658726e-01	2.400598515322424631e-01
9.399124100579386853e-02	-7.153210133645633573e-02	7.944265697115877878e-02	-7.773849054077533460e-02	8.093039861760671638e-02	-7.307285155310412617e-02	6.558719215127276070e-02	-8.450492449073650214e-02	9.936578728550216066e-02	-6.615304290029187795e-02	2.055263356674480180e-01	-2.136803956080354783e-01	1.324729437163807699e-01	-1.449642046339280066e-01	9.088646277553569242e-02	-8.268402049679062227e-01	2.626770652392562133e-01	-1.461735535222932481e-01	1.060371677067938195e-01	-9.666464521241834029e-02	1.000000000000000666e+00	-2.483537458125454900e-01	1.199902100929557541e-01	-1.003692942966419172e-01	1.021338481243674323e-01	-2.886077264521456631e-01	1.861303343841353986e-01	-1.094476593996719371e-01	1.006915852980712345e-01	-1.777603859300607436e-01
-8.691014682586066520e-02	6.248850178471390682e-02	-7.549605165556332043e-02	7.391715182567440423e-02	-8.088959099407341813e-02	5.463276230539495376e-02	-5.087641188850178242e-02	7.903871039706050761e-02	-9.765803974920833630e-02	6.586336031089974619e-02	-1.277525584026595606e-01	1.200986653350171740e-01	-1.282582987212791681e-01	1.316308185968837474e-01	-9.299161750894480161e-02	2.028575361998584958e-01	-6.651712576177566394e-01	1.823593094813298343e-01	-1.273697138405755214e-01	1.065699266037095361e-01	-2.483537458125454900e-01	9.999999999999987788e-01	-1.994985852200676368e-01	1.282629750701663740e-01	-1.197641201370507891e-01	2.902505087656394034e-01	-5.765436738729088351e-01	1.407542482659835392e-01	-1.282489543231754847e-01	1.670582927783124116e-01
1.125664880530371087e-01	-8.351633987052325958e-02	1.064976785254444225e-01	-1.091027430779969859e-01	1.178586623296137698e-01	-6.621003465358808737e-02	6.202984189454775754e-02	-1.199771568350458395e-01	1.400563114063916870e-01	-1.056053266041825367e-01	1.200020818203205303e-01	-1.208711656278967095e-01	2.199078734131961199e-01	-2.473562228904365723e-01	1.481103831344050548e-01	-1.039416069763267475e-01	1.912456509167289875e-01	-5.879011965868389256e-01	2.914501650307146918e-01	-2.352895961950800530e-01	1.199902100929557541e-01	-1.994985852200676368e-01	1.000000000000000444e+00	-5.605188014343810421e-01	2.515577701193691951e-01	-2.076545642160700644e-01	1.762446128804454615e-01	-2.888895400476042541e-01	2.159579287267311964e-01	-2.371427751915171633e-01
-1.059631018731225366e-01	7.751622153012496796e-02	-1.007016948199996875e-01	1.043903951857333701e-01	-1.174596544438222118e-01	6.020916331862305459e-02	-5.681848676334702586e-02	1.086616002328183173e-01	-1.336788800174589509e-01	1.068673064323218402e-01	-1.067308080116621677e-01	1.022600199643977359e-01	-1.951589517854052658e-01	2.177693611132578144e-01	-1.569491392784430894e-01	8.325447005543133716e-02	-1.475901961811327545e-01	2.933723177557304163e-01	-5.202099127494821396e-01	2.847571001076092956e-01	-1.003692942966419172e-01	1.282629750701663740e-01	-5.605188014343810421e-01	1.000000000000000222e+00	-4.822147758752440838e-01	1.668479429664180003e-01	-1.427995087404920482e-01	1.922967760580089891e-01	-2.132604892426586962e-01	2.139580488940189262e-01
1.272930331770589230e-01	-9.457294285063509720e-02	1.206572656215159078e-01	-1.363308662453765197e-01	1.492636669020625528e-01	-7.144697829955780344e-02	6.656055880362150845e-02	-1.269010904031754594e-01	1.559048811900168308e-01	-1.537425929546509806e-01	1.098464216519655229e-01	-1.077668928148718813e-01	1.856662479413616895e-01	-2.383043779451358424e-01	2.111260592209259213e-01	-8.463354197208783347e-02	1.398365996493731445e-01	-2.671355587670820042e-01	3.112536318360236698e-01	-6.578286919562995605e-01	1.021338481243674323e-01	-1.197641201370507891e-01	2.515577701193691951e-01	-4.822147758752440838e-01	9.999999999999996669e-01	-1.953782573383191778e-01	1.428134677840356137e-01	-1.784130468582411921e-01	1.701795927634037198e-01	-3.296593076537566724e-01
-1.953795843556900280e-01	1.265330869703392702e-01	-1.587246800665364499e-01	1.486770900591280475e-01	-1.760115538164696292e-01	1.005305122986289296e-01	-9.537072975790820972e-02	1.498613392229678765e-01	-2.077312754771622472e-01	1.301263523975118575e-01	-1.830950128047418302e-01	1.609730945579663786e-01	-1.961485498472791966e-01	1.975444990661323064e-01	-1.896797799680743357e-01	2.028610292501898671e-01	-3.888025944451495297e-01	2.099621182315564161e-01	-1.831248478107898037e-01	1.661067244298664314e-01	-2.886077264521456631e-01	2.902505087656394034e-01	-2.076545642160700644e-01	1.668479429664180003e-01	-1.953782573383191778e-01	1.000000000000000000e+00	-6.296959421601291407e-01	2.044435570546527803e-01	-2.264887930994275989e-01	2.671760407933108650e-01
1.185454638658162002e-01	-8.272062887401426812e-02	1.005425965458380810e-01	-9.874540882139073994e-02	1.096799189624020343e-01	-6.865283906033874117e-02	6.357502499072757718e-02	-1.017321080587872961e-01	1.299130412165868109e-01	-8.700613697256731616e-02	1.282291127843924738e-01	-1.258974476535963949e-01	1.439830539374599150e-01	-1.590538596898819212e-01	1.225718056026366132e-01	-1.681882912141866582e-01	2.969358069899542540e-01	-1.874654136439184715e-01	1.407782882108025713e-01	-1.303172936201169585e-01	1.861303343841353986e-01	-5.765436738729088351e-01	1.762446128804454615e-01	-1.427995087404920482e-01	1.428134677840356137e-01	-6.296959421601291407e-01	1.000000000000000000e+00	-2.334877891582099185e-01	1.834422868771998227e-01	-2.510784715450934401e-01
-1.130497938453701584e-01	7.644765068938152996e-02	-9.813434103178354795e-02	9.571585376750338381e-02	-1.117466420741337896e-01	5.905829485534664497e-02	-5.589829730378884087e-02	9.739961324526008601e-02	-1.293090726959919279e-01	8.844531210827240308e-02	-9.796486967892939490e-02	9.149600849156153126e-02	-1.436469988305557055e-01	1.520522405561158252e-01	-1.289624797170159098e-01	8.736070057181136161e-02	-1.578914707764170755e-01	1.907173256630041447e-01	-1.692382369339640591e-01	1.450565368184450477e-01	-1.094476593996719371e-01	1.407542482659835392e-01	-2.888895400476042541e-01	1.922967760580089891e-01	-1.784130468582411921e-01	2.044435570546527803e-01	-2.334877891582099185e-01	1.000000000000000444e+00	-8.414031955999883294e-01	2.362393195691514236e-01
1.112607206151239869e-01	-7.612748498699073441e-02	9.651038582121898579e-02	-9.581846724005001203e-02	1.093606939182971138e-01	-5.876211972773234121e-02	5.520110597328321822e-02	-9.690060630417690613e-02	1.262301508190407651e-01	-8.840615699310755415e-02	9.350740479226582469e-02	-8.947550686929572894e-02	1.381233098252608316e-01	-1.585132505669192005e-01	1.261181121220026347e-01	-8.188293221677635236e-02	1.401111339355807506e-01	-1.926688641912293609e-01	1.624974920052813521e-01	-1.506038550665658726e-01	1.006915852980712345e-01	-1.282489543231754847e-01	2.159579287267311964e-01	-2.132604892426586962e-01	1.701795927634037198e-01	-2.264887930994275989e-01	1.834422868771998227e-01	-8.414031955999883294e-01	1.000000000000000444e+00	-3.306312244294373759e-01
-3.349149961626985972e-01	2.008702681993109751e-01	-2.643510391824018813e-01	2.407584986188532061e-01	-3.092959818592679877e-01	1.445155821052065970e-01	-1.394614852301191144e-01	2.290878655630646521e-01	-3.472499320504733311e-01	2.144321274909919972e-01	-1.807987306375004599e-01	1.615855015170108155e-01	-2.445101500184523047e-01	2.486253536987151069e-01	-3.256779465687352215e-01	1.349081371739878077e-01	-2.186857469791199660e-01	2.280799728972275897e-01	-2.361366811556611933e-01	2.400598515322424631e-01	-1.777603859300607436e-01	1.670582927783124116e-01	-2.371427751915171633e-01	2.139580488940189262e-01	-3.296593076537566724e-01	2.671760407933108650e-01	-2.510784715450934401e-01	2.362393195691514236e-01	-3.306312244294373759e-01	1.000000000000000444e+00
