1.000000000000000000e+00	-4.835477110123820310e-01	2.296091705499596625e-01	-7.704843619145879119e-02	7.612415952540263486e-02	-5.805981468445933213e-01	2.882755649327362057e-01	-2.746365009400828505e-01	8.912831889306503663e-02	-6.304832907447989465e-02	2.999299410681552924e-01	-1.761023084826941754e-01	1.803456094657597542e-01	-9.121960691538899546e-02	6.227762130021173570e-02	-2.583484148414439407e-01	1.837168306223903314e-01	-1.279975133761274697e-01	5.036457430742624641e-02	-5.071277240006403370e-02	1.814093823136411765e-01	-2.373647042690317788e-01	1.339910314525460944e-01	-4.728373185233827880e-02	3.354621822655818458e-02	-2.281167985383252272e-01	1.597533484813963567e-01	-2.783134898692349868e-01	3.938605419857788004e-02	-3.351936073018145501e-02
-4.835477110123820310e-01	1.000000000000000000e+00	-6.184159324837031901e-01	8.967677083864085408e-02	-8.501547103940156058e-02	2.336913316961486964e-01	-4.359243567352383830e-01	3.133277737133694507e-01	-9.911125807175551194e-02	6.337784217998343461e-02	-2.229199209756893285e-01	1.624616966447845479e-01	-1.811733855937790183e-01	8.124418217195425451e-02	-5.892920752622730907e-02	1.549213331295216656e-01	-1.381981623566893858e-01	9.369458167074981580e-02	-3.912625254343803788e-02	3.861797323913802871e-02	-1.177705122956921174e-01	1.457820122175129685e-01	-9.921327986104287733e-02	3.489065188380830601e-02	-2.476191708834620323e-02	1.321155672078123955e-01	-9.667606902826021698e-02	1.607681249219244102e-01	-2.773105949075217042e-02	2.394465458704812810e-02
2.296091705499596625e-01	-6.184159324837031901e-01	1.000000000000000000e+00	-1.199045591467046701e-01	9.309024738838840574e-02	-1.657598226396327923e-01	2.825437160854777918e-01	-6.622186520037759427e-01	1.142178114673058353e-01	-7.161981529528595181e-02	1.495602198158766105e-01	-1.259306670420883012e-01	1.318503881802509936e-01	-8.493679487255986760e-02	6.023735717058933264e-02	-1.234121973998441174e-01	1.060511427159760572e-01	-7.382458832781689517e-02	3.652460202672390410e-02	-3.648355154542557571e-02	9.292131074768814059e-02	-1.199712746232293042e-01	7.709790543333069901e-02	-3.197878127118715386e-02	2.271893358547342340e-02	-1.097077295663793223e-01	7.950616545969689530e-02	-1.348274769541785156e-01	2.490923427360614700e-02	-2.184636172853136188e-02
-7.704843619145879119e-02	8.967677083864085408e-02	-1.199045591467046701e-01	9.999999999999997780e-01	-7.032752305187930375e-01	5.357847412874017917e-02	-8.947606934681245905e-02	1.135870406025820956e-01	-6.010316436261391448e-01	2.714755380189802225e-01	-6.137506176296503996e-02	4.872610752177189419e-02	-5.708546638290191988e-02	2.341919205841310747e-01	-2.007918573859426847e-01	5.092723170348727874e-02	-4.712393091832302316e-02	3.509094712403838801e-02	-7.118900340046016573e-02	7.136978153043306572e-02	-4.231695243214733670e-02	5.314128902165030782e-02	-3.839516429775759188e-02	5.405736583196912165e-02	-3.913415822100302366e-02	4.855011340048748930e-02	-3.618334046296953904e-02	6.175118763473740058e-02	-3.677212467390647554e-02	3.497923082663424721e-02
7.612415952540263486e-02	-8.501547103940156058e-02	9.309024738838840574e-02	-7.032752305187930375e-01	9.999999999999995559e-01	-5.420229218265827653e-02	8.382977259076224152e-02	-1.007472823246731986e-01	3.294444141487377076e-01	-4.620977319231918679e-01	6.487500692031786254e-02	-5.217243136077617804e-02	6.183631671243831895e-02	-3.717191739871469336e-01	2.478006430714585762e-01	-5.714296704959179185e-02	5.309302225415173798e-02	-4.094216656209848787e-02	1.057938171134766986e-01	-1.104082898072204916e-01	4.864445279574693831e-02	-6.178472922702038517e-02	4.510697055141480588e-02	-8.254798303697408191e-02	5.869560565704633193e-02	-5.673238298783209871e-02	4.246943005610916144e-02	-7.343205757226725638e-02	5.436111065353957383e-02	-5.294477985934554348e-02
-5.805981468445933213e-01	2.336913316961486964e-01	-1.657598226396327923e-01	5.357847412874017917e-02	-5.420229218265827653e-02	9.999999999999996669e-01	-3.605024614203997668e-01	1.930969398382831881e-01	-6.365417705439128937e-02	4.411013930639057223e-02	-6.301357008329125931e-01	1.613793967678460173e-01	-1.640586023371735092e-01	6.340922287769561183e-02	-4.415201789850583397e-02	2.116556619294096275e-01	-1.551093190661608223e-01	1.008678150471428725e-01	-3.578154392160889929e-02	3.545829017645434067e-02	-1.469949689816896776e-01	1.701148912625522480e-01	-1.060396382900176820e-01	3.339245614567636078e-02	-2.362655361095461135e-02	1.589957755249149507e-01	-1.135922308463973712e-01	1.886846887722751775e-01	-2.762689220747581789e-02	2.339928466104172766e-02
2.882755649327362057e-01	-4.359243567352383830e-01	2.825437160854777918e-01	-8.947606934681245905e-02	8.382977259076224152e-02	-3.605024614203997668e-01	9.999999999999995559e-01	-5.423220188729652724e-01	1.060548123776869911e-01	-7.192467899638602113e-02	2.515810097409140744e-01	-3.526593560883660161e-01	2.461672256568764039e-01	-9.805374351093430751e-02	6.702968072839662894e-02	-2.227918035181986334e-01	1.976073544692499850e-01	-1.360535448096826805e-01	4.985749101883776152e-02	-4.949165197206597394e-02	1.607622154907865086e-01	-2.156111083969061981e-01	1.354100981740226917e-01	-4.562148980080548560e-02	3.219527306426681057e-02	-1.907446636631025538e-01	1.391436114689034997e-01	-2.345410406789861790e-01	3.683621970948189328e-02	-3.157605769754863456e-02
-2.746365009400828505e-01	3.133277737133694507e-01	-6.622186520037759427e-01	1.135870406025820956e-01	-1.007472823246731986e-01	1.930969398382831881e-01	-5.423220188729652724e-01	9.999999999999997780e-01	-1.514336123706768455e-01	8.345591327006419979e-02	-1.920225543332624574e-01	1.724131779267944753e-01	-1.940755671875794564e-01	9.854203250181990670e-02	-7.140719300168617278e-02	1.410001349370147983e-01	-1.345019500204292506e-01	9.150087548349818134e-02	-4.254739680682221442e-02	4.199456849716242529e-02	-1.084081831735002194e-01	1.357307883597473896e-01	-9.601953870766241628e-02	3.693239101910058414e-02	-2.621794794281038371e-02	1.204109792136583562e-01	-8.927838450229005907e-02	1.474023667028327711e-01	-2.856845760522771366e-02	2.501025772751711007e-02
8.912831889306503663e-02	-9.911125807175551194e-02	1.142178114673058353e-01	-6.010316436261391448e-01	3.294444141487377076e-01	-6.365417705439128937e-02	1.060548123776869911e-01	-1.514336123706768455e-01	9.999999999999996669e-01	-5.151323570101163929e-01	7.394360964661980673e-02	-6.112260815234681066e-02	7.162568154407773779e-02	-4.311039703741738616e-01	2.719571540359556061e-01	-6.356317913059847391e-02	5.942230057471609844e-02	-4.542323550273824617e-02	1.127294536749822301e-01	-1.145819911367929739e-01	5.338326699261315700e-02	-6.759196851718254906e-02	4.971775529237403707e-02	-8.609769140369710749e-02	6.111418329110515635e-02	-6.158011086661002720e-02	4.618335436701535845e-02	-7.926133166501385385e-02	5.676004388316832627e-02	-5.499302530719014925e-02
-6.304832907447989465e-02	6.337784217998343461e-02	-7.161981529528595181e-02	2.714755380189802225e-01	-4.620977319231918679e-01	4.411013930639057223e-02	-7.192467899638602113e-02	8.345591327006419979e-02	-5.151323570101163929e-01	9.999999999999991118e-01	-5.349211718348387962e-02	4.292801503839906857e-02	-5.173082176598681886e-02	3.129782460732956628e-01	-6.192659699312310639e-01	4.520439287681154994e-02	-4.293969986595447957e-02	3.315802562938865994e-02	-9.480783485819054002e-02	9.450572943695123573e-02	-3.862540914910078671e-02	4.820848083213583740e-02	-3.668878246694286249e-02	6.849862424193747801e-02	-5.141419639977294620e-02	4.388201083425585097e-02	-3.314785078844715432e-02	5.671108445332732895e-02	-4.695670784462734754e-02	4.439826036127561548e-02
2.999299410681552924e-01	-2.229199209756893285e-01	1.495602198158766105e-01	-6.137506176296503996e-02	6.487500692031786254e-02	-6.301357008329125931e-01	2.515810097409140744e-01	-1.920225543332624574e-01	7.394360964661980673e-02	-5.349211718348387962e-02	9.999999999999995559e-01	-2.153380598738232066e-01	2.002709549265866695e-01	-8.192963897461914835e-02	5.616953788731049446e-02	-4.276969669418611564e-01	2.282103779837983126e-01	-1.506855917565765868e-01	5.075538771695625728e-02	-5.070184373895856439e-02	2.309659381536156020e-01	-2.758959814685363332e-01	1.552732898550131524e-01	-4.867061076453842172e-02	3.442450190613186717e-02	-2.651620528393063281e-01	1.838858951029380684e-01	-3.104285509759794892e-01	4.129059274112759081e-02	-3.468161104284844809e-02
-1.761023084826941754e-01	1.624616966447845479e-01	-1.259306670420883012e-01	4.872610752177189419e-02	-5.217243136077617804e-02	1.613793967678460173e-01	-3.526593560883660161e-01	1.724131779267944753e-01	-6.112260815234681066e-02	4.292801503839906857e-02	-2.153380598738232066e-01	9.999999999999987788e-01	-7.564263970639596435e-01	6.736742351955475605e-02	-4.686997066316976601e-02	2.144855460626349797e-01	-3.930131694289532573e-01	1.972687625808688394e-01	-4.262007772370843273e-02	4.000093411053280007e-02	-1.598828112029074822e-01	2.197051445329671338e-01	-1.861032690080763607e-01	3.960432321345751239e-02	-2.740749477139185764e-02	1.635938405678720176e-01	-1.328671441252824714e-01	2.039384063603265629e-01	-3.195269268760016906e-02	2.659568282733710404e-02
1.803456094657597542e-01	-1.811733855937790183e-01	1.318503881802509936e-01	-5.708546638290191988e-02	6.183631671243831895e-02	-1.640586023371735092e-01	2.461672256568764039e-01	-1.940755671875794564e-01	7.162568154407773779e-02	-5.173082176598681886e-02	2.002709549265866695e-01	-7.564263970639596435e-01	9.999999999999994449e-01	-8.650431096216811000e-02	5.755706466173624719e-02	-2.491917813672007986e-01	2.834479322266367785e-01	-2.776908604929350655e-01	5.348065871477089561e-02	-5.091057678189313956e-02	1.834520205962869299e-01	-2.785553147957619546e-01	2.082007967868529097e-01	-5.020857767891131335e-02	3.467710150732880581e-02	-2.111378972523873243e-01	1.664233776836784306e-01	-2.772378172752941183e-01	4.073702617611980187e-02	-3.408477790146562797e-02
-9.121960691538899546e-02	8.124418217195425451e-02	-8.493679487255986760e-02	2.341919205841310747e-01	-3.717191739871469336e-01	6.340922287769561183e-02	-9.805374351093430751e-02	9.854203250181990670e-02	-4.311039703741738616e-01	3.129782460732956628e-01	-8.192963897461914835e-02	6.736742351955475605e-02	-8.650431096216811000e-02	9.999999999999991118e-01	-6.579760548173818613e-01	6.930095715371713261e-02	-6.875051287650571497e-02	5.575948613130742720e-02	-2.720017418704423484e-01	1.809000867093172871e-01	-6.082730685624163774e-02	7.454640778251123145e-02	-6.230146233019972363e-02	1.423390904787645295e-01	-1.057972405451482883e-01	6.709933506346926757e-02	-5.173158616564078882e-02	8.784774825017707678e-02	-9.909638771846546179e-02	8.842339347930222582e-02
6.227762130021173570e-02	-5.892920752622730907e-02	6.023735717058933264e-02	-2.007918573859426847e-01	2.478006430714585762e-01	-4.415201789850583397e-02	6.702968072839662894e-02	-7.140719300168617278e-02	2.719571540359556061e-01	-6.192659699312310639e-01	5.616953788731049446e-02	-4.686997066316976601e-02	5.755706466173624719e-02	-6.579760548173818613e-01	9.999999999999978906e-01	-5.001580638767989806e-02	4.843652412933403817e-02	-3.953366778268825599e-02	1.541548715261925051e-01	-1.637359553210451513e-01	4.372780755409066272e-02	-5.505205184799633750e-02	4.385167322132828976e-02	-1.126909757015824159e-01	8.302102939173384988e-02	-4.995192840099524356e-02	3.825486066137163965e-02	-6.613673607057164727e-02	7.387336022231046073e-02	-7.183979282531342825e-02
-2.583484148414439407e-01	1.549213331295216656e-01	-1.234121973998441174e-01	5.092723170348727874e-02	-5.714296704959179185e-02	2.116556619294096275e-01	-2.227918035181986334e-01	1.410001349370147983e-01	-6.356317913059847391e-02	4.520439287681154994e-02	-4.276969669418611564e-01	2.144855460626349797e-01	-2.491917813672007986e-01	6.930095715371713261e-02	-5.001580638767989806e-02	9.999999999999987788e-01	-4.795804580957904184e-01	1.924496766792014035e-01	-4.882161683309438338e-02	4.606904658543995584e-02	-5.523093211890174326e-01	2.888659199601321115e-01	-2.166917503926582278e-01	4.623016227930101113e-02	-3.238934061906526690e-02	2.688072550882322775e-01	-1.986285248268380155e-01	2.575655135550623531e-01	-3.852379797187228949e-02	3.162509462479025368e-02
1.837168306223903314e-01	-1.381981623566893858e-01	1.060511427159760572e-01	-4.712393091832302316e-02	5.309302225415173798e-02	-1.551093190661608223e-01	1.976073544692499850e-01	-1.345019500204292506e-01	5.942230057471609844e-02	-4.293969986595447957e-02	2.282103779837983126e-01	-3.930131694289532573e-01	2.834479322266367785e-01	-6.875051287650571497e-02	4.843652412933403817e-02	-4.795804580957904184e-01	9.999999999999963363e-01	-3.917441431817023645e-01	5.369585685488886123e-02	-5.022577911567347592e-02	2.632762038463650200e-01	-4.889486715370978120e-01	2.646581618915892498e-01	-5.192634508140557548e-02	3.549442838463742061e-02	-2.551514888239174716e-01	2.209605786703174313e-01	-3.085565297617280933e-01	4.266381331225194140e-02	-3.496436780596726135e-02
-1.279975133761274697e-01	9.369458167074981580e-02	-7.382458832781689517e-02	3.509094712403838801e-02	-4.094216656209848787e-02	1.008678150471428725e-01	-1.360535448096826805e-01	9.150087548349818134e-02	-4.542323550273824617e-02	3.315802562938865994e-02	-1.506855917565765868e-01	1.972687625808688394e-01	-2.776908604929350655e-01	5.575948613130742720e-02	-3.953366778268825599e-02	1.924496766792014035e-01	-3.917441431817023645e-01	9.999999999999953371e-01	-6.394043420978899606e-02	5.184263352568616728e-02	-1.575574736676213505e-01	2.140001957328468707e-01	-8.077389485488947196e-01	5.999215851999086663e-02	-3.827372588102096601e-02	1.533415311409089821e-01	-1.420317113160819156e-01	2.235568557665020273e-01	-4.405371324131193006e-02	3.496777362495907121e-02
5.036457430742624641e-02	-3.912625254343803788e-02	3.652460202672390410e-02	-7.118900340046016573e-02	1.057938171134766986e-01	-3.578154392160889929e-02	4.985749101883776152e-02	-4.254739680682221442e-02	1.127294536749822301e-01	-9.480783485819054002e-02	5.075538771695625728e-02	-4.262007772370843273e-02	5.348065871477089561e-02	-2.720017418704423484e-01	1.541548715261925051e-01	-4.882161683309438338e-02	5.369585685488886123e-02	-6.394043420978899606e-02	9.999999999999985567e-01	-6.539196507031023176e-01	4.531940058916271441e-02	-5.614862283437377366e-02	6.876979215859685413e-02	-5.635242621468401492e-01	2.843212614418602069e-01	-4.894608317288572791e-02	4.171919804000279869e-02	-7.360818117961170914e-02	2.459376484184957190e-01	-2.464413113980025993e-01
-5.071277240006403370e-02	3.861797323913802871e-02	-3.648355154542557571e-02	7.136978153043306572e-02	-1.104082898072204916e-01	3.545829017645434067e-02	-4.949165197206597394e-02	4.199456849716242529e-02	-1.145819911367929739e-01	9.450572943695123573e-02	-5.070184373895856439e-02	4.000093411053280007e-02	-5.091057678189313956e-02	1.809000867093172871e-01	-1.637359553210451513e-01	4.606904658543995584e-02	-5.022577911567347592e-02	5.184263352568616728e-02	-6.539196507031023176e-01	9.999999999999975575e-01	-4.396205213837253017e-02	5.222160958752781329e-02	-5.977433967680541305e-02	3.112911017379512146e-01	-5.506325986131641592e-01	4.637232965466511064e-02	-4.012961586275166220e-02	7.001262216023500240e-02	-3.079283252895994583e-01	2.529422871514437343e-01
1.814093823136411765e-01	-1.177705122956921174e-01	9.292131074768814059e-02	-4.231695243214733670e-02	4.864445279574693831e-02	-1.469949689816896776e-01	1.607622154907865086e-01	-1.084081831735002194e-01	5.338326699261315700e-02	-3.862540914910078671e-02	2.309659381536156020e-01	-1.598828112029074822e-01	1.834520205962869299e-01	-6.082730685624163774e-02	4.372780755409066272e-02	-5.523093211890174326e-01	2.632762038463650200e-01	-1.575574736676213505e-01	4.531940058916271441e-02	-4.396205213837253017e-02	9.999999999999955591e-01	-4.058585431456718240e-01	1.739054950531775112e-01	-4.456321999703217324e-02	3.147378442794933340e-02	-5.806762591673813034e-01	2.765625811844815152e-01	-3.333935835891136956e-01	3.935284938002647781e-02	-3.201011214013831097e-02
-2.373647042690317788e-01	1.457820122175129685e-01	-1.199712746232293042e-01	5.314128902165030782e-02	-6.178472922702038517e-02	1.701148912625522480e-01	-2.156111083969061981e-01	1.357307883597473896e-01	-6.759196851718254906e-02	4.820848083213583740e-02	-2.758959814685363332e-01	2.197051445329671338e-01	-2.785553147957619546e-01	7.454640778251123145e-02	-5.505205184799633750e-02	2.888659199601321115e-01	-4.889486715370978120e-01	2.140001957328468707e-01	-5.614862283437377366e-02	5.222160958752781329e-02	-4.058585431456718240e-01	9.999999999999957812e-01	-2.675914521218574205e-01	5.357495898308958088e-02	-3.778536666548982376e-02	3.054592362972416986e-01	-4.998523071900133341e-01	3.157232008976891824e-01	-4.591731356633867861e-02	3.685527473890577721e-02
1.339910314525460944e-01	-9.921327986104287733e-02	7.709790543333069901e-02	-3.839516429775759188e-02	4.510697055141480588e-02	-1.060396382900176820e-01	1.354100981740226917e-01	-9.601953870766241628e-02	4.971775529237403707e-02	-3.668878246694286249e-02	1.552732898550131524e-01	-1.861032690080763607e-01	2.082007967868529097e-01	-6.230146233019972363e-02	4.385167322132828976e-02	-2.166917503926582278e-01	2.646581618915892498e-01	-8.077389485488947196e-01	6.876979215859685413e-02	-5.977433967680541305e-02	1.739054950531775112e-01	-2.675914521218574205e-01	9.999999999999960032e-01	-7.496986198792045253e-02	4.545154150012531424e-02	-1.928431265242743498e-01	1.753427810012158361e-01	-3.436395765724632456e-01	5.383186565988960781e-02	-4.259896724490035147e-02
-4.728373185233827880e-02	3.489065188380830601e-02	-3.197878127118715386e-02	5.405736583196912165e-02	-8.254798303697408191e-02	3.339245614567636078e-02	-4.562148980080548560e-02	3.693239101910058414e-02	-8.609769140369710749e-02	6.849862424193747801e-02	-4.867061076453842172e-02	3.960432321345751239e-02	-5.020857767891131335e-02	1.423390904787645295e-01	-1.126909757015824159e-01	4.623016227930101113e-02	-5.192634508140557548e-02	5.999215851999086663e-02	-5.635242621468401492e-01	3.112911017379512146e-01	-4.456321999703217324e-02	5.357495898308958088e-02	-7.496986198792045253e-02	9.999999999999960032e-01	-4.641022583568316651e-01	4.676755232048790401e-02	-4.269318746874221915e-02	7.569249142553670373e-02	-5.520669017012839186e-01	2.956825501690223401e-01
3.354621822655818458e-02	-2.476191708834620323e-02	2.271893358547342340e-02	-3.913415822100302366e-02	5.869560565704633193e-02	-2.362655361095461135e-02	3.219527306426681057e-02	-2.621794794281038371e-02	6.111418329110515635e-02	-5.141419639977294620e-02	3.442450190613186717e-02	-2.740749477139185764e-02	3.467710150732880581e-02	-1.057972405451482883e-01	8.302102939173384988e-02	-3.238934061906526690e-02	3.549442838463742061e-02	-3.827372588102096601e-02	2.843212614418602069e-01	-5.506325986131641592e-01	3.147378442794933340e-02	-3.778536666548982376e-02	4.545154150012531424e-02	-4.641022583568316651e-01	9.999999999999958922e-01	-3.348284783394340353e-02	3.010201413818285737e-02	-5.433549773581558551e-02	3.121846395675650365e-01	-5.900593718052024039e-01
-2.281167985383252272e-01	1.321155672078123955e-01	-1.097077295663793223e-01	4.855011340048748930e-02	-5.673238298783209871e-02	1.589957755249149507e-01	-1.907446636631025538e-01	1.204109792136583562e-01	-6.158011086661002720e-02	4.388201083425585097e-02	-2.651620528393063281e-01	1.635938405678720176e-01	-2.111378972523873243e-01	6.709933506346926757e-02	-4.995192840099524356e-02	2.688072550882322775e-01	-2.551514888239174716e-01	1.533415311409089821e-01	-4.894608317288572791e-02	4.637232965466511064e-02	-5.806762591673813034e-01	3.054592362972416986e-01	-1.928431265242743498e-01	4.676755232048790401e-02	-3.348284783394340353e-02	9.999999999999964473e-01	-5.671002790220875944e-01	3.041777715403253257e-01	-4.139103956413942714e-02	3.315139036923765714e-02
1.597533484813963567e-01	-9.667606902826021698e-02	7.950616545969689530e-02	-3.618334046296953904e-02	4.246943005610916144e-02	-1.135922308463973712e-01	1.391436114689034997e-01	-8.927838450229005907e-02	4.618335436701535845e-02	-3.314785078844715432e-02	1.838858951029380684e-01	-1.328671441252824714e-01	1.664233776836784306e-01	-5.173158616564078882e-02	3.825486066137163965e-02	-1.986285248268380155e-01	2.209605786703174313e-01	-1.420317113160819156e-01	4.171919804000279869e-02	-4.012961586275166220e-02	2.765625811844815152e-01	-4.998523071900133341e-01	1.753427810012158361e-01	-4.269318746874221915e-02	3.010201413818285737e-02	-5.671002790220875944e-01	9.999999999999964473e-01	-5.652108287702912737e-01	4.081918333735731763e-02	-3.200331927656938080e-02
-2.783134898692349868e-01	1.607681249219244102e-01	-1.348274769541785156e-01	6.175118763473740058e-02	-7.343205757226725638e-02	1.886846887722751775e-01	-2.345410406789861790e-01	1.474023667028327711e-01	-7.926133166501385385e-02	5.671108445332732895e-02	-3.104285509759794892e-01	2.039384063603265629e-01	-2.772378172752941183e-01	8.784774825017707678e-02	-6.613673607057164727e-02	2.575655135550623531e-01	-3.085565297617280933e-01	2.235568557665020273e-01	-7.360818117961170914e-02	7.001262216023500240e-02	-3.333935835891136956e-01	3.157232008976891824e-01	-3.436395765724632456e-01	7.569249142553670373e-02	-5.433549773581558551e-02	3.041777715403253257e-01	-5.652108287702912737e-01	9.999999999999960032e-01	-7.842783667800250214e-02	5.751847290760399301e-02
3.938605419857788004e-02	-2.773105949075217042e-02	2.490923427360614700e-02	-3.677212467390647554e-02	5.436111065353957383e-02	-2.762689220747581789e-02	3.683621970948189328e-02	-2.856845760522771366e-02	5.676004388316832627e-02	-4.695670784462734754e-02	4.129059274112759081e-02	-3.195269268760016906e-02	4.073702617611980187e-02	-9.909638771846546179e-02	7.387336022231046073e-02	-3.852379797187228949e-02	4.266381331225194140e-02	-4.405371324131193006e-02	2.459376484184957190e-01	-3.079283252895994583e-01	3.935284938002647781e-02	-4.591731356633867861e-02	5.383186565988960781e-02	-5.520669017012839186e-01	3.121846395675650365e-01	-4.139103956413942714e-02	4.081918333735731763e-02	-7.842783667800250214e-02	9.999999999999957812e-01	-6.959303912929097891e-01
-3.351936073018145501e-02	2.394465458704812810e-02	-2.184636172853136188e-02	3.497923082663424721e-02	-5.294477985934554348e-02	2.339928466104172766e-02	-3.157605769754863456e-02	2.501025772751711007e-02	-5.499302530719014925e-02	4.439826036127561548e-02	-3.468161104284844809e-02	2.659568282733710404e-02	-3.408477790146562797e-02	8.842339347930222582e-02	-7.183979282531342825e-02	3.162509462479025368e-02	-3.496436780596726135e-02	3.496777362495907121e-02	-2.464413113980025993e-01	2.529422871514437343e-01	-3.201011214013831097e-02	3.685527473890577721e-02	-4.259896724490035147e-02	2.956825501690223401e-01	-5.900593718052024039e-01	3.315139036923765714e-02	-3.200331927656938080e-02	5.751847290760399301e-02	-6.959303912929097891e-01	9.999999999999958922e-01
