1.000000000000000000e+00	-7.938089700598276455e-01	1.523260152654534183e-01	-9.976838428913169243e-02	8.389003233704050988e-02	-5.111834791292311220e-01	1.949503438712810732e-01	-1.231263427616560296e-01	1.075704406167696248e-01	-7.220259093291608865e-02	1.926971967182443124e-01	-1.444781988521530447e-01	9.116688080923533721e-02	-7.841050108794019036e-02	6.660050012109608453e-02	-7.495193310985907853e-02	9.125430859771435643e-02	-7.879484733656973161e-02	7.332508137888921196e-02	-6.084462722023035314e-02	8.448732655631115140e-02	-5.210661560805832093e-02	5.263879078283105473e-02	-5.846989235737044127e-02	5.897328264864569458e-02	-4.511265972385628681e-02	4.268357591987402555e-02	-8.191147970368617415e-02	4.594136720693876158e-02	-6.333462318661674251e-02
-7.938089700598276455e-01	9.999999999999997780e-01	-2.396319082068807393e-01	1.381324223701135001e-01	-1.199191071756245397e-01	3.103876271547487686e-01	-2.865048399387963296e-01	1.670052472396759968e-01	-1.545217408423555927e-01	1.000818702063504539e-01	-2.739532421013383123e-01	1.874986369609088488e-01	-1.282594360372515951e-01	1.079777948726349801e-01	-9.342958840715159807e-02	1.042385560377716153e-01	-1.289186073680553268e-01	1.083193359883257573e-01	-1.025293875665550941e-01	8.412678606949411386e-02	-1.200941743204370638e-01	7.203876797764462159e-02	-7.329230164046164619e-02	8.039466837795601617e-02	-8.182834488286667984e-02	6.272223006531296718e-02	-5.978555146684767091e-02	1.103506922172420857e-01	-6.259208280901967791e-02	8.579476254273038505e-02
1.523260152654534183e-01	-2.396319082068807393e-01	9.999999999999997780e-01	-5.950000357658378203e-01	2.145566643805976170e-01	-2.736970119543188362e-01	2.582633541281564860e-01	-5.335084401762790751e-01	3.234639696242147533e-01	-2.091875415418859019e-01	1.976861111973052809e-01	-2.337659796267576306e-01	1.872156252143831190e-01	-1.866589296785345076e-01	1.439478546639022249e-01	-1.004377921533735063e-01	1.254326447315011195e-01	-1.346482909995627142e-01	1.388424595753356972e-01	-1.363795137406549896e-01	1.160455503405484895e-01	-8.528690599378985215e-02	8.641308029227511012e-02	-1.161467436588541069e-01	1.148212509032221079e-01	-6.967804605181601718e-02	6.550302757710901869e-02	-1.712555160805087628e-01	9.303807035249704593e-02	-1.322728522363526005e-01
-9.976838428913169243e-02	1.381324223701135001e-01	-5.950000357658378203e-01	1.000000000000000222e+00	-3.412509494936448728e-01	1.719917790915651556e-01	-2.020737578655521227e-01	2.947860213123826845e-01	-6.060163699165753703e-01	2.215086777687573227e-01	-1.563324428949648681e-01	1.658716624078646618e-01	-1.872410117621619852e-01	1.790915844183078587e-01	-1.442901705632249898e-01	7.927427474995085710e-02	-1.007875096305671792e-01	1.095389055558028818e-01	-1.258257940778869377e-01	1.254402971325831173e-01	-9.455137120323635347e-02	6.877595155669484484e-02	-7.119162768935116681e-02	9.945638276264540112e-02	-1.009106120124747125e-01	5.577188192317578119e-02	-5.322974324890583642e-02	1.373567209673374756e-01	-7.685496575276401510e-02	1.083283048021988770e-01
8.389003233704050988e-02	-1.199191071756245397e-01	2.145566643805976170e-01	-3.412509494936448728e-01	1.000000000000000444e+00	-1.632608487714806433e-01	1.479899631989510522e-01	-1.762457621644067940e-01	2.243737423245958096e-01	-7.664517284077841941e-01	1.529515312480169698e-01	-1.508445344151675971e-01	1.678546818664758966e-01	-1.765731169232499509e-01	2.501756707763492793e-01	-8.960622818258269506e-02	1.140170694203278962e-01	-1.477906938684639127e-01	1.783834393198810431e-01	-2.379866194079589548e-01	1.134515713151918320e-01	-9.199589806012604953e-02	9.634236140240652613e-02	-1.545263007308199932e-01	1.574467473905466486e-01	-7.143892339875887454e-02	6.889876101672814945e-02	-2.267434389902660552e-01	1.237032103820186191e-01	-1.794010322258529355e-01
-5.111834791292311220e-01	3.103876271547487686e-01	-2.736970119543188362e-01	1.719917790915651556e-01	-1.632608487714806433e-01	1.000000000000000000e+00	-4.309096209831462798e-01	2.186964414546945235e-01	-2.085504248522211390e-01	1.353323071384228138e-01	-4.663922518068444045e-01	2.747805150415802977e-01	-1.815133318603566470e-01	1.505223832625503244e-01	-1.310228097600804886e-01	1.603588253518137274e-01	-1.947730852511445343e-01	1.587343961813938720e-01	-1.465993392154668062e-01	1.179584832241745845e-01	-1.810023500057539314e-01	1.063052403752576258e-01	-1.078751590744596728e-01	1.146926222977754373e-01	-1.167307009893627789e-01	9.334560403962449682e-02	-8.883866600142549530e-02	1.567074154114809215e-01	-8.915372383109987364e-02	1.216893529774484145e-01
1.949503438712810732e-01	-2.865048399387963296e-01	2.582633541281564860e-01	-2.020737578655521227e-01	1.479899631989510522e-01	-4.309096209831462798e-01	1.000000000000000222e+00	-4.807559587026948855e-01	2.342140733538492225e-01	-1.394338990807358347e-01	2.834370881420257837e-01	-5.617472699803888192e-01	1.934243230086955534e-01	-1.747089830755695072e-01	1.236966842558687024e-01	-1.343766469554542875e-01	1.680438347312827874e-01	-1.492971932205037766e-01	1.336629438451183705e-01	-1.161023844900899715e-01	1.387080158622158721e-01	-9.482737759652458409e-02	9.403506949511691859e-02	-1.095515640866485257e-01	1.071423108787878942e-01	-8.015767294467449067e-02	7.385255730044451572e-02	-1.567709065716655914e-01	8.619224036671849221e-02	-1.203945275238968160e-01
-1.231263427616560296e-01	1.670052472396759968e-01	-5.335084401762790751e-01	2.947860213123826845e-01	-1.762457621644067940e-01	2.186964414546945235e-01	-4.807559587026948855e-01	1.000000000000000666e+00	-5.420705835339652001e-01	1.596526274170830817e-01	-1.948678216573858923e-01	2.340258346715823334e-01	-2.312735662367343681e-01	1.924421262138283073e-01	-1.282115381787193031e-01	9.293324780759476544e-02	-1.188574299359577841e-01	1.172208574566252631e-01	-1.242575682699144091e-01	1.142729233793023380e-01	-1.053257419712701343e-01	7.377500288020795438e-02	-7.536991393246979254e-02	9.799546273049269951e-02	-9.756911689938677079e-02	6.093012904207646685e-02	-5.751801045772745452e-02	1.350174056357598407e-01	-7.541384913306417581e-02	1.056184838877133048e-01
1.075704406167696248e-01	-1.545217408423555927e-01	3.234639696242147533e-01	-6.060163699165753703e-01	2.243737423245958096e-01	-2.085504248522211390e-01	2.342140733538492225e-01	-5.420705835339652001e-01	9.999999999999995559e-01	-2.432383361301656555e-01	1.713030853773926665e-01	-2.095100039650198698e-01	2.217266886583514895e-01	-2.851795613121311801e-01	1.569384228812946425e-01	-8.917128950750025096e-02	1.127201002640495636e-01	-1.249754225107513050e-01	1.407765516387239069e-01	-1.409009147310628651e-01	1.039588037937520387e-01	-7.740679948584509862e-02	7.972882135373693391e-02	-1.123350803450579166e-01	1.109105541641103171e-01	-6.241911015863045586e-02	5.916307815137272774e-02	-1.548891405526132137e-01	8.605449315921562259e-02	-1.217178428322325257e-01
-7.220259093291608865e-02	1.000818702063504539e-01	-2.091875415418859019e-01	2.215086777687573227e-01	-7.664517284077841941e-01	1.353323071384228138e-01	-1.394338990807358347e-01	1.596526274170830817e-01	-2.432383361301656555e-01	1.000000000000000444e+00	-1.427571586914156143e-01	1.352803045915164093e-01	-1.802671722123454778e-01	1.763220749526263342e-01	-4.117874582384409843e-01	8.153732701099401792e-02	-1.055287228630571589e-01	1.306494195174998096e-01	-1.861518594084341782e-01	2.273005064052866231e-01	-1.047646885908420922e-01	8.098882289710127025e-02	-8.739433887379240151e-02	1.402794650806646337e-01	-1.566142684267330110e-01	6.332426246605793452e-02	-6.208627531502439872e-02	1.746231118544810390e-01	-1.036938514026111563e-01	1.446793367095192961e-01
1.926971967182443124e-01	-2.739532421013383123e-01	1.976861111973052809e-01	-1.563324428949648681e-01	1.529515312480169698e-01	-4.663922518068444045e-01	2.834370881420257837e-01	-1.948678216573858923e-01	1.713030853773926665e-01	-1.427571586914156143e-01	1.000000000000000222e+00	-5.542336424283292873e-01	1.939548723760617932e-01	-1.762320318729247159e-01	1.442865055808338348e-01	-3.382423976196427540e-01	2.662643684415538781e-01	-2.418618928769808440e-01	1.767966057185960671e-01	-1.423937612767500194e-01	2.337820618997389355e-01	-1.604679235670859738e-01	1.487166111663808521e-01	-1.534310627504235636e-01	1.458119261503044439e-01	-1.409700908276478593e-01	1.217111172461459445e-01	-2.370186837462290030e-01	1.258147868797993008e-01	-1.760593775382423010e-01
-1.444781988521530447e-01	1.874986369609088488e-01	-2.337659796267576306e-01	1.658716624078646618e-01	-1.508445344151675971e-01	2.747805150415802977e-01	-5.617472699803888192e-01	2.340258346715823334e-01	-2.095100039650198698e-01	1.352803045915164093e-01	-5.542336424283292873e-01	1.000000000000000444e+00	-2.786902487895016600e-01	1.934179873483528045e-01	-1.388603732983629546e-01	2.055833083169782693e-01	-3.053594862828221679e-01	1.908815764164746853e-01	-1.593812956230725719e-01	1.278354926724033780e-01	-1.985922012752577015e-01	1.219939321928004833e-01	-1.213212431965457333e-01	1.257356689578376652e-01	-1.229947046398793264e-01	1.062303224212685915e-01	-9.761426484629499856e-02	1.722014389907674525e-01	-9.663885177689213180e-02	1.326959422751454454e-01
9.116688080923533721e-02	-1.282594360372515951e-01	1.872156252143831190e-01	-1.872410117621619852e-01	1.678546818664758966e-01	-1.815133318603566470e-01	1.934243230086955534e-01	-2.312735662367343681e-01	2.217266886583514895e-01	-1.802671722123454778e-01	1.939548723760617932e-01	-2.786902487895016600e-01	1.000000000000001998e+00	-7.926334742947681589e-01	2.139339086001357804e-01	-1.097452739093983665e-01	1.411620926615763383e-01	-1.812265317220771443e-01	2.097005110882068923e-01	-2.044978410899626342e-01	1.294056684849552719e-01	-1.034193523717968771e-01	1.089913971835956841e-01	-1.662202444932096013e-01	1.521942879949242933e-01	-8.017395318459651088e-02	7.666235617656232126e-02	-2.125021275415850397e-01	1.187844693306160798e-01	-1.685138968527516434e-01
-7.841050108794019036e-02	1.079777948726349801e-01	-1.866589296785345076e-01	1.790915844183078587e-01	-1.765731169232499509e-01	1.505223832625503244e-01	-1.747089830755695072e-01	1.924421262138283073e-01	-2.851795613121311801e-01	1.763220749526263342e-01	-1.762320318729247159e-01	1.934179873483528045e-01	-7.926334742947681589e-01	1.000000000000001776e+00	-2.973972747993172683e-01	9.655666025261330776e-02	-1.267859298364060194e-01	1.566376572383763044e-01	-2.607385048705773700e-01	2.057069441568955548e-01	-1.181909270888269053e-01	9.115891612168421088e-02	-9.952067435258764305e-02	1.578482286064901430e-01	-1.524041425973198804e-01	7.086277873498206259e-02	-6.907416991274770157e-02	1.762752675371617450e-01	-1.053486989975016275e-01	1.450368855273532764e-01
6.660050012109608453e-02	-9.342958840715159807e-02	1.439478546639022249e-01	-1.442901705632249898e-01	2.501756707763492793e-01	-1.310228097600804886e-01	1.236966842558687024e-01	-1.282115381787193031e-01	1.569384228812946425e-01	-4.117874582384409843e-01	1.442865055808338348e-01	-1.388603732983629546e-01	2.139339086001357804e-01	-2.973972747993172683e-01	1.000000000000001554e+00	-9.211687154866943228e-02	1.194631634489903699e-01	-1.746150669818052337e-01	2.573531078852771548e-01	-6.917270118525301603e-01	1.201229875222137727e-01	-1.027415025063333209e-01	1.115259555247540557e-01	-2.143866597530568741e-01	2.234571362902996738e-01	-7.649676144543529621e-02	7.496405480359363827e-02	-2.418761805870698889e-01	1.441781423559875264e-01	-2.116844769887169520e-01
-7.495193310985907853e-02	1.042385560377716153e-01	-1.004377921533735063e-01	7.927427474995085710e-02	-8.960622818258269506e-02	1.603588253518137274e-01	-1.343766469554542875e-01	9.293324780759476544e-02	-8.917128950750025096e-02	8.153732701099401792e-02	-3.382423976196427540e-01	2.055833083169782693e-01	-1.097452739093983665e-01	9.655666025261330776e-02	-9.211687154866943228e-02	1.000000000000001998e+00	-6.568096487919118376e-01	2.449423674742047530e-01	-1.344968519381161132e-01	9.279336045462942273e-02	-5.616173542209567104e-01	1.732170217953241664e-01	-1.619745953411100003e-01	1.118243982792809232e-01	-1.024377306450623415e-01	1.772636485982555243e-01	-1.535697144419178040e-01	1.502505740836552195e-01	-8.394617769221214554e-02	1.127271743555106343e-01
9.125430859771435643e-02	-1.289186073680553268e-01	1.254326447315011195e-01	-1.007875096305671792e-01	1.140170694203278962e-01	-1.947730852511445343e-01	1.680438347312827874e-01	-1.188574299359577841e-01	1.127201002640495636e-01	-1.055287228630571589e-01	2.662643684415538781e-01	-3.053594862828221679e-01	1.411620926615763383e-01	-1.267859298364060194e-01	1.194631634489903699e-01	-6.568096487919118376e-01	1.000000000000002665e+00	-4.453701890903625782e-01	1.801219952652242662e-01	-1.237422154812373581e-01	3.022381134770823485e-01	-2.237938483383069832e-01	2.014284906111526996e-01	-1.506873823048921479e-01	1.339513951741786724e-01	-1.914645140162352099e-01	1.556290654385372174e-01	-1.997694532298243397e-01	1.109046835968492684e-01	-1.499829180075854806e-01
-7.879484733656973161e-02	1.083193359883257573e-01	-1.346482909995627142e-01	1.095389055558028818e-01	-1.477906938684639127e-01	1.587343961813938720e-01	-1.492971932205037766e-01	1.172208574566252631e-01	-1.249754225107513050e-01	1.306494195174998096e-01	-2.418618928769808440e-01	1.908815764164746853e-01	-1.812265317220771443e-01	1.566376572383763044e-01	-1.746150669818052337e-01	2.449423674742047530e-01	-4.453701890903625782e-01	1.000000000000002887e+00	-3.834431217812098169e-01	1.774439039036803389e-01	-3.537060856732983649e-01	2.769060930649541730e-01	-5.072949197043852276e-01	2.213464859540589247e-01	-2.006610218145969127e-01	1.927545037781064619e-01	-2.170040307934412716e-01	2.195710427527948760e-01	-1.408462932177844684e-01	1.765893436868395117e-01
7.332508137888921196e-02	-1.025293875665550941e-01	1.388424595753356972e-01	-1.258257940778869377e-01	1.783834393198810431e-01	-1.465993392154668062e-01	1.336629438451183705e-01	-1.242575682699144091e-01	1.407765516387239069e-01	-1.861518594084341782e-01	1.767966057185960671e-01	-1.593812956230725719e-01	2.097005110882068923e-01	-2.607385048705773700e-01	2.573531078852771548e-01	-1.344968519381161132e-01	1.801219952652242662e-01	-3.834431217812098169e-01	1.000000000000001998e+00	-4.301836335696135327e-01	1.788391439739311917e-01	-1.702945445807053371e-01	1.978726406387741055e-01	-5.463304376038112808e-01	3.013385105080142456e-01	-1.168249787182520927e-01	1.167164480460058523e-01	-3.273386702126359626e-01	2.126757993489346577e-01	-2.820089987155430244e-01
-6.084462722023035314e-02	8.412678606949411386e-02	-1.363795137406549896e-01	1.254402971325831173e-01	-2.379866194079589548e-01	1.179584832241745845e-01	-1.161023844900899715e-01	1.142729233793023380e-01	-1.409009147310628651e-01	2.273005064052866231e-01	-1.423937612767500194e-01	1.278354926724033780e-01	-2.044978410899626342e-01	2.057069441568955548e-01	-6.917270118525301603e-01	9.279336045462942273e-02	-1.237422154812373581e-01	1.774439039036803389e-01	-4.301836335696135327e-01	1.000000000000003553e+00	-1.252232307650060772e-01	1.039320961063883303e-01	-1.201477673027205456e-01	2.481398773986225881e-01	-3.618601677573463071e-01	7.686217356930531708e-02	-7.731699294413033052e-02	2.128399901878013090e-01	-1.488414739144819365e-01	2.034956966905760722e-01
8.448732655631115140e-02	-1.200941743204370638e-01	1.160455503405484895e-01	-9.455137120323635347e-02	1.134515713151918320e-01	-1.810023500057539314e-01	1.387080158622158721e-01	-1.053257419712701343e-01	1.039588037937520387e-01	-1.047646885908420922e-01	2.337820618997389355e-01	-1.985922012752577015e-01	1.294056684849552719e-01	-1.181909270888269053e-01	1.201229875222137727e-01	-5.616173542209567104e-01	3.022381134770823485e-01	-3.537060856732983649e-01	1.788391439739311917e-01	-1.252232307650060772e-01	1.000000000000002887e+00	-3.265505349474955854e-01	2.299992226670242446e-01	-1.621302528344390204e-01	1.431661222338490580e-01	-4.222718377058001238e-01	2.523798482631142148e-01	-2.287182248801213069e-01	1.236649138853100904e-01	-1.675100990009235902e-01
-5.210661560805832093e-02	7.203876797764462159e-02	-8.528690599378985215e-02	6.877595155669484484e-02	-9.199589806012604953e-02	1.063052403752576258e-01	-9.482737759652458409e-02	7.377500288020795438e-02	-7.740679948584509862e-02	8.098882289710127025e-02	-1.604679235670859738e-01	1.219939321928004833e-01	-1.034193523717968771e-01	9.115891612168421088e-02	-1.027415025063333209e-01	1.732170217953241664e-01	-2.237938483383069832e-01	2.769060930649541730e-01	-1.702945445807053371e-01	1.039320961063883303e-01	-3.265505349474955854e-01	1.000000000000003997e+00	-7.014101148921995099e-01	1.517805598323837268e-01	-1.352574137782476260e-01	2.576822136299920518e-01	-4.315489986681725343e-01	1.569334953118606268e-01	-9.932717725188772162e-02	1.209469299190357311e-01
5.263879078283105473e-02	-7.329230164046164619e-02	8.641308029227511012e-02	-7.119162768935116681e-02	9.634236140240652613e-02	-1.078751590744596728e-01	9.403506949511691859e-02	-7.536991393246979254e-02	7.972882135373693391e-02	-8.739433887379240151e-02	1.487166111663808521e-01	-1.213212431965457333e-01	1.089913971835956841e-01	-9.952067435258764305e-02	1.115259555247540557e-01	-1.619745953411100003e-01	2.014284906111526996e-01	-5.072949197043852276e-01	1.978726406387741055e-01	-1.201477673027205456e-01	2.299992226670242446e-01	-7.014101148921995099e-01	1.000000000000003553e+00	-2.162689763473209792e-01	1.540515726452244827e-01	-2.261697379092047211e-01	2.246939430600330689e-01	-1.904050271244374648e-01	1.166133538703407746e-01	-1.434147925241665011e-01
-5.846989235737044127e-02	8.039466837795601617e-02	-1.161467436588541069e-01	9.945638276264540112e-02	-1.545263007308199932e-01	1.146926222977754373e-01	-1.095515640866485257e-01	9.799546273049269951e-02	-1.123350803450579166e-01	1.402794650806646337e-01	-1.534310627504235636e-01	1.257356689578376652e-01	-1.662202444932096013e-01	1.578482286064901430e-01	-2.143866597530568741e-01	1.118243982792809232e-01	-1.506873823048921479e-01	2.213464859540589247e-01	-5.463304376038112808e-01	2.481398773986225881e-01	-1.621302528344390204e-01	1.517805598323837268e-01	-2.162689763473209792e-01	1.000000000000004219e+00	-6.228488988049559749e-01	1.017817873792946914e-01	-1.070611103516685286e-01	2.674519863159199318e-01	-3.109575995856308506e-01	2.826247832711082375e-01
5.897328264864569458e-02	-8.182834488286667984e-02	1.148212509032221079e-01	-1.009106120124747125e-01	1.574467473905466486e-01	-1.167307009893627789e-01	1.071423108787878942e-01	-9.756911689938677079e-02	1.109105541641103171e-01	-1.566142684267330110e-01	1.458119261503044439e-01	-1.229947046398793264e-01	1.521942879949242933e-01	-1.524041425973198804e-01	2.234571362902996738e-01	-1.024377306450623415e-01	1.339513951741786724e-01	-2.006610218145969127e-01	3.013385105080142456e-01	-3.618601677573463071e-01	1.431661222338490580e-01	-1.352574137782476260e-01	1.540515726452244827e-01	-6.228488988049559749e-01	1.000000000000004219e+00	-9.365888102869429632e-02	9.400312355619387661e-02	-3.338909901938948988e-01	2.683279653525973418e-01	-4.859290241490264450e-01
-4.511265972385628681e-02	6.272223006531296718e-02	-6.967804605181601718e-02	5.577188192317578119e-02	-7.143892339875887454e-02	9.334560403962449682e-02	-8.015767294467449067e-02	6.093012904207646685e-02	-6.241911015863045586e-02	6.332426246605793452e-02	-1.409700908276478593e-01	1.062303224212685915e-01	-8.017395318459651088e-02	7.086277873498206259e-02	-7.649676144543529621e-02	1.772636485982555243e-01	-1.914645140162352099e-01	1.927545037781064619e-01	-1.168249787182520927e-01	7.686217356930531708e-02	-4.222718377058001238e-01	2.576822136299920518e-01	-2.261697379092047211e-01	1.017817873792946914e-01	-9.365888102869429632e-02	1.000000000000004441e+00	-7.905820018734028842e-01	1.284604328222437031e-01	-7.519937166151093033e-02	9.462659756689342783e-02
4.268357591987402555e-02	-5.978555146684767091e-02	6.550302757710901869e-02	-5.322974324890583642e-02	6.889876101672814945e-02	-8.883866600142549530e-02	7.385255730044451572e-02	-5.751801045772745452e-02	5.916307815137272774e-02	-6.208627531502439872e-02	1.217111172461459445e-01	-9.761426484629499856e-02	7.666235617656232126e-02	-6.907416991274770157e-02	7.496405480359363827e-02	-1.535697144419178040e-01	1.556290654385372174e-01	-2.170040307934412716e-01	1.167164480460058523e-01	-7.731699294413033052e-02	2.523798482631142148e-01	-4.315489986681725343e-01	2.246939430600330689e-01	-1.070611103516685286e-01	9.400312355619387661e-02	-7.905820018734028842e-01	1.000000000000004441e+00	-1.407613417520995891e-01	7.874972026887711030e-02	-9.961971187258193694e-02
-8.191147970368617415e-02	1.103506922172420857e-01	-1.712555160805087628e-01	1.373567209673374756e-01	-2.267434389902660552e-01	1.567074154114809215e-01	-1.567709065716655914e-01	1.350174056357598407e-01	-1.548891405526132137e-01	1.746231118544810390e-01	-2.370186837462290030e-01	1.722014389907674525e-01	-2.125021275415850397e-01	1.762752675371617450e-01	-2.418761805870698889e-01	1.502505740836552195e-01	-1.997694532298243397e-01	2.195710427527948760e-01	-3.273386702126359626e-01	2.128399901878013090e-01	-2.287182248801213069e-01	1.569334953118606268e-01	-1.904050271244374648e-01	2.674519863159199318e-01	-3.338909901938948988e-01	1.284604328222437031e-01	-1.407613417520995891e-01	1.000000000000004663e+00	-6.135040145940187095e-01	3.193158088408712958e-01
4.594136720693876158e-02	-6.259208280901967791e-02	9.303807035249704593e-02	-7.685496575276401510e-02	1.237032103820186191e-01	-8.915372383109987364e-02	8.619224036671849221e-02	-7.541384913306417581e-02	8.605449315921562259e-02	-1.036938514026111563e-01	1.258147868797993008e-01	-9.663885177689213180e-02	1.187844693306160798e-01	-1.053486989975016275e-01	1.441781423559875264e-01	-8.394617769221214554e-02	1.109046835968492684e-01	-1.408462932177844684e-01	2.126757993489346577e-01	-1.488414739144819365e-01	1.236649138853100904e-01	-9.932717725188772162e-02	1.166133538703407746e-01	-3.109575995856308506e-01	2.683279653525973418e-01	-7.519937166151093033e-02	7.874972026887711030e-02	-6.135040145940187095e-01	1.000000000000004885e+00	-6.523250931504164241e-01
-6.333462318661674251e-02	8.579476254273038505e-02	-1.322728522363526005e-01	1.083283048021988770e-01	-1.794010322258529355e-01	1.216893529774484145e-01	-1.203945275238968160e-01	1.056184838877133048e-01	-1.217178428322325257e-01	1.446793367095192961e-01	-1.760593775382423010e-01	1.326959422751454454e-01	-1.685138968527516434e-01	1.450368855273532764e-01	-2.116844769887169520e-01	1.127271743555106343e-01	-1.499829180075854806e-01	1.765893436868395117e-01	-2.820089987155430244e-01	2.034956966905760722e-01	-1.675100990009235902e-01	1.209469299190357311e-01	-1.434147925241665011e-01	2.826247832711082375e-01	-4.859290241490264450e-01	9.462659756689342783e-02	-9.961971187258193694e-02	3.193158088408712958e-01	-6.523250931504164241e-01	1.000000000000004885e+00
