1.000000000000000000e+00	-8.427832720578257719e-01	2.173096945903179589e-01	-1.351220968800111444e-01	1.539366776173787255e-01	-3.651564616933897223e-01	2.409188979835302502e-01	-2.069636206157253744e-01	1.007133728143758816e-01	-1.065544964336842260e-01	1.698919656680602797e-01	-1.619645231209004277e-01	1.339312923322308058e-01	-1.245630933567504900e-01	8.746020000169800468e-02	-1.064271082717945099e-01	9.404045373763078586e-02	-1.304312035047429652e-01	9.674647037828883189e-02	-1.021929217700604658e-01	5.505844075953447020e-02	-6.323318708459825521e-02	1.003518217058340795e-01	-9.181043999370783193e-02	6.875222507460716781e-02	-6.426836104079700074e-02	5.316484141747840342e-02	-6.967995864894900582e-02	9.163022502255152579e-02	-9.275572328096409747e-02
-8.427832720578257719e-01	1.000000000000000222e+00	-2.962149830911563475e-01	1.396682936753850801e-01	-1.662134007875532282e-01	2.525865987602760043e-01	-3.166139141542737567e-01	2.033752631925611898e-01	-1.005550966710667543e-01	1.006983776560672478e-01	-1.616741472786726863e-01	1.503933090533801920e-01	-1.287746879404590983e-01	1.121476194994051045e-01	-8.027913323762250752e-02	9.362378817599471825e-02	-8.618111876312505026e-02	1.176247561125938895e-01	-8.813454410103992165e-02	9.144660445783853175e-02	-4.970808505540458971e-02	5.688118342386710297e-02	-9.186359604591640138e-02	8.187134693197838098e-02	-6.149345102768103560e-02	5.729836008884174603e-02	-4.786155070937016948e-02	6.227088196341951792e-02	-8.326036206438627851e-02	8.172496989804514667e-02
2.173096945903179589e-01	-2.962149830911563475e-01	9.999999999999997780e-01	-5.249840478748742933e-01	3.085970777492254014e-01	-3.224325656825976494e-01	2.686855560177657809e-01	-5.101709196681661895e-01	2.166237652316332918e-01	-2.292577266125287172e-01	2.018426120615018360e-01	-2.072288482520325270e-01	2.198155605828810422e-01	-2.119903533079935121e-01	1.510211971989790236e-01	-1.496575241266914769e-01	1.301332583010857136e-01	-2.156318616856351678e-01	1.583119665150642674e-01	-1.741719295781458399e-01	8.264480380286894079e-02	-9.537253480549455487e-02	1.519466302978589034e-01	-1.481216436524978308e-01	1.121017745568573393e-01	-9.856665630463257166e-02	8.103250544865792104e-02	-1.078659764504294322e-01	1.427401397195548483e-01	-1.511387656771192023e-01
-1.351220968800111444e-01	1.396682936753850801e-01	-5.249840478748742933e-01	9.999999999999997780e-01	-6.852057945193068544e-01	1.910764002507303050e-01	-1.671796125058976346e-01	2.267347090339742188e-01	-3.523312216610433034e-01	2.441636116887635766e-01	-1.321359974275809201e-01	1.277025917991958526e-01	-1.403393592093486464e-01	1.477874933926976442e-01	-1.206668335032967387e-01	9.750697808992424276e-02	-8.646850558765972750e-02	1.366453323393068686e-01	-1.103327147901600469e-01	1.284361849189170901e-01	-5.673684634688899719e-02	6.477245356416549971e-02	-1.055693393271252695e-01	1.026759903647263966e-01	-7.988076551006720316e-02	6.702009024204833021e-02	-5.571941144279188990e-02	7.380419071389807129e-02	-1.008803582623906958e-01	1.055585354405046417e-01
1.539366776173787255e-01	-1.662134007875532282e-01	3.085970777492254014e-01	-6.852057945193068544e-01	1.000000000000000000e+00	-3.027445955892768548e-01	2.117396598893322990e-01	-2.946784280987440607e-01	2.579555145408639616e-01	-3.164644668233111413e-01	1.861544290025448634e-01	-1.834824701248541634e-01	1.905973065709076764e-01	-2.193893257538365171e-01	1.676811911235780439e-01	-1.529834790054201421e-01	1.291055301549251244e-01	-2.060821915105741087e-01	1.623072021859265079e-01	-1.950631443976424961e-01	8.620681228260279605e-02	-9.912199349736582066e-02	1.556546052421927118e-01	-1.591283395400258649e-01	1.225094708704179552e-01	-1.045631422798025401e-01	8.510644698673994202e-02	-1.144556264886021357e-01	1.503653397330198260e-01	-1.683406209325924441e-01
-3.651564616933897223e-01	2.525865987602760043e-01	-3.224325656825976494e-01	1.910764002507303050e-01	-3.027445955892768548e-01	9.999999999999994449e-01	-5.002678559482899301e-01	2.805207476396019417e-01	-1.597999318917300848e-01	1.542649057685210878e-01	-5.140916146219910443e-01	2.898711341877398540e-01	-2.296945144923118742e-01	1.872026466856781535e-01	-1.373477910841757466e-01	1.765838872976778495e-01	-1.759610831453135016e-01	2.003989420839727698e-01	-1.554198016568127394e-01	1.525536955984070908e-01	-9.639057023845126748e-02	1.083391364143664326e-01	-1.816130773567696810e-01	1.435819506265060552e-01	-1.074209782422710785e-01	1.062605686096346896e-01	-9.104082911127253652e-02	1.150618191239937832e-01	-1.581823300605834093e-01	1.392617936079383612e-01
2.409188979835302502e-01	-3.166139141542737567e-01	2.686855560177657809e-01	-1.671796125058976346e-01	2.117396598893322990e-01	-5.002678559482899301e-01	1.000000000000000444e+00	-5.404501996157848875e-01	1.472278492284742057e-01	-1.514534486499408694e-01	2.883559540327810811e-01	-4.234964628560154987e-01	2.559409556799144836e-01	-2.010964093663266117e-01	1.356484054671441286e-01	-1.746451545439385300e-01	1.596773055860300494e-01	-2.219664755506554066e-01	1.554742871898692758e-01	-1.551864015052083490e-01	8.505447050311447377e-02	-9.866707105212785267e-02	1.563936132418723146e-01	-1.396638582873908629e-01	1.036251779918682392e-01	-9.768983615610274396e-02	8.157916901173095647e-02	-1.058400965181065523e-01	1.402756883006722188e-01	-1.363800252939605662e-01
-2.069636206157253744e-01	2.033752631925611898e-01	-5.101709196681661895e-01	2.267347090339742188e-01	-2.946784280987440607e-01	2.805207476396019417e-01	-5.404501996157848875e-01	1.000000000000000666e+00	-2.133217083697831473e-01	1.826609403203985904e-01	-2.503089592308493927e-01	2.546771778127415176e-01	-4.065559712750685395e-01	2.121439055736142054e-01	-1.527588020442830485e-01	1.474473124662948609e-01	-1.436197955156870154e-01	2.316309620559768856e-01	-1.723208596380258473e-01	1.618326577632565044e-01	-8.503678044346542342e-02	9.733278661802498288e-02	-1.663050125565151693e-01	1.435820837896999158e-01	-1.080260640861665927e-01	9.651352930844704636e-02	-8.232259157269419814e-02	1.063959091390460077e-01	-1.489856688177150779e-01	1.369775897649781471e-01
1.007133728143758816e-01	-1.005550966710667543e-01	2.166237652316332918e-01	-3.523312216610433034e-01	2.579555145408639616e-01	-1.597999318917300848e-01	1.472278492284742057e-01	-2.133217083697831473e-01	1.000000000000000444e+00	-8.211271871608764039e-01	1.263850248730080950e-01	-1.215816595933898320e-01	1.453622566838270735e-01	-2.042363023666612099e-01	1.951865557505305382e-01	-9.266829405211982063e-02	8.464221737173407978e-02	-1.452497190901450019e-01	1.346765827773460378e-01	-1.860240610843969244e-01	5.883746717410371502e-02	-6.672918486079244815e-02	1.126177257236181811e-01	-1.186076974174627013e-01	9.822899516830554956e-02	-6.891382908503457250e-02	5.867472428598907719e-02	-7.773551876466534838e-02	1.148232073695032024e-01	-1.230735535442311346e-01
-1.065544964336842260e-01	1.006983776560672478e-01	-2.292577266125287172e-01	2.441636116887635766e-01	-3.164644668233111413e-01	1.542649057685210878e-01	-1.514534486499408694e-01	1.826609403203985904e-01	-8.211271871608764039e-01	9.999999999999998890e-01	-1.330673680727700869e-01	1.215460655464002671e-01	-1.488688425930688730e-01	1.954129017905794907e-01	-2.781273357661395718e-01	9.323351585986289214e-02	-8.779004905057312402e-02	1.433556467084118879e-01	-1.423241141815743682e-01	1.874948832736273163e-01	-6.181011248046564682e-02	6.936742467778976573e-02	-1.208684697363759664e-01	1.206968071140568227e-01	-1.028585182502498169e-01	7.083319168065617399e-02	-6.151299475981688442e-02	8.040349726995266177e-02	-1.239432171654876597e-01	1.218968649884462907e-01
1.698919656680602797e-01	-1.616741472786726863e-01	2.018426120615018360e-01	-1.321359974275809201e-01	1.861544290025448634e-01	-5.140916146219910443e-01	2.883559540327810811e-01	-2.503089592308493927e-01	1.263850248730080950e-01	-1.330673680727700869e-01	9.999999999999993339e-01	-6.440519297233224805e-01	2.577266236759931384e-01	-2.206765832901898539e-01	1.425691624143885505e-01	-2.545828379549385789e-01	2.100624804644996013e-01	-2.490330084505215091e-01	1.693227143458080619e-01	-1.692788054501670747e-01	1.003547082704610988e-01	-1.180462013519577025e-01	1.757453612857595160e-01	-1.559261592332342461e-01	1.141352345836031956e-01	-1.148630797720794489e-01	9.483697961649815988e-02	-1.222776494201643360e-01	1.550330098647807742e-01	-1.524016506532172022e-01
-1.619645231209004277e-01	1.503933090533801920e-01	-2.072288482520325270e-01	1.277025917991958526e-01	-1.834824701248541634e-01	2.898711341877398540e-01	-4.234964628560154987e-01	2.546771778127415176e-01	-1.215816595933898320e-01	1.215460655464002671e-01	-6.440519297233224805e-01	9.999999999999998890e-01	-4.201727759687896024e-01	2.010033954042909077e-01	-1.357625664586753211e-01	2.156943356836353853e-01	-2.685503722066762133e-01	2.325797373418088954e-01	-1.655032668367729942e-01	1.479569470502360706e-01	-9.475984800255297935e-02	1.118328077472982435e-01	-1.716746022344428635e-01	1.379588637234907267e-01	-1.014303152014553455e-01	1.028646207331446044e-01	-8.800153563027721115e-02	1.097613230066612211e-01	-1.452200016732894672e-01	1.290391108233560069e-01
1.339312923322308058e-01	-1.287746879404590983e-01	2.198155605828810422e-01	-1.403393592093486464e-01	1.905973065709076764e-01	-2.296945144923118742e-01	2.559409556799144836e-01	-4.065559712750685395e-01	1.453622566838270735e-01	-1.488688425930688730e-01	2.577266236759931384e-01	-4.201727759687896024e-01	1.000000000000000222e+00	-4.067793558282013500e-01	1.998080149152005047e-01	-1.637167781725368254e-01	1.598470288518122062e-01	-5.561397185675520660e-01	2.595616526872194796e-01	-2.173042556481567522e-01	9.718412761684934453e-02	-1.158814624129300974e-01	1.990581060089011423e-01	-1.899444863568487407e-01	1.356662348659651018e-01	-1.124547361641136806e-01	9.597551724123519479e-02	-1.265244140837148701e-01	1.780959706822685673e-01	-1.654190310932625307e-01
-1.245630933567504900e-01	1.121476194994051045e-01	-2.119903533079935121e-01	1.477874933926976442e-01	-2.193893257538365171e-01	1.872026466856781535e-01	-2.010964093663266117e-01	2.121439055736142054e-01	-2.042363023666612099e-01	1.954129017905794907e-01	-2.206765832901898539e-01	2.010033954042909077e-01	-4.067793558282013500e-01	1.000000000000002665e+00	-5.410269069049634671e-01	1.394818534859305903e-01	-1.414119965280408175e-01	2.888569252050118275e-01	-4.610900450456114075e-01	3.079512713256296608e-01	-1.042370352781500781e-01	1.169219306016617554e-01	-2.189277738618956859e-01	2.346346740724360169e-01	-1.877850285551039555e-01	1.158351848313876886e-01	-1.059775584718181535e-01	1.371113779770025964e-01	-2.421795239622883122e-01	1.948762527626014263e-01
8.746020000169800468e-02	-8.027913323762250752e-02	1.510211971989790236e-01	-1.206668335032967387e-01	1.676811911235780439e-01	-1.373477910841757466e-01	1.356484054671441286e-01	-1.527588020442830485e-01	1.951865557505305382e-01	-2.781273357661395718e-01	1.425691624143885505e-01	-1.357625664586753211e-01	1.998080149152005047e-01	-5.410269069049634671e-01	1.000000000000001998e+00	-1.017182058773792447e-01	9.851669881938805717e-02	-2.118889235572460894e-01	2.611567776415386621e-01	-6.682378348069195617e-01	7.604859167803530717e-02	-8.590284848682834540e-02	1.540481484517130517e-01	-2.024460626915687844e-01	1.927635307081641824e-01	-8.702182687839303543e-02	7.818584179846355120e-02	-1.038286084505813944e-01	1.777162117802254526e-01	-2.107965712326487773e-01
-1.064271082717945099e-01	9.362378817599471825e-02	-1.496575241266914769e-01	9.750697808992424276e-02	-1.529834790054201421e-01	1.765838872976778495e-01	-1.746451545439385300e-01	1.474473124662948609e-01	-9.266829405211982063e-02	9.323351585986289214e-02	-2.545828379549385789e-01	2.156943356836353853e-01	-1.637167781725368254e-01	1.394818534859305903e-01	-1.017182058773792447e-01	1.000000000000001332e+00	-8.493958175893948637e-01	1.652493966221081634e-01	-1.277241233644737517e-01	1.168648138864964436e-01	-1.806606935928943558e-01	1.972503505628378506e-01	-2.425577244696914825e-01	1.274328212338372013e-01	-8.992257209491238967e-02	1.541165204594244498e-01	-1.402297462611408196e-01	1.454555716824786349e-01	-1.611025280312317065e-01	1.180517209267184370e-01
9.404045373763078586e-02	-8.618111876312505026e-02	1.301332583010857136e-01	-8.646850558765972750e-02	1.291055301549251244e-01	-1.759610831453135016e-01	1.596773055860300494e-01	-1.436197955156870154e-01	8.464221737173407978e-02	-8.779004905057312402e-02	2.100624804644996013e-01	-2.685503722066762133e-01	1.598470288518122062e-01	-1.414119965280408175e-01	9.851669881938805717e-02	-8.493958175893948637e-01	1.000000000000001776e+00	-1.750839711028400469e-01	1.244507323661141057e-01	-1.168652664898700566e-01	1.652722842170290529e-01	-2.478902207058640839e-01	2.092521538086363764e-01	-1.263288917899304531e-01	8.812331987709046133e-02	-1.626066742237789742e-01	1.376574790400109383e-01	-1.509321234892235242e-01	1.469461712153965760e-01	-1.186409928586399098e-01
-1.304312035047429652e-01	1.176247561125938895e-01	-2.156318616856351678e-01	1.366453323393068686e-01	-2.060821915105741087e-01	2.003989420839727698e-01	-2.219664755506554066e-01	2.316309620559768856e-01	-1.452497190901450019e-01	1.433556467084118879e-01	-2.490330084505215091e-01	2.325797373418088954e-01	-5.561397185675520660e-01	2.888569252050118275e-01	-2.118889235572460894e-01	1.652493966221081634e-01	-1.750839711028400469e-01	1.000000000000001332e+00	-5.147724717921163817e-01	2.285716508453305706e-01	-1.247295300531503504e-01	1.484068406351932989e-01	-3.328599753373826520e-01	2.383783472071630549e-01	-1.655936159715392098e-01	1.391664221349859232e-01	-1.240389629877679950e-01	1.611399829789869065e-01	-2.435147162609281879e-01	1.850116431556131924e-01
9.674647037828883189e-02	-8.813454410103992165e-02	1.583119665150642674e-01	-1.103327147901600469e-01	1.623072021859265079e-01	-1.554198016568127394e-01	1.554742871898692758e-01	-1.723208596380258473e-01	1.346765827773460378e-01	-1.423241141815743682e-01	1.693227143458080619e-01	-1.655032668367729942e-01	2.595616526872194796e-01	-4.610900450456114075e-01	2.611567776415386621e-01	-1.277241233644737517e-01	1.244507323661141057e-01	-5.147724717921163817e-01	1.000000000000002442e+00	-3.986996124184605805e-01	1.009653673218930958e-01	-1.174239394303164402e-01	2.129066662892854789e-01	-4.637200624484768552e-01	2.195832622749822327e-01	-1.178456505620461142e-01	1.059002519843119106e-01	-1.453815516868129931e-01	2.512225159045732847e-01	-2.318936357047622909e-01
-1.021929217700604658e-01	9.144660445783853175e-02	-1.741719295781458399e-01	1.284361849189170901e-01	-1.950631443976424961e-01	1.525536955984070908e-01	-1.551864015052083490e-01	1.618326577632565044e-01	-1.860240610843969244e-01	1.874948832736273163e-01	-1.692788054501670747e-01	1.479569470502360706e-01	-2.173042556481567522e-01	3.079512713256296608e-01	-6.682378348069195617e-01	1.168648138864964436e-01	-1.168652664898700566e-01	2.285716508453305706e-01	-3.986996124184605805e-01	1.000000000000002665e+00	-9.458136468170436073e-02	1.047558816307165019e-01	-1.968541204071228012e-01	2.458833179772076383e-01	-3.353295845566623967e-01	1.051332646460953479e-01	-9.783378684232596489e-02	1.275340901678515271e-01	-2.410333496266517384e-01	2.422414490493633998e-01
5.505844075953447020e-02	-4.970808505540458971e-02	8.264480380286894079e-02	-5.673684634688899719e-02	8.620681228260279605e-02	-9.639057023845126748e-02	8.505447050311447377e-02	-8.503678044346542342e-02	5.883746717410371502e-02	-6.181011248046564682e-02	1.003547082704610988e-01	-9.475984800255297935e-02	9.718412761684934453e-02	-1.042370352781500781e-01	7.604859167803530717e-02	-1.806606935928943558e-01	1.652722842170290529e-01	-1.247295300531503504e-01	1.009653673218930958e-01	-9.458136468170436073e-02	1.000000000000001776e+00	-6.048514457718547899e-01	2.730428802812243649e-01	-1.272566939158736032e-01	8.240637027365239897e-02	-6.611890988444868444e-01	2.845222184076469651e-01	-2.603831661328894209e-01	1.708172811345585740e-01	-1.160844921614724440e-01
-6.323318708459825521e-02	5.688118342386710297e-02	-9.537253480549455487e-02	6.477245356416549971e-02	-9.912199349736582066e-02	1.083391364143664326e-01	-9.866707105212785267e-02	9.733278661802498288e-02	-6.672918486079244815e-02	6.936742467778976573e-02	-1.180462013519577025e-01	1.118328077472982435e-01	-1.158814624129300974e-01	1.169219306016617554e-01	-8.590284848682834540e-02	1.972503505628378506e-01	-2.478902207058640839e-01	1.484068406351932989e-01	-1.174239394303164402e-01	1.047558816307165019e-01	-6.048514457718547899e-01	1.000000000000002665e+00	-4.899436733676983402e-01	1.397200262338735566e-01	-9.070010516973633918e-02	3.234218350735905689e-01	-4.379392236652192016e-01	2.689413669260901085e-01	-1.998838711943430324e-01	1.236429803765337204e-01
1.003518217058340795e-01	-9.186359604591640138e-02	1.519466302978589034e-01	-1.055693393271252695e-01	1.556546052421927118e-01	-1.816130773567696810e-01	1.563936132418723146e-01	-1.663050125565151693e-01	1.126177257236181811e-01	-1.208684697363759664e-01	1.757453612857595160e-01	-1.716746022344428635e-01	1.990581060089011423e-01	-2.189277738618956859e-01	1.540481484517130517e-01	-2.425577244696914825e-01	2.092521538086363764e-01	-3.328599753373826520e-01	2.129066662892854789e-01	-1.968541204071228012e-01	2.730428802812243649e-01	-4.899436733676983402e-01	1.000000000000002220e+00	-2.678974110564217304e-01	1.663977816285457378e-01	-3.669698763795070651e-01	2.815064863500137959e-01	-4.290173320729255835e-01	2.731582494326848520e-01	-2.391580871535547714e-01
-9.181043999370783193e-02	8.187134693197838098e-02	-1.481216436524978308e-01	1.026759903647263966e-01	-1.591283395400258649e-01	1.435819506265060552e-01	-1.396638582873908629e-01	1.435820837896999158e-01	-1.186076974174627013e-01	1.206968071140568227e-01	-1.559261592332342461e-01	1.379588637234907267e-01	-1.899444863568487407e-01	2.346346740724360169e-01	-2.024460626915687844e-01	1.274328212338372013e-01	-1.263288917899304531e-01	2.383783472071630549e-01	-4.637200624484768552e-01	2.458833179772076383e-01	-1.272566939158736032e-01	1.397200262338735566e-01	-2.678974110564217304e-01	1.000000000000003109e+00	-4.531972230111523392e-01	1.428716327186973778e-01	-1.446750551493327652e-01	1.965850274895170890e-01	-5.642208319858101895e-01	2.970721435657417975e-01
6.875222507460716781e-02	-6.149345102768103560e-02	1.121017745568573393e-01	-7.988076551006720316e-02	1.225094708704179552e-01	-1.074209782422710785e-01	1.036251779918682392e-01	-1.080260640861665927e-01	9.822899516830554956e-02	-1.028585182502498169e-01	1.141352345836031956e-01	-1.014303152014553455e-01	1.356662348659651018e-01	-1.877850285551039555e-01	1.927635307081641824e-01	-8.992257209491238967e-02	8.812331987709046133e-02	-1.655936159715392098e-01	2.195832622749822327e-01	-3.353295845566623967e-01	8.240637027365239897e-02	-9.070010516973633918e-02	1.663977816285457378e-01	-4.531972230111523392e-01	1.000000000000002887e+00	-9.352392366761391740e-02	8.947228832865687653e-02	-1.216387059296277773e-01	2.556987387448971250e-01	-7.506635760908277888e-01
-6.426836104079700074e-02	5.729836008884174603e-02	-9.856665630463257166e-02	6.702009024204833021e-02	-1.045631422798025401e-01	1.062605686096346896e-01	-9.768983615610274396e-02	9.651352930844704636e-02	-6.891382908503457250e-02	7.083319168065617399e-02	-1.148630797720794489e-01	1.028646207331446044e-01	-1.124547361641136806e-01	1.158351848313876886e-01	-8.702182687839303543e-02	1.541165204594244498e-01	-1.626066742237789742e-01	1.391664221349859232e-01	-1.178456505620461142e-01	1.051332646460953479e-01	-6.611890988444868444e-01	3.234218350735905689e-01	-3.669698763795070651e-01	1.428716327186973778e-01	-9.352392366761391740e-02	1.000000000000003109e+00	-4.977551286439271250e-01	2.757070516932956794e-01	-2.341569496426455232e-01	1.253465626053359427e-01
5.316484141747840342e-02	-4.786155070937016948e-02	8.103250544865792104e-02	-5.571941144279188990e-02	8.510644698673994202e-02	-9.104082911127253652e-02	8.157916901173095647e-02	-8.232259157269419814e-02	5.867472428598907719e-02	-6.151299475981688442e-02	9.483697961649815988e-02	-8.800153563027721115e-02	9.597551724123519479e-02	-1.059775584718181535e-01	7.818584179846355120e-02	-1.402297462611408196e-01	1.376574790400109383e-01	-1.240389629877679950e-01	1.059002519843119106e-01	-9.783378684232596489e-02	2.845222184076469651e-01	-4.379392236652192016e-01	2.815064863500137959e-01	-1.446750551493327652e-01	8.947228832865687653e-02	-4.977551286439271250e-01	1.000000000000002887e+00	-6.456435404636710063e-01	2.186105573398469393e-01	-1.256733859997117564e-01
-6.967995864894900582e-02	6.227088196341951792e-02	-1.078659764504294322e-01	7.380419071389807129e-02	-1.144556264886021357e-01	1.150618191239937832e-01	-1.058400965181065523e-01	1.063959091390460077e-01	-7.773551876466534838e-02	8.040349726995266177e-02	-1.222776494201643360e-01	1.097613230066612211e-01	-1.265244140837148701e-01	1.371113779770025964e-01	-1.038286084505813944e-01	1.454555716824786349e-01	-1.509321234892235242e-01	1.611399829789869065e-01	-1.453815516868129931e-01	1.275340901678515271e-01	-2.603831661328894209e-01	2.689413669260901085e-01	-4.290173320729255835e-01	1.965850274895170890e-01	-1.216387059296277773e-01	2.757070516932956794e-01	-6.456435404636710063e-01	1.000000000000002887e+00	-4.406279844675339841e-01	1.616602111226453364e-01
9.163022502255152579e-02	-8.326036206438627851e-02	1.427401397195548483e-01	-1.008803582623906958e-01	1.503653397330198260e-01	-1.581823300605834093e-01	1.402756883006722188e-01	-1.489856688177150779e-01	1.148232073695032024e-01	-1.239432171654876597e-01	1.550330098647807742e-01	-1.452200016732894672e-01	1.780959706822685673e-01	-2.421795239622883122e-01	1.777162117802254526e-01	-1.611025280312317065e-01	1.469461712153965760e-01	-2.435147162609281879e-01	2.512225159045732847e-01	-2.410333496266517384e-01	1.708172811345585740e-01	-1.998838711943430324e-01	2.731582494326848520e-01	-5.642208319858101895e-01	2.556987387448971250e-01	-2.341569496426455232e-01	2.186105573398469393e-01	-4.406279844675339841e-01	1.000000000000003109e+00	-3.799415263933307862e-01
-9.275572328096409747e-02	8.172496989804514667e-02	-1.511387656771192023e-01	1.055585354405046417e-01	-1.683406209325924441e-01	1.392617936079383612e-01	-1.363800252939605662e-01	1.369775897649781471e-01	-1.230735535442311346e-01	1.218968649884462907e-01	-1.524016506532172022e-01	1.290391108233560069e-01	-1.654190310932625307e-01	1.948762527626014263e-01	-2.107965712326487773e-01	1.180517209267184370e-01	-1.186409928586399098e-01	1.850116431556131924e-01	-2.318936357047622909e-01	2.422414490493633998e-01	-1.160844921614724440e-01	1.236429803765337204e-01	-2.391580871535547714e-01	2.970721435657417975e-01	-7.506635760908277888e-01	1.253465626053359427e-01	-1.256733859997117564e-01	1.616602111226453364e-01	-3.799415263933307862e-01	1.000000000000003109e+00
