1.000000000000000222e+00	-8.847209390772015070e-01	1.414891869926758472e-01	-1.480841512389515224e-01	7.130984588107064370e-02	-3.295466366469265718e-01	1.783384717350162130e-01	-1.583050056250977777e-01	1.033933704225146605e-01	-5.678103386687199938e-02	1.591904023738001106e-01	-1.361833819854696981e-01	1.272600032033370798e-01	-8.953827592308290229e-02	1.437668162186408749e-01	-9.333086769965281970e-02	1.084423343080193336e-01	-1.213382825978379653e-01	8.373549484224702966e-02	-7.482802229252091819e-02	8.444328596759002881e-02	-7.599526909601615754e-02	7.265844821138850440e-02	-7.454691264797302930e-02	7.386982810445259784e-02	-7.299210678121950679e-02	5.654883470366595111e-02	-7.318065340878296410e-02	4.740445827579339855e-02	-6.247924214285636296e-02
-8.847209390772015070e-01	1.000000000000000000e+00	-1.810632023878282204e-01	1.510702374917659019e-01	-8.169907486159479204e-02	2.355113931807411021e-01	-2.301595196497098206e-01	1.659592818381538659e-01	-1.159126199436927018e-01	6.384775168605845430e-02	-1.722792649912033569e-01	1.453066048253877085e-01	-1.430184300890599003e-01	9.795416865107768600e-02	-1.667782062538516463e-01	9.834490478232715827e-02	-1.192472557002018652e-01	1.280690836723324955e-01	-9.287477846169089890e-02	8.170975363374656519e-02	-9.133531152935747688e-02	8.061833941818279115e-02	-7.834825622198250683e-02	8.007539231960071613e-02	-8.100570680460186801e-02	7.682767096766317250e-02	-6.030709706987413821e-02	7.761302476883058521e-02	-5.074414794837560361e-02	6.658620486482516587e-02
1.414891869926758472e-01	-1.810632023878282204e-01	1.000000000000000222e+00	-8.125084913843261258e-01	1.263005098342888377e-01	-1.529096131931823588e-01	1.744993125868602724e-01	-4.372485906992883975e-01	1.936884318560762319e-01	-1.043388291115057570e-01	1.189082861498343413e-01	-1.252142094367169334e-01	1.542601101515079232e-01	-1.427503134086016978e-01	1.836198123333170062e-01	-8.311742293230016398e-02	1.018866773807050180e-01	-1.341353199872447333e-01	1.092213631509467292e-01	-9.673593243788522478e-02	7.987290510195961535e-02	-7.605813218499660189e-02	7.744880731581453570e-02	-8.610392905711256040e-02	8.562189131632924610e-02	-7.497935848791430213e-02	5.815585261851530935e-02	-7.984068981499309325e-02	5.295755533817260441e-02	-7.092666736465716437e-02
-1.480841512389515224e-01	1.510702374917659019e-01	-8.125084913843261258e-01	1.000000000000000222e+00	-1.902329043861159530e-01	1.639173879248800036e-01	-1.924457762642054481e-01	2.855627560097250273e-01	-2.639562322763902569e-01	1.343708645677555991e-01	-1.366058664650694199e-01	1.358695833525508656e-01	-1.915910463132131092e-01	1.690601406906124260e-01	-2.514046260680905531e-01	9.558517562915061494e-02	-1.192370536411835741e-01	1.557126605307084244e-01	-1.375682320207542719e-01	1.179094455094039512e-01	-9.421880166453654171e-02	8.900880530674321056e-02	-9.259782282621741023e-02	1.032026654945942673e-01	-1.053077030422231858e-01	8.760402810170977994e-02	-6.859775099899258211e-02	9.431131061226312451e-02	-6.323683175049926719e-02	8.440823015248241634e-02
7.130984588107064370e-02	-8.169907486159479204e-02	1.263005098342888377e-01	-1.902329043861159530e-01	1.000000000000000444e+00	-1.529087652523654917e-01	1.074448626625463671e-01	-1.672838656236101673e-01	1.193034317487054602e-01	-8.822898523372545432e-01	9.926695251135514431e-02	-9.448869765644049568e-02	1.212274531985759046e-01	-1.162619987028035151e-01	2.590718856846477847e-01	-7.993309915515486863e-02	9.245207872723999742e-02	-1.462032799995411081e-01	1.064583587781376822e-01	-1.184381547481821589e-01	8.030419790984141826e-02	-8.337217068643860973e-02	8.583119030131729221e-02	-1.025904580119165188e-01	9.466779627521437757e-02	-8.909934903343993962e-02	6.635466524841936165e-02	-9.911443795534827239e-02	6.429257642315239218e-02	-9.036969541987983912e-02
-3.295466366469265718e-01	2.355113931807411021e-01	-1.529096131931823588e-01	1.639173879248800036e-01	-1.529087652523654917e-01	9.999999999999998890e-01	-3.629117980168727886e-01	2.411266031426109457e-01	-2.019246374402551281e-01	1.178972934078257595e-01	-5.790431105866884476e-01	2.821122175779613994e-01	-2.894311604662461734e-01	1.788201919799967676e-01	-3.480216633989973718e-01	2.370342904872416168e-01	-2.776744618538070641e-01	2.547873904159521086e-01	-1.845548707713589309e-01	1.604840499629456574e-01	-2.175821221402055861e-01	1.759087843463393308e-01	-1.679720457296749458e-01	1.626690087854317512e-01	-1.680175881520752923e-01	1.625896033102521843e-01	-1.302898813658980859e-01	1.596930555251822037e-01	-1.043738432385282466e-01	1.346109306244798187e-01
1.783384717350162130e-01	-2.301595196497098206e-01	1.744993125868602724e-01	-1.924457762642054481e-01	1.074448626625463671e-01	-3.629117980168727886e-01	1.000000000000000444e+00	-4.519157701333801347e-01	1.986731286762554449e-01	-8.629911781853208397e-02	2.760832520102518006e-01	-6.344432680059941543e-01	2.642590716217131375e-01	-1.824394331604345665e-01	2.248697761068824408e-01	-1.941593775888695028e-01	2.266465956680005223e-01	-2.620835561559534121e-01	1.528468442210553502e-01	-1.382275295945301075e-01	1.578591636408960552e-01	-1.513120930821218180e-01	1.368737505280204214e-01	-1.406232573211726455e-01	1.327823902928460253e-01	-1.433071759171618553e-01	1.083845271833696194e-01	-1.405348294735851988e-01	8.927515619913246880e-02	-1.179737998876918964e-01
-1.583050056250977777e-01	1.659592818381538659e-01	-4.372485906992883975e-01	2.855627560097250273e-01	-1.672838656236101673e-01	2.411266031426109457e-01	-4.519157701333801347e-01	9.999999999999997780e-01	-4.286030720497219226e-01	1.291662384030219102e-01	-2.213629111439696928e-01	2.426411853689214859e-01	-3.173309519743097162e-01	2.525347647900970105e-01	-3.390121853057721513e-01	1.508768751853120649e-01	-1.925725187316551790e-01	2.368850401630002989e-01	-2.044459958441934566e-01	1.692873241022402886e-01	-1.449185930124546884e-01	1.348794503227680464e-01	-1.382046201577773470e-01	1.506796647623717122e-01	-1.542190146347061919e-01	1.303692555794772889e-01	-1.025334327830396824e-01	1.381390027237856533e-01	-9.244641401012829163e-02	1.222955008575784819e-01
1.033933704225146605e-01	-1.159126199436927018e-01	1.936884318560762319e-01	-2.639562322763902569e-01	1.193034317487054602e-01	-2.019246374402551281e-01	1.986731286762554449e-01	-4.286030720497219226e-01	1.000000000000000222e+00	-1.053035636665664299e-01	1.565645505836611440e-01	-1.755907354726444491e-01	2.673988664296660933e-01	-7.148339940052265140e-01	2.427981990493407183e-01	-1.225139482326869506e-01	1.486777873283725848e-01	-2.428987831635380790e-01	2.252789661530698873e-01	-2.066179262962202223e-01	1.194690756904213114e-01	-1.200559269839257259e-01	1.268088718402066994e-01	-1.575500113032561600e-01	1.471765986567499795e-01	-1.197658452539096252e-01	9.266499815231439563e-02	-1.339185861028195923e-01	9.070276582452627134e-02	-1.231531590972841095e-01
-5.678103386687199938e-02	6.384775168605845430e-02	-1.043388291115057570e-01	1.343708645677555991e-01	-8.822898523372545432e-01	1.178972934078257595e-01	-8.629911781853208397e-02	1.291662384030219102e-01	-1.053035636665664299e-01	9.999999999999998890e-01	-7.880173632418287222e-02	7.514788562486444945e-02	-1.003782306458420315e-01	9.984744053576534439e-02	-3.722394467237656324e-01	6.301812234323202200e-02	-7.351980228831221653e-02	1.150533754330689690e-01	-9.062069532609039191e-02	9.891453547618569986e-02	-6.356262385572862550e-02	6.558334824923429951e-02	-6.815551635519476181e-02	8.185325838590655489e-02	-7.778121736289972388e-02	6.957289978919459217e-02	-5.216263245562194339e-02	7.768462119099191210e-02	-5.087633354536997415e-02	7.115299657670857980e-02
1.591904023738001106e-01	-1.722792649912033569e-01	1.189082861498343413e-01	-1.366058664650694199e-01	9.926695251135514431e-02	-5.790431105866884476e-01	2.760832520102518006e-01	-2.213629111439696928e-01	1.565645505836611440e-01	-7.880173632418287222e-02	9.999999999999991118e-01	-4.612683664483057666e-01	2.430130954831082324e-01	-1.493447829107659164e-01	2.194174151861701949e-01	-4.375595469501696311e-01	2.879921981183747870e-01	-2.756870972707635703e-01	1.474103982014141612e-01	-1.332020981601395038e-01	2.264192646051496061e-01	-1.997804369318250395e-01	1.592134711701673755e-01	-1.514477398485566395e-01	1.402615738963058634e-01	-1.811031401989222911e-01	1.339935345204289474e-01	-1.609731229381773376e-01	9.904131818607089799e-02	-1.283164908940056248e-01
-1.361833819854696981e-01	1.453066048253877085e-01	-1.252142094367169334e-01	1.358695833525508656e-01	-9.448869765644049568e-02	2.821122175779613994e-01	-6.344432680059941543e-01	2.426411853689214859e-01	-1.755907354726444491e-01	7.514788562486444945e-02	-4.612683664483057666e-01	1.000000000000001998e+00	-3.762310683536433387e-01	1.655492290828791679e-01	-2.068786051300751105e-01	2.282650810107389461e-01	-3.440207357588074832e-01	2.585893432910272294e-01	-1.425248957666307714e-01	1.246390715088318141e-01	-1.749631248190027799e-01	1.547963157366591957e-01	-1.350056700536247933e-01	1.302550792805272084e-01	-1.239809194967857464e-01	1.385422297525681912e-01	-1.073114270605293186e-01	1.316759044503267306e-01	-8.333555708876708157e-02	1.080509330824063058e-01
1.272600032033370798e-01	-1.430184300890599003e-01	1.542601101515079232e-01	-1.915910463132131092e-01	1.212274531985759046e-01	-2.894311604662461734e-01	2.642590716217131375e-01	-3.173309519743097162e-01	2.673988664296660933e-01	-1.003782306458420315e-01	2.430130954831082324e-01	-3.762310683536433387e-01	1.000000000000001998e+00	-4.127427035713468473e-01	2.652077457691149331e-01	-2.028484490825885056e-01	2.507047717825053867e-01	-5.808678241243254714e-01	2.237354518505266510e-01	-2.029001882579831995e-01	1.803823332232252497e-01	-1.809371949248808065e-01	1.806174779821301257e-01	-1.917984404093033002e-01	1.759919092313609323e-01	-1.746439496237884859e-01	1.333501180913228834e-01	-1.836218900255980890e-01	1.178524300688121029e-01	-1.569193086267331450e-01
-8.953827592308290229e-02	9.795416865107768600e-02	-1.427503134086016978e-01	1.690601406906124260e-01	-1.162619987028035151e-01	1.788201919799967676e-01	-1.824394331604345665e-01	2.525347647900970105e-01	-7.148339940052265140e-01	9.984744053576534439e-02	-1.493447829107659164e-01	1.655492290828791679e-01	-4.127427035713468473e-01	1.000000000000002220e+00	-2.907606085718620892e-01	1.163652015576094600e-01	-1.451911770597179019e-01	2.360410115567595224e-01	-3.449089885400040689e-01	2.121165210130629697e-01	-1.151974912870792206e-01	1.146876836618826584e-01	-1.252363813024680583e-01	1.567627649389070066e-01	-1.526211355049490737e-01	1.130074066400935107e-01	-8.873711098910926076e-02	1.279295965844164940e-01	-8.867491598858581736e-02	1.185631903999167791e-01
1.437668162186408749e-01	-1.667782062538516463e-01	1.836198123333170062e-01	-2.514046260680905531e-01	2.590718856846477847e-01	-3.480216633989973718e-01	2.248697761068824408e-01	-3.390121853057721513e-01	2.427981990493407183e-01	-3.722394467237656324e-01	2.194174151861701949e-01	-2.068786051300751105e-01	2.652077457691149331e-01	-2.907606085718620892e-01	1.000000000000001776e+00	-1.817604285842766565e-01	2.080688655599326753e-01	-3.412543806818382763e-01	2.529484726571751829e-01	-3.191585482543700669e-01	1.838764068860426204e-01	-1.939800048998576998e-01	2.007025833717701047e-01	-2.456743523324732281e-01	2.257942602025716783e-01	-2.093725468030717130e-01	1.552727365448803298e-01	-2.354558628361163031e-01	1.529568461752326691e-01	-2.166203520001946381e-01
-9.333086769965281970e-02	9.834490478232715827e-02	-8.311742293230016398e-02	9.558517562915061494e-02	-7.993309915515486863e-02	2.370342904872416168e-01	-1.941593775888695028e-01	1.508768751853120649e-01	-1.225139482326869506e-01	6.301812234323202200e-02	-4.375595469501696311e-01	2.282650810107389461e-01	-2.028484490825885056e-01	1.163652015576094600e-01	-1.817604285842766565e-01	1.000000000000001776e+00	-6.122110852105872025e-01	2.405453427165003266e-01	-1.274826367826174256e-01	1.117493352906092363e-01	-5.068198846967481019e-01	2.448448896296230859e-01	-1.734427787507742402e-01	1.398432678518759242e-01	-1.288081101678300311e-01	1.939707578741063365e-01	-1.537038496618776673e-01	1.552521710867612037e-01	-9.396067764680070267e-02	1.159567496382404583e-01
1.084423343080193336e-01	-1.192472557002018652e-01	1.018866773807050180e-01	-1.192370536411835741e-01	9.245207872723999742e-02	-2.776744618538070641e-01	2.266465956680005223e-01	-1.925725187316551790e-01	1.486777873283725848e-01	-7.351980228831221653e-02	2.879921981183747870e-01	-3.440207357588074832e-01	2.507047717825053867e-01	-1.451911770597179019e-01	2.080688655599326753e-01	-6.122110852105872025e-01	1.000000000000000888e+00	-4.401076552657567920e-01	1.550613522007504297e-01	-1.376105159174707826e-01	2.829869977117173141e-01	-3.050271852506090675e-01	1.969532450039810090e-01	-1.711536827993958010e-01	1.519806881127716280e-01	-2.240593018069965414e-01	1.684251019622314549e-01	-1.889564697296141071e-01	1.127738338200918594e-01	-1.424636250136697702e-01
-1.213382825978379653e-01	1.280690836723324955e-01	-1.341353199872447333e-01	1.557126605307084244e-01	-1.462032799995411081e-01	2.547873904159521086e-01	-2.620835561559534121e-01	2.368850401630002989e-01	-2.428987831635380790e-01	1.150533754330689690e-01	-2.756870972707635703e-01	2.585893432910272294e-01	-5.808678241243254714e-01	2.360410115567595224e-01	-3.412543806818382763e-01	2.405453427165003266e-01	-4.401076552657567920e-01	9.999999999999988898e-01	-2.678746591849482384e-01	2.030370400128277408e-01	-2.367650106216650230e-01	2.121637150149210949e-01	-2.521691240437785031e-01	2.068562683201998487e-01	-2.083977992087484854e-01	1.864019852263879562e-01	-1.553451477975468231e-01	1.977698719569870589e-01	-1.300008882066708837e-01	1.632166829912595762e-01
8.373549484224702966e-02	-9.287477846169089890e-02	1.092213631509467292e-01	-1.375682320207542719e-01	1.064583587781376822e-01	-1.845548707713589309e-01	1.528468442210553502e-01	-2.044459958441934566e-01	2.252789661530698873e-01	-9.062069532609039191e-02	1.474103982014141612e-01	-1.425248957666307714e-01	2.237354518505266510e-01	-3.449089885400040689e-01	2.529484726571751829e-01	-1.274826367826174256e-01	1.550613522007504297e-01	-2.678746591849482384e-01	9.999999999999998890e-01	-7.018163372880258377e-01	1.408954881910526036e-01	-1.521591790812387712e-01	1.895649122309176204e-01	-3.472785950659841858e-01	2.863942750631576217e-01	-1.504974254656535615e-01	1.225501331944467559e-01	-1.977794987602568555e-01	1.521435121985026395e-01	-2.058582326022285192e-01
-7.482802229252091819e-02	8.170975363374656519e-02	-9.673593243788522478e-02	1.179094455094039512e-01	-1.184381547481821589e-01	1.604840499629456574e-01	-1.382275295945301075e-01	1.692873241022402886e-01	-2.066179262962202223e-01	9.891453547618569986e-02	-1.332020981601395038e-01	1.246390715088318141e-01	-2.029001882579831995e-01	2.121165210130629697e-01	-3.191585482543700669e-01	1.117493352906092363e-01	-1.376105159174707826e-01	2.030370400128277408e-01	-7.018163372880258377e-01	1.000000000000001554e+00	-1.276694232669957629e-01	1.331450138899301361e-01	-1.728035319864211217e-01	2.621318172002559677e-01	-4.857281364448943206e-01	1.315284313127557669e-01	-1.096413659014669473e-01	1.725552619396225063e-01	-1.404729023941865274e-01	1.866430144245606604e-01
8.444328596759002881e-02	-9.133531152935747688e-02	7.987290510195961535e-02	-9.421880166453654171e-02	8.030419790984141826e-02	-2.175821221402055861e-01	1.578591636408960552e-01	-1.449185930124546884e-01	1.194690756904213114e-01	-6.356262385572862550e-02	2.264192646051496061e-01	-1.749631248190027799e-01	1.803823332232252497e-01	-1.151974912870792206e-01	1.838764068860426204e-01	-5.068198846967481019e-01	2.829869977117173141e-01	-2.367650106216650230e-01	1.408954881910526036e-01	-1.276694232669957629e-01	9.999999999999997780e-01	-5.691908921341649608e-01	2.479181836560017671e-01	-1.953597538487656105e-01	1.625490149353649716e-01	-3.978835674792691735e-01	2.584481349982383769e-01	-2.411730069942958354e-01	1.346931975804297466e-01	-1.634780407684597037e-01
-7.599526909601615754e-02	8.061833941818279115e-02	-7.605813218499660189e-02	8.900880530674321056e-02	-8.337217068643860973e-02	1.759087843463393308e-01	-1.513120930821218180e-01	1.348794503227680464e-01	-1.200559269839257259e-01	6.558334824923429951e-02	-1.997804369318250395e-01	1.547963157366591957e-01	-1.809371949248808065e-01	1.146876836618826584e-01	-1.939800048998576998e-01	2.448448896296230859e-01	-3.050271852506090675e-01	2.121637150149210949e-01	-1.521591790812387712e-01	1.331450138899301361e-01	-5.691908921341649608e-01	1.000000000000000000e+00	-4.787097461565630319e-01	2.154186292738331787e-01	-1.878444735505910013e-01	2.953984771635109752e-01	-4.197189209279745259e-01	2.623180911142467542e-01	-1.517461059535576973e-01	1.671161908134873864e-01
7.265844821138850440e-02	-7.834825622198250683e-02	7.744880731581453570e-02	-9.259782282621741023e-02	8.583119030131729221e-02	-1.679720457296749458e-01	1.368737505280204214e-01	-1.382046201577773470e-01	1.268088718402066994e-01	-6.815551635519476181e-02	1.592134711701673755e-01	-1.350056700536247933e-01	1.806174779821301257e-01	-1.252363813024680583e-01	2.007025833717701047e-01	-1.734427787507742402e-01	1.969532450039810090e-01	-2.521691240437785031e-01	1.895649122309176204e-01	-1.728035319864211217e-01	2.479181836560017671e-01	-4.787097461565630319e-01	9.999999999999995559e-01	-4.786087170601915908e-01	2.563927172045846747e-01	-2.675398000155309042e-01	2.503754557019727822e-01	-5.211814931160022590e-01	2.418314744235185443e-01	-2.732150835368547526e-01
-7.454691264797302930e-02	8.007539231960071613e-02	-8.610392905711256040e-02	1.032026654945942673e-01	-1.025904580119165188e-01	1.626690087854317512e-01	-1.406232573211726455e-01	1.506796647623717122e-01	-1.575500113032561600e-01	8.185325838590655489e-02	-1.514477398485566395e-01	1.302550792805272084e-01	-1.917984404093033002e-01	1.567627649389070066e-01	-2.456743523324732281e-01	1.398432678518759242e-01	-1.711536827993958010e-01	2.068562683201998487e-01	-3.472785950659841858e-01	2.621318172002559677e-01	-1.953597538487656105e-01	2.154186292738331787e-01	-4.786087170601915908e-01	9.999999999999996669e-01	-5.721005355917205826e-01	1.848103917446805022e-01	-1.786993462212115025e-01	2.862512109247333236e-01	-3.510669750297171765e-01	2.837932899240810380e-01
7.386982810445259784e-02	-8.100570680460186801e-02	8.562189131632924610e-02	-1.053077030422231858e-01	9.466779627521437757e-02	-1.680175881520752923e-01	1.327823902928460253e-01	-1.542190146347061919e-01	1.471765986567499795e-01	-7.778121736289972388e-02	1.402615738963058634e-01	-1.239809194967857464e-01	1.759919092313609323e-01	-1.526211355049490737e-01	2.257942602025716783e-01	-1.288081101678300311e-01	1.519806881127716280e-01	-2.083977992087484854e-01	2.863942750631576217e-01	-4.857281364448943206e-01	1.625490149353649716e-01	-1.878444735505910013e-01	2.563927172045846747e-01	-5.721005355917205826e-01	9.999999999999993339e-01	-1.906725006981359882e-01	1.614777229514495205e-01	-2.983097877832808775e-01	2.545382037009900067e-01	-4.147042405768622819e-01
-7.299210678121950679e-02	7.682767096766317250e-02	-7.497935848791430213e-02	8.760402810170977994e-02	-8.909934903343993962e-02	1.625896033102521843e-01	-1.433071759171618553e-01	1.303692555794772889e-01	-1.197658452539096252e-01	6.957289978919459217e-02	-1.811031401989222911e-01	1.385422297525681912e-01	-1.746439496237884859e-01	1.130074066400935107e-01	-2.093725468030717130e-01	1.939707578741063365e-01	-2.240593018069965414e-01	1.864019852263879562e-01	-1.504974254656535615e-01	1.315284313127557669e-01	-3.978835674792691735e-01	2.953984771635109752e-01	-2.675398000155309042e-01	1.848103917446805022e-01	-1.906725006981359882e-01	9.999999999999994449e-01	-7.372628295314250790e-01	2.576533284066154783e-01	-1.559156588723118742e-01	1.608180931642984035e-01
5.654883470366595111e-02	-6.030709706987413821e-02	5.815585261851530935e-02	-6.859775099899258211e-02	6.635466524841936165e-02	-1.302898813658980859e-01	1.083845271833696194e-01	-1.025334327830396824e-01	9.266499815231439563e-02	-5.216263245562194339e-02	1.339935345204289474e-01	-1.073114270605293186e-01	1.333501180913228834e-01	-8.873711098910926076e-02	1.552727365448803298e-01	-1.537038496618776673e-01	1.684251019622314549e-01	-1.553451477975468231e-01	1.225501331944467559e-01	-1.096413659014669473e-01	2.584481349982383769e-01	-4.197189209279745259e-01	2.503754557019727822e-01	-1.786993462212115025e-01	1.614777229514495205e-01	-7.372628295314250790e-01	9.999999999999998890e-01	-3.914274683653393705e-01	1.616833593689611659e-01	-1.719469136214522575e-01
-7.318065340878296410e-02	7.761302476883058521e-02	-7.984068981499309325e-02	9.431131061226312451e-02	-9.911443795534827239e-02	1.596930555251822037e-01	-1.405348294735851988e-01	1.381390027237856533e-01	-1.339185861028195923e-01	7.768462119099191210e-02	-1.609731229381773376e-01	1.316759044503267306e-01	-1.836218900255980890e-01	1.279295965844164940e-01	-2.354558628361163031e-01	1.552521710867612037e-01	-1.889564697296141071e-01	1.977698719569870589e-01	-1.977794987602568555e-01	1.725552619396225063e-01	-2.411730069942958354e-01	2.623180911142467542e-01	-5.211814931160022590e-01	2.862512109247333236e-01	-2.983097877832808775e-01	2.576533284066154783e-01	-3.914274683653393705e-01	9.999999999999998890e-01	-4.819434666197033867e-01	2.885648146421658788e-01
4.740445827579339855e-02	-5.074414794837560361e-02	5.295755533817260441e-02	-6.323683175049926719e-02	6.429257642315239218e-02	-1.043738432385282466e-01	8.927515619913246880e-02	-9.244641401012829163e-02	9.070276582452627134e-02	-5.087633354536997415e-02	9.904131818607089799e-02	-8.333555708876708157e-02	1.178524300688121029e-01	-8.867491598858581736e-02	1.529568461752326691e-01	-9.396067764680070267e-02	1.127738338200918594e-01	-1.300008882066708837e-01	1.521435121985026395e-01	-1.404729023941865274e-01	1.346931975804297466e-01	-1.517461059535576973e-01	2.418314744235185443e-01	-3.510669750297171765e-01	2.545382037009900067e-01	-1.559156588723118742e-01	1.616833593689611659e-01	-4.819434666197033867e-01	1.000000000000000000e+00	-7.333519680385114370e-01
-6.247924214285636296e-02	6.658620486482516587e-02	-7.092666736465716437e-02	8.440823015248241634e-02	-9.036969541987983912e-02	1.346109306244798187e-01	-1.179737998876918964e-01	1.222955008575784819e-01	-1.231531590972841095e-01	7.115299657670857980e-02	-1.283164908940056248e-01	1.080509330824063058e-01	-1.569193086267331450e-01	1.185631903999167791e-01	-2.166203520001946381e-01	1.159567496382404583e-01	-1.424636250136697702e-01	1.632166829912595762e-01	-2.058582326022285192e-01	1.866430144245606604e-01	-1.634780407684597037e-01	1.671161908134873864e-01	-2.732150835368547526e-01	2.837932899240810380e-01	-4.147042405768622819e-01	1.608180931642984035e-01	-1.719469136214522575e-01	2.885648146421658788e-01	-7.333519680385114370e-01	1.000000000000000000e+00
