1.000000000000000000e+00	-5.502725749067863825e-01	2.720981940518150677e-01	-1.893632882173155174e-01	6.080775238685241779e-02	-6.114417392195236056e-01	2.312141706606899438e-01	-3.184219980577570053e-01	2.076603617793380541e-01	-6.237780392454073813e-02	2.139583944988338871e-01	-1.905311297699475714e-01	1.027918235514195533e-01	-1.107791960744005100e-01	7.528703842111184041e-02	-1.725869199636634321e-01	1.530998909768438443e-01	-1.061957543088516004e-01	8.482942271254646782e-02	-6.712152526956145782e-02	1.121413136158372625e-01	-1.435060289866411376e-01	8.264553070012671532e-02	-6.937126425285518316e-02	5.098090481258323037e-02	-9.648282982341851999e-02	7.931119976399592097e-02	-7.730495096082332096e-02	8.973414359036513410e-02	-5.080313778627289917e-02
-5.502725749067863825e-01	9.999999999999996669e-01	-6.764747475967407553e-01	2.372963571903284885e-01	-6.707257010598395575e-02	2.530036912549621375e-01	-1.654309450034967544e-01	1.970528898350903946e-01	-2.948123868885386689e-01	6.511014870256427722e-02	-1.375043352526799378e-01	1.185313323827357351e-01	-6.644581909344227100e-02	7.044506053323670858e-02	-5.308418766833869484e-02	1.020750009719012391e-01	-9.905201060318552519e-02	6.706173075027324626e-02	-5.508400445282526925e-02	4.640597897764780350e-02	-6.986096860779586470e-02	8.702854609543136943e-02	-5.333361479203394678e-02	4.427066721088540602e-02	-3.344772993377766179e-02	5.911400806137782210e-02	-4.966227001642992134e-02	4.848800534363054138e-02	-5.760649073978569429e-02	3.326123835177663413e-02
2.720981940518150677e-01	-6.764747475967407553e-01	9.999999999999995559e-01	-4.841759585130477883e-01	8.703351081886909202e-02	-2.833116945641371842e-01	1.601834897823560533e-01	-2.437799061722258354e-01	2.869125192960048643e-01	-8.965472057278663087e-02	1.406509585880997282e-01	-1.306408699131883233e-01	7.586241839495849737e-02	-8.221378347997770897e-02	6.030874947215276310e-02	-1.151667322102682828e-01	1.058757793135699787e-01	-7.697800167854164377e-02	6.216335618910235478e-02	-5.392070630398920067e-02	7.679164451029230065e-02	-9.820948971535251038e-02	5.926310321686076299e-02	-4.989810405372405860e-02	3.747814234248911941e-02	-6.660107307445084501e-02	5.502782076750830503e-02	-5.433053655704062762e-02	6.335766424667980956e-02	-3.765102658528728108e-02
-1.893632882173155174e-01	2.372963571903284885e-01	-4.841759585130477883e-01	9.999999999999995559e-01	-1.622666889832616866e-01	1.698381831000353170e-01	-1.141034474395971471e-01	1.716960110378625282e-01	-7.702813341593758301e-01	1.372957997686642395e-01	-1.025338424040633106e-01	8.973630429153049703e-02	-5.869824304892936467e-02	6.342964906090027555e-02	-5.596470087016384987e-02	7.911183445075002652e-02	-7.659704541693326818e-02	5.813087796853260575e-02	-4.869699156105555815e-02	4.905091332939686549e-02	-5.491121291474502369e-02	6.869604949759451629e-02	-4.529689241830030244e-02	3.803160546389115770e-02	-3.004103072923498124e-02	4.764017259950759087e-02	-3.998309852585241186e-02	4.017363897187799238e-02	-4.767123701093834570e-02	3.045761548194223650e-02
6.080775238685241779e-02	-6.707257010598395575e-02	8.703351081886909202e-02	-1.622666889832616866e-01	9.999999999999995559e-01	-6.238919794777342265e-02	4.331024073075134123e-02	-6.450948625928394631e-02	1.351114437871446250e-01	-9.613931283124220739e-01	4.598543726732555459e-02	-4.017075643264866880e-02	3.428448708547540691e-02	-4.103750465254353552e-02	1.080866222778706365e-01	-3.829261337352069666e-02	3.612758118293844106e-02	-4.444533919454524140e-02	3.981187666230789207e-02	-9.939730812205004040e-02	2.884886674034776305e-02	-3.660527321966666747e-02	3.359964518896769309e-02	-3.091019891793108515e-02	3.501080394843932020e-02	-2.966429622587939130e-02	2.452960443842320398e-02	-2.994662057141621314e-02	3.465315601235220699e-02	-3.910004620913770657e-02
-6.114417392195236056e-01	2.530036912549621375e-01	-2.833116945641371842e-01	1.698381831000353170e-01	-6.238919794777342265e-02	9.999999999999992228e-01	-4.036307913370045242e-01	2.943056121409201031e-01	-2.566265850199029863e-01	6.086797177504019163e-02	-3.914441497697341288e-01	2.281019220818032434e-01	-1.149380146252381163e-01	1.168049297909909134e-01	-8.954895626034765910e-02	2.065580874494070962e-01	-2.085231972107580989e-01	1.177615658534200971e-01	-9.886939999015023628e-02	7.615817041669480092e-02	-1.431399285508776209e-01	1.672365633278830865e-01	-1.012591702977971575e-01	8.160371788104242574e-02	-6.223172603735636910e-02	1.141214417564392763e-01	-9.843002649228933809e-02	9.301029355743439808e-02	-1.140185704732376293e-01	6.043099741005567016e-02
2.312141706606899438e-01	-1.654309450034967544e-01	1.601834897823560533e-01	-1.141034474395971471e-01	4.331024073075134123e-02	-4.036307913370045242e-01	1.000000000000000000e+00	-6.398669983697017338e-01	1.637594703909005245e-01	-4.299620986996782052e-02	2.416320955076304844e-01	-5.096823076436854949e-01	1.437940999986376533e-01	-1.379350962028315364e-01	7.983534745331409554e-02	-1.851457320858331534e-01	2.469132062390267945e-01	-1.287576446653038165e-01	1.021135045085208304e-01	-6.878382011094735793e-02	1.335251005193430485e-01	-1.745580531426718651e-01	9.640319850399432788e-02	-7.868622054672673449e-02	5.595921288702247753e-02	-1.044487758957094586e-01	9.157236936537654914e-02	-8.492288277760419446e-02	1.029520167010480464e-01	-5.421859815752978762e-02
-3.184219980577570053e-01	1.970528898350903946e-01	-2.437799061722258354e-01	1.716960110378625282e-01	-6.450948625928394631e-02	2.943056121409201031e-01	-6.398669983697017338e-01	1.000000000000000000e+00	-2.910490109451138174e-01	6.315726846570615671e-02	-3.210692185179471192e-01	2.802645733771288450e-01	-2.128523945862960953e-01	1.709309728436529396e-01	-1.103086368272415962e-01	2.013521358349223689e-01	-2.699677600536951050e-01	1.580803569509107720e-01	-1.349628081805935575e-01	9.199826621210385746e-02	-1.585158317579283549e-01	1.827201008364884305e-01	-1.270704805716847685e-01	1.009741473084383306e-01	-7.441032379558661092e-02	1.233298599431427445e-01	-1.114134223767568044e-01	1.052448185698788424e-01	-1.341224512540141744e-01	7.121371436958036372e-02
2.076603617793380541e-01	-2.948123868885386689e-01	2.869125192960048643e-01	-7.702813341593758301e-01	1.351114437871446250e-01	-2.566265850199029863e-01	1.637594703909005245e-01	-2.910490109451138174e-01	9.999999999999995559e-01	-1.511725050053315533e-01	1.433375908352263750e-01	-1.341572977320273086e-01	8.710931316726139295e-02	-9.649283445054254726e-02	7.273938668344925862e-02	-1.173687170224127635e-01	1.104765772142884267e-01	-8.552132880735646703e-02	7.008677604740495837e-02	-6.538030264794002233e-02	7.967136493979415368e-02	-1.016119233006994027e-01	6.478069485470465405e-02	-5.471340670733869371e-02	4.183997096151616246e-02	-6.962460431530026472e-02	5.778676905504406824e-02	-5.786500901044208667e-02	6.777280360419027372e-02	-4.236779660394519864e-02
-6.237780392454073813e-02	6.511014870256427722e-02	-8.965472057278663087e-02	1.372957997686642395e-01	-9.613931283124220739e-01	6.086797177504019163e-02	-4.299620986996782052e-02	6.315726846570615671e-02	-1.511725050053315533e-01	9.999999999999991118e-01	-4.578214157593535338e-02	3.928107850757434766e-02	-3.369677801363345909e-02	3.994981678276946641e-02	-1.261527756909789910e-01	3.735112544425738673e-02	-3.555052523435120460e-02	4.275757332669582328e-02	-3.881916942513077839e-02	9.420536733796051887e-02	-2.823840830656432210e-02	3.558151851097740570e-02	-3.291882946882331018e-02	2.992338892170233466e-02	-3.352543010646748256e-02	2.870173410639195039e-02	-2.390650884402619955e-02	2.885596629664571866e-02	-3.382248532371787131e-02	3.696866172772873826e-02
2.139583944988338871e-01	-1.375043352526799378e-01	1.406509585880997282e-01	-1.025338424040633106e-01	4.598543726732555459e-02	-3.914441497697341288e-01	2.416320955076304844e-01	-3.210692185179471192e-01	1.433375908352263750e-01	-4.578214157593535338e-02	9.999999999999994449e-01	-3.305162763485915978e-01	1.411648247064886674e-01	-1.548074987596231855e-01	1.068967826120038322e-01	-6.171560640683988463e-01	2.764125917034577218e-01	-1.617500062630881363e-01	1.275146045056480548e-01	-9.597681785514423913e-02	2.624179932776730118e-01	-3.200812129247557203e-01	1.351300250348427823e-01	-1.146459131520357194e-01	8.390337368017368458e-02	-2.189650072187276364e-01	1.648222939431969181e-01	-1.528424610848958531e-01	1.649279913150358268e-01	-8.368001228001557823e-02
-1.905311297699475714e-01	1.185313323827357351e-01	-1.306408699131883233e-01	8.973630429153049703e-02	-4.017075643264866880e-02	2.281019220818032434e-01	-5.096823076436854949e-01	2.802645733771288450e-01	-1.341572977320273086e-01	3.928107850757434766e-02	-3.305162763485915978e-01	9.999999999999995559e-01	-1.865572158706640393e-01	1.536041460990194285e-01	-9.634324723149222114e-02	2.353149939960589576e-01	-6.307085502939201449e-01	1.583496097175389750e-01	-1.293788561182718233e-01	8.140615480951531036e-02	-1.931124486030077747e-01	2.356538083342932521e-01	-1.239650786329942606e-01	9.804025224711963860e-02	-7.044993552940527481e-02	1.354427959927423930e-01	-1.264775389757570312e-01	1.095471526259931827e-01	-1.377993309550048506e-01	6.721671558755229481e-02
1.027918235514195533e-01	-6.644581909344227100e-02	7.586241839495849737e-02	-5.869824304892936467e-02	3.428448708547540691e-02	-1.149380146252381163e-01	1.437940999986376533e-01	-2.128523945862960953e-01	8.710931316726139295e-02	-3.369677801363345909e-02	1.411648247064886674e-01	-1.865572158706640393e-01	9.999999999999997780e-01	-7.930647206668659521e-01	1.288494581592498078e-01	-1.109621335799397673e-01	1.502196299482231601e-01	-4.406594781204498656e-01	2.632923590530532598e-01	-1.168724004086423018e-01	8.955522058297951671e-02	-1.137961246338159704e-01	1.621207946143135847e-01	-1.429403623681751723e-01	7.140044756970469197e-02	-7.937707628236659319e-02	7.062243616669125479e-02	-7.932701818148940598e-02	9.835196637307100365e-02	-6.923149989157563466e-02
-1.107791960744005100e-01	7.044506053323670858e-02	-8.221378347997770897e-02	6.342964906090027555e-02	-4.103750465254353552e-02	1.168049297909909134e-01	-1.379350962028315364e-01	1.709309728436529396e-01	-9.649283445054254726e-02	3.994981678276946641e-02	-1.548074987596231855e-01	1.536041460990194285e-01	-7.930647206668659521e-01	9.999999999999982236e-01	-1.754910047573348397e-01	1.149474485714139238e-01	-1.492639459634371724e-01	2.975679715024744376e-01	-3.871288733598911569e-01	1.412800576643317985e-01	-9.615696706270748795e-02	1.177216812772083065e-01	-2.102213706951171213e-01	1.692211086855071878e-01	-8.647657122286533937e-02	8.681262250320366525e-02	-7.831631868487209935e-02	9.057999324574905753e-02	-1.158207028806624017e-01	8.191093035321628246e-02
7.528703842111184041e-02	-5.308418766833869484e-02	6.030874947215276310e-02	-5.596470087016384987e-02	1.080866222778706365e-01	-8.954895626034765910e-02	7.983534745331409554e-02	-1.103086368272415962e-01	7.273938668344925862e-02	-1.261527756909789910e-01	1.068967826120038322e-01	-9.634324723149222114e-02	1.288494581592498078e-01	-1.754910047573348397e-01	9.999999999999983347e-01	-9.952602604651634988e-02	9.560237849170823143e-02	-2.011346566123274893e-01	1.930221299448598715e-01	-8.550892088675320357e-01	8.469079351040224857e-02	-1.096858085356470225e-01	1.409255363944429129e-01	-1.426273264482817160e-01	2.154744800039789521e-01	-1.028437162724339382e-01	8.444804968515881582e-02	-1.249638602671314241e-01	1.415789751189788226e-01	-2.449816158729124227e-01
-1.725869199636634321e-01	1.020750009719012391e-01	-1.151667322102682828e-01	7.911183445075002652e-02	-3.829261337352069666e-02	2.065580874494070962e-01	-1.851457320858331534e-01	2.013521358349223689e-01	-1.173687170224127635e-01	3.735112544425738673e-02	-6.171560640683988463e-01	2.353149939960589576e-01	-1.109621335799397673e-01	1.149474485714139238e-01	-9.952602604651634988e-02	9.999999999999995559e-01	-3.747315694953757825e-01	1.327116458115761843e-01	-1.128321879047805010e-01	8.414780296053911424e-02	-5.111201659894192284e-01	2.971669500545212061e-01	-1.303105983231790665e-01	1.030835672915672852e-01	-8.400082241257141036e-02	2.215304516069824259e-01	-1.898671279852144345e-01	1.489049092517912842e-01	-1.853138475681509467e-01	8.012530433355774528e-02
1.530998909768438443e-01	-9.905201060318552519e-02	1.058757793135699787e-01	-7.659704541693326818e-02	3.612758118293844106e-02	-2.085231972107580989e-01	2.469132062390267945e-01	-2.699677600536951050e-01	1.104765772142884267e-01	-3.555052523435120460e-02	2.764125917034577218e-01	-6.307085502939201449e-01	1.502196299482231601e-01	-1.492639459634371724e-01	9.560237849170823143e-02	-3.747315694953757825e-01	9.999999999999991118e-01	-1.952712295075546278e-01	1.358503426935384895e-01	-8.346329667644129813e-02	2.429620329012376900e-01	-4.590507613858608171e-01	1.322317795934038198e-01	-1.078411756015130590e-01	7.364064512597291723e-02	-1.733470790909291959e-01	1.563574515664483133e-01	-1.298218582317439973e-01	1.486236776770339385e-01	-7.120355986199070064e-02
-1.061957543088516004e-01	6.706173075027324626e-02	-7.697800167854164377e-02	5.813087796853260575e-02	-4.444533919454524140e-02	1.177615658534200971e-01	-1.287576446653038165e-01	1.580803569509107720e-01	-8.552132880735646703e-02	4.275757332669582328e-02	-1.617500062630881363e-01	1.583496097175389750e-01	-4.406594781204498656e-01	2.975679715024744376e-01	-2.011346566123274893e-01	1.327116458115761843e-01	-1.952712295075546278e-01	9.999999999999986677e-01	-6.787568884168831973e-01	1.724093748442755980e-01	-1.134476855475094192e-01	1.438798164811070646e-01	-3.384260279618217515e-01	2.535232778713454871e-01	-1.116813823405961442e-01	1.052044492000535209e-01	-9.555949108726921604e-02	1.160182041178929313e-01	-1.483560013473073647e-01	1.034844614633115972e-01
8.482942271254646782e-02	-5.508400445282526925e-02	6.216335618910235478e-02	-4.869699156105555815e-02	3.981187666230789207e-02	-9.886939999015023628e-02	1.021135045085208304e-01	-1.349628081805935575e-01	7.008677604740495837e-02	-3.881916942513077839e-02	1.275146045056480548e-01	-1.293788561182718233e-01	2.632923590530532598e-01	-3.871288733598911569e-01	1.930221299448598715e-01	-1.128321879047805010e-01	1.358503426935384895e-01	-6.787568884168831973e-01	9.999999999999980016e-01	-2.351789104402631780e-01	9.477264845836594342e-02	-1.249070058475602457e-01	2.792439851918793181e-01	-4.255654981843100537e-01	1.171014390942767269e-01	-9.586052926723620526e-02	8.421289112538488109e-02	-1.109721382106158838e-01	1.350898153694024550e-01	-1.120918901967216663e-01
-6.712152526956145782e-02	4.640597897764780350e-02	-5.392070630398920067e-02	4.905091332939686549e-02	-9.939730812205004040e-02	7.615817041669480092e-02	-6.878382011094735793e-02	9.199826621210385746e-02	-6.538030264794002233e-02	9.420536733796051887e-02	-9.597681785514423913e-02	8.140615480951531036e-02	-1.168724004086423018e-01	1.412800576643317985e-01	-8.550892088675320357e-01	8.414780296053911424e-02	-8.346329667644129813e-02	1.724093748442755980e-01	-2.351789104402631780e-01	9.999999999999995559e-01	-7.333166761214450491e-02	9.261342505823769167e-02	-1.454833058777242893e-01	1.379802183072168786e-01	-2.992243001616293196e-01	8.576903233205397659e-02	-7.359680080209586583e-02	1.062743162232257232e-01	-1.371692608554681003e-01	2.102905535383745583e-01
1.121413136158372625e-01	-6.986096860779586470e-02	7.679164451029230065e-02	-5.491121291474502369e-02	2.884886674034776305e-02	-1.431399285508776209e-01	1.335251005193430485e-01	-1.585158317579283549e-01	7.967136493979415368e-02	-2.823840830656432210e-02	2.624179932776730118e-01	-1.931124486030077747e-01	8.955522058297951671e-02	-9.615696706270748795e-02	8.469079351040224857e-02	-5.111201659894192284e-01	2.429620329012376900e-01	-1.134476855475094192e-01	9.477264845836594342e-02	-7.333166761214450491e-02	9.999999999999983347e-01	-5.749880997684967410e-01	1.214684023204720270e-01	-9.861980671909785501e-02	7.963299738532179928e-02	-4.773700470020253439e-01	2.569273239203555548e-01	-1.848970247894569374e-01	1.917029896900159236e-01	-7.739842914065951651e-02
-1.435060289866411376e-01	8.702854609543136943e-02	-9.820948971535251038e-02	6.869604949759451629e-02	-3.660527321966666747e-02	1.672365633278830865e-01	-1.745580531426718651e-01	1.827201008364884305e-01	-1.016119233006994027e-01	3.558151851097740570e-02	-3.200812129247557203e-01	2.356538083342932521e-01	-1.137961246338159704e-01	1.177216812772083065e-01	-1.096858085356470225e-01	2.971669500545212061e-01	-4.590507613858608171e-01	1.438798164811070646e-01	-1.249070058475602457e-01	9.261342505823769167e-02	-5.749880997684967410e-01	9.999999999999985567e-01	-1.752397186346985880e-01	1.289406704046617835e-01	-1.028148811451687905e-01	2.828133913040780101e-01	-3.561404351190797790e-01	2.040128917939372510e-01	-2.500007828354967598e-01	9.713018621919478068e-02
8.264553070012671532e-02	-5.333361479203394678e-02	5.926310321686076299e-02	-4.529689241830030244e-02	3.359964518896769309e-02	-1.012591702977971575e-01	9.640319850399432788e-02	-1.270704805716847685e-01	6.478069485470465405e-02	-3.291882946882331018e-02	1.351300250348427823e-01	-1.239650786329942606e-01	1.621207946143135847e-01	-2.102213706951171213e-01	1.409255363944429129e-01	-1.303105983231790665e-01	1.322317795934038198e-01	-3.384260279618217515e-01	2.792439851918793181e-01	-1.454833058777242893e-01	1.214684023204720270e-01	-1.752397186346985880e-01	9.999999999999983347e-01	-8.006339653227942943e-01	1.373123097117551761e-01	-1.405886943317573856e-01	1.236148100584384124e-01	-1.972110395170720287e-01	1.945546605973272059e-01	-1.413356891357285816e-01
-6.937126425285518316e-02	4.427066721088540602e-02	-4.989810405372405860e-02	3.803160546389115770e-02	-3.091019891793108515e-02	8.160371788104242574e-02	-7.868622054672673449e-02	1.009741473084383306e-01	-5.471340670733869371e-02	2.992338892170233466e-02	-1.146459131520357194e-01	9.804025224711963860e-02	-1.429403623681751723e-01	1.692211086855071878e-01	-1.426273264482817160e-01	1.030835672915672852e-01	-1.078411756015130590e-01	2.535232778713454871e-01	-4.255654981843100537e-01	1.379802183072168786e-01	-9.861980671909785501e-02	1.289406704046617835e-01	-8.006339653227942943e-01	9.999999999999990008e-01	-1.558269982331587367e-01	1.106187219924606863e-01	-1.018486388178820867e-01	1.529762021222038082e-01	-2.094580564341719242e-01	1.343993900519553641e-01
5.098090481258323037e-02	-3.344772993377766179e-02	3.747814234248911941e-02	-3.004103072923498124e-02	3.501080394843932020e-02	-6.223172603735636910e-02	5.595921288702247753e-02	-7.441032379558661092e-02	4.183997096151616246e-02	-3.352543010646748256e-02	8.390337368017368458e-02	-7.044993552940527481e-02	7.140044756970469197e-02	-8.647657122286533937e-02	2.154744800039789521e-01	-8.400082241257141036e-02	7.364064512597291723e-02	-1.116813823405961442e-01	1.171014390942767269e-01	-2.992243001616293196e-01	7.963299738532179928e-02	-1.028148811451687905e-01	1.373123097117551761e-01	-1.558269982331587367e-01	9.999999999999984457e-01	-1.153767975573302684e-01	9.498778421076703449e-02	-1.693922374455635593e-01	2.019435202917537753e-01	-8.677658653750409679e-01
-9.648282982341851999e-02	5.911400806137782210e-02	-6.660107307445084501e-02	4.764017259950759087e-02	-2.966429622587939130e-02	1.141214417564392763e-01	-1.044487758957094586e-01	1.233298599431427445e-01	-6.962460431530026472e-02	2.870173410639195039e-02	-2.189650072187276364e-01	1.354427959927423930e-01	-7.937707628236659319e-02	8.681262250320366525e-02	-1.028437162724339382e-01	2.215304516069824259e-01	-1.733470790909291959e-01	1.052044492000535209e-01	-9.586052926723620526e-02	8.576903233205397659e-02	-4.773700470020253439e-01	2.828133913040780101e-01	-1.405886943317573856e-01	1.106187219924606863e-01	-1.153767975573302684e-01	9.999999999999985567e-01	-6.739439757629186456e-01	2.698959119252792860e-01	-3.344517492939829695e-01	1.079516580907548540e-01
7.931119976399592097e-02	-4.966227001642992134e-02	5.502782076750830503e-02	-3.998309852585241186e-02	2.452960443842320398e-02	-9.843002649228933809e-02	9.157236936537654914e-02	-1.114134223767568044e-01	5.778676905504406824e-02	-2.390650884402619955e-02	1.648222939431969181e-01	-1.264775389757570312e-01	7.062243616669125479e-02	-7.831631868487209935e-02	8.444804968515881582e-02	-1.898671279852144345e-01	1.563574515664483133e-01	-9.555949108726921604e-02	8.421289112538488109e-02	-7.359680080209586583e-02	2.569273239203555548e-01	-3.561404351190797790e-01	1.236148100584384124e-01	-1.018486388178820867e-01	9.498778421076703449e-02	-6.739439757629186456e-01	9.999999999999985567e-01	-5.072647487465150595e-01	2.777031484246988979e-01	-9.551355025452826220e-02
-7.730495096082332096e-02	4.848800534363054138e-02	-5.433053655704062762e-02	4.017363897187799238e-02	-2.994662057141621314e-02	9.301029355743439808e-02	-8.492288277760419446e-02	1.052448185698788424e-01	-5.786500901044208667e-02	2.885596629664571866e-02	-1.528424610848958531e-01	1.095471526259931827e-01	-7.932701818148940598e-02	9.057999324574905753e-02	-1.249638602671314241e-01	1.489049092517912842e-01	-1.298218582317439973e-01	1.160182041178929313e-01	-1.109721382106158838e-01	1.062743162232257232e-01	-1.848970247894569374e-01	2.040128917939372510e-01	-1.972110395170720287e-01	1.529762021222038082e-01	-1.693922374455635593e-01	2.698959119252792860e-01	-5.072647487465150595e-01	9.999999999999988898e-01	-7.163783850530439645e-01	1.634584673593158788e-01
8.973414359036513410e-02	-5.760649073978569429e-02	6.335766424667980956e-02	-4.767123701093834570e-02	3.465315601235220699e-02	-1.140185704732376293e-01	1.029520167010480464e-01	-1.341224512540141744e-01	6.777280360419027372e-02	-3.382248532371787131e-02	1.649279913150358268e-01	-1.377993309550048506e-01	9.835196637307100365e-02	-1.158207028806624017e-01	1.415789751189788226e-01	-1.853138475681509467e-01	1.486236776770339385e-01	-1.483560013473073647e-01	1.350898153694024550e-01	-1.371692608554681003e-01	1.917029896900159236e-01	-2.500007828354967598e-01	1.945546605973272059e-01	-2.094580564341719242e-01	2.019435202917537753e-01	-3.344517492939829695e-01	2.777031484246988979e-01	-7.163783850530439645e-01	9.999999999999986677e-01	-2.909571769869686020e-01
-5.080313778627289917e-02	3.326123835177663413e-02	-3.765102658528728108e-02	3.045761548194223650e-02	-3.910004620913770657e-02	6.043099741005567016e-02	-5.421859815752978762e-02	7.121371436958036372e-02	-4.236779660394519864e-02	3.696866172772873826e-02	-8.368001228001557823e-02	6.721671558755229481e-02	-6.923149989157563466e-02	8.191093035321628246e-02	-2.449816158729124227e-01	8.012530433355774528e-02	-7.120355986199070064e-02	1.034844614633115972e-01	-1.120918901967216663e-01	2.102905535383745583e-01	-7.739842914065951651e-02	9.713018621919478068e-02	-1.413356891357285816e-01	1.343993900519553641e-01	-8.677658653750409679e-01	1.079516580907548540e-01	-9.551355025452826220e-02	1.634584673593158788e-01	-2.909571769869686020e-01	9.999999999999986677e-01
