1.000000000000000000e+00	-3.497403440723533263e-01	1.796066582108468701e-01	-1.609561898077519482e-01	1.676201199745293025e-01	-7.852253143138363534e-01	2.793866232931980775e-01	-2.412329428400728226e-01	1.666957061215800229e-01	-1.285371079578027931e-01	2.319028676552793156e-01	-2.535819638835827283e-01	1.652736535844949450e-01	-1.402729200351286731e-01	1.759166580004060676e-01	-2.601822948571816396e-01	1.425345504718895373e-01	-1.551890955704204877e-01	8.496432870668274573e-02	-1.019670253218142586e-01	4.663246417925860643e-02	-8.100688116369855751e-02	8.022631830422570498e-02	-9.202405128124356570e-02	5.921179607451765303e-02	-4.025030832973554989e-02	6.264118980358274191e-02	-5.314377170729841365e-02	6.020640450744689509e-02	-5.950912755431259082e-02
-3.497403440723533263e-01	1.000000000000000222e+00	-5.652419416585440226e-01	2.799076032960965965e-01	-2.908458893861473049e-01	2.404904342267662476e-01	-4.767005344936970923e-01	2.962966006919580675e-01	-3.071813738761590695e-01	2.012535592750564484e-01	-1.844453234374933415e-01	2.120607014707872329e-01	-2.200997471157375707e-01	1.747626755855870018e-01	-2.612937563516798400e-01	2.047276291163801221e-01	-1.398711209138857325e-01	1.537715258542473040e-01	-1.065746089433204508e-01	1.240121008093433286e-01	-5.011051688173266683e-02	8.485140750361838680e-02	-8.579216427366694042e-02	9.999003430393747782e-02	-6.957503218964274094e-02	4.288242015464995005e-02	-6.784747273915887888e-02	5.803154299848164999e-02	-6.689511920691799951e-02	6.917671162808458618e-02
1.796066582108468701e-01	-5.652419416585440226e-01	9.999999999999997780e-01	-6.277112713468933070e-01	2.301448790884844386e-01	-1.597073071359162155e-01	2.446113462396833083e-01	-3.417079477009005162e-01	2.829191239484497578e-01	-1.900046644874111568e-01	1.320258112531247086e-01	-1.680107396098681760e-01	1.817022620359581564e-01	-1.624873084746596419e-01	1.976439697723599287e-01	-1.741499306554307736e-01	1.121471389205396935e-01	-1.334044989226512989e-01	9.287916052126239663e-02	-1.126648345247364125e-01	4.110665356731178777e-02	-7.167318732781792490e-02	7.196743245247698428e-02	-8.644394229967443388e-02	5.947432285752723286e-02	-3.569106308204241657e-02	5.616182394510319670e-02	-4.908727968882811710e-02	5.592639833874925304e-02	-6.033106299462957789e-02
-1.609561898077519482e-01	2.799076032960965965e-01	-6.277112713468933070e-01	1.000000000000000000e+00	-3.575724655201065749e-01	1.337827650089829512e-01	-2.109301168510478164e-01	2.535385130316295532e-01	-5.492995892583987239e-01	2.442215121242108378e-01	-1.220215855653209169e-01	1.515043223250192583e-01	-1.830381237492889335e-01	1.639988738115333022e-01	-2.354646605985706853e-01	1.637328725399118112e-01	-1.073568237150741289e-01	1.281121509872184816e-01	-9.621008199610614486e-02	1.137605772659745218e-01	-4.077979842314178455e-02	7.049013351194792498e-02	-7.102893169521046213e-02	8.602808616663135122e-02	-6.029107056037722595e-02	3.537527969087653906e-02	-5.568940533830902401e-02	4.884452357094568042e-02	-5.587471964475067276e-02	6.092761996166388971e-02
1.676201199745293025e-01	-2.908458893861473049e-01	2.301448790884844386e-01	-3.575724655201065749e-01	9.999999999999995559e-01	-1.567074321272215465e-01	2.043580794432605929e-01	-2.555734280149075666e-01	3.036131925218452654e-01	-6.404080803527396615e-01	1.733996388987014137e-01	-2.322499432602753155e-01	2.166449033783642841e-01	-2.330697887716317585e-01	3.155885396960428357e-01	-2.949741734637283952e-01	1.722012647005799757e-01	-2.243740947445325151e-01	1.411079433394202276e-01	-1.862476876680965454e-01	6.915198218531895535e-02	-1.237839793723037457e-01	1.224944523835126697e-01	-1.578839677428850174e-01	1.009590612440676716e-01	-6.153000919749831987e-02	9.475771935494023412e-02	-8.571372082142275639e-02	9.568985522400931532e-02	-1.067969641792637508e-01
-7.852253143138363534e-01	2.404904342267662476e-01	-1.597073071359162155e-01	1.337827650089829512e-01	-1.567074321272215465e-01	9.999999999999995559e-01	-3.994803452952669920e-01	2.115079680383850080e-01	-1.559364472279758940e-01	1.153646281787317068e-01	-3.119018423730978151e-01	2.300070788748343198e-01	-1.556889180502226133e-01	1.211892211035144884e-01	-1.652525290718463713e-01	2.140396123610363022e-01	-1.290553497787020332e-01	1.300190719380576454e-01	-7.456934675433790627e-02	8.700775097783813861e-02	-4.071286181855504616e-02	6.932314437776652960e-02	-6.930445131662014979e-02	7.773889517027306184e-02	-5.128340261391726301e-02	3.470276680069190461e-02	-5.460338572853641603e-02	4.565586745709390715e-02	-5.227609269568828099e-02	5.087582324493170050e-02
2.793866232931980775e-01	-4.767005344936970923e-01	2.446113462396833083e-01	-2.109301168510478164e-01	2.043580794432605929e-01	-3.994803452952669920e-01	9.999999999999998890e-01	-5.713742173835576477e-01	2.340906087328392671e-01	-1.635180981655719179e-01	2.192871174119395694e-01	-3.358057408849285386e-01	2.253535836705809203e-01	-1.791785496243659126e-01	2.091616078604187079e-01	-2.305688608306603882e-01	1.551037886892198681e-01	-1.684187384619388606e-01	1.025448074648073749e-01	-1.211714442776696266e-01	4.923592624579370414e-02	-8.653951111318447520e-02	8.655413161569223968e-02	-9.895120192582861074e-02	6.646072195969722485e-02	-4.234207150741729764e-02	6.730532589861995540e-02	-5.729083510632827780e-02	6.529331252502282301e-02	-6.647671533073325201e-02
-2.412329428400728226e-01	2.962966006919580675e-01	-3.417079477009005162e-01	2.535385130316295532e-01	-2.555734280149075666e-01	2.115079680383850080e-01	-5.713742173835576477e-01	9.999999999999998890e-01	-4.266388680747182360e-01	2.091074311641067385e-01	-1.797065167097665894e-01	2.210560992540312741e-01	-4.020073064254566786e-01	2.271602066736675973e-01	-2.569416144684127379e-01	2.047463906236019204e-01	-1.476707035247198097e-01	1.676556613562225351e-01	-1.271618400004656257e-01	1.433795571362775356e-01	-5.068479830249603829e-02	8.784211247601957095e-02	-8.955355579924084708e-02	1.036710045047378459e-01	-7.435747555368427131e-02	4.353307772588434210e-02	-6.967513033677280587e-02	6.001609069571129523e-02	-6.906940832804464581e-02	7.384504057159650692e-02
1.666957061215800229e-01	-3.071813738761590695e-01	2.829191239484497578e-01	-5.492995892583987239e-01	3.036131925218452654e-01	-1.559364472279758940e-01	2.340906087328392671e-01	-4.266388680747182360e-01	1.000000000000001332e+00	-4.627217778570663076e-01	1.440850607427686392e-01	-1.886094493587562315e-01	2.275142249280009688e-01	-2.488676785978294614e-01	2.700974521900754155e-01	-2.054059784219700036e-01	1.318096896747951441e-01	-1.627376877004832190e-01	1.274534859616299198e-01	-1.545900811144645393e-01	4.983853194389790270e-02	-8.778891918635568781e-02	8.814438738717209065e-02	-1.081338910466989600e-01	7.635558043739469614e-02	-4.355161901692983228e-02	6.855362403675237248e-02	-6.085037396194625803e-02	6.919767660060996417e-02	-7.805460756553728174e-02
-1.285371079578027931e-01	2.012535592750564484e-01	-1.900046644874111568e-01	2.442215121242108378e-01	-6.404080803527396615e-01	1.153646281787317068e-01	-1.635180981655719179e-01	2.091074311641067385e-01	-4.627217778570663076e-01	9.999999999999997780e-01	-1.218167805814848736e-01	1.586807175302258344e-01	-1.818505872461489703e-01	1.878569415457972958e-01	-5.073136587543773945e-01	1.909081418740040392e-01	-1.183545807000229017e-01	1.498547073126027251e-01	-1.133866449459923209e-01	1.413314320647830746e-01	-4.726323666009867031e-02	8.330798355483937101e-02	-8.326606876019373993e-02	1.051607654868495917e-01	-7.253346539910944524e-02	4.161256992869202809e-02	-6.487586148766211203e-02	5.826095194475447436e-02	-6.594796212205789043e-02	7.487723081882519116e-02
2.319028676552793156e-01	-1.844453234374933415e-01	1.320258112531247086e-01	-1.220215855653209169e-01	1.733996388987014137e-01	-3.119018423730978151e-01	2.192871174119395694e-01	-1.797065167097665894e-01	1.440850607427686392e-01	-1.218167805814848736e-01	9.999999999999998890e-01	-6.525054602512906365e-01	1.785614798691941840e-01	-1.385755073278306382e-01	2.002225344467553347e-01	-5.722156636487023551e-01	2.311615675498841782e-01	-2.043038138634457324e-01	8.915053197592788525e-02	-1.023834998509469130e-01	6.067405561280508897e-02	-1.035750873416958900e-01	1.011411681069745438e-01	-1.064586459270849272e-01	6.612696907836636273e-02	-5.134680570428139940e-02	7.961256706073241429e-02	-6.419769091853759491e-02	7.296169734195183387e-02	-6.485884640515243715e-02
-2.535819638835827283e-01	2.120607014707872329e-01	-1.680107396098681760e-01	1.515043223250192583e-01	-2.322499432602753155e-01	2.300070788748343198e-01	-3.358057408849285386e-01	2.210560992540312741e-01	-1.886094493587562315e-01	1.586807175302258344e-01	-6.525054602512906365e-01	1.000000000000000000e+00	-2.639131454453009784e-01	1.771391062376589109e-01	-2.721554111518094676e-01	3.225535664056604634e-01	-3.583250811022458682e-01	2.381524418503151719e-01	-1.156680960452128176e-01	1.285659911815135170e-01	-7.247498884141238829e-02	1.262316753734264163e-01	-1.266413262416783148e-01	1.289133055193024402e-01	-8.344928685596868234e-02	6.030716852847252396e-02	-1.000901974991546539e-01	7.908930073579027720e-02	-9.151022216993012770e-02	8.072958762474038985e-02
1.652736535844949450e-01	-2.200997471157375707e-01	1.817022620359581564e-01	-1.830381237492889335e-01	2.166449033783642841e-01	-1.556889180502226133e-01	2.253535836705809203e-01	-4.020073064254566786e-01	2.275142249280009688e-01	-1.818505872461489703e-01	1.785614798691941840e-01	-2.639131454453009784e-01	1.000000000000001110e+00	-6.447559427139213373e-01	2.682507120726254635e-01	-2.530248075954527609e-01	1.943000176591138106e-01	-2.817038926666574072e-01	2.324058529094375214e-01	-2.765682464788714046e-01	6.585150893149080420e-02	-1.204171165053782855e-01	1.248729113217285219e-01	-1.451777093691766496e-01	1.128046188917518483e-01	-5.717323435479040872e-02	9.345128065280118579e-02	-8.302600030489520888e-02	9.502834729941783687e-02	-1.135705735760717261e-01
-1.402729200351286731e-01	1.747626755855870018e-01	-1.624873084746596419e-01	1.639988738115333022e-01	-2.330697887716317585e-01	1.211892211035144884e-01	-1.791785496243659126e-01	2.271602066736675973e-01	-2.488676785978294614e-01	1.878569415457972958e-01	-1.385755073278306382e-01	1.771391062376589109e-01	-6.447559427139213373e-01	1.000000000000001776e+00	-3.573121074458588398e-01	1.882588320601078780e-01	-1.511197399161565702e-01	1.866483937531672188e-01	-4.573463588381379008e-01	2.801939182378362925e-01	-5.786751114178373401e-02	9.990648207128972891e-02	-1.054356348346244948e-01	1.240375831207236462e-01	-1.173220245314628984e-01	4.959706274000069692e-02	-8.177339636834290992e-02	7.285402671426524646e-02	-8.642890316080245605e-02	1.082100502031785039e-01
1.759166580004060676e-01	-2.612937563516798400e-01	1.976439697723599287e-01	-2.354646605985706853e-01	3.155885396960428357e-01	-1.652525290718463713e-01	2.091616078604187079e-01	-2.569416144684127379e-01	2.700974521900754155e-01	-5.073136587543773945e-01	2.002225344467553347e-01	-2.721554111518094676e-01	2.682507120726254635e-01	-3.573121074458588398e-01	1.000000000000001332e+00	-3.557683873072693959e-01	2.088898607983757649e-01	-2.784889353148764513e-01	2.046331401527163585e-01	-2.893465576794476135e-01	8.590082983965538488e-02	-1.550563450849780922e-01	1.535276375249234604e-01	-2.013105940000320671e-01	1.359822867596303941e-01	-7.674936124475902066e-02	1.186932546396943233e-01	-1.090222644193076240e-01	1.218389255345265765e-01	-1.448712158811460982e-01
-2.601822948571816396e-01	2.047276291163801221e-01	-1.741499306554307736e-01	1.637328725399118112e-01	-2.949741734637283952e-01	2.140396123610363022e-01	-2.305688608306603882e-01	2.047463906236019204e-01	-2.054059784219700036e-01	1.909081418740040392e-01	-5.722156636487023551e-01	3.225535664056604634e-01	-2.530248075954527609e-01	1.882588320601078780e-01	-3.557683873072693959e-01	1.000000000000000666e+00	-4.071459565846261563e-01	2.641412812765912554e-01	-1.311392119521354316e-01	1.454275267250642878e-01	-1.038489393309916381e-01	1.533401473287570871e-01	-1.552003143955389131e-01	1.569063175095036233e-01	-1.020733608655818025e-01	8.340545938079192700e-02	-1.274082095990303753e-01	9.868867445994143617e-02	-1.154927283950008543e-01	9.772238299675813089e-02
1.425345504718895373e-01	-1.398711209138857325e-01	1.121471389205396935e-01	-1.073568237150741289e-01	1.722012647005799757e-01	-1.290553497787020332e-01	1.551037886892198681e-01	-1.476707035247198097e-01	1.318096896747951441e-01	-1.183545807000229017e-01	2.311615675498841782e-01	-3.583250811022458682e-01	1.943000176591138106e-01	-1.511197399161565702e-01	2.088898607983757649e-01	-4.071459565846261563e-01	1.000000000000000666e+00	-7.169312305568509291e-01	1.114667416752333218e-01	-1.234657836123531360e-01	9.437643608182229304e-02	-2.510227681429462177e-01	2.050021955632096715e-01	-1.864659950970612989e-01	9.454862055136553645e-02	-8.109878912274121054e-02	1.482131260593524402e-01	-1.138658292516262216e-01	1.224758229385754515e-01	-9.248106665684499572e-02
-1.551890955704204877e-01	1.537715258542473040e-01	-1.334044989226512989e-01	1.281121509872184816e-01	-2.243740947445325151e-01	1.300190719380576454e-01	-1.684187384619388606e-01	1.676556613562225351e-01	-1.627376877004832190e-01	1.498547073126027251e-01	-2.043038138634457324e-01	2.381524418503151719e-01	-2.817038926666574072e-01	1.866483937531672188e-01	-2.784889353148764513e-01	2.641412812765912554e-01	-7.169312305568509291e-01	9.999999999999988898e-01	-1.523847544492061556e-01	1.516455070494591995e-01	-1.068694492502157700e-01	2.170886219967088637e-01	-3.109946984683897853e-01	2.111244960350190103e-01	-1.159998177509601880e-01	8.852222805935106020e-02	-1.662830028077809108e-01	1.283777176199307757e-01	-1.464584084811356990e-01	1.094283293972676124e-01
8.496432870668274573e-02	-1.065746089433204508e-01	9.287916052126239663e-02	-9.621008199610614486e-02	1.411079433394202276e-01	-7.456934675433790627e-02	1.025448074648073749e-01	-1.271618400004656257e-01	1.274534859616299198e-01	-1.133866449459923209e-01	8.915053197592788525e-02	-1.156680960452128176e-01	2.324058529094375214e-01	-4.573463588381379008e-01	2.046331401527163585e-01	-1.311392119521354316e-01	1.114667416752333218e-01	-1.523847544492061556e-01	1.000000000000001776e+00	-7.953341655516572573e-01	4.754713839038403334e-02	-8.478529250793485905e-02	9.027939969276455034e-02	-1.172447970145525376e-01	1.471285636830177157e-01	-4.125893336735413086e-02	7.032895627621309209e-02	-6.810473774721315099e-02	8.198186054709030723e-02	-1.427030300664801077e-01
-1.019670253218142586e-01	1.240121008093433286e-01	-1.126648345247364125e-01	1.137605772659745218e-01	-1.862476876680965454e-01	8.700775097783813861e-02	-1.211714442776696266e-01	1.433795571362775356e-01	-1.545900811144645393e-01	1.413314320647830746e-01	-1.023834998509469130e-01	1.285659911815135170e-01	-2.765682464788714046e-01	2.801939182378362925e-01	-2.893465576794476135e-01	1.454275267250642878e-01	-1.234657836123531360e-01	1.516455070494591995e-01	-7.953341655516572573e-01	1.000000000000001554e+00	-5.653765155964098066e-02	9.641527560009406639e-02	-1.030800678720288632e-01	1.299368725341449871e-01	-2.302389281870923510e-01	4.849138515361908763e-02	-8.301427945859538027e-02	7.926918890435345755e-02	-9.872760180804347752e-02	1.659007969211603317e-01
4.663246417925860643e-02	-5.011051688173266683e-02	4.110665356731178777e-02	-4.077979842314178455e-02	6.915198218531895535e-02	-4.071286181855504616e-02	4.923592624579370414e-02	-5.068479830249603829e-02	4.983853194389790270e-02	-4.726323666009867031e-02	6.067405561280508897e-02	-7.247498884141238829e-02	6.585150893149080420e-02	-5.786751114178373401e-02	8.590082983965538488e-02	-1.038489393309916381e-01	9.437643608182229304e-02	-1.068694492502157700e-01	4.754713839038403334e-02	-5.653765155964098066e-02	1.000000000000001554e+00	-2.454068766397930201e-01	1.447713074373637721e-01	-1.862846518677230556e-01	7.923795365214063302e-02	-9.002598309262495047e-01	2.354070703994059210e-01	-1.616769820406975255e-01	1.360331456855755627e-01	-8.498688383659611101e-02
-8.100688116369855751e-02	8.485140750361838680e-02	-7.167318732781792490e-02	7.049013351194792498e-02	-1.237839793723037457e-01	6.932314437776652960e-02	-8.653951111318447520e-02	8.784211247601957095e-02	-8.778891918635568781e-02	8.330798355483937101e-02	-1.035750873416958900e-01	1.262316753734264163e-01	-1.204171165053782855e-01	9.990648207128972891e-02	-1.550563450849780922e-01	1.533401473287570871e-01	-2.510227681429462177e-01	2.170886219967088637e-01	-8.478529250793485905e-02	9.641527560009406639e-02	-2.454068766397930201e-01	1.000000000000001110e+00	-5.305228962514705326e-01	2.931044218466083429e-01	-1.485015632212184911e-01	1.952007509328287371e-01	-5.993837950926128588e-01	2.613198147427939211e-01	-2.879346195673336273e-01	1.389768879265012580e-01
8.022631830422570498e-02	-8.579216427366694042e-02	7.196743245247698428e-02	-7.102893169521046213e-02	1.224944523835126697e-01	-6.930445131662014979e-02	8.655413161569223968e-02	-8.955355579924084708e-02	8.814438738717209065e-02	-8.326606876019373993e-02	1.011411681069745438e-01	-1.266413262416783148e-01	1.248729113217285219e-01	-1.054356348346244948e-01	1.535276375249234604e-01	-1.552003143955389131e-01	2.050021955632096715e-01	-3.109946984683897853e-01	9.027939969276455034e-02	-1.030800678720288632e-01	1.447713074373637721e-01	-5.305228962514705326e-01	1.000000000000001776e+00	-6.480380977526933872e-01	1.511427857907677308e-01	-1.301705923064819803e-01	2.644844659102252304e-01	-2.701902320754370757e-01	2.444339847998967530e-01	-1.498235440001719765e-01
-9.202405128124356570e-02	9.999003430393747782e-02	-8.644394229967443388e-02	8.602808616663135122e-02	-1.578839677428850174e-01	7.773889517027306184e-02	-9.895120192582861074e-02	1.036710045047378459e-01	-1.081338910466989600e-01	1.051607654868495917e-01	-1.064586459270849272e-01	1.289133055193024402e-01	-1.451777093691766496e-01	1.240375831207236462e-01	-2.013105940000320671e-01	1.569063175095036233e-01	-1.864659950970612989e-01	2.111244960350190103e-01	-1.172447970145525376e-01	1.299368725341449871e-01	-1.862846518677230556e-01	2.931044218466083429e-01	-6.480380977526933872e-01	1.000000000000002220e+00	-2.640547593677752269e-01	1.473804693643198105e-01	-3.121117203833870257e-01	2.599790524053285923e-01	-4.208367722098143027e-01	2.074494827242318595e-01
5.921179607451765303e-02	-6.957503218964274094e-02	5.947432285752723286e-02	-6.029107056037722595e-02	1.009590612440676716e-01	-5.128340261391726301e-02	6.646072195969722485e-02	-7.435747555368427131e-02	7.635558043739469614e-02	-7.253346539910944524e-02	6.612696907836636273e-02	-8.344928685596868234e-02	1.128046188917518483e-01	-1.173220245314628984e-01	1.359822867596303941e-01	-1.020733608655818025e-01	9.454862055136553645e-02	-1.159998177509601880e-01	1.471285636830177157e-01	-2.302389281870923510e-01	7.923795365214063302e-02	-1.485015632212184911e-01	1.511427857907677308e-01	-2.640547593677752269e-01	1.000000000000002220e+00	-7.201498069680184466e-02	1.333984685754351640e-01	-1.711843768769545360e-01	2.142522160329690117e-01	-8.642043951950830749e-01
-4.025030832973554989e-02	4.288242015464995005e-02	-3.569106308204241657e-02	3.537527969087653906e-02	-6.153000919749831987e-02	3.470276680069190461e-02	-4.234207150741729764e-02	4.353307772588434210e-02	-4.355161901692983228e-02	4.161256992869202809e-02	-5.134680570428139940e-02	6.030716852847252396e-02	-5.717323435479040872e-02	4.959706274000069692e-02	-7.674936124475902066e-02	8.340545938079192700e-02	-8.109878912274121054e-02	8.852222805935106020e-02	-4.125893336735413086e-02	4.849138515361908763e-02	-9.002598309262495047e-01	1.952007509328287371e-01	-1.301705923064819803e-01	1.473804693643198105e-01	-7.201498069680184466e-02	1.000000000000002442e+00	-3.225700144350175935e-01	1.495595085922110656e-01	-1.384347357984872240e-01	7.387222877931590159e-02
6.264118980358274191e-02	-6.784747273915887888e-02	5.616182394510319670e-02	-5.568940533830902401e-02	9.475771935494023412e-02	-5.460338572853641603e-02	6.730532589861995540e-02	-6.967513033677280587e-02	6.855362403675237248e-02	-6.487586148766211203e-02	7.961256706073241429e-02	-1.000901974991546539e-01	9.345128065280118579e-02	-8.177339636834290992e-02	1.186932546396943233e-01	-1.274082095990303753e-01	1.482131260593524402e-01	-1.662830028077809108e-01	7.032895627621309209e-02	-8.301427945859538027e-02	2.354070703994059210e-01	-5.993837950926128588e-01	2.644844659102252304e-01	-3.121117203833870257e-01	1.333984685754351640e-01	-3.225700144350175935e-01	1.000000000000002442e+00	-5.174545124052122302e-01	2.764090223073787933e-01	-1.466374887365775037e-01
-5.314377170729841365e-02	5.803154299848164999e-02	-4.908727968882811710e-02	4.884452357094568042e-02	-8.571372082142275639e-02	4.565586745709390715e-02	-5.729083510632827780e-02	6.001609069571129523e-02	-6.085037396194625803e-02	5.826095194475447436e-02	-6.419769091853759491e-02	7.908930073579027720e-02	-8.302600030489520888e-02	7.285402671426524646e-02	-1.090222644193076240e-01	9.868867445994143617e-02	-1.138658292516262216e-01	1.283777176199307757e-01	-6.810473774721315099e-02	7.926918890435345755e-02	-1.616769820406975255e-01	2.613198147427939211e-01	-2.701902320754370757e-01	2.599790524053285923e-01	-1.711843768769545360e-01	1.495595085922110656e-01	-5.174545124052122302e-01	1.000000000000002220e+00	-7.071461790796659264e-01	1.720085460936034150e-01
6.020640450744689509e-02	-6.689511920691799951e-02	5.592639833874925304e-02	-5.587471964475067276e-02	9.568985522400931532e-02	-5.227609269568828099e-02	6.529331252502282301e-02	-6.906940832804464581e-02	6.919767660060996417e-02	-6.594796212205789043e-02	7.296169734195183387e-02	-9.151022216993012770e-02	9.502834729941783687e-02	-8.642890316080245605e-02	1.218389255345265765e-01	-1.154927283950008543e-01	1.224758229385754515e-01	-1.464584084811356990e-01	8.198186054709030723e-02	-9.872760180804347752e-02	1.360331456855755627e-01	-2.879346195673336273e-01	2.444339847998967530e-01	-4.208367722098143027e-01	2.142522160329690117e-01	-1.384347357984872240e-01	2.764090223073787933e-01	-7.071461790796659264e-01	1.000000000000002442e+00	-3.086951710397122239e-01
-5.950912755431259082e-02	6.917671162808458618e-02	-6.033106299462957789e-02	6.092761996166388971e-02	-1.067969641792637508e-01	5.087582324493170050e-02	-6.647671533073325201e-02	7.384504057159650692e-02	-7.805460756553728174e-02	7.487723081882519116e-02	-6.485884640515243715e-02	8.072958762474038985e-02	-1.135705735760717261e-01	1.082100502031785039e-01	-1.448712158811460982e-01	9.772238299675813089e-02	-9.248106665684499572e-02	1.094283293972676124e-01	-1.427030300664801077e-01	1.659007969211603317e-01	-8.498688383659611101e-02	1.389768879265012580e-01	-1.498235440001719765e-01	2.074494827242318595e-01	-8.642043951950830749e-01	7.387222877931590159e-02	-1.466374887365775037e-01	1.720085460936034150e-01	-3.086951710397122239e-01	1.000000000000002442e+00
