1.000000000000000000e+00	-5.062406567957984382e-01	2.393711500757203237e-01	-1.832122024745491129e-01	7.121411785737476186e-02	-6.747188128536399931e-01	1.915257117546576571e-01	-1.813179257831101510e-01	1.355761754680206987e-01	-7.467616140418879833e-02	2.810915453206327963e-01	-1.823944098630824184e-01	1.624596615875465166e-01	-1.250438472656022482e-01	8.711198113307777602e-02	-2.633685858625727239e-01	1.858853414880600186e-01	-1.728601580229701118e-01	1.080542352706625464e-01	-9.845715648093626704e-02
-5.062406567957984382e-01	9.999999999999998890e-01	-6.434937004198982846e-01	2.025850119355661894e-01	-8.301182514215364738e-02	2.527637982354126733e-01	-2.190490892098322373e-01	2.388746472432938250e-01	-1.743481183391245304e-01	8.168309472780374558e-02	-2.702018352230796672e-01	1.705644599301721631e-01	-2.400430484909677198e-01	1.332741633430590544e-01	-9.758979355788277577e-02	2.024962342470896792e-01	-2.075833350461208371e-01	1.780013137796082612e-01	-1.208421045663098242e-01	1.021607862873781386e-01
2.393711500757203237e-01	-6.434937004198982846e-01	1.000000000000000000e+00	-3.364786984224970579e-01	1.058568493654789971e-01	-2.049458235463145483e-01	1.577959406169508749e-01	-4.722064133528668384e-01	2.243605048173038519e-01	-1.074647157263551173e-01	1.976957658101606286e-01	-1.491386063867878864e-01	2.603614837993316611e-01	-1.708701364072957307e-01	1.174073305514137522e-01	-2.058061864941011232e-01	1.889145495865852120e-01	-2.190088417754882943e-01	1.438989044294571584e-01	-1.262493523753129843e-01
-1.832122024745491129e-01	2.025850119355661894e-01	-3.364786984224970579e-01	1.000000000000000222e+00	-3.033296534429862357e-01	1.414953006076936359e-01	-1.362403015452391120e-01	2.524112740137157140e-01	-6.794440713968098455e-01	2.195046342205047574e-01	-2.049909658888892094e-01	1.215813841296668751e-01	-2.607998420137996876e-01	2.579638688443264827e-01	-2.146021397844710410e-01	1.756933926861909967e-01	-2.210192894540397579e-01	2.152544803591525113e-01	-2.277937831399864665e-01	1.814216046263370796e-01
7.121411785737476186e-02	-8.301182514215364738e-02	1.058568493654789971e-01	-3.033296534429862357e-01	1.000000000000000444e+00	-5.927470648320647822e-02	5.649870215653771816e-02	-1.036026641362965128e-01	1.928100961405595781e-01	-8.887293702757342873e-01	8.367899007995201199e-02	-5.254782783070714725e-02	1.061315141903166615e-01	-1.616013325787134247e-01	1.934615948388516138e-01	-8.249039623571459423e-02	9.748227389240912699e-02	-1.129729752710151580e-01	1.252834656051411422e-01	-1.848568506190134131e-01
-6.747188128536399931e-01	2.527637982354126733e-01	-2.049458235463145483e-01	1.414953006076936359e-01	-5.927470648320647822e-02	9.999999999999998890e-01	-2.752795416373719495e-01	1.441270367879276260e-01	-1.148205442655651498e-01	6.084626219192931090e-02	-5.352360667681895778e-01	2.034102708441686003e-01	-1.495599569872762269e-01	1.034819236406195331e-01	-7.438409518828857647e-02	2.434337056353384765e-01	-1.970071736789124339e-01	1.471499898167999143e-01	-9.352075535509082882e-02	8.203919279879268167e-02
1.915257117546576571e-01	-2.190490892098322373e-01	1.577959406169508749e-01	-1.362403015452391120e-01	5.649870215653771816e-02	-2.752795416373719495e-01	1.000000000000000222e+00	-1.585735536078561880e-01	1.098523191374613933e-01	-5.920066307534108119e-02	2.257639378490989557e-01	-8.491810236712620252e-01	1.457426619405221835e-01	-1.064899410938362212e-01	7.380449044686150650e-02	-2.312454484431821222e-01	2.289872579084259174e-01	-1.661999783463911085e-01	9.601588512182201995e-02	-8.452736309460694153e-02
-1.813179257831101510e-01	2.388746472432938250e-01	-4.722064133528668384e-01	2.524112740137157140e-01	-1.036026641362965128e-01	1.441270367879276260e-01	-1.585735536078561880e-01	1.000000000000000000e+00	-3.413740309765779246e-01	1.042913940682323598e-01	-1.826861531219612922e-01	1.363529092757689298e-01	-6.704994834491988520e-01	1.882016912383521201e-01	-1.285802967472092773e-01	1.746621875825852821e-01	-2.072700506695042411e-01	2.467450729496640238e-01	-1.703982621159773336e-01	1.308426253317975518e-01
1.355761754680206987e-01	-1.743481183391245304e-01	2.243605048173038519e-01	-6.794440713968098455e-01	1.928100961405595781e-01	-1.148205442655651498e-01	1.098523191374613933e-01	-3.413740309765779246e-01	9.999999999999987788e-01	-2.190092791815145268e-01	1.524552213298654701e-01	-1.033948584251312836e-01	2.373966053809307142e-01	-4.440298417389616503e-01	2.023921041006662980e-01	-1.580330614053122307e-01	1.794169712570149733e-01	-2.337842823895358024e-01	2.298676829594190063e-01	-1.958895884909076235e-01
-7.467616140418879833e-02	8.168309472780374558e-02	-1.074647157263551173e-01	2.195046342205047574e-01	-8.887293702757342873e-01	6.084626219192931090e-02	-5.920066307534108119e-02	1.042913940682323598e-01	-2.190092791815145268e-01	1.000000000000000888e+00	-8.904345378192574101e-02	5.427454136145386243e-02	-1.119911462833337173e-01	1.589617135194970610e-01	-2.648824101749940874e-01	8.312467877402471284e-02	-1.036051693361400711e-01	1.125635347770759798e-01	-1.324530597273511634e-01	1.758055771039086224e-01
2.810915453206327963e-01	-2.702018352230796672e-01	1.976957658101606286e-01	-2.049909658888892094e-01	8.367899007995201199e-02	-5.352360667681895778e-01	2.257639378490989557e-01	-1.826861531219612922e-01	1.524552213298654701e-01	-8.904345378192574101e-02	9.999999999999984457e-01	-2.670986873640689430e-01	1.790567847063150309e-01	-1.537469240918375446e-01	1.071149149342506268e-01	-5.845235985732084583e-01	2.718780490709623576e-01	-2.215240444953026355e-01	1.344104869432587446e-01	-1.240939631747985245e-01
-1.823944098630824184e-01	1.705644599301721631e-01	-1.491386063867878864e-01	1.215813841296668751e-01	-5.254782783070714725e-02	2.034102708441686003e-01	-8.491810236712620252e-01	1.363529092757689298e-01	-1.033948584251312836e-01	5.427454136145386243e-02	-2.670986873640689430e-01	9.999999999999994449e-01	-1.485205136770714196e-01	9.865625961978365110e-02	-6.999291972854183863e-02	2.170900850674719051e-01	-3.241008105083063029e-01	1.592513037519529551e-01	-9.335361401014152793e-02	7.854206066876878722e-02
1.624596615875465166e-01	-2.400430484909677198e-01	2.603614837993316611e-01	-2.607998420137996876e-01	1.061315141903166615e-01	-1.495599569872762269e-01	1.457426619405221835e-01	-6.704994834491988520e-01	2.373966053809307142e-01	-1.119911462833337173e-01	1.790567847063150309e-01	-1.485205136770714196e-01	9.999999999999988898e-01	-2.351806843916627865e-01	1.465021363538072108e-01	-2.182887025327760466e-01	2.305918590003693813e-01	-4.740577138635496679e-01	2.093883952913179469e-01	-1.686900060827010162e-01
-1.250438472656022482e-01	1.332741633430590544e-01	-1.708701364072957307e-01	2.579638688443264827e-01	-1.616013325787134247e-01	1.034819236406195331e-01	-1.064899410938362212e-01	1.882016912383521201e-01	-4.440298417389616503e-01	1.589617135194970610e-01	-1.537469240918375446e-01	9.865625961978365110e-02	-2.351806843916627865e-01	9.999999999999996669e-01	-4.315532332119537684e-01	1.496070103058529943e-01	-2.130023935644642374e-01	2.611647300804673666e-01	-6.019147413412235803e-01	2.921217187247491798e-01
8.711198113307777602e-02	-9.758979355788277577e-02	1.174073305514137522e-01	-2.146021397844710410e-01	1.934615948388516138e-01	-7.438409518828857647e-02	7.380449044686150650e-02	-1.285802967472092773e-01	2.023921041006662980e-01	-2.648824101749940874e-01	1.071149149342506268e-01	-6.999291972854183863e-02	1.465021363538072108e-01	-4.315532332119537684e-01	9.999999999999996669e-01	-1.133342260637733301e-01	1.424728233970721791e-01	-1.975864664218568434e-01	2.826780488268249014e-01	-7.604398404672705336e-01
-2.633685858625727239e-01	2.024962342470896792e-01	-2.058061864941011232e-01	1.756933926861909967e-01	-8.249039623571459423e-02	2.434337056353384765e-01	-2.312454484431821222e-01	1.746621875825852821e-01	-1.580330614053122307e-01	8.312467877402471284e-02	-5.845235985732084583e-01	2.170900850674719051e-01	-2.182887025327760466e-01	1.496070103058529943e-01	-1.133342260637733301e-01	9.999999999999993339e-01	-5.972486769025384667e-01	2.383814507240506753e-01	-1.515790566517392912e-01	1.214291978473187872e-01
1.858853414880600186e-01	-2.075833350461208371e-01	1.889145495865852120e-01	-2.210192894540397579e-01	9.748227389240912699e-02	-1.970071736789124339e-01	2.289872579084259174e-01	-2.072700506695042411e-01	1.794169712570149733e-01	-1.036051693361400711e-01	2.718780490709623576e-01	-3.241008105083063029e-01	2.305918590003693813e-01	-2.130023935644642374e-01	1.424728233970721791e-01	-5.972486769025384667e-01	9.999999999999996669e-01	-4.862698727093812678e-01	2.050467848027924811e-01	-1.735691349325668431e-01
-1.728601580229701118e-01	1.780013137796082612e-01	-2.190088417754882943e-01	2.152544803591525113e-01	-1.129729752710151580e-01	1.471499898167999143e-01	-1.661999783463911085e-01	2.467450729496640238e-01	-2.337842823895358024e-01	1.125635347770759798e-01	-2.215240444953026355e-01	1.592513037519529551e-01	-4.740577138635496679e-01	2.611647300804673666e-01	-1.975864664218568434e-01	2.383814507240506753e-01	-4.862698727093812678e-01	1.000000000000000000e+00	-4.847232720568679376e-01	2.104757332875445142e-01
1.080542352706625464e-01	-1.208421045663098242e-01	1.438989044294571584e-01	-2.277937831399864665e-01	1.252834656051411422e-01	-9.352075535509082882e-02	9.601588512182201995e-02	-1.703982621159773336e-01	2.298676829594190063e-01	-1.324530597273511634e-01	1.344104869432587446e-01	-9.335361401014152793e-02	2.093883952913179469e-01	-6.019147413412235803e-01	2.826780488268249014e-01	-1.515790566517392912e-01	2.050467848027924811e-01	-4.847232720568679376e-01	9.999999999999998890e-01	-4.580652382182015536e-01
-9.845715648093626704e-02	1.021607862873781386e-01	-1.262493523753129843e-01	1.814216046263370796e-01	-1.848568506190134131e-01	8.203919279879268167e-02	-8.452736309460694153e-02	1.308426253317975518e-01	-1.958895884909076235e-01	1.758055771039086224e-01	-1.240939631747985245e-01	7.854206066876878722e-02	-1.686900060827010162e-01	2.921217187247491798e-01	-7.604398404672705336e-01	1.214291978473187872e-01	-1.735691349325668431e-01	2.104757332875445142e-01	-4.580652382182015536e-01	1.000000000000000000e+00
