1.000000000000000000e+00	-6.686456788928045736e-01	2.032900711664370474e-01	-1.589625973132337833e-01	1.518355122229014531e-01	-4.805136343707918090e-01	2.995769928253210757e-01	-2.243201018185970175e-01	1.285379674819589202e-01	-1.293935660735467397e-01	2.767347094409067232e-01	-2.756524457468257916e-01	1.987318363303902380e-01	-1.387393107325292918e-01	1.364167556387600455e-01	-2.389027622235063153e-01	1.769758589278617456e-01	-2.033144139270263162e-01	1.198453472103357259e-01	-1.735005370286502313e-01
-6.686456788928045736e-01	1.000000000000000000e+00	-2.824431717724926738e-01	1.624622010869306021e-01	-1.578060295101430810e-01	2.685358786757819916e-01	-5.249618151199422211e-01	2.185394243672496295e-01	-1.287039594998523051e-01	1.223733666156873040e-01	-2.648472824610420551e-01	2.479699845164496097e-01	-2.077996165153012664e-01	1.240457277502000910e-01	-1.273848044181121464e-01	1.857411298270384981e-01	-1.734368501271164320e-01	1.678768115216967283e-01	-1.042790956851774031e-01	1.427637824409838663e-01
2.032900711664370474e-01	-2.824431717724926738e-01	9.999999999999997780e-01	-6.638510848168595047e-01	2.811121514409768429e-01	-1.576098563694953159e-01	1.977890992450154206e-01	-3.856601221616960395e-01	2.632485750104016642e-01	-2.616410292397302051e-01	1.650457979694136823e-01	-1.833627597713418933e-01	2.433573765985323489e-01	-2.439482707207694112e-01	2.112571291426083298e-01	-1.497753024877098438e-01	1.252170199088858960e-01	-2.863423315148203585e-01	1.790060603586122456e-01	-2.546893445821541979e-01
-1.589625973132337833e-01	1.624622010869306021e-01	-6.638510848168595047e-01	1.000000000000000222e+00	-4.695531197852280125e-01	1.138546545642008107e-01	-1.434747150496314405e-01	2.294454894463465455e-01	-4.266632986822276319e-01	2.784183841723127939e-01	-1.304260938480348853e-01	1.297797356421093451e-01	-1.973572108572331785e-01	2.220967282404931464e-01	-2.136775521632290342e-01	1.077568031699370488e-01	-9.349791621085290494e-02	2.097667675306530977e-01	-1.536451513992296292e-01	1.975279855367866877e-01
1.518355122229014531e-01	-1.578060295101430810e-01	2.811121514409768429e-01	-4.695531197852280125e-01	1.000000000000000444e+00	-1.267024059454392171e-01	1.456455274574038894e-01	-2.505493826335074559e-01	3.144947215689353204e-01	-6.089693766853317980e-01	1.416783852680906508e-01	-1.491096794268455261e-01	2.069150596918741258e-01	-2.914243650618706938e-01	2.617484047697861138e-01	-1.320460707324846161e-01	1.086408835007399709e-01	-3.229685676858954912e-01	2.090434144503049430e-01	-3.119850477027276137e-01
-4.805136343707918090e-01	2.685358786757819916e-01	-1.576098563694953159e-01	1.138546545642008107e-01	-1.267024059454392171e-01	1.000000000000000222e+00	-3.588609054331518000e-01	1.794810908689563056e-01	-1.018637335526112880e-01	9.923129171961395101e-02	-7.053410294833394323e-01	2.329877076122110757e-01	-1.802659752737188203e-01	1.052286672077954455e-01	-1.103561737640480489e-01	2.222234889556452542e-01	-1.874814256162208037e-01	1.519009136123723736e-01	-9.222148678253697107e-02	1.277729393940441049e-01
2.995769928253210757e-01	-5.249618151199422211e-01	1.977890992450154206e-01	-1.434747150496314405e-01	1.456455274574038894e-01	-3.588609054331518000e-01	1.000000000000000222e+00	-3.412804603475296794e-01	1.277487407979737144e-01	-1.204845240134338330e-01	2.611755465900637008e-01	-5.471349188411778197e-01	2.531372131857651531e-01	-1.260149702979508624e-01	1.264707671257628008e-01	-2.577093450237518679e-01	2.242444154505503218e-01	-1.789262193782212851e-01	1.077119647438232325e-01	-1.446523939595346087e-01
-2.243201018185970175e-01	2.185394243672496295e-01	-3.856601221616960395e-01	2.294454894463465455e-01	-2.505493826335074559e-01	1.794810908689563056e-01	-3.412804603475296794e-01	1.000000000000000444e+00	-2.731117962388793785e-01	1.992631649397972604e-01	-2.086416634538163228e-01	2.502301430476372990e-01	-6.781042994523033274e-01	1.980206840013649106e-01	-2.032582716225042330e-01	1.731790128434245735e-01	-1.641043958526565705e-01	2.461071836636261612e-01	-1.627109890886250243e-01	1.974752966490124773e-01
1.285379674819589202e-01	-1.287039594998523051e-01	2.632485750104016642e-01	-4.266632986822276319e-01	3.144947215689353204e-01	-1.018637335526112880e-01	1.277487407979737144e-01	-2.731117962388793785e-01	9.999999999999985567e-01	-5.969384789472881314e-01	1.178617982552752907e-01	-1.229070813183508193e-01	1.984121679829351503e-01	-4.755260898401062475e-01	2.707758272363823271e-01	-1.020013545289701479e-01	8.820463952087112536e-02	-2.442625211051555334e-01	1.993904933316073269e-01	-2.366965998824427930e-01
-1.293935660735467397e-01	1.223733666156873040e-01	-2.616410292397302051e-01	2.784183841723127939e-01	-6.089693766853317980e-01	9.923129171961395101e-02	-1.204845240134338330e-01	1.992631649397972604e-01	-5.969384789472881314e-01	1.000000000000000222e+00	-1.184328490057773159e-01	1.154638683580797853e-01	-1.854954455137557690e-01	2.716594130534186746e-01	-3.402167626502461406e-01	9.818036533836976831e-02	-8.517384845518256864e-02	2.177859732586710506e-01	-1.791378179596849196e-01	2.235078879478545333e-01
2.767347094409067232e-01	-2.648472824610420551e-01	1.650457979694136823e-01	-1.304260938480348853e-01	1.416783852680906508e-01	-7.053410294833394323e-01	2.611755465900637008e-01	-2.086416634538163228e-01	1.178617982552752907e-01	-1.184328490057773159e-01	1.000000000000001110e+00	-3.107553709851292867e-01	1.990746619216285929e-01	-1.314763602507007523e-01	1.326069346137023763e-01	-3.998778071060248296e-01	2.317656992168201924e-01	-2.034897364949117549e-01	1.180192571226772458e-01	-1.706745973856878540e-01
-2.756524457468257916e-01	2.479699845164496097e-01	-1.833627597713418933e-01	1.297797356421093451e-01	-1.491096794268455261e-01	2.329877076122110757e-01	-5.471349188411778197e-01	2.502301430476372990e-01	-1.229070813183508193e-01	1.154638683580797853e-01	-3.107553709851292867e-01	1.000000000000000444e+00	-3.782210823340662054e-01	1.237343009660564763e-01	-1.309918728538584654e-01	2.915885609089834407e-01	-5.073679055269701976e-01	1.834123995705104759e-01	-1.113752483375477081e-01	1.417116642085338163e-01
1.987318363303902380e-01	-2.077996165153012664e-01	2.433573765985323489e-01	-1.973572108572331785e-01	2.069150596918741258e-01	-1.802659752737188203e-01	2.531372131857651531e-01	-6.781042994523033274e-01	1.984121679829351503e-01	-1.854954455137557690e-01	1.990746619216285929e-01	-3.782210823340662054e-01	1.000000000000000222e+00	-2.175556034560544583e-01	1.994122452648670607e-01	-2.162452686882386788e-01	1.885484973484936044e-01	-3.772091380204457556e-01	1.908644662364755440e-01	-2.401998762233207019e-01
-1.387393107325292918e-01	1.240457277502000910e-01	-2.439482707207694112e-01	2.220967282404931464e-01	-2.914243650618706938e-01	1.052286672077954455e-01	-1.260149702979508624e-01	1.980206840013649106e-01	-4.755260898401062475e-01	2.716594130534186746e-01	-1.314763602507007523e-01	1.237343009660564763e-01	-2.175556034560544583e-01	1.000000000000000000e+00	-5.848827280208157564e-01	1.051677662668548674e-01	-9.414110572912584574e-02	2.849828516330574768e-01	-4.393237087467698476e-01	3.080963915290384492e-01
1.364167556387600455e-01	-1.273848044181121464e-01	2.112571291426083298e-01	-2.136775521632290342e-01	2.617484047697861138e-01	-1.103561737640480489e-01	1.264707671257628008e-01	-2.032582716225042330e-01	2.707758272363823271e-01	-3.402167626502461406e-01	1.326069346137023763e-01	-1.309918728538584654e-01	1.994122452648670607e-01	-5.848827280208157564e-01	1.000000000000000222e+00	-1.169088081598622930e-01	9.976455680374012036e-02	-3.645809062554528079e-01	3.048023244791490116e-01	-5.509970454705962473e-01
-2.389027622235063153e-01	1.857411298270384981e-01	-1.497753024877098438e-01	1.077568031699370488e-01	-1.320460707324846161e-01	2.222234889556452542e-01	-2.577093450237518679e-01	1.731790128434245735e-01	-1.020013545289701479e-01	9.818036533836976831e-02	-3.998778071060248296e-01	2.915885609089834407e-01	-2.162452686882386788e-01	1.051677662668548674e-01	-1.169088081598622930e-01	1.000000000000000444e+00	-7.544519729592871204e-01	1.583681798613320035e-01	-9.790701192572265343e-02	1.236203966352626693e-01
1.769758589278617456e-01	-1.734368501271164320e-01	1.252170199088858960e-01	-9.349791621085290494e-02	1.086408835007399709e-01	-1.874814256162208037e-01	2.242444154505503218e-01	-1.641043958526565705e-01	8.820463952087112536e-02	-8.517384845518256864e-02	2.317656992168201924e-01	-5.073679055269701976e-01	1.885484973484936044e-01	-9.414110572912584574e-02	9.976455680374012036e-02	-7.544519729592871204e-01	1.000000000000000444e+00	-1.610528084820618266e-01	9.006699923847998057e-02	-1.127203446693430255e-01
-2.033144139270263162e-01	1.678768115216967283e-01	-2.863423315148203585e-01	2.097667675306530977e-01	-3.229685676858954912e-01	1.519009136123723736e-01	-1.789262193782212851e-01	2.461071836636261612e-01	-2.442625211051555334e-01	2.177859732586710506e-01	-2.034897364949117549e-01	1.834123995705104759e-01	-3.772091380204457556e-01	2.849828516330574768e-01	-3.645809062554528079e-01	1.583681798613320035e-01	-1.610528084820618266e-01	1.000000000000000222e+00	-5.949218467220691586e-01	3.168674145985490020e-01
1.198453472103357259e-01	-1.042790956851774031e-01	1.790060603586122456e-01	-1.536451513992296292e-01	2.090434144503049430e-01	-9.222148678253697107e-02	1.077119647438232325e-01	-1.627109890886250243e-01	1.993904933316073269e-01	-1.791378179596849196e-01	1.180192571226772458e-01	-1.113752483375477081e-01	1.908644662364755440e-01	-4.393237087467698476e-01	3.048023244791490116e-01	-9.790701192572265343e-02	9.006699923847998057e-02	-5.949218467220691586e-01	1.000000000000000222e+00	-5.832279534976857471e-01
-1.735005370286502313e-01	1.427637824409838663e-01	-2.546893445821541979e-01	1.975279855367866877e-01	-3.119850477027276137e-01	1.277729393940441049e-01	-1.446523939595346087e-01	1.974752966490124773e-01	-2.366965998824427930e-01	2.235078879478545333e-01	-1.706745973856878540e-01	1.417116642085338163e-01	-2.401998762233207019e-01	3.080963915290384492e-01	-5.509970454705962473e-01	1.236203966352626693e-01	-1.127203446693430255e-01	3.168674145985490020e-01	-5.832279534976857471e-01	1.000000000000000222e+00
