1.000000000000000222e+00	-4.727494491347844496e-01	2.386010614609908043e-01	-1.549801024382746473e-01	1.581498943076257158e-01	-6.937158742437923298e-01	3.023381640227561507e-01	-2.260126345741211018e-01	1.607593348227787655e-01	-1.377023682313058828e-01	1.105421828050017208e-01	-1.710609071425039929e-01	1.389590350955479670e-01	-1.344104504552517121e-01	1.064459838268302927e-01	-1.213721346236216747e-01	1.679082365937067944e-01	-1.725516189568770398e-01	1.273971697863408026e-01	-2.265452304018034657e-01
-4.727494491347844496e-01	1.000000000000000000e+00	-6.552477022273609508e-01	2.207603145078473050e-01	-2.562951531912083247e-01	2.580215598691357193e-01	-3.595871296597699662e-01	2.147084045308128020e-01	-1.627299643001875462e-01	1.244570389219296080e-01	-7.868519323970593615e-02	1.506918707752404885e-01	-1.354143508823643094e-01	1.211633295449504322e-01	-9.999066161629771576e-02	8.205077426875087565e-02	-1.690341618329910256e-01	1.477043882105787964e-01	-1.132745426305593328e-01	1.834508898647554398e-01
2.386010614609908043e-01	-6.552477022273609508e-01	1.000000000000000444e+00	-4.451051798685200511e-01	2.752385451117840276e-01	-2.055354957292720997e-01	2.259177490341260641e-01	-3.198597097711470827e-01	1.878833223792197304e-01	-1.572658952696590062e-01	6.845646932435577037e-02	-1.333499488052465043e-01	1.640867379951046756e-01	-1.505722670479123226e-01	1.210050945753262802e-01	-7.526502788546711453e-02	1.418967737195303280e-01	-1.835055084719506846e-01	1.374170237264637495e-01	-2.347959286371892884e-01
-1.549801024382746473e-01	2.207603145078473050e-01	-4.451051798685200511e-01	1.000000000000000444e+00	-8.121853253308999321e-01	1.184425274722236965e-01	-1.478166236483640650e-01	1.661851161952821454e-01	-1.480307550020207585e-01	1.337619388240160190e-01	-4.413765454492736551e-02	8.468992159292683397e-02	-1.084036627756092136e-01	1.068982975216313525e-01	-1.038203948196154830e-01	4.763175379888771876e-02	-9.835773024081356786e-02	1.202918111040831017e-01	-9.635440091967205356e-02	1.605302372980106640e-01
1.581498943076257158e-01	-2.562951531912083247e-01	2.752385451117840276e-01	-8.121853253308999321e-01	1.000000000000000000e+00	-1.403069929229307511e-01	1.603412511199402979e-01	-2.153420317465279121e-01	1.767403572062094530e-01	-2.084221486433748272e-01	5.383235766458953353e-02	-1.034546886617860179e-01	1.383033334482855481e-01	-1.465918858886267329e-01	1.405561108608585630e-01	-5.971874189537405841e-02	1.153182086046170424e-01	-1.688272948336693169e-01	1.328095282521883358e-01	-2.401450363080006867e-01
-6.937158742437923298e-01	2.580215598691357193e-01	-2.055354957292720997e-01	1.184425274722236965e-01	-1.403069929229307511e-01	1.000000000000000444e+00	-5.583601997605039946e-01	1.817058306950286029e-01	-1.390142264204722866e-01	1.049802100147958911e-01	-1.457144477832626184e-01	1.919957548029865291e-01	-1.186283446287814958e-01	1.067752948410676250e-01	-8.485302569908093062e-02	1.311233940414106847e-01	-2.068023500265468440e-01	1.367733161138307008e-01	-1.024240071361147142e-01	1.655373267378509872e-01
3.023381640227561507e-01	-3.595871296597699662e-01	2.259177490341260641e-01	-1.478166236483640650e-01	1.603412511199402979e-01	-5.583601997605039946e-01	1.000000000000001332e+00	-3.238678150865128558e-01	1.965833920394669254e-01	-1.576654094365360359e-01	1.407436621072743199e-01	-4.125172613301978930e-01	1.802464027750671494e-01	-1.636185163929673170e-01	1.247345162727354628e-01	-1.518007095273162244e-01	2.680829232148595476e-01	-2.176585409307316143e-01	1.547669004731287434e-01	-2.608626618691439192e-01
-2.260126345741211018e-01	2.147084045308128020e-01	-3.198597097711470827e-01	1.661851161952821454e-01	-2.153420317465279121e-01	1.817058306950286029e-01	-3.238678150865128558e-01	1.000000000000000666e+00	-4.927806015683399155e-01	2.058835348392811793e-01	-7.864430427361343567e-02	1.658057133808659989e-01	-5.470468858795217715e-01	2.699730086671946472e-01	-1.935746455590383885e-01	8.201911125934160940e-02	-2.104655310546680036e-01	2.849483552563190081e-01	-2.366461851059051269e-01	2.730115149678050690e-01
1.607593348227787655e-01	-1.627299643001875462e-01	1.878833223792197304e-01	-1.480307550020207585e-01	1.767403572062094530e-01	-1.390142264204722866e-01	1.965833920394669254e-01	-4.927806015683399155e-01	9.999999999999988898e-01	-3.800452298317745226e-01	6.570080858086524422e-02	-1.360849318515062745e-01	2.964511016713699543e-01	-4.730372421429143714e-01	2.691426087123661715e-01	-7.170735903625274910e-02	1.648346094169228504e-01	-3.343599810145118090e-01	2.872326890858592496e-01	-4.675376312538008783e-01
-1.377023682313058828e-01	1.244570389219296080e-01	-1.572658952696590062e-01	1.337619388240160190e-01	-2.084221486433748272e-01	1.049802100147958911e-01	-1.576654094365360359e-01	2.058835348392811793e-01	-3.800452298317745226e-01	9.999999999999995559e-01	-4.907015620894257524e-02	9.913933959269075058e-02	-2.057852724829932756e-01	2.727853726838392334e-01	-7.887036338127944024e-01	5.168306815044145658e-02	-1.321447751654816760e-01	1.927699023059818439e-01	-2.164527611077760594e-01	2.477975838575315060e-01
1.105421828050017208e-01	-7.868519323970593615e-02	6.845646932435577037e-02	-4.413765454492736551e-02	5.383235766458953353e-02	-1.457144477832626184e-01	1.407436621072743199e-01	-7.864430427361343567e-02	6.570080858086524422e-02	-4.907015620894257524e-02	1.000000000000000222e+00	-2.398414676942051960e-01	5.900508891610700690e-02	-5.229156058851899824e-02	4.053625782969178665e-02	-9.358198585018782101e-01	1.857074843021477017e-01	-7.309423260189662486e-02	5.246378732749453627e-02	-7.968897610445450919e-02
-1.710609071425039929e-01	1.506918707752404885e-01	-1.333499488052465043e-01	8.468992159292683397e-02	-1.034546886617860179e-01	1.919957548029865291e-01	-4.125172613301978930e-01	1.658057133808659989e-01	-1.360849318515062745e-01	9.913933959269075058e-02	-2.398414676942051960e-01	1.000000000000000222e+00	-1.378985186335931756e-01	1.111677200587000980e-01	-8.365962706103957647e-02	1.945637462795833106e-01	-7.925638021409788792e-01	1.668854954728236362e-01	-1.152713827086320891e-01	1.607630647452799044e-01
1.389590350955479670e-01	-1.354143508823643094e-01	1.640867379951046756e-01	-1.084036627756092136e-01	1.383033334482855481e-01	-1.186283446287814958e-01	1.802464027750671494e-01	-5.470468858795217715e-01	2.964511016713699543e-01	-2.057852724829932756e-01	5.900508891610700690e-02	-1.378985186335931756e-01	9.999999999999997780e-01	-4.581406748537555917e-01	1.952214603048489372e-01	-6.348798735658971182e-02	1.643949266191437053e-01	-5.651461527511982830e-01	2.813888638711246060e-01	-2.781048598238770042e-01
-1.344104504552517121e-01	1.211633295449504322e-01	-1.505722670479123226e-01	1.068982975216313525e-01	-1.465918858886267329e-01	1.067752948410676250e-01	-1.636185163929673170e-01	2.699730086671946472e-01	-4.730372421429143714e-01	2.727853726838392334e-01	-5.229156058851899824e-02	1.111677200587000980e-01	-4.581406748537555917e-01	1.000000000000000000e+00	-4.229840979894579078e-01	5.544743666670651216e-02	-1.463885246715490307e-01	3.012406653742187301e-01	-4.991518259248479139e-01	3.017361233412016452e-01
1.064459838268302927e-01	-9.999066161629771576e-02	1.210050945753262802e-01	-1.038203948196154830e-01	1.405561108608585630e-01	-8.485302569908093062e-02	1.247345162727354628e-01	-1.935746455590383885e-01	2.691426087123661715e-01	-7.887036338127944024e-01	4.053625782969178665e-02	-8.365962706103957647e-02	1.952214603048489372e-01	-4.229840979894579078e-01	9.999999999999996669e-01	-4.331090788478580977e-02	1.080619691625190615e-01	-2.019197518642903422e-01	2.159559372167356994e-01	-2.988428917342488278e-01
-1.213721346236216747e-01	8.205077426875087565e-02	-7.526502788546711453e-02	4.763175379888771876e-02	-5.971874189537405841e-02	1.311233940414106847e-01	-1.518007095273162244e-01	8.201911125934160940e-02	-7.170735903625274910e-02	5.168306815044145658e-02	-9.358198585018782101e-01	1.945637462795833106e-01	-6.348798735658971182e-02	5.544743666670651216e-02	-4.331090788478580977e-02	9.999999999999996669e-01	-2.255042345479603694e-01	7.728493506752767694e-02	-5.632410940425733314e-02	8.250711071104807615e-02
1.679082365937067944e-01	-1.690341618329910256e-01	1.418967737195303280e-01	-9.835773024081356786e-02	1.153182086046170424e-01	-2.068023500265468440e-01	2.680829232148595476e-01	-2.104655310546680036e-01	1.648346094169228504e-01	-1.321447751654816760e-01	1.857074843021477017e-01	-7.925638021409788792e-01	1.643949266191437053e-01	-1.463885246715490307e-01	1.080619691625190615e-01	-2.255042345479603694e-01	1.000000000000000000e+00	-2.582342992058136444e-01	1.519019996752168922e-01	-2.286114270063461518e-01
-1.725516189568770398e-01	1.477043882105787964e-01	-1.835055084719506846e-01	1.202918111040831017e-01	-1.688272948336693169e-01	1.367733161138307008e-01	-2.176585409307316143e-01	2.849483552563190081e-01	-3.343599810145118090e-01	1.927699023059818439e-01	-7.309423260189662486e-02	1.668854954728236362e-01	-5.651461527511982830e-01	3.012406653742187301e-01	-2.019197518642903422e-01	7.728493506752767694e-02	-2.582342992058136444e-01	1.000000000000000444e+00	-5.489185180923297214e-01	2.963172174590008590e-01
1.273971697863408026e-01	-1.132745426305593328e-01	1.374170237264637495e-01	-9.635440091967205356e-02	1.328095282521883358e-01	-1.024240071361147142e-01	1.547669004731287434e-01	-2.366461851059051269e-01	2.872326890858592496e-01	-2.164527611077760594e-01	5.246378732749453627e-02	-1.152713827086320891e-01	2.813888638711246060e-01	-4.991518259248479139e-01	2.159559372167356994e-01	-5.632410940425733314e-02	1.519019996752168922e-01	-5.489185180923297214e-01	1.000000000000000000e+00	-5.565161383092336322e-01
-2.265452304018034657e-01	1.834508898647554398e-01	-2.347959286371892884e-01	1.605302372980106640e-01	-2.401450363080006867e-01	1.655373267378509872e-01	-2.608626618691439192e-01	2.730115149678050690e-01	-4.675376312538008783e-01	2.477975838575315060e-01	-7.968897610445450919e-02	1.607630647452799044e-01	-2.781048598238770042e-01	3.017361233412016452e-01	-2.988428917342488278e-01	8.250711071104807615e-02	-2.286114270063461518e-01	2.963172174590008590e-01	-5.565161383092336322e-01	1.000000000000000222e+00
