1.000000000000000222e+00	-2.131200264603980432e-01	1.648082798503475443e-01	-1.901758387135802919e-01	1.375095508612012019e-01	-7.430779119310487735e-01	3.021993077592651233e-01	-3.408054484215393143e-01	1.974753246484245162e-01	-2.442109740197264955e-01	1.983318679913727567e-01	-2.335304484821156545e-01	1.173891563388864412e-01	-9.518150877848485791e-02	6.742563242736948625e-02	-9.619391542253201421e-02	7.414383791347853303e-02	-1.148148353477332073e-01	9.101932879055085746e-02	-7.919135517496737886e-02
-2.131200264603980432e-01	1.000000000000000000e+00	-9.152600995749263779e-01	1.625068245458231586e-01	-1.348160776875439726e-01	1.364623029431026591e-01	-2.028544874850346791e-01	1.711187258285578328e-01	-1.485056194744100999e-01	1.358663837352450388e-01	-6.915305829143526817e-02	7.122540228862757339e-02	-5.383717633399107833e-02	4.745020900546297049e-02	-3.688631762420275378e-02	3.841464049308635637e-02	-3.106790522504699475e-02	4.912084852410061875e-02	-4.827563695337986488e-02	4.161109034136034612e-02
1.648082798503475443e-01	-9.152600995749263779e-01	1.000000000000000000e+00	-2.107438596837269140e-01	1.372903177601874081e-01	-1.268181115498987488e-01	1.673665330015868813e-01	-1.964639962572516663e-01	1.500264810585732744e-01	-1.548333763635094118e-01	6.483733150871597017e-02	-6.973531580216488224e-02	5.542155198203119887e-02	-4.961502922511042829e-02	4.055398474050895402e-02	-3.955081070912988550e-02	3.155607456497290519e-02	-5.157232181166809815e-02	4.915216399330833014e-02	-4.641978378523221177e-02
-1.901758387135802919e-01	1.625068245458231586e-01	-2.107438596837269140e-01	9.999999999999995559e-01	-7.325630049607954053e-01	1.228853902277371457e-01	-2.014231994661358771e-01	2.044522386527625746e-01	-4.739311898507105880e-01	3.171705695803070379e-01	-7.189110387780085765e-02	7.156133035295818290e-02	-6.833737376256221463e-02	7.345646535786651277e-02	-7.536380865514903660e-02	4.493360551172820294e-02	-3.716338148135027442e-02	6.028771718859966822e-02	-7.653509352870196958e-02	8.087373555587420992e-02
1.375095508612012019e-01	-1.348160776875439726e-01	1.372903177601874081e-01	-7.325630049607954053e-01	1.000000000000000000e+00	-9.421420373416071470e-02	1.442837613651053175e-01	-1.653968177381436033e-01	2.869225732567254328e-01	-5.641774164591951690e-01	5.638479830472521714e-02	-5.763223693651590984e-02	5.731585360778575222e-02	-6.831005578576967996e-02	9.957684367772905165e-02	-3.821274513786879212e-02	3.123745130774941217e-02	-5.178930696207077050e-02	6.848806266545601207e-02	-1.118973230471579372e-01
-7.430779119310487735e-01	1.364623029431026591e-01	-1.268181115498987488e-01	1.228853902277371457e-01	-9.421420373416071470e-02	9.999999999999997780e-01	-4.989586453316545711e-01	2.501993822489424479e-01	-1.558827635645981813e-01	1.523285072552378605e-01	-2.575210340651355456e-01	2.007220402471935061e-01	-9.245320618533320323e-02	6.820066990488599101e-02	-4.372707316259437371e-02	7.473855145538328693e-02	-5.998336535375176776e-02	8.486641958075313852e-02	-6.793172069987880868e-02	5.016479248403582503e-02
3.021993077592651233e-01	-2.028544874850346791e-01	1.673665330015868813e-01	-2.014231994661358771e-01	1.442837613651053175e-01	-4.989586453316545711e-01	1.000000000000000222e+00	-6.600206129246286579e-01	2.444253000010820631e-01	-2.543668602332632700e-01	1.577613241804971533e-01	-1.761936781743492497e-01	1.205765477596299762e-01	-9.148579478948155874e-02	6.622044994973118326e-02	-8.258767979738743104e-02	6.561203399248606571e-02	-1.113452070566053331e-01	8.743382989068979039e-02	-7.664291361922700996e-02
-3.408054484215393143e-01	1.711187258285578328e-01	-1.964639962572516663e-01	2.044522386527625746e-01	-1.653968177381436033e-01	2.501993822489424479e-01	-6.600206129246286579e-01	1.000000000000000888e+00	-4.848798748784783896e-01	2.424080561903510511e-01	-1.349200791845973357e-01	1.327130814709100437e-01	-1.606931482813004353e-01	1.011657379864775580e-01	-6.661878342932447961e-02	8.229476346441791379e-02	-6.866868393515263014e-02	1.215897698936248550e-01	-1.009033620637176387e-01	7.342907433692180685e-02
1.974753246484245162e-01	-1.485056194744100999e-01	1.500264810585732744e-01	-4.739311898507105880e-01	2.869225732567254328e-01	-1.558827635645981813e-01	2.444253000010820631e-01	-4.848798748784783896e-01	1.000000000000000888e+00	-5.882704724005038965e-01	8.808131588947890056e-02	-9.214583885120775086e-02	9.967670275513114408e-02	-1.121382991911923643e-01	1.101868951981169048e-01	-6.183217602666869761e-02	5.026857065637957422e-02	-8.921297796730542906e-02	1.036842861067368698e-01	-1.239482131498806233e-01
-2.442109740197264955e-01	1.358663837352450388e-01	-1.548333763635094118e-01	3.171705695803070379e-01	-5.641774164591951690e-01	1.523285072552378605e-01	-2.543668602332632700e-01	2.424080561903510511e-01	-5.882704724005038965e-01	1.000000000000000888e+00	-9.153380275898846674e-02	8.986772684552726820e-02	-8.960450581734116793e-02	1.058119062062694571e-01	-1.920752628343813939e-01	5.796229157405889676e-02	-4.834581742950353617e-02	7.830277134830467001e-02	-1.126891452001481386e-01	1.603894443404476344e-01
1.983318679913727567e-01	-6.915305829143526817e-02	6.483733150871597017e-02	-7.189110387780085765e-02	5.638479830472521714e-02	-2.575210340651355456e-01	1.577613241804971533e-01	-1.349200791845973357e-01	8.808131588947890056e-02	-9.153380275898846674e-02	1.000000000000001110e+00	-8.934154628657566821e-01	1.585877584070358171e-01	-9.084525879471667953e-02	3.459242485523845306e-02	-1.787655729309923780e-01	1.298115705424152111e-01	-1.516108374236833645e-01	9.032760295851638421e-02	-3.905976316941506266e-02
-2.335304484821156545e-01	7.122540228862757339e-02	-6.973531580216488224e-02	7.156133035295818290e-02	-5.763223693651590984e-02	2.007220402471935061e-01	-1.761936781743492497e-01	1.327130814709100437e-01	-9.214583885120775086e-02	8.986772684552726820e-02	-8.934154628657566821e-01	1.000000000000000666e+00	-2.021335349592232877e-01	9.450922673943577823e-02	-3.521439107149474529e-02	1.481091331827973645e-01	-1.364960779282626269e-01	1.488212296467341655e-01	-1.002370129765554618e-01	3.920484073576738226e-02
1.173891563388864412e-01	-5.383717633399107833e-02	5.542155198203119887e-02	-6.833737376256221463e-02	5.731585360778575222e-02	-9.245320618533320323e-02	1.205765477596299762e-01	-1.606931482813004353e-01	9.967670275513114408e-02	-8.960450581734116793e-02	1.585877584070358171e-01	-2.021335349592232877e-01	1.000000000000000666e+00	-3.297402943196851011e-01	6.124802589753884641e-02	-2.798394742689146453e-01	2.237499415752321474e-01	-7.959763201450180681e-01	2.445821079494487904e-01	-6.593259977295311269e-02
-9.518150877848485791e-02	4.745020900546297049e-02	-4.961502922511042829e-02	7.345646535786651277e-02	-6.831005578576967996e-02	6.820066990488599101e-02	-9.148579478948155874e-02	1.011657379864775580e-01	-1.121382991911923643e-01	1.058119062062694571e-01	-9.084525879471667953e-02	9.450922673943577823e-02	-3.297402943196851011e-01	1.000000000000001110e+00	-1.589738502563868283e-01	1.257585695710808915e-01	-1.100851803682032226e-01	2.243318281323806451e-01	-8.740515400178369143e-01	1.397422045237859956e-01
6.742563242736948625e-02	-3.688631762420275378e-02	4.055398474050895402e-02	-7.536380865514903660e-02	9.957684367772905165e-02	-4.372707316259437371e-02	6.622044994973118326e-02	-6.661878342932447961e-02	1.101868951981169048e-01	-1.920752628343813939e-01	3.459242485523845306e-02	-3.521439107149474529e-02	6.124802589753884641e-02	-1.589738502563868283e-01	1.000000000000000444e+00	-3.392713006828608491e-02	2.846155968131836717e-02	-5.290670469795395042e-02	1.350526498735648839e-01	-9.476251409060535424e-01
-9.619391542253201421e-02	3.841464049308635637e-02	-3.955081070912988550e-02	4.493360551172820294e-02	-3.821274513786879212e-02	7.473855145538328693e-02	-8.258767979738743104e-02	8.229476346441791379e-02	-6.183217602666869761e-02	5.796229157405889676e-02	-1.787655729309923780e-01	1.481091331827973645e-01	-2.798394742689146453e-01	1.257585695710808915e-01	-3.392713006828608491e-02	1.000000000000000444e+00	-8.813425253437189300e-01	2.485868203452544778e-01	-1.651220771147034194e-01	3.657573780967018906e-02
7.414383791347853303e-02	-3.106790522504699475e-02	3.155607456497290519e-02	-3.716338148135027442e-02	3.123745130774941217e-02	-5.998336535375176776e-02	6.561203399248606571e-02	-6.866868393515263014e-02	5.026857065637957422e-02	-4.834581742950353617e-02	1.298115705424152111e-01	-1.364960779282626269e-01	2.237499415752321474e-01	-1.100851803682032226e-01	2.846155968131836717e-02	-8.813425253437189300e-01	1.000000000000000222e+00	-3.578932151389028204e-01	1.272302490653591522e-01	-3.102513332605442986e-02
-1.148148353477332073e-01	4.912084852410061875e-02	-5.157232181166809815e-02	6.028771718859966822e-02	-5.178930696207077050e-02	8.486641958075313852e-02	-1.113452070566053331e-01	1.215897698936248550e-01	-8.921297796730542906e-02	7.830277134830467001e-02	-1.516108374236833645e-01	1.488212296467341655e-01	-7.959763201450180681e-01	2.243318281323806451e-01	-5.290670469795395042e-02	2.485868203452544778e-01	-3.578932151389028204e-01	1.000000000000000444e+00	-2.948808326556985326e-01	5.609516054232832616e-02
9.101932879055085746e-02	-4.827563695337986488e-02	4.915216399330833014e-02	-7.653509352870196958e-02	6.848806266545601207e-02	-6.793172069987880868e-02	8.743382989068979039e-02	-1.009033620637176387e-01	1.036842861067368698e-01	-1.126891452001481386e-01	9.032760295851638421e-02	-1.002370129765554618e-01	2.445821079494487904e-01	-8.740515400178369143e-01	1.350526498735648839e-01	-1.651220771147034194e-01	1.272302490653591522e-01	-2.948808326556985326e-01	1.000000000000000444e+00	-1.563438476628044582e-01
-7.919135517496737886e-02	4.161109034136034612e-02	-4.641978378523221177e-02	8.087373555587420992e-02	-1.118973230471579372e-01	5.016479248403582503e-02	-7.664291361922700996e-02	7.342907433692180685e-02	-1.239482131498806233e-01	1.603894443404476344e-01	-3.905976316941506266e-02	3.920484073576738226e-02	-6.593259977295311269e-02	1.397422045237859956e-01	-9.476251409060535424e-01	3.657573780967018906e-02	-3.102513332605442986e-02	5.609516054232832616e-02	-1.563438476628044582e-01	1.000000000000000444e+00
