1.000000000000000000e+00	-9.150716918409850242e-01	7.305244633289739720e-02	-3.520257875979646706e-02	2.855720303873803337e-02	-3.047987177215654708e-01	9.998986639993392989e-02	-6.233151556154556405e-02	2.831436502849831241e-02	-2.298721171010758083e-02	2.260692258407226152e-01	-1.004006340741076392e-01	3.606238974359458893e-02	-3.409980704478914049e-02	1.968498510772278068e-02	-2.943127363586262729e-02	2.899042912824737611e-02	-4.847905263433122114e-02	2.818888844510252303e-02	-1.610719691141329624e-02
-9.150716918409850242e-01	1.000000000000000444e+00	-8.906220460661597171e-02	3.893691191893029757e-02	-3.232384029172854362e-02	2.281455884926724964e-01	-1.096541533271467028e-01	6.652618688732410412e-02	-3.178711321995355416e-02	2.540005563583764420e-02	-2.932813535295442642e-01	9.927226012242705566e-02	-3.963191230657202302e-02	3.657943890652105151e-02	-2.161468404607286287e-02	3.375435225934868971e-02	-3.411615652239259611e-02	5.137221409414174239e-02	-3.098270309275928669e-02	1.753888591639369415e-02
7.305244633289739720e-02	-8.906220460661597171e-02	1.000000000000000000e+00	-4.071232350789386611e-01	2.201931485844464687e-01	-4.226459541253618085e-02	5.291074442644570081e-02	-7.348013209114506727e-01	2.247458859241530937e-01	-1.824698940083512300e-01	5.027969658753443649e-02	-5.443488508851000024e-02	2.523632105977972051e-01	-2.524287484038612028e-01	1.168286586506845220e-01	-1.234617293339547277e-02	1.203083204297217788e-02	-2.935758824672508038e-01	1.667048514462581843e-01	-1.006024317155078951e-01
-3.520257875979646706e-02	3.893691191893029757e-02	-4.071232350789386611e-01	1.000000000000000222e+00	-6.095366637306035562e-01	2.104468330837015733e-02	-2.566286274745319812e-02	2.328568158673000599e-01	-5.606271791314094699e-01	3.116836168088775727e-01	-2.566110746395625086e-02	2.630947682969443646e-02	-1.537487680742639085e-01	1.498722046792796692e-01	-9.237792311600115380e-02	6.373410221206425065e-03	-6.234379100710844140e-03	1.710790995867311759e-01	-1.165386438384871104e-01	7.455710576943333501e-02
2.855720303873803337e-02	-3.232384029172854362e-02	2.201931485844464687e-01	-6.095366637306035562e-01	1.000000000000000000e+00	-1.929654026087769536e-02	2.457413101554047768e-02	-2.213255887485563733e-01	3.314135536801017246e-01	-6.394898023073721793e-01	2.325797142550243071e-02	-2.565294828875607641e-02	1.386806525067484086e-01	-1.508885046575492439e-01	1.064512485075705672e-01	-6.273140300659457366e-03	6.114431827871129321e-03	-2.067741260712138707e-01	1.203461963482256036e-01	-8.802726333615842891e-02
-3.047987177215654708e-01	2.281455884926724964e-01	-4.226459541253618085e-02	2.104468330837015733e-02	-1.929654026087769536e-02	1.000000000000000444e+00	-2.514068776403144412e-01	3.931155013764674883e-02	-1.905040044479705888e-02	1.511310808310476449e-02	-8.704169757073284552e-01	1.972326936857504431e-01	-2.752971220534232780e-02	2.402509149593597473e-02	-1.500127062507169463e-02	6.702326993995820492e-02	-6.725386956477058531e-02	3.484460301209701266e-02	-2.162940985708165093e-02	1.190783699319232676e-02
9.998986639993392989e-02	-1.096541533271467028e-01	5.291074442644570081e-02	-2.566286274745319812e-02	2.457413101554047768e-02	-2.514068776403144412e-01	1.000000000000001332e+00	-6.228780341096231549e-02	2.491391530110029923e-02	-1.896075614683814456e-02	2.022375055605486749e-01	-9.305200411971834562e-01	4.382285475024314675e-02	-3.445381431477568396e-02	1.877967984028074133e-02	-9.633474502386761562e-02	9.041183126731143493e-02	-4.090428734184128889e-02	2.773389542886588524e-02	-1.518899812382751638e-02
-6.233151556154556405e-02	6.652618688732410412e-02	-7.348013209114506727e-01	2.328568158673000599e-01	-2.213255887485563733e-01	3.931155013764674883e-02	-6.228780341096231549e-02	1.000000000000000888e+00	-2.406213299421709195e-01	1.590809647721577180e-01	-4.732677985266998261e-02	5.899091366477501180e-02	-4.548033219864315302e-01	2.419278696654528771e-01	-1.185572699556846216e-01	1.229634834438200416e-02	-1.201499774939872832e-02	2.266802018570450161e-01	-1.805442858336674672e-01	9.694334725740808012e-02
2.831436502849831241e-02	-3.178711321995355416e-02	2.247458859241530937e-01	-5.606271791314094699e-01	3.314135536801017246e-01	-1.905040044479705888e-02	2.491391530110029923e-02	-2.406213299421709195e-01	1.000000000000000444e+00	-6.675292140755882953e-01	2.299281880125579602e-02	-2.586862604416649558e-02	1.594324019956669114e-01	-1.975247423739238672e-01	1.100397707042812812e-01	-6.193070012777126751e-03	6.041459968172654786e-03	-1.975976066108163232e-01	1.305914181995186940e-01	-9.168620435414197301e-02
-2.298721171010758083e-02	2.540005563583764420e-02	-1.824698940083512300e-01	3.116836168088775727e-01	-6.394898023073721793e-01	1.511310808310476449e-02	-1.896075614683814456e-02	1.590809647721577180e-01	-6.675292140755882953e-01	1.000000000000000666e+00	-1.845263002434020458e-02	1.958209632758470611e-02	-1.250323551459190385e-01	1.332820890565845073e-01	-1.194792928447638153e-01	4.829184803629442760e-03	-4.722727452491112636e-03	1.551877688739413674e-01	-1.127805880087406065e-01	8.774564091730041593e-02
2.260692258407226152e-01	-2.932813535295442642e-01	5.027969658753443649e-02	-2.566110746395625086e-02	2.325797142550243071e-02	-8.704169757073284552e-01	2.022375055605486749e-01	-4.732677985266998261e-02	2.299281880125579602e-02	-1.845263002434020458e-02	9.999999999999992228e-01	-2.493429798652941620e-01	3.328243167554873622e-02	-2.974481086974309352e-02	1.852397881465955159e-02	-8.857587724720680789e-02	7.872073665420983857e-02	-4.445118181293697401e-02	2.664662717946163911e-02	-1.475720331331989779e-02
-1.004006340741076392e-01	9.927226012242705566e-02	-5.443488508851000024e-02	2.630947682969443646e-02	-2.565294828875607641e-02	1.972326936857504431e-01	-9.305200411971834562e-01	5.899091366477501180e-02	-2.586862604416649558e-02	1.958209632758470611e-02	-2.493429798652941620e-01	9.999999999999996669e-01	-4.646707011716162683e-02	3.529195654736879545e-02	-1.973297169313481536e-02	9.866425174788744090e-02	-1.113735495180909751e-01	4.181911460146296722e-02	-2.920265682346048774e-02	1.583365738908806830e-02
3.606238974359458893e-02	-3.963191230657202302e-02	2.523632105977972051e-01	-1.537487680742639085e-01	1.386806525067484086e-01	-2.752971220534232780e-02	4.382285475024314675e-02	-4.548033219864315302e-01	1.594324019956669114e-01	-1.250323551459190385e-01	3.328243167554873622e-02	-4.646707011716162683e-02	9.999999999999994449e-01	-7.024490322825864830e-01	1.611570291993986714e-01	-9.896700065049038667e-03	9.735756932832531629e-03	-3.837090083657553885e-01	2.572457311052140372e-01	-1.485144812438974060e-01
-3.409980704478914049e-02	3.657943890652105151e-02	-2.524287484038612028e-01	1.498722046792796692e-01	-1.508885046575492439e-01	2.402509149593597473e-02	-3.445381431477568396e-02	2.419278696654528771e-01	-1.975247423739238672e-01	1.332820890565845073e-01	-2.974481086974309352e-02	3.529195654736879545e-02	-7.024490322825864830e-01	1.000000000000000888e+00	-2.266632000511265288e-01	8.202748030218854486e-03	-8.100605938370553441e-03	2.974191836389553090e-01	-4.764359249487806203e-01	1.861885710414552531e-01
1.968498510772278068e-02	-2.161468404607286287e-02	1.168286586506845220e-01	-9.237792311600115380e-02	1.064512485075705672e-01	-1.500127062507169463e-02	1.877967984028074133e-02	-1.185572699556846216e-01	1.100397707042812812e-01	-1.194792928447638153e-01	1.852397881465955159e-02	-1.973297169313481536e-02	1.611570291993986714e-01	-2.266632000511265288e-01	1.000000000000000888e+00	-5.677653359756775972e-03	5.572826173622487389e-03	-4.310707746058347611e-01	3.001042159979926405e-01	-8.069672034124530935e-01
-2.943127363586262729e-02	3.375435225934868971e-02	-1.234617293339547277e-02	6.373410221206425065e-03	-6.273140300659457366e-03	6.702326993995820492e-02	-9.633474502386761562e-02	1.229634834438200416e-02	-6.193070012777126751e-03	4.829184803629442760e-03	-8.857587724720680789e-02	9.866425174788744090e-02	-9.896700065049038667e-03	8.202748030218854486e-03	-5.677653359756775972e-03	1.000000000000000444e+00	-9.851063831277748761e-01	1.254492367841677884e-02	-8.189486060633667519e-03	4.336091151603374202e-03
2.899042912824737611e-02	-3.411615652239259611e-02	1.203083204297217788e-02	-6.234379100710844140e-03	6.114431827871129321e-03	-6.725386956477058531e-02	9.041183126731143493e-02	-1.201499774939872832e-02	6.041459968172654786e-03	-4.722727452491112636e-03	7.872073665420983857e-02	-1.113735495180909751e-01	9.735756932832531629e-03	-8.100605938370553441e-03	5.572826173622487389e-03	-9.851063831277748761e-01	1.000000000000000666e+00	-1.247084572406516670e-02	8.036665222075184759e-03	-4.261369311515187004e-03
-4.847905263433122114e-02	5.137221409414174239e-02	-2.935758824672508038e-01	1.710790995867311759e-01	-2.067741260712138707e-01	3.484460301209701266e-02	-4.090428734184128889e-02	2.266802018570450161e-01	-1.975976066108163232e-01	1.551877688739413674e-01	-4.445118181293697401e-02	4.181911460146296722e-02	-3.837090083657553885e-01	2.974191836389553090e-01	-4.310707746058347611e-01	1.254492367841677884e-02	-1.247084572406516670e-02	1.000000000000000444e+00	-6.061349307532698516e-01	2.742208706601224066e-01
2.818888844510252303e-02	-3.098270309275928669e-02	1.667048514462581843e-01	-1.165386438384871104e-01	1.203461963482256036e-01	-2.162940985708165093e-02	2.773389542886588524e-02	-1.805442858336674672e-01	1.305914181995186940e-01	-1.127805880087406065e-01	2.664662717946163911e-02	-2.920265682346048774e-02	2.572457311052140372e-01	-4.764359249487806203e-01	3.001042159979926405e-01	-8.189486060633667519e-03	8.036665222075184759e-03	-6.061349307532698516e-01	1.000000000000000444e+00	-4.831596879030178870e-01
-1.610719691141329624e-02	1.753888591639369415e-02	-1.006024317155078951e-01	7.455710576943333501e-02	-8.802726333615842891e-02	1.190783699319232676e-02	-1.518899812382751638e-02	9.694334725740808012e-02	-9.168620435414197301e-02	8.774564091730041593e-02	-1.475720331331989779e-02	1.583365738908806830e-02	-1.485144812438974060e-01	1.861885710414552531e-01	-8.069672034124530935e-01	4.336091151603374202e-03	-4.261369311515187004e-03	2.742208706601224066e-01	-4.831596879030178870e-01	1.000000000000000444e+00
