1.000000000000000000e+00	-1.280959146562676287e-01	1.041031387120471413e-01	-6.768953818853221116e-02	5.216015373868641836e-02	-5.179099085209257214e-02	5.202828788091354295e-02	-6.600263602046116396e-02	5.750614068865272932e-02	-6.145891891401412260e-02	2.698156143534221826e-02	-1.549104630560695084e-02	5.558742168367454550e-02	-5.699935703977382362e-02	9.058393050252527834e-02	-2.710289385426166431e-02	1.502622211698441575e-02	-2.437685294386626733e-02	2.289270117051693879e-02	-2.714210878045745720e-02	2.319755506167973935e-02	-2.580292338233716731e-02	2.644159506687124989e-02	-1.547885790545212512e-02	1.640495043624162416e-02
-1.280959146562676287e-01	1.000000000000000000e+00	-9.061355466972400574e-01	1.723606546701483555e-01	-1.439862287295690657e-01	1.324341837436550096e-01	-1.711837951610990782e-01	1.433009122105416144e-01	-1.324745355259946133e-01	1.118471782377557788e-01	-5.306572320555546368e-02	3.084857170054482872e-02	-1.348937106164989352e-01	1.053166947411882104e-01	-1.662020747647008356e-01	5.419015785894466808e-02	-2.968893347057229362e-02	3.921229011518279767e-02	-3.694595160393888966e-02	4.170367099183987930e-02	-3.681191120798064931e-02	4.114098549863673404e-02	-4.259925719405653621e-02	2.414786124767604944e-02	-2.572486112003182987e-02
1.041031387120471413e-01	-9.061355466972400574e-01	1.000000000000000222e+00	-2.226993527219640057e-01	1.358675898189330988e-01	-1.353610162986485510e-01	1.331403804589984530e-01	-1.720214567111605641e-01	1.257439398037431821e-01	-1.127777633527905637e-01	5.153715121961193607e-02	-2.967239872250138424e-02	1.293647838155231877e-01	-1.040061316483001930e-01	1.462913834194745077e-01	-5.490217673084810124e-02	2.815436019010806104e-02	-3.759521030088333604e-02	3.497639200325704245e-02	-3.979358418271294190e-02	3.573214729927647049e-02	-4.099778948609989621e-02	4.022026927681163211e-02	-2.292666614702216707e-02	2.421191572009491130e-02
-6.768953818853221116e-02	1.723606546701483555e-01	-2.226993527219640057e-01	9.999999999999998890e-01	-6.935107150327560754e-01	5.378409418803734021e-02	-5.607427452292258058e-02	1.477155978635749656e-01	-4.557530653956031186e-01	3.183887616594232028e-01	-3.031635474792502769e-02	2.307386217136556117e-02	-1.433362680107468923e-01	2.301545923969784968e-01	-3.532659938867238059e-01	3.039781892564006813e-02	-2.250604996622606463e-02	5.353146615394752811e-02	-5.952789215574490200e-02	6.623630205255759407e-02	-3.088890751285363473e-02	3.295894988470809278e-02	-5.775258073016373978e-02	3.673685953095929407e-02	-3.954803439697629486e-02
5.216015373868641836e-02	-1.439862287295690657e-01	1.358675898189330988e-01	-6.935107150327560754e-01	1.000000000000000000e+00	-4.453980275167796626e-02	4.477896786712044774e-02	-1.243545596366074507e-01	2.648246261673262714e-01	-6.021541614052521307e-01	2.427632339297725039e-02	-1.835425922593081002e-02	1.094101338139863294e-01	-1.908928833467631037e-01	2.527960233966045633e-01	-2.470146544090040877e-02	1.778402036872098885e-02	-4.226719648380683481e-02	4.642592983976268073e-02	-5.262687922762623871e-02	2.438627038876477887e-02	-2.640431577473616870e-02	4.444545559430997106e-02	-2.884173544112654530e-02	3.056672500058255776e-02
-5.179099085209257214e-02	1.324341837436550096e-01	-1.353610162986485510e-01	5.378409418803734021e-02	-4.453980275167796626e-02	9.999999999999997780e-01	-9.082769498021093790e-01	7.318060859403548168e-02	-4.971430143685654640e-02	4.376311470371753443e-02	-2.707736574251590200e-01	7.895307863655641467e-02	-6.744608074536141695e-02	4.742706565628660581e-02	-7.055562380469899975e-02	1.883918420777812852e-01	-7.858070579147315160e-02	4.026000357196051621e-02	-2.912120971196792765e-02	3.541779420101483222e-02	-8.701008651692290763e-02	9.551631990235333325e-02	-4.376039553196504894e-02	2.142985102983829132e-02	-2.179187811396608027e-02
5.202828788091354295e-02	-1.711837951610990782e-01	1.331403804589984530e-01	-5.607427452292258058e-02	4.477896786712044774e-02	-9.082769498021093790e-01	1.000000000000000000e+00	-8.231405406534565705e-02	5.055712473409083169e-02	-4.535233455229579352e-02	1.994556966627352990e-01	-9.516794577798710908e-02	6.945872307600454987e-02	-4.940301094217841582e-02	7.030075046576469977e-02	-2.189453128869537635e-01	8.390681292527397972e-02	-4.527604656601222355e-02	3.193429519623449536e-02	-3.959583579255849389e-02	9.388147851547798406e-02	-1.147285434630501144e-01	4.813979439761904844e-02	-2.372252288830883557e-02	2.381966137473626177e-02
-6.600263602046116396e-02	1.433009122105416144e-01	-1.720214567111605641e-01	1.477155978635749656e-01	-1.243545596366074507e-01	7.318060859403548168e-02	-8.231405406534565705e-02	9.999999999999998890e-01	-2.310421699432127773e-01	1.560945489498304362e-01	-4.608113160719311263e-02	5.486279629122286366e-02	-8.508459242048644899e-01	2.559570965804375264e-01	-3.091608168213281771e-01	4.508498860481015280e-02	-5.491616915431062063e-02	1.025189734989062490e-01	-8.851064030967840945e-02	9.126173027586215181e-02	-4.905501916564080495e-02	5.074257462680653585e-02	-1.078481348452795530e-01	5.577594063648237677e-02	-5.973182421472301995e-02
5.750614068865272932e-02	-1.324745355259946133e-01	1.257439398037431821e-01	-4.557530653956031186e-01	2.648246261673262714e-01	-4.971430143685654640e-02	5.055712473409083169e-02	-2.310421699432127773e-01	9.999999999999996669e-01	-4.611943547134679799e-01	3.025547860558081351e-02	-2.707640164252735071e-02	2.005328998009910935e-01	-6.193219042195705626e-01	3.213320380360714656e-01	-3.036126089524749175e-02	2.622240411790787915e-02	-7.294575084136094290e-02	8.658852124279760309e-02	-9.288150820909664429e-02	3.347308016356491389e-02	-3.584351054905057787e-02	7.180017631662814759e-02	-5.009155829516302727e-02	5.101470628000590035e-02
-6.145891891401412260e-02	1.118471782377557788e-01	-1.127777633527905637e-01	3.183887616594232028e-01	-6.021541614052521307e-01	4.376311470371753443e-02	-4.535233455229579352e-02	1.560945489498304362e-01	-4.611943547134679799e-01	9.999999999999994449e-01	-2.797713701118055216e-02	2.307985104147104033e-02	-1.506540402760611075e-01	2.610409325685165149e-01	-5.221222978154332894e-01	2.770386924202763654e-02	-2.257463585921466384e-02	6.003153480154099081e-02	-6.905639851592443312e-02	7.767556097562453021e-02	-3.171382018529563668e-02	3.342952992265637441e-02	-6.474960273817402523e-02	4.230634144472497638e-02	-4.596238069083720401e-02
2.698156143534221826e-02	-5.306572320555546368e-02	5.153715121961193607e-02	-3.031635474792502769e-02	2.427632339297725039e-02	-2.707736574251590200e-01	1.994556966627352990e-01	-4.608113160719311263e-02	3.025547860558081351e-02	-2.797713701118055216e-02	9.999999999999995559e-01	-1.156364628533946837e-01	4.165057423567365691e-02	-3.280467262182807514e-02	4.419587614132148429e-02	-8.717290500948855492e-01	1.070429895923117047e-01	-6.307024432075991616e-02	3.903030273295932800e-02	-5.140112524441024788e-02	2.048402177367555366e-01	-2.459046081530348038e-01	6.754578401003689947e-02	-3.122159029979261827e-02	2.982667621817639697e-02
-1.549104630560695084e-02	3.084857170054482872e-02	-2.967239872250138424e-02	2.307386217136556117e-02	-1.835425922593081002e-02	7.895307863655641467e-02	-9.516794577798710908e-02	5.486279629122286366e-02	-2.707640164252735071e-02	2.307985104147104033e-02	-1.156364628533946837e-01	1.000000000000000000e+00	-5.885136529367213792e-02	3.356720296692205369e-02	-3.754327943371950360e-02	1.123708825512555326e-01	-9.722893819556100992e-01	7.406897989434137186e-02	-4.349894055027508921e-02	4.286811687212394723e-02	-7.102499408644907808e-02	6.953938672580070590e-02	-7.341498613193671308e-02	2.933590491914176562e-02	-3.006454348927966452e-02
5.558742168367454550e-02	-1.348937106164989352e-01	1.293647838155231877e-01	-1.433362680107468923e-01	1.094101338139863294e-01	-6.744608074536141695e-02	6.945872307600454987e-02	-8.508459242048644899e-01	2.005328998009910935e-01	-1.506540402760611075e-01	4.165057423567365691e-02	-5.885136529367213792e-02	1.000000000000000888e+00	-3.695371495061658407e-01	2.334892718656014776e-01	-4.187661532302883183e-02	5.463034939834115339e-02	-1.138881104730424393e-01	8.890637571199840050e-02	-9.211431830236360696e-02	4.435515614783922672e-02	-4.732405190645644355e-02	1.007384223325628048e-01	-5.466722943041154442e-02	5.610959196187661341e-02
-5.699935703977382362e-02	1.053166947411882104e-01	-1.040061316483001930e-01	2.301545923969784968e-01	-1.908928833467631037e-01	4.742706565628660581e-02	-4.940301094217841582e-02	2.559570965804375264e-01	-6.193219042195705626e-01	2.610409325685165149e-01	-3.280467262182807514e-02	3.356720296692205369e-02	-3.695371495061658407e-01	1.000000000000001332e+00	-5.559567184671174722e-01	3.224022324559271124e-02	-3.291867797595306872e-02	9.791076788927817465e-02	-1.356866455603211175e-01	1.225878899762012086e-01	-3.993713845316476663e-02	4.181490698717404975e-02	-9.757106276179518256e-02	6.765106337283298410e-02	-6.976246580638427452e-02
9.058393050252527834e-02	-1.662020747647008356e-01	1.462913834194745077e-01	-3.532659938867238059e-01	2.527960233966045633e-01	-7.055562380469899975e-02	7.030075046576469977e-02	-3.091608168213281771e-01	3.213320380360714656e-01	-5.221222978154332894e-01	4.419587614132148429e-02	-3.754327943371950360e-02	2.334892718656014776e-01	-5.559567184671174722e-01	1.000000000000000444e+00	-4.469650778739445163e-02	3.616426877964701997e-02	-1.033929554858584177e-01	1.193810786931175649e-01	-1.502684961632839156e-01	4.986333814610262316e-02	-5.431410644689368961e-02	1.035663955122451962e-01	-7.344517258718140373e-02	7.660956420500672492e-02
-2.710289385426166431e-02	5.419015785894466808e-02	-5.490217673084810124e-02	3.039781892564006813e-02	-2.470146544090040877e-02	1.883918420777812852e-01	-2.189453128869537635e-01	4.508498860481015280e-02	-3.036126089524749175e-02	2.770386924202763654e-02	-8.717290500948855492e-01	1.123708825512555326e-01	-4.187661532302883183e-02	3.224022324559271124e-02	-4.469650778739445163e-02	1.000000000000000444e+00	-1.271108235073894754e-01	5.695005369798506606e-02	-3.590358641440474091e-02	4.591967164299990550e-02	-2.913656225823884616e-01	2.116067283717724679e-01	-6.315178124120912617e-02	2.840446184051853909e-02	-2.753672725303208182e-02
1.502622211698441575e-02	-2.968893347057229362e-02	2.815436019010806104e-02	-2.250604996622606463e-02	1.778402036872098885e-02	-7.858070579147315160e-02	8.390681292527397972e-02	-5.491616915431062063e-02	2.622240411790787915e-02	-2.257463585921466384e-02	1.070429895923117047e-01	-9.722893819556100992e-01	5.463034939834115339e-02	-3.291867797595306872e-02	3.616426877964701997e-02	-1.271108235073894754e-01	1.000000000000000222e+00	-8.064075707904422297e-02	4.335314575110258556e-02	-4.365826718862448469e-02	6.972182464683419900e-02	-7.324119692268442339e-02	7.104052143818646858e-02	-2.923555482686524334e-02	2.951210485112558402e-02
-2.437685294386626733e-02	3.921229011518279767e-02	-3.759521030088333604e-02	5.353146615394752811e-02	-4.226719648380683481e-02	4.026000357196051621e-02	-4.527604656601222355e-02	1.025189734989062490e-01	-7.294575084136094290e-02	6.003153480154099081e-02	-6.307024432075991616e-02	7.406897989434137186e-02	-1.138881104730424393e-01	9.791076788927817465e-02	-1.033929554858584177e-01	5.695005369798506606e-02	-8.064075707904422297e-02	1.000000000000000666e+00	-4.779832633472505532e-01	2.843180406052056575e-01	-1.319384954205776728e-01	1.296776171104148112e-01	-7.686528823457976500e-01	2.181685686301131633e-01	-2.198767703414711561e-01
2.289270117051693879e-02	-3.694595160393888966e-02	3.497639200325704245e-02	-5.952789215574490200e-02	4.642592983976268073e-02	-2.912120971196792765e-02	3.193429519623449536e-02	-8.851064030967840945e-02	8.658852124279760309e-02	-6.905639851592443312e-02	3.903030273295932800e-02	-4.349894055027508921e-02	8.890637571199840050e-02	-1.356866455603211175e-01	1.193810786931175649e-01	-3.590358641440474091e-02	4.335314575110258556e-02	-4.779832633472505532e-01	1.000000000000000666e+00	-7.121244029259932162e-01	7.506281047664972728e-02	-7.742727247741036656e-02	2.949284418633402183e-01	-3.592597023408100609e-01	2.656122115466094669e-01
-2.714210878045745720e-02	4.170367099183987930e-02	-3.979358418271294190e-02	6.623630205255759407e-02	-5.262687922762623871e-02	3.541779420101483222e-02	-3.959583579255849389e-02	9.126173027586215181e-02	-9.288150820909664429e-02	7.767556097562453021e-02	-5.140112524441024788e-02	4.286811687212394723e-02	-9.211431830236360696e-02	1.225878899762012086e-01	-1.502684961632839156e-01	4.591967164299990550e-02	-4.365826718862448469e-02	2.843180406052056575e-01	-7.121244029259932162e-01	1.000000000000000666e+00	-1.035082396242310993e-01	9.890291375873284940e-02	-3.857740814521189998e-01	2.868774128082636210e-01	-4.310814394179720010e-01
2.319755506167973935e-02	-3.681191120798064931e-02	3.573214729927647049e-02	-3.088890751285363473e-02	2.438627038876477887e-02	-8.701008651692290763e-02	9.388147851547798406e-02	-4.905501916564080495e-02	3.347308016356491389e-02	-3.171382018529563668e-02	2.048402177367555366e-01	-7.102499408644907808e-02	4.435515614783922672e-02	-3.993713845316476663e-02	4.986333814610262316e-02	-2.913656225823884616e-01	6.972182464683419900e-02	-1.319384954205776728e-01	7.506281047664972728e-02	-1.035082396242310993e-01	1.000000000000001110e+00	-8.981235818362407475e-01	1.463382055605023102e-01	-6.405524116021832359e-02	5.814460963415560291e-02
-2.580292338233716731e-02	4.114098549863673404e-02	-4.099778948609989621e-02	3.295894988470809278e-02	-2.640431577473616870e-02	9.551631990235333325e-02	-1.147285434630501144e-01	5.074257462680653585e-02	-3.584351054905057787e-02	3.342952992265637441e-02	-2.459046081530348038e-01	6.953938672580070590e-02	-4.732405190645644355e-02	4.181490698717404975e-02	-5.431410644689368961e-02	2.116067283717724679e-01	-7.324119692268442339e-02	1.296776171104148112e-01	-7.742727247741036656e-02	9.890291375873284940e-02	-8.981235818362407475e-01	1.000000000000001332e+00	-1.944683843050409866e-01	6.646874342637178190e-02	-6.273042927331795582e-02
2.644159506687124989e-02	-4.259925719405653621e-02	4.022026927681163211e-02	-5.775258073016373978e-02	4.444545559430997106e-02	-4.376039553196504894e-02	4.813979439761904844e-02	-1.078481348452795530e-01	7.180017631662814759e-02	-6.474960273817402523e-02	6.754578401003689947e-02	-7.341498613193671308e-02	1.007384223325628048e-01	-9.757106276179518256e-02	1.035663955122451962e-01	-6.315178124120912617e-02	7.104052143818646858e-02	-7.686528823457976500e-01	2.949284418633402183e-01	-3.857740814521189998e-01	1.463382055605023102e-01	-1.944683843050409866e-01	1.000000000000001332e+00	-3.087324515657119406e-01	2.211976217551233082e-01
-1.547885790545212512e-02	2.414786124767604944e-02	-2.292666614702216707e-02	3.673685953095929407e-02	-2.884173544112654530e-02	2.142985102983829132e-02	-2.372252288830883557e-02	5.577594063648237677e-02	-5.009155829516302727e-02	4.230634144472497638e-02	-3.122159029979261827e-02	2.933590491914176562e-02	-5.466722943041154442e-02	6.765106337283298410e-02	-7.344517258718140373e-02	2.840446184051853909e-02	-2.923555482686524334e-02	2.181685686301131633e-01	-3.592597023408100609e-01	2.868774128082636210e-01	-6.405524116021832359e-02	6.646874342637178190e-02	-3.087324515657119406e-01	1.000000000000001332e+00	-8.318411125455764665e-01
1.640495043624162416e-02	-2.572486112003182987e-02	2.421191572009491130e-02	-3.954803439697629486e-02	3.056672500058255776e-02	-2.179187811396608027e-02	2.381966137473626177e-02	-5.973182421472301995e-02	5.101470628000590035e-02	-4.596238069083720401e-02	2.982667621817639697e-02	-3.006454348927966452e-02	5.610959196187661341e-02	-6.976246580638427452e-02	7.660956420500672492e-02	-2.753672725303208182e-02	2.951210485112558402e-02	-2.198767703414711561e-01	2.656122115466094669e-01	-4.310814394179720010e-01	5.814460963415560291e-02	-6.273042927331795582e-02	2.211976217551233082e-01	-8.318411125455764665e-01	1.000000000000001332e+00
