1.000000000000000000e+00	-7.773801657273124999e-01	2.487695418623884769e-01	-2.178936791777423554e-01	7.479003658867895699e-02	-4.007238846519969311e-01	2.574009927038776735e-01	-2.742693485236461504e-01	1.741689165151369678e-01	-8.134067616770591924e-02	1.028034176040619058e-01	-1.100382879749095821e-01	9.985285704176284638e-02	-8.652473140636980642e-02	5.877066368382393574e-02	-6.994263502133941934e-02	7.226743237470831249e-02	-7.222169239196349344e-02	7.880767790251397287e-02	-6.223166055938789826e-02	6.787467800211073599e-02	-6.185843574819995666e-02	8.231776548626122680e-02	-2.814640285941638620e-02	2.649374358495167059e-02
-7.773801657273124999e-01	9.999999999999993339e-01	-4.110514651938064756e-01	2.051504569082936436e-01	-7.604581667071330653e-02	2.415429600927530285e-01	-2.887890454136684548e-01	2.447611985920338795e-01	-1.936558961545107593e-01	7.656809147821594386e-02	-1.011743901371917609e-01	1.042455193924933798e-01	-9.943004562681148628e-02	8.356614189278026295e-02	-5.830615191497923178e-02	6.580198263461189967e-02	-7.161601592314753573e-02	6.973010654649189344e-02	-7.820564258708674610e-02	5.948496745048426071e-02	-6.762545836520246489e-02	5.923462170336774024e-02	-8.128665204210083761e-02	2.683707920001569477e-02	-2.544121799096078773e-02
2.487695418623884769e-01	-4.110514651938064756e-01	9.999999999999990008e-01	-5.435210193170749715e-01	1.171701243049914631e-01	-1.696571960461467909e-01	1.810669031532763651e-01	-6.080668561098839797e-01	3.038603923658780848e-01	-1.218241860963513862e-01	7.897604220930487529e-02	-8.735617458870015284e-02	1.186124545979751616e-01	-1.079377540143924563e-01	7.192512397407282987e-02	-5.516117773884680192e-02	6.040464659518864077e-02	-8.159934963338490166e-02	9.028050986406351008e-02	-7.115976793150308177e-02	5.616615184737172584e-02	-5.160927110515470262e-02	8.731579756233887046e-02	-3.060123923302656562e-02	2.895387894455165451e-02
-2.178936791777423554e-01	2.051504569082936436e-01	-5.435210193170749715e-01	9.999999999999988898e-01	-2.364968897365762879e-01	1.341886063385456795e-01	-1.551747460209941254e-01	3.147741947474802515e-01	-6.656185937279784914e-01	1.884731144687368798e-01	-7.896781019233203858e-02	8.376862556072972588e-02	-1.285402037842521272e-01	1.385596561259619386e-01	-9.757530118003165942e-02	5.502582717926717687e-02	-6.098640339189526083e-02	8.701422804254493881e-02	-1.141169372710686691e-01	8.605309557162146850e-02	-5.776462209559762861e-02	5.223977107609408671e-02	-1.015338075043906441e-01	3.539159227284809778e-02	-3.405309236566897435e-02
7.479003658867895699e-02	-7.604581667071330653e-02	1.171701243049914631e-01	-2.364968897365762879e-01	9.999999999999995559e-01	-5.557432395106367412e-02	6.048108160115771292e-02	-1.225001604273275868e-01	1.792294813427952327e-01	-9.426119895275765215e-01	3.683886365367824295e-02	-3.936312069099932864e-02	6.206545732741892973e-02	-7.469440325006419801e-02	6.088144640688253340e-02	-2.652832477727241553e-02	2.910109536216914927e-02	-4.432974523333451516e-02	6.092181626109353931e-02	-5.483723791599998815e-02	2.790104469199326809e-02	-2.553676364809113336e-02	5.429325329462978550e-02	-2.077256010509177450e-02	1.983012207871142490e-02
-4.007238846519969311e-01	2.415429600927530285e-01	-1.696571960461467909e-01	1.341886063385456795e-01	-5.557432395106367412e-02	9.999999999999996669e-01	-8.032136896844526142e-01	1.996402717977276142e-01	-1.518906636613919225e-01	5.744798874122236665e-02	-2.000373718552534708e-01	1.836802347058868745e-01	-1.104258535684447540e-01	8.345267339960449338e-02	-5.822027075118176714e-02	1.133383669466373339e-01	-1.206366133665368046e-01	8.061737014191019957e-02	-8.346180646665905811e-02	6.234695178440653046e-02	-1.105164667272873352e-01	9.484690371360431083e-02	-9.334491358255636584e-02	2.944879229288767733e-02	-2.772562517630797890e-02
2.574009927038776735e-01	-2.887890454136684548e-01	1.810669031532763651e-01	-1.551747460209941254e-01	6.048108160115771292e-02	-8.032136896844526142e-01	9.999999999999994449e-01	-2.865742167836425325e-01	1.595045283743362075e-01	-6.457483632563491838e-02	1.751404807939798969e-01	-2.527020700594391767e-01	1.188530981485423355e-01	-9.168135064174508242e-02	6.229474766042855660e-02	-1.168400577185955136e-01	1.274900522209601317e-01	-8.824350867891712913e-02	8.817192850304846063e-02	-6.790215868908630603e-02	1.096451142394881811e-01	-1.035850080266013384e-01	9.764370979509627568e-02	-3.197641439086068571e-02	2.990480206097180516e-02
-2.742693485236461504e-01	2.447611985920338795e-01	-6.080668561098839797e-01	3.147741947474802515e-01	-1.225001604273275868e-01	1.996402717977276142e-01	-2.865742167836425325e-01	1.000000000000000000e+00	-5.344840940233253068e-01	1.207285062362623979e-01	-1.073515195952400164e-01	1.182366439062074448e-01	-1.976763683384683279e-01	1.497220297051119475e-01	-1.019397597579189130e-01	7.388933849347446847e-02	-8.366271432405791852e-02	1.180521036073228780e-01	-1.297200600973921203e-01	9.770599557394943346e-02	-7.680960143816753516e-02	6.993060170009843257e-02	-1.252401049482076423e-01	4.210939736824127755e-02	-4.007666005975125956e-02
1.741689165151369678e-01	-1.936558961545107593e-01	3.038603923658780848e-01	-6.656185937279784914e-01	1.792294813427952327e-01	-1.518906636613919225e-01	1.595045283743362075e-01	-5.344840940233253068e-01	1.000000000000000222e+00	-2.187153747276132099e-01	8.627688609100156447e-02	-9.642691099004932487e-02	1.552151575055177590e-01	-2.202214534532526413e-01	1.228789595473574331e-01	-6.255922939586427978e-02	6.898292977934908365e-02	-1.085614220970641530e-01	1.374609041795503972e-01	-1.127281326695431796e-01	6.428516790452901142e-02	-6.011616911674774050e-02	1.190973390727182724e-01	-4.462413079055464749e-02	4.248730749086879199e-02
-8.134067616770591924e-02	7.656809147821594386e-02	-1.218241860963513862e-01	1.884731144687368798e-01	-9.426119895275765215e-01	5.744798874122236665e-02	-6.457483632563491838e-02	1.207285062362623979e-01	-2.187153747276132099e-01	1.000000000000000222e+00	-3.987763592624674058e-02	4.196668370238388485e-02	-6.777598139778040487e-02	7.985238834037339251e-02	-6.922705503934226123e-02	2.845428416867580232e-02	-3.139727127899906434e-02	4.791145233908343515e-02	-6.774198174601299416e-02	5.846922662525013553e-02	-3.023697789436782454e-02	2.741809916647695161e-02	-5.963173036660920912e-02	2.214037148041508168e-02	-2.130418323592954064e-02
1.028034176040619058e-01	-1.011743901371917609e-01	7.897604220930487529e-02	-7.896781019233203858e-02	3.683886365367824295e-02	-2.000373718552534708e-01	1.751404807939798969e-01	-1.073515195952400164e-01	8.627688609100156447e-02	-3.987763592624674058e-02	1.000000000000000444e+00	-5.702577622503161026e-01	1.583719882421233405e-01	-1.093193060218034113e-01	7.403603471285288840e-02	-6.245604837435226875e-01	2.809868403409059856e-01	-1.337876071164587899e-01	1.169423167959383059e-01	-9.051531426392152302e-02	2.830926504741737570e-01	-2.906488024051487873e-01	1.459765726481643267e-01	-4.639749428621452176e-02	4.255605472664104189e-02
-1.100382879749095821e-01	1.042455193924933798e-01	-8.735617458870015284e-02	8.376862556072972588e-02	-3.936312069099932864e-02	1.836802347058868745e-01	-2.527020700594391767e-01	1.182366439062074448e-01	-9.642691099004932487e-02	4.196668370238388485e-02	-5.702577622503161026e-01	1.000000000000000444e+00	-2.335452064326430655e-01	1.210224308524400910e-01	-8.295762240254665743e-02	2.886200544152049408e-01	-5.589080845702150135e-01	1.670061266199008299e-01	-1.361457948312253530e-01	9.785012752075665510e-02	-3.232715541895733180e-01	2.750943350583832658e-01	-1.735812648221264909e-01	4.843150057522258023e-02	-4.482848938732323513e-02
9.985285704176284638e-02	-9.943004562681148628e-02	1.186124545979751616e-01	-1.285402037842521272e-01	6.206545732741892973e-02	-1.104258535684447540e-01	1.188530981485423355e-01	-1.976763683384683279e-01	1.552151575055177590e-01	-6.777598139778040487e-02	1.583719882421233405e-01	-2.335452064326430655e-01	1.000000000000001332e+00	-3.923908593217885210e-01	2.033899908404369350e-01	-1.291890298004945981e-01	1.651792044578169472e-01	-6.399655595169090327e-01	2.930023282652589600e-01	-2.520447545793015887e-01	1.317186705486738107e-01	-1.401649221430968928e-01	3.075056976832482025e-01	-1.108166157027740129e-01	9.942095113003382445e-02
-8.652473140636980642e-02	8.356614189278026295e-02	-1.079377540143924563e-01	1.385596561259619386e-01	-7.469440325006419801e-02	8.345267339960449338e-02	-9.168135064174508242e-02	1.497220297051119475e-01	-2.202214534532526413e-01	7.985238834037339251e-02	-1.093193060218034113e-01	1.210224308524400910e-01	-3.923908593217885210e-01	1.000000000000001332e+00	-6.184312288505812161e-01	8.290671671160897149e-02	-1.005125470608018712e-01	2.358937966980069467e-01	-4.715326233372180154e-01	3.155914526814742049e-01	-9.093451648355492523e-02	8.648716729199935893e-02	-2.618613528035630411e-01	1.030492326710016893e-01	-1.039536479022888371e-01
5.877066368382393574e-02	-5.830615191497923178e-02	7.192512397407282987e-02	-9.757530118003165942e-02	6.088144640688253340e-02	-5.822027075118176714e-02	6.229474766042855660e-02	-1.019397597579189130e-01	1.228789595473574331e-01	-6.922705503934226123e-02	7.403603471285288840e-02	-8.295762240254665743e-02	2.033899908404369350e-01	-6.184312288505812161e-01	1.000000000000001998e+00	-5.779840669010676002e-02	6.794264341240406624e-02	-1.593419054469853158e-01	2.911965918121907637e-01	-6.678267178258434633e-01	6.236264777047952068e-02	-6.021246428874481305e-02	1.756643403547636650e-01	-1.135490379159360963e-01	1.096222361862539407e-01
-6.994263502133941934e-02	6.580198263461189967e-02	-5.516117773884680192e-02	5.502582717926717687e-02	-2.652832477727241553e-02	1.133383669466373339e-01	-1.168400577185955136e-01	7.388933849347446847e-02	-6.255922939586427978e-02	2.845428416867580232e-02	-6.245604837435226875e-01	2.886200544152049408e-01	-1.291890298004945981e-01	8.290671671160897149e-02	-5.779840669010676002e-02	1.000000000000002442e+00	-3.597739702738995682e-01	1.123234858849231077e-01	-9.649947801695624161e-02	6.974386401702986626e-02	-5.897514019149141529e-01	2.851800190827651904e-01	-1.275039432902334846e-01	3.586182061636385837e-02	-3.313748608591463030e-02
7.226743237470831249e-02	-7.161601592314753573e-02	6.040464659518864077e-02	-6.098640339189526083e-02	2.910109536216914927e-02	-1.206366133665368046e-01	1.274900522209601317e-01	-8.366271432405791852e-02	6.898292977934908365e-02	-3.139727127899906434e-02	2.809868403409059856e-01	-5.589080845702150135e-01	1.651792044578169472e-01	-1.005125470608018712e-01	6.794264341240406624e-02	-3.597739702738995682e-01	1.000000000000001554e+00	-1.838101991724004625e-01	1.159115406172892687e-01	-8.376823353051979226e-02	3.010241521243334217e-01	-6.231261345745005009e-01	1.524267281045533218e-01	-4.198935137185054456e-02	3.836456528606160821e-02
-7.222169239196349344e-02	6.973010654649189344e-02	-8.159934963338490166e-02	8.701422804254493881e-02	-4.432974523333451516e-02	8.061737014191019957e-02	-8.824350867891712913e-02	1.180521036073228780e-01	-1.085614220970641530e-01	4.791145233908343515e-02	-1.337876071164587899e-01	1.670061266199008299e-01	-6.399655595169090327e-01	2.358937966980069467e-01	-1.593419054469853158e-01	1.123234858849231077e-01	-1.838101991724004625e-01	1.000000000000000888e+00	-3.984572985767813047e-01	2.007161017964408101e-01	-1.200932405669490194e-01	1.315599865187088713e-01	-5.391196104008771917e-01	9.200920642952328810e-02	-8.344569386675129707e-02
7.880767790251397287e-02	-7.820564258708674610e-02	9.028050986406351008e-02	-1.141169372710686691e-01	6.092181626109353931e-02	-8.346180646665905811e-02	8.817192850304846063e-02	-1.297200600973921203e-01	1.374609041795503972e-01	-6.774198174601299416e-02	1.169423167959383059e-01	-1.361457948312253530e-01	2.930023282652589600e-01	-4.715326233372180154e-01	2.911965918121907637e-01	-9.649947801695624161e-02	1.159115406172892687e-01	-3.984572985767813047e-01	1.000000000000001554e+00	-5.421926757924401263e-01	1.014397994400823427e-01	-1.038475299012599218e-01	2.847822894330821475e-01	-1.522829004947319764e-01	1.375780803245962303e-01
-6.223166055938789826e-02	5.948496745048426071e-02	-7.115976793150308177e-02	8.605309557162146850e-02	-5.483723791599998815e-02	6.234695178440653046e-02	-6.790215868908630603e-02	9.770599557394943346e-02	-1.127281326695431796e-01	5.846922662525013553e-02	-9.051531426392152302e-02	9.785012752075665510e-02	-2.520447545793015887e-01	3.155914526814742049e-01	-6.678267178258434633e-01	6.974386401702986626e-02	-8.376823353051979226e-02	2.007161017964408101e-01	-5.421926757924401263e-01	1.000000000000000666e+00	-7.718915013285777837e-02	7.335239355083070234e-02	-2.392169409391864399e-01	1.513460648666978270e-01	-1.815456037394816424e-01
6.787467800211073599e-02	-6.762545836520246489e-02	5.616615184737172584e-02	-5.776462209559762861e-02	2.790104469199326809e-02	-1.105164667272873352e-01	1.096451142394881811e-01	-7.680960143816753516e-02	6.428516790452901142e-02	-3.023697789436782454e-02	2.830926504741737570e-01	-3.232715541895733180e-01	1.317186705486738107e-01	-9.093451648355492523e-02	6.236264777047952068e-02	-5.897514019149141529e-01	3.010241521243334217e-01	-1.200932405669490194e-01	1.014397994400823427e-01	-7.718915013285777837e-02	1.000000000000000666e+00	-6.274881959538449738e-01	1.349933767260398654e-01	-4.056304086727342828e-02	3.706342911046292543e-02
-6.185843574819995666e-02	5.923462170336774024e-02	-5.160927110515470262e-02	5.223977107609408671e-02	-2.553676364809113336e-02	9.484690371360431083e-02	-1.035850080266013384e-01	6.993060170009843257e-02	-6.011616911674774050e-02	2.741809916647695161e-02	-2.906488024051487873e-01	2.750943350583832658e-01	-1.401649221430968928e-01	8.648716729199935893e-02	-6.021246428874481305e-02	2.851800190827651904e-01	-6.231261345745005009e-01	1.315599865187088713e-01	-1.038475299012599218e-01	7.335239355083070234e-02	-6.274881959538449738e-01	1.000000000000000444e+00	-1.548194504011727313e-01	3.814019887860624347e-02	-3.502553804069592075e-02
8.231776548626122680e-02	-8.128665204210083761e-02	8.731579756233887046e-02	-1.015338075043906441e-01	5.429325329462978550e-02	-9.334491358255636584e-02	9.764370979509627568e-02	-1.252401049482076423e-01	1.190973390727182724e-01	-5.963173036660920912e-02	1.459765726481643267e-01	-1.735812648221264909e-01	3.075056976832482025e-01	-2.618613528035630411e-01	1.756643403547636650e-01	-1.275039432902334846e-01	1.524267281045533218e-01	-5.391196104008771917e-01	2.847822894330821475e-01	-2.392169409391864399e-01	1.349933767260398654e-01	-1.548194504011727313e-01	1.000000000000000666e+00	-1.656315924470893597e-01	1.384074508344263210e-01
-2.814640285941638620e-02	2.683707920001569477e-02	-3.060123923302656562e-02	3.539159227284809778e-02	-2.077256010509177450e-02	2.944879229288767733e-02	-3.197641439086068571e-02	4.210939736824127755e-02	-4.462413079055464749e-02	2.214037148041508168e-02	-4.639749428621452176e-02	4.843150057522258023e-02	-1.108166157027740129e-01	1.030492326710016893e-01	-1.135490379159360963e-01	3.586182061636385837e-02	-4.198935137185054456e-02	9.200920642952328810e-02	-1.522829004947319764e-01	1.513460648666978270e-01	-4.056304086727342828e-02	3.814019887860624347e-02	-1.656315924470893597e-01	1.000000000000000444e+00	-9.504239625182251405e-01
2.649374358495167059e-02	-2.544121799096078773e-02	2.895387894455165451e-02	-3.405309236566897435e-02	1.983012207871142490e-02	-2.772562517630797890e-02	2.990480206097180516e-02	-4.007666005975125956e-02	4.248730749086879199e-02	-2.130418323592954064e-02	4.255605472664104189e-02	-4.482848938732323513e-02	9.942095113003382445e-02	-1.039536479022888371e-01	1.096222361862539407e-01	-3.313748608591463030e-02	3.836456528606160821e-02	-8.344569386675129707e-02	1.375780803245962303e-01	-1.815456037394816424e-01	3.706342911046292543e-02	-3.502553804069592075e-02	1.384074508344263210e-01	-9.504239625182251405e-01	1.000000000000000444e+00
