1.000000000000000222e+00	-4.321710604711894721e-01	2.216304285246440964e-01	-1.103212986183992883e-01	1.104946233176378190e-01	-7.616546740087062339e-01	2.136737663979902113e-01	-1.965530157591025839e-01	1.122947848983052166e-01	-1.067201728294883273e-01	2.555686493463069087e-01	-1.844670429280113877e-01	1.276749214857519910e-01	-1.093148299471729257e-01	1.014419984921142159e-01	-1.703322211049764778e-01	1.382209847670614333e-01	-1.164567471001468346e-01	8.629575274315906541e-02	-6.496951477232436323e-02	1.346841144498440168e-01	-1.386919046953212220e-01	8.903022803384381956e-02	-6.866474908570817381e-02	8.211345180936549526e-02
-4.321710604711894721e-01	1.000000000000000000e+00	-6.727816919786694383e-01	1.579803792136231788e-01	-1.560482552088178765e-01	2.499975188362025258e-01	-3.313148928738472998e-01	2.729181399145216846e-01	-1.692870250882887451e-01	1.346200003012189839e-01	-2.495001069305710362e-01	1.980546255718123871e-01	-1.831655604736292797e-01	1.421888026386740334e-01	-1.339155302956317184e-01	1.463150770816411816e-01	-1.623758330846965248e-01	1.397283439309318920e-01	-1.092242538571973759e-01	8.223753998000617182e-02	-1.465185081954114288e-01	1.405661244637884111e-01	-1.097742527708015781e-01	8.415115148470170281e-02	-1.044219192182273687e-01
2.216304285246440964e-01	-6.727816919786694383e-01	1.000000000000000000e+00	-2.384433151511758386e-01	1.716421460384227327e-01	-2.086949260668510553e-01	2.372393818251458952e-01	-5.089431001916829844e-01	2.091487831882909154e-01	-1.601600092105640305e-01	1.887539755355654159e-01	-1.771204140147836503e-01	2.067452339917146276e-01	-1.738233260744589947e-01	1.464627017238823437e-01	-1.302073084351532684e-01	1.390744767524682846e-01	-1.613316656698485507e-01	1.185850751759651572e-01	-9.045912252123100572e-02	1.242797361771483672e-01	-1.302315100167457385e-01	1.160001469368435179e-01	-9.167603375039987124e-02	1.113118254284834324e-01
-1.103212986183992883e-01	1.579803792136231788e-01	-2.384433151511758386e-01	1.000000000000000222e+00	-4.790851646268689534e-01	9.760176782454620115e-02	-1.487758397350200934e-01	2.386930555570555001e-01	-7.342044344446241322e-01	2.470983563874405431e-01	-1.281000211340982131e-01	1.091807248751007209e-01	-1.997726895530045899e-01	2.093530832796905439e-01	-1.945721157649123179e-01	8.656661444614806300e-02	-1.012757210982735967e-01	1.476128882223346206e-01	-1.301422511984965114e-01	1.042492726177815521e-01	-9.184928169174551293e-02	9.177823440583020298e-02	-1.161501220736248230e-01	9.514684940116072132e-02	-1.262295300683354271e-01
1.104946233176378190e-01	-1.560482552088178765e-01	1.716421460384227327e-01	-4.790851646268689534e-01	1.000000000000000222e+00	-1.037536086637368543e-01	1.463121399011767243e-01	-2.230439263570274111e-01	2.775838793378028746e-01	-6.511968490703644585e-01	1.391284703422458746e-01	-1.197753564648340041e-01	2.041120644199376222e-01	-2.433399298301248959e-01	2.567236381104289200e-01	-1.011354015858116906e-01	1.144145643171919774e-01	-1.913480320114526734e-01	1.623411000772179702e-01	-1.403520001537553186e-01	1.063954229725700418e-01	-1.093001763295362028e-01	1.472660409247341928e-01	-1.243757902786922220e-01	1.638902646574798005e-01
-7.616546740087062339e-01	2.499975188362025258e-01	-2.086949260668510553e-01	9.760176782454620115e-02	-1.037536086637368543e-01	1.000000000000000444e+00	-2.669951607323065579e-01	1.702016188654071616e-01	-1.040944555047026848e-01	9.636703837405859174e-02	-4.345771681252917351e-01	1.960725289937581550e-01	-1.207194346129298879e-01	9.944400125461265449e-02	-9.500160874925255017e-02	1.779692282695991834e-01	-1.511185754828765215e-01	1.069424716254501195e-01	-8.110085116204115985e-02	6.060208478921569331e-02	-1.525299812967056412e-01	1.399071688862820739e-01	-8.470577069221069122e-02	6.433191163389485878e-02	-7.738892179008638461e-02
2.136737663979902113e-01	-3.313148928738472998e-01	2.372393818251458952e-01	-1.487758397350200934e-01	1.463121399011767243e-01	-2.669951607323065579e-01	1.000000000000000000e+00	-3.722403411382559923e-01	1.590225986922297330e-01	-1.440766115210429799e-01	2.696375134017260922e-01	-6.595480881001226647e-01	1.887009878378405336e-01	-1.562373139808277966e-01	1.385595330033759787e-01	-1.977221471950779963e-01	2.500059607056572819e-01	-1.689744620872975778e-01	1.200825909971519750e-01	-8.960015281278022048e-02	1.787200474546961071e-01	-2.360715051698042966e-01	1.254454833010281434e-01	-9.639643258123833935e-02	1.122140622147890510e-01
-1.965530157591025839e-01	2.729181399145216846e-01	-5.089431001916829844e-01	2.386930555570555001e-01	-2.230439263570274111e-01	1.702016188654071616e-01	-3.722403411382559923e-01	9.999999999999993339e-01	-3.701542800059356431e-01	1.964083536855244227e-01	-2.209807141257394414e-01	2.087949126856218918e-01	-4.435942035040758014e-01	2.450669849623178242e-01	-2.054264693337716496e-01	1.418267337694751329e-01	-1.758449366733325636e-01	2.102762282675522953e-01	-1.629196684680578322e-01	1.216173116958175898e-01	-1.491818092951243402e-01	1.499275763609166923e-01	-1.562037995465263562e-01	1.209763212168038782e-01	-1.508445281015347306e-01
1.122947848983052166e-01	-1.692870250882887451e-01	2.091487831882909154e-01	-7.342044344446241322e-01	2.775838793378028746e-01	-1.040944555047026848e-01	1.590225986922297330e-01	-3.701542800059356431e-01	9.999999999999998890e-01	-2.803219978939417989e-01	1.326429896702017164e-01	-1.221471496239890236e-01	2.284225055709022123e-01	-3.160219918470279499e-01	2.046095587744420075e-01	-9.333809928047537285e-02	1.081944888616289679e-01	-1.719524671342730071e-01	1.430922272977670773e-01	-1.146266759841433058e-01	9.692848313013280315e-02	-1.007199545294273080e-01	1.264852605617748926e-01	-1.059957309235265432e-01	1.335202190577153558e-01
-1.067201728294883273e-01	1.346200003012189839e-01	-1.601600092105640305e-01	2.470983563874405431e-01	-6.511968490703644585e-01	9.636703837405859174e-02	-1.440766115210429799e-01	1.964083536855244227e-01	-2.803219978939417989e-01	9.999999999999983347e-01	-1.389001612055097146e-01	1.133309839855032169e-01	-2.353770166258476737e-01	2.543622374181196411e-01	-4.997615576972946339e-01	9.676543294437810194e-02	-1.147374497139731081e-01	2.015155509143145840e-01	-2.080300874831693403e-01	1.930863078541605327e-01	-1.061859140412162728e-01	1.060705113145939127e-01	-1.765175739277007882e-01	1.496194019440599543e-01	-2.360707121667389163e-01
2.555686493463069087e-01	-2.495001069305710362e-01	1.887539755355654159e-01	-1.281000211340982131e-01	1.391284703422458746e-01	-4.345771681252917351e-01	2.696375134017260922e-01	-2.209807141257394414e-01	1.326429896702017164e-01	-1.389001612055097146e-01	9.999999999999983347e-01	-3.974639145944443008e-01	1.600070613571716593e-01	-1.399016333998797934e-01	1.332393644498858498e-01	-5.079914942258547672e-01	2.457253974996219115e-01	-1.624832011413537003e-01	1.181726044286677962e-01	-8.800131431074022237e-02	2.695545718654330236e-01	-2.678960312611340933e-01	1.272377023519137840e-01	-9.680419763640293884e-02	1.121344423684954295e-01
-1.844670429280113877e-01	1.980546255718123871e-01	-1.771204140147836503e-01	1.091807248751007209e-01	-1.197753564648340041e-01	1.960725289937581550e-01	-6.595480881001226647e-01	2.087949126856218918e-01	-1.221471496239890236e-01	1.133309839855032169e-01	-3.974639145944443008e-01	1.000000000000000222e+00	-1.569358819877168243e-01	1.220267461815970900e-01	-1.154257801485371743e-01	2.122351375172396026e-01	-4.636377857223842880e-01	1.414165775176638162e-01	-1.033132661330194990e-01	7.541832313915375341e-02	-2.106641553581408144e-01	2.490612756241752379e-01	-1.127342466240975061e-01	8.327885012678025445e-02	-9.641884835804487297e-02
1.276749214857519910e-01	-1.831655604736292797e-01	2.067452339917146276e-01	-1.997726895530045899e-01	2.041120644199376222e-01	-1.207194346129298879e-01	1.887009878378405336e-01	-4.435942035040758014e-01	2.284225055709022123e-01	-2.353770166258476737e-01	1.600070613571716593e-01	-1.569358819877168243e-01	1.000000000000000000e+00	-5.831011849734846209e-01	2.637513714012262311e-01	-1.173807778718522626e-01	1.428890318138356930e-01	-4.357344009802658347e-01	2.288564073417295730e-01	-1.686747699716028004e-01	1.219883255919626541e-01	-1.339085832855978209e-01	2.080007646758861017e-01	-1.711907902551177418e-01	1.891480456583167213e-01
-1.093148299471729257e-01	1.421888026386740334e-01	-1.738233260744589947e-01	2.093530832796905439e-01	-2.433399298301248959e-01	9.944400125461265449e-02	-1.562373139808277966e-01	2.450669849623178242e-01	-3.160219918470279499e-01	2.543622374181196411e-01	-1.399016333998797934e-01	1.220267461815970900e-01	-5.831011849734846209e-01	1.000000000000000444e+00	-5.178174676405111754e-01	9.887717752567105889e-02	-1.210889839801991275e-01	2.652575081127460654e-01	-2.997572214284161540e-01	2.125943840369384774e-01	-1.067147880717292940e-01	1.117272184736637919e-01	-2.029541269336876952e-01	1.779786381049192345e-01	-2.329613035468668936e-01
1.014419984921142159e-01	-1.339155302956317184e-01	1.464627017238823437e-01	-1.945721157649123179e-01	2.567236381104289200e-01	-9.500160874925255017e-02	1.385595330033759787e-01	-2.054264693337716496e-01	2.046095587744420075e-01	-4.997615576972946339e-01	1.332393644498858498e-01	-1.154257801485371743e-01	2.637513714012262311e-01	-5.178174676405111754e-01	9.999999999999975575e-01	-9.869463738648086293e-02	1.161934095737928163e-01	-2.676022654309491711e-01	2.553855639369181363e-01	-4.017022870102753274e-01	1.051151356682725052e-01	-1.122819552988937042e-01	1.927773318642888034e-01	-1.947683118479387743e-01	2.676821844464027378e-01
-1.703322211049764778e-01	1.463150770816411816e-01	-1.302073084351532684e-01	8.656661444614806300e-02	-1.011354015858116906e-01	1.779692282695991834e-01	-1.977221471950779963e-01	1.418267337694751329e-01	-9.333809928047537285e-02	9.676543294437810194e-02	-5.079914942258547672e-01	2.122351375172396026e-01	-1.173807778718522626e-01	9.887717752567105889e-02	-9.869463738648086293e-02	1.000000000000000444e+00	-3.010758599508803202e-01	1.220888345089795324e-01	-9.145041035799990337e-02	6.639907412012863164e-02	-6.983610297024899216e-01	2.721087664446733001e-01	-1.046227505848587036e-01	7.580919174268439809e-02	-8.631395089444657276e-02
1.382209847670614333e-01	-1.623758330846965248e-01	1.390744767524682846e-01	-1.012757210982735967e-01	1.144145643171919774e-01	-1.511185754828765215e-01	2.500059607056572819e-01	-1.758449366733325636e-01	1.081944888616289679e-01	-1.147374497139731081e-01	2.457253974996219115e-01	-4.636377857223842880e-01	1.428890318138356930e-01	-1.210889839801991275e-01	1.161934095737928163e-01	-3.010758599508803202e-01	1.000000000000000000e+00	-1.853032952214494489e-01	1.162625191822086734e-01	-8.213286475789263741e-02	2.699611080899131932e-01	-6.883266899058102517e-01	1.401475474097989005e-01	-1.013602788391837345e-01	1.046208075654639635e-01
-1.164567471001468346e-01	1.397283439309318920e-01	-1.613316656698485507e-01	1.476128882223346206e-01	-1.913480320114526734e-01	1.069424716254501195e-01	-1.689744620872975778e-01	2.102762282675522953e-01	-1.719524671342730071e-01	2.015155509143145840e-01	-1.624832011413537003e-01	1.414165775176638162e-01	-4.357344009802658347e-01	2.652575081127460654e-01	-2.676022654309491711e-01	1.220888345089795324e-01	-1.853032952214494489e-01	9.999999999999992228e-01	-4.746668034723092733e-01	2.328156636073522301e-01	-1.373912628180902207e-01	1.571659480043762214e-01	-5.208096326441918889e-01	2.930624061058088037e-01	-3.024772933362887550e-01
8.629575274315906541e-02	-1.092242538571973759e-01	1.185850751759651572e-01	-1.301422511984965114e-01	1.623411000772179702e-01	-8.110085116204115985e-02	1.200825909971519750e-01	-1.629196684680578322e-01	1.430922272977670773e-01	-2.080300874831693403e-01	1.181726044286677962e-01	-1.033132661330194990e-01	2.288564073417295730e-01	-2.997572214284161540e-01	2.553855639369181363e-01	-9.145041035799990337e-02	1.162625191822086734e-01	-4.746668034723092733e-01	9.999999999999993339e-01	-4.760808927298652016e-01	9.891164478322737874e-02	-1.152811214127628658e-01	2.992209724653267511e-01	-5.159590226082451103e-01	3.128083021506477546e-01
-6.496951477232436323e-02	8.223753998000617182e-02	-9.045912252123100572e-02	1.042492726177815521e-01	-1.403520001537553186e-01	6.060208478921569331e-02	-8.960015281278022048e-02	1.216173116958175898e-01	-1.146266759841433058e-01	1.930863078541605327e-01	-8.800131431074022237e-02	7.541832313915375341e-02	-1.686747699716028004e-01	2.125943840369384774e-01	-4.017022870102753274e-01	6.639907412012863164e-02	-8.213286475789263741e-02	2.328156636073522301e-01	-4.760808927298652016e-01	9.999999999999995559e-01	-7.220129855299359245e-02	8.046528008270342758e-02	-2.038936394305069788e-01	2.468693662206585815e-01	-7.008367277698739350e-01
1.346841144498440168e-01	-1.465185081954114288e-01	1.242797361771483672e-01	-9.184928169174551293e-02	1.063954229725700418e-01	-1.525299812967056412e-01	1.787200474546961071e-01	-1.491818092951243402e-01	9.692848313013280315e-02	-1.061859140412162728e-01	2.695545718654330236e-01	-2.106641553581408144e-01	1.219883255919626541e-01	-1.067147880717292940e-01	1.051151356682725052e-01	-6.983610297024899216e-01	2.699611080899131932e-01	-1.373912628180902207e-01	9.891164478322737874e-02	-7.220129855299359245e-02	9.999999999999995559e-01	-5.065178978242755869e-01	1.169898915390854971e-01	-8.629534848649093870e-02	9.286477856870764547e-02
-1.386919046953212220e-01	1.405661244637884111e-01	-1.302315100167457385e-01	9.177823440583020298e-02	-1.093001763295362028e-01	1.399071688862820739e-01	-2.360715051698042966e-01	1.499275763609166923e-01	-1.007199545294273080e-01	1.060705113145939127e-01	-2.678960312611340933e-01	2.490612756241752379e-01	-1.339085832855978209e-01	1.117272184736637919e-01	-1.122819552988937042e-01	2.721087664446733001e-01	-6.883266899058102517e-01	1.571659480043762214e-01	-1.152811214127628658e-01	8.046528008270342758e-02	-5.065178978242755869e-01	9.999999999999995559e-01	-1.642901345665516433e-01	1.049227127400169518e-01	-1.051663646842829758e-01
8.903022803384381956e-02	-1.097742527708015781e-01	1.160001469368435179e-01	-1.161501220736248230e-01	1.472660409247341928e-01	-8.470577069221069122e-02	1.254454833010281434e-01	-1.562037995465263562e-01	1.264852605617748926e-01	-1.765175739277007882e-01	1.272377023519137840e-01	-1.127342466240975061e-01	2.080007646758861017e-01	-2.029541269336876952e-01	1.927773318642888034e-01	-1.046227505848587036e-01	1.401475474097989005e-01	-5.208096326441918889e-01	2.992209724653267511e-01	-2.038936394305069788e-01	1.169898915390854971e-01	-1.642901345665516433e-01	9.999999999999993339e-01	-6.702577398312647983e-01	2.423133082271179961e-01
-6.866474908570817381e-02	8.415115148470170281e-02	-9.167603375039987124e-02	9.514684940116072132e-02	-1.243757902786922220e-01	6.433191163389485878e-02	-9.639643258123833935e-02	1.209763212168038782e-01	-1.059957309235265432e-01	1.496194019440599543e-01	-9.680419763640293884e-02	8.327885012678025445e-02	-1.711907902551177418e-01	1.779786381049192345e-01	-1.947683118479387743e-01	7.580919174268439809e-02	-1.013602788391837345e-01	2.930624061058088037e-01	-5.159590226082451103e-01	2.468693662206585815e-01	-8.629534848649093870e-02	1.049227127400169518e-01	-6.702577398312647983e-01	9.999999999999995559e-01	-3.883329864816681409e-01
8.211345180936549526e-02	-1.044219192182273687e-01	1.113118254284834324e-01	-1.262295300683354271e-01	1.638902646574798005e-01	-7.738892179008638461e-02	1.122140622147890510e-01	-1.508445281015347306e-01	1.335202190577153558e-01	-2.360707121667389163e-01	1.121344423684954295e-01	-9.641884835804487297e-02	1.891480456583167213e-01	-2.329613035468668936e-01	2.676821844464027378e-01	-8.631395089444657276e-02	1.046208075654639635e-01	-3.024772933362887550e-01	3.128083021506477546e-01	-7.008367277698739350e-01	9.286477856870764547e-02	-1.051663646842829758e-01	2.423133082271179961e-01	-3.883329864816681409e-01	9.999999999999995559e-01
