1.000000000000000000e+00	-3.438839599965164417e-01	5.765692131790023378e-02	-4.689692787312683270e-02	8.206207642894627896e-02	-8.709875230554090519e-01	1.757952585302587911e-01	-1.206454041612554651e-01	8.934194380822321757e-02	-7.609697800779646748e-02	2.061213680633863510e-01	-1.728071647042071779e-01	9.634367540528281093e-02	-6.958452826716435280e-02	2.950713043466690264e-02	-1.483500813276227570e-01	1.445702346304552077e-01	-9.221120903707583083e-02	8.858869127627667928e-02	-3.465112830186214965e-02	9.991565683893421923e-02	-9.636320305581205781e-02	7.714280542667215079e-02	-6.373629076785100600e-02	8.473075464493694253e-02
-3.438839599965164417e-01	1.000000000000000222e+00	-1.480612038526621099e-01	1.143629418769598061e-01	-2.045427960659869093e-01	2.355549157544598871e-01	-6.208192552389495411e-01	2.651680191835953937e-01	-2.227748936239270228e-01	1.707101770278187380e-01	-3.007235004046652782e-01	3.057784419298335554e-01	-2.217160874551300787e-01	1.599245197700208398e-01	-6.739901764453908040e-02	1.928177012612345975e-01	-3.015486390201251310e-01	1.936657472007719538e-01	-2.142400218835565084e-01	7.804603075493053710e-02	-1.901851404098591491e-01	1.618795464707165066e-01	-1.759602099894149729e-01	1.403262232177453772e-01	-1.999002239916748414e-01
5.765692131790023378e-02	-1.480612038526621099e-01	1.000000000000000444e+00	-8.596970559534810041e-01	2.631039720765462331e-01	-5.924325142141872308e-02	1.167257598364469656e-01	-2.348448681605777855e-01	1.849209539106159150e-01	-2.537262346406737312e-01	8.294978622830881387e-02	-1.227559750229680197e-01	1.264275120850737733e-01	-1.304963302124272917e-01	7.966383646688134090e-02	-6.332913820226343526e-02	9.696102409654844267e-02	-1.181191880543299710e-01	1.321425619900273574e-01	-9.783650498026569275e-02	6.423492071149775051e-02	-6.192907196539833292e-02	9.976340084006848907e-02	-8.804540487185752440e-02	1.283296610606613208e-01
-4.689692787312683270e-02	1.143629418769598061e-01	-8.596970559534810041e-01	1.000000000000000222e+00	-3.812765013606168041e-01	4.770697200160343987e-02	-9.528533701200514461e-02	1.713168617035389363e-01	-1.944979610969461703e-01	2.096737096856552685e-01	-6.915374514184521870e-02	9.904605355286566493e-02	-1.077049445849276865e-01	1.160094312976056308e-01	-6.680430421760853721e-02	5.245747333879576674e-02	-8.111231835364247911e-02	9.809370317007462536e-02	-1.190919143732768609e-01	8.020036165166528896e-02	-5.371810797536510917e-02	5.139579255557429754e-02	-8.481993412414391698e-02	7.420309806899338945e-02	-1.079707260284779868e-01
8.206207642894627896e-02	-2.045427960659869093e-01	2.631039720765462331e-01	-3.812765013606168041e-01	1.000000000000000666e+00	-8.599682734912221516e-02	1.509465588670128866e-01	-2.511297473295084348e-01	2.409572232065110009e-01	-6.421832050631292033e-01	1.216203336531895135e-01	-1.752114021465499827e-01	1.665540003242765577e-01	-1.786518899745694333e-01	1.756922305307710708e-01	-9.354299646026049964e-02	1.415899093618644411e-01	-1.676032329309772861e-01	1.928013551538033110e-01	-2.186919629259869158e-01	9.693612299175394242e-02	-9.381065138782293533e-02	1.579412037032871252e-01	-1.406705612051353249e-01	2.293218054731585021e-01
-8.709875230554090519e-01	2.355549157544598871e-01	-5.924325142141872308e-02	4.770697200160343987e-02	-8.599682734912221516e-02	1.000000000000001110e+00	-1.853556920423367893e-01	1.186460353610196000e-01	-9.335435842259481865e-02	7.750213560258857604e-02	-3.021022195003346122e-01	1.650776052561761797e-01	-9.969414074004477599e-02	7.168192537298920253e-02	-3.031977595747007564e-02	1.588535333390451998e-01	-1.652005224111389170e-01	9.486790590637821097e-02	-9.343019870330927790e-02	3.546908436308304768e-02	-1.130485059609759591e-01	1.016743414300191606e-01	-8.127822324175876245e-02	6.615035964281537617e-02	-8.894775705564293700e-02
1.757952585302587911e-01	-6.208192552389495411e-01	1.167257598364469656e-01	-9.528533701200514461e-02	1.509465588670128866e-01	-1.853556920423367893e-01	1.000000000000001110e+00	-4.141068860910658289e-01	1.919974087258705386e-01	-1.426980635296913880e-01	2.048742560575257665e-01	-5.390553954707894002e-01	2.186318523988645124e-01	-1.446249692154371880e-01	5.496459315402236340e-02	-1.500430550012386566e-01	2.288636149960814326e-01	-1.815047843581925335e-01	1.733458867322214547e-01	-6.401903873271341805e-02	1.347252240541188251e-01	-1.272038668436788478e-01	1.381870119910973971e-01	-1.135658662731590107e-01	1.465288590894771037e-01
-1.206454041612554651e-01	2.651680191835953937e-01	-2.348448681605777855e-01	1.713168617035389363e-01	-2.511297473295084348e-01	1.186460353610196000e-01	-4.141068860910658289e-01	1.000000000000001332e+00	-4.666181823015493890e-01	2.271958338298695756e-01	-1.849379647330196275e-01	2.732119268478863106e-01	-4.802691520806916525e-01	2.607465812882479583e-01	-8.851369333108921600e-02	1.369056090274859416e-01	-2.239994414896990527e-01	2.733432155467389046e-01	-3.127983632274778381e-01	1.005512510278531585e-01	-1.380412470829501803e-01	1.289367710140077172e-01	-2.127985968356676527e-01	1.698165987128822940e-01	-2.149242386056897380e-01
8.934194380822321757e-02	-2.227748936239270228e-01	1.849209539106159150e-01	-1.944979610969461703e-01	2.409572232065110009e-01	-9.335435842259481865e-02	1.919974087258705386e-01	-4.666181823015493890e-01	1.000000000000001554e+00	-3.752798164566449879e-01	1.330107551681261602e-01	-2.122746564248927936e-01	2.517031237307256752e-01	-5.955056872888687680e-01	1.188517676839268150e-01	-1.049275830151015082e-01	1.619482127179633912e-01	-2.445219312532747047e-01	3.023222622651125513e-01	-1.350473121619069350e-01	1.042756209357024733e-01	-1.033096486572595285e-01	1.734592208709048733e-01	-1.639505609983850642e-01	1.906125529516897454e-01
-7.609697800779646748e-02	1.707101770278187380e-01	-2.537262346406737312e-01	2.096737096856552685e-01	-6.421832050631292033e-01	7.750213560258857604e-02	-1.426980635296913880e-01	2.271958338298695756e-01	-3.752798164566449879e-01	9.999999999999995559e-01	-1.230689901308569395e-01	1.606969422527986802e-01	-1.795772942158939955e-01	2.072594575063044231e-01	-3.204370960030645810e-01	9.281735401152547971e-02	-1.454277806412877794e-01	1.722740355420952219e-01	-2.486998565652046023e-01	2.356684218986034030e-01	-9.985402652398790713e-02	9.392412156022697522e-02	-1.791594321965728209e-01	1.543597729455855050e-01	-2.730480149767579023e-01
2.061213680633863510e-01	-3.007235004046652782e-01	8.294978622830881387e-02	-6.915374514184521870e-02	1.216203336531895135e-01	-3.021022195003346122e-01	2.048742560575257665e-01	-1.849379647330196275e-01	1.330107551681261602e-01	-1.230689901308569395e-01	1.000000000000005995e+00	-3.609504175982812813e-01	1.596135209947093514e-01	-1.123184578715155368e-01	4.736296282067456453e-02	-6.872020885939266188e-01	3.031811292592747620e-01	-1.700424975553830043e-01	1.386423060945588537e-01	-5.623217460442713617e-02	2.272138842967786343e-01	-2.413752146118135766e-01	1.299829596731489345e-01	-1.103632471867466158e-01	1.341383097316525275e-01
-1.728071647042071779e-01	3.057784419298335554e-01	-1.227559750229680197e-01	9.904605355286566493e-02	-1.752114021465499827e-01	1.650776052561761797e-01	-5.390553954707894002e-01	2.732119268478863106e-01	-2.122746564248927936e-01	1.606969422527986802e-01	-3.609504175982812813e-01	1.000000000000003775e+00	-3.302679541747701175e-01	1.687392389253737912e-01	-6.401224792625011262e-02	2.389341141607458086e-01	-4.716505676194641672e-01	2.376201713551833183e-01	-2.181240039333202096e-01	7.432101681533719029e-02	-2.169705630770809857e-01	1.939306110237219161e-01	-1.833698167480415642e-01	1.450158083064134740e-01	-1.854315860125810289e-01
9.634367540528281093e-02	-2.217160874551300787e-01	1.264275120850737733e-01	-1.077049445849276865e-01	1.665540003242765577e-01	-9.969414074004477599e-02	2.186318523988645124e-01	-4.802691520806916525e-01	2.517031237307256752e-01	-1.795772942158939955e-01	1.596135209947093514e-01	-3.302679541747701175e-01	1.000000000000003109e+00	-3.092203529495562986e-01	7.206538702444584277e-02	-1.324531920377029770e-01	2.174433538594115478e-01	-6.455665106344563586e-01	2.796723980908913387e-01	-8.396576228000471320e-02	1.238694408783574952e-01	-1.264042183843442357e-01	2.140439350173677369e-01	-1.848150262661031884e-01	1.770418340007256508e-01
-6.958452826716435280e-02	1.599245197700208398e-01	-1.304963302124272917e-01	1.160094312976056308e-01	-1.786518899745694333e-01	7.168192537298920253e-02	-1.446249692154371880e-01	2.607465812882479583e-01	-5.955056872888687680e-01	2.072594575063044231e-01	-1.123184578715155368e-01	1.687392389253737912e-01	-3.092203529495562986e-01	1.000000000000002665e+00	-9.996115223993476406e-02	8.894322827901617046e-02	-1.436675539095256804e-01	2.454294774545037749e-01	-6.359319688645111990e-01	1.049168514078098607e-01	-8.997593394033018277e-02	8.862182794072222258e-02	-1.742094412445147622e-01	1.610157061721766425e-01	-1.681286402045396589e-01
2.950713043466690264e-02	-6.739901764453908040e-02	7.966383646688134090e-02	-6.680430421760853721e-02	1.756922305307710708e-01	-3.031977595747007564e-02	5.496459315402236340e-02	-8.851369333108921600e-02	1.188517676839268150e-01	-3.204370960030645810e-01	4.736296282067456453e-02	-6.401224792625011262e-02	7.206538702444584277e-02	-9.996115223993476406e-02	1.000000000000003331e+00	-3.633203303086687819e-02	5.655763504117606449e-02	-7.230414286905684218e-02	1.064079974129513440e-01	-9.092871618258725475e-01	3.887940163450276376e-02	-3.734331003900785012e-02	7.361701325540033480e-02	-7.099166387490163377e-02	1.261739218714595101e-01
-1.483500813276227570e-01	1.928177012612345975e-01	-6.332913820226343526e-02	5.245747333879576674e-02	-9.354299646026049964e-02	1.588535333390451998e-01	-1.500430550012386566e-01	1.369056090274859416e-01	-1.049275830151015082e-01	9.281735401152547971e-02	-6.872020885939266188e-01	2.389341141607458086e-01	-1.324531920377029770e-01	8.894322827901617046e-02	-3.633203303086687819e-02	1.000000000000001776e+00	-5.118987315401473115e-01	1.449646712171872576e-01	-1.152952526316683018e-01	4.291455692568278690e-02	-3.573812585989887824e-01	2.530892101518653070e-01	-1.120426392082910644e-01	9.062759566633053765e-02	-1.065298092408472341e-01
1.445702346304552077e-01	-3.015486390201251310e-01	9.696102409654844267e-02	-8.111231835364247911e-02	1.415899093618644411e-01	-1.652005224111389170e-01	2.288636149960814326e-01	-2.239994414896990527e-01	1.619482127179633912e-01	-1.454277806412877794e-01	3.031811292592747620e-01	-4.716505676194641672e-01	2.174433538594115478e-01	-1.436675539095256804e-01	5.655763504117606449e-02	-5.118987315401473115e-01	1.000000000000000222e+00	-2.933564653246001908e-01	1.800551556070010273e-01	-6.705628820769977960e-02	2.767712563596257391e-01	-3.945639796187344617e-01	1.712242451572465463e-01	-1.428526857974204145e-01	1.597609412373764970e-01
-9.221120903707583083e-02	1.936657472007719538e-01	-1.181191880543299710e-01	9.809370317007462536e-02	-1.676032329309772861e-01	9.486790590637821097e-02	-1.815047843581925335e-01	2.733432155467389046e-01	-2.445219312532747047e-01	1.722740355420952219e-01	-1.700424975553830043e-01	2.376201713551833183e-01	-6.455665106344563586e-01	2.454294774545037749e-01	-7.230414286905684218e-02	1.449646712171872576e-01	-2.933564653246001908e-01	1.000000000000001110e+00	-4.224132648830221659e-01	8.381336277079919073e-02	-1.398140743685473419e-01	1.417704751222388093e-01	-3.636917906774999043e-01	2.235538611504488682e-01	-2.055358317723021688e-01
8.858869127627667928e-02	-2.142400218835565084e-01	1.321425619900273574e-01	-1.190919143732768609e-01	1.928013551538033110e-01	-9.343019870330927790e-02	1.733458867322214547e-01	-3.127983632274778381e-01	3.023222622651125513e-01	-2.486998565652046023e-01	1.386423060945588537e-01	-2.181240039333202096e-01	2.796723980908913387e-01	-6.359319688645111990e-01	1.064079974129513440e-01	-1.152952526316683018e-01	1.800551556070010273e-01	-4.224132648830221659e-01	1.000000000000001776e+00	-1.284007114195022947e-01	1.140659358844503118e-01	-1.175943271098126020e-01	2.331540469231889179e-01	-2.749869570098742444e-01	2.130504084558588196e-01
-3.465112830186214965e-02	7.804603075493053710e-02	-9.783650498026569275e-02	8.020036165166528896e-02	-2.186919629259869158e-01	3.546908436308304768e-02	-6.401903873271341805e-02	1.005512510278531585e-01	-1.350473121619069350e-01	2.356684218986034030e-01	-5.623217460442713617e-02	7.432101681533719029e-02	-8.396576228000471320e-02	1.049168514078098607e-01	-9.092871618258725475e-01	4.291455692568278690e-02	-6.705628820769977960e-02	8.381336277079919073e-02	-1.284007114195022947e-01	1.000000000000002220e+00	-4.633392088794287267e-02	4.420869160412058130e-02	-8.950902909958834142e-02	8.457366212824915519e-02	-1.669055374071401476e-01
9.991565683893421923e-02	-1.901851404098591491e-01	6.423492071149775051e-02	-5.371810797536510917e-02	9.693612299175394242e-02	-1.130485059609759591e-01	1.347252240541188251e-01	-1.380412470829501803e-01	1.042756209357024733e-01	-9.985402652398790713e-02	2.272138842967786343e-01	-2.169705630770809857e-01	1.238694408783574952e-01	-8.997593394033018277e-02	3.887940163450276376e-02	-3.573812585989887824e-01	2.767712563596257391e-01	-1.398140743685473419e-01	1.140659358844503118e-01	-4.633392088794287267e-02	1.000000000000001998e+00	-8.274864603542696484e-01	1.363143871434799037e-01	-1.129541218402950742e-01	1.184657268464192614e-01
-9.636320305581205781e-02	1.618795464707165066e-01	-6.192907196539833292e-02	5.139579255557429754e-02	-9.381065138782293533e-02	1.016743414300191606e-01	-1.272038668436788478e-01	1.289367710140077172e-01	-1.033096486572595285e-01	9.392412156022697522e-02	-2.413752146118135766e-01	1.939306110237219161e-01	-1.264042183843442357e-01	8.862182794072222258e-02	-3.734331003900785012e-02	2.530892101518653070e-01	-3.945639796187344617e-01	1.417704751222388093e-01	-1.175943271098126020e-01	4.420869160412058130e-02	-8.274864603542696484e-01	1.000000000000002442e+00	-1.623127084202994896e-01	1.152960457538271255e-01	-1.209618116334791049e-01
7.714280542667215079e-02	-1.759602099894149729e-01	9.976340084006848907e-02	-8.481993412414391698e-02	1.579412037032871252e-01	-8.127822324175876245e-02	1.381870119910973971e-01	-2.127985968356676527e-01	1.734592208709048733e-01	-1.791594321965728209e-01	1.299829596731489345e-01	-1.833698167480415642e-01	2.140439350173677369e-01	-1.742094412445147622e-01	7.361701325540033480e-02	-1.120426392082910644e-01	1.712242451572465463e-01	-3.636917906774999043e-01	2.331540469231889179e-01	-8.950902909958834142e-02	1.363143871434799037e-01	-1.623127084202994896e-01	1.000000000000002442e+00	-7.396069367069990630e-01	2.851738431696132503e-01
-6.373629076785100600e-02	1.403262232177453772e-01	-8.804540487185752440e-02	7.420309806899338945e-02	-1.406705612051353249e-01	6.615035964281537617e-02	-1.135658662731590107e-01	1.698165987128822940e-01	-1.639505609983850642e-01	1.543597729455855050e-01	-1.103632471867466158e-01	1.450158083064134740e-01	-1.848150262661031884e-01	1.610157061721766425e-01	-7.099166387490163377e-02	9.062759566633053765e-02	-1.428526857974204145e-01	2.235538611504488682e-01	-2.749869570098742444e-01	8.457366212824915519e-02	-1.129541218402950742e-01	1.152960457538271255e-01	-7.396069367069990630e-01	1.000000000000002220e+00	-4.839405591433408871e-01
8.473075464493694253e-02	-1.999002239916748414e-01	1.283296610606613208e-01	-1.079707260284779868e-01	2.293218054731585021e-01	-8.894775705564293700e-02	1.465288590894771037e-01	-2.149242386056897380e-01	1.906125529516897454e-01	-2.730480149767579023e-01	1.341383097316525275e-01	-1.854315860125810289e-01	1.770418340007256508e-01	-1.681286402045396589e-01	1.261739218714595101e-01	-1.065298092408472341e-01	1.597609412373764970e-01	-2.055358317723021688e-01	2.130504084558588196e-01	-1.669055374071401476e-01	1.184657268464192614e-01	-1.209618116334791049e-01	2.851738431696132503e-01	-4.839405591433408871e-01	1.000000000000002220e+00
