1.000000000000000000e+00	-3.116788982579166145e-01	1.297121671069425830e-01	-8.197726654453910133e-02	3.988007858908218517e-02	-9.033961215131424138e-01	2.332779781311342948e-01	-1.536208840835118217e-01	5.876833257722908349e-02	-3.615672404510403976e-02	7.249421287832169547e-02	-7.224440976327062280e-02	7.167711540465723785e-02	-7.318317549182079551e-02	8.552171042478456942e-02	-5.044353122491434388e-02	6.209912772817958310e-02	-5.285604904981409946e-02	6.142673658259623776e-02	-5.614667312887205997e-02	6.539644290213855737e-02	-5.147362769368243884e-02	5.249646201044798344e-02	-4.211675413823517955e-02	4.086916255712397250e-02
-3.116788982579166145e-01	9.999999999999997780e-01	-4.494759146782416614e-01	2.010276706640764799e-01	-1.087384077130248428e-01	2.304056543835562576e-01	-6.497855595105885840e-01	3.106033357633654068e-01	-1.545725935156112563e-01	9.357465683929844236e-02	-1.340882706689818238e-01	1.603473893467569078e-01	-1.740739270604772793e-01	1.717518732960789385e-01	-2.409405677991658390e-01	9.098950741154278321e-02	-1.486007186917498724e-01	1.238271972878985799e-01	-1.540152239540719947e-01	1.339203410787430104e-01	-1.498214173427626916e-01	1.168056235340678289e-01	-1.261639588310426441e-01	9.950879794468316109e-02	-1.004708812826529962e-01
1.297121671069425830e-01	-4.494759146782416614e-01	1.000000000000000000e+00	-3.973230078446476909e-01	1.243123264838064401e-01	-1.306844091432577681e-01	2.889418132363402725e-01	-6.789381939557496137e-01	2.013172646453149084e-01	-1.136595978471385271e-01	9.588593648827482829e-02	-1.271514064790302823e-01	1.403322935127128412e-01	-2.088014445228515148e-01	2.032027509045778169e-01	-6.689577671903228218e-02	1.101571293773153937e-01	-1.018532113398618183e-01	1.230045462109426446e-01	-1.133863631254990734e-01	1.099607755616197613e-01	-9.207446302567715013e-02	9.743280904155914024e-02	-8.098007366524975770e-02	8.035058203345490924e-02
-8.197726654453910133e-02	2.010276706640764799e-01	-3.973230078446476909e-01	1.000000000000000000e+00	-3.146006236970580461e-01	7.695945610879029175e-02	-1.721068678448752221e-01	2.253768015101683120e-01	-6.196671453761651849e-01	2.361447356018407107e-01	-1.174042086489997250e-01	1.074710818877318841e-01	-1.285139225000098695e-01	3.062725912229037339e-01	-3.789519016846257249e-01	7.828075204834530898e-02	-1.187588844971604329e-01	1.088550374402931925e-01	-1.647087706522173400e-01	1.504075852796432911e-01	-1.371252099301304983e-01	1.008523561029520399e-01	-1.149099799148046164e-01	1.001765751954955541e-01	-1.076733932723007436e-01
3.988007858908218517e-02	-1.087384077130248428e-01	1.243123264838064401e-01	-3.146006236970580461e-01	1.000000000000000000e+00	-3.861442223008330205e-02	8.057997780398927501e-02	-1.120319922575533228e-01	2.510699396094221991e-01	-8.793816445980074947e-01	5.605878933668200642e-02	-5.321552110591106638e-02	6.157696453915154772e-02	-2.367108647773103758e-01	1.846918385442728183e-01	-3.781021257392426504e-02	5.727799832894242549e-02	-5.424926065122064739e-02	8.063549550190587945e-02	-8.268870962221568088e-02	6.558675710469367981e-02	-4.987136099596258670e-02	5.599568414160359386e-02	-5.182989424934342226e-02	5.371713244679973687e-02
-9.033961215131424138e-01	2.304056543835562576e-01	-1.306844091432577681e-01	7.695945610879029175e-02	-3.861442223008330205e-02	9.999999999999998890e-01	-3.167011479506896543e-01	1.443283667293625561e-01	-5.668256341444320029e-02	3.458975921449199825e-02	-7.702539937983135521e-02	7.298814945732545745e-02	-7.310884779049446613e-02	6.868082073903682139e-02	-8.367758886041093414e-02	5.091476984405590017e-02	-6.296800293900690904e-02	5.229735119502747914e-02	-6.058301338710733036e-02	5.440536400329830380e-02	-6.538435599236447349e-02	5.093733121290568155e-02	-5.219827852916404665e-02	4.121732264355552899e-02	-4.011351897989869769e-02
2.332779781311342948e-01	-6.497855595105885840e-01	2.889418132363402725e-01	-1.721068678448752221e-01	8.057997780398927501e-02	-3.167011479506896543e-01	9.999999999999998890e-01	-5.267898948791026603e-01	1.236830881633867590e-01	-7.347506785098989468e-02	1.024247343774046387e-01	-1.983573823387407009e-01	1.662622265100819618e-01	-1.461745829083108961e-01	1.631981427385380545e-01	-7.371228413157918102e-02	1.319307261223625627e-01	-1.116665690353445539e-01	1.208733136075303555e-01	-1.083515363853582714e-01	1.133775864020335894e-01	-1.026834675774438710e-01	1.045205837901829332e-01	-8.245606203397887191e-02	7.872975461050810142e-02
-1.536208840835118217e-01	3.106033357633654068e-01	-6.789381939557496137e-01	2.253768015101683120e-01	-1.120319922575533228e-01	1.443283667293625561e-01	-5.267898948791026603e-01	9.999999999999990008e-01	-1.901138287662172133e-01	9.741215451591145325e-02	-1.023034929926124603e-01	1.531815762240274215e-01	-1.937511480389178253e-01	1.705460921192281931e-01	-2.043899085159949502e-01	7.191350107620959886e-02	-1.279903053282874514e-01	1.157542034002882747e-01	-1.332171673980147020e-01	1.161805397973319220e-01	-1.175066924311429228e-01	1.014074463872717546e-01	-1.085087627104518587e-01	8.598816647487214637e-02	-8.501541795831667192e-02
5.876833257722908349e-02	-1.545725935156112563e-01	2.013172646453149084e-01	-6.196671453761651849e-01	2.510699396094221991e-01	-5.668256341444320029e-02	1.236830881633867590e-01	-1.901138287662172133e-01	9.999999999999991118e-01	-3.388884335540768844e-01	8.089595124071910504e-02	-7.895301801102429240e-02	9.260775935830786731e-02	-5.796702931749733168e-01	2.664716634481379964e-01	-5.466823582432937811e-02	8.441733614425545040e-02	-8.064174028921380910e-02	1.222184279972482468e-01	-1.140090916600924459e-01	9.474467531735251968e-02	-7.257645679426770469e-02	8.210266948345726346e-02	-7.431635944466288834e-02	7.760888760537321129e-02
-3.615672404510403976e-02	9.357465683929844236e-02	-1.136595978471385271e-01	2.361447356018407107e-01	-8.793816445980074947e-01	3.458975921449199825e-02	-7.347506785098989468e-02	9.741215451591145325e-02	-3.388884335540768844e-01	9.999999999999985567e-01	-5.442298450290779244e-02	5.013590120177707082e-02	-5.884073816318707156e-02	2.075135970127068297e-01	-2.115052117718948244e-01	3.656214150831975374e-02	-5.532612186623513117e-02	5.218156364395395985e-02	-7.964853556979294147e-02	8.079626898860194084e-02	-6.379943510086395764e-02	4.794204890008282871e-02	-5.441852535998768781e-02	5.021745226461552664e-02	-5.314802173085242387e-02
7.249421287832169547e-02	-1.340882706689818238e-01	9.588593648827482829e-02	-1.174042086489997250e-01	5.605878933668200642e-02	-7.702539937983135521e-02	1.024247343774046387e-01	-1.023034929926124603e-01	8.089595124071910504e-02	-5.442298450290779244e-02	9.999999999999976685e-01	-1.551200032655002392e-01	1.415326821744433416e-01	-1.372236601871099915e-01	1.542097107178345139e-01	-7.416603841977433831e-01	1.791464801098705262e-01	-1.388485393713928262e-01	1.494090188757256910e-01	-1.520168516476769482e-01	3.136940218116021084e-01	-1.883699688800859751e-01	1.502547518217494382e-01	-1.223166721505340587e-01	1.081665169408184413e-01
-7.224440976327062280e-02	1.603473893467569078e-01	-1.271514064790302823e-01	1.074710818877318841e-01	-5.321552110591106638e-02	7.298814945732545745e-02	-1.983573823387407009e-01	1.531815762240274215e-01	-7.895301801102429240e-02	5.013590120177707082e-02	-1.551200032655002392e-01	9.999999999999975575e-01	-6.996107787149288271e-01	1.197616679545742829e-01	-1.382197323755487983e-01	1.265694680133869765e-01	-5.221771110552264616e-01	2.736392879475180173e-01	-2.168790474607096008e-01	1.641682387256945541e-01	-1.822101419065771666e-01	2.363498487257312541e-01	-2.357741285175284640e-01	1.461816044017595628e-01	-1.276914933956092013e-01
7.167711540465723785e-02	-1.740739270604772793e-01	1.403322935127128412e-01	-1.285139225000098695e-01	6.157696453915154772e-02	-7.310884779049446613e-02	1.662622265100819618e-01	-1.937511480389178253e-01	9.260775935830786731e-02	-5.884073816318707156e-02	1.415326821744433416e-01	-6.996107787149288271e-01	9.999999999999984457e-01	-1.462772338923545024e-01	1.574044274142154531e-01	-1.208607501699772019e-01	2.991681559002162261e-01	-4.587619265840329752e-01	2.351570969118840781e-01	-2.045437160532912191e-01	1.752873378229222179e-01	-2.510855172195781693e-01	2.354822016219260128e-01	-1.727744018299490758e-01	1.410541412913594306e-01
-7.318317549182079551e-02	1.717518732960789385e-01	-2.088014445228515148e-01	3.062725912229037339e-01	-2.367108647773103758e-01	6.868082073903682139e-02	-1.461745829083108961e-01	1.705460921192281931e-01	-5.796702931749733168e-01	2.075135970127068297e-01	-1.372236601871099915e-01	1.197616679545742829e-01	-1.462772338923545024e-01	9.999999999999978906e-01	-5.724245580157488744e-01	9.183019059256855576e-02	-1.405472755776024374e-01	1.353615798976726958e-01	-2.331384946176835171e-01	2.003968273101969511e-01	-1.620490515881524152e-01	1.208063153770697340e-01	-1.412479570311377941e-01	1.291420998319777191e-01	-1.395154500419727439e-01
8.552171042478456942e-02	-2.409405677991658390e-01	2.032027509045778169e-01	-3.789519016846257249e-01	1.846918385442728183e-01	-8.367758886041093414e-02	1.631981427385380545e-01	-2.043899085159949502e-01	2.664716634481379964e-01	-2.115052117718948244e-01	1.542097107178345139e-01	-1.382197323755487983e-01	1.574044274142154531e-01	-5.724245580157488744e-01	9.999999999999980016e-01	-1.048497945102000173e-01	1.559851068465900326e-01	-1.547062883807183153e-01	2.377383472931985653e-01	-3.928156729111459411e-01	1.821361286763914789e-01	-1.425209613823628096e-01	1.618591039217150973e-01	-1.759595222807937009e-01	1.826507896914536522e-01
-5.044353122491434388e-02	9.098950741154278321e-02	-6.689577671903228218e-02	7.828075204834530898e-02	-3.781021257392426504e-02	5.091476984405590017e-02	-7.371228413157918102e-02	7.191350107620959886e-02	-5.466823582432937811e-02	3.656214150831975374e-02	-7.416603841977433831e-01	1.265694680133869765e-01	-1.208607501699772019e-01	9.183019059256855576e-02	-1.048497945102000173e-01	9.999999999999982236e-01	-1.938563781631047478e-01	1.195698819053565010e-01	-1.195329906725681457e-01	1.125076674985966280e-01	-5.501266961581711135e-01	1.807381673953658563e-01	-1.393483455604014598e-01	9.674764083567799489e-02	-8.493031537135276032e-02
6.209912772817958310e-02	-1.486007186917498724e-01	1.101571293773153937e-01	-1.187588844971604329e-01	5.727799832894242549e-02	-6.296800293900690904e-02	1.319307261223625627e-01	-1.279903053282874514e-01	8.441733614425545040e-02	-5.532612186623513117e-02	1.791464801098705262e-01	-5.221771110552264616e-01	2.991681559002162261e-01	-1.405472755776024374e-01	1.559851068465900326e-01	-1.938563781631047478e-01	9.999999999999983347e-01	-4.032196440754864941e-01	2.369660508134765753e-01	-2.151435300569352060e-01	2.369109595601579243e-01	-5.433787528746811812e-01	2.902539567010332111e-01	-1.942691418900469036e-01	1.544781058256371464e-01
-5.285604904981409946e-02	1.238271972878985799e-01	-1.018532113398618183e-01	1.088550374402931925e-01	-5.424926065122064739e-02	5.229735119502747914e-02	-1.116665690353445539e-01	1.157542034002882747e-01	-8.064174028921380910e-02	5.218156364395395985e-02	-1.388485393713928262e-01	2.736392879475180173e-01	-4.587619265840329752e-01	1.353615798976726958e-01	-1.547062883807183153e-01	1.195698819053565010e-01	-4.032196440754864941e-01	9.999999999999981126e-01	-5.071631296267270494e-01	2.358389078262720095e-01	-1.869298012305715406e-01	2.749860481832943626e-01	-4.915345120810759028e-01	2.238175338341305554e-01	-1.848586698759950298e-01
6.142673658259623776e-02	-1.540152239540719947e-01	1.230045462109426446e-01	-1.647087706522173400e-01	8.063549550190587945e-02	-6.058301338710733036e-02	1.208733136075303555e-01	-1.332171673980147020e-01	1.222184279972482468e-01	-7.964853556979294147e-02	1.494090188757256910e-01	-2.168790474607096008e-01	2.351570969118840781e-01	-2.331384946176835171e-01	2.377383472931985653e-01	-1.195329906725681457e-01	2.369660508134765753e-01	-5.071631296267270494e-01	9.999999999999987788e-01	-5.355981833695340200e-01	1.904996320024218148e-01	-2.349740863019559312e-01	2.763380725844012398e-01	-3.866833151880492703e-01	2.703461377559587264e-01
-5.614667312887205997e-02	1.339203410787430104e-01	-1.133863631254990734e-01	1.504075852796432911e-01	-8.268870962221568088e-02	5.440536400329830380e-02	-1.083515363853582714e-01	1.161805397973319220e-01	-1.140090916600924459e-01	8.079626898860194084e-02	-1.520168516476769482e-01	1.641682387256945541e-01	-2.045437160532912191e-01	2.003968273101969511e-01	-3.928156729111459411e-01	1.125076674985966280e-01	-2.151435300569352060e-01	2.358389078262720095e-01	-5.355981833695340200e-01	9.999999999999982236e-01	-1.935439758884398842e-01	1.892714671304747964e-01	-2.609174126644238090e-01	2.999826629882619833e-01	-5.375651833878072328e-01
6.539644290213855737e-02	-1.498214173427626916e-01	1.099607755616197613e-01	-1.371252099301304983e-01	6.558675710469367981e-02	-6.538435599236447349e-02	1.133775864020335894e-01	-1.175066924311429228e-01	9.474467531735251968e-02	-6.379943510086395764e-02	3.136940218116021084e-01	-1.822101419065771666e-01	1.752873378229222179e-01	-1.620490515881524152e-01	1.821361286763914789e-01	-5.501266961581711135e-01	2.369109595601579243e-01	-1.869298012305715406e-01	1.904996320024218148e-01	-1.935439758884398842e-01	9.999999999999984457e-01	-3.908623210000080617e-01	2.211682290316167310e-01	-1.670053459658759065e-01	1.412939556628406423e-01
-5.147362769368243884e-02	1.168056235340678289e-01	-9.207446302567715013e-02	1.008523561029520399e-01	-4.987136099596258670e-02	5.093733121290568155e-02	-1.026834675774438710e-01	1.014074463872717546e-01	-7.257645679426770469e-02	4.794204890008282871e-02	-1.883699688800859751e-01	2.363498487257312541e-01	-2.510855172195781693e-01	1.208063153770697340e-01	-1.425209613823628096e-01	1.807381673953658563e-01	-5.433787528746811812e-01	2.749860481832943626e-01	-2.349740863019559312e-01	1.892714671304747964e-01	-3.908623210000080617e-01	9.999999999999984457e-01	-5.779446795601805853e-01	2.030182436015497416e-01	-1.737782577930221672e-01
5.249646201044798344e-02	-1.261639588310426441e-01	9.743280904155914024e-02	-1.149099799148046164e-01	5.599568414160359386e-02	-5.219827852916404665e-02	1.045205837901829332e-01	-1.085087627104518587e-01	8.210266948345726346e-02	-5.441852535998768781e-02	1.502547518217494382e-01	-2.357741285175284640e-01	2.354822016219260128e-01	-1.412479570311377941e-01	1.618591039217150973e-01	-1.393483455604014598e-01	2.902539567010332111e-01	-4.915345120810759028e-01	2.763380725844012398e-01	-2.609174126644238090e-01	2.211682290316167310e-01	-5.779446795601805853e-01	9.999999999999988898e-01	-3.886683569945086902e-01	2.239152699007442293e-01
-4.211675413823517955e-02	9.950879794468316109e-02	-8.098007366524975770e-02	1.001765751954955541e-01	-5.182989424934342226e-02	4.121732264355552899e-02	-8.245606203397887191e-02	8.598816647487214637e-02	-7.431635944466288834e-02	5.021745226461552664e-02	-1.223166721505340587e-01	1.461816044017595628e-01	-1.727744018299490758e-01	1.291420998319777191e-01	-1.759595222807937009e-01	9.674764083567799489e-02	-1.942691418900469036e-01	2.238175338341305554e-01	-3.866833151880492703e-01	2.999826629882619833e-01	-1.670053459658759065e-01	2.030182436015497416e-01	-3.886683569945086902e-01	9.999999999999991118e-01	-7.242236959289527487e-01
4.086916255712397250e-02	-1.004708812826529962e-01	8.035058203345490924e-02	-1.076733932723007436e-01	5.371713244679973687e-02	-4.011351897989869769e-02	7.872975461050810142e-02	-8.501541795831667192e-02	7.760888760537321129e-02	-5.314802173085242387e-02	1.081665169408184413e-01	-1.276914933956092013e-01	1.410541412913594306e-01	-1.395154500419727439e-01	1.826507896914536522e-01	-8.493031537135276032e-02	1.544781058256371464e-01	-1.848586698759950298e-01	2.703461377559587264e-01	-5.375651833878072328e-01	1.412939556628406423e-01	-1.737782577930221672e-01	2.239152699007442293e-01	-7.242236959289527487e-01	9.999999999999991118e-01
