1.000000000000000000e+00	-8.141947408098774153e-01	1.294958213073983955e-01	-8.643302960132877300e-02	9.516735593858120790e-02	-3.509040270735891975e-01	2.828144599031949258e-01	-1.992584232267725353e-01	9.325611992802138039e-02	-7.066808530758074414e-02	2.300568690517663939e-01	-2.284202122404712376e-01	1.487232216270059637e-01	-9.463421230348456614e-02	8.619233927925491756e-02	-1.210307073036601261e-01	1.382429700771591885e-01	-1.389183073151033787e-01	8.707317667388753124e-02	-8.577277647369881131e-02	9.089297516139317745e-02	-1.314533429467681369e-01	1.087448310912296767e-01	-6.433400880735400118e-02	8.570070680179266154e-02
-8.141947408098774153e-01	9.999999999999995559e-01	-1.432552653931818964e-01	8.522763670912053557e-02	-9.059956916197409171e-02	2.556030937967801453e-01	-4.224110940942855108e-01	1.598792791860301210e-01	-8.836659923420318863e-02	6.589181958040785103e-02	-2.364578053370224586e-01	2.041657759529031946e-01	-1.377445855387515738e-01	8.544782898597251541e-02	-7.905644963839583705e-02	1.007550933440032742e-01	-1.293310221407706906e-01	1.195148077839460338e-01	-7.791607774623671157e-02	7.506488519108153734e-02	-8.006755250601350904e-02	1.107503135683273465e-01	-9.751400847238619884e-02	5.697586748591899897e-02	-7.722903376936150754e-02
1.294958213073983955e-01	-1.432552653931818964e-01	9.999999999999995559e-01	-7.042379702475685121e-01	2.752469686713394648e-01	-9.228973402457302244e-02	1.057901660048753967e-01	-1.687506418477704440e-01	2.693008623195858320e-01	-2.224861306183411047e-01	1.178474957056422495e-01	-1.151311814608440565e-01	1.276971282731509394e-01	-2.229634292722036948e-01	1.852035256387747908e-01	-9.414370263399160499e-02	1.042108666505767445e-01	-1.201680910790583895e-01	1.296306634066741459e-01	-1.404939776347382818e-01	7.387245019219174091e-02	-1.061782933325566003e-01	1.059929839351600317e-01	-6.979890217350478987e-02	9.455891030599279656e-02
-8.643302960132877300e-02	8.522763670912053557e-02	-7.042379702475685121e-01	1.000000000000000000e+00	-4.370767416781438097e-01	6.147862260151758934e-02	-7.183616893527947078e-02	1.185342762642298542e-01	-4.359001479020531700e-01	2.469856385972215851e-01	-8.079568642771742248e-02	7.944240398939643455e-02	-9.623798606197613015e-02	2.041183082043144525e-01	-1.878006543038783782e-01	6.261926974036137461e-02	-7.343171123920691490e-02	8.501106991367418653e-02	-1.059409767451384848e-01	1.119139905704602533e-01	-4.990129691994858729e-02	7.221967900698735010e-02	-7.445912959005962506e-02	4.966018524661639649e-02	-6.703713092004946750e-02
9.516735593858120790e-02	-9.059956916197409171e-02	2.752469686713394648e-01	-4.370767416781438097e-01	1.000000000000000222e+00	-7.787634210682811697e-02	8.875041969776831241e-02	-1.645562792089418636e-01	3.148743926959240436e-01	-6.201782852915292965e-01	1.060475365585296648e-01	-1.060556323411023516e-01	1.283972689631650288e-01	-2.775293110244820283e-01	2.588580868243243183e-01	-8.849724204602182898e-02	1.008615672266851560e-01	-1.195866474106021399e-01	1.468652667294207681e-01	-1.699112682924066309e-01	6.994410793629882162e-02	-1.017894107684375465e-01	1.041790510858228158e-01	-7.024844895532927902e-02	9.422380529317950226e-02
-3.509040270735891975e-01	2.556030937967801453e-01	-9.228973402457302244e-02	6.147862260151758934e-02	-7.787634210682811697e-02	1.000000000000000000e+00	-5.741138515690520361e-01	1.860799827055445999e-01	-7.802617606596091993e-02	5.843018372024558899e-02	-6.446222914546712035e-01	2.740768346213370288e-01	-1.634544404554782726e-01	8.390782360376633497e-02	-7.667025435396224164e-02	1.300657166057214154e-01	-1.581575165703123786e-01	1.410247808789430457e-01	-8.276426512578941019e-02	7.873233001979648704e-02	-1.029698431286880794e-01	1.324411124274516294e-01	-1.127380330712872691e-01	6.441120258067419002e-02	-8.694472533016474325e-02
2.828144599031949258e-01	-4.224110940942855108e-01	1.057901660048753967e-01	-7.183616893527947078e-02	8.875041969776831241e-02	-5.741138515690520361e-01	1.000000000000000666e+00	-2.481245385049788144e-01	9.024300947303570686e-02	-6.799527666571313078e-02	3.126638994727360399e-01	-5.072043721251412451e-01	2.039541491646677529e-01	-1.011217872027598136e-01	8.957671306639315711e-02	-1.396743497616746987e-01	1.924931221848134311e-01	-1.795137566978844967e-01	9.713193007467883777e-02	-9.376516667963935570e-02	1.071494914922696412e-01	-1.615474488808555653e-01	1.292583598512051513e-01	-7.421153150126059972e-02	9.787793894312059317e-02
-1.992584232267725353e-01	1.598792791860301210e-01	-1.687506418477704440e-01	1.185342762642298542e-01	-1.645562792089418636e-01	1.860799827055445999e-01	-2.481245385049788144e-01	1.000000000000000666e+00	-1.834606209507353702e-01	1.279463033660734883e-01	-3.051595719561702169e-01	2.809915618499972401e-01	-7.447383258513764481e-01	1.982979180279378362e-01	-1.850567395737955645e-01	1.498004258019770829e-01	-2.340675597145458753e-01	2.326758187110217202e-01	-1.670474767063899468e-01	1.474614734353612011e-01	-1.325764964121949052e-01	1.807640311558142976e-01	-2.055239968998552325e-01	1.162856000478552643e-01	-1.654152355059325952e-01
9.325611992802138039e-02	-8.836659923420318863e-02	2.693008623195858320e-01	-4.359001479020531700e-01	3.148743926959240436e-01	-7.802617606596091993e-02	9.024300947303570686e-02	-1.834606209507353702e-01	1.000000000000000000e+00	-5.213476040080291529e-01	1.071261515759380778e-01	-1.110838617630601488e-01	1.489132103913298755e-01	-4.940244594835077052e-01	2.959045308058461665e-01	-8.579454438431423358e-02	1.032039348384355543e-01	-1.226210432423633645e-01	1.588491085202884401e-01	-1.738684517636128468e-01	6.855276431084635080e-02	-1.004672012509335438e-01	1.043502048443959856e-01	-7.039468436039868215e-02	9.392666325078548317e-02
-7.066808530758074414e-02	6.589181958040785103e-02	-2.224861306183411047e-01	2.469856385972215851e-01	-6.201782852915292965e-01	5.843018372024558899e-02	-6.799527666571313078e-02	1.279463033660734883e-01	-5.213476040080291529e-01	9.999999999999977796e-01	-8.095974944140604812e-02	8.235026677645046478e-02	-1.092981353008848633e-01	2.847900982016202120e-01	-4.547508643871694400e-01	6.475476213223327338e-02	-7.996282644417526675e-02	9.495600164847102509e-02	-1.437764990570423451e-01	1.566650380122888431e-01	-5.224081790818775606e-02	7.678009530231209856e-02	-8.223393006209599176e-02	5.646979523329405393e-02	-7.553838953843758364e-02
2.300568690517663939e-01	-2.364578053370224586e-01	1.178474957056422495e-01	-8.079568642771742248e-02	1.060475365585296648e-01	-6.446222914546712035e-01	3.126638994727360399e-01	-3.051595719561702169e-01	1.071261515759380778e-01	-8.095974944140604812e-02	9.999999999999997780e-01	-4.504876779657909780e-01	2.248885811903162946e-01	-1.201906185598742433e-01	1.073981730669174434e-01	-2.290277909867613759e-01	2.168405795285036908e-01	-2.154186306001678319e-01	1.187536371999890344e-01	-1.161636744383974379e-01	1.553180624547339517e-01	-2.087982414206791537e-01	1.614624952636845301e-01	-9.339526998852928918e-02	1.229536081257728009e-01
-2.284202122404712376e-01	2.041657759529031946e-01	-1.151311814608440565e-01	7.944240398939643455e-02	-1.060556323411023516e-01	2.740768346213370288e-01	-5.072043721251412451e-01	2.809915618499972401e-01	-1.110838617630601488e-01	8.235026677645046478e-02	-4.504876779657909780e-01	1.000000000000001776e+00	-4.220009283359797414e-01	1.299030180917522259e-01	-1.157728690624063583e-01	1.642053836189436566e-01	-4.085192912432553114e-01	2.446244374941755617e-01	-1.288569571090495969e-01	1.173984717250351334e-01	-1.400363781469695645e-01	2.050789448382152880e-01	-1.794593232492578683e-01	9.828621955730786064e-02	-1.318650031325349359e-01
1.487232216270059637e-01	-1.377445855387515738e-01	1.276971282731509394e-01	-9.623798606197613015e-02	1.283972689631650288e-01	-1.634544404554782726e-01	2.039541491646677529e-01	-7.447383258513764481e-01	1.489132103913298755e-01	-1.092981353008848633e-01	2.248885811903162946e-01	-4.220009283359797414e-01	9.999999999999994449e-01	-2.364845970420344778e-01	1.616009926604516089e-01	-1.357026495720527470e-01	2.246801166156919827e-01	-2.936498678580900523e-01	1.476782131349451133e-01	-1.386685679901180079e-01	1.127540955483588708e-01	-1.731498145203236860e-01	1.723331678316842863e-01	-9.878638939548488318e-02	1.305130834824731467e-01
-9.463421230348456614e-02	8.544782898597251541e-02	-2.229634292722036948e-01	2.041183082043144525e-01	-2.775293110244820283e-01	8.390782360376633497e-02	-1.011217872027598136e-01	1.982979180279378362e-01	-4.940244594835077052e-01	2.847900982016202120e-01	-1.201906185598742433e-01	1.299030180917522259e-01	-2.364845970420344778e-01	9.999999999999964473e-01	-6.598818369170020848e-01	8.932295968611823900e-02	-1.238717846864799549e-01	1.460967800614182688e-01	-2.602596970163550960e-01	2.280412399328438089e-01	-7.398464643831177689e-02	1.098301441669361361e-01	-1.228410151008661882e-01	8.441201733766835746e-02	-1.121568727415319378e-01
8.619233927925491756e-02	-7.905644963839583705e-02	1.852035256387747908e-01	-1.878006543038783782e-01	2.588580868243243183e-01	-7.667025435396224164e-02	8.957671306639315711e-02	-1.850567395737955645e-01	2.959045308058461665e-01	-4.547508643871694400e-01	1.073981730669174434e-01	-1.157728690624063583e-01	1.616009926604516089e-01	-6.598818369170020848e-01	9.999999999999990008e-01	-8.747139581467970604e-02	1.127695225491037734e-01	-1.395496727493703848e-01	2.322551300979817379e-01	-3.469519204554922243e-01	7.080820250265409954e-02	-1.063960579720460570e-01	1.149928519084690987e-01	-8.165507221478919553e-02	1.064452638419433744e-01
-1.210307073036601261e-01	1.007550933440032742e-01	-9.414370263399160499e-02	6.261926974036137461e-02	-8.849724204602182898e-02	1.300657166057214154e-01	-1.396743497616746987e-01	1.498004258019770829e-01	-8.579454438431423358e-02	6.475476213223327338e-02	-2.290277909867613759e-01	1.642053836189436566e-01	-1.357026495720527470e-01	8.932295968611823900e-02	-8.747139581467970604e-02	9.999999999999987788e-01	-2.533752596757090636e-01	1.914239020354049636e-01	-1.162051695617570407e-01	1.041078678884820863e-01	-8.137337216449878063e-01	2.900725290362378139e-01	-2.578993724302497403e-01	1.332954731008804405e-01	-1.965097595728262647e-01
1.382429700771591885e-01	-1.293310221407706906e-01	1.042108666505767445e-01	-7.343171123920691490e-02	1.008615672266851560e-01	-1.581575165703123786e-01	1.924931221848134311e-01	-2.340675597145458753e-01	1.032039348384355543e-01	-7.996282644417526675e-02	2.168405795285036908e-01	-4.085192912432553114e-01	2.246801166156919827e-01	-1.238717846864799549e-01	1.127695225491037734e-01	-2.533752596757090636e-01	9.999999999999994449e-01	-6.096335445333475045e-01	1.696601283097638191e-01	-1.591342459616127969e-01	2.033088582267076616e-01	-4.763243961320952069e-01	2.718870895914310970e-01	-1.435407007054533557e-01	1.773153699565094277e-01
-1.389183073151033787e-01	1.195148077839460338e-01	-1.201680910790583895e-01	8.501106991367418653e-02	-1.195866474106021399e-01	1.410247808789430457e-01	-1.795137566978844967e-01	2.326758187110217202e-01	-1.226210432423633645e-01	9.495600164847102509e-02	-2.154186306001678319e-01	2.446244374941755617e-01	-2.936498678580900523e-01	1.460967800614182688e-01	-1.395496727493703848e-01	1.914239020354049636e-01	-6.096335445333475045e-01	9.999999999999993339e-01	-2.926393782351323636e-01	2.022635284733129979e-01	-1.750640573208909201e-01	2.897199143273794797e-01	-4.619512657667880218e-01	1.959338192206105667e-01	-2.543097269323087994e-01
8.707317667388753124e-02	-7.791607774623671157e-02	1.296306634066741459e-01	-1.059409767451384848e-01	1.468652667294207681e-01	-8.276426512578941019e-02	9.713193007467883777e-02	-1.670474767063899468e-01	1.588491085202884401e-01	-1.437764990570423451e-01	1.187536371999890344e-01	-1.288569571090495969e-01	1.476782131349451133e-01	-2.602596970163550960e-01	2.322551300979817379e-01	-1.162051695617570407e-01	1.696601283097638191e-01	-2.926393782351323636e-01	9.999999999999988898e-01	-8.165767000788484165e-01	9.494818213693317910e-02	-1.567315420397726311e-01	1.835584462948529616e-01	-1.730498119949335778e-01	1.772198357351877918e-01
-8.577277647369881131e-02	7.506488519108153734e-02	-1.404939776347382818e-01	1.119139905704602533e-01	-1.699112682924066309e-01	7.873233001979648704e-02	-9.376516667963935570e-02	1.474614734353612011e-01	-1.738684517636128468e-01	1.566650380122888431e-01	-1.161636744383974379e-01	1.173984717250351334e-01	-1.386685679901180079e-01	2.280412399328438089e-01	-3.469519204554922243e-01	1.041078678884820863e-01	-1.591342459616127969e-01	2.022635284733129979e-01	-8.165767000788484165e-01	9.999999999999993339e-01	-8.868596427834060658e-02	1.383441536657233073e-01	-1.803231309542315530e-01	1.448540395277919113e-01	-1.913458026268175793e-01
9.089297516139317745e-02	-8.006755250601350904e-02	7.387245019219174091e-02	-4.990129691994858729e-02	6.994410793629882162e-02	-1.029698431286880794e-01	1.071494914922696412e-01	-1.325764964121949052e-01	6.855276431084635080e-02	-5.224081790818775606e-02	1.553180624547339517e-01	-1.400363781469695645e-01	1.127540955483588708e-01	-7.398464643831177689e-02	7.080820250265409954e-02	-8.137337216449878063e-01	2.033088582267076616e-01	-1.750640573208909201e-01	9.494818213693317910e-02	-8.868596427834060658e-02	9.999999999999987788e-01	-4.568424355037504214e-01	2.037386244610626673e-01	-1.092748239050453790e-01	1.438087637428034082e-01
-1.314533429467681369e-01	1.107503135683273465e-01	-1.061782933325566003e-01	7.221967900698735010e-02	-1.017894107684375465e-01	1.324411124274516294e-01	-1.615474488808555653e-01	1.807640311558142976e-01	-1.004672012509335438e-01	7.678009530231209856e-02	-2.087982414206791537e-01	2.050789448382152880e-01	-1.731498145203236860e-01	1.098301441669361361e-01	-1.063960579720460570e-01	2.900725290362378139e-01	-4.763243961320952069e-01	2.897199143273794797e-01	-1.567315420397726311e-01	1.383441536657233073e-01	-4.568424355037504214e-01	9.999999999999991118e-01	-5.096295344976271569e-01	2.068351498957631818e-01	-2.847583675413341009e-01
1.087448310912296767e-01	-9.751400847238619884e-02	1.059929839351600317e-01	-7.445912959005962506e-02	1.041790510858228158e-01	-1.127380330712872691e-01	1.292583598512051513e-01	-2.055239968998552325e-01	1.043502048443959856e-01	-8.223393006209599176e-02	1.614624952636845301e-01	-1.794593232492578683e-01	1.723331678316842863e-01	-1.228410151008661882e-01	1.149928519084690987e-01	-2.578993724302497403e-01	2.718870895914310970e-01	-4.619512657667880218e-01	1.835584462948529616e-01	-1.803231309542315530e-01	2.037386244610626673e-01	-5.096295344976271569e-01	9.999999999999991118e-01	-4.842760672619492723e-01	3.005308068818963729e-01
-6.433400880735400118e-02	5.697586748591899897e-02	-6.979890217350478987e-02	4.966018524661639649e-02	-7.024844895532927902e-02	6.441120258067419002e-02	-7.421153150126059972e-02	1.162856000478552643e-01	-7.039468436039868215e-02	5.646979523329405393e-02	-9.339526998852928918e-02	9.828621955730786064e-02	-9.878638939548488318e-02	8.441201733766835746e-02	-8.165507221478919553e-02	1.332954731008804405e-01	-1.435407007054533557e-01	1.959338192206105667e-01	-1.730498119949335778e-01	1.448540395277919113e-01	-1.092748239050453790e-01	2.068351498957631818e-01	-4.842760672619492723e-01	9.999999999999991118e-01	-7.982226253243948078e-01
8.570070680179266154e-02	-7.722903376936150754e-02	9.455891030599279656e-02	-6.703713092004946750e-02	9.422380529317950226e-02	-8.694472533016474325e-02	9.787793894312059317e-02	-1.654152355059325952e-01	9.392666325078548317e-02	-7.553838953843758364e-02	1.229536081257728009e-01	-1.318650031325349359e-01	1.305130834824731467e-01	-1.121568727415319378e-01	1.064452638419433744e-01	-1.965097595728262647e-01	1.773153699565094277e-01	-2.543097269323087994e-01	1.772198357351877918e-01	-1.913458026268175793e-01	1.438087637428034082e-01	-2.847583675413341009e-01	3.005308068818963729e-01	-7.982226253243948078e-01	9.999999999999991118e-01
