1.000000000000000000e+00	-6.669987486343090799e-01	3.125461635666854088e-01	-2.135211184865292988e-01	1.978143924465938508e-01	-3.308383196408737348e-01	2.501376903988027367e-01	-2.284449108548988472e-01	1.982712527116324286e-01	-2.138823525412819893e-01	1.817946894726918117e-01	-2.118739666123842791e-01	1.900120161231520222e-01	-2.797260414412015006e-01	1.456711264947970208e-01	-1.970851946906110042e-01	1.944391646948964991e-01	-1.844701484780968403e-01	1.778267087081131792e-01	-1.673488964093670928e-01	1.786449522029553705e-01	-1.453452049962424275e-01	1.855370778849277369e-01	-1.378934430939688649e-01	1.531383030388651090e-01	-1.130259839905489727e-01	1.402416904261393482e-01	-1.608769016544644992e-01	1.360758844268757650e-01	-1.857877676794897903e-01	1.061265489744960266e-01	-1.316678895651650916e-01	1.235508684140096958e-01	-1.841687235078348361e-01	1.188271001613079719e-01	-1.756566412178667547e-01	1.129129811744044171e-01	-1.516517055348869936e-01	9.872917035132337815e-02	-1.220338206258062830e-01
-6.669987486343090799e-01	1.000000000000000000e+00	-5.845890781416170912e-01	1.900259941278229781e-01	-1.847455023824948750e-01	2.277516833330032187e-01	-2.845076078970933398e-01	1.672143244392247097e-01	-1.540911324090836476e-01	1.477812774132899465e-01	-1.336515285522246466e-01	1.554643009911228779e-01	-1.411328270017132569e-01	1.814523424688521402e-01	-1.001500114813312914e-01	1.311778000252244447e-01	-1.361919467154502905e-01	1.228945831001046624e-01	-1.199609322685874641e-01	1.105935507368276394e-01	-1.220441755207936352e-01	9.781570937629199824e-02	-1.253799858584300486e-01	8.875845185068118037e-02	-1.003264829619055082e-01	7.124112122122454316e-02	-8.983555214620279894e-02	1.009780628899613619e-01	-8.616097806384860613e-02	1.136426401060246089e-01	-6.691643611884583176e-02	8.217190527373831321e-02	-7.690636963874314391e-02	1.124859575395527611e-01	-7.311689324268033641e-02	1.082242541525031410e-01	-7.023907819406785547e-02	9.341076984943046113e-02	-6.063585911499307785e-02	7.449639725632975495e-02
3.125461635666854088e-01	-5.845890781416170912e-01	1.000000000000000000e+00	-4.277591053330354054e-01	2.686206112470481688e-01	-2.310057771645977198e-01	2.084868926535941303e-01	-2.569102804214562497e-01	2.327529510632149468e-01	-2.388948923400992796e-01	1.660974739973141989e-01	-1.990509769317707345e-01	1.934427724270612325e-01	-2.863021800103084935e-01	1.543000946658023564e-01	-1.821825432943192102e-01	1.868619092828777140e-01	-1.837981538418178296e-01	1.798122132815716256e-01	-1.734212034524206525e-01	1.711062751284342098e-01	-1.398513988558336973e-01	1.823941459953270783e-01	-1.359071894616729337e-01	1.522611518531970520e-01	-1.083024492744780742e-01	1.349205865500837098e-01	-1.550810945311610900e-01	1.320532818557955124e-01	-1.779805335741805328e-01	1.017963935335578496e-01	-1.260967516277630707e-01	1.185108035674383165e-01	-1.761208642183886564e-01	1.139340810810996335e-01	-1.676312925649137142e-01	1.080958434554031428e-01	-1.450011600243909793e-01	9.447360138520094486e-02	-1.165803198980168431e-01
-2.135211184865292988e-01	1.900259941278229781e-01	-4.277591053330354054e-01	1.000000000000000444e+00	-7.386453624045119515e-01	1.351962760296973043e-01	-1.315686944327759678e-01	2.030499091733543593e-01	-3.616859801706512889e-01	2.357518694668503390e-01	-1.178079434524202246e-01	1.364857333849805177e-01	-1.559928177230460455e-01	2.187797152200462725e-01	-1.428456359988744262e-01	1.225265097657971536e-01	-1.377022783919888416e-01	1.363185320843711412e-01	-1.437834937964370952e-01	1.413221258373713873e-01	-1.244067343515692786e-01	1.003809019984773371e-01	-1.376314639931840444e-01	9.907580908116729590e-02	-1.162454224674568104e-01	7.282619207782171922e-02	-9.302014843763059537e-02	1.052152302746079959e-01	-9.199297967489158956e-02	1.161009872751454508e-01	-6.872614796079007382e-02	8.388117768995705104e-02	-7.897280733311895506e-02	1.142766637415037062e-01	-7.499841193091524860e-02	1.092279642211810009e-01	-7.166776125042861878e-02	9.486393408770138480e-02	-6.177455031632245186e-02	7.544333259085700405e-02
1.978143924465938508e-01	-1.847455023824948750e-01	2.686206112470481688e-01	-7.386453624045119515e-01	1.000000000000000444e+00	-1.548909614810789204e-01	1.417421324182940590e-01	-2.309937145018569893e-01	2.765105933506930014e-01	-3.543466865871938154e-01	1.394231074074749888e-01	-1.634555757644182428e-01	1.769788999032244348e-01	-2.862865566145466056e-01	1.826919613643603890e-01	-1.529854974655282251e-01	1.675082201486882694e-01	-1.730789958988757371e-01	1.799616719988320068e-01	-1.934871303954966149e-01	1.532435592946388148e-01	-1.253718098909252510e-01	1.705203964903775904e-01	-1.298550320470375496e-01	1.492764585783629139e-01	-9.556374657959780528e-02	1.205315071295571666e-01	-1.390310226147795925e-01	1.207124428962522977e-01	-1.565108651350858859e-01	9.009073519730059765e-02	-1.109775252494218378e-01	1.047384255571202488e-01	-1.540672577327074078e-01	1.004898407094726165e-01	-1.458844360890705072e-01	9.501158816763109749e-02	-1.268563995231745678e-01	8.283243869035350482e-02	-1.016649027133623151e-01
-3.308383196408737348e-01	2.277516833330032187e-01	-2.310057771645977198e-01	1.351962760296973043e-01	-1.548909614810789204e-01	9.999999999999998890e-01	-7.833820427876319048e-01	2.058976597506465278e-01	-1.689224134918781983e-01	1.449301322126830549e-01	-3.025026555385094129e-01	2.557285677675966706e-01	-2.047819814737650568e-01	1.882713307705830286e-01	-1.067458631886447767e-01	1.965370361217098072e-01	-2.020376756475612823e-01	1.461058962107567583e-01	-1.391699522193018401e-01	1.152187783196879090e-01	-1.759182875778771138e-01	1.312608956218330181e-01	-1.583976093083267200e-01	9.704310836291074605e-02	-1.116103414644832315e-01	7.982543412096629321e-02	-1.044510648510132977e-01	1.093727911051875085e-01	-9.359706879174936600e-02	1.150967745870771081e-01	-7.469341701311534021e-02	8.921303101418158465e-02	-8.226909919247425707e-02	1.139969812034643259e-01	-7.527858425058740754e-02	1.138412182873248246e-01	-7.547607060264793777e-02	9.754290256677250470e-02	-6.246586710829341721e-02	7.560455574572214066e-02
2.501376903988027367e-01	-2.845076078970933398e-01	2.084868926535941303e-01	-1.315686944327759678e-01	1.417421324182940590e-01	-7.833820427876319048e-01	1.000000000000000444e+00	-2.587141560409354502e-01	1.659230170094676271e-01	-1.456142565367117558e-01	2.276317733447041913e-01	-3.475167316617248647e-01	2.083281277371782925e-01	-1.916939375280456437e-01	1.038160575515489625e-01	-1.879703577152430360e-01	1.819592670758100328e-01	-1.454056958479599815e-01	1.339181282709807630e-01	-1.133283958998552582e-01	1.550556102887261367e-01	-1.226279337058997776e-01	1.471888383362430774e-01	-9.353237834742400558e-02	1.064233958408285219e-01	-7.636306293475444984e-02	9.862142012784677614e-02	-1.054563606064998077e-01	8.987337057743602364e-02	-1.123823791628093677e-01	7.118024306611941965e-02	-8.590141047211062586e-02	7.930529477168876684e-02	-1.112778347470741169e-01	7.315097124964908826e-02	-1.104552097129163774e-01	7.270150863625736426e-02	-9.469444660117451451e-02	6.071122017239239527e-02	-7.376206512835095652e-02
-2.284449108548988472e-01	1.672143244392247097e-01	-2.569102804214562497e-01	2.030499091733543593e-01	-2.309937145018569893e-01	2.058976597506465278e-01	-2.587141560409354502e-01	1.000000000000000222e+00	-5.256468870766922707e-01	2.431017888184550391e-01	-2.165116814126624156e-01	2.617384947679847196e-01	-5.863608178996390086e-01	2.839424240820888068e-01	-1.750724246039553622e-01	1.851697926469366984e-01	-2.273842857827255703e-01	2.199765805025507837e-01	-2.143280803434431114e-01	1.697594316967835082e-01	-1.930998536477519234e-01	1.526376922797310076e-01	-2.157278795552206307e-01	1.288744758343283447e-01	-1.533766447118470877e-01	9.429509322943056826e-02	-1.248436890444866443e-01	1.335130835433936958e-01	-1.179786349188729211e-01	1.379660036938548939e-01	-8.878052862814535262e-02	1.057975094949246686e-01	-9.857948675832435559e-02	1.356350797810040032e-01	-9.056156699999255710e-02	1.336031612376966937e-01	-8.957256415607636746e-02	1.155893588319254206e-01	-7.445131979154485935e-02	8.957754400324219324e-02
1.982712527116324286e-01	-1.540911324090836476e-01	2.327529510632149468e-01	-3.616859801706512889e-01	2.765105933506930014e-01	-1.689224134918781983e-01	1.659230170094676271e-01	-5.256468870766922707e-01	1.000000000000000000e+00	-5.017720582227495063e-01	1.621009776572408523e-01	-2.006391476172676436e-01	2.592738044167262612e-01	-4.028697663102260296e-01	2.271240289656601408e-01	-1.634310947623972832e-01	1.884408256291751071e-01	-2.033114503471661061e-01	2.156565747200800132e-01	-2.196975034117421011e-01	1.677602917772923752e-01	-1.359379131822683606e-01	1.922819656303685065e-01	-1.356584117082390850e-01	1.615173043581721590e-01	-9.237734511418917160e-02	1.202240606289062819e-01	-1.348420428312715191e-01	1.200692066347404940e-01	-1.429997460249139152e-01	8.713770222119558706e-02	-1.052833163130563326e-01	9.912339176098537707e-02	-1.399359672038327507e-01	9.300655368607053941e-02	-1.344367208283496207e-01	8.951262009941032827e-02	-1.171876113973608358e-01	7.612865343203693846e-02	-9.208926538171087472e-02
-2.138823525412819893e-01	1.477812774132899465e-01	-2.388948923400992796e-01	2.357518694668503390e-01	-3.543466865871938154e-01	1.449301322126830549e-01	-1.456142565367117558e-01	2.431017888184550391e-01	-5.017720582227495063e-01	1.000000000000001110e+00	-1.535621674223931754e-01	1.695070093430167402e-01	-2.138535080361781970e-01	2.858312491480840545e-01	-5.474012083258497086e-01	1.531571592521547009e-01	-1.956762627603298443e-01	1.968969156443187429e-01	-2.557195520638318453e-01	2.804500353833646598e-01	-1.759156612099278261e-01	1.403777180781548561e-01	-2.102725338113802522e-01	1.537734719703008623e-01	-2.070052694477280686e-01	9.453589818584817728e-02	-1.257384438227430457e-01	1.408805519281204344e-01	-1.313199320559273187e-01	1.456383736233128057e-01	-8.998181251732943753e-02	1.073869183919861497e-01	-1.020650474916629108e-01	1.414453046484196730e-01	-9.564322021862609047e-02	1.347784041672147048e-01	-9.135963866851169735e-02	1.184962388716105652e-01	-7.745192413071169679e-02	9.275611235137935784e-02
1.817946894726918117e-01	-1.336515285522246466e-01	1.660974739973141989e-01	-1.178079434524202246e-01	1.394231074074749888e-01	-3.025026555385094129e-01	2.276317733447041913e-01	-2.165116814126624156e-01	1.621009776572408523e-01	-1.535621674223931754e-01	1.000000000000002665e+00	-5.236358072690253662e-01	2.336232700738283263e-01	-2.216626472195590281e-01	1.151373945030289836e-01	-6.422976144046960156e-01	2.481018589130707386e-01	-1.809225486829495744e-01	1.579518151022403782e-01	-1.291172230436761492e-01	2.496522533364228247e-01	-1.823823847112589769e-01	1.880628621034448611e-01	-1.142177059365355046e-01	1.278666949211252069e-01	-1.012776937054166299e-01	1.307337578635506259e-01	-1.342205215539469532e-01	1.117761584426077426e-01	-1.379428320347338421e-01	9.283920185960516103e-02	-1.112355821390145910e-01	1.006943836906851603e-01	-1.372023472613138617e-01	9.035883667931714214e-02	-1.414422387478876941e-01	9.315905191727590073e-02	-1.196720676389658178e-01	7.548703824281223496e-02	-9.122740741441166812e-02
-2.118739666123842791e-01	1.554643009911228779e-01	-1.990509769317707345e-01	1.364857333849805177e-01	-1.634555757644182428e-01	2.557285677675966706e-01	-3.475167316617248647e-01	2.617384947679847196e-01	-2.006391476172676436e-01	1.695070093430167402e-01	-5.236358072690253662e-01	9.999999999999986677e-01	-4.944422265081045431e-01	2.393393595175691557e-01	-1.299679921438656183e-01	2.766784810133216532e-01	-3.770581956684432301e-01	2.080637946855472264e-01	-1.843401202161259189e-01	1.411868777042344092e-01	-2.455730710557724183e-01	1.961381552914310544e-01	-2.175083776189268570e-01	1.224015381376908768e-01	-1.395530883702527924e-01	1.032562069726935122e-01	-1.376090621536801839e-01	1.386228278175959672e-01	-1.174922461232635051e-01	1.399917381601773203e-01	-9.548721666792656104e-02	1.133837587872927322e-01	-1.031116341998492836e-01	1.387759086253085861e-01	-9.215619273350847407e-02	1.421013507239376472e-01	-9.491691445192185217e-02	1.210452310734843051e-01	-7.661161890921239226e-02	9.209082886509639687e-02
1.900120161231520222e-01	-1.411328270017132569e-01	1.934427724270612325e-01	-1.559928177230460455e-01	1.769788999032244348e-01	-2.047819814737650568e-01	2.083281277371782925e-01	-5.863608178996390086e-01	2.592738044167262612e-01	-2.138535080361781970e-01	2.336232700738283263e-01	-4.944422265081045431e-01	1.000000000000000222e+00	-3.583933180457647971e-01	1.565865740041778864e-01	-2.153884767677394230e-01	2.327345466188996681e-01	-3.383748438728889085e-01	2.270004383954133120e-01	-1.690954961351431307e-01	1.940214233047919401e-01	-1.631900710313822778e-01	2.268658017845125163e-01	-1.323564047306023395e-01	1.504391036909956125e-01	-9.782681326808566336e-02	1.281395878297872104e-01	-1.383971455312806575e-01	1.202860390911199284e-01	-1.423676217139451805e-01	9.115741788669617929e-02	-1.096474401595655540e-01	1.015756013941478131e-01	-1.400560520610271142e-01	9.308403063615268425e-02	-1.387911690335063286e-01	9.243306641573263704e-02	-1.197463503195485557e-01	7.670435347154763717e-02	-9.249149233615236443e-02
-2.797260414412015006e-01	1.814523424688521402e-01	-2.863021800103084935e-01	2.187797152200462725e-01	-2.862865566145466056e-01	1.882713307705830286e-01	-1.916939375280456437e-01	2.839424240820888068e-01	-4.028697663102260296e-01	2.858312491480840545e-01	-2.216626472195590281e-01	2.393393595175691557e-01	-3.583933180457647971e-01	9.999999999999990008e-01	-3.038781156600850464e-01	2.113661811197198870e-01	-2.881383990677137130e-01	2.860800953230475119e-01	-4.509763539312320324e-01	2.620958651892136282e-01	-2.556413070033862200e-01	2.006238783719977992e-01	-3.112375950029216409e-01	1.955071476403924535e-01	-2.435135532540358416e-01	1.261346029069456420e-01	-1.704431729328638179e-01	1.835427287952127451e-01	-1.704475035062749111e-01	1.849452900878913175e-01	-1.203214781616546714e-01	1.414379224933026424e-01	-1.335193137927103701e-01	1.803739145485842299e-01	-1.227423050858400394e-01	1.756305269498811272e-01	-1.200873915176718792e-01	1.535595180857040332e-01	-9.972778630017103962e-02	1.186946306853024630e-01
1.456711264947970208e-01	-1.001500114813312914e-01	1.543000946658023564e-01	-1.428456359988744262e-01	1.826919613643603890e-01	-1.067458631886447767e-01	1.038160575515489625e-01	-1.750724246039553622e-01	2.271240289656601408e-01	-5.474012083258497086e-01	1.151373945030289836e-01	-1.299679921438656183e-01	1.565865740041778864e-01	-3.038781156600850464e-01	9.999999999999987788e-01	-1.202190969318424479e-01	1.512645136209703478e-01	-1.846186346017465174e-01	2.438447229101685654e-01	-6.711198871247666675e-01	1.373935722913907365e-01	-1.135602519048568848e-01	1.715580705267095440e-01	-1.585502173379712831e-01	2.008809557246842847e-01	-8.070341716533527276e-02	1.064624810004822231e-01	-1.273066032392826952e-01	1.194082175019702124e-01	-1.316163190670686933e-01	7.645286626648270523e-02	-9.270600118149974200e-02	8.907221194507776441e-02	-1.259168673857485321e-01	8.499674628598336001e-02	-1.158762724657289439e-01	7.864553775231725163e-02	-1.034580162166865436e-01	6.806417648141693810e-02	-8.165847222981252596e-02
-1.970851946906110042e-01	1.311778000252244447e-01	-1.821825432943192102e-01	1.225265097657971536e-01	-1.529854974655282251e-01	1.965370361217098072e-01	-1.879703577152430360e-01	1.851697926469366984e-01	-1.634310947623972832e-01	1.531571592521547009e-01	-6.422976144046960156e-01	2.766784810133216532e-01	-2.153884767677394230e-01	2.113661811197198870e-01	-1.202190969318424479e-01	9.999999999999973355e-01	-3.401050406977135232e-01	1.850969051742543114e-01	-1.699195159956415624e-01	1.339358054919811414e-01	-4.954468588846104304e-01	2.394346680382693493e-01	-2.334861053126727759e-01	1.258879945921120291e-01	-1.429042559965960080e-01	1.188490607289973688e-01	-1.599223298887222644e-01	1.506211160601338694e-01	-1.254025268868090293e-01	1.477202818091709335e-01	-1.095891775680058328e-01	1.261851633226163949e-01	-1.130741695530610574e-01	1.472616106161666882e-01	-9.814288612589351646e-02	1.558693164899842831e-01	-1.051928564591523285e-01	1.313307168112995971e-01	-8.217195821624473373e-02	9.811195940184884445e-02
1.944391646948964991e-01	-1.361919467154502905e-01	1.868619092828777140e-01	-1.377022783919888416e-01	1.675082201486882694e-01	-2.020376756475612823e-01	1.819592670758100328e-01	-2.273842857827255703e-01	1.884408256291751071e-01	-1.956762627603298443e-01	2.481018589130707386e-01	-3.770581956684432301e-01	2.327345466188996681e-01	-2.881383990677137130e-01	1.512645136209703478e-01	-3.401050406977135232e-01	9.999999999999970024e-01	-2.619385383482132901e-01	2.141349341903047709e-01	-1.779205713891346408e-01	3.175478414394206639e-01	-5.536802572533536804e-01	2.895476169195993488e-01	-1.769394006009846199e-01	1.887038920786394125e-01	-1.837031899253163958e-01	2.371842445048908121e-01	-2.319240914173138768e-01	1.803841929900543983e-01	-2.261063254411074808e-01	1.597506663248530745e-01	-1.981651137977009924e-01	1.712055361631788786e-01	-2.267724683078060355e-01	1.481382326311786735e-01	-2.463074940097656484e-01	1.603626762111048376e-01	-2.045335805903745197e-01	1.252725830860594580e-01	-1.512576043366928302e-01
-1.844701484780968403e-01	1.228945831001046624e-01	-1.837981538418178296e-01	1.363185320843711412e-01	-1.730789958988757371e-01	1.461058962107567583e-01	-1.454056958479599815e-01	2.199765805025507837e-01	-2.033114503471661061e-01	1.968969156443187429e-01	-1.809225486829495744e-01	2.080637946855472264e-01	-3.383748438728889085e-01	2.860800953230475119e-01	-1.846186346017465174e-01	1.850969051742543114e-01	-2.619385383482132901e-01	9.999999999999974465e-01	-5.682954262267715384e-01	2.191523360486793137e-01	-2.314051849043135267e-01	2.149992746858879200e-01	-5.602572408243902125e-01	1.905861628311974476e-01	-2.094114607115214188e-01	1.181653720968423582e-01	-1.622868144227072873e-01	1.758373587455488440e-01	-1.601833105340188246e-01	1.683221604806626193e-01	-1.105848837003557544e-01	1.316369611342988744e-01	-1.233185108341945807e-01	1.638045055382479076e-01	-1.112980592633096011e-01	1.611867405711701895e-01	-1.103263755078219832e-01	1.411248555888454104e-01	-9.045580819589535415e-02	1.074930551463410822e-01
1.778267087081131792e-01	-1.199609322685874641e-01	1.798122132815716256e-01	-1.437834937964370952e-01	1.799616719988320068e-01	-1.391699522193018401e-01	1.339181282709807630e-01	-2.143280803434431114e-01	2.156565747200800132e-01	-2.557195520638318453e-01	1.579518151022403782e-01	-1.843401202161259189e-01	2.270004383954133120e-01	-4.509763539312320324e-01	2.438447229101685654e-01	-1.699195159956415624e-01	2.141349341903047709e-01	-5.682954262267715384e-01	9.999999999999988898e-01	-4.214950912861653576e-01	1.947112803904924305e-01	-1.731287767645179332e-01	2.855660527496229895e-01	-2.751932591409633200e-01	2.469568520237903075e-01	-1.180160266403971620e-01	1.556987386334162393e-01	-1.905666586332974421e-01	1.794849788690492387e-01	-1.901483754007195770e-01	1.107585190824048604e-01	-1.352505823356009718e-01	1.296052311751263730e-01	-1.813844729831532721e-01	1.225081470123801225e-01	-1.680636453891755089e-01	1.140201089983003818e-01	-1.502845488970885879e-01	9.800909063541861366e-02	-1.174013409640377592e-01
-1.673488964093670928e-01	1.105935507368276394e-01	-1.734212034524206525e-01	1.413221258373713873e-01	-1.934871303954966149e-01	1.152187783196879090e-01	-1.133283958998552582e-01	1.697594316967835082e-01	-2.196975034117421011e-01	2.804500353833646598e-01	-1.291172230436761492e-01	1.411868777042344092e-01	-1.690954961351431307e-01	2.620958651892136282e-01	-6.711198871247666675e-01	1.339358054919811414e-01	-1.779205713891346408e-01	2.191523360486793137e-01	-4.214950912861653576e-01	9.999999999999960032e-01	-1.619381719692972732e-01	1.340787788164078398e-01	-2.162551698852645254e-01	2.067541020505291871e-01	-3.491719987750008802e-01	9.301391316561413714e-02	-1.255202322365583933e-01	1.503830393002417720e-01	-1.506168008665243474e-01	1.503605231463598646e-01	-8.861415168839731349e-02	1.064012326181020957e-01	-1.032137728868093851e-01	1.425824393574698368e-01	-9.826596343750566842e-02	1.305533447540588032e-01	-9.016273836453678192e-02	1.174948630868119237e-01	-7.767549245000621161e-02	9.212884897488837765e-02
1.786449522029553705e-01	-1.220441755207936352e-01	1.711062751284342098e-01	-1.244067343515692786e-01	1.532435592946388148e-01	-1.759182875778771138e-01	1.550556102887261367e-01	-1.930998536477519234e-01	1.677602917772923752e-01	-1.759156612099278261e-01	2.496522533364228247e-01	-2.455730710557724183e-01	1.940214233047919401e-01	-2.556413070033862200e-01	1.373935722913907365e-01	-4.954468588846104304e-01	3.175478414394206639e-01	-2.314051849043135267e-01	1.947112803904924305e-01	-1.619381719692972732e-01	1.000000000000001776e+00	-5.543965278212023007e-01	2.745805067884801165e-01	-1.660639441910273240e-01	1.768760629504533000e-01	-1.925482134334706719e-01	2.342867682237950999e-01	-2.226864449118839684e-01	1.716161600860366121e-01	-2.135312161746776016e-01	1.608287353700479094e-01	-1.930925132503541475e-01	1.649337004185784661e-01	-2.147571989638249745e-01	1.404774284965563114e-01	-2.392735244504692049e-01	1.556888283193208211e-01	-1.963971654674910028e-01	1.192614647343122752e-01	-1.435506581183109698e-01
-1.453452049962424275e-01	9.781570937629199824e-02	-1.398513988558336973e-01	1.003809019984773371e-01	-1.253718098909252510e-01	1.312608956218330181e-01	-1.226279337058997776e-01	1.526376922797310076e-01	-1.359379131822683606e-01	1.403777180781548561e-01	-1.823823847112589769e-01	1.961381552914310544e-01	-1.631900710313822778e-01	2.006238783719977992e-01	-1.135602519048568848e-01	2.394346680382693493e-01	-5.536802572533536804e-01	2.149992746858879200e-01	-1.731287767645179332e-01	1.340787788164078398e-01	-5.543965278212023007e-01	9.999999999999997780e-01	-4.162902725751724264e-01	1.461886084813031617e-01	-1.549399626100881333e-01	1.726895715723630043e-01	-3.346211336052381524e-01	2.018571621595735832e-01	-1.537014086639979515e-01	1.685412558806692329e-01	-1.497327228298755974e-01	1.754249543214821128e-01	-1.456476148303581242e-01	1.696468071428312574e-01	-1.136278160178055413e-01	1.946141101233384851e-01	-1.370861077053311949e-01	1.616984482405027235e-01	-9.647845637600192814e-02	1.131894358858914901e-01
1.855370778849277369e-01	-1.253799858584300486e-01	1.823941459953270783e-01	-1.376314639931840444e-01	1.705203964903775904e-01	-1.583976093083267200e-01	1.471888383362430774e-01	-2.157278795552206307e-01	1.922819656303685065e-01	-2.102725338113802522e-01	1.880628621034448611e-01	-2.175083776189268570e-01	2.268658017845125163e-01	-3.112375950029216409e-01	1.715580705267095440e-01	-2.334861053126727759e-01	2.895476169195993488e-01	-5.602572408243902125e-01	2.855660527496229895e-01	-2.162551698852645254e-01	2.745805067884801165e-01	-4.162902725751724264e-01	9.999999999999976685e-01	-2.473740597176767586e-01	2.259395655158507876e-01	-1.715116352159851698e-01	2.254104667807294848e-01	-2.635489041109164154e-01	2.065111902199021354e-01	-2.370369052142958788e-01	1.534284920779282191e-01	-1.906664222445916546e-01	1.738308875964437727e-01	-2.326088875878091489e-01	1.539962156845511021e-01	-2.346920599169239896e-01	1.563059793348012538e-01	-2.039365362714552488e-01	1.271865802041116100e-01	-1.528930666587281495e-01
-1.378934430939688649e-01	8.875845185068118037e-02	-1.359071894616729337e-01	9.907580908116729590e-02	-1.298550320470375496e-01	9.704310836291074605e-02	-9.353237834742400558e-02	1.288744758343283447e-01	-1.356584117082390850e-01	1.537734719703008623e-01	-1.142177059365355046e-01	1.224015381376908768e-01	-1.323564047306023395e-01	1.955071476403924535e-01	-1.585502173379712831e-01	1.258879945921120291e-01	-1.769394006009846199e-01	1.905861628311974476e-01	-2.751932591409633200e-01	2.067541020505291871e-01	-1.660639441910273240e-01	1.461886084813031617e-01	-2.473740597176767586e-01	9.999999999999983347e-01	-6.888687674654188076e-01	1.169937385169172589e-01	-1.728726832689165827e-01	2.505208744381840491e-01	-4.996884314660892112e-01	2.177690859995757289e-01	-1.134940656222543504e-01	1.372333450434573832e-01	-1.466060973465707629e-01	1.912690726128330743e-01	-1.465606327485676486e-01	1.545074072768241880e-01	-1.154209010460510998e-01	1.503574586157203630e-01	-1.041643929285118730e-01	1.177155659637924290e-01
1.531383030388651090e-01	-1.003264829619055082e-01	1.522611518531970520e-01	-1.162454224674568104e-01	1.492764585783629139e-01	-1.116103414644832315e-01	1.064233958408285219e-01	-1.533766447118470877e-01	1.615173043581721590e-01	-2.070052694477280686e-01	1.278666949211252069e-01	-1.395530883702527924e-01	1.504391036909956125e-01	-2.435135532540358416e-01	2.008809557246842847e-01	-1.429042559965960080e-01	1.887038920786394125e-01	-2.094114607115214188e-01	2.469568520237903075e-01	-3.491719987750008802e-01	1.768760629504533000e-01	-1.549399626100881333e-01	2.259395655158507876e-01	-6.888687674654188076e-01	9.999999999999996669e-01	-1.343645041988292821e-01	1.794914753800027907e-01	-2.762313124489021443e-01	2.816046477742135679e-01	-2.698228870415160241e-01	1.265737714798730873e-01	-1.595863614043681045e-01	1.622390687001893095e-01	-2.377903038309295003e-01	1.643255995188319940e-01	-1.887322249580219713e-01	1.334934238290005626e-01	-1.818112404164219931e-01	1.233981736506871568e-01	-1.461398164355129370e-01
-1.130259839905489727e-01	7.124112122122454316e-02	-1.083024492744780742e-01	7.282619207782171922e-02	-9.556374657959780528e-02	7.982543412096629321e-02	-7.636306293475444984e-02	9.429509322943056826e-02	-9.237734511418917160e-02	9.453589818584817728e-02	-1.012776937054166299e-01	1.032562069726935122e-01	-9.782681326808566336e-02	1.261346029069456420e-01	-8.070341716533527276e-02	1.188490607289973688e-01	-1.837031899253163958e-01	1.181653720968423582e-01	-1.180160266403971620e-01	9.301391316561413714e-02	-1.925482134334706719e-01	1.726895715723630043e-01	-1.715116352159851698e-01	1.169937385169172589e-01	-1.343645041988292821e-01	9.999999999999985567e-01	-4.763768019293396216e-01	2.000535188565081834e-01	-1.499647615671903800e-01	1.366909984922196342e-01	-7.497717478235035315e-01	2.361822112132625773e-01	-1.730776954016829128e-01	1.446876550853868071e-01	-1.019625207132545536e-01	2.542323010179897147e-01	-1.948205523849104726e-01	1.704286090439763590e-01	-9.197528800600647536e-02	9.943195374546359711e-02
1.402416904261393482e-01	-8.983555214620279894e-02	1.349205865500837098e-01	-9.302014843763059537e-02	1.205315071295571666e-01	-1.044510648510132977e-01	9.862142012784677614e-02	-1.248436890444866443e-01	1.202240606289062819e-01	-1.257384438227430457e-01	1.307337578635506259e-01	-1.376090621536801839e-01	1.281395878297872104e-01	-1.704431729328638179e-01	1.064624810004822231e-01	-1.599223298887222644e-01	2.371842445048908121e-01	-1.622868144227072873e-01	1.556987386334162393e-01	-1.255202322365583933e-01	2.342867682237950999e-01	-3.346211336052381524e-01	2.254104667807294848e-01	-1.728726832689165827e-01	1.794914753800027907e-01	-4.763768019293396216e-01	9.999999999999987788e-01	-4.397147553447090518e-01	2.230804904218628981e-01	-2.058637082116719363e-01	2.842613259327527730e-01	-4.279958560202176132e-01	2.472846487645807001e-01	-2.154359789044706652e-01	1.465408836307411089e-01	-3.193551511282422539e-01	2.391182218671637771e-01	-2.522691605546856231e-01	1.300247840332685034e-01	-1.440813999107667942e-01
-1.608769016544644992e-01	1.009780628899613619e-01	-1.550810945311610900e-01	1.052152302746079959e-01	-1.390310226147795925e-01	1.093727911051875085e-01	-1.054563606064998077e-01	1.335130835433936958e-01	-1.348420428312715191e-01	1.408805519281204344e-01	-1.342205215539469532e-01	1.386228278175959672e-01	-1.383971455312806575e-01	1.835427287952127451e-01	-1.273066032392826952e-01	1.506211160601338694e-01	-2.319240914173138768e-01	1.758373587455488440e-01	-1.905666586332974421e-01	1.503830393002417720e-01	-2.226864449118839684e-01	2.018571621595735832e-01	-2.635489041109164154e-01	2.505208744381840491e-01	-2.762313124489021443e-01	2.000535188565081834e-01	-4.397147553447090518e-01	9.999999999999990008e-01	-5.812230575591729176e-01	2.419229625789326432e-01	-1.992527196487335617e-01	2.417828885610003586e-01	-3.521485705404105992e-01	2.351400988951460880e-01	-1.833147193652455154e-01	2.221616519521754374e-01	-1.948121842164489137e-01	2.413644382584614612e-01	-1.432020582718509516e-01	1.500667858221496898e-01
1.360758844268757650e-01	-8.616097806384860613e-02	1.320532818557955124e-01	-9.199297967489158956e-02	1.207124428962522977e-01	-9.359706879174936600e-02	8.987337057743602364e-02	-1.179786349188729211e-01	1.200692066347404940e-01	-1.313199320559273187e-01	1.117761584426077426e-01	-1.174922461232635051e-01	1.202860390911199284e-01	-1.704475035062749111e-01	1.194082175019702124e-01	-1.254025268868090293e-01	1.803841929900543983e-01	-1.601833105340188246e-01	1.794849788690492387e-01	-1.506168008665243474e-01	1.716161600860366121e-01	-1.537014086639979515e-01	2.065111902199021354e-01	-4.996884314660892112e-01	2.816046477742135679e-01	-1.499647615671903800e-01	2.230804904218628981e-01	-5.812230575591729176e-01	9.999999999999976685e-01	-3.874652827432262248e-01	1.404584840997142037e-01	-1.820027323805161190e-01	2.043548473533982335e-01	-2.893380368560126148e-01	2.109144632838416966e-01	-1.882971123015565462e-01	1.466585204214897742e-01	-2.023455213682617271e-01	1.398122684284902051e-01	-1.559165165286199306e-01
-1.857877676794897903e-01	1.136426401060246089e-01	-1.779805335741805328e-01	1.161009872751454508e-01	-1.565108651350858859e-01	1.150967745870771081e-01	-1.123823791628093677e-01	1.379660036938548939e-01	-1.429997460249139152e-01	1.456383736233128057e-01	-1.379428320347338421e-01	1.399917381601773203e-01	-1.423676217139451805e-01	1.849452900878913175e-01	-1.316163190670686933e-01	1.477202818091709335e-01	-2.261063254411074808e-01	1.683221604806626193e-01	-1.901483754007195770e-01	1.503605231463598646e-01	-2.135312161746776016e-01	1.685412558806692329e-01	-2.370369052142958788e-01	2.177690859995757289e-01	-2.698228870415160241e-01	1.366909984922196342e-01	-2.058637082116719363e-01	2.419229625789326432e-01	-3.874652827432262248e-01	9.999999999999990008e-01	-1.417379203491803963e-01	1.649074225514427228e-01	-1.923714308683664442e-01	3.124881814539245406e-01	-6.431936280692207575e-01	1.784788546147527966e-01	-1.458334335636622958e-01	1.886051376653151701e-01	-1.959064685815946616e-01	2.074169779328043917e-01
1.061265489744960266e-01	-6.691643611884583176e-02	1.017963935335578496e-01	-6.872614796079007382e-02	9.009073519730059765e-02	-7.469341701311534021e-02	7.118024306611941965e-02	-8.878052862814535262e-02	8.713770222119558706e-02	-8.998181251732943753e-02	9.283920185960516103e-02	-9.548721666792656104e-02	9.115741788669617929e-02	-1.203214781616546714e-01	7.645286626648270523e-02	-1.095891775680058328e-01	1.597506663248530745e-01	-1.105848837003557544e-01	1.107585190824048604e-01	-8.861415168839731349e-02	1.608287353700479094e-01	-1.497327228298755974e-01	1.534284920779282191e-01	-1.134940656222543504e-01	1.265737714798730873e-01	-7.497717478235035315e-01	2.842613259327527730e-01	-1.992527196487335617e-01	1.404584840997142037e-01	-1.417379203491803963e-01	9.999999999999980016e-01	-3.197234970501677265e-01	1.858221263439863713e-01	-1.549546312997004682e-01	1.055522104703006669e-01	-4.180877270085332498e-01	2.269559895131148530e-01	-2.016927413729426299e-01	9.934163355789911443e-02	-1.083700390793471968e-01
-1.316678895651650916e-01	8.217190527373831321e-02	-1.260967516277630707e-01	8.388117768995705104e-02	-1.109775252494218378e-01	8.921303101418158465e-02	-8.590141047211062586e-02	1.057975094949246686e-01	-1.052833163130563326e-01	1.073869183919861497e-01	-1.112355821390145910e-01	1.133837587872927322e-01	-1.096474401595655540e-01	1.414379224933026424e-01	-9.270600118149974200e-02	1.261851633226163949e-01	-1.981651137977009924e-01	1.316369611342988744e-01	-1.352505823356009718e-01	1.064012326181020957e-01	-1.930925132503541475e-01	1.754249543214821128e-01	-1.906664222445916546e-01	1.372333450434573832e-01	-1.595863614043681045e-01	2.361822112132625773e-01	-4.279958560202176132e-01	2.417828885610003586e-01	-1.820027323805161190e-01	1.649074225514427228e-01	-3.197234970501677265e-01	9.999999999999982236e-01	-4.748543807511879100e-01	1.951717639224753442e-01	-1.367295796017735376e-01	3.047056933922809852e-01	-5.524032649545951301e-01	3.010253776278245530e-01	-1.362464384651163041e-01	1.363034233041974241e-01
1.235508684140096958e-01	-7.690636963874314391e-02	1.185108035674383165e-01	-7.897280733311895506e-02	1.047384255571202488e-01	-8.226909919247425707e-02	7.930529477168876684e-02	-9.857948675832435559e-02	9.912339176098537707e-02	-1.020650474916629108e-01	1.006943836906851603e-01	-1.031116341998492836e-01	1.015756013941478131e-01	-1.335193137927103701e-01	8.907221194507776441e-02	-1.130741695530610574e-01	1.712055361631788786e-01	-1.233185108341945807e-01	1.296052311751263730e-01	-1.032137728868093851e-01	1.649337004185784661e-01	-1.456476148303581242e-01	1.738308875964437727e-01	-1.466060973465707629e-01	1.622390687001893095e-01	-1.730776954016829128e-01	2.472846487645807001e-01	-3.521485705404105992e-01	2.043548473533982335e-01	-1.923714308683664442e-01	1.858221263439863713e-01	-4.748543807511879100e-01	9.999999999999975575e-01	-3.042089183410624509e-01	1.722376519143367923e-01	-2.544018169579526645e-01	2.762794011439345665e-01	-6.468593429315154797e-01	1.857657998661757237e-01	-1.849237988463389160e-01
-1.841687235078348361e-01	1.124859575395527611e-01	-1.761208642183886564e-01	1.142766637415037062e-01	-1.540672577327074078e-01	1.139969812034643259e-01	-1.112778347470741169e-01	1.356350797810040032e-01	-1.399359672038327507e-01	1.414453046484196730e-01	-1.372023472613138617e-01	1.387759086253085861e-01	-1.400560520610271142e-01	1.803739145485842299e-01	-1.259168673857485321e-01	1.472616106161666882e-01	-2.267724683078060355e-01	1.638045055382479076e-01	-1.813844729831532721e-01	1.425824393574698368e-01	-2.147571989638249745e-01	1.696468071428312574e-01	-2.326088875878091489e-01	1.912690726128330743e-01	-2.377903038309295003e-01	1.446876550853868071e-01	-2.154359789044706652e-01	2.351400988951460880e-01	-2.893380368560126148e-01	3.124881814539245406e-01	-1.549546312997004682e-01	1.951717639224753442e-01	-3.042089183410624509e-01	9.999999999999968914e-01	-5.797724771290202472e-01	1.940065345281380138e-01	-1.754316607288841368e-01	2.431527583468703346e-01	-3.705355517082047356e-01	2.755352668503693314e-01
1.188271001613079719e-01	-7.311689324268033641e-02	1.139340810810996335e-01	-7.499841193091524860e-02	1.004898407094726165e-01	-7.527858425058740754e-02	7.315097124964908826e-02	-9.056156699999255710e-02	9.300655368607053941e-02	-9.564322021862609047e-02	9.035883667931714214e-02	-9.215619273350847407e-02	9.308403063615268425e-02	-1.227423050858400394e-01	8.499674628598336001e-02	-9.814288612589351646e-02	1.481382326311786735e-01	-1.112980592633096011e-01	1.225081470123801225e-01	-9.826596343750566842e-02	1.404774284965563114e-01	-1.136278160178055413e-01	1.539962156845511021e-01	-1.465606327485676486e-01	1.643255995188319940e-01	-1.019625207132545536e-01	1.465408836307411089e-01	-1.833147193652455154e-01	2.109144632838416966e-01	-6.431936280692207575e-01	1.055522104703006669e-01	-1.367295796017735376e-01	1.722376519143367923e-01	-5.797724771290202472e-01	9.999999999999975575e-01	-1.406787678059853997e-01	1.199631851134607408e-01	-1.787826693559636526e-01	2.342356918779127661e-01	-3.299109734488506751e-01
-1.756566412178667547e-01	1.082242541525031410e-01	-1.676312925649137142e-01	1.092279642211810009e-01	-1.458844360890705072e-01	1.138412182873248246e-01	-1.104552097129163774e-01	1.336031612376966937e-01	-1.344367208283496207e-01	1.347784041672147048e-01	-1.414422387478876941e-01	1.421013507239376472e-01	-1.387911690335063286e-01	1.756305269498811272e-01	-1.158762724657289439e-01	1.558693164899842831e-01	-2.463074940097656484e-01	1.611867405711701895e-01	-1.680636453891755089e-01	1.305533447540588032e-01	-2.392735244504692049e-01	1.946141101233384851e-01	-2.346920599169239896e-01	1.545074072768241880e-01	-1.887322249580219713e-01	2.542323010179897147e-01	-3.193551511282422539e-01	2.221616519521754374e-01	-1.882971123015565462e-01	1.784788546147527966e-01	-4.180877270085332498e-01	3.047056933922809852e-01	-2.544018169579526645e-01	1.940065345281380138e-01	-1.406787678059853997e-01	9.999999999999974465e-01	-6.046948232980551285e-01	2.627312851108895009e-01	-1.376325896216001876e-01	1.399367995861687808e-01
1.129129811744044171e-01	-7.023907819406785547e-02	1.080958434554031428e-01	-7.166776125042861878e-02	9.501158816763109749e-02	-7.547607060264793777e-02	7.270150863625736426e-02	-8.957256415607636746e-02	8.951262009941032827e-02	-9.135963866851169735e-02	9.315905191727590073e-02	-9.491691445192185217e-02	9.243306641573263704e-02	-1.200873915176718792e-01	7.864553775231725163e-02	-1.051928564591523285e-01	1.603626762111048376e-01	-1.103263755078219832e-01	1.140201089983003818e-01	-9.016273836453678192e-02	1.556888283193208211e-01	-1.370861077053311949e-01	1.563059793348012538e-01	-1.154209010460510998e-01	1.334934238290005626e-01	-1.948205523849104726e-01	2.391182218671637771e-01	-1.948121842164489137e-01	1.466585204214897742e-01	-1.458334335636622958e-01	2.269559895131148530e-01	-5.524032649545951301e-01	2.762794011439345665e-01	-1.754316607288841368e-01	1.199631851134607408e-01	-6.046948232980551285e-01	9.999999999999973355e-01	-4.293353644106667755e-01	1.343990484775480221e-01	-1.368778998094015431e-01
-1.516517055348869936e-01	9.341076984943046113e-02	-1.450011600243909793e-01	9.486393408770138480e-02	-1.268563995231745678e-01	9.754290256677250470e-02	-9.469444660117451451e-02	1.155893588319254206e-01	-1.171876113973608358e-01	1.184962388716105652e-01	-1.196720676389658178e-01	1.210452310734843051e-01	-1.197463503195485557e-01	1.535595180857040332e-01	-1.034580162166865436e-01	1.313307168112995971e-01	-2.045335805903745197e-01	1.411248555888454104e-01	-1.502845488970885879e-01	1.174948630868119237e-01	-1.963971654674910028e-01	1.616984482405027235e-01	-2.039365362714552488e-01	1.503574586157203630e-01	-1.818112404164219931e-01	1.704286090439763590e-01	-2.522691605546856231e-01	2.413644382584614612e-01	-2.023455213682617271e-01	1.886051376653151701e-01	-2.016927413729426299e-01	3.010253776278245530e-01	-6.468593429315154797e-01	2.431527583468703346e-01	-1.787826693559636526e-01	2.627312851108895009e-01	-4.293353644106667755e-01	9.999999999999972244e-01	-2.872090002009282661e-01	2.099027289108925665e-01
9.872917035132337815e-02	-6.063585911499307785e-02	9.447360138520094486e-02	-6.177455031632245186e-02	8.283243869035350482e-02	-6.246586710829341721e-02	6.071122017239239527e-02	-7.445131979154485935e-02	7.612865343203693846e-02	-7.745192413071169679e-02	7.548703824281223496e-02	-7.661161890921239226e-02	7.670435347154763717e-02	-9.972778630017103962e-02	6.806417648141693810e-02	-8.217195821624473373e-02	1.252725830860594580e-01	-9.045580819589535415e-02	9.800909063541861366e-02	-7.767549245000621161e-02	1.192614647343122752e-01	-9.647845637600192814e-02	1.271865802041116100e-01	-1.041643929285118730e-01	1.233981736506871568e-01	-9.197528800600647536e-02	1.300247840332685034e-01	-1.432020582718509516e-01	1.398122684284902051e-01	-1.959064685815946616e-01	9.934163355789911443e-02	-1.362464384651163041e-01	1.857657998661757237e-01	-3.705355517082047356e-01	2.342356918779127661e-01	-1.376325896216001876e-01	1.343990484775480221e-01	-2.872090002009282661e-01	9.999999999999973355e-01	-8.230653398342957505e-01
