1.000000000000000000e+00	-8.831680563220174474e-01	1.354833186049911320e-01	-1.205441202499225872e-01	1.042666837719400802e-01	-2.217039747989312248e-01	2.483673600723397823e-01	-1.803207806974717053e-01	1.077708703380046151e-01	-7.813397960566843825e-02	1.258558191983432939e-01	-1.702256662708526158e-01	1.537513740693590703e-01	-1.295765898624904044e-01	7.935717864981620129e-02	-1.359724363990437446e-01	1.229830475316076449e-01	-1.327224435441087258e-01	1.229745601493026502e-01	-9.067789467334604059e-02	1.239191044247854173e-01	-1.525260304519620580e-01	1.055496239327490954e-01	-7.177635598616739776e-02	6.717290780668168371e-02	-6.197946498261810294e-02	5.121161614360507375e-02	-6.735504489988297649e-02	7.497219824186067416e-02	-1.192923148606701428e-01	1.324723943027278882e-02	-2.177916283173744402e-02	6.283516637294424279e-02	-5.922701647032545952e-02	4.813274852219368710e-02	-1.480730136870082349e-02	2.336764097219696731e-02	-4.433994579804260983e-02	3.884771091220279304e-02	-5.393758907123771124e-02
-8.831680563220174474e-01	1.000000000000000000e+00	-1.396879574346806541e-01	1.080748144950798156e-01	-9.121650645286828729e-02	1.747767792973970169e-01	-3.470571404133377391e-01	1.656488816822783150e-01	-9.832447000742260135e-02	6.742757095215778929e-02	-1.070121235176596380e-01	1.395411515027379368e-01	-1.476118590368948602e-01	1.099618893365856137e-01	-6.859996483802181799e-02	1.090993640510068835e-01	-1.057130458022332853e-01	1.105142601735571717e-01	-1.065782792710847221e-01	7.624017016124774726e-02	-1.051628811722560286e-01	1.207558947953500383e-01	-8.867642336619785404e-02	5.969437085166215406e-02	-5.614171839301864558e-02	5.062303908476062375e-02	-4.216677163398880462e-02	5.545138776218465348e-02	-6.205375961449617617e-02	9.605624383837028935e-02	-1.085622459837986935e-02	1.787037889119219569e-02	-5.192022088089703197e-02	4.843237896460460962e-02	-3.917173048623544956e-02	1.211519668659915248e-02	-1.921132021692743483e-02	3.614136387496769826e-02	-3.177633222036566063e-02	4.368164927724409174e-02
1.354833186049911320e-01	-1.396879574346806541e-01	1.000000000000000222e+00	-7.801815945469636748e-01	1.877966762467092321e-01	-1.701979937867327541e-01	1.925622888912567332e-01	-2.843608559543703285e-01	2.876111064945571227e-01	-1.655221422035104972e-01	1.150326737414539835e-01	-1.600659127053299380e-01	2.026561117450965677e-01	-3.363038492186213868e-01	1.492465247045867416e-01	-1.367073722022861537e-01	1.357617116628230813e-01	-1.593226985916923466e-01	1.989382936339650076e-01	-1.607674546136189375e-01	1.362270596412090418e-01	-1.884923655679734689e-01	1.374553408245776376e-01	-1.087086267714390403e-01	1.021937338193364964e-01	-7.955629571463217198e-02	6.571433345309189711e-02	-8.903654319404206985e-02	1.008761112132702392e-01	-1.754438812134321013e-01	1.749245361115103758e-02	-2.893731352567828138e-02	8.384062732627568792e-02	-8.090025477311081625e-02	6.774386304316723506e-02	-1.961801591173311862e-02	3.101353993715969676e-02	-6.096058779099261526e-02	5.330163655702589015e-02	-7.617568943086747146e-02
-1.205441202499225872e-01	1.080748144950798156e-01	-7.801815945469636748e-01	1.000000000000000666e+00	-2.004021827328962557e-01	1.349755464367201896e-01	-1.747915312372284868e-01	2.114168828395707467e-01	-4.536068493754805697e-01	1.603706392943287096e-01	-9.501570943405603098e-02	1.298423892178544869e-01	-1.897789636969081650e-01	2.695682877315392911e-01	-1.473324959197548079e-01	1.094092322243616494e-01	-1.153454620789016727e-01	1.311584638008079229e-01	-1.890613322462932622e-01	1.406283979067477763e-01	-1.142759310069328821e-01	1.485184223856355068e-01	-1.164669556946252710e-01	9.225306091962581778e-02	-8.824520701835546210e-02	6.478915762184316030e-02	-5.407471695334748613e-02	7.336099560839369482e-02	-8.384658127101510261e-02	1.397904080594994380e-01	-1.432155256013531788e-02	2.373099631280453647e-02	-6.944490627262289717e-02	6.601572109812584022e-02	-5.488564104375475566e-02	1.602727045351220320e-02	-2.550482996085022894e-02	4.947794948545124194e-02	-4.349624872602046721e-02	6.121417613416342551e-02
1.042666837719400802e-01	-9.121650645286828729e-02	1.877966762467092321e-01	-2.004021827328962557e-01	1.000000000000000888e+00	-1.719061274120575744e-01	1.589238495205549384e-01	-1.683787803344180822e-01	2.254185426944195492e-01	-6.348317051123296695e-01	1.221626516863570378e-01	-1.650484200250806888e-01	1.756112633099349285e-01	-2.780718980475350155e-01	3.105293936544210043e-01	-1.606532837155648097e-01	1.544328284774384719e-01	-1.830180470067694076e-01	2.688973516731183455e-01	-3.889284140675281498e-01	1.696518698489575816e-01	-2.792870021672289038e-01	1.962514943242667231e-01	-1.878951390295963420e-01	1.811005157091457596e-01	-1.194537474777800368e-01	9.764917279357716862e-02	-1.352118598801063387e-01	1.571259922035149192e-01	-3.156790609844919437e-01	2.702790048789470434e-02	-4.493380613912127675e-02	1.293132617366227477e-01	-1.303345741315465323e-01	1.142416653972295887e-01	-3.048432907597288175e-02	4.801065969518889670e-02	-9.947281143964348260e-02	8.647935222907499053e-02	-1.296834302278351836e-01
-2.217039747989312248e-01	1.747767792973970169e-01	-1.701979937867327541e-01	1.349755464367201896e-01	-1.719061274120575744e-01	1.000000000000000000e+00	-4.684093950999285161e-01	2.347366835965396525e-01	-1.486240810842090199e-01	1.137236995609925416e-01	-5.918743723072685814e-01	2.989536729093839051e-01	-2.937092898740815139e-01	1.612141718286025094e-01	-1.228812658098498850e-01	2.860915611997545960e-01	-2.557252407359341118e-01	2.124720151922975253e-01	-2.091086733825074095e-01	1.339535028251079563e-01	-3.149770006353467267e-01	2.258779362123633228e-01	-1.826289220159509341e-01	1.111386620461452535e-01	-1.056914302231447694e-01	1.040041254710573487e-01	-8.860935066965860973e-02	1.099309168762182820e-01	-1.246236698689593275e-01	1.666822818876655676e-01	-2.168711447346789029e-02	3.554130725015370446e-02	-1.041665011035507599e-01	9.264731822206395684e-02	-7.250608669364118353e-02	2.398719049725467345e-02	-3.849639439492175130e-02	6.822791660963867244e-02	-6.080006601566846636e-02	7.939166246645243397e-02
2.483673600723397823e-01	-3.470571404133377391e-01	1.925622888912567332e-01	-1.747915312372284868e-01	1.589238495205549384e-01	-4.684093950999285161e-01	1.000000000000000222e+00	-5.395314426278964293e-01	1.847829210709922010e-01	-1.220321259754194865e-01	2.322389754551162644e-01	-3.352147858189844509e-01	2.940990764974418803e-01	-2.076529134940753030e-01	1.216133424696703574e-01	-2.240988964074346612e-01	2.110054475717219880e-01	-2.246899610230723432e-01	1.893576676873524323e-01	-1.359225196565008731e-01	1.993293972364844624e-01	-2.230442486283838455e-01	1.631629081596314146e-01	-1.078044781117445255e-01	1.006183899350762412e-01	-9.288548170996532849e-02	7.718212647308413110e-02	-1.014193230825718994e-01	1.118571880778214123e-01	-1.712743503423073410e-01	1.968135499477822320e-02	-3.236253208055214770e-02	9.394795083928451918e-02	-8.735691871738618386e-02	7.021180075095902196e-02	-2.195128679737913535e-02	3.475861113577471961e-02	-6.510532489149928326e-02	5.718681478943959257e-02	-7.828281551311250253e-02
-1.803207806974717053e-01	1.656488816822783150e-01	-2.843608559543703285e-01	2.114168828395707467e-01	-1.683787803344180822e-01	2.347366835965396525e-01	-5.395314426278964293e-01	1.000000000000001110e+00	-3.067420396550076256e-01	1.341081667585219961e-01	-1.643420210843162255e-01	2.315113278499132676e-01	-6.028625886128288203e-01	2.310508905117789058e-01	-1.302385804375350287e-01	1.643794176681728780e-01	-1.892518150709374680e-01	2.133742979295166209e-01	-1.942221422179764567e-01	1.353233618845884334e-01	-1.652376218538548214e-01	1.862757988175484380e-01	-1.536934952799664245e-01	1.023734490608014941e-01	-9.618825272628687972e-02	8.130722765995666845e-02	-6.833040572315476902e-02	9.167278480173056410e-02	-1.016177886272298797e-01	1.548167602001663534e-01	-1.751008105414027585e-02	2.893363839409839045e-02	-8.514685241802848192e-02	7.868777490129734431e-02	-6.337977587717429084e-02	1.951958657712143247e-02	-3.111756981528948640e-02	5.851882151931329934e-02	-5.154748315892285909e-02	7.036462057389444857e-02
1.077708703380046151e-01	-9.832447000742260135e-02	2.876111064945571227e-01	-4.536068493754805697e-01	2.254185426944195492e-01	-1.486240810842090199e-01	1.847829210709922010e-01	-3.067420396550076256e-01	1.000000000000001332e+00	-2.870955090180466462e-01	1.033456169622966464e-01	-1.436758639168077556e-01	2.045887983161315538e-01	-6.787045269632001609e-01	1.972151717261764192e-01	-1.207923623638328947e-01	1.259421417143706534e-01	-1.485775469754019862e-01	2.232406865204908941e-01	-1.798249902587244486e-01	1.239631419371286236e-01	-1.678432134429627132e-01	1.301450928858674805e-01	-1.097848598003046822e-01	1.040409965756720484e-01	-7.288743519677427785e-02	6.056670301252044947e-02	-8.276304934854865347e-02	9.422454593032868198e-02	-1.624651096731748734e-01	1.610888706401630149e-02	-2.671239204498730702e-02	7.801860287227228852e-02	-7.487777021742035577e-02	6.277125818343760877e-02	-1.804944889528007496e-02	2.866371266932156783e-02	-5.624514310732611766e-02	4.933471259861343244e-02	-7.015684822170517587e-02
-7.813397960566843825e-02	6.742757095215778929e-02	-1.655221422035104972e-01	1.603706392943287096e-01	-6.348317051123296695e-01	1.137236995609925416e-01	-1.220321259754194865e-01	1.341081667585219961e-01	-2.870955090180466462e-01	1.000000000000000444e+00	-8.190144894141020149e-02	1.109862274442399571e-01	-1.364426545196713025e-01	2.321954009256490814e-01	-5.976775208458322552e-01	1.023705962371512512e-01	-1.053354903341399834e-01	1.233897070521572104e-01	-2.212643864601261667e-01	2.768862793932360677e-01	-1.103143911087886841e-01	1.633786474532293587e-01	-1.298710616410087837e-01	1.254155438687608037e-01	-1.295163719437313343e-01	7.278455567305451568e-02	-6.050694855828062102e-02	8.400377846695050721e-02	-9.799888603072884341e-02	1.785346860739477626e-01	-1.643904125078522738e-02	2.737800612701608155e-02	-8.025706593275329370e-02	7.824647519445894484e-02	-6.720208502407423734e-02	1.845594580718087560e-02	-2.938336709902215904e-02	5.894279450292495837e-02	-5.176370936309153403e-02	7.489117018245709800e-02
1.258558191983432939e-01	-1.070121235176596380e-01	1.150326737414539835e-01	-9.501570943405603098e-02	1.221626516863570378e-01	-5.918743723072685814e-01	2.322389754551162644e-01	-1.643420210843162255e-01	1.033456169622966464e-01	-8.190144894141020149e-02	1.000000000000004219e+00	-4.845082747783941990e-01	2.076921701503445516e-01	-1.172298227998213732e-01	8.866256692419147156e-02	-5.230269466161020508e-01	2.402706295860800034e-01	-1.872468978101662074e-01	1.525687763475107595e-01	-9.954321737475786691e-02	2.596034730788446820e-01	-1.955471493122077631e-01	1.433178027149537848e-01	-8.543481306262719344e-02	8.025599648993989033e-02	-8.480987432999846642e-02	7.072460067671133832e-02	-8.709847912097104516e-02	9.586689079362951948e-02	-1.301361891115770109e-01	1.708657629200966213e-02	-2.787197383045139989e-02	8.081276360782634061e-02	-7.229572471647713328e-02	5.634613405048723850e-02	-1.891329652646866338e-02	3.006466376362703502e-02	-5.333607207580647047e-02	4.725992988901373676e-02	-6.202430465820267524e-02
-1.702256662708526158e-01	1.395411515027379368e-01	-1.600659127053299380e-01	1.298423892178544869e-01	-1.650484200250806888e-01	2.989536729093839051e-01	-3.352147858189844509e-01	2.315113278499132676e-01	-1.436758639168077556e-01	1.109862274442399571e-01	-4.845082747783941990e-01	9.999999999999980016e-01	-3.900203105010492943e-01	1.592574825652489090e-01	-1.202682977434687689e-01	2.806566690319134416e-01	-5.290227644362739401e-01	2.816327143227950747e-01	-2.121512781790296231e-01	1.344924568476521531e-01	-2.741389997055458383e-01	2.345228870606305416e-01	-2.009486589378544907e-01	1.158047945193911299e-01	-1.086861512619401726e-01	1.042817606815973075e-01	-8.891798712990225950e-02	1.148642285197265106e-01	-1.265351301898839376e-01	1.703833852505642898e-01	-2.186402182611378586e-02	3.598478505970090918e-02	-1.065919376244429395e-01	9.480541090312274988e-02	-7.386746097189024474e-02	2.421764631190059108e-02	-3.886589387506737131e-02	6.976712532888144913e-02	-6.194782101887793407e-02	8.105952158953655395e-02
1.537513740693590703e-01	-1.476118590368948602e-01	2.026561117450965677e-01	-1.897789636969081650e-01	1.756112633099349285e-01	-2.937092898740815139e-01	2.940990764974418803e-01	-6.028625886128288203e-01	2.045887983161315538e-01	-1.364426545196713025e-01	2.076921701503445516e-01	-3.900203105010492943e-01	1.000000000000001776e+00	-2.382171896319504045e-01	1.364825396692718185e-01	-2.222638899270703294e-01	2.634250353078364526e-01	-4.085570710766202041e-01	2.187556220719886202e-01	-1.557082643681914347e-01	2.036222657527684277e-01	-2.483660074657713657e-01	2.017043398154666489e-01	-1.279127149025010290e-01	1.171089904121328656e-01	-1.059629798933414552e-01	8.821572035250342669e-02	-1.207290760445574318e-01	1.285265517050624140e-01	-1.970451078754190954e-01	2.249225349662123050e-02	-3.713145163191636233e-02	1.087305098086525923e-01	-1.010711327454908992e-01	8.071280973563475791e-02	-2.510420825643384923e-02	3.977852391183173131e-02	-7.521306343380118609e-02	6.584157934047094041e-02	-9.008771197404877307e-02
-1.295765898624904044e-01	1.099618893365856137e-01	-3.363038492186213868e-01	2.695682877315392911e-01	-2.780718980475350155e-01	1.612141718286025094e-01	-2.076529134940753030e-01	2.310508905117789058e-01	-6.787045269632001609e-01	2.321954009256490814e-01	-1.172298227998213732e-01	1.592574825652489090e-01	-2.382171896319504045e-01	1.000000000000000444e+00	-2.612142331061879652e-01	1.364066848771028073e-01	-1.494577840886225917e-01	1.721914452850160093e-01	-3.819728316163790161e-01	2.167160177961433287e-01	-1.470657595794922778e-01	1.917437029134242965e-01	-1.591476959971285243e-01	1.378147823695803631e-01	-1.320098695657611898e-01	8.583323915845443575e-02	-7.199777232042119113e-02	9.872872693244871822e-02	-1.136066011580129237e-01	1.887123029836043908e-01	-1.911026514776778887e-02	3.175181022883690612e-02	-9.363590385976461317e-02	8.874462259862327118e-02	-7.402110531280986505e-02	2.137504940668715284e-02	-3.415949746370212231e-02	6.632824067106572741e-02	-5.848576788733781534e-02	8.204712900069136006e-02
7.935717864981620129e-02	-6.859996483802181799e-02	1.492465247045867416e-01	-1.473324959197548079e-01	3.105293936544210043e-01	-1.228812658098498850e-01	1.216133424696703574e-01	-1.302385804375350287e-01	1.972151717261764192e-01	-5.976775208458322552e-01	8.866256692419147156e-02	-1.202682977434687689e-01	1.364825396692718185e-01	-2.612142331061879652e-01	1.000000000000002887e+00	-1.139094238924760749e-01	1.155269570091725234e-01	-1.384995379795299630e-01	2.506178108216608469e-01	-6.002039871890585410e-01	1.227513479030192117e-01	-1.898558777750675441e-01	1.521740038720628685e-01	-1.719471517140565286e-01	1.755531542815988721e-01	-8.549556891207091280e-02	7.080515886019067562e-02	-9.954366033815763293e-02	1.157786213287093080e-01	-2.220600117155620001e-01	1.931704782034303000e-02	-3.223494019868311522e-02	9.453318058237145105e-02	-9.324518557883382242e-02	8.119858355273366912e-02	-2.170875693775364129e-02	3.453935612562809843e-02	-7.030503753679698264e-02	6.167074757896656712e-02	-9.035118906589523213e-02
-1.359724363990437446e-01	1.090993640510068835e-01	-1.367073722022861537e-01	1.094092322243616494e-01	-1.606532837155648097e-01	2.860915611997545960e-01	-2.240988964074346612e-01	1.643794176681728780e-01	-1.207923623638328947e-01	1.023705962371512512e-01	-5.230269466161020508e-01	2.806566690319134416e-01	-2.222638899270703294e-01	1.364066848771028073e-01	-1.139094238924760749e-01	1.000000000000000666e+00	-3.301496880066385198e-01	2.187618956194542774e-01	-2.018808205497084063e-01	1.266800169543546017e-01	-6.111381523483205847e-01	2.630774066681679790e-01	-1.941226396605094662e-01	1.111118286560118656e-01	-1.053966757926863285e-01	1.239860822527687756e-01	-1.044757960605561392e-01	1.187001078548374361e-01	-1.318524512497166457e-01	1.663312720005278578e-01	-2.390933141966590861e-02	3.869461042768343462e-02	-1.112898297735461367e-01	9.703705881785934517e-02	-7.445140476304658306e-02	2.627858528615097111e-02	-4.190215891642797702e-02	7.120164365159814546e-02	-6.353141766645360733e-02	8.125094425220935612e-02
1.229830475316076449e-01	-1.057130458022332853e-01	1.357617116628230813e-01	-1.153454620789016727e-01	1.544328284774384719e-01	-2.557252407359341118e-01	2.110054475717219880e-01	-1.892518150709374680e-01	1.259421417143706534e-01	-1.053354903341399834e-01	2.402706295860800034e-01	-5.290227644362739401e-01	2.634250353078364526e-01	-1.494577840886225917e-01	1.155269570091725234e-01	-3.301496880066385198e-01	9.999999999999967804e-01	-6.137695361859321075e-01	2.112320007196947791e-01	-1.381365718339741533e-01	2.415543302488790400e-01	-2.969416174128321484e-01	2.303720417933821096e-01	-1.287180834709322486e-01	1.156712128314287685e-01	-1.146192375229925647e-01	9.612053090386574183e-02	-1.315215673343760328e-01	1.341488494665287190e-01	-1.877294224941874201e-01	2.359958188573658966e-02	-3.890180957788604704e-02	1.147661570708878170e-01	-1.038278672289635607e-01	8.027990038954591068e-02	-2.623334336234123612e-02	4.167359180356166454e-02	-7.654408015339878024e-02	6.713189272791839080e-02	-8.895346157098320272e-02
-1.327224435441087258e-01	1.105142601735571717e-01	-1.593226985916923466e-01	1.311584638008079229e-01	-1.830180470067694076e-01	2.124720151922975253e-01	-2.246899610230723432e-01	2.133742979295166209e-01	-1.485775469754019862e-01	1.233897070521572104e-01	-1.872468978101662074e-01	2.816327143227950747e-01	-4.085570710766202041e-01	1.721914452850160093e-01	-1.384995379795299630e-01	2.187618956194542774e-01	-6.137695361859321075e-01	9.999999999999998890e-01	-3.048381234494852432e-01	1.656787974380988793e-01	-2.337323391707175346e-01	2.664948050532109369e-01	-4.018472162855838969e-01	1.634870188044065531e-01	-1.476948689538985782e-01	1.275274295479513209e-01	-1.122857593031070800e-01	1.638488639754644982e-01	-1.639075632875796884e-01	2.113878082197562513e-01	-2.711218101111241563e-02	4.538661506920815825e-02	-1.421091176541585122e-01	1.223750728612282290e-01	-9.292356718791516812e-02	3.000934021095708407e-02	-4.874835056510911507e-02	8.921261030785219981e-02	-7.891956872583244520e-02	1.016192349240568199e-01
1.229745601493026502e-01	-1.065782792710847221e-01	1.989382936339650076e-01	-1.890613322462932622e-01	2.688973516731183455e-01	-2.091086733825074095e-01	1.893576676873524323e-01	-1.942221422179764567e-01	2.232406865204908941e-01	-2.212643864601261667e-01	1.525687763475107595e-01	-2.121512781790296231e-01	2.187556220719886202e-01	-3.819728316163790161e-01	2.506178108216608469e-01	-2.018808205497084063e-01	2.112320007196947791e-01	-3.048381234494852432e-01	9.999999999999996669e-01	-4.575001793191240673e-01	2.102282853583286870e-01	-3.400106732264821519e-01	2.633784584778081639e-01	-3.334111847663100980e-01	2.535927535343293071e-01	-1.484963431982711801e-01	1.218870358825813599e-01	-1.725358228810820183e-01	1.942649295060791537e-01	-3.755259222581558420e-01	3.303782692298207896e-02	-5.502208336958188534e-02	1.602100795382915277e-01	-1.589417348363010019e-01	1.369975844483611871e-01	-3.716823857339251330e-02	5.874802774054758286e-02	-1.200141823913019878e-01	1.046029883187196141e-01	-1.538265071605205425e-01
-9.067789467334604059e-02	7.624017016124774726e-02	-1.607674546136189375e-01	1.406283979067477763e-01	-3.889284140675281498e-01	1.339535028251079563e-01	-1.359225196565008731e-01	1.353233618845884334e-01	-1.798249902587244486e-01	2.768862793932360677e-01	-9.954321737475786691e-02	1.344924568476521531e-01	-1.557082643681914347e-01	2.167160177961433287e-01	-6.002039871890585410e-01	1.266800169543546017e-01	-1.381365718339741533e-01	1.656787974380988793e-01	-4.575001793191240673e-01	1.000000000000001332e+00	-1.426970004090578614e-01	2.062383704805856588e-01	-2.005227845305114220e-01	2.368222864113176118e-01	-3.434421779497802696e-01	9.925868034200552303e-02	-8.427976827577120245e-02	1.201641146774508478e-01	-1.425582312005646557e-01	2.419448868335900837e-01	-2.265463560251686215e-02	3.800229311478765803e-02	-1.147672179092396605e-01	1.089192863590295463e-01	-9.374344227174867539e-02	2.532804094033652004e-02	-4.096048126333866335e-02	8.072875819570046740e-02	-7.195233295194197742e-02	1.007858471573151726e-01
1.239191044247854173e-01	-1.051628811722560286e-01	1.362270596412090418e-01	-1.142759310069328821e-01	1.696518698489575816e-01	-3.149770006353467267e-01	1.993293972364844624e-01	-1.652376218538548214e-01	1.239631419371286236e-01	-1.103143911087886841e-01	2.596034730788446820e-01	-2.741389997055458383e-01	2.036222657527684277e-01	-1.470657595794922778e-01	1.227513479030192117e-01	-6.111381523483205847e-01	2.415543302488790400e-01	-2.337323391707175346e-01	2.102282853583286870e-01	-1.426970004090578614e-01	1.000000000000000444e+00	-5.146182957221638876e-01	2.263191591607140452e-01	-1.316132452955804666e-01	1.229788947275076982e-01	-2.097433595048645294e-01	1.506785646876092621e-01	-1.573949597634823061e-01	1.631580298220010883e-01	-2.155911758558242963e-01	3.323004649086203771e-02	-5.206810322399927499e-02	1.404686350203256662e-01	-1.252461731669923806e-01	9.540236808991292561e-02	-3.657852930588795237e-02	5.558330802911710250e-02	-9.263973182286264207e-02	8.134831727965805004e-02	-1.057839480861428039e-01
-1.525260304519620580e-01	1.207558947953500383e-01	-1.884923655679734689e-01	1.485184223856355068e-01	-2.792870021672289038e-01	2.258779362123633228e-01	-2.230442486283838455e-01	1.862757988175484380e-01	-1.678432134429627132e-01	1.633786474532293587e-01	-1.955471493122077631e-01	2.345228870606305416e-01	-2.483660074657713657e-01	1.917437029134242965e-01	-1.898558777750675441e-01	2.630774066681679790e-01	-2.969416174128321484e-01	2.664948050532109369e-01	-3.400106732264821519e-01	2.062383704805856588e-01	-5.146182957221638876e-01	1.000000000000000222e+00	-4.328602769680566786e-01	1.954386153623940692e-01	-1.894820293760788310e-01	1.959185791015715661e-01	-1.911945459812001147e-01	2.182449301066021752e-01	-2.509813144351476510e-01	2.656488917836770658e-01	-4.179978628992842699e-02	6.922349770992990148e-02	-2.102713958508667658e-01	1.728183903819353606e-01	-1.287399586901213644e-01	4.567979659466663012e-02	-7.584450332520560611e-02	1.246454937444128191e-01	-1.135909749970077515e-01	1.367952004613158801e-01
1.055496239327490954e-01	-8.867642336619785404e-02	1.374553408245776376e-01	-1.164669556946252710e-01	1.962514943242667231e-01	-1.826289220159509341e-01	1.631629081596314146e-01	-1.536934952799664245e-01	1.301450928858674805e-01	-1.298710616410087837e-01	1.433178027149537848e-01	-2.009486589378544907e-01	2.017043398154666489e-01	-1.591476959971285243e-01	1.521740038720628685e-01	-1.941226396605094662e-01	2.303720417933821096e-01	-4.018472162855838969e-01	2.633784584778081639e-01	-2.005227845305114220e-01	2.263191591607140452e-01	-4.328602769680566786e-01	9.999999999999996669e-01	-3.487303293197666076e-01	2.291363268794310293e-01	-2.310966809885091622e-01	1.951673058974008335e-01	-4.348529480416026827e-01	2.555919866386889283e-01	-3.369707255274239088e-01	4.450214499170805638e-02	-7.552590595966815479e-02	2.363844212534291778e-01	-2.112253575890628565e-01	1.487197816965461217e-01	-4.945223334960972134e-02	7.869185177605078629e-02	-1.521919560681963268e-01	1.287247196541540240e-01	-1.659165375276570598e-01
-7.177635598616739776e-02	5.969437085166215406e-02	-1.087086267714390403e-01	9.225306091962581778e-02	-1.878951390295963420e-01	1.111386620461452535e-01	-1.078044781117445255e-01	1.023734490608014941e-01	-1.097848598003046822e-01	1.254155438687608037e-01	-8.543481306262719344e-02	1.158047945193911299e-01	-1.279127149025010290e-01	1.378147823695803631e-01	-1.719471517140565286e-01	1.111118286560118656e-01	-1.287180834709322486e-01	1.634870188044065531e-01	-3.334111847663100980e-01	2.368222864113176118e-01	-1.316132452955804666e-01	1.954386153623940692e-01	-3.487303293197666076e-01	9.999999999999995559e-01	-7.836021332920510840e-01	1.077500451442743867e-01	-9.495574995072447733e-02	1.497049870847978470e-01	-1.699157629877834363e-01	2.562222459400040897e-01	-2.415404155167552233e-02	4.115830990346495966e-02	-1.326105034385220427e-01	1.207490470606014943e-01	-1.026018972979120952e-01	2.681130162429192290e-02	-4.429065381446660454e-02	8.623824654874845397e-02	-7.807403031120627168e-02	1.039531586990875833e-01
6.717290780668168371e-02	-5.614171839301864558e-02	1.021937338193364964e-01	-8.824520701835546210e-02	1.811005157091457596e-01	-1.056914302231447694e-01	1.006183899350762412e-01	-9.618825272628687972e-02	1.040409965756720484e-01	-1.295163719437313343e-01	8.025599648993989033e-02	-1.086861512619401726e-01	1.171089904121328656e-01	-1.320098695657611898e-01	1.755531542815988721e-01	-1.053966757926863285e-01	1.156712128314287685e-01	-1.476948689538985782e-01	2.535927535343293071e-01	-3.434421779497802696e-01	1.229788947275076982e-01	-1.894820293760788310e-01	2.291363268794310293e-01	-7.836021332920510840e-01	9.999999999999994449e-01	-1.027425910071503440e-01	8.710639446594101165e-02	-1.361159813534556784e-01	1.554687371215063285e-01	-3.590258987878852115e-01	2.309256675271498943e-02	-3.924145626268157189e-02	1.215801940669110487e-01	-1.187245217791717683e-01	1.091389702045091475e-01	-2.578508889600650972e-02	4.209435450938998902e-02	-8.605883347689323448e-02	7.736447877586855038e-02	-1.114783108391435573e-01
-6.197946498261810294e-02	5.062303908476062375e-02	-7.955629571463217198e-02	6.478915762184316030e-02	-1.194537474777800368e-01	1.040041254710573487e-01	-9.288548170996532849e-02	8.130722765995666845e-02	-7.288743519677427785e-02	7.278455567305451568e-02	-8.480987432999846642e-02	1.042817606815973075e-01	-1.059629798933414552e-01	8.583323915845443575e-02	-8.549556891207091280e-02	1.239860822527687756e-01	-1.146192375229925647e-01	1.275274295479513209e-01	-1.484963431982711801e-01	9.925868034200552303e-02	-2.097433595048645294e-01	1.959185791015715661e-01	-2.310966809885091622e-01	1.077500451442743867e-01	-1.027425910071503440e-01	9.999999999999994449e-01	-8.238938716496266856e-01	2.747615438435243584e-01	-2.538396290079689699e-01	1.708944672401131737e-01	-8.115726822610981606e-02	1.087347972395969892e-01	-2.436546427761982214e-01	1.649064286665138934e-01	-1.054174635234505220e-01	7.768677618976058130e-02	-1.172664067688540673e-01	1.173463098897088996e-01	-1.071499286266063278e-01	1.097140262092689000e-01
5.121161614360507375e-02	-4.216677163398880462e-02	6.571433345309189711e-02	-5.407471695334748613e-02	9.764917279357716862e-02	-8.860935066965860973e-02	7.718212647308413110e-02	-6.833040572315476902e-02	6.056670301252044947e-02	-6.050694855828062102e-02	7.072460067671133832e-02	-8.891798712990225950e-02	8.821572035250342669e-02	-7.199777232042119113e-02	7.080515886019067562e-02	-1.044757960605561392e-01	9.612053090386574183e-02	-1.122857593031070800e-01	1.218870358825813599e-01	-8.427976827577120245e-02	1.506785646876092621e-01	-1.911945459812001147e-01	1.951673058974008335e-01	-9.495574995072447733e-02	8.710639446594101165e-02	-8.238938716496266856e-01	1.000000000000000666e+00	-4.147121696850749606e-01	2.026813968160140200e-01	-1.547780394979136886e-01	6.769421642769199443e-02	-1.120206358008971614e-01	2.052240170234758410e-01	-1.526969147556904161e-01	9.245696825111623940e-02	-7.026114423306306644e-02	1.041343963038109111e-01	-1.082424308400612573e-01	9.297876573233032627e-02	-9.979824513468284197e-02
-6.735504489988297649e-02	5.545138776218465348e-02	-8.903654319404206985e-02	7.336099560839369482e-02	-1.352118598801063387e-01	1.099309168762182820e-01	-1.014193230825718994e-01	9.167278480173056410e-02	-8.276304934854865347e-02	8.400377846695050721e-02	-8.709847912097104516e-02	1.148642285197265106e-01	-1.207290760445574318e-01	9.872872693244871822e-02	-9.954366033815763293e-02	1.187001078548374361e-01	-1.315215673343760328e-01	1.638488639754644982e-01	-1.725358228810820183e-01	1.201641146774508478e-01	-1.573949597634823061e-01	2.182449301066021752e-01	-4.348529480416026827e-01	1.497049870847978470e-01	-1.361159813534556784e-01	2.747615438435243584e-01	-4.147121696850749606e-01	1.000000000000000888e+00	-4.444822983428820540e-01	2.291972646908534972e-01	-5.423607358011522245e-02	9.903208317593928389e-02	-5.197873643399490984e-01	2.651775595069713054e-01	-1.490647566194300833e-01	5.751895989012040245e-02	-1.031481078382237015e-01	1.765634401117356089e-01	-1.558298800058866285e-01	1.559122918084476783e-01
7.497219824186067416e-02	-6.205375961449617617e-02	1.008761112132702392e-01	-8.384658127101510261e-02	1.571259922035149192e-01	-1.246236698689593275e-01	1.118571880778214123e-01	-1.016177886272298797e-01	9.422454593032868198e-02	-9.799888603072884341e-02	9.586689079362951948e-02	-1.265351301898839376e-01	1.285265517050624140e-01	-1.136066011580129237e-01	1.157786213287093080e-01	-1.318524512497166457e-01	1.341488494665287190e-01	-1.639075632875796884e-01	1.942649295060791537e-01	-1.425582312005646557e-01	1.631580298220010883e-01	-2.509813144351476510e-01	2.555919866386889283e-01	-1.699157629877834363e-01	1.554687371215063285e-01	-2.538396290079689699e-01	2.026813968160140200e-01	-4.444822983428820540e-01	1.000000000000001998e+00	-3.963919662846089875e-01	5.309867235464156565e-02	-9.358835129865873681e-02	3.148625037646895497e-01	-5.784750510915481758e-01	2.306732562947121923e-01	-5.958756802898136640e-02	9.680042591781055916e-02	-2.334131638804022857e-01	2.018678533432595179e-01	-2.525689726839615568e-01
-1.192923148606701428e-01	9.605624383837028935e-02	-1.754438812134321013e-01	1.397904080594994380e-01	-3.156790609844919437e-01	1.666822818876655676e-01	-1.712743503423073410e-01	1.548167602001663534e-01	-1.624651096731748734e-01	1.785346860739477626e-01	-1.301361891115770109e-01	1.703833852505642898e-01	-1.970451078754190954e-01	1.887123029836043908e-01	-2.220600117155620001e-01	1.663312720005278578e-01	-1.877294224941874201e-01	2.113878082197562513e-01	-3.755259222581558420e-01	2.419448868335900837e-01	-2.155911758558242963e-01	2.656488917836770658e-01	-3.369707255274239088e-01	2.562222459400040897e-01	-3.590258987878852115e-01	1.708944672401131737e-01	-1.547780394979136886e-01	2.291972646908534972e-01	-3.963919662846089875e-01	1.000000000000001776e+00	-4.438108118411490666e-02	7.727938956210704535e-02	-2.576437662631070880e-01	2.488931672624638824e-01	-3.429354234695456416e-01	4.906784579671265301e-02	-8.564876242036550957e-02	1.733100980574892036e-01	-1.744952462842503660e-01	2.393600504229039250e-01
1.324723943027278882e-02	-1.085622459837986935e-02	1.749245361115103758e-02	-1.432155256013531788e-02	2.702790048789470434e-02	-2.168711447346789029e-02	1.968135499477822320e-02	-1.751008105414027585e-02	1.610888706401630149e-02	-1.643904125078522738e-02	1.708657629200966213e-02	-2.186402182611378586e-02	2.249225349662123050e-02	-1.911026514776778887e-02	1.931704782034303000e-02	-2.390933141966590861e-02	2.359958188573658966e-02	-2.711218101111241563e-02	3.303782692298207896e-02	-2.265463560251686215e-02	3.323004649086203771e-02	-4.179978628992842699e-02	4.450214499170805638e-02	-2.415404155167552233e-02	2.309256675271498943e-02	-8.115726822610981606e-02	6.769421642769199443e-02	-5.423607358011522245e-02	5.309867235464156565e-02	-4.438108118411490666e-02	1.000000000000000444e+00	-3.199494524451997335e-01	6.775218485921338796e-02	-4.910863662317883904e-02	3.213092973613364961e-02	-9.125680353143887924e-01	2.352005704127634877e-01	-4.859995303983872389e-02	4.049709897688322235e-02	-3.487077580978407282e-02
-2.177916283173744402e-02	1.787037889119219569e-02	-2.893731352567828138e-02	2.373099631280453647e-02	-4.493380613912127675e-02	3.554130725015370446e-02	-3.236253208055214770e-02	2.893363839409839045e-02	-2.671239204498730702e-02	2.737800612701608155e-02	-2.787197383045139989e-02	3.598478505970090918e-02	-3.713145163191636233e-02	3.175181022883690612e-02	-3.223494019868311522e-02	3.869461042768343462e-02	-3.890180957788604704e-02	4.538661506920815825e-02	-5.502208336958188534e-02	3.800229311478765803e-02	-5.206810322399927499e-02	6.922349770992990148e-02	-7.552590595966815479e-02	4.115830990346495966e-02	-3.924145626268157189e-02	1.087347972395969892e-01	-1.120206358008971614e-01	9.903208317593928389e-02	-9.358835129865873681e-02	7.727938956210704535e-02	-3.199494524451997335e-01	1.000000000000000222e+00	-1.511925116652388656e-01	9.537972801266966782e-02	-6.112445972159542135e-02	2.380203770223054960e-01	-8.859704384447840697e-01	1.044374626770979281e-01	-8.607014069728873007e-02	6.609883457201159995e-02
6.283516637294424279e-02	-5.192022088089703197e-02	8.384062732627568792e-02	-6.944490627262289717e-02	1.293132617366227477e-01	-1.041665011035507599e-01	9.394795083928451918e-02	-8.514685241802848192e-02	7.801860287227228852e-02	-8.025706593275329370e-02	8.081276360782634061e-02	-1.065919376244429395e-01	1.087305098086525923e-01	-9.363590385976461317e-02	9.453318058237145105e-02	-1.112898297735461367e-01	1.147661570708878170e-01	-1.421091176541585122e-01	1.602100795382915277e-01	-1.147672179092396605e-01	1.404686350203256662e-01	-2.102713958508667658e-01	2.363844212534291778e-01	-1.326105034385220427e-01	1.215801940669110487e-01	-2.436546427761982214e-01	2.052240170234758410e-01	-5.197873643399490984e-01	3.148625037646895497e-01	-2.576437662631070880e-01	6.775218485921338796e-02	-1.511925116652388656e-01	1.000000000000001110e+00	-5.268641661726248815e-01	2.095303211187940495e-01	-7.437859325564247226e-02	1.369011224059170639e-01	-3.700467826912733349e-01	2.439025023163194361e-01	-2.378349217020782058e-01
-5.922701647032545952e-02	4.843237896460460962e-02	-8.090025477311081625e-02	6.601572109812584022e-02	-1.303345741315465323e-01	9.264731822206395684e-02	-8.735691871738618386e-02	7.868777490129734431e-02	-7.487777021742035577e-02	7.824647519445894484e-02	-7.229572471647713328e-02	9.480541090312274988e-02	-1.010711327454908992e-01	8.874462259862327118e-02	-9.324518557883382242e-02	9.703705881785934517e-02	-1.038278672289635607e-01	1.223750728612282290e-01	-1.589417348363010019e-01	1.089192863590295463e-01	-1.252461731669923806e-01	1.728183903819353606e-01	-2.112253575890628565e-01	1.207490470606014943e-01	-1.187245217791717683e-01	1.649064286665138934e-01	-1.526969147556904161e-01	2.651775595069713054e-01	-5.784750510915481758e-01	2.488931672624638824e-01	-4.910863662317883904e-02	9.537972801266966782e-02	-5.268641661726248815e-01	1.000000000000000666e+00	-3.659273548548746535e-01	5.352371543518642111e-02	-1.036461985697661181e-01	2.534133128773456978e-01	-3.171561777579858799e-01	2.603762626526490154e-01
4.813274852219368710e-02	-3.917173048623544956e-02	6.774386304316723506e-02	-5.488564104375475566e-02	1.142416653972295887e-01	-7.250608669364118353e-02	7.021180075095902196e-02	-6.337977587717429084e-02	6.277125818343760877e-02	-6.720208502407423734e-02	5.634613405048723850e-02	-7.386746097189024474e-02	8.071280973563475791e-02	-7.402110531280986505e-02	8.119858355273366912e-02	-7.445140476304658306e-02	8.027990038954591068e-02	-9.292356718791516812e-02	1.369975844483611871e-01	-9.374344227174867539e-02	9.540236808991292561e-02	-1.287399586901213644e-01	1.487197816965461217e-01	-1.026018972979120952e-01	1.091389702045091475e-01	-1.054174635234505220e-01	9.245696825111623940e-02	-1.490647566194300833e-01	2.306732562947121923e-01	-3.429354234695456416e-01	3.213092973613364961e-02	-6.112445972159542135e-02	2.095303211187940495e-01	-3.659273548548746535e-01	1.000000000000001110e+00	-3.629778052654585724e-02	6.605044497485046406e-02	-2.303729426156160831e-01	2.291775349134098638e-01	-7.832825864023529316e-01
-1.480730136870082349e-02	1.211519668659915248e-02	-1.961801591173311862e-02	1.602727045351220320e-02	-3.048432907597288175e-02	2.398719049725467345e-02	-2.195128679737913535e-02	1.951958657712143247e-02	-1.804944889528007496e-02	1.845594580718087560e-02	-1.891329652646866338e-02	2.421764631190059108e-02	-2.510420825643384923e-02	2.137504940668715284e-02	-2.170875693775364129e-02	2.627858528615097111e-02	-2.623334336234123612e-02	3.000934021095708407e-02	-3.716823857339251330e-02	2.532804094033652004e-02	-3.657852930588795237e-02	4.567979659466663012e-02	-4.945223334960972134e-02	2.681130162429192290e-02	-2.578508889600650972e-02	7.768677618976058130e-02	-7.026114423306306644e-02	5.751895989012040245e-02	-5.958756802898136640e-02	4.906784579671265301e-02	-9.125680353143887924e-01	2.380203770223054960e-01	-7.437859325564247226e-02	5.352371543518642111e-02	-3.629778052654585724e-02	1.000000000000001110e+00	-3.137008756819493205e-01	5.534037705352065628e-02	-4.722341937963224490e-02	3.890849189289738441e-02
2.336764097219696731e-02	-1.921132021692743483e-02	3.101353993715969676e-02	-2.550482996085022894e-02	4.801065969518889670e-02	-3.849639439492175130e-02	3.475861113577471961e-02	-3.111756981528948640e-02	2.866371266932156783e-02	-2.938336709902215904e-02	3.006466376362703502e-02	-3.886589387506737131e-02	3.977852391183173131e-02	-3.415949746370212231e-02	3.453935612562809843e-02	-4.190215891642797702e-02	4.167359180356166454e-02	-4.874835056510911507e-02	5.874802774054758286e-02	-4.096048126333866335e-02	5.558330802911710250e-02	-7.584450332520560611e-02	7.869185177605078629e-02	-4.429065381446660454e-02	4.209435450938998902e-02	-1.172664067688540673e-01	1.041343963038109111e-01	-1.031481078382237015e-01	9.680042591781055916e-02	-8.564876242036550957e-02	2.352005704127634877e-01	-8.859704384447840697e-01	1.369011224059170639e-01	-1.036461985697661181e-01	6.605044497485046406e-02	-3.137008756819493205e-01	1.000000000000001110e+00	-1.266492247602540311e-01	9.246351353440883380e-02	-7.402328042443261091e-02
-4.433994579804260983e-02	3.614136387496769826e-02	-6.096058779099261526e-02	4.947794948545124194e-02	-9.947281143964348260e-02	6.822791660963867244e-02	-6.510532489149928326e-02	5.851882151931329934e-02	-5.624514310732611766e-02	5.894279450292495837e-02	-5.333607207580647047e-02	6.976712532888144913e-02	-7.521306343380118609e-02	6.632824067106572741e-02	-7.030503753679698264e-02	7.120164365159814546e-02	-7.654408015339878024e-02	8.921261030785219981e-02	-1.200141823913019878e-01	8.072875819570046740e-02	-9.263973182286264207e-02	1.246454937444128191e-01	-1.521919560681963268e-01	8.623824654874845397e-02	-8.605883347689323448e-02	1.173463098897088996e-01	-1.082424308400612573e-01	1.765634401117356089e-01	-2.334131638804022857e-01	1.733100980574892036e-01	-4.859995303983872389e-02	1.044374626770979281e-01	-3.700467826912733349e-01	2.534133128773456978e-01	-2.303729426156160831e-01	5.534037705352065628e-02	-1.266492247602540311e-01	1.000000000000000888e+00	-8.039375770974248603e-01	2.338468798039782248e-01
3.884771091220279304e-02	-3.177633222036566063e-02	5.330163655702589015e-02	-4.349624872602046721e-02	8.647935222907499053e-02	-6.080006601566846636e-02	5.718681478943959257e-02	-5.154748315892285909e-02	4.933471259861343244e-02	-5.176370936309153403e-02	4.725992988901373676e-02	-6.194782101887793407e-02	6.584157934047094041e-02	-5.848576788733781534e-02	6.167074757896656712e-02	-6.353141766645360733e-02	6.713189272791839080e-02	-7.891956872583244520e-02	1.046029883187196141e-01	-7.195233295194197742e-02	8.134831727965805004e-02	-1.135909749970077515e-01	1.287247196541540240e-01	-7.807403031120627168e-02	7.736447877586855038e-02	-1.071499286266063278e-01	9.297876573233032627e-02	-1.558298800058866285e-01	2.018678533432595179e-01	-1.744952462842503660e-01	4.049709897688322235e-02	-8.607014069728873007e-02	2.439025023163194361e-01	-3.171561777579858799e-01	2.291775349134098638e-01	-4.722341937963224490e-02	9.246351353440883380e-02	-8.039375770974248603e-01	1.000000000000000888e+00	-3.622340265759372846e-01
