1.000000000000000222e+00	-6.517225693497521455e-01	3.266511990479640248e-01	-1.949565374418339991e-01	1.543403345403144278e-01	-1.537195981324320226e-01	2.347255680024232516e-01	-2.292761291988899552e-01	1.571602906924629839e-01	-1.490484463756099887e-01	1.257664303370735204e-01	-1.878608685238472298e-01	1.609267510634975473e-01	-1.767506746864209999e-01	1.619108316863494823e-01	-1.559279735318654381e-01	1.697130580195739258e-01	-2.838984254206608493e-01	1.171812574384042960e-01	-1.189644753517042491e-01	1.553141854545387612e-01	-2.494109180387756031e-01	1.809715266310096826e-01	-1.306708082497669843e-01	1.128316553652325555e-01	-1.550914396618093827e-01	1.422441907713491993e-01	-1.986480421574287336e-01	1.384599881600347138e-01	-1.892898018900894264e-01	1.143915623789815567e-01	-1.567525263054189710e-01	1.444220010625753836e-01	-1.397731775287089917e-01	1.023894066780097478e-01	-7.918150357770069314e-02	8.289270170834629747e-02	-2.023462860565413690e-01	1.395240840554438366e-01	-1.185268209134321404e-01
-6.517225693497521455e-01	1.000000000000000000e+00	-6.554555584257319989e-01	1.493040781648910520e-01	-1.124219462750415677e-01	9.516730637573099505e-02	-2.176644598627215932e-01	1.762500471879298036e-01	-1.225937602953907218e-01	1.016351364432137860e-01	-8.064199967593757568e-02	1.257616463207663626e-01	-1.126668746831433338e-01	1.171650047766537167e-01	-1.087199700628311561e-01	8.739555571857741956e-02	-9.682439159150967034e-02	1.522188933131830568e-01	-7.216634640569272174e-02	7.070252057980060123e-02	-8.630904589424871765e-02	1.322152059047330686e-01	-9.920091097130470659e-02	7.851751131882053758e-02	-6.761278874671833305e-02	8.363549324825846065e-02	-7.650718045758155006e-02	1.065022909582729743e-01	-7.548181730617189999e-02	1.022557345715489202e-01	-6.172851545786564587e-02	8.368409782633852434e-02	-7.747318899360995659e-02	7.488495217369435519e-02	-5.511330665587547278e-02	4.243286035290277231e-02	-4.456798952883549159e-02	1.072069087462819703e-01	-7.541181987164190248e-02	6.334919687407573885e-02
3.266511990479640248e-01	-6.554555584257319989e-01	1.000000000000000000e+00	-2.783785535332565786e-01	1.749606051087903569e-01	-1.366791089576070706e-01	2.508077716766101140e-01	-2.962989369895085434e-01	1.951938662900104537e-01	-1.641053208002238861e-01	1.157762330365070813e-01	-1.897801422747575906e-01	1.711100912812310582e-01	-1.876426412478432726e-01	1.697259994401874028e-01	-1.394300427095682415e-01	1.536443645643218170e-01	-2.493658537935388719e-01	1.150384154544537157e-01	-1.139450549342801017e-01	1.382603037943468949e-01	-2.165993318637179921e-01	1.614563480916187954e-01	-1.263728271159672012e-01	1.081614056388883749e-01	-1.359546244415683613e-01	1.245737134862659884e-01	-1.749231667481850050e-01	1.234092024520124925e-01	-1.679373159204325672e-01	1.003745753405832497e-01	-1.367462161031872125e-01	1.270176136719357585e-01	-1.229329787415344294e-01	9.033118725289987494e-02	-6.925377124164934506e-02	7.264754602301892739e-02	-1.765402092414132817e-01	1.232690121328510746e-01	-1.040677980053749951e-01
-1.949565374418339991e-01	1.493040781648910520e-01	-2.783785535332565786e-01	9.999999999999995559e-01	-4.624287432787195229e-01	1.053655865851047396e-01	-2.680307688222743345e-01	2.675645023485452856e-01	-6.798512704163524045e-01	2.689065225902376177e-01	-9.640093120359208290e-02	1.687643812070820371e-01	-1.911430078987532699e-01	2.439731129469766557e-01	-2.545689968577986018e-01	8.792334920340690030e-02	-1.037993339242439805e-01	1.408071108225440182e-01	-1.235155008906883983e-01	1.100961440590161738e-01	-8.698636845714152743e-02	1.149163182575474729e-01	-1.042412094564021535e-01	1.206614235511370287e-01	-1.082133339398048538e-01	7.685937471730340531e-02	-7.048937020590130553e-02	1.027020592741958449e-01	-7.988443325578510612e-02	1.042917495134200179e-01	-5.757713678750858710e-02	7.512964669698062037e-02	-7.462677963616491661e-02	7.226432099458701686e-02	-5.447337384984766995e-02	3.885237785272920713e-02	-4.144430977644184694e-02	9.757362861014463873e-02	-7.543645288901190682e-02	6.049072554908564714e-02
1.543403345403144278e-01	-1.124219462750415677e-01	1.749606051087903569e-01	-4.624287432787195229e-01	9.999999999999994449e-01	-1.048703968442689649e-01	2.013351759758654491e-01	-2.276881340123896869e-01	2.718573383155037937e-01	-7.103290871959179187e-01	9.230086166301250394e-02	-1.725265569139656507e-01	1.701177595842221224e-01	-2.700186615149480773e-01	2.763985863544534682e-01	-9.209146457127617702e-02	1.070655660659445702e-01	-1.541070404283273743e-01	1.297018628161244469e-01	-1.309110608885319105e-01	9.047132186839930423e-02	-1.230403475184214251e-01	1.134088231478395103e-01	-1.413423990889023096e-01	1.176733375693274769e-01	-8.167408968276905490e-02	7.495726846353280293e-02	-1.144609906665566279e-01	8.835734974484704685e-02	-1.180140043353877233e-01	6.118857580918994621e-02	-8.045824100371440357e-02	8.202866676644469945e-02	-7.993821159509367780e-02	6.005944113978321786e-02	-4.160670646492921343e-02	4.430376247044415933e-02	-1.078693331043187043e-01	8.218076211428745892e-02	-6.690998345490214994e-02
-1.537195981324320226e-01	9.516730637573099505e-02	-1.366791089576070706e-01	1.053655865851047396e-01	-1.048703968442689649e-01	9.999999999999997780e-01	-2.673322451357514340e-01	1.587092749211131415e-01	-1.051722109655996162e-01	9.193391645897550091e-02	-8.784350709538043533e-01	2.302701838692035319e-01	-1.968337634978013784e-01	1.246590042949225069e-01	-1.203416625190057015e-01	1.471744046282809082e-01	-1.530233994837205125e-01	1.288420288274397529e-01	-7.277314489886108073e-02	6.408308235580084666e-02	-1.247784985358368626e-01	1.105103619781539898e-01	-8.877419271459917327e-02	7.357063135155521294e-02	-6.417257144681048908e-02	8.569615143899191045e-02	-7.403251448386409528e-02	8.139285208826871343e-02	-6.033892003702770457e-02	7.656180128793724227e-02	-6.180663335364077610e-02	7.451488904132645696e-02	-6.070019883075410128e-02	5.674857457326635407e-02	-4.260107906434727060e-02	3.874270600947337523e-02	-4.159564138095470098e-02	7.757479440569076123e-02	-6.076020080524070083e-02	4.722350144269341077e-02
2.347255680024232516e-01	-2.176644598627215932e-01	2.508077716766101140e-01	-2.680307688222743345e-01	2.013351759758654491e-01	-2.673322451357514340e-01	9.999999999999996669e-01	-6.091066435720563499e-01	2.478998308807222883e-01	-2.016831509555841728e-01	2.010366027257480537e-01	-3.967800360658345626e-01	2.837306374411892040e-01	-2.543468559838953924e-01	2.119326895991777981e-01	-1.609551720211770676e-01	1.809393451434131717e-01	-2.376830244852056184e-01	1.366221869033420744e-01	-1.242008413375743497e-01	1.479498343111187442e-01	-2.007016016646725187e-01	1.583083072588001849e-01	-1.467618329965669211e-01	1.188554287106331625e-01	-1.339786355948213714e-01	1.200164144413012196e-01	-1.608689104872524089e-01	1.168308654594065049e-01	-1.551532597144644754e-01	9.757418811982035423e-02	-1.288680842751393496e-01	1.168072716785705650e-01	-1.120677547064736213e-01	8.315791692131693780e-02	-6.562370441627207729e-02	6.924614998880786187e-02	-1.567222575685116026e-01	1.148464192821272573e-01	-9.409336495837469783e-02
-2.292761291988899552e-01	1.762500471879298036e-01	-2.962989369895085434e-01	2.675645023485452856e-01	-2.276881340123896869e-01	1.587092749211131415e-01	-6.091066435720563499e-01	1.000000000000000000e+00	-4.383389013478648510e-01	1.975765504366803482e-01	-1.486925633109585365e-01	2.685444110035141163e-01	-3.985530407039124534e-01	2.506041961002087870e-01	-2.296142700928997527e-01	1.151300991068181651e-01	-1.376354695798259475e-01	1.693897977060330184e-01	-1.283404716803646373e-01	1.102337579067969586e-01	-1.103774162995837943e-01	1.400345681871568160e-01	-1.207873290925038506e-01	1.269689326778857819e-01	-1.086692244839119470e-01	9.518468671160819350e-02	-8.623313387648859352e-02	1.181735040941475634e-01	-8.959105660232727364e-02	1.166980058463680942e-01	-7.049082526637631685e-02	9.133543945693800570e-02	-8.625115371835059830e-02	8.285129227472295965e-02	-6.217946001008901880e-02	4.706862279537779581e-02	-5.012742800730256992e-02	1.131385168430166510e-01	-8.658003627851934558e-02	6.937541834222332726e-02
1.571602906924629839e-01	-1.225937602953907218e-01	1.951938662900104537e-01	-6.798512704163524045e-01	2.718573383155037937e-01	-1.051722109655996162e-01	2.478998308807222883e-01	-4.383389013478648510e-01	9.999999999999993339e-01	-3.031142269141393619e-01	9.477843739717148330e-02	-1.829908792896090819e-01	2.073956102294350623e-01	-3.639447143427406162e-01	2.398777635009404774e-01	-8.513557222391981982e-02	1.003483402992362411e-01	-1.351061054820791862e-01	1.300124408325767089e-01	-1.080228235128805198e-01	8.253302353912947420e-02	-1.084845879104612554e-01	1.000944408085425869e-01	-1.304399798275001909e-01	1.027070375167848937e-01	-7.287040256912757918e-02	6.654460369784045981e-02	-9.810721717561472766e-02	7.602791913166105642e-02	-9.956339652818457786e-02	5.435690420265371081e-02	-7.092245527679451322e-02	7.061966471671374257e-02	-6.836917580190725319e-02	5.146438624620621599e-02	-3.664173116526815016e-02	3.904982531465057971e-02	-9.210106682994165239e-02	7.094157549436011512e-02	-5.709282089051593428e-02
-1.490484463756099887e-01	1.016351364432137860e-01	-1.641053208002238861e-01	2.689065225902376177e-01	-7.103290871959179187e-01	9.193391645897550091e-02	-2.016831509555841728e-01	1.975765504366803482e-01	-3.031142269141393619e-01	1.000000000000000222e+00	-8.376727459651167607e-02	1.518045692264203550e-01	-1.662223485809270762e-01	2.517943946760430318e-01	-4.913875111708312926e-01	7.887739014808166360e-02	-9.376931490442487471e-02	1.286292340657012312e-01	-1.270459838989348167e-01	1.398636803528048034e-01	-7.848133564774735504e-02	1.019362711448657532e-01	-9.975416549465175586e-02	1.279751085373971309e-01	-1.340002899371040834e-01	6.874210185044955790e-02	-6.336074877277324269e-02	9.757319541772692395e-02	-7.968495883509771338e-02	1.039364684453983473e-01	-5.192359745040268926e-02	6.737920730432740701e-02	-7.057295587868755993e-02	6.887846324581908819e-02	-5.246764251287643760e-02	3.508494909712760179e-02	-3.758569779346496165e-02	9.057281904877827194e-02	-7.223242299727961058e-02	5.743650283222827280e-02
1.257664303370735204e-01	-8.064199967593757568e-02	1.157762330365070813e-01	-9.640093120359208290e-02	9.230086166301250394e-02	-8.784350709538043533e-01	2.010366027257480537e-01	-1.486925633109585365e-01	9.477843739717148330e-02	-8.376727459651167607e-02	9.999999999999998890e-01	-3.114072613147002011e-01	1.796566844975430732e-01	-1.190554130029054802e-01	1.067271618323899218e-01	-1.761958361032713860e-01	1.500467864134234497e-01	-1.279530169562967945e-01	6.728486441656177097e-02	-5.906119111142179440e-02	1.191330602354814805e-01	-1.087625770274268794e-01	8.443710530784821755e-02	-6.925920573567075078e-02	5.847351235735357561e-02	-8.530968877354079549e-02	7.132174597127741156e-02	-7.786176871276091760e-02	5.690679773989307938e-02	-7.252711976777279079e-02	5.944090929192234057e-02	-7.271248981715627835e-02	5.759329039364342873e-02	-5.372285176961795472e-02	4.017087869747967832e-02	-3.741869427991977720e-02	3.980395570268115135e-02	-7.383193521874144294e-02	5.696622027448227515e-02	-4.460464907863036232e-02
-1.878608685238472298e-01	1.257616463207663626e-01	-1.897801422747575906e-01	1.687643812070820371e-01	-1.725265569139656507e-01	2.302701838692035319e-01	-3.967800360658345626e-01	2.685444110035141163e-01	-1.829908792896090819e-01	1.518045692264203550e-01	-3.114072613147002011e-01	9.999999999999975575e-01	-6.895220002695150452e-01	2.401539858736049526e-01	-2.193293812867196380e-01	1.624556365564611138e-01	-2.411506988199876855e-01	1.799049881491513736e-01	-1.258826163328984060e-01	1.035187741310591436e-01	-1.386788391112493135e-01	1.440759882674271519e-01	-1.247235601345897532e-01	1.204371394925368433e-01	-1.039466649480007138e-01	1.060580460880274772e-01	-9.276688372654630366e-02	1.135227242953332633e-01	-8.607457486418172710e-02	1.091916089351177011e-01	-7.649809694546430561e-02	9.515884013921800666e-02	-8.325623573350840467e-02	7.852987228924479535e-02	-5.917601573381631175e-02	4.917196543290467542e-02	-5.256877811346810647e-02	1.059383854191793539e-01	-8.357362352723476939e-02	6.523056715089824154e-02
1.609267510634975473e-01	-1.126668746831433338e-01	1.711100912812310582e-01	-1.911430078987532699e-01	1.701177595842221224e-01	-1.968337634978013784e-01	2.837306374411892040e-01	-3.985530407039124534e-01	2.073956102294350623e-01	-1.662223485809270762e-01	1.796566844975430732e-01	-6.895220002695150452e-01	9.999999999999997780e-01	-4.056275853501188910e-01	2.218380147089861754e-01	-1.317111873545498413e-01	1.596640324432293812e-01	-1.688330473438704737e-01	1.387668028048376079e-01	-1.085132240553904337e-01	1.121075243952386613e-01	-1.316590088330471253e-01	1.167292216227832913e-01	-1.385143263503890720e-01	1.042308507238742243e-01	-9.338454658593292601e-02	8.225858847861827750e-02	-1.099333947049943860e-01	8.341891347642631238e-02	-1.077735788886460405e-01	6.746853296251685561e-02	-8.618384397364245442e-02	7.916810655613211456e-02	-7.548811090688470338e-02	5.672618984436649664e-02	-4.433098255407914856e-02	4.716223581419438232e-02	-1.017825464356259535e-01	7.891119205355584532e-02	-6.271132112738109221e-02
-1.767506746864209999e-01	1.171650047766537167e-01	-1.876426412478432726e-01	2.439731129469766557e-01	-2.700186615149480773e-01	1.246590042949225069e-01	-2.543468559838953924e-01	2.506041961002087870e-01	-3.639447143427406162e-01	2.517943946760430318e-01	-1.190554130029054802e-01	2.401539858736049526e-01	-4.056275853501188910e-01	9.999999999999996669e-01	-5.752206091012996847e-01	1.028869758565600923e-01	-1.269656251533620439e-01	1.619695358630730830e-01	-3.235673151278974369e-01	1.784564913445478018e-01	-1.007635657468762824e-01	1.232441634878586045e-01	-1.349181043732414764e-01	2.260310394024393765e-01	-1.765563749905068869e-01	8.501699328525888499e-02	-7.820819258117032990e-02	1.230396812496806075e-01	-1.021942191692224861e-01	1.295154600592401395e-01	-6.425537753287065279e-02	8.216681039615342241e-02	-8.781585872867889164e-02	8.510045376619690405e-02	-6.510347012624197183e-02	4.296655394204142164e-02	-4.621784329480109477e-02	1.098557264339288797e-01	-8.976169238798148431e-02	7.033521113528046209e-02
1.619108316863494823e-01	-1.087199700628311561e-01	1.697259994401874028e-01	-2.545689968577986018e-01	2.763985863544534682e-01	-1.203416625190057015e-01	2.119326895991777981e-01	-2.296142700928997527e-01	2.398777635009404774e-01	-4.913875111708312926e-01	1.067271618323899218e-01	-2.193293812867196380e-01	2.218380147089861754e-01	-5.752206091012996847e-01	1.000000000000000000e+00	-1.039035890033162407e-01	1.230936741728391182e-01	-1.743745889591408471e-01	2.015916442191453273e-01	-3.034986233972338243e-01	1.013768445740832191e-01	-1.318605625143107474e-01	1.386109953245318605e-01	-2.189139121541679445e-01	2.095656334739788851e-01	-8.925422696437559922e-02	8.224353774091595903e-02	-1.371397605671358377e-01	1.138681974319337570e-01	-1.536974076411412871e-01	6.748548818499849888e-02	-8.769960122960643312e-02	9.655243161915126604e-02	-9.526185225796833522e-02	7.264448079969414163e-02	-4.577938646503658393e-02	4.904889969147929740e-02	-1.227790761519405860e-01	9.786447038342827032e-02	-7.901235621338803528e-02
-1.559279735318654381e-01	8.739555571857741956e-02	-1.394300427095682415e-01	8.792334920340690030e-02	-9.209146457127617702e-02	1.471744046282809082e-01	-1.609551720211770676e-01	1.151300991068181651e-01	-8.513557222391981982e-02	7.887739014808166360e-02	-1.761958361032713860e-01	1.624556365564611138e-01	-1.317111873545498413e-01	1.028869758565600923e-01	-1.039035890033162407e-01	1.000000000000000666e+00	-6.737583419742920743e-01	2.302967896922448465e-01	-7.535747156046007644e-02	6.583840239608884648e-02	-5.537704595228397642e-01	2.064153699680685572e-01	-1.485405213850113093e-01	7.804698264258694285e-02	-6.720309666932705595e-02	2.135892657292653707e-01	-1.597928917337786692e-01	1.156165570296591033e-01	-8.184352127814585598e-02	9.727999168702655686e-02	-1.395290772768958409e-01	1.475586938953925009e-01	-8.906647415807893153e-02	7.789410978579172640e-02	-5.838938091802817199e-02	7.726773078858630017e-02	-8.298688065416499893e-02	1.065545043173877771e-01	-8.595094682931739283e-02	6.333809259461753438e-02
1.697130580195739258e-01	-9.682439159150967034e-02	1.536443645643218170e-01	-1.037993339242439805e-01	1.070655660659445702e-01	-1.530233994837205125e-01	1.809393451434131717e-01	-1.376354695798259475e-01	1.003483402992362411e-01	-9.376931490442487471e-02	1.500467864134234497e-01	-2.411506988199876855e-01	1.596640324432293812e-01	-1.269656251533620439e-01	1.230936741728391182e-01	-6.737583419742920743e-01	9.999999999999968914e-01	-4.377699394161196911e-01	9.350191334857452241e-02	-8.188056718298469816e-02	2.820062952377219712e-01	-2.700101182711021619e-01	1.941299177450450386e-01	-9.904884683790178557e-02	8.271174368262045051e-02	-2.188924879801430468e-01	1.669066966185000778e-01	-1.558530844772942903e-01	1.047319873387114186e-01	-1.268340938633563952e-01	1.361183277674216097e-01	-1.672835456624037487e-01	1.111514891853786491e-01	-9.844069340499186915e-02	7.309004137693966840e-02	-8.353113132426286114e-02	8.708146951554043835e-02	-1.349276857483089898e-01	1.050902381002504771e-01	-7.963651718185489614e-02
-2.838984254206608493e-01	1.522188933131830568e-01	-2.493658537935388719e-01	1.408071108225440182e-01	-1.541070404283273743e-01	1.288420288274397529e-01	-2.376830244852056184e-01	1.693897977060330184e-01	-1.351061054820791862e-01	1.286292340657012312e-01	-1.279530169562967945e-01	1.799049881491513736e-01	-1.688330473438704737e-01	1.619695358630730830e-01	-1.743745889591408471e-01	2.302967896922448465e-01	-4.377699394161196911e-01	1.000000000000001110e+00	-1.583203349394539383e-01	1.204919158869204587e-01	-2.465015852083699555e-01	2.165518294697430790e-01	-5.696818396624239167e-01	1.603274025375287792e-01	-1.278320773658862264e-01	1.659134774972034765e-01	-1.573641833590769257e-01	2.557753866387671993e-01	-1.788212111840020713e-01	1.877444512164041790e-01	-1.299917653004001861e-01	1.508520486151589957e-01	-1.766425799830998733e-01	1.490734730693642762e-01	-1.138106188143508390e-01	8.150039417455190449e-02	-9.079288552034080195e-02	1.880559052695828237e-01	-1.681390958307196204e-01	1.186445574998551272e-01
1.171812574384042960e-01	-7.216634640569272174e-02	1.150384154544537157e-01	-1.235155008906883983e-01	1.297018628161244469e-01	-7.277314489886108073e-02	1.366221869033420744e-01	-1.283404716803646373e-01	1.300124408325767089e-01	-1.270459838989348167e-01	6.728486441656177097e-02	-1.258826163328984060e-01	1.387668028048376079e-01	-3.235673151278974369e-01	2.015916442191453273e-01	-7.535747156046007644e-02	9.350191334857452241e-02	-1.583203349394539383e-01	1.000000000000002442e+00	-2.167085338057992139e-01	7.634077704559148747e-02	-9.487467217819645082e-02	1.625788780487305574e-01	-8.480864764750144502e-01	1.890467466760134552e-01	-6.488262199275686426e-02	6.180200019305211873e-02	-1.339882760985401378e-01	1.103948988017264266e-01	-1.357376740588100150e-01	5.068566911674574071e-02	-6.460018695147602685e-02	8.490422622134799480e-02	-8.243317551901185869e-02	6.265004084627642800e-02	-3.437471295644115715e-02	3.741404515132663866e-02	-1.006770189072673238e-01	8.360850376308651133e-02	-6.579463936340820829e-02
-1.189644753517042491e-01	7.070252057980060123e-02	-1.139450549342801017e-01	1.100961440590161738e-01	-1.309110608885319105e-01	6.408308235580084666e-02	-1.242008413375743497e-01	1.102337579067969586e-01	-1.080228235128805198e-01	1.398636803528048034e-01	-5.906119111142179440e-02	1.035187741310591436e-01	-1.085132240553904337e-01	1.784564913445478018e-01	-3.034986233972338243e-01	6.583840239608884648e-02	-8.188056718298469816e-02	1.204919158869204587e-01	-2.167085338057992139e-01	1.000000000000000888e+00	-6.999478878840004192e-02	8.516795283199889155e-02	-1.254397568078031711e-01	1.953923216904354110e-01	-8.528575560219205931e-01	5.917500762846596152e-02	-5.695952819933319117e-02	1.193403084800098019e-01	-1.456468209977226647e-01	1.828998803007072238e-01	-4.746918670357602038e-02	6.006638715161601721e-02	-8.699270016414992202e-02	8.944898133101709947e-02	-7.454847431827778259e-02	3.239536796369587440e-02	-3.559588139417595165e-02	9.788800488741072892e-02	-9.606066719265035636e-02	7.221277539646980825e-02
1.553141854545387612e-01	-8.630904589424871765e-02	1.382603037943468949e-01	-8.698636845714152743e-02	9.047132186839930423e-02	-1.247784985358368626e-01	1.479498343111187442e-01	-1.103774162995837943e-01	8.253302353912947420e-02	-7.848133564774735504e-02	1.191330602354814805e-01	-1.386788391112493135e-01	1.121075243952386613e-01	-1.007635657468762824e-01	1.013768445740832191e-01	-5.537704595228397642e-01	2.820062952377219712e-01	-2.465015852083699555e-01	7.634077704559148747e-02	-6.999478878840004192e-02	1.000000000000002220e+00	-3.482874671570299618e-01	1.508375262017549456e-01	-8.137194169290588863e-02	7.067156619979533816e-02	-5.317849593392519614e-01	2.440069493681804591e-01	-1.349598684812377269e-01	9.287787763412043429e-02	-1.131755758884795543e-01	2.224706564198602743e-01	-2.547917984770729505e-01	1.088920268689517468e-01	-9.363960564911542883e-02	6.897320292651439033e-02	-1.266058860843413125e-01	1.253921792089049414e-01	-1.336203202481165697e-01	1.008318515013557626e-01	-7.556768013298262310e-02
-2.494109180387756031e-01	1.322152059047330686e-01	-2.165993318637179921e-01	1.149163182575474729e-01	-1.230403475184214251e-01	1.105103619781539898e-01	-2.007016016646725187e-01	1.400345681871568160e-01	-1.084845879104612554e-01	1.019362711448657532e-01	-1.087625770274268794e-01	1.440759882674271519e-01	-1.316590088330471253e-01	1.232441634878586045e-01	-1.318605625143107474e-01	2.064153699680685572e-01	-2.700101182711021619e-01	2.165518294697430790e-01	-9.487467217819645082e-02	8.516795283199889155e-02	-3.482874671570299618e-01	9.999999999999971134e-01	-1.969633470884551707e-01	9.855057098140178329e-02	-8.794257847155642627e-02	2.807176719149124255e-01	-6.657062621915281753e-01	1.547007388248829440e-01	-1.111830347278908310e-01	1.290810336304502037e-01	-2.442837357963282552e-01	2.654258609894564747e-01	-1.297696239133208640e-01	1.096435983828278476e-01	-8.273157200056220628e-02	1.309028261140702254e-01	-1.548289656116941526e-01	1.502250151203920192e-01	-1.263163208824971129e-01	8.910128895782286340e-02
1.809715266310096826e-01	-9.920091097130470659e-02	1.614563480916187954e-01	-1.042412094564021535e-01	1.134088231478395103e-01	-8.877419271459917327e-02	1.583083072588001849e-01	-1.207873290925038506e-01	1.000944408085425869e-01	-9.975416549465175586e-02	8.443710530784821755e-02	-1.247235601345897532e-01	1.167292216227832913e-01	-1.349181043732414764e-01	1.386109953245318605e-01	-1.485405213850113093e-01	1.941299177450450386e-01	-5.696818396624239167e-01	1.625788780487305574e-01	-1.254397568078031711e-01	1.508375262017549456e-01	-1.969633470884551707e-01	1.000000000000005107e+00	-2.160143048321594983e-01	1.294566586512057582e-01	-1.259396027911887650e-01	1.283776313452255069e-01	-5.752497442234976166e-01	2.282108463755067318e-01	-2.599961843288631225e-01	1.014135772715476502e-01	-1.281029864835966370e-01	2.128543279996198412e-01	-1.830325750430867593e-01	1.293252751896125929e-01	-6.872654519140686258e-02	7.594276762836411898e-02	-2.341691865313365317e-01	1.723984899346481803e-01	-1.352865978099973832e-01
-1.306708082497669843e-01	7.851751131882053758e-02	-1.263728271159672012e-01	1.206614235511370287e-01	-1.413423990889023096e-01	7.357063135155521294e-02	-1.467618329965669211e-01	1.269689326778857819e-01	-1.304399798275001909e-01	1.279751085373971309e-01	-6.925920573567075078e-02	1.204371394925368433e-01	-1.385143263503890720e-01	2.260310394024393765e-01	-2.189139121541679445e-01	7.804698264258694285e-02	-9.904884683790178557e-02	1.603274025375287792e-01	-8.480864764750144502e-01	1.953923216904354110e-01	-8.137194169290588863e-02	9.855057098140178329e-02	-2.160143048321594983e-01	1.000000000000005107e+00	-2.424142442312256229e-01	6.782581258852354855e-02	-6.546585968521795307e-02	1.436428133072772395e-01	-1.284517595449567173e-01	1.430021432584320240e-01	-5.364229048970464014e-02	6.765147835100798757e-02	-9.253798892795578324e-02	8.833406719082272096e-02	-6.797641147565400277e-02	3.619673117786904870e-02	-3.964669437102476268e-02	1.054899371448900641e-01	-9.162928977138118380e-02	6.993935304568790756e-02
1.128316553652325555e-01	-6.761278874671833305e-02	1.081614056388883749e-01	-1.082133339398048538e-01	1.176733375693274769e-01	-6.417257144681048908e-02	1.188554287106331625e-01	-1.086692244839119470e-01	1.027070375167848937e-01	-1.340002899371040834e-01	5.847351235735357561e-02	-1.039466649480007138e-01	1.042308507238742243e-01	-1.765563749905068869e-01	2.095656334739788851e-01	-6.720309666932705595e-02	8.271174368262045051e-02	-1.278320773658862264e-01	1.890467466760134552e-01	-8.528575560219205931e-01	7.067156619979533816e-02	-8.794257847155642627e-02	1.294566586512057582e-01	-2.424142442312256229e-01	9.999999999999970024e-01	-6.072730827925639646e-02	5.839846167246587338e-02	-1.334982120585007093e-01	1.548146848114413665e-01	-2.608872095473057651e-01	4.867427202064859848e-02	-6.215685841202102380e-02	9.233075341020885451e-02	-9.765084958856574959e-02	8.026900179191161222e-02	-3.349311327674105165e-02	3.669191465927473111e-02	-1.054750583675981707e-01	9.873688039528057125e-02	-7.899213405775133701e-02
-1.550914396618093827e-01	8.363549324825846065e-02	-1.359546244415683613e-01	7.685937471730340531e-02	-8.167408968276905490e-02	8.569615143899191045e-02	-1.339786355948213714e-01	9.518468671160819350e-02	-7.287040256912757918e-02	6.874210185044955790e-02	-8.530968877354079549e-02	1.060580460880274772e-01	-9.338454658593292601e-02	8.501699328525888499e-02	-8.925422696437559922e-02	2.135892657292653707e-01	-2.188924879801430468e-01	1.659134774972034765e-01	-6.488262199275686426e-02	5.917500762846596152e-02	-5.317849593392519614e-01	2.807176719149124255e-01	-1.259396027911887650e-01	6.782581258852354855e-02	-6.072730827925639646e-02	1.000000000000002665e+00	-4.464319779517216813e-01	1.111098506786274420e-01	-7.947576630947211784e-02	9.309889722872700946e-02	-5.133498153879306747e-01	3.006802788972842144e-01	-1.019614379543233168e-01	8.267980331745540534e-02	-6.139875270056693868e-02	1.701329702170134295e-01	-1.854008669433162837e-01	1.187279913338075976e-01	-9.323132460330790794e-02	6.615070238193707097e-02
1.422441907713491993e-01	-7.650718045758155006e-02	1.245737134862659884e-01	-7.048937020590130553e-02	7.495726846353280293e-02	-7.403251448386409528e-02	1.200164144413012196e-01	-8.623313387648859352e-02	6.654460369784045981e-02	-6.336074877277324269e-02	7.132174597127741156e-02	-9.276688372654630366e-02	8.225858847861827750e-02	-7.820819258117032990e-02	8.224353774091595903e-02	-1.597928917337786692e-01	1.669066966185000778e-01	-1.573641833590769257e-01	6.180200019305211873e-02	-5.695952819933319117e-02	2.440069493681804591e-01	-6.657062621915281753e-01	1.283776313452255069e-01	-6.546585968521795307e-02	5.839846167246587338e-02	-4.464319779517216813e-01	9.999999999999975575e-01	-1.204266757106874502e-01	8.138921358952695695e-02	-9.474086980032196681e-02	2.656692346894654611e-01	-4.591050925064997790e-01	1.073294954004720414e-01	-8.561920821896533418e-02	6.228967359811878046e-02	-1.424467556130379897e-01	1.523685007508761569e-01	-1.229169846622624185e-01	9.298788302790975124e-02	-6.711148898768051763e-02
-1.986480421574287336e-01	1.065022909582729743e-01	-1.749231667481850050e-01	1.027020592741958449e-01	-1.144609906665566279e-01	8.139285208826871343e-02	-1.608689104872524089e-01	1.181735040941475634e-01	-9.810721717561472766e-02	9.757319541772692395e-02	-7.786176871276091760e-02	1.135227242953332633e-01	-1.099333947049943860e-01	1.230396812496806075e-01	-1.371397605671358377e-01	1.156165570296591033e-01	-1.558530844772942903e-01	2.557753866387671993e-01	-1.339882760985401378e-01	1.193403084800098019e-01	-1.349598684812377269e-01	1.547007388248829440e-01	-5.752497442234976166e-01	1.436428133072772395e-01	-1.334982120585007093e-01	1.111098506786274420e-01	-1.204266757106874502e-01	1.000000000000000222e+00	-4.611853709063291618e-01	2.760781443579611305e-01	-9.848685990751583630e-02	1.226781723852494732e-01	-3.959746663309942072e-01	2.286897236530990307e-01	-1.650564013587674517e-01	6.709222336672869547e-02	-7.659857284068170846e-02	2.521913750320037839e-01	-2.205003587622512695e-01	1.538997429839121800e-01
1.384599881600347138e-01	-7.548181730617189999e-02	1.234092024520124925e-01	-7.988443325578510612e-02	8.835734974484704685e-02	-6.033892003702770457e-02	1.168308654594065049e-01	-8.959105660232727364e-02	7.602791913166105642e-02	-7.968495883509771338e-02	5.690679773989307938e-02	-8.607457486418172710e-02	8.341891347642631238e-02	-1.021942191692224861e-01	1.138681974319337570e-01	-8.184352127814585598e-02	1.047319873387114186e-01	-1.788212111840020713e-01	1.103948988017264266e-01	-1.456468209977226647e-01	9.287787763412043429e-02	-1.111830347278908310e-01	2.282108463755067318e-01	-1.284517595449567173e-01	1.548146848114413665e-01	-7.947576630947211784e-02	8.138921358952695695e-02	-4.611853709063291618e-01	1.000000000000001554e+00	-7.268708745259687687e-01	6.959476266329032990e-02	-8.880422579995572718e-02	2.146541205453397216e-01	-3.046728773088525632e-01	1.876108885242023516e-01	-4.924706022999469912e-02	5.538293696748947115e-02	-2.025345201313074883e-01	2.025237255355390176e-01	-1.674781515698100243e-01
-1.892898018900894264e-01	1.022557345715489202e-01	-1.679373159204325672e-01	1.042917495134200179e-01	-1.180140043353877233e-01	7.656180128793724227e-02	-1.551532597144644754e-01	1.166980058463680942e-01	-9.956339652818457786e-02	1.039364684453983473e-01	-7.252711976777279079e-02	1.091916089351177011e-01	-1.077735788886460405e-01	1.295154600592401395e-01	-1.536974076411412871e-01	9.727999168702655686e-02	-1.268340938633563952e-01	1.877444512164041790e-01	-1.357376740588100150e-01	1.828998803007072238e-01	-1.131755758884795543e-01	1.290810336304502037e-01	-2.599961843288631225e-01	1.430021432584320240e-01	-2.608872095473057651e-01	9.309889722872700946e-02	-9.474086980032196681e-02	2.760781443579611305e-01	-7.268708745259687687e-01	9.999999999999997780e-01	-8.088167966338914716e-02	1.001309661741040108e-01	-2.130332704674410826e-01	2.371116987434977175e-01	-2.433017920009728219e-01	5.597823575390408618e-02	-6.332749875147067331e-02	1.996709115932542855e-01	-2.429293762464382889e-01	1.811448030373844220e-01
1.143915623789815567e-01	-6.172851545786564587e-02	1.003745753405832497e-01	-5.757713678750858710e-02	6.118857580918994621e-02	-6.180663335364077610e-02	9.757418811982035423e-02	-7.049082526637631685e-02	5.435690420265371081e-02	-5.192359745040268926e-02	5.944090929192234057e-02	-7.649809694546430561e-02	6.746853296251685561e-02	-6.425537753287065279e-02	6.748548818499849888e-02	-1.395290772768958409e-01	1.361183277674216097e-01	-1.299917653004001861e-01	5.068566911674574071e-02	-4.746918670357602038e-02	2.224706564198602743e-01	-2.442837357963282552e-01	1.014135772715476502e-01	-5.364229048970464014e-02	4.867427202064859848e-02	-5.133498153879306747e-01	2.656692346894654611e-01	-9.848685990751583630e-02	6.959476266329032990e-02	-8.088167966338914716e-02	9.999999999999998890e-01	-6.404940641487780750e-01	1.069062355709426149e-01	-8.019861681636629436e-02	5.738124322130008087e-02	-3.681853969386061909e-01	2.578869476699973129e-01	-1.235346384143477250e-01	8.685974198646398414e-02	-6.161409427996757115e-02
-1.567525263054189710e-01	8.368409782633852434e-02	-1.367462161031872125e-01	7.512964669698062037e-02	-8.045824100371440357e-02	7.451488904132645696e-02	-1.288680842751393496e-01	9.133543945693800570e-02	-7.092245527679451322e-02	6.737920730432740701e-02	-7.271248981715627835e-02	9.515884013921800666e-02	-8.618384397364245442e-02	8.216681039615342241e-02	-8.769960122960643312e-02	1.475586938953925009e-01	-1.672835456624037487e-01	1.508520486151589957e-01	-6.460018695147602685e-02	6.006638715161601721e-02	-2.547917984770729505e-01	2.654258609894564747e-01	-1.281029864835966370e-01	6.765147835100798757e-02	-6.215685841202102380e-02	3.006802788972842144e-01	-4.591050925064997790e-01	1.226781723852494732e-01	-8.880422579995572718e-02	1.001309661741040108e-01	-6.404940641487780750e-01	1.000000000000001110e+00	-1.561327278539049734e-01	1.029343899685962044e-01	-7.445100383464123284e-02	2.410264881551967275e-01	-3.273437805164854941e-01	1.509356852919844783e-01	-1.137907357391857166e-01	7.809108403945988486e-02
1.444220010625753836e-01	-7.747318899360995659e-02	1.270176136719357585e-01	-7.462677963616491661e-02	8.202866676644469945e-02	-6.070019883075410128e-02	1.168072716785705650e-01	-8.625115371835059830e-02	7.061966471671374257e-02	-7.057295587868755993e-02	5.759329039364342873e-02	-8.325623573350840467e-02	7.916810655613211456e-02	-8.781585872867889164e-02	9.655243161915126604e-02	-8.906647415807893153e-02	1.111514891853786491e-01	-1.766425799830998733e-01	8.490422622134799480e-02	-8.699270016414992202e-02	1.088920268689517468e-01	-1.297696239133208640e-01	2.128543279996198412e-01	-9.253798892795578324e-02	9.233075341020885451e-02	-1.019614379543233168e-01	1.073294954004720414e-01	-3.959746663309942072e-01	2.146541205453397216e-01	-2.130332704674410826e-01	1.069062355709426149e-01	-1.561327278539049734e-01	1.000000000000001776e+00	-4.688661048271560716e-01	2.132010929677878308e-01	-8.174159280568929486e-02	9.390296648503243526e-02	-6.556191461139151411e-01	2.825726905199260619e-01	-2.138737848678364806e-01
-1.397731775287089917e-01	7.488495217369435519e-02	-1.229329787415344294e-01	7.226432099458701686e-02	-7.993821159509367780e-02	5.674857457326635407e-02	-1.120677547064736213e-01	8.285129227472295965e-02	-6.836917580190725319e-02	6.887846324581908819e-02	-5.372285176961795472e-02	7.852987228924479535e-02	-7.548811090688470338e-02	8.510045376619690405e-02	-9.526185225796833522e-02	7.789410978579172640e-02	-9.844069340499186915e-02	1.490734730693642762e-01	-8.243317551901185869e-02	8.944898133101709947e-02	-9.363960564911542883e-02	1.096435983828278476e-01	-1.830325750430867593e-01	8.833406719082272096e-02	-9.765084958856574959e-02	8.267980331745540534e-02	-8.561920821896533418e-02	2.286897236530990307e-01	-3.046728773088525632e-01	2.371116987434977175e-01	-8.019861681636629436e-02	1.029343899685962044e-01	-4.688661048271560716e-01	1.000000000000001554e+00	-5.371668254293476830e-01	5.855991874470655584e-02	-6.739862033608098879e-02	2.895184918904394333e-01	-4.860202757594073719e-01	2.995473579407916809e-01
1.023894066780097478e-01	-5.511330665587547278e-02	9.033118725289987494e-02	-5.447337384984766995e-02	6.005944113978321786e-02	-4.260107906434727060e-02	8.315791692131693780e-02	-6.217946001008901880e-02	5.146438624620621599e-02	-5.246764251287643760e-02	4.017087869747967832e-02	-5.917601573381631175e-02	5.672618984436649664e-02	-6.510347012624197183e-02	7.264448079969414163e-02	-5.838938091802817199e-02	7.309004137693966840e-02	-1.138106188143508390e-01	6.265004084627642800e-02	-7.454847431827778259e-02	6.897320292651439033e-02	-8.273157200056220628e-02	1.293252751896125929e-01	-6.797641147565400277e-02	8.026900179191161222e-02	-6.139875270056693868e-02	6.228967359811878046e-02	-1.650564013587674517e-01	1.876108885242023516e-01	-2.433017920009728219e-01	5.738124322130008087e-02	-7.445100383464123284e-02	2.132010929677878308e-01	-5.371668254293476830e-01	1.000000000000001776e+00	-4.367377356616167217e-02	4.929629996615061960e-02	-2.300487151417506815e-01	3.076812134524496978e-01	-7.050437904446652526e-01
-7.918150357770069314e-02	4.243286035290277231e-02	-6.925377124164934506e-02	3.885237785272920713e-02	-4.160670646492921343e-02	3.874270600947337523e-02	-6.562370441627207729e-02	4.706862279537779581e-02	-3.664173116526815016e-02	3.508494909712760179e-02	-3.741869427991977720e-02	4.917196543290467542e-02	-4.433098255407914856e-02	4.296655394204142164e-02	-4.577938646503658393e-02	7.726773078858630017e-02	-8.353113132426286114e-02	8.150039417455190449e-02	-3.437471295644115715e-02	3.239536796369587440e-02	-1.266058860843413125e-01	1.309028261140702254e-01	-6.872654519140686258e-02	3.619673117786904870e-02	-3.349311327674105165e-02	1.701329702170134295e-01	-1.424467556130379897e-01	6.709222336672869547e-02	-4.924706022999469912e-02	5.597823575390408618e-02	-3.681853969386061909e-01	2.410264881551967275e-01	-8.174159280568929486e-02	5.855991874470655584e-02	-4.367377356616167217e-02	1.000000000000001332e+00	-8.719218345930829228e-01	1.042705673091491175e-01	-7.184111557712166696e-02	4.598191024078894518e-02
8.289270170834629747e-02	-4.456798952883549159e-02	7.264754602301892739e-02	-4.144430977644184694e-02	4.430376247044415933e-02	-4.159564138095470098e-02	6.924614998880786187e-02	-5.012742800730256992e-02	3.904982531465057971e-02	-3.758569779346496165e-02	3.980395570268115135e-02	-5.256877811346810647e-02	4.716223581419438232e-02	-4.621784329480109477e-02	4.904889969147929740e-02	-8.298688065416499893e-02	8.708146951554043835e-02	-9.079288552034080195e-02	3.741404515132663866e-02	-3.559588139417595165e-02	1.253921792089049414e-01	-1.548289656116941526e-01	7.594276762836411898e-02	-3.964669437102476268e-02	3.669191465927473111e-02	-1.854008669433162837e-01	1.523685007508761569e-01	-7.659857284068170846e-02	5.538293696748947115e-02	-6.332749875147067331e-02	2.578869476699973129e-01	-3.273437805164854941e-01	9.390296648503243526e-02	-6.739862033608098879e-02	4.929629996615061960e-02	-8.719218345930829228e-01	1.000000000000001332e+00	-1.330902085201430274e-01	7.985735055570845897e-02	-5.233207696362277006e-02
-2.023462860565413690e-01	1.072069087462819703e-01	-1.765402092414132817e-01	9.757362861014463873e-02	-1.078693331043187043e-01	7.757479440569076123e-02	-1.567222575685116026e-01	1.131385168430166510e-01	-9.210106682994165239e-02	9.057281904877827194e-02	-7.383193521874144294e-02	1.059383854191793539e-01	-1.017825464356259535e-01	1.098557264339288797e-01	-1.227790761519405860e-01	1.065545043173877771e-01	-1.349276857483089898e-01	1.880559052695828237e-01	-1.006770189072673238e-01	9.788800488741072892e-02	-1.336203202481165697e-01	1.502250151203920192e-01	-2.341691865313365317e-01	1.054899371448900641e-01	-1.054750583675981707e-01	1.187279913338075976e-01	-1.229169846622624185e-01	2.521913750320037839e-01	-2.025345201313074883e-01	1.996709115932542855e-01	-1.235346384143477250e-01	1.509356852919844783e-01	-6.556191461139151411e-01	2.895184918904394333e-01	-2.300487151417506815e-01	1.042705673091491175e-01	-1.330902085201430274e-01	1.000000000000001332e+00	-4.752734009404802618e-01	2.204704261147860667e-01
1.395240840554438366e-01	-7.541181987164190248e-02	1.232690121328510746e-01	-7.543645288901190682e-02	8.218076211428745892e-02	-6.076020080524070083e-02	1.148464192821272573e-01	-8.658003627851934558e-02	7.094157549436011512e-02	-7.223242299727961058e-02	5.696622027448227515e-02	-8.357362352723476939e-02	7.891119205355584532e-02	-8.976169238798148431e-02	9.786447038342827032e-02	-8.595094682931739283e-02	1.050902381002504771e-01	-1.681390958307196204e-01	8.360850376308651133e-02	-9.606066719265035636e-02	1.008318515013557626e-01	-1.263163208824971129e-01	1.723984899346481803e-01	-9.162928977138118380e-02	9.873688039528057125e-02	-9.323132460330790794e-02	9.298788302790975124e-02	-2.205003587622512695e-01	2.025237255355390176e-01	-2.429293762464382889e-01	8.685974198646398414e-02	-1.137907357391857166e-01	2.825726905199260619e-01	-4.860202757594073719e-01	3.076812134524496978e-01	-7.184111557712166696e-02	7.985735055570845897e-02	-4.752734009404802618e-01	1.000000000000001332e+00	-5.622131460323686047e-01
