1.000000000000000000e+00	-9.069920347734515831e-01	1.479516801795139891e-01	-1.474325229034831042e-01	1.459493213810680035e-01	-2.212581709729632140e-01	1.955699048535025908e-01	-1.346070048959311372e-01	1.050978485032529192e-01	-1.213938957737422247e-01	1.438595517877328256e-01	-1.656524241279867804e-01	1.215671825421370117e-01	-7.335198260692921135e-02	7.284653847543536009e-02	-1.157536009400660648e-01	8.819012697082925789e-02	-1.006931039164424280e-01	5.790874964312098250e-02	-6.980385742969862084e-02	8.058093720076539568e-02	-7.934939192386257500e-02	5.953971085670626412e-02	-5.724990010202545693e-02	4.433885675334325177e-02	-6.780382588973669911e-02	5.644466094026016206e-02	-5.137898495088911305e-02	5.019389864934022116e-02	-5.023148716751903858e-02	2.626672588712920461e-02	-5.984221853147852349e-02	5.655749188223734014e-02	-4.517995189875757128e-02	6.480244194527480517e-02	-3.552443809044662781e-02	3.184086208633660903e-02	-4.584730520539878618e-02	1.108025595953306824e-02	-1.124064439671088218e-02
-9.069920347734515831e-01	1.000000000000000000e+00	-1.813663282066898530e-01	1.430426640188165455e-01	-1.521622974393495309e-01	1.672124551768146838e-01	-2.473769639427315925e-01	1.376340863128453496e-01	-1.084799390445769923e-01	1.167460512944312051e-01	-1.363396854611988451e-01	1.463311392372912412e-01	-1.211901445331669686e-01	7.099258966724809883e-02	-7.144045332456856745e-02	1.043385231729282991e-01	-8.187306563861572462e-02	9.393681677752925563e-02	-5.451037575840004396e-02	6.508831849897005195e-02	-7.541189829792022126e-02	7.314596636848443023e-02	-5.581137259910677606e-02	5.333347441304372299e-02	-4.157415096298960888e-02	6.277594494567843852e-02	-5.270153869808013453e-02	4.802741598748005991e-02	-4.719270466203354109e-02	4.682423907289036402e-02	-2.441306455411362125e-02	5.560196150074143973e-02	-5.322854460349681766e-02	4.244719885717854191e-02	-6.150692233470334003e-02	3.298594261038323427e-02	-2.964299950377574308e-02	4.260658621572779858e-02	-1.042002280674133446e-02	1.056313301722776321e-02
1.479516801795139891e-01	-1.813663282066898530e-01	1.000000000000000444e+00	-8.507629881682591266e-01	2.404323406174988520e-01	-1.223077073635190637e-01	2.070658644930794823e-01	-2.950308788378622205e-01	1.746306587841436886e-01	-1.845357469477371115e-01	9.861364782495263270e-02	-1.735666216015096519e-01	1.641802494321197847e-01	-1.018253932175154641e-01	9.824630494168348771e-02	-1.290664516607875067e-01	1.013724580449839735e-01	-1.284343493696617766e-01	7.357653370786165770e-02	-9.011002485448288413e-02	9.057172707614420670e-02	-9.469091831924053571e-02	7.284294778616737243e-02	-7.168393633081453220e-02	5.567182825807012736e-02	-8.735907263813684487e-02	7.040175151346059201e-02	-6.461488288154536297e-02	6.244332244428541651e-02	-6.400739413366636488e-02	3.503884832373301006e-02	-8.017410673692289269e-02	7.098781993697286796e-02	-5.677190282297209928e-02	7.970369152980896765e-02	-4.778220262271283547e-02	4.240524977172331622e-02	-6.180672591410006633e-02	1.405192870596860821e-02	-1.429122074403680991e-02
-1.474325229034831042e-01	1.430426640188165455e-01	-8.507629881682591266e-01	1.000000000000000444e+00	-3.503108107273537053e-01	1.129498501413335049e-01	-2.138701071433317391e-01	2.121162416852487853e-01	-1.818516506620017070e-01	1.717979590326329520e-01	-9.368825124701450624e-02	1.592005111932836836e-01	-1.612796894685546989e-01	9.654970875500891447e-02	-9.630919562342983575e-02	1.194384736032881311e-01	-9.507459098540360642e-02	1.185939979059892346e-01	-6.918292789663017806e-02	8.378352951122884640e-02	-8.542675239487672323e-02	8.831730028548059885e-02	-6.881001811827364145e-02	6.733131677354042832e-02	-5.250094824461841447e-02	8.190576825983125753e-02	-6.640196370540377147e-02	6.095583858693982143e-02	-5.917037899827010811e-02	6.006869763086748748e-02	-3.296251595332553436e-02	7.540556550812983760e-02	-6.738064198280968586e-02	5.378652123227725679e-02	-7.617547468332741545e-02	4.492336157572859173e-02	-3.994230509421418246e-02	5.814736909274965948e-02	-1.332895323000309398e-02	1.354801243820930728e-02
1.459493213810680035e-01	-1.521622974393495309e-01	2.404323406174988520e-01	-3.503108107273537053e-01	1.000000000000000222e+00	-2.399766174776326311e-01	2.754022281215223189e-01	-2.521896865847996771e-01	2.475383113113468481e-01	-3.932296543174242931e-01	1.927097444760141609e-01	-3.799671303758857532e-01	2.707015566164427955e-01	-1.907462686635150451e-01	1.869491252585315233e-01	-3.125644507141701611e-01	2.283699196353594085e-01	-2.799434046252893271e-01	1.633199505245181427e-01	-2.076031631376835662e-01	2.132180976280748375e-01	-2.302455943165663821e-01	1.797411753155551961e-01	-1.810037645964146791e-01	1.375454355772254555e-01	-2.378915713534988374e-01	1.833796216447481364e-01	-1.678701853834623781e-01	1.591224125055462901e-01	-1.626113680921062454e-01	9.975125300788396931e-02	-2.293726152169101584e-01	1.852327054701049802e-01	-1.473854389609605409e-01	2.017090396811400399e-01	-1.374386408369248636e-01	1.204601440249989108e-01	-1.782621556435468602e-01	3.715122188870922243e-02	-3.790878622279722499e-02
-2.212581709729632140e-01	1.672124551768146838e-01	-1.223077073635190637e-01	1.129498501413335049e-01	-2.399766174776326311e-01	1.000000000000000666e+00	-3.021988566168902768e-01	1.625177233027553514e-01	-1.447678885916306724e-01	1.480772659293096427e-01	-8.017152512830164612e-01	2.759465635574670506e-01	-2.074131752345300395e-01	1.060533754937002110e-01	-1.134000375442463238e-01	2.053811428187188037e-01	-1.610060441357934746e-01	1.519660738189792804e-01	-8.968841165036285645e-02	1.014648565152214410e-01	-1.571579863507814034e-01	1.310780999708549277e-01	-9.892330825639490677e-02	8.966215398796772984e-02	-6.986130598481644915e-02	1.022114033910084263e-01	-9.135945413266151338e-02	8.164774225893069171e-02	-8.189110255639285574e-02	7.620310962421519840e-02	-3.855253825042450483e-02	8.726824591300609557e-02	-9.201477545538030989e-02	7.261827020011178691e-02	-1.097307796051713580e-01	5.145430778906532471e-02	-4.706879893950510763e-02	6.641312197066463752e-02	-1.772626049137332460e-02	1.789270903336117116e-02
1.955699048535025908e-01	-2.473769639427315925e-01	2.070658644930794823e-01	-2.138701071433317391e-01	2.754022281215223189e-01	-3.021988566168902768e-01	1.000000000000000888e+00	-5.759125162168522438e-01	2.785288391995106028e-01	-3.436589715468693074e-01	2.112204660592250094e-01	-3.792214066797995331e-01	2.906905639058163238e-01	-1.868962756165935268e-01	1.749273173540736026e-01	-2.423821588148762640e-01	1.919348772067241693e-01	-2.400914638743230634e-01	1.344508447159905862e-01	-1.645676366533850854e-01	1.668027993617772486e-01	-1.728651103023804703e-01	1.287713553943807543e-01	-1.256246714789780172e-01	9.788789776206423265e-02	-1.465806680363776759e-01	1.209599523657702708e-01	-1.108515646894451673e-01	1.078086156743281870e-01	-1.114465411046137999e-01	5.642215186634762930e-02	-1.285857618311473660e-01	1.205569517244267363e-01	-9.691984166883248208e-02	1.369021017230267478e-01	-7.634477515673802894e-02	6.827703129192011500e-02	-9.841988017097308417e-02	2.365468548991662284e-02	-2.401927701826605047e-02
-1.346070048959311372e-01	1.376340863128453496e-01	-2.950308788378622205e-01	2.121162416852487853e-01	-2.521896865847996771e-01	1.625177233027553514e-01	-5.759125162168522438e-01	1.000000000000000666e+00	-5.074551461459101409e-01	2.880190711865225905e-01	-1.362837558765664925e-01	2.422091440943250351e-01	-4.120232042795336502e-01	1.729647544719796759e-01	-1.660015224118501220e-01	1.645709368390014249e-01	-1.436206919395013326e-01	1.918927774047726187e-01	-1.079297194455371006e-01	1.255223687541332234e-01	-1.203162288287124987e-01	1.231724358519936530e-01	-9.466421337434718919e-02	9.107012831720516510e-02	-7.249844683877469664e-02	1.033774954975508614e-01	-8.699471491614842178e-02	8.007777350395087201e-02	-7.877199519435980346e-02	8.098271049558553036e-02	-4.000701027320503755e-02	9.112780720755500607e-02	-8.777489570086018100e-02	7.041837367491296518e-02	-1.010300175352933927e-01	5.401716008360644278e-02	-4.855597572975387660e-02	6.973524212032489178e-02	-1.717500195398280818e-02	1.741639617551097793e-02
1.050978485032529192e-01	-1.084799390445769923e-01	1.746306587841436886e-01	-1.818516506620017070e-01	2.475383113113468481e-01	-1.447678885916306724e-01	2.785288391995106028e-01	-5.074551461459101409e-01	1.000000000000001110e+00	-6.920655356572880113e-01	1.190882597525592529e-01	-2.248846775356931338e-01	2.426742605800777941e-01	-2.496987763732084753e-01	2.112826971412744559e-01	-1.611566308045238871e-01	1.333132067718539593e-01	-1.771082377077729253e-01	1.073118147008210038e-01	-1.284110176802457370e-01	1.155566683476546286e-01	-1.202364400848035253e-01	9.301949488208970107e-02	-9.099870899383503964e-02	7.261418081728177043e-02	-1.043986318264735064e-01	8.645742069754386305e-02	-7.998942291792447701e-02	7.841130954264864672e-02	-8.189204311340517184e-02	4.075592072448586123e-02	-9.296454915064419899e-02	8.756100233318256376e-02	-7.044646457939260364e-02	1.002598585745900633e-01	-5.518572515211717100e-02	4.941947652943100983e-02	-7.127085666680822718e-02	1.721989077802111440e-02	-1.747877728351475077e-02
-1.213938957737422247e-01	1.167460512944312051e-01	-1.845357469477371115e-01	1.717979590326329520e-01	-3.932296543174242931e-01	1.480772659293096427e-01	-3.436589715468693074e-01	2.880190711865225905e-01	-6.920655356572880113e-01	1.000000000000000444e+00	-1.272271559300004462e-01	2.225316544957484377e-01	-2.653970951366932951e-01	2.303022731005704982e-01	-3.051315074700300944e-01	1.655522500976327194e-01	-1.400165841576369308e-01	1.770294552568308644e-01	-1.134788697095897858e-01	1.325626176249489752e-01	-1.244963881742895823e-01	1.259776162934645727e-01	-1.014425443518463671e-01	9.784635140474981507e-02	-7.894285043014881431e-02	1.125648101635611659e-01	-9.442719846479664947e-02	8.752137501787297935e-02	-8.687306766580089878e-02	8.790001091397633970e-02	-4.465080879487774712e-02	1.018363921238598785e-01	-9.780280547344386011e-02	7.820077903258897123e-02	-1.142359925876876708e-01	6.041462504146141721e-02	-5.435915861569469432e-02	7.822644382518545436e-02	-1.923513716191031786e-02	1.949396653215927644e-02
1.438595517877328256e-01	-1.363396854611988451e-01	9.861364782495263270e-02	-9.368825124701450624e-02	1.927097444760141609e-01	-8.017152512830164612e-01	2.112204660592250094e-01	-1.362837558765664925e-01	1.190882597525592529e-01	-1.272271559300004462e-01	1.000000000000000888e+00	-4.160866187441276121e-01	1.856027208423762509e-01	-9.418560047428199689e-02	9.836188869135663315e-02	-2.665749026828430068e-01	1.675023213662641675e-01	-1.505158861692425243e-01	8.456802287971318388e-02	-9.611844764621309267e-02	1.535093779779299061e-01	-1.325478184986045305e-01	9.161798100402110401e-02	-8.347949308008412173e-02	6.387621043637871365e-02	-9.495061093986681411e-02	8.423229760004337374e-02	-7.466735772625548995e-02	7.384915871004124610e-02	-6.999399672076993262e-02	3.471360597058017333e-02	-7.848923485586242754e-02	8.215243060620745774e-02	-6.513748586642036098e-02	9.623632689010955255e-02	-4.626084574728876742e-02	4.218220795070097562e-02	-5.946953410709626686e-02	1.576773941783079364e-02	-1.593202718728243400e-02
-1.656524241279867804e-01	1.463311392372912412e-01	-1.735666216015096519e-01	1.592005111932836836e-01	-3.799671303758857532e-01	2.759465635574670506e-01	-3.792214066797995331e-01	2.422091440943250351e-01	-2.248846775356931338e-01	2.225316544957484377e-01	-4.160866187441276121e-01	1.000000000000000666e+00	-4.633096752157180864e-01	1.817904552749001756e-01	-1.975999851667708529e-01	2.753060141186831067e-01	-3.479987325016862809e-01	2.694982284770799930e-01	-1.561448688839175425e-01	1.698840537649611571e-01	-2.356247862053631736e-01	2.161072644898296147e-01	-1.636192473897876143e-01	1.455579726489670267e-01	-1.145825885697020347e-01	1.613043956189415262e-01	-1.477651353886429986e-01	1.317938496349508048e-01	-1.330064253453104028e-01	1.232485742636462295e-01	-6.082120634441741391e-02	1.375437361113302781e-01	-1.486607628394977509e-01	1.171352769970830793e-01	-1.781725438204468381e-01	8.093813651486370109e-02	-7.440510591582712163e-02	1.045225908015271904e-01	-2.851187479188361726e-02	2.875225614909491037e-02
1.215671825421370117e-01	-1.211901445331669686e-01	1.641802494321197847e-01	-1.612796894685546989e-01	2.707015566164427955e-01	-2.074131752345300395e-01	2.906905639058163238e-01	-4.120232042795336502e-01	2.426742605800777941e-01	-2.653970951366932951e-01	1.856027208423762509e-01	-4.633096752157180864e-01	1.000000000000001776e+00	-3.122481447063598647e-01	2.322199073948800485e-01	-2.631653002994258639e-01	2.527444066188568317e-01	-4.720783578823688487e-01	1.968767508789469600e-01	-2.313520572623048999e-01	1.888105938959548646e-01	-2.027902868167795747e-01	1.475582316500607949e-01	-1.422026541392575338e-01	1.141482204405760426e-01	-1.498031960019683972e-01	1.288774260292244456e-01	-1.193917474001318646e-01	1.173081419007145909e-01	-1.262658105292856492e-01	5.561892799709808322e-02	-1.263193583281105037e-01	1.272406053699728645e-01	-1.031278473371765037e-01	1.459272848716387794e-01	-7.456377053896970364e-02	6.738931760949250227e-02	-9.587991963961114972e-02	2.468705967734401152e-02	-2.502197350378757706e-02
-7.335198260692921135e-02	7.099258966724809883e-02	-1.018253932175154641e-01	9.654970875500891447e-02	-1.907462686635150451e-01	1.060533754937002110e-01	-1.868962756165935268e-01	1.729647544719796759e-01	-2.496987763732084753e-01	2.303022731005704982e-01	-9.418560047428199689e-02	1.817904552749001756e-01	-3.122481447063598647e-01	1.000000000000000444e+00	-8.485470796169661822e-01	1.345880098870504971e-01	-1.260581645931636019e-01	1.763884599087134353e-01	-1.668592076488461529e-01	1.640271500292783124e-01	-1.039530020849109004e-01	1.061460749200290044e-01	-8.767648084694165678e-02	8.573872948373983949e-02	-7.463785435883624197e-02	8.771573156109610525e-02	-7.566857105389972193e-02	7.151218966954908662e-02	-7.215234492927909138e-02	7.964827814961736308e-02	-3.375589021564783659e-02	7.681403281337044475e-02	-7.800444743002704628e-02	6.334395430269014471e-02	-9.135107837159436861e-02	4.535696365451591383e-02	-4.111448713769059321e-02	5.860476630700417466e-02	-1.524622476144524286e-02	1.543977725759069011e-02
7.284653847543536009e-02	-7.144045332456856745e-02	9.824630494168348771e-02	-9.630919562342983575e-02	1.869491252585315233e-01	-1.134000375442463238e-01	1.749273173540736026e-01	-1.660015224118501220e-01	2.112826971412744559e-01	-3.051315074700300944e-01	9.836188869135663315e-02	-1.975999851667708529e-01	2.322199073948800485e-01	-8.485470796169661822e-01	9.999999999999997780e-01	-1.477023238694479823e-01	1.306660285871690530e-01	-1.876412218051547454e-01	1.543262364404512921e-01	-1.929436811349833913e-01	1.092903535995629893e-01	-1.145425725257936816e-01	9.238128390829498937e-02	-9.251254611081945189e-02	8.005528066741601778e-02	-9.531556567500246158e-02	8.068057736364252219e-02	-7.648974249850810925e-02	7.635221032641315020e-02	-8.786237846506264604e-02	3.656662610351078813e-02	-8.329632046519476474e-02	8.239009106583203290e-02	-6.738624879532850720e-02	9.521933729031831217e-02	-4.925349815809548781e-02	4.440623527304279200e-02	-6.355935997871151044e-02	1.617658091898266717e-02	-1.640938016190875842e-02
-1.157536009400660648e-01	1.043385231729282991e-01	-1.290664516607875067e-01	1.194384736032881311e-01	-3.125644507141701611e-01	2.053811428187188037e-01	-2.423821588148762640e-01	1.645709368390014249e-01	-1.611566308045238871e-01	1.655522500976327194e-01	-2.665749026828430068e-01	2.753060141186831067e-01	-2.631653002994258639e-01	1.345880098870504971e-01	-1.477023238694479823e-01	1.000000000000000888e+00	-5.024877655038062496e-01	2.626142164710491556e-01	-1.531467344257607388e-01	1.591964995924948223e-01	-5.668466146337338696e-01	3.089002599558493545e-01	-1.899887833064015097e-01	1.603711805488354791e-01	-1.184228745142384964e-01	1.826737684515965521e-01	-1.733474261805148520e-01	1.441416176214255773e-01	-1.418712035141963257e-01	1.258330348202698901e-01	-6.178040561472601666e-02	1.383769634095163847e-01	-1.560580169386429072e-01	1.219528395597278547e-01	-1.806926195309867811e-01	8.102324426409882041e-02	-7.485586299844269875e-02	1.033799124491972254e-01	-2.909595273566269874e-02	2.932119200188766650e-02
8.819012697082925789e-02	-8.187306563861572462e-02	1.013724580449839735e-01	-9.507459098540360642e-02	2.283699196353594085e-01	-1.610060441357934746e-01	1.919348772067241693e-01	-1.436206919395013326e-01	1.333132067718539593e-01	-1.400165841576369308e-01	1.675023213662641675e-01	-3.479987325016862809e-01	2.527444066188568317e-01	-1.260581645931636019e-01	1.306660285871690530e-01	-5.024877655038062496e-01	9.999999999999994449e-01	-5.217933026406316177e-01	1.805989209169333032e-01	-1.931948801251192060e-01	2.950503424655423479e-01	-4.659975836364690371e-01	1.787435969602029495e-01	-1.561915261178674907e-01	1.105836195001630162e-01	-1.625726368530822363e-01	1.524102485555916819e-01	-1.299840742446013997e-01	1.226566902289368960e-01	-1.183001814897377962e-01	5.274533483408616608e-02	-1.185881459388933440e-01	1.302636615296911549e-01	-1.042161880017368064e-01	1.456920732744362568e-01	-6.920942540800367748e-02	6.332701946999311216e-02	-8.771828357661304310e-02	2.430051082029912463e-02	-2.456349626955827564e-02
-1.006931039164424280e-01	9.393681677752925563e-02	-1.284343493696617766e-01	1.185939979059892346e-01	-2.799434046252893271e-01	1.519660738189792804e-01	-2.400914638743230634e-01	1.918927774047726187e-01	-1.771082377077729253e-01	1.770294552568308644e-01	-1.505158861692425243e-01	2.694982284770799930e-01	-4.720783578823688487e-01	1.763884599087134353e-01	-1.876412218051547454e-01	2.626142164710491556e-01	-5.217933026406316177e-01	9.999999999999974465e-01	-4.058501764647777232e-01	2.650127834563602014e-01	-2.339316101530491410e-01	2.350412597991171082e-01	-1.875296321106210418e-01	1.598473467467603770e-01	-1.337101153144502896e-01	1.512495169530561623e-01	-1.434297258933244501e-01	1.312265946019555152e-01	-1.324543073126385195e-01	1.339579610225280493e-01	-5.503203279839729428e-02	1.243378945205460689e-01	-1.402070600074657447e-01	1.119835604584681621e-01	-1.636017448007870689e-01	7.275502151977206178e-02	-6.716920607412170396e-02	9.365091748528855953e-02	-2.648580238217653968e-02	2.671785871790056596e-02
5.790874964312098250e-02	-5.451037575840004396e-02	7.357653370786165770e-02	-6.918292789663017806e-02	1.633199505245181427e-01	-8.968841165036285645e-02	1.344508447159905862e-01	-1.079297194455371006e-01	1.073118147008210038e-01	-1.134788697095897858e-01	8.456802287971318388e-02	-1.561448688839175425e-01	1.968767508789469600e-01	-1.668592076488461529e-01	1.543262364404512921e-01	-1.531467344257607388e-01	1.805989209169333032e-01	-4.058501764647777232e-01	9.999999999999993339e-01	-8.216980517133690709e-01	1.277730054926918546e-01	-1.360620376665500342e-01	1.306776543845295235e-01	-1.495641635268243064e-01	1.472654531484228757e-01	-9.882565647539921783e-02	9.041942332026403628e-02	-9.339593629666582963e-02	9.972638356086387101e-02	-1.448734013034041201e-01	3.705420679378838150e-02	-8.428688226336207567e-02	9.582291578735749327e-02	-8.163948347051148968e-02	1.131962384549830836e-01	-4.921564690013918719e-02	4.534288426793445931e-02	-6.364073894598691605e-02	1.867173109220776964e-02	-1.889443026536542086e-02
-6.980385742969862084e-02	6.508831849897005195e-02	-9.011002485448288413e-02	8.378352951122884640e-02	-2.076031631376835662e-01	1.014648565152214410e-01	-1.645676366533850854e-01	1.255223687541332234e-01	-1.284110176802457370e-01	1.325626176249489752e-01	-9.611844764621309267e-02	1.698840537649611571e-01	-2.313520572623048999e-01	1.640271500292783124e-01	-1.929436811349833913e-01	1.591964995924948223e-01	-1.931948801251192060e-01	2.650127834563602014e-01	-8.216980517133690709e-01	9.999999999999998890e-01	-1.456522866014507145e-01	1.430685495525080564e-01	-1.492968979595324652e-01	1.534117273404219939e-01	-2.101887625385572278e-01	1.131496463416253873e-01	-1.052995538195603681e-01	1.075021467857181917e-01	-1.177819551301250989e-01	1.639363554779320331e-01	-4.336695814106172192e-02	9.857376771551620842e-02	-1.146766496082266412e-01	9.616576644762517279e-02	-1.393545665169183823e-01	5.754773561865497711e-02	-5.335956532965665383e-02	7.467879700395566034e-02	-2.231296575076958250e-02	2.251630900179248801e-02
8.058093720076539568e-02	-7.541189829792022126e-02	9.057172707614420670e-02	-8.542675239487672323e-02	2.132180976280748375e-01	-1.571579863507814034e-01	1.668027993617772486e-01	-1.203162288287124987e-01	1.155566683476546286e-01	-1.244963881742895823e-01	1.535093779779299061e-01	-2.356247862053631736e-01	1.888105938959548646e-01	-1.039530020849109004e-01	1.092903535995629893e-01	-5.668466146337338696e-01	2.950503424655423479e-01	-2.339316101530491410e-01	1.277730054926918546e-01	-1.456522866014507145e-01	9.999999999999986677e-01	-6.353187645129827477e-01	2.077214057017721383e-01	-1.893057412376865645e-01	1.166762233520533543e-01	-2.444922549988990668e-01	1.995747292155865826e-01	-1.603025882081589304e-01	1.432545937166118943e-01	-1.307430456784112738e-01	6.505250694532807576e-02	-1.440714801044290228e-01	1.525977210209537305e-01	-1.224232662498853236e-01	1.627786295123505589e-01	-8.450606804415974893e-02	7.605645794940604776e-02	-1.045209932763760119e-01	2.815861900219498309e-02	-2.853303342627909467e-02
-7.934939192386257500e-02	7.314596636848443023e-02	-9.469091831924053571e-02	8.831730028548059885e-02	-2.302455943165663821e-01	1.310780999708549277e-01	-1.728651103023804703e-01	1.231724358519936530e-01	-1.202364400848035253e-01	1.259776162934645727e-01	-1.325478184986045305e-01	2.161072644898296147e-01	-2.027902868167795747e-01	1.061460749200290044e-01	-1.145425725257936816e-01	3.089002599558493545e-01	-4.659975836364690371e-01	2.350412597991171082e-01	-1.360620376665500342e-01	1.430685495525080564e-01	-6.353187645129827477e-01	9.999999999999990008e-01	-3.258766211116069234e-01	2.048572895992202547e-01	-1.268721731497149674e-01	2.202016509023862756e-01	-2.652529747700662077e-01	1.786532128989288259e-01	-1.610616548066932385e-01	1.339017376393764613e-01	-6.503732937733108788e-02	1.449055951673423326e-01	-1.689679086760942084e-01	1.306988303882350710e-01	-1.772468812965885265e-01	8.345083301815674204e-02	-7.730612131441665091e-02	1.043842645488949616e-01	-2.977896252971935775e-02	3.003890398611303025e-02
5.953971085670626412e-02	-5.581137259910677606e-02	7.284294778616737243e-02	-6.881001811827364145e-02	1.797411753155551961e-01	-9.892330825639490677e-02	1.287713553943807543e-01	-9.466421337434718919e-02	9.301949488208970107e-02	-1.014425443518463671e-01	9.161798100402110401e-02	-1.636192473897876143e-01	1.475582316500607949e-01	-8.767648084694165678e-02	9.238128390829498937e-02	-1.899887833064015097e-01	1.787435969602029495e-01	-1.875296321106210418e-01	1.306776543845295235e-01	-1.492968979595324652e-01	2.077214057017721383e-01	-3.258766211116069234e-01	9.999999999999985567e-01	-6.907706540577113197e-01	2.140392446671139370e-01	-2.150615518967074757e-01	1.999728880679232934e-01	-3.910628008015941681e-01	2.649530359100691346e-01	-2.401671909121955995e-01	7.804771189188443314e-02	-1.807615475162203666e-01	2.300490746688276800e-01	-2.017046755537036939e-01	2.155341454909321108e-01	-1.029629806668318770e-01	9.504708375360057526e-02	-1.333891640924829147e-01	4.051972102351328320e-02	-4.125805839533770725e-02
-5.724990010202545693e-02	5.333347441304372299e-02	-7.168393633081453220e-02	6.733131677354042832e-02	-1.810037645964146791e-01	8.966215398796772984e-02	-1.256246714789780172e-01	9.107012831720516510e-02	-9.099870899383503964e-02	9.784635140474981507e-02	-8.347949308008412173e-02	1.455579726489670267e-01	-1.422026541392575338e-01	8.573872948373983949e-02	-9.251254611081945189e-02	1.603711805488354791e-01	-1.561915261178674907e-01	1.598473467467603770e-01	-1.495641635268243064e-01	1.534117273404219939e-01	-1.893057412376865645e-01	2.048572895992202547e-01	-6.907706540577113197e-01	1.000000000000000000e+00	-3.643523996642377694e-01	1.793760811869011818e-01	-1.784915757008846693e-01	2.621436230041888638e-01	-3.738079797356527179e-01	2.553873893970356468e-01	-6.951943114527454892e-02	1.596376687155770802e-01	-2.318897027451359005e-01	2.082788600860402128e-01	-2.491984508345479465e-01	9.101121415859676766e-02	-8.645156413144750029e-02	1.193068507827369507e-01	-4.237591766260802306e-02	4.250542279658119094e-02
4.433885675334325177e-02	-4.157415096298960888e-02	5.567182825807012736e-02	-5.250094824461841447e-02	1.375454355772254555e-01	-6.986130598481644915e-02	9.788789776206423265e-02	-7.249844683877469664e-02	7.261418081728177043e-02	-7.894285043014881431e-02	6.387621043637871365e-02	-1.145825885697020347e-01	1.141482204405760426e-01	-7.463785435883624197e-02	8.005528066741601778e-02	-1.184228745142384964e-01	1.105836195001630162e-01	-1.337101153144502896e-01	1.472654531484228757e-01	-2.101887625385572278e-01	1.166762233520533543e-01	-1.268721731497149674e-01	2.140392446671139370e-01	-3.643523996642377694e-01	9.999999999999988898e-01	-1.277422354760949508e-01	1.153451671682394625e-01	-1.575842959535241339e-01	1.912243779863628534e-01	-8.323776021524439406e-01	5.196454483417439763e-02	-1.201464490552863612e-01	1.448305427626484232e-01	-1.481535511288861739e-01	1.829505482648766390e-01	-6.938130396163542934e-02	6.416867840210987994e-02	-9.100694302251799428e-02	3.067196087442962751e-02	-3.132142035147654491e-02
-6.780382588973669911e-02	6.277594494567843852e-02	-8.735907263813684487e-02	8.190576825983125753e-02	-2.378915713534988374e-01	1.022114033910084263e-01	-1.465806680363776759e-01	1.033774954975508614e-01	-1.043986318264735064e-01	1.125648101635611659e-01	-9.495061093986681411e-02	1.613043956189415262e-01	-1.498031960019683972e-01	8.771573156109610525e-02	-9.531556567500246158e-02	1.826737684515965521e-01	-1.625726368530822363e-01	1.512495169530561623e-01	-9.882565647539921783e-02	1.131496463416253873e-01	-2.444922549988990668e-01	2.202016509023862756e-01	-2.150615518967074757e-01	1.793760811869011818e-01	-1.277422354760949508e-01	9.999999999999980016e-01	-7.762575038291384955e-01	2.520290061095108447e-01	-2.303019396616982073e-01	1.379410603617141629e-01	-1.254140258756123727e-01	2.219373823324860828e-01	-2.741417251620990592e-01	1.852897795053144725e-01	-2.744750916809992614e-01	1.350649789067839557e-01	-1.248626575144414497e-01	1.475774338761031701e-01	-4.350089887589145277e-02	4.340546629598098644e-02
5.644466094026016206e-02	-5.270153869808013453e-02	7.040175151346059201e-02	-6.640196370540377147e-02	1.833796216447481364e-01	-9.135945413266151338e-02	1.209599523657702708e-01	-8.699471491614842178e-02	8.645742069754386305e-02	-9.442719846479664947e-02	8.423229760004337374e-02	-1.477651353886429986e-01	1.288774260292244456e-01	-7.566857105389972193e-02	8.068057736364252219e-02	-1.733474261805148520e-01	1.524102485555916819e-01	-1.434297258933244501e-01	9.041942332026403628e-02	-1.052995538195603681e-01	1.995747292155865826e-01	-2.652529747700662077e-01	1.999728880679232934e-01	-1.784915757008846693e-01	1.153451671682394625e-01	-7.762575038291384955e-01	9.999999999999974465e-01	-3.499608620092637401e-01	2.069687382858960978e-01	-1.300600491367683298e-01	1.187352232249884454e-01	-2.714666118288857066e-01	2.421091064507255308e-01	-1.737962853898746274e-01	2.161759319863244266e-01	-1.410769907256766431e-01	1.248870196389256088e-01	-1.538963013843116512e-01	3.874855570048696407e-02	-3.912630274174305756e-02
-5.137898495088911305e-02	4.802741598748005991e-02	-6.461488288154536297e-02	6.095583858693982143e-02	-1.678701853834623781e-01	8.164774225893069171e-02	-1.108515646894451673e-01	8.007777350395087201e-02	-7.998942291792447701e-02	8.752137501787297935e-02	-7.466735772625548995e-02	1.317938496349508048e-01	-1.193917474001318646e-01	7.151218966954908662e-02	-7.648974249850810925e-02	1.441416176214255773e-01	-1.299840742446013997e-01	1.312265946019555152e-01	-9.339593629666582963e-02	1.075021467857181917e-01	-1.603025882081589304e-01	1.786532128989288259e-01	-3.910628008015941681e-01	2.621436230041888638e-01	-1.575842959535241339e-01	2.520290061095108447e-01	-3.499608620092637401e-01	9.999999999999983347e-01	-5.278487586999679460e-01	1.719982476302547303e-01	-9.422642821309272498e-02	2.186999127671695464e-01	-5.356447393966998760e-01	2.748131335392089425e-01	-2.755973113008565734e-01	1.189367675750359066e-01	-1.181817149523874816e-01	1.572961499141303232e-01	-5.195269277246470502e-02	5.201949419024084337e-02
5.019389864934022116e-02	-4.719270466203354109e-02	6.244332244428541651e-02	-5.917037899827010811e-02	1.591224125055462901e-01	-8.189110255639285574e-02	1.078086156743281870e-01	-7.877199519435980346e-02	7.841130954264864672e-02	-8.687306766580089878e-02	7.384915871004124610e-02	-1.330064253453104028e-01	1.173081419007145909e-01	-7.215234492927909138e-02	7.635221032641315020e-02	-1.418712035141963257e-01	1.226566902289368960e-01	-1.324543073126385195e-01	9.972638356086387101e-02	-1.177819551301250989e-01	1.432545937166118943e-01	-1.610616548066932385e-01	2.649530359100691346e-01	-3.738079797356527179e-01	1.912243779863628534e-01	-2.303019396616982073e-01	2.069687382858960978e-01	-5.278487586999679460e-01	9.999999999999980016e-01	-2.505404141808443841e-01	9.206387098553418802e-02	-2.166618796948247272e-01	2.987690122833225881e-01	-5.555830492656369524e-01	2.937545418952340337e-01	-1.221824793645190088e-01	1.138091148626043936e-01	-1.616855316713446955e-01	6.858691608211456292e-02	-7.041717316127971138e-02
-5.023148716751903858e-02	4.682423907289036402e-02	-6.400739413366636488e-02	6.006869763086748748e-02	-1.626113680921062454e-01	7.620310962421519840e-02	-1.114465411046137999e-01	8.098271049558553036e-02	-8.189204311340517184e-02	8.790001091397633970e-02	-6.999399672076993262e-02	1.232485742636462295e-01	-1.262658105292856492e-01	7.964827814961736308e-02	-8.786237846506264604e-02	1.258330348202698901e-01	-1.183001814897377962e-01	1.339579610225280493e-01	-1.448734013034041201e-01	1.639363554779320331e-01	-1.307430456784112738e-01	1.339017376393764613e-01	-2.401671909121955995e-01	2.553873893970356468e-01	-8.323776021524439406e-01	1.379410603617141629e-01	-1.300600491367683298e-01	1.719982476302547303e-01	-2.505404141808443841e-01	9.999999999999984457e-01	-5.692819029351936511e-02	1.310711803024643130e-01	-1.725443000284495598e-01	1.711491833261486184e-01	-2.534836923367975725e-01	7.546936659277428405e-02	-7.103700627358966457e-02	9.947545170451257968e-02	-3.670274775981684223e-02	3.707225244659917429e-02
2.626672588712920461e-02	-2.441306455411362125e-02	3.503884832373301006e-02	-3.296251595332553436e-02	9.975125300788396931e-02	-3.855253825042450483e-02	5.642215186634762930e-02	-4.000701027320503755e-02	4.075592072448586123e-02	-4.465080879487774712e-02	3.471360597058017333e-02	-6.082120634441741391e-02	5.561892799709808322e-02	-3.375589021564783659e-02	3.656662610351078813e-02	-6.178040561472601666e-02	5.274533483408616608e-02	-5.503203279839729428e-02	3.705420679378838150e-02	-4.336695814106172192e-02	6.505250694532807576e-02	-6.503732937733108788e-02	7.804771189188443314e-02	-6.951943114527454892e-02	5.196454483417439763e-02	-1.254140258756123727e-01	1.187352232249884454e-01	-9.422642821309272498e-02	9.206387098553418802e-02	-5.692819029351936511e-02	9.999999999999976685e-01	-4.108805315913042766e-01	1.561595796632725408e-01	-8.832215269282552017e-02	1.423086877264898298e-01	-8.597104610485597487e-01	1.689257441543555449e-01	-1.430484348603154321e-01	2.410435867120560433e-02	-2.386641356784454521e-02
-5.984221853147852349e-02	5.560196150074143973e-02	-8.017410673692289269e-02	7.540556550812983760e-02	-2.293726152169101584e-01	8.726824591300609557e-02	-1.285857618311473660e-01	9.112780720755500607e-02	-9.296454915064419899e-02	1.018363921238598785e-01	-7.848923485586242754e-02	1.375437361113302781e-01	-1.263193583281105037e-01	7.681403281337044475e-02	-8.329632046519476474e-02	1.383769634095163847e-01	-1.185881459388933440e-01	1.243378945205460689e-01	-8.428688226336207567e-02	9.857376771551620842e-02	-1.440714801044290228e-01	1.449055951673423326e-01	-1.807615475162203666e-01	1.596376687155770802e-01	-1.201464490552863612e-01	2.219373823324860828e-01	-2.714666118288857066e-01	2.186999127671695464e-01	-2.166618796948247272e-01	1.310711803024643130e-01	-4.108805315913042766e-01	9.999999999999974465e-01	-4.198831216284293344e-01	2.075807329846668381e-01	-3.392819498609725981e-01	2.793276938892082506e-01	-4.476813082446529646e-01	2.836041726087863979e-01	-5.531422672741816149e-02	5.441759397967997625e-02
5.655749188223734014e-02	-5.322854460349681766e-02	7.098781993697286796e-02	-6.738064198280968586e-02	1.852327054701049802e-01	-9.201477545538030989e-02	1.205569517244267363e-01	-8.777489570086018100e-02	8.756100233318256376e-02	-9.780280547344386011e-02	8.215243060620745774e-02	-1.486607628394977509e-01	1.272406053699728645e-01	-7.800444743002704628e-02	8.239009106583203290e-02	-1.560580169386429072e-01	1.302636615296911549e-01	-1.402070600074657447e-01	9.582291578735749327e-02	-1.146766496082266412e-01	1.525977210209537305e-01	-1.689679086760942084e-01	2.300490746688276800e-01	-2.318897027451359005e-01	1.448305427626484232e-01	-2.741417251620990592e-01	2.421091064507255308e-01	-5.356447393966998760e-01	2.987690122833225881e-01	-1.725443000284495598e-01	1.561595796632725408e-01	-4.198831216284293344e-01	9.999999999999996669e-01	-4.204884934960904652e-01	2.979873173802600750e-01	-2.053063383424750532e-01	1.992263994763507073e-01	-2.937911680965751282e-01	6.910485530365662044e-02	-7.113318710410448942e-02
-4.517995189875757128e-02	4.244719885717854191e-02	-5.677190282297209928e-02	5.378652123227725679e-02	-1.473854389609605409e-01	7.261827020011178691e-02	-9.691984166883248208e-02	7.041837367491296518e-02	-7.044646457939260364e-02	7.820077903258897123e-02	-6.513748586642036098e-02	1.171352769970830793e-01	-1.031278473371765037e-01	6.334395430269014471e-02	-6.738624879532850720e-02	1.219528395597278547e-01	-1.042161880017368064e-01	1.119835604584681621e-01	-8.163948347051148968e-02	9.616576644762517279e-02	-1.224232662498853236e-01	1.306988303882350710e-01	-2.017046755537036939e-01	2.082788600860402128e-01	-1.481535511288861739e-01	1.852897795053144725e-01	-1.737962853898746274e-01	2.748131335392089425e-01	-5.555830492656369524e-01	1.711491833261486184e-01	-8.832215269282552017e-02	2.075807329846668381e-01	-4.204884934960904652e-01	9.999999999999988898e-01	-6.053872942421588688e-01	1.159696640422966940e-01	-1.140372375290416573e-01	1.585100835072190684e-01	-1.195493407901603300e-01	1.073133915985603482e-01
6.480244194527480517e-02	-6.150692233470334003e-02	7.970369152980896765e-02	-7.617547468332741545e-02	2.017090396811400399e-01	-1.097307796051713580e-01	1.369021017230267478e-01	-1.010300175352933927e-01	1.002598585745900633e-01	-1.142359925876876708e-01	9.623632689010955255e-02	-1.781725438204468381e-01	1.459272848716387794e-01	-9.135107837159436861e-02	9.521933729031831217e-02	-1.806926195309867811e-01	1.456920732744362568e-01	-1.636017448007870689e-01	1.131962384549830836e-01	-1.393545665169183823e-01	1.627786295123505589e-01	-1.772468812965885265e-01	2.155341454909321108e-01	-2.491984508345479465e-01	1.829505482648766390e-01	-2.744750916809992614e-01	2.161759319863244266e-01	-2.755973113008565734e-01	2.937545418952340337e-01	-2.534836923367975725e-01	1.423086877264898298e-01	-3.392819498609725981e-01	2.979873173802600750e-01	-6.053872942421588688e-01	9.999999999999986677e-01	-1.977457529001021841e-01	1.759084884285002925e-01	-2.658423742565969583e-01	1.093319994920108063e-01	-1.222681459157683170e-01
-3.552443809044662781e-02	3.298594261038323427e-02	-4.778220262271283547e-02	4.492336157572859173e-02	-1.374386408369248636e-01	5.145430778906532471e-02	-7.634477515673802894e-02	5.401716008360644278e-02	-5.518572515211717100e-02	6.041462504146141721e-02	-4.626084574728876742e-02	8.093813651486370109e-02	-7.456377053896970364e-02	4.535696365451591383e-02	-4.925349815809548781e-02	8.102324426409882041e-02	-6.920942540800367748e-02	7.275502151977206178e-02	-4.921564690013918719e-02	5.754773561865497711e-02	-8.450606804415974893e-02	8.345083301815674204e-02	-1.029629806668318770e-01	9.101121415859676766e-02	-6.938130396163542934e-02	1.350649789067839557e-01	-1.410769907256766431e-01	1.189367675750359066e-01	-1.221824793645190088e-01	7.546936659277428405e-02	-8.597104610485597487e-01	2.793276938892082506e-01	-2.053063383424750532e-01	1.159696640422966940e-01	-1.977457529001021841e-01	9.999999999999990008e-01	-2.182451662391902969e-01	1.617264116452084011e-01	-3.159163644920591485e-02	3.111471785358145212e-02
3.184086208633660903e-02	-2.964299950377574308e-02	4.240524977172331622e-02	-3.994230509421418246e-02	1.204601440249989108e-01	-4.706879893950510763e-02	6.827703129192011500e-02	-4.855597572975387660e-02	4.941947652943100983e-02	-5.435915861569469432e-02	4.218220795070097562e-02	-7.440510591582712163e-02	6.738931760949250227e-02	-4.111448713769059321e-02	4.440623527304279200e-02	-7.485586299844269875e-02	6.332701946999311216e-02	-6.716920607412170396e-02	4.534288426793445931e-02	-5.335956532965665383e-02	7.605645794940604776e-02	-7.730612131441665091e-02	9.504708375360057526e-02	-8.645156413144750029e-02	6.416867840210987994e-02	-1.248626575144414497e-01	1.248870196389256088e-01	-1.181817149523874816e-01	1.138091148626043936e-01	-7.103700627358966457e-02	1.689257441543555449e-01	-4.476813082446529646e-01	1.992263994763507073e-01	-1.140372375290416573e-01	1.759084884285002925e-01	-2.182451662391902969e-01	9.999999999999992228e-01	-8.048736267901170915e-01	4.565583650781533664e-02	-4.558538312127440040e-02
-4.584730520539878618e-02	4.260658621572779858e-02	-6.180672591410006633e-02	5.814736909274965948e-02	-1.782621556435468602e-01	6.641312197066463752e-02	-9.841988017097308417e-02	6.973524212032489178e-02	-7.127085666680822718e-02	7.822644382518545436e-02	-5.946953410709626686e-02	1.045225908015271904e-01	-9.587991963961114972e-02	5.860476630700417466e-02	-6.355935997871151044e-02	1.033799124491972254e-01	-8.771828357661304310e-02	9.365091748528855953e-02	-6.364073894598691605e-02	7.467879700395566034e-02	-1.045209932763760119e-01	1.043842645488949616e-01	-1.333891640924829147e-01	1.193068507827369507e-01	-9.100694302251799428e-02	1.475774338761031701e-01	-1.538963013843116512e-01	1.572961499141303232e-01	-1.616855316713446955e-01	9.947545170451257968e-02	-1.430484348603154321e-01	2.836041726087863979e-01	-2.937911680965751282e-01	1.585100835072190684e-01	-2.658423742565969583e-01	1.617264116452084011e-01	-8.048736267901170915e-01	9.999999999999988898e-01	-6.548867684950193668e-02	6.157140828976997299e-02
1.108025595953306824e-02	-1.042002280674133446e-02	1.405192870596860821e-02	-1.332895323000309398e-02	3.715122188870922243e-02	-1.772626049137332460e-02	2.365468548991662284e-02	-1.717500195398280818e-02	1.721989077802111440e-02	-1.923513716191031786e-02	1.576773941783079364e-02	-2.851187479188361726e-02	2.468705967734401152e-02	-1.524622476144524286e-02	1.617658091898266717e-02	-2.909595273566269874e-02	2.430051082029912463e-02	-2.648580238217653968e-02	1.867173109220776964e-02	-2.231296575076958250e-02	2.815861900219498309e-02	-2.977896252971935775e-02	4.051972102351328320e-02	-4.237591766260802306e-02	3.067196087442962751e-02	-4.350089887589145277e-02	3.874855570048696407e-02	-5.195269277246470502e-02	6.858691608211456292e-02	-3.670274775981684223e-02	2.410435867120560433e-02	-5.531422672741816149e-02	6.910485530365662044e-02	-1.195493407901603300e-01	1.093319994920108063e-01	-3.159163644920591485e-02	4.565583650781533664e-02	-6.548867684950193668e-02	9.999999999999988898e-01	-9.818511309235045115e-01
