1.000000000000000222e+00	-4.796525572599698584e-01	6.192933640644703031e-02	-4.950894552754493694e-02	4.774999834302127988e-02	-8.010640816014222843e-01	2.949120383699140868e-01	-6.404177159053839330e-02	4.843282556790449306e-02	-4.228526689581114245e-02	1.315361731251379618e-01	-4.532765071681694319e-02	4.455349178990988812e-02	-4.951223338695799614e-02	2.901686128248489455e-02	-9.952477691003915050e-02	6.639536009637278524e-02	-6.317295007864348610e-02	4.129538703250868609e-02	-2.877153771398879498e-02	6.428699954794089844e-02	-7.092819765231123119e-02	4.735900709535835473e-02	-4.974020787447189229e-02	4.159534983039953060e-02	-7.567726300035804154e-02	4.415616531824073654e-02	-4.635107496600341520e-02	3.626308752946847541e-02	-2.753040541344774217e-02	1.676695213996023254e-02	-3.327958514936107254e-02	3.004181502619207925e-02	-2.376114429696046110e-02	1.532189311300532174e-02	-1.732194935666427071e-02	1.939303705510073486e-02	-2.277769099555143617e-02	2.090640211471848919e-02	-1.168245166146228593e-02
-4.796525572599698584e-01	1.000000000000000000e+00	-1.234020510464880482e-01	8.336106899907212708e-02	-7.257345411699211990e-02	2.929216252055956149e-01	-7.987241361114079119e-01	1.170343250617278813e-01	-8.335015236222613477e-02	6.232264716029507073e-02	-9.472684477146674220e-02	3.886702200008194941e-02	-4.042722641659466515e-02	5.369137172269450309e-02	-3.489320041526097066e-02	6.802441825196538228e-02	-5.510934533294937349e-02	5.307707217790078730e-02	-4.483726983075555367e-02	3.370395654820471792e-02	-5.119718921671908424e-02	5.795664757488411256e-02	-4.163037424405283821e-02	4.711817742443377005e-02	-4.168295165548695225e-02	5.750009565123936212e-02	-3.757449104656910427e-02	3.901977911543962757e-02	-3.542038383844077487e-02	2.657231049430836684e-02	-1.407851654748973856e-02	2.813697496534296738e-02	-2.664030158206427690e-02	2.122651203499045097e-02	-1.384044454238451960e-02	1.452144246992199267e-02	-1.670655037895574235e-02	1.964250558162884686e-02	-1.871689930171503355e-02	1.048628251309115939e-02
6.192933640644703031e-02	-1.234020510464880482e-01	9.999999999999997780e-01	-5.996471838546029165e-01	1.784303346323740658e-01	-7.518797568761133310e-02	1.266947718157941105e-01	-6.985877149480920201e-01	3.159390129308417006e-01	-1.764122038367455791e-01	4.963713597861135057e-02	-3.951702727352761346e-02	4.263748978976290849e-02	-9.903066844970433158e-02	6.686969354436200774e-02	-3.863033334981699762e-02	4.480296582099010244e-02	-4.955563679263698396e-02	7.857590341048577287e-02	-6.296210517946804197e-02	3.311357227730088448e-02	-4.783377011656857886e-02	4.154264843025392423e-02	-5.561461867277508325e-02	5.273313809607585445e-02	-3.548657458381902774e-02	3.240705248686599760e-02	-3.342841485294514858e-02	4.187567586474692100e-02	-3.121550296650899350e-02	1.184317710317080163e-02	-2.426120054885997843e-02	2.569054725564890590e-02	-2.095227785163947948e-02	1.393085131998721832e-02	-1.221133980413679002e-02	1.505602965987020390e-02	-1.781412989912714573e-02	1.846960023377924864e-02	-1.042814328562751726e-02
-4.950894552754493694e-02	8.336106899907212708e-02	-5.996471838546029165e-01	9.999999999999997780e-01	-3.014682424384711457e-01	5.884651034429014965e-02	-1.004063096287691748e-01	3.274954636551251630e-01	-6.368226757249995096e-01	2.262774479666749550e-01	-5.355511759820581058e-02	3.804592631980577289e-02	-4.232142738540299598e-02	1.296805482782157348e-01	-9.123890470647762208e-02	4.124105324670924999e-02	-5.315525346752462271e-02	5.942304563554387520e-02	-1.111286159080403652e-01	8.227872938438679506e-02	-3.721401162628115711e-02	5.579802163998167502e-02	-5.133388775680664678e-02	7.013984326511435441e-02	-6.921031935430027593e-02	3.857838579294850523e-02	-3.900996172322482303e-02	3.976522269884125854e-02	-5.445003982989646968e-02	4.004623256591949981e-02	-1.407056258410501956e-02	2.890056012871614760e-02	-3.173716250525623894e-02	2.596997366134742510e-02	-1.739370179535873473e-02	1.447502310598562485e-02	-1.821906352394865591e-02	2.154958869161607143e-02	-2.294493862747588181e-02	1.296406234128390927e-02
4.774999834302127988e-02	-7.257345411699211990e-02	1.784303346323740658e-01	-3.014682424384711457e-01	9.999999999999995559e-01	-6.170636201441495605e-02	8.506584273642436855e-02	-2.261125822870563851e-01	2.515439588288254646e-01	-8.402915859695615497e-01	6.716675345830734611e-02	-4.500975887302518380e-02	4.839508417206679625e-02	-1.521204421500264303e-01	1.857235056622549008e-01	-5.385532623559304011e-02	6.951901464384163676e-02	-8.269719674733108650e-02	1.178564631672763957e-01	-2.021682564162173568e-01	5.069398006958987513e-02	-8.117586393989027760e-02	7.063975438254239958e-02	-1.058673275564958327e-01	9.612161567391426520e-02	-5.440531195690442162e-02	5.464393943954769239e-02	-5.772476242877645769e-02	7.335302943167971990e-02	-5.792493705107908814e-02	2.022210943088061444e-02	-4.205578744643576061e-02	4.454171436268489215e-02	-3.679152729833270324e-02	2.433276269982890747e-02	-2.095705565503723153e-02	2.606067813250027149e-02	-3.104558471613789311e-02	3.216225119610813254e-02	-1.827027565244875376e-02
-8.010640816014222843e-01	2.929216252055956149e-01	-7.518797568761133310e-02	5.884651034429014965e-02	-6.170636201441495605e-02	9.999999999999990008e-01	-4.365324715704532732e-01	7.834021437065699645e-02	-6.111928736490342823e-02	5.274354970684726196e-02	-2.048489925829761193e-01	5.804184022511086477e-02	-5.891200569950470756e-02	5.959138759415073816e-02	-3.607480486010274795e-02	1.193665300016109043e-01	-8.317130746674503139e-02	7.481756085891699826e-02	-5.044360941653094899e-02	3.539545937211223403e-02	-8.025805960382888238e-02	8.343481503105927566e-02	-5.707140129067402728e-02	5.938496849108253206e-02	-5.117743193841818583e-02	8.754424188536127915e-02	-5.254824991223622926e-02	5.418118092619658710e-02	-4.443730135479150023e-02	3.336864206846774927e-02	-1.968712280392448388e-02	3.894518251247768709e-02	-3.579634582463360470e-02	2.826891147612246163e-02	-1.833782917393683015e-02	2.026978232732642993e-02	-2.287734828972146778e-02	2.680382199053547854e-02	-2.495334332880708161e-02	1.393941322637871905e-02
2.949120383699140868e-01	-7.987241361114079119e-01	1.266947718157941105e-01	-1.004063096287691748e-01	8.506584273642436855e-02	-4.365324715704532732e-01	9.999999999999992228e-01	-1.594761204184021453e-01	9.837155318506142498e-02	-7.863151330144362017e-02	1.225639170193530553e-01	-5.217289106438700169e-02	5.264847041144404133e-02	-7.204409772346372087e-02	4.451365395170923250e-02	-9.633397098146885551e-02	7.490993673411258658e-02	-7.442187302683775374e-02	5.867363050828906107e-02	-4.386283568578818598e-02	7.041752674992127203e-02	-8.216478704779839326e-02	5.732900454623258979e-02	-6.475136091362922175e-02	5.513752328976647549e-02	-8.338418842497105632e-02	5.239115932049320107e-02	-5.525577968229758441e-02	4.716039068358352654e-02	-3.582338541657617559e-02	1.987507393316024357e-02	-3.978615232600333368e-02	3.682422555926181951e-02	-2.934550071962281625e-02	1.900682445409412891e-02	-2.055985669819956896e-02	2.339493063208786250e-02	-2.755613085402031787e-02	2.579547249506879830e-02	-1.445184964935742646e-02
-6.404177159053839330e-02	1.170343250617278813e-01	-6.985877149480920201e-01	3.274954636551251630e-01	-2.261125822870563851e-01	7.834021437065699645e-02	-1.594761204184021453e-01	9.999999999999992228e-01	-5.570256629402967619e-01	1.897893805401802136e-01	-5.771619105741956218e-02	4.765716571615047359e-02	-5.404611985309722838e-02	1.189938105837625021e-01	-8.045561185283876815e-02	4.441939053218052491e-02	-5.327152634810763954e-02	5.841991023556546148e-02	-1.011166569627831441e-01	7.237505970884013096e-02	-3.844236025239869403e-02	5.566157569447863218e-02	-4.957012455034599807e-02	6.594838185535442654e-02	-6.435278746323778998e-02	4.059135316977825758e-02	-3.823026254037958233e-02	3.907415946032120890e-02	-5.102651047752804203e-02	3.755111472128746380e-02	-1.385713652027751458e-02	2.835734090507673402e-02	-3.055762341523831846e-02	2.492303579082173412e-02	-1.664089753841929004e-02	1.426117944301139896e-02	-1.773456617178429534e-02	2.095985262856791403e-02	-2.201605457570953231e-02	1.242585864604573570e-02
4.843282556790449306e-02	-8.335015236222613477e-02	3.159390129308417006e-01	-6.368226757249995096e-01	2.515439588288254646e-01	-6.111928736490342823e-02	9.837155318506142498e-02	-5.570256629402967619e-01	9.999999999999990008e-01	-3.378873092614466112e-01	5.618972811711907267e-02	-4.331450957118251205e-02	4.767191779190217693e-02	-1.873779989764290388e-01	9.969162684968206622e-02	-4.380450451866856748e-02	5.699078499212170690e-02	-6.533632472989647777e-02	1.282210176000547763e-01	-9.173345382559233707e-02	3.900472346317342826e-02	-6.013460552027177775e-02	5.575166624383127989e-02	-7.704498542106315295e-02	7.370945655898697435e-02	-4.050394457987723656e-02	4.104552319849684439e-02	-4.214874563736599467e-02	5.745866649351034916e-02	-4.269114427492403524e-02	1.484839297033568352e-02	-3.058520125650991336e-02	3.345890952774226157e-02	-2.745297785377474875e-02	1.834235715780128256e-02	-1.529690921489485281e-02	1.923731562258414879e-02	-2.278920387046105139e-02	2.419601439387708205e-02	-1.368569913172363282e-02
-4.228526689581114245e-02	6.232264716029507073e-02	-1.764122038367455791e-01	2.262774479666749550e-01	-8.402915859695615497e-01	5.274354970684726196e-02	-7.863151330144362017e-02	1.897893805401802136e-01	-3.378873092614466112e-01	9.999999999999984457e-01	-6.134293679973808894e-02	3.981549205478573938e-02	-4.382591994674583935e-02	1.339509888308344498e-01	-2.400046944908639235e-01	4.793840021854874067e-02	-6.320608940724886660e-02	7.296813838828086762e-02	-1.142512787159262466e-01	1.776834578961840327e-01	-4.552662178310429297e-02	7.074875675729509761e-02	-6.377094311856501552e-02	9.306053596642019365e-02	-9.196446715170378261e-02	4.760771744648201881e-02	-5.016022290447258447e-02	5.170260806979786600e-02	-7.075889926314617162e-02	5.399937468891442133e-02	-1.823770320798617089e-02	3.771161373149805457e-02	-4.133287479344337212e-02	3.402766043951161584e-02	-2.272906217558794129e-02	1.880566766662471537e-02	-2.374351016064937814e-02	2.817689384521118723e-02	-2.993891781708964139e-02	1.697275165154766424e-02
1.315361731251379618e-01	-9.472684477146674220e-02	4.963713597861135057e-02	-5.355511759820581058e-02	6.716675345830734611e-02	-2.048489925829761193e-01	1.225639170193530553e-01	-5.771619105741956218e-02	5.618972811711907267e-02	-6.134293679973808894e-02	9.999999999999985567e-01	-2.297751175974547533e-01	1.809420039757958787e-01	-1.355310504365483948e-01	6.702733912023101093e-02	-7.107137165538783830e-01	2.651945414462669737e-01	-2.412360962590097135e-01	1.150412356013125054e-01	-6.840325224706775287e-02	2.601861743642379099e-01	-2.726351166148552330e-01	1.662090033731472016e-01	-1.514280776148333452e-01	1.204295759544617705e-01	-3.113298214310104006e-01	1.561261028445922738e-01	-1.633030731122641910e-01	1.075242829427711377e-01	-8.202055630454886670e-02	5.955160686348186933e-02	-1.163573092490807481e-01	1.000229706543209890e-01	-7.811243447471077905e-02	4.985431205042679947e-02	-6.141898286637575977e-02	6.659725756139067698e-02	-7.784958057599478121e-02	6.874627476942418713e-02	-3.824064337728649843e-02
-4.532765071681694319e-02	3.886702200008194941e-02	-3.951702727352761346e-02	3.804592631980577289e-02	-4.500975887302518380e-02	5.804184022511086477e-02	-5.217289106438700169e-02	4.765716571615047359e-02	-4.331450957118251205e-02	3.981549205478573938e-02	-2.297751175974547533e-01	9.999999999999991118e-01	-9.345008375607070095e-01	9.872206196005989254e-02	-4.392205400741940741e-02	1.424019639033351492e-01	-1.509873024476974523e-01	1.244017933945663762e-01	-8.525426981096283219e-02	4.271957365462109024e-02	-9.133855263262589952e-02	1.204269722799188175e-01	-8.899994444665645932e-02	8.102572610013998589e-02	-7.043169819671046827e-02	9.683667071046729580e-02	-6.313289346977392358e-02	6.428979541351956262e-02	-5.921707095605261567e-02	4.383835145012391493e-02	-2.305624371910418649e-02	4.587733002903268686e-02	-4.388957330562220926e-02	3.480961264774441732e-02	-2.275554898575642485e-02	2.368939887479291559e-02	-2.734875620117966505e-02	3.203566578656515118e-02	-3.075758376905061292e-02	1.720734604199354589e-02
4.455349178990988812e-02	-4.042722641659466515e-02	4.263748978976290849e-02	-4.232142738540299598e-02	4.839508417206679625e-02	-5.891200569950470756e-02	5.264847041144404133e-02	-5.404611985309722838e-02	4.767191779190217693e-02	-4.382591994674583935e-02	1.809420039757958787e-01	-9.345008375607070095e-01	9.999999999999987788e-01	-1.197785045438338331e-01	4.729848511999720784e-02	-1.497446918746676292e-01	1.421971740155937303e-01	-1.451017984056764687e-01	9.304871505469011761e-02	-4.683481931585346814e-02	9.518104354017474511e-02	-1.360263216043007539e-01	9.689804599420580311e-02	-9.092537829243274583e-02	7.538016524819030062e-02	-1.090226374976374646e-01	6.964622142719142928e-02	-7.258459618374238365e-02	6.347779796095781579e-02	-4.782373110839490543e-02	2.585114979395345194e-02	-5.175368756680399918e-02	4.846868781389798014e-02	-3.855478535738340179e-02	2.501868032149762514e-02	-2.668310638631752815e-02	3.054989022000488205e-02	-3.591735926989622629e-02	3.391181212946058759e-02	-1.899049544117454441e-02
-4.951223338695799614e-02	5.369137172269450309e-02	-9.903066844970433158e-02	1.296805482782157348e-01	-1.521204421500264303e-01	5.959138759415073816e-02	-7.204409772346372087e-02	1.189938105837625021e-01	-1.873779989764290388e-01	1.339509888308344498e-01	-1.355310504365483948e-01	9.872206196005989254e-02	-1.197785045438338331e-01	9.999999999999982236e-01	-2.010314261056155571e-01	1.043046059306274448e-01	-1.705380009000874164e-01	2.001320318140207555e-01	-8.090497583285524152e-01	1.808686614345937915e-01	-9.689780730938209186e-02	1.598416570012312077e-01	-1.807307318017497000e-01	2.435863711630314732e-01	-2.406104191125831293e-01	9.461306204429878464e-02	-1.050633752976814356e-01	1.044366081195167717e-01	-1.791771439921779618e-01	1.263211446627374168e-01	-3.632014533097827763e-02	7.457779550813359304e-02	-8.980001336714772686e-02	7.438201250351623994e-02	-5.046079772875663311e-02	3.710951394434279516e-02	-4.888176452237714964e-02	5.773654955087201279e-02	-6.580212133418966713e-02	3.721929418576556958e-02
2.901686128248489455e-02	-3.489320041526097066e-02	6.686969354436200774e-02	-9.123890470647762208e-02	1.857235056622549008e-01	-3.607480486010274795e-02	4.451365395170923250e-02	-8.045561185283876815e-02	9.969162684968206622e-02	-2.400046944908639235e-01	6.702733912023101093e-02	-4.392205400741940741e-02	4.729848511999720784e-02	-2.010314261056155571e-01	9.999999999999987788e-01	-5.505225818852335640e-02	8.078239143545688783e-02	-1.049590182218444745e-01	1.730067756942139379e-01	-8.939569478935257552e-01	5.334146094852892928e-02	-9.880075013044217758e-02	9.139281726677221662e-02	-1.591152725040336779e-01	1.557219076984283357e-01	-5.613903853856776205e-02	6.097910640521472109e-02	-6.645238345199906693e-02	9.857411363745678667e-02	-9.042870143107155367e-02	2.245346160522975268e-02	-4.775582525885766622e-02	5.296728343668037631e-02	-4.575278643553301605e-02	2.992655957691888607e-02	-2.336244534423640926e-02	3.006733218197218949e-02	-3.634091284385823628e-02	3.893395846979065544e-02	-2.255132113515607994e-02
-9.952477691003915050e-02	6.802441825196538228e-02	-3.863033334981699762e-02	4.124105324670924999e-02	-5.385532623559304011e-02	1.193665300016109043e-01	-9.633397098146885551e-02	4.441939053218052491e-02	-4.380450451866856748e-02	4.793840021854874067e-02	-7.107137165538783830e-01	1.424019639033351492e-01	-1.497446918746676292e-01	1.043046059306274448e-01	-5.505225818852335640e-02	9.999999999999982236e-01	-4.063924844563214789e-01	2.030182299102951393e-01	-9.484751581795713982e-02	5.506021863092937924e-02	-4.051118541065653611e-01	2.264546856760434046e-01	-1.494538356762387110e-01	1.212330496870019647e-01	-1.023951018233150295e-01	2.516945693048591171e-01	-1.333294313980422641e-01	1.241832796455960286e-01	-9.040685814794494068e-02	6.698661925499249659e-02	-4.692822731291981797e-02	8.851387026169180161e-02	-8.010719568831316251e-02	6.140222446246591803e-02	-4.003264550876223932e-02	4.727805403944337903e-02	-5.206713995769229192e-02	5.970342332314099165e-02	-5.488840816556479763e-02	3.039788751657859778e-02
6.639536009637278524e-02	-5.510934533294937349e-02	4.480296582099010244e-02	-5.315525346752462271e-02	6.951901464384163676e-02	-8.317130746674503139e-02	7.490993673411258658e-02	-5.327152634810763954e-02	5.699078499212170690e-02	-6.320608940724886660e-02	2.651945414462669737e-01	-1.509873024476974523e-01	1.421971740155937303e-01	-1.705380009000874164e-01	8.078239143545688783e-02	-4.063924844563214789e-01	9.999999999999985567e-01	-5.594375499338118951e-01	1.588015130335591885e-01	-8.239162095641598682e-02	1.986674483875252029e-01	-5.550726519132579417e-01	2.902177874191184670e-01	-2.024334354947152914e-01	1.563723330750114160e-01	-1.943014669622705193e-01	1.401149433757453988e-01	-1.380828133080292675e-01	1.274833960204890815e-01	-9.534709277150342499e-02	4.731296829988834718e-02	-9.512827001946305705e-02	9.293081109231478287e-02	-7.319306206006528925e-02	4.788983282333682950e-02	-4.836408426199968053e-02	5.696648506372366250e-02	-6.644171781027828627e-02	6.462478282190052548e-02	-3.614696629518657917e-02
-6.317295007864348610e-02	5.307707217790078730e-02	-4.955563679263698396e-02	5.942304563554387520e-02	-8.269719674733108650e-02	7.481756085891699826e-02	-7.442187302683775374e-02	5.841991023556546148e-02	-6.533632472989647777e-02	7.296813838828086762e-02	-2.412360962590097135e-01	1.244017933945663762e-01	-1.451017984056764687e-01	2.001320318140207555e-01	-1.049590182218444745e-01	2.030182299102951393e-01	-5.594375499338118951e-01	9.999999999999985567e-01	-2.614385041863375170e-01	1.033947273265066191e-01	-1.611571290965431724e-01	3.248869976176875229e-01	-5.891277200057605246e-01	2.487329243956099833e-01	-2.156594659617051546e-01	1.454748822134500352e-01	-1.356311166680328750e-01	1.311302040124088797e-01	-1.653343912922731751e-01	1.184197044537909083e-01	-4.442649673419579032e-02	8.965857788322099953e-02	-9.905357596189338920e-02	7.882315006488894993e-02	-5.277521898361409863e-02	4.511165693188666503e-02	-5.655260621689854605e-02	6.590348539545018425e-02	-6.997889861418037094e-02	3.926170205958705306e-02
4.129538703250868609e-02	-4.483726983075555367e-02	7.857590341048577287e-02	-1.111286159080403652e-01	1.178564631672763957e-01	-5.044360941653094899e-02	5.867363050828906107e-02	-1.011166569627831441e-01	1.282210176000547763e-01	-1.142512787159262466e-01	1.150412356013125054e-01	-8.525426981096283219e-02	9.304871505469011761e-02	-8.090497583285524152e-01	1.730067756942139379e-01	-9.484751581795713982e-02	1.588015130335591885e-01	-2.614385041863375170e-01	9.999999999999978906e-01	-2.125267464512344551e-01	8.512968767995558739e-02	-1.635215239066159509e-01	1.856234603390463367e-01	-3.421710459098717405e-01	2.047475344993683333e-01	-8.478165934590922714e-02	8.940066523802922549e-02	-9.153509133369147621e-02	1.449181206219455065e-01	-1.116572745860546501e-01	3.102139494787773885e-02	-6.416864024180195247e-02	7.438118772143831325e-02	-6.231773588471133801e-02	4.154737239445431551e-02	-3.183645615196896428e-02	4.124224518833734948e-02	-4.898972050357944252e-02	5.424888299311424189e-02	-3.090689671139016867e-02
-2.877153771398879498e-02	3.370395654820471792e-02	-6.296210517946804197e-02	8.227872938438679506e-02	-2.021682564162173568e-01	3.539545937211223403e-02	-4.386283568578818598e-02	7.237505970884013096e-02	-9.173345382559233707e-02	1.776834578961840327e-01	-6.840325224706775287e-02	4.271957365462109024e-02	-4.683481931585346814e-02	1.808686614345937915e-01	-8.939569478935257552e-01	5.506021863092937924e-02	-8.239162095641598682e-02	1.033947273265066191e-01	-2.125267464512344551e-01	9.999999999999977796e-01	-5.391270512867007286e-02	9.586786232939248364e-02	-9.344589905654772377e-02	1.568821181422613287e-01	-1.990560581254766648e-01	5.562460497298150203e-02	-6.267500801306367941e-02	6.701864891632237919e-02	-1.125358320286291985e-01	9.779921200215897781e-02	-2.275391050389102485e-02	4.799787176526403021e-02	-5.538038428261191082e-02	4.779667166278271651e-02	-3.162324205126848531e-02	2.356951415311685574e-02	-3.074594387793004244e-02	3.701500402031346337e-02	-4.095948268233004508e-02	2.364865951114381720e-02
6.428699954794089844e-02	-5.119718921671908424e-02	3.311357227730088448e-02	-3.721401162628115711e-02	5.069398006958987513e-02	-8.025805960382888238e-02	7.041752674992127203e-02	-3.844236025239869403e-02	3.900472346317342826e-02	-4.552662178310429297e-02	2.601861743642379099e-01	-9.133855263262589952e-02	9.518104354017474511e-02	-9.689780730938209186e-02	5.334146094852892928e-02	-4.051118541065653611e-01	1.986674483875252029e-01	-1.611571290965431724e-01	8.512968767995558739e-02	-5.391270512867007286e-02	9.999999999999967804e-01	-2.299708780178322254e-01	1.353521665293504483e-01	-1.238183605491719880e-01	1.047631840869628073e-01	-7.784420079086412647e-01	2.106359807400283723e-01	-1.983118536875428661e-01	1.012568369763153647e-01	-7.598428291614944818e-02	8.022315262153090210e-02	-1.393969307448741091e-01	1.117627804468333402e-01	-8.419453609092800161e-02	5.363230802322432184e-02	-8.032107152052700427e-02	7.863292582028172384e-02	-8.870903751759136313e-02	7.516153131990054026e-02	-4.123597797075650995e-02
-7.092819765231123119e-02	5.795664757488411256e-02	-4.783377011656857886e-02	5.579802163998167502e-02	-8.117586393989027760e-02	8.343481503105927566e-02	-8.216478704779839326e-02	5.566157569447863218e-02	-6.013460552027177775e-02	7.074875675729509761e-02	-2.726351166148552330e-01	1.204269722799188175e-01	-1.360263216043007539e-01	1.598416570012312077e-01	-9.880075013044217758e-02	2.264546856760434046e-01	-5.550726519132579417e-01	3.248869976176875229e-01	-1.635215239066159509e-01	9.586786232939248364e-02	-2.299708780178322254e-01	9.999999999999974465e-01	-5.693820337572745860e-01	2.426024056675948615e-01	-2.269994300741608462e-01	1.864303493595474703e-01	-1.912764989900328505e-01	1.627934325246378211e-01	-1.817992977157081858e-01	1.277760268761558016e-01	-5.495305855231909231e-02	1.109419982705690672e-01	-1.185802181118983528e-01	9.226236797048335825e-02	-6.179367208693122004e-02	5.534455743837340957e-02	-6.904490966616318171e-02	7.944606605197751525e-02	-8.259111257030317399e-02	4.601188940679187822e-02
4.735900709535835473e-02	-4.163037424405283821e-02	4.154264843025392423e-02	-5.133388775680664678e-02	7.063975438254239958e-02	-5.707140129067402728e-02	5.732900454623258979e-02	-4.957012455034599807e-02	5.575166624383127989e-02	-6.377094311856501552e-02	1.662090033731472016e-01	-8.899994444665645932e-02	9.689804599420580311e-02	-1.807307318017497000e-01	9.139281726677221662e-02	-1.494538356762387110e-01	2.902177874191184670e-01	-5.891277200057605246e-01	1.856234603390463367e-01	-9.344589905654772377e-02	1.353521665293504483e-01	-5.693820337572745860e-01	9.999999999999968914e-01	-4.182682463835566411e-01	2.142393125594042880e-01	-1.304386549106818227e-01	1.306164418756516621e-01	-1.365271591249853644e-01	1.566533744545088591e-01	-1.210725021876180585e-01	4.130914811536286896e-02	-8.529755965491821190e-02	9.372071128838646570e-02	-7.522362014696724886e-02	4.938693281468793661e-02	-4.216857900372711354e-02	5.316267702732578593e-02	-6.240318967908355802e-02	6.548818207119910806e-02	-3.697376957306754836e-02
-4.974020787447189229e-02	4.711817742443377005e-02	-5.561461867277508325e-02	7.013984326511435441e-02	-1.058673275564958327e-01	5.938496849108253206e-02	-6.475136091362922175e-02	6.594838185535442654e-02	-7.704498542106315295e-02	9.306053596642019365e-02	-1.514280776148333452e-01	8.102572610013998589e-02	-9.092537829243274583e-02	2.435863711630314732e-01	-1.591152725040336779e-01	1.212330496870019647e-01	-2.024334354947152914e-01	2.487329243956099833e-01	-3.421710459098717405e-01	1.568821181422613287e-01	-1.238183605491719880e-01	2.426024056675948615e-01	-4.182682463835566411e-01	9.999999999999971134e-01	-6.059243265163618553e-01	1.204118937891319463e-01	-1.495941402484788907e-01	1.524037742731278178e-01	-3.318381605416185209e-01	2.427025728751622813e-01	-5.048169265327556721e-02	1.047120452596521228e-01	-1.321164820899336512e-01	1.144498215120299395e-01	-7.635537329951694319e-02	5.167161832863418486e-02	-6.958476229221291498e-02	8.308634351241808713e-02	-9.838980795660187684e-02	5.631224962286172919e-02
4.159534983039953060e-02	-4.168295165548695225e-02	5.273313809607585445e-02	-6.921031935430027593e-02	9.612161567391426520e-02	-5.117743193841818583e-02	5.513752328976647549e-02	-6.435278746323778998e-02	7.370945655898697435e-02	-9.196446715170378261e-02	1.204295759544617705e-01	-7.043169819671046827e-02	7.538016524819030062e-02	-2.406104191125831293e-01	1.557219076984283357e-01	-1.023951018233150295e-01	1.563723330750114160e-01	-2.156594659617051546e-01	2.047475344993683333e-01	-1.990560581254766648e-01	1.047631840869628073e-01	-2.269994300741608462e-01	2.142393125594042880e-01	-6.059243265163618553e-01	9.999999999999963363e-01	-1.114462373915516974e-01	1.323873699429883588e-01	-1.568566473025963803e-01	2.991905697658258090e-01	-5.257904151632112333e-01	4.841006579845620605e-02	-1.045029561894119524e-01	1.217049993885156306e-01	-1.174021185817557822e-01	7.420096633034263534e-02	-5.069218006978463975e-02	6.662569067429192915e-02	-8.261465021897283767e-02	9.217976086949850045e-02	-5.687959997368353948e-02
-7.567726300035804154e-02	5.750009565123936212e-02	-3.548657458381902774e-02	3.857838579294850523e-02	-5.440531195690442162e-02	8.754424188536127915e-02	-8.338418842497105632e-02	4.059135316977825758e-02	-4.050394457987723656e-02	4.760771744648201881e-02	-3.113298214310104006e-01	9.683667071046729580e-02	-1.090226374976374646e-01	9.461306204429878464e-02	-5.613903853856776205e-02	2.516945693048591171e-01	-1.943014669622705193e-01	1.454748822134500352e-01	-8.478165934590922714e-02	5.562460497298150203e-02	-7.784420079086412647e-01	1.864303493595474703e-01	-1.304386549106818227e-01	1.204118937891319463e-01	-1.114462373915516974e-01	9.999999999999974465e-01	-3.411388256915422468e-01	2.053957655948668304e-01	-1.106436527114335600e-01	7.976119982004459263e-02	-1.014184260629408946e-01	1.501093876705653918e-01	-1.276567481228241818e-01	9.107656414431887504e-02	-6.038007448151075374e-02	9.050471780713936765e-02	-8.946881142599058534e-02	9.505208631063108426e-02	-8.447594453987597451e-02	4.573508010998460216e-02
4.415616531824073654e-02	-3.757449104656910427e-02	3.240705248686599760e-02	-3.900996172322482303e-02	5.464393943954769239e-02	-5.254824991223622926e-02	5.239115932049320107e-02	-3.823026254037958233e-02	4.104552319849684439e-02	-5.016022290447258447e-02	1.561261028445922738e-01	-6.313289346977392358e-02	6.964622142719142928e-02	-1.050633752976814356e-01	6.097910640521472109e-02	-1.333294313980422641e-01	1.401149433757453988e-01	-1.356311166680328750e-01	8.940066523802922549e-02	-6.267500801306367941e-02	2.106359807400283723e-01	-1.912764989900328505e-01	1.306164418756516621e-01	-1.495941402484788907e-01	1.323873699429883588e-01	-3.411388256915422468e-01	9.999999999999971134e-01	-7.036886683932057629e-01	1.604892671465825149e-01	-1.217301202753846151e-01	1.330028416098884281e-01	-3.775370894818544931e-01	2.505173635738678350e-01	-1.777129877803151070e-01	1.076325570976080087e-01	-1.356853806278613683e-01	1.725428390090781861e-01	-1.941886365852037999e-01	1.548848012662583096e-01	-8.371286992780779812e-02
-4.635107496600341520e-02	3.901977911543962757e-02	-3.342841485294514858e-02	3.976522269884125854e-02	-5.772476242877645769e-02	5.418118092619658710e-02	-5.525577968229758441e-02	3.907415946032120890e-02	-4.214874563736599467e-02	5.170260806979786600e-02	-1.633030731122641910e-01	6.428979541351956262e-02	-7.258459618374238365e-02	1.044366081195167717e-01	-6.645238345199906693e-02	1.241832796455960286e-01	-1.380828133080292675e-01	1.311302040124088797e-01	-9.153509133369147621e-02	6.701864891632237919e-02	-1.983118536875428661e-01	1.627934325246378211e-01	-1.365271591249853644e-01	1.524037742731278178e-01	-1.568566473025963803e-01	2.053957655948668304e-01	-7.036886683932057629e-01	9.999999999999973355e-01	-2.289705535838605921e-01	1.430348086166887134e-01	-1.161337643512394963e-01	2.474379639859184965e-01	-4.340715654066222284e-01	2.087928610892384740e-01	-1.335770803019786790e-01	1.136511864974151520e-01	-1.674427854187883480e-01	1.836517992008656064e-01	-1.885154293432565464e-01	9.899980447296918840e-02
3.626308752946847541e-02	-3.542038383844077487e-02	4.187567586474692100e-02	-5.445003982989646968e-02	7.335302943167971990e-02	-4.443730135479150023e-02	4.716039068358352654e-02	-5.102651047752804203e-02	5.745866649351034916e-02	-7.075889926314617162e-02	1.075242829427711377e-01	-5.921707095605261567e-02	6.347779796095781579e-02	-1.791771439921779618e-01	9.857411363745678667e-02	-9.040685814794494068e-02	1.274833960204890815e-01	-1.653343912922731751e-01	1.449181206219455065e-01	-1.125358320286291985e-01	1.012568369763153647e-01	-1.817992977157081858e-01	1.566533744545088591e-01	-3.318381605416185209e-01	2.991905697658258090e-01	-1.106436527114335600e-01	1.604892671465825149e-01	-2.289705535838605921e-01	9.999999999999980016e-01	-7.551006791764368620e-01	5.897237458735304222e-02	-1.299619524366810719e-01	1.717251863837336301e-01	-2.170201631261496344e-01	1.059128003563865328e-01	-6.228530983846158192e-02	8.560621077685329205e-02	-1.100157246144134598e-01	1.351900692532701787e-01	-8.268451216063739395e-02
-2.753040541344774217e-02	2.657231049430836684e-02	-3.121550296650899350e-02	4.004623256591949981e-02	-5.792493705107908814e-02	3.336864206846774927e-02	-3.582338541657617559e-02	3.755111472128746380e-02	-4.269114427492403524e-02	5.399937468891442133e-02	-8.202055630454886670e-02	4.383835145012391493e-02	-4.782373110839490543e-02	1.263211446627374168e-01	-9.042870143107155367e-02	6.698661925499249659e-02	-9.534709277150342499e-02	1.184197044537909083e-01	-1.116572745860546501e-01	9.779921200215897781e-02	-7.598428291614944818e-02	1.277760268761558016e-01	-1.210725021876180585e-01	2.427025728751622813e-01	-5.257904151632112333e-01	7.976119982004459263e-02	-1.217301202753846151e-01	1.430348086166887134e-01	-7.551006791764368620e-01	9.999999999999980016e-01	-4.335558793130957211e-02	9.312876790192094190e-02	-1.315622383382737126e-01	1.358722604355616093e-01	-9.249817499337600890e-02	4.520230666762121291e-02	-6.388788157061466022e-02	8.016577489711472493e-02	-1.064205110216187994e-01	6.731853171423415882e-02
1.676695213996023254e-02	-1.407851654748973856e-02	1.184317710317080163e-02	-1.407056258410501956e-02	2.022210943088061444e-02	-1.968712280392448388e-02	1.987507393316024357e-02	-1.385713652027751458e-02	1.484839297033568352e-02	-1.823770320798617089e-02	5.955160686348186933e-02	-2.305624371910418649e-02	2.585114979395345194e-02	-3.632014533097827763e-02	2.245346160522975268e-02	-4.692822731291981797e-02	4.731296829988834718e-02	-4.442649673419579032e-02	3.102139494787773885e-02	-2.275391050389102485e-02	8.022315262153090210e-02	-5.495305855231909231e-02	4.130914811536286896e-02	-5.048169265327556721e-02	4.841006579845620605e-02	-1.014184260629408946e-01	1.330028416098884281e-01	-1.161337643512394963e-01	5.897237458735304222e-02	-4.335558793130957211e-02	9.999999999999980016e-01	-3.821020687840575025e-01	1.430547124424508820e-01	-9.918385814835539716e-02	7.586508649162138074e-02	-8.613714353061193707e-01	2.400242157923073161e-01	-1.859822260034723618e-01	1.164990354532648986e-01	-5.870886550475191284e-02
-3.327958514936107254e-02	2.813697496534296738e-02	-2.426120054885997843e-02	2.890056012871614760e-02	-4.205578744643576061e-02	3.894518251247768709e-02	-3.978615232600333368e-02	2.835734090507673402e-02	-3.058520125650991336e-02	3.771161373149805457e-02	-1.163573092490807481e-01	4.587733002903268686e-02	-5.175368756680399918e-02	7.457779550813359304e-02	-4.775582525885766622e-02	8.851387026169180161e-02	-9.512827001946305705e-02	8.965857788322099953e-02	-6.416864024180195247e-02	4.799787176526403021e-02	-1.393969307448741091e-01	1.109419982705690672e-01	-8.529755965491821190e-02	1.047120452596521228e-01	-1.045029561894119524e-01	1.501093876705653918e-01	-3.775370894818544931e-01	2.474379639859184965e-01	-1.299619524366810719e-01	9.312876790192094190e-02	-3.821020687840575025e-01	9.999999999999981126e-01	-3.660865765388592319e-01	2.143840344891750627e-01	-1.838870766294873615e-01	2.647275203703750579e-01	-5.325527217825022364e-01	2.938209442009782624e-01	-2.738914222269645538e-01	1.324087012843724320e-01
3.004181502619207925e-02	-2.664030158206427690e-02	2.569054725564890590e-02	-3.173716250525623894e-02	4.454171436268489215e-02	-3.579634582463360470e-02	3.682422555926181951e-02	-3.055762341523831846e-02	3.345890952774226157e-02	-4.133287479344337212e-02	1.000229706543209890e-01	-4.388957330562220926e-02	4.846868781389798014e-02	-8.980001336714772686e-02	5.296728343668037631e-02	-8.010719568831316251e-02	9.293081109231478287e-02	-9.905357596189338920e-02	7.438118772143831325e-02	-5.538038428261191082e-02	1.117627804468333402e-01	-1.185802181118983528e-01	9.372071128838646570e-02	-1.321164820899336512e-01	1.217049993885156306e-01	-1.276567481228241818e-01	2.505173635738678350e-01	-4.340715654066222284e-01	1.717251863837336301e-01	-1.315622383382737126e-01	1.430547124424508820e-01	-3.660865765388592319e-01	9.999999999999976685e-01	-5.786634601998374983e-01	1.841183555184317810e-01	-1.634010037324045705e-01	2.278878737127853771e-01	-3.815307238066794615e-01	2.805204895949380828e-01	-1.563764907650708191e-01
-2.376114429696046110e-02	2.122651203499045097e-02	-2.095227785163947948e-02	2.596997366134742510e-02	-3.679152729833270324e-02	2.826891147612246163e-02	-2.934550071962281625e-02	2.492303579082173412e-02	-2.745297785377474875e-02	3.402766043951161584e-02	-7.811243447471077905e-02	3.480961264774441732e-02	-3.855478535738340179e-02	7.438201250351623994e-02	-4.575278643553301605e-02	6.140222446246591803e-02	-7.319306206006528925e-02	7.882315006488894993e-02	-6.231773588471133801e-02	4.779667166278271651e-02	-8.419453609092800161e-02	9.226236797048335825e-02	-7.522362014696724886e-02	1.144498215120299395e-01	-1.174021185817557822e-01	9.107656414431887504e-02	-1.777129877803151070e-01	2.087928610892384740e-01	-2.170201631261496344e-01	1.358722604355616093e-01	-9.918385814835539716e-02	2.143840344891750627e-01	-5.786634601998374983e-01	9.999999999999983347e-01	-3.324637056803874668e-01	1.065349180483921299e-01	-1.770665674619301411e-01	2.469994418100376343e-01	-5.798793781639876022e-01	2.330426341131437429e-01
1.532189311300532174e-02	-1.384044454238451960e-02	1.393085131998721832e-02	-1.739370179535873473e-02	2.433276269982890747e-02	-1.833782917393683015e-02	1.900682445409412891e-02	-1.664089753841929004e-02	1.834235715780128256e-02	-2.272906217558794129e-02	4.985431205042679947e-02	-2.275554898575642485e-02	2.501868032149762514e-02	-5.046079772875663311e-02	2.992655957691888607e-02	-4.003264550876223932e-02	4.788983282333682950e-02	-5.277521898361409863e-02	4.154737239445431551e-02	-3.162324205126848531e-02	5.363230802322432184e-02	-6.179367208693122004e-02	4.938693281468793661e-02	-7.635537329951694319e-02	7.420096633034263534e-02	-6.038007448151075374e-02	1.076325570976080087e-01	-1.335770803019786790e-01	1.059128003563865328e-01	-9.249817499337600890e-02	7.586508649162138074e-02	-1.838870766294873615e-01	1.841183555184317810e-01	-3.324637056803874668e-01	9.999999999999988898e-01	-8.725491123528789084e-02	1.259730898446745906e-01	-2.038686323422077007e-01	2.916414827796957043e-01	-8.348668596192466707e-01
-1.732194935666427071e-02	1.452144246992199267e-02	-1.221133980413679002e-02	1.447502310598562485e-02	-2.095705565503723153e-02	2.026978232732642993e-02	-2.055985669819956896e-02	1.426117944301139896e-02	-1.529690921489485281e-02	1.880566766662471537e-02	-6.141898286637575977e-02	2.368939887479291559e-02	-2.668310638631752815e-02	3.710951394434279516e-02	-2.336244534423640926e-02	4.727805403944337903e-02	-4.836408426199968053e-02	4.511165693188666503e-02	-3.183645615196896428e-02	2.356951415311685574e-02	-8.032107152052700427e-02	5.534455743837340957e-02	-4.216857900372711354e-02	5.167161832863418486e-02	-5.069218006978463975e-02	9.050471780713936765e-02	-1.356853806278613683e-01	1.136511864974151520e-01	-6.228530983846158192e-02	4.520230666762121291e-02	-8.613714353061193707e-01	2.647275203703750579e-01	-1.634010037324045705e-01	1.065349180483921299e-01	-8.725491123528789084e-02	9.999999999999986677e-01	-3.444838153775471312e-01	1.880774657069600453e-01	-1.346679651846042214e-01	6.553854471910257329e-02
1.939303705510073486e-02	-1.670655037895574235e-02	1.505602965987020390e-02	-1.821906352394865591e-02	2.606067813250027149e-02	-2.287734828972146778e-02	2.339493063208786250e-02	-1.773456617178429534e-02	1.923731562258414879e-02	-2.374351016064937814e-02	6.659725756139067698e-02	-2.734875620117966505e-02	3.054989022000488205e-02	-4.888176452237714964e-02	3.006733218197218949e-02	-5.206713995769229192e-02	5.696648506372366250e-02	-5.655260621689854605e-02	4.124224518833734948e-02	-3.074594387793004244e-02	7.863292582028172384e-02	-6.904490966616318171e-02	5.316267702732578593e-02	-6.958476229221291498e-02	6.662569067429192915e-02	-8.946881142599058534e-02	1.725428390090781861e-01	-1.674427854187883480e-01	8.560621077685329205e-02	-6.388788157061466022e-02	2.400242157923073161e-01	-5.325527217825022364e-01	2.278878737127853771e-01	-1.770665674619301411e-01	1.259730898446745906e-01	-3.444838153775471312e-01	9.999999999999985567e-01	-6.573522764115943273e-01	2.133658765596261331e-01	-1.066249282923257824e-01
-2.277769099555143617e-02	1.964250558162884686e-02	-1.781412989912714573e-02	2.154958869161607143e-02	-3.104558471613789311e-02	2.680382199053547854e-02	-2.755613085402031787e-02	2.095985262856791403e-02	-2.278920387046105139e-02	2.817689384521118723e-02	-7.784958057599478121e-02	3.203566578656515118e-02	-3.591735926989622629e-02	5.773654955087201279e-02	-3.634091284385823628e-02	5.970342332314099165e-02	-6.644171781027828627e-02	6.590348539545018425e-02	-4.898972050357944252e-02	3.701500402031346337e-02	-8.870903751759136313e-02	7.944606605197751525e-02	-6.240318967908355802e-02	8.308634351241808713e-02	-8.261465021897283767e-02	9.505208631063108426e-02	-1.941886365852037999e-01	1.836517992008656064e-01	-1.100157246144134598e-01	8.016577489711472493e-02	-1.859822260034723618e-01	2.938209442009782624e-01	-3.815307238066794615e-01	2.469994418100376343e-01	-2.038686323422077007e-01	1.880774657069600453e-01	-6.573522764115943273e-01	9.999999999999988898e-01	-4.281528324107112260e-01	1.625134735225137739e-01
2.090640211471848919e-02	-1.871689930171503355e-02	1.846960023377924864e-02	-2.294493862747588181e-02	3.216225119610813254e-02	-2.495334332880708161e-02	2.579547249506879830e-02	-2.201605457570953231e-02	2.419601439387708205e-02	-2.993891781708964139e-02	6.874627476942418713e-02	-3.075758376905061292e-02	3.391181212946058759e-02	-6.580212133418966713e-02	3.893395846979065544e-02	-5.488840816556479763e-02	6.462478282190052548e-02	-6.997889861418037094e-02	5.424888299311424189e-02	-4.095948268233004508e-02	7.516153131990054026e-02	-8.259111257030317399e-02	6.548818207119910806e-02	-9.838980795660187684e-02	9.217976086949850045e-02	-8.447594453987597451e-02	1.548848012662583096e-01	-1.885154293432565464e-01	1.351900692532701787e-01	-1.064205110216187994e-01	1.164990354532648986e-01	-2.738914222269645538e-01	2.805204895949380828e-01	-5.798793781639876022e-01	2.916414827796957043e-01	-1.346679651846042214e-01	2.133658765596261331e-01	-4.281528324107112260e-01	9.999999999999988898e-01	-4.489855553403900856e-01
