1.000000000000000000e+00	-6.035102960610003731e-01	2.467205914894905761e-01	-2.679421750681849068e-01	1.150834948057099377e-01	-5.372125817696326022e-01	2.997244810871955156e-01	-2.729762632794692223e-01	1.571867117550030113e-01	-1.119828236313142183e-01	1.946908786037866157e-01	-2.049379838338735993e-01	1.873426277324188316e-01	-1.562773923356457484e-01	1.221770587265347541e-01	-1.356542956306961700e-01	1.878944451042848518e-01	-1.489739079475801975e-01	1.446521926423652848e-01	-1.299425187823315953e-01	1.595192368257039028e-01	-2.222394687896424859e-01	1.328488447390345217e-01	-1.301523997184485248e-01	1.167592796032225905e-01	-1.421466345014129884e-01	1.260304409055155728e-01	-1.189593699838119994e-01	1.277157196151970653e-01	-8.970725341369382988e-02	1.103140797880256541e-01	-1.001360239059610052e-01	1.350627774991990659e-01	-1.204268386761643550e-01	9.547334166898317764e-02	-6.839536934472204011e-02	7.577366639404665982e-02	-1.556815092514685084e-01	9.911405443544367422e-02	-1.168288148570567064e-01
-6.035102960610003731e-01	1.000000000000000000e+00	-5.027213247041955047e-01	2.069436969384851055e-01	-1.054307725147103220e-01	2.777967080170277714e-01	-3.957214685181815739e-01	2.770055793819269363e-01	-1.556470490848815835e-01	9.930710915184082221e-02	-1.689895350371404537e-01	1.940722829186807552e-01	-1.997211821685882238e-01	1.408191316247683622e-01	-1.136528261637207576e-01	1.083706847299478748e-01	-1.947347970789938820e-01	1.412437195274377222e-01	-1.391347187870788926e-01	1.159345302022603830e-01	-1.440699101137401517e-01	1.809201523492343366e-01	-1.260729224606268184e-01	1.182781599034954667e-01	-1.052812286309000589e-01	1.177054506896244301e-01	-1.122579204342278314e-01	1.066177841146008776e-01	-1.154487807990585979e-01	7.870002817121633798e-02	-9.780175010571154348e-02	8.729621424319779222e-02	-1.224098711585343835e-01	1.035575993321007360e-01	-8.362209139754236964e-02	5.883392321705310096e-02	-6.660185026057216517e-02	1.264691830495518476e-01	-8.450955332194523550e-02	9.746791156374817744e-02
2.467205914894905761e-01	-5.027213247041955047e-01	1.000000000000000000e+00	-2.448150238311986859e-01	1.156766576444639427e-01	-1.786248022858532014e-01	2.037514589939507514e-01	-7.181311895900358566e-01	1.972779267669804437e-01	-1.170074181821402493e-01	1.181534581826431812e-01	-1.475898206317785843e-01	2.018270924612121098e-01	-1.808397665538697685e-01	1.231593265757991301e-01	-7.881194717402800753e-02	1.374515205185414257e-01	-1.522002592963180578e-01	1.393796372899945291e-01	-1.253678936572879543e-01	1.071337293283235736e-01	-1.460119925924524276e-01	1.201043149542927180e-01	-1.189833138986617633e-01	1.014512880193064598e-01	-9.791339218644129483e-02	9.515419564946700492e-02	-1.003632326982760448e-01	1.083152129516604389e-01	-7.647935786903106714e-02	8.180524092479726783e-02	-7.551641400113102975e-02	1.107309494122318272e-01	-9.859445165448332826e-02	7.926626460028800281e-02	-5.067485787472092440e-02	5.690935609790493538e-02	-1.195022399058001950e-01	7.934580700676677201e-02	-9.346532931139775457e-02
-2.679421750681849068e-01	2.069436969384851055e-01	-2.448150238311986859e-01	1.000000000000000000e+00	-4.127458633097762508e-01	1.826614689324413399e-01	-2.000051581556552549e-01	2.385111100731787948e-01	-4.210901987032301119e-01	2.678516701775307540e-01	-1.960481551458353178e-01	1.742981995633240411e-01	-2.892633078959849224e-01	2.809759964461279735e-01	-2.854243094804099767e-01	1.237932040845856480e-01	-1.940917083152001454e-01	2.150904800969663244e-01	-2.799117874466816591e-01	2.380483822322449206e-01	-1.879563843454431227e-01	2.114066876818063434e-01	-2.294332826456015051e-01	2.119069367348471733e-01	-2.284715700930991800e-01	1.705559948407842363e-01	-1.828080226413224540e-01	1.888382603929798786e-01	-2.266361386062615280e-01	1.550414314012963646e-01	-1.605014133527275511e-01	1.429916385196369211e-01	-2.306195584282899058e-01	1.872846119542494192e-01	-1.655673658525127767e-01	9.592526879553395225e-02	-1.122336903305454492e-01	2.069252888836309867e-01	-1.555907128109255133e-01	1.721055064292711934e-01
1.150834948057099377e-01	-1.054307725147103220e-01	1.156766576444639427e-01	-4.127458633097762508e-01	1.000000000000000222e+00	-8.645074138166988775e-02	9.286692783250170835e-02	-1.386242284907376332e-01	2.369388637367058348e-01	-8.055960717057244480e-01	8.426789076977730941e-02	-8.512533313011824698e-02	1.386275034479265422e-01	-2.297102828303741462e-01	2.310688694512602892e-01	-5.536663132979236651e-02	8.955060732266471868e-02	-1.186958440176862084e-01	1.550119077320872008e-01	-2.154253328292073388e-01	8.203007539433045114e-02	-1.045766052430550097e-01	1.149831469517537674e-01	-1.225617231012898906e-01	1.245033125603940832e-01	-8.183470006775879491e-02	8.490064472377506499e-02	-9.629960352145985891e-02	1.132246275445370348e-01	-9.067795514036224025e-02	7.299059932744753065e-02	-6.814684821229027856e-02	1.089485339375224071e-01	-1.025254563957419818e-01	8.754735028200480440e-02	-4.575165417773566223e-02	5.201360426517033508e-02	-1.172564487354032792e-01	8.211995682672179608e-02	-9.955247756826279826e-02
-5.372125817696326022e-01	2.777967080170277714e-01	-1.786248022858532014e-01	1.826614689324413399e-01	-8.645074138166988775e-02	9.999999999999997780e-01	-6.166043827793235010e-01	1.811625040445353219e-01	-1.168029170748263595e-01	8.213421864792666560e-02	-3.282202735831872276e-01	2.375095017915056506e-01	-1.712065935599847710e-01	1.147066148542322389e-01	-9.499340287892635293e-02	1.707590231270408876e-01	-2.409205352242422549e-01	1.274531942395456807e-01	-1.210197044422132023e-01	1.009488423466188001e-01	-1.970516128781778786e-01	2.174654709814547726e-01	-1.151248852457344152e-01	1.078678602067533604e-01	-9.533280129970994610e-02	1.362476495133700949e-01	-1.199630020440237976e-01	1.022400023055427404e-01	-1.076531317305454843e-01	7.253417550977378503e-02	-1.063874823965293426e-01	9.226977994955025408e-02	-1.182398368475292838e-01	9.825308309133629070e-02	-7.784981709047390785e-02	6.245047769751498751e-02	-7.026324817838883185e-02	1.233135657394549833e-01	-8.047545781729112391e-02	9.262306962639806074e-02
2.997244810871955156e-01	-3.957214685181815739e-01	2.037514589939507514e-01	-2.000051581556552549e-01	9.286692783250170835e-02	-6.166043827793235010e-01	9.999999999999998890e-01	-2.431379161941677747e-01	1.302022455068516105e-01	-8.997115722882136069e-02	2.006253517120712426e-01	-4.535170083595890800e-01	1.907241503379901726e-01	-1.288854120065542064e-01	1.021881780273086598e-01	-1.376591789347816341e-01	2.575251732985675002e-01	-1.454370775138497107e-01	1.290703587950664533e-01	-1.096195206218437829e-01	1.611691618630984868e-01	-2.416819577690676457e-01	1.210886100905054774e-01	-1.158658910593974994e-01	9.890673135230597379e-02	-1.298502196970255929e-01	1.180328879408067133e-01	-1.062369045188834155e-01	1.109915895444622269e-01	-7.578542998042095413e-02	1.015058969484596008e-01	-9.162399646184142543e-02	1.195423236530953753e-01	-1.022583589490229372e-01	8.054287114227912103e-02	-6.118166868258764074e-02	6.828026886789216598e-02	-1.280980360765041626e-01	8.305175336184617008e-02	-9.664967556733883303e-02
-2.729762632794692223e-01	2.770055793819269363e-01	-7.181311895900358566e-01	2.385111100731787948e-01	-1.386242284907376332e-01	1.811625040445353219e-01	-2.431379161941677747e-01	1.000000000000000000e+00	-3.190977716813776510e-01	1.346407127410628179e-01	-1.327937468732069692e-01	1.635814131576708852e-01	-3.180735515859351992e-01	2.078397987994416996e-01	-1.491921294534268028e-01	8.658604868778664587e-02	-1.605669644780205185e-01	1.830235790875871793e-01	-1.727482956046650364e-01	1.434129518936276826e-01	-1.206522369200069417e-01	1.568478589466206219e-01	-1.458339190260985740e-01	1.379655633498742540e-01	-1.169904226181965323e-01	1.076791736230891805e-01	-1.077931532891571037e-01	1.151161868750714690e-01	-1.251331421453402148e-01	8.644513642112246210e-02	-9.216618922499066058e-02	8.484489398855318831e-02	-1.277511001898472831e-01	1.101826517160223590e-01	-8.952935499146283393e-02	5.638505922843289192e-02	-6.384614882081196541e-02	1.293863527474742314e-01	-8.818207365258776131e-02	1.026032238871603663e-01
1.571867117550030113e-01	-1.556470490848815835e-01	1.972779267669804437e-01	-4.210901987032301119e-01	2.369388637367058348e-01	-1.168029170748263595e-01	1.302022455068516105e-01	-3.190977716813776510e-01	9.999999999999992228e-01	-3.202042806846199241e-01	1.051974752278329317e-01	-1.142061093628057578e-01	1.932991770000046239e-01	-6.868778222981573034e-01	2.514640718513055928e-01	-6.920842403372572116e-02	1.166405052035252854e-01	-1.603195242162673839e-01	2.056524572632364711e-01	-2.211067811764572677e-01	1.010344469523082600e-01	-1.305588058929019468e-01	1.441957852945209284e-01	-1.553026746146296544e-01	1.395012971137900293e-01	-9.859742488689136886e-02	1.021031376833077819e-01	-1.166254517831253751e-01	1.340140746110144720e-01	-1.008563370815969973e-01	8.720317888143803986e-02	-8.157199954024237087e-02	1.296445499969363646e-01	-1.184329793161303379e-01	9.949587315654780106e-02	-5.422792081802274566e-02	6.161036448638646662e-02	-1.340566804183310201e-01	9.403929162953571230e-02	-1.119102808869669730e-01
-1.119828236313142183e-01	9.930710915184082221e-02	-1.170074181821402493e-01	2.678516701775307540e-01	-8.055960717057244480e-01	8.213421864792666560e-02	-8.997115722882136069e-02	1.346407127410628179e-01	-3.202042806846199241e-01	1.000000000000001332e+00	-8.062657011131396656e-02	8.138981427637977106e-02	-1.393642906928009018e-01	2.281581598428848723e-01	-3.354959774125330085e-01	5.260261204801220530e-02	-8.656179822992776662e-02	1.148768439008878289e-01	-1.602620232265221378e-01	2.049335455893837865e-01	-7.818943027475000473e-02	9.771592919769873931e-02	-1.129951111314680678e-01	1.170323294581988166e-01	-1.250493021559068441e-01	7.676543686179296277e-02	-8.087065954206977547e-02	9.193308688142641516e-02	-1.097300627733087952e-01	8.625963515580784002e-02	-6.924329783130214744e-02	6.451747268615869169e-02	-1.046616414886858831e-01	9.599713737159916438e-02	-8.391093869379656622e-02	4.295795467872928763e-02	-4.909409869399081194e-02	1.069029080700847067e-01	-7.686138895978800178e-02	9.170176696494136692e-02
1.946908786037866157e-01	-1.689895350371404537e-01	1.181534581826431812e-01	-1.960481551458353178e-01	8.426789076977730941e-02	-3.282202735831872276e-01	2.006253517120712426e-01	-1.327937468732069692e-01	1.051974752278329317e-01	-8.062657011131396656e-02	9.999999999999972244e-01	-2.000092271387278187e-01	1.453766837483477237e-01	-1.094136651537395977e-01	9.275216695303177550e-02	-6.922833081045270953e-01	1.910402229636130045e-01	-1.203737610071434067e-01	1.174576155536292549e-01	-1.021597541256126368e-01	3.141072552540401519e-01	-3.513592667462653862e-01	1.184442490824926947e-01	-1.128342954169645612e-01	1.015839739128365504e-01	-2.346723753741309648e-01	1.560445653795388132e-01	-1.164685168432161577e-01	1.177864187576055516e-01	-7.954019003566643875e-02	1.426445614297507380e-01	-1.239654057412247490e-01	1.350534459333357362e-01	-1.127298649722436458e-01	8.673984814935535581e-02	-8.465321590845933941e-02	9.085094129950990749e-02	-1.509792991600081846e-01	9.328009985124988135e-02	-1.079766737284364730e-01
-2.049379838338735993e-01	1.940722829186807552e-01	-1.475898206317785843e-01	1.742981995633240411e-01	-8.512533313011824698e-02	2.375095017915056506e-01	-4.535170083595890800e-01	1.635814131576708852e-01	-1.142061093628057578e-01	8.138981427637977106e-02	-2.000092271387278187e-01	9.999999999999972244e-01	-2.894128891732895004e-01	1.172266776646374020e-01	-9.837883323797506907e-02	1.298152582670372146e-01	-7.072983083011512573e-01	1.777068822022531136e-01	-1.405358088284719420e-01	1.080010639133829053e-01	-1.792554994934961732e-01	2.600641450294186030e-01	-1.351519476971138889e-01	1.230311762698353684e-01	-9.875059726359217138e-02	1.298509359182196121e-01	-1.285650926890727075e-01	1.121185885534316667e-01	-1.145232939554349377e-01	7.550130318209215263e-02	-1.076277848584595853e-01	9.577254484165959036e-02	-1.251255039779574640e-01	1.023698874457545094e-01	-8.018250385915733081e-02	6.290718763784572398e-02	-7.139671046352180639e-02	1.241487821353238208e-01	-8.209430023673008892e-02	9.431891219821667005e-02
1.873426277324188316e-01	-1.997211821685882238e-01	2.018270924612121098e-01	-2.892633078959849224e-01	1.386275034479265422e-01	-1.712065935599847710e-01	1.907241503379901726e-01	-3.180735515859351992e-01	1.932991770000046239e-01	-1.393642906928009018e-01	1.453766837483477237e-01	-2.894128891732895004e-01	9.999999999999955591e-01	-2.266038578483346166e-01	1.716029773056822472e-01	-9.985817463964936913e-02	2.151135938257392743e-01	-6.592609383612302310e-01	2.689691231480355049e-01	-2.074186945500351431e-01	1.420785639913790810e-01	-2.160390408349704416e-01	2.465566901436664349e-01	-2.464290579894152233e-01	1.562103422778884365e-01	-1.429793404689445047e-01	1.449469151834419656e-01	-1.886759576939969207e-01	1.805407502355269589e-01	-1.232790647704585657e-01	1.196973621988285247e-01	-1.171393282716983453e-01	1.792408576235546280e-01	-1.644198340894203747e-01	1.248604279945307455e-01	-7.590490631395399590e-02	8.420941689536307062e-02	-1.917660787931499966e-01	1.255326463187647068e-01	-1.499408086068833301e-01
-1.562773923356457484e-01	1.408191316247683622e-01	-1.808397665538697685e-01	2.809759964461279735e-01	-2.297102828303741462e-01	1.147066148542322389e-01	-1.288854120065542064e-01	2.078397987994416996e-01	-6.868778222981573034e-01	2.281581598428848723e-01	-1.094136651537395977e-01	1.172266776646374020e-01	-2.266038578483346166e-01	9.999999999999978906e-01	-4.285801827614258430e-01	7.159356668916243283e-02	-1.232286249637921383e-01	1.798519976228966366e-01	-3.007779141067835615e-01	2.553514841509670896e-01	-1.058263496457374914e-01	1.342234347177701237e-01	-1.694625834637847606e-01	1.775226792652293828e-01	-1.644301307596753303e-01	1.037949379241803194e-01	-1.103801564132288748e-01	1.295200904779983953e-01	-1.528162919569792944e-01	1.129991179932453571e-01	-9.330436555131153831e-02	8.784735086100713131e-02	-1.442400160370119755e-01	1.291778554193954709e-01	-1.110867879136134551e-01	5.767161939027946882e-02	-6.579869146255776235e-02	1.411590507206408884e-01	-1.019378884385467587e-01	1.200386197941464422e-01
1.221770587265347541e-01	-1.136528261637207576e-01	1.231593265757991301e-01	-2.854243094804099767e-01	2.310688694512602892e-01	-9.499340287892635293e-02	1.021881780273086598e-01	-1.491921294534268028e-01	2.514640718513055928e-01	-3.354959774125330085e-01	9.275216695303177550e-02	-9.837883323797506907e-02	1.716029773056822472e-01	-4.285801827614258430e-01	9.999999999999996669e-01	-6.168629785577964958e-02	1.026058831401660265e-01	-1.632598691084861109e-01	2.443791138752938463e-01	-6.866242519624656815e-01	9.139867709410910701e-02	-1.204775399443320932e-01	1.508031209439926745e-01	-1.767592386070786226e-01	1.894147211153765498e-01	-9.524140982738751871e-02	1.000144387331298318e-01	-1.227764832884543494e-01	1.461448576307193825e-01	-1.371704253014782993e-01	8.440714010423837343e-02	-8.099618483610432351e-02	1.326575167434648483e-01	-1.342533357777545566e-01	1.169178994137841099e-01	-5.364918876585401952e-02	6.054687234609013036e-02	-1.466701763519994983e-01	1.039172986360562545e-01	-1.323381233060499096e-01
-1.356542956306961700e-01	1.083706847299478748e-01	-7.881194717402800753e-02	1.237932040845856480e-01	-5.536663132979236651e-02	1.707590231270408876e-01	-1.376591789347816341e-01	8.658604868778664587e-02	-6.920842403372572116e-02	5.260261204801220530e-02	-6.922833081045270953e-01	1.298152582670372146e-01	-9.985817463964936913e-02	7.159356668916243283e-02	-6.168629785577964958e-02	9.999999999999963363e-01	-1.476131038872776913e-01	8.137810726853160481e-02	-7.983539943312857601e-02	6.761688757259429194e-02	-6.079889035598937674e-01	2.386484535431052101e-01	-8.209811223955366943e-02	7.643652343737621091e-02	-6.885220297912469922e-02	1.773675118837820253e-01	-1.200697735785205000e-01	8.140367731923567329e-02	-8.127185910880563302e-02	5.352697292332972423e-02	-1.152994611496317712e-01	9.125325147036748852e-02	-9.636941788449467083e-02	7.596473461978686670e-02	-5.856167769282734359e-02	6.225292866478919496e-02	-6.881197839281036344e-02	9.922897153222448585e-02	-6.264946382260519475e-02	7.135119446779210339e-02
1.878944451042848518e-01	-1.947347970789938820e-01	1.374515205185414257e-01	-1.940917083152001454e-01	8.955060732266471868e-02	-2.409205352242422549e-01	2.575251732985675002e-01	-1.605669644780205185e-01	1.166405052035252854e-01	-8.656179822992776662e-02	1.910402229636130045e-01	-7.072983083011512573e-01	2.151135938257392743e-01	-1.232286249637921383e-01	1.026058831401660265e-01	-1.476131038872776913e-01	9.999999999999950040e-01	-1.924751479136579124e-01	1.424942502837290570e-01	-1.151078892908824897e-01	1.939019448141413582e-01	-4.731626574153824927e-01	1.400573471635982170e-01	-1.318302860527375830e-01	1.049368722160295836e-01	-1.485339887380540402e-01	1.458875192743811777e-01	-1.224852223193963197e-01	1.221538226196860200e-01	-8.145500849297203361e-02	1.178703287706816816e-01	-1.093794300696254579e-01	1.343037037339240014e-01	-1.120267501829772111e-01	8.656269402101204880e-02	-7.004489438875327600e-02	7.829137083389051122e-02	-1.385565688793031769e-01	8.972863143619372317e-02	-1.039367506726161239e-01
-1.489739079475801975e-01	1.412437195274377222e-01	-1.522002592963180578e-01	2.150904800969663244e-01	-1.186958440176862084e-01	1.274531942395456807e-01	-1.454370775138497107e-01	1.830235790875871793e-01	-1.603195242162673839e-01	1.148768439008878289e-01	-1.203737610071434067e-01	1.777068822022531136e-01	-6.592609383612302310e-01	1.798519976228966366e-01	-1.632598691084861109e-01	8.137810726853160481e-02	-1.924751479136579124e-01	9.999999999999993339e-01	-4.494204037807273400e-01	1.905363424881254819e-01	-1.193283009503099540e-01	1.700570404975797756e-01	-4.062726550638658951e-01	2.697596007615746805e-01	-1.468859730688681087e-01	1.217892520962342018e-01	-1.344133309542857868e-01	1.918272769918984988e-01	-1.840045223108481565e-01	1.122292194207052396e-01	-1.063945935713661028e-01	1.065491152943296993e-01	-1.821107771431677291e-01	1.491150326792024250e-01	-1.135029125428823754e-01	6.623026253825173293e-02	-7.426326221401698124e-02	1.611598701084195340e-01	-1.108704636477902405e-01	1.285857086529527404e-01
1.446521926423652848e-01	-1.391347187870788926e-01	1.393796372899945291e-01	-2.799117874466816591e-01	1.550119077320872008e-01	-1.210197044422132023e-01	1.290703587950664533e-01	-1.727482956046650364e-01	2.056524572632364711e-01	-1.602620232265221378e-01	1.174576155536292549e-01	-1.405358088284719420e-01	2.689691231480355049e-01	-3.007779141067835615e-01	2.443791138752938463e-01	-7.983539943312857601e-02	1.424942502837290570e-01	-4.494204037807273400e-01	9.999999999999943379e-01	-4.097353329433963687e-01	1.179072775027871361e-01	-1.672928954689286707e-01	2.860994160131689612e-01	-5.338596920914542299e-01	1.913348209833371782e-01	-1.287164639089884710e-01	1.379139784645999622e-01	-1.994104314148525126e-01	2.159736286563471996e-01	-1.478410141851471404e-01	1.119660292275716368e-01	-1.124492853017617505e-01	1.878665622901942167e-01	-1.828853963652508074e-01	1.390512249389860844e-01	-7.152505029086091148e-02	7.976250106115075067e-02	-1.903765638302365726e-01	1.317349784530389700e-01	-1.589388895625268860e-01
-1.299425187823315953e-01	1.159345302022603830e-01	-1.253678936572879543e-01	2.380483822322449206e-01	-2.154253328292073388e-01	1.009488423466188001e-01	-1.096195206218437829e-01	1.434129518936276826e-01	-2.211067811764572677e-01	2.049335455893837865e-01	-1.021597541256126368e-01	1.080010639133829053e-01	-2.074186945500351431e-01	2.553514841509670896e-01	-6.866242519624656815e-01	6.761688757259429194e-02	-1.151078892908824897e-01	1.905363424881254819e-01	-4.097353329433963687e-01	9.999999999999934497e-01	-1.011180048404259346e-01	1.308520628787243623e-01	-1.871510479239817393e-01	2.080456644478834716e-01	-3.116647761409764295e-01	1.055199581474502157e-01	-1.141455383479648977e-01	1.434063092955268071e-01	-1.798135815139132732e-01	1.700390705963279736e-01	-9.516675571909868903e-02	9.186335648743082505e-02	-1.558655265706393456e-01	1.550564755251795102e-01	-1.453645099982538991e-01	5.993267475687226453e-02	-6.800745139927708016e-02	1.610862335063680262e-01	-1.195587068745047471e-01	1.497780339669426974e-01
1.595192368257039028e-01	-1.440699101137401517e-01	1.071337293283235736e-01	-1.879563843454431227e-01	8.203007539433045114e-02	-1.970516128781778786e-01	1.611691618630984868e-01	-1.206522369200069417e-01	1.010344469523082600e-01	-7.818943027475000473e-02	3.141072552540401519e-01	-1.792554994934961732e-01	1.420785639913790810e-01	-1.058263496457374914e-01	9.139867709410910701e-02	-6.079889035598937674e-01	1.939019448141413582e-01	-1.193283009503099540e-01	1.179072775027871361e-01	-1.011180048404259346e-01	9.999999999999940048e-01	-4.782663179847224111e-01	1.236415956446602626e-01	-1.156473866596073735e-01	1.038868879373004012e-01	-3.652079659650211418e-01	1.934126961636360442e-01	-1.264032324094105098e-01	1.236251206273179526e-01	-8.150423978476091513e-02	1.842524243336682854e-01	-1.496090023019914783e-01	1.480690144190802693e-01	-1.171877881391697324e-01	8.939439508931486256e-02	-1.009509547503401883e-01	1.087330770869030516e-01	-1.553672152103063031e-01	9.658176463378509435e-02	-1.102966069937796056e-01
-2.222394687896424859e-01	1.809201523492343366e-01	-1.460119925924524276e-01	2.114066876818063434e-01	-1.045766052430550097e-01	2.174654709814547726e-01	-2.416819577690676457e-01	1.568478589466206219e-01	-1.305588058929019468e-01	9.771592919769873931e-02	-3.513592667462653862e-01	2.600641450294186030e-01	-2.160390408349704416e-01	1.342234347177701237e-01	-1.204775399443320932e-01	2.386484535431052101e-01	-4.731626574153824927e-01	1.700570404975797756e-01	-1.672928954689286707e-01	1.308520628787243623e-01	-4.782663179847224111e-01	9.999999999999986677e-01	-1.867196412824375928e-01	1.580192171905809295e-01	-1.385679437809219372e-01	2.520726285761595298e-01	-3.107763955137518574e-01	1.729681885845121003e-01	-1.696440620792655785e-01	1.056516759690850349e-01	-2.195375915161292546e-01	1.899540238581794993e-01	-2.068753634665340957e-01	1.486484435725315689e-01	-1.157982856304926311e-01	1.185256093875457495e-01	-1.380343261590867843e-01	1.808241204179884265e-01	-1.209709517959516034e-01	1.337259706592308917e-01
1.328488447390345217e-01	-1.260729224606268184e-01	1.201043149542927180e-01	-2.294332826456015051e-01	1.149831469517537674e-01	-1.151248852457344152e-01	1.210886100905054774e-01	-1.458339190260985740e-01	1.441957852945209284e-01	-1.129951111314680678e-01	1.184442490824926947e-01	-1.351519476971138889e-01	2.465566901436664349e-01	-1.694625834637847606e-01	1.508031209439926745e-01	-8.209811223955366943e-02	1.400573471635982170e-01	-4.062726550638658951e-01	2.860994160131689612e-01	-1.871510479239817393e-01	1.236415956446602626e-01	-1.867196412824375928e-01	9.999999999999945599e-01	-5.961475910315023885e-01	1.689262644391154866e-01	-1.504940966834336924e-01	1.743601552998981508e-01	-4.625145293751085074e-01	2.598336038700137518e-01	-1.409381593926287979e-01	1.295625102474936841e-01	-1.443509112991234467e-01	2.538338169732892724e-01	-2.092568780992618005e-01	1.423852316207420143e-01	-8.325572621108637272e-02	9.141111870341352141e-02	-2.139045012002931678e-01	1.428891819942703090e-01	-1.648464994960618935e-01
-1.301523997184485248e-01	1.182781599034954667e-01	-1.189833138986617633e-01	2.119069367348471733e-01	-1.225617231012898906e-01	1.078678602067533604e-01	-1.158658910593974994e-01	1.379655633498742540e-01	-1.553026746146296544e-01	1.170323294581988166e-01	-1.128342954169645612e-01	1.230311762698353684e-01	-2.464290579894152233e-01	1.775226792652293828e-01	-1.767592386070786226e-01	7.643652343737621091e-02	-1.318302860527375830e-01	2.697596007615746805e-01	-5.338596920914542299e-01	2.080456644478834716e-01	-1.156473866596073735e-01	1.580192171905809295e-01	-5.961475910315023885e-01	1.000000000000001776e+00	-1.977360066305111908e-01	1.332242910799147917e-01	-1.584405117342593539e-01	2.577350073417486453e-01	-3.553816028597695520e-01	1.517496179285216795e-01	-1.208718779881976235e-01	1.265179458316285366e-01	-2.418128309244285679e-01	2.065644617434772290e-01	-1.510131875994897011e-01	7.568459462296994733e-02	-8.510630978694236348e-02	1.920347265186530539e-01	-1.417226263106844963e-01	1.590821505821662374e-01
1.167592796032225905e-01	-1.052812286309000589e-01	1.014512880193064598e-01	-2.284715700930991800e-01	1.245033125603940832e-01	-9.533280129970994610e-02	9.890673135230597379e-02	-1.169904226181965323e-01	1.395012971137900293e-01	-1.250493021559068441e-01	1.015839739128365504e-01	-9.875059726359217138e-02	1.562103422778884365e-01	-1.644301307596753303e-01	1.894147211153765498e-01	-6.885220297912469922e-02	1.049368722160295836e-01	-1.468859730688681087e-01	1.913348209833371782e-01	-3.116647761409764295e-01	1.038868879373004012e-01	-1.385679437809219372e-01	1.689262644391154866e-01	-1.977360066305111908e-01	9.999999999999986677e-01	-1.240859145890286508e-01	1.307607506675659836e-01	-1.764365350425946000e-01	2.486402744887850624e-01	-6.843571061727103944e-01	1.102602282886120250e-01	-1.100144665083720441e-01	1.877419060665893868e-01	-2.839135014364065901e-01	2.949376070694005314e-01	-7.474314611232746319e-02	8.327232008595236712e-02	-2.747839234510995321e-01	2.059232878435117986e-01	-3.326046055553435465e-01
-1.421466345014129884e-01	1.177054506896244301e-01	-9.791339218644129483e-02	1.705559948407842363e-01	-8.183470006775879491e-02	1.362476495133700949e-01	-1.298502196970255929e-01	1.076791736230891805e-01	-9.859742488689136886e-02	7.676543686179296277e-02	-2.346723753741309648e-01	1.298509359182196121e-01	-1.429793404689445047e-01	1.037949379241803194e-01	-9.524140982738751871e-02	1.773675118837820253e-01	-1.485339887380540402e-01	1.217892520962342018e-01	-1.287164639089884710e-01	1.055199581474502157e-01	-3.652079659650211418e-01	2.520726285761595298e-01	-1.504940966834336924e-01	1.332242910799147917e-01	-1.240859145890286508e-01	9.999999999999982236e-01	-4.619074572789693689e-01	1.827473382698329984e-01	-1.628623934548720231e-01	9.700919789397050019e-02	-5.994018727963349447e-01	2.971712468971136056e-01	-2.357179223989948058e-01	1.455101541412182342e-01	-1.089209594897395661e-01	2.048349254475860803e-01	-2.407985566681358769e-01	1.823147366120362600e-01	-1.193198498110862871e-01	1.270421282952735043e-01
1.260304409055155728e-01	-1.122579204342278314e-01	9.515419564946700492e-02	-1.828080226413224540e-01	8.490064472377506499e-02	-1.199630020440237976e-01	1.180328879408067133e-01	-1.077931532891571037e-01	1.021031376833077819e-01	-8.087065954206977547e-02	1.560445653795388132e-01	-1.285650926890727075e-01	1.449469151834419656e-01	-1.103801564132288748e-01	1.000144387331298318e-01	-1.200697735785205000e-01	1.458875192743811777e-01	-1.344133309542857868e-01	1.379139784645999622e-01	-1.141455383479648977e-01	1.934126961636360442e-01	-3.107763955137518574e-01	1.743601552998981508e-01	-1.584405117342593539e-01	1.307607506675659836e-01	-4.619074572789693689e-01	9.999999999999996669e-01	-3.040335858572356109e-01	1.848723485837504565e-01	-1.082622523336321946e-01	3.035731927559063292e-01	-6.345729666709566397e-01	2.707697357781030933e-01	-1.750371578764895741e-01	1.194774232587948043e-01	-1.871717247945473284e-01	1.895845764543593603e-01	-2.128964305999604401e-01	1.315911372796468304e-01	-1.450655960227844044e-01
-1.189593699838119994e-01	1.066177841146008776e-01	-1.003632326982760448e-01	1.888382603929798786e-01	-9.629960352145985891e-02	1.022400023055427404e-01	-1.062369045188834155e-01	1.151161868750714690e-01	-1.166254517831253751e-01	9.193308688142641516e-02	-1.164685168432161577e-01	1.121185885534316667e-01	-1.886759576939969207e-01	1.295200904779983953e-01	-1.227764832884543494e-01	8.140367731923567329e-02	-1.224852223193963197e-01	1.918272769918984988e-01	-1.994104314148525126e-01	1.434063092955268071e-01	-1.264032324094105098e-01	1.729681885845121003e-01	-4.625145293751085074e-01	2.577350073417486453e-01	-1.764365350425946000e-01	1.827473382698329984e-01	-3.040335858572356109e-01	9.999999999999957812e-01	-4.294440711141437883e-01	1.516034423852537782e-01	-1.704579589148040863e-01	2.135505542098152243e-01	-5.954981680690064616e-01	2.437275314723201802e-01	-1.603881231163060694e-01	1.038811008466491714e-01	-1.156086631289784949e-01	2.306145422019753588e-01	-1.629420182257684813e-01	1.721791012448898595e-01
1.277157196151970653e-01	-1.154487807990585979e-01	1.083152129516604389e-01	-2.266361386062615280e-01	1.132246275445370348e-01	-1.076531317305454843e-01	1.109915895444622269e-01	-1.251331421453402148e-01	1.340140746110144720e-01	-1.097300627733087952e-01	1.177864187576055516e-01	-1.145232939554349377e-01	1.805407502355269589e-01	-1.528162919569792944e-01	1.461448576307193825e-01	-8.127185910880563302e-02	1.221538226196860200e-01	-1.840045223108481565e-01	2.159736286563471996e-01	-1.798135815139132732e-01	1.236251206273179526e-01	-1.696440620792655785e-01	2.598336038700137518e-01	-3.553816028597695520e-01	2.486402744887850624e-01	-1.628623934548720231e-01	1.848723485837504565e-01	-4.294440711141437883e-01	9.999999999999978906e-01	-3.059333616344834805e-01	1.431177432556390017e-01	-1.580550337525271909e-01	2.850925288791378853e-01	-5.671379252629639156e-01	2.563011506202690915e-01	-9.546961469266788958e-02	1.050393888835942091e-01	-3.081193300957569825e-01	2.340313620447671550e-01	-2.683360119034897129e-01
-8.970725341369382988e-02	7.870002817121633798e-02	-7.647935786903106714e-02	1.550414314012963646e-01	-9.067795514036224025e-02	7.253417550977378503e-02	-7.578542998042095413e-02	8.644513642112246210e-02	-1.008563370815969973e-01	8.625963515580784002e-02	-7.954019003566643875e-02	7.550130318209215263e-02	-1.232790647704585657e-01	1.129991179932453571e-01	-1.371704253014782993e-01	5.352697292332972423e-02	-8.145500849297203361e-02	1.122292194207052396e-01	-1.478410141851471404e-01	1.700390705963279736e-01	-8.150423978476091513e-02	1.056516759690850349e-01	-1.409381593926287979e-01	1.517496179285216795e-01	-6.843571061727103944e-01	9.700919789397050019e-02	-1.082622523336321946e-01	1.516034423852537782e-01	-3.059333616344834805e-01	9.999999999999997780e-01	-8.917027516132262910e-02	8.974863835181709493e-02	-1.645739935436925927e-01	2.523036915223797472e-01	-5.398937708406701397e-01	5.862714294227913681e-02	-6.628379522722013806e-02	1.974317086967709300e-01	-1.814635053804042331e-01	2.577713004780521899e-01
1.103140797880256541e-01	-9.780175010571154348e-02	8.180524092479726783e-02	-1.605014133527275511e-01	7.299059932744753065e-02	-1.063874823965293426e-01	1.015058969484596008e-01	-9.216618922499066058e-02	8.720317888143803986e-02	-6.924329783130214744e-02	1.426445614297507380e-01	-1.076277848584595853e-01	1.196973621988285247e-01	-9.330436555131153831e-02	8.440714010423837343e-02	-1.152994611496317712e-01	1.178703287706816816e-01	-1.063945935713661028e-01	1.119660292275716368e-01	-9.516675571909868903e-02	1.842524243336682854e-01	-2.195375915161292546e-01	1.295625102474936841e-01	-1.208718779881976235e-01	1.102602282886120250e-01	-5.994018727963349447e-01	3.035731927559063292e-01	-1.704579589148040863e-01	1.431177432556390017e-01	-8.917027516132262910e-02	9.999999999999962252e-01	-5.188332143749510017e-01	2.133855247901280672e-01	-1.412327391279203370e-01	1.005132288432706439e-01	-3.725019934108162456e-01	2.623509955161469898e-01	-1.913631451531558891e-01	1.144421078291607274e-01	-1.245986013695362798e-01
-1.001360239059610052e-01	8.729621424319779222e-02	-7.551641400113102975e-02	1.429916385196369211e-01	-6.814684821229027856e-02	9.226977994955025408e-02	-9.162399646184142543e-02	8.484489398855318831e-02	-8.157199954024237087e-02	6.451747268615869169e-02	-1.239654057412247490e-01	9.577254484165959036e-02	-1.171393282716983453e-01	8.784735086100713131e-02	-8.099618483610432351e-02	9.125325147036748852e-02	-1.093794300696254579e-01	1.065491152943296993e-01	-1.124492853017617505e-01	9.186335648743082505e-02	-1.496090023019914783e-01	1.899540238581794993e-01	-1.443509112991234467e-01	1.265179458316285366e-01	-1.100144665083720441e-01	2.971712468971136056e-01	-6.345729666709566397e-01	2.135505542098152243e-01	-1.580550337525271909e-01	8.974863835181709493e-02	-5.188332143749510017e-01	9.999999999999974465e-01	-3.561605335933013539e-01	1.464981685719446147e-01	-1.010858166439524558e-01	2.169995576147653871e-01	-2.780724327423350628e-01	1.798014555363320610e-01	-1.132989888581319993e-01	1.195310854638967357e-01
1.350627774991990659e-01	-1.224098711585343835e-01	1.107309494122318272e-01	-2.306195584282899058e-01	1.089485339375224071e-01	-1.182398368475292838e-01	1.195423236530953753e-01	-1.277511001898472831e-01	1.296445499969363646e-01	-1.046616414886858831e-01	1.350534459333357362e-01	-1.251255039779574640e-01	1.792408576235546280e-01	-1.442400160370119755e-01	1.326575167434648483e-01	-9.636941788449467083e-02	1.343037037339240014e-01	-1.821107771431677291e-01	1.878665622901942167e-01	-1.558655265706393456e-01	1.480690144190802693e-01	-2.068753634665340957e-01	2.538338169732892724e-01	-2.418128309244285679e-01	1.877419060665893868e-01	-2.357179223989948058e-01	2.707697357781030933e-01	-5.954981680690064616e-01	2.850925288791378853e-01	-1.645739935436925927e-01	2.133855247901280672e-01	-3.561605335933013539e-01	9.999999999999978906e-01	-3.278609691627880074e-01	1.855087861325494525e-01	-1.425213307834132803e-01	1.507167369566871917e-01	-3.747196920002422993e-01	2.115460452390364732e-01	-2.265812495123516457e-01
-1.204268386761643550e-01	1.035575993321007360e-01	-9.859445165448332826e-02	1.872846119542494192e-01	-1.025254563957419818e-01	9.825308309133629070e-02	-1.022583589490229372e-01	1.101826517160223590e-01	-1.184329793161303379e-01	9.599713737159916438e-02	-1.127298649722436458e-01	1.023698874457545094e-01	-1.644198340894203747e-01	1.291778554193954709e-01	-1.342533357777545566e-01	7.596473461978686670e-02	-1.120267501829772111e-01	1.491150326792024250e-01	-1.828853963652508074e-01	1.550564755251795102e-01	-1.171877881391697324e-01	1.486484435725315689e-01	-2.092568780992618005e-01	2.065644617434772290e-01	-2.839135014364065901e-01	1.455101541412182342e-01	-1.750371578764895741e-01	2.437275314723201802e-01	-5.671379252629639156e-01	2.523036915223797472e-01	-1.412327391279203370e-01	1.464981685719446147e-01	-3.278609691627880074e-01	9.999999999999965583e-01	-4.468948861580992471e-01	9.018763598467963161e-02	-1.037884369600084733e-01	2.883275214897341732e-01	-4.046535642338660588e-01	2.967904479366528236e-01
9.547334166898317764e-02	-8.362209139754236964e-02	7.926626460028800281e-02	-1.655673658525127767e-01	8.754735028200480440e-02	-7.784981709047390785e-02	8.054287114227912103e-02	-8.952935499146283393e-02	9.949587315654780106e-02	-8.391093869379656622e-02	8.673984814935535581e-02	-8.018250385915733081e-02	1.248604279945307455e-01	-1.110867879136134551e-01	1.169178994137841099e-01	-5.856167769282734359e-02	8.656269402101204880e-02	-1.135029125428823754e-01	1.390512249389860844e-01	-1.453645099982538991e-01	8.939439508931486256e-02	-1.157982856304926311e-01	1.423852316207420143e-01	-1.510131875994897011e-01	2.949376070694005314e-01	-1.089209594897395661e-01	1.194774232587948043e-01	-1.603881231163060694e-01	2.563011506202690915e-01	-5.398937708406701397e-01	1.005132288432706439e-01	-1.010858166439524558e-01	1.855087861325494525e-01	-4.468948861580992471e-01	9.999999999999970024e-01	-6.784816786577778369e-02	7.666998740082338337e-02	-2.644764285074298060e-01	2.603453564449534352e-01	-5.564933638387410397e-01
-6.839536934472204011e-02	5.883392321705310096e-02	-5.067485787472092440e-02	9.592526879553395225e-02	-4.575165417773566223e-02	6.245047769751498751e-02	-6.118166868258764074e-02	5.638505922843289192e-02	-5.422792081802274566e-02	4.295795467872928763e-02	-8.465321590845933941e-02	6.290718763784572398e-02	-7.590490631395399590e-02	5.767161939027946882e-02	-5.364918876585401952e-02	6.225292866478919496e-02	-7.004489438875327600e-02	6.623026253825173293e-02	-7.152505029086091148e-02	5.993267475687226453e-02	-1.009509547503401883e-01	1.185256093875457495e-01	-8.325572621108637272e-02	7.568459462296994733e-02	-7.474314611232746319e-02	2.048349254475860803e-01	-1.871717247945473284e-01	1.038811008466491714e-01	-9.546961469266788958e-02	5.862714294227913681e-02	-3.725019934108162456e-01	2.169995576147653871e-01	-1.425213307834132803e-01	9.018763598467963161e-02	-6.784816786577778369e-02	9.999999999999966693e-01	-8.660270596330073012e-01	1.347040540187864344e-01	-8.349480520146815299e-02	8.100128423123695298e-02
7.577366639404665982e-02	-6.660185026057216517e-02	5.690935609790493538e-02	-1.122336903305454492e-01	5.201360426517033508e-02	-7.026324817838883185e-02	6.828026886789216598e-02	-6.384614882081196541e-02	6.161036448638646662e-02	-4.909409869399081194e-02	9.085094129950990749e-02	-7.139671046352180639e-02	8.420941689536307062e-02	-6.579869146255776235e-02	6.054687234609013036e-02	-6.881197839281036344e-02	7.829137083389051122e-02	-7.426326221401698124e-02	7.976250106115075067e-02	-6.800745139927708016e-02	1.087330770869030516e-01	-1.380343261590867843e-01	9.141111870341352141e-02	-8.510630978694236348e-02	8.327232008595236712e-02	-2.407985566681358769e-01	1.895845764543593603e-01	-1.156086631289784949e-01	1.050393888835942091e-01	-6.628379522722013806e-02	2.623509955161469898e-01	-2.780724327423350628e-01	1.507167369566871917e-01	-1.037884369600084733e-01	7.666998740082338337e-02	-8.660270596330073012e-01	9.999999999999974465e-01	-1.727001556746826649e-01	9.583197711806784591e-02	-9.512166182439316109e-02
-1.556815092514685084e-01	1.264691830495518476e-01	-1.195022399058001950e-01	2.069252888836309867e-01	-1.172564487354032792e-01	1.233135657394549833e-01	-1.280980360765041626e-01	1.293863527474742314e-01	-1.340566804183310201e-01	1.069029080700847067e-01	-1.509792991600081846e-01	1.241487821353238208e-01	-1.917660787931499966e-01	1.411590507206408884e-01	-1.466701763519994983e-01	9.922897153222448585e-02	-1.385565688793031769e-01	1.611598701084195340e-01	-1.903765638302365726e-01	1.610862335063680262e-01	-1.553672152103063031e-01	1.808241204179884265e-01	-2.139045012002931678e-01	1.920347265186530539e-01	-2.747839234510995321e-01	1.823147366120362600e-01	-2.128964305999604401e-01	2.306145422019753588e-01	-3.081193300957569825e-01	1.974317086967709300e-01	-1.913631451531558891e-01	1.798014555363320610e-01	-3.747196920002422993e-01	2.883275214897341732e-01	-2.644764285074298060e-01	1.347040540187864344e-01	-1.727001556746826649e-01	9.999999999999975575e-01	-6.183968294181285685e-01	2.938381940596781483e-01
9.911405443544367422e-02	-8.450955332194523550e-02	7.934580700676677201e-02	-1.555907128109255133e-01	8.211995682672179608e-02	-8.047545781729112391e-02	8.305175336184617008e-02	-8.818207365258776131e-02	9.403929162953571230e-02	-7.686138895978800178e-02	9.328009985124988135e-02	-8.209430023673008892e-02	1.255326463187647068e-01	-1.019378884385467587e-01	1.039172986360562545e-01	-6.264946382260519475e-02	8.972863143619372317e-02	-1.108704636477902405e-01	1.317349784530389700e-01	-1.195587068745047471e-01	9.658176463378509435e-02	-1.209709517959516034e-01	1.428891819942703090e-01	-1.417226263106844963e-01	2.059232878435117986e-01	-1.193198498110862871e-01	1.315911372796468304e-01	-1.629420182257684813e-01	2.340313620447671550e-01	-1.814635053804042331e-01	1.144421078291607274e-01	-1.132989888581319993e-01	2.115460452390364732e-01	-4.046535642338660588e-01	2.603453564449534352e-01	-8.349480520146815299e-02	9.583197711806784591e-02	-6.183968294181285685e-01	9.999999999999976685e-01	-5.660535762296460272e-01
