1.000000000000000000e+00	-9.216520717244659489e-01	1.323793397594234811e-01	-9.459401809244742665e-02	9.491191300138222819e-02	-1.926192055033776329e-01	2.075576823315328223e-01	-1.379637715966693379e-01	1.095211124240387801e-01	-8.743783141084647548e-02	1.037988636173040602e-01	-1.474615710927293100e-01	1.083923540385192674e-01	-7.427488688343486523e-02	6.467607838914404828e-02	-1.242842361814455038e-01	7.551780873644559078e-02	-8.235182493027382034e-02	6.087634691110267726e-02	-6.301293724337624080e-02	7.000711730024976320e-02	-7.206909947855991150e-02	5.247135902001310442e-02	-4.066180939279596257e-02	3.776925036315506579e-02	-7.563857265762422011e-02	5.659278797430233876e-02	-4.630458517976187433e-02	4.414212131424585100e-02	-4.621644453019036619e-02	7.151692289942888914e-02	-5.572281469774526680e-02	4.624420893427712981e-02	-4.492587481115958153e-02	3.598519198247563528e-02	-6.661034671997978496e-02	4.918773023966573066e-02	-4.686714356400005499e-02	3.845289029084732885e-02	-3.933201916063946979e-02
-9.216520717244659489e-01	9.999999999999997780e-01	-1.437190510264727550e-01	9.252779402256970653e-02	-9.302856655874315595e-02	1.531037732826571185e-01	-2.685034589142268890e-01	1.346578933364815933e-01	-1.103091999920511046e-01	8.169957964541339768e-02	-9.097978303396636601e-02	1.345551790368701428e-01	-1.062286872849264319e-01	6.996290557663291387e-02	-6.155157672299473026e-02	1.020979440196580212e-01	-6.878874901929275809e-02	7.336056667676701948e-02	-5.724999513147524532e-02	5.808545228855037379e-02	-6.000193305517904918e-02	6.200140338048477223e-02	-4.626055339966358287e-02	3.590310907060397655e-02	-3.353223173137676733e-02	6.341860922312024529e-02	-4.927957036971911814e-02	4.032660485807346845e-02	-3.860929911920035762e-02	4.010982822569084116e-02	-6.232300840783146223e-02	4.793164894585376368e-02	-4.016069617592823993e-02	3.886631099637942455e-02	-3.132277964800028736e-02	5.655829059719111318e-02	-4.252240827398197365e-02	4.027986807211462322e-02	-3.334531897104427850e-02	3.392218864685289659e-02
1.323793397594234811e-01	-1.437190510264727550e-01	9.999999999999997780e-01	-6.290038223012321961e-01	2.800559969080270717e-01	-2.493589102096090138e-01	2.526538395394509751e-01	-4.276217630570979811e-01	3.117568363897781358e-01	-2.755186466629196973e-01	1.464514218376848087e-01	-2.593087972970723465e-01	2.229255591938096859e-01	-2.016213891790163137e-01	1.709705614428784770e-01	-2.074418147222086839e-01	1.440334310556637132e-01	-1.677112198521170661e-01	1.495973482537623633e-01	-1.656391579829454841e-01	1.203727529869330348e-01	-1.401137447515307943e-01	1.023034463331008864e-01	-8.653264879841687796e-02	8.005949934775208332e-02	-1.361352763702922131e-01	1.077722243267202895e-01	-9.106588086107741953e-02	8.857668155086489969e-02	-9.476239711399001009e-02	1.313775513563390784e-01	-1.082550705209781999e-01	9.037411357748591223e-02	-8.962223714004829977e-02	7.228809272804374852e-02	-1.297791589063981565e-01	9.519193497540115456e-02	-9.286288036067466556e-02	7.614397562161490107e-02	-7.921072832233870542e-02
-9.459401809244742665e-02	9.252779402256970653e-02	-6.290038223012321961e-01	1.000000000000000222e+00	-4.876306218189321307e-01	1.580093798433903907e-01	-1.921503819004592717e-01	2.487460961129240034e-01	-4.836960350526193220e-01	2.648604655162565269e-01	-9.676976032519367388e-02	1.739035690476115614e-01	-1.682283752272509814e-01	1.905429083889572384e-01	-1.721557675896754069e-01	1.321967106128968950e-01	-1.028376376869596237e-01	1.148101476652124003e-01	-1.398962518609578043e-01	1.448042637743859051e-01	-7.979576591099141192e-02	9.422481607018950989e-02	-7.281550313574980393e-02	6.513285452149736310e-02	-6.105132056874191387e-02	8.874557938539169577e-02	-7.391111099012497021e-02	6.353523354306417348e-02	-6.324899510646783685e-02	6.708763240804310746e-02	-8.970474892886894092e-02	7.344675751183639412e-02	-6.262157527274672675e-02	6.223436158732068013e-02	-5.102608887901297074e-02	8.615749478479178824e-02	-6.505638036630445598e-02	6.335018971792540088e-02	-5.291645156898983765e-02	5.479435169590390897e-02
9.491191300138222819e-02	-9.302856655874315595e-02	2.800559969080270717e-01	-4.876306218189321307e-01	9.999999999999997780e-01	-1.988713059800720773e-01	1.891819035441626162e-01	-2.184172271325190706e-01	2.932707655713897577e-01	-6.402321305510112470e-01	1.204619749801680156e-01	-1.940912915519217574e-01	1.709051035119120709e-01	-2.565819166661070239e-01	2.455244323554251484e-01	-1.729047026349769534e-01	1.222080954518367235e-01	-1.381297555269184740e-01	1.821967420383282521e-01	-2.250519182422956177e-01	1.037626815625855986e-01	-1.238230562264200918e-01	9.607356424691733399e-02	-8.954321388846721297e-02	8.362588410035955155e-02	-1.176368907107284978e-01	9.650648349653441482e-02	-8.480316569511567315e-02	8.537986695051506814e-02	-9.222715119430369146e-02	1.182460202554782847e-01	-9.861491162416431699e-02	8.396687336700717208e-02	-8.446513626526082341e-02	6.934266298577962395e-02	-1.172835144511354261e-01	8.731670371411986986e-02	-8.619381821661616094e-02	7.161082474525683195e-02	-7.501819433171122431e-02
-1.926192055033776329e-01	1.531037732826571185e-01	-2.493589102096090138e-01	1.580093798433903907e-01	-1.988713059800720773e-01	9.999999999999997780e-01	-3.972640382089792088e-01	2.069062311587691605e-01	-2.155070205743060963e-01	1.470232628688837029e-01	-6.580321103236289604e-01	2.029063182057822545e-01	-1.902271658683433453e-01	1.290780116268571420e-01	-1.206114645574739574e-01	2.972584355468543826e-01	-1.594031725935353139e-01	1.460982087672901275e-01	-1.152448157895283876e-01	1.095955795873842231e-01	-1.930002411604226364e-01	1.383691948947633199e-01	-1.114203278594793484e-01	7.811320874788836577e-02	-7.429922683094607183e-02	1.615280137906452695e-01	-1.194478175575653389e-01	9.345347078034076105e-02	-8.879632842177141716e-02	8.769053398306361768e-02	-1.721762028833581093e-01	1.113418802502255112e-01	-9.470447730867954939e-02	8.769596556159332812e-02	-7.113344219078324149e-02	1.268679398383719403e-01	-1.012686367933599563e-01	9.034611133354648882e-02	-7.678518146235487063e-02	7.478558733878035159e-02
2.075576823315328223e-01	-2.685034589142268890e-01	2.526538395394509751e-01	-1.921503819004592717e-01	1.891819035441626162e-01	-3.972640382089792088e-01	9.999999999999994449e-01	-5.086960803716461532e-01	2.459392209607264845e-01	-1.818857084788083889e-01	1.977370368193386851e-01	-4.865869326564317698e-01	2.897946548037709791e-01	-1.653532915903812017e-01	1.374269654666602780e-01	-2.366807603682863359e-01	1.629435912402496522e-01	-1.831481507335563363e-01	1.280575575312591086e-01	-1.312236417639734420e-01	1.324113369993574207e-01	-1.409454270699912748e-01	1.017469201879839108e-01	-7.948032985084188540e-02	7.383751170978000711e-02	-1.427851662265510746e-01	1.101723236542419826e-01	-8.936436897805036250e-02	8.487266818266782364e-02	-8.848396998345942066e-02	1.349794640764249154e-01	-1.061075994289131380e-01	8.832749002862509691e-02	-8.571230638908321209e-02	6.874379235922556397e-02	-1.250215482993962124e-01	9.332041511477318085e-02	-8.878537776421921435e-02	7.318310906106842428e-02	-7.470893036931190723e-02
-1.379637715966693379e-01	1.346578933364815933e-01	-4.276217630570979811e-01	2.487460961129240034e-01	-2.184172271325190706e-01	2.069062311587691605e-01	-5.086960803716461532e-01	1.000000000000000666e+00	-4.549781649165478559e-01	1.990938212559875409e-01	-1.300698601902529339e-01	3.034233319191140255e-01	-4.587125250921067487e-01	1.901994400155805898e-01	-1.574605444111089048e-01	1.592778877765902712e-01	-1.549325832435342609e-01	1.701788015950431165e-01	-1.399308445993332484e-01	1.361697217313452557e-01	-9.726891347738948757e-02	1.137084679831483064e-01	-8.552075923451354922e-02	6.997454045435186343e-02	-6.557384606928558235e-02	1.042080530384640186e-01	-8.993081861210894257e-02	7.363843675482843742e-02	-7.104690993034663837e-02	7.364995524727503684e-02	-1.059641595262233171e-01	8.449374628073287596e-02	-7.185012498329408637e-02	6.993524720496642477e-02	-5.691144877060656110e-02	9.695522507972599568e-02	-7.468729952302519126e-02	7.118043880264440793e-02	-5.966737136972894567e-02	6.080768804825811835e-02
1.095211124240387801e-01	-1.103091999920511046e-01	3.117568363897781358e-01	-4.836960350526193220e-01	2.932707655713897577e-01	-2.155070205743060963e-01	2.459392209607264845e-01	-4.549781649165478559e-01	1.000000000000000000e+00	-3.812405888148476252e-01	1.291776117223352172e-01	-2.511875752810546758e-01	2.315652784041579981e-01	-3.854011472128571203e-01	2.428659565617493077e-01	-1.787814619238874136e-01	1.381122038357311121e-01	-1.605034442069827316e-01	2.007826467411749916e-01	-2.144253885691545514e-01	1.064722469622993856e-01	-1.268418343809793181e-01	9.703799444729864498e-02	-8.972306194339209340e-02	8.330980802215673386e-02	-1.189630400749845385e-01	9.871092504827323755e-02	-8.506704711968057775e-02	8.484873371392925856e-02	-9.045076968788219596e-02	1.186553993939791080e-01	-9.799561008513764382e-02	8.346324832990320575e-02	-8.332027817511741818e-02	6.826537938744214884e-02	-1.145827538437422799e-01	8.643192521878988177e-02	-8.447433327917897028e-02	7.055173849897167226e-02	-7.329027450035298374e-02
-8.743783141084647548e-02	8.169957964541339768e-02	-2.755186466629196973e-01	2.648604655162565269e-01	-6.402321305510112470e-01	1.470232628688837029e-01	-1.818857084788083889e-01	1.990938212559875409e-01	-3.812405888148476252e-01	1.000000000000001776e+00	-9.363888490635839668e-02	1.646403476952749134e-01	-1.661787091840095099e-01	2.713411264379065879e-01	-4.789342605680942944e-01	1.262452784724813759e-01	-1.077085330934684643e-01	1.163345726516284151e-01	-2.184948740628341324e-01	2.246823560957927346e-01	-8.028738458724610227e-02	9.748492114034837397e-02	-8.268825425136815122e-02	8.135400938317249864e-02	-7.841153589162959403e-02	8.823509091025004414e-02	-7.844214619515740838e-02	7.027674751010143384e-02	-7.311713699196228933e-02	7.689956442407420989e-02	-9.515749046307016290e-02	7.798309244085382952e-02	-6.875016142581166778e-02	6.893400069088972959e-02	-5.812086462872691900e-02	8.889693508980993364e-02	-6.986246569308576793e-02	6.826062288789563892e-02	-5.865667767435492341e-02	6.051848921659129521e-02
1.037988636173040602e-01	-9.097978303396636601e-02	1.464514218376848087e-01	-9.676976032519367388e-02	1.204619749801680156e-01	-6.580321103236289604e-01	1.977370368193386851e-01	-1.300698601902529339e-01	1.291776117223352172e-01	-9.363888490635839668e-02	9.999999999999985567e-01	-1.463295851608779896e-01	1.249785687904498982e-01	-8.351248825971795131e-02	7.664529173684904440e-02	-6.154017167793770504e-01	1.300569944835770209e-01	-1.234653856283119966e-01	7.575907012957108777e-02	-7.335369670172599277e-02	1.963901920607928064e-01	-1.224158504738628028e-01	8.684328562707671617e-02	-5.952096645691119098e-02	5.585478224262750702e-02	-1.825900381584000531e-01	1.013880592744315357e-01	-7.598070895304277761e-02	6.948026405164862973e-02	-6.917963579014824171e-02	1.377749345640635337e-01	-9.317557204211450450e-02	7.596537429684088738e-02	-7.057194222535834172e-02	5.572292162007441013e-02	-1.087563070571646584e-01	8.182938701243935853e-02	-7.364204515253935934e-02	6.088342218203484507e-02	-5.981310712647842226e-02
-1.474615710927293100e-01	1.345551790368701428e-01	-2.593087972970723465e-01	1.739035690476115614e-01	-1.940912915519217574e-01	2.029063182057822545e-01	-4.865869326564317698e-01	3.034233319191140255e-01	-2.511875752810546758e-01	1.646403476952749134e-01	-1.463295851608779896e-01	9.999999999999972244e-01	-6.851972600456909257e-01	1.719183519588591835e-01	-1.483280883848959453e-01	1.630493081344915052e-01	-2.180073910553485261e-01	2.125350057814454352e-01	-1.385299086810403701e-01	1.277206277349005048e-01	-1.052545005824397917e-01	1.269925970316032326e-01	-9.660023357209240880e-02	7.250378987102698569e-02	-6.854429323972054122e-02	1.083699407830558820e-01	-1.032258460000859551e-01	8.088497748903245022e-02	-7.616244450426731816e-02	7.664307645300631744e-02	-1.158795212862775842e-01	9.043012873678749064e-02	-7.772500601209074433e-02	7.398801396571469402e-02	-6.028747344326370466e-02	9.989384583427683706e-02	-8.026192367897895530e-02	7.466754387472991639e-02	-6.348007085435194985e-02	6.342377238484417368e-02
1.083923540385192674e-01	-1.062286872849264319e-01	2.229255591938096859e-01	-1.682283752272509814e-01	1.709051035119120709e-01	-1.902271658683433453e-01	2.897946548037709791e-01	-4.587125250921067487e-01	2.315652784041579981e-01	-1.661787091840095099e-01	1.249785687904498982e-01	-6.851972600456909257e-01	9.999999999999998890e-01	-2.103940669609005165e-01	1.472843314489598321e-01	-1.616626909766541720e-01	2.134772178897058892e-01	-3.238255434283721090e-01	1.376265103644002119e-01	-1.321586037946700376e-01	9.950313293703960671e-02	-1.299025764430137009e-01	9.168231327648820872e-02	-7.115228651316250763e-02	6.635755388618228001e-02	-1.066036570883788642e-01	9.981748315416658079e-02	-7.867361708146011767e-02	7.334753777652479323e-02	-7.499902760076723740e-02	1.084694241602690429e-01	-8.831420009159916817e-02	7.479432799826542244e-02	-7.204061477532203162e-02	5.816468994001221943e-02	-9.812207352815074946e-02	7.708237704135539881e-02	-7.282614987477774304e-02	6.119137583835758398e-02	-6.191195385906904380e-02
-7.427488688343486523e-02	6.996290557663291387e-02	-2.016213891790163137e-01	1.905429083889572384e-01	-2.565819166661070239e-01	1.290780116268571420e-01	-1.653532915903812017e-01	1.901994400155805898e-01	-3.854011472128571203e-01	2.713411264379065879e-01	-8.351248825971795131e-02	1.719183519588591835e-01	-2.103940669609005165e-01	1.000000000000001776e+00	-6.191455481180438980e-01	1.120617080900358636e-01	-1.102618016332582718e-01	1.226628809491331212e-01	-4.893019174995671405e-01	3.073873299660576652e-01	-7.279410351815514268e-02	9.246006509380150229e-02	-8.313530700361351777e-02	9.884394522117342929e-02	-9.379885923170995510e-02	7.960222844230974149e-02	-7.495265906365462805e-02	6.971119221927275789e-02	-7.629510648430519459e-02	7.971666985146438900e-02	-8.775327021881705603e-02	7.367906499176449242e-02	-6.674108346482707232e-02	6.829491286972710906e-02	-5.864219314168454128e-02	8.116240105293981433e-02	-6.578885381636014051e-02	6.507660371827217460e-02	-5.728309214084573164e-02	5.933123731273366036e-02
6.467607838914404828e-02	-6.155157672299473026e-02	1.709705614428784770e-01	-1.721557675896754069e-01	2.455244323554251484e-01	-1.206114645574739574e-01	1.374269654666602780e-01	-1.574605444111089048e-01	2.428659565617493077e-01	-4.789342605680942944e-01	7.664529173684904440e-02	-1.483280883848959453e-01	1.472843314489598321e-01	-6.191455481180438980e-01	9.999999999999998890e-01	-1.055224683474091929e-01	9.384910010339662934e-02	-1.062423042276730289e-01	2.956469282830960776e-01	-4.685324782504000640e-01	6.765720817384560104e-02	-8.583544102799708919e-02	7.618423217774694667e-02	-9.188965043228917995e-02	8.813331155241181658e-02	-7.490490275273692378e-02	6.901476976198962776e-02	-6.491902644969645142e-02	7.074647429231861739e-02	-7.651135739233627664e-02	8.155887639409899192e-02	-6.920051885226630173e-02	6.232910332973398693e-02	-6.438283673647431093e-02	5.521329959752684785e-02	-7.700060841846137483e-02	6.163986145231514779e-02	-6.160168311467235924e-02	5.382697430992706977e-02	-5.646322423104906812e-02
-1.242842361814455038e-01	1.020979440196580212e-01	-2.074418147222086839e-01	1.321967106128968950e-01	-1.729047026349769534e-01	2.972584355468543826e-01	-2.366807603682863359e-01	1.592778877765902712e-01	-1.787814619238874136e-01	1.262452784724813759e-01	-6.154017167793770504e-01	1.630493081344915052e-01	-1.616626909766541720e-01	1.120617080900358636e-01	-1.055224683474091929e-01	9.999999999999983347e-01	-2.129613654464673766e-01	1.663233282045702977e-01	-1.049549723029322978e-01	9.921969203137559479e-02	-4.412526086065777786e-01	1.683274905296426316e-01	-1.265655450510028979e-01	8.281243652461485472e-02	-7.857156698140559115e-02	2.491471961082935560e-01	-1.489844338382707023e-01	1.074662626028195234e-01	-9.848386472666734170e-02	9.534025534975895666e-02	-2.174807200160621679e-01	1.306245977998548580e-01	-1.085040063661474596e-01	9.819735892502176600e-02	-7.817550554044602751e-02	1.476118150571568144e-01	-1.168404845699653888e-01	1.016192240804235369e-01	-8.571228471514188985e-02	8.229029100824958309e-02
7.551780873644559078e-02	-6.878874901929275809e-02	1.440334310556637132e-01	-1.028376376869596237e-01	1.222080954518367235e-01	-1.594031725935353139e-01	1.629435912402496522e-01	-1.549325832435342609e-01	1.381122038357311121e-01	-1.077085330934684643e-01	1.300569944835770209e-01	-2.180073910553485261e-01	2.134772178897058892e-01	-1.102618016332582718e-01	9.384910010339662934e-02	-2.129613654464673766e-01	9.999999999999986677e-01	-8.212886758342057281e-01	1.075256681527035629e-01	-1.026256083929139168e-01	1.308436811965806301e-01	-3.060752198758378562e-01	1.315086257678672599e-01	-7.971156519902408699e-02	7.398106327550460493e-02	-1.339655591812173585e-01	1.741248238182575570e-01	-1.151820944788348594e-01	9.218057085610634194e-02	-8.802996855608406779e-02	1.364503320448286205e-01	-1.201399138719335818e-01	9.881073881324550778e-02	-9.023857415938796311e-02	7.003738073864780589e-02	-1.146964149743989470e-01	9.832526367312377502e-02	-8.896337264504453057e-02	7.528754435816006896e-02	-7.345593163646765844e-02
-8.235182493027382034e-02	7.336056667676701948e-02	-1.677112198521170661e-01	1.148101476652124003e-01	-1.381297555269184740e-01	1.460982087672901275e-01	-1.831481507335563363e-01	1.701788015950431165e-01	-1.605034442069827316e-01	1.163345726516284151e-01	-1.234653856283119966e-01	2.125350057814454352e-01	-3.238255434283721090e-01	1.226628809491331212e-01	-1.062423042276730289e-01	1.663233282045702977e-01	-8.212886758342057281e-01	1.000000000000000444e+00	-1.285147386054955043e-01	1.107335721749028862e-01	-1.204537142173995046e-01	2.026279588608738413e-01	-1.361282529747070424e-01	7.999845428864144070e-02	-7.541188545063408355e-02	1.187203837096389575e-01	-1.637075914815322719e-01	1.086823411598140526e-01	-9.095182480221852828e-02	8.558196163190225081e-02	-1.337968630541893633e-01	1.106885734513000374e-01	-9.572966650978138869e-02	8.643172951020829109e-02	-6.884773369561718315e-02	1.075397868283778785e-01	-9.535200159149040400e-02	8.488793971825950302e-02	-7.345017169144361924e-02	7.081454025824282517e-02
6.087634691110267726e-02	-5.724999513147524532e-02	1.495973482537623633e-01	-1.398962518609578043e-01	1.821967420383282521e-01	-1.152448157895283876e-01	1.280575575312591086e-01	-1.399308445993332484e-01	2.007826467411749916e-01	-2.184948740628341324e-01	7.575907012957108777e-02	-1.385299086810403701e-01	1.376265103644002119e-01	-4.893019174995671405e-01	2.956469282830960776e-01	-1.049549723029322978e-01	1.075256681527035629e-01	-1.285147386054955043e-01	1.000000000000001998e+00	-7.426556110022349833e-01	7.152780985352644172e-02	-9.805998855615967458e-02	9.903495042428711592e-02	-1.736510193161139581e-01	1.422425447717624580e-01	-7.898146471625573650e-02	8.044906414100588821e-02	-8.328479206265282375e-02	9.855815060009009976e-02	-1.061812771538433176e-01	9.180289552570380929e-02	-8.149054863001545246e-02	7.714016774934231990e-02	-8.337479640204208120e-02	7.301782987181268392e-02	-8.579709745227498408e-02	7.247841968333605667e-02	-7.451724720333685603e-02	6.763500913998633790e-02	-7.184349383332247485e-02
-6.301293724337624080e-02	5.808545228855037379e-02	-1.656391579829454841e-01	1.448042637743859051e-01	-2.250519182422956177e-01	1.095955795873842231e-01	-1.312236417639734420e-01	1.361697217313452557e-01	-2.144253885691545514e-01	2.246823560957927346e-01	-7.335369670172599277e-02	1.277206277349005048e-01	-1.321586037946700376e-01	3.073873299660576652e-01	-4.685324782504000640e-01	9.921969203137559479e-02	-1.026256083929139168e-01	1.107335721749028862e-01	-7.426556110022349833e-01	1.000000000000001110e+00	-6.948291856526621346e-02	9.327841809500093950e-02	-9.930351577477572467e-02	1.455332568028073204e-01	-1.601742964902852784e-01	7.580110606402817863e-02	-7.851246653074143989e-02	8.094618803719288991e-02	-9.770090050687064986e-02	1.038289638921915115e-01	-9.122405591851398543e-02	7.919718157557704974e-02	-7.628577105963439686e-02	8.088477273557125036e-02	-7.343297326198913733e-02	8.290398947029306576e-02	-7.153845245515658147e-02	7.261479915892456172e-02	-6.720334243900744076e-02	7.015046523025450509e-02
7.000711730024976320e-02	-6.000193305517904918e-02	1.203727529869330348e-01	-7.979576591099141192e-02	1.037626815625855986e-01	-1.930002411604226364e-01	1.324113369993574207e-01	-9.726891347738948757e-02	1.064722469622993856e-01	-8.028738458724610227e-02	1.963901920607928064e-01	-1.052545005824397917e-01	9.950313293703960671e-02	-7.279410351815514268e-02	6.765720817384560104e-02	-4.412526086065777786e-01	1.308436811965806301e-01	-1.204537142173995046e-01	7.152780985352644172e-02	-6.948291856526621346e-02	1.000000000000001776e+00	-2.204554022760265020e-01	1.253245940305122985e-01	-7.907811287416366408e-02	7.316259206036597462e-02	-7.520420531036198231e-01	1.825645299911614616e-01	-1.183866233932363149e-01	9.910350392337345660e-02	-9.687327338681540889e-02	2.346382746838840405e-01	-1.537232794634681432e-01	1.150844524669644015e-01	-1.044871233855817066e-01	7.852815922165565232e-02	-1.804499003125962231e-01	1.257358134979371100e-01	-1.105474804859929716e-01	8.828377591517408418e-02	-8.573852109684469702e-02
-7.206909947855991150e-02	6.200140338048477223e-02	-1.401137447515307943e-01	9.422481607018950989e-02	-1.238230562264200918e-01	1.383691948947633199e-01	-1.409454270699912748e-01	1.137084679831483064e-01	-1.268418343809793181e-01	9.748492114034837397e-02	-1.224158504738628028e-01	1.269925970316032326e-01	-1.299025764430137009e-01	9.246006509380150229e-02	-8.583544102799708919e-02	1.683274905296426316e-01	-3.060752198758378562e-01	2.026279588608738413e-01	-9.805998855615967458e-02	9.327841809500093950e-02	-2.204554022760265020e-01	1.000000000000001998e+00	-3.072367375969691783e-01	1.322608846478825206e-01	-1.254629022579365760e-01	2.097559287356429436e-01	-7.100619003550177055e-01	2.498180357123553907e-01	-1.790967036211043029e-01	1.492547371210409812e-01	-2.505645554704558076e-01	2.398410093056633496e-01	-2.053511752363401666e-01	1.645414683240942755e-01	-1.250215635110134560e-01	1.831300733826594640e-01	-1.924233924875885793e-01	1.564461927221609261e-01	-1.376583049882498244e-01	1.248912246680955185e-01
5.247135902001310442e-02	-4.626055339966358287e-02	1.023034463331008864e-01	-7.281550313574980393e-02	9.607356424691733399e-02	-1.114203278594793484e-01	1.017469201879839108e-01	-8.552075923451354922e-02	9.703799444729864498e-02	-8.268825425136815122e-02	8.684328562707671617e-02	-9.660023357209240880e-02	9.168231327648820872e-02	-8.313530700361351777e-02	7.618423217774694667e-02	-1.265655450510028979e-01	1.315086257678672599e-01	-1.361282529747070424e-01	9.903495042428711592e-02	-9.930351577477572467e-02	1.253245940305122985e-01	-3.072367375969691783e-01	1.000000000000002220e+00	-2.800550497994433452e-01	1.948704096712784717e-01	-1.475984092264756020e-01	2.599248306702512390e-01	-7.452566861200382586e-01	2.568726519520995177e-01	-2.460714396493441924e-01	1.858051693402991145e-01	-2.234665811469440100e-01	2.156245278885606520e-01	-2.315363258828438964e-01	1.622644327178213997e-01	-1.808598437778436985e-01	1.684226242052353495e-01	-1.879775228008914167e-01	1.597417382921129114e-01	-1.732408023363714022e-01
-4.066180939279596257e-02	3.590310907060397655e-02	-8.653264879841687796e-02	6.513285452149736310e-02	-8.954321388846721297e-02	7.811320874788836577e-02	-7.948032985084188540e-02	6.997454045435186343e-02	-8.972306194339209340e-02	8.135400938317249864e-02	-5.952096645691119098e-02	7.250378987102698569e-02	-7.115228651316250763e-02	9.884394522117342929e-02	-9.188965043228917995e-02	8.281243652461485472e-02	-7.971156519902408699e-02	7.999845428864144070e-02	-1.736510193161139581e-01	1.455332568028073204e-01	-7.907811287416366408e-02	1.322608846478825206e-01	-2.800550497994433452e-01	9.999999999999994449e-01	-7.838308049526715449e-01	8.762100864079729046e-02	-1.264560691760270306e-01	1.921776631770787114e-01	-3.559187660084441873e-01	2.762121636210269626e-01	-1.354537222318495104e-01	1.380333837666974928e-01	-1.618239522390979013e-01	1.935236737326674616e-01	-1.830243500980271998e-01	1.201333648855689579e-01	-1.247151742185157453e-01	1.374241932295418578e-01	-1.453426832899917809e-01	1.500093007308772597e-01
3.776925036315506579e-02	-3.353223173137676733e-02	8.005949934775208332e-02	-6.105132056874191387e-02	8.362588410035955155e-02	-7.429922683094607183e-02	7.383751170978000711e-02	-6.557384606928558235e-02	8.330980802215673386e-02	-7.841153589162959403e-02	5.585478224262750702e-02	-6.854429323972054122e-02	6.635755388618228001e-02	-9.379885923170995510e-02	8.813331155241181658e-02	-7.857156698140559115e-02	7.398106327550460493e-02	-7.541188545063408355e-02	1.422425447717624580e-01	-1.601742964902852784e-01	7.316259206036597462e-02	-1.254629022579365760e-01	1.948704096712784717e-01	-7.838308049526715449e-01	1.000000000000001554e+00	-8.212032880247570332e-02	1.140457299281879278e-01	-1.704665490258063798e-01	2.526339100681895267e-01	-4.375514836412686126e-01	1.234028017775510577e-01	-1.312125722303186526e-01	1.445319053838332590e-01	-1.870037008311037641e-01	1.875895026246509056e-01	-1.166523964271236891e-01	1.162925631612220234e-01	-1.378822760282656379e-01	1.382146607071797484e-01	-1.683631946350949149e-01
-7.563857265762422011e-02	6.341860922312024529e-02	-1.361352763702922131e-01	8.874557938539169577e-02	-1.176368907107284978e-01	1.615280137906452695e-01	-1.427851662265510746e-01	1.042080530384640186e-01	-1.189630400749845385e-01	8.823509091025004414e-02	-1.825900381584000531e-01	1.083699407830558820e-01	-1.066036570883788642e-01	7.960222844230974149e-02	-7.490490275273692378e-02	2.491471961082935560e-01	-1.339655591812173585e-01	1.187203837096389575e-01	-7.898146471625573650e-02	7.580110606402817863e-02	-7.520420531036198231e-01	2.097559287356429436e-01	-1.475984092264756020e-01	8.762100864079729046e-02	-8.212032880247570332e-02	1.000000000000000666e+00	-2.503457643926124687e-01	1.342918450425900634e-01	-1.128224360978917901e-01	1.058434315947298920e-01	-3.949664808607350475e-01	1.751540144163003521e-01	-1.341467687493373695e-01	1.158513538789530534e-01	-8.775511480729186742e-02	1.949019883824139043e-01	-1.466370721160330237e-01	1.213281140395389979e-01	-9.936496892583174256e-02	9.348008525954042136e-02
5.659278797430233876e-02	-4.927957036971911814e-02	1.077722243267202895e-01	-7.391111099012497021e-02	9.650648349653441482e-02	-1.194478175575653389e-01	1.101723236542419826e-01	-8.993081861210894257e-02	9.871092504827323755e-02	-7.844214619515740838e-02	1.013880592744315357e-01	-1.032258460000859551e-01	9.981748315416658079e-02	-7.495265906365462805e-02	6.901476976198962776e-02	-1.489844338382707023e-01	1.741248238182575570e-01	-1.637075914815322719e-01	8.044906414100588821e-02	-7.851246653074143989e-02	1.825645299911614616e-01	-7.100619003550177055e-01	2.599248306702512390e-01	-1.264560691760270306e-01	1.140457299281879278e-01	-2.503457643926124687e-01	1.000000000000001110e+00	-3.791027701576606401e-01	1.747577394765638392e-01	-1.483565296342458095e-01	2.214924911525332218e-01	-3.540044109177276632e-01	2.086613519582427301e-01	-1.736052951358465768e-01	1.183007543044905241e-01	-1.842917622227300822e-01	1.835459859872795585e-01	-1.593788698732201414e-01	1.313855459638275658e-01	-1.232300552377643965e-01
-4.630458517976187433e-02	4.032660485807346845e-02	-9.106588086107741953e-02	6.353523354306417348e-02	-8.480316569511567315e-02	9.345347078034076105e-02	-8.936436897805036250e-02	7.363843675482843742e-02	-8.506704711968057775e-02	7.027674751010143384e-02	-7.598070895304277761e-02	8.088497748903245022e-02	-7.867361708146011767e-02	6.971119221927275789e-02	-6.491902644969645142e-02	1.074662626028195234e-01	-1.151820944788348594e-01	1.086823411598140526e-01	-8.328479206265282375e-02	8.094618803719288991e-02	-1.183866233932363149e-01	2.498180357123553907e-01	-7.452566861200382586e-01	1.921776631770787114e-01	-1.704665490258063798e-01	1.342918450425900634e-01	-3.791027701576606401e-01	1.000000000000000666e+00	-3.367222525408065659e-01	1.999832026242660821e-01	-1.802112166044568808e-01	2.121181529399575050e-01	-2.572531435704104585e-01	2.181491020876056008e-01	-1.472430172533139570e-01	1.553465257611827965e-01	-1.611181089215571183e-01	1.648055819643975406e-01	-1.492548058145652390e-01	1.440489092335347499e-01
4.414212131424585100e-02	-3.860929911920035762e-02	8.857668155086489969e-02	-6.324899510646783685e-02	8.537986695051506814e-02	-8.879632842177141716e-02	8.487266818266782364e-02	-7.104690993034663837e-02	8.484873371392925856e-02	-7.311713699196228933e-02	6.948026405164862973e-02	-7.616244450426731816e-02	7.334753777652479323e-02	-7.629510648430519459e-02	7.074647429231861739e-02	-9.848386472666734170e-02	9.218057085610634194e-02	-9.095182480221852828e-02	9.855815060009009976e-02	-9.770090050687064986e-02	9.910350392337345660e-02	-1.790967036211043029e-01	2.568726519520995177e-01	-3.559187660084441873e-01	2.526339100681895267e-01	-1.128224360978917901e-01	1.747577394765638392e-01	-3.367222525408065659e-01	1.000000000000001554e+00	-4.822534636474721248e-01	1.757020835624433508e-01	-2.189296523147196138e-01	2.589006468328591271e-01	-5.627851163761199427e-01	2.435198450085463706e-01	-1.679738452036927954e-01	1.743493208561458507e-01	-2.165918273475990752e-01	2.144345658818413158e-01	-2.349004439413728829e-01
-4.621644453019036619e-02	4.010982822569084116e-02	-9.476239711399001009e-02	6.708763240804310746e-02	-9.222715119430369146e-02	8.769053398306361768e-02	-8.848396998345942066e-02	7.364995524727503684e-02	-9.045076968788219596e-02	7.689956442407420989e-02	-6.917963579014824171e-02	7.664307645300631744e-02	-7.499902760076723740e-02	7.971666985146438900e-02	-7.651135739233627664e-02	9.534025534975895666e-02	-8.802996855608406779e-02	8.558196163190225081e-02	-1.061812771538433176e-01	1.038289638921915115e-01	-9.687327338681540889e-02	1.492547371210409812e-01	-2.460714396493441924e-01	2.762121636210269626e-01	-4.375514836412686126e-01	1.058434315947298920e-01	-1.483565296342458095e-01	1.999832026242660821e-01	-4.822534636474721248e-01	1.000000000000000666e+00	-1.812137901281489216e-01	1.782991859028168202e-01	-2.217171235137215257e-01	2.638240872735990172e-01	-5.214759055333193505e-01	1.561983416923127810e-01	-1.746320020128628858e-01	1.967974055709537096e-01	-2.400263151950297880e-01	2.642523546227517062e-01
7.151692289942888914e-02	-6.232300840783146223e-02	1.313775513563390784e-01	-8.970474892886894092e-02	1.182460202554782847e-01	-1.721762028833581093e-01	1.349794640764249154e-01	-1.059641595262233171e-01	1.186553993939791080e-01	-9.515749046307016290e-02	1.377749345640635337e-01	-1.158795212862775842e-01	1.084694241602690429e-01	-8.775327021881705603e-02	8.155887639409899192e-02	-2.174807200160621679e-01	1.364503320448286205e-01	-1.337968630541893633e-01	9.180289552570380929e-02	-9.122405591851398543e-02	2.346382746838840405e-01	-2.505645554704558076e-01	1.858051693402991145e-01	-1.354537222318495104e-01	1.234028017775510577e-01	-3.949664808607350475e-01	2.214924911525332218e-01	-1.802112166044568808e-01	1.757020835624433508e-01	-1.812137901281489216e-01	1.000000000000001554e+00	-3.956272282363515469e-01	2.300242272852204839e-01	-2.092997783976775217e-01	1.489421993517505427e-01	-5.847809236531315014e-01	2.890682915758115423e-01	-2.421544700267067585e-01	1.772557628927308726e-01	-1.714309012310531732e-01
-5.572281469774526680e-02	4.793164894585376368e-02	-1.082550705209781999e-01	7.344675751183639412e-02	-9.861491162416431699e-02	1.113418802502255112e-01	-1.061075994289131380e-01	8.449374628073287596e-02	-9.799561008513764382e-02	7.798309244085382952e-02	-9.317557204211450450e-02	9.043012873678749064e-02	-8.831420009159916817e-02	7.367906499176449242e-02	-6.920051885226630173e-02	1.306245977998548580e-01	-1.201399138719335818e-01	1.106885734513000374e-01	-8.149054863001545246e-02	7.919718157557704974e-02	-1.537232794634681432e-01	2.398410093056633496e-01	-2.234665811469440100e-01	1.380333837666974928e-01	-1.312125722303186526e-01	1.751540144163003521e-01	-3.540044109177276632e-01	2.121181529399575050e-01	-2.189296523147196138e-01	1.782991859028168202e-01	-3.956272282363515469e-01	1.000000000000001110e+00	-5.561169929890389385e-01	2.519476202661167230e-01	-1.651395872478616800e-01	2.770284395270253275e-01	-4.526473557149387483e-01	2.577369911390415824e-01	-2.080321967955306439e-01	1.679411542959375336e-01
4.624420893427712981e-02	-4.016069617592823993e-02	9.037411357748591223e-02	-6.262157527274672675e-02	8.396687336700717208e-02	-9.470447730867954939e-02	8.832749002862509691e-02	-7.185012498329408637e-02	8.346324832990320575e-02	-6.875016142581166778e-02	7.596537429684088738e-02	-7.772500601209074433e-02	7.479432799826542244e-02	-6.674108346482707232e-02	6.232910332973398693e-02	-1.085040063661474596e-01	9.881073881324550778e-02	-9.572966650978138869e-02	7.714016774934231990e-02	-7.628577105963439686e-02	1.150844524669644015e-01	-2.053511752363401666e-01	2.156245278885606520e-01	-1.618239522390979013e-01	1.445319053838332590e-01	-1.341467687493373695e-01	2.086613519582427301e-01	-2.572531435704104585e-01	2.589006468328591271e-01	-2.217171235137215257e-01	2.300242272852204839e-01	-5.561169929890389385e-01	1.000000000000001110e+00	-5.332101899854665428e-01	1.918321786698356790e-01	-2.265169290414837944e-01	2.579398882021748385e-01	-3.777876035005852118e-01	2.432652136947780208e-01	-2.102835825314609830e-01
-4.492587481115958153e-02	3.886631099637942455e-02	-8.962223714004829977e-02	6.223436158732068013e-02	-8.446513626526082341e-02	8.769596556159332812e-02	-8.571230638908321209e-02	6.993524720496642477e-02	-8.332027817511741818e-02	6.893400069088972959e-02	-7.057194222535834172e-02	7.398801396571469402e-02	-7.204061477532203162e-02	6.829491286972710906e-02	-6.438283673647431093e-02	9.819735892502176600e-02	-9.023857415938796311e-02	8.643172951020829109e-02	-8.337479640204208120e-02	8.088477273557125036e-02	-1.044871233855817066e-01	1.645414683240942755e-01	-2.315363258828438964e-01	1.935236737326674616e-01	-1.870037008311037641e-01	1.158513538789530534e-01	-1.736052951358465768e-01	2.181491020876056008e-01	-5.627851163761199427e-01	2.638240872735990172e-01	-2.092997783976775217e-01	2.519476202661167230e-01	-5.332101899854665428e-01	1.000000000000000444e+00	-2.877733958935269620e-01	1.812645601272181439e-01	-2.177334380511004863e-01	2.564185580223095617e-01	-3.378397873700313969e-01	2.329456745788682226e-01
3.598519198247563528e-02	-3.132277964800028736e-02	7.228809272804374852e-02	-5.102608887901297074e-02	6.934266298577962395e-02	-7.113344219078324149e-02	6.874379235922556397e-02	-5.691144877060656110e-02	6.826537938744214884e-02	-5.812086462872691900e-02	5.572292162007441013e-02	-6.028747344326370466e-02	5.816468994001221943e-02	-5.864219314168454128e-02	5.521329959752684785e-02	-7.817550554044602751e-02	7.003738073864780589e-02	-6.884773369561718315e-02	7.301782987181268392e-02	-7.343297326198913733e-02	7.852815922165565232e-02	-1.250215635110134560e-01	1.622644327178213997e-01	-1.830243500980271998e-01	1.875895026246509056e-01	-8.775511480729186742e-02	1.183007543044905241e-01	-1.472430172533139570e-01	2.435198450085463706e-01	-5.214759055333193505e-01	1.489421993517505427e-01	-1.651395872478616800e-01	1.918321786698356790e-01	-2.877733958935269620e-01	1.000000000000000222e+00	-1.494853781763130496e-01	1.595624810445734898e-01	-2.386902519387055777e-01	2.648997313185894042e-01	-6.687114340538914403e-01
-6.661034671997978496e-02	5.655829059719111318e-02	-1.297791589063981565e-01	8.615749478479178824e-02	-1.172835144511354261e-01	1.268679398383719403e-01	-1.250215482993962124e-01	9.695522507972599568e-02	-1.145827538437422799e-01	8.889693508980993364e-02	-1.087563070571646584e-01	9.989384583427683706e-02	-9.812207352815074946e-02	8.116240105293981433e-02	-7.700060841846137483e-02	1.476118150571568144e-01	-1.146964149743989470e-01	1.075397868283778785e-01	-8.579709745227498408e-02	8.290398947029306576e-02	-1.804499003125962231e-01	1.831300733826594640e-01	-1.808598437778436985e-01	1.201333648855689579e-01	-1.166523964271236891e-01	1.949019883824139043e-01	-1.842917622227300822e-01	1.553465257611827965e-01	-1.679738452036927954e-01	1.561983416923127810e-01	-5.847809236531315014e-01	2.770284395270253275e-01	-2.265169290414837944e-01	1.812645601272181439e-01	-1.494853781763130496e-01	1.000000000000000222e+00	-6.101049064631763885e-01	2.417426375683245920e-01	-2.006543068099526927e-01	1.551263796633385594e-01
4.918773023966573066e-02	-4.252240827398197365e-02	9.519193497540115456e-02	-6.505638036630445598e-02	8.731670371411986986e-02	-1.012686367933599563e-01	9.332041511477318085e-02	-7.468729952302519126e-02	8.643192521878988177e-02	-6.986246569308576793e-02	8.182938701243935853e-02	-8.026192367897895530e-02	7.708237704135539881e-02	-6.578885381636014051e-02	6.163986145231514779e-02	-1.168404845699653888e-01	9.832526367312377502e-02	-9.535200159149040400e-02	7.247841968333605667e-02	-7.153845245515658147e-02	1.257358134979371100e-01	-1.924233924875885793e-01	1.684226242052353495e-01	-1.247151742185157453e-01	1.162925631612220234e-01	-1.466370721160330237e-01	1.835459859872795585e-01	-1.611181089215571183e-01	1.743493208561458507e-01	-1.746320020128628858e-01	2.890682915758115423e-01	-4.526473557149387483e-01	2.579398882021748385e-01	-2.177334380511004863e-01	1.595624810445734898e-01	-6.101049064631763885e-01	1.000000000000000222e+00	-4.537700461093686632e-01	2.300526909663453967e-01	-1.908132680184492502e-01
-4.686714356400005499e-02	4.027986807211462322e-02	-9.286288036067466556e-02	6.335018971792540088e-02	-8.619381821661616094e-02	9.034611133354648882e-02	-8.878537776421921435e-02	7.118043880264440793e-02	-8.447433327917897028e-02	6.826062288789563892e-02	-7.364204515253935934e-02	7.466754387472991639e-02	-7.282614987477774304e-02	6.507660371827217460e-02	-6.160168311467235924e-02	1.016192240804235369e-01	-8.896337264504453057e-02	8.488793971825950302e-02	-7.451724720333685603e-02	7.261479915892456172e-02	-1.105474804859929716e-01	1.564461927221609261e-01	-1.879775228008914167e-01	1.374241932295418578e-01	-1.378822760282656379e-01	1.213281140395389979e-01	-1.593788698732201414e-01	1.648055819643975406e-01	-2.165918273475990752e-01	1.967974055709537096e-01	-2.421544700267067585e-01	2.577369911390415824e-01	-3.777876035005852118e-01	2.564185580223095617e-01	-2.386902519387055777e-01	2.417426375683245920e-01	-4.537700461093686632e-01	1.000000000000000000e+00	-6.236610869012768621e-01	2.541924985031265849e-01
3.845289029084732885e-02	-3.334531897104427850e-02	7.614397562161490107e-02	-5.291645156898983765e-02	7.161082474525683195e-02	-7.678518146235487063e-02	7.318310906106842428e-02	-5.966737136972894567e-02	7.055173849897167226e-02	-5.865667767435492341e-02	6.088342218203484507e-02	-6.348007085435194985e-02	6.119137583835758398e-02	-5.728309214084573164e-02	5.382697430992706977e-02	-8.571228471514188985e-02	7.528754435816006896e-02	-7.345017169144361924e-02	6.763500913998633790e-02	-6.720334243900744076e-02	8.828377591517408418e-02	-1.376583049882498244e-01	1.597417382921129114e-01	-1.453426832899917809e-01	1.382146607071797484e-01	-9.936496892583174256e-02	1.313855459638275658e-01	-1.492548058145652390e-01	2.144345658818413158e-01	-2.400263151950297880e-01	1.772557628927308726e-01	-2.080321967955306439e-01	2.432652136947780208e-01	-3.378397873700313969e-01	2.648997313185894042e-01	-2.006543068099526927e-01	2.300526909663453967e-01	-6.236610869012768621e-01	1.000000000000000222e+00	-5.259661051968214096e-01
