1.000000000000000222e+00	-7.280228487376642077e-01	2.629932955520531412e-01	-3.415180636381066615e-01	1.931082890195237600e-01	-3.191825980763141613e-01	2.940256894421441336e-01	-2.490511779203710419e-01	1.788002885250569995e-01	-1.264775629345795960e-01	1.693312160607866879e-01	-2.461719906532198188e-01	1.454228815419884302e-01	-1.398593514326665066e-01	1.135343360644741201e-01	-1.243769752101850923e-01	1.278938991494334432e-01	-1.561640596209393217e-01	9.826092765014411701e-02	-3.363784838152997919e-02	9.410957444760420509e-02	-1.034182080579980623e-01	1.060696962154782097e-01	-1.093340528680358803e-01	3.185034959416781219e-02	-7.127336279012823350e-02	8.051309444152197903e-02	-1.084391905564044412e-01	6.556333458829968763e-02	-8.621112966077489059e-02	5.073698855954009851e-02	-5.078745180881728827e-02	1.939881641491918163e-02	-1.049176806269351732e-02	1.049325712517450333e-02	-4.814261702997044146e-02	3.136517812367432129e-02	-2.046090613133717470e-02	6.396328646374228183e-03	-6.846277590623740458e-03
-7.280228487376642077e-01	1.000000000000000444e+00	-3.859249037812609862e-01	2.603476335458311253e-01	-1.579093622959640286e-01	2.182685440811891753e-01	-4.366364264500993686e-01	1.912617794001365557e-01	-1.489542705513726695e-01	9.678702852714281268e-02	-1.337472225298239337e-01	1.874349112166051601e-01	-1.113548651049407617e-01	1.032159742305246292e-01	-8.774879566088440719e-02	9.190358626760938843e-02	-9.977325341804559045e-02	1.113243272232267295e-01	-7.149558325516330859e-02	2.393644540952209743e-02	-6.938083354794269408e-02	7.391023721481462805e-02	-7.676839396440532370e-02	7.736508275169012849e-02	-2.279282300111192330e-02	5.063603867032126504e-02	-5.789362954259243826e-02	7.595149348969459924e-02	-4.620489635930920963e-02	6.001024952051088601e-02	-3.622447356887122799e-02	3.582812839735565608e-02	-1.368387528122996105e-02	7.377302456961340807e-03	-7.386534456307059134e-03	3.379217010424620526e-02	-2.214548571880303046e-02	1.438526332767194049e-02	-4.497610020708166928e-03	4.809891411445556611e-03
2.629932955520531412e-01	-3.859249037812609862e-01	1.000000000000000888e+00	-8.356232401634766660e-01	1.712760272569429365e-01	-1.589257617592674254e-01	1.872631526115259570e-01	-2.045859475170373476e-01	1.590933750077230535e-01	-1.054937849921097487e-01	9.574772880351165028e-02	-1.344721525186434452e-01	9.857728860766948320e-02	-1.029830014114471587e-01	8.816238314187303804e-02	-7.109666914744924848e-02	7.620616220278080000e-02	-1.046015871091268978e-01	6.860920831612793425e-02	-2.356350668687856934e-02	6.008683985284866969e-02	-6.554530097136201938e-02	7.236628691385540990e-02	-7.618731933591639527e-02	2.230601196663952596e-02	-4.655885041919179818e-02	5.300131025091744247e-02	-7.369987496202856647e-02	4.513334728608447283e-02	-5.939714821436194864e-02	3.339076258282594467e-02	-3.347350475236898076e-02	1.292835005024443353e-02	-7.165298742333659453e-03	7.165411988840298708e-03	-3.179468192629678058e-02	2.071470567310108174e-02	-1.362850998231241069e-02	4.303202905551702095e-03	-4.603806578246720689e-03
-3.415180636381066615e-01	2.603476335458311253e-01	-8.356232401634766660e-01	1.000000000000000666e+00	-2.341298714499329969e-01	1.552940707209678195e-01	-1.971379327998721565e-01	1.939866049321488373e-01	-2.002463016501473403e-01	1.220178333307607443e-01	-9.897783281775407449e-02	1.334295216231959347e-01	-1.055220859627154645e-01	1.126889126269602914e-01	-1.018777995382179752e-01	7.342250585064465096e-02	-8.059118777668042299e-02	1.101392500305328898e-01	-7.427294675531441459e-02	2.541157286913395610e-02	-6.468574258982510983e-02	6.955139968411477858e-02	-7.811004427382496618e-02	8.152245415102431225e-02	-2.412600459518428678e-02	4.970826694783486710e-02	-5.688861641582974166e-02	7.848575103947620646e-02	-4.830424142111391927e-02	6.325779519454749478e-02	-3.583883546499990608e-02	3.576173614068477169e-02	-1.385609216135035016e-02	7.673920146504373610e-03	-7.678416293684730588e-03	3.394083705993584943e-02	-2.216071206601492524e-02	1.458549792206414314e-02	-4.612040473842103985e-03	4.932444491523932037e-03
1.931082890195237600e-01	-1.579093622959640286e-01	1.712760272569429365e-01	-2.341298714499329969e-01	1.000000000000000444e+00	-2.552426331507822721e-01	2.159679791538659244e-01	-3.771889129145279407e-01	3.007994678734734473e-01	-4.972551607056491241e-01	1.643663010417742709e-01	-2.269595920011296397e-01	2.489858674752954970e-01	-3.421569589115378562e-01	2.798199253774981132e-01	-1.379069126198808892e-01	1.469394931531660120e-01	-3.116199913436508151e-01	2.092828014655510327e-01	-7.712165494261222221e-02	1.492798104465138109e-01	-1.745903784223719335e-01	2.137380850595965720e-01	-2.531071603695546623e-01	7.158537128416976592e-02	-1.345781039703831394e-01	1.503432570652102618e-01	-2.392799409075072048e-01	1.474190907626566904e-01	-2.016144230529394177e-01	9.610639713380944582e-02	-1.000860227197278157e-01	3.935820091747440491e-02	-2.313852509124887658e-02	2.305113256708091196e-02	-9.666643662455896846e-02	6.194275954560601871e-02	-4.185522994044971884e-02	1.345569434710857000e-02	-1.441867951190740210e-02
-3.191825980763141613e-01	2.182685440811891753e-01	-1.589257617592674254e-01	1.552940707209678195e-01	-2.552426331507822721e-01	1.000000000000000000e+00	-4.975504925764570596e-01	2.289274121532799411e-01	-2.207572066847889314e-01	1.416820945347572747e-01	-5.759649980894435695e-01	3.211847053079474046e-01	-1.847871187704685780e-01	1.543759016932748640e-01	-1.379498764121613874e-01	2.339243532051148433e-01	-2.814062803708876070e-01	1.688896758976635437e-01	-1.117141499743022348e-01	3.619070273140936184e-02	-1.508964103962876502e-01	1.438530311815407192e-01	-1.268227359505801899e-01	1.153977313997775062e-01	-3.490945106181893992e-02	9.221380745773302690e-02	-1.075249433034531632e-01	1.178123441411131622e-01	-7.079644977336509160e-02	8.920507296783172779e-02	-6.601317259601430232e-02	6.255803968298576101e-02	-2.323425742019683340e-02	1.156412923656561717e-02	-1.161656485454924496e-02	5.783134936085199129e-02	-3.860296900572104256e-02	2.422174984475940207e-02	-7.372902933388211094e-03	7.876257561486842487e-03
2.940256894421441336e-01	-4.366364264500993686e-01	1.872631526115259570e-01	-1.971379327998721565e-01	2.159679791538659244e-01	-4.975504925764570596e-01	9.999999999999998890e-01	-3.780071667103392374e-01	2.221657348683319377e-01	-1.422079785028751153e-01	2.595489728424194009e-01	-4.727662371909486794e-01	1.907480109036169824e-01	-1.632057769288730864e-01	1.327555132923933234e-01	-1.708808931065428360e-01	1.781147365019864204e-01	-1.835050185397669731e-01	1.113079511378506359e-01	-3.598408989759534216e-02	1.108624782249166413e-01	-1.181091351714018550e-01	1.182847586986583571e-01	-1.181255255303002710e-01	3.433634809013800387e-02	-7.813973457109046894e-02	8.955206418389388690e-02	-1.148409021084115383e-01	6.957428473628435306e-02	-8.948636213494350067e-02	5.536072885194572718e-02	-5.439304606726320934e-02	2.052826197603434613e-02	-1.101935371409602273e-02	1.103677417320851097e-02	-5.094004080256478439e-02	3.351084599735694447e-02	-2.154643855856107348e-02	6.701197096226432087e-03	-7.162931420794767939e-03
-2.490511779203710419e-01	1.912617794001365557e-01	-2.045859475170373476e-01	1.939866049321488373e-01	-3.771889129145279407e-01	2.289274121532799411e-01	-3.780071667103392374e-01	1.000000000000000888e+00	-6.725873710060209509e-01	2.502938742865642996e-01	-1.635831746398888342e-01	2.190355032815415603e-01	-2.563061537126867240e-01	2.262025745840266222e-01	-2.245730647573943306e-01	1.187773195704502766e-01	-1.353490078008912634e-01	2.077699554085020717e-01	-1.447362293948329381e-01	4.604907432263731504e-02	-1.099907736690955706e-01	1.151434401366489557e-01	-1.459507105844603247e-01	1.461460491001727591e-01	-4.434826774686837642e-02	8.304685599578688626e-02	-9.755822740069716725e-02	1.348019779434256049e-01	-8.479110294163728911e-02	1.075592917334325660e-01	-6.054921522142544393e-02	5.949521599202142741e-02	-2.328784106356425812e-02	1.321356241785723480e-02	-1.325138005866365910e-02	5.606486800033520096e-02	-3.695865072240614446e-02	2.435647412334098622e-02	-7.789275769138517651e-03	8.311818169638236081e-03
1.788002885250569995e-01	-1.489542705513726695e-01	1.590933750077230535e-01	-2.002463016501473403e-01	3.007994678734734473e-01	-2.207572066847889314e-01	2.221657348683319377e-01	-6.725873710060209509e-01	1.000000000000001110e+00	-4.410117763903745325e-01	1.424125549377392441e-01	-2.025555208115773775e-01	2.183250815485912322e-01	-3.048232484324887581e-01	2.518205178526194965e-01	-1.103756486447089458e-01	1.193963632210380821e-01	-2.260791935120227691e-01	1.539562441628961886e-01	-5.069170149229561273e-02	1.035606586955744451e-01	-1.148159824660171247e-01	1.461446110389325315e-01	-1.672994950400241432e-01	4.786510895075318794e-02	-8.422995392888572852e-02	9.716218134967179176e-02	-1.464078187281836751e-01	9.239356874482544668e-02	-1.206819474041365137e-01	6.039467404478628121e-02	-6.086674701161193940e-02	2.380623030029947046e-02	-1.414797359036455704e-02	1.413924387072646068e-02	-5.773347897500996639e-02	3.764277369795649558e-02	-2.506183962876910171e-02	8.084542519038694086e-03	-8.635745261235634046e-03
-1.264775629345795960e-01	9.678702852714281268e-02	-1.054937849921097487e-01	1.220178333307607443e-01	-4.972551607056491241e-01	1.416820945347572747e-01	-1.422079785028751153e-01	2.502938742865642996e-01	-4.410117763903745325e-01	1.000000000000000000e+00	-1.012346563341660205e-01	1.389801631170003160e-01	-1.959176315512093647e-01	2.827840016188578609e-01	-6.347651630344508522e-01	7.988438355188864914e-02	-8.905210577126143612e-02	1.849538092874042916e-01	-1.439813618008157214e-01	4.712588757922011456e-02	-8.293183782285350192e-02	9.138187889297290367e-02	-1.273764287732825073e-01	1.448614813466758411e-01	-4.504116029387587178e-02	6.866960062306273760e-02	-8.022220609987000539e-02	1.227140609320343523e-01	-7.944679405083446277e-02	1.020956074885345372e-01	-4.962245472105147187e-02	4.993084872188086054e-02	-1.975625159396854694e-02	1.201346445513244536e-02	-1.201928624962627160e-02	4.737660315683580453e-02	-3.095127850448044574e-02	2.075756049141059406e-02	-6.768889053039127066e-03	7.223587238236567690e-03
1.693312160607866879e-01	-1.337472225298239337e-01	9.574772880351165028e-02	-9.897783281775407449e-02	1.643663010417742709e-01	-5.759649980894435695e-01	2.595489728424194009e-01	-1.635831746398888342e-01	1.424125549377392441e-01	-1.012346563341660205e-01	1.000000000000000444e+00	-5.653509995145418188e-01	1.688854514055498912e-01	-1.293479000562999526e-01	1.018965870956251435e-01	-4.325697085245826523e-01	2.786564670271108879e-01	-1.572532342952843720e-01	9.166672561095150218e-02	-2.882314016105841023e-02	1.287400032850178622e-01	-1.321950435501658694e-01	1.024428760059497706e-01	-9.530404962518880529e-02	2.765234599988083269e-02	-7.868384526452944228e-02	8.900646531678051143e-02	-9.711196115801565276e-02	5.729896891627856564e-02	-7.242431178939939818e-02	5.394393409745277396e-02	-5.179184970673649663e-02	1.865975896975192311e-02	-9.227481294377759199e-03	9.254846628518801840e-03	-4.760781393675973805e-02	3.162152463122577112e-02	-1.952866493123729674e-02	5.858964795383821665e-03	-6.263805252454140819e-03
-2.461719906532198188e-01	1.874349112166051601e-01	-1.344721525186434452e-01	1.334295216231959347e-01	-2.269595920011296397e-01	3.211847053079474046e-01	-4.727662371909486794e-01	2.190355032815415603e-01	-2.025555208115773775e-01	1.389801631170003160e-01	-5.653509995145418188e-01	9.999999999999983347e-01	-3.255010084361596445e-01	1.800583434841273311e-01	-1.466552062719354010e-01	2.454983341079973458e-01	-3.230686013677047663e-01	2.099725564958083990e-01	-1.262825020131349840e-01	3.786168616076993065e-02	-1.394767849492679623e-01	1.407567839090648754e-01	-1.346830673494336938e-01	1.246617082966856999e-01	-3.652833329069446466e-02	8.826432237282215432e-02	-1.035948779117896457e-01	1.214134812164529148e-01	-7.343481391457538920e-02	9.178427916567523381e-02	-6.227344053286323206e-02	5.966627220344009053e-02	-2.212945304403048791e-02	1.157400395488982457e-02	-1.161587935347467744e-02	5.503573023852691842e-02	-3.666520805237855063e-02	2.309351603454894153e-02	-7.102406209244521360e-03	7.582253199651460031e-03
1.454228815419884302e-01	-1.113548651049407617e-01	9.857728860766948320e-02	-1.055220859627154645e-01	2.489858674752954970e-01	-1.847871187704685780e-01	1.907480109036169824e-01	-2.563061537126867240e-01	2.183250815485912322e-01	-1.959176315512093647e-01	1.688854514055498912e-01	-3.255010084361596445e-01	1.000000000000000444e+00	-4.791443683453602276e-01	2.274081135440981505e-01	-1.233896256847783757e-01	1.398488931608365404e-01	-6.446077746394136554e-01	2.263199581459789389e-01	-5.802556878190086309e-02	1.081132394913945222e-01	-1.200201580586021527e-01	1.959310100088983153e-01	-2.147469400444522447e-01	5.530246192868295413e-02	-8.675156507383535720e-02	1.041969531960632994e-01	-1.746892132558278965e-01	1.077579694156266948e-01	-1.343565762113183293e-01	6.118663203485060625e-02	-6.103128789760590284e-02	2.371243829690258473e-02	-1.536653028971678159e-02	1.536680522500757408e-02	-5.668803240926539172e-02	3.742907451275683667e-02	-2.478824897832882304e-02	8.153675817186891925e-03	-8.677053052408964864e-03
-1.398593514326665066e-01	1.032159742305246292e-01	-1.029830014114471587e-01	1.126889126269602914e-01	-3.421569589115378562e-01	1.543759016932748640e-01	-1.632057769288730864e-01	2.262025745840266222e-01	-3.048232484324887581e-01	2.827840016188578609e-01	-1.293479000562999526e-01	1.800583434841273311e-01	-4.791443683453602276e-01	9.999999999999998890e-01	-5.865322997472252053e-01	9.709457779460252402e-02	-1.126803300022610616e-01	2.795134544214019079e-01	-2.959930325110693428e-01	6.259468094910457248e-02	-9.941654502917722513e-02	1.071850112218627471e-01	-1.771524878676365433e-01	2.135796997713829137e-01	-6.082265512920934092e-02	7.984534784508333372e-02	-9.665407450565481617e-02	1.510637687226461245e-01	-1.043081159439788047e-01	1.259227934248872971e-01	-5.771611536120697245e-02	5.714536836536890374e-02	-2.276166267541065991e-02	1.486683128063049503e-02	-1.491283482989958463e-02	5.347191268153575483e-02	-3.536813163421187456e-02	2.372907594203821358e-02	-7.919345306892266317e-03	8.420005404193853238e-03
1.135343360644741201e-01	-8.774879566088440719e-02	8.816238314187303804e-02	-1.018777995382179752e-01	2.798199253774981132e-01	-1.379498764121613874e-01	1.327555132923933234e-01	-2.245730647573943306e-01	2.518205178526194965e-01	-6.347651630344508522e-01	1.018965870956251435e-01	-1.466552062719354010e-01	2.274081135440981505e-01	-5.865322997472252053e-01	9.999999999999998890e-01	-8.123596143248316970e-02	9.010557876334471250e-02	-2.301542402508181262e-01	1.737092028306770342e-01	-5.729555467436943383e-02	8.399498152844246668e-02	-9.446207736169127955e-02	1.383597467277262183e-01	-1.819995311966770835e-01	5.324456940511154007e-02	-7.121739083744750565e-02	8.349956676869112193e-02	-1.363990708005493879e-01	9.009457105693574608e-02	-1.164968026651594102e-01	5.081019750718535760e-02	-5.146058373707069339e-02	2.033820470623921156e-02	-1.317064701461236054e-02	1.315083742078935157e-02	-4.861305381191009106e-02	3.174808532267978795e-02	-2.137816496476011713e-02	7.074787163333592227e-03	-7.542421399919079297e-03
-1.243769752101850923e-01	9.190358626760938843e-02	-7.109666914744924848e-02	7.342250585064465096e-02	-1.379069126198808892e-01	2.339243532051148433e-01	-1.708808931065428360e-01	1.187773195704502766e-01	-1.103756486447089458e-01	7.988438355188864914e-02	-4.325697085245826523e-01	2.454983341079973458e-01	-1.233896256847783757e-01	9.709457779460252402e-02	-8.123596143248316970e-02	9.999999999999977796e-01	-7.935827704175412167e-01	1.204984811756595331e-01	-7.600289215264068032e-02	2.444107401500871316e-02	-2.173114543935935894e-01	1.890866122708847463e-01	-9.835627044446841605e-02	7.919177605476690474e-02	-2.360712552358888369e-02	1.017134083884733142e-01	-1.140476081505126804e-01	9.227517600212008231e-02	-5.176681325549498808e-02	6.419406324734984459e-02	-6.712294805417294563e-02	6.217157144703003985e-02	-2.094677128020375201e-02	8.806765625759833960e-03	-8.849433464543025873e-03	5.580236843178464773e-02	-3.755888742625943660e-02	2.186356280058546209e-02	-6.161756113283646356e-03	6.597205239187146734e-03
1.278938991494334432e-01	-9.977325341804559045e-02	7.620616220278080000e-02	-8.059118777668042299e-02	1.469394931531660120e-01	-2.814062803708876070e-01	1.781147365019864204e-01	-1.353490078008912634e-01	1.193963632210380821e-01	-8.905210577126143612e-02	2.786564670271108879e-01	-3.230686013677047663e-01	1.398488931608365404e-01	-1.126803300022610616e-01	9.010557876334471250e-02	-7.935827704175412167e-01	9.999999999999985567e-01	-1.491235885740710698e-01	8.788327850847248157e-02	-2.834093350733774691e-02	1.982725095016606431e-01	-2.680975691682463413e-01	1.123199511346637258e-01	-9.320538753850093894e-02	2.724430672853022165e-02	-1.132424184433216408e-01	1.274598986089450214e-01	-1.081744227334006381e-01	6.022273130647517320e-02	-7.537116345866202993e-02	7.395736569173805286e-02	-7.063253052684249911e-02	2.369888518568270819e-02	-1.014870466160219115e-02	1.018598757530441226e-02	-6.369099358785682008e-02	4.246727850100863455e-02	-2.484239805563141085e-02	7.013302349595844365e-03	-7.513441091027219659e-03
-1.561640596209393217e-01	1.113243272232267295e-01	-1.046015871091268978e-01	1.101392500305328898e-01	-3.116199913436508151e-01	1.688896758976635437e-01	-1.835050185397669731e-01	2.077699554085020717e-01	-2.260791935120227691e-01	1.849538092874042916e-01	-1.572532342952843720e-01	2.099725564958083990e-01	-6.446077746394136554e-01	2.795134544214019079e-01	-2.301542402508181262e-01	1.204984811756595331e-01	-1.491235885740710698e-01	9.999999999999987788e-01	-3.844852500598506806e-01	7.052116603162762731e-02	-1.256615273371564923e-01	1.350013577253520169e-01	-3.349768760009085855e-01	2.542919905475232722e-01	-6.956585656056425704e-02	9.980954879719355910e-02	-1.261670604308219035e-01	2.099639227117555962e-01	-1.330208830790158836e-01	1.528904960441997418e-01	-7.168575273145758042e-02	7.022047870726771945e-02	-2.771472385946530115e-02	1.836193999687855613e-02	-1.845840769006198284e-02	6.465440197701644021e-02	-4.324503268876614404e-02	2.872793899458793432e-02	-9.591009497353430308e-03	1.017631634691765555e-02
9.826092765014411701e-02	-7.149558325516330859e-02	6.860920831612793425e-02	-7.427294675531441459e-02	2.092828014655510327e-01	-1.117141499743022348e-01	1.113079511378506359e-01	-1.447362293948329381e-01	1.539562441628961886e-01	-1.439813618008157214e-01	9.166672561095150218e-02	-1.262825020131349840e-01	2.263199581459789389e-01	-2.959930325110693428e-01	1.737092028306770342e-01	-7.600289215264068032e-02	8.788327850847248157e-02	-3.844852500598506806e-01	9.999999999999998890e-01	-1.243991537028266425e-01	9.272346365811405533e-02	-1.041542429664765873e-01	2.250009965041525895e-01	-7.658721429248717127e-01	1.110153623096811620e-01	-8.079188552376970200e-02	1.019157444755459108e-01	-1.979067096004500648e-01	1.783017322370453739e-01	-2.088687871055364964e-01	5.714135046317755234e-02	-5.713502640458881926e-02	2.343965884978507427e-02	-2.117391361036690539e-02	2.107809049919526570e-02	-5.251196093601669113e-02	3.497634605448827344e-02	-2.431566338989815668e-02	8.972360235770603099e-03	-9.467969033680268334e-03
-3.363784838152997919e-02	2.393644540952209743e-02	-2.356350668687856934e-02	2.541157286913395610e-02	-7.712165494261222221e-02	3.619070273140936184e-02	-3.598408989759534216e-02	4.604907432263731504e-02	-5.069170149229561273e-02	4.712588757922011456e-02	-2.882314016105841023e-02	3.786168616076993065e-02	-5.802556878190086309e-02	6.259468094910457248e-02	-5.729555467436943383e-02	2.444107401500871316e-02	-2.834093350733774691e-02	7.052116603162762731e-02	-1.243991537028266425e-01	9.999999999999986677e-01	-3.357285906847946172e-02	3.593761560502634067e-02	-7.563866029090959842e-02	1.135499411583926616e-01	-9.747210022664366535e-01	2.865797573421942010e-02	-3.759593991927865503e-02	6.668779529127283334e-02	-8.349025299963278024e-02	9.806595064484920077e-02	-2.089061614044869855e-02	2.046427292778518064e-02	-8.971174786823203975e-03	9.695125511982127450e-03	-9.900290186650933383e-03	1.875083383441259952e-02	-1.264902406722949978e-02	9.197158954258006364e-03	-3.762169541504684946e-03	3.936181765166762818e-03
9.410957444760420509e-02	-6.938083354794269408e-02	6.008683985284866969e-02	-6.468574258982510983e-02	1.492798104465138109e-01	-1.508964103962876502e-01	1.108624782249166413e-01	-1.099907736690955706e-01	1.035606586955744451e-01	-8.293183782285350192e-02	1.287400032850178622e-01	-1.394767849492679623e-01	1.081132394913945222e-01	-9.941654502917722513e-02	8.399498152844246668e-02	-2.173114543935935894e-01	1.982725095016606431e-01	-1.256615273371564923e-01	9.272346365811405533e-02	-3.357285906847946172e-02	9.999999999999985567e-01	-7.065300085804484542e-01	1.669536086054655977e-01	-1.050266692124920548e-01	3.251047873219183731e-02	-4.631775376807202860e-01	3.024371641420754986e-01	-1.772202941431490486e-01	8.604259918504778004e-02	-1.057391251197764004e-01	2.120232644839606939e-01	-2.075207245235810294e-01	5.952427829678429150e-02	-1.768813424426029027e-02	1.777562036728774428e-02	-1.851297175069774870e-01	1.191887047879317540e-01	-6.360627298334196877e-02	1.562289179355600723e-02	-1.685891672796351048e-02
-1.034182080579980623e-01	7.391023721481462805e-02	-6.554530097136201938e-02	6.955139968411477858e-02	-1.745903784223719335e-01	1.438530311815407192e-01	-1.181091351714018550e-01	1.151434401366489557e-01	-1.148159824660171247e-01	9.138187889297290367e-02	-1.321950435501658694e-01	1.407567839090648754e-01	-1.200201580586021527e-01	1.071850112218627471e-01	-9.446207736169127955e-02	1.890866122708847463e-01	-2.680975691682463413e-01	1.350013577253520169e-01	-1.041542429664765873e-01	3.593761560502634067e-02	-7.065300085804484542e-01	9.999999999999976685e-01	-2.234785518185658793e-01	1.139543852808320157e-01	-3.526866989426790527e-02	2.805739209044056381e-01	-4.619120504246148617e-01	1.943738207358811088e-01	-9.440301491143815449e-02	1.096445023240067151e-01	-1.910959994341468460e-01	1.660041911627682387e-01	-5.108349569175287680e-02	1.728943583168485176e-02	-1.744271353158044838e-02	1.386806979432440579e-01	-9.910870015380718323e-02	5.244427432953331636e-02	-1.361652106564476342e-02	1.457522534596217625e-02
1.060696962154782097e-01	-7.676839396440532370e-02	7.236628691385540990e-02	-7.811004427382496618e-02	2.137380850595965720e-01	-1.268227359505801899e-01	1.182847586986583571e-01	-1.459507105844603247e-01	1.461446110389325315e-01	-1.273764287732825073e-01	1.024428760059497706e-01	-1.346830673494336938e-01	1.959310100088983153e-01	-1.771524878676365433e-01	1.383597467277262183e-01	-9.835627044446841605e-02	1.123199511346637258e-01	-3.349768760009085855e-01	2.250009965041525895e-01	-7.563866029090959842e-02	1.669536086054655977e-01	-2.234785518185658793e-01	9.999999999999988898e-01	-3.197034458082448349e-01	7.347009922173866614e-02	-1.693537979248740388e-01	2.155033016089210052e-01	-7.076922935549290195e-01	2.335459014456353066e-01	-2.814900594722700156e-01	1.104924726818569958e-01	-1.152615720621935624e-01	4.314000239097148109e-02	-2.988270321145217873e-02	2.970035263176528870e-02	-1.029271909694914333e-01	6.817506187527910821e-02	-4.510326490262071830e-02	1.450271366041146204e-02	-1.541297720540379598e-02
-1.093340528680358803e-01	7.736508275169012849e-02	-7.618731933591639527e-02	8.152245415102431225e-02	-2.531071603695546623e-01	1.153977313997775062e-01	-1.181255255303002710e-01	1.461460491001727591e-01	-1.672994950400241432e-01	1.448614813466758411e-01	-9.530404962518880529e-02	1.246617082966856999e-01	-2.147469400444522447e-01	2.135796997713829137e-01	-1.819995311966770835e-01	7.919177605476690474e-02	-9.320538753850093894e-02	2.542919905475232722e-01	-7.658721429248717127e-01	1.135499411583926616e-01	-1.050266692124920548e-01	1.139543852808320157e-01	-3.197034458082448349e-01	9.999999999999986677e-01	-1.232527694355983472e-01	8.898058914536639830e-02	-1.171771605492236273e-01	2.163087398851913368e-01	-2.647646005149648651e-01	2.166529957111616445e-01	-6.417269029589003915e-02	6.297266611769616884e-02	-2.636155662792357551e-02	2.516550399133994642e-02	-2.534492660484670770e-02	5.753936238238653578e-02	-3.876968316250947039e-02	2.710168724732793175e-02	-1.026930006776503694e-02	1.078056241358724132e-02
3.185034959416781219e-02	-2.279282300111192330e-02	2.230601196663952596e-02	-2.412600459518428678e-02	7.158537128416976592e-02	-3.490945106181893992e-02	3.433634809013800387e-02	-4.434826774686837642e-02	4.786510895075318794e-02	-4.504116029387587178e-02	2.765234599988083269e-02	-3.652833329069446466e-02	5.530246192868295413e-02	-6.082265512920934092e-02	5.324456940511154007e-02	-2.360712552358888369e-02	2.724430672853022165e-02	-6.956585656056425704e-02	1.110153623096811620e-01	-9.747210022664366535e-01	3.251047873219183731e-02	-3.526866989426790527e-02	7.347009922173866614e-02	-1.232527694355983472e-01	9.999999999999991118e-01	-2.824971233417448990e-02	3.682415702847404576e-02	-6.800236016668079198e-02	8.344254989453306348e-02	-1.113903245257020780e-01	2.042794716976018346e-02	-2.014851027937330716e-02	8.808366969774382091e-03	-9.736131248739194471e-03	9.892056023661994005e-03	-1.845943617891307106e-02	1.241946544442234027e-02	-9.051660761986157766e-03	3.714536541754716661e-03	-3.889638989277757752e-03
-7.127336279012823350e-02	5.063603867032126504e-02	-4.655885041919179818e-02	4.970826694783486710e-02	-1.345781039703831394e-01	9.221380745773302690e-02	-7.813973457109046894e-02	8.304685599578688626e-02	-8.422995392888572852e-02	6.866960062306273760e-02	-7.868384526452944228e-02	8.826432237282215432e-02	-8.675156507383535720e-02	7.984534784508333372e-02	-7.121739083744750565e-02	1.017134083884733142e-01	-1.132424184433216408e-01	9.980954879719355910e-02	-8.079188552376970200e-02	2.865797573421942010e-02	-4.631775376807202860e-01	2.805739209044056381e-01	-1.693537979248740388e-01	8.898058914536639830e-02	-2.824971233417448990e-02	1.000000000000000000e+00	-5.856073711889088207e-01	1.733863991690559048e-01	-8.130330493109812207e-02	9.159538818442500285e-02	-5.094565657930638647e-01	2.564525546847273296e-01	-6.684268663985776238e-02	1.741809057128674079e-02	-1.759925334286724374e-02	1.948813132143773497e-01	-1.477621960057735606e-01	6.782378986667669807e-02	-1.596262368316277852e-02	1.710494177423274587e-02
8.051309444152197903e-02	-5.789362954259243826e-02	5.300131025091744247e-02	-5.688861641582974166e-02	1.503432570652102618e-01	-1.075249433034531632e-01	8.955206418389388690e-02	-9.755822740069716725e-02	9.716218134967179176e-02	-8.022220609987000539e-02	8.900646531678051143e-02	-1.035948779117896457e-01	1.041969531960632994e-01	-9.665407450565481617e-02	8.349956676869112193e-02	-1.140476081505126804e-01	1.274598986089450214e-01	-1.261670604308219035e-01	1.019157444755459108e-01	-3.759593991927865503e-02	3.024371641420754986e-01	-4.619120504246148617e-01	2.155033016089210052e-01	-1.171771605492236273e-01	3.682415702847404576e-02	-5.856073711889088207e-01	9.999999999999997780e-01	-3.286682893426931540e-01	1.181633032560336638e-01	-1.366534224265384678e-01	2.711399676805955616e-01	-3.320606267869087858e-01	7.491686347959106151e-02	-2.218514931959010908e-02	2.224955615893543792e-02	-2.368952607832951474e-01	1.620426843271172146e-01	-7.919655959127677725e-02	1.869288751215129538e-02	-2.011734675758739682e-02
-1.084391905564044412e-01	7.595149348969459924e-02	-7.369987496202856647e-02	7.848575103947620646e-02	-2.392799409075072048e-01	1.178123441411131622e-01	-1.148409021084115383e-01	1.348019779434256049e-01	-1.464078187281836751e-01	1.227140609320343523e-01	-9.711196115801565276e-02	1.214134812164529148e-01	-1.746892132558278965e-01	1.510637687226461245e-01	-1.363990708005493879e-01	9.227517600212008231e-02	-1.081744227334006381e-01	2.099639227117555962e-01	-1.979067096004500648e-01	6.668779529127283334e-02	-1.772202941431490486e-01	1.943738207358811088e-01	-7.076922935549290195e-01	2.163087398851913368e-01	-6.800236016668079198e-02	1.733863991690559048e-01	-3.286682893426931540e-01	9.999999999999995559e-01	-3.596400593926198375e-01	2.550827293879801561e-01	-1.205870183709516763e-01	1.178296607509102395e-01	-4.624889808834433541e-02	3.327283756076496180e-02	-3.368291845816230590e-02	1.004964274933411728e-01	-7.061629027078725196e-02	4.658357535843236918e-02	-1.528838417013615031e-02	1.609194893768653781e-02
6.556333458829968763e-02	-4.620489635930920963e-02	4.513334728608447283e-02	-4.830424142111391927e-02	1.474190907626566904e-01	-7.079644977336509160e-02	6.957428473628435306e-02	-8.479110294163728911e-02	9.239356874482544668e-02	-7.944679405083446277e-02	5.729896891627856564e-02	-7.343481391457538920e-02	1.077579694156266948e-01	-1.043081159439788047e-01	9.009457105693574608e-02	-5.176681325549498808e-02	6.022273130647517320e-02	-1.330208830790158836e-01	1.783017322370453739e-01	-8.349025299963278024e-02	8.604259918504778004e-02	-9.440301491143815449e-02	2.335459014456353066e-01	-2.647646005149648651e-01	8.344254989453306348e-02	-8.130330493109812207e-02	1.181633032560336638e-01	-3.596400593926198375e-01	9.999999999999997780e-01	-8.400948493442415010e-01	5.725464420289460427e-02	-5.673319133644866979e-02	2.775716710974681159e-02	-6.056957226222546564e-02	5.719609128028207978e-02	-5.005069392701234909e-02	3.445016009429458653e-02	-2.809183449805805616e-02	1.471947135348676897e-02	-1.511600201540213781e-02
-8.621112966077489059e-02	6.001024952051088601e-02	-5.939714821436194864e-02	6.325779519454749478e-02	-2.016144230529394177e-01	8.920507296783172779e-02	-8.948636213494350067e-02	1.075592917334325660e-01	-1.206819474041365137e-01	1.020956074885345372e-01	-7.242431178939939818e-02	9.178427916567523381e-02	-1.343565762113183293e-01	1.259227934248872971e-01	-1.164968026651594102e-01	6.419406324734984459e-02	-7.537116345866202993e-02	1.528904960441997418e-01	-2.088687871055364964e-01	9.806595064484920077e-02	-1.057391251197764004e-01	1.096445023240067151e-01	-2.814900594722700156e-01	2.166529957111616445e-01	-1.113903245257020780e-01	9.159538818442500285e-02	-1.366534224265384678e-01	2.550827293879801561e-01	-8.400948493442415010e-01	1.000000000000000222e+00	-6.779053835357123914e-02	6.495794544210307941e-02	-3.179634887702049301e-02	5.804426941787529937e-02	-6.112722153439093670e-02	5.791678810020795681e-02	-4.022632603049851319e-02	3.192004305371386880e-02	-1.628226149983617171e-02	1.669886782778742459e-02
5.073698855954009851e-02	-3.622447356887122799e-02	3.339076258282594467e-02	-3.583883546499990608e-02	9.610639713380944582e-02	-6.601317259601430232e-02	5.536072885194572718e-02	-6.054921522142544393e-02	6.039467404478628121e-02	-4.962245472105147187e-02	5.394393409745277396e-02	-6.227344053286323206e-02	6.118663203485060625e-02	-5.771611536120697245e-02	5.081019750718535760e-02	-6.712294805417294563e-02	7.395736569173805286e-02	-7.168575273145758042e-02	5.714135046317755234e-02	-2.089061614044869855e-02	2.120232644839606939e-01	-1.910959994341468460e-01	1.104924726818569958e-01	-6.417269029589003915e-02	2.042794716976018346e-02	-5.094565657930638647e-01	2.711399676805955616e-01	-1.205870183709516763e-01	5.725464420289460427e-02	-6.779053835357123914e-02	9.999999999999995559e-01	-6.365573286718603230e-01	1.032164379847520796e-01	-1.911041770693512609e-02	1.919299245949461843e-02	-4.001015911959362459e-01	2.620863352094409682e-01	-1.102310619772304684e-01	2.247044489317404775e-02	-2.429330154114393847e-02
-5.078745180881728827e-02	3.582812839735565608e-02	-3.347350475236898076e-02	3.576173614068477169e-02	-1.000860227197278157e-01	6.255803968298576101e-02	-5.439304606726320934e-02	5.949521599202142741e-02	-6.086674701161193940e-02	4.993084872188086054e-02	-5.179184970673649663e-02	5.966627220344009053e-02	-6.103128789760590284e-02	5.714536836536890374e-02	-5.146058373707069339e-02	6.217157144703003985e-02	-7.063253052684249911e-02	7.022047870726771945e-02	-5.713502640458881926e-02	2.046427292778518064e-02	-2.075207245235810294e-01	1.660041911627682387e-01	-1.152615720621935624e-01	6.297266611769616884e-02	-2.014851027937330716e-02	2.564525546847273296e-01	-3.320606267869087858e-01	1.178296607509102395e-01	-5.673319133644866979e-02	6.495794544210307941e-02	-6.365573286718603230e-01	1.000000000000000222e+00	-1.414126768465389095e-01	2.131583815420001402e-02	-2.150775785959103958e-02	3.128734566724624133e-01	-5.183375582244831303e-01	1.240055854095030718e-01	-2.457098652858704518e-02	2.611515277200904261e-02
1.939881641491918163e-02	-1.368387528122996105e-02	1.292835005024443353e-02	-1.385609216135035016e-02	3.935820091747440491e-02	-2.323425742019683340e-02	2.052826197603434613e-02	-2.328784106356425812e-02	2.380623030029947046e-02	-1.975625159396854694e-02	1.865975896975192311e-02	-2.212945304403048791e-02	2.371243829690258473e-02	-2.276166267541065991e-02	2.033820470623921156e-02	-2.094677128020375201e-02	2.369888518568270819e-02	-2.771472385946530115e-02	2.343965884978507427e-02	-8.971174786823203975e-03	5.952427829678429150e-02	-5.108349569175287680e-02	4.314000239097148109e-02	-2.636155662792357551e-02	8.808366969774382091e-03	-6.684268663985776238e-02	7.491686347959106151e-02	-4.624889808834433541e-02	2.775716710974681159e-02	-3.179634887702049301e-02	1.032164379847520796e-01	-1.414126768465389095e-01	1.000000000000000444e+00	-9.365210862467528152e-02	8.477928057420248964e-02	-1.129509273414266435e-01	1.045610459884603327e-01	-9.519963192916160999e-01	1.218397334311598357e-01	-1.357248606973783522e-01
-1.049176806269351732e-02	7.377302456961340807e-03	-7.165298742333659453e-03	7.673920146504373610e-03	-2.313852509124887658e-02	1.156412923656561717e-02	-1.101935371409602273e-02	1.321356241785723480e-02	-1.414797359036455704e-02	1.201346445513244536e-02	-9.227481294377759199e-03	1.157400395488982457e-02	-1.536653028971678159e-02	1.486683128063049503e-02	-1.317064701461236054e-02	8.806765625759833960e-03	-1.014870466160219115e-02	1.836193999687855613e-02	-2.117391361036690539e-02	9.695125511982127450e-03	-1.768813424426029027e-02	1.728943583168485176e-02	-2.988270321145217873e-02	2.516550399133994642e-02	-9.736131248739194471e-03	1.741809057128674079e-02	-2.218514931959010908e-02	3.327283756076496180e-02	-6.056957226222546564e-02	5.804426941787529937e-02	-1.911041770693512609e-02	2.131583815420001402e-02	-9.365210862467528152e-02	1.000000000000000666e+00	-9.770232383514525498e-01	1.884036138939705618e-02	-1.571052563701542601e-02	8.386666381168242368e-02	-1.184986320991608666e-01	1.087467629655252399e-01
1.049325712517450333e-02	-7.386534456307059134e-03	7.165411988840298708e-03	-7.678416293684730588e-03	2.305113256708091196e-02	-1.161656485454924496e-02	1.103677417320851097e-02	-1.325138005866365910e-02	1.413924387072646068e-02	-1.201928624962627160e-02	9.254846628518801840e-03	-1.161587935347467744e-02	1.536680522500757408e-02	-1.491283482989958463e-02	1.315083742078935157e-02	-8.849433464543025873e-03	1.018598757530441226e-02	-1.845840769006198284e-02	2.107809049919526570e-02	-9.900290186650933383e-03	1.777562036728774428e-02	-1.744271353158044838e-02	2.970035263176528870e-02	-2.534492660484670770e-02	9.892056023661994005e-03	-1.759925334286724374e-02	2.224955615893543792e-02	-3.368291845816230590e-02	5.719609128028207978e-02	-6.112722153439093670e-02	1.919299245949461843e-02	-2.150775785959103958e-02	8.477928057420248964e-02	-9.770232383514525498e-01	1.000000000000000888e+00	-1.930271086306512354e-02	1.597041648717545045e-02	-8.810011854432581169e-02	1.078856481561781822e-01	-1.227445146850868474e-01
-4.814261702997044146e-02	3.379217010424620526e-02	-3.179468192629678058e-02	3.394083705993584943e-02	-9.666643662455896846e-02	5.783134936085199129e-02	-5.094004080256478439e-02	5.606486800033520096e-02	-5.773347897500996639e-02	4.737660315683580453e-02	-4.760781393675973805e-02	5.503573023852691842e-02	-5.668803240926539172e-02	5.347191268153575483e-02	-4.861305381191009106e-02	5.580236843178464773e-02	-6.369099358785682008e-02	6.465440197701644021e-02	-5.251196093601669113e-02	1.875083383441259952e-02	-1.851297175069774870e-01	1.386806979432440579e-01	-1.029271909694914333e-01	5.753936238238653578e-02	-1.845943617891307106e-02	1.948813132143773497e-01	-2.368952607832951474e-01	1.004964274933411728e-01	-5.005069392701234909e-02	5.791678810020795681e-02	-4.001015911959362459e-01	3.128734566724624133e-01	-1.129509273414266435e-01	1.884036138939705618e-02	-1.930271086306512354e-02	1.000000000000000888e+00	-7.832313295088950689e-01	1.047211529951108805e-01	-2.215835154224592152e-02	2.292568482145944386e-02
3.136517812367432129e-02	-2.214548571880303046e-02	2.071470567310108174e-02	-2.216071206601492524e-02	6.194275954560601871e-02	-3.860296900572104256e-02	3.351084599735694447e-02	-3.695865072240614446e-02	3.764277369795649558e-02	-3.095127850448044574e-02	3.162152463122577112e-02	-3.666520805237855063e-02	3.742907451275683667e-02	-3.536813163421187456e-02	3.174808532267978795e-02	-3.755888742625943660e-02	4.246727850100863455e-02	-4.324503268876614404e-02	3.497634605448827344e-02	-1.264902406722949978e-02	1.191887047879317540e-01	-9.910870015380718323e-02	6.817506187527910821e-02	-3.876968316250947039e-02	1.241946544442234027e-02	-1.477621960057735606e-01	1.620426843271172146e-01	-7.061629027078725196e-02	3.445016009429458653e-02	-4.022632603049851319e-02	2.620863352094409682e-01	-5.183375582244831303e-01	1.045610459884603327e-01	-1.571052563701542601e-02	1.597041648717545045e-02	-7.832313295088950689e-01	1.000000000000000888e+00	-1.114936309278374282e-01	1.999627930549674124e-02	-2.074710577159595906e-02
-2.046090613133717470e-02	1.438526332767194049e-02	-1.362850998231241069e-02	1.458549792206414314e-02	-4.185522994044971884e-02	2.422174984475940207e-02	-2.154643855856107348e-02	2.435647412334098622e-02	-2.506183962876910171e-02	2.075756049141059406e-02	-1.952866493123729674e-02	2.309351603454894153e-02	-2.478824897832882304e-02	2.372907594203821358e-02	-2.137816496476011713e-02	2.186356280058546209e-02	-2.484239805563141085e-02	2.872793899458793432e-02	-2.431566338989815668e-02	9.197158954258006364e-03	-6.360627298334196877e-02	5.244427432953331636e-02	-4.510326490262071830e-02	2.710168724732793175e-02	-9.051660761986157766e-03	6.782378986667669807e-02	-7.919655959127677725e-02	4.658357535843236918e-02	-2.809183449805805616e-02	3.192004305371386880e-02	-1.102310619772304684e-01	1.240055854095030718e-01	-9.519963192916160999e-01	8.386666381168242368e-02	-8.810011854432581169e-02	1.047211529951108805e-01	-1.114936309278374282e-01	1.000000000000001332e+00	-1.427368331565571080e-01	1.236290506888889779e-01
6.396328646374228183e-03	-4.497610020708166928e-03	4.303202905551702095e-03	-4.612040473842103985e-03	1.345569434710857000e-02	-7.372902933388211094e-03	6.701197096226432087e-03	-7.789275769138517651e-03	8.084542519038694086e-03	-6.768889053039127066e-03	5.858964795383821665e-03	-7.102406209244521360e-03	8.153675817186891925e-03	-7.919345306892266317e-03	7.074787163333592227e-03	-6.161756113283646356e-03	7.013302349595844365e-03	-9.591009497353430308e-03	8.972360235770603099e-03	-3.762169541504684946e-03	1.562289179355600723e-02	-1.361652106564476342e-02	1.450271366041146204e-02	-1.026930006776503694e-02	3.714536541754716661e-03	-1.596262368316277852e-02	1.869288751215129538e-02	-1.528838417013615031e-02	1.471947135348676897e-02	-1.628226149983617171e-02	2.247044489317404775e-02	-2.457098652858704518e-02	1.218397334311598357e-01	-1.184986320991608666e-01	1.078856481561781822e-01	-2.215835154224592152e-02	1.999627930549674124e-02	-1.427368331565571080e-01	1.000000000000001332e+00	-9.704973637914502405e-01
