1.000000000000000222e+00	-1.937380428199422522e-01	1.023797377677460735e-01	-8.712419546364734424e-02	1.222679681342040414e-01	-8.935467342401499646e-01	2.354524446682997874e-01	-1.689526600431566772e-01	8.605630888079450480e-02	-7.604567010386567572e-02	1.644785413157113796e-01	-1.898091505461603212e-01	1.137950998372918715e-01	-9.848952776010007348e-02	7.393861572706014740e-02	-1.194371663573572245e-01	1.334685785816054626e-01	-1.382268562267383039e-01	8.839107552799962964e-02	-1.104892961357082093e-01	8.325749080233084409e-02	-8.230262861723122714e-02	8.065058777426765968e-02	-8.900618539938885687e-02	6.454976382770812038e-02	-8.308419836824962323e-02	7.892543150643382965e-02	-7.002709491860577284e-02	7.278389287540829033e-02	-7.802191489859894302e-02	6.788735824452953038e-02	-6.581411295156314178e-02	5.582943414191167408e-02	-5.148795424362641315e-02	3.526505592153959812e-02	-9.482513647219599495e-02	8.167202969020308234e-02	-5.606245244410060918e-02	4.635716736075415345e-02	-4.091559841691390365e-02
-1.937380428199422522e-01	1.000000000000000444e+00	-6.012864340815995412e-01	2.486755845860491310e-01	-3.637726890211179787e-01	1.474078438051436568e-01	-3.516435239318456696e-01	3.312786659010285018e-01	-2.862690540749245338e-01	1.682787637903578881e-01	-2.481172949149689222e-01	2.128367117793221464e-01	-2.274364309844031096e-01	1.830164543390988274e-01	-1.691014306663194411e-01	1.577931804069334087e-01	-2.312577684391234345e-01	2.052741054653770270e-01	-1.586667122558677034e-01	1.825591939312981582e-01	-1.305924020947232256e-01	1.311693272189353998e-01	-1.370469919702212991e-01	1.478310863830780142e-01	-1.111137261353206535e-01	1.178026494697508447e-01	-1.393717611417791269e-01	1.171070035549383187e-01	-1.284053858517164581e-01	1.266250602361206068e-01	-1.086622923937285989e-01	1.105405032245772717e-01	-9.597555181998926321e-02	8.630976946630433688e-02	-5.927477921935777466e-02	1.378155196103322266e-01	-1.516387539940352025e-01	9.365912326881786765e-02	-8.016910567087875972e-02	6.755959054163629407e-02
1.023797377677460735e-01	-6.012864340815995412e-01	1.000000000000000666e+00	-3.932375378870929250e-01	2.186605574959338827e-01	-8.196416411279325298e-02	1.839249399594866385e-01	-6.090680818077096603e-01	2.633577832552058129e-01	-1.179895912622105081e-01	1.379035927503362569e-01	-1.254440978428644771e-01	1.490278831698193529e-01	-1.279530221421290304e-01	1.126660957042793926e-01	-9.098352159594863542e-02	1.309726270688785499e-01	-1.293933441941445273e-01	1.016263939515548720e-01	-1.181604143434021315e-01	7.611429082175492911e-02	-7.984816670208075284e-02	8.373587591212926229e-02	-9.334142897180190690e-02	6.999395088734532144e-02	-6.972135313694363679e-02	8.394429902440390945e-02	-7.182823893979804752e-02	7.888628555134676035e-02	-8.000184084581965505e-02	6.463892332661930196e-02	-6.642967869166657713e-02	5.809415112320536617e-02	-5.284071999823537064e-02	3.653548731860196269e-02	-8.304836271465219910e-02	8.994580770607832343e-02	-5.694434513462261205e-02	4.877348973271012494e-02	-4.169782516585236742e-02
-8.712419546364734424e-02	2.486755845860491310e-01	-3.932375378870929250e-01	1.000000000000000222e+00	-2.832216418156684457e-01	6.928673267064304475e-02	-1.517593926644703328e-01	2.683087853132193890e-01	-7.971817080580341219e-01	1.706496869148844409e-01	-1.282438301061982200e-01	1.136187716376670653e-01	-1.741367671387648586e-01	1.691281020252781986e-01	-1.569398872076707141e-01	8.732583719296097002e-02	-1.254297975593521575e-01	1.410273873295378733e-01	-1.213009440084324431e-01	1.392409047521699916e-01	-7.595589372979610898e-02	8.495430607682147306e-02	-9.060993740369938099e-02	1.057393146622234575e-01	-8.013960595308611268e-02	7.029050596901015302e-02	-8.953199857709369380e-02	7.810571101256068294e-02	-8.697327435910702509e-02	9.069957982383725081e-02	-6.672610915147463018e-02	7.007913439096651043e-02	-6.219339831913777566e-02	5.736224878601696442e-02	-4.012120434216177867e-02	8.630640108827947188e-02	-9.412615079582403732e-02	6.110435067461800207e-02	-5.268579041788690881e-02	4.573572321366811688e-02
1.222679681342040414e-01	-3.637726890211179787e-01	2.186605574959338827e-01	-2.832216418156684457e-01	1.000000000000000222e+00	-1.018414937085482669e-01	2.106876264718756386e-01	-3.576721488738212051e-01	2.443353202098359211e-01	-4.494778464119249528e-01	1.989004936485571640e-01	-1.823854319391502998e-01	2.568663149634631271e-01	-2.835204717972731325e-01	2.777148541062697817e-01	-1.519391157123526348e-01	2.068473353370005319e-01	-3.103838609531531789e-01	2.393884309154227785e-01	-3.627928998555154938e-01	1.418311372359739586e-01	-1.793871050719816063e-01	1.848623821934000933e-01	-2.351540136237861844e-01	1.877566398983525897e-01	-1.395020913605585777e-01	1.806548886538199283e-01	-1.704795317794302045e-01	1.831832158519777487e-01	-2.339794727946612196e-01	1.365360013929109717e-01	-1.464749238272821941e-01	1.326812848091192543e-01	-1.298748511927053928e-01	9.382066828151841564e-02	-1.910975856655792171e-01	1.850837629743239399e-01	-1.352381251063319578e-01	1.154079300213539522e-01	-1.092915098137868801e-01
-8.935467342401499646e-01	1.474078438051436568e-01	-8.196416411279325298e-02	6.928673267064304475e-02	-1.018414937085482669e-01	1.000000000000000666e+00	-3.226797875711050478e-01	1.308526168005954837e-01	-6.998926924379657299e-02	6.220241625480561060e-02	-1.798347776196520531e-01	1.766249181800674251e-01	-9.909026822523434030e-02	8.192530250885718401e-02	-6.120937699298879126e-02	1.095438510419479844e-01	-1.263436427233388948e-01	1.134591176666548684e-01	-7.299934301760936661e-02	8.887824370332460255e-02	-7.356812555504169127e-02	6.859764805031877410e-02	-6.739371395054871705e-02	7.273731866564342452e-02	-5.245355149036432657e-02	7.099679098555120027e-02	-6.588707781029005950e-02	5.757615442188480925e-02	-6.002594300207123729e-02	6.278525118366144742e-02	-5.692244996777579003e-02	5.451697759682761629e-02	-4.602051539500657401e-02	4.204976864045368440e-02	-2.869262434032975040e-02	7.783909551724699227e-02	-6.793158608045871127e-02	4.592796511549622485e-02	-3.801094189681987479e-02	3.319737967624140917e-02
2.354524446682997874e-01	-3.516435239318456696e-01	1.839249399594866385e-01	-1.517593926644703328e-01	2.106876264718756386e-01	-3.226797875711050478e-01	1.000000000000000000e+00	-3.136647721639269637e-01	1.511733696064588572e-01	-1.327800071333043175e-01	2.690723145018949491e-01	-6.413315124379140864e-01	2.150386167517054914e-01	-1.815654171084082891e-01	1.295198881927273338e-01	-2.049528459401031011e-01	2.516877709683457143e-01	-2.430978430102676557e-01	1.534233991318795787e-01	-1.871622549177779649e-01	1.391594456389457779e-01	-1.417108406555027955e-01	1.388043966627437176e-01	-1.520588379339570806e-01	1.091099526077679432e-01	-1.377034774149979435e-01	1.339119193743143199e-01	-1.183683891611889000e-01	1.235394953645229388e-01	-1.306252202847566768e-01	1.124052497063774275e-01	-1.100323288789874787e-01	9.361096421278668200e-02	-8.611883484342029715e-02	5.898142278904000557e-02	-1.549882273733392268e-01	1.369371405784881313e-01	-9.361948526470617593e-02	7.766375013296196450e-02	-6.824110192513001272e-02
-1.689526600431566772e-01	3.312786659010285018e-01	-6.090680818077096603e-01	2.683087853132193890e-01	-3.576721488738212051e-01	1.308526168005954837e-01	-3.136647721639269637e-01	1.000000000000001332e+00	-3.394702048571729414e-01	1.736732652130592858e-01	-2.338435656047962441e-01	2.005889019658431416e-01	-2.533444710333632721e-01	1.936002945478016157e-01	-1.744411764351125327e-01	1.502480952309851736e-01	-2.203158038631492233e-01	2.046320001030426106e-01	-1.606436552256864103e-01	1.828192969585054894e-01	-1.256837251031181213e-01	1.286298360691749965e-01	-1.352948468922052505e-01	1.474218925346685860e-01	-1.106521841521710264e-01	1.136074413914312103e-01	-1.367524695036491655e-01	1.153782127531082918e-01	-1.270207637690786429e-01	1.255891849488581513e-01	-1.055137871367516772e-01	1.080088517345138138e-01	-9.413320087237063427e-02	8.486547113903263051e-02	-5.841333091975618036e-02	1.338327546373900279e-01	-1.480564962923826278e-01	9.184735203939983772e-02	-7.877211107816120550e-02	6.652653894562624015e-02
8.605630888079450480e-02	-2.862690540749245338e-01	2.633577832552058129e-01	-7.971817080580341219e-01	2.443353202098359211e-01	-6.998926924379657299e-02	1.511733696064588572e-01	-3.394702048571729414e-01	1.000000000000001332e+00	-2.282628045302779185e-01	1.283381056242166307e-01	-1.185390934281222025e-01	1.842528121442532640e-01	-2.258888863979699735e-01	1.743812333316969998e-01	-8.987218240310944350e-02	1.274002532365170193e-01	-1.557781982392190401e-01	1.341604539646013561e-01	-1.585685479839251677e-01	7.844777633507198089e-02	-9.091875035784519055e-02	9.678417966060666455e-02	-1.173289269467924917e-01	8.773777370208978021e-02	-7.353824497226965629e-02	9.434482800811354319e-02	-8.387684241411445807e-02	9.314436014506534411e-02	-1.001004242204590472e-01	6.978869562594952614e-02	-7.382821718577280146e-02	6.586990866767740427e-02	-6.141527805461313716e-02	4.319962564178546349e-02	-9.131812738172512267e-02	9.771692077182544955e-02	-6.502730612964521817e-02	5.601820362045065171e-02	-4.933584112535811111e-02
-7.604567010386567572e-02	1.682787637903578881e-01	-1.179895912622105081e-01	1.706496869148844409e-01	-4.494778464119249528e-01	6.220241625480561060e-02	-1.327800071333043175e-01	1.736732652130592858e-01	-2.282628045302779185e-01	1.000000000000000222e+00	-1.265397216642839551e-01	1.155432394587442568e-01	-2.351046307685396297e-01	2.451867756147005084e-01	-7.642399154266034111e-01	9.176623561179918231e-02	-1.305653732806794642e-01	1.763921263675267415e-01	-1.753290381512607465e-01	2.161978544790793821e-01	-8.373759468568828246e-02	1.033969771954189321e-01	-1.131958029455117642e-01	1.407671543894550015e-01	-1.169336301995445304e-01	7.897771332453448756e-02	-1.096275558084047058e-01	9.818039835389755221e-02	-1.127269752361684113e-01	1.235759534272479615e-01	-7.725750350074536699e-02	8.396640348711709168e-02	-7.639604160591006998e-02	7.194460195464799646e-02	-5.160713969293390796e-02	1.007296345419742278e-01	-1.113016006346584652e-01	7.506863490556828222e-02	-6.576343695042308202e-02	5.838404523293355686e-02
1.644785413157113796e-01	-2.481172949149689222e-01	1.379035927503362569e-01	-1.282438301061982200e-01	1.989004936485571640e-01	-1.798347776196520531e-01	2.690723145018949491e-01	-2.338435656047962441e-01	1.283381056242166307e-01	-1.265397216642839551e-01	9.999999999999992228e-01	-4.584921608036430785e-01	2.026397429746734091e-01	-1.728119771537875160e-01	1.248792359003838975e-01	-5.962866891950725501e-01	3.242786840423030892e-01	-2.716693357064411396e-01	1.611789414052126890e-01	-1.956844719027842627e-01	2.292905776360252834e-01	-1.704755862669464217e-01	1.593377488323703406e-01	-1.660555300609672658e-01	1.167409795500239100e-01	-2.330738675304017404e-01	1.567149638697565850e-01	-1.356849442724082089e-01	1.375080741574885301e-01	-1.407966463756006315e-01	1.529142450100678396e-01	-1.353495576399627309e-01	1.093224797124015962e-01	-9.818187437309625065e-02	6.591128649123928485e-02	-2.112915806415510411e-01	1.603600899630291121e-01	-1.091727741763905690e-01	8.833293808184941587e-02	-7.649684355946137493e-02
-1.898091505461603212e-01	2.128367117793221464e-01	-1.254440978428644771e-01	1.136187716376670653e-01	-1.823854319391502998e-01	1.766249181800674251e-01	-6.413315124379140864e-01	2.005889019658431416e-01	-1.185390934281222025e-01	1.155432394587442568e-01	-4.584921608036430785e-01	1.000000000000002442e+00	-2.764656441806453424e-01	1.749729950374401821e-01	-1.177104018422820281e-01	2.484393618379230617e-01	-4.107345376909536938e-01	2.260477683821056905e-01	-1.430124914290701044e-01	1.608437164080975534e-01	-1.506970326859675413e-01	1.352815872328083924e-01	-1.332969630677848238e-01	1.366801096028096851e-01	-9.595973050107733937e-02	1.384040165738705253e-01	-1.261563038781060297e-01	1.074957128588582000e-01	-1.127533962958741226e-01	1.122351860980220911e-01	-1.065577459556639045e-01	1.011292211217490744e-01	-8.493422508983450303e-02	7.648619176211422788e-02	-5.188436059831499914e-02	1.405624846726421517e-01	-1.255761626776750739e-01	8.374733229872706464e-02	-6.945405514997840535e-02	5.965627698026133158e-02
1.137950998372918715e-01	-2.274364309844031096e-01	1.490278831698193529e-01	-1.741367671387648586e-01	2.568663149634631271e-01	-9.909026822523434030e-02	2.150386167517054914e-01	-2.533444710333632721e-01	1.842528121442532640e-01	-2.351046307685396297e-01	2.026397429746734091e-01	-2.764656441806453424e-01	1.000000000000000444e+00	-6.655709604209963937e-01	2.341352153021116766e-01	-1.553434110198757268e-01	2.168922907336426620e-01	-4.100517794443137021e-01	2.635776261450869518e-01	-2.726639108025450398e-01	1.280468427489273864e-01	-1.664298531727959052e-01	1.828501325230968422e-01	-2.239119786002881640e-01	1.481435647618237206e-01	-1.227260780922372063e-01	1.598952936932220570e-01	-1.465462732531535861e-01	1.613576479498937399e-01	-1.669836097661949736e-01	1.126993966029079530e-01	-1.212284051407489793e-01	1.088598458093866794e-01	-1.018190497402557126e-01	7.110306922042292088e-02	-1.481561742444260643e-01	1.541609292228541261e-01	-1.072558375581678519e-01	9.187421403691997668e-02	-8.095100193394888510e-02
-9.848952776010007348e-02	1.830164543390988274e-01	-1.279530221421290304e-01	1.691281020252781986e-01	-2.835204717972731325e-01	8.192530250885718401e-02	-1.815654171084082891e-01	1.936002945478016157e-01	-2.258888863979699735e-01	2.451867756147005084e-01	-1.728119771537875160e-01	1.749729950374401821e-01	-6.655709604209963937e-01	1.000000000000001110e+00	-3.907052017552010148e-01	1.248924979499918680e-01	-1.817156448077961728e-01	2.627600064613439534e-01	-3.838280685843645790e-01	2.544445198740497016e-01	-1.097434862231643632e-01	1.398995921063980741e-01	-1.614153738911390523e-01	2.100973867545731510e-01	-1.431711427554885618e-01	1.024340930872246341e-01	-1.460944082598064075e-01	1.307696899626624720e-01	-1.554930413880888929e-01	1.493149747343592015e-01	-9.820941098817806414e-02	1.076124140682292868e-01	-9.822799191443354339e-02	9.117679128346271866e-02	-6.410857316008901352e-02	1.251098987837789278e-01	-1.414162523138581817e-01	9.511505479014599473e-02	-8.345685428015543750e-02	7.192887103658394954e-02
7.393861572706014740e-02	-1.691014306663194411e-01	1.126660957042793926e-01	-1.569398872076707141e-01	2.777148541062697817e-01	-6.120937699298879126e-02	1.295198881927273338e-01	-1.744411764351125327e-01	1.743812333316969998e-01	-7.642399154266034111e-01	1.248792359003838975e-01	-1.177104018422820281e-01	2.341352153021116766e-01	-3.907052017552010148e-01	9.999999999999993339e-01	-9.295025586407755502e-02	1.309518976031114335e-01	-1.947576580173892014e-01	1.972520267987838416e-01	-2.971441105688817919e-01	8.485796150281010863e-02	-1.093152014690932511e-01	1.194459497472251247e-01	-1.585462651675241530e-01	1.296061186192820347e-01	-8.088022016691531757e-02	1.136021798900710006e-01	-1.042615564374560211e-01	1.195615983237097307e-01	-1.387344879851986901e-01	7.892883619859629440e-02	-8.667087561608444179e-02	7.942506331251571183e-02	-7.584785514117907412e-02	5.501064840252969240e-02	-1.035899702898213648e-01	1.130722369854614551e-01	-7.835387898304191356e-02	6.871654529720014337e-02	-6.226647245254478269e-02
-1.194371663573572245e-01	1.577931804069334087e-01	-9.098352159594863542e-02	8.732583719296097002e-02	-1.519391157123526348e-01	1.095438510419479844e-01	-2.049528459401031011e-01	1.502480952309851736e-01	-8.987218240310944350e-02	9.176623561179918231e-02	-5.962866891950725501e-01	2.484393618379230617e-01	-1.553434110198757268e-01	1.248924979499918680e-01	-9.295025586407755502e-02	9.999999999999988898e-01	-5.751221699275068655e-01	2.123903480863786053e-01	-1.256408318740543650e-01	1.419702775846802822e-01	-3.881587894024320362e-01	1.517499897939308118e-01	-1.401922661873117315e-01	1.286500622527275983e-01	-8.860435571139292643e-02	2.292303610757978338e-01	-1.375981133795932676e-01	1.104320064754587966e-01	-1.116756070075235474e-01	1.043675966973857949e-01	-1.434826593685107343e-01	1.153899908900207494e-01	-9.046297246512655099e-02	7.784814068799875142e-02	-5.133897951598161841e-02	1.725908077411496822e-01	-1.367715932610487628e-01	8.800843854721390747e-02	-7.093929451788498486e-02	5.911574365813042353e-02
1.334685785816054626e-01	-2.312577684391234345e-01	1.309726270688785499e-01	-1.254297975593521575e-01	2.068473353370005319e-01	-1.263436427233388948e-01	2.516877709683457143e-01	-2.203158038631492233e-01	1.274002532365170193e-01	-1.305653732806794642e-01	3.242786840423030892e-01	-4.107345376909536938e-01	2.168922907336426620e-01	-1.817156448077961728e-01	1.309518976031114335e-01	-5.751221699275068655e-01	9.999999999999962252e-01	-3.930386170014792957e-01	1.828970040236125860e-01	-2.076863299119639517e-01	2.291909880733028204e-01	-2.320437414695810385e-01	1.986244375720633837e-01	-1.857618921485343355e-01	1.256505168291010555e-01	-2.254963892271806269e-01	1.797535862998123068e-01	-1.517398583761875031e-01	1.528890247518373269e-01	-1.488653171269141706e-01	1.542368598882451203e-01	-1.439726838962178956e-01	1.174991498199172285e-01	-1.047135546425956576e-01	7.000849458150629201e-02	-2.063820851922799071e-01	1.703606810761802426e-01	-1.160723099248633094e-01	9.441176239460125075e-02	-8.076442371681478993e-02
-1.382268562267383039e-01	2.052741054653770270e-01	-1.293933441941445273e-01	1.410273873295378733e-01	-3.103838609531531789e-01	1.134591176666548684e-01	-2.430978430102676557e-01	2.046320001030426106e-01	-1.557781982392190401e-01	1.763921263675267415e-01	-2.716693357064411396e-01	2.260477683821056905e-01	-4.100517794443137021e-01	2.627600064613439534e-01	-1.947576580173892014e-01	2.123903480863786053e-01	-3.930386170014792957e-01	9.999999999999998890e-01	-3.873985309527941956e-01	2.714447963878662828e-01	-1.861699905896732343e-01	2.580268378215055947e-01	-4.108545146335423337e-01	2.728922992395523273e-01	-1.789113234090076165e-01	1.648504367825664729e-01	-2.521986841931720957e-01	2.056619089380850862e-01	-2.318823354795535308e-01	1.888096315173209416e-01	-1.561151619692049408e-01	1.706344754431392274e-01	-1.524633224491168115e-01	1.335915574412838980e-01	-9.029360239011219313e-02	1.891578042342512145e-01	-2.246530827688576482e-01	1.436857065087065455e-01	-1.243397001659792694e-01	1.009394313422241896e-01
8.839107552799962964e-02	-1.586667122558677034e-01	1.016263939515548720e-01	-1.213009440084324431e-01	2.393884309154227785e-01	-7.299934301760936661e-02	1.534233991318795787e-01	-1.606436552256864103e-01	1.341604539646013561e-01	-1.753290381512607465e-01	1.611789414052126890e-01	-1.430124914290701044e-01	2.635776261450869518e-01	-3.838280685843645790e-01	1.972520267987838416e-01	-1.256408318740543650e-01	1.828970040236125860e-01	-3.873985309527941956e-01	9.999999999999998890e-01	-5.229595079293924975e-01	1.194446149327893780e-01	-1.851609668298788425e-01	2.213549848376532014e-01	-5.342184700411255482e-01	2.185802372729546694e-01	-1.128247499893616501e-01	1.869245411399556578e-01	-1.862074987656358316e-01	2.297788894722941067e-01	-2.185583900192077655e-01	1.128164520209082450e-01	-1.322110360335599089e-01	1.257203084060956877e-01	-1.208105469665311377e-01	8.542628000039496905e-02	-1.412544187987007371e-01	1.690188195547517869e-01	-1.211876140502114313e-01	1.078641436460146680e-01	-9.461180698040617953e-02
-1.104892961357082093e-01	1.825591939312981582e-01	-1.181604143434021315e-01	1.392409047521699916e-01	-3.627928998555154938e-01	8.887824370332460255e-02	-1.871622549177779649e-01	1.828192969585054894e-01	-1.585685479839251677e-01	2.161978544790793821e-01	-1.956844719027842627e-01	1.608437164080975534e-01	-2.726639108025450398e-01	2.544445198740497016e-01	-2.971441105688817919e-01	1.419702775846802822e-01	-2.076863299119639517e-01	2.714447963878662828e-01	-5.229595079293924975e-01	1.000000000000001998e+00	-1.387493753429570320e-01	1.820194662555925380e-01	-2.143013984804292837e-01	2.879877500934893697e-01	-4.298303063248890554e-01	1.279360937975350943e-01	-2.134525536192278805e-01	1.865294853652301188e-01	-2.437328156462048034e-01	2.735746515979620708e-01	-1.326207383373234905e-01	1.524939958836925846e-01	-1.446030729327108799e-01	1.360133631063649151e-01	-1.043594459297810945e-01	1.615443316757496084e-01	-2.118825674156800121e-01	1.367995011365635005e-01	-1.279605861586343429e-01	1.115071636335441679e-01
8.325749080233084409e-02	-1.305924020947232256e-01	7.611429082175492911e-02	-7.595589372979610898e-02	1.418311372359739586e-01	-7.356812555504169127e-02	1.391594456389457779e-01	-1.256837251031181213e-01	7.844777633507198089e-02	-8.373759468568828246e-02	2.292905776360252834e-01	-1.506970326859675413e-01	1.280468427489273864e-01	-1.097434862231643632e-01	8.485796150281010863e-02	-3.881587894024320362e-01	2.291909880733028204e-01	-1.861699905896732343e-01	1.194446149327893780e-01	-1.387493753429570320e-01	9.999999999999997780e-01	-1.990065013768575197e-01	1.526166662444986555e-01	-1.354130078259917214e-01	9.093108454078709102e-02	-7.471026774669655701e-01	1.686497848441196323e-01	-1.304695574600000518e-01	1.233859261526997486e-01	-1.087884191734075218e-01	2.480191021181404887e-01	-1.682929786440258979e-01	1.144329792038134841e-01	-9.316008212423476653e-02	5.876455452543017516e-02	-3.020913485287448630e-01	1.757304815086726812e-01	-1.111573688541591942e-01	8.452373208919573833e-02	-6.815708041430350306e-02
-8.230262861723122714e-02	1.311693272189353998e-01	-7.984816670208075284e-02	8.495430607682147306e-02	-1.793871050719816063e-01	6.859764805031877410e-02	-1.417108406555027955e-01	1.286298360691749965e-01	-9.091875035784519055e-02	1.033969771954189321e-01	-1.704755862669464217e-01	1.352815872328083924e-01	-1.664298531727959052e-01	1.398995921063980741e-01	-1.093152014690932511e-01	1.517499897939308118e-01	-2.320437414695810385e-01	2.580268378215055947e-01	-1.851609668298788425e-01	1.820194662555925380e-01	-1.990065013768575197e-01	1.000000000000001554e+00	-6.806159260218317408e-01	2.342841149155932279e-01	-1.348772949277437239e-01	1.622961811480731764e-01	-4.967750770962098827e-01	2.457315925098644827e-01	-2.276304027579278688e-01	1.507486944100316362e-01	-1.546964677117882991e-01	1.953257424081236704e-01	-1.598807382734226123e-01	1.269117723106010787e-01	-8.018599994086333949e-02	1.757018096018641007e-01	-2.206734567785320067e-01	1.436486911067378081e-01	-1.164383077005905764e-01	8.999884919084524815e-02
8.065058777426765968e-02	-1.370469919702212991e-01	8.373587591212926229e-02	-9.060993740369938099e-02	1.848623821934000933e-01	-6.739371395054871705e-02	1.388043966627437176e-01	-1.352948468922052505e-01	9.678417966060666455e-02	-1.131958029455117642e-01	1.593377488323703406e-01	-1.332969630677848238e-01	1.828501325230968422e-01	-1.614153738911390523e-01	1.194459497472251247e-01	-1.401922661873117315e-01	1.986244375720633837e-01	-4.108545146335423337e-01	2.213549848376532014e-01	-2.143013984804292837e-01	1.526166662444986555e-01	-6.806159260218317408e-01	9.999999999999980016e-01	-3.643798281857504318e-01	1.524839637523737468e-01	-1.445896039901563290e-01	2.836124998107766859e-01	-2.905687205865145617e-01	2.342172788587851273e-01	-1.730774637940108163e-01	1.360809275805962004e-01	-1.729034158624143391e-01	1.525424419017720468e-01	-1.311934138782246406e-01	8.379041209818036129e-02	-1.685091096364137453e-01	1.909767178151982048e-01	-1.446097864207860906e-01	1.161576900680359736e-01	-9.488019552499726839e-02
-8.900618539938885687e-02	1.478310863830780142e-01	-9.334142897180190690e-02	1.057393146622234575e-01	-2.351540136237861844e-01	7.273731866564342452e-02	-1.520588379339570806e-01	1.474218925346685860e-01	-1.173289269467924917e-01	1.407671543894550015e-01	-1.660555300609672658e-01	1.366801096028096851e-01	-2.239119786002881640e-01	2.100973867545731510e-01	-1.585462651675241530e-01	1.286500622527275983e-01	-1.857618921485343355e-01	2.728922992395523273e-01	-5.342184700411255482e-01	2.879877500934893697e-01	-1.354130078259917214e-01	2.342841149155932279e-01	-3.643798281857504318e-01	1.000000000000003331e+00	-2.887916370396552690e-01	1.264141481513483267e-01	-2.660131719812707241e-01	2.593213275989562638e-01	-4.828997944174379664e-01	2.377147781301115481e-01	-1.341362219284226720e-01	1.667130554688039668e-01	-1.665022452706854672e-01	1.555769164670701699e-01	-1.051097217582442067e-01	1.598873148050412585e-01	-2.149399579974431707e-01	1.517900136734007255e-01	-1.412032771872843984e-01	1.122663514688316266e-01
6.454976382770812038e-02	-1.111137261353206535e-01	6.999395088734532144e-02	-8.013960595308611268e-02	1.877566398983525897e-01	-5.245355149036432657e-02	1.091099526077679432e-01	-1.106521841521710264e-01	8.773777370208978021e-02	-1.169336301995445304e-01	1.167409795500239100e-01	-9.595973050107733937e-02	1.481435647618237206e-01	-1.431711427554885618e-01	1.296061186192820347e-01	-8.860435571139292643e-02	1.256505168291010555e-01	-1.789113234090076165e-01	2.185802372729546694e-01	-4.298303063248890554e-01	9.093108454078709102e-02	-1.348772949277437239e-01	1.524839637523737468e-01	-2.887916370396552690e-01	9.999999999999974465e-01	-8.632675838234048216e-02	1.536906507320797977e-01	-1.571970600295572451e-01	2.063995583212638874e-01	-7.778210559145248837e-01	9.213297834685515997e-02	-1.126153520617188541e-01	1.163599907062892458e-01	-1.326003247574435440e-01	1.339981676224657470e-01	-1.134618454269584742e-01	1.475247369412825138e-01	-1.135129872830389075e-01	1.158159443930975863e-01	-1.422326959530673673e-01
-8.308419836824962323e-02	1.178026494697508447e-01	-6.972135313694363679e-02	7.029050596901015302e-02	-1.395020913605585777e-01	7.099679098555120027e-02	-1.377034774149979435e-01	1.136074413914312103e-01	-7.353824497226965629e-02	7.897771332453448756e-02	-2.330738675304017404e-01	1.384040165738705253e-01	-1.227260780922372063e-01	1.024340930872246341e-01	-8.088022016691531757e-02	2.292303610757978338e-01	-2.254963892271806269e-01	1.648504367825664729e-01	-1.128247499893616501e-01	1.279360937975350943e-01	-7.471026774669655701e-01	1.622961811480731764e-01	-1.445896039901563290e-01	1.264141481513483267e-01	-8.632675838234048216e-02	1.000000000000001554e+00	-1.827675993356851214e-01	1.281494643211953943e-01	-1.228061282283949701e-01	1.018190949398074668e-01	-4.282267676510321808e-01	1.823782389081672894e-01	-1.217748153949096829e-01	9.227074614940421193e-02	-5.769962394397358529e-02	2.687030718604496160e-01	-1.991720616706677272e-01	1.117849694555482498e-01	-8.560100002435297450e-02	6.627169238244523530e-02
7.892543150643382965e-02	-1.393717611417791269e-01	8.394429902440390945e-02	-8.953199857709369380e-02	1.806548886538199283e-01	-6.588707781029005950e-02	1.339119193743143199e-01	-1.367524695036491655e-01	9.434482800811354319e-02	-1.096275558084047058e-01	1.567149638697565850e-01	-1.261563038781060297e-01	1.598952936932220570e-01	-1.460944082598064075e-01	1.136021798900710006e-01	-1.375981133795932676e-01	1.797535862998123068e-01	-2.521986841931720957e-01	1.869245411399556578e-01	-2.134525536192278805e-01	1.686497848441196323e-01	-4.967750770962098827e-01	2.836124998107766859e-01	-2.660131719812707241e-01	1.536906507320797977e-01	-1.827675993356851214e-01	9.999999999999986677e-01	-5.046859463286841319e-01	2.714608835649810481e-01	-1.908201209061326786e-01	1.967719371624243041e-01	-3.982865303979643556e-01	2.309386976383998868e-01	-1.779213583585359526e-01	1.055026748267627740e-01	-2.334821782330558093e-01	2.711178908991900838e-01	-2.152137010335296030e-01	1.539676749771342612e-01	-1.217480123713655105e-01
-7.002709491860577284e-02	1.171070035549383187e-01	-7.182823893979804752e-02	7.810571101256068294e-02	-1.704795317794302045e-01	5.757615442188480925e-02	-1.183683891611889000e-01	1.153782127531082918e-01	-8.387684241411445807e-02	9.818039835389755221e-02	-1.356849442724082089e-01	1.074957128588582000e-01	-1.465462732531535861e-01	1.307696899626624720e-01	-1.042615564374560211e-01	1.104320064754587966e-01	-1.517398583761875031e-01	2.056619089380850862e-01	-1.862074987656358316e-01	1.865294853652301188e-01	-1.304695574600000518e-01	2.457315925098644827e-01	-2.905687205865145617e-01	2.593213275989562638e-01	-1.571970600295572451e-01	1.281494643211953943e-01	-5.046859463286841319e-01	1.000000000000000888e+00	-6.194361244626068741e-01	1.817181519452907290e-01	-1.512135247895845247e-01	2.255112385749389048e-01	-3.195980581808802179e-01	1.915777836202426088e-01	-1.110824806187345470e-01	1.703256177506513036e-01	-2.455963942002219458e-01	2.122826544717845432e-01	-1.729046641134496798e-01	1.199186499610797180e-01
7.278389287540829033e-02	-1.284053858517164581e-01	7.888628555134676035e-02	-8.697327435910702509e-02	1.831832158519777487e-01	-6.002594300207123729e-02	1.235394953645229388e-01	-1.270207637690786429e-01	9.314436014506534411e-02	-1.127269752361684113e-01	1.375080741574885301e-01	-1.127533962958741226e-01	1.613576479498937399e-01	-1.554930413880888929e-01	1.195615983237097307e-01	-1.116756070075235474e-01	1.528890247518373269e-01	-2.318823354795535308e-01	2.297788894722941067e-01	-2.437328156462048034e-01	1.233859261526997486e-01	-2.276304027579278688e-01	2.342172788587851273e-01	-4.828997944174379664e-01	2.063995583212638874e-01	-1.228061282283949701e-01	2.714608835649810481e-01	-6.194361244626068741e-01	1.000000000000001998e+00	-2.812378163555276922e-01	1.349821472669714417e-01	-1.892680919795493577e-01	2.147397152748027060e-01	-2.512292053265073322e-01	1.312257396704937518e-01	-1.660664767284197318e-01	2.088388334999443929e-01	-2.039011651028348193e-01	1.795801270761099300e-01	-1.422979443868533367e-01
-7.802191489859894302e-02	1.266250602361206068e-01	-8.000184084581965505e-02	9.069957982383725081e-02	-2.339794727946612196e-01	6.278525118366144742e-02	-1.306252202847566768e-01	1.255891849488581513e-01	-1.001004242204590472e-01	1.235759534272479615e-01	-1.407966463756006315e-01	1.122351860980220911e-01	-1.669836097661949736e-01	1.493149747343592015e-01	-1.387344879851986901e-01	1.043675966973857949e-01	-1.488653171269141706e-01	1.888096315173209416e-01	-2.185583900192077655e-01	2.735746515979620708e-01	-1.087884191734075218e-01	1.507486944100316362e-01	-1.730774637940108163e-01	2.377147781301115481e-01	-7.778210559145248837e-01	1.018190949398074668e-01	-1.908201209061326786e-01	1.817181519452907290e-01	-2.812378163555276922e-01	9.999999999999998890e-01	-1.114531514494138675e-01	1.363752251865624210e-01	-1.435909142519664339e-01	1.582980037556184216e-01	-1.980526291095618951e-01	1.331878994184401976e-01	-1.876872850219406808e-01	1.348983313760150349e-01	-1.469295818673532483e-01	1.637885209552656929e-01
6.788735824452953038e-02	-1.086622923937285989e-01	6.463892332661930196e-02	-6.672610915147463018e-02	1.365360013929109717e-01	-5.692244996777579003e-02	1.124052497063774275e-01	-1.055137871367516772e-01	6.978869562594952614e-02	-7.725750350074536699e-02	1.529142450100678396e-01	-1.065577459556639045e-01	1.126993966029079530e-01	-9.820941098817806414e-02	7.892883619859629440e-02	-1.434826593685107343e-01	1.542368598882451203e-01	-1.561151619692049408e-01	1.128164520209082450e-01	-1.326207383373234905e-01	2.480191021181404887e-01	-1.546964677117882991e-01	1.360809275805962004e-01	-1.341362219284226720e-01	9.213297834685515997e-02	-4.282267676510321808e-01	1.967719371624243041e-01	-1.512135247895845247e-01	1.349821472669714417e-01	-1.114531514494138675e-01	9.999999999999988898e-01	-4.053736140617449357e-01	1.701400732612340649e-01	-1.200578949185813898e-01	7.073380133234495604e-02	-6.956211669703125100e-01	2.725861726921764427e-01	-1.582315791473061783e-01	1.091404298759259678e-01	-8.236134086223589890e-02
-6.581411295156314178e-02	1.105405032245772717e-01	-6.642967869166657713e-02	7.007913439096651043e-02	-1.464749238272821941e-01	5.451697759682761629e-02	-1.100323288789874787e-01	1.080088517345138138e-01	-7.382821718577280146e-02	8.396640348711709168e-02	-1.353495576399627309e-01	1.011292211217490744e-01	-1.212284051407489793e-01	1.076124140682292868e-01	-8.667087561608444179e-02	1.153899908900207494e-01	-1.439726838962178956e-01	1.706344754431392274e-01	-1.322110360335599089e-01	1.524939958836925846e-01	-1.682929786440258979e-01	1.953257424081236704e-01	-1.729034158624143391e-01	1.667130554688039668e-01	-1.126153520617188541e-01	1.823782389081672894e-01	-3.982865303979643556e-01	2.255112385749389048e-01	-1.892680919795493577e-01	1.363752251865624210e-01	-4.053736140617449357e-01	1.000000000000001998e+00	-3.974751966561319017e-01	1.778131212609180556e-01	-9.994544261246825212e-02	2.819061190374949621e-01	-6.114731524771535032e-01	2.496708133280703124e-01	-1.664419792265966758e-01	1.140220509882723665e-01
5.582943414191167408e-02	-9.597555181998926321e-02	5.809415112320536617e-02	-6.219339831913777566e-02	1.326812848091192543e-01	-4.602051539500657401e-02	9.361096421278668200e-02	-9.413320087237063427e-02	6.586990866767740427e-02	-7.639604160591006998e-02	1.093224797124015962e-01	-8.493422508983450303e-02	1.088598458093866794e-01	-9.822799191443354339e-02	7.942506331251571183e-02	-9.046297246512655099e-02	1.174991498199172285e-01	-1.524633224491168115e-01	1.257203084060956877e-01	-1.446030729327108799e-01	1.144329792038134841e-01	-1.598807382734226123e-01	1.525424419017720468e-01	-1.665022452706854672e-01	1.163599907062892458e-01	-1.217748153949096829e-01	2.309386976383998868e-01	-3.195980581808802179e-01	2.147397152748027060e-01	-1.435909142519664339e-01	1.701400732612340649e-01	-3.974751966561319017e-01	1.000000000000000222e+00	-3.629792917627998050e-01	1.510631303058962704e-01	-1.909887554782429553e-01	2.799136384162479452e-01	-6.676742025322481844e-01	2.745659610993619326e-01	-1.757347010283886735e-01
-5.148795424362641315e-02	8.630976946630433688e-02	-5.284071999823537064e-02	5.736224878601696442e-02	-1.298748511927053928e-01	4.204976864045368440e-02	-8.611883484342029715e-02	8.486547113903263051e-02	-6.141527805461313716e-02	7.194460195464799646e-02	-9.818187437309625065e-02	7.648619176211422788e-02	-1.018190497402557126e-01	9.117679128346271866e-02	-7.584785514117907412e-02	7.784814068799875142e-02	-1.047135546425956576e-01	1.335915574412838980e-01	-1.208105469665311377e-01	1.360133631063649151e-01	-9.316008212423476653e-02	1.269117723106010787e-01	-1.311934138782246406e-01	1.555769164670701699e-01	-1.326003247574435440e-01	9.227074614940421193e-02	-1.779213583585359526e-01	1.915777836202426088e-01	-2.512292053265073322e-01	1.582980037556184216e-01	-1.200578949185813898e-01	1.778131212609180556e-01	-3.629792917627998050e-01	9.999999999999996669e-01	-4.097685615975411033e-01	1.351173663218855625e-01	-2.265373591740931780e-01	2.848024994864227777e-01	-6.739027554214834792e-01	2.824446602866961253e-01
3.526505592153959812e-02	-5.927477921935777466e-02	3.653548731860196269e-02	-4.012120434216177867e-02	9.382066828151841564e-02	-2.869262434032975040e-02	5.898142278904000557e-02	-5.841333091975618036e-02	4.319962564178546349e-02	-5.160713969293390796e-02	6.591128649123928485e-02	-5.188436059831499914e-02	7.110306922042292088e-02	-6.410857316008901352e-02	5.501064840252969240e-02	-5.133897951598161841e-02	7.000849458150629201e-02	-9.029360239011219313e-02	8.542628000039496905e-02	-1.043594459297810945e-01	5.876455452543017516e-02	-8.018599994086333949e-02	8.379041209818036129e-02	-1.051097217582442067e-01	1.339981676224657470e-01	-5.769962394397358529e-02	1.055026748267627740e-01	-1.110824806187345470e-01	1.312257396704937518e-01	-1.980526291095618951e-01	7.073380133234495604e-02	-9.994544261246825212e-02	1.510631303058962704e-01	-4.097685615975411033e-01	1.000000000000000000e+00	-8.343310960523453446e-02	1.275327149816593564e-01	-1.560568866255029885e-01	2.569465082672063860e-01	-8.333912389379777297e-01
-9.482513647219599495e-02	1.378155196103322266e-01	-8.304836271465219910e-02	8.630640108827947188e-02	-1.910975856655792171e-01	7.783909551724699227e-02	-1.549882273733392268e-01	1.338327546373900279e-01	-9.131812738172512267e-02	1.007296345419742278e-01	-2.112915806415510411e-01	1.405624846726421517e-01	-1.481561742444260643e-01	1.251098987837789278e-01	-1.035899702898213648e-01	1.725908077411496822e-01	-2.063820851922799071e-01	1.891578042342512145e-01	-1.412544187987007371e-01	1.615443316757496084e-01	-3.020913485287448630e-01	1.757018096018641007e-01	-1.685091096364137453e-01	1.598873148050412585e-01	-1.134618454269584742e-01	2.687030718604496160e-01	-2.334821782330558093e-01	1.703256177506513036e-01	-1.660664767284197318e-01	1.331878994184401976e-01	-6.956211669703125100e-01	2.819061190374949621e-01	-1.909887554782429553e-01	1.351173663218855625e-01	-8.343310960523453446e-02	1.000000000000000000e+00	-4.053137556421616550e-01	1.698892510504885767e-01	-1.304193305211868159e-01	9.513156313924503449e-02
8.167202969020308234e-02	-1.516387539940352025e-01	8.994580770607832343e-02	-9.412615079582403732e-02	1.850837629743239399e-01	-6.793158608045871127e-02	1.369371405784881313e-01	-1.480564962923826278e-01	9.771692077182544955e-02	-1.113016006346584652e-01	1.603600899630291121e-01	-1.255761626776750739e-01	1.541609292228541261e-01	-1.414162523138581817e-01	1.130722369854614551e-01	-1.367715932610487628e-01	1.703606810761802426e-01	-2.246530827688576482e-01	1.690188195547517869e-01	-2.118825674156800121e-01	1.757304815086726812e-01	-2.206734567785320067e-01	1.909767178151982048e-01	-2.149399579974431707e-01	1.475247369412825138e-01	-1.991720616706677272e-01	2.711178908991900838e-01	-2.455963942002219458e-01	2.088388334999443929e-01	-1.876872850219406808e-01	2.725861726921764427e-01	-6.114731524771535032e-01	2.799136384162479452e-01	-2.265373591740931780e-01	1.275327149816593564e-01	-4.053137556421616550e-01	1.000000000000000222e+00	-3.487550591983585302e-01	1.967610822445962637e-01	-1.558079599072266785e-01
-5.606245244410060918e-02	9.365912326881786765e-02	-5.694434513462261205e-02	6.110435067461800207e-02	-1.352381251063319578e-01	4.592796511549622485e-02	-9.361948526470617593e-02	9.184735203939983772e-02	-6.502730612964521817e-02	7.506863490556828222e-02	-1.091727741763905690e-01	8.374733229872706464e-02	-1.072558375581678519e-01	9.511505479014599473e-02	-7.835387898304191356e-02	8.800843854721390747e-02	-1.160723099248633094e-01	1.436857065087065455e-01	-1.211876140502114313e-01	1.367995011365635005e-01	-1.111573688541591942e-01	1.436486911067378081e-01	-1.446097864207860906e-01	1.517900136734007255e-01	-1.135129872830389075e-01	1.117849694555482498e-01	-2.152137010335296030e-01	2.122826544717845432e-01	-2.039011651028348193e-01	1.348983313760150349e-01	-1.582315791473061783e-01	2.496708133280703124e-01	-6.676742025322481844e-01	2.848024994864227777e-01	-1.560568866255029885e-01	1.698892510504885767e-01	-3.487550591983585302e-01	1.000000000000000444e+00	-4.879804134747274258e-01	1.722966017689384066e-01
4.635716736075415345e-02	-8.016910567087875972e-02	4.877348973271012494e-02	-5.268579041788690881e-02	1.154079300213539522e-01	-3.801094189681987479e-02	7.766375013296196450e-02	-7.877211107816120550e-02	5.601820362045065171e-02	-6.576343695042308202e-02	8.833293808184941587e-02	-6.945405514997840535e-02	9.187421403691997668e-02	-8.345685428015543750e-02	6.871654529720014337e-02	-7.093929451788498486e-02	9.441176239460125075e-02	-1.243397001659792694e-01	1.078641436460146680e-01	-1.279605861586343429e-01	8.452373208919573833e-02	-1.164383077005905764e-01	1.161576900680359736e-01	-1.412032771872843984e-01	1.158159443930975863e-01	-8.560100002435297450e-02	1.539676749771342612e-01	-1.729046641134496798e-01	1.795801270761099300e-01	-1.469295818673532483e-01	1.091404298759259678e-01	-1.664419792265966758e-01	2.745659610993619326e-01	-6.739027554214834792e-01	2.569465082672063860e-01	-1.304193305211868159e-01	1.967610822445962637e-01	-4.879804134747274258e-01	1.000000000000000444e+00	-3.695061017977496198e-01
