1.000000000000000000e+00	-1.095833215889055468e-01	9.933377161182788129e-02	-1.192482776287605573e-01	8.330239477118234204e-02	-5.136011358567280638e-01	2.140411686213307407e-01	-2.206465093218345774e-01	1.041912165662738921e-01	-8.556026095566492129e-02	2.767613420595717022e-01	-2.739424784761456122e-01	2.012105546189963401e-01	-1.909045264009660570e-01	1.741950795182970191e-01	-2.759080834239465152e-01	2.338301501286855211e-01	-2.033681563581496154e-01	1.905337496366485139e-01	-1.789798943696113698e-01	2.105635456699798402e-01	-2.326709055613574717e-01	2.169669773010791947e-01	-1.654182393725736333e-01	1.637216327288310014e-01	-2.389555111929972664e-01	2.098564763746714190e-01	-3.965164717993711618e-01	2.073621042614024745e-01	-1.578337858767399904e-01	1.226046672300010604e-01	-2.259561326203974596e-01	1.987240967777293699e-01	-1.742193437795607203e-01	1.433454484597611600e-01	-1.136807764676210086e-01	1.519687087746503240e-01	-1.897063658155100918e-01	1.799405717946178374e-01	-3.157534800386962992e-01
-1.095833215889055468e-01	1.000000000000000000e+00	-9.289725405988411566e-01	1.190999433676642183e-01	-8.040577424025593944e-02	8.997131479282048649e-02	-2.369760168565809288e-01	1.941858104946482255e-01	-1.082058254827415605e-01	7.026076307522477471e-02	-8.499668962867074073e-02	1.196780462630136765e-01	-1.181592710324169820e-01	8.765570967173542949e-02	-7.901498553255069390e-02	7.258216185539159704e-02	-9.294934009977748324e-02	8.100734182408156347e-02	-8.171197619118479583e-02	6.876211716663302442e-02	-6.005792077629541065e-02	7.298927688440537409e-02	-8.066411110023406772e-02	4.647479670553181230e-02	-4.766548394196075400e-02	5.020211065256465627e-02	-4.675806055974447012e-02	6.852008935946272972e-02	-4.493801757008866748e-02	3.157563767676935945e-02	-2.412445408311975417e-02	4.021756012467053026e-02	-3.746303618158461357e-02	3.314355185529376663e-02	-2.841436608014404758e-02	2.144205215256296884e-02	-2.834863215612719312e-02	3.332963316638793555e-02	-3.353192331925869407e-02	5.184382993162194725e-02
9.933377161182788129e-02	-9.289725405988411566e-01	9.999999999999997780e-01	-1.417727629572831660e-01	8.077851346348258188e-02	-8.753816115610819903e-02	1.897720864414153275e-01	-2.374257054057475336e-01	1.118529724698975186e-01	-7.398938938391488862e-02	7.954765203229063886e-02	-1.170704825439058683e-01	1.146172699876230605e-01	-8.890900158866156533e-02	7.561914595453343713e-02	-7.036452554757278988e-02	8.686227599059709314e-02	-8.002938800774339612e-02	7.856708473581147656e-02	-6.798090106578739966e-02	5.747464728047579213e-02	-7.105725262553806709e-02	7.659921764774624275e-02	-4.505870818891995200e-02	4.561569264963737796e-02	-4.891514158566211828e-02	4.513737362247227658e-02	-6.729548552859133947e-02	4.334589489634965709e-02	-3.064597137889955858e-02	2.339810530307312453e-02	-3.929139447220223597e-02	3.644479437727358301e-02	-3.221760252216761267e-02	2.754146970046307888e-02	-2.086842973489594702e-02	2.756189571944044417e-02	-3.253268888130618486e-02	3.257218663360146593e-02	-5.070651734426424861e-02
-1.192482776287605573e-01	1.190999433676642183e-01	-1.417727629572831660e-01	1.000000000000000222e+00	-4.992633196566610976e-01	9.010027968112918617e-02	-1.801146488126297018e-01	2.058497011644636610e-01	-7.380996617925934533e-01	3.091273352764007942e-01	-8.680452396054713637e-02	1.136090212785202808e-01	-1.468989531338275312e-01	1.221855108658083389e-01	-1.336458113860128361e-01	7.834071535366389505e-02	-1.004968352719011471e-01	9.731243733527908391e-02	-1.109664599246431016e-01	1.079271205673063699e-01	-6.677138998115014767e-02	8.156960500999183017e-02	-9.640065917676947371e-02	5.860158742620379113e-02	-6.042470698643615662e-02	5.650387568705403374e-02	-5.313380631082966626e-02	7.833599949076038016e-02	-5.394624554693120549e-02	3.776705113718845097e-02	-2.780551740856448961e-02	4.630406074478222306e-02	-4.344576347501558772e-02	3.902764242097082198e-02	-3.379785650226008187e-02	2.465801078900557719e-02	-3.284809467619238116e-02	3.854926737026129896e-02	-3.928510932927975485e-02	6.030123895183281402e-02
8.330239477118234204e-02	-8.040577424025593944e-02	8.077851346348258188e-02	-4.992633196566610976e-01	1.000000000000000222e+00	-6.610959697690692305e-02	1.094352429441296654e-01	-1.421954610085416071e-01	3.054618969165548426e-01	-7.880586869610253231e-01	6.106714563116698302e-02	-8.161992851721003306e-02	9.967442355644726137e-02	-9.860297640019519139e-02	1.283644639681713051e-01	-5.830207137051499067e-02	7.071002556014741036e-02	-7.399244237521263035e-02	8.523294935119500593e-02	-1.143385820354779203e-01	4.916446454788441639e-02	-6.119674566302844843e-02	6.982353227988785660e-02	-4.664192225645261147e-02	4.689367016259961274e-02	-4.341721063334934988e-02	4.032820833381088599e-02	-6.189651997541721629e-02	4.186017614065041387e-02	-2.974724449851397570e-02	2.151189161342746334e-02	-3.639638587615141169e-02	3.390484658531701945e-02	-3.065080771069747523e-02	2.647651587412892457e-02	-1.920152641029196361e-02	2.563427557819810895e-02	-3.035142234614999351e-02	3.077463167498832239e-02	-4.801064404131648311e-02
-5.136011358567280638e-01	8.997131479282048649e-02	-8.753816115610819903e-02	9.010027968112918617e-02	-6.610959697690692305e-02	1.000000000000000888e+00	-2.662572074362060670e-01	1.846209354154501880e-01	-8.453218974275261699e-02	6.625204819952069946e-02	-6.793019030347680065e-01	2.696409254072368866e-01	-1.836359794609995766e-01	1.457924950438839184e-01	-1.391359074959797049e-01	2.348992272792271852e-01	-2.336077235962392695e-01	1.602652942083988286e-01	-1.543533504448007243e-01	1.254095569152066936e-01	-1.882418006421240630e-01	1.806285415794018079e-01	-1.823154267658180228e-01	1.030083161411039644e-01	-1.068435405297007146e-01	1.418002376884744398e-01	-1.342038176644100023e-01	1.839051991611349579e-01	-1.137291459902245311e-01	8.001643423019076662e-02	-6.619514515689389755e-02	1.087236627685538165e-01	-1.004373134029764164e-01	8.655343635503134903e-02	-7.301848918183986847e-02	5.858159419482721064e-02	-7.658301450156372592e-02	8.972428051940729843e-02	-8.883779874214178807e-02	1.385848681981816377e-01
2.140411686213307407e-01	-2.369760168565809288e-01	1.897720864414153275e-01	-1.801146488126297018e-01	1.094352429441296654e-01	-2.662572074362060670e-01	1.000000000000000444e+00	-6.349972520835579504e-01	1.670999483066445135e-01	-1.194574195307804287e-01	2.233834301332579819e-01	-4.918262316703841397e-01	2.532789300668403798e-01	-1.987729989099400463e-01	1.520287394032495132e-01	-1.833059376883716673e-01	2.274557711981748664e-01	-1.895696185066714778e-01	1.698042155550059384e-01	-1.430750135130723355e-01	1.412780180050553502e-01	-1.793644839055596185e-01	1.745951502698860625e-01	-9.852138472797271340e-02	9.831019750879373131e-02	-1.156807764292496904e-01	1.050938778220026210e-01	-1.527695801951946264e-01	9.531580547581063045e-02	-6.750737495445886804e-02	5.302253733022682658e-02	-8.860908698584912813e-02	8.188340225657143867e-02	-7.150860877720499609e-02	6.075310340462118652e-02	-4.730343437206190049e-02	6.184595561261888724e-02	-7.285208327313054399e-02	7.231410760345097222e-02	-1.122425293302099225e-01
-2.206465093218345774e-01	1.941858104946482255e-01	-2.374257054057475336e-01	2.058497011644636610e-01	-1.421954610085416071e-01	1.846209354154501880e-01	-6.349972520835579504e-01	1.000000000000000888e+00	-2.847687312558120354e-01	1.463243641347430068e-01	-1.849101235512678465e-01	2.615453977833248067e-01	-4.345146922641546783e-01	2.233497920063940156e-01	-1.839369499332317026e-01	1.557925339988460722e-01	-2.131134249419238402e-01	1.988714364829949066e-01	-2.011447080003299082e-01	1.550971381602267996e-01	-1.311628263139472672e-01	1.615370597900865068e-01	-1.914256197192121534e-01	1.034099691410713812e-01	-1.060452732656177871e-01	1.061151996533628711e-01	-9.954547161748454609e-02	1.423907103674703911e-01	-9.591869428057198110e-02	6.690914025041265478e-02	-5.062553885518569774e-02	8.366419905377250887e-02	-7.850570410482886341e-02	6.963223662706491401e-02	-6.005308421250014905e-02	4.480260926340057931e-02	-5.923602653197411472e-02	6.923312971172446151e-02	-7.016799163564395314e-02	1.070084248039071262e-01
1.041912165662738921e-01	-1.082058254827415605e-01	1.118529724698975186e-01	-7.380996617925934533e-01	3.054618969165548426e-01	-8.453218974275261699e-02	1.670999483066445135e-01	-2.847687312558120354e-01	1.000000000000000888e+00	-4.853206010983641128e-01	7.962978526702914339e-02	-1.099621897213079597e-01	1.423279384209706622e-01	-1.299878547573455057e-01	1.253136946173328270e-01	-7.300304661929248040e-02	9.194384191043100674e-02	-9.353684009412575884e-02	1.044494080143245629e-01	-1.069791899769711729e-01	6.139940524638216185e-02	-7.628586133096057487e-02	8.811930223416515606e-02	-5.455254300278117308e-02	5.526408013395035790e-02	-5.242898698711655203e-02	4.886500038702204507e-02	-7.293646710184562010e-02	4.940578014170934201e-02	-3.481366873611400209e-02	2.558727161462132083e-02	-4.287492269108151427e-02	4.007508211861986192e-02	-3.598090735373508237e-02	3.108273524065812560e-02	-2.275878894709279857e-02	3.026985304553816980e-02	-3.564320748862416510e-02	3.616126082279062792e-02	-5.582898929425954282e-02
-8.556026095566492129e-02	7.026076307522477471e-02	-7.398938938391488862e-02	3.091273352764007942e-01	-7.880586869610253231e-01	6.625204819952069946e-02	-1.194574195307804287e-01	1.463243641347430068e-01	-4.853206010983641128e-01	9.999999999999997780e-01	-6.255763215160280166e-02	8.270098900212057014e-02	-1.072338271149674976e-01	1.015130400153893137e-01	-1.562222123815487085e-01	5.863588161547395039e-02	-7.303966979073081567e-02	7.547257564670234453e-02	-8.917368698943581307e-02	1.142275092324935709e-01	-4.982825680665903256e-02	6.174605011175472030e-02	-7.214357485167068040e-02	4.702212712455566823e-02	-4.773430734402520775e-02	4.324622140342971460e-02	-4.039514079759060072e-02	6.108170586169589522e-02	-4.198884382090348893e-02	2.967449948522528705e-02	-2.141907975708848624e-02	3.602615635509505421e-02	-3.369190681772697010e-02	3.048860806890455605e-02	-2.641895808386885910e-02	1.906573622247660638e-02	-2.546316534487996427e-02	3.004326518597624091e-02	-3.059313341453425567e-02	4.738087737979778530e-02
2.767613420595717022e-01	-8.499668962867074073e-02	7.954765203229063886e-02	-8.680452396054713637e-02	6.106714563116698302e-02	-6.793019030347680065e-01	2.233834301332579819e-01	-1.849101235512678465e-01	7.962978526702914339e-02	-6.255763215160280166e-02	1.000000000000000666e+00	-4.466056495169941076e-01	1.727515154001220410e-01	-1.429233807233393494e-01	1.247927330051997324e-01	-3.757383670746309856e-01	2.514762745510162878e-01	-1.622396243068801591e-01	1.432937644064041782e-01	-1.181147396934929261e-01	2.027997448610502351e-01	-2.018533339122325077e-01	1.737566284100744984e-01	-9.641929839187930729e-02	9.725850124997822976e-02	-1.514889509111083665e-01	1.325647240186989817e-01	-1.808343517961740754e-01	1.045711534046657037e-01	-7.426177365733878377e-02	6.350551260642682549e-02	-1.047456138805933773e-01	9.556171870803627233e-02	-8.097874300907328959e-02	6.762465032876065207e-02	-5.666113884566573861e-02	7.249092859329404892e-02	-8.516723386733587864e-02	8.270183240984559092e-02	-1.289359651632928094e-01
-2.739424784761456122e-01	1.196780462630136765e-01	-1.170704825439058683e-01	1.136090212785202808e-01	-8.161992851721003306e-02	2.696409254072368866e-01	-4.918262316703841397e-01	2.615453977833248067e-01	-1.099621897213079597e-01	8.270098900212057014e-02	-4.466056495169941076e-01	9.999999999999995559e-01	-2.924086481887340216e-01	1.917810461763934105e-01	-1.655230666507388204e-01	2.501021819366359700e-01	-4.949780787398810333e-01	2.154772692202657214e-01	-1.958198625670436455e-01	1.470690616216074331e-01	-1.960978372826129024e-01	2.315276579046657013e-01	-2.266044646904826765e-01	1.114635216483836483e-01	-1.142922269564573684e-01	1.399359982598575858e-01	-1.305558061990732821e-01	1.716160518876342356e-01	-1.101552752537429403e-01	7.656611226059804876e-02	-6.238968999272915400e-02	1.008389437040122516e-01	-9.425679958876988229e-02	8.135275171241432290e-02	-6.932797769160624346e-02	5.491154433017260417e-02	-7.126357237844556380e-02	8.254971391866255948e-02	-8.254834838118654816e-02	1.248823806919351076e-01
2.012105546189963401e-01	-1.181592710324169820e-01	1.146172699876230605e-01	-1.468989531338275312e-01	9.967442355644726137e-02	-1.836359794609995766e-01	2.532789300668403798e-01	-4.345146922641546783e-01	1.423279384209706622e-01	-1.072338271149674976e-01	1.727515154001220410e-01	-2.924086481887340216e-01	1.000000000000000888e+00	-5.846468792716202900e-01	2.215535979528478194e-01	-1.762315989925733184e-01	2.200334697774235237e-01	-4.043559132950962920e-01	2.894831158544769467e-01	-2.171308731410888926e-01	1.462085677894676417e-01	-2.028157794185899143e-01	2.365613856216128852e-01	-1.351481902281576331e-01	1.280923064038763937e-01	-1.251646649750053908e-01	1.138302519642818422e-01	-1.736991493858600633e-01	1.125486340898508852e-01	-8.003294686212079900e-02	5.869638542520860813e-02	-9.952403112096619431e-02	9.257934078217582019e-02	-8.256790342769845803e-02	7.097402939553586199e-02	-5.249433734364242904e-02	6.937001655474969719e-02	-8.203218231864178867e-02	8.234791084276588125e-02	-1.274438235291129595e-01
-1.909045264009660570e-01	8.765570967173542949e-02	-8.890900158866156533e-02	1.221855108658083389e-01	-9.860297640019519139e-02	1.457924950438839184e-01	-1.987729989099400463e-01	2.233497920063940156e-01	-1.299878547573455057e-01	1.015130400153893137e-01	-1.429233807233393494e-01	1.917810461763934105e-01	-5.846468792716202900e-01	1.000000000000001554e+00	-3.793069558332164415e-01	1.449433390573532099e-01	-1.893525218944454858e-01	2.715540461489178714e-01	-5.530702686032535897e-01	2.682699378072401775e-01	-1.269150508704495750e-01	1.664518031662574060e-01	-2.228662090603645285e-01	1.510154415153393825e-01	-1.509258155751189157e-01	1.076014746911379133e-01	-1.009123476431493804e-01	1.513683224011061479e-01	-1.138649167201828266e-01	7.946995894200069299e-02	-5.322168610474192763e-02	8.939851177393833004e-02	-8.469854793631750867e-02	7.871129993223831278e-02	-6.974272609881443374e-02	4.722050985063470235e-02	-6.350944855989831828e-02	7.465246901653468936e-02	-7.758139306750283515e-02	1.177807979372150482e-01
1.741950795182970191e-01	-7.901498553255069390e-02	7.561914595453343713e-02	-1.336458113860128361e-01	1.283644639681713051e-01	-1.391359074959797049e-01	1.520287394032495132e-01	-1.839369499332317026e-01	1.253136946173328270e-01	-1.562222123815487085e-01	1.247927330051997324e-01	-1.655230666507388204e-01	2.215535979528478194e-01	-3.793069558332164415e-01	1.000000000000003109e+00	-1.353528004505460958e-01	1.542047838983527930e-01	-2.060855123319884352e-01	2.845378650781545393e-01	-7.811554099177078214e-01	1.153995174115060585e-01	-1.505340597352931575e-01	1.727745587463311860e-01	-1.450539758030499893e-01	1.403705029189526166e-01	-1.086178219847776932e-01	9.977512061895338347e-02	-1.626435819044053932e-01	1.136573121109002715e-01	-8.300715562514568435e-02	5.519425497283787091e-02	-9.565974066099085238e-02	8.879957927621315306e-02	-8.289959928982404413e-02	7.232750541931286248e-02	-4.964278697730813844e-02	6.699884280796641889e-02	-8.030558621183647716e-02	8.203952863483496283e-02	-1.302029062077989519e-01
-2.759080834239465152e-01	7.258216185539159704e-02	-7.036452554757278988e-02	7.834071535366389505e-02	-5.830207137051499067e-02	2.348992272792271852e-01	-1.833059376883716673e-01	1.557925339988460722e-01	-7.300304661929248040e-02	5.863588161547395039e-02	-3.757383670746309856e-01	2.501021819366359700e-01	-1.762315989925733184e-01	1.449433390573532099e-01	-1.353528004505460958e-01	1.000000000000002442e+00	-4.568596539336792217e-01	1.930919519397331363e-01	-1.634192128385263121e-01	1.246870812451878474e-01	-6.150159584259921042e-01	2.933297763675651315e-01	-2.418305337556436452e-01	1.081158191396414947e-01	-1.119719024003955621e-01	2.254097879506458402e-01	-2.163304025734720526e-01	1.958373781428152105e-01	-1.206119034775818555e-01	8.130424892398671610e-02	-8.210621737890017036e-02	1.191141948521372146e-01	-1.120515494165108261e-01	9.005659803759850923e-02	-7.524253885636761341e-02	6.959011904865616827e-02	-8.547443745439869955e-02	9.421621806286975542e-02	-9.274806629815883496e-02	1.318195931696464207e-01
2.338301501286855211e-01	-9.294934009977748324e-02	8.686227599059709314e-02	-1.004968352719011471e-01	7.071002556014741036e-02	-2.336077235962392695e-01	2.274557711981748664e-01	-2.131134249419238402e-01	9.194384191043100674e-02	-7.303966979073081567e-02	2.514762745510162878e-01	-4.949780787398810333e-01	2.200334697774235237e-01	-1.893525218944454858e-01	1.542047838983527930e-01	-4.568596539336792217e-01	9.999999999999983347e-01	-3.257515748882930939e-01	1.984224764488432824e-01	-1.538138095630654789e-01	2.728041881040640937e-01	-4.871020205596153230e-01	2.767859993155634135e-01	-1.215380436420072791e-01	1.188989451392403057e-01	-1.832704312920567791e-01	1.590532113006254966e-01	-2.003045030740100707e-01	1.187498754962079128e-01	-8.296499033537041434e-02	7.189055606745478610e-02	-1.151284745883239535e-01	1.065518317781403712e-01	-8.950189186990124834e-02	7.518558724502669155e-02	-6.352482222123474742e-02	8.013754784656404451e-02	-9.247648289133630906e-02	9.055617915865593615e-02	-1.357786977214193447e-01
-2.033681563581496154e-01	8.100734182408156347e-02	-8.002938800774339612e-02	9.731243733527908391e-02	-7.399244237521263035e-02	1.602652942083988286e-01	-1.895696185066714778e-01	1.988714364829949066e-01	-9.353684009412575884e-02	7.547257564670234453e-02	-1.622396243068801591e-01	2.154772692202657214e-01	-4.043559132950962920e-01	2.715540461489178714e-01	-2.060855123319884352e-01	1.930919519397331363e-01	-3.257515748882930939e-01	9.999999999999991118e-01	-4.649647628413471900e-01	2.037771353248337969e-01	-1.793223232153389746e-01	2.621839569580086682e-01	-5.911974493387558427e-01	1.545352412339080772e-01	-1.485069728163457559e-01	1.344279130545951162e-01	-1.267570625179886001e-01	1.787211712468278202e-01	-1.216513625219238642e-01	8.388078164407838933e-02	-6.162205449240302363e-02	1.014576777153886056e-01	-9.729412224653109786e-02	8.568820218140542344e-02	-7.447028660877479112e-02	5.426763271221411722e-02	-7.171826031511756294e-02	8.306148591250842039e-02	-8.495797405740218577e-02	1.263381503459501398e-01
1.905337496366485139e-01	-8.171197619118479583e-02	7.856708473581147656e-02	-1.109664599246431016e-01	8.523294935119500593e-02	-1.543533504448007243e-01	1.698042155550059384e-01	-2.011447080003299082e-01	1.044494080143245629e-01	-8.917368698943581307e-02	1.432937644064041782e-01	-1.958198625670436455e-01	2.894831158544769467e-01	-5.530702686032535897e-01	2.845378650781545393e-01	-1.634192128385263121e-01	1.984224764488432824e-01	-4.649647628413471900e-01	1.000000000000001998e+00	-4.333693483034908867e-01	1.405664597530162097e-01	-1.994444954496317757e-01	2.483354173484402794e-01	-2.466741531131299847e-01	1.882366150391680260e-01	-1.253765334932881725e-01	1.148512358866054933e-01	-1.817515540876770697e-01	1.364840107720164120e-01	-9.730130186363869504e-02	6.163381206107856891e-02	-1.058528730848876664e-01	9.958495352312501936e-02	-9.449403195217767615e-02	8.356985778024730860e-02	-5.514629236112122274e-02	7.435439492100469339e-02	-8.838412882471174958e-02	9.156738528803462507e-02	-1.410897705192807328e-01
-1.789798943696113698e-01	6.876211716663302442e-02	-6.798090106578739966e-02	1.079271205673063699e-01	-1.143385820354779203e-01	1.254095569152066936e-01	-1.430750135130723355e-01	1.550971381602267996e-01	-1.069791899769711729e-01	1.142275092324935709e-01	-1.181147396934929261e-01	1.470690616216074331e-01	-2.171308731410888926e-01	2.682699378072401775e-01	-7.811554099177078214e-01	1.246870812451878474e-01	-1.538138095630654789e-01	2.037771353248337969e-01	-4.333693483034908867e-01	1.000000000000000444e+00	-1.108298353572524791e-01	1.414619762039412143e-01	-1.877504598544663950e-01	1.543689800664007072e-01	-1.702918043256628489e-01	9.830303776576571062e-02	-9.304667789363582631e-02	1.433323579161490113e-01	-1.154012978329412992e-01	8.192961819659594358e-02	-5.117172272460294991e-02	8.644169141883600860e-02	-8.230114690045373105e-02	7.891611450659556659e-02	-7.117483951895441086e-02	4.540195579841905388e-02	-6.193497188662490383e-02	7.304589966264840584e-02	-7.738083656443493774e-02	1.177930648627075749e-01
2.105635456699798402e-01	-6.005792077629541065e-02	5.747464728047579213e-02	-6.677138998115014767e-02	4.916446454788441639e-02	-1.882418006421240630e-01	1.412780180050553502e-01	-1.311628263139472672e-01	6.139940524638216185e-02	-4.982825680665903256e-02	2.027997448610502351e-01	-1.960978372826129024e-01	1.462085677894676417e-01	-1.269150508704495750e-01	1.153995174115060585e-01	-6.150159584259921042e-01	2.728041881040640937e-01	-1.793223232153389746e-01	1.405664597530162097e-01	-1.108298353572524791e-01	1.000000000000000666e+00	-4.840278364441183978e-01	2.279334978347119511e-01	-1.005359351870832169e-01	1.014218559647549339e-01	-4.123251650418433001e-01	2.356821355277738672e-01	-2.149136822985253936e-01	1.145051280407785865e-01	-7.807504347717265925e-02	8.869157486108442123e-02	-1.260165681483761957e-01	1.143060814820570370e-01	-8.866650243637769213e-02	7.241990938603443118e-02	-7.708447956839968584e-02	8.702614186205656632e-02	-9.635978930492164474e-02	9.071671268129255505e-02	-1.281133947307837029e-01
-2.326709055613574717e-01	7.298927688440537409e-02	-7.105725262553806709e-02	8.156960500999183017e-02	-6.119674566302844843e-02	1.806285415794018079e-01	-1.793644839055596185e-01	1.615370597900865068e-01	-7.628586133096057487e-02	6.174605011175472030e-02	-2.018533339122325077e-01	2.315276579046657013e-01	-2.028157794185899143e-01	1.664518031662574060e-01	-1.505340597352931575e-01	2.933297763675651315e-01	-4.871020205596153230e-01	2.621839569580086682e-01	-1.994444954496317757e-01	1.414619762039412143e-01	-4.840278364441183978e-01	9.999999999999992228e-01	-5.310064191215925211e-01	1.263151225573866665e-01	-1.275338520349779403e-01	2.053327093986895557e-01	-1.976642510408697095e-01	1.997096679129742036e-01	-1.239164144142756302e-01	8.386771315539968963e-02	-7.734908961607984967e-02	1.167004850054669807e-01	-1.110386139940554434e-01	9.068910940879890137e-02	-7.661025550354148839e-02	6.632814793201055603e-02	-8.293588869974106992e-02	9.253995715344588702e-02	-9.200724936150375677e-02	1.315061918923104423e-01
2.169669773010791947e-01	-8.066411110023406772e-02	7.659921764774624275e-02	-9.640065917676947371e-02	6.982353227988785660e-02	-1.823154267658180228e-01	1.745951502698860625e-01	-1.914256197192121534e-01	8.811930223416515606e-02	-7.214357485167068040e-02	1.737566284100744984e-01	-2.266044646904826765e-01	2.365613856216128852e-01	-2.228662090603645285e-01	1.727745587463311860e-01	-2.418305337556436452e-01	2.767859993155634135e-01	-5.911974493387558427e-01	2.483354173484402794e-01	-1.877504598544663950e-01	2.279334978347119511e-01	-5.310064191215925211e-01	1.000000000000000888e+00	-1.802851005816895613e-01	1.540010534296111788e-01	-1.807096378221468846e-01	1.607486148017120420e-01	-2.544434057247338954e-01	1.399017612522205911e-01	-9.800098414792353385e-02	7.635509647505750452e-02	-1.289179549749398523e-01	1.226781074813218519e-01	-1.033343985498759859e-01	8.732075057806057417e-02	-6.799276333928867821e-02	8.851918685704676659e-02	-1.031492120076617225e-01	1.022464289319391928e-01	-1.529842822331989316e-01
-1.654182393725736333e-01	4.647479670553181230e-02	-4.505870818891995200e-02	5.860158742620379113e-02	-4.664192225645261147e-02	1.030083161411039644e-01	-9.852138472797271340e-02	1.034099691410713812e-01	-5.455254300278117308e-02	4.702212712455566823e-02	-9.641929839187930729e-02	1.114635216483836483e-01	-1.351481902281576331e-01	1.510154415153393825e-01	-1.450539758030499893e-01	1.081158191396414947e-01	-1.215380436420072791e-01	1.545352412339080772e-01	-2.466741531131299847e-01	1.543689800664007072e-01	-1.005359351870832169e-01	1.263151225573866665e-01	-1.802851005816895613e-01	1.000000000000000222e+00	-8.270066460612278680e-01	1.008727459367936979e-01	-1.004452970392396421e-01	1.690174094325784249e-01	-3.298342464184416123e-01	2.005299873701808788e-01	-6.724016500220944548e-02	1.181220865648123508e-01	-1.210759948210070464e-01	1.558565021611123258e-01	-1.602223114394202008e-01	5.926367648933741905e-02	-8.921282340913432030e-02	1.064886764954312975e-01	-1.338270430841761172e-01	1.902300146207796805e-01
1.637216327288310014e-01	-4.766548394196075400e-02	4.561569264963737796e-02	-6.042470698643615662e-02	4.689367016259961274e-02	-1.068435405297007146e-01	9.831019750879373131e-02	-1.060452732656177871e-01	5.526408013395035790e-02	-4.773430734402520775e-02	9.725850124997822976e-02	-1.142922269564573684e-01	1.280923064038763937e-01	-1.509258155751189157e-01	1.403705029189526166e-01	-1.119719024003955621e-01	1.188989451392403057e-01	-1.485069728163457559e-01	1.882366150391680260e-01	-1.702918043256628489e-01	1.014218559647549339e-01	-1.275338520349779403e-01	1.540010534296111788e-01	-8.270066460612278680e-01	1.000000000000001332e+00	-1.086358873283771315e-01	1.059919516035817133e-01	-1.878200447736100842e-01	2.532783010115016720e-01	-2.793463165321561914e-01	7.256868978153294125e-02	-1.322587674422490700e-01	1.301283458931460357e-01	-1.724842981512033913e-01	1.760225067342820748e-01	-6.502428469335995442e-02	9.724269432065653362e-02	-1.196104737323845091e-01	1.445406443898943349e-01	-2.334355821727238656e-01
-2.389555111929972664e-01	5.020211065256465627e-02	-4.891514158566211828e-02	5.650387568705403374e-02	-4.341721063334934988e-02	1.418002376884744398e-01	-1.156807764292496904e-01	1.061151996533628711e-01	-5.242898698711655203e-02	4.324622140342971460e-02	-1.514889509111083665e-01	1.399359982598575858e-01	-1.251646649750053908e-01	1.076014746911379133e-01	-1.086178219847776932e-01	2.254097879506458402e-01	-1.832704312920567791e-01	1.344279130545951162e-01	-1.253765334932881725e-01	9.830303776576571062e-02	-4.123251650418433001e-01	2.053327093986895557e-01	-1.807096378221468846e-01	1.008727459367936979e-01	-1.086358873283771315e-01	1.000000000000003553e+00	-7.384176862823849108e-01	2.603213187241692483e-01	-1.448917999309180527e-01	9.222954507315331285e-02	-1.713374164077476614e-01	1.760987203247456057e-01	-1.640432923067632054e-01	1.119546780616648418e-01	-8.934805371661427853e-02	1.272319612180694282e-01	-1.290600132964134505e-01	1.270329805202927986e-01	-1.181349297718866792e-01	1.455993953252414097e-01
2.098564763746714190e-01	-4.675806055974447012e-02	4.513737362247227658e-02	-5.313380631082966626e-02	4.032820833381088599e-02	-1.342038176644100023e-01	1.050938778220026210e-01	-9.954547161748454609e-02	4.886500038702204507e-02	-4.039514079759060072e-02	1.325647240186989817e-01	-1.305558061990732821e-01	1.138302519642818422e-01	-1.009123476431493804e-01	9.977512061895338347e-02	-2.163304025734720526e-01	1.590532113006254966e-01	-1.267570625179886001e-01	1.148512358866054933e-01	-9.304667789363582631e-02	2.356821355277738672e-01	-1.976642510408697095e-01	1.607486148017120420e-01	-1.004452970392396421e-01	1.059919516035817133e-01	-7.384176862823849108e-01	1.000000000000002220e+00	-4.404773797934289359e-01	1.512867178012828884e-01	-9.908938535956855753e-02	1.377143542486624905e-01	-2.511733016187796541e-01	1.969172908882027007e-01	-1.255952109782685067e-01	9.569212830341143616e-02	-1.232067545028207867e-01	1.386223751550990646e-01	-1.427792162030292189e-01	1.266947199124018320e-01	-1.582186919755066978e-01
-3.965164717993711618e-01	6.852008935946272972e-02	-6.729548552859133947e-02	7.833599949076038016e-02	-6.189651997541721629e-02	1.839051991611349579e-01	-1.527695801951946264e-01	1.423907103674703911e-01	-7.293646710184562010e-02	6.108170586169589522e-02	-1.808343517961740754e-01	1.716160518876342356e-01	-1.736991493858600633e-01	1.513683224011061479e-01	-1.626435819044053932e-01	1.958373781428152105e-01	-2.003045030740100707e-01	1.787211712468278202e-01	-1.817515540876770697e-01	1.433323579161490113e-01	-2.149136822985253936e-01	1.997096679129742036e-01	-2.544434057247338954e-01	1.690174094325784249e-01	-1.878200447736100842e-01	2.603213187241692483e-01	-4.404773797934289359e-01	1.000000000000001554e+00	-3.122280657641442470e-01	1.726152793090345583e-01	-1.552896860438294224e-01	2.761471683101301422e-01	-4.463511598690588222e-01	2.191305762048539607e-01	-1.727505696297692295e-01	1.287092900621449321e-01	-1.950793362809192522e-01	1.994904343266516999e-01	-2.155213281086197086e-01	2.452721930175897902e-01
2.073621042614024745e-01	-4.493801757008866748e-02	4.334589489634965709e-02	-5.394624554693120549e-02	4.186017614065041387e-02	-1.137291459902245311e-01	9.531580547581063045e-02	-9.591869428057198110e-02	4.940578014170934201e-02	-4.198884382090348893e-02	1.045711534046657037e-01	-1.101552752537429403e-01	1.125486340898508852e-01	-1.138649167201828266e-01	1.136573121109002715e-01	-1.206119034775818555e-01	1.187498754962079128e-01	-1.216513625219238642e-01	1.364840107720164120e-01	-1.154012978329412992e-01	1.145051280407785865e-01	-1.239164144142756302e-01	1.399017612522205911e-01	-3.298342464184416123e-01	2.532783010115016720e-01	-1.448917999309180527e-01	1.512867178012828884e-01	-3.122280657641442470e-01	1.000000000000001998e+00	-4.803274109107951717e-01	1.167036643901857434e-01	-2.328336606707532563e-01	2.359060348503278781e-01	-4.747797411748351792e-01	3.012688677439324114e-01	-1.056554836722010393e-01	1.674728109106239371e-01	-2.151360441500915488e-01	2.731638636030763179e-01	-4.249793262719469000e-01
-1.578337858767399904e-01	3.157563767676935945e-02	-3.064597137889955858e-02	3.776705113718845097e-02	-2.974724449851397570e-02	8.001643423019076662e-02	-6.750737495445886804e-02	6.690914025041265478e-02	-3.481366873611400209e-02	2.967449948522528705e-02	-7.426177365733878377e-02	7.656611226059804876e-02	-8.003294686212079900e-02	7.946995894200069299e-02	-8.300715562514568435e-02	8.130424892398671610e-02	-8.296499033537041434e-02	8.388078164407838933e-02	-9.730130186363869504e-02	8.192961819659594358e-02	-7.807504347717265925e-02	8.386771315539968963e-02	-9.800098414792353385e-02	2.005299873701808788e-01	-2.793463165321561914e-01	9.222954507315331285e-02	-9.908938535956855753e-02	1.726152793090345583e-01	-4.803274109107951717e-01	1.000000000000000888e+00	-8.353781183409787758e-02	1.474612803652576298e-01	-1.722856542341182629e-01	2.788758507033615164e-01	-7.256575500094375464e-01	7.204533927362696821e-02	-1.209493538252008477e-01	1.416874719235428626e-01	-2.231874969563042987e-01	2.601672711545102157e-01
1.226046672300010604e-01	-2.412445408311975417e-02	2.339810530307312453e-02	-2.780551740856448961e-02	2.151189161342746334e-02	-6.619514515689389755e-02	5.302253733022682658e-02	-5.062553885518569774e-02	2.558727161462132083e-02	-2.141907975708848624e-02	6.350551260642682549e-02	-6.238968999272915400e-02	5.869638542520860813e-02	-5.322168610474192763e-02	5.519425497283787091e-02	-8.210621737890017036e-02	7.189055606745478610e-02	-6.162205449240302363e-02	6.163381206107856891e-02	-5.117172272460294991e-02	8.869157486108442123e-02	-7.734908961607984967e-02	7.635509647505750452e-02	-6.724016500220944548e-02	7.256868978153294125e-02	-1.713374164077476614e-01	1.377143542486624905e-01	-1.552896860438294224e-01	1.167036643901857434e-01	-8.353781183409787758e-02	1.000000000000001776e+00	-2.137776091567748782e-01	1.474355166354071600e-01	-1.167660354400407857e-01	8.339015514254191630e-02	-8.738598501257675011e-01	2.494435839983821512e-01	-2.489007427368931658e-01	1.367763437105572466e-01	-1.573844611500980761e-01
-2.259561326203974596e-01	4.021756012467053026e-02	-3.929139447220223597e-02	4.630406074478222306e-02	-3.639638587615141169e-02	1.087236627685538165e-01	-8.860908698584912813e-02	8.366419905377250887e-02	-4.287492269108151427e-02	3.602615635509505421e-02	-1.047456138805933773e-01	1.008389437040122516e-01	-9.952403112096619431e-02	8.939851177393833004e-02	-9.565974066099085238e-02	1.191141948521372146e-01	-1.151284745883239535e-01	1.014576777153886056e-01	-1.058528730848876664e-01	8.644169141883600860e-02	-1.260165681483761957e-01	1.167004850054669807e-01	-1.289179549749398523e-01	1.181220865648123508e-01	-1.322587674422490700e-01	1.760987203247456057e-01	-2.511733016187796541e-01	2.761471683101301422e-01	-2.328336606707532563e-01	1.474612803652576298e-01	-2.137776091567748782e-01	1.000000000000000000e+00	-6.581017521910998980e-01	2.284906007855270205e-01	-1.600149166060190475e-01	1.770398025639252082e-01	-4.453962492982803112e-01	2.728383593950975405e-01	-2.441371246357248448e-01	2.215813988982918148e-01
1.987240967777293699e-01	-3.746303618158461357e-02	3.644479437727358301e-02	-4.344576347501558772e-02	3.390484658531701945e-02	-1.004373134029764164e-01	8.188340225657143867e-02	-7.850570410482886341e-02	4.007508211861986192e-02	-3.369190681772697010e-02	9.556171870803627233e-02	-9.425679958876988229e-02	9.257934078217582019e-02	-8.469854793631750867e-02	8.879957927621315306e-02	-1.120515494165108261e-01	1.065518317781403712e-01	-9.729412224653109786e-02	9.958495352312501936e-02	-8.230114690045373105e-02	1.143060814820570370e-01	-1.110386139940554434e-01	1.226781074813218519e-01	-1.210759948210070464e-01	1.301283458931460357e-01	-1.640432923067632054e-01	1.969172908882027007e-01	-4.463511598690588222e-01	2.359060348503278781e-01	-1.722856542341182629e-01	1.474355166354071600e-01	-6.581017521910998980e-01	1.000000000000001110e+00	-3.676860568845556343e-01	1.779107513853823985e-01	-1.364969431575460967e-01	2.438480961241061840e-01	-2.888662231417915005e-01	2.373090293981013343e-01	-2.504573196505428534e-01
-1.742193437795607203e-01	3.314355185529376663e-02	-3.221760252216761267e-02	3.902764242097082198e-02	-3.065080771069747523e-02	8.655343635503134903e-02	-7.150860877720499609e-02	6.963223662706491401e-02	-3.598090735373508237e-02	3.048860806890455605e-02	-8.097874300907328959e-02	8.135275171241432290e-02	-8.256790342769845803e-02	7.871129993223831278e-02	-8.289959928982404413e-02	9.005659803759850923e-02	-8.950189186990124834e-02	8.568820218140542344e-02	-9.449403195217767615e-02	7.891611450659556659e-02	-8.866650243637769213e-02	9.068910940879890137e-02	-1.033343985498759859e-01	1.558565021611123258e-01	-1.724842981512033913e-01	1.119546780616648418e-01	-1.255952109782685067e-01	2.191305762048539607e-01	-4.747797411748351792e-01	2.788758507033615164e-01	-1.167660354400407857e-01	2.284906007855270205e-01	-3.676860568845556343e-01	1.000000000000001332e+00	-4.563811215907744301e-01	1.008891852896240116e-01	-1.870522572988247423e-01	2.229186253300558529e-01	-5.244407051029535971e-01	3.098301976572326866e-01
1.433454484597611600e-01	-2.841436608014404758e-02	2.754146970046307888e-02	-3.379785650226008187e-02	2.647651587412892457e-02	-7.301848918183986847e-02	6.075310340462118652e-02	-6.005308421250014905e-02	3.108273524065812560e-02	-2.641895808386885910e-02	6.762465032876065207e-02	-6.932797769160624346e-02	7.097402939553586199e-02	-6.974272609881443374e-02	7.232750541931286248e-02	-7.524253885636761341e-02	7.518558724502669155e-02	-7.447028660877479112e-02	8.356985778024730860e-02	-7.117483951895441086e-02	7.241990938603443118e-02	-7.661025550354148839e-02	8.732075057806057417e-02	-1.602223114394202008e-01	1.760225067342820748e-01	-8.934805371661427853e-02	9.569212830341143616e-02	-1.727505696297692295e-01	3.012688677439324114e-01	-7.256575500094375464e-01	8.339015514254191630e-02	-1.600149166060190475e-01	1.779107513853823985e-01	-4.563811215907744301e-01	1.000000000000000888e+00	-7.345257682794591181e-02	1.241156955741239964e-01	-1.548442559563519005e-01	2.376931940004845534e-01	-3.637721275817664690e-01
-1.136807764676210086e-01	2.144205215256296884e-02	-2.086842973489594702e-02	2.465801078900557719e-02	-1.920152641029196361e-02	5.858159419482721064e-02	-4.730343437206190049e-02	4.480260926340057931e-02	-2.275878894709279857e-02	1.906573622247660638e-02	-5.666113884566573861e-02	5.491154433017260417e-02	-5.249433734364242904e-02	4.722050985063470235e-02	-4.964278697730813844e-02	6.959011904865616827e-02	-6.352482222123474742e-02	5.426763271221411722e-02	-5.514629236112122274e-02	4.540195579841905388e-02	-7.708447956839968584e-02	6.632814793201055603e-02	-6.799276333928867821e-02	5.926367648933741905e-02	-6.502428469335995442e-02	1.272319612180694282e-01	-1.232067545028207867e-01	1.287092900621449321e-01	-1.056554836722010393e-01	7.204533927362696821e-02	-8.738598501257675011e-01	1.770398025639252082e-01	-1.364969431575460967e-01	1.008891852896240116e-01	-7.345257682794591181e-02	1.000000000000001332e+00	-3.571737920319323356e-01	2.074362683032990873e-01	-1.261913155437312806e-01	1.285351416495206234e-01
1.519687087746503240e-01	-2.834863215612719312e-02	2.756189571944044417e-02	-3.284809467619238116e-02	2.563427557819810895e-02	-7.658301450156372592e-02	6.184595561261888724e-02	-5.923602653197411472e-02	3.026985304553816980e-02	-2.546316534487996427e-02	7.249092859329404892e-02	-7.126357237844556380e-02	6.937001655474969719e-02	-6.350944855989831828e-02	6.699884280796641889e-02	-8.547443745439869955e-02	8.013754784656404451e-02	-7.171826031511756294e-02	7.435439492100469339e-02	-6.193497188662490383e-02	8.702614186205656632e-02	-8.293588869974106992e-02	8.851918685704676659e-02	-8.921282340913432030e-02	9.724269432065653362e-02	-1.290600132964134505e-01	1.386223751550990646e-01	-1.950793362809192522e-01	1.674728109106239371e-01	-1.209493538252008477e-01	2.494435839983821512e-01	-4.453962492982803112e-01	2.438480961241061840e-01	-1.870522572988247423e-01	1.241156955741239964e-01	-3.571737920319323356e-01	1.000000000000001110e+00	-6.787292808118425835e-01	2.343994576038108679e-01	-2.293538431024195745e-01
-1.897063658155100918e-01	3.332963316638793555e-02	-3.253268888130618486e-02	3.854926737026129896e-02	-3.035142234614999351e-02	8.972428051940729843e-02	-7.285208327313054399e-02	6.923312971172446151e-02	-3.564320748862416510e-02	3.004326518597624091e-02	-8.516723386733587864e-02	8.254971391866255948e-02	-8.203218231864178867e-02	7.465246901653468936e-02	-8.030558621183647716e-02	9.421621806286975542e-02	-9.247648289133630906e-02	8.306148591250842039e-02	-8.838412882471174958e-02	7.304589966264840584e-02	-9.635978930492164474e-02	9.253995715344588702e-02	-1.031492120076617225e-01	1.064886764954312975e-01	-1.196104737323845091e-01	1.270329805202927986e-01	-1.427792162030292189e-01	1.994904343266516999e-01	-2.151360441500915488e-01	1.416874719235428626e-01	-2.489007427368931658e-01	2.728383593950975405e-01	-2.888662231417915005e-01	2.229186253300558529e-01	-1.548442559563519005e-01	2.074362683032990873e-01	-6.787292808118425835e-01	1.000000000000001110e+00	-4.493425296511561751e-01	2.483310136399076162e-01
1.799405717946178374e-01	-3.353192331925869407e-02	3.257218663360146593e-02	-3.928510932927975485e-02	3.077463167498832239e-02	-8.883779874214178807e-02	7.231410760345097222e-02	-7.016799163564395314e-02	3.616126082279062792e-02	-3.059313341453425567e-02	8.270183240984559092e-02	-8.254834838118654816e-02	8.234791084276588125e-02	-7.758139306750283515e-02	8.203952863483496283e-02	-9.274806629815883496e-02	9.055617915865593615e-02	-8.495797405740218577e-02	9.156738528803462507e-02	-7.738083656443493774e-02	9.071671268129255505e-02	-9.200724936150375677e-02	1.022464289319391928e-01	-1.338270430841761172e-01	1.445406443898943349e-01	-1.181349297718866792e-01	1.266947199124018320e-01	-2.155213281086197086e-01	2.731638636030763179e-01	-2.231874969563042987e-01	1.367763437105572466e-01	-2.441371246357248448e-01	2.373090293981013343e-01	-5.244407051029535971e-01	2.376931940004845534e-01	-1.261913155437312806e-01	2.343994576038108679e-01	-4.493425296511561751e-01	1.000000000000000888e+00	-5.600936920695438470e-01
