1.000000000000000000e+00	-2.753107517984787478e-01	1.658405749599094203e-01	-3.815015957457651430e-02	4.532581592722750852e-02	-8.585853418006546001e-01	1.913105995703644757e-01	-1.437492630679077232e-01	4.830358168366155613e-02	-4.798498813091025411e-02	2.447811473867237131e-01	-1.829696888698066903e-01	1.468142199220005828e-01	-9.142690032754052787e-02	9.010781470446568853e-02	-2.314717676074046493e-01	1.171038118778468251e-01	-1.198231574740198369e-01	7.730814852839473783e-02	-8.136147991641289046e-02	1.130939702217367004e-01	-7.448735599432418364e-02	7.482106925688911114e-02	-7.853744716783157831e-02	6.595710369255884664e-02	-5.363472455069343697e-02	6.812118841528365387e-02	-7.544453020547246813e-02	7.706083176205838492e-02	-8.278110829490671618e-02	5.343696012644551935e-02	-6.440848632235081361e-02	7.243058760365014837e-02	-9.180134931104866336e-02	8.552860076956672608e-02	-1.143601207975842443e-01	6.930991070564737622e-02	-7.623421908280073045e-02	5.240618733728290290e-02	-7.653928420369607299e-02
-2.753107517984787478e-01	1.000000000000000000e+00	-6.584797303575596894e-01	6.519321772103532642e-02	-7.694261403455832093e-02	1.991793322835659907e-01	-5.075216740223200684e-01	3.075400587643901673e-01	-8.502471954595240689e-02	8.015144411154261073e-02	-2.278443081639242584e-01	2.559118284808291621e-01	-2.836372399421489554e-01	1.435538747908956247e-01	-1.516654236936225975e-01	1.848489872052891114e-01	-1.330275373147050411e-01	1.310290213449475938e-01	-9.672269569162471325e-02	9.733509904838882898e-02	-1.243359905935495641e-01	8.080457800532042656e-02	-8.431095455141020267e-02	9.113618879797029393e-02	-7.885873794922537705e-02	5.710996382219278578e-02	-7.571453757046578414e-02	8.265993856523995431e-02	-8.958074692061544775e-02	9.343560627530789198e-02	-5.838788951265335564e-02	6.934389933082035773e-02	-7.962833859279117021e-02	9.740011845280580061e-02	-9.634683049259090692e-02	1.162305863744415302e-01	-7.431683396065594249e-02	8.016146356256508010e-02	-5.546777486696716220e-02	8.010012867812378590e-02
1.658405749599094203e-01	-6.584797303575596894e-01	9.999999999999997780e-01	-7.121402777746610457e-02	7.488920992891653916e-02	-1.594251105412598790e-01	3.010696801843830706e-01	-5.761667723883212577e-01	8.848522001961338368e-02	-8.330411270274849789e-02	1.844929989215058630e-01	-2.501716925987803042e-01	2.594077308293579742e-01	-1.475234310186530062e-01	1.363140244116924915e-01	-1.896528218351039019e-01	1.264313426976894916e-01	-1.361894156654908927e-01	9.675334465560327113e-02	-1.006567028869557734e-01	1.197132657295064545e-01	-8.238216719465414617e-02	8.474979211835810544e-02	-9.398632026985126453e-02	7.948024353025823219e-02	-5.738083888489950435e-02	7.609125782233842894e-02	-8.485192625475054817e-02	9.041236777635230926e-02	-9.758297429324153116e-02	5.815110309586256354e-02	-7.092790058476260151e-02	8.074744927988916632e-02	-1.025410528821521922e-01	9.726054761945890359e-02	-1.239464905718968557e-01	7.659158951368828794e-02	-8.401316824548560325e-02	5.819658858373098764e-02	-8.468167472154307374e-02
-3.815015957457651430e-02	6.519321772103532642e-02	-7.121402777746610457e-02	1.000000000000000000e+00	-6.778073138524871588e-01	3.485320356286121524e-02	-6.496430366892179398e-02	7.996198009576475918e-02	-6.436039554704123811e-01	3.207111332598272524e-01	-5.634878128779152034e-02	6.552144385574128205e-02	-8.539494280092821410e-02	1.346036000848735981e-01	-1.514724707315000529e-01	5.933405769361473764e-02	-4.823538305213077165e-02	5.212965269019059072e-02	-5.780638762146170229e-02	6.018038025414243486e-02	-4.876374055035317262e-02	3.419682454034782965e-02	-3.638810487444761599e-02	4.970820325179366173e-02	-4.403179271241706300e-02	2.352811338230554467e-02	-3.272787714542455678e-02	3.671829090657949962e-02	-4.547866003789819561e-02	5.047212297190964425e-02	-2.433424293951537767e-02	2.998431577281341492e-02	-3.496750410134823878e-02	4.501782253952758828e-02	-4.478422546224804929e-02	5.039690276154190629e-02	-3.262423874668868989e-02	3.552726569704833109e-02	-2.514014139833842254e-02	3.619972469761489897e-02
4.532581592722750852e-02	-7.694261403455832093e-02	7.488920992891653916e-02	-6.778073138524871588e-01	9.999999999999997780e-01	-4.187204209964032892e-02	7.210649606738968320e-02	-8.514232328950784023e-02	3.322749031273905529e-01	-6.059665571950235696e-01	6.825338713263530421e-02	-7.981070199514947450e-02	9.778889511696803316e-02	-1.810575108674883082e-01	1.833942481053613127e-01	-7.582393169013201817e-02	6.069914148459276682e-02	-6.698571073455458769e-02	7.474997332659251426e-02	-8.093559040358208612e-02	6.221406146482091198e-02	-4.431189380291462865e-02	4.687212530020076068e-02	-6.586761831949008994e-02	5.746428052869221453e-02	-3.041183041704194345e-02	4.227311229688437283e-02	-4.779007924592960227e-02	5.914100400083333042e-02	-6.759429763485334808e-02	3.139154219861441802e-02	-3.902366077771032837e-02	4.538598366350875962e-02	-5.953631907456205519e-02	5.814156755057901804e-02	-6.662396372845273695e-02	4.261504320468093021e-02	-4.674371715539450689e-02	3.314456785076329293e-02	-4.787767995625037687e-02
-8.585853418006546001e-01	1.991793322835659907e-01	-1.594251105412598790e-01	3.485320356286121524e-02	-4.187204209964032892e-02	9.999999999999998890e-01	-2.150873471685283977e-01	1.339692609479512797e-01	-4.476966956187097835e-02	4.397204804518713844e-02	-3.501034879074839679e-01	1.771975122612168274e-01	-1.456031631930794767e-01	8.343295677951556577e-02	-8.450636118530455154e-02	1.959119487257644787e-01	-1.063087544724970052e-01	1.025165891422541026e-01	-6.750647005232025821e-02	6.959644397442621422e-02	-1.005693976615183866e-01	6.360546489877109966e-02	-6.461866906423055501e-02	6.698404711239297482e-02	-5.671153708958172335e-02	4.598016730797804819e-02	-5.856380156468937725e-02	6.411256788009149499e-02	-6.611204667593682804e-02	6.971800745021448920e-02	-4.610078513955961910e-02	5.457616446763563500e-02	-6.168927490385748419e-02	7.628049305965041438e-02	-7.268205494846875780e-02	9.400432676468098436e-02	-5.830472156475770273e-02	6.347089159295749017e-02	-4.360548355432500994e-02	6.336409684664473518e-02
1.913105995703644757e-01	-5.075216740223200684e-01	3.010696801843830706e-01	-6.496430366892179398e-02	7.210649606738968320e-02	-2.150873471685283977e-01	9.999999999999994449e-01	-4.879873163710577444e-01	8.403280277230665285e-02	-7.996850683669128046e-02	2.397550932091864484e-01	-5.415904799229142030e-01	2.980907687189901512e-01	-1.514198600477102141e-01	1.423397007590402608e-01	-2.185277871370734926e-01	1.409765405785367576e-01	-1.461504729851155759e-01	9.970411873883584797e-02	-1.020915348626270924e-01	1.244328059272083731e-01	-8.565139384485080665e-02	8.831553860320667804e-02	-9.556102148114010986e-02	8.052495312677403205e-02	-5.902013578287950563e-02	7.842317765139217300e-02	-8.730398345340767419e-02	9.201817641922437063e-02	-9.787812969008218011e-02	5.954941301883882876e-02	-7.225220673813213812e-02	8.213414363291375586e-02	-1.025080844278186687e-01	9.772547985647049573e-02	-1.236462973763119422e-01	7.723411477227226651e-02	-8.434103537327414246e-02	5.827066519452962085e-02	-8.454269755188598134e-02
-1.437492630679077232e-01	3.075400587643901673e-01	-5.761667723883212577e-01	7.996198009576475918e-02	-8.514232328950784023e-02	1.339692609479512797e-01	-4.879873163710577444e-01	1.000000000000000000e+00	-1.155309475332664121e-01	9.630401984976055818e-02	-1.891316196905345748e-01	2.788039995606416133e-01	-5.131384099460860604e-01	1.711889018032121124e-01	-1.681275619872356353e-01	1.683213997321379163e-01	-1.265023798176983794e-01	1.324683025576848527e-01	-9.776040836188021332e-02	9.652469443154804152e-02	-1.084291732558885224e-01	7.550904843859128357e-02	-8.012522802641985908e-02	8.834420643030149733e-02	-7.525328761807766054e-02	5.120554546963197035e-02	-6.984104579340136287e-02	7.758439446176580712e-02	-8.452307505006145805e-02	8.865371461337334669e-02	-5.213433490267441184e-02	6.328830164015315785e-02	-7.259512909854538842e-02	8.949646002798461453e-02	-8.701927450031309019e-02	1.057462183441681552e-01	-6.747020663856093114e-02	7.320382137436948211e-02	-5.075845215980939740e-02	7.327188700349313022e-02
4.830358168366155613e-02	-8.502471954595240689e-02	8.848522001961338368e-02	-6.436039554704123811e-01	3.322749031273905529e-01	-4.476966956187097835e-02	8.403280277230665285e-02	-1.155309475332664121e-01	9.999999999999992228e-01	-6.266182505576193273e-01	7.175686932439062637e-02	-8.776564837064057545e-02	1.124525126976384792e-01	-2.096421885239125038e-01	1.970107110795311645e-01	-7.735308898523432508e-02	6.212352656709947685e-02	-6.842836908845793820e-02	7.690695999597210730e-02	-8.092377678873718949e-02	6.152701006676858375e-02	-4.406015642564391210e-02	4.687622179923088550e-02	-6.574425961893641535e-02	5.690050269680169137e-02	-2.995353555396341669e-02	4.188126599035817826e-02	-4.737998934925188171e-02	5.863834821261391939e-02	-6.582517333518643488e-02	3.087948415391537915e-02	-3.832459696291478507e-02	4.457552472855536019e-02	-5.778029354397890005e-02	5.668728702576365797e-02	-6.451149911637434065e-02	4.158127432237618271e-02	-4.546444298427158859e-02	3.219323438218900379e-02	-4.638267701373961771e-02
-4.798498813091025411e-02	8.015144411154261073e-02	-8.330411270274849789e-02	3.207111332598272524e-01	-6.059665571950235696e-01	4.397204804518713844e-02	-7.996850683669128046e-02	9.630401984976055818e-02	-6.266182505576193273e-01	1.000000000000000222e+00	-7.227854821813704811e-02	8.499363256891485918e-02	-1.123039447506533062e-01	2.040949775997176474e-01	-3.179366694176603003e-01	7.696031160022964723e-02	-6.344839672440717726e-02	6.919178226599280446e-02	-8.129658783682056078e-02	8.518181654787683466e-02	-6.323633258050327666e-02	4.499712936991072387e-02	-4.815660486910840893e-02	6.788476073531102273e-02	-6.030686896420558302e-02	3.063281221252963510e-02	-4.302885201040466262e-02	4.852780180271212135e-02	-6.117045816421131516e-02	6.787265373494857923e-02	-3.166706278231239818e-02	3.919623390296436694e-02	-4.576118870706977204e-02	5.893860976275504260e-02	-5.864161546958552435e-02	6.532329897848493383e-02	-4.251154057328557917e-02	4.630167094652216930e-02	-3.283315906669702355e-02	4.718411072926392141e-02
2.447811473867237131e-01	-2.278443081639242584e-01	1.844929989215058630e-01	-5.634878128779152034e-02	6.825338713263530421e-02	-3.501034879074839679e-01	2.397550932091864484e-01	-1.891316196905345748e-01	7.175686932439062637e-02	-7.227854821813704811e-02	9.999999999999997780e-01	-4.484713676315887354e-01	2.381366310820579868e-01	-1.465773054006652143e-01	1.410751945104544436e-01	-6.155912757225946441e-01	2.220384776895394652e-01	-2.172828501244059018e-01	1.279775697822265190e-01	-1.333629811843532464e-01	1.956076574136052515e-01	-1.278070002999563692e-01	1.276868859339720941e-01	-1.293705057185461915e-01	1.070511009079878895e-01	-9.129713071091989651e-02	1.145002322741440343e-01	-1.270308802872175402e-01	1.263111628312707790e-01	-1.338912628924872894e-01	8.934660163274428524e-02	-1.069030732496767944e-01	1.192778645184379843e-01	-1.480902411439840860e-01	1.375492952396857593e-01	-1.847157753165548921e-01	1.129870157015151894e-01	-1.238492597978450294e-01	8.471708603915852065e-02	-1.233546168967799561e-01
-1.829696888698066903e-01	2.559118284808291621e-01	-2.501716925987803042e-01	6.552144385574128205e-02	-7.981070199514947450e-02	1.771975122612168274e-01	-5.415904799229142030e-01	2.788039995606416133e-01	-8.776564837064057545e-02	8.499363256891485918e-02	-4.484713676315887354e-01	9.999999999999966693e-01	-5.332084246929904570e-01	1.792489175214430630e-01	-1.811323338075168099e-01	2.449248521066632600e-01	-1.825200746897484017e-01	1.673061435042273448e-01	-1.139434303091922535e-01	1.117891483243243084e-01	-1.391140477655401497e-01	9.437196213978346626e-02	-9.926829529319206036e-02	1.041916726820924927e-01	-8.830339286210692196e-02	6.400239490504067152e-02	-8.637713422794585094e-02	9.513060696158201490e-02	-1.008711150875085533e-01	1.041589786729068129e-01	-6.477917380957787241e-02	7.759970201317163696e-02	-8.861385038724484131e-02	1.070758815741954667e-01	-1.042051072630104797e-01	1.274666156289074870e-01	-8.185812780218258700e-02	8.839004352371591933e-02	-6.096575696403463973e-02	8.785451455397971787e-02
1.468142199220005828e-01	-2.836372399421489554e-01	2.594077308293579742e-01	-8.539494280092821410e-02	9.778889511696803316e-02	-1.456031631930794767e-01	2.980907687189901512e-01	-5.131384099460860604e-01	1.124525126976384792e-01	-1.123039447506533062e-01	2.381366310820579868e-01	-5.332084246929904570e-01	1.000000000000000444e+00	-3.505349776218759095e-01	2.276270687405885507e-01	-2.450541875747900555e-01	1.807946586321360349e-01	-2.231183398399929629e-01	1.448504683650179703e-01	-1.429979204498212364e-01	1.466337581711271709e-01	-1.088567637884953060e-01	1.160638726418456307e-01	-1.296621549410879870e-01	1.065156644112660450e-01	-7.096967522307207066e-02	9.851202697612139458e-02	-1.120165955986457407e-01	1.197281629424056526e-01	-1.267487423025270843e-01	7.179358460666424024e-02	-8.881131977094902652e-02	1.013737741847612894e-01	-1.259429981945279220e-01	1.199736476237155958e-01	-1.482309240682029294e-01	9.404370699649979015e-02	-1.027142988707078763e-01	7.122163232717135251e-02	-1.028777620678144461e-01
-9.142690032754052787e-02	1.435538747908956247e-01	-1.475234310186530062e-01	1.346036000848735981e-01	-1.810575108674883082e-01	8.343295677951556577e-02	-1.514198600477102141e-01	1.711889018032121124e-01	-2.096421885239125038e-01	2.040949775997176474e-01	-1.465773054006652143e-01	1.792489175214430630e-01	-3.505349776218759095e-01	9.999999999999984457e-01	-7.758156737105478262e-01	1.470800234988946520e-01	-1.335195117941127829e-01	1.464089683432406863e-01	-2.483400009679586073e-01	1.878385228433292198e-01	-1.203739498253686702e-01	8.885592113675723491e-02	-9.891058950944493777e-02	1.502425172584113122e-01	-1.282791372861545320e-01	5.809860631298584266e-02	-8.506629232494936077e-02	9.665594029855173464e-02	-1.303296395908379313e-01	1.330662561059417770e-01	-6.019078349093862079e-02	7.476107890589193949e-02	-8.801758441259023569e-02	1.098022088424583931e-01	-1.114784589389953978e-01	1.178697500616872618e-01	-7.957112029106956641e-02	8.573344110865538381e-02	-6.098580535257121238e-02	8.652426549091632446e-02
9.010781470446568853e-02	-1.516654236936225975e-01	1.363140244116924915e-01	-1.514724707315000529e-01	1.833942481053613127e-01	-8.450636118530455154e-02	1.423397007590402608e-01	-1.681275619872356353e-01	1.970107110795311645e-01	-3.179366694176603003e-01	1.410751945104544436e-01	-1.811323338075168099e-01	2.276270687405885507e-01	-7.758156737105478262e-01	1.000000000000000000e+00	-1.597431840847483575e-01	1.319501786547937205e-01	-1.512124749195685736e-01	1.967259221219409271e-01	-2.239050890595088439e-01	1.261893165210751233e-01	-9.453793644616705072e-02	1.018411702068882096e-01	-1.584895235296104876e-01	1.344286910107526101e-01	-6.233402447699974702e-02	8.942647497829536718e-02	-1.029649408404180594e-01	1.326301852417395011e-01	-1.509203732322333680e-01	6.418584153851510099e-02	-8.074329540013570894e-02	9.407894787810563986e-02	-1.225288933286350634e-01	1.194519811546975313e-01	-1.330455709467170400e-01	8.681719901034400111e-02	-9.511877792536246878e-02	6.774041882932012315e-02	-9.713451101039212443e-02
-2.314717676074046493e-01	1.848489872052891114e-01	-1.896528218351039019e-01	5.933405769361473764e-02	-7.582393169013201817e-02	1.959119487257644787e-01	-2.185277871370734926e-01	1.683213997321379163e-01	-7.735308898523432508e-02	7.696031160022964723e-02	-6.155912757225946441e-01	2.449248521066632600e-01	-2.450541875747900555e-01	1.470800234988946520e-01	-1.597431840847483575e-01	9.999999999999981126e-01	-4.334751662157148022e-01	2.525627488614938798e-01	-1.480217308794335718e-01	1.433725034666422371e-01	-3.283589852048351965e-01	1.560834431910674003e-01	-1.599638291986923977e-01	1.431734047425944900e-01	-1.209661321416743290e-01	1.194442826909280081e-01	-1.431571216729587148e-01	1.480277112242006365e-01	-1.465117604846940813e-01	1.432581250072381684e-01	-1.181931513661667876e-01	1.272889731103035438e-01	-1.429775022068048296e-01	1.593430497112432176e-01	-1.579174670303994665e-01	1.964423290210993711e-01	-1.299423132566183137e-01	1.365419511791762242e-01	-9.231533184378495904e-02	1.320984468251837352e-01
1.171038118778468251e-01	-1.330275373147050411e-01	1.264313426976894916e-01	-4.823538305213077165e-02	6.069914148459276682e-02	-1.063087544724970052e-01	1.409765405785367576e-01	-1.265023798176983794e-01	6.212352656709947685e-02	-6.344839672440717726e-02	2.220384776895394652e-01	-1.825200746897484017e-01	1.807946586321360349e-01	-1.335195117941127829e-01	1.319501786547937205e-01	-4.334751662157148022e-01	9.999999999999981126e-01	-7.218464294132941328e-01	1.919590214273512452e-01	-1.855272253557853912e-01	2.011648255555822384e-01	-2.409438638737134708e-01	2.290521296911862126e-01	-1.825655124629660120e-01	1.365737258104662843e-01	-1.011044353835479637e-01	1.724794875928999660e-01	-2.023318528166986041e-01	1.675374677629196951e-01	-1.643439948029794817e-01	1.011897585825411727e-01	-1.336296169825364477e-01	1.492700171626775985e-01	-1.598439420190065074e-01	1.522827981978748801e-01	-1.784978056003465319e-01	1.268018467982764130e-01	-1.352686109181482632e-01	9.130324438909923068e-02	-1.287915165498234038e-01
-1.198231574740198369e-01	1.310290213449475938e-01	-1.361894156654908927e-01	5.212965269019059072e-02	-6.698571073455458769e-02	1.025165891422541026e-01	-1.461504729851155759e-01	1.324683025576848527e-01	-6.842836908845793820e-02	6.919178226599280446e-02	-2.172828501244059018e-01	1.673061435042273448e-01	-2.231183398399929629e-01	1.464089683432406863e-01	-1.512124749195685736e-01	2.525627488614938798e-01	-7.218464294132941328e-01	9.999999999999975575e-01	-2.798718172237332769e-01	1.933854135903888272e-01	-2.051860440796080542e-01	2.163175299784753369e-01	-3.512399493586847998e-01	1.957406018494847189e-01	-1.511950660197131924e-01	1.000856314996917407e-01	-1.849592275333762359e-01	2.105991237705776009e-01	-1.895815294609381196e-01	1.646451237093703723e-01	-1.036562072111047034e-01	1.342130835993488869e-01	-1.589762430380224356e-01	1.566079942656937452e-01	-1.583271417861095709e-01	1.699252870315628994e-01	-1.284995979654247888e-01	1.326864550353330507e-01	-8.992846650609701009e-02	1.246390767483080697e-01
7.730814852839473783e-02	-9.672269569162471325e-02	9.675334465560327113e-02	-5.780638762146170229e-02	7.474997332659251426e-02	-6.750647005232025821e-02	9.970411873883584797e-02	-9.776040836188021332e-02	7.690695999597210730e-02	-8.129658783682056078e-02	1.279775697822265190e-01	-1.139434303091922535e-01	1.448504683650179703e-01	-2.483400009679586073e-01	1.967259221219409271e-01	-1.480217308794335718e-01	1.919590214273512452e-01	-2.798718172237332769e-01	9.999999999999982236e-01	-6.394104892231667892e-01	1.547837260369188950e-01	-1.367039589582269010e-01	1.649368051141419933e-01	-5.087793939567888390e-01	2.610236216744669102e-01	-7.818271842093740820e-02	1.300471378284926149e-01	-1.601467545639286838e-01	2.585482983574934890e-01	-2.586464048512643332e-01	8.195158142052068329e-02	-1.070032375384026152e-01	1.288026121071662589e-01	-1.630463351500644753e-01	1.649834318974265635e-01	-1.482833388465363278e-01	1.100565305429336005e-01	-1.180154013197587393e-01	8.689923158181325769e-02	-1.194809507852090252e-01
-8.136147991641289046e-02	9.733509904838882898e-02	-1.006567028869557734e-01	6.018038025414243486e-02	-8.093559040358208612e-02	6.959644397442621422e-02	-1.020915348626270924e-01	9.652469443154804152e-02	-8.092377678873718949e-02	8.518181654787683466e-02	-1.333629811843532464e-01	1.117891483243243084e-01	-1.429979204498212364e-01	1.878385228433292198e-01	-2.239050890595088439e-01	1.433725034666422371e-01	-1.855272253557853912e-01	1.933854135903888272e-01	-6.394104892231667892e-01	9.999999999999964473e-01	-1.685340941402635739e-01	1.303876396150961403e-01	-1.569696492728877013e-01	2.823454274051438451e-01	-5.142126136458685659e-01	8.198155131347097113e-02	-1.334787736509107925e-01	1.521924651503981374e-01	-2.738659378522454446e-01	2.763698618503395710e-01	-8.721700519752335901e-02	1.098918461267785474e-01	-1.353995639414774799e-01	1.634236137432947822e-01	-1.918159279130864925e-01	1.529282523307708974e-01	-1.157999655613074497e-01	1.211166198577130482e-01	-8.923771218943851724e-02	1.218627548146516137e-01
1.130939702217367004e-01	-1.243359905935495641e-01	1.197132657295064545e-01	-4.876374055035317262e-02	6.221406146482091198e-02	-1.005693976615183866e-01	1.244328059272083731e-01	-1.084291732558885224e-01	6.152701006676858375e-02	-6.323633258050327666e-02	1.956076574136052515e-01	-1.391140477655401497e-01	1.466337581711271709e-01	-1.203739498253686702e-01	1.261893165210751233e-01	-3.283589852048351965e-01	2.011648255555822384e-01	-2.051860440796080542e-01	1.547837260369188950e-01	-1.685340941402635739e-01	9.999999999999974465e-01	-2.598328127929820930e-01	1.996476163633974510e-01	-1.862569211014313553e-01	1.525235543446716857e-01	-4.164838982248527111e-01	2.263400183399386367e-01	-2.200427889996336983e-01	1.989918701832105452e-01	-2.033163818006665235e-01	2.667603196348626859e-01	-2.643010287497116750e-01	2.513980227583768601e-01	-3.133179186992450238e-01	2.672880018738187369e-01	-4.809584341437132538e-01	2.580785820116457963e-01	-2.855443833160807299e-01	1.858770425506307000e-01	-2.753090985759273357e-01
-7.448735599432418364e-02	8.080457800532042656e-02	-8.238216719465414617e-02	3.419682454034782965e-02	-4.431189380291462865e-02	6.360546489877109966e-02	-8.565139384485080665e-02	7.550904843859128357e-02	-4.406015642564391210e-02	4.499712936991072387e-02	-1.278070002999563692e-01	9.437196213978346626e-02	-1.088567637884953060e-01	8.885592113675723491e-02	-9.453793644616705072e-02	1.560834431910674003e-01	-2.409438638737134708e-01	2.163175299784753369e-01	-1.367039589582269010e-01	1.303876396150961403e-01	-2.598328127929820930e-01	9.999999999999984457e-01	-5.518832372298883016e-01	1.661870240283106204e-01	-1.196314588634498077e-01	1.454255778534461474e-01	-6.387053171128391771e-01	3.094404937631456964e-01	-1.898624750574225972e-01	1.439505594076880002e-01	-1.509823203919978818e-01	2.216545122925707711e-01	-2.400577507443145686e-01	1.691075668418537681e-01	-1.649699145661089050e-01	1.917291854396392103e-01	-1.766407682844619575e-01	1.642101017027712828e-01	-1.028634069006984231e-01	1.383374207351197038e-01
7.482106925688911114e-02	-8.431095455141020267e-02	8.474979211835810544e-02	-3.638810487444761599e-02	4.687212530020076068e-02	-6.461866906423055501e-02	8.831553860320667804e-02	-8.012522802641985908e-02	4.687622179923088550e-02	-4.815660486910840893e-02	1.276868859339720941e-01	-9.926829529319206036e-02	1.160638726418456307e-01	-9.891058950944493777e-02	1.018411702068882096e-01	-1.599638291986923977e-01	2.290521296911862126e-01	-3.512399493586847998e-01	1.649368051141419933e-01	-1.569696492728877013e-01	1.996476163633974510e-01	-5.518832372298883016e-01	9.999999999999977796e-01	-2.339151394451427501e-01	1.361319333617909688e-01	-1.211007702476535747e-01	3.015678723970330322e-01	-5.892577208762911356e-01	2.241361544614702828e-01	-1.677681369234401421e-01	1.223833431723514165e-01	-1.929519109147691536e-01	2.168691551070537071e-01	-1.785284442453765053e-01	1.642648729921618311e-01	-1.859290567181702547e-01	1.546666723500533247e-01	-1.625497268989251343e-01	1.039606974071700107e-01	-1.410079286405955812e-01
-7.853744716783157831e-02	9.113618879797029393e-02	-9.398632026985126453e-02	4.970820325179366173e-02	-6.586761831949008994e-02	6.698404711239297482e-02	-9.556102148114010986e-02	8.834420643030149733e-02	-6.574425961893641535e-02	6.788476073531102273e-02	-1.293705057185461915e-01	1.041916726820924927e-01	-1.296621549410879870e-01	1.502425172584113122e-01	-1.584895235296104876e-01	1.431734047425944900e-01	-1.825655124629660120e-01	1.957406018494847189e-01	-5.087793939567888390e-01	2.823454274051438451e-01	-1.862569211014313553e-01	1.661870240283106204e-01	-2.339151394451427501e-01	1.000000000000001332e+00	-3.171189386820629785e-01	9.486415378853070568e-02	-1.739362051051558111e-01	2.177220008147676689e-01	-6.262667389434898313e-01	2.648828579263612371e-01	-1.010852128990023663e-01	1.334854720560007257e-01	-1.681666993205972183e-01	2.007839267665638971e-01	-2.087118147062060336e-01	1.686221003662057571e-01	-1.356664816194930179e-01	1.411257115572178977e-01	-1.073730115826549980e-01	1.396366763319018267e-01
6.595710369255884664e-02	-7.885873794922537705e-02	7.948024353025823219e-02	-4.403179271241706300e-02	5.746428052869221453e-02	-5.671153708958172335e-02	8.052495312677403205e-02	-7.525328761807766054e-02	5.690050269680169137e-02	-6.030686896420558302e-02	1.070511009079878895e-01	-8.830339286210692196e-02	1.065156644112660450e-01	-1.282791372861545320e-01	1.344286910107526101e-01	-1.209661321416743290e-01	1.365737258104662843e-01	-1.511950660197131924e-01	2.610236216744669102e-01	-5.142126136458685659e-01	1.525235543446716857e-01	-1.196314588634498077e-01	1.361319333617909688e-01	-3.171189386820629785e-01	1.000000000000000000e+00	-7.683599384874079119e-02	1.209054354471357368e-01	-1.449826193301081423e-01	2.538353177444874209e-01	-6.939462060700410939e-01	8.140436617038210310e-02	-1.052076315970146558e-01	1.279084483979180953e-01	-1.774160372012485720e-01	1.985016557534056425e-01	-1.563285182355877989e-01	1.133066666222469487e-01	-1.236139357661793503e-01	9.338494680251105406e-02	-1.306223056341591915e-01
-5.363472455069343697e-02	5.710996382219278578e-02	-5.738083888489950435e-02	2.352811338230554467e-02	-3.041183041704194345e-02	4.598016730797804819e-02	-5.902013578287950563e-02	5.120554546963197035e-02	-2.995353555396341669e-02	3.063281221252963510e-02	-9.129713071091989651e-02	6.400239490504067152e-02	-7.096967522307207066e-02	5.809860631298584266e-02	-6.233402447699974702e-02	1.194442826909280081e-01	-1.011044353835479637e-01	1.000856314996917407e-01	-7.818271842093740820e-02	8.198155131347097113e-02	-4.164838982248527111e-01	1.454255778534461474e-01	-1.211007702476535747e-01	9.486415378853070568e-02	-7.683599384874079119e-02	9.999999999999952260e-01	-1.905707369774259641e-01	1.379784033617509342e-01	-1.080227341551751735e-01	9.839185885443516022e-02	-8.127497724479640917e-01	2.299765072317031811e-01	-2.071024632859159997e-01	1.468648501524493499e-01	-1.404580809440185984e-01	2.104317187941880385e-01	-1.775147028926533921e-01	1.541534345102652526e-01	-9.301420508444412094e-02	1.279868617660665508e-01
6.812118841528365387e-02	-7.571453757046578414e-02	7.609125782233842894e-02	-3.272787714542455678e-02	4.227311229688437283e-02	-5.856380156468937725e-02	7.842317765139217300e-02	-6.984104579340136287e-02	4.188126599035817826e-02	-4.302885201040466262e-02	1.145002322741440343e-01	-8.637713422794585094e-02	9.851202697612139458e-02	-8.506629232494936077e-02	8.942647497829536718e-02	-1.431571216729587148e-01	1.724794875928999660e-01	-1.849592275333762359e-01	1.300471378284926149e-01	-1.334787736509107925e-01	2.263400183399386367e-01	-6.387053171128391771e-01	3.015678723970330322e-01	-1.739362051051558111e-01	1.209054354471357368e-01	-1.905707369774259641e-01	9.999999999999952260e-01	-4.687123244711864367e-01	1.953885649508566857e-01	-1.559434545794664284e-01	1.776094587949696713e-01	-3.841551949417213452e-01	2.659692788134439545e-01	-1.927373764984985360e-01	1.750583827336189280e-01	-2.206143385050641781e-01	2.018752947635515660e-01	-1.967459411663341484e-01	1.178642625817193090e-01	-1.592983980489062756e-01
-7.544453020547246813e-02	8.265993856523995431e-02	-8.485192625475054817e-02	3.671829090657949962e-02	-4.779007924592960227e-02	6.411256788009149499e-02	-8.730398345340767419e-02	7.758439446176580712e-02	-4.737998934925188171e-02	4.852780180271212135e-02	-1.270308802872175402e-01	9.513060696158201490e-02	-1.120165955986457407e-01	9.665594029855173464e-02	-1.029649408404180594e-01	1.480277112242006365e-01	-2.023318528166986041e-01	2.105991237705776009e-01	-1.601467545639286838e-01	1.521924651503981374e-01	-2.200427889996336983e-01	3.094404937631456964e-01	-5.892577208762911356e-01	2.177220008147676689e-01	-1.449826193301081423e-01	1.379784033617509342e-01	-4.687123244711864367e-01	1.000000000000000666e+00	-3.537577760524683312e-01	1.778013189955698903e-01	-1.466475729633462954e-01	2.353686867269350336e-01	-3.643260202027191474e-01	1.981698815176988204e-01	-1.874614251208589211e-01	1.981798054728501624e-01	-1.866415518410471652e-01	1.866544016234531200e-01	-1.181395769278208163e-01	1.537071181935762698e-01
7.706083176205838492e-02	-8.958074692061544775e-02	9.041236777635230926e-02	-4.547866003789819561e-02	5.914100400083333042e-02	-6.611204667593682804e-02	9.201817641922437063e-02	-8.452307505006145805e-02	5.863834821261391939e-02	-6.117045816421131516e-02	1.263111628312707790e-01	-1.008711150875085533e-01	1.197281629424056526e-01	-1.303296395908379313e-01	1.326301852417395011e-01	-1.465117604846940813e-01	1.675374677629196951e-01	-1.895815294609381196e-01	2.585482983574934890e-01	-2.738659378522454446e-01	1.989918701832105452e-01	-1.898624750574225972e-01	2.241361544614702828e-01	-6.262667389434898313e-01	2.538353177444874209e-01	-1.080227341551751735e-01	1.953885649508566857e-01	-3.537577760524683312e-01	9.999999999999947820e-01	-3.990454440925989554e-01	1.134714529325093896e-01	-1.598301153970014266e-01	1.966419797754013488e-01	-3.191512408406556589e-01	2.356148223160435540e-01	-1.985747295405575485e-01	1.592586149362264503e-01	-1.763607789634225598e-01	1.420219216183931654e-01	-1.824897088745799922e-01
-8.278110829490671618e-02	9.343560627530789198e-02	-9.758297429324153116e-02	5.047212297190964425e-02	-6.759429763485334808e-02	6.971800745021448920e-02	-9.787812969008218011e-02	8.865371461337334669e-02	-6.582517333518643488e-02	6.787265373494857923e-02	-1.338912628924872894e-01	1.041589786729068129e-01	-1.267487423025270843e-01	1.330662561059417770e-01	-1.509203732322333680e-01	1.432581250072381684e-01	-1.643439948029794817e-01	1.646451237093703723e-01	-2.586464048512643332e-01	2.763698618503395710e-01	-2.033163818006665235e-01	1.439505594076880002e-01	-1.677681369234401421e-01	2.648828579263612371e-01	-6.939462060700410939e-01	9.839185885443516022e-02	-1.559434545794664284e-01	1.778013189955698903e-01	-3.990454440925989554e-01	9.999999999999971134e-01	-1.059650912960303643e-01	1.324723486480216816e-01	-1.661264425074294449e-01	2.142447708414108865e-01	-3.257460406131037489e-01	1.908999757775512451e-01	-1.444012806643541202e-01	1.518437484526949377e-01	-1.153671199245479839e-01	1.577001962005101232e-01
5.343696012644551935e-02	-5.838788951265335564e-02	5.815110309586256354e-02	-2.433424293951537767e-02	3.139154219861441802e-02	-4.610078513955961910e-02	5.954941301883882876e-02	-5.213433490267441184e-02	3.087948415391537915e-02	-3.166706278231239818e-02	8.934660163274428524e-02	-6.477917380957787241e-02	7.179358460666424024e-02	-6.019078349093862079e-02	6.418584153851510099e-02	-1.181931513661667876e-01	1.011897585825411727e-01	-1.036562072111047034e-01	8.195158142052068329e-02	-8.721700519752335901e-02	2.667603196348626859e-01	-1.509823203919978818e-01	1.223833431723514165e-01	-1.010852128990023663e-01	8.140436617038210310e-02	-8.127497724479640917e-01	1.776094587949696713e-01	-1.466475729633462954e-01	1.134714529325093896e-01	-1.059650912960303643e-01	9.999999999999970024e-01	-3.524710991245422198e-01	2.107853913069049345e-01	-1.648581449133977583e-01	1.509386978403392532e-01	-2.565009028117649637e-01	1.898241650613335940e-01	-1.762093292882992435e-01	1.040820261350425685e-01	-1.450050266991069481e-01
-6.440848632235081361e-02	6.934389933082035773e-02	-7.092790058476260151e-02	2.998431577281341492e-02	-3.902366077771032837e-02	5.457616446763563500e-02	-7.225220673813213812e-02	6.328830164015315785e-02	-3.832459696291478507e-02	3.919623390296436694e-02	-1.069030732496767944e-01	7.759970201317163696e-02	-8.881131977094902652e-02	7.476107890589193949e-02	-8.074329540013570894e-02	1.272889731103035438e-01	-1.336296169825364477e-01	1.342130835993488869e-01	-1.070032375384026152e-01	1.098918461267785474e-01	-2.643010287497116750e-01	2.216545122925707711e-01	-1.929519109147691536e-01	1.334854720560007257e-01	-1.052076315970146558e-01	2.299765072317031811e-01	-3.841551949417213452e-01	2.353686867269350336e-01	-1.598301153970014266e-01	1.324723486480216816e-01	-3.524710991245422198e-01	9.999999999999963363e-01	-5.995898769478500423e-01	2.056309804515239203e-01	-1.976393563596653691e-01	2.577389213342718977e-01	-4.426583364365355155e-01	2.671314119936062381e-01	-1.431656796927961162e-01	1.803952469168730866e-01
7.243058760365014837e-02	-7.962833859279117021e-02	8.074744927988916632e-02	-3.496750410134823878e-02	4.538598366350875962e-02	-6.168927490385748419e-02	8.213414363291375586e-02	-7.259512909854538842e-02	4.457552472855536019e-02	-4.576118870706977204e-02	1.192778645184379843e-01	-8.861385038724484131e-02	1.013737741847612894e-01	-8.801758441259023569e-02	9.407894787810563986e-02	-1.429775022068048296e-01	1.492700171626775985e-01	-1.589762430380224356e-01	1.288026121071662589e-01	-1.353995639414774799e-01	2.513980227583768601e-01	-2.400577507443145686e-01	2.168691551070537071e-01	-1.681666993205972183e-01	1.279084483979180953e-01	-2.071024632859159997e-01	2.659692788134439545e-01	-3.643260202027191474e-01	1.966419797754013488e-01	-1.661264425074294449e-01	2.107853913069049345e-01	-5.995898769478500423e-01	9.999999999999966693e-01	-3.002262554658127192e-01	2.370440030581655588e-01	-2.986258803166824682e-01	3.000633355190509000e-01	-4.188923360334755319e-01	1.968615723657983763e-01	-2.498782193256851580e-01
-9.180134931104866336e-02	9.740011845280580061e-02	-1.025410528821521922e-01	4.501782253952758828e-02	-5.953631907456205519e-02	7.628049305965041438e-02	-1.025080844278186687e-01	8.949646002798461453e-02	-5.778029354397890005e-02	5.893860976275504260e-02	-1.480902411439840860e-01	1.070758815741954667e-01	-1.259429981945279220e-01	1.098022088424583931e-01	-1.225288933286350634e-01	1.593430497112432176e-01	-1.598439420190065074e-01	1.566079942656937452e-01	-1.630463351500644753e-01	1.634236137432947822e-01	-3.133179186992450238e-01	1.691075668418537681e-01	-1.785284442453765053e-01	2.007839267665638971e-01	-1.774160372012485720e-01	1.468648501524493499e-01	-1.927373764984985360e-01	1.981698815176988204e-01	-3.191512408406556589e-01	2.142447708414108865e-01	-1.648581449133977583e-01	2.056309804515239203e-01	-3.002262554658127192e-01	9.999999999999974465e-01	-5.451074343545889711e-01	2.725081885260511871e-01	-2.720106202484611213e-01	2.830064298654015875e-01	-4.718204442117702180e-01	3.150906960852169481e-01
8.552860076956672608e-02	-9.634683049259090692e-02	9.726054761945890359e-02	-4.478422546224804929e-02	5.814156755057901804e-02	-7.268205494846875780e-02	9.772547985647049573e-02	-8.701927450031309019e-02	5.668728702576365797e-02	-5.864161546958552435e-02	1.375492952396857593e-01	-1.042051072630104797e-01	1.199736476237155958e-01	-1.114784589389953978e-01	1.194519811546975313e-01	-1.579174670303994665e-01	1.522827981978748801e-01	-1.583271417861095709e-01	1.649834318974265635e-01	-1.918159279130864925e-01	2.672880018738187369e-01	-1.649699145661089050e-01	1.642648729921618311e-01	-2.087118147062060336e-01	1.985016557534056425e-01	-1.404580809440185984e-01	1.750583827336189280e-01	-1.874614251208589211e-01	2.356148223160435540e-01	-3.257460406131037489e-01	1.509386978403392532e-01	-1.976393563596653691e-01	2.370440030581655588e-01	-5.451074343545889711e-01	9.999999999999973355e-01	-4.525630599822641487e-01	2.578273098287051091e-01	-3.204884895489124030e-01	2.652100962199349099e-01	-4.149683427051151785e-01
-1.143601207975842443e-01	1.162305863744415302e-01	-1.239464905718968557e-01	5.039690276154190629e-02	-6.662396372845273695e-02	9.400432676468098436e-02	-1.236462973763119422e-01	1.057462183441681552e-01	-6.451149911637434065e-02	6.532329897848493383e-02	-1.847157753165548921e-01	1.274666156289074870e-01	-1.482309240682029294e-01	1.178697500616872618e-01	-1.330455709467170400e-01	1.964423290210993711e-01	-1.784978056003465319e-01	1.699252870315628994e-01	-1.482833388465363278e-01	1.529282523307708974e-01	-4.809584341437132538e-01	1.917291854396392103e-01	-1.859290567181702547e-01	1.686221003662057571e-01	-1.563285182355877989e-01	2.104317187941880385e-01	-2.206143385050641781e-01	1.981798054728501624e-01	-1.985747295405575485e-01	1.908999757775512451e-01	-2.565009028117649637e-01	2.577389213342718977e-01	-2.986258803166824682e-01	2.725081885260511871e-01	-4.525630599822641487e-01	9.999999999999973355e-01	-4.900882257002007192e-01	2.828355670073804951e-01	-1.780932038957970531e-01	2.348594338497251854e-01
6.930991070564737622e-02	-7.431683396065594249e-02	7.659158951368828794e-02	-3.262423874668868989e-02	4.261504320468093021e-02	-5.830472156475770273e-02	7.723411477227226651e-02	-6.747020663856093114e-02	4.158127432237618271e-02	-4.251154057328557917e-02	1.129870157015151894e-01	-8.185812780218258700e-02	9.404370699649979015e-02	-7.957112029106956641e-02	8.681719901034400111e-02	-1.299423132566183137e-01	1.268018467982764130e-01	-1.284995979654247888e-01	1.100565305429336005e-01	-1.157999655613074497e-01	2.580785820116457963e-01	-1.766407682844619575e-01	1.546666723500533247e-01	-1.356664816194930179e-01	1.133066666222469487e-01	-1.775147028926533921e-01	2.018752947635515660e-01	-1.866415518410471652e-01	1.592586149362264503e-01	-1.444012806643541202e-01	1.898241650613335940e-01	-4.426583364365355155e-01	3.000633355190509000e-01	-2.720106202484611213e-01	2.578273098287051091e-01	-4.900882257002007192e-01	9.999999999999972244e-01	-5.768130633943852059e-01	2.222490111165215110e-01	-2.818542541360436471e-01
-7.623421908280073045e-02	8.016146356256508010e-02	-8.401316824548560325e-02	3.552726569704833109e-02	-4.674371715539450689e-02	6.347089159295749017e-02	-8.434103537327414246e-02	7.320382137436948211e-02	-4.546444298427158859e-02	4.630167094652216930e-02	-1.238492597978450294e-01	8.839004352371591933e-02	-1.027142988707078763e-01	8.573344110865538381e-02	-9.511877792536246878e-02	1.365419511791762242e-01	-1.352686109181482632e-01	1.326864550353330507e-01	-1.180154013197587393e-01	1.211166198577130482e-01	-2.855443833160807299e-01	1.642101017027712828e-01	-1.625497268989251343e-01	1.411257115572178977e-01	-1.236139357661793503e-01	1.541534345102652526e-01	-1.967459411663341484e-01	1.866544016234531200e-01	-1.763607789634225598e-01	1.518437484526949377e-01	-1.762093292882992435e-01	2.671314119936062381e-01	-4.188923360334755319e-01	2.830064298654015875e-01	-3.204884895489124030e-01	2.828355670073804951e-01	-5.768130633943852059e-01	9.999999999999968914e-01	-4.364636307033910034e-01	2.913502309604043550e-01
5.240618733728290290e-02	-5.546777486696716220e-02	5.819658858373098764e-02	-2.514014139833842254e-02	3.314456785076329293e-02	-4.360548355432500994e-02	5.827066519452962085e-02	-5.075845215980939740e-02	3.219323438218900379e-02	-3.283315906669702355e-02	8.471708603915852065e-02	-6.096575696403463973e-02	7.122163232717135251e-02	-6.098580535257121238e-02	6.774041882932012315e-02	-9.231533184378495904e-02	9.130324438909923068e-02	-8.992846650609701009e-02	8.689923158181325769e-02	-8.923771218943851724e-02	1.858770425506307000e-01	-1.028634069006984231e-01	1.039606974071700107e-01	-1.073730115826549980e-01	9.338494680251105406e-02	-9.301420508444412094e-02	1.178642625817193090e-01	-1.181395769278208163e-01	1.420219216183931654e-01	-1.153671199245479839e-01	1.040820261350425685e-01	-1.431656796927961162e-01	1.968615723657983763e-01	-4.718204442117702180e-01	2.652100962199349099e-01	-1.780932038957970531e-01	2.222490111165215110e-01	-4.364636307033910034e-01	9.999999999999970024e-01	-7.000661158659670091e-01
