1.000000000000000000e+00	-7.162536487946631336e-01	1.343220725104468105e-01	-1.244318889769720909e-01	6.099944888762564438e-02	-5.133279408197588545e-01	3.177018385112970189e-01	-1.234430226206856412e-01	1.072534114429426061e-01	-5.731941133066201927e-02	2.269669972203910702e-01	-2.357349635482718087e-01	1.605311170880244775e-01	-7.892231344229244661e-02	8.134723785675358754e-02	-1.105688033221615962e-01	1.172868136614099444e-01	-7.071519284679915474e-02	7.896640925743776684e-02	-6.434593946746994253e-02	8.985040639781730065e-02	-9.449239265257117215e-02	6.396556703877862016e-02	-7.071096266945216258e-02	5.161386132087966705e-02	-1.019686358306177709e-01	9.827902898614584992e-02	-1.033048835612452865e-01	8.799912293487081871e-02	-5.943862344228888900e-02	7.338492835576010398e-02	-1.047795469463527335e-01	7.091286108081171213e-02	-1.333424710054127715e-01	6.365415908755976682e-02	-9.607053730773040812e-02	6.789959237724767227e-02	-9.313808407454332583e-02	1.695039282456471674e-02	-1.757600351050990495e-02
-7.162536487946631336e-01	1.000000000000000000e+00	-1.818206461603738000e-01	1.331502160627691667e-01	-6.279941814334669137e-02	2.867494293580363784e-01	-5.584460871573304619e-01	1.356362178183214140e-01	-1.165524212150102212e-01	5.826441830269270261e-02	-2.038565875058852561e-01	1.976351497451231676e-01	-1.580120344660399523e-01	7.584548594705785296e-02	-7.861031438916192549e-02	9.157654612632813718e-02	-1.034822251730230513e-01	6.149915220459910292e-02	-7.075348936478681461e-02	5.692535835549706463e-02	-7.761737635536108959e-02	8.044212184372494245e-02	-5.593438511924399975e-02	6.205238993460022306e-02	-4.553186234237859009e-02	8.546661540844012472e-02	-8.491208126600210959e-02	8.776328778465361524e-02	-7.583059956813126279e-02	5.162883697606941713e-02	-6.198171198200372323e-02	8.793201398405521563e-02	-5.983740206800895051e-02	1.128963552912885110e-01	-5.547719211154627378e-02	8.051387376449359312e-02	-5.716994488920726369e-02	7.838002018475663524e-02	-1.442283137715872320e-02	1.494477002725660801e-02
1.343220725104468105e-01	-1.818206461603738000e-01	1.000000000000000000e+00	-7.120307517326108782e-01	1.550135467092966512e-01	-1.167384715956379104e-01	1.608891546998222066e-01	-5.331268616177171626e-01	3.062602808420701872e-01	-1.516381382964152869e-01	1.094347016338298173e-01	-1.340403395536711173e-01	2.185529653340690659e-01	-1.443385677990220717e-01	1.384701178688099166e-01	-7.784029014736987273e-02	9.278451967775713793e-02	-7.025371298955866706e-02	9.503124047554152576e-02	-7.848374730301986568e-02	6.764129864285708948e-02	-7.592760815256335838e-02	6.349938567110913201e-02	-7.984158982620123690e-02	6.027123453888409005e-02	-9.686747058911598929e-02	8.898802638989272706e-02	-1.011071933492744962e-01	9.063664114785699444e-02	-6.728423472094137436e-02	7.050256503008651976e-02	-1.052214805655481561e-01	7.294891045928822426e-02	-1.424152709968042885e-01	7.073339908153840339e-02	-9.759809584349353473e-02	6.832016979190654038e-02	-9.702080213095093386e-02	1.814677716369004004e-02	-1.885173367506973174e-02
-1.244318889769720909e-01	1.331502160627691667e-01	-7.120307517326108782e-01	1.000000000000000444e+00	-2.490295713783002018e-01	1.042435478374501845e-01	-1.512137938271248538e-01	3.137583570724718496e-01	-4.976064563167890142e-01	1.910527626860346329e-01	-1.055729458281767508e-01	1.234402160179108310e-01	-2.313030840390780107e-01	1.664199823022950719e-01	-1.751905835322136729e-01	7.260986727550465536e-02	-8.947978415130120045e-02	6.962451164288668837e-02	-1.015358073159967345e-01	8.090612059496160580e-02	-6.397619554303186906e-02	7.205975142173270953e-02	-6.319604762286851196e-02	8.081041748920081425e-02	-6.190989383207836511e-02	8.862011579165665620e-02	-8.460235218561927562e-02	9.488198588821759871e-02	-8.711443855824592408e-02	6.607030166994125320e-02	-6.481095851290762100e-02	9.597564148813544915e-02	-6.696126639942660830e-02	1.312132311268217333e-01	-7.016930622162213804e-02	8.864600738892917942e-02	-6.248465888449999950e-02	8.851341112191041249e-02	-1.694226737953615641e-02	1.756560694813196627e-02
6.099944888762564438e-02	-6.279941814334669137e-02	1.550135467092966512e-01	-2.490295713783002018e-01	1.000000000000000444e+00	-6.154046863037353210e-02	8.104672186074066143e-02	-1.689633385591533810e-01	2.129818649086123172e-01	-8.955650047917554923e-01	6.773699179916380098e-02	-8.215817700531982681e-02	1.425207970752843112e-01	-1.709371407071716975e-01	1.766809664356035203e-01	-5.655165875514051033e-02	6.989825120440747164e-02	-6.113336490634599385e-02	9.047338992681276670e-02	-7.907903835973477402e-02	5.013880485554757238e-02	-5.800944950264080857e-02	5.487115526912433178e-02	-7.502815221874278850e-02	5.755987009529347359e-02	-7.622741772496613444e-02	7.052394340413012386e-02	-8.255557982799689720e-02	7.650147985824178043e-02	-6.125059576487455054e-02	5.580926583707501720e-02	-8.409222767996560322e-02	5.919374320174457249e-02	-1.178710340825114139e-01	6.323240200949246936e-02	-7.791730639240292133e-02	5.470621560673211842e-02	-7.860305794302385740e-02	1.517747697433802570e-02	-1.575433293060522766e-02
-5.133279408197588545e-01	2.867494293580363784e-01	-1.167384715956379104e-01	1.042435478374501845e-01	-6.154046863037353210e-02	9.999999999999993339e-01	-5.104110390478493464e-01	1.204952901323088632e-01	-1.102707214732739777e-01	5.660399881901511526e-02	-5.551244367822355530e-01	2.797138893791269454e-01	-1.910370905478580850e-01	8.266976986024458796e-02	-8.697774114867183604e-02	1.377538193534937894e-01	-1.424458128809357182e-01	7.769735071516360725e-02	-8.517834033737468891e-02	6.747566211840559658e-02	-1.170514752400099584e-01	1.082875594058741314e-01	-7.104515227796624754e-02	7.527946668554269527e-02	-5.465413901673114166e-02	1.068005685951344819e-01	-1.105000942542423564e-01	1.085822589205544392e-01	-9.319163220802313685e-02	6.167309605374528964e-02	-7.771694698998578288e-02	1.064798574120598973e-01	-7.207567824335003870e-02	1.340823933631914155e-01	-6.682075478778089217e-02	9.682918898800881025e-02	-6.946939420741196636e-02	9.356566448489177235e-02	-1.720711700413985606e-02	1.780163566254786695e-02
3.177018385112970189e-01	-5.584460871573304619e-01	1.608891546998222066e-01	-1.512137938271248538e-01	8.104672186074066143e-02	-5.104110390478493464e-01	9.999999999999998890e-01	-1.883885855926935582e-01	1.476137525580341614e-01	-7.638545226968279644e-02	2.804327348301698386e-01	-4.005819497539432339e-01	2.237489409922180372e-01	-1.086637337694902755e-01	1.108579750388432733e-01	-1.471702257029604832e-01	1.657206363352503597e-01	-9.847895008402396400e-02	1.084878785769786969e-01	-8.853578147805792053e-02	1.204403561676499201e-01	-1.323064727071373015e-01	8.854797498770616837e-02	-9.749112951412458594e-02	7.098819656806173994e-02	-1.398460533321271293e-01	1.353057585501979410e-01	-1.427539724572366997e-01	1.210475674486442693e-01	-8.180192446206084600e-02	1.005787921257721151e-01	-1.442138301133193412e-01	9.764217240815507848e-02	-1.838129251142347764e-01	8.743794098189497377e-02	-1.321891653622388751e-01	9.336402383008439443e-02	-1.282963975146136359e-01	2.333840450600649374e-02	-2.420335080257043220e-02
-1.234430226206856412e-01	1.356362178183214140e-01	-5.331268616177171626e-01	3.137583570724718496e-01	-1.689633385591533810e-01	1.204952901323088632e-01	-1.883885855926935582e-01	1.000000000000000000e+00	-6.190739864765307798e-01	1.566440313027272491e-01	-1.231404746007213336e-01	1.559641642757617075e-01	-3.908387674908959664e-01	1.824701724490551125e-01	-1.782410694546148755e-01	8.530193314940287541e-02	-1.045770212841255070e-01	7.946252956229009345e-02	-1.115641333468470747e-01	8.937494838068103797e-02	-7.457460921803200915e-02	8.431096793864088779e-02	-7.175263432204287417e-02	9.047486351906464108e-02	-6.858314515198378480e-02	1.047501496129504411e-01	-9.805641424936795136e-02	1.106147813214353737e-01	-9.993218963644702468e-02	7.476133725245120987e-02	-7.634719766774891725e-02	1.135232709595104944e-01	-7.887273246108372771e-02	1.541321645314955024e-01	-7.888500884869165120e-02	1.050783202314757442e-01	-7.376547436638758448e-02	1.046230308906246076e-01	-1.974105435242257123e-02	2.049119043719792310e-02
1.072534114429426061e-01	-1.165524212150102212e-01	3.062602808420701872e-01	-4.976064563167890142e-01	2.129818649086123172e-01	-1.102707214732739777e-01	1.476137525580341614e-01	-6.190739864765307798e-01	1.000000000000000000e+00	-2.662550207155556237e-01	1.148124953993418657e-01	-1.456686066171994642e-01	2.569679226466963229e-01	-2.985391230852876832e-01	2.188382482303332377e-01	-9.079625936543529729e-02	1.102913134423848807e-01	-9.111295410242355175e-02	1.331270908608419845e-01	-1.083824882688195906e-01	7.956609424790854479e-02	-9.115384577816827705e-02	8.170955846210331552e-02	-1.079704392073942004e-01	8.141375539844858400e-02	-1.187878638838354289e-01	1.087873003271703776e-01	-1.260769527584861271e-01	1.146903679247378710e-01	-8.826157539288287390e-02	8.661143193051668021e-02	-1.301688088413341382e-01	9.084328004262713641e-02	-1.790306295899741773e-01	9.191277420245350105e-02	-1.207634333088256628e-01	8.453555163843216869e-02	-1.208598082416985769e-01	2.290578294666888864e-02	-2.379088196678592199e-02
-5.731941133066201927e-02	5.826441830269270261e-02	-1.516381382964152869e-01	1.910527626860346329e-01	-8.955650047917554923e-01	5.660399881901511526e-02	-7.638545226968279644e-02	1.566440313027272491e-01	-2.662550207155556237e-01	9.999999999999986677e-01	-6.272429874770039937e-02	7.534958968491944908e-02	-1.401925072170120412e-01	1.665913493749162366e-01	-2.235023142701548227e-01	5.022208086357977247e-02	-6.308444461696907646e-02	5.551173573303672115e-02	-8.603963995157416778e-02	7.316744691246829246e-02	-4.467109836082512608e-02	5.179595437698596150e-02	-4.999541904472818571e-02	6.849229219001060076e-02	-5.355246194124809594e-02	6.579922680707372962e-02	-6.247418732888022214e-02	7.233469277927914720e-02	-6.798045640232312781e-02	5.480448746689593059e-02	-4.825536330237174820e-02	7.223154746090659772e-02	-5.097103121613495713e-02	1.015058264171666419e-01	-5.728256908919004270e-02	6.671047647278140202e-02	-4.705198822228361111e-02	6.737829848779515463e-02	-1.320158365150052304e-02	1.368217429438182281e-02
2.269669972203910702e-01	-2.038565875058852561e-01	1.094347016338298173e-01	-1.055729458281767508e-01	6.773699179916380098e-02	-5.551244367822355530e-01	2.804327348301698386e-01	-1.231404746007213336e-01	1.148124953993418657e-01	-6.272429874770039937e-02	1.000000000000000000e+00	-6.120498029187783073e-01	2.295799751604298278e-01	-1.001074299802012790e-01	1.039673679552591129e-01	-2.569287324755157309e-01	2.050802020364747846e-01	-1.094470690518800221e-01	1.118200733413632492e-01	-8.932707403044930217e-02	1.752840895117464270e-01	-1.640216793784554372e-01	9.816813776013808002e-02	-1.015862098249274009e-01	7.266465327347890191e-02	-1.536620431358017014e-01	1.529882763559154146e-01	-1.522376942382206166e-01	1.266197785560174705e-01	-8.273760935436273722e-02	1.094949717072755263e-01	-1.491478608864137134e-01	9.972613018528099504e-02	-1.835285377652643990e-01	8.918550414766858447e-02	-1.351988226711291208e-01	9.666714170409387852e-02	-1.294163860038319569e-01	2.343728302007039646e-02	-2.425180948568035622e-02
-2.357349635482718087e-01	1.976351497451231676e-01	-1.340403395536711173e-01	1.234402160179108310e-01	-8.215817700531982681e-02	2.797138893791269454e-01	-4.005819497539432339e-01	1.559641642757617075e-01	-1.456686066171994642e-01	7.534958968491944908e-02	-6.120498029187783073e-01	9.999999999999981126e-01	-3.989696587500025649e-01	1.224905999991799804e-01	-1.277253305253613913e-01	1.917462199548097546e-01	-3.354321768366299583e-01	1.292803829621395617e-01	-1.305924466275992513e-01	1.005215166162191781e-01	-1.713966214938237309e-01	1.891110087430487030e-01	-1.173547443079088759e-01	1.151285371212841385e-01	-8.219452412379256445e-02	1.541034246620908432e-01	-1.785929567374480442e-01	1.644982665766624441e-01	-1.395877952758146356e-01	9.067902799520646817e-02	-1.123721281215080137e-01	1.526281546868137051e-01	-1.036359766792108450e-01	1.922261618210165113e-01	-9.845929752518932376e-02	1.374239520433734318e-01	-9.956221986825880554e-02	1.333515328075464690e-01	-2.475223981811071339e-02	2.557016065212655564e-02
1.605311170880244775e-01	-1.580120344660399523e-01	2.185529653340690659e-01	-2.313030840390780107e-01	1.425207970752843112e-01	-1.910370905478580850e-01	2.237489409922180372e-01	-3.908387674908959664e-01	2.569679226466963229e-01	-1.401925072170120412e-01	2.295799751604298278e-01	-3.989696587500025649e-01	9.999999999999992228e-01	-2.729850517923164133e-01	2.241356590228217593e-01	-1.854240241819941071e-01	2.211066654099146100e-01	-1.643640767905126532e-01	1.992755910392210172e-01	-1.709326350512812565e-01	1.597565601892232678e-01	-1.834920696963747433e-01	1.462872580432635905e-01	-1.786128228608063473e-01	1.326511929193834871e-01	-2.447594424805157043e-01	2.140816476656538514e-01	-2.488888628150303095e-01	2.169471815562437345e-01	-1.568300599856787825e-01	1.771650091899670543e-01	-2.680581342149284119e-01	1.847808300100662326e-01	-3.600460245878556176e-01	1.630387883318031861e-01	-2.501000671896936867e-01	1.734579323042720611e-01	-2.478652330147943228e-01	4.516099264333492402e-02	-4.703537759910063343e-02
-7.892231344229244661e-02	7.584548594705785296e-02	-1.443385677990220717e-01	1.664199823022950719e-01	-1.709371407071716975e-01	8.266976986024458796e-02	-1.086637337694902755e-01	1.824701724490551125e-01	-2.985391230852876832e-01	1.665913493749162366e-01	-1.001074299802012790e-01	1.224905999991799804e-01	-2.729850517923164133e-01	1.000000000000000444e+00	-8.005556534560216431e-01	8.465833167628826483e-02	-1.141916196846980841e-01	1.237664991217765770e-01	-2.919660145362900638e-01	1.750801829043860947e-01	-7.638661367494324617e-02	9.321189114792846619e-02	-1.104919765704480139e-01	1.646962150641348432e-01	-1.282724612610551540e-01	1.082683148287523350e-01	-1.111599576321007921e-01	1.300134258747851768e-01	-1.308795857305105337e-01	1.124193616568895104e-01	-7.991365792786038480e-02	1.183761817237760777e-01	-8.534050602620599224e-02	1.732397126730718107e-01	-1.189034129211727492e-01	1.079451140781086671e-01	-7.735606449282604602e-02	1.110242929136636691e-01	-2.338158137576035883e-02	2.410558185518531238e-02
8.134723785675358754e-02	-7.861031438916192549e-02	1.384701178688099166e-01	-1.751905835322136729e-01	1.766809664356035203e-01	-8.697774114867183604e-02	1.108579750388432733e-01	-1.782410694546148755e-01	2.188382482303332377e-01	-2.235023142701548227e-01	1.039673679552591129e-01	-1.277253305253613913e-01	2.241356590228217593e-01	-8.005556534560216431e-01	1.000000000000000888e+00	-9.569079482526653135e-02	1.244045043648169674e-01	-1.346759445113079878e-01	2.271454040884006986e-01	-2.295483342232553792e-01	8.585544118042694184e-02	-1.043242575610307116e-01	1.177835560612618127e-01	-1.823301857034503592e-01	1.448280836695741702e-01	-1.294974664300291289e-01	1.263058066129990331e-01	-1.521068987005873285e-01	1.477859956220620163e-01	-1.342712033614126832e-01	9.533391152473096042e-02	-1.432106413721393467e-01	1.030843624383150636e-01	-2.106374942557522612e-01	1.344530178676167365e-01	-1.312770481087157937e-01	9.334477598996208936e-02	-1.352885977221482405e-01	2.790572213305439128e-02	-2.886627939483514191e-02
-1.105688033221615962e-01	9.157654612632813718e-02	-7.784029014736987273e-02	7.260986727550465536e-02	-5.655165875514051033e-02	1.377538193534937894e-01	-1.471702257029604832e-01	8.530193314940287541e-02	-9.079625936543529729e-02	5.022208086357977247e-02	-2.569287324755157309e-01	1.917462199548097546e-01	-1.854240241819941071e-01	8.465833167628826483e-02	-9.569079482526653135e-02	1.000000000000001110e+00	-3.028203769956637759e-01	1.231781862166448777e-01	-1.187662274208183960e-01	8.551557883534360860e-02	-8.178767823178606511e-01	2.468669813535523117e-01	-1.210357433206583760e-01	1.050437511861586348e-01	-7.314374594119389672e-02	1.944488675736516792e-01	-2.185118079073013753e-01	1.568337570299834505e-01	-1.341920285596759355e-01	7.759933875133867565e-02	-1.492263046491918155e-01	1.423582049263228677e-01	-9.285683079284252905e-02	1.538420456839299788e-01	-8.851393406477470194e-02	1.236600009017471274e-01	-9.763508501631498748e-02	1.118818852838286276e-01	-2.067722490250208447e-02	2.112948467813989192e-02
1.172868136614099444e-01	-1.034822251730230513e-01	9.278451967775713793e-02	-8.947978415130120045e-02	6.989825120440747164e-02	-1.424458128809357182e-01	1.657206363352503597e-01	-1.045770212841255070e-01	1.102913134423848807e-01	-6.308444461696907646e-02	2.050802020364747846e-01	-3.354321768366299583e-01	2.211066654099146100e-01	-1.141916196846980841e-01	1.244045043648169674e-01	-3.028203769956637759e-01	1.000000000000000888e+00	-3.020395570155849363e-01	1.808413530956229642e-01	-1.330002158849803995e-01	2.431369422681542714e-01	-6.335892727775718214e-01	2.179851253414552825e-01	-1.748631904449935992e-01	1.125336821436298401e-01	-2.156305113852256261e-01	2.905029377138402258e-01	-2.710562636767369082e-01	1.951638147816112945e-01	-1.181617840693188759e-01	1.501755846754493640e-01	-2.012532284145376049e-01	1.340149305895586285e-01	-2.409748328341584644e-01	1.274711157710222420e-01	-1.723029830436983711e-01	1.277527453899985344e-01	-1.668979370850213195e-01	3.081915347496673799e-02	-3.168705208995994949e-02
-7.071519284679915474e-02	6.149915220459910292e-02	-7.025371298955866706e-02	6.962451164288668837e-02	-6.113336490634599385e-02	7.769735071516360725e-02	-9.847895008402396400e-02	7.946252956229009345e-02	-9.111295410242355175e-02	5.551173573303672115e-02	-1.094470690518800221e-01	1.292803829621395617e-01	-1.643640767905126532e-01	1.237664991217765770e-01	-1.346759445113079878e-01	1.231781862166448777e-01	-3.020395570155849363e-01	1.000000000000000666e+00	-3.659514358629044062e-01	1.714876046950773170e-01	-1.191112908211615917e-01	1.992717896933554889e-01	-7.827358150300012252e-01	2.720245106543897617e-01	-1.627390925784024112e-01	1.193370651318005765e-01	-1.814869180583892627e-01	1.789381275948207506e-01	-1.838019697811279496e-01	1.262370338082180743e-01	-8.878212825817193010e-02	1.204128231795537213e-01	-8.825206256074523414e-02	1.735945794011387044e-01	-1.396651640583416731e-01	1.040807177730138922e-01	-7.918541379279339654e-02	1.080626244386833357e-01	-2.425411114221434628e-02	2.471899985080626416e-02
7.896640925743776684e-02	-7.075348936478681461e-02	9.503124047554152576e-02	-1.015358073159967345e-01	9.047338992681276670e-02	-8.517834033737468891e-02	1.084878785769786969e-01	-1.115641333468470747e-01	1.331270908608419845e-01	-8.603963995157416778e-02	1.118200733413632492e-01	-1.305924466275992513e-01	1.992755910392210172e-01	-2.919660145362900638e-01	2.271454040884006986e-01	-1.187662274208183960e-01	1.808413530956229642e-01	-3.659514358629044062e-01	1.000000000000004219e+00	-4.391291147894039182e-01	1.091955020370350693e-01	-1.539226441553846469e-01	2.659267130494766818e-01	-5.780705922319007151e-01	2.755768176079237963e-01	-1.444697214627436166e-01	1.720637372678362198e-01	-2.197339949883275745e-01	2.344315382081152976e-01	-2.153690492988978022e-01	1.077550992435178934e-01	-1.569203335979068858e-01	1.197042985605842047e-01	-2.583697708931878001e-01	2.046147909873806126e-01	-1.379383983960187077e-01	1.028509907345146329e-01	-1.501053661491340563e-01	3.510245880611283231e-02	-3.601385514365385010e-02
-6.434593946746994253e-02	5.692535835549706463e-02	-7.848374730301986568e-02	8.090612059496160580e-02	-7.907903835973477402e-02	6.747566211840559658e-02	-8.853578147805792053e-02	8.937494838068103797e-02	-1.083824882688195906e-01	7.316744691246829246e-02	-8.932707403044930217e-02	1.005215166162191781e-01	-1.709326350512812565e-01	1.750801829043860947e-01	-2.295483342232553792e-01	8.551557883534360860e-02	-1.330002158849803995e-01	1.714876046950773170e-01	-4.391291147894039182e-01	1.000000000000001110e+00	-8.080540542597759723e-02	1.076082389009188206e-01	-1.790871438720633979e-01	2.899138449596573852e-01	-7.038122138800874117e-01	1.037465109426344706e-01	-1.315701338830638500e-01	1.532260408381097005e-01	-1.910374416420470012e-01	2.609585740946429588e-01	-7.881584991864462597e-02	1.129320967723231040e-01	-8.767479610636641496e-02	1.884125980534091249e-01	-3.164835265823709998e-01	9.929893849471632672e-02	-7.510523465950075250e-02	1.083947620833608516e-01	-3.402651595596541123e-02	3.423660742758048714e-02
8.985040639781730065e-02	-7.761737635536108959e-02	6.764129864285708948e-02	-6.397619554303186906e-02	5.013880485554757238e-02	-1.170514752400099584e-01	1.204403561676499201e-01	-7.457460921803200915e-02	7.956609424790854479e-02	-4.467109836082512608e-02	1.752840895117464270e-01	-1.713966214938237309e-01	1.597565601892232678e-01	-7.638661367494324617e-02	8.585544118042694184e-02	-8.178767823178606511e-01	2.431369422681542714e-01	-1.191112908211615917e-01	1.091955020370350693e-01	-8.080540542597759723e-02	9.999999999999964473e-01	-3.447793920824671066e-01	1.135646946243833999e-01	-1.006022241644800724e-01	6.872112447595299378e-02	-2.588506178310859274e-01	2.089556602313062117e-01	-1.609923753770897137e-01	1.281204486894177985e-01	-7.393660031166249258e-02	1.543544858473242243e-01	-1.515989494677660310e-01	9.413727671418928300e-02	-1.523462712635631766e-01	8.327776537798918521e-02	-1.305028481365970439e-01	9.976697126346528721e-02	-1.142213854931685701e-01	2.020886721500457506e-02	-2.067465686521347684e-02
-9.449239265257117215e-02	8.044212184372494245e-02	-7.592760815256335838e-02	7.205975142173270953e-02	-5.800944950264080857e-02	1.082875594058741314e-01	-1.323064727071373015e-01	8.431096793864088779e-02	-9.115384577816827705e-02	5.179595437698596150e-02	-1.640216793784554372e-01	1.891110087430487030e-01	-1.834920696963747433e-01	9.321189114792846619e-02	-1.043242575610307116e-01	2.468669813535523117e-01	-6.335892727775718214e-01	1.992717896933554889e-01	-1.539226441553846469e-01	1.076082389009188206e-01	-3.447793920824671066e-01	1.000000000000003331e+00	-2.247144879843961940e-01	1.462853361288900256e-01	-9.425211775436538597e-02	1.866166082119467273e-01	-5.227978437495367503e-01	2.338028167571139238e-01	-1.767144468060528328e-01	9.505486532773806119e-02	-1.347017501654964866e-01	1.631606127371991455e-01	-1.082924512562096209e-01	1.853227080479593614e-01	-1.058732255629107194e-01	1.350326244584179047e-01	-1.052324322448927318e-01	1.298115106890357362e-01	-2.429694112790647953e-02	2.484143374049202491e-02
6.396556703877862016e-02	-5.593438511924399975e-02	6.349938567110913201e-02	-6.319604762286851196e-02	5.487115526912433178e-02	-7.104515227796624754e-02	8.854797498770616837e-02	-7.175263432204287417e-02	8.170955846210331552e-02	-4.999541904472818571e-02	9.816813776013808002e-02	-1.173547443079088759e-01	1.462872580432635905e-01	-1.104919765704480139e-01	1.177835560612618127e-01	-1.210357433206583760e-01	2.179851253414552825e-01	-7.827358150300012252e-01	2.659267130494766818e-01	-1.790871438720633979e-01	1.135646946243833999e-01	-2.247144879843961940e-01	9.999999999999995559e-01	-4.151235703221935469e-01	1.640335585306566812e-01	-1.187723376014396676e-01	1.722253772825882989e-01	-1.976260350627919160e-01	1.829332091355474754e-01	-1.294954763420244626e-01	8.722247610211598945e-02	-1.201851810501675527e-01	8.862158388713285706e-02	-1.767181841326542491e-01	1.320481836370983875e-01	-1.033769373525986884e-01	7.835261773994417478e-02	-1.085816670029496611e-01	2.388188515357323252e-02	-2.440507901274577632e-02
-7.071096266945216258e-02	6.205238993460022306e-02	-7.984158982620123690e-02	8.081041748920081425e-02	-7.502815221874278850e-02	7.527946668554269527e-02	-9.749112951412458594e-02	9.047486351906464108e-02	-1.079704392073942004e-01	6.849229219001060076e-02	-1.015862098249274009e-01	1.151285371212841385e-01	-1.786128228608063473e-01	1.646962150641348432e-01	-1.823301857034503592e-01	1.050437511861586348e-01	-1.748631904449935992e-01	2.720245106543897617e-01	-5.780705922319007151e-01	2.899138449596573852e-01	-1.006022241644800724e-01	1.462853361288900256e-01	-4.151235703221935469e-01	9.999999999999987788e-01	-4.275688796278120374e-01	1.217221053771178063e-01	-1.697800150271712438e-01	2.099060477610226183e-01	-3.361893775278957386e-01	2.050672793780988767e-01	-9.233321653005427398e-02	1.305587411667738507e-01	-1.028773795881085390e-01	2.221579830569343772e-01	-2.201382425333498205e-01	1.129655034596302454e-01	-8.657323869771434144e-02	1.246594930146939784e-01	-3.200868874878967651e-02	3.246132966871541348e-02
5.161386132087966705e-02	-4.553186234237859009e-02	6.027123453888409005e-02	-6.190989383207836511e-02	5.755987009529347359e-02	-5.465413901673114166e-02	7.098819656806173994e-02	-6.858314515198378480e-02	8.141375539844858400e-02	-5.355246194124809594e-02	7.266465327347890191e-02	-8.219452412379256445e-02	1.326511929193834871e-01	-1.282724612610551540e-01	1.448280836695741702e-01	-7.314374594119389672e-02	1.125336821436298401e-01	-1.627390925784024112e-01	2.755768176079237963e-01	-7.038122138800874117e-01	6.872112447595299378e-02	-9.425211775436538597e-02	1.640335585306566812e-01	-4.275688796278120374e-01	9.999999999999997780e-01	-8.962021780293023820e-02	1.126609902274224306e-01	-1.403623365525627775e-01	1.717018643980756099e-01	-4.129288922364461323e-01	6.793896653066243407e-02	-9.815678237853550647e-02	7.730134421517236010e-02	-1.712963404755775132e-01	2.627494442727114077e-01	-8.574443576593634986e-02	6.501218298447825061e-02	-9.545007255318641026e-02	2.913254942643122430e-02	-2.957975685400433818e-02
-1.019686358306177709e-01	8.546661540844012472e-02	-9.686747058911598929e-02	8.862011579165665620e-02	-7.622741772496613444e-02	1.068005685951344819e-01	-1.398460533321271293e-01	1.047501496129504411e-01	-1.187878638838354289e-01	6.579922680707372962e-02	-1.536620431358017014e-01	1.541034246620908432e-01	-2.447594424805157043e-01	1.082683148287523350e-01	-1.294974664300291289e-01	1.944488675736516792e-01	-2.156305113852256261e-01	1.193370651318005765e-01	-1.444697214627436166e-01	1.037465109426344706e-01	-2.588506178310859274e-01	1.866166082119467273e-01	-1.187723376014396676e-01	1.217221053771178063e-01	-8.962021780293023820e-02	1.000000000000000000e+00	-3.073674534580556617e-01	1.909977543777127140e-01	-1.817880505678453884e-01	9.791641232121771343e-02	-7.294801359772650207e-01	2.725515930302231937e-01	-1.580375102152947464e-01	1.943596219815669490e-01	-1.198103039571605383e-01	2.313319302619724627e-01	-2.099027872698066288e-01	1.683003530779987322e-01	-2.819957969922817775e-02	2.840838464075898934e-02
9.827902898614584992e-02	-8.491208126600210959e-02	8.898802638989272706e-02	-8.460235218561927562e-02	7.052394340413012386e-02	-1.105000942542423564e-01	1.353057585501979410e-01	-9.805641424936795136e-02	1.087873003271703776e-01	-6.247418732888022214e-02	1.529882763559154146e-01	-1.785929567374480442e-01	2.140816476656538514e-01	-1.111599576321007921e-01	1.263058066129990331e-01	-2.185118079073013753e-01	2.905029377138402258e-01	-1.814869180583892627e-01	1.720637372678362198e-01	-1.315701338830638500e-01	2.089556602313062117e-01	-5.227978437495367503e-01	1.722253772825882989e-01	-1.697800150271712438e-01	1.126609902274224306e-01	-3.073674534580556617e-01	9.999999999999967804e-01	-5.284946342526092300e-01	2.576474947872410270e-01	-1.242509571303229421e-01	1.974442108929227169e-01	-2.745883117528457595e-01	1.691052638981939971e-01	-2.777633548669676267e-01	1.375830181220275006e-01	-2.056615656319950580e-01	1.599875459860915505e-01	-2.000573300665469678e-01	3.484294919185139394e-02	-3.565060327320616895e-02
-1.033048835612452865e-01	8.776328778465361524e-02	-1.011071933492744962e-01	9.488198588821759871e-02	-8.255557982799689720e-02	1.085822589205544392e-01	-1.427539724572366997e-01	1.106147813214353737e-01	-1.260769527584861271e-01	7.233469277927914720e-02	-1.522376942382206166e-01	1.644982665766624441e-01	-2.488888628150303095e-01	1.300134258747851768e-01	-1.521068987005873285e-01	1.568337570299834505e-01	-2.710562636767369082e-01	1.789381275948207506e-01	-2.197339949883275745e-01	1.532260408381097005e-01	-1.609923753770897137e-01	2.338028167571139238e-01	-1.976260350627919160e-01	2.099060477610226183e-01	-1.403623365525627775e-01	1.909977543777127140e-01	-5.284946342526092300e-01	9.999999999999981126e-01	-6.041871646862700951e-01	1.452657375118375227e-01	-1.524618254499729153e-01	1.995966806951348094e-01	-1.847503706211217900e-01	2.882169070781622766e-01	-1.701452644152405547e-01	1.620623606142034823e-01	-1.355741735082716670e-01	1.865891370976640040e-01	-3.738898892881022118e-02	3.768139880435868866e-02
8.799912293487081871e-02	-7.583059956813126279e-02	9.063664114785699444e-02	-8.711443855824592408e-02	7.650147985824178043e-02	-9.319163220802313685e-02	1.210475674486442693e-01	-9.993218963644702468e-02	1.146903679247378710e-01	-6.798045640232312781e-02	1.266197785560174705e-01	-1.395877952758146356e-01	2.169471815562437345e-01	-1.308795857305105337e-01	1.477859956220620163e-01	-1.341920285596759355e-01	1.951638147816112945e-01	-1.838019697811279496e-01	2.344315382081152976e-01	-1.910374416420470012e-01	1.281204486894177985e-01	-1.767144468060528328e-01	1.829332091355474754e-01	-3.361893775278957386e-01	1.717018643980756099e-01	-1.817880505678453884e-01	2.576474947872410270e-01	-6.041871646862700951e-01	1.000000000000000222e+00	-1.944756769177697353e-01	1.404807242934877631e-01	-2.078551127783806463e-01	1.892775907794235213e-01	-5.199378660342617309e-01	1.961980004147920176e-01	-1.707234975492525342e-01	1.367245267015025079e-01	-2.184062029635175650e-01	4.875251942310591946e-02	-4.983433124013746107e-02
-5.943862344228888900e-02	5.162883697606941713e-02	-6.728423472094137436e-02	6.607030166994125320e-02	-6.125059576487455054e-02	6.167309605374528964e-02	-8.180192446206084600e-02	7.476133725245120987e-02	-8.826157539288287390e-02	5.480448746689593059e-02	-8.273760935436273722e-02	9.067902799520646817e-02	-1.568300599856787825e-01	1.124193616568895104e-01	-1.342712033614126832e-01	7.759933875133867565e-02	-1.181617840693188759e-01	1.262370338082180743e-01	-2.153690492988978022e-01	2.609585740946429588e-01	-7.393660031166249258e-02	9.505486532773806119e-02	-1.294954763420244626e-01	2.050672793780988767e-01	-4.129288922364461323e-01	9.791641232121771343e-02	-1.242509571303229421e-01	1.452657375118375227e-01	-1.944756769177697353e-01	9.999999999999990008e-01	-7.564465481920018552e-02	1.091585599816402297e-01	-8.917421835460088986e-02	2.032530140129919505e-01	-7.974751846926301235e-01	9.516006753090694437e-02	-7.327206013328159406e-02	1.084832569496907428e-01	-5.154587090472199234e-02	5.141566532867813261e-02
7.338492835576010398e-02	-6.198171198200372323e-02	7.050256503008651976e-02	-6.481095851290762100e-02	5.580926583707501720e-02	-7.771694698998578288e-02	1.005787921257721151e-01	-7.634719766774891725e-02	8.661143193051668021e-02	-4.825536330237174820e-02	1.094949717072755263e-01	-1.123721281215080137e-01	1.771650091899670543e-01	-7.991365792786038480e-02	9.533391152473096042e-02	-1.492263046491918155e-01	1.501755846754493640e-01	-8.878212825817193010e-02	1.077550992435178934e-01	-7.881584991864462597e-02	1.543544858473242243e-01	-1.347017501654964866e-01	8.722247610211598945e-02	-9.233321653005427398e-02	6.793896653066243407e-02	-7.294801359772650207e-01	1.974442108929227169e-01	-1.524618254499729153e-01	1.404807242934877631e-01	-7.564465481920018552e-02	9.999999999999986677e-01	-4.501556511788044612e-01	1.658866484541377528e-01	-1.687347653857969865e-01	9.251022644677497908e-02	-3.452080413424876149e-01	2.375481545682837092e-01	-1.830852357491086768e-01	2.430395616605469239e-02	-2.447388404039876203e-02
-1.047795469463527335e-01	8.793201398405521563e-02	-1.052214805655481561e-01	9.597564148813544915e-02	-8.409222767996560322e-02	1.064798574120598973e-01	-1.442138301133193412e-01	1.135232709595104944e-01	-1.301688088413341382e-01	7.223154746090659772e-02	-1.491478608864137134e-01	1.526281546868137051e-01	-2.680581342149284119e-01	1.183761817237760777e-01	-1.432106413721393467e-01	1.423582049263228677e-01	-2.012532284145376049e-01	1.204128231795537213e-01	-1.569203335979068858e-01	1.129320967723231040e-01	-1.515989494677660310e-01	1.631606127371991455e-01	-1.201851810501675527e-01	1.305587411667738507e-01	-9.815678237853550647e-02	2.725515930302231937e-01	-2.745883117528457595e-01	1.995966806951348094e-01	-2.078551127783806463e-01	1.091585599816402297e-01	-4.501556511788044612e-01	9.999999999999984457e-01	-3.999241006727595749e-01	2.370052348418787425e-01	-1.382282430791585970e-01	3.034372276064400964e-01	-4.901926999236443927e-01	2.798870088812680512e-01	-3.622654940661982487e-02	3.597222377581925368e-02
7.091286108081171213e-02	-5.983740206800895051e-02	7.294891045928822426e-02	-6.696126639942660830e-02	5.919374320174457249e-02	-7.207567824335003870e-02	9.764217240815507848e-02	-7.887273246108372771e-02	9.084328004262713641e-02	-5.097103121613495713e-02	9.972613018528099504e-02	-1.036359766792108450e-01	1.847808300100662326e-01	-8.534050602620599224e-02	1.030843624383150636e-01	-9.285683079284252905e-02	1.340149305895586285e-01	-8.825206256074523414e-02	1.197042985605842047e-01	-8.767479610636641496e-02	9.413727671418928300e-02	-1.082924512562096209e-01	8.862158388713285706e-02	-1.028773795881085390e-01	7.730134421517236010e-02	-1.580375102152947464e-01	1.691052638981939971e-01	-1.847503706211217900e-01	1.892775907794235213e-01	-8.917421835460088986e-02	1.658866484541377528e-01	-3.999241006727595749e-01	9.999999999999987788e-01	-3.459793772192740202e-01	1.162334065850150339e-01	-1.841630061146586894e-01	2.058079671186055504e-01	-7.801298536482703661e-01	4.272650700468144658e-02	-4.214255616881378008e-02
-1.333424710054127715e-01	1.128963552912885110e-01	-1.424152709968042885e-01	1.312132311268217333e-01	-1.178710340825114139e-01	1.340823933631914155e-01	-1.838129251142347764e-01	1.541321645314955024e-01	-1.790306295899741773e-01	1.015058264171666419e-01	-1.835285377652643990e-01	1.922261618210165113e-01	-3.600460245878556176e-01	1.732397126730718107e-01	-2.106374942557522612e-01	1.538420456839299788e-01	-2.409748328341584644e-01	1.735945794011387044e-01	-2.583697708931878001e-01	1.884125980534091249e-01	-1.523462712635631766e-01	1.853227080479593614e-01	-1.767181841326542491e-01	2.221579830569343772e-01	-1.712963404755775132e-01	1.943596219815669490e-01	-2.777633548669676267e-01	2.882169070781622766e-01	-5.199378660342617309e-01	2.032530140129919505e-01	-1.687347653857969865e-01	2.370052348418787425e-01	-3.459793772192740202e-01	9.999999999999982236e-01	-2.959915425841395664e-01	1.912074472667889824e-01	-1.739596619760412910e-01	2.627656114082511651e-01	-8.542047535467317543e-02	7.874323689757808942e-02
6.365415908755976682e-02	-5.547719211154627378e-02	7.073339908153840339e-02	-7.016930622162213804e-02	6.323240200949246936e-02	-6.682075478778089217e-02	8.743794098189497377e-02	-7.888500884869165120e-02	9.191277420245350105e-02	-5.728256908919004270e-02	8.918550414766858447e-02	-9.845929752518932376e-02	1.630387883318031861e-01	-1.189034129211727492e-01	1.344530178676167365e-01	-8.851393406477470194e-02	1.274711157710222420e-01	-1.396651640583416731e-01	2.046147909873806126e-01	-3.164835265823709998e-01	8.327776537798918521e-02	-1.058732255629107194e-01	1.320481836370983875e-01	-2.201382425333498205e-01	2.627494442727114077e-01	-1.198103039571605383e-01	1.375830181220275006e-01	-1.701452644152405547e-01	1.961980004147920176e-01	-7.974751846926301235e-01	9.251022644677497908e-02	-1.382282430791585970e-01	1.162334065850150339e-01	-2.959915425841395664e-01	9.999999999999980016e-01	-1.201346003281436314e-01	9.198627567925095339e-02	-1.439895117457234419e-01	6.650327110100134886e-02	-7.237719658236946296e-02
-9.607053730773040812e-02	8.051387376449359312e-02	-9.759809584349353473e-02	8.864600738892917942e-02	-7.791730639240292133e-02	9.682918898800881025e-02	-1.321891653622388751e-01	1.050783202314757442e-01	-1.207634333088256628e-01	6.671047647278140202e-02	-1.351988226711291208e-01	1.374239520433734318e-01	-2.501000671896936867e-01	1.079451140781086671e-01	-1.312770481087157937e-01	1.236600009017471274e-01	-1.723029830436983711e-01	1.040807177730138922e-01	-1.379383983960187077e-01	9.929893849471632672e-02	-1.305028481365970439e-01	1.350326244584179047e-01	-1.033769373525986884e-01	1.129655034596302454e-01	-8.574443576593634986e-02	2.313319302619724627e-01	-2.056615656319950580e-01	1.620623606142034823e-01	-1.707234975492525342e-01	9.516006753090694437e-02	-3.452080413424876149e-01	3.034372276064400964e-01	-1.841630061146586894e-01	1.912074472667889824e-01	-1.201346003281436314e-01	9.999999999999982236e-01	-7.488157909931261180e-01	2.043105906101596314e-01	-2.952579480661403008e-02	2.951803554909868121e-02
6.789959237724767227e-02	-5.716994488920726369e-02	6.832016979190654038e-02	-6.248465888449999950e-02	5.470621560673211842e-02	-6.946939420741196636e-02	9.336402383008439443e-02	-7.376547436638758448e-02	8.453555163843216869e-02	-4.705198822228361111e-02	9.666714170409387852e-02	-9.956221986825880554e-02	1.734579323042720611e-01	-7.735606449282604602e-02	9.334477598996208936e-02	-9.763508501631498748e-02	1.277527453899985344e-01	-7.918541379279339654e-02	1.028509907345146329e-01	-7.510523465950075250e-02	9.976697126346528721e-02	-1.052324322448927318e-01	7.835261773994417478e-02	-8.657323869771434144e-02	6.501218298447825061e-02	-2.099027872698066288e-01	1.599875459860915505e-01	-1.355741735082716670e-01	1.367245267015025079e-01	-7.327206013328159406e-02	2.375481545682837092e-01	-4.901926999236443927e-01	2.058079671186055504e-01	-1.739596619760412910e-01	9.198627567925095339e-02	-7.488157909931261180e-01	9.999999999999983347e-01	-2.757254418953203889e-01	2.666158601211375545e-02	-2.671320148080346540e-02
-9.313808407454332583e-02	7.838002018475663524e-02	-9.702080213095093386e-02	8.851341112191041249e-02	-7.860305794302385740e-02	9.356566448489177235e-02	-1.282963975146136359e-01	1.046230308906246076e-01	-1.208598082416985769e-01	6.737829848779515463e-02	-1.294163860038319569e-01	1.333515328075464690e-01	-2.478652330147943228e-01	1.110242929136636691e-01	-1.352885977221482405e-01	1.118818852838286276e-01	-1.668979370850213195e-01	1.080626244386833357e-01	-1.501053661491340563e-01	1.083947620833608516e-01	-1.142213854931685701e-01	1.298115106890357362e-01	-1.085816670029496611e-01	1.246594930146939784e-01	-9.545007255318641026e-02	1.683003530779987322e-01	-2.000573300665469678e-01	1.865891370976640040e-01	-2.184062029635175650e-01	1.084832569496907428e-01	-1.830852357491086768e-01	2.798870088812680512e-01	-7.801298536482703661e-01	2.627656114082511651e-01	-1.439895117457234419e-01	2.043105906101596314e-01	-2.757254418953203889e-01	9.999999999999982236e-01	-5.308862665435595818e-02	5.024451447474438670e-02
1.695039282456471674e-02	-1.442283137715872320e-02	1.814677716369004004e-02	-1.694226737953615641e-02	1.517747697433802570e-02	-1.720711700413985606e-02	2.333840450600649374e-02	-1.974105435242257123e-02	2.290578294666888864e-02	-1.320158365150052304e-02	2.343728302007039646e-02	-2.475223981811071339e-02	4.516099264333492402e-02	-2.338158137576035883e-02	2.790572213305439128e-02	-2.067722490250208447e-02	3.081915347496673799e-02	-2.425411114221434628e-02	3.510245880611283231e-02	-3.402651595596541123e-02	2.020886721500457506e-02	-2.429694112790647953e-02	2.388188515357323252e-02	-3.200868874878967651e-02	2.913254942643122430e-02	-2.819957969922817775e-02	3.484294919185139394e-02	-3.738898892881022118e-02	4.875251942310591946e-02	-5.154587090472199234e-02	2.430395616605469239e-02	-3.622654940661982487e-02	4.272650700468144658e-02	-8.542047535467317543e-02	6.650327110100134886e-02	-2.952579480661403008e-02	2.666158601211375545e-02	-5.308862665435595818e-02	9.999999999999982236e-01	-9.896504900722810083e-01
