1.000000000000000222e+00	-2.444395893709631340e-01	1.682111085225188873e-01	-1.282292946833211433e-01	1.224913501259158599e-01	-6.773960241093496260e-01	2.784713254468764165e-01	-2.307413865883089499e-01	1.631713070325265802e-01	-2.041531333712240659e-01	2.840519884956913543e-01	-2.406638510365867734e-01	2.083515953247523089e-01	-2.336324361752782630e-01	1.574524820357095789e-01	-1.942200689729035312e-01	1.841491617842139494e-01	-2.434586781946871392e-01	1.811543932732801176e-01	-2.171867407359428237e-01	1.565042363865110087e-01	-1.482134403194236005e-01	1.496614355396695129e-01	-1.402949460608442223e-01	1.342037631634486750e-01	-1.673678658652598128e-01	1.382598942974504752e-01	-1.294031411506365303e-01	1.120347925914643578e-01	-1.268843606055015949e-01	1.305370969272783288e-01	-1.212255171717643715e-01	1.082494892709383733e-01	-9.135584565288237813e-02	7.291132934878701011e-02	-2.156118881951161470e-01	1.089663631587294013e-01	-1.037481047455084682e-01	7.405648452191061770e-02	-7.466327074955869669e-02
-2.444395893709631340e-01	1.000000000000000444e+00	-8.346804110838279556e-01	1.784878889418727299e-01	-1.955863895678941478e-01	1.523819705590915841e-01	-2.051990112004311029e-01	2.541121805288786284e-01	-1.558049165098354116e-01	1.486005448163978115e-01	-1.709070372930509285e-01	1.538479966253399611e-01	-2.536187536739446524e-01	1.279249859504536235e-01	-9.438427155270467939e-02	9.553710026966838464e-02	-1.040963125805505207e-01	1.277435779381793368e-01	-1.080492252193064051e-01	1.058635193743067138e-01	-8.047831499690630275e-02	7.512726267315561479e-02	-7.909541423268300064e-02	6.886461998920580252e-02	-7.011589936718159999e-02	7.499352237411742450e-02	-7.130628844756671525e-02	6.372150453838923423e-02	-5.552746106754529593e-02	5.912967462134034735e-02	-6.086249625895812088e-02	5.735922430109264419e-02	-5.301592094459389726e-02	4.298514033661293005e-02	-3.480485919066510225e-02	9.009327794837283798e-02	-5.189486151781763645e-02	4.803419495941877587e-02	-3.568058645838735610e-02	3.473983679250144951e-02
1.682111085225188873e-01	-8.346804110838279556e-01	1.000000000000000000e+00	-2.231304640420612162e-01	1.758536540592773867e-01	-1.224992343225293351e-01	1.535330291313721229e-01	-3.675841320932938805e-01	1.511828954950573678e-01	-1.493489634198185978e-01	1.355707212165864206e-01	-1.320895661284844647e-01	2.140431438443081147e-01	-1.200869357690320660e-01	8.601983197527839076e-02	-8.113000879541157340e-02	8.750937682625763159e-02	-1.154475230796465357e-01	9.524181128941364149e-02	-9.676054312416432213e-02	6.791254400720611595e-02	-6.417563826250757830e-02	6.737394667054820430e-02	-6.098550246805096997e-02	6.175447817390323363e-02	-6.470191695937554943e-02	6.060851829430930621e-02	-5.481907525819656318e-02	4.848174913239255285e-02	-5.214745106676166309e-02	5.215616139019894210e-02	-4.930580965881634775e-02	4.540041630410617673e-02	-3.765951905805907385e-02	3.044633707114329652e-02	-7.844823977772316659e-02	4.450384531070765426e-02	-4.143151407951592424e-02	3.104097684529833270e-02	-3.041209259183842370e-02
-1.282292946833211433e-01	1.784878889418727299e-01	-2.231304640420612162e-01	1.000000000000000222e+00	-8.692471439218252272e-01	8.580042501277443390e-02	-1.103043237699962847e-01	1.559998819591506269e-01	-3.076062558690447757e-01	2.407528365680818572e-01	-1.103668199412119605e-01	9.053677845534152668e-02	-1.383185119241897021e-01	1.366921331552236052e-01	-1.055365289428960990e-01	6.756418369941709356e-02	-7.656155314676985069e-02	9.859159814843378167e-02	-9.522154785202802119e-02	9.981670513307196180e-02	-5.932648926773172182e-02	5.649339723843724292e-02	-6.208899950847377586e-02	5.892201272985053001e-02	-6.238901755767119195e-02	5.510574845367954139e-02	-5.487641552635917630e-02	4.950195583037452635e-02	-4.634192400895736225e-02	4.903320128688849061e-02	-4.546616977864639114e-02	4.365112209834050294e-02	-4.097347736092721987e-02	3.518823502671383080e-02	-2.868591662056118458e-02	6.641905631809863486e-02	-3.970517598894664213e-02	3.669590437735777144e-02	-2.915328102616236011e-02	2.827624440172663706e-02
1.224913501259158599e-01	-1.955863895678941478e-01	1.758536540592773867e-01	-8.692471439218252272e-01	1.000000000000000666e+00	-8.491491756086232134e-02	1.058837696694161640e-01	-1.568327163589951778e-01	2.403197896952410650e-01	-3.249366436680361514e-01	1.071217351500641235e-01	-8.941116681149281764e-02	1.307183404793345605e-01	-1.485575231057393308e-01	1.119693278065789360e-01	-6.890986252430207626e-02	7.732794105830921583e-02	-1.044135972323928380e-01	9.803223134462224486e-02	-1.105858331101657321e-01	6.047642601821603958e-02	-5.809036799408682367e-02	6.371234230555736233e-02	-6.294799094645445181e-02	6.578875747342735614e-02	-5.733758161385313357e-02	5.625933296915937992e-02	-5.138441156773070756e-02	4.881753288710229816e-02	-5.240792215944499455e-02	4.707517365155718114e-02	-4.529737276200336560e-02	4.235820909209372931e-02	-3.733410246843227309e-02	3.035965190956697868e-02	-6.992732760918017598e-02	4.111576279893344732e-02	-3.823787685072480014e-02	3.067315909264460572e-02	-2.999374002419762444e-02
-6.773960241093496260e-01	1.523819705590915841e-01	-1.224992343225293351e-01	8.580042501277443390e-02	-8.491491756086232134e-02	1.000000000000000222e+00	-4.765844973842141008e-01	1.736948949255792407e-01	-1.123730685636745996e-01	1.321884997442685505e-01	-4.321334488867577539e-01	2.616630665868982519e-01	-1.840501021490207612e-01	1.478437404735196137e-01	-1.023563879759109285e-01	1.625855484281654995e-01	-1.551329388578311652e-01	1.637085335221110660e-01	-1.244836598833863051e-01	1.350702411234177003e-01	-1.243556398687562931e-01	1.108149351762887230e-01	-1.082232172850313701e-01	9.101724018069363986e-02	-8.822225824621671153e-02	1.160715354573046282e-01	-1.004412304028174663e-01	9.025755709692831474e-02	-7.382006501735662030e-02	8.097276601714792355e-02	-9.098999869848463373e-02	8.345709588604076357e-02	-7.500398091539670076e-02	5.899855619907486137e-02	-4.722836734245145635e-02	1.388918115092946937e-01	-7.456461544271589248e-02	6.981531062413208477e-02	-4.839372016143296540e-02	4.793364733105352771e-02
2.784713254468764165e-01	-2.051990112004311029e-01	1.535330291313721229e-01	-1.103043237699962847e-01	1.058837696694161640e-01	-4.765844973842141008e-01	1.000000000000000444e+00	-2.761460791621486166e-01	1.479064447151960671e-01	-1.756758460098601093e-01	3.121646087323287633e-01	-6.383385248807195156e-01	2.572828932535484170e-01	-1.878305640666891874e-01	1.279797592774573611e-01	-1.793242220075799975e-01	1.727347160344186172e-01	-2.069451895609272229e-01	1.525798007662788613e-01	-1.675181204997115147e-01	1.350467431697500442e-01	-1.275213489423853153e-01	1.238917183816326956e-01	-1.097473765775911630e-01	1.061776338712662193e-01	-1.343554374072895574e-01	1.143037381339276903e-01	-1.048434100889971687e-01	8.768138807100334109e-02	-9.699755988980764132e-02	1.040356066579204986e-01	-9.668770469428862591e-02	8.654050324677285688e-02	-7.020317244219255459e-02	5.616533348771692719e-02	-1.632369522030669706e-01	8.615883188435939644e-02	-8.130708237256653592e-02	5.722367278578434358e-02	-5.699508421164934530e-02
-2.307413865883089499e-01	2.541121805288786284e-01	-3.675841320932938805e-01	1.559998819591506269e-01	-1.568327163589951778e-01	1.736948949255792407e-01	-2.761460791621486166e-01	1.000000000000000000e+00	-3.044078687433681707e-01	2.201738086072371758e-01	-2.355722778914477178e-01	2.399275395729799920e-01	-6.970154903617303832e-01	1.830333962754571719e-01	-1.338471096988848030e-01	1.276319916368359453e-01	-1.431125546606696053e-01	1.863070747616716594e-01	-1.582461093580713740e-01	1.415862727149718725e-01	-1.061106825987102736e-01	9.949731734899061597e-02	-1.044511209511143623e-01	9.114915911519319569e-02	-9.369559575055708134e-02	9.637182686487995309e-02	-9.341749927148397525e-02	8.317457413381117159e-02	-7.270999902014763094e-02	7.654490608560800269e-02	-7.820053983454264279e-02	7.402449929499996251e-02	-6.861717865633711055e-02	5.555500601447212888e-02	-4.506886724868804095e-02	1.135099853770150380e-01	-6.675612064252001154e-02	6.164788051055745954e-02	-4.610207106919222975e-02	4.469320810176086872e-02
1.631713070325265802e-01	-1.558049165098354116e-01	1.511828954950573678e-01	-3.076062558690447757e-01	2.403197896952410650e-01	-1.123730685636745996e-01	1.479064447151960671e-01	-3.044078687433681707e-01	1.000000000000000444e+00	-7.560408857291130991e-01	1.514560698995777444e-01	-1.276653185113595657e-01	2.052499993992504546e-01	-3.381589790040728793e-01	2.078718914475376767e-01	-9.664655110232527047e-02	1.118769269439203740e-01	-1.570386603112794432e-01	1.629649876221146432e-01	-1.766770345034708034e-01	8.494813617267969741e-02	-8.224290393834510215e-02	9.163403410895210044e-02	-9.377601893414069800e-02	1.010490362074047827e-01	-7.814885996951227709e-02	7.968310538037788604e-02	-7.260337854542782410e-02	7.107260117582117620e-02	-7.496523199407618965e-02	6.456835401299647337e-02	-6.278676206319429298e-02	5.929093599571055168e-02	-5.307314415554011122e-02	4.338687788367734388e-02	-9.313692563782687006e-02	5.695428770895355486e-02	-5.273533360584773538e-02	4.361180615736555410e-02	-4.231138908781587049e-02
-2.041531333712240659e-01	1.486005448163978115e-01	-1.493489634198185978e-01	2.407528365680818572e-01	-3.249366436680361514e-01	1.321884997442685505e-01	-1.756758460098601093e-01	2.201738086072371758e-01	-7.560408857291130991e-01	1.000000000000000444e+00	-1.830664499460187555e-01	1.411998587183802834e-01	-2.195605194628257595e-01	2.569303393449389739e-01	-2.746108574150985526e-01	1.108550568979738415e-01	-1.305025766635602713e-01	1.626476614553190314e-01	-1.785438524860294418e-01	1.884342845242339415e-01	-9.941101654360942619e-02	9.501699254465009736e-02	-1.076908351143093523e-01	1.045131021356589945e-01	-1.172216347545570886e-01	8.935448342726574900e-02	-9.364273842239249912e-02	8.386348043498799421e-02	-8.160596199474434709e-02	8.419752570744414022e-02	-7.481288088938577163e-02	7.263503187913003534e-02	-6.922021341484138612e-02	6.025933138151694235e-02	-4.955337195799764533e-02	1.056396274451862349e-01	-6.635361872901278379e-02	6.083534195564221925e-02	-5.027430240876285678e-02	4.812849640350484043e-02
2.840519884956913543e-01	-1.709070372930509285e-01	1.355707212165864206e-01	-1.103668199412119605e-01	1.071217351500641235e-01	-4.321334488867577539e-01	3.121646087323287633e-01	-2.355722778914477178e-01	1.514560698995777444e-01	-1.830664499460187555e-01	9.999999999999994449e-01	-5.118360521759046655e-01	2.393294507732365295e-01	-2.171976123173046946e-01	1.477558133243208893e-01	-3.777629264979531221e-01	2.473825371959363084e-01	-2.563653901480716368e-01	1.829880934654497804e-01	-2.005179882009682502e-01	2.046254559304982179e-01	-1.814141901101310461e-01	1.641478473899148915e-01	-1.363763973725802270e-01	1.303019876125590393e-01	-1.940046141831113791e-01	1.540908908628335072e-01	-1.397991533893190308e-01	1.100011204198927534e-01	-1.211357441148016995e-01	1.432881782017868810e-01	-1.302386070087266645e-01	1.147209779743442182e-01	-8.833561348740417984e-02	7.042861962128979525e-02	-2.194678316261174933e-01	1.145700767353019095e-01	-1.079551790185532545e-01	7.204950286919853397e-02	-7.159233095080022591e-02
-2.406638510365867734e-01	1.538479966253399611e-01	-1.320895661284844647e-01	9.053677845534152668e-02	-8.941116681149281764e-02	2.616630665868982519e-01	-6.383385248807195156e-01	2.399275395729799920e-01	-1.276653185113595657e-01	1.411998587183802834e-01	-5.118360521759046655e-01	1.000000000000000000e+00	-4.062150173957294608e-01	1.528429990105975023e-01	-1.066326136613264253e-01	1.803488994876707996e-01	-1.921011933727213572e-01	1.807876478219266891e-01	-1.357909740740258497e-01	1.340671525373865469e-01	-1.309228955754241641e-01	1.191688024604381779e-01	-1.121592389109771215e-01	9.105506021470535782e-02	-8.907486935058972488e-02	1.164717170564520260e-01	-1.036751127755603380e-01	9.189629353533358691e-02	-7.352584054141841907e-02	7.921984675286329602e-02	-9.062495192771198582e-02	8.365121299245256714e-02	-7.524231654304171235e-02	5.784165240078736198e-02	-4.638762246364146885e-02	1.337079685015280794e-01	-7.410786598576465933e-02	6.906242094909319229e-02	-4.753949379078803439e-02	4.670757504050965930e-02
2.083515953247523089e-01	-2.536187536739446524e-01	2.140431438443081147e-01	-1.383185119241897021e-01	1.307183404793345605e-01	-1.840501021490207612e-01	2.572828932535484170e-01	-6.970154903617303832e-01	2.052499993992504546e-01	-2.195605194628257595e-01	2.393294507732365295e-01	-4.062150173957294608e-01	9.999999999999997780e-01	-2.138995357302227451e-01	1.416759016990307152e-01	-1.468164073475470566e-01	1.589386447948349657e-01	-2.680599908303429868e-01	1.784526013412762735e-01	-1.631145514114310524e-01	1.160481753253907178e-01	-1.117324565097628092e-01	1.137189634836841545e-01	-1.029949355583985315e-01	1.030524273773601174e-01	-1.093100221237162106e-01	1.017456772408752291e-01	-9.241615913378659064e-02	8.041981436271933292e-02	-8.615631895862675693e-02	8.675053642420292588e-02	-8.231699494123284611e-02	7.532091379803014519e-02	-6.207133481794181035e-02	5.009807490157101167e-02	-1.294025664785636576e-01	7.356535967780346297e-02	-6.868454249451677596e-02	5.087460698286990629e-02	-4.988290249124015946e-02
-2.336324361752782630e-01	1.279249859504536235e-01	-1.200869357690320660e-01	1.366921331552236052e-01	-1.485575231057393308e-01	1.478437404735196137e-01	-1.878305640666891874e-01	1.830333962754571719e-01	-3.381589790040728793e-01	2.569303393449389739e-01	-2.171976123173046946e-01	1.528429990105975023e-01	-2.138995357302227451e-01	9.999999999999988898e-01	-6.050145546660737894e-01	1.440718005249887468e-01	-1.812301715467710128e-01	2.510003071541274666e-01	-4.280476126011470428e-01	3.071442473281012497e-01	-1.317284715239802340e-01	1.291810618633499608e-01	-1.516433940689298210e-01	1.620770079338516301e-01	-1.900164616029540177e-01	1.158945728553690963e-01	-1.279377863568827156e-01	1.155724965153825806e-01	-1.206210196412138558e-01	1.212259882390958193e-01	-9.787115682966754382e-02	9.701098362529785024e-02	-9.366415348542324326e-02	8.553685881618086628e-02	-7.086744121222898762e-02	1.348610044025560506e-01	-8.845499187417342479e-02	8.107653409136114653e-02	-7.090084131757794228e-02	6.744119099613624102e-02
1.574524820357095789e-01	-9.438427155270467939e-02	8.601983197527839076e-02	-1.055365289428960990e-01	1.119693278065789360e-01	-1.023563879759109285e-01	1.279797592774573611e-01	-1.338471096988848030e-01	2.078718914475376767e-01	-2.746108574150985526e-01	1.477558133243208893e-01	-1.066326136613264253e-01	1.416759016990307152e-01	-6.050145546660737894e-01	1.000000000000000000e+00	-1.061918500651645864e-01	1.290578551243153349e-01	-1.977066898983109444e-01	2.489572541930761829e-01	-6.320873876772735711e-01	9.749023216280798543e-02	-9.919307471076270477e-02	1.182646154063927146e-01	-1.685512222252142089e-01	1.893756300036636975e-01	-8.915583056203957302e-02	9.747606890678035818e-02	-9.356286343652642223e-02	1.096765635399753747e-01	-1.193551263811382657e-01	7.463664990115381759e-02	-7.585377900409506768e-02	7.321599802105252519e-02	-7.922329268402138192e-02	6.499631831287012995e-02	-1.056313939953375941e-01	6.845076894920293364e-02	-6.426110399687343100e-02	6.229367098843714701e-02	-6.146069227474207364e-02
-1.942200689729035312e-01	9.553710026966838464e-02	-8.113000879541157340e-02	6.756418369941709356e-02	-6.890986252430207626e-02	1.625855484281654995e-01	-1.793242220075799975e-01	1.276319916368359453e-01	-9.664655110232527047e-02	1.108550568979738415e-01	-3.777629264979531221e-01	1.803488994876707996e-01	-1.468164073475470566e-01	1.440718005249887468e-01	-1.061918500651645864e-01	9.999999999999987788e-01	-6.239517671546200850e-01	2.153708186412197634e-01	-1.638298365021218506e-01	1.393749167114801402e-01	-5.050376443932649284e-01	2.676140195196474725e-01	-2.056462897210908081e-01	1.160591331428556389e-01	-1.114506412634303084e-01	2.297099557296310435e-01	-1.995572735127369990e-01	1.579431796601008520e-01	-9.929076738915970646e-02	1.003428746681132161e-01	-1.733875376459191597e-01	1.430004232337140357e-01	-1.258961115103884032e-01	7.625180110701101910e-02	-6.082433003071562733e-02	2.008377515996207230e-01	-1.219887849880652436e-01	1.098338995555483699e-01	-6.373470711076736905e-02	6.066423536262564864e-02
1.841491617842139494e-01	-1.040963125805505207e-01	8.750937682625763159e-02	-7.656155314676985069e-02	7.732794105830921583e-02	-1.551329388578311652e-01	1.727347160344186172e-01	-1.431125546606696053e-01	1.118769269439203740e-01	-1.305025766635602713e-01	2.473825371959363084e-01	-1.921011933727213572e-01	1.589386447948349657e-01	-1.812301715467710128e-01	1.290578551243153349e-01	-6.239517671546200850e-01	9.999999999999987788e-01	-3.707892592234456886e-01	2.056597317710679440e-01	-1.759035504667955108e-01	2.910857096887527473e-01	-4.239091298442400069e-01	2.265530898099901713e-01	-1.416789277614907139e-01	1.318052071837659545e-01	-2.360314339152922158e-01	2.178430364541501518e-01	-1.884188743955888534e-01	1.160844231898391504e-01	-1.201590464184615070e-01	1.676409970522017012e-01	-1.635363446664506448e-01	1.389472723466294302e-01	-8.995999815843853942e-02	7.131858950696429167e-02	-2.292872308716380481e-01	1.334875599350532904e-01	-1.254368840073690483e-01	7.367645918337192845e-02	-7.127948318924257065e-02
-2.434586781946871392e-01	1.277435779381793368e-01	-1.154475230796465357e-01	9.859159814843378167e-02	-1.044135972323928380e-01	1.637085335221110660e-01	-2.069451895609272229e-01	1.863070747616716594e-01	-1.570386603112794432e-01	1.626476614553190314e-01	-2.563653901480716368e-01	1.807876478219266891e-01	-2.680599908303429868e-01	2.510003071541274666e-01	-1.977066898983109444e-01	2.153708186412197634e-01	-3.707892592234456886e-01	9.999999999999986677e-01	-6.741637691149657829e-01	2.333268812518825563e-01	-1.833977634167514859e-01	1.866712437235069633e-01	-2.052388218219481364e-01	1.696309047480240861e-01	-1.736216051872516153e-01	1.510531606488874634e-01	-1.683761366180160368e-01	1.478504980880097353e-01	-1.287519695959042088e-01	1.259927977678240163e-01	-1.243036650424921008e-01	1.224405773082197502e-01	-1.157642161714312196e-01	9.142066461480941042e-02	-7.470841377864581578e-02	1.670939417523266968e-01	-1.088735250509528379e-01	9.963951156718611757e-02	-7.576942334975232674e-02	7.191689019089106405e-02
1.811543932732801176e-01	-1.080492252193064051e-01	9.524181128941364149e-02	-9.522154785202802119e-02	9.803223134462224486e-02	-1.244836598833863051e-01	1.525798007662788613e-01	-1.582461093580713740e-01	1.629649876221146432e-01	-1.785438524860294418e-01	1.829880934654497804e-01	-1.357909740740258497e-01	1.784526013412762735e-01	-4.280476126011470428e-01	2.489572541930761829e-01	-1.638298365021218506e-01	2.056597317710679440e-01	-6.741637691149657829e-01	9.999999999999987788e-01	-3.803294827206144535e-01	1.364707508361186483e-01	-1.448568366994159029e-01	1.587289390371615372e-01	-2.255221833827981137e-01	1.970293075735374544e-01	-1.237420312289362750e-01	1.305571076507788253e-01	-1.253807193074734372e-01	1.329356689610771691e-01	-1.366967657386303214e-01	1.002728519358760256e-01	-1.013406147117652395e-01	9.548920355138387772e-02	-9.394887552542871556e-02	7.614222289972689961e-02	-1.420932004671630611e-01	8.957685406274591700e-02	-8.440882382392900229e-02	7.389851752526441220e-02	-7.243620556990995607e-02
-2.171867407359428237e-01	1.058635193743067138e-01	-9.676054312416432213e-02	9.981670513307196180e-02	-1.105858331101657321e-01	1.350702411234177003e-01	-1.675181204997115147e-01	1.415862727149718725e-01	-1.766770345034708034e-01	1.884342845242339415e-01	-2.005179882009682502e-01	1.340671525373865469e-01	-1.631145514114310524e-01	3.071442473281012497e-01	-6.320873876772735711e-01	1.393749167114801402e-01	-1.759035504667955108e-01	2.333268812518825563e-01	-3.803294827206144535e-01	1.000000000000001332e+00	-1.317822676900241852e-01	1.331223421710698851e-01	-1.669675747766565521e-01	2.286318205095818623e-01	-3.813641019099744400e-01	1.166134460395170935e-01	-1.342388633130890407e-01	1.264762840376192632e-01	-1.566195460197248590e-01	1.574999251096687036e-01	-9.935866643301044521e-02	1.014878511292995888e-01	-9.970512360473175739e-02	1.053857480125509755e-01	-8.880954019495192198e-02	1.362271339244829349e-01	-9.236247103207456677e-02	8.559599450158381084e-02	-8.523547763040968672e-02	8.140010481077759874e-02
1.565042363865110087e-01	-8.047831499690630275e-02	6.791254400720611595e-02	-5.932648926773172182e-02	6.047642601821603958e-02	-1.243556398687562931e-01	1.350467431697500442e-01	-1.061106825987102736e-01	8.494813617267969741e-02	-9.941101654360942619e-02	2.046254559304982179e-01	-1.309228955754241641e-01	1.160481753253907178e-01	-1.317284715239802340e-01	9.749023216280798543e-02	-5.050376443932649284e-01	2.910857096887527473e-01	-1.833977634167514859e-01	1.364707508361186483e-01	-1.317822676900241852e-01	9.999999999999973355e-01	-4.546772744561389246e-01	2.308875417568130584e-01	-1.213627262797560280e-01	1.126898727490952823e-01	-5.215158809598168244e-01	2.360452809490226622e-01	-1.955647686941037466e-01	1.068766602927637838e-01	-1.081121323967499936e-01	2.455140187391907924e-01	-1.899511124283264629e-01	1.536217652456939586e-01	-8.407077793986965364e-02	6.626086612085971272e-02	-2.914496389982244584e-01	1.533780907950943739e-01	-1.401751652694161465e-01	7.040866123217413841e-02	-6.686050133049950550e-02
-1.482134403194236005e-01	7.512726267315561479e-02	-6.417563826250757830e-02	5.649339723843724292e-02	-5.809036799408682367e-02	1.108149351762887230e-01	-1.275213489423853153e-01	9.949731734899061597e-02	-8.224290393834510215e-02	9.501699254465009736e-02	-1.814141901101310461e-01	1.191688024604381779e-01	-1.117324565097628092e-01	1.291810618633499608e-01	-9.919307471076270477e-02	2.676140195196474725e-01	-4.239091298442400069e-01	1.866712437235069633e-01	-1.448568366994159029e-01	1.331223421710698851e-01	-4.546772744561389246e-01	9.999999999999961142e-01	-4.789423980219586485e-01	1.442767987854921552e-01	-1.321159895568752851e-01	2.397695518013030491e-01	-4.771116974633635155e-01	2.770255384922707398e-01	-1.273623499917991009e-01	1.203303641459186057e-01	-1.894759396489309466e-01	2.093625869703142073e-01	-1.840619698726926046e-01	9.327502137450398301e-02	-7.355143393701034371e-02	2.222912065058662845e-01	-1.636457184824252065e-01	1.479910477154945392e-01	-7.683103225141474368e-02	7.209570199288053982e-02
1.496614355396695129e-01	-7.909541423268300064e-02	6.737394667054820430e-02	-6.208899950847377586e-02	6.371234230555736233e-02	-1.082232172850313701e-01	1.238917183816326956e-01	-1.044511209511143623e-01	9.163403410895210044e-02	-1.076908351143093523e-01	1.641478473899148915e-01	-1.121592389109771215e-01	1.137189634836841545e-01	-1.516433940689298210e-01	1.182646154063927146e-01	-2.056462897210908081e-01	2.265530898099901713e-01	-2.052388218219481364e-01	1.587289390371615372e-01	-1.669675747766565521e-01	2.308875417568130584e-01	-4.789423980219586485e-01	9.999999999999981126e-01	-2.580734198198357809e-01	1.845760909791844262e-01	-2.307510180236835851e-01	3.106033030354757307e-01	-6.115105300169710878e-01	1.856561193231578699e-01	-1.765196318114381768e-01	1.791536576818868465e-01	-2.308584902731539157e-01	2.183202202138247172e-01	-1.317533934403535834e-01	1.017384079619101100e-01	-2.591015332382733405e-01	1.771797611658308680e-01	-1.883808979529206784e-01	1.020366155812230391e-01	-9.874242565751785439e-02
-1.402949460608442223e-01	6.886461998920580252e-02	-6.098550246805096997e-02	5.892201272985053001e-02	-6.294799094645445181e-02	9.101724018069363986e-02	-1.097473765775911630e-01	9.114915911519319569e-02	-9.377601893414069800e-02	1.045131021356589945e-01	-1.363763973725802270e-01	9.105506021470535782e-02	-1.029949355583985315e-01	1.620770079338516301e-01	-1.685512222252142089e-01	1.160591331428556389e-01	-1.416789277614907139e-01	1.696309047480240861e-01	-2.255221833827981137e-01	2.286318205095818623e-01	-1.213627262797560280e-01	1.442767987854921552e-01	-2.580734198198357809e-01	1.000000000000000000e+00	-7.272591778330533829e-01	1.119096406051397485e-01	-1.474710769867755011e-01	1.722275001164124963e-01	-4.263612078763359126e-01	2.613941487391593932e-01	-9.570077095317096327e-02	1.101553424790286534e-01	-1.133937314562614429e-01	1.722706651938490929e-01	-1.438434207932831055e-01	1.322666872250882197e-01	-9.691092648430138512e-02	9.512951468671065891e-02	-1.273042654535801732e-01	1.190058766122417677e-01
1.342037631634486750e-01	-7.011589936718159999e-02	6.175447817390323363e-02	-6.238901755767119195e-02	6.578875747342735614e-02	-8.822225824621671153e-02	1.061776338712662193e-01	-9.369559575055708134e-02	1.010490362074047827e-01	-1.172216347545570886e-01	1.303019876125590393e-01	-8.907486935058972488e-02	1.030524273773601174e-01	-1.900164616029540177e-01	1.893756300036636975e-01	-1.114506412634303084e-01	1.318052071837659545e-01	-1.736216051872516153e-01	1.970293075735374544e-01	-3.813641019099744400e-01	1.126898727490952823e-01	-1.321159895568752851e-01	1.845760909791844262e-01	-7.272591778330533829e-01	9.999999999999967804e-01	-1.089829619366555202e-01	1.314883322377840835e-01	-1.541924627749683419e-01	2.672238000239191003e-01	-3.402425978545932095e-01	9.189207555074287159e-02	-1.045550631918519130e-01	1.046597988248867267e-01	-1.799524710298459063e-01	1.482063166155522249e-01	-1.320269513841840214e-01	9.181543677744746779e-02	-9.173355748272168930e-02	1.248225222574317200e-01	-1.296791475849488617e-01
-1.673678658652598128e-01	7.499352237411742450e-02	-6.470191695937554943e-02	5.510574845367954139e-02	-5.733758161385313357e-02	1.160715354573046282e-01	-1.343554374072895574e-01	9.637182686487995309e-02	-7.814885996951227709e-02	8.935448342726574900e-02	-1.940046141831113791e-01	1.164717170564520260e-01	-1.093100221237162106e-01	1.158945728553690963e-01	-8.915583056203957302e-02	2.297099557296310435e-01	-2.360314339152922158e-01	1.510531606488874634e-01	-1.237420312289362750e-01	1.166134460395170935e-01	-5.215158809598168244e-01	2.397695518013030491e-01	-2.307510180236835851e-01	1.119096406051397485e-01	-1.089829619366555202e-01	9.999999999999967804e-01	-2.602409858467600312e-01	1.823629863147681329e-01	-1.047874347095625741e-01	1.013647947834197122e-01	-6.210579105108104958e-01	2.121044796970905921e-01	-1.793081449270403360e-01	8.177322450744421711e-02	-6.509057600310308445e-02	2.980521863195463861e-01	-1.853299223940771401e-01	1.484876198096826139e-01	-7.138149702719140399e-02	6.513747930187267776e-02
1.382598942974504752e-01	-7.130628844756671525e-02	6.060851829430930621e-02	-5.487641552635917630e-02	5.625933296915937992e-02	-1.004412304028174663e-01	1.143037381339276903e-01	-9.341749927148397525e-02	7.968310538037788604e-02	-9.364273842239249912e-02	1.540908908628335072e-01	-1.036751127755603380e-01	1.017456772408752291e-01	-1.279377863568827156e-01	9.747606890678035818e-02	-1.995572735127369990e-01	2.178430364541501518e-01	-1.683761366180160368e-01	1.305571076507788253e-01	-1.342388633130890407e-01	2.360452809490226622e-01	-4.771116974633635155e-01	3.106033030354757307e-01	-1.474710769867755011e-01	1.314883322377840835e-01	-2.602409858467600312e-01	9.999999999999936717e-01	-5.351549645512608810e-01	1.478498079882228367e-01	-1.428861074602129633e-01	2.093178833927322180e-01	-4.416370493909131389e-01	2.604613519127381704e-01	-1.139091289806791057e-01	8.710823365158727738e-02	-2.774481434959452097e-01	2.218874484941635861e-01	-2.171748579206603802e-01	9.171264578710387749e-02	-8.679829707572725428e-02
-1.294031411506365303e-01	6.372150453838923423e-02	-5.481907525819656318e-02	4.950195583037452635e-02	-5.138441156773070756e-02	9.025755709692831474e-02	-1.048434100889971687e-01	8.317457413381117159e-02	-7.260337854542782410e-02	8.386348043498799421e-02	-1.397991533893190308e-01	9.189629353533358691e-02	-9.241615913378659064e-02	1.155724965153825806e-01	-9.356286343652642223e-02	1.579431796601008520e-01	-1.884188743955888534e-01	1.478504980880097353e-01	-1.253807193074734372e-01	1.264762840376192632e-01	-1.955647686941037466e-01	2.770255384922707398e-01	-6.115105300169710878e-01	1.722275001164124963e-01	-1.541924627749683419e-01	1.823629863147681329e-01	-5.351549645512608810e-01	9.999999999999936717e-01	-2.152441878535170661e-01	1.596830805610184867e-01	-1.661587710435278309e-01	2.560961316769276297e-01	-3.561466238422613118e-01	1.265718274745908922e-01	-9.800408040448906066e-02	2.104221729779958139e-01	-2.034822126358546979e-01	2.018049998529143352e-01	-9.993857599733876884e-02	9.157630845606137826e-02
1.120347925914643578e-01	-5.552746106754529593e-02	4.848174913239255285e-02	-4.634192400895736225e-02	4.881753288710229816e-02	-7.382006501735662030e-02	8.768138807100334109e-02	-7.270999902014763094e-02	7.107260117582117620e-02	-8.160596199474434709e-02	1.100011204198927534e-01	-7.352584054141841907e-02	8.041981436271933292e-02	-1.206210196412138558e-01	1.096765635399753747e-01	-9.929076738915970646e-02	1.160844231898391504e-01	-1.287519695959042088e-01	1.329356689610771691e-01	-1.566195460197248590e-01	1.068766602927637838e-01	-1.273623499917991009e-01	1.856561193231578699e-01	-4.263612078763359126e-01	2.672238000239191003e-01	-1.047874347095625741e-01	1.478498079882228367e-01	-2.152441878535170661e-01	9.999999999999936717e-01	-6.448438102870073241e-01	9.211135405053910707e-02	-1.172486554302938772e-01	1.270716075228124908e-01	-4.252163407182180110e-01	2.657651443110824463e-01	-1.294054220269940381e-01	1.024913346999027641e-01	-1.070704752231308732e-01	2.109741238590008838e-01	-2.168711399594231426e-01
-1.268843606055015949e-01	5.912967462134034735e-02	-5.214745106676166309e-02	4.903320128688849061e-02	-5.240792215944499455e-02	8.097276601714792355e-02	-9.699755988980764132e-02	7.654490608560800269e-02	-7.496523199407618965e-02	8.419752570744414022e-02	-1.211357441148016995e-01	7.921984675286329602e-02	-8.615631895862675693e-02	1.212259882390958193e-01	-1.193551263811382657e-01	1.003428746681132161e-01	-1.201590464184615070e-01	1.259927977678240163e-01	-1.366967657386303214e-01	1.574999251096687036e-01	-1.081121323967499936e-01	1.203303641459186057e-01	-1.765196318114381768e-01	2.613941487391593932e-01	-3.402425978545932095e-01	1.013647947834197122e-01	-1.428861074602129633e-01	1.596830805610184867e-01	-6.448438102870073241e-01	9.999999999999951150e-01	-9.116596745006408375e-02	1.100189307439531083e-01	-1.218515310542102881e-01	2.981115736260508409e-01	-4.657956203646351767e-01	1.238214534678474255e-01	-1.022950599011785699e-01	1.018292420760771311e-01	-2.585726068794210741e-01	2.284775292683553505e-01
1.305370969272783288e-01	-6.086249625895812088e-02	5.215616139019894210e-02	-4.546616977864639114e-02	4.707517365155718114e-02	-9.098999869848463373e-02	1.040356066579204986e-01	-7.820053983454264279e-02	6.456835401299647337e-02	-7.481288088938577163e-02	1.432881782017868810e-01	-9.062495192771198582e-02	8.675053642420292588e-02	-9.787115682966754382e-02	7.463664990115381759e-02	-1.733875376459191597e-01	1.676409970522017012e-01	-1.243036650424921008e-01	1.002728519358760256e-01	-9.935866643301044521e-02	2.455140187391907924e-01	-1.894759396489309466e-01	1.791536576818868465e-01	-9.570077095317096327e-02	9.189207555074287159e-02	-6.210579105108104958e-01	2.093178833927322180e-01	-1.661587710435278309e-01	9.211135405053910707e-02	-9.116596745006408375e-02	9.999999999999937828e-01	-3.100278556207488601e-01	1.906421573950317361e-01	-7.629920531638714754e-02	5.972698429076706006e-02	-5.978630063960161944e-01	2.147476364224861212e-01	-1.762466890623007321e-01	6.711185068452707458e-02	-6.130503948721512802e-02
-1.212255171717643715e-01	5.735922430109264419e-02	-4.930580965881634775e-02	4.365112209834050294e-02	-4.529737276200336560e-02	8.345709588604076357e-02	-9.668770469428862591e-02	7.402449929499996251e-02	-6.278676206319429298e-02	7.263503187913003534e-02	-1.302386070087266645e-01	8.365121299245256714e-02	-8.231699494123284611e-02	9.701098362529785024e-02	-7.585377900409506768e-02	1.430004232337140357e-01	-1.635363446664506448e-01	1.224405773082197502e-01	-1.013406147117652395e-01	1.014878511292995888e-01	-1.899511124283264629e-01	2.093625869703142073e-01	-2.308584902731539157e-01	1.101553424790286534e-01	-1.045550631918519130e-01	2.121044796970905921e-01	-4.416370493909131389e-01	2.560961316769276297e-01	-1.172486554302938772e-01	1.100189307439531083e-01	-3.100278556207488601e-01	9.999999999999950040e-01	-5.539584733271495365e-01	1.020124564480858476e-01	-7.789071057466233350e-02	2.730562608854876783e-01	-4.883132587658476909e-01	3.030732681383059290e-01	-8.989915878225554491e-02	7.833185670229571296e-02
1.082494892709383733e-01	-5.301592094459389726e-02	4.540041630410617673e-02	-4.097347736092721987e-02	4.235820909209372931e-02	-7.500398091539670076e-02	8.654050324677285688e-02	-6.861717865633711055e-02	5.929093599571055168e-02	-6.922021341484138612e-02	1.147209779743442182e-01	-7.524231654304171235e-02	7.532091379803014519e-02	-9.366415348542324326e-02	7.321599802105252519e-02	-1.258961115103884032e-01	1.389472723466294302e-01	-1.157642161714312196e-01	9.548920355138387772e-02	-9.970512360473175739e-02	1.536217652456939586e-01	-1.840619698726926046e-01	2.183202202138247172e-01	-1.133937314562614429e-01	1.046597988248867267e-01	-1.793081449270403360e-01	2.604613519127381704e-01	-3.561466238422613118e-01	1.270716075228124908e-01	-1.218515310542102881e-01	1.906421573950317361e-01	-5.539584733271495365e-01	9.999999999999946709e-01	-1.315458028184679773e-01	9.080841999019215183e-02	-2.601877728577677851e-01	3.155262672298646542e-01	-5.964344821144338393e-01	1.065634361924396450e-01	-9.321771379510684907e-02
-9.135584565288237813e-02	4.298514033661293005e-02	-3.765951905805907385e-02	3.518823502671383080e-02	-3.733410246843227309e-02	5.899855619907486137e-02	-7.020317244219255459e-02	5.555500601447212888e-02	-5.307314415554011122e-02	6.025933138151694235e-02	-8.833561348740417984e-02	5.784165240078736198e-02	-6.207133481794181035e-02	8.553685881618086628e-02	-7.922329268402138192e-02	7.625180110701101910e-02	-8.995999815843853942e-02	9.142066461480941042e-02	-9.394887552542871556e-02	1.053857480125509755e-01	-8.407077793986965364e-02	9.327502137450398301e-02	-1.317533934403535834e-01	1.722706651938490929e-01	-1.799524710298459063e-01	8.177322450744421711e-02	-1.139091289806791057e-01	1.265718274745908922e-01	-4.252163407182180110e-01	2.981115736260508409e-01	-7.629920531638714754e-02	1.020124564480858476e-01	-1.315458028184679773e-01	9.999999999999942268e-01	-6.037397217917014336e-01	1.043066489608961978e-01	-9.726725439207400958e-02	1.065363528254609782e-01	-5.183481296516754266e-01	3.109863909189316544e-01
7.291132934878701011e-02	-3.480485919066510225e-02	3.044633707114329652e-02	-2.868591662056118458e-02	3.035965190956697868e-02	-4.722836734245145635e-02	5.616533348771692719e-02	-4.506886724868804095e-02	4.338687788367734388e-02	-4.955337195799764533e-02	7.042861962128979525e-02	-4.638762246364146885e-02	5.009807490157101167e-02	-7.086744121222898762e-02	6.499631831287012995e-02	-6.082433003071562733e-02	7.131858950696429167e-02	-7.470841377864581578e-02	7.614222289972689961e-02	-8.880954019495192198e-02	6.626086612085971272e-02	-7.355143393701034371e-02	1.017384079619101100e-01	-1.438434207932831055e-01	1.482063166155522249e-01	-6.509057600310308445e-02	8.710823365158727738e-02	-9.800408040448906066e-02	2.657651443110824463e-01	-4.657956203646351767e-01	5.972698429076706006e-02	-7.789071057466233350e-02	9.080841999019215183e-02	-6.037397217917014336e-01	9.999999999999947820e-01	-8.337646451358983468e-02	7.320634952578464194e-02	-8.034359587333869679e-02	3.133063890370402227e-01	-5.338060828608752750e-01
-2.156118881951161470e-01	9.009327794837283798e-02	-7.844823977772316659e-02	6.641905631809863486e-02	-6.992732760918017598e-02	1.388918115092946937e-01	-1.632369522030669706e-01	1.135099853770150380e-01	-9.313692563782687006e-02	1.056396274451862349e-01	-2.194678316261174933e-01	1.337079685015280794e-01	-1.294025664785636576e-01	1.348610044025560506e-01	-1.056313939953375941e-01	2.008377515996207230e-01	-2.292872308716380481e-01	1.670939417523266968e-01	-1.420932004671630611e-01	1.362271339244829349e-01	-2.914496389982244584e-01	2.222912065058662845e-01	-2.591015332382733405e-01	1.322666872250882197e-01	-1.320269513841840214e-01	2.980521863195463861e-01	-2.774481434959452097e-01	2.104221729779958139e-01	-1.294054220269940381e-01	1.238214534678474255e-01	-5.978630063960161944e-01	2.730562608854876783e-01	-2.601877728577677851e-01	1.043066489608961978e-01	-8.337646451358983468e-02	9.999999999999938938e-01	-3.921266618578420626e-01	2.291680711674143889e-01	-9.586903368639211609e-02	8.443194587131774842e-02
1.089663631587294013e-01	-5.189486151781763645e-02	4.450384531070765426e-02	-3.970517598894664213e-02	4.111576279893344732e-02	-7.456461544271589248e-02	8.615883188435939644e-02	-6.675612064252001154e-02	5.695428770895355486e-02	-6.635361872901278379e-02	1.145700767353019095e-01	-7.410786598576465933e-02	7.356535967780346297e-02	-8.845499187417342479e-02	6.845076894920293364e-02	-1.219887849880652436e-01	1.334875599350532904e-01	-1.088735250509528379e-01	8.957685406274591700e-02	-9.236247103207456677e-02	1.533780907950943739e-01	-1.636457184824252065e-01	1.771797611658308680e-01	-9.691092648430138512e-02	9.181543677744746779e-02	-1.853299223940771401e-01	2.218874484941635861e-01	-2.034822126358546979e-01	1.024913346999027641e-01	-1.022950599011785699e-01	2.147476364224861212e-01	-4.883132587658476909e-01	3.155262672298646542e-01	-9.726725439207400958e-02	7.320634952578464194e-02	-3.921266618578420626e-01	9.999999999999935607e-01	-6.638333167644421273e-01	9.330367929658170412e-02	-8.261935608869452885e-02
-1.037481047455084682e-01	4.803419495941877587e-02	-4.143151407951592424e-02	3.669590437735777144e-02	-3.823787685072480014e-02	6.981531062413208477e-02	-8.130708237256653592e-02	6.164788051055745954e-02	-5.273533360584773538e-02	6.083534195564221925e-02	-1.079551790185532545e-01	6.906242094909319229e-02	-6.868454249451677596e-02	8.107653409136114653e-02	-6.426110399687343100e-02	1.098338995555483699e-01	-1.254368840073690483e-01	9.963951156718611757e-02	-8.440882382392900229e-02	8.559599450158381084e-02	-1.401751652694161465e-01	1.479910477154945392e-01	-1.883808979529206784e-01	9.512951468671065891e-02	-9.173355748272168930e-02	1.484876198096826139e-01	-2.171748579206603802e-01	2.018049998529143352e-01	-1.070704752231308732e-01	1.018292420760771311e-01	-1.762466890623007321e-01	3.030732681383059290e-01	-5.964344821144338393e-01	1.065363528254609782e-01	-8.034359587333869679e-02	2.291680711674143889e-01	-6.638333167644421273e-01	9.999999999999940048e-01	-1.171752910792743380e-01	9.051766301104879897e-02
7.405648452191061770e-02	-3.568058645838735610e-02	3.104097684529833270e-02	-2.915328102616236011e-02	3.067315909264460572e-02	-4.839372016143296540e-02	5.722367278578434358e-02	-4.610207106919222975e-02	4.361180615736555410e-02	-5.027430240876285678e-02	7.204950286919853397e-02	-4.753949379078803439e-02	5.087460698286990629e-02	-7.090084131757794228e-02	6.229367098843714701e-02	-6.373470711076736905e-02	7.367645918337192845e-02	-7.576942334975232674e-02	7.389851752526441220e-02	-8.523547763040968672e-02	7.040866123217413841e-02	-7.683103225141474368e-02	1.020366155812230391e-01	-1.273042654535801732e-01	1.248225222574317200e-01	-7.138149702719140399e-02	9.171264578710387749e-02	-9.993857599733876884e-02	2.109741238590008838e-01	-2.585726068794210741e-01	6.711185068452707458e-02	-8.989915878225554491e-02	1.065634361924396450e-01	-5.183481296516754266e-01	3.133063890370402227e-01	-9.586903368639211609e-02	9.330367929658170412e-02	-1.171752910792743380e-01	9.999999999999940048e-01	-7.415352555168632787e-01
