1.000000000000000000e+00	-5.966424627862273455e-01	2.703837595515826697e-01	-1.085608115802236123e-01	8.177188140991591137e-02	-6.041465228940871013e-01	3.239007395611711582e-01	-2.947409719681545748e-01	1.690162245053210555e-01	-1.440261310396280803e-01	1.729111491222199426e-01	-1.854128018365588382e-01	1.419291997859847554e-01	-1.269228974932661569e-01	1.083559495927809563e-01	-1.604784644977430563e-01	1.283473968407102539e-01	-1.486037493881016969e-01	9.808562107042270717e-02	-1.059425641023112735e-01	8.684643923215380756e-02	-8.642203510820767320e-02	7.529891526809889823e-02	-6.758044796000821364e-02	6.643037201644683143e-02	-8.270646750798459068e-02	7.253335773560538879e-02	-7.673765125965351097e-02	5.984865240284238663e-02	-5.096119439773619947e-02	5.010097312133346414e-02	-5.433793927960296755e-02	4.726688237821505267e-02	-3.863068316659356433e-02	3.509612814304258199e-02	-3.897283259788975746e-02	4.132755555830670835e-02	-5.635976599633013562e-02	2.260847345090453639e-02	-2.387306344888439139e-02
-5.966424627862273455e-01	1.000000000000000000e+00	-5.088072121086330002e-01	9.372383397277891937e-02	-7.249768797720403113e-02	3.039756190967833338e-01	-5.115342391091461938e-01	2.861853458776935644e-01	-1.544336973827457604e-01	1.156067764900727407e-01	-1.199790544226852218e-01	1.318712138582027182e-01	-1.138227069438735028e-01	1.005914934080270745e-01	-8.726441403644712158e-02	1.039130904301155400e-01	-9.384588010679049963e-02	1.092787649021783047e-01	-7.582760781435486652e-02	8.026428597938817244e-02	-6.304348527104772226e-02	6.168376719215769993e-02	-5.512166349029774814e-02	4.939096549156640065e-02	-4.947206425041138222e-02	5.882241073622027083e-02	-5.258274701931465317e-02	5.537980863505492790e-02	-4.407355039035905364e-02	3.752515847751210221e-02	-3.618216646218305743e-02	3.906204584670788793e-02	-3.419133992114222614e-02	2.811869310521813298e-02	-2.565711020169556683e-02	2.800299159344477040e-02	-2.985714787439530671e-02	4.053919817372290957e-02	-1.643484175046163592e-02	1.733554758063201792e-02
2.703837595515826697e-01	-5.088072121086330002e-01	9.999999999999997780e-01	-1.737684630441901357e-01	1.216184224524518992e-01	-2.710045848434533000e-01	2.904361272527740678e-01	-6.710600392134833392e-01	2.337890894474703996e-01	-1.968706544417006821e-01	1.283117415539868911e-01	-1.640530755543107289e-01	1.605886914888682848e-01	-1.587259467596131290e-01	1.339950661755749950e-01	-1.216719040557164150e-01	1.160924745328577451e-01	-1.584740818203889956e-01	1.116514259336077314e-01	-1.231084148797809696e-01	8.101463639692300933e-02	-8.086994243409809102e-02	7.604200834420932198e-02	-7.039708912523728879e-02	7.066944341143212294e-02	-8.015853193392274978e-02	7.053379858158331794e-02	-7.756350716653000188e-02	6.191593992534204227e-02	-5.402735787872933043e-02	4.918987256697276989e-02	-5.359388088461704280e-02	4.754263748456089012e-02	-4.004510963150584302e-02	3.634645924353954727e-02	-3.852639491188576681e-02	4.087610349412920674e-02	-5.687996729059940221e-02	2.322445207378276422e-02	-2.461579826588108227e-02
-1.085608115802236123e-01	9.372383397277891937e-02	-1.737684630441901357e-01	1.000000000000000000e+00	-8.405943737178521724e-01	8.781098610742393840e-02	-9.832933900956560003e-02	1.457654236589552843e-01	-3.527629807516436955e-01	2.781488485419306711e-01	-6.814702144141825124e-02	9.039132491606549635e-02	-1.136668131282310562e-01	1.515392840438991584e-01	-1.920231303027195857e-01	6.415302288212065829e-02	-7.206508034373224070e-02	1.034948329455955413e-01	-1.072585006172304539e-01	1.100053219037042812e-01	-5.398035493808021196e-02	5.241299043260368856e-02	-5.513062672474078330e-02	5.282718838416554374e-02	-5.808504777136661718e-02	5.346735749020678496e-02	-4.884694572346456876e-02	5.461074575924810409e-02	-4.778012964590390432e-02	4.233250097669667006e-02	-3.429649826509524602e-02	3.707929084370964468e-02	-3.394709014543146469e-02	2.989922002512793858e-02	-2.752703839990329818e-02	2.669651346986811127e-02	-2.870290141842472831e-02	4.009934421207746180e-02	-1.718094739253251541e-02	1.819613772544918795e-02
8.177188140991591137e-02	-7.249768797720403113e-02	1.216184224524518992e-01	-8.405943737178521724e-01	9.999999999999995559e-01	-6.987210306789190528e-02	7.531617362650518122e-02	-1.152851262889401651e-01	2.417793604177508049e-01	-4.266115088580176851e-01	5.669022551807057636e-02	-7.811855344198941065e-02	9.666202438650760287e-02	-1.427493380108305066e-01	1.722133538890006643e-01	-5.457753515549874923e-02	6.140883044895335124e-02	-9.203474661681888824e-02	9.391079305254253218e-02	-1.036858948553057991e-01	4.577188703842960393e-02	-4.497102076993870351e-02	4.782584757505458500e-02	-4.681346911140490952e-02	5.105081251128721492e-02	-4.640922507282155274e-02	4.196889681985000592e-02	-4.798840706059762790e-02	4.168863343353222672e-02	-3.769287447107062816e-02	2.959678982383444693e-02	-3.221387347637961335e-02	2.964943673360030674e-02	-2.645153263433045951e-02	2.421435293488484117e-02	-2.321293841654767029e-02	2.485768938053403709e-02	-3.526356963298123148e-02	1.511624001882429062e-02	-1.606774805534904801e-02
-6.041465228940871013e-01	3.039756190967833338e-01	-2.710045848434533000e-01	8.781098610742393840e-02	-6.987210306789190528e-02	1.000000000000000000e+00	-6.126103586483188090e-01	2.453200523187098747e-01	-1.620682787612862386e-01	1.158829572575779260e-01	-2.651789351179945631e-01	1.835740706476472472e-01	-1.380639316736294864e-01	1.095604711393380337e-01	-9.599157379007229596e-02	1.689723029161281642e-01	-1.359328926069719445e-01	1.328188997701517660e-01	-8.816418154137879715e-02	8.993525127970701527e-02	-8.681652730933761553e-02	8.328360398463276193e-02	-6.958524446867679625e-02	5.993287686349274557e-02	-5.960100585272767176e-02	7.530458488725808031e-02	-6.856411307236376373e-02	6.868515989680101796e-02	-5.420872583314729348e-02	4.491471547464905012e-02	-4.635217583552952991e-02	4.955204529036164041e-02	-4.266183480847717674e-02	3.406570720482797465e-02	-3.125605462941245111e-02	3.538578298830314522e-02	-3.793349847300899608e-02	5.005501491186793717e-02	-2.008845671459283388e-02	2.107097836957892711e-02
3.239007395611711582e-01	-5.115342391091461938e-01	2.904361272527740678e-01	-9.832933900956560003e-02	7.531617362650518122e-02	-6.126103586483188090e-01	9.999999999999995559e-01	-4.347404009173330142e-01	1.722983573385541145e-01	-1.303932131928773330e-01	1.625959216810992647e-01	-1.872143432257351303e-01	1.383248966288561643e-01	-1.175092930004265207e-01	9.942313439607140813e-02	-1.409221848256527743e-01	1.201406689403790862e-01	-1.333286140834593625e-01	8.831761267672132154e-02	-9.304281270737878307e-02	7.720237798099506554e-02	-7.585487168144069980e-02	6.572966019148870909e-02	-5.820397549602284587e-02	5.782715504943193585e-02	-7.062377663842082931e-02	6.324996092104005763e-02	-6.584408486424085660e-02	5.188727672367928617e-02	-4.392630829034622347e-02	4.325032008428644076e-02	-4.664827255372445275e-02	4.057647952172109551e-02	-3.305040252588059557e-02	3.016125243419319479e-02	-3.338841591097081035e-02	3.560312753620953341e-02	-4.803782150138345697e-02	1.935952948771628435e-02	-2.039792440639284776e-02
-2.947409719681545748e-01	2.861853458776935644e-01	-6.710600392134833392e-01	1.457654236589552843e-01	-1.152851262889401651e-01	2.453200523187098747e-01	-4.347404009173330142e-01	9.999999999999987788e-01	-3.744767851878654796e-01	1.876194763879057426e-01	-1.296181133977884481e-01	1.597702428892207316e-01	-1.981298765319699506e-01	1.642096136237467530e-01	-1.399415945305673981e-01	1.152417828335369210e-01	-1.172559215057825260e-01	1.568207200571249960e-01	-1.143815883078872914e-01	1.189728123675810878e-01	-8.006412788145025883e-02	7.835782125635598616e-02	-7.416051983552381099e-02	6.749194393580422446e-02	-6.912567327316819499e-02	7.589716009902003346e-02	-6.850561765086757293e-02	7.388673846782543853e-02	-6.017660250350338746e-02	5.192924671748039983e-02	-4.732799846104135399e-02	5.115729920348056209e-02	-4.544458014537733348e-02	3.815244936679019344e-02	-3.488512585194609994e-02	3.670208822129363696e-02	-3.923790639671755065e-02	5.382770299447821316e-02	-2.216780550257079624e-02	2.341844388955390682e-02
1.690162245053210555e-01	-1.544336973827457604e-01	2.337890894474703996e-01	-3.527629807516436955e-01	2.417793604177508049e-01	-1.620682787612862386e-01	1.722983573385541145e-01	-3.744767851878654796e-01	9.999999999999996669e-01	-5.554338354666167321e-01	1.284799552453719518e-01	-1.874938095615713007e-01	2.202101996795148009e-01	-3.995772512911255903e-01	2.875941345686116035e-01	-1.275050743525062980e-01	1.406511367856652372e-01	-2.216268003896151029e-01	2.015213871426994596e-01	-2.313364307285183108e-01	1.033384504376408108e-01	-1.037728469652250546e-01	1.084149877204379220e-01	-1.070417883335961218e-01	1.119950655728645106e-01	-1.082615366331312196e-01	9.551018718399907625e-02	-1.113457123925111203e-01	9.302412212460881014e-02	-8.521113105575421620e-02	6.764657717601775533e-02	-7.432645824113674748e-02	6.807412355486043565e-02	-6.056744575267140190e-02	5.485127986635636443e-02	-5.361116091202004774e-02	5.690299441460525132e-02	-8.192479436519836677e-02	3.454507038459590090e-02	-3.686449190683308702e-02
-1.440261310396280803e-01	1.156067764900727407e-01	-1.968706544417006821e-01	2.781488485419306711e-01	-4.266115088580176851e-01	1.158829572575779260e-01	-1.303932131928773330e-01	1.876194763879057426e-01	-5.554338354666167321e-01	9.999999999999990008e-01	-1.005430472285259030e-01	1.365196819103577930e-01	-1.856777307409308297e-01	2.719252844154174120e-01	-5.185117326778070357e-01	9.500880110704382209e-02	-1.105234110376736301e-01	1.637363039899843165e-01	-1.894080726878193954e-01	1.946360448857468728e-01	-8.191248736776247930e-02	7.976717738244626377e-02	-8.648226730159797038e-02	8.420599463813066565e-02	-9.577181250966081139e-02	8.142585668733595683e-02	-7.499365928618975663e-02	8.496588843508531830e-02	-7.648218572589096653e-02	6.854681434184921318e-02	-5.273958227274002514e-02	5.703019708483937633e-02	-5.281255948199312794e-02	4.738278449024807548e-02	-4.380113254606316647e-02	4.105169868373120118e-02	-4.427390875338454990e-02	6.219304882236611348e-02	-2.709417496567202016e-02	2.870965235993436226e-02
1.729111491222199426e-01	-1.199790544226852218e-01	1.283117415539868911e-01	-6.814702144141825124e-02	5.669022551807057636e-02	-2.651789351179945631e-01	1.625959216810992647e-01	-1.296181133977884481e-01	1.284799552453719518e-01	-1.005430472285259030e-01	9.999999999999993339e-01	-4.945496702441695702e-01	2.023948324905198437e-01	-1.249480016317598419e-01	1.053434925418609697e-01	-7.112303390439639328e-01	2.934688250518624475e-01	-2.222016679007120521e-01	1.141661923293005032e-01	-1.109683488109540622e-01	1.625871291069297120e-01	-1.632063375980211117e-01	1.072066458502233255e-01	-8.583298710566771017e-02	8.086119039708299094e-02	-1.260826100782112824e-01	1.133257641240807828e-01	-1.050597909650841100e-01	7.723529163282594201e-02	-6.128722709787665784e-02	7.388458741978962130e-02	-7.880859570804406300e-02	6.459744093529345976e-02	-4.802886871237198319e-02	4.412160342055138768e-02	-5.564752852121567644e-02	5.943481099125756673e-02	-7.514413239557202195e-02	2.880840717975124629e-02	-2.996275209982017518e-02
-1.854128018365588382e-01	1.318712138582027182e-01	-1.640530755543107289e-01	9.039132491606549635e-02	-7.811855344198941065e-02	1.835740706476472472e-01	-1.872143432257351303e-01	1.597702428892207316e-01	-1.874938095615713007e-01	1.365196819103577930e-01	-4.945496702441695702e-01	9.999999999999990008e-01	-4.444278354420992394e-01	1.863435169378209744e-01	-1.616891120239370983e-01	3.043084181597356386e-01	-5.275449056068896025e-01	2.906032284355117845e-01	-1.676145047102995111e-01	1.501477954143293492e-01	-2.156639028743175257e-01	2.015084427305730563e-01	-1.449948385444298771e-01	1.118582500152821985e-01	-1.099917832738398077e-01	1.502298179679824597e-01	-1.521386195317339651e-01	1.333573205957374053e-01	-1.039444800999698854e-01	8.108489380016234427e-02	-9.594289889566258445e-02	9.961016170040974671e-02	-8.307701032712096201e-02	6.191512290489684101e-02	-5.774180781367826976e-02	7.015373725533653737e-02	-7.703471841165207556e-02	9.415414683888387315e-02	-3.715895624672214959e-02	3.840655492766387180e-02
1.419291997859847554e-01	-1.138227069438735028e-01	1.605886914888682848e-01	-1.136668131282310562e-01	9.666202438650760287e-02	-1.380639316736294864e-01	1.383248966288561643e-01	-1.981298765319699506e-01	2.202101996795148009e-01	-1.856777307409308297e-01	2.023948324905198437e-01	-4.444278354420992394e-01	9.999999999999986677e-01	-4.080509431892881955e-01	2.238819959290669348e-01	-2.043452527455428547e-01	2.601586799330361521e-01	-6.263610705672679746e-01	2.348935839303990525e-01	-2.241181282384222262e-01	1.487533365089728499e-01	-1.548305102221126384e-01	1.521511593122358008e-01	-1.279402186296010324e-01	1.225887123107124166e-01	-1.360865541075264307e-01	1.262688495862909765e-01	-1.437868363962250262e-01	1.088746816304054510e-01	-9.265102787729988243e-02	8.464209912359545174e-02	-9.240095034995537970e-02	8.227549600187644696e-02	-6.728547405494596234e-02	6.151358593307652139e-02	-6.560699897195812480e-02	7.024041532663877208e-02	-9.697030188593330768e-02	3.908581220858339811e-02	-4.121475266827152872e-02
-1.269228974932661569e-01	1.005914934080270745e-01	-1.587259467596131290e-01	1.515392840438991584e-01	-1.427493380108305066e-01	1.095604711393380337e-01	-1.175092930004265207e-01	1.642096136237467530e-01	-3.995772512911255903e-01	2.719252844154174120e-01	-1.249480016317598419e-01	1.863435169378209744e-01	-4.080509431892881955e-01	9.999999999999981126e-01	-6.073567013794782810e-01	1.187435270148628069e-01	-1.502810220789860818e-01	2.502742450039094346e-01	-3.897042952935337867e-01	2.745406394237271952e-01	-1.015738544832582718e-01	1.002966101310287517e-01	-1.092882546862615906e-01	1.053013569734635585e-01	-1.193541204943876638e-01	9.766831686399123080e-02	-9.113627535543597502e-02	1.047526196896735318e-01	-9.306416598066380441e-02	8.533760344956775601e-02	-6.294507424988546318e-02	6.839368023300208821e-02	-6.349998119741358249e-02	5.738800914853930957e-02	-5.294699289685854404e-02	4.895491472402783983e-02	-5.284548321347600636e-02	7.465299069643993590e-02	-3.256802661410107547e-02	3.457400452363613985e-02
1.083559495927809563e-01	-8.726441403644712158e-02	1.339950661755749950e-01	-1.920231303027195857e-01	1.722133538890006643e-01	-9.599157379007229596e-02	9.942313439607140813e-02	-1.399415945305673981e-01	2.875941345686116035e-01	-5.185117326778070357e-01	1.053434925418609697e-01	-1.616891120239370983e-01	2.238819959290669348e-01	-6.073567013794782810e-01	9.999999999999985567e-01	-1.050709545946124784e-01	1.264012202118317274e-01	-2.185033898769395133e-01	2.641314107885371354e-01	-3.817021051890858163e-01	9.078418323900561138e-02	-9.127387546181550682e-02	1.018543387432143121e-01	-1.066223287990545471e-01	1.227376302289098359e-01	-9.298768443519735138e-02	8.467473111708333222e-02	-1.019363590359066152e-01	9.145946649597526401e-02	-8.992191138092817115e-02	5.930790281076193243e-02	-6.533321379332450440e-02	6.166549591672120662e-02	-5.838306650366687639e-02	5.321930794434936302e-02	-4.686343916900627404e-02	5.021166739745341195e-02	-7.353879836650256685e-02	3.254052993998034909e-02	-3.487943654115086695e-02
-1.604784644977430563e-01	1.039130904301155400e-01	-1.216719040557164150e-01	6.415302288212065829e-02	-5.457753515549874923e-02	1.689723029161281642e-01	-1.409221848256527743e-01	1.152417828335369210e-01	-1.275050743525062980e-01	9.500880110704382209e-02	-7.112303390439639328e-01	3.043084181597356386e-01	-2.043452527455428547e-01	1.187435270148628069e-01	-1.050709545946124784e-01	9.999999999999984457e-01	-5.064700393409835577e-01	2.114836915398325135e-01	-1.161959576507468200e-01	1.065426158701066328e-01	-2.286437233485251741e-01	1.938872761202094230e-01	-1.170781960465583915e-01	8.854335979168560800e-02	-8.438496858566145453e-02	1.369170902218882768e-01	-1.319266758819046537e-01	1.099362544878982884e-01	-8.190182044906713088e-02	6.293547062909957135e-02	-8.226724302352610152e-02	8.562972403470653360e-02	-6.891828095652119401e-02	4.939861237962670654e-02	-4.589939432752776494e-02	6.002808500444756223e-02	-6.529010256527097156e-02	7.823008298360614732e-02	-2.994234271498547040e-02	3.084742947326257756e-02
1.283473968407102539e-01	-9.384588010679049963e-02	1.160924745328577451e-01	-7.206508034373224070e-02	6.140883044895335124e-02	-1.359328926069719445e-01	1.201406689403790862e-01	-1.172559215057825260e-01	1.406511367856652372e-01	-1.105234110376736301e-01	2.934688250518624475e-01	-5.275449056068896025e-01	2.601586799330361521e-01	-1.502810220789860818e-01	1.264012202118317274e-01	-5.064700393409835577e-01	9.999999999999992228e-01	-4.182384992863144579e-01	1.521134592396475582e-01	-1.413333507251141596e-01	2.370609493065994611e-01	-3.572150702196896788e-01	1.547808453417408026e-01	-1.163236138068181880e-01	1.058375884568520942e-01	-1.711354634981693268e-01	1.671621430947953513e-01	-1.466221650984818048e-01	1.028442796039599760e-01	-7.999478680529913122e-02	1.007904408362691878e-01	-1.089275230604869471e-01	8.702363535978090148e-02	-6.238399312370294242e-02	5.749373804852440928e-02	-7.524467653214222951e-02	8.079786738478916819e-02	-9.993545049477499387e-02	3.755288904094104124e-02	-3.885299071816665506e-02
-1.486037493881016969e-01	1.092787649021783047e-01	-1.584740818203889956e-01	1.034948329455955413e-01	-9.203474661681888824e-02	1.328188997701517660e-01	-1.333286140834593625e-01	1.568207200571249960e-01	-2.216268003896151029e-01	1.637363039899843165e-01	-2.222016679007120521e-01	2.906032284355117845e-01	-6.263610705672679746e-01	2.502742450039094346e-01	-2.185033898769395133e-01	2.114836915398325135e-01	-4.182384992863144579e-01	9.999999999999995559e-01	-3.436154306054969299e-01	2.273053111691802630e-01	-1.868062648374672619e-01	1.850126647166097371e-01	-2.224799650514994731e-01	1.485904137238888145e-01	-1.444399780655391541e-01	1.515279326455577502e-01	-1.536254495444063506e-01	1.667490565264226066e-01	-1.309029299284765746e-01	1.042083415703432270e-01	-9.870692722950771825e-02	1.054557083820971269e-01	-9.424514075230984445e-02	7.484153583911552776e-02	-7.000166495875530248e-02	7.420192088155444510e-02	-8.139508734607250884e-02	1.073576797644360814e-01	-4.390171265514614118e-02	4.573230362095767609e-02
9.808562107042270717e-02	-7.582760781435486652e-02	1.116514259336077314e-01	-1.072585006172304539e-01	9.391079305254253218e-02	-8.816418154137879715e-02	8.831761267672132154e-02	-1.143815883078872914e-01	2.015213871426994596e-01	-1.894080726878193954e-01	1.141661923293005032e-01	-1.676145047102995111e-01	2.348935839303990525e-01	-3.897042952935337867e-01	2.641314107885371354e-01	-1.161959576507468200e-01	1.521134592396475582e-01	-3.436154306054969299e-01	9.999999999999995559e-01	-7.466493955861395193e-01	1.071588090858883874e-01	-1.094596127043582084e-01	1.325081681095387764e-01	-1.524553758971985973e-01	1.786387504850024399e-01	-1.105514102158529216e-01	1.024898664357302286e-01	-1.304867548676319489e-01	1.238697764408511620e-01	-1.322511095432073180e-01	7.124948567677417965e-02	-7.935863035976614688e-02	7.756042783999161916e-02	-7.914737201975774461e-02	7.182151419224080957e-02	-5.658661467381258248e-02	6.091674500509693113e-02	-9.237391874565392680e-02	4.280797528471007307e-02	-4.632236670529667893e-02
-1.059425641023112735e-01	8.026428597938817244e-02	-1.231084148797809696e-01	1.100053219037042812e-01	-1.036858948553057991e-01	8.993525127970701527e-02	-9.304281270737878307e-02	1.189728123675810878e-01	-2.313364307285183108e-01	1.946360448857468728e-01	-1.109683488109540622e-01	1.501477954143293492e-01	-2.241181282384222262e-01	2.745406394237271952e-01	-3.817021051890858163e-01	1.065426158701066328e-01	-1.413333507251141596e-01	2.273053111691802630e-01	-7.466493955861395193e-01	9.999999999999987788e-01	-1.061507736575732774e-01	1.042691293095329153e-01	-1.341436248153712041e-01	1.550937971040064201e-01	-2.703172470619675249e-01	1.072389557060954984e-01	-1.026349155905196958e-01	1.276176650865770146e-01	-1.408423621809458681e-01	1.469843278103210027e-01	-7.139529281320072807e-02	7.866391353115850804e-02	-7.861367341972158584e-02	8.309898358848873123e-02	-7.874642800488404482e-02	5.609166970276315001e-02	-6.125699106075011002e-02	9.142229756602829327e-02	-4.517652143887100624e-02	4.833490169654038049e-02
8.684643923215380756e-02	-6.304348527104772226e-02	8.101463639692300933e-02	-5.398035493808021196e-02	4.577188703842960393e-02	-8.681652730933761553e-02	7.720237798099506554e-02	-8.006412788145025883e-02	1.033384504376408108e-01	-8.191248736776247930e-02	1.625871291069297120e-01	-2.156639028743175257e-01	1.487533365089728499e-01	-1.015738544832582718e-01	9.078418323900561138e-02	-2.286437233485251741e-01	2.370609493065994611e-01	-1.868062648374672619e-01	1.071588090858883874e-01	-1.061507736575732774e-01	9.999999999999992228e-01	-7.059548158500696946e-01	1.928736002790542303e-01	-1.401194788700209914e-01	1.184757952986560531e-01	-4.727504161442057651e-01	2.787982151500320027e-01	-2.041799339087419785e-01	1.262605615447459362e-01	-9.197395367142713329e-02	1.832814238954796338e-01	-1.925529765801254345e-01	1.299778705650432575e-01	-7.988696548699712741e-02	7.302654540629513469e-02	-1.341350203750322212e-01	1.350694204232729678e-01	-1.511476707932661867e-01	5.027420823321471222e-02	-5.119861214033562258e-02
-8.642203510820767320e-02	6.168376719215769993e-02	-8.086994243409809102e-02	5.241299043260368856e-02	-4.497102076993870351e-02	8.328360398463276193e-02	-7.585487168144069980e-02	7.835782125635598616e-02	-1.037728469652250546e-01	7.976717738244626377e-02	-1.632063375980211117e-01	2.015084427305730563e-01	-1.548305102221126384e-01	1.002966101310287517e-01	-9.127387546181550682e-02	1.938872761202094230e-01	-3.572150702196896788e-01	1.850126647166097371e-01	-1.094596127043582084e-01	1.042691293095329153e-01	-7.059548158500696946e-01	9.999999999999984457e-01	-2.504868645909262836e-01	1.442843249404299755e-01	-1.239942735661015011e-01	2.810657297931385967e-01	-3.976941985531635693e-01	2.079787972923625439e-01	-1.340186142481316067e-01	9.318816134046838118e-02	-1.684974041305390136e-01	1.794370471401414424e-01	-1.274887250324659160e-01	7.742901121249927410e-02	-7.220191953238129512e-02	1.164546032125979569e-01	-1.304861434711984680e-01	1.380383214213022347e-01	-4.836721787595292532e-02	4.871114543696077048e-02
7.529891526809889823e-02	-5.512166349029774814e-02	7.604200834420932198e-02	-5.513062672474078330e-02	4.782584757505458500e-02	-6.958524446867679625e-02	6.572966019148870909e-02	-7.416051983552381099e-02	1.084149877204379220e-01	-8.648226730159797038e-02	1.072066458502233255e-01	-1.449948385444298771e-01	1.521511593122358008e-01	-1.092882546862615906e-01	1.018543387432143121e-01	-1.170781960465583915e-01	1.547808453417408026e-01	-2.224799650514994731e-01	1.325081681095387764e-01	-1.341436248153712041e-01	1.928736002790542303e-01	-2.504868645909262836e-01	9.999999999999993339e-01	-5.091056847753853143e-01	2.212339498171493057e-01	-2.313452421348036747e-01	2.373237411998335156e-01	-6.346259922242073470e-01	2.621342201551385975e-01	-1.771830729350727107e-01	1.469762270962360062e-01	-1.804233742429591780e-01	1.940359031292841763e-01	-1.277440566817484302e-01	1.160442085583422017e-01	-1.192603659908164082e-01	1.291837806181719561e-01	-2.200600915437021243e-01	7.378834668371395122e-02	-7.670633816227631629e-02
-6.758044796000821364e-02	4.939096549156640065e-02	-7.039708912523728879e-02	5.282718838416554374e-02	-4.681346911140490952e-02	5.993287686349274557e-02	-5.820397549602284587e-02	6.749194393580422446e-02	-1.070417883335961218e-01	8.420599463813066565e-02	-8.583298710566771017e-02	1.118582500152821985e-01	-1.279402186296010324e-01	1.053013569734635585e-01	-1.066223287990545471e-01	8.854335979168560800e-02	-1.163236138068181880e-01	1.485904137238888145e-01	-1.524553758971985973e-01	1.550937971040064201e-01	-1.401194788700209914e-01	1.442843249404299755e-01	-5.091056847753853143e-01	9.999999999999977796e-01	-4.690453749414726370e-01	1.559117397771970503e-01	-1.658505604328768257e-01	2.745807116257247271e-01	-5.762915242954308459e-01	2.789455156032816241e-01	-1.086033632426903622e-01	1.250421354189575895e-01	-1.402343106490410440e-01	1.421362324914289543e-01	-1.421761153871682060e-01	8.570614453901484464e-02	-9.544728125790309659e-02	1.521289962290969799e-01	-7.616471289002302303e-02	8.027823970814643162e-02
6.643037201644683143e-02	-4.947206425041138222e-02	7.066944341143212294e-02	-5.808504777136661718e-02	5.105081251128721492e-02	-5.960100585272767176e-02	5.782715504943193585e-02	-6.912567327316819499e-02	1.119950655728645106e-01	-9.577181250966081139e-02	8.086119039708299094e-02	-1.099917832738398077e-01	1.225887123107124166e-01	-1.193541204943876638e-01	1.227376302289098359e-01	-8.438496858566145453e-02	1.058375884568520942e-01	-1.444399780655391541e-01	1.786387504850024399e-01	-2.703172470619675249e-01	1.184757952986560531e-01	-1.239942735661015011e-01	2.212339498171493057e-01	-4.690453749414726370e-01	9.999999999999983347e-01	-1.543268993913954334e-01	1.436903548403895281e-01	-2.395177973333909582e-01	3.191384118673978865e-01	-6.474685327911080535e-01	1.038137311286615877e-01	-1.236641535771543926e-01	1.415662664372137058e-01	-2.202033323170932144e-01	1.984788854301201555e-01	-8.632703813445120888e-02	9.332939494078684728e-02	-1.691470758072814440e-01	9.835980141751682337e-02	-1.124847076153039360e-01
-8.270646750798459068e-02	5.882241073622027083e-02	-8.015853193392274978e-02	5.346735749020678496e-02	-4.640922507282155274e-02	7.530458488725808031e-02	-7.062377663842082931e-02	7.589716009902003346e-02	-1.082615366331312196e-01	8.142585668733595683e-02	-1.260826100782112824e-01	1.502298179679824597e-01	-1.360865541075264307e-01	9.766831686399123080e-02	-9.298768443519735138e-02	1.369170902218882768e-01	-1.711354634981693268e-01	1.515279326455577502e-01	-1.105514102158529216e-01	1.072389557060954984e-01	-4.727504161442057651e-01	2.810657297931385967e-01	-2.313452421348036747e-01	1.559117397771970503e-01	-1.543268993913954334e-01	9.999999999999975575e-01	-5.290805834795863083e-01	2.328517851770046110e-01	-1.686269750404860157e-01	1.136574130161844554e-01	-4.575152390964193350e-01	2.807049628804552666e-01	-1.823722271734217748e-01	1.014390446814573549e-01	-9.642057671029957699e-02	2.187970434331961700e-01	-2.448056281022359393e-01	1.906162347008463209e-01	-6.580597235463338246e-02	6.450992061372134989e-02
7.253335773560538879e-02	-5.258274701931465317e-02	7.053379858158331794e-02	-4.884694572346456876e-02	4.196889681985000592e-02	-6.856411307236376373e-02	6.324996092104005763e-02	-6.850561765086757293e-02	9.551018718399907625e-02	-7.499365928618975663e-02	1.133257641240807828e-01	-1.521386195317339651e-01	1.262688495862909765e-01	-9.113627535543597502e-02	8.467473111708333222e-02	-1.319266758819046537e-01	1.671621430947953513e-01	-1.536254495444063506e-01	1.024898664357302286e-01	-1.026349155905196958e-01	2.787982151500320027e-01	-3.976941985531635693e-01	2.373237411998335156e-01	-1.658505604328768257e-01	1.436903548403895281e-01	-5.290805834795863083e-01	9.999999999999974465e-01	-3.888420742174188982e-01	1.632345080862495912e-01	-1.140093840445256940e-01	2.640849168227516475e-01	-4.664930532262085427e-01	2.108895290293703317e-01	-1.087091466964953679e-01	9.799550170498654011e-02	-2.052939444373692024e-01	2.167533845726530850e-01	-2.295559312075227953e-01	6.737022652793897559e-02	-6.737378861682857822e-02
-7.673765125965351097e-02	5.537980863505492790e-02	-7.756350716653000188e-02	5.461074575924810409e-02	-4.798840706059762790e-02	6.868515989680101796e-02	-6.584408486424085660e-02	7.388673846782543853e-02	-1.113457123925111203e-01	8.496588843508531830e-02	-1.050597909650841100e-01	1.333573205957374053e-01	-1.437868363962250262e-01	1.047526196896735318e-01	-1.019363590359066152e-01	1.099362544878982884e-01	-1.466221650984818048e-01	1.667490565264226066e-01	-1.304867548676319489e-01	1.276176650865770146e-01	-2.041799339087419785e-01	2.079787972923625439e-01	-6.346259922242073470e-01	2.745807116257247271e-01	-2.395177973333909582e-01	2.328517851770046110e-01	-3.888420742174188982e-01	9.999999999999972244e-01	-3.341525194424575518e-01	1.818697244847277961e-01	-1.783812047342251961e-01	2.149303448281710549e-01	-3.253420348933461215e-01	1.418963168662767116e-01	-1.356018264273385343e-01	1.341770541170850539e-01	-1.596982104067958264e-01	2.406197466926998652e-01	-8.434603274569868470e-02	8.321344709307400278e-02
5.984865240284238663e-02	-4.407355039035905364e-02	6.191593992534204227e-02	-4.778012964590390432e-02	4.168863343353222672e-02	-5.420872583314729348e-02	5.188727672367928617e-02	-6.017660250350338746e-02	9.302412212460881014e-02	-7.648218572589096653e-02	7.723529163282594201e-02	-1.039444800999698854e-01	1.088746816304054510e-01	-9.306416598066380441e-02	9.145946649597526401e-02	-8.190182044906713088e-02	1.028442796039599760e-01	-1.309029299284765746e-01	1.238697764408511620e-01	-1.408423621809458681e-01	1.262605615447459362e-01	-1.340186142481316067e-01	2.621342201551385975e-01	-5.762915242954308459e-01	3.191384118673978865e-01	-1.686269750404860157e-01	1.632345080862495912e-01	-3.341525194424575518e-01	9.999999999999973355e-01	-5.642228927066444966e-01	1.130424030640114624e-01	-1.367984684217803948e-01	1.569833443816681384e-01	-2.068093633573879486e-01	1.875100431497515041e-01	-9.369363485099843625e-02	1.015992995889746925e-01	-1.830889742150824673e-01	9.560456611038396779e-02	-1.070751540279142877e-01
-5.096119439773619947e-02	3.752515847751210221e-02	-5.402735787872933043e-02	4.233250097669667006e-02	-3.769287447107062816e-02	4.491471547464905012e-02	-4.392630829034622347e-02	5.192924671748039983e-02	-8.521113105575421620e-02	6.854681434184921318e-02	-6.128722709787665784e-02	8.108489380016234427e-02	-9.265102787729988243e-02	8.533760344956775601e-02	-8.992191138092817115e-02	6.293547062909957135e-02	-7.999478680529913122e-02	1.042083415703432270e-01	-1.322511095432073180e-01	1.469843278103210027e-01	-9.197395367142713329e-02	9.318816134046838118e-02	-1.771830729350727107e-01	2.789455156032816241e-01	-6.474685327911080535e-01	1.136574130161844554e-01	-1.140093840445256940e-01	1.818697244847277961e-01	-5.642228927066444966e-01	9.999999999999973355e-01	-8.193164282442882973e-02	9.650289900408016985e-02	-1.207617668716611109e-01	2.184692021358519698e-01	-3.167733853786789400e-01	6.651679630097465101e-02	-7.424825525881389998e-02	1.326044494075576674e-01	-9.967749297074689208e-02	1.086224083406163859e-01
5.010097312133346414e-02	-3.618216646218305743e-02	4.918987256697276989e-02	-3.429649826509524602e-02	2.959678982383444693e-02	-4.635217583552952991e-02	4.325032008428644076e-02	-4.732799846104135399e-02	6.764657717601775533e-02	-5.273958227274002514e-02	7.388458741978962130e-02	-9.594289889566258445e-02	8.464209912359545174e-02	-6.294507424988546318e-02	5.930790281076193243e-02	-8.226724302352610152e-02	1.007904408362691878e-01	-9.870692722950771825e-02	7.124948567677417965e-02	-7.139529281320072807e-02	1.832814238954796338e-01	-1.684974041305390136e-01	1.469762270962360062e-01	-1.086033632426903622e-01	1.038137311286615877e-01	-4.575152390964193350e-01	2.640849168227516475e-01	-1.783812047342251961e-01	1.130424030640114624e-01	-8.193164282442882973e-02	9.999999999999973355e-01	-5.035062151127871477e-01	1.937437195915908406e-01	-9.130371244397966768e-02	8.181302124117721675e-02	-5.784554982004220802e-01	3.145126753780265183e-01	-2.353507220268706845e-01	5.956733228269781022e-02	-5.879340070307448318e-02
-5.433793927960296755e-02	3.906204584670788793e-02	-5.359388088461704280e-02	3.707929084370964468e-02	-3.221387347637961335e-02	4.955204529036164041e-02	-4.664827255372445275e-02	5.115729920348056209e-02	-7.432645824113674748e-02	5.703019708483937633e-02	-7.880859570804406300e-02	9.961016170040974671e-02	-9.240095034995537970e-02	6.839368023300208821e-02	-6.533321379332450440e-02	8.562972403470653360e-02	-1.089275230604869471e-01	1.054557083820971269e-01	-7.935863035976614688e-02	7.866391353115850804e-02	-1.925529765801254345e-01	1.794370471401414424e-01	-1.804233742429591780e-01	1.250421354189575895e-01	-1.236641535771543926e-01	2.807049628804552666e-01	-4.664930532262085427e-01	2.149303448281710549e-01	-1.367984684217803948e-01	9.650289900408016985e-02	-5.035062151127871477e-01	9.999999999999987788e-01	-3.490856241940011317e-01	1.130889166125321893e-01	-1.043022941938133580e-01	2.895763440974685188e-01	-4.875822201407241652e-01	2.629139364585319494e-01	-7.131862440025574235e-02	6.784600225028772358e-02
4.726688237821505267e-02	-3.419133992114222614e-02	4.754263748456089012e-02	-3.394709014543146469e-02	2.964943673360030674e-02	-4.266183480847717674e-02	4.057647952172109551e-02	-4.544458014537733348e-02	6.807412355486043565e-02	-5.281255948199312794e-02	6.459744093529345976e-02	-8.307701032712096201e-02	8.227549600187644696e-02	-6.349998119741358249e-02	6.166549591672120662e-02	-6.891828095652119401e-02	8.702363535978090148e-02	-9.424514075230984445e-02	7.756042783999161916e-02	-7.861367341972158584e-02	1.299778705650432575e-01	-1.274887250324659160e-01	1.940359031292841763e-01	-1.402343106490410440e-01	1.415662664372137058e-01	-1.823722271734217748e-01	2.108895290293703317e-01	-3.253420348933461215e-01	1.569833443816681384e-01	-1.207617668716611109e-01	1.937437195915908406e-01	-3.490856241940011317e-01	9.999999999999975575e-01	-2.407248483309990805e-01	1.713268193723741784e-01	-1.678718540979797780e-01	2.103811755541443451e-01	-7.699800432977966791e-01	1.158936270366919680e-01	-1.097572648026768211e-01
-3.863068316659356433e-02	2.811869310521813298e-02	-4.004510963150584302e-02	2.989922002512793858e-02	-2.645153263433045951e-02	3.406570720482797465e-02	-3.305040252588059557e-02	3.815244936679019344e-02	-6.056744575267140190e-02	4.738278449024807548e-02	-4.802886871237198319e-02	6.191512290489684101e-02	-6.728547405494596234e-02	5.738800914853930957e-02	-5.838306650366687639e-02	4.939861237962670654e-02	-6.238399312370294242e-02	7.484153583911552776e-02	-7.914737201975774461e-02	8.309898358848873123e-02	-7.988696548699712741e-02	7.742901121249927410e-02	-1.277440566817484302e-01	1.421362324914289543e-01	-2.202033323170932144e-01	1.014390446814573549e-01	-1.087091466964953679e-01	1.418963168662767116e-01	-2.068093633573879486e-01	2.184692021358519698e-01	-9.130371244397966768e-02	1.130889166125321893e-01	-2.407248483309990805e-01	9.999999999999967804e-01	-8.180117016374491845e-01	7.386172719358091721e-02	-8.913931053165292939e-02	1.881607899770492975e-01	-2.891019266652025133e-01	2.248661463264697291e-01
3.509612814304258199e-02	-2.565711020169556683e-02	3.634645924353954727e-02	-2.752703839990329818e-02	2.421435293488484117e-02	-3.125605462941245111e-02	3.016125243419319479e-02	-3.488512585194609994e-02	5.485127986635636443e-02	-4.380113254606316647e-02	4.412160342055138768e-02	-5.774180781367826976e-02	6.151358593307652139e-02	-5.294699289685854404e-02	5.321930794434936302e-02	-4.589939432752776494e-02	5.749373804852440928e-02	-7.000166495875530248e-02	7.182151419224080957e-02	-7.874642800488404482e-02	7.302654540629513469e-02	-7.220191953238129512e-02	1.160442085583422017e-01	-1.421761153871682060e-01	1.984788854301201555e-01	-9.642057671029957699e-02	9.799550170498654011e-02	-1.356018264273385343e-01	1.875100431497515041e-01	-3.167733853786789400e-01	8.181302124117721675e-02	-1.043022941938133580e-01	1.713268193723741784e-01	-8.180117016374491845e-01	9.999999999999970024e-01	-6.904045548996055881e-02	8.023187679255799898e-02	-1.852714598007126345e-01	2.193103892844657510e-01	-2.863138510819038807e-01
-3.897283259788975746e-02	2.800299159344477040e-02	-3.852639491188576681e-02	2.669651346986811127e-02	-2.321293841654767029e-02	3.538578298830314522e-02	-3.338841591097081035e-02	3.670208822129363696e-02	-5.361116091202004774e-02	4.105169868373120118e-02	-5.564752852121567644e-02	7.015373725533653737e-02	-6.560699897195812480e-02	4.895491472402783983e-02	-4.686343916900627404e-02	6.002808500444756223e-02	-7.524467653214222951e-02	7.420192088155444510e-02	-5.658661467381258248e-02	5.609166970276315001e-02	-1.341350203750322212e-01	1.164546032125979569e-01	-1.192603659908164082e-01	8.570614453901484464e-02	-8.632703813445120888e-02	2.187970434331961700e-01	-2.052939444373692024e-01	1.341770541170850539e-01	-9.369363485099843625e-02	6.651679630097465101e-02	-5.784554982004220802e-01	2.895763440974685188e-01	-1.678718540979797780e-01	7.386172719358091721e-02	-6.904045548996055881e-02	9.999999999999974465e-01	-7.051598230542119872e-01	1.868603568834328876e-01	-4.972812688604068970e-02	4.740745725643724651e-02
4.132755555830670835e-02	-2.985714787439530671e-02	4.087610349412920674e-02	-2.870290141842472831e-02	2.485768938053403709e-02	-3.793349847300899608e-02	3.560312753620953341e-02	-3.923790639671755065e-02	5.690299441460525132e-02	-4.427390875338454990e-02	5.943481099125756673e-02	-7.703471841165207556e-02	7.024041532663877208e-02	-5.284548321347600636e-02	5.021166739745341195e-02	-6.529010256527097156e-02	8.079786738478916819e-02	-8.139508734607250884e-02	6.091674500509693113e-02	-6.125699106075011002e-02	1.350694204232729678e-01	-1.304861434711984680e-01	1.291837806181719561e-01	-9.544728125790309659e-02	9.332939494078684728e-02	-2.448056281022359393e-01	2.167533845726530850e-01	-1.596982104067958264e-01	1.015992995889746925e-01	-7.424825525881389998e-02	3.145126753780265183e-01	-4.875822201407241652e-01	2.103811755541443451e-01	-8.913931053165292939e-02	8.023187679255799898e-02	-7.051598230542119872e-01	9.999999999999968914e-01	-2.998352170761244828e-01	5.958459462948430263e-02	-5.758465314791234857e-02
-5.635976599633013562e-02	4.053919817372290957e-02	-5.687996729059940221e-02	4.009934421207746180e-02	-3.526356963298123148e-02	5.005501491186793717e-02	-4.803782150138345697e-02	5.382770299447821316e-02	-8.192479436519836677e-02	6.219304882236611348e-02	-7.514413239557202195e-02	9.415414683888387315e-02	-9.697030188593330768e-02	7.465299069643993590e-02	-7.353879836650256685e-02	7.823008298360614732e-02	-9.993545049477499387e-02	1.073576797644360814e-01	-9.237391874565392680e-02	9.142229756602829327e-02	-1.511476707932661867e-01	1.380383214213022347e-01	-2.200600915437021243e-01	1.521289962290969799e-01	-1.691470758072814440e-01	1.906162347008463209e-01	-2.295559312075227953e-01	2.406197466926998652e-01	-1.830889742150824673e-01	1.326044494075576674e-01	-2.353507220268706845e-01	2.629139364585319494e-01	-7.699800432977966791e-01	1.881607899770492975e-01	-1.852714598007126345e-01	1.868603568834328876e-01	-2.998352170761244828e-01	9.999999999999966693e-01	-1.460226925129134157e-01	1.214143615451608316e-01
2.260847345090453639e-02	-1.643484175046163592e-02	2.322445207378276422e-02	-1.718094739253251541e-02	1.511624001882429062e-02	-2.008845671459283388e-02	1.935952948771628435e-02	-2.216780550257079624e-02	3.454507038459590090e-02	-2.709417496567202016e-02	2.880840717975124629e-02	-3.715895624672214959e-02	3.908581220858339811e-02	-3.256802661410107547e-02	3.254052993998034909e-02	-2.994234271498547040e-02	3.755288904094104124e-02	-4.390171265514614118e-02	4.280797528471007307e-02	-4.517652143887100624e-02	5.027420823321471222e-02	-4.836721787595292532e-02	7.378834668371395122e-02	-7.616471289002302303e-02	9.835980141751682337e-02	-6.580597235463338246e-02	6.737022652793897559e-02	-8.434603274569868470e-02	9.560456611038396779e-02	-9.967749297074689208e-02	5.956733228269781022e-02	-7.131862440025574235e-02	1.158936270366919680e-01	-2.891019266652025133e-01	2.193103892844657510e-01	-4.972812688604068970e-02	5.958459462948430263e-02	-1.460226925129134157e-01	9.999999999999967804e-01	-9.131558658013465557e-01
