1.000000000000000000e+00	-4.547086459336944775e-01	1.205705754603023233e-01	-9.787605862499609843e-02	1.047515036316098436e-01	-7.856784443763198400e-01	2.196575122457808671e-01	-1.328414879194043663e-01	1.139597089278710229e-01	-8.406747938281682042e-02	2.641600431337181587e-01	-2.197185385626604370e-01	1.267015711292029112e-01	-1.343475592186060275e-01	9.993335810304117273e-02	-1.332617026915101088e-01	1.388296588829990852e-01	-1.279805815525093260e-01	8.153445054358451904e-02	-8.018274806621204787e-02	9.794061570795160876e-02	-1.039504537437547782e-01	1.110598591589094519e-01	-9.748829133783883105e-02	7.618331680829348862e-02	-6.662693506719821745e-02	5.047610754518167681e-02	-7.056520465991197866e-02	6.527680769870199129e-02	-5.574619765219597511e-02	4.350925488124829377e-02	-5.150337586947685564e-02	5.597470700673141258e-02	-5.591228650055168198e-02	7.465252698147664678e-02	-5.240071844384489030e-02	4.748002401347047041e-02	-5.886730802961591402e-02	5.975659880074474933e-02	-8.868418318564869063e-02
-4.547086459336944775e-01	1.000000000000000222e+00	-2.804589241129019084e-01	1.981765012871931353e-01	-2.349071910906552763e-01	2.734095172664997575e-01	-5.413163563786728139e-01	2.560148363627587909e-01	-2.492388583264362467e-01	1.702992984816638911e-01	-3.633290862011933631e-01	2.737996249262666937e-01	-2.290860180295603010e-01	2.217802050151292670e-01	-1.832012062800932872e-01	1.784960642828171962e-01	-2.227991018443992166e-01	2.058056974036831799e-01	-1.390212098896107529e-01	1.372047116680206735e-01	-1.540763520154218580e-01	1.555106200527795191e-01	-1.909710689635761294e-01	1.586386380388352391e-01	-1.344011649716174706e-01	1.043088188317068815e-01	-8.084268413879731885e-02	1.139085230737637566e-01	-1.121796625966992311e-01	9.572000430555224759e-02	-6.969016299444009965e-02	8.187944106983624515e-02	-9.245544058700194689e-02	9.400504058926383022e-02	-1.306493011623423017e-01	8.331284846899654484e-02	-7.720161747669541941e-02	9.515026791943771711e-02	-1.003383541358768283e-01	1.434517504206299920e-01
1.205705754603023233e-01	-2.804589241129019084e-01	1.000000000000000222e+00	-6.532799919721441473e-01	2.303855182164272486e-01	-1.179042980791126100e-01	2.433266062983799605e-01	-5.100262264090597020e-01	2.939003758971863722e-01	-2.120993572622313916e-01	1.537599206816053221e-01	-1.733431683119727451e-01	2.310464004338982913e-01	-2.571752563696699245e-01	1.563768715421847977e-01	-1.198245882625896402e-01	1.377202640095308572e-01	-2.004872918928742864e-01	1.225432720497367234e-01	-1.240091141781318601e-01	1.011051447990615332e-01	-1.099287876985813872e-01	1.411049442222726547e-01	-1.384516998216527572e-01	1.065760739023598053e-01	-8.276246456689241582e-02	6.271417313136357086e-02	-9.249234817575996415e-02	8.865653030556257252e-02	-7.763636570774162804e-02	5.491300624974716771e-02	-6.568438389308085823e-02	7.288141419715543634e-02	-7.592709503085502687e-02	1.008533029868471653e-01	-6.796132620505816735e-02	6.131661098552786821e-02	-7.785029368692507334e-02	7.991026813844565035e-02	-1.223582919655410717e-01
-9.787605862499609843e-02	1.981765012871931353e-01	-6.532799919721441473e-01	1.000000000000000666e+00	-3.826885419533024302e-01	9.276871351981498537e-02	-2.073293484810793119e-01	2.726491439832580133e-01	-5.211282165883260875e-01	2.590526039279956172e-01	-1.299329333414332710e-01	1.372860169852600787e-01	-1.934835995656736252e-01	2.042690639539191944e-01	-1.447137943649942082e-01	9.913877306407541112e-02	-1.177117801818877152e-01	1.590964897316712312e-01	-1.047694340684546949e-01	1.076770710386932145e-01	-8.620276241653396232e-02	9.219153475862928993e-02	-1.220485008997916759e-01	1.165057185300728271e-01	-9.389263150739592112e-02	6.999729666262773098e-02	-5.337818924405809962e-02	7.871239992875318781e-02	-7.712665171194683922e-02	6.752478712349706258e-02	-4.672143498602562839e-02	5.574375509589536010e-02	-6.253061987219572793e-02	6.552546408078759044e-02	-8.837252590056340895e-02	5.765276831690326065e-02	-5.238289103628348403e-02	6.633988243437502486e-02	-6.895944212823792996e-02	1.042213649855344010e-01
1.047515036316098436e-01	-2.349071910906552763e-01	2.303855182164272486e-01	-3.826885419533024302e-01	1.000000000000000666e+00	-1.021285246271211172e-01	1.846329994125343599e-01	-2.240718997304236015e-01	3.145169579928398518e-01	-7.466836444351006019e-01	1.355647485034834065e-01	-1.440885505242299747e-01	1.799094799025645619e-01	-2.376512479564126257e-01	1.831126969842902796e-01	-1.170769753037943922e-01	1.303233868059366918e-01	-1.907154358408190697e-01	1.273425406815126282e-01	-1.432428926175497164e-01	1.006089708826310575e-01	-1.086161751412293985e-01	1.421913273457973692e-01	-1.491257977253549749e-01	1.175492270637879672e-01	-9.173860832412955579e-02	6.882137098307981871e-02	-1.031814869268751489e-01	9.795192279026920801e-02	-8.691156414171999356e-02	6.099514640659894904e-02	-7.343623851182239093e-02	8.078858416632941908e-02	-8.535450307509211132e-02	1.120777683299124250e-01	-7.685336751778243380e-02	6.858414693585418442e-02	-8.820195796579777259e-02	8.984063023691898908e-02	-1.432743230618970243e-01
-7.856784443763198400e-01	2.734095172664997575e-01	-1.179042980791126100e-01	9.276871351981498537e-02	-1.021285246271211172e-01	9.999999999999996669e-01	-2.479004989523836688e-01	1.295554118773402930e-01	-1.120531961039325369e-01	8.019413669914868259e-02	-4.416059258875253413e-01	2.188004119267560610e-01	-1.254965848741971535e-01	1.247708447791963937e-01	-9.492934939627409308e-02	1.273194359931918429e-01	-1.421781483700695903e-01	1.192658182580748211e-01	-7.672590915226579211e-02	7.482282072193770228e-02	-9.692719632861630796e-02	9.918706828031620404e-02	-1.071589819296229623e-01	9.043794843690404484e-02	-7.154772474211756883e-02	6.161231118107696886e-02	-4.707607187215328420e-02	6.516231967637051148e-02	-6.094759348371433377e-02	5.195124878675901753e-02	-4.035311742108342592e-02	4.752182480473637199e-02	-5.202215630382619332e-02	5.180996074935869528e-02	-6.973623603158154993e-02	4.812326015721208466e-02	-4.394125113362386259e-02	5.413354741391431663e-02	-5.538039722839765283e-02	8.084500631768061496e-02
2.196575122457808671e-01	-5.413163563786728139e-01	2.433266062983799605e-01	-2.073293484810793119e-01	1.846329994125343599e-01	-2.479004989523836688e-01	9.999999999999996669e-01	-4.710493529751056951e-01	2.225907086597260498e-01	-1.634042860346125725e-01	2.758586070320648842e-01	-4.402612598812750133e-01	2.568040980281586227e-01	-2.608067782757150233e-01	1.714405094620636005e-01	-1.846546732229525922e-01	2.144365423268284332e-01	-2.316521178792389779e-01	1.404378847904660388e-01	-1.377406299621745100e-01	1.436041224432040575e-01	-1.595779507670902764e-01	1.780913872088066563e-01	-1.631496393582289595e-01	1.247087200774973786e-01	-1.039237610627683495e-01	7.885904570118178192e-02	-1.125139867283927592e-01	1.054992767165495449e-01	-9.101165253846865699e-02	6.821730188843354303e-02	-8.110598362346231605e-02	8.889738459312360175e-02	-9.020123029591943509e-02	1.199418363730301862e-01	-8.291365821899872313e-02	7.503526628312350011e-02	-9.386709621447922314e-02	9.566577591173242023e-02	-1.433253247486301896e-01
-1.328414879194043663e-01	2.560148363627587909e-01	-5.100262264090597020e-01	2.726491439832580133e-01	-2.240718997304236015e-01	1.295554118773402930e-01	-4.710493529751056951e-01	1.000000000000000444e+00	-3.786784358386108273e-01	1.925809857214554888e-01	-1.853297032722269200e-01	2.140594095660281471e-01	-4.584687762119631360e-01	2.697386482177543399e-01	-1.718678158691271107e-01	1.294664281939832962e-01	-1.606761883305541927e-01	2.186839584367042122e-01	-1.348743934246962595e-01	1.291817609514099852e-01	-1.110195830484550644e-01	1.200827598202943297e-01	-1.576709562709463497e-01	1.435408972112084125e-01	-1.130649370194769660e-01	8.419223614380950960e-02	-6.457973701750180373e-02	9.432140871502869839e-02	-9.261669818980841629e-02	8.068773016746441651e-02	-5.604217740909218926e-02	6.663702002580285111e-02	-7.503639325702940455e-02	7.792556763679901743e-02	-1.052171431462588097e-01	6.841248048231769741e-02	-6.248814889679529111e-02	7.862005933318033657e-02	-8.187754025170518313e-02	1.211468526413777003e-01
1.139597089278710229e-01	-2.492388583264362467e-01	2.939003758971863722e-01	-5.211282165883260875e-01	3.145169579928398518e-01	-1.120531961039325369e-01	2.225907086597260498e-01	-3.786784358386108273e-01	1.000000000000000444e+00	-5.232059620080360407e-01	1.500594283666131235e-01	-1.663424191577168032e-01	2.285925434916742938e-01	-3.142524472156734139e-01	1.852713837858440404e-01	-1.222336830995053858e-01	1.400169220483598043e-01	-2.063354944908315503e-01	1.337774799782727453e-01	-1.413313422793611440e-01	1.046537355277665365e-01	-1.135060734745769462e-01	1.487921896276895029e-01	-1.503026061026223603e-01	1.171091739853526714e-01	-8.861496322971640360e-02	6.709191007767292825e-02	-9.975794029223564174e-02	9.644413420962218153e-02	-8.516297433010962259e-02	5.894163724673961990e-02	-7.062698613707860118e-02	7.853879498157433081e-02	-8.265750319415103575e-02	1.097133522712231968e-01	-7.332205672283513553e-02	6.607721345642009192e-02	-8.427297965380411982e-02	8.669764249671672862e-02	-1.337211547772348685e-01
-8.406747938281682042e-02	1.702992984816638911e-01	-2.120993572622313916e-01	2.590526039279956172e-01	-7.466836444351006019e-01	8.019413669914868259e-02	-1.634042860346125725e-01	1.925809857214554888e-01	-5.232059620080360407e-01	1.000000000000000222e+00	-1.131957332115153952e-01	1.177664941518884595e-01	-1.594829115260124608e-01	1.947001782682255544e-01	-1.956206760002642819e-01	9.272313541648698199e-02	-1.081726087503016853e-01	1.520616036973780894e-01	-1.084083371463671758e-01	1.247952518216597501e-01	-8.186382243343511000e-02	8.747307779374932646e-02	-1.183219242481055311e-01	1.202165129336306426e-01	-1.003334394273601299e-01	7.087880415348787877e-02	-5.387624427128227811e-02	8.061969829173060154e-02	-8.031524505317515217e-02	7.169500057728570019e-02	-4.745078316003573798e-02	5.682708608332299322e-02	-6.385089651008610256e-02	6.834086527428549773e-02	-9.198363442953297331e-02	5.914483997269689985e-02	-5.356136751989424433e-02	6.844378347898377735e-02	-7.136372864137814631e-02	1.094487252129448529e-01
2.641600431337181587e-01	-3.633290862011933631e-01	1.537599206816053221e-01	-1.299329333414332710e-01	1.355647485034834065e-01	-4.416059258875253413e-01	2.758586070320648842e-01	-1.853297032722269200e-01	1.500594283666131235e-01	-1.131957332115153952e-01	9.999999999999992228e-01	-6.241719980467809181e-01	1.983288024569926089e-01	-2.070364634168773976e-01	1.460142835157915153e-01	-2.746109282592487100e-01	2.501460031119975835e-01	-2.017087275196982887e-01	1.239722675493001164e-01	-1.201479908611484265e-01	1.719547771048766660e-01	-1.832837029231584036e-01	1.732552071169680963e-01	-1.502952843762482282e-01	1.127939902042356807e-01	-1.054954217238904951e-01	7.948301198678252300e-02	-1.085632846569919985e-01	9.762873834448808352e-02	-8.315896213046217178e-02	6.785927487385465251e-02	-8.012352370051678552e-02	8.550382063966270596e-02	-8.389458336861023435e-02	1.102346914838286118e-01	-8.080585913945004251e-02	7.292745547699502895e-02	-8.979488911396979467e-02	8.974487243063904163e-02	-1.327649426066787597e-01
-2.197185385626604370e-01	2.737996249262666937e-01	-1.733431683119727451e-01	1.372860169852600787e-01	-1.440885505242299747e-01	2.188004119267560610e-01	-4.402612598812750133e-01	2.140594095660281471e-01	-1.663424191577168032e-01	1.177664941518884595e-01	-6.241719980467809181e-01	1.000000000000001110e+00	-2.827426826834835705e-01	2.118858880200895634e-01	-1.524592348480320048e-01	2.240463366104386567e-01	-4.051334875149552595e-01	2.065473005815427476e-01	-1.279758876692081992e-01	1.205410982220694177e-01	-1.721654666345158735e-01	1.898582132308303250e-01	-1.858436536626910662e-01	1.481947412224702554e-01	-1.131374724964279710e-01	9.990810549014973729e-02	-7.688897073077605171e-02	1.043893947850025178e-01	-9.632535487135693297e-02	8.198389325614117984e-02	-6.494448831380311704e-02	7.625615159673640453e-02	-8.303534821808074284e-02	8.148458716572221094e-02	-1.085901079163972272e-01	7.637750276452733023e-02	-6.990980133858508416e-02	8.551131465705169576e-02	-8.691328489319180561e-02	1.252946919523885705e-01
1.267015711292029112e-01	-2.290860180295603010e-01	2.310464004338982913e-01	-1.934835995656736252e-01	1.799094799025645619e-01	-1.254965848741971535e-01	2.568040980281586227e-01	-4.584687762119631360e-01	2.285925434916742938e-01	-1.594829115260124608e-01	1.983288024569926089e-01	-2.827426826834835705e-01	1.000000000000001332e+00	-5.922570771015196467e-01	2.297603621115444084e-01	-1.523106387619583835e-01	1.901105876301864284e-01	-4.397862248218802894e-01	1.986283203384110740e-01	-1.804556624796563313e-01	1.330362609899695403e-01	-1.485822102733817818e-01	2.069687531188208196e-01	-1.974518431584142697e-01	1.447342557606312308e-01	-1.023086686422668007e-01	7.875231843345859017e-02	-1.169659250028960151e-01	1.164854434594910088e-01	-1.027017522329176091e-01	6.815474085960966655e-02	-8.121007772919353052e-02	9.239662213831421889e-02	-9.705190445940869992e-02	1.297942060612541082e-01	-8.327459313464395663e-02	7.619976435571848561e-02	-9.635267083143414513e-02	1.006444556373384674e-01	-1.475791658690885910e-01
-1.343475592186060275e-01	2.217802050151292670e-01	-2.571752563696699245e-01	2.042690639539191944e-01	-2.376512479564126257e-01	1.247708447791963937e-01	-2.608067782757150233e-01	2.697386482177543399e-01	-3.142524472156734139e-01	1.947001782682255544e-01	-2.070364634168773976e-01	2.118858880200895634e-01	-5.922570771015196467e-01	1.000000000000000000e+00	-4.258460374348052579e-01	1.586912010220022096e-01	-2.042390420061656886e-01	2.937535295298248084e-01	-2.559407415296985899e-01	2.334603470290804450e-01	-1.494518533998801246e-01	1.579612110186479901e-01	-2.380320501464669725e-01	2.231929530104487247e-01	-1.909896579151971197e-01	1.162670913473870665e-01	-9.076971833337436901e-02	1.354981728715674016e-01	-1.458754818176161150e-01	1.292732522491014113e-01	-7.875418393001726303e-02	9.336805805932565927e-02	-1.093695250202826180e-01	1.183785407806934031e-01	-1.648420058492172380e-01	9.593851263398206486e-02	-8.929568609524531075e-02	1.126808455654065566e-01	-1.221491683160745856e-01	1.734734411557962430e-01
9.993335810304117273e-02	-1.832012062800932872e-01	1.563768715421847977e-01	-1.447137943649942082e-01	1.831126969842902796e-01	-9.492934939627409308e-02	1.714405094620636005e-01	-1.718678158691271107e-01	1.852713837858440404e-01	-1.956206760002642819e-01	1.460142835157915153e-01	-1.524592348480320048e-01	2.297603621115444084e-01	-4.258460374348052579e-01	9.999999999999987788e-01	-1.457018206780411884e-01	1.667550346791456806e-01	-3.166525372074687761e-01	2.820657034429762677e-01	-6.375595229489533500e-01	1.359577557970917949e-01	-1.490794811217432958e-01	2.208296118431790633e-01	-3.057656269202212451e-01	2.445688934319734664e-01	-1.388633992376786530e-01	1.050164740447582234e-01	-1.665933082391478082e-01	1.742116404444464806e-01	-1.795833581884601904e-01	9.340325939231668151e-02	-1.132335817509391024e-01	1.284106345849324871e-01	-1.499451244510582593e-01	1.895429987038867170e-01	-1.193251629321080420e-01	1.070223023706284166e-01	-1.414898585383980167e-01	1.472575074183511967e-01	-2.345203846927202129e-01
-1.332617026915101088e-01	1.784960642828171962e-01	-1.198245882625896402e-01	9.913877306407541112e-02	-1.170769753037943922e-01	1.273194359931918429e-01	-1.846546732229525922e-01	1.294664281939832962e-01	-1.222336830995053858e-01	9.272313541648698199e-02	-2.746109282592487100e-01	2.240463366104386567e-01	-1.523106387619583835e-01	1.586912010220022096e-01	-1.457018206780411884e-01	9.999999999999982236e-01	-5.287410658426656695e-01	1.924839836615654942e-01	-1.281578563383568847e-01	1.189698787588533702e-01	-6.612080072788065754e-01	3.076409124820087548e-01	-2.528458516895054076e-01	1.606581492211792694e-01	-1.255974229960978295e-01	1.552177184266031740e-01	-1.207032295680209172e-01	1.307128587928488295e-01	-1.127149405975444163e-01	9.189794277839194447e-02	-9.718218848109348718e-02	1.055938921618816972e-01	-1.080392893536177706e-01	9.461784328613977169e-02	-1.253253717820904944e-01	9.970725899054619368e-02	-9.470150548969125115e-02	1.050317442641610644e-01	-1.046961236047156268e-01	1.371743079201780680e-01
1.388296588829990852e-01	-2.227991018443992166e-01	1.377202640095308572e-01	-1.177117801818877152e-01	1.303233868059366918e-01	-1.421781483700695903e-01	2.144365423268284332e-01	-1.606761883305541927e-01	1.400169220483598043e-01	-1.081726087503016853e-01	2.501460031119975835e-01	-4.051334875149552595e-01	1.901105876301864284e-01	-2.042390420061656886e-01	1.667550346791456806e-01	-5.287410658426656695e-01	9.999999999999997780e-01	-2.752420418204403751e-01	1.573023697540009980e-01	-1.439839330861823752e-01	3.033893891485437422e-01	-5.084837850791102953e-01	2.684383771937008945e-01	-2.051205103876607150e-01	1.397775729269416789e-01	-1.538657142291389446e-01	1.172778129901938110e-01	-1.491157972775037921e-01	1.248027499744252117e-01	-1.042616045648648848e-01	9.557884136529935792e-02	-1.126904732623667527e-01	1.155851899258959897e-01	-1.070649025753189210e-01	1.371469496781925479e-01	-1.093742401589321567e-01	9.880537251297866197e-02	-1.186003147503868760e-01	1.151170909278539517e-01	-1.641053745582202739e-01
-1.279805815525093260e-01	2.058056974036831799e-01	-2.004872918928742864e-01	1.590964897316712312e-01	-1.907154358408190697e-01	1.192658182580748211e-01	-2.316521178792389779e-01	2.186839584367042122e-01	-2.063354944908315503e-01	1.520616036973780894e-01	-2.017087275196982887e-01	2.065473005815427476e-01	-4.397862248218802894e-01	2.937535295298248084e-01	-3.166525372074687761e-01	1.924839836615654942e-01	-2.752420418204403751e-01	1.000000000000001110e+00	-4.548447295979811122e-01	2.500046696532529089e-01	-1.962086339644847632e-01	2.184634686511088553e-01	-4.407617685738747793e-01	2.993168836921473730e-01	-2.204619704028198957e-01	1.379165873397522890e-01	-1.100347955990298443e-01	1.654718911223675148e-01	-1.734962387714824028e-01	1.483730353558941339e-01	-9.340143060381529694e-02	1.102349487359466085e-01	-1.333290399530860926e-01	1.374195475294586744e-01	-1.895348531508227463e-01	1.113925738956596523e-01	-1.051173218978341817e-01	1.312184095736356471e-01	-1.421349956390124958e-01	1.923758392780333948e-01
8.153445054358451904e-02	-1.390212098896107529e-01	1.225432720497367234e-01	-1.047694340684546949e-01	1.273425406815126282e-01	-7.672590915226579211e-02	1.404378847904660388e-01	-1.348743934246962595e-01	1.337774799782727453e-01	-1.084083371463671758e-01	1.239722675493001164e-01	-1.279758876692081992e-01	1.986283203384110740e-01	-2.559407415296985899e-01	2.820657034429762677e-01	-1.281578563383568847e-01	1.573023697540009980e-01	-4.548447295979811122e-01	9.999999999999996669e-01	-4.846272187844077317e-01	1.264913823010925809e-01	-1.453881037072105586e-01	2.508496892094046471e-01	-6.174212745537791536e-01	2.208544895733215718e-01	-1.093767038912886319e-01	8.566505740819545245e-02	-1.362924936057020031e-01	1.627186409816003820e-01	-1.505021791876814674e-01	7.423756245812782040e-02	-8.899836951469286550e-02	1.066631886410489838e-01	-1.267291152858536774e-01	1.619012693845941486e-01	-9.176958328054264646e-02	8.519965388367496673e-02	-1.105788581423035877e-01	1.208150026452922687e-01	-1.705978282965183168e-01
-8.018274806621204787e-02	1.372047116680206735e-01	-1.240091141781318601e-01	1.076770710386932145e-01	-1.432428926175497164e-01	7.482282072193770228e-02	-1.377406299621745100e-01	1.291817609514099852e-01	-1.413313422793611440e-01	1.247952518216597501e-01	-1.201479908611484265e-01	1.205410982220694177e-01	-1.804556624796563313e-01	2.334603470290804450e-01	-6.375595229489533500e-01	1.189698787588533702e-01	-1.439839330861823752e-01	2.500046696532529089e-01	-4.846272187844077317e-01	9.999999999999994449e-01	-1.176555458920286734e-01	1.269890604119707500e-01	-2.086398945040937869e-01	2.804100833760618805e-01	-3.893120632336607434e-01	1.123410147216022670e-01	-8.776503195107286659e-02	1.406020537958582450e-01	-1.837732627020253195e-01	1.929217347195241739e-01	-7.715897219287630449e-02	9.262609132256810485e-02	-1.118386214705620746e-01	1.403966167524037523e-01	-1.958461673966842009e-01	9.673233433104946877e-02	-9.007842567704793524e-02	1.181622755600127972e-01	-1.333960400349055164e-01	1.909062086374375689e-01
9.794061570795160876e-02	-1.540763520154218580e-01	1.011051447990615332e-01	-8.620276241653396232e-02	1.006089708826310575e-01	-9.692719632861630796e-02	1.436041224432040575e-01	-1.110195830484550644e-01	1.046537355277665365e-01	-8.186382243343511000e-02	1.719547771048766660e-01	-1.721654666345158735e-01	1.330362609899695403e-01	-1.494518533998801246e-01	1.359577557970917949e-01	-6.612080072788065754e-01	3.033893891485437422e-01	-1.962086339644847632e-01	1.264913823010925809e-01	-1.176555458920286734e-01	1.000000000000001332e+00	-5.526368873501272816e-01	2.498293063917806645e-01	-1.728007349778757917e-01	1.232085064014430825e-01	-2.248718536467849138e-01	1.435848016207171285e-01	-1.475438670202577351e-01	1.145516223028236052e-01	-9.287464594141153773e-02	1.141592629212452026e-01	-1.260364973357258611e-01	1.164973359607692077e-01	-9.830529066032402119e-02	1.244481553430153015e-01	-1.163657619622329026e-01	1.051448522102493566e-01	-1.162387904345235645e-01	1.088855071718400347e-01	-1.445979503365560359e-01
-1.039504537437547782e-01	1.555106200527795191e-01	-1.099287876985813872e-01	9.219153475862928993e-02	-1.086161751412293985e-01	9.918706828031620404e-02	-1.595779507670902764e-01	1.200827598202943297e-01	-1.135060734745769462e-01	8.747307779374932646e-02	-1.832837029231584036e-01	1.898582132308303250e-01	-1.485822102733817818e-01	1.579612110186479901e-01	-1.490794811217432958e-01	3.076409124820087548e-01	-5.084837850791102953e-01	2.184634686511088553e-01	-1.453881037072105586e-01	1.269890604119707500e-01	-5.526368873501272816e-01	9.999999999999982236e-01	-5.017778367225289582e-01	1.936232406896258307e-01	-1.320312176533010584e-01	1.606850793440000313e-01	-1.392251715121375355e-01	1.495755442126072976e-01	-1.200088911638964445e-01	9.716903131561502316e-02	-9.984710588175650658e-02	1.147540657090376087e-01	-1.184425208504365501e-01	1.000208740062691337e-01	-1.289250228092303496e-01	1.043807828747937844e-01	-9.831348812428761241e-02	1.117402890857878833e-01	-1.090489983668224278e-01	1.433470317391914994e-01
1.110598591589094519e-01	-1.909710689635761294e-01	1.411049442222726547e-01	-1.220485008997916759e-01	1.421913273457973692e-01	-1.071589819296229623e-01	1.780913872088066563e-01	-1.576709562709463497e-01	1.487921896276895029e-01	-1.183219242481055311e-01	1.732552071169680963e-01	-1.858436536626910662e-01	2.069687531188208196e-01	-2.380320501464669725e-01	2.208296118431790633e-01	-2.528458516895054076e-01	2.684383771937008945e-01	-4.407617685738747793e-01	2.508496892094046471e-01	-2.086398945040937869e-01	2.498293063917806645e-01	-5.017778367225289582e-01	9.999999999999971134e-01	-4.328003929226034163e-01	1.988690030541189202e-01	-1.890780641769575499e-01	1.485259750791424471e-01	-2.607162384433881486e-01	1.823673914018366926e-01	-1.504657339529756332e-01	1.212433703726100848e-01	-1.477934535391235149e-01	1.725171233970133611e-01	-1.532810403706031666e-01	1.873023332616687575e-01	-1.451062996965478136e-01	1.316062511945045033e-01	-1.674918042882182767e-01	1.591960552687407549e-01	-2.222326351443744130e-01
-9.748829133783883105e-02	1.586386380388352391e-01	-1.384516998216527572e-01	1.165057185300728271e-01	-1.491257977253549749e-01	9.043794843690404484e-02	-1.631496393582289595e-01	1.435408972112084125e-01	-1.503026061026223603e-01	1.202165129336306426e-01	-1.502952843762482282e-01	1.481947412224702554e-01	-1.974518431584142697e-01	2.231929530104487247e-01	-3.057656269202212451e-01	1.606581492211792694e-01	-2.051205103876607150e-01	2.993168836921473730e-01	-6.174212745537791536e-01	2.804100833760618805e-01	-1.728007349778757917e-01	1.936232406896258307e-01	-4.328003929226034163e-01	9.999999999999991118e-01	-3.080742056440208265e-01	1.381254544285449581e-01	-1.113784624433347969e-01	1.772387998321840186e-01	-2.571872929606681124e-01	1.933598307387677795e-01	-9.520890139312543354e-02	1.130550385697914745e-01	-1.428132182894746860e-01	1.698961143005530694e-01	-2.243036427619953810e-01	1.153953191350711727e-01	-1.103293030603202662e-01	1.413065359774500207e-01	-1.632105417775669975e-01	2.095664180189972803e-01
7.618331680829348862e-02	-1.344011649716174706e-01	1.065760739023598053e-01	-9.389263150739592112e-02	1.175492270637879672e-01	-7.154772474211756883e-02	1.247087200774973786e-01	-1.130649370194769660e-01	1.171091739853526714e-01	-1.003334394273601299e-01	1.127939902042356807e-01	-1.131374724964279710e-01	1.447342557606312308e-01	-1.909896579151971197e-01	2.445688934319734664e-01	-1.255974229960978295e-01	1.397775729269416789e-01	-2.204619704028198957e-01	2.208544895733215718e-01	-3.893120632336607434e-01	1.232085064014430825e-01	-1.320312176533010584e-01	1.988690030541189202e-01	-3.080742056440208265e-01	9.999999999999988898e-01	-1.582458408644825676e-01	1.209021465579063342e-01	-2.113185880725730881e-01	2.813485613460396939e-01	-6.296064757635898568e-01	1.086235750666395550e-01	-1.332124555521385090e-01	1.582337920512713880e-01	-2.402012297501007199e-01	2.829349043060586100e-01	-1.423959207306079999e-01	1.289510102844865225e-01	-1.797459591668326695e-01	1.970032899951145999e-01	-3.173601226844884327e-01
-6.662693506719821745e-02	1.043088188317068815e-01	-8.276246456689241582e-02	6.999729666262773098e-02	-9.173860832412955579e-02	6.161231118107696886e-02	-1.039237610627683495e-01	8.419223614380950960e-02	-8.861496322971640360e-02	7.087880415348787877e-02	-1.054954217238904951e-01	9.990810549014973729e-02	-1.023086686422668007e-01	1.162670913473870665e-01	-1.388633992376786530e-01	1.552177184266031740e-01	-1.538657142291389446e-01	1.379165873397522890e-01	-1.093767038912886319e-01	1.123410147216022670e-01	-2.248718536467849138e-01	1.606850793440000313e-01	-1.890780641769575499e-01	1.381254544285449581e-01	-1.582458408644825676e-01	9.999999999999984457e-01	-6.471615061057200968e-01	2.328933847680495217e-01	-1.668487141116622996e-01	1.200187659351244079e-01	-4.638891369359506300e-01	3.214432478737371812e-01	-2.286158475798986400e-01	1.388364240807585526e-01	-1.766672837771687266e-01	2.467264250233449918e-01	-2.559305305458561275e-01	1.931130279259251625e-01	-1.777139511604017841e-01	1.681175881034463471e-01
5.047610754518167681e-02	-8.084268413879731885e-02	6.271417313136357086e-02	-5.337818924405809962e-02	6.882137098307981871e-02	-4.707607187215328420e-02	7.885904570118178192e-02	-6.457973701750180373e-02	6.709191007767292825e-02	-5.387624427128227811e-02	7.948301198678252300e-02	-7.688897073077605171e-02	7.875231843345859017e-02	-9.076971833337436901e-02	1.050164740447582234e-01	-1.207032295680209172e-01	1.172778129901938110e-01	-1.100347955990298443e-01	8.566505740819545245e-02	-8.776503195107286659e-02	1.435848016207171285e-01	-1.392251715121375355e-01	1.485259750791424471e-01	-1.113784624433347969e-01	1.209021465579063342e-01	-6.471615061057200968e-01	9.999999999999952260e-01	-3.184821310265013028e-01	1.361819473376550127e-01	-9.659021788116062268e-02	2.853242249487408788e-01	-5.719784036927374471e-01	2.168395751504222368e-01	-1.164853271073616331e-01	1.363152242746203668e-01	-2.235983095808456722e-01	2.075298039497075753e-01	-1.798338105353868288e-01	1.424183383018584881e-01	-1.411312937055643202e-01
-7.056520465991197866e-02	1.139085230737637566e-01	-9.249234817575996415e-02	7.871239992875318781e-02	-1.031814869268751489e-01	6.516231967637051148e-02	-1.125139867283927592e-01	9.432140871502869839e-02	-9.975794029223564174e-02	8.061969829173060154e-02	-1.085632846569919985e-01	1.043893947850025178e-01	-1.169659250028960151e-01	1.354981728715674016e-01	-1.665933082391478082e-01	1.307128587928488295e-01	-1.491157972775037921e-01	1.654718911223675148e-01	-1.362924936057020031e-01	1.406020537958582450e-01	-1.475438670202577351e-01	1.495755442126072976e-01	-2.607162384433881486e-01	1.772387998321840186e-01	-2.113185880725730881e-01	2.328933847680495217e-01	-3.184821310265013028e-01	9.999999999999986677e-01	-3.034239510850200716e-01	1.747507001790858938e-01	-1.806301639716692831e-01	2.252274807059108375e-01	-6.835939647901537741e-01	2.089522030946207309e-01	-2.346519594739183145e-01	1.892196356605830299e-01	-2.178423657688033921e-01	2.713773476402826512e-01	-2.448994395538646174e-01	2.205106399968644881e-01
6.527680769870199129e-02	-1.121796625966992311e-01	8.865653030556257252e-02	-7.712665171194683922e-02	9.795192279026920801e-02	-6.094759348371433377e-02	1.054992767165495449e-01	-9.261669818980841629e-02	9.644413420962218153e-02	-8.031524505317515217e-02	9.762873834448808352e-02	-9.632535487135693297e-02	1.164854434594910088e-01	-1.458754818176161150e-01	1.742116404444464806e-01	-1.127149405975444163e-01	1.248027499744252117e-01	-1.734962387714824028e-01	1.627186409816003820e-01	-1.837732627020253195e-01	1.145516223028236052e-01	-1.200088911638964445e-01	1.823673914018366926e-01	-2.571872929606681124e-01	2.813485613460396939e-01	-1.668487141116622996e-01	1.361819473376550127e-01	-3.034239510850200716e-01	1.000000000000000666e+00	-5.079466577953694051e-01	1.183469473760595941e-01	-1.463912939031656868e-01	2.024802200230292060e-01	-5.643323900728327569e-01	3.074484197182206779e-01	-1.542669915163255578e-01	1.470989652116161950e-01	-2.181026565528980665e-01	2.686364590134525665e-01	-3.142564374728469834e-01
-5.574619765219597511e-02	9.572000430555224759e-02	-7.763636570774162804e-02	6.752478712349706258e-02	-8.691156414171999356e-02	5.195124878675901753e-02	-9.101165253846865699e-02	8.068773016746441651e-02	-8.516297433010962259e-02	7.169500057728570019e-02	-8.315896213046217178e-02	8.198389325614117984e-02	-1.027017522329176091e-01	1.292732522491014113e-01	-1.795833581884601904e-01	9.189794277839194447e-02	-1.042616045648648848e-01	1.483730353558941339e-01	-1.505021791876814674e-01	1.929217347195241739e-01	-9.287464594141153773e-02	9.716903131561502316e-02	-1.504657339529756332e-01	1.933598307387677795e-01	-6.296064757635898568e-01	1.200187659351244079e-01	-9.659021788116062268e-02	1.747507001790858938e-01	-5.079466577953694051e-01	9.999999999999976685e-01	-8.547917857684948773e-02	1.037794715562518622e-01	-1.388427943427359146e-01	2.531384160595628319e-01	-4.499483674091450669e-01	1.100843965908466227e-01	-1.059596434462797276e-01	1.476461289143886080e-01	-1.934234327806825249e-01	2.558383934082442135e-01
4.350925488124829377e-02	-6.969016299444009965e-02	5.491300624974716771e-02	-4.672143498602562839e-02	6.099514640659894904e-02	-4.035311742108342592e-02	6.821730188843354303e-02	-5.604217740909218926e-02	5.894163724673961990e-02	-4.745078316003573798e-02	6.785927487385465251e-02	-6.494448831380311704e-02	6.815474085960966655e-02	-7.875418393001726303e-02	9.340325939231668151e-02	-9.718218848109348718e-02	9.557884136529935792e-02	-9.340143060381529694e-02	7.423756245812782040e-02	-7.715897219287630449e-02	1.141592629212452026e-01	-9.984710588175650658e-02	1.212433703726100848e-01	-9.520890139312543354e-02	1.086235750666395550e-01	-4.638891369359506300e-01	2.853242249487408788e-01	-1.806301639716692831e-01	1.183469473760595941e-01	-8.547917857684948773e-02	9.999999999999971134e-01	-5.617049166114778114e-01	1.802333331349484646e-01	-1.064318311402706885e-01	1.252151456523115380e-01	-5.643610003520684870e-01	2.739687686588491156e-01	-1.915297221147912454e-01	1.385497585159605749e-01	-1.306935042505286693e-01
-5.150337586947685564e-02	8.187944106983624515e-02	-6.568438389308085823e-02	5.574375509589536010e-02	-7.343623851182239093e-02	4.752182480473637199e-02	-8.110598362346231605e-02	6.663702002580285111e-02	-7.062698613707860118e-02	5.682708608332299322e-02	-8.012352370051678552e-02	7.625615159673640453e-02	-8.121007772919353052e-02	9.336805805932565927e-02	-1.132335817509391024e-01	1.055938921618816972e-01	-1.126904732623667527e-01	1.102349487359466085e-01	-8.899836951469286550e-02	9.262609132256810485e-02	-1.260364973357258611e-01	1.147540657090376087e-01	-1.477934535391235149e-01	1.130550385697914745e-01	-1.332124555521385090e-01	3.214432478737371812e-01	-5.719784036927374471e-01	2.252274807059108375e-01	-1.463912939031656868e-01	1.037794715562518622e-01	-5.617049166114778114e-01	9.999999999999972244e-01	-2.598889972767072232e-01	1.270622085077391383e-01	-1.527694821704671524e-01	2.813896763239245313e-01	-3.485438083858574121e-01	2.105760428643197457e-01	-1.676087451922391447e-01	1.505655591992046682e-01
5.597470700673141258e-02	-9.245544058700194689e-02	7.288141419715543634e-02	-6.253061987219572793e-02	8.078858416632941908e-02	-5.202215630382619332e-02	8.889738459312360175e-02	-7.503639325702940455e-02	7.853879498157433081e-02	-6.385089651008610256e-02	8.550382063966270596e-02	-8.303534821808074284e-02	9.239662213831421889e-02	-1.093695250202826180e-01	1.284106345849324871e-01	-1.080392893536177706e-01	1.155851899258959897e-01	-1.333290399530860926e-01	1.066631886410489838e-01	-1.118386214705620746e-01	1.164973359607692077e-01	-1.184425208504365501e-01	1.725171233970133611e-01	-1.428132182894746860e-01	1.582337920512713880e-01	-2.286158475798986400e-01	2.168395751504222368e-01	-6.835939647901537741e-01	2.024802200230292060e-01	-1.388427943427359146e-01	1.802333331349484646e-01	-2.598889972767072232e-01	9.999999999999970024e-01	-2.057876972700524165e-01	1.886266551937051672e-01	-2.265504874635450583e-01	2.364246814075540437e-01	-4.929750337597041954e-01	2.295198273347056062e-01	-2.179949810670558652e-01
-5.591228650055168198e-02	9.400504058926383022e-02	-7.592709503085502687e-02	6.552546408078759044e-02	-8.535450307509211132e-02	5.180996074935869528e-02	-9.020123029591943509e-02	7.792556763679901743e-02	-8.265750319415103575e-02	6.834086527428549773e-02	-8.389458336861023435e-02	8.148458716572221094e-02	-9.705190445940869992e-02	1.183785407806934031e-01	-1.499451244510582593e-01	9.461784328613977169e-02	-1.070649025753189210e-01	1.374195475294586744e-01	-1.267291152858536774e-01	1.403966167524037523e-01	-9.830529066032402119e-02	1.000208740062691337e-01	-1.532810403706031666e-01	1.698961143005530694e-01	-2.402012297501007199e-01	1.388364240807585526e-01	-1.164853271073616331e-01	2.089522030946207309e-01	-5.643323900728327569e-01	2.531384160595628319e-01	-1.064318311402706885e-01	1.270622085077391383e-01	-2.057876972700524165e-01	9.999999999999975575e-01	-4.390922231601528947e-01	1.375779786434110641e-01	-1.496225477891031663e-01	2.213757483646623114e-01	-5.573861906528161381e-01	2.989000279173489316e-01
7.465252698147664678e-02	-1.306493011623423017e-01	1.008533029868471653e-01	-8.837252590056340895e-02	1.120777683299124250e-01	-6.973623603158154993e-02	1.199418363730301862e-01	-1.052171431462588097e-01	1.097133522712231968e-01	-9.198363442953297331e-02	1.102346914838286118e-01	-1.085901079163972272e-01	1.297942060612541082e-01	-1.648420058492172380e-01	1.895429987038867170e-01	-1.253253717820904944e-01	1.371469496781925479e-01	-1.895348531508227463e-01	1.619012693845941486e-01	-1.958461673966842009e-01	1.244481553430153015e-01	-1.289250228092303496e-01	1.873023332616687575e-01	-2.243036427619953810e-01	2.829349043060586100e-01	-1.766672837771687266e-01	1.363152242746203668e-01	-2.346519594739183145e-01	3.074484197182206779e-01	-4.499483674091450669e-01	1.252151456523115380e-01	-1.527694821704671524e-01	1.886266551937051672e-01	-4.390922231601528947e-01	9.999999999999975575e-01	-1.662939148135448575e-01	1.557078199479020597e-01	-2.240283586176914643e-01	2.868028448454161827e-01	-5.738827963132981935e-01
-5.240071844384489030e-02	8.331284846899654484e-02	-6.796132620505816735e-02	5.765276831690326065e-02	-7.685336751778243380e-02	4.812326015721208466e-02	-8.291365821899872313e-02	6.841248048231769741e-02	-7.332205672283513553e-02	5.914483997269689985e-02	-8.080585913945004251e-02	7.637750276452733023e-02	-8.327459313464395663e-02	9.593851263398206486e-02	-1.193251629321080420e-01	9.970725899054619368e-02	-1.093742401589321567e-01	1.113925738956596523e-01	-9.176958328054264646e-02	9.673233433104946877e-02	-1.163657619622329026e-01	1.043807828747937844e-01	-1.451062996965478136e-01	1.153953191350711727e-01	-1.423959207306079999e-01	2.467264250233449918e-01	-2.235983095808456722e-01	1.892196356605830299e-01	-1.542669915163255578e-01	1.100843965908466227e-01	-5.643610003520684870e-01	2.813896763239245313e-01	-2.265504874635450583e-01	1.375779786434110641e-01	-1.662939148135448575e-01	9.999999999999974465e-01	-6.227947884135145440e-01	2.527128837754666346e-01	-1.964478515832565886e-01	1.619004259512454857e-01
4.748002401347047041e-02	-7.720161747669541941e-02	6.131661098552786821e-02	-5.238289103628348403e-02	6.858414693585418442e-02	-4.394125113362386259e-02	7.503526628312350011e-02	-6.248814889679529111e-02	6.607721345642009192e-02	-5.356136751989424433e-02	7.292745547699502895e-02	-6.990980133858508416e-02	7.619976435571848561e-02	-8.929568609524531075e-02	1.070223023706284166e-01	-9.470150548969125115e-02	9.880537251297866197e-02	-1.051173218978341817e-01	8.519965388367496673e-02	-9.007842567704793524e-02	1.051448522102493566e-01	-9.831348812428761241e-02	1.316062511945045033e-01	-1.103293030603202662e-01	1.289510102844865225e-01	-2.559305305458561275e-01	2.075298039497075753e-01	-2.178423657688033921e-01	1.470989652116161950e-01	-1.059596434462797276e-01	2.739687686588491156e-01	-3.485438083858574121e-01	2.364246814075540437e-01	-1.496225477891031663e-01	1.557078199479020597e-01	-6.227947884135145440e-01	9.999999999999975575e-01	-5.228622835778261591e-01	2.063193735792181460e-01	-1.805225487860740441e-01
-5.886730802961591402e-02	9.515026791943771711e-02	-7.785029368692507334e-02	6.633988243437502486e-02	-8.820195796579777259e-02	5.413354741391431663e-02	-9.386709621447922314e-02	7.862005933318033657e-02	-8.427297965380411982e-02	6.844378347898377735e-02	-8.979488911396979467e-02	8.551131465705169576e-02	-9.635267083143414513e-02	1.126808455654065566e-01	-1.414898585383980167e-01	1.050317442641610644e-01	-1.186003147503868760e-01	1.312184095736356471e-01	-1.105788581423035877e-01	1.181622755600127972e-01	-1.162387904345235645e-01	1.117402890857878833e-01	-1.674918042882182767e-01	1.413065359774500207e-01	-1.797459591668326695e-01	1.931130279259251625e-01	-1.798338105353868288e-01	2.713773476402826512e-01	-2.181026565528980665e-01	1.476461289143886080e-01	-1.915297221147912454e-01	2.105760428643197457e-01	-4.929750337597041954e-01	2.213757483646623114e-01	-2.240283586176914643e-01	2.527128837754666346e-01	-5.228622835778261591e-01	9.999999999999975575e-01	-4.474037549239197054e-01	2.349482778253266235e-01
5.975659880074474933e-02	-1.003383541358768283e-01	7.991026813844565035e-02	-6.895944212823792996e-02	8.984063023691898908e-02	-5.538039722839765283e-02	9.566577591173242023e-02	-8.187754025170518313e-02	8.669764249671672862e-02	-7.136372864137814631e-02	8.974487243063904163e-02	-8.691328489319180561e-02	1.006444556373384674e-01	-1.221491683160745856e-01	1.472575074183511967e-01	-1.046961236047156268e-01	1.151170909278539517e-01	-1.421349956390124958e-01	1.208150026452922687e-01	-1.333960400349055164e-01	1.088855071718400347e-01	-1.090489983668224278e-01	1.591960552687407549e-01	-1.632105417775669975e-01	1.970032899951145999e-01	-1.777139511604017841e-01	1.424183383018584881e-01	-2.448994395538646174e-01	2.686364590134525665e-01	-1.934234327806825249e-01	1.385497585159605749e-01	-1.676087451922391447e-01	2.295198273347056062e-01	-5.573861906528161381e-01	2.868028448454161827e-01	-1.964478515832565886e-01	2.063193735792181460e-01	-4.474037549239197054e-01	9.999999999999977796e-01	-4.984293041341245067e-01
