1.000000000000000222e+00	-4.107866557976976307e-01	1.783552199500370861e-01	-1.637087415110435040e-01	1.397214664480418145e-01	-7.208019555545576162e-01	2.868601712641731249e-01	-1.836073302947268671e-01	1.274459782560571353e-01	-1.127904208723368162e-01	2.856483150325708209e-01	-2.523651322802895058e-01	1.639671336361249732e-01	-1.707507537461561697e-01	1.461310491903149156e-01	-1.832588496214406504e-01	1.803366087073499380e-01	-1.666467045785147982e-01	1.184147704810957907e-01	-1.266916112850299259e-01	1.315573256287343729e-01	-2.150555148179648657e-01	8.623505685798978082e-02	-9.525489594827724060e-02	9.104143405782978704e-02	-6.699688794454744523e-02	6.864962972628813054e-02	-9.812277563541228764e-02	9.751009584796067886e-02	-1.023282454356066185e-01	5.546292756556575609e-02	-5.608083847414942202e-02	7.556184080435496275e-02	-5.164621637690101214e-02	4.870392986139895214e-02	-1.219213364359701957e-01	8.747634267627948934e-02	-5.399799931766068040e-02	4.834654957445178036e-02	-6.461296773637256741e-02
-4.107866557976976307e-01	1.000000000000000666e+00	-3.963861435323857707e-01	2.014447324045496313e-01	-1.744343941684053934e-01	2.506878170538369699e-01	-6.971510286129125600e-01	2.466963046659931824e-01	-1.587983337642849269e-01	1.295583512348967847e-01	-2.346545598586752268e-01	2.131410665089701062e-01	-1.965697611952171020e-01	1.802397900244147033e-01	-1.598875078571418973e-01	1.283638747014573256e-01	-1.661560423768374817e-01	1.541490019927102273e-01	-1.178323369856775216e-01	1.225042404610915125e-01	-1.044386781536780356e-01	1.592956481290696558e-01	-7.391404712593223347e-02	8.690219924824844899e-02	-8.558146883598058419e-02	5.468333875603580835e-02	-5.739845323214067679e-02	8.259814981579872983e-02	-9.028469604902816803e-02	9.220711895434173522e-02	-4.683882507780465221e-02	4.710332322717653009e-02	-6.683330617750181391e-02	4.591122864108269919e-02	-4.355068403866668714e-02	1.026183097805109107e-01	-7.779095399132206212e-02	4.734650092632905483e-02	-4.277039091369388979e-02	5.660726696801358232e-02
1.783552199500370861e-01	-3.963861435323857707e-01	1.000000000000000666e+00	-4.677895947098392737e-01	2.178315167075756120e-01	-1.406238185700905696e-01	2.578108407913016764e-01	-6.303905585488553953e-01	2.373288042946521126e-01	-1.780646143614411092e-01	1.605950876328701427e-01	-1.757114999505346442e-01	2.619118454534236085e-01	-2.663939899100961628e-01	1.767499496010668525e-01	-1.048263058633499556e-01	1.407206408797797292e-01	-1.768545334753432730e-01	1.367351177481054003e-01	-1.407005382483274281e-01	8.549254839191429423e-02	-1.378580743138765607e-01	7.279673210387892224e-02	-9.298434446067853354e-02	9.162834169292091713e-02	-5.054308115552132163e-02	5.316927518780242140e-02	-8.220632575428875322e-02	9.201037043686828565e-02	-9.693743061252400872e-02	4.385554686306181865e-02	-4.438268386136903082e-02	6.519724726074548060e-02	-4.646701257082743591e-02	4.414809950799523930e-02	-1.014539021335907482e-01	7.500834437593958959e-02	-4.649551176299328292e-02	4.241913546701082949e-02	-5.669469065873280339e-02
-1.637087415110435040e-01	2.014447324045496313e-01	-4.677895947098392737e-01	1.000000000000000666e+00	-4.649082749083165433e-01	1.226619690231217502e-01	-2.127569666029729412e-01	2.662896507396896317e-01	-5.635227730571359395e-01	2.860701838289847476e-01	-1.601204588584429489e-01	1.597488463769154432e-01	-2.560938381099036598e-01	2.646984459726081096e-01	-2.479890071489033454e-01	1.017548882505052432e-01	-1.420438590238228271e-01	1.821544620338419185e-01	-1.526297920936339481e-01	1.629258424515140080e-01	-8.570133420390949053e-02	1.343687768216399181e-01	-7.889805041313448231e-02	1.042093955857328058e-01	-1.049293177681130534e-01	5.335112499747760029e-02	-5.667873358552453361e-02	8.869846126405209197e-02	-1.044024081650256341e-01	1.089164088813528719e-01	-4.718628574365436174e-02	4.769561332895719263e-02	-7.224094342300280136e-02	5.179841238162540690e-02	-4.935261519925980556e-02	1.104636367103781353e-01	-8.332669495069922050e-02	5.137463480400103477e-02	-4.711800341572644490e-02	6.277220141569578304e-02
1.397214664480418145e-01	-1.744343941684053934e-01	2.178315167075756120e-01	-4.649082749083165433e-01	1.000000000000000888e+00	-1.123414677362946368e-01	1.697762609134781664e-01	-2.267868177931854079e-01	3.115523566245262943e-01	-6.456094375183272227e-01	1.474032403556160831e-01	-1.567655455634431871e-01	2.014394175087630967e-01	-2.691976395424611201e-01	2.844720355203848028e-01	-1.152696866312822588e-01	1.486056218330269185e-01	-2.476442307462639880e-01	1.806464972474353670e-01	-2.336416120386118067e-01	9.403901218370407100e-02	-1.572664988676424347e-01	1.032132754936893743e-01	-1.452346670396629513e-01	1.396613456690126986e-01	-6.865375987382170420e-02	7.203540460308489879e-02	-1.208512515552710442e-01	1.373217155923669996e-01	-1.575862010052542506e-01	6.111005281488103569e-02	-6.212004098782147876e-02	9.574968154176681512e-02	-7.208274938656773767e-02	6.836133041187940351e-02	-1.592081782388081179e-01	1.095312059302644692e-01	-6.943658742726951938e-02	6.418449575555262854e-02	-8.761687922818084395e-02
-7.208019555545576162e-01	2.506878170538369699e-01	-1.406238185700905696e-01	1.226619690231217502e-01	-1.123414677362946368e-01	1.000000000000000444e+00	-3.406455479095198413e-01	1.437481917357825434e-01	-1.007853684868842553e-01	8.803653847416463563e-02	-4.947647213940827848e-01	2.288362175143278110e-01	-1.401830095352359362e-01	1.325376603264387942e-01	-1.173073085201595672e-01	1.528906832913417835e-01	-1.639344046426337020e-01	1.281073998325434615e-01	-9.345737141715534935e-02	9.708112293314255514e-02	-1.173631817994826299e-01	1.676208478681949776e-01	-6.681677465102735247e-02	7.277399699969779034e-02	-7.038438864794351046e-02	5.192206170063743548e-02	-5.374143623198387315e-02	7.454048589831553662e-02	-7.538284857801237637e-02	7.707915463642796283e-02	-4.311093412644607242e-02	4.324828982837428115e-02	-5.807415963392855568e-02	3.917460316019448496e-02	-3.700890734782396468e-02	8.988583710441815089e-02	-6.724626257728284762e-02	4.117447943582494552e-02	-3.681940131402120647e-02	4.878590805630712152e-02
2.868601712641731249e-01	-6.971510286129125600e-01	2.578108407913016764e-01	-2.127569666029729412e-01	1.697762609134781664e-01	-3.406455479095198413e-01	1.000000000000001110e+00	-3.032083761546404133e-01	1.616510333930547272e-01	-1.374630441448859430e-01	2.497616345068247590e-01	-3.164646648731085365e-01	2.125391272589693681e-01	-2.121313128822528982e-01	1.678126926523387519e-01	-1.596117746050266240e-01	1.958405901121899328e-01	-1.864993741467906307e-01	1.350387689474547848e-01	-1.416738805117786493e-01	1.234193283611202535e-01	-2.048115799579010021e-01	8.802606403596713314e-02	-1.018391424548499014e-01	9.846829446548681364e-02	-6.551985959011302763e-02	6.798828378480273327e-02	-9.949412260454738866e-02	1.032171194623474481e-01	-1.079893576427646829e-01	5.515007541463217561e-02	-5.578740065782335916e-02	7.739441784706108107e-02	-5.356193990637545671e-02	5.065921482211115101e-02	-1.223879591200399825e-01	8.940342205543476417e-02	-5.518812468178112274e-02	4.972820239749645155e-02	-6.636007382125624909e-02
-1.836073302947268671e-01	2.466963046659931824e-01	-6.303905585488553953e-01	2.662896507396896317e-01	-2.267868177931854079e-01	1.437481917357825434e-01	-3.032083761546404133e-01	1.000000000000001332e+00	-2.609221734104008039e-01	1.722592220170316990e-01	-1.841418670751866216e-01	1.998113734631227212e-01	-5.173734731277774834e-01	2.702677596849876740e-01	-1.887721202811377674e-01	1.077998663216448993e-01	-1.589739777742398552e-01	1.731770446351301174e-01	-1.435120035189279553e-01	1.391975822567876886e-01	-9.054548914498927736e-02	1.412560336041608355e-01	-7.343076488807179225e-02	9.227767174609398382e-02	-9.256775267295284937e-02	5.086430890792680709e-02	-5.390028606348168383e-02	8.164010920178720043e-02	-9.305705030191051275e-02	9.517684053616710937e-02	-4.420932488039518160e-02	4.462665202133860726e-02	-6.550014147674083909e-02	4.607884346613974613e-02	-4.386006606107686195e-02	9.887377869222895022e-02	-7.548535306320403038e-02	4.641016299952106100e-02	-4.228437524882868587e-02	5.607789990788850792e-02
1.274459782560571353e-01	-1.587983337642849269e-01	2.373288042946521126e-01	-5.635227730571359395e-01	3.115523566245262943e-01	-1.007853684868842553e-01	1.616510333930547272e-01	-2.609221734104008039e-01	1.000000000000002665e+00	-5.157102472426792206e-01	1.341766263789704594e-01	-1.457714132970532595e-01	2.396934040167416069e-01	-4.484722356645404195e-01	2.393394796037380534e-01	-9.208239644945022395e-02	1.286004321110076065e-01	-1.937352335804198300e-01	1.646530303427123088e-01	-1.749231386736985749e-01	7.668155948512074549e-02	-1.246076163025642003e-01	7.618829159210398216e-02	-1.052335856031205441e-01	1.046078497859553591e-01	-4.969024461524765984e-02	5.263986450310182558e-02	-8.635365611197871882e-02	9.971869884305062381e-02	-1.070939467088306146e-01	4.381436491493169438e-02	-4.449353124214227434e-02	6.770982696777562426e-02	-4.969229006654947434e-02	4.732701805268610395e-02	-1.046094179864062584e-01	7.710860087480954361e-02	-4.842937659989500487e-02	4.458891883493664582e-02	-5.989915071302135546e-02
-1.127904208723368162e-01	1.295583512348967847e-01	-1.780646143614411092e-01	2.860701838289847476e-01	-6.456094375183272227e-01	8.803653847416463563e-02	-1.374630441448859430e-01	1.722592220170316990e-01	-5.157102472426792206e-01	1.000000000000000222e+00	-1.190135098717099021e-01	1.228955710235208471e-01	-1.796177748985802181e-01	2.299276514669241489e-01	-4.223263402809562805e-01	8.538901388457029173e-02	-1.166516799491140732e-01	1.827861071189278985e-01	-1.521058979685125934e-01	1.917341636442099484e-01	-7.130976469108146754e-02	1.160975121058466508e-01	-7.777961978505429363e-02	1.106601778760758353e-01	-1.120430223745173398e-01	4.981189030778510746e-02	-5.285147817998039205e-02	8.888335616019496510e-02	-1.046297455388757597e-01	1.144102247758349011e-01	-4.441383770652495427e-02	4.515779670937385137e-02	-7.016727000440983741e-02	5.233209815047865782e-02	-4.987205133522470274e-02	1.095407383517165573e-01	-7.976591026960996866e-02	5.035646181903544183e-02	-4.659411190522216167e-02	6.287271395117510764e-02
2.856483150325708209e-01	-2.346545598586752268e-01	1.605950876328701427e-01	-1.601204588584429489e-01	1.474032403556160831e-01	-4.947647213940827848e-01	2.497616345068247590e-01	-1.841418670751866216e-01	1.341766263789704594e-01	-1.190135098717099021e-01	1.000000000000000444e+00	-5.492346610662204309e-01	2.012288948663813470e-01	-1.947501589721116200e-01	1.618420753528512779e-01	-3.249884140853804282e-01	2.668778826379468727e-01	-1.940054427113740432e-01	1.367121530039847876e-01	-1.405510372991069512e-01	2.044200702871701858e-01	-3.035514549137394158e-01	1.043100958242475368e-01	-1.079925394427297125e-01	1.029594939100750145e-01	-8.226008023895255150e-02	8.393462523550861143e-02	-1.164766562024398960e-01	1.093667641387479211e-01	-1.120341918807252757e-01	6.610659512642631797e-02	-6.660142737672583579e-02	8.533339484463972613e-02	-5.725283505398562345e-02	5.393310639704771564e-02	-1.313670597009684027e-01	9.744506939998553996e-02	-6.060617355700371328e-02	5.381064275650734863e-02	-7.149850641250499184e-02
-2.523651322802895058e-01	2.131410665089701062e-01	-1.757114999505346442e-01	1.597488463769154432e-01	-1.567655455634431871e-01	2.288362175143278110e-01	-3.164646648731085365e-01	1.998113734631227212e-01	-1.457714132970532595e-01	1.228955710235208471e-01	-5.492346610662204309e-01	1.000000000000001998e+00	-3.355676372888516945e-01	2.108270736098609710e-01	-1.717700652722458921e-01	1.980124520208011718e-01	-5.331237239432519148e-01	1.992017809260053784e-01	-1.495589879234179576e-01	1.385301286724053282e-01	-1.749486723764513141e-01	2.675891962099804511e-01	-9.752527285578942162e-02	1.023052656226617479e-01	-1.006743641391978916e-01	7.148297262035639699e-02	-7.588175689836909599e-02	1.043541705600183889e-01	-1.047209176137626208e-01	1.034419209424962405e-01	-5.908890600712075891e-02	5.938699990029671499e-02	-7.861743421963642009e-02	5.253859770830231202e-02	-4.974871116333241111e-02	1.144013044740045670e-01	-8.967134049477937241e-02	5.520755100542164284e-02	-4.927743391374449222e-02	6.477564737039223641e-02
1.639671336361249732e-01	-1.965697611952171020e-01	2.619118454534236085e-01	-2.560938381099036598e-01	2.014394175087630967e-01	-1.401830095352359362e-01	2.125391272589693681e-01	-5.173734731277774834e-01	2.396934040167416069e-01	-1.796177748985802181e-01	2.012288948663813470e-01	-3.355676372888516945e-01	9.999999999999998890e-01	-6.019773083489808885e-01	1.997627983298823351e-01	-1.243901304168424093e-01	1.937505611685892137e-01	-2.404419922402165066e-01	1.915171011189751860e-01	-1.718249992413524996e-01	1.032429008547035010e-01	-1.702927467226307834e-01	8.532621920229037371e-02	-1.092987106426322880e-01	1.085269950210350220e-01	-5.726360573152131095e-02	6.054382013653877848e-02	-9.474318390066766016e-02	1.047538256223704833e-01	-1.082594722498734646e-01	4.919504835440353246e-02	-4.990971645103878945e-02	7.252635846445446011e-02	-5.162683435916885083e-02	4.913118343901871909e-02	-1.089613622164729984e-01	8.243165702199770073e-02	-5.150711183784786873e-02	4.695210347516119709e-02	-6.253771766848031932e-02
-1.707507537461561697e-01	1.802397900244147033e-01	-2.663939899100961628e-01	2.646984459726081096e-01	-2.691976395424611201e-01	1.325376603264387942e-01	-2.121313128822528982e-01	2.702677596849876740e-01	-4.484722356645404195e-01	2.299276514669241489e-01	-1.947501589721116200e-01	2.108270736098609710e-01	-6.019773083489808885e-01	1.000000000000001776e+00	-2.773233666183650414e-01	1.172184121527681394e-01	-1.850724064936136448e-01	2.478389984830727810e-01	-3.129121841972716811e-01	2.067971061679626243e-01	-1.009583322147878381e-01	1.577284042991789481e-01	-9.319397800965346923e-02	1.257873185912361802e-01	-1.307658063870273946e-01	5.951469889834025417e-02	-6.371484488603727792e-02	1.016913453621649532e-01	-1.210920056786962684e-01	1.213687884755798446e-01	-5.229554199226492395e-02	5.297272976635306746e-02	-8.005670539984052758e-02	5.735978140188197072e-02	-5.487117435982072355e-02	1.167577253653616226e-01	-9.097176319973862557e-02	5.655003402178903488e-02	-5.191130381243030945e-02	6.872908183202980359e-02
1.461310491903149156e-01	-1.598875078571418973e-01	1.767499496010668525e-01	-2.479890071489033454e-01	2.844720355203848028e-01	-1.173073085201595672e-01	1.678126926523387519e-01	-1.887721202811377674e-01	2.393394796037380534e-01	-4.223263402809562805e-01	1.618420753528512779e-01	-1.717700652722458921e-01	1.997627983298823351e-01	-2.773233666183650414e-01	1.000000000000000444e+00	-1.344642450281860191e-01	1.780153368197678887e-01	-3.624675547244453067e-01	2.731792656237913008e-01	-5.361476976441885700e-01	1.111623655061776267e-01	-1.895701529326855317e-01	1.485797630268670400e-01	-2.368683639268317487e-01	2.312067765489912163e-01	-8.804368377206972518e-02	9.304825933370153290e-02	-1.751078984973377384e-01	1.981929824013563546e-01	-2.356805512636347688e-01	7.862735409788521035e-02	-8.066926329756102243e-02	1.282522923813113058e-01	-1.014080391263250669e-01	9.652118538472341525e-02	-2.028048191912552312e-01	1.418076150948982816e-01	-9.334654747728560187e-02	8.731774471409220473e-02	-1.200664700074845770e-01
-1.832588496214406504e-01	1.283638747014573256e-01	-1.048263058633499556e-01	1.017548882505052432e-01	-1.152696866312822588e-01	1.528906832913417835e-01	-1.596117746050266240e-01	1.077998663216448993e-01	-9.208239644945022395e-02	8.538901388457029173e-02	-3.249884140853804282e-01	1.980124520208011718e-01	-1.243901304168424093e-01	1.172184121527681394e-01	-1.344642450281860191e-01	9.999999999999983347e-01	-2.675475065994414869e-01	1.368805962177737645e-01	-1.041434629979647308e-01	1.038715082060697598e-01	-8.035954881147472362e-01	2.825977949482999518e-01	-9.513463496768401195e-02	8.630720502346292400e-02	-8.420780101906376325e-02	9.959565745300354156e-02	-9.861497194282263512e-02	9.769739796634725748e-02	-9.406517517154376617e-02	8.844975732496822285e-02	-7.834292035489064110e-02	7.021400748027493977e-02	-7.905852787442460561e-02	4.858856222566785427e-02	-4.576335067099100706e-02	1.071630177293817210e-01	-9.146416550291794345e-02	5.452430603599999620e-02	-4.741666060455484305e-02	6.092746394836472124e-02
1.803366087073499380e-01	-1.661560423768374817e-01	1.407206408797797292e-01	-1.420438590238228271e-01	1.486056218330269185e-01	-1.639344046426337020e-01	1.958405901121899328e-01	-1.589739777742398552e-01	1.286004321110076065e-01	-1.166516799491140732e-01	2.668778826379468727e-01	-5.331237239432519148e-01	1.937505611685892137e-01	-1.850724064936136448e-01	1.780153368197678887e-01	-2.675475065994414869e-01	1.000000000000000222e+00	-2.985513698417949224e-01	1.727847854972892339e-01	-1.568827592175674190e-01	2.210614346168658095e-01	-6.081755246787994285e-01	1.337044078863389718e-01	-1.232636388932519117e-01	1.172232386125203890e-01	-9.288945203490717173e-02	9.889122079372335283e-02	-1.415949908820688108e-01	1.202353095993289739e-01	-1.173125072191405216e-01	7.273920616765090774e-02	-7.557430155033588448e-02	9.197502087418399364e-02	-6.045167581246812388e-02	5.696145262111060315e-02	-1.295969783871656622e-01	1.019861119256432747e-01	-6.457101759169359134e-02	5.679335783894059325e-02	-7.473539364319282952e-02
-1.666467045785147982e-01	1.541490019927102273e-01	-1.768545334753432730e-01	1.821544620338419185e-01	-2.476442307462639880e-01	1.281073998325434615e-01	-1.864993741467906307e-01	1.731770446351301174e-01	-1.937352335804198300e-01	1.827861071189278985e-01	-1.940054427113740432e-01	1.992017809260053784e-01	-2.404419922402165066e-01	2.478389984830727810e-01	-3.624675547244453067e-01	1.368805962177737645e-01	-2.985513698417949224e-01	1.000000000000001332e+00	-6.765545219941953015e-01	2.937033664823293089e-01	-1.224428293710735360e-01	2.012328066536938631e-01	-1.395827732893728801e-01	1.820027297083411377e-01	-2.048851466731753390e-01	7.642304929632037780e-02	-8.411403776659363840e-02	1.402301697433822325e-01	-1.805429402893119206e-01	1.631108166173493856e-01	-6.832048402687662669e-02	6.955036023866589812e-02	-1.093617967014798714e-01	7.748323991873823369e-02	-7.485062210557331952e-02	1.447809002202977979e-01	-1.221380193462032193e-01	7.584361912073697698e-02	-6.997012721528000911e-02	9.095327919773654735e-02
1.184147704810957907e-01	-1.178323369856775216e-01	1.367351177481054003e-01	-1.526297920936339481e-01	1.806464972474353670e-01	-9.345737141715534935e-02	1.350387689474547848e-01	-1.435120035189279553e-01	1.646530303427123088e-01	-1.521058979685125934e-01	1.367121530039847876e-01	-1.495589879234179576e-01	1.915171011189751860e-01	-3.129121841972716811e-01	2.731792656237913008e-01	-1.041434629979647308e-01	1.727847854972892339e-01	-6.765545219941953015e-01	1.000000000000000888e+00	-5.158629148490365690e-01	8.938933019923378520e-02	-1.546957430075698026e-01	1.193860258629829557e-01	-2.105011701581281647e-01	2.056402909663114509e-01	-6.036742491713499581e-02	6.560133214086766307e-02	-1.265496385504495391e-01	1.511544987301172982e-01	-1.504411386335133272e-01	5.333040958511479912e-02	-5.491829277823573330e-02	8.698037683925803620e-02	-6.574510227352528546e-02	6.348250748719738712e-02	-1.169751960647127109e-01	9.409489667888822073e-02	-6.131187334037205283e-02	5.710140671583826405e-02	-7.576750262302286987e-02
-1.266916112850299259e-01	1.225042404610915125e-01	-1.407005382483274281e-01	1.629258424515140080e-01	-2.336416120386118067e-01	9.708112293314255514e-02	-1.416738805117786493e-01	1.391975822567876886e-01	-1.749231386736985749e-01	1.917341636442099484e-01	-1.405510372991069512e-01	1.385301286724053282e-01	-1.718249992413524996e-01	2.067971061679626243e-01	-5.361476976441885700e-01	1.038715082060697598e-01	-1.568827592175674190e-01	2.937033664823293089e-01	-5.158629148490365690e-01	9.999999999999993339e-01	-9.105016771047610979e-02	1.482936691189988276e-01	-1.471033507032702137e-01	2.479141843528185618e-01	-4.303131551509167818e-01	7.036412176262772655e-02	-7.746082540614038225e-02	1.511573266693659878e-01	-2.073464892593915587e-01	1.995716473891266385e-01	-6.406348974534895047e-02	6.594491390605407288e-02	-1.105715340539356745e-01	8.532436253465967846e-02	-8.384588450233868007e-02	1.438757074725276197e-01	-1.187667218122673007e-01	7.744418041813391773e-02	-7.327010549812899842e-02	9.645673090533486704e-02
1.315573256287343729e-01	-1.044386781536780356e-01	8.549254839191429423e-02	-8.570133420390949053e-02	9.403901218370407100e-02	-1.173631817994826299e-01	1.234193283611202535e-01	-9.054548914498927736e-02	7.668155948512074549e-02	-7.130976469108146754e-02	2.044200702871701858e-01	-1.749486723764513141e-01	1.032429008547035010e-01	-1.009583322147878381e-01	1.111623655061776267e-01	-8.035954881147472362e-01	2.210614346168658095e-01	-1.224428293710735360e-01	8.938933019923378520e-02	-9.105016771047610979e-02	1.000000000000000222e+00	-4.533912837359044823e-01	9.740674247597633229e-02	-8.080161061396759492e-02	7.574396041585439165e-02	-1.155119626424581658e-01	1.007904379077737972e-01	-1.019377044323964282e-01	8.338404417940052660e-02	-7.970552092670586675e-02	7.830625049864696485e-02	-7.115851397961329983e-02	7.196102055971180522e-02	-4.412687649289998015e-02	4.127740741291230364e-02	-9.885235427775557193e-02	8.138649667888833705e-02	-5.009465678037777758e-02	4.295048059027620213e-02	-5.573828777664445455e-02
-2.150555148179648657e-01	1.592956481290696558e-01	-1.378580743138765607e-01	1.343687768216399181e-01	-1.572664988676424347e-01	1.676208478681949776e-01	-2.048115799579010021e-01	1.412560336041608355e-01	-1.246076163025642003e-01	1.160975121058466508e-01	-3.035514549137394158e-01	2.675891962099804511e-01	-1.702927467226307834e-01	1.577284042991789481e-01	-1.895701529326855317e-01	2.825977949482999518e-01	-6.081755246787994285e-01	2.012328066536938631e-01	-1.546957430075698026e-01	1.482936691189988276e-01	-4.533912837359044823e-01	1.000000000000000888e+00	-2.070479557493440093e-01	1.364448273349044560e-01	-1.301594441342345254e-01	1.224235123184331669e-01	-1.478534731930929713e-01	1.721412852812733985e-01	-1.406871332880237080e-01	1.280369722268631660e-01	-9.679555216787504024e-02	9.880999884763239094e-02	-1.137803581328889063e-01	6.970945348863261115e-02	-6.561521114312424130e-02	1.458692228982467753e-01	-1.251600425662996452e-01	7.760703599768735417e-02	-6.723598121872653710e-02	8.648833804288247329e-02
8.623505685798978082e-02	-7.391404712593223347e-02	7.279673210387892224e-02	-7.889805041313448231e-02	1.032132754936893743e-01	-6.681677465102735247e-02	8.802606403596713314e-02	-7.343076488807179225e-02	7.618829159210398216e-02	-7.777961978505429363e-02	1.043100958242475368e-01	-9.752527285578942162e-02	8.532621920229037371e-02	-9.319397800965346923e-02	1.485797630268670400e-01	-9.513463496768401195e-02	1.337044078863389718e-01	-1.395827732893728801e-01	1.193860258629829557e-01	-1.471033507032702137e-01	9.740674247597633229e-02	-2.070479557493440093e-01	1.000000000000002442e+00	-3.693741263118113238e-01	2.108521242299765952e-01	-9.761523328302189328e-02	1.131657236530079075e-01	-8.248348061805780285e-01	1.983484485370261008e-01	-1.711745084790100846e-01	7.856599314418230562e-02	-8.981576482822228868e-02	1.427376859841832102e-01	-8.847031707318926685e-02	8.115929520424419730e-02	-1.416183710568682808e-01	1.163894818708109818e-01	-9.711726870321936433e-02	7.945194480758699385e-02	-1.053957442498472119e-01
-9.525489594827724060e-02	8.690219924824844899e-02	-9.298434446067853354e-02	1.042093955857328058e-01	-1.452346670396629513e-01	7.277399699969779034e-02	-1.018391424548499014e-01	9.227767174609398382e-02	-1.052335856031205441e-01	1.106601778760758353e-01	-1.079925394427297125e-01	1.023052656226617479e-01	-1.092987106426322880e-01	1.257873185912361802e-01	-2.368683639268317487e-01	8.630720502346292400e-02	-1.232636388932519117e-01	1.820027297083411377e-01	-2.105011701581281647e-01	2.479141843528185618e-01	-8.080161061396759492e-02	1.364448273349044560e-01	-3.693741263118113238e-01	1.000000000000002442e+00	-6.911203968974245493e-01	7.554412630115429905e-02	-8.621720013965766816e-02	2.499752523816899663e-01	-3.915130169557338169e-01	2.616699706131228043e-01	-6.821248143089812810e-02	7.247514224276005446e-02	-1.299598122348905593e-01	1.072321494734783387e-01	-1.051618737565712114e-01	1.427664328930793869e-01	-1.227184608822393108e-01	8.947495666890960264e-02	-8.579199780697178979e-02	1.126190270922561437e-01
9.104143405782978704e-02	-8.558146883598058419e-02	9.162834169292091713e-02	-1.049293177681130534e-01	1.396613456690126986e-01	-7.038438864794351046e-02	9.846829446548681364e-02	-9.256775267295284937e-02	1.046078497859553591e-01	-1.120430223745173398e-01	1.029594939100750145e-01	-1.006743641391978916e-01	1.085269950210350220e-01	-1.307658063870273946e-01	2.312067765489912163e-01	-8.420780101906376325e-02	1.172232386125203890e-01	-2.048851466731753390e-01	2.056402909663114509e-01	-4.303131551509167818e-01	7.574396041585439165e-02	-1.301594441342345254e-01	2.108521242299765952e-01	-6.911203968974245493e-01	1.000000000000002442e+00	-7.273813721399893795e-02	8.052071192328544291e-02	-2.338097601932940806e-01	2.704671093752401001e-01	-3.575454326372404235e-01	6.521242676888874823e-02	-6.942985111849019064e-02	1.225838879339608278e-01	-1.118954957717567950e-01	1.112651607626630873e-01	-1.442638042570653367e-01	1.184281261623216785e-01	-8.800080146432327777e-02	8.572900305271261012e-02	-1.164512139947408015e-01
-6.699688794454744523e-02	5.468333875603580835e-02	-5.054308115552132163e-02	5.335112499747760029e-02	-6.865375987382170420e-02	5.192206170063743548e-02	-6.551985959011302763e-02	5.086430890792680709e-02	-4.969024461524765984e-02	4.981189030778510746e-02	-8.226008023895255150e-02	7.148297262035639699e-02	-5.726360573152131095e-02	5.951469889834025417e-02	-8.804368377206972518e-02	9.959565745300354156e-02	-9.288945203490717173e-02	7.642304929632037780e-02	-6.036742491713499581e-02	7.036412176262772655e-02	-1.155119626424581658e-01	1.224235123184331669e-01	-9.761523328302189328e-02	7.554412630115429905e-02	-7.273813721399893795e-02	1.000000000000002220e+00	-6.677042437935182262e-01	1.120515018808884850e-01	-9.694288131420079890e-02	9.030848111910905196e-02	-6.125315782849647395e-01	3.258827365741204796e-01	-1.584085830224834235e-01	7.305141630741057712e-02	-6.562164753677909856e-02	1.968560946729102645e-01	-1.913932602044280951e-01	1.074828813890975066e-01	-8.164163375283550739e-02	1.007232630071638879e-01
6.864962972628813054e-02	-5.739845323214067679e-02	5.316927518780242140e-02	-5.667873358552453361e-02	7.203540460308489879e-02	-5.374143623198387315e-02	6.798828378480273327e-02	-5.390028606348168383e-02	5.263986450310182558e-02	-5.285147817998039205e-02	8.393462523550861143e-02	-7.588175689836909599e-02	6.054382013653877848e-02	-6.371484488603727792e-02	9.304825933370153290e-02	-9.861497194282263512e-02	9.889122079372335283e-02	-8.411403776659363840e-02	6.560133214086766307e-02	-7.746082540614038225e-02	1.007904379077737972e-01	-1.478534731930929713e-01	1.131657236530079075e-01	-8.621720013965766816e-02	8.052071192328544291e-02	-6.677042437935182262e-01	1.000000000000003997e+00	-1.498272440793567972e-01	1.055339921113857271e-01	-1.024052063215611791e-01	3.286707006759996830e-01	-5.822697771916014453e-01	1.704587819535882953e-01	-8.373056081287306995e-02	7.344194034755491263e-02	-2.340119604604315728e-01	1.910493089148306289e-01	-1.244713928924198743e-01	9.081409171000966174e-02	-1.180995114800125201e-01
-9.812277563541228764e-02	8.259814981579872983e-02	-8.220632575428875322e-02	8.869846126405209197e-02	-1.208512515552710442e-01	7.454048589831553662e-02	-9.949412260454738866e-02	8.164010920178720043e-02	-8.635365611197871882e-02	8.888335616019496510e-02	-1.164766562024398960e-01	1.043541705600183889e-01	-9.474318390066766016e-02	1.016913453621649532e-01	-1.751078984973377384e-01	9.769739796634725748e-02	-1.415949908820688108e-01	1.402301697433822325e-01	-1.265496385504495391e-01	1.511573266693659878e-01	-1.019377044323964282e-01	1.721412852812733985e-01	-8.248348061805780285e-01	2.499752523816899663e-01	-2.338097601932940806e-01	1.120515018808884850e-01	-1.498272440793567972e-01	1.000000000000001776e+00	-2.530263302658872226e-01	1.820766464080147695e-01	-9.473837243704964772e-02	1.071115108830564683e-01	-1.993799473860588256e-01	1.016373523668444301e-01	-9.394033781681290773e-02	1.579041688512572428e-01	-1.417003090609866844e-01	1.152924061874162076e-01	-9.465778511537953355e-02	1.196719940368705382e-01
9.751009584796067886e-02	-9.028469604902816803e-02	9.201037043686828565e-02	-1.044024081650256341e-01	1.373217155923669996e-01	-7.538284857801237637e-02	1.032171194623474481e-01	-9.305705030191051275e-02	9.971869884305062381e-02	-1.046297455388757597e-01	1.093667641387479211e-01	-1.047209176137626208e-01	1.047538256223704833e-01	-1.210920056786962684e-01	1.981929824013563546e-01	-9.406517517154376617e-02	1.202353095993289739e-01	-1.805429402893119206e-01	1.511544987301172982e-01	-2.073464892593915587e-01	8.338404417940052660e-02	-1.406871332880237080e-01	1.983484485370261008e-01	-3.915130169557338169e-01	2.704671093752401001e-01	-9.694288131420079890e-02	1.055339921113857271e-01	-2.530263302658872226e-01	1.000000000000002665e+00	-7.050295800109891431e-01	9.114536739294215595e-02	-9.702501378152812717e-02	1.889274238174900589e-01	-2.496937048312907192e-01	2.170994254068840112e-01	-2.264742081564971588e-01	1.791327881461655946e-01	-1.455079763587583397e-01	1.545127844337714218e-01	-2.206086258352660256e-01
-1.023282454356066185e-01	9.220711895434173522e-02	-9.693743061252400872e-02	1.089164088813528719e-01	-1.575862010052542506e-01	7.707915463642796283e-02	-1.079893576427646829e-01	9.517684053616710937e-02	-1.070939467088306146e-01	1.144102247758349011e-01	-1.120341918807252757e-01	1.034419209424962405e-01	-1.082594722498734646e-01	1.213687884755798446e-01	-2.356805512636347688e-01	8.844975732496822285e-02	-1.173125072191405216e-01	1.631108166173493856e-01	-1.504411386335133272e-01	1.995716473891266385e-01	-7.970552092670586675e-02	1.280369722268631660e-01	-1.711745084790100846e-01	2.616699706131228043e-01	-3.575454326372404235e-01	9.030848111910905196e-02	-1.024052063215611791e-01	1.820766464080147695e-01	-7.050295800109891431e-01	1.000000000000003331e+00	-8.993102308249843746e-02	9.453623661786474119e-02	-2.040757595299701188e-01	2.271824668212188980e-01	-3.266860836986962835e-01	1.958549981257626527e-01	-1.940419210973023389e-01	1.437618787484721550e-01	-1.633563222529597347e-01	2.024540636227427359e-01
5.546292756556575609e-02	-4.683882507780465221e-02	4.385554686306181865e-02	-4.718628574365436174e-02	6.111005281488103569e-02	-4.311093412644607242e-02	5.515007541463217561e-02	-4.420932488039518160e-02	4.381436491493169438e-02	-4.441383770652495427e-02	6.610659512642631797e-02	-5.908890600712075891e-02	4.919504835440353246e-02	-5.229554199226492395e-02	7.862735409788521035e-02	-7.834292035489064110e-02	7.273920616765090774e-02	-6.832048402687662669e-02	5.333040958511479912e-02	-6.406348974534895047e-02	7.830625049864696485e-02	-9.679555216787504024e-02	7.856599314418230562e-02	-6.821248143089812810e-02	6.521242676888874823e-02	-6.125315782849647395e-01	3.286707006759996830e-01	-9.473837243704964772e-02	9.114536739294215595e-02	-8.993102308249843746e-02	1.000000000000003553e+00	-6.513210874533355010e-01	1.692249572571041250e-01	-7.974846249122011232e-02	6.952906214736041812e-02	-2.691273862139943462e-01	1.993009322739405509e-01	-1.239842768619230789e-01	8.876782412242882614e-02	-1.138543175700317267e-01
-5.608083847414942202e-02	4.710332322717653009e-02	-4.438268386136903082e-02	4.769561332895719263e-02	-6.212004098782147876e-02	4.324828982837428115e-02	-5.578740065782335916e-02	4.462665202133860726e-02	-4.449353124214227434e-02	4.515779670937385137e-02	-6.660142737672583579e-02	5.938699990029671499e-02	-4.990971645103878945e-02	5.297272976635306746e-02	-8.066926329756102243e-02	7.021400748027493977e-02	-7.557430155033588448e-02	6.955036023866589812e-02	-5.491829277823573330e-02	6.594491390605407288e-02	-7.115851397961329983e-02	9.880999884763239094e-02	-8.981576482822228868e-02	7.247514224276005446e-02	-6.942985111849019064e-02	3.258827365741204796e-01	-5.822697771916014453e-01	1.071115108830564683e-01	-9.702501378152812717e-02	9.453623661786474119e-02	-6.513210874533355010e-01	1.000000000000003553e+00	-2.408649317594022399e-01	8.923749159607537174e-02	-7.729214365194705949e-02	2.280758968841941903e-01	-2.619829241381934626e-01	1.463471421481623569e-01	-1.015078689289297953e-01	1.248285259932294111e-01
7.556184080435496275e-02	-6.683330617750181391e-02	6.519724726074548060e-02	-7.224094342300280136e-02	9.574968154176681512e-02	-5.807415963392855568e-02	7.739441784706108107e-02	-6.550014147674083909e-02	6.770982696777562426e-02	-7.016727000440983741e-02	8.533339484463972613e-02	-7.861743421963642009e-02	7.252635846445446011e-02	-8.005670539984052758e-02	1.282522923813113058e-01	-7.905852787442460561e-02	9.197502087418399364e-02	-1.093617967014798714e-01	8.698037683925803620e-02	-1.105715340539356745e-01	7.196102055971180522e-02	-1.137803581328889063e-01	1.427376859841832102e-01	-1.299598122348905593e-01	1.225838879339608278e-01	-1.584085830224834235e-01	1.704587819535882953e-01	-1.993799473860588256e-01	1.889274238174900589e-01	-2.040757595299701188e-01	1.692249572571041250e-01	-2.408649317594022399e-01	1.000000000000003997e+00	-3.025619889226415227e-01	2.136388736074567307e-01	-3.747982039348964345e-01	2.992850479444469358e-01	-6.209792306848894716e-01	2.922077408660469500e-01	-3.824152228976172574e-01
-5.164621637690101214e-02	4.591122864108269919e-02	-4.646701257082743591e-02	5.179841238162540690e-02	-7.208274938656773767e-02	3.917460316019448496e-02	-5.356193990637545671e-02	4.607884346613974613e-02	-4.969229006654947434e-02	5.233209815047865782e-02	-5.725283505398562345e-02	5.253859770830231202e-02	-5.162683435916885083e-02	5.735978140188197072e-02	-1.014080391263250669e-01	4.858856222566785427e-02	-6.045167581246812388e-02	7.748323991873823369e-02	-6.574510227352528546e-02	8.532436253465967846e-02	-4.412687649289998015e-02	6.970945348863261115e-02	-8.847031707318926685e-02	1.072321494734783387e-01	-1.118954957717567950e-01	7.305141630741057712e-02	-8.373056081287306995e-02	1.016373523668444301e-01	-2.496937048312907192e-01	2.271824668212188980e-01	-7.974846249122011232e-02	8.923749159607537174e-02	-3.025619889226415227e-01	1.000000000000003775e+00	-7.726512367997998565e-01	1.652920131690217009e-01	-1.835265773622584418e-01	2.098087438830100182e-01	-3.688479729140749508e-01	2.954470652319728385e-01
4.870392986139895214e-02	-4.355068403866668714e-02	4.414809950799523930e-02	-4.935261519925980556e-02	6.836133041187940351e-02	-3.700890734782396468e-02	5.065921482211115101e-02	-4.386006606107686195e-02	4.732701805268610395e-02	-4.987205133522470274e-02	5.393310639704771564e-02	-4.974871116333241111e-02	4.913118343901871909e-02	-5.487117435982072355e-02	9.652118538472341525e-02	-4.576335067099100706e-02	5.696145262111060315e-02	-7.485062210557331952e-02	6.348250748719738712e-02	-8.384588450233868007e-02	4.127740741291230364e-02	-6.561521114312424130e-02	8.115929520424419730e-02	-1.051618737565712114e-01	1.112651607626630873e-01	-6.562164753677909856e-02	7.344194034755491263e-02	-9.394033781681290773e-02	2.170994254068840112e-01	-3.266860836986962835e-01	6.952906214736041812e-02	-7.729214365194705949e-02	2.136388736074567307e-01	-7.726512367997998565e-01	1.000000000000003775e+00	-1.567235963344330296e-01	1.594466864507705639e-01	-1.821887426354210637e-01	2.521234099524315986e-01	-4.196053388404631379e-01
-1.219213364359701957e-01	1.026183097805109107e-01	-1.014539021335907482e-01	1.104636367103781353e-01	-1.592081782388081179e-01	8.988583710441815089e-02	-1.223879591200399825e-01	9.887377869222895022e-02	-1.046094179864062584e-01	1.095407383517165573e-01	-1.313670597009684027e-01	1.144013044740045670e-01	-1.089613622164729984e-01	1.167577253653616226e-01	-2.028048191912552312e-01	1.071630177293817210e-01	-1.295969783871656622e-01	1.447809002202977979e-01	-1.169751960647127109e-01	1.438757074725276197e-01	-9.885235427775557193e-02	1.458692228982467753e-01	-1.416183710568682808e-01	1.427664328930793869e-01	-1.442638042570653367e-01	1.968560946729102645e-01	-2.340119604604315728e-01	1.579041688512572428e-01	-2.264742081564971588e-01	1.958549981257626527e-01	-2.691273862139943462e-01	2.280758968841941903e-01	-3.747982039348964345e-01	1.652920131690217009e-01	-1.567235963344330296e-01	1.000000000000003775e+00	-6.939152809232402852e-01	2.529158546737785285e-01	-2.044335475810246661e-01	2.196093393170100161e-01
8.747634267627948934e-02	-7.779095399132206212e-02	7.500834437593958959e-02	-8.332669495069922050e-02	1.095312059302644692e-01	-6.724626257728284762e-02	8.940342205543476417e-02	-7.548535306320403038e-02	7.710860087480954361e-02	-7.976591026960996866e-02	9.744506939998553996e-02	-8.967134049477937241e-02	8.243165702199770073e-02	-9.097176319973862557e-02	1.418076150948982816e-01	-9.146416550291794345e-02	1.019861119256432747e-01	-1.221380193462032193e-01	9.409489667888822073e-02	-1.187667218122673007e-01	8.138649667888833705e-02	-1.251600425662996452e-01	1.163894818708109818e-01	-1.227184608822393108e-01	1.184281261623216785e-01	-1.913932602044280951e-01	1.910493089148306289e-01	-1.417003090609866844e-01	1.791327881461655946e-01	-1.940419210973023389e-01	1.993009322739405509e-01	-2.619829241381934626e-01	2.992850479444469358e-01	-1.835265773622584418e-01	1.594466864507705639e-01	-6.939152809232402852e-01	1.000000000000003331e+00	-4.169549801563646740e-01	2.280839814757351924e-01	-3.007751407546856992e-01
-5.399799931766068040e-02	4.734650092632905483e-02	-4.649551176299328292e-02	5.137463480400103477e-02	-6.943658742726951938e-02	4.117447943582494552e-02	-5.518812468178112274e-02	4.641016299952106100e-02	-4.842937659989500487e-02	5.035646181903544183e-02	-6.060617355700371328e-02	5.520755100542164284e-02	-5.150711183784786873e-02	5.655003402178903488e-02	-9.334654747728560187e-02	5.452430603599999620e-02	-6.457101759169359134e-02	7.584361912073697698e-02	-6.131187334037205283e-02	7.744418041813391773e-02	-5.009465678037777758e-02	7.760703599768735417e-02	-9.711726870321936433e-02	8.947495666890960264e-02	-8.800080146432327777e-02	1.074828813890975066e-01	-1.244713928924198743e-01	1.152924061874162076e-01	-1.455079763587583397e-01	1.437618787484721550e-01	-1.239842768619230789e-01	1.463471421481623569e-01	-6.209792306848894716e-01	2.098087438830100182e-01	-1.821887426354210637e-01	2.529158546737785285e-01	-4.169549801563646740e-01	1.000000000000003553e+00	-5.388224555531795357e-01	2.940892649581057228e-01
4.834654957445178036e-02	-4.277039091369388979e-02	4.241913546701082949e-02	-4.711800341572644490e-02	6.418449575555262854e-02	-3.681940131402120647e-02	4.972820239749645155e-02	-4.228437524882868587e-02	4.458891883493664582e-02	-4.659411190522216167e-02	5.381064275650734863e-02	-4.927743391374449222e-02	4.695210347516119709e-02	-5.191130381243030945e-02	8.731774471409220473e-02	-4.741666060455484305e-02	5.679335783894059325e-02	-6.997012721528000911e-02	5.710140671583826405e-02	-7.327010549812899842e-02	4.295048059027620213e-02	-6.723598121872653710e-02	7.945194480758699385e-02	-8.579199780697178979e-02	8.572900305271261012e-02	-8.164163375283550739e-02	9.081409171000966174e-02	-9.465778511537953355e-02	1.545127844337714218e-01	-1.633563222529597347e-01	8.876782412242882614e-02	-1.015078689289297953e-01	2.922077408660469500e-01	-3.688479729140749508e-01	2.521234099524315986e-01	-2.044335475810246661e-01	2.280839814757351924e-01	-5.388224555531795357e-01	1.000000000000003997e+00	-6.521563276018036426e-01
