1.000000000000000000e+00	-8.524999833815870565e-01	2.146919968454361061e-01	-1.655794811245522025e-01	1.265351242644228713e-01	-3.609822207171163311e-01	1.867618468170522128e-01	-1.720906962126713124e-01	1.290314412321862114e-01	-9.918578433418114015e-02	1.383626682934165908e-01	-1.388140363252092779e-01	1.223988278982649780e-01	-1.099789110033673467e-01	1.064296232997852115e-01	-9.962976994609108738e-02	1.064733647376429199e-01	-1.194901579924593088e-01	9.785173806302370492e-02	-1.025650172508716929e-01	1.137323761479064610e-01	-1.142983060072350204e-01	8.563486498676711745e-02	-7.050725088814353836e-02	8.521371416163359136e-02	-7.237026706606640436e-02	7.376274605963306641e-02	-7.503975390039961668e-02	6.530529862999372159e-02	-9.085997804620565832e-02	5.306196745480017130e-02	-6.735334751892224636e-02	6.958696766460281680e-02	-6.458228250152439620e-02	5.393894597407188768e-02	-5.415219078286486604e-02	6.834302481958565156e-02	-7.007328411341340324e-02	5.363573898347749613e-02	-5.069952227836896363e-02
-8.524999833815870565e-01	1.000000000000000222e+00	-3.121163921449183754e-01	1.686453536688083676e-01	-1.371286739238622987e-01	2.426558508659965585e-01	-2.300836124539542282e-01	1.798642551755066654e-01	-1.415673363065170220e-01	1.023659626956067714e-01	-1.344705357392757539e-01	1.382839778296311717e-01	-1.274411368699998603e-01	1.101175316853159336e-01	-1.093533250444394117e-01	9.464496978073012878e-02	-1.056761192473415767e-01	1.166359768938615427e-01	-9.840897746744120544e-02	1.003452864883735418e-01	-1.129973102437277221e-01	1.094032262542014161e-01	-8.446783101270109728e-02	6.853136458061928615e-02	-8.397350329469190078e-02	7.014894082819719823e-02	-7.246664983023169693e-02	7.284010793587374077e-02	-6.376626484174975629e-02	8.705619075250499439e-02	-5.170637891054453289e-02	6.526206679538998356e-02	-6.811390464467030614e-02	6.236346596831104233e-02	-5.233945748754621069e-02	5.219544387879689745e-02	-6.674959174523070748e-02	6.721948493806795266e-02	-5.203597507754034041e-02	4.878353520181306913e-02
2.146919968454361061e-01	-3.121163921449183754e-01	1.000000000000000000e+00	-6.115015516425336140e-01	2.187113500383269238e-01	-2.896226231040948673e-01	2.609260391696676118e-01	-4.639947960234275803e-01	2.684486694078836444e-01	-1.952222131390951576e-01	1.573275235075105860e-01	-2.106739833885429847e-01	2.092282024169971055e-01	-1.990166087351099011e-01	1.754745167267847406e-01	-1.265496823369652302e-01	1.463924269421413571e-01	-1.947076101026408435e-01	1.589835732709981020e-01	-1.677035845488386578e-01	1.437806994138632888e-01	-1.603863569546808976e-01	1.252994301180466452e-01	-1.052849304483112619e-01	1.271442387782011629e-01	-9.836833419548045299e-02	9.966151938549831779e-02	-1.096343939185334682e-01	9.556089090645902839e-02	-1.378301142948311353e-01	7.386432493947352185e-02	-9.520865256901647755e-02	9.813162513050838198e-02	-9.423156987837091880e-02	7.828580659338842118e-02	-7.679612801934648791e-02	9.495256670712576286e-02	-1.009718294747744272e-01	7.720833699125584371e-02	-7.425234492416837861e-02
-1.655794811245522025e-01	1.686453536688083676e-01	-6.115015516425336140e-01	1.000000000000000000e+00	-3.402107636409043012e-01	2.087177204972774369e-01	-2.135884210246838111e-01	2.418215306695044031e-01	-5.592115465973486188e-01	2.497097281607564556e-01	-1.317545089495525124e-01	1.640907801573293356e-01	-1.769370329510485951e-01	2.053079455826689326e-01	-1.960814199394571300e-01	1.038576628071317537e-01	-1.229418037850093376e-01	1.623791708370580233e-01	-1.572137008290996896e-01	1.569397851609134198e-01	-1.232399167497100906e-01	1.311579243902538661e-01	-1.093329804720304527e-01	9.200760762442398988e-02	-1.161535767889700782e-01	8.288423869488573126e-02	-8.518857941006752199e-02	9.360486954566393791e-02	-8.380815534146525414e-02	1.197871839728490845e-01	-6.351706398491191452e-02	8.108676627138995674e-02	-8.483912133636246911e-02	8.119591885116460295e-02	-6.815355952659382655e-02	6.528211874428969941e-02	-8.214878812604806124e-02	8.584124627952977038e-02	-6.685331223906337828e-02	6.393776368738632310e-02
1.265351242644228713e-01	-1.371286739238622987e-01	2.187113500383269238e-01	-3.402107636409043012e-01	1.000000000000000000e+00	-2.724573497265204147e-01	1.837946258193011440e-01	-2.091874958414286778e-01	3.058061275066255025e-01	-7.312454797313248100e-01	1.508036025549176762e-01	-1.802929887162633693e-01	1.739158424876865727e-01	-2.344250430871324953e-01	2.319847309867457130e-01	-1.246539140374017529e-01	1.417862635986697761e-01	-1.965974428709055810e-01	1.767588357055168979e-01	-2.164263950751720289e-01	1.449327001651363189e-01	-1.645958082721634963e-01	1.340401014480510633e-01	-1.205829798535252156e-01	1.493706498050935971e-01	-1.042778669997577734e-01	1.049171742856805228e-01	-1.201285883943212784e-01	1.084562428563225767e-01	-1.694204955055965967e-01	8.194947418356325619e-02	-1.051283210653437689e-01	1.075577618584298289e-01	-1.090269580042353414e-01	9.107092551928351598e-02	-8.684930044029631757e-02	1.062311796374877382e-01	-1.170790940492744958e-01	8.869903231511133690e-02	-8.760674601737562794e-02
-3.609822207171163311e-01	2.426558508659965585e-01	-2.896226231040948673e-01	2.087177204972774369e-01	-2.724573497265204147e-01	1.000000000000000444e+00	-3.672757127340501304e-01	2.471736277422448558e-01	-2.376446828891048968e-01	1.805182785937214374e-01	-4.649219087567867947e-01	2.516242473069449925e-01	-2.325319770998297841e-01	1.992451606143604281e-01	-2.173082808998078874e-01	2.496226698607253436e-01	-2.505752078428551410e-01	2.239938806411503336e-01	-1.947308559322912802e-01	1.931957609043465085e-01	-3.089723488144782704e-01	2.439572338918490069e-01	-1.864677484718580969e-01	1.459015093820164588e-01	-1.807989755081535754e-01	1.695894223857720429e-01	-1.784778361384817824e-01	1.595635624409746656e-01	-1.398793817299328335e-01	1.782961485980447958e-01	-1.213033864032040388e-01	1.491623343860021267e-01	-1.574407012769002967e-01	1.359197697353971279e-01	-1.155038447790177336e-01	1.180330436974579150e-01	-1.574652752523732768e-01	1.479236920712186376e-01	-1.160894730969651290e-01	1.053559135128653013e-01
1.867618468170522128e-01	-2.300836124539542282e-01	2.609260391696676118e-01	-2.135884210246838111e-01	1.837946258193011440e-01	-3.672757127340501304e-01	1.000000000000000222e+00	-6.144551973991192462e-01	1.964704373795058412e-01	-1.509242483541979873e-01	2.059567407010099716e-01	-4.791598347811770187e-01	2.922386781612096307e-01	-1.967924311453087272e-01	1.785128106687915994e-01	-1.710421348962454513e-01	2.085701272167119480e-01	-2.377391768868641342e-01	1.765912565745541563e-01	-1.778004264072928775e-01	1.809659482994792068e-01	-2.158927711701018881e-01	1.491209530604811762e-01	-1.198574503109149231e-01	1.414921165317398200e-01	-1.206640536389575885e-01	1.221072976652105152e-01	-1.288411598772157274e-01	1.093272821404879525e-01	-1.507033581958344415e-01	8.597229038662448919e-02	-1.118753915803207544e-01	1.152203020654082449e-01	-1.068411587975634652e-01	8.824955433464852506e-02	-8.849222520916856516e-02	1.094377544905915101e-01	-1.142743718070511061e-01	8.773058499551633638e-02	-8.314347456476786635e-02
-1.720906962126713124e-01	1.798642551755066654e-01	-4.639947960234275803e-01	2.418215306695044031e-01	-2.091874958414286778e-01	2.471736277422448558e-01	-6.144551973991192462e-01	1.000000000000000222e+00	-2.548052537078082658e-01	1.631086335933433773e-01	-1.740028270159540147e-01	2.831728357497497184e-01	-4.125614724887223250e-01	1.982828504494483224e-01	-1.863490669032959179e-01	1.372211584604172696e-01	-1.750088078621326870e-01	2.193958670877908523e-01	-1.787644439817182296e-01	1.659999558235514816e-01	-1.572884732745880032e-01	1.701630275239281176e-01	-1.380682789808884703e-01	1.076875074154744066e-01	-1.314584549884464382e-01	1.025980247220540931e-01	-1.061586530938371520e-01	1.140076784158032264e-01	-9.870005941935136584e-02	1.331050709069791782e-01	-7.559142932706350293e-02	9.741101984469158204e-02	-1.026678838462765364e-01	9.417941737860675844e-02	-7.852678686400317576e-02	7.677821238886536892e-02	-9.678148135757959347e-02	9.916813032696350505e-02	-7.774226021157121247e-02	7.306504657855436569e-02
1.290314412321862114e-01	-1.415673363065170220e-01	2.684486694078836444e-01	-5.592115465973486188e-01	3.058061275066255025e-01	-2.376446828891048968e-01	1.964704373795058412e-01	-2.548052537078082658e-01	1.000000000000000444e+00	-5.041806194776611294e-01	1.420394898215481538e-01	-1.846710187841849871e-01	1.918029839490120736e-01	-3.703790400376265612e-01	2.464582810719798678e-01	-1.165394946198656245e-01	1.371440182225880100e-01	-1.996934187306164676e-01	1.953233986429767921e-01	-2.052387971612538164e-01	1.352080990248244463e-01	-1.516816297011679693e-01	1.263775544981526888e-01	-1.098613157596752127e-01	1.371668378406705191e-01	-9.467205004291612269e-02	9.629141489848336288e-02	-1.099600727294617192e-01	9.835179271409874580e-02	-1.458195080333052340e-01	7.289197990461608601e-02	-9.405055647571163024e-02	9.752553461324676987e-02	-9.594368878002247636e-02	8.012229510059838689e-02	-7.600878394937032878e-02	9.416483063816009913e-02	-1.010137399341619335e-01	7.820356809209583204e-02	-7.588616320358608502e-02
-9.918578433418114015e-02	1.023659626956067714e-01	-1.952222131390951576e-01	2.497097281607564556e-01	-7.312454797313248100e-01	1.805182785937214374e-01	-1.509242483541979873e-01	1.631086335933433773e-01	-5.041806194776611294e-01	1.000000000000000444e+00	-1.138737024805540482e-01	1.381554518916350838e-01	-1.454114663513234318e-01	2.205725149867499013e-01	-2.909021233455387212e-01	9.215763476790618525e-02	-1.086366246442161260e-01	1.520822166938201603e-01	-1.579677688117363532e-01	1.781098708375068451e-01	-1.100257681263466930e-01	1.196892838939944831e-01	-1.032634799318974395e-01	9.087086393916281313e-02	-1.191210203862021200e-01	7.657656944849219882e-02	-7.844125247941087509e-02	8.919867602952646912e-02	-8.190161981410908065e-02	1.226790783629528314e-01	-6.017075304809794967e-02	7.688123688302497816e-02	-8.032399510641745344e-02	7.950731451645513814e-02	-6.706208709541267021e-02	6.244410522795711127e-02	-7.818868034676033918e-02	8.329021671567266027e-02	-6.506905819450960193e-02	6.320013781204691927e-02
1.383626682934165908e-01	-1.344705357392757539e-01	1.573275235075105860e-01	-1.317545089495525124e-01	1.508036025549176762e-01	-4.649219087567867947e-01	2.059567407010099716e-01	-1.740028270159540147e-01	1.420394898215481538e-01	-1.138737024805540482e-01	1.000000000000001998e+00	-2.763627923353046412e-01	1.921405377822081595e-01	-1.556486420710056218e-01	1.526001139891149383e-01	-6.576844115955159387e-01	2.832297671295366248e-01	-2.165061906238251177e-01	1.564732276780689268e-01	-1.624064499970767073e-01	2.777248894373249288e-01	-3.098381554735661347e-01	1.595452674156211670e-01	-1.270253330396990399e-01	1.429245538999164289e-01	-1.803833964627210018e-01	1.612031680128154787e-01	-1.465244369732243701e-01	1.178647743522816121e-01	-1.573643578578621249e-01	1.017500998161111475e-01	-1.375143522021364806e-01	1.338438495064227240e-01	-1.184564205455320152e-01	9.601469223867482861e-02	-1.056785703774888868e-01	1.252382024832234264e-01	-1.306637534581826243e-01	9.726788531055072240e-02	-9.123027520892595943e-02
-1.388140363252092779e-01	1.382839778296311717e-01	-2.106739833885429847e-01	1.640907801573293356e-01	-1.802929887162633693e-01	2.516242473069449925e-01	-4.791598347811770187e-01	2.831728357497497184e-01	-1.846710187841849871e-01	1.381554518916350838e-01	-2.763627923353046412e-01	9.999999999999994449e-01	-5.852757711593333800e-01	2.077433239458680303e-01	-1.986678604271581161e-01	2.113918418471255889e-01	-3.819233391888305906e-01	2.691715956945127664e-01	-2.070325803984950641e-01	1.808622248366591745e-01	-2.182468153241290398e-01	2.440419173065487279e-01	-1.718290253744144680e-01	1.257643662000135776e-01	-1.505049702261008482e-01	1.330910064416624405e-01	-1.391382364638406588e-01	1.380420486499956134e-01	-1.163638794034911605e-01	1.485543637499708858e-01	-9.076499895476651536e-02	1.185208817384118124e-01	-1.253443605025671148e-01	1.093675969668952974e-01	-9.071109690678684501e-02	9.074492959693633565e-02	-1.144255020872866346e-01	1.145557044887201004e-01	-9.058930624860464520e-02	8.361333141305300753e-02
1.223988278982649780e-01	-1.274411368699998603e-01	2.092282024169971055e-01	-1.769370329510485951e-01	1.739158424876865727e-01	-2.325319770998297841e-01	2.922386781612096307e-01	-4.125614724887223250e-01	1.918029839490120736e-01	-1.454114663513234318e-01	1.921405377822081595e-01	-5.852757711593333800e-01	9.999999999999966693e-01	-3.123738727504488666e-01	2.157709309573745404e-01	-1.668020138233986538e-01	2.292919014860540783e-01	-4.645017520097599606e-01	2.428899658220958768e-01	-2.125755292492949589e-01	1.763228779514130484e-01	-2.151239716112651745e-01	1.762832939946699373e-01	-1.317502210759948500e-01	1.524201289663117964e-01	-1.193644780261589322e-01	1.229648833752747805e-01	-1.433325103591203964e-01	1.168888202525270592e-01	-1.542397897272741736e-01	8.538796632748066329e-02	-1.137869018600285997e-01	1.196989255091362586e-01	-1.092113161087909096e-01	8.952498898320195020e-02	-8.723900925719978161e-02	1.080586577690274830e-01	-1.121350032224274207e-01	8.870671230307407285e-02	-8.333986583856732577e-02
-1.099789110033673467e-01	1.101175316853159336e-01	-1.990166087351099011e-01	2.053079455826689326e-01	-2.344250430871324953e-01	1.992451606143604281e-01	-1.967924311453087272e-01	1.982828504494483224e-01	-3.703790400376265612e-01	2.205725149867499013e-01	-1.556486420710056218e-01	2.077433239458680303e-01	-3.123738727504488666e-01	1.000000000000000000e+00	-6.051415766946003361e-01	1.259576310435391033e-01	-1.620264702963605252e-01	2.643820784086257092e-01	-4.707636417829196840e-01	2.992474782113996312e-01	-1.518594593534298709e-01	1.622654551312140980e-01	-1.576452512321243060e-01	1.332203596080119568e-01	-1.794245861661898089e-01	1.034536760464932481e-01	-1.083526165492991328e-01	1.270488377736851415e-01	-1.180704187646053893e-01	1.653589204347545027e-01	-8.032462427171921382e-02	1.039775873076993762e-01	-1.117480011780951216e-01	1.076403610426437951e-01	-9.100674227457006271e-02	8.167978556394556167e-02	-1.040359874829152320e-01	1.076646632082102484e-01	-8.791642925359897942e-02	8.376421112794991963e-02
1.064296232997852115e-01	-1.093533250444394117e-01	1.754745167267847406e-01	-1.960814199394571300e-01	2.319847309867457130e-01	-2.173082808998078874e-01	1.785128106687915994e-01	-1.863490669032959179e-01	2.464582810719798678e-01	-2.909021233455387212e-01	1.526001139891149383e-01	-1.986678604271581161e-01	2.157709309573745404e-01	-6.051415766946003361e-01	9.999999999999984457e-01	-1.273993391210853920e-01	1.550797311608731188e-01	-2.558107982824149307e-01	2.994749893001168450e-01	-5.363509508941173287e-01	1.524319525666301134e-01	-1.705729992437530484e-01	1.591705433649965029e-01	-1.516479830789862204e-01	2.117671890310805216e-01	-1.094858711979464355e-01	1.127291723989785055e-01	-1.367351658250039181e-01	1.307786425134346286e-01	-2.130240031641989773e-01	8.711656517425277191e-02	-1.132353556023302371e-01	1.192856527325546756e-01	-1.238965881295162330e-01	1.054586468177377140e-01	-9.052262712377791287e-02	1.137837746186701748e-01	-1.224777140117043195e-01	9.957647980768469242e-02	-9.892128811705974689e-02
-9.962976994609108738e-02	9.464496978073012878e-02	-1.265496823369652302e-01	1.038576628071317537e-01	-1.246539140374017529e-01	2.496226698607253436e-01	-1.710421348962454513e-01	1.372211584604172696e-01	-1.165394946198656245e-01	9.215763476790618525e-02	-6.576844115955159387e-01	2.113918418471255889e-01	-1.668020138233986538e-01	1.259576310435391033e-01	-1.273993391210853920e-01	1.000000000000000444e+00	-4.735531741789260618e-01	1.820525718024394168e-01	-1.348119343801006398e-01	1.299674040919876206e-01	-4.349113224618001428e-01	2.863786196829513631e-01	-1.425111792506922603e-01	1.059384372126763452e-01	-1.190919031894657754e-01	1.773362796608554393e-01	-1.642292623518440409e-01	1.262405837866832081e-01	-1.000671365287311154e-01	1.250171201795702292e-01	-8.847525823946561507e-02	1.198462210797707900e-01	-1.188903713372496396e-01	9.786052348245402599e-02	-7.947392740668596245e-02	8.827517504242776702e-02	-1.069704477402873000e-01	1.064585441103672592e-01	-8.110415115861062396e-02	7.416578452694860824e-02
1.064733647376429199e-01	-1.056761192473415767e-01	1.463924269421413571e-01	-1.229418037850093376e-01	1.417862635986697761e-01	-2.505752078428551410e-01	2.085701272167119480e-01	-1.750088078621326870e-01	1.371440182225880100e-01	-1.086366246442161260e-01	2.832297671295366248e-01	-3.819233391888305906e-01	2.292919014860540783e-01	-1.620264702963605252e-01	1.550797311608731188e-01	-4.735531741789260618e-01	9.999999999999971134e-01	-3.038274462023851097e-01	1.769143748742223188e-01	-1.642133943375247429e-01	2.768761342867366859e-01	-6.085044187219285083e-01	1.758464267450840224e-01	-1.269632211843418623e-01	1.401903042340241767e-01	-1.730060358249996544e-01	1.736062077242560564e-01	-1.499989266534291210e-01	1.167539703598140660e-01	-1.457196173278167417e-01	9.666781852190897695e-02	-1.329658411677650531e-01	1.331718521035175906e-01	-1.119364048902225656e-01	9.048457184308258960e-02	-9.723945245092908973e-02	1.177877144772097595e-01	-1.189567468075295453e-01	9.176762007405750432e-02	-8.436153631405998721e-02
-1.194901579924593088e-01	1.166359768938615427e-01	-1.947076101026408435e-01	1.623791708370580233e-01	-1.965974428709055810e-01	2.239938806411503336e-01	-2.377391768868641342e-01	2.193958670877908523e-01	-1.996934187306164676e-01	1.520822166938201603e-01	-2.165061906238251177e-01	2.691715956945127664e-01	-4.645017520097599606e-01	2.643820784086257092e-01	-2.558107982824149307e-01	1.820525718024394168e-01	-3.038274462023851097e-01	1.000000000000000666e+00	-5.287303024856828682e-01	2.627004813305923725e-01	-2.145353718927816011e-01	2.325949643198416683e-01	-3.400271593861163288e-01	1.809661667607112279e-01	-2.062905384776874407e-01	1.440530109876251019e-01	-1.557214001874693554e-01	2.008364557067680023e-01	-1.611616099246557243e-01	1.866168250373171078e-01	-1.074716050000467660e-01	1.442166293300448932e-01	-1.623465514840543023e-01	1.385512109216228693e-01	-1.132705904673978609e-01	1.070700381148284586e-01	-1.356046119061647959e-01	1.364135321835233949e-01	-1.127918971653639468e-01	1.027129716463435205e-01
9.785173806302370492e-02	-9.840897746744120544e-02	1.589835732709981020e-01	-1.572137008290996896e-01	1.767588357055168979e-01	-1.947308559322912802e-01	1.765912565745541563e-01	-1.787644439817182296e-01	1.953233986429767921e-01	-1.579677688117363532e-01	1.564732276780689268e-01	-2.070325803984950641e-01	2.428899658220958768e-01	-4.707636417829196840e-01	2.994749893001168450e-01	-1.348119343801006398e-01	1.769143748742223188e-01	-5.287303024856828682e-01	9.999999999999990008e-01	-5.369141320269610329e-01	1.582760173498070078e-01	-1.812082933951144614e-01	1.920429276183122369e-01	-1.758340470712579373e-01	2.119023314761675492e-01	-1.132025245203538838e-01	1.182131423131001086e-01	-1.547487297566366715e-01	1.413724363522332605e-01	-1.967683790630372076e-01	8.774620739869207209e-02	-1.168093371778037987e-01	1.256912898311783600e-01	-1.245040786080704176e-01	1.033186404356465221e-01	-8.979823992687632761e-02	1.133436739986354302e-01	-1.190696197567597259e-01	9.925352999392339504e-02	-9.513996498402724211e-02
-1.025650172508716929e-01	1.003452864883735418e-01	-1.677035845488386578e-01	1.569397851609134198e-01	-2.164263950751720289e-01	1.931957609043465085e-01	-1.778004264072928775e-01	1.659999558235514816e-01	-2.052387971612538164e-01	1.781098708375068451e-01	-1.624064499970767073e-01	1.808622248366591745e-01	-2.125755292492949589e-01	2.992474782113996312e-01	-5.363509508941173287e-01	1.299674040919876206e-01	-1.642133943375247429e-01	2.627004813305923725e-01	-5.369141320269610329e-01	9.999999999999963363e-01	-1.670787525442453958e-01	1.686592756833524553e-01	-1.879741061348459974e-01	1.810103277829992752e-01	-4.006367701454403019e-01	1.152039197734173182e-01	-1.229436682597537245e-01	1.491515000204638175e-01	-1.580863125627864629e-01	2.361232503438300545e-01	-9.474816975582339706e-02	1.211121865295824579e-01	-1.337268940399650718e-01	1.360846822740587048e-01	-1.205290086800274163e-01	9.509908320220419875e-02	-1.254654979248115143e-01	1.278668459410075564e-01	-1.114364298674788006e-01	1.071409775531058928e-01
1.137323761479064610e-01	-1.129973102437277221e-01	1.437806994138632888e-01	-1.232399167497100906e-01	1.449327001651363189e-01	-3.089723488144782704e-01	1.809659482994792068e-01	-1.572884732745880032e-01	1.352080990248244463e-01	-1.100257681263466930e-01	2.777248894373249288e-01	-2.182468153241290398e-01	1.763228779514130484e-01	-1.518594593534298709e-01	1.524319525666301134e-01	-4.349113224618001428e-01	2.768761342867366859e-01	-2.145353718927816011e-01	1.582760173498070078e-01	-1.670787525442453958e-01	9.999999999999958922e-01	-4.596247219891407831e-01	1.941377974006961438e-01	-1.510931999868119213e-01	1.594752871975641806e-01	-4.933464402838875773e-01	2.791695922469075164e-01	-1.960347589658756606e-01	1.427058741765183658e-01	-1.802779583174654032e-01	1.368950467941709714e-01	-2.027917791362563171e-01	1.802475645848010122e-01	-1.461118696726103061e-01	1.147360775991602966e-01	-1.420182993959090145e-01	1.576773576553905376e-01	-1.640094509538355394e-01	1.189254137968594333e-01	-1.097576730306449588e-01
-1.142983060072350204e-01	1.094032262542014161e-01	-1.603863569546808976e-01	1.311579243902538661e-01	-1.645958082721634963e-01	2.439572338918490069e-01	-2.158927711701018881e-01	1.701630275239281176e-01	-1.516816297011679693e-01	1.196892838939944831e-01	-3.098381554735661347e-01	2.440419173065487279e-01	-2.151239716112651745e-01	1.622654551312140980e-01	-1.705729992437530484e-01	2.863786196829513631e-01	-6.085044187219285083e-01	2.325949643198416683e-01	-1.812082933951144614e-01	1.686592756833524553e-01	-4.596247219891407831e-01	1.000000000000000222e+00	-2.363952327947699827e-01	1.514449519765902197e-01	-1.668970742084812664e-01	2.374518401663388290e-01	-3.019322426865497788e-01	1.881276741749375314e-01	-1.459897008567003496e-01	1.663498776199784923e-01	-1.296587862908212541e-01	1.759070013189297788e-01	-1.817285884696195064e-01	1.370083075533243266e-01	-1.115750440096413137e-01	1.233230572182070217e-01	-1.547825980594272344e-01	1.458530245156032246e-01	-1.148410651980097397e-01	1.017511171190320779e-01
8.563486498676711745e-02	-8.446783101270109728e-02	1.252994301180466452e-01	-1.093329804720304527e-01	1.340401014480510633e-01	-1.864677484718580969e-01	1.491209530604811762e-01	-1.380682789808884703e-01	1.263775544981526888e-01	-1.032634799318974395e-01	1.595452674156211670e-01	-1.718290253744144680e-01	1.762832939946699373e-01	-1.576452512321243060e-01	1.591705433649965029e-01	-1.425111792506922603e-01	1.758464267450840224e-01	-3.400271593861163288e-01	1.920429276183122369e-01	-1.879741061348459974e-01	1.941377974006961438e-01	-2.363952327947699827e-01	1.000000000000001110e+00	-4.003896086842350099e-01	2.137611971922147580e-01	-1.887807730455154931e-01	2.011071650115135445e-01	-6.435464344614428844e-01	2.648507057919304852e-01	-2.247723266011369125e-01	1.421373842525046061e-01	-2.312337092504195835e-01	2.550706022692402208e-01	-2.084276466887479140e-01	1.453815269232636431e-01	-1.484005930716724431e-01	1.709150237379422066e-01	-1.854922773108589884e-01	1.526005581730101590e-01	-1.342976706061189129e-01
-7.050725088814353836e-02	6.853136458061928615e-02	-1.052849304483112619e-01	9.200760762442398988e-02	-1.205829798535252156e-01	1.459015093820164588e-01	-1.198574503109149231e-01	1.076875074154744066e-01	-1.098613157596752127e-01	9.087086393916281313e-02	-1.270253330396990399e-01	1.257643662000135776e-01	-1.317502210759948500e-01	1.332203596080119568e-01	-1.516479830789862204e-01	1.059384372126763452e-01	-1.269632211843418623e-01	1.809661667607112279e-01	-1.758340470712579373e-01	1.810103277829992752e-01	-1.510931999868119213e-01	1.514449519765902197e-01	-4.003896086842350099e-01	9.999999999999970024e-01	-3.931600564436747436e-01	1.258452001719222446e-01	-1.410736525424362564e-01	2.543929539031070108e-01	-6.897228058403103157e-01	2.701867751775137161e-01	-1.177524890173538979e-01	1.578697735827195303e-01	-1.959341219948579904e-01	2.404695928852723652e-01	-1.814942319902973500e-01	1.153599235161769931e-01	-1.626134037595519943e-01	1.637055142100236060e-01	-1.875163820617498922e-01	1.488915065996789522e-01
8.521371416163359136e-02	-8.397350329469190078e-02	1.271442387782011629e-01	-1.161535767889700782e-01	1.493706498050935971e-01	-1.807989755081535754e-01	1.414921165317398200e-01	-1.314584549884464382e-01	1.371668378406705191e-01	-1.191210203862021200e-01	1.429245538999164289e-01	-1.505049702261008482e-01	1.524201289663117964e-01	-1.794245861661898089e-01	2.117671890310805216e-01	-1.190919031894657754e-01	1.401903042340241767e-01	-2.062905384776874407e-01	2.119023314761675492e-01	-4.006367701454403019e-01	1.594752871975641806e-01	-1.668970742084812664e-01	2.137611971922147580e-01	-3.931600564436747436e-01	9.999999999999968914e-01	-1.264623136083666555e-01	1.333175669808162600e-01	-1.915052797880318902e-01	2.589242792207764321e-01	-6.597553755350717974e-01	1.156472313707847949e-01	-1.505212154913174172e-01	1.646264069763291593e-01	-2.231223500857213993e-01	2.049834654828943115e-01	-1.195846939102966910e-01	1.605988789072569922e-01	-1.769301866104991683e-01	1.698948444888546683e-01	-1.854283635470971858e-01
-7.237026706606640436e-02	7.014894082819719823e-02	-9.836833419548045299e-02	8.288423869488573126e-02	-1.042778669997577734e-01	1.695894223857720429e-01	-1.206640536389575885e-01	1.025980247220540931e-01	-9.467205004291612269e-02	7.657656944849219882e-02	-1.803833964627210018e-01	1.330910064416624405e-01	-1.193644780261589322e-01	1.034536760464932481e-01	-1.094858711979464355e-01	1.773362796608554393e-01	-1.730060358249996544e-01	1.440530109876251019e-01	-1.132025245203538838e-01	1.152039197734173182e-01	-4.933464402838875773e-01	2.374518401663388290e-01	-1.887807730455154931e-01	1.258452001719222446e-01	-1.264623136083666555e-01	9.999999999999978906e-01	-7.290552232175389058e-01	1.925129811887635600e-01	-1.289629062894587230e-01	1.331997268205064866e-01	-1.495588972540111694e-01	2.199000732300826488e-01	-2.070603514748244889e-01	1.244195403900980879e-01	-9.680456602203205141e-02	1.296330768931960586e-01	-1.528946174461680296e-01	1.360292470028784950e-01	-1.038796397180471454e-01	8.867383815103097033e-02
7.376274605963306641e-02	-7.246664983023169693e-02	9.966151938549831779e-02	-8.518857941006752199e-02	1.049171742856805228e-01	-1.784778361384817824e-01	1.221072976652105152e-01	-1.061586530938371520e-01	9.629141489848336288e-02	-7.844125247941087509e-02	1.612031680128154787e-01	-1.391382364638406588e-01	1.229648833752747805e-01	-1.083526165492991328e-01	1.127291723989785055e-01	-1.642292623518440409e-01	1.736062077242560564e-01	-1.557214001874693554e-01	1.182131423131001086e-01	-1.229436682597537245e-01	2.791695922469075164e-01	-3.019322426865497788e-01	2.011071650115135445e-01	-1.410736525424362564e-01	1.333175669808162600e-01	-7.290552232175389058e-01	9.999999999999950040e-01	-2.761831783963376585e-01	1.407391462172647434e-01	-1.467387272423935074e-01	1.587469225237221060e-01	-3.609007817682838293e-01	2.328412085637361073e-01	-1.406847988643975256e-01	1.041005747004002113e-01	-1.502603971792546567e-01	1.606454862429532449e-01	-1.530341059033171747e-01	1.123951074284367246e-01	-9.753822156639679886e-02
-7.503975390039961668e-02	7.284010793587374077e-02	-1.096343939185334682e-01	9.360486954566393791e-02	-1.201285883943212784e-01	1.595635624409746656e-01	-1.288411598772157274e-01	1.140076784158032264e-01	-1.099600727294617192e-01	8.919867602952646912e-02	-1.465244369732243701e-01	1.380420486499956134e-01	-1.433325103591203964e-01	1.270488377736851415e-01	-1.367351658250039181e-01	1.262405837866832081e-01	-1.499989266534291210e-01	2.008364557067680023e-01	-1.547487297566366715e-01	1.491515000204638175e-01	-1.960347589658756606e-01	1.881276741749375314e-01	-6.435464344614428844e-01	2.543929539031070108e-01	-1.915052797880318902e-01	1.925129811887635600e-01	-2.761831783963376585e-01	9.999999999999971134e-01	-3.208365618903311622e-01	1.933027602030345793e-01	-1.564690716847113305e-01	2.531500949355972585e-01	-4.671196022110761237e-01	2.033550483193676539e-01	-1.431044039243477006e-01	1.470063205867641054e-01	-1.794025556650700182e-01	1.754662227769490102e-01	-1.550354480949144298e-01	1.263326673951600809e-01
6.530529862999372159e-02	-6.376626484174975629e-02	9.556089090645902839e-02	-8.380815534146525414e-02	1.084562428563225767e-01	-1.398793817299328335e-01	1.093272821404879525e-01	-9.870005941935136584e-02	9.835179271409874580e-02	-8.190161981410908065e-02	1.178647743522816121e-01	-1.163638794034911605e-01	1.168888202525270592e-01	-1.180704187646053893e-01	1.307786425134346286e-01	-1.000671365287311154e-01	1.167539703598140660e-01	-1.611616099246557243e-01	1.413724363522332605e-01	-1.580863125627864629e-01	1.427058741765183658e-01	-1.459897008567003496e-01	2.648507057919304852e-01	-6.897228058403103157e-01	2.589242792207764321e-01	-1.289629062894587230e-01	1.407391462172647434e-01	-3.208365618903311622e-01	9.999999999999985567e-01	-3.358163564046430238e-01	1.186926060611395856e-01	-1.693571481038137205e-01	2.014894574064058641e-01	-4.072776570437897647e-01	1.961042038953641764e-01	-1.202373331068797013e-01	1.640745466726830082e-01	-1.819140254061354378e-01	2.062396653849594141e-01	-1.725612859810877753e-01
-9.085997804620565832e-02	8.705619075250499439e-02	-1.378301142948311353e-01	1.197871839728490845e-01	-1.694204955055965967e-01	1.782961485980447958e-01	-1.507033581958344415e-01	1.331050709069791782e-01	-1.458195080333052340e-01	1.226790783629528314e-01	-1.573643578578621249e-01	1.485543637499708858e-01	-1.542397897272741736e-01	1.653589204347545027e-01	-2.130240031641989773e-01	1.250171201795702292e-01	-1.457196173278167417e-01	1.866168250373171078e-01	-1.967683790630372076e-01	2.361232503438300545e-01	-1.802779583174654032e-01	1.663498776199784923e-01	-2.247723266011369125e-01	2.701867751775137161e-01	-6.597553755350717974e-01	1.331997268205064866e-01	-1.467387272423935074e-01	1.933027602030345793e-01	-3.358163564046430238e-01	9.999999999999951150e-01	-1.336719720279302415e-01	1.608722581102814686e-01	-1.879852525546327480e-01	2.433432834620448959e-01	-3.630592557990273694e-01	1.296029653564218787e-01	-1.982908142514153982e-01	1.913603582835979866e-01	-2.190086296005291366e-01	2.203141407836635146e-01
5.306196745480017130e-02	-5.170637891054453289e-02	7.386432493947352185e-02	-6.351706398491191452e-02	8.194947418356325619e-02	-1.213033864032040388e-01	8.597229038662448919e-02	-7.559142932706350293e-02	7.289197990461608601e-02	-6.017075304809794967e-02	1.017500998161111475e-01	-9.076499895476651536e-02	8.538796632748066329e-02	-8.032462427171921382e-02	8.711656517425277191e-02	-8.847525823946561507e-02	9.666781852190897695e-02	-1.074716050000467660e-01	8.774620739869207209e-02	-9.474816975582339706e-02	1.368950467941709714e-01	-1.296587862908212541e-01	1.421373842525046061e-01	-1.177524890173538979e-01	1.156472313707847949e-01	-1.495588972540111694e-01	1.587469225237221060e-01	-1.564690716847113305e-01	1.186926060611395856e-01	-1.336719720279302415e-01	9.999999999999986677e-01	-3.897855986310096443e-01	2.191222527818362520e-01	-1.501476399279903229e-01	1.083382656477334810e-01	-8.055218681918485668e-01	2.539795392617878456e-01	-2.320972801171946043e-01	1.274368469035371820e-01	-1.086675107503558141e-01
-6.735334751892224636e-02	6.526206679538998356e-02	-9.520865256901647755e-02	8.108676627138995674e-02	-1.051283210653437689e-01	1.491623343860021267e-01	-1.118753915803207544e-01	9.741101984469158204e-02	-9.405055647571163024e-02	7.688123688302497816e-02	-1.375143522021364806e-01	1.185208817384118124e-01	-1.137869018600285997e-01	1.039775873076993762e-01	-1.132353556023302371e-01	1.198462210797707900e-01	-1.329658411677650531e-01	1.442166293300448932e-01	-1.168093371778037987e-01	1.211121865295824579e-01	-2.027917791362563171e-01	1.759070013189297788e-01	-2.312337092504195835e-01	1.578697735827195303e-01	-1.505212154913174172e-01	2.199000732300826488e-01	-3.609007817682838293e-01	2.531500949355972585e-01	-1.693571481038137205e-01	1.608722581102814686e-01	-3.897855986310096443e-01	9.999999999999963363e-01	-6.432434213183642058e-01	1.901536917261466286e-01	-1.373905799631370828e-01	2.516093146376617851e-01	-2.996942882732780977e-01	2.193767108070293070e-01	-1.586033072589845272e-01	1.251340487340471819e-01
6.958696766460281680e-02	-6.811390464467030614e-02	9.813162513050838198e-02	-8.483912133636246911e-02	1.075577618584298289e-01	-1.574407012769002967e-01	1.152203020654082449e-01	-1.026678838462765364e-01	9.752553461324676987e-02	-8.032399510641745344e-02	1.338438495064227240e-01	-1.253443605025671148e-01	1.196989255091362586e-01	-1.117480011780951216e-01	1.192856527325546756e-01	-1.188903713372496396e-01	1.331718521035175906e-01	-1.623465514840543023e-01	1.256912898311783600e-01	-1.337268940399650718e-01	1.802475645848010122e-01	-1.817285884696195064e-01	2.550706022692402208e-01	-1.959341219948579904e-01	1.646264069763291593e-01	-2.070603514748244889e-01	2.328412085637361073e-01	-4.671196022110761237e-01	2.014894574064058641e-01	-1.879852525546327480e-01	2.191222527818362520e-01	-6.432434213183642058e-01	9.999999999999968914e-01	-2.818381821939317522e-01	1.553349399026607014e-01	-2.274499606750806091e-01	2.265273077506956279e-01	-2.505972452797686767e-01	1.802240504902603291e-01	-1.467990366113996192e-01
-6.458228250152439620e-02	6.236346596831104233e-02	-9.423156987837091880e-02	8.119591885116460295e-02	-1.090269580042353414e-01	1.359197697353971279e-01	-1.068411587975634652e-01	9.417941737860675844e-02	-9.594368878002247636e-02	7.950731451645513814e-02	-1.184564205455320152e-01	1.093675969668952974e-01	-1.092113161087909096e-01	1.076403610426437951e-01	-1.238965881295162330e-01	9.786052348245402599e-02	-1.119364048902225656e-01	1.385512109216228693e-01	-1.245040786080704176e-01	1.360846822740587048e-01	-1.461118696726103061e-01	1.370083075533243266e-01	-2.084276466887479140e-01	2.404695928852723652e-01	-2.231223500857213993e-01	1.244195403900980879e-01	-1.406847988643975256e-01	2.033550483193676539e-01	-4.072776570437897647e-01	2.433432834620448959e-01	-1.501476399279903229e-01	1.901536917261466286e-01	-2.818381821939317522e-01	9.999999999999966693e-01	-4.189761414466229295e-01	1.427336461382135713e-01	-2.446851070807470607e-01	2.512833019962827930e-01	-5.846533588733042741e-01	2.891185664988291659e-01
5.393894597407188768e-02	-5.233945748754621069e-02	7.828580659338842118e-02	-6.815355952659382655e-02	9.107092551928351598e-02	-1.155038447790177336e-01	8.824955433464852506e-02	-7.852678686400317576e-02	8.012229510059838689e-02	-6.706208709541267021e-02	9.601469223867482861e-02	-9.071109690678684501e-02	8.952498898320195020e-02	-9.100674227457006271e-02	1.054586468177377140e-01	-7.947392740668596245e-02	9.048457184308258960e-02	-1.132705904673978609e-01	1.033186404356465221e-01	-1.205290086800274163e-01	1.147360775991602966e-01	-1.115750440096413137e-01	1.453815269232636431e-01	-1.814942319902973500e-01	2.049834654828943115e-01	-9.680456602203205141e-02	1.041005747004002113e-01	-1.431044039243477006e-01	1.961042038953641764e-01	-3.630592557990273694e-01	1.083382656477334810e-01	-1.373905799631370828e-01	1.553349399026607014e-01	-4.189761414466229295e-01	9.999999999999964473e-01	-1.116336672275032305e-01	1.743675118340244079e-01	-2.185774747986257149e-01	3.005855633885849976e-01	-7.212087149721229107e-01
-5.415219078286486604e-02	5.219544387879689745e-02	-7.679612801934648791e-02	6.528211874428969941e-02	-8.684930044029631757e-02	1.180330436974579150e-01	-8.849222520916856516e-02	7.677821238886536892e-02	-7.600878394937032878e-02	6.244410522795711127e-02	-1.056785703774888868e-01	9.074492959693633565e-02	-8.723900925719978161e-02	8.167978556394556167e-02	-9.052262712377791287e-02	8.827517504242776702e-02	-9.723945245092908973e-02	1.070700381148284586e-01	-8.979823992687632761e-02	9.509908320220419875e-02	-1.420182993959090145e-01	1.233230572182070217e-01	-1.484005930716724431e-01	1.153599235161769931e-01	-1.195846939102966910e-01	1.296330768931960586e-01	-1.502603971792546567e-01	1.470063205867641054e-01	-1.202373331068797013e-01	1.296029653564218787e-01	-8.055218681918485668e-01	2.516093146376617851e-01	-2.274499606750806091e-01	1.427336461382135713e-01	-1.116336672275032305e-01	9.999999999999962252e-01	-3.951547819258603433e-01	2.217690777263378044e-01	-1.319071682612018015e-01	1.063059848273084640e-01
6.834302481958565156e-02	-6.674959174523070748e-02	9.495256670712576286e-02	-8.214878812604806124e-02	1.062311796374877382e-01	-1.574652752523732768e-01	1.094377544905915101e-01	-9.678148135757959347e-02	9.416483063816009913e-02	-7.818868034676033918e-02	1.252382024832234264e-01	-1.144255020872866346e-01	1.080586577690274830e-01	-1.040359874829152320e-01	1.137837746186701748e-01	-1.069704477402873000e-01	1.177877144772097595e-01	-1.356046119061647959e-01	1.133436739986354302e-01	-1.254654979248115143e-01	1.576773576553905376e-01	-1.547825980594272344e-01	1.709150237379422066e-01	-1.626134037595519943e-01	1.605988789072569922e-01	-1.528946174461680296e-01	1.606454862429532449e-01	-1.794025556650700182e-01	1.640745466726830082e-01	-1.982908142514153982e-01	2.539795392617878456e-01	-2.996942882732780977e-01	2.265273077506956279e-01	-2.446851070807470607e-01	1.743675118340244079e-01	-3.951547819258603433e-01	9.999999999999966693e-01	-7.030705942668509234e-01	2.351552302039943698e-01	-1.968576216566836068e-01
-7.007328411341340324e-02	6.721948493806795266e-02	-1.009718294747744272e-01	8.584124627952977038e-02	-1.170790940492744958e-01	1.479236920712186376e-01	-1.142743718070511061e-01	9.916813032696350505e-02	-1.010137399341619335e-01	8.329021671567266027e-02	-1.306637534581826243e-01	1.145557044887201004e-01	-1.121350032224274207e-01	1.076646632082102484e-01	-1.224777140117043195e-01	1.064585441103672592e-01	-1.189567468075295453e-01	1.364135321835233949e-01	-1.190696197567597259e-01	1.278668459410075564e-01	-1.640094509538355394e-01	1.458530245156032246e-01	-1.854922773108589884e-01	1.637055142100236060e-01	-1.769301866104991683e-01	1.360292470028784950e-01	-1.530341059033171747e-01	1.754662227769490102e-01	-1.819140254061354378e-01	1.913603582835979866e-01	-2.320972801171946043e-01	2.193767108070293070e-01	-2.505972452797686767e-01	2.512833019962827930e-01	-2.185774747986257149e-01	2.217690777263378044e-01	-7.030705942668509234e-01	9.999999999999966693e-01	-4.213384579411506570e-01	2.125307614920882993e-01
5.363573898347749613e-02	-5.203597507754034041e-02	7.720833699125584371e-02	-6.685331223906337828e-02	8.869903231511133690e-02	-1.160894730969651290e-01	8.773058499551633638e-02	-7.774226021157121247e-02	7.820356809209583204e-02	-6.506905819450960193e-02	9.726788531055072240e-02	-9.058930624860464520e-02	8.870671230307407285e-02	-8.791642925359897942e-02	9.957647980768469242e-02	-8.110415115861062396e-02	9.176762007405750432e-02	-1.127918971653639468e-01	9.925352999392339504e-02	-1.114364298674788006e-01	1.189254137968594333e-01	-1.148410651980097397e-01	1.526005581730101590e-01	-1.875163820617498922e-01	1.698948444888546683e-01	-1.038796397180471454e-01	1.123951074284367246e-01	-1.550354480949144298e-01	2.062396653849594141e-01	-2.190086296005291366e-01	1.274368469035371820e-01	-1.586033072589845272e-01	1.802240504902603291e-01	-5.846533588733042741e-01	3.005855633885849976e-01	-1.319071682612018015e-01	2.351552302039943698e-01	-4.213384579411506570e-01	9.999999999999966693e-01	-5.270950020715814421e-01
