1.000000000000000222e+00	-7.831594355327546886e-01	7.949531859202584039e-02	-4.372566661959396278e-02	5.727984381731844599e-02	-4.883194392491579383e-01	3.012681718932191388e-01	-8.005490677751260498e-02	4.704386949642941351e-02	-4.231269250185893532e-02	1.984457403809123666e-01	-2.022927247482688429e-01	7.546878920042418559e-02	-5.908410171442239622e-02	4.300563042606054404e-02	-9.660245789375604408e-02	8.749373797873731540e-02	-7.084586563153759398e-02	5.607270004100669419e-02	-5.233551377521211689e-02	6.148644196291321723e-02	-6.528168369645347135e-02	5.840610002245624766e-02	-4.652267608241718311e-02	3.785412800771862513e-02	-6.628774502920467548e-02	5.213381814643767292e-02	-4.935291703969290483e-02	4.145646000405767140e-02	-2.886265470085627033e-02	4.186969596443866626e-02	-3.658275443923057063e-02	4.370915108818962391e-02	-4.228801027205749546e-02	3.166125081414426085e-02	-2.438846592979296637e-02	2.545172995730721893e-02	-5.443314611994248126e-02	3.436163761659588589e-02	-4.123135180875281414e-02
-7.831594355327546886e-01	1.000000000000000000e+00	-1.007138984684431554e-01	4.951498402789569764e-02	-6.179850166047517329e-02	2.956976306137563681e-01	-4.938591480101088282e-01	9.322631999171228367e-02	-5.365629820939832317e-02	4.481737033293935191e-02	-2.050873500154789530e-01	1.855454483235189356e-01	-8.022487334561795302e-02	6.144917681305418072e-02	-4.521309141099153633e-02	9.019758838945809987e-02	-8.581389089731028541e-02	7.150500928236136478e-02	-5.814072137953473635e-02	5.390743475207510765e-02	-6.027056222702911054e-02	6.304295892813076285e-02	-5.928853380245427407e-02	4.713297879188016459e-02	-3.878902939834324992e-02	6.397797363349905231e-02	-5.162164101999111576e-02	4.953413264368484309e-02	-4.212227821500116182e-02	2.939112191030177068e-02	-4.194177457048731822e-02	3.634793923132607907e-02	-4.401533622896534187e-02	4.254722467945747794e-02	-3.226725589130952782e-02	2.425617597184812763e-02	-2.542988784640740768e-02	5.436993708027061667e-02	-3.467999754630593512e-02	4.163210649259121293e-02
7.949531859202584039e-02	-1.007138984684431554e-01	1.000000000000000444e+00	-3.624938990010145301e-01	1.772809796429748175e-01	-9.130629824617182699e-02	1.202653777156666992e-01	-8.082599754391083247e-01	2.495163626188261208e-01	-1.451023456804589051e-01	8.594908392395296526e-02	-1.015612414405067665e-01	2.263639178665986795e-01	-1.940255065184836869e-01	1.265763783058536374e-01	-1.159295758261313786e-01	1.051004293101696629e-01	-1.761792699770266257e-01	1.483577382447303084e-01	-1.491006099814323194e-01	8.802515604095721702e-02	-9.642584485692068386e-02	1.246009307484889361e-01	-1.129950242025519747e-01	9.295590271806995764e-02	-1.070304509836513818e-01	8.629454533903994917e-02	-1.097810661877124117e-01	9.553568525684580370e-02	-7.182832803248319353e-02	7.475795373408043731e-02	-6.655501870268787368e-02	9.344406100179916685e-02	-9.759088915322890190e-02	7.521872126897441446e-02	-4.460618159082817280e-02	4.619093623022389045e-02	-1.234538580452261836e-01	7.878577172890412206e-02	-9.977596656517306872e-02
-4.372566661959396278e-02	4.951498402789569764e-02	-3.624938990010145301e-01	1.000000000000000222e+00	-3.014847322238627392e-01	5.062886654596093772e-02	-6.694678026296835283e-02	2.379437152850596149e-01	-8.169917510143047679e-01	1.916877545801599358e-01	-5.470464553642383210e-02	6.258413631935665078e-02	-1.577439881598292348e-01	1.773990535505284571e-01	-1.443008396246344416e-01	7.884642513215316117e-02	-7.342348071500222340e-02	1.183712375660357363e-01	-1.388576616003309727e-01	1.461821455918582979e-01	-6.448953213456422306e-02	6.964980641202954403e-02	-9.603966588542095506e-02	9.220296956791226850e-02	-8.392013860974166517e-02	7.867060122116470433e-02	-6.520622048671380344e-02	8.325736373122019640e-02	-7.897351788854629906e-02	6.369355950952862444e-02	-5.827850733812402900e-02	5.123682062093299489e-02	-7.400665310808171582e-02	7.929868587717454897e-02	-6.570053969953043582e-02	3.450465396467205376e-02	-3.593244109905289335e-02	9.726432283101230092e-02	-6.495271071030847554e-02	8.523627135362554785e-02
5.727984381731844599e-02	-6.179850166047517329e-02	1.772809796429748175e-01	-3.014847322238627392e-01	1.000000000000000444e+00	-7.051770891703117161e-02	8.871369437370135724e-02	-1.848854772683466430e-01	2.416724147521024102e-01	-6.402539525436444778e-01	8.348746129347205114e-02	-9.577580361464985148e-02	2.028974653320142485e-01	-2.671674773902191768e-01	3.060923340660435810e-01	-1.395350338745461050e-01	1.245270764013062109e-01	-1.905738798770179043e-01	2.234437800210762048e-01	-3.861219580081131642e-01	1.192653513741180338e-01	-1.294603419495043151e-01	1.715599449845147673e-01	-1.825288019252943039e-01	1.875199122085530468e-01	-1.573190223166600343e-01	1.255466972762207256e-01	-1.619990003630120690e-01	1.542503713756509243e-01	-1.520446133844375325e-01	1.153237814270850481e-01	-1.025183246106347729e-01	1.514280111246759375e-01	-1.750193817733380619e-01	1.482658789954155176e-01	-7.013090180334442814e-02	7.205175060511574692e-02	-2.174408415661014393e-01	1.435590320896155681e-01	-2.075900210728052198e-01
-4.883194392491579383e-01	2.956976306137563681e-01	-9.130629824617182699e-02	5.062886654596093772e-02	-7.051770891703117161e-02	9.999999999999997780e-01	-5.985099254237700173e-01	9.277498069295504746e-02	-5.694660988159957332e-02	5.089797681521438660e-02	-5.008653036503812883e-01	2.842527367465776389e-01	-9.682667084367395371e-02	7.206637869068900637e-02	-5.267283456412708703e-02	1.236244181490879085e-01	-1.198070913556472661e-01	8.900110901143482023e-02	-6.996927585610343558e-02	6.305892899316513367e-02	-7.944179650484262112e-02	8.264775062966557562e-02	-7.362495545388118845e-02	5.689775718856722453e-02	-4.623910724021054741e-02	8.116922779350412009e-02	-6.587392356231974722e-02	6.072186088536443704e-02	-5.111840139782218573e-02	3.492746757544120534e-02	-5.248256193030623185e-02	4.548214913468046766e-02	-5.381981820276053596e-02	5.127394960420834230e-02	-3.855461931212252752e-02	3.018458170556546569e-02	-3.171802787328981132e-02	6.554403947733099256e-02	-4.176552822407914034e-02	4.952809277421965639e-02
3.012681718932191388e-01	-4.938591480101088282e-01	1.202653777156666992e-01	-6.694678026296835283e-02	8.871369437370135724e-02	-5.985099254237700173e-01	1.000000000000000666e+00	-1.413597315889375816e-01	7.382110986066441061e-02	-6.595789241475374931e-02	2.945773171909490951e-01	-4.400934328742998614e-01	1.240008575503951521e-01	-9.480499993421627469e-02	6.754611416834231663e-02	-1.658505738002171992e-01	1.520315808594591700e-01	-1.174697480303336372e-01	8.971811881658640908e-02	-8.233348743964649663e-02	1.010598472425894567e-01	-1.090453361480052674e-01	9.416360518970712246e-02	-7.417068730159726009e-02	5.958666767451004098e-02	-1.075094302365106336e-01	8.438624329686124359e-02	-7.916695195947834329e-02	6.595352524926249849e-02	-4.541559327627221754e-02	6.676751090133152544e-02	-5.865820201226408515e-02	6.951790235300935039e-02	-6.697548748587206502e-02	4.979355155908525565e-02	-3.889489422821009595e-02	4.057437754496734383e-02	-8.619091041571474987e-02	5.430180458330331750e-02	-6.483415936671896307e-02
-8.005490677751260498e-02	9.322631999171228367e-02	-8.082599754391083247e-01	2.379437152850596149e-01	-1.848854772683466430e-01	9.277498069295504746e-02	-1.413597315889375816e-01	1.000000000000000444e+00	-2.890173945175225079e-01	1.365486739806752725e-01	-9.043105535516836324e-02	1.043850997948773118e-01	-3.406362514464644775e-01	1.883474152755761355e-01	-1.273364882325915270e-01	1.111793014919017775e-01	-1.071636862816041369e-01	1.768363202320592797e-01	-1.544121074684349226e-01	1.394405694665489526e-01	-8.655773063414241852e-02	9.345521920648965086e-02	-1.285700886153876843e-01	1.083443038717642332e-01	-8.989760149128878108e-02	1.005344613692187306e-01	-8.414929556805901545e-02	1.052704513040058631e-01	-9.363172368956464153e-02	6.768593793659744007e-02	-7.289105571279214102e-02	6.408300151735740746e-02	-9.008528603806642554e-02	9.155620315796297870e-02	-7.196759897127838479e-02	4.273537295453121165e-02	-4.469109440452245091e-02	1.138032319388543878e-01	-7.446531233460755572e-02	9.231328427171198170e-02
4.704386949642941351e-02	-5.365629820939832317e-02	2.495163626188261208e-01	-8.169917510143047679e-01	2.416724147521024102e-01	-5.694660988159957332e-02	7.382110986066441061e-02	-2.890173945175225079e-01	1.000000000000000666e+00	-2.501670374530406971e-01	6.144575073647905866e-02	-7.131621229021155306e-02	1.742817484314628518e-01	-2.484912183080376646e-01	1.656675163529452433e-01	-9.192658481068555210e-02	8.442098165903309803e-02	-1.389669776937893786e-01	1.599145658946699300e-01	-1.753404317576092164e-01	7.429683566224844216e-02	-8.077906452345018362e-02	1.099005774560480875e-01	-1.085789737095355090e-01	9.724069949472147201e-02	-9.168657550894282471e-02	7.521253830255011930e-02	-9.714225965838257926e-02	9.134732941255077621e-02	-7.459266263868544189e-02	6.702691155804262058e-02	-5.928018638068634216e-02	8.575382224229378958e-02	-9.284070070275621256e-02	7.612694291836281935e-02	-3.990813285164929169e-02	4.142955714006799073e-02	-1.141479844234940672e-01	7.567540408350414971e-02	-1.000178790269414808e-01
-4.231269250185893532e-02	4.481737033293935191e-02	-1.451023456804589051e-01	1.916877545801599358e-01	-6.402539525436444778e-01	5.089797681521438660e-02	-6.595789241475374931e-02	1.365486739806752725e-01	-2.501670374530406971e-01	1.000000000000000444e+00	-6.164619708522064978e-02	6.920956380416504183e-02	-1.706749422365613500e-01	2.163372060545835085e-01	-6.047515243346593961e-01	9.601567328929769274e-02	-9.016358179664965555e-02	1.401515376192698781e-01	-1.913207703268655913e-01	2.763352874077760757e-01	-8.378380743613733639e-02	8.951091575626247965e-02	-1.276441571487976490e-01	1.298483710262743895e-01	-1.470978937657828889e-01	1.031535267509074427e-01	-8.747302269919880746e-02	1.115619001219773088e-01	-1.125065984731020291e-01	1.043813470626318296e-01	-8.086242944560603774e-02	7.012589094205549933e-02	-1.035791563029174189e-01	1.140140504040271091e-01	-1.072766947246054786e-01	4.751251272483729415e-02	-4.975634412556219355e-02	1.357418655393718698e-01	-9.537377697869794946e-02	1.298533970701731544e-01
1.984457403809123666e-01	-2.050873500154789530e-01	8.594908392395296526e-02	-5.470464553642383210e-02	8.348746129347205114e-02	-5.008653036503812883e-01	2.945773171909490951e-01	-9.043105535516836324e-02	6.144575073647905866e-02	-6.164619708522064978e-02	1.000000000000001332e+00	-7.232786982978459678e-01	1.261714114781794238e-01	-9.375304659869790336e-02	6.554602863731011364e-02	-2.203921856191722317e-01	1.965418848248529637e-01	-1.291262838891247267e-01	9.170342190260823145e-02	-8.050699697965159329e-02	1.191732311580308706e-01	-1.291236771521215854e-01	1.008383509977850978e-01	-7.612477973863177039e-02	5.969347355696777435e-02	-1.191512031758728690e-01	9.405418029705749083e-02	-8.330368524983233769e-02	6.803483284928636687e-02	-4.529716288804136459e-02	7.179115429769578061e-02	-6.335035957791429473e-02	7.238527300103823892e-02	-6.827055709711171705e-02	4.997948379708104516e-02	-4.150498555063025091e-02	4.342362399712459964e-02	-8.784214777087233361e-02	5.520845609631316875e-02	-6.468983315579812654e-02
-2.022927247482688429e-01	1.855454483235189356e-01	-1.015612414405067665e-01	6.258413631935665078e-02	-9.577580361464985148e-02	2.842527367465776389e-01	-4.400934328742998614e-01	1.043850997948773118e-01	-7.131621229021155306e-02	6.920956380416504183e-02	-7.232786982978459678e-01	1.000000000000000222e+00	-1.633719646374794943e-01	1.067117641472855177e-01	-7.467709789824242272e-02	2.148512839417310860e-01	-3.077316986177008884e-01	1.496969895152331920e-01	-1.072047496979154774e-01	8.931296504731960073e-02	-1.346600639407851685e-01	1.405801572454611903e-01	-1.174553685013607213e-01	8.466000164658175897e-02	-6.671182086263871547e-02	1.243255100691789544e-01	-1.061570555107178709e-01	9.248277305258059688e-02	-7.650302632579053519e-02	4.998009184341423855e-02	-8.042998347630636591e-02	6.986829712318652630e-02	-8.055186212040153781e-02	7.475816660075726428e-02	-5.542769748917641959e-02	4.554833054476545295e-02	-4.824283138458430875e-02	9.495945581435735749e-02	-6.073700271518298749e-02	7.046757034647711804e-02
7.546878920042418559e-02	-8.022487334561795302e-02	2.263639178665986795e-01	-1.577439881598292348e-01	2.028974653320142485e-01	-9.682667084367395371e-02	1.240008575503951521e-01	-3.406362514464644775e-01	1.742817484314628518e-01	-1.706749422365613500e-01	1.261714114781794238e-01	-1.633719646374794943e-01	1.000000000000002665e+00	-4.758127739043483406e-01	1.901892088792758728e-01	-2.181777470649428619e-01	2.068132131276181340e-01	-5.729061344986721149e-01	2.888341995309034460e-01	-2.277963387921771443e-01	1.543058237110775943e-01	-1.753975022471092327e-01	2.452928067641623466e-01	-2.040491507984324437e-01	1.474099265967245553e-01	-1.787923284668317403e-01	1.482777703619786169e-01	-2.065855673890774624e-01	1.676450728744279806e-01	-1.121303351066957055e-01	1.241530122618679094e-01	-1.123049959356936522e-01	1.594494251953252062e-01	-1.612800676887814477e-01	1.182308641383812975e-01	-7.343765960297302109e-02	7.639628155328957726e-02	-2.021205025614198347e-01	1.280626495644357488e-01	-1.539746466869486852e-01
-5.908410171442239622e-02	6.144917681305418072e-02	-1.940255065184836869e-01	1.773990535505284571e-01	-2.671674773902191768e-01	7.206637869068900637e-02	-9.480499993421627469e-02	1.883474152755761355e-01	-2.484912183080376646e-01	2.163372060545835085e-01	-9.375304659869790336e-02	1.067117641472855177e-01	-4.758127739043483406e-01	1.000000000000001332e+00	-3.497244972041043121e-01	1.460784419239711807e-01	-1.468583889026069400e-01	2.706996942730409694e-01	-6.080399479657436768e-01	2.742792627347718781e-01	-1.214121806889679051e-01	1.313113647916425708e-01	-2.092266255255925411e-01	2.088495431274126068e-01	-1.663232771099101281e-01	1.388513802611389680e-01	-1.226935962110396322e-01	1.657790366217878897e-01	-1.782378782448543753e-01	1.167823461815405139e-01	-1.087094358319847381e-01	9.503856642354542583e-02	-1.419047388245863461e-01	1.472401932453780149e-01	-1.230576566700815611e-01	6.264299027049927138e-02	-6.626348616220156806e-02	1.699374811773877170e-01	-1.208170180638193647e-01	1.466065576437424189e-01
4.300563042606054404e-02	-4.521309141099153633e-02	1.265763783058536374e-01	-1.443008396246344416e-01	3.060923340660435810e-01	-5.267283456412708703e-02	6.754611416834231663e-02	-1.273364882325915270e-01	1.656675163529452433e-01	-6.047515243346593961e-01	6.554602863731011364e-02	-7.467709789824242272e-02	1.901892088792758728e-01	-3.497244972041043121e-01	1.000000000000000444e+00	-1.082366140459462972e-01	1.007939047950542483e-01	-1.667257126816902857e-01	2.420345858437338571e-01	-5.610620262051546625e-01	9.252565115481879710e-02	-1.003400681027891289e-01	1.443474249740759052e-01	-1.597902440953946346e-01	1.830840174792510988e-01	-1.148202658386227593e-01	9.691722403764187199e-02	-1.292059491359058288e-01	1.319789629846106482e-01	-1.357817871741771321e-01	8.887941606464529187e-02	-7.822294767209897470e-02	1.179220627551305633e-01	-1.348559312075410521e-01	1.262528818199999403e-01	-5.253880637521921720e-02	5.484284254688145260e-02	-1.573685911151591066e-01	1.115235044154939403e-01	-1.581003715206887872e-01
-9.660245789375604408e-02	9.019758838945809987e-02	-1.159295758261313786e-01	7.884642513215316117e-02	-1.395350338745461050e-01	1.236244181490879085e-01	-1.658505738002171992e-01	1.111793014919017775e-01	-9.192658481068555210e-02	9.601567328929769274e-02	-2.203921856191722317e-01	2.148512839417310860e-01	-2.181777470649428619e-01	1.460784419239711807e-01	-1.082366140459462972e-01	1.000000000000000444e+00	-7.017673465506222286e-01	2.322644545604432009e-01	-1.676654846488547235e-01	1.270263017043170573e-01	-4.455288967718165627e-01	2.799079923550484295e-01	-2.019643517337434968e-01	1.294739737657197021e-01	-1.007559678464678699e-01	2.302338877946353835e-01	-2.088823811275973552e-01	1.484487852641692140e-01	-1.214628266556685432e-01	7.395324843985474905e-02	-1.474817325323151962e-01	1.245662432081257320e-01	-1.311445775197848940e-01	1.140108584355543769e-01	-8.380758286737309548e-02	7.915962753530733642e-02	-8.602764059888809434e-02	1.430560822217331607e-01	-9.310731380314693495e-02	1.033522908309210953e-01
8.749373797873731540e-02	-8.581389089731028541e-02	1.051004293101696629e-01	-7.342348071500222340e-02	1.245270764013062109e-01	-1.198070913556472661e-01	1.520315808594591700e-01	-1.071636862816041369e-01	8.442098165903309803e-02	-9.016358179664965555e-02	1.965418848248529637e-01	-3.077316986177008884e-01	2.068132131276181340e-01	-1.468583889026069400e-01	1.007939047950542483e-01	-7.017673465506222286e-01	1.000000000000008882e+00	-3.481028901973651224e-01	1.611871827489925746e-01	-1.238206169689356345e-01	2.671243808879230075e-01	-3.654137762733202788e-01	1.968771963210568798e-01	-1.286402047027446482e-01	9.482650350296001340e-02	-2.214382910422588169e-01	1.900181765442070791e-01	-1.496108960932424625e-01	1.158376000473234219e-01	-7.082475550804927245e-02	1.290340604949290759e-01	-1.166948659205789968e-01	1.238608380598637815e-01	-1.108532785219461664e-01	7.890072128152593456e-02	-7.270751753655090022e-02	7.703765083901062405e-02	-1.406353918712921480e-01	8.901994638874954902e-02	-9.997541368285382812e-02
-7.084586563153759398e-02	7.150500928236136478e-02	-1.761792699770266257e-01	1.183712375660357363e-01	-1.905738798770179043e-01	8.900110901143482023e-02	-1.174697480303336372e-01	1.768363202320592797e-01	-1.389669776937893786e-01	1.401515376192698781e-01	-1.291262838891247267e-01	1.496969895152331920e-01	-5.729061344986721149e-01	2.706996942730409694e-01	-1.667257126816902857e-01	2.322644545604432009e-01	-3.481028901973651224e-01	1.000000000000000666e+00	-3.818729096281867630e-01	1.980574465610969170e-01	-1.778422900874471468e-01	1.968531556834172414e-01	-4.473860567303499236e-01	2.072396869775886830e-01	-1.442825093014166449e-01	1.769309692155639491e-01	-1.647806419633603137e-01	2.258997827922481216e-01	-1.843383242264803601e-01	1.045960810388087553e-01	-1.325749012386356618e-01	1.179607081642151389e-01	-1.723568912078626836e-01	1.560906412682894207e-01	-1.143679356476943326e-01	7.514681388283801777e-02	-8.009548902346423638e-02	1.882561349807624351e-01	-1.253848865033031224e-01	1.406218262851844925e-01
5.607270004100669419e-02	-5.814072137953473635e-02	1.483577382447303084e-01	-1.388576616003309727e-01	2.234437800210762048e-01	-6.996927585610343558e-02	8.971811881658640908e-02	-1.544121074684349226e-01	1.599145658946699300e-01	-1.913207703268655913e-01	9.170342190260823145e-02	-1.072047496979154774e-01	2.888341995309034460e-01	-6.080399479657436768e-01	2.420345858437338571e-01	-1.676654846488547235e-01	1.611871827489925746e-01	-3.818729096281867630e-01	9.999999999999947820e-01	-4.004248938332186092e-01	1.324507382741112738e-01	-1.483132434353979234e-01	2.315002009190214038e-01	-3.555885915343052206e-01	1.937635191513202848e-01	-1.558333094635967753e-01	1.352712602317303614e-01	-2.019762177430736161e-01	2.169679988506116042e-01	-1.398329474690343799e-01	1.185836033197233408e-01	-1.062657031668065022e-01	1.621142392939974308e-01	-1.786118765197716174e-01	1.393069743261893256e-01	-6.928751184815784558e-02	7.274272721562995148e-02	-1.991555817931855432e-01	1.401313922969571468e-01	-1.713254401946671945e-01
-5.233551377521211689e-02	5.390743475207510765e-02	-1.491006099814323194e-01	1.461821455918582979e-01	-3.861219580081131642e-01	6.305892899316513367e-02	-8.233348743964649663e-02	1.394405694665489526e-01	-1.753404317576092164e-01	2.763352874077760757e-01	-8.050699697965159329e-02	8.931296504731960073e-02	-2.277963387921771443e-01	2.742792627347718781e-01	-5.610620262051546625e-01	1.270263017043170573e-01	-1.238206169689356345e-01	1.980574465610969170e-01	-4.004248938332186092e-01	9.999999999999974465e-01	-1.142943013133384950e-01	1.216939901797882140e-01	-1.891331349844249388e-01	2.103607798182188793e-01	-3.839991230737102024e-01	1.355166745072063084e-01	-1.211502546487781967e-01	1.600112027047876362e-01	-1.811876572489195536e-01	1.970754337909844112e-01	-1.134303299787145919e-01	9.739361858969300401e-02	-1.493894472275564267e-01	1.664592595260948604e-01	-1.966910244809472186e-01	6.510192229653270768e-02	-6.913370367254009774e-02	1.841957306969798647e-01	-1.434278884754960348e-01	1.952707865384349928e-01
6.148644196291321723e-02	-6.027056222702911054e-02	8.802515604095721702e-02	-6.448953213456422306e-02	1.192653513741180338e-01	-7.944179650484262112e-02	1.010598472425894567e-01	-8.655773063414241852e-02	7.429683566224844216e-02	-8.378380743613733639e-02	1.191732311580308706e-01	-1.346600639407851685e-01	1.543058237110775943e-01	-1.214121806889679051e-01	9.252565115481879710e-02	-4.455288967718165627e-01	2.671243808879230075e-01	-1.778422900874471468e-01	1.324507382741112738e-01	-1.142943013133384950e-01	1.000000000000003331e+00	-6.008816811467921903e-01	1.881334637955131284e-01	-1.263286488881393832e-01	9.497635613378031805e-02	-5.272922661290144752e-01	2.860074158284051649e-01	-1.599056664171219500e-01	1.180204385545690210e-01	-7.164531057643044876e-02	1.801274704213569333e-01	-1.645232268093220207e-01	1.403027739413687525e-01	-1.194730465329827962e-01	8.173159251416099724e-02	-1.003413667483882277e-01	1.054372479558159104e-01	-1.567929855221016355e-01	9.580236050004506398e-02	-1.047872155889360557e-01
-6.528168369645347135e-02	6.304295892813076285e-02	-9.642584485692068386e-02	6.964980641202954403e-02	-1.294603419495043151e-01	8.264775062966557562e-02	-1.090453361480052674e-01	9.345521920648965086e-02	-8.077906452345018362e-02	8.951091575626247965e-02	-1.291236771521215854e-01	1.405801572454611903e-01	-1.753975022471092327e-01	1.313113647916425708e-01	-1.003400681027891289e-01	2.799079923550484295e-01	-3.654137762733202788e-01	1.968531556834172414e-01	-1.483132434353979234e-01	1.216939901797882140e-01	-6.008816811467921903e-01	1.000000000000001332e+00	-2.669363201322210721e-01	1.401915094351252611e-01	-1.037141976592814291e-01	3.161142334622308314e-01	-4.990926443623586728e-01	1.877296430528025417e-01	-1.353200751177981442e-01	7.704408541489100870e-02	-2.177866343325158272e-01	1.955333642920212001e-01	-1.635356716952594269e-01	1.299785156714320933e-01	-8.867971104633755319e-02	1.120256000590554718e-01	-1.252764532158185118e-01	1.670298684076247375e-01	-1.046608263159156949e-01	1.111646238615837390e-01
5.840610002245624766e-02	-5.928853380245427407e-02	1.246009307484889361e-01	-9.603966588542095506e-02	1.715599449845147673e-01	-7.362495545388118845e-02	9.416360518970712246e-02	-1.285700886153876843e-01	1.099005774560480875e-01	-1.276441571487976490e-01	1.008383509977850978e-01	-1.174553685013607213e-01	2.452928067641623466e-01	-2.092266255255925411e-01	1.443474249740759052e-01	-2.019643517337434968e-01	1.968771963210568798e-01	-4.473860567303499236e-01	2.315002009190214038e-01	-1.891331349844249388e-01	1.881334637955131284e-01	-2.669363201322210721e-01	1.000000000000001554e+00	-3.274592374664780925e-01	1.653761113664658500e-01	-2.174138636758835286e-01	2.076141497617158826e-01	-5.890707852949543799e-01	2.596255235903656144e-01	-1.262352378735634717e-01	1.647929528225133555e-01	-1.598192463660591811e-01	2.587026260562926838e-01	-2.289642487134408155e-01	1.384269007067444046e-01	-9.673383557247892950e-02	1.014356266458449340e-01	-2.893155359046140074e-01	1.717099031228462303e-01	-1.810231457182987502e-01
-4.652267608241718311e-02	4.713297879188016459e-02	-1.129950242025519747e-01	9.220296956791226850e-02	-1.825288019252943039e-01	5.689775718856722453e-02	-7.417068730159726009e-02	1.083443038717642332e-01	-1.085789737095355090e-01	1.298483710262743895e-01	-7.612477973863177039e-02	8.466000164658175897e-02	-2.040491507984324437e-01	2.088495431274126068e-01	-1.597902440953946346e-01	1.294739737657197021e-01	-1.286402047027446482e-01	2.072396869775886830e-01	-3.555885915343052206e-01	2.103607798182188793e-01	-1.263286488881393832e-01	1.401915094351252611e-01	-3.274592374664780925e-01	1.000000000000002442e+00	-2.928237112164760458e-01	1.469557068375324516e-01	-1.457830498973954059e-01	2.622503354396499287e-01	-6.939758872211958529e-01	1.693677320683518173e-01	-1.334813400996192057e-01	1.183249824672340661e-01	-2.137590380640768950e-01	2.396256637272368428e-01	-1.777121876830204117e-01	7.457625441953040502e-02	-8.060475515795550994e-02	2.155396018546327508e-01	-1.925675841904610774e-01	1.916424234056859077e-01
3.785412800771862513e-02	-3.878902939834324992e-02	9.295590271806995764e-02	-8.392013860974166517e-02	1.875199122085530468e-01	-4.623910724021054741e-02	5.958666767451004098e-02	-8.989760149128878108e-02	9.724069949472147201e-02	-1.470978937657828889e-01	5.969347355696777435e-02	-6.671182086263871547e-02	1.474099265967245553e-01	-1.663232771099101281e-01	1.830840174792510988e-01	-1.007559678464678699e-01	9.482650350296001340e-02	-1.442825093014166449e-01	1.937635191513202848e-01	-3.839991230737102024e-01	9.497635613378031805e-02	-1.037141976592814291e-01	1.653761113664658500e-01	-2.928237112164760458e-01	1.000000000000005329e+00	-1.193454337971821266e-01	1.073334274457891507e-01	-1.594672728167569886e-01	1.981047915915894464e-01	-6.609256515763353157e-01	1.039576610751466457e-01	-9.222269389532111727e-02	1.564573472548410060e-01	-2.174652303116065832e-01	2.951688295862884837e-01	-6.067035687601846083e-02	6.401053052607544314e-02	-2.135020177866867042e-01	1.837254084966084278e-01	-3.348921785135017259e-01
-6.628774502920467548e-02	6.397797363349905231e-02	-1.070304509836513818e-01	7.867060122116470433e-02	-1.573190223166600343e-01	8.116922779350412009e-02	-1.075094302365106336e-01	1.005344613692187306e-01	-9.168657550894282471e-02	1.031535267509074427e-01	-1.191512031758728690e-01	1.243255100691789544e-01	-1.787923284668317403e-01	1.388513802611389680e-01	-1.148202658386227593e-01	2.302338877946353835e-01	-2.214382910422588169e-01	1.769309692155639491e-01	-1.558333094635967753e-01	1.355166745072063084e-01	-5.272922661290144752e-01	3.161142334622308314e-01	-2.174138636758835286e-01	1.469557068375324516e-01	-1.193454337971821266e-01	9.999999999999951150e-01	-5.710075890636233664e-01	1.913606706667485002e-01	-1.474782539786161362e-01	8.774269152672263539e-02	-3.533905060876644244e-01	2.552970076579157976e-01	-1.908220237727186741e-01	1.468531184515818044e-01	-1.035753119412854417e-01	1.579019954688887784e-01	-1.811048092727811920e-01	1.895459652828167252e-01	-1.207200819779248452e-01	1.268831622506968460e-01
5.213381814643767292e-02	-5.162164101999111576e-02	8.629454533903994917e-02	-6.520622048671380344e-02	1.255466972762207256e-01	-6.587392356231974722e-02	8.438624329686124359e-02	-8.414929556805901545e-02	7.521253830255011930e-02	-8.747302269919880746e-02	9.405418029705749083e-02	-1.061570555107178709e-01	1.482777703619786169e-01	-1.226935962110396322e-01	9.691722403764187199e-02	-2.088823811275973552e-01	1.900181765442070791e-01	-1.647806419633603137e-01	1.352712602317303614e-01	-1.211502546487781967e-01	2.860074158284051649e-01	-4.990926443623586728e-01	2.076141497617158826e-01	-1.457830498973954059e-01	1.073334274457891507e-01	-5.710075890636233664e-01	9.999999999999994449e-01	-2.400904013859761210e-01	1.439625325649514509e-01	-8.161753828442924741e-02	2.769568772990158578e-01	-4.332675331125949714e-01	1.997772571444840772e-01	-1.520658733221369185e-01	9.502528771246911143e-02	-1.672506016446564381e-01	1.721465230546954661e-01	-2.043756198933759372e-01	1.189460843052792677e-01	-1.233431243150744649e-01
-4.935291703969290483e-02	4.953413264368484309e-02	-1.097810661877124117e-01	8.325736373122019640e-02	-1.619990003630120690e-01	6.072186088536443704e-02	-7.916695195947834329e-02	1.052704513040058631e-01	-9.714225965838257926e-02	1.115619001219773088e-01	-8.330368524983233769e-02	9.248277305258059688e-02	-2.065855673890774624e-01	1.657790366217878897e-01	-1.292059491359058288e-01	1.484487852641692140e-01	-1.496108960932424625e-01	2.258997827922481216e-01	-2.019762177430736161e-01	1.600112027047876362e-01	-1.599056664171219500e-01	1.877296430528025417e-01	-5.890707852949543799e-01	2.622503354396499287e-01	-1.594672728167569886e-01	1.913606706667485002e-01	-2.400904013859761210e-01	1.000000000000003775e+00	-4.026609892223484977e-01	1.164894644560034026e-01	-1.826064758454946091e-01	1.773979381602173166e-01	-4.831773964278801015e-01	2.392814304334328901e-01	-1.373978159003249877e-01	9.965432152513535591e-02	-1.098259306238258126e-01	2.731833805861662579e-01	-1.850580331912389798e-01	1.670708057363124444e-01
4.145646000405767140e-02	-4.212227821500116182e-02	9.553568525684580370e-02	-7.897351788854629906e-02	1.542503713756509243e-01	-5.111840139782218573e-02	6.595352524926249849e-02	-9.363172368956464153e-02	9.134732941255077621e-02	-1.125065984731020291e-01	6.803483284928636687e-02	-7.650302632579053519e-02	1.676450728744279806e-01	-1.782378782448543753e-01	1.319789629846106482e-01	-1.214628266556685432e-01	1.158376000473234219e-01	-1.843383242264803601e-01	2.169679988506116042e-01	-1.811876572489195536e-01	1.180204385545690210e-01	-1.353200751177981442e-01	2.596255235903656144e-01	-6.939758872211958529e-01	1.981047915915894464e-01	-1.474782539786161362e-01	1.439625325649514509e-01	-4.026609892223484977e-01	9.999999999999976685e-01	-1.533022896917085598e-01	1.310978472840151898e-01	-1.233847359667150922e-01	2.359235617240988958e-01	-3.813341473325776443e-01	1.588312256916491194e-01	-7.527489621465920100e-02	8.024228893755527836e-02	-2.479609233283394665e-01	2.097762662069450890e-01	-2.038178838885197908e-01
-2.886265470085627033e-02	2.939112191030177068e-02	-7.182832803248319353e-02	6.369355950952862444e-02	-1.520446133844375325e-01	3.492746757544120534e-02	-4.541559327627221754e-02	6.768593793659744007e-02	-7.459266263868544189e-02	1.043813470626318296e-01	-4.529716288804136459e-02	4.998009184341423855e-02	-1.121303351066957055e-01	1.167823461815405139e-01	-1.357817871741771321e-01	7.395324843985474905e-02	-7.082475550804927245e-02	1.045960810388087553e-01	-1.398329474690343799e-01	1.970754337909844112e-01	-7.164531057643044876e-02	7.704408541489100870e-02	-1.262352378735634717e-01	1.693677320683518173e-01	-6.609256515763353157e-01	8.774269152672263539e-02	-8.161753828442924741e-02	1.164894644560034026e-01	-1.533022896917085598e-01	9.999999999999960032e-01	-8.080289038561670745e-02	6.994654928346255574e-02	-1.205198992593131818e-01	1.604964587473747262e-01	-6.075295070807703590e-01	4.598282619529846238e-02	-4.921555642539036241e-02	1.531361794577554558e-01	-1.563850242499436050e-01	2.621171242535295098e-01
4.186969596443866626e-02	-4.194177457048731822e-02	7.475795373408043731e-02	-5.827850733812402900e-02	1.153237814270850481e-01	-5.248256193030623185e-02	6.676751090133152544e-02	-7.289105571279214102e-02	6.702691155804262058e-02	-8.086242944560603774e-02	7.179115429769578061e-02	-8.042998347630636591e-02	1.241530122618679094e-01	-1.087094358319847381e-01	8.887941606464529187e-02	-1.474817325323151962e-01	1.290340604949290759e-01	-1.325749012386356618e-01	1.185836033197233408e-01	-1.134303299787145919e-01	1.801274704213569333e-01	-2.177866343325158272e-01	1.647929528225133555e-01	-1.334813400996192057e-01	1.039576610751466457e-01	-3.533905060876644244e-01	2.769568772990158578e-01	-1.826064758454946091e-01	1.310978472840151898e-01	-8.080289038561670745e-02	9.999999999999976685e-01	-6.672121937044267481e-01	2.173533401104925933e-01	-1.649564630867032811e-01	9.587850950555834584e-02	-4.191061078939115059e-01	2.845260049021722804e-01	-2.424506420033763765e-01	1.273968746186530665e-01	-1.293986718816299841e-01
-3.658275443923057063e-02	3.634793923132607907e-02	-6.655501870268787368e-02	5.123682062093299489e-02	-1.025183246106347729e-01	4.548214913468046766e-02	-5.865820201226408515e-02	6.408300151735740746e-02	-5.928018638068634216e-02	7.012589094205549933e-02	-6.335035957791429473e-02	6.986829712318652630e-02	-1.123049959356936522e-01	9.503856642354542583e-02	-7.822294767209897470e-02	1.245662432081257320e-01	-1.166948659205789968e-01	1.179607081642151389e-01	-1.062657031668065022e-01	9.739361858969300401e-02	-1.645232268093220207e-01	1.955333642920212001e-01	-1.598192463660591811e-01	1.183249824672340661e-01	-9.222269389532111727e-02	2.552970076579157976e-01	-4.332675331125949714e-01	1.773979381602173166e-01	-1.233847359667150922e-01	6.994654928346255574e-02	-6.672121937044267481e-01	9.999999999999962252e-01	-2.931522315855953909e-01	1.475994165041636941e-01	-8.482788888833629748e-02	2.649790608175395801e-01	-3.803017733904846542e-01	2.045089393913601117e-01	-1.157722928770157922e-01	1.092266820175318010e-01
4.370915108818962391e-02	-4.401533622896534187e-02	9.344406100179916685e-02	-7.400665310808171582e-02	1.514280111246759375e-01	-5.381981820276053596e-02	6.951790235300935039e-02	-9.008528603806642554e-02	8.575382224229378958e-02	-1.035791563029174189e-01	7.238527300103823892e-02	-8.055186212040153781e-02	1.594494251953252062e-01	-1.419047388245863461e-01	1.179220627551305633e-01	-1.311445775197848940e-01	1.238608380598637815e-01	-1.723568912078626836e-01	1.621142392939974308e-01	-1.493894472275564267e-01	1.403027739413687525e-01	-1.635356716952594269e-01	2.587026260562926838e-01	-2.137590380640768950e-01	1.564573472548410060e-01	-1.908220237727186741e-01	1.997772571444840772e-01	-4.831773964278801015e-01	2.359235617240988958e-01	-1.205198992593131818e-01	2.173533401104925933e-01	-2.931522315855953909e-01	9.999999999999978906e-01	-4.045275858913254807e-01	1.528721815066722833e-01	-1.261008401097294396e-01	1.354087046254683624e-01	-5.897744130339209745e-01	2.527334431257888259e-01	-2.028931547925171275e-01
-4.228801027205749546e-02	4.254722467945747794e-02	-9.759088915322890190e-02	7.929868587717454897e-02	-1.750193817733380619e-01	5.127394960420834230e-02	-6.697548748587206502e-02	9.155620315796297870e-02	-9.284070070275621256e-02	1.140140504040271091e-01	-6.827055709711171705e-02	7.475816660075726428e-02	-1.612800676887814477e-01	1.472401932453780149e-01	-1.348559312075410521e-01	1.140108584355543769e-01	-1.108532785219461664e-01	1.560906412682894207e-01	-1.786118765197716174e-01	1.664592595260948604e-01	-1.194730465329827962e-01	1.299785156714320933e-01	-2.289642487134408155e-01	2.396256637272368428e-01	-2.174652303116065832e-01	1.468531184515818044e-01	-1.520658733221369185e-01	2.392814304334328901e-01	-3.813341473325776443e-01	1.604964587473747262e-01	-1.649564630867032811e-01	1.475994165041636941e-01	-4.045275858913254807e-01	9.999999999999993339e-01	-2.453078702220988228e-01	8.839054104791221889e-02	-9.846653382380249342e-02	3.076961879584697579e-01	-6.285348472341669712e-01	2.725114629665642552e-01
3.166125081414426085e-02	-3.226725589130952782e-02	7.521872126897441446e-02	-6.570053969953043582e-02	1.482658789954155176e-01	-3.855461931212252752e-02	4.979355155908525565e-02	-7.196759897127838479e-02	7.612694291836281935e-02	-1.072766947246054786e-01	4.997948379708104516e-02	-5.542769748917641959e-02	1.182308641383812975e-01	-1.230576566700815611e-01	1.262528818199999403e-01	-8.380758286737309548e-02	7.890072128152593456e-02	-1.143679356476943326e-01	1.393069743261893256e-01	-1.966910244809472186e-01	8.173159251416099724e-02	-8.867971104633755319e-02	1.384269007067444046e-01	-1.777121876830204117e-01	2.951688295862884837e-01	-1.035753119412854417e-01	9.502528771246911143e-02	-1.373978159003249877e-01	1.588312256916491194e-01	-6.075295070807703590e-01	9.587850950555834584e-02	-8.482788888833629748e-02	1.528721815066722833e-01	-2.453078702220988228e-01	9.999999999999987788e-01	-5.540024446981788031e-02	5.887847433198620944e-02	-2.167175839010601623e-01	2.264146872994842741e-01	-5.906982326248803039e-01
-2.438846592979296637e-02	2.425617597184812763e-02	-4.460618159082817280e-02	3.450465396467205376e-02	-7.013090180334442814e-02	3.018458170556546569e-02	-3.889489422821009595e-02	4.273537295453121165e-02	-3.990813285164929169e-02	4.751251272483729415e-02	-4.150498555063025091e-02	4.554833054476545295e-02	-7.343765960297302109e-02	6.264299027049927138e-02	-5.253880637521921720e-02	7.915962753530733642e-02	-7.270751753655090022e-02	7.514681388283801777e-02	-6.928751184815784558e-02	6.510192229653270768e-02	-1.003413667483882277e-01	1.120256000590554718e-01	-9.673383557247892950e-02	7.457625441953040502e-02	-6.067035687601846083e-02	1.579019954688887784e-01	-1.672506016446564381e-01	9.965432152513535591e-02	-7.527489621465920100e-02	4.598282619529846238e-02	-4.191061078939115059e-01	2.649790608175395801e-01	-1.261008401097294396e-01	8.839054104791221889e-02	-5.540024446981788031e-02	9.999999999999991118e-01	-8.465500964252504756e-01	1.244237445537343667e-01	-7.122865856968656206e-02	7.133473617666874489e-02
2.545172995730721893e-02	-2.542988784640740768e-02	4.619093623022389045e-02	-3.593244109905289335e-02	7.205175060511574692e-02	-3.171802787328981132e-02	4.057437754496734383e-02	-4.469109440452245091e-02	4.142955714006799073e-02	-4.975634412556219355e-02	4.342362399712459964e-02	-4.824283138458430875e-02	7.639628155328957726e-02	-6.626348616220156806e-02	5.484284254688145260e-02	-8.602764059888809434e-02	7.703765083901062405e-02	-8.009548902346423638e-02	7.274272721562995148e-02	-6.913370367254009774e-02	1.054372479558159104e-01	-1.252764532158185118e-01	1.014356266458449340e-01	-8.060475515795550994e-02	6.401053052607544314e-02	-1.811048092727811920e-01	1.721465230546954661e-01	-1.098259306238258126e-01	8.024228893755527836e-02	-4.921555642539036241e-02	2.845260049021722804e-01	-3.803017733904846542e-01	1.354087046254683624e-01	-9.846653382380249342e-02	5.887847433198620944e-02	-8.465500964252504756e-01	9.999999999999988898e-01	-1.431723482566591987e-01	7.746792956499082283e-02	-7.788560510020484107e-02
-5.443314611994248126e-02	5.436993708027061667e-02	-1.234538580452261836e-01	9.726432283101230092e-02	-2.174408415661014393e-01	6.554403947733099256e-02	-8.619091041571474987e-02	1.138032319388543878e-01	-1.141479844234940672e-01	1.357418655393718698e-01	-8.784214777087233361e-02	9.495945581435735749e-02	-2.021205025614198347e-01	1.699374811773877170e-01	-1.573685911151591066e-01	1.430560822217331607e-01	-1.406353918712921480e-01	1.882561349807624351e-01	-1.991555817931855432e-01	1.841957306969798647e-01	-1.567929855221016355e-01	1.670298684076247375e-01	-2.893155359046140074e-01	2.155396018546327508e-01	-2.135020177866867042e-01	1.895459652828167252e-01	-2.043756198933759372e-01	2.731833805861662579e-01	-2.479609233283394665e-01	1.531361794577554558e-01	-2.424506420033763765e-01	2.045089393913601117e-01	-5.897744130339209745e-01	3.076961879584697579e-01	-2.167175839010601623e-01	1.244237445537343667e-01	-1.431723482566591987e-01	9.999999999999988898e-01	-4.418629936488053245e-01	2.465218717997528786e-01
3.436163761659588589e-02	-3.467999754630593512e-02	7.878577172890412206e-02	-6.495271071030847554e-02	1.435590320896155681e-01	-4.176552822407914034e-02	5.430180458330331750e-02	-7.446531233460755572e-02	7.567540408350414971e-02	-9.537377697869794946e-02	5.520845609631316875e-02	-6.073700271518298749e-02	1.280626495644357488e-01	-1.208170180638193647e-01	1.115235044154939403e-01	-9.310731380314693495e-02	8.901994638874954902e-02	-1.253848865033031224e-01	1.401313922969571468e-01	-1.434278884754960348e-01	9.580236050004506398e-02	-1.046608263159156949e-01	1.717099031228462303e-01	-1.925675841904610774e-01	1.837254084966084278e-01	-1.207200819779248452e-01	1.189460843052792677e-01	-1.850580331912389798e-01	2.097762662069450890e-01	-1.563850242499436050e-01	1.273968746186530665e-01	-1.157722928770157922e-01	2.527334431257888259e-01	-6.285348472341669712e-01	2.264146872994842741e-01	-7.122865856968656206e-02	7.746792956499082283e-02	-4.418629936488053245e-01	9.999999999999988898e-01	-5.031007788392404256e-01
