1.000000000000000000e+00	-3.750446849176868325e-01	2.342096776832344185e-01	-1.165919669980151896e-01	1.207978974902634284e-01	-6.852350670833620150e-01	3.085483394262484302e-01	-2.187786046252791217e-01	1.464560318938232797e-01	-1.534479482889579138e-01	2.557387378438749637e-01	-2.619699368811478912e-01	1.897259143693301175e-01	-1.271264413556228157e-01	1.064059476808052046e-01	-3.025673872634331851e-01	1.885404536783248375e-01	-2.634198881460667052e-01	1.389465423742065331e-01	-1.130753281694777540e-01	1.812954217734634721e-01	-2.100014991129353081e-01	1.228052011446572195e-01	-9.859438719761781655e-02	9.165986539256219812e-02	-1.292659299012109131e-01	1.266513197226444565e-01	-1.195959710527034203e-01	4.141985496610590956e-02	-3.937617030146146196e-02	8.311876219095967744e-02	-7.783946352391457602e-02	1.301620077581647494e-01	-4.301106987871971404e-02	4.564819003939247360e-02	-9.637385648267182692e-02	7.181177249910972171e-02	-1.386663226027686213e-01	5.452595148372979539e-02	-6.848594463774985985e-02
-3.750446849176868325e-01	1.000000000000000000e+00	-7.314994983335733059e-01	1.863072927059047645e-01	-2.074102198246076945e-01	2.299563010377355943e-01	-3.930866408830164249e-01	2.272532453366234717e-01	-1.571194433734592610e-01	1.500296133315283109e-01	-1.524023861237180921e-01	1.699233152179275286e-01	-1.968290664963577852e-01	1.226086461062489141e-01	-1.033010979202238083e-01	1.681015908792660718e-01	-1.292366151668734309e-01	1.776879631654116887e-01	-1.272088881245913294e-01	1.012247753620695301e-01	-1.223308164096250789e-01	1.384245777251220111e-01	-8.445944210362289761e-02	7.058120551925550767e-02	-6.672027254984809475e-02	8.618605113725942568e-02	-8.656838669428622290e-02	8.155659939166766403e-02	-2.939439717359185883e-02	2.818029832653072900e-02	-5.683061737983706452e-02	5.326460647824050876e-02	-9.095866338432427589e-02	3.047314165193930335e-02	-3.263782206129215574e-02	6.563083131309491169e-02	-4.928887570359891807e-02	9.533847792811765698e-02	-3.783601545587619158e-02	4.743533451434107928e-02
2.342096776832344185e-01	-7.314994983335733059e-01	9.999999999999998890e-01	-3.182908361355618609e-01	2.258719020725085125e-01	-2.011778921453151736e-01	2.621270232244073961e-01	-3.037932124046938687e-01	1.755650798357889508e-01	-1.854595842776951276e-01	1.477439644675031249e-01	-1.812066269654387662e-01	2.062102102257231950e-01	-1.423698980852620699e-01	1.177154139209183603e-01	-1.865604481041468199e-01	1.405669298145350854e-01	-2.155252820339941811e-01	1.414509236811037074e-01	-1.196554679134983340e-01	1.350858667815719727e-01	-1.618975965527211236e-01	9.870042022540237436e-02	-8.378376425167700925e-02	7.777613056289375826e-02	-1.006112826912656799e-01	9.969500479545129190e-02	-9.659621462386927537e-02	3.471885692318558286e-02	-3.323185528831779090e-02	6.695230910712172967e-02	-6.331654073600043175e-02	1.064294142242609709e-01	-3.616404534653052533e-02	3.841776656149463454e-02	-7.866495868713947737e-02	5.881012777928796426e-02	-1.162766207488372394e-01	4.578640917780876785e-02	-5.775178633647823356e-02
-1.165919669980151896e-01	1.863072927059047645e-01	-3.182908361355618609e-01	1.000000000000000000e+00	-8.809678331397766682e-01	9.255489404116033769e-02	-1.309468113728585181e-01	1.388083954530215380e-01	-1.828096255071762488e-01	1.792770992157705912e-01	-7.502316018221055760e-02	9.027084453027994781e-02	-1.310992138984856947e-01	1.113498397703499426e-01	-1.030430404327230542e-01	9.271828741507606719e-02	-7.325617788531264829e-02	1.119805727838495690e-01	-1.112819021044482437e-01	9.025737829269367407e-02	-7.210983900957773640e-02	8.411923036704380130e-02	-5.297175100231636680e-02	4.775178925348063513e-02	-4.535374451377488514e-02	5.318041332081227535e-02	-5.333465700046439301e-02	5.157481568780087483e-02	-1.950392005428981668e-02	1.888700324255038199e-02	-3.585963937033180560e-02	3.389329487057847479e-02	-5.794169253902250322e-02	2.026051201256167181e-02	-2.177492190507606187e-02	4.193161116714283487e-02	-3.152444471484915772e-02	6.217869425714744186e-02	-2.478361828110080267e-02	3.116684434742283960e-02
1.207978974902634284e-01	-2.074102198246076945e-01	2.258719020725085125e-01	-8.809678331397766682e-01	1.000000000000000000e+00	-1.017018233215303963e-01	1.357235692129409588e-01	-1.486925337774033518e-01	1.735858791070761797e-01	-2.421231142101787082e-01	8.467104522829030366e-02	-1.043987777898819497e-01	1.360973307132773980e-01	-1.222678966486912128e-01	1.134655665743483643e-01	-1.089144215892872691e-01	8.506538951756614786e-02	-1.343966987614450270e-01	1.199602327268973756e-01	-1.037132492905412651e-01	8.375247083013237503e-02	-9.993192384826714292e-02	6.257966128482977952e-02	-5.618363028535942189e-02	5.275846559842399530e-02	-6.303227800345964638e-02	6.277324177511266201e-02	-6.129293369064741509e-02	2.295620437143459924e-02	-2.217400824836386966e-02	4.257150293754702330e-02	-4.037075078441629272e-02	6.839312872291140877e-02	-2.390599486547697466e-02	2.555264690069529443e-02	-5.014079519415210601e-02	3.759763434189301867e-02	-7.480779983997243310e-02	2.965942031983094529e-02	-3.740648798436943534e-02
-6.852350670833620150e-01	2.299563010377355943e-01	-2.011778921453151736e-01	9.255489404116033769e-02	-1.017018233215303963e-01	9.999999999999994449e-01	-4.860959995668488465e-01	1.940763193462273217e-01	-1.291471101846085601e-01	1.224476679548247710e-01	-3.828814749990641086e-01	2.359714802274144319e-01	-1.791639073829740525e-01	1.072294405150426982e-01	-8.936748202034458521e-02	2.456401004969213653e-01	-1.662747675456481000e-01	1.943040598192058988e-01	-1.167083369896586981e-01	9.073994336312064812e-02	-1.550903787917285170e-01	1.616548360367710269e-01	-9.553653473075643388e-02	7.511470636308510695e-02	-7.158739852608982102e-02	1.001753728489862133e-01	-1.006131809833328006e-01	9.104940083774309967e-02	-3.174207874702741211e-02	3.025810757214818930e-02	-6.390014011925197746e-02	5.905626899453069595e-02	-1.010950710797995228e-01	3.275031246779808863e-02	-3.515153972233129448e-02	7.221531970485585428e-02	-5.424126783151125841e-02	1.016007250281403540e-01	-4.040978512837677811e-02	5.032599866236916325e-02
3.085483394262484302e-01	-3.930866408830164249e-01	2.621270232244073961e-01	-1.309468113728585181e-01	1.357235692129409588e-01	-4.860959995668488465e-01	9.999999999999998890e-01	-4.403484173896699549e-01	1.940359434402617045e-01	-1.908520273740696716e-01	2.443505907497818541e-01	-3.439400125301081967e-01	2.588497626041280641e-01	-1.643773444446398890e-01	1.310095762238007444e-01	-2.697109338189528915e-01	2.085347779829671844e-01	-2.806389638186802538e-01	1.632294348070575940e-01	-1.349071741464616669e-01	1.824576182187518658e-01	-2.168923540758432023e-01	1.276893460673388658e-01	-1.030750190627279239e-01	9.639956774471956924e-02	-1.294342267071353358e-01	1.297596635831195222e-01	-1.229560917165215816e-01	4.303982034961172792e-02	-4.104277710452427369e-02	8.421395065533189561e-02	-7.894287603932577391e-02	1.336159245069648005e-01	-4.461409687494539977e-02	4.752127367955983478e-02	-9.731194342897502014e-02	7.287784666735240557e-02	-1.406646450684685412e-01	5.561520980584161444e-02	-6.976086366185535459e-02
-2.187786046252791217e-01	2.272532453366234717e-01	-3.037932124046938687e-01	1.388083954530215380e-01	-1.486925337774033518e-01	1.940763193462273217e-01	-4.403484173896699549e-01	1.000000000000000444e+00	-3.922704952010508950e-01	2.428691619164574378e-01	-1.516141528417618012e-01	1.851533615739903160e-01	-6.287680953584923182e-01	2.451008599008155098e-01	-1.825502299897663327e-01	1.706073473297357312e-01	-1.431469405662347816e-01	2.030191053728672423e-01	-2.017777155203268613e-01	1.611798075690710208e-01	-1.327203478646009349e-01	1.520213334991416809e-01	-9.549948719773262984e-02	8.398632717505051526e-02	-8.016940125471280765e-02	9.472565262752011273e-02	-9.619020452380691588e-02	9.170064059134030998e-02	-3.434648421272985808e-02	3.323437694721777247e-02	-6.323287289292217617e-02	5.944471320882098453e-02	-1.024556167480356883e-01	3.556564029830631274e-02	-3.832388443983421322e-02	7.310932069981249115e-02	-5.510494038403638412e-02	1.070879399882622152e-01	-4.287701373173330444e-02	5.371711768564443185e-02
1.464560318938232797e-01	-1.571194433734592610e-01	1.755650798357889508e-01	-1.828096255071762488e-01	1.735858791070761797e-01	-1.291471101846085601e-01	1.940359434402617045e-01	-3.922704952010508950e-01	1.000000000000001554e+00	-6.360322707416184995e-01	1.125903056153601256e-01	-1.426462078152549995e-01	2.874613532857138720e-01	-4.814840730182270989e-01	2.773604669158415414e-01	-1.411003171369310805e-01	1.164251689061582967e-01	-1.837336606760938407e-01	2.498179959489428281e-01	-2.385981466354910874e-01	1.137737623410074728e-01	-1.343151224700328272e-01	8.675011412695367297e-02	-8.453748099369361169e-02	8.081547649845363668e-02	-8.495105345224192306e-02	8.575757347749919657e-02	-8.418898318711801054e-02	3.352790831445069675e-02	-3.289332103905034943e-02	5.773856254148347633e-02	-5.473316331338521495e-02	9.419457511672267580e-02	-3.480753947933944159e-02	3.759004646581275838e-02	-6.760213580858687177e-02	5.097603916045768957e-02	-1.010015251754311227e-01	4.074574544299659068e-02	-5.119633400883052965e-02
-1.534479482889579138e-01	1.500296133315283109e-01	-1.854595842776951276e-01	1.792770992157705912e-01	-2.421231142101787082e-01	1.224476679548247710e-01	-1.908520273740696716e-01	2.428691619164574378e-01	-6.360322707416184995e-01	9.999999999999993339e-01	-1.084407913233099846e-01	1.313896141647131199e-01	-2.931026155650338638e-01	3.121848923994508529e-01	-4.639511670128378951e-01	1.307677818756957377e-01	-1.109589583758206349e-01	1.690588111840620744e-01	-3.410120676836386755e-01	2.572246090306759547e-01	-1.115160451270318653e-01	1.257523149257320505e-01	-8.403653508432078201e-02	8.631667718999611050e-02	-8.614222269430714396e-02	8.106384712856620767e-02	-8.312413513819434663e-02	8.069129852993206509e-02	-3.408622124155682304e-02	3.384938180539109887e-02	-5.552323143345711670e-02	5.242482292333180277e-02	-9.251741199679389127e-02	3.514445362418106011e-02	-3.874010701493452169e-02	6.422373666829171712e-02	-4.879740908910343289e-02	9.542282746951501193e-02	-3.923956616341561787e-02	4.896483601449715117e-02
2.557387378438749637e-01	-1.524023861237180921e-01	1.477439644675031249e-01	-7.502316018221055760e-02	8.467104522829030366e-02	-3.828814749990641086e-01	2.443505907497818541e-01	-1.516141528417618012e-01	1.125903056153601256e-01	-1.084407913233099846e-01	1.000000000000003331e+00	-5.281822407918189688e-01	1.625160202065743520e-01	-9.817666482964917951e-02	8.353772669391136552e-02	-6.268900903324827745e-01	2.488249590657076460e-01	-2.379434280340455288e-01	1.174179293494456572e-01	-8.652017374959573848e-02	2.217514529495655806e-01	-2.202685858113209993e-01	1.199129983857933623e-01	-8.672041381509068558e-02	8.374857780629170467e-02	-1.321056312606148087e-01	1.300973676459324935e-01	-1.122686040066541435e-01	3.722691326436142201e-02	-3.523192766532783765e-02	7.874340011399368067e-02	-7.135311527984991575e-02	1.215022349681745967e-01	-3.809639906142817806e-02	4.103098320465523030e-02	-8.640813945475153690e-02	6.464564018337690121e-02	-1.148942893835624007e-01	4.592314679874084926e-02	-5.655230587261300679e-02
-2.619699368811478912e-01	1.699233152179275286e-01	-1.812066269654387662e-01	9.027084453027994781e-02	-1.043987777898819497e-01	2.359714802274144319e-01	-3.439400125301081967e-01	1.851533615739903160e-01	-1.426462078152549995e-01	1.313896141647131199e-01	-5.281822407918189688e-01	9.999999999999992228e-01	-2.267518162667091774e-01	1.240667870163955216e-01	-1.057334143424678574e-01	2.984995947405008621e-01	-5.552203185590061096e-01	2.811796470023807948e-01	-1.508496131860121159e-01	1.067414352945420392e-01	-2.480487135364549678e-01	2.551539123037696588e-01	-1.490655503303025819e-01	1.031364000204454540e-01	-1.027211491584125724e-01	1.430902760079071634e-01	-1.575904512615415032e-01	1.315745775140502172e-01	-4.458397692324040512e-02	4.236852016900048701e-02	-9.026146395685451240e-02	8.165615216181471014e-02	-1.471490580713811502e-01	4.527049847964728646e-02	-4.950778426761252154e-02	9.687356181298678592e-02	-7.418841774343011564e-02	1.299695719427563234e-01	-5.287040461913482259e-02	6.459640252112458514e-02
1.897259143693301175e-01	-1.968290664963577852e-01	2.062102102257231950e-01	-1.310992138984856947e-01	1.360973307132773980e-01	-1.791639073829740525e-01	2.588497626041280641e-01	-6.287680953584923182e-01	2.874613532857138720e-01	-2.931026155650338638e-01	1.625160202065743520e-01	-2.267518162667091774e-01	9.999999999999984457e-01	-4.307973924236513374e-01	2.239735045165540117e-01	-2.063844359715558407e-01	1.727533389083164006e-01	-2.813422940441657749e-01	2.357008701291289920e-01	-2.196119172398975916e-01	1.603659397417127874e-01	-1.954980967938945158e-01	1.229086686682668572e-01	-1.090888952117756161e-01	1.016663142434823391e-01	-1.206804587858653771e-01	1.211810931667868796e-01	-1.192466853421879219e-01	4.424405426368063082e-02	-4.271251266754601955e-02	8.113702714926628035e-02	-7.693907072801349500e-02	1.305543197119488907e-01	-4.603370255649135573e-02	4.909040163007512975e-02	-9.532814152004814856e-02	7.154500729905884093e-02	-1.419262028441182211e-01	5.638745523764379652e-02	-7.106404747912055397e-02
-1.271264413556228157e-01	1.226086461062489141e-01	-1.423698980852620699e-01	1.113498397703499426e-01	-1.222678966486912128e-01	1.072294405150426982e-01	-1.643773444446398890e-01	2.451008599008155098e-01	-4.814840730182270989e-01	3.121848923994508529e-01	-9.817666482964917951e-02	1.240667870163955216e-01	-4.307973924236513374e-01	1.000000000000001110e+00	-5.444562760841243909e-01	1.209797647396474995e-01	-1.039392865662802229e-01	1.638239857869477345e-01	-4.159279261252874504e-01	2.876188481469523772e-01	-1.014730034013964638e-01	1.179675726313489242e-01	-7.877488644316232858e-02	8.219247733155565783e-02	-8.035429509236299839e-02	7.524267959116447135e-02	-7.680450403342324595e-02	7.568841341372181675e-02	-3.186299648597862300e-02	3.165232021547027125e-02	-5.139756047342915884e-02	4.869381167449651771e-02	-8.491566173735108636e-02	3.292433219342248696e-02	-3.599475725489392763e-02	5.986441496640471788e-02	-4.534387560869769518e-02	8.942879182400155502e-02	-3.666719109120687714e-02	4.589406674910130601e-02
1.064059476808052046e-01	-1.033010979202238083e-01	1.177154139209183603e-01	-1.030430404327230542e-01	1.134655665743483643e-01	-8.936748202034458521e-02	1.310095762238007444e-01	-1.825502299897663327e-01	2.773604669158415414e-01	-4.639511670128378951e-01	8.353772669391136552e-02	-1.057334143424678574e-01	2.239735045165540117e-01	-5.444562760841243909e-01	1.000000000000001110e+00	-1.058163720520693546e-01	8.999903228999964200e-02	-1.460979187017469316e-01	3.147349465663248358e-01	-5.789704095091133818e-01	8.952788263933876556e-02	-1.052276480618220544e-01	7.116897927612841901e-02	-7.990406342500659675e-02	7.903570006204312104e-02	-6.751897939132094073e-02	6.874275172507163245e-02	-6.876895133356905609e-02	3.024847802019682910e-02	-3.061260587687376564e-02	4.637022778561450398e-02	-4.407257549062083835e-02	7.670406465172591171e-02	-3.138379860704800656e-02	3.416486395928954728e-02	-5.426077385486647447e-02	4.110355257476389079e-02	-8.168180693118759494e-02	3.375578401822397490e-02	-4.230585113307559070e-02
-3.025673872634331851e-01	1.681015908792660718e-01	-1.865604481041468199e-01	9.271828741507606719e-02	-1.089144215892872691e-01	2.456401004969213653e-01	-2.697109338189528915e-01	1.706073473297357312e-01	-1.411003171369310805e-01	1.307677818756957377e-01	-6.268900903324827745e-01	2.984995947405008621e-01	-2.063844359715558407e-01	1.209797647396474995e-01	-1.058163720520693546e-01	1.000000000000001776e+00	-3.018281989874869731e-01	2.534718841935809652e-01	-1.543263474153774573e-01	1.075837006980904648e-01	-4.312184225599468013e-01	2.531471432772411934e-01	-1.521957066911821810e-01	1.101715011101931929e-01	-1.098680981877070417e-01	1.830954367829654983e-01	-1.817014706233709420e-01	1.419866033574423425e-01	-4.804127480913843173e-02	4.565240044808380887e-02	-1.077287124537114060e-01	9.471388565584307195e-02	-1.636854332340648976e-01	4.893111716564504943e-02	-5.341474953943059489e-02	1.131406006634974870e-01	-8.552214552481407495e-02	1.454285672374508454e-01	-5.869341734713963421e-02	7.153109394109644081e-02
1.885404536783248375e-01	-1.292366151668734309e-01	1.405669298145350854e-01	-7.325617788531264829e-02	8.506538951756614786e-02	-1.662747675456481000e-01	2.085347779829671844e-01	-1.431469405662347816e-01	1.164251689061582967e-01	-1.109589583758206349e-01	2.488249590657076460e-01	-5.552203185590061096e-01	1.727533389083164006e-01	-1.039392865662802229e-01	8.999903228999964200e-02	-3.018281989874869731e-01	1.000000000000000888e+00	-5.270159516229439012e-01	1.353919115124287420e-01	-9.496851394920313716e-02	2.459609937142547831e-01	-4.739428292279964650e-01	1.871153326773603021e-01	-1.132588479502873446e-01	1.101949450795702418e-01	-1.571136738161833801e-01	1.792708114877117065e-01	-1.594751774900171337e-01	4.867739811016289636e-02	-4.557309006349233305e-02	9.535805234134628328e-02	-8.681812211032015336e-02	1.551821633810618328e-01	-4.903230416653484719e-02	5.306437525912071490e-02	-1.019727220378509325e-01	7.793427786536225033e-02	-1.340016059852724983e-01	5.467864065631803522e-02	-6.650484421331820384e-02
-2.634198881460667052e-01	1.776879631654116887e-01	-2.155252820339941811e-01	1.119805727838495690e-01	-1.343966987614450270e-01	1.943040598192058988e-01	-2.806389638186802538e-01	2.030191053728672423e-01	-1.837336606760938407e-01	1.690588111840620744e-01	-2.379434280340455288e-01	2.811796470023807948e-01	-2.813422940441657749e-01	1.638239857869477345e-01	-1.460979187017469316e-01	2.534718841935809652e-01	-5.270159516229439012e-01	1.000000000000000888e+00	-2.418214233606796604e-01	1.530259395039028913e-01	-3.126097091972897535e-01	3.123877073065287058e-01	-3.325466975058909980e-01	1.728641367272719664e-01	-1.804291028336338920e-01	1.999248358446538976e-01	-2.452454896276868024e-01	2.274558324641035578e-01	-7.583101109980687482e-02	7.189299873211359160e-02	-1.352955718029161258e-01	1.237584830335265590e-01	-2.510180714200736518e-01	7.537393580345462529e-02	-8.446560937024000237e-02	1.419466470123822155e-01	-1.125028747108774985e-01	1.923968023418074769e-01	-8.108012166190070591e-02	9.740643410690690007e-02
1.389465423742065331e-01	-1.272088881245913294e-01	1.414509236811037074e-01	-1.112819021044482437e-01	1.199602327268973756e-01	-1.167083369896586981e-01	1.632294348070575940e-01	-2.017777155203268613e-01	2.498179959489428281e-01	-3.410120676836386755e-01	1.174179293494456572e-01	-1.508496131860121159e-01	2.357008701291289920e-01	-4.159279261252874504e-01	3.147349465663248358e-01	-1.543263474153774573e-01	1.353919115124287420e-01	-2.418214233606796604e-01	1.000000000000000666e+00	-6.833826119304617919e-01	1.345342698874958665e-01	-1.620379368950120580e-01	1.132609762559014660e-01	-1.392393437228161002e-01	1.262443318662982428e-01	-1.044817698983086934e-01	1.063978065314640370e-01	-1.093576781053964275e-01	4.946405346767178413e-02	-4.955132094333878495e-02	7.243147120965551244e-02	-6.924532550265466435e-02	1.200428597886438881e-01	-5.130708471716521196e-02	5.539216831618459097e-02	-8.543105444029459872e-02	6.473373237450653905e-02	-1.303312960088517103e-01	5.409465125435816008e-02	-6.796745733879083762e-02
-1.130753281694777540e-01	1.012247753620695301e-01	-1.196554679134983340e-01	9.025737829269367407e-02	-1.037132492905412651e-01	9.073994336312064812e-02	-1.349071741464616669e-01	1.611798075690710208e-01	-2.385981466354910874e-01	2.572246090306759547e-01	-8.652017374959573848e-02	1.067414352945420392e-01	-2.196119172398975916e-01	2.876188481469523772e-01	-5.789704095091133818e-01	1.075837006980904648e-01	-9.496851394920313716e-02	1.530259395039028913e-01	-6.833826119304617919e-01	1.000000000000000444e+00	-9.677619769590037335e-02	1.105949890482350179e-01	-7.982091365223470403e-02	1.039868168561643297e-01	-1.136737945056395110e-01	7.243401915153560577e-02	-7.508992196070876646e-02	7.601925515450570769e-02	-3.821002682693046965e-02	4.002229050396995808e-02	-5.026926417591874585e-02	4.775724897538363017e-02	-8.521263686956359606e-02	3.925889524904057487e-02	-4.400867502316838098e-02	5.829965839529793054e-02	-4.454395807461735551e-02	8.785846981709249937e-02	-3.778768378509894665e-02	4.696799267222519225e-02
1.812954217734634721e-01	-1.223308164096250789e-01	1.350858667815719727e-01	-7.210983900957773640e-02	8.375247083013237503e-02	-1.550903787917285170e-01	1.824576182187518658e-01	-1.327203478646009349e-01	1.137737623410074728e-01	-1.115160451270318653e-01	2.217514529495655806e-01	-2.480487135364549678e-01	1.603659397417127874e-01	-1.014730034013964638e-01	8.952788263933876556e-02	-4.312184225599468013e-01	2.459609937142547831e-01	-3.126097091972897535e-01	1.345342698874958665e-01	-9.677619769590037335e-02	1.000000000000002220e+00	-4.802697557542083273e-01	2.139384276886669156e-01	-1.484933682391177123e-01	1.377848459297622563e-01	-4.979264740082346985e-01	2.905655268638439592e-01	-2.265516048332199273e-01	6.546134363536949829e-02	-6.054496796838032546e-02	1.864733889842450920e-01	-1.607267069879867172e-01	2.197953723262273951e-01	-6.734880049854875816e-02	7.023581403582579430e-02	-2.020914118541705662e-01	1.383851486688819077e-01	-2.239545533469234351e-01	8.559019637740290787e-02	-1.049346214003418765e-01
-2.100014991129353081e-01	1.384245777251220111e-01	-1.618975965527211236e-01	8.411923036704380130e-02	-9.993192384826714292e-02	1.616548360367710269e-01	-2.168923540758432023e-01	1.520213334991416809e-01	-1.343151224700328272e-01	1.257523149257320505e-01	-2.202685858113209993e-01	2.551539123037696588e-01	-1.954980967938945158e-01	1.179675726313489242e-01	-1.052276480618220544e-01	2.531471432772411934e-01	-4.739428292279964650e-01	3.123877073065287058e-01	-1.620379368950120580e-01	1.105949890482350179e-01	-4.802697557542083273e-01	1.000000000000001110e+00	-3.517882618560911889e-01	1.658854100118296315e-01	-1.685263628572084005e-01	2.595496064857998886e-01	-3.760240657875065229e-01	2.502115103122627415e-01	-7.373281971396647427e-02	6.848898701805171407e-02	-1.524812099439322166e-01	1.354332939860039275e-01	-2.412648756409505046e-01	7.301844815634427055e-02	-8.012439754017511295e-02	1.538125011872616132e-01	-1.198296757376879212e-01	1.908603470211576725e-01	-7.880498326231423489e-02	9.437628967674162317e-02
1.228052011446572195e-01	-8.445944210362289761e-02	9.870042022540237436e-02	-5.297175100231636680e-02	6.257966128482977952e-02	-9.553653473075643388e-02	1.276893460673388658e-01	-9.549948719773262984e-02	8.675011412695367297e-02	-8.403653508432078201e-02	1.199129983857933623e-01	-1.490655503303025819e-01	1.229086686682668572e-01	-7.877488644316232858e-02	7.116897927612841901e-02	-1.521957066911821810e-01	1.871153326773603021e-01	-3.325466975058909980e-01	1.132609762559014660e-01	-7.982091365223470403e-02	2.139384276886669156e-01	-3.517882618560911889e-01	1.000000000000001332e+00	-2.920700304717109286e-01	2.019194827430995931e-01	-2.107270918386889846e-01	2.549432549545290194e-01	-7.269816422054909966e-01	1.023031415028190089e-01	-8.646269712329074375e-02	1.233573902310920595e-01	-1.202006456997687517e-01	2.200650270911407580e-01	-9.832651683732036851e-02	9.592874262880332625e-02	-1.360628785904534066e-01	1.042611125415396495e-01	-1.855851155600780622e-01	7.795747032316344138e-02	-9.445336272285896617e-02
-9.859438719761781655e-02	7.058120551925550767e-02	-8.378376425167700925e-02	4.775178925348063513e-02	-5.618363028535942189e-02	7.511470636308510695e-02	-1.030750190627279239e-01	8.398632717505051526e-02	-8.453748099369361169e-02	8.631667718999611050e-02	-8.672041381509068558e-02	1.031364000204454540e-01	-1.090888952117756161e-01	8.219247733155565783e-02	-7.990406342500659675e-02	1.101715011101931929e-01	-1.132588479502873446e-01	1.728641367272719664e-01	-1.392393437228161002e-01	1.039868168561643297e-01	-1.484933682391177123e-01	1.658854100118296315e-01	-2.920700304717109286e-01	1.000000000000001998e+00	-7.962015736447258796e-01	1.255740154102334138e-01	-1.507947275267295661e-01	1.977073693634220364e-01	-2.411927835737712467e-01	2.214911416859373372e-01	-9.183667822366350930e-02	8.848507865390214944e-02	-1.863398193760949229e-01	1.933172284582880263e-01	-2.554744398445484843e-01	1.012328062435869092e-01	-8.220958359621015343e-02	1.554195642137152222e-01	-9.892710263706613882e-02	1.127113078143718305e-01
9.165986539256219812e-02	-6.672027254984809475e-02	7.777613056289375826e-02	-4.535374451377488514e-02	5.275846559842399530e-02	-7.158739852608982102e-02	9.639956774471956924e-02	-8.016940125471280765e-02	8.081547649845363668e-02	-8.614222269430714396e-02	8.374857780629170467e-02	-1.027211491584125724e-01	1.016663142434823391e-01	-8.035429509236299839e-02	7.903570006204312104e-02	-1.098680981877070417e-01	1.101949450795702418e-01	-1.804291028336338920e-01	1.262443318662982428e-01	-1.136737945056395110e-01	1.377848459297622563e-01	-1.685263628572084005e-01	2.019194827430995931e-01	-7.962015736447258796e-01	1.000000000000002887e+00	-1.251842432586427467e-01	1.377820918217061430e-01	-1.939099830697532667e-01	2.087292570672164282e-01	-3.227958853961666597e-01	9.053469932195393199e-02	-8.899300613326675824e-02	1.665238889692743918e-01	-2.249929270887526811e-01	2.325337155611089945e-01	-1.055367907142565481e-01	8.343540003424151918e-02	-1.713884732110935172e-01	1.023262997522135093e-01	-1.273203285589132872e-01
-1.292659299012109131e-01	8.618605113725942568e-02	-1.006112826912656799e-01	5.318041332081227535e-02	-6.303227800345964638e-02	1.001753728489862133e-01	-1.294342267071353358e-01	9.472565262752011273e-02	-8.495105345224192306e-02	8.106384712856620767e-02	-1.321056312606148087e-01	1.430902760079071634e-01	-1.206804587858653771e-01	7.524267959116447135e-02	-6.751897939132094073e-02	1.830954367829654983e-01	-1.571136738161833801e-01	1.999248358446538976e-01	-1.044817698983086934e-01	7.243401915153560577e-02	-4.979264740082346985e-01	2.595496064857998886e-01	-2.107270918386889846e-01	1.255740154102334138e-01	-1.251842432586427467e-01	1.000000000000001554e+00	-6.513408116027337158e-01	2.230335205842658153e-01	-5.909235666156573835e-02	5.384337054657482163e-02	-3.359110420130518304e-01	1.932400012174310677e-01	-2.310908676839375508e-01	5.912653300645465820e-02	-6.290918327534196497e-02	2.169381047034123489e-01	-1.600013350277962876e-01	1.902495488325782191e-01	-7.421581676898032776e-02	8.692122712070367296e-02
1.266513197226444565e-01	-8.656838669428622290e-02	9.969500479545129190e-02	-5.333465700046439301e-02	6.277324177511266201e-02	-1.006131809833328006e-01	1.297596635831195222e-01	-9.619020452380691588e-02	8.575757347749919657e-02	-8.312413513819434663e-02	1.300973676459324935e-01	-1.575904512615415032e-01	1.211810931667868796e-01	-7.680450403342324595e-02	6.874275172507163245e-02	-1.817014706233709420e-01	1.792708114877117065e-01	-2.452454896276868024e-01	1.063978065314640370e-01	-7.508992196070876646e-02	2.905655268638439592e-01	-3.760240657875065229e-01	2.549432549545290194e-01	-1.507947275267295661e-01	1.377820918217061430e-01	-6.513408116027337158e-01	1.000000000000001554e+00	-4.136433001819255217e-01	7.143294249930889905e-02	-6.245024127466183850e-02	2.138399647235146583e-01	-2.092246246750357752e-01	2.300910586396378299e-01	-7.176535968113269270e-02	7.126829926394938342e-02	-2.157476676450020003e-01	1.553293139874095674e-01	-2.124090345336362706e-01	8.102233284431110960e-02	-9.693918290984533670e-02
-1.195959710527034203e-01	8.155659939166766403e-02	-9.659621462386927537e-02	5.157481568780087483e-02	-6.129293369064741509e-02	9.104940083774309967e-02	-1.229560917165215816e-01	9.170064059134030998e-02	-8.418898318711801054e-02	8.069129852993206509e-02	-1.122686040066541435e-01	1.315745775140502172e-01	-1.192466853421879219e-01	7.568841341372181675e-02	-6.876895133356905609e-02	1.419866033574423425e-01	-1.594751774900171337e-01	2.274558324641035578e-01	-1.093576781053964275e-01	7.601925515450570769e-02	-2.265516048332199273e-01	2.502115103122627415e-01	-7.269816422054909966e-01	1.977073693634220364e-01	-1.939099830697532667e-01	2.230335205842658153e-01	-4.136433001819255217e-01	1.000000000000001110e+00	-1.151807447471872581e-01	8.686153795971909841e-02	-1.373927099782688566e-01	1.337277667066883446e-01	-3.097480684632485937e-01	1.004812661632916576e-01	-9.753545384060427481e-02	1.421723560959129717e-01	-1.144028096966245300e-01	1.902753337211087470e-01	-7.979638962881499542e-02	9.512190392860936372e-02
4.141985496610590956e-02	-2.939439717359185883e-02	3.471885692318558286e-02	-1.950392005428981668e-02	2.295620437143459924e-02	-3.174207874702741211e-02	4.303982034961172792e-02	-3.434648421272985808e-02	3.352790831445069675e-02	-3.408622124155682304e-02	3.722691326436142201e-02	-4.458397692324040512e-02	4.424405426368063082e-02	-3.186299648597862300e-02	3.024847802019682910e-02	-4.804127480913843173e-02	4.867739811016289636e-02	-7.583101109980687482e-02	4.946405346767178413e-02	-3.821002682693046965e-02	6.546134363536949829e-02	-7.373281971396647427e-02	1.023031415028190089e-01	-2.411927835737712467e-01	2.087292570672164282e-01	-5.909235666156573835e-02	7.143294249930889905e-02	-1.151807447471872581e-01	9.999999999999994449e-01	-4.489708892945651342e-01	4.401084863470473840e-02	-4.336639599748588064e-02	8.870043607660436924e-02	-7.966206730430475114e-01	3.010249426082061697e-01	-4.930395711793041785e-02	4.112614362977127375e-02	-8.366960378014151600e-02	8.529444834346948390e-02	-9.487443334616652013e-02
-3.937617030146146196e-02	2.818029832653072900e-02	-3.323185528831779090e-02	1.888700324255038199e-02	-2.217400824836386966e-02	3.025810757214818930e-02	-4.104277710452427369e-02	3.323437694721777247e-02	-3.289332103905034943e-02	3.384938180539109887e-02	-3.523192766532783765e-02	4.236852016900048701e-02	-4.271251266754601955e-02	3.165232021547027125e-02	-3.061260587687376564e-02	4.565240044808380887e-02	-4.557309006349233305e-02	7.189299873211359160e-02	-4.955132094333878495e-02	4.002229050396995808e-02	-6.054496796838032546e-02	6.848898701805171407e-02	-8.646269712329074375e-02	2.214911416859373372e-01	-3.227958853961666597e-01	5.384337054657482163e-02	-6.245024127466183850e-02	8.686153795971909841e-02	-4.489708892945651342e-01	9.999999999999992228e-01	-4.140679554615450675e-02	4.079496306591657434e-02	-8.340281551110124980e-02	2.985867037876527852e-01	-7.664786473745927031e-01	4.678696601173570196e-02	-3.924644763701549965e-02	8.060629958180112742e-02	-8.737450790584502802e-02	9.807581936297977976e-02
8.311876219095967744e-02	-5.683061737983706452e-02	6.695230910712172967e-02	-3.585963937033180560e-02	4.257150293754702330e-02	-6.390014011925197746e-02	8.421395065533189561e-02	-6.323287289292217617e-02	5.773856254148347633e-02	-5.552323143345711670e-02	7.874340011399368067e-02	-9.026146395685451240e-02	8.113702714926628035e-02	-5.139756047342915884e-02	4.637022778561450398e-02	-1.077287124537114060e-01	9.535805234134628328e-02	-1.352955718029161258e-01	7.243147120965551244e-02	-5.026926417591874585e-02	1.864733889842450920e-01	-1.524812099439322166e-01	1.233573902310920595e-01	-9.183667822366350930e-02	9.053469932195393199e-02	-3.359110420130518304e-01	2.138399647235146583e-01	-1.373927099782688566e-01	4.401084863470473840e-02	-4.140679554615450675e-02	1.000000000000001776e+00	-5.440846408699129277e-01	2.468767805189095443e-01	-4.591159996056871223e-02	4.902519563282766585e-02	-6.461569625031037267e-01	3.088502933498742942e-01	-2.555155991229327017e-01	8.657649058774900819e-02	-9.718400518358417950e-02
-7.783946352391457602e-02	5.326460647824050876e-02	-6.331654073600043175e-02	3.389329487057847479e-02	-4.037075078441629272e-02	5.905626899453069595e-02	-7.894287603932577391e-02	5.944471320882098453e-02	-5.473316331338521495e-02	5.242482292333180277e-02	-7.135311527984991575e-02	8.165615216181471014e-02	-7.693907072801349500e-02	4.869381167449651771e-02	-4.407257549062083835e-02	9.471388565584307195e-02	-8.681812211032015336e-02	1.237584830335265590e-01	-6.924532550265466435e-02	4.775724897538363017e-02	-1.607267069879867172e-01	1.354332939860039275e-01	-1.202006456997687517e-01	8.848507865390214944e-02	-8.899300613326675824e-02	1.932400012174310677e-01	-2.092246246750357752e-01	1.337277667066883446e-01	-4.336639599748588064e-02	4.079496306591657434e-02	-5.440846408699129277e-01	9.999999999999994449e-01	-3.603674041897151903e-01	4.516917876722058300e-02	-4.856210061531697486e-02	3.278599914439560004e-01	-6.475256148933477007e-01	2.621637608377337392e-01	-9.272773516894630697e-02	9.787256001844477082e-02
1.301620077581647494e-01	-9.095866338432427589e-02	1.064294142242609709e-01	-5.794169253902250322e-02	6.839312872291140877e-02	-1.010950710797995228e-01	1.336159245069648005e-01	-1.024556167480356883e-01	9.419457511672267580e-02	-9.251741199679389127e-02	1.215022349681745967e-01	-1.471490580713811502e-01	1.305543197119488907e-01	-8.491566173735108636e-02	7.670406465172591171e-02	-1.636854332340648976e-01	1.551821633810618328e-01	-2.510180714200736518e-01	1.200428597886438881e-01	-8.521263686956359606e-02	2.197953723262273951e-01	-2.412648756409505046e-01	2.200650270911407580e-01	-1.863398193760949229e-01	1.665238889692743918e-01	-2.310908676839375508e-01	2.300910586396378299e-01	-3.097480684632485937e-01	8.870043607660436924e-02	-8.340281551110124980e-02	2.468767805189095443e-01	-3.603674041897151903e-01	1.000000000000000888e+00	-9.588916235037112101e-02	9.766430307897741581e-02	-3.220136839158074804e-01	2.687871407198044738e-01	-6.148844567599103250e-01	1.924471438756811259e-01	-2.457813721832013132e-01
-4.301106987871971404e-02	3.047314165193930335e-02	-3.616404534653052533e-02	2.026051201256167181e-02	-2.390599486547697466e-02	3.275031246779808863e-02	-4.461409687494539977e-02	3.556564029830631274e-02	-3.480753947933944159e-02	3.514445362418106011e-02	-3.809639906142817806e-02	4.527049847964728646e-02	-4.603370255649135573e-02	3.292433219342248696e-02	-3.138379860704800656e-02	4.893111716564504943e-02	-4.903230416653484719e-02	7.537393580345462529e-02	-5.130708471716521196e-02	3.925889524904057487e-02	-6.734880049854875816e-02	7.301844815634427055e-02	-9.832651683732036851e-02	1.933172284582880263e-01	-2.249929270887526811e-01	5.912653300645465820e-02	-7.176535968113269270e-02	1.004812661632916576e-01	-7.966206730430475114e-01	2.985867037876527852e-01	-4.591159996056871223e-02	4.516917876722058300e-02	-9.588916235037112101e-02	1.000000000000000222e+00	-4.609112973497117016e-01	5.093310469026487292e-02	-4.349822393809001098e-02	8.864417327478810171e-02	-1.113595251615453058e-01	1.097506495416658845e-01
4.564819003939247360e-02	-3.263782206129215574e-02	3.841776656149463454e-02	-2.177492190507606187e-02	2.555264690069529443e-02	-3.515153972233129448e-02	4.752127367955983478e-02	-3.832388443983421322e-02	3.759004646581275838e-02	-3.874010701493452169e-02	4.103098320465523030e-02	-4.950778426761252154e-02	4.909040163007512975e-02	-3.599475725489392763e-02	3.416486395928954728e-02	-5.341474953943059489e-02	5.306437525912071490e-02	-8.446560937024000237e-02	5.539216831618459097e-02	-4.400867502316838098e-02	7.023581403582579430e-02	-8.012439754017511295e-02	9.592874262880332625e-02	-2.554744398445484843e-01	2.325337155611089945e-01	-6.290918327534196497e-02	7.126829926394938342e-02	-9.753545384060427481e-02	3.010249426082061697e-01	-7.664786473745927031e-01	4.902519563282766585e-02	-4.856210061531697486e-02	9.766430307897741581e-02	-4.609112973497117016e-01	9.999999999999996669e-01	-5.595617134694472194e-02	4.706758754860564109e-02	-9.924548113352375800e-02	1.105999705811720746e-01	-1.416042624864652377e-01
-9.637385648267182692e-02	6.563083131309491169e-02	-7.866495868713947737e-02	4.193161116714283487e-02	-5.014079519415210601e-02	7.221531970485585428e-02	-9.731194342897502014e-02	7.310932069981249115e-02	-6.760213580858687177e-02	6.422373666829171712e-02	-8.640813945475153690e-02	9.687356181298678592e-02	-9.532814152004814856e-02	5.986441496640471788e-02	-5.426077385486647447e-02	1.131406006634974870e-01	-1.019727220378509325e-01	1.419466470123822155e-01	-8.543105444029459872e-02	5.829965839529793054e-02	-2.020914118541705662e-01	1.538125011872616132e-01	-1.360628785904534066e-01	1.012328062435869092e-01	-1.055367907142565481e-01	2.169381047034123489e-01	-2.157476676450020003e-01	1.421723560959129717e-01	-4.930395711793041785e-02	4.678696601173570196e-02	-6.461569625031037267e-01	3.278599914439560004e-01	-3.220136839158074804e-01	5.093310469026487292e-02	-5.595617134694472194e-02	9.999999999999997780e-01	-5.409039203357373093e-01	2.570287238631709381e-01	-9.941760931098948817e-02	1.026853233050234182e-01
7.181177249910972171e-02	-4.928887570359891807e-02	5.881012777928796426e-02	-3.152444471484915772e-02	3.759763434189301867e-02	-5.424126783151125841e-02	7.287784666735240557e-02	-5.510494038403638412e-02	5.097603916045768957e-02	-4.879740908910343289e-02	6.464564018337690121e-02	-7.418841774343011564e-02	7.154500729905884093e-02	-4.534387560869769518e-02	4.110355257476389079e-02	-8.552214552481407495e-02	7.793427786536225033e-02	-1.125028747108774985e-01	6.473373237450653905e-02	-4.454395807461735551e-02	1.383851486688819077e-01	-1.198296757376879212e-01	1.042611125415396495e-01	-8.220958359621015343e-02	8.343540003424151918e-02	-1.600013350277962876e-01	1.553293139874095674e-01	-1.144028096966245300e-01	4.112614362977127375e-02	-3.924644763701549965e-02	3.088502933498742942e-01	-6.475256148933477007e-01	2.687871407198044738e-01	-4.349822393809001098e-02	4.706758754860564109e-02	-5.409039203357373093e-01	1.000000000000000444e+00	-4.065469533662507962e-01	1.056430223033798244e-01	-1.096980202292862083e-01
-1.386663226027686213e-01	9.533847792811765698e-02	-1.162766207488372394e-01	6.217869425714744186e-02	-7.480779983997243310e-02	1.016007250281403540e-01	-1.406646450684685412e-01	1.070879399882622152e-01	-1.010015251754311227e-01	9.542282746951501193e-02	-1.148942893835624007e-01	1.299695719427563234e-01	-1.419262028441182211e-01	8.942879182400155502e-02	-8.168180693118759494e-02	1.454285672374508454e-01	-1.340016059852724983e-01	1.923968023418074769e-01	-1.303312960088517103e-01	8.785846981709249937e-02	-2.239545533469234351e-01	1.908603470211576725e-01	-1.855851155600780622e-01	1.554195642137152222e-01	-1.713884732110935172e-01	1.902495488325782191e-01	-2.124090345336362706e-01	1.902753337211087470e-01	-8.366960378014151600e-02	8.060629958180112742e-02	-2.555155991229327017e-01	2.621637608377337392e-01	-6.148844567599103250e-01	8.864417327478810171e-02	-9.924548113352375800e-02	2.570287238631709381e-01	-4.065469533662507962e-01	1.000000000000000444e+00	-3.322664215079033090e-01	2.377591960621298073e-01
5.452595148372979539e-02	-3.783601545587619158e-02	4.578640917780876785e-02	-2.478361828110080267e-02	2.965942031983094529e-02	-4.040978512837677811e-02	5.561520980584161444e-02	-4.287701373173330444e-02	4.074574544299659068e-02	-3.923956616341561787e-02	4.592314679874084926e-02	-5.287040461913482259e-02	5.638745523764379652e-02	-3.666719109120687714e-02	3.375578401822397490e-02	-5.869341734713963421e-02	5.467864065631803522e-02	-8.108012166190070591e-02	5.409465125435816008e-02	-3.778768378509894665e-02	8.559019637740290787e-02	-7.880498326231423489e-02	7.795747032316344138e-02	-9.892710263706613882e-02	1.023262997522135093e-01	-7.421581676898032776e-02	8.102233284431110960e-02	-7.979638962881499542e-02	8.529444834346948390e-02	-8.737450790584502802e-02	8.657649058774900819e-02	-9.272773516894630697e-02	1.924471438756811259e-01	-1.113595251615453058e-01	1.105999705811720746e-01	-9.941760931098948817e-02	1.056430223033798244e-01	-3.322664215079033090e-01	1.000000000000000444e+00	-8.914948814185169601e-01
