1.000000000000000000e+00	-4.780388551100361316e-01	2.636092322018477319e-01	-3.299866159850040614e-01	1.416322102100593949e-01	-5.771870170885482487e-01	3.005765058156359415e-01	-2.448643286843895372e-01	2.045234137143207565e-01	-1.977736033569298946e-01	2.288359493928422694e-01	-2.244677293566766096e-01	2.024391272997613234e-01	-1.809433917811207326e-01	1.796982339820432095e-01	-2.505106524880665875e-01	1.936688123810444417e-01	-2.154044289909433640e-01	1.381049081633863862e-01	-1.425335421899371069e-01	8.027911278370081227e-02	-7.326423386045545494e-02	1.073267979832490115e-01	-1.175448045629163274e-01	8.225185951158109354e-02	-1.070429477314715910e-01	8.583044869460693116e-02	-8.193947753188060568e-02	9.004682276498149340e-02	-6.868912754521164232e-02	2.868512479645688937e-02	-4.676454540735418275e-02	4.946049824708431686e-02	-3.885184311452006406e-02	4.580345283456108835e-02	-3.204706137672366784e-02	4.604551483412348822e-02	-4.528947431736078666e-02	4.058340962275848451e-02	-5.625775035254257372e-02
-4.780388551100361316e-01	1.000000000000000222e+00	-6.000703974059165002e-01	2.779245811746499095e-01	-1.255255153927467560e-01	2.351490280125763666e-01	-4.988708386114802384e-01	2.247526307310673266e-01	-1.916245497972742518e-01	1.515956064866530728e-01	-1.317474275642483705e-01	1.672996681649332462e-01	-1.617341326074092922e-01	1.378423637301305904e-01	-1.449035788755362320e-01	1.339626784985814556e-01	-1.297929418202830032e-01	1.363490771338340679e-01	-9.783154567823376668e-02	9.746415008106905364e-02	-5.258760470810620868e-02	4.771072049284070388e-02	-7.153733950224261395e-02	7.750210360089401784e-02	-5.611709871282592049e-02	6.665099439222609001e-02	-5.639797468008792003e-02	5.371101195691115049e-02	-6.100572157776283644e-02	4.571411465381831907e-02	-1.810819368072746210e-02	3.044621484281168772e-02	-3.243760371211527882e-02	2.584034972719953180e-02	-3.042176842368538719e-02	2.011963586801329695e-02	-3.001780195561482012e-02	2.918995680305643339e-02	-2.722911771291507133e-02	3.677512116160791544e-02
2.636092322018477319e-01	-6.000703974059165002e-01	9.999999999999998890e-01	-6.031437480875472268e-01	1.918381017547567124e-01	-1.970660013949458167e-01	2.690772904673700006e-01	-2.618427130620953336e-01	2.009192342288509125e-01	-2.436425395062793431e-01	1.106193447830974286e-01	-1.425098752680135639e-01	1.418774486252036282e-01	-1.379185791198081767e-01	1.378128701933420130e-01	-1.172526590991910395e-01	1.125882693460049100e-01	-1.246194323208124760e-01	9.152427674848842565e-02	-9.226432994143679567e-02	4.822879722444054634e-02	-4.372687017100445467e-02	6.606541797860877863e-02	-7.281048249739341394e-02	5.263690553886466589e-02	-6.214595083602809239e-02	5.228001935812642137e-02	-4.994027374817895659e-02	5.695382040181817818e-02	-4.298061841465155436e-02	1.688392484786815223e-02	-2.831994802880072326e-02	3.016253674775156920e-02	-2.417394909194926084e-02	2.857507246209344334e-02	-1.877328520989508809e-02	2.795963197212175677e-02	-2.723106945882670937e-02	2.544810056013134536e-02	-3.462757156746071319e-02
-3.299866159850040614e-01	2.779245811746499095e-01	-6.031437480875472268e-01	9.999999999999996669e-01	-4.276750983083195679e-01	1.929273770115892128e-01	-3.013596969532566505e-01	2.300832878276380944e-01	-2.854671341645930172e-01	2.799851345102346012e-01	-1.201062580480303510e-01	1.499742698667028695e-01	-1.634327904813446808e-01	1.645670999764703712e-01	-1.828888331347017226e-01	1.220308631243410685e-01	-1.279288883238317298e-01	1.361940632412498020e-01	-1.108786240937954110e-01	1.087661661443042327e-01	-5.704244541456263140e-02	5.113450628138056786e-02	-7.899165196604590600e-02	8.524490531340923882e-02	-6.361787559118879665e-02	7.123590384176338441e-02	-6.222342296983761345e-02	5.892265977145450667e-02	-6.859427658446751175e-02	5.091249684418998334e-02	-1.959007384330102228e-02	3.349236479496318225e-02	-3.588714353216253261e-02	2.885698029282213889e-02	-3.402667655749773423e-02	2.169051592912029508e-02	-3.326366432128182588e-02	3.207176687886661298e-02	-3.059900462615797873e-02	4.068898144762843339e-02
1.416322102100593949e-01	-1.255255153927467560e-01	1.918381017547567124e-01	-4.276750983083195679e-01	9.999999999999996669e-01	-9.350070349306140172e-02	1.336866146028260205e-01	-1.281064752690380948e-01	1.532432096781428110e-01	-8.472508403258278697e-01	5.796004731312145303e-02	-7.384239205387552185e-02	8.044626904614454732e-02	-9.106652946714116625e-02	9.109865198537565878e-02	-6.012094865168577523e-02	6.237699960502989666e-02	-6.861230063221586406e-02	5.570444187329571389e-02	-5.548304751586338041e-02	2.797896255257894399e-02	-2.516768271500925691e-02	3.885766958289847001e-02	-4.280652289634929303e-02	3.166250374065517070e-02	-3.535798803736693585e-02	3.063254384075605671e-02	-2.919025850531402344e-02	3.401727514410211872e-02	-2.549051377790564898e-02	9.698422787186303934e-03	-1.653620847075398803e-02	1.769441720598824777e-02	-1.432155993590819749e-02	1.695501850453891290e-02	-1.075039003790651850e-02	1.638740626322254812e-02	-1.585107402065417948e-02	1.515294154380768081e-02	-2.036765724728446803e-02
-5.771870170885482487e-01	2.351490280125763666e-01	-1.970660013949458167e-01	1.929273770115892128e-01	-9.350070349306140172e-02	9.999999999999998890e-01	-3.712259547336687060e-01	2.134121051490644738e-01	-2.067788649884003127e-01	1.222677646157412229e-01	-4.964895200146351995e-01	2.433870869990164554e-01	-2.442528451974489423e-01	1.755202497255957117e-01	-2.034961114410583083e-01	2.742133394349894338e-01	-2.520175900393425983e-01	2.118002586115623476e-01	-1.480737697323988022e-01	1.407082523786573058e-01	-8.880805523432444559e-02	7.963541245259217471e-02	-1.170556890711684922e-01	1.168955687648041697e-01	-8.558885172852850887e-02	1.037356314660147633e-01	-9.113061336499038434e-02	8.494706329385616483e-02	-9.506817115358075221e-02	6.884069639685186370e-02	-2.835953814574322315e-02	4.838844595227550366e-02	-5.174994167566610015e-02	4.001034342164759561e-02	-4.624031616052190485e-02	3.135577828420422347e-02	-4.769912507104355492e-02	4.587641822973576033e-02	-4.240549801561659810e-02	5.512335987663868203e-02
3.005765058156359415e-01	-4.988708386114802384e-01	2.690772904673700006e-01	-3.013596969532566505e-01	1.336866146028260205e-01	-3.712259547336687060e-01	9.999999999999996669e-01	-4.593141279440379199e-01	2.578664134503864114e-01	-1.828002911558642418e-01	1.999341224589068766e-01	-3.484423160177055889e-01	2.506345316558606928e-01	-2.076479174572548325e-01	1.944610780632733682e-01	-2.117264851560466676e-01	1.973494879451939132e-01	-2.146855171716381128e-01	1.409185697188718167e-01	-1.431875669331603707e-01	7.473761682828194974e-02	-6.885028442495504108e-02	1.011790589907225618e-01	-1.121716771017123027e-01	7.923176919107847993e-02	-9.584140163924960432e-02	7.954783228154625740e-02	-7.669269880848801624e-02	8.621098446796029990e-02	-6.544292117853242607e-02	2.581674735339317683e-02	-4.309462735279376289e-02	4.571779610698868679e-02	-3.655600746230420334e-02	4.314209358237785369e-02	-2.875259432270357504e-02	4.213545405846096104e-02	-4.127099408932417834e-02	3.832684828282253292e-02	-5.261689402751635464e-02
-2.448643286843895372e-01	2.247526307310673266e-01	-2.618427130620953336e-01	2.300832878276380944e-01	-1.281064752690380948e-01	2.134121051490644738e-01	-4.593141279440379199e-01	9.999999999999995559e-01	-6.565466638198600435e-01	1.599183357980193121e-01	-1.481233386328451029e-01	2.204766584651503269e-01	-3.021130289136632618e-01	2.635252782313189379e-01	-2.676639449597117970e-01	1.516861677515015383e-01	-1.692123525724271160e-01	1.882459392009001586e-01	-1.562000310053210939e-01	1.510592750331280210e-01	-6.964124574509131249e-02	6.330020225361220054e-02	-9.780871731679123549e-02	1.099524249011010757e-01	-8.165838344888375067e-02	8.622733761406764508e-02	-7.579447461410528109e-02	7.335573719526379544e-02	-8.724869089537803934e-02	6.532498069822957609e-02	-2.360706125972808489e-02	4.080508876926583484e-02	-4.367506194176051099e-02	3.607703388666850391e-02	-4.281202277378975268e-02	2.614817334034546387e-02	-3.998246261471987556e-02	3.874220069020752055e-02	-3.821466275283684488e-02	5.133693215218416983e-02
2.045234137143207565e-01	-1.916245497972742518e-01	2.009192342288509125e-01	-2.854671341645930172e-01	1.532432096781428110e-01	-2.067788649884003127e-01	2.578664134503864114e-01	-6.565466638198600435e-01	9.999999999999990008e-01	-2.252860346965084859e-01	1.333989187961365230e-01	-1.938753714442318643e-01	2.214469346680664197e-01	-4.779632608549180817e-01	2.591012718385968250e-01	-1.462474935766126249e-01	1.525473125893337389e-01	-1.885240939894897438e-01	1.590343421065980589e-01	-1.648192309791731980e-01	6.633258377088983859e-02	-6.075374009349140958e-02	9.375893539372387453e-02	-1.134538953393274680e-01	8.136087453627179056e-02	-8.567966473793994786e-02	7.322892782070239415e-02	-7.218998899135520286e-02	8.585706408854404392e-02	-6.664487637427710109e-02	2.328741763982174542e-02	-3.984001293683726852e-02	4.245438093346771968e-02	-3.573755731841909977e-02	4.301071425129456699e-02	-2.588758628050412749e-02	3.884903138803076639e-02	-3.802670182412934419e-02	3.755102535991534929e-02	-5.242527996013970903e-02
-1.977736033569298946e-01	1.515956064866530728e-01	-2.436425395062793431e-01	2.799851345102346012e-01	-8.472508403258278697e-01	1.222677646157412229e-01	-1.828002911558642418e-01	1.599183357980193121e-01	-2.252860346965084859e-01	9.999999999999997780e-01	-7.746975959166255143e-02	9.781060940258631820e-02	-1.086312500974049300e-01	1.196691853850077036e-01	-1.271532344981033402e-01	7.928687970031898791e-02	-8.400245849266363418e-02	9.088018523572792551e-02	-7.571148618754218462e-02	7.454368010127361555e-02	-3.795887119478733029e-02	3.403430691467393410e-02	-5.280814407878745009e-02	5.758953270401909880e-02	-4.302858046235896738e-02	4.750466009216575830e-02	-4.158106124020794631e-02	3.948332590367929079e-02	-4.622152258804236580e-02	3.442105144556911051e-02	-1.307333499562493735e-02	2.239854555160405297e-02	-2.400748744151433300e-02	1.941404240143266083e-02	-2.294934325004681364e-02	1.447380832875943060e-02	-2.223791628472944135e-02	2.144515268809394498e-02	-2.058631386997059748e-02	2.745226746758906711e-02
2.288359493928422694e-01	-1.317474275642483705e-01	1.106193447830974286e-01	-1.201062580480303510e-01	5.796004731312145303e-02	-4.964895200146351995e-01	1.999341224589068766e-01	-1.481233386328451029e-01	1.333989187961365230e-01	-7.746975959166255143e-02	9.999999999999998890e-01	-3.363367382964571606e-01	2.192377640799051675e-01	-1.353584265997498648e-01	1.422506954366035969e-01	-6.895615555521332762e-01	2.677392693944457558e-01	-2.300170875046680108e-01	1.217343378334099502e-01	-1.182415179663670185e-01	7.191973449865933510e-02	-6.784314097564589363e-02	9.049243274900872769e-02	-9.275734230945716086e-02	6.467725193045131826e-02	-8.152332777486763493e-02	6.931029904004235020e-02	-6.644092916856245146e-02	7.221276698766819491e-02	-5.318871651620657448e-02	2.173223462754506757e-02	-3.678272950019916693e-02	3.892513883802922042e-02	-3.013775031608188076e-02	3.476596446252677025e-02	-2.411829632931019804e-02	3.523280867906700142e-02	-3.436660606292520764e-02	3.165158358265093841e-02	-4.202019265798296460e-02
-2.244677293566766096e-01	1.672996681649332462e-01	-1.425098752680135639e-01	1.499742698667028695e-01	-7.384239205387552185e-02	2.433870869990164554e-01	-3.484423160177055889e-01	2.204766584651503269e-01	-1.938753714442318643e-01	9.781060940258631820e-02	-3.363367382964571606e-01	1.000000000000000444e+00	-6.768098649309510773e-01	2.008194860561376138e-01	-2.029600058811955321e-01	2.542169511948297878e-01	-3.917563740723239984e-01	2.760759015914095449e-01	-1.591984772802376991e-01	1.483940702521032162e-01	-8.328426520508201703e-02	7.892968579902712167e-02	-1.090692849571321676e-01	1.124913083513070094e-01	-7.988050562557368062e-02	9.377124452189052051e-02	-8.223797347025849080e-02	7.911803840319010794e-02	-8.840940953051065754e-02	6.487342229114773096e-02	-2.523098778090861541e-02	4.346181457151535726e-02	-4.618046970855184397e-02	3.642879774406811155e-02	-4.222347412969994218e-02	2.794368219106586892e-02	-4.158265041526288536e-02	4.044508207821530255e-02	-3.839233675335344820e-02	5.077272712360564322e-02
2.024391272997613234e-01	-1.617341326074092922e-01	1.418774486252036282e-01	-1.634327904813446808e-01	8.044626904614454732e-02	-2.442528451974489423e-01	2.506345316558606928e-01	-3.021130289136632618e-01	2.214469346680664197e-01	-1.086312500974049300e-01	2.192377640799051675e-01	-6.768098649309510773e-01	1.000000000000000000e+00	-3.102543124463119084e-01	2.272386121667817060e-01	-2.385454171171135507e-01	2.743030452055577606e-01	-4.059178788563240770e-01	1.881791613094550286e-01	-1.867436009846388245e-01	8.411434548697370450e-02	-8.040675425527822606e-02	1.170753975524981422e-01	-1.315099042669325979e-01	9.094636576794719318e-02	-1.031524242635768612e-01	8.773331716192980800e-02	-8.759592420151290915e-02	9.880005145042253245e-02	-7.522747847392879939e-02	2.760940562165320120e-02	-4.726762132046148646e-02	5.004578656789974989e-02	-4.076067457691608109e-02	4.807665358176607673e-02	-3.070186581130914666e-02	4.504096799413771085e-02	-4.425146550247983923e-02	4.267974886131248313e-02	-5.861569489494512786e-02
-1.809433917811207326e-01	1.378423637301305904e-01	-1.379185791198081767e-01	1.645670999764703712e-01	-9.106652946714116625e-02	1.755202497255957117e-01	-2.076479174572548325e-01	2.635252782313189379e-01	-4.779632608549180817e-01	1.196691853850077036e-01	-1.353584265997498648e-01	2.008194860561376138e-01	-3.102543124463119084e-01	9.999999999999996669e-01	-6.552363292012274298e-01	1.434923655868928505e-01	-1.757017896638922161e-01	2.148925301296615575e-01	-2.833631263638390352e-01	2.468234198246618549e-01	-7.728565950047190658e-02	7.063117282019309995e-02	-1.137882707083157918e-01	1.439243788332722207e-01	-1.099953597198538441e-01	9.541196482902818132e-02	-8.696792672267142366e-02	8.699897191802295759e-02	-1.126291818435177783e-01	8.618289047099828015e-02	-2.623566020600863816e-02	4.687180999785871272e-02	-5.040407849323694928e-02	4.466542876991253658e-02	-5.427627481774403156e-02	2.900618626573792797e-02	-4.526010696931558053e-02	4.395494328418892566e-02	-4.745905143379036684e-02	6.495551049957645762e-02
1.796982339820432095e-01	-1.449035788755362320e-01	1.378128701933420130e-01	-1.828888331347017226e-01	9.109865198537565878e-02	-2.034961114410583083e-01	1.944610780632733682e-01	-2.676639449597117970e-01	2.591012718385968250e-01	-1.271532344981033402e-01	1.422506954366035969e-01	-2.029600058811955321e-01	2.272386121667817060e-01	-6.552363292012274298e-01	1.000000000000000888e+00	-1.636257792466272454e-01	1.814450149782655120e-01	-2.567230519740942296e-01	2.730159453445953344e-01	-4.566485228350736225e-01	8.623995091266004054e-02	-7.973781052949736881e-02	1.268527537262527372e-01	-1.783581926375834292e-01	1.359723746702794778e-01	-1.140788299712856141e-01	9.870400106821491937e-02	-1.016607740944924926e-01	1.283771669298476581e-01	-1.133232878796462950e-01	3.099648692875277972e-02	-5.428952735645318356e-02	5.785726889083401409e-02	-5.291362952101468647e-02	6.807584349172286775e-02	-3.447345288508175953e-02	5.214176847176421603e-02	-5.151761465452688038e-02	5.514412069809872946e-02	-8.483159167454243366e-02
-2.505106524880665875e-01	1.339626784985814556e-01	-1.172526590991910395e-01	1.220308631243410685e-01	-6.012094865168577523e-02	2.742133394349894338e-01	-2.117264851560466676e-01	1.516861677515015383e-01	-1.462474935766126249e-01	7.928687970031898791e-02	-6.895615555521332762e-01	2.542169511948297878e-01	-2.385454171171135507e-01	1.434923655868928505e-01	-1.636257792466272454e-01	9.999999999999995559e-01	-4.979902005073096882e-01	2.459182929006834828e-01	-1.409675557599986417e-01	1.278226140176458581e-01	-9.143446050003121994e-02	8.446242282891838760e-02	-1.079879668379297858e-01	1.034854106688355008e-01	-7.318274453834268389e-02	9.298802161373474762e-02	-8.187899676461198040e-02	7.677859334776927780e-02	-8.305042262694849187e-02	5.931706249502330386e-02	-2.484712487347625481e-02	4.261716827013913023e-02	-4.521798247249837754e-02	3.432126395649448547e-02	-3.901494978337668312e-02	2.746190470677948442e-02	-4.064039262379372935e-02	3.934983200887316040e-02	-3.622436344215355930e-02	4.661632304169734120e-02
1.936688123810444417e-01	-1.297929418202830032e-01	1.125882693460049100e-01	-1.279288883238317298e-01	6.237699960502989666e-02	-2.520175900393425983e-01	1.973494879451939132e-01	-1.692123525724271160e-01	1.525473125893337389e-01	-8.400245849266363418e-02	2.677392693944457558e-01	-3.917563740723239984e-01	2.743030452055577606e-01	-1.757017896638922161e-01	1.814450149782655120e-01	-4.979902005073096882e-01	9.999999999999992228e-01	-6.052036213879159465e-01	1.971535409389207072e-01	-1.870481243973844132e-01	1.138209705803285565e-01	-1.269935126944409243e-01	1.386575176252639596e-01	-1.385283264413966486e-01	9.181716213156038142e-02	-1.189714247603849695e-01	1.024272868954717863e-01	-1.000851737826242011e-01	1.043398845617405507e-01	-7.644759950955709593e-02	3.116538770217668758e-02	-5.348628934993715500e-02	5.604098331798820082e-02	-4.279181423838257503e-02	4.862173283734576301e-02	-3.457881905749736473e-02	4.941637269922030673e-02	-4.857621851197745783e-02	4.465876441051247481e-02	-5.902429039429009372e-02
-2.154044289909433640e-01	1.363490771338340679e-01	-1.246194323208124760e-01	1.361940632412498020e-01	-6.861230063221586406e-02	2.118002586115623476e-01	-2.146855171716381128e-01	1.882459392009001586e-01	-1.885240939894897438e-01	9.088018523572792551e-02	-2.300170875046680108e-01	2.760759015914095449e-01	-4.059178788563240770e-01	2.148925301296615575e-01	-2.567230519740942296e-01	2.459182929006834828e-01	-6.052036213879159465e-01	9.999999999999990008e-01	-3.902474533155144698e-01	2.393317100442097778e-01	-1.206539551170026231e-01	1.172453430238336036e-01	-1.872771808836352636e-01	1.751147425276559366e-01	-1.217378946502181564e-01	1.318353914530407678e-01	-1.207835377553910516e-01	1.223201545296280224e-01	-1.386812651295278032e-01	9.665597363634999273e-02	-3.545376023523655329e-02	6.330625489783572868e-02	-6.747050206876469003e-02	5.409703816209512212e-02	-6.160012903725532035e-02	3.916708560414706997e-02	-5.894854349371461688e-02	5.738001417979386731e-02	-5.726364981677128929e-02	7.301533135684433462e-02
1.381049081633863862e-01	-9.783154567823376668e-02	9.152427674848842565e-02	-1.108786240937954110e-01	5.570444187329571389e-02	-1.480737697323988022e-01	1.409185697188718167e-01	-1.562000310053210939e-01	1.590343421065980589e-01	-7.571148618754218462e-02	1.217343378334099502e-01	-1.591984772802376991e-01	1.881791613094550286e-01	-2.833631263638390352e-01	2.730159453445953344e-01	-1.409675557599986417e-01	1.971535409389207072e-01	-3.902474533155144698e-01	9.999999999999990008e-01	-7.159796349082659939e-01	9.152244005904505708e-02	-8.617563707496532499e-02	1.468318180016190411e-01	-3.102510183292118695e-01	1.673560042096483569e-01	-1.135000442741592314e-01	1.085267352043860073e-01	-1.187082350900980771e-01	1.747337480515943342e-01	-1.362988215601466102e-01	3.122547391650980220e-02	-5.888259933733501483e-02	6.349376682474978939e-02	-6.336582595694532916e-02	7.702581780808070988e-02	-3.447250834765801936e-02	5.482863619084275830e-02	-5.381127311391527973e-02	6.648902818482602117e-02	-9.348532149556264270e-02
-1.425335421899371069e-01	9.746415008106905364e-02	-9.226432994143679567e-02	1.087661661443042327e-01	-5.548304751586338041e-02	1.407082523786573058e-01	-1.431875669331603707e-01	1.510592750331280210e-01	-1.648192309791731980e-01	7.454368010127361555e-02	-1.182415179663670185e-01	1.483940702521032162e-01	-1.867436009846388245e-01	2.468234198246618549e-01	-4.566485228350736225e-01	1.278226140176458581e-01	-1.870481243973844132e-01	2.393317100442097778e-01	-7.159796349082659939e-01	9.999999999999988898e-01	-9.195914209433567188e-02	8.432490561958867759e-02	-1.457389908767130204e-01	2.148391727265850926e-01	-2.339596149634305122e-01	1.110778953759251897e-01	-1.094855366577027755e-01	1.145229051450865343e-01	-1.730434683930721640e-01	1.506742832408376753e-01	-3.095444793145891646e-02	5.878599090587616205e-02	-6.393251580002479173e-02	6.384057120974639954e-02	-8.541475862767733407e-02	3.404944575594886363e-02	-5.555883691091882681e-02	5.390396827016495640e-02	-6.827801148789901242e-02	1.003419702693019028e-01
8.027911278370081227e-02	-5.258760470810620868e-02	4.822879722444054634e-02	-5.704244541456263140e-02	2.797896255257894399e-02	-8.880805523432444559e-02	7.473761682828194974e-02	-6.964124574509131249e-02	6.633258377088983859e-02	-3.795887119478733029e-02	7.191973449865933510e-02	-8.328426520508201703e-02	8.411434548697370450e-02	-7.728565950047190658e-02	8.623995091266004054e-02	-9.143446050003121994e-02	1.138209705803285565e-01	-1.206539551170026231e-01	9.152244005904505708e-02	-9.195914209433567188e-02	1.000000000000000666e+00	-7.686082093939176074e-01	2.728389562176768424e-01	-1.716645964638945920e-01	8.649140006337660558e-02	-4.663239528779637433e-01	2.565224880909499072e-01	-2.179480538365196896e-01	1.397482175981977215e-01	-7.942016556344945466e-02	9.424911130776815471e-02	-1.258618053855949381e-01	1.212676278254628676e-01	-6.150476526878080608e-02	5.268356098929066755e-02	-1.046792084923900135e-01	1.055025094949131881e-01	-1.061955942957516497e-01	6.208281709293071715e-02	-6.369913652904252155e-02
-7.326423386045545494e-02	4.771072049284070388e-02	-4.372687017100445467e-02	5.113450628138056786e-02	-2.516768271500925691e-02	7.963541245259217471e-02	-6.885028442495504108e-02	6.330020225361220054e-02	-6.075374009349140958e-02	3.403430691467393410e-02	-6.784314097564589363e-02	7.892968579902712167e-02	-8.040675425527822606e-02	7.063117282019309995e-02	-7.973781052949736881e-02	8.446242282891838760e-02	-1.269935126944409243e-01	1.172453430238336036e-01	-8.617563707496532499e-02	8.432490561958867759e-02	-7.686082093939176074e-01	1.000000000000000444e+00	-4.303992275897661757e-01	1.567276165833874080e-01	-8.059568631032826280e-02	2.875480906869721798e-01	-3.302303178425296526e-01	2.207541410073654564e-01	-1.381429867987078453e-01	7.332462922868097921e-02	-6.950149834392654880e-02	1.227899308498276165e-01	-1.225798307300901835e-01	5.763620694059423677e-02	-4.826317202699267894e-02	7.520305916096575727e-02	-9.613083592410030798e-02	9.320814412872346910e-02	-5.865932752671543932e-02	5.743026190798583563e-02
1.073267979832490115e-01	-7.153733950224261395e-02	6.606541797860877863e-02	-7.899165196604590600e-02	3.885766958289847001e-02	-1.170556890711684922e-01	1.011790589907225618e-01	-9.780871731679123549e-02	9.375893539372387453e-02	-5.280814407878745009e-02	9.049243274900872769e-02	-1.090692849571321676e-01	1.170753975524981422e-01	-1.137882707083157918e-01	1.268527537262527372e-01	-1.079879668379297858e-01	1.386575176252639596e-01	-1.872771808836352636e-01	1.468318180016190411e-01	-1.457389908767130204e-01	2.728389562176768424e-01	-4.303992275897661757e-01	1.000000000000000444e+00	-3.394552625366273890e-01	1.419744536714553917e-01	-4.037216684524907451e-01	3.046841664518811221e-01	-5.688831510638461264e-01	2.566406045747785525e-01	-1.360743265835726579e-01	9.742842383017967511e-02	-1.742239385351461445e-01	1.726961157812902659e-01	-1.015543556953810711e-01	8.569812815226642011e-02	-1.104321240339448812e-01	1.351517561156551084e-01	-1.434190055680503728e-01	9.996627393514545545e-02	-1.039503679626064547e-01
-1.175448045629163274e-01	7.750210360089401784e-02	-7.281048249739341394e-02	8.524490531340923882e-02	-4.280652289634929303e-02	1.168955687648041697e-01	-1.121716771017123027e-01	1.099524249011010757e-01	-1.134538953393274680e-01	5.758953270401909880e-02	-9.275734230945716086e-02	1.124913083513070094e-01	-1.315099042669325979e-01	1.439243788332722207e-01	-1.783581926375834292e-01	1.034854106688355008e-01	-1.385283264413966486e-01	1.751147425276559366e-01	-3.102510183292118695e-01	2.148391727265850926e-01	-1.716645964638945920e-01	1.567276165833874080e-01	-3.394552625366273890e-01	1.000000000000000000e+00	-2.953014080768698868e-01	1.996688919136150597e-01	-2.378889899323697321e-01	2.713395318843594972e-01	-6.682012601927553863e-01	2.207449102952354358e-01	-5.734297198336497925e-02	1.233066611572176952e-01	-1.384255915511886648e-01	1.551176098519291280e-01	-1.357912874025844763e-01	6.233130026903861698e-02	-1.111356916777572201e-01	1.065573512356437075e-01	-1.722396809362441994e-01	1.448055000214230059e-01
8.225185951158109354e-02	-5.611709871282592049e-02	5.263690553886466589e-02	-6.361787559118879665e-02	3.166250374065517070e-02	-8.558885172852850887e-02	7.923176919107847993e-02	-8.165838344888375067e-02	8.136087453627179056e-02	-4.302858046235896738e-02	6.467725193045131826e-02	-7.988050562557368062e-02	9.094636576794719318e-02	-1.099953597198538441e-01	1.359723746702794778e-01	-7.318274453834268389e-02	9.181716213156038142e-02	-1.217378946502181564e-01	1.673560042096483569e-01	-2.339596149634305122e-01	8.649140006337660558e-02	-8.059568631032826280e-02	1.419744536714553917e-01	-2.953014080768698868e-01	1.000000000000002220e+00	-1.232674561628729765e-01	1.171179155233077335e-01	-1.440497076066454829e-01	2.317724655286251823e-01	-7.778518752680724235e-01	3.451772546163249522e-02	-6.878717587873610373e-02	7.383845952306376803e-02	-1.079872868472208924e-01	2.508306810839925349e-01	-3.822741955449085460e-02	6.353337712029216711e-02	-6.475156183456909353e-02	1.061695225610266996e-01	-3.345725698983854635e-01
-1.070429477314715910e-01	6.665099439222609001e-02	-6.214595083602809239e-02	7.123590384176338441e-02	-3.535798803736693585e-02	1.037356314660147633e-01	-9.584140163924960432e-02	8.622733761406764508e-02	-8.567966473793994786e-02	4.750466009216575830e-02	-8.152332777486763493e-02	9.377124452189052051e-02	-1.031524242635768612e-01	9.541196482902818132e-02	-1.140788299712856141e-01	9.298802161373474762e-02	-1.189714247603849695e-01	1.318353914530407678e-01	-1.135000442741592314e-01	1.110778953759251897e-01	-4.663239528779637433e-01	2.875480906869721798e-01	-4.037216684524907451e-01	1.996688919136150597e-01	-1.232674561628729765e-01	1.000000000000002887e+00	-5.558861340185956568e-01	2.735058175240536182e-01	-2.021293309919144077e-01	1.058967267051665467e-01	-2.311675617881623623e-01	2.065247593702691231e-01	-2.255204209472843890e-01	9.110814496206476321e-02	-7.384223763176107902e-02	1.825133229233332488e-01	-2.073198498250030664e-01	1.711297213008175777e-01	-9.659687049359366728e-02	8.473498403869891837e-02
8.583044869460693116e-02	-5.639797468008792003e-02	5.228001935812642137e-02	-6.222342296983761345e-02	3.063254384075605671e-02	-9.113061336499038434e-02	7.954783228154625740e-02	-7.579447461410528109e-02	7.322892782070239415e-02	-4.158106124020794631e-02	6.931029904004235020e-02	-8.223797347025849080e-02	8.773331716192980800e-02	-8.696792672267142366e-02	9.870400106821491937e-02	-8.187899676461198040e-02	1.024272868954717863e-01	-1.207835377553910516e-01	1.085267352043860073e-01	-1.094855366577027755e-01	2.565224880909499072e-01	-3.302303178425296526e-01	3.046841664518811221e-01	-2.378889899323697321e-01	1.171179155233077335e-01	-5.558861340185956568e-01	1.000000000000000444e+00	-4.934232273617162878e-01	2.151872672084741145e-01	-1.118941908918111294e-01	1.237836245962551374e-01	-3.566392664746892982e-01	2.471769352679875631e-01	-9.624975164033994224e-02	7.279427516920902730e-02	-1.372661020054293246e-01	1.769580785207062190e-01	-1.818057740797401345e-01	9.471737042639459536e-02	-8.739824396649997773e-02
-8.193947753188060568e-02	5.371101195691115049e-02	-4.994027374817895659e-02	5.892265977145450667e-02	-2.919025850531402344e-02	8.494706329385616483e-02	-7.669269880848801624e-02	7.335573719526379544e-02	-7.218998899135520286e-02	3.948332590367929079e-02	-6.644092916856245146e-02	7.911803840319010794e-02	-8.759592420151290915e-02	8.699897191802295759e-02	-1.016607740944924926e-01	7.677859334776927780e-02	-1.000851737826242011e-01	1.223201545296280224e-01	-1.187082350900980771e-01	1.145229051450865343e-01	-2.179480538365196896e-01	2.207541410073654564e-01	-5.688831510638461264e-01	2.713395318843594972e-01	-1.440497076066454829e-01	2.735058175240536182e-01	-4.934232273617162878e-01	1.000000000000000222e+00	-4.479668189621887064e-01	1.364880009952036399e-01	-7.589675390380254405e-02	2.027719240410180146e-01	-2.528639848767534337e-01	1.146205121069519411e-01	-8.504823589689089469e-02	8.238970507776884056e-02	-1.393646904896748140e-01	1.385540402431578721e-01	-1.164208479007205893e-01	9.572708548443008281e-02
9.004682276498149340e-02	-6.100572157776283644e-02	5.695382040181817818e-02	-6.859427658446751175e-02	3.401727514410211872e-02	-9.506817115358075221e-02	8.621098446796029990e-02	-8.724869089537803934e-02	8.585706408854404392e-02	-4.622152258804236580e-02	7.221276698766819491e-02	-8.840940953051065754e-02	9.880005145042253245e-02	-1.126291818435177783e-01	1.283771669298476581e-01	-8.305042262694849187e-02	1.043398845617405507e-01	-1.386812651295278032e-01	1.747337480515943342e-01	-1.730434683930721640e-01	1.397482175981977215e-01	-1.381429867987078453e-01	2.566406045747785525e-01	-6.682012601927553863e-01	2.317724655286251823e-01	-2.021293309919144077e-01	2.151872672084741145e-01	-4.479668189621887064e-01	1.000000000000002665e+00	-2.979631064966550280e-01	5.578048149890259266e-02	-1.265873240499097718e-01	1.351147453242670660e-01	-2.223321972572865624e-01	1.376365924157066933e-01	-6.163310022519225689e-02	1.024758008972159185e-01	-1.065105701579343589e-01	1.774939057095960004e-01	-1.579808251555487875e-01
-6.868912754521164232e-02	4.571411465381831907e-02	-4.298061841465155436e-02	5.091249684418998334e-02	-2.549051377790564898e-02	6.884069639685186370e-02	-6.544292117853242607e-02	6.532498069822957609e-02	-6.664487637427710109e-02	3.442105144556911051e-02	-5.318871651620657448e-02	6.487342229114773096e-02	-7.522747847392879939e-02	8.618289047099828015e-02	-1.133232878796462950e-01	5.931706249502330386e-02	-7.644759950955709593e-02	9.665597363634999273e-02	-1.362988215601466102e-01	1.506742832408376753e-01	-7.942016556344945466e-02	7.332462922868097921e-02	-1.360743265835726579e-01	2.207449102952354358e-01	-7.778518752680724235e-01	1.058967267051665467e-01	-1.118941908918111294e-01	1.364880009952036399e-01	-2.979631064966550280e-01	9.999999999999987788e-01	-3.021727472563009304e-02	6.314074521285481523e-02	-6.934573641164985813e-02	1.002945883976324309e-01	-3.913030361000868207e-01	3.318220848368256398e-02	-5.790159633319698351e-02	5.770798195817109649e-02	-1.041329045801536873e-01	2.661414248925427772e-01
2.868512479645688937e-02	-1.810819368072746210e-02	1.688392484786815223e-02	-1.959007384330102228e-02	9.698422787186303934e-03	-2.835953814574322315e-02	2.581674735339317683e-02	-2.360706125972808489e-02	2.328741763982174542e-02	-1.307333499562493735e-02	2.173223462754506757e-02	-2.523098778090861541e-02	2.760940562165320120e-02	-2.623566020600863816e-02	3.099648692875277972e-02	-2.484712487347625481e-02	3.116538770217668758e-02	-3.545376023523655329e-02	3.122547391650980220e-02	-3.095444793145891646e-02	9.424911130776815471e-02	-6.950149834392654880e-02	9.742842383017967511e-02	-5.734297198336497925e-02	3.451772546163249522e-02	-2.311675617881623623e-01	1.237836245962551374e-01	-7.589675390380254405e-02	5.578048149890259266e-02	-3.021727472563009304e-02	9.999999999999983347e-01	-1.023107396411394865e-01	9.244540648627086465e-02	-3.126627571046415588e-02	2.161975425331386785e-02	-9.418944466194958398e-01	1.316837785324320720e-01	-1.207619643585323144e-01	3.242943271252642784e-02	-2.521868081058869712e-02
-4.676454540735418275e-02	3.044621484281168772e-02	-2.831994802880072326e-02	3.349236479496318225e-02	-1.653620847075398803e-02	4.838844595227550366e-02	-4.309462735279376289e-02	4.080508876926583484e-02	-3.984001293683726852e-02	2.239854555160405297e-02	-3.678272950019916693e-02	4.346181457151535726e-02	-4.726762132046148646e-02	4.687180999785871272e-02	-5.428952735645318356e-02	4.261716827013913023e-02	-5.348628934993715500e-02	6.330625489783572868e-02	-5.888259933733501483e-02	5.878599090587616205e-02	-1.258618053855949381e-01	1.227899308498276165e-01	-1.742239385351461445e-01	1.233066611572176952e-01	-6.878717587873610373e-02	2.065247593702691231e-01	-3.566392664746892982e-01	2.027719240410180146e-01	-1.265873240499097718e-01	6.314074521285481523e-02	-1.023107396411394865e-01	1.000000000000000666e+00	-8.031646940372587640e-01	8.753703104919810518e-02	-4.557675602407323945e-02	1.015385213735261055e-01	-3.244780146271750154e-01	2.507551207113955516e-01	-8.925904529439232515e-02	5.321449093253972917e-02
4.946049824708431686e-02	-3.243760371211527882e-02	3.016253674775156920e-02	-3.588714353216253261e-02	1.769441720598824777e-02	-5.174994167566610015e-02	4.571779610698868679e-02	-4.367506194176051099e-02	4.245438093346771968e-02	-2.400748744151433300e-02	3.892513883802922042e-02	-4.618046970855184397e-02	5.004578656789974989e-02	-5.040407849323694928e-02	5.785726889083401409e-02	-4.521798247249837754e-02	5.604098331798820082e-02	-6.747050206876469003e-02	6.349376682474978939e-02	-6.393251580002479173e-02	1.212676278254628676e-01	-1.225798307300901835e-01	1.726961157812902659e-01	-1.384255915511886648e-01	7.383845952306376803e-02	-2.255204209472843890e-01	2.471769352679875631e-01	-2.528639848767534337e-01	1.351147453242670660e-01	-6.934573641164985813e-02	9.244540648627086465e-02	-8.031646940372587640e-01	9.999999999999996669e-01	-1.090118695183387026e-01	4.975922210236722459e-02	-1.001761013725203375e-01	2.556183453469870748e-01	-3.588514157700594120e-01	1.001650821705661332e-01	-5.903206642027897244e-02
-3.885184311452006406e-02	2.584034972719953180e-02	-2.417394909194926084e-02	2.885698029282213889e-02	-1.432155993590819749e-02	4.001034342164759561e-02	-3.655600746230420334e-02	3.607703388666850391e-02	-3.573755731841909977e-02	1.941404240143266083e-02	-3.013775031608188076e-02	3.642879774406811155e-02	-4.076067457691608109e-02	4.466542876991253658e-02	-5.291362952101468647e-02	3.432126395649448547e-02	-4.279181423838257503e-02	5.409703816209512212e-02	-6.336582595694532916e-02	6.384057120974639954e-02	-6.150476526878080608e-02	5.763620694059423677e-02	-1.015543556953810711e-01	1.551176098519291280e-01	-1.079872868472208924e-01	9.110814496206476321e-02	-9.624975164033994224e-02	1.146205121069519411e-01	-2.223321972572865624e-01	1.002945883976324309e-01	-3.126627571046415588e-02	8.753703104919810518e-02	-1.090118695183387026e-01	1.000000000000000444e+00	-1.179076450826841704e-01	3.374729367914854061e-02	-8.843762524389259250e-02	9.477919651160082726e-02	-9.314384117128682306e-01	1.289083758995459572e-01
4.580345283456108835e-02	-3.042176842368538719e-02	2.857507246209344334e-02	-3.402667655749773423e-02	1.695501850453891290e-02	-4.624031616052190485e-02	4.314209358237785369e-02	-4.281202277378975268e-02	4.301071425129456699e-02	-2.294934325004681364e-02	3.476596446252677025e-02	-4.222347412969994218e-02	4.807665358176607673e-02	-5.427627481774403156e-02	6.807584349172286775e-02	-3.901494978337668312e-02	4.862173283734576301e-02	-6.160012903725532035e-02	7.702581780808070988e-02	-8.541475862767733407e-02	5.268356098929066755e-02	-4.826317202699267894e-02	8.569812815226642011e-02	-1.357912874025844763e-01	2.508306810839925349e-01	-7.384223763176107902e-02	7.279427516920902730e-02	-8.504823589689089469e-02	1.376365924157066933e-01	-3.913030361000868207e-01	2.161975425331386785e-02	-4.557675602407323945e-02	4.975922210236722459e-02	-1.179076450826841704e-01	1.000000000000000444e+00	-2.377184519575921418e-02	4.398023300191665486e-02	-4.516076081211380100e-02	1.169397141185663791e-01	-8.603498218573549794e-01
-3.204706137672366784e-02	2.011963586801329695e-02	-1.877328520989508809e-02	2.169051592912029508e-02	-1.075039003790651850e-02	3.135577828420422347e-02	-2.875259432270357504e-02	2.614817334034546387e-02	-2.588758628050412749e-02	1.447380832875943060e-02	-2.411829632931019804e-02	2.794368219106586892e-02	-3.070186581130914666e-02	2.900618626573792797e-02	-3.447345288508175953e-02	2.746190470677948442e-02	-3.457881905749736473e-02	3.916708560414706997e-02	-3.447250834765801936e-02	3.404944575594886363e-02	-1.046792084923900135e-01	7.520305916096575727e-02	-1.104321240339448812e-01	6.233130026903861698e-02	-3.822741955449085460e-02	1.825133229233332488e-01	-1.372661020054293246e-01	8.238970507776884056e-02	-6.163310022519225689e-02	3.318220848368256398e-02	-9.418944466194958398e-01	1.015385213735261055e-01	-1.001761013725203375e-01	3.374729367914854061e-02	-2.377184519575921418e-02	1.000000000000000444e+00	-1.638748982314195968e-01	1.219702943939795781e-01	-3.533855457596549177e-02	2.755775294983123236e-02
4.604551483412348822e-02	-3.001780195561482012e-02	2.795963197212175677e-02	-3.326366432128182588e-02	1.638740626322254812e-02	-4.769912507104355492e-02	4.213545405846096104e-02	-3.998246261471987556e-02	3.884903138803076639e-02	-2.223791628472944135e-02	3.523280867906700142e-02	-4.158265041526288536e-02	4.504096799413771085e-02	-4.526010696931558053e-02	5.214176847176421603e-02	-4.064039262379372935e-02	4.941637269922030673e-02	-5.894854349371461688e-02	5.482863619084275830e-02	-5.555883691091882681e-02	1.055025094949131881e-01	-9.613083592410030798e-02	1.351517561156551084e-01	-1.111356916777572201e-01	6.353337712029216711e-02	-2.073198498250030664e-01	1.769580785207062190e-01	-1.393646904896748140e-01	1.024758008972159185e-01	-5.790159633319698351e-02	1.316837785324320720e-01	-3.244780146271750154e-01	2.556183453469870748e-01	-8.843762524389259250e-02	4.398023300191665486e-02	-1.638748982314195968e-01	1.000000000000000888e+00	-8.552857286181846375e-01	8.906145775615878502e-02	-5.288248250106809822e-02
-4.528947431736078666e-02	2.918995680305643339e-02	-2.723106945882670937e-02	3.207176687886661298e-02	-1.585107402065417948e-02	4.587641822973576033e-02	-4.127099408932417834e-02	3.874220069020752055e-02	-3.802670182412934419e-02	2.144515268809394498e-02	-3.436660606292520764e-02	4.044508207821530255e-02	-4.425146550247983923e-02	4.395494328418892566e-02	-5.151761465452688038e-02	3.934983200887316040e-02	-4.857621851197745783e-02	5.738001417979386731e-02	-5.381127311391527973e-02	5.390396827016495640e-02	-1.061955942957516497e-01	9.320814412872346910e-02	-1.434190055680503728e-01	1.065573512356437075e-01	-6.475156183456909353e-02	1.711297213008175777e-01	-1.818057740797401345e-01	1.385540402431578721e-01	-1.065105701579343589e-01	5.770798195817109649e-02	-1.207619643585323144e-01	2.507551207113955516e-01	-3.588514157700594120e-01	9.477919651160082726e-02	-4.516076081211380100e-02	1.219702943939795781e-01	-8.552857286181846375e-01	1.000000000000000666e+00	-1.069089187175695232e-01	5.282261496132079764e-02
4.058340962275848451e-02	-2.722911771291507133e-02	2.544810056013134536e-02	-3.059900462615797873e-02	1.515294154380768081e-02	-4.240549801561659810e-02	3.832684828282253292e-02	-3.821466275283684488e-02	3.755102535991534929e-02	-2.058631386997059748e-02	3.165158358265093841e-02	-3.839233675335344820e-02	4.267974886131248313e-02	-4.745905143379036684e-02	5.514412069809872946e-02	-3.622436344215355930e-02	4.465876441051247481e-02	-5.726364981677128929e-02	6.648902818482602117e-02	-6.827801148789901242e-02	6.208281709293071715e-02	-5.865932752671543932e-02	9.996627393514545545e-02	-1.722396809362441994e-01	1.061695225610266996e-01	-9.659687049359366728e-02	9.471737042639459536e-02	-1.164208479007205893e-01	1.774939057095960004e-01	-1.041329045801536873e-01	3.242943271252642784e-02	-8.925904529439232515e-02	1.001650821705661332e-01	-9.314384117128682306e-01	1.169397141185663791e-01	-3.533855457596549177e-02	8.906145775615878502e-02	-1.069089187175695232e-01	1.000000000000000444e+00	-1.590645614516456585e-01
