1.000000000000000000e+00	-9.032287861952162933e-01	1.359760328895662229e-01	-6.985629035410939602e-02	7.168929899867280964e-02	-2.564997364907324329e-01	1.946381700196291031e-01	-1.221249609909218492e-01	7.832666380394653904e-02	-7.419339606901953488e-02	1.889954222759383795e-01	-9.432077497993014703e-02	8.962298835559615040e-02	-7.914126201714873077e-02	6.349811574743596809e-02	-9.959715089243835473e-02	9.845181441009916157e-02	-8.541536304803341861e-02	6.147508276592934112e-02	-5.850059938488602618e-02	7.096975817681276666e-02	-8.256144330394424302e-02	6.589209617846779332e-02	-4.614628905352333860e-02	4.521102555371318832e-02	-5.748894957894024743e-02	7.525467235282326528e-02	-7.597470050016619236e-02	7.408391525657299914e-02	-6.055985189228807464e-02	6.220537654818063950e-02	-8.400450978700546578e-02	6.950496677597610418e-02	-3.236878318497658086e-02	4.932289411298370480e-02	-4.869106763271627974e-02	4.276360625947310534e-02	-1.384648973309193787e-01	3.007513087281980108e-02	-9.881821866772252938e-02
-9.032287861952162933e-01	1.000000000000000444e+00	-1.732341264317505125e-01	7.356628834002233719e-02	-7.765649847489666802e-02	1.962468640698858124e-01	-2.333712170327791324e-01	1.242737989852567976e-01	-8.269794210429005921e-02	7.495736951065991305e-02	-2.078058499249066382e-01	9.500890291816735389e-02	-9.357693426522327440e-02	7.947433271633488894e-02	-6.498545978698391790e-02	9.557808738512472979e-02	-9.952744936287072353e-02	8.171236732037315265e-02	-6.136565322201198436e-02	5.767187167068283521e-02	-6.917782656662468943e-02	7.903263363796116103e-02	-6.350795295662048368e-02	4.477095373788385346e-02	-4.420274430236850044e-02	5.461685270118350061e-02	-7.149060689947617231e-02	7.126596038735778793e-02	-6.990004452880353714e-02	5.610231051193379642e-02	-5.953503964919917152e-02	7.768573958548927183e-02	-6.455232590325017672e-02	2.976565096407143840e-02	-4.573660143709684656e-02	4.494704264733923038e-02	-3.968120737653976771e-02	1.257690773979201759e-01	-2.769347302202277220e-02	9.048163495528391276e-02
1.359760328895662229e-01	-1.732341264317505125e-01	1.000000000000000444e+00	-3.262493442476104843e-01	2.250838950365205982e-01	-8.095065569440150488e-02	1.503264120402037773e-01	-7.903216287018272057e-01	2.662858165479004557e-01	-2.334483690378687804e-01	9.032927132905128886e-02	-1.982280442124731701e-01	2.055147881275939392e-01	-2.100067897272203665e-01	1.586773306837848674e-01	-1.133652903756131869e-01	1.367720861726006709e-01	-1.271313652401847016e-01	1.213873934706933694e-01	-1.226323644962501042e-01	8.342695216944680248e-02	-1.081406937404681551e-01	9.152337624520079373e-02	-7.707538877009771638e-02	7.611302206617545640e-02	-6.563570703612771340e-02	8.868009822593118929e-02	-8.946927486848900435e-02	8.789921642551845604e-02	-6.775302970146428183e-02	7.072612938795289073e-02	-8.953413012405260496e-02	7.528572688856073614e-02	-3.409895350184367901e-02	5.438194567446210520e-02	-5.047287032767793641e-02	4.503327921628210578e-02	-1.345576524433514942e-01	3.178518077725254326e-02	-1.029022746959258883e-01
-6.985629035410939602e-02	7.356628834002233719e-02	-3.262493442476104843e-01	1.000000000000000222e+00	-7.548579620372135590e-01	4.912990328957985570e-02	-1.002726046057301618e-01	2.335441384730407854e-01	-4.589884095895122029e-01	2.707576641553404162e-01	-5.715970340108565695e-02	1.176327829644251699e-01	-1.320953352616915655e-01	1.958505136901302623e-01	-1.741595559395957837e-01	7.452670883987433381e-02	-9.401716399589314654e-02	8.677517184645427983e-02	-1.125677349194962318e-01	1.118529881691648908e-01	-5.662272636930679170e-02	7.275044072381828264e-02	-6.428706148442081547e-02	6.418515630390878024e-02	-6.531883371301944186e-02	4.454936687992427230e-02	-6.120120083566937819e-02	6.145324624094333776e-02	-6.287764217803068489e-02	4.736598804116759487e-02	-4.847445006461199163e-02	6.020143573351697391e-02	-5.109208771154653828e-02	2.326885074991386429e-02	-3.791632090216361106e-02	3.380445930516779579e-02	-3.035009649534691628e-02	8.887995741789994630e-02	-2.172683632882830770e-02	6.999629927059004830e-02
7.168929899867280964e-02	-7.765649847489666802e-02	2.250838950365205982e-01	-7.548579620372135590e-01	9.999999999999998890e-01	-5.721055985547739836e-02	1.179842252829998578e-01	-2.321082926185875639e-01	3.036168443733125444e-01	-4.310733121030271287e-01	6.666652873581237204e-02	-1.444896341202921985e-01	1.490079298595628210e-01	-2.503382742243174253e-01	2.068188885593328086e-01	-9.333810649400200998e-02	1.132831406713701028e-01	-1.092556915769917758e-01	1.349163126015350822e-01	-1.460155386622381812e-01	7.044862000081279774e-02	-9.162435542403220279e-02	7.996069920680486109e-02	-8.127634660307254955e-02	8.082074478745394919e-02	-5.594847815284789000e-02	7.669504853971415015e-02	-7.766978727382251035e-02	7.896702481370537763e-02	-6.029918606398565473e-02	6.060285085306531261e-02	-7.645766558644701005e-02	6.466469192673320043e-02	-2.966971325309365401e-02	4.813233473275287805e-02	-4.292302245010490985e-02	3.842966959595078141e-02	-1.136303704385152186e-01	2.767142482644335127e-02	-8.961737798959129586e-02
-2.564997364907324329e-01	1.962468640698858124e-01	-8.095065569440150488e-02	4.912990328957985570e-02	-5.721055985547739836e-02	1.000000000000000000e+00	-3.759149673221096610e-01	7.345924502490490393e-02	-6.148637565620718171e-02	5.835135710511066276e-02	-8.339238249055134222e-01	1.080957309633797936e-01	-9.608759070472158714e-02	7.106441632811705267e-02	-5.829379083629868119e-02	1.501801647308998455e-01	-1.317161068848864414e-01	9.960048698062329287e-02	-6.297322295492108202e-02	5.763779699136593188e-02	-1.032726012672682131e-01	1.040623216523329647e-01	-7.990895542105105886e-02	5.016232082656698482e-02	-4.907905435080148204e-02	7.500200938245855931e-02	-9.388231061981572312e-02	9.229065677052142314e-02	-8.842745010376069914e-02	7.190062528035442990e-02	-8.155967181105523711e-02	1.027366926433919275e-01	-8.481078055588214815e-02	3.871791191228243084e-02	-5.869621663887172880e-02	5.987459080094202635e-02	-5.276352632978195678e-02	1.673259775896946411e-01	-3.599725435355639186e-02	1.176155804146988421e-01
1.946381700196291031e-01	-2.333712170327791324e-01	1.503264120402037773e-01	-1.002726046057301618e-01	1.179842252829998578e-01	-3.759149673221096610e-01	1.000000000000000222e+00	-1.467037845472749236e-01	1.277916359307442462e-01	-1.250055842858330268e-01	2.707348438638456090e-01	-2.615636593054057601e-01	2.013042438903636377e-01	-1.577740624567192385e-01	1.265958684859248007e-01	-2.585412065783675439e-01	2.482530092608381256e-01	-2.357468836335962215e-01	1.428765504898741046e-01	-1.329427656785533707e-01	1.878045620928248949e-01	-2.281726988834263947e-01	1.821077322347789129e-01	-1.194968827059155747e-01	1.157404410738272632e-01	-1.674976393486105886e-01	2.224793891190318951e-01	-2.320980794336862107e-01	2.247896992892787771e-01	-1.937294072971711134e-01	1.798261610188503501e-01	-2.707674021802702891e-01	2.218897230373106655e-01	-1.065576735782561429e-01	1.581097759402773917e-01	-1.585022775268733752e-01	1.372254250857651292e-01	-4.754388442068626097e-01	9.867611851250744637e-02	-3.290563460614384095e-01
-1.221249609909218492e-01	1.242737989852567976e-01	-7.903216287018272057e-01	2.335441384730407854e-01	-2.321082926185875639e-01	7.345924502490490393e-02	-1.467037845472749236e-01	1.000000000000000222e+00	-3.802130938646199887e-01	2.107317499136534822e-01	-8.370719825290007243e-02	1.842312193898199002e-01	-2.724597128604924756e-01	1.981905617289398680e-01	-1.609117283480077654e-01	1.009747981179469900e-01	-1.330039598814527768e-01	1.147832371050644534e-01	-1.182525067922061413e-01	1.126134588442244955e-01	-7.557249214562392070e-02	9.643396985639127172e-02	-8.434162298044572958e-02	7.079598223683061797e-02	-7.141266762224554587e-02	5.851274364715815246e-02	-7.959630810382961608e-02	7.930020838375528847e-02	-7.883709861091821314e-02	5.947292233505778458e-02	-6.352386087950931404e-02	7.829885322553938043e-02	-6.627686202588609077e-02	2.970956095755446918e-02	-4.783982209237159361e-02	4.407374952689882552e-02	-3.952657088896967263e-02	1.159282230470375791e-01	-2.774081547649429047e-02	8.914656688551110542e-02
7.832666380394653904e-02	-8.269794210429005921e-02	2.662858165479004557e-01	-4.589884095895122029e-01	3.036168443733125444e-01	-6.148637565620718171e-02	1.277916359307442462e-01	-3.802130938646199887e-01	1.000000000000001776e+00	-5.634137767674347597e-01	7.174734761389905957e-02	-1.679936537395344265e-01	1.876307512184794413e-01	-4.020909605277655507e-01	2.689340065700044913e-01	-9.947073790240863744e-02	1.254421585408914130e-01	-1.196453858529677033e-01	1.651552159624596061e-01	-1.721356123255334825e-01	7.551502041683055833e-02	-9.802844153371920166e-02	8.757425490467936335e-02	-9.268649194356740062e-02	9.308061907205802954e-02	-5.922081477509642117e-02	8.150666592729005622e-02	-8.224760300715544536e-02	8.421248364926640917e-02	-6.336860097528380920e-02	6.426694523503501122e-02	-7.963221894038667592e-02	6.766871798943527305e-02	-3.082118626536961906e-02	5.047922368090092954e-02	-4.454935005494896350e-02	4.002327837958995910e-02	-1.166296212778751978e-01	2.877380959135713082e-02	-9.271118230440116015e-02
-7.419339606901953488e-02	7.495736951065991305e-02	-2.334483690378687804e-01	2.707576641553404162e-01	-4.310733121030271287e-01	5.835135710511066276e-02	-1.250055842858330268e-01	2.107317499136534822e-01	-5.634137767674347597e-01	1.000000000000000888e+00	-6.925991383223252529e-02	1.429622611976553437e-01	-1.693670644844821604e-01	2.981194868306820123e-01	-5.349439434572833552e-01	9.218955883145378560e-02	-1.207185264382926448e-01	1.127725943665817132e-01	-1.948036754417595551e-01	1.926286809946581580e-01	-7.184426509734101463e-02	9.187618403478577112e-02	-8.524538786059877860e-02	9.893430563671484768e-02	-1.068016376477852053e-01	5.616625990267783142e-02	-7.833296893623394042e-02	7.844779791780587264e-02	-8.329557247645462403e-02	6.117349921248290551e-02	-6.153230085595752519e-02	7.474445478059714432e-02	-6.407491710373040827e-02	2.921475006243973854e-02	-4.875492585703044418e-02	4.172528451062702121e-02	-3.769813927245039414e-02	1.079600619084626623e-01	-2.732949823567829700e-02	8.742385438810573728e-02
1.889954222759383795e-01	-2.078058499249066382e-01	9.032927132905128886e-02	-5.715970340108565695e-02	6.666652873581237204e-02	-8.339238249055134222e-01	2.707348438638456090e-01	-8.370719825290007243e-02	7.174734761389905957e-02	-6.925991383223252529e-02	1.000000000000000000e+00	-1.288264747132752686e-01	1.109744911376423920e-01	-8.522598452015137105e-02	6.948233995849928402e-02	-2.224608175346692029e-01	1.581381621172264218e-01	-1.275938834014898882e-01	7.722323035408303060e-02	-7.107667162571071340e-02	1.310722464819825961e-01	-1.353358504166972953e-01	1.016201480104256955e-01	-6.318045115378068122e-02	6.144327949631909341e-02	-9.765184507949159487e-02	1.205773105881210033e-01	-1.201282799103315230e-01	1.140520227878690090e-01	-9.417498848972068182e-02	1.038082109521377833e-01	-1.353011301405705469e-01	1.110179142568773619e-01	-5.099461625678727156e-02	7.675465907970813184e-02	-7.888062206144128008e-02	6.908419169815956107e-02	-2.230503060919299396e-01	4.735398828722760939e-02	-1.553371973121416005e-01
-9.432077497993014703e-02	9.500890291816735389e-02	-1.982280442124731701e-01	1.176327829644251699e-01	-1.444896341202921985e-01	1.080957309633797936e-01	-2.615636593054057601e-01	1.842312193898199002e-01	-1.679936537395344265e-01	1.429622611976553437e-01	-1.288264747132752686e-01	1.000000000000002220e+00	-7.317742087499750081e-01	2.126746195240811488e-01	-1.717581189689350862e-01	1.956042408841145719e-01	-4.361135659862596659e-01	1.975901042162256371e-01	-1.513373515050212281e-01	1.292989121302644817e-01	-1.425803636907631289e-01	1.791751548992878695e-01	-1.516806008913707537e-01	9.480643766965450581e-02	-9.565923747594151649e-02	1.011099555393475957e-01	-1.349012170917972542e-01	1.294389064429898595e-01	-1.221799266982746546e-01	8.950371339425450268e-02	-1.093825591264466907e-01	1.249249774764670529e-01	-1.060490731217224036e-01	4.495969121996681861e-02	-7.224968191663966310e-02	6.993376912227705633e-02	-6.318684151800894877e-02	1.765135753151790277e-01	-4.207498438083791953e-02	1.328850169253454894e-01
8.962298835559615040e-02	-9.357693426522327440e-02	2.055147881275939392e-01	-1.320953352616915655e-01	1.490079298595628210e-01	-9.608759070472158714e-02	2.013042438903636377e-01	-2.724597128604924756e-01	1.876307512184794413e-01	-1.693670644844821604e-01	1.109744911376423920e-01	-7.317742087499750081e-01	1.000000000000000000e+00	-3.427641397371533616e-01	1.895675237226800147e-01	-1.880843184423882930e-01	2.555179157597088913e-01	-2.499873762774500741e-01	1.629028661086248664e-01	-1.485438868319536032e-01	1.344430138602977221e-01	-1.812209013671403635e-01	1.588601029733109904e-01	-1.028789949236305068e-01	1.011561841227225506e-01	-9.990874004698362121e-02	1.341979722097595695e-01	-1.343877773470958659e-01	1.242821634091355459e-01	-9.281968677954273439e-02	1.064703164415112813e-01	-1.277398374312328222e-01	1.080329559009842039e-01	-4.636538184240735633e-02	7.430268494266822898e-02	-7.099921495628143397e-02	6.378897574022049377e-02	-1.819058095693556476e-01	4.329902428376074947e-02	-1.379099801854215546e-01
-7.914126201714873077e-02	7.947433271633488894e-02	-2.100067897272203665e-01	1.958505136901302623e-01	-2.503382742243174253e-01	7.106441632811705267e-02	-1.577740624567192385e-01	1.981905617289398680e-01	-4.020909605277655507e-01	2.981194868306820123e-01	-8.522598452015137105e-02	2.126746195240811488e-01	-3.427641397371533616e-01	1.000000000000001554e+00	-6.103196166299104108e-01	1.204379384828678512e-01	-1.685505034372504485e-01	1.555368855043868792e-01	-3.499160288289275833e-01	2.581098327231184375e-01	-9.459684013104432965e-02	1.213633628427508715e-01	-1.170114281366067266e-01	1.386739360910394514e-01	-1.465518450874219725e-01	7.261875140308839127e-02	-1.018036131263108657e-01	1.016713260870195368e-01	-1.077996970901954621e-01	7.797549270703155178e-02	-7.958944672152558353e-02	9.467216026657522543e-02	-8.162578921289992406e-02	3.673585969898125747e-02	-6.189734961226351501e-02	5.254719097231734526e-02	-4.766193081594578829e-02	1.339771249519836616e-01	-3.439657806727437761e-02	1.093683475586058884e-01
6.349811574743596809e-02	-6.498545978698391790e-02	1.586773306837848674e-01	-1.741595559395957837e-01	2.068188885593328086e-01	-5.829379083629868119e-02	1.265958684859248007e-01	-1.609117283480077654e-01	2.689340065700044913e-01	-5.349439434572833552e-01	6.948233995849928402e-02	-1.717581189689350862e-01	1.895675237226800147e-01	-6.103196166299104108e-01	1.000000000000001110e+00	-1.024954944350709302e-01	1.308091761435337397e-01	-1.340457353481018521e-01	2.569621866953665790e-01	-3.879976051570061535e-01	7.974681148692179533e-02	-1.044984580610857222e-01	9.878857226031319272e-02	-1.348432792706797667e-01	1.403194765423384782e-01	-6.231794978251751355e-02	8.723713544527166019e-02	-8.879667453449263670e-02	9.447837204509094977e-02	-7.001617231470026737e-02	6.780991397821360678e-02	-8.274944957468215179e-02	7.101481023443496909e-02	-3.261381112635565460e-02	5.495558842203174948e-02	-4.583206613751157621e-02	4.140534049224777607e-02	-1.181299364168012234e-01	3.047049608035871243e-02	-9.786310742776493932e-02
-9.959715089243835473e-02	9.557808738512472979e-02	-1.133652903756131869e-01	7.452670883987433381e-02	-9.333810649400200998e-02	1.501801647308998455e-01	-2.585412065783675439e-01	1.009747981179469900e-01	-9.947073790240863744e-02	9.218955883145378560e-02	-2.224608175346692029e-01	1.956042408841145719e-01	-1.880843184423882930e-01	1.204379384828678512e-01	-1.024954944350709302e-01	9.999999999999993339e-01	-5.185443347540634740e-01	2.099725882569717650e-01	-1.183015035531657239e-01	1.020851072672642468e-01	-6.188316504470898760e-01	2.961165127896295268e-01	-1.981832978652249000e-01	9.418154564773685566e-02	-9.316964478586250986e-02	2.194155785143835635e-01	-2.231014017616439193e-01	1.790759645971017056e-01	-1.591318542187236396e-01	1.078722531293392767e-01	-2.453673895852568065e-01	1.755767647110560714e-01	-1.477531388317384065e-01	5.439256094207851194e-02	-8.794444470647630463e-02	1.019064314904049029e-01	-9.547002270526930290e-02	2.104579130206439830e-01	-5.131588573139799631e-02	1.539229739619715764e-01
9.845181441009916157e-02	-9.952744936287072353e-02	1.367720861726006709e-01	-9.401716399589314654e-02	1.132831406713701028e-01	-1.317161068848864414e-01	2.482530092608381256e-01	-1.330039598814527768e-01	1.254421585408914130e-01	-1.207185264382926448e-01	1.581381621172264218e-01	-4.361135659862596659e-01	2.555179157597088913e-01	-1.685505034372504485e-01	1.308091761435337397e-01	-5.185443347540634740e-01	1.000000000000002887e+00	-3.217976414677832797e-01	1.484675356684518055e-01	-1.347831154663130526e-01	2.769791781521075968e-01	-4.127604142447446889e-01	2.333313947314069325e-01	-1.176383440406798958e-01	1.125170000719819680e-01	-1.817300075850788454e-01	2.206056430789481992e-01	-2.102501616851596422e-01	1.789611365008209332e-01	-1.322468218066208123e-01	1.833234055610526159e-01	-2.017176356237734836e-01	1.659562928124641012e-01	-6.681668618355814104e-02	1.057785229888129758e-01	-1.113096833516545592e-01	9.996167221319565699e-02	-2.662240727996213474e-01	6.245571829081367210e-02	-1.955387681503704955e-01
-8.541536304803341861e-02	8.171236732037315265e-02	-1.271313652401847016e-01	8.677517184645427983e-02	-1.092556915769917758e-01	9.960048698062329287e-02	-2.357468836335962215e-01	1.147832371050644534e-01	-1.196453858529677033e-01	1.127725943665817132e-01	-1.275938834014898882e-01	1.975901042162256371e-01	-2.499873762774500741e-01	1.555368855043868792e-01	-1.340457353481018521e-01	2.099725882569717650e-01	-3.217976414677832797e-01	1.000000000000002887e+00	-2.244393929426120038e-01	1.600049437190969315e-01	-2.267194674632436180e-01	2.863299190113742232e-01	-7.135691968499091598e-01	1.587915497552780386e-01	-1.565585246477328163e-01	1.534864975314705615e-01	-2.456501183262017884e-01	2.363101491023346101e-01	-2.060176297244585564e-01	1.240515249099334999e-01	-1.748720095354946436e-01	1.742131905778122047e-01	-1.667892989071026177e-01	5.826680840357555818e-02	-1.003748087360468721e-01	9.174032093754130868e-02	-8.716037126413261893e-02	2.043939171820096656e-01	-5.526830242521590247e-02	1.617061899416415982e-01
6.147508276592934112e-02	-6.136565322201198436e-02	1.213873934706933694e-01	-1.125677349194962318e-01	1.349163126015350822e-01	-6.297322295492108202e-02	1.428765504898741046e-01	-1.182525067922061413e-01	1.651552159624596061e-01	-1.948036754417595551e-01	7.722323035408303060e-02	-1.513373515050212281e-01	1.629028661086248664e-01	-3.499160288289275833e-01	2.569621866953665790e-01	-1.183015035531657239e-01	1.484675356684518055e-01	-2.244393929426120038e-01	9.999999999999983347e-01	-7.273301671155157910e-01	1.001307086636171600e-01	-1.350909985787379641e-01	1.521591231144923395e-01	-3.578767076900465915e-01	2.651598526065378492e-01	-7.870636495056804183e-02	1.152107012172133432e-01	-1.220304734812105302e-01	1.388312196813532018e-01	-1.002066647414060624e-01	8.607199328512116221e-02	-1.035245507238965884e-01	9.094567554784149799e-02	-4.276142513081288010e-02	7.572134071383540554e-02	-5.593978522404885467e-02	5.108440531590861811e-02	-1.407806393005346379e-01	3.992578318676516524e-02	-1.284023303528039062e-01
-5.850059938488602618e-02	5.767187167068283521e-02	-1.226323644962501042e-01	1.118529881691648908e-01	-1.460155386622381812e-01	5.763779699136593188e-02	-1.329427656785533707e-01	1.126134588442244955e-01	-1.721356123255334825e-01	1.926286809946581580e-01	-7.107667162571071340e-02	1.292989121302644817e-01	-1.485438868319536032e-01	2.581098327231184375e-01	-3.879976051570061535e-01	1.020851072672642468e-01	-1.347831154663130526e-01	1.600049437190969315e-01	-7.273301671155157910e-01	1.000000000000001998e+00	-8.746495713779661729e-02	1.130881730705580179e-01	-1.281286942236695148e-01	2.573489762916038037e-01	-3.713159084460344039e-01	6.840514592225636903e-02	-1.011015584385595162e-01	1.037622472154455661e-01	-1.257138200267772787e-01	8.821620294061424672e-02	-7.589233270245374086e-02	8.897307694752114304e-02	-7.887799769655642890e-02	3.713783304168609412e-02	-6.783635876828475464e-02	4.833759314703341137e-02	-4.439285676565986327e-02	1.203922323318873944e-01	-3.486090252002828349e-02	1.099786400513344947e-01
7.096975817681276666e-02	-6.917782656662468943e-02	8.342695216944680248e-02	-5.662272636930679170e-02	7.044862000081279774e-02	-1.032726012672682131e-01	1.878045620928248949e-01	-7.557249214562392070e-02	7.551502041683055833e-02	-7.184426509734101463e-02	1.310722464819825961e-01	-1.425803636907631289e-01	1.344430138602977221e-01	-9.459684013104432965e-02	7.974681148692179533e-02	-6.188316504470898760e-01	2.769791781521075968e-01	-2.267194674632436180e-01	1.001307086636171600e-01	-8.746495713779661729e-02	1.000000000000004663e+00	-5.272558311728319236e-01	2.083570543871238190e-01	-8.645721042807785750e-02	8.254958052935910950e-02	-3.668244723711853728e-01	2.282118057037890169e-01	-1.868835249040507185e-01	1.446101825922529727e-01	-9.913470748909171404e-02	2.442152427060566011e-01	-1.796378758146770227e-01	1.428128711326316636e-01	-4.955238554653015187e-02	7.908412564247431498e-02	-1.013297517400179731e-01	9.174742180533780600e-02	-1.965369864552562740e-01	4.659642522169277906e-02	-1.384256449845523429e-01
-8.256144330394424302e-02	7.903263363796116103e-02	-1.081406937404681551e-01	7.275044072381828264e-02	-9.162435542403220279e-02	1.040623216523329647e-01	-2.281726988834263947e-01	9.643396985639127172e-02	-9.802844153371920166e-02	9.187618403478577112e-02	-1.353358504166972953e-01	1.791751548992878695e-01	-1.812209013671403635e-01	1.213633628427508715e-01	-1.044984580610857222e-01	2.961165127896295268e-01	-4.127604142447446889e-01	2.863299190113742232e-01	-1.350909985787379641e-01	1.130881730705580179e-01	-5.272558311728319236e-01	1.000000000000000666e+00	-4.582947093373444525e-01	1.175510241092656005e-01	-1.145572871723258973e-01	2.202239865629996296e-01	-3.507839715125856128e-01	2.389672802574634158e-01	-1.883350702637003604e-01	1.191623430802617734e-01	-2.313040607983037067e-01	1.966047830637233373e-01	-1.715555464775688210e-01	5.771779912171119686e-02	-9.567876502621758261e-02	1.035522326895117473e-01	-9.772770315595118162e-02	2.135244233032267402e-01	-5.456170724982081083e-02	1.599563630135893422e-01
6.589209617846779332e-02	-6.350795295662048368e-02	9.152337624520079373e-02	-6.428706148442081547e-02	7.996069920680486109e-02	-7.990895542105105886e-02	1.821077322347789129e-01	-8.434162298044572958e-02	8.757425490467936335e-02	-8.524538786059877860e-02	1.016201480104256955e-01	-1.516806008913707537e-01	1.588601029733109904e-01	-1.170114281366067266e-01	9.878857226031319272e-02	-1.981832978652249000e-01	2.333313947314069325e-01	-7.135691968499091598e-01	1.521591231144923395e-01	-1.281286942236695148e-01	2.083570543871238190e-01	-4.582947093373444525e-01	1.000000000000000000e+00	-1.675378322139549625e-01	1.374933907935095845e-01	-1.457638129571169061e-01	2.332967010453001477e-01	-3.269721366286775233e-01	1.823941633190941380e-01	-1.150028622081726293e-01	1.519960192009779110e-01	-1.693298804315431783e-01	1.589193668006416427e-01	-5.269542395869717538e-02	8.882000068807198445e-02	-8.332119872616562672e-02	7.812898690910380362e-02	-1.896126908890729268e-01	4.956475836478192037e-02	-1.463931953478241066e-01
-4.614628905352333860e-02	4.477095373788385346e-02	-7.707538877009771638e-02	6.418515630390878024e-02	-8.127634660307254955e-02	5.016232082656698482e-02	-1.194968827059155747e-01	7.079598223683061797e-02	-9.268649194356740062e-02	9.893430563671484768e-02	-6.318045115378068122e-02	9.480643766965450581e-02	-1.028789949236305068e-01	1.386739360910394514e-01	-1.348432792706797667e-01	9.418154564773685566e-02	-1.176383440406798958e-01	1.587915497552780386e-01	-3.578767076900465915e-01	2.573489762916038037e-01	-8.645721042807785750e-02	1.175510241092656005e-01	-1.675378322139549625e-01	9.999999999999966693e-01	-8.394153547635225809e-01	6.964321170341031264e-02	-1.102267707971025523e-01	1.234504960421875658e-01	-2.041601571701726348e-01	1.216561567946119887e-01	-7.691606727409866506e-02	9.208630086528477032e-02	-8.443729930802384986e-02	4.310694255828281113e-02	-8.705201888820189582e-02	4.808925829233796911e-02	-4.458392459490436582e-02	1.183131040849941529e-01	-4.033149217752731580e-02	1.276696451229881735e-01
4.521102555371318832e-02	-4.420274430236850044e-02	7.611302206617545640e-02	-6.531883371301944186e-02	8.082074478745394919e-02	-4.907905435080148204e-02	1.157404410738272632e-01	-7.141266762224554587e-02	9.308061907205802954e-02	-1.068016376477852053e-01	6.144327949631909341e-02	-9.565923747594151649e-02	1.011561841227225506e-01	-1.465518450874219725e-01	1.403194765423384782e-01	-9.316964478586250986e-02	1.125170000719819680e-01	-1.565585246477328163e-01	2.651598526065378492e-01	-3.713159084460344039e-01	8.254958052935910950e-02	-1.145572871723258973e-01	1.374933907935095845e-01	-8.394153547635225809e-01	1.000000000000001110e+00	-6.760788660715708054e-02	1.037506645013137607e-01	-1.180503035935879103e-01	1.639721520358123352e-01	-1.304927627341765650e-01	7.390363619836710918e-02	-9.121877979160758487e-02	8.176598617303500183e-02	-4.408648440741994717e-02	8.765780332343008074e-02	-4.789294091879213455e-02	4.404037708643378929e-02	-1.200757658212415896e-01	4.094091927071917547e-02	-1.341684914160626296e-01
-5.748894957894024743e-02	5.461685270118350061e-02	-6.563570703612771340e-02	4.454936687992427230e-02	-5.594847815284789000e-02	7.500200938245855931e-02	-1.674976393486105886e-01	5.851274364715815246e-02	-5.922081477509642117e-02	5.616625990267783142e-02	-9.765184507949159487e-02	1.011099555393475957e-01	-9.990874004698362121e-02	7.261875140308839127e-02	-6.231794978251751355e-02	2.194155785143835635e-01	-1.817300075850788454e-01	1.534864975314705615e-01	-7.870636495056804183e-02	6.840514592225636903e-02	-3.668244723711853728e-01	2.202239865629996296e-01	-1.457638129571169061e-01	6.964321170341031264e-02	-6.760788660715708054e-02	1.000000000000000666e+00	-3.569862859838195956e-01	1.952533446211091595e-01	-1.430325752296129072e-01	9.280604098313531558e-02	-7.724563417177097158e-01	2.141748959558557042e-01	-1.639055028144427995e-01	4.696907629155883113e-02	-7.415574676222419503e-02	1.334596234250284841e-01	-1.264529276869839347e-01	1.862474170603162782e-01	-4.444979733057852905e-02	1.250810877697297319e-01
7.525467235282326528e-02	-7.149060689947617231e-02	8.868009822593118929e-02	-6.120120083566937819e-02	7.669504853971415015e-02	-9.388231061981572312e-02	2.224793891190318951e-01	-7.959630810382961608e-02	8.150666592729005622e-02	-7.833296893623394042e-02	1.205773105881210033e-01	-1.349012170917972542e-01	1.341979722097595695e-01	-1.018036131263108657e-01	8.723713544527166019e-02	-2.231014017616439193e-01	2.206056430789481992e-01	-2.456501183262017884e-01	1.152107012172133432e-01	-1.011015584385595162e-01	2.282118057037890169e-01	-3.507839715125856128e-01	2.332967010453001477e-01	-1.102267707971025523e-01	1.037506645013137607e-01	-3.569862859838195956e-01	9.999999999999977796e-01	-5.789285449430134900e-01	2.431853680595235934e-01	-1.665957915237148979e-01	2.630178337154647772e-01	-4.079891923703577450e-01	2.749455263805842264e-01	-7.839312421009773935e-02	1.241190335340390388e-01	-1.494872223000854317e-01	1.373454247248050153e-01	-3.003149863673386100e-01	7.319884489906272607e-02	-2.127486451203344231e-01
-7.597470050016619236e-02	7.126596038735778793e-02	-8.946927486848900435e-02	6.145324624094333776e-02	-7.766978727382251035e-02	9.229065677052142314e-02	-2.320980794336862107e-01	7.930020838375528847e-02	-8.224760300715544536e-02	7.844779791780587264e-02	-1.201282799103315230e-01	1.294389064429898595e-01	-1.343877773470958659e-01	1.016713260870195368e-01	-8.879667453449263670e-02	1.790759645971017056e-01	-2.102501616851596422e-01	2.363101491023346101e-01	-1.220304734812105302e-01	1.037622472154455661e-01	-1.868835249040507185e-01	2.389672802574634158e-01	-3.269721366286775233e-01	1.234504960421875658e-01	-1.180503035935879103e-01	1.952533446211091595e-01	-5.789285449430134900e-01	1.000000000000000222e+00	-4.267079340489924877e-01	1.827290738909317369e-01	-2.164606451973011270e-01	2.820292885697605612e-01	-4.062423165213701615e-01	8.008221527901226988e-02	-1.396771263983380418e-01	1.179854778728066655e-01	-1.162612067787491682e-01	2.664858502528981710e-01	-7.599097153118236636e-02	2.052280326554258294e-01
7.408391525657299914e-02	-6.990004452880353714e-02	8.789921642551845604e-02	-6.287764217803068489e-02	7.896702481370537763e-02	-8.842745010376069914e-02	2.247896992892787771e-01	-7.883709861091821314e-02	8.421248364926640917e-02	-8.329557247645462403e-02	1.140520227878690090e-01	-1.221799266982746546e-01	1.242821634091355459e-01	-1.077996970901954621e-01	9.447837204509094977e-02	-1.591318542187236396e-01	1.789611365008209332e-01	-2.060176297244585564e-01	1.388312196813532018e-01	-1.257138200267772787e-01	1.446101825922529727e-01	-1.883350702637003604e-01	1.823941633190941380e-01	-2.041601571701726348e-01	1.639721520358123352e-01	-1.430325752296129072e-01	2.431853680595235934e-01	-4.267079340489924877e-01	1.000000000000001554e+00	-5.474509555465602029e-01	1.541970774211290363e-01	-2.204847627569702928e-01	2.038466393326732462e-01	-1.373663519163914604e-01	2.751445103410332105e-01	-1.065489550294227844e-01	9.840923324956840634e-02	-2.784054301792724395e-01	1.229484790523777682e-01	-4.325921314645836957e-01
-6.055985189228807464e-02	5.610231051193379642e-02	-6.775302970146428183e-02	4.736598804116759487e-02	-6.029918606398565473e-02	7.190062528035442990e-02	-1.937294072971711134e-01	5.947292233505778458e-02	-6.336860097528380920e-02	6.117349921248290551e-02	-9.417498848972068182e-02	8.950371339425450268e-02	-9.281968677954273439e-02	7.797549270703155178e-02	-7.001617231470026737e-02	1.078722531293392767e-01	-1.322468218066208123e-01	1.240515249099334999e-01	-1.002066647414060624e-01	8.821620294061424672e-02	-9.913470748909171404e-02	1.191623430802617734e-01	-1.150028622081726293e-01	1.216561567946119887e-01	-1.304927627341765650e-01	9.280604098313531558e-02	-1.665957915237148979e-01	1.827290738909317369e-01	-5.474509555465602029e-01	1.000000000000000888e+00	-1.071764745482597231e-01	1.306565529407575643e-01	-1.286961738868241945e-01	1.269329966213120775e-01	-6.792334421696013536e-01	6.682635118204724445e-02	-6.350647259306108072e-02	1.639331586669569851e-01	-1.256410092704313142e-01	3.097678554098922676e-01
6.220537654818063950e-02	-5.953503964919917152e-02	7.072612938795289073e-02	-4.847445006461199163e-02	6.060285085306531261e-02	-8.155967181105523711e-02	1.798261610188503501e-01	-6.352386087950931404e-02	6.426694523503501122e-02	-6.153230085595752519e-02	1.038082109521377833e-01	-1.093825591264466907e-01	1.064703164415112813e-01	-7.958944672152558353e-02	6.780991397821360678e-02	-2.453673895852568065e-01	1.833234055610526159e-01	-1.748720095354946436e-01	8.607199328512116221e-02	-7.589233270245374086e-02	2.442152427060566011e-01	-2.313040607983037067e-01	1.519960192009779110e-01	-7.691606727409866506e-02	7.390363619836710918e-02	-7.724563417177097158e-01	2.630178337154647772e-01	-2.164606451973011270e-01	1.541970774211290363e-01	-1.071764745482597231e-01	1.000000000000001332e+00	-3.103443786427730333e-01	1.918402190611495084e-01	-5.570445035858941768e-02	8.479066056326389766e-02	-2.042387711959841590e-01	1.601769362098384164e-01	-2.393033583093959471e-01	5.241441102011282216e-02	-1.480297303835527434e-01
-8.400450978700546578e-02	7.768573958548927183e-02	-8.953413012405260496e-02	6.020143573351697391e-02	-7.645766558644701005e-02	1.027366926433919275e-01	-2.707674021802702891e-01	7.829885322553938043e-02	-7.963221894038667592e-02	7.474445478059714432e-02	-1.353011301405705469e-01	1.249249774764670529e-01	-1.277398374312328222e-01	9.467216026657522543e-02	-8.274944957468215179e-02	1.755767647110560714e-01	-2.017176356237734836e-01	1.742131905778122047e-01	-1.035245507238965884e-01	8.897307694752114304e-02	-1.796378758146770227e-01	1.966047830637233373e-01	-1.693298804315431783e-01	9.208630086528477032e-02	-9.121877979160758487e-02	2.141748959558557042e-01	-4.079891923703577450e-01	2.820292885697605612e-01	-2.204847627569702928e-01	1.306565529407575643e-01	-3.103443786427730333e-01	1.000000000000003109e+00	-6.555914030677103543e-01	7.782426797380852246e-02	-1.089099947892598896e-01	1.913432524789356048e-01	-2.422872958252944298e-01	3.055744298232324629e-01	-7.556722072015542579e-02	1.704681967033396528e-01
6.950496677597610418e-02	-6.455232590325017672e-02	7.528572688856073614e-02	-5.109208771154653828e-02	6.466469192673320043e-02	-8.481078055588214815e-02	2.218897230373106655e-01	-6.627686202588609077e-02	6.766871798943527305e-02	-6.407491710373040827e-02	1.110179142568773619e-01	-1.060490731217224036e-01	1.080329559009842039e-01	-8.162578921289992406e-02	7.101481023443496909e-02	-1.477531388317384065e-01	1.659562928124641012e-01	-1.667892989071026177e-01	9.094567554784149799e-02	-7.887799769655642890e-02	1.428128711326316636e-01	-1.715555464775688210e-01	1.589193668006416427e-01	-8.443729930802384986e-02	8.176598617303500183e-02	-1.639055028144427995e-01	2.749455263805842264e-01	-4.062423165213701615e-01	2.038466393326732462e-01	-1.286961738868241945e-01	1.918402190611495084e-01	-6.555914030677103543e-01	1.000000000000002442e+00	-8.968438858931350455e-02	1.033610665507452286e-01	-1.509784752732196422e-01	1.528772177398798338e-01	-5.106618417407211563e-01	8.225344454713241771e-02	-1.649485943395836429e-01
-3.236878318497658086e-02	2.976565096407143840e-02	-3.409895350184367901e-02	2.326885074991386429e-02	-2.966971325309365401e-02	3.871791191228243084e-02	-1.065576735782561429e-01	2.970956095755446918e-02	-3.082118626536961906e-02	2.921475006243973854e-02	-5.099461625678727156e-02	4.495969121996681861e-02	-4.636538184240735633e-02	3.673585969898125747e-02	-3.261381112635565460e-02	5.439256094207851194e-02	-6.681668618355814104e-02	5.826680840357555818e-02	-4.276142513081288010e-02	3.713783304168609412e-02	-4.955238554653015187e-02	5.771779912171119686e-02	-5.269542395869717538e-02	4.310694255828281113e-02	-4.408648440741994717e-02	4.696907629155883113e-02	-7.839312421009773935e-02	8.008221527901226988e-02	-1.373663519163914604e-01	1.269329966213120775e-01	-5.570445035858941768e-02	7.782426797380852246e-02	-8.968438858931350455e-02	1.000000000000002442e+00	-1.972496030073472018e-01	3.774557571763299813e-02	-3.709726917509110350e-02	1.083393294435046339e-01	-9.409083022641822058e-01	1.949183327977435098e-01
4.932289411298370480e-02	-4.573660143709684656e-02	5.438194567446210520e-02	-3.791632090216361106e-02	4.813233473275287805e-02	-5.869621663887172880e-02	1.581097759402773917e-01	-4.783982209237159361e-02	5.047922368090092954e-02	-4.875492585703044418e-02	7.675465907970813184e-02	-7.224968191663966310e-02	7.430268494266822898e-02	-6.189734961226351501e-02	5.495558842203174948e-02	-8.794444470647630463e-02	1.057785229888129758e-01	-1.003748087360468721e-01	7.572134071383540554e-02	-6.783635876828475464e-02	7.908412564247431498e-02	-9.567876502621758261e-02	8.882000068807198445e-02	-8.705201888820189582e-02	8.765780332343008074e-02	-7.415574676222419503e-02	1.241190335340390388e-01	-1.396771263983380418e-01	2.751445103410332105e-01	-6.792334421696013536e-01	8.479066056326389766e-02	-1.089099947892598896e-01	1.033610665507452286e-01	-1.972496030073472018e-01	1.000000000000002887e+00	-5.626094754174185836e-02	5.285541806458787795e-02	-1.450746680748353779e-01	1.631200055102003665e-01	-5.943527511812698449e-01
-4.869106763271627974e-02	4.494704264733923038e-02	-5.047287032767793641e-02	3.380445930516779579e-02	-4.292302245010490985e-02	5.987459080094202635e-02	-1.585022775268733752e-01	4.407374952689882552e-02	-4.454935005494896350e-02	4.172528451062702121e-02	-7.888062206144128008e-02	6.993376912227705633e-02	-7.099921495628143397e-02	5.254719097231734526e-02	-4.583206613751157621e-02	1.019064314904049029e-01	-1.113096833516545592e-01	9.174032093754130868e-02	-5.593978522404885467e-02	4.833759314703341137e-02	-1.013297517400179731e-01	1.035522326895117473e-01	-8.332119872616562672e-02	4.808925829233796911e-02	-4.789294091879213455e-02	1.334596234250284841e-01	-1.494872223000854317e-01	1.179854778728066655e-01	-1.065489550294227844e-01	6.682635118204724445e-02	-2.042387711959841590e-01	1.913432524789356048e-01	-1.509784752732196422e-01	3.774557571763299813e-02	-5.626094754174185836e-02	1.000000000000002442e+00	-9.140443707737589962e-01	1.795703807201770308e-01	-3.655756600996200312e-02	9.129757439338005709e-02
4.276360625947310534e-02	-3.968120737653976771e-02	4.503327921628210578e-02	-3.035009649534691628e-02	3.842966959595078141e-02	-5.276352632978195678e-02	1.372254250857651292e-01	-3.952657088896967263e-02	4.002327837958995910e-02	-3.769813927245039414e-02	6.908419169815956107e-02	-6.318684151800894877e-02	6.378897574022049377e-02	-4.766193081594578829e-02	4.140534049224777607e-02	-9.547002270526930290e-02	9.996167221319565699e-02	-8.716037126413261893e-02	5.108440531590861811e-02	-4.439285676565986327e-02	9.174742180533780600e-02	-9.772770315595118162e-02	7.812898690910380362e-02	-4.458392459490436582e-02	4.404037708643378929e-02	-1.264529276869839347e-01	1.373454247248050153e-01	-1.162612067787491682e-01	9.840923324956840634e-02	-6.350647259306108072e-02	1.601769362098384164e-01	-2.422872958252944298e-01	1.528772177398798338e-01	-3.709726917509110350e-02	5.285541806458787795e-02	-9.140443707737589962e-01	1.000000000000002665e+00	-2.130030191148801766e-01	3.571749555951511668e-02	-8.724260221508556290e-02
-1.384648973309193787e-01	1.257690773979201759e-01	-1.345576524433514942e-01	8.887995741789994630e-02	-1.136303704385152186e-01	1.673259775896946411e-01	-4.754388442068626097e-01	1.159282230470375791e-01	-1.166296212778751978e-01	1.079600619084626623e-01	-2.230503060919299396e-01	1.765135753151790277e-01	-1.819058095693556476e-01	1.339771249519836616e-01	-1.181299364168012234e-01	2.104579130206439830e-01	-2.662240727996213474e-01	2.043939171820096656e-01	-1.407806393005346379e-01	1.203922323318873944e-01	-1.965369864552562740e-01	2.135244233032267402e-01	-1.896126908890729268e-01	1.183131040849941529e-01	-1.200757658212415896e-01	1.862474170603162782e-01	-3.003149863673386100e-01	2.664858502528981710e-01	-2.784054301792724395e-01	1.639331586669569851e-01	-2.393033583093959471e-01	3.055744298232324629e-01	-5.106618417407211563e-01	1.083393294435046339e-01	-1.450746680748353779e-01	1.795703807201770308e-01	-2.130030191148801766e-01	1.000000000000002665e+00	-1.133802475656135178e-01	2.215949908753655218e-01
3.007513087281980108e-02	-2.769347302202277220e-02	3.178518077725254326e-02	-2.172683632882830770e-02	2.767142482644335127e-02	-3.599725435355639186e-02	9.867611851250744637e-02	-2.774081547649429047e-02	2.877380959135713082e-02	-2.732949823567829700e-02	4.735398828722760939e-02	-4.207498438083791953e-02	4.329902428376074947e-02	-3.439657806727437761e-02	3.047049608035871243e-02	-5.131588573139799631e-02	6.245571829081367210e-02	-5.526830242521590247e-02	3.992578318676516524e-02	-3.486090252002828349e-02	4.659642522169277906e-02	-5.456170724982081083e-02	4.956475836478192037e-02	-4.033149217752731580e-02	4.094091927071917547e-02	-4.444979733057852905e-02	7.319884489906272607e-02	-7.599097153118236636e-02	1.229484790523777682e-01	-1.256410092704313142e-01	5.241441102011282216e-02	-7.556722072015542579e-02	8.225344454713241771e-02	-9.409083022641822058e-01	1.631200055102003665e-01	-3.655756600996200312e-02	3.571749555951511668e-02	-1.133802475656135178e-01	1.000000000000002887e+00	-2.414486134941157269e-01
