1.000000000000000000e+00	-5.991112938081522010e-01	2.598927105615935762e-01	-2.644831881476344404e-01	1.096699605381013520e-01	-4.179840126246035514e-01	3.015063004520041057e-01	-2.402368195309943499e-01	1.878655073576120105e-01	-1.059871003723150407e-01	2.364733316549036402e-01	-2.222185018688804803e-01	2.182768966894416962e-01	-9.794902066390159812e-02	6.544752925207153460e-02	-2.358632764641954427e-01	1.671729416112620048e-01	-1.649915949903339174e-01	9.792214502191186332e-02	-5.899608468969863573e-02	1.725401220995641804e-01	-1.415538387557396804e-01	1.330216369324078718e-01	-1.353898707832328907e-01	7.004353691142409244e-02	-2.029312585551382997e-01	1.269477984796835990e-01	-1.652459364286130161e-01	1.097730332816622828e-01	-8.469993106073278599e-02	1.334745454277210253e-01	-5.758077378135803559e-02	3.152155501607368376e-02	-4.468003720513496341e-02	1.530496668340715696e-02	-2.574368779608710023e-01	5.425196242149627618e-02	-3.131016369544582789e-02	5.334008750259515430e-02	-1.579698350730823764e-02
-5.991112938081522010e-01	1.000000000000000000e+00	-4.160225104605754787e-01	2.364547713073102686e-01	-9.421579819652446675e-02	1.971032860099512785e-01	-5.762685456953087204e-01	2.513544182221296164e-01	-1.865076808605025116e-01	8.908774745028176512e-02	-1.546470826859925041e-01	1.585381285640822258e-01	-1.671957217259939787e-01	8.278560156312793350e-02	-5.461563550207410023e-02	1.423703786710966701e-01	-1.119423190660702311e-01	1.073325718494728270e-01	-8.343526154015995511e-02	4.806682963156154453e-02	-1.074799282883126678e-01	9.041738010199909525e-02	-8.679470601432594246e-02	8.883811485298831467e-02	-4.692986476993771250e-02	1.204882271431621521e-01	-8.158494530438827053e-02	1.041892196638145862e-01	-7.286177757700199042e-02	5.512532227726658213e-02	-7.985402626148935257e-02	3.479878579945192008e-02	-2.014517474069480590e-02	2.941035412893112239e-02	-1.000824234834396011e-02	1.513740209716000762e-01	-3.295801871988800202e-02	1.991730825296666313e-02	-3.538045250676460224e-02	1.030651922529160491e-02
2.598927105615935762e-01	-4.160225104605754787e-01	1.000000000000000444e+00	-6.158065286726970289e-01	1.443759536564482859e-01	-1.782052589777299301e-01	2.975907193235339254e-01	-4.743714280516073134e-01	2.881540008205226711e-01	-1.413757645092366400e-01	1.406760688845961893e-01	-1.607836497641207674e-01	1.820722040751886761e-01	-1.214968210235941454e-01	7.847777595337711298e-02	-1.617977742824199816e-01	1.231595618792917790e-01	-1.234438749903917776e-01	1.191600281358659863e-01	-6.928612150343289866e-02	1.233463602578510759e-01	-1.054254571571909826e-01	1.007509620254615351e-01	-1.138151198349697663e-01	6.052021860681698617e-02	-1.450517555565085659e-01	9.627583895546758253e-02	-1.250974439272741212e-01	9.168212547397931733e-02	-7.035638927191131820e-02	9.610100193100065691e-02	-4.223825435253018151e-02	2.482050576929900956e-02	-3.696068380927711172e-02	1.263137130617219064e-02	-1.851009101675878954e-01	3.990760316649485939e-02	-2.453547758794271186e-02	4.457863233040127576e-02	-1.300241755711209479e-02
-2.644831881476344404e-01	2.364547713073102686e-01	-6.158065286726970289e-01	1.000000000000000666e+00	-2.397828458535849749e-01	1.511106094421268142e-01	-2.962117000157775126e-01	3.127237972973334612e-01	-5.272893177867966630e-01	1.918141677407004253e-01	-1.323669800726162415e-01	1.459775925326420865e-01	-1.847355213206646751e-01	1.682448445541227244e-01	-1.143491335847885149e-01	1.361808938505303657e-01	-1.123841497213897284e-01	1.097519267623879996e-01	-1.803882683413526034e-01	9.512404933326659706e-02	-1.074011728413764716e-01	9.339702081550400881e-02	-9.232008689516477129e-02	1.128019585083187698e-01	-6.356748758967756263e-02	1.179800485634650287e-01	-8.781985605932729477e-02	1.104487996855886278e-01	-9.404707396925601759e-02	6.902297579591984422e-02	-7.902389460260787757e-02	3.546382531911501657e-02	-2.335904592592841569e-02	3.726355205810289589e-02	-1.257666213169209013e-02	1.480862410094622439e-01	-3.383095333055301940e-02	2.284094622105056066e-02	-4.582158668331823975e-02	1.287743354415670644e-02
1.096699605381013520e-01	-9.421579819652446675e-02	1.443759536564482859e-01	-2.397828458535849749e-01	1.000000000000000444e+00	-8.054698929509558625e-02	1.224371918548709665e-01	-1.629441115145042196e-01	2.131993069279557451e-01	-9.111633391237110580e-01	6.959856582594141361e-02	-7.958750056495562941e-02	9.724271253818571326e-02	-9.962308072642062085e-02	8.584472681144215966e-02	-8.722319716740048468e-02	6.687169037078692646e-02	-6.764985559947649107e-02	9.421824332046463413e-02	-7.864739773554157987e-02	6.881927126545621387e-02	-5.913213640238811075e-02	5.716397145799985424e-02	-7.604240666700934348e-02	4.225327528781250980e-02	-8.240979388553626439e-02	5.562206536378881683e-02	-7.247145251764962326e-02	5.968622063822171669e-02	-4.771055116981171712e-02	5.497418147860066995e-02	-2.455309441327768391e-02	1.528676901793074236e-02	-2.395513712258988057e-02	8.264610751070738948e-03	-1.066428253835316337e-01	2.321725548283155166e-02	-1.505528247113861740e-02	2.910500826298688046e-02	-8.494183811714992732e-03
-4.179840126246035514e-01	1.971032860099512785e-01	-1.782052589777299301e-01	1.511106094421268142e-01	-8.054698929509558625e-02	1.000000000000000222e+00	-2.413624234070222974e-01	1.576219054839887168e-01	-1.398328800099032099e-01	7.259358274773348996e-02	-7.353657016491943477e-01	2.605362095329815664e-01	-2.895901954630622499e-01	7.606305691109065126e-02	-5.121195311922652899e-02	2.122734177545418655e-01	-1.778922352676064744e-01	1.485200868882247116e-01	-7.834522175154674806e-02	4.501938103761311816e-02	-1.652767978837750562e-01	1.215264915062812812e-01	-1.213735855730226076e-01	9.552658310110016815e-02	-5.098063032002949496e-02	1.377785409756357715e-01	-1.087820262993390158e-01	1.270234736879779502e-01	-8.435266371568179988e-02	5.950956969579671019e-02	-9.354776799179864710e-02	3.961989639208692709e-02	-2.361072278790325024e-02	3.384010942415868056e-02	-1.126884385182721354e-02	1.583111086138680734e-01	-3.831893876241346947e-02	2.316352924299447391e-02	-4.087200182654806419e-02	1.158001253192524060e-02
3.015063004520041057e-01	-5.762685456953087204e-01	2.975907193235339254e-01	-2.962117000157775126e-01	1.224371918548709665e-01	-2.413624234070222974e-01	1.000000000000000666e+00	-4.849252308069764150e-01	2.434279575497518833e-01	-1.223327685216819977e-01	1.837051173008749927e-01	-2.572984205438177963e-01	2.256710919884037381e-01	-1.136381335363642192e-01	7.273156113673062695e-02	-2.017291978010263276e-01	1.577874914941906626e-01	-1.544771387800959184e-01	1.102348213793046955e-01	-6.513530601894795824e-02	1.495913089931686923e-01	-1.291281323920845936e-01	1.222309748543171648e-01	-1.262366381374771529e-01	6.575957408230193035e-02	-1.735871116806436687e-01	1.150151325176065609e-01	-1.492603771292801418e-01	1.019242525553636092e-01	-7.811960883812876788e-02	1.144825949429702228e-01	-4.987296949685882802e-02	2.848309739021088333e-02	-4.124254910996921764e-02	1.407828947040095681e-02	-2.195658504143328804e-01	4.708160050419991222e-02	-2.823150500747098265e-02	4.939797232036923641e-02	-1.451344031329140569e-02
-2.402368195309943499e-01	2.513544182221296164e-01	-4.743714280516073134e-01	3.127237972973334612e-01	-1.629441115145042196e-01	1.576219054839887168e-01	-4.849252308069764150e-01	1.000000000000000222e+00	-5.679030879225637207e-01	1.528380482412494412e-01	-1.361512134984465827e-01	1.703714887613281548e-01	-2.304237893180432761e-01	1.574464894919038183e-01	-9.742467167870019762e-02	1.413894562945641753e-01	-1.189664127646082453e-01	1.168416271002590129e-01	-1.585096351694304795e-01	8.258803002171041796e-02	-1.087648190788470665e-01	9.626415979054243899e-02	-9.424992437062237882e-02	1.062249005499342897e-01	-5.766982660199491961e-02	1.203051046202789354e-01	-8.781175297207087505e-02	1.117068870690868659e-01	-8.661679822710344201e-02	6.444746189398244118e-02	-8.006211507496753532e-02	3.549424679455284726e-02	-2.232464270270372031e-02	3.442918138388923605e-02	-1.164326818540501601e-02	1.506470298472719627e-01	-3.373285901415563198e-02	2.194857082992193731e-02	-4.186252334382085938e-02	1.195212595015358870e-02
1.878655073576120105e-01	-1.865076808605025116e-01	2.881540008205226711e-01	-5.272893177867966630e-01	2.131993069279557451e-01	-1.398328800099032099e-01	2.434279575497518833e-01	-5.679030879225637207e-01	1.000000000000000888e+00	-2.788077186186323497e-01	1.177323558634025269e-01	-1.430806325385794719e-01	1.724168366690054244e-01	-3.053421857499323266e-01	1.305422052768498431e-01	-1.399396888595280664e-01	1.104694927871905513e-01	-1.123632501276471685e-01	2.082020035122931767e-01	-1.176621363531033526e-01	1.080222332630769305e-01	-9.538916879020878370e-02	9.254490179928580307e-02	-1.252907184384198791e-01	6.670474241151377881e-02	-1.256519876016825854e-01	8.854323530829871780e-02	-1.151919015720487133e-01	9.624444170903007079e-02	-7.372353583356661133e-02	8.345368423887090936e-02	-3.721528555319485176e-02	2.389902274687196251e-02	-3.809897311346331639e-02	1.297021982227079123e-02	-1.599047243449321087e-01	3.524719549124543522e-02	-2.349725518677509353e-02	4.636478821060312921e-02	-1.331200120619165789e-02
-1.059871003723150407e-01	8.908774745028176512e-02	-1.413757645092366400e-01	1.918141677407004253e-01	-9.111633391237110580e-01	7.259358274773348996e-02	-1.223327685216819977e-01	1.528380482412494412e-01	-2.788077186186323497e-01	1.000000000000000222e+00	-6.383828628810428452e-02	7.292891537207112085e-02	-9.235179577928234740e-02	1.043515045081835485e-01	-9.739364958437174424e-02	7.456644903884836195e-02	-5.948314830192438785e-02	5.943157287922269660e-02	-1.036106990443720899e-01	8.035685858081542676e-02	-5.918684753540202209e-02	5.143662174936980414e-02	-5.042665789134724574e-02	6.754521242204378217e-02	-3.871840801945106852e-02	6.823511500235493465e-02	-4.868820490267684181e-02	6.244974045116346434e-02	-5.422224454880770345e-02	4.225740286276649660e-02	-4.565513061638667297e-02	2.052899728495280463e-02	-1.341562266288289645e-02	2.156613102776772442e-02	-7.385865979778739182e-03	8.724499870120326628e-02	-1.949915404474695385e-02	1.314952862472664602e-02	-2.641322881718658616e-02	7.573040671238923452e-03
2.364733316549036402e-01	-1.546470826859925041e-01	1.406760688845961893e-01	-1.323669800726162415e-01	6.959856582594141361e-02	-7.353657016491943477e-01	1.837051173008749927e-01	-1.361512134984465827e-01	1.177323558634025269e-01	-6.383828628810428452e-02	1.000000000000000222e+00	-4.298313087044936531e-01	2.634716475150347681e-01	-6.849453448009359957e-02	4.560265087943778800e-02	-3.013980243191357045e-01	1.976321661027607701e-01	-1.678145012650029966e-01	6.957503246343434145e-02	-4.066875506041699173e-02	1.751987104245045224e-01	-1.331455029349205843e-01	1.271608582434435863e-01	-9.557472969452435185e-02	4.996723765074208984e-02	-1.523191037910854861e-01	1.127043821701713966e-01	-1.351272252653697992e-01	8.326220608248495469e-02	-5.928192925872628055e-02	9.967278529461325032e-02	-4.144793342667241198e-02	2.386574818126160555e-02	-3.347917943684049213e-02	1.115019696604306783e-02	-1.713547517368378681e-01	3.979479048505030203e-02	-2.352271099821104036e-02	4.006384669090407025e-02	-1.147824283168803750e-02
-2.222185018688804803e-01	1.585381285640822258e-01	-1.607836497641207674e-01	1.459775925326420865e-01	-7.958750056495562941e-02	2.605362095329815664e-01	-2.572984205438177963e-01	1.703714887613281548e-01	-1.430806325385794719e-01	7.292891537207112085e-02	-4.298313087044936531e-01	1.000000000000000000e+00	-6.724887552540418367e-01	8.974185536471973590e-02	-5.720218032962081506e-02	2.344365664613654587e-01	-3.779288683603395094e-01	2.326656692691940753e-01	-9.006651386850196561e-02	5.043957760902569726e-02	-1.732940166127698300e-01	1.682533433898420472e-01	-1.707628899833008862e-01	1.092332009912652668e-01	-5.732568732258043476e-02	1.465363415157224236e-01	-1.401164476977652673e-01	1.608569978907706810e-01	-9.712303538861663532e-02	6.710597366509525596e-02	-9.816066149214998371e-02	4.280121155596729177e-02	-2.721709939454278887e-02	3.865456148273294784e-02	-1.272654176237422372e-02	1.659647003218350791e-01	-4.136650666541134141e-02	2.673140593127814463e-02	-4.627846353065873802e-02	1.308394218676042428e-02
2.182768966894416962e-01	-1.671957217259939787e-01	1.820722040751886761e-01	-1.847355213206646751e-01	9.724271253818571326e-02	-2.895901954630622499e-01	2.256710919884037381e-01	-2.304237893180432761e-01	1.724168366690054244e-01	-9.235179577928234740e-02	2.634716475150347681e-01	-6.724887552540418367e-01	1.000000000000001776e+00	-1.280152026168128454e-01	7.413663546532518744e-02	-2.769404190950658928e-01	2.759718224713166301e-01	-3.205482231523640313e-01	1.163123621469245028e-01	-6.703494843476005827e-02	1.965925734168009753e-01	-2.076778629398044473e-01	1.995590273610387821e-01	-1.502069341177893202e-01	7.648516801193615267e-02	-1.974105425394367674e-01	1.673612486201718208e-01	-2.180796915773823008e-01	1.259944148114932327e-01	-9.153253137299392772e-02	1.295594981924357014e-01	-5.709276089188405900e-02	3.593920971013120358e-02	-5.059223823904271389e-02	1.686819131820347858e-02	-2.333219015985150968e-01	5.442657870847075752e-02	-3.562341585343139355e-02	5.989707913853538346e-02	-1.739274462028011364e-02
-9.794902066390159812e-02	8.278560156312793350e-02	-1.214968210235941454e-01	1.682448445541227244e-01	-9.962308072642062085e-02	7.606305691109065126e-02	-1.136381335363642192e-01	1.574464894919038183e-01	-3.053421857499323266e-01	1.043515045081835485e-01	-6.849453448009359957e-02	8.974185536471973590e-02	-1.280152026168128454e-01	9.999999999999982236e-01	-3.436128399238305708e-01	7.970677973046930154e-02	-7.083723658742534235e-02	7.385102960233733138e-02	-8.086614702383960740e-01	2.512645160666906463e-01	-6.298380209433977750e-02	6.102265699716989678e-02	-6.316809435147810459e-02	1.265768940034551482e-01	-7.372423375362163744e-02	6.834732909897590913e-02	-6.010966152900314857e-02	7.636022277821989668e-02	-9.668229746648111800e-02	6.822212765090295006e-02	-4.569242957343926798e-02	2.134901096062497700e-02	-1.846660577175102819e-02	3.557827467718832626e-02	-1.178221706838093567e-02	8.475390585688824530e-02	-2.045373596464786226e-02	1.778103591301527855e-02	-4.467765456485450065e-02	1.196412379669485604e-02
6.544752925207153460e-02	-5.461563550207410023e-02	7.847777595337711298e-02	-1.143491335847885149e-01	8.584472681144215966e-02	-5.121195311922652899e-02	7.273156113673062695e-02	-9.742467167870019762e-02	1.305422052768498431e-01	-9.739364958437174424e-02	4.560265087943778800e-02	-5.720218032962081506e-02	7.413663546532518744e-02	-3.436128399238305708e-01	9.999999999999970024e-01	-5.565974790029594443e-02	4.732981804844075407e-02	-4.925521390717105957e-02	2.632347918123588704e-01	-8.787944922726780295e-01	4.413473903409532995e-02	-4.219908789775959901e-02	4.292759852495953848e-02	-9.292661350580368185e-02	7.035733879049249628e-02	-4.922427822984554169e-02	4.172231868977233776e-02	-5.397448489259301652e-02	6.632593356827083675e-02	-6.764527464010988700e-02	3.289245900431197328e-02	-1.536502905624254414e-02	1.311691690663922306e-02	-2.522837288035777170e-02	9.163948667325545402e-03	-6.167853031212713194e-02	1.468584448069906734e-02	-1.269081054859151451e-02	3.114756242070508552e-02	-9.370353406638201946e-03
-2.358632764641954427e-01	1.423703786710966701e-01	-1.617977742824199816e-01	1.361808938505303657e-01	-8.722319716740048468e-02	2.122734177545418655e-01	-2.017291978010263276e-01	1.413894562945641753e-01	-1.399396888595280664e-01	7.456644903884836195e-02	-3.013980243191357045e-01	2.344365664613654587e-01	-2.769404190950658928e-01	7.970677973046930154e-02	-5.565974790029594443e-02	9.999999999999971134e-01	-4.302249395058642678e-01	2.377834266543064345e-01	-8.505310483973015090e-02	4.879732522197402500e-02	-6.246142876681455292e-01	2.119346518109940236e-01	-2.098704358960029048e-01	1.190056168795765312e-01	-6.459058179827999180e-02	2.432880150357626947e-01	-1.844045981409799251e-01	1.845815850334082686e-01	-1.157201179543180247e-01	7.425905578930884487e-02	-1.702301857776170879e-01	5.991529861406982155e-02	-3.300624369896937998e-02	4.591706790929644261e-02	-1.484251938210585757e-02	2.151274441744212840e-01	-5.989443894507980037e-02	3.203339848539368123e-02	-5.577074067468269780e-02	1.520669542018302650e-02
1.671729416112620048e-01	-1.119423190660702311e-01	1.231595618792917790e-01	-1.123841497213897284e-01	6.687169037078692646e-02	-1.778922352676064744e-01	1.577874914941906626e-01	-1.189664127646082453e-01	1.104694927871905513e-01	-5.948314830192438785e-02	1.976321661027607701e-01	-3.779288683603395094e-01	2.759718224713166301e-01	-7.083723658742534235e-02	4.732981804844075407e-02	-4.302249395058642678e-01	9.999999999999968914e-01	-6.013489082815609565e-01	7.398184754377105932e-02	-4.272870700084725054e-02	2.298787094509756324e-01	-3.502708738396212995e-01	2.815894103343359323e-01	-1.243922279129101860e-01	6.320290522073786221e-02	-1.700096462690930121e-01	2.091232311020617962e-01	-2.404247824341199380e-01	1.153332839316999064e-01	-7.520282464053106020e-02	1.105430739985400479e-01	-4.855901493549932835e-02	3.339089496409974184e-02	-4.554242425400867322e-02	1.456739129712167867e-02	-1.727072371381798976e-01	4.720412682373141544e-02	-3.285268133666077034e-02	5.348062860627474102e-02	-1.499184786450670319e-02
-1.649915949903339174e-01	1.073325718494728270e-01	-1.234438749903917776e-01	1.097519267623879996e-01	-6.764985559947649107e-02	1.485200868882247116e-01	-1.544771387800959184e-01	1.168416271002590129e-01	-1.123632501276471685e-01	5.943157287922269660e-02	-1.678145012650029966e-01	2.326656692691940753e-01	-3.205482231523640313e-01	7.385102960233733138e-02	-4.925521390717105957e-02	2.377834266543064345e-01	-6.013489082815609565e-01	9.999999999999961142e-01	-7.947259490810562599e-02	4.432979594963994130e-02	-2.033420253808383704e-01	2.758648064463415372e-01	-5.686790803823419393e-01	1.240499430925985080e-01	-6.462847306039831707e-02	1.428715777788313046e-01	-2.222298650171697088e-01	2.333395589530118386e-01	-1.222956599075551848e-01	7.447568207742877311e-02	-9.778683863536107024e-02	4.512389772475415561e-02	-3.372309406563527012e-02	4.714186109270724484e-02	-1.485815941879124746e-02	1.482577481992440604e-01	-4.449157140405170935e-02	3.271742002887831346e-02	-5.618173205434235512e-02	1.523145663271061566e-02
9.792214502191186332e-02	-8.343526154015995511e-02	1.191600281358659863e-01	-1.803882683413526034e-01	9.421824332046463413e-02	-7.834522175154674806e-02	1.102348213793046955e-01	-1.585096351694304795e-01	2.082020035122931767e-01	-1.036106990443720899e-01	6.957503246343434145e-02	-9.006651386850196561e-02	1.163123621469245028e-01	-8.086614702383960740e-01	2.632347918123588704e-01	-8.505310483973015090e-02	7.398184754377105932e-02	-7.947259490810562599e-02	9.999999999999974465e-01	-3.715875338945393569e-01	6.705761866936232884e-02	-6.533772695145749487e-02	6.742308712619400624e-02	-1.665100470049764025e-01	8.273630989095659416e-02	-7.413295864098234933e-02	6.432839867704125136e-02	-8.311346962269702821e-02	1.057936493651669418e-01	-7.791781390136552632e-02	4.946717224558511150e-02	-2.311703659181734566e-02	2.001402369256248884e-02	-3.898005905794396653e-02	1.300266423801775366e-02	-9.240196654950445787e-02	2.210237540880066742e-02	-1.932179054554187397e-02	4.842685630966627602e-02	-1.323025574288407002e-02
-5.899608468969863573e-02	4.806682963156154453e-02	-6.928612150343289866e-02	9.512404933326659706e-02	-7.864739773554157987e-02	4.501938103761311816e-02	-6.513530601894795824e-02	8.258803002171041796e-02	-1.176621363531033526e-01	8.035685858081542676e-02	-4.066875506041699173e-02	5.043957760902569726e-02	-6.703494843476005827e-02	2.512645160666906463e-01	-8.787944922726780295e-01	4.879732522197402500e-02	-4.272870700084725054e-02	4.432979594963994130e-02	-3.715875338945393569e-01	9.999999999999936717e-01	-3.909876345536526798e-02	3.803377546120054187e-02	-3.946989091245034498e-02	9.048485473837790394e-02	-7.679773509436496615e-02	4.268658551426378345e-02	-3.845449835130486382e-02	4.913247597921658466e-02	-6.693909532869682377e-02	6.642089129281540660e-02	-2.861046368954908020e-02	1.356361751501996421e-02	-1.250624725951990195e-02	2.500482470290655776e-02	-9.000547811227542841e-03	5.310731635230847569e-02	-1.301542435842632274e-02	1.202678093057903998e-02	-3.118719820830271813e-02	9.173862707486827445e-03
1.725401220995641804e-01	-1.074799282883126678e-01	1.233463602578510759e-01	-1.074011728413764716e-01	6.881927126545621387e-02	-1.652767978837750562e-01	1.495913089931686923e-01	-1.087648190788470665e-01	1.080222332630769305e-01	-5.918684753540202209e-02	1.751987104245045224e-01	-1.732940166127698300e-01	1.965925734168009753e-01	-6.298380209433977750e-02	4.413473903409532995e-02	-6.246142876681455292e-01	2.298787094509756324e-01	-2.033420253808383704e-01	6.705761866936232884e-02	-3.909876345536526798e-02	9.999999999999965583e-01	-2.372435213744649718e-01	1.756587563183408807e-01	-1.060450081948942774e-01	5.622189591329072172e-02	-5.152018515894323247e-01	1.725055073071563305e-01	-1.799575584032962194e-01	1.006841199484315302e-01	-6.592383810286818469e-02	2.325372037944509751e-01	-7.245749124884906522e-02	3.085575388948034667e-02	-4.043895396306216444e-02	1.306257641916004630e-02	-3.227415940294984242e-01	6.997410812766566290e-02	-3.021741306391437232e-02	4.840634969259986764e-02	-1.341822309596350446e-02
-1.415538387557396804e-01	9.041738010199909525e-02	-1.054254571571909826e-01	9.339702081550400881e-02	-5.913213640238811075e-02	1.215264915062812812e-01	-1.291281323920845936e-01	9.626415979054243899e-02	-9.538916879020878370e-02	5.143662174936980414e-02	-1.331455029349205843e-01	1.682533433898420472e-01	-2.076778629398044473e-01	6.102265699716989678e-02	-4.219908789775959901e-02	2.119346518109940236e-01	-3.502708738396212995e-01	2.758648064463415372e-01	-6.533772695145749487e-02	3.803377546120054187e-02	-2.372435213744649718e-01	9.999999999999985567e-01	-5.486455380036898699e-01	1.306897453178111346e-01	-6.684305114674074511e-02	1.533044698072642542e-01	-5.976919802463140918e-01	3.084254144917238927e-01	-1.352839977611798583e-01	7.850025218349136746e-02	-1.015917445898160409e-01	5.343792142111442045e-02	-3.849452844865330903e-02	5.162078277457059217e-02	-1.587792290680302768e-02	1.464021815202301013e-01	-5.275323844581443489e-02	3.733258648602412466e-02	-6.047447098325751252e-02	1.629552480098440947e-02
1.330216369324078718e-01	-8.679470601432594246e-02	1.007509620254615351e-01	-9.232008689516477129e-02	5.716397145799985424e-02	-1.213735855730226076e-01	1.222309748543171648e-01	-9.424992437062237882e-02	9.254490179928580307e-02	-5.042665789134724574e-02	1.271608582434435863e-01	-1.707628899833008862e-01	1.995590273610387821e-01	-6.316809435147810459e-02	4.292759852495953848e-02	-2.098704358960029048e-01	2.815894103343359323e-01	-5.686790803823419393e-01	6.742308712619400624e-02	-3.946989091245034498e-02	1.756587563183408807e-01	-5.486455380036898699e-01	9.999999999999985567e-01	-1.588948897069330790e-01	7.499059842268387954e-02	-1.403690436703440847e-01	2.878770315723567785e-01	-4.313379369993584067e-01	1.474171897996250369e-01	-8.914321451143043806e-02	9.211649792184491148e-02	-4.727388878135212191e-02	4.215393730775910536e-02	-5.672176959208194424e-02	1.741445510095478849e-02	-1.438971821577293142e-01	4.600081072219128209e-02	-4.147038505310408907e-02	6.479814148858119294e-02	-1.793064244904865254e-02
-1.353898707832328907e-01	8.883811485298831467e-02	-1.138151198349697663e-01	1.128019585083187698e-01	-7.604240666700934348e-02	9.552658310110016815e-02	-1.262366381374771529e-01	1.062249005499342897e-01	-1.252907184384198791e-01	6.754521242204378217e-02	-9.557472969452435185e-02	1.092332009912652668e-01	-1.502069341177893202e-01	1.265768940034551482e-01	-9.292661350580368185e-02	1.190056168795765312e-01	-1.243922279129101860e-01	1.240499430925985080e-01	-1.665100470049764025e-01	9.048485473837790394e-02	-1.060450081948942774e-01	1.306897453178111346e-01	-1.588948897069330790e-01	9.999999999999967804e-01	-4.441010472961565148e-01	9.963693596910695727e-02	-1.691395250282314022e-01	2.070502892799412353e-01	-6.674079892185121876e-01	2.916774903565954036e-01	-6.856430927718319690e-02	4.010982201789193430e-02	-7.493706451836819327e-02	1.964901181757378601e-01	-5.746633697385415684e-02	1.152438220620870118e-01	-3.983492754565341742e-02	6.948245609424977265e-02	-2.550367161958211337e-01	5.714516894281793102e-02
7.004353691142409244e-02	-4.692986476993771250e-02	6.052021860681698617e-02	-6.356748758967756263e-02	4.225327528781250980e-02	-5.098063032002949496e-02	6.575957408230193035e-02	-5.766982660199491961e-02	6.670474241151377881e-02	-3.871840801945106852e-02	4.996723765074208984e-02	-5.732568732258043476e-02	7.648516801193615267e-02	-7.372423375362163744e-02	7.035733879049249628e-02	-6.459058179827999180e-02	6.320290522073786221e-02	-6.462847306039831707e-02	8.273630989095659416e-02	-7.679773509436496615e-02	5.622189591329072172e-02	-6.684305114674074511e-02	7.499059842268387954e-02	-4.441010472961565148e-01	9.999999999999984457e-01	-5.582158625777189354e-02	8.112697843845338708e-02	-1.075824138108049943e-01	2.542274743556516836e-01	-8.350267660973488271e-01	3.811067110779962908e-02	-2.160174242860785770e-02	3.676678003978223891e-02	-9.510383134403484207e-02	5.327267289726343724e-02	-6.617323645410982946e-02	2.122264768702108312e-02	-3.496525539640672753e-02	1.130333606759613696e-01	-5.485152155186641398e-02
-2.029312585551382997e-01	1.204882271431621521e-01	-1.450517555565085659e-01	1.179800485634650287e-01	-8.240979388553626439e-02	1.377785409756357715e-01	-1.735871116806436687e-01	1.203051046202789354e-01	-1.256519876016825854e-01	6.823511500235493465e-02	-1.523191037910854861e-01	1.465363415157224236e-01	-1.974105425394367674e-01	6.834732909897590913e-02	-4.922427822984554169e-02	2.432880150357626947e-01	-1.700096462690930121e-01	1.428715777788313046e-01	-7.413295864098234933e-02	4.268658551426378345e-02	-5.152018515894323247e-01	1.533044698072642542e-01	-1.403690436703440847e-01	9.963693596910695727e-02	-5.582158625777189354e-02	9.999999999999977796e-01	-1.641538803194460550e-01	1.469669475148997206e-01	-9.995961885009092829e-02	6.322338135300263617e-02	-6.256014575505022268e-01	9.305521603712517409e-02	-3.112210524882597085e-02	4.024311881115518602e-02	-1.300058585131195175e-02	3.157175159593642588e-01	-9.653192742973733254e-02	3.001072958483927758e-02	-4.947901952460368596e-02	1.329431817442205260e-02
1.269477984796835990e-01	-8.158494530438827053e-02	9.627583895546758253e-02	-8.781985605932729477e-02	5.562206536378881683e-02	-1.087820262993390158e-01	1.150151325176065609e-01	-8.781175297207087505e-02	8.854323530829871780e-02	-4.868820490267684181e-02	1.127043821701713966e-01	-1.401164476977652673e-01	1.673612486201718208e-01	-6.010966152900314857e-02	4.172231868977233776e-02	-1.844045981409799251e-01	2.091232311020617962e-01	-2.222298650171697088e-01	6.432839867704125136e-02	-3.845449835130486382e-02	1.725055073071563305e-01	-5.976919802463140918e-01	2.878770315723567785e-01	-1.691395250282314022e-01	8.112697843845338708e-02	-1.641538803194460550e-01	9.999999999999974465e-01	-6.473039748965568885e-01	1.694452428819815115e-01	-1.016961618611818552e-01	1.025505291484653386e-01	-6.922868533112222500e-02	5.265807569266341831e-02	-6.613455371563942142e-02	1.993024760900949377e-02	-1.532975660807965601e-01	6.459659894670638502e-02	-5.219693880611210590e-02	7.311433375570708382e-02	-2.060306819194764397e-02
-1.652459364286130161e-01	1.041892196638145862e-01	-1.250974439272741212e-01	1.104487996855886278e-01	-7.247145251764962326e-02	1.270234736879779502e-01	-1.492603771292801418e-01	1.117068870690868659e-01	-1.151919015720487133e-01	6.244974045116346434e-02	-1.351272252653697992e-01	1.608569978907706810e-01	-2.180796915773823008e-01	7.636022277821989668e-02	-5.397448489259301652e-02	1.845815850334082686e-01	-2.404247824341199380e-01	2.333395589530118386e-01	-8.311346962269702821e-02	4.913247597921658466e-02	-1.799575584032962194e-01	3.084254144917238927e-01	-4.313379369993584067e-01	2.070502892799412353e-01	-1.075824138108049943e-01	1.469669475148997206e-01	-6.473039748965568885e-01	9.999999999999975575e-01	-3.131997110896204695e-01	1.277027039871060643e-01	-1.017914547611827730e-01	6.291931621741397862e-02	-7.993059463967379374e-02	9.984884765152836350e-02	-2.808421136266825088e-02	1.506410953095597693e-01	-6.319009991289510630e-02	7.265312396132590778e-02	-1.145902059838427439e-01	2.865823391041848883e-02
1.097730332816622828e-01	-7.286177757700199042e-02	9.168212547397931733e-02	-9.404707396925601759e-02	5.968622063822171669e-02	-8.435266371568179988e-02	1.019242525553636092e-01	-8.661679822710344201e-02	9.624444170903007079e-02	-5.422224454880770345e-02	8.326220608248495469e-02	-9.712303538861663532e-02	1.259944148114932327e-01	-9.668229746648111800e-02	6.632593356827083675e-02	-1.157201179543180247e-01	1.153332839316999064e-01	-1.222956599075551848e-01	1.057936493651669418e-01	-6.693909532869682377e-02	1.006841199484315302e-01	-1.352839977611798583e-01	1.474171897996250369e-01	-6.674079892185121876e-01	2.542274743556516836e-01	-9.995961885009092829e-02	1.694452428819815115e-01	-3.131997110896204695e-01	9.999999999999962252e-01	-3.738384639073259463e-01	6.764537756039444572e-02	-3.996592600585320565e-02	7.839271802426669988e-02	-3.399874091470341253e-01	6.948312821855796850e-02	-1.161775179713335077e-01	3.896940085453720615e-02	-7.797996285058587940e-02	2.449377405853717105e-01	-7.256058625461354883e-02
-8.469993106073278599e-02	5.512532227726658213e-02	-7.035638927191131820e-02	6.902297579591984422e-02	-4.771055116981171712e-02	5.950956969579671019e-02	-7.811960883812876788e-02	6.444746189398244118e-02	-7.372353583356661133e-02	4.225740286276649660e-02	-5.928192925872628055e-02	6.710597366509525596e-02	-9.153253137299392772e-02	6.822212765090295006e-02	-6.764527464010988700e-02	7.425905578930884487e-02	-7.520282464053106020e-02	7.447568207742877311e-02	-7.791781390136552632e-02	6.642089129281540660e-02	-6.592383810286818469e-02	7.850025218349136746e-02	-8.914321451143043806e-02	2.916774903565954036e-01	-8.350267660973488271e-01	6.322338135300263617e-02	-1.016961618611818552e-01	1.277027039871060643e-01	-3.738384639073259463e-01	9.999999999999962252e-01	-4.349844806906442291e-02	2.553787989806053163e-02	-4.800904792125660486e-02	1.249655210882951173e-01	-6.907912788144365823e-02	7.388170117429160300e-02	-2.532417255183065652e-02	4.477440792801926084e-02	-1.585108138838344227e-01	6.513065002095960732e-02
1.334745454277210253e-01	-7.985402626148935257e-02	9.610100193100065691e-02	-7.902389460260787757e-02	5.497418147860066995e-02	-9.354776799179864710e-02	1.144825949429702228e-01	-8.006211507496753532e-02	8.345368423887090936e-02	-4.565513061638667297e-02	9.967278529461325032e-02	-9.816066149214998371e-02	1.295594981924357014e-01	-4.569242957343926798e-02	3.289245900431197328e-02	-1.702301857776170879e-01	1.105430739985400479e-01	-9.778683863536107024e-02	4.946717224558511150e-02	-2.861046368954908020e-02	2.325372037944509751e-01	-1.015917445898160409e-01	9.211649792184491148e-02	-6.856430927718319690e-02	3.811067110779962908e-02	-6.256014575505022268e-01	1.025505291484653386e-01	-1.017914547611827730e-01	6.764537756039444572e-02	-4.349844806906442291e-02	9.999999999999962252e-01	-1.244349579386033050e-01	2.428745033584446544e-02	-2.774713625414021098e-02	8.955453405165823139e-03	-6.729476896842070399e-01	1.128059998403642683e-01	-2.357328168892158793e-02	3.391603861107315293e-02	-9.172220615476149239e-03
-5.758077378135803559e-02	3.479878579945192008e-02	-4.223825435253018151e-02	3.546382531911501657e-02	-2.455309441327768391e-02	3.961989639208692709e-02	-4.987296949685882802e-02	3.549424679455284726e-02	-3.721528555319485176e-02	2.052899728495280463e-02	-4.144793342667241198e-02	4.280121155596729177e-02	-5.709276089188405900e-02	2.134901096062497700e-02	-1.536502905624254414e-02	5.991529861406982155e-02	-4.855901493549932835e-02	4.512389772475415561e-02	-2.311703659181734566e-02	1.356361751501996421e-02	-7.245749124884906522e-02	5.343792142111442045e-02	-4.727388878135212191e-02	4.010982201789193430e-02	-2.160174242860785770e-02	9.305521603712517409e-02	-6.922868533112222500e-02	6.291931621741397862e-02	-3.996592600585320565e-02	2.553787989806053163e-02	-1.244349579386033050e-01	9.999999999999961142e-01	-5.919256608791366447e-02	2.136148477998629433e-02	-6.261777510195890364e-03	1.278915720483493890e-01	-9.726142634273291510e-01	5.574034156223985764e-02	-2.512308307550724373e-02	6.484194412732707802e-03
3.152155501607368376e-02	-2.014517474069480590e-02	2.482050576929900956e-02	-2.335904592592841569e-02	1.528676901793074236e-02	-2.361072278790325024e-02	2.848309739021088333e-02	-2.232464270270372031e-02	2.389902274687196251e-02	-1.341562266288289645e-02	2.386574818126160555e-02	-2.721709939454278887e-02	3.593920971013120358e-02	-1.846660577175102819e-02	1.311691690663922306e-02	-3.300624369896937998e-02	3.339089496409974184e-02	-3.372309406563527012e-02	2.001402369256248884e-02	-1.250624725951990195e-02	3.085575388948034667e-02	-3.849452844865330903e-02	4.215393730775910536e-02	-7.493706451836819327e-02	3.676678003978223891e-02	-3.112210524882597085e-02	5.265807569266341831e-02	-7.993059463967379374e-02	7.839271802426669988e-02	-4.800904792125660486e-02	2.428745033584446544e-02	-5.919256608791366447e-02	9.999999999999971134e-01	-1.206096087767674629e-01	2.478810645515883843e-02	-3.737862269411555693e-02	5.621679827408491287e-02	-9.742495349475854827e-01	1.217231991646220007e-01	-2.648238648484123325e-02
-4.468003720513496341e-02	2.941035412893112239e-02	-3.696068380927711172e-02	3.726355205810289589e-02	-2.395513712258988057e-02	3.384010942415868056e-02	-4.124254910996921764e-02	3.442918138388923605e-02	-3.809897311346331639e-02	2.156613102776772442e-02	-3.347917943684049213e-02	3.865456148273294784e-02	-5.059223823904271389e-02	3.557827467718832626e-02	-2.522837288035777170e-02	4.591706790929644261e-02	-4.554242425400867322e-02	4.714186109270724484e-02	-3.898005905794396653e-02	2.500482470290655776e-02	-4.043895396306216444e-02	5.162078277457059217e-02	-5.672176959208194424e-02	1.964901181757378601e-01	-9.510383134403484207e-02	4.024311881115518602e-02	-6.613455371563942142e-02	9.984884765152836350e-02	-3.399874091470341253e-01	1.249655210882951173e-01	-2.774713625414021098e-02	2.136148477998629433e-02	-1.206096087767674629e-01	9.999999999999963363e-01	-1.258469748608660455e-01	4.727801195623149155e-02	-2.114252590044371841e-02	1.102945630038969782e-01	-8.810473798086400077e-01	1.126314337690792755e-01
1.530496668340715696e-02	-1.000824234834396011e-02	1.263137130617219064e-02	-1.257666213169209013e-02	8.264610751070738948e-03	-1.126884385182721354e-02	1.407828947040095681e-02	-1.164326818540501601e-02	1.297021982227079123e-02	-7.385865979778739182e-03	1.115019696604306783e-02	-1.272654176237422372e-02	1.686819131820347858e-02	-1.178221706838093567e-02	9.163948667325545402e-03	-1.484251938210585757e-02	1.456739129712167867e-02	-1.485815941879124746e-02	1.300266423801775366e-02	-9.000547811227542841e-03	1.306257641916004630e-02	-1.587792290680302768e-02	1.741445510095478849e-02	-5.746633697385415684e-02	5.327267289726343724e-02	-1.300058585131195175e-02	1.993024760900949377e-02	-2.808421136266825088e-02	6.948312821855796850e-02	-6.907912788144365823e-02	8.955453405165823139e-03	-6.261777510195890364e-03	2.478810645515883843e-02	-1.258469748608660455e-01	9.999999999999962252e-01	-1.537447972305379384e-02	6.191850994497102335e-03	-2.378005959216823034e-02	1.115018053782613483e-01	-9.817378009009068984e-01
-2.574368779608710023e-01	1.513740209716000762e-01	-1.851009101675878954e-01	1.480862410094622439e-01	-1.066428253835316337e-01	1.583111086138680734e-01	-2.195658504143328804e-01	1.506470298472719627e-01	-1.599047243449321087e-01	8.724499870120326628e-02	-1.713547517368378681e-01	1.659647003218350791e-01	-2.333219015985150968e-01	8.475390585688824530e-02	-6.167853031212713194e-02	2.151274441744212840e-01	-1.727072371381798976e-01	1.482577481992440604e-01	-9.240196654950445787e-02	5.310731635230847569e-02	-3.227415940294984242e-01	1.464021815202301013e-01	-1.438971821577293142e-01	1.152438220620870118e-01	-6.617323645410982946e-02	3.157175159593642588e-01	-1.532975660807965601e-01	1.506410953095597693e-01	-1.161775179713335077e-01	7.388170117429160300e-02	-6.729476896842070399e-01	1.278915720483493890e-01	-3.737862269411555693e-02	4.727801195623149155e-02	-1.537447972305379384e-02	9.999999999999960032e-01	-1.446490604767976529e-01	3.593963641084985811e-02	-5.881752705755338706e-02	1.570000707796751632e-02
5.425196242149627618e-02	-3.295801871988800202e-02	3.990760316649485939e-02	-3.383095333055301940e-02	2.321725548283155166e-02	-3.831893876241346947e-02	4.708160050419991222e-02	-3.373285901415563198e-02	3.524719549124543522e-02	-1.949915404474695385e-02	3.979479048505030203e-02	-4.136650666541134141e-02	5.442657870847075752e-02	-2.045373596464786226e-02	1.468584448069906734e-02	-5.989443894507980037e-02	4.720412682373141544e-02	-4.449157140405170935e-02	2.210237540880066742e-02	-1.301542435842632274e-02	6.997410812766566290e-02	-5.275323844581443489e-02	4.600081072219128209e-02	-3.983492754565341742e-02	2.122264768702108312e-02	-9.653192742973733254e-02	6.459659894670638502e-02	-6.319009991289510630e-02	3.896940085453720615e-02	-2.532417255183065652e-02	1.128059998403642683e-01	-9.726142634273291510e-01	5.621679827408491287e-02	-2.114252590044371841e-02	6.191850994497102335e-03	-1.446490604767976529e-01	9.999999999999962252e-01	-5.852023285673840780e-02	2.465127473467289970e-02	-6.426771602644773020e-03
-3.131016369544582789e-02	1.991730825296666313e-02	-2.453547758794271186e-02	2.284094622105056066e-02	-1.505528247113861740e-02	2.316352924299447391e-02	-2.823150500747098265e-02	2.194857082992193731e-02	-2.349725518677509353e-02	1.314952862472664602e-02	-2.352271099821104036e-02	2.673140593127814463e-02	-3.562341585343139355e-02	1.778103591301527855e-02	-1.269081054859151451e-02	3.203339848539368123e-02	-3.285268133666077034e-02	3.271742002887831346e-02	-1.932179054554187397e-02	1.202678093057903998e-02	-3.021741306391437232e-02	3.733258648602412466e-02	-4.147038505310408907e-02	6.948245609424977265e-02	-3.496525539640672753e-02	3.001072958483927758e-02	-5.219693880611210590e-02	7.265312396132590778e-02	-7.797996285058587940e-02	4.477440792801926084e-02	-2.357328168892158793e-02	5.574034156223985764e-02	-9.742495349475854827e-01	1.102945630038969782e-01	-2.378005959216823034e-02	3.593963641084985811e-02	-5.852023285673840780e-02	9.999999999999962252e-01	-1.398902301804895998e-01	2.494662157311511308e-02
5.334008750259515430e-02	-3.538045250676460224e-02	4.457863233040127576e-02	-4.582158668331823975e-02	2.910500826298688046e-02	-4.087200182654806419e-02	4.939797232036923641e-02	-4.186252334382085938e-02	4.636478821060312921e-02	-2.641322881718658616e-02	4.006384669090407025e-02	-4.627846353065873802e-02	5.989707913853538346e-02	-4.467765456485450065e-02	3.114756242070508552e-02	-5.577074067468269780e-02	5.348062860627474102e-02	-5.618173205434235512e-02	4.842685630966627602e-02	-3.118719820830271813e-02	4.840634969259986764e-02	-6.047447098325751252e-02	6.479814148858119294e-02	-2.550367161958211337e-01	1.130333606759613696e-01	-4.947901952460368596e-02	7.311433375570708382e-02	-1.145902059838427439e-01	2.449377405853717105e-01	-1.585108138838344227e-01	3.391603861107315293e-02	-2.512308307550724373e-02	1.217231991646220007e-01	-8.810473798086400077e-01	1.115018053782613483e-01	-5.881752705755338706e-02	2.465127473467289970e-02	-1.398902301804895998e-01	9.999999999999962252e-01	-1.244696717724171064e-01
