1.000000000000000000e+00	-3.996353776551461179e-01	1.989201399715525842e-01	-1.252229673220583428e-01	1.098982737717080771e-01	-8.224980172900066000e-01	2.495266264920372179e-01	-1.841357249843711130e-01	1.270496766965207858e-01	-9.712857177424309707e-02	1.454292425859299298e-01	-2.069057796975913854e-01	1.544997148662131115e-01	-1.003541306402037370e-01	9.000754011717970737e-02	-1.405479544417976567e-01	1.447938108472023033e-01	-1.356691402646995337e-01	7.264733889210996109e-02	-7.205390318190388332e-02	3.320635192958839438e-02	-6.221815122631921269e-02	5.803394489456581429e-02	-7.715030096935489301e-02	7.142171596845955928e-02	-3.282420918982600216e-02	3.462402092685638866e-02	-3.169897498204679587e-02	2.635882426759621894e-02	-2.587788552971837311e-02	2.026061483769867055e-02	-1.827148983087408668e-02	2.822929108715897459e-02	-2.644675268236778426e-02	1.811248336339729703e-02	-1.664850169334614050e-02	1.868437097333852659e-02	-2.104021381121427142e-02	1.692207519411315086e-02	-2.229801051458169675e-02
-3.996353776551461179e-01	1.000000000000000222e+00	-6.149759404722476841e-01	2.286608877256155747e-01	-2.132609159547870226e-01	2.626200443187442501e-01	-4.207106823838910326e-01	2.835783140927646273e-01	-2.381602864100834660e-01	1.634755186924002346e-01	-1.467377425989840889e-01	2.480038259265421874e-01	-2.520903093643766524e-01	1.509238294329366681e-01	-1.462581000681401899e-01	1.277625641186396488e-01	-2.098665041906258855e-01	1.803174862935764677e-01	-1.027361460078846100e-01	1.018675127867679497e-01	-4.066982775041706744e-02	8.344268191901629828e-02	-8.086318933116659613e-02	1.044705624417715945e-01	-1.051405374041016055e-01	3.907363001377350820e-02	-4.754649006104161996e-02	4.318824892617007666e-02	-3.605948984659564094e-02	3.507336723991952981e-02	-2.757998022621061321e-02	2.486515163364903802e-02	-3.869376551289559207e-02	3.582523235717183924e-02	-2.465890970972555232e-02	2.248903826717629437e-02	-2.548867509407093390e-02	2.842761690260297430e-02	-2.298291031451379224e-02	3.005026726884671429e-02
1.989201399715525842e-01	-6.149759404722476841e-01	1.000000000000000666e+00	-4.303015078674792826e-01	2.252361010603980418e-01	-2.060004567695545852e-01	2.594200136307465154e-01	-4.626703530772917627e-01	2.632278183565862628e-01	-1.960598135530167430e-01	1.163065405774904304e-01	-2.337299184643487626e-01	2.336398367260015818e-01	-1.625281655318087382e-01	1.443346167126142721e-01	-1.115688234603035567e-01	1.716634793872912901e-01	-1.839052342763426440e-01	9.937661518899613966e-02	-1.012933879031100992e-01	3.602687141393739328e-02	-7.748307261499577658e-02	7.302323436312137261e-02	-1.039546668323149542e-01	9.730603316350562582e-02	-3.519453275832767902e-02	4.279351046667671105e-02	-3.945978881704369223e-02	3.310580811508359589e-02	-3.238959556410526269e-02	2.488733113033333652e-02	-2.250813661271494626e-02	3.513753412371923429e-02	-3.300259122825720953e-02	2.265984912783566493e-02	-2.041250634237953138e-02	2.306638634514252689e-02	-2.605307956845456796e-02	2.102999681985322916e-02	-2.767014496514529770e-02
-1.252229673220583428e-01	2.286608877256155747e-01	-4.303015078674792826e-01	1.000000000000000222e+00	-5.733607022849042112e-01	1.218658746237049617e-01	-1.761335536340639107e-01	2.501434004258883403e-01	-5.657073520661848320e-01	2.964957362767978166e-01	-8.700946542967989694e-02	1.578279127043384356e-01	-1.868726764877649271e-01	1.710968291967891741e-01	-1.722599618106928632e-01	8.112126387267727667e-02	-1.350335376689056621e-01	1.381920699230434757e-01	-8.724042872986727259e-02	9.536026253389509599e-02	-2.897786210217791203e-02	6.181397160497818094e-02	-5.929337225485054041e-02	8.923065841602839665e-02	-9.097407245804800535e-02	2.803551560031114845e-02	-3.589076831722913530e-02	3.276559997609847230e-02	-2.787000880719825782e-02	2.739472447137168004e-02	-2.088334086555648436e-02	1.885211541935977175e-02	-2.942881040599941780e-02	2.768046762631572177e-02	-1.917141715662929596e-02	1.707909275762882831e-02	-1.936995001804775463e-02	2.183178105902134833e-02	-1.769050765212764123e-02	2.324409912521714638e-02
1.098982737717080771e-01	-2.132609159547870226e-01	2.252361010603980418e-01	-5.733607022849042112e-01	1.000000000000000222e+00	-1.170561503430567196e-01	1.525102090333027016e-01	-2.187155533957903519e-01	3.189585753052595063e-01	-6.362526969230130058e-01	8.488264842416638756e-02	-1.590354782022772584e-01	1.728915539725957295e-01	-2.475433070893067189e-01	2.215891547188057753e-01	-8.273180224002135708e-02	1.314263355709987535e-01	-1.468821844608181049e-01	1.019053252587489578e-01	-1.208490053864780811e-01	3.064762142494422553e-02	-6.656737661805846307e-02	6.278781081385022278e-02	-1.068485798763018080e-01	1.058642363232961819e-01	-2.996216615098012265e-02	3.891094060561315487e-02	-3.575841383234466125e-02	3.081138981487797912e-02	-3.054843129150032130e-02	2.272593185908405519e-02	-2.054508200784718047e-02	3.212244120947604226e-02	-3.066399237693488711e-02	2.128179469770883833e-02	-1.866310803440487595e-02	2.113398602998257936e-02	-2.407310733998482832e-02	1.951192365947802473e-02	-2.577819974321098745e-02
-8.224980172900066000e-01	2.626200443187442501e-01	-2.060004567695545852e-01	1.218658746237049617e-01	-1.170561503430567196e-01	1.000000000000000888e+00	-3.595364348647369646e-01	1.811578883126727102e-01	-1.353866350770991100e-01	9.838832689144852428e-02	-1.894567839111866714e-01	2.073367394962339627e-01	-1.691971423003844344e-01	1.017706987107584449e-01	-9.520457861583120351e-02	1.462406486509195414e-01	-1.630733052164323460e-01	1.368110987129446121e-01	-7.520776154789948764e-02	7.361196575613310200e-02	-3.490702045985670521e-02	6.482554102720018696e-02	-6.170073025208589607e-02	7.810257977899789927e-02	-7.567956956161166204e-02	3.404100661129081523e-02	-3.669913791079046361e-02	3.332669710891190268e-02	-2.766804510774816331e-02	2.703072877552877701e-02	-2.141343393488806188e-02	1.928266707499696683e-02	-2.978751944448175884e-02	2.766036330660466211e-02	-1.897863383050634595e-02	1.752343924494232513e-02	-1.972736002381588610e-02	2.204357546456162456e-02	-1.775866096068910022e-02	2.329749355579515541e-02
2.495266264920372179e-01	-4.207106823838910326e-01	2.594200136307465154e-01	-1.761335536340639107e-01	1.525102090333027016e-01	-3.595364348647369646e-01	1.000000000000001110e+00	-4.200201307540770146e-01	1.924143979506018065e-01	-1.438173065984225674e-01	1.568228155037322546e-01	-5.989472730013147839e-01	2.691322779374487051e-01	-1.516634117649104385e-01	1.329266180567779398e-01	-1.471212772632734533e-01	2.302546316466120291e-01	-2.147946406247281670e-01	1.073940275507644093e-01	-1.019341795713115673e-01	4.207883503215453097e-02	-9.260870236496124286e-02	8.606606147852574606e-02	-1.125461578964437187e-01	1.008275844269734683e-01	-4.108095307112141076e-02	4.836691207689816641e-02	-4.487107482818374071e-02	3.712447790765339983e-02	-3.601843515873746904e-02	2.803388281042284644e-02	-2.538792676932936573e-02	3.968891686973056304e-02	-3.699588170997446940e-02	2.524165339958896886e-02	-2.299168023783609155e-02	2.595590972436104954e-02	-2.923139816385211115e-02	2.354675833048519573e-02	-3.092150919603165599e-02
-1.841357249843711130e-01	2.835783140927646273e-01	-4.626703530772917627e-01	2.501434004258883403e-01	-2.187155533957903519e-01	1.811578883126727102e-01	-4.200201307540770146e-01	1.000000000000001110e+00	-4.044476090567631354e-01	2.043222931055092562e-01	-1.325453457234815891e-01	2.747012293226214763e-01	-5.054017142419788833e-01	1.905192396693759782e-01	-1.776057820435085477e-01	1.206253558623627958e-01	-2.231741953757649666e-01	2.269196335520357044e-01	-1.199959068371298093e-01	1.136944963891743238e-01	-4.043131577546045519e-02	9.140485176002025036e-02	-8.903705137319804785e-02	1.189857465300958178e-01	-1.140183134263758613e-01	3.895388659129464526e-02	-4.994852877354906406e-02	4.601744018956306637e-02	-3.840137334228752031e-02	3.711955344806703444e-02	-2.882689770848696764e-02	2.608823612041138648e-02	-4.094579193855340388e-02	3.798086655053252436e-02	-2.606995798976928860e-02	2.352767136079081389e-02	-2.672607733653967546e-02	2.993410304938329269e-02	-2.421674090662458839e-02	3.166015772897770586e-02
1.270496766965207858e-01	-2.381602864100834660e-01	2.632278183565862628e-01	-5.657073520661848320e-01	3.189585753052595063e-01	-1.353866350770991100e-01	1.924143979506018065e-01	-4.044476090567631354e-01	1.000000000000000444e+00	-5.264798649558453114e-01	9.610047554563835859e-02	-1.895164562940156727e-01	2.162528786403207504e-01	-2.370849896578357541e-01	2.109460028617397287e-01	-9.268552979337266184e-02	1.509113065816117816e-01	-1.691214868965305873e-01	1.062050349284307665e-01	-1.187550665364724423e-01	3.303269667819659638e-02	-7.266333376429588709e-02	6.885622161328475155e-02	-1.101180578108647834e-01	1.074950731377244395e-01	-3.219814095813900573e-02	4.149206827216219556e-02	-3.820330959352537248e-02	3.261730513203130871e-02	-3.213285713045941488e-02	2.416300262761190629e-02	-2.185456086032278727e-02	3.420250135418806403e-02	-3.242551295941775713e-02	2.242707449705767103e-02	-1.982007418264850745e-02	2.245301953977131906e-02	-2.548023167490717777e-02	2.063569835806741345e-02	-2.719947239613171308e-02
-9.712857177424309707e-02	1.634755186924002346e-01	-1.960598135530167430e-01	2.964957362767978166e-01	-6.362526969230130058e-01	9.838832689144852428e-02	-1.438173065984225674e-01	2.043222931055092562e-01	-5.264798649558453114e-01	1.000000000000001776e+00	-7.843604760291629507e-02	1.406578799362466770e-01	-1.770636907966858520e-01	2.456020751745065511e-01	-3.846166929012436730e-01	7.382518476756717851e-02	-1.262442473378125318e-01	1.338571953719389085e-01	-9.998993791932501984e-02	1.202867741866668200e-01	-2.819330108088724182e-02	6.148739684384707527e-02	-5.915940630139019524e-02	9.973600436480103970e-02	-1.105594199787922893e-01	2.726870876779022637e-02	-3.686725268975463848e-02	3.355297700592719395e-02	-2.912437119965063936e-02	2.887228763581401597e-02	-2.147656870305158713e-02	1.938263167923479080e-02	-3.033945923280535056e-02	2.878628156793028303e-02	-2.016198489072688199e-02	1.755128471750078828e-02	-1.997184261442708567e-02	2.259426303305949596e-02	-1.839548980112702681e-02	2.419514683613150502e-02
1.454292425859299298e-01	-1.467377425989840889e-01	1.163065405774904304e-01	-8.700946542967989694e-02	8.488264842416638756e-02	-1.894567839111866714e-01	1.568228155037322546e-01	-1.325453457234815891e-01	9.610047554563835859e-02	-7.843604760291629507e-02	1.000000000000001110e+00	-2.342025034027660213e-01	1.509196698840940265e-01	-9.992276769037732043e-02	8.678127646796195138e-02	-8.812537916770235569e-01	2.302316184564952017e-01	-1.903704513345299554e-01	9.321016911055710064e-02	-8.761632267148221354e-02	9.288635376719216186e-02	-9.666210417442225311e-02	8.522333237559567842e-02	-1.036392696252243367e-01	8.616727107510392669e-02	-9.535777367984138442e-02	5.567507114578713195e-02	-4.997036837666831571e-02	4.067605677006269627e-02	-4.120742220963577451e-02	3.385857735121664686e-02	-3.018629996564937620e-02	4.428914496907255388e-02	-4.208067304700423977e-02	2.864599219589562817e-02	-2.829484168933150620e-02	3.051367663994074969e-02	-3.442363779518944206e-02	2.722354157055785831e-02	-3.646986179920592985e-02
-2.069057796975913854e-01	2.480038259265421874e-01	-2.337299184643487626e-01	1.578279127043384356e-01	-1.590354782022772584e-01	2.073367394962339627e-01	-5.989472730013147839e-01	2.747012293226214763e-01	-1.895164562940156727e-01	1.406578799362466770e-01	-2.342025034027660213e-01	1.000000000000000888e+00	-4.274204941141369618e-01	1.708015579178030208e-01	-1.587890386330942094e-01	1.893836552728126732e-01	-4.420619496610163623e-01	2.686170106841687666e-01	-1.352172022142212882e-01	1.205745204785262925e-01	-5.427228317805952995e-02	1.258284156258093756e-01	-1.207469852577077313e-01	1.358408279857025169e-01	-1.260684554797837920e-01	5.195165295696264202e-02	-6.351642710707340600e-02	5.882870509633060518e-02	-4.795243421146055951e-02	4.568618536991521373e-02	-3.641913959559382741e-02	3.300830762320870748e-02	-5.190869593340027843e-02	4.736014532131568866e-02	-3.221710636668275590e-02	2.967546658537264723e-02	-3.369137041016163209e-02	3.744118486599617990e-02	-3.020370259122747564e-02	3.929747064807348478e-02
1.544997148662131115e-01	-2.520903093643766524e-01	2.336398367260015818e-01	-1.868726764877649271e-01	1.728915539725957295e-01	-1.691971423003844344e-01	2.691322779374487051e-01	-5.054017142419788833e-01	2.162528786403207504e-01	-1.770636907966858520e-01	1.509196698840940265e-01	-4.274204941141369618e-01	1.000000000000001332e+00	-3.062977958293647829e-01	2.051886170066063164e-01	-1.491372203589366452e-01	2.809143256874579997e-01	-5.007103222248338037e-01	1.734085473687660695e-01	-1.479268547561455038e-01	4.999196862051327739e-02	-1.293822585437257866e-01	1.233131999050320338e-01	-1.737291632468387914e-01	1.422944364628754566e-01	-4.865697747457602834e-02	6.381207961281985808e-02	-6.074677814377525686e-02	5.015898074442114163e-02	-4.795249467117694564e-02	3.660018014164338751e-02	-3.336902084094785920e-02	5.299459630928983478e-02	-4.947182302702411022e-02	3.357783403475708001e-02	-3.001815284322431956e-02	3.407712832069393488e-02	-3.856418412364426285e-02	3.113095819249190460e-02	-4.078971103851076335e-02
-1.003541306402037370e-01	1.509238294329366681e-01	-1.625281655318087382e-01	1.710968291967891741e-01	-2.475433070893067189e-01	1.017706987107584449e-01	-1.516634117649104385e-01	1.905192396693759782e-01	-2.370849896578357541e-01	2.456020751745065511e-01	-9.992276769037732043e-02	1.708015579178030208e-01	-3.062977958293647829e-01	1.000000000000001776e+00	-7.741763951818677603e-01	9.297560119568511194e-02	-1.751201815099952541e-01	1.944841518694900295e-01	-2.275712104460381191e-01	2.067977881237501592e-01	-4.030518648694358941e-02	9.119773155017986410e-02	-9.028981494399143659e-02	1.789045309735840528e-01	-2.169978701397073384e-01	3.852275620778815302e-02	-5.732563949690249600e-02	5.166492177967278721e-02	-4.621970745181527840e-02	4.594118111652743114e-02	-3.329973138660485832e-02	3.001098737355597720e-02	-4.724412076492617851e-02	4.495500935269975545e-02	-3.209938190605723940e-02	2.704271916087246097e-02	-3.105061153124142118e-02	3.498798361450537742e-02	-2.877958320936033904e-02	3.767441024914146286e-02
9.000754011717970737e-02	-1.462581000681401899e-01	1.443346167126142721e-01	-1.722599618106928632e-01	2.215891547188057753e-01	-9.520457861583120351e-02	1.329266180567779398e-01	-1.776057820435085477e-01	2.109460028617397287e-01	-3.846166929012436730e-01	8.678127646796195138e-02	-1.587890386330942094e-01	2.051886170066063164e-01	-7.741763951818677603e-01	1.000000000000001110e+00	-8.428653782279219020e-02	1.466092150195331123e-01	-1.762385668665110150e-01	1.713617306017201358e-01	-2.596202629095233916e-01	3.587172600054524402e-02	-8.289763183761858500e-02	7.929509750868987683e-02	-1.693263975487783179e-01	1.902689689763268077e-01	-3.478337402321584476e-02	5.047312904881096768e-02	-4.621949008684587273e-02	4.140385842288619306e-02	-4.146395887766566452e-02	2.943140916036396382e-02	-2.661456077452727803e-02	4.196604811721020567e-02	-4.059586295502341791e-02	2.879049785843739231e-02	-2.408536327812181924e-02	2.750779041265938654e-02	-3.146010915767553234e-02	2.577669971806266155e-02	-3.402733138395658274e-02
-1.405479544417976567e-01	1.277625641186396488e-01	-1.115688234603035567e-01	8.112126387267727667e-02	-8.273180224002135708e-02	1.462406486509195414e-01	-1.471212772632734533e-01	1.206253558623627958e-01	-9.268552979337266184e-02	7.382518476756717851e-02	-8.812537916770235569e-01	1.893836552728126732e-01	-1.491372203589366452e-01	9.297560119568511194e-02	-8.428653782279219020e-02	1.000000000000001554e+00	-3.124691130236279535e-01	1.748490982244920167e-01	-8.937542834284056825e-02	8.158579270415444729e-02	-1.074367864422894614e-01	9.613133074801508138e-02	-8.835861930090221916e-02	9.509988569588469220e-02	-8.473226660061003446e-02	9.373045227464335549e-02	-5.583184289191510385e-02	4.935126857030925490e-02	-3.987758342244997894e-02	3.972669211265955624e-02	-3.367243196450035725e-02	2.993039494949355922e-02	-4.394989322657889136e-02	4.084028598632429008e-02	-2.782547224328927454e-02	2.785184065905950759e-02	-3.025377474225261418e-02	3.346567608351157241e-02	-2.656257642081889803e-02	3.518173394079410210e-02
1.447938108472023033e-01	-2.098665041906258855e-01	1.716634793872912901e-01	-1.350335376689056621e-01	1.314263355709987535e-01	-1.630733052164323460e-01	2.302546316466120291e-01	-2.231741953757649666e-01	1.509113065816117816e-01	-1.262442473378125318e-01	2.302316184564952017e-01	-4.420619496610163623e-01	2.809143256874579997e-01	-1.751201815099952541e-01	1.466092150195331123e-01	-3.124691130236279535e-01	1.000000000000000888e+00	-5.964145257647262000e-01	1.961344846678570730e-01	-1.560368809504484866e-01	7.489579254146075393e-02	-2.808609448039170453e-01	2.051009823509167551e-01	-2.185386202091618435e-01	1.499643595723855194e-01	-7.330901692348941456e-02	9.080638484894831830e-02	-9.088210677813983451e-02	7.061289176785356947e-02	-6.566157276294454226e-02	5.122596810241852872e-02	-4.727591990682217249e-02	7.622849716960769517e-02	-6.980949604541167308e-02	4.608043603989968318e-02	-4.225536518167369998e-02	4.777476344297538341e-02	-5.423948978130499476e-02	4.336441208520443874e-02	-5.666672267843840538e-02
-1.356691402646995337e-01	1.803174862935764677e-01	-1.839052342763426440e-01	1.381920699230434757e-01	-1.468821844608181049e-01	1.368110987129446121e-01	-2.147946406247281670e-01	2.269196335520357044e-01	-1.691214868965305873e-01	1.338571953719389085e-01	-1.903704513345299554e-01	2.686170106841687666e-01	-5.007103222248338037e-01	1.944841518694900295e-01	-1.762385668665110150e-01	1.748490982244920167e-01	-5.964145257647262000e-01	1.000000000000000444e+00	-3.181437567213206141e-01	1.676872807175883440e-01	-6.500597908936212033e-02	1.979128644200217335e-01	-2.281903246657014661e-01	2.301005494349172009e-01	-1.770932128190217392e-01	6.146283988506938412e-02	-9.133364001854235581e-02	8.885892309807856548e-02	-7.089331153487829495e-02	6.409331352002169135e-02	-5.070910002929851501e-02	4.665423407346355050e-02	-7.623627002370474137e-02	6.795928821652912066e-02	-4.542948596149156554e-02	4.114465307625008589e-02	-4.735955262045261210e-02	5.249732514285591900e-02	-4.247861801050738934e-02	5.456078799269797885e-02
7.264733889210996109e-02	-1.027361460078846100e-01	9.937661518899613966e-02	-8.724042872986727259e-02	1.019053252587489578e-01	-7.520776154789948764e-02	1.073940275507644093e-01	-1.199959068371298093e-01	1.062050349284307665e-01	-9.998993791932501984e-02	9.321016911055710064e-02	-1.352172022142212882e-01	1.734085473687660695e-01	-2.275712104460381191e-01	1.713617306017201358e-01	-8.937542834284056825e-02	1.961344846678570730e-01	-3.181437567213206141e-01	9.999999999999992228e-01	-3.331712572245075776e-01	4.755946320013401674e-02	-1.566213011338902505e-01	1.559241068063097757e-01	-7.915027357666758467e-01	2.575996723900778607e-01	-4.573787017628603430e-02	7.909686423249941145e-02	-7.981854775622057585e-02	7.580794500284203374e-02	-6.693020864072940501e-02	4.470059447364678473e-02	-4.140138948580651679e-02	6.868930014628109315e-02	-7.006155996040742961e-02	4.596198158815716778e-02	-3.668201400206188428e-02	4.231446151018540547e-02	-4.926047582057403035e-02	4.049780478403650769e-02	-5.313032894217704222e-02
-7.205390318190388332e-02	1.018675127867679497e-01	-1.012933879031100992e-01	9.536026253389509599e-02	-1.208490053864780811e-01	7.361196575613310200e-02	-1.019341795713115673e-01	1.136944963891743238e-01	-1.187550665364724423e-01	1.202867741866668200e-01	-8.761632267148221354e-02	1.205745204785262925e-01	-1.479268547561455038e-01	2.067977881237501592e-01	-2.596202629095233916e-01	8.158579270415444729e-02	-1.560368809504484866e-01	1.676872807175883440e-01	-3.331712572245075776e-01	1.000000000000000222e+00	-5.059952049245099864e-02	1.036377431383946335e-01	-1.037836647064549894e-01	2.560483568861763315e-01	-8.285772610152764006e-01	4.771095748601281855e-02	-8.607779542613651358e-02	7.299240738654778904e-02	-7.255482860997174155e-02	8.142519952884590129e-02	-5.063244292375595340e-02	4.512657160112246157e-02	-7.073654388217370803e-02	6.884778552247579342e-02	-5.629550860079839125e-02	4.060000431152060302e-02	-4.755354550629078275e-02	5.385190506587061304e-02	-4.614925215190413682e-02	6.051015982761974443e-02
3.320635192958839438e-02	-4.066982775041706744e-02	3.602687141393739328e-02	-2.897786210217791203e-02	3.064762142494422553e-02	-3.490702045985670521e-02	4.207883503215453097e-02	-4.043131577546045519e-02	3.303269667819659638e-02	-2.819330108088724182e-02	9.288635376719216186e-02	-5.427228317805952995e-02	4.999196862051327739e-02	-4.030518648694358941e-02	3.587172600054524402e-02	-1.074367864422894614e-01	7.489579254146075393e-02	-6.500597908936212033e-02	4.755946320013401674e-02	-5.059952049245099864e-02	9.999999999999997780e-01	-8.744599250086852738e-02	7.485503928530394535e-02	-5.559112499167635779e-02	5.422003898128285176e-02	-9.545189380398536594e-01	1.348698747571469292e-01	-9.767526787151625811e-02	7.524115667381903183e-02	-8.972455283042371499e-02	9.951359729586052583e-02	-8.259248513780202694e-02	8.770041171146535086e-02	-8.813425247030057252e-02	6.074708255849042143e-02	-8.678447436734793019e-02	7.825164522880100060e-02	-8.278070841546314451e-02	6.129169610372800503e-02	-8.684134368584293939e-02
-6.221815122631921269e-02	8.344268191901629828e-02	-7.748307261499577658e-02	6.181397160497818094e-02	-6.656737661805846307e-02	6.482554102720018696e-02	-9.260870236496124286e-02	9.140485176002025036e-02	-7.266333376429588709e-02	6.148739684384707527e-02	-9.666210417442225311e-02	1.258284156258093756e-01	-1.293822585437257866e-01	9.119773155017986410e-02	-8.289763183761858500e-02	9.613133074801508138e-02	-2.808609448039170453e-01	1.979128644200217335e-01	-1.566213011338902505e-01	1.036377431383946335e-01	-8.744599250086852738e-02	1.000000000000000000e+00	-8.656200338961802521e-01	1.701311185448610708e-01	-1.218279116965049064e-01	7.863344331120315778e-02	-1.615649145412307308e-01	1.759465957126132019e-01	-1.170178659794208487e-01	8.945398913385485540e-02	-7.950376079894815040e-02	7.664105304662351126e-02	-1.394659718054687414e-01	1.050188199152790325e-01	-6.548082721746342760e-02	6.349507321615557864e-02	-7.519276553324709400e-02	8.020044222801925304e-02	-6.410965207208671468e-02	7.799150939223778445e-02
5.803394489456581429e-02	-8.086318933116659613e-02	7.302323436312137261e-02	-5.929337225485054041e-02	6.278781081385022278e-02	-6.170073025208589607e-02	8.606606147852574606e-02	-8.903705137319804785e-02	6.885622161328475155e-02	-5.915940630139019524e-02	8.522333237559567842e-02	-1.207469852577077313e-01	1.233131999050320338e-01	-9.028981494399143659e-02	7.929509750868987683e-02	-8.835861930090221916e-02	2.051009823509167551e-01	-2.281903246657014661e-01	1.559241068063097757e-01	-1.037836647064549894e-01	7.485503928530394535e-02	-8.656200338961802521e-01	1.000000000000000000e+00	-2.147151999825503699e-01	1.150969624530206320e-01	-7.300812851469321019e-02	1.479932182403812801e-01	-2.299542257899108710e-01	1.163807925584734865e-01	-9.168697460000764521e-02	7.386943034729151480e-02	-7.334404715639356032e-02	1.342850222626625623e-01	-1.088117950220982011e-01	6.528545586893015618e-02	-6.097763025030594752e-02	7.064675140317298874e-02	-8.064240447404552592e-02	6.319208145454895120e-02	-7.904514790773928268e-02
-7.715030096935489301e-02	1.044705624417715945e-01	-1.039546668323149542e-01	8.923065841602839665e-02	-1.068485798763018080e-01	7.810257977899789927e-02	-1.125461578964437187e-01	1.189857465300958178e-01	-1.101180578108647834e-01	9.973600436480103970e-02	-1.036392696252243367e-01	1.358408279857025169e-01	-1.737291632468387914e-01	1.789045309735840528e-01	-1.693263975487783179e-01	9.509988569588469220e-02	-2.185386202091618435e-01	2.301005494349172009e-01	-7.915027357666758467e-01	2.560483568861763315e-01	-5.559112499167635779e-02	1.701311185448610708e-01	-2.147151999825503699e-01	1.000000000000000222e+00	-3.565200395674222311e-01	5.246253519407677313e-02	-9.804095849985912381e-02	9.645597427582770778e-02	-9.859670578293992793e-02	8.036253261580819651e-02	-5.474067782458034992e-02	5.053879210113351728e-02	-8.480398781763771876e-02	8.413490568797800384e-02	-5.596140712705385822e-02	4.436270586055802989e-02	-5.176904081742120939e-02	5.891774629005337716e-02	-4.896558803355342132e-02	6.317266717972291890e-02
7.142171596845955928e-02	-1.051405374041016055e-01	9.730603316350562582e-02	-9.097407245804800535e-02	1.058642363232961819e-01	-7.567956956161166204e-02	1.008275844269734683e-01	-1.140183134263758613e-01	1.074950731377244395e-01	-1.105594199787922893e-01	8.616727107510392669e-02	-1.260684554797837920e-01	1.422944364628754566e-01	-2.169978701397073384e-01	1.902689689763268077e-01	-8.473226660061003446e-02	1.499643595723855194e-01	-1.770932128190217392e-01	2.575996723900778607e-01	-8.285772610152764006e-01	5.422003898128285176e-02	-1.218279116965049064e-01	1.150969624530206320e-01	-3.565200395674222311e-01	1.000000000000000222e+00	-5.286234340211694999e-02	9.321238064948403346e-02	-8.382069436870259738e-02	8.418738536088798963e-02	-1.043449788998382782e-01	5.527827894779271251e-02	-4.998033434057979479e-02	7.959211176426360390e-02	-8.204993728840254130e-02	6.678125212099554620e-02	-4.548127335055028586e-02	5.251269142279043484e-02	-6.343691243670421254e-02	5.366852166527870394e-02	-7.359357060155841124e-02
-3.282420918982600216e-02	3.907363001377350820e-02	-3.519453275832767902e-02	2.803551560031114845e-02	-2.996216615098012265e-02	3.404100661129081523e-02	-4.108095307112141076e-02	3.895388659129464526e-02	-3.219814095813900573e-02	2.726870876779022637e-02	-9.535777367984138442e-02	5.195165295696264202e-02	-4.865697747457602834e-02	3.852275620778815302e-02	-3.478337402321584476e-02	9.373045227464335549e-02	-7.330901692348941456e-02	6.146283988506938412e-02	-4.573787017628603430e-02	4.771095748601281855e-02	-9.545189380398536594e-01	7.863344331120315778e-02	-7.300812851469321019e-02	5.246253519407677313e-02	-5.286234340211694999e-02	1.000000000000000222e+00	-1.579180109772703455e-01	9.484282078715669528e-02	-7.296599169192294343e-02	8.111425856726900419e-02	-1.132390402157296000e-01	8.683285228616448304e-02	-8.807257703244406044e-02	8.233145373309481985e-02	-5.631525469084594504e-02	8.636890644968492348e-02	-8.251272423740058093e-02	7.699227382740281289e-02	-5.808224396323929950e-02	7.827031665778780289e-02
3.462402092685638866e-02	-4.754649006104161996e-02	4.279351046667671105e-02	-3.589076831722913530e-02	3.891094060561315487e-02	-3.669913791079046361e-02	4.836691207689816641e-02	-4.994852877354906406e-02	4.149206827216219556e-02	-3.686725268975463848e-02	5.567507114578713195e-02	-6.351642710707340600e-02	6.381207961281985808e-02	-5.732563949690249600e-02	5.047312904881096768e-02	-5.583184289191510385e-02	9.080638484894831830e-02	-9.133364001854235581e-02	7.909686423249941145e-02	-8.607779542613651358e-02	1.348698747571469292e-01	-1.615649145412307308e-01	1.479932182403812801e-01	-9.804095849985912381e-02	9.321238064948403346e-02	-1.579180109772703455e-01	1.000000000000001110e+00	-5.324295568647083865e-01	2.580251985466346931e-01	-2.966546159431440732e-01	2.554757631667494699e-01	-4.404621460459275939e-01	3.029453484335749014e-01	-3.129675233056877781e-01	1.955884766512795137e-01	-2.554071170543533165e-01	2.560612681850205630e-01	-2.882547721711494759e-01	1.986461706797247595e-01	-2.841315424316955829e-01
-3.169897498204679587e-02	4.318824892617007666e-02	-3.945978881704369223e-02	3.276559997609847230e-02	-3.575841383234466125e-02	3.332669710891190268e-02	-4.487107482818374071e-02	4.601744018956306637e-02	-3.820330959352537248e-02	3.355297700592719395e-02	-4.997036837666831571e-02	5.882870509633060518e-02	-6.074677814377525686e-02	5.166492177967278721e-02	-4.621949008684587273e-02	4.935126857030925490e-02	-9.088210677813983451e-02	8.885892309807856548e-02	-7.981854775622057585e-02	7.299240738654778904e-02	-9.767526787151625811e-02	1.759465957126132019e-01	-2.299542257899108710e-01	9.645597427582770778e-02	-8.382069436870259738e-02	9.484282078715669528e-02	-5.324295568647083865e-01	1.000000000000001554e+00	-4.391247638410471499e-01	2.244735773223841546e-01	-1.944629958133647918e-01	2.095303626924688578e-01	-5.521213758156536811e-01	3.001772948000483998e-01	-1.663684376888370786e-01	1.555721110508037075e-01	-1.913068624411138341e-01	2.126392952757793220e-01	-1.668435951830928854e-01	1.915514078265222742e-01
2.635882426759621894e-02	-3.605948984659564094e-02	3.310580811508359589e-02	-2.787000880719825782e-02	3.081138981487797912e-02	-2.766804510774816331e-02	3.712447790765339983e-02	-3.840137334228752031e-02	3.261730513203130871e-02	-2.912437119965063936e-02	4.067605677006269627e-02	-4.795243421146055951e-02	5.015898074442114163e-02	-4.621970745181527840e-02	4.140385842288619306e-02	-3.987758342244997894e-02	7.061289176785356947e-02	-7.089331153487829495e-02	7.580794500284203374e-02	-7.255482860997174155e-02	7.524115667381903183e-02	-1.170178659794208487e-01	1.163807925584734865e-01	-9.859670578293992793e-02	8.418738536088798963e-02	-7.296599169192294343e-02	2.580251985466346931e-01	-4.391247638410471499e-01	1.000000000000002442e+00	-4.496933802231392052e-01	1.425847323856828386e-01	-1.449390354760349275e-01	2.982783585650446434e-01	-6.517404842212142224e-01	2.380250054324950792e-01	-1.217014834038066817e-01	1.432172847152096973e-01	-2.021613603710787355e-01	1.762130077731693112e-01	-2.362682354192574274e-01
-2.587788552971837311e-02	3.507336723991952981e-02	-3.238959556410526269e-02	2.739472447137168004e-02	-3.054843129150032130e-02	2.703072877552877701e-02	-3.601843515873746904e-02	3.711955344806703444e-02	-3.213285713045941488e-02	2.887228763581401597e-02	-4.120742220963577451e-02	4.568618536991521373e-02	-4.795249467117694564e-02	4.594118111652743114e-02	-4.146395887766566452e-02	3.972669211265955624e-02	-6.566157276294454226e-02	6.409331352002169135e-02	-6.693020864072940501e-02	8.142519952884590129e-02	-8.972455283042371499e-02	8.945398913385485540e-02	-9.168697460000764521e-02	8.036253261580819651e-02	-1.043449788998382782e-01	8.111425856726900419e-02	-2.966546159431440732e-01	2.244735773223841546e-01	-4.496933802231392052e-01	1.000000000000001998e+00	-1.725948659030933363e-01	1.532382438774306244e-01	-2.656977429424690063e-01	2.756136565844809483e-01	-6.638265273474412975e-01	1.312739908564940494e-01	-1.698524025119076686e-01	2.009599707706096194e-01	-2.328893868834198133e-01	2.882948369766751839e-01
2.026061483769867055e-02	-2.757998022621061321e-02	2.488733113033333652e-02	-2.088334086555648436e-02	2.272593185908405519e-02	-2.141343393488806188e-02	2.803388281042284644e-02	-2.882689770848696764e-02	2.416300262761190629e-02	-2.147656870305158713e-02	3.385857735121664686e-02	-3.641913959559382741e-02	3.660018014164338751e-02	-3.329973138660485832e-02	2.943140916036396382e-02	-3.367243196450035725e-02	5.122596810241852872e-02	-5.070910002929851501e-02	4.470059447364678473e-02	-5.063244292375595340e-02	9.951359729586052583e-02	-7.950376079894815040e-02	7.386943034729151480e-02	-5.474067782458034992e-02	5.527827894779271251e-02	-1.132390402157296000e-01	2.554757631667494699e-01	-1.944629958133647918e-01	1.425847323856828386e-01	-1.725948659030933363e-01	1.000000000000001776e+00	-5.679134262106688702e-01	1.926371449264058233e-01	-1.807818780279492055e-01	1.205767949723406118e-01	-6.568974004189652716e-01	3.290988859687030699e-01	-2.000628789836917387e-01	1.376226474728708404e-01	-1.774347764316536458e-01
-1.827148983087408668e-02	2.486515163364903802e-02	-2.250813661271494626e-02	1.885211541935977175e-02	-2.054508200784718047e-02	1.928266707499696683e-02	-2.538792676932936573e-02	2.608823612041138648e-02	-2.185456086032278727e-02	1.938263167923479080e-02	-3.018629996564937620e-02	3.300830762320870748e-02	-3.336902084094785920e-02	3.001098737355597720e-02	-2.661456077452727803e-02	2.993039494949355922e-02	-4.727591990682217249e-02	4.665423407346355050e-02	-4.140138948580651679e-02	4.512657160112246157e-02	-8.259248513780202694e-02	7.664105304662351126e-02	-7.334404715639356032e-02	5.053879210113351728e-02	-4.998033434057979479e-02	8.683285228616448304e-02	-4.404621460459275939e-01	2.095303626924688578e-01	-1.449390354760349275e-01	1.532382438774306244e-01	-5.679134262106688702e-01	1.000000000000002220e+00	-2.515675631854696337e-01	1.745233058510573809e-01	-1.119833206403940129e-01	3.187247140417672764e-01	-5.675019634364045773e-01	1.948075210180916228e-01	-1.373028706709719937e-01	1.569634368877330377e-01
2.822929108715897459e-02	-3.869376551289559207e-02	3.513753412371923429e-02	-2.942881040599941780e-02	3.212244120947604226e-02	-2.978751944448175884e-02	3.968891686973056304e-02	-4.094579193855340388e-02	3.420250135418806403e-02	-3.033945923280535056e-02	4.428914496907255388e-02	-5.190869593340027843e-02	5.299459630928983478e-02	-4.724412076492617851e-02	4.196604811721020567e-02	-4.394989322657889136e-02	7.622849716960769517e-02	-7.623627002370474137e-02	6.868930014628109315e-02	-7.073654388217370803e-02	8.770041171146535086e-02	-1.394659718054687414e-01	1.342850222626625623e-01	-8.480398781763771876e-02	7.959211176426360390e-02	-8.807257703244406044e-02	3.029453484335749014e-01	-5.521213758156536811e-01	2.982783585650446434e-01	-2.656977429424690063e-01	1.926371449264058233e-01	-2.515675631854696337e-01	1.000000000000001776e+00	-5.057553225999167346e-01	1.985465279968063324e-01	-1.775455670992934776e-01	2.027986250534302981e-01	-3.892525554144388167e-01	2.293225042317237061e-01	-2.661007922042669671e-01
-2.644675268236778426e-02	3.582523235717183924e-02	-3.300259122825720953e-02	2.768046762631572177e-02	-3.066399237693488711e-02	2.766036330660466211e-02	-3.699588170997446940e-02	3.798086655053252436e-02	-3.242551295941775713e-02	2.878628156793028303e-02	-4.208067304700423977e-02	4.736014532131568866e-02	-4.947182302702411022e-02	4.495500935269975545e-02	-4.059586295502341791e-02	4.084028598632429008e-02	-6.980949604541167308e-02	6.795928821652912066e-02	-7.006155996040742961e-02	6.884778552247579342e-02	-8.813425247030057252e-02	1.050188199152790325e-01	-1.088117950220982011e-01	8.413490568797800384e-02	-8.204993728840254130e-02	8.233145373309481985e-02	-3.129675233056877781e-01	3.001772948000483998e-01	-6.517404842212142224e-01	2.756136565844809483e-01	-1.807818780279492055e-01	1.745233058510573809e-01	-5.057553225999167346e-01	1.000000000000001776e+00	-2.732189732665373794e-01	1.420712911982532078e-01	-1.791596572018276934e-01	2.250593195155219939e-01	-2.289777689339933531e-01	2.263259652344817852e-01
1.811248336339729703e-02	-2.465890970972555232e-02	2.265984912783566493e-02	-1.917141715662929596e-02	2.128179469770883833e-02	-1.897863383050634595e-02	2.524165339958896886e-02	-2.606995798976928860e-02	2.242707449705767103e-02	-2.016198489072688199e-02	2.864599219589562817e-02	-3.221710636668275590e-02	3.357783403475708001e-02	-3.209938190605723940e-02	2.879049785843739231e-02	-2.782547224328927454e-02	4.608043603989968318e-02	-4.542948596149156554e-02	4.596198158815716778e-02	-5.629550860079839125e-02	6.074708255849042143e-02	-6.548082721746342760e-02	6.528545586893015618e-02	-5.596140712705385822e-02	6.678125212099554620e-02	-5.631525469084594504e-02	1.955884766512795137e-01	-1.663684376888370786e-01	2.380250054324950792e-01	-6.638265273474412975e-01	1.205767949723406118e-01	-1.119833206403940129e-01	1.985465279968063324e-01	-2.732189732665373794e-01	1.000000000000002220e+00	-1.004418965915273437e-01	1.252018000372866202e-01	-2.144422350677649969e-01	2.263433610455347911e-01	-5.789286151890344900e-01
-1.664850169334614050e-02	2.248903826717629437e-02	-2.041250634237953138e-02	1.707909275762882831e-02	-1.866310803440487595e-02	1.752343924494232513e-02	-2.299168023783609155e-02	2.352767136079081389e-02	-1.982007418264850745e-02	1.755128471750078828e-02	-2.829484168933150620e-02	2.967546658537264723e-02	-3.001815284322431956e-02	2.704271916087246097e-02	-2.408536327812181924e-02	2.785184065905950759e-02	-4.225536518167369998e-02	4.114465307625008589e-02	-3.668201400206188428e-02	4.060000431152060302e-02	-8.678447436734793019e-02	6.349507321615557864e-02	-6.097763025030594752e-02	4.436270586055802989e-02	-4.548127335055028586e-02	8.636890644968492348e-02	-2.554071170543533165e-01	1.555721110508037075e-01	-1.217014834038066817e-01	1.312739908564940494e-01	-6.568974004189652716e-01	3.187247140417672764e-01	-1.775455670992934776e-01	1.420712911982532078e-01	-1.004418965915273437e-01	1.000000000000001998e+00	-6.249597949498405525e-01	1.783631541461560555e-01	-1.331377280696455223e-01	1.384888160786256761e-01
1.868437097333852659e-02	-2.548867509407093390e-02	2.306638634514252689e-02	-1.936995001804775463e-02	2.113398602998257936e-02	-1.972736002381588610e-02	2.595590972436104954e-02	-2.672607733653967546e-02	2.245301953977131906e-02	-1.997184261442708567e-02	3.051367663994074969e-02	-3.369137041016163209e-02	3.407712832069393488e-02	-3.105061153124142118e-02	2.750779041265938654e-02	-3.025377474225261418e-02	4.777476344297538341e-02	-4.735955262045261210e-02	4.231446151018540547e-02	-4.755354550629078275e-02	7.825164522880100060e-02	-7.519276553324709400e-02	7.064675140317298874e-02	-5.176904081742120939e-02	5.251269142279043484e-02	-8.251272423740058093e-02	2.560612681850205630e-01	-1.913068624411138341e-01	1.432172847152096973e-01	-1.698524025119076686e-01	3.290988859687030699e-01	-5.675019634364045773e-01	2.027986250534302981e-01	-1.791596572018276934e-01	1.252018000372866202e-01	-6.249597949498405525e-01	1.000000000000002220e+00	-2.893382336388269915e-01	1.682229290364081198e-01	-1.867071693155179790e-01
-2.104021381121427142e-02	2.842761690260297430e-02	-2.605307956845456796e-02	2.183178105902134833e-02	-2.407310733998482832e-02	2.204357546456162456e-02	-2.923139816385211115e-02	2.993410304938329269e-02	-2.548023167490717777e-02	2.259426303305949596e-02	-3.442363779518944206e-02	3.744118486599617990e-02	-3.856418412364426285e-02	3.498798361450537742e-02	-3.146010915767553234e-02	3.346567608351157241e-02	-5.423948978130499476e-02	5.249732514285591900e-02	-4.926047582057403035e-02	5.385190506587061304e-02	-8.278070841546314451e-02	8.020044222801925304e-02	-8.064240447404552592e-02	5.891774629005337716e-02	-6.343691243670421254e-02	7.699227382740281289e-02	-2.882547721711494759e-01	2.126392952757793220e-01	-2.021613603710787355e-01	2.009599707706096194e-01	-2.000628789836917387e-01	1.948075210180916228e-01	-3.892525554144388167e-01	2.250593195155219939e-01	-2.144422350677649969e-01	1.783631541461560555e-01	-2.893382336388269915e-01	1.000000000000002220e+00	-7.013624319623066317e-01	2.805452828172714796e-01
1.692207519411315086e-02	-2.298291031451379224e-02	2.102999681985322916e-02	-1.769050765212764123e-02	1.951192365947802473e-02	-1.775866096068910022e-02	2.354675833048519573e-02	-2.421674090662458839e-02	2.063569835806741345e-02	-1.839548980112702681e-02	2.722354157055785831e-02	-3.020370259122747564e-02	3.113095819249190460e-02	-2.877958320936033904e-02	2.577669971806266155e-02	-2.656257642081889803e-02	4.336441208520443874e-02	-4.247861801050738934e-02	4.049780478403650769e-02	-4.614925215190413682e-02	6.129169610372800503e-02	-6.410965207208671468e-02	6.319208145454895120e-02	-4.896558803355342132e-02	5.366852166527870394e-02	-5.808224396323929950e-02	1.986461706797247595e-01	-1.668435951830928854e-01	1.762130077731693112e-01	-2.328893868834198133e-01	1.376226474728708404e-01	-1.373028706709719937e-01	2.293225042317237061e-01	-2.289777689339933531e-01	2.263433610455347911e-01	-1.331377280696455223e-01	1.682229290364081198e-01	-7.013624319623066317e-01	1.000000000000001998e+00	-5.372734803790827351e-01
