1.000000000000000000e+00	-5.114746355776510489e-01	1.889972063021743143e-01	-8.609245571096064975e-02	1.339434917450368356e-01	-6.739952513683178381e-01	2.632418970254756241e-01	-2.277272786317766917e-01	1.079509930057392791e-01	-1.283683481459715059e-01	3.037118285754258351e-01	-2.311992994532754420e-01	1.760805003345397579e-01	-7.732292312271181467e-02	7.932633461155118304e-02	-1.833628793834408410e-01	1.732933016516292057e-01	-1.859285947596986399e-01	5.193447256551446400e-02	-4.886644351195865849e-02	1.605420291547829392e-01	-1.410424416189407226e-01	1.278198742194379400e-01	-7.757194776671837155e-02	6.523946044493177110e-02	-1.379221140420213987e-01	1.104901106683486706e-01	-1.698419472786252549e-01	7.975210325575572690e-02	-5.983081276925013292e-02	8.087981984894102028e-02	-7.816547432836236375e-02	1.019803889844576317e-01	-5.798970170588736012e-02	4.489298091699085724e-02	-9.127438749119631822e-02	8.040643672296475530e-02	-1.518720377523979925e-01	5.271261710330604061e-02	-6.334686901496214273e-02
-5.114746355776510489e-01	9.999999999999996669e-01	-3.993376470500899500e-01	1.708987750744231648e-01	-2.744078628996430846e-01	2.796120828540344383e-01	-4.440754196058173675e-01	2.681722405411001153e-01	-1.468640581137162504e-01	1.601994190415469144e-01	-3.603397922325393687e-01	2.504873568575425313e-01	-2.261198144856127190e-01	1.001271967052047712e-01	-1.083315077761015932e-01	1.893435651700745570e-01	-2.186820132190579469e-01	2.034425747371372550e-01	-6.447537052333554564e-02	5.980600588347725205e-02	-1.988481445919705881e-01	1.564951769668751214e-01	-1.511860657072422731e-01	9.046491725703004194e-02	-7.901202523476287543e-02	1.477959500393897785e-01	-1.243958691204504613e-01	1.784209355726014412e-01	-9.526477830421992143e-02	7.013307072209495896e-02	-9.126012891760515444e-02	8.659808480138672659e-02	-1.117278985649513140e-01	6.443200640550780789e-02	-5.229517717954668132e-02	9.931737438664253736e-02	-9.118520251178674485e-02	1.598423218218158470e-01	-5.908304007834584010e-02	7.277739961988388684e-02
1.889972063021743143e-01	-3.993376470500899500e-01	1.000000000000000000e+00	-5.444725195605951695e-01	3.191453828478316712e-01	-1.506478626482224414e-01	2.196287305212618612e-01	-3.147835805946500032e-01	1.598711990441076536e-01	-2.085628516129846288e-01	1.939812813679378245e-01	-1.974124829374699630e-01	1.866146235121392827e-01	-1.025917464017830072e-01	1.035180582308659752e-01	-1.581228143273490649e-01	1.765160320490523072e-01	-2.062379194755106504e-01	7.041184421999610588e-02	-6.706868665866454193e-02	1.684848131493812406e-01	-1.653132226602536670e-01	1.508386205637833322e-01	-1.051021471604450530e-01	9.108996423395669673e-02	-1.788065947342169781e-01	1.454372456355917664e-01	-2.521084157191869624e-01	1.091023585457168849e-01	-8.709097878875728116e-02	1.094245473195737811e-01	-1.072964472595461516e-01	1.518908895594578146e-01	-8.995607107210817910e-02	6.687330225060282574e-02	-1.296003676846038954e-01	1.108052554598589201e-01	-2.425316953780596030e-01	8.085989053116487968e-02	-9.644719067542070756e-02
-8.609245571096064975e-02	1.708987750744231648e-01	-5.444725195605951695e-01	9.999999999999997780e-01	-7.728942149100826997e-01	6.822598245471918343e-02	-1.017790700768832213e-01	1.361986920967613035e-01	-9.638069485876799014e-02	1.151486464274895510e-01	-8.874972181867706034e-02	8.938382422911247960e-02	-8.646936640997547607e-02	5.130262317899003666e-02	-5.238430649707173647e-02	7.122026449949415972e-02	-8.026430328000683234e-02	9.252278371610798968e-02	-3.278055627164703362e-02	3.111432553154907035e-02	-7.613434934932349074e-02	7.401953057512936085e-02	-6.792732460333747446e-02	4.739267469569666963e-02	-4.127584321394846961e-02	7.944933777666475516e-02	-6.478686911634037870e-02	1.114609451197440815e-01	-4.918419805669236450e-02	3.920125840773831111e-02	-4.869244326070743673e-02	4.767901170675195588e-02	-6.730555901510310024e-02	3.998120732338409505e-02	-2.997825619248536966e-02	5.746199077983724784e-02	-4.929475706429518184e-02	1.070018373684386848e-01	-3.596592918604741423e-02	4.314902620596084565e-02
1.339434917450368356e-01	-2.744078628996430846e-01	3.191453828478316712e-01	-7.728942149100826997e-01	1.000000000000000000e+00	-1.067976017013201051e-01	1.533275850383793992e-01	-2.033476686076705620e-01	1.322446068054480284e-01	-1.804492337953265968e-01	1.385611890061955176e-01	-1.394729694095628858e-01	1.312994004732429554e-01	-7.807063601796651597e-02	7.915883681835418628e-02	-1.141424625848124347e-01	1.272137149685271806e-01	-1.482040030949751674e-01	5.221904400693778286e-02	-4.972740395899297866e-02	1.220931574884922544e-01	-1.200819267930166023e-01	1.093905782534719678e-01	-7.707599915793354739e-02	6.699917383816135497e-02	-1.306257597145190075e-01	1.062380187952013527e-01	-1.848391730852854409e-01	8.001755980845833005e-02	-6.407454783508245710e-02	8.002741659111708983e-02	-7.850262831957531551e-02	1.113911193941717753e-01	-6.613240625957433894e-02	4.918761852064729156e-02	-9.493334098771726015e-02	8.108133549088082648e-02	-1.782111400524702127e-01	5.942643044244637351e-02	-7.097467826416278824e-02
-6.739952513683178381e-01	2.796120828540344383e-01	-1.506478626482224414e-01	6.822598245471918343e-02	-1.067976017013201051e-01	1.000000000000000444e+00	-3.272528502645088433e-01	1.933411375941253563e-01	-8.948544384331495738e-02	1.018487318856149820e-01	-5.590481834798631811e-01	2.144676081565583536e-01	-1.622996221717617760e-01	6.313910594249969033e-02	-6.537322153005833969e-02	1.711672338425885009e-01	-1.599495026013070254e-01	1.521487254394746635e-01	-4.089734100399147060e-02	3.820094967922239154e-02	-1.487377330271264231e-01	1.141790940051191361e-01	-1.056459190112246233e-01	6.012612539515375942e-02	-5.040859230076150110e-02	1.072365965706041091e-01	-8.690360542098764240e-02	1.252090441889193717e-01	-6.191615708626871384e-02	4.541131349843588461e-02	-6.270880667172630540e-02	5.996379541387277662e-02	-7.606988083983395876e-02	4.278129931657036894e-02	-3.378971574325242977e-02	6.871790285965152789e-02	-6.188491042304344186e-02	1.098121365458098742e-01	-3.907138164368240130e-02	4.729471968911584667e-02
2.632418970254756241e-01	-4.440754196058173675e-01	2.196287305212618612e-01	-1.017790700768832213e-01	1.533275850383793992e-01	-3.272528502645088433e-01	1.000000000000001110e+00	-5.428167943931985207e-01	1.726307618129456489e-01	-1.973163818091037414e-01	2.749407885183995370e-01	-4.880179415037494972e-01	2.881014909306331417e-01	-1.067210204117485933e-01	1.071256819890178263e-01	-1.677466446587394522e-01	1.946547419720835170e-01	-2.169175465778402090e-01	5.845586741635487582e-02	-5.454888829167125336e-02	1.602709130302182039e-01	-1.428748427200685900e-01	1.374398921650449579e-01	-7.958715193963061818e-02	6.753512682297514724e-02	-1.278080050968756209e-01	1.056329141218651652e-01	-1.561019911091793555e-01	8.143592761591667006e-02	-6.035062564056917905e-02	7.642154316915110435e-02	-7.343608846351867836e-02	9.515199743067531690e-02	-5.500700228462715446e-02	4.443868286157674069e-02	-8.440420871501919109e-02	7.608295721161539849e-02	-1.377697712534338426e-01	5.018772804189602921e-02	-6.217297932520531728e-02
-2.277272786317766917e-01	2.681722405411001153e-01	-3.147835805946500032e-01	1.361986920967613035e-01	-2.033476686076705620e-01	1.933411375941253563e-01	-5.428167943931985207e-01	1.000000000000000444e+00	-3.430796100103502555e-01	2.457896077820991010e-01	-2.539348005882373638e-01	2.991377867217657749e-01	-4.708416043782097660e-01	1.391527238121220977e-01	-1.466901788512195992e-01	1.607346405492297847e-01	-2.120477157959982928e-01	2.251462995333446127e-01	-6.834896949285260148e-02	6.277462550419181386e-02	-1.689399993558781954e-01	1.455676500341066826e-01	-1.504856321661278418e-01	8.511980691967002688e-02	-7.393510835357991473e-02	1.267738729113312146e-01	-1.076293122816407016e-01	1.540063048617258401e-01	-8.783832728500848286e-02	6.448861467621663790e-02	-7.758713333234126819e-02	7.402134122913484049e-02	-9.582714235206023223e-02	5.625283105794205707e-02	-4.698277451475559724e-02	8.421069035422876214e-02	-7.744574301198120514e-02	1.357279741678938390e-01	-5.151864593730295927e-02	6.519118224087136482e-02
1.079509930057392791e-01	-1.468640581137162504e-01	1.598711990441076536e-01	-9.638069485876799014e-02	1.322446068054480284e-01	-8.948544384331495738e-02	1.726307618129456489e-01	-3.430796100103502555e-01	1.000000000000000888e+00	-8.510253783265487870e-01	1.186673572276199240e-01	-1.365479499055186619e-01	1.572729534453992384e-01	-2.261118710651065233e-01	1.838754469497892452e-01	-8.265357321266980639e-02	1.037690205166748453e-01	-1.163285073219422761e-01	6.326278081045545731e-02	-5.849430381211079277e-02	8.755456911847464552e-02	-7.970518555251397685e-02	7.894958411732727610e-02	-5.741615375412696676e-02	5.281024088649301923e-02	-7.182924023318196238e-02	6.059254930808589956e-02	-9.118825193234153526e-02	5.754573703712820981e-02	-4.560216247741819690e-02	4.412107636081630951e-02	-4.241052318166094182e-02	5.652845119386359918e-02	-3.616206447774338723e-02	3.203161567099084561e-02	-4.882622063976218424e-02	4.429764012749329988e-02	-8.201404559189454102e-02	3.288865360761565604e-02	-4.473999779153127465e-02
-1.283683481459715059e-01	1.601994190415469144e-01	-2.085628516129846288e-01	1.151486464274895510e-01	-1.804492337953265968e-01	1.018487318856149820e-01	-1.973163818091037414e-01	2.457896077820991010e-01	-8.510253783265487870e-01	1.000000000000000888e+00	-1.401195390069320812e-01	1.434745880804864371e-01	-1.707643101237746042e-01	1.844243696794721776e-01	-2.166355064977832645e-01	9.434829319822266025e-02	-1.202696452647268044e-01	1.249776584152262338e-01	-6.900392293601223526e-02	6.274747663192044300e-02	-1.022273476988971308e-01	8.944968026286254092e-02	-8.961850430972742587e-02	6.407758115953479661e-02	-5.982779100496695562e-02	8.116320023644289783e-02	-6.895604115362666264e-02	1.019585873837292184e-01	-6.547549839403866978e-02	5.102731912357911376e-02	-5.033177798831502819e-02	4.814552374371464105e-02	-6.385240324754222485e-02	4.062813824679750718e-02	-3.609583267645507382e-02	5.526338963769530932e-02	-5.056687832869558030e-02	9.176169162330571893e-02	-3.707398731099482980e-02	5.010727785109680976e-02
3.037118285754258351e-01	-3.603397922325393687e-01	1.939812813679378245e-01	-8.874972181867706034e-02	1.385611890061955176e-01	-5.590481834798631811e-01	2.749407885183995370e-01	-2.539348005882373638e-01	1.186673572276199240e-01	-1.401195390069320812e-01	1.000000000000001110e+00	-3.763595411664644730e-01	2.292381596703929048e-01	-8.958124713985859966e-02	9.118269630121166036e-02	-3.710620639451894798e-01	2.439090995790693384e-01	-2.450616722547371840e-01	6.083981155727325590e-02	-5.711778805180604129e-02	2.298920173133750244e-01	-1.845115568163289699e-01	1.632663489197717643e-01	-9.286216462627717994e-02	7.645351495097864325e-02	-1.759870692903733325e-01	1.376650903416122007e-01	-2.017351325986559418e-01	9.470771976630604216e-02	-6.962501781080748797e-02	9.904375018341543546e-02	-9.538113742412555884e-02	1.202653466549232913e-01	-6.692147577638687950e-02	5.194396291951959566e-02	-1.097482023366065373e-01	9.728966729427782067e-02	-1.754216952997573187e-01	6.097381720626734308e-02	-7.296564171264258158e-02
-2.311992994532754420e-01	2.504873568575425313e-01	-1.974124829374699630e-01	8.938382422911247960e-02	-1.394729694095628858e-01	2.144676081565583536e-01	-4.880179415037494972e-01	2.991377867217657749e-01	-1.365479499055186619e-01	1.434745880804864371e-01	-3.763595411664644730e-01	1.000000000000000222e+00	-6.219429988189173475e-01	1.110597383151692985e-01	-1.160331346202627956e-01	1.895551600782748036e-01	-2.700419046615590846e-01	2.544578637960898670e-01	-6.017741229413572229e-02	5.528088712241086694e-02	-1.811943138409728704e-01	1.541069077762085848e-01	-1.595291639767851544e-01	8.130106883118662364e-02	-6.811707766077414183e-02	1.273947227398749826e-01	-1.073319159151875785e-01	1.482394507955030194e-01	-8.327065670566949351e-02	5.934135298344556803e-02	-7.608771412716988647e-02	7.250917922149494044e-02	-9.143338225846002476e-02	5.212525777948008587e-02	-4.318474927929688567e-02	8.148812545006822727e-02	-7.532035056126110129e-02	1.269992389622197071e-01	-4.784262030772816476e-02	5.970746427042725180e-02
1.760805003345397579e-01	-2.261198144856127190e-01	1.866146235121392827e-01	-8.646936640997547607e-02	1.312994004732429554e-01	-1.622996221717617760e-01	2.881014909306331417e-01	-4.708416043782097660e-01	1.572729534453992384e-01	-1.707643101237746042e-01	2.292381596703929048e-01	-6.219429988189173475e-01	9.999999999999998890e-01	-1.514594979594858226e-01	1.343367577796368006e-01	-1.713332072125905159e-01	2.349036133115795233e-01	-4.272011665652115653e-01	6.635293025798426336e-02	-6.125154222568861273e-02	1.660647528850199006e-01	-1.675847964404049706e-01	1.742815371408847069e-01	-8.690955433068953129e-02	7.114399878386266918e-02	-1.271835499884766130e-01	1.075811935203487973e-01	-1.535075905025114207e-01	8.648696528942838302e-02	-6.209765234968109282e-02	7.552991003521269953e-02	-7.275145871669545794e-02	9.292796025595451148e-02	-5.361000836239419864e-02	4.469210939016529660e-02	-8.173620954945831629e-02	7.498198752630846897e-02	-1.299248667551907155e-01	4.905260721330263751e-02	-6.195463125587068881e-02
-7.732292312271181467e-02	1.001271967052047712e-01	-1.025917464017830072e-01	5.130262317899003666e-02	-7.807063601796651597e-02	6.313910594249969033e-02	-1.067210204117485933e-01	1.391527238121220977e-01	-2.261118710651065233e-01	1.844243696794721776e-01	-8.958124713985859966e-02	1.110597383151692985e-01	-1.514594979594858226e-01	1.000000000000001332e+00	-9.022203511646856855e-01	6.671884307835790340e-02	-8.596708405181248402e-02	1.007580096946065484e-01	-1.928295366841447644e-01	1.549702723706586904e-01	-7.219767237077485966e-02	7.080952906225862487e-02	-7.256999965230212513e-02	8.820982962851964260e-02	-9.067986888887474839e-02	5.953872209272034755e-02	-5.148115013587181016e-02	7.736084503753043462e-02	-8.233181929564734047e-02	7.183823741813201436e-02	-3.697819338034739889e-02	3.566717516204830074e-02	-4.910647642614466429e-02	4.138026706086140455e-02	-4.535574123888934384e-02	4.037127812714103731e-02	-3.734882734994770387e-02	6.897197409880977126e-02	-3.739903934647060418e-02	6.252396280846959919e-02
7.932633461155118304e-02	-1.083315077761015932e-01	1.035180582308659752e-01	-5.238430649707173647e-02	7.915883681835418628e-02	-6.537322153005833969e-02	1.071256819890178263e-01	-1.466901788512195992e-01	1.838754469497892452e-01	-2.166355064977832645e-01	9.118269630121166036e-02	-1.160331346202627956e-01	1.343367577796368006e-01	-9.022203511646856855e-01	1.000000000000001776e+00	-7.008313564525366079e-02	8.802115267827402556e-02	-1.067787126221891453e-01	1.652789986127753130e-01	-1.846856244225174026e-01	7.524530911521312704e-02	-7.578672050889603828e-02	7.578802648872919046e-02	-9.439765124333718282e-02	9.579472396424237868e-02	-6.444805875201260748e-02	5.532855946758740567e-02	-8.490942586438073036e-02	8.551165089893421334e-02	-8.035592888498720165e-02	3.986223727884707912e-02	-3.859996735348954905e-02	5.353800559846214058e-02	-4.581912858307407577e-02	5.011396912425786915e-02	-4.393428332269319614e-02	4.028955094751016097e-02	-7.626904333817111081e-02	4.109586323733985247e-02	-7.065597112941808533e-02
-1.833628793834408410e-01	1.893435651700745570e-01	-1.581228143273490649e-01	7.122026449949415972e-02	-1.141424625848124347e-01	1.711672338425885009e-01	-1.677466446587394522e-01	1.607346405492297847e-01	-8.265357321266980639e-02	9.434829319822266025e-02	-3.710620639451894798e-01	1.895551600782748036e-01	-1.713332072125905159e-01	6.671884307835790340e-02	-7.008313564525366079e-02	1.000000000000001998e+00	-5.439725969978015385e-01	2.514154420936663969e-01	-5.344010486251256353e-02	4.931480361348988123e-02	-6.140921232789341433e-01	2.246293972588015442e-01	-1.958096716333582732e-01	8.777872444571716004e-02	-6.967848299294095160e-02	2.012630675735007924e-01	-1.597873544922542854e-01	1.772406617843456655e-01	-9.020980541878201309e-02	6.088882739530755706e-02	-1.078214274158578456e-01	9.917489190865931559e-02	-1.094535925539498744e-01	5.593128547646568360e-02	-4.479080625659460912e-02	1.059414358913690901e-01	-1.009993661538548804e-01	1.422543298339568885e-01	-5.178464361504654667e-02	6.142589191750348621e-02
1.732933016516292057e-01	-2.186820132190579469e-01	1.765160320490523072e-01	-8.026430328000683234e-02	1.272137149685271806e-01	-1.599495026013070254e-01	1.946547419720835170e-01	-2.120477157959982928e-01	1.037690205166748453e-01	-1.202696452647268044e-01	2.439090995790693384e-01	-2.700419046615590846e-01	2.349036133115795233e-01	-8.596708405181248402e-02	8.802115267827402556e-02	-5.439725969978015385e-01	1.000000000000004219e+00	-5.538249250770159726e-01	6.740937373410023359e-02	-6.263762327839680899e-02	2.918632977505643544e-01	-3.161221410508857077e-01	2.506086756917580427e-01	-1.117700633885125167e-01	8.578378972975049532e-02	-2.074467435918845304e-01	1.653021505396292112e-01	-2.161781276374346306e-01	1.104480705931240453e-01	-7.567239259205800483e-02	1.123067915301464020e-01	-1.084644355834843837e-01	1.279997181804592155e-01	-6.856126283198844817e-02	5.510589418547017643e-02	-1.193523273071558921e-01	1.088808570177970531e-01	-1.736568444785521748e-01	6.298333065379996265e-02	-7.609097028403155605e-02
-1.859285947596986399e-01	2.034425747371372550e-01	-2.062379194755106504e-01	9.252278371610798968e-02	-1.482040030949751674e-01	1.521487254394746635e-01	-2.169175465778402090e-01	2.251462995333446127e-01	-1.163285073219422761e-01	1.249776584152262338e-01	-2.450616722547371840e-01	2.544578637960898670e-01	-4.272011665652115653e-01	1.007580096946065484e-01	-1.067787126221891453e-01	2.514154420936663969e-01	-5.538249250770159726e-01	1.000000000000000222e+00	-7.949065159253614066e-02	7.107115659927414064e-02	-2.722190704650104265e-01	2.753514949907864273e-01	-4.428952627587777746e-01	1.271383540547513236e-01	-9.704112565312834893e-02	1.724178323083346842e-01	-1.564545683932900555e-01	1.958119695134667992e-01	-1.276490953832847830e-01	8.064509829838127641e-02	-1.040667414003480229e-01	9.904038081560506690e-02	-1.222544485472719655e-01	6.665043914891904953e-02	-5.732439222553142172e-02	1.059476179955990000e-01	-1.027740708372592709e-01	1.542174180492784652e-01	-6.184468042471072402e-02	7.733603834502367214e-02
5.193447256551446400e-02	-6.447537052333554564e-02	7.041184421999610588e-02	-3.278055627164703362e-02	5.221904400693778286e-02	-4.089734100399147060e-02	5.845586741635487582e-02	-6.834896949285260148e-02	6.326278081045545731e-02	-6.900392293601223526e-02	6.083981155727325590e-02	-6.017741229413572229e-02	6.635293025798426336e-02	-1.928295366841447644e-01	1.652789986127753130e-01	-5.344010486251256353e-02	6.740937373410023359e-02	-7.949065159253614066e-02	1.000000000000001110e+00	-8.610209955025008854e-01	6.317014943580896713e-02	-7.693468545917842016e-02	8.361125692658460951e-02	-2.839725036246712464e-01	2.380857346561604804e-01	-5.590578297349786674e-02	5.151713454697017663e-02	-8.062178367115359345e-02	1.875683480355934685e-01	-1.917789063521147253e-01	3.591088694856742897e-02	-3.516050417527422783e-02	5.396709331503733720e-02	-7.635247169004832912e-02	1.032540891874480088e-01	-3.830379587639041322e-02	3.699411215586140972e-02	-7.153565902152267397e-02	6.714751448838646164e-02	-1.443604875736014537e-01
-4.886644351195865849e-02	5.980600588347725205e-02	-6.706868665866454193e-02	3.111432553154907035e-02	-4.972740395899297866e-02	3.820094967922239154e-02	-5.454888829167125336e-02	6.277462550419181386e-02	-5.849430381211079277e-02	6.274747663192044300e-02	-5.711778805180604129e-02	5.528088712241086694e-02	-6.125154222568861273e-02	1.549702723706586904e-01	-1.846856244225174026e-01	4.931480361348988123e-02	-6.263762327839680899e-02	7.107115659927414064e-02	-8.610209955025008854e-01	9.999999999999995559e-01	-5.878217353942061935e-02	6.857012338369797289e-02	-7.585212504330308969e-02	2.110735512065999298e-01	-3.368537459752638519e-01	5.123348830978422669e-02	-4.754147842909035165e-02	7.370847232756243261e-02	-1.914628110545488482e-01	1.759946733194635848e-01	-3.320266510284328176e-02	3.239429868946436947e-02	-4.994845291593809355e-02	6.954770996488070234e-02	-9.836455656627872413e-02	3.522234966158222652e-02	-3.426327433639930753e-02	6.526412445019807995e-02	-6.265896331674905562e-02	1.260602525067553992e-01
1.605420291547829392e-01	-1.988481445919705881e-01	1.684848131493812406e-01	-7.613434934932349074e-02	1.220931574884922544e-01	-1.487377330271264231e-01	1.602709130302182039e-01	-1.689399993558781954e-01	8.755456911847464552e-02	-1.022273476988971308e-01	2.298920173133750244e-01	-1.811943138409728704e-01	1.660647528850199006e-01	-7.219767237077485966e-02	7.524530911521312704e-02	-6.140921232789341433e-01	2.918632977505643544e-01	-2.722190704650104265e-01	6.317014943580896713e-02	-5.878217353942061935e-02	1.000000000000000888e+00	-3.786873396023082705e-01	2.363221777568426107e-01	-1.103035866549999522e-01	8.489508410895388324e-02	-3.966559998482014904e-01	2.301593187995092105e-01	-2.538637497681281441e-01	1.113727029113577155e-01	-7.562946004423305724e-02	1.534698343115180885e-01	-1.443118623538657552e-01	1.477206772644281962e-01	-7.264601659163118230e-02	5.603319439529359097e-02	-1.539056088483929940e-01	1.391962112752941627e-01	-1.948337609168590001e-01	6.707138718110761122e-02	-7.721128118747273839e-02
-1.410424416189407226e-01	1.564951769668751214e-01	-1.653132226602536670e-01	7.401953057512936085e-02	-1.200819267930166023e-01	1.141790940051191361e-01	-1.428748427200685900e-01	1.455676500341066826e-01	-7.970518555251397685e-02	8.944968026286254092e-02	-1.845115568163289699e-01	1.541069077762085848e-01	-1.675847964404049706e-01	7.080952906225862487e-02	-7.578672050889603828e-02	2.246293972588015442e-01	-3.161221410508857077e-01	2.753514949907864273e-01	-7.693468545917842016e-02	6.857012338369797289e-02	-3.786873396023082705e-01	1.000000000000000888e+00	-7.193243586724060723e-01	1.512926151806973651e-01	-1.070538934957130789e-01	2.186265651915970942e-01	-2.643987248843623350e-01	2.255107385802875564e-01	-1.522209455870671690e-01	8.603854025728317756e-02	-1.295543450299007915e-01	1.282782628949091508e-01	-1.390803417485796112e-01	6.939857172102061045e-02	-6.024409202115933032e-02	1.226397165627425290e-01	-1.273397252120317125e-01	1.583548069381201795e-01	-6.506913375215102324e-02	7.961201981985724374e-02
1.278198742194379400e-01	-1.511860657072422731e-01	1.508386205637833322e-01	-6.792732460333747446e-02	1.093905782534719678e-01	-1.056459190112246233e-01	1.374398921650449579e-01	-1.504856321661278418e-01	7.894958411732727610e-02	-8.961850430972742587e-02	1.632663489197717643e-01	-1.595291639767851544e-01	1.742815371408847069e-01	-7.256999965230212513e-02	7.578802648872919046e-02	-1.958096716333582732e-01	2.506086756917580427e-01	-4.428952627587777746e-01	8.361125692658460951e-02	-7.585212504330308969e-02	2.363221777568426107e-01	-7.193243586724060723e-01	1.000000000000001332e+00	-2.128624085835234547e-01	1.144424274179114132e-01	-1.920732217525153163e-01	1.882916618152764565e-01	-2.664836384668742286e-01	1.628611493286886425e-01	-9.392483272074597656e-02	1.100420684487497108e-01	-1.117459760860061713e-01	1.383944947450526652e-01	-7.294713818404435779e-02	6.375875011868095688e-02	-1.114503080792179357e-01	1.089184805118996041e-01	-1.649725883019743655e-01	6.740283844152766823e-02	-8.512430219330008319e-02
-7.757194776671837155e-02	9.046491725703004194e-02	-1.051021471604450530e-01	4.739267469569666963e-02	-7.707599915793354739e-02	6.012612539515375942e-02	-7.958715193963061818e-02	8.511980691967002688e-02	-5.741615375412696676e-02	6.407758115953479661e-02	-9.286216462627717994e-02	8.130106883118662364e-02	-8.690955433068953129e-02	8.820982962851964260e-02	-9.439765124333718282e-02	8.777872444571716004e-02	-1.117700633885125167e-01	1.271383540547513236e-01	-2.839725036246712464e-01	2.110735512065999298e-01	-1.103035866549999522e-01	1.512926151806973651e-01	-2.128624085835234547e-01	1.000000000000001776e+00	-4.232336765552831004e-01	9.474050671787982714e-02	-9.304610082485127720e-02	1.435944815861932566e-01	-7.427529416335403312e-01	2.557340988033753315e-01	-6.160319722755196875e-02	6.052329126915832747e-02	-9.471886403325971426e-02	1.234879125265003624e-01	-1.482515795159870531e-01	6.348848019091608841e-02	-6.362933603565232299e-02	1.145971242036340487e-01	-1.131456477530197041e-01	1.800715339328265996e-01
6.523946044493177110e-02	-7.901202523476287543e-02	9.108996423395669673e-02	-4.127584321394846961e-02	6.699917383816135497e-02	-5.040859230076150110e-02	6.753512682297514724e-02	-7.393510835357991473e-02	5.281024088649301923e-02	-5.982779100496695562e-02	7.645351495097864325e-02	-6.811707766077414183e-02	7.114399878386266918e-02	-9.067986888887474839e-02	9.579472396424237868e-02	-6.967848299294095160e-02	8.578378972975049532e-02	-9.704112565312834893e-02	2.380857346561604804e-01	-3.368537459752638519e-01	8.489508410895388324e-02	-1.070538934957130789e-01	1.144424274179114132e-01	-4.232336765552831004e-01	9.999999999999981126e-01	-7.793470320675005558e-02	7.296277350418708951e-02	-1.167332705626798889e-01	2.917835044948446366e-01	-6.408521327173551940e-01	5.099332502928621835e-02	-5.021000010027006771e-02	8.220959680647646484e-02	-1.547751376181339400e-01	2.499200786895841575e-01	-5.422245781740398646e-02	5.312902770314928413e-02	-1.088477806339852305e-01	1.330426220154364014e-01	-3.436214517591117401e-01
-1.379221140420213987e-01	1.477959500393897785e-01	-1.788065947342169781e-01	7.944933777666475516e-02	-1.306257597145190075e-01	1.072365965706041091e-01	-1.278080050968756209e-01	1.267738729113312146e-01	-7.182924023318196238e-02	8.116320023644289783e-02	-1.759870692903733325e-01	1.273947227398749826e-01	-1.271835499884766130e-01	5.953872209272034755e-02	-6.444805875201260748e-02	2.012630675735007924e-01	-2.074467435918845304e-01	1.724178323083346842e-01	-5.590578297349786674e-02	5.123348830978422669e-02	-3.966559998482014904e-01	2.186265651915970942e-01	-1.920732217525153163e-01	9.474050671787982714e-02	-7.793470320675005558e-02	1.000000000000004663e+00	-6.494117691723152452e-01	2.654159604923892468e-01	-1.053062322046337540e-01	6.788743086959389550e-02	-3.594413143324495796e-01	2.568397187684642313e-01	-1.833506908657447920e-01	6.770445164849457631e-02	-5.163205522471939202e-02	2.278298896642543814e-01	-2.489848397402419644e-01	1.851955096548978663e-01	-6.498395746619976820e-02	6.923088136385369129e-02
1.104901106683486706e-01	-1.243958691204504613e-01	1.454372456355917664e-01	-6.478686911634037870e-02	1.062380187952013527e-01	-8.690360542098764240e-02	1.056329141218651652e-01	-1.076293122816407016e-01	6.059254930808589956e-02	-6.895604115362666264e-02	1.376650903416122007e-01	-1.073319159151875785e-01	1.075811935203487973e-01	-5.148115013587181016e-02	5.532855946758740567e-02	-1.597873544922542854e-01	1.653021505396292112e-01	-1.564545683932900555e-01	5.151713454697017663e-02	-4.754147842909035165e-02	2.301593187995092105e-01	-2.643987248843623350e-01	1.882916618152764565e-01	-9.304610082485127720e-02	7.296277350418708951e-02	-6.494117691723152452e-01	9.999999999999996669e-01	-4.318009386661117999e-01	1.016640462877109186e-01	-6.505916964923877388e-02	2.523542959650658113e-01	-3.902001091565919233e-01	1.973604133427810103e-01	-6.839101136953326665e-02	4.952435440197144184e-02	-2.274461213086270972e-01	2.348852525607518782e-01	-2.062109863320523151e-01	6.500724300192965710e-02	-6.676122923926941510e-02
-1.698419472786252549e-01	1.784209355726014412e-01	-2.521084157191869624e-01	1.114609451197440815e-01	-1.848391730852854409e-01	1.252090441889193717e-01	-1.561019911091793555e-01	1.540063048617258401e-01	-9.118825193234153526e-02	1.019585873837292184e-01	-2.017351325986559418e-01	1.482394507955030194e-01	-1.535075905025114207e-01	7.736084503753043462e-02	-8.490942586438073036e-02	1.772406617843456655e-01	-2.161781276374346306e-01	1.958119695134667992e-01	-8.062178367115359345e-02	7.370847232756243261e-02	-2.538637497681281441e-01	2.255107385802875564e-01	-2.664836384668742286e-01	1.435944815861932566e-01	-1.167332705626798889e-01	2.654159604923892468e-01	-4.318009386661117999e-01	1.000000000000001998e+00	-1.827462283143278798e-01	1.033936915198717110e-01	-1.972554367739010051e-01	2.015895733618308650e-01	-5.386898097127184037e-01	1.074149412350476618e-01	-7.934083851137559151e-02	1.781596032615622993e-01	-2.108971393072948119e-01	3.030512152158405526e-01	-1.066995665378391162e-01	1.039950375723582010e-01
7.975210325575572690e-02	-9.526477830421992143e-02	1.091023585457168849e-01	-4.918419805669236450e-02	8.001755980845833005e-02	-6.191615708626871384e-02	8.143592761591667006e-02	-8.783832728500848286e-02	5.754573703712820981e-02	-6.547549839403866978e-02	9.470771976630604216e-02	-8.327065670566949351e-02	8.648696528942838302e-02	-8.233181929564734047e-02	8.551165089893421334e-02	-9.020980541878201309e-02	1.104480705931240453e-01	-1.276490953832847830e-01	1.875683480355934685e-01	-1.914628110545488482e-01	1.113727029113577155e-01	-1.522209455870671690e-01	1.628611493286886425e-01	-7.427529416335403312e-01	2.917835044948446366e-01	-1.053062322046337540e-01	1.016640462877109186e-01	-1.827462283143278798e-01	1.000000000000001332e+00	-3.879391900929395898e-01	6.791994004627784076e-02	-6.768931717823886696e-02	1.112918356978245538e-01	-1.818478538953948453e-01	1.904496490428021771e-01	-7.127442172197619163e-02	7.047257437698559168e-02	-1.397316873453900987e-01	1.447243694983647577e-01	-2.590042455278186440e-01
-5.983081276925013292e-02	7.013307072209495896e-02	-8.709097878875728116e-02	3.920125840773831111e-02	-6.407454783508245710e-02	4.541131349843588461e-02	-6.035062564056917905e-02	6.448861467621663790e-02	-4.560216247741819690e-02	5.102731912357911376e-02	-6.962501781080748797e-02	5.934135298344556803e-02	-6.209765234968109282e-02	7.183823741813201436e-02	-8.035592888498720165e-02	6.088882739530755706e-02	-7.567239259205800483e-02	8.064509829838127641e-02	-1.917789063521147253e-01	1.759946733194635848e-01	-7.562946004423305724e-02	8.603854025728317756e-02	-9.392483272074597656e-02	2.557340988033753315e-01	-6.408521327173551940e-01	6.788743086959389550e-02	-6.505916964923877388e-02	1.033936915198717110e-01	-3.879391900929395898e-01	9.999999999999978906e-01	-4.572914331280716199e-02	4.476647919109506130e-02	-7.700226709910931722e-02	1.547964804969831909e-01	-4.944132572514075563e-01	4.789761706316242318e-02	-4.810824213378244590e-02	9.736151924849503758e-02	-1.470013669922705102e-01	2.952924666722134273e-01
8.087981984894102028e-02	-9.126012891760515444e-02	1.094245473195737811e-01	-4.869244326070743673e-02	8.002741659111708983e-02	-6.270880667172630540e-02	7.642154316915110435e-02	-7.758713333234126819e-02	4.412107636081630951e-02	-5.033177798831502819e-02	9.904375018341543546e-02	-7.608771412716988647e-02	7.552991003521269953e-02	-3.697819338034739889e-02	3.986223727884707912e-02	-1.078214274158578456e-01	1.123067915301464020e-01	-1.040667414003480229e-01	3.591088694856742897e-02	-3.320266510284328176e-02	1.534698343115180885e-01	-1.295543450299007915e-01	1.100420684487497108e-01	-6.160319722755196875e-02	5.099332502928621835e-02	-3.594413143324495796e-01	2.523542959650658113e-01	-1.972554367739010051e-01	6.791994004627784076e-02	-4.572914331280716199e-02	9.999999999999996669e-01	-5.480706388095031301e-01	1.413409285773095103e-01	-5.105755927167562186e-02	3.576908648151906622e-02	-6.497698560772746657e-01	3.258845204450583899e-01	-1.603413946588869710e-01	4.869483632140018947e-02	-4.843689710601584153e-02
-7.816547432836236375e-02	8.659808480138672659e-02	-1.072964472595461516e-01	4.767901170675195588e-02	-7.850262831957531551e-02	5.996379541387277662e-02	-7.343608846351867836e-02	7.402134122913484049e-02	-4.241052318166094182e-02	4.814552374371464105e-02	-9.538113742412555884e-02	7.250917922149494044e-02	-7.275145871669545794e-02	3.566717516204830074e-02	-3.859996735348954905e-02	9.917489190865931559e-02	-1.084644355834843837e-01	9.904038081560506690e-02	-3.516050417527422783e-02	3.239429868946436947e-02	-1.443118623538657552e-01	1.282782628949091508e-01	-1.117459760860061713e-01	6.052329126915832747e-02	-5.021000010027006771e-02	2.568397187684642313e-01	-3.902001091565919233e-01	2.015895733618308650e-01	-6.768931717823886696e-02	4.476647919109506130e-02	-5.480706388095031301e-01	1.000000000000000666e+00	-1.749630471735827975e-01	5.104722977941546919e-02	-3.525443100350666992e-02	3.198860440442669040e-01	-6.298922274510873054e-01	1.663715431238192710e-01	-4.937809344154876767e-02	4.738854424398561416e-02
1.019803889844576317e-01	-1.117278985649513140e-01	1.518908895594578146e-01	-6.730555901510310024e-02	1.113911193941717753e-01	-7.606988083983395876e-02	9.515199743067531690e-02	-9.582714235206023223e-02	5.652845119386359918e-02	-6.385240324754222485e-02	1.202653466549232913e-01	-9.143338225846002476e-02	9.292796025595451148e-02	-4.910647642614466429e-02	5.353800559846214058e-02	-1.094535925539498744e-01	1.279997181804592155e-01	-1.222544485472719655e-01	5.396709331503733720e-02	-4.994845291593809355e-02	1.477206772644281962e-01	-1.390803417485796112e-01	1.383944947450526652e-01	-9.471886403325971426e-02	8.220959680647646484e-02	-1.833506908657447920e-01	1.973604133427810103e-01	-5.386898097127184037e-01	1.112918356978245538e-01	-7.700226709910931722e-02	1.413409285773095103e-01	-1.749630471735827975e-01	1.000000000000000222e+00	-1.355232757234515750e-01	6.850332916910881198e-02	-1.434223921596271267e-01	1.608950471103891555e-01	-7.273855714777038850e-01	1.290052334654082922e-01	-9.124702846415214119e-02
-5.798970170588736012e-02	6.443200640550780789e-02	-8.995607107210817910e-02	3.998120732338409505e-02	-6.613240625957433894e-02	4.278129931657036894e-02	-5.500700228462715446e-02	5.625283105794205707e-02	-3.616206447774338723e-02	4.062813824679750718e-02	-6.692147577638687950e-02	5.212525777948008587e-02	-5.361000836239419864e-02	4.138026706086140455e-02	-4.581912858307407577e-02	5.593128547646568360e-02	-6.856126283198844817e-02	6.665043914891904953e-02	-7.635247169004832912e-02	6.954770996488070234e-02	-7.264601659163118230e-02	6.939857172102061045e-02	-7.294713818404435779e-02	1.234879125265003624e-01	-1.547751376181339400e-01	6.770445164849457631e-02	-6.839101136953326665e-02	1.074149412350476618e-01	-1.818478538953948453e-01	1.547964804969831909e-01	-5.105755927167562186e-02	5.104722977941546919e-02	-1.355232757234515750e-01	1.000000000000000444e+00	-2.591345986006858282e-01	5.227465619841699385e-02	-5.760264179522880251e-02	1.640398774853842889e-01	-8.826448392712655799e-01	2.332071044947934269e-01
4.489298091699085724e-02	-5.229517717954668132e-02	6.687330225060282574e-02	-2.997825619248536966e-02	4.918761852064729156e-02	-3.378971574325242977e-02	4.443868286157674069e-02	-4.698277451475559724e-02	3.203161567099084561e-02	-3.609583267645507382e-02	5.194396291951959566e-02	-4.318474927929688567e-02	4.469210939016529660e-02	-4.535574123888934384e-02	5.011396912425786915e-02	-4.479080625659460912e-02	5.510589418547017643e-02	-5.732439222553142172e-02	1.032540891874480088e-01	-9.836455656627872413e-02	5.603319439529359097e-02	-6.024409202115933032e-02	6.375875011868095688e-02	-1.482515795159870531e-01	2.499200786895841575e-01	-5.163205522471939202e-02	4.952435440197144184e-02	-7.934083851137559151e-02	1.904496490428021771e-01	-4.944132572514075563e-01	3.576908648151906622e-02	-3.525443100350666992e-02	6.850332916910881198e-02	-2.591345986006858282e-01	1.000000000000000000e+00	-3.759365352633557700e-02	3.838341442537000769e-02	-9.012310691523442441e-02	2.036096846052305731e-01	-7.543361507235837315e-01
-9.127438749119631822e-02	9.931737438664253736e-02	-1.296003676846038954e-01	5.746199077983724784e-02	-9.493334098771726015e-02	6.871790285965152789e-02	-8.440420871501919109e-02	8.421069035422876214e-02	-4.882622063976218424e-02	5.526338963769530932e-02	-1.097482023366065373e-01	8.148812545006822727e-02	-8.173620954945831629e-02	4.037127812714103731e-02	-4.393428332269319614e-02	1.059414358913690901e-01	-1.193523273071558921e-01	1.059476179955990000e-01	-3.830379587639041322e-02	3.522234966158222652e-02	-1.539056088483929940e-01	1.226397165627425290e-01	-1.114503080792179357e-01	6.348848019091608841e-02	-5.422245781740398646e-02	2.278298896642543814e-01	-2.274461213086270972e-01	1.781596032615622993e-01	-7.127442172197619163e-02	4.789761706316242318e-02	-6.497698560772746657e-01	3.198860440442669040e-01	-1.434223921596271267e-01	5.227465619841699385e-02	-3.759365352633557700e-02	1.000000000000000222e+00	-6.127615075932720812e-01	1.580342806254995680e-01	-5.071852065333989912e-02	5.052575017442082622e-02
8.040643672296475530e-02	-9.118520251178674485e-02	1.108052554598589201e-01	-4.929475706429518184e-02	8.108133549088082648e-02	-6.188491042304344186e-02	7.608295721161539849e-02	-7.744574301198120514e-02	4.429764012749329988e-02	-5.056687832869558030e-02	9.728966729427782067e-02	-7.532035056126110129e-02	7.498198752630846897e-02	-3.734882734994770387e-02	4.028955094751016097e-02	-1.009993661538548804e-01	1.088808570177970531e-01	-1.027740708372592709e-01	3.699411215586140972e-02	-3.426327433639930753e-02	1.391962112752941627e-01	-1.273397252120317125e-01	1.089184805118996041e-01	-6.362933603565232299e-02	5.312902770314928413e-02	-2.489848397402419644e-01	2.348852525607518782e-01	-2.108971393072948119e-01	7.047257437698559168e-02	-4.810824213378244590e-02	3.258845204450583899e-01	-6.298922274510873054e-01	1.608950471103891555e-01	-5.760264179522880251e-02	3.838341442537000769e-02	-6.127615075932720812e-01	1.000000000000000444e+00	-2.059406933432078590e-01	5.539611459743538913e-02	-5.203070875893001102e-02
-1.518720377523979925e-01	1.598423218218158470e-01	-2.425316953780596030e-01	1.070018373684386848e-01	-1.782111400524702127e-01	1.098121365458098742e-01	-1.377697712534338426e-01	1.357279741678938390e-01	-8.201404559189454102e-02	9.176169162330571893e-02	-1.754216952997573187e-01	1.269992389622197071e-01	-1.299248667551907155e-01	6.897197409880977126e-02	-7.626904333817111081e-02	1.422543298339568885e-01	-1.736568444785521748e-01	1.542174180492784652e-01	-7.153565902152267397e-02	6.526412445019807995e-02	-1.948337609168590001e-01	1.583548069381201795e-01	-1.649725883019743655e-01	1.145971242036340487e-01	-1.088477806339852305e-01	1.851955096548978663e-01	-2.062109863320523151e-01	3.030512152158405526e-01	-1.397316873453900987e-01	9.736151924849503758e-02	-1.603413946588869710e-01	1.663715431238192710e-01	-7.273855714777038850e-01	1.640398774853842889e-01	-9.012310691523442441e-02	1.580342806254995680e-01	-2.059406933432078590e-01	1.000000000000000444e+00	-2.076247176744499545e-01	1.163601667394984357e-01
5.271261710330604061e-02	-5.908304007834584010e-02	8.085989053116487968e-02	-3.596592918604741423e-02	5.942643044244637351e-02	-3.907138164368240130e-02	5.018772804189602921e-02	-5.151864593730295927e-02	3.288865360761565604e-02	-3.707398731099482980e-02	6.097381720626734308e-02	-4.784262030772816476e-02	4.905260721330263751e-02	-3.739903934647060418e-02	4.109586323733985247e-02	-5.178464361504654667e-02	6.298333065379996265e-02	-6.184468042471072402e-02	6.714751448838646164e-02	-6.265896331674905562e-02	6.707138718110761122e-02	-6.506913375215102324e-02	6.740283844152766823e-02	-1.131456477530197041e-01	1.330426220154364014e-01	-6.498395746619976820e-02	6.500724300192965710e-02	-1.066995665378391162e-01	1.447243694983647577e-01	-1.470013669922705102e-01	4.869483632140018947e-02	-4.937809344154876767e-02	1.290052334654082922e-01	-8.826448392712655799e-01	2.036096846052305731e-01	-5.071852065333989912e-02	5.539611459743538913e-02	-2.076247176744499545e-01	1.000000000000000444e+00	-2.997740058707686894e-01
