1.000000000000000222e+00	-4.888015497485219130e-01	8.545020155397810291e-02	-8.052151554617975604e-02	8.322445783944237840e-02	-7.941593838529580340e-01	2.732136953073512897e-01	-1.101492239868364642e-01	9.373673997015383175e-02	-5.891471328477165814e-02	1.764831102410576447e-01	-2.099051926651069044e-01	1.233729414087221532e-01	-5.845813065451194862e-02	6.580329443865554073e-02	-1.347101957071260014e-01	1.259836136767956694e-01	-1.061752894961747046e-01	5.874901033768519659e-02	-5.101188790961671410e-02	8.054044780805073855e-02	-6.932993592824225615e-02	9.914118076721828432e-02	-5.226361836925540183e-02	4.776751525987515956e-02	-8.098881833157026144e-02	7.136711047108393324e-02	-6.853532506137198499e-02	5.970259685547207179e-02	-4.749885243972387650e-02	4.046390723129018180e-02	-4.765828623679076864e-02	4.368315060266445699e-02	-6.053275076350338180e-02	6.155649285997259745e-02	-4.858572943234164276e-02	4.082846431900995221e-02	-4.214637239279028086e-02	4.091537749407408997e-02	-6.163653663515936132e-02
-4.888015497485219130e-01	1.000000000000000222e+00	-1.646934885913303726e-01	1.380585223465484734e-01	-1.528289458766349806e-01	3.055804130079268766e-01	-6.337968344370932261e-01	1.840336634797557491e-01	-1.711588362014869191e-01	1.046955454981966238e-01	-2.569377702953438702e-01	2.872877347891677480e-01	-2.209961795586813660e-01	1.025417814955931067e-01	-1.176335362181364502e-01	1.759537085672475409e-01	-2.107772788788875862e-01	1.693230590798960045e-01	-1.009406253838092266e-01	8.694355866599848270e-02	-1.371713846656686941e-01	1.147848823168466786e-01	-1.710896006929151225e-01	8.857442519071086207e-02	-8.217818390921363680e-02	1.310711839996173689e-01	-1.210073977471548684e-01	1.139169009391940157e-01	-1.017999154471039558e-01	8.040966823414216758e-02	-6.628718844412172240e-02	7.829048370046408356e-02	-7.233013486328694619e-02	9.961470201035016458e-02	-1.053751615411784026e-01	7.913216285509951098e-02	-6.738042053838638745e-02	6.937851282565692113e-02	-6.774959427825466562e-02	1.013431183147976283e-01
8.545020155397810291e-02	-1.646934885913303726e-01	1.000000000000000666e+00	-7.607581955262541218e-01	1.742705705262792282e-01	-9.370009073849099035e-02	1.264811739361879905e-01	-4.878174320552775556e-01	2.388397544323088983e-01	-1.499627229674267426e-01	1.046431310877429938e-01	-1.462115132836256659e-01	2.392358825917523246e-01	-1.212661381282574974e-01	1.201142021457610454e-01	-1.010251387549550711e-01	1.147458497025674040e-01	-1.427956283285288230e-01	9.107689979860091045e-02	-8.292373626262859732e-02	9.278490697358128536e-02	-8.129532813570300442e-02	1.229622009829671320e-01	-7.997371592802450524e-02	7.324504630778665148e-02	-1.207411168768840748e-01	9.151728739856540562e-02	-9.426102074787291729e-02	8.454673979211130286e-02	-6.991226855828666653e-02	5.958674958839183661e-02	-7.030406996919694174e-02	6.392834193078741900e-02	-9.162784288421120527e-02	8.686963414971252129e-02	-7.321322804080324098e-02	5.993040852914264388e-02	-6.324161842921786902e-02	6.100793400567510599e-02	-9.551262122692555367e-02
-8.052151554617975604e-02	1.380585223465484734e-01	-7.607581955262541218e-01	1.000000000000000666e+00	-2.617418791394136024e-01	8.673704109240971960e-02	-1.151321282639411886e-01	2.875092571016808485e-01	-3.895445512346054073e-01	1.919541949085780408e-01	-1.070509975654592993e-01	1.385868213574084351e-01	-2.659867849845216625e-01	1.501752240193191812e-01	-1.575582167885926088e-01	1.018367784878536492e-01	-1.192559780657994756e-01	1.451424249798966559e-01	-1.068645277765662427e-01	9.606154902467441137e-02	-1.006150661852381611e-01	8.680956735745758157e-02	-1.355218494198003609e-01	9.062628664020565272e-02	-8.529918569705333131e-02	1.262848905750238448e-01	-9.930033459858861322e-02	1.010414966968592315e-01	-9.414304687111488268e-02	7.759846217373833621e-02	-6.293388590899691437e-02	7.451762806570853825e-02	-6.829914563683250894e-02	9.752223116079973553e-02	-9.671641662664773320e-02	7.699676255116638668e-02	-6.376561169072622604e-02	6.722103229145479086e-02	-6.522147474420948721e-02	1.015506214397572382e-01
8.322445783944237840e-02	-1.528289458766349806e-01	1.742705705262792282e-01	-2.617418791394136024e-01	1.000000000000000444e+00	-9.926560067291551048e-02	1.154350369548650668e-01	-2.274259677175077266e-01	2.997740374387622975e-01	-7.726434402948566538e-01	1.190967721114340044e-01	-1.685153856441784781e-01	1.910914243827946113e-01	-1.601700128677762680e-01	1.546627337573178995e-01	-1.250923200563732740e-01	1.340552852905775860e-01	-1.680484883951423591e-01	1.191711774661131928e-01	-1.132392323888968960e-01	1.262746643943939706e-01	-1.098774339301305386e-01	1.582000679444625080e-01	-1.092812258938865161e-01	9.977956220310753299e-02	-1.981845059253883046e-01	1.311518165785373058e-01	-1.380492899015527131e-01	1.225651111820520722e-01	-1.025002575117196640e-01	9.630914314079269678e-02	-1.129159180880560248e-01	1.010939284374826191e-01	-1.482127733654854396e-01	1.285054584160619795e-01	-1.203044510830368202e-01	9.589263048367530073e-02	-1.023411767727713390e-01	9.805634132321909557e-02	-1.579719143456471686e-01
-7.941593838529580340e-01	3.055804130079268766e-01	-9.370009073849099035e-02	8.673704109240971960e-02	-9.926560067291551048e-02	1.000000000000000222e+00	-3.949214556849121038e-01	1.223263430183173933e-01	-1.108412288495449344e-01	6.873230804642174729e-02	-2.519376792642904483e-01	2.226569450448011578e-01	-1.468181726054822445e-01	6.857657856729973411e-02	-7.819424096987988293e-02	1.547791248572113199e-01	-1.532391447740719947e-01	1.222116562875203566e-01	-6.926316248988045876e-02	5.968606440156748461e-02	-9.648873672414214064e-02	8.178623486132949316e-02	-1.186117750904364526e-01	6.118985196982727054e-02	-5.626689961080852398e-02	9.279461587890759644e-02	-8.439638170183770549e-02	7.992330116315397859e-02	-7.021533868940517398e-02	5.556644774558960193e-02	-4.664054071618344011e-02	5.498815741512251554e-02	-5.059848305506371713e-02	6.975354369118282050e-02	-7.243210337025059176e-02	5.576104444796315535e-02	-4.721027181183948263e-02	4.860219216957650801e-02	-4.731476349080832033e-02	7.086359049707288693e-02
2.732136953073512897e-01	-6.337968344370932261e-01	1.264811739361879905e-01	-1.151321282639411886e-01	1.154350369548650668e-01	-3.949214556849121038e-01	1.000000000000000666e+00	-1.990426363415447875e-01	1.338947221348701644e-01	-8.263107630721196195e-02	2.190282893225615757e-01	-5.314466462295992510e-01	1.884609476212197599e-01	-8.268846858343736894e-02	9.208170121540430741e-02	-1.661392654191399254e-01	1.877606285870760949e-01	-1.531833068839471568e-01	8.203503426474581528e-02	-7.085908067696172763e-02	1.101948753739208919e-01	-9.625043625414592130e-02	1.372880356246649891e-01	-7.241576592812294655e-02	6.599438590838445362e-02	-1.093760215322211460e-01	9.744389419260346408e-02	-9.363204834710582569e-02	8.141523078409974856e-02	-6.484753354588215779e-02	5.471386743991754620e-02	-6.451042369665591081e-02	5.920054545122722944e-02	-8.194710712351123416e-02	8.352560442774061011e-02	-6.563038113039966481e-02	5.524718295828982828e-02	-5.702740519085897769e-02	5.535453546457370921e-02	-8.329136539301255915e-02
-1.101492239868364642e-01	1.840336634797557491e-01	-4.878174320552775556e-01	2.875092571016808485e-01	-2.274259677175077266e-01	1.223263430183173933e-01	-1.990426363415447875e-01	1.000000000000000888e+00	-3.494157544960780348e-01	1.751388601545956769e-01	-1.484540086165294093e-01	1.987364543781655613e-01	-6.195065946758139264e-01	1.680650613625400691e-01	-1.754189649833998721e-01	1.388529903759981310e-01	-1.704010813974283778e-01	2.123120225485578827e-01	-1.310026667570882708e-01	1.150028179277798740e-01	-1.303863927573315762e-01	1.138603314517541570e-01	-1.814746827968827247e-01	1.112393781205736620e-01	-1.028678495519054631e-01	1.543168149684894797e-01	-1.259247820143186147e-01	1.274486922373262998e-01	-1.157598593001590431e-01	9.465268605871278440e-02	-7.698363256879026117e-02	9.117071366579579395e-02	-8.368718536554629883e-02	1.184809884395406077e-01	-1.180267994588851260e-01	9.372505897575314493e-02	-7.796271932276405137e-02	8.179616157278156441e-02	-7.929661190907624779e-02	1.223365502350464151e-01
9.373673997015383175e-02	-1.711588362014869191e-01	2.388397544323088983e-01	-3.895445512346054073e-01	2.997740374387622975e-01	-1.108412288495449344e-01	1.338947221348701644e-01	-3.494157544960780348e-01	1.000000000000000888e+00	-5.040304026365940437e-01	1.331981225282496684e-01	-1.877855104297188604e-01	2.462054962309539463e-01	-3.802494061906523948e-01	2.475753874262172638e-01	-1.387457739075937391e-01	1.524154107999254881e-01	-1.980526050145416106e-01	1.655139395380861578e-01	-1.578371643034244542e-01	1.359385778805856093e-01	-1.197102975881817050e-01	1.769133171837065088e-01	-1.433224542814885427e-01	1.295026132140212893e-01	-1.994821272296257164e-01	1.401379563070460632e-01	-1.488924274352793342e-01	1.375504453207176681e-01	-1.177259466955766082e-01	9.795615344858071838e-02	-1.157070746660938954e-01	1.048254255898392051e-01	-1.530395671802685098e-01	1.400885864663096725e-01	-1.215852387023848291e-01	9.838679242147750637e-02	-1.050176026565625975e-01	1.010330270544522457e-01	-1.613425356865587634e-01
-5.891471328477165814e-02	1.046955454981966238e-01	-1.499627229674267426e-01	1.919541949085780408e-01	-7.726434402948566538e-01	6.873230804642174729e-02	-8.263107630721196195e-02	1.751388601545956769e-01	-5.040304026365940437e-01	1.000000000000000222e+00	-8.604981821485184479e-02	1.163188938674740297e-01	-1.620589178085465321e-01	1.643491464951929160e-01	-1.722193740159678466e-01	8.781605339447476344e-02	-9.827361071095619405e-02	1.230141870241729246e-01	-1.055465902767426800e-01	9.755401128440667480e-02	-9.063534604400903805e-02	7.848796502560960453e-02	-1.182303381637645756e-01	8.941196899526195063e-02	-8.495375948976904845e-02	1.293750345962152715e-01	-9.309454675906433940e-02	9.700000025105426360e-02	-9.158472542031516339e-02	7.672919890588851544e-02	-6.387225596207027345e-02	7.547792862685458182e-02	-6.863377370031259472e-02	9.969041125888919441e-02	-9.457370897720113190e-02	7.904059934918131192e-02	-6.441265730450554394e-02	6.855271031277671012e-02	-6.625965515424922514e-02	1.052424154979413884e-01
1.764831102410576447e-01	-2.569377702953438702e-01	1.046431310877429938e-01	-1.070509975654592993e-01	1.190967721114340044e-01	-2.519376792642904483e-01	2.190282893225615757e-01	-1.484540086165294093e-01	1.331981225282496684e-01	-8.604981821485184479e-02	1.000000000000000222e+00	-4.454972600153610518e-01	1.864120863140497353e-01	-9.245778846357384506e-02	1.025445705794692797e-01	-7.111630567380100576e-01	2.862042219583326719e-01	-2.270306490683907386e-01	1.033837330274868099e-01	-8.929404445323418926e-02	1.573127999397837540e-01	-1.426458139675369774e-01	1.805456416209030579e-01	-9.357710639436749023e-02	8.276528512723053954e-02	-1.554309456265472456e-01	1.317411814057713737e-01	-1.289088305497755604e-01	1.053442185733391157e-01	-8.426228210058979429e-02	7.591814146856362688e-02	-8.882567696433683879e-02	8.031578983903407687e-02	-1.111857127036845888e-01	1.068369563201909955e-01	-9.134575434071820488e-02	7.542658038113493613e-02	-7.758239584095683039e-02	7.451629080577924780e-02	-1.120793314685576969e-01
-2.099051926651069044e-01	2.872877347891677480e-01	-1.462115132836256659e-01	1.385868213574084351e-01	-1.685153856441784781e-01	2.226569450448011578e-01	-5.314466462295992510e-01	1.987364543781655613e-01	-1.877855104297188604e-01	1.163188938674740297e-01	-4.454972600153610518e-01	1.000000000000001554e+00	-2.904232080520358639e-01	1.214227162753991202e-01	-1.385169460161476962e-01	2.715608822804851386e-01	-4.094419589877293375e-01	2.432937735136056767e-01	-1.284356175641102882e-01	1.083654647605814259e-01	-1.852591594427853705e-01	1.600361548508186793e-01	-2.273437187785680436e-01	1.121407423904016709e-01	-1.023423476973407548e-01	1.663221699382293473e-01	-1.573974952169438779e-01	1.469180692781618391e-01	-1.271600092627022671e-01	1.001923512389408244e-01	-8.376043789152141927e-02	9.878232872513152685e-02	-9.100516213096106199e-02	1.245910005872057913e-01	-1.297925108992633858e-01	9.963073871178344809e-02	-8.474146915411846781e-02	8.691237771978091442e-02	-8.455207443942194812e-02	1.257780040936977428e-01
1.233729414087221532e-01	-2.209961795586813660e-01	2.392358825917523246e-01	-2.659867849845216625e-01	1.910914243827946113e-01	-1.468181726054822445e-01	1.884609476212197599e-01	-6.195065946758139264e-01	2.462054962309539463e-01	-1.620589178085465321e-01	1.864120863140497353e-01	-2.904232080520358639e-01	1.000000000000000666e+00	-2.031402991734823360e-01	1.816055439846001041e-01	-1.992972745006443280e-01	2.326465458242919782e-01	-4.120316159236927511e-01	1.635852144953650056e-01	-1.458454532465074949e-01	1.661719949745617264e-01	-1.532475610213483441e-01	2.314043261118299832e-01	-1.449275544654309855e-01	1.260873256101618378e-01	-2.140934972402160630e-01	1.628441689745829257e-01	-1.726799213333686522e-01	1.465440927854011477e-01	-1.217054436151466384e-01	1.049400923319464551e-01	-1.238417222083508934e-01	1.123035286747113976e-01	-1.603876707684565583e-01	1.478052292995710726e-01	-1.288618112781051428e-01	1.050315747734413413e-01	-1.106629373787579307e-01	1.060907759440120474e-01	-1.653265724953802973e-01
-5.845813065451194862e-02	1.025417814955931067e-01	-1.212661381282574974e-01	1.501752240193191812e-01	-1.601700128677762680e-01	6.857657856729973411e-02	-8.268846858343736894e-02	1.680650613625400691e-01	-3.802494061906523948e-01	1.643491464951929160e-01	-9.245778846357384506e-02	1.214227162753991202e-01	-2.031402991734823360e-01	9.999999999999988898e-01	-7.745222011196590817e-01	9.627662959288919853e-02	-1.154037318026514686e-01	1.575244433118658249e-01	-3.050581958123769200e-01	2.325966072049900635e-01	-1.018817624602429833e-01	9.067483965328591855e-02	-1.455922173694871591e-01	1.835498892629382761e-01	-1.813164549001987091e-01	1.350318599562968513e-01	-1.071467142102610764e-01	1.158733070553955857e-01	-1.299136665247481726e-01	1.141325006320301622e-01	-6.848323059970258531e-02	8.262374034473524143e-02	-7.754662740636084073e-02	1.129559667797612327e-01	-1.230365164380849002e-01	8.388501356489290461e-02	-7.075926257668285757e-02	7.602215706483508861e-02	-7.438858301673396956e-02	1.172019456596225251e-01
6.580329443865554073e-02	-1.176335362181364502e-01	1.201142021457610454e-01	-1.575582167885926088e-01	1.546627337573178995e-01	-7.819424096987988293e-02	9.208170121540430741e-02	-1.754189649833998721e-01	2.475753874262172638e-01	-1.722193740159678466e-01	1.025445705794692797e-01	-1.385169460161476962e-01	1.816055439846001041e-01	-7.745222011196590817e-01	1.000000000000002442e+00	-1.092456461932243966e-01	1.253707541615164955e-01	-1.728311624103248123e-01	2.480691460982607510e-01	-3.545128587427718858e-01	1.142028069474806951e-01	-1.022012587764791758e-01	1.578650939928785413e-01	-2.090519156422633862e-01	1.967086861016589250e-01	-1.613857244423426429e-01	1.215401303887521101e-01	-1.338436116161401679e-01	1.438080357429861178e-01	-1.330602939518114314e-01	8.125010401914162239e-02	-9.790112952738676266e-02	9.116741058200494852e-02	-1.343644940840713620e-01	1.375158881395598665e-01	-1.001815798519275491e-01	8.353568206990097389e-02	-9.028536861793236279e-02	8.782466139908334801e-02	-1.403173092221891571e-01
-1.347101957071260014e-01	1.759537085672475409e-01	-1.010251387549550711e-01	1.018367784878536492e-01	-1.250923200563732740e-01	1.547791248572113199e-01	-1.661392654191399254e-01	1.388529903759981310e-01	-1.387457739075937391e-01	8.781605339447476344e-02	-7.111630567380100576e-01	2.715608822804851386e-01	-1.992972745006443280e-01	9.627662959288919853e-02	-1.092456461932243966e-01	1.000000000000003775e+00	-5.028549940052915446e-01	2.382943468758979000e-01	-1.125726324447482996e-01	9.340120571683417638e-02	-2.018737099173579241e-01	1.671311150420272118e-01	-2.124949885803863736e-01	9.890037912232096939e-02	-8.833529821455519959e-02	1.552453606540172837e-01	-1.477381979259582145e-01	1.362528182078415473e-01	-1.117954137763731981e-01	8.786744406480784253e-02	-7.691282149225668607e-02	9.008253809845373494e-02	-8.217928939658308840e-02	1.116525409689445997e-01	-1.121731983258855841e-01	9.105515164475047607e-02	-7.679739321365984528e-02	7.818740480540975479e-02	-7.549765799340238392e-02	1.114977938060538187e-01
1.259836136767956694e-01	-2.107772788788875862e-01	1.147458497025674040e-01	-1.192559780657994756e-01	1.340552852905775860e-01	-1.532391447740719947e-01	1.877606285870760949e-01	-1.704010813974283778e-01	1.524154107999254881e-01	-9.827361071095619405e-02	2.862042219583326719e-01	-4.094419589877293375e-01	2.326465458242919782e-01	-1.154037318026514686e-01	1.253707541615164955e-01	-5.028549940052915446e-01	1.000000000000003553e+00	-5.505405497688633520e-01	1.466791167929759609e-01	-1.209070865091120134e-01	2.134590522056599438e-01	-2.624609245838437355e-01	2.583800318432398213e-01	-1.293499376665752931e-01	1.087897812823196975e-01	-1.918547717098376126e-01	1.769734807105504404e-01	-1.731584103273106356e-01	1.332782232782199761e-01	-1.068674093896794380e-01	9.377366604529746574e-02	-1.105460048661218442e-01	1.001465236289830751e-01	-1.371450831438138507e-01	1.309597487378474090e-01	-1.119982740564520185e-01	9.321419317138035510e-02	-9.564248370480263328e-02	9.138484761120302391e-02	-1.361022609595340660e-01
-1.061752894961747046e-01	1.693230590798960045e-01	-1.427956283285288230e-01	1.451424249798966559e-01	-1.680484883951423591e-01	1.222116562875203566e-01	-1.531833068839471568e-01	2.123120225485578827e-01	-1.980526050145416106e-01	1.230141870241729246e-01	-2.270306490683907386e-01	2.432937735136056767e-01	-4.120316159236927511e-01	1.575244433118658249e-01	-1.728311624103248123e-01	2.382943468758979000e-01	-5.505405497688633520e-01	1.000000000000001332e+00	-2.586738481481796192e-01	1.675935723781477316e-01	-2.231125936296388113e-01	2.143505290592357948e-01	-4.657679138202073799e-01	1.816757461704999743e-01	-1.526522798901197853e-01	2.078588945846358282e-01	-2.020159072523976251e-01	2.047101300177421590e-01	-1.691473956400100509e-01	1.337773691756261873e-01	-1.045038116126438404e-01	1.246829072158355534e-01	-1.161653332843810699e-01	1.583885021896900003e-01	-1.612103635799622403e-01	1.245808090515758415e-01	-1.061205646133313724e-01	1.096864870837633843e-01	-1.058633512823175526e-01	1.575017974946290589e-01
5.874901033768519659e-02	-1.009406253838092266e-01	9.107689979860091045e-02	-1.068645277765662427e-01	1.191711774661131928e-01	-6.926316248988045876e-02	8.203503426474581528e-02	-1.310026667570882708e-01	1.655139395380861578e-01	-1.055465902767426800e-01	1.033837330274868099e-01	-1.284356175641102882e-01	1.635852144953650056e-01	-3.050581958123769200e-01	2.480691460982607510e-01	-1.125726324447482996e-01	1.466791167929759609e-01	-2.586738481481796192e-01	9.999999999999995559e-01	-5.539458444300517925e-01	1.229359914908585150e-01	-1.147544779330950671e-01	1.963265962054990821e-01	-6.041453793140557638e-01	3.132463375110254300e-01	-1.542264406935235088e-01	1.327983413031412485e-01	-1.532400055578967690e-01	1.929563025176628810e-01	-1.773935861235556577e-01	8.026559366779428828e-02	-9.913872549133137535e-02	9.583038572835986257e-02	-1.415018818176302373e-01	1.612923683428382771e-01	-9.750388889972402828e-02	8.486298013952590924e-02	-9.242977578663547078e-02	9.091433625242495431e-02	-1.430546322774423063e-01
-5.101188790961671410e-02	8.694355866599848270e-02	-8.292373626262859732e-02	9.606154902467441137e-02	-1.132392323888968960e-01	5.968606440156748461e-02	-7.085908067696172763e-02	1.150028179277798740e-01	-1.578371643034244542e-01	9.755401128440667480e-02	-8.929404445323418926e-02	1.083654647605814259e-01	-1.458454532465074949e-01	2.325966072049900635e-01	-3.545128587427718858e-01	9.340120571683417638e-02	-1.209070865091120134e-01	1.675935723781477316e-01	-5.539458444300517925e-01	1.000000000000001110e+00	-1.109017448826997154e-01	9.972952791562514352e-02	-1.721852246841261980e-01	3.190519685825922713e-01	-6.146371914849858564e-01	1.366379706048895248e-01	-1.224974792866177220e-01	1.367455025100486055e-01	-1.984561636537354179e-01	1.893815196971846970e-01	-7.233492718871448179e-02	8.971284793447475980e-02	-8.811205811833167090e-02	1.288081218811427953e-01	-1.796762531969370302e-01	8.744133815689943134e-02	-7.757283958543254032e-02	8.444623284404166597e-02	-8.467866746446556236e-02	1.322690569773745939e-01
8.054044780805073855e-02	-1.371713846656686941e-01	9.278490697358128536e-02	-1.006150661852381611e-01	1.262746643943939706e-01	-9.648873672414214064e-02	1.101948753739208919e-01	-1.303863927573315762e-01	1.359385778805856093e-01	-9.063534604400903805e-02	1.573127999397837540e-01	-1.852591594427853705e-01	1.661719949745617264e-01	-1.018817624602429833e-01	1.142028069474806951e-01	-2.018737099173579241e-01	2.134590522056599438e-01	-2.231125936296388113e-01	1.229359914908585150e-01	-1.109017448826997154e-01	1.000000000000001110e+00	-7.140799124915139240e-01	2.803620529260578143e-01	-1.246008611936175875e-01	1.089756747937339620e-01	-4.124940152382571834e-01	2.814404534836747462e-01	-2.599985673967162292e-01	1.666362588245501042e-01	-1.308026816231882827e-01	1.667498829600785881e-01	-1.800682307673036608e-01	1.494704952841425516e-01	-1.965858494937317291e-01	1.653919550749340106e-01	-1.921748950893550911e-01	1.474836495423679228e-01	-1.422672917887285171e-01	1.317285994723108589e-01	-1.866569385592022345e-01
-6.932993592824225615e-02	1.147848823168466786e-01	-8.129532813570300442e-02	8.680956735745758157e-02	-1.098774339301305386e-01	8.178623486132949316e-02	-9.625043625414592130e-02	1.138603314517541570e-01	-1.197102975881817050e-01	7.848796502560960453e-02	-1.426458139675369774e-01	1.600361548508186793e-01	-1.532475610213483441e-01	9.067483965328591855e-02	-1.022012587764791758e-01	1.671311150420272118e-01	-2.624609245838437355e-01	2.143505290592357948e-01	-1.147544779330950671e-01	9.972952791562514352e-02	-7.140799124915139240e-01	1.000000000000001110e+00	-3.972909588413196524e-01	1.156122319976390922e-01	-9.994123300652797692e-02	2.558018865065733727e-01	-4.153797453742809065e-01	2.471474674234826752e-01	-1.514215174449126955e-01	1.147210517737273089e-01	-1.235138157247415297e-01	1.439400694440699513e-01	-1.253452219731488460e-01	1.589518190673545328e-01	-1.426547257636682497e-01	1.389708102511097165e-01	-1.184266335440669893e-01	1.145280200070364213e-01	-1.072344937987824709e-01	1.497372220766823303e-01
9.914118076721828432e-02	-1.710896006929151225e-01	1.229622009829671320e-01	-1.355218494198003609e-01	1.582000679444625080e-01	-1.186117750904364526e-01	1.372880356246649891e-01	-1.814746827968827247e-01	1.769133171837065088e-01	-1.182303381637645756e-01	1.805456416209030579e-01	-2.273437187785680436e-01	2.314043261118299832e-01	-1.455922173694871591e-01	1.578650939928785413e-01	-2.124949885803863736e-01	2.583800318432398213e-01	-4.657679138202073799e-01	1.963265962054990821e-01	-1.721852246841261980e-01	2.803620529260578143e-01	-3.972909588413196524e-01	1.000000000000001554e+00	-2.298196929669382160e-01	1.682323956675467747e-01	-3.318255891124658463e-01	2.941326153525994358e-01	-4.335613299604791915e-01	2.275801433149479691e-01	-1.823420497595174827e-01	1.613006870849801877e-01	-1.947934259700242199e-01	1.808392316369071828e-01	-2.439352047462852446e-01	2.086999767943497064e-01	-1.950156898932643434e-01	1.613694669327727371e-01	-1.690452020271175915e-01	1.574248894064104731e-01	-2.330264987199594517e-01
-5.226361836925540183e-02	8.857442519071086207e-02	-7.997371592802450524e-02	9.062628664020565272e-02	-1.092812258938865161e-01	6.118985196982727054e-02	-7.241576592812294655e-02	1.112393781205736620e-01	-1.433224542814885427e-01	8.941196899526195063e-02	-9.357710639436749023e-02	1.121407423904016709e-01	-1.449275544654309855e-01	1.835498892629382761e-01	-2.090519156422633862e-01	9.890037912232096939e-02	-1.293499376665752931e-01	1.816757461704999743e-01	-6.041453793140557638e-01	3.190519685825922713e-01	-1.246008611936175875e-01	1.156122319976390922e-01	-2.298196929669382160e-01	1.000000000000000888e+00	-5.863578284315569267e-01	1.496495119431058562e-01	-1.408463749609338012e-01	1.647649463503404743e-01	-2.931840498372826898e-01	2.169354587020079494e-01	-8.003139847861491518e-02	1.002897418135844237e-01	-1.003796430599322997e-01	1.471307141117070560e-01	-1.930377609653418369e-01	9.627663541323588925e-02	-8.654014182486291507e-02	9.448522488926971996e-02	-9.449633192502682189e-02	1.460976558613496512e-01
4.776751525987515956e-02	-8.217818390921363680e-02	7.324504630778665148e-02	-8.529918569705333131e-02	9.977956220310753299e-02	-5.626689961080852398e-02	6.599438590838445362e-02	-1.028678495519054631e-01	1.295026132140212893e-01	-8.495375948976904845e-02	8.276528512723053954e-02	-1.023423476973407548e-01	1.260873256101618378e-01	-1.813164549001987091e-01	1.967086861016589250e-01	-8.833529821455519959e-02	1.087897812823196975e-01	-1.526522798901197853e-01	3.132463375110254300e-01	-6.146371914849858564e-01	1.089756747937339620e-01	-9.994123300652797692e-02	1.682323956675467747e-01	-5.863578284315569267e-01	1.000000000000002442e+00	-1.425046900208704059e-01	1.255473006260724722e-01	-1.496728399607857030e-01	2.271265506888802410e-01	-3.140305004050857329e-01	7.631904496742528132e-02	-9.612452332224838414e-02	9.544290966959614875e-02	-1.435604872555418798e-01	1.950425081151925810e-01	-9.264960845874702089e-02	8.283342239377430860e-02	-9.200067658952851279e-02	9.207049879268403014e-02	-1.477850063436395023e-01
-8.098881833157026144e-02	1.310711839996173689e-01	-1.207411168768840748e-01	1.262848905750238448e-01	-1.981845059253883046e-01	9.279461587890759644e-02	-1.093760215322211460e-01	1.543168149684894797e-01	-1.994821272296257164e-01	1.293750345962152715e-01	-1.554309456265472456e-01	1.663221699382293473e-01	-2.140934972402160630e-01	1.350318599562968513e-01	-1.613857244423426429e-01	1.552453606540172837e-01	-1.918547717098376126e-01	2.078588945846358282e-01	-1.542264406935235088e-01	1.366379706048895248e-01	-4.124940152382571834e-01	2.558018865065733727e-01	-3.318255891124658463e-01	1.496495119431058562e-01	-1.425046900208704059e-01	1.000000000000002887e+00	-3.858852623409790294e-01	2.625599397266366597e-01	-2.313470903011498325e-01	1.693741751731913381e-01	-4.657594866442688608e-01	2.526582331950559812e-01	-2.087518950967056641e-01	2.316610555570559338e-01	-2.518210411503600255e-01	2.810414527206185897e-01	-2.432148393909442374e-01	1.870498476960431311e-01	-1.849538283165227393e-01	2.195868089460731309e-01
7.136711047108393324e-02	-1.210073977471548684e-01	9.151728739856540562e-02	-9.930033459858861322e-02	1.311518165785373058e-01	-8.439638170183770549e-02	9.744389419260346408e-02	-1.259247820143186147e-01	1.401379563070460632e-01	-9.309454675906433940e-02	1.317411814057713737e-01	-1.573974952169438779e-01	1.628441689745829257e-01	-1.071467142102610764e-01	1.215401303887521101e-01	-1.477381979259582145e-01	1.769734807105504404e-01	-2.020159072523976251e-01	1.327983413031412485e-01	-1.224974792866177220e-01	2.814404534836747462e-01	-4.153797453742809065e-01	2.941326153525994358e-01	-1.408463749609338012e-01	1.255473006260724722e-01	-3.858852623409790294e-01	1.000000000000003109e+00	-6.178632670171001484e-01	2.302690801459779946e-01	-1.733497753707534672e-01	1.895776834229668528e-01	-2.717598540953164443e-01	2.119565557086947050e-01	-2.575660347550760565e-01	2.043967425816188566e-01	-2.168781737374426699e-01	1.921003556085352781e-01	-1.873558927157689680e-01	1.670559115996064770e-01	-2.265884491795875921e-01
-6.853532506137198499e-02	1.139169009391940157e-01	-9.426102074787291729e-02	1.010414966968592315e-01	-1.380492899015527131e-01	7.992330116315397859e-02	-9.363204834710582569e-02	1.274486922373262998e-01	-1.488924274352793342e-01	9.700000025105426360e-02	-1.289088305497755604e-01	1.469180692781618391e-01	-1.726799213333686522e-01	1.158733070553955857e-01	-1.338436116161401679e-01	1.362528182078415473e-01	-1.731584103273106356e-01	2.047101300177421590e-01	-1.532400055578967690e-01	1.367455025100486055e-01	-2.599985673967162292e-01	2.471474674234826752e-01	-4.335613299604791915e-01	1.647649463503404743e-01	-1.496728399607857030e-01	2.625599397266366597e-01	-6.178632670171001484e-01	9.999999999999998890e-01	-3.889130277216217846e-01	2.082953168020215962e-01	-1.545461516838861349e-01	2.070239868695229746e-01	-2.654026957784150764e-01	2.507935237201480705e-01	-2.479129784238518486e-01	1.727211933876593164e-01	-1.761259936834994599e-01	1.802089210198208058e-01	-1.700324509382641625e-01	2.158846797858807176e-01
5.970259685547207179e-02	-1.017999154471039558e-01	8.454673979211130286e-02	-9.414304687111488268e-02	1.225651111820520722e-01	-7.021533868940517398e-02	8.141523078409974856e-02	-1.157598593001590431e-01	1.375504453207176681e-01	-9.158472542031516339e-02	1.053442185733391157e-01	-1.271600092627022671e-01	1.465440927854011477e-01	-1.299136665247481726e-01	1.438080357429861178e-01	-1.117954137763731981e-01	1.332782232782199761e-01	-1.691473956400100509e-01	1.929563025176628810e-01	-1.984561636537354179e-01	1.666362588245501042e-01	-1.514215174449126955e-01	2.275801433149479691e-01	-2.931840498372826898e-01	2.271265506888802410e-01	-2.313470903011498325e-01	2.302690801459779946e-01	-3.889130277216217846e-01	1.000000000000003775e+00	-6.158639542015045265e-01	1.338454812359183843e-01	-1.808174809081891099e-01	1.963339754402597392e-01	-3.379338117812266118e-01	3.094981031335851673e-01	-1.609918611256676291e-01	1.540977828736698751e-01	-1.792756428573598348e-01	1.773749922014076219e-01	-2.807493939266801353e-01
-4.749885243972387650e-02	8.040966823414216758e-02	-6.991226855828666653e-02	7.759846217373833621e-02	-1.025002575117196640e-01	5.556644774558960193e-02	-6.484753354588215779e-02	9.465268605871278440e-02	-1.177259466955766082e-01	7.672919890588851544e-02	-8.426228210058979429e-02	1.001923512389408244e-01	-1.217054436151466384e-01	1.141325006320301622e-01	-1.330602939518114314e-01	8.786744406480784253e-02	-1.068674093896794380e-01	1.337773691756261873e-01	-1.773935861235556577e-01	1.893815196971846970e-01	-1.308026816231882827e-01	1.147210517737273089e-01	-1.823420497595174827e-01	2.169354587020079494e-01	-3.140305004050857329e-01	1.693741751731913381e-01	-1.733497753707534672e-01	2.082953168020215962e-01	-6.158639542015045265e-01	1.000000000000000888e+00	-9.822523649853343031e-02	1.287157394949694778e-01	-1.381942309104335909e-01	2.080100322805565338e-01	-5.935042396573534385e-01	1.174375479445983333e-01	-1.138867324585652457e-01	1.294267347774001875e-01	-1.379144469730614886e-01	2.206640169148313402e-01
4.046390723129018180e-02	-6.628718844412172240e-02	5.958674958839183661e-02	-6.293388590899691437e-02	9.630914314079269678e-02	-4.664054071618344011e-02	5.471386743991754620e-02	-7.698363256879026117e-02	9.795615344858071838e-02	-6.387225596207027345e-02	7.591814146856362688e-02	-8.376043789152141927e-02	1.049400923319464551e-01	-6.848323059970258531e-02	8.125010401914162239e-02	-7.691282149225668607e-02	9.377366604529746574e-02	-1.045038116126438404e-01	8.026559366779428828e-02	-7.233492718871448179e-02	1.667498829600785881e-01	-1.235138157247415297e-01	1.613006870849801877e-01	-8.003139847861491518e-02	7.631904496742528132e-02	-4.657594866442688608e-01	1.895776834229668528e-01	-1.545461516838861349e-01	1.338454812359183843e-01	-9.822523649853343031e-02	1.000000000000001776e+00	-4.162042732401362577e-01	1.886213183298745266e-01	-1.852854997999343334e-01	1.476019969418639333e-01	-6.934785768801947636e-01	2.774922051158379421e-01	-1.784230507685272138e-01	1.463707751222544373e-01	-1.548762714590782574e-01
-4.765828623679076864e-02	7.829048370046408356e-02	-7.030406996919694174e-02	7.451762806570853825e-02	-1.129159180880560248e-01	5.498815741512251554e-02	-6.451042369665591081e-02	9.117071366579579395e-02	-1.157070746660938954e-01	7.547792862685458182e-02	-8.882567696433683879e-02	9.878232872513152685e-02	-1.238417222083508934e-01	8.262374034473524143e-02	-9.790112952738676266e-02	9.008253809845373494e-02	-1.105460048661218442e-01	1.246829072158355534e-01	-9.913872549133137535e-02	8.971284793447475980e-02	-1.800682307673036608e-01	1.439400694440699513e-01	-1.947934259700242199e-01	1.002897418135844237e-01	-9.612452332224838414e-02	2.526582331950559812e-01	-2.717598540953164443e-01	2.070239868695229746e-01	-1.808174809081891099e-01	1.287157394949694778e-01	-4.162042732401362577e-01	1.000000000000002887e+00	-4.463995290510834879e-01	2.640611787518219455e-01	-1.977020931524265113e-01	2.993365721647204825e-01	-5.948642217234642038e-01	2.754884229833141629e-01	-2.267909395906504977e-01	2.050303850255261462e-01
4.368315060266445699e-02	-7.233013486328694619e-02	6.392834193078741900e-02	-6.829914563683250894e-02	1.010939284374826191e-01	-5.059848305506371713e-02	5.920054545122722944e-02	-8.368718536554629883e-02	1.048254255898392051e-01	-6.863377370031259472e-02	8.031578983903407687e-02	-9.100516213096106199e-02	1.123035286747113976e-01	-7.754662740636084073e-02	9.116741058200494852e-02	-8.217928939658308840e-02	1.001465236289830751e-01	-1.161653332843810699e-01	9.583038572835986257e-02	-8.811205811833167090e-02	1.494704952841425516e-01	-1.253452219731488460e-01	1.808392316369071828e-01	-1.003796430599322997e-01	9.544290966959614875e-02	-2.087518950967056641e-01	2.119565557086947050e-01	-2.654026957784150764e-01	1.963339754402597392e-01	-1.381942309104335909e-01	1.886213183298745266e-01	-4.463995290510834879e-01	1.000000000000002887e+00	-5.952002599415167072e-01	2.016628575938815837e-01	-2.104591441306326305e-01	2.775784484066066704e-01	-4.873529594397367770e-01	2.656385010336831387e-01	-2.439965512294778593e-01
-6.053275076350338180e-02	9.961470201035016458e-02	-9.162784288421120527e-02	9.752223116079973553e-02	-1.482127733654854396e-01	6.975354369118282050e-02	-8.194710712351123416e-02	1.184809884395406077e-01	-1.530395671802685098e-01	9.969041125888919441e-02	-1.111857127036845888e-01	1.245910005872057913e-01	-1.603876707684565583e-01	1.129559667797612327e-01	-1.343644940840713620e-01	1.116525409689445997e-01	-1.371450831438138507e-01	1.583885021896900003e-01	-1.415018818176302373e-01	1.288081218811427953e-01	-1.965858494937317291e-01	1.589518190673545328e-01	-2.439352047462852446e-01	1.471307141117070560e-01	-1.435604872555418798e-01	2.316610555570559338e-01	-2.575660347550760565e-01	2.507935237201480705e-01	-3.379338117812266118e-01	2.080100322805565338e-01	-1.852854997999343334e-01	2.640611787518219455e-01	-5.952002599415167072e-01	1.000000000000002442e+00	-3.323132856153926951e-01	1.978890379177198067e-01	-2.632906695426597277e-01	2.896051186768754393e-01	-3.718227174452153339e-01	2.778782151604662909e-01
6.155649285997259745e-02	-1.053751615411784026e-01	8.686963414971252129e-02	-9.671641662664773320e-02	1.285054584160619795e-01	-7.243210337025059176e-02	8.352560442774061011e-02	-1.180267994588851260e-01	1.400885864663096725e-01	-9.457370897720113190e-02	1.068369563201909955e-01	-1.297925108992633858e-01	1.478052292995710726e-01	-1.230365164380849002e-01	1.375158881395598665e-01	-1.121731983258855841e-01	1.309597487378474090e-01	-1.612103635799622403e-01	1.612923683428382771e-01	-1.796762531969370302e-01	1.653919550749340106e-01	-1.426547257636682497e-01	2.086999767943497064e-01	-1.930377609653418369e-01	1.950425081151925810e-01	-2.518210411503600255e-01	2.043967425816188566e-01	-2.479129784238518486e-01	3.094981031335851673e-01	-5.935042396573534385e-01	1.476019969418639333e-01	-1.977020931524265113e-01	2.016628575938815837e-01	-3.323132856153926951e-01	1.000000000000003553e+00	-1.822871397076435973e-01	1.735228348034041912e-01	-2.141277258897793245e-01	2.257244047738428405e-01	-4.681233242323656896e-01
-4.858572943234164276e-02	7.913216285509951098e-02	-7.321322804080324098e-02	7.699676255116638668e-02	-1.203044510830368202e-01	5.576104444796315535e-02	-6.563038113039966481e-02	9.372505897575314493e-02	-1.215852387023848291e-01	7.904059934918131192e-02	-9.134575434071820488e-02	9.963073871178344809e-02	-1.288618112781051428e-01	8.388501356489290461e-02	-1.001815798519275491e-01	9.105515164475047607e-02	-1.119982740564520185e-01	1.245808090515758415e-01	-9.750388889972402828e-02	8.744133815689943134e-02	-1.921748950893550911e-01	1.389708102511097165e-01	-1.950156898932643434e-01	9.627663541323588925e-02	-9.264960845874702089e-02	2.810414527206185897e-01	-2.168781737374426699e-01	1.727211933876593164e-01	-1.609918611256676291e-01	1.174375479445983333e-01	-6.934785768801947636e-01	2.993365721647204825e-01	-2.104591441306326305e-01	1.978890379177198067e-01	-1.822871397076435973e-01	1.000000000000003553e+00	-4.731798324817219070e-01	2.075387894522142673e-01	-1.841628810906247027e-01	1.780274208502413691e-01
4.082846431900995221e-02	-6.738042053838638745e-02	5.993040852914264388e-02	-6.376561169072622604e-02	9.589263048367530073e-02	-4.721027181183948263e-02	5.524718295828982828e-02	-7.796271932276405137e-02	9.838679242147750637e-02	-6.441265730450554394e-02	7.542658038113493613e-02	-8.474146915411846781e-02	1.050315747734413413e-01	-7.075926257668285757e-02	8.353568206990097389e-02	-7.679739321365984528e-02	9.321419317138035510e-02	-1.061205646133313724e-01	8.486298013952590924e-02	-7.757283958543254032e-02	1.474836495423679228e-01	-1.184266335440669893e-01	1.613694669327727371e-01	-8.654014182486291507e-02	8.283342239377430860e-02	-2.432148393909442374e-01	1.921003556085352781e-01	-1.761259936834994599e-01	1.540977828736698751e-01	-1.138867324585652457e-01	2.774922051158379421e-01	-5.948642217234642038e-01	2.775784484066066704e-01	-2.632906695426597277e-01	1.735228348034041912e-01	-4.731798324817219070e-01	1.000000000000003109e+00	-4.576606905709938999e-01	2.341371830271323506e-01	-2.290588729188571260e-01
-4.214637239279028086e-02	6.937851282565692113e-02	-6.324161842921786902e-02	6.722103229145479086e-02	-1.023411767727713390e-01	4.860219216957650801e-02	-5.702740519085897769e-02	8.179616157278156441e-02	-1.050176026565625975e-01	6.855271031277671012e-02	-7.758239584095683039e-02	8.691237771978091442e-02	-1.106629373787579307e-01	7.602215706483508861e-02	-9.028536861793236279e-02	7.818740480540975479e-02	-9.564248370480263328e-02	1.096864870837633843e-01	-9.242977578663547078e-02	8.444623284404166597e-02	-1.422672917887285171e-01	1.145280200070364213e-01	-1.690452020271175915e-01	9.448522488926971996e-02	-9.200067658952851279e-02	1.870498476960431311e-01	-1.873558927157689680e-01	1.802089210198208058e-01	-1.792756428573598348e-01	1.294267347774001875e-01	-1.784230507685272138e-01	2.754884229833141629e-01	-4.873529594397367770e-01	2.896051186768754393e-01	-2.141277258897793245e-01	2.075387894522142673e-01	-4.576606905709938999e-01	1.000000000000003109e+00	-5.753242626740893151e-01	2.700741839008610201e-01
4.091537749407408997e-02	-6.774959427825466562e-02	6.100793400567510599e-02	-6.522147474420948721e-02	9.805634132321909557e-02	-4.731476349080832033e-02	5.535453546457370921e-02	-7.929661190907624779e-02	1.010330270544522457e-01	-6.625965515424922514e-02	7.451629080577924780e-02	-8.455207443942194812e-02	1.060907759440120474e-01	-7.438858301673396956e-02	8.782466139908334801e-02	-7.549765799340238392e-02	9.138484761120302391e-02	-1.058633512823175526e-01	9.091433625242495431e-02	-8.467866746446556236e-02	1.317285994723108589e-01	-1.072344937987824709e-01	1.574248894064104731e-01	-9.449633192502682189e-02	9.207049879268403014e-02	-1.849538283165227393e-01	1.670559115996064770e-01	-1.700324509382641625e-01	1.773749922014076219e-01	-1.379144469730614886e-01	1.463707751222544373e-01	-2.267909395906504977e-01	2.656385010336831387e-01	-3.718227174452153339e-01	2.257244047738428405e-01	-1.841628810906247027e-01	2.341371830271323506e-01	-5.753242626740893151e-01	1.000000000000002887e+00	-6.010690962586544561e-01
