1.000000000000000222e+00	-5.790697716267508843e-01	2.704601510013063259e-01	-1.638374194770369496e-01	1.528758836283372335e-01	-5.632903586178460431e-01	2.948354647423108710e-01	-2.026808612493667394e-01	1.627694348398386059e-01	-2.789169662101399494e-01	2.451402948528063341e-01	-2.333280022400586740e-01	1.516415917695170812e-01	-1.224565997299434800e-01	7.763160879343687648e-02	-1.363307533667600380e-01	1.247183138252705298e-01	-1.571440287885522979e-01	1.223497500772969121e-01	-7.578443666775298848e-02	9.611132377891473677e-02	-1.256255848862238012e-01	1.248415998831932106e-01	-8.503783131611801493e-02	7.122764618353548405e-02	-9.248801935785525008e-02	1.116928397952442753e-01	-1.135578806129964730e-01	8.759724965037998801e-02	-7.845823101733474803e-02	5.886858737053111273e-02	-6.409865466305475490e-02	8.963179223146072738e-02	-6.846518759331271520e-02	8.158594884757630616e-02	-1.417364016336380150e-01	9.310591295014938873e-02	-1.249513025573147362e-01	5.758513685677747740e-02	-6.741222804235025290e-02
-5.790697716267508843e-01	1.000000000000000222e+00	-6.006962340654320442e-01	1.880339270656500306e-01	-1.902836603080497735e-01	2.615862886934655629e-01	-3.442911207248445238e-01	1.791006274120082176e-01	-1.539245159409648178e-01	2.211871189319584430e-01	-2.191410555192946086e-01	1.907906252779106859e-01	-1.331841759327836439e-01	1.026033075987071441e-01	-6.458434153577645442e-02	1.070936591015481526e-01	-1.020294617556664618e-01	1.260716581097860445e-01	-1.035148313743966403e-01	6.196421836706876574e-02	-7.750507040327207775e-02	9.970187581296112433e-02	-1.008648146637608350e-01	6.787514861505926367e-02	-5.716047100072598613e-02	7.287714104722511910e-02	-9.054120690024933249e-02	8.776857533282858559e-02	-7.007000030039174654e-02	6.197155350431748921e-02	-4.467702911033757246e-02	4.851646268729080391e-02	-6.974213947225103849e-02	5.368467801571395748e-02	-6.458811153355097090e-02	1.047666084810489617e-01	-7.134791596007691861e-02	9.441759989463510694e-02	-4.487719992462253088e-02	5.208206389835898231e-02
2.704601510013063259e-01	-6.006962340654320442e-01	9.999999999999996669e-01	-4.150156149640619740e-01	2.621259308109622488e-01	-2.072706609421033352e-01	2.175134653144830399e-01	-3.072629893541685697e-01	2.297717135169421998e-01	-3.635096701204927339e-01	1.909968190963169665e-01	-1.845399075209482598e-01	1.785568842031368675e-01	-1.447499290240938652e-01	8.990250072611499776e-02	-1.308492092694112652e-01	1.206209714957272167e-01	-1.702059499443526469e-01	1.387589253755131535e-01	-8.723139218080905311e-02	9.496097955731507001e-02	-1.242203086876385587e-01	1.308821112045491508e-01	-9.059389847300722276e-02	7.656201971176251897e-02	-9.156203218034598967e-02	1.123453341958192686e-01	-1.182836531574007477e-01	9.299877625720322227e-02	-8.386872049964309850e-02	6.089138038892923793e-02	-6.626062450863660913e-02	9.358191443402377740e-02	-7.205668442413729058e-02	8.610721799766302142e-02	-1.458761807208073802e-01	9.678993807803328020e-02	-1.295963836733996510e-01	6.042802734908617190e-02	-7.060500561127650010e-02
-1.638374194770369496e-01	1.880339270656500306e-01	-4.150156149640619740e-01	9.999999999999994449e-01	-7.944112281752004900e-01	1.116093691413521938e-01	-1.316932113411298233e-01	1.945448452466015388e-01	-2.665918754941765667e-01	2.726499199227050418e-01	-1.249627592109813640e-01	1.075860386864139068e-01	-1.271367980281369603e-01	1.037344942664811948e-01	-6.481601727583861938e-02	8.024915383536516955e-02	-7.609446212594424275e-02	1.091138306588165657e-01	-9.984848070014962218e-02	6.072941417062063113e-02	-6.009628338574928008e-02	7.744598435037854112e-02	-8.500597968575875074e-02	5.874161991713612585e-02	-5.035425040552785753e-02	5.680152816859760506e-02	-7.203480152021568550e-02	7.291418334427912651e-02	-6.045791444974939893e-02	5.388212505949602216e-02	-3.672640337123362492e-02	3.980207551066273358e-02	-5.833396052797453629e-02	4.556570783975954358e-02	-5.522335331152144339e-02	8.493188458171867239e-02	-5.928002420000992589e-02	7.771656727963766054e-02	-3.789918401167631512e-02	4.376736259540878193e-02
1.528758836283372335e-01	-1.902836603080497735e-01	2.621259308109622488e-01	-7.944112281752004900e-01	9.999999999999993339e-01	-1.155749421572692393e-01	1.308633723637695201e-01	-2.130083505959154688e-01	2.276567667602747147e-01	-4.271467609165311430e-01	1.298729375012337428e-01	-1.164446624615584486e-01	1.370625936565924574e-01	-1.156436643088679800e-01	7.577877092683349414e-02	-9.159053427049576590e-02	8.544751110668438732e-02	-1.247264623844111103e-01	1.103322890829970121e-01	-7.205493084458186592e-02	6.817605369090021239e-02	-8.842815124460680354e-02	9.685716825806470198e-02	-6.770078191575866489e-02	5.815702405878175885e-02	-6.517839749274559336e-02	8.176684193503916398e-02	-8.528990103819757140e-02	6.956221867250574065e-02	-6.282008842760136713e-02	4.344275616428024817e-02	-4.714530447176557004e-02	6.803447952206780058e-02	-5.301150142591141978e-02	6.393589497714802228e-02	-1.020042037879595326e-01	6.977920253898309277e-02	-9.215648016752164828e-02	4.423096718975702557e-02	-5.133864561373847890e-02
-5.632903586178460431e-01	2.615862886934655629e-01	-2.072706609421033352e-01	1.116093691413521938e-01	-1.155749421572692393e-01	1.000000000000000000e+00	-5.964229471752198197e-01	1.503605110262723477e-01	-1.246273409129033810e-01	1.846422373193563615e-01	-4.300113422910603056e-01	2.779940735608883440e-01	-1.298091663811397067e-01	9.832128089192894438e-02	-6.155396132813254623e-02	1.258665809841804650e-01	-1.214583754096136142e-01	1.304897725265399822e-01	-1.017227681442428033e-01	5.937709445193532776e-02	-8.803499266169426130e-02	1.125560747804990741e-01	-1.058913721456604951e-01	6.941141623663853177e-02	-5.772101713230986392e-02	8.122091812740218908e-02	-9.987630663251235996e-02	9.049528884154131592e-02	-7.149483491785263434e-02	6.262969078492826303e-02	-4.544027238304667454e-02	4.939221024189285186e-02	-7.144675334340137851e-02	5.468482788758723123e-02	-6.561756639728974494e-02	1.056179731994246196e-01	-7.230744057013700765e-02	9.604792985803588257e-02	-4.562835525914261253e-02	5.289724613436114220e-02
2.948354647423108710e-01	-3.442911207248445238e-01	2.175134653144830399e-01	-1.316932113411298233e-01	1.308633723637695201e-01	-5.964229471752198197e-01	9.999999999999996669e-01	-2.061027732740823293e-01	1.554375483968970240e-01	-2.343538257702707239e-01	3.154446425061104287e-01	-5.206182554656202388e-01	1.657745299314516141e-01	-1.261748165525632404e-01	7.712599522387274253e-02	-1.642089990583364412e-01	1.618447055636425547e-01	-1.706626340348049997e-01	1.275706297576762738e-01	-7.492562241949360380e-02	1.107794293599543012e-01	-1.483978061733574327e-01	1.333893603415791385e-01	-8.738116017202168795e-02	7.215031366499745358e-02	-1.031510273994383498e-01	1.241813799935621299e-01	-1.142634332027497590e-01	8.922485912699894273e-02	-7.862652605175352027e-02	5.674201020863548633e-02	-6.180263631637667593e-02	8.938556947919282236e-02	-6.833876230350570402e-02	8.153546375939216273e-02	-1.323905617228295917e-01	8.998941150350876772e-02	-1.207481138104272989e-01	5.694732357933694061e-02	-6.618123074138236583e-02
-2.026808612493667394e-01	1.791006274120082176e-01	-3.072629893541685697e-01	1.945448452466015388e-01	-2.130083505959154688e-01	1.503605110262723477e-01	-2.061027732740823293e-01	9.999999999999994449e-01	-6.661020620410064152e-01	2.980592183399727868e-01	-1.952249398607845965e-01	1.699118150635273161e-01	-4.461059700531065930e-01	2.279265134126196302e-01	-1.203241803792216291e-01	1.338206620699045057e-01	-1.358203127123249199e-01	2.168550655535615157e-01	-2.105381285784766188e-01	1.098154203115909999e-01	-1.023961496640539148e-01	1.323832852630511259e-01	-1.544159164272224383e-01	1.035948271822967753e-01	-8.798424440469863883e-02	9.384180835538144527e-02	-1.223296014500799417e-01	1.199946617237789143e-01	-1.051286374383296751e-01	9.158223016409906825e-02	-5.653662057964089355e-02	6.121332937790866652e-02	-9.568728033904987107e-02	7.573247567966362448e-02	-9.232596930436125227e-02	1.243985517959744075e-01	-9.242884597888870180e-02	1.206525286946018016e-01	-6.195633415278829770e-02	7.057180201098162131e-02
1.627694348398386059e-01	-1.539245159409648178e-01	2.297717135169421998e-01	-2.665918754941765667e-01	2.276567667602747147e-01	-1.246273409129033810e-01	1.554375483968970240e-01	-6.661020620410064152e-01	9.999999999999995559e-01	-5.316610151595360101e-01	1.594899417632970884e-01	-1.429433845303552386e-01	2.532633176711696077e-01	-2.513603020086158102e-01	1.174627316762047180e-01	-1.209111992195770341e-01	1.170846851114569764e-01	-1.954754382004181001e-01	1.866315174142958444e-01	-1.107669294046576963e-01	9.014895332954077356e-02	-1.185894708094143712e-01	1.339490043901616356e-01	-9.455685494471605113e-02	8.050300011804062406e-02	-8.449541075598580864e-02	1.073729813025648544e-01	-1.108142852970683406e-01	9.444581575021802899e-02	-8.546826348385756777e-02	5.234774030334173045e-02	-5.690417641498570628e-02	8.714734380410277259e-02	-6.922531876647931848e-02	8.346537627936918835e-02	-1.177201870562436387e-01	8.498714748845478950e-02	-1.132457153157363228e-01	5.674723432136867529e-02	-6.529849789879291211e-02
-2.789169662101399494e-01	2.211871189319584430e-01	-3.635096701204927339e-01	2.726499199227050418e-01	-4.271467609165311430e-01	1.846422373193563615e-01	-2.343538257702707239e-01	2.980592183399727868e-01	-5.316610151595360101e-01	1.000000000000001110e+00	-2.507387648296069971e-01	1.906698070971589720e-01	-2.530601193857585085e-01	1.976199402138141270e-01	-1.595811019793030028e-01	1.461800757387939353e-01	-1.436304110742517293e-01	1.991960194452414012e-01	-2.108178114815292825e-01	1.329714597832832301e-01	-1.156418821574328598e-01	1.444975183810061070e-01	-1.680983360267814808e-01	1.152721148168384391e-01	-1.025416245879531979e-01	1.062537120476771124e-01	-1.424525694964637046e-01	1.340759230429486859e-01	-1.210503020679794678e-01	1.053912306954090522e-01	-6.698545954987002171e-02	7.184627833899231986e-02	-1.106503385846159815e-01	8.815867853412628907e-02	-1.100590856809492285e-01	1.456940824744596408e-01	-1.113651155964840017e-01	1.383492314583988358e-01	-7.277705699093485470e-02	8.232366283504896631e-02
2.451402948528063341e-01	-2.191410555192946086e-01	1.909968190963169665e-01	-1.249627592109813640e-01	1.298729375012337428e-01	-4.300113422910603056e-01	3.154446425061104287e-01	-1.952249398607845965e-01	1.594899417632970884e-01	-2.507387648296069971e-01	1.000000000000000444e+00	-6.612228325298924458e-01	1.920114102469434869e-01	-1.487135063261472434e-01	9.148893705793946507e-02	-2.477707955636357373e-01	2.164147707628414075e-01	-2.154728198284437679e-01	1.536505231202884847e-01	-8.951874702292768327e-02	1.528809072241701927e-01	-2.014214719978033030e-01	1.710939913027941794e-01	-1.112033564717455070e-01	9.080119517401569196e-02	-1.431548818810410018e-01	1.655254039658762000e-01	-1.487105708569566032e-01	1.132835948472568910e-01	-9.971041553688285430e-02	7.361667489528483932e-02	-8.036062616447978146e-02	1.153019231664849931e-01	-8.752153271989519812e-02	1.037769457737427597e-01	-1.725487121223237830e-01	1.159853932328945569e-01	-1.572451420052057569e-01	7.304269442871390294e-02	-8.516471643711337469e-02
-2.333280022400586740e-01	1.907906252779106859e-01	-1.845399075209482598e-01	1.075860386864139068e-01	-1.164446624615584486e-01	2.779940735608883440e-01	-5.206182554656202388e-01	1.699118150635273161e-01	-1.429433845303552386e-01	1.906698070971589720e-01	-6.612228325298924458e-01	1.000000000000000666e+00	-2.133671108716165277e-01	1.379042439038627443e-01	-8.336784495993496136e-02	2.074165031209307397e-01	-2.888910549875257638e-01	1.975968921940871037e-01	-1.485856466081115768e-01	7.957738794916117964e-02	-1.462400901494078365e-01	1.872724925447287470e-01	-1.616446074018889900e-01	9.838683304593569268e-02	-8.047421935929194303e-02	1.253066201658330214e-01	-1.596230153498562343e-01	1.240820716299579907e-01	-1.006642863657863651e-01	8.552320023848833386e-02	-5.903859315889347509e-02	6.411424738892387842e-02	-9.744881591634828311e-02	7.446714953513181023e-02	-8.971688633845423255e-02	1.305807216612503152e-01	-9.422271796870028415e-02	1.243348350064319568e-01	-6.133341238382577360e-02	7.019979919274484115e-02
1.516415917695170812e-01	-1.331841759327836439e-01	1.785568842031368675e-01	-1.271367980281369603e-01	1.370625936565924574e-01	-1.298091663811397067e-01	1.657745299314516141e-01	-4.461059700531065930e-01	2.532633176711696077e-01	-2.530601193857585085e-01	1.920114102469434869e-01	-2.133671108716165277e-01	9.999999999999997780e-01	-5.177240677068518648e-01	1.616284777772929171e-01	-1.907917163740444344e-01	1.944646539050784440e-01	-4.879770735992600694e-01	2.999751777143336851e-01	-1.594035721734659850e-01	1.342923857238333962e-01	-1.882067741578728193e-01	2.108244782801509398e-01	-1.437651471703645656e-01	1.153019269245854073e-01	-1.244349555324143902e-01	1.537942411757672601e-01	-1.657510642046534644e-01	1.359595928829334943e-01	-1.233954184274867888e-01	7.053095709340113928e-02	-7.747844823948452087e-02	1.236381009331051078e-01	-9.789874781223764644e-02	1.150812086812856155e-01	-1.565955918092384325e-01	1.133622516054332285e-01	-1.589271229429456977e-01	7.892732952684222703e-02	-9.107805868168844521e-02
-1.224565997299434800e-01	1.026033075987071441e-01	-1.447499290240938652e-01	1.037344942664811948e-01	-1.156436643088679800e-01	9.832128089192894438e-02	-1.261748165525632404e-01	2.279265134126196302e-01	-2.513603020086158102e-01	1.976199402138141270e-01	-1.487135063261472434e-01	1.379042439038627443e-01	-5.177240677068518648e-01	9.999999999999993339e-01	-2.885609345548869609e-01	1.349068542916728175e-01	-1.420319892292301878e-01	2.747186348100610909e-01	-6.609188155703614731e-01	2.213232307640949359e-01	-1.023907736597020474e-01	1.380738671479871948e-01	-1.735021084875607578e-01	1.384552474103423469e-01	-1.177449262732176566e-01	9.322566259857859028e-02	-1.208708083514213882e-01	1.290259564014442639e-01	-1.294129327992263878e-01	1.161563666383411964e-01	-5.501593251476709356e-02	6.010882753437909315e-02	-1.002026756330704066e-01	8.449738235850647039e-02	-1.012879745608797483e-01	1.183962291601947242e-01	-8.966257186346748842e-02	1.225334537473430074e-01	-6.676949412716412513e-02	7.566333622271681492e-02
7.763160879343687648e-02	-6.458434153577645442e-02	8.990250072611499776e-02	-6.481601727583861938e-02	7.577877092683349414e-02	-6.155396132813254623e-02	7.712599522387274253e-02	-1.203241803792216291e-01	1.174627316762047180e-01	-1.595811019793030028e-01	9.148893705793946507e-02	-8.336784495993496136e-02	1.616284777772929171e-01	-2.885609345548869609e-01	9.999999999999994449e-01	-8.859083718160437604e-02	8.701163640118091125e-02	-1.596526599308092098e-01	2.376917517798294299e-01	-8.832895614595993594e-01	6.719787247916417239e-02	-9.203140347544862265e-02	1.161672652331970090e-01	-1.164429337781659607e-01	1.407224923968807273e-01	-6.299368659148807392e-02	8.063737426435478584e-02	-9.621518864984265895e-02	1.032609541290935851e-01	-1.417752226250177661e-01	4.069883578350351472e-02	-4.469999212037605030e-02	7.489944606440594732e-02	-6.914332498296313356e-02	8.237809502662989114e-02	-8.848133446622698239e-02	6.639783439425639422e-02	-9.338303497485653248e-02	5.335409924580197805e-02	-6.194911601583826671e-02
-1.363307533667600380e-01	1.070936591015481526e-01	-1.308492092694112652e-01	8.024915383536516955e-02	-9.159053427049576590e-02	1.258665809841804650e-01	-1.642089990583364412e-01	1.338206620699045057e-01	-1.209111992195770341e-01	1.461800757387939353e-01	-2.477707955636357373e-01	2.074165031209307397e-01	-1.907917163740444344e-01	1.349068542916728175e-01	-8.859083718160437604e-02	9.999999999999984457e-01	-5.848128756439640030e-01	2.383539853642537565e-01	-1.715996893028583214e-01	8.374754754123113487e-02	-5.319745269806998023e-01	3.091948342688118911e-01	-2.268836345544224808e-01	1.227670116892711355e-01	-9.778117245393362633e-02	2.615199064584676769e-01	-3.397562675329537374e-01	1.540201778075896144e-01	-1.260301474693075185e-01	1.011133119810721515e-01	-6.993005791766854218e-02	7.574203551342310881e-02	-1.200349365509267158e-01	8.977104704620612885e-02	-1.088690247463493660e-01	1.373052018082497328e-01	-1.091676326386406687e-01	1.401383035121065435e-01	-7.271202942730078944e-02	8.138919366482823270e-02
1.247183138252705298e-01	-1.020294617556664618e-01	1.206209714957272167e-01	-7.609446212594424275e-02	8.544751110668438732e-02	-1.214583754096136142e-01	1.618447055636425547e-01	-1.358203127123249199e-01	1.170846851114569764e-01	-1.436304110742517293e-01	2.164147707628414075e-01	-2.888910549875257638e-01	1.944646539050784440e-01	-1.420319892292301878e-01	8.701163640118091125e-02	-5.848128756439640030e-01	1.000000000000000444e+00	-3.873141099836889256e-01	1.736491930717923016e-01	-8.456920131665122964e-02	2.601294288657351461e-01	-5.294440062413136028e-01	2.368468556077116538e-01	-1.260387875660458623e-01	9.529370372647229248e-02	-2.078078393315929973e-01	2.443510158758922801e-01	-1.564458245528759228e-01	1.217054434521994688e-01	-1.001981417368089378e-01	6.449200616129444064e-02	-7.065058810661482835e-02	1.152026378824510949e-01	-8.664515391041451020e-02	1.023660055997373114e-01	-1.323798393499628634e-01	1.014214498079711868e-01	-1.376429159116689671e-01	6.949131976005641642e-02	-7.865095473167391105e-02
-1.571440287885522979e-01	1.260716581097860445e-01	-1.702059499443526469e-01	1.091138306588165657e-01	-1.247264623844111103e-01	1.304897725265399822e-01	-1.706626340348049997e-01	2.168550655535615157e-01	-1.954754382004181001e-01	1.991960194452414012e-01	-2.154728198284437679e-01	1.975968921940871037e-01	-4.879770735992600694e-01	2.747186348100610909e-01	-1.596526599308092098e-01	2.383539853642537565e-01	-3.873141099836889256e-01	9.999999999999985567e-01	-4.352855149250156042e-01	1.510648890080591444e-01	-1.874668810008488784e-01	2.569529288561984148e-01	-4.067280273579206296e-01	1.850334873478663988e-01	-1.428748141810367023e-01	1.561464298720356414e-01	-2.117627927124054177e-01	2.003470090800148762e-01	-1.780437082715379260e-01	1.424210449452603944e-01	-7.902517239597424414e-02	8.607701066515618948e-02	-1.534778589790454506e-01	1.180015392658741030e-01	-1.413238581641776126e-01	1.615101690260472567e-01	-1.285304192068523477e-01	1.725528445387543297e-01	-9.333370414454639219e-02	1.039807226584575223e-01
1.223497500772969121e-01	-1.035148313743966403e-01	1.387589253755131535e-01	-9.984848070014962218e-02	1.103322890829970121e-01	-1.017227681442428033e-01	1.275706297576762738e-01	-2.105381285784766188e-01	1.866315174142958444e-01	-2.108178114815292825e-01	1.536505231202884847e-01	-1.485856466081115768e-01	2.999751777143336851e-01	-6.609188155703614731e-01	2.376917517798294299e-01	-1.715996893028583214e-01	1.736491930717923016e-01	-4.352855149250156042e-01	9.999999999999990008e-01	-3.095883698372208226e-01	1.233552839055074846e-01	-1.749051344398766528e-01	2.105308977270638759e-01	-2.013643690487672833e-01	1.452128396011280742e-01	-1.147019520345165938e-01	1.430714988515512653e-01	-1.659560641591163732e-01	1.596672814722818745e-01	-1.499419641039052009e-01	6.763875867019436550e-02	-7.453578989021014678e-02	1.236822261653374166e-01	-1.056589955485022908e-01	1.224401165890332682e-01	-1.479518261169964211e-01	1.092272606674105501e-01	-1.556226472770088354e-01	8.243024363995275772e-02	-9.480736343515713815e-02
-7.578443666775298848e-02	6.196421836706876574e-02	-8.723139218080905311e-02	6.072941417062063113e-02	-7.205493084458186592e-02	5.937709445193532776e-02	-7.492562241949360380e-02	1.098154203115909999e-01	-1.107669294046576963e-01	1.329714597832832301e-01	-8.951874702292768327e-02	7.957738794916117964e-02	-1.594035721734659850e-01	2.213232307640949359e-01	-8.832895614595993594e-01	8.374754754123113487e-02	-8.456920131665122964e-02	1.510648890080591444e-01	-3.095883698372208226e-01	9.999999999999968914e-01	-6.509235537930188609e-02	8.830380234291690389e-02	-1.171397712242321365e-01	1.186849802002247073e-01	-1.725134644025251851e-01	6.016421000801468882e-02	-7.869053057713713828e-02	9.212130622894476595e-02	-1.070366608895913785e-01	1.372973958179978804e-01	-3.866503462678287650e-02	4.233019640095562336e-02	-7.285133411755762012e-02	6.823011058701806963e-02	-8.274468455941426381e-02	8.234798160815230694e-02	-6.349373142347815302e-02	8.785420912534812332e-02	-5.236322070169301124e-02	5.981869914108784575e-02
9.611132377891473677e-02	-7.750507040327207775e-02	9.496097955731507001e-02	-6.009628338574928008e-02	6.817605369090021239e-02	-8.803499266169426130e-02	1.107794293599543012e-01	-1.023961496640539148e-01	9.014895332954077356e-02	-1.156418821574328598e-01	1.528809072241701927e-01	-1.462400901494078365e-01	1.342923857238333962e-01	-1.023907736597020474e-01	6.719787247916417239e-02	-5.319745269806998023e-01	2.601294288657351461e-01	-1.874668810008488784e-01	1.233552839055074846e-01	-6.509235537930188609e-02	1.000000000000000666e+00	-3.918380719639154020e-01	1.889563431736767107e-01	-1.064116352485999784e-01	8.145120204916740658e-02	-6.247294131770706471e-01	3.150391419993670561e-01	-1.446139112429575824e-01	1.056599644395361942e-01	-8.751121946969155074e-02	6.501156875202875052e-02	-7.099437475309613998e-02	1.062970001564129269e-01	-7.826716394582174108e-02	9.213651826694131686e-02	-1.286756912865635594e-01	9.703819995857537739e-02	-1.309116134053542602e-01	6.347975332593720765e-02	-7.231020830683082545e-02
-1.256255848862238012e-01	9.970187581296112433e-02	-1.242203086876385587e-01	7.744598435037854112e-02	-8.842815124460680354e-02	1.125560747804990741e-01	-1.483978061733574327e-01	1.323832852630511259e-01	-1.185894708094143712e-01	1.444975183810061070e-01	-2.014214719978033030e-01	1.872724925447287470e-01	-1.882067741578728193e-01	1.380738671479871948e-01	-9.203140347544862265e-02	3.091948342688118911e-01	-5.294440062413136028e-01	2.569529288561984148e-01	-1.749051344398766528e-01	8.830380234291690389e-02	-3.918380719639154020e-01	9.999999999999968914e-01	-4.165213406812192098e-01	1.608595160539479929e-01	-1.196351825082346693e-01	2.622628761431500810e-01	-4.539330344872530842e-01	1.976903874589579779e-01	-1.578460516373104139e-01	1.214180860197433681e-01	-7.878986138480002788e-02	8.635125069410325149e-02	-1.472172270214136269e-01	1.074515197428961011e-01	-1.275830874957264160e-01	1.523019246097104817e-01	-1.225777973208821564e-01	1.629656681786558203e-01	-8.525528343462934755e-02	9.478316227282546080e-02
1.248415998831932106e-01	-1.008648146637608350e-01	1.308821112045491508e-01	-8.500597968575875074e-02	9.685716825806470198e-02	-1.058913721456604951e-01	1.333893603415791385e-01	-1.544159164272224383e-01	1.339490043901616356e-01	-1.680983360267814808e-01	1.710939913027941794e-01	-1.616446074018889900e-01	2.108244782801509398e-01	-1.735021084875607578e-01	1.161672652331970090e-01	-2.268836345544224808e-01	2.368468556077116538e-01	-4.067280273579206296e-01	2.105308977270638759e-01	-1.171397712242321365e-01	1.889563431736767107e-01	-4.165213406812192098e-01	9.999999999999970024e-01	-3.905378325430687858e-01	1.938709613333634285e-01	-1.747793852767751677e-01	2.276750668959369728e-01	-4.519918592084558595e-01	2.576212467409072504e-01	-2.083023000468672836e-01	1.055201390120450305e-01	-1.191997716178724853e-01	2.365967606798983214e-01	-1.745906163797882604e-01	1.885822313540377326e-01	-2.161841759421868348e-01	1.694837081664520295e-01	-2.640892466406087324e-01	1.306523311849477897e-01	-1.479704222521209256e-01
-8.503783131611801493e-02	6.787514861505926367e-02	-9.059389847300722276e-02	5.874161991713612585e-02	-6.770078191575866489e-02	6.941141623663853177e-02	-8.738116017202168795e-02	1.035948271822967753e-01	-9.455685494471605113e-02	1.152721148168384391e-01	-1.112033564717455070e-01	9.838683304593569268e-02	-1.437651471703645656e-01	1.384552474103423469e-01	-1.164429337781659607e-01	1.227670116892711355e-01	-1.260387875660458623e-01	1.850334873478663988e-01	-2.013643690487672833e-01	1.186849802002247073e-01	-1.064116352485999784e-01	1.608595160539479929e-01	-3.905378325430687858e-01	9.999999999999962252e-01	-4.635220487299199776e-01	9.738033184965859401e-02	-1.350506509861289506e-01	2.200337020496720697e-01	-6.444828279005381244e-01	2.942047197884540277e-01	-7.178527060153563899e-02	7.964893020734045703e-02	-1.709512415978265976e-01	2.020074471944381111e-01	-2.261222262983198783e-01	1.404335607059104818e-01	-1.189324743138543972e-01	1.743589811089163999e-01	-1.372799530282574898e-01	1.420114115180816372e-01
7.122764618353548405e-02	-5.716047100072598613e-02	7.656201971176251897e-02	-5.035425040552785753e-02	5.815702405878175885e-02	-5.772101713230986392e-02	7.215031366499745358e-02	-8.798424440469863883e-02	8.050300011804062406e-02	-1.025416245879531979e-01	9.080119517401569196e-02	-8.047421935929194303e-02	1.153019269245854073e-01	-1.177449262732176566e-01	1.407224923968807273e-01	-9.778117245393362633e-02	9.529370372647229248e-02	-1.428748141810367023e-01	1.452128396011280742e-01	-1.725134644025251851e-01	8.145120204916740658e-02	-1.196351825082346693e-01	1.938709613333634285e-01	-4.635220487299199776e-01	9.999999999999980016e-01	-7.693985464122543583e-02	1.032228364615179611e-01	-1.660473836613274856e-01	2.773954888085263804e-01	-7.704050346089157397e-01	5.987920258161793380e-02	-6.663926355096216891e-02	1.303014707105043801e-01	-1.619373367499717387e-01	1.902280977405306772e-01	-1.220806229794405839e-01	9.933561862954481958e-02	-1.483435449269883688e-01	1.101952073412494348e-01	-1.291117661480754575e-01
-9.248801935785525008e-02	7.287714104722511910e-02	-9.156203218034598967e-02	5.680152816859760506e-02	-6.517839749274559336e-02	8.122091812740218908e-02	-1.031510273994383498e-01	9.384180835538144527e-02	-8.449541075598580864e-02	1.062537120476771124e-01	-1.431548818810410018e-01	1.253066201658330214e-01	-1.244349555324143902e-01	9.322566259857859028e-02	-6.299368659148807392e-02	2.615199064584676769e-01	-2.078078393315929973e-01	1.561464298720356414e-01	-1.147019520345165938e-01	6.016421000801468882e-02	-6.247294131770706471e-01	2.622628761431500810e-01	-1.747793852767751677e-01	9.738033184965859401e-02	-7.693985464122543583e-02	9.999999999999983347e-01	-6.550319640603254889e-01	1.362393222145037164e-01	-1.012604498472650799e-01	8.115920242027306608e-02	-7.014896149806468251e-02	7.459793361289231151e-02	-1.044235920929809380e-01	7.473023986473961711e-02	-8.972472828558979152e-02	1.215522228520273251e-01	-9.732155245096478502e-02	1.216593922408276823e-01	-6.075899216226889055e-02	6.814764262034631037e-02
1.116928397952442753e-01	-9.054120690024933249e-02	1.123453341958192686e-01	-7.203480152021568550e-02	8.176684193503916398e-02	-9.987630663251235996e-02	1.241813799935621299e-01	-1.223296014500799417e-01	1.073729813025648544e-01	-1.424525694964637046e-01	1.655254039658762000e-01	-1.596230153498562343e-01	1.537942411757672601e-01	-1.208708083514213882e-01	8.063737426435478584e-02	-3.397562675329537374e-01	2.443510158758922801e-01	-2.117627927124054177e-01	1.430714988515512653e-01	-7.869053057713713828e-02	3.150391419993670561e-01	-4.539330344872530842e-01	2.276750668959369728e-01	-1.350506509861289506e-01	1.032228364615179611e-01	-6.550319640603254889e-01	9.999999999999987788e-01	-2.157188973886023931e-01	1.359716075340856312e-01	-1.134202596937803759e-01	9.661086786633348023e-02	-1.114239493394481029e-01	1.487256454890505120e-01	-1.049918569870451485e-01	1.215473387428974289e-01	-1.848580460378173307e-01	1.369361403908639918e-01	-1.855725119750355478e-01	8.549186254270671470e-02	-9.802034279097909808e-02
-1.135578806129964730e-01	8.776857533282858559e-02	-1.182836531574007477e-01	7.291418334427912651e-02	-8.528990103819757140e-02	9.049528884154131592e-02	-1.142634332027497590e-01	1.199946617237789143e-01	-1.108142852970683406e-01	1.340759230429486859e-01	-1.487105708569566032e-01	1.240820716299579907e-01	-1.657510642046534644e-01	1.290259564014442639e-01	-9.621518864984265895e-02	1.540201778075896144e-01	-1.564458245528759228e-01	2.003470090800148762e-01	-1.659560641591163732e-01	9.212130622894476595e-02	-1.446139112429575824e-01	1.976903874589579779e-01	-4.519918592084558595e-01	2.200337020496720697e-01	-1.660473836613274856e-01	1.362393222145037164e-01	-2.157188973886023931e-01	9.999999999999984457e-01	-2.993242895160842520e-01	1.729372164376782317e-01	-1.338981529619574784e-01	1.455121508227361637e-01	-6.369264366298628133e-01	2.160961054131238235e-01	-2.400590079641754526e-01	2.019337299099987493e-01	-2.173863295302745913e-01	2.864582939046875221e-01	-1.601997216998776175e-01	1.597077975278962114e-01
8.759724965037998801e-02	-7.007000030039174654e-02	9.299877625720322227e-02	-6.045791444974939893e-02	6.956221867250574065e-02	-7.149483491785263434e-02	8.922485912699894273e-02	-1.051286374383296751e-01	9.444581575021802899e-02	-1.210503020679794678e-01	1.132835948472568910e-01	-1.006642863657863651e-01	1.359595928829334943e-01	-1.294129327992263878e-01	1.032609541290935851e-01	-1.260301474693075185e-01	1.217054434521994688e-01	-1.780437082715379260e-01	1.596672814722818745e-01	-1.070366608895913785e-01	1.056599644395361942e-01	-1.578460516373104139e-01	2.576212467409072504e-01	-6.444828279005381244e-01	2.773954888085263804e-01	-1.012604498472650799e-01	1.359716075340856312e-01	-2.993242895160842520e-01	9.999999999999985567e-01	-3.894333736560138259e-01	8.576264233539432347e-02	-9.687959032674274551e-02	2.087427747639359066e-01	-3.672443181435676718e-01	2.607167452460484314e-01	-1.710423144100270132e-01	1.416405651063169513e-01	-2.244955946170412164e-01	1.787200046389472718e-01	-1.985385850690492004e-01
-7.845823101733474803e-02	6.197155350431748921e-02	-8.386872049964309850e-02	5.388212505949602216e-02	-6.282008842760136713e-02	6.262969078492826303e-02	-7.862652605175352027e-02	9.158223016409906825e-02	-8.546826348385756777e-02	1.053912306954090522e-01	-9.971041553688285430e-02	8.552320023848833386e-02	-1.233954184274867888e-01	1.161563666383411964e-01	-1.417752226250177661e-01	1.011133119810721515e-01	-1.001981417368089378e-01	1.424210449452603944e-01	-1.499419641039052009e-01	1.372973958179978804e-01	-8.751121946969155074e-02	1.214180860197433681e-01	-2.083023000468672836e-01	2.942047197884540277e-01	-7.704050346089157397e-01	8.115920242027306608e-02	-1.134202596937803759e-01	1.729372164376782317e-01	-3.894333736560138259e-01	9.999999999999953371e-01	-6.499770592715344020e-02	7.155899245999838842e-02	-1.488328910734157129e-01	1.928625294877933660e-01	-2.894923430998490033e-01	1.264272000864496148e-01	-1.097299027639517255e-01	1.558737135090348669e-01	-1.344632800677496576e-01	1.464414988374196369e-01
5.886858737053111273e-02	-4.467702911033757246e-02	6.089138038892923793e-02	-3.672640337123362492e-02	4.344275616428024817e-02	-4.544027238304667454e-02	5.674201020863548633e-02	-5.653662057964089355e-02	5.234774030334173045e-02	-6.698545954987002171e-02	7.361667489528483932e-02	-5.903859315889347509e-02	7.053095709340113928e-02	-5.501593251476709356e-02	4.069883578350351472e-02	-6.993005791766854218e-02	6.449200616129444064e-02	-7.902517239597424414e-02	6.763875867019436550e-02	-3.866503462678287650e-02	6.501156875202875052e-02	-7.878986138480002788e-02	1.055201390120450305e-01	-7.178527060153563899e-02	5.987920258161793380e-02	-7.014896149806468251e-02	9.661086786633348023e-02	-1.338981529619574784e-01	8.576264233539432347e-02	-6.499770592715344020e-02	9.999999999999966693e-01	-8.080373922248547114e-01	1.529192839666763948e-01	-8.189099378094009951e-02	9.529679254199864558e-02	-4.738777591338289019e-01	2.732773288819081992e-01	-1.827252594768638549e-01	6.842500057624416321e-02	-7.378059925146318587e-02
-6.409865466305475490e-02	4.851646268729080391e-02	-6.626062450863660913e-02	3.980207551066273358e-02	-4.714530447176557004e-02	4.939221024189285186e-02	-6.180263631637667593e-02	6.121332937790866652e-02	-5.690417641498570628e-02	7.184627833899231986e-02	-8.036062616447978146e-02	6.411424738892387842e-02	-7.747844823948452087e-02	6.010882753437909315e-02	-4.469999212037605030e-02	7.574203551342310881e-02	-7.065058810661482835e-02	8.607701066515618948e-02	-7.453578989021014678e-02	4.233019640095562336e-02	-7.099437475309613998e-02	8.635125069410325149e-02	-1.191997716178724853e-01	7.964893020734045703e-02	-6.663926355096216891e-02	7.459793361289231151e-02	-1.114239493394481029e-01	1.455121508227361637e-01	-9.687959032674274551e-02	7.155899245999838842e-02	-8.080373922248547114e-01	9.999999999999982236e-01	-2.052417769860650776e-01	9.265084916744871502e-02	-1.089046263730208269e-01	2.973744912631961501e-01	-4.184546425759579358e-01	1.992943923588106903e-01	-7.710173398456134086e-02	8.068230172615231677e-02
8.963179223146072738e-02	-6.974213947225103849e-02	9.358191443402377740e-02	-5.833396052797453629e-02	6.803447952206780058e-02	-7.144675334340137851e-02	8.938556947919282236e-02	-9.568728033904987107e-02	8.714734380410277259e-02	-1.106503385846159815e-01	1.153019231664849931e-01	-9.744881591634828311e-02	1.236381009331051078e-01	-1.002026756330704066e-01	7.489944606440594732e-02	-1.200349365509267158e-01	1.152026378824510949e-01	-1.534778589790454506e-01	1.236822261653374166e-01	-7.285133411755762012e-02	1.062970001564129269e-01	-1.472172270214136269e-01	2.365967606798983214e-01	-1.709512415978265976e-01	1.303014707105043801e-01	-1.044235920929809380e-01	1.487256454890505120e-01	-6.369264366298628133e-01	2.087427747639359066e-01	-1.488328910734157129e-01	1.529192839666763948e-01	-2.052417769860650776e-01	9.999999999999978906e-01	-3.017808739323412648e-01	2.311269198373258615e-01	-2.311541888982472925e-01	2.342700175980195199e-01	-5.273181149636271270e-01	1.758816546079751963e-01	-1.816445247599597912e-01
-6.846518759331271520e-02	5.368467801571395748e-02	-7.205668442413729058e-02	4.556570783975954358e-02	-5.301150142591141978e-02	5.468482788758723123e-02	-6.833876230350570402e-02	7.573247567966362448e-02	-6.922531876647931848e-02	8.815867853412628907e-02	-8.752153271989519812e-02	7.446714953513181023e-02	-9.789874781223764644e-02	8.449738235850647039e-02	-6.914332498296313356e-02	8.977104704620612885e-02	-8.664515391041451020e-02	1.180015392658741030e-01	-1.056589955485022908e-01	6.823011058701806963e-02	-7.826716394582174108e-02	1.074515197428961011e-01	-1.745906163797882604e-01	2.020074471944381111e-01	-1.619373367499717387e-01	7.473023986473961711e-02	-1.049918569870451485e-01	2.160961054131238235e-01	-3.672443181435676718e-01	1.928625294877933660e-01	-8.189099378094009951e-02	9.265084916744871502e-02	-3.017808739323412648e-01	9.999999999999984457e-01	-6.581823449112849111e-01	1.450754907726634346e-01	-1.386751276076091388e-01	2.206337227985187277e-01	-4.568104314232145913e-01	2.980347778453889540e-01
8.158594884757630616e-02	-6.458811153355097090e-02	8.610721799766302142e-02	-5.522335331152144339e-02	6.393589497714802228e-02	-6.561756639728974494e-02	8.153546375939216273e-02	-9.232596930436125227e-02	8.346537627936918835e-02	-1.100590856809492285e-01	1.037769457737427597e-01	-8.971688633845423255e-02	1.150812086812856155e-01	-1.012879745608797483e-01	8.237809502662989114e-02	-1.088690247463493660e-01	1.023660055997373114e-01	-1.413238581641776126e-01	1.224401165890332682e-01	-8.274468455941426381e-02	9.213651826694131686e-02	-1.275830874957264160e-01	1.885822313540377326e-01	-2.261222262983198783e-01	1.902280977405306772e-01	-8.972472828558979152e-02	1.215473387428974289e-01	-2.400590079641754526e-01	2.607167452460484314e-01	-2.894923430998490033e-01	9.529679254199864558e-02	-1.089046263730208269e-01	2.311269198373258615e-01	-6.581823449112849111e-01	9.999999999999987788e-01	-1.911795857953271227e-01	1.606988661853220035e-01	-2.701728206592927117e-01	2.954824667370677949e-01	-4.453109596213739030e-01
-1.417364016336380150e-01	1.047666084810489617e-01	-1.458761807208073802e-01	8.493188458171867239e-02	-1.020042037879595326e-01	1.056179731994246196e-01	-1.323905617228295917e-01	1.243985517959744075e-01	-1.177201870562436387e-01	1.456940824744596408e-01	-1.725487121223237830e-01	1.305807216612503152e-01	-1.565955918092384325e-01	1.183962291601947242e-01	-8.848133446622698239e-02	1.373052018082497328e-01	-1.323798393499628634e-01	1.615101690260472567e-01	-1.479518261169964211e-01	8.234798160815230694e-02	-1.286756912865635594e-01	1.523019246097104817e-01	-2.161841759421868348e-01	1.404335607059104818e-01	-1.220806229794405839e-01	1.215522228520273251e-01	-1.848580460378173307e-01	2.019337299099987493e-01	-1.710423144100270132e-01	1.264272000864496148e-01	-4.738777591338289019e-01	2.973744912631961501e-01	-2.311541888982472925e-01	1.450754907726634346e-01	-1.911795857953271227e-01	9.999999999999984457e-01	-6.056585600220711907e-01	2.762763879348384410e-01	-1.256350391178032433e-01	1.311064197276897714e-01
9.310591295014938873e-02	-7.134791596007691861e-02	9.678993807803328020e-02	-5.928002420000992589e-02	6.977920253898309277e-02	-7.230744057013700765e-02	8.998941150350876772e-02	-9.242884597888870180e-02	8.498714748845478950e-02	-1.113651155964840017e-01	1.159853932328945569e-01	-9.422271796870028415e-02	1.133622516054332285e-01	-8.966257186346748842e-02	6.639783439425639422e-02	-1.091676326386406687e-01	1.014214498079711868e-01	-1.285304192068523477e-01	1.092272606674105501e-01	-6.349373142347815302e-02	9.703819995857537739e-02	-1.225777973208821564e-01	1.694837081664520295e-01	-1.189324743138543972e-01	9.933561862954481958e-02	-9.732155245096478502e-02	1.369361403908639918e-01	-2.173863295302745913e-01	1.416405651063169513e-01	-1.097299027639517255e-01	2.732773288819081992e-01	-4.184546425759579358e-01	2.342700175980195199e-01	-1.386751276076091388e-01	1.606988661853220035e-01	-6.056585600220711907e-01	9.999999999999988898e-01	-5.205217491075089242e-01	1.274529784190538695e-01	-1.401146755515096376e-01
-1.249513025573147362e-01	9.441759989463510694e-02	-1.295963836733996510e-01	7.771656727963766054e-02	-9.215648016752164828e-02	9.604792985803588257e-02	-1.207481138104272989e-01	1.206525286946018016e-01	-1.132457153157363228e-01	1.383492314583988358e-01	-1.572451420052057569e-01	1.243348350064319568e-01	-1.589271229429456977e-01	1.225334537473430074e-01	-9.338303497485653248e-02	1.401383035121065435e-01	-1.376429159116689671e-01	1.725528445387543297e-01	-1.556226472770088354e-01	8.785420912534812332e-02	-1.309116134053542602e-01	1.629656681786558203e-01	-2.640892466406087324e-01	1.743589811089163999e-01	-1.483435449269883688e-01	1.216593922408276823e-01	-1.855725119750355478e-01	2.864582939046875221e-01	-2.244955946170412164e-01	1.558737135090348669e-01	-1.827252594768638549e-01	1.992943923588106903e-01	-5.273181149636271270e-01	2.206337227985187277e-01	-2.701728206592927117e-01	2.762763879348384410e-01	-5.205217491075089242e-01	9.999999999999988898e-01	-2.309694742140830093e-01	1.965207374443823374e-01
5.758513685677747740e-02	-4.487719992462253088e-02	6.042802734908617190e-02	-3.789918401167631512e-02	4.423096718975702557e-02	-4.562835525914261253e-02	5.694732357933694061e-02	-6.195633415278829770e-02	5.674723432136867529e-02	-7.277705699093485470e-02	7.304269442871390294e-02	-6.133341238382577360e-02	7.892732952684222703e-02	-6.676949412716412513e-02	5.335409924580197805e-02	-7.271202942730078944e-02	6.949131976005641642e-02	-9.333370414454639219e-02	8.243024363995275772e-02	-5.236322070169301124e-02	6.347975332593720765e-02	-8.525528343462934755e-02	1.306523311849477897e-01	-1.372799530282574898e-01	1.101952073412494348e-01	-6.075899216226889055e-02	8.549186254270671470e-02	-1.601997216998776175e-01	1.787200046389472718e-01	-1.344632800677496576e-01	6.842500057624416321e-02	-7.710173398456134086e-02	1.758816546079751963e-01	-4.568104314232145913e-01	2.954824667370677949e-01	-1.256350391178032433e-01	1.274529784190538695e-01	-2.309694742140830093e-01	9.999999999999990008e-01	-7.908417308172018823e-01
