1.000000000000000000e+00	-8.825013655806059898e-01	2.538306099988539843e-01	-1.545016330850352004e-01	1.408980853452380388e-01	-9.370037820087057101e-02	1.286717325444541871e-01	-2.308550659989539178e-01	1.387369245284245933e-01	-5.744871707112057108e-02	9.405588158978990532e-02	-1.098941673932814778e-01	1.163542926120382515e-01	-1.260187403031150233e-01	5.712966589053970062e-02	-7.781713930577460747e-02	7.512901151595660632e-02	-1.175544260228973958e-01	1.033051906278007193e-01	-1.948017074138134741e-01	9.783241815827133092e-02	-9.158882340581057935e-02	9.412099361605211212e-02	-9.192853826715656484e-02	8.488396023199730467e-02	-1.006926783864658254e-01	7.024265327940988624e-02	-8.880849708707050372e-02	8.361269529040893378e-02	-1.029330091802519859e-01	5.064510894272088171e-02	-7.121703110207615317e-02	5.529824982552689755e-02	-6.668854898477898085e-02	2.823945676011645894e-02	-6.133138534857326268e-02	7.151087076361041517e-02	-4.165764031892495861e-02	3.979157764947896525e-02	-2.234988369016883969e-02
-8.825013655806059898e-01	1.000000000000000000e+00	-3.611064543372046187e-01	1.387515286289650041e-01	-1.327529556781321951e-01	7.883808844707450303e-02	-1.228423292496068492e-01	1.813846684415423294e-01	-1.174938339268928461e-01	4.641062408600436090e-02	-7.879390773109705426e-02	9.021296321239113958e-02	-9.499755536400522615e-02	9.955840513552735582e-02	-4.645544897191468403e-02	6.211084599068928541e-02	-6.019493879093939376e-02	9.155494415487953896e-02	-8.094391501444314629e-02	1.453967936945460282e-01	-7.566934800866589872e-02	7.008905832009539039e-02	-7.314288014746495037e-02	7.079815932852884242e-02	-6.502193971362613123e-02	7.627234986359697488e-02	-5.360504316602157648e-02	6.734069700474575038e-02	-6.390709210357432835e-02	7.798413511087297356e-02	-3.846917050458649456e-02	5.405077894228336316e-02	-4.200109722754867547e-02	5.048886013893363195e-02	-2.150135256552618279e-02	4.645259714028954212e-02	-5.461345869458918839e-02	3.163905606129685522e-02	-3.031261586496859090e-02	1.699214964026179303e-02
2.538306099988539843e-01	-3.611064543372046187e-01	9.999999999999994449e-01	-4.752229608525760929e-01	2.944550259002524095e-01	-1.171060363508145546e-01	1.710546647947445986e-01	-5.308675901083452775e-01	2.771499177812208337e-01	-1.089758172240959944e-01	1.398990912175521462e-01	-1.706848951501896972e-01	2.029329108099809376e-01	-2.301010555801314139e-01	1.064747007435786902e-01	-1.216601008942221895e-01	1.204946887350549223e-01	-1.987338497898251122e-01	1.804301210925485788e-01	-3.308770620835064791e-01	1.630398272942762128e-01	-1.520279282332760717e-01	1.595278832729692398e-01	-1.568047919812202429e-01	1.440368282486292062e-01	-1.666482182611983276e-01	1.168041802059241741e-01	-1.480358981816226327e-01	1.404546108016090922e-01	-1.730938126321407700e-01	8.412466673575132170e-02	-1.182749502846265760e-01	9.212855270371345107e-02	-1.109955111117986171e-01	4.713493051973813297e-02	-1.017732750202302860e-01	1.192957462806248786e-01	-6.938159160068801956e-02	6.638222650831035465e-02	-3.727937977265370628e-02
-1.545016330850352004e-01	1.387515286289650041e-01	-4.752229608525760929e-01	1.000000000000000222e+00	-7.198057137731700417e-01	7.818407285641847115e-02	-1.176795520748647045e-01	2.708555083242440986e-01	-3.748718380122726401e-01	1.082949721124460418e-01	-9.782622486635840497e-02	1.152789793098748100e-01	-1.434413297849175262e-01	1.930166466064750785e-01	-1.055295029464406176e-01	8.366733727154364308e-02	-8.424624181792657318e-02	1.410550276305486128e-01	-1.408726476816401230e-01	2.266629732088928650e-01	-1.140761365340162009e-01	1.044730380895882438e-01	-1.148349052737323434e-01	1.132956567792928471e-01	-1.026690825883529029e-01	1.125698006697507664e-01	-8.017793828938081513e-02	1.010949283040576963e-01	-9.814531996740623321e-02	1.195045165460473097e-01	-5.730071199529412906e-02	8.045478694519447860e-02	-6.301423230048855406e-02	7.547889805500919425e-02	-3.241684435592646213e-02	6.895963089079844288e-02	-8.229743563346890445e-02	4.741627037117968069e-02	-4.564933702979249996e-02	2.556501668107569181e-02
1.408980853452380388e-01	-1.327529556781321951e-01	2.944550259002524095e-01	-7.198057137731700417e-01	9.999999999999995559e-01	-1.027365342301090195e-01	1.505479103607311742e-01	-3.337556488396165033e-01	2.820851409386574971e-01	-1.455623292390325618e-01	1.287366362396190067e-01	-1.538710126143874035e-01	1.822642347328181089e-01	-2.463623241040634737e-01	1.296901743678537111e-01	-1.157157970145499676e-01	1.149925669273654388e-01	-1.964006035601029154e-01	1.844982516988709076e-01	-3.526965918707228309e-01	1.630584925750100944e-01	-1.527740516624611911e-01	1.599700196828665044e-01	-1.605343732050794892e-01	1.477340898944034531e-01	-1.685108182094474383e-01	1.178217216224427544e-01	-1.504618626904092038e-01	1.427421273650734679e-01	-1.778317990192658238e-01	8.509884985895113663e-02	-1.197147389881542123e-01	9.344907326907828105e-02	-1.128111749174556949e-01	4.778183308208920621e-02	-1.031079135323024060e-01	1.205242937893264005e-01	-7.034643875550979086e-02	6.722279495884744827e-02	-3.781863742438151127e-02
-9.370037820087057101e-02	7.883808844707450303e-02	-1.171060363508145546e-01	7.818407285641847115e-02	-1.027365342301090195e-01	9.999999999999997780e-01	-6.239624241952048678e-01	1.441650529110033441e-01	-1.147823836639377537e-01	4.536176134740908805e-02	-6.766641977175246181e-01	2.496543878879697032e-01	-1.818167122610525877e-01	1.224534916169970206e-01	-4.761492116872535069e-02	1.879685725065124158e-01	-1.759273466095442051e-01	1.482441956037374997e-01	-1.093297561641983773e-01	1.572384776417386221e-01	-1.200274614639897375e-01	1.066725491973132128e-01	-1.103309697608178541e-01	9.669202256238347559e-02	-8.567937714977014174e-02	1.057552790074439697e-01	-7.791937411171837025e-02	9.053418652063349725e-02	-8.695085473298629075e-02	9.965823093981582281e-02	-5.320638178319086337e-02	7.449569134860521691e-02	-5.703607529393300846e-02	6.707777900416103667e-02	-2.910683415649168576e-02	6.282068811334839964e-02	-7.604317981585385910e-02	4.257847574217715064e-02	-4.130594440369301373e-02	2.285414253195482831e-02
1.286717325444541871e-01	-1.228423292496068492e-01	1.710546647947445986e-01	-1.176795520748647045e-01	1.505479103607311742e-01	-6.239624241952048678e-01	9.999999999999993339e-01	-2.409797225291888945e-01	1.733346100235410303e-01	-7.029283387309778752e-02	3.214848016897215999e-01	-4.691075326488776676e-01	2.562615451050884174e-01	-1.950375660568677560e-01	7.294476994600385122e-02	-2.276901984708677995e-01	1.975232826189691759e-01	-2.300899215843705270e-01	1.670393813432531904e-01	-2.579096507256228299e-01	1.688765528522136738e-01	-1.596800486276873932e-01	1.640044463516333040e-01	-1.508037728836548741e-01	1.329448906776323769e-01	-1.634035922695940557e-01	1.173765494860640607e-01	-1.417262166667400958e-01	1.335757608381218375e-01	-1.589511052875313135e-01	8.167182297544035852e-02	-1.149196203584603310e-01	8.825050123121802592e-02	-1.050033440709136345e-01	4.465988972905169524e-02	-9.739223351881140522e-02	1.150123746761876203e-01	-6.569103889092728354e-02	6.315842142832675532e-02	-3.523119970319990579e-02
-2.308550659989539178e-01	1.813846684415423294e-01	-5.308675901083452775e-01	2.708555083242440986e-01	-3.337556488396165033e-01	1.441650529110033441e-01	-2.409797225291888945e-01	9.999999999999988898e-01	-5.007830793508302181e-01	1.289145262960675609e-01	-1.873356039591679845e-01	2.173909100174465092e-01	-3.580364622939161134e-01	2.619764699753713844e-01	-1.363961318805365086e-01	1.394889056905309899e-01	-1.457466704508852129e-01	2.187226677908449823e-01	-2.098380907312076549e-01	2.770170901466900704e-01	-1.744178092338999619e-01	1.508646524498070962e-01	-1.769757607494262808e-01	1.617424320353367528e-01	-1.453736706447902871e-01	1.561354054943088487e-01	-1.147220358572806909e-01	1.397115078412587696e-01	-1.402286598343161217e-01	1.617882047989487870e-01	-8.055440971933958139e-02	1.124996399131106550e-01	-8.819886888437547534e-02	1.040028172538311896e-01	-4.605944447596383579e-02	9.575549337433049424e-02	-1.189127826905854168e-01	6.667017613753141447e-02	-6.510990699651515723e-02	3.606128740505679109e-02
1.387369245284245933e-01	-1.174938339268928461e-01	2.771499177812208337e-01	-3.748718380122726401e-01	2.820851409386574971e-01	-1.147823836639377537e-01	1.733346100235410303e-01	-5.007830793508302181e-01	9.999999999999990008e-01	-2.185533365978426512e-01	1.473782004916261712e-01	-1.824326256884874764e-01	2.356956531334827853e-01	-5.210857662951853264e-01	1.776233880076604210e-01	-1.285486625429515806e-01	1.308161798331322068e-01	-2.376585567710531033e-01	2.537704602144805754e-01	-3.422356579587948477e-01	1.692285572077566191e-01	-1.557752514750153361e-01	1.841189995225914755e-01	-1.901039581396611333e-01	1.612492965399996703e-01	-1.610819508884740459e-01	1.181164642428205180e-01	-1.486472460518983296e-01	1.480543605976905874e-01	-1.816246840334877211e-01	8.278516096967016014e-02	-1.163796616470031547e-01	9.198001122580071187e-02	-1.093978467800354737e-01	4.724233494143563472e-02	-9.865747436106522827e-02	1.200268676805324730e-01	-6.851058446377708555e-02	6.639572575365608464e-02	-3.716385104927544258e-02
-5.744871707112057108e-02	4.641062408600436090e-02	-1.089758172240959944e-01	1.082949721124460418e-01	-1.455623292390325618e-01	4.536176134740908805e-02	-7.029283387309778752e-02	1.289145262960675609e-01	-2.185533365978426512e-01	9.999999999999998890e-01	-5.991711444216733795e-02	6.739149092269243468e-02	-8.676257982046857442e-02	1.298478008037394493e-01	-9.400596253618910270e-01	4.988108494969779177e-02	-5.135223403276716059e-02	8.640457408375636084e-02	-9.534128740732002172e-02	1.561052529279103596e-01	-7.190640941365117333e-02	6.220797195607163932e-02	-7.320237062306822473e-02	7.182637096423913348e-02	-6.729909814952809988e-02	6.494216093873782236e-02	-4.778971287822143116e-02	5.952076528540665296e-02	-6.110666504550685274e-02	7.208497232140045896e-02	-3.374597122913447489e-02	4.717411279668253660e-02	-3.740986128445744630e-02	4.417578952161652778e-02	-1.964000072632951163e-02	4.015148988793065116e-02	-5.028906481706203052e-02	2.826217408809396717e-02	-2.766882168787389296e-02	1.536595714792272568e-02
9.405588158978990532e-02	-7.879390773109705426e-02	1.398990912175521462e-01	-9.782622486635840497e-02	1.287366362396190067e-01	-6.766641977175246181e-01	3.214848016897215999e-01	-1.873356039591679845e-01	1.473782004916261712e-01	-5.991711444216733795e-02	1.000000000000000666e+00	-3.811263921154109946e-01	2.242576639134092886e-01	-1.682433374693879102e-01	6.253680637576035373e-02	-3.543307111912305518e-01	2.359934508202671255e-01	-2.122680622231947201e-01	1.485598317368904409e-01	-2.208775788377965732e-01	1.599177494927755960e-01	-1.501082517145823358e-01	1.501067836154618973e-01	-1.344536672173528846e-01	1.178782163103824082e-01	-1.483899670135810367e-01	1.081093381029249179e-01	-1.268486877306206073e-01	1.196312835025039600e-01	-1.397576142337187133e-01	7.389054985624619876e-02	-1.039137443445857512e-01	7.923181202224498232e-02	-9.364343481725934115e-02	3.998402704902600385e-02	-8.749257230114890205e-02	1.039239756823365363e-01	-5.876635301152187407e-02	5.667188307471457409e-02	-3.149055536746880879e-02
-1.098941673932814778e-01	9.021296321239113958e-02	-1.706848951501896972e-01	1.152789793098748100e-01	-1.538710126143874035e-01	2.496543878879697032e-01	-4.691075326488776676e-01	2.173909100174465092e-01	-1.824326256884874764e-01	6.739149092269243468e-02	-3.811263921154109946e-01	9.999999999999985567e-01	-6.199598754733528505e-01	1.980624949695835857e-01	-7.153573742157377791e-02	2.301167667854109311e-01	-3.014666504964876315e-01	2.379119321660470021e-01	-1.748964686889818987e-01	2.124623294362572301e-01	-1.654645803421436190e-01	1.481884759886259728e-01	-1.715078421959860822e-01	1.427496215631748055e-01	-1.243095437555695459e-01	1.411747791705587063e-01	-1.077525806443722090e-01	1.236457724002595349e-01	-1.224878811992174965e-01	1.381979582467698919e-01	-7.217954742051992112e-02	1.009039915728412590e-01	-7.795784952609524643e-02	9.089104138275017064e-02	-3.994016160092782319e-02	8.449318576460684849e-02	-1.047121255620645786e-01	5.796552540146703708e-02	-5.665923351106638695e-02	3.125409991968253198e-02
1.163542926120382515e-01	-9.499755536400522615e-02	2.029329108099809376e-01	-1.434413297849175262e-01	1.822642347328181089e-01	-1.818167122610525877e-01	2.562615451050884174e-01	-3.580364622939161134e-01	2.356956531334827853e-01	-8.676257982046857442e-02	2.242576639134092886e-01	-6.199598754733528505e-01	9.999999999999973355e-01	-3.339114296167842166e-01	9.041710278651308996e-02	-2.009485868151347499e-01	2.068313199076967923e-01	-4.000839225650678621e-01	2.362539331218481697e-01	-2.776844739353870328e-01	1.807690021192810415e-01	-1.736953461443319358e-01	2.151554550125349408e-01	-1.908459417364979094e-01	1.567164624018506369e-01	-1.664418083625663347e-01	1.257489994121983312e-01	-1.515319411031621211e-01	1.487468972446316373e-01	-1.770967402782358258e-01	8.508202509751731923e-02	-1.198714699695044850e-01	9.352779449282212776e-02	-1.100939978223898358e-01	4.738397775678226953e-02	-1.001464050038727571e-01	1.221555451275165433e-01	-6.880935892279466115e-02	6.684687166284679349e-02	-3.722574665746972850e-02
-1.260187403031150233e-01	9.955840513552735582e-02	-2.301010555801314139e-01	1.930166466064750785e-01	-2.463623241040634737e-01	1.224534916169970206e-01	-1.950375660568677560e-01	2.619764699753713844e-01	-5.210857662951853264e-01	1.298478008037394493e-01	-1.682433374693879102e-01	1.980624949695835857e-01	-3.339114296167842166e-01	9.999999999999986677e-01	-1.437574917048461687e-01	1.364033639766159545e-01	-1.485541707454378912e-01	2.682122902244806206e-01	-5.801512284834324795e-01	2.868220640091489471e-01	-1.801462073357841254e-01	1.581209154601006805e-01	-2.291941528759475488e-01	2.257236507264660519e-01	-1.879870008311869400e-01	1.534797783278640249e-01	-1.196128216742377709e-01	1.457189131670913740e-01	-1.591396321408061754e-01	1.795828875498831911e-01	-8.101980362936550550e-02	1.131986793967371674e-01	-9.101388767525582513e-02	1.057315110406508302e-01	-4.726511596059904813e-02	9.468011365555256686e-02	-1.216212618783112237e-01	6.729473583551690008e-02	-6.649346435476927164e-02	3.683224922177335409e-02
5.712966589053970062e-02	-4.645544897191468403e-02	1.064747007435786902e-01	-1.055295029464406176e-01	1.296901743678537111e-01	-4.761492116872535069e-02	7.294476994600385122e-02	-1.363961318805365086e-01	1.776233880076604210e-01	-9.400596253618910270e-01	6.253680637576035373e-02	-7.153573742157377791e-02	9.041710278651308996e-02	-1.437574917048461687e-01	9.999999999999992228e-01	-5.326453577360370367e-02	5.449520385573359410e-02	-9.380627374115993455e-02	1.011377944036904036e-01	-1.914715788629576254e-01	7.641050250455036497e-02	-6.725996372853652872e-02	7.835844890265210305e-02	-7.839736258039453620e-02	7.326924269385082233e-02	-7.039350068608851707e-02	5.160808448031033169e-02	-6.476915024732148030e-02	6.589761290321514975e-02	-7.949943520996241575e-02	3.645917801488975096e-02	-5.106071174882984703e-02	4.049917844500942887e-02	-4.798569153190358066e-02	2.114900838799235738e-02	-4.344401034240692044e-02	5.391681932832877167e-02	-3.049173877367978430e-02	2.975245109556809778e-02	-1.657731830281733779e-02
-7.781713930577460747e-02	6.211084599068928541e-02	-1.216601008942221895e-01	8.366733727154364308e-02	-1.157157970145499676e-01	1.879685725065124158e-01	-2.276901984708677995e-01	1.394889056905309899e-01	-1.285486625429515806e-01	4.988108494969779177e-02	-3.543307111912305518e-01	2.301167667854109311e-01	-2.009485868151347499e-01	1.364033639766159545e-01	-5.326453577360370367e-02	9.999999999999985567e-01	-8.131594282685908892e-01	2.079540238871361024e-01	-1.406923081218699745e-01	1.676903106960187517e-01	-2.097813549345006467e-01	1.657563522592914451e-01	-1.601323529384517663e-01	1.220925813284928635e-01	-1.067230688002542838e-01	1.424287600370699736e-01	-1.149532315040962260e-01	1.147092227105527135e-01	-1.122643812920623846e-01	1.176636098565386895e-01	-7.124668850292975586e-02	9.877324384430613557e-02	-7.390945729533048014e-02	8.404462050536000428e-02	-3.733377183598370758e-02	8.117944307558880301e-02	-1.016949982869729679e-01	5.436234131736645409e-02	-5.350894331899163497e-02	2.908433433586701117e-02
7.512901151595660632e-02	-6.019493879093939376e-02	1.204946887350549223e-01	-8.424624181792657318e-02	1.149925669273654388e-01	-1.759273466095442051e-01	1.975232826189691759e-01	-1.457466704508852129e-01	1.308161798331322068e-01	-5.135223403276716059e-02	2.359934508202671255e-01	-3.014666504964876315e-01	2.068313199076967923e-01	-1.485541707454378912e-01	5.449520385573359410e-02	-8.131594282685908892e-01	9.999999999999993339e-01	-2.870147511821365405e-01	1.506074328484567904e-01	-1.796985741921947322e-01	1.836453842921222379e-01	-2.006379619882112109e-01	1.705374519873222583e-01	-1.333455575172881324e-01	1.122895740724182134e-01	-1.486467496176136494e-01	1.222412704934854322e-01	-1.223100235725314150e-01	1.169062598638187789e-01	-1.257832279405326215e-01	7.410163058635517441e-02	-1.043838933821112092e-01	7.730198040804783788e-02	-8.815935511094739885e-02	3.838678646565552716e-02	-8.440996411235637820e-02	1.038900664446588129e-01	-5.605518021398902401e-02	5.489925089023930949e-02	-2.998986935990171493e-02
-1.175544260228973958e-01	9.155494415487953896e-02	-1.987338497898251122e-01	1.410550276305486128e-01	-1.964006035601029154e-01	1.482441956037374997e-01	-2.300899215843705270e-01	2.187226677908449823e-01	-2.376585567710531033e-01	8.640457408375636084e-02	-2.122680622231947201e-01	2.379119321660470021e-01	-4.000839225650678621e-01	2.682122902244806206e-01	-9.380627374115993455e-02	2.079540238871361024e-01	-2.870147511821365405e-01	9.999999999999976685e-01	-4.436436100335511279e-01	2.762263318458600403e-01	-2.313522059910029238e-01	2.174787062994940068e-01	-5.329894529544991766e-01	2.765894365386242226e-01	-2.162767873127940110e-01	1.840899939350801318e-01	-1.568414449333754013e-01	1.754474278930855669e-01	-1.888814396388997785e-01	2.061445114971245107e-01	-9.823199675006230591e-02	1.371094104503345901e-01	-1.093187577920983616e-01	1.242432232851842372e-01	-5.559151435161314991e-02	1.119626691074646629e-01	-1.462885833436427252e-01	7.907693746752865460e-02	-7.860040298538173431e-02	4.319826346838876591e-02
1.033051906278007193e-01	-8.094391501444314629e-02	1.804301210925485788e-01	-1.408726476816401230e-01	1.844982516988709076e-01	-1.093297561641983773e-01	1.670393813432531904e-01	-2.098380907312076549e-01	2.537704602144805754e-01	-9.534128740732002172e-02	1.485598317368904409e-01	-1.748964686889818987e-01	2.362539331218481697e-01	-5.801512284834324795e-01	1.011377944036904036e-01	-1.406923081218699745e-01	1.506074328484567904e-01	-4.436436100335511279e-01	9.999999999999993339e-01	-3.958541545138281048e-01	1.822638052996808089e-01	-1.732991298448874062e-01	2.754280964123523856e-01	-4.171626210864152751e-01	2.251945461405061022e-01	-1.580011926401312938e-01	1.271794753548959878e-01	-1.594702115233533890e-01	1.743800445496414275e-01	-2.176022532368866447e-01	8.373873321123244395e-02	-1.180488702480834984e-01	9.619458793636721794e-02	-1.120446943943183421e-01	4.899802853288951626e-02	-9.696320647497966294e-02	1.243696105504698141e-01	-6.926385360255957191e-02	6.835721913525329152e-02	-3.828704095859102041e-02
-1.948017074138134741e-01	1.453967936945460282e-01	-3.308770620835064791e-01	2.266629732088928650e-01	-3.526965918707228309e-01	1.572384776417386221e-01	-2.579096507256228299e-01	2.770170901466900704e-01	-3.422356579587948477e-01	1.561052529279103596e-01	-2.208775788377965732e-01	2.124623294362572301e-01	-2.776844739353870328e-01	2.868220640091489471e-01	-1.914715788629576254e-01	1.676903106960187517e-01	-1.796985741921947322e-01	2.762263318458600403e-01	-3.958541545138281048e-01	9.999999999999993339e-01	-2.890726044756659618e-01	2.160258708740536437e-01	-2.809987997866235099e-01	2.618426811051779990e-01	-3.310607056521893132e-01	2.187053270225514934e-01	-1.695086876997524139e-01	2.045792116174621478e-01	-2.396888736237341166e-01	2.558424274672019272e-01	-1.189065210150030000e-01	1.639017838159401996e-01	-1.330599049648648891e-01	1.522068826918457629e-01	-7.401823262775017453e-02	1.390883272037318208e-01	-1.927380331090727539e-01	1.030069956115381991e-01	-1.045286695214072831e-01	5.686693701990570837e-02
9.783241815827133092e-02	-7.566934800866589872e-02	1.630398272942762128e-01	-1.140761365340162009e-01	1.630584925750100944e-01	-1.200274614639897375e-01	1.688765528522136738e-01	-1.744178092338999619e-01	1.692285572077566191e-01	-7.190640941365117333e-02	1.599177494927755960e-01	-1.654645803421436190e-01	1.807690021192810415e-01	-1.801462073357841254e-01	7.641050250455036497e-02	-2.097813549345006467e-01	1.836453842921222379e-01	-2.313522059910029238e-01	1.822638052996808089e-01	-2.890726044756659618e-01	1.000000000000000222e+00	-4.947522270483309947e-01	2.332458916331243415e-01	-2.006065894773420843e-01	1.815883931039334875e-01	-5.747939180974693807e-01	3.029636548089472137e-01	-2.833620656491083190e-01	2.340089150998030942e-01	-2.269174265373570809e-01	2.085072316954155458e-01	-2.840468103745909523e-01	1.859884210069940591e-01	-2.145379352540340845e-01	8.806164894377542518e-02	-2.410758675967749898e-01	2.489074300455109967e-01	-1.351140784161154740e-01	1.282851874528767033e-01	-6.947802481219321480e-02
-9.158882340581057935e-02	7.008905832009539039e-02	-1.520279282332760717e-01	1.044730380895882438e-01	-1.527740516624611911e-01	1.066725491973132128e-01	-1.596800486276873932e-01	1.508646524498070962e-01	-1.557752514750153361e-01	6.220797195607163932e-02	-1.501082517145823358e-01	1.481884759886259728e-01	-1.736953461443319358e-01	1.581209154601006805e-01	-6.725996372853652872e-02	1.657563522592914451e-01	-2.006379619882112109e-01	2.174787062994940068e-01	-1.732991298448874062e-01	2.160258708740536437e-01	-4.947522270483309947e-01	9.999999999999982236e-01	-3.480602823225330544e-01	1.985693391591468182e-01	-1.775494121730544772e-01	3.091709428159549189e-01	-5.885785995789295511e-01	2.541527848817541346e-01	-2.438393381429539153e-01	1.915258106673907723e-01	-1.808342468208921638e-01	2.482994562467208399e-01	-1.744032503454336913e-01	1.743477693585378518e-01	-8.056660782837947454e-02	1.771363932344308112e-01	-2.476845836031199288e-01	1.171852763492299276e-01	-1.188852892856857718e-01	6.173523559510590841e-02
9.412099361605211212e-02	-7.314288014746495037e-02	1.595278832729692398e-01	-1.148349052737323434e-01	1.599700196828665044e-01	-1.103309697608178541e-01	1.640044463516333040e-01	-1.769757607494262808e-01	1.841189995225914755e-01	-7.320237062306822473e-02	1.501067836154618973e-01	-1.715078421959860822e-01	2.151554550125349408e-01	-2.291941528759475488e-01	7.835844890265210305e-02	-1.601323529384517663e-01	1.705374519873222583e-01	-5.329894529544991766e-01	2.754280964123523856e-01	-2.809987997866235099e-01	2.332458916331243415e-01	-3.480602823225330544e-01	9.999999999999990008e-01	-5.478167252607709647e-01	2.547735626241684481e-01	-2.099821621687073536e-01	1.926676254371425534e-01	-2.242903885554819732e-01	2.174739584416617300e-01	-2.730345143609359537e-01	1.108691659376319638e-01	-1.603862504599121441e-01	1.268769206057047128e-01	-1.445918314368116464e-01	6.059905920214248010e-02	-1.242646001563885438e-01	1.568712797335244380e-01	-8.636492271309328950e-02	8.488827475764272601e-02	-4.749314865508177941e-02
-9.192853826715656484e-02	7.079815932852884242e-02	-1.568047919812202429e-01	1.132956567792928471e-01	-1.605343732050794892e-01	9.669202256238347559e-02	-1.508037728836548741e-01	1.617424320353367528e-01	-1.901039581396611333e-01	7.182637096423913348e-02	-1.344536672173528846e-01	1.427496215631748055e-01	-1.908459417364979094e-01	2.257236507264660519e-01	-7.839736258039453620e-02	1.220925813284928635e-01	-1.333455575172881324e-01	2.765894365386242226e-01	-4.171626210864152751e-01	2.618426811051779990e-01	-2.006065894773420843e-01	1.985693391591468182e-01	-5.478167252607709647e-01	9.999999999999995559e-01	-5.238357975099123820e-01	1.664131477447397811e-01	-1.483890149363340794e-01	1.884844257580055027e-01	-2.614173291439862434e-01	2.827311932343306022e-01	-9.148615236538013007e-02	1.290209214135486504e-01	-1.108738601957885289e-01	1.264531999441188270e-01	-5.506470094961912753e-02	1.032630036723634070e-01	-1.372505809413098743e-01	7.586903060841919400e-02	-7.583858995089966248e-02	4.280305406428374509e-02
8.488396023199730467e-02	-6.502193971362613123e-02	1.440368282486292062e-01	-1.026690825883529029e-01	1.477340898944034531e-01	-8.567937714977014174e-02	1.329448906776323769e-01	-1.453736706447902871e-01	1.612492965399996703e-01	-6.729909814952809988e-02	1.178782163103824082e-01	-1.243095437555695459e-01	1.567164624018506369e-01	-1.879870008311869400e-01	7.326924269385082233e-02	-1.067230688002542838e-01	1.122895740724182134e-01	-2.162767873127940110e-01	2.251945461405061022e-01	-3.310607056521893132e-01	1.815883931039334875e-01	-1.775494121730544772e-01	2.547735626241684481e-01	-5.238357975099123820e-01	9.999999999999981126e-01	-1.627987305836616216e-01	1.362316989037039017e-01	-1.996769209531870370e-01	2.463009519918829549e-01	-6.625726062257238924e-01	8.899255595156704834e-02	-1.270811044317915472e-01	1.124113114715874356e-01	-1.327417172788586952e-01	5.897977240274763361e-02	-1.020724612467798637e-01	1.327727203006532908e-01	-7.739605611252378670e-02	7.640036201019563544e-02	-4.652335081447490223e-02
-1.006926783864658254e-01	7.627234986359697488e-02	-1.666482182611983276e-01	1.125698006697507664e-01	-1.685108182094474383e-01	1.057552790074439697e-01	-1.634035922695940557e-01	1.561354054943088487e-01	-1.610819508884740459e-01	6.494216093873782236e-02	-1.483899670135810367e-01	1.411747791705587063e-01	-1.664418083625663347e-01	1.534797783278640249e-01	-7.039350068608851707e-02	1.424287600370699736e-01	-1.486467496176136494e-01	1.840899939350801318e-01	-1.580011926401312938e-01	2.187053270225514934e-01	-5.747939180974693807e-01	3.091709428159549189e-01	-2.099821621687073536e-01	1.664131477447397811e-01	-1.627987305836616216e-01	9.999999999999991118e-01	-4.667227606937949247e-01	2.540670894259339785e-01	-2.487510895152157397e-01	1.859835930101760848e-01	-3.190442916383460781e-01	2.890490626652058026e-01	-1.951634114255222652e-01	1.958251455720914636e-01	-1.023783305172252245e-01	2.462642387847923386e-01	-3.426676598781486227e-01	1.488453127405163223e-01	-1.541139233132341468e-01	7.745459170120044812e-02
7.024265327940988624e-02	-5.360504316602157648e-02	1.168041802059241741e-01	-8.017793828938081513e-02	1.178217216224427544e-01	-7.791937411171837025e-02	1.173765494860640607e-01	-1.147220358572806909e-01	1.181164642428205180e-01	-4.778971287822143116e-02	1.081093381029249179e-01	-1.077525806443722090e-01	1.257489994121983312e-01	-1.196128216742377709e-01	5.160808448031033169e-02	-1.149532315040962260e-01	1.222412704934854322e-01	-1.568414449333754013e-01	1.271794753548959878e-01	-1.695086876997524139e-01	3.029636548089472137e-01	-5.885785995789295511e-01	1.926676254371425534e-01	-1.483890149363340794e-01	1.362316989037039017e-01	-4.667227606937949247e-01	9.999999999999993339e-01	-3.806719496712151485e-01	2.289085372273349794e-01	-1.623457913304999778e-01	2.094880327162335354e-01	-4.224132480647048715e-01	1.947843097651362210e-01	-1.873159182566018766e-01	7.596658601043261572e-02	-1.965432250689568561e-01	2.391663453977642684e-01	-1.139845247951127433e-01	1.131057424507670855e-01	-5.868336221205036618e-02
-8.880849708707050372e-02	6.734069700474575038e-02	-1.480358981816226327e-01	1.010949283040576963e-01	-1.504618626904092038e-01	9.053418652063349725e-02	-1.417262166667400958e-01	1.397115078412587696e-01	-1.486472460518983296e-01	5.952076528540665296e-02	-1.268486877306206073e-01	1.236457724002595349e-01	-1.515319411031621211e-01	1.457189131670913740e-01	-6.476915024732148030e-02	1.147092227105527135e-01	-1.223100235725314150e-01	1.754474278930855669e-01	-1.594702115233533890e-01	2.045792116174621478e-01	-2.833620656491083190e-01	2.541527848817541346e-01	-2.242903885554819732e-01	1.884844257580055027e-01	-1.996769209531870370e-01	2.540670894259339785e-01	-3.806719496712151485e-01	9.999999999999975575e-01	-6.237607990798210711e-01	2.376677320392891479e-01	-1.672601832406807321e-01	2.425772328592200600e-01	-3.882865230104673993e-01	2.724608401826731918e-01	-9.638493960853225517e-02	1.696269004796541746e-01	-2.453351796785863403e-01	1.359086046575683493e-01	-1.398357885232775488e-01	7.422623445825247968e-02
8.361269529040893378e-02	-6.390709210357432835e-02	1.404546108016090922e-01	-9.814531996740623321e-02	1.427421273650734679e-01	-8.695085473298629075e-02	1.335757608381218375e-01	-1.402286598343161217e-01	1.480543605976905874e-01	-6.110666504550685274e-02	1.196312835025039600e-01	-1.224878811992174965e-01	1.487468972446316373e-01	-1.591396321408061754e-01	6.589761290321514975e-02	-1.122643812920623846e-01	1.169062598638187789e-01	-1.888814396388997785e-01	1.743800445496414275e-01	-2.396888736237341166e-01	2.340089150998030942e-01	-2.438393381429539153e-01	2.174739584416617300e-01	-2.614173291439862434e-01	2.463009519918829549e-01	-2.487510895152157397e-01	2.289085372273349794e-01	-6.237607990798210711e-01	9.999999999999980016e-01	-4.596699380162170834e-01	1.421718468490844600e-01	-2.144504224656631208e-01	2.393719010787309365e-01	-3.137305524114979982e-01	8.839934325103980528e-02	-1.583378281594187698e-01	2.001241306808237419e-01	-1.253517931755216697e-01	1.221054356130492763e-01	-7.075678035549586020e-02
-1.029330091802519859e-01	7.798413511087297356e-02	-1.730938126321407700e-01	1.195045165460473097e-01	-1.778317990192658238e-01	9.965823093981582281e-02	-1.589511052875313135e-01	1.617882047989487870e-01	-1.816246840334877211e-01	7.208497232140045896e-02	-1.397576142337187133e-01	1.381979582467698919e-01	-1.770967402782358258e-01	1.795828875498831911e-01	-7.949943520996241575e-02	1.176636098565386895e-01	-1.257832279405326215e-01	2.061445114971245107e-01	-2.176022532368866447e-01	2.558424274672019272e-01	-2.269174265373570809e-01	1.915258106673907723e-01	-2.730345143609359537e-01	2.827311932343306022e-01	-6.625726062257238924e-01	1.859835930101760848e-01	-1.623457913304999778e-01	2.376677320392891479e-01	-4.596699380162170834e-01	9.999999999999986677e-01	-1.066492591970832349e-01	1.497278111822550328e-01	-1.418755395654330564e-01	1.601606697716709826e-01	-8.039700998696501510e-02	1.207841316556128031e-01	-1.685049168821152465e-01	9.684097869586519303e-02	-9.882089748240181770e-02	6.108821158815656155e-02
5.064510894272088171e-02	-3.846917050458649456e-02	8.412466673575132170e-02	-5.730071199529412906e-02	8.509884985895113663e-02	-5.320638178319086337e-02	8.167182297544035852e-02	-8.055440971933958139e-02	8.278516096967016014e-02	-3.374597122913447489e-02	7.389054985624619876e-02	-7.217954742051992112e-02	8.508202509751731923e-02	-8.101980362936550550e-02	3.645917801488975096e-02	-7.124668850292975586e-02	7.410163058635517441e-02	-9.823199675006230591e-02	8.373873321123244395e-02	-1.189065210150030000e-01	2.085072316954155458e-01	-1.808342468208921638e-01	1.108691659376319638e-01	-9.148615236538013007e-02	8.899255595156704834e-02	-3.190442916383460781e-01	2.094880327162335354e-01	-1.672601832406807321e-01	1.421718468490844600e-01	-1.066492591970832349e-01	9.999999999999987788e-01	-5.181668878774191578e-01	1.647280512506906214e-01	-1.654117647422906068e-01	7.349625887063324092e-02	-7.093003674632820665e-01	2.894549270879279157e-01	-1.193543284218802070e-01	1.138527048317366508e-01	-5.678981645365688280e-02
-7.121703110207615317e-02	5.405077894228336316e-02	-1.182749502846265760e-01	8.045478694519447860e-02	-1.197147389881542123e-01	7.449569134860521691e-02	-1.149196203584603310e-01	1.124996399131106550e-01	-1.163796616470031547e-01	4.717411279668253660e-02	-1.039137443445857512e-01	1.009039915728412590e-01	-1.198714699695044850e-01	1.131986793967371674e-01	-5.106071174882984703e-02	9.877324384430613557e-02	-1.043838933821112092e-01	1.371094104503345901e-01	-1.180488702480834984e-01	1.639017838159401996e-01	-2.840468103745909523e-01	2.482994562467208399e-01	-1.603862504599121441e-01	1.290209214135486504e-01	-1.270811044317915472e-01	2.890490626652058026e-01	-4.224132480647048715e-01	2.425772328592200600e-01	-2.144504224656631208e-01	1.497278111822550328e-01	-5.181668878774191578e-01	9.999999999999991118e-01	-3.368139697526880139e-01	2.397005682962545237e-01	-1.083925612369892322e-01	2.995531758321134941e-01	-4.520682634915423326e-01	1.670451085336469021e-01	-1.683194108605876871e-01	8.238816929292880342e-02
5.529824982552689755e-02	-4.200109722754867547e-02	9.212855270371345107e-02	-6.301423230048855406e-02	9.344907326907828105e-02	-5.703607529393300846e-02	8.825050123121802592e-02	-8.819886888437547534e-02	9.198001122580071187e-02	-3.740986128445744630e-02	7.923181202224498232e-02	-7.795784952609524643e-02	9.352779449282212776e-02	-9.101388767525582513e-02	4.049917844500942887e-02	-7.390945729533048014e-02	7.730198040804783788e-02	-1.093187577920983616e-01	9.619458793636721794e-02	-1.330599049648648891e-01	1.859884210069940591e-01	-1.744032503454336913e-01	1.268769206057047128e-01	-1.108738601957885289e-01	1.124113114715874356e-01	-1.951634114255222652e-01	1.947843097651362210e-01	-3.882865230104673993e-01	2.393719010787309365e-01	-1.418755395654330564e-01	1.647280512506906214e-01	-3.368139697526880139e-01	1.000000000000000444e+00	-7.693995465141976187e-01	1.107890357442025547e-01	-1.693302676079259939e-01	2.212147904405769028e-01	-1.765712061629347573e-01	1.624667593491115336e-01	-9.085567374346779912e-02
-6.668854898477898085e-02	5.048886013893363195e-02	-1.109955111117986171e-01	7.547889805500919425e-02	-1.128111749174556949e-01	6.707777900416103667e-02	-1.050033440709136345e-01	1.040028172538311896e-01	-1.093978467800354737e-01	4.417578952161652778e-02	-9.364343481725934115e-02	9.089104138275017064e-02	-1.100939978223898358e-01	1.057315110406508302e-01	-4.798569153190358066e-02	8.404462050536000428e-02	-8.815935511094739885e-02	1.242432232851842372e-01	-1.120446943943183421e-01	1.522068826918457629e-01	-2.145379352540340845e-01	1.743477693585378518e-01	-1.445918314368116464e-01	1.264531999441188270e-01	-1.327417172788586952e-01	1.958251455720914636e-01	-1.873159182566018766e-01	2.724608401826731918e-01	-3.137305524114979982e-01	1.601606697716709826e-01	-1.654117647422906068e-01	2.397005682962545237e-01	-7.693995465141976187e-01	9.999999999999998890e-01	-1.594564656212966725e-01	1.654548996201910538e-01	-2.664814789650611915e-01	1.887869974051263888e-01	-2.294192173452762606e-01	1.183785184429679005e-01
2.823945676011645894e-02	-2.150135256552618279e-02	4.713493051973813297e-02	-3.241684435592646213e-02	4.778183308208920621e-02	-2.910683415649168576e-02	4.465988972905169524e-02	-4.605944447596383579e-02	4.724233494143563472e-02	-1.964000072632951163e-02	3.998402704902600385e-02	-3.994016160092782319e-02	4.738397775678226953e-02	-4.726511596059904813e-02	2.114900838799235738e-02	-3.733377183598370758e-02	3.838678646565552716e-02	-5.559151435161314991e-02	4.899802853288951626e-02	-7.401823262775017453e-02	8.806164894377542518e-02	-8.056660782837947454e-02	6.059905920214248010e-02	-5.506470094961912753e-02	5.897977240274763361e-02	-1.023783305172252245e-01	7.596658601043261572e-02	-9.638493960853225517e-02	8.839934325103980528e-02	-8.039700998696501510e-02	7.349625887063324092e-02	-1.083925612369892322e-01	1.107890357442025547e-01	-1.594564656212966725e-01	1.000000000000000222e+00	-1.004355052553369820e-01	1.381924534198179511e-01	-2.967804693581239661e-01	2.593726256319369705e-01	-8.820871918941748380e-01
-6.133138534857326268e-02	4.645259714028954212e-02	-1.017732750202302860e-01	6.895963089079844288e-02	-1.031079135323024060e-01	6.282068811334839964e-02	-9.739223351881140522e-02	9.575549337433049424e-02	-9.865747436106522827e-02	4.015148988793065116e-02	-8.749257230114890205e-02	8.449318576460684849e-02	-1.001464050038727571e-01	9.468011365555256686e-02	-4.344401034240692044e-02	8.117944307558880301e-02	-8.440996411235637820e-02	1.119626691074646629e-01	-9.696320647497966294e-02	1.390883272037318208e-01	-2.410758675967749898e-01	1.771363932344308112e-01	-1.242646001563885438e-01	1.032630036723634070e-01	-1.020724612467798637e-01	2.462642387847923386e-01	-1.965432250689568561e-01	1.696269004796541746e-01	-1.583378281594187698e-01	1.207841316556128031e-01	-7.093003674632820665e-01	2.995531758321134941e-01	-1.693302676079259939e-01	1.654548996201910538e-01	-1.004355052553369820e-01	1.000000000000000666e+00	-5.069243354513550681e-01	1.599598575685370894e-01	-1.602941436528665942e-01	7.571080579815492317e-02
7.151087076361041517e-02	-5.461345869458918839e-02	1.192957462806248786e-01	-8.229743563346890445e-02	1.205242937893264005e-01	-7.604317981585385910e-02	1.150123746761876203e-01	-1.189127826905854168e-01	1.200268676805324730e-01	-5.028906481706203052e-02	1.039239756823365363e-01	-1.047121255620645786e-01	1.221555451275165433e-01	-1.216212618783112237e-01	5.391681932832877167e-02	-1.016949982869729679e-01	1.038900664446588129e-01	-1.462885833436427252e-01	1.243696105504698141e-01	-1.927380331090727539e-01	2.489074300455109967e-01	-2.476845836031199288e-01	1.568712797335244380e-01	-1.372505809413098743e-01	1.327727203006532908e-01	-3.426676598781486227e-01	2.391663453977642684e-01	-2.453351796785863403e-01	2.001241306808237419e-01	-1.685049168821152465e-01	2.894549270879279157e-01	-4.520682634915423326e-01	2.212147904405769028e-01	-2.664814789650611915e-01	1.381924534198179511e-01	-5.069243354513550681e-01	1.000000000000000666e+00	-3.817300999320901722e-01	2.322090671064571954e-01	-1.156812882376326013e-01
-4.165764031892495861e-02	3.163905606129685522e-02	-6.938159160068801956e-02	4.741627037117968069e-02	-7.034643875550979086e-02	4.257847574217715064e-02	-6.569103889092728354e-02	6.667017613753141447e-02	-6.851058446377708555e-02	2.826217408809396717e-02	-5.876635301152187407e-02	5.796552540146703708e-02	-6.880935892279466115e-02	6.729473583551690008e-02	-3.049173877367978430e-02	5.436234131736645409e-02	-5.605518021398902401e-02	7.907693746752865460e-02	-6.926385360255957191e-02	1.030069956115381991e-01	-1.351140784161154740e-01	1.171852763492299276e-01	-8.636492271309328950e-02	7.586903060841919400e-02	-7.739605611252378670e-02	1.488453127405163223e-01	-1.139845247951127433e-01	1.359086046575683493e-01	-1.253517931755216697e-01	9.684097869586519303e-02	-1.193543284218802070e-01	1.670451085336469021e-01	-1.765712061629347573e-01	1.887869974051263888e-01	-2.967804693581239661e-01	1.599598575685370894e-01	-3.817300999320901722e-01	1.000000000000000888e+00	-7.838977186863786972e-01	2.268051234730276144e-01
3.979157764947896525e-02	-3.031261586496859090e-02	6.638222650831035465e-02	-4.564933702979249996e-02	6.722279495884744827e-02	-4.130594440369301373e-02	6.315842142832675532e-02	-6.510990699651515723e-02	6.639572575365608464e-02	-2.766882168787389296e-02	5.667188307471457409e-02	-5.665923351106638695e-02	6.684687166284679349e-02	-6.649346435476927164e-02	2.975245109556809778e-02	-5.350894331899163497e-02	5.489925089023930949e-02	-7.860040298538173431e-02	6.835721913525329152e-02	-1.045286695214072831e-01	1.282851874528767033e-01	-1.188852892856857718e-01	8.488827475764272601e-02	-7.583858995089966248e-02	7.640036201019563544e-02	-1.541139233132341468e-01	1.131057424507670855e-01	-1.398357885232775488e-01	1.221054356130492763e-01	-9.882089748240181770e-02	1.138527048317366508e-01	-1.683194108605876871e-01	1.624667593491115336e-01	-2.294192173452762606e-01	2.593726256319369705e-01	-1.602941436528665942e-01	2.322090671064571954e-01	-7.838977186863786972e-01	1.000000000000000666e+00	-3.729022617017724306e-01
