1.000000000000000000e+00	-4.472344064393883323e-01	2.555663093671193264e-01	-2.621050844039593541e-01	1.711885023573085363e-01	-5.788204884713834542e-01	3.075405117161051360e-01	-2.149813655123855582e-01	2.188216926559989617e-01	-1.852138726859004214e-01	2.915514437998261155e-01	-3.292679994546139910e-01	2.256828656823074153e-01	-1.705367983184197245e-01	1.598049457330816825e-01	-2.050871116200862210e-01	1.873014021449153910e-01	-3.319626320600223002e-01	1.540231883106363553e-01	-1.807013113004970473e-01	1.949883690366758238e-01	-2.100266787929225831e-01	1.378184254756086025e-01	-1.422989405838084587e-01	1.678714398364498928e-01	-2.368181142806922435e-01	1.530855572898875971e-01	-9.985828209452397852e-02	1.010055434499103483e-01	-5.881840962752052371e-02	1.267637005114910162e-02	-1.385894104867261833e-01	9.865696875740501137e-02	-8.688810899828418310e-02	5.635648845683886854e-02	-1.143264500706937803e-02	2.310996013363883148e-02	-2.276999870873013671e-02	3.821037625858222236e-02	-4.184869419279270419e-02
-4.472344064393883323e-01	9.999999999999997780e-01	-5.556249532270116642e-01	2.433930173625457050e-01	-1.707360889873702492e-01	2.611777562984936574e-01	-5.425960106732881094e-01	2.507049759440376779e-01	-2.242479444043734005e-01	1.578629926890039448e-01	-2.261941640081798210e-01	2.648169231247759492e-01	-2.531276232255352254e-01	1.494448648366723253e-01	-1.404182905634626666e-01	1.372280417918680662e-01	-1.385332781853943762e-01	2.111756631807407414e-01	-1.186851948415606067e-01	1.347384704187056526e-01	-1.473573343957917114e-01	1.430699821551749684e-01	-9.917067332289407344e-02	1.032726901978232581e-01	-1.240856857824250287e-01	1.512891714108411667e-01	-1.077746672608759088e-01	7.055160515063435556e-02	-7.223265844406076552e-02	4.191831089856457027e-02	-8.566822074772511078e-03	9.469536276170667510e-02	-6.952852351642849205e-02	6.129273708955843697e-02	-4.029994829693649833e-02	7.706707370829588531e-03	-1.599528873284163794e-02	1.573490306950862255e-02	-2.662759805841306143e-02	2.896297811109100478e-02
2.555663093671193264e-01	-5.556249532270116642e-01	1.000000000000000000e+00	-4.969288274726227916e-01	2.204366831579682440e-01	-2.046271181649886584e-01	2.747360005567300312e-01	-4.212840378832158894e-01	2.556138919975798340e-01	-2.128524550603768384e-01	1.878055466842489252e-01	-2.638447153134499956e-01	2.697701234566774464e-01	-1.822364783860440374e-01	1.654778583200902931e-01	-1.308558411730299798e-01	1.377692986139559539e-01	-2.436316818948647822e-01	1.372259888344308787e-01	-1.614787669658684088e-01	1.395608560811675558e-01	-1.490840289649661421e-01	1.089575296425843998e-01	-1.174494760632817242e-01	1.372611391776202006e-01	-1.692920960116543194e-01	1.172745426241320332e-01	-7.785481056560544788e-02	8.029043714794001363e-02	-4.669312366917415663e-02	9.559567749826266767e-03	-1.059983352858726996e-01	7.702688328526526018e-02	-6.834790874392089599e-02	4.477319705002293787e-02	-8.604901382632468981e-03	1.781712810491348914e-02	-1.753991627467984399e-02	2.967960423981470461e-02	-3.237310900478999887e-02
-2.621050844039593541e-01	2.433930173625457050e-01	-4.969288274726227916e-01	9.999999999999997780e-01	-5.725153609500510665e-01	1.727226393707646801e-01	-2.241931453883564129e-01	2.414380894692321478e-01	-3.562504931881231851e-01	2.855861961735274845e-01	-1.862976352158248750e-01	2.112339188182328908e-01	-2.678742032281397067e-01	2.066374633526037452e-01	-2.264470585511409173e-01	1.237576036992911327e-01	-1.289663090067526829e-01	2.254043982983691130e-01	-1.555345543529770280e-01	1.758386267908948197e-01	-1.417776728116256213e-01	1.372202785213815224e-01	-1.167528798403047324e-01	1.262477939791568082e-01	-1.541883860741867784e-01	1.644213754904815250e-01	-1.226128004621998280e-01	8.196766347724034063e-02	-8.602883029246566338e-02	5.003114264326961880e-02	-9.768730949786075951e-03	1.087245528826905339e-01	-8.140967927915265800e-02	7.219671987269155045e-02	-4.820338944879653392e-02	8.771960824295380738e-03	-1.859560067489985508e-02	1.826990181747777803e-02	-3.119012613623412672e-02	3.377742605148131849e-02
1.711885023573085363e-01	-1.707360889873702492e-01	2.204366831579682440e-01	-5.725153609500510665e-01	1.000000000000000000e+00	-1.253660845776041755e-01	1.499128832251608034e-01	-1.702764723064865426e-01	2.512371187237257830e-01	-6.568124643889809988e-01	1.357988366235011457e-01	-1.681529072421436843e-01	1.834855824964034265e-01	-2.089580239131188510e-01	2.335890017868749724e-01	-9.936850036433063360e-02	1.078037343603486520e-01	-2.186892465284906995e-01	1.491967264582905739e-01	-1.904720465631550008e-01	1.115026123188169183e-01	-1.183994818469656790e-01	1.041318559691535445e-01	-1.184213760961833756e-01	1.359605133294876089e-01	-1.529422023453837765e-01	1.084908812627750352e-01	-7.378503964905519519e-02	7.780868664877545193e-02	-4.525607985276805523e-02	8.940265914111849774e-03	-1.000556656213541090e-01	7.340566057527593558e-02	-6.575661897248197274e-02	4.336968528714370968e-02	-8.039269876079637583e-03	1.689486873444606685e-02	-1.662787291276219062e-02	2.831117904977091537e-02	-3.083447118485743016e-02
-5.788204884713834542e-01	2.611777562984936574e-01	-2.046271181649886584e-01	1.727226393707646801e-01	-1.253660845776041755e-01	1.000000000000000222e+00	-4.486348724167324442e-01	1.806197705080694882e-01	-1.769072746023847009e-01	1.287155536664736921e-01	-5.508686693677621316e-01	2.837124822778273603e-01	-2.005347821785359586e-01	1.265453898329745031e-01	-1.185543100811071726e-01	1.995909302793020812e-01	-1.610491827614549398e-01	2.172146673007191719e-01	-1.096872002703794119e-01	1.240769162805477749e-01	-1.994428911044782426e-01	1.644204979080026718e-01	-9.980142365851850383e-02	1.002194083777808997e-01	-1.211810393667757529e-01	1.580077013094911831e-01	-1.108617231506932033e-01	7.138213387247269170e-02	-7.187479969138253766e-02	4.162923644635309339e-02	-8.705911926397677525e-03	9.561994912244570211e-02	-6.988687195159266896e-02	6.123857294452665634e-02	-4.002879822140065214e-02	7.837014689850161156e-03	-1.609093542272463720e-02	1.583387933217458507e-02	-2.666862375366647539e-02	2.902850007234536456e-02
3.075405117161051360e-01	-5.425960106732881094e-01	2.747360005567300312e-01	-2.241931453883564129e-01	1.499128832251608034e-01	-4.486348724167324442e-01	1.000000000000000222e+00	-3.281335117662328993e-01	2.150673892076123694e-01	-1.569551715367124012e-01	2.670264722462800111e-01	-4.819141953375384868e-01	2.587996158735542673e-01	-1.551198523004820584e-01	1.388232377984632560e-01	-1.650513067388459654e-01	1.702123670963811841e-01	-2.358168736491581541e-01	1.238915526215801505e-01	-1.417328806558754983e-01	1.656765182370540102e-01	-1.746168773350084968e-01	1.062750977717513562e-01	-1.097644557176900570e-01	1.302113407544969181e-01	-1.648407698665966814e-01	1.164825538696325630e-01	-7.597032026045359709e-02	7.703995194319923634e-02	-4.465502915387216387e-02	9.223006773106171702e-03	-1.020689708452071215e-01	7.447099527675804520e-02	-6.562055572158598249e-02	4.287299806373964101e-02	-8.301525635877191750e-03	1.713769944849089996e-02	-1.686923452550128169e-02	2.846616356623392352e-02	-3.101079195453742068e-02
-2.149813655123855582e-01	2.507049759440376779e-01	-4.212840378832158894e-01	2.414380894692321478e-01	-1.702764723064865426e-01	1.806197705080694882e-01	-3.281335117662328993e-01	1.000000000000000444e+00	-4.283376024095170154e-01	1.845623534714290470e-01	-1.789688394233923674e-01	2.559830736168950960e-01	-6.552960477664356853e-01	2.142825643002774227e-01	-1.716711768134498717e-01	1.186386156717854079e-01	-1.286462778697872733e-01	2.154640868348347837e-01	-1.372837702772417567e-01	1.544808560336171088e-01	-1.288400145435452115e-01	1.342424512538898662e-01	-9.983556269040931574e-02	1.098931571565308768e-01	-1.265994738013008492e-01	1.480481008206676885e-01	-1.059402037390352741e-01	7.082602747444145808e-02	-7.357124136205354936e-02	4.262088076367739897e-02	-8.526052498053056372e-03	9.512837001726266728e-02	-6.988751474986497347e-02	6.223119555756896626e-02	-4.087336744390809851e-02	7.668406681149131029e-03	-1.602744153318547138e-02	1.577566326705176145e-02	-2.677088188195966487e-02	2.914221641342498378e-02
2.188216926559989617e-01	-2.242479444043734005e-01	2.556138919975798340e-01	-3.562504931881231851e-01	2.512371187237257830e-01	-1.769072746023847009e-01	2.150673892076123694e-01	-4.283376024095170154e-01	1.000000000000000444e+00	-3.762258073350922549e-01	1.863238464510038328e-01	-2.550338105658353505e-01	2.980659164596063393e-01	-4.913755101854292429e-01	2.870029217892270945e-01	-1.401885705534383908e-01	1.550314377162201052e-01	-3.237378242830308839e-01	2.257552022464610619e-01	-2.686828353939066383e-01	1.540857789575549586e-01	-1.708796043999749048e-01	1.462364449915501130e-01	-1.740970510344542477e-01	1.879962536771085380e-01	-2.159480343445606410e-01	1.513383549562445918e-01	-1.040546130116876272e-01	1.098956579176227077e-01	-6.374212571692350338e-02	1.256463205924608813e-02	-1.415521386667808468e-01	1.031105742595365554e-01	-9.312869949434959826e-02	6.084863543527561230e-02	-1.130389174266160403e-02	2.370823087244137983e-02	-2.336026531206301243e-02	3.972557563769636008e-02	-4.337545250780304451e-02
-1.852138726859004214e-01	1.578629926890039448e-01	-2.128524550603768384e-01	2.855861961735274845e-01	-6.568124643889809988e-01	1.287155536664736921e-01	-1.569551715367124012e-01	1.845623534714290470e-01	-3.762258073350922549e-01	1.000000000000001332e+00	-1.446594360671591695e-01	1.678493006736969106e-01	-2.169360992912759134e-01	2.576882483286851988e-01	-4.545809925980479060e-01	1.016366012871854629e-01	-1.093950682037982125e-01	2.088366939328902827e-01	-1.801041877465279217e-01	2.104089687072968895e-01	-1.174293767473689604e-01	1.179330978771275656e-01	-1.138762141109706111e-01	1.296756695449685359e-01	-1.546057077448081685e-01	1.512835182613259666e-01	-1.153911653976203433e-01	7.914771531979136743e-02	-8.486498383403832946e-02	4.914874469283511682e-02	-9.251398392075615984e-03	1.039429248915927639e-01	-7.873061870524790395e-02	7.049726594695093773e-02	-4.732032359000341165e-02	8.300139778015313413e-03	-1.782508005486683339e-02	1.751473190297104729e-02	-3.005548457303156007e-02	3.249519258464537291e-02
2.915514437998261155e-01	-2.261941640081798210e-01	1.878055466842489252e-01	-1.862976352158248750e-01	1.357988366235011457e-01	-5.508686693677621316e-01	2.670264722462800111e-01	-1.789688394233923674e-01	1.863238464510038328e-01	-1.446594360671591695e-01	1.000000000000000000e+00	-4.480466868155397187e-01	2.079780347317564115e-01	-1.441222870665007927e-01	1.348410051290921952e-01	-4.402228671275938421e-01	2.295102466223015725e-01	-2.949993247958973552e-01	1.338039515615329633e-01	-1.516139972408200864e-01	2.696866917647363637e-01	-2.455585357536558266e-01	1.272296302707690840e-01	-1.258359429739043245e-01	1.508536469015550052e-01	-2.115527048456443404e-01	1.431613495429685801e-01	-9.178849507253923623e-02	9.117257663790358235e-02	-5.276727962293285834e-02	1.128221821650094749e-02	-1.233958731383808377e-01	8.926319505139009014e-02	-7.811183089855676387e-02	5.066374124195029138e-02	-1.016745697239368126e-02	2.060784611707981023e-02	-2.029693368466835984e-02	3.401093214682521237e-02	-3.710224578765525943e-02
-3.292679994546139910e-01	2.648169231247759492e-01	-2.638447153134499956e-01	2.112339188182328908e-01	-1.681529072421436843e-01	2.837124822778273603e-01	-4.819141953375384868e-01	2.559830736168950960e-01	-2.550338105658353505e-01	1.678493006736969106e-01	-4.480466868155397187e-01	1.000000000000000666e+00	-4.038301216888278145e-01	1.789210482679705339e-01	-1.670915881123618552e-01	2.311987622444259538e-01	-3.381383430924753686e-01	2.719286059641982112e-01	-1.498796296472409417e-01	1.626047156426405349e-01	-2.574772588702115006e-01	2.440363016726437018e-01	-1.374810713490388636e-01	1.342741417020156258e-01	-1.656145841116943573e-01	1.952415972841182734e-01	-1.521993528564341558e-01	9.680899069841804316e-02	-9.711173795103313078e-02	5.588732563471237452e-02	-1.127592526585218836e-02	1.251259675457488396e-01	-9.392491999637139766e-02	8.190960513579179092e-02	-5.391295653820156464e-02	1.012972843182962171e-02	-2.122143774624959262e-02	2.085794852260286145e-02	-3.528752577355893927e-02	3.818633262576276444e-02
2.256828656823074153e-01	-2.531276232255352254e-01	2.697701234566774464e-01	-2.678742032281397067e-01	1.834855824964034265e-01	-2.005347821785359586e-01	2.587996158735542673e-01	-6.552960477664356853e-01	2.980659164596063393e-01	-2.169360992912759134e-01	2.079780347317564115e-01	-4.038301216888278145e-01	1.000000000000001332e+00	-3.001685806231932929e-01	2.032521546474876373e-01	-1.495375339633424061e-01	1.685656996625607140e-01	-2.937998485979494978e-01	1.729774538936888206e-01	-2.000601138871991591e-01	1.587674102602355253e-01	-1.791148806854409858e-01	1.270542557119111460e-01	-1.414218729626005866e-01	1.592590921470791454e-01	-1.931042285850129714e-01	1.353349724161403145e-01	-9.068736395837084796e-02	9.385862714216094971e-02	-5.442482832368937540e-02	1.100121942665425838e-02	-1.228941414714293523e-01	8.939596752272736813e-02	-7.979347485511212312e-02	5.208200247572096486e-02	-9.901312462375456286e-03	2.058215521961540700e-02	-2.027306459224582219e-02	3.433039319267284367e-02	-3.746341416600378060e-02
-1.705367983184197245e-01	1.494448648366723253e-01	-1.822364783860440374e-01	2.066374633526037452e-01	-2.089580239131188510e-01	1.265453898329745031e-01	-1.551198523004820584e-01	2.142825643002774227e-01	-4.913755101854292429e-01	2.576882483286851988e-01	-1.441222870665007927e-01	1.789210482679705339e-01	-3.001685806231932929e-01	9.999999999999990008e-01	-6.169820984860703295e-01	1.046866624847296173e-01	-1.178583675776658929e-01	2.378577009890247285e-01	-3.750659574677850938e-01	2.893887995082718434e-01	-1.204773909432053230e-01	1.258986386374930655e-01	-1.356820086088436350e-01	1.728182268591845205e-01	-1.842615051594136133e-01	1.638466623522474575e-01	-1.287851333205524140e-01	9.237750295308200243e-02	-1.024741130041897652e-01	5.786966928299751289e-02	-1.030764308147759378e-02	1.179832219658987352e-01	-9.102531153046974910e-02	8.305854506979515328e-02	-5.552327519177015919e-02	9.242261155166358808e-03	-2.011698922315243582e-02	1.980133398732196806e-02	-3.412572695550010471e-02	3.685424996844047923e-02
1.598049457330816825e-01	-1.404182905634626666e-01	1.654778583200902931e-01	-2.264470585511409173e-01	2.335890017868749724e-01	-1.185543100811071726e-01	1.388232377984632560e-01	-1.716711768134498717e-01	2.870029217892270945e-01	-4.545809925980479060e-01	1.348410051290921952e-01	-1.670915881123618552e-01	2.032521546474876373e-01	-6.169820984860703295e-01	1.000000000000002887e+00	-1.015373265135272318e-01	1.145758967716795917e-01	-2.494089930115771236e-01	2.676235727741657078e-01	-4.395596141475137109e-01	1.159480774375518941e-01	-1.249564138267059837e-01	1.298580819314927026e-01	-1.678872940752753062e-01	1.748379961988255904e-01	-1.665802476266557697e-01	1.261546753908388552e-01	-9.014715271599482715e-02	9.861162546534769924e-02	-5.652622636318697241e-02	1.029588203423995735e-02	-1.179799629545987411e-01	8.902393947111317263e-02	-8.158127121073528720e-02	5.399879919790052246e-02	-9.240200454814264872e-03	1.995214768194972579e-02	-1.965199698921146765e-02	3.377146531477755176e-02	-3.664106486609925578e-02
-2.050871116200862210e-01	1.372280417918680662e-01	-1.308558411730299798e-01	1.237576036992911327e-01	-9.936850036433063360e-02	1.995909302793020812e-01	-1.650513067388459654e-01	1.186386156717854079e-01	-1.401885705534383908e-01	1.016366012871854629e-01	-4.402228671275938421e-01	2.311987622444259538e-01	-1.495375339633424061e-01	1.046866624847296173e-01	-1.015373265135272318e-01	1.000000000000001332e+00	-3.583507254132293207e-01	2.231874238935997457e-01	-1.045114006992452077e-01	1.120213028716356973e-01	-7.286537504191488157e-01	2.720455359619364244e-01	-1.132703659334182156e-01	1.026545422488909509e-01	-1.285010236929346183e-01	1.729047893133477398e-01	-1.310033128797681579e-01	8.052114232766767465e-02	-7.780150917695974333e-02	4.450587102646712256e-02	-9.310702107680235082e-03	1.017829537206768747e-01	-7.647972909337742708e-02	6.595097657696973037e-02	-4.296020514670455259e-02	8.371158269770405738e-03	-1.715925330388053463e-02	1.687477790199535393e-02	-2.826772774461184384e-02	3.056107457179143422e-02
1.873014021449153910e-01	-1.385332781853943762e-01	1.377692986139559539e-01	-1.289663090067526829e-01	1.078037343603486520e-01	-1.610491827614549398e-01	1.702123670963811841e-01	-1.286462778697872733e-01	1.550314377162201052e-01	-1.093950682037982125e-01	2.295102466223015725e-01	-3.381383430924753686e-01	1.685656996625607140e-01	-1.178583675776658929e-01	1.145758967716795917e-01	-3.583507254132293207e-01	1.000000000000000444e+00	-3.593583438064388846e-01	1.273820678643483861e-01	-1.289569150854243118e-01	2.831006350327334720e-01	-7.353632285436764171e-01	1.389354122025579508e-01	-1.223224735802522778e-01	1.482997740351820748e-01	-1.801441009088369793e-01	1.574830881224076884e-01	-9.931751448998032972e-02	9.174279024679073136e-02	-5.218077672963344210e-02	1.041415645530984445e-02	-1.199530168764834509e-01	9.003481169465603340e-02	-7.809161982539054858e-02	5.017357620824015180e-02	-9.356913003259048969e-03	1.970923526651962090e-02	-1.941797043947368628e-02	3.252620270553852749e-02	-3.517140195200901126e-02
-3.319626320600223002e-01	2.111756631807407414e-01	-2.436316818948647822e-01	2.254043982983691130e-01	-2.186892465284906995e-01	2.172146673007191719e-01	-2.358168736491581541e-01	2.154640868348347837e-01	-3.237378242830308839e-01	2.088366939328902827e-01	-2.949993247958973552e-01	2.719286059641982112e-01	-2.937998485979494978e-01	2.378577009890247285e-01	-2.494089930115771236e-01	2.231874238935997457e-01	-3.593583438064388846e-01	1.000000000000000000e+00	-3.526772207918599245e-01	2.642716919209691095e-01	-2.854547992749824625e-01	2.673534542733674302e-01	-2.485929350261048831e-01	2.417117415977342865e-01	-3.349089620389852362e-01	2.728162028869960953e-01	-2.586436060656328584e-01	1.666123512887102420e-01	-1.753713662468929513e-01	1.006169102647151564e-01	-1.815181691872261999e-02	2.019008389427216499e-01	-1.640660848606282363e-01	1.422078810568213891e-01	-9.842751988198743252e-02	1.620462001165184907e-02	-3.601289748544405506e-02	3.519672265627164093e-02	-6.088758260231547093e-02	6.463791600022666950e-02
1.540231883106363553e-01	-1.186851948415606067e-01	1.372259888344308787e-01	-1.555345543529770280e-01	1.491967264582905739e-01	-1.096872002703794119e-01	1.238915526215801505e-01	-1.372837702772417567e-01	2.257552022464610619e-01	-1.801041877465279217e-01	1.338039515615329633e-01	-1.498796296472409417e-01	1.729774538936888206e-01	-3.750659574677850938e-01	2.676235727741657078e-01	-1.045114006992452077e-01	1.273820678643483861e-01	-3.526772207918599245e-01	1.000000000000000666e+00	-6.780050882083255015e-01	1.237830860867520505e-01	-1.348797295678766384e-01	1.872689578031679347e-01	-3.940396049295635250e-01	2.511364623288710463e-01	-1.880814863869133269e-01	1.588377374753778826e-01	-1.265470321688261790e-01	1.476578265258911005e-01	-8.042479738403886247e-02	1.274946494504992575e-02	-1.525617521369668494e-01	1.206461487270669986e-01	-1.172591705569611814e-01	7.587570419442953018e-02	-1.141457930005717117e-02	2.565363149511330765e-02	-2.535012584377534933e-02	4.413910447613696164e-02	-4.763533828373790746e-02
-1.807013113004970473e-01	1.347384704187056526e-01	-1.614787669658684088e-01	1.758386267908948197e-01	-1.904720465631550008e-01	1.240769162805477749e-01	-1.417328806558754983e-01	1.544808560336171088e-01	-2.686828353939066383e-01	2.104089687072968895e-01	-1.516139972408200864e-01	1.626047156426405349e-01	-2.000601138871991591e-01	2.893887995082718434e-01	-4.395596141475137109e-01	1.120213028716356973e-01	-1.289569150854243118e-01	2.642716919209691095e-01	-6.780050882083255015e-01	9.999999999999994449e-01	-1.356823615087016099e-01	1.366714345840344402e-01	-1.970956452347273347e-01	2.503420185539901310e-01	-2.917604529114018463e-01	1.957065703465830919e-01	-1.728891166613314434e-01	1.286808058425555346e-01	-1.492514868002023654e-01	8.323616865680007193e-02	-1.343036581723105680e-02	1.555232985809620050e-01	-1.270577948423131653e-01	1.162499466841500212e-01	-8.048616375071231122e-02	1.200022402087735397e-02	-2.711592454570569549e-02	2.664837423770706828e-02	-4.657334051146110737e-02	4.971704107743155077e-02
1.949883690366758238e-01	-1.473573343957917114e-01	1.395608560811675558e-01	-1.417776728116256213e-01	1.115026123188169183e-01	-1.994428911044782426e-01	1.656765182370540102e-01	-1.288400145435452115e-01	1.540857789575549586e-01	-1.174293767473689604e-01	2.696866917647363637e-01	-2.574772588702115006e-01	1.587674102602355253e-01	-1.204773909432053230e-01	1.159480774375518941e-01	-7.286537504191488157e-01	2.831006350327334720e-01	-2.854547992749824625e-01	1.237830860867520505e-01	-1.356823615087016099e-01	1.000000000000000888e+00	-4.093999427124533352e-01	1.375297282716270719e-01	-1.254117994726033358e-01	1.532680429783834786e-01	-2.473945720480671961e-01	1.611934298866410653e-01	-9.993898196931333411e-02	9.509751014134312785e-02	-5.456541393206053303e-02	1.201183440633363415e-02	-1.284829356294979463e-01	9.419580539465671754e-02	-8.153747416809267734e-02	5.246690247831407861e-02	-1.082979771987272258e-02	2.142140952388136427e-02	-2.110585491070626415e-02	3.499305997182274031e-02	-3.801812702633285135e-02
-2.100266787929225831e-01	1.430699821551749684e-01	-1.490840289649661421e-01	1.372202785213815224e-01	-1.183994818469656790e-01	1.644204979080026718e-01	-1.746168773350084968e-01	1.342424512538898662e-01	-1.708796043999749048e-01	1.179330978771275656e-01	-2.455585357536558266e-01	2.440363016726437018e-01	-1.791148806854409858e-01	1.258986386374930655e-01	-1.249564138267059837e-01	2.720455359619364244e-01	-7.353632285436764171e-01	2.673534542733674302e-01	-1.348797295678766384e-01	1.366714345840344402e-01	-4.093999427124533352e-01	1.000000000000000444e+00	-1.872904196995932857e-01	1.415843585445007713e-01	-1.747460594557869173e-01	2.072460916672520803e-01	-2.215409729648187276e-01	1.261470692900717172e-01	-1.121507074465964843e-01	6.252960820612285531e-02	-1.230215089719604617e-02	1.432871677513596620e-01	-1.112208084466946717e-01	9.452541823541982247e-02	-6.032711432438804533e-02	1.103834840881511362e-02	-2.353484789508134695e-02	2.318390493690308113e-02	-3.872513565963313364e-02	4.168398645941256281e-02
1.378184254756086025e-01	-9.917067332289407344e-02	1.089575296425843998e-01	-1.167528798403047324e-01	1.041318559691535445e-01	-9.980142365851850383e-02	1.062750977717513562e-01	-9.983556269040931574e-02	1.462364449915501130e-01	-1.138762141109706111e-01	1.272296302707690840e-01	-1.374810713490388636e-01	1.270542557119111460e-01	-1.356820086088436350e-01	1.298580819314927026e-01	-1.132703659334182156e-01	1.389354122025579508e-01	-2.485929350261048831e-01	1.872689578031679347e-01	-1.970956452347273347e-01	1.375297282716270719e-01	-1.872904196995932857e-01	9.999999999999998890e-01	-4.421766444624974923e-01	2.824877079192978924e-01	-3.652290463523846786e-01	3.053391740989176428e-01	-5.877383967935042586e-01	2.729972283164500135e-01	-1.462170240157823486e-01	2.494782991218053372e-02	-3.654335630066258278e-01	2.708371587395628222e-01	-2.529417683861484023e-01	1.325926581372165458e-01	-2.247600945596489250e-02	5.066976747889295751e-02	-5.118099418797390776e-02	8.242114381195057848e-02	-9.134542775700404960e-02
-1.422989405838084587e-01	1.032726901978232581e-01	-1.174494760632817242e-01	1.262477939791568082e-01	-1.184213760961833756e-01	1.002194083777808997e-01	-1.097644557176900570e-01	1.098931571565308768e-01	-1.740970510344542477e-01	1.296756695449685359e-01	-1.258359429739043245e-01	1.342741417020156258e-01	-1.414218729626005866e-01	1.728182268591845205e-01	-1.678872940752753062e-01	1.026545422488909509e-01	-1.223224735802522778e-01	2.417117415977342865e-01	-3.940396049295635250e-01	2.503420185539901310e-01	-1.254117994726033358e-01	1.415843585445007713e-01	-4.421766444624974923e-01	1.000000000000000222e+00	-5.789537550709814573e-01	2.632954631327057982e-01	-2.543559014413119268e-01	2.408807902217502406e-01	-3.601667676353434988e-01	1.523009311700199431e-01	-1.992614332240862096e-02	2.493348202741358655e-01	-2.217600046102649047e-01	2.205309745905816576e-01	-1.449652638212520772e-01	1.779598024612162599e-02	-4.196296829352160612e-02	4.166994981143586074e-02	-7.391317384667649149e-02	7.862826016711502164e-02
1.678714398364498928e-01	-1.240856857824250287e-01	1.372611391776202006e-01	-1.541883860741867784e-01	1.359605133294876089e-01	-1.211810393667757529e-01	1.302113407544969181e-01	-1.265994738013008492e-01	1.879962536771085380e-01	-1.546057077448081685e-01	1.508536469015550052e-01	-1.656145841116943573e-01	1.592590921470791454e-01	-1.842615051594136133e-01	1.748379961988255904e-01	-1.285010236929346183e-01	1.482997740351820748e-01	-3.349089620389852362e-01	2.511364623288710463e-01	-2.917604529114018463e-01	1.532680429783834786e-01	-1.747460594557869173e-01	2.824877079192978924e-01	-5.789537550709814573e-01	9.999999999999991118e-01	-4.177888192700117131e-01	2.663351783808571849e-01	-2.222256807613281204e-01	2.530478574860673957e-01	-2.206209968586581582e-01	2.675456497757222954e-02	-3.461658380647116284e-01	2.240101943529067274e-01	-2.392574384282724342e-01	1.721100784284277097e-01	-2.412521606152843653e-02	5.238499417221118004e-02	-5.230143031856037544e-02	9.054124917929970429e-02	-1.027354523144012877e-01
-2.368181142806922435e-01	1.512891714108411667e-01	-1.692920960116543194e-01	1.644213754904815250e-01	-1.529422023453837765e-01	1.580077013094911831e-01	-1.648407698665966814e-01	1.480481008206676885e-01	-2.159480343445606410e-01	1.512835182613259666e-01	-2.115527048456443404e-01	1.952415972841182734e-01	-1.931042285850129714e-01	1.638466623522474575e-01	-1.665802476266557697e-01	1.729047893133477398e-01	-1.801441009088369793e-01	2.728162028869960953e-01	-1.880814863869133269e-01	1.957065703465830919e-01	-2.473945720480671961e-01	2.072460916672520803e-01	-3.652290463523846786e-01	2.632954631327057982e-01	-4.177888192700117131e-01	9.999999999999992228e-01	-5.792532676146623372e-01	2.627110318665191735e-01	-2.451591393904581917e-01	1.353406393144149511e-01	-3.720934950633326271e-02	2.776345909069935503e-01	-2.457735765283424190e-01	1.977204068091392708e-01	-1.346934104743527927e-01	3.267791583091139707e-02	-5.553877384926958483e-02	5.382428578530173285e-02	-8.668489760279349254e-02	9.001274528612432380e-02
1.530855572898875971e-01	-1.077746672608759088e-01	1.172745426241320332e-01	-1.226128004621998280e-01	1.084908812627750352e-01	-1.108617231506932033e-01	1.164825538696325630e-01	-1.059402037390352741e-01	1.513383549562445918e-01	-1.153911653976203433e-01	1.431613495429685801e-01	-1.521993528564341558e-01	1.353349724161403145e-01	-1.287851333205524140e-01	1.261546753908388552e-01	-1.310033128797681579e-01	1.574830881224076884e-01	-2.586436060656328584e-01	1.588377374753778826e-01	-1.728891166613314434e-01	1.611934298866410653e-01	-2.215409729648187276e-01	3.053391740989176428e-01	-2.543559014413119268e-01	2.663351783808571849e-01	-5.792532676146623372e-01	1.000000000000001332e+00	-4.758414835541732169e-01	2.443227494565225200e-01	-1.362776205999443047e-01	2.918714252383503363e-02	-4.263479513893319583e-01	2.680840138075621937e-01	-2.333656642537364767e-01	1.262632658382087103e-01	-2.643166416384651329e-02	5.403507528084397493e-02	-5.416483395058006856e-02	8.390456607647163445e-02	-9.262785010802657149e-02
-9.985828209452397852e-02	7.055160515063435556e-02	-7.785481056560544788e-02	8.196766347724034063e-02	-7.378503964905519519e-02	7.138213387247269170e-02	-7.597032026045359709e-02	7.082602747444145808e-02	-1.040546130116876272e-01	7.914771531979136743e-02	-9.178849507253923623e-02	9.680899069841804316e-02	-9.068736395837084796e-02	9.237750295308200243e-02	-9.014715271599482715e-02	8.052114232766767465e-02	-9.931751448998032972e-02	1.666123512887102420e-01	-1.265470321688261790e-01	1.286808058425555346e-01	-9.993898196931333411e-02	1.261470692900717172e-01	-5.877383967935042586e-01	2.408807902217502406e-01	-2.222256807613281204e-01	2.627110318665191735e-01	-4.758414835541732169e-01	1.000000000000000666e+00	-3.923508713067909714e-01	1.357887201266205490e-01	-2.077617373743921581e-02	3.012028732431109024e-01	-4.299439144793081313e-01	2.596218117120970281e-01	-1.298811070357918374e-01	1.856710305259976282e-02	-4.561760312756624192e-02	4.607523565618701356e-02	-7.272744536209019284e-02	7.718172061581567156e-02
1.010055434499103483e-01	-7.223265844406076552e-02	8.029043714794001363e-02	-8.602883029246566338e-02	7.780868664877545193e-02	-7.187479969138253766e-02	7.703995194319923634e-02	-7.357124136205354936e-02	1.098956579176227077e-01	-8.486498383403832946e-02	9.117257663790358235e-02	-9.711173795103313078e-02	9.385862714216094971e-02	-1.024741130041897652e-01	9.861162546534769924e-02	-7.780150917695974333e-02	9.174279024679073136e-02	-1.753713662468929513e-01	1.476578265258911005e-01	-1.492514868002023654e-01	9.509751014134312785e-02	-1.121507074465964843e-01	2.729972283164500135e-01	-3.601667676353434988e-01	2.530478574860673957e-01	-2.451591393904581917e-01	2.443227494565225200e-01	-3.923508713067909714e-01	1.000000000000001554e+00	-2.850504313844753335e-01	2.298450214533241664e-02	-3.249568901351669314e-01	2.973459104117631702e-01	-6.390431444918563963e-01	2.249660669459758733e-01	-2.051440720294010062e-02	5.212449591378645608e-02	-5.347993787483125427e-02	1.030140112188712709e-01	-1.115290107494399385e-01
-5.881840962752052371e-02	4.191831089856457027e-02	-4.669312366917415663e-02	5.003114264326961880e-02	-4.525607985276805523e-02	4.162923644635309339e-02	-4.465502915387216387e-02	4.262088076367739897e-02	-6.374212571692350338e-02	4.914874469283511682e-02	-5.276727962293285834e-02	5.588732563471237452e-02	-5.442482832368937540e-02	5.786966928299751289e-02	-5.652622636318697241e-02	4.450587102646712256e-02	-5.218077672963344210e-02	1.006169102647151564e-01	-8.042479738403886247e-02	8.323616865680007193e-02	-5.456541393206053303e-02	6.252960820612285531e-02	-1.462170240157823486e-01	1.523009311700199431e-01	-2.206209968586581582e-01	1.353406393144149511e-01	-1.362776205999443047e-01	1.357887201266205490e-01	-2.850504313844753335e-01	1.000000000000001110e+00	-1.352646693109525386e-02	1.594742196003555157e-01	-1.686562683049811218e-01	2.384274545347423724e-01	-8.843294139872405202e-01	1.196691168401841851e-02	-3.131418644427071130e-02	3.114390045853127412e-02	-6.518003354347963463e-02	6.678990813292756679e-02
1.267637005114910162e-02	-8.566822074772511078e-03	9.559567749826266767e-03	-9.768730949786075951e-03	8.940265914111849774e-03	-8.705911926397677525e-03	9.223006773106171702e-03	-8.526052498053056372e-03	1.256463205924608813e-02	-9.251398392075615984e-03	1.128221821650094749e-02	-1.127592526585218836e-02	1.100121942665425838e-02	-1.030764308147759378e-02	1.029588203423995735e-02	-9.310702107680235082e-03	1.041415645530984445e-02	-1.815181691872261999e-02	1.274946494504992575e-02	-1.343036581723105680e-02	1.201183440633363415e-02	-1.230215089719604617e-02	2.494782991218053372e-02	-1.992614332240862096e-02	2.675456497757222954e-02	-3.720934950633326271e-02	2.918714252383503363e-02	-2.077617373743921581e-02	2.298450214533241664e-02	-1.352646693109525386e-02	1.000000000000001554e+00	-3.705193383876340812e-02	2.891492550672899661e-02	-2.334630806679119375e-02	1.363132319609973095e-02	-9.637886646832061199e-01	1.659677764584099879e-01	-1.844756561421797558e-01	5.978641404221210487e-02	-7.319487151203954434e-02
-1.385894104867261833e-01	9.469536276170667510e-02	-1.059983352858726996e-01	1.087245528826905339e-01	-1.000556656213541090e-01	9.561994912244570211e-02	-1.020689708452071215e-01	9.512837001726266728e-02	-1.415521386667808468e-01	1.039429248915927639e-01	-1.233958731383808377e-01	1.251259675457488396e-01	-1.228941414714293523e-01	1.179832219658987352e-01	-1.179799629545987411e-01	1.017829537206768747e-01	-1.199530168764834509e-01	2.019008389427216499e-01	-1.525617521369668494e-01	1.555232985809620050e-01	-1.284829356294979463e-01	1.432871677513596620e-01	-3.654335630066258278e-01	2.493348202741358655e-01	-3.461658380647116284e-01	2.776345909069935503e-01	-4.263479513893319583e-01	3.012028732431109024e-01	-3.249568901351669314e-01	1.594742196003555157e-01	-3.705193383876340812e-02	1.000000000000001554e+00	-6.124589779931089994e-01	2.779369440193374952e-01	-1.696427096369997889e-01	3.260972614623155325e-02	-8.635790921551395050e-02	8.031065176436200104e-02	-1.083189475672876739e-01	1.080485031007917818e-01
9.865696875740501137e-02	-6.952852351642849205e-02	7.702688328526526018e-02	-8.140967927915265800e-02	7.340566057527593558e-02	-6.988687195159266896e-02	7.447099527675804520e-02	-6.988751474986497347e-02	1.031105742595365554e-01	-7.873061870524790395e-02	8.926319505139009014e-02	-9.392491999637139766e-02	8.939596752272736813e-02	-9.102531153046974910e-02	8.902393947111317263e-02	-7.647972909337742708e-02	9.003481169465603340e-02	-1.640660848606282363e-01	1.206461487270669986e-01	-1.270577948423131653e-01	9.419580539465671754e-02	-1.112208084466946717e-01	2.708371587395628222e-01	-2.217600046102649047e-01	2.240101943529067274e-01	-2.457735765283424190e-01	2.680840138075621937e-01	-4.299439144793081313e-01	2.973459104117631702e-01	-1.686562683049811218e-01	2.891492550672899661e-02	-6.124589779931089994e-01	1.000000000000001110e+00	-5.030606001738554545e-01	1.629093904467950049e-01	-2.581755103889977684e-02	7.091225755279466358e-02	-7.582367637516265746e-02	9.852253379195047289e-02	-1.042548934051730214e-01
-8.688810899828418310e-02	6.129273708955843697e-02	-6.834790874392089599e-02	7.219671987269155045e-02	-6.575661897248197274e-02	6.123857294452665634e-02	-6.562055572158598249e-02	6.223119555756896626e-02	-9.312869949434959826e-02	7.049726594695093773e-02	-7.811183089855676387e-02	8.190960513579179092e-02	-7.979347485511212312e-02	8.305854506979515328e-02	-8.158127121073528720e-02	6.595097657696973037e-02	-7.809161982539054858e-02	1.422078810568213891e-01	-1.172591705569611814e-01	1.162499466841500212e-01	-8.153747416809267734e-02	9.452541823541982247e-02	-2.529417683861484023e-01	2.205309745905816576e-01	-2.392574384282724342e-01	1.977204068091392708e-01	-2.333656642537364767e-01	2.596218117120970281e-01	-6.390431444918563963e-01	2.384274545347423724e-01	-2.334630806679119375e-02	2.779369440193374952e-01	-5.030606001738554545e-01	1.000000000000001332e+00	-3.266510961675923030e-01	2.060575480011211935e-02	-5.771337965388814717e-02	5.898205044789433388e-02	-1.355977255472496923e-01	1.219096131253270127e-01
5.635648845683886854e-02	-4.029994829693649833e-02	4.477319705002293787e-02	-4.820338944879653392e-02	4.336968528714370968e-02	-4.002879822140065214e-02	4.287299806373964101e-02	-4.087336744390809851e-02	6.084863543527561230e-02	-4.732032359000341165e-02	5.066374124195029138e-02	-5.391295653820156464e-02	5.208200247572096486e-02	-5.552327519177015919e-02	5.399879919790052246e-02	-4.296020514670455259e-02	5.017357620824015180e-02	-9.842751988198743252e-02	7.587570419442953018e-02	-8.048616375071231122e-02	5.246690247831407861e-02	-6.032711432438804533e-02	1.325926581372165458e-01	-1.449652638212520772e-01	1.721100784284277097e-01	-1.346934104743527927e-01	1.262632658382087103e-01	-1.298811070357918374e-01	2.249660669459758733e-01	-8.843294139872405202e-01	1.363132319609973095e-02	-1.696427096369997889e-01	1.629093904467950049e-01	-3.266510961675923030e-01	1.000000000000000666e+00	-1.208986518793222879e-02	3.159327032084663367e-02	-3.182189290726851472e-02	6.719980758199071980e-02	-7.230974786938482168e-02
-1.143264500706937803e-02	7.706707370829588531e-03	-8.604901382632468981e-03	8.771960824295380738e-03	-8.039269876079637583e-03	7.837014689850161156e-03	-8.301525635877191750e-03	7.668406681149131029e-03	-1.130389174266160403e-02	8.300139778015313413e-03	-1.016745697239368126e-02	1.012972843182962171e-02	-9.901312462375456286e-03	9.242261155166358808e-03	-9.240200454814264872e-03	8.371158269770405738e-03	-9.356913003259048969e-03	1.620462001165184907e-02	-1.141457930005717117e-02	1.200022402087735397e-02	-1.082979771987272258e-02	1.103834840881511362e-02	-2.247600945596489250e-02	1.779598024612162599e-02	-2.412521606152843653e-02	3.267791583091139707e-02	-2.643166416384651329e-02	1.856710305259976282e-02	-2.051440720294010062e-02	1.196691168401841851e-02	-9.637886646832061199e-01	3.260972614623155325e-02	-2.581755103889977684e-02	2.060575480011211935e-02	-1.208986518793222879e-02	1.000000000000001332e+00	-2.014690991880828674e-01	1.554518576849676370e-01	-5.232958521543031039e-02	6.068874587011682115e-02
2.310996013363883148e-02	-1.599528873284163794e-02	1.781712810491348914e-02	-1.859560067489985508e-02	1.689486873444606685e-02	-1.609093542272463720e-02	1.713769944849089996e-02	-1.602744153318547138e-02	2.370823087244137983e-02	-1.782508005486683339e-02	2.060784611707981023e-02	-2.122143774624959262e-02	2.058215521961540700e-02	-2.011698922315243582e-02	1.995214768194972579e-02	-1.715925330388053463e-02	1.970923526651962090e-02	-3.601289748544405506e-02	2.565363149511330765e-02	-2.711592454570569549e-02	2.142140952388136427e-02	-2.353484789508134695e-02	5.066976747889295751e-02	-4.196296829352160612e-02	5.238499417221118004e-02	-5.553877384926958483e-02	5.403507528084397493e-02	-4.561760312756624192e-02	5.212449591378645608e-02	-3.131418644427071130e-02	1.659677764584099879e-01	-8.635790921551395050e-02	7.091225755279466358e-02	-5.771337965388814717e-02	3.159327032084663367e-02	-2.014690991880828674e-01	1.000000000000000888e+00	-9.172302517360892971e-01	1.818377434906174595e-01	-2.192198181858336925e-01
-2.276999870873013671e-02	1.573490306950862255e-02	-1.753991627467984399e-02	1.826990181747777803e-02	-1.662787291276219062e-02	1.583387933217458507e-02	-1.686923452550128169e-02	1.577566326705176145e-02	-2.336026531206301243e-02	1.751473190297104729e-02	-2.029693368466835984e-02	2.085794852260286145e-02	-2.027306459224582219e-02	1.980133398732196806e-02	-1.965199698921146765e-02	1.687477790199535393e-02	-1.941797043947368628e-02	3.519672265627164093e-02	-2.535012584377534933e-02	2.664837423770706828e-02	-2.110585491070626415e-02	2.318390493690308113e-02	-5.118099418797390776e-02	4.166994981143586074e-02	-5.230143031856037544e-02	5.382428578530173285e-02	-5.416483395058006856e-02	4.607523565618701356e-02	-5.347993787483125427e-02	3.114390045853127412e-02	-1.844756561421797558e-01	8.031065176436200104e-02	-7.582367637516265746e-02	5.898205044789433388e-02	-3.182189290726851472e-02	1.554518576849676370e-01	-9.172302517360892971e-01	1.000000000000000888e+00	-2.376264474428065321e-01	1.882182903960967768e-01
3.821037625858222236e-02	-2.662759805841306143e-02	2.967960423981470461e-02	-3.119012613623412672e-02	2.831117904977091537e-02	-2.666862375366647539e-02	2.846616356623392352e-02	-2.677088188195966487e-02	3.972557563769636008e-02	-3.005548457303156007e-02	3.401093214682521237e-02	-3.528752577355893927e-02	3.433039319267284367e-02	-3.412572695550010471e-02	3.377146531477755176e-02	-2.826772774461184384e-02	3.252620270553852749e-02	-6.088758260231547093e-02	4.413910447613696164e-02	-4.657334051146110737e-02	3.499305997182274031e-02	-3.872513565963313364e-02	8.242114381195057848e-02	-7.391317384667649149e-02	9.054124917929970429e-02	-8.668489760279349254e-02	8.390456607647163445e-02	-7.272744536209019284e-02	1.030140112188712709e-01	-6.518003354347963463e-02	5.978641404221210487e-02	-1.083189475672876739e-01	9.852253379195047289e-02	-1.355977255472496923e-01	6.719980758199071980e-02	-5.232958521543031039e-02	1.818377434906174595e-01	-2.376264474428065321e-01	1.000000000000000888e+00	-9.278335060758153841e-01
