1.000000000000000000e+00	-6.217310255354550064e-01	2.616666301793058036e-01	-1.026706378406796044e-01	1.229377363739892343e-01	-6.798846806789748953e-01	1.523771593627701870e-01	-1.320930514764321329e-01	8.845528731462297400e-02	-7.580893652181201758e-02	1.375711747865376033e-01	-1.107171237366791905e-01	1.175911187857867496e-01	-7.546484946228176893e-02	9.015021876144077573e-02	-8.659965380070408503e-02	7.496938259531124582e-02	-1.015399138106319599e-01	6.529127373097338982e-02	-7.829292427542268451e-02	7.913391274548650656e-02	-7.251881640211685354e-02	7.066878198701383174e-02	-7.846563744835002852e-02	7.995761342792949422e-02	-8.361547821382303569e-02	6.025685683161855627e-02	-6.296602142665279345e-02	5.844848203221630900e-02	-5.456577431979513226e-02	5.480876273551204408e-02	-4.443592513093887197e-02	5.057002367048953756e-02	-4.890374526012397638e-02	3.918848485411328963e-02	-5.177998059438817385e-02	5.296700385820581058e-02	-6.409274208633164438e-02	4.093481550205801955e-02	-7.179779870518734897e-02
-6.217310255354550064e-01	1.000000000000000000e+00	-5.764172367236325423e-01	1.833551995697386694e-01	-2.254731007405269827e-01	3.130589148530595334e-01	-1.759406970428441519e-01	1.418948912033901055e-01	-1.469939201276241614e-01	1.228674945174827865e-01	-1.591223252581238368e-01	1.279087379715079242e-01	-1.505415797155060520e-01	1.053571668362162789e-01	-1.341077893474585947e-01	9.863830590372507645e-02	-9.191891166767202082e-02	1.241672556580917103e-01	-9.186822158950823380e-02	1.112547178094375339e-01	-9.809497128756697326e-02	8.886799075667813075e-02	-8.932232559736616451e-02	9.977916511633569407e-02	-1.063831742453280466e-01	1.010088448220416851e-01	-7.569591037681022705e-02	7.845165780277847667e-02	-7.511433335798263500e-02	7.038727386224231941e-02	-7.017470350443127947e-02	5.625117500445142582e-02	-6.440993109862598598e-02	6.260353293390513718e-02	-5.034332440926810731e-02	6.538648173355882109e-02	-6.781235734405083315e-02	8.120191325323630749e-02	-5.205677878984813628e-02	9.108189870081022377e-02
2.616666301793058036e-01	-5.764172367236325423e-01	9.999999999999997780e-01	-4.081303611279673560e-01	2.671894622140617015e-01	-3.927442677973467799e-01	1.825499156711996862e-01	-1.925629473316185225e-01	1.935974272731380008e-01	-1.827206247963889252e-01	1.799309583775493826e-01	-1.667969278949695544e-01	1.774398733845484744e-01	-1.461968283005381786e-01	1.697117076926375756e-01	-1.321063482620557505e-01	1.254721286295340243e-01	-1.844391216261949407e-01	1.219815461915522287e-01	-1.622105034997807504e-01	1.258611971808509256e-01	-1.275867512172738638e-01	1.258284366032132728e-01	-1.517653375817890893e-01	1.486126525128606546e-01	-1.496152272294672403e-01	1.086272840981021420e-01	-1.182766600122561879e-01	1.112553100940979200e-01	-1.071222469235617036e-01	1.011876890538207369e-01	-8.453544658428674419e-02	9.530688625138271364e-02	-9.626296026564806763e-02	7.677182733219194144e-02	-9.932463791388670971e-02	1.004973753276183213e-01	-1.300691965900986347e-01	8.245567865941801078e-02	-1.470603490947106073e-01
-1.026706378406796044e-01	1.833551995697386694e-01	-4.081303611279673560e-01	1.000000000000000222e+00	-7.577246519602516273e-01	1.503884587007081608e-01	-9.068950675727989463e-02	9.251867052698309335e-02	-3.793862972654469257e-01	2.585341321945260340e-01	-8.811535439498734135e-02	8.660131491156816685e-02	-9.933804636764781426e-02	1.207159930560342820e-01	-1.521447075089625012e-01	6.456692732828804571e-02	-6.437270590910978973e-02	9.487137039194365462e-02	-9.616849273082025973e-02	1.272110969382004020e-01	-6.236111874581940634e-02	6.474599818640280890e-02	-6.469918764265351896e-02	7.806503379711571267e-02	-8.045545695212205639e-02	7.299923515015435682e-02	-5.394963911969031384e-02	5.847843731268753675e-02	-5.680583825775367690e-02	5.523846589465600254e-02	-5.010392429133077308e-02	4.187606443878241075e-02	-4.742262514693364878e-02	4.874306384632170336e-02	-3.898009003746253504e-02	4.878986726860057299e-02	-4.989244020567024096e-02	6.401860902803539755e-02	-4.081399217811060298e-02	7.250713556277452176e-02
1.229377363739892343e-01	-2.254731007405269827e-01	2.671894622140617015e-01	-7.577246519602516273e-01	1.000000000000000000e+00	-1.939709696269519557e-01	1.070805008709948686e-01	-1.101402408068781757e-01	2.826654437665058195e-01	-3.889088242104327686e-01	1.112712654492276493e-01	-1.094227869980933798e-01	1.207128249734519126e-01	-1.449863505689631682e-01	1.796122708737631357e-01	-8.332018259960026485e-02	8.273295467140001636e-02	-1.234812894757162799e-01	1.137860783826932093e-01	-1.649701921817996464e-01	8.021069023605509329e-02	-8.412073722313824498e-02	8.380665868901665538e-02	-1.026157400960436283e-01	1.040297811177790382e-01	-9.576300407178367502e-02	7.048706420403377804e-02	-7.693432677107610307e-02	7.444662857880239570e-02	-7.272177238351856809e-02	6.562888867641387958e-02	-5.513173621629297722e-02	6.229103158078314745e-02	-6.432018893665404635e-02	5.136219656731782351e-02	-6.437033207019102199e-02	6.559170572321072756e-02	-8.512045326621918429e-02	5.416680894498111104e-02	-9.651310692987954964e-02
-6.798846806789748953e-01	3.130589148530595334e-01	-3.927442677973467799e-01	1.503884587007081608e-01	-1.939709696269519557e-01	1.000000000000000666e+00	-2.896013560943204723e-01	1.938859236488810200e-01	-1.374488049179660720e-01	1.149325851553689992e-01	-2.510825814578879212e-01	1.691072336479398364e-01	-1.916699930446986444e-01	1.146899458512307124e-01	-1.406098652427184292e-01	1.312011937647066806e-01	-1.135518213690655392e-01	1.466542186725028341e-01	-1.006396438297950113e-01	1.168343455561712957e-01	-1.246758958035037862e-01	1.066580852418617664e-01	-1.052741642626121993e-01	1.130262368757700142e-01	-1.195967019632089290e-01	1.209249130757907853e-01	-8.905094647857673962e-02	9.080482463205793997e-02	-8.531751290600202153e-02	7.880637976856981475e-02	-8.096330271070367735e-02	6.438691788917989822e-02	-7.383401597575600661e-02	7.029225474429379172e-02	-5.654466540248991036e-02	7.467191891360278055e-02	-7.735829616891795601e-02	9.052495466366020094e-02	-5.811952844155550413e-02	1.010897092938687070e-01
1.523771593627701870e-01	-1.759406970428441519e-01	1.825499156711996862e-01	-9.068950675727989463e-02	1.070805008709948686e-01	-2.896013560943204723e-01	1.000000000000000222e+00	-8.304449849238468850e-01	1.082216372149999717e-01	-9.379644000874862164e-02	1.649434553357896904e-01	-2.343702409338362935e-01	2.521772620520379427e-01	-1.236481112949387728e-01	1.194271312024373921e-01	-1.148066668919070776e-01	1.179682250592500731e-01	-1.637519230220665367e-01	9.901957084682615207e-02	-1.109101563509261451e-01	1.039531795542892600e-01	-1.105559592544649028e-01	1.034359621465075624e-01	-1.096512215498370302e-01	1.069208954464057754e-01	-1.135403555092383554e-01	8.174972244165500113e-02	-8.601892877142242044e-02	7.953980390430497038e-02	-7.361497997210582345e-02	7.239613222722367236e-02	-5.967392516600017460e-02	6.775152294003781994e-02	-6.590330047301921901e-02	5.270249495466566847e-02	-6.908428378570106998e-02	7.038033749297792352e-02	-8.549685074716552313e-02	5.462525233247627482e-02	-9.572027115343358095e-02
-1.320930514764321329e-01	1.418948912033901055e-01	-1.925629473316185225e-01	9.251867052698309335e-02	-1.101402408068781757e-01	1.938859236488810200e-01	-8.304449849238468850e-01	1.000000000000000666e+00	-1.202880036091885374e-01	9.601429425010454821e-02	-1.587146949264116036e-01	2.048262925124805511e-01	-3.807921173767895295e-01	1.259749543288868345e-01	-1.220951267477842911e-01	1.027073469139534734e-01	-1.085036020841221721e-01	1.434399591918899264e-01	-1.033078471246954427e-01	1.066249063194107533e-01	-9.599098097047534250e-02	9.798109397516920061e-02	-9.401921565893636701e-02	9.690009961729069421e-02	-9.793176720029572735e-02	9.948063718333650940e-02	-7.307082370670221760e-02	7.564577850598418196e-02	-7.106403701700922393e-02	6.541648745531560005e-02	-6.474254741400009561e-02	5.274683766171379268e-02	-6.023010169285993032e-02	5.825513022702966115e-02	-4.673540457350668781e-02	6.082682944577881556e-02	-6.260310600339458187e-02	7.460537641068590298e-02	-4.784939547705949203e-02	8.343448494006899807e-02
8.845528731462297400e-02	-1.469939201276241614e-01	1.935974272731380008e-01	-3.793862972654469257e-01	2.826654437665058195e-01	-1.374488049179660720e-01	1.082216372149999717e-01	-1.202880036091885374e-01	1.000000000000000222e+00	-7.662913360368165394e-01	1.024730333570020302e-01	-1.108005662492148602e-01	1.326990661918728553e-01	-2.507527634419014495e-01	2.486036328914908722e-01	-7.621018713981611570e-02	7.977021209660475898e-02	-1.191951436118889457e-01	1.630080021224468156e-01	-2.247838351313911631e-01	7.366754815035782278e-02	-7.959381087009871625e-02	7.996041744717460875e-02	-9.704358249446330686e-02	1.033936061615023938e-01	-8.592616313408023287e-02	6.426992762814442983e-02	-6.964598211393868699e-02	6.964481504582903382e-02	-6.861608482021626376e-02	5.926883681623220518e-02	-4.982047810190080167e-02	5.658416714377956236e-02	-5.945372694196414398e-02	4.761325155207947468e-02	-5.753188796021542484e-02	5.931917389933943907e-02	-7.590442925014929954e-02	4.864472579906022054e-02	-8.617320450575052804e-02
-7.580893652181201758e-02	1.228674945174827865e-01	-1.827206247963889252e-01	2.585341321945260340e-01	-3.889088242104327686e-01	1.149325851553689992e-01	-9.379644000874862164e-02	9.601429425010454821e-02	-7.662913360368165394e-01	1.000000000000000222e+00	-8.930737179333535225e-02	9.471265794449446052e-02	-1.165107930335160386e-01	1.899136550968693049e-01	-3.652185834965965827e-01	6.564312315791552555e-02	-6.907709209498651137e-02	1.022758225466180587e-01	-1.507895555170899460e-01	2.003816694063884907e-01	-6.391873695423821999e-02	6.858147016014468078e-02	-6.944235090938825905e-02	8.386858417895687312e-02	-9.161907995352831791e-02	7.374036904976782880e-02	-5.547609677390055727e-02	5.989492230494762592e-02	-6.041799805676407314e-02	5.947455927668985481e-02	-5.119535112949132050e-02	4.290541464938978783e-02	-4.882744594049114734e-02	5.133949807539520821e-02	-4.118719947989426394e-02	4.945346376468853083e-02	-5.118231585077744755e-02	6.507356476032248593e-02	-4.177892247761921113e-02	7.386777424573252870e-02
1.375711747865376033e-01	-1.591223252581238368e-01	1.799309583775493826e-01	-8.811535439498734135e-02	1.112712654492276493e-01	-2.510825814578879212e-01	1.649434553357896904e-01	-1.587146949264116036e-01	1.024730333570020302e-01	-8.930737179333535225e-02	1.000000000000000444e+00	-5.184067938715771762e-01	2.666163530751109456e-01	-1.403014900606220083e-01	1.465032714615346066e-01	-5.228162737223643886e-01	2.414964120337728670e-01	-2.838687153120999507e-01	1.217045799299204117e-01	-1.354962761869012156e-01	2.752110510187785186e-01	-2.211219299465015664e-01	1.890385717762498585e-01	-1.916070095809711271e-01	1.783707084780085939e-01	-2.727582909416384482e-01	1.683792757409922070e-01	-1.716469427688319116e-01	1.412719197867093601e-01	-1.269418169167388921e-01	1.399133486077766275e-01	-1.135564644678364460e-01	1.278500564874513468e-01	-1.159152398057142624e-01	9.228597492586271267e-02	-1.324233490309303929e-01	1.305270019428666495e-01	-1.514469561422160104e-01	9.639018495418334720e-02	-1.670987174118869767e-01
-1.107171237366791905e-01	1.279087379715079242e-01	-1.667969278949695544e-01	8.660131491156816685e-02	-1.094227869980933798e-01	1.691072336479398364e-01	-2.343702409338362935e-01	2.048262925124805511e-01	-1.108005662492148602e-01	9.471265794449446052e-02	-5.184067938715771762e-01	1.000000000000001332e+00	-6.189816222476013374e-01	1.713708374592858019e-01	-1.655627677130588893e-01	2.265409199958799136e-01	-3.180198668966959796e-01	2.549123622904769237e-01	-1.508474086128520353e-01	1.403801129078663390e-01	-2.032681420786037751e-01	2.001596642542280424e-01	-1.820032300298939920e-01	1.565193733017255506e-01	-1.572132306356043563e-01	1.738156357931667784e-01	-1.293497381428855009e-01	1.257194135413446379e-01	-1.161541729219569413e-01	1.018293429043793663e-01	-1.074378369659275273e-01	8.564977764570802510e-02	-9.888774254269218356e-02	9.091824264420846069e-02	-7.321873993214154941e-02	9.722984250753476110e-02	-1.013314265203114212e-01	1.127511004247186005e-01	-7.288582205063054431e-02	1.247233243091366017e-01
1.175911187857867496e-01	-1.505415797155060520e-01	1.774398733845484744e-01	-9.933804636764781426e-02	1.207128249734519126e-01	-1.916699930446986444e-01	2.521772620520379427e-01	-3.807921173767895295e-01	1.326990661918728553e-01	-1.165107930335160386e-01	2.666163530751109456e-01	-6.189816222476013374e-01	9.999999999999984457e-01	-3.012593252603510408e-01	1.926590290822096374e-01	-1.936632368533099946e-01	2.165598277029155971e-01	-3.060114244430186536e-01	1.899818259031621770e-01	-1.846276131210309868e-01	1.666183131141107943e-01	-1.935992875680399850e-01	1.743215840909765335e-01	-1.741995384408472070e-01	1.666305730671294727e-01	-1.811218017522544799e-01	1.294169325576156604e-01	-1.354528844875260429e-01	1.245568901961520841e-01	-1.137451215891085721e-01	1.114817538800565305e-01	-9.246292706742383072e-02	1.050176640393665900e-01	-1.016576957112268337e-01	8.128098581248965893e-02	-1.063091864450255303e-01	1.082185632753721594e-01	-1.300395471280149928e-01	8.324232607856250910e-02	-1.452390231276150523e-01
-7.546484946228176893e-02	1.053571668362162789e-01	-1.461968283005381786e-01	1.207159930560342820e-01	-1.449863505689631682e-01	1.146899458512307124e-01	-1.236481112949387728e-01	1.259749543288868345e-01	-2.507527634419014495e-01	1.899136550968693049e-01	-1.403014900606220083e-01	1.713708374592858019e-01	-3.012593252603510408e-01	1.000000000000003109e+00	-4.366096943966372712e-01	9.850228123028678673e-02	-1.140284131470176154e-01	1.643844094433205838e-01	-7.114053547913535835e-01	3.110926539051355189e-01	-9.546295278132445328e-02	1.047840313196772150e-01	-1.084244696791326484e-01	1.197386224346699835e-01	-1.378658069154311827e-01	1.029064973193302562e-01	-7.885515752372983245e-02	8.292750335601015155e-02	-8.601242884922781495e-02	8.225094116167033786e-02	-7.078804052426190818e-02	5.869715511875231440e-02	-6.745571400575137155e-02	7.011608509564754010e-02	-5.665173179487539845e-02	6.668901082604020147e-02	-7.009011298072560792e-02	8.513129442775457800e-02	-5.519105037428233274e-02	9.620760714187186202e-02
9.015021876144077573e-02	-1.341077893474585947e-01	1.697117076926375756e-01	-1.521447075089625012e-01	1.796122708737631357e-01	-1.406098652427184292e-01	1.194271312024373921e-01	-1.220951267477842911e-01	2.486036328914908722e-01	-3.652185834965965827e-01	1.465032714615346066e-01	-1.655627677130588893e-01	1.926590290822096374e-01	-4.366096943966372712e-01	9.999999999999994449e-01	-1.124152659442448493e-01	1.228944082828802020e-01	-1.886297430531994057e-01	2.959794737924925645e-01	-6.471652590871007638e-01	1.098922404784726525e-01	-1.242188957130441890e-01	1.263657081363214196e-01	-1.604618247004372666e-01	1.803895869319851464e-01	-1.297666468617205970e-01	9.893181933351131996e-02	-1.079339938330725335e-01	1.130605831520006682e-01	-1.152925449450302176e-01	9.121903654307209064e-02	-7.758783385556251855e-02	8.838628119444690012e-02	-9.702894335493503220e-02	7.779061077419066605e-02	-8.857305725556956222e-02	9.241129584798357666e-02	-1.192987660653598569e-01	7.698247222231030529e-02	-1.362494647823525029e-01
-8.659965380070408503e-02	9.863830590372507645e-02	-1.321063482620557505e-01	6.456692732828804571e-02	-8.332018259960026485e-02	1.312011937647066806e-01	-1.148066668919070776e-01	1.027073469139534734e-01	-7.621018713981611570e-02	6.564312315791552555e-02	-5.228162737223643886e-01	2.265409199958799136e-01	-1.936632368533099946e-01	9.850228123028678673e-02	-1.124152659442448493e-01	1.000000000000001110e+00	-2.903903841928418550e-01	2.200884153791221876e-01	-9.117579542256089298e-02	9.798385828160913191e-02	-6.684114011319793880e-01	1.981747306866724345e-01	-1.712020059644571712e-01	1.474638308879074045e-01	-1.479387392076712826e-01	2.508814786828901799e-01	-1.678319763914908058e-01	1.423117244051294861e-01	-1.158663923900704051e-01	9.857218770430928312e-02	-1.295810209744855668e-01	9.509575818666583802e-02	-1.105114780531992885e-01	9.009556890248564265e-02	-7.240985255352236361e-02	1.088126429194812561e-01	-1.118511821089825664e-01	1.126622478354136758e-01	-7.284500881578466480e-02	1.220105126158333997e-01
7.496938259531124582e-02	-9.191891166767202082e-02	1.254721286295340243e-01	-6.437270590910978973e-02	8.273295467140001636e-02	-1.135518213690655392e-01	1.179682250592500731e-01	-1.085036020841221721e-01	7.977021209660475898e-02	-6.907709209498651137e-02	2.414964120337728670e-01	-3.180198668966959796e-01	2.165598277029155971e-01	-1.140284131470176154e-01	1.228944082828802020e-01	-2.903903841928418550e-01	9.999999999999971134e-01	-5.767215925116059294e-01	1.091456239592885069e-01	-1.114654704150076087e-01	2.094023412320829280e-01	-5.918816385236342903e-01	2.897469169549276025e-01	-1.944694632901254328e-01	1.714508699064507813e-01	-1.812157252572500210e-01	1.483964571522605191e-01	-1.401511704315954732e-01	1.315629657285854459e-01	-1.081236943432056369e-01	1.087776426327456136e-01	-8.981985729621529135e-02	1.046972908008458325e-01	-9.583642764555339033e-02	7.724925899792606243e-02	-9.704908915484612708e-02	1.040041222108869651e-01	-1.105803368176658252e-01	7.248584725786208494e-02	-1.216056238144823110e-01
-1.015399138106319599e-01	1.241672556580917103e-01	-1.844391216261949407e-01	9.487137039194365462e-02	-1.234812894757162799e-01	1.466542186725028341e-01	-1.637519230220665367e-01	1.434399591918899264e-01	-1.191951436118889457e-01	1.022758225466180587e-01	-2.838687153120999507e-01	2.549123622904769237e-01	-3.060114244430186536e-01	1.643844094433205838e-01	-1.886297430531994057e-01	2.200884153791221876e-01	-5.767215925116059294e-01	1.000000000000000222e+00	-1.787994577165513133e-01	1.630570140655086542e-01	-2.282437619066631507e-01	3.159933898969803368e-01	-4.549328969736730621e-01	2.434965330853419152e-01	-2.627592040499012183e-01	1.978880415457276443e-01	-1.754502248803933295e-01	1.671330475474213928e-01	-1.840468909440229894e-01	1.465441331132405212e-01	-1.418993600519225240e-01	1.133902158687419698e-01	-1.355701938305163556e-01	1.271449324997948604e-01	-1.046282296753173469e-01	1.225176410513805214e-01	-1.370209164611266572e-01	1.411402004336339278e-01	-9.395664737342426798e-02	1.558476917178586163e-01
6.529127373097338982e-02	-9.186822158950823380e-02	1.219815461915522287e-01	-9.616849273082025973e-02	1.137860783826932093e-01	-1.006396438297950113e-01	9.901957084682615207e-02	-1.033078471246954427e-01	1.630080021224468156e-01	-1.507895555170899460e-01	1.217045799299204117e-01	-1.508474086128520353e-01	1.899818259031621770e-01	-7.114053547913535835e-01	2.959794737924925645e-01	-9.117579542256089298e-02	1.091456239592885069e-01	-1.787994577165513133e-01	1.000000000000001998e+00	-5.559867686091609640e-01	8.794722462989262857e-02	-1.022605367059780251e-01	1.066834727210666939e-01	-1.233616334957574473e-01	1.394211406976174905e-01	-9.771021855043529603e-02	7.528940673220092805e-02	-8.006731096049879426e-02	8.527140722141604567e-02	-8.302639303748494959e-02	6.747092755778780204e-02	-5.661904377251102821e-02	6.506576933159287368e-02	-6.966085630006216278e-02	5.620274072498001455e-02	-6.396404824147716717e-02	6.742568128366711877e-02	-8.288361325328197360e-02	5.389596033251198293e-02	-9.402950336752077809e-02
-7.829292427542268451e-02	1.112547178094375339e-01	-1.622105034997807504e-01	1.272110969382004020e-01	-1.649701921817996464e-01	1.168343455561712957e-01	-1.109101563509261451e-01	1.066249063194107533e-01	-2.247838351313911631e-01	2.003816694063884907e-01	-1.354962761869012156e-01	1.403801129078663390e-01	-1.846276131210309868e-01	3.110926539051355189e-01	-6.471652590871007638e-01	9.798385828160913191e-02	-1.114654704150076087e-01	1.630570140655086542e-01	-5.559867686091609640e-01	9.999999999999998890e-01	-9.912340936541003122e-02	1.089048387448501437e-01	-1.173476954328651206e-01	1.456150119077623539e-01	-2.231837235336789071e-01	1.098110522939019784e-01	-8.714176781079632783e-02	9.297837757173700590e-02	-1.052504881178177032e-01	1.079260514496105938e-01	-8.024351413711922065e-02	6.723211287273007930e-02	-7.774849519255148944e-02	8.704163884958583675e-02	-7.120399559275088219e-02	7.543914874233140222e-02	-8.095024299374305177e-02	9.980564404091425701e-02	-6.551351273822554611e-02	1.140415919179901261e-01
7.913391274548650656e-02	-9.809497128756697326e-02	1.258611971808509256e-01	-6.236111874581940634e-02	8.021069023605509329e-02	-1.246758958035037862e-01	1.039531795542892600e-01	-9.599098097047534250e-02	7.366754815035782278e-02	-6.391873695423821999e-02	2.752110510187785186e-01	-2.032681420786037751e-01	1.666183131141107943e-01	-9.546295278132445328e-02	1.098922404784726525e-01	-6.684114011319793880e-01	2.094023412320829280e-01	-2.282437619066631507e-01	8.794722462989262857e-02	-9.912340936541003122e-02	1.000000000000000444e+00	-2.209501194875859997e-01	1.740252530912731188e-01	-1.683839643822809540e-01	1.599230617650971575e-01	-5.005394102103848386e-01	2.093589121788240470e-01	-1.883928571386162543e-01	1.320763793927246521e-01	-1.142790454252293059e-01	1.563483755390215890e-01	-1.179372984981397338e-01	1.326112620106127404e-01	-1.062954896136799748e-01	8.449580855761898435e-02	-1.384795281757584540e-01	1.321568345823402602e-01	-1.375811176909975397e-01	8.771703467021796374e-02	-1.482204173325662455e-01
-7.251881640211685354e-02	8.886799075667813075e-02	-1.275867512172738638e-01	6.474599818640280890e-02	-8.412073722313824498e-02	1.066580852418617664e-01	-1.105559592544649028e-01	9.798109397516920061e-02	-7.959381087009871625e-02	6.858147016014468078e-02	-2.211219299465015664e-01	2.001596642542280424e-01	-1.935992875680399850e-01	1.047840313196772150e-01	-1.242188957130441890e-01	1.981747306866724345e-01	-5.918816385236342903e-01	3.159933898969803368e-01	-1.022605367059780251e-01	1.089048387448501437e-01	-2.209501194875859997e-01	9.999999999999996669e-01	-5.996949478048675397e-01	2.325034017166792422e-01	-2.092710995747665281e-01	1.853772652352631278e-01	-1.986411852943204270e-01	1.645833518679957752e-01	-1.628316705709624279e-01	1.241519109539174909e-01	-1.204996128735314892e-01	1.020634652862398989e-01	-1.219222422032171377e-01	1.092338783152396048e-01	-8.899345334662896179e-02	1.048496665379105020e-01	-1.178229634529615877e-01	1.192484097220905814e-01	-7.934767401039183321e-02	1.305706917055743932e-01
7.066878198701383174e-02	-8.932232559736616451e-02	1.258284366032132728e-01	-6.469918764265351896e-02	8.380665868901665538e-02	-1.052741642626121993e-01	1.034359621465075624e-01	-9.401921565893636701e-02	7.996041744717460875e-02	-6.944235090938825905e-02	1.890385717762498585e-01	-1.820032300298939920e-01	1.743215840909765335e-01	-1.084244696791326484e-01	1.263657081363214196e-01	-1.712020059644571712e-01	2.897469169549276025e-01	-4.549328969736730621e-01	1.066834727210666939e-01	-1.173476954328651206e-01	1.740252530912731188e-01	-5.996949478048675397e-01	9.999999999999995559e-01	-4.719835200044522061e-01	2.356567403625938750e-01	-1.876700469354595779e-01	1.743711886331249239e-01	-1.958875520925902058e-01	2.018177204467534180e-01	-1.554954029161493556e-01	1.255510194936543256e-01	-1.126027597690959642e-01	1.337900221823142832e-01	-1.355861738225628554e-01	1.076413219164178009e-01	-1.141022707845357476e-01	1.275814019852017644e-01	-1.391646671817341196e-01	9.290338341742489237e-02	-1.543396769568964877e-01
-7.846563744835002852e-02	9.977916511633569407e-02	-1.517653375817890893e-01	7.806503379711571267e-02	-1.026157400960436283e-01	1.130262368757700142e-01	-1.096512215498370302e-01	9.690009961729069421e-02	-9.704358249446330686e-02	8.386858417895687312e-02	-1.916070095809711271e-01	1.565193733017255506e-01	-1.741995384408472070e-01	1.197386224346699835e-01	-1.604618247004372666e-01	1.474638308879074045e-01	-1.944694632901254328e-01	2.434965330853419152e-01	-1.233616334957574473e-01	1.456150119077623539e-01	-1.683839643822809540e-01	2.325034017166792422e-01	-4.719835200044522061e-01	1.000000000000001110e+00	-5.085825707935678341e-01	1.825415306969588591e-01	-1.827332951665996408e-01	1.948876145120431447e-01	-4.971764897227680668e-01	2.563247101260091032e-01	-1.533549016396371922e-01	1.332209022191936099e-01	-1.663973775513740427e-01	2.124368447472776145e-01	-1.786786947600062792e-01	1.334763308552221195e-01	-1.626536045925385809e-01	1.715200995276532359e-01	-1.229974235284757855e-01	1.951989128200951051e-01
7.995761342792949422e-02	-1.063831742453280466e-01	1.486126525128606546e-01	-8.045545695212205639e-02	1.040297811177790382e-01	-1.195967019632089290e-01	1.069208954464057754e-01	-9.793176720029572735e-02	1.033936061615023938e-01	-9.161907995352831791e-02	1.783707084780085939e-01	-1.572132306356043563e-01	1.666305730671294727e-01	-1.378658069154311827e-01	1.803895869319851464e-01	-1.479387392076712826e-01	1.714508699064507813e-01	-2.627592040499012183e-01	1.394211406976174905e-01	-2.231837235336789071e-01	1.599230617650971575e-01	-2.092710995747665281e-01	2.356567403625938750e-01	-5.085825707935678341e-01	9.999999999999977796e-01	-2.048676754956451074e-01	1.796403297818518763e-01	-2.092935377642743122e-01	3.099807080489925815e-01	-4.750951133568086515e-01	1.681661331374118828e-01	-1.574944329914387264e-01	1.838408666763728105e-01	-2.916749030671288434e-01	2.368159171750202907e-01	-1.636881371699951959e-01	1.871832383834231839e-01	-2.604125187362585359e-01	1.787399605723077878e-01	-3.137974957635014661e-01
-8.361547821382303569e-02	1.010088448220416851e-01	-1.496152272294672403e-01	7.299923515015435682e-02	-9.576300407178367502e-02	1.209249130757907853e-01	-1.135403555092383554e-01	9.948063718333650940e-02	-8.592616313408023287e-02	7.374036904976782880e-02	-2.727582909416384482e-01	1.738156357931667784e-01	-1.811218017522544799e-01	1.029064973193302562e-01	-1.297666468617205970e-01	2.508814786828901799e-01	-1.812157252572500210e-01	1.978880415457276443e-01	-9.771021855043529603e-02	1.098110522939019784e-01	-5.005394102103848386e-01	1.853772652352631278e-01	-1.876700469354595779e-01	1.825415306969588591e-01	-2.048676754956451074e-01	9.999999999999994449e-01	-5.288403178938262394e-01	2.686190149569252505e-01	-1.734633000535687475e-01	1.396899122887156897e-01	-3.153019718378635150e-01	1.773851453949771839e-01	-2.114383593462477173e-01	1.330356912169542993e-01	-1.070002419806510285e-01	2.066377010507670642e-01	-2.072736862663300539e-01	1.668611150540690868e-01	-1.086901620520779044e-01	1.725140109363375029e-01
6.025685683161855627e-02	-7.569591037681022705e-02	1.086272840981021420e-01	-5.394963911969031384e-02	7.048706420403377804e-02	-8.905094647857673962e-02	8.174972244165500113e-02	-7.307082370670221760e-02	6.426992762814442983e-02	-5.547609677390055727e-02	1.683792757409922070e-01	-1.293497381428855009e-01	1.294169325576156604e-01	-7.885515752372983245e-02	9.893181933351131996e-02	-1.678319763914908058e-01	1.483964571522605191e-01	-1.754502248803933295e-01	7.528940673220092805e-02	-8.714176781079632783e-02	2.093589121788240470e-01	-1.986411852943204270e-01	1.743711886331249239e-01	-1.827332951665996408e-01	1.796403297818518763e-01	-5.288403178938262394e-01	9.999999999999996669e-01	-6.510961150447457380e-01	1.800333780581000742e-01	-1.451834548955661663e-01	1.915710540029209596e-01	-2.446425838575454759e-01	2.501007344513438979e-01	-1.434752242309334513e-01	1.103659101937998349e-01	-1.754544925783825815e-01	1.969770704045734067e-01	-1.758143276010970535e-01	1.113921583964189582e-01	-1.778621963932671690e-01
-6.296602142665279345e-02	7.845165780277847667e-02	-1.182766600122561879e-01	5.847843731268753675e-02	-7.693432677107610307e-02	9.080482463205793997e-02	-8.601892877142242044e-02	7.564577850598418196e-02	-6.964598211393868699e-02	5.989492230494762592e-02	-1.716469427688319116e-01	1.257194135413446379e-01	-1.354528844875260429e-01	8.292750335601015155e-02	-1.079339938330725335e-01	1.423117244051294861e-01	-1.401511704315954732e-01	1.671330475474213928e-01	-8.006731096049879426e-02	9.297837757173700590e-02	-1.883928571386162543e-01	1.645833518679957752e-01	-1.958875520925902058e-01	1.948876145120431447e-01	-2.092935377642743122e-01	2.686190149569252505e-01	-6.510961150447457380e-01	9.999999999999986677e-01	-2.608976461230670951e-01	1.661528720335663234e-01	-2.035582631960752287e-01	2.483073641923617680e-01	-4.675471689331026082e-01	1.688619507154196508e-01	-1.321759330923188702e-01	1.712054319806474434e-01	-2.425976232793687903e-01	1.841930217813772530e-01	-1.223740483405477281e-01	1.817586616920646991e-01
5.844848203221630900e-02	-7.511433335798263500e-02	1.112553100940979200e-01	-5.680583825775367690e-02	7.444662857880239570e-02	-8.531751290600202153e-02	7.953980390430497038e-02	-7.106403701700922393e-02	6.964481504582903382e-02	-6.041799805676407314e-02	1.412719197867093601e-01	-1.161541729219569413e-01	1.245568901961520841e-01	-8.601242884922781495e-02	1.130605831520006682e-01	-1.158663923900704051e-01	1.315629657285854459e-01	-1.840468909440229894e-01	8.527140722141604567e-02	-1.052504881178177032e-01	1.320763793927246521e-01	-1.628316705709624279e-01	2.018177204467534180e-01	-4.971764897227680668e-01	3.099807080489925815e-01	-1.734633000535687475e-01	1.800333780581000742e-01	-2.608976461230670951e-01	1.000000000000001110e+00	-5.230879740492467844e-01	1.436801150737652688e-01	-1.490667396444846082e-01	1.875063678279941248e-01	-4.543186324205308879e-01	2.805145439685596265e-01	-1.322231066294819457e-01	1.661721107619140159e-01	-1.991919258347281674e-01	1.539121997514758533e-01	-2.364447338683617894e-01
-5.456577431979513226e-02	7.038727386224231941e-02	-1.071222469235617036e-01	5.523846589465600254e-02	-7.272177238351856809e-02	7.880637976856981475e-02	-7.361497997210582345e-02	6.541648745531560005e-02	-6.861608482021626376e-02	5.947455927668985481e-02	-1.269418169167388921e-01	1.018293429043793663e-01	-1.137451215891085721e-01	8.225094116167033786e-02	-1.152925449450302176e-01	9.857218770430928312e-02	-1.081236943432056369e-01	1.465441331132405212e-01	-8.302639303748494959e-02	1.079260514496105938e-01	-1.142790454252293059e-01	1.241519109539174909e-01	-1.554954029161493556e-01	2.563247101260091032e-01	-4.750951133568086515e-01	1.396899122887156897e-01	-1.451834548955661663e-01	1.661528720335663234e-01	-5.230879740492467844e-01	1.000000000000000666e+00	-1.323023414600200953e-01	1.251083778868234686e-01	-1.640353205271844472e-01	3.161206691956127135e-01	-5.595956037122917781e-01	1.160383341346065134e-01	-1.548417658227313198e-01	1.696809015611144833e-01	-1.442847208882924448e-01	2.122576803472580043e-01
5.480876273551204408e-02	-7.017470350443127947e-02	1.011876890538207369e-01	-5.010392429133077308e-02	6.562888867641387958e-02	-8.096330271070367735e-02	7.239613222722367236e-02	-6.474254741400009561e-02	5.926883681623220518e-02	-5.119535112949132050e-02	1.399133486077766275e-01	-1.074378369659275273e-01	1.114817538800565305e-01	-7.078804052426190818e-02	9.121903654307209064e-02	-1.295810209744855668e-01	1.087776426327456136e-01	-1.418993600519225240e-01	6.747092755778780204e-02	-8.024351413711922065e-02	1.563483755390215890e-01	-1.204996128735314892e-01	1.255510194936543256e-01	-1.533549016396371922e-01	1.681661331374118828e-01	-3.153019718378635150e-01	1.915710540029209596e-01	-2.035582631960752287e-01	1.436801150737652688e-01	-1.323023414600200953e-01	1.000000000000000888e+00	-2.413255786994874807e-01	1.967474442797949585e-01	-1.340813780784983200e-01	1.055803596150943491e-01	-7.870869937792771553e-01	2.732651574987419729e-01	-2.146602164511112187e-01	1.301687529203028326e-01	-2.139305786917694852e-01
-4.443592513093887197e-02	5.625117500445142582e-02	-8.453544658428674419e-02	4.187606443878241075e-02	-5.513173621629297722e-02	6.438691788917989822e-02	-5.967392516600017460e-02	5.274683766171379268e-02	-4.982047810190080167e-02	4.290541464938978783e-02	-1.135564644678364460e-01	8.564977764570802510e-02	-9.246292706742383072e-02	5.869715511875231440e-02	-7.758783385556251855e-02	9.509575818666583802e-02	-8.981985729621529135e-02	1.133902158687419698e-01	-5.661904377251102821e-02	6.723211287273007930e-02	-1.179372984981397338e-01	1.020634652862398989e-01	-1.126027597690959642e-01	1.332209022191936099e-01	-1.574944329914387264e-01	1.773851453949771839e-01	-2.446425838575454759e-01	2.483073641923617680e-01	-1.490667396444846082e-01	1.251083778868234686e-01	-2.413255786994874807e-01	9.999999999999996669e-01	-6.505553243081628745e-01	1.458817991546774440e-01	-1.136836154977183544e-01	2.190835188581056747e-01	-5.789237259045065809e-01	2.110194995324371492e-01	-1.312605194025639743e-01	1.808347170831512696e-01
5.057002367048953756e-02	-6.440993109862598598e-02	9.530688625138271364e-02	-4.742262514693364878e-02	6.229103158078314745e-02	-7.383401597575600661e-02	6.775152294003781994e-02	-6.023010169285993032e-02	5.658416714377956236e-02	-4.882744594049114734e-02	1.278500564874513468e-01	-9.888774254269218356e-02	1.050176640393665900e-01	-6.745571400575137155e-02	8.838628119444690012e-02	-1.105114780531992885e-01	1.046972908008458325e-01	-1.355701938305163556e-01	6.506576933159287368e-02	-7.774849519255148944e-02	1.326112620106127404e-01	-1.219222422032171377e-01	1.337900221823142832e-01	-1.663973775513740427e-01	1.838408666763728105e-01	-2.114383593462477173e-01	2.501007344513438979e-01	-4.675471689331026082e-01	1.875063678279941248e-01	-1.640353205271844472e-01	1.967474442797949585e-01	-6.505553243081628745e-01	9.999999999999997780e-01	-2.221249435399922645e-01	1.483361894315455287e-01	-2.084278325177184032e-01	2.928156479916409483e-01	-2.759569478069794357e-01	1.589449542282892480e-01	-2.349109197758159628e-01
-4.890374526012397638e-02	6.260353293390513718e-02	-9.626296026564806763e-02	4.874306384632170336e-02	-6.432018893665404635e-02	7.029225474429379172e-02	-6.590330047301921901e-02	5.825513022702966115e-02	-5.945372694196414398e-02	5.133949807539520821e-02	-1.159152398057142624e-01	9.091824264420846069e-02	-1.016576957112268337e-01	7.011608509564754010e-02	-9.702894335493503220e-02	9.009556890248564265e-02	-9.583642764555339033e-02	1.271449324997948604e-01	-6.966085630006216278e-02	8.704163884958583675e-02	-1.062954896136799748e-01	1.092338783152396048e-01	-1.355861738225628554e-01	2.124368447472776145e-01	-2.916749030671288434e-01	1.330356912169542993e-01	-1.434752242309334513e-01	1.688619507154196508e-01	-4.543186324205308879e-01	3.161206691956127135e-01	-1.340813780784983200e-01	1.458817991546774440e-01	-2.221249435399922645e-01	1.000000000000000222e+00	-6.991875384360382029e-01	1.177503173504338418e-01	-1.716127679634016634e-01	1.923259591847941152e-01	-2.143572525693147601e-01	2.354603496637046600e-01
3.918848485411328963e-02	-5.034332440926810731e-02	7.677182733219194144e-02	-3.898009003746253504e-02	5.136219656731782351e-02	-5.654466540248991036e-02	5.270249495466566847e-02	-4.673540457350668781e-02	4.761325155207947468e-02	-4.118719947989426394e-02	9.228597492586271267e-02	-7.321873993214154941e-02	8.128098581248965893e-02	-5.665173179487539845e-02	7.779061077419066605e-02	-7.240985255352236361e-02	7.724925899792606243e-02	-1.046282296753173469e-01	5.620274072498001455e-02	-7.120399559275088219e-02	8.449580855761898435e-02	-8.899345334662896179e-02	1.076413219164178009e-01	-1.786786947600062792e-01	2.368159171750202907e-01	-1.070002419806510285e-01	1.103659101937998349e-01	-1.321759330923188702e-01	2.805145439685596265e-01	-5.595956037122917781e-01	1.055803596150943491e-01	-1.136836154977183544e-01	1.483361894315455287e-01	-6.991875384360382029e-01	1.000000000000000000e+00	-9.480252287070226047e-02	1.326720531418877913e-01	-1.695221586225148513e-01	1.646109872679750175e-01	-2.679379042719249315e-01
-5.177998059438817385e-02	6.538648173355882109e-02	-9.932463791388670971e-02	4.878986726860057299e-02	-6.437033207019102199e-02	7.467191891360278055e-02	-6.908428378570106998e-02	6.082682944577881556e-02	-5.753188796021542484e-02	4.945346376468853083e-02	-1.324233490309303929e-01	9.722984250753476110e-02	-1.063091864450255303e-01	6.668901082604020147e-02	-8.857305725556956222e-02	1.088126429194812561e-01	-9.704908915484612708e-02	1.225176410513805214e-01	-6.396404824147716717e-02	7.543914874233140222e-02	-1.384795281757584540e-01	1.048496665379105020e-01	-1.141022707845357476e-01	1.334763308552221195e-01	-1.636881371699951959e-01	2.066377010507670642e-01	-1.754544925783825815e-01	1.712054319806474434e-01	-1.322231066294819457e-01	1.160383341346065134e-01	-7.870869937792771553e-01	2.190835188581056747e-01	-2.084278325177184032e-01	1.177503173504338418e-01	-9.480252287070226047e-02	1.000000000000000444e+00	-4.343177750297506634e-01	1.847232323704199874e-01	-1.172135719640984564e-01	1.726246935886271427e-01
5.296700385820581058e-02	-6.781235734405083315e-02	1.004973753276183213e-01	-4.989244020567024096e-02	6.559170572321072756e-02	-7.735829616891795601e-02	7.038033749297792352e-02	-6.260310600339458187e-02	5.931917389933943907e-02	-5.118231585077744755e-02	1.305270019428666495e-01	-1.013314265203114212e-01	1.082185632753721594e-01	-7.009011298072560792e-02	9.241129584798357666e-02	-1.118511821089825664e-01	1.040041222108869651e-01	-1.370209164611266572e-01	6.742568128366711877e-02	-8.095024299374305177e-02	1.321568345823402602e-01	-1.178229634529615877e-01	1.275814019852017644e-01	-1.626536045925385809e-01	1.871832383834231839e-01	-2.072736862663300539e-01	1.969770704045734067e-01	-2.425976232793687903e-01	1.661721107619140159e-01	-1.548417658227313198e-01	2.732651574987419729e-01	-5.789237259045065809e-01	2.928156479916409483e-01	-1.716127679634016634e-01	1.326720531418877913e-01	-4.343177750297506634e-01	1.000000000000000444e+00	-3.866335218657066530e-01	1.962389009641277715e-01	-2.896348474624459990e-01
-6.409274208633164438e-02	8.120191325323630749e-02	-1.300691965900986347e-01	6.401860902803539755e-02	-8.512045326621918429e-02	9.052495466366020094e-02	-8.549685074716552313e-02	7.460537641068590298e-02	-7.590442925014929954e-02	6.507356476032248593e-02	-1.514469561422160104e-01	1.127511004247186005e-01	-1.300395471280149928e-01	8.513129442775457800e-02	-1.192987660653598569e-01	1.126622478354136758e-01	-1.105803368176658252e-01	1.411402004336339278e-01	-8.288361325328197360e-02	9.980564404091425701e-02	-1.375811176909975397e-01	1.192484097220905814e-01	-1.391646671817341196e-01	1.715200995276532359e-01	-2.604125187362585359e-01	1.668611150540690868e-01	-1.758143276010970535e-01	1.841930217813772530e-01	-1.991919258347281674e-01	1.696809015611144833e-01	-2.146602164511112187e-01	2.110194995324371492e-01	-2.759569478069794357e-01	1.923259591847941152e-01	-1.695221586225148513e-01	1.847232323704199874e-01	-3.866335218657066530e-01	1.000000000000000444e+00	-6.560337979026896749e-01	3.234169630668918272e-01
4.093481550205801955e-02	-5.205677878984813628e-02	8.245567865941801078e-02	-4.081399217811060298e-02	5.416680894498111104e-02	-5.811952844155550413e-02	5.462525233247627482e-02	-4.784939547705949203e-02	4.864472579906022054e-02	-4.177892247761921113e-02	9.639018495418334720e-02	-7.288582205063054431e-02	8.324232607856250910e-02	-5.519105037428233274e-02	7.698247222231030529e-02	-7.284500881578466480e-02	7.248584725786208494e-02	-9.395664737342426798e-02	5.389596033251198293e-02	-6.551351273822554611e-02	8.771703467021796374e-02	-7.934767401039183321e-02	9.290338341742489237e-02	-1.229974235284757855e-01	1.787399605723077878e-01	-1.086901620520779044e-01	1.113921583964189582e-01	-1.223740483405477281e-01	1.539121997514758533e-01	-1.442847208882924448e-01	1.301687529203028326e-01	-1.312605194025639743e-01	1.589449542282892480e-01	-2.143572525693147601e-01	1.646109872679750175e-01	-1.172135719640984564e-01	1.962389009641277715e-01	-6.560337979026896749e-01	1.000000000000000444e+00	-6.408825580824091261e-01
