1.000000000000000222e+00	-1.949660757660116317e-01	1.066801649111229766e-01	-3.703636110355838090e-02	3.500580447947448243e-02	-9.570790793950538777e-01	1.672577516974684542e-01	-1.016347042112423216e-01	6.147577938405586473e-02	-5.633740844992163321e-02	6.681820680358899200e-02	-1.015477005872144345e-01	6.663084411567038456e-02	-5.710966879737463392e-02	5.111917427424740590e-02	-3.105757842579060651e-02	3.157438221053159022e-02	-4.310285245708209145e-02	3.994979774191529526e-02	-4.360284212397906589e-02	2.877746722673005589e-02	-2.962571057505356334e-02	2.983784397873300367e-02	-3.216923216656698142e-02	2.506513526383346777e-02	-3.469262441642383815e-02	2.457135965941481884e-02	-1.898006383024218938e-02	2.443697615565201126e-02	-3.394802228017321927e-02	3.275577945489393378e-02	-2.013384639769132123e-02	1.678771840354056910e-02	-8.469761510372566388e-03	6.027092724870693370e-03	-1.396199388268137831e-02	1.981203347592310274e-02	-2.086627545566583850e-02	7.912140105743484947e-03	-6.173667064259109188e-03
-1.949660757660116317e-01	1.000000000000000000e+00	-5.695472504591099216e-01	9.699349072002726169e-02	-9.458807195827390046e-02	1.626589465623483888e-01	-6.663501450347451005e-01	3.042882748184352337e-01	-1.763192054787281748e-01	1.453991535529903789e-01	-1.645165309778668372e-01	2.287598826666240592e-01	-1.839488094017653896e-01	1.469661887179626314e-01	-1.353840103439132025e-01	7.331081367923010517e-02	-7.654531711806368544e-02	1.022088240295739026e-01	-1.005571291752454521e-01	1.070466539875352258e-01	-6.982950937402976344e-02	7.045066703122984664e-02	-7.243585291289954264e-02	7.672666642235223544e-02	-6.049685694670151048e-02	8.137899777353242714e-02	-6.015192139743064798e-02	4.608712132342558665e-02	-5.992037712893195922e-02	7.986625001608364804e-02	-8.202246792486769800e-02	4.908067491637738838e-02	-4.094155664367374325e-02	2.053287770751021160e-02	-1.460700304760305553e-02	3.477370069484689297e-02	-4.958323482734743048e-02	5.046225610108014126e-02	-1.921585842214627166e-02	1.493597042920549560e-02
1.066801649111229766e-01	-5.695472504591099216e-01	9.999999999999996669e-01	-1.304194425143937741e-01	1.131798849135697976e-01	-1.093695596032717432e-01	3.122977767262369309e-01	-6.667209435090142300e-01	2.202536511665500740e-01	-2.011674406333862908e-01	1.402021994151761153e-01	-2.299465251196721460e-01	1.831115866318216989e-01	-1.804611357142571204e-01	1.464849427510461766e-01	-7.051121852750368013e-02	7.598588745565709734e-02	-1.099423857578488845e-01	1.065757767418688690e-01	-1.232600688225481134e-01	6.629931516924718327e-02	-7.166430010054862521e-02	7.300031949540507215e-02	-8.075918489625956431e-02	6.281143014366791233e-02	-7.988077386408204417e-02	5.734091824482944605e-02	-4.495791519540785069e-02	5.786341039184200036e-02	-8.439701430426405082e-02	7.579264033882571194e-02	-4.702853739836327512e-02	3.943198103361482409e-02	-1.998073802052545075e-02	1.426252991861587556e-02	-3.236246863977292054e-02	4.584969931272660226e-02	-4.909238264295551213e-02	1.864356994549753316e-02	-1.459836608907395805e-02
-3.703636110355838090e-02	9.699349072002726169e-02	-1.304194425143937741e-01	9.999999999999997780e-01	-8.960835601189642841e-01	3.618296781896344211e-02	-1.076938280299291478e-01	1.318576982817688537e-01	-2.899050568009166606e-01	2.307323191421217501e-01	-1.102671015771101298e-01	1.307176124952007246e-01	-1.428115509544065076e-01	1.504646614657065284e-01	-1.665565507398328315e-01	5.712846953051505666e-02	-6.388409558668294019e-02	9.237782717320475179e-02	-9.995350413264389444e-02	1.142138715786807229e-01	-5.484802369446639680e-02	5.986702012507708753e-02	-6.296783706176678486e-02	6.914210853491750686e-02	-5.473783762066707081e-02	6.517037341594479616e-02	-4.883155944424812100e-02	3.823851456418314587e-02	-4.968581196204840261e-02	7.088513225553084995e-02	-6.575143665478744293e-02	3.995260004206807603e-02	-3.357852522767951209e-02	1.694888767849522110e-02	-1.210717332217165106e-02	2.795815246744041277e-02	-3.976208601633122314e-02	4.151549272171495969e-02	-1.583492476908837654e-02	1.236921649932104343e-02
3.500580447947448243e-02	-9.458807195827390046e-02	1.131798849135697976e-01	-8.960835601189642841e-01	1.000000000000000222e+00	-3.481858903956829010e-02	9.917174335025291665e-02	-1.255537792311696710e-01	2.240165776299354872e-01	-3.032432077254349490e-01	1.051265074831786855e-01	-1.362532861044999377e-01	1.318299823210897226e-01	-1.527110397725535973e-01	1.618735311253856335e-01	-5.721558933903486688e-02	6.423442976186072295e-02	-9.658948292664130963e-02	9.946895280558307184e-02	-1.230539001196730431e-01	5.438092452084720280e-02	-6.116721802477041031e-02	6.347843448474352335e-02	-7.150755195394135899e-02	5.597498269082970546e-02	-6.576763814033281808e-02	4.813872972335627581e-02	-3.817798964257041600e-02	4.923609137275899994e-02	-7.408771810042248662e-02	6.352022137357959952e-02	-3.952584347639299944e-02	3.329780476404948369e-02	-1.692050606934439316e-02	1.210828377887505913e-02	-2.713997319675067257e-02	3.843268577317035528e-02	-4.146668583960651244e-02	1.577850524986833258e-02	-1.238241585386878202e-02
-9.570790793950538777e-01	1.626589465623483888e-01	-1.093695596032717432e-01	3.618296781896344211e-02	-3.481858903956829010e-02	9.999999999999998890e-01	-2.006742132758667085e-01	9.837762823213189178e-02	-6.154083325377863317e-02	5.473799003340090730e-02	-6.966107783913121076e-02	9.762251266202136291e-02	-6.762671527301411523e-02	5.611730874472795061e-02	-5.127221096866773492e-02	3.125783966216701126e-02	-3.163677452099097204e-02	4.254203276210966056e-02	-3.984349982214083902e-02	4.286714678649922172e-02	-2.907463903624523879e-02	2.950310588000581991e-02	-2.984170880462212044e-02	3.187828202757193169e-02	-2.493081874923615965e-02	3.469719371384076545e-02	-2.481668346323043228e-02	1.907985041524289799e-02	-2.463577765446147566e-02	3.355555380015909361e-02	-3.334015197845144329e-02	2.030654244255584301e-02	-1.691900670736998583e-02	8.515485718506590751e-03	-6.056169296117706879e-03	1.418507044421629497e-02	-2.016164451446388409e-02	2.097313366539756141e-02	-7.960428881387093814e-03	6.201049549976796887e-03
1.672577516974684542e-01	-6.663501450347451005e-01	3.122977767262369309e-01	-1.076938280299291478e-01	9.917174335025291665e-02	-2.006742132758667085e-01	1.000000000000000000e+00	-4.601156440147533555e-01	1.913067369263002082e-01	-1.717304608008447531e-01	1.695544673170492900e-01	-3.750173847668163973e-01	1.966899702326438959e-01	-1.706867580156141706e-01	1.430589200899411995e-01	-7.897764000286430774e-02	8.271673787068548056e-02	-1.133192009981935505e-01	1.082684222173103811e-01	-1.194808240967892010e-01	7.388703425601357566e-02	-7.661244986738723062e-02	7.756089800444448956e-02	-8.375643141491621868e-02	6.540234964917233940e-02	-8.764249229797405061e-02	6.290746610262980265e-02	-4.868823753165194002e-02	6.282652688301071375e-02	-8.760478500343610309e-02	8.400308459228476854e-02	-5.146268393564287780e-02	4.298406625865663216e-02	-2.167397211797716244e-02	1.543596955371662020e-02	-3.577233141352037515e-02	5.079730134307432199e-02	-5.331715340994912233e-02	2.024909831305878039e-02	-1.579974147621449054e-02
-1.016347042112423216e-01	3.042882748184352337e-01	-6.667209435090142300e-01	1.318576982817688537e-01	-1.255537792311696710e-01	9.837762823213189178e-02	-4.601156440147533555e-01	1.000000000000000000e+00	-3.779240800980868120e-01	2.113329059802837029e-01	-1.509712831012655909e-01	2.246036320468300651e-01	-2.418594118189075493e-01	2.008420396488092563e-01	-1.688779771097256854e-01	7.302917341119521955e-02	-7.914461959498744759e-02	1.118921086057241693e-01	-1.151145435804959427e-01	1.269912423547794322e-01	-6.924995559752671059e-02	7.348347892986484275e-02	-7.589164314985472060e-02	8.255419820257817176e-02	-6.484943152447145143e-02	8.176886456513030033e-02	-6.003610736781406221e-02	4.671144648781398040e-02	-6.051236769871840698e-02	8.513401473021742216e-02	-8.051028139682860074e-02	4.907680969203753046e-02	-4.112088743287622278e-02	2.073338269451543633e-02	-1.478807140739309481e-02	3.424775613163058563e-02	-4.868044377135517797e-02	5.088384523807708976e-02	-1.937218829774387321e-02	1.512001163095122794e-02
6.147577938405586473e-02	-1.763192054787281748e-01	2.202536511665500740e-01	-2.899050568009166606e-01	2.240165776299354872e-01	-6.154083325377863317e-02	1.913067369263002082e-01	-3.779240800980868120e-01	9.999999999999996669e-01	-6.185021944509093705e-01	1.625324673670905662e-01	-2.350973300132628008e-01	2.524917557149473080e-01	-4.229429614237172341e-01	2.679342104086719356e-01	-8.774998496117278335e-02	9.947350403445429090e-02	-1.517990128324260279e-01	1.650499183468643050e-01	-2.013756608022080619e-01	8.292835706126237827e-02	-9.375109384532280543e-02	9.749544313709122834e-02	-1.102463081760589603e-01	8.612404137610794874e-02	-9.912441789087159116e-02	7.250313444509816352e-02	-5.762361820834843024e-02	7.434212810036278096e-02	-1.123366403956070764e-01	9.516100969494305228e-02	-5.941320040439584255e-02	5.010628564993829803e-02	-2.545053871285333016e-02	1.822197876722039464e-02	-4.066048563283845840e-02	5.755822749226773005e-02	-6.231557002178159110e-02	2.372878748276900304e-02	-1.862581086137273662e-02
-5.633740844992163321e-02	1.453991535529903789e-01	-2.011674406333862908e-01	2.307323191421217501e-01	-3.032432077254349490e-01	5.473799003340090730e-02	-1.717304608008447531e-01	2.113329059802837029e-01	-6.185021944509093705e-01	9.999999999999992228e-01	-1.759941473006460255e-01	2.020839980931564972e-01	-2.402997447702304723e-01	2.630537815286790870e-01	-5.183524508986337986e-01	9.203801469129080370e-02	-1.062031328229716687e-01	1.546650977247562564e-01	-1.890454584004825911e-01	2.242892547965724681e-01	-8.859190037012705521e-02	9.799398190522710939e-02	-1.051587045668164466e-01	1.157937402083599188e-01	-9.321041399782740988e-02	1.033626363086571215e-01	-7.855192705449148827e-02	6.178561212609604697e-02	-8.064514484475689138e-02	1.154894997827206199e-01	-1.054774221747251106e-01	6.404415997407600369e-02	-5.399539672627946818e-02	2.721407351527046006e-02	-1.946791210771248865e-02	4.480085877477500700e-02	-6.374987585673891344e-02	6.647552767764727810e-02	-2.542742852429971667e-02	1.985964011636584536e-02
6.681820680358899200e-02	-1.645165309778668372e-01	1.402021994151761153e-01	-1.102671015771101298e-01	1.051265074831786855e-01	-6.966107783913121076e-02	1.695544673170492900e-01	-1.509712831012655909e-01	1.625324673670905662e-01	-1.759941473006460255e-01	1.000000000000000666e+00	-4.957389035882570072e-01	2.250498618463752376e-01	-2.087043979949588790e-01	1.965243257164119017e-01	-4.290616112747082656e-01	2.503601595838921834e-01	-3.190891758409672430e-01	2.145989271505235885e-01	-2.263700294987759654e-01	2.675561402567264713e-01	-2.454503709374336040e-01	2.114334624492212045e-01	-2.271959076145909917e-01	1.692679164856108476e-01	-3.617292742578986919e-01	1.852103546495441622e-01	-1.421673378862585158e-01	1.712647794737414408e-01	-2.538403213965406136e-01	2.082189419288692778e-01	-1.536382441585970871e-01	1.249542483555190348e-01	-6.413115546397843425e-02	4.516178508725510882e-02	-9.200692894843824632e-02	1.260959281133333110e-01	-1.619630770081852411e-01	5.943898305665603482e-02	-4.687130067300968733e-02
-1.015477005872144345e-01	2.287598826666240592e-01	-2.299465251196721460e-01	1.307176124952007246e-01	-1.362532861044999377e-01	9.762251266202136291e-02	-3.750173847668163973e-01	2.246036320468300651e-01	-2.350973300132628008e-01	2.020839980931564972e-01	-4.957389035882570072e-01	1.000000000000000000e+00	-4.880485943321347664e-01	2.654911235703044659e-01	-2.489813105274981953e-01	1.795687050482935587e-01	-1.816823773917336793e-01	2.126008197498480135e-01	-2.034606039773586006e-01	1.970922685747738823e-01	-1.693362097343246164e-01	1.572617502398765688e-01	-1.588441737798441666e-01	1.602806110972037623e-01	-1.272899945711812586e-01	1.873864811672461550e-01	-1.382528040166934036e-01	1.036548143606654676e-01	-1.353007044659707836e-01	1.664500944564566709e-01	-1.906535784830715730e-01	1.121027694516744111e-01	-9.295138984256738623e-02	4.621657389601510624e-02	-3.275874646905769377e-02	8.049655228419258512e-02	-1.151495190103744570e-01	1.137706917539092616e-01	-4.333933727415528736e-02	3.349036800933432451e-02
6.663084411567038456e-02	-1.839488094017653896e-01	1.831115866318216989e-01	-1.428115509544065076e-01	1.318299823210897226e-01	-6.762671527301411523e-02	1.966899702326438959e-01	-2.418594118189075493e-01	2.524917557149473080e-01	-2.402997447702304723e-01	2.250498618463752376e-01	-4.880485943321347664e-01	9.999999999999990008e-01	-6.707578261938866859e-01	2.376032292153729131e-01	-1.216081917506196541e-01	1.355952515286245885e-01	-2.149453347766617228e-01	2.026716212211209511e-01	-2.178630439967178534e-01	1.125279201675496166e-01	-1.277102906282115147e-01	1.288466765593732910e-01	-1.455434776926697316e-01	1.105946648670443067e-01	-1.358367735628009110e-01	9.590178558647277640e-02	-7.629506263468412153e-02	9.757171347597844158e-02	-1.493296251433352817e-01	1.237422333231644606e-01	-7.870292106465241744e-02	6.623578573336270925e-02	-3.372980653428288983e-02	2.412674062924560769e-02	-5.306330775455568582e-02	7.486046868445236924e-02	-8.281601757559053922e-02	3.141558959388670441e-02	-2.470072817382797103e-02
-5.710966879737463392e-02	1.469661887179626314e-01	-1.804611357142571204e-01	1.504646614657065284e-01	-1.527110397725535973e-01	5.611730874472795061e-02	-1.706867580156141706e-01	2.008420396488092563e-01	-4.229429614237172341e-01	2.630537815286790870e-01	-2.087043979949588790e-01	2.654911235703044659e-01	-6.707578261938866859e-01	9.999999999999996669e-01	-3.546678763312631766e-01	1.083302674618267791e-01	-1.266740547129389105e-01	1.892662898332605759e-01	-2.703439877669194247e-01	2.281831095122500430e-01	-1.036637077799472395e-01	1.153039195946858053e-01	-1.237709658813131441e-01	1.370650258125186982e-01	-1.072507030080402657e-01	1.197512165034619186e-01	-9.023106079547622838e-02	7.107040701600632338e-02	-9.260023299172961964e-02	1.321550563489670982e-01	-1.201601862935690046e-01	7.344122525706915650e-02	-6.192145367502501635e-02	3.118294404231707409e-02	-2.229905247625740133e-02	5.106925691947249157e-02	-7.260250031965512219e-02	7.618752888049976080e-02	-2.912901690379239919e-02	2.274799726723089610e-02
5.111917427424740590e-02	-1.353840103439132025e-01	1.464849427510461766e-01	-1.665565507398328315e-01	1.618735311253856335e-01	-5.127221096866773492e-02	1.430589200899411995e-01	-1.688779771097256854e-01	2.679342104086719356e-01	-5.183524508986337986e-01	1.965243257164119017e-01	-2.489813105274981953e-01	2.376032292153729131e-01	-3.546678763312631766e-01	1.000000000000000000e+00	-1.183576129630574125e-01	1.415508929605104604e-01	-2.359615969162238147e-01	2.673670488665158551e-01	-5.620057435747395358e-01	1.114753477478172689e-01	-1.353313776790037726e-01	1.422236063708942622e-01	-1.707664846389226332e-01	1.359537887861222982e-01	-1.329886919055967842e-01	9.792643857355390336e-02	-8.009620577616596848e-02	1.031984749055443878e-01	-1.715850990304154944e-01	1.252453044275383121e-01	-8.035443753363889774e-02	6.845686034200793024e-02	-3.509524914875030571e-02	2.528941033152885126e-02	-5.376971089494154282e-02	7.577117674557591609e-02	-8.547551882467720186e-02	3.263559514489483560e-02	-2.581175496487628923e-02
-3.105757842579060651e-02	7.331081367923010517e-02	-7.051121852750368013e-02	5.712846953051505666e-02	-5.721558933903486688e-02	3.125783966216701126e-02	-7.897764000286430774e-02	7.302917341119521955e-02	-8.774998496117278335e-02	9.203801469129080370e-02	-4.290616112747082656e-01	1.795687050482935587e-01	-1.216081917506196541e-01	1.083302674618267791e-01	-1.183576129630574125e-01	1.000000000000000444e+00	-4.327485649314779526e-01	2.308964545575210858e-01	-1.502823304778364011e-01	1.312823395082606537e-01	-6.661053487500973036e-01	2.397128983980540695e-01	-1.910594679088028491e-01	1.563394444157478469e-01	-1.155037674148498977e-01	2.758046575763316577e-01	-1.602949671115491137e-01	1.086057829593200796e-01	-1.357205175783066653e-01	1.530339266239305884e-01	-1.736576563851158772e-01	1.174460584198070007e-01	-9.521998515253667084e-02	4.575465197002609452e-02	-3.209923278174749844e-02	7.354302305316806621e-02	-1.031966375954487258e-01	1.133340577364838064e-01	-4.280652945049157054e-02	3.281900393821088335e-02
3.157438221053159022e-02	-7.654531711806368544e-02	7.598588745565709734e-02	-6.388409558668294019e-02	6.423442976186072295e-02	-3.163677452099097204e-02	8.271673787068548056e-02	-7.914461959498744759e-02	9.947350403445429090e-02	-1.062031328229716687e-01	2.503601595838921834e-01	-1.816823773917336793e-01	1.355952515286245885e-01	-1.266740547129389105e-01	1.415508929605104604e-01	-4.327485649314779526e-01	9.999999999999996669e-01	-5.122867121740710683e-01	2.107139765472571813e-01	-1.734725130703045903e-01	2.528479011875669480e-01	-5.658863931758647547e-01	2.715400877274879443e-01	-2.187634075583949067e-01	1.458931453794051203e-01	-2.258176939611776790e-01	1.459350867799195095e-01	-1.132186169035051815e-01	1.376019418171312847e-01	-1.874557146638237970e-01	1.593111119524753261e-01	-1.130391770982398514e-01	9.353003802970669134e-02	-4.599317519426102119e-02	3.255837712092544967e-02	-6.859568022099903073e-02	9.554761965924377098e-02	-1.134139185190242427e-01	4.277336249885702046e-02	-3.328080267946664089e-02
-4.310285245708209145e-02	1.022088240295739026e-01	-1.099423857578488845e-01	9.237782717320475179e-02	-9.658948292664130963e-02	4.254203276210966056e-02	-1.133192009981935505e-01	1.118921086057241693e-01	-1.517990128324260279e-01	1.546650977247562564e-01	-3.190891758409672430e-01	2.126008197498480135e-01	-2.149453347766617228e-01	1.892662898332605759e-01	-2.359615969162238147e-01	2.308964545575210858e-01	-5.122867121740710683e-01	1.000000000000001332e+00	-5.033414496299359886e-01	2.569502273668777259e-01	-2.242176751026209724e-01	2.751923442565309408e-01	-3.287946934025334778e-01	2.423331277467214717e-01	-1.821965636335593774e-01	2.082335863187242952e-01	-1.629624334544833297e-01	1.282068668375871967e-01	-1.664455283676186670e-01	2.053901114990280830e-01	-2.037517499164984425e-01	1.275724398376174851e-01	-1.085173450674610518e-01	5.315536801090176705e-02	-3.785087778366071770e-02	8.616776449802122928e-02	-1.223809108248539584e-01	1.291719404055885201e-01	-4.974456878391036313e-02	3.841763999732740464e-02
3.994979774191529526e-02	-1.005571291752454521e-01	1.065757767418688690e-01	-9.995350413264389444e-02	9.946895280558307184e-02	-3.984349982214083902e-02	1.082684222173103811e-01	-1.151145435804959427e-01	1.650499183468643050e-01	-1.890454584004825911e-01	2.145989271505235885e-01	-2.034606039773586006e-01	2.026716212211209511e-01	-2.703439877669194247e-01	2.673670488665158551e-01	-1.502823304778364011e-01	2.107139765472571813e-01	-5.033414496299359886e-01	9.999999999999997780e-01	-6.095982802082730023e-01	1.401485154579577008e-01	-1.931596464721268003e-01	2.127093421180777377e-01	-3.184273894898759227e-01	1.883749100517349839e-01	-1.554194479117924077e-01	1.184638093978057222e-01	-9.987047010003066716e-02	1.295708334729217814e-01	-2.103667507242391321e-01	1.467509330384265676e-01	-9.571442695936224765e-02	8.237178384579270374e-02	-4.175712722394259863e-02	3.015227991806943703e-02	-6.281194531382960911e-02	8.851302419432489910e-02	-1.008476786881090104e-01	3.880979019933980534e-02	-3.061302096991214139e-02
-4.360284212397906589e-02	1.070466539875352258e-01	-1.232600688225481134e-01	1.142138715786807229e-01	-1.230539001196730431e-01	4.286714678649922172e-02	-1.194808240967892010e-01	1.269912423547794322e-01	-2.013756608022080619e-01	2.242892547965724681e-01	-2.263700294987759654e-01	1.970922685747738823e-01	-2.178630439967178534e-01	2.281831095122500430e-01	-5.620057435747395358e-01	1.312823395082606537e-01	-1.734725130703045903e-01	2.569502273668777259e-01	-6.095982802082730023e-01	9.999999999999993339e-01	-1.290339841159651724e-01	1.522694941119958345e-01	-1.795670542007487269e-01	2.063107187357086092e-01	-1.950700603191167226e-01	1.430545672607212992e-01	-1.145420668661177449e-01	9.271188702867180775e-02	-1.238443052774183123e-01	1.844298139694341698e-01	-1.504834228230680360e-01	9.227653903073025632e-02	-7.907274066828760828e-02	3.972884360254416020e-02	-2.865282414372045949e-02	6.378157055421446175e-02	-9.077125969896029933e-02	9.573008610277898567e-02	-3.710934950910673574e-02	2.902077119490191481e-02
2.877746722673005589e-02	-6.982950937402976344e-02	6.629931516924718327e-02	-5.484802369446639680e-02	5.438092452084720280e-02	-2.907463903624523879e-02	7.388703425601357566e-02	-6.924995559752671059e-02	8.292835706126237827e-02	-8.859190037012705521e-02	2.675561402567264713e-01	-1.693362097343246164e-01	1.125279201675496166e-01	-1.036637077799472395e-01	1.114753477478172689e-01	-6.661053487500973036e-01	2.528479011875669480e-01	-2.242176751026209724e-01	1.401485154579577008e-01	-1.290339841159651724e-01	1.000000000000000222e+00	-2.727645179485509441e-01	1.830407094118386979e-01	-1.633266660178334106e-01	1.168012236051928082e-01	-5.337674991721970130e-01	1.810246195458466989e-01	-1.195454264204105221e-01	1.411000792575719809e-01	-1.627803280197702152e-01	1.746976913947893284e-01	-1.341112935590897948e-01	1.036932913078866814e-01	-4.960919738415908720e-02	3.447836342444034197e-02	-7.535473327474970229e-02	1.037434549774528536e-01	-1.249380088762246377e-01	4.621968404288835652e-02	-3.547834445115705809e-02
-2.962571057505356334e-02	7.045066703122984664e-02	-7.166430010054862521e-02	5.986702012507708753e-02	-6.116721802477041031e-02	2.950310588000581991e-02	-7.661244986738723062e-02	7.348347892986484275e-02	-9.375109384532280543e-02	9.799398190522710939e-02	-2.454503709374336040e-01	1.572617502398765688e-01	-1.277102906282115147e-01	1.153039195946858053e-01	-1.353313776790037726e-01	2.397128983980540695e-01	-5.658863931758647547e-01	2.751923442565309408e-01	-1.931596464721268003e-01	1.522694941119958345e-01	-2.727645179485509441e-01	1.000000000000000222e+00	-6.007019945540367223e-01	2.445605251972541583e-01	-1.720365067295211436e-01	2.090096992016761412e-01	-1.775446174724893966e-01	1.338677887450693549e-01	-1.628482363622283380e-01	1.901912573559422226e-01	-1.792273143587270745e-01	1.269181333903219300e-01	-1.070523353295573243e-01	5.066249462493590400e-02	-3.577546073217503786e-02	7.631818443539455099e-02	-1.068708305735749930e-01	1.235852745802561992e-01	-4.724976391442799878e-02	3.627943528838476622e-02
2.983784397873300367e-02	-7.243585291289954264e-02	7.300031949540507215e-02	-6.296783706176678486e-02	6.347843448474352335e-02	-2.984170880462212044e-02	7.756089800444448956e-02	-7.589164314985472060e-02	9.749544313709122834e-02	-1.051587045668164466e-01	2.114334624492212045e-01	-1.588441737798441666e-01	1.288466765593732910e-01	-1.237709658813131441e-01	1.422236063708942622e-01	-1.910594679088028491e-01	2.715400877274879443e-01	-3.287946934025334778e-01	2.127093421180777377e-01	-1.795670542007487269e-01	1.830407094118386979e-01	-6.007019945540367223e-01	1.000000000000000222e+00	-5.230582657712601335e-01	2.308275714408287438e-01	-2.020069152476511865e-01	1.602457120158500559e-01	-1.705431770046268170e-01	1.813677976565980510e-01	-2.807413450450498282e-01	1.693577682745525115e-01	-1.286934091412759995e-01	1.146228780725738056e-01	-5.608631396479930864e-02	3.994832138574867797e-02	-7.384441406921751772e-02	1.019831822107600816e-01	-1.365759982515469262e-01	5.167717020905666231e-02	-4.061210496285298094e-02
-3.216923216656698142e-02	7.672666642235223544e-02	-8.075918489625956431e-02	6.914210853491750686e-02	-7.150755195394135899e-02	3.187828202757193169e-02	-8.375643141491621868e-02	8.255419820257817176e-02	-1.102463081760589603e-01	1.157937402083599188e-01	-2.271959076145909917e-01	1.602806110972037623e-01	-1.455434776926697316e-01	1.370650258125186982e-01	-1.707664846389226332e-01	1.563394444157478469e-01	-2.187634075583949067e-01	2.423331277467214717e-01	-3.184273894898759227e-01	2.063107187357086092e-01	-1.633266660178334106e-01	2.445605251972541583e-01	-5.230582657712601335e-01	1.000000000000000444e+00	-5.546108889212030268e-01	1.778644048900844266e-01	-1.606799366565734855e-01	1.516006764166712983e-01	-2.211006908898457690e-01	3.053981881178682856e-01	-1.925831514995051952e-01	1.271430344086958708e-01	-1.152203039131688977e-01	5.741166938923260993e-02	-4.179954635476399588e-02	8.190859428959842981e-02	-1.157325315103159280e-01	1.345213527599297409e-01	-5.330509006048572695e-02	4.172074806304110206e-02
2.506513526383346777e-02	-6.049685694670151048e-02	6.281143014366791233e-02	-5.473783762066707081e-02	5.597498269082970546e-02	-2.493081874923615965e-02	6.540234964917233940e-02	-6.484943152447145143e-02	8.612404137610794874e-02	-9.321041399782740988e-02	1.692679164856108476e-01	-1.272899945711812586e-01	1.105946648670443067e-01	-1.072507030080402657e-01	1.359537887861222982e-01	-1.155037674148498977e-01	1.458931453794051203e-01	-1.821965636335593774e-01	1.883749100517349839e-01	-1.950700603191167226e-01	1.168012236051928082e-01	-1.720365067295211436e-01	2.308275714408287438e-01	-5.546108889212030268e-01	1.000000000000000222e+00	-1.391174024312221424e-01	1.207922022672449636e-01	-1.172796545049985539e-01	1.606178702552933657e-01	-7.152164273578590636e-01	1.460285154898917359e-01	-9.893475286732594798e-02	8.959910887629356224e-02	-4.959542172306619090e-02	3.966593813252403122e-02	-6.275886501752701851e-02	8.812711997333358416e-02	-1.091094074135447317e-01	4.515559911504184176e-02	-3.888095683838362071e-02
-3.469262441642383815e-02	8.137899777353242714e-02	-7.988077386408204417e-02	6.517037341594479616e-02	-6.576763814033281808e-02	3.469719371384076545e-02	-8.764249229797405061e-02	8.176886456513030033e-02	-9.912441789087159116e-02	1.033626363086571215e-01	-3.617292742578986919e-01	1.873864811672461550e-01	-1.358367735628009110e-01	1.197512165034619186e-01	-1.329886919055967842e-01	2.758046575763316577e-01	-2.258176939611776790e-01	2.082335863187242952e-01	-1.554194479117924077e-01	1.430545672607212992e-01	-5.337674991721970130e-01	2.090096992016761412e-01	-2.020069152476511865e-01	1.778644048900844266e-01	-1.391174024312221424e-01	1.000000000000000666e+00	-4.309883650737706962e-01	1.994918887663988116e-01	-2.493928833795721334e-01	1.890543534651948077e-01	-3.431436396467759664e-01	2.363113773818197039e-01	-1.832660280183150692e-01	8.101558082983405240e-02	-5.586384827268689457e-02	1.404327372986451383e-01	-1.978586909772325764e-01	2.002548103055069306e-01	-7.644099422196226623e-02	5.670395401291588450e-02
2.457135965941481884e-02	-6.015192139743064798e-02	5.734091824482944605e-02	-4.883155944424812100e-02	4.813872972335627581e-02	-2.481668346323043228e-02	6.290746610262980265e-02	-6.003610736781406221e-02	7.250313444509816352e-02	-7.855192705449148827e-02	1.852103546495441622e-01	-1.382528040166934036e-01	9.590178558647277640e-02	-9.023106079547622838e-02	9.792643857355390336e-02	-1.602949671115491137e-01	1.459350867799195095e-01	-1.629624334544833297e-01	1.184638093978057222e-01	-1.145420668661177449e-01	1.810246195458466989e-01	-1.775446174724893966e-01	1.602457120158500559e-01	-1.606799366565734855e-01	1.207922022672449636e-01	-4.309883650737706962e-01	1.000000000000000666e+00	-3.988027955370733180e-01	2.693548215894144837e-01	-1.825359070332370492e-01	2.724799745138382634e-01	-6.106318320465988769e-01	2.747313428977147809e-01	-1.102357338995107600e-01	7.033135168396445480e-02	-1.321368504820744638e-01	1.605453695557960414e-01	-3.027771236869135629e-01	1.001353652316396697e-01	-7.353498734979116436e-02
-1.898006383024218938e-02	4.608712132342558665e-02	-4.495791519540785069e-02	3.823851456418314587e-02	-3.817798964257041600e-02	1.907985041524289799e-02	-4.868823753165194002e-02	4.671144648781398040e-02	-5.762361820834843024e-02	6.178561212609604697e-02	-1.421673378862585158e-01	1.036548143606654676e-01	-7.629506263468412153e-02	7.107040701600632338e-02	-8.009620577616596848e-02	1.086057829593200796e-01	-1.132186169035051815e-01	1.282068668375871967e-01	-9.987047010003066716e-02	9.271188702867180775e-02	-1.195454264204105221e-01	1.338677887450693549e-01	-1.705431770046268170e-01	1.516006764166712983e-01	-1.172796545049985539e-01	1.994918887663988116e-01	-3.988027955370733180e-01	1.000000000000000444e+00	-7.194586138171515932e-01	1.643444927720842941e-01	-2.139841368536803123e-01	2.566903185665406761e-01	-4.134695818891470642e-01	1.149563870780832414e-01	-7.389112668702965681e-02	9.650638434053904202e-02	-1.265284733767746694e-01	2.727558341846937906e-01	-1.054584570936821092e-01	7.267086318463053529e-02
2.443697615565201126e-02	-5.992037712893195922e-02	5.786341039184200036e-02	-4.968581196204840261e-02	4.923609137275899994e-02	-2.463577765446147566e-02	6.282652688301071375e-02	-6.051236769871840698e-02	7.434212810036278096e-02	-8.064514484475689138e-02	1.712647794737414408e-01	-1.353007044659707836e-01	9.757171347597844158e-02	-9.260023299172961964e-02	1.031984749055443878e-01	-1.357205175783066653e-01	1.376019418171312847e-01	-1.664455283676186670e-01	1.295708334729217814e-01	-1.238443052774183123e-01	1.411000792575719809e-01	-1.628482363622283380e-01	1.813677976565980510e-01	-2.211006908898457690e-01	1.606178702552933657e-01	-2.493928833795721334e-01	2.693548215894144837e-01	-7.194586138171515932e-01	1.000000000000000666e+00	-2.594521880685125570e-01	2.199626131971648968e-01	-2.582687974003498033e-01	2.716106910682122844e-01	-1.441890791017026718e-01	8.719622436865381854e-02	-1.055646503824888560e-01	1.352298279695793304e-01	-3.561407350605129141e-01	1.224893318071799408e-01	-9.111519218201008519e-02
-3.394802228017321927e-02	7.986625001608364804e-02	-8.439701430426405082e-02	7.088513225553084995e-02	-7.408771810042248662e-02	3.355555380015909361e-02	-8.760478500343610309e-02	8.513401473021742216e-02	-1.123366403956070764e-01	1.154894997827206199e-01	-2.538403213965406136e-01	1.664500944564566709e-01	-1.493296251433352817e-01	1.321550563489670982e-01	-1.715850990304154944e-01	1.530339266239305884e-01	-1.874557146638237970e-01	2.053901114990280830e-01	-2.103667507242391321e-01	1.844298139694341698e-01	-1.627803280197702152e-01	1.901912573559422226e-01	-2.807413450450498282e-01	3.053981881178682856e-01	-7.152164273578590636e-01	1.890543534651948077e-01	-1.825359070332370492e-01	1.643444927720842941e-01	-2.594521880685125570e-01	1.000000000000000000e+00	-2.362184313999015350e-01	1.456330130714074411e-01	-1.325910115050024096e-01	7.230989779362094472e-02	-6.043826586922686206e-02	9.952717763632633330e-02	-1.421140317070140324e-01	1.542822235291780586e-01	-6.676700560498964598e-02	5.667721165664799804e-02
3.275577945489393378e-02	-8.202246792486769800e-02	7.579264033882571194e-02	-6.575143665478744293e-02	6.352022137357959952e-02	-3.334015197845144329e-02	8.400308459228476854e-02	-8.051028139682860074e-02	9.516100969494305228e-02	-1.054774221747251106e-01	2.082189419288692778e-01	-1.906535784830715730e-01	1.237422333231644606e-01	-1.201601862935690046e-01	1.252453044275383121e-01	-1.736576563851158772e-01	1.593111119524753261e-01	-2.037517499164984425e-01	1.467509330384265676e-01	-1.504834228230680360e-01	1.746976913947893284e-01	-1.792273143587270745e-01	1.693577682745525115e-01	-1.925831514995051952e-01	1.460285154898917359e-01	-3.431436396467759664e-01	2.724799745138382634e-01	-2.139841368536803123e-01	2.199626131971648968e-01	-2.362184313999015350e-01	9.999999999999993339e-01	-4.378802111811417874e-01	2.378729202461108416e-01	-1.197344323728587873e-01	7.766362764166274968e-02	-4.508834998949164952e-01	2.932310299760808592e-01	-3.509816712619677204e-01	1.094226806271138969e-01	-8.477246099056895412e-02
-2.013384639769132123e-02	4.908067491637738838e-02	-4.702853739836327512e-02	3.995260004206807603e-02	-3.952584347639299944e-02	2.030654244255584301e-02	-5.146268393564287780e-02	4.907680969203753046e-02	-5.941320040439584255e-02	6.404415997407600369e-02	-1.536382441585970871e-01	1.121027694516744111e-01	-7.870292106465241744e-02	7.344122525706915650e-02	-8.035443753363889774e-02	1.174460584198070007e-01	-1.130391770982398514e-01	1.275724398376174851e-01	-9.571442695936224765e-02	9.227653903073025632e-02	-1.341112935590897948e-01	1.269181333903219300e-01	-1.286934091412759995e-01	1.271430344086958708e-01	-9.893475286732594798e-02	2.363113773818197039e-01	-6.106318320465988769e-01	2.566903185665406761e-01	-2.582687974003498033e-01	1.456330130714074411e-01	-4.378802111811417874e-01	9.999999999999977796e-01	-4.768246367470507785e-01	1.150252481495831758e-01	-7.504789874427521268e-02	1.658692229876223556e-01	-2.152677328874725571e-01	2.894553530503227723e-01	-1.081615546501923514e-01	7.448989755005949731e-02
1.678771840354056910e-02	-4.094155664367374325e-02	3.943198103361482409e-02	-3.357852522767951209e-02	3.329780476404948369e-02	-1.691900670736998583e-02	4.298406625865663216e-02	-4.112088743287622278e-02	5.010628564993829803e-02	-5.399539672627946818e-02	1.249542483555190348e-01	-9.295138984256738623e-02	6.623578573336270925e-02	-6.192145367502501635e-02	6.845686034200793024e-02	-9.521998515253667084e-02	9.353003802970669134e-02	-1.085173450674610518e-01	8.237178384579270374e-02	-7.907274066828760828e-02	1.036932913078866814e-01	-1.070523353295573243e-01	1.146228780725738056e-01	-1.152203039131688977e-01	8.959910887629356224e-02	-1.832660280183150692e-01	2.747313428977147809e-01	-4.134695818891470642e-01	2.716106910682122844e-01	-1.325910115050024096e-01	2.378729202461108416e-01	-4.768246367470507785e-01	9.999999999999988898e-01	-2.048011207277229129e-01	1.098726136784341778e-01	-1.133050027563775181e-01	1.436625091727174175e-01	-6.491194479606525736e-01	1.675952711180585808e-01	-1.115293545756850385e-01
-8.469761510372566388e-03	2.053287770751021160e-02	-1.998073802052545075e-02	1.694888767849522110e-02	-1.692050606934439316e-02	8.515485718506590751e-03	-2.167397211797716244e-02	2.073338269451543633e-02	-2.545053871285333016e-02	2.721407351527046006e-02	-6.413115546397843425e-02	4.621657389601510624e-02	-3.372980653428288983e-02	3.118294404231707409e-02	-3.509524914875030571e-02	4.575465197002609452e-02	-4.599317519426102119e-02	5.315536801090176705e-02	-4.175712722394259863e-02	3.972884360254416020e-02	-4.960919738415908720e-02	5.066249462493590400e-02	-5.608631396479930864e-02	5.741166938923260993e-02	-4.959542172306619090e-02	8.101558082983405240e-02	-1.102357338995107600e-01	1.149563870780832414e-01	-1.441890791017026718e-01	7.230989779362094472e-02	-1.197344323728587873e-01	1.150252481495831758e-01	-2.048011207277229129e-01	9.999999999999988898e-01	-5.255107522771221840e-01	5.364837100277319165e-02	-7.287172138176685465e-02	2.041309146445907108e-01	-7.285077907507351291e-01	3.151999611325382866e-01
6.027092724870693370e-03	-1.460700304760305553e-02	1.426252991861587556e-02	-1.210717332217165106e-02	1.210828377887505913e-02	-6.056169296117706879e-03	1.543596955371662020e-02	-1.478807140739309481e-02	1.822197876722039464e-02	-1.946791210771248865e-02	4.516178508725510882e-02	-3.275874646905769377e-02	2.412674062924560769e-02	-2.229905247625740133e-02	2.528941033152885126e-02	-3.209923278174749844e-02	3.255837712092544967e-02	-3.785087778366071770e-02	3.015227991806943703e-02	-2.865282414372045949e-02	3.447836342444034197e-02	-3.577546073217503786e-02	3.994832138574867797e-02	-4.179954635476399588e-02	3.966593813252403122e-02	-5.586384827268689457e-02	7.033135168396445480e-02	-7.389112668702965681e-02	8.719622436865381854e-02	-6.043826586922686206e-02	7.766362764166274968e-02	-7.504789874427521268e-02	1.098726136784341778e-01	-5.255107522771221840e-01	9.999999999999988898e-01	-3.555161156457788130e-02	4.780229246651176989e-02	-1.405205037383867872e-01	3.133373978352402833e-01	-7.785544971255727864e-01
-1.396199388268137831e-02	3.477370069484689297e-02	-3.236246863977292054e-02	2.795815246744041277e-02	-2.713997319675067257e-02	1.418507044421629497e-02	-3.577233141352037515e-02	3.424775613163058563e-02	-4.066048563283845840e-02	4.480085877477500700e-02	-9.200692894843824632e-02	8.049655228419258512e-02	-5.306330775455568582e-02	5.106925691947249157e-02	-5.376971089494154282e-02	7.354302305316806621e-02	-6.859568022099903073e-02	8.616776449802122928e-02	-6.281194531382960911e-02	6.378157055421446175e-02	-7.535473327474970229e-02	7.631818443539455099e-02	-7.384441406921751772e-02	8.190859428959842981e-02	-6.275886501752701851e-02	1.404327372986451383e-01	-1.321368504820744638e-01	9.650638434053904202e-02	-1.055646503824888560e-01	9.952717763632633330e-02	-4.508834998949164952e-01	1.658692229876223556e-01	-1.133050027563775181e-01	5.364837100277319165e-02	-3.555161156457788130e-02	9.999999999999988898e-01	-8.378735718256369314e-01	1.546492996907415651e-01	-5.044431842081702200e-02	3.797841355210766767e-02
1.981203347592310274e-02	-4.958323482734743048e-02	4.584969931272660226e-02	-3.976208601633122314e-02	3.843268577317035528e-02	-2.016164451446388409e-02	5.079730134307432199e-02	-4.868044377135517797e-02	5.755822749226773005e-02	-6.374987585673891344e-02	1.260959281133333110e-01	-1.151495190103744570e-01	7.486046868445236924e-02	-7.260250031965512219e-02	7.577117674557591609e-02	-1.031966375954487258e-01	9.554761965924377098e-02	-1.223809108248539584e-01	8.851302419432489910e-02	-9.077125969896029933e-02	1.037434549774528536e-01	-1.068708305735749930e-01	1.019831822107600816e-01	-1.157325315103159280e-01	8.812711997333358416e-02	-1.978586909772325764e-01	1.605453695557960414e-01	-1.265284733767746694e-01	1.352298279695793304e-01	-1.421140317070140324e-01	2.932310299760808592e-01	-2.152677328874725571e-01	1.436625091727174175e-01	-7.287172138176685465e-02	4.780229246651176989e-02	-8.378735718256369314e-01	9.999999999999987788e-01	-2.223008840374244288e-01	6.789680003010849230e-02	-5.200270073155061762e-02
-2.086627545566583850e-02	5.046225610108014126e-02	-4.909238264295551213e-02	4.151549272171495969e-02	-4.146668583960651244e-02	2.097313366539756141e-02	-5.331715340994912233e-02	5.088384523807708976e-02	-6.231557002178159110e-02	6.647552767764727810e-02	-1.619630770081852411e-01	1.137706917539092616e-01	-8.281601757559053922e-02	7.618752888049976080e-02	-8.547551882467720186e-02	1.133340577364838064e-01	-1.134139185190242427e-01	1.291719404055885201e-01	-1.008476786881090104e-01	9.573008610277898567e-02	-1.249380088762246377e-01	1.235852745802561992e-01	-1.365759982515469262e-01	1.345213527599297409e-01	-1.091094074135447317e-01	2.002548103055069306e-01	-3.027771236869135629e-01	2.727558341846937906e-01	-3.561407350605129141e-01	1.542822235291780586e-01	-3.509816712619677204e-01	2.894553530503227723e-01	-6.491194479606525736e-01	2.041309146445907108e-01	-1.405205037383867872e-01	1.546492996907415651e-01	-2.223008840374244288e-01	9.999999999999987788e-01	-2.678888209934544018e-01	1.397873651790300931e-01
7.912140105743484947e-03	-1.921585842214627166e-02	1.864356994549753316e-02	-1.583492476908837654e-02	1.577850524986833258e-02	-7.960428881387093814e-03	2.024909831305878039e-02	-1.937218829774387321e-02	2.372878748276900304e-02	-2.542742852429971667e-02	5.943898305665603482e-02	-4.333933727415528736e-02	3.141558959388670441e-02	-2.912901690379239919e-02	3.263559514489483560e-02	-4.280652945049157054e-02	4.277336249885702046e-02	-4.974456878391036313e-02	3.880979019933980534e-02	-3.710934950910673574e-02	4.621968404288835652e-02	-4.724976391442799878e-02	5.167717020905666231e-02	-5.330509006048572695e-02	4.515559911504184176e-02	-7.644099422196226623e-02	1.001353652316396697e-01	-1.054584570936821092e-01	1.224893318071799408e-01	-6.676700560498964598e-02	1.094226806271138969e-01	-1.081615546501923514e-01	1.675952711180585808e-01	-7.285077907507351291e-01	3.133373978352402833e-01	-5.044431842081702200e-02	6.789680003010849230e-02	-2.678888209934544018e-01	9.999999999999988898e-01	-5.211512847067449883e-01
