1.000000000000000222e+00	-3.039525714483259367e-01	2.121017987939222416e-01	-6.561634624480426614e-02	7.152694088966579655e-02	-7.658423335383716113e-01	2.632710511844438828e-01	-2.594070711746034874e-01	6.676244516427697062e-02	-6.399320337431750605e-02	2.571918494435069813e-01	-2.111546698769000141e-01	1.766983481994213456e-01	-7.141656451371151959e-02	6.952177118853147819e-02	-2.292130479027312540e-01	1.626287647301988548e-01	-2.691781684519030660e-01	6.990292596871491848e-02	-6.249875228738085986e-02	8.545031096653328551e-02	-9.708807800909204089e-02	8.322873647168586853e-02	-5.934026130556656342e-02	4.930402061032024275e-02	-7.010196603392400416e-02	7.090284473308863800e-02	-7.578123068334279011e-02	5.040554173491309381e-02	-2.780999606404388133e-02	3.221845618925463922e-02	-3.072420452444859021e-02	6.656197104239892914e-02	-5.288746382637179305e-02	2.809247823476937814e-02	-1.179167629710805784e-02	1.156987649344099270e-02	-7.735179817386475531e-02	4.744571134629646525e-02	-6.963633336885444169e-02
-3.039525714483259367e-01	1.000000000000000444e+00	-8.528904970749848768e-01	1.442896898280693341e-01	-1.658503136123758992e-01	1.912310328942588566e-01	-2.634056208187223747e-01	2.000755617711951484e-01	-5.483863392999083902e-02	5.174140401180852417e-02	-1.303276036059222431e-01	1.167345167899637298e-01	-1.186742893823029138e-01	5.082395415527342364e-02	-5.037226707690520278e-02	1.110190484194619326e-01	-8.684264337375637022e-02	1.415382828622757383e-01	-4.027780802569417423e-02	3.591180267375104068e-02	-4.644533246674500265e-02	5.212966709325294462e-02	-4.510719123764297261e-02	3.337515248240730675e-02	-2.803951397800601847e-02	3.759047244262154336e-02	-3.861491457800701743e-02	4.105676230613372613e-02	-2.799012742765305886e-02	1.547784062944372943e-02	-1.767040048683583831e-02	1.680788326742639616e-02	-3.657978459741712679e-02	2.924334446632802578e-02	-1.564504362530592593e-02	6.453419524677309581e-03	-6.335347887590030841e-03	4.226226297275780669e-02	-2.608079625043518632e-02	3.817855550499532624e-02
2.121017987939222416e-01	-8.528904970749848768e-01	1.000000000000000444e+00	-2.032528041642743255e-01	1.660905945375389381e-01	-1.932613315824156242e-01	2.164225944445554162e-01	-2.549398828672534978e-01	6.146858884438584358e-02	-5.935193369720146578e-02	1.344153170093468075e-01	-1.299660459391262513e-01	1.307651815470322609e-01	-5.762961112638571165e-02	5.640495453647061119e-02	-1.286310782982920398e-01	9.939356147329725388e-02	-1.711245175519564843e-01	4.757931103364026332e-02	-4.267833349501241186e-02	5.437666693478135360e-02	-6.211230953731160243e-02	5.358747572402434989e-02	-3.990893761649218219e-02	3.332892848945016168e-02	-4.447378831142252686e-02	4.572930014777501495e-02	-4.900644218838098864e-02	3.344556593965864605e-02	-1.852757147619667200e-02	2.100543738436622121e-02	-2.001300433524818081e-02	4.364615111247268503e-02	-3.506093070029203673e-02	1.870767437760059368e-02	-7.730576731800402682e-03	7.584643913769084124e-03	-5.082249937116338490e-02	3.131664228208880241e-02	-4.598822080692621661e-02
-6.561634624480426614e-02	1.442896898280693341e-01	-2.032528041642743255e-01	1.000000000000000888e+00	-9.563923351692003028e-01	5.652909752903065299e-02	-7.168199515193540705e-02	7.624267913996597701e-02	-8.374690103887283410e-02	7.679335916084152613e-02	-4.756359058509752880e-02	4.663211457948632926e-02	-5.056706351363401963e-02	4.811328476748204241e-02	-4.834626190425487385e-02	4.469835787981193964e-02	-3.583831866346590123e-02	6.103514159701133729e-02	-2.173091312329509736e-02	1.964375119462374170e-02	-1.996453815924743511e-02	2.261656100433838759e-02	-1.971977238700413707e-02	1.666164191436856484e-02	-1.433233601939977279e-02	1.617584353411213871e-02	-1.688253542122784487e-02	1.804908591710983889e-02	-1.305060633876760877e-02	7.323949259265236621e-03	-7.824732184525208523e-03	7.434869433142190717e-03	-1.637481773027895174e-02	1.356782116589354617e-02	-7.379721869969262972e-03	2.878413853123798841e-03	-2.826239725790487961e-03	1.893352831026071798e-02	-1.184508528083492648e-02	1.731770278516763309e-02
7.152694088966579655e-02	-1.658503136123758992e-01	1.660905945375389381e-01	-9.563923351692003028e-01	1.000000000000000888e+00	-6.440561992920998402e-02	7.826385210487245281e-02	-8.740415221256105094e-02	8.107424721185108041e-02	-8.627828163229452063e-02	5.355324240902482186e-02	-5.301790995909372306e-02	5.618434329456303139e-02	-5.145401718628343085e-02	5.110773932049052920e-02	-5.194189027845216161e-02	4.131257170654312888e-02	-7.168160559846180335e-02	2.457349011211829720e-02	-2.226896824521503240e-02	2.315333027507269353e-02	-2.639149132125898425e-02	2.295782503840398600e-02	-1.915288691791498452e-02	1.637270574330930428e-02	-1.883981322312148002e-02	1.963278740682642895e-02	-2.105304739783819823e-02	1.512180179675413384e-02	-8.478019117966018731e-03	9.102997655916491085e-03	-8.657766894788835807e-03	1.905876297740958722e-02	-1.575910650306501515e-02	8.541058666405481822e-03	-3.358767779497427892e-03	3.296808573214669771e-03	-2.212378004447493329e-02	1.380620044520681523e-02	-2.022149498538926282e-02
-7.658423335383716113e-01	1.912310328942588566e-01	-1.932613315824156242e-01	5.652909752903065299e-02	-6.440561992920998402e-02	1.000000000000001110e+00	-3.535356269173563493e-01	2.238079038162279766e-01	-5.977165486573300657e-02	5.537096887698254172e-02	-3.937975683058414500e-01	2.016148392344192797e-01	-1.757621914859647250e-01	6.419125335974208701e-02	-6.288039925609574532e-02	1.937790968269556824e-01	-1.452482288917793518e-01	2.042059599152262761e-01	-5.573988887486153870e-02	4.920000874917504485e-02	-7.043109343355979934e-02	7.653157753321378209e-02	-6.612132235774374756e-02	4.616480221058771177e-02	-3.884776532736503724e-02	5.608222341195361754e-02	-5.673389327853885916e-02	5.941020667869359451e-02	-3.935537534674083543e-02	2.160907646040906294e-02	-2.552472067563818156e-02	2.424273663930340966e-02	-5.222821119065260143e-02	4.097301733342068042e-02	-2.188510216581522269e-02	9.165748336081008113e-03	-9.006465559624815195e-03	5.954144314853065945e-02	-3.664142785223736126e-02	5.336917116653476512e-02
2.632710511844438828e-01	-2.634056208187223747e-01	2.164225944445554162e-01	-7.168199515193540705e-02	7.826385210487245281e-02	-3.535356269173563493e-01	1.000000000000001110e+00	-6.758273234326388490e-01	9.688612967272883236e-02	-9.160842904446486745e-02	2.512315991520310821e-01	-3.047598374877247829e-01	2.760412243685301803e-01	-1.045436676641866292e-01	9.974304931471134061e-02	-2.378695712649298577e-01	1.892328974953876586e-01	-3.205985928224464043e-01	8.732372471857632878e-02	-7.823625741450303261e-02	9.992403578701083977e-02	-1.150091374822046625e-01	9.927987033485249913e-02	-7.327174263645971908e-02	6.112893123451235144e-02	-8.159480874047583820e-02	8.431403917141257198e-02	-9.026246890914027543e-02	6.141171971810691077e-02	-3.399265688865533291e-02	3.864511113244564061e-02	-3.680252776840782503e-02	8.022999686307905054e-02	-6.434655979344265642e-02	3.432705803609317069e-02	-1.419163438238267919e-02	1.392616225174572384e-02	-9.321255219254453994e-02	5.744714850814602869e-02	-8.429905197986942156e-02
-2.594070711746034874e-01	2.000755617711951484e-01	-2.549398828672534978e-01	7.624267913996597701e-02	-8.740415221256105094e-02	2.238079038162279766e-01	-6.758273234326388490e-01	1.000000000000001110e+00	-1.237267493815989716e-01	1.030115558484613753e-01	-2.534944803097557431e-01	2.645445894403474774e-01	-4.870574749915245194e-01	1.291579674837761149e-01	-1.267903481321943915e-01	1.850822722343548610e-01	-1.633707218825355967e-01	2.296887999645424172e-01	-7.454001820238773113e-02	6.526577610087624937e-02	-8.096933997924116166e-02	8.750667356856292600e-02	-7.706572593493933587e-02	5.798067269315165112e-02	-5.004250002902618788e-02	6.336519996265994881e-02	-6.624660130506507261e-02	6.873305879347692271e-02	-4.778553373631497236e-02	2.636543469122874447e-02	-3.015261101958605083e-02	2.847479903501245677e-02	-6.192849390518172931e-02	4.921806276958370224e-02	-2.673657269138628861e-02	1.074399404437311779e-02	-1.057209492191951011e-02	6.946576038635512984e-02	-4.335015923645814395e-02	6.267704796348756713e-02
6.676244516427697062e-02	-5.483863392999083902e-02	6.146858884438584358e-02	-8.374690103887283410e-02	8.107424721185108041e-02	-5.977165486573300657e-02	9.688612967272883236e-02	-1.237267493815989716e-01	1.000000000000001554e+00	-7.773510988685934375e-01	8.280458430402309888e-02	-1.064038273152636965e-01	1.392235644366390246e-01	-5.020514895840084701e-01	3.136206116650550602e-01	-7.681797593190393958e-02	6.727900492933103216e-02	-1.108560751521483617e-01	7.793514448997015953e-02	-7.338951074439892253e-02	3.680634596536203063e-02	-4.165752642387915428e-02	3.738671569415918938e-02	-4.886043826703978521e-02	4.434159318363012359e-02	-2.932383057800232520e-02	3.172159994278783701e-02	-3.392757705097155380e-02	3.003460052332453112e-02	-1.769927468294572176e-02	1.492218132428631099e-02	-1.408399351951451599e-02	3.214376154540969643e-02	-3.049562011578553500e-02	1.761184965666516902e-02	-5.483299253467902555e-03	5.399160681269651006e-03	-3.631986188690312922e-02	2.415404209535004787e-02	-3.477078853479912551e-02
-6.399320337431750605e-02	5.174140401180852417e-02	-5.935193369720146578e-02	7.679335916084152613e-02	-8.627828163229452063e-02	5.537096887698254172e-02	-9.160842904446486745e-02	1.030115558484613753e-01	-7.773510988685934375e-01	1.000000000000001776e+00	-7.682371677126767495e-02	8.967916866730663017e-02	-1.245165795754152732e-01	3.101332418251362411e-01	-5.155683854061807736e-01	6.770587973554120786e-02	-6.088185879908735582e-02	9.706217645652331916e-02	-8.731963195727382443e-02	7.999542108840529409e-02	-3.409542724843946104e-02	3.782144049487392440e-02	-3.441308995141081212e-02	4.957065922119654328e-02	-4.791080127596948623e-02	2.682917061778240103e-02	-2.937166514402751033e-02	3.124731550725277224e-02	-2.948730587089799446e-02	1.760569690444592494e-02	-1.394116349921166974e-02	1.310591270089689862e-02	-3.024036181160324674e-02	2.948649525132379309e-02	-1.755885632876221306e-02	5.096832107730163257e-03	-5.025318539485851797e-03	3.370886137216642930e-02	-2.285508831316435466e-02	3.262662442873157792e-02
2.571918494435069813e-01	-1.303276036059222431e-01	1.344153170093468075e-01	-4.756359058509752880e-02	5.355324240902482186e-02	-3.937975683058414500e-01	2.512315991520310821e-01	-2.534944803097557431e-01	8.280458430402309888e-02	-7.682371677126767495e-02	1.000000000000002442e+00	-5.293307303375575090e-01	2.702278656741484708e-01	-9.642410450804847488e-02	9.149423409271084662e-02	-4.992582464485614824e-01	2.737830689131829920e-01	-3.500827404939887977e-01	8.742740524732713070e-02	-7.700384193657038023e-02	1.183796420331799104e-01	-1.279568029676820262e-01	1.088067446477782446e-01	-7.160915393868402812e-02	6.012142648548354090e-02	-9.519990666237278243e-02	9.254266942093745951e-02	-9.639309047791329299e-02	6.091985192546600647e-02	-3.330860274067205112e-02	4.052739264102953737e-02	-3.857121118077995459e-02	8.189139602385427097e-02	-6.338328825883385309e-02	3.371336584570218398e-02	-1.433791509080538373e-02	1.409526424678655618e-02	-9.265345010313878749e-02	5.666647947754071407e-02	-8.227324973969853128e-02
-2.111546698769000141e-01	1.167345167899637298e-01	-1.299660459391262513e-01	4.663211457948632926e-02	-5.301790995909372306e-02	2.016148392344192797e-01	-3.047598374877247829e-01	2.645445894403474774e-01	-1.064038273152636965e-01	8.967916866730663017e-02	-5.293307303375575090e-01	1.000000000000002665e+00	-6.361779975612840143e-01	1.305009263956630750e-01	-1.248981249153614942e-01	2.565272382366046156e-01	-2.859855745300153851e-01	2.595634569335601438e-01	-7.671524259837231297e-02	6.641429371097015699e-02	-9.045299324718580891e-02	9.894302827031867253e-02	-8.646587277438592956e-02	5.849612908698877123e-02	-5.046983317050853651e-02	6.993348775065350020e-02	-7.254182306644191280e-02	7.378455220800103631e-02	-4.841946766841147970e-02	2.651296020394662209e-02	-3.175823495560318316e-02	2.997491427275715201e-02	-6.406373492254145707e-02	4.972903254432625708e-02	-2.689880436301509900e-02	1.103705263109442183e-02	-1.087442544680506523e-02	7.060717301643437693e-02	-4.380727827532228391e-02	6.293292266266786728e-02
1.766983481994213456e-01	-1.186742893823029138e-01	1.307651815470322609e-01	-5.056706351363401963e-02	5.618434329456303139e-02	-1.757621914859647250e-01	2.760412243685301803e-01	-4.870574749915245194e-01	1.392235644366390246e-01	-1.245165795754152732e-01	2.702278656741484708e-01	-6.361779975612840143e-01	1.000000000000003775e+00	-2.291450331302704313e-01	1.631167667876785854e-01	-2.421010967552834625e-01	2.083812975870864836e-01	-3.228530628502719324e-01	9.190300844698426341e-02	-8.264858264849138381e-02	9.207428678830024971e-02	-1.071340666947782766e-01	9.319143465578970387e-02	-7.023610545939686090e-02	5.976253436640519001e-02	-7.410751172353058358e-02	7.713053356756159606e-02	-8.152893958331376700e-02	5.534263551843830731e-02	-3.075572097872577432e-02	3.450813568930550385e-02	-3.274007633703802933e-02	7.106095129605598248e-02	-5.734507729329323816e-02	3.100974084514250897e-02	-1.236447597491599319e-02	1.215823144366634002e-02	-8.046897369923769472e-02	5.007300646154418111e-02	-7.266867347601549398e-02
-7.141656451371151959e-02	5.082395415527342364e-02	-5.762961112638571165e-02	4.811328476748204241e-02	-5.145401718628343085e-02	6.419125335974208701e-02	-1.045436676641866292e-01	1.291579674837761149e-01	-5.020514895840084701e-01	3.101332418251362411e-01	-9.642410450804847488e-02	1.305009263956630750e-01	-2.291450331302704313e-01	1.000000000000002220e+00	-7.502594688470167750e-01	8.388459395803675445e-02	-7.597324880286815407e-02	1.190108842277890766e-01	-1.134715853299770871e-01	1.013233474925736566e-01	-3.961541348756728725e-02	4.470167794165105096e-02	-4.054175377529425223e-02	5.914746424547869669e-02	-5.676524781357981247e-02	3.132746209831809708e-02	-3.413561173278338579e-02	3.640803246071051824e-02	-3.393907681625929484e-02	2.034921054621975298e-02	-1.597421725446116283e-02	1.504684594167999753e-02	-3.462467566951074605e-02	3.405478524683056701e-02	-2.020839334802054452e-02	5.836369290479299574e-03	-5.753786267045295916e-03	3.867496678394587162e-02	-2.621750498128522927e-02	3.745817926790541430e-02
6.952177118853147819e-02	-5.037226707690520278e-02	5.640495453647061119e-02	-4.834626190425487385e-02	5.110773932049052920e-02	-6.288039925609574532e-02	9.974304931471134061e-02	-1.267903481321943915e-01	3.136206116650550602e-01	-5.155683854061807736e-01	9.149423409271084662e-02	-1.248981249153614942e-01	1.631167667876785854e-01	-7.502594688470167750e-01	1.000000000000002442e+00	-8.567733067778228462e-02	7.609635790640288666e-02	-1.261289227206063568e-01	1.180725747838150125e-01	-1.300412414539564576e-01	4.139775584060730040e-02	-4.723020742705860697e-02	4.285611437931758499e-02	-6.785388894800703508e-02	6.483508152664387014e-02	-3.294677586262255431e-02	3.606319419197144549e-02	-3.878709176899731298e-02	3.742139950400956427e-02	-2.266712320769726299e-02	1.697804704973181200e-02	-1.600911809958965176e-02	3.715798905225330823e-02	-3.765491992890139528e-02	2.239627552218745668e-02	-6.261720218455581882e-03	6.171486548166756243e-03	-4.176302979595426790e-02	2.855818833350973196e-02	-4.087691943587235671e-02
-2.292130479027312540e-01	1.110190484194619326e-01	-1.286310782982920398e-01	4.469835787981193964e-02	-5.194189027845216161e-02	1.937790968269556824e-01	-2.378695712649298577e-01	1.850822722343548610e-01	-7.681797593190393958e-02	6.770587973554120786e-02	-4.992582464485614824e-01	2.565272382366046156e-01	-2.421010967552834625e-01	8.388459395803675445e-02	-8.567733067778228462e-02	1.000000000000002665e+00	-6.648718702677914871e-01	3.068439495375961390e-01	-8.675163296685767245e-02	7.088604863522676713e-02	-1.835126683719193463e-01	1.462102966015238759e-01	-1.278409844245004257e-01	6.792882692900856223e-02	-5.937008771183078376e-02	1.211673005608461112e-01	-1.137414211370248174e-01	1.068011679215020715e-01	-6.264340954927341554e-02	3.314244913658873082e-02	-4.683383193257117938e-02	4.403785526829728098e-02	-8.935211264412500076e-02	6.353270496491303376e-02	-3.397481181725761634e-02	1.521477350108588374e-02	-1.504168848403545505e-02	9.368578344310596329e-02	-5.717251232968494773e-02	8.046964945231269151e-02
1.626287647301988548e-01	-8.684264337375637022e-02	9.939356147329725388e-02	-3.583831866346590123e-02	4.131257170654312888e-02	-1.452482288917793518e-01	1.892328974953876586e-01	-1.633707218825355967e-01	6.727900492933103216e-02	-6.088185879908735582e-02	2.737830689131829920e-01	-2.859855745300153851e-01	2.083812975870864836e-01	-7.597324880286815407e-02	7.609635790640288666e-02	-6.648718702677914871e-01	1.000000000000002220e+00	-5.689974209555571649e-01	9.643956534410907944e-02	-8.084804993354245684e-02	1.378704849594601101e-01	-1.890318843240025026e-01	1.470927566462856828e-01	-7.334630722188924257e-02	6.254641686028739045e-02	-1.070847406280888842e-01	1.137026214975152549e-01	-1.119407168302926359e-01	6.294868512102502756e-02	-3.353696790263346189e-02	4.552626642692684383e-02	-4.288372570903492553e-02	8.826790945849075087e-02	-6.410010622499680288e-02	3.413485781115371126e-02	-1.487075006238769426e-02	1.470477849972837842e-02	-9.251670484927587701e-02	5.651661835062231354e-02	-7.968860102407396284e-02
-2.691781684519030660e-01	1.415382828622757383e-01	-1.711245175519564843e-01	6.103514159701133729e-02	-7.168160559846180335e-02	2.042059599152262761e-01	-3.205985928224464043e-01	2.296887999645424172e-01	-1.108560751521483617e-01	9.706217645652331916e-02	-3.500827404939887977e-01	2.595634569335601438e-01	-3.228530628502719324e-01	1.190108842277890766e-01	-1.261289227206063568e-01	3.068439495375961390e-01	-5.689974209555571649e-01	1.000000000000003109e+00	-1.968417478836197998e-01	1.365260385447797098e-01	-1.725633480190021107e-01	1.970595939670070906e-01	-2.292300296887586908e-01	1.173543811854255159e-01	-1.059078063552792437e-01	1.247525985776240243e-01	-1.499174716093351900e-01	1.500342594914527428e-01	-9.681844619162784105e-02	5.160092485936072781e-02	-6.499865171515789575e-02	5.991401720759319260e-02	-1.294142171606810221e-01	9.523315868892866243e-02	-5.304855838446755067e-02	2.091603147547451205e-02	-2.077953143648072348e-02	1.281446540428662351e-01	-8.171117936655464264e-02	1.122478786412662716e-01
6.990292596871491848e-02	-4.027780802569417423e-02	4.757931103364026332e-02	-2.173091312329509736e-02	2.457349011211829720e-02	-5.573988887486153870e-02	8.732372471857632878e-02	-7.454001820238773113e-02	7.793514448997015953e-02	-8.731963195727382443e-02	8.742740524732713070e-02	-7.671524259837231297e-02	9.190300844698426341e-02	-1.134715853299770871e-01	1.180725747838150125e-01	-8.675163296685767245e-02	9.643956534410907944e-02	-1.968417478836197998e-01	1.000000000000003109e+00	-8.304881990380559298e-01	6.703490675588417991e-02	-7.826553653857955262e-02	7.991069430095044945e-02	-3.544739408643381995e-01	2.712258421095245509e-01	-5.200966870778677559e-02	6.513399268855743496e-02	-7.372792246694026552e-02	1.240010676021111591e-01	-8.007365667522001185e-02	3.231486918353127652e-02	-3.020749277769722504e-02	8.130391348116443317e-02	-1.248770013361238246e-01	7.529414319275112843e-02	-1.262196287878990762e-02	1.251580644741618134e-02	-8.978121983824785546e-02	7.411376081271907335e-02	-1.040908975395324343e-01
-6.249875228738085986e-02	3.591180267375104068e-02	-4.267833349501241186e-02	1.964375119462374170e-02	-2.226896824521503240e-02	4.920000874917504485e-02	-7.823625741450303261e-02	6.526577610087624937e-02	-7.338951074439892253e-02	7.999542108840529409e-02	-7.700384193657038023e-02	6.641429371097015699e-02	-8.264858264849138381e-02	1.013233474925736566e-01	-1.300412414539564576e-01	7.088604863522676713e-02	-8.084804993354245684e-02	1.365260385447797098e-01	-8.304881990380559298e-01	1.000000000000003553e+00	-5.594427007150690190e-02	6.266414037212425514e-02	-6.510591804288755335e-02	2.614109488254636737e-01	-4.142897367446424228e-01	4.264147736350962226e-02	-5.357680376552070856e-02	5.936637839771082004e-02	-1.041223119159432470e-01	7.458104611780154436e-02	-2.659441577195868073e-02	2.469327434402883437e-02	-6.629441469320648816e-02	9.641538558008044824e-02	-7.305476197764830537e-02	1.011540391679066273e-02	-1.005793149646104848e-02	7.062231605045754534e-02	-5.927588660636193274e-02	8.074148451528506687e-02
8.545031096653328551e-02	-4.644533246674500265e-02	5.437666693478135360e-02	-1.996453815924743511e-02	2.315333027507269353e-02	-7.043109343355979934e-02	9.992403578701083977e-02	-8.096933997924116166e-02	3.680634596536203063e-02	-3.409542724843946104e-02	1.183796420331799104e-01	-9.045299324718580891e-02	9.207428678830024971e-02	-3.961541348756728725e-02	4.139775584060730040e-02	-1.835126683719193463e-01	1.378704849594601101e-01	-1.725633480190021107e-01	6.703490675588417991e-02	-5.594427007150690190e-02	1.000000000000004441e+00	-2.844414542193644535e-01	1.959158868073777038e-01	-7.617247250119617286e-02	6.512579343501728735e-02	-7.900515632805565902e-01	2.895142809477244672e-01	-2.713780984251273343e-01	1.041031476222958052e-01	-5.252745429111476544e-02	1.121996999496800013e-01	-1.143159294967032447e-01	1.778094922066093542e-01	-1.121453074020590523e-01	5.340013782956980898e-02	-3.478742996236209445e-02	3.401215635639115442e-02	-2.089952285419731104e-01	1.111660982827559346e-01	-1.609048908199390560e-01
-9.708807800909204089e-02	5.212966709325294462e-02	-6.211230953731160243e-02	2.261656100433838759e-02	-2.639149132125898425e-02	7.653157753321378209e-02	-1.150091374822046625e-01	8.750667356856292600e-02	-4.165752642387915428e-02	3.782144049487392440e-02	-1.279568029676820262e-01	9.894302827031867253e-02	-1.071340666947782766e-01	4.470167794165105096e-02	-4.723020742705860697e-02	1.462102966015238759e-01	-1.890318843240025026e-01	1.970595939670070906e-01	-7.826553653857955262e-02	6.266414037212425514e-02	-2.844414542193644535e-01	1.000000000000003553e+00	-7.134955461389335118e-01	8.854218435545020693e-02	-7.761667246927855812e-02	2.133193576915992651e-01	-4.543121470479482560e-01	3.035458746865717372e-01	-1.083848518203136269e-01	5.029984490706612688e-02	-1.227899592119267858e-01	1.131278360363587449e-01	-1.979086896417141528e-01	1.070676331738647374e-01	-5.210232402781631716e-02	3.153867664659282255e-02	-3.170208981862949332e-02	1.702863566109313054e-01	-9.669392689723876888e-02	1.274124999372439060e-01
8.322873647168586853e-02	-4.510719123764297261e-02	5.358747572402434989e-02	-1.971977238700413707e-02	2.295782503840398600e-02	-6.612132235774374756e-02	9.927987033485249913e-02	-7.706572593493933587e-02	3.738671569415918938e-02	-3.441308995141081212e-02	1.088067446477782446e-01	-8.646587277438592956e-02	9.319143465578970387e-02	-4.054175377529425223e-02	4.285611437931758499e-02	-1.278409844245004257e-01	1.470927566462856828e-01	-2.292300296887586908e-01	7.991069430095044945e-02	-6.510591804288755335e-02	1.959158868073777038e-01	-7.134955461389335118e-01	1.000000000000003331e+00	-1.024133751930454278e-01	8.261185983619780127e-02	-1.764069210168931479e-01	2.848844288851432038e-01	-5.113678566564187067e-01	1.165185848093622523e-01	-5.480110099962793441e-02	9.721134812483173127e-02	-9.568947664512207629e-02	2.054747589339765701e-01	-1.204839548185990400e-01	5.568247698241132748e-02	-3.067744011839402749e-02	3.035327847333462586e-02	-2.017942483403724341e-01	1.066382095549281428e-01	-1.448474835235757929e-01
-5.934026130556656342e-02	3.337515248240730675e-02	-3.990893761649218219e-02	1.666164191436856484e-02	-1.915288691791498452e-02	4.616480221058771177e-02	-7.327174263645971908e-02	5.798067269315165112e-02	-4.886043826703978521e-02	4.957065922119654328e-02	-7.160915393868402812e-02	5.849612908698877123e-02	-7.023610545939686090e-02	5.914746424547869669e-02	-6.785388894800703508e-02	6.792882692900856223e-02	-7.334630722188924257e-02	1.173543811854255159e-01	-3.544739408643381995e-01	2.614109488254636737e-01	-7.617247250119617286e-02	8.854218435545020693e-02	-1.024133751930454278e-01	1.000000000000003331e+00	-7.972137848784024428e-01	5.849887450366222930e-02	-7.970357494858620884e-02	9.341601174500450966e-02	-2.866431770409423319e-01	1.415649262194294544e-01	-4.020064675628943346e-02	3.725729161471726114e-02	-1.096461626584945281e-01	1.885115737742708297e-01	-1.450255836788120201e-01	1.547296192432372035e-02	-1.545590508787206101e-02	1.112518355562786831e-01	-1.040022512329153437e-01	1.319245210812990399e-01
4.930402061032024275e-02	-2.803951397800601847e-02	3.332892848945016168e-02	-1.433233601939977279e-02	1.637270574330930428e-02	-3.884776532736503724e-02	6.112893123451235144e-02	-5.004250002902618788e-02	4.434159318363012359e-02	-4.791080127596948623e-02	6.012142648548354090e-02	-5.046983317050853651e-02	5.976253436640519001e-02	-5.676524781357981247e-02	6.483508152664387014e-02	-5.937008771183078376e-02	6.254641686028739045e-02	-1.059078063552792437e-01	2.712258421095245509e-01	-4.142897367446424228e-01	6.512579343501728735e-02	-7.761667246927855812e-02	8.261185983619780127e-02	-7.972137848784024428e-01	1.000000000000003553e+00	-5.107374094879633952e-02	6.801779571682627090e-02	-8.131382273993248422e-02	1.888993277417692351e-01	-1.639003517730621418e-01	3.496253726215822755e-02	-3.271605611155976867e-02	9.604177526200133319e-02	-1.824566009409165634e-01	1.354252380556187074e-01	-1.416986045664872518e-02	1.407819393958055672e-02	-1.055201325603296325e-01	9.605148980985278584e-02	-1.322246400553995227e-01
-7.010196603392400416e-02	3.759047244262154336e-02	-4.447378831142252686e-02	1.617584353411213871e-02	-1.883981322312148002e-02	5.608222341195361754e-02	-8.159480874047583820e-02	6.336519996265994881e-02	-2.932383057800232520e-02	2.682917061778240103e-02	-9.519990666237278243e-02	6.993348775065350020e-02	-7.410751172353058358e-02	3.132746209831809708e-02	-3.294677586262255431e-02	1.211673005608461112e-01	-1.070847406280888842e-01	1.247525985776240243e-01	-5.200966870778677559e-02	4.264147736350962226e-02	-7.900515632805565902e-01	2.133193576915992651e-01	-1.764069210168931479e-01	5.849887450366222930e-02	-5.107374094879633952e-02	1.000000000000003331e+00	-4.722451239102088971e-01	2.210487409983744600e-01	-8.337510569791138637e-02	3.945513482025842650e-02	-1.277040841256239234e-01	1.171054197130222685e-01	-1.562438949773316543e-01	8.556807829422898026e-02	-4.066606831230236418e-02	2.979239133812307261e-02	-2.967176100836700636e-02	1.486745046493368749e-01	-8.203364713400369823e-02	1.118272315867374633e-01
7.090284473308863800e-02	-3.861491457800701743e-02	4.572930014777501495e-02	-1.688253542122784487e-02	1.963278740682642895e-02	-5.673389327853885916e-02	8.431403917141257198e-02	-6.624660130506507261e-02	3.172159994278783701e-02	-2.937166514402751033e-02	9.254266942093745951e-02	-7.254182306644191280e-02	7.713053356756159606e-02	-3.413561173278338579e-02	3.606319419197144549e-02	-1.137414211370248174e-01	1.137026214975152549e-01	-1.499174716093351900e-01	6.513399268855743496e-02	-5.357680376552070856e-02	2.895142809477244672e-01	-4.543121470479482560e-01	2.848844288851432038e-01	-7.970357494858620884e-02	6.801779571682627090e-02	-4.722451239102088971e-01	1.000000000000003775e+00	-5.536728692973226229e-01	1.187358712366397145e-01	-5.528180403306268836e-02	1.662800889631467494e-01	-1.999871642321290610e-01	2.254129804900724954e-01	-1.261423650501271587e-01	5.617813708787618848e-02	-4.242603393946898366e-02	4.203339731032491172e-02	-2.284608340693111694e-01	1.168853991822595972e-01	-1.608209384576402279e-01
-7.578123068334279011e-02	4.105676230613372613e-02	-4.900644218838098864e-02	1.804908591710983889e-02	-2.105304739783819823e-02	5.941020667869359451e-02	-9.026246890914027543e-02	6.873305879347692271e-02	-3.392757705097155380e-02	3.124731550725277224e-02	-9.639309047791329299e-02	7.378455220800103631e-02	-8.152893958331376700e-02	3.640803246071051824e-02	-3.878709176899731298e-02	1.068011679215020715e-01	-1.119407168302926359e-01	1.500342594914527428e-01	-7.372792246694026552e-02	5.936637839771082004e-02	-2.713780984251273343e-01	3.035458746865717372e-01	-5.113678566564187067e-01	9.341601174500450966e-02	-8.131382273993248422e-02	2.210487409983744600e-01	-5.536728692973226229e-01	1.000000000000004441e+00	-1.676415664841224840e-01	6.412296174513056057e-02	-1.418487419148477535e-01	1.346599872345973781e-01	-4.253456975589586242e-01	1.549029550057776372e-01	-6.608520163492137556e-02	3.886352999501496708e-02	-3.913268131200942079e-02	2.427031400777995840e-01	-1.319359993296011502e-01	1.639773241580583241e-01
5.040554173491309381e-02	-2.799012742765305886e-02	3.344556593965864605e-02	-1.305060633876760877e-02	1.512180179675413384e-02	-3.935537534674083543e-02	6.141171971810691077e-02	-4.778553373631497236e-02	3.003460052332453112e-02	-2.948730587089799446e-02	6.091985192546600647e-02	-4.841946766841147970e-02	5.534263551843830731e-02	-3.393907681625929484e-02	3.742139950400956427e-02	-6.264340954927341554e-02	6.294868512102502756e-02	-9.681844619162784105e-02	1.240010676021111591e-01	-1.041223119159432470e-01	1.041031476222958052e-01	-1.083848518203136269e-01	1.165185848093622523e-01	-2.866431770409423319e-01	1.888993277417692351e-01	-8.337510569791138637e-02	1.187358712366397145e-01	-1.676415664841224840e-01	1.000000000000004885e+00	-2.308999332452335573e-01	6.346119768754708568e-02	-6.023722300142546338e-02	2.040800038409197881e-01	-7.880131834404923152e-01	1.876065567252081234e-01	-2.679382576587757345e-02	2.661692413500296728e-02	-2.221571740436313058e-01	2.266872873776880626e-01	-2.900037907307717600e-01
-2.780999606404388133e-02	1.547784062944372943e-02	-1.852757147619667200e-02	7.323949259265236621e-03	-8.478019117966018731e-03	2.160907646040906294e-02	-3.399265688865533291e-02	2.636543469122874447e-02	-1.769927468294572176e-02	1.760569690444592494e-02	-3.330860274067205112e-02	2.651296020394662209e-02	-3.075572097872577432e-02	2.034921054621975298e-02	-2.266712320769726299e-02	3.314244913658873082e-02	-3.353696790263346189e-02	5.160092485936072781e-02	-8.007365667522001185e-02	7.458104611780154436e-02	-5.252745429111476544e-02	5.029984490706612688e-02	-5.480110099962793441e-02	1.415649262194294544e-01	-1.639003517730621418e-01	3.945513482025842650e-02	-5.528180403306268836e-02	6.412296174513056057e-02	-2.308999332452335573e-01	1.000000000000005551e+00	-3.086412550334752258e-02	2.817353489563877503e-02	-9.328582467119909960e-02	1.691086161922749909e-01	-9.252296321514326127e-01	1.223243460047146805e-02	-1.228492785337392118e-02	9.428081418381352441e-02	-1.166553622418286806e-01	1.487735635581874938e-01
3.221845618925463922e-02	-1.767040048683583831e-02	2.100543738436622121e-02	-7.824732184525208523e-03	9.102997655916491085e-03	-2.552472067563818156e-02	3.864511113244564061e-02	-3.015261101958605083e-02	1.492218132428631099e-02	-1.394116349921166974e-02	4.052739264102953737e-02	-3.175823495560318316e-02	3.450813568930550385e-02	-1.597421725446116283e-02	1.697804704973181200e-02	-4.683383193257117938e-02	4.552626642692684383e-02	-6.499865171515789575e-02	3.231486918353127652e-02	-2.659441577195868073e-02	1.121996999496800013e-01	-1.227899592119267858e-01	9.721134812483173127e-02	-4.020064675628943346e-02	3.496253726215822755e-02	-1.277040841256239234e-01	1.662800889631467494e-01	-1.418487419148477535e-01	6.346119768754708568e-02	-3.086412550334752258e-02	1.000000000000004663e+00	-9.357874785106158333e-01	1.476300746039997391e-01	-7.103132253682012398e-02	3.175000515219585095e-02	-1.123997998643893464e-01	1.005560851958451768e-01	-1.502062363831537795e-01	7.241452283143566537e-02	-9.810880583062359106e-02
-3.072420452444859021e-02	1.680788326742639616e-02	-2.001300433524818081e-02	7.434869433142190717e-03	-8.657766894788835807e-03	2.424273663930340966e-02	-3.680252776840782503e-02	2.847479903501245677e-02	-1.408399351951451599e-02	1.310591270089689862e-02	-3.857121118077995459e-02	2.997491427275715201e-02	-3.274007633703802933e-02	1.504684594167999753e-02	-1.600911809958965176e-02	4.403785526829728098e-02	-4.288372570903492553e-02	5.991401720759319260e-02	-3.020749277769722504e-02	2.469327434402883437e-02	-1.143159294967032447e-01	1.131278360363587449e-01	-9.568947664512207629e-02	3.725729161471726114e-02	-3.271605611155976867e-02	1.171054197130222685e-01	-1.999871642321290610e-01	1.346599872345973781e-01	-6.023722300142546338e-02	2.817353489563877503e-02	-9.357874785106158333e-01	1.000000000000005107e+00	-1.654018564531959390e-01	6.577062540574893368e-02	-2.920970750811685904e-02	9.697338513460992959e-02	-1.050597188193017895e-01	1.323209969331566871e-01	-6.564252574225022674e-02	8.561828473148307139e-02
6.656197104239892914e-02	-3.657978459741712679e-02	4.364615111247268503e-02	-1.637481773027895174e-02	1.905876297740958722e-02	-5.222821119065260143e-02	8.022999686307905054e-02	-6.192849390518172931e-02	3.214376154540969643e-02	-3.024036181160324674e-02	8.189139602385427097e-02	-6.406373492254145707e-02	7.106095129605598248e-02	-3.462467566951074605e-02	3.715798905225330823e-02	-8.935211264412500076e-02	8.826790945849075087e-02	-1.294142171606810221e-01	8.130391348116443317e-02	-6.629441469320648816e-02	1.778094922066093542e-01	-1.979086896417141528e-01	2.054747589339765701e-01	-1.096461626584945281e-01	9.604177526200133319e-02	-1.562438949773316543e-01	2.254129804900724954e-01	-4.253456975589586242e-01	2.040800038409197881e-01	-9.328582467119909960e-02	1.476300746039997391e-01	-1.654018564531959390e-01	1.000000000000005995e+00	-2.773038822076066556e-01	9.657657697835328459e-02	-6.326892514071613682e-02	6.213617414782586501e-02	-6.860833235095880056e-01	2.472721018648817992e-01	-3.081673444418878693e-01
-5.288746382637179305e-02	2.924334446632802578e-02	-3.506093070029203673e-02	1.356782116589354617e-02	-1.575910650306501515e-02	4.097301733342068042e-02	-6.434655979344265642e-02	4.921806276958370224e-02	-3.049562011578553500e-02	2.948649525132379309e-02	-6.338328825883385309e-02	4.972903254432625708e-02	-5.734507729329323816e-02	3.405478524683056701e-02	-3.765491992890139528e-02	6.353270496491303376e-02	-6.410010622499680288e-02	9.523315868892866243e-02	-1.248770013361238246e-01	9.641538558008044824e-02	-1.121453074020590523e-01	1.070676331738647374e-01	-1.204839548185990400e-01	1.885115737742708297e-01	-1.824566009409165634e-01	8.556807829422898026e-02	-1.261423650501271587e-01	1.549029550057776372e-01	-7.880131834404923152e-01	1.691086161922749909e-01	-7.103132253682012398e-02	6.577062540574893368e-02	-2.773038822076066556e-01	1.000000000000005329e+00	-1.940656852798491872e-01	2.763119509302016524e-02	-2.781379137006187094e-02	2.237275854261822905e-01	-3.331468806762971635e-01	2.547711855100538436e-01
2.809247823476937814e-02	-1.564504362530592593e-02	1.870767437760059368e-02	-7.379721869969262972e-03	8.541058666405481822e-03	-2.188510216581522269e-02	3.432705803609317069e-02	-2.673657269138628861e-02	1.761184965666516902e-02	-1.755885632876221306e-02	3.371336584570218398e-02	-2.689880436301509900e-02	3.100974084514250897e-02	-2.020839334802054452e-02	2.239627552218745668e-02	-3.397481181725761634e-02	3.413485781115371126e-02	-5.304855838446755067e-02	7.529414319275112843e-02	-7.305476197764830537e-02	5.340013782956980898e-02	-5.210232402781631716e-02	5.568247698241132748e-02	-1.450255836788120201e-01	1.354252380556187074e-01	-4.066606831230236418e-02	5.617813708787618848e-02	-6.608520163492137556e-02	1.876065567252081234e-01	-9.252296321514326127e-01	3.175000515219585095e-02	-2.920970750811685904e-02	9.657657697835328459e-02	-1.940656852798491872e-01	1.000000000000005329e+00	-1.315660668111094320e-02	1.315849222246574628e-02	-1.047726630499311584e-01	1.245472579416802700e-01	-1.914489541675959694e-01
-1.179167629710805784e-02	6.453419524677309581e-03	-7.730576731800402682e-03	2.878413853123798841e-03	-3.358767779497427892e-03	9.165748336081008113e-03	-1.419163438238267919e-02	1.074399404437311779e-02	-5.483299253467902555e-03	5.096832107730163257e-03	-1.433791509080538373e-02	1.103705263109442183e-02	-1.236447597491599319e-02	5.836369290479299574e-03	-6.261720218455581882e-03	1.521477350108588374e-02	-1.487075006238769426e-02	2.091603147547451205e-02	-1.262196287878990762e-02	1.011540391679066273e-02	-3.478742996236209445e-02	3.153867664659282255e-02	-3.067744011839402749e-02	1.547296192432372035e-02	-1.416986045664872518e-02	2.979239133812307261e-02	-4.242603393946898366e-02	3.886352999501496708e-02	-2.679382576587757345e-02	1.223243460047146805e-02	-1.123997998643893464e-01	9.697338513460992959e-02	-6.326892514071613682e-02	2.763119509302016524e-02	-1.315660668111094320e-02	1.000000000000005107e+00	-9.841191235374137092e-01	7.355384345520449285e-02	-3.554443931829206343e-02	3.684006315043693303e-02
1.156987649344099270e-02	-6.335347887590030841e-03	7.584643913769084124e-03	-2.826239725790487961e-03	3.296808573214669771e-03	-9.006465559624815195e-03	1.392616225174572384e-02	-1.057209492191951011e-02	5.399160681269651006e-03	-5.025318539485851797e-03	1.409526424678655618e-02	-1.087442544680506523e-02	1.215823144366634002e-02	-5.753786267045295916e-03	6.171486548166756243e-03	-1.504168848403545505e-02	1.470477849972837842e-02	-2.077953143648072348e-02	1.251580644741618134e-02	-1.005793149646104848e-02	3.401215635639115442e-02	-3.170208981862949332e-02	3.035327847333462586e-02	-1.545590508787206101e-02	1.407819393958055672e-02	-2.967176100836700636e-02	4.203339731032491172e-02	-3.913268131200942079e-02	2.661692413500296728e-02	-1.228492785337392118e-02	1.005560851958451768e-01	-1.050597188193017895e-01	6.213617414782586501e-02	-2.781379137006187094e-02	1.315849222246574628e-02	-9.841191235374137092e-01	1.000000000000005107e+00	-8.079189792152342842e-02	3.597235505106070180e-02	-3.803430698621268480e-02
-7.735179817386475531e-02	4.226226297275780669e-02	-5.082249937116338490e-02	1.893352831026071798e-02	-2.212378004447493329e-02	5.954144314853065945e-02	-9.321255219254453994e-02	6.946576038635512984e-02	-3.631986188690312922e-02	3.370886137216642930e-02	-9.265345010313878749e-02	7.060717301643437693e-02	-8.046897369923769472e-02	3.867496678394587162e-02	-4.176302979595426790e-02	9.368578344310596329e-02	-9.251670484927587701e-02	1.281446540428662351e-01	-8.978121983824785546e-02	7.062231605045754534e-02	-2.089952285419731104e-01	1.702863566109313054e-01	-2.017942483403724341e-01	1.112518355562786831e-01	-1.055201325603296325e-01	1.486745046493368749e-01	-2.284608340693111694e-01	2.427031400777995840e-01	-2.221571740436313058e-01	9.428081418381352441e-02	-1.502062363831537795e-01	1.323209969331566871e-01	-6.860833235095880056e-01	2.237275854261822905e-01	-1.047726630499311584e-01	7.355384345520449285e-02	-8.079189792152342842e-02	1.000000000000005329e+00	-4.398411635385137131e-01	2.831912163220079437e-01
4.744571134629646525e-02	-2.608079625043518632e-02	3.131664228208880241e-02	-1.184508528083492648e-02	1.380620044520681523e-02	-3.664142785223736126e-02	5.744714850814602869e-02	-4.335015923645814395e-02	2.415404209535004787e-02	-2.285508831316435466e-02	5.666647947754071407e-02	-4.380727827532228391e-02	5.007300646154418111e-02	-2.621750498128522927e-02	2.855818833350973196e-02	-5.717251232968494773e-02	5.651661835062231354e-02	-8.171117936655464264e-02	7.411376081271907335e-02	-5.927588660636193274e-02	1.111660982827559346e-01	-9.669392689723876888e-02	1.066382095549281428e-01	-1.040022512329153437e-01	9.605148980985278584e-02	-8.203364713400369823e-02	1.168853991822595972e-01	-1.319359993296011502e-01	2.266872873776880626e-01	-1.166553622418286806e-01	7.241452283143566537e-02	-6.564252574225022674e-02	2.472721018648817992e-01	-3.331468806762971635e-01	1.245472579416802700e-01	-3.554443931829206343e-02	3.597235505106070180e-02	-4.398411635385137131e-01	1.000000000000005551e+00	-7.632794618371523399e-01
