1.000000000000000000e+00	-8.451175427504140636e-01	2.326701410548882853e-01	-1.302227121096694584e-01	1.205845216751001148e-01	-2.957926843385346172e-01	2.038966856784555914e-01	-2.165763127213675143e-01	1.287431330735886448e-01	-1.481312226968213297e-01	1.955220133342408517e-01	-1.923188589424215111e-01	1.528237843384154804e-01	-1.196256454737868180e-01	8.934833475898996957e-02	-1.296856999461775961e-01	1.056902993032692029e-01	-1.429125321594856279e-01	1.085096363687339249e-01	-8.745245268723006449e-02	1.072472775908198672e-01	-9.945414452987239029e-02	8.135674376961549159e-02	-1.126093870041634248e-01	5.435787954589473003e-02	-3.851705149772008396e-02	4.026932072603862933e-02	-4.496482376571809408e-02	4.091293350747116087e-02	-6.901367365027574752e-02	3.893601049617255450e-02	-3.417823478678212734e-02	3.613314023401666131e-02	-3.304680620842326277e-02	2.947819407134951927e-02	-6.593442326839364653e-02	3.868531550295222637e-02	-3.525588560010355088e-02	5.812407716167009020e-02	-2.247934802676208876e-02
-8.451175427504140636e-01	1.000000000000000444e+00	-3.386014837675895839e-01	1.262195966282926851e-01	-1.213702582337494729e-01	2.098351876410863570e-01	-2.319303659411525997e-01	1.986440146109174076e-01	-1.246004521056317260e-01	1.277667874845563323e-01	-1.892416149377626755e-01	1.719561167126902324e-01	-1.486149853030817591e-01	1.069234818889614608e-01	-7.992031478755991236e-02	1.118208702846944097e-01	-9.482437212463128151e-02	1.249170365012636508e-01	-9.828344792545376518e-02	7.637139232285791723e-02	-9.678347343707971451e-02	8.650989829694556710e-02	-7.173742801063609509e-02	9.715402194858596685e-02	-4.740498346747848424e-02	3.423409505842749112e-02	-3.573318480671627134e-02	3.965720627501583689e-02	-3.634018911093571391e-02	5.942101345749285779e-02	-3.475583951710881775e-02	3.025974991099724190e-02	-3.204600691265199752e-02	2.929432274453517074e-02	-2.635972413977291651e-02	5.771901342374811256e-02	-3.433156790407015241e-02	3.122144434289870346e-02	-5.198726433694629556e-02	2.005924996722114467e-02
2.326701410548882853e-01	-3.386014837675895839e-01	1.000000000000000666e+00	-3.640357682830294150e-01	2.340542641387631240e-01	-1.796713867008850052e-01	1.686781320754209557e-01	-6.716756543740249885e-01	2.563201930090663883e-01	-2.482705608016028132e-01	1.770036133293943215e-01	-1.867724614035656816e-01	2.502208213768271627e-01	-2.118681951756139770e-01	1.439696961598702085e-01	-1.709728783252105200e-01	1.414537911152171923e-01	-2.225292014079374714e-01	1.740388707999447060e-01	-1.382879621369618173e-01	1.453659577494374744e-01	-1.367687930720651313e-01	1.152572946020081202e-01	-1.604868592073431799e-01	8.258865924983435636e-02	-5.203091578975065773e-02	5.503275010178007576e-02	-6.176682401961482854e-02	5.613367014405943461e-02	-1.042437358101669653e-01	5.266456723718576649e-02	-4.655443871777890930e-02	4.940550438161232794e-02	-4.520299164061232500e-02	4.007043309265878595e-02	-8.824501995080666350e-02	5.256988770115807175e-02	-4.794643246498241085e-02	7.900166828977479849e-02	-3.056835252163930122e-02
-1.302227121096694584e-01	1.262195966282926851e-01	-3.640357682830294150e-01	1.000000000000001332e+00	-6.889078575883476052e-01	1.072723245566007816e-01	-1.018186049719480152e-01	2.372401713288558311e-01	-4.853792111604759429e-01	2.698129455181670355e-01	-1.241674088898513245e-01	1.130475825703410042e-01	-1.657817361581168381e-01	2.307115261947913776e-01	-1.593640183754632123e-01	1.153487469481517536e-01	-9.851679448608129108e-02	1.423887653244541029e-01	-1.830017770068076421e-01	1.358015292063123325e-01	-1.180231657700358955e-01	1.020006566114938507e-01	-9.046966503564976558e-02	1.281013481302128720e-01	-7.751209476611448101e-02	4.182383031197277334e-02	-4.468442644485925291e-02	4.959581549420812724e-02	-4.619290744407410221e-02	9.483096483309393088e-02	-4.277021175503729900e-02	3.771653208450295724e-02	-4.028829335988183546e-02	3.701332864642688930e-02	-3.354723893100901300e-02	7.020050214126025145e-02	-4.295151148300643124e-02	3.906528343223053534e-02	-6.602920109611859489e-02	2.547315513215578364e-02
1.205845216751001148e-01	-1.213702582337494729e-01	2.340542641387631240e-01	-6.889078575883476052e-01	1.000000000000001332e+00	-1.199723781976747838e-01	1.077588690957004686e-01	-2.269644254065528166e-01	2.915084421391074820e-01	-4.969293350316530411e-01	1.375649282137160756e-01	-1.261909522961905117e-01	1.685069457191120113e-01	-2.662639216525046204e-01	2.021027866518607941e-01	-1.362852928423687326e-01	1.128108220354519103e-01	-1.612503694921225972e-01	1.979197181765848801e-01	-1.821393922977210533e-01	1.384050108541645119e-01	-1.230176780602381947e-01	1.069951655414146940e-01	-1.573835163924206526e-01	1.016885433678687001e-01	-5.012156756139191094e-02	5.373792375862368464e-02	-5.994861892379633322e-02	5.568471825306384876e-02	-1.293626208226772989e-01	5.108308825429894173e-02	-4.555669520061405436e-02	4.857446593730819356e-02	-4.476747257860947543e-02	4.044490711682025008e-02	-8.625525163585780197e-02	5.187628369682353163e-02	-4.730735774274008598e-02	7.945597319448230444e-02	-3.076241582444394496e-02
-2.957926843385346172e-01	2.098351876410863570e-01	-1.796713867008850052e-01	1.072723245566007816e-01	-1.199723781976747838e-01	1.000000000000001998e+00	-5.374702357721585777e-01	1.648289033763661871e-01	-1.251630176871993128e-01	1.389536902515328687e-01	-6.664769790273501471e-01	3.064646683060254784e-01	-1.927916501497024260e-01	1.177354433762689973e-01	-9.456073625068749100e-02	1.757390750418630077e-01	-1.492379418048422612e-01	1.633350305104544486e-01	-1.203514672613618663e-01	9.106586789855039554e-02	-1.497138725885653887e-01	1.256713123741921012e-01	-1.016705026251879251e-01	1.327290339004873476e-01	-5.924617771704685648e-02	5.190430865004023314e-02	-5.317317903688562053e-02	5.822787383184043625e-02	-5.382513215410929946e-02	7.373252118889231377e-02	-5.286699835562849725e-02	4.506741807090698659e-02	-4.758937882290923543e-02	4.344159218084137075e-02	-3.975138971326157289e-02	8.641957496635728486e-02	-5.137843630880883916e-02	4.655660353440588262e-02	-7.844182403935225090e-02	3.016493887615349229e-02
2.038966856784555914e-01	-2.319303659411525997e-01	1.686781320754209557e-01	-1.018186049719480152e-01	1.077588690957004686e-01	-5.374702357721585777e-01	1.000000000000000888e+00	-1.904758054215258123e-01	1.182910866929294674e-01	-1.297054238767166301e-01	3.057971305117699323e-01	-6.964764413733693926e-01	2.001808502987036664e-01	-1.137227851409713941e-01	8.695733786021039857e-02	-1.754764356333362030e-01	1.548079452314330418e-01	-1.745719756231783049e-01	1.129693104676060961e-01	-8.524100979538679068e-02	1.312020760651686213e-01	-1.216270573786942810e-01	9.636373728335952127e-02	-1.254065893619364103e-01	5.482217334516278906e-02	-4.560613346434682497e-02	4.696601189401608534e-02	-5.212978805087629258e-02	4.730031357446630447e-02	-6.846189229944850407e-02	4.611545453463330307e-02	-3.970155982057317623e-02	4.191244754757147278e-02	-3.815169072374188092e-02	3.406859612199602400e-02	-7.556374167718379886e-02	4.484382676041813454e-02	-4.075113290479837058e-02	6.731131126076679572e-02	-2.595462704435233178e-02
-2.165763127213675143e-01	1.986440146109174076e-01	-6.716756543740249885e-01	2.372401713288558311e-01	-2.269644254065528166e-01	1.648289033763661871e-01	-1.904758054215258123e-01	1.000000000000000000e+00	-3.495046630166857016e-01	2.106734905192936269e-01	-1.833289780866120822e-01	1.878593771847889560e-01	-4.392258232918085925e-01	2.086564201372716754e-01	-1.401409679800041108e-01	1.627296149701931705e-01	-1.478026867783978626e-01	2.278643862220471050e-01	-1.833745629938791366e-01	1.291090268049761569e-01	-1.474393987828669927e-01	1.317738443475179877e-01	-1.152106138219711751e-01	1.514386434314131669e-01	-7.749815037271906570e-02	5.130725485553565973e-02	-5.416325763113206265e-02	6.027868421588687686e-02	-5.520826408699360671e-02	9.492463596814200433e-02	-5.226131326343422256e-02	4.556930958299554996e-02	-4.851819783220224364e-02	4.426560480814172027e-02	-3.957742671094877790e-02	8.449979601947277263e-02	-5.155608654791045409e-02	4.685409272655773061e-02	-7.812641443421602938e-02	3.011173242059602545e-02
1.287431330735886448e-01	-1.246004521056317260e-01	2.563201930090663883e-01	-4.853792111604759429e-01	2.915084421391074820e-01	-1.251630176871993128e-01	1.182910866929294674e-01	-3.495046630166857016e-01	1.000000000000001554e+00	-3.755394748034168728e-01	1.463731253309367708e-01	-1.370125483075136930e-01	2.044866798593108492e-01	-5.639579778183840819e-01	2.090005946357131605e-01	-1.467041621281254815e-01	1.249243374050906519e-01	-1.869271363064912983e-01	2.591764467128721550e-01	-1.957412162587984228e-01	1.483790248388132949e-01	-1.327895571765071170e-01	1.183501247806973411e-01	-1.750289601478987322e-01	1.065544638374955194e-01	-5.285816588527385979e-02	5.685245345243276904e-02	-6.357297746796043703e-02	5.887101884180205580e-02	-1.322036603418457745e-01	5.394030554206757921e-02	-4.795940642027602535e-02	5.127179524793196858e-02	-4.714822979149305843e-02	4.222823729029748230e-02	-8.896075070892481285e-02	5.441286867167866026e-02	-4.959007163895662318e-02	8.308804188376700539e-02	-3.213073403666744099e-02
-1.481312226968213297e-01	1.277667874845563323e-01	-2.482705608016028132e-01	2.698129455181670355e-01	-4.969293350316530411e-01	1.389536902515328687e-01	-1.297054238767166301e-01	2.106734905192936269e-01	-3.755394748034168728e-01	1.000000000000002442e+00	-1.889291539908083406e-01	1.452646570958971706e-01	-2.107048232775181051e-01	2.706150418974880290e-01	-5.052409721539231624e-01	1.598773048974149458e-01	-1.394347988325845833e-01	1.851675798401920259e-01	-3.031795321524768938e-01	2.597430514615873820e-01	-2.033140169019644616e-01	1.528101651874201050e-01	-1.405709331802415807e-01	1.935586509961590151e-01	-1.466509213612641471e-01	7.085315091163588153e-02	-7.601098659292082615e-02	8.246901727318307895e-02	-7.984638554067043092e-02	1.638261073189661854e-01	-7.345743682812728992e-02	6.408266938430588755e-02	-6.894204805014837734e-02	6.368758467934194922e-02	-6.053986213833516261e-02	1.166880030951513020e-01	-7.418385596072389621e-02	6.707821893666289503e-02	-1.188964262075823258e-01	4.555005363579044120e-02
1.955220133342408517e-01	-1.892416149377626755e-01	1.770036133293943215e-01	-1.241674088898513245e-01	1.375649282137160756e-01	-6.664769790273501471e-01	3.057971305117699323e-01	-1.833289780866120822e-01	1.463731253309367708e-01	-1.889291539908083406e-01	1.000000000000001776e+00	-4.531902238651477344e-01	2.216295126182051822e-01	-1.523834994364764717e-01	1.231255082970135334e-01	-2.961104136709327705e-01	2.041547998687543997e-01	-2.301102183796980005e-01	1.555919781965319770e-01	-1.241048322583760133e-01	1.922800212482300708e-01	-1.822600473335957982e-01	1.409152404450116636e-01	-1.938024979529776315e-01	8.186041161477167205e-02	-6.986828363787832286e-02	7.150523771013589380e-02	-7.977751507040309331e-02	7.192628302459858070e-02	-1.043783051656708150e-01	6.998473541907386519e-02	-6.106076040590562026e-02	6.402941287469658682e-02	-5.843607113099851674e-02	5.187256678580807329e-02	-1.222781446589074894e-01	6.904304596566235297e-02	-6.297329003262155944e-02	1.023509012105087712e-01	-3.965222800606855308e-02
-1.923188589424215111e-01	1.719561167126902324e-01	-1.867724614035656816e-01	1.130475825703410042e-01	-1.261909522961905117e-01	3.064646683060254784e-01	-6.964764413733693926e-01	1.878593771847889560e-01	-1.370125483075136930e-01	1.452646570958971706e-01	-4.531902238651477344e-01	9.999999999999991118e-01	-3.160051892901499238e-01	1.305642912179350024e-01	-1.023020507165899595e-01	2.086233184156048859e-01	-2.329371615712430565e-01	2.138191772901553711e-01	-1.367713811955186265e-01	9.888316591856056992e-02	-1.693998518142485477e-01	1.478211744570052111e-01	-1.200730418262756921e-01	1.476720184844271810e-01	-6.420632575101177519e-02	5.714619335835707803e-02	-5.848893200472988357e-02	6.423445749940874527e-02	-5.881292634144644899e-02	7.907304256901959150e-02	-5.816176838686480666e-02	4.923448741808528900e-02	-5.207138882510783245e-02	4.729239264992238928e-02	-4.269191551464335266e-02	9.218942481658795596e-02	-5.576450090514881858e-02	5.048498905118235097e-02	-8.441916938252644331e-02	3.243655467973381723e-02
1.528237843384154804e-01	-1.486149853030817591e-01	2.502208213768271627e-01	-1.657817361581168381e-01	1.685069457191120113e-01	-1.927916501497024260e-01	2.001808502987036664e-01	-4.392258232918085925e-01	2.044866798593108492e-01	-2.107048232775181051e-01	2.216295126182051822e-01	-3.160051892901499238e-01	9.999999999999994449e-01	-2.245625148391608150e-01	1.470141859078219759e-01	-2.840217021765781280e-01	2.516079763790189383e-01	-6.195731463076606937e-01	2.120668431031707546e-01	-1.498204994132299461e-01	2.012477460226647086e-01	-2.060456905382601067e-01	1.738644234173356840e-01	-2.190104365206200776e-01	9.277260963705684371e-02	-6.986840562582977143e-02	7.360193580119200885e-02	-8.368498941475707720e-02	7.390921226086961948e-02	-1.150327142755659948e-01	7.031088489175860157e-02	-6.172238894389125291e-02	6.550052745190512726e-02	-5.936371623791416446e-02	5.127808103534729767e-02	-1.135209789929349233e-01	6.881576803393324449e-02	-6.276701604141717017e-02	1.015133103392649450e-01	-3.923369165026999866e-02
-1.196256454737868180e-01	1.069234818889614608e-01	-2.118681951756139770e-01	2.307115261947913776e-01	-2.662639216525046204e-01	1.177354433762689973e-01	-1.137227851409713941e-01	2.086564201372716754e-01	-5.639579778183840819e-01	2.706150418974880290e-01	-1.523834994364764717e-01	1.305642912179350024e-01	-2.245625148391608150e-01	9.999999999999998890e-01	-3.001594763486451489e-01	1.476936116832918422e-01	-1.344783702976240225e-01	1.954500300890673337e-01	-5.784352016679447095e-01	2.399298154562320984e-01	-1.709767419010623513e-01	1.415990302572736892e-01	-1.385913880990138347e-01	1.969139701946405197e-01	-1.273013147897991693e-01	5.906670348702622309e-02	-6.405235895750724384e-02	7.094613086780396372e-02	-6.680344875654618819e-02	1.439147600353431200e-01	-6.084246959099020441e-02	5.354848591682485892e-02	-5.772630955121044183e-02	5.294977242661446509e-02	-4.774973771702120673e-02	9.583413960077288851e-02	-6.092541565798090253e-02	5.527977858784342835e-02	-9.411824459523730757e-02	3.621258413202567417e-02
8.934833475898996957e-02	-7.992031478755991236e-02	1.439696961598702085e-01	-1.593640183754632123e-01	2.021027866518607941e-01	-9.456073625068749100e-02	8.695733786021039857e-02	-1.401409679800041108e-01	2.090005946357131605e-01	-5.052409721539231624e-01	1.231255082970135334e-01	-1.023020507165899595e-01	1.470141859078219759e-01	-3.001594763486451489e-01	1.000000000000000666e+00	-1.235669322128323533e-01	1.065042869310289519e-01	-1.489786519637511242e-01	2.780043181195844260e-01	-6.581770450027681907e-01	1.459448733554681021e-01	-1.242394286541465276e-01	1.162989165264020214e-01	-1.796800066523092931e-01	2.146627472058462438e-01	-5.189775892040173616e-02	5.671782804965111446e-02	-6.331673546161982469e-02	6.009311551888245340e-02	-2.699898991431177175e-01	5.331366727330808658e-02	-4.778905838088128022e-02	5.147550895823430755e-02	-4.786861848009358461e-02	4.324507306558532382e-02	-8.679511060685998758e-02	5.440417712189438842e-02	-4.963848940489207218e-02	8.433167970354325804e-02	-3.288836455432750383e-02
-1.296856999461775961e-01	1.118208702846944097e-01	-1.709728783252105200e-01	1.153487469481517536e-01	-1.362852928423687326e-01	1.757390750418630077e-01	-1.754764356333362030e-01	1.627296149701931705e-01	-1.467041621281254815e-01	1.598773048974149458e-01	-2.961104136709327705e-01	2.086233184156048859e-01	-2.840217021765781280e-01	1.476936116832918422e-01	-1.235669322128323533e-01	9.999999999999986677e-01	-6.925344975601253061e-01	2.831074035817017220e-01	-1.774076943729739064e-01	1.196137653213255186e-01	-4.033226495717485705e-01	2.565051036420800679e-01	-1.993075231794839697e-01	2.109109820022459503e-01	-8.149297366451258018e-02	1.072289493232592150e-01	-9.642657803358184454e-02	1.022034576864271210e-01	-9.331013029774461176e-02	9.799325918940356150e-02	-1.086656080676790814e-01	8.030491112751388105e-02	-8.357093018086077241e-02	7.470032955516149598e-02	-6.709229666615343368e-02	1.437940506632583437e-01	-8.975224864437840455e-02	8.019109528345949589e-02	-1.335971529931279100e-01	5.091795054712330848e-02
1.056902993032692029e-01	-9.482437212463128151e-02	1.414537911152171923e-01	-9.851679448608129108e-02	1.128108220354519103e-01	-1.492379418048422612e-01	1.548079452314330418e-01	-1.478026867783978626e-01	1.249243374050906519e-01	-1.394347988325845833e-01	2.041547998687543997e-01	-2.329371615712430565e-01	2.516079763790189383e-01	-1.344783702976240225e-01	1.065042869310289519e-01	-6.925344975601253061e-01	1.000000000000001110e+00	-4.746714630713239069e-01	1.607071508103750379e-01	-1.080199141183643269e-01	2.528567444227423633e-01	-3.385643436983725718e-01	1.983911656644202215e-01	-2.052761926718965901e-01	7.249933904359687209e-02	-7.878116181128974604e-02	7.811020466910804927e-02	-8.694909907076812938e-02	7.556621477184012614e-02	-8.751330253916680957e-02	7.835646625973839707e-02	-6.450739771392902111e-02	6.779661026917115085e-02	-6.041718592141504668e-02	5.179029999499009523e-02	-1.138955012723089771e-01	7.093676268764245729e-02	-6.415441555029038900e-02	1.031492791788067021e-01	-3.959789512295152497e-02
-1.429125321594856279e-01	1.249170365012636508e-01	-2.225292014079374714e-01	1.423887653244541029e-01	-1.612503694921225972e-01	1.633350305104544486e-01	-1.745719756231783049e-01	2.278643862220471050e-01	-1.869271363064912983e-01	1.851675798401920259e-01	-2.301102183796980005e-01	2.138191772901553711e-01	-6.195731463076606937e-01	1.954500300890673337e-01	-1.489786519637511242e-01	2.831074035817017220e-01	-4.746714630713239069e-01	9.999999999999998890e-01	-2.794882024476429416e-01	1.493729032052357464e-01	-2.448059546600097058e-01	2.299964655481968323e-01	-2.426340315846971518e-01	2.246554336628297510e-01	-9.365635489184495621e-02	7.914089379141715785e-02	-8.382539538237680776e-02	9.398843278008285618e-02	-8.334124229310629905e-02	1.104399988647369324e-01	-8.073941912790108533e-02	6.893380318671023244e-02	-7.394294233535993188e-02	6.608203085174423064e-02	-5.740777328782719485e-02	1.204340796975801736e-01	-7.690370995899165063e-02	6.953176904150171200e-02	-1.141100596065882933e-01	4.375456028642799033e-02
1.085096363687339249e-01	-9.828344792545376518e-02	1.740388707999447060e-01	-1.830017770068076421e-01	1.979197181765848801e-01	-1.203514672613618663e-01	1.129693104676060961e-01	-1.833745629938791366e-01	2.591764467128721550e-01	-3.031795321524768938e-01	1.555919781965319770e-01	-1.367713811955186265e-01	2.120668431031707546e-01	-5.784352016679447095e-01	2.780043181195844260e-01	-1.774076943729739064e-01	1.607071508103750379e-01	-2.794882024476429416e-01	1.000000000000000222e+00	-4.546379955357503500e-01	1.944024035067096479e-01	-1.825326703624991220e-01	1.806734612594634304e-01	-3.307910852855153183e-01	1.781543894781186244e-01	-6.801737863059480194e-02	7.520609764767755001e-02	-8.557695461044723118e-02	7.892381379157799304e-02	-2.113594357421847980e-01	6.958220773055305564e-02	-6.271812101697182840e-02	6.779713409213511399e-02	-6.245783063647662031e-02	5.405867864403978568e-02	-1.106983714197032065e-01	7.042487507729396079e-02	-6.433282008402831098e-02	1.064773440735825860e-01	-4.126874765103158427e-02
-8.745245268723006449e-02	7.637139232285791723e-02	-1.382879621369618173e-01	1.358015292063123325e-01	-1.821393922977210533e-01	9.106586789855039554e-02	-8.524100979538679068e-02	1.291090268049761569e-01	-1.957412162587984228e-01	2.597430514615873820e-01	-1.241048322583760133e-01	9.888316591856056992e-02	-1.498204994132299461e-01	2.399298154562320984e-01	-6.581770450027681907e-01	1.196137653213255186e-01	-1.080199141183643269e-01	1.493729032052357464e-01	-4.546379955357503500e-01	9.999999999999998890e-01	-1.536211649758820463e-01	1.226099304967256248e-01	-1.232679116289053245e-01	1.814809705987275867e-01	-3.738576013246444063e-01	5.331650364984146656e-02	-5.849280012627128961e-02	6.466708237035488638e-02	-6.232993690017293864e-02	2.602224266666040564e-01	-5.515141474948442174e-02	4.894140443874197416e-02	-5.304357425165893286e-02	4.918683270599369384e-02	-4.482438941001017085e-02	8.670784663526795444e-02	-5.591229517101546642e-02	5.079466068916305144e-02	-8.765342935525774481e-02	3.395866152952426581e-02
1.072472775908198672e-01	-9.678347343707971451e-02	1.453659577494374744e-01	-1.180231657700358955e-01	1.384050108541645119e-01	-1.497138725885653887e-01	1.312020760651686213e-01	-1.474393987828669927e-01	1.483790248388132949e-01	-2.033140169019644616e-01	1.922800212482300708e-01	-1.693998518142485477e-01	2.012477460226647086e-01	-1.709767419010623513e-01	1.459448733554681021e-01	-4.033226495717485705e-01	2.528567444227423633e-01	-2.448059546600097058e-01	1.944024035067096479e-01	-1.536211649758820463e-01	1.000000000000000222e+00	-5.026517791945588343e-01	2.730519797725481368e-01	-3.893274389227923127e-01	1.146593701734977405e-01	-2.975468015876417405e-01	1.590333012504076549e-01	-1.711307629323255697e-01	1.437424368326763180e-01	-1.453604552972965480e-01	2.116617012948019960e-01	-1.408532152398053183e-01	1.345530100724541267e-01	-1.196163080062656314e-01	9.915916023317575267e-02	-3.040417993451336454e-01	1.488636646621264992e-01	-1.348833062683349460e-01	1.976763282211324857e-01	-7.691993081444042923e-02
-9.945414452987239029e-02	8.650989829694556710e-02	-1.367687930720651313e-01	1.020006566114938507e-01	-1.230176780602381947e-01	1.256713123741921012e-01	-1.216270573786942810e-01	1.317738443475179877e-01	-1.327895571765071170e-01	1.528101651874201050e-01	-1.822600473335957982e-01	1.478211744570052111e-01	-2.060456905382601067e-01	1.415990302572736892e-01	-1.242394286541465276e-01	2.565051036420800679e-01	-3.385643436983725718e-01	2.299964655481968323e-01	-1.825326703624991220e-01	1.226099304967256248e-01	-5.026517791945588343e-01	1.000000000000000000e+00	-6.147360605629660357e-01	3.088908663191931026e-01	-9.326168067789192273e-02	1.335946820614635488e-01	-1.459329048337684731e-01	1.571360554161636558e-01	-1.322253549805813555e-01	1.076015144848945920e-01	-1.355130038114981672e-01	1.125296073143873671e-01	-1.203749505732365499e-01	1.030281632991335850e-01	-8.513479996991893395e-02	1.762923248914573249e-01	-1.211180454004981977e-01	1.081539242664258660e-01	-1.714145830743580567e-01	6.513785464523856594e-02
8.135674376961549159e-02	-7.173742801063609509e-02	1.152572946020081202e-01	-9.046966503564976558e-02	1.069951655414146940e-01	-1.016705026251879251e-01	9.636373728335952127e-02	-1.152106138219711751e-01	1.183501247806973411e-01	-1.405709331802415807e-01	1.409152404450116636e-01	-1.200730418262756921e-01	1.738644234173356840e-01	-1.385913880990138347e-01	1.162989165264020214e-01	-1.993075231794839697e-01	1.983911656644202215e-01	-2.426340315846971518e-01	1.806734612594634304e-01	-1.232679116289053245e-01	2.730519797725481368e-01	-6.147360605629660357e-01	9.999999999999988898e-01	-6.213831877995977804e-01	1.005750033722757064e-01	-9.797927446492277204e-02	1.319993592663851190e-01	-1.969141894734913467e-01	1.272044310946480461e-01	-1.155720986048626997e-01	9.771640512971718762e-02	-1.026755794234018998e-01	1.163277502082265130e-01	-9.881754910190800045e-02	7.049698953856262107e-02	-1.487271960241316193e-01	1.062106916194719419e-01	-9.891322414076039737e-02	1.422282852644108919e-01	-5.502576987623940263e-02
-1.126093870041634248e-01	9.715402194858596685e-02	-1.604868592073431799e-01	1.281013481302128720e-01	-1.573835163924206526e-01	1.327290339004873476e-01	-1.254065893619364103e-01	1.514386434314131669e-01	-1.750289601478987322e-01	1.935586509961590151e-01	-1.938024979529776315e-01	1.476720184844271810e-01	-2.190104365206200776e-01	1.969139701946405197e-01	-1.796800066523092931e-01	2.109109820022459503e-01	-2.052761926718965901e-01	2.246554336628297510e-01	-3.307910852855153183e-01	1.814809705987275867e-01	-3.893274389227923127e-01	3.088908663191931026e-01	-6.213831877995977804e-01	1.000000000000001332e+00	-1.724890094043588507e-01	1.266344848739975881e-01	-1.515276022775040032e-01	1.724077369010287575e-01	-1.673239667986869406e-01	1.653971375040882708e-01	-1.324976911638260368e-01	1.205876814063806118e-01	-1.363551903585050185e-01	1.233112111735818611e-01	-1.006220734501685893e-01	1.874317865110038395e-01	-1.345070080297171289e-01	1.214459785236018941e-01	-2.018757631094510452e-01	7.666250601800358999e-02
5.435787954589473003e-02	-4.740498346747848424e-02	8.258865924983435636e-02	-7.751209476611448101e-02	1.016885433678687001e-01	-5.924617771704685648e-02	5.482217334516278906e-02	-7.749815037271906570e-02	1.065544638374955194e-01	-1.466509213612641471e-01	8.186041161477167205e-02	-6.420632575101177519e-02	9.277260963705684371e-02	-1.273013147897991693e-01	2.146627472058462438e-01	-8.149297366451258018e-02	7.249933904359687209e-02	-9.365635489184495621e-02	1.781543894781186244e-01	-3.738576013246444063e-01	1.146593701734977405e-01	-9.326168067789192273e-02	1.005750033722757064e-01	-1.724890094043588507e-01	9.999999999999988898e-01	-4.023134924260421408e-02	4.538468154687768513e-02	-5.125089014615795413e-02	5.078015912709005208e-02	-8.639585973368738570e-01	4.162350008650123750e-02	-3.797441171156066414e-02	4.158555773725289978e-02	-3.972525782158448093e-02	3.546820491141271237e-02	-6.568185039341811748e-02	4.300018760939664647e-02	-3.940361963663095712e-02	6.691950157578521741e-02	-2.715381788191968682e-02
-3.851705149772008396e-02	3.423409505842749112e-02	-5.203091578975065773e-02	4.182383031197277334e-02	-5.012156756139191094e-02	5.190430865004023314e-02	-4.560613346434682497e-02	5.130725485553565973e-02	-5.285816588527385979e-02	7.085315091163588153e-02	-6.986828363787832286e-02	5.714619335835707803e-02	-6.986840562582977143e-02	5.906670348702622309e-02	-5.189775892040173616e-02	1.072289493232592150e-01	-7.878116181128974604e-02	7.914089379141715785e-02	-6.801737863059480194e-02	5.331650364984146656e-02	-2.975468015876417405e-01	1.335946820614635488e-01	-9.797927446492277204e-02	1.266344848739975881e-01	-4.023134924260421408e-02	1.000000000000000444e+00	-2.082056299784562636e-01	1.406997888222402127e-01	-1.180011708683680188e-01	5.042583270428799280e-02	-8.671510506961926934e-01	1.666523944359931397e-01	-1.255337605000956258e-01	9.916032351511981646e-02	-8.161734144592261431e-02	2.250816920139456778e-01	-1.484936760275820944e-01	1.191082828047318187e-01	-1.678508739180964715e-01	6.279838715000449212e-02
4.026932072603862933e-02	-3.573318480671627134e-02	5.503275010178007576e-02	-4.468442644485925291e-02	5.373792375862368464e-02	-5.317317903688562053e-02	4.696601189401608534e-02	-5.416325763113206265e-02	5.685245345243276904e-02	-7.601098659292082615e-02	7.150523771013589380e-02	-5.848893200472988357e-02	7.360193580119200885e-02	-6.405235895750724384e-02	5.671782804965111446e-02	-9.642657803358184454e-02	7.811020466910804927e-02	-8.382539538237680776e-02	7.520609764767755001e-02	-5.849280012627128961e-02	1.590333012504076549e-01	-1.459329048337684731e-01	1.319993592663851190e-01	-1.515276022775040032e-01	4.538468154687768513e-02	-2.082056299784562636e-01	1.000000000000000000e+00	-5.491052659826590743e-01	2.218452650881325428e-01	-5.638623387952885341e-02	1.784014679186420038e-01	-6.400451733862227988e-01	2.827429461347133466e-01	-2.082618241456137553e-01	1.017092324552169164e-01	-2.791274889720507524e-01	2.657472580648399529e-01	-2.581500565591230423e-01	2.135993070942299732e-01	-8.666930333528376218e-02
-4.496482376571809408e-02	3.965720627501583689e-02	-6.176682401961482854e-02	4.959581549420812724e-02	-5.994861892379633322e-02	5.822787383184043625e-02	-5.212978805087629258e-02	6.027868421588687686e-02	-6.357297746796043703e-02	8.246901727318307895e-02	-7.977751507040309331e-02	6.423445749940874527e-02	-8.368498941475707720e-02	7.094613086780396372e-02	-6.331673546161982469e-02	1.022034576864271210e-01	-8.694909907076812938e-02	9.398843278008285618e-02	-8.557695461044723118e-02	6.466708237035488638e-02	-1.711307629323255697e-01	1.571360554161636558e-01	-1.969141894734913467e-01	1.724077369010287575e-01	-5.125089014615795413e-02	1.406997888222402127e-01	-5.491052659826590743e-01	1.000000000000000444e+00	-4.389111812583441630e-01	6.241829670904158744e-02	-1.434652247384769208e-01	2.962522939553005052e-01	-4.885938285671738157e-01	2.773275528096446618e-01	-1.264213183108114924e-01	2.442300099859622819e-01	-2.770086568613182587e-01	2.564788439407847398e-01	-2.733874760857860076e-01	1.046583835499985682e-01
4.091293350747116087e-02	-3.634018911093571391e-02	5.613367014405943461e-02	-4.619290744407410221e-02	5.568471825306384876e-02	-5.382513215410929946e-02	4.730031357446630447e-02	-5.520826408699360671e-02	5.887101884180205580e-02	-7.984638554067043092e-02	7.192628302459858070e-02	-5.881292634144644899e-02	7.390921226086961948e-02	-6.680344875654618819e-02	6.009311551888245340e-02	-9.331013029774461176e-02	7.556621477184012614e-02	-8.334124229310629905e-02	7.892381379157799304e-02	-6.232993690017293864e-02	1.437424368326763180e-01	-1.322253549805813555e-01	1.272044310946480461e-01	-1.673239667986869406e-01	5.078015912709005208e-02	-1.180011708683680188e-01	2.218452650881325428e-01	-4.389111812583441630e-01	1.000000000000001998e+00	-6.366872010032906259e-02	1.149206507616048895e-01	-2.234490215573270711e-01	2.892087136533618708e-01	-7.345707883871085420e-01	1.299077227991125016e-01	-2.781850304808561880e-01	1.993579972686826129e-01	-2.385495013716656953e-01	2.556523172474391981e-01	-1.210456884551084356e-01
-6.901367365027574752e-02	5.942101345749285779e-02	-1.042437358101669653e-01	9.483096483309393088e-02	-1.293626208226772989e-01	7.373252118889231377e-02	-6.846189229944850407e-02	9.492463596814200433e-02	-1.322036603418457745e-01	1.638261073189661854e-01	-1.043783051656708150e-01	7.907304256901959150e-02	-1.150327142755659948e-01	1.439147600353431200e-01	-2.699898991431177175e-01	9.799325918940356150e-02	-8.751330253916680957e-02	1.104399988647369324e-01	-2.113594357421847980e-01	2.602224266666040564e-01	-1.453604552972965480e-01	1.076015144848945920e-01	-1.155720986048626997e-01	1.653971375040882708e-01	-8.639585973368738570e-01	5.042583270428799280e-02	-5.638623387952885341e-02	6.241829670904158744e-02	-6.366872010032906259e-02	1.000000000000000000e+00	-5.249122802691751771e-02	4.719575886448403035e-02	-5.174714881099881647e-02	4.932918210410517507e-02	-4.566017361401066010e-02	8.162377714744928348e-02	-5.399216645514341717e-02	4.923014602090203945e-02	-8.580774185409441313e-02	3.460342823693130648e-02
3.893601049617255450e-02	-3.475583951710881775e-02	5.266456723718576649e-02	-4.277021175503729900e-02	5.108308825429894173e-02	-5.286699835562849725e-02	4.611545453463330307e-02	-5.226131326343422256e-02	5.394030554206757921e-02	-7.345743682812728992e-02	6.998473541907386519e-02	-5.816176838686480666e-02	7.031088489175860157e-02	-6.084246959099020441e-02	5.331366727330808658e-02	-1.086656080676790814e-01	7.835646625973839707e-02	-8.073941912790108533e-02	6.958220773055305564e-02	-5.515141474948442174e-02	2.116617012948019960e-01	-1.355130038114981672e-01	9.771640512971718762e-02	-1.324976911638260368e-01	4.162350008650123750e-02	-8.671510506961926934e-01	1.784014679186420038e-01	-1.434652247384769208e-01	1.149206507616048895e-01	-5.249122802691751771e-02	1.000000000000000444e+00	-1.958265197325176898e-01	1.256988684228491082e-01	-9.988332733986239609e-02	7.884082641675177472e-02	-3.129181211411217745e-01	1.505690853697054798e-01	-1.244309874588487852e-01	1.614968024297675220e-01	-6.136706142527620367e-02
-3.417823478678212734e-02	3.025974991099724190e-02	-4.655443871777890930e-02	3.771653208450295724e-02	-4.555669520061405436e-02	4.506741807090698659e-02	-3.970155982057317623e-02	4.556930958299554996e-02	-4.795940642027602535e-02	6.408266938430588755e-02	-6.106076040590562026e-02	4.923448741808528900e-02	-6.172238894389125291e-02	5.354848591682485892e-02	-4.778905838088128022e-02	8.030491112751388105e-02	-6.450739771392902111e-02	6.893380318671023244e-02	-6.271812101697182840e-02	4.894140443874197416e-02	-1.408532152398053183e-01	1.125296073143873671e-01	-1.026755794234018998e-01	1.205876814063806118e-01	-3.797441171156066414e-02	1.666523944359931397e-01	-6.400451733862227988e-01	2.962522939553005052e-01	-2.234490215573270711e-01	4.719575886448403035e-02	-1.958265197325176898e-01	1.000000000000000888e+00	-4.140574063827994200e-01	1.996683374163987501e-01	-1.033151499310168697e-01	2.454027927917757645e-01	-4.791337140869894040e-01	2.775893269189846913e-01	-2.268560408942419393e-01	8.639732967030155919e-02
3.613314023401666131e-02	-3.204600691265199752e-02	4.940550438161232794e-02	-4.028829335988183546e-02	4.857446593730819356e-02	-4.758937882290923543e-02	4.191244754757147278e-02	-4.851819783220224364e-02	5.127179524793196858e-02	-6.894204805014837734e-02	6.402941287469658682e-02	-5.207138882510783245e-02	6.550052745190512726e-02	-5.772630955121044183e-02	5.147550895823430755e-02	-8.357093018086077241e-02	6.779661026917115085e-02	-7.394294233535993188e-02	6.779713409213511399e-02	-5.304357425165893286e-02	1.345530100724541267e-01	-1.203749505732365499e-01	1.163277502082265130e-01	-1.363551903585050185e-01	4.158555773725289978e-02	-1.255337605000956258e-01	2.827429461347133466e-01	-4.885938285671738157e-01	2.892087136533618708e-01	-5.174714881099881647e-02	1.256988684228491082e-01	-4.140574063827994200e-01	1.000000000000000888e+00	-4.420071110785191992e-01	1.169993064428529739e-01	-2.551803722115304485e-01	2.885895766159368159e-01	-5.010339258830641684e-01	2.570623730386787931e-01	-1.040418846114405799e-01
-3.304680620842326277e-02	2.929432274453517074e-02	-4.520299164061232500e-02	3.701332864642688930e-02	-4.476747257860947543e-02	4.344159218084137075e-02	-3.815169072374188092e-02	4.426560480814172027e-02	-4.714822979149305843e-02	6.368758467934194922e-02	-5.843607113099851674e-02	4.729239264992238928e-02	-5.936371623791416446e-02	5.294977242661446509e-02	-4.786861848009358461e-02	7.470032955516149598e-02	-6.041718592141504668e-02	6.608203085174423064e-02	-6.245783063647662031e-02	4.918683270599369384e-02	-1.196163080062656314e-01	1.030281632991335850e-01	-9.881754910190800045e-02	1.233112111735818611e-01	-3.972525782158448093e-02	9.916032351511981646e-02	-2.082618241456137553e-01	2.773275528096446618e-01	-7.345707883871085420e-01	4.932918210410517507e-02	-9.988332733986239609e-02	1.996683374163987501e-01	-4.420071110785191992e-01	1.000000000000000888e+00	-1.544601143832051993e-01	2.267103007254627489e-01	-2.011329815281991118e-01	2.307019279028085235e-01	-3.528555020589427826e-01	1.310405874348160027e-01
2.947819407134951927e-02	-2.635972413977291651e-02	4.007043309265878595e-02	-3.354723893100901300e-02	4.044490711682025008e-02	-3.975138971326157289e-02	3.406859612199602400e-02	-3.957742671094877790e-02	4.222823729029748230e-02	-6.053986213833516261e-02	5.187256678580807329e-02	-4.269191551464335266e-02	5.127808103534729767e-02	-4.774973771702120673e-02	4.324507306558532382e-02	-6.709229666615343368e-02	5.179029999499009523e-02	-5.740777328782719485e-02	5.405867864403978568e-02	-4.482438941001017085e-02	9.915916023317575267e-02	-8.513479996991893395e-02	7.049698953856262107e-02	-1.006220734501685893e-01	3.546820491141271237e-02	-8.161734144592261431e-02	1.017092324552169164e-01	-1.264213183108114924e-01	1.299077227991125016e-01	-4.566017361401066010e-02	7.884082641675177472e-02	-1.033151499310168697e-01	1.169993064428529739e-01	-1.544601143832051993e-01	1.000000000000000666e+00	-2.596600172687449359e-01	1.199780864515081064e-01	-1.429103419837832178e-01	2.571577745285196781e-01	-8.889092862248220150e-01
-6.593442326839364653e-02	5.771901342374811256e-02	-8.824501995080666350e-02	7.020050214126025145e-02	-8.625525163585780197e-02	8.641957496635728486e-02	-7.556374167718379886e-02	8.449979601947277263e-02	-8.896075070892481285e-02	1.166880030951513020e-01	-1.222781446589074894e-01	9.218942481658795596e-02	-1.135209789929349233e-01	9.583413960077288851e-02	-8.679511060685998758e-02	1.437940506632583437e-01	-1.138955012723089771e-01	1.204340796975801736e-01	-1.106983714197032065e-01	8.670784663526795444e-02	-3.040417993451336454e-01	1.762923248914573249e-01	-1.487271960241316193e-01	1.874317865110038395e-01	-6.568185039341811748e-02	2.250816920139456778e-01	-2.791274889720507524e-01	2.442300099859622819e-01	-2.781850304808561880e-01	8.162377714744928348e-02	-3.129181211411217745e-01	2.454027927917757645e-01	-2.551803722115304485e-01	2.267103007254627489e-01	-2.596600172687449359e-01	1.000000000000001332e+00	-4.170854137906521708e-01	2.737085800354644993e-01	-5.317323484566603975e-01	1.895192373991388957e-01
3.868531550295222637e-02	-3.433156790407015241e-02	5.256988770115807175e-02	-4.295151148300643124e-02	5.187628369682353163e-02	-5.137843630880883916e-02	4.484382676041813454e-02	-5.155608654791045409e-02	5.441286867167866026e-02	-7.418385596072389621e-02	6.904304596566235297e-02	-5.576450090514881858e-02	6.881576803393324449e-02	-6.092541565798090253e-02	5.440417712189438842e-02	-8.975224864437840455e-02	7.093676268764245729e-02	-7.690370995899165063e-02	7.042487507729396079e-02	-5.591229517101546642e-02	1.488636646621264992e-01	-1.211180454004981977e-01	1.062106916194719419e-01	-1.345070080297171289e-01	4.300018760939664647e-02	-1.484936760275820944e-01	2.657472580648399529e-01	-2.770086568613182587e-01	1.993579972686826129e-01	-5.399216645514341717e-02	1.505690853697054798e-01	-4.791337140869894040e-01	2.885895766159368159e-01	-2.011329815281991118e-01	1.199780864515081064e-01	-4.170854137906521708e-01	1.000000000000001110e+00	-6.329529928006218942e-01	2.656497441974586815e-01	-1.048948195699503094e-01
-3.525588560010355088e-02	3.122144434289870346e-02	-4.794643246498241085e-02	3.906528343223053534e-02	-4.730735774274008598e-02	4.655660353440588262e-02	-4.075113290479837058e-02	4.685409272655773061e-02	-4.959007163895662318e-02	6.707821893666289503e-02	-6.297329003262155944e-02	5.048498905118235097e-02	-6.276701604141717017e-02	5.527977858784342835e-02	-4.963848940489207218e-02	8.019109528345949589e-02	-6.415441555029038900e-02	6.953176904150171200e-02	-6.433282008402831098e-02	5.079466068916305144e-02	-1.348833062683349460e-01	1.081539242664258660e-01	-9.891322414076039737e-02	1.214459785236018941e-01	-3.940361963663095712e-02	1.191082828047318187e-01	-2.581500565591230423e-01	2.564788439407847398e-01	-2.385495013716656953e-01	4.923014602090203945e-02	-1.244309874588487852e-01	2.775893269189846913e-01	-5.010339258830641684e-01	2.307019279028085235e-01	-1.429103419837832178e-01	2.737085800354644993e-01	-6.329529928006218942e-01	1.000000000000001110e+00	-4.008616971643765847e-01	1.233316186968904382e-01
5.812407716167009020e-02	-5.198726433694629556e-02	7.900166828977479849e-02	-6.602920109611859489e-02	7.945597319448230444e-02	-7.844182403935225090e-02	6.731131126076679572e-02	-7.812641443421602938e-02	8.308804188376700539e-02	-1.188964262075823258e-01	1.023509012105087712e-01	-8.441916938252644331e-02	1.015133103392649450e-01	-9.411824459523730757e-02	8.433167970354325804e-02	-1.335971529931279100e-01	1.031492791788067021e-01	-1.141100596065882933e-01	1.064773440735825860e-01	-8.765342935525774481e-02	1.976763282211324857e-01	-1.714145830743580567e-01	1.422282852644108919e-01	-2.018757631094510452e-01	6.691950157578521741e-02	-1.678508739180964715e-01	2.135993070942299732e-01	-2.733874760857860076e-01	2.556523172474391981e-01	-8.580774185409441313e-02	1.614968024297675220e-01	-2.268560408942419393e-01	2.570623730386787931e-01	-3.528555020589427826e-01	2.571577745285196781e-01	-5.317323484566603975e-01	2.656497441974586815e-01	-4.008616971643765847e-01	1.000000000000001332e+00	-3.622248070976210599e-01
