1.000000000000000222e+00	-6.306076143319477856e-01	1.132739505609732106e-01	-4.709440336870558685e-02	4.802974317396271203e-02	-6.470953244635458956e-01	2.613081165920799198e-01	-1.500569778123243547e-01	9.230217855353640977e-02	-8.539618241221239026e-02	2.868106020378767829e-01	-2.623409996999298555e-01	1.287332361262762681e-01	-8.149328333537914082e-02	6.773519199751291964e-02	-8.529124573743368520e-02	8.304529120380191309e-02	-6.908679354758145985e-02	8.117418979438772997e-02	-6.567215704451163927e-02	6.392945542840253181e-02	-6.463371646054197339e-02	5.542827992916558172e-02	-7.996277926992448326e-02	6.245755910760889679e-02	-5.634399672557112437e-02	5.582480169595936681e-02	-5.271348727588540811e-02	4.512342863041021029e-02	-3.524501058329339298e-02	4.931494821608923412e-02	-5.422638431774524925e-02	4.997457760857925563e-02	-5.109014519912751656e-02	4.081306854126380557e-02	-4.154617434615751059e-02	3.854756785950752551e-02	-6.791179639911545940e-02	2.974929379542483321e-02	-2.576700852188602495e-02
-6.306076143319477856e-01	1.000000000000000222e+00	-1.668849314686572383e-01	6.514627827079678968e-02	-6.753259858877422306e-02	3.130962176998663415e-01	-5.068054117445756068e-01	2.001931525057366879e-01	-1.339732534619658133e-01	1.143066768622569701e-01	-3.915742325031396631e-01	2.811751854534442208e-01	-1.934886064358571911e-01	1.124141189079080061e-01	-9.580123434222802270e-02	9.829253661163153688e-02	-1.023153097531606520e-01	9.029574969244202887e-02	-1.149914417805933259e-01	8.915298706912323790e-02	-8.189292475270326666e-02	8.125358844098813649e-02	-7.339253182026633793e-02	1.042757411578824067e-01	-8.352444004818408707e-02	7.126261714572212913e-02	-7.252108254981388946e-02	6.831836061880960931e-02	-5.916816377949559586e-02	4.651031603807970205e-02	-6.415866535364515844e-02	6.993841954741948641e-02	-6.516998396315615283e-02	6.645529652566636858e-02	-5.411102394606609467e-02	5.347986018282665371e-02	-4.999066319378008688e-02	8.771166585869072385e-02	-3.926287887697220425e-02	3.388822410568934074e-02
1.132739505609732106e-01	-1.668849314686572383e-01	1.000000000000000444e+00	-2.567927785359868653e-01	1.952548188733220225e-01	-1.252337911610775789e-01	1.401883174624020401e-01	-2.063020871473771889e-01	1.736922811158976288e-01	-2.060293113010051580e-01	1.532889135754044452e-01	-1.653794471417558420e-01	1.873519702107056539e-01	-1.822582461384198993e-01	1.510842230261625341e-01	-1.369920350605906556e-01	1.301251447540348050e-01	-2.662731760151598182e-01	2.009316932441899128e-01	-1.794628805125423610e-01	2.013244121011626975e-01	-2.221624496233474133e-01	2.028768565055590889e-01	-4.910051739535302162e-01	2.737697810042069024e-01	-2.314096019417037076e-01	2.093569538646383732e-01	-2.239246538754400828e-01	2.092903776900453261e-01	-1.639666383405932737e-01	2.059470270208708931e-01	-2.831912022166562792e-01	2.401880273296733703e-01	-2.563630592306660461e-01	1.851760163712355411e-01	-2.112639602133837002e-01	1.920747355148931523e-01	-4.047749816316923432e-01	1.432251961070157842e-01	-1.287502908228124188e-01
-4.709440336870558685e-02	6.514627827079678968e-02	-2.567927785359868653e-01	9.999999999999998890e-01	-9.018871211921631881e-01	5.126927454978381926e-02	-6.660968712166799588e-02	1.190840647321786960e-01	-2.205090222319286974e-01	2.020370259001432744e-01	-6.394557216572874236e-02	6.950432321335386909e-02	-1.164606477281019542e-01	9.964806573564990999e-02	-1.003748495460482643e-01	4.280024727182663025e-02	-4.196938441402874032e-02	8.031735944515305814e-02	-9.953903091400669034e-02	9.121673368207790233e-02	-5.727345854549484999e-02	6.116265171495820219e-02	-6.214853200781260412e-02	1.162976672830247638e-01	-7.526372774188644366e-02	5.945431571285303418e-02	-5.857160982576027630e-02	6.057077776337592423e-02	-5.500830365786515269e-02	4.326381675207795208e-02	-5.430289271739105472e-02	6.889766047648153424e-02	-6.132324933348153734e-02	6.452499209708568995e-02	-4.952397571064501985e-02	5.140424348684511507e-02	-4.756733260092031734e-02	9.391382288054106464e-02	-3.704992983698390807e-02	3.270218822840102735e-02
4.802974317396271203e-02	-6.753259858877422306e-02	1.952548188733220225e-01	-9.018871211921631881e-01	1.000000000000000222e+00	-5.314202652402771898e-02	6.761081637628822694e-02	-1.227538404066349509e-01	1.902819483428486447e-01	-2.669446481475794553e-01	6.514045079396525717e-02	-7.239913966911942778e-02	1.139557504960186096e-01	-1.052853067956130012e-01	1.056736477301685462e-01	-4.545158410148961853e-02	4.427492687583754749e-02	-8.643171553735393142e-02	1.018983859455042801e-01	-1.004022000792608171e-01	6.105084794522087910e-02	-6.580519976440089847e-02	6.603427748960868926e-02	-1.274650724337513252e-01	8.024346768292420218e-02	-6.431245451185109430e-02	6.266785109710004686e-02	-6.530573284962394587e-02	5.926963068617405184e-02	-4.650255876563360452e-02	5.833152105989777153e-02	-7.496780434154123873e-02	6.625895254463795569e-02	-6.996075638366215654e-02	5.306386844052849577e-02	-5.587906858762910906e-02	5.156088393815529136e-02	-1.027444129819531093e-01	3.986928562707223178e-02	-3.529783345717232845e-02
-6.470953244635458956e-01	3.130962176998663415e-01	-1.252337911610775789e-01	5.126927454978381926e-02	-5.314202652402771898e-02	1.000000000000000666e+00	-3.329603413326733263e-01	1.582112427433976232e-01	-1.040561936526838704e-01	9.190677794222265606e-02	-5.711140096076094963e-01	2.676714932608053599e-01	-1.499691492011952787e-01	9.010293681730012494e-02	-7.614347238465343781e-02	9.267785800764521964e-02	-9.306960334827206471e-02	7.477314130622490784e-02	-9.177835776871019757e-02	7.199827679661388591e-02	-7.041160834319218353e-02	6.986782270105869330e-02	-6.076473142495756458e-02	8.501026360489834233e-02	-6.848145372982866741e-02	6.063023215536217370e-02	-6.099546893541795550e-02	5.700907236537003375e-02	-4.889956158594384317e-02	3.830326442365465656e-02	-5.373590792094395246e-02	5.804478757504952235e-02	-5.398310484709384349e-02	5.494610440731013956e-02	-4.451700580743919722e-02	4.454832413065546587e-02	-4.151410944126660701e-02	7.222176518709136350e-02	-3.230260606059199430e-02	2.787897186681303346e-02
2.613081165920799198e-01	-5.068054117445756068e-01	1.401883174624020401e-01	-6.660968712166799588e-02	6.761081637628822694e-02	-3.329603413326733263e-01	1.000000000000000666e+00	-3.762324682708261259e-01	1.551373095937095825e-01	-1.332276156410203138e-01	2.992389194807666408e-01	-5.979371584210185775e-01	2.170554693102493826e-01	-1.250977767033114307e-01	1.014179890341344314e-01	-1.157897350429608896e-01	1.181028484061691225e-01	-9.026331971807118049e-02	1.169158316007462006e-01	-9.430898707282110716e-02	8.131443357317418019e-02	-8.280037394051498190e-02	7.225625695401921567e-02	-9.771049771241464843e-02	7.784887217876487742e-02	-6.956397330218644370e-02	7.085832128512138672e-02	-6.644191109439333276e-02	5.624225848421745416e-02	-4.375278029645306849e-02	6.103057016374845850e-02	-6.620414776298477744e-02	6.180917386206608716e-02	-6.295917314626928163e-02	5.071609341556658490e-02	-5.062389915544138891e-02	4.719350190283366081e-02	-8.196552327842740460e-02	3.671998523239621698e-02	-3.171030415042294659e-02
-1.500569778123243547e-01	2.001931525057366879e-01	-2.063020871473771889e-01	1.190840647321786960e-01	-1.227538404066349509e-01	1.582112427433976232e-01	-3.762324682708261259e-01	1.000000000000000222e+00	-4.462415049183772742e-01	2.581619685063087921e-01	-1.945015060931120088e-01	2.277565275717188809e-01	-6.220769511779624672e-01	2.460253568402747670e-01	-2.034436812207019163e-01	8.782846834831276039e-02	-9.087546536531902752e-02	1.312598733841634502e-01	-2.205449729116012170e-01	1.693238855611363947e-01	-9.233335045211049641e-02	9.415143887254466548e-02	-1.036527419316319587e-01	1.350584924778113483e-01	-1.076380204870007462e-01	8.234535394966682742e-02	-8.965501149154381233e-02	8.769640012715740340e-02	-7.578969221043234394e-02	5.937299777885587937e-02	-7.666758249022070926e-02	8.562576817987811728e-02	-8.170623293556573963e-02	8.368722780093561242e-02	-6.907859402434857188e-02	6.424191083418188952e-02	-6.085315435670358986e-02	1.072643655562991738e-01	-4.958141137996144310e-02	4.269675131319113776e-02
9.230217855353640977e-02	-1.339732534619658133e-01	1.736922811158976288e-01	-2.205090222319286974e-01	1.902819483428486447e-01	-1.040561936526838704e-01	1.551373095937095825e-01	-4.462415049183772742e-01	1.000000000000000666e+00	-7.274531168216568089e-01	1.206662676352041330e-01	-1.492691811831132198e-01	2.579465453640465422e-01	-2.526153150224437205e-01	2.216274737601313660e-01	-6.586997625407126078e-02	6.574643847061655000e-02	-1.142062261243465826e-01	1.879672771070434734e-01	-1.980639056222479322e-01	7.512269971893506537e-02	-7.878196142581266048e-02	8.681689506444376092e-02	-1.238816036772772827e-01	9.224235891869203563e-02	-7.033339564503973684e-02	7.518801037636872742e-02	-7.563429648637454150e-02	6.572965328570012922e-02	-5.147961370605167591e-02	6.498116121051443483e-02	-7.566823549270261517e-02	7.101142050813616380e-02	-7.368981922533181239e-02	5.947147794189510533e-02	-5.639836419584744187e-02	5.314293740264691701e-02	-9.666194484001594533e-02	4.302969282088243974e-02	-3.731709720396141072e-02
-8.539618241221239026e-02	1.143066768622569701e-01	-2.060293113010051580e-01	2.020370259001432744e-01	-2.669446481475794553e-01	9.190677794222265606e-02	-1.332276156410203138e-01	2.581619685063087921e-01	-7.274531168216568089e-01	1.000000000000000666e+00	-1.168099190778928292e-01	1.274220084112372697e-01	-2.839075392248102681e-01	2.350790762285376034e-01	-3.572748564652328263e-01	6.526714742644949829e-02	-6.605926108640876315e-02	1.238184920058694738e-01	-2.296009703290326220e-01	2.155816114516298232e-01	-8.159811019932106113e-02	8.413292080761607117e-02	-9.778456109250038830e-02	1.322480464842416825e-01	-1.037710949321237058e-01	7.525524292994797970e-02	-8.264609149705279267e-02	8.232826531461312491e-02	-7.223879788715173444e-02	5.692263561090367407e-02	-7.115799949290479987e-02	8.141156258262460810e-02	-7.761047888564966135e-02	7.993667015036236279e-02	-6.620509434392002346e-02	6.068404963105044486e-02	-5.762035164769449547e-02	1.033815421804324119e-01	-4.756112333931632880e-02	4.101540339803826096e-02
2.868106020378767829e-01	-3.915742325031396631e-01	1.532889135754044452e-01	-6.394557216572874236e-02	6.514045079396525717e-02	-5.711140096076094963e-01	2.992389194807666408e-01	-1.945015060931120088e-01	1.206662676352041330e-01	-1.168099190778928292e-01	1.000000000000000444e+00	-5.704949712936001616e-01	1.680147220883849157e-01	-1.120670516568861436e-01	9.164978011846150463e-02	-1.702288570943518986e-01	1.526300609978151479e-01	-1.038932462333833212e-01	1.112117644643179221e-01	-9.173620551375778753e-02	1.043183230356268948e-01	-1.059605428708185332e-01	8.346221252374111388e-02	-1.181734764591284570e-01	9.236850763080096949e-02	-9.054310412664053065e-02	8.715080868802420333e-02	-8.108045918446155076e-02	6.810886226791890152e-02	-5.276954311024851380e-02	7.640342422257483113e-02	-8.304276401280670517e-02	7.594367576262135711e-02	-7.740314763682366872e-02	6.090181273399444123e-02	-6.409388481131435278e-02	5.898723436468791131e-02	-1.027674089952887171e-01	4.449641153101209501e-02	-3.859285150620743454e-02
-2.623409996999298555e-01	2.811751854534442208e-01	-1.653794471417558420e-01	6.950432321335386909e-02	-7.239913966911942778e-02	2.676714932608053599e-01	-5.979371584210185775e-01	2.277565275717188809e-01	-1.492691811831132198e-01	1.274220084112372697e-01	-5.704949712936001616e-01	1.000000000000000666e+00	-2.382056766399938685e-01	1.301786241178284897e-01	-1.085551037355871468e-01	1.682113821277592958e-01	-2.169917898535162482e-01	1.066551428278898206e-01	-1.309385776747871433e-01	1.008401489192195799e-01	-1.102614264749203904e-01	1.090887732354317990e-01	-8.837909471039208376e-02	1.143485239015686050e-01	-9.474577962241373386e-02	8.894924841709273000e-02	-9.114889798273409505e-02	8.196273096365384869e-02	-6.868423172475973670e-02	5.323103663502554150e-02	-7.744970748481457001e-02	8.083597853713667125e-02	-7.582998328082297956e-02	7.636397971524495898e-02	-6.186019641231578492e-02	6.247702144528616969e-02	-5.819804028477437718e-02	9.861867443768410069e-02	-4.469335431701318417e-02	3.847195441600001486e-02
1.287332361262762681e-01	-1.934886064358571911e-01	1.873519702107056539e-01	-1.164606477281019542e-01	1.139557504960186096e-01	-1.499691492011952787e-01	2.170554693102493826e-01	-6.220769511779624672e-01	2.579465453640465422e-01	-2.839075392248102681e-01	1.680147220883849157e-01	-2.382056766399938685e-01	1.000000000000001998e+00	-5.010428126410125804e-01	2.305710100304393662e-01	-9.191923958864359201e-02	9.128557393022697364e-02	-1.633393437048437924e-01	2.443756852541392466e-01	-2.211386485301388150e-01	9.706985393630641890e-02	-1.035356389012128675e-01	1.155370666731035667e-01	-1.527205309954131895e-01	1.137183013776790069e-01	-8.916172705186704850e-02	9.688451589758605154e-02	-9.826367637955479850e-02	8.270749652857928291e-02	-6.402248014968510426e-02	8.132348930070634752e-02	-9.365632424874821560e-02	8.867498580323364410e-02	-9.209031471887145492e-02	7.374217217877844510e-02	-6.953683422478572351e-02	6.563811751810652573e-02	-1.171523060362802959e-01	5.303873698311101226e-02	-4.593625142870272349e-02
-8.149328333537914082e-02	1.124141189079080061e-01	-1.822582461384198993e-01	9.964806573564990999e-02	-1.052853067956130012e-01	9.010293681730012494e-02	-1.250977767033114307e-01	2.460253568402747670e-01	-2.526153150224437205e-01	2.350790762285376034e-01	-1.120670516568861436e-01	1.301786241178284897e-01	-5.010428126410125804e-01	1.000000000000000222e+00	-5.005606872094238158e-01	6.981589241688669623e-02	-7.107607746998180487e-02	1.692575400162329713e-01	-5.279664647513621079e-01	3.023326589392990038e-01	-9.129671986300202935e-02	9.552025280818250697e-02	-1.290803653008796570e-01	1.431031483581052255e-01	-1.154314057190287124e-01	8.114685271901626862e-02	-9.606413349753949171e-02	9.632996586860093080e-02	-8.163677641186008194e-02	6.310134601582167990e-02	-7.731913448673487232e-02	8.657556035448796261e-02	-8.563857969688229432e-02	8.740070331553133343e-02	-7.339615171905794488e-02	6.384308099877805676e-02	-6.137290255980036580e-02	1.062367894192889906e-01	-5.177997351459123765e-02	4.436719461548059573e-02
6.773519199751291964e-02	-9.580123434222802270e-02	1.510842230261625341e-01	-1.003748495460482643e-01	1.056736477301685462e-01	-7.614347238465343781e-02	1.014179890341344314e-01	-2.034436812207019163e-01	2.216274737601313660e-01	-3.572748564652328263e-01	9.164978011846150463e-02	-1.085551037355871468e-01	2.305710100304393662e-01	-5.005606872094238158e-01	1.000000000000000444e+00	-5.824556215266486064e-02	5.843873659220599065e-02	-1.375132669357993775e-01	3.062441950845750105e-01	-6.714290746939335364e-01	7.464563984144886866e-02	-7.932036298576550237e-02	1.000331718996600172e-01	-1.232703536548748896e-01	9.570425017245658139e-02	-6.807615679829812083e-02	7.808805226391431209e-02	-7.954565371679903074e-02	6.753247761684477712e-02	-5.261676352217573710e-02	6.401400746179551626e-02	-7.319911825204404587e-02	7.108447436922321616e-02	-7.361155473529758242e-02	6.068176393756935516e-02	-5.391994693044185188e-02	5.150665925472356493e-02	-9.077792264729844796e-02	4.307147046767045850e-02	-3.712459272982807090e-02
-8.529124573743368520e-02	9.829253661163153688e-02	-1.369920350605906556e-01	4.280024727182663025e-02	-4.545158410148961853e-02	9.267785800764521964e-02	-1.157897350429608896e-01	8.782846834831276039e-02	-6.586997625407126078e-02	6.526714742644949829e-02	-1.702288570943518986e-01	1.682113821277592958e-01	-9.191923958864359201e-02	6.981589241688669623e-02	-5.824556215266486064e-02	9.999999999999983347e-01	-8.709209571700313735e-01	1.198754157166632694e-01	-8.321967914451776360e-02	6.310128212654657343e-02	-3.023777352900707815e-01	2.140745173014450553e-01	-1.123698616666085337e-01	1.086733628644120930e-01	-1.030036657418076929e-01	1.551072972515701309e-01	-1.494606474469593327e-01	1.105582466151716903e-01	-8.292279886514436482e-02	6.070635453772691564e-02	-1.184708920461661485e-01	9.985776196513337921e-02	-9.452759247997453984e-02	8.952081985783863494e-02	-7.017676317230675531e-02	8.271586682404341584e-02	-7.555217429986653410e-02	1.110630212892121382e-01	-5.047357078577713319e-02	4.311709458116028126e-02
8.304529120380191309e-02	-1.023153097531606520e-01	1.301251447540348050e-01	-4.196938441402874032e-02	4.427492687583754749e-02	-9.306960334827206471e-02	1.181028484061691225e-01	-9.087546536531902752e-02	6.574643847061655000e-02	-6.605926108640876315e-02	1.526300609978151479e-01	-2.169917898535162482e-01	9.128557393022697364e-02	-7.107607746998180487e-02	5.843873659220599065e-02	-8.709209571700313735e-01	9.999999999999990008e-01	-1.316144414754345238e-01	8.365393933494164047e-02	-6.442614089346887507e-02	2.217035730222544077e-01	-2.719545029561644678e-01	1.156411940541556410e-01	-1.097609882686954169e-01	9.987360651898101460e-02	-1.542221417609444534e-01	1.479767731293997746e-01	-1.157745296614890451e-01	8.290789007585278036e-02	-6.022133530813716246e-02	1.094680537893829020e-01	-1.016436608490482174e-01	9.409936954710981794e-02	-9.110127698739742264e-02	6.879091056825907546e-02	-8.226862568830195510e-02	7.392153785649357989e-02	-1.123456831401166006e-01	4.964389856337703133e-02	-4.271859224099763819e-02
-6.908679354758145985e-02	9.029574969244202887e-02	-2.662731760151598182e-01	8.031735944515305814e-02	-8.643171553735393142e-02	7.477314130622490784e-02	-9.026331971807118049e-02	1.312598733841634502e-01	-1.142062261243465826e-01	1.238184920058694738e-01	-1.038932462333833212e-01	1.066551428278898206e-01	-1.633393437048437924e-01	1.692575400162329713e-01	-1.375132669357993775e-01	1.198754157166632694e-01	-1.316144414754345238e-01	1.000000000000001332e+00	-3.299054925965932972e-01	1.688820246199104202e-01	-2.115773910264087121e-01	2.281941487620575693e-01	-7.119996409411628591e-01	2.168024849489447181e-01	-2.160886467584785253e-01	1.631811574133358589e-01	-2.631659869019433717e-01	2.642756203490319589e-01	-1.887606899927902204e-01	1.272372702728389593e-01	-1.613330388673282767e-01	1.705134519898414691e-01	-1.945706576106884800e-01	1.784855910955457092e-01	-1.475432225573432565e-01	1.214294004369278618e-01	-1.216774216188452190e-01	1.895453415571819455e-01	-1.004726832625166821e-01	8.491719558581771465e-02
8.117418979438772997e-02	-1.149914417805933259e-01	2.009316932441899128e-01	-9.953903091400669034e-02	1.018983859455042801e-01	-9.177835776871019757e-02	1.169158316007462006e-01	-2.205449729116012170e-01	1.879672771070434734e-01	-2.296009703290326220e-01	1.112117644643179221e-01	-1.309385776747871433e-01	2.443756852541392466e-01	-5.279664647513621079e-01	3.062441950845750105e-01	-8.321967914451776360e-02	8.365393933494164047e-02	-3.299054925965932972e-01	1.000000000000001776e+00	-5.745119707999788439e-01	1.145435021138574289e-01	-1.278109049518779128e-01	1.823586015914719638e-01	-2.064991378190661475e-01	1.462573565633128181e-01	-1.035514698066899858e-01	1.258973053404686682e-01	-1.345028384903129703e-01	1.078502015233463729e-01	-8.169909482489427777e-02	9.678974862322822781e-02	-1.114832175503527451e-01	1.105634673656610001e-01	-1.150970509996305929e-01	9.373337807957771162e-02	-8.076074821544564075e-02	7.770613797627969055e-02	-1.348354614824560649e-01	6.574741148424428916e-02	-5.658318967938461008e-02
-6.567215704451163927e-02	8.915298706912323790e-02	-1.794628805125423610e-01	9.121673368207790233e-02	-1.004022000792608171e-01	7.199827679661388591e-02	-9.430898707282110716e-02	1.693238855611363947e-01	-1.980639056222479322e-01	2.155816114516298232e-01	-9.173620551375778753e-02	1.008401489192195799e-01	-2.211386485301388150e-01	3.023326589392990038e-01	-6.714290746939335364e-01	6.310128212654657343e-02	-6.442614089346887507e-02	1.688820246199104202e-01	-5.745119707999788439e-01	1.000000000000000222e+00	-8.945631661000605361e-02	9.310848634861983164e-02	-1.318510062164406638e-01	1.410728555977837639e-01	-1.193167932036764828e-01	7.893423796390196256e-02	-9.575734337235948523e-02	9.576828110893094437e-02	-8.180258182658510513e-02	6.382566681439431899e-02	-7.631876116099275964e-02	8.485741404273995647e-02	-8.505313841416328735e-02	8.667276457616414354e-02	-7.409781142052572489e-02	6.240419278136959819e-02	-6.034571681224393247e-02	1.035882208049400954e-01	-5.187853449274867218e-02	4.436844508800241726e-02
6.392945542840253181e-02	-8.189292475270326666e-02	2.013244121011626975e-01	-5.727345854549484999e-02	6.105084794522087910e-02	-7.041160834319218353e-02	8.131443357317418019e-02	-9.233335045211049641e-02	7.512269971893506537e-02	-8.159811019932106113e-02	1.043183230356268948e-01	-1.102614264749203904e-01	9.706985393630641890e-02	-9.129671986300202935e-02	7.464563984144886866e-02	-3.023777352900707815e-01	2.217035730222544077e-01	-2.115773910264087121e-01	1.145435021138574289e-01	-8.945631661000605361e-02	1.000000000000001332e+00	-5.371142469848516621e-01	1.891859218626945893e-01	-1.859072350582404443e-01	1.704418559691157908e-01	-5.707094109599418763e-01	2.586949454236587842e-01	-2.102919296201187782e-01	1.459391525910263276e-01	-1.056024206138030386e-01	2.500035727632490268e-01	-2.017234776187707135e-01	1.739987831453005951e-01	-1.652917335535152021e-01	1.197088206345494621e-01	-1.837187264329921965e-01	1.509520814048540827e-01	-2.170937455890412093e-01	8.823321261736516430e-02	-7.624911913970160160e-02
-6.463371646054197339e-02	8.125358844098813649e-02	-2.221624496233474133e-01	6.116265171495820219e-02	-6.580519976440089847e-02	6.986782270105869330e-02	-8.280037394051498190e-02	9.415143887254466548e-02	-7.878196142581266048e-02	8.413292080761607117e-02	-1.059605428708185332e-01	1.090887732354317990e-01	-1.035356389012128675e-01	9.552025280818250697e-02	-7.932036298576550237e-02	2.140745173014450553e-01	-2.719545029561644678e-01	2.281941487620575693e-01	-1.278109049518779128e-01	9.310848634861983164e-02	-5.371142469848516621e-01	1.000000000000001110e+00	-3.079786082498846556e-01	1.874553951537717145e-01	-1.895768856321093376e-01	2.548233583384856837e-01	-5.571346097282968701e-01	2.661389805958439547e-01	-1.742024176256496415e-01	1.170366546786983097e-01	-2.096667225110402932e-01	1.862436580979556500e-01	-1.909754901239433256e-01	1.741151620632353514e-01	-1.335882738576272821e-01	1.429381017522083630e-01	-1.370559615281613519e-01	1.946508096863751591e-01	-9.334543160940395046e-02	7.944758037194821210e-02
5.542827992916558172e-02	-7.339253182026633793e-02	2.028768565055590889e-01	-6.214853200781260412e-02	6.603427748960868926e-02	-6.076473142495756458e-02	7.225625695401921567e-02	-1.036527419316319587e-01	8.681689506444376092e-02	-9.778456109250038830e-02	8.346221252374111388e-02	-8.837909471039208376e-02	1.155370666731035667e-01	-1.290803653008796570e-01	1.000331718996600172e-01	-1.123698616666085337e-01	1.156411940541556410e-01	-7.119996409411628591e-01	1.823586015914719638e-01	-1.318510062164406638e-01	1.891859218626945893e-01	-3.079786082498846556e-01	1.000000000000000222e+00	-2.147855606108691751e-01	1.808993839789146962e-01	-1.585100737575118324e-01	2.623954028649745363e-01	-4.543569408603820303e-01	1.855532856248520435e-01	-1.199213323456586044e-01	1.400856775841163027e-01	-1.691754659940754579e-01	1.830825488952258495e-01	-1.854901111326707486e-01	1.296044866547647889e-01	-1.124579622733909157e-01	1.110211801534600751e-01	-1.800976905369851833e-01	8.836054851461588866e-02	-7.643643594446467016e-02
-7.996277926992448326e-02	1.042757411578824067e-01	-4.910051739535302162e-01	1.162976672830247638e-01	-1.274650724337513252e-01	8.501026360489834233e-02	-9.771049771241464843e-02	1.350584924778113483e-01	-1.238816036772772827e-01	1.322480464842416825e-01	-1.181734764591284570e-01	1.143485239015686050e-01	-1.527205309954131895e-01	1.431031483581052255e-01	-1.232703536548748896e-01	1.086733628644120930e-01	-1.097609882686954169e-01	2.168024849489447181e-01	-2.064991378190661475e-01	1.410728555977837639e-01	-1.859072350582404443e-01	1.874553951537717145e-01	-2.147855606108691751e-01	1.000000000000000000e+00	-5.755874556111358897e-01	1.757669805944591934e-01	-2.111842822084994964e-01	2.146206893485786693e-01	-3.115033515892330906e-01	2.469513484000797621e-01	-1.812839078679186200e-01	2.110524791436354242e-01	-2.197763323958402404e-01	2.641145951440487805e-01	-3.003435012729657738e-01	1.521922674733812153e-01	-1.506618602259471029e-01	2.658033560230506631e-01	-1.919367987679617138e-01	1.585722018930093846e-01
6.245755910760889679e-02	-8.352444004818408707e-02	2.737697810042069024e-01	-7.526372774188644366e-02	8.024346768292420218e-02	-6.848145372982866741e-02	7.784887217876487742e-02	-1.076380204870007462e-01	9.224235891869203563e-02	-1.037710949321237058e-01	9.236850763080096949e-02	-9.474577962241373386e-02	1.137183013776790069e-01	-1.154314057190287124e-01	9.570425017245658139e-02	-1.030036657418076929e-01	9.987360651898101460e-02	-2.160886467584785253e-01	1.462573565633128181e-01	-1.193167932036764828e-01	1.704418559691157908e-01	-1.895768856321093376e-01	1.808993839789146962e-01	-5.755874556111358897e-01	1.000000000000001332e+00	-1.863476984666677660e-01	1.939100994127829214e-01	-2.211777668908598560e-01	2.726680825329155233e-01	-4.545774958667594956e-01	1.750313099775530623e-01	-2.466008041653823812e-01	2.271790022585970792e-01	-3.317222947926199983e-01	2.900544330702283236e-01	-1.718917892232230127e-01	1.637178704494978154e-01	-3.353484045333222641e-01	1.836857841337669606e-01	-1.919762597722916020e-01
-5.634399672557112437e-02	7.126261714572212913e-02	-2.314096019417037076e-01	5.945431571285303418e-02	-6.431245451185109430e-02	6.063023215536217370e-02	-6.956397330218644370e-02	8.234535394966682742e-02	-7.033339564503973684e-02	7.525524292994797970e-02	-9.054310412664053065e-02	8.894924841709273000e-02	-8.916172705186704850e-02	8.114685271901626862e-02	-6.807615679829812083e-02	1.551072972515701309e-01	-1.542221417609444534e-01	1.631811574133358589e-01	-1.035514698066899858e-01	7.893423796390196256e-02	-5.707094109599418763e-01	2.548233583384856837e-01	-1.585100737575118324e-01	1.757669805944591934e-01	-1.863476984666677660e-01	1.000000000000001332e+00	-2.601790088417524349e-01	1.784273197619247187e-01	-1.424393107435835137e-01	1.068021835305725115e-01	-5.911774267653556736e-01	1.993390763064179505e-01	-1.808383543782902392e-01	1.541313566039040350e-01	-1.261161105917936454e-01	2.261602767673972503e-01	-1.983420472716558025e-01	2.154222866730560459e-01	-9.322236210399066636e-02	7.826043131665046115e-02
5.582480169595936681e-02	-7.252108254981388946e-02	2.093569538646383732e-01	-5.857160982576027630e-02	6.266785109710004686e-02	-6.099546893541795550e-02	7.085832128512138672e-02	-8.965501149154381233e-02	7.518801037636872742e-02	-8.264609149705279267e-02	8.715080868802420333e-02	-9.114889798273409505e-02	9.688451589758605154e-02	-9.606413349753949171e-02	7.808805226391431209e-02	-1.494606474469593327e-01	1.479767731293997746e-01	-2.631659869019433717e-01	1.258973053404686682e-01	-9.575734337235948523e-02	2.586949454236587842e-01	-5.571346097282968701e-01	2.623954028649745363e-01	-2.111842822084994964e-01	1.939100994127829214e-01	-2.601790088417524349e-01	1.000000000000000222e+00	-5.754859780308410055e-01	2.153041277953574584e-01	-1.383871475027213804e-01	1.866621907627634969e-01	-2.468915729161205441e-01	2.266777118672675950e-01	-2.313069839989278231e-01	1.455344648127941121e-01	-1.529886685353332165e-01	1.467491364076013161e-01	-2.249390913636301059e-01	1.012977728666175081e-01	-8.863562922515030862e-02
-5.271348727588540811e-02	6.831836061880960931e-02	-2.239246538754400828e-01	6.057077776337592423e-02	-6.530573284962394587e-02	5.700907236537003375e-02	-6.644191109439333276e-02	8.769640012715740340e-02	-7.563429648637454150e-02	8.232826531461312491e-02	-8.108045918446155076e-02	8.196273096365384869e-02	-9.826367637955479850e-02	9.632996586860093080e-02	-7.954565371679903074e-02	1.105582466151716903e-01	-1.157745296614890451e-01	2.642756203490319589e-01	-1.345028384903129703e-01	9.576828110893094437e-02	-2.102919296201187782e-01	2.661389805958439547e-01	-4.543569408603820303e-01	2.146206893485786693e-01	-2.211777668908598560e-01	1.784273197619247187e-01	-5.754859780308410055e-01	1.000000000000001776e+00	-3.776951930487102982e-01	1.647069312442490940e-01	-1.681783846397894300e-01	2.202990276246781787e-01	-3.270797284137790251e-01	2.556885010363919020e-01	-1.742646103862345308e-01	1.339449006268590148e-01	-1.392813235134119365e-01	2.178838659231754904e-01	-1.119717453370612792e-01	9.644290249910753010e-02
4.512342863041021029e-02	-5.916816377949559586e-02	2.092903776900453261e-01	-5.500830365786515269e-02	5.926963068617405184e-02	-4.889956158594384317e-02	5.624225848421745416e-02	-7.578969221043234394e-02	6.572965328570012922e-02	-7.223879788715173444e-02	6.810886226791890152e-02	-6.868423172475973670e-02	8.270749652857928291e-02	-8.163677641186008194e-02	6.753247761684477712e-02	-8.292279886514436482e-02	8.290789007585278036e-02	-1.887606899927902204e-01	1.078502015233463729e-01	-8.180258182658510513e-02	1.459391525910263276e-01	-1.742024176256496415e-01	1.855532856248520435e-01	-3.115033515892330906e-01	2.726680825329155233e-01	-1.424393107435835137e-01	2.153041277953574584e-01	-3.776951930487102982e-01	1.000000000000000222e+00	-3.995788607443166995e-01	1.378438365860890635e-01	-2.009269657500520334e-01	2.323396941870296273e-01	-6.715798715248358919e-01	2.647795129266288239e-01	-1.220322319228706459e-01	1.247079015386360346e-01	-2.190971878958063168e-01	1.484364937096409598e-01	-1.383673754941786571e-01
-3.524501058329339298e-02	4.651031603807970205e-02	-1.639666383405932737e-01	4.326381675207795208e-02	-4.650255876563360452e-02	3.830326442365465656e-02	-4.375278029645306849e-02	5.937299777885587937e-02	-5.147961370605167591e-02	5.692263561090367407e-02	-5.276954311024851380e-02	5.323103663502554150e-02	-6.402248014968510426e-02	6.310134601582167990e-02	-5.261676352217573710e-02	6.070635453772691564e-02	-6.022133530813716246e-02	1.272372702728389593e-01	-8.169909482489427777e-02	6.382566681439431899e-02	-1.056024206138030386e-01	1.170366546786983097e-01	-1.199213323456586044e-01	2.469513484000797621e-01	-4.545774958667594956e-01	1.068021835305725115e-01	-1.383871475027213804e-01	1.647069312442490940e-01	-3.995788607443166995e-01	1.000000000000001554e+00	-1.049223352326465047e-01	1.444823012571506693e-01	-1.547772463472061599e-01	2.668456913019806587e-01	-7.042211764295802645e-01	9.605124142002535725e-02	-9.614709818605285396e-02	1.830551663261818507e-01	-1.923075793893651020e-01	1.843122882269580542e-01
4.931494821608923412e-02	-6.415866535364515844e-02	2.059470270208708931e-01	-5.430289271739105472e-02	5.833152105989777153e-02	-5.373590792094395246e-02	6.103057016374845850e-02	-7.666758249022070926e-02	6.498116121051443483e-02	-7.115799949290479987e-02	7.640342422257483113e-02	-7.744970748481457001e-02	8.132348930070634752e-02	-7.731913448673487232e-02	6.401400746179551626e-02	-1.184708920461661485e-01	1.094680537893829020e-01	-1.613330388673282767e-01	9.678974862322822781e-02	-7.631876116099275964e-02	2.500035727632490268e-01	-2.096667225110402932e-01	1.400856775841163027e-01	-1.812839078679186200e-01	1.750313099775530623e-01	-5.911774267653556736e-01	1.866621907627634969e-01	-1.681783846397894300e-01	1.378438365860890635e-01	-1.049223352326465047e-01	1.000000000000000222e+00	-2.834378676246324114e-01	2.027949182259778105e-01	-1.635051244461895592e-01	1.223642946533049919e-01	-5.302414408886230168e-01	2.678558204148573374e-01	-3.008283049996010039e-01	9.710813231419876401e-02	-8.319760735397992157e-02
-5.422638431774524925e-02	6.993841954741948641e-02	-2.831912022166562792e-01	6.889766047648153424e-02	-7.496780434154123873e-02	5.804478757504952235e-02	-6.620414776298477744e-02	8.562576817987811728e-02	-7.566823549270261517e-02	8.141156258262460810e-02	-8.304276401280670517e-02	8.083597853713667125e-02	-9.365632424874821560e-02	8.657556035448796261e-02	-7.319911825204404587e-02	9.985776196513337921e-02	-1.016436608490482174e-01	1.705134519898414691e-01	-1.114832175503527451e-01	8.485741404273995647e-02	-2.017234776187707135e-01	1.862436580979556500e-01	-1.691754659940754579e-01	2.110524791436354242e-01	-2.466008041653823812e-01	1.993390763064179505e-01	-2.468915729161205441e-01	2.202990276246781787e-01	-2.009269657500520334e-01	1.444823012571506693e-01	-2.834378676246324114e-01	1.000000000000000222e+00	-6.199869094515223500e-01	2.266662700316107726e-01	-1.746389187037825919e-01	2.562128411905343350e-01	-4.616952670451927587e-01	3.156473676719806498e-01	-1.316250133738718076e-01	1.074837351132766350e-01
4.997457760857925563e-02	-6.516998396315615283e-02	2.401880273296733703e-01	-6.132324933348153734e-02	6.625895254463795569e-02	-5.398310484709384349e-02	6.180917386206608716e-02	-8.170623293556573963e-02	7.101142050813616380e-02	-7.761047888564966135e-02	7.594367576262135711e-02	-7.582998328082297956e-02	8.867498580323364410e-02	-8.563857969688229432e-02	7.108447436922321616e-02	-9.452759247997453984e-02	9.409936954710981794e-02	-1.945706576106884800e-01	1.105634673656610001e-01	-8.505313841416328735e-02	1.739987831453005951e-01	-1.909754901239433256e-01	1.830825488952258495e-01	-2.197763323958402404e-01	2.271790022585970792e-01	-1.808383543782902392e-01	2.266777118672675950e-01	-3.270797284137790251e-01	2.323396941870296273e-01	-1.547772463472061599e-01	2.027949182259778105e-01	-6.199869094515223500e-01	1.000000000000000888e+00	-3.622094156886424554e-01	1.751350163987363540e-01	-2.093257407771055567e-01	2.438675292304026132e-01	-4.746901391326592279e-01	1.353455665303464062e-01	-1.149565372833587784e-01
-5.109014519912751656e-02	6.645529652566636858e-02	-2.563630592306660461e-01	6.452499209708568995e-02	-6.996075638366215654e-02	5.494610440731013956e-02	-6.295917314626928163e-02	8.368722780093561242e-02	-7.368981922533181239e-02	7.993667015036236279e-02	-7.740314763682366872e-02	7.636397971524495898e-02	-9.209031471887145492e-02	8.740070331553133343e-02	-7.361155473529758242e-02	8.952081985783863494e-02	-9.110127698739742264e-02	1.784855910955457092e-01	-1.150970509996305929e-01	8.667276457616414354e-02	-1.652917335535152021e-01	1.741151620632353514e-01	-1.854901111326707486e-01	2.641145951440487805e-01	-3.317222947926199983e-01	1.541313566039040350e-01	-2.313069839989278231e-01	2.556885010363919020e-01	-6.715798715248358919e-01	2.668456913019806587e-01	-1.635051244461895592e-01	2.266662700316107726e-01	-3.622094156886424554e-01	1.000000000000001110e+00	-3.298876813273577957e-01	1.381516269139444475e-01	-1.487338176274376755e-01	2.450669449514179810e-01	-2.011232760975137646e-01	1.614423108645680338e-01
4.081306854126380557e-02	-5.411102394606609467e-02	1.851760163712355411e-01	-4.952397571064501985e-02	5.306386844052849577e-02	-4.451700580743919722e-02	5.071609341556658490e-02	-6.907859402434857188e-02	5.947147794189510533e-02	-6.620509434392002346e-02	6.090181273399444123e-02	-6.186019641231578492e-02	7.374217217877844510e-02	-7.339615171905794488e-02	6.068176393756935516e-02	-7.017676317230675531e-02	6.879091056825907546e-02	-1.475432225573432565e-01	9.373337807957771162e-02	-7.409781142052572489e-02	1.197088206345494621e-01	-1.335882738576272821e-01	1.296044866547647889e-01	-3.003435012729657738e-01	2.900544330702283236e-01	-1.261161105917936454e-01	1.455344648127941121e-01	-1.742646103862345308e-01	2.647795129266288239e-01	-7.042211764295802645e-01	1.223642946533049919e-01	-1.746389187037825919e-01	1.751350163987363540e-01	-3.298876813273577957e-01	1.000000000000001110e+00	-1.164781676100049013e-01	1.152932504994792495e-01	-2.326607276750292108e-01	2.340839257304331289e-01	-3.409397606212439813e-01
-4.154617434615751059e-02	5.347986018282665371e-02	-2.112639602133837002e-01	5.140424348684511507e-02	-5.587906858762910906e-02	4.454832413065546587e-02	-5.062389915544138891e-02	6.424191083418188952e-02	-5.639836419584744187e-02	6.068404963105044486e-02	-6.409388481131435278e-02	6.247702144528616969e-02	-6.953683422478572351e-02	6.384308099877805676e-02	-5.391994693044185188e-02	8.271586682404341584e-02	-8.226862568830195510e-02	1.214294004369278618e-01	-8.076074821544564075e-02	6.240419278136959819e-02	-1.837187264329921965e-01	1.429381017522083630e-01	-1.124579622733909157e-01	1.521922674733812153e-01	-1.718917892232230127e-01	2.261602767673972503e-01	-1.529886685353332165e-01	1.339449006268590148e-01	-1.220322319228706459e-01	9.605124142002535725e-02	-5.302414408886230168e-01	2.562128411905343350e-01	-2.093257407771055567e-01	1.381516269139444475e-01	-1.164781676100049013e-01	1.000000000000000888e+00	-6.836240494992078531e-01	2.533763539010399080e-01	-9.310906151303730005e-02	7.590378424718126349e-02
3.854756785950752551e-02	-4.999066319378008688e-02	1.920747355148931523e-01	-4.756733260092031734e-02	5.156088393815529136e-02	-4.151410944126660701e-02	4.719350190283366081e-02	-6.085315435670358986e-02	5.314293740264691701e-02	-5.762035164769449547e-02	5.898723436468791131e-02	-5.819804028477437718e-02	6.563811751810652573e-02	-6.137290255980036580e-02	5.150665925472356493e-02	-7.555217429986653410e-02	7.392153785649357989e-02	-1.216774216188452190e-01	7.770613797627969055e-02	-6.034571681224393247e-02	1.509520814048540827e-01	-1.370559615281613519e-01	1.110211801534600751e-01	-1.506618602259471029e-01	1.637178704494978154e-01	-1.983420472716558025e-01	1.467491364076013161e-01	-1.392813235134119365e-01	1.247079015386360346e-01	-9.614709818605285396e-02	2.678558204148573374e-01	-4.616952670451927587e-01	2.438675292304026132e-01	-1.487338176274376755e-01	1.152932504994792495e-01	-6.836240494992078531e-01	1.000000000000001332e+00	-4.009591370483950312e-01	9.716019872465109231e-02	-8.041185365041071675e-02
-6.791179639911545940e-02	8.771166585869072385e-02	-4.047749816316923432e-01	9.391382288054106464e-02	-1.027444129819531093e-01	7.222176518709136350e-02	-8.196552327842740460e-02	1.072643655562991738e-01	-9.666194484001594533e-02	1.033815421804324119e-01	-1.027674089952887171e-01	9.861867443768410069e-02	-1.171523060362802959e-01	1.062367894192889906e-01	-9.077792264729844796e-02	1.110630212892121382e-01	-1.123456831401166006e-01	1.895453415571819455e-01	-1.348354614824560649e-01	1.035882208049400954e-01	-2.170937455890412093e-01	1.946508096863751591e-01	-1.800976905369851833e-01	2.658033560230506631e-01	-3.353484045333222641e-01	2.154222866730560459e-01	-2.249390913636301059e-01	2.178838659231754904e-01	-2.190971878958063168e-01	1.830551663261818507e-01	-3.008283049996010039e-01	3.156473676719806498e-01	-4.746901391326592279e-01	2.450669449514179810e-01	-2.326607276750292108e-01	2.533763539010399080e-01	-4.009591370483950312e-01	1.000000000000001110e+00	-2.355425531552766127e-01	1.687430630347489247e-01
2.974929379542483321e-02	-3.926287887697220425e-02	1.432251961070157842e-01	-3.704992983698390807e-02	3.986928562707223178e-02	-3.230260606059199430e-02	3.671998523239621698e-02	-4.958141137996144310e-02	4.302969282088243974e-02	-4.756112333931632880e-02	4.449641153101209501e-02	-4.469335431701318417e-02	5.303873698311101226e-02	-5.177997351459123765e-02	4.307147046767045850e-02	-5.047357078577713319e-02	4.964389856337703133e-02	-1.004726832625166821e-01	6.574741148424428916e-02	-5.187853449274867218e-02	8.823321261736516430e-02	-9.334543160940395046e-02	8.836054851461588866e-02	-1.919367987679617138e-01	1.836857841337669606e-01	-9.322236210399066636e-02	1.012977728666175081e-01	-1.119717453370612792e-01	1.484364937096409598e-01	-1.923075793893651020e-01	9.710813231419876401e-02	-1.316250133738718076e-01	1.353455665303464062e-01	-2.011232760975137646e-01	2.340839257304331289e-01	-9.310906151303730005e-02	9.716019872465109231e-02	-2.355425531552766127e-01	1.000000000000001110e+00	-8.730631305398881548e-01
