1.000000000000000222e+00	-7.684805446354383562e-01	1.820782461318019296e-01	-1.813073476585875254e-01	1.173438664624805172e-01	-4.340564524229451604e-01	2.961815268201691831e-01	-1.907909048958237042e-01	1.337727332192014673e-01	-9.916983115803483517e-02	2.100102791950143599e-01	-2.085968886820771806e-01	1.861360030055869974e-01	-1.075676011156645046e-01	1.211273862436835352e-01	-1.677302413659337021e-01	1.419915806570157535e-01	-1.307844112537542292e-01	1.002004679170489243e-01	-8.604876826169907678e-02	1.419122860420785615e-01	-1.551206680321413067e-01	9.299547013503554893e-02	-8.727397646027093558e-02	8.159000511947370193e-02	-1.750064118730586260e-01	1.042305006603500700e-01	-8.090483879195030370e-02	7.002741418988765731e-02	-5.953434402381163615e-02	7.007609520911772805e-02	-6.854030169098769554e-02	7.019008825474751245e-02	-6.953115480408744720e-02	7.655771942323624790e-02	-6.756775171484646902e-02	5.998516340467512781e-02	-7.370423966190188525e-02	6.197232616621816542e-02	-1.066624757037896443e-01
-7.684805446354383562e-01	1.000000000000000444e+00	-2.463316639159287280e-01	1.747845396250069516e-01	-1.205985419481091503e-01	2.812043486651998880e-01	-4.450266370581483222e-01	1.934382720500801289e-01	-1.397601496306082047e-01	9.738744459298394329e-02	-1.993528885849006060e-01	1.971484250857639398e-01	-1.932119551394578805e-01	1.043896416277668576e-01	-1.215871396446267516e-01	1.431826746122861205e-01	-1.337915988578886328e-01	1.201211964153849204e-01	-9.544734574047838982e-02	7.910517840907899112e-02	-1.294779980618713522e-01	1.346436940252926373e-01	-8.565771540320676891e-02	7.893056216787704138e-02	-7.597590161222139704e-02	1.456211349622641982e-01	-9.405817269478540521e-02	7.184207702916504956e-02	-6.336528983350821209e-02	5.360843084401428760e-02	-6.105442828876290334e-02	5.984082244270218925e-02	-6.212914626810078778e-02	6.116929407920003448e-02	-6.843132019436302949e-02	5.824615820821928830e-02	-5.240525895145708296e-02	6.394081252244300517e-02	-5.422397760562157332e-02	9.176297256087306842e-02
1.820782461318019296e-01	-2.463316639159287280e-01	1.000000000000000444e+00	-6.511607827444203522e-01	1.883268646082165709e-01	-1.524560995922923656e-01	1.794322101698719307e-01	-6.018355838707041272e-01	2.757749198783031597e-01	-1.668249299276948205e-01	1.272749495212975313e-01	-1.416388044180793004e-01	1.919238860412033898e-01	-1.585245619813083207e-01	1.691755284688826466e-01	-1.105568531068430033e-01	1.029722926537794681e-01	-1.321336613778116287e-01	1.103306236490121245e-01	-9.006554459577680027e-02	1.066361183211968350e-01	-1.159340621162460727e-01	8.798969123300535988e-02	-8.434543092296045708e-02	8.238168926497327349e-02	-1.398407391510086417e-01	8.917501076611300537e-02	-7.111669119187435939e-02	6.516875163945193283e-02	-5.588579687992755590e-02	5.995408250385208387e-02	-5.935327889310517552e-02	6.172401127526247477e-02	-6.199623606808924575e-02	6.955266068856480466e-02	-5.807392008599119443e-02	5.218231453847670120e-02	-6.450962331410615980e-02	5.481341446941088297e-02	-9.428300197036669494e-02
-1.813073476585875254e-01	1.747845396250069516e-01	-6.511607827444203522e-01	1.000000000000000222e+00	-3.156313486195198026e-01	1.431610575192545087e-01	-1.701235987271483008e-01	3.246970432242659022e-01	-4.841293286228077752e-01	2.293372483879087265e-01	-1.361812858493300915e-01	1.418567690911692880e-01	-2.167477506603532333e-01	2.095394173249217340e-01	-2.526051688477622958e-01	1.165974132962932508e-01	-1.117177611290559036e-01	1.506443928331585580e-01	-1.397235519694224049e-01	1.099658602186870532e-01	-1.195064771557152045e-01	1.243605514443167498e-01	-1.058871600673571278e-01	1.002516832251832135e-01	-1.019288968249163763e-01	1.527120999197739692e-01	-1.035676710965110631e-01	8.223086667945278538e-02	-7.793184281746043385e-02	6.652799727911172523e-02	-6.852528919367718852e-02	6.796872504395846948e-02	-7.160392233800380590e-02	7.192459187627835149e-02	-8.221987685287197867e-02	6.591737162284799778e-02	-5.995063731315927735e-02	7.376368492273194244e-02	-6.329799092842813835e-02	1.075063783059255762e-01
1.173438664624805172e-01	-1.205985419481091503e-01	1.883268646082165709e-01	-3.156313486195198026e-01	9.999999999999998890e-01	-1.236305305741478566e-01	1.295504835536570587e-01	-2.621839051379135088e-01	2.837848362060002017e-01	-7.953335796533315127e-01	1.189997835007045035e-01	-1.274317015630671845e-01	1.786666538593247588e-01	-2.116344032378943418e-01	2.200210754995385876e-01	-1.176213533117804882e-01	1.079386983779195563e-01	-1.568803930492022325e-01	1.342067844261449483e-01	-1.173773295209433881e-01	1.229613346816251784e-01	-1.334591728846741543e-01	1.104173402788236891e-01	-1.102582933971827245e-01	1.039345709781948207e-01	-1.904557297787963510e-01	1.118467885398048284e-01	-9.206686419568346769e-02	8.472289026669413414e-02	-7.339904251731040052e-02	8.016767991770333557e-02	-7.935005752504320498e-02	8.138808525261458093e-02	-8.341451033298351303e-02	9.205357847365543134e-02	-7.929266596787144794e-02	7.026601006443768116e-02	-8.827101615961524539e-02	7.450481446682347131e-02	-1.328116943323136012e-01
-4.340564524229451604e-01	2.812043486651998880e-01	-1.524560995922923656e-01	1.431610575192545087e-01	-1.236305305741478566e-01	1.000000000000000000e+00	-5.954121499689183361e-01	1.782242810446265646e-01	-1.356129153724816572e-01	9.862489191073127437e-02	-5.047816793730182106e-01	2.833625729420935491e-01	-2.424485407274520887e-01	1.125712854002011293e-01	-1.323175678231110763e-01	2.215169249671550822e-01	-1.959268152468422730e-01	1.450908154601457944e-01	-1.125596767667920300e-01	9.303403510407499966e-02	-1.868286139651962607e-01	1.799956195741925502e-01	-1.041347196936987657e-01	9.444150263735506812e-02	-9.055341506805597573e-02	1.805658921212232870e-01	-1.188213196580417547e-01	8.847630231650079058e-02	-7.652253001214887052e-02	6.442503311325280257e-02	-7.502395245795748235e-02	7.315978250249248471e-02	-7.605671087310537926e-02	7.394170521007183139e-02	-8.268354651461333471e-02	7.076345359299864024e-02	-6.384083276566686338e-02	7.723188197744508543e-02	-6.547351996377179240e-02	1.093502075857781808e-01
2.961815268201691831e-01	-4.450266370581483222e-01	1.794322101698719307e-01	-1.701235987271483008e-01	1.295504835536570587e-01	-5.954121499689183361e-01	9.999999999999998890e-01	-2.568447511649283865e-01	1.523831174023343171e-01	-1.088057780989990508e-01	2.851855018427948418e-01	-4.423679193277118005e-01	2.461502745053954777e-01	-1.232580497224709110e-01	1.375038208259453942e-01	-2.141659094487717574e-01	1.942267402744056737e-01	-1.586096853288445629e-01	1.176623840490667039e-01	-9.885046529078223010e-02	1.702095268135389305e-01	-1.943469683152780347e-01	1.067731271846466684e-01	-9.942234656320064756e-02	9.363566157559066738e-02	-1.923668424054767456e-01	1.203020215144700589e-01	-9.210461177859589899e-02	7.902388353165906709e-02	-6.714591168097686080e-02	7.804630921080527028e-02	-7.661929686788361560e-02	7.889499414067471794e-02	-7.752275678365309897e-02	8.560470447457799170e-02	-7.474360347682201811e-02	6.674080528060968853e-02	-8.164697744703766635e-02	6.875199511191898427e-02	-1.168748230800578380e-01
-1.907909048958237042e-01	1.934382720500801289e-01	-6.018355838707041272e-01	3.246970432242659022e-01	-2.621839051379135088e-01	1.782242810446265646e-01	-2.568447511649283865e-01	9.999999999999998890e-01	-4.869417396273262311e-01	2.108015176722274897e-01	-1.630402021423182635e-01	1.830390822313785193e-01	-3.168192411279676102e-01	2.091705856589669843e-01	-2.386141845095811898e-01	1.358153404628913430e-01	-1.311965844574705942e-01	1.708321205628842709e-01	-1.480165023686779158e-01	1.155627290571950849e-01	-1.328972210207605698e-01	1.420682179185832894e-01	-1.124616751187332842e-01	1.064672416652201331e-01	-1.067153544330234627e-01	1.673739905316559418e-01	-1.114041473814077060e-01	8.838562923110113156e-02	-8.215510420700564143e-02	7.028235423184071851e-02	-7.351301512068798838e-02	7.293365532302531484e-02	-7.647165697966246123e-02	7.659964083464985973e-02	-8.681761143866853492e-02	7.081837625371291411e-02	-6.410668909564992690e-02	7.896302412263003778e-02	-6.743904575773529420e-02	1.147920181067079437e-01
1.337727332192014673e-01	-1.397601496306082047e-01	2.757749198783031597e-01	-4.841293286228077752e-01	2.837848362060002017e-01	-1.356129153724816572e-01	1.523831174023343171e-01	-4.869417396273262311e-01	9.999999999999996669e-01	-4.279615260900474505e-01	1.260059756986780244e-01	-1.400128708961310697e-01	2.066050984081454212e-01	-4.082585188400554288e-01	2.761157920656551190e-01	-1.167165346518926061e-01	1.098770085565901750e-01	-1.732139207405600234e-01	1.608985239212404328e-01	-1.263616457325312248e-01	1.174116693983977555e-01	-1.282604197509629729e-01	1.099615383210803959e-01	-1.094892059191899802e-01	1.084462824084318211e-01	-1.642089729703941348e-01	1.054511664960244011e-01	-8.616977246455938266e-02	8.120335629558750323e-02	-7.054476745636281687e-02	7.179740250986894889e-02	-7.160186588750405701e-02	7.470689967897987949e-02	-7.593220642103135076e-02	8.542538751512464279e-02	-7.005292555334191595e-02	6.302020166141682200e-02	-7.848164717723110639e-02	6.683369765836742749e-02	-1.157646720257133333e-01
-9.916983115803483517e-02	9.738744459298394329e-02	-1.668249299276948205e-01	2.293372483879087265e-01	-7.953335796533315127e-01	9.862489191073127437e-02	-1.088057780989990508e-01	2.108015176722274897e-01	-4.279615260900474505e-01	1.000000000000000000e+00	-9.813864988442493054e-02	1.040981635481444956e-01	-1.583875975185956297e-01	2.099057758887666880e-01	-2.777832279810121818e-01	9.190217167952705046e-02	-8.684799479930037369e-02	1.311506602621969608e-01	-1.231784295910524907e-01	1.006962438005449822e-01	-9.651399389996180578e-02	1.026787710040420465e-01	-9.138500773820305845e-02	8.961680379288074205e-02	-8.979851170762408186e-02	1.374218761947725298e-01	-8.828489456045844619e-02	7.189858351710790019e-02	-6.839083619837806050e-02	5.901356405771681496e-02	-6.064889716468257336e-02	6.031350092687739334e-02	-6.298762578969942239e-02	6.413828515171648981e-02	-7.249684691165368677e-02	5.918560286863375208e-02	-5.331772770335738154e-02	6.636012370832029827e-02	-5.665633658571573444e-02	9.838099781237794050e-02
2.100102791950143599e-01	-1.993528885849006060e-01	1.272749495212975313e-01	-1.361812858493300915e-01	1.189997835007045035e-01	-5.047816793730182106e-01	2.851855018427948418e-01	-1.630402021423182635e-01	1.260059756986780244e-01	-9.813864988442493054e-02	1.000000000000001110e+00	-5.013102647387814859e-01	2.589150936973113049e-01	-1.193733519902720336e-01	1.352360719985034598e-01	-4.917242485596347579e-01	2.684238617417866180e-01	-1.780014677027287606e-01	1.276241607769185438e-01	-1.089873948479744836e-01	2.407090285154104559e-01	-2.589303503804790685e-01	1.221765794501978031e-01	-1.127157442821897088e-01	1.043945686566910697e-01	-2.454967377218821578e-01	1.453237411656126132e-01	-1.093063118438264980e-01	9.080069007205610054e-02	-7.686753822187460117e-02	9.377163154975035053e-02	-9.120719954377881633e-02	9.313973754994758769e-02	-9.047991176779740519e-02	9.904720857699124414e-02	-8.908159067110885121e-02	7.901438492405257752e-02	-9.594779754886190171e-02	8.033908080133622676e-02	-1.354677087327295915e-01
-2.085968886820771806e-01	1.971484250857639398e-01	-1.416388044180793004e-01	1.418567690911692880e-01	-1.274317015630671845e-01	2.833625729420935491e-01	-4.423679193277118005e-01	1.830390822313785193e-01	-1.400128708961310697e-01	1.040981635481444956e-01	-5.013102647387814859e-01	1.000000000000000444e+00	-4.912465614065490982e-01	1.317618771822934021e-01	-1.494621105471766742e-01	2.721117005704459801e-01	-3.909374314532435002e-01	1.978461010396851960e-01	-1.438129170001390400e-01	1.142687672212663874e-01	-2.195974769860674913e-01	2.474946758608102815e-01	-1.274940077742559297e-01	1.150909077566372729e-01	-1.105361425430630429e-01	2.103716345229110218e-01	-1.462457363802460442e-01	1.076637414502825962e-01	-9.142738632912560115e-02	7.721997893409561498e-02	-8.843974203533817857e-02	8.713582660302056360e-02	-9.087278353510692963e-02	8.786277591776520124e-02	-9.781341436827027669e-02	8.350140637618735928e-02	-7.551642711592404522e-02	9.152041842038560748e-02	-7.743305772874699289e-02	1.288388258739494585e-01
1.861360030055869974e-01	-1.932119551394578805e-01	1.919238860412033898e-01	-2.167477506603532333e-01	1.786666538593247588e-01	-2.424485407274520887e-01	2.461502745053954777e-01	-3.168192411279676102e-01	2.066050984081454212e-01	-1.583875975185956297e-01	2.589150936973113049e-01	-4.912465614065490982e-01	1.000000000000001776e+00	-2.321665572658075660e-01	2.213552774609195972e-01	-2.542003193067075562e-01	2.422956985418057707e-01	-4.391681014914909920e-01	2.355957910694903568e-01	-1.925432296877236382e-01	2.240870389100554638e-01	-2.793396285276669166e-01	1.885975356683229076e-01	-1.831600364031614470e-01	1.699647707956997156e-01	-3.091598546351976839e-01	1.888672212246228777e-01	-1.544581060857023735e-01	1.351088603627698947e-01	-1.173241003518791098e-01	1.275233000580509035e-01	-1.272912229085417513e-01	1.309309805736386667e-01	-1.314201071330836634e-01	1.439488058053162989e-01	-1.248067118910344137e-01	1.108345450605019988e-01	-1.382139417275727589e-01	1.159656993800067398e-01	-2.013589685628425496e-01
-1.075676011156645046e-01	1.043896416277668576e-01	-1.585245619813083207e-01	2.095394173249217340e-01	-2.116344032378943418e-01	1.125712854002011293e-01	-1.232580497224709110e-01	2.091705856589669843e-01	-4.082585188400554288e-01	2.099057758887666880e-01	-1.193733519902720336e-01	1.317618771822934021e-01	-2.321665572658075660e-01	1.000000000000000888e+00	-7.367242554771491481e-01	1.129662390903555524e-01	-1.110760932107757726e-01	2.254539839702496551e-01	-3.316478346641414943e-01	1.848912319396363579e-01	-1.176264827556679632e-01	1.285318304636054454e-01	-1.365105570697141002e-01	1.386931826655792843e-01	-1.525120555551382762e-01	1.631512236141765548e-01	-1.158239361995540700e-01	9.655434072867676021e-02	-9.755498723663223737e-02	8.569514648178140626e-02	-7.635854534333282040e-02	7.732116786670774344e-02	-8.252528130691387520e-02	8.450688831685934654e-02	-9.775431825321138912e-02	7.415081838836148909e-02	-6.787054938579009655e-02	8.453012150272204428e-02	-7.298618534879915132e-02	1.239693704982700873e-01
1.211273862436835352e-01	-1.215871396446267516e-01	1.691755284688826466e-01	-2.526051688477622958e-01	2.200210754995385876e-01	-1.323175678231110763e-01	1.375038208259453942e-01	-2.386141845095811898e-01	2.761157920656551190e-01	-2.777832279810121818e-01	1.352360719985034598e-01	-1.494621105471766742e-01	2.213552774609195972e-01	-7.367242554771491481e-01	9.999999999999967804e-01	-1.369370397301841180e-01	1.293356472698469761e-01	-2.562814917617857180e-01	2.443662674128612433e-01	-2.305221083888063516e-01	1.426579906304861201e-01	-1.597840839859490658e-01	1.553948420566466648e-01	-1.680045648394299096e-01	1.671847711848922780e-01	-2.175162990703243815e-01	1.398488170154714993e-01	-1.189292971952688599e-01	1.156426019979990838e-01	-1.036564674644144812e-01	9.704040732037856609e-02	-9.805062266610614641e-02	1.024013539736951250e-01	-1.061728829253723028e-01	1.189500259976604274e-01	-9.588262296917521299e-02	8.617787223248510320e-02	-1.087681976784977411e-01	9.263054825925472191e-02	-1.625667610341053337e-01
-1.677302413659337021e-01	1.431826746122861205e-01	-1.105568531068430033e-01	1.165974132962932508e-01	-1.176213533117804882e-01	2.215169249671550822e-01	-2.141659094487717574e-01	1.358153404628913430e-01	-1.167165346518926061e-01	9.190217167952705046e-02	-4.917242485596347579e-01	2.721117005704459801e-01	-2.542003193067075562e-01	1.129662390903555524e-01	-1.369370397301841180e-01	9.999999999999990008e-01	-5.278903595505675117e-01	1.682884045496293446e-01	-1.307363771532610852e-01	1.073757465713370413e-01	-5.047395893867322458e-01	3.032066059978418826e-01	-1.315274286072551924e-01	1.142923809279476621e-01	-1.087490500409281080e-01	2.552803306195819966e-01	-1.706830227162408620e-01	1.174689346274968571e-01	-9.604548032227748500e-02	7.961638748866692317e-02	-1.005708796434152119e-01	9.580977295123377369e-02	-9.971318819088617613e-02	9.333622820479604842e-02	-1.042286134415285476e-01	9.119783867729513993e-02	-8.281414006908227599e-02	9.740190612782599622e-02	-8.251935613579547413e-02	1.325029858049612541e-01
1.419915806570157535e-01	-1.337915988578886328e-01	1.029722926537794681e-01	-1.117177611290559036e-01	1.079386983779195563e-01	-1.959268152468422730e-01	1.942267402744056737e-01	-1.311965844574705942e-01	1.098770085565901750e-01	-8.684799479930037369e-02	2.684238617417866180e-01	-3.909374314532435002e-01	2.422956985418057707e-01	-1.110760932107757726e-01	1.293356472698469761e-01	-5.278903595505675117e-01	1.000000000000002442e+00	-2.034901638821053071e-01	1.361171330987307471e-01	-1.107023983385374000e-01	2.818099623157071520e-01	-6.201709315294772207e-01	1.320757379073411730e-01	-1.176287691007975172e-01	1.087116336552588075e-01	-2.322782789624297795e-01	1.790246135282953788e-01	-1.260716645531658464e-01	9.508346539009500387e-02	-7.978232821408215436e-02	9.639021240474991703e-02	-9.687059447646056976e-02	1.003444320556051012e-01	-9.402298553324531238e-02	1.023431166533814163e-01	-9.015229488535220215e-02	8.179399908033173350e-02	-9.847893246788472221e-02	8.239315432487610835e-02	-1.341150052201344200e-01
-1.307844112537542292e-01	1.201211964153849204e-01	-1.321336613778116287e-01	1.506443928331585580e-01	-1.568803930492022325e-01	1.450908154601457944e-01	-1.586096853288445629e-01	1.708321205628842709e-01	-1.732139207405600234e-01	1.311506602621969608e-01	-1.780014677027287606e-01	1.978461010396851960e-01	-4.391681014914909920e-01	2.254539839702496551e-01	-2.562814917617857180e-01	1.682884045496293446e-01	-2.034901638821053071e-01	9.999999999999991118e-01	-6.344317972469052380e-01	2.613465572313287133e-01	-1.736240064297836783e-01	1.925866965715529733e-01	-2.921228037105748077e-01	2.283659634844681652e-01	-2.631054439258386224e-01	2.116042175391367741e-01	-1.875383637540269932e-01	1.562737049964275371e-01	-1.572250804046410322e-01	1.341509185625158473e-01	-1.102384338660951923e-01	1.138630519096712479e-01	-1.272444966052125315e-01	1.256723202468665035e-01	-1.501141745822165141e-01	1.044194945624897092e-01	-9.870631510949468002e-02	1.208715700532673187e-01	-1.061650473101296011e-01	1.704970915223671113e-01
1.002004679170489243e-01	-9.544734574047838982e-02	1.103306236490121245e-01	-1.397235519694224049e-01	1.342067844261449483e-01	-1.125596767667920300e-01	1.176623840490667039e-01	-1.480165023686779158e-01	1.608985239212404328e-01	-1.231784295910524907e-01	1.276241607769185438e-01	-1.438129170001390400e-01	2.355957910694903568e-01	-3.316478346641414943e-01	2.443662674128612433e-01	-1.307363771532610852e-01	1.361171330987307471e-01	-6.344317972469052380e-01	9.999999999999994449e-01	-4.887699403925396258e-01	1.353851309989145268e-01	-1.565542651618558323e-01	2.134391527035040259e-01	-2.577795186256173765e-01	2.608617997966243274e-01	-1.883135768758814332e-01	1.505981459778058251e-01	-1.330409514433569806e-01	1.416177126835613809e-01	-1.308031489864015240e-01	9.549864647939897144e-02	-9.959840635743102966e-02	1.088860328697210528e-01	-1.130252407325347264e-01	1.321691297094830242e-01	-9.279235282850467614e-02	8.635960346795872045e-02	-1.084452711880122822e-01	9.455212636755942757e-02	-1.576925095111491593e-01
-8.604876826169907678e-02	7.910517840907899112e-02	-9.006554459577680027e-02	1.099658602186870532e-01	-1.173773295209433881e-01	9.303403510407499966e-02	-9.885046529078223010e-02	1.155627290571950849e-01	-1.263616457325312248e-01	1.006962438005449822e-01	-1.089873948479744836e-01	1.142687672212663874e-01	-1.925432296877236382e-01	1.848912319396363579e-01	-2.305221083888063516e-01	1.073757465713370413e-01	-1.107023983385374000e-01	2.613465572313287133e-01	-4.887699403925396258e-01	9.999999999999994449e-01	-1.200632812089567625e-01	1.302256181985300687e-01	-2.432627036737706749e-01	2.536605863021310081e-01	-6.869443353541130337e-01	1.635939787780053833e-01	-1.585773805361784805e-01	1.386832852091332835e-01	-1.940798398469541775e-01	1.795112450822245187e-01	-9.561966838512206412e-02	1.011036445927061267e-01	-1.158561649096392504e-01	1.245851223447609762e-01	-1.640522831731446030e-01	9.116831956544331483e-02	-8.818839186401015995e-02	1.098454285958014309e-01	-1.002545571918736639e-01	1.585038534852007130e-01
1.419122860420785615e-01	-1.294779980618713522e-01	1.066361183211968350e-01	-1.195064771557152045e-01	1.229613346816251784e-01	-1.868286139651962607e-01	1.702095268135389305e-01	-1.328972210207605698e-01	1.174116693983977555e-01	-9.651399389996180578e-02	2.407090285154104559e-01	-2.195974769860674913e-01	2.240870389100554638e-01	-1.176264827556679632e-01	1.426579906304861201e-01	-5.047395893867322458e-01	2.818099623157071520e-01	-1.736240064297836783e-01	1.353851309989145268e-01	-1.200632812089567625e-01	9.999999999999988898e-01	-4.601157155563498913e-01	1.517605597049396793e-01	-1.343687086889699955e-01	1.219120761099354577e-01	-5.769040482501625045e-01	2.083659298423371498e-01	-1.500900139872955730e-01	1.168618818876343834e-01	-9.694424441523552538e-02	1.477608172794822594e-01	-1.331796821932829111e-01	1.299333225694894456e-01	-1.213592182518834633e-01	1.309668459351392700e-01	-1.331991088977180493e-01	1.135784083583762788e-01	-1.314745049238357777e-01	1.084992210678666635e-01	-1.749087604880678326e-01
-1.551206680321413067e-01	1.346436940252926373e-01	-1.159340621162460727e-01	1.243605514443167498e-01	-1.334591728846741543e-01	1.799956195741925502e-01	-1.943469683152780347e-01	1.420682179185832894e-01	-1.282604197509629729e-01	1.026787710040420465e-01	-2.589303503804790685e-01	2.474946758608102815e-01	-2.793396285276669166e-01	1.285318304636054454e-01	-1.597840839859490658e-01	3.032066059978418826e-01	-6.201709315294772207e-01	1.925866965715529733e-01	-1.565542651618558323e-01	1.302256181985300687e-01	-4.601157155563498913e-01	1.000000000000000444e+00	-1.776288676758397966e-01	1.469805754245148144e-01	-1.364143846779846125e-01	2.721841010069106503e-01	-3.243127649325557305e-01	1.760007958413521423e-01	-1.259191604641288764e-01	1.029335987260093926e-01	-1.277741148401725368e-01	1.288784052406924674e-01	-1.384674160735273329e-01	1.225948543840403582e-01	-1.350764372791100620e-01	1.150592459868206019e-01	-1.080720908889385851e-01	1.263671188873985995e-01	-1.070083814283838142e-01	1.658989102140112082e-01
9.299547013503554893e-02	-8.565771540320676891e-02	8.798969123300535988e-02	-1.058871600673571278e-01	1.104173402788236891e-01	-1.041347196936987657e-01	1.067731271846466684e-01	-1.124616751187332842e-01	1.099615383210803959e-01	-9.138500773820305845e-02	1.221765794501978031e-01	-1.274940077742559297e-01	1.885975356683229076e-01	-1.365105570697141002e-01	1.553948420566466648e-01	-1.315274286072551924e-01	1.320757379073411730e-01	-2.921228037105748077e-01	2.134391527035040259e-01	-2.432627036737706749e-01	1.517605597049396793e-01	-1.776288676758397966e-01	9.999999999999992228e-01	-6.944196080297942997e-01	2.495461558248497358e-01	-2.295050113211273557e-01	2.511370573311565990e-01	-3.798278333791336725e-01	2.038894870803897585e-01	-1.769146407749218053e-01	1.433859985121253289e-01	-1.690495291795676702e-01	1.968228071519904643e-01	-1.807179764471728289e-01	1.851335375405678274e-01	-1.408720191006074263e-01	1.342589401772092961e-01	-1.721538375865635517e-01	1.444014204834139781e-01	-2.286238740663664726e-01
-8.727397646027093558e-02	7.893056216787704138e-02	-8.434543092296045708e-02	1.002516832251832135e-01	-1.102582933971827245e-01	9.444150263735506812e-02	-9.942234656320064756e-02	1.064672416652201331e-01	-1.094892059191899802e-01	8.961680379288074205e-02	-1.127157442821897088e-01	1.150909077566372729e-01	-1.831600364031614470e-01	1.386931826655792843e-01	-1.680045648394299096e-01	1.142923809279476621e-01	-1.176287691007975172e-01	2.283659634844681652e-01	-2.577795186256173765e-01	2.536605863021310081e-01	-1.343687086889699955e-01	1.469805754245148144e-01	-6.944196080297942997e-01	1.000000000000000444e+00	-4.359574871170706079e-01	1.853291024401514941e-01	-2.324985523013432531e-01	2.228853500260382925e-01	-2.668743630011322643e-01	1.980475171197740025e-01	-1.234478036637379900e-01	1.358846203164030264e-01	-1.667238692304230663e-01	1.600881907169335039e-01	-1.923890746136092122e-01	1.158732084396596473e-01	-1.148391347179877342e-01	1.412775457785472311e-01	-1.276989871758713591e-01	1.931185506775876248e-01
8.159000511947370193e-02	-7.597590161222139704e-02	8.238168926497327349e-02	-1.019288968249163763e-01	1.039345709781948207e-01	-9.055341506805597573e-02	9.363566157559066738e-02	-1.067153544330234627e-01	1.084462824084318211e-01	-8.979851170762408186e-02	1.043945686566910697e-01	-1.105361425430630429e-01	1.699647707956997156e-01	-1.525120555551382762e-01	1.671847711848922780e-01	-1.087490500409281080e-01	1.087116336552588075e-01	-2.631054439258386224e-01	2.608617997966243274e-01	-6.869443353541130337e-01	1.219120761099354577e-01	-1.364143846779846125e-01	2.495461558248497358e-01	-4.359574871170706079e-01	9.999999999999984457e-01	-1.801630941095337668e-01	1.629523384004843978e-01	-1.559754549768126441e-01	2.236530908599640155e-01	-2.945886326213751349e-01	1.047747466795321825e-01	-1.133500784743417394e-01	1.274374574760500645e-01	-1.464774453079214500e-01	1.828800142728139455e-01	-1.026681699489155331e-01	9.804948852364739342e-02	-1.261276468999713851e-01	1.139203252562076135e-01	-1.876899431827317166e-01
-1.750064118730586260e-01	1.456211349622641982e-01	-1.398407391510086417e-01	1.527120999197739692e-01	-1.904557297787963510e-01	1.805658921212232870e-01	-1.923668424054767456e-01	1.673739905316559418e-01	-1.642089729703941348e-01	1.374218761947725298e-01	-2.454967377218821578e-01	2.103716345229110218e-01	-3.091598546351976839e-01	1.631512236141765548e-01	-2.175162990703243815e-01	2.552803306195819966e-01	-2.322782789624297795e-01	2.116042175391367741e-01	-1.883135768758814332e-01	1.635939787780053833e-01	-5.769040482501625045e-01	2.721841010069106503e-01	-2.295050113211273557e-01	1.853291024401514941e-01	-1.801630941095337668e-01	9.999999999999987788e-01	-3.189295254545350122e-01	2.054867818162664783e-01	-1.780654055123558066e-01	1.416903042310812821e-01	-2.901061890438683677e-01	1.973108407839706258e-01	-1.983440182761791182e-01	1.727648367127208040e-01	-2.011919264902251037e-01	1.935840574972148287e-01	-1.762829237732545518e-01	1.806482451810176582e-01	-1.561900664923221438e-01	2.236310062898347606e-01
1.042305006603500700e-01	-9.405817269478540521e-02	8.917501076611300537e-02	-1.035676710965110631e-01	1.118467885398048284e-01	-1.188213196580417547e-01	1.203020215144700589e-01	-1.114041473814077060e-01	1.054511664960244011e-01	-8.828489456045844619e-02	1.453237411656126132e-01	-1.462457363802460442e-01	1.888672212246228777e-01	-1.158239361995540700e-01	1.398488170154714993e-01	-1.706830227162408620e-01	1.790246135282953788e-01	-1.875383637540269932e-01	1.505981459778058251e-01	-1.585773805361784805e-01	2.083659298423371498e-01	-3.243127649325557305e-01	2.511370573311565990e-01	-2.324985523013432531e-01	1.629523384004843978e-01	-3.189295254545350122e-01	9.999999999999985567e-01	-6.336059216267311278e-01	1.932216841449478362e-01	-1.631648196408249096e-01	2.059788892296574858e-01	-2.903206413647297923e-01	2.808944122742892402e-01	-2.301086419746733447e-01	2.068045290025347094e-01	-2.043339696759986501e-01	1.922428852420019485e-01	-2.440410699925192883e-01	1.877097032786660402e-01	-2.876549010101867032e-01
-8.090483879195030370e-02	7.184207702916504956e-02	-7.111669119187435939e-02	8.223086667945278538e-02	-9.206686419568346769e-02	8.847630231650079058e-02	-9.210461177859589899e-02	8.838562923110113156e-02	-8.616977246455938266e-02	7.189858351710790019e-02	-1.093063118438264980e-01	1.076637414502825962e-01	-1.544581060857023735e-01	9.655434072867676021e-02	-1.189292971952688599e-01	1.174689346274968571e-01	-1.260716645531658464e-01	1.562737049964275371e-01	-1.330409514433569806e-01	1.386832852091332835e-01	-1.500900139872955730e-01	1.760007958413521423e-01	-3.798278333791336725e-01	2.228853500260382925e-01	-1.559754549768126441e-01	2.054867818162664783e-01	-6.336059216267311278e-01	9.999999999999976685e-01	-2.270140237698530239e-01	1.617520474674341846e-01	-1.870290572488278458e-01	2.390034269250948806e-01	-4.804039234788038959e-01	2.173352236728330333e-01	-2.058206428552598333e-01	1.640273066120894185e-01	-1.747864878490538731e-01	2.039213548427478429e-01	-1.733166935246338025e-01	2.221494099404549005e-01
7.002741418988765731e-02	-6.336528983350821209e-02	6.516875163945193283e-02	-7.793184281746043385e-02	8.472289026669413414e-02	-7.652253001214887052e-02	7.902388353165906709e-02	-8.215510420700564143e-02	8.120335629558750323e-02	-6.839083619837806050e-02	9.080069007205610054e-02	-9.142738632912560115e-02	1.351088603627698947e-01	-9.755498723663223737e-02	1.156426019979990838e-01	-9.604548032227748500e-02	9.508346539009500387e-02	-1.572250804046410322e-01	1.416177126835613809e-01	-1.940798398469541775e-01	1.168618818876343834e-01	-1.259191604641288764e-01	2.038894870803897585e-01	-2.668743630011322643e-01	2.236530908599640155e-01	-1.780654055123558066e-01	1.932216841449478362e-01	-2.270140237698530239e-01	9.999999999999970024e-01	-7.480932920625757987e-01	1.350492284024312761e-01	-1.570200193209854433e-01	1.851414801986359659e-01	-3.087434211459757494e-01	2.996159978187831752e-01	-1.351390555816110173e-01	1.354395115700119667e-01	-1.865156872324362225e-01	1.838421785049159096e-01	-2.970313596845011173e-01
-5.953434402381163615e-02	5.360843084401428760e-02	-5.588579687992755590e-02	6.652799727911172523e-02	-7.339904251731040052e-02	6.442503311325280257e-02	-6.714591168097686080e-02	7.028235423184071851e-02	-7.054476745636281687e-02	5.901356405771681496e-02	-7.686753822187460117e-02	7.721997893409561498e-02	-1.173241003518791098e-01	8.569514648178140626e-02	-1.036564674644144812e-01	7.961638748866692317e-02	-7.978232821408215436e-02	1.341509185625158473e-01	-1.308031489864015240e-01	1.795112450822245187e-01	-9.694424441523552538e-02	1.029335987260093926e-01	-1.769146407749218053e-01	1.980475171197740025e-01	-2.945886326213751349e-01	1.416903042310812821e-01	-1.631648196408249096e-01	1.617520474674341846e-01	-7.480932920625757987e-01	9.999999999999975575e-01	-1.101955294763145715e-01	1.235998139906683280e-01	-1.518805689562096328e-01	2.269594253375910031e-01	-4.654207124101716886e-01	1.065493364563315504e-01	-1.098583282479452389e-01	1.450921367469970857e-01	-1.521188524454472890e-01	2.274478312998124974e-01
7.007609520911772805e-02	-6.105442828876290334e-02	5.995408250385208387e-02	-6.852528919367718852e-02	8.016767991770333557e-02	-7.502395245795748235e-02	7.804630921080527028e-02	-7.351301512068798838e-02	7.179740250986894889e-02	-6.064889716468257336e-02	9.377163154975035053e-02	-8.843974203533817857e-02	1.275233000580509035e-01	-7.635854534333282040e-02	9.704040732037856609e-02	-1.005708796434152119e-01	9.639021240474991703e-02	-1.102384338660951923e-01	9.549864647939897144e-02	-9.561966838512206412e-02	1.477608172794822594e-01	-1.277741148401725368e-01	1.433859985121253289e-01	-1.234478036637379900e-01	1.047747466795321825e-01	-2.901061890438683677e-01	2.059788892296574858e-01	-1.870290572488278458e-01	1.350492284024312761e-01	-1.101955294763145715e-01	9.999999999999965583e-01	-5.274271769013664235e-01	2.447615847844795689e-01	-1.956182555923620947e-01	1.707648347165633407e-01	-6.437621587179624960e-01	3.052291920650408441e-01	-2.621975411985798532e-01	1.791421452571597961e-01	-2.295625248138559171e-01
-6.854030169098769554e-02	5.984082244270218925e-02	-5.935327889310517552e-02	6.796872504395846948e-02	-7.935005752504320498e-02	7.315978250249248471e-02	-7.661929686788361560e-02	7.293365532302531484e-02	-7.160186588750405701e-02	6.031350092687739334e-02	-9.120719954377881633e-02	8.713582660302056360e-02	-1.272912229085417513e-01	7.732116786670774344e-02	-9.805062266610614641e-02	9.580977295123377369e-02	-9.687059447646056976e-02	1.138630519096712479e-01	-9.959840635743102966e-02	1.011036445927061267e-01	-1.331796821932829111e-01	1.288784052406924674e-01	-1.690495291795676702e-01	1.358846203164030264e-01	-1.133500784743417394e-01	1.973108407839706258e-01	-2.903206413647297923e-01	2.390034269250948806e-01	-1.570200193209854433e-01	1.235998139906683280e-01	-5.274271769013664235e-01	9.999999999999971134e-01	-5.329202032265547562e-01	2.230760494032381080e-01	-1.997731746234489292e-01	2.962829278939440036e-01	-4.382393121462838104e-01	2.627786290546836878e-01	-2.052620431240617938e-01	2.187600443401138406e-01
7.019008825474751245e-02	-6.212914626810078778e-02	6.172401127526247477e-02	-7.160392233800380590e-02	8.138808525261458093e-02	-7.605671087310537926e-02	7.889499414067471794e-02	-7.647165697966246123e-02	7.470689967897987949e-02	-6.298762578969942239e-02	9.313973754994758769e-02	-9.087278353510692963e-02	1.309309805736386667e-01	-8.252528130691387520e-02	1.024013539736951250e-01	-9.971318819088617613e-02	1.003444320556051012e-01	-1.272444966052125315e-01	1.088860328697210528e-01	-1.158561649096392504e-01	1.299333225694894456e-01	-1.384674160735273329e-01	1.968228071519904643e-01	-1.667238692304230663e-01	1.274374574760500645e-01	-1.983440182761791182e-01	2.808944122742892402e-01	-4.804039234788038959e-01	1.851414801986359659e-01	-1.518805689562096328e-01	2.447615847844795689e-01	-5.329202032265547562e-01	9.999999999999963363e-01	-4.069530496898055572e-01	2.310652893179525047e-01	-2.300401984995519011e-01	2.469304903423793773e-01	-3.461049124086816864e-01	2.409116232956983183e-01	-2.692059449967910689e-01
-6.953115480408744720e-02	6.116929407920003448e-02	-6.199623606808924575e-02	7.192459187627835149e-02	-8.341451033298351303e-02	7.394170521007183139e-02	-7.752275678365309897e-02	7.659964083464985973e-02	-7.593220642103135076e-02	6.413828515171648981e-02	-9.047991176779740519e-02	8.786277591776520124e-02	-1.314201071330836634e-01	8.450688831685934654e-02	-1.061728829253723028e-01	9.333622820479604842e-02	-9.402298553324531238e-02	1.256723202468665035e-01	-1.130252407325347264e-01	1.245851223447609762e-01	-1.213592182518834633e-01	1.225948543840403582e-01	-1.807179764471728289e-01	1.600881907169335039e-01	-1.464774453079214500e-01	1.727648367127208040e-01	-2.301086419746733447e-01	2.173352236728330333e-01	-3.087434211459757494e-01	2.269594253375910031e-01	-1.956182555923620947e-01	2.230760494032381080e-01	-4.069530496898055572e-01	9.999999999999968914e-01	-5.302376596518436624e-01	1.750819417333575045e-01	-2.132083119047736841e-01	2.781380231415493398e-01	-5.185886575679485855e-01	3.157552335891376516e-01
7.655771942323624790e-02	-6.843132019436302949e-02	6.955266068856480466e-02	-8.221987685287197867e-02	9.205357847365543134e-02	-8.268354651461333471e-02	8.560470447457799170e-02	-8.681761143866853492e-02	8.542538751512464279e-02	-7.249684691165368677e-02	9.904720857699124414e-02	-9.781341436827027669e-02	1.439488058053162989e-01	-9.775431825321138912e-02	1.189500259976604274e-01	-1.042286134415285476e-01	1.023431166533814163e-01	-1.501141745822165141e-01	1.321691297094830242e-01	-1.640522831731446030e-01	1.309668459351392700e-01	-1.350764372791100620e-01	1.851335375405678274e-01	-1.923890746136092122e-01	1.828800142728139455e-01	-2.011919264902251037e-01	2.068045290025347094e-01	-2.058206428552598333e-01	2.996159978187831752e-01	-4.654207124101716886e-01	1.707648347165633407e-01	-1.997731746234489292e-01	2.310652893179525047e-01	-5.302376596518436624e-01	9.999999999999967804e-01	-1.739583731231838792e-01	1.784629648530412505e-01	-2.581029024274954509e-01	2.716842935807644577e-01	-4.944477333944624631e-01
-6.756775171484646902e-02	5.824615820821928830e-02	-5.807392008599119443e-02	6.591737162284799778e-02	-7.929266596787144794e-02	7.076345359299864024e-02	-7.474360347682201811e-02	7.081837625371291411e-02	-7.005292555334191595e-02	5.918560286863375208e-02	-8.908159067110885121e-02	8.350140637618735928e-02	-1.248067118910344137e-01	7.415081838836148909e-02	-9.588262296917521299e-02	9.119783867729513993e-02	-9.015229488535220215e-02	1.044194945624897092e-01	-9.279235282850467614e-02	9.116831956544331483e-02	-1.331991088977180493e-01	1.150592459868206019e-01	-1.408720191006074263e-01	1.158732084396596473e-01	-1.026681699489155331e-01	1.935840574972148287e-01	-2.043339696759986501e-01	1.640273066120894185e-01	-1.351390555816110173e-01	1.065493364563315504e-01	-6.437621587179624960e-01	2.962829278939440036e-01	-2.300401984995519011e-01	1.750819417333575045e-01	-1.739583731231838792e-01	9.999999999999970024e-01	-5.886615149139807768e-01	2.520025104105452773e-01	-1.907067878214642465e-01	1.979584219333964668e-01
5.998516340467512781e-02	-5.240525895145708296e-02	5.218231453847670120e-02	-5.995063731315927735e-02	7.026601006443768116e-02	-6.384083276566686338e-02	6.674080528060968853e-02	-6.410668909564992690e-02	6.302020166141682200e-02	-5.331772770335738154e-02	7.901438492405257752e-02	-7.551642711592404522e-02	1.108345450605019988e-01	-6.787054938579009655e-02	8.617787223248510320e-02	-8.281414006908227599e-02	8.179399908033173350e-02	-9.870631510949468002e-02	8.635960346795872045e-02	-8.818839186401015995e-02	1.135784083583762788e-01	-1.080720908889385851e-01	1.342589401772092961e-01	-1.148391347179877342e-01	9.804948852364739342e-02	-1.762829237732545518e-01	1.922428852420019485e-01	-1.747864878490538731e-01	1.354395115700119667e-01	-1.098583282479452389e-01	3.052291920650408441e-01	-4.382393121462838104e-01	2.469304903423793773e-01	-2.132083119047736841e-01	1.784629648530412505e-01	-5.886615149139807768e-01	9.999999999999968914e-01	-5.135841437946641053e-01	2.303419384999680075e-01	-2.466595013502635159e-01
-7.370423966190188525e-02	6.394081252244300517e-02	-6.450962331410615980e-02	7.376368492273194244e-02	-8.827101615961524539e-02	7.723188197744508543e-02	-8.164697744703766635e-02	7.896302412263003778e-02	-7.848164717723110639e-02	6.636012370832029827e-02	-9.594779754886190171e-02	9.152041842038560748e-02	-1.382139417275727589e-01	8.453012150272204428e-02	-1.087681976784977411e-01	9.740190612782599622e-02	-9.847893246788472221e-02	1.208715700532673187e-01	-1.084452711880122822e-01	1.098454285958014309e-01	-1.314745049238357777e-01	1.263671188873985995e-01	-1.721538375865635517e-01	1.412775457785472311e-01	-1.261276468999713851e-01	1.806482451810176582e-01	-2.440410699925192883e-01	2.039213548427478429e-01	-1.865156872324362225e-01	1.450921367469970857e-01	-2.621975411985798532e-01	2.627786290546836878e-01	-3.461049124086816864e-01	2.781380231415493398e-01	-2.581029024274954509e-01	2.520025104105452773e-01	-5.135841437946641053e-01	9.999999999999971134e-01	-5.631564305762944977e-01	2.852717859566014091e-01
6.197232616621816542e-02	-5.422397760562157332e-02	5.481341446941088297e-02	-6.329799092842813835e-02	7.450481446682347131e-02	-6.547351996377179240e-02	6.875199511191898427e-02	-6.743904575773529420e-02	6.683369765836742749e-02	-5.665633658571573444e-02	8.033908080133622676e-02	-7.743305772874699289e-02	1.159656993800067398e-01	-7.298618534879915132e-02	9.263054825925472191e-02	-8.251935613579547413e-02	8.239315432487610835e-02	-1.061650473101296011e-01	9.455212636755942757e-02	-1.002545571918736639e-01	1.084992210678666635e-01	-1.070083814283838142e-01	1.444014204834139781e-01	-1.276989871758713591e-01	1.139203252562076135e-01	-1.561900664923221438e-01	1.877097032786660402e-01	-1.733166935246338025e-01	1.838421785049159096e-01	-1.521188524454472890e-01	1.791421452571597961e-01	-2.052620431240617938e-01	2.409116232956983183e-01	-5.185886575679485855e-01	2.716842935807644577e-01	-1.907067878214642465e-01	2.303419384999680075e-01	-5.631564305762944977e-01	9.999999999999973355e-01	-5.127137308452087705e-01
