1.000000000000000000e+00	-2.472414565887579851e-01	1.252393891345483234e-01	-1.101054991726234805e-01	6.274994264478843398e-02	-1.836260180467848557e-01	1.578057890588412393e-01	-1.422962999419996044e-01	1.554416749830656863e-01	-5.838970974447323103e-02	1.346758797034487420e-01	-1.649421525794904086e-01	1.764424217603980938e-01	-1.753029487756695148e-01	1.836557031130876816e-01	-1.506887237354546660e-01	1.865703983706637481e-01	-2.796337031315927479e-01	2.068614515052923652e-01	-4.212020477432918963e-01	2.291036777782838041e-01	-2.543672713961595000e-01	2.338011650805686958e-01	-2.205552537224865495e-01	2.513629732339634493e-01	-1.938571581838950397e-01	1.989958314162596220e-01	-3.218984591355867342e-01	2.330390240465327889e-01	-4.111182766677031197e-01	2.097213311768535982e-01	-2.246637124201417424e-01	2.089133558288232828e-01	-2.945671767590179457e-01	2.683596070531291677e-01	-2.673798350715161365e-01	1.813582730379481867e-01	-2.825147864921706553e-01	2.235567953935880814e-01	-2.232992579329565741e-01
-2.472414565887579851e-01	9.999999999999998890e-01	-3.597091635568578916e-01	2.324699823118333009e-01	-9.762059200321046570e-02	1.880526462754253392e-01	-6.341029807402200902e-01	3.015304991124002076e-01	-3.615824987264417700e-01	8.759130852828428404e-02	-1.687432550682336219e-01	2.623449100188141037e-01	-3.201237343794516854e-01	1.957943932125607578e-01	-2.302654914770811967e-01	1.380938754301446469e-01	-1.825436203385505940e-01	1.618844950928749749e-01	-1.314788818103799772e-01	1.467258986570219303e-01	-1.601088950561966595e-01	1.074705352902177447e-01	-1.254250193361778343e-01	1.112211892548229109e-01	-1.013563182738982937e-01	1.044002863395160213e-01	-8.771077841569632771e-02	1.280092188509401041e-01	-1.015296223396402742e-01	1.249590150254991372e-01	-1.090893618894485662e-01	9.175865380654060766e-02	-8.577352077207837933e-02	1.133425545663242634e-01	-1.135848468013591211e-01	1.010890022199734534e-01	-7.275887343102523108e-02	1.050277631103794795e-01	-9.246016488566902169e-02	8.144355389658788913e-02
1.252393891345483234e-01	-3.597091635568578916e-01	1.000000000000000000e+00	-7.917693131035443699e-01	9.643425696816602943e-02	-1.271004896541104712e-01	2.105468410619238950e-01	-3.164298148577504577e-01	2.921590038562001390e-01	-9.467585225937816262e-02	9.841237162843675945e-02	-1.661245129730571646e-01	1.830036586729200387e-01	-1.539632201668989786e-01	1.454828970722683301e-01	-8.333007602961478577e-02	1.006815695049914916e-01	-1.110787840904174512e-01	8.644423141397904187e-02	-9.825241539784390632e-02	9.070746201811230591e-02	-6.818407381197387485e-02	7.919904912749410608e-02	-7.374948027976467591e-02	6.425913519034777421e-02	-6.364707777989044024e-02	5.487772191119582449e-02	-8.248900017042744282e-02	6.477072369925843121e-02	-8.075391828733148591e-02	6.478451973713444945e-02	-5.761198998504509644e-02	5.378535861426443632e-02	-7.322054126343505165e-02	6.970027157713294674e-02	-6.373852644352817620e-02	4.550259607130118650e-02	-6.637758386241573993e-02	5.724710210250736481e-02	-5.103279857754231680e-02
-1.101054991726234805e-01	2.324699823118333009e-01	-7.917693131035443699e-01	1.000000000000000000e+00	-1.212150335387237599e-01	1.028255732520165361e-01	-1.855397616982698838e-01	2.428781363897540846e-01	-4.633091570892613476e-01	1.045262173891080559e-01	-8.276676665930522703e-02	1.368546305190804502e-01	-1.694287925069397904e-01	1.542035429032044824e-01	-1.583639663663990726e-01	6.995165489137451786e-02	-8.665074550100179684e-02	9.656194648690516469e-02	-7.934533585664943489e-02	8.537196020662886353e-02	-7.810318542038645340e-02	5.774146172187601123e-02	-6.991035619138662172e-02	6.504331289080056422e-02	-5.693793511909678307e-02	5.388540653997598434e-02	-4.681981038899696301e-02	7.030118982700292452e-02	-5.633281721594268071e-02	6.879491491613698440e-02	-5.555600624857098824e-02	4.882449907518952859e-02	-4.586936493966085188e-02	6.267410300937861778e-02	-6.053948423866959555e-02	5.370310486779226317e-02	-3.860222510077965241e-02	5.622676778470678260e-02	-4.931763416485326901e-02	4.364518917712738311e-02
6.274994264478843398e-02	-9.762059200321046570e-02	9.643425696816602943e-02	-1.212150335387237599e-01	9.999999999999998890e-01	-5.050744139543252020e-02	6.706274473803928993e-02	-8.372910987966229734e-02	1.131614197966428897e-01	-9.586379766578294603e-01	3.879682437614326990e-02	-6.142164426446667519e-02	7.006713280840178026e-02	-1.430796288572883102e-01	1.533253959691414370e-01	-3.540869647988315050e-02	4.343594530166470374e-02	-6.383571596742701471e-02	5.411817306363679581e-02	-6.407606475710293792e-02	4.242118796719986790e-02	-3.474608411895666049e-02	4.417463690767760992e-02	-4.435350825659702123e-02	3.944947131539171953e-02	-3.045565372241537672e-02	2.821919052928820518e-02	-4.394987876500180274e-02	3.616444274903805878e-02	-4.545177623511711951e-02	3.209131177352458203e-02	-2.926985955436893147e-02	2.790712170295348016e-02	-4.017960855537085207e-02	3.805692543212150364e-02	-3.199946061042746592e-02	2.315109954517914279e-02	-3.419470045949375009e-02	3.052924071570520259e-02	-2.718409263774266768e-02
-1.836260180467848557e-01	1.880526462754253392e-01	-1.271004896541104712e-01	1.028255732520165361e-01	-5.050744139543252020e-02	1.000000000000000444e+00	-2.256228596546581422e-01	1.629924839582386764e-01	-1.633157091075637946e-01	4.601256407765532547e-02	-7.807584451662421543e-01	2.735348226901782032e-01	-2.872850372512052441e-01	1.204982739853783513e-01	-1.338222654247638033e-01	2.499708752446184457e-01	-3.094564378742222233e-01	1.323506528149051564e-01	-1.024006679387586549e-01	1.108220289033951533e-01	-2.112786157422719691e-01	1.038168768185632890e-01	-1.043780065676390145e-01	8.986305889801077251e-02	-7.649052900031164115e-02	1.178539719259221186e-01	-8.348659226086142804e-02	1.124173507622467649e-01	-8.459007055962554367e-02	9.966702123096735089e-02	-1.109741140019044614e-01	8.669959528232142054e-02	-7.799092535113198721e-02	9.555084238326530532e-02	-9.267626564962651303e-02	9.551660664849061233e-02	-6.787184413787514248e-02	9.502640589382649328e-02	-7.870070485648184011e-02	6.886113929485496166e-02
1.578057890588412393e-01	-6.341029807402200902e-01	2.105468410619238950e-01	-1.855397616982698838e-01	6.706274473803928993e-02	-2.256228596546581422e-01	1.000000000000000222e+00	-4.804585511002468223e-01	2.622167165749675344e-01	-6.313395205043401126e-02	1.799195163476811909e-01	-4.307290681013825062e-01	2.949368962289141693e-01	-1.571114822427043256e-01	1.556676744562289771e-01	-1.315369603784165287e-01	1.552485854282681377e-01	-1.355039792357519424e-01	1.028437950725419603e-01	-1.115188856865987066e-01	1.242182955826582752e-01	-8.503864245556065626e-02	9.684713187565412162e-02	-8.738905662958258713e-02	7.468610423782756635e-02	-8.385167207645262410e-02	6.836367684219121776e-02	-1.000141733471499456e-01	7.784755549399563490e-02	-9.450660973046164093e-02	8.291256386431715419e-02	-7.156301989480272352e-02	6.619999975119739144e-02	-8.757755487177694420e-02	8.396579542694569687e-02	-7.909218995897408788e-02	5.638112595171271280e-02	-8.136334882311718752e-02	6.955866307513219882e-02	-6.157495910482169155e-02
-1.422962999419996044e-01	3.015304991124002076e-01	-3.164298148577504577e-01	2.428781363897540846e-01	-8.372910987966229734e-02	1.629924839582386764e-01	-4.804585511002468223e-01	1.000000000000000444e+00	-5.878432733422653822e-01	7.841621088827877006e-02	-1.379815229536115462e-01	2.583772906365435773e-01	-4.345293381842300073e-01	1.890320777326535417e-01	-1.861880189467517432e-01	1.058553125029535608e-01	-1.299106031969203823e-01	1.351640466049696676e-01	-1.069485310210603612e-01	1.070655000783120037e-01	-1.084656368605903809e-01	7.696399752548681306e-02	-9.438425519090883065e-02	8.584695269361111714e-02	-7.200667558335367702e-02	7.364291727805581667e-02	-6.233683619404088022e-02	9.260672236629703680e-02	-7.395163327662507280e-02	8.778055529966130588e-02	-7.443723358835206694e-02	6.472696316005926986e-02	-6.055813575477397154e-02	8.169928612641015608e-02	-7.838537430328705591e-02	7.105200065918808316e-02	-5.104521561088977422e-02	7.392684037405572450e-02	-6.438158450733691418e-02	5.671007767957375600e-02
1.554416749830656863e-01	-3.615824987264417700e-01	2.921590038562001390e-01	-4.633091570892613476e-01	1.131614197966428897e-01	-1.633157091075637946e-01	2.622167165749675344e-01	-5.878432733422653822e-01	9.999999999999998890e-01	-1.172507818079853853e-01	1.256738017906020299e-01	-2.223704626459941380e-01	2.484540933270106555e-01	-3.216464265594093375e-01	2.251437577124681400e-01	-1.057303880716858185e-01	1.263824950138154046e-01	-1.525088989120604865e-01	1.231558082124573489e-01	-1.298728820915608650e-01	1.136335234305235475e-01	-8.669263227461096455e-02	1.048960852539987526e-01	-1.007779257201164153e-01	8.431179559969755044e-02	-8.009238107896604619e-02	6.992275412558882075e-02	-1.060669092388934059e-01	8.461159930323093603e-02	-1.032502111796518435e-01	8.161401729468205357e-02	-7.293850890430890466e-02	6.845568639109314568e-02	-9.454664227169919111e-02	8.919833048835464073e-02	-8.026935653133478177e-02	5.754468267691147110e-02	-8.406856333308099227e-02	7.305954744236596576e-02	-6.490329411878081878e-02
-5.838970974447323103e-02	8.759130852828428404e-02	-9.467585225937816262e-02	1.045262173891080559e-01	-9.586379766578294603e-01	4.601256407765532547e-02	-6.313395205043401126e-02	7.841621088827877006e-02	-1.172507818079853853e-01	1.000000000000000222e+00	-3.575649709092257322e-02	5.655118462071412333e-02	-6.646270819469043967e-02	1.318862858338885613e-01	-1.848599417964642277e-01	3.252564221291009972e-02	-4.018135767080552312e-02	5.811576786376633497e-02	-5.029316671712931452e-02	5.866198036383001718e-02	-3.912337203377433403e-02	3.166856580663744009e-02	-4.068207152902789114e-02	4.057223839402168686e-02	-3.679227438404127082e-02	2.787840467530591435e-02	-2.578795277628120192e-02	4.003694571234629046e-02	-3.315338716198395347e-02	4.137471973494397104e-02	-2.946431013213235764e-02	2.670496291192717836e-02	-2.549511382300969145e-02	3.660095849765354625e-02	-3.503365440499680433e-02	2.915455608425831374e-02	-2.113416325936205362e-02	3.117325021266061091e-02	-2.800154613801712419e-02	2.485815630922047839e-02
1.346758797034487420e-01	-1.687432550682336219e-01	9.841237162843675945e-02	-8.276676665930522703e-02	3.879682437614326990e-02	-7.807584451662421543e-01	1.799195163476811909e-01	-1.379815229536115462e-01	1.256738017906020299e-01	-3.575649709092257322e-02	9.999999999999982236e-01	-3.873766489234315991e-01	2.257011316845623783e-01	-9.689690138073538128e-02	1.019846994594320183e-01	-3.435069625872285148e-01	2.491975308372876563e-01	-1.107536351083915349e-01	8.218356074071644923e-02	-9.013913971494856570e-02	1.707528631730436119e-01	-8.772039628577793513e-02	8.414204188923428418e-02	-7.346643499981705960e-02	6.134051045995302792e-02	-1.024177317168137036e-01	6.925543647709223039e-02	-9.339270261902318793e-02	6.892032777735765392e-02	-8.118246550884183899e-02	8.960871101867082245e-02	-7.249021620225583329e-02	6.443721104971202041e-02	-7.870705222905137466e-02	7.447024256664067088e-02	-8.041152360039775793e-02	5.645509008655680283e-02	-7.915097986780002259e-02	6.395581414755988070e-02	-5.626412149777093585e-02
-1.649421525794904086e-01	2.623449100188141037e-01	-1.661245129730571646e-01	1.368546305190804502e-01	-6.142164426446667519e-02	2.735348226901782032e-01	-4.307290681013825062e-01	2.583772906365435773e-01	-2.223704626459941380e-01	5.655118462071412333e-02	-3.873766489234315991e-01	1.000000000000001776e+00	-6.457147465416190890e-01	1.544002884390648922e-01	-1.617957874504626081e-01	1.900492463654830377e-01	-2.537938696408441053e-01	1.548825009617652293e-01	-1.176111767230838961e-01	1.138464346054271353e-01	-1.571686191676930910e-01	9.587324498722410437e-02	-1.105159305373501211e-01	9.596256843971140427e-02	-7.812954977655303668e-02	9.995302401863673247e-02	-7.709414771569698954e-02	1.094784964501061553e-01	-8.520922721394244559e-02	9.812363999976106421e-02	-9.556823869295970331e-02	7.986068389849081128e-02	-7.328394044059335921e-02	9.431209370604010100e-02	-9.035329358510202358e-02	8.774813463623398757e-02	-6.263329198481183691e-02	8.916695050009765255e-02	-7.567414160555668845e-02	6.619035315835970767e-02
1.764424217603980938e-01	-3.201237343794516854e-01	1.830036586729200387e-01	-1.694287925069397904e-01	7.006713280840178026e-02	-2.872850372512052441e-01	2.949368962289141693e-01	-4.345293381842300073e-01	2.484540933270106555e-01	-6.646270819469043967e-02	2.257011316845623783e-01	-6.457147465416190890e-01	1.000000000000001998e+00	-2.183470457123151687e-01	1.849931736302987406e-01	-1.689435363640789389e-01	1.898437095939793096e-01	-2.301266728530628192e-01	1.473391389065114299e-01	-1.364286237061730078e-01	1.501242877862054848e-01	-1.069333037537107955e-01	1.320538120172492780e-01	-1.185212015452835471e-01	9.100507840027000084e-02	-1.040675456062395698e-01	8.581688775896002819e-02	-1.273806293863928296e-01	9.990142025498567613e-02	-1.145975519684475086e-01	1.012621480333841112e-01	-8.886557572214057177e-02	8.253937279368837865e-02	-1.104200900473643332e-01	1.026963716515116032e-01	-9.750167967184886209e-02	6.971187051820412761e-02	-1.005692607329710109e-01	8.579835631101599691e-02	-7.544392607124165984e-02
-1.753029487756695148e-01	1.957943932125607578e-01	-1.539632201668989786e-01	1.542035429032044824e-01	-1.430796288572883102e-01	1.204982739853783513e-01	-1.571114822427043256e-01	1.890320777326535417e-01	-3.216464265594093375e-01	1.318862858338885613e-01	-9.689690138073538128e-02	1.544002884390648922e-01	-2.183470457123151687e-01	1.000000000000000666e+00	-8.033901829315570620e-01	8.947778526511103447e-02	-1.133207599594122511e-01	1.946669547160958802e-01	-2.426957276821472831e-01	1.705881581195491103e-01	-1.124879869490959805e-01	9.177588965283349498e-02	-1.380805120516346296e-01	1.442467882257045253e-01	-1.158309043658420912e-01	7.900024953193951482e-02	-7.612143450340547179e-02	1.196717103495826273e-01	-1.067156263447449627e-01	1.185471754854819648e-01	-8.568865712966940162e-02	7.698243831927337189e-02	-7.502871870047884972e-02	1.104458834597702582e-01	-1.059634459680262875e-01	8.249962581045680587e-02	-6.093092709963315867e-02	8.978332230182270446e-02	-8.377584697692969096e-02	7.287791320757659730e-02
1.836557031130876816e-01	-2.302654914770811967e-01	1.454828970722683301e-01	-1.583639663663990726e-01	1.533253959691414370e-01	-1.338222654247638033e-01	1.556676744562289771e-01	-1.861880189467517432e-01	2.251437577124681400e-01	-1.848599417964642277e-01	1.019846994594320183e-01	-1.617957874504626081e-01	1.849931736302987406e-01	-8.033901829315570620e-01	1.000000000000000888e+00	-9.615055214920797955e-02	1.181532219964519376e-01	-2.116934668655051366e-01	1.911892001938846619e-01	-2.355893664336860260e-01	1.194431455481009818e-01	-1.021166798154031774e-01	1.393549173693462984e-01	-1.501919350119926000e-01	1.322813906286421648e-01	-8.661699023475703807e-02	8.343406573708021801e-02	-1.327626755302326045e-01	1.128889120011777464e-01	-1.406811310931424530e-01	9.277424520451210688e-02	-8.560329008501686709e-02	8.270283369954813113e-02	-1.233235936704766555e-01	1.160773175563524495e-01	-9.259157675454689207e-02	6.765485144269053897e-02	-1.005360737475830268e-01	9.177681153000272207e-02	-8.144149319429128120e-02
-1.506887237354546660e-01	1.380938754301446469e-01	-8.333007602961478577e-02	6.995165489137451786e-02	-3.540869647988315050e-02	2.499708752446184457e-01	-1.315369603784165287e-01	1.058553125029535608e-01	-1.057303880716858185e-01	3.252564221291009972e-02	-3.435069625872285148e-01	1.900492463654830377e-01	-1.689435363640789389e-01	8.947778526511103447e-02	-9.615055214920797955e-02	1.000000000000001332e+00	-7.450629248020479434e-01	1.243291889757385665e-01	-9.181843924686036718e-02	1.039271528368948955e-01	-4.273386383141494771e-01	1.318803746347494144e-01	-1.027596259450627575e-01	8.787660485015860723e-02	-7.166288923547739498e-02	1.798473831067984585e-01	-1.025425611757872224e-01	1.250522122138879311e-01	-8.698779812423697300e-02	9.847039272806656918e-02	-1.417734126287940877e-01	1.058790753441208043e-01	-9.028574121393176388e-02	1.010188940693598630e-01	-9.398691284597909812e-02	1.171334141175957438e-01	-8.133822215027229630e-02	1.103166025187255483e-01	-8.399900479924521379e-02	7.319634158433532822e-02
1.865703983706637481e-01	-1.825436203385505940e-01	1.006815695049914916e-01	-8.665074550100179684e-02	4.343594530166470374e-02	-3.094564378742222233e-01	1.552485854282681377e-01	-1.299106031969203823e-01	1.263824950138154046e-01	-4.018135767080552312e-02	2.491975308372876563e-01	-2.537938696408441053e-01	1.898437095939793096e-01	-1.133207599594122511e-01	1.181532219964519376e-01	-7.450629248020479434e-01	9.999999999999997780e-01	-1.733029121677721052e-01	1.202847754172474415e-01	-1.401083663853441574e-01	2.807450375300803991e-01	-1.782136787790682686e-01	1.347451666955900573e-01	-1.178560204649196780e-01	9.498168745169277560e-02	-2.151204306764849805e-01	1.320612145551242622e-01	-1.693573672939973629e-01	1.158454500010651922e-01	-1.330012066879867616e-01	1.617518712759060950e-01	-1.402978636469611184e-01	1.190785065772104190e-01	-1.369118892499110451e-01	1.233937582596591337e-01	-1.588316420840311383e-01	1.076678687402978507e-01	-1.490352844685166045e-01	1.109537530479784984e-01	-9.806551438561381118e-02
-2.796337031315927479e-01	1.618844950928749749e-01	-1.110787840904174512e-01	9.656194648690516469e-02	-6.383571596742701471e-02	1.323506528149051564e-01	-1.355039792357519424e-01	1.351640466049696676e-01	-1.525088989120604865e-01	5.811576786376633497e-02	-1.107536351083915349e-01	1.548825009617652293e-01	-2.301266728530628192e-01	1.946669547160958802e-01	-2.116934668655051366e-01	1.243291889757385665e-01	-1.733029121677721052e-01	1.000000000000000444e+00	-6.519907753092613056e-01	1.988552251482725020e-01	-1.838522774684869521e-01	1.633243675222127156e-01	-4.540786738893671792e-01	3.084193496296864234e-01	-1.529062061745591616e-01	1.270797964016417425e-01	-1.432441756605516148e-01	2.300957643403115371e-01	-2.177491865835719520e-01	1.704600147847175340e-01	-1.482872179180544370e-01	1.318166278093168553e-01	-1.363787132001112457e-01	1.953582410619410792e-01	-1.797205887798221657e-01	1.332243875261906463e-01	-1.039500535433962036e-01	1.509566300424195207e-01	-1.480835711443743430e-01	1.211341730186848015e-01
2.068614515052923652e-01	-1.314788818103799772e-01	8.644423141397904187e-02	-7.934533585664943489e-02	5.411817306363679581e-02	-1.024006679387586549e-01	1.028437950725419603e-01	-1.069485310210603612e-01	1.231558082124573489e-01	-5.029316671712931452e-02	8.218356074071644923e-02	-1.176111767230838961e-01	1.473391389065114299e-01	-2.426957276821472831e-01	1.911892001938846619e-01	-9.181843924686036718e-02	1.202847754172474415e-01	-6.519907753092613056e-01	9.999999999999997780e-01	-2.174768029108606060e-01	1.348081430792918700e-01	-1.354306322199885504e-01	2.947824258528926045e-01	-5.566163005599391589e-01	1.398765367041154284e-01	-9.833821914705284661e-02	1.147204464433659588e-01	-2.032391751334397256e-01	2.039523944636061903e-01	-1.531174021191836765e-01	1.131429839494737383e-01	-1.077442190902576369e-01	1.112369194241375342e-01	-1.953794166693106904e-01	1.455163241146628372e-01	-1.083324655897491828e-01	8.391146609309446669e-02	-1.255617281833224241e-01	1.204659737131992953e-01	-1.010153539579167759e-01
-4.212020477432918963e-01	1.467258986570219303e-01	-9.825241539784390632e-02	8.537196020662886353e-02	-6.407606475710293792e-02	1.108220289033951533e-01	-1.115188856865987066e-01	1.070655000783120037e-01	-1.298728820915608650e-01	5.866198036383001718e-02	-9.013913971494856570e-02	1.138464346054271353e-01	-1.364286237061730078e-01	1.705881581195491103e-01	-2.355893664336860260e-01	1.039271528368948955e-01	-1.401083663853441574e-01	1.988552251482725020e-01	-2.174768029108606060e-01	9.999999999999971134e-01	-1.706172663526110411e-01	1.384500039211895572e-01	-1.794637227675522084e-01	1.681949331412845583e-01	-6.797744452661143022e-01	1.190931379345971236e-01	-1.176505402725109284e-01	1.809821689303874881e-01	-1.707941487420137072e-01	3.137140459363252920e-01	-1.406438478185606245e-01	1.237203759132902287e-01	-1.232652316983447877e-01	1.801359303765242559e-01	-2.598438286497530281e-01	1.340052968410992973e-01	-1.004139509785705597e-01	1.518137259953314389e-01	-1.676470529267178877e-01	1.488067790740863483e-01
2.291036777782838041e-01	-1.601088950561966595e-01	9.070746201811230591e-02	-7.810318542038645340e-02	4.242118796719986790e-02	-2.112786157422719691e-01	1.242182955826582752e-01	-1.084656368605903809e-01	1.136335234305235475e-01	-3.912337203377433403e-02	1.707528631730436119e-01	-1.571686191676930910e-01	1.501242877862054848e-01	-1.124879869490959805e-01	1.194431455481009818e-01	-4.273386383141494771e-01	2.807450375300803991e-01	-1.838522774684869521e-01	1.348081430792918700e-01	-1.706172663526110411e-01	1.000000000000003553e+00	-2.852177640406831083e-01	1.696896140853242918e-01	-1.457768030519802638e-01	1.176162443824813608e-01	-5.522835810638616616e-01	2.065243635230739894e-01	-2.396582182421948537e-01	1.537413649264151583e-01	-1.705603554195422311e-01	2.862535114301422157e-01	-2.216660147047166962e-01	1.780636279853345105e-01	-1.848780285083337360e-01	1.652054734675817982e-01	-2.480106351681427568e-01	1.659925950442303622e-01	-2.218124464820461772e-01	1.547768576555435538e-01	-1.354132092706388790e-01
-2.543672713961595000e-01	1.074705352902177447e-01	-6.818407381197387485e-02	5.774146172187601123e-02	-3.474608411895666049e-02	1.038168768185632890e-01	-8.503864245556065626e-02	7.696399752548681306e-02	-8.669263227461096455e-02	3.166856580663744009e-02	-8.772039628577793513e-02	9.587324498722410437e-02	-1.069333037537107955e-01	9.177588965283349498e-02	-1.021166798154031774e-01	1.318803746347494144e-01	-1.782136787790682686e-01	1.633243675222127156e-01	-1.354306322199885504e-01	1.384500039211895572e-01	-2.852177640406831083e-01	9.999999999999964473e-01	-2.485116879412477553e-01	1.555456422652108095e-01	-1.066989838459297957e-01	2.017046508724752996e-01	-7.711333448248380851e-01	2.741418431114027721e-01	-1.750437966596253558e-01	1.448558634453585847e-01	-2.405590659902719364e-01	2.313398274577266323e-01	-2.063015827517392098e-01	1.715017178811779341e-01	-1.746282319609955280e-01	1.823145269283002190e-01	-1.684987722334775617e-01	1.921263736836820724e-01	-1.611372278173419936e-01	1.246790418562377101e-01
2.338011650805686958e-01	-1.254250193361778343e-01	7.919904912749410608e-02	-6.991035619138662172e-02	4.417463690767760992e-02	-1.043780065676390145e-01	9.684713187565412162e-02	-9.438425519090883065e-02	1.048960852539987526e-01	-4.068207152902789114e-02	8.414204188923428418e-02	-1.105159305373501211e-01	1.320538120172492780e-01	-1.380805120516346296e-01	1.393549173693462984e-01	-1.027596259450627575e-01	1.347451666955900573e-01	-4.540786738893671792e-01	2.947824258528926045e-01	-1.794637227675522084e-01	1.696896140853242918e-01	-2.485116879412477553e-01	9.999999999999996669e-01	-5.846802662392911465e-01	1.335289445627480254e-01	-1.311749800610691463e-01	1.946013190699817652e-01	-4.502060625666226001e-01	2.602440876082577348e-01	-1.728895968994637045e-01	1.535093356368353035e-01	-1.619405947685809422e-01	1.722156730161134575e-01	-2.530337569871440317e-01	1.768370567411496896e-01	-1.496125384142201753e-01	1.205193983217458242e-01	-1.816559284652412010e-01	1.569003884102443125e-01	-1.286594654525307913e-01
-2.205552537224865495e-01	1.112211892548229109e-01	-7.374948027976467591e-02	6.504331289080056422e-02	-4.435350825659702123e-02	8.986305889801077251e-02	-8.738905662958258713e-02	8.584695269361111714e-02	-1.007779257201164153e-01	4.057223839402168686e-02	-7.346643499981705960e-02	9.596256843971140427e-02	-1.185212015452835471e-01	1.442467882257045253e-01	-1.501919350119926000e-01	8.787660485015860723e-02	-1.178560204649196780e-01	3.084193496296864234e-01	-5.566163005599391589e-01	1.681949331412845583e-01	-1.457768030519802638e-01	1.555456422652108095e-01	-5.846802662392911465e-01	1.000000000000000666e+00	-1.360950082502600522e-01	1.062277831969211661e-01	-1.388750469685888778e-01	2.489822834452627698e-01	-3.828217111265143635e-01	1.588523185078197786e-01	-1.277183576996900050e-01	1.220576880954474808e-01	-1.326013594082013081e-01	2.346924403461938813e-01	-1.671914603887471040e-01	1.181605974913810531e-01	-9.500585922579554699e-02	1.410246907654795767e-01	-1.423650917486790068e-01	1.138184611321139683e-01
2.513629732339634493e-01	-1.013563182738982937e-01	6.425913519034777421e-02	-5.693793511909678307e-02	3.944947131539171953e-02	-7.649052900031164115e-02	7.468610423782756635e-02	-7.200667558335367702e-02	8.431179559969755044e-02	-3.679227438404127082e-02	6.134051045995302792e-02	-7.812954977655303668e-02	9.100507840027000084e-02	-1.158309043658420912e-01	1.322813906286421648e-01	-7.166288923547739498e-02	9.498168745169277560e-02	-1.529062061745591616e-01	1.398765367041154284e-01	-6.797744452661143022e-01	1.176162443824813608e-01	-1.066989838459297957e-01	1.335289445627480254e-01	-1.360950082502600522e-01	1.000000000000000888e+00	-8.616703492083990779e-02	9.000091815279591401e-02	-1.467535939896168207e-01	1.459095235732958962e-01	-6.107271136243769272e-01	1.011263948907057814e-01	-9.504444659565228215e-02	9.561828369162403418e-02	-1.571050564198432642e-01	2.072876612342375025e-01	-1.026252895415400573e-01	7.674859733902239523e-02	-1.200118532904086155e-01	1.290232609431889166e-01	-1.272995579033223135e-01
-1.938571581838950397e-01	1.044002863395160213e-01	-6.364707777989044024e-02	5.388540653997598434e-02	-3.045565372241537672e-02	1.178539719259221186e-01	-8.385167207645262410e-02	7.364291727805581667e-02	-8.009238107896604619e-02	2.787840467530591435e-02	-1.024177317168137036e-01	9.995302401863673247e-02	-1.040675456062395698e-01	7.900024953193951482e-02	-8.661699023475703807e-02	1.798473831067984585e-01	-2.151204306764849805e-01	1.270797964016417425e-01	-9.833821914705284661e-02	1.190931379345971236e-01	-5.522835810638616616e-01	2.017046508724752996e-01	-1.311749800610691463e-01	1.062277831969211661e-01	-8.616703492083990779e-02	1.000000000000000222e+00	-2.091020400112619526e-01	1.820276379828408009e-01	-1.183737756777772099e-01	1.219702737159402695e-01	-6.796348047926255020e-01	2.058652664682808497e-01	-1.634415917637666582e-01	1.356218282358530314e-01	-1.337273547316571998e-01	1.983524410950141259e-01	-1.530397600415915604e-01	1.745313752933687623e-01	-1.275700670215043353e-01	1.040445093889146161e-01
1.989958314162596220e-01	-8.771077841569632771e-02	5.487772191119582449e-02	-4.681981038899696301e-02	2.821919052928820518e-02	-8.348659226086142804e-02	6.836367684219121776e-02	-6.233683619404088022e-02	6.992275412558882075e-02	-2.578795277628120192e-02	6.925543647709223039e-02	-7.709414771569698954e-02	8.581688775896002819e-02	-7.612143450340547179e-02	8.343406573708021801e-02	-1.025425611757872224e-01	1.320612145551242622e-01	-1.432441756605516148e-01	1.147204464433659588e-01	-1.176505402725109284e-01	2.065243635230739894e-01	-7.711333448248380851e-01	1.946013190699817652e-01	-1.388750469685888778e-01	9.000091815279591401e-02	-2.091020400112619526e-01	9.999999999999992228e-01	-3.833424752548817982e-01	1.603013050190423561e-01	-1.252368165407114764e-01	2.095220433564563556e-01	-3.229570838917011355e-01	2.115436997128286312e-01	-1.634987979320587093e-01	1.469515457824349114e-01	-1.899306294186036415e-01	1.687784019007034786e-01	-1.980790695927707179e-01	1.421676924014697030e-01	-1.111090964805334508e-01
-3.218984591355867342e-01	1.280092188509401041e-01	-8.248900017042744282e-02	7.030118982700292452e-02	-4.394987876500180274e-02	1.124173507622467649e-01	-1.000141733471499456e-01	9.260672236629703680e-02	-1.060669092388934059e-01	4.003694571234629046e-02	-9.339270261902318793e-02	1.094784964501061553e-01	-1.273806293863928296e-01	1.196717103495826273e-01	-1.327626755302326045e-01	1.250522122138879311e-01	-1.693573672939973629e-01	2.300957643403115371e-01	-2.032391751334397256e-01	1.809821689303874881e-01	-2.396582182421948537e-01	2.741418431114027721e-01	-4.502060625666226001e-01	2.489822834452627698e-01	-1.467535939896168207e-01	1.820276379828408009e-01	-3.833424752548817982e-01	9.999999999999954481e-01	-3.939887239896810445e-01	1.970591390062630954e-01	-2.354409228455560388e-01	2.466296769597934591e-01	-3.689703423100301749e-01	2.725417067004486382e-01	-2.454744524409028794e-01	2.020407242204328990e-01	-1.837916642131730283e-01	2.556147568704136841e-01	-2.294777458358356337e-01	1.699669448737441135e-01
2.330390240465327889e-01	-1.015296223396402742e-01	6.477072369925843121e-02	-5.633281721594268071e-02	3.616444274903805878e-02	-8.459007055962554367e-02	7.784755549399563490e-02	-7.395163327662507280e-02	8.461159930323093603e-02	-3.315338716198395347e-02	6.892032777735765392e-02	-8.520922721394244559e-02	9.990142025498567613e-02	-1.067156263447449627e-01	1.128889120011777464e-01	-8.698779812423697300e-02	1.158454500010651922e-01	-2.177491865835719520e-01	2.039523944636061903e-01	-1.707941487420137072e-01	1.537413649264151583e-01	-1.750437966596253558e-01	2.602440876082577348e-01	-3.828217111265143635e-01	1.459095235732958962e-01	-1.183737756777772099e-01	1.603013050190423561e-01	-3.939887239896810445e-01	9.999999999999970024e-01	-2.374918889557620094e-01	1.441881929471142687e-01	-1.524073165569785893e-01	1.730109105656952861e-01	-7.001445535851354984e-01	2.180553287715966126e-01	-1.430762708503587888e-01	1.163071857369688406e-01	-1.859651642209307898e-01	1.956479671306678991e-01	-1.590219259669210239e-01
-4.111182766677031197e-01	1.249590150254991372e-01	-8.075391828733148591e-02	6.879491491613698440e-02	-4.545177623511711951e-02	9.966702123096735089e-02	-9.450660973046164093e-02	8.778055529966130588e-02	-1.032502111796518435e-01	4.137471973494397104e-02	-8.118246550884183899e-02	9.812363999976106421e-02	-1.145975519684475086e-01	1.185471754854819648e-01	-1.406811310931424530e-01	9.847039272806656918e-02	-1.330012066879867616e-01	1.704600147847175340e-01	-1.531174021191836765e-01	3.137140459363252920e-01	-1.705603554195422311e-01	1.448558634453585847e-01	-1.728895968994637045e-01	1.588523185078197786e-01	-6.107271136243769272e-01	1.219702737159402695e-01	-1.252368165407114764e-01	1.970591390062630954e-01	-2.374918889557620094e-01	1.000000000000001332e+00	-1.471698330061763926e-01	1.335570805101106151e-01	-1.369409444854515490e-01	2.206616513493456222e-01	-4.344649227989870743e-01	1.437864640486280765e-01	-1.093860125851799092e-01	1.709514543973076894e-01	-2.110040685187111742e-01	1.999485494082754167e-01
2.097213311768535982e-01	-1.090893618894485662e-01	6.478451973713444945e-02	-5.555600624857098824e-02	3.209131177352458203e-02	-1.109741140019044614e-01	8.291256386431715419e-02	-7.443723358835206694e-02	8.161401729468205357e-02	-2.946431013213235764e-02	8.960871101867082245e-02	-9.556823869295970331e-02	1.012621480333841112e-01	-8.568865712966940162e-02	9.277424520451210688e-02	-1.417734126287940877e-01	1.617518712759060950e-01	-1.482872179180544370e-01	1.131429839494737383e-01	-1.406438478185606245e-01	2.862535114301422157e-01	-2.405590659902719364e-01	1.535093356368353035e-01	-1.277183576996900050e-01	1.011263948907057814e-01	-6.796348047926255020e-01	2.095220433564563556e-01	-2.354409228455560388e-01	1.441881929471142687e-01	-1.471698330061763926e-01	9.999999999999984457e-01	-3.635348251839076728e-01	2.187072289673116232e-01	-1.724693072638992242e-01	1.585109153671536708e-01	-3.345343279642799539e-01	2.206226020692986789e-01	-2.556735885010312237e-01	1.586738465526981723e-01	-1.325608980802898129e-01
-2.246637124201417424e-01	9.175865380654060766e-02	-5.761198998504509644e-02	4.882449907518952859e-02	-2.926985955436893147e-02	8.669959528232142054e-02	-7.156301989480272352e-02	6.472696316005926986e-02	-7.293850890430890466e-02	2.670496291192717836e-02	-7.249021620225583329e-02	7.986068389849081128e-02	-8.886557572214057177e-02	7.698243831927337189e-02	-8.560329008501686709e-02	1.058790753441208043e-01	-1.402978636469611184e-01	1.318166278093168553e-01	-1.077442190902576369e-01	1.237203759132902287e-01	-2.216660147047166962e-01	2.313398274577266323e-01	-1.619405947685809422e-01	1.220576880954474808e-01	-9.504444659565228215e-02	2.058652664682808497e-01	-3.229570838917011355e-01	2.466296769597934591e-01	-1.524073165569785893e-01	1.335570805101106151e-01	-3.635348251839076728e-01	1.000000000000000222e+00	-5.612775757104233598e-01	1.664125342682057085e-01	-1.705937176316497383e-01	2.890620731500762042e-01	-4.767013333697160404e-01	2.973011421392537379e-01	-1.859798104749160186e-01	1.339526755385979928e-01
2.089133558288232828e-01	-8.577352077207837933e-02	5.378535861426443632e-02	-4.586936493966085188e-02	2.790712170295348016e-02	-7.799092535113198721e-02	6.619999975119739144e-02	-6.055813575477397154e-02	6.845568639109314568e-02	-2.549511382300969145e-02	6.443721104971202041e-02	-7.328394044059335921e-02	8.253937279368837865e-02	-7.502871870047884972e-02	8.270283369954813113e-02	-9.028574121393176388e-02	1.190785065772104190e-01	-1.363787132001112457e-01	1.112369194241375342e-01	-1.232652316983447877e-01	1.780636279853345105e-01	-2.063015827517392098e-01	1.722156730161134575e-01	-1.326013594082013081e-01	9.561828369162403418e-02	-1.634415917637666582e-01	2.115436997128286312e-01	-3.689703423100301749e-01	1.730109105656952861e-01	-1.369409444854515490e-01	2.187072289673116232e-01	-5.612775757104233598e-01	9.999999999999997780e-01	-2.050019921230203102e-01	1.751685992557989457e-01	-2.538799828762497990e-01	2.536771447195861895e-01	-5.951634643205396813e-01	2.089796112622132052e-01	-1.547337111228587747e-01
-2.945671767590179457e-01	1.133425545663242634e-01	-7.322054126343505165e-02	6.267410300937861778e-02	-4.017960855537085207e-02	9.555084238326530532e-02	-8.757755487177694420e-02	8.169928612641015608e-02	-9.454664227169919111e-02	3.660095849765354625e-02	-7.870705222905137466e-02	9.431209370604010100e-02	-1.104200900473643332e-01	1.104458834597702582e-01	-1.233235936704766555e-01	1.010188940693598630e-01	-1.369118892499110451e-01	1.953582410619410792e-01	-1.953794166693106904e-01	1.801359303765242559e-01	-1.848780285083337360e-01	1.715017178811779341e-01	-2.530337569871440317e-01	2.346924403461938813e-01	-1.571050564198432642e-01	1.356218282358530314e-01	-1.634987979320587093e-01	2.725417067004486382e-01	-7.001445535851354984e-01	2.206616513493456222e-01	-1.724693072638992242e-01	1.664125342682057085e-01	-2.050019921230203102e-01	9.999999999999995559e-01	-3.334913974823475735e-01	1.606730133610312083e-01	-1.337761653095275172e-01	2.108541476070388831e-01	-3.177696644167976592e-01	2.119057282846915913e-01
2.683596070531291677e-01	-1.135848468013591211e-01	6.970027157713294674e-02	-6.053948423866959555e-02	3.805692543212150364e-02	-9.267626564962651303e-02	8.396579542694569687e-02	-7.838537430328705591e-02	8.919833048835464073e-02	-3.503365440499680433e-02	7.447024256664067088e-02	-9.035329358510202358e-02	1.026963716515116032e-01	-1.059634459680262875e-01	1.160773175563524495e-01	-9.398691284597909812e-02	1.233937582596591337e-01	-1.797205887798221657e-01	1.455163241146628372e-01	-2.598438286497530281e-01	1.652054734675817982e-01	-1.746282319609955280e-01	1.768370567411496896e-01	-1.671914603887471040e-01	2.072876612342375025e-01	-1.337273547316571998e-01	1.469515457824349114e-01	-2.454744524409028794e-01	2.180553287715966126e-01	-4.344649227989870743e-01	1.585109153671536708e-01	-1.705937176316497383e-01	1.751685992557989457e-01	-3.334913974823475735e-01	9.999999999999998890e-01	-1.901126740353928923e-01	1.407493239139970542e-01	-2.534192743277871585e-01	3.028796269611979119e-01	-5.898903626754192775e-01
-2.673798350715161365e-01	1.010890022199734534e-01	-6.373852644352817620e-02	5.370310486779226317e-02	-3.199946061042746592e-02	9.551660664849061233e-02	-7.909218995897408788e-02	7.105200065918808316e-02	-8.026935653133478177e-02	2.915455608425831374e-02	-8.041152360039775793e-02	8.774813463623398757e-02	-9.750167967184886209e-02	8.249962581045680587e-02	-9.259157675454689207e-02	1.171334141175957438e-01	-1.588316420840311383e-01	1.332243875261906463e-01	-1.083324655897491828e-01	1.340052968410992973e-01	-2.480106351681427568e-01	1.823145269283002190e-01	-1.496125384142201753e-01	1.181605974913810531e-01	-1.026252895415400573e-01	1.983524410950141259e-01	-1.899306294186036415e-01	2.020407242204328990e-01	-1.430762708503587888e-01	1.437864640486280765e-01	-3.345343279642799539e-01	2.890620731500762042e-01	-2.538799828762497990e-01	1.606730133610312083e-01	-1.901126740353928923e-01	9.999999999999998890e-01	-7.283769582622611205e-01	2.580766909919878227e-01	-1.981682649511836702e-01	1.408842578614946661e-01
1.813582730379481867e-01	-7.275887343102523108e-02	4.550259607130118650e-02	-3.860222510077965241e-02	2.315109954517914279e-02	-6.787184413787514248e-02	5.638112595171271280e-02	-5.104521561088977422e-02	5.754468267691147110e-02	-2.113416325936205362e-02	5.645509008655680283e-02	-6.263329198481183691e-02	6.971187051820412761e-02	-6.093092709963315867e-02	6.765485144269053897e-02	-8.133822215027229630e-02	1.076678687402978507e-01	-1.039500535433962036e-01	8.391146609309446669e-02	-1.004139509785705597e-01	1.659925950442303622e-01	-1.684987722334775617e-01	1.205193983217458242e-01	-9.500585922579554699e-02	7.674859733902239523e-02	-1.530397600415915604e-01	1.687784019007034786e-01	-1.837916642131730283e-01	1.163071857369688406e-01	-1.093860125851799092e-01	2.206226020692986789e-01	-4.767013333697160404e-01	2.536771447195861895e-01	-1.337761653095275172e-01	1.407493239139970542e-01	-7.283769582622611205e-01	1.000000000000000222e+00	-3.456786590289900873e-01	1.595567609237753814e-01	-1.173576860087150175e-01
-2.825147864921706553e-01	1.050277631103794795e-01	-6.637758386241573993e-02	5.622676778470678260e-02	-3.419470045949375009e-02	9.502640589382649328e-02	-8.136334882311718752e-02	7.392684037405572450e-02	-8.406856333308099227e-02	3.117325021266061091e-02	-7.915097986780002259e-02	8.916695050009765255e-02	-1.005692607329710109e-01	8.978332230182270446e-02	-1.005360737475830268e-01	1.103166025187255483e-01	-1.490352844685166045e-01	1.509566300424195207e-01	-1.255617281833224241e-01	1.518137259953314389e-01	-2.218124464820461772e-01	1.921263736836820724e-01	-1.816559284652412010e-01	1.410246907654795767e-01	-1.200118532904086155e-01	1.745313752933687623e-01	-1.980790695927707179e-01	2.556147568704136841e-01	-1.859651642209307898e-01	1.709514543973076894e-01	-2.556735885010312237e-01	2.973011421392537379e-01	-5.951634643205396813e-01	2.108541476070388831e-01	-2.534192743277871585e-01	2.580766909919878227e-01	-3.456786590289900873e-01	1.000000000000000444e+00	-4.112047928006996034e-01	2.181388567616550644e-01
2.235567953935880814e-01	-9.246016488566902169e-02	5.724710210250736481e-02	-4.931763416485326901e-02	3.052924071570520259e-02	-7.870070485648184011e-02	6.955866307513219882e-02	-6.438158450733691418e-02	7.305954744236596576e-02	-2.800154613801712419e-02	6.395581414755988070e-02	-7.567414160555668845e-02	8.579835631101599691e-02	-8.377584697692969096e-02	9.177681153000272207e-02	-8.399900479924521379e-02	1.109537530479784984e-01	-1.480835711443743430e-01	1.204659737131992953e-01	-1.676470529267178877e-01	1.547768576555435538e-01	-1.611372278173419936e-01	1.569003884102443125e-01	-1.423650917486790068e-01	1.290232609431889166e-01	-1.275700670215043353e-01	1.421676924014697030e-01	-2.294777458358356337e-01	1.956479671306678991e-01	-2.110040685187111742e-01	1.586738465526981723e-01	-1.859798104749160186e-01	2.089796112622132052e-01	-3.177696644167976592e-01	3.028796269611979119e-01	-1.981682649511836702e-01	1.595567609237753814e-01	-4.112047928006996034e-01	1.000000000000000444e+00	-6.787909677116675811e-01
