1.000000000000000000e+00	-6.200701859855315412e-01	1.724219190791292100e-01	-1.834134241161758383e-01	1.188504605944101095e-01	-6.053082072242493838e-01	3.075854074991330456e-01	-2.174396420883835668e-01	2.026106183827700857e-01	-1.063802454119116420e-01	2.223070339776598014e-01	-1.815911621656578767e-01	1.786973591648007564e-01	-1.458811733513688536e-01	1.620738381962740504e-01	-1.122065705016436488e-01	9.942529356496644655e-02	-9.955759584499601633e-02	1.301963574173246041e-01	-1.661304908061366492e-01	8.224005404836429167e-02	-8.765479208982437931e-02	9.763736955609352008e-02	-1.449734966723461860e-01	1.064794673216735432e-01	-8.482308980180379432e-02	7.230883418912507909e-02	-1.030011198427906172e-01	8.111492641100925827e-02	-1.305632736731114629e-01	5.262868978605746151e-02	-5.979404185430017143e-02	6.765408452704421705e-02	-1.166244829622138240e-01	1.042314464389121342e-01	-6.252298959061060313e-02	4.660910590567726719e-02	-6.223299823893800597e-02	3.975453916786210462e-02	-5.465755836182981109e-02
-6.200701859855315412e-01	9.999999999999997780e-01	-3.102751791005122772e-01	2.280873251271448576e-01	-1.736555342512212385e-01	3.035036448912741269e-01	-4.377784885467398968e-01	2.574687191764573613e-01	-3.016907345853157563e-01	1.437773093540348490e-01	-2.805083364297539794e-01	2.021286096323626491e-01	-2.352607179289125938e-01	1.815960702070779920e-01	-2.210606640063677852e-01	1.209437181777573284e-01	-1.144193897455672987e-01	1.105587020907154577e-01	-1.567575640669368886e-01	1.763510968331461204e-01	-9.154873511149096144e-02	9.464859883466542056e-02	-1.116723289752860893e-01	1.556890154109239754e-01	-1.152307174181712718e-01	8.539618870480750190e-02	-7.448723268450624380e-02	1.019014484002651183e-01	-8.258285971460314900e-02	1.305828086641206975e-01	-5.345649423843341214e-02	5.975505218229976157e-02	-6.765662607431571773e-02	1.143576635262041480e-01	-1.088833092562164762e-01	6.115273264950653320e-02	-4.616432961896780457e-02	6.104284873840275238e-02	-3.928976052726073503e-02	5.350768091505615082e-02
1.724219190791292100e-01	-3.102751791005122772e-01	9.999999999999996669e-01	-8.519675892645309778e-01	1.574745293928501155e-01	-1.325695724785942720e-01	1.734960738941533909e-01	-2.777879356081489060e-01	2.257227365047894951e-01	-1.418734153821399890e-01	1.390754168549131198e-01	-1.210235460016551162e-01	1.508091347045594222e-01	-1.280081630849853880e-01	1.417771008041703584e-01	-7.282087599434951264e-02	6.758165496032970954e-02	-6.877574809158375213e-02	1.018418432861246531e-01	-1.231245915495971927e-01	5.510911624027995531e-02	-5.842968387301988864e-02	6.751173530500090281e-02	-1.061845784787578267e-01	7.666122047306175857e-02	-5.559824942750134918e-02	4.791293578157981847e-02	-6.776245638883485189e-02	5.420517804442892551e-02	-8.920842736789855176e-02	3.473850276696483635e-02	-3.926128623846692617e-02	4.474933034713990399e-02	-7.712406740737745570e-02	7.152975969485386720e-02	-4.091589362703794419e-02	3.064927554188346878e-02	-4.085731026328885684e-02	2.622567943244158428e-02	-3.592446584913749907e-02
-1.834134241161758383e-01	2.280873251271448576e-01	-8.519675892645309778e-01	9.999999999999998890e-01	-2.197693094433066652e-01	1.314975259017595044e-01	-1.799898086710296774e-01	2.237265311464628481e-01	-2.837565096780840790e-01	1.601090049724735731e-01	-1.506466831427414332e-01	1.238407859479505324e-01	-1.612467701250877572e-01	1.373454998977435559e-01	-1.627063312776896586e-01	7.491656364104695709e-02	-7.056517807540858833e-02	7.094649242072625928e-02	-1.092414002009069601e-01	1.259517348716121254e-01	-5.709403147134518158e-02	6.002903801820828888e-02	-7.048142716344157899e-02	1.090684959832409623e-01	-7.903427049808056659e-02	5.602406304647516294e-02	-4.860928838760004284e-02	6.793005310126441765e-02	-5.482780807396218925e-02	8.972140445213731830e-02	-3.510644377433371627e-02	3.948544349663881542e-02	-4.502156116951745723e-02	7.712456803825933072e-02	-7.295130726995925630e-02	4.088768388443733692e-02	-3.074587134892459162e-02	4.086406830334933515e-02	-2.629299304676147031e-02	3.591172518302489236e-02
1.188504605944101095e-01	-1.736555342512212385e-01	1.574745293928501155e-01	-2.197693094433066652e-01	1.000000000000000444e+00	-1.028084251984190817e-01	1.250703705781925079e-01	-1.770215464519400150e-01	2.197021101796766407e-01	-8.601868930056038032e-01	1.317162153493666721e-01	-1.213143477402873066e-01	1.457851674446220547e-01	-1.797589949767622597e-01	2.292930136513505190e-01	-8.226182903822941428e-02	7.422812624576356766e-02	-7.901762566840071778e-02	1.341207744701105598e-01	-1.852681338000233824e-01	6.347359613830910741e-02	-6.853334077312289718e-02	7.800041465965706911e-02	-1.474744434523995729e-01	1.053155748216485221e-01	-7.005149413860362051e-02	5.997708459936169911e-02	-8.784007269464970402e-02	7.006447271178201097e-02	-1.222909489838385905e-01	4.401529939391259083e-02	-5.020585905404265775e-02	5.804382789726870995e-02	-1.021661835227696546e-01	9.442118618864948909e-02	-5.338479798392235798e-02	3.977485471889327662e-02	-5.343800565037443162e-02	3.432276342874800851e-02	-4.720183305827401615e-02
-6.053082072242493838e-01	3.035036448912741269e-01	-1.325695724785942720e-01	1.314975259017595044e-01	-1.028084251984190817e-01	1.000000000000000000e+00	-6.302981015155401101e-01	2.200550323980626222e-01	-2.082089603078062512e-01	9.163281468875425495e-02	-2.912321219045415632e-01	1.872930468732456610e-01	-1.802620878389592507e-01	1.313587682268903545e-01	-1.410453788094370442e-01	1.000301315165759847e-01	-9.118207399334801733e-02	8.696354534842364037e-02	-1.102226090922392987e-01	1.317411443028521367e-01	-7.091228739606812714e-02	7.430509294278762888e-02	-8.431789195238409418e-02	1.167972378803313754e-01	-8.479578038627037795e-02	6.689442315976261433e-02	-5.754016137065886410e-02	7.975620465991227481e-02	-6.338754045379764446e-02	1.006761816148676603e-01	-4.133951330393100670e-02	4.656535044955049940e-02	-5.237070270361560836e-02	8.936578523262515839e-02	-8.166424550256634607e-02	4.793768475624039793e-02	-3.594086742704531018e-02	4.775101596929125225e-02	-3.056472221344108675e-02	4.184658566481391090e-02
3.075854074991330456e-01	-4.377784885467398968e-01	1.734960738941533909e-01	-1.799898086710296774e-01	1.250703705781925079e-01	-6.302981015155401101e-01	9.999999999999997780e-01	-4.292674694065476970e-01	2.527295677200689927e-01	-1.159385579886524908e-01	2.390407781148613520e-01	-2.391413551197813514e-01	2.182517112170540285e-01	-1.654661677840048584e-01	1.689795365863450971e-01	-1.152618354543772233e-01	1.058157075160736094e-01	-1.042106417056831574e-01	1.342470543009197381e-01	-1.642432144632833269e-01	8.279784632284996337e-02	-8.812371605469451752e-02	9.935584241521738802e-02	-1.450044109549765980e-01	1.044057515087368493e-01	-8.124189789042650378e-02	6.961611371812938265e-02	-9.779950844253729181e-02	7.746050657738023926e-02	-1.249013523667427822e-01	5.026169978957299028e-02	-5.684783741414560498e-02	6.417380904396610686e-02	-1.102581773492903039e-01	1.000631714920324489e-01	-5.895539506614468073e-02	4.408860591890263747e-02	-5.874295565033268995e-02	3.758028151870679984e-02	-5.154870434708062887e-02
-2.174396420883835668e-01	2.574687191764573613e-01	-2.777879356081489060e-01	2.237265311464628481e-01	-1.770215464519400150e-01	2.200550323980626222e-01	-4.292674694065476970e-01	1.000000000000000000e+00	-6.359941408383373851e-01	1.638399045199510073e-01	-2.304589471174998683e-01	2.188820297040716123e-01	-3.921098394475759918e-01	2.256275416881829421e-01	-2.168791745472601062e-01	1.128751674959489887e-01	-1.093109124697698165e-01	1.104067306049663355e-01	-1.616300191303512435e-01	1.768497632086762084e-01	-8.390319844806987115e-02	8.867171231748083304e-02	-1.047547707103064774e-01	1.576821355984906192e-01	-1.112175127086266757e-01	8.005548612510002271e-02	-6.929347924276975379e-02	9.646154722748835619e-02	-7.744417221861775447e-02	1.267244364198044093e-01	-4.976579614989741496e-02	5.598687864738590564e-02	-6.351239976009451227e-02	1.089498486913195591e-01	-1.021531593575739777e-01	5.776570509287343863e-02	-4.340140628750738250e-02	5.771691720991248276e-02	-3.707508324021584895e-02	5.067453149586888250e-02
2.026106183827700857e-01	-3.016907345853157563e-01	2.257227365047894951e-01	-2.837565096780840790e-01	2.197021101796766407e-01	-2.082089603078062512e-01	2.527295677200689927e-01	-6.359941408383373851e-01	9.999999999999994449e-01	-2.757830656892263366e-01	2.193158581053752942e-01	-2.181457069181434727e-01	2.725593279223184617e-01	-3.358407369267525366e-01	2.562875520992492495e-01	-1.293876027744945145e-01	1.185520687504840326e-01	-1.251958921908206956e-01	1.994103733041817095e-01	-2.386339325759894714e-01	9.729668574935819436e-02	-1.048324077148753558e-01	1.198170923864937815e-01	-2.108168460754670792e-01	1.454417190036786101e-01	-1.018048383502364457e-01	8.718804670098791176e-02	-1.255897503440444041e-01	9.991264024360520246e-02	-1.698292114007804721e-01	6.345255387798034996e-02	-7.213135830953738836e-02	8.259160903362509909e-02	-1.442058112180424623e-01	1.325458499432448645e-01	-7.587593835925114660e-02	5.662019110076951800e-02	-7.585186104737787205e-02	4.864470766612324915e-02	-6.682571295403720579e-02
-1.063802454119116420e-01	1.437773093540348490e-01	-1.418734153821399890e-01	1.601090049724735731e-01	-8.601868930056038032e-01	9.163281468875425495e-02	-1.159385579886524908e-01	1.638399045199510073e-01	-2.757830656892263366e-01	9.999999999999991118e-01	-1.202497019127867633e-01	1.091966252897384054e-01	-1.405604924505179931e-01	1.745379658413696300e-01	-3.099703605785794069e-01	7.082288675992734484e-02	-6.519375927391944658e-02	6.868917037136527959e-02	-1.248724984744841032e-01	1.568869642215851012e-01	-5.452555588538030712e-02	5.854066416417793434e-02	-6.786763074621846026e-02	1.264119351629729160e-01	-9.021276955987286850e-02	5.796849929213752223e-02	-5.000808702090387553e-02	7.209761664771160983e-02	-5.815800644029887195e-02	1.008662054347795045e-01	-3.648907440159062515e-02	4.136984011130030031e-02	-4.782118018180624153e-02	8.355288123513221477e-02	-7.927775828691346893e-02	4.359968266919772573e-02	-3.264374893754863616e-02	4.369438167260033395e-02	-2.815171160954423046e-02	3.857016295301122361e-02
2.223070339776598014e-01	-2.805083364297539794e-01	1.390754168549131198e-01	-1.506466831427414332e-01	1.317162153493666721e-01	-2.912321219045415632e-01	2.390407781148613520e-01	-2.304589471174998683e-01	2.193158581053752942e-01	-1.202497019127867633e-01	1.000000000000000000e+00	-6.385301247904641153e-01	2.959544246900950304e-01	-2.213392653076227123e-01	2.150444104001196788e-01	-2.762014008618530192e-01	2.119460606654557655e-01	-1.936999928657984482e-01	1.889341849301159615e-01	-2.426271861426115561e-01	1.604434309296483840e-01	-1.692984363674601422e-01	1.768241502798100773e-01	-2.190107320844953687e-01	1.566097344862746321e-01	-1.406029748641449695e-01	1.192514571901676090e-01	-1.624734004929060949e-01	1.265240442199496163e-01	-1.947689198184526793e-01	8.463015274568116975e-02	-9.542114039639540413e-02	1.050330867507299759e-01	-1.785560128642124100e-01	1.564982602250212518e-01	-9.697125452369678711e-02	7.248087425347615742e-02	-9.623083636269699759e-02	6.118678515203571089e-02	-8.398849275465862518e-02
-1.815911621656578767e-01	2.021286096323626491e-01	-1.210235460016551162e-01	1.238407859479505324e-01	-1.213143477402873066e-01	1.872930468732456610e-01	-2.391413551197813514e-01	2.188820297040716123e-01	-2.181457069181434727e-01	1.091966252897384054e-01	-6.385301247904641153e-01	9.999999999999997780e-01	-5.586435357327261819e-01	2.161370763207020596e-01	-2.140805362106090459e-01	1.948363986458773733e-01	-2.475827929287991447e-01	1.749143590188795561e-01	-1.704435551541245986e-01	1.811579525449861783e-01	-1.302542614894739437e-01	1.340600086462436502e-01	-1.570346506282795096e-01	1.666549965068075401e-01	-1.185630855486042162e-01	9.945367341380235982e-02	-8.695337593038772461e-02	1.122490903541963209e-01	-8.996392532726173175e-02	1.353158738053048538e-01	-6.023023555413362790e-02	6.655570961707139854e-02	-7.291045843069506038e-02	1.210152133956898107e-01	-1.133281670840473737e-01	6.557011131733252174e-02	-4.974602088115967491e-02	6.527570277491791251e-02	-4.179988716038864766e-02	5.674351797622146504e-02
1.786973591648007564e-01	-2.352607179289125938e-01	1.508091347045594222e-01	-1.612467701250877572e-01	1.457851674446220547e-01	-1.802620878389592507e-01	2.182517112170540285e-01	-3.921098394475759918e-01	2.725593279223184617e-01	-1.405604924505179931e-01	2.959544246900950304e-01	-5.586435357327261819e-01	9.999999999999991118e-01	-4.363320925216803703e-01	2.615683406996499594e-01	-1.744477559516137699e-01	1.747858994022154500e-01	-1.968228144638028421e-01	2.209328647064142392e-01	-2.455261500144322040e-01	1.235717663774488217e-01	-1.342779114843950239e-01	1.585347770048689542e-01	-2.265565978897329247e-01	1.528604939581015565e-01	-1.139050874483748810e-01	9.803853103445586692e-02	-1.357984051482595822e-01	1.078488493148190980e-01	-1.764450939868506818e-01	6.974195077074339666e-02	-7.854556289598113583e-02	8.829778461444652560e-02	-1.518863854077281694e-01	1.399261877593750703e-01	-8.052901062906012153e-02	6.040854891133889959e-02	-8.042827530900095723e-02	5.149995532511371377e-02	-7.048817227272717589e-02
-1.458811733513688536e-01	1.815960702070779920e-01	-1.280081630849853880e-01	1.373454998977435559e-01	-1.797589949767622597e-01	1.313587682268903545e-01	-1.654661677840048584e-01	2.256275416881829421e-01	-3.358407369267525366e-01	1.745379658413696300e-01	-2.213392653076227123e-01	2.161370763207020596e-01	-4.363320925216803703e-01	9.999999999999992228e-01	-5.923513746592877771e-01	1.219808478668393398e-01	-1.200798927802590038e-01	1.278686901418900068e-01	-4.501941848294371828e-01	2.706986765817084861e-01	-9.366871191604021762e-02	9.984497344807184704e-02	-1.236403034828853498e-01	2.529137697845433852e-01	-1.677413495069268456e-01	9.036365552374282795e-02	-7.917707274358881664e-02	1.109280781601030830e-01	-9.206724535821997346e-02	1.628373034889668558e-01	-5.670980586447013638e-02	6.354583669330153561e-02	-7.366804982031498195e-02	1.279984088753620408e-01	-1.311550146196987510e-01	6.562165118339234604e-02	-4.968090231036385862e-02	6.615527720622865759e-02	-4.301144911335631760e-02	5.841207210899498209e-02
1.620738381962740504e-01	-2.210606640063677852e-01	1.417771008041703584e-01	-1.627063312776896586e-01	2.292930136513505190e-01	-1.410453788094370442e-01	1.689795365863450971e-01	-2.168791745472601062e-01	2.562875520992492495e-01	-3.099703605785794069e-01	2.150444104001196788e-01	-2.140805362106090459e-01	2.615683406996499594e-01	-5.923513746592877771e-01	9.999999999999988898e-01	-1.410160857131829981e-01	1.284694165817308609e-01	-1.401441299077208491e-01	2.871508856169400770e-01	-4.261231616112877707e-01	1.091782682573268076e-01	-1.185948255776359123e-01	1.373069908960031504e-01	-3.018280793690194530e-01	2.119528124728799479e-01	-1.188006340353429391e-01	1.023340073372090153e-01	-1.501066800054429440e-01	1.218370740118598222e-01	-2.266083823658513741e-01	7.471076674550383712e-02	-8.498508379309638316e-02	9.948140704821320512e-02	-1.772809537228443311e-01	1.718673411678547092e-01	-9.044891342873477569e-02	6.763846858477362556e-02	-9.106597751188330592e-02	5.887286123412138056e-02	-8.072699144165285112e-02
-1.122065705016436488e-01	1.209437181777573284e-01	-7.282087599434951264e-02	7.491656364104695709e-02	-8.226182903822941428e-02	1.000301315165759847e-01	-1.152618354543772233e-01	1.128751674959489887e-01	-1.293876027744945145e-01	7.082288675992734484e-02	-2.762014008618530192e-01	1.948363986458773733e-01	-1.744477559516137699e-01	1.219808478668393398e-01	-1.410160857131829981e-01	9.999999999999988898e-01	-6.158659637374780393e-01	2.800768072331501490e-01	-1.273461442760229489e-01	1.324264565059891652e-01	-5.175928412568867598e-01	2.893215390330873271e-01	-3.305947890951907442e-01	1.347649964524409716e-01	-9.846903206970869515e-02	1.598335034418545131e-01	-1.470443885152965813e-01	1.326189355524165503e-01	-1.096487104636787724e-01	1.099775233024344184e-01	-8.908938142244438030e-02	8.875886487060634378e-02	-8.324505546922893184e-02	1.156824251003902848e-01	-1.122557946522927813e-01	6.979073719776754392e-02	-5.615328950366458433e-02	6.827977086429773412e-02	-4.329352388493711706e-02	5.626601955158298807e-02
9.942529356496644655e-02	-1.144193897455672987e-01	6.758165496032970954e-02	-7.056517807540858833e-02	7.422812624576356766e-02	-9.118207399334801733e-02	1.058157075160736094e-01	-1.093109124697698165e-01	1.185520687504840326e-01	-6.519375927391944658e-02	2.119460606654557655e-01	-2.475827929287991447e-01	1.747858994022154500e-01	-1.200798927802590038e-01	1.284694165817308609e-01	-6.158659637374780393e-01	9.999999999999978906e-01	-5.693763075958594433e-01	1.226124031155598898e-01	-1.290357550872607562e-01	2.570063716568802281e-01	-3.081001259266838432e-01	2.918372893509545429e-01	-1.326448417240909394e-01	9.257181360004528015e-02	-1.325592844917815039e-01	1.173849843817825755e-01	-1.203408517903113290e-01	9.443563274903996052e-02	-1.047063842696011465e-01	7.255726821358431111e-02	-7.654057040632530895e-02	7.301783371753878260e-02	-1.070325379369401475e-01	9.990480420736279343e-02	-6.291579857444673518e-02	4.953056009255739356e-02	-6.174610770844958518e-02	3.896064494289170482e-02	-5.142493957616471600e-02
-9.955759584499601633e-02	1.105587020907154577e-01	-6.877574809158375213e-02	7.094649242072625928e-02	-7.901762566840071778e-02	8.696354534842364037e-02	-1.042106417056831574e-01	1.104067306049663355e-01	-1.251958921908206956e-01	6.868917037136527959e-02	-1.936999928657984482e-01	1.749143590188795561e-01	-1.968228144638028421e-01	1.278686901418900068e-01	-1.401441299077208491e-01	2.800768072331501490e-01	-5.693763075958594433e-01	9.999999999999986677e-01	-1.501444159803100864e-01	1.349728259380020834e-01	-2.481891691455834770e-01	2.587109621994657660e-01	-6.513157285611824721e-01	1.485913727061061174e-01	-1.016461968706083852e-01	1.261499016629573644e-01	-1.200814066202215702e-01	1.288164936762238033e-01	-1.038272639836238381e-01	1.077113979323636728e-01	-7.304225403121877847e-02	7.569544246748946548e-02	-7.619160436440021444e-02	1.094933448354691169e-01	-1.067909954252388716e-01	6.285139247458125522e-02	-5.020426175910339822e-02	6.266181670305209783e-02	-3.979105135670345239e-02	5.194602299806571483e-02
1.301963574173246041e-01	-1.567575640669368886e-01	1.018418432861246531e-01	-1.092414002009069601e-01	1.341207744701105598e-01	-1.102226090922392987e-01	1.342470543009197381e-01	-1.616300191303512435e-01	1.994103733041817095e-01	-1.248724984744841032e-01	1.889341849301159615e-01	-1.704435551541245986e-01	2.209328647064142392e-01	-4.501941848294371828e-01	2.871508856169400770e-01	-1.273461442760229489e-01	1.226124031155598898e-01	-1.501444159803100864e-01	9.999999999999996669e-01	-4.804239065194100267e-01	1.014856067412916035e-01	-1.112466909731409104e-01	1.447551427591272366e-01	-6.173316634251914126e-01	2.656141158573032679e-01	-9.936505559259933840e-02	8.829720742619147356e-02	-1.258896398684373474e-01	1.096827439299322693e-01	-2.239093270345825781e-01	6.251535079027240038e-02	-6.985036238247348261e-02	8.327540850371496772e-02	-1.492667234425757716e-01	1.702595664553948618e-01	-7.174251801615881552e-02	5.490454035431643898e-02	-7.352458346032980652e-02	4.859174555754140756e-02	-6.542505550883739862e-02
-1.661304908061366492e-01	1.763510968331461204e-01	-1.231245915495971927e-01	1.259517348716121254e-01	-1.852681338000233824e-01	1.317411443028521367e-01	-1.642432144632833269e-01	1.768497632086762084e-01	-2.386339325759894714e-01	1.568869642215851012e-01	-2.426271861426115561e-01	1.811579525449861783e-01	-2.455261500144322040e-01	2.706986765817084861e-01	-4.261231616112877707e-01	1.324264565059891652e-01	-1.290357550872607562e-01	1.349728259380020834e-01	-4.804239065194100267e-01	9.999999999999994449e-01	-1.097591450324577472e-01	1.138083095257826083e-01	-1.460944587605719214e-01	3.221119151411560022e-01	-5.055046839820765969e-01	1.083853898734268711e-01	-9.916708487208517053e-02	1.386519803857015898e-01	-1.298982815011500702e-01	2.695427707594890698e-01	-7.061887837374794530e-02	7.780209114187905395e-02	-9.752067866688132747e-02	1.730530689761542451e-01	-2.498120176422227445e-01	8.023038334592989818e-02	-6.277400122378107294e-02	8.339783056177418885e-02	-5.734404168510831568e-02	7.560990999001870883e-02
8.224005404836429167e-02	-9.154873511149096144e-02	5.510911624027995531e-02	-5.709403147134518158e-02	6.347359613830910741e-02	-7.091228739606812714e-02	8.279784632284996337e-02	-8.390319844806987115e-02	9.729668574935819436e-02	-5.452555588538030712e-02	1.604434309296483840e-01	-1.302542614894739437e-01	1.235717663774488217e-01	-9.366871191604021762e-02	1.091782682573268076e-01	-5.175928412568867598e-01	2.570063716568802281e-01	-2.481891691455834770e-01	1.014856067412916035e-01	-1.097591450324577472e-01	9.999999999999991118e-01	-6.783361130754985702e-01	2.667325337169450528e-01	-1.140504723870972986e-01	8.346292435627149231e-02	-2.732548161927557118e-01	1.906548863292467366e-01	-1.443772633488357715e-01	1.109355076151013753e-01	-9.614637171587965547e-02	1.096534554466503525e-01	-1.098591594996326387e-01	8.529220081079487426e-02	-1.118915838941006713e-01	1.024007195759230882e-01	-7.359013294805939742e-02	5.947046649470607432e-02	-6.972719462817010549e-02	4.300215173489713855e-02	-5.552615875451184790e-02
-8.765479208982437931e-02	9.464859883466542056e-02	-5.842968387301988864e-02	6.002903801820828888e-02	-6.853334077312289718e-02	7.430509294278762888e-02	-8.812371605469451752e-02	8.867171231748083304e-02	-1.048324077148753558e-01	5.854066416417793434e-02	-1.692984363674601422e-01	1.340600086462436502e-01	-1.342779114843950239e-01	9.984497344807184704e-02	-1.185948255776359123e-01	2.893215390330873271e-01	-3.081001259266838432e-01	2.587109621994657660e-01	-1.112466909731409104e-01	1.138083095257826083e-01	-6.783361130754985702e-01	9.999999999999996669e-01	-4.986960099784168987e-01	1.226108344620428919e-01	-8.941057356545856205e-02	1.976057153576806225e-01	-2.148699123235375541e-01	1.477287169739946171e-01	-1.183967281097883378e-01	9.854789693219152824e-02	-1.042300685600862087e-01	1.027746878374450196e-01	-8.717958236799272509e-02	1.127960814390468469e-01	-1.079666460428706232e-01	7.149854323536351808e-02	-5.871988860153212753e-02	6.930186344185901293e-02	-4.332912590207596559e-02	5.542175282858947949e-02
9.763736955609352008e-02	-1.116723289752860893e-01	6.751173530500090281e-02	-7.048142716344157899e-02	7.800041465965706911e-02	-8.431789195238409418e-02	9.935584241521738802e-02	-1.047547707103064774e-01	1.198170923864937815e-01	-6.786763074621846026e-02	1.768241502798100773e-01	-1.570346506282795096e-01	1.585347770048689542e-01	-1.236403034828853498e-01	1.373069908960031504e-01	-3.305947890951907442e-01	2.918372893509545429e-01	-6.513157285611824721e-01	1.447551427591272366e-01	-1.460944587605719214e-01	2.667325337169450528e-01	-4.986960099784168987e-01	9.999999999999992228e-01	-1.850699597030315002e-01	1.139768130967693527e-01	-1.591439221602794496e-01	1.470155093825199766e-01	-1.781047356406767479e-01	1.247997201704231784e-01	-1.235893023417726361e-01	8.688060729680527339e-02	-9.295849936996165852e-02	9.086337717827479288e-02	-1.320626679822236305e-01	1.211678057055428914e-01	-7.519600809835494393e-02	5.958745097679594288e-02	-7.536291666687076896e-02	4.698119845300793851e-02	-6.162740334371591411e-02
-1.449734966723461860e-01	1.556890154109239754e-01	-1.061845784787578267e-01	1.090684959832409623e-01	-1.474744434523995729e-01	1.167972378803313754e-01	-1.450044109549765980e-01	1.576821355984906192e-01	-2.108168460754670792e-01	1.264119351629729160e-01	-2.190107320844953687e-01	1.666549965068075401e-01	-2.265565978897329247e-01	2.529137697845433852e-01	-3.018280793690194530e-01	1.347649964524409716e-01	-1.326448417240909394e-01	1.485913727061061174e-01	-6.173316634251914126e-01	3.221119151411560022e-01	-1.140504723870972986e-01	1.226108344620428919e-01	-1.850699597030315002e-01	9.999999999999998890e-01	-4.921332614264648520e-01	1.058627216564271278e-01	-9.781673512899230483e-02	1.360028642173887192e-01	-1.323472790386485964e-01	2.544528083288057352e-01	-6.793610486773581092e-02	7.456291715291446520e-02	-9.207430646156164467e-02	1.635338984473997392e-01	-2.258798590678215146e-01	7.509346010903493462e-02	-5.887191428772566015e-02	7.826052401015674842e-02	-5.332250096736466244e-02	7.026237714301740434e-02
1.064794673216735432e-01	-1.152307174181712718e-01	7.666122047306175857e-02	-7.903427049808056659e-02	1.053155748216485221e-01	-8.479578038627037795e-02	1.044057515087368493e-01	-1.112175127086266757e-01	1.454417190036786101e-01	-9.021276955987286850e-02	1.566097344862746321e-01	-1.185630855486042162e-01	1.528604939581015565e-01	-1.677413495069268456e-01	2.119528124728799479e-01	-9.846903206970869515e-02	9.257181360004528015e-02	-1.016461968706083852e-01	2.656141158573032679e-01	-5.055046839820765969e-01	8.346292435627149231e-02	-8.941057356545856205e-02	1.139768130967693527e-01	-4.921332614264648520e-01	1.000000000000000000e+00	-9.197888063165053640e-02	8.338755275805298517e-02	-1.256409266251645174e-01	1.170325700355659415e-01	-5.836411352038608502e-01	5.936621435392915036e-02	-6.636585707992626038e-02	8.515061740986266947e-02	-1.752649080140356863e-01	2.433314021523667603e-01	-6.935653095891194941e-02	5.388098274438041235e-02	-7.402410337840217847e-02	5.102364347039289871e-02	-6.829353799615306420e-02
-8.482308980180379432e-02	8.539618870480750190e-02	-5.559824942750134918e-02	5.602406304647516294e-02	-7.005149413860362051e-02	6.689442315976261433e-02	-8.124189789042650378e-02	8.005548612510002271e-02	-1.018048383502364457e-01	5.796849929213752223e-02	-1.406029748641449695e-01	9.945367341380235982e-02	-1.139050874483748810e-01	9.036365552374282795e-02	-1.188006340353429391e-01	1.598335034418545131e-01	-1.325592844917815039e-01	1.261499016629573644e-01	-9.936505559259933840e-02	1.083853898734268711e-01	-2.732548161927557118e-01	1.976057153576806225e-01	-1.591439221602794496e-01	1.058627216564271278e-01	-9.197888063165053640e-02	1.000000000000000222e+00	-7.303159699877682653e-01	2.463956438678937821e-01	-2.138577361997437976e-01	1.079566956228908969e-01	-3.725698445853002361e-01	2.566431693351091670e-01	-1.559513290276999531e-01	1.578834085102423235e-01	-1.526490008276511490e-01	1.295389741020495367e-01	-1.135630799531946178e-01	1.146672469220363089e-01	-6.924675723786283266e-02	8.420587822179841087e-02
7.230883418912507909e-02	-7.448723268450624380e-02	4.791293578157981847e-02	-4.860928838760004284e-02	5.997708459936169911e-02	-5.754016137065886410e-02	6.961611371812938265e-02	-6.929347924276975379e-02	8.718804670098791176e-02	-5.000808702090387553e-02	1.192514571901676090e-01	-8.695337593038772461e-02	9.803853103445586692e-02	-7.917707274358881664e-02	1.023340073372090153e-01	-1.470443885152965813e-01	1.173849843817825755e-01	-1.200814066202215702e-01	8.829720742619147356e-02	-9.916708487208517053e-02	1.906548863292467366e-01	-2.148699123235375541e-01	1.470155093825199766e-01	-9.781673512899230483e-02	8.338755275805298517e-02	-7.303159699877682653e-01	9.999999999999997780e-01	-4.149090630219602338e-01	2.107815783638232465e-01	-1.021094156021642579e-01	2.413227274613973239e-01	-3.074804238961911240e-01	1.548171419600445908e-01	-1.708534663519434837e-01	1.381222660165036809e-01	-1.304383598696559621e-01	1.097676350341732499e-01	-1.199479885861063355e-01	6.853152455654674957e-02	-8.560702393438987534e-02
-1.030011198427906172e-01	1.019014484002651183e-01	-6.776245638883485189e-02	6.793005310126441765e-02	-8.784007269464970402e-02	7.975620465991227481e-02	-9.779950844253729181e-02	9.646154722748835619e-02	-1.255897503440444041e-01	7.209761664771160983e-02	-1.624734004929060949e-01	1.122490903541963209e-01	-1.357984051482595822e-01	1.109280781601030830e-01	-1.501066800054429440e-01	1.326189355524165503e-01	-1.203408517903113290e-01	1.288164936762238033e-01	-1.258896398684373474e-01	1.386519803857015898e-01	-1.443772633488357715e-01	1.477287169739946171e-01	-1.781047356406767479e-01	1.360028642173887192e-01	-1.256409266251645174e-01	2.463956438678937821e-01	-4.149090630219602338e-01	1.000000000000000222e+00	-6.525446191246951910e-01	1.513338908102333791e-01	-1.570747626812112330e-01	1.660154513575500534e-01	-2.782892516385350179e-01	2.798519281974055084e-01	-2.453431203375616709e-01	1.343632151643293915e-01	-1.170947550410637028e-01	1.662524535922996205e-01	-9.876566787525764557e-02	1.193907169964508741e-01
8.111492641100925827e-02	-8.258285971460314900e-02	5.420517804442892551e-02	-5.482780807396218925e-02	7.006447271178201097e-02	-6.338754045379764446e-02	7.746050657738023926e-02	-7.744417221861775447e-02	9.991264024360520246e-02	-5.815800644029887195e-02	1.265240442199496163e-01	-8.996392532726173175e-02	1.078488493148190980e-01	-9.206724535821997346e-02	1.218370740118598222e-01	-1.096487104636787724e-01	9.443563274903996052e-02	-1.038272639836238381e-01	1.096827439299322693e-01	-1.298982815011500702e-01	1.109355076151013753e-01	-1.183967281097883378e-01	1.247997201704231784e-01	-1.323472790386485964e-01	1.170325700355659415e-01	-2.138577361997437976e-01	2.107815783638232465e-01	-6.525446191246951910e-01	1.000000000000000000e+00	-1.608919486670170040e-01	1.208511645689527014e-01	-1.395303289848547346e-01	1.859826865592750511e-01	-5.765444500604813838e-01	2.350198652928481013e-01	-1.203467632855550473e-01	9.734903642510202293e-02	-1.451576258225757421e-01	8.562558045877532997e-02	-1.100403420050350134e-01
-1.305632736731114629e-01	1.305828086641206975e-01	-8.920842736789855176e-02	8.972140445213731830e-02	-1.222909489838385905e-01	1.006761816148676603e-01	-1.249013523667427822e-01	1.267244364198044093e-01	-1.698292114007804721e-01	1.008662054347795045e-01	-1.947689198184526793e-01	1.353158738053048538e-01	-1.764450939868506818e-01	1.628373034889668558e-01	-2.266083823658513741e-01	1.099775233024344184e-01	-1.047063842696011465e-01	1.077113979323636728e-01	-2.239093270345825781e-01	2.695427707594890698e-01	-9.614637171587965547e-02	9.854789693219152824e-02	-1.235893023417726361e-01	2.544528083288057352e-01	-5.836411352038608502e-01	1.079566956228908969e-01	-1.021094156021642579e-01	1.513338908102333791e-01	-1.608919486670170040e-01	1.000000000000001554e+00	-7.239049666070845879e-02	7.959324811418704015e-02	-1.103875870262248371e-01	2.296082976530324782e-01	-5.707511568808172342e-01	8.294545166486066989e-02	-6.654154491648844871e-02	9.132411660726233449e-02	-6.821542619157752729e-02	8.817777891846220739e-02
5.262868978605746151e-02	-5.345649423843341214e-02	3.473850276696483635e-02	-3.510644377433371627e-02	4.401529939391259083e-02	-4.133951330393100670e-02	5.026169978957299028e-02	-4.976579614989741496e-02	6.345255387798034996e-02	-3.648907440159062515e-02	8.463015274568116975e-02	-6.023023555413362790e-02	6.974195077074339666e-02	-5.670980586447013638e-02	7.471076674550383712e-02	-8.908938142244438030e-02	7.255726821358431111e-02	-7.304225403121877847e-02	6.251535079027240038e-02	-7.061887837374794530e-02	1.096534554466503525e-01	-1.042300685600862087e-01	8.688060729680527339e-02	-6.793610486773581092e-02	5.936621435392915036e-02	-3.725698445853002361e-01	2.413227274613973239e-01	-1.570747626812112330e-01	1.208511645689527014e-01	-7.239049666070845879e-02	1.000000000000000222e+00	-8.283052149012583021e-01	1.660079707452702946e-01	-1.117776505133001724e-01	9.912933377932521550e-02	-2.355822811575522535e-01	1.806402237016015155e-01	-1.406891256101513998e-01	7.409273679158179249e-02	-9.079314470956564853e-02
-5.979404185430017143e-02	5.975505218229976157e-02	-3.926128623846692617e-02	3.948544349663881542e-02	-5.020585905404265775e-02	4.656535044955049940e-02	-5.684783741414560498e-02	5.598687864738590564e-02	-7.213135830953738836e-02	4.136984011130030031e-02	-9.542114039639540413e-02	6.655570961707139854e-02	-7.854556289598113583e-02	6.354583669330153561e-02	-8.498508379309638316e-02	8.875886487060634378e-02	-7.654057040632530895e-02	7.569544246748946548e-02	-6.985036238247348261e-02	7.780209114187905395e-02	-1.098591594996326387e-01	1.027746878374450196e-01	-9.295849936996165852e-02	7.456291715291446520e-02	-6.636585707992626038e-02	2.566431693351091670e-01	-3.074804238961911240e-01	1.660154513575500534e-01	-1.395303289848547346e-01	7.959324811418704015e-02	-8.283052149012583021e-01	1.000000000000001332e+00	-2.166103449512880030e-01	1.207119313237483560e-01	-1.134076994528893378e-01	2.042845708266309290e-01	-2.286625880581646397e-01	1.526092788321520288e-01	-8.167986758545454917e-02	9.572753828872233861e-02
6.765408452704421705e-02	-6.765662607431571773e-02	4.474933034713990399e-02	-4.502156116951745723e-02	5.804382789726870995e-02	-5.237070270361560836e-02	6.417380904396610686e-02	-6.351239976009451227e-02	8.259160903362509909e-02	-4.782118018180624153e-02	1.050330867507299759e-01	-7.291045843069506038e-02	8.829778461444652560e-02	-7.366804982031498195e-02	9.948140704821320512e-02	-8.324505546922893184e-02	7.301783371753878260e-02	-7.619160436440021444e-02	8.327540850371496772e-02	-9.752067866688132747e-02	8.529220081079487426e-02	-8.717958236799272509e-02	9.086337717827479288e-02	-9.207430646156164467e-02	8.515061740986266947e-02	-1.559513290276999531e-01	1.548171419600445908e-01	-2.782892516385350179e-01	1.859826865592750511e-01	-1.103875870262248371e-01	1.660079707452702946e-01	-2.166103449512880030e-01	1.000000000000000888e+00	-2.253894333507704961e-01	1.626040388623983535e-01	-2.980155152370596028e-01	2.412570698794728186e-01	-7.172125003663298859e-01	2.377807369127881987e-01	-3.150458097728066065e-01
-1.166244829622138240e-01	1.143576635262041480e-01	-7.712406740737745570e-02	7.712456803825933072e-02	-1.021661835227696546e-01	8.936578523262515839e-02	-1.102581773492903039e-01	1.089498486913195591e-01	-1.442058112180424623e-01	8.355288123513221477e-02	-1.785560128642124100e-01	1.210152133956898107e-01	-1.518863854077281694e-01	1.279984088753620408e-01	-1.772809537228443311e-01	1.156824251003902848e-01	-1.070325379369401475e-01	1.094933448354691169e-01	-1.492667234425757716e-01	1.730530689761542451e-01	-1.118915838941006713e-01	1.127960814390468469e-01	-1.320626679822236305e-01	1.635338984473997392e-01	-1.752649080140356863e-01	1.578834085102423235e-01	-1.708534663519434837e-01	2.798519281974055084e-01	-5.765444500604813838e-01	2.296082976530324782e-01	-1.117776505133001724e-01	1.207119313237483560e-01	-2.253894333507704961e-01	1.000000000000001332e+00	-5.555832952267473202e-01	1.210085899888003608e-01	-1.030072665402975707e-01	1.497277549074002567e-01	-1.042968211283090696e-01	1.253580316520173377e-01
1.042314464389121342e-01	-1.088833092562164762e-01	7.152975969485386720e-02	-7.295130726995925630e-02	9.442118618864948909e-02	-8.166424550256634607e-02	1.000631714920324489e-01	-1.021531593575739777e-01	1.325458499432448645e-01	-7.927775828691346893e-02	1.564982602250212518e-01	-1.133281670840473737e-01	1.399261877593750703e-01	-1.311550146196987510e-01	1.718673411678547092e-01	-1.122557946522927813e-01	9.990480420736279343e-02	-1.067909954252388716e-01	1.702595664553948618e-01	-2.498120176422227445e-01	1.024007195759230882e-01	-1.079666460428706232e-01	1.211678057055428914e-01	-2.258798590678215146e-01	2.433314021523667603e-01	-1.526490008276511490e-01	1.381222660165036809e-01	-2.453431203375616709e-01	2.350198652928481013e-01	-5.707511568808172342e-01	9.912933377932521550e-02	-1.134076994528893378e-01	1.626040388623983535e-01	-5.555832952267473202e-01	1.000000000000001554e+00	-1.224508844238317434e-01	9.559541623342777961e-02	-1.432819872034326592e-01	1.060855140848196848e-01	-1.491183297255280760e-01
-6.252298959061060313e-02	6.115273264950653320e-02	-4.091589362703794419e-02	4.088768388443733692e-02	-5.338479798392235798e-02	4.793768475624039793e-02	-5.895539506614468073e-02	5.776570509287343863e-02	-7.587593835925114660e-02	4.359968266919772573e-02	-9.697125452369678711e-02	6.557011131733252174e-02	-8.052901062906012153e-02	6.562165118339234604e-02	-9.044891342873477569e-02	6.979073719776754392e-02	-6.291579857444673518e-02	6.285139247458125522e-02	-7.174251801615881552e-02	8.023038334592989818e-02	-7.359013294805939742e-02	7.149854323536351808e-02	-7.519600809835494393e-02	7.509346010903493462e-02	-6.935653095891194941e-02	1.295389741020495367e-01	-1.304383598696559621e-01	1.343632151643293915e-01	-1.203467632855550473e-01	8.294545166486066989e-02	-2.355822811575522535e-01	2.042845708266309290e-01	-2.980155152370596028e-01	1.210085899888003608e-01	-1.224508844238317434e-01	1.000000000000001332e+00	-8.418823794627667834e-01	2.475625154280464701e-01	-1.337485742810691769e-01	1.331670696882895355e-01
4.660910590567726719e-02	-4.616432961896780457e-02	3.064927554188346878e-02	-3.074587134892459162e-02	3.977485471889327662e-02	-3.594086742704531018e-02	4.408860591890263747e-02	-4.340140628750738250e-02	5.662019110076951800e-02	-3.264374893754863616e-02	7.248087425347615742e-02	-4.974602088115967491e-02	6.040854891133889959e-02	-4.968090231036385862e-02	6.763846858477362556e-02	-5.615328950366458433e-02	4.953056009255739356e-02	-5.020426175910339822e-02	5.490454035431643898e-02	-6.277400122378107294e-02	5.947046649470607432e-02	-5.871988860153212753e-02	5.958745097679594288e-02	-5.887191428772566015e-02	5.388098274438041235e-02	-1.135630799531946178e-01	1.097676350341732499e-01	-1.170947550410637028e-01	9.734903642510202293e-02	-6.654154491648844871e-02	1.806402237016015155e-01	-2.286625880581646397e-01	2.412570698794728186e-01	-1.030072665402975707e-01	9.559541623342777961e-02	-8.418823794627667834e-01	1.000000000000001332e+00	-3.619135212220930820e-01	1.338113769918278795e-01	-1.463530937572146418e-01
-6.223299823893800597e-02	6.104284873840275238e-02	-4.085731026328885684e-02	4.086406830334933515e-02	-5.343800565037443162e-02	4.775101596929125225e-02	-5.874295565033268995e-02	5.771691720991248276e-02	-7.585186104737787205e-02	4.369438167260033395e-02	-9.623083636269699759e-02	6.527570277491791251e-02	-8.042827530900095723e-02	6.615527720622865759e-02	-9.106597751188330592e-02	6.827977086429773412e-02	-6.174610770844958518e-02	6.266181670305209783e-02	-7.352458346032980652e-02	8.339783056177418885e-02	-6.972719462817010549e-02	6.930186344185901293e-02	-7.536291666687076896e-02	7.826052401015674842e-02	-7.402410337840217847e-02	1.146672469220363089e-01	-1.199479885861063355e-01	1.662524535922996205e-01	-1.451576258225757421e-01	9.132411660726233449e-02	-1.406891256101513998e-01	1.526092788321520288e-01	-7.172125003663298859e-01	1.497277549074002567e-01	-1.432819872034326592e-01	2.475625154280464701e-01	-3.619135212220930820e-01	1.000000000000001332e+00	-3.889412131520000315e-01	2.638318534976739071e-01
3.975453916786210462e-02	-3.928976052726073503e-02	2.622567943244158428e-02	-2.629299304676147031e-02	3.432276342874800851e-02	-3.056472221344108675e-02	3.758028151870679984e-02	-3.707508324021584895e-02	4.864470766612324915e-02	-2.815171160954423046e-02	6.118678515203571089e-02	-4.179988716038864766e-02	5.149995532511371377e-02	-4.301144911335631760e-02	5.887286123412138056e-02	-4.329352388493711706e-02	3.896064494289170482e-02	-3.979105135670345239e-02	4.859174555754140756e-02	-5.734404168510831568e-02	4.300215173489713855e-02	-4.332912590207596559e-02	4.698119845300793851e-02	-5.332250096736466244e-02	5.102364347039289871e-02	-6.924675723786283266e-02	6.853152455654674957e-02	-9.876566787525764557e-02	8.562558045877532997e-02	-6.821542619157752729e-02	7.409273679158179249e-02	-8.167986758545454917e-02	2.377807369127881987e-01	-1.042968211283090696e-01	1.060855140848196848e-01	-1.337485742810691769e-01	1.338113769918278795e-01	-3.889412131520000315e-01	1.000000000000001110e+00	-8.644143030817121875e-01
