1.000000000000000222e+00	-8.901920586547243941e-01	2.493950080303754535e-01	-2.283156228474733929e-01	1.426884864470979730e-01	-1.814340872408036764e-01	1.517120343413000116e-01	-1.758754418337915015e-01	8.486545412960087853e-02	-7.451219970719835661e-02	9.501584494207331033e-02	-9.533345535817749905e-02	8.202934254787025425e-02	-9.110224154256972573e-02	7.944187540567274053e-02	-9.675978819696640087e-02	9.012447809657668507e-02	-8.317655341273963443e-02	8.298285770062847899e-02	-8.388818186627708395e-02	7.163309761697539413e-02	-7.293808940866830515e-02	8.129208499661179366e-02	-7.788910424153923373e-02	5.736266863151415207e-02	-1.047990745523090655e-01	7.180324862574519185e-02	-8.318887858400723923e-02	5.441086680497724676e-02	-5.173562639187492124e-02	3.792591704838753353e-02	-4.202925844246390569e-02	4.974571406751457370e-02	-5.811303117456916023e-02	5.824527611596981569e-02	-5.273173782599356596e-02	3.597429754056975792e-02	-4.751673079715942882e-02	4.477389841729686321e-02	-2.989126641874596466e-02
-8.901920586547243941e-01	1.000000000000000222e+00	-3.464657784674205487e-01	1.808374897972831741e-01	-1.216108609652069433e-01	1.367228944682327418e-01	-1.581570777694513985e-01	1.579080533308557521e-01	-7.053726137030762178e-02	6.081974102401316307e-02	-7.616919815949192707e-02	8.032552628008590712e-02	-6.846601028291296465e-02	7.361420508146712671e-02	-6.500881692596519046e-02	7.585798188837429568e-02	-7.601437987428594223e-02	6.725146653773972361e-02	-6.713300661423404758e-02	6.671735560527396192e-02	-5.751510151992925840e-02	5.821995955335582118e-02	-6.537042877950993702e-02	6.117638586858674399e-02	-4.534732514709467754e-02	7.993485158409496805e-02	-5.602573660258466925e-02	6.488000678411455502e-02	-4.276179387274118421e-02	4.056573545209010700e-02	-2.944755337661168065e-02	3.262980893468148819e-02	-3.886646596422086569e-02	4.528072611709511169e-02	-4.566489541593388157e-02	4.077714996058264679e-02	-2.794758327686461263e-02	3.685591669557213013e-02	-3.505266936265055006e-02	2.337873359922320801e-02
2.493950080303754535e-01	-3.464657784674205487e-01	1.000000000000000000e+00	-5.921632803809253609e-01	2.772739441939596206e-01	-2.969669582700756871e-01	2.617571676851852547e-01	-4.400225527481249066e-01	1.635463159388985399e-01	-1.413426368206912587e-01	1.599856123240519512e-01	-1.653472761749925357e-01	1.466521694061635739e-01	-1.672813109708096158e-01	1.453123781757794664e-01	-1.644495555201186121e-01	1.565529182934920771e-01	-1.467863152020727757e-01	1.484863865702112928e-01	-1.503954319924727667e-01	1.230929175041428625e-01	-1.256348572751105896e-01	1.416787154087250367e-01	-1.355155506734203597e-01	1.000794779580967547e-01	-1.795083616851784469e-01	1.234815366828021371e-01	-1.438788866945441836e-01	9.450743418931963069e-02	-8.996330350700292022e-02	6.529071782858333894e-02	-7.236986491775936059e-02	8.598531094148936793e-02	-1.004249774835591497e-01	1.003550206727184813e-01	-9.070042976141828861e-02	6.194929255016946856e-02	-8.181189084728027194e-02	7.715467973269940494e-02	-5.150774629361745682e-02
-2.283156228474733929e-01	1.808374897972831741e-01	-5.921632803809253609e-01	1.000000000000000222e+00	-5.960791842690578157e-01	2.328770179251260508e-01	-2.266478573677949415e-01	2.286295636112709029e-01	-2.292750402086982386e-01	1.813085254589917872e-01	-1.443588724694938041e-01	1.431607455173302956e-01	-1.414093319955216366e-01	1.803993988378373714e-01	-1.843268489150054201e-01	1.419776502154063424e-01	-1.469433803593624410e-01	1.362217097913697994e-01	-1.668025678277565149e-01	1.635005306558745819e-01	-1.151013896361062910e-01	1.141097474924983729e-01	-1.370684279142017348e-01	1.296737666181756732e-01	-9.997586809866758351e-02	1.637965372377724049e-01	-1.185084984563598426e-01	1.339472249395474990e-01	-9.118141134598452269e-02	8.718489376778726374e-02	-6.169136066821440806e-02	6.825866802401570066e-02	-8.152635432828762851e-02	9.463482471848114197e-02	-9.760038815830926473e-02	8.495949930739059297e-02	-5.858504508954609502e-02	7.704169450179781942e-02	-7.464752226619641995e-02	4.968873178559002346e-02
1.426884864470979730e-01	-1.216108609652069433e-01	2.772739441939596206e-01	-5.960791842690578157e-01	1.000000000000000444e+00	-3.799494033555865236e-01	2.056368544465169979e-01	-2.247779708685317679e-01	2.307480459037343778e-01	-2.884207456523326663e-01	1.999200563289526555e-01	-1.782810553626154870e-01	1.757776670298061561e-01	-2.384708586462027380e-01	2.276425822891271766e-01	-2.109514852069833968e-01	1.812197812256726714e-01	-1.854074092715940203e-01	2.150183541535034548e-01	-2.423760950826443494e-01	1.587890581904389253e-01	-1.612288593488338806e-01	1.884326655664299022e-01	-1.952589718993537338e-01	1.453673404949515080e-01	-2.886441828827847056e-01	1.837777651280087243e-01	-2.087400956466529400e-01	1.367207751526071102e-01	-1.323394029666764560e-01	9.827016252827562581e-02	-1.087522815121569064e-01	1.258304960387151006e-01	-1.478410840493780964e-01	1.469984860348375888e-01	-1.382120318612825582e-01	9.297598828377334756e-02	-1.232613559523015323e-01	1.133794345459641223e-01	-7.586453779799512409e-02
-1.814340872408036764e-01	1.367228944682327418e-01	-2.969669582700756871e-01	2.328770179251260508e-01	-3.799494033555865236e-01	1.000000000000000444e+00	-3.335659894946584325e-01	2.347139031208618221e-01	-1.793342011420878401e-01	1.569105881990510432e-01	-5.635426049048444241e-01	2.242417746655906985e-01	-2.006980558652846913e-01	1.902355903818436778e-01	-1.918558959564934108e-01	2.864902709478133191e-01	-2.607352769327125341e-01	1.904245296227186079e-01	-2.033149905300034310e-01	1.785641867512560710e-01	-2.286484373157147976e-01	1.939071376296493676e-01	-2.136474647093671575e-01	1.762663427268779393e-01	-1.398212799836595355e-01	2.122562904683794327e-01	-1.879773690964670063e-01	1.853332629431690970e-01	-1.279364235087151469e-01	1.184008530730835673e-01	-9.018568431097404026e-02	9.923338975567472242e-02	-1.172736042769424725e-01	1.332203986198416956e-01	-1.581747245633682297e-01	1.204545527025530915e-01	-8.577352893149131630e-02	1.110713372682152200e-01	-1.186203841216471461e-01	7.813201442522801909e-02
1.517120343413000116e-01	-1.581570777694513985e-01	2.617571676851852547e-01	-2.266478573677949415e-01	2.056368544465169979e-01	-3.335659894946584325e-01	1.000000000000000444e+00	-7.414895426107032117e-01	1.534433041391456698e-01	-1.265094392091312137e-01	1.854750346098293090e-01	-3.372899436436774812e-01	1.918139725986177657e-01	-1.701622876588599897e-01	1.350512489843238295e-01	-1.826530013047807655e-01	2.198281586843269519e-01	-1.766893803290381093e-01	1.452878619299391716e-01	-1.376966838936104220e-01	1.379061443928323027e-01	-1.444952010493550099e-01	1.538639236499813046e-01	-1.322195584361582354e-01	9.647094626886533464e-02	-1.512983633727540966e-01	1.137210707630962880e-01	-1.381897319805285851e-01	9.131076034825195975e-02	-8.546336032884642442e-02	5.951355564790264396e-02	-6.610068650217058861e-02	8.145928339710824251e-02	-9.436358795031474234e-02	9.388256503941537490e-02	-8.137955898827417545e-02	5.663158554724453952e-02	-7.443829631224893606e-02	7.200651095138453639e-02	-4.796240566067942745e-02
-1.758754418337915015e-01	1.579080533308557521e-01	-4.400225527481249066e-01	2.286295636112709029e-01	-2.247779708685317679e-01	2.347139031208618221e-01	-7.414895426107032117e-01	1.000000000000001110e+00	-1.813182127444182834e-01	1.313267895919417727e-01	-1.617500737709313963e-01	2.130640881352488247e-01	-1.902426049434028654e-01	1.628933677924946088e-01	-1.397712888307214296e-01	1.509115163283006877e-01	-2.019376097371506362e-01	1.550507018651624547e-01	-1.432137875948711891e-01	1.324073662034318810e-01	-1.241742223712973409e-01	1.243948254989896557e-01	-1.434964741845515535e-01	1.197147246647738278e-01	-8.986583282268605088e-02	1.356675291366041258e-01	-1.046508016203579194e-01	1.236151755652173806e-01	-8.352752010469506605e-02	7.813920140186862706e-02	-5.418577368920218795e-02	6.006528285036511622e-02	-7.402677943382313108e-02	8.523908614619271629e-02	-8.688095269966254752e-02	7.372475910182937908e-02	-5.155454174412931606e-02	6.756343968063527328e-02	-6.641950850956210295e-02	4.415209501530754227e-02
8.486545412960087853e-02	-7.053726137030762178e-02	1.635463159388985399e-01	-2.292750402086982386e-01	2.307480459037343778e-01	-1.793342011420878401e-01	1.534433041391456698e-01	-1.813182127444182834e-01	9.999999999999998890e-01	-6.280113339670435613e-01	1.214341742169526561e-01	-1.442913284750748648e-01	1.833399476669389516e-01	-5.534740282735856054e-01	2.962651715497362503e-01	-1.251201655242747679e-01	1.374006166320715094e-01	-1.712932064672604837e-01	2.426968484122881686e-01	-2.668249647400118829e-01	1.064945300919103444e-01	-1.100813778289916611e-01	1.446664366748976471e-01	-1.441370519885422641e-01	1.113196944492330642e-01	-1.399624079560862211e-01	1.058666224559767083e-01	-1.364114500223900239e-01	9.702008584504615007e-02	-9.571712982981878115e-02	5.702901847460256635e-02	-6.351830786885243052e-02	8.074424589933358598e-02	-9.446090738345450100e-02	8.927266324409158238e-02	-7.796272882835353357e-02	5.445695126265298613e-02	-7.173681312274035604e-02	6.878221583371375847e-02	-4.592439624856539671e-02
-7.451219970719835661e-02	6.081974102401316307e-02	-1.413426368206912587e-01	1.813085254589917872e-01	-2.884207456523326663e-01	1.569105881990510432e-01	-1.265094392091312137e-01	1.313267895919417727e-01	-6.280113339670435613e-01	1.000000000000000666e+00	-1.059798492999745323e-01	1.141140436415140347e-01	-1.421257405922812245e-01	2.756598322626012676e-01	-5.981913805150440577e-01	1.073309309234321829e-01	-1.159368273190911347e-01	1.319967026504814400e-01	-2.355578723878776204e-01	2.478838558064808684e-01	-9.263312087598840616e-02	9.350302357671494424e-02	-1.244255330144915517e-01	1.260125779381654765e-01	-1.025204792004133642e-01	1.258735514838806024e-01	-9.528021106076257907e-02	1.184771129016857077e-01	-8.646612497177991186e-02	8.541365580779393396e-02	-5.095754541465855741e-02	5.663047662822030814e-02	-7.142279752009282612e-02	8.330417621949801066e-02	-8.055627196794408473e-02	6.958828444199177676e-02	-4.862117130203974513e-02	6.394721767518803113e-02	-6.190498452692828890e-02	4.127515394925222736e-02
9.501584494207331033e-02	-7.616919815949192707e-02	1.599856123240519512e-01	-1.443588724694938041e-01	1.999200563289526555e-01	-5.635426049048444241e-01	1.854750346098293090e-01	-1.617500737709313963e-01	1.214341742169526561e-01	-1.059798492999745323e-01	1.000000000000000444e+00	-2.471713482897334169e-01	1.683929045175217298e-01	-1.477924985591664575e-01	1.275050429716020062e-01	-6.491702638644510914e-01	2.410684677349938243e-01	-1.750206864411228969e-01	1.456026601357974237e-01	-1.332302830612963340e-01	2.324687948240822810e-01	-2.194262525222730742e-01	1.799637366430403285e-01	-1.521561401561177251e-01	1.093528209642622429e-01	-1.734486460251052631e-01	1.357806722486886719e-01	-1.627513453135596977e-01	1.055139654450360231e-01	-9.756435625231284214e-02	6.974581908630073102e-02	-7.747958713968222666e-02	9.546801012760566807e-02	-1.104536752114616549e-01	1.115270665046403514e-01	-9.469184363642360602e-02	6.634414805130664505e-02	-8.697687510632667873e-02	8.531181043086248639e-02	-5.674221403192752228e-02
-9.533345535817749905e-02	8.032552628008590712e-02	-1.653472761749925357e-01	1.431607455173302956e-01	-1.782810553626154870e-01	2.242417746655906985e-01	-3.372899436436774812e-01	2.130640881352488247e-01	-1.442913284750748648e-01	1.141140436415140347e-01	-2.471713482897334169e-01	9.999999999999975575e-01	-4.512691023283937897e-01	1.873417651838599485e-01	-1.373162254249704617e-01	2.270199017306087086e-01	-6.662352302705946139e-01	2.574971454752303934e-01	-1.631208789787881031e-01	1.361121297356753246e-01	-1.935238998157215728e-01	2.047224355809537100e-01	-2.116977520334386298e-01	1.464167999869542269e-01	-1.052034753383378485e-01	1.412530490585773013e-01	-1.157976772548327121e-01	1.501684532086121349e-01	-1.004412359913722380e-01	9.108011230550572268e-02	-6.031695145351266552e-02	6.709817202357258592e-02	-8.717677703494230990e-02	9.920080014856279271e-02	-9.656201696436837734e-02	8.081345491050111185e-02	-5.749027863577445274e-02	7.508538399435338295e-02	-7.409005329880791191e-02	4.924016057274895053e-02
8.202934254787025425e-02	-6.846601028291296465e-02	1.466521694061635739e-01	-1.414093319955216366e-01	1.757776670298061561e-01	-2.006980558652846913e-01	1.918139725986177657e-01	-1.902426049434028654e-01	1.833399476669389516e-01	-1.421257405922812245e-01	1.683929045175217298e-01	-4.512691023283937897e-01	1.000000000000000888e+00	-3.634263395013916376e-01	1.652290859757394592e-01	-1.818356429711229516e-01	2.658737449975892009e-01	-6.472709510614464978e-01	2.082055151236309187e-01	-1.689277966735308889e-01	1.592160658089536440e-01	-1.825664319283679393e-01	2.543962715911005645e-01	-1.824596158569381787e-01	1.219482590561953711e-01	-1.500723403107719622e-01	1.218647541493617648e-01	-1.834101518116915686e-01	1.188854979028755449e-01	-1.076359455902040352e-01	6.612508980820816507e-02	-7.410499805171219534e-02	1.005901942210288280e-01	-1.156552566969415163e-01	1.032169535100168484e-01	-8.874030538435517812e-02	6.331771652183623700e-02	-8.312454401961483219e-02	7.989850490295481722e-02	-5.333246410360370504e-02
-9.110224154256972573e-02	7.361420508146712671e-02	-1.672813109708096158e-01	1.803993988378373714e-01	-2.384708586462027380e-01	1.902355903818436778e-01	-1.701622876588599897e-01	1.628933677924946088e-01	-5.534740282735856054e-01	2.756598322626012676e-01	-1.477924985591664575e-01	1.873417651838599485e-01	-3.634263395013916376e-01	1.000000000000001110e+00	-3.545206996964194168e-01	1.472453453113352906e-01	-1.869980804227941718e-01	2.294941322930544314e-01	-4.773060209229956219e-01	2.760097974431390822e-01	-1.355823605771095119e-01	1.372387624029927922e-01	-1.985808158948619562e-01	1.803683841772005247e-01	-1.376455958953227421e-01	1.539101916232591682e-01	-1.245304662380709859e-01	1.618767501491727989e-01	-1.206253190536098058e-01	1.138741211681776055e-01	-6.648930798844557288e-02	7.396921041301322830e-02	-9.690857923743832758e-02	1.117489490324478224e-01	-1.067092212871873225e-01	8.948278308906194856e-02	-6.355673801915104337e-02	8.321507879311182410e-02	-8.197044001397375823e-02	5.455551669966737793e-02
7.944187540567274053e-02	-6.500881692596519046e-02	1.453123781757794664e-01	-1.843268489150054201e-01	2.276425822891271766e-01	-1.918558959564934108e-01	1.350512489843238295e-01	-1.397712888307214296e-01	2.962651715497362503e-01	-5.981913805150440577e-01	1.275050429716020062e-01	-1.373162254249704617e-01	1.652290859757394592e-01	-3.545206996964194168e-01	9.999999999999996669e-01	-1.324142408122301884e-01	1.367315122492557267e-01	-1.684159706190875572e-01	2.808266131142982958e-01	-5.368296840553650195e-01	1.131200511061761227e-01	-1.162022281056528522e-01	1.545031901491158710e-01	-1.692241168463839429e-01	1.417771309955771220e-01	-1.617978789904072900e-01	1.212317714005544944e-01	-1.574778936101947635e-01	1.150262984245102316e-01	-1.200995628014723399e-01	6.599837981640167828e-02	-7.357891077057129858e-02	9.369049406331732277e-02	-1.105829549159326741e-01	1.027258719841915163e-01	-9.054536084191742995e-02	6.308770563783820673e-02	-8.327422256260889888e-02	7.928317838156116737e-02	-5.301536502273980489e-02
-9.675978819696640087e-02	7.585798188837429568e-02	-1.644495555201186121e-01	1.419776502154063424e-01	-2.109514852069833968e-01	2.864902709478133191e-01	-1.826530013047807655e-01	1.509115163283006877e-01	-1.251201655242747679e-01	1.073309309234321829e-01	-6.491702638644510914e-01	2.270199017306087086e-01	-1.818356429711229516e-01	1.472453453113352906e-01	-1.324142408122301884e-01	1.000000000000000444e+00	-3.598562553847365342e-01	1.793994087042695140e-01	-1.521189584422863728e-01	1.321910260979954621e-01	-4.457343846960705736e-01	2.621880470729671120e-01	-2.095760478486855538e-01	1.513640043130833612e-01	-1.127410370433301057e-01	1.646556945237694081e-01	-1.402526343024633748e-01	1.592110311257155242e-01	-1.068546005241719637e-01	9.697973877744905935e-02	-6.943660440790717925e-02	7.681467366094797689e-02	-9.568045213228004719e-02	1.084218755793191352e-01	-1.149459084756835336e-01	9.238992187759249852e-02	-6.590701611508373303e-02	8.556236379836243411e-02	-8.734390794247402778e-02	5.779054439975624125e-02
9.012447809657668507e-02	-7.601437987428594223e-02	1.565529182934920771e-01	-1.469433803593624410e-01	1.812197812256726714e-01	-2.607352769327125341e-01	2.198281586843269519e-01	-2.019376097371506362e-01	1.374006166320715094e-01	-1.159368273190911347e-01	2.410684677349938243e-01	-6.662352302705946139e-01	2.658737449975892009e-01	-1.869980804227941718e-01	1.367315122492557267e-01	-3.598562553847365342e-01	9.999999999999983347e-01	-2.973141160878303713e-01	1.633868848619907388e-01	-1.453099294102024042e-01	2.443796837703053615e-01	-3.512821925866180250e-01	2.269571532248260137e-01	-1.696656137621403992e-01	1.166353252122813988e-01	-1.644701955733287591e-01	1.306215490510559685e-01	-1.771429088714276401e-01	1.140668576413872842e-01	-1.039497151534845287e-01	6.886947329401077456e-02	-7.691836706174713656e-02	9.989500530730430206e-02	-1.150393508505572204e-01	1.078143344965978440e-01	-9.288382815294765615e-02	6.567500684212645989e-02	-8.616882054021228476e-02	8.311260695701565282e-02	-5.541145273046554215e-02
-8.317655341273963443e-02	6.725146653773972361e-02	-1.467863152020727757e-01	1.362217097913697994e-01	-1.854074092715940203e-01	1.904245296227186079e-01	-1.766893803290381093e-01	1.550507018651624547e-01	-1.712932064672604837e-01	1.319967026504814400e-01	-1.750206864411228969e-01	2.574971454752303934e-01	-6.472709510614464978e-01	2.294941322930544314e-01	-1.684159706190875572e-01	1.793994087042695140e-01	-2.973141160878303713e-01	1.000000000000001554e+00	-2.339910027804883719e-01	1.686449868950579134e-01	-1.890266595426595142e-01	2.033349723619414795e-01	-4.991364011119951982e-01	2.028886294540349633e-01	-1.405256238476928210e-01	1.548373249984775768e-01	-1.349955631959668112e-01	2.016831130009361372e-01	-1.373807391740456130e-01	1.181869742820121916e-01	-7.220837855162112739e-02	8.053405106322715501e-02	-1.141002290482789616e-01	1.254737532384954668e-01	-1.155909294983494956e-01	9.478261902561233021e-02	-6.906074124012304138e-02	8.966178188975854058e-02	-8.912825303985477676e-02	5.915508378867688488e-02
8.298285770062847899e-02	-6.713300661423404758e-02	1.484863865702112928e-01	-1.668025678277565149e-01	2.150183541535034548e-01	-2.033149905300034310e-01	1.452878619299391716e-01	-1.432137875948711891e-01	2.426968484122881686e-01	-2.355578723878776204e-01	1.456026601357974237e-01	-1.631208789787881031e-01	2.082055151236309187e-01	-4.773060209229956219e-01	2.808266131142982958e-01	-1.521189584422863728e-01	1.633868848619907388e-01	-2.339910027804883719e-01	9.999999999999988898e-01	-6.313954714812902713e-01	1.370887119144180710e-01	-1.429657038294457616e-01	2.072727521225525837e-01	-3.032761620333472297e-01	1.942651882112911010e-01	-1.819316835512811703e-01	1.452827203200444395e-01	-2.070295947166152506e-01	1.670295073594965651e-01	-1.659192606430419659e-01	8.073482250496087642e-02	-9.046963960382060910e-02	1.224580075093216619e-01	-1.460268420395024747e-01	1.264397135515029913e-01	-1.092080257341509902e-01	7.754992674764391025e-02	-1.022194278723065619e-01	9.800832808534346019e-02	-6.562272351428041772e-02
-8.388818186627708395e-02	6.671735560527396192e-02	-1.503954319924727667e-01	1.635005306558745819e-01	-2.423760950826443494e-01	1.785641867512560710e-01	-1.376966838936104220e-01	1.324073662034318810e-01	-2.668249647400118829e-01	2.478838558064808684e-01	-1.332302830612963340e-01	1.361121297356753246e-01	-1.689277966735308889e-01	2.760097974431390822e-01	-5.368296840553650195e-01	1.321910260979954621e-01	-1.453099294102024042e-01	1.686449868950579134e-01	-6.313954714812902713e-01	9.999999999999978906e-01	-1.234131160832064866e-01	1.221955860837777158e-01	-1.778233643307842171e-01	2.098583517220228012e-01	-2.345546356118964615e-01	1.608238580732952727e-01	-1.356019618298177631e-01	1.712263685194861662e-01	-1.475593535267659961e-01	1.566929228963970799e-01	-7.257266835653265746e-02	8.061681923601095312e-02	-1.071133040522437990e-01	1.246555307421364223e-01	-1.200092343097055314e-01	9.696451129510168243e-02	-6.955950473899401298e-02	9.082390439788906589e-02	-9.183461064886128122e-02	6.102715585661354358e-02
7.163309761697539413e-02	-5.751510151992925840e-02	1.230929175041428625e-01	-1.151013896361062910e-01	1.587890581904389253e-01	-2.286484373157147976e-01	1.379061443928323027e-01	-1.241742223712973409e-01	1.064945300919103444e-01	-9.263312087598840616e-02	2.324687948240822810e-01	-1.935238998157215728e-01	1.592160658089536440e-01	-1.355823605771095119e-01	1.131200511061761227e-01	-4.457343846960705736e-01	2.443796837703053615e-01	-1.890266595426595142e-01	1.370887119144180710e-01	-1.234131160832064866e-01	1.000000000000001110e+00	-7.380146811345555946e-01	2.386472019328498562e-01	-1.742299939346280968e-01	1.147676048031725099e-01	-1.831477478149093063e-01	1.384103725891883130e-01	-1.858962501936306244e-01	1.156724848661668942e-01	-1.038947136219523781e-01	7.091835809727746465e-02	-7.918497913546691802e-02	1.024950796462492514e-01	-1.179236083658697504e-01	1.094761959026333414e-01	-9.448799053107886925e-02	6.715475931278445942e-02	-8.777645198253820891e-02	8.448979278676745086e-02	-5.631177355661093342e-02
-7.293808940866830515e-02	5.821995955335582118e-02	-1.256348572751105896e-01	1.141097474924983729e-01	-1.612288593488338806e-01	1.939071376296493676e-01	-1.444952010493550099e-01	1.243948254989896557e-01	-1.100813778289916611e-01	9.350302357671494424e-02	-2.194262525222730742e-01	2.047224355809537100e-01	-1.825664319283679393e-01	1.372387624029927922e-01	-1.162022281056528522e-01	2.621880470729671120e-01	-3.512821925866180250e-01	2.033349723619414795e-01	-1.429657038294457616e-01	1.221955860837777158e-01	-7.380146811345555946e-01	9.999999999999988898e-01	-3.777142120073092024e-01	1.722233228113062842e-01	-1.184383759020217336e-01	1.576914340705475592e-01	-1.377542072646094906e-01	1.794098033109116641e-01	-1.178713287174077001e-01	1.020449764447132479e-01	-6.846732737535975166e-02	7.633745672516682734e-02	-1.020306094713427925e-01	1.131943556325091527e-01	-1.084617142721566174e-01	8.978772657252466483e-02	-6.490710834863003265e-02	8.406475353120573812e-02	-8.338962326564945682e-02	5.530203662974195189e-02
8.129208499661179366e-02	-6.537042877950993702e-02	1.416787154087250367e-01	-1.370684279142017348e-01	1.884326655664299022e-01	-2.136474647093671575e-01	1.538639236499813046e-01	-1.434964741845515535e-01	1.446664366748976471e-01	-1.244255330144915517e-01	1.799637366430403285e-01	-2.116977520334386298e-01	2.543962715911005645e-01	-1.985808158948619562e-01	1.545031901491158710e-01	-2.095760478486855538e-01	2.269571532248260137e-01	-4.991364011119951982e-01	2.072727521225525837e-01	-1.778233643307842171e-01	2.386472019328498562e-01	-3.777142120073092024e-01	9.999999999999986677e-01	-4.080681348359597171e-01	2.006318436168824937e-01	-2.026849550575519632e-01	1.766281834430821762e-01	-4.135615447655833776e-01	2.215278689183304006e-01	-1.827219455242263257e-01	1.008935867280005144e-01	-1.149370848715350335e-01	1.798311956499436259e-01	-2.011282719651040496e-01	1.527787838020772115e-01	-1.317029641672765317e-01	9.724271398946633671e-02	-1.275313595612391493e-01	1.200327941637809315e-01	-8.036788468478393843e-02
-7.788910424153923373e-02	6.117638586858674399e-02	-1.355155506734203597e-01	1.296737666181756732e-01	-1.952589718993537338e-01	1.762663427268779393e-01	-1.322195584361582354e-01	1.197147246647738278e-01	-1.441370519885422641e-01	1.260125779381654765e-01	-1.521561401561177251e-01	1.464167999869542269e-01	-1.824596158569381787e-01	1.803683841772005247e-01	-1.692241168463839429e-01	1.513640043130833612e-01	-1.696656137621403992e-01	2.028886294540349633e-01	-3.032761620333472297e-01	2.098583517220228012e-01	-1.742299939346280968e-01	1.722233228113062842e-01	-4.080681348359597171e-01	9.999999999999985567e-01	-4.519565488619888827e-01	1.914107764026318770e-01	-1.905124535101989092e-01	2.897912329050527647e-01	-5.320641223552176058e-01	2.929244988132854166e-01	-1.084167387376887004e-01	1.204297741541121847e-01	-2.015247098972925699e-01	2.253030290122242651e-01	-1.829837737126051023e-01	1.353000617312205278e-01	-1.044039016968649203e-01	1.332726749231914753e-01	-1.419295633090394415e-01	9.349646050026985677e-02
5.736266863151415207e-02	-4.534732514709467754e-02	1.000794779580967547e-01	-9.997586809866758351e-02	1.453673404949515080e-01	-1.398212799836595355e-01	9.647094626886533464e-02	-8.986583282268605088e-02	1.113196944492330642e-01	-1.025204792004133642e-01	1.093528209642622429e-01	-1.052034753383378485e-01	1.219482590561953711e-01	-1.376455958953227421e-01	1.417771309955771220e-01	-1.127410370433301057e-01	1.166353252122813988e-01	-1.405256238476928210e-01	1.942651882112911010e-01	-2.345546356118964615e-01	1.147676048031725099e-01	-1.184383759020217336e-01	2.006318436168824937e-01	-4.519565488619888827e-01	9.999999999999997780e-01	-1.648109808721290870e-01	1.497891548618607849e-01	-2.745450212008663793e-01	3.102645475421083043e-01	-7.242101965307099487e-01	9.057783034882359308e-02	-1.031262217104537693e-01	1.642172352616486919e-01	-2.102174730618953657e-01	1.414820469181713447e-01	-1.185068105641026021e-01	8.808732252751957925e-02	-1.161145134348150476e-01	1.113295296282864055e-01	-7.559864016273970533e-02
-1.047990745523090655e-01	7.993485158409496805e-02	-1.795083616851784469e-01	1.637965372377724049e-01	-2.886441828827847056e-01	2.122562904683794327e-01	-1.512983633727540966e-01	1.356675291366041258e-01	-1.399624079560862211e-01	1.258735514838806024e-01	-1.734486460251052631e-01	1.412530490585773013e-01	-1.500723403107719622e-01	1.539101916232591682e-01	-1.617978789904072900e-01	1.646556945237694081e-01	-1.644701955733287591e-01	1.548373249984775768e-01	-1.819316835512811703e-01	1.608238580732952727e-01	-1.831477478149093063e-01	1.576914340705475592e-01	-2.026849550575519632e-01	1.914107764026318770e-01	-1.648109808721290870e-01	9.999999999999993339e-01	-6.566471087811506235e-01	2.332000264845164872e-01	-1.589096650520200604e-01	1.412601089828247614e-01	-2.222178134466142874e-01	2.196733522772081615e-01	-1.859845933380339933e-01	1.989250130584160337e-01	-3.463446572023693437e-01	2.396452425962733168e-01	-1.807165344240072580e-01	2.129919098216687123e-01	-2.537266546957893665e-01	1.633172779618394244e-01
7.180324862574519185e-02	-5.602573660258466925e-02	1.234815366828021371e-01	-1.185084984563598426e-01	1.837777651280087243e-01	-1.879773690964670063e-01	1.137210707630962880e-01	-1.046508016203579194e-01	1.058666224559767083e-01	-9.528021106076257907e-02	1.357806722486886719e-01	-1.157976772548327121e-01	1.218647541493617648e-01	-1.245304662380709859e-01	1.212317714005544944e-01	-1.402526343024633748e-01	1.306215490510559685e-01	-1.349955631959668112e-01	1.452827203200444395e-01	-1.356019618298177631e-01	1.384103725891883130e-01	-1.377542072646094906e-01	1.766281834430821762e-01	-1.905124535101989092e-01	1.497891548618607849e-01	-6.566471087811506235e-01	9.999999999999992228e-01	-2.794708582933941310e-01	1.604208305751403940e-01	-1.419789135683244274e-01	2.487218214831627139e-01	-3.678231026982425877e-01	2.078484229304097541e-01	-2.243388786115979583e-01	2.376193054395391857e-01	-3.569002194131290495e-01	2.244247594210673491e-01	-2.912895320836512703e-01	1.926645911059112759e-01	-1.296228764500101105e-01
-8.318887858400723923e-02	6.488000678411455502e-02	-1.438788866945441836e-01	1.339472249395474990e-01	-2.087400956466529400e-01	1.853332629431690970e-01	-1.381897319805285851e-01	1.236151755652173806e-01	-1.364114500223900239e-01	1.184771129016857077e-01	-1.627513453135596977e-01	1.501684532086121349e-01	-1.834101518116915686e-01	1.618767501491727989e-01	-1.574778936101947635e-01	1.592110311257155242e-01	-1.771429088714276401e-01	2.016831130009361372e-01	-2.070295947166152506e-01	1.712263685194861662e-01	-1.858962501936306244e-01	1.794098033109116641e-01	-4.135615447655833776e-01	2.897912329050527647e-01	-2.745450212008663793e-01	2.332000264845164872e-01	-2.794708582933941310e-01	9.999999999999973355e-01	-4.117935549883351976e-01	2.294946822543491027e-01	-1.615730034531777382e-01	1.808428009634728828e-01	-4.732388206627650140e-01	3.034182291577823820e-01	-2.395417043389233003e-01	1.830540054765171787e-01	-1.543198583540082713e-01	1.885760719342666203e-01	-1.892437819682037670e-01	1.231999543668042263e-01
5.441086680497724676e-02	-4.276179387274118421e-02	9.450743418931963069e-02	-9.118141134598452269e-02	1.367207751526071102e-01	-1.279364235087151469e-01	9.131076034825195975e-02	-8.352752010469506605e-02	9.702008584504615007e-02	-8.646612497177991186e-02	1.055139654450360231e-01	-1.004412359913722380e-01	1.188854979028755449e-01	-1.206253190536098058e-01	1.150262984245102316e-01	-1.068546005241719637e-01	1.140668576413872842e-01	-1.373807391740456130e-01	1.670295073594965651e-01	-1.475593535267659961e-01	1.156724848661668942e-01	-1.178713287174077001e-01	2.215278689183304006e-01	-5.320641223552176058e-01	3.102645475421083043e-01	-1.589096650520200604e-01	1.604208305751403940e-01	-4.117935549883351976e-01	9.999999999999982236e-01	-5.351482435062739906e-01	1.015797563556830041e-01	-1.171571207320400709e-01	2.334606471863699129e-01	-3.660604965764651664e-01	1.586132068038594856e-01	-1.244212498944237549e-01	9.900667669221475953e-02	-1.283907175885724561e-01	1.276648770859497017e-01	-8.615189151522645306e-02
-5.173562639187492124e-02	4.056573545209010700e-02	-8.996330350700292022e-02	8.718489376778726374e-02	-1.323394029666764560e-01	1.184008530730835673e-01	-8.546336032884642442e-02	7.813920140186862706e-02	-9.571712982981878115e-02	8.541365580779393396e-02	-9.756435625231284214e-02	9.108011230550572268e-02	-1.076359455902040352e-01	1.138741211681776055e-01	-1.200995628014723399e-01	9.697973877744905935e-02	-1.039497151534845287e-01	1.181869742820121916e-01	-1.659192606430419659e-01	1.566929228963970799e-01	-1.038947136219523781e-01	1.020449764447132479e-01	-1.827219455242263257e-01	2.929244988132854166e-01	-7.242101965307099487e-01	1.412601089828247614e-01	-1.419789135683244274e-01	2.294946822543491027e-01	-5.351482435062739906e-01	9.999999999999990008e-01	-8.424476870115940597e-02	9.412163106903570498e-02	-1.653832068418932821e-01	1.932261522838799317e-01	-1.425836401674505927e-01	1.047883203620178089e-01	-8.152219238902691512e-02	1.044507481370015312e-01	-1.103066542902070568e-01	7.355279150202263805e-02
3.792591704838753353e-02	-2.944755337661168065e-02	6.529071782858333894e-02	-6.169136066821440806e-02	9.827016252827562581e-02	-9.018568431097404026e-02	5.951355564790264396e-02	-5.418577368920218795e-02	5.702901847460256635e-02	-5.095754541465855741e-02	6.974581908630073102e-02	-6.031695145351266552e-02	6.612508980820816507e-02	-6.648930798844557288e-02	6.599837981640167828e-02	-6.943660440790717925e-02	6.886947329401077456e-02	-7.220837855162112739e-02	8.073482250496087642e-02	-7.257266835653265746e-02	7.091835809727746465e-02	-6.846732737535975166e-02	1.008935867280005144e-01	-1.084167387376887004e-01	9.057783034882359308e-02	-2.222178134466142874e-01	2.487218214831627139e-01	-1.615730034531777382e-01	1.015797563556830041e-01	-8.424476870115940597e-02	9.999999999999983347e-01	-6.652701475640990791e-01	1.803982806084137025e-01	-1.712977230198960144e-01	1.780247349163869841e-01	-6.020221837479829974e-01	2.713408268895249886e-01	-2.539020728583380460e-01	1.509649693499351131e-01	-9.801948762285114802e-02
-4.202925844246390569e-02	3.262980893468148819e-02	-7.236986491775936059e-02	6.825866802401570066e-02	-1.087522815121569064e-01	9.923338975567472242e-02	-6.610068650217058861e-02	6.006528285036511622e-02	-6.351830786885243052e-02	5.663047662822030814e-02	-7.747958713968222666e-02	6.709817202357258592e-02	-7.410499805171219534e-02	7.396921041301322830e-02	-7.357891077057129858e-02	7.681467366094797689e-02	-7.691836706174713656e-02	8.053405106322715501e-02	-9.046963960382060910e-02	8.061681923601095312e-02	-7.918497913546691802e-02	7.633745672516682734e-02	-1.149370848715350335e-01	1.204297741541121847e-01	-1.031262217104537693e-01	2.196733522772081615e-01	-3.678231026982425877e-01	1.808428009634728828e-01	-1.171571207320400709e-01	9.412163106903570498e-02	-6.652701475640990791e-01	9.999999999999984457e-01	-2.735121426026093649e-01	1.941394283502560214e-01	-2.094216489942692938e-01	3.235639143311555554e-01	-4.289032899549994893e-01	2.657265103351292290e-01	-1.783850808450414271e-01	1.123572827466512158e-01
4.974571406751457370e-02	-3.886646596422086569e-02	8.598531094148936793e-02	-8.152635432828762851e-02	1.258304960387151006e-01	-1.172736042769424725e-01	8.145928339710824251e-02	-7.402677943382313108e-02	8.074424589933358598e-02	-7.142279752009282612e-02	9.546801012760566807e-02	-8.717677703494230990e-02	1.005901942210288280e-01	-9.690857923743832758e-02	9.369049406331732277e-02	-9.568045213228004719e-02	9.989500530730430206e-02	-1.141002290482789616e-01	1.224580075093216619e-01	-1.071133040522437990e-01	1.024950796462492514e-01	-1.020306094713427925e-01	1.798311956499436259e-01	-2.015247098972925699e-01	1.642172352616486919e-01	-1.859845933380339933e-01	2.078484229304097541e-01	-4.732388206627650140e-01	2.334606471863699129e-01	-1.653832068418932821e-01	1.803982806084137025e-01	-2.735121426026093649e-01	9.999999999999986677e-01	-7.017882326788587033e-01	2.045120934984729633e-01	-1.985907889406466897e-01	1.833765584096907764e-01	-2.628726941367281467e-01	1.772106994777077060e-01	-1.201957990231545537e-01
-5.811303117456916023e-02	4.528072611709511169e-02	-1.004249774835591497e-01	9.463482471848114197e-02	-1.478410840493780964e-01	1.332203986198416956e-01	-9.436358795031474234e-02	8.523908614619271629e-02	-9.446090738345450100e-02	8.330417621949801066e-02	-1.104536752114616549e-01	9.920080014856279271e-02	-1.156552566969415163e-01	1.117489490324478224e-01	-1.105829549159326741e-01	1.084218755793191352e-01	-1.150393508505572204e-01	1.254737532384954668e-01	-1.460268420395024747e-01	1.246555307421364223e-01	-1.179236083658697504e-01	1.131943556325091527e-01	-2.011282719651040496e-01	2.253030290122242651e-01	-2.102174730618953657e-01	1.989250130584160337e-01	-2.243388786115979583e-01	3.034182291577823820e-01	-3.660604965764651664e-01	1.932261522838799317e-01	-1.712977230198960144e-01	1.941394283502560214e-01	-7.017882326788587033e-01	9.999999999999981126e-01	-2.845478247725156118e-01	1.834260728775621019e-01	-1.671358887861135456e-01	2.053127480912530500e-01	-2.431407432804014723e-01	1.524156357946045426e-01
5.824527611596981569e-02	-4.566489541593388157e-02	1.003550206727184813e-01	-9.760038815830926473e-02	1.469984860348375888e-01	-1.581747245633682297e-01	9.388256503941537490e-02	-8.688095269966254752e-02	8.927266324409158238e-02	-8.055627196794408473e-02	1.115270665046403514e-01	-9.656201696436837734e-02	1.032169535100168484e-01	-1.067092212871873225e-01	1.027258719841915163e-01	-1.149459084756835336e-01	1.078143344965978440e-01	-1.155909294983494956e-01	1.264397135515029913e-01	-1.200092343097055314e-01	1.094761959026333414e-01	-1.084617142721566174e-01	1.527787838020772115e-01	-1.829837737126051023e-01	1.414820469181713447e-01	-3.463446572023693437e-01	2.376193054395391857e-01	-2.395417043389233003e-01	1.586132068038594856e-01	-1.425836401674505927e-01	1.780247349163869841e-01	-2.094216489942692938e-01	2.045120934984729633e-01	-2.845478247725156118e-01	9.999999999999977796e-01	-2.979245173585418072e-01	1.928966723760732194e-01	-3.041431994897041413e-01	3.258938133372086265e-01	-6.031275047118542787e-01
-5.273173782599356596e-02	4.077714996058264679e-02	-9.070042976141828861e-02	8.495949930739059297e-02	-1.382120318612825582e-01	1.204545527025530915e-01	-8.137955898827417545e-02	7.372475910182937908e-02	-7.796272882835353357e-02	6.958828444199177676e-02	-9.469184363642360602e-02	8.081345491050111185e-02	-8.874030538435517812e-02	8.948278308906194856e-02	-9.054536084191742995e-02	9.238992187759249852e-02	-9.288382815294765615e-02	9.478261902561233021e-02	-1.092080257341509902e-01	9.696451129510168243e-02	-9.448799053107886925e-02	8.978772657252466483e-02	-1.317029641672765317e-01	1.353000617312205278e-01	-1.185068105641026021e-01	2.396452425962733168e-01	-3.569002194131290495e-01	1.830540054765171787e-01	-1.244212498944237549e-01	1.047883203620178089e-01	-6.020221837479829974e-01	3.235639143311555554e-01	-1.985907889406466897e-01	1.834260728775621019e-01	-2.979245173585418072e-01	9.999999999999977796e-01	-4.528538014822685032e-01	2.840684191532764080e-01	-2.434259248933614839e-01	1.503209852308807215e-01
3.597429754056975792e-02	-2.794758327686461263e-02	6.194929255016946856e-02	-5.858504508954609502e-02	9.297598828377334756e-02	-8.577352893149131630e-02	5.663158554724453952e-02	-5.155454174412931606e-02	5.445695126265298613e-02	-4.862117130203974513e-02	6.634414805130664505e-02	-5.749027863577445274e-02	6.331771652183623700e-02	-6.355673801915104337e-02	6.308770563783820673e-02	-6.590701611508373303e-02	6.567500684212645989e-02	-6.906074124012304138e-02	7.754992674764391025e-02	-6.955950473899401298e-02	6.715475931278445942e-02	-6.490710834863003265e-02	9.724271398946633671e-02	-1.044039016968649203e-01	8.808732252751957925e-02	-1.807165344240072580e-01	2.244247594210673491e-01	-1.543198583540082713e-01	9.900667669221475953e-02	-8.152219238902691512e-02	2.713408268895249886e-01	-4.289032899549994893e-01	1.833765584096907764e-01	-1.671358887861135456e-01	1.928966723760732194e-01	-4.528538014822685032e-01	9.999999999999982236e-01	-6.939363628866400679e-01	1.860161849197170536e-01	-1.207539779855100748e-01
-4.751673079715942882e-02	3.685591669557213013e-02	-8.181189084728027194e-02	7.704169450179781942e-02	-1.232613559523015323e-01	1.110713372682152200e-01	-7.443829631224893606e-02	6.756343968063527328e-02	-7.173681312274035604e-02	6.394721767518803113e-02	-8.697687510632667873e-02	7.508538399435338295e-02	-8.312454401961483219e-02	8.321507879311182410e-02	-8.327422256260889888e-02	8.556236379836243411e-02	-8.616882054021228476e-02	8.966178188975854058e-02	-1.022194278723065619e-01	9.082390439788906589e-02	-8.777645198253820891e-02	8.406475353120573812e-02	-1.275313595612391493e-01	1.332726749231914753e-01	-1.161145134348150476e-01	2.129919098216687123e-01	-2.912895320836512703e-01	1.885760719342666203e-01	-1.283907175885724561e-01	1.044507481370015312e-01	-2.539020728583380460e-01	2.657265103351292290e-01	-2.628726941367281467e-01	2.053127480912530500e-01	-3.041431994897041413e-01	2.840684191532764080e-01	-6.939363628866400679e-01	9.999999999999980016e-01	-3.346454339610420159e-01	1.818393389990990427e-01
4.477389841729686321e-02	-3.505266936265055006e-02	7.715467973269940494e-02	-7.464752226619641995e-02	1.133794345459641223e-01	-1.186203841216471461e-01	7.200651095138453639e-02	-6.641950850956210295e-02	6.878221583371375847e-02	-6.190498452692828890e-02	8.531181043086248639e-02	-7.409005329880791191e-02	7.989850490295481722e-02	-8.197044001397375823e-02	7.928317838156116737e-02	-8.734390794247402778e-02	8.311260695701565282e-02	-8.912825303985477676e-02	9.800832808534346019e-02	-9.183461064886128122e-02	8.448979278676745086e-02	-8.338962326564945682e-02	1.200327941637809315e-01	-1.419295633090394415e-01	1.113295296282864055e-01	-2.537266546957893665e-01	1.926645911059112759e-01	-1.892437819682037670e-01	1.276648770859497017e-01	-1.103066542902070568e-01	1.509649693499351131e-01	-1.783850808450414271e-01	1.772106994777077060e-01	-2.431407432804014723e-01	3.258938133372086265e-01	-2.434259248933614839e-01	1.860161849197170536e-01	-3.346454339610420159e-01	9.999999999999982236e-01	-7.187725718584346835e-01
