1.000000000000000222e+00	-5.435898268199410577e-01	3.168578930132510685e-01	-8.585936161795923449e-02	9.602629874619414418e-02	-3.737105642145150952e-01	2.748066627399459727e-01	-1.425221459684332947e-01	1.312736166592320675e-01	-1.061503530186968663e-01	2.184909781064805490e-01	-2.028013315101488134e-01	1.318885875890096482e-01	-1.314270310492913485e-01	1.046207169283313310e-01	-3.095819289185778866e-01	1.566721114609183341e-01	-2.205447209093622241e-01	1.791239003525431916e-01	-1.384578679481288377e-01	1.664030332526130751e-01	-2.188338092646018584e-01	1.766794853749682481e-01	-2.045679348353172666e-01	1.122246259546186009e-01	-1.599932813773484175e-01	1.440365702991391050e-01	-2.232083841257385404e-01	1.757495454813254310e-01	-2.103276097962828717e-01	7.895183711940682858e-02	-1.420094924226109889e-01	1.283320341043875656e-01	-2.034018469753411107e-01	1.432893735111323008e-01	-7.819837298747103760e-02	1.164729276313572204e-01	-1.318797516719441565e-01	1.105192146096220795e-01	-1.353537975027325202e-01
-5.435898268199410577e-01	1.000000000000000000e+00	-7.652962338675913800e-01	6.689807057830837733e-02	-7.189997837560541116e-02	1.628303473888685904e-01	-1.759195622586130214e-01	7.877986725531423151e-02	-7.464469851669262856e-02	5.773250696889797168e-02	-1.094476161976873363e-01	1.006598861484901547e-01	-7.200011834994647641e-02	7.122025779072987950e-02	-5.588416804056704768e-02	1.488525326369389556e-01	-7.824102073851559036e-02	1.112606700763285328e-01	-9.188022375463840430e-02	6.918380820147078392e-02	-8.189897727652513393e-02	1.070994616806125732e-01	-8.822374107512846730e-02	1.023184164067495600e-01	-5.621577718105398580e-02	7.840917153866194811e-02	-7.091324448727091834e-02	1.103801184795427104e-01	-8.766106903860321209e-02	1.037279142799337750e-01	-3.880466163316664829e-02	6.963212760681518343e-02	-6.314358512161921677e-02	9.961092892719547454e-02	-7.073603095925962148e-02	3.837005824675475407e-02	-5.732239311478661004e-02	6.469033298271198440e-02	-5.431719221452088742e-02	6.638364182739381336e-02
3.168578930132510685e-01	-7.652962338675913800e-01	1.000000000000000000e+00	-1.064208735914819737e-01	1.045075315194685939e-01	-2.136729995596449438e-01	2.083654212768221714e-01	-1.156415582991371649e-01	1.135366502908214253e-01	-9.012912598952078913e-02	1.471307815165034949e-01	-1.545857734206695366e-01	1.052798355746722841e-01	-1.103472511031676484e-01	8.668765468218093961e-02	-2.218352539950614322e-01	1.191907674781158555e-01	-1.738320978510022874e-01	1.428398309833930346e-01	-1.107926553686897353e-01	1.258215956168039218e-01	-1.678617376046265264e-01	1.384779414282352739e-01	-1.627840666468389763e-01	8.962151825806349836e-02	-1.230068386397274033e-01	1.113150577391837648e-01	-1.753598170160511338e-01	1.391217439094808161e-01	-1.672015437879300348e-01	6.156526318661897923e-02	-1.109511102182634545e-01	1.007229306144661191e-01	-1.611030386139706283e-01	1.134766067298818709e-01	-6.112008833235910849e-02	9.091693755091059814e-02	-1.036608113811005732e-01	8.744956215641813690e-02	-1.072826482384292568e-01
-8.585936161795923449e-02	6.689807057830837733e-02	-1.064208735914819737e-01	1.000000000000000666e+00	-8.997485979567192427e-01	5.947685629788485029e-02	-8.433888135043825229e-02	7.152443696867404055e-02	-3.276594137061901169e-01	1.485596821416527991e-01	-4.904447000439041832e-02	6.655850957203215956e-02	-6.852984339889563181e-02	1.724470293365233386e-01	-1.179355693200979521e-01	6.877959568606537011e-02	-5.419125073965605499e-02	9.398521633280572385e-02	-1.114242516958134366e-01	6.514400956918058039e-02	-4.682203879944310532e-02	6.127783467310654597e-02	-6.761098833381171125e-02	9.200412227746393445e-02	-5.388394990199570078e-02	4.571679314206250622e-02	-4.388669127908552403e-02	7.615124812602046267e-02	-7.299600105071167577e-02	7.668230843245113504e-02	-2.404580706902334844e-02	4.225663359018898974e-02	-4.095545478589068811e-02	6.442142497510801313e-02	-5.156823072953111570e-02	2.347369818657754278e-02	-3.624267898051290043e-02	4.047092823303417158e-02	-3.683434698482650205e-02	4.417030317732688338e-02
9.602629874619414418e-02	-7.189997837560541116e-02	1.045075315194685939e-01	-8.997485979567192427e-01	1.000000000000000444e+00	-7.062388193599866693e-02	9.886910168488696748e-02	-8.526555742365145296e-02	2.389024381192649538e-01	-1.833085453183952163e-01	5.886766397217680497e-02	-8.250745177146094622e-02	7.972136865965898100e-02	-2.055198074505913408e-01	1.312927720590439384e-01	-8.375453547109322494e-02	6.621510579257378071e-02	-1.160812770728964771e-01	1.274743048326511530e-01	-8.039148089971388800e-02	5.755954387409890211e-02	-7.596698466730276988e-02	8.298525129390332822e-02	-1.146825502073329506e-01	6.529384875014455913e-02	-5.669473327629473425e-02	5.431149537814673744e-02	-9.507121072744552370e-02	8.916512592474841459e-02	-9.641051128183406038e-02	2.982440762422590777e-02	-5.260261831141992139e-02	5.094909119791821844e-02	-8.107525790913139296e-02	6.398280857097948804e-02	-2.918492192634519755e-02	4.489453702170374816e-02	-5.055619943738392380e-02	4.601080603537710534e-02	-5.550739963654158227e-02
-3.737105642145150952e-01	1.628303473888685904e-01	-2.136729995596449438e-01	5.947685629788485029e-02	-7.062388193599866693e-02	1.000000000000001776e+00	-5.248958456198737910e-01	1.357489034588610644e-01	-9.951044602299019548e-02	7.309108563943940429e-02	-6.288093926338118589e-01	1.685414996954966715e-01	-1.306847436673463647e-01	9.527303132934045182e-02	-7.501040740183635702e-02	3.043894029920774513e-01	-1.420559820911549143e-01	1.562005711171555178e-01	-1.310287369991581241e-01	8.217664892534162768e-02	-1.433495602665259550e-01	1.541650684001607263e-01	-1.236155779133133598e-01	1.277519242024266199e-01	-6.907495083302583883e-02	1.134408969824293456e-01	-1.027322167791269031e-01	1.414588168105337385e-01	-1.131325247682273272e-01	1.191135361600565157e-01	-5.189676349540288391e-02	8.953070609215010855e-02	-8.022053767727621576e-02	1.123954853783110663e-01	-8.503714104880287505e-02	4.959445306399248854e-02	-7.689838963506548386e-02	7.916075341207130800e-02	-6.367917787745722147e-02	7.529985309394218729e-02
2.748066627399459727e-01	-1.759195622586130214e-01	2.083654212768221714e-01	-8.433888135043825229e-02	9.886910168488696748e-02	-5.248958456198737910e-01	1.000000000000001110e+00	-3.134398056491382589e-01	1.531044383086251348e-01	-1.190404249494259187e-01	2.759096704278254930e-01	-2.507507119153897235e-01	2.209293436100427666e-01	-1.560292319465529376e-01	1.190631718011229551e-01	-3.841566316861115271e-01	1.925479250594681335e-01	-2.677243485501858422e-01	2.060916183309127736e-01	-1.410337996275670136e-01	1.884640435090135790e-01	-2.391379127764672596e-01	1.985851275591559717e-01	-2.175614915053460385e-01	1.157459985668475300e-01	-1.737024493127836133e-01	1.562284135013699005e-01	-2.403927405959074282e-01	1.848920352986505033e-01	-2.071605362955520335e-01	8.184813876228129448e-02	-1.452992863679261615e-01	1.312338692413833330e-01	-1.950947118233535282e-01	1.425879261273099718e-01	-7.987476423135962678e-02	1.208061608666902847e-01	-1.323302858508952629e-01	1.081239397400156066e-01	-1.303195840994533228e-01
-1.425221459684332947e-01	7.877986725531423151e-02	-1.156415582991371649e-01	7.152443696867404055e-02	-8.526555742365145296e-02	1.357489034588610644e-01	-3.134398056491382589e-01	1.000000000000001554e+00	-1.695644274151615338e-01	1.007865545727722190e-01	-1.068385610727611845e-01	1.408933936985502233e-01	-8.634424149106778579e-01	1.570890944251368548e-01	-1.083558064213829691e-01	1.354800397386273503e-01	-1.269642229814904599e-01	2.051533927590285245e-01	-1.730358557381319051e-01	8.009022114406548487e-02	-8.503461158715437673e-02	1.052362200448439672e-01	-1.329027591458988578e-01	1.289281350368922385e-01	-6.896607682588851151e-02	7.771660328360999181e-02	-7.567196733558539945e-02	1.273476169375194200e-01	-1.102906264310581086e-01	1.033582121936906795e-01	-3.931344832566050634e-02	6.771710744080600142e-02	-6.523500331583319267e-02	9.048935929633414310e-02	-7.368475408474593757e-02	3.765808545282608305e-02	-5.929021842562181427e-02	6.274330302004861581e-02	-5.282610176420073078e-02	6.154537639400241289e-02
1.312736166592320675e-01	-7.464469851669262856e-02	1.135366502908214253e-01	-3.276594137061901169e-01	2.389024381192649538e-01	-9.951044602299019548e-02	1.531044383086251348e-01	-1.695644274151615338e-01	1.000000000000001554e+00	-4.592371234377420897e-01	8.621931004393335041e-02	-1.309893552011995588e-01	1.531919228371535213e-01	-6.263089372523806819e-01	2.908412077767030257e-01	-1.194780798912383063e-01	1.071239766850956426e-01	-2.016440234096934236e-01	2.445396103630800566e-01	-1.375234603601421246e-01	8.538486107790140001e-02	-1.116577955620022822e-01	1.349214090566715207e-01	-1.966781921676179212e-01	1.116279420741956990e-01	-8.352317329636320398e-02	8.148842164959790857e-02	-1.478355843123190794e-01	1.449113438864509662e-01	-1.491449050880398475e-01	4.400947765482250001e-02	-7.697658386304380429e-02	7.606870643213382854e-02	-1.191008163910750317e-01	9.826941836164161670e-02	-4.273683415335137459e-02	6.657669178022056211e-02	-7.432225648214582647e-02	6.886687873499450219e-02	-8.232221526314205395e-02
-1.061503530186968663e-01	5.773250696889797168e-02	-9.012912598952078913e-02	1.485596821416527991e-01	-1.833085453183952163e-01	7.309108563943940429e-02	-1.190404249494259187e-01	1.007865545727722190e-01	-4.592371234377420897e-01	1.000000000000001998e+00	-6.303919665150829743e-02	8.727243699468048566e-02	-1.027945202872719010e-01	2.895136551522485280e-01	-7.828780281177485367e-01	8.436566214802110331e-02	-7.387907967572383827e-02	1.309704308078620261e-01	-1.841496382913279939e-01	1.400867557249770856e-01	-6.074889366938348439e-02	7.772547161442240615e-02	-9.475065050028151636e-02	1.323827807653134847e-01	-1.250006886354669278e-01	5.843422291938957930e-02	-5.752246717357653583e-02	1.008752309777893597e-01	-1.122865013255474331e-01	1.137744497100087043e-01	-3.160023193644270062e-02	5.460394380337726256e-02	-5.464858745998811551e-02	8.559502123135777352e-02	-7.854223682873071044e-02	3.054540059383514458e-02	-4.822395146892683587e-02	5.276707512564013380e-02	-5.183935791136408400e-02	6.068723575538396975e-02
2.184909781064805490e-01	-1.094476161976873363e-01	1.471307815165034949e-01	-4.904447000439041832e-02	5.886766397217680497e-02	-6.288093926338118589e-01	2.759096704278254930e-01	-1.068385610727611845e-01	8.621931004393335041e-02	-6.303919665150829743e-02	1.000000000000001554e+00	-2.246242610810165741e-01	1.037027484346837308e-01	-8.341164344696977428e-02	6.538727027736999931e-02	-6.260100358354039329e-01	1.729001564318257134e-01	-1.526341167325601100e-01	1.208287802530852856e-01	-7.086835447487502271e-02	1.652312525245490937e-01	-1.726932031049742133e-01	1.193964042308021944e-01	-1.144387044628326494e-01	6.014157856375634825e-02	-1.250067132336887543e-01	1.060616819109891779e-01	-1.336328460399088813e-01	1.012998000583751751e-01	-1.020227015011674204e-01	4.937753331503860060e-02	-8.480445183502560713e-02	7.357332241672329132e-02	-9.603030654835849333e-02	7.380765579981005131e-02	-4.647681096516872307e-02	7.228505931430390108e-02	-7.164565950762030733e-02	5.507307573553556906e-02	-6.420567800402844638e-02
-2.028013315101488134e-01	1.006598861484901547e-01	-1.545857734206695366e-01	6.655850957203215956e-02	-8.250745177146094622e-02	1.685414996954966715e-01	-2.507507119153897235e-01	1.408933936985502233e-01	-1.309893552011995588e-01	8.727243699468048566e-02	-2.246242610810165741e-01	1.000000000000000444e+00	-1.689692171627329431e-01	1.237329964068348553e-01	-9.604069885351163016e-02	2.283164741261859143e-01	-8.141201283948675815e-01	2.652284479355443980e-01	-2.129864944215974776e-01	8.749152782049841870e-02	-1.261715464318818314e-01	1.382334811142844622e-01	-1.790629674194484933e-01	1.503226491185934710e-01	-7.748095891204165309e-02	1.020929346450210468e-01	-1.004129683830597281e-01	1.560629559358699403e-01	-1.356009026097833581e-01	1.168307351794485305e-01	-5.018828050190932144e-02	8.423351119433943046e-02	-8.095875148882226979e-02	1.034074606015248643e-01	-8.712281131078143670e-02	4.712773755497216138e-02	-7.596822266067181084e-02	7.587058535764940048e-02	-6.190625007538272384e-02	7.037186042636323080e-02
1.318885875890096482e-01	-7.200011834994647641e-02	1.052798355746722841e-01	-6.852984339889563181e-02	7.972136865965898100e-02	-1.306847436673463647e-01	2.209293436100427666e-01	-8.634424149106778579e-01	1.531919228371535213e-01	-1.027945202872719010e-01	1.037027484346837308e-01	-1.689692171627329431e-01	1.000000000000002665e+00	-1.842657930101635755e-01	1.071748563572345880e-01	-1.398588080574461601e-01	1.392130137654404853e-01	-2.826320823593967968e-01	1.756504736555027646e-01	-8.306378837416372729e-02	8.740992137591027666e-02	-1.107232008329712136e-01	1.404999127755334198e-01	-1.373470011900951582e-01	7.030030424052503835e-02	-8.132257114348429017e-02	7.885837600694106664e-02	-1.398787657812252672e-01	1.123183671445848325e-01	-1.072977892529029253e-01	4.041009123191862534e-02	-7.017381881648876440e-02	6.746950295502408823e-02	-9.347544788293388196e-02	7.506106376659522905e-02	-3.880391604184441068e-02	6.068258560420514147e-02	-6.525284230066877300e-02	5.415200304904465439e-02	-6.339759581302234492e-02
-1.314270310492913485e-01	7.122025779072987950e-02	-1.103472511031676484e-01	1.724470293365233386e-01	-2.055198074505913408e-01	9.527303132934045182e-02	-1.560292319465529376e-01	1.570890944251368548e-01	-6.263089372523806819e-01	2.895136551522485280e-01	-8.341164344696977428e-02	1.237329964068348553e-01	-1.842657930101635755e-01	1.000000000000002220e+00	-4.407713231676962939e-01	1.116743591272063019e-01	-1.084140955127951139e-01	2.042585639802021180e-01	-4.353688024690864355e-01	1.382759608256489414e-01	-8.108327413235730252e-02	1.037034065748588113e-01	-1.377296586783612886e-01	1.962686843263268532e-01	-1.182352569492334943e-01	7.765810250928029124e-02	-7.706741173458966920e-02	1.389452714934036326e-01	-1.516880538977644077e-01	1.383385428494167402e-01	-4.121856424078023523e-02	7.123376530557995467e-02	-7.129862680398706132e-02	1.081275809134839422e-01	-9.407670896151133777e-02	3.969933104568196258e-02	-6.269470276532611297e-02	6.847797744331395042e-02	-6.421650165669598453e-02	7.523506539407745497e-02
1.046207169283313310e-01	-5.588416804056704768e-02	8.668765468218093961e-02	-1.179355693200979521e-01	1.312927720590439384e-01	-7.501040740183635702e-02	1.190631718011229551e-01	-1.083558064213829691e-01	2.908412077767030257e-01	-7.828780281177485367e-01	6.538727027736999931e-02	-9.604069885351163016e-02	1.071748563572345880e-01	-4.407713231676962939e-01	9.999999999999988898e-01	-8.895779692740719835e-02	7.985037424366625558e-02	-1.481667329182069504e-01	1.950588010080306356e-01	-1.886079934125649282e-01	6.466407248135563890e-02	-8.372481102507436934e-02	1.029421290994971400e-01	-1.520066217718306079e-01	1.361872538417644440e-01	-6.289847030405180950e-02	6.184875019430131210e-02	-1.112314248296855657e-01	1.204744422670701864e-01	-1.291778097096589750e-01	3.379190896296720148e-02	-5.872139715147513261e-02	5.891965562353482927e-02	-9.407451630187856073e-02	8.458610701949417776e-02	-3.273288075746194625e-02	5.143423815892244483e-02	-5.713101065652356758e-02	5.620551098877735879e-02	-6.672342668269992672e-02
-3.095819289185778866e-01	1.488525326369389556e-01	-2.218352539950614322e-01	6.877959568606537011e-02	-8.375453547109322494e-02	3.043894029920774513e-01	-3.841566316861115271e-01	1.354800397386273503e-01	-1.194780798912383063e-01	8.436566214802110331e-02	-6.260100358354039329e-01	2.283164741261859143e-01	-1.398588080574461601e-01	1.116743591272063019e-01	-8.895779692740719835e-02	9.999999999999978906e-01	-2.644873800484807691e-01	1.930879868953933043e-01	-1.646162875538518533e-01	9.094592679008586811e-02	-3.216423276137331810e-01	2.267399432452031904e-01	-1.610475581057903283e-01	1.473539059372886983e-01	-7.859867603261649904e-02	1.721133202242944582e-01	-1.524597468565359881e-01	1.711968936784811213e-01	-1.348814540387663075e-01	1.293584117852948634e-01	-6.801529774134061623e-02	1.131327073995776200e-01	-9.822379240452377980e-02	1.216356881636009996e-01	-9.641617964800479335e-02	6.262277596087192921e-02	-1.000791669513099169e-01	9.363847093968905022e-02	-7.118007104714749178e-02	8.159691134953245273e-02
1.566721114609183341e-01	-7.824102073851559036e-02	1.191907674781158555e-01	-5.419125073965605499e-02	6.621510579257378071e-02	-1.420559820911549143e-01	1.925479250594681335e-01	-1.269642229814904599e-01	1.071239766850956426e-01	-7.387907967572383827e-02	1.729001564318257134e-01	-8.141201283948675815e-01	1.392130137654404853e-01	-1.084140955127951139e-01	7.985037424366625558e-02	-2.644873800484807691e-01	1.000000000000004219e+00	-3.934510199372804884e-01	1.830898765135289818e-01	-7.605627186682908936e-02	1.154731691778874969e-01	-1.301510461949366704e-01	1.665885539680270755e-01	-1.375657217066412474e-01	6.615672539689892995e-02	-9.419013631201524073e-02	9.105296708588746235e-02	-1.519168501474780220e-01	1.158064015208414982e-01	-1.015099829357934691e-01	4.379332916732098235e-02	-7.436362588176377575e-02	7.095805040017326426e-02	-8.921398369989823329e-02	7.388425639078242957e-02	-4.114830008202047251e-02	6.572887080114020453e-02	-6.683699477588746218e-02	5.292367695605167816e-02	-6.041221457240847359e-02
-2.205447209093622241e-01	1.112606700763285328e-01	-1.738320978510022874e-01	9.398521633280572385e-02	-1.160812770728964771e-01	1.562005711171555178e-01	-2.677243485501858422e-01	2.051533927590285245e-01	-2.016440234096934236e-01	1.309704308078620261e-01	-1.526341167325601100e-01	2.652284479355443980e-01	-2.826320823593967968e-01	2.042585639802021180e-01	-1.481667329182069504e-01	1.930879868953933043e-01	-3.934510199372804884e-01	1.000000000000001110e+00	-4.891550789282876344e-01	1.308565160402488936e-01	-1.477706701164017422e-01	1.798974824453089538e-01	-4.472974693906793808e-01	2.517051285304379715e-01	-1.166451873232624697e-01	1.319813336416589544e-01	-1.395052845821763976e-01	2.607852970548233951e-01	-2.119035922157020413e-01	1.669060730488217403e-01	-6.757502275959152704e-02	1.139129037891539326e-01	-1.160991057005139049e-01	1.418813435842663229e-01	-1.226442392477250093e-01	6.337986990609709159e-02	-1.028761008422548057e-01	1.059070819905364169e-01	-8.589030959586968494e-02	9.671417050737646237e-02
1.791239003525431916e-01	-9.188022375463840430e-02	1.428398309833930346e-01	-1.114242516958134366e-01	1.274743048326511530e-01	-1.310287369991581241e-01	2.060916183309127736e-01	-1.730358557381319051e-01	2.445396103630800566e-01	-1.841496382913279939e-01	1.208287802530852856e-01	-2.129864944215974776e-01	1.756504736555027646e-01	-4.353688024690864355e-01	1.950588010080306356e-01	-1.646162875538518533e-01	1.830898765135289818e-01	-4.891550789282876344e-01	9.999999999999997780e-01	-2.039038516819515201e-01	1.245106547544166387e-01	-1.625654476827119166e-01	2.413347257582368621e-01	-4.796394413535224888e-01	1.584536728064806776e-01	-1.209904170910353627e-01	1.215484681541574435e-01	-2.401859060518342914e-01	2.493146302633348910e-01	-2.195926502602921770e-01	6.283099999685211323e-02	-1.090771762243159942e-01	1.107156198132494412e-01	-1.669221498260191061e-01	1.412393576391026695e-01	-6.033698066348483491e-02	9.533354271231102295e-02	-1.057161580068776696e-01	9.758494356407892978e-02	-1.149882630610042367e-01
-1.384578679481288377e-01	6.918380820147078392e-02	-1.107926553686897353e-01	6.514400956918058039e-02	-8.039148089971388800e-02	8.217664892534162768e-02	-1.410337996275670136e-01	8.009022114406548487e-02	-1.375234603601421246e-01	1.400867557249770856e-01	-7.086835447487502271e-02	8.749152782049841870e-02	-8.306378837416372729e-02	1.382759608256489414e-01	-1.886079934125649282e-01	9.094592679008586811e-02	-7.605627186682908936e-02	1.308565160402488936e-01	-2.039038516819515201e-01	1.000000000000005995e+00	-6.939592709047089081e-02	8.673599663530755233e-02	-1.100981378920074250e-01	1.711206085167383817e-01	-8.607760290208333886e-01	6.646997970974193037e-02	-6.713724423349302917e-02	1.153897173647598501e-01	-1.966537434361938785e-01	2.418109318489881088e-01	-3.909052707801479593e-02	6.629886451016141213e-02	-7.131191782176513061e-02	1.255083276732117115e-01	-1.680676707295389039e-01	3.765712828726711786e-02	-6.106366416341464654e-02	6.705447395866520610e-02	-8.809306590241385015e-02	1.000900478364334933e-01
1.664030332526130751e-01	-8.189897727652513393e-02	1.258215956168039218e-01	-4.682203879944310532e-02	5.755954387409890211e-02	-1.433495602665259550e-01	1.884640435090135790e-01	-8.503461158715437673e-02	8.538486107790140001e-02	-6.074889366938348439e-02	1.652312525245490937e-01	-1.261715464318818314e-01	8.740992137591027666e-02	-8.108327413235730252e-02	6.466407248135563890e-02	-3.216423276137331810e-01	1.154731691778874969e-01	-1.477706701164017422e-01	1.245106547544166387e-01	-6.939592709047089081e-02	1.000000000000002887e+00	-6.695416891533856329e-01	1.796986895605659773e-01	-1.258696164429339293e-01	6.114854935080257098e-02	-5.246526140360937562e-01	2.921307027412303747e-01	-2.073796951895687801e-01	1.164748369416474111e-01	-1.022036546183692357e-01	9.350897636603508478e-02	-1.578386132926267171e-01	1.113893797588325213e-01	-1.015284384551672220e-01	8.012565986522396377e-02	-8.140953911308257407e-02	1.268095549018845303e-01	-1.026249720069818128e-01	6.091619498796630588e-02	-6.615803282663737517e-02
-2.188338092646018584e-01	1.070994616806125732e-01	-1.678617376046265264e-01	6.127783467310654597e-02	-7.596698466730276988e-02	1.541650684001607263e-01	-2.391379127764672596e-01	1.052362200448439672e-01	-1.116577955620022822e-01	7.772547161442240615e-02	-1.726932031049742133e-01	1.382334811142844622e-01	-1.107232008329712136e-01	1.037034065748588113e-01	-8.372481102507436934e-02	2.267399432452031904e-01	-1.301510461949366704e-01	1.798974824453089538e-01	-1.625654476827119166e-01	8.673599663530755233e-02	-6.695416891533856329e-01	1.000000000000005773e+00	-2.806586503158349233e-01	1.579987145454377073e-01	-7.767675827903279540e-02	3.093097272092852346e-01	-4.322668657491289257e-01	2.429123775042888178e-01	-1.522457461976318149e-01	1.267388688367636351e-01	-1.173189432035399021e-01	1.836026809697207662e-01	-1.424417370341616307e-01	1.249911448026261862e-01	-1.020479678163693227e-01	9.805908699141367701e-02	-1.679508664356920145e-01	1.256337176336853323e-01	-7.666912554859514617e-02	8.207361352772450658e-02
1.766794853749682481e-01	-8.822374107512846730e-02	1.384779414282352739e-01	-6.761098833381171125e-02	8.298525129390332822e-02	-1.236155779133133598e-01	1.985851275591559717e-01	-1.329027591458988578e-01	1.349214090566715207e-01	-9.475065050028151636e-02	1.193964042308021944e-01	-1.790629674194484933e-01	1.404999127755334198e-01	-1.377296586783612886e-01	1.029421290994971400e-01	-1.610475581057903283e-01	1.665885539680270755e-01	-4.472974693906793808e-01	2.413347257582368621e-01	-1.100981378920074250e-01	1.796986895605659773e-01	-2.806586503158349233e-01	9.999999999999991118e-01	-3.196028551921423211e-01	9.878686965719291058e-02	-1.813887865813816336e-01	1.993394262756656155e-01	-6.782232123798768164e-01	2.165785267193347241e-01	-1.595463073954742073e-01	8.114636467807459508e-02	-1.422221254805309532e-01	1.476964491284180891e-01	-1.414059996444377854e-01	1.162788713040206062e-01	-7.542379586845673889e-02	1.207759642902939828e-01	-1.339489080117142183e-01	8.478275043596589233e-02	-9.273470326997759750e-02
-2.045679348353172666e-01	1.023184164067495600e-01	-1.627840666468389763e-01	9.200412227746393445e-02	-1.146825502073329506e-01	1.277519242024266199e-01	-2.175614915053460385e-01	1.289281350368922385e-01	-1.966781921676179212e-01	1.323827807653134847e-01	-1.144387044628326494e-01	1.503226491185934710e-01	-1.373470011900951582e-01	1.962686843263268532e-01	-1.520066217718306079e-01	1.473539059372886983e-01	-1.375657217066412474e-01	2.517051285304379715e-01	-4.796394413535224888e-01	1.711206085167383817e-01	-1.258696164429339293e-01	1.579987145454377073e-01	-3.196028551921423211e-01	1.000000000000000000e+00	-1.772845722836747240e-01	1.193566146980850479e-01	-1.260973544205828412e-01	2.419197809383639985e-01	-6.206775185528359273e-01	2.527597828194838581e-01	-6.592845965496946237e-02	1.115538660578303948e-01	-1.199634059234376965e-01	1.832262888733573181e-01	-1.763064806658792838e-01	6.256077421438166475e-02	-1.018359090613116247e-01	1.095727901658683223e-01	-1.145648142244809486e-01	1.262977448386208013e-01
1.122246259546186009e-01	-5.621577718105398580e-02	8.962151825806349836e-02	-5.388394990199570078e-02	6.529384875014455913e-02	-6.907495083302583883e-02	1.157459985668475300e-01	-6.896607682588851151e-02	1.116279420741956990e-01	-1.250006886354669278e-01	6.014157856375634825e-02	-7.748095891204165309e-02	7.030030424052503835e-02	-1.182352569492334943e-01	1.361872538417644440e-01	-7.859867603261649904e-02	6.615672539689892995e-02	-1.166451873232624697e-01	1.584536728064806776e-01	-8.607760290208333886e-01	6.114854935080257098e-02	-7.767675827903279540e-02	9.878686965719291058e-02	-1.772845722836747240e-01	1.000000000000001776e+00	-5.964160808677623077e-02	6.009853063341279861e-02	-1.065915990176621031e-01	1.809891064124382054e-01	-3.542901112105124040e-01	3.508029574325156885e-02	-6.016409729088753600e-02	6.533052915766336677e-02	-1.239235599885245842e-01	1.568370680791763283e-01	-3.401671794934030268e-02	5.463222941203681876e-02	-6.217533560179663854e-02	8.285150900935692175e-02	-1.008662445849752703e-01
-1.599932813773484175e-01	7.840917153866194811e-02	-1.230068386397274033e-01	4.571679314206250622e-02	-5.669473327629473425e-02	1.134408969824293456e-01	-1.737024493127836133e-01	7.771660328360999181e-02	-8.352317329636320398e-02	5.843422291938957930e-02	-1.250067132336887543e-01	1.020929346450210468e-01	-8.132257114348429017e-02	7.765810250928029124e-02	-6.289847030405180950e-02	1.721133202242944582e-01	-9.419013631201524073e-02	1.319813336416589544e-01	-1.209904170910353627e-01	6.646997970974193037e-02	-5.246526140360937562e-01	3.093097272092852346e-01	-1.813887865813816336e-01	1.193566146980850479e-01	-5.964160808677623077e-02	1.000000000000001554e+00	-6.965375692144714082e-01	2.101109888387933666e-01	-1.189346868632303461e-01	9.885629263882451945e-02	-1.361999644517245533e-01	2.008086285028170548e-01	-1.355653822034702249e-01	1.022638495878504389e-01	-8.198003058168942814e-02	1.050625346899832085e-01	-1.735659027068619797e-01	1.172504012934123818e-01	-6.322877003486321312e-02	6.597170269215484051e-02
1.440365702991391050e-01	-7.091324448727091834e-02	1.113150577391837648e-01	-4.388669127908552403e-02	5.431149537814673744e-02	-1.027322167791269031e-01	1.562284135013699005e-01	-7.567196733558539945e-02	8.148842164959790857e-02	-5.752246717357653583e-02	1.060616819109891779e-01	-1.004129683830597281e-01	7.885837600694106664e-02	-7.706741173458966920e-02	6.184875019430131210e-02	-1.524597468565359881e-01	9.105296708588746235e-02	-1.395052845821763976e-01	1.215484681541574435e-01	-6.713724423349302917e-02	2.921307027412303747e-01	-4.322668657491289257e-01	1.993394262756656155e-01	-1.260973544205828412e-01	6.009853063341279861e-02	-6.965375692144714082e-01	1.000000000000000888e+00	-3.201729244211853898e-01	1.225956382235936365e-01	-1.013849130625311262e-01	1.407091273327412406e-01	-3.129079878676667148e-01	1.491597206487056126e-01	-1.069455220150935665e-01	8.332308568549370853e-02	-1.158504594929637421e-01	1.794916335090498694e-01	-1.315929064299926066e-01	6.522925025908402064e-02	-6.776157171054671136e-02
-2.232083841257385404e-01	1.103801184795427104e-01	-1.753598170160511338e-01	7.615124812602046267e-02	-9.507121072744552370e-02	1.414588168105337385e-01	-2.403927405959074282e-01	1.273476169375194200e-01	-1.478355843123190794e-01	1.008752309777893597e-01	-1.336328460399088813e-01	1.560629559358699403e-01	-1.398787657812252672e-01	1.389452714934036326e-01	-1.112314248296855657e-01	1.711968936784811213e-01	-1.519168501474780220e-01	2.607852970548233951e-01	-2.401859060518342914e-01	1.153897173647598501e-01	-2.073796951895687801e-01	2.429123775042888178e-01	-6.782232123798768164e-01	2.419197809383639985e-01	-1.065915990176621031e-01	2.101109888387933666e-01	-3.201729244211853898e-01	9.999999999999993339e-01	-2.699316229249225652e-01	1.734909577577417317e-01	-1.066565684753998100e-01	1.787494107382751052e-01	-2.321390400403866572e-01	1.629424931811975230e-01	-1.373354010841751904e-01	9.602377889413790668e-02	-1.621907881420917297e-01	1.698382317277461473e-01	-1.012619462705895701e-01	1.060151411342317440e-01
1.757495454813254310e-01	-8.766106903860321209e-02	1.391217439094808161e-01	-7.299600105071167577e-02	8.916512592474841459e-02	-1.131325247682273272e-01	1.848920352986505033e-01	-1.102906264310581086e-01	1.449113438864509662e-01	-1.122865013255474331e-01	1.012998000583751751e-01	-1.356009026097833581e-01	1.123183671445848325e-01	-1.516880538977644077e-01	1.204744422670701864e-01	-1.348814540387663075e-01	1.158064015208414982e-01	-2.119035922157020413e-01	2.493146302633348910e-01	-1.966537434361938785e-01	1.164748369416474111e-01	-1.522457461976318149e-01	2.165785267193347241e-01	-6.206775185528359273e-01	1.809891064124382054e-01	-1.189346868632303461e-01	1.225956382235936365e-01	-2.699316229249225652e-01	1.000000000000002442e+00	-4.984783256170555732e-01	6.753905146854802255e-02	-1.177428983474709256e-01	1.319016271488763770e-01	-2.807314263505527596e-01	2.289253905480662932e-01	-6.548656578725310651e-02	1.043888569844238362e-01	-1.242633734885018881e-01	1.525905861217650705e-01	-1.794504233816693883e-01
-2.103276097962828717e-01	1.037279142799337750e-01	-1.672015437879300348e-01	7.668230843245113504e-02	-9.641051128183406038e-02	1.191135361600565157e-01	-2.071605362955520335e-01	1.033582121936906795e-01	-1.491449050880398475e-01	1.137744497100087043e-01	-1.020227015011674204e-01	1.168307351794485305e-01	-1.072977892529029253e-01	1.383385428494167402e-01	-1.291778097096589750e-01	1.293584117852948634e-01	-1.015099829357934691e-01	1.669060730488217403e-01	-2.195926502602921770e-01	2.418109318489881088e-01	-1.022036546183692357e-01	1.267388688367636351e-01	-1.595463073954742073e-01	2.527597828194838581e-01	-3.542901112105124040e-01	9.885629263882451945e-02	-1.013849130625311262e-01	1.734909577577417317e-01	-4.984783256170555732e-01	1.000000000000000000e+00	-6.200466453566146757e-02	1.047510976483625872e-01	-1.204685440698378823e-01	2.432956652811618103e-01	-5.236411783115624274e-01	5.994047953900951548e-02	-9.831914016445379711e-02	1.115380051602536116e-01	-1.897218724700081016e-01	2.186324861952741450e-01
7.895183711940682858e-02	-3.880466163316664829e-02	6.156526318661897923e-02	-2.404580706902334844e-02	2.982440762422590777e-02	-5.189676349540288391e-02	8.184813876228129448e-02	-3.931344832566050634e-02	4.400947765482250001e-02	-3.160023193644270062e-02	4.937753331503860060e-02	-5.018828050190932144e-02	4.041009123191862534e-02	-4.121856424078023523e-02	3.379190896296720148e-02	-6.801529774134061623e-02	4.379332916732098235e-02	-6.757502275959152704e-02	6.283099999685211323e-02	-3.909052707801479593e-02	9.350897636603508478e-02	-1.173189432035399021e-01	8.114636467807459508e-02	-6.592845965496946237e-02	3.508029574325156885e-02	-1.361999644517245533e-01	1.407091273327412406e-01	-1.066565684753998100e-01	6.753905146854802255e-02	-6.200466453566146757e-02	1.000000000000000444e+00	-5.007948926230709752e-01	1.621212449475348816e-01	-8.408324150890171544e-02	5.929877205664343259e-02	-7.683008035925267265e-01	3.006733758934461154e-01	-1.759296779151871548e-01	5.231022496253469323e-02	-4.982459972790106301e-02
-1.420094924226109889e-01	6.963212760681518343e-02	-1.109511102182634545e-01	4.225663359018898974e-02	-5.260261831141992139e-02	8.953070609215010855e-02	-1.452992863679261615e-01	6.771710744080600142e-02	-7.697658386304380429e-02	5.460394380337726256e-02	-8.480445183502560713e-02	8.423351119433943046e-02	-7.017381881648876440e-02	7.123376530557995467e-02	-5.872139715147513261e-02	1.131327073995776200e-01	-7.436362588176377575e-02	1.139129037891539326e-01	-1.090771762243159942e-01	6.629886451016141213e-02	-1.578386132926267171e-01	1.836026809697207662e-01	-1.422221254805309532e-01	1.115538660578303948e-01	-6.016409729088753600e-02	2.008086285028170548e-01	-3.129079878676667148e-01	1.787494107382751052e-01	-1.177428983474709256e-01	1.047510976483625872e-01	-5.007948926230709752e-01	9.999999999999995559e-01	-3.584330562826333888e-01	1.421086996864930341e-01	-1.042428973162882744e-01	2.943269654714831818e-01	-5.625684006378507407e-01	2.608789854192690716e-01	-9.156990183721901155e-02	8.413182684221216789e-02
1.283320341043875656e-01	-6.314358512161921677e-02	1.007229306144661191e-01	-4.095545478589068811e-02	5.094909119791821844e-02	-8.022053767727621576e-02	1.312338692413833330e-01	-6.523500331583319267e-02	7.606870643213382854e-02	-5.464858745998811551e-02	7.357332241672329132e-02	-8.095875148882226979e-02	6.746950295502408823e-02	-7.129862680398706132e-02	5.891965562353482927e-02	-9.822379240452377980e-02	7.095805040017326426e-02	-1.160991057005139049e-01	1.107156198132494412e-01	-7.131191782176513061e-02	1.113893797588325213e-01	-1.424417370341616307e-01	1.476964491284180891e-01	-1.199634059234376965e-01	6.533052915766336677e-02	-1.355653822034702249e-01	1.491597206487056126e-01	-2.321390400403866572e-01	1.319016271488763770e-01	-1.204685440698378823e-01	1.621212449475348816e-01	-3.584330562826333888e-01	1.000000000000000888e+00	-2.645875456306349682e-01	1.340095910267183332e-01	-1.722596744131124624e-01	2.707801428398969312e-01	-7.755916184985318651e-01	1.390446298337773279e-01	-1.168307306129045542e-01
-2.034018469753411107e-01	9.961092892719547454e-02	-1.611030386139706283e-01	6.442142497510801313e-02	-8.107525790913139296e-02	1.123954853783110663e-01	-1.950947118233535282e-01	9.048935929633414310e-02	-1.191008163910750317e-01	8.559502123135777352e-02	-9.603030654835849333e-02	1.034074606015248643e-01	-9.347544788293388196e-02	1.081275809134839422e-01	-9.407451630187856073e-02	1.216356881636009996e-01	-8.921398369989823329e-02	1.418813435842663229e-01	-1.669221498260191061e-01	1.255083276732117115e-01	-1.015284384551672220e-01	1.249911448026261862e-01	-1.414059996444377854e-01	1.832262888733573181e-01	-1.239235599885245842e-01	1.022638495878504389e-01	-1.069455220150935665e-01	1.629424931811975230e-01	-2.807314263505527596e-01	2.432956652811618103e-01	-8.408324150890171544e-02	1.421086996864930341e-01	-2.645875456306349682e-01	1.000000000000000888e+00	-4.349609586782879345e-01	8.231448747109709752e-02	-1.408355232575430604e-01	1.878522946400138227e-01	-6.125220919518203910e-01	3.089488391848306814e-01
1.432893735111323008e-01	-7.073603095925962148e-02	1.134766067298818709e-01	-5.156823072953111570e-02	6.398280857097948804e-02	-8.503714104880287505e-02	1.425879261273099718e-01	-7.368475408474593757e-02	9.826941836164161670e-02	-7.854223682873071044e-02	7.380765579981005131e-02	-8.712281131078143670e-02	7.506106376659522905e-02	-9.407670896151133777e-02	8.458610701949417776e-02	-9.641617964800479335e-02	7.388425639078242957e-02	-1.226442392477250093e-01	1.412393576391026695e-01	-1.680676707295389039e-01	8.012565986522396377e-02	-1.020479678163693227e-01	1.162788713040206062e-01	-1.763064806658792838e-01	1.568370680791763283e-01	-8.198003058168942814e-02	8.332308568549370853e-02	-1.373354010841751904e-01	2.289253905480662932e-01	-5.236411783115624274e-01	5.929877205664343259e-02	-1.042428973162882744e-01	1.340095910267183332e-01	-4.349609586782879345e-01	1.000000000000000444e+00	-5.959246664848600467e-02	9.513123352795788135e-02	-1.309494906983716955e-01	2.840854054752303681e-01	-5.692467761354629285e-01
-7.819837298747103760e-02	3.837005824675475407e-02	-6.112008833235910849e-02	2.347369818657754278e-02	-2.918492192634519755e-02	4.959445306399248854e-02	-7.987476423135962678e-02	3.765808545282608305e-02	-4.273683415335137459e-02	3.054540059383514458e-02	-4.647681096516872307e-02	4.712773755497216138e-02	-3.880391604184441068e-02	3.969933104568196258e-02	-3.273288075746194625e-02	6.262277596087192921e-02	-4.114830008202047251e-02	6.337986990609709159e-02	-6.033698066348483491e-02	3.765712828726711786e-02	-8.140953911308257407e-02	9.805908699141367701e-02	-7.542379586845673889e-02	6.256077421438166475e-02	-3.401671794934030268e-02	1.050625346899832085e-01	-1.158504594929637421e-01	9.602377889413790668e-02	-6.548656578725310651e-02	5.994047953900951548e-02	-7.683008035925267265e-01	2.943269654714831818e-01	-1.722596744131124624e-01	8.231448747109709752e-02	-5.959246664848600467e-02	1.000000000000000888e+00	-5.153826786856212649e-01	1.737348534902656283e-01	-5.287538013011784666e-02	4.906045276121930032e-02
1.164729276313572204e-01	-5.732239311478661004e-02	9.091693755091059814e-02	-3.624267898051290043e-02	4.489453702170374816e-02	-7.689838963506548386e-02	1.208061608666902847e-01	-5.929021842562181427e-02	6.657669178022056211e-02	-4.822395146892683587e-02	7.228505931430390108e-02	-7.596822266067181084e-02	6.068258560420514147e-02	-6.269470276532611297e-02	5.143423815892244483e-02	-1.000791669513099169e-01	6.572887080114020453e-02	-1.028761008422548057e-01	9.533354271231102295e-02	-6.106366416341464654e-02	1.268095549018845303e-01	-1.679508664356920145e-01	1.207759642902939828e-01	-1.018359090613116247e-01	5.463222941203681876e-02	-1.735659027068619797e-01	1.794916335090498694e-01	-1.621907881420917297e-01	1.043888569844238362e-01	-9.831914016445379711e-02	3.006733758934461154e-01	-5.625684006378507407e-01	2.707801428398969312e-01	-1.408355232575430604e-01	9.513123352795788135e-02	-5.153826786856212649e-01	1.000000000000000888e+00	-4.392512446647305335e-01	8.734743604332428912e-02	-8.260203607999314079e-02
-1.318797516719441565e-01	6.469033298271198440e-02	-1.036608113811005732e-01	4.047092823303417158e-02	-5.055619943738392380e-02	7.916075341207130800e-02	-1.323302858508952629e-01	6.274330302004861581e-02	-7.432225648214582647e-02	5.276707512564013380e-02	-7.164565950762030733e-02	7.587058535764940048e-02	-6.525284230066877300e-02	6.847797744331395042e-02	-5.713101065652356758e-02	9.363847093968905022e-02	-6.683699477588746218e-02	1.059070819905364169e-01	-1.057161580068776696e-01	6.705447395866520610e-02	-1.026249720069818128e-01	1.256337176336853323e-01	-1.339489080117142183e-01	1.095727901658683223e-01	-6.217533560179663854e-02	1.172504012934123818e-01	-1.315929064299926066e-01	1.698382317277461473e-01	-1.242633734885018881e-01	1.115380051602536116e-01	-1.759296779151871548e-01	2.608789854192690716e-01	-7.755916184985318651e-01	1.878522946400138227e-01	-1.309494906983716955e-01	1.737348534902656283e-01	-4.392512446647305335e-01	1.000000000000000888e+00	-1.385268770368570657e-01	1.071061124298993139e-01
1.105192146096220795e-01	-5.431719221452088742e-02	8.744956215641813690e-02	-3.683434698482650205e-02	4.601080603537710534e-02	-6.367917787745722147e-02	1.081239397400156066e-01	-5.282610176420073078e-02	6.886687873499450219e-02	-5.183935791136408400e-02	5.507307573553556906e-02	-6.190625007538272384e-02	5.415200304904465439e-02	-6.421650165669598453e-02	5.620551098877735879e-02	-7.118007104714749178e-02	5.292367695605167816e-02	-8.589030959586968494e-02	9.758494356407892978e-02	-8.809306590241385015e-02	6.091619498796630588e-02	-7.666912554859514617e-02	8.478275043596589233e-02	-1.145648142244809486e-01	8.285150900935692175e-02	-6.322877003486321312e-02	6.522925025908402064e-02	-1.012619462705895701e-01	1.525905861217650705e-01	-1.897218724700081016e-01	5.231022496253469323e-02	-9.156990183721901155e-02	1.390446298337773279e-01	-6.125220919518203910e-01	2.840854054752303681e-01	-5.287538013011784666e-02	8.734743604332428912e-02	-1.385268770368570657e-01	1.000000000000000888e+00	-6.743444441644055320e-01
