1.000000000000000222e+00	-3.880085789446346967e-01	2.156544374994769087e-01	-1.373038924694964802e-01	7.898839263722950976e-02	-4.917127322862886452e-01	2.805338350298731132e-01	-2.143074234151828572e-01	1.455421817877022017e-01	-6.798502430880278002e-02	3.033267677929318840e-01	-3.164637925944015495e-01	2.084534354338307138e-01	-9.332494739242715165e-02	9.279811184300593152e-02	-3.413732319001653304e-01	2.235321706850088574e-01	-3.570978933025885094e-01	7.270687127791589099e-02	-7.596277640318922775e-02	1.913474535862114689e-01	-2.008505302286680283e-01	1.623266704688209883e-01	-1.181675473851051261e-01	1.144739368210553609e-01	-1.994317291695867078e-01	1.496561519586566691e-01	-1.987675223596543361e-01	1.172656492400970252e-01	-1.128604316581767048e-01	8.391674429784309885e-02	-1.261495797321634527e-01	1.225298262190560455e-01	-1.131223579968033827e-01	9.376196234287623166e-02	-8.618105900891361026e-02	1.308211166846135198e-01	-1.359450882465544908e-01	9.628879778120355559e-02	-1.089083706209052205e-01
-3.880085789446346967e-01	9.999999999999998890e-01	-5.512405431943813161e-01	1.815007586464274514e-01	-8.303010557863063634e-02	1.690559125790617456e-01	-5.816085862985729271e-01	2.626868794428647291e-01	-2.015589037738169942e-01	6.933068479763300485e-02	-1.857117273481077580e-01	2.685790254145318245e-01	-2.426029438308360542e-01	9.304541930922102799e-02	-9.539451374658476646e-02	1.754973948087058533e-01	-1.353683276896467669e-01	1.911098593452621730e-01	-4.692463650927299057e-02	4.823516949682601224e-02	-1.042995176328284784e-01	1.045283546635256966e-01	-8.722822013947140185e-02	6.426978130256251476e-02	-6.354803401149239361e-02	1.016259438813494204e-01	-7.894337032525423903e-02	1.019874148510555301e-01	-6.223849615130291196e-02	5.908771368822814812e-02	-4.394599503709398225e-02	6.569954955624844606e-02	-6.450943812894045781e-02	5.863506860886544964e-02	-4.924963013279348711e-02	4.441113393221095967e-02	-6.956560187953728103e-02	6.997450918666500708e-02	-5.044038080523452483e-02	5.615697654719020021e-02
2.156544374994769087e-01	-5.512405431943813161e-01	9.999999999999997780e-01	-3.629972659545127600e-01	9.462372482397160556e-02	-1.164245246239021259e-01	2.725490547783289141e-01	-5.520300095582559852e-01	2.557887188470227002e-01	-8.279193428695723334e-02	1.329343435063269074e-01	-2.681933215524830438e-01	2.577087601242030179e-01	-1.048419348890931996e-01	1.003980831604319446e-01	-1.710766387757139961e-01	1.318346292669131947e-01	-1.940482162142208311e-01	4.791439003443161149e-02	-4.972069217341105324e-02	1.015455193313915538e-01	-1.042205115027143442e-01	8.688568908839996996e-02	-6.452268528027274574e-02	6.347164909210166461e-02	-1.003804776420113704e-01	7.814939459901742991e-02	-1.020114673336103700e-01	6.203542859510417090e-02	-5.907218051457285152e-02	4.336073755907773192e-02	-6.519497569890944644e-02	6.395537610660183281e-02	-5.842222286232029438e-02	4.904437041658809421e-02	-4.392446739567160835e-02	6.873292322405469279e-02	-6.957428135812519787e-02	5.013631619923232530e-02	-5.603519359316372350e-02
-1.373038924694964802e-01	1.815007586464274514e-01	-3.629972659545127600e-01	1.000000000000000222e+00	-1.466015018006229242e-01	7.029105319155273812e-02	-1.602436692537311524e-01	2.156139737280126367e-01	-8.576667470624861345e-01	1.152514047953459436e-01	-8.581474619594847697e-02	1.526335827765823161e-01	-1.642101790656859683e-01	8.727249529981546960e-02	-8.621136557882569385e-02	1.048001841221319758e-01	-8.042210849214731505e-02	1.186881250077135158e-01	-3.411857842854777723e-02	3.538900892805230819e-02	-6.403686753216522587e-02	6.573496009684855201e-02	-5.521884684979411206e-02	4.196506725008510019e-02	-4.157827850881554849e-02	6.307974069829519470e-02	-4.955735009985321599e-02	6.474942993753944609e-02	-3.986279837969600864e-02	3.791493682081265026e-02	-2.752399579952766531e-02	4.141731346056831686e-02	-4.078980540634935537e-02	3.731979856535841411e-02	-3.144735197142737443e-02	2.782206825701118852e-02	-4.386356413678046962e-02	4.428976623276228292e-02	-3.207570060376331578e-02	3.581094530437767265e-02
7.898839263722950976e-02	-8.303010557863063634e-02	9.462372482397160556e-02	-1.466015018006229242e-01	9.999999999999992228e-01	-4.214321312304218636e-02	8.459240991003699750e-02	-1.160974888413267014e-01	1.289989595261320232e-01	-9.056419979078006444e-01	5.355367565066754959e-02	-1.134777731687514474e-01	1.298783067688555892e-01	-2.466635072038941834e-01	2.192176826879354556e-01	-7.685730862923387252e-02	5.976778943591082305e-02	-8.968333602277563099e-02	5.010358899688458628e-02	-5.435414350328348493e-02	4.842985084676364183e-02	-5.169812025550794138e-02	4.515884987458624461e-02	-3.967184605638438694e-02	3.976832245791044051e-02	-4.773421941938334190e-02	3.882161560030818193e-02	-5.191161358380857321e-02	3.370528067242690995e-02	-3.211415726849084495e-02	2.116677793520776313e-02	-3.245316179060370176e-02	3.231045102094595028e-02	-3.011075974580806544e-02	2.591655117833946767e-02	-2.130770439482134598e-02	3.444789475518068161e-02	-3.473868726044786193e-02	2.584804936710560774e-02	-2.900752688191162235e-02
-4.917127322862886452e-01	1.690559125790617456e-01	-1.164245246239021259e-01	7.029105319155273812e-02	-4.214321312304218636e-02	1.000000000000000000e+00	-2.116751162190970703e-01	1.118391445860692363e-01	-7.801817187884070581e-02	3.572614889147385925e-02	-7.912713634475520008e-01	1.828301696889775008e-01	-1.178858732073876786e-01	4.983711203391918282e-02	-5.036125175949766886e-02	1.808394852700056510e-01	-1.216189815808722957e-01	1.702821116296356074e-01	-3.563262750161679676e-02	3.687115816779169830e-02	-9.910034689276456255e-02	9.498183651567775054e-02	-7.789385645676627501e-02	5.598465216461448457e-02	-5.488546269007058692e-02	9.531848236107719197e-02	-7.191377255347983222e-02	9.239705209549091414e-02	-5.539427021443844856e-02	5.275819524964985713e-02	-4.027591279062241875e-02	5.974674051008224684e-02	-5.824149278355653103e-02	5.286184531473502035e-02	-4.408109611783114085e-02	4.087881042695450801e-02	-6.280573869947478349e-02	6.356218076366056124e-02	-4.534164200717000909e-02	5.061535488638864433e-02
2.805338350298731132e-01	-5.816085862985729271e-01	2.725490547783289141e-01	-1.602436692537311524e-01	8.459240991003699750e-02	-2.116751162190970703e-01	9.999999999999994449e-01	-3.013525345062064154e-01	1.653731710772143315e-01	-7.267328739567403828e-02	2.042435665494343189e-01	-5.404530298934536736e-01	2.566566409326653253e-01	-1.033811740634163062e-01	1.017304114150016509e-01	-2.487192422763941646e-01	2.006510928498602686e-01	-2.741407920346682348e-01	5.882962275295034599e-02	-6.073269441869043328e-02	1.420079226978343545e-01	-1.424008823088337983e-01	1.185145713345409219e-01	-8.554675514929548086e-02	8.415534257355548886e-02	-1.378213708897142453e-01	1.066993692244788683e-01	-1.371648078587018316e-01	8.311807918256244876e-02	-7.881683253640016373e-02	5.910198389112057693e-02	-8.834301224074048164e-02	8.648414462774529909e-02	-7.829773332190054225e-02	6.569393695200032024e-02	-5.972138528307806976e-02	9.327335057591862322e-02	-9.357495343364949369e-02	6.733892890900072814e-02	-7.487957326435484839e-02
-2.143074234151828572e-01	2.626868794428647291e-01	-5.520300095582559852e-01	2.156139737280126367e-01	-1.160974888413267014e-01	1.118391445860692363e-01	-3.013525345062064154e-01	9.999999999999992228e-01	-2.750175370121115126e-01	9.684582445235286052e-02	-1.372425729451557386e-01	2.652908025741386178e-01	-5.990667603636137262e-01	1.555075377726785890e-01	-1.589043168279692109e-01	1.547737693878470377e-01	-1.265569445484820421e-01	1.757626085813406014e-01	-5.439240349812903691e-02	5.536801247179755359e-02	-9.495046494174651242e-02	9.505955012632565093e-02	-8.100364293991459130e-02	6.181221658397222096e-02	-6.178745835431259659e-02	9.081297143701029528e-02	-7.205516817355361869e-02	9.281764267888828468e-02	-5.796014816694413513e-02	5.478417165606967038e-02	-3.985957392413302935e-02	5.976029673007021703e-02	-5.905543730166701311e-02	5.362118004949567585e-02	-4.545315510672383319e-02	4.002894838469926719e-02	-6.377270677980295677e-02	6.345157766378953235e-02	-4.628516541145229202e-02	5.131380431478711757e-02
1.455421817877022017e-01	-2.015589037738169942e-01	2.557887188470227002e-01	-8.576667470624861345e-01	1.289989595261320232e-01	-7.801817187884070581e-02	1.653731710772143315e-01	-2.750175370121115126e-01	9.999999999999986677e-01	-1.249792036533203254e-01	9.499899727793310877e-02	-1.883454076465412019e-01	1.756841690777327658e-01	-9.813654546374531162e-02	9.197202005330790131e-02	-1.331758819671610139e-01	1.006480208969881690e-01	-1.526060669650282087e-01	4.064856042083619253e-02	-4.250958327140823279e-02	8.057666635870802674e-02	-8.397642341620552286e-02	6.998048926237467049e-02	-5.280607172239832475e-02	5.192894878323089936e-02	-8.061715696303355105e-02	6.294919972504470218e-02	-8.290123263770314554e-02	5.049920026438917825e-02	-4.821158983830375194e-02	3.496489793517896377e-02	-5.275836301031524428e-02	5.180754558131363263e-02	-4.758423367883183458e-02	3.994642285208024196e-02	-3.548251281301458004e-02	5.555258750385216882e-02	-5.656623058503369716e-02	4.077830070940215851e-02	-4.572119261128623074e-02
-6.798502430880278002e-02	6.933068479763300485e-02	-8.279193428695723334e-02	1.152514047953459436e-01	-9.056419979078006444e-01	3.572614889147385925e-02	-7.267328739567403828e-02	9.684582445235286052e-02	-1.249792036533203254e-01	9.999999999999988898e-01	-4.562766059453077228e-02	9.237964845982181428e-02	-1.199687694895043011e-01	2.051450002852908128e-01	-3.012324107836498177e-01	6.198354175234496721e-02	-4.870434557077010784e-02	7.207089803293149910e-02	-4.761168730360157419e-02	5.013280726974651824e-02	-3.963424389162777117e-02	4.217171803293308374e-02	-3.739482230956098219e-02	3.379293764059652927e-02	-3.441599427567970659e-02	3.869900766648035062e-02	-3.180554273457820991e-02	4.244082603879375387e-02	-2.811598434974594760e-02	2.667626218380036648e-02	-1.729108796089101618e-02	2.653932601637817856e-02	-2.653842687471543935e-02	2.474027928905526280e-02	-2.145448792319220449e-02	1.734808684021647493e-02	-2.830807798871003492e-02	2.836547038573302218e-02	-2.128789980079033237e-02	2.382301760439159768e-02
3.033267677929318840e-01	-1.857117273481077580e-01	1.329343435063269074e-01	-8.581474619594847697e-02	5.355367565066754959e-02	-7.912713634475520008e-01	2.042435665494343189e-01	-1.372425729451557386e-01	9.499899727793310877e-02	-4.562766059453077228e-02	1.000000000000000444e+00	-2.545672655369142223e-01	1.476349142703290707e-01	-6.403223558562048945e-02	6.425746669922312304e-02	-2.835721259507815173e-01	1.714976953969733486e-01	-2.463213538866081687e-01	4.912724424250628635e-02	-5.097727149511969980e-02	1.391089113566661151e-01	-1.353723447405676128e-01	1.102095847982723226e-01	-7.900274218936545467e-02	7.705082292300145796e-02	-1.368192120571812831e-01	1.018346317054076994e-01	-1.315270234036349795e-01	7.822482319281141849e-02	-7.469164642224009054e-02	5.701911495975055949e-02	-8.469065287413642118e-02	8.223576661722085956e-02	-7.484258225966129718e-02	6.226389458311751279e-02	-5.811614633581700662e-02	8.844648614794670127e-02	-9.008562964940937390e-02	6.402577569926283518e-02	-7.170817753327304866e-02
-3.164637925944015495e-01	2.685790254145318245e-01	-2.681933215524830438e-01	1.526335827765823161e-01	-1.134777731687514474e-01	1.828301696889775008e-01	-5.404530298934536736e-01	2.652908025741386178e-01	-1.883454076465412019e-01	9.237964845982181428e-02	-2.545672655369142223e-01	9.999999999999998890e-01	-4.857874715442261349e-01	1.459175524096938403e-01	-1.538499458414473442e-01	2.535899450552605572e-01	-3.354975899811798445e-01	2.730963605003591810e-01	-6.870485064279699405e-02	6.903294555411408628e-02	-1.601019251304933722e-01	1.435825131803467603e-01	-1.255046041179759542e-01	8.879917279316791590e-02	-9.028258482292360332e-02	1.370179600145592369e-01	-1.113065978142130374e-01	1.343756714352763726e-01	-8.544469008738284077e-02	7.915247422233206986e-02	-6.116050633008454640e-02	8.975980896236968043e-02	-8.928841019664514322e-02	7.832367552339396244e-02	-6.683379575253731164e-02	6.020603239029218012e-02	-9.813671983487175232e-02	9.326973264213758719e-02	-6.859874056464965175e-02	7.416195052494796436e-02
2.084534354338307138e-01	-2.426029438308360542e-01	2.577087601242030179e-01	-1.642101790656859683e-01	1.298783067688555892e-01	-1.178858732073876786e-01	2.566566409326653253e-01	-5.990667603636137262e-01	1.756841690777327658e-01	-1.199687694895043011e-01	1.476349142703290707e-01	-4.857874715442261349e-01	9.999999999999993339e-01	-3.045832548983921639e-01	2.058145836091956060e-01	-2.130035894068915414e-01	1.803695447187406431e-01	-2.542772865753097911e-01	7.276448116411372846e-02	-7.593256820022266373e-02	1.252963454140702537e-01	-1.272377665347518005e-01	1.084249502965299455e-01	-8.249133306045865199e-02	8.146666223098063264e-02	-1.202206768981349816e-01	9.521398929086803686e-02	-1.232696831254284503e-01	7.634923587326952754e-02	-7.233593082328854118e-02	5.219712100091495471e-02	-7.864173401960034004e-02	7.743075890072126377e-02	-7.039908421805028682e-02	5.964013493971954960e-02	-5.250710741242833879e-02	8.334338270860842945e-02	-8.313009281553729313e-02	6.059715583525884103e-02	-6.737246507907519721e-02
-9.332494739242715165e-02	9.304541930922102799e-02	-1.048419348890931996e-01	8.727249529981546960e-02	-2.466635072038941834e-01	4.983711203391918282e-02	-1.033811740634163062e-01	1.555075377726785890e-01	-9.813654546374531162e-02	2.051450002852908128e-01	-6.403223558562048945e-02	1.459175524096938403e-01	-3.045832548983921639e-01	1.000000000000000666e+00	-8.566329593810803056e-01	8.687135176337035247e-02	-7.148828765277455422e-02	1.024895171886426176e-01	-1.086207124852167361e-01	1.047583372387619616e-01	-5.632878865617666625e-02	6.054882894082271039e-02	-5.601016849524326907e-02	5.622379079307737726e-02	-5.799071184664036233e-02	5.404105076099876420e-02	-4.563736593661757435e-02	6.127895087940622015e-02	-4.262434489189059761e-02	4.027187626234385309e-02	-2.436434818060083732e-02	3.777370387029690968e-02	-3.807890166531908982e-02	3.579403177880631504e-02	-3.167248434298000626e-02	2.429784146843754974e-02	-4.042944222905239804e-02	4.011283777936222594e-02	-3.082937901279769050e-02	3.448425927742700819e-02
9.279811184300593152e-02	-9.539451374658476646e-02	1.003980831604319446e-01	-8.621136557882569385e-02	2.192176826879354556e-01	-5.036125175949766886e-02	1.017304114150016509e-01	-1.589043168279692109e-01	9.197202005330790131e-02	-3.012324107836498177e-01	6.425746669922312304e-02	-1.538499458414473442e-01	2.058145836091956060e-01	-8.566329593810803056e-01	9.999999999999998890e-01	-9.329090899065725639e-02	7.516986619984501738e-02	-1.106593455787308472e-01	1.055935494797544533e-01	-1.240696642262694438e-01	5.949844338169774788e-02	-6.467308173081841305e-02	5.904610698324248841e-02	-5.909353669273028492e-02	6.006477004700342542e-02	-5.781580332189170668e-02	4.841980096806358658e-02	-6.548513617496583283e-02	4.483765577537115327e-02	-4.268206783886382277e-02	2.586561116055906620e-02	-4.016522910636133314e-02	4.033473670159911512e-02	-3.804034484310134939e-02	3.347551068528484969e-02	-2.588598619673802489e-02	4.273076605308429032e-02	-4.272467578203940214e-02	3.264747533888073122e-02	-3.670010584769306528e-02
-3.413732319001653304e-01	1.754973948087058533e-01	-1.710766387757139961e-01	1.048001841221319758e-01	-7.685730862923387252e-02	1.808394852700056510e-01	-2.487192422763941646e-01	1.547737693878470377e-01	-1.331758819671610139e-01	6.198354175234496721e-02	-2.835721259507815173e-01	2.535899450552605572e-01	-2.130035894068915414e-01	8.687135176337035247e-02	-9.329090899065725639e-02	1.000000000000000666e+00	-6.035765807815000050e-01	3.184953222976849019e-01	-6.938412181351776009e-02	6.853572897024103050e-02	-4.018477161133973130e-01	1.920948218253006046e-01	-1.676505060856730289e-01	1.076701589061228315e-01	-1.123258533084328659e-01	2.212305134027099662e-01	-1.634903111801711828e-01	1.668627686538517174e-01	-1.081932274356867812e-01	9.715401139399358621e-02	-9.154778894457546445e-02	1.229564236767171637e-01	-1.209329333053799915e-01	9.862352556580496199e-02	-8.434984104539444694e-02	8.691424291221767906e-02	-1.380435627753099914e-01	1.205867021768916303e-01	-8.818125168591307850e-02	9.111273240519322802e-02
2.235321706850088574e-01	-1.353683276896467669e-01	1.318346292669131947e-01	-8.042210849214731505e-02	5.976778943591082305e-02	-1.216189815808722957e-01	2.006510928498602686e-01	-1.265569445484820421e-01	1.006480208969881690e-01	-4.870434557077010784e-02	1.714976953969733486e-01	-3.354975899811798445e-01	1.803695447187406431e-01	-7.148828765277455422e-02	7.516986619984501738e-02	-6.035765807815000050e-01	1.000000000000000444e+00	-6.281030587608837923e-01	5.998144047722244604e-02	-5.933283779167134592e-02	1.999303471693276990e-01	-1.814691436351217046e-01	1.520900986164582802e-01	-9.210926790328337332e-02	9.188522668775123137e-02	-1.545721915530967883e-01	1.254327941991658646e-01	-1.387775793581130235e-01	8.634768946512393073e-02	-7.781282384961277221e-02	6.417485728742038098e-02	-9.385586151505301289e-02	9.161896613723220784e-02	-7.611867294164872955e-02	6.547821553085281243e-02	-6.219082754118167994e-02	1.014973280639715342e-01	-9.095392413547999377e-02	6.719594682795047846e-02	-7.057436344059947464e-02
-3.570978933025885094e-01	1.911098593452621730e-01	-1.940482162142208311e-01	1.186881250077135158e-01	-8.968333602277563099e-02	1.702821116296356074e-01	-2.741407920346682348e-01	1.757626085813406014e-01	-1.526060669650282087e-01	7.207089803293149910e-02	-2.463213538866081687e-01	2.730963605003591810e-01	-2.542772865753097911e-01	1.024895171886426176e-01	-1.106593455787308472e-01	3.184953222976849019e-01	-6.281030587608837923e-01	1.000000000000001110e+00	-9.538966779386817696e-02	9.002478225455520788e-02	-2.485478268121071865e-01	2.117532785015251162e-01	-2.549756417355959481e-01	1.363597068830853798e-01	-1.406801846058962913e-01	1.816961434072394965e-01	-1.665715177346750175e-01	1.931445461423368926e-01	-1.270421662022607756e-01	1.123803875300191796e-01	-8.625613803803328095e-02	1.271839493080556827e-01	-1.295374591561004041e-01	1.083149300520993980e-01	-9.520596502694717023e-02	8.173690587474831404e-02	-1.441417393464350660e-01	1.268045756426990078e-01	-9.690669136601652578e-02	1.007983417094972384e-01
7.270687127791589099e-02	-4.692463650927299057e-02	4.791439003443161149e-02	-3.411857842854777723e-02	5.010358899688458628e-02	-3.563262750161679676e-02	5.882962275295034599e-02	-5.439240349812903691e-02	4.064856042083619253e-02	-4.761168730360157419e-02	4.912724424250628635e-02	-6.870485064279699405e-02	7.276448116411372846e-02	-1.086207124852167361e-01	1.055935494797544533e-01	-6.938412181351776009e-02	5.998144047722244604e-02	-9.538966779386817696e-02	1.000000000000000444e+00	-9.201415245937214493e-01	6.498436138601204615e-02	-9.592091966681595694e-02	1.166224533662949120e-01	-2.598873029368286569e-01	1.994172513741030439e-01	-6.148270024286907331e-02	6.889158118313369605e-02	-1.091967513295428183e-01	9.837433452817884172e-02	-9.555566298358281196e-02	3.141481454879430785e-02	-5.594093334709626664e-02	6.012125056702009862e-02	-6.371556487319872397e-02	6.321606136625999850e-02	-3.026264620279773415e-02	5.977749492074650728e-02	-5.868571150506766976e-02	5.377707769055947717e-02	-6.269742452237056507e-02
-7.596277640318922775e-02	4.823516949682601224e-02	-4.972069217341105324e-02	3.538900892805230819e-02	-5.435414350328348493e-02	3.687115816779169830e-02	-6.073269441869043328e-02	5.536801247179755359e-02	-4.250958327140823279e-02	5.013280726974651824e-02	-5.097727149511969980e-02	6.903294555411408628e-02	-7.593256820022266373e-02	1.047583372387619616e-01	-1.240696642262694438e-01	6.853572897024103050e-02	-5.933283779167134592e-02	9.002478225455520788e-02	-9.201415245937214493e-01	1.000000000000000222e+00	-6.588017648098222490e-02	9.216353267723663423e-02	-1.167902867332750866e-01	2.035010107775829247e-01	-2.468565531251333267e-01	6.130648918507188710e-02	-6.928684696540890475e-02	1.057749949648114779e-01	-1.040525530571429352e-01	9.789114405536980534e-02	-3.190682844434452464e-02	5.610095956827886032e-02	-6.124115367891298789e-02	6.447610452112796653e-02	-6.607606898523590844e-02	3.055570871562300964e-02	-6.118201674904912707e-02	5.905302534799984626e-02	-5.535560526880933807e-02	6.319092728897719724e-02
1.913474535862114689e-01	-1.042995176328284784e-01	1.015455193313915538e-01	-6.403686753216522587e-02	4.842985084676364183e-02	-9.910034689276456255e-02	1.420079226978343545e-01	-9.495046494174651242e-02	8.057666635870802674e-02	-3.963424389162777117e-02	1.391089113566661151e-01	-1.601019251304933722e-01	1.252963454140702537e-01	-5.632878865617666625e-02	5.949844338169774788e-02	-4.018477161133973130e-01	1.999303471693276990e-01	-2.485478268121071865e-01	6.498436138601204615e-02	-6.588017648098222490e-02	9.999999999999995559e-01	-2.977211443828388648e-01	1.894029467411034451e-01	-1.239596902455305377e-01	1.228017317631804745e-01	-7.032327790339034657e-01	2.535436921337816396e-01	-2.261813902553391209e-01	1.295006765493405265e-01	-1.187073007313148576e-01	1.574690894663763052e-01	-1.860393827491786667e-01	1.585421477720826700e-01	-1.253343530657827776e-01	1.017710622015032540e-01	-1.614650507325848250e-01	1.805186651582623980e-01	-1.644523875549652736e-01	1.084544093996047537e-01	-1.129088867917153460e-01
-2.008505302286680283e-01	1.045283546635256966e-01	-1.042205115027143442e-01	6.573496009684855201e-02	-5.169812025550794138e-02	9.498183651567775054e-02	-1.424008823088337983e-01	9.505955012632565093e-02	-8.397642341620552286e-02	4.217171803293308374e-02	-1.353723447405676128e-01	1.435825131803467603e-01	-1.272377665347518005e-01	6.054882894082271039e-02	-6.467308173081841305e-02	1.920948218253006046e-01	-1.814691436351217046e-01	2.117532785015251162e-01	-9.592091966681595694e-02	9.216353267723663423e-02	-2.977211443828388648e-01	9.999999999999984457e-01	-5.598920176769812684e-01	2.058509757822113151e-01	-2.165088162761978630e-01	2.482548760938326771e-01	-5.205625873008939974e-01	3.003799808352994316e-01	-1.922475668593617848e-01	1.604042388332279911e-01	-1.239504665251467824e-01	2.379915938592264968e-01	-2.288176979895655272e-01	1.569512428385343439e-01	-1.372437320687539819e-01	1.139772957632493727e-01	-2.467125556948207010e-01	1.887557082494685790e-01	-1.413684878141076018e-01	1.376594933720975411e-01
1.623266704688209883e-01	-8.722822013947140185e-02	8.688568908839996996e-02	-5.521884684979411206e-02	4.515884987458624461e-02	-7.789385645676627501e-02	1.185145713345409219e-01	-8.100364293991459130e-02	6.998048926237467049e-02	-3.739482230956098219e-02	1.102095847982723226e-01	-1.255046041179759542e-01	1.084249502965299455e-01	-5.601016849524326907e-02	5.904610698324248841e-02	-1.676505060856730289e-01	1.520900986164582802e-01	-2.549756417355959481e-01	1.166224533662949120e-01	-1.167902867332750866e-01	1.894029467411034451e-01	-5.598920176769812684e-01	9.999999999999976685e-01	-3.988415426646078066e-01	2.524956711020293065e-01	-1.844810704727007644e-01	2.523075325319957263e-01	-5.277303636459984570e-01	2.236857191138598711e-01	-1.988414593324999147e-01	8.969972138688299401e-02	-1.800784712710932212e-01	1.770248374568493543e-01	-1.559387079753008776e-01	1.399452365876358573e-01	-8.581619339492041476e-02	1.734681134395288093e-01	-1.617278739942361598e-01	1.303684907538656124e-01	-1.446394344984457403e-01
-1.181675473851051261e-01	6.426978130256251476e-02	-6.452268528027274574e-02	4.196506725008510019e-02	-3.967184605638438694e-02	5.598465216461448457e-02	-8.554675514929548086e-02	6.181221658397222096e-02	-5.280607172239832475e-02	3.379293764059652927e-02	-7.900274218936545467e-02	8.879917279316791590e-02	-8.249133306045865199e-02	5.622379079307737726e-02	-5.909353669273028492e-02	1.076701589061228315e-01	-9.210926790328337332e-02	1.363597068830853798e-01	-2.598873029368286569e-01	2.035010107775829247e-01	-1.239596902455305377e-01	2.058509757822113151e-01	-3.988415426646078066e-01	1.000000000000000444e+00	-7.417727070943286316e-01	1.156272810644628918e-01	-1.495343867418683914e-01	2.408404636480642458e-01	-2.816947647070505711e-01	2.306848031715698077e-01	-6.198870741726265204e-02	1.152886343235376698e-01	-1.277478230740790588e-01	1.368744460432525789e-01	-1.458693494833109561e-01	5.870575053918448277e-02	-1.240342457999790426e-01	1.180988039155257685e-01	-1.159148589606919522e-01	1.323075137363645681e-01
1.144739368210553609e-01	-6.354803401149239361e-02	6.347164909210166461e-02	-4.157827850881554849e-02	3.976832245791044051e-02	-5.488546269007058692e-02	8.415534257355548886e-02	-6.178745835431259659e-02	5.192894878323089936e-02	-3.441599427567970659e-02	7.705082292300145796e-02	-9.028258482292360332e-02	8.146666223098063264e-02	-5.799071184664036233e-02	6.006477004700342542e-02	-1.123258533084328659e-01	9.188522668775123137e-02	-1.406801846058962913e-01	1.994172513741030439e-01	-2.468565531251333267e-01	1.228017317631804745e-01	-2.165088162761978630e-01	2.524956711020293065e-01	-7.417727070943286316e-01	9.999999999999974465e-01	-1.213356610917138700e-01	1.480960002148100918e-01	-2.696595566191029580e-01	2.541933204806849367e-01	-3.677568552469696606e-01	6.380273796629123972e-02	-1.230194298667566799e-01	1.347026341503302360e-01	-1.629386865639614046e-01	1.709795331182873968e-01	-6.145867165051125541e-02	1.271723739941006959e-01	-1.316921314049693259e-01	1.302802096404885590e-01	-1.677135097618502324e-01
-1.994317291695867078e-01	1.016259438813494204e-01	-1.003804776420113704e-01	6.307974069829519470e-02	-4.773421941938334190e-02	9.531848236107719197e-02	-1.378213708897142453e-01	9.081297143701029528e-02	-8.061715696303355105e-02	3.869900766648035062e-02	-1.368192120571812831e-01	1.370179600145592369e-01	-1.202206768981349816e-01	5.404105076099876420e-02	-5.781580332189170668e-02	2.212305134027099662e-01	-1.545721915530967883e-01	1.816961434072394965e-01	-6.148270024286907331e-02	6.130648918507188710e-02	-7.032327790339034657e-01	2.482548760938326771e-01	-1.844810704727007644e-01	1.156272810644628918e-01	-1.213356610917138700e-01	9.999999999999972244e-01	-4.194885055741668367e-01	2.065376254310765936e-01	-1.290623645542826881e-01	1.123579927617562590e-01	-2.457945516558905086e-01	2.089317177512273749e-01	-1.835333429096529800e-01	1.252574624331936337e-01	-1.022731500842841423e-01	1.831218179052962469e-01	-2.248336234551502888e-01	1.698397062221771725e-01	-1.128744303091228918e-01	1.090482378690273424e-01
1.496561519586566691e-01	-7.894337032525423903e-02	7.814939459901742991e-02	-4.955735009985321599e-02	3.882161560030818193e-02	-7.191377255347983222e-02	1.066993692244788683e-01	-7.205516817355361869e-02	6.294919972504470218e-02	-3.180554273457820991e-02	1.018346317054076994e-01	-1.113065978142130374e-01	9.521398929086803686e-02	-4.563736593661757435e-02	4.841980096806358658e-02	-1.634903111801711828e-01	1.254327941991658646e-01	-1.665715177346750175e-01	6.889158118313369605e-02	-6.928684696540890475e-02	2.535436921337816396e-01	-5.205625873008939974e-01	2.523075325319957263e-01	-1.495343867418683914e-01	1.480960002148100918e-01	-4.194885055741668367e-01	9.999999999999978906e-01	-3.582564744941070800e-01	1.680857632412543490e-01	-1.460490999948910462e-01	1.352586501310475975e-01	-4.962038258121689305e-01	2.447976996217851864e-01	-1.622309198862657842e-01	1.261717486889294693e-01	-1.316411823972778172e-01	2.532109686559620432e-01	-2.152053474852692050e-01	1.366503471759762944e-01	-1.344507541357434777e-01
-1.987675223596543361e-01	1.019874148510555301e-01	-1.020114673336103700e-01	6.474942993753944609e-02	-5.191161358380857321e-02	9.239705209549091414e-02	-1.371648078587018316e-01	9.281764267888828468e-02	-8.290123263770314554e-02	4.244082603879375387e-02	-1.315270234036349795e-01	1.343756714352763726e-01	-1.232696831254284503e-01	6.127895087940622015e-02	-6.548513617496583283e-02	1.668627686538517174e-01	-1.387775793581130235e-01	1.931445461423368926e-01	-1.091967513295428183e-01	1.057749949648114779e-01	-2.261813902553391209e-01	3.003799808352994316e-01	-5.277303636459984570e-01	2.408404636480642458e-01	-2.696595566191029580e-01	2.065376254310765936e-01	-3.582564744941070800e-01	9.999999999999994449e-01	-4.463195615871289323e-01	2.471868207329250278e-01	-1.143123238073148751e-01	2.224859220228400658e-01	-2.737286877103859983e-01	2.022420971277372748e-01	-1.921420737664858436e-01	1.057356224009619178e-01	-2.381566730912639540e-01	2.054961832003118771e-01	-1.769855075079453111e-01	1.777514212807343730e-01
1.172656492400970252e-01	-6.223849615130291196e-02	6.203542859510417090e-02	-3.986279837969600864e-02	3.370528067242690995e-02	-5.539427021443844856e-02	8.311807918256244876e-02	-5.796014816694413513e-02	5.049920026438917825e-02	-2.811598434974594760e-02	7.822482319281141849e-02	-8.544469008738284077e-02	7.634923587326952754e-02	-4.262434489189059761e-02	4.483765577537115327e-02	-1.081932274356867812e-01	8.634768946512393073e-02	-1.270421662022607756e-01	9.837433452817884172e-02	-1.040525530571429352e-01	1.295006765493405265e-01	-1.922475668593617848e-01	2.236857191138598711e-01	-2.816947647070505711e-01	2.541933204806849367e-01	-1.290623645542826881e-01	1.680857632412543490e-01	-4.463195615871289323e-01	9.999999999999992228e-01	-6.748409346075322501e-01	7.227983472995329339e-02	-1.474492310810163465e-01	1.772081180402715617e-01	-2.883393978222815179e-01	2.598027328670270419e-01	-6.909671053810358121e-02	1.527975371075988575e-01	-1.667576599504638213e-01	1.922485419833143694e-01	-2.538227458904064315e-01
-1.128604316581767048e-01	5.908771368822814812e-02	-5.907218051457285152e-02	3.791493682081265026e-02	-3.211415726849084495e-02	5.275819524964985713e-02	-7.881683253640016373e-02	5.478417165606967038e-02	-4.821158983830375194e-02	2.667626218380036648e-02	-7.469164642224009054e-02	7.915247422233206986e-02	-7.233593082328854118e-02	4.027187626234385309e-02	-4.268206783886382277e-02	9.715401139399358621e-02	-7.781282384961277221e-02	1.123803875300191796e-01	-9.555566298358281196e-02	9.789114405536980534e-02	-1.187073007313148576e-01	1.604042388332279911e-01	-1.988414593324999147e-01	2.306848031715698077e-01	-3.677568552469696606e-01	1.123579927617562590e-01	-1.460490999948910462e-01	2.471868207329250278e-01	-6.748409346075322501e-01	9.999999999999976685e-01	-6.619855147132387707e-02	1.271053098456268737e-01	-1.614395450920365072e-01	2.323026433633345322e-01	-4.495886768873270656e-01	6.231952948467989195e-02	-1.423688811712455204e-01	1.464576823568019825e-01	-1.946698334775795458e-01	2.377242752038862816e-01
8.391674429784309885e-02	-4.394599503709398225e-02	4.336073755907773192e-02	-2.752399579952766531e-02	2.116677793520776313e-02	-4.027591279062241875e-02	5.910198389112057693e-02	-3.985957392413302935e-02	3.496489793517896377e-02	-1.729108796089101618e-02	5.701911495975055949e-02	-6.116050633008454640e-02	5.219712100091495471e-02	-2.436434818060083732e-02	2.586561116055906620e-02	-9.154778894457546445e-02	6.417485728742038098e-02	-8.625613803803328095e-02	3.141481454879430785e-02	-3.190682844434452464e-02	1.574690894663763052e-01	-1.239504665251467824e-01	8.969972138688299401e-02	-6.198870741726265204e-02	6.380273796629123972e-02	-2.457945516558905086e-01	1.352586501310475975e-01	-1.143123238073148751e-01	7.227983472995329339e-02	-6.619855147132387707e-02	1.000000000000001776e+00	-1.529799069396972078e-01	1.191858381879628559e-01	-8.640183630584911956e-02	6.432173624881920571e-02	-9.048020994956458285e-01	2.051752383951503111e-01	-1.634080178279683215e-01	7.794827395044919005e-02	-7.435513579171679210e-02
-1.261495797321634527e-01	6.569954955624844606e-02	-6.519497569890944644e-02	4.141731346056831686e-02	-3.245316179060370176e-02	5.974674051008224684e-02	-8.834301224074048164e-02	5.976029673007021703e-02	-5.275836301031524428e-02	2.653932601637817856e-02	-8.469065287413642118e-02	8.975980896236968043e-02	-7.864173401960034004e-02	3.777370387029690968e-02	-4.016522910636133314e-02	1.229564236767171637e-01	-9.385586151505301289e-02	1.271839493080556827e-01	-5.594093334709626664e-02	5.610095956827886032e-02	-1.860393827491786667e-01	2.379915938592264968e-01	-1.800784712710932212e-01	1.152886343235376698e-01	-1.230194298667566799e-01	2.089317177512273749e-01	-4.962038258121689305e-01	2.224859220228400658e-01	-1.474492310810163465e-01	1.271053098456268737e-01	-1.529799069396972078e-01	1.000000000000001554e+00	-5.326120528765221351e-01	1.902690416443127697e-01	-1.359938121631260877e-01	1.436045148213477840e-01	-5.262056635605689703e-01	2.941099643500177940e-01	-1.685620243546233354e-01	1.406125364119312771e-01
1.225298262190560455e-01	-6.450943812894045781e-02	6.395537610660183281e-02	-4.078980540634935537e-02	3.231045102094595028e-02	-5.824149278355653103e-02	8.648414462774529909e-02	-5.905543730166701311e-02	5.180754558131363263e-02	-2.653842687471543935e-02	8.223576661722085956e-02	-8.928841019664514322e-02	7.743075890072126377e-02	-3.807890166531908982e-02	4.033473670159911512e-02	-1.209329333053799915e-01	9.161896613723220784e-02	-1.295374591561004041e-01	6.012125056702009862e-02	-6.124115367891298789e-02	1.585421477720826700e-01	-2.288176979895655272e-01	1.770248374568493543e-01	-1.277478230740790588e-01	1.347026341503302360e-01	-1.835333429096529800e-01	2.447976996217851864e-01	-2.737286877103859983e-01	1.772081180402715617e-01	-1.614395450920365072e-01	1.191858381879628559e-01	-5.326120528765221351e-01	1.000000000000000888e+00	-3.768831848362366177e-01	1.855049526791993919e-01	-1.187206746503786103e-01	3.109940899784010560e-01	-5.646078773478186985e-01	2.404149477808034674e-01	-2.008997441905995829e-01
-1.131223579968033827e-01	5.863506860886544964e-02	-5.842222286232029438e-02	3.731979856535841411e-02	-3.011075974580806544e-02	5.286184531473502035e-02	-7.829773332190054225e-02	5.362118004949567585e-02	-4.758423367883183458e-02	2.474027928905526280e-02	-7.484258225966129718e-02	7.832367552339396244e-02	-7.039908421805028682e-02	3.579403177880631504e-02	-3.804034484310134939e-02	9.862352556580496199e-02	-7.611867294164872955e-02	1.083149300520993980e-01	-6.371556487319872397e-02	6.447610452112796653e-02	-1.253343530657827776e-01	1.569512428385343439e-01	-1.559387079753008776e-01	1.368744460432525789e-01	-1.629386865639614046e-01	1.252574624331936337e-01	-1.622309198862657842e-01	2.022420971277372748e-01	-2.883393978222815179e-01	2.323026433633345322e-01	-8.640183630584911956e-02	1.902690416443127697e-01	-3.768831848362366177e-01	9.999999999999997780e-01	-4.759707874707631570e-01	8.137925457902447923e-02	-2.140519916792393840e-01	2.552973873280032224e-01	-6.113592551569230205e-01	3.168186636830533365e-01
9.376196234287623166e-02	-4.924963013279348711e-02	4.904437041658809421e-02	-3.144735197142737443e-02	2.591655117833946767e-02	-4.408109611783114085e-02	6.569393695200032024e-02	-4.545315510672383319e-02	3.994642285208024196e-02	-2.145448792319220449e-02	6.226389458311751279e-02	-6.683379575253731164e-02	5.964013493971954960e-02	-3.167248434298000626e-02	3.347551068528484969e-02	-8.434984104539444694e-02	6.547821553085281243e-02	-9.520596502694717023e-02	6.321606136625999850e-02	-6.607606898523590844e-02	1.017710622015032540e-01	-1.372437320687539819e-01	1.399452365876358573e-01	-1.458693494833109561e-01	1.709795331182873968e-01	-1.022731500842841423e-01	1.261717486889294693e-01	-1.921420737664858436e-01	2.598027328670270419e-01	-4.495886768873270656e-01	6.432173624881920571e-02	-1.359938121631260877e-01	1.855049526791993919e-01	-4.759707874707631570e-01	1.000000000000000000e+00	-6.153380846025050671e-02	1.474603801823231308e-01	-1.854559323821541317e-01	2.970379715715468216e-01	-6.295372076579758280e-01
-8.618105900891361026e-02	4.441113393221095967e-02	-4.392446739567160835e-02	2.782206825701118852e-02	-2.130770439482134598e-02	4.087881042695450801e-02	-5.972138528307806976e-02	4.002894838469926719e-02	-3.548251281301458004e-02	1.734808684021647493e-02	-5.811614633581700662e-02	6.020603239029218012e-02	-5.250710741242833879e-02	2.429784146843754974e-02	-2.588598619673802489e-02	8.691424291221767906e-02	-6.219082754118167994e-02	8.173690587474831404e-02	-3.026264620279773415e-02	3.055570871562300964e-02	-1.614650507325848250e-01	1.139772957632493727e-01	-8.581619339492041476e-02	5.870575053918448277e-02	-6.145867165051125541e-02	1.831218179052962469e-01	-1.316411823972778172e-01	1.057356224009619178e-01	-6.909671053810358121e-02	6.231952948467989195e-02	-9.048020994956458285e-01	1.436045148213477840e-01	-1.187206746503786103e-01	8.137925457902447923e-02	-6.153380846025050671e-02	9.999999999999997780e-01	-2.780298877797483525e-01	1.510093271213984456e-01	-7.542292661353292016e-02	6.951416543534179315e-02
1.308211166846135198e-01	-6.956560187953728103e-02	6.873292322405469279e-02	-4.386356413678046962e-02	3.444789475518068161e-02	-6.280573869947478349e-02	9.327335057591862322e-02	-6.377270677980295677e-02	5.555258750385216882e-02	-2.830807798871003492e-02	8.844648614794670127e-02	-9.813671983487175232e-02	8.334338270860842945e-02	-4.042944222905239804e-02	4.273076605308429032e-02	-1.380435627753099914e-01	1.014973280639715342e-01	-1.441417393464350660e-01	5.977749492074650728e-02	-6.118201674904912707e-02	1.805186651582623980e-01	-2.467125556948207010e-01	1.734681134395288093e-01	-1.240342457999790426e-01	1.271723739941006959e-01	-2.248336234551502888e-01	2.532109686559620432e-01	-2.381566730912639540e-01	1.527975371075988575e-01	-1.423688811712455204e-01	2.051752383951503111e-01	-5.262056635605689703e-01	3.109940899784010560e-01	-2.140519916792393840e-01	1.474603801823231308e-01	-2.780298877797483525e-01	1.000000000000000222e+00	-5.827686961676439292e-01	1.950326946972091025e-01	-1.770419981133702358e-01
-1.359450882465544908e-01	6.997450918666500708e-02	-6.957428135812519787e-02	4.428976623276228292e-02	-3.473868726044786193e-02	6.356218076366056124e-02	-9.357495343364949369e-02	6.345157766378953235e-02	-5.656623058503369716e-02	2.836547038573302218e-02	-9.008562964940937390e-02	9.326973264213758719e-02	-8.313009281553729313e-02	4.011283777936222594e-02	-4.272467578203940214e-02	1.205867021768916303e-01	-9.095392413547999377e-02	1.268045756426990078e-01	-5.868571150506766976e-02	5.905302534799984626e-02	-1.644523875549652736e-01	1.887557082494685790e-01	-1.617278739942361598e-01	1.180988039155257685e-01	-1.316921314049693259e-01	1.698397062221771725e-01	-2.152053474852692050e-01	2.054961832003118771e-01	-1.667576599504638213e-01	1.464576823568019825e-01	-1.634080178279683215e-01	2.941099643500177940e-01	-5.646078773478186985e-01	2.552973873280032224e-01	-1.854559323821541317e-01	1.510093271213984456e-01	-5.827686961676439292e-01	9.999999999999997780e-01	-3.485795286010542338e-01	2.020995942079774899e-01
9.628879778120355559e-02	-5.044038080523452483e-02	5.013631619923232530e-02	-3.207570060376331578e-02	2.584804936710560774e-02	-4.534164200717000909e-02	6.733892890900072814e-02	-4.628516541145229202e-02	4.077830070940215851e-02	-2.128789980079033237e-02	6.402577569926283518e-02	-6.859874056464965175e-02	6.059715583525884103e-02	-3.082937901279769050e-02	3.264747533888073122e-02	-8.818125168591307850e-02	6.719594682795047846e-02	-9.690669136601652578e-02	5.377707769055947717e-02	-5.535560526880933807e-02	1.084544093996047537e-01	-1.413684878141076018e-01	1.303684907538656124e-01	-1.159148589606919522e-01	1.302802096404885590e-01	-1.128744303091228918e-01	1.366503471759762944e-01	-1.769855075079453111e-01	1.922485419833143694e-01	-1.946698334775795458e-01	7.794827395044919005e-02	-1.685620243546233354e-01	2.404149477808034674e-01	-6.113592551569230205e-01	2.970379715715468216e-01	-7.542292661353292016e-02	1.950326946972091025e-01	-3.485795286010542338e-01	1.000000000000000000e+00	-5.860303932496939705e-01
