1.000000000000000222e+00	-2.749174200686769209e-01	2.074510107030820005e-01	-2.184091267115280954e-01	1.901593827187910146e-01	-4.861894253007558175e-01	2.744544347654824246e-01	-2.815722049850665765e-01	2.497018620819353163e-01	-2.393980587385997616e-01	2.941569746654617012e-01	-3.391068287099054390e-01	2.460415191577600691e-01	-2.467208023531502759e-01	1.842499964507263166e-01	-3.610526223758315778e-01	2.369976837881166420e-01	-2.515629932937838431e-01	1.465492521087429501e-01	-1.754027822034393003e-01	9.925318679486566653e-02	-3.666023764305382793e-01	2.269891514919609166e-01	-1.311355133996457700e-01	1.186114422391841977e-01	-9.573056157852688486e-02	1.427509879876378285e-01	-1.229029000268307831e-01	1.402668231317281688e-01	-1.461817244359624457e-01	7.708875053363956065e-02	-8.551148990324276833e-02	8.089078733665666654e-02	-2.813593691160034757e-02	2.346445640188694545e-02	-7.424608619542781562e-02	5.278333113101502105e-02	-7.046635634005829485e-02	2.622347254635742919e-02	-2.283928714763532736e-02
-2.749174200686769209e-01	1.000000000000000000e+00	-8.153182029887326987e-01	2.158621036480349309e-01	-2.093883125466508011e-01	1.943836905026337936e-01	-3.320937900281014654e-01	2.531269698390515299e-01	-2.232948477062893233e-01	1.533287123530144014e-01	-1.427491966385367739e-01	1.719530412855172496e-01	-1.612103110682479301e-01	1.295673771951330044e-01	-1.132558650002040562e-01	1.228610529323597433e-01	-9.415883834989835499e-02	1.093047656129860906e-01	-7.298641998345373194e-02	8.308570382355795481e-02	-3.754458979513388556e-02	1.197697484583657990e-01	-1.039436894337490425e-01	5.736089267586244600e-02	-5.438089021458190897e-02	3.455743131538454443e-02	-6.232109837763528254e-02	5.155976173403612611e-02	-6.067320444051925443e-02	5.698289131335419061e-02	-2.895228830629585290e-02	3.363619890245218153e-02	-3.293043595423923720e-02	1.084736588083255911e-02	-9.098485319447667877e-03	2.664043954473130013e-02	-1.949954616561514267e-02	2.527778579466082726e-02	-1.004050484669289679e-02	8.652008779649314821e-03
2.074510107030820005e-01	-8.153182029887326987e-01	1.000000000000000444e+00	-3.012964750878819875e-01	1.970776200966005975e-01	-1.852937808481803228e-01	2.428095619619533019e-01	-3.312495226605886578e-01	2.096199766958005695e-01	-1.573794558670297827e-01	1.290290841791446041e-01	-1.775702595825713881e-01	1.587672293076325958e-01	-1.310805795528076356e-01	1.098050714083079055e-01	-1.170378890409304456e-01	8.898825680902583413e-02	-1.068975425545052454e-01	7.109422113435814872e-02	-8.197397946077845943e-02	3.465473654576521623e-02	-1.143653249797021293e-01	9.761473484453118965e-02	-5.482250276339278861e-02	5.151760805235700014e-02	-3.206527813589619275e-02	5.752793645452863175e-02	-4.805682361626516935e-02	5.601472650747674892e-02	-5.318618289451347569e-02	2.655954387689695231e-02	-3.118125046342495182e-02	3.046218511311836810e-02	-1.001119335661239916e-02	8.396358955146293254e-03	-2.452677735580951340e-02	1.791101569663129667e-02	-2.326287342691644999e-02	9.253853498120634402e-03	-7.978833958114342484e-03
-2.184091267115280954e-01	2.158621036480349309e-01	-3.012964750878819875e-01	1.000000000000000000e+00	-7.537177153624783355e-01	1.539601027207380957e-01	-1.800343896685403511e-01	1.952798819811654429e-01	-4.240092310371915141e-01	2.715221530226171187e-01	-1.194811744955813354e-01	1.530143261198319005e-01	-1.413862475143614628e-01	1.686464281945480592e-01	-1.658542759448290993e-01	1.104580733556066868e-01	-8.622840753210452014e-02	1.026412010721240026e-01	-8.832453515356782081e-02	1.036197570787560224e-01	-3.545042595679625402e-02	1.116352019637698312e-01	-9.823842148368266969e-02	6.326876305021231217e-02	-6.014583639783374625e-02	3.264136504929016774e-02	-6.055099297008327552e-02	5.005432001427216615e-02	-6.231619678765906722e-02	5.859193327990674938e-02	-2.782057029056475908e-02	3.261138373172045579e-02	-3.195611421355761678e-02	1.060001547093487352e-02	-8.929069613782968443e-03	2.554767294173607498e-02	-1.879595899055553493e-02	2.432321624567966925e-02	-9.789799439981788920e-03	8.457069009606271726e-03
1.901593827187910146e-01	-2.093883125466508011e-01	1.970776200966005975e-01	-7.537177153624783355e-01	1.000000000000000000e+00	-1.537970725904573566e-01	1.578518511397867807e-01	-1.788046601465849150e-01	2.916825553541416149e-01	-4.493704163583822631e-01	1.168454771657363861e-01	-1.601115464109577613e-01	1.395659696169399555e-01	-2.165286353786195495e-01	1.952293268525440162e-01	-1.137150545509498373e-01	8.799580241752795462e-02	-1.064836468609819814e-01	1.036615065961874332e-01	-1.276685792528000352e-01	3.587165546273871075e-02	-1.162447814147951897e-01	9.969956300236178237e-02	-7.081389413732842864e-02	6.618451026071414667e-02	-3.323537050469841519e-02	6.129656450722850702e-02	-5.118082955231696707e-02	6.470454839753773946e-02	-6.212409130487785147e-02	2.812117672357375420e-02	-3.329770893678744847e-02	3.251909380020311796e-02	-1.083649727099267844e-02	9.144327836940748314e-03	-2.595552560726431882e-02	1.905832736510136224e-02	-2.473225415819745726e-02	9.988686733635010473e-03	-8.651347395485346065e-03
-4.861894253007558175e-01	1.943836905026337936e-01	-1.852937808481803228e-01	1.539601027207380957e-01	-1.537970725904573566e-01	9.999999999999996669e-01	-5.083809421251971328e-01	2.580970875978382817e-01	-2.340377144854750291e-01	1.627750189950072091e-01	-5.318327582438032719e-01	2.538653352429430798e-01	-2.193246331869748156e-01	1.612724265281401115e-01	-1.369331360829660893e-01	2.558936954752396575e-01	-1.805877846675477127e-01	1.742137692674230742e-01	-9.948611239849228238e-02	1.105932948778251546e-01	-6.803970449251109387e-02	2.061669529391429445e-01	-1.722266467129583423e-01	8.499190654609004025e-02	-8.115167759273916870e-02	6.146249012553398755e-02	-1.048527529751766413e-01	8.548396812900081743e-02	-9.789301322686518037e-02	8.994793784326104991e-02	-4.962295649501533706e-02	5.615424775625701970e-02	-5.510076356560196509e-02	1.805767433814036912e-02	-1.510169647751910538e-02	4.529890033460538118e-02	-3.301575475723589337e-02	4.262126662015992828e-02	-1.676816570978546458e-02	1.439673382849941501e-02
2.744544347654824246e-01	-3.320937900281014654e-01	2.428095619619533019e-01	-1.800343896685403511e-01	1.578518511397867807e-01	-5.083809421251971328e-01	9.999999999999997780e-01	-5.962901483781152256e-01	2.421419288326586428e-01	-1.829061323608418277e-01	2.313837939381511444e-01	-3.256534060709974088e-01	2.509274815590046281e-01	-1.740587244423650037e-01	1.382862627291867597e-01	-1.881519253549702175e-01	1.373829540260735893e-01	-1.624794398153836805e-01	9.590329291152122071e-02	-1.085753871571552287e-01	5.077321644103179737e-02	-1.692618036637183743e-01	1.450856881715172075e-01	-7.543130365493523615e-02	7.087877317024623980e-02	-4.680357579255826905e-02	8.301735445895741528e-02	-6.945068536938327208e-02	7.820072553889140243e-02	-7.361088438456775407e-02	3.776983682972368667e-02	-4.458382534720126134e-02	4.365632521722255521e-02	-1.416598433618902579e-02	1.185850107644776698e-02	-3.477690636138043578e-02	2.534044768411191501e-02	-3.284651735043132847e-02	1.308814467711490702e-02	-1.125479729446744910e-02
-2.815722049850665765e-01	2.531269698390515299e-01	-3.312495226605886578e-01	1.952798819811654429e-01	-1.788046601465849150e-01	2.580970875978382817e-01	-5.962901483781152256e-01	9.999999999999996669e-01	-4.019487888910713291e-01	2.015261605387610455e-01	-2.013419813630171473e-01	2.794862388787707208e-01	-4.186869729861095735e-01	1.862597599959643080e-01	-1.578546120495154803e-01	1.623523308098880069e-01	-1.349586324028263229e-01	1.704273033472911425e-01	-1.028891533630079541e-01	1.129038794916829430e-01	-4.918059200096416145e-02	1.582254286969329293e-01	-1.562926962450724433e-01	7.772291427662188223e-02	-7.397964211193568118e-02	4.497613633567923430e-02	-8.539309594576909024e-02	7.096755409787935953e-02	-8.009743290133174154e-02	7.413821457886478339e-02	-3.741275859431529571e-02	4.478871950163322568e-02	-4.427965147140696528e-02	1.420431712873342772e-02	-1.190548211362256817e-02	3.420820987793468659e-02	-2.513908786630168757e-02	3.244011585188923824e-02	-1.310367865771175540e-02	1.124957824174038432e-02
2.497018620819353163e-01	-2.232948477062893233e-01	2.096199766958005695e-01	-4.240092310371915141e-01	2.916825553541416149e-01	-2.340377144854750291e-01	2.421419288326586428e-01	-4.019487888910713291e-01	1.000000000000000222e+00	-5.551518757540718774e-01	1.698503519704963327e-01	-2.479329244151310119e-01	2.186934013558451684e-01	-3.046284511877235257e-01	2.498244780577436319e-01	-1.638078349464807681e-01	1.266353626206324634e-01	-1.569455059272050201e-01	1.413496766719070652e-01	-1.729786302889708693e-01	4.993935568127862851e-02	-1.650087357985229319e-01	1.425259182562060301e-01	-9.685977165661444066e-02	9.009661754420290880e-02	-4.629115224340445145e-02	8.524598552076004254e-02	-7.153859913712536100e-02	8.813109633282084632e-02	-8.464657567778563485e-02	3.869189794928481335e-02	-4.616321410868320235e-02	4.510932877395414792e-02	-1.491080737089758509e-02	1.256664212842104923e-02	-3.571408022382621672e-02	2.618559468282046290e-02	-3.397722742144870800e-02	1.373530086286907023e-02	-1.188135987982587641e-02
-2.393980587385997616e-01	1.533287123530144014e-01	-1.573794558670297827e-01	2.715221530226171187e-01	-4.493704163583822631e-01	1.627750189950072091e-01	-1.829061323608418277e-01	2.015261605387610455e-01	-5.551518757540718774e-01	1.000000000000000000e+00	-1.334040076916146178e-01	1.740604523141934534e-01	-1.708737062426699260e-01	2.770743202309368658e-01	-5.103645880145100122e-01	1.233319769800007570e-01	-1.003613431464164124e-01	1.230280914263282288e-01	-1.443654158164299761e-01	1.649017721408126136e-01	-4.150056951592182020e-02	1.274637970309663026e-01	-1.197498777297024419e-01	8.831776318482062460e-02	-8.609015122891332250e-02	3.804746456457865772e-02	-7.394394221943247081e-02	6.090849662361939865e-02	-7.999148916177079016e-02	7.407327565388567570e-02	-3.283818487752653004e-02	3.913426685848071795e-02	-3.859167196588206977e-02	1.278096516597309121e-02	-1.081561570461957340e-02	2.999445036884681309e-02	-2.222263330587031377e-02	2.864034757101590820e-02	-1.176636062002563848e-02	1.017601751769572557e-02
2.941569746654617012e-01	-1.427491966385367739e-01	1.290290841791446041e-01	-1.194811744955813354e-01	1.168454771657363861e-01	-5.318327582438032719e-01	2.313837939381511444e-01	-2.013419813630171473e-01	1.698503519704963327e-01	-1.334040076916146178e-01	9.999999999999994449e-01	-3.395696084090267242e-01	2.132451505314874873e-01	-1.472782359636314042e-01	1.176647188412435069e-01	-5.943950491379824674e-01	2.476142757659507143e-01	-2.158425739132586452e-01	9.505551681981194712e-02	-1.047445108699987110e-01	7.908746608034859793e-02	-2.887130976898559243e-01	1.901140208775595475e-01	-8.344666057772916201e-02	7.824382716834137053e-02	-7.354343340238300719e-02	1.066046422404365313e-01	-8.969648391883243421e-02	9.242216843731856923e-02	-8.665467896532041969e-02	5.022812380725828751e-02	-5.777729978496832369e-02	5.613463613584236678e-02	-1.799632003175263145e-02	1.494944660329138551e-02	-4.660114932454993003e-02	3.300328865933173372e-02	-4.296000431261755986e-02	1.667012408321706662e-02	-1.427485573411756137e-02
-3.391068287099054390e-01	1.719530412855172496e-01	-1.775702595825713881e-01	1.530143261198319005e-01	-1.601115464109577613e-01	2.538653352429430798e-01	-3.256534060709974088e-01	2.794862388787707208e-01	-2.479329244151310119e-01	1.740604523141934534e-01	-3.395696084090267242e-01	9.999999999999993339e-01	-6.786104797572429792e-01	2.110123003199782243e-01	-1.814758033184111496e-01	2.209622874565931872e-01	-2.000846516095627914e-01	2.400482375224509690e-01	-1.283187221047299986e-01	1.318141998758305955e-01	-6.692024529078466344e-02	2.101773414601043610e-01	-2.368924812616358400e-01	1.000963733853042908e-01	-9.720501584339882872e-02	6.053046243343933319e-02	-1.219168110591134779e-01	1.000595814074290019e-01	-1.077425492496672799e-01	9.679068165872520280e-02	-5.028713187609468172e-02	6.148653011145126246e-02	-6.158041511615518909e-02	1.920602254546709131e-02	-1.606784972365043335e-02	4.555968991335758445e-02	-3.366950147217756539e-02	4.317975648614441608e-02	-1.768819092209540644e-02	1.510157086155181246e-02
2.460415191577600691e-01	-1.612103110682479301e-01	1.587672293076325958e-01	-1.413862475143614628e-01	1.395659696169399555e-01	-2.193246331869748156e-01	2.509274815590046281e-01	-4.186869729861095735e-01	2.186934013558451684e-01	-1.708737062426699260e-01	2.132451505314874873e-01	-6.786104797572429792e-01	1.000000000000000222e+00	-2.800891578953125238e-01	1.768670363314794602e-01	-1.949094681603644186e-01	1.794425620017897072e-01	-3.441196833132483257e-01	1.300225616472883428e-01	-1.343868022930004014e-01	5.619159244881376247e-02	-1.990361211540093711e-01	2.149015261123791709e-01	-9.433263110499275073e-02	8.831159686056568037e-02	-5.160237239224765848e-02	1.033135153254888111e-01	-8.898087453785805123e-02	9.161692750652052075e-02	-8.485883108430736232e-02	4.219630766063724864e-02	-5.334832431853246681e-02	5.298694863369317332e-02	-1.641116734187679504e-02	1.371548103006154512e-02	-3.860059268813669647e-02	2.839078546758113872e-02	-3.661110422647264467e-02	1.505328375446173678e-02	-1.287139006385497678e-02
-2.467208023531502759e-01	1.295673771951330044e-01	-1.310805795528076356e-01	1.686464281945480592e-01	-2.165286353786195495e-01	1.612724265281401115e-01	-1.740587244423650037e-01	1.862597599959643080e-01	-3.046284511877235257e-01	2.770743202309368658e-01	-1.472782359636314042e-01	2.110123003199782243e-01	-2.800891578953125238e-01	9.999999999999992228e-01	-6.785519085660041139e-01	1.361539575709831695e-01	-1.216267405326135059e-01	1.616604556608643162e-01	-3.620232355181107753e-01	2.666866595353842295e-01	-4.847090391562081796e-02	1.463186938229986134e-01	-1.565810694074195597e-01	1.401518585285916330e-01	-1.396508339253787201e-01	4.422438856059873746e-02	-9.271206025837548659e-02	7.651172613427038860e-02	-1.070161572119788518e-01	9.711260541809751956e-02	-3.860039897087825383e-02	4.761437142975566417e-02	-4.747628224757681481e-02	1.558852039866124965e-02	-1.327669494982661701e-02	3.503355270643919439e-02	-2.618320767484898226e-02	3.357486979229881013e-02	-1.426532653695122659e-02	1.235513814964701515e-02
1.842499964507263166e-01	-1.132558650002040562e-01	1.098050714083079055e-01	-1.658542759448290993e-01	1.952293268525440162e-01	-1.369331360829660893e-01	1.382862627291867597e-01	-1.578546120495154803e-01	2.498244780577436319e-01	-5.103645880145100122e-01	1.176647188412435069e-01	-1.814758033184111496e-01	1.768670363314794602e-01	-6.785519085660041139e-01	9.999999999999964473e-01	-1.139612268686324287e-01	9.686962088352622791e-02	-1.294050427920872826e-01	2.293289877725523951e-01	-3.168446737939646374e-01	3.871426736625795118e-02	-1.218994249167151822e-01	1.198573635190362252e-01	-1.165477986085430157e-01	1.097367306061151071e-01	-3.561050264420427547e-02	7.220839225461234134e-02	-6.038831052937111005e-02	8.407919560375327894e-02	-7.961510414843431249e-02	3.070444877800453110e-02	-3.790168544108622056e-02	3.747441389081480195e-02	-1.242375125374217508e-02	1.058722037835076527e-02	-2.807170330578152156e-02	2.087250532344861464e-02	-2.688957155572783975e-02	1.136075400062057199e-02	-9.871802994857127936e-03
-3.610526223758315778e-01	1.228610529323597433e-01	-1.170378890409304456e-01	1.104580733556066868e-01	-1.137150545509498373e-01	2.558936954752396575e-01	-1.881519253549702175e-01	1.623523308098880069e-01	-1.638078349464807681e-01	1.233319769800007570e-01	-5.943950491379824674e-01	2.209622874565931872e-01	-1.949094681603644186e-01	1.361539575709831695e-01	-1.139612268686324287e-01	9.999999999999988898e-01	-5.371727561916589400e-01	2.375479986592322901e-01	-9.792494776911962739e-02	1.041070717769704279e-01	-1.095069268713865229e-01	2.903271727406835923e-01	-2.384948044098422482e-01	9.007212814412092483e-02	-8.651595691711558289e-02	9.142450831076917583e-02	-1.302267597387950782e-01	1.055873102190300339e-01	-1.072363232181680892e-01	9.610876607728342791e-02	-6.005628711109535500e-02	6.718494039979237831e-02	-6.641782276172158994e-02	2.088750127729786105e-02	-1.733442217001629829e-02	5.447407038831664217e-02	-3.862190047107853796e-02	4.969106825424148000e-02	-1.938579099933453523e-02	1.649986339231210991e-02
2.369976837881166420e-01	-9.415883834989835499e-02	8.898825680902583413e-02	-8.622840753210452014e-02	8.799580241752795462e-02	-1.805877846675477127e-01	1.373829540260735893e-01	-1.349586324028263229e-01	1.266353626206324634e-01	-1.003613431464164124e-01	2.476142757659507143e-01	-2.000846516095627914e-01	1.794425620017897072e-01	-1.216267405326135059e-01	9.686962088352622791e-02	-5.371727561916589400e-01	9.999999999999980016e-01	-4.458788532102385682e-01	9.687444381957012463e-02	-1.014726596541101061e-01	8.069890926458772595e-02	-5.967799598641324588e-01	2.802468324940520783e-01	-8.949881104103334095e-02	8.313820888453320179e-02	-7.287639591249454873e-02	1.262123829832486333e-01	-1.092413848491782108e-01	9.696481511849208701e-02	-8.865536955567780708e-02	5.090937485817759872e-02	-6.400922786160524736e-02	6.353085516464987426e-02	-1.901699858549126682e-02	1.573968490013196928e-02	-4.657379414185958133e-02	3.347347364861026631e-02	-4.318393464556666284e-02	1.745652991130555720e-02	-1.480548526917153072e-02
-2.515629932937838431e-01	1.093047656129860906e-01	-1.068975425545052454e-01	1.026412010721240026e-01	-1.064836468609819814e-01	1.742137692674230742e-01	-1.624794398153836805e-01	1.704273033472911425e-01	-1.569455059272050201e-01	1.230280914263282288e-01	-2.158425739132586452e-01	2.400482375224509690e-01	-3.441196833132483257e-01	1.616604556608643162e-01	-1.294050427920872826e-01	2.375479986592322901e-01	-4.458788532102385682e-01	9.999999999999958922e-01	-1.607801705948259663e-01	1.439279799847776320e-01	-7.999417214981842383e-02	3.063032643171184066e-01	-6.550982152626446675e-01	1.299280250069270171e-01	-1.217968189871828782e-01	7.247262196022298542e-02	-1.823750868707669226e-01	1.606742696629230582e-01	-1.300881106221097594e-01	1.154246039376509991e-01	-6.008156501684838724e-02	8.438151878342439738e-02	-8.831726783597895758e-02	2.445244782586683194e-02	-2.025551167489356846e-02	5.422103333553124349e-02	-4.044287619291193209e-02	5.171131573180383356e-02	-2.220588388098013871e-02	1.868206110828359717e-02
1.465492521087429501e-01	-7.298641998345373194e-02	7.109422113435814872e-02	-8.832453515356782081e-02	1.036615065961874332e-01	-9.948611239849228238e-02	9.590329291152122071e-02	-1.028891533630079541e-01	1.413496766719070652e-01	-1.443654158164299761e-01	9.505551681981194712e-02	-1.283187221047299986e-01	1.300225616472883428e-01	-3.620232355181107753e-01	2.293289877725523951e-01	-9.792494776911962739e-02	9.687444381957012463e-02	-1.607801705948259663e-01	9.999999999999973355e-01	-8.067092862020318611e-01	3.802336801496688373e-02	-1.162283251765710151e-01	1.380281860378899661e-01	-2.966359206264345127e-01	2.123747445918504895e-01	-3.484139300832377745e-02	8.047003599990278089e-02	-6.840002645576954976e-02	1.124034568175207860e-01	-1.080410168041558289e-01	3.100833477406523056e-02	-4.070103502725523625e-02	4.086270498840506582e-02	-1.368446323893072157e-02	1.188438031546560671e-02	-2.811685799993195178e-02	2.123381356026537298e-02	-2.717175401580505106e-02	1.234384627498119960e-02	-1.084353783949383761e-02
-1.754027822034393003e-01	8.308570382355795481e-02	-8.197397946077845943e-02	1.036197570787560224e-01	-1.276685792528000352e-01	1.105932948778251546e-01	-1.085753871571552287e-01	1.129038794916829430e-01	-1.729786302889708693e-01	1.649017721408126136e-01	-1.047445108699987110e-01	1.318141998758305955e-01	-1.343868022930004014e-01	2.666866595353842295e-01	-3.168446737939646374e-01	1.041070717769704279e-01	-1.014726596541101061e-01	1.439279799847776320e-01	-8.067092862020318611e-01	1.000000000000000444e+00	-4.279323618939034901e-02	1.216262567852449406e-01	-1.459139587984067399e-01	2.217494825230319766e-01	-2.575900991537106166e-01	3.898332197467829774e-02	-9.165136243120332316e-02	7.582661885552949288e-02	-1.331259416597831702e-01	1.190031183250362667e-01	-3.518889809858623263e-02	4.559359226736840742e-02	-4.603585802398395266e-02	1.549286288588331423e-02	-1.346936522414945124e-02	3.172420849098277207e-02	-2.407172167300029517e-02	3.068541606123219301e-02	-1.400236245871028067e-02	1.227490143567165626e-02
9.925318679486566653e-02	-3.754458979513388556e-02	3.465473654576521623e-02	-3.545042595679625402e-02	3.587165546273871075e-02	-6.803970449251109387e-02	5.077321644103179737e-02	-4.918059200096416145e-02	4.993935568127862851e-02	-4.150056951592182020e-02	7.908746608034859793e-02	-6.692024529078466344e-02	5.619159244881376247e-02	-4.847090391562081796e-02	3.871426736625795118e-02	-1.095069268713865229e-01	8.069890926458772595e-02	-7.999417214981842383e-02	3.802336801496688373e-02	-4.279323618939034901e-02	1.000000000000000666e+00	-1.178136974718680258e-01	9.101963650420333285e-02	-4.705741649182366287e-02	4.303805156561042733e-02	-9.265575462823408825e-01	1.477418258680850971e-01	-1.197931743090530216e-01	7.731934894196416941e-02	-7.883610390725651063e-02	1.748553956346812210e-01	-1.089844781908652499e-01	9.033414346736247380e-02	-3.283638068379471364e-02	2.549800382726504291e-02	-1.742251832328291783e-01	8.758080260332096190e-02	-1.199081913135085220e-01	3.202764170503503982e-02	-2.720906231875199963e-02
-3.666023764305382793e-01	1.197697484583657990e-01	-1.143653249797021293e-01	1.116352019637698312e-01	-1.162447814147951897e-01	2.061669529391429445e-01	-1.692618036637183743e-01	1.582254286969329293e-01	-1.650087357985229319e-01	1.274637970309663026e-01	-2.887130976898559243e-01	2.101773414601043610e-01	-1.990361211540093711e-01	1.463186938229986134e-01	-1.218994249167151822e-01	2.903271727406835923e-01	-5.967799598641324588e-01	3.063032643171184066e-01	-1.162283251765710151e-01	1.216262567852449406e-01	-1.178136974718680258e-01	9.999999999999987788e-01	-4.742633224714012941e-01	1.213987510516170709e-01	-1.174482743134063201e-01	1.000137200290059786e-01	-2.045118093841759577e-01	1.630485255701934755e-01	-1.458183395522148762e-01	1.269569820841015551e-01	-7.524646714567567729e-02	9.457831562605080455e-02	-9.644807086519104067e-02	2.818970401064189307e-02	-2.335977304665942320e-02	6.736849661514761334e-02	-4.932775999107970322e-02	6.287294357438436010e-02	-2.590092799670061507e-02	2.183710227882077609e-02
2.269891514919609166e-01	-1.039436894337490425e-01	9.761473484453118965e-02	-9.823842148368266969e-02	9.969956300236178237e-02	-1.722266467129583423e-01	1.450856881715172075e-01	-1.562926962450724433e-01	1.425259182562060301e-01	-1.197498777297024419e-01	1.901140208775595475e-01	-2.368924812616358400e-01	2.149015261123791709e-01	-1.565810694074195597e-01	1.198573635190362252e-01	-2.384948044098422482e-01	2.802468324940520783e-01	-6.550982152626446675e-01	1.380281860378899661e-01	-1.459139587984067399e-01	9.101963650420333285e-02	-4.742633224714012941e-01	9.999999999999991118e-01	-1.767698010580179835e-01	1.406734135234267158e-01	-8.624365240997718118e-02	2.153896971363402912e-01	-2.768733338632179963e-01	1.524231831211892707e-01	-1.461657966375096152e-01	7.277209448246121926e-02	-1.155670420314914848e-01	1.154513989188795248e-01	-3.110485111567330013e-02	2.544294631818338343e-02	-6.727230986421955938e-02	4.992263379630042935e-02	-6.487125694623427363e-02	2.787383496053570317e-02	-2.346859100872772386e-02
-1.311355133996457700e-01	5.736089267586244600e-02	-5.482250276339278861e-02	6.326876305021231217e-02	-7.081389413732842864e-02	8.499190654609004025e-02	-7.543130365493523615e-02	7.772291427662188223e-02	-9.685977165661444066e-02	8.831776318482062460e-02	-8.344666057772916201e-02	1.000963733853042908e-01	-9.433263110499275073e-02	1.401518585285916330e-01	-1.165477986085430157e-01	9.007212814412092483e-02	-8.949881104103334095e-02	1.299280250069270171e-01	-2.966359206264345127e-01	2.217494825230319766e-01	-4.705741649182366287e-02	1.213987510516170709e-01	-1.767698010580179835e-01	9.999999999999967804e-01	-8.458331257404658743e-01	4.308171088823090078e-02	-1.167826957782584357e-01	9.960040717039940483e-02	-2.374145068344227505e-01	2.133581578064593920e-01	-4.085356397742306162e-02	5.685467200722933712e-02	-5.819328414194498839e-02	2.071769685668062647e-02	-1.862070439036186964e-02	3.665585983310625656e-02	-2.839733208111021659e-02	3.601358665104791024e-02	-1.837522766742909208e-02	1.648151769897066021e-02
1.186114422391841977e-01	-5.438089021458190897e-02	5.151760805235700014e-02	-6.014583639783374625e-02	6.618451026071414667e-02	-8.115167759273916870e-02	7.087877317024623980e-02	-7.397964211193568118e-02	9.009661754420290880e-02	-8.609015122891332250e-02	7.824382716834137053e-02	-9.720501584339882872e-02	8.831159686056568037e-02	-1.396508339253787201e-01	1.097367306061151071e-01	-8.651595691711558289e-02	8.313820888453320179e-02	-1.217968189871828782e-01	2.123747445918504895e-01	-2.575900991537106166e-01	4.303805156561042733e-02	-1.174482743134063201e-01	1.406734135234267158e-01	-8.458331257404658743e-01	9.999999999999971134e-01	-3.980245819918557665e-02	1.031241559807277441e-01	-9.070566594075857303e-02	2.122611841764657226e-01	-3.120326272009460444e-01	3.766393425150407065e-02	-5.265083136081963322e-02	5.292161189149981876e-02	-2.018816240602238493e-02	1.865664198007275024e-02	-3.416722486738180131e-02	2.636735159433639675e-02	-3.368877221317493481e-02	1.762700949537420597e-02	-1.640334563232546256e-02
-9.573056157852688486e-02	3.455743131538454443e-02	-3.206527813589619275e-02	3.264136504929016774e-02	-3.323537050469841519e-02	6.146249012553398755e-02	-4.680357579255826905e-02	4.497613633567923430e-02	-4.629115224340445145e-02	3.804746456457865772e-02	-7.354343340238300719e-02	6.053046243343933319e-02	-5.160237239224765848e-02	4.422438856059873746e-02	-3.561050264420427547e-02	9.142450831076917583e-02	-7.287639591249454873e-02	7.247262196022298542e-02	-3.484139300832377745e-02	3.898332197467829774e-02	-9.265575462823408825e-01	1.000137200290059786e-01	-8.624365240997718118e-02	4.308171088823090078e-02	-3.980245819918557665e-02	9.999999999999975575e-01	-1.751629113566532392e-01	1.155616973655842206e-01	-7.451489781948719693e-02	7.193504793037631961e-02	-2.147422797714835241e-01	1.034440027140576812e-01	-8.977477669119672543e-02	2.984773151599847199e-02	-2.338522189939206894e-02	1.519677276025778734e-01	-7.993287433971070499e-02	1.022269690072180603e-01	-2.896131911263378350e-02	2.427917926725240219e-02
1.427509879876378285e-01	-6.232109837763528254e-02	5.752793645452863175e-02	-6.055099297008327552e-02	6.129656450722850702e-02	-1.048527529751766413e-01	8.301735445895741528e-02	-8.539309594576909024e-02	8.524598552076004254e-02	-7.394394221943247081e-02	1.066046422404365313e-01	-1.219168110591134779e-01	1.033135153254888111e-01	-9.271206025837548659e-02	7.220839225461234134e-02	-1.302267597387950782e-01	1.262123829832486333e-01	-1.823750868707669226e-01	8.047003599990278089e-02	-9.165136243120332316e-02	1.477418258680850971e-01	-2.045118093841759577e-01	2.153896971363402912e-01	-1.167826957782584357e-01	1.031241559807277441e-01	-1.751629113566532392e-01	9.999999999999993339e-01	-7.622760959255248103e-01	2.145031824709854040e-01	-2.354993318300233063e-01	1.401803223876636473e-01	-3.189245190799653851e-01	2.530963994588001365e-01	-6.194362006111107932e-02	4.865902902930464152e-02	-1.358181073200317723e-01	9.773140293110883781e-02	-1.313090950471567098e-01	5.424478673590673455e-02	-4.514644413187361704e-02
-1.229029000268307831e-01	5.155976173403612611e-02	-4.805682361626516935e-02	5.005432001427216615e-02	-5.118082955231696707e-02	8.548396812900081743e-02	-6.945068536938327208e-02	7.096755409787935953e-02	-7.153859913712536100e-02	6.090849662361939865e-02	-8.969648391883243421e-02	1.000595814074290019e-01	-8.898087453785805123e-02	7.651172613427038860e-02	-6.038831052937111005e-02	1.055873102190300339e-01	-1.092413848491782108e-01	1.606742696629230582e-01	-6.840002645576954976e-02	7.582661885552949288e-02	-1.197931743090530216e-01	1.630485255701934755e-01	-2.768733338632179963e-01	9.960040717039940483e-02	-9.070566594075857303e-02	1.155616973655842206e-01	-7.622760959255248103e-01	9.999999999999975575e-01	-2.737206468200611975e-01	1.963811575464048664e-01	-1.166663297419600759e-01	2.469098232490443134e-01	-3.666035071987371330e-01	5.870132189081832957e-02	-4.635516045850924388e-02	1.034149164591392639e-01	-8.147690389051112647e-02	1.036847718623507275e-01	-5.072809411248905415e-02	4.009960894748110932e-02
1.402668231317281688e-01	-6.067320444051925443e-02	5.601472650747674892e-02	-6.231619678765906722e-02	6.470454839753773946e-02	-9.789301322686518037e-02	7.820072553889140243e-02	-8.009743290133174154e-02	8.813109633282084632e-02	-7.999148916177079016e-02	9.242216843731856923e-02	-1.077425492496672799e-01	9.161692750652052075e-02	-1.070161572119788518e-01	8.407919560375327894e-02	-1.072363232181680892e-01	9.696481511849208701e-02	-1.300881106221097594e-01	1.124034568175207860e-01	-1.331259416597831702e-01	7.731934894196416941e-02	-1.458183395522148762e-01	1.524231831211892707e-01	-2.374145068344227505e-01	2.122611841764657226e-01	-7.451489781948719693e-02	2.145031824709854040e-01	-2.737206468200611975e-01	9.999999999999984457e-01	-8.442030461255309870e-01	7.817306486926085818e-02	-1.280530969948746323e-01	1.235326841096008044e-01	-5.181907980485720572e-02	4.712180291045944824e-02	-7.304541977771428218e-02	5.698936933819249984e-02	-7.436671760003377152e-02	4.317992449063652594e-02	-4.117205136236985752e-02
-1.461817244359624457e-01	5.698289131335419061e-02	-5.318618289451347569e-02	5.859193327990674938e-02	-6.212409130487785147e-02	8.994793784326104991e-02	-7.361088438456775407e-02	7.413821457886478339e-02	-8.464657567778563485e-02	7.407327565388567570e-02	-8.665467896532041969e-02	9.679068165872520280e-02	-8.485883108430736232e-02	9.711260541809751956e-02	-7.961510414843431249e-02	9.610876607728342791e-02	-8.865536955567780708e-02	1.154246039376509991e-01	-1.080410168041558289e-01	1.190031183250362667e-01	-7.883610390725651063e-02	1.269569820841015551e-01	-1.461657966375096152e-01	2.133581578064593920e-01	-3.120326272009460444e-01	7.193504793037631961e-02	-2.354993318300233063e-01	1.963811575464048664e-01	-8.442030461255309870e-01	9.999999999999990008e-01	-7.394268328961044190e-02	1.084302668289345434e-01	-1.141039245837343757e-01	4.912314336243185642e-02	-4.899292656161830656e-02	6.538328959635061888e-02	-5.264131502080458824e-02	6.595465773566061563e-02	-4.189826022803047612e-02	4.019374715645619017e-02
7.708875053363956065e-02	-2.895228830629585290e-02	2.655954387689695231e-02	-2.782057029056475908e-02	2.812117672357375420e-02	-4.962295649501533706e-02	3.776983682972368667e-02	-3.741275859431529571e-02	3.869189794928481335e-02	-3.283818487752653004e-02	5.022812380725828751e-02	-5.028713187609468172e-02	4.219630766063724864e-02	-3.860039897087825383e-02	3.070444877800453110e-02	-6.005628711109535500e-02	5.090937485817759872e-02	-6.008156501684838724e-02	3.100833477406523056e-02	-3.518889809858623263e-02	1.748553956346812210e-01	-7.524646714567567729e-02	7.277209448246121926e-02	-4.085356397742306162e-02	3.766393425150407065e-02	-2.147422797714835241e-01	1.401803223876636473e-01	-1.166663297419600759e-01	7.817306486926085818e-02	-7.394268328961044190e-02	9.999999999999981126e-01	-2.757026872326668321e-01	1.853928473709084701e-01	-7.340570190806601503e-02	5.475534767509369904e-02	-7.969364011751632892e-01	2.596082644846116061e-01	-3.406492354520465060e-01	7.457844761874446449e-02	-6.225111933217215149e-02
-8.551148990324276833e-02	3.363619890245218153e-02	-3.118125046342495182e-02	3.261138373172045579e-02	-3.329770893678744847e-02	5.615424775625701970e-02	-4.458382534720126134e-02	4.478871950163322568e-02	-4.616321410868320235e-02	3.913426685848071795e-02	-5.777729978496832369e-02	6.148653011145126246e-02	-5.334832431853246681e-02	4.761437142975566417e-02	-3.790168544108622056e-02	6.718494039979237831e-02	-6.400922786160524736e-02	8.438151878342439738e-02	-4.070103502725523625e-02	4.559359226736840742e-02	-1.089844781908652499e-01	9.457831562605080455e-02	-1.155670420314914848e-01	5.685467200722933712e-02	-5.265083136081963322e-02	1.034440027140576812e-01	-3.189245190799653851e-01	2.469098232490443134e-01	-1.280530969948746323e-01	1.084302668289345434e-01	-2.757026872326668321e-01	9.999999999999978906e-01	-8.187301369700560327e-01	1.034972652629916473e-01	-8.196608607306556105e-02	1.832361149623873420e-01	-1.642371265114429824e-01	1.755151041742217810e-01	-9.234870714958509641e-02	6.658844604260802380e-02
8.089078733665666654e-02	-3.293043595423923720e-02	3.046218511311836810e-02	-3.195611421355761678e-02	3.251909380020311796e-02	-5.510076356560196509e-02	4.365632521722255521e-02	-4.427965147140696528e-02	4.510932877395414792e-02	-3.859167196588206977e-02	5.613463613584236678e-02	-6.158041511615518909e-02	5.298694863369317332e-02	-4.747628224757681481e-02	3.747441389081480195e-02	-6.641782276172158994e-02	6.353085516464987426e-02	-8.831726783597895758e-02	4.086270498840506582e-02	-4.603585802398395266e-02	9.033414346736247380e-02	-9.644807086519104067e-02	1.154513989188795248e-01	-5.819328414194498839e-02	5.292161189149981876e-02	-8.977477669119672543e-02	2.530963994588001365e-01	-3.666035071987371330e-01	1.235326841096008044e-01	-1.141039245837343757e-01	1.853928473709084701e-01	-8.187301369700560327e-01	9.999999999999978906e-01	-1.273964515965427535e-01	8.468207103729749607e-02	-1.747076247798221571e-01	1.435291709674188787e-01	-1.979641769489277614e-01	9.544306075907067755e-02	-7.140242489876641452e-02
-2.813593691160034757e-02	1.084736588083255911e-02	-1.001119335661239916e-02	1.060001547093487352e-02	-1.083649727099267844e-02	1.805767433814036912e-02	-1.416598433618902579e-02	1.420431712873342772e-02	-1.491080737089758509e-02	1.278096516597309121e-02	-1.799632003175263145e-02	1.920602254546709131e-02	-1.641116734187679504e-02	1.558852039866124965e-02	-1.242375125374217508e-02	2.088750127729786105e-02	-1.901699858549126682e-02	2.445244782586683194e-02	-1.368446323893072157e-02	1.549286288588331423e-02	-3.283638068379471364e-02	2.818970401064189307e-02	-3.110485111567330013e-02	2.071769685668062647e-02	-2.018816240602238493e-02	2.984773151599847199e-02	-6.194362006111107932e-02	5.870132189081832957e-02	-5.181907980485720572e-02	4.912314336243185642e-02	-7.340570190806601503e-02	1.034972652629916473e-01	-1.273964515965427535e-01	9.999999999999976685e-01	-6.513664860678940460e-01	6.210430362772198509e-02	-9.446528319779144700e-02	1.105043475622114468e-01	-6.541013707865193094e-01	3.314173061901204420e-01
2.346445640188694545e-02	-9.098485319447667877e-03	8.396358955146293254e-03	-8.929069613782968443e-03	9.144327836940748314e-03	-1.510169647751910538e-02	1.185850107644776698e-02	-1.190548211362256817e-02	1.256664212842104923e-02	-1.081561570461957340e-02	1.494944660329138551e-02	-1.606784972365043335e-02	1.371548103006154512e-02	-1.327669494982661701e-02	1.058722037835076527e-02	-1.733442217001629829e-02	1.573968490013196928e-02	-2.025551167489356846e-02	1.188438031546560671e-02	-1.346936522414945124e-02	2.549800382726504291e-02	-2.335977304665942320e-02	2.544294631818338343e-02	-1.862070439036186964e-02	1.865664198007275024e-02	-2.338522189939206894e-02	4.865902902930464152e-02	-4.635516045850924388e-02	4.712180291045944824e-02	-4.899292656161830656e-02	5.475534767509369904e-02	-8.196608607306556105e-02	8.468207103729749607e-02	-6.513664860678940460e-01	9.999999999999974465e-01	-4.827945579037409146e-02	6.705839512160652327e-02	-8.422355112265061949e-02	3.307080987715705911e-01	-6.720852754766470927e-01
-7.424608619542781562e-02	2.664043954473130013e-02	-2.452677735580951340e-02	2.554767294173607498e-02	-2.595552560726431882e-02	4.529890033460538118e-02	-3.477690636138043578e-02	3.420820987793468659e-02	-3.571408022382621672e-02	2.999445036884681309e-02	-4.660114932454993003e-02	4.555968991335758445e-02	-3.860059268813669647e-02	3.503355270643919439e-02	-2.807170330578152156e-02	5.447407038831664217e-02	-4.657379414185958133e-02	5.422103333553124349e-02	-2.811685799993195178e-02	3.172420849098277207e-02	-1.742251832328291783e-01	6.736849661514761334e-02	-6.727230986421955938e-02	3.665585983310625656e-02	-3.416722486738180131e-02	1.519677276025778734e-01	-1.358181073200317723e-01	1.034149164591392639e-01	-7.304541977771428218e-02	6.538328959635061888e-02	-7.969364011751632892e-01	1.832361149623873420e-01	-1.747076247798221571e-01	6.210430362772198509e-02	-4.827945579037409146e-02	9.999999999999977796e-01	-4.234303325489694458e-01	2.715511440771521956e-01	-6.528255188476386750e-02	5.196400971104067623e-02
5.278333113101502105e-02	-1.949954616561514267e-02	1.791101569663129667e-02	-1.879595899055553493e-02	1.905832736510136224e-02	-3.301575475723589337e-02	2.534044768411191501e-02	-2.513908786630168757e-02	2.618559468282046290e-02	-2.222263330587031377e-02	3.300328865933173372e-02	-3.366950147217756539e-02	2.839078546758113872e-02	-2.618320767484898226e-02	2.087250532344861464e-02	-3.862190047107853796e-02	3.347347364861026631e-02	-4.044287619291193209e-02	2.123381356026537298e-02	-2.407172167300029517e-02	8.758080260332096190e-02	-4.932775999107970322e-02	4.992263379630042935e-02	-2.839733208111021659e-02	2.636735159433639675e-02	-7.993287433971070499e-02	9.773140293110883781e-02	-8.147690389051112647e-02	5.698936933819249984e-02	-5.264131502080458824e-02	2.596082644846116061e-01	-1.642371265114429824e-01	1.435291709674188787e-01	-9.446528319779144700e-02	6.705839512160652327e-02	-4.234303325489694458e-01	9.999999999999982236e-01	-8.306799213225468659e-01	1.065787380913782861e-01	-8.736766896988375219e-02
-7.046635634005829485e-02	2.527778579466082726e-02	-2.326287342691644999e-02	2.432321624567966925e-02	-2.473225415819745726e-02	4.262126662015992828e-02	-3.284651735043132847e-02	3.244011585188923824e-02	-3.397722742144870800e-02	2.864034757101590820e-02	-4.296000431261755986e-02	4.317975648614441608e-02	-3.661110422647264467e-02	3.357486979229881013e-02	-2.688957155572783975e-02	4.969106825424148000e-02	-4.318393464556666284e-02	5.171131573180383356e-02	-2.717175401580505106e-02	3.068541606123219301e-02	-1.199081913135085220e-01	6.287294357438436010e-02	-6.487125694623427363e-02	3.601358665104791024e-02	-3.368877221317493481e-02	1.022269690072180603e-01	-1.313090950471567098e-01	1.036847718623507275e-01	-7.436671760003377152e-02	6.595465773566061563e-02	-3.406492354520465060e-01	1.755151041742217810e-01	-1.979641769489277614e-01	1.105043475622114468e-01	-8.422355112265061949e-02	2.715511440771521956e-01	-8.306799213225468659e-01	9.999999999999982236e-01	-1.513009989471207906e-01	1.005948373274451191e-01
2.622347254635742919e-02	-1.004050484669289679e-02	9.253853498120634402e-03	-9.789799439981788920e-03	9.988686733635010473e-03	-1.676816570978546458e-02	1.308814467711490702e-02	-1.310367865771175540e-02	1.373530086286907023e-02	-1.176636062002563848e-02	1.667012408321706662e-02	-1.768819092209540644e-02	1.505328375446173678e-02	-1.426532653695122659e-02	1.136075400062057199e-02	-1.938579099933453523e-02	1.745652991130555720e-02	-2.220588388098013871e-02	1.234384627498119960e-02	-1.400236245871028067e-02	3.202764170503503982e-02	-2.590092799670061507e-02	2.787383496053570317e-02	-1.837522766742909208e-02	1.762700949537420597e-02	-2.896131911263378350e-02	5.424478673590673455e-02	-5.072809411248905415e-02	4.317992449063652594e-02	-4.189826022803047612e-02	7.457844761874446449e-02	-9.234870714958509641e-02	9.544306075907067755e-02	-6.541013707865193094e-01	3.307080987715705911e-01	-6.528255188476386750e-02	1.065787380913782861e-01	-1.513009989471207906e-01	9.999999999999982236e-01	-6.495220120484874737e-01
