1.000000000000000222e+00	-9.002711105995738761e-01	1.975932828694758059e-01	-1.290508310621960864e-01	8.520905176231713396e-02	-2.829725727084361209e-01	1.856871265477932909e-01	-1.725894515993197931e-01	1.407306164760481204e-01	-1.168121817829528980e-01	9.922246338372213426e-02	-1.526475608050970600e-01	1.136302937769598509e-01	-8.320275706516047642e-02	6.534576806705773289e-02	-7.903885063203694439e-02	8.655847113495190870e-02	-8.304126096276953639e-02	7.879812184028552047e-02	-6.453378108614904463e-02	2.783528160045662184e-02	-3.657929607588655818e-02	4.872992700870530658e-02	-4.071968865483144295e-02	2.674325430434849882e-02	-2.127487253894319585e-02	3.733745361502295579e-02	-4.880624134733231589e-02	4.665033290846735264e-02	-2.428803122912673307e-02	1.571749143648867864e-02	-3.296166502711020407e-02	2.610722004665627996e-02	-2.579294790211106650e-02	3.012144142464506791e-02	-1.680357489740525248e-02	9.420565756980506592e-03	-1.043910389132773550e-02	8.538191123048360226e-03	-8.150571333196786686e-03
-9.002711105995738761e-01	1.000000000000000222e+00	-2.616909935828014011e-01	1.278382163072174504e-01	-8.825556819756041893e-02	2.136233313096253250e-01	-2.058232297508253150e-01	1.665568994546258452e-01	-1.479015068910222441e-01	1.115725253709752701e-01	-1.005340775860199126e-01	1.421126236501634443e-01	-1.159419234147810868e-01	8.276638532867978959e-02	-6.609221075594155781e-02	7.716500628842189180e-02	-8.722204849684939143e-02	8.171604425790893189e-02	-8.067996240174546418e-02	6.424152818909133200e-02	-2.794184174520383812e-02	3.650523754687540895e-02	-4.879817456349583304e-02	4.122967318328887160e-02	-2.707399034875935390e-02	2.128991997741679423e-02	-3.749521082537269484e-02	4.832796912844870840e-02	-4.753362029669004618e-02	2.449545122647690462e-02	-1.572552402299666127e-02	3.271616784997777305e-02	-2.603231435884728953e-02	2.602355744953392669e-02	-3.052434194102176049e-02	1.675876217937930651e-02	-9.376931899739014004e-03	1.037910201152133366e-02	-8.622491292083034331e-03	8.218675996259736105e-03
1.975932828694758059e-01	-2.616909935828014011e-01	9.999999999999995559e-01	-5.574126145073620142e-01	2.521834612296782185e-01	-2.891813854238338144e-01	2.253307946713152266e-01	-4.893880098814690771e-01	2.999901340179671472e-01	-3.395219789324374626e-01	1.505714891776000208e-01	-2.434640665293353878e-01	2.110954251289057781e-01	-1.720451224684101943e-01	1.320686736567996955e-01	-1.346975306196305233e-01	1.438399845735855165e-01	-1.558379290386870397e-01	1.444054820135038109e-01	-1.291854816527955307e-01	4.940805487086551151e-02	-6.589751082900995038e-02	8.812310855070644433e-02	-7.495547790817949640e-02	5.005557519474258116e-02	-3.801389565648251312e-02	6.652123726738454201e-02	-9.030294308531776337e-02	8.494745564342147393e-02	-4.570968261424691176e-02	2.820671039835837696e-02	-6.096469921024615102e-02	4.795004971536892535e-02	-4.726545682620424127e-02	5.481977714238268212e-02	-3.033465839191534438e-02	1.731346608751888755e-02	-1.922391767145978023e-02	1.553880969267432133e-02	-1.486961780585671980e-02
-1.290508310621960864e-01	1.278382163072174504e-01	-5.574126145073620142e-01	1.000000000000000000e+00	-6.050071570196539072e-01	1.657251941075048030e-01	-1.375403596501290626e-01	2.297346173247786505e-01	-3.821771256430842589e-01	3.140457880774548127e-01	-1.087613558605478037e-01	1.549600692304356764e-01	-1.559906188440567942e-01	1.448597559829171988e-01	-1.207490847869523987e-01	9.420994715876902792e-02	-1.044094492418809889e-01	1.089974077395483160e-01	-1.275664017822225604e-01	1.075544651118624795e-01	-3.835721000119579616e-02	5.013346502372847957e-02	-6.788167672529091257e-02	6.301831939548439843e-02	-4.276929597239653019e-02	2.930270333295695653e-02	-5.169521313472551227e-02	6.844309701834208615e-02	-7.298210021647597023e-02	3.854821453410905985e-02	-2.191177905581468896e-02	4.698111345325275273e-02	-3.742775665950732328e-02	3.905240027060818270e-02	-4.594004288321244800e-02	2.339238311329070938e-02	-1.345593449923392429e-02	1.489695952447543312e-02	-1.283593723978241827e-02	1.222782710319006427e-02
8.520905176231713396e-02	-8.825556819756041893e-02	2.521834612296782185e-01	-6.050071570196539072e-01	1.000000000000000000e+00	-1.326426323781336458e-01	1.030572379516589698e-01	-1.724357218339963860e-01	2.494234173700130841e-01	-6.928639623912895562e-01	8.461943279682339336e-02	-1.254150478380968714e-01	1.185538189344799015e-01	-1.246175483239491955e-01	1.093087667211362218e-01	-7.560686494782893619e-02	8.167888124057948174e-02	-8.702358232562709683e-02	1.023472557056383792e-01	-9.575150280677723058e-02	3.054808741102493092e-02	-4.010593825390855460e-02	5.415712688098604094e-02	-5.093825514360259682e-02	3.520879086031149935e-02	-2.340787530724084894e-02	4.117697615929913346e-02	-5.543699349671105114e-02	5.843756676327227506e-02	-3.191692430060442953e-02	1.754799952265495566e-02	-3.810731430807793446e-02	3.022120022684483126e-02	-3.147929532999430013e-02	3.683850129384341060e-02	-1.879556224621611524e-02	1.088390677608393198e-02	-1.206413842282164084e-02	1.030284985558806501e-02	-9.832445774486376494e-03
-2.829725727084361209e-01	2.136233313096253250e-01	-2.891813854238338144e-01	1.657251941075048030e-01	-1.326426323781336458e-01	9.999999999999996669e-01	-6.886610273209341493e-01	2.954047219904005761e-01	-3.073306065190238856e-01	1.641733054555964411e-01	-2.612330925515319868e-01	2.932379939100125954e-01	-2.571396626279361386e-01	1.650784520630458330e-01	-1.358958501370290950e-01	1.728635278705426270e-01	-2.035552670490823890e-01	1.724431003741646318e-01	-1.773137681464588000e-01	1.301103913411099100e-01	-6.151924920487192305e-02	7.928344024598994733e-02	-1.061738752107594663e-01	8.934304592928538069e-02	-5.803641052875018608e-02	4.652393933782463659e-02	-8.240951332372366267e-02	1.020170047930104434e-01	-1.042781270553944234e-01	5.212089982897247925e-02	-3.417588323022424657e-02	6.913947443673802706e-02	-5.556620903488371926e-02	5.626125008178578524e-02	-6.656512244191534200e-02	3.615818291958581426e-02	-1.994919431797292572e-02	2.202431488002482701e-02	-1.872041660299886279e-02	1.778830216939528835e-02
1.856871265477932909e-01	-2.058232297508253150e-01	2.253307946713152266e-01	-1.375403596501290626e-01	1.030572379516589698e-01	-6.886610273209341493e-01	9.999999999999996669e-01	-4.509681058255196051e-01	2.293301081716855871e-01	-1.344723519768904196e-01	1.926965314001968521e-01	-4.314795843603539405e-01	2.164114213491186989e-01	-1.338505304107652227e-01	1.041062859874515439e-01	-1.422646083118075389e-01	1.664257699549274161e-01	-1.491959481616103589e-01	1.300461216389899310e-01	-1.011297776022366812e-01	4.718222838088635684e-02	-6.246824172988395263e-02	8.312107896201545443e-02	-6.706837582523059171e-02	4.340095633986050527e-02	-3.594289898477075890e-02	6.335361468380582006e-02	-8.069846146435262491e-02	7.703687983283637186e-02	-3.923906970283754653e-02	2.617580985890885503e-02	-5.400781655590294883e-02	4.304605071643220066e-02	-4.232515257353154647e-02	4.958846030508086422e-02	-2.787183144593720005e-02	1.544750440307023770e-02	-1.709234633368439740e-02	1.399999659626847970e-02	-1.334425488771606369e-02
-1.725894515993197931e-01	1.665568994546258452e-01	-4.893880098814690771e-01	2.297346173247786505e-01	-1.724357218339963860e-01	2.954047219904005761e-01	-4.509681058255196051e-01	1.000000000000000222e+00	-4.589051099687604940e-01	2.135315846071993984e-01	-1.919776134456250838e-01	2.731973991086020237e-01	-3.970634060862606729e-01	2.018996202569741383e-01	-1.526985146311220787e-01	1.578524316168574970e-01	-1.908119572733395219e-01	1.995128125115232243e-01	-1.748381383094259056e-01	1.422776082036626144e-01	-5.948939388717854049e-02	7.959467063309791368e-02	-1.083968911676056746e-01	8.918784373155214107e-02	-5.850881827029524168e-02	4.544777913971299182e-02	-8.050216774393967323e-02	1.050829645161926451e-01	-1.020458577433122904e-01	5.292047127474328733e-02	-3.323637961636648208e-02	7.036908744025548168e-02	-5.603969970119258154e-02	5.568410080354110198e-02	-6.511868469689760519e-02	3.545502587075657908e-02	-2.004103484846964101e-02	2.219004808041152854e-02	-1.828756780239151544e-02	1.744283837084498190e-02
1.407306164760481204e-01	-1.479015068910222441e-01	2.999901340179671472e-01	-3.821771256430842589e-01	2.494234173700130841e-01	-3.073306065190238856e-01	2.293301081716855871e-01	-4.589051099687604940e-01	9.999999999999998890e-01	-4.495820814798576204e-01	1.777143428802365754e-01	-2.892768594133891535e-01	2.567461495313254072e-01	-3.531839852049398210e-01	2.091762259250156686e-01	-1.678761205041769400e-01	1.746102242753865830e-01	-1.954716332899701092e-01	2.016690020915014592e-01	-2.036618350448867742e-01	6.416106762619644410e-02	-8.564681099492454930e-02	1.148005237972677117e-01	-1.037207242194272683e-01	7.157700635957528479e-02	-4.952867984595632489e-02	8.650848563326407614e-02	-1.203533064193895163e-01	1.164623246340672075e-01	-6.576340452765341849e-02	3.707376871168126253e-02	-8.206330429144474692e-02	6.427583113862160580e-02	-6.457913621998380427e-02	7.454248230916465934e-02	-4.003629017250866923e-02	2.325324721560449379e-02	-2.585449190189819182e-02	2.105557221454183031e-02	-2.018751533227067241e-02
-1.168121817829528980e-01	1.115725253709752701e-01	-3.395219789324374626e-01	3.140457880774548127e-01	-6.928639623912895562e-01	1.641733054555964411e-01	-1.344723519768904196e-01	2.135315846071993984e-01	-4.495820814798576204e-01	9.999999999999997780e-01	-1.198493423116087919e-01	1.634940977925684047e-01	-1.710704856263752793e-01	1.829009173227048868e-01	-1.861154433166329336e-01	1.038041596454045978e-01	-1.158703636190951403e-01	1.207248070503914028e-01	-1.632421704789374928e-01	1.416008813542541933e-01	-4.485986553576457730e-02	5.819530606462743755e-02	-7.926293117051180781e-02	7.846362416102305171e-02	-5.448016365574182701e-02	3.419614435447376061e-02	-6.052800001727644263e-02	7.980154387674401328e-02	-9.153903794881504408e-02	4.876352556308270053e-02	-2.569777452151100414e-02	5.536386399589847407e-02	-4.436635376157196248e-02	4.796157151347867770e-02	-5.673405345336708649e-02	2.736228740455967298e-02	-1.590419272720954361e-02	1.758642537586523405e-02	-1.569820449284637168e-02	1.492858018139982257e-02
9.922246338372213426e-02	-1.005340775860199126e-01	1.505714891776000208e-01	-1.087613558605478037e-01	8.461943279682339336e-02	-2.612330925515319868e-01	1.926965314001968521e-01	-1.919776134456250838e-01	1.777143428802365754e-01	-1.198493423116087919e-01	1.000000000000000444e+00	-4.667942171843197929e-01	2.197831094282346187e-01	-1.453304542667950561e-01	1.108954795577410113e-01	-7.250966229981689049e-01	2.853307432713259040e-01	-2.381397413402709939e-01	1.489083229204724856e-01	-1.194161741247477260e-01	7.662355061229535191e-02	-9.882066273658293709e-02	1.231284499926245668e-01	-8.480255914880183155e-02	5.230617288526233366e-02	-5.948892175248979286e-02	9.566217828627263109e-02	-1.264001804709427024e-01	9.384956381104857248e-02	-4.811066048206006501e-02	4.131926191424278166e-02	-8.261202917193316564e-02	6.402692811163654407e-02	-5.597341273639364762e-02	6.379818036321086017e-02	-4.517368196779444900e-02	2.344870093175483589e-02	-2.609678520946074470e-02	1.858640573509686561e-02	-1.787971572931792291e-02
-1.526475608050970600e-01	1.421126236501634443e-01	-2.434640665293353878e-01	1.549600692304356764e-01	-1.254150478380968714e-01	2.932379939100125954e-01	-4.314795843603539405e-01	2.731973991086020237e-01	-2.892768594133891535e-01	1.634940977925684047e-01	-4.667942171843197929e-01	9.999999999999986677e-01	-3.838145757099034050e-01	1.996506111572447506e-01	-1.645251186428715873e-01	2.765313619693939295e-01	-3.947004378642246514e-01	2.604490403361600093e-01	-2.220860171904324443e-01	1.591355303987367076e-01	-8.571160964599629228e-02	1.129843085448998946e-01	-1.486122381770507150e-01	1.146264984325251202e-01	-7.278068918532755449e-02	6.476977696476865498e-02	-1.149972376751664249e-01	1.387355232530755322e-01	-1.325558480465140465e-01	6.546355377870866077e-02	-4.645214069112686694e-02	9.237551499046281478e-02	-7.425097842667906234e-02	7.249351056949035477e-02	-8.537009108723561668e-02	4.912923297773554715e-02	-2.656181098682210487e-02	2.932407358087499305e-02	-2.406727412137420891e-02	2.289268851006055414e-02
1.136302937769598509e-01	-1.159419234147810868e-01	2.110954251289057781e-01	-1.559906188440567942e-01	1.185538189344799015e-01	-2.571396626279361386e-01	2.164114213491186989e-01	-3.970634060862606729e-01	2.567461495313254072e-01	-1.710704856263752793e-01	2.197831094282346187e-01	-3.838145757099034050e-01	9.999999999999996669e-01	-3.653352449075806252e-01	1.994981069287688757e-01	-2.400400842010456948e-01	2.797843402282028102e-01	-5.554131456889769280e-01	2.125622084886300833e-01	-1.961454418988585469e-01	8.284780884302769821e-02	-1.236405608269883910e-01	1.689806826345185697e-01	-1.177967144575098185e-01	7.427930721733999597e-02	-6.474492710621886082e-02	1.139293893213884773e-01	-1.643118831907323940e-01	1.272930133155553700e-01	-6.838026831057524013e-02	4.554637187269078291e-02	-1.034924390153116325e-01	8.100773692945351101e-02	-7.312244400866158012e-02	8.309914151247951852e-02	-4.928969203977940500e-02	2.854246468769747191e-02	-3.176519509026286270e-02	2.343020827761292668e-02	-2.252228150732463186e-02
-8.320275706516047642e-02	8.276638532867978959e-02	-1.720451224684101943e-01	1.448597559829171988e-01	-1.246175483239491955e-01	1.650784520630458330e-01	-1.338505304107652227e-01	2.018996202569741383e-01	-3.531839852049398210e-01	1.829009173227048868e-01	-1.453304542667950561e-01	1.996506111572447506e-01	-3.653352449075806252e-01	1.000000000000001110e+00	-6.597251229028453512e-01	1.376035290003303491e-01	-1.643127117186332642e-01	1.930979923554475841e-01	-3.443364716547571702e-01	2.944264158424162448e-01	-6.715144292831631834e-02	8.947752207234697941e-02	-1.264471510647997565e-01	1.468049814192245173e-01	-1.066614004578467084e-01	5.128515593403416145e-02	-9.210177966035688890e-02	1.237457715822553456e-01	-1.716932299372779802e-01	9.254232229656593478e-02	-3.785061859064609013e-02	8.662539122499168798e-02	-7.051064729472868164e-02	8.339097593462743707e-02	-9.929552321484357014e-02	4.027207712966571901e-02	-2.462658875314421847e-02	2.718878551643900271e-02	-2.616773524288945607e-02	2.482940769388029822e-02
6.534576806705773289e-02	-6.609221075594155781e-02	1.320686736567996955e-01	-1.207490847869523987e-01	1.093087667211362218e-01	-1.358958501370290950e-01	1.041062859874515439e-01	-1.526985146311220787e-01	2.091762259250156686e-01	-1.861154433166329336e-01	1.108954795577410113e-01	-1.645251186428715873e-01	1.994981069287688757e-01	-6.597251229028453512e-01	1.000000000000000888e+00	-1.110498403592122957e-01	1.211428525358326930e-01	-1.491518376767681786e-01	2.634811238424746294e-01	-5.906360041835219121e-01	5.230578508171188773e-02	-7.080808586577180819e-02	9.819992057446955136e-02	-1.228417438572403236e-01	1.053886745425151317e-01	-4.037877086482246497e-02	7.169811709054915716e-02	-1.021438192684783197e-01	1.340429274037789886e-01	-9.633976947965791626e-02	3.003354096627093225e-02	-7.194130708607819613e-02	5.751139316545139657e-02	-6.821734732922195288e-02	7.874180812304508448e-02	-3.229988829418471707e-02	2.021042093049827196e-02	-2.242051619109872856e-02	2.076967305844669084e-02	-1.989526647125486672e-02
-7.903885063203694439e-02	7.716500628842189180e-02	-1.346975306196305233e-01	9.420994715876902792e-02	-7.560686494782893619e-02	1.728635278705426270e-01	-1.422646083118075389e-01	1.578524316168574970e-01	-1.678761205041769400e-01	1.038041596454045978e-01	-7.250966229981689049e-01	2.765313619693939295e-01	-2.400400842010456948e-01	1.376035290003303491e-01	-1.110498403592122957e-01	1.000000000000000666e+00	-5.051299019689575731e-01	2.406380012719204764e-01	-1.580678830286064152e-01	1.144316368400602330e-01	-8.753112261835399588e-02	1.061562885701227560e-01	-1.319703626243496908e-01	8.722720077151879803e-02	-5.319967651965309269e-02	6.470761468004330996e-02	-1.052058926549372109e-01	1.216145499696174859e-01	-9.822821951769333815e-02	4.835002861021148179e-02	-4.297637072247330325e-02	7.905807701616728023e-02	-6.290762164647967225e-02	5.630419722825001638e-02	-6.520639493777984075e-02	4.598840231020633051e-02	-2.277556990673862761e-02	2.518483180197259030e-02	-1.867128330132034747e-02	1.785003307352899318e-02
8.655847113495190870e-02	-8.722204849684939143e-02	1.438399845735855165e-01	-1.044094492418809889e-01	8.167888124057948174e-02	-2.035552670490823890e-01	1.664257699549274161e-01	-1.908119572733395219e-01	1.746102242753865830e-01	-1.158703636190951403e-01	2.853307432713259040e-01	-3.947004378642246514e-01	2.797843402282028102e-01	-1.643127117186332642e-01	1.211428525358326930e-01	-5.051299019689575731e-01	1.000000000000000222e+00	-6.030818701302804730e-01	1.665388970735103558e-01	-1.313344932214983163e-01	9.258694459816385613e-02	-1.572868727148577228e-01	1.776758800935931693e-01	-1.011934731982619823e-01	5.842823972869427146e-02	-7.260597023339097900e-02	1.269320305688342032e-01	-1.635129801442812003e-01	1.072223994490967697e-01	-5.399564336074497845e-02	4.741002312685157344e-02	-9.981453462888918715e-02	7.820270666250726810e-02	-6.456435663585628759e-02	7.269911452075232539e-02	-5.135639176031624176e-02	2.754552564226267139e-02	-3.062552890349909754e-02	2.079935450360074004e-02	-2.002812833928564046e-02
-8.304126096276953639e-02	8.171604425790893189e-02	-1.558379290386870397e-01	1.089974077395483160e-01	-8.702358232562709683e-02	1.724431003741646318e-01	-1.491959481616103589e-01	1.995128125115232243e-01	-1.954716332899701092e-01	1.207248070503914028e-01	-2.381397413402709939e-01	2.604490403361600093e-01	-5.554131456889769280e-01	1.930979923554475841e-01	-1.491518376767681786e-01	2.406380012719204764e-01	-6.030818701302804730e-01	1.000000000000001110e+00	-2.165018737966690476e-01	1.508728603742540142e-01	-9.785439664828153583e-02	1.556235924848551611e-01	-2.716806765049684103e-01	1.224458540818059993e-01	-6.877147995408827708e-02	7.521689371259646095e-02	-1.398295534618557712e-01	1.804949077167259663e-01	-1.298419244793516669e-01	6.294810536097378284e-02	-4.970641567926379484e-02	1.078861433659573238e-01	-8.748956948234630493e-02	7.377460852019186721e-02	-8.394859460959852582e-02	5.295055923979928580e-02	-2.968116958488732637e-02	3.283351514089935530e-02	-2.332830776254210883e-02	2.236466747440608166e-02
7.879812184028552047e-02	-8.067996240174546418e-02	1.444054820135038109e-01	-1.275664017822225604e-01	1.023472557056383792e-01	-1.773137681464588000e-01	1.300461216389899310e-01	-1.748381383094259056e-01	2.016690020915014592e-01	-1.632421704789374928e-01	1.489083229204724856e-01	-2.220860171904324443e-01	2.125622084886300833e-01	-3.443364716547571702e-01	2.634811238424746294e-01	-1.580678830286064152e-01	1.665388970735103558e-01	-2.165018737966690476e-01	1.000000000000000666e+00	-5.721428699848116750e-01	8.781350410226491932e-02	-1.264989838940376865e-01	1.765924378558945407e-01	-4.432569526971278928e-01	1.618672723472256436e-01	-6.915567957443251312e-02	1.221336224662042946e-01	-1.943857541151690072e-01	2.696814518711527220e-01	-1.640247335064314027e-01	5.153403780047911831e-02	-1.380020746474359683e-01	1.081481213699664878e-01	-1.365397831637826520e-01	1.419253267096509119e-01	-5.629423371383938252e-02	3.767164942620131185e-02	-4.207055857920254105e-02	3.770225038439783960e-02	-3.682189524844317607e-02
-6.453378108614904463e-02	6.424152818909133200e-02	-1.291854816527955307e-01	1.075544651118624795e-01	-9.575150280677723058e-02	1.301103913411099100e-01	-1.011297776022366812e-01	1.422776082036626144e-01	-2.036618350448867742e-01	1.416008813542541933e-01	-1.194161741247477260e-01	1.591355303987367076e-01	-1.961454418988585469e-01	2.944264158424162448e-01	-5.906360041835219121e-01	1.144316368400602330e-01	-1.313344932214983163e-01	1.508728603742540142e-01	-5.721428699848116750e-01	1.000000000000001332e+00	-6.787524986504497870e-02	9.027171795054397818e-02	-1.297384004563151283e-01	2.072326389201600561e-01	-2.101269879205373003e-01	5.192984572956140660e-02	-9.391409727265126461e-02	1.304357679432673056e-01	-2.385687252059416619e-01	1.598626871276682682e-01	-3.868963674441273926e-02	9.560805976930354666e-02	-7.900372587975017236e-02	1.078839012887942983e-01	-1.283636929594721143e-01	4.116050626051619143e-02	-2.694300625533781884e-02	2.971698515123395723e-02	-3.174866354206752617e-02	3.015612486853030613e-02
2.783528160045662184e-02	-2.794184174520383812e-02	4.940805487086551151e-02	-3.835721000119579616e-02	3.054808741102493092e-02	-6.151924920487192305e-02	4.718222838088635684e-02	-5.948939388717854049e-02	6.416106762619644410e-02	-4.485986553576457730e-02	7.662355061229535191e-02	-8.571160964599629228e-02	8.284780884302769821e-02	-6.715144292831631834e-02	5.230578508171188773e-02	-8.753112261835399588e-02	9.258694459816385613e-02	-9.785439664828153583e-02	8.781350410226491932e-02	-6.787524986504497870e-02	9.999999999999997780e-01	-3.408904425394848059e-01	1.836239831312834747e-01	-7.803996988156898518e-02	3.961816989757151880e-02	-7.937760440671497442e-01	2.912209052571509971e-01	-2.285858651371698580e-01	7.920532594907188362e-02	-3.759930968385567784e-02	2.057519814980096895e-01	-1.440234556551405753e-01	1.054884341172507844e-01	-6.366147930613123840e-02	6.793392990819821509e-02	-2.541451328278379052e-01	5.169703524329902211e-02	-5.725640747032723077e-02	2.198959425257936487e-02	-2.157217872590742880e-02
-3.657929607588655818e-02	3.650523754687540895e-02	-6.589751082900995038e-02	5.013346502372847957e-02	-4.010593825390855460e-02	7.928344024598994733e-02	-6.246824172988395263e-02	7.959467063309791368e-02	-8.564681099492454930e-02	5.819530606462743755e-02	-9.882066273658293709e-02	1.129843085448998946e-01	-1.236405608269883910e-01	8.947752207234697941e-02	-7.080808586577180819e-02	1.061562885701227560e-01	-1.572868727148577228e-01	1.556235924848551611e-01	-1.264989838940376865e-01	9.027171795054397818e-02	-3.408904425394848059e-01	9.999999999999993339e-01	-5.417035557705304205e-01	1.219038040999088635e-01	-5.632881850245528843e-02	2.373104989750522975e-01	-6.469931098110037748e-01	2.795851001143345727e-01	-1.220684039497639817e-01	5.261512857008666250e-02	-1.115252374967873605e-01	1.607682003844634333e-01	-1.329803580490919734e-01	8.208177211797459960e-02	-9.029224571391236687e-02	1.147155419928490572e-01	-4.491135094214620399e-02	4.910927366417056072e-02	-2.540065067117279821e-02	2.453227035876172010e-02
4.872992700870530658e-02	-4.879817456349583304e-02	8.812310855070644433e-02	-6.788167672529091257e-02	5.415712688098604094e-02	-1.061738752107594663e-01	8.312107896201545443e-02	-1.083968911676056746e-01	1.148005237972677117e-01	-7.926293117051180781e-02	1.231284499926245668e-01	-1.486122381770507150e-01	1.689806826345185697e-01	-1.264471510647997565e-01	9.819992057446955136e-02	-1.319703626243496908e-01	1.776758800935931693e-01	-2.716806765049684103e-01	1.765924378558945407e-01	-1.297384004563151283e-01	1.836239831312834747e-01	-5.417035557705304205e-01	1.000000000000000666e+00	-2.253535108093430439e-01	8.117190870012712389e-02	-1.527227316874375795e-01	2.851721019914736921e-01	-5.908718432026861533e-01	1.795192728308354080e-01	-7.718784872148506948e-02	8.835672084535974025e-02	-2.444520229502348541e-01	1.962219045914971871e-01	-1.206632051481521944e-01	1.264343819404010472e-01	-9.619490772105392107e-02	5.979263007920466999e-02	-6.666259509341987410e-02	3.484626106903823684e-02	-3.387369834568534910e-02
-4.071968865483144295e-02	4.122967318328887160e-02	-7.495547790817949640e-02	6.301831939548439843e-02	-5.093825514360259682e-02	8.934304592928538069e-02	-6.706837582523059171e-02	8.918784373155214107e-02	-1.037207242194272683e-01	7.846362416102305171e-02	-8.480255914880183155e-02	1.146264984325251202e-01	-1.177967144575098185e-01	1.468049814192245173e-01	-1.228417438572403236e-01	8.722720077151879803e-02	-1.011934731982619823e-01	1.224458540818059993e-01	-4.432569526971278928e-01	2.072326389201600561e-01	-7.803996988156898518e-02	1.219038040999088635e-01	-2.253535108093430439e-01	1.000000000000001110e+00	-2.006946288726200733e-01	6.082412461532515219e-02	-1.143969461431659507e-01	1.768108167223834404e-01	-7.546783353405120964e-01	1.781808547435937695e-01	-4.236538661940419948e-02	1.245897592473559079e-01	-1.080685441877525937e-01	1.752381457885265892e-01	-1.931933855825433699e-01	4.537543717163655677e-02	-3.326371249093856147e-02	3.666373983125260916e-02	-3.991780522582102919e-02	3.809983156666285620e-02
2.674325430434849882e-02	-2.707399034875935390e-02	5.005557519474258116e-02	-4.276929597239653019e-02	3.520879086031149935e-02	-5.803641052875018608e-02	4.340095633986050527e-02	-5.850881827029524168e-02	7.157700635957528479e-02	-5.448016365574182701e-02	5.230617288526233366e-02	-7.278068918532755449e-02	7.427930721733999597e-02	-1.066614004578467084e-01	1.053886745425151317e-01	-5.319967651965309269e-02	5.842823972869427146e-02	-6.877147995408827708e-02	1.618672723472256436e-01	-2.101269879205373003e-01	3.961816989757151880e-02	-5.632881850245528843e-02	8.117190870012712389e-02	-2.006946288726200733e-01	1.000000000000001554e+00	-3.107118205931002144e-02	5.626438330927506504e-02	-9.193528805280282157e-02	2.007197322653912486e-01	-9.128398631530713070e-01	2.325712812170060637e-02	-7.600344857084007089e-02	6.221039817711664088e-02	-1.179911491263169049e-01	1.241425918253379196e-01	-2.512859572922303275e-02	2.007522582835864419e-02	-2.232333332278595844e-02	2.549358827747563727e-02	-2.548315272429621872e-02
-2.127487253894319585e-02	2.128991997741679423e-02	-3.801389565648251312e-02	2.930270333295695653e-02	-2.340787530724084894e-02	4.652393933782463659e-02	-3.594289898477075890e-02	4.544777913971299182e-02	-4.952867984595632489e-02	3.419614435447376061e-02	-5.948892175248979286e-02	6.476977696476865498e-02	-6.474492710621886082e-02	5.128515593403416145e-02	-4.037877086482246497e-02	6.470761468004330996e-02	-7.260597023339097900e-02	7.521689371259646095e-02	-6.915567957443251312e-02	5.192984572956140660e-02	-7.937760440671497442e-01	2.373104989750522975e-01	-1.527227316874375795e-01	6.082412461532515219e-02	-3.107118205931002144e-02	9.999999999999998890e-01	-4.272346609853147625e-01	1.674117017609579039e-01	-6.286272374837155452e-02	2.929916309257381279e-02	-2.751085101580216796e-01	1.088256444210259216e-01	-8.280034747981511456e-02	4.935571277342297447e-02	-5.366063612931504245e-02	2.129730033634676389e-01	-4.077296181278102644e-02	4.431109458552365266e-02	-1.715114812722568285e-02	1.672272544293941510e-02
3.733745361502295579e-02	-3.749521082537269484e-02	6.652123726738454201e-02	-5.169521313472551227e-02	4.117697615929913346e-02	-8.240951332372366267e-02	6.335361468380582006e-02	-8.050216774393967323e-02	8.650848563326407614e-02	-6.052800001727644263e-02	9.566217828627263109e-02	-1.149972376751664249e-01	1.139293893213884773e-01	-9.210177966035688890e-02	7.169811709054915716e-02	-1.052058926549372109e-01	1.269320305688342032e-01	-1.398295534618557712e-01	1.221336224662042946e-01	-9.391409727265126461e-02	2.912209052571509971e-01	-6.469931098110037748e-01	2.851721019914736921e-01	-1.143969461431659507e-01	5.626438330927506504e-02	-4.272346609853147625e-01	9.999999999999995559e-01	-3.853571951160386089e-01	1.143018663385829831e-01	-5.353757606161708982e-02	1.440333137390573948e-01	-2.350167219317734202e-01	1.671920730734266780e-01	-9.403740766506366033e-02	9.947199958032573730e-02	-1.617131861604772236e-01	6.092124407491145144e-02	-6.755663597304281676e-02	2.962670738192033082e-02	-2.893558830167745205e-02
-4.880624134733231589e-02	4.832796912844870840e-02	-9.030294308531776337e-02	6.844309701834208615e-02	-5.543699349671105114e-02	1.020170047930104434e-01	-8.069846146435262491e-02	1.050829645161926451e-01	-1.203533064193895163e-01	7.980154387674401328e-02	-1.264001804709427024e-01	1.387355232530755322e-01	-1.643118831907323940e-01	1.237457715822553456e-01	-1.021438192684783197e-01	1.216145499696174859e-01	-1.635129801442812003e-01	1.804949077167259663e-01	-1.943857541151690072e-01	1.304357679432673056e-01	-2.285858651371698580e-01	2.795851001143345727e-01	-5.908718432026861533e-01	1.768108167223834404e-01	-9.193528805280282157e-02	1.674117017609579039e-01	-3.853571951160386089e-01	9.999999999999985567e-01	-2.029007003338208492e-01	8.509720180187296812e-02	-1.053396887625308864e-01	2.773858511009760219e-01	-4.168712513242375794e-01	1.592583006399644618e-01	-1.817200413037117213e-01	1.045943690353809130e-01	-7.311852594369874780e-02	7.665141166729338984e-02	-4.604060810534108678e-02	4.359972519959089132e-02
4.665033290846735264e-02	-4.753362029669004618e-02	8.494745564342147393e-02	-7.298210021647597023e-02	5.843756676327227506e-02	-1.042781270553944234e-01	7.703687983283637186e-02	-1.020458577433122904e-01	1.164623246340672075e-01	-9.153903794881504408e-02	9.384956381104857248e-02	-1.325558480465140465e-01	1.272930133155553700e-01	-1.716932299372779802e-01	1.340429274037789886e-01	-9.822821951769333815e-02	1.072223994490967697e-01	-1.298419244793516669e-01	2.696814518711527220e-01	-2.385687252059416619e-01	7.920532594907188362e-02	-1.220684039497639817e-01	1.795192728308354080e-01	-7.546783353405120964e-01	2.007197322653912486e-01	-6.286272374837155452e-02	1.143018663385829831e-01	-2.029007003338208492e-01	1.000000000000002220e+00	-2.594673260669155823e-01	4.559082734515109564e-02	-1.517898660590655813e-01	1.273176419939587856e-01	-2.778700642958359390e-01	2.116591575903036815e-01	-4.950299955754715320e-02	3.908017933570112623e-02	-4.343893317232876139e-02	4.540405441716534318e-02	-4.457592577086459673e-02
-2.428803122912673307e-02	2.449545122647690462e-02	-4.570968261424691176e-02	3.854821453410905985e-02	-3.191692430060442953e-02	5.212089982897247925e-02	-3.923906970283754653e-02	5.292047127474328733e-02	-6.576340452765341849e-02	4.876352556308270053e-02	-4.811066048206006501e-02	6.546355377870866077e-02	-6.838026831057524013e-02	9.254232229656593478e-02	-9.633976947965791626e-02	4.835002861021148179e-02	-5.399564336074497845e-02	6.294810536097378284e-02	-1.640247335064314027e-01	1.598626871276682682e-01	-3.759930968385567784e-02	5.261512857008666250e-02	-7.718784872148506948e-02	1.781808547435937695e-01	-9.128398631530713070e-01	2.929916309257381279e-02	-5.353757606161708982e-02	8.509720180187296812e-02	-2.594673260669155823e-01	1.000000000000001554e+00	-2.190496770557312858e-02	7.185102425911907287e-02	-6.083892641952769187e-02	1.216805252337956472e-01	-1.487912572900728647e-01	2.351432891518375964e-02	-1.910351388098917302e-02	2.113330834354052584e-02	-2.635687626414259452e-02	2.600886241031388768e-02
1.571749143648867864e-02	-1.572552402299666127e-02	2.820671039835837696e-02	-2.191177905581468896e-02	1.754799952265495566e-02	-3.417588323022424657e-02	2.617580985890885503e-02	-3.323637961636648208e-02	3.707376871168126253e-02	-2.569777452151100414e-02	4.131926191424278166e-02	-4.645214069112686694e-02	4.554637187269078291e-02	-3.785061859064609013e-02	3.003354096627093225e-02	-4.297637072247330325e-02	4.741002312685157344e-02	-4.970641567926379484e-02	5.153403780047911831e-02	-3.868963674441273926e-02	2.057519814980096895e-01	-1.115252374967873605e-01	8.835672084535974025e-02	-4.236538661940419948e-02	2.325712812170060637e-02	-2.751085101580216796e-01	1.440333137390573948e-01	-1.053396887625308864e-01	4.559082734515109564e-02	-2.190496770557312858e-02	1.000000000000001554e+00	-8.754557594272945054e-02	6.480930400897262633e-02	-3.885289653932215426e-02	4.301627885638595328e-02	-9.211104721320227950e-01	7.837795517878849705e-02	-8.382971283430849796e-02	1.874405516181490081e-02	-1.849760786806811316e-02
-3.296166502711020407e-02	3.271616784997777305e-02	-6.096469921024615102e-02	4.698111345325275273e-02	-3.810731430807793446e-02	6.913947443673802706e-02	-5.400781655590294883e-02	7.036908744025548168e-02	-8.206330429144474692e-02	5.536386399589847407e-02	-8.261202917193316564e-02	9.237551499046281478e-02	-1.034924390153116325e-01	8.662539122499168798e-02	-7.194130708607819613e-02	7.905807701616728023e-02	-9.981453462888918715e-02	1.078861433659573238e-01	-1.380020746474359683e-01	9.560805976930354666e-02	-1.440234556551405753e-01	1.607682003844634333e-01	-2.444520229502348541e-01	1.245897592473559079e-01	-7.600344857084007089e-02	1.088256444210259216e-01	-2.350167219317734202e-01	2.773858511009760219e-01	-1.517898660590655813e-01	7.185102425911907287e-02	-8.754557594272945054e-02	1.000000000000001110e+00	-7.952502270208005042e-01	2.010365907687351461e-01	-2.400590289100717201e-01	8.577119614007909509e-02	-1.642152174967854705e-01	1.397485914655755557e-01	-5.744734769369534005e-02	5.367035154989442669e-02
2.610722004665627996e-02	-2.603231435884728953e-02	4.795004971536892535e-02	-3.742775665950732328e-02	3.022120022684483126e-02	-5.556620903488371926e-02	4.304605071643220066e-02	-5.603969970119258154e-02	6.427583113862160580e-02	-4.436635376157196248e-02	6.402692811163654407e-02	-7.425097842667906234e-02	8.100773692945351101e-02	-7.051064729472868164e-02	5.751139316545139657e-02	-6.290762164647967225e-02	7.820270666250726810e-02	-8.748956948234630493e-02	1.081481213699664878e-01	-7.900372587975017236e-02	1.054884341172507844e-01	-1.329803580490919734e-01	1.962219045914971871e-01	-1.080685441877525937e-01	6.221039817711664088e-02	-8.280034747981511456e-02	1.671920730734266780e-01	-4.168712513242375794e-01	1.273176419939587856e-01	-6.083892641952769187e-02	6.480930400897262633e-02	-7.952502270208005042e-01	1.000000000000000666e+00	-2.604879790227848102e-01	2.038806092103507550e-01	-6.700295852400413310e-02	1.118423300408979693e-01	-1.230926303146917256e-01	4.746209490280581950e-02	-4.593392437360040159e-02
-2.579294790211106650e-02	2.602355744953392669e-02	-4.726545682620424127e-02	3.905240027060818270e-02	-3.147929532999430013e-02	5.626125008178578524e-02	-4.232515257353154647e-02	5.568410080354110198e-02	-6.457913621998380427e-02	4.796157151347867770e-02	-5.597341273639364762e-02	7.249351056949035477e-02	-7.312244400866158012e-02	8.339097593462743707e-02	-6.821734732922195288e-02	5.630419722825001638e-02	-6.456435663585628759e-02	7.377460852019186721e-02	-1.365397831637826520e-01	1.078839012887942983e-01	-6.366147930613123840e-02	8.208177211797459960e-02	-1.206632051481521944e-01	1.752381457885265892e-01	-1.179911491263169049e-01	4.935571277342297447e-02	-9.403740766506366033e-02	1.592583006399644618e-01	-2.778700642958359390e-01	1.216805252337956472e-01	-3.885289653932215426e-02	2.010365907687351461e-01	-2.604879790227848102e-01	1.000000000000000000e+00	-8.617635682199773495e-01	4.085455469087562880e-02	-5.004497433236081150e-02	5.377448398198654556e-02	-9.869620702272957624e-02	9.181810773709954410e-02
3.012144142464506791e-02	-3.052434194102176049e-02	5.481977714238268212e-02	-4.594004288321244800e-02	3.683850129384341060e-02	-6.656512244191534200e-02	4.958846030508086422e-02	-6.511868469689760519e-02	7.454248230916465934e-02	-5.673405345336708649e-02	6.379818036321086017e-02	-8.537009108723561668e-02	8.309914151247951852e-02	-9.929552321484357014e-02	7.874180812304508448e-02	-6.520639493777984075e-02	7.269911452075232539e-02	-8.394859460959852582e-02	1.419253267096509119e-01	-1.283636929594721143e-01	6.793392990819821509e-02	-9.029224571391236687e-02	1.264343819404010472e-01	-1.931933855825433699e-01	1.241425918253379196e-01	-5.366063612931504245e-02	9.947199958032573730e-02	-1.817200413037117213e-01	2.116591575903036815e-01	-1.487912572900728647e-01	4.301627885638595328e-02	-2.400590289100717201e-01	2.038806092103507550e-01	-8.617635682199773495e-01	1.000000000000000666e+00	-4.615690854085480188e-02	5.685040731433856076e-02	-6.329560822704596856e-02	1.048697819858038505e-01	-1.184341447062583069e-01
-1.680357489740525248e-02	1.675876217937930651e-02	-3.033465839191534438e-02	2.339238311329070938e-02	-1.879556224621611524e-02	3.615818291958581426e-02	-2.787183144593720005e-02	3.545502587075657908e-02	-4.003629017250866923e-02	2.736228740455967298e-02	-4.517368196779444900e-02	4.912923297773554715e-02	-4.928969203977940500e-02	4.027207712966571901e-02	-3.229988829418471707e-02	4.598840231020633051e-02	-5.135639176031624176e-02	5.295055923979928580e-02	-5.629423371383938252e-02	4.116050626051619143e-02	-2.541451328278379052e-01	1.147155419928490572e-01	-9.619490772105392107e-02	4.537543717163655677e-02	-2.512859572922303275e-02	2.129730033634676389e-01	-1.617131861604772236e-01	1.045943690353809130e-01	-4.950299955754715320e-02	2.351432891518375964e-02	-9.211104721320227950e-01	8.577119614007909509e-02	-6.700295852400413310e-02	4.085455469087562880e-02	-4.615690854085480188e-02	1.000000000000000666e+00	-9.094365427358894194e-02	8.426133773284079365e-02	-1.988854665057957286e-02	1.935597943691761552e-02
9.420565756980506592e-03	-9.376931899739014004e-03	1.731346608751888755e-02	-1.345593449923392429e-02	1.088390677608393198e-02	-1.994919431797292572e-02	1.544750440307023770e-02	-2.004103484846964101e-02	2.325324721560449379e-02	-1.590419272720954361e-02	2.344870093175483589e-02	-2.656181098682210487e-02	2.854246468769747191e-02	-2.462658875314421847e-02	2.021042093049827196e-02	-2.277556990673862761e-02	2.754552564226267139e-02	-2.968116958488732637e-02	3.767164942620131185e-02	-2.694300625533781884e-02	5.169703524329902211e-02	-4.491135094214620399e-02	5.979263007920466999e-02	-3.326371249093856147e-02	2.007522582835864419e-02	-4.077296181278102644e-02	6.092124407491145144e-02	-7.311852594369874780e-02	3.908017933570112623e-02	-1.910351388098917302e-02	7.837795517878849705e-02	-1.642152174967854705e-01	1.118423300408979693e-01	-5.004497433236081150e-02	5.685040731433856076e-02	-9.094365427358894194e-02	1.000000000000000666e+00	-9.659858926688390524e-01	5.815322063364666838e-02	-5.885243855338126440e-02
-1.043910389132773550e-02	1.037910201152133366e-02	-1.922391767145978023e-02	1.489695952447543312e-02	-1.206413842282164084e-02	2.202431488002482701e-02	-1.709234633368439740e-02	2.219004808041152854e-02	-2.585449190189819182e-02	1.758642537586523405e-02	-2.609678520946074470e-02	2.932407358087499305e-02	-3.176519509026286270e-02	2.718878551643900271e-02	-2.242051619109872856e-02	2.518483180197259030e-02	-3.062552890349909754e-02	3.283351514089935530e-02	-4.207055857920254105e-02	2.971698515123395723e-02	-5.725640747032723077e-02	4.910927366417056072e-02	-6.666259509341987410e-02	3.666373983125260916e-02	-2.232333332278595844e-02	4.431109458552365266e-02	-6.755663597304281676e-02	7.665141166729338984e-02	-4.343893317232876139e-02	2.113330834354052584e-02	-8.382971283430849796e-02	1.397485914655755557e-01	-1.230926303146917256e-01	5.377448398198654556e-02	-6.329560822704596856e-02	8.426133773284079365e-02	-9.659858926688390524e-01	1.000000000000000222e+00	-6.566644875732007003e-02	5.978250180211117787e-02
8.538191123048360226e-03	-8.622491292083034331e-03	1.553880969267432133e-02	-1.283593723978241827e-02	1.030284985558806501e-02	-1.872041660299886279e-02	1.399999659626847970e-02	-1.828756780239151544e-02	2.105557221454183031e-02	-1.569820449284637168e-02	1.858640573509686561e-02	-2.406727412137420891e-02	2.343020827761292668e-02	-2.616773524288945607e-02	2.076967305844669084e-02	-1.867128330132034747e-02	2.079935450360074004e-02	-2.332830776254210883e-02	3.770225038439783960e-02	-3.174866354206752617e-02	2.198959425257936487e-02	-2.540065067117279821e-02	3.484626106903823684e-02	-3.991780522582102919e-02	2.549358827747563727e-02	-1.715114812722568285e-02	2.962670738192033082e-02	-4.604060810534108678e-02	4.540405441716534318e-02	-2.635687626414259452e-02	1.874405516181490081e-02	-5.744734769369534005e-02	4.746209490280581950e-02	-9.869620702272957624e-02	1.048697819858038505e-01	-1.988854665057957286e-02	5.815322063364666838e-02	-6.566644875732007003e-02	1.000000000000000222e+00	-9.825991473389675823e-01
