1.000000000000000000e+00	-1.093152638787649872e-01	7.745689613628541081e-02	-4.708771757922678575e-02	5.226824284631354650e-02	-9.677067889359814989e-01	1.236127426082327813e-01	-9.848565841484439864e-02	4.716059309593376853e-02	-3.983868620131100768e-02	1.188182795029070205e-01	-1.100108299976765153e-01	6.659523022204423548e-02	-5.323224967130494450e-02	5.199487060190140925e-02	-7.452512461750608608e-02	5.976346238163401936e-02	-7.301003311128884121e-02	5.146745951833706784e-02	-4.498924301330162884e-02	4.448597602410132856e-02	-4.974439482092584547e-02	5.047789855248117907e-02	-4.800393609076722412e-02	4.874534014930018838e-02	-4.753818161915143031e-02	4.493208861967055989e-02	-5.278146809344327894e-02	3.510909626697865382e-02	-3.540599836069808354e-02	2.223948174944907069e-02	-3.347897776832843564e-02	4.536584842684220076e-02	-4.125687026273343327e-02	4.099560215751692216e-02	-3.033274702989569721e-02	2.656884564548337227e-02	-4.556344055080041588e-02	2.246449806344537684e-02	-2.821484245766253673e-02
-1.093152638787649872e-01	1.000000000000000222e+00	-8.068701269890580230e-01	2.644631849943122059e-01	-2.898620179259985830e-01	9.471459550692011564e-02	-1.997590480858548734e-01	2.128019516649403420e-01	-2.600070441958391987e-01	1.813127439608762659e-01	-1.804740604680394600e-01	1.440885217703780918e-01	-1.712883808816399178e-01	1.424988709401271980e-01	-1.622702981747461692e-01	1.094770817513827516e-01	-1.109560378711650780e-01	1.529022581235617850e-01	-1.290829162937476848e-01	1.192437668072897222e-01	-7.714005431961679093e-02	8.874073370796084492e-02	-1.087106522025405864e-01	1.056193877273789439e-01	-1.286857044066175570e-01	8.017000391430043060e-02	-8.396261806520391446e-02	9.930559382834872051e-02	-7.893697652511146023e-02	8.200853331521015810e-02	-4.073349552519763689e-02	6.099787765189218502e-02	-8.998930159531640105e-02	8.896457798731551014e-02	-9.720407165577962805e-02	5.441238822011550125e-02	-4.930642927125474667e-02	8.290222216655251941e-02	-4.355646752568594765e-02	5.348667195740476610e-02
7.745689613628541081e-02	-8.068701269890580230e-01	1.000000000000000000e+00	-4.052889744929762950e-01	2.214382523935540248e-01	-7.589901055932002372e-02	1.553105063196674740e-01	-2.422158860305582417e-01	2.234384865257025565e-01	-1.685347291050381391e-01	1.370634412234137678e-01	-1.231964363936005752e-01	1.497682885459805935e-01	-1.280025913290955830e-01	1.339755025928459631e-01	-9.176951039589634207e-02	9.009330281625428649e-02	-1.384707817311131850e-01	1.093844872084023118e-01	-1.024199297794536473e-01	6.368989085374919534e-02	-7.427851144420558049e-02	9.116885127767020147e-02	-9.058323314840495410e-02	1.041068840886219399e-01	-6.766745417903283211e-02	6.975596731142817697e-02	-8.477388657390944049e-02	6.611470872667146725e-02	-6.868272006031063415e-02	3.496540131145412650e-02	-5.265073768943281246e-02	7.546491120192298785e-02	-7.560903797941712079e-02	7.928415754186515785e-02	-4.715027777104633527e-02	4.232289340559175495e-02	-7.187613521731198163e-02	3.725321320114460821e-02	-4.611607173159278095e-02
-4.708771757922678575e-02	2.644631849943122059e-01	-4.052889744929762950e-01	9.999999999999997780e-01	-5.027974776646397803e-01	4.507755532764023271e-02	-1.188801533180147418e-01	1.652915865993704048e-01	-6.537844910273751253e-01	2.973543478422907560e-01	-1.149079461201048119e-01	9.691676885785105444e-02	-1.367598346295934020e-01	1.436569137485805836e-01	-1.680668677807986289e-01	7.974704644126344444e-02	-7.893050298589412983e-02	1.287258172327699901e-01	-1.135506704880520912e-01	1.134405458494229801e-01	-5.639268985563979791e-02	6.622931491618146149e-02	-8.615396166080534213e-02	8.864621067586797576e-02	-1.071770516275080132e-01	6.033543879248299407e-02	-6.290273469097426573e-02	7.808410005720411995e-02	-6.422550491899084446e-02	6.776040142631832575e-02	-3.187052647631356123e-02	4.811556532078950510e-02	-6.947924596730935265e-02	7.278910712860167664e-02	-7.657877528528787836e-02	4.295315991271680262e-02	-3.874610716377648728e-02	6.585351806791653329e-02	-3.459460512968121071e-02	4.273525573570532282e-02
5.226824284631354650e-02	-2.898620179259985830e-01	2.214382523935540248e-01	-5.027974776646397803e-01	1.000000000000000222e+00	-5.107901594702537323e-02	1.285957913491611870e-01	-1.835166618380069947e-01	3.254113655339107014e-01	-6.681491375528879617e-01	1.331202490767587898e-01	-1.164402665865735820e-01	1.547614105897819337e-01	-1.906061354804707286e-01	2.190694537291991428e-01	-1.030991354262525694e-01	9.770320283718705867e-02	-1.736240169402102906e-01	1.437291296359310966e-01	-1.641610591691635979e-01	7.211372394050852286e-02	-8.524589845560419377e-02	1.111010418169897929e-01	-1.188854369915586795e-01	1.363305064047402315e-01	-7.920361345781488926e-02	8.128233978022787742e-02	-1.045988468711828573e-01	8.480189808971312637e-02	-9.072872242220468564e-02	4.332781462137468009e-02	-6.584414266674266936e-02	9.164594995667545152e-02	-9.863763579925953484e-02	9.849875786593502436e-02	-5.907048253350916794e-02	5.270968889824423353e-02	-9.070683360149464636e-02	4.701041465462515306e-02	-5.866269651384164313e-02
-9.677067889359814989e-01	9.471459550692011564e-02	-7.589901055932002372e-02	4.507755532764023271e-02	-5.107901594702537323e-02	1.000000000000000222e+00	-1.406236822124022623e-01	9.272036578839866483e-02	-4.583927245492454283e-02	3.835766113353731438e-02	-1.322819927054827704e-01	1.064970379073743867e-01	-6.446279246613567659e-02	5.048704346466285908e-02	-4.998857858563029305e-02	7.040914622826845159e-02	-5.796831470875503378e-02	6.806615790732506444e-02	-4.892031070424812667e-02	4.264071866032491387e-02	-4.247743317463367752e-02	4.728828333013156138e-02	-4.786739818078469128e-02	4.523326006094847279e-02	-4.658623530594267759e-02	4.470351306501374467e-02	-4.266072858726944333e-02	4.942930601448355249e-02	-3.315832001625859671e-02	3.344191138813028957e-02	-2.069401778523755411e-02	3.109292812714436333e-02	-4.266453904546834569e-02	3.873441303536166724e-02	-3.891794856931434649e-02	2.811262646942280091e-02	-2.472279348246766290e-02	4.223441943274425237e-02	-2.092798998669290200e-02	2.620622061087475932e-02
1.236127426082327813e-01	-1.997590480858548734e-01	1.553105063196674740e-01	-1.188801533180147418e-01	1.285957913491611870e-01	-1.406236822124022623e-01	1.000000000000000222e+00	-5.210635028742515162e-01	1.239300947236052497e-01	-1.086804758249867026e-01	2.788476785263613866e-01	-6.536252868428974461e-01	2.430828159128845534e-01	-1.723852430180450590e-01	1.565658884378795523e-01	-1.930323903797378504e-01	1.934542088966237638e-01	-2.312035633611284613e-01	1.582855243567059256e-01	-1.343209127844809114e-01	1.240978615033491439e-01	-1.550662881732452758e-01	1.509454310455626003e-01	-1.433688529228890618e-01	1.434098125349745345e-01	-1.320019591266184400e-01	1.294888923580884421e-01	-1.510052704034828830e-01	1.021666423345594654e-01	-1.027698364932683045e-01	6.111906840565906052e-02	-9.221042465930101573e-02	1.277803863685488261e-01	-1.184472769655718905e-01	1.180135207064439695e-01	-8.286550342909740352e-02	7.329216963462470424e-02	-1.251400891362005885e-01	6.229518633145647577e-02	-7.784446216472121205e-02
-9.848565841484439864e-02	2.128019516649403420e-01	-2.422158860305582417e-01	1.652915865993704048e-01	-1.835166618380069947e-01	9.272036578839866483e-02	-5.210635028742515162e-01	1.000000000000000444e+00	-2.005313741898847035e-01	1.535311281432413244e-01	-2.849885662910350836e-01	2.667675915747455551e-01	-5.664038230643986260e-01	2.378104091794965014e-01	-2.313384653440795913e-01	1.662204058626898517e-01	-1.792345022726986314e-01	2.597392659042297436e-01	-2.102158068866531726e-01	1.684411919587566475e-01	-1.177231150433820928e-01	1.385030512126200486e-01	-1.709022876159387028e-01	1.608189088108436249e-01	-1.857859978575361892e-01	1.207920262480822876e-01	-1.276067026846063046e-01	1.480398449425443519e-01	-1.160701260583044264e-01	1.181557782162920012e-01	-5.854100681559218367e-02	8.772913447267646769e-02	-1.314031247691871407e-01	1.283270601041843484e-01	-1.392940540199855415e-01	7.782715710480156424e-02	-7.085527970129076869e-02	1.186882776136402862e-01	-6.223984135438190984e-02	7.621064789327211542e-02
4.716059309593376853e-02	-2.600070441958391987e-01	2.234384865257025565e-01	-6.537844910273751253e-01	3.254113655339107014e-01	-4.583927245492454283e-02	1.239300947236052497e-01	-2.005313741898847035e-01	1.000000000000000666e+00	-5.589334012845293964e-01	1.186013654313030768e-01	-1.048828099318769858e-01	1.510941231585085365e-01	-1.902259731346723215e-01	1.951002817464957961e-01	-8.641397836767342189e-02	8.443805603476164934e-02	-1.475583161813150135e-01	1.288366692573951755e-01	-1.349491189779384592e-01	6.088136977930761612e-02	-7.213746028080204875e-02	9.480324652751835612e-02	-1.003047180908908237e-01	1.168837924206613393e-01	-6.585937196075675182e-02	6.829506581004825272e-02	-8.622623252061113741e-02	7.096269489384243734e-02	-7.522307863134805594e-02	3.502474886635101314e-02	-5.306685772389897748e-02	7.573655403141907327e-02	-8.090584506360272432e-02	8.295198245573241758e-02	-4.739288972881834650e-02	4.262323371105700837e-02	-7.280282396937687306e-02	3.809783925372423052e-02	-4.722650542054145084e-02
-3.983868620131100768e-02	1.813127439608762659e-01	-1.685347291050381391e-01	2.973543478422907560e-01	-6.681491375528879617e-01	3.835766113353731438e-02	-1.086804758249867026e-01	1.535311281432413244e-01	-5.589334012845293964e-01	1.000000000000000888e+00	-1.114153036332466151e-01	9.476087779952833967e-02	-1.432872618160829226e-01	1.828633321018004187e-01	-3.167669483172744216e-01	8.304217096219601579e-02	-8.134139798357668816e-02	1.441314936268232039e-01	-1.341493441128365216e-01	1.542405000415451310e-01	-5.907855616647403330e-02	7.019284998805866427e-02	-9.506893611803128585e-02	1.019488085175632996e-01	-1.296443895478965602e-01	6.414590637117413563e-02	-6.692965650893961671e-02	8.538146876068510027e-02	-7.299794971360898388e-02	7.853021732648332587e-02	-3.451212109874272210e-02	5.235420325408704501e-02	-7.511185553607924170e-02	8.246307468047198164e-02	-8.568025945770665897e-02	4.666981612619595238e-02	-4.210844763054352041e-02	7.192721250786376919e-02	-3.801773766210383987e-02	4.703878224942929787e-02
1.188182795029070205e-01	-1.804740604680394600e-01	1.370634412234137678e-01	-1.149079461201048119e-01	1.331202490767587898e-01	-1.322819927054827704e-01	2.788476785263613866e-01	-2.849885662910350836e-01	1.186013654313030768e-01	-1.114153036332466151e-01	1.000000000000001110e+00	-5.200266713442529554e-01	2.152743821010819625e-01	-1.827875200953678336e-01	1.737461505416304230e-01	-4.769334961171281528e-01	2.621189487743694202e-01	-2.777956250972712926e-01	1.882599388345653768e-01	-1.629061335263495280e-01	2.259199809146496818e-01	-2.266977087861969664e-01	2.052870133852308654e-01	-1.912236566330537402e-01	1.794544276922316328e-01	-2.382747595170734700e-01	2.057942069833730847e-01	-2.342008565772568107e-01	1.404084586061195017e-01	-1.393832565380330735e-01	9.959372997790871818e-02	-1.494954141000393033e-01	1.961419398471151154e-01	-1.678321333940203941e-01	1.604446359494844654e-01	-1.364255586483180127e-01	1.177437577713453393e-01	-2.027309827808664866e-01	9.714069683737579231e-02	-1.229976393086383707e-01
-1.100108299976765153e-01	1.440885217703780918e-01	-1.231964363936005752e-01	9.691676885785105444e-02	-1.164402665865735820e-01	1.064970379073743867e-01	-6.536252868428974461e-01	2.667675915747455551e-01	-1.048828099318769858e-01	9.476087779952833967e-02	-5.200266713442529554e-01	1.000000000000001998e+00	-2.346717658967256426e-01	1.529761457761222854e-01	-1.519647613598379410e-01	2.215599467722900173e-01	-3.054980566509923334e-01	2.011211069391364292e-01	-1.525567829235617290e-01	1.268064007193675236e-01	-1.472207215626215870e-01	1.829628631499712610e-01	-1.586912792096876745e-01	1.409030116557372925e-01	-1.449127235307281492e-01	1.447668932207318571e-01	-1.479075366140332193e-01	1.542202278943296256e-01	-1.022069029861464307e-01	1.015523093951732347e-01	-6.066710894046453001e-02	9.046409249858222701e-02	-1.317837597364995839e-01	1.159686493465626606e-01	-1.198047746149680515e-01	8.065210832783673012e-02	-7.235276520569138003e-02	1.211240013459695536e-01	-6.085378024894928795e-02	7.516646573321564273e-02
6.659523022204423548e-02	-1.712883808816399178e-01	1.497682885459805935e-01	-1.367598346295934020e-01	1.547614105897819337e-01	-6.446279246613567659e-02	2.430828159128845534e-01	-5.664038230643986260e-01	1.510941231585085365e-01	-1.432872618160829226e-01	2.152743821010819625e-01	-2.346717658967256426e-01	1.000000000000002442e+00	-4.698900858320415042e-01	2.497813877291048812e-01	-1.586393009010487742e-01	1.606369215729450406e-01	-4.708835197924001736e-01	2.626588488521690579e-01	-2.008414201115778508e-01	1.122426202685293389e-01	-1.376169884787102893e-01	1.904837467559011566e-01	-1.927419866343086652e-01	1.906600465576867021e-01	-1.208699012939659367e-01	1.262312033173951242e-01	-1.591148513005501419e-01	1.261287195041982390e-01	-1.279511413208198334e-01	6.115166258391942916e-02	-9.275486446655853423e-02	1.355420436387263228e-01	-1.407767179998207219e-01	1.425482133974718957e-01	-8.222913876715336190e-02	7.443997594365918402e-02	-1.264868818706154918e-01	6.588207856463694501e-02	-8.129306145558098939e-02
-5.323224967130494450e-02	1.424988709401271980e-01	-1.280025913290955830e-01	1.436569137485805836e-01	-1.906061354804707286e-01	5.048704346466285908e-02	-1.723852430180450590e-01	2.378104091794965014e-01	-1.902259731346723215e-01	1.828633321018004187e-01	-1.827875200953678336e-01	1.529761457761222854e-01	-4.698900858320415042e-01	1.000000000000001998e+00	-5.643950614103818708e-01	1.346421543453628911e-01	-1.404902188910626404e-01	2.912688170435474566e-01	-4.761748665015982929e-01	2.632247187540144306e-01	-9.948686123794127367e-02	1.216463821630951736e-01	-1.907045276058084160e-01	2.116765174621024759e-01	-2.401049518428989282e-01	1.065296114099757441e-01	-1.151192123186043637e-01	1.467270897304908117e-01	-1.370013002777069333e-01	1.395146935004907829e-01	-5.535141265256202786e-02	8.389921536488427478e-02	-1.278579392286943450e-01	1.439270028922010058e-01	-1.534959945970275075e-01	7.375156225714057934e-02	-6.793850453628802466e-02	1.145533041979085870e-01	-6.229913816628828566e-02	7.589600362307444281e-02
5.199487060190140925e-02	-1.622702981747461692e-01	1.339755025928459631e-01	-1.680668677807986289e-01	2.190694537291991428e-01	-4.998857858563029305e-02	1.565658884378795523e-01	-2.313384653440795913e-01	1.951002817464957961e-01	-3.167669483172744216e-01	1.737461505416304230e-01	-1.519647613598379410e-01	2.497813877291048812e-01	-5.643950614103818708e-01	1.000000000000000000e+00	-1.436306821955528612e-01	1.385598094316626006e-01	-2.871404647105867403e-01	2.801583233799996853e-01	-5.068506103269324603e-01	1.029441052495033843e-01	-1.250876968988035021e-01	1.783456221293506228e-01	-2.094328935133629721e-01	2.631709059779911986e-01	-1.142718677772432273e-01	1.191592892817471133e-01	-1.587707222430409515e-01	1.422355403328162682e-01	-1.595582758544148438e-01	6.237117036679579868e-02	-9.539722924585060382e-02	1.355746466644967840e-01	-1.609933718515873524e-01	1.600179583615610468e-01	-8.470337057242624534e-02	7.650340368810018554e-02	-1.317246929365438191e-01	7.012519450598225790e-02	-8.704664544517193292e-02
-7.452512461750608608e-02	1.094770817513827516e-01	-9.176951039589634207e-02	7.974704644126344444e-02	-1.030991354262525694e-01	7.040914622826845159e-02	-1.930323903797378504e-01	1.662204058626898517e-01	-8.641397836767342189e-02	8.304217096219601579e-02	-4.769334961171281528e-01	2.215599467722900173e-01	-1.586393009010487742e-01	1.346421543453628911e-01	-1.436306821955528612e-01	9.999999999999991118e-01	-4.094651436350491003e-01	1.913170296345469146e-01	-1.557386088484588593e-01	1.292493380291351857e-01	-5.749201176405840386e-01	2.746580610605162120e-01	-2.066787419305435858e-01	1.635614428223609862e-01	-1.615677315804206204e-01	2.838323643611633251e-01	-2.844958006838818054e-01	2.148106856515418495e-01	-1.234275801024077995e-01	1.179870585912858039e-01	-8.180575766376534108e-02	1.157086392085456272e-01	-1.913311699875053506e-01	1.363719265692219240e-01	-1.449598446756743264e-01	1.014468295903577372e-01	-9.407218387949231597e-02	1.475667431997923773e-01	-7.420361040205147862e-02	8.910183856756553888e-02
5.976346238163401936e-02	-1.109560378711650780e-01	9.009330281625428649e-02	-7.893050298589412983e-02	9.770320283718705867e-02	-5.796831470875503378e-02	1.934542088966237638e-01	-1.792345022726986314e-01	8.443805603476164934e-02	-8.134139798357668816e-02	2.621189487743694202e-01	-3.054980566509923334e-01	1.606369215729450406e-01	-1.404902188910626404e-01	1.385598094316626006e-01	-4.094651436350491003e-01	1.000000000000000222e+00	-2.250096502748046012e-01	1.622245856964811828e-01	-1.320163783468665808e-01	2.609245952947880642e-01	-6.744867484433633154e-01	2.343534183218776712e-01	-1.975926489420951893e-01	1.534436708713669550e-01	-2.697691104454479905e-01	2.617902366976641026e-01	-2.479763573999134718e-01	1.296224135983033987e-01	-1.225568330290718738e-01	8.181885878210569396e-02	-1.224817912687211907e-01	1.802709934482840948e-01	-1.476343888841558094e-01	1.396755120250385562e-01	-1.068216082668042716e-01	9.634402328261962301e-02	-1.591972586825811387e-01	7.720831747054068828e-02	-9.501758898403959985e-02
-7.301003311128884121e-02	1.529022581235617850e-01	-1.384707817311131850e-01	1.287258172327699901e-01	-1.736240169402102906e-01	6.806615790732506444e-02	-2.312035633611284613e-01	2.597392659042297436e-01	-1.475583161813150135e-01	1.441314936268232039e-01	-2.777956250972712926e-01	2.011211069391364292e-01	-4.708835197924001736e-01	2.912688170435474566e-01	-2.871404647105867403e-01	1.913170296345469146e-01	-2.250096502748046012e-01	9.999999999999935607e-01	-5.025742274371263196e-01	2.419404816077352638e-01	-1.500087588124995319e-01	1.871935860374233929e-01	-3.760053648349135913e-01	2.797546158852572962e-01	-2.795556492578479824e-01	1.540883739139510544e-01	-1.764175409915766102e-01	2.139136102834021946e-01	-1.823752879045830722e-01	1.754933395090157167e-01	-7.611687092813752831e-02	1.140999150241705090e-01	-1.902621432022433834e-01	1.871926095552356173e-01	-2.082140004794737209e-01	9.892751016141909659e-02	-9.339676187223054649e-02	1.532405248564240319e-01	-8.366741621631443304e-02	1.001734801071344216e-01
5.146745951833706784e-02	-1.290829162937476848e-01	1.093844872084023118e-01	-1.135506704880520912e-01	1.437291296359310966e-01	-4.892031070424812667e-02	1.582855243567059256e-01	-2.102158068866531726e-01	1.288366692573951755e-01	-1.341493441128365216e-01	1.882599388345653768e-01	-1.525567829235617290e-01	2.626588488521690579e-01	-4.761748665015982929e-01	2.801583233799996853e-01	-1.557386088484588593e-01	1.622245856964811828e-01	-5.025742274371263196e-01	1.000000000000003775e+00	-3.653935120213874788e-01	1.177147370545931493e-01	-1.520651219174234126e-01	2.653891518054821708e-01	-4.596146081641009906e-01	2.597404652186317553e-01	-1.290441544633168236e-01	1.406990905838116090e-01	-1.916547115565379045e-01	1.868150577375471411e-01	-1.809889057123397205e-01	6.633140414587546108e-02	-1.014849081379238238e-01	1.560464079602136844e-01	-1.951314553691119447e-01	1.822820337762880438e-01	-8.836453196792999620e-02	8.188297191700527611e-02	-1.387164527241341316e-01	7.580297971052234185e-02	-9.228737027809698346e-02
-4.498924301330162884e-02	1.192437668072897222e-01	-1.024199297794536473e-01	1.134405458494229801e-01	-1.641610591691635979e-01	4.264071866032491387e-02	-1.343209127844809114e-01	1.684411919587566475e-01	-1.349491189779384592e-01	1.542405000415451310e-01	-1.629061335263495280e-01	1.268064007193675236e-01	-2.008414201115778508e-01	2.632247187540144306e-01	-5.068506103269324603e-01	1.292493380291351857e-01	-1.320163783468665808e-01	2.419404816077352638e-01	-3.653935120213874788e-01	1.000000000000000444e+00	-9.658220425414824895e-02	1.176555675404363510e-01	-1.851462105180260997e-01	2.157452232066992548e-01	-6.381364949263625963e-01	1.051954821211722041e-01	-1.143021085036738660e-01	1.507925410869601357e-01	-1.725915897371112229e-01	2.051577008094265797e-01	-5.729720357845373424e-02	8.727330973206083586e-02	-1.328815605753536633e-01	1.740224971186935810e-01	-2.096628095389982960e-01	7.643606552603092463e-02	-7.104011037457493016e-02	1.203653489236009011e-01	-6.928430231498955427e-02	8.390151404601944862e-02
4.448597602410132856e-02	-7.714005431961679093e-02	6.368989085374919534e-02	-5.639268985563979791e-02	7.211372394050852286e-02	-4.247743317463367752e-02	1.240978615033491439e-01	-1.177231150433820928e-01	6.088136977930761612e-02	-5.907855616647403330e-02	2.259199809146496818e-01	-1.472207215626215870e-01	1.122426202685293389e-01	-9.948686123794127367e-02	1.029441052495033843e-01	-5.749201176405840386e-01	2.609245952947880642e-01	-1.500087588124995319e-01	1.177147370545931493e-01	-9.658220425414824895e-02	1.000000000000003553e+00	-3.538499634680792871e-01	1.730938196442640131e-01	-1.368336368456954111e-01	1.179155435979258870e-01	-6.164407701697922626e-01	2.808837889716647718e-01	-2.126957648357940822e-01	9.866979038198987750e-02	-9.218757832236407213e-02	7.302474371957216881e-02	-1.011174467766594032e-01	1.553523500738058782e-01	-1.098261268309887184e-01	1.089193983338055532e-01	-9.007162687688681502e-02	7.954396843631787728e-02	-1.255354772578249622e-01	6.040327041671963992e-02	-7.323263083339624779e-02
-4.974439482092584547e-02	8.874073370796084492e-02	-7.427851144420558049e-02	6.622931491618146149e-02	-8.524589845560419377e-02	4.728828333013156138e-02	-1.550662881732452758e-01	1.385030512126200486e-01	-7.213746028080204875e-02	7.019284998805866427e-02	-2.266977087861969664e-01	1.829628631499712610e-01	-1.376169884787102893e-01	1.216463821630951736e-01	-1.250876968988035021e-01	2.746580610605162120e-01	-6.744867484433633154e-01	1.871935860374233929e-01	-1.520651219174234126e-01	1.176555675404363510e-01	-3.538499634680792871e-01	9.999999999999984457e-01	-3.267123746560406383e-01	1.893285143658687830e-01	-1.443147874519137841e-01	2.664820204227511535e-01	-4.159137348016853641e-01	2.424035135151964282e-01	-1.239236468240951100e-01	1.118646144831368650e-01	-7.277368242476196791e-02	1.077262326378335966e-01	-1.786450391771615132e-01	1.316069619614362030e-01	-1.302947016640769173e-01	9.100267098159553480e-02	-8.585495902157685988e-02	1.356237021313227431e-01	-6.710364110487225531e-02	8.070442487163526080e-02
5.047789855248117907e-02	-1.087106522025405864e-01	9.116885127767020147e-02	-8.615396166080534213e-02	1.111010418169897929e-01	-4.786739818078469128e-02	1.509454310455626003e-01	-1.709022876159387028e-01	9.480324652751835612e-02	-9.506893611803128585e-02	2.052870133852308654e-01	-1.586912792096876745e-01	1.904837467559011566e-01	-1.907045276058084160e-01	1.783456221293506228e-01	-2.066787419305435858e-01	2.343534183218776712e-01	-3.760053648349135913e-01	2.653891518054821708e-01	-1.851462105180260997e-01	1.730938196442640131e-01	-3.267123746560406383e-01	1.000000000000003331e+00	-6.104123640379169879e-01	2.124360034367445416e-01	-1.943735842424567095e-01	2.263859026333607249e-01	-4.010439977624699059e-01	2.154917315963118529e-01	-1.848483361042287942e-01	8.275451071081388332e-02	-1.291088387947342819e-01	2.169902311786044979e-01	-2.210946766843700229e-01	1.899510026233721949e-01	-1.081038532527757029e-01	1.026505254747225315e-01	-1.722525843136238355e-01	8.855444301321123424e-02	-1.067836220349590998e-01
-4.800393609076722412e-02	1.056193877273789439e-01	-9.058323314840495410e-02	8.864621067586797576e-02	-1.188854369915586795e-01	4.523326006094847279e-02	-1.433688529228890618e-01	1.608189088108436249e-01	-1.003047180908908237e-01	1.019488085175632996e-01	-1.912236566330537402e-01	1.409030116557372925e-01	-1.927419866343086652e-01	2.116765174621024759e-01	-2.094328935133629721e-01	1.635614428223609862e-01	-1.975926489420951893e-01	2.797546158852572962e-01	-4.596146081641009906e-01	2.157452232066992548e-01	-1.368336368456954111e-01	1.893285143658687830e-01	-6.104123640379169879e-01	9.999999999999976685e-01	-2.852298685517835053e-01	1.441003896576964205e-01	-1.741978837275746927e-01	2.329449911695432862e-01	-3.556652417334080774e-01	2.162883156630787118e-01	-6.999565051690109785e-02	1.067329635152321210e-01	-1.898838230938871274e-01	2.358082526466332984e-01	-2.261267639867427792e-01	9.035259957752017623e-02	-8.741173428593482231e-02	1.436440137315533327e-01	-8.278609557606511626e-02	9.718760644968253704e-02
4.874534014930018838e-02	-1.286857044066175570e-01	1.041068840886219399e-01	-1.071770516275080132e-01	1.363305064047402315e-01	-4.658623530594267759e-02	1.434098125349745345e-01	-1.857859978575361892e-01	1.168837924206613393e-01	-1.296443895478965602e-01	1.794544276922316328e-01	-1.449127235307281492e-01	1.906600465576867021e-01	-2.401049518428989282e-01	2.631709059779911986e-01	-1.615677315804206204e-01	1.534436708713669550e-01	-2.795556492578479824e-01	2.597404652186317553e-01	-6.381364949263625963e-01	1.179155435979258870e-01	-1.443147874519137841e-01	2.124360034367445416e-01	-2.852298685517835053e-01	9.999999999999975575e-01	-1.338384022631356196e-01	1.409377088309936021e-01	-1.986648108746411068e-01	2.308705955637631868e-01	-4.040735431757617180e-01	7.635427350242665612e-02	-1.178650159428676208e-01	1.678251842057148502e-01	-2.550303695026491235e-01	2.550351055652411714e-01	-1.037837854502930840e-01	9.493087031074003146e-02	-1.648103368536747992e-01	9.351332802245332365e-02	-1.159966147470321285e-01
-4.753818161915143031e-02	8.017000391430043060e-02	-6.766745417903283211e-02	6.033543879248299407e-02	-7.920361345781488926e-02	4.470351306501374467e-02	-1.320019591266184400e-01	1.207920262480822876e-01	-6.585937196075675182e-02	6.414590637117413563e-02	-2.382747595170734700e-01	1.447668932207318571e-01	-1.208699012939659367e-01	1.065296114099757441e-01	-1.142718677772432273e-01	2.838323643611633251e-01	-2.697691104454479905e-01	1.540883739139510544e-01	-1.290441544633168236e-01	1.051954821211722041e-01	-6.164407701697922626e-01	2.664820204227511535e-01	-1.943735842424567095e-01	1.441003896576964205e-01	-1.338384022631356196e-01	9.999999999999975575e-01	-5.789750702839073782e-01	2.425078562240606250e-01	-1.108767298660458533e-01	1.015786090851047291e-01	-9.074711559613733713e-02	1.142478991497141855e-01	-1.953698925253375129e-01	1.190156477404242658e-01	-1.238717495301858013e-01	1.011397781096306653e-01	-9.143211866107085750e-02	1.347250300783688903e-01	-6.597484495534772231e-02	7.804380821393669398e-02
4.493208861967055989e-02	-8.396261806520391446e-02	6.975596731142817697e-02	-6.290273469097426573e-02	8.128233978022787742e-02	-4.266072858726944333e-02	1.294888923580884421e-01	-1.276067026846063046e-01	6.829506581004825272e-02	-6.692965650893961671e-02	2.057942069833730847e-01	-1.479075366140332193e-01	1.262312033173951242e-01	-1.151192123186043637e-01	1.191592892817471133e-01	-2.844958006838818054e-01	2.617902366976641026e-01	-1.764175409915766102e-01	1.406990905838116090e-01	-1.143021085036738660e-01	2.808837889716647718e-01	-4.159137348016853641e-01	2.263859026333607249e-01	-1.741978837275746927e-01	1.409377088309936021e-01	-5.789750702839073782e-01	9.999999999999985567e-01	-4.947429769905056784e-01	1.308598869626339256e-01	-1.168942001662446190e-01	9.334225251174298188e-02	-1.469140586689911265e-01	2.264692733499981125e-01	-1.416710712800935967e-01	1.347747609876049357e-01	-1.141291209567134590e-01	1.095535073121095826e-01	-1.690417525618689853e-01	7.808707147289017936e-02	-9.393802451297970924e-02
-5.278146809344327894e-02	9.930559382834872051e-02	-8.477388657390944049e-02	7.808410005720411995e-02	-1.045988468711828573e-01	4.942930601448355249e-02	-1.510052704034828830e-01	1.480398449425443519e-01	-8.622623252061113741e-02	8.538146876068510027e-02	-2.342008565772568107e-01	1.542202278943296256e-01	-1.591148513005501419e-01	1.467270897304908117e-01	-1.587707222430409515e-01	2.148106856515418495e-01	-2.479763573999134718e-01	2.139136102834021946e-01	-1.916547115565379045e-01	1.507925410869601357e-01	-2.126957648357940822e-01	2.424035135151964282e-01	-4.010439977624699059e-01	2.329449911695432862e-01	-1.986648108746411068e-01	2.425078562240606250e-01	-4.947429769905056784e-01	9.999999999999990008e-01	-2.158078188536277087e-01	1.641241351011714367e-01	-1.085768556747545438e-01	1.721481292532379415e-01	-5.174973247484666583e-01	1.956743060057428985e-01	-1.944649833696998065e-01	1.312185215924390191e-01	-1.402030119953414644e-01	2.172346610866253969e-01	-1.036109920710973492e-01	1.194511586746865583e-01
3.510909626697865382e-02	-7.893697652511146023e-02	6.611470872667146725e-02	-6.422550491899084446e-02	8.480189808971312637e-02	-3.315832001625859671e-02	1.021666423345594654e-01	-1.160701260583044264e-01	7.096269489384243734e-02	-7.299794971360898388e-02	1.404084586061195017e-01	-1.022069029861464307e-01	1.261287195041982390e-01	-1.370013002777069333e-01	1.422355403328162682e-01	-1.234275801024077995e-01	1.296224135983033987e-01	-1.823752879045830722e-01	1.868150577375471411e-01	-1.725915897371112229e-01	9.866979038198987750e-02	-1.239236468240951100e-01	2.154917315963118529e-01	-3.556652417334080774e-01	2.308705955637631868e-01	-1.108767298660458533e-01	1.308598869626339256e-01	-2.158078188536277087e-01	9.999999999999985567e-01	-5.416123669872296986e-01	6.113309931097661576e-02	-9.514983814108525506e-02	1.657012607570573781e-01	-6.317756368737222905e-01	3.183467516331768277e-01	-7.950280822225543054e-02	7.900689886153069996e-02	-1.333692331552568111e-01	9.572355350035671728e-02	-1.094939395551438321e-01
-3.540599836069808354e-02	8.200853331521015810e-02	-6.868272006031063415e-02	6.776040142631832575e-02	-9.072872242220468564e-02	3.344191138813028957e-02	-1.027698364932683045e-01	1.181557782162920012e-01	-7.522307863134805594e-02	7.853021732648332587e-02	-1.393832565380330735e-01	1.015523093951732347e-01	-1.279511413208198334e-01	1.395146935004907829e-01	-1.595582758544148438e-01	1.179870585912858039e-01	-1.225568330290718738e-01	1.754933395090157167e-01	-1.809889057123397205e-01	2.051577008094265797e-01	-9.218757832236407213e-02	1.118646144831368650e-01	-1.848483361042287942e-01	2.162883156630787118e-01	-4.040735431757617180e-01	1.015786090851047291e-01	-1.168942001662446190e-01	1.641241351011714367e-01	-5.416123669872296986e-01	9.999999999999978906e-01	-5.893864338718515089e-02	9.053947589146985053e-02	-1.501273790264900654e-01	3.191437822258849644e-01	-6.152693606927666092e-01	7.712647434087976928e-02	-7.591691974553133049e-02	1.276735735360179091e-01	-9.340942000047305904e-02	1.085855923284148733e-01
2.223948174944907069e-02	-4.073349552519763689e-02	3.496540131145412650e-02	-3.187052647631356123e-02	4.332781462137468009e-02	-2.069401778523755411e-02	6.111906840565906052e-02	-5.854100681559218367e-02	3.502474886635101314e-02	-3.451212109874272210e-02	9.959372997790871818e-02	-6.066710894046453001e-02	6.115166258391942916e-02	-5.535141265256202786e-02	6.237117036679579868e-02	-8.180575766376534108e-02	8.181885878210569396e-02	-7.611687092813752831e-02	6.633140414587546108e-02	-5.729720357845373424e-02	7.302474371957216881e-02	-7.277368242476196791e-02	8.275451071081388332e-02	-6.999565051690109785e-02	7.635427350242665612e-02	-9.074711559613733713e-02	9.334225251174298188e-02	-1.085768556747545438e-01	6.113309931097661576e-02	-5.893864338718515089e-02	9.999999999999983347e-01	-4.250565864319733045e-01	1.794597568972862989e-01	-7.222469476070815519e-02	7.899171240522667725e-02	-8.398488808356425750e-01	2.362871866552737066e-01	-1.866268948300798536e-01	7.355514558078518617e-02	-8.046749613500894793e-02
-3.347897776832843564e-02	6.099787765189218502e-02	-5.265073768943281246e-02	4.811556532078950510e-02	-6.584414266674266936e-02	3.109292812714436333e-02	-9.221042465930101573e-02	8.772913447267646769e-02	-5.306685772389897748e-02	5.235420325408704501e-02	-1.494954141000393033e-01	9.046409249858222701e-02	-9.275486446655853423e-02	8.389921536488427478e-02	-9.539722924585060382e-02	1.157086392085456272e-01	-1.224817912687211907e-01	1.140999150241705090e-01	-1.014849081379238238e-01	8.727330973206083586e-02	-1.011174467766594032e-01	1.077262326378335966e-01	-1.291088387947342819e-01	1.067329635152321210e-01	-1.178650159428676208e-01	1.142478991497141855e-01	-1.469140586689911265e-01	1.721481292532379415e-01	-9.514983814108525506e-02	9.053947589146985053e-02	-4.250565864319733045e-01	9.999999999999984457e-01	-3.739011366234565870e-01	1.111338335151986767e-01	-1.232487452534298950e-01	2.812926828947527325e-01	-6.752300170906041510e-01	2.901154690559673566e-01	-1.193865374796558576e-01	1.201720024498295486e-01
4.536584842684220076e-02	-8.998930159531640105e-02	7.546491120192298785e-02	-6.947924596730935265e-02	9.164594995667545152e-02	-4.266453904546834569e-02	1.277803863685488261e-01	-1.314031247691871407e-01	7.573655403141907327e-02	-7.511185553607924170e-02	1.961419398471151154e-01	-1.317837597364995839e-01	1.355420436387263228e-01	-1.278579392286943450e-01	1.355746466644967840e-01	-1.913311699875053506e-01	1.802709934482840948e-01	-1.902621432022433834e-01	1.560464079602136844e-01	-1.328815605753536633e-01	1.553523500738058782e-01	-1.786450391771615132e-01	2.169902311786044979e-01	-1.898838230938871274e-01	1.678251842057148502e-01	-1.953698925253375129e-01	2.264692733499981125e-01	-5.174973247484666583e-01	1.657012607570573781e-01	-1.501273790264900654e-01	1.794597568972862989e-01	-3.739011366234565870e-01	9.999999999999984457e-01	-2.139666837096843577e-01	1.829151271682838975e-01	-2.344753830317513610e-01	2.555752876769291082e-01	-4.984027757426914285e-01	1.678571059986682379e-01	-2.026811813570038590e-01
-4.125687026273343327e-02	8.896457798731551014e-02	-7.560903797941712079e-02	7.278910712860167664e-02	-9.863763579925953484e-02	3.873441303536166724e-02	-1.184472769655718905e-01	1.283270601041843484e-01	-8.090584506360272432e-02	8.246307468047198164e-02	-1.678321333940203941e-01	1.159686493465626606e-01	-1.407767179998207219e-01	1.439270028922010058e-01	-1.609933718515873524e-01	1.363719265692219240e-01	-1.476343888841558094e-01	1.871926095552356173e-01	-1.951314553691119447e-01	1.740224971186935810e-01	-1.098261268309887184e-01	1.316069619614362030e-01	-2.210946766843700229e-01	2.358082526466332984e-01	-2.550303695026491235e-01	1.190156477404242658e-01	-1.416710712800935967e-01	1.956743060057428985e-01	-6.317756368737222905e-01	3.191437822258849644e-01	-7.222469476070815519e-02	1.111338335151986767e-01	-2.139666837096843577e-01	9.999999999999978906e-01	-5.619242878706567357e-01	9.195300900378404474e-02	-9.588825962778856071e-02	1.580069574086415685e-01	-1.454064240184851364e-01	1.449292960171998101e-01
4.099560215751692216e-02	-9.720407165577962805e-02	7.928415754186515785e-02	-7.657877528528787836e-02	9.849875786593502436e-02	-3.891794856931434649e-02	1.180135207064439695e-01	-1.392940540199855415e-01	8.295198245573241758e-02	-8.568025945770665897e-02	1.604446359494844654e-01	-1.198047746149680515e-01	1.425482133974718957e-01	-1.534959945970275075e-01	1.600179583615610468e-01	-1.449598446756743264e-01	1.396755120250385562e-01	-2.082140004794737209e-01	1.822820337762880438e-01	-2.096628095389982960e-01	1.089193983338055532e-01	-1.302947016640769173e-01	1.899510026233721949e-01	-2.261267639867427792e-01	2.550351055652411714e-01	-1.238717495301858013e-01	1.347747609876049357e-01	-1.944649833696998065e-01	3.183467516331768277e-01	-6.152693606927666092e-01	7.899171240522667725e-02	-1.232487452534298950e-01	1.829151271682838975e-01	-5.619242878706567357e-01	9.999999999999978906e-01	-1.057084114618516701e-01	1.030613598262489217e-01	-1.803376917264652712e-01	1.387083147995171739e-01	-1.803566789759311617e-01
-3.033274702989569721e-02	5.441238822011550125e-02	-4.715027777104633527e-02	4.295315991271680262e-02	-5.907048253350916794e-02	2.811262646942280091e-02	-8.286550342909740352e-02	7.782715710480156424e-02	-4.739288972881834650e-02	4.666981612619595238e-02	-1.364255586483180127e-01	8.065210832783673012e-02	-8.222913876715336190e-02	7.375156225714057934e-02	-8.470337057242624534e-02	1.014468295903577372e-01	-1.068216082668042716e-01	9.892751016141909659e-02	-8.836453196792999620e-02	7.643606552603092463e-02	-9.007162687688681502e-02	9.100267098159553480e-02	-1.081038532527757029e-01	9.035259957752017623e-02	-1.037837854502930840e-01	1.011397781096306653e-01	-1.141291209567134590e-01	1.312185215924390191e-01	-7.950280822225543054e-02	7.712647434087976928e-02	-8.398488808356425750e-01	2.812926828947527325e-01	-2.344753830317513610e-01	9.195300900378404474e-02	-1.057084114618516701e-01	9.999999999999973355e-01	-3.040091984684495374e-01	1.959568058679427294e-01	-8.707349911166711864e-02	9.083091043754563942e-02
2.656884564548337227e-02	-4.930642927125474667e-02	4.232289340559175495e-02	-3.874610716377648728e-02	5.270968889824423353e-02	-2.472279348246766290e-02	7.329216963462470424e-02	-7.085527970129076869e-02	4.262323371105700837e-02	-4.210844763054352041e-02	1.177437577713453393e-01	-7.235276520569138003e-02	7.443997594365918402e-02	-6.793850453628802466e-02	7.650340368810018554e-02	-9.407218387949231597e-02	9.634402328261962301e-02	-9.339676187223054649e-02	8.188297191700527611e-02	-7.104011037457493016e-02	7.954396843631787728e-02	-8.585495902157685988e-02	1.026505254747225315e-01	-8.741173428593482231e-02	9.493087031074003146e-02	-9.143211866107085750e-02	1.095535073121095826e-01	-1.402030119953414644e-01	7.900689886153069996e-02	-7.591691974553133049e-02	2.362871866552737066e-01	-6.752300170906041510e-01	2.555752876769291082e-01	-9.588825962778856071e-02	1.030613598262489217e-01	-3.040091984684495374e-01	9.999999999999982236e-01	-5.545724882970961556e-01	1.401871045806154514e-01	-1.501695827445513054e-01
-4.556344055080041588e-02	8.290222216655251941e-02	-7.187613521731198163e-02	6.585351806791653329e-02	-9.070683360149464636e-02	4.223441943274425237e-02	-1.251400891362005885e-01	1.186882776136402862e-01	-7.280282396937687306e-02	7.192721250786376919e-02	-2.027309827808664866e-01	1.211240013459695536e-01	-1.264868818706154918e-01	1.145533041979085870e-01	-1.317246929365438191e-01	1.475667431997923773e-01	-1.591972586825811387e-01	1.532405248564240319e-01	-1.387164527241341316e-01	1.203653489236009011e-01	-1.255354772578249622e-01	1.356237021313227431e-01	-1.722525843136238355e-01	1.436440137315533327e-01	-1.648103368536747992e-01	1.347250300783688903e-01	-1.690417525618689853e-01	2.172346610866253969e-01	-1.333692331552568111e-01	1.276735735360179091e-01	-1.866268948300798536e-01	2.901154690559673566e-01	-4.984027757426914285e-01	1.580069574086415685e-01	-1.803376917264652712e-01	1.959568058679427294e-01	-5.545724882970961556e-01	9.999999999999984457e-01	-3.235096731058156316e-01	2.319687142820252845e-01
2.246449806344537684e-02	-4.355646752568594765e-02	3.725321320114460821e-02	-3.459460512968121071e-02	4.701041465462515306e-02	-2.092798998669290200e-02	6.229518633145647577e-02	-6.223984135438190984e-02	3.809783925372423052e-02	-3.801773766210383987e-02	9.714069683737579231e-02	-6.085378024894928795e-02	6.588207856463694501e-02	-6.229913816628828566e-02	7.012519450598225790e-02	-7.420361040205147862e-02	7.720831747054068828e-02	-8.366741621631443304e-02	7.580297971052234185e-02	-6.928430231498955427e-02	6.040327041671963992e-02	-6.710364110487225531e-02	8.855444301321123424e-02	-8.278609557606511626e-02	9.351332802245332365e-02	-6.597484495534772231e-02	7.808707147289017936e-02	-1.036109920710973492e-01	9.572355350035671728e-02	-9.340942000047305904e-02	7.355514558078518617e-02	-1.193865374796558576e-01	1.678571059986682379e-01	-1.454064240184851364e-01	1.387083147995171739e-01	-8.707349911166711864e-02	1.401871045806154514e-01	-3.235096731058156316e-01	9.999999999999986677e-01	-8.919637394012533971e-01
