1.000000000000000222e+00	-5.151090416683150597e-01	1.216421966724664794e-01	-8.000286981984627843e-02	1.346546635426585925e-01	-7.848270606958054341e-01	1.244525782094548089e-01	-1.085305926042663544e-01	1.335566435719070522e-01	-8.862586011567541444e-02	1.452809430228033383e-01	-1.182873831618707211e-01	1.022881069091666900e-01	-6.935428048718940419e-02	8.131166214482483945e-02	-1.100341515174278056e-01	1.029967440846538962e-01	-7.851082098658952735e-02	1.346690096158248973e-01	-5.154627347308946006e-02	1.124508014077732487e-01	-7.501652122779459142e-02	4.962115425415890291e-02	-6.524698399828808559e-02	3.338977147056537698e-02	-4.589183712743385990e-02	5.662941671758684598e-02	-5.110741534780111062e-02	5.887571107193985409e-02	-3.962040890533333887e-02	3.671037357206047985e-02	-5.150196145678356124e-02	5.524711495270603900e-02	-5.561806904115013800e-02	4.433422030334594616e-02	-1.017435637805108872e-01	5.025480500061445255e-02	-7.481871365722883582e-02	3.713240075455494227e-02	-5.010450820666664806e-02
-5.151090416683150597e-01	1.000000000000000000e+00	-3.016578632033171115e-01	1.860988304517016967e-01	-3.225359238635500114e-01	3.066361455889133891e-01	-2.758277951297837816e-01	2.062563789632885225e-01	-3.126461545771564987e-01	2.022474360133384164e-01	-1.972894747966336682e-01	1.673693510701238785e-01	-1.974408419506775980e-01	1.519666840234798755e-01	-1.809883606579784920e-01	1.614860457204249644e-01	-1.780460346824684070e-01	1.456447493052006048e-01	-2.881821151397484515e-01	1.016229119377315276e-01	-2.106392178923764957e-01	1.361583610830104929e-01	-9.284530270722997358e-02	1.209767280355689145e-01	-6.618502359766795240e-02	8.849611503461470019e-02	-1.082685612634345929e-01	9.696560252063354812e-02	-1.138823640824641048e-01	7.727205968854274076e-02	-7.104409468053440868e-02	9.942182655484614606e-02	-1.068769800187835683e-01	1.068914926380171021e-01	-8.720383344978915874e-02	1.988910160122500381e-01	-9.762198018401241351e-02	1.451319678734987184e-01	-7.174368266216080148e-02	9.650094369289856366e-02
1.216421966724664794e-01	-3.016578632033171115e-01	9.999999999999995559e-01	-7.947127593542104851e-01	2.873786176780609991e-01	-1.699273831984373928e-01	1.375163139591227823e-01	-1.661876117652200113e-01	1.937547494190246800e-01	-2.209453414811339000e-01	9.571143569247983485e-02	-9.294567045309409803e-02	9.954727029193938259e-02	-9.684838229902992257e-02	1.064530076427941396e-01	-9.013881857823609345e-02	9.254869880277595551e-02	-7.737099244418767230e-02	1.453991674611229967e-01	-7.745317512606217369e-02	1.114346284911658658e-01	-9.047452898097997631e-02	6.225974460374819608e-02	-8.474220118289728376e-02	4.845614868688225690e-02	-7.163285854466543146e-02	7.467863743677988220e-02	-6.965248745300295363e-02	8.109726610477614728e-02	-5.821953642716174576e-02	5.683112815028831116e-02	-7.978208110890334936e-02	8.174537465248667145e-02	-8.125068525902505445e-02	6.384746703389383715e-02	-1.750633460840054223e-01	8.046513942876860892e-02	-1.213597444320540231e-01	5.594816019690884018e-02	-7.634968502986144712e-02
-8.000286981984627843e-02	1.860988304517016967e-01	-7.947127593542104851e-01	9.999999999999995559e-01	-4.789962465573203154e-01	1.095210398283496950e-01	-1.044896802214611148e-01	1.142232389750356403e-01	-1.976289474392068923e-01	2.013343973122700137e-01	-6.650634913931730008e-02	6.485202912955051469e-02	-7.129529448045276996e-02	8.026713061027147822e-02	-9.000454023968482153e-02	6.240162685162681938e-02	-6.523200295084045919e-02	5.532997508860981739e-02	-1.060812214615415583e-01	5.379638330479050157e-02	-7.730707225531555093e-02	6.216150130962146830e-02	-4.279900867009468063e-02	5.813961929663324230e-02	-3.376190804475824592e-02	4.860656918517536340e-02	-5.119346976521783193e-02	4.765771819739333948e-02	-5.562868270948784916e-02	4.006866164395118945e-02	-3.858953552728040109e-02	5.418559441103191349e-02	-5.568804757251220178e-02	5.551662382494824272e-02	-4.404016273681507498e-02	1.182579141088171693e-01	-5.456491221456795382e-02	8.224963036763285884e-02	-3.813672971998020161e-02	5.199095698250223718e-02
1.346546635426585925e-01	-3.225359238635500114e-01	2.873786176780609991e-01	-4.789962465573203154e-01	9.999999999999996669e-01	-1.961241447420293826e-01	1.410985618239405104e-01	-1.614073643575963113e-01	2.936092004867247307e-01	-5.727926789546723407e-01	1.124642438026011992e-01	-1.093593736692238250e-01	1.205098355230682095e-01	-1.415978429039751185e-01	1.522269233906282937e-01	-1.083659663459560912e-01	1.107220142187760603e-01	-9.445028822335856111e-02	1.803714445761197271e-01	-9.930094084050877790e-02	1.352178815083033281e-01	-1.122249647399511524e-01	7.749068382035412261e-02	-1.058919675788122516e-01	6.183892927612630319e-02	-9.049900691337185721e-02	9.323796367236668325e-02	-8.725394861975097061e-02	1.017857167406207158e-01	-7.385412029663064593e-02	7.175499093725234978e-02	-1.007710170427384977e-01	1.029381982034678900e-01	-1.024688728811835176e-01	8.082494086269328970e-02	-2.224705338279179545e-01	1.018372637490010252e-01	-1.537588704587857791e-01	7.064948787585696721e-02	-9.648748887128652529e-02
-7.848270606958054341e-01	3.066361455889133891e-01	-1.699273831984373928e-01	1.095210398283496950e-01	-1.961241447420293826e-01	9.999999999999997780e-01	-1.618351453760601411e-01	1.317798325543267368e-01	-1.931897763615930963e-01	1.254879942582104724e-01	-2.402221581849636467e-01	1.589558510539254288e-01	-1.491222626897408532e-01	1.001335653357325606e-01	-1.183223255572557336e-01	1.501066385804985248e-01	-1.486100885410843453e-01	1.120540524172947000e-01	-1.975641322867473237e-01	7.217236558140141534e-02	-1.652575335933394729e-01	1.046780235688268279e-01	-6.974921588605113854e-02	9.078901875955856793e-02	-4.694756024122456739e-02	6.384639737406092030e-02	-7.985161213095212651e-02	7.152964050224308590e-02	-8.278851729885250421e-02	5.543229917752436064e-02	-5.118466339137461157e-02	7.168381174446494808e-02	-7.728425694976193139e-02	7.756101633530540496e-02	-6.229684079062635521e-02	1.408655292419332683e-01	-6.989124861777518127e-02	1.038441084165645512e-01	-5.175898055867339531e-02	6.967757677321401166e-02
1.244525782094548089e-01	-2.758277951297837816e-01	1.375163139591227823e-01	-1.044896802214611148e-01	1.410985618239405104e-01	-1.618351453760601411e-01	9.999999999999996669e-01	-8.793383102457866807e-01	1.975811546501313465e-01	-1.429355570707792344e-01	1.296718999965718877e-01	-1.708972503863012415e-01	1.129046927012095775e-01	-8.607955815081687334e-02	9.086364732026291913e-02	-1.026535189527094938e-01	1.179446262510307764e-01	-8.792126293056659603e-02	1.294735881602663286e-01	-5.752902490516156875e-02	1.058415416678929466e-01	-7.823593070586079556e-02	5.195040866044427913e-02	-6.916768750025029111e-02	3.654539912416394920e-02	-5.168153421501827521e-02	5.973516591120084374e-02	-5.474629286150284324e-02	6.286464194345438294e-02	-4.357244925087655485e-02	4.114104809241491550e-02	-5.781474536097707534e-02	6.073196932669830406e-02	-6.101854738478480755e-02	4.812687211222832495e-02	-1.194459662662508276e-01	5.714731263089444652e-02	-8.567166696455889852e-02	4.119455510828034378e-02	-5.592405377015607221e-02
-1.085305926042663544e-01	2.062563789632885225e-01	-1.661876117652200113e-01	1.142232389750356403e-01	-1.614073643575963113e-01	1.317798325543267368e-01	-8.793383102457866807e-01	9.999999999999994449e-01	-2.756359132073685214e-01	1.528636186636055661e-01	-1.228997205124526121e-01	1.360377990637074985e-01	-1.153367570535280551e-01	9.163208240564649221e-02	-9.824869189186430374e-02	9.562267070251784240e-02	-1.145646852201733928e-01	8.593411496567607277e-02	-1.321895170113960294e-01	5.601192427393842516e-02	-1.035547375121526475e-01	7.496438584031521468e-02	-5.012922759017331836e-02	6.644195804313568487e-02	-3.568583784363540956e-02	4.972873444721841174e-02	-5.779180019471807234e-02	5.277900953324426297e-02	-6.086638482213137247e-02	4.222608244313909992e-02	-3.963274480209059980e-02	5.566370729944600249e-02	-5.861148793085451530e-02	5.884985115694899016e-02	-4.676839324030999945e-02	1.148315384826547186e-01	-5.502433178481081627e-02	8.241987179741480651e-02	-3.972318463170401714e-02	5.386049461097351665e-02
1.335566435719070522e-01	-3.126461545771564987e-01	1.937547494190246800e-01	-1.976289474392068923e-01	2.936092004867247307e-01	-1.931897763615930963e-01	1.975811546501313465e-01	-2.756359132073685214e-01	9.999999999999994449e-01	-6.738229835354389019e-01	1.203723175704638215e-01	-1.219211466249288806e-01	1.332805428424188032e-01	-2.697861848332263057e-01	2.200066117839268864e-01	-1.154456119772765410e-01	1.201746177814168731e-01	-1.063629397507165480e-01	2.029551836821601729e-01	-1.051206875495186155e-01	1.400546716468860642e-01	-1.161516887445092627e-01	7.995918057739599683e-02	-1.092922876480584421e-01	6.542581873264560754e-02	-9.113785785819153440e-02	9.540070048138579728e-02	-8.923293369876694747e-02	1.043166626354649351e-01	-7.649450285015273188e-02	7.229345823516775127e-02	-1.016448821502034666e-01	1.042489575788766026e-01	-1.046171846589854793e-01	8.375993341220089317e-02	-2.222775918185670163e-01	1.024039064436212260e-01	-1.545836679040485384e-01	7.176490051282576055e-02	-9.792626885673215431e-02
-8.862586011567541444e-02	2.022474360133384164e-01	-2.209453414811339000e-01	2.013343973122700137e-01	-5.727926789546723407e-01	1.254879942582104724e-01	-1.429355570707792344e-01	1.528636186636055661e-01	-6.738229835354389019e-01	9.999999999999995559e-01	-8.350430996430682762e-02	8.367792576457241949e-02	-9.628660566644900443e-02	1.755807184690153511e-01	-2.143733223422642498e-01	7.962135483744060827e-02	-8.477265548781492965e-02	7.597404479102261299e-02	-1.524556732964379158e-01	7.341157176783244531e-02	-9.737491034893369646e-02	7.969000506484155699e-02	-5.498285484022555347e-02	7.491938148508960060e-02	-4.614677731706069014e-02	6.187557562377695580e-02	-6.546286783612914606e-02	6.107670316360821333e-02	-7.171683562431933889e-02	5.281783804497545975e-02	-4.912528201534635541e-02	6.907573930731776557e-02	-7.109334233991143615e-02	7.155504386431189856e-02	-5.814017966334749515e-02	1.502742937813314472e-01	-6.949801113549032572e-02	1.048258563805987142e-01	-4.897156733653643818e-02	6.671811777911507146e-02
1.452809430228033383e-01	-1.972894747966336682e-01	9.571143569247983485e-02	-6.650634913931730008e-02	1.124642438026011992e-01	-2.402221581849636467e-01	1.296718999965718877e-01	-1.228997205124526121e-01	1.203723175704638215e-01	-8.350430996430682762e-02	9.999999999999984457e-01	-6.544673104819960230e-01	2.107188845679567046e-01	-8.567406009684733204e-02	9.485612626034309325e-02	-5.341271430104772566e-01	2.989383316310861849e-01	-1.855446194794248826e-01	1.863250968581505462e-01	-8.855073816064333581e-02	2.432883470673391502e-01	-1.696820985454073616e-01	1.020339772582957993e-01	-1.358195316787821627e-01	5.681100396341687286e-02	-8.363663168286525340e-02	1.086475871984696334e-01	-9.958679591870946146e-02	1.081051655312501303e-01	-7.031502544950767042e-02	6.623418530743782617e-02	-9.346452509138392095e-02	1.003304864739614222e-01	-1.029021648477406320e-01	7.701886097672425158e-02	-1.747297041966300313e-01	8.901797525097469854e-02	-1.327772458549563717e-01	6.734206469874905177e-02	-9.146932603603163958e-02
-1.182873831618707211e-01	1.673693510701238785e-01	-9.294567045309409803e-02	6.485202912955051469e-02	-1.093593736692238250e-01	1.589558510539254288e-01	-1.708972503863012415e-01	1.360377990637074985e-01	-1.219211466249288806e-01	8.367792576457241949e-02	-6.544673104819960230e-01	9.999999999999992228e-01	-3.190602616345118991e-01	9.050101421996871454e-02	-9.813460470195382868e-02	2.983059804266165460e-01	-5.312429656860085947e-01	2.326301232927635576e-01	-2.027642086495080598e-01	8.131925621963732864e-02	-2.265608439017640363e-01	1.522750279610614876e-01	-9.464160960902608111e-02	1.200083314030473691e-01	-5.231317839981288603e-02	7.579295065415395105e-02	-1.012840132149672029e-01	9.043384939929408062e-02	-9.918245441879193491e-02	6.405650108831217882e-02	-6.041896486496606961e-02	8.503152278655835838e-02	-9.192704135173594693e-02	9.280623276374924679e-02	-7.058505343156801226e-02	1.607456737753558129e-01	-8.144697361446461004e-02	1.211564557346061499e-01	-6.107427079884792526e-02	8.255870324833451679e-02
1.022881069091666900e-01	-1.974408419506775980e-01	9.954727029193938259e-02	-7.129529448045276996e-02	1.205098355230682095e-01	-1.491222626897408532e-01	1.129046927012095775e-01	-1.153367570535280551e-01	1.332805428424188032e-01	-9.628660566644900443e-02	2.107188845679567046e-01	-3.190602616345118991e-01	1.000000000000001554e+00	-1.463369339372652123e-01	1.364003782513389385e-01	-2.511704590320461006e-01	2.953404299260321553e-01	-7.361884218902651211e-01	2.782146126316760171e-01	-1.195014164480486252e-01	2.060220091937856601e-01	-1.817479242427396113e-01	1.182252356667552046e-01	-1.596330123817354951e-01	7.478046128819851313e-02	-1.099740667496227620e-01	1.281328999891958864e-01	-1.199818899288102730e-01	1.334175231462278732e-01	-9.179080046959070538e-02	8.705313428160754707e-02	-1.233658457502995881e-01	1.287999683262253392e-01	-1.313493145876133972e-01	9.954632616417996571e-02	-2.519746667134288298e-01	1.210618140271447762e-01	-1.824437684967211148e-01	8.796792857980130498e-02	-1.202115102043846417e-01
-6.935428048718940419e-02	1.519666840234798755e-01	-9.684838229902992257e-02	8.026713061027147822e-02	-1.415978429039751185e-01	1.001335653357325606e-01	-8.607955815081687334e-02	9.163208240564649221e-02	-2.697861848332263057e-01	1.755807184690153511e-01	-8.567406009684733204e-02	9.050101421996871454e-02	-1.463369339372652123e-01	1.000000000000000666e+00	-8.539978605292872782e-01	9.009901077553574000e-02	-1.012784324935607355e-01	1.195157171635471277e-01	-3.266384509958310534e-01	1.025927834482334294e-01	-1.070037000669961658e-01	9.272915707690766729e-02	-6.477082542637552232e-02	8.912209954794447775e-02	-6.540168692059583622e-02	7.046394539508304966e-02	-7.575053025956632324e-02	7.111051463921432003e-02	-8.516688378037765017e-02	6.682980014094698495e-02	-5.595789065049853322e-02	7.901167652884251436e-02	-8.173089316148347827e-02	8.465200895211404120e-02	-7.416337928940507085e-02	1.702754519412634504e-01	-7.929187476430932247e-02	1.198129943344855425e-01	-5.728583360566207733e-02	7.781912964406662025e-02
8.131166214482483945e-02	-1.809883606579784920e-01	1.064530076427941396e-01	-9.000454023968482153e-02	1.522269233906282937e-01	-1.183223255572557336e-01	9.086364732026291913e-02	-9.824869189186430374e-02	2.200066117839268864e-01	-2.143733223422642498e-01	9.485612626034309325e-02	-9.813460470195382868e-02	1.364003782513389385e-01	-8.539978605292872782e-01	1.000000000000000444e+00	-1.003577345568001378e-01	1.070953473643229958e-01	-1.175031864799516296e-01	2.437798238412914875e-01	-1.354248324655527858e-01	1.234229634222159672e-01	-1.093918821594400820e-01	7.646718205284740166e-02	-1.059586852873238561e-01	8.034316485773411454e-02	-8.657651327278644005e-02	9.077614803532851884e-02	-8.567815378957979733e-02	1.028787067136399253e-01	-8.298301085202999805e-02	6.868849757593870065e-02	-9.696464529070085436e-02	9.969130968516476399e-02	-1.035475352326521853e-01	9.042477523803188477e-02	-2.115547729133357979e-01	9.771591668034776412e-02	-1.479686362431262281e-01	7.024928277626511786e-02	-9.567218057367957162e-02
-1.100341515174278056e-01	1.614860457204249644e-01	-9.013881857823609345e-02	6.240162685162681938e-02	-1.083659663459560912e-01	1.501066385804985248e-01	-1.026535189527094938e-01	9.562267070251784240e-02	-1.154456119772765410e-01	7.962135483744060827e-02	-5.341271430104772566e-01	2.983059804266165460e-01	-2.511704590320461006e-01	9.009901077553574000e-02	-1.003577345568001378e-01	9.999999999999998890e-01	-4.824673907622954450e-01	2.076459997237255495e-01	-2.127873314433477714e-01	9.313204018751432278e-02	-5.259841634540641797e-01	2.022237829165254852e-01	-1.210523535104519460e-01	1.502944868633258602e-01	-6.054153013235715614e-02	9.073330900513636166e-02	-1.272643654234546784e-01	1.118831863032786755e-01	-1.202683087705020831e-01	7.487952631062291808e-02	-7.237892474142272603e-02	9.994309897331056514e-02	-1.096264323782042832e-01	1.101966436946951733e-01	-8.270964156275499579e-02	1.791771866393717105e-01	-9.402014962232793649e-02	1.388181909162748973e-01	-7.164998863628097014e-02	9.647320497995214017e-02
1.029967440846538962e-01	-1.780460346824684070e-01	9.254869880277595551e-02	-6.523200295084045919e-02	1.107220142187760603e-01	-1.486100885410843453e-01	1.179446262510307764e-01	-1.145646852201733928e-01	1.201746177814168731e-01	-8.477265548781492965e-02	2.989383316310861849e-01	-5.312429656860085947e-01	2.953404299260321553e-01	-1.012784324935607355e-01	1.070953473643229958e-01	-4.824673907622954450e-01	1.000000000000001332e+00	-4.558204041504746451e-01	2.314296498174366334e-01	-1.035716862044632341e-01	2.556984550699139547e-01	-2.298568326015712759e-01	1.283292660326804668e-01	-1.642416249547929974e-01	6.633341874064276056e-02	-9.724237070958864637e-02	1.324898922624510311e-01	-1.200341900145691920e-01	1.280597888717568134e-01	-8.231066144164382592e-02	7.715349919795716493e-02	-1.097168286427969014e-01	1.182657080858720705e-01	-1.207274027158813656e-01	8.995396850614068018e-02	-2.043929451080519766e-01	1.042730945411926707e-01	-1.555215717809635967e-01	7.885205660536021011e-02	-1.069488336424565672e-01
-7.851082098658952735e-02	1.456447493052006048e-01	-7.737099244418767230e-02	5.532997508860981739e-02	-9.445028822335856111e-02	1.120540524172947000e-01	-8.792126293056659603e-02	8.593411496567607277e-02	-1.063629397507165480e-01	7.597404479102261299e-02	-1.855446194794248826e-01	2.326301232927635576e-01	-7.361884218902651211e-01	1.195157171635471277e-01	-1.175031864799516296e-01	2.076459997237255495e-01	-4.558204041504746451e-01	1.000000000000001332e+00	-3.669619977105986752e-01	9.029393509904892756e-02	-1.789903492479710256e-01	1.457029012025613524e-01	-9.808881005521331853e-02	1.241806351914926387e-01	-5.702671099236825830e-02	8.215491351972269152e-02	-1.017303859963719498e-01	9.311371629962458818e-02	-1.032627512942023151e-01	6.938841046971805371e-02	-6.529334119858713759e-02	9.241413394441562457e-02	-9.791013461282030428e-02	9.910081825122563082e-02	-7.572540596589658057e-02	1.848251678954905552e-01	-9.013228439376443080e-02	1.351696989703858875e-01	-6.604343666151475667e-02	8.976543687331681176e-02
1.346690096158248973e-01	-2.881821151397484515e-01	1.453991674611229967e-01	-1.060812214615415583e-01	1.803714445761197271e-01	-1.975641322867473237e-01	1.294735881602663286e-01	-1.321895170113960294e-01	2.029551836821601729e-01	-1.524556732964379158e-01	1.863250968581505462e-01	-2.027642086495080598e-01	2.782146126316760171e-01	-3.266384509958310534e-01	2.437798238412914875e-01	-2.127873314433477714e-01	2.314296498174366334e-01	-3.669619977105986752e-01	1.000000000000000666e+00	-2.024103088455515564e-01	2.460814183445095837e-01	-2.303956314641347480e-01	1.603725068543821186e-01	-2.284149482501941497e-01	1.231845105477720054e-01	-1.793057030858755119e-01	1.849376787174051018e-01	-1.759069334006481966e-01	2.029459519118892719e-01	-1.487490968196342189e-01	1.418057355917560491e-01	-2.001566721220540968e-01	2.036729644121141325e-01	-2.062141621089367549e-01	1.598984456096618767e-01	-4.411628387620956659e-01	2.019004452802996008e-01	-3.064723810230260970e-01	1.412898311264374762e-01	-1.938937411629669816e-01
-5.154627347308946006e-02	1.016229119377315276e-01	-7.745317512606217369e-02	5.379638330479050157e-02	-9.930094084050877790e-02	7.217236558140141534e-02	-5.752902490516156875e-02	5.601192427393842516e-02	-1.051206875495186155e-01	7.341157176783244531e-02	-8.855073816064333581e-02	8.131925621963732864e-02	-1.195014164480486252e-01	1.025927834482334294e-01	-1.354248324655527858e-01	9.313204018751432278e-02	-1.035716862044632341e-01	9.029393509904892756e-02	-2.024103088455515564e-01	1.000000000000000666e+00	-1.557725795583480843e-01	1.251905761171601683e-01	-1.026953107118129677e-01	1.328548953821226397e-01	-7.531002251303345885e-01	7.899800372618812072e-02	-1.291374327031591940e-01	1.173950905082762480e-01	-2.190859702464815206e-01	3.068964531508124871e-01	-6.622509673126177054e-02	9.753822983901649923e-02	-1.227209928183961296e-01	1.874357612249865634e-01	-3.983598162304378687e-01	1.524110746114540060e-01	-9.233627723724457947e-02	1.346297333298078214e-01	-1.100737403518018825e-01	1.322135360279241278e-01
1.124508014077732487e-01	-2.106392178923764957e-01	1.114346284911658658e-01	-7.730707225531555093e-02	1.352178815083033281e-01	-1.652575335933394729e-01	1.058415416678929466e-01	-1.035547375121526475e-01	1.400546716468860642e-01	-9.737491034893369646e-02	2.432883470673391502e-01	-2.265608439017640363e-01	2.060220091937856601e-01	-1.070037000669961658e-01	1.234229634222159672e-01	-5.259841634540641797e-01	2.556984550699139547e-01	-1.789903492479710256e-01	2.460814183445095837e-01	-1.557725795583480843e-01	1.000000000000000888e+00	-4.597933262174615510e-01	2.218903694386596959e-01	-2.978651834107429730e-01	1.009391846043497104e-01	-1.626527838734999065e-01	2.201582882384672812e-01	-2.046439628538455624e-01	2.074895225025419621e-01	-1.285339241676219102e-01	1.251836408349233376e-01	-1.731484157748197639e-01	1.876612096128386087e-01	-1.952578265003679925e-01	1.396091920159698019e-01	-2.914069151215607500e-01	1.582621159785245479e-01	-2.344419867315254702e-01	1.241095873446686343e-01	-1.686263959080229469e-01
-7.501652122779459142e-02	1.361583610830104929e-01	-9.047452898097997631e-02	6.216150130962146830e-02	-1.122249647399511524e-01	1.046780235688268279e-01	-7.823593070586079556e-02	7.496438584031521468e-02	-1.161516887445092627e-01	7.969000506484155699e-02	-1.696820985454073616e-01	1.522750279610614876e-01	-1.817479242427396113e-01	9.272915707690766729e-02	-1.093918821594400820e-01	2.022237829165254852e-01	-2.298568326015712759e-01	1.457029012025613524e-01	-2.303956314641347480e-01	1.251905761171601683e-01	-4.597933262174615510e-01	1.000000000000001776e+00	-5.329294276537488440e-01	3.060595911288282456e-01	-8.991463503144353497e-02	1.252136324654311295e-01	-4.396075722991894530e-01	2.669381499622075493e-01	-2.507870690554140358e-01	1.123162099114696777e-01	-1.048808862670827097e-01	1.551606241937786845e-01	-2.010082164110368885e-01	1.743819649807798189e-01	-1.306724164862430315e-01	2.061782482600671984e-01	-1.339148788287491398e-01	1.866993075804730950e-01	-1.081745638665399800e-01	1.361395449054303985e-01
4.962115425415890291e-02	-9.284530270722997358e-02	6.225974460374819608e-02	-4.279900867009468063e-02	7.749068382035412261e-02	-6.974921588605113854e-02	5.195040866044427913e-02	-5.012922759017331836e-02	7.995918057739599683e-02	-5.498285484022555347e-02	1.020339772582957993e-01	-9.464160960902608111e-02	1.182252356667552046e-01	-6.477082542637552232e-02	7.646718205284740166e-02	-1.210523535104519460e-01	1.283292660326804668e-01	-9.808881005521331853e-02	1.603725068543821186e-01	-1.026953107118129677e-01	2.218903694386596959e-01	-5.329294276537488440e-01	1.000000000000001554e+00	-7.042680612810928720e-01	7.472526808892078487e-02	-9.469342434795351149e-02	2.519195169341464924e-01	-3.057569160550180909e-01	2.233604437649654717e-01	-9.542972034326172026e-02	7.874167276241886282e-02	-1.239231203049559193e-01	1.626127379305145337e-01	-1.551516292427056742e-01	1.066301384049211654e-01	-1.547288073691292787e-01	1.034078522883617873e-01	-1.474168924627641819e-01	8.992912002656414105e-02	-1.138739413532526418e-01
-6.524698399828808559e-02	1.209767280355689145e-01	-8.474220118289728376e-02	5.813961929663324230e-02	-1.058919675788122516e-01	9.078901875955856793e-02	-6.916768750025029111e-02	6.644195804313568487e-02	-1.092922876480584421e-01	7.491938148508960060e-02	-1.358195316787821627e-01	1.200083314030473691e-01	-1.596330123817354951e-01	8.912209954794447775e-02	-1.059586852873238561e-01	1.502944868633258602e-01	-1.642416249547929974e-01	1.241806351914926387e-01	-2.284149482501941497e-01	1.328548953821226397e-01	-2.978651834107429730e-01	3.060595911288282456e-01	-7.042680612810928720e-01	1.000000000000000888e+00	-1.034689434418840787e-01	1.113967147198735852e-01	-2.770219303494146912e-01	2.455479047438822449e-01	-3.714664400661895072e-01	1.255677599567902314e-01	-9.460853390457063528e-02	1.418402587066795173e-01	-1.942154531776891513e-01	1.962281599112058184e-01	-1.460334533146591396e-01	1.883988857336124367e-01	-1.247684829279579188e-01	1.742199456228031573e-01	-1.158973630807621641e-01	1.410364008845014228e-01
3.338977147056537698e-02	-6.618502359766795240e-02	4.845614868688225690e-02	-3.376190804475824592e-02	6.183892927612630319e-02	-4.694756024122456739e-02	3.654539912416394920e-02	-3.568583784363540956e-02	6.542581873264560754e-02	-4.614677731706069014e-02	5.681100396341687286e-02	-5.231317839981288603e-02	7.478046128819851313e-02	-6.540168692059583622e-02	8.034316485773411454e-02	-6.054153013235715614e-02	6.633341874064276056e-02	-5.702671099236825830e-02	1.231845105477720054e-01	-7.531002251303345885e-01	1.009391846043497104e-01	-8.991463503144353497e-02	7.472526808892078487e-02	-1.034689434418840787e-01	1.000000000000000222e+00	-5.637079397593631330e-02	8.958124143930705496e-02	-8.582798858856008350e-02	1.572875215342914301e-01	-5.419235121481313922e-01	4.690512104189292764e-02	-7.031610728735175619e-02	8.691875273168613025e-02	-1.516636324200955344e-01	2.759778247951835684e-01	-1.086273744433797622e-01	6.612347424304257371e-02	-9.850798927460845122e-02	8.364545854637912836e-02	-1.054810584819963065e-01
-4.589183712743385990e-02	8.849611503461470019e-02	-7.163285854466543146e-02	4.860656918517536340e-02	-9.049900691337185721e-02	6.384639737406092030e-02	-5.168153421501827521e-02	4.972873444721841174e-02	-9.113785785819153440e-02	6.187557562377695580e-02	-8.363663168286525340e-02	7.579295065415395105e-02	-1.099740667496227620e-01	7.046394539508304966e-02	-8.657651327278644005e-02	9.073330900513636166e-02	-9.724237070958864637e-02	8.215491351972269152e-02	-1.793057030858755119e-01	7.899800372618812072e-02	-1.626527838734999065e-01	1.252136324654311295e-01	-9.469342434795351149e-02	1.113967147198735852e-01	-5.637079397593631330e-02	1.000000000000000000e+00	-1.702679525401140093e-01	1.361834238407652331e-01	-1.307076523928346612e-01	6.935968005578579954e-02	-8.657056641352854909e-01	2.419549234096595447e-01	-2.413108858424980185e-01	1.105561481687717396e-01	-8.546719144085009046e-02	2.089177191449016202e-01	-1.933900642980301565e-01	1.785127909050764072e-01	-7.696963275643421698e-02	9.232287908745828720e-02
5.662941671758684598e-02	-1.082685612634345929e-01	7.467863743677988220e-02	-5.119346976521783193e-02	9.323796367236668325e-02	-7.985161213095212651e-02	5.973516591120084374e-02	-5.779180019471807234e-02	9.540070048138579728e-02	-6.546286783612914606e-02	1.086475871984696334e-01	-1.012840132149672029e-01	1.281328999891958864e-01	-7.575053025956632324e-02	9.077614803532851884e-02	-1.272643654234546784e-01	1.324898922624510311e-01	-1.017303859963719498e-01	1.849376787174051018e-01	-1.291374327031591940e-01	2.201582882384672812e-01	-4.396075722991894530e-01	2.519195169341464924e-01	-2.770219303494146912e-01	8.958124143930705496e-02	-1.702679525401140093e-01	1.000000000000001110e+00	-6.895451578420418448e-01	2.540692231929643774e-01	-1.211599095743335075e-01	1.340340785364348419e-01	-2.331949705941238349e-01	2.608908052058985794e-01	-2.083410274202322776e-01	1.338971659750790300e-01	-2.257997008939091887e-01	1.663474321768593500e-01	-2.373877664875037041e-01	1.229470393075505069e-01	-1.584498546400460173e-01
-5.110741534780111062e-02	9.696560252063354812e-02	-6.965248745300295363e-02	4.765771819739333948e-02	-8.725394861975097061e-02	7.152964050224308590e-02	-5.474629286150284324e-02	5.277900953324426297e-02	-8.923293369876694747e-02	6.107670316360821333e-02	-9.958679591870946146e-02	9.043384939929408062e-02	-1.199818899288102730e-01	7.111051463921432003e-02	-8.567815378957979733e-02	1.118831863032786755e-01	-1.200341900145691920e-01	9.311371629962458818e-02	-1.759069334006481966e-01	1.173950905082762480e-01	-2.046439628538455624e-01	2.669381499622075493e-01	-3.057569160550180909e-01	2.455479047438822449e-01	-8.582798858856008350e-02	1.361834238407652331e-01	-6.895451578420418448e-01	1.000000000000001998e+00	-3.683477642159833088e-01	1.159240998625424568e-01	-1.184518771412270827e-01	2.055431481385504300e-01	-3.975560297088532313e-01	2.030747210448562989e-01	-1.329589601207792626e-01	1.911535188024321152e-01	-1.552496313790701077e-01	2.085359388540946879e-01	-1.177089314966001388e-01	1.423823241189763056e-01
5.887571107193985409e-02	-1.138823640824641048e-01	8.109726610477614728e-02	-5.562868270948784916e-02	1.017857167406207158e-01	-8.278851729885250421e-02	6.286464194345438294e-02	-6.086638482213137247e-02	1.043166626354649351e-01	-7.171683562431933889e-02	1.081051655312501303e-01	-9.918245441879193491e-02	1.334175231462278732e-01	-8.516688378037765017e-02	1.028787067136399253e-01	-1.202683087705020831e-01	1.280597888717568134e-01	-1.032627512942023151e-01	2.029459519118892719e-01	-2.190859702464815206e-01	2.074895225025419621e-01	-2.507870690554140358e-01	2.233604437649654717e-01	-3.714664400661895072e-01	1.572875215342914301e-01	-1.307076523928346612e-01	2.540692231929643774e-01	-3.683477642159833088e-01	9.999999999999980016e-01	-2.663444736943821334e-01	1.084635060487931513e-01	-1.764385589311649460e-01	2.265798218120448626e-01	-5.764568611665473741e-01	2.512745962315727222e-01	-2.206203273832798295e-01	1.520790241965096767e-01	-2.293613830514659169e-01	2.216515930869202011e-01	-2.842227040367526492e-01
-3.962040890533333887e-02	7.727205968854274076e-02	-5.821953642716174576e-02	4.006866164395118945e-02	-7.385412029663064593e-02	5.543229917752436064e-02	-4.357244925087655485e-02	4.222608244313909992e-02	-7.649450285015273188e-02	5.281783804497545975e-02	-7.031502544950767042e-02	6.405650108831217882e-02	-9.179080046959070538e-02	6.682980014094698495e-02	-8.298301085202999805e-02	7.487952631062291808e-02	-8.231066144164382592e-02	6.938841046971805371e-02	-1.487490968196342189e-01	3.068964531508124871e-01	-1.285339241676219102e-01	1.123162099114696777e-01	-9.542972034326172026e-02	1.255677599567902314e-01	-5.419235121481313922e-01	6.935968005578579954e-02	-1.211599095743335075e-01	1.159240998625424568e-01	-2.663444736943821334e-01	1.000000000000001332e+00	-5.852205170967709341e-02	8.871722878003181212e-02	-1.156278627120258390e-01	2.215031142879906323e-01	-6.738831272327341360e-01	1.273785816688014494e-01	-8.257798509400843257e-02	1.210974024522293441e-01	-1.193795079872903148e-01	1.395599782918374721e-01
3.671037357206047985e-02	-7.104409468053440868e-02	5.683112815028831116e-02	-3.858953552728040109e-02	7.175499093725234978e-02	-5.118466339137461157e-02	4.114104809241491550e-02	-3.963274480209059980e-02	7.229345823516775127e-02	-4.912528201534635541e-02	6.623418530743782617e-02	-6.041896486496606961e-02	8.705313428160754707e-02	-5.595789065049853322e-02	6.868849757593870065e-02	-7.237892474142272603e-02	7.715349919795716493e-02	-6.529334119858713759e-02	1.418057355917560491e-01	-6.622509673126177054e-02	1.251836408349233376e-01	-1.048808862670827097e-01	7.874167276241886282e-02	-9.460853390457063528e-02	4.690512104189292764e-02	-8.657056641352854909e-01	1.340340785364348419e-01	-1.184518771412270827e-01	1.084635060487931513e-01	-5.852205170967709341e-02	1.000000000000000666e+00	-3.409110769796636631e-01	2.030849628278492136e-01	-9.608807562612221853e-02	7.140758484214250468e-02	-2.333972323050866327e-01	1.848800163924597950e-01	-1.760328564034386867e-01	6.784241895061277061e-02	-8.176026010389136900e-02
-5.150196145678356124e-02	9.942182655484614606e-02	-7.978208110890334936e-02	5.418559441103191349e-02	-1.007710170427384977e-01	7.168381174446494808e-02	-5.781474536097707534e-02	5.566370729944600249e-02	-1.016448821502034666e-01	6.907573930731776557e-02	-9.346452509138392095e-02	8.503152278655835838e-02	-1.233658457502995881e-01	7.901167652884251436e-02	-9.696464529070085436e-02	9.994309897331056514e-02	-1.097168286427969014e-01	9.241413394441562457e-02	-2.001566721220540968e-01	9.753822983901649923e-02	-1.731484157748197639e-01	1.551606241937786845e-01	-1.239231203049559193e-01	1.418402587066795173e-01	-7.031610728735175619e-02	2.419549234096595447e-01	-2.331949705941238349e-01	2.055431481385504300e-01	-1.764385589311649460e-01	8.871722878003181212e-02	-3.409110769796636631e-01	1.000000000000002220e+00	-5.849469491386005693e-01	1.534296957815281526e-01	-1.107910573970323220e-01	2.665741993055528725e-01	-5.457412991447837536e-01	3.019255564285298066e-01	-1.101460097082250789e-01	1.256257931440000197e-01
5.524711495270603900e-02	-1.068769800187835683e-01	8.174537465248667145e-02	-5.568804757251220178e-02	1.029381982034678900e-01	-7.728425694976193139e-02	6.073196932669830406e-02	-5.861148793085451530e-02	1.042489575788766026e-01	-7.109334233991143615e-02	1.003304864739614222e-01	-9.192704135173594693e-02	1.287999683262253392e-01	-8.173089316148347827e-02	9.969130968516476399e-02	-1.096264323782042832e-01	1.182657080858720705e-01	-9.791013461282030428e-02	2.036729644121141325e-01	-1.227209928183961296e-01	1.876612096128386087e-01	-2.010082164110368885e-01	1.626127379305145337e-01	-1.942154531776891513e-01	8.691875273168613025e-02	-2.413108858424980185e-01	2.608908052058985794e-01	-3.975560297088532313e-01	2.265798218120448626e-01	-1.156278627120258390e-01	2.030849628278492136e-01	-5.849469491386005693e-01	1.000000000000001332e+00	-2.362588323910653765e-01	1.394458042375696927e-01	-2.980709833135236630e-01	2.911422011014473399e-01	-4.447210218745404342e-01	1.474860771928187264e-01	-1.743085806459441500e-01
-5.561806904115013800e-02	1.068914926380171021e-01	-8.125068525902505445e-02	5.551662382494824272e-02	-1.024688728811835176e-01	7.756101633530540496e-02	-6.101854738478480755e-02	5.884985115694899016e-02	-1.046171846589854793e-01	7.155504386431189856e-02	-1.029021648477406320e-01	9.280623276374924679e-02	-1.313493145876133972e-01	8.465200895211404120e-02	-1.035475352326521853e-01	1.101966436946951733e-01	-1.207274027158813656e-01	9.910081825122563082e-02	-2.062141621089367549e-01	1.874357612249865634e-01	-1.952578265003679925e-01	1.743819649807798189e-01	-1.551516292427056742e-01	1.962281599112058184e-01	-1.516636324200955344e-01	1.105561481687717396e-01	-2.083410274202322776e-01	2.030747210448562989e-01	-5.764568611665473741e-01	2.215031142879906323e-01	-9.608807562612221853e-02	1.534296957815281526e-01	-2.362588323910653765e-01	1.000000000000001554e+00	-4.126033904911152739e-01	1.866657345070527330e-01	-1.421336203417141175e-01	2.046369954392003865e-01	-4.394415406846750582e-01	2.880683481749046204e-01
4.433422030334594616e-02	-8.720383344978915874e-02	6.384746703389383715e-02	-4.404016273681507498e-02	8.082494086269328970e-02	-6.229684079062635521e-02	4.812687211222832495e-02	-4.676839324030999945e-02	8.375993341220089317e-02	-5.814017966334749515e-02	7.701886097672425158e-02	-7.058505343156801226e-02	9.954632616417996571e-02	-7.416337928940507085e-02	9.042477523803188477e-02	-8.270964156275499579e-02	8.995396850614068018e-02	-7.572540596589658057e-02	1.598984456096618767e-01	-3.983598162304378687e-01	1.396091920159698019e-01	-1.306724164862430315e-01	1.066301384049211654e-01	-1.460334533146591396e-01	2.759778247951835684e-01	-8.546719144085009046e-02	1.338971659750790300e-01	-1.329589601207792626e-01	2.512745962315727222e-01	-6.738831272327341360e-01	7.140758484214250468e-02	-1.107910573970323220e-01	1.394458042375696927e-01	-4.126033904911152739e-01	1.000000000000001554e+00	-1.588495787916061885e-01	1.034053015309810142e-01	-1.577866373282906243e-01	1.738605828585916002e-01	-2.242054821468524584e-01
-1.017435637805108872e-01	1.988910160122500381e-01	-1.750633460840054223e-01	1.182579141088171693e-01	-2.224705338279179545e-01	1.408655292419332683e-01	-1.194459662662508276e-01	1.148315384826547186e-01	-2.222775918185670163e-01	1.502742937813314472e-01	-1.747297041966300313e-01	1.607456737753558129e-01	-2.519746667134288298e-01	1.702754519412634504e-01	-2.115547729133357979e-01	1.791771866393717105e-01	-2.043929451080519766e-01	1.848251678954905552e-01	-4.411628387620956659e-01	1.524110746114540060e-01	-2.914069151215607500e-01	2.061782482600671984e-01	-1.547288073691292787e-01	1.883988857336124367e-01	-1.086273744433797622e-01	2.089177191449016202e-01	-2.257997008939091887e-01	1.911535188024321152e-01	-2.206203273832798295e-01	1.273785816688014494e-01	-2.333972323050866327e-01	2.665741993055528725e-01	-2.980709833135236630e-01	1.866657345070527330e-01	-1.588495787916061885e-01	1.000000000000001110e+00	-4.657214755578321652e-01	3.095668318176877931e-01	-1.364539376228131040e-01	1.631036965428825092e-01
5.025480500061445255e-02	-9.762198018401241351e-02	8.046513942876860892e-02	-5.456491221456795382e-02	1.018372637490010252e-01	-6.989124861777518127e-02	5.714731263089444652e-02	-5.502433178481081627e-02	1.024039064436212260e-01	-6.949801113549032572e-02	8.901797525097469854e-02	-8.144697361446461004e-02	1.210618140271447762e-01	-7.929187476430932247e-02	9.771591668034776412e-02	-9.402014962232793649e-02	1.042730945411926707e-01	-9.013228439376443080e-02	2.019004452802996008e-01	-9.233627723724457947e-02	1.582621159785245479e-01	-1.339148788287491398e-01	1.034078522883617873e-01	-1.247684829279579188e-01	6.612347424304257371e-02	-1.933900642980301565e-01	1.663474321768593500e-01	-1.552496313790701077e-01	1.520790241965096767e-01	-8.257798509400843257e-02	1.848800163924597950e-01	-5.457412991447837536e-01	2.911422011014473399e-01	-1.421336203417141175e-01	1.034053015309810142e-01	-4.657214755578321652e-01	1.000000000000000888e+00	-5.890961597121304738e-01	1.211195024863766512e-01	-1.364229525743782534e-01
-7.481871365722883582e-02	1.451319678734987184e-01	-1.213597444320540231e-01	8.224963036763285884e-02	-1.537588704587857791e-01	1.038441084165645512e-01	-8.567166696455889852e-02	8.241987179741480651e-02	-1.545836679040485384e-01	1.048258563805987142e-01	-1.327772458549563717e-01	1.211564557346061499e-01	-1.824437684967211148e-01	1.198129943344855425e-01	-1.479686362431262281e-01	1.388181909162748973e-01	-1.555215717809635967e-01	1.351696989703858875e-01	-3.064723810230260970e-01	1.346297333298078214e-01	-2.344419867315254702e-01	1.866993075804730950e-01	-1.474168924627641819e-01	1.742199456228031573e-01	-9.850798927460845122e-02	1.785127909050764072e-01	-2.373877664875037041e-01	2.085359388540946879e-01	-2.293613830514659169e-01	1.210974024522293441e-01	-1.760328564034386867e-01	3.019255564285298066e-01	-4.447210218745404342e-01	2.046369954392003865e-01	-1.577866373282906243e-01	3.095668318176877931e-01	-5.890961597121304738e-01	1.000000000000001110e+00	-2.219976117158590223e-01	1.988732946362307685e-01
3.713240075455494227e-02	-7.174368266216080148e-02	5.594816019690884018e-02	-3.813672971998020161e-02	7.064948787585696721e-02	-5.175898055867339531e-02	4.119455510828034378e-02	-3.972318463170401714e-02	7.176490051282576055e-02	-4.897156733653643818e-02	6.734206469874905177e-02	-6.107427079884792526e-02	8.796792857980130498e-02	-5.728583360566207733e-02	7.024928277626511786e-02	-7.164998863628097014e-02	7.885205660536021011e-02	-6.604343666151475667e-02	1.412898311264374762e-01	-1.100737403518018825e-01	1.241095873446686343e-01	-1.081745638665399800e-01	8.992912002656414105e-02	-1.158973630807621641e-01	8.364545854637912836e-02	-7.696963275643421698e-02	1.229470393075505069e-01	-1.177089314966001388e-01	2.216515930869202011e-01	-1.193795079872903148e-01	6.784241895061277061e-02	-1.101460097082250789e-01	1.474860771928187264e-01	-4.394415406846750582e-01	1.738605828585916002e-01	-1.364539376228131040e-01	1.211195024863766512e-01	-2.219976117158590223e-01	1.000000000000001110e+00	-8.123515341531617473e-01
