1.000000000000000000e+00	-3.826785691872599537e-01	1.518967190536849865e-01	-1.119873869993525950e-01	1.393039621406523543e-01	-7.487248620585679193e-01	2.246072890537731126e-01	-1.659211796028167984e-01	1.198816213414354570e-01	-1.077286268856135487e-01	2.990701200556677986e-01	-2.709941840627888010e-01	1.646667489767535408e-01	-1.241242128647306459e-01	1.271192501576744738e-01	-2.083001137291765337e-01	1.907577069095324485e-01	-1.993728615459524345e-01	1.235586413671110884e-01	-1.052780147992624510e-01	1.578622560566408095e-01	-2.092916047200747420e-01	1.765092905103905763e-01	-9.201271878839675789e-02	8.887627531682580628e-02	-1.908844219279555721e-01	1.160501041013795170e-01	-1.341028615487429021e-01	8.575716252929044270e-02	-9.830442197160794982e-02	1.321295696172284651e-01	-9.241300774601668433e-02	1.048196269058286612e-01	-7.025612794138681727e-02	5.384560237407957917e-02	-1.180490867855033266e-01	8.152042790162145058e-02	-1.220762734180452225e-01	7.578280904222281511e-02	-6.151464393820257892e-02
-3.826785691872599537e-01	1.000000000000000222e+00	-2.935924423385487536e-01	1.801911397946212023e-01	-2.331223294078633990e-01	2.402688984965993257e-01	-6.370405882925888053e-01	2.677309687247430015e-01	-1.952931141540820426e-01	1.632189432747697677e-01	-3.068954659684637876e-01	3.027570621329731537e-01	-2.529084420887429685e-01	1.796496143256173794e-01	-1.923006352911942329e-01	1.883603364199296915e-01	-2.313263294228489197e-01	2.270402777263418326e-01	-1.814632769440935878e-01	1.460235098913753027e-01	-1.603926721034101277e-01	2.082372096482290602e-01	-2.196544969253564350e-01	1.160106455959951655e-01	-1.153612001185949920e-01	1.672186278918680880e-01	-1.225628893256953816e-01	1.338953533378722249e-01	-9.501234522608471844e-02	1.053486992495528268e-01	-1.368473370254575383e-01	9.353285142342435132e-02	-1.082489245450011933e-01	7.213833258783841629e-02	-5.616571003017174074e-02	1.104676783147816865e-01	-8.001894524857192104e-02	1.156733284376284254e-01	-7.907497618602521428e-02	6.219721409165386572e-02
1.518967190536849865e-01	-2.935924423385487536e-01	1.000000000000000444e+00	-5.298905657173498263e-01	2.655233177423762525e-01	-1.350393953329091234e-01	2.312877988462052892e-01	-6.033161343230860618e-01	2.619192413350274751e-01	-2.228890741774702255e-01	1.643491493896219457e-01	-2.221860775048692116e-01	2.589547279688007020e-01	-2.259557110974099448e-01	1.880035519318632165e-01	-1.416813431330625761e-01	1.643251503892112775e-01	-2.406559968490067369e-01	1.746927577588695546e-01	-1.589461665893539544e-01	1.180713422593309553e-01	-1.821941364925538098e-01	1.724452315643360545e-01	-1.116467379578773289e-01	1.049914049423646273e-01	-1.402468562697384846e-01	9.986612894039968713e-02	-1.202934826835175969e-01	8.377522546128565728e-02	-9.816540373302749811e-02	1.091161816091701930e-01	-7.826127911225985723e-02	9.170350357473056047e-02	-6.356384449475764586e-02	4.913486556099098262e-02	-9.911397775760191764e-02	6.943753571243635458e-02	-1.045463814225845167e-01	6.808635807584020871e-02	-5.539518249114569470e-02
-1.119873869993525950e-01	1.801911397946212023e-01	-5.298905657173498263e-01	1.000000000000000444e+00	-5.297002148517806486e-01	9.615368569671138566e-02	-1.511616840023043695e-01	2.561403695544242631e-01	-5.202675025511478424e-01	2.833928423879871761e-01	-1.221886340232739981e-01	1.517198888653787936e-01	-2.139449466181641557e-01	2.234607310163905514e-01	-2.093636056851034821e-01	1.057106305577724253e-01	-1.235251068614831582e-01	1.793712512252688962e-01	-1.796221982561084507e-01	1.580581500918600002e-01	-9.035886752131316868e-02	1.397492131885875732e-01	-1.401657059564932750e-01	1.005392714216199884e-01	-9.637185213989864219e-02	1.070165977227325316e-01	-7.896798474869733131e-02	9.548808954317962450e-02	-6.975374404296998121e-02	8.134173951590149831e-02	-8.574710781852543096e-02	6.162671504571425735e-02	-7.294605410163053361e-02	5.109440058669530854e-02	-3.969240517029495874e-02	7.754262722409786812e-02	-5.469207110575316499e-02	8.215094867071767726e-02	-5.477025629860658718e-02	4.436960265552070126e-02
1.393039621406523543e-01	-2.331223294078633990e-01	2.655233177423762525e-01	-5.297002148517806486e-01	9.999999999999998890e-01	-1.238210766329640028e-01	1.697200619141393529e-01	-2.588234925089169525e-01	3.168864484747440091e-01	-5.828956160684480858e-01	1.534257476921242758e-01	-1.923602801655444894e-01	2.191651018587186250e-01	-2.472869889297687473e-01	2.583180220446137376e-01	-1.420536870568792631e-01	1.587231425671476737e-01	-2.376147341162689886e-01	2.026859267960508526e-01	-2.181071941878444664e-01	1.210370101473546012e-01	-1.937079889676814604e-01	1.800117411640369536e-01	-1.325730242098409339e-01	1.242889985263249536e-01	-1.504394844654907692e-01	1.088332443930667276e-01	-1.357200828853876440e-01	9.563173483877700221e-02	-1.141760649557626711e-01	1.181493586234847598e-01	-8.598553323205636312e-02	1.019067074525234762e-01	-7.193960720093763028e-02	5.559396036430428595e-02	-1.118076923068447442e-01	7.769907045107757315e-02	-1.184330004736524333e-01	7.658661455752316383e-02	-6.292207658137671800e-02
-7.487248620585679193e-01	2.402688984965993257e-01	-1.350393953329091234e-01	9.615368569671138566e-02	-1.238210766329640028e-01	9.999999999999996669e-01	-2.178994727474241333e-01	1.399649034941475023e-01	-1.049329997559893396e-01	9.239923793310603206e-02	-5.112875982597803182e-01	2.276533168530873175e-01	-1.446751399412848915e-01	1.057862893414882738e-01	-1.112714042310376517e-01	1.876649490516031360e-01	-1.731183989335313145e-01	1.615063704955058410e-01	-1.073987805583307004e-01	8.902872274846398981e-02	-1.460979997861697188e-01	1.659089937379624180e-01	-1.516947398525471946e-01	7.652365216078925447e-02	-7.497787964537842853e-02	1.499048794413815888e-01	-9.495164575456821465e-02	1.041456328502999712e-01	-6.891380401280773615e-02	7.736382571874539371e-02	-1.093212669357277178e-01	7.407631412335381749e-02	-8.364660352950088751e-02	5.515553955659322632e-02	-4.252757160726215735e-02	8.972904673709458656e-02	-6.351146251512482244e-02	9.277847841527069039e-02	-6.005041359093320208e-02	4.784977960255576424e-02
2.246072890537731126e-01	-6.370405882925888053e-01	2.312877988462052892e-01	-1.511616840023043695e-01	1.697200619141393529e-01	-2.178994727474241333e-01	1.000000000000000222e+00	-3.966016536415903904e-01	1.552871477226621943e-01	-1.302555847990339299e-01	2.387986346852270791e-01	-5.149951151627998325e-01	2.244177119004968635e-01	-1.534194991934292596e-01	1.448704834325698909e-01	-1.663488515359989595e-01	2.078497699464152693e-01	-2.082897102207488804e-01	1.394295690075023908e-01	-1.156535548337937480e-01	1.305441873892224658e-01	-1.817320993253342121e-01	1.703818292614959762e-01	-9.135326173007050909e-02	8.871835528522903358e-02	-1.397999028764280449e-01	9.642886810269893361e-02	-1.074276837748076585e-01	7.412699177135842477e-02	-8.365434480000873141e-02	1.071313154683880969e-01	-7.430716100223376530e-02	8.512105852193808941e-02	-5.695197630699075364e-02	4.411286084961837245e-02	-8.905144847681734088e-02	6.356210156245611920e-02	-9.305255999853404014e-02	6.183891409594141630e-02	-4.923879459016552995e-02
-1.659211796028167984e-01	2.677309687247430015e-01	-6.033161343230860618e-01	2.561403695544242631e-01	-2.588234925089169525e-01	1.399649034941475023e-01	-3.966016536415903904e-01	1.000000000000000444e+00	-2.754930940299141762e-01	1.939903675538131589e-01	-1.813915554423352061e-01	2.381043645572870349e-01	-4.574052648710932312e-01	2.299626112987115945e-01	-1.973866834346003629e-01	1.413277549342730199e-01	-1.774004216067180950e-01	2.392206488922584973e-01	-1.891118522531868851e-01	1.538864984548739823e-01	-1.190525732452977908e-01	1.741633363283056068e-01	-1.809758609288084630e-01	1.098353591361279497e-01	-1.058576432353550562e-01	1.325647144549621792e-01	-9.686234009396844924e-02	1.125063026485330492e-01	-8.069546012895979781e-02	9.234537061627211274e-02	-1.060145683157082130e-01	7.483858902250203893e-02	-8.752096364944127183e-02	5.996689471350186845e-02	-4.658624164580382754e-02	9.144144197248636752e-02	-6.513562297159479486e-02	9.641964309897629870e-02	-6.474800843560529762e-02	5.189047561303959666e-02
1.198816213414354570e-01	-1.952931141540820426e-01	2.619192413350274751e-01	-5.202675025511478424e-01	3.168864484747440091e-01	-1.049329997559893396e-01	1.552871477226621943e-01	-2.754930940299141762e-01	1.000000000000001554e+00	-5.272791678597529286e-01	1.327490639319935384e-01	-1.693349392535392073e-01	2.398788638542223017e-01	-4.369948872344928681e-01	2.628478749423251992e-01	-1.191123582497490979e-01	1.381348709259148932e-01	-2.128567266848215844e-01	2.261463658087262130e-01	-2.141876457410212264e-01	1.012865730305438500e-01	-1.602371470144443866e-01	1.579810368244037866e-01	-1.255940466915940468e-01	1.170837714644191035e-01	-1.217083612466780124e-01	8.971040782719558182e-02	-1.100104188733264932e-01	8.132831378984711757e-02	-9.594027892024159510e-02	9.700419325410217231e-02	-7.019573928068148505e-02	8.330975002622571790e-02	-5.886944476744931931e-02	4.573986151283217227e-02	-8.879132576855669479e-02	6.245929765758786306e-02	-9.425094043061954530e-02	6.282612722643846070e-02	-5.111068968754707564e-02
-1.077286268856135487e-01	1.632189432747697677e-01	-2.228890741774702255e-01	2.833928423879871761e-01	-5.828956160684480858e-01	9.239923793310603206e-02	-1.302555847990339299e-01	1.939903675538131589e-01	-5.272791678597529286e-01	1.000000000000001110e+00	-1.187517556973802790e-01	1.437603831689644729e-01	-2.036086111608117200e-01	2.556598331754003639e-01	-4.586333002925702118e-01	1.059352623040385744e-01	-1.224444100224487963e-01	1.819479142617805023e-01	-2.286271835806757691e-01	2.248850669373183564e-01	-9.155711321047139972e-02	1.445198614537740733e-01	-1.477498668660359171e-01	1.216970196232292772e-01	-1.202633967017129740e-01	1.099366129330448111e-01	-8.300602431294987205e-02	1.017768695310182214e-01	-7.811188198293311791e-02	9.126510276321730952e-02	-8.943812200505762977e-02	6.475355614575777075e-02	-7.741603564113579139e-02	5.509044945752207545e-02	-4.298245443940728466e-02	8.150083020388723676e-02	-5.763096617982856051e-02	8.674594058418966247e-02	-5.890231456626097289e-02	4.769541241208081345e-02
2.990701200556677986e-01	-3.068954659684637876e-01	1.643491493896219457e-01	-1.221886340232739981e-01	1.534257476921242758e-01	-5.112875982597803182e-01	2.387986346852270791e-01	-1.813915554423352061e-01	1.327490639319935384e-01	-1.187517556973802790e-01	9.999999999999975575e-01	-4.563015203319263358e-01	1.932790436758196617e-01	-1.408099389702758553e-01	1.427719783440185575e-01	-4.264107788357104356e-01	2.719434658369953017e-01	-2.436123828497700206e-01	1.398594814833888367e-01	-1.176263549231704730e-01	2.292811028540635010e-01	-2.598036755593972069e-01	2.099193555198524963e-01	-1.041602082597786610e-01	1.007774382557431875e-01	-2.524946947394447472e-01	1.361818665823480712e-01	-1.504482390195052699e-01	9.612555143981665884e-02	-1.088732675994016907e-01	1.582425521163030591e-01	-1.081201433665222311e-01	1.192768526700882792e-01	-7.836662019240608901e-02	6.005016913958997199e-02	-1.318244877640047386e-01	9.174760267194098651e-02	-1.350933063899328324e-01	8.464473342066157480e-02	-6.803327912895248963e-02
-2.709941840627888010e-01	3.027570621329731537e-01	-2.221860775048692116e-01	1.517198888653787936e-01	-1.923602801655444894e-01	2.276533168530873175e-01	-5.149951151627998325e-01	2.381043645572870349e-01	-1.693349392535392073e-01	1.437603831689644729e-01	-4.563015203319263358e-01	9.999999999999997780e-01	-2.916042968092261711e-01	1.748650190465914078e-01	-1.755960670829884718e-01	2.487876068217243219e-01	-4.373224340038786018e-01	2.611563371619964324e-01	-1.715415318658144173e-01	1.370654495144515983e-01	-1.935655167162630697e-01	2.435411011526918690e-01	-2.336793179703858525e-01	1.138156671932699648e-01	-1.119582149876517524e-01	1.868195036680760923e-01	-1.287885132467354032e-01	1.372790204885114274e-01	-9.455382558646512059e-02	1.049580601036228383e-01	-1.437564952042545696e-01	9.787321144887975444e-02	-1.108247684198286898e-01	7.278587208980662193e-02	-5.643297304408546877e-02	1.134874124732359046e-01	-8.192548706112683099e-02	1.181275157679154697e-01	-7.943853745583294435e-02	6.260330458483813476e-02
1.646667489767535408e-01	-2.529084420887429685e-01	2.589547279688007020e-01	-2.139449466181641557e-01	2.191651018587186250e-01	-1.446751399412848915e-01	2.244177119004968635e-01	-4.574052648710932312e-01	2.398788638542223017e-01	-2.036086111608117200e-01	1.932790436758196617e-01	-2.916042968092261711e-01	1.000000000000000000e+00	-4.789907473018474859e-01	2.303591278940470277e-01	-1.760467458371926530e-01	2.239028450709936724e-01	-4.980711782786170772e-01	2.417365704276737692e-01	-2.009263456636046219e-01	1.438843738946814221e-01	-2.262207961122121580e-01	2.297927512859981591e-01	-1.430461034676218102e-01	1.319719564122136535e-01	-1.647110805008450418e-01	1.185672094631325668e-01	-1.412503003815549496e-01	9.988770373628275134e-02	-1.163274044567742388e-01	1.285381982461598904e-01	-9.207733093284742321e-02	1.075524611456445956e-01	-7.417872183149869236e-02	5.746351187881389155e-02	-1.135393460773009150e-01	8.024775880716539245e-02	-1.199341658648506725e-01	7.945357448504668241e-02	-6.425327008600595358e-02
-1.241242128647306459e-01	1.796496143256173794e-01	-2.259557110974099448e-01	2.234607310163905514e-01	-2.472869889297687473e-01	1.057862893414882738e-01	-1.534194991934292596e-01	2.299626112987115945e-01	-4.369948872344928681e-01	2.556598331754003639e-01	-1.408099389702758553e-01	1.748650190465914078e-01	-4.789907473018474859e-01	1.000000000000000222e+00	-3.972806271547606460e-01	1.247998089675355637e-01	-1.521674519442648144e-01	2.425416258141098180e-01	-5.056523793202127859e-01	2.728070738312150523e-01	-1.074682765981700427e-01	1.688947682945263484e-01	-1.835200199294943491e-01	1.619411347749359353e-01	-1.540269537315002157e-01	1.253093590471462127e-01	-9.572144797820159035e-02	1.161829897495530312e-01	-9.221933111127868232e-02	1.067685961349090634e-01	-1.026821433377478332e-01	7.413457247045621146e-02	-8.861467946946564866e-02	6.308834910578645094e-02	-4.938564384172159510e-02	9.136941228814207672e-02	-6.513169134522579784e-02	9.739716283680716069e-02	-6.744953330748121312e-02	5.428321362359626867e-02
1.271192501576744738e-01	-1.923006352911942329e-01	1.880035519318632165e-01	-2.093636056851034821e-01	2.583180220446137376e-01	-1.112714042310376517e-01	1.448704834325698909e-01	-1.973866834346003629e-01	2.628478749423251992e-01	-4.586333002925702118e-01	1.427719783440185575e-01	-1.755960670829884718e-01	2.303591278940470277e-01	-3.972806271547606460e-01	9.999999999999986677e-01	-1.348932479065920731e-01	1.529093949393928453e-01	-2.411494156236702602e-01	3.059071132574062712e-01	-5.869270024707579081e-01	1.163034242296161064e-01	-1.908724276945834575e-01	1.884313747651802373e-01	-1.926140366600239406e-01	1.836647809979800594e-01	-1.438400786434873013e-01	1.089171359489805035e-01	-1.378920526265637880e-01	1.084638516841375383e-01	-1.318730420613520582e-01	1.163793606429951721e-01	-8.545837204190827319e-02	1.028852225028184103e-01	-7.475457481061949239e-02	5.833937443713296117e-02	-1.088889238852936286e-01	7.658125078812653974e-02	-1.164379260105077862e-01	7.906387130211037229e-02	-6.470301790134171116e-02
-2.083001137291765337e-01	1.883603364199296915e-01	-1.416813431330625761e-01	1.057106305577724253e-01	-1.420536870568792631e-01	1.876649490516031360e-01	-1.663488515359989595e-01	1.413277549342730199e-01	-1.191123582497490979e-01	1.059352623040385744e-01	-4.264107788357104356e-01	2.487876068217243219e-01	-1.760467458371926530e-01	1.247998089675355637e-01	-1.348932479065920731e-01	9.999999999999987788e-01	-4.997447553968340506e-01	2.295303523761124120e-01	-1.326122937398897250e-01	1.076108660943852352e-01	-5.732044249995139618e-01	2.610830488015430384e-01	-2.262763240936565001e-01	9.921503672646908578e-02	-9.796758585210710302e-02	2.744312954033878982e-01	-1.466991319432543739e-01	1.417636517518331696e-01	-9.237406558246018251e-02	1.006532615164221767e-01	-1.825414779616757466e-01	1.124627456390931146e-01	-1.196771852869836367e-01	7.462167578669182122e-02	-5.745509147080709450e-02	1.224844729619488926e-01	-8.902217406765361440e-02	1.240030849714556793e-01	-8.165921862722803903e-02	6.363501604827019598e-02
1.907577069095324485e-01	-2.313263294228489197e-01	1.643251503892112775e-01	-1.235251068614831582e-01	1.587231425671476737e-01	-1.731183989335313145e-01	2.078497699464152693e-01	-1.774004216067180950e-01	1.381348709259148932e-01	-1.224444100224487963e-01	2.719434658369953017e-01	-4.373224340038786018e-01	2.239028450709936724e-01	-1.521674519442648144e-01	1.529093949393928453e-01	-4.997447553968340506e-01	9.999999999999967804e-01	-4.395224471024297697e-01	1.530882477317607182e-01	-1.249972455798158827e-01	2.503841380298003627e-01	-4.505319413223978775e-01	2.712861534869800972e-01	-1.150744589628725639e-01	1.109570212255920202e-01	-2.390674049411743440e-01	1.482376922705512245e-01	-1.518618691889079830e-01	9.908329953488836939e-02	-1.099817103862100603e-01	1.614198500996560648e-01	-1.121892639145503773e-01	1.213671536752334024e-01	-7.798560976368947018e-02	6.003417865841122192e-02	-1.246386135984808297e-01	8.943856450803061575e-02	-1.286608569414852965e-01	8.446632900889183837e-02	-6.674824347893398846e-02
-1.993728615459524345e-01	2.270402777263418326e-01	-2.406559968490067369e-01	1.793712512252688962e-01	-2.376147341162689886e-01	1.615063704955058410e-01	-2.082897102207488804e-01	2.392206488922584973e-01	-2.128567266848215844e-01	1.819479142617805023e-01	-2.436123828497700206e-01	2.611563371619964324e-01	-4.980711782786170772e-01	2.425416258141098180e-01	-2.411494156236702602e-01	2.295303523761124120e-01	-4.395224471024297697e-01	9.999999999999998890e-01	-2.533610810489095311e-01	1.883350363784609960e-01	-1.999116680167576654e-01	2.943013846756502017e-01	-4.544473075862957567e-01	1.655012170919570869e-01	-1.602907664730559012e-01	1.973644906973325841e-01	-1.537675324758877582e-01	1.715013603532921649e-01	-1.220093532374144918e-01	1.351441811991105912e-01	-1.652060276938940864e-01	1.154865424412007263e-01	-1.344307166310221013e-01	8.928153838259018926e-02	-6.956301364649743191e-02	1.323984744645917977e-01	-9.665175703351491787e-02	1.398482625170734683e-01	-9.702165257107094043e-02	7.632906514547860288e-02
1.235586413671110884e-01	-1.814632769440935878e-01	1.746927577588695546e-01	-1.796221982561084507e-01	2.026859267960508526e-01	-1.073987805583307004e-01	1.394295690075023908e-01	-1.891118522531868851e-01	2.261463658087262130e-01	-2.286271835806757691e-01	1.398594814833888367e-01	-1.715415318658144173e-01	2.417365704276737692e-01	-5.056523793202127859e-01	3.059071132574062712e-01	-1.326122937398897250e-01	1.530882477317607182e-01	-2.533610810489095311e-01	9.999999999999994449e-01	-5.958604944668218772e-01	1.147453180715614918e-01	-1.915612343353444158e-01	2.012739160350118517e-01	-3.150543187636801745e-01	2.345971439693400329e-01	-1.400377583729769393e-01	1.093969779475963411e-01	-1.388971715433643672e-01	1.189368339912790645e-01	-1.429941247004924421e-01	1.155633552250865809e-01	-8.521280543728849965e-02	1.035192377590128249e-01	-7.647887435406031109e-02	6.010600861144999724e-02	-1.061681292331741466e-01	7.550277088016496552e-02	-1.141847626338956118e-01	8.060296284970963621e-02	-6.550894445836288882e-02
-1.052780147992624510e-01	1.460235098913753027e-01	-1.589461665893539544e-01	1.580581500918600002e-01	-2.181071941878444664e-01	8.902872274846398981e-02	-1.156535548337937480e-01	1.538864984548739823e-01	-2.141876457410212264e-01	2.248850669373183564e-01	-1.176263549231704730e-01	1.370654495144515983e-01	-2.009263456636046219e-01	2.728070738312150523e-01	-5.869270024707579081e-01	1.076108660943852352e-01	-1.249972455798158827e-01	1.883350363784609960e-01	-5.958604944668218772e-01	9.999999999999983347e-01	-9.537560120147575704e-02	1.564923952103542681e-01	-1.799407397559935062e-01	2.366568125602714345e-01	-3.164716291686923144e-01	1.145165506979605452e-01	-9.438760026791939706e-02	1.181386036093508424e-01	-1.138753693020334162e-01	1.317510176886170781e-01	-9.880976813924152724e-02	7.271865830883207649e-02	-8.983480346008325401e-02	6.747422809645482744e-02	-5.383272233922307276e-02	8.837786785229494180e-02	-6.395446645689351062e-02	9.565200200164747368e-02	-7.163515355714168698e-02	5.714936347428897778e-02
1.578622560566408095e-01	-1.603926721034101277e-01	1.180713422593309553e-01	-9.035886752131316868e-02	1.210370101473546012e-01	-1.460979997861697188e-01	1.305441873892224658e-01	-1.190525732452977908e-01	1.012865730305438500e-01	-9.155711321047139972e-02	2.292811028540635010e-01	-1.935655167162630697e-01	1.438843738946814221e-01	-1.074682765981700427e-01	1.163034242296161064e-01	-5.732044249995139618e-01	2.503841380298003627e-01	-1.999116680167576654e-01	1.147453180715614918e-01	-9.537560120147575704e-02	9.999999999999990008e-01	-3.007710910714658792e-01	2.056709576153371577e-01	-9.256115740156657667e-02	9.052485217266710571e-02	-6.268208998810342880e-01	1.596054726953588521e-01	-1.563188499393347863e-01	9.465657711182501322e-02	-1.042566075772645706e-01	2.136251943244658058e-01	-1.323425150539665196e-01	1.306136656781013428e-01	-8.067877282095853309e-02	6.124846959201794144e-02	-1.455096050300904442e-01	1.008258084981447367e-01	-1.422155707464139995e-01	8.715384245104239314e-02	-6.886478143652366435e-02
-2.092916047200747420e-01	2.082372096482290602e-01	-1.821941364925538098e-01	1.397492131885875732e-01	-1.937079889676814604e-01	1.659089937379624180e-01	-1.817320993253342121e-01	1.741633363283056068e-01	-1.602371470144443866e-01	1.445198614537740733e-01	-2.598036755593972069e-01	2.435411011526918690e-01	-2.262207961122121580e-01	1.688947682945263484e-01	-1.908724276945834575e-01	2.610830488015430384e-01	-4.505319413223978775e-01	2.943013846756502017e-01	-1.915612343353444158e-01	1.564923952103542681e-01	-3.007710910714658792e-01	9.999999999999983347e-01	-5.820999557128697655e-01	1.697402229103913696e-01	-1.676671266660272330e-01	2.487796894313228646e-01	-2.727651970838413376e-01	2.218989559999952899e-01	-1.468360258865888390e-01	1.557350575809451354e-01	-2.363489548291901887e-01	1.721216858226110591e-01	-1.842479929850062981e-01	1.122716776485560841e-01	-8.704422684143756084e-02	1.665137972733362060e-01	-1.264457738239131712e-01	1.750231429104219250e-01	-1.228519278873595466e-01	9.425578518562247043e-02
1.765092905103905763e-01	-2.196544969253564350e-01	1.724452315643360545e-01	-1.401657059564932750e-01	1.800117411640369536e-01	-1.516947398525471946e-01	1.703818292614959762e-01	-1.809758609288084630e-01	1.579810368244037866e-01	-1.477498668660359171e-01	2.099193555198524963e-01	-2.336793179703858525e-01	2.297927512859981591e-01	-1.835200199294943491e-01	1.884313747651802373e-01	-2.262763240936565001e-01	2.712861534869800972e-01	-4.544473075862957567e-01	2.012739160350118517e-01	-1.799407397559935062e-01	2.056709576153371577e-01	-5.820999557128697655e-01	9.999999999999977796e-01	-2.845019140583865958e-01	2.056169075756642262e-01	-2.452216722078242317e-01	2.077594745784139274e-01	-2.887616513895535642e-01	1.706080904738840331e-01	-2.019139390046046645e-01	2.040363844743450505e-01	-1.584720869596998039e-01	1.868009105957173233e-01	-1.259447774080428573e-01	9.651645323257002085e-02	-1.857576292867701151e-01	1.322066716538922715e-01	-2.006238099685692111e-01	1.317934503718606598e-01	-1.076401606032691416e-01
-9.201271878839675789e-02	1.160106455959951655e-01	-1.116467379578773289e-01	1.005392714216199884e-01	-1.325730242098409339e-01	7.652365216078925447e-02	-9.135326173007050909e-02	1.098353591361279497e-01	-1.255940466915940468e-01	1.216970196232292772e-01	-1.041602082597786610e-01	1.138156671932699648e-01	-1.430461034676218102e-01	1.619411347749359353e-01	-1.926140366600239406e-01	9.921503672646908578e-02	-1.150744589628725639e-01	1.655012170919570869e-01	-3.150543187636801745e-01	2.366568125602714345e-01	-9.256115740156657667e-02	1.697402229103913696e-01	-2.845019140583865958e-01	9.999999999999976685e-01	-8.120760633760358838e-01	1.112634148492358532e-01	-1.082681536545228862e-01	1.413275966875686129e-01	-1.955180016801765785e-01	2.026007198268835741e-01	-1.068830733495665930e-01	8.145521125830697262e-02	-1.064050684906957117e-01	8.712348528235043521e-02	-7.147539019772833346e-02	9.236992726747153548e-02	-6.973689949791880838e-02	1.031688790003492118e-01	-9.068644770451023129e-02	7.045581234984060748e-02
8.887627531682580628e-02	-1.153612001185949920e-01	1.049914049423646273e-01	-9.637185213989864219e-02	1.242889985263249536e-01	-7.497787964537842853e-02	8.871835528522903358e-02	-1.058576432353550562e-01	1.170837714644191035e-01	-1.202633967017129740e-01	1.007774382557431875e-01	-1.119582149876517524e-01	1.319719564122136535e-01	-1.540269537315002157e-01	1.836647809979800594e-01	-9.796758585210710302e-02	1.109570212255920202e-01	-1.602907664730559012e-01	2.345971439693400329e-01	-3.164716291686923144e-01	9.052485217266710571e-02	-1.676671266660272330e-01	2.056169075756642262e-01	-8.120760633760358838e-01	9.999999999999990008e-01	-1.119084453050745304e-01	1.061034491372212646e-01	-1.455569573406209627e-01	1.864833741470107165e-01	-2.850193252127278254e-01	1.051035248571294961e-01	-8.104563228651404105e-02	1.056526406073335089e-01	-8.914658468028872906e-02	7.307425164917386029e-02	-9.428246632255350701e-02	7.018238069673964075e-02	-1.056113196704772939e-01	9.018436280280120454e-02	-7.299184353962256955e-02
-1.908844219279555721e-01	1.672186278918680880e-01	-1.402468562697384846e-01	1.070165977227325316e-01	-1.504394844654907692e-01	1.499048794413815888e-01	-1.397999028764280449e-01	1.325647144549621792e-01	-1.217083612466780124e-01	1.099366129330448111e-01	-2.524946947394447472e-01	1.868195036680760923e-01	-1.647110805008450418e-01	1.253093590471462127e-01	-1.438400786434873013e-01	2.744312954033878982e-01	-2.390674049411743440e-01	1.973644906973325841e-01	-1.400377583729769393e-01	1.145165506979605452e-01	-6.268208998810342880e-01	2.487796894313228646e-01	-2.452216722078242317e-01	1.112634148492358532e-01	-1.119084453050745304e-01	9.999999999999978906e-01	-2.526120169458154208e-01	2.000907372796556782e-01	-1.228361409906854745e-01	1.292278076766154582e-01	-4.502096213234153543e-01	1.999628211769474140e-01	-1.881646326504314570e-01	1.065212854547588767e-01	-8.126888900811449212e-02	1.894084630456849827e-01	-1.407395294729925639e-01	1.807656413100112713e-01	-1.171395105047424862e-01	8.904891447547330641e-02
1.160501041013795170e-01	-1.225628893256953816e-01	9.986612894039968713e-02	-7.896798474869733131e-02	1.088332443930667276e-01	-9.495164575456821465e-02	9.642886810269893361e-02	-9.686234009396844924e-02	8.971040782719558182e-02	-8.300602431294987205e-02	1.361818665823480712e-01	-1.287885132467354032e-01	1.185672094631325668e-01	-9.572144797820159035e-02	1.089171359489805035e-01	-1.466991319432543739e-01	1.482376922705512245e-01	-1.537675324758877582e-01	1.093969779475963411e-01	-9.438760026791939706e-02	1.596054726953588521e-01	-2.727651970838413376e-01	2.077594745784139274e-01	-1.082681536545228862e-01	1.061034491372212646e-01	-2.526120169458154208e-01	9.999999999999992228e-01	-4.744733972311951375e-01	1.732928228561816109e-01	-1.835546019091900127e-01	2.987260723879663349e-01	-6.426042826063523838e-01	3.023313167928614043e-01	-1.595648590253092580e-01	1.136630510594009019e-01	-2.495447868196093710e-01	1.846503944124561480e-01	-2.704704234843664512e-01	1.566198258028696222e-01	-1.253686795925662845e-01
-1.341028615487429021e-01	1.338953533378722249e-01	-1.202934826835175969e-01	9.548808954317962450e-02	-1.357200828853876440e-01	1.041456328502999712e-01	-1.074276837748076585e-01	1.125063026485330492e-01	-1.100104188733264932e-01	1.017768695310182214e-01	-1.504482390195052699e-01	1.372790204885114274e-01	-1.412503003815549496e-01	1.161829897495530312e-01	-1.378920526265637880e-01	1.417636517518331696e-01	-1.518618691889079830e-01	1.715013603532921649e-01	-1.388971715433643672e-01	1.181386036093508424e-01	-1.563188499393347863e-01	2.218989559999952899e-01	-2.887616513895535642e-01	1.413275966875686129e-01	-1.455569573406209627e-01	2.000907372796556782e-01	-4.744733972311951375e-01	9.999999999999992228e-01	-3.686765022451330975e-01	2.479076250809751358e-01	-3.010108695984180516e-01	2.821444936358540878e-01	-5.294894239033357541e-01	2.076826763593896674e-01	-1.591672296910872642e-01	2.124625504788795749e-01	-1.893058958340254894e-01	2.572863368376764326e-01	-2.155487909163222027e-01	1.527348913584814782e-01
8.575716252929044270e-02	-9.501234522608471844e-02	8.377522546128565728e-02	-6.975374404296998121e-02	9.563173483877700221e-02	-6.891380401280773615e-02	7.412699177135842477e-02	-8.069546012895979781e-02	8.132831378984711757e-02	-7.811188198293311791e-02	9.612555143981665884e-02	-9.455382558646512059e-02	9.988770373628275134e-02	-9.221933111127868232e-02	1.084638516841375383e-01	-9.237406558246018251e-02	9.908329953488836939e-02	-1.220093532374144918e-01	1.189368339912790645e-01	-1.138753693020334162e-01	9.465657711182501322e-02	-1.468360258865888390e-01	1.706080904738840331e-01	-1.955180016801765785e-01	1.864833741470107165e-01	-1.228361409906854745e-01	1.732928228561816109e-01	-3.686765022451330975e-01	9.999999999999994449e-01	-7.898258451211890296e-01	1.513455513216808990e-01	-1.324903455321914114e-01	2.012587163895047659e-01	-2.698626847047956301e-01	1.741182213947762569e-01	-1.327490218286313806e-01	1.077932563473087829e-01	-1.657045142589011755e-01	1.904819225727822363e-01	-1.611369326419010706e-01
-9.830442197160794982e-02	1.053486992495528268e-01	-9.816540373302749811e-02	8.134173951590149831e-02	-1.141760649557626711e-01	7.736382571874539371e-02	-8.365434480000873141e-02	9.234537061627211274e-02	-9.594027892024159510e-02	9.126510276321730952e-02	-1.088732675994016907e-01	1.049580601036228383e-01	-1.163274044567742388e-01	1.067685961349090634e-01	-1.318730420613520582e-01	1.006532615164221767e-01	-1.099817103862100603e-01	1.351441811991105912e-01	-1.429941247004924421e-01	1.317510176886170781e-01	-1.042566075772645706e-01	1.557350575809451354e-01	-2.019139390046046645e-01	2.026007198268835741e-01	-2.850193252127278254e-01	1.292278076766154582e-01	-1.835546019091900127e-01	2.479076250809751358e-01	-7.898258451211890296e-01	9.999999999999981126e-01	-1.659239228175235781e-01	1.333283698466840028e-01	-2.027922844283853443e-01	2.083213521578857197e-01	-1.985158473039831395e-01	1.319097349695343424e-01	-1.114203321058336027e-01	1.598347330488770757e-01	-2.083794495897350607e-01	1.560869683653609841e-01
1.321295696172284651e-01	-1.368473370254575383e-01	1.091161816091701930e-01	-8.574710781852543096e-02	1.181493586234847598e-01	-1.093212669357277178e-01	1.071313154683880969e-01	-1.060145683157082130e-01	9.700419325410217231e-02	-8.943812200505762977e-02	1.582425521163030591e-01	-1.437564952042545696e-01	1.285381982461598904e-01	-1.026821433377478332e-01	1.163793606429951721e-01	-1.825414779616757466e-01	1.614198500996560648e-01	-1.652060276938940864e-01	1.155633552250865809e-01	-9.880976813924152724e-02	2.136251943244658058e-01	-2.363489548291901887e-01	2.040363844743450505e-01	-1.068830733495665930e-01	1.051035248571294961e-01	-4.502096213234153543e-01	2.987260723879663349e-01	-3.010108695984180516e-01	1.513455513216808990e-01	-1.659239228175235781e-01	9.999999999999981126e-01	-4.978235002584707747e-01	2.713259860933793788e-01	-1.549621783111911066e-01	1.117189515830381008e-01	-4.181190525253044576e-01	2.360935218630318411e-01	-3.164258202912624274e-01	1.609267670861136423e-01	-1.285045745105061477e-01
-9.241300774601668433e-02	9.353285142342435132e-02	-7.826127911225985723e-02	6.162671504571425735e-02	-8.598553323205636312e-02	7.407631412335381749e-02	-7.430716100223376530e-02	7.483858902250203893e-02	-7.019573928068148505e-02	6.475355614575777075e-02	-1.081201433665222311e-01	9.787321144887975444e-02	-9.207733093284742321e-02	7.413457247045621146e-02	-8.545837204190827319e-02	1.124627456390931146e-01	-1.121892639145503773e-01	1.154865424412007263e-01	-8.521280543728849965e-02	7.271865830883207649e-02	-1.323425150539665196e-01	1.721216858226110591e-01	-1.584720869596998039e-01	8.145521125830697262e-02	-8.104563228651404105e-02	1.999628211769474140e-01	-6.426042826063523838e-01	2.821444936358540878e-01	-1.324903455321914114e-01	1.333283698466840028e-01	-4.978235002584707747e-01	9.999999999999981126e-01	-4.483441662461921107e-01	1.424472614971924456e-01	-1.014073872849402258e-01	2.226480772863799751e-01	-1.988682220057910455e-01	2.368959686610668802e-01	-1.405234132687316062e-01	1.056345489140999017e-01
1.048196269058286612e-01	-1.082489245450011933e-01	9.170350357473056047e-02	-7.294605410163053361e-02	1.019067074525234762e-01	-8.364660352950088751e-02	8.512105852193808941e-02	-8.752096364944127183e-02	8.330975002622571790e-02	-7.741603564113579139e-02	1.192768526700882792e-01	-1.108247684198286898e-01	1.075524611456445956e-01	-8.861467946946564866e-02	1.028852225028184103e-01	-1.196771852869836367e-01	1.213671536752334024e-01	-1.344307166310221013e-01	1.035192377590128249e-01	-8.983480346008325401e-02	1.306136656781013428e-01	-1.842479929850062981e-01	1.868009105957173233e-01	-1.064050684906957117e-01	1.056526406073335089e-01	-1.881646326504314570e-01	3.023313167928614043e-01	-5.294894239033357541e-01	2.012587163895047659e-01	-2.027922844283853443e-01	2.713259860933793788e-01	-4.483441662461921107e-01	9.999999999999975575e-01	-3.104445063823168538e-01	1.733658446962280941e-01	-2.676208975060311301e-01	2.226545319605453543e-01	-4.526263113085424727e-01	2.282356443070072127e-01	-1.804048064170992449e-01
-7.025612794138681727e-02	7.213833258783841629e-02	-6.356384449475764586e-02	5.109440058669530854e-02	-7.193960720093763028e-02	5.515553955659322632e-02	-5.695197630699075364e-02	5.996689471350186845e-02	-5.886944476744931931e-02	5.509044945752207545e-02	-7.836662019240608901e-02	7.278587208980662193e-02	-7.417872183149869236e-02	6.308834910578645094e-02	-7.475457481061949239e-02	7.462167578669182122e-02	-7.798560976368947018e-02	8.928153838259018926e-02	-7.647887435406031109e-02	6.747422809645482744e-02	-8.067877282095853309e-02	1.122716776485560841e-01	-1.259447774080428573e-01	8.712348528235043521e-02	-8.914658468028872906e-02	1.065212854547588767e-01	-1.595648590253092580e-01	2.076826763593896674e-01	-2.698626847047956301e-01	2.083213521578857197e-01	-1.549621783111911066e-01	1.424472614971924456e-01	-3.104445063823168538e-01	9.999999999999977796e-01	-6.048533610541584338e-01	1.394726707593907933e-01	-1.255032450859265292e-01	2.030223426738084480e-01	-5.640838246503578901e-01	3.208301697473592284e-01
5.384560237407957917e-02	-5.616571003017174074e-02	4.913486556099098262e-02	-3.969240517029495874e-02	5.559396036430428595e-02	-4.252757160726215735e-02	4.411286084961837245e-02	-4.658624164580382754e-02	4.573986151283217227e-02	-4.298245443940728466e-02	6.005016913958997199e-02	-5.643297304408546877e-02	5.746351187881389155e-02	-4.938564384172159510e-02	5.833937443713296117e-02	-5.745509147080709450e-02	6.003417865841122192e-02	-6.956301364649743191e-02	6.010600861144999724e-02	-5.383272233922307276e-02	6.124846959201794144e-02	-8.704422684143756084e-02	9.651645323257002085e-02	-7.147539019772833346e-02	7.307425164917386029e-02	-8.126888900811449212e-02	1.136630510594009019e-01	-1.591672296910872642e-01	1.741182213947762569e-01	-1.985158473039831395e-01	1.117189515830381008e-01	-1.014073872849402258e-01	1.733658446962280941e-01	-6.048533610541584338e-01	9.999999999999975575e-01	-1.086023772069138887e-01	9.273263430356899761e-02	-1.555000085201378168e-01	3.192622436795904406e-01	-6.776619661258899141e-01
-1.180490867855033266e-01	1.104676783147816865e-01	-9.911397775760191764e-02	7.754262722409786812e-02	-1.118076923068447442e-01	8.972904673709458656e-02	-8.905144847681734088e-02	9.144144197248636752e-02	-8.879132576855669479e-02	8.150083020388723676e-02	-1.318244877640047386e-01	1.134874124732359046e-01	-1.135393460773009150e-01	9.136941228814207672e-02	-1.088889238852936286e-01	1.224844729619488926e-01	-1.246386135984808297e-01	1.323984744645917977e-01	-1.061681292331741466e-01	8.837786785229494180e-02	-1.455096050300904442e-01	1.665137972733362060e-01	-1.857576292867701151e-01	9.236992726747153548e-02	-9.428246632255350701e-02	1.894084630456849827e-01	-2.495447868196093710e-01	2.124625504788795749e-01	-1.327490218286313806e-01	1.319097349695343424e-01	-4.181190525253044576e-01	2.226480772863799751e-01	-2.676208975060311301e-01	1.394726707593907933e-01	-1.086023772069138887e-01	9.999999999999976685e-01	-7.062176821135422999e-01	3.099274724735244790e-01	-1.804565357352598542e-01	1.172211347264291714e-01
8.152042790162145058e-02	-8.001894524857192104e-02	6.943753571243635458e-02	-5.469207110575316499e-02	7.769907045107757315e-02	-6.351146251512482244e-02	6.356210156245611920e-02	-6.513562297159479486e-02	6.245929765758786306e-02	-5.763096617982856051e-02	9.174760267194098651e-02	-8.192548706112683099e-02	8.024775880716539245e-02	-6.513169134522579784e-02	7.658125078812653974e-02	-8.902217406765361440e-02	8.943856450803061575e-02	-9.665175703351491787e-02	7.550277088016496552e-02	-6.395446645689351062e-02	1.008258084981447367e-01	-1.264457738239131712e-01	1.322066716538922715e-01	-6.973689949791880838e-02	7.018238069673964075e-02	-1.407395294729925639e-01	1.846503944124561480e-01	-1.893058958340254894e-01	1.077932563473087829e-01	-1.114203321058336027e-01	2.360935218630318411e-01	-1.988682220057910455e-01	2.226545319605453543e-01	-1.255032450859265292e-01	9.273263430356899761e-02	-7.062176821135422999e-01	9.999999999999977796e-01	-5.765239949983036460e-01	1.554578856937386400e-01	-1.083572416086424350e-01
-1.220762734180452225e-01	1.156733284376284254e-01	-1.045463814225845167e-01	8.215094867071767726e-02	-1.184330004736524333e-01	9.277847841527069039e-02	-9.305255999853404014e-02	9.641964309897629870e-02	-9.425094043061954530e-02	8.674594058418966247e-02	-1.350933063899328324e-01	1.181275157679154697e-01	-1.199341658648506725e-01	9.739716283680716069e-02	-1.164379260105077862e-01	1.240030849714556793e-01	-1.286608569414852965e-01	1.398482625170734683e-01	-1.141847626338956118e-01	9.565200200164747368e-02	-1.422155707464139995e-01	1.750231429104219250e-01	-2.006238099685692111e-01	1.031688790003492118e-01	-1.056113196704772939e-01	1.807656413100112713e-01	-2.704704234843664512e-01	2.572863368376764326e-01	-1.657045142589011755e-01	1.598347330488770757e-01	-3.164258202912624274e-01	2.368959686610668802e-01	-4.526263113085424727e-01	2.030223426738084480e-01	-1.555000085201378168e-01	3.099274724735244790e-01	-5.765239949983036460e-01	9.999999999999972244e-01	-3.137428312058169744e-01	1.713939006774325979e-01
7.578280904222281511e-02	-7.907497618602521428e-02	6.808635807584020871e-02	-5.477025629860658718e-02	7.658661455752316383e-02	-6.005041359093320208e-02	6.183891409594141630e-02	-6.474800843560529762e-02	6.282612722643846070e-02	-5.890231456626097289e-02	8.464473342066157480e-02	-7.943853745583294435e-02	7.945357448504668241e-02	-6.744953330748121312e-02	7.906387130211037229e-02	-8.165921862722803903e-02	8.446632900889183837e-02	-9.702165257107094043e-02	8.060296284970963621e-02	-7.163515355714168698e-02	8.715384245104239314e-02	-1.228519278873595466e-01	1.317934503718606598e-01	-9.068644770451023129e-02	9.018436280280120454e-02	-1.171395105047424862e-01	1.566198258028696222e-01	-2.155487909163222027e-01	1.904819225727822363e-01	-2.083794495897350607e-01	1.609267670861136423e-01	-1.405234132687316062e-01	2.282356443070072127e-01	-5.640838246503578901e-01	3.192622436795904406e-01	-1.804565357352598542e-01	1.554578856937386400e-01	-3.137428312058169744e-01	9.999999999999972244e-01	-6.053054378785165390e-01
