1.000000000000000000e+00	-4.547086459344171216e-01	1.205705754536071095e-01	-9.787605861998713297e-02	1.047515036325877280e-01	-7.856784443834753384e-01	2.196575122482973264e-01	-1.328414879143518246e-01	1.139597089192340706e-01	-8.406747937590806907e-02	2.641600431454004805e-01	-2.197185385759072296e-01	1.267015711075508144e-01	-1.343475591681838333e-01	9.993335812563708398e-02	-1.332617028135033854e-01	1.388296589107211598e-01	-1.279805815028172700e-01	8.153445048200061440e-02	-8.018274786814363897e-02	9.794061607610397846e-02	-1.039504536993707817e-01	1.110598599803314657e-01	-9.748829081064840085e-02	7.618331535770631047e-02	-6.662693724118967653e-02	5.047610922548795981e-02	-7.056520550088783705e-02	6.527680729382613622e-02	-5.574619722701735364e-02	4.350925593551351750e-02	-5.150337700416209030e-02	5.597470778951657566e-02	-5.591228641049485887e-02	7.465252685708290148e-02	-5.240071944931511128e-02	4.748002494149809044e-02	-5.886730861031493067e-02	5.975659896719658776e-02	-8.868418250113127566e-02
-4.547086459344171216e-01	1.000000000000000222e+00	-2.804589241020378210e-01	1.981765012825596473e-01	-2.349071910879542147e-01	2.734095172620096270e-01	-5.413163563695433389e-01	2.560148363543710004e-01	-2.492388583204255825e-01	1.702992984801338372e-01	-3.633290861973100250e-01	2.737996249146902872e-01	-2.290860180292000614e-01	2.217802050422636173e-01	-1.832012063101008115e-01	1.784960643909785094e-01	-2.227991018429845704e-01	2.058056974526947525e-01	-1.390212099675086355e-01	1.372047115975892351e-01	-1.540763520907367234e-01	1.555106197802101908e-01	-1.909710689444131249e-01	1.586386379657775680e-01	-1.344011645541901279e-01	1.043088196052118083e-01	-8.084268468223444748e-02	1.139085233006612019e-01	-1.121796627094206328e-01	9.572000383906194287e-02	-6.969016303049442584e-02	8.187944102027594484e-02	-9.245544088098500701e-02	9.400504045749848159e-02	-1.306493005170686617e-01	8.331284854417810026e-02	-7.720161774034879631e-02	9.515026801847423221e-02	-1.003383541091043274e-01	1.434517504437946012e-01
1.205705754536071095e-01	-2.804589241020378210e-01	1.000000000000000222e+00	-6.532799919690586155e-01	2.303855182078189956e-01	-1.179042980726478090e-01	2.433266062848420674e-01	-5.100262264030374082e-01	2.939003758893968254e-01	-2.120993572615154366e-01	1.537599206745423053e-01	-1.733431683122108324e-01	2.310464004253187376e-01	-2.571752563538860503e-01	1.563768714697028328e-01	-1.198245882364592507e-01	1.377202640138717460e-01	-2.004872918460483822e-01	1.225432717643742120e-01	-1.240091139075392979e-01	1.011051448528208219e-01	-1.099287879355856506e-01	1.411049442022033196e-01	-1.384516999728318820e-01	1.065760739398968343e-01	-8.276246484363128375e-02	6.271417303491416684e-02	-9.249234776746413644e-02	8.865653052895149100e-02	-7.763636559476394527e-02	5.491300627804694690e-02	-6.568438372875096132e-02	7.288141403298964427e-02	-7.592709488561512343e-02	1.008533026354330869e-01	-6.796132608165444955e-02	6.131661092606602304e-02	-7.785029355723545319e-02	7.991026802262385376e-02	-1.223582919039844508e-01
-9.787605861998713297e-02	1.981765012825596473e-01	-6.532799919690586155e-01	1.000000000000000666e+00	-3.826885419509082342e-01	9.276871351465258708e-02	-2.073293484771263073e-01	2.726491439798512939e-01	-5.211282165844234315e-01	2.590526039344512310e-01	-1.299329333377578777e-01	1.372860169942880515e-01	-1.934835995617053550e-01	2.042690639391449570e-01	-1.447137943285180250e-01	9.913877296817916185e-02	-1.177117802188985818e-01	1.590964896330811784e-01	-1.047694338173647405e-01	1.076770707429409585e-01	-8.620276234749546518e-02	9.219153533244307808e-02	-1.220485007409960604e-01	1.165057193139021202e-01	-9.389263177288446893e-02	6.999729533963222616e-02	-5.337818808384167668e-02	7.871239922583819770e-02	-7.712665219709750886e-02	6.752478688690877195e-02	-4.672143430397959069e-02	5.574375426055877547e-02	-6.253061943921590926e-02	6.552546395121383593e-02	-8.837252574040077580e-02	5.765276772116056936e-02	-5.238289051574674532e-02	6.633988212930286288e-02	-6.895944194244417458e-02	1.042213653620792380e-01
1.047515036325877280e-01	-2.349071910879542147e-01	2.303855182078189956e-01	-3.826885419509082342e-01	1.000000000000000666e+00	-1.021285246287227111e-01	1.846329994090042947e-01	-2.240718997241955279e-01	3.145169579870516485e-01	-7.466836444423818886e-01	1.355647485080653247e-01	-1.440885505267863187e-01	1.799094798959866848e-01	-2.376512479476979300e-01	1.831126969613775246e-01	-1.170769753215129133e-01	1.303233868285041952e-01	-1.907154357775639464e-01	1.273425406185574871e-01	-1.432428925462473635e-01	1.006089709020647205e-01	-1.086161752477009940e-01	1.421913273913975040e-01	-1.491257976663901696e-01	1.175492264486327210e-01	-9.173860720597193374e-02	6.882137033003132842e-02	-1.031814875822911481e-01	9.795192277560603455e-02	-8.691156343326092437e-02	6.099514636960063491e-02	-7.343623867661860927e-02	8.078858474710901016e-02	-8.535450298636333699e-02	1.120777680448465652e-01	-7.685336787919459789e-02	6.858414719710194396e-02	-8.820195843521416723e-02	8.984063035745526449e-02	-1.432743227497170757e-01
-7.856784443834753384e-01	2.734095172620096270e-01	-1.179042980726478090e-01	9.276871351465258708e-02	-1.021285246287227111e-01	9.999999999999996669e-01	-2.479004989544240922e-01	1.295554118714519198e-01	-1.120531960967079965e-01	8.019413669566215208e-02	-4.416059258975502666e-01	2.188004119414025672e-01	-1.254965848579452370e-01	1.247708447157621359e-01	-9.492934935551337883e-02	1.273194361005614283e-01	-1.421781483934697610e-01	1.192658181729879391e-01	-7.672590894660977212e-02	7.482282052827887719e-02	-9.692719673451360984e-02	9.918706847171064600e-02	-1.071589826053996886e-01	9.043794784351806559e-02	-7.154772373669211760e-02	6.161231203341410723e-02	-4.707607303147377797e-02	6.516232098798102612e-02	-6.094759338241595437e-02	5.195124884870762350e-02	-4.035311818178786980e-02	4.752182582786530773e-02	-5.202215725074032376e-02	5.180996106180298794e-02	-6.973623620658712940e-02	4.812326117370016587e-02	-4.394125202592363832e-02	5.413354820810056811e-02	-5.538039753821256267e-02	8.084500557125443021e-02
2.196575122482973264e-01	-5.413163563695433389e-01	2.433266062848420674e-01	-2.073293484771263073e-01	1.846329994090042947e-01	-2.479004989544240922e-01	9.999999999999996669e-01	-4.710493529680996327e-01	2.225907086520782507e-01	-1.634042860430116595e-01	2.758586070353968300e-01	-4.402612598810750066e-01	2.568040980150451125e-01	-2.608067782829457393e-01	1.714405094697439569e-01	-1.846546733043470945e-01	2.144365423347275590e-01	-2.316521178859535512e-01	1.404378847675588349e-01	-1.377406299182316607e-01	1.436041226929548609e-01	-1.595779508607827746e-01	1.780913866662529044e-01	-1.631496393225909392e-01	1.247087210379679706e-01	-1.039237625199208315e-01	7.885904685438659134e-02	-1.125139864852847532e-01	1.054992767614502808e-01	-9.101165299563726552e-02	6.821730237799282504e-02	-8.110598380420183662e-02	8.889738464895305392e-02	-9.020123021617279524e-02	1.199418358162837456e-01	-8.291365814488461938e-02	7.503526649208938637e-02	-9.386709603854237471e-02	9.566577578205394394e-02	-1.433253250277795043e-01
-1.328414879143518246e-01	2.560148363543710004e-01	-5.100262264030374082e-01	2.726491439798512939e-01	-2.240718997241955279e-01	1.295554118714519198e-01	-4.710493529680996327e-01	1.000000000000000444e+00	-3.786784358353256219e-01	1.925809857204656417e-01	-1.853297032631538999e-01	2.140594095581944967e-01	-4.584687762103722419e-01	2.697386482049025647e-01	-1.718678158498252451e-01	1.294664281453596633e-01	-1.606761882770155470e-01	2.186839584706795625e-01	-1.348743935117555914e-01	1.291817609596582761e-01	-1.110195827946643954e-01	1.200827592860932297e-01	-1.576709563811253823e-01	1.435408970355068758e-01	-1.130649362890272375e-01	8.419223718136975565e-02	-6.457973760858984336e-02	9.432140849257644732e-02	-9.261669783056587779e-02	8.068772995779935342e-02	-5.604217784785783113e-02	6.663702029046474073e-02	-7.503639327779200452e-02	7.792556747199949618e-02	-1.052171432394363587e-01	6.841248063871897822e-02	-6.248814915649924390e-02	7.862005937491667318e-02	-8.187754028510851878e-02	1.211468526702747101e-01
1.139597089192340706e-01	-2.492388583204255825e-01	2.939003758893968254e-01	-5.211282165844234315e-01	3.145169579870516485e-01	-1.120531960967079965e-01	2.225907086520782507e-01	-3.786784358353256219e-01	1.000000000000000444e+00	-5.232059620087936569e-01	1.500594283582144806e-01	-1.663424191505054606e-01	2.285925434925854816e-01	-3.142524472170282190e-01	1.852713837416059828e-01	-1.222336830541030095e-01	1.400169220364944345e-01	-2.063354944618853160e-01	1.337774801634913358e-01	-1.413313422645993689e-01	1.046537353045500496e-01	-1.135060732333811467e-01	1.487921896710459879e-01	-1.503026063615177932e-01	1.171091730163047739e-01	-8.861496224621277784e-02	6.709190918218901900e-02	-9.975794035825226447e-02	9.644413472321912428e-02	-8.516297393437755048e-02	5.894163704562643824e-02	-7.062698589311297570e-02	7.853879513526246248e-02	-8.265750325078456695e-02	1.097133523167403424e-01	-7.332205674828691511e-02	6.607721346138112350e-02	-8.427297986542960084e-02	8.669764265265569869e-02	-1.337211548624493984e-01
-8.406747937590806907e-02	1.702992984801338372e-01	-2.120993572615154366e-01	2.590526039344512310e-01	-7.466836444423818886e-01	8.019413669566215208e-02	-1.634042860430116595e-01	1.925809857204656417e-01	-5.232059620087936569e-01	1.000000000000000222e+00	-1.131957332277321177e-01	1.177664941677677712e-01	-1.594829115230937400e-01	1.947001782701418826e-01	-1.956206759636208992e-01	9.272313552502058076e-02	-1.081726087792447971e-01	1.520616036547087491e-01	-1.084083370423600673e-01	1.247952516546659979e-01	-8.186382263920888303e-02	8.747307794637197709e-02	-1.183219241841527991e-01	1.202165127394766025e-01	-1.003334384986485500e-01	7.087880317897890525e-02	-5.387624369638401717e-02	8.061969944858470016e-02	-8.031524582531163192e-02	7.169499960956357554e-02	-4.745078340144996687e-02	5.682708661337144279e-02	-6.385089753414838198e-02	6.834086523440120742e-02	-9.198363352116371849e-02	5.914484059994885856e-02	-5.356136804404193485e-02	6.844378427182318259e-02	-7.136372891724855616e-02	1.094487246867933972e-01
2.641600431454004805e-01	-3.633290861973100250e-01	1.537599206745423053e-01	-1.299329333377578777e-01	1.355647485080653247e-01	-4.416059258975502666e-01	2.758586070353968300e-01	-1.853297032631538999e-01	1.500594283582144806e-01	-1.131957332277321177e-01	9.999999999999992228e-01	-6.241719980516976518e-01	1.983288024485630741e-01	-2.070364633981166269e-01	1.460142835232967617e-01	-2.746109282768001147e-01	2.501460031433382358e-01	-2.017087275132084245e-01	1.239722675165769589e-01	-1.201479908347348052e-01	1.719547770292383371e-01	-1.832837029448378952e-01	1.732552073423859473e-01	-1.502952843893996526e-01	1.127939896245511164e-01	-1.054954200113834006e-01	7.948301110816244353e-02	-1.085632853103398188e-01	9.762873854379146288e-02	-8.315896170642347873e-02	6.785927430787161430e-02	-8.012352355342658439e-02	8.550382102456703659e-02	-8.389458357733563243e-02	1.102346916606841143e-01	-8.080585951439560322e-02	7.292745558532340300e-02	-8.979488960671352937e-02	8.974487242667422704e-02	-1.327649421447276989e-01
-2.197185385759072296e-01	2.737996249146902872e-01	-1.733431683122108324e-01	1.372860169942880515e-01	-1.440885505267863187e-01	2.188004119414025672e-01	-4.402612598810750066e-01	2.140594095581944967e-01	-1.663424191505054606e-01	1.177664941677677712e-01	-6.241719980516976518e-01	1.000000000000001110e+00	-2.827426826777780233e-01	2.118858880205795603e-01	-1.524592348520801000e-01	2.240463366241607079e-01	-4.051334875340845687e-01	2.065473005789651151e-01	-1.279758877016279606e-01	1.205410982380147183e-01	-1.721654666062631123e-01	1.898582132149221613e-01	-1.858436536771603254e-01	1.481947412325141100e-01	-1.131374723504545154e-01	9.990810501388916465e-02	-7.688897044753538468e-02	1.043893949970689378e-01	-9.632535459404151235e-02	8.198389284356524809e-02	-6.494448830304044851e-02	7.625615170119860731e-02	-8.303534854607791393e-02	8.148458733606767090e-02	-1.085901078956598848e-01	7.637750317618884066e-02	-6.990980170105598468e-02	8.551131508507034407e-02	-8.691328495637304363e-02	1.252946915326040855e-01
1.267015711075508144e-01	-2.290860180292000614e-01	2.310464004253187376e-01	-1.934835995617053550e-01	1.799094798959866848e-01	-1.254965848579452370e-01	2.568040980150451125e-01	-4.584687762103722419e-01	2.285925434925854816e-01	-1.594829115230937400e-01	1.983288024485630741e-01	-2.827426826777780233e-01	1.000000000000001332e+00	-5.922570770939235008e-01	2.297603621052266287e-01	-1.523106387279842822e-01	1.901105876175831488e-01	-4.397862248206984015e-01	1.986283203006210807e-01	-1.804556624357517847e-01	1.330362609191583778e-01	-1.485822102186251104e-01	2.069687530861166191e-01	-1.974518431350751335e-01	1.447342555520562679e-01	-1.023086686263709327e-01	7.875231844804746195e-02	-1.169659248643974969e-01	1.164854431692133735e-01	-1.027017519995289813e-01	6.815474101934955453e-02	-8.121007791448493773e-02	9.239662212396364260e-02	-9.705190441493850850e-02	1.297942060521381780e-01	-8.327459328063996358e-02	7.619976461248137434e-02	-9.635267104484007694e-02	1.006444557695918285e-01	-1.475791657822531633e-01
-1.343475591681838333e-01	2.217802050422636173e-01	-2.571752563538860503e-01	2.042690639391449570e-01	-2.376512479476979300e-01	1.247708447157621359e-01	-2.608067782829457393e-01	2.697386482049025647e-01	-3.142524472170282190e-01	1.947001782701418826e-01	-2.070364633981166269e-01	2.118858880205795603e-01	-5.922570770939235008e-01	1.000000000000000000e+00	-4.258460374249207203e-01	1.586912010194885536e-01	-2.042390420186674937e-01	2.937535295037633221e-01	-2.559407415684053499e-01	2.334603470442940254e-01	-1.494518534062795612e-01	1.579612110464098107e-01	-2.380320501595488414e-01	2.231929530449842103e-01	-1.909896580275272648e-01	1.162670915880224531e-01	-9.076971841650931239e-02	1.354981724393059805e-01	-1.458754813805142325e-01	1.292732525572131419e-01	-7.875418436384259979e-02	9.336805832384849346e-02	-1.093695245690817081e-01	1.183785404236993022e-01	-1.648420062656616725e-01	9.593851260717201068e-02	-8.929568603521109704e-02	1.126808456819639315e-01	-1.221491683409793028e-01	1.734734411426023248e-01
9.993335812563708398e-02	-1.832012063101008115e-01	1.563768714697028328e-01	-1.447137943285180250e-01	1.831126969613775246e-01	-9.492934935551337883e-02	1.714405094697439569e-01	-1.718678158498252451e-01	1.852713837416059828e-01	-1.956206759636208992e-01	1.460142835232967617e-01	-1.524592348520801000e-01	2.297603621052266287e-01	-4.258460374249207203e-01	9.999999999999987788e-01	-1.457018206882906286e-01	1.667550346730602706e-01	-3.166525371865551164e-01	2.820657034330485424e-01	-6.375595229341342041e-01	1.359577558087771698e-01	-1.490794811345033388e-01	2.208296118372561623e-01	-3.057656269082854039e-01	2.445688934090351485e-01	-1.388633992589980992e-01	1.050164740244687589e-01	-1.665933082433728729e-01	1.742116404735282453e-01	-1.795833581543165303e-01	9.340325951663031034e-02	-1.132335818843341890e-01	1.284106345605512123e-01	-1.499451243598005079e-01	1.895429985758435021e-01	-1.193251628681893384e-01	1.070223023574031762e-01	-1.414898586499807598e-01	1.472575075966248703e-01	-2.345203847554618859e-01
-1.332617028135033854e-01	1.784960643909785094e-01	-1.198245882364592507e-01	9.913877296817916185e-02	-1.170769753215129133e-01	1.273194361005614283e-01	-1.846546733043470945e-01	1.294664281453596633e-01	-1.222336830541030095e-01	9.272313552502058076e-02	-2.746109282768001147e-01	2.240463366241607079e-01	-1.523106387279842822e-01	1.586912010194885536e-01	-1.457018206882906286e-01	9.999999999999982236e-01	-5.287410658489808402e-01	1.924839836555782280e-01	-1.281578563351279954e-01	1.189698787517168010e-01	-6.612080072787192009e-01	3.076409124735172695e-01	-2.528458516994343541e-01	1.606581492277769363e-01	-1.255974229998398362e-01	1.552177183344272127e-01	-1.207032295373165337e-01	1.307128587621568527e-01	-1.127149406510885160e-01	9.189794281957985866e-02	-9.718218853069486574e-02	1.055938921989050122e-01	-1.080392892935223698e-01	9.461784324533273338e-02	-1.253253718266210681e-01	9.970725900901554473e-02	-9.470150554591207082e-02	1.050317445161969288e-01	-1.046961237019817664e-01	1.371743079224251038e-01
1.388296589107211598e-01	-2.227991018429845704e-01	1.377202640138717460e-01	-1.177117802188985818e-01	1.303233868285041952e-01	-1.421781483934697610e-01	2.144365423347275590e-01	-1.606761882770155470e-01	1.400169220364944345e-01	-1.081726087792447971e-01	2.501460031433382358e-01	-4.051334875340845687e-01	1.901105876175831488e-01	-2.042390420186674937e-01	1.667550346730602706e-01	-5.287410658489808402e-01	9.999999999999997780e-01	-2.752420418178436190e-01	1.573023697477528016e-01	-1.439839330761225611e-01	3.033893891456383440e-01	-5.084837850632809575e-01	2.684383771844918720e-01	-2.051205103888518455e-01	1.397775728796681882e-01	-1.538657141521362626e-01	1.172778129877759534e-01	-1.491157973372811418e-01	1.248027499519777789e-01	-1.042616044673399384e-01	9.557884145608834536e-02	-1.126904733397811886e-01	1.155851899421443396e-01	-1.070649026295699552e-01	1.371469496280929845e-01	-1.093742402545370973e-01	9.880537271123573939e-02	-1.186003151551445478e-01	1.151170911664454455e-01	-1.641053744696271133e-01
-1.279805815028172700e-01	2.058056974526947525e-01	-2.004872918460483822e-01	1.590964896330811784e-01	-1.907154357775639464e-01	1.192658181729879391e-01	-2.316521178859535512e-01	2.186839584706795625e-01	-2.063354944618853160e-01	1.520616036547087491e-01	-2.017087275132084245e-01	2.065473005789651151e-01	-4.397862248206984015e-01	2.937535295037633221e-01	-3.166525371865551164e-01	1.924839836555782280e-01	-2.752420418178436190e-01	1.000000000000001110e+00	-4.548447295971219106e-01	2.500046696392974055e-01	-1.962086339592274964e-01	2.184634686395119652e-01	-4.407617685630464410e-01	2.993168836820653822e-01	-2.204619703822125187e-01	1.379165872590380759e-01	-1.100347955600757266e-01	1.654718910943789312e-01	-1.734962388449117210e-01	1.483730353306319527e-01	-9.340143046038400232e-02	1.102349487147677859e-01	-1.333290401255476654e-01	1.374195477872068860e-01	-1.895348530447553137e-01	1.113925740093931055e-01	-1.051173220967428767e-01	1.312184098467850113e-01	-1.421349959239980587e-01	1.923758391892458897e-01
8.153445048200061440e-02	-1.390212099675086355e-01	1.225432717643742120e-01	-1.047694338173647405e-01	1.273425406185574871e-01	-7.672590894660977212e-02	1.404378847675588349e-01	-1.348743935117555914e-01	1.337774801634913358e-01	-1.084083370423600673e-01	1.239722675165769589e-01	-1.279758877016279606e-01	1.986283203006210807e-01	-2.559407415684053499e-01	2.820657034330485424e-01	-1.281578563351279954e-01	1.573023697477528016e-01	-4.548447295971219106e-01	9.999999999999996669e-01	-4.846272187852053714e-01	1.264913822999475523e-01	-1.453881037033323831e-01	2.508496892105524512e-01	-6.174212745582448036e-01	2.208544895714541767e-01	-1.093767038851519713e-01	8.566505739763011218e-02	-1.362924936209400917e-01	1.627186410007570305e-01	-1.505021792041249529e-01	7.423756242334697553e-02	-8.899836950385045520e-02	1.066631887398492295e-01	-1.267291153210503840e-01	1.619012693832887761e-01	-9.176958341197358204e-02	8.519965404604079584e-02	-1.105788583289816218e-01	1.208150027340517685e-01	-1.705978282445134719e-01
-8.018274786814363897e-02	1.372047115975892351e-01	-1.240091139075392979e-01	1.076770707429409585e-01	-1.432428925462473635e-01	7.482282052827887719e-02	-1.377406299182316607e-01	1.291817609596582761e-01	-1.413313422645993689e-01	1.247952516546659979e-01	-1.201479908347348052e-01	1.205410982380147183e-01	-1.804556624357517847e-01	2.334603470442940254e-01	-6.375595229341342041e-01	1.189698787517168010e-01	-1.439839330761225611e-01	2.500046696392974055e-01	-4.846272187852053714e-01	9.999999999999994449e-01	-1.176555458953115058e-01	1.269890604090611053e-01	-2.086398945120785386e-01	2.804100833744767596e-01	-3.893120632420163929e-01	1.123410147355200644e-01	-8.776503195233265053e-02	1.406020538229164896e-01	-1.837732627289719034e-01	1.929217347286313333e-01	-7.715897217657180507e-02	9.262609131178674293e-02	-1.118386215245814885e-01	1.403966167558800271e-01	-1.958461673596527952e-01	9.673233442727272036e-02	-9.007842583343016185e-02	1.181622757190037287e-01	-1.333960401313762922e-01	1.909062086565500582e-01
9.794061607610397846e-02	-1.540763520907367234e-01	1.011051448528208219e-01	-8.620276234749546518e-02	1.006089709020647205e-01	-9.692719673451360984e-02	1.436041226929548609e-01	-1.110195827946643954e-01	1.046537353045500496e-01	-8.186382263920888303e-02	1.719547770292383371e-01	-1.721654666062631123e-01	1.330362609191583778e-01	-1.494518534062795612e-01	1.359577558087771698e-01	-6.612080072787192009e-01	3.033893891456383440e-01	-1.962086339592274964e-01	1.264913822999475523e-01	-1.176555458953115058e-01	1.000000000000001332e+00	-5.526368873538028970e-01	2.498293063920521140e-01	-1.728007349885719024e-01	1.232085064095158333e-01	-2.248718536406028035e-01	1.435848016201269339e-01	-1.475438670401838237e-01	1.145516223219456980e-01	-9.287464595048237903e-02	1.141592629309923501e-01	-1.260364973585086645e-01	1.164973360260722485e-01	-9.830529069919959062e-02	1.244481553606747171e-01	-1.163657620086074040e-01	1.051448523734952178e-01	-1.162387907732490011e-01	1.088855073418192598e-01	-1.445979502987453924e-01
-1.039504536993707817e-01	1.555106197802101908e-01	-1.099287879355856506e-01	9.219153533244307808e-02	-1.086161752477009940e-01	9.918706847171064600e-02	-1.595779508607827746e-01	1.200827592860932297e-01	-1.135060732333811467e-01	8.747307794637197709e-02	-1.832837029448378952e-01	1.898582132149221613e-01	-1.485822102186251104e-01	1.579612110464098107e-01	-1.490794811345033388e-01	3.076409124735172695e-01	-5.084837850632809575e-01	2.184634686395119652e-01	-1.453881037033323831e-01	1.269890604090611053e-01	-5.526368873538028970e-01	9.999999999999982236e-01	-5.017778367187409883e-01	1.936232407002564659e-01	-1.320312176505195056e-01	1.606850793476208572e-01	-1.392251715419957625e-01	1.495755442362441678e-01	-1.200088911621162574e-01	9.716903129167488162e-02	-9.984710593427052749e-02	1.147540657895389921e-01	-1.184425209292040843e-01	1.000208740170408506e-01	-1.289250227623377210e-01	1.043807829431033368e-01	-9.831348827458491479e-02	1.117402894060324225e-01	-1.090489985392460726e-01	1.433470316839139114e-01
1.110598599803314657e-01	-1.909710689444131249e-01	1.411049442022033196e-01	-1.220485007409960604e-01	1.421913273913975040e-01	-1.071589826053996886e-01	1.780913866662529044e-01	-1.576709563811253823e-01	1.487921896710459879e-01	-1.183219241841527991e-01	1.732552073423859473e-01	-1.858436536771603254e-01	2.069687530861166191e-01	-2.380320501595488414e-01	2.208296118372561623e-01	-2.528458516994343541e-01	2.684383771844918720e-01	-4.407617685630464410e-01	2.508496892105524512e-01	-2.086398945120785386e-01	2.498293063920521140e-01	-5.017778367187409883e-01	9.999999999999971134e-01	-4.328003929419067530e-01	1.988690030554736976e-01	-1.890780641834416687e-01	1.485259751073930434e-01	-2.607162384936109190e-01	1.823673914329666801e-01	-1.504657339741148347e-01	1.212433704232256521e-01	-1.477934536081425831e-01	1.725171235488916488e-01	-1.532810404341244936e-01	1.873023333198592655e-01	-1.451062997980784863e-01	1.316062514885981694e-01	-1.674918049294235045e-01	1.591960555900660823e-01	-2.222326350617664092e-01
-9.748829081064840085e-02	1.586386379657775680e-01	-1.384516999728318820e-01	1.165057193139021202e-01	-1.491257976663901696e-01	9.043794784351806559e-02	-1.631496393225909392e-01	1.435408970355068758e-01	-1.503026063615177932e-01	1.202165127394766025e-01	-1.502952843893996526e-01	1.481947412325141100e-01	-1.974518431350751335e-01	2.231929530449842103e-01	-3.057656269082854039e-01	1.606581492277769363e-01	-2.051205103888518455e-01	2.993168836820653822e-01	-6.174212745582448036e-01	2.804100833744767596e-01	-1.728007349885719024e-01	1.936232407002564659e-01	-4.328003929419067530e-01	9.999999999999991118e-01	-3.080742056354331959e-01	1.381254544252600580e-01	-1.113784624571343973e-01	1.772387998612235949e-01	-2.571872929798478813e-01	1.933598307327147325e-01	-9.520890140900489795e-02	1.130550385974274236e-01	-1.428132183776387176e-01	1.698961143628874570e-01	-2.243036427589373549e-01	1.153953192170173170e-01	-1.103293032345139812e-01	1.413065363386663553e-01	-1.632105419730969231e-01	2.095664179653647929e-01
7.618331535770631047e-02	-1.344011645541901279e-01	1.065760739398968343e-01	-9.389263177288446893e-02	1.175492264486327210e-01	-7.154772373669211760e-02	1.247087210379679706e-01	-1.130649362890272375e-01	1.171091730163047739e-01	-1.003334384986485500e-01	1.127939896245511164e-01	-1.131374723504545154e-01	1.447342555520562679e-01	-1.909896580275272648e-01	2.445688934090351485e-01	-1.255974229998398362e-01	1.397775728796681882e-01	-2.204619703822125187e-01	2.208544895714541767e-01	-3.893120632420163929e-01	1.232085064095158333e-01	-1.320312176505195056e-01	1.988690030554736976e-01	-3.080742056354331959e-01	9.999999999999988898e-01	-1.582458408724303489e-01	1.209021465686839492e-01	-2.113185880881841561e-01	2.813485613468354463e-01	-6.296064757541093293e-01	1.086235750795135763e-01	-1.332124555675092692e-01	1.582337920930245445e-01	-2.402012297614566083e-01	2.829349042661648550e-01	-1.423959207585795417e-01	1.289510103566259003e-01	-1.797459592988971955e-01	1.970032900586287383e-01	-3.173601226290937993e-01
-6.662693724118967653e-02	1.043088196052118083e-01	-8.276246484363128375e-02	6.999729533963222616e-02	-9.173860720597193374e-02	6.161231203341410723e-02	-1.039237625199208315e-01	8.419223718136975565e-02	-8.861496224621277784e-02	7.087880317897890525e-02	-1.054954200113834006e-01	9.990810501388916465e-02	-1.023086686263709327e-01	1.162670915880224531e-01	-1.388633992589980992e-01	1.552177183344272127e-01	-1.538657141521362626e-01	1.379165872590380759e-01	-1.093767038851519713e-01	1.123410147355200644e-01	-2.248718536406028035e-01	1.606850793476208572e-01	-1.890780641834416687e-01	1.381254544252600580e-01	-1.582458408724303489e-01	9.999999999999984457e-01	-6.471615061199356145e-01	2.328933847729579842e-01	-1.668487141204468838e-01	1.200187659299660065e-01	-4.638891369529665742e-01	3.214432479154541999e-01	-2.286158476135218276e-01	1.388364241076469607e-01	-1.766672837789082517e-01	2.467264250863899222e-01	-2.559305306889225751e-01	1.931130281206565602e-01	-1.777139512255015708e-01	1.681175881171014797e-01
5.047610922548795981e-02	-8.084268468223444748e-02	6.271417303491416684e-02	-5.337818808384167668e-02	6.882137033003132842e-02	-4.707607303147377797e-02	7.885904685438659134e-02	-6.457973760858984336e-02	6.709190918218901900e-02	-5.387624369638401717e-02	7.948301110816244353e-02	-7.688897044753538468e-02	7.875231844804746195e-02	-9.076971841650931239e-02	1.050164740244687589e-01	-1.207032295373165337e-01	1.172778129877759534e-01	-1.100347955600757266e-01	8.566505739763011218e-02	-8.776503195233265053e-02	1.435848016201269339e-01	-1.392251715419957625e-01	1.485259751073930434e-01	-1.113784624571343973e-01	1.209021465686839492e-01	-6.471615061199356145e-01	9.999999999999952260e-01	-3.184821310362659363e-01	1.361819473425156801e-01	-9.659021788479640880e-02	2.853242249598560432e-01	-5.719784037158478496e-01	2.168395751765001822e-01	-1.164853271167078513e-01	1.363152242862328833e-01	-2.235983096136709702e-01	2.075298040381286235e-01	-1.798338106190488506e-01	1.424183383542393933e-01	-1.411312937130680123e-01
-7.056520550088783705e-02	1.139085233006612019e-01	-9.249234776746413644e-02	7.871239922583819770e-02	-1.031814875822911481e-01	6.516232098798102612e-02	-1.125139864852847532e-01	9.432140849257644732e-02	-9.975794035825226447e-02	8.061969944858470016e-02	-1.085632853103398188e-01	1.043893949970689378e-01	-1.169659248643974969e-01	1.354981724393059805e-01	-1.665933082433728729e-01	1.307128587621568527e-01	-1.491157973372811418e-01	1.654718910943789312e-01	-1.362924936209400917e-01	1.406020538229164896e-01	-1.475438670401838237e-01	1.495755442362441678e-01	-2.607162384936109190e-01	1.772387998612235949e-01	-2.113185880881841561e-01	2.328933847729579842e-01	-3.184821310362659363e-01	9.999999999999986677e-01	-3.034239510979465093e-01	1.747507001859604781e-01	-1.806301639830081018e-01	2.252274807251561095e-01	-6.835939648212705499e-01	2.089522031183390083e-01	-2.346519594846389056e-01	1.892196356864966622e-01	-2.178423658174196142e-01	2.713773477436401960e-01	-2.448994395986594796e-01	2.205106400068649053e-01
6.527680729382613622e-02	-1.121796627094206328e-01	8.865653052895149100e-02	-7.712665219709750886e-02	9.795192277560603455e-02	-6.094759338241595437e-02	1.054992767614502808e-01	-9.261669783056587779e-02	9.644413472321912428e-02	-8.031524582531163192e-02	9.762873854379146288e-02	-9.632535459404151235e-02	1.164854431692133735e-01	-1.458754813805142325e-01	1.742116404735282453e-01	-1.127149406510885160e-01	1.248027499519777789e-01	-1.734962388449117210e-01	1.627186410007570305e-01	-1.837732627289719034e-01	1.145516223219456980e-01	-1.200088911621162574e-01	1.823673914329666801e-01	-2.571872929798478813e-01	2.813485613468354463e-01	-1.668487141204468838e-01	1.361819473425156801e-01	-3.034239510979465093e-01	1.000000000000000666e+00	-5.079466577918634318e-01	1.183469473803475114e-01	-1.463912939090756538e-01	2.024802200450248890e-01	-5.643323900936868531e-01	3.074484197141081343e-01	-1.542669915242359246e-01	1.470989652408255521e-01	-2.181026566061772254e-01	2.686364590650751061e-01	-3.142564374512982761e-01
-5.574619722701735364e-02	9.572000383906194287e-02	-7.763636559476394527e-02	6.752478688690877195e-02	-8.691156343326092437e-02	5.195124884870762350e-02	-9.101165299563726552e-02	8.068772995779935342e-02	-8.516297393437755048e-02	7.169499960956357554e-02	-8.315896170642347873e-02	8.198389284356524809e-02	-1.027017519995289813e-01	1.292732525572131419e-01	-1.795833581543165303e-01	9.189794281957985866e-02	-1.042616044673399384e-01	1.483730353306319527e-01	-1.505021792041249529e-01	1.929217347286313333e-01	-9.287464595048237903e-02	9.716903129167488162e-02	-1.504657339741148347e-01	1.933598307327147325e-01	-6.296064757541093293e-01	1.200187659299660065e-01	-9.659021788479640880e-02	1.747507001859604781e-01	-5.079466577918634318e-01	9.999999999999976685e-01	-8.547917858240863809e-02	1.037794715663337974e-01	-1.388427943652151553e-01	2.531384160571427122e-01	-4.499483673748383428e-01	1.100843966066781532e-01	-1.059596434857207198e-01	1.476461290151451500e-01	-1.934234327883974092e-01	2.558383933150814027e-01
4.350925593551351750e-02	-6.969016303049442584e-02	5.491300627804694690e-02	-4.672143430397959069e-02	6.099514636960063491e-02	-4.035311818178786980e-02	6.821730237799282504e-02	-5.604217784785783113e-02	5.894163704562643824e-02	-4.745078340144996687e-02	6.785927430787161430e-02	-6.494448830304044851e-02	6.815474101934955453e-02	-7.875418436384259979e-02	9.340325951663031034e-02	-9.718218853069486574e-02	9.557884145608834536e-02	-9.340143046038400232e-02	7.423756242334697553e-02	-7.715897217657180507e-02	1.141592629309923501e-01	-9.984710593427052749e-02	1.212433704232256521e-01	-9.520890140900489795e-02	1.086235750795135763e-01	-4.638891369529665742e-01	2.853242249598560432e-01	-1.806301639830081018e-01	1.183469473803475114e-01	-8.547917858240863809e-02	9.999999999999971134e-01	-5.617049166172315422e-01	1.802333331480142353e-01	-1.064318311449368171e-01	1.252151456637064786e-01	-5.643610003700039179e-01	2.739687687002279604e-01	-1.915297221459179022e-01	1.385497585399778075e-01	-1.306935042610899989e-01
-5.150337700416209030e-02	8.187944102027594484e-02	-6.568438372875096132e-02	5.574375426055877547e-02	-7.343623867661860927e-02	4.752182582786530773e-02	-8.110598380420183662e-02	6.663702029046474073e-02	-7.062698589311297570e-02	5.682708661337144279e-02	-8.012352355342658439e-02	7.625615170119860731e-02	-8.121007791448493773e-02	9.336805832384849346e-02	-1.132335818843341890e-01	1.055938921989050122e-01	-1.126904733397811886e-01	1.102349487147677859e-01	-8.899836950385045520e-02	9.262609131178674293e-02	-1.260364973585086645e-01	1.147540657895389921e-01	-1.477934536081425831e-01	1.130550385974274236e-01	-1.332124555675092692e-01	3.214432479154541999e-01	-5.719784037158478496e-01	2.252274807251561095e-01	-1.463912939090756538e-01	1.037794715663337974e-01	-5.617049166172315422e-01	9.999999999999972244e-01	-2.598889972880192301e-01	1.270622085130253542e-01	-1.527694821815844262e-01	2.813896763323427419e-01	-3.485438084077587817e-01	2.105760428778639670e-01	-1.676087452122911048e-01	1.505655592084499395e-01
5.597470778951657566e-02	-9.245544088098500701e-02	7.288141403298964427e-02	-6.253061943921590926e-02	8.078858474710901016e-02	-5.202215725074032376e-02	8.889738464895305392e-02	-7.503639327779200452e-02	7.853879513526246248e-02	-6.385089753414838198e-02	8.550382102456703659e-02	-8.303534854607791393e-02	9.239662212396364260e-02	-1.093695245690817081e-01	1.284106345605512123e-01	-1.080392892935223698e-01	1.155851899421443396e-01	-1.333290401255476654e-01	1.066631887398492295e-01	-1.118386215245814885e-01	1.164973360260722485e-01	-1.184425209292040843e-01	1.725171235488916488e-01	-1.428132183776387176e-01	1.582337920930245445e-01	-2.286158476135218276e-01	2.168395751765001822e-01	-6.835939648212705499e-01	2.024802200450248890e-01	-1.388427943652151553e-01	1.802333331480142353e-01	-2.598889972880192301e-01	9.999999999999970024e-01	-2.057876972833685703e-01	1.886266552065287705e-01	-2.265504874759421694e-01	2.364246814216452997e-01	-4.929750337874854726e-01	2.295198273474496620e-01	-2.179949810757966788e-01
-5.591228641049485887e-02	9.400504045749848159e-02	-7.592709488561512343e-02	6.552546395121383593e-02	-8.535450298636333699e-02	5.180996106180298794e-02	-9.020123021617279524e-02	7.792556747199949618e-02	-8.265750325078456695e-02	6.834086523440120742e-02	-8.389458357733563243e-02	8.148458733606767090e-02	-9.705190441493850850e-02	1.183785404236993022e-01	-1.499451243598005079e-01	9.461784324533273338e-02	-1.070649026295699552e-01	1.374195477872068860e-01	-1.267291153210503840e-01	1.403966167558800271e-01	-9.830529069919959062e-02	1.000208740170408506e-01	-1.532810404341244936e-01	1.698961143628874570e-01	-2.402012297614566083e-01	1.388364241076469607e-01	-1.164853271167078513e-01	2.089522031183390083e-01	-5.643323900936868531e-01	2.531384160571427122e-01	-1.064318311449368171e-01	1.270622085130253542e-01	-2.057876972833685703e-01	9.999999999999975575e-01	-4.390922231613876847e-01	1.375779786478374678e-01	-1.496225478018347599e-01	2.213757483741015109e-01	-5.573861906669322908e-01	2.989000279088832590e-01
7.465252685708290148e-02	-1.306493005170686617e-01	1.008533026354330869e-01	-8.837252574040077580e-02	1.120777680448465652e-01	-6.973623620658712940e-02	1.199418358162837456e-01	-1.052171432394363587e-01	1.097133523167403424e-01	-9.198363352116371849e-02	1.102346916606841143e-01	-1.085901078956598848e-01	1.297942060521381780e-01	-1.648420062656616725e-01	1.895429985758435021e-01	-1.253253718266210681e-01	1.371469496280929845e-01	-1.895348530447553137e-01	1.619012693832887761e-01	-1.958461673596527952e-01	1.244481553606747171e-01	-1.289250227623377210e-01	1.873023333198592655e-01	-2.243036427589373549e-01	2.829349042661648550e-01	-1.766672837789082517e-01	1.363152242862328833e-01	-2.346519594846389056e-01	3.074484197141081343e-01	-4.499483673748383428e-01	1.252151456637064786e-01	-1.527694821815844262e-01	1.886266552065287705e-01	-4.390922231613876847e-01	9.999999999999975575e-01	-1.662939148265825673e-01	1.557078199579698674e-01	-2.240283586479184796e-01	2.868028448605117742e-01	-5.738827962862330656e-01
-5.240071944931511128e-02	8.331284854417810026e-02	-6.796132608165444955e-02	5.765276772116056936e-02	-7.685336787919459789e-02	4.812326117370016587e-02	-8.291365814488461938e-02	6.841248063871897822e-02	-7.332205674828691511e-02	5.914484059994885856e-02	-8.080585951439560322e-02	7.637750317618884066e-02	-8.327459328063996358e-02	9.593851260717201068e-02	-1.193251628681893384e-01	9.970725900901554473e-02	-1.093742402545370973e-01	1.113925740093931055e-01	-9.176958341197358204e-02	9.673233442727272036e-02	-1.163657620086074040e-01	1.043807829431033368e-01	-1.451062997980784863e-01	1.153953192170173170e-01	-1.423959207585795417e-01	2.467264250863899222e-01	-2.235983096136709702e-01	1.892196356864966622e-01	-1.542669915242359246e-01	1.100843966066781532e-01	-5.643610003700039179e-01	2.813896763323427419e-01	-2.265504874759421694e-01	1.375779786478374678e-01	-1.662939148265825673e-01	9.999999999999974465e-01	-6.227947884257483135e-01	2.527128837789338056e-01	-1.964478516009374454e-01	1.619004259615133279e-01
4.748002494149809044e-02	-7.720161774034879631e-02	6.131661092606602304e-02	-5.238289051574674532e-02	6.858414719710194396e-02	-4.394125202592363832e-02	7.503526649208938637e-02	-6.248814915649924390e-02	6.607721346138112350e-02	-5.356136804404193485e-02	7.292745558532340300e-02	-6.990980170105598468e-02	7.619976461248137434e-02	-8.929568603521109704e-02	1.070223023574031762e-01	-9.470150554591207082e-02	9.880537271123573939e-02	-1.051173220967428767e-01	8.519965404604079584e-02	-9.007842583343016185e-02	1.051448523734952178e-01	-9.831348827458491479e-02	1.316062514885981694e-01	-1.103293032345139812e-01	1.289510103566259003e-01	-2.559305306889225751e-01	2.075298040381286235e-01	-2.178423658174196142e-01	1.470989652408255521e-01	-1.059596434857207198e-01	2.739687687002279604e-01	-3.485438084077587817e-01	2.364246814216452997e-01	-1.496225478018347599e-01	1.557078199579698674e-01	-6.227947884257483135e-01	9.999999999999975575e-01	-5.228622835980124561e-01	2.063193735824985775e-01	-1.805225487951698793e-01
-5.886730861031493067e-02	9.515026801847423221e-02	-7.785029355723545319e-02	6.633988212930286288e-02	-8.820195843521416723e-02	5.413354820810056811e-02	-9.386709603854237471e-02	7.862005937491667318e-02	-8.427297986542960084e-02	6.844378427182318259e-02	-8.979488960671352937e-02	8.551131508507034407e-02	-9.635267104484007694e-02	1.126808456819639315e-01	-1.414898586499807598e-01	1.050317445161969288e-01	-1.186003151551445478e-01	1.312184098467850113e-01	-1.105788583289816218e-01	1.181622757190037287e-01	-1.162387907732490011e-01	1.117402894060324225e-01	-1.674918049294235045e-01	1.413065363386663553e-01	-1.797459592988971955e-01	1.931130281206565602e-01	-1.798338106190488506e-01	2.713773477436401960e-01	-2.181026566061772254e-01	1.476461290151451500e-01	-1.915297221459179022e-01	2.105760428778639670e-01	-4.929750337874854726e-01	2.213757483741015109e-01	-2.240283586479184796e-01	2.527128837789338056e-01	-5.228622835980124561e-01	9.999999999999975575e-01	-4.474037549519948032e-01	2.349482778245411130e-01
5.975659896719658776e-02	-1.003383541091043274e-01	7.991026802262385376e-02	-6.895944194244417458e-02	8.984063035745526449e-02	-5.538039753821256267e-02	9.566577578205394394e-02	-8.187754028510851878e-02	8.669764265265569869e-02	-7.136372891724855616e-02	8.974487242667422704e-02	-8.691328495637304363e-02	1.006444557695918285e-01	-1.221491683409793028e-01	1.472575075966248703e-01	-1.046961237019817664e-01	1.151170911664454455e-01	-1.421349959239980587e-01	1.208150027340517685e-01	-1.333960401313762922e-01	1.088855073418192598e-01	-1.090489985392460726e-01	1.591960555900660823e-01	-1.632105419730969231e-01	1.970032900586287383e-01	-1.777139512255015708e-01	1.424183383542393933e-01	-2.448994395986594796e-01	2.686364590650751061e-01	-1.934234327883974092e-01	1.385497585399778075e-01	-1.676087452122911048e-01	2.295198273474496620e-01	-5.573861906669322908e-01	2.868028448605117742e-01	-1.964478516009374454e-01	2.063193735824985775e-01	-4.474037549519948032e-01	9.999999999999977796e-01	-4.984293041331323004e-01
