1.000000000000000000e+00	-5.761685700761790541e-01	2.838230383138697910e-01	-1.632096356628589817e-01	9.852037247561629130e-02	-5.455856574998303454e-01	2.977933564218962492e-01	-2.950308054872501362e-01	1.563126455479531551e-01	-1.079443021238209038e-01	2.778956015670231983e-01	-2.936852784845497832e-01	1.833181137228334368e-01	-1.558592420639043630e-01	1.639117091808852955e-01	-1.921036198523496941e-01	1.751658251785001286e-01	-1.674813629820169902e-01	1.563255704324678919e-01	-1.293298965103567288e-01	1.428270026426575745e-01	-1.751018852469454767e-01	1.803026151331628968e-01	-1.371334606802624423e-01	1.220597463340253319e-01	-1.600547311553564278e-01	1.541234197586808519e-01	-1.453146397368431375e-01	1.417368136027254977e-01	-1.785291621220425617e-01	1.249145337576226256e-01	-1.345844310070263006e-01	1.420021280077878867e-01	-1.213718946224990602e-01	1.165783069363927615e-01	-1.514789652386620833e-01	1.141505471734438892e-01	-1.906107015827806506e-01	1.162650315598590806e-01	-1.274481349080969217e-01
-5.761685700761790541e-01	9.999999999999997780e-01	-4.933632822734954626e-01	1.515575876025077040e-01	-9.266033109027732584e-02	2.672001952804571867e-01	-5.215359589849470900e-01	2.701463329744723252e-01	-1.463236580861406733e-01	9.617476031048940999e-02	-2.316324531334788273e-01	2.526472255469298656e-01	-1.652972118761052711e-01	1.342283081142190415e-01	-1.440289947439213625e-01	1.445009020105002540e-01	-1.481209451145287237e-01	1.400398825037469097e-01	-1.325489135668364571e-01	1.064975618397481089e-01	-1.118471825320078439e-01	1.373010119006704832e-01	-1.518918504246646040e-01	1.117728939861762916e-01	-1.008995059459441707e-01	1.197985632621228202e-01	-1.219695389206871955e-01	1.139976702088219829e-01	-1.129899339422656968e-01	1.340736280085622623e-01	-9.510827317683318016e-02	1.022853484719209172e-01	-1.109387015901400209e-01	9.366521978641133284e-02	-8.994389449486865640e-02	1.115730167355177271e-01	-8.532533796979535623e-02	1.389154625308173796e-01	-8.887241381247847072e-02	9.509138262713076606e-02
2.838230383138697910e-01	-4.933632822734954626e-01	1.000000000000000222e+00	-3.307634205024060359e-01	1.596008754819955855e-01	-2.619764550253851354e-01	2.842015906802749514e-01	-5.451114841426115687e-01	2.362304144845740750e-01	-1.679489833439363478e-01	2.209056549760734789e-01	-2.622232965704594521e-01	2.339727364060925630e-01	-2.071257156426169199e-01	2.116678151008914155e-01	-1.892368164772393613e-01	1.809811297124649943e-01	-2.016729941349670041e-01	1.895291481806719025e-01	-1.598370318061701489e-01	1.454905603367820932e-01	-1.829614990926864415e-01	2.090542768336796642e-01	-1.637333769332468825e-01	1.466278590213667965e-01	-1.684242966299835942e-01	1.659422862686494582e-01	-1.632875757415248874e-01	1.611251340948775257e-01	-2.060458983479155071e-01	1.347566928496199967e-01	-1.469433014739486010e-01	1.578022761580001876e-01	-1.375793592445137548e-01	1.325314939331889985e-01	-1.659628648056860334e-01	1.253463563685336957e-01	-2.118302769693794774e-01	1.307587479735101976e-01	-1.443201576047261347e-01
-1.632096356628589817e-01	1.515575876025077040e-01	-3.307634205024060359e-01	9.999999999999997780e-01	-5.419434045095057328e-01	1.324306829932738183e-01	-1.477631626277557120e-01	2.291298981545827618e-01	-5.952981193339274002e-01	3.119448761394158498e-01	-1.348250045193852276e-01	1.442230658512272390e-01	-1.887264925328116516e-01	2.304771146533759751e-01	-2.777454151719991882e-01	1.183212853580639795e-01	-1.208620917522667260e-01	1.523495221850175718e-01	-1.775012842902033983e-01	1.507687995834040839e-01	-9.539797988749727786e-02	1.195282673554231984e-01	-1.658698911010328125e-01	1.377865693710721151e-01	-1.347147789707224819e-01	1.082666356213177888e-01	-1.136067327475514394e-01	1.165995469624541980e-01	-1.219795804991041649e-01	1.428617093240127367e-01	-8.920410480239349127e-02	9.783252609672338229e-02	-1.116582776194668392e-01	9.799619043883846248e-02	-9.515601252343393324e-02	1.060406595224551579e-01	-8.176427107609154921e-02	1.341424071857238998e-01	-9.123489167934772937e-02	9.696720826109783697e-02
9.852037247561629130e-02	-9.266033109027732584e-02	1.596008754819955855e-01	-5.419434045095057328e-01	1.000000000000000888e+00	-8.683639729069227153e-02	9.249688102518510702e-02	-1.543031347542415110e-01	2.873088268543801949e-01	-7.465157097140445730e-01	8.723167761019590127e-02	-9.627673652289787942e-02	1.238773695971322614e-01	-1.680300665033682694e-01	2.043898284719528613e-01	-8.259521667521049770e-02	8.216500114385281994e-02	-1.057635137042061829e-01	1.196711402364697141e-01	-1.168771911760243670e-01	6.587431151228782811e-02	-8.338316166342603364e-02	1.110148422943193908e-01	-9.898539432867276000e-02	9.466903016419296601e-02	-7.673051316310121328e-02	7.885512584746474929e-02	-8.204715127113351714e-02	8.480735884427126337e-02	-1.054575479679563527e-01	6.301304903704227356e-02	-6.947425008890241449e-02	7.806866863693975866e-02	-6.994985248804820588e-02	6.774064053104204841e-02	-7.657492424833865774e-02	5.857650733811475829e-02	-9.785254869287690616e-02	6.467132872987332859e-02	-7.029579088831039435e-02
-5.455856574998303454e-01	2.672001952804571867e-01	-2.619764550253851354e-01	1.324306829932738183e-01	-8.683639729069227153e-02	9.999999999999995559e-01	-3.581118421856958056e-01	2.301206279602608651e-01	-1.416605843882323967e-01	9.256736001457772922e-02	-6.227535845539658999e-01	2.856387855700058265e-01	-1.730072413013352961e-01	1.388043592645916147e-01	-1.535393698919233219e-01	1.917254633189392210e-01	-1.754578239013396546e-01	1.521660780994062989e-01	-1.456262713093373351e-01	1.144350797951322329e-01	-1.491723362716838308e-01	1.588439059315175095e-01	-1.721274827507960070e-01	1.225586572061952706e-01	-1.110523582442681789e-01	1.421008253389038911e-01	-1.438670334797437222e-01	1.289494905764911048e-01	-1.284179557429087626e-01	1.447459214691389218e-01	-1.115972165684391698e-01	1.170126603723400938e-01	-1.275056411943766843e-01	1.046866739189983853e-01	-1.004489251726635446e-01	1.249619830158046202e-01	-9.641166794631997328e-02	1.519850690731277820e-01	-9.985561940393461455e-02	1.040776476271641909e-01
2.977933564218962492e-01	-5.215359589849470900e-01	2.842015906802749514e-01	-1.477631626277557120e-01	9.249688102518510702e-02	-3.581118421856958056e-01	1.000000000000000222e+00	-3.878413949891560963e-01	1.536182516814165455e-01	-1.006603081090199636e-01	2.755137978632704043e-01	-5.547421807564127949e-01	2.044888269491340893e-01	-1.563319492963097801e-01	1.590445869362118736e-01	-1.785297633948016716e-01	1.942803604596025080e-01	-1.728020398494269638e-01	1.517090785039059697e-01	-1.204858987704573170e-01	1.327160638786630265e-01	-1.780962453083250185e-01	1.756780635208186614e-01	-1.279990501637919831e-01	1.136018716446664523e-01	-1.409998536388416268e-01	1.442174676221661123e-01	-1.321574170482834598e-01	1.284851092589744948e-01	-1.498715285614296844e-01	1.099060845580458190e-01	-1.185733431857126097e-01	1.268342623451767515e-01	-1.062305002841358176e-01	1.011406216370812489e-01	-1.272681270642196383e-01	9.736231285711344219e-02	-1.565152995191949614e-01	9.956397782207877800e-02	-1.061367004374136058e-01
-2.950308054872501362e-01	2.701463329744723252e-01	-5.451114841426115687e-01	2.291298981545827618e-01	-1.543031347542415110e-01	2.301206279602608651e-01	-3.878413949891560963e-01	1.000000000000000000e+00	-3.001395597291346418e-01	1.630450881413758324e-01	-2.440768542092469073e-01	2.641448992421988606e-01	-4.255398570365382938e-01	2.490126478382346520e-01	-2.640803349190532501e-01	1.824389170658815840e-01	-2.011392668134903694e-01	2.435723509005003340e-01	-2.338598800109375209e-01	1.761950068531431546e-01	-1.476253777984183335e-01	1.845128779101367356e-01	-2.629530789472110386e-01	1.817857221659043565e-01	-1.673852649667141312e-01	1.592546665758796109e-01	-1.716242551541607153e-01	1.688865674407245554e-01	-1.725103390976818474e-01	1.905018746309475319e-01	-1.302816179742851688e-01	1.414962571408586722e-01	-1.614651778106070412e-01	1.365033761215183050e-01	-1.312541882585223918e-01	1.500002958712245427e-01	-1.165225222695461388e-01	1.863761885232981808e-01	-1.273146182577917229e-01	1.329354210839300832e-01
1.563126455479531551e-01	-1.463236580861406733e-01	2.362304144845740750e-01	-5.952981193339274002e-01	2.873088268543801949e-01	-1.416605843882323967e-01	1.536182516814165455e-01	-3.001395597291346418e-01	9.999999999999993339e-01	-4.461030017897270050e-01	1.426277474875137230e-01	-1.624004556124578613e-01	2.249677954408559333e-01	-4.139336825391644603e-01	2.804049937841583406e-01	-1.363847112031242037e-01	1.370168916410290927e-01	-1.854974610536288260e-01	2.007731141621059145e-01	-1.782997922646647471e-01	1.080405485953506578e-01	-1.386590391422838076e-01	1.828966686575709821e-01	-1.628729172059144303e-01	1.480937421896343920e-01	-1.258852081059490258e-01	1.291713115424658609e-01	-1.345567070589371583e-01	1.374448899604190089e-01	-1.703805969473017878e-01	1.029180284432245907e-01	-1.135833630172937841e-01	1.269173899061441790e-01	-1.135784343913021771e-01	1.093946300692900525e-01	-1.250973435893329988e-01	9.556826485109848335e-02	-1.596244362750213197e-01	1.045232750064532673e-01	-1.139503561094066947e-01
-1.079443021238209038e-01	9.617476031048940999e-02	-1.679489833439363478e-01	3.119448761394158498e-01	-7.465157097140445730e-01	9.256736001457772922e-02	-1.006603081090199636e-01	1.630450881413758324e-01	-4.461030017897270050e-01	9.999999999999992228e-01	-9.583883371254038608e-02	1.044833838559645345e-01	-1.462740547378482414e-01	2.028486005452990459e-01	-3.219987957379706889e-01	8.941266650242851721e-02	-9.106484867255354443e-02	1.200879746828809186e-01	-1.430138415291988541e-01	1.370777553133143978e-01	-7.191032943771859254e-02	9.119689786934701003e-02	-1.271082324417718012e-01	1.131454345651421028e-01	-1.130720471286074114e-01	8.285733247854409900e-02	-8.665600800470166232e-02	9.063060524095875592e-02	-9.502723533788125232e-02	1.139828263249985929e-01	-6.833922647124669736e-02	7.537760094155937507e-02	-8.594877603356161633e-02	7.675285964333655730e-02	-7.442309794677806623e-02	8.197326223800151246e-02	-6.305642534110236785e-02	1.041801262622375768e-01	-7.054807140874766458e-02	7.571271784537678129e-02
2.778956015670231983e-01	-2.316324531334788273e-01	2.209056549760734789e-01	-1.348250045193852276e-01	8.723167761019590127e-02	-6.227535845539658999e-01	2.755137978632704043e-01	-2.440768542092469073e-01	1.426277474875137230e-01	-9.583883371254038608e-02	9.999999999999998890e-01	-5.042687115901233197e-01	1.907934551318473670e-01	-1.529148898685869784e-01	1.598671446392548601e-01	-3.148187364335249261e-01	2.219033738485998442e-01	-1.785451255254594249e-01	1.579945503333377577e-01	-1.261012540171390917e-01	1.872892420702493010e-01	-2.073978576647472760e-01	1.880650270526813550e-01	-1.368536002674055896e-01	1.206935529928802459e-01	-1.839624591599368086e-01	1.710987642475463033e-01	-1.503698186421813243e-01	1.438972891964211687e-01	-1.672046266607478682e-01	1.347395561492114036e-01	-1.412043451840911401e-01	1.464368466243760880e-01	-1.202824964595719803e-01	1.138787891774863947e-01	-1.529473157892115576e-01	1.157045042363578635e-01	-1.835715093400370201e-01	1.132564452491640894e-01	-1.202235416083875102e-01
-2.936852784845497832e-01	2.526472255469298656e-01	-2.622232965704594521e-01	1.442230658512272390e-01	-9.627673652289787942e-02	2.856387855700058265e-01	-5.547421807564127949e-01	2.641448992421988606e-01	-1.624004556124578613e-01	1.044833838559645345e-01	-5.042687115901233197e-01	1.000000000000000000e+00	-2.799531972312819805e-01	1.759699985505120134e-01	-1.832323289768952035e-01	2.213479952147132668e-01	-3.493481438623335933e-01	2.096033574848075731e-01	-1.804342377801921304e-01	1.357695353515837311e-01	-1.694609007721334104e-01	2.222787137311513228e-01	-2.162778246951286287e-01	1.469154907996955139e-01	-1.306278658575117380e-01	1.636481600981774531e-01	-1.804907410712689453e-01	1.535693536832857808e-01	-1.495871248712712931e-01	1.619540575189597209e-01	-1.281655501080213588e-01	1.365445141529060824e-01	-1.478365566758267635e-01	1.198782552015189434e-01	-1.135100809266857691e-01	1.405778758169432263e-01	-1.094494413393653637e-01	1.686944041593002874e-01	-1.112003069685092993e-01	1.152818918673282622e-01
1.833181137228334368e-01	-1.652972118761052711e-01	2.339727364060925630e-01	-1.887264925328116516e-01	1.238773695971322614e-01	-1.730072413013352961e-01	2.044888269491340893e-01	-4.255398570365382938e-01	2.249677954408559333e-01	-1.462740547378482414e-01	1.907934551318473670e-01	-2.799531972312819805e-01	9.999999999999995559e-01	-4.864000907213384406e-01	2.631845718345497409e-01	-1.841396091621661235e-01	2.143761694488702518e-01	-5.391843835342338132e-01	2.636179585171897211e-01	-1.992624128372104952e-01	1.410583714926986476e-01	-2.012481372226465892e-01	2.730342061978096035e-01	-2.064301778546339949e-01	1.705460386209390611e-01	-1.592782991173257445e-01	1.689091877610132686e-01	-1.773194087522256546e-01	1.698521528130561842e-01	-1.961306768038993120e-01	1.276800362187438809e-01	-1.417171535174683306e-01	1.573458465548039920e-01	-1.374994286668625443e-01	1.290768594885677578e-01	-1.506444104648688720e-01	1.156235546850058749e-01	-1.880756943036930307e-01	1.224396491408291654e-01	-1.320349606803360998e-01
-1.558592420639043630e-01	1.342283081142190415e-01	-2.071257156426169199e-01	2.304771146533759751e-01	-1.680300665033682694e-01	1.388043592645916147e-01	-1.563319492963097801e-01	2.490126478382346520e-01	-4.139336825391644603e-01	2.028486005452990459e-01	-1.529148898685869784e-01	1.759699985505120134e-01	-4.864000907213384406e-01	9.999999999999974465e-01	-5.539048656892465727e-01	1.454017465549507226e-01	-1.614677740625512503e-01	2.549420633040181960e-01	-3.638148135302531339e-01	2.348180119870452442e-01	-1.166679877444871949e-01	1.542422307190817188e-01	-2.367229948409315943e-01	2.107300581467660971e-01	-1.967471312009774764e-01	1.326980478525386087e-01	-1.428252496166145524e-01	1.524766350458527098e-01	-1.599917100427149796e-01	1.799651850228962402e-01	-1.092021900989826738e-01	1.211560332157381042e-01	-1.397609342327739701e-01	1.248202815754748812e-01	-1.192883973735241465e-01	1.287190544455322216e-01	-9.953936165200258368e-02	1.619080881962847995e-01	-1.109243289975710839e-01	1.182349141976178075e-01
1.639117091808852955e-01	-1.440289947439213625e-01	2.116678151008914155e-01	-2.777454151719991882e-01	2.043898284719528613e-01	-1.535393698919233219e-01	1.590445869362118736e-01	-2.640803349190532501e-01	2.804049937841583406e-01	-3.219987957379706889e-01	1.598671446392548601e-01	-1.832323289768952035e-01	2.631845718345497409e-01	-5.539048656892465727e-01	1.000000000000000888e+00	-1.672849514850084374e-01	1.664626721658596098e-01	-2.384893872811108262e-01	2.801916356490084525e-01	-4.318653540654630585e-01	1.326374164827466562e-01	-1.724806671406714509e-01	2.307361730433681868e-01	-2.466497211173706017e-01	2.434916965681079570e-01	-1.581172796864588892e-01	1.622413917952033602e-01	-1.758276351409516214e-01	1.827102929275637999e-01	-2.375223814935502054e-01	1.300479912921931880e-01	-1.450272683395865958e-01	1.633020829825507780e-01	-1.519259321993967626e-01	1.463823529209778151e-01	-1.597316125995084379e-01	1.218657308160401298e-01	-2.050306460363776617e-01	1.357010179043645626e-01	-1.497581623656046024e-01
-1.921036198523496941e-01	1.445009020105002540e-01	-1.892368164772393613e-01	1.183212853580639795e-01	-8.259521667521049770e-02	1.917254633189392210e-01	-1.785297633948016716e-01	1.824389170658815840e-01	-1.363847112031242037e-01	8.941266650242851721e-02	-3.148187364335249261e-01	2.213479952147132668e-01	-1.841396091621661235e-01	1.454017465549507226e-01	-1.672849514850084374e-01	9.999999999999978906e-01	-4.042674937661636658e-01	1.910001507800897780e-01	-1.751214308537264730e-01	1.296651973612158726e-01	-6.597537174676147975e-01	2.571943567730032854e-01	-2.265349358198477381e-01	1.477260794962935164e-01	-1.315828483818715644e-01	2.797284957630450930e-01	-2.528890842583868537e-01	1.793599032414860406e-01	-1.729799601292449363e-01	1.665608279999447328e-01	-2.005838604536282765e-01	1.790152538967225149e-01	-1.859267055102594435e-01	1.361572054752781258e-01	-1.272253261056045526e-01	1.763349456171079965e-01	-1.398251164585941619e-01	1.893333161694699118e-01	-1.272230909091077999e-01	1.237822885086491687e-01
1.751658251785001286e-01	-1.481209451145287237e-01	1.809811297124649943e-01	-1.208620917522667260e-01	8.216500114385281994e-02	-1.754578239013396546e-01	1.942803604596025080e-01	-2.011392668134903694e-01	1.370168916410290927e-01	-9.106484867255354443e-02	2.219033738485998442e-01	-3.493481438623335933e-01	2.143761694488702518e-01	-1.614677740625512503e-01	1.664626721658596098e-01	-4.042674937661636658e-01	9.999999999999953371e-01	-3.302292829466429436e-01	1.886807978089299065e-01	-1.380557042174907212e-01	2.300942076176065443e-01	-6.442975720074367585e-01	2.447381099524763570e-01	-1.595408805022343335e-01	1.333019062201856453e-01	-2.220274904374320291e-01	2.576334842306504114e-01	-1.919835080628003177e-01	1.672541649958136367e-01	-1.709626850133323106e-01	1.598841504399905189e-01	-1.773349941463025492e-01	1.734425450265958679e-01	-1.348751259108448841e-01	1.228541383376400287e-01	-1.667583080430631026e-01	1.300733597666000607e-01	-1.894937405799670405e-01	1.194522875042539067e-01	-1.224728948981821247e-01
-1.674813629820169902e-01	1.400398825037469097e-01	-2.016729941349670041e-01	1.523495221850175718e-01	-1.057635137042061829e-01	1.521660780994062989e-01	-1.728020398494269638e-01	2.435723509005003340e-01	-1.854974610536288260e-01	1.200879746828809186e-01	-1.785451255254594249e-01	2.096033574848075731e-01	-5.391843835342338132e-01	2.549420633040181960e-01	-2.384893872811108262e-01	1.910001507800897780e-01	-3.302292829466429436e-01	9.999999999999966693e-01	-3.984953293478090686e-01	2.016167909825319626e-01	-1.515208929728107390e-01	2.280888563949539372e-01	-5.257707656171072275e-01	2.383089967682230359e-01	-1.878438371303305654e-01	1.632146347643331774e-01	-1.905831247327049449e-01	2.028691050548316055e-01	-1.920001010250725615e-01	1.923551444808346278e-01	-1.326669671571525655e-01	1.481437746498393548e-01	-1.720649764068562237e-01	1.446235194657722323e-01	-1.333127163354766997e-01	1.492521660895259339e-01	-1.168885685728254242e-01	1.825308648948135437e-01	-1.240683135224619760e-01	1.301159118041629870e-01
1.563255704324678919e-01	-1.325489135668364571e-01	1.895291481806719025e-01	-1.775012842902033983e-01	1.196711402364697141e-01	-1.456262713093373351e-01	1.517090785039059697e-01	-2.338598800109375209e-01	2.007731141621059145e-01	-1.430138415291988541e-01	1.579945503333377577e-01	-1.804342377801921304e-01	2.636179585171897211e-01	-3.638148135302531339e-01	2.801916356490084525e-01	-1.751214308537264730e-01	1.886807978089299065e-01	-3.984953293478090686e-01	1.000000000000003331e+00	-4.383746423110082557e-01	1.388891056580270622e-01	-1.924656098440995777e-01	2.897065508497331243e-01	-5.308922848712577247e-01	2.956755284660740335e-01	-1.642154777295654067e-01	1.766182630124036868e-01	-2.083248773497621276e-01	2.265931477915797410e-01	-2.453245427061345740e-01	1.354411460617604701e-01	-1.534906130984900474e-01	1.792155056905426758e-01	-1.730645555982071038e-01	1.581030441857113056e-01	-1.613534999963206207e-01	1.246240378463858711e-01	-2.037222403693249029e-01	1.413934704567977318e-01	-1.531084472056349066e-01
-1.293298965103567288e-01	1.064975618397481089e-01	-1.598370318061701489e-01	1.507687995834040839e-01	-1.168771911760243670e-01	1.144350797951322329e-01	-1.204858987704573170e-01	1.761950068531431546e-01	-1.782997922646647471e-01	1.370777553133143978e-01	-1.261012540171390917e-01	1.357695353515837311e-01	-1.992624128372104952e-01	2.348180119870452442e-01	-4.318653540654630585e-01	1.296651973612158726e-01	-1.380557042174907212e-01	2.016167909825319626e-01	-4.383746423110082557e-01	9.999999999999976685e-01	-1.071115877586013149e-01	1.389712772437571853e-01	-2.335709995433067343e-01	2.995525676625413469e-01	-6.607872873926289303e-01	1.244813549696438398e-01	-1.381976781991857417e-01	1.583898344949984383e-01	-1.895513535399221405e-01	2.078552766846285538e-01	-1.054936822861871765e-01	1.186382864482101035e-01	-1.461418061790852874e-01	1.379720921394924082e-01	-1.389204834532212218e-01	1.229685563461179881e-01	-9.642319426019693718e-02	1.549828445396049248e-01	-1.183015401951393875e-01	1.223329633407772010e-01
1.428270026426575745e-01	-1.118471825320078439e-01	1.454905603367820932e-01	-9.539797988749727786e-02	6.587431151228782811e-02	-1.491723362716838308e-01	1.327160638786630265e-01	-1.476253777984183335e-01	1.080405485953506578e-01	-7.191032943771859254e-02	1.872892420702493010e-01	-1.694609007721334104e-01	1.410583714926986476e-01	-1.166679877444871949e-01	1.326374164827466562e-01	-6.597537174676147975e-01	2.300942076176065443e-01	-1.515208929728107390e-01	1.388891056580270622e-01	-1.071115877586013149e-01	1.000000000000002442e+00	-2.476870182265767106e-01	1.793862941396834609e-01	-1.235772527368780016e-01	1.082417618269038428e-01	-5.561141976159456046e-01	2.296754882163598854e-01	-1.659313710293723043e-01	1.491909451248467078e-01	-1.504532037416671242e-01	2.203061621474056986e-01	-1.918534279655598196e-01	1.700335345909776696e-01	-1.240538121337792232e-01	1.128347398256220185e-01	-2.033002632145013422e-01	1.449855665515350778e-01	-1.968874474431079047e-01	1.141322965100378811e-01	-1.133773303423126350e-01
-1.751018852469454767e-01	1.373010119006704832e-01	-1.829614990926864415e-01	1.195282673554231984e-01	-8.338316166342603364e-02	1.588439059315175095e-01	-1.780962453083250185e-01	1.845128779101367356e-01	-1.386590391422838076e-01	9.119689786934701003e-02	-2.073978576647472760e-01	2.222787137311513228e-01	-2.012481372226465892e-01	1.542422307190817188e-01	-1.724806671406714509e-01	2.571943567730032854e-01	-6.442975720074367585e-01	2.280888563949539372e-01	-1.924656098440995777e-01	1.389712772437571853e-01	-2.476870182265767106e-01	1.000000000000003775e+00	-2.851465101203625174e-01	1.644746378460598679e-01	-1.409261883956422767e-01	2.277982826935392446e-01	-4.905705834713464109e-01	2.220722040805933883e-01	-1.948819234233018227e-01	1.768405143409511604e-01	-1.852297361139265131e-01	2.071382607549512589e-01	-2.080299467047272977e-01	1.490479821660264104e-01	-1.351818930017578413e-01	1.761004686113983864e-01	-1.465206305285727262e-01	1.962413398016912280e-01	-1.305167853033630254e-01	1.289108055424262600e-01
1.803026151331628968e-01	-1.518918504246646040e-01	2.090542768336796642e-01	-1.658698911010328125e-01	1.110148422943193908e-01	-1.721274827507960070e-01	1.756780635208186614e-01	-2.629530789472110386e-01	1.828966686575709821e-01	-1.271082324417718012e-01	1.880650270526813550e-01	-2.162778246951286287e-01	2.730342061978096035e-01	-2.367229948409315943e-01	2.307361730433681868e-01	-2.265349358198477381e-01	2.447381099524763570e-01	-5.257707656171072275e-01	2.897065508497331243e-01	-2.335709995433067343e-01	1.793862941396834609e-01	-2.851465101203625174e-01	1.000000000000002442e+00	-3.707558908930574937e-01	2.240976669409887045e-01	-2.179265707698758714e-01	2.452884084636264284e-01	-3.879505085031988987e-01	2.648022211659663561e-01	-2.760268890126537089e-01	1.779033854945375470e-01	-2.078233526502477335e-01	2.405343691389126015e-01	-2.091129384530902857e-01	1.836906769950755192e-01	-2.111565325421952133e-01	1.628075170774779812e-01	-2.638766456583335751e-01	1.695642171420965461e-01	-1.846973945083323632e-01
-1.371334606802624423e-01	1.117728939861762916e-01	-1.637333769332468825e-01	1.377865693710721151e-01	-9.898539432867276000e-02	1.225586572061952706e-01	-1.279990501637919831e-01	1.817857221659043565e-01	-1.628729172059144303e-01	1.131454345651421028e-01	-1.368536002674055896e-01	1.469154907996955139e-01	-2.064301778546339949e-01	2.107300581467660971e-01	-2.466497211173706017e-01	1.477260794962935164e-01	-1.595408805022343335e-01	2.383089967682230359e-01	-5.308922848712577247e-01	2.995525676625413469e-01	-1.235772527368780016e-01	1.644746378460598679e-01	-3.707558908930574937e-01	9.999999999999941158e-01	-5.385551269887818293e-01	1.458202584363889054e-01	-1.704170667120605553e-01	2.219938737042488341e-01	-3.640543370937168732e-01	2.338614248555385966e-01	-1.251933165132393111e-01	1.439871106638800080e-01	-1.872092164099049272e-01	1.873797751450679006e-01	-1.699138925958011970e-01	1.433941140721271823e-01	-1.136684507740725047e-01	1.792862718708806424e-01	-1.404404618588259435e-01	1.443959417715460214e-01
1.220597463340253319e-01	-1.008995059459441707e-01	1.466278590213667965e-01	-1.347147789707224819e-01	9.466903016419296601e-02	-1.110523582442681789e-01	1.136018716446664523e-01	-1.673852649667141312e-01	1.480937421896343920e-01	-1.130720471286074114e-01	1.206935529928802459e-01	-1.306278658575117380e-01	1.705460386209390611e-01	-1.967471312009774764e-01	2.434916965681079570e-01	-1.315828483818715644e-01	1.333019062201856453e-01	-1.878438371303305654e-01	2.956755284660740335e-01	-6.607872873926289303e-01	1.082417618269038428e-01	-1.409261883956422767e-01	2.240976669409887045e-01	-5.385551269887818293e-01	9.999999999999998890e-01	-1.299588430072140810e-01	1.419523357260796537e-01	-1.739550987482268996e-01	2.084111819181625191e-01	-2.872323073428387219e-01	1.103904737560730542e-01	-1.260441094809862661e-01	1.550844724435845867e-01	-1.599508892025779394e-01	1.587307111738232579e-01	-1.312288499734479974e-01	1.023724943094931616e-01	-1.670290828841877739e-01	1.279316086547849229e-01	-1.363802572436758620e-01
-1.600547311553564278e-01	1.197985632621228202e-01	-1.684242966299835942e-01	1.082666356213177888e-01	-7.673051316310121328e-02	1.421008253389038911e-01	-1.409998536388416268e-01	1.592546665758796109e-01	-1.258852081059490258e-01	8.285733247854409900e-02	-1.839624591599368086e-01	1.636481600981774531e-01	-1.592782991173257445e-01	1.326980478525386087e-01	-1.581172796864588892e-01	2.797284957630450930e-01	-2.220274904374320291e-01	1.632146347643331774e-01	-1.642154777295654067e-01	1.244813549696438398e-01	-5.561141976159456046e-01	2.277982826935392446e-01	-2.179265707698758714e-01	1.458202584363889054e-01	-1.299588430072140810e-01	9.999999999999985567e-01	-3.884947388535026080e-01	2.095181263752729228e-01	-1.930661517638507241e-01	1.733127599190347479e-01	-4.923609994326496597e-01	2.633404626576296148e-01	-2.376940012308686734e-01	1.545363979191489712e-01	-1.404335655639591673e-01	2.495224044088478199e-01	-1.970514350701086936e-01	2.219008576815403033e-01	-1.422531282665435437e-01	1.332509775876081215e-01
1.541234197586808519e-01	-1.219695389206871955e-01	1.659422862686494582e-01	-1.136067327475514394e-01	7.885512584746474929e-02	-1.438670334797437222e-01	1.442174676221661123e-01	-1.716242551541607153e-01	1.291713115424658609e-01	-8.665600800470166232e-02	1.710987642475463033e-01	-1.804907410712689453e-01	1.689091877610132686e-01	-1.428252496166145524e-01	1.622413917952033602e-01	-2.528890842583868537e-01	2.576334842306504114e-01	-1.905831247327049449e-01	1.766182630124036868e-01	-1.381976781991857417e-01	2.296754882163598854e-01	-4.905705834713464109e-01	2.452884084636264284e-01	-1.704170667120605553e-01	1.419523357260796537e-01	-3.884947388535026080e-01	9.999999999999941158e-01	-4.145954359368429487e-01	2.348375735668728481e-01	-2.094530672070762101e-01	2.608897841404099749e-01	-4.322706118469181180e-01	2.777208664583698527e-01	-1.932007296507838312e-01	1.600790303324891861e-01	-2.547863254242502262e-01	2.080010180265925157e-01	-2.700632890229434646e-01	1.537119604459727396e-01	-1.544058686325965879e-01
-1.453146397368431375e-01	1.139976702088219829e-01	-1.632875757415248874e-01	1.165995469624541980e-01	-8.204715127113351714e-02	1.289494905764911048e-01	-1.321574170482834598e-01	1.688865674407245554e-01	-1.345567070589371583e-01	9.063060524095875592e-02	-1.503698186421813243e-01	1.535693536832857808e-01	-1.773194087522256546e-01	1.524766350458527098e-01	-1.758276351409516214e-01	1.793599032414860406e-01	-1.919835080628003177e-01	2.028691050548316055e-01	-2.083248773497621276e-01	1.583898344949984383e-01	-1.659313710293723043e-01	2.220722040805933883e-01	-3.879505085031988987e-01	2.219938737042488341e-01	-1.739550987482268996e-01	2.095181263752729228e-01	-4.145954359368429487e-01	9.999999999999954481e-01	-5.308054720439213670e-01	2.384113676234178580e-01	-1.960713090976247408e-01	2.489485688278259834e-01	-4.896946668279025250e-01	2.638301328109363131e-01	-2.060335152208267462e-01	1.958867376972308061e-01	-1.676470851669656370e-01	2.298844289752682846e-01	-1.724424639962445494e-01	1.700415173407660019e-01
1.417368136027254977e-01	-1.129899339422656968e-01	1.611251340948775257e-01	-1.219795804991041649e-01	8.480735884427126337e-02	-1.284179557429087626e-01	1.284851092589744948e-01	-1.725103390976818474e-01	1.374448899604190089e-01	-9.502723533788125232e-02	1.438972891964211687e-01	-1.495871248712712931e-01	1.698521528130561842e-01	-1.599917100427149796e-01	1.827102929275637999e-01	-1.729799601292449363e-01	1.672541649958136367e-01	-1.920001010250725615e-01	2.265931477915797410e-01	-1.895513535399221405e-01	1.491909451248467078e-01	-1.948819234233018227e-01	2.648022211659663561e-01	-3.640543370937168732e-01	2.084111819181625191e-01	-1.930661517638507241e-01	2.348375735668728481e-01	-5.308054720439213670e-01	9.999999999999965583e-01	-3.428992559671911744e-01	1.695401395699194791e-01	-2.121567547568377898e-01	2.961805102359141850e-01	-4.932953842645229070e-01	2.606624621369007522e-01	-1.950123993514862042e-01	1.559087023315132436e-01	-2.441411352571910831e-01	2.011335132102602397e-01	-2.192254900635314252e-01
-1.785291621220425617e-01	1.340736280085622623e-01	-2.060458983479155071e-01	1.428617093240127367e-01	-1.054575479679563527e-01	1.447459214691389218e-01	-1.498715285614296844e-01	1.905018746309475319e-01	-1.703805969473017878e-01	1.139828263249985929e-01	-1.672046266607478682e-01	1.619540575189597209e-01	-1.961306768038993120e-01	1.799651850228962402e-01	-2.375223814935502054e-01	1.665608279999447328e-01	-1.709626850133323106e-01	1.923551444808346278e-01	-2.453245427061345740e-01	2.078552766846285538e-01	-1.504532037416671242e-01	1.768405143409511604e-01	-2.760268890126537089e-01	2.338614248555385966e-01	-2.872323073428387219e-01	1.733127599190347479e-01	-2.094530672070762101e-01	2.384113676234178580e-01	-3.428992559671911744e-01	9.999999999999984457e-01	-1.621643197794283564e-01	1.842621744011557761e-01	-2.855883088419234883e-01	3.020877514218416326e-01	-6.153086247969716815e-01	1.751686176076779067e-01	-1.463701988797610209e-01	2.201049977196244400e-01	-2.859734853565621959e-01	2.499932526586380876e-01
1.249145337576226256e-01	-9.510827317683318016e-02	1.347566928496199967e-01	-8.920410480239349127e-02	6.301304903704227356e-02	-1.115972165684391698e-01	1.099060845580458190e-01	-1.302816179742851688e-01	1.029180284432245907e-01	-6.833922647124669736e-02	1.347395561492114036e-01	-1.281655501080213588e-01	1.276800362187438809e-01	-1.092021900989826738e-01	1.300479912921931880e-01	-2.005838604536282765e-01	1.598841504399905189e-01	-1.326669671571525655e-01	1.354411460617604701e-01	-1.054936822861871765e-01	2.203061621474056986e-01	-1.852297361139265131e-01	1.779033854945375470e-01	-1.251933165132393111e-01	1.103904737560730542e-01	-4.923609994326496597e-01	2.608897841404099749e-01	-1.960713090976247408e-01	1.695401395699194791e-01	-1.621643197794283564e-01	9.999999999999967804e-01	-5.114334934151902878e-01	2.404758588343137438e-01	-1.530463859540586169e-01	1.307003131419658681e-01	-5.361141507855639032e-01	2.731057696080215758e-01	-2.820742699784899443e-01	1.362922307939334055e-01	-1.285747118382970511e-01
-1.345844310070263006e-01	1.022853484719209172e-01	-1.469433014739486010e-01	9.783252609672338229e-02	-6.947425008890241449e-02	1.170126603723400938e-01	-1.185733431857126097e-01	1.414962571408586722e-01	-1.135833630172937841e-01	7.537760094155937507e-02	-1.412043451840911401e-01	1.365445141529060824e-01	-1.417171535174683306e-01	1.211560332157381042e-01	-1.450272683395865958e-01	1.790152538967225149e-01	-1.773349941463025492e-01	1.481437746498393548e-01	-1.534906130984900474e-01	1.186382864482101035e-01	-1.918534279655598196e-01	2.071382607549512589e-01	-2.078233526502477335e-01	1.439871106638800080e-01	-1.260441094809862661e-01	2.633404626576296148e-01	-4.322706118469181180e-01	2.489485688278259834e-01	-2.121567547568377898e-01	1.842621744011557761e-01	-5.114334934151902878e-01	9.999999999999951150e-01	-4.641686195168848728e-01	1.932194015636218842e-01	-1.604830209197864732e-01	3.016594165074130696e-01	-3.991344067608508794e-01	2.798056014232395139e-01	-1.567647733997628023e-01	1.442023857040276580e-01
1.420021280077878867e-01	-1.109387015901400209e-01	1.578022761580001876e-01	-1.116582776194668392e-01	7.806866863693975866e-02	-1.275056411943766843e-01	1.268342623451767515e-01	-1.614651778106070412e-01	1.269173899061441790e-01	-8.594877603356161633e-02	1.464368466243760880e-01	-1.478365566758267635e-01	1.573458465548039920e-01	-1.397609342327739701e-01	1.633020829825507780e-01	-1.859267055102594435e-01	1.734425450265958679e-01	-1.720649764068562237e-01	1.792155056905426758e-01	-1.461418061790852874e-01	1.700335345909776696e-01	-2.080299467047272977e-01	2.405343691389126015e-01	-1.872092164099049272e-01	1.550844724435845867e-01	-2.376940012308686734e-01	2.777208664583698527e-01	-4.896946668279025250e-01	2.961805102359141850e-01	-2.855883088419234883e-01	2.404758588343137438e-01	-4.641686195168848728e-01	9.999999999999957812e-01	-4.352063460683429086e-01	2.377548241527384365e-01	-2.640644576402557675e-01	2.223603382781316751e-01	-3.226647898474633847e-01	1.984067784600704043e-01	-2.063511935545288556e-01
-1.213718946224990602e-01	9.366521978641133284e-02	-1.375793592445137548e-01	9.799619043883846248e-02	-6.994985248804820588e-02	1.046866739189983853e-01	-1.062305002841358176e-01	1.365033761215183050e-01	-1.135784343913021771e-01	7.675285964333655730e-02	-1.202824964595719803e-01	1.198782552015189434e-01	-1.374994286668625443e-01	1.248202815754748812e-01	-1.519259321993967626e-01	1.361572054752781258e-01	-1.348751259108448841e-01	1.446235194657722323e-01	-1.730645555982071038e-01	1.379720921394924082e-01	-1.240538121337792232e-01	1.490479821660264104e-01	-2.091129384530902857e-01	1.873797751450679006e-01	-1.599508892025779394e-01	1.545363979191489712e-01	-1.932007296507838312e-01	2.638301328109363131e-01	-4.932953842645229070e-01	3.020877514218416326e-01	-1.530463859540586169e-01	1.932194015636218842e-01	-4.352063460683429086e-01	9.999999999999948930e-01	-5.726220470311851329e-01	1.624412812602067102e-01	-1.391965558594321084e-01	2.037908861185392939e-01	-2.814568122167683262e-01	2.381102026376306080e-01
1.165783069363927615e-01	-8.994389449486865640e-02	1.325314939331889985e-01	-9.515601252343393324e-02	6.774064053104204841e-02	-1.004489251726635446e-01	1.011406216370812489e-01	-1.312541882585223918e-01	1.093946300692900525e-01	-7.442309794677806623e-02	1.138787891774863947e-01	-1.135100809266857691e-01	1.290768594885677578e-01	-1.192883973735241465e-01	1.463823529209778151e-01	-1.272253261056045526e-01	1.228541383376400287e-01	-1.333127163354766997e-01	1.581030441857113056e-01	-1.389204834532212218e-01	1.128347398256220185e-01	-1.351818930017578413e-01	1.836906769950755192e-01	-1.699138925958011970e-01	1.587307111738232579e-01	-1.404335655639591673e-01	1.600790303324891861e-01	-2.060335152208267462e-01	2.606624621369007522e-01	-6.153086247969716815e-01	1.307003131419658681e-01	-1.604830209197864732e-01	2.377548241527384365e-01	-5.726220470311851329e-01	9.999999999999953371e-01	-1.509755680718462001e-01	1.234096656626779698e-01	-1.963733790397251266e-01	2.532172467686623629e-01	-3.479519149485983953e-01
-1.514789652386620833e-01	1.115730167355177271e-01	-1.659628648056860334e-01	1.060406595224551579e-01	-7.657492424833865774e-02	1.249619830158046202e-01	-1.272681270642196383e-01	1.500002958712245427e-01	-1.250973435893329988e-01	8.197326223800151246e-02	-1.529473157892115576e-01	1.405778758169432263e-01	-1.506444104648688720e-01	1.287190544455322216e-01	-1.597316125995084379e-01	1.763349456171079965e-01	-1.667583080430631026e-01	1.492521660895259339e-01	-1.613534999963206207e-01	1.229685563461179881e-01	-2.033002632145013422e-01	1.761004686113983864e-01	-2.111565325421952133e-01	1.433941140721271823e-01	-1.312288499734479974e-01	2.495224044088478199e-01	-2.547863254242502262e-01	1.958867376972308061e-01	-1.950123993514862042e-01	1.751686176076779067e-01	-5.361141507855639032e-01	3.016594165074130696e-01	-2.640644576402557675e-01	1.624412812602067102e-01	-1.509755680718462001e-01	9.999999999999952260e-01	-5.908556113630396567e-01	3.052176046100338880e-01	-1.721919933724303520e-01	1.457110675103779895e-01
1.141505471734438892e-01	-8.532533796979535623e-02	1.253463563685336957e-01	-8.176427107609154921e-02	5.857650733811475829e-02	-9.641166794631997328e-02	9.736231285711344219e-02	-1.165225222695461388e-01	9.556826485109848335e-02	-6.305642534110236785e-02	1.157045042363578635e-01	-1.094494413393653637e-01	1.156235546850058749e-01	-9.953936165200258368e-02	1.218657308160401298e-01	-1.398251164585941619e-01	1.300733597666000607e-01	-1.168885685728254242e-01	1.246240378463858711e-01	-9.642319426019693718e-02	1.449855665515350778e-01	-1.465206305285727262e-01	1.628075170774779812e-01	-1.136684507740725047e-01	1.023724943094931616e-01	-1.970514350701086936e-01	2.080010180265925157e-01	-1.676470851669656370e-01	1.559087023315132436e-01	-1.463701988797610209e-01	2.731057696080215758e-01	-3.991344067608508794e-01	2.223603382781316751e-01	-1.391965558594321084e-01	1.234096656626779698e-01	-5.908556113630396567e-01	9.999999999999952260e-01	-6.049112342087670235e-01	1.467444084050602005e-01	-1.280291373868323590e-01
-1.906107015827806506e-01	1.389154625308173796e-01	-2.118302769693794774e-01	1.341424071857238998e-01	-9.785254869287690616e-02	1.519850690731277820e-01	-1.565152995191949614e-01	1.863761885232981808e-01	-1.596244362750213197e-01	1.041801262622375768e-01	-1.835715093400370201e-01	1.686944041593002874e-01	-1.880756943036930307e-01	1.619080881962847995e-01	-2.050306460363776617e-01	1.893333161694699118e-01	-1.894937405799670405e-01	1.825308648948135437e-01	-2.037222403693249029e-01	1.549828445396049248e-01	-1.968874474431079047e-01	1.962413398016912280e-01	-2.638766456583335751e-01	1.792862718708806424e-01	-1.670290828841877739e-01	2.219008576815403033e-01	-2.700632890229434646e-01	2.298844289752682846e-01	-2.441411352571910831e-01	2.201049977196244400e-01	-2.820742699784899443e-01	2.798056014232395139e-01	-3.226647898474633847e-01	2.037908861185392939e-01	-1.963733790397251266e-01	3.052176046100338880e-01	-6.049112342087670235e-01	9.999999999999951150e-01	-2.810513646245133001e-01	2.061189732477061443e-01
1.162650315598590806e-01	-8.887241381247847072e-02	1.307587479735101976e-01	-9.123489167934772937e-02	6.467132872987332859e-02	-9.985561940393461455e-02	9.956397782207877800e-02	-1.273146182577917229e-01	1.045232750064532673e-01	-7.054807140874766458e-02	1.132564452491640894e-01	-1.112003069685092993e-01	1.224396491408291654e-01	-1.109243289975710839e-01	1.357010179043645626e-01	-1.272230909091077999e-01	1.194522875042539067e-01	-1.240683135224619760e-01	1.413934704567977318e-01	-1.183015401951393875e-01	1.141322965100378811e-01	-1.305167853033630254e-01	1.695642171420965461e-01	-1.404404618588259435e-01	1.279316086547849229e-01	-1.422531282665435437e-01	1.537119604459727396e-01	-1.724424639962445494e-01	2.011335132102602397e-01	-2.859734853565621959e-01	1.362922307939334055e-01	-1.567647733997628023e-01	1.984067784600704043e-01	-2.814568122167683262e-01	2.532172467686623629e-01	-1.721919933724303520e-01	1.467444084050602005e-01	-2.810513646245133001e-01	9.999999999999951150e-01	-8.165250241516741614e-01
