1.000000000000000222e+00	-7.965470814711854697e-01	1.580916798748743524e-01	-8.204337074512596528e-02	7.746558975766275335e-02	-2.752817171992872902e-01	2.873634605952711807e-01	-8.199796528283213870e-02	7.575167310682497102e-02	-1.482927228235115802e-01	2.024109366425348999e-01	-3.265115008622068715e-01	1.213787984500486333e-01	-1.237931239177279680e-01	1.097202129037007506e-01	-9.967592870801472715e-02	1.090647931746770716e-01	-1.078006029574257035e-01	9.769255881154320642e-02	-9.562358096789942696e-02	9.235066741653509548e-02	-1.046328658632660336e-01	9.681626520235163402e-02	-1.021257774821678760e-01	1.007736369863378029e-01	-9.684383099251143989e-02	8.188302330057431466e-02	-9.203571195382743986e-02	8.900019677871733037e-02	-7.912402662149718713e-02	8.195794216408756883e-02	-9.041247441126927520e-02	8.511349839195371525e-02	-8.899974485402743773e-02	7.979590651522396050e-02	-1.354355830794169435e-01	8.013578903313856028e-02	-1.035342798173680412e-01	6.310996153035838829e-02	-5.916469758535353174e-02
-7.965470814711854697e-01	1.000000000000000666e+00	-1.474738418124600381e-01	6.690224729363544731e-02	-6.128887563988119624e-02	2.264004591605956462e-01	-4.720022689890375212e-01	6.863646944133555694e-02	-6.388752527692893868e-02	1.107918173063414391e-01	-1.901058687239154388e-01	2.096221588631997368e-01	-8.499285739515301252e-02	8.600467836068180494e-02	-7.801773502080718015e-02	7.893054952505758337e-02	-8.706305775122197277e-02	7.523509406833386870e-02	-6.857943990982622029e-02	6.686771110807145091e-02	-7.077201429122834120e-02	7.654857429247181877e-02	-6.770539852658220836e-02	7.069623456751615576e-02	-7.040213338905351725e-02	6.737946935437556795e-02	-5.737782622065537574e-02	6.358395279007646173e-02	-6.164633012557171887e-02	5.460529593368726453e-02	-5.608152714216650681e-02	6.163616405343992632e-02	-5.845142103899034214e-02	6.087558752764764963e-02	-5.525051786877208798e-02	9.057904199989247340e-02	-5.441685622589716859e-02	6.967628791833777036e-02	-4.344443157636209557e-02	4.053521769903846439e-02
1.580916798748743524e-01	-1.474738418124600381e-01	1.000000000000000888e+00	-5.182236111009443924e-01	3.023669909406268563e-01	-1.145280777001296962e-01	1.452266810620509718e-01	-2.360525606467414328e-01	1.939208751572573664e-01	-5.490634659823738772e-01	1.561470058142339634e-01	-2.845509018023487102e-01	1.841765797844512609e-01	-2.160316020387801073e-01	2.196353829162329963e-01	-9.452198402402052502e-02	1.163973444938291996e-01	-1.645414074828257522e-01	1.584157552538844882e-01	-1.744246479396461824e-01	1.033487850606474578e-01	-1.194455795209909826e-01	1.438220251132359961e-01	-1.596256974296658138e-01	1.650265203222962551e-01	-1.294885880108681830e-01	1.118785753338864819e-01	-1.355489182417981553e-01	1.346309656601842042e-01	-1.249397480547188161e-01	1.168978914324267926e-01	-1.297300977009970269e-01	1.255280107385752242e-01	-1.335636211090718284e-01	1.233213581015316501e-01	-1.965434205850451754e-01	1.166763500923190394e-01	-1.523588432814293181e-01	9.572052203724137898e-02	-9.057268032720594553e-02
-8.204337074512596528e-02	6.690224729363544731e-02	-5.182236111009443924e-01	1.000000000000000444e+00	-7.731914889623825449e-01	5.546047005210764241e-02	-7.360057792851165681e-02	1.159939347761907574e-01	-1.232918964470931938e-01	2.841751619579676591e-01	-7.738916355088359955e-02	1.228234691816620233e-01	-9.218984441496005933e-02	1.033768364787311794e-01	-1.224120860790571391e-01	4.519799091001134445e-02	-5.636802616990008868e-02	7.853776847626731117e-02	-7.885986235575481729e-02	8.581727966253499540e-02	-4.902221541531261856e-02	5.558531258405985387e-02	-6.909110525011577519e-02	7.540159890968264889e-02	-8.346426008393816043e-02	5.841054937019699023e-02	-5.142255075274718146e-02	6.289492666815299504e-02	-6.393054734368851244e-02	5.937895876138947482e-02	-5.246839729369458943e-02	5.786528866226096218e-02	-5.792146173296223999e-02	6.117084871338978463e-02	-5.986518827974104257e-02	8.442707743796269704e-02	-5.216235369497156105e-02	6.669993553007950993e-02	-4.533837551414186817e-02	4.213673000766363086e-02
7.746558975766275335e-02	-6.128887563988119624e-02	3.023669909406268563e-01	-7.731914889623825449e-01	1.000000000000000000e+00	-5.667914932208397566e-02	7.346030555607248325e-02	-1.211189591693676432e-01	1.198882470442727971e-01	-4.891419717550949398e-01	8.151161446958453405e-02	-1.367299711857656030e-01	1.028487275299723308e-01	-1.218878358384548749e-01	1.441443692125135845e-01	-4.930793590493694201e-02	6.158192332812630065e-02	-9.002715889727465337e-02	8.998904254825788873e-02	-1.027012635552654873e-01	5.406657345888281341e-02	-6.193527495501105484e-02	7.795116218916227357e-02	-8.646805024231318804e-02	9.416099744570295693e-02	-6.612581793430394317e-02	5.797241941823839950e-02	-7.152474319191258478e-02	7.227650359853182715e-02	-6.773817371877892402e-02	5.940975465618358875e-02	-6.580079988655675172e-02	6.550026523211929796e-02	-6.961554395405197826e-02	6.716408668256385051e-02	-9.658893740834738340e-02	5.913876483632404812e-02	-7.621440370859733360e-02	5.099180330044354725e-02	-4.780278302203931629e-02
-2.752817171992872902e-01	2.264004591605956462e-01	-1.145280777001296962e-01	5.546047005210764241e-02	-5.667914932208397566e-02	1.000000000000000666e+00	-6.502942952765364826e-01	7.381833234678296385e-02	-7.003171938344178449e-02	1.029460425137016799e-01	-5.909612666977404061e-01	2.530310824117333879e-01	-1.011600202385348618e-01	9.760436776583016061e-02	-8.763944196442494117e-02	1.486943830125427579e-01	-1.525831467777675754e-01	9.141918553883837673e-02	-8.179010961164948079e-02	7.636209613576563915e-02	-1.159117351365428622e-01	1.141071033052094702e-01	-8.315922404281958502e-02	8.383811760244870570e-02	-8.261032174758289881e-02	8.655163703583072798e-02	-7.372604844316896222e-02	7.692739803004186583e-02	-7.374474939620336011e-02	6.387063113178795271e-02	-6.741212343202099277e-02	7.354058657039869162e-02	-6.956332308191973124e-02	7.155077728362889411e-02	-6.511027723654015664e-02	1.035388075397894875e-01	-6.373313633586678850e-02	8.008581411059920163e-02	-5.107254350956489525e-02	4.724513558987886858e-02
2.873634605952711807e-01	-4.720022689890375212e-01	1.452266810620509718e-01	-7.360057792851165681e-02	7.346030555607248325e-02	-6.502942952765364826e-01	1.000000000000000444e+00	-1.085630610844773025e-01	9.414513593202511466e-02	-1.382932022482025181e-01	2.824769407538887944e-01	-3.476851378649407076e-01	1.278152334460587458e-01	-1.272603995591209403e-01	1.112098924343429135e-01	-1.258619329730796543e-01	1.284636677120111481e-01	-1.128017846882494735e-01	1.010808705809489727e-01	-9.708510026214120514e-02	1.063027289698292993e-01	-1.184415774719445869e-01	1.006648416369577970e-01	-1.048044971378681439e-01	1.030322994043905704e-01	-1.021764445764639095e-01	8.613070225081118081e-02	-9.493640636354298834e-02	9.132072590587464456e-02	-8.049894060410490992e-02	8.367068303246490146e-02	-9.216748251505428591e-02	8.684692783704243968e-02	-9.041823157281268786e-02	8.136577903475632201e-02	-1.351509823706533997e-01	8.093795660386171598e-02	-1.037191320357505608e-01	6.415332493497594157e-02	-5.990669853062881300e-02
-8.199796528283213870e-02	6.863646944133555694e-02	-2.360525606467414328e-01	1.159939347761907574e-01	-1.211189591693676432e-01	7.381833234678296385e-02	-1.085630610844773025e-01	1.000000000000000444e+00	-9.141117855487903565e-01	1.973530844521535488e-01	-8.921694573916683080e-02	1.341508532935097309e-01	-1.764124454722978685e-01	1.485611070102577091e-01	-1.244520293158504626e-01	5.060541264754419427e-02	-6.280928246117634117e-02	1.038387523546177443e-01	-9.592902407227513195e-02	9.014903232822243928e-02	-5.279831740971375337e-02	5.963667948569408017e-02	-7.738006228272803488e-02	8.109129353686136965e-02	-8.669099094459473132e-02	5.919430307640027866e-02	-5.273491028823165672e-02	6.648952337635892496e-02	-6.680641182453293803e-02	6.053769655004668376e-02	-5.154730538539505080e-02	5.694565296805174232e-02	-5.846638090750907318e-02	6.148935830580724154e-02	-6.068267693986042349e-02	7.943149367906290892e-02	-5.066826700410605178e-02	6.394779360391025791e-02	-4.542530279386604308e-02	4.199391264752069808e-02
7.575167310682497102e-02	-6.388752527692893868e-02	1.939208751572573664e-01	-1.232918964470931938e-01	1.198882470442727971e-01	-7.003171938344178449e-02	9.414513593202511466e-02	-9.141117855487903565e-01	1.000000000000000444e+00	-2.510325564545575761e-01	8.409660213481627566e-02	-1.350537501859607470e-01	1.505766181066330867e-01	-1.644171488554002913e-01	1.259950734446982357e-01	-4.915522197805881344e-02	6.079714102390617464e-02	-1.033055649232410278e-01	9.450434827631626344e-02	-9.216240136149946027e-02	5.159706641344714850e-02	-5.885289935491547220e-02	7.605643014590483808e-02	-8.128665541346663526e-02	8.578447436477827648e-02	-5.905972811394105682e-02	5.236247075216198671e-02	-6.633141607646650395e-02	6.627726395067939924e-02	-6.051104697641816049e-02	5.142425299389558058e-02	-5.698527783942650832e-02	5.816355880263941042e-02	-6.147647058395540320e-02	6.003753874200126739e-02	-7.994808295937781695e-02	5.061516491047431121e-02	-6.425374634358402282e-02	4.506789656824564116e-02	-4.190693507456513811e-02
-1.482927228235115802e-01	1.107918173063414391e-01	-5.490634659823738772e-01	2.841751619579676591e-01	-4.891419717550949398e-01	1.029460425137016799e-01	-1.382932022482025181e-01	1.973530844521535488e-01	-2.510325564545575761e-01	1.000000000000000444e+00	-1.521195141918414706e-01	2.148268175616476761e-01	-1.956627347844404063e-01	2.156538204878189480e-01	-3.786224177255958501e-01	8.878318203542025222e-02	-1.129020016268766496e-01	1.613136223598879704e-01	-1.744419164648253473e-01	1.948444749372520990e-01	-9.678249894297109857e-02	1.081109719250837459e-01	-1.431397232124957675e-01	1.547272126700702244e-01	-1.890579583195946822e-01	1.110935720825247386e-01	-1.001751946907508128e-01	1.250129148465046192e-01	-1.311042075250851424e-01	1.229696440216078435e-01	-9.954742362660019828e-02	1.091415922336687327e-01	-1.141846279514538154e-01	1.199001499526108766e-01	-1.261691925794492519e-01	1.517101122321325157e-01	-9.857672793496172203e-02	1.230317115968535269e-01	-9.235379527545507783e-02	8.427795170459372043e-02
2.024109366425348999e-01	-1.901058687239154388e-01	1.561470058142339634e-01	-7.738916355088359955e-02	8.151161446958453405e-02	-5.909612666977404061e-01	2.824769407538887944e-01	-8.921694573916683080e-02	8.409660213481627566e-02	-1.521195141918414706e-01	1.000000000000002220e+00	-4.883365829226356536e-01	1.650817345740087927e-01	-1.595686178087875606e-01	1.395134858492776964e-01	-3.296681489421234845e-01	2.322272487084409420e-01	-1.521249749705138044e-01	1.330128402946362254e-01	-1.243132997755951596e-01	1.873110864410258980e-01	-2.009290090298523623e-01	1.370624039662101112e-01	-1.389407990073091015e-01	1.343576598801629329e-01	-1.483472697672225116e-01	1.232671353276719728e-01	-1.285280265749182416e-01	1.216343114178190382e-01	-1.052490373714480842e-01	1.124575669646778880e-01	-1.235633021816994054e-01	1.154155854697674066e-01	-1.190825707421004909e-01	1.066917859703960941e-01	-1.742326813595939106e-01	1.061564424068375950e-01	-1.341264801151241248e-01	8.405427082929600724e-02	-7.808309636120934483e-02
-3.265115008622068715e-01	2.096221588631997368e-01	-2.845509018023487102e-01	1.228234691816620233e-01	-1.367299711857656030e-01	2.530310824117333879e-01	-3.476851378649407076e-01	1.341508532935097309e-01	-1.350537501859607470e-01	2.148268175616476761e-01	-4.883365829226356536e-01	9.999999999999995559e-01	-3.581849762634238821e-01	2.387087623214394216e-01	-2.338356958407254438e-01	1.967691244987080645e-01	-2.513630101483831925e-01	2.186323266527620823e-01	-2.098824565746683357e-01	1.840032651744753500e-01	-1.888556354456262520e-01	1.887037118370737399e-01	-1.947468941748613791e-01	1.892289075481030092e-01	-2.109184280392607802e-01	1.596933257176551268e-01	-1.454368025928101382e-01	1.646080923743703794e-01	-1.689231118627923245e-01	1.472356731304019506e-01	-1.344595072879333775e-01	1.445037036430454336e-01	-1.501899757240137412e-01	1.523959095915653483e-01	-1.579578430333121730e-01	1.917857382713072656e-01	-1.296857076813424103e-01	1.557624302875427746e-01	-1.186283864872137161e-01	1.054509271636568379e-01
1.213787984500486333e-01	-8.499285739515301252e-02	1.841765797844512609e-01	-9.218984441496005933e-02	1.028487275299723308e-01	-1.011600202385348618e-01	1.278152334460587458e-01	-1.764124454722978685e-01	1.505766181066330867e-01	-1.956627347844404063e-01	1.650817345740087927e-01	-3.581849762634238821e-01	1.000000000000000222e+00	-6.153508802503259156e-01	2.615825948964770054e-01	-1.125154773554442600e-01	1.443191891121875792e-01	-5.014600371488806552e-01	2.798749834528352909e-01	-2.323505261713955661e-01	1.174157335030144994e-01	-1.383241246106852451e-01	2.095617440746239402e-01	-2.142110762722415351e-01	1.989100015744541261e-01	-1.343650772009051253e-01	1.209236337351136947e-01	-1.703337502060804365e-01	1.600530666821031178e-01	-1.412919895730081199e-01	1.122330792680735628e-01	-1.262485929104988358e-01	1.334060695358490478e-01	-1.418679249588487290e-01	1.351432948375078935e-01	-1.660399845164734767e-01	1.090566355716767882e-01	-1.378435519867444725e-01	1.004170332052352205e-01	-9.396887723927101199e-02
-1.237931239177279680e-01	8.600467836068180494e-02	-2.160316020387801073e-01	1.033768364787311794e-01	-1.218878358384548749e-01	9.760436776583016061e-02	-1.272603995591209403e-01	1.485611070102577091e-01	-1.644171488554002913e-01	2.156538204878189480e-01	-1.595686178087875606e-01	2.387087623214394216e-01	-6.153508802503259156e-01	9.999999999999993339e-01	-4.999936739684494036e-01	1.025357704741549913e-01	-1.349429248251411417e-01	2.834908069911867279e-01	-3.624031893323740872e-01	2.639447326161541429e-01	-1.115266737997276381e-01	1.262653145150336720e-01	-1.988260096944386435e-01	2.068719404190827726e-01	-2.320621769276945134e-01	1.249371748946482702e-01	-1.153681361890008666e-01	1.557956165120300551e-01	-1.620599066899778840e-01	1.456554037507128696e-01	-1.079461864122287229e-01	1.196375289009551923e-01	-1.308883188612661452e-01	1.377838254248239525e-01	-1.440603681964327532e-01	1.553845155822096702e-01	-1.054097874758780085e-01	1.303157607141018637e-01	-1.033835487442720108e-01	9.465254857255536725e-02
1.097202129037007506e-01	-7.801773502080718015e-02	2.196353829162329963e-01	-1.224120860790571391e-01	1.441443692125135845e-01	-8.763944196442494117e-02	1.112098924343429135e-01	-1.244520293158504626e-01	1.259950734446982357e-01	-3.786224177255958501e-01	1.395134858492776964e-01	-2.338356958407254438e-01	2.615825948964770054e-01	-4.999936739684494036e-01	9.999999999999990008e-01	-9.623317484261155463e-02	1.225468384992873389e-01	-2.521340333018776136e-01	2.736273971328373467e-01	-5.585389699444475164e-01	1.077092893401257467e-01	-1.269165243347251115e-01	1.859097134436409060e-01	-2.286419863686784404e-01	2.586439116316461839e-01	-1.357216887616461143e-01	1.209012811458471254e-01	-1.647519653149190633e-01	1.679038125525752767e-01	-1.726528033271148010e-01	1.180376593010552394e-01	-1.334539613619618037e-01	1.393992458736597051e-01	-1.533411903056481618e-01	1.526623790178253948e-01	-1.819745414487128621e-01	1.166750446540520680e-01	-1.505271774112710570e-01	1.104106769287264977e-01	-1.063671632881112716e-01
-9.967592870801472715e-02	7.893054952505758337e-02	-9.452198402402052502e-02	4.519799091001134445e-02	-4.930793590493694201e-02	1.486943830125427579e-01	-1.258619329730796543e-01	5.060541264754419427e-02	-4.915522197805881344e-02	8.878318203542025222e-02	-3.296681489421234845e-01	1.967691244987080645e-01	-1.125154773554442600e-01	1.025357704741549913e-01	-9.623317484261155463e-02	1.000000000000000666e+00	-7.152694839066595645e-01	1.275878556249547269e-01	-1.063929556859102427e-01	8.824405126039407132e-02	-4.921635512846553873e-01	2.976320633205121191e-01	-1.212428750663381433e-01	1.076866658159457979e-01	-1.002105625450666615e-01	1.512963852706189494e-01	-1.288439692050391827e-01	1.065686369778153508e-01	-9.689456175806181182e-02	7.750440453197102175e-02	-9.264936504227219705e-02	9.803810684839830980e-02	-9.035242029379816908e-02	8.884218860240887528e-02	-7.969202317381919587e-02	1.176046940787773415e-01	-7.846610957003732900e-02	9.240940721759755005e-02	-6.217663750495929648e-02	5.636344828287453979e-02
1.090647931746770716e-01	-8.706305775122197277e-02	1.163973444938291996e-01	-5.636802616990008868e-02	6.158192332812630065e-02	-1.525831467777675754e-01	1.284636677120111481e-01	-6.280928246117634117e-02	6.079714102390617464e-02	-1.129020016268766496e-01	2.322272487084409420e-01	-2.513630101483831925e-01	1.443191891121875792e-01	-1.349429248251411417e-01	1.225468384992873389e-01	-7.152694839066595645e-01	9.999999999999993339e-01	-1.904899526197287862e-01	1.384678922556563108e-01	-1.157438140567718377e-01	3.092007056827282829e-01	-4.641347289286449351e-01	1.565823587529194261e-01	-1.424816684753821283e-01	1.275939519031099589e-01	-1.829861510889426168e-01	1.528711873894996187e-01	-1.385908207258066127e-01	1.233303063715460723e-01	-9.983397070279584340e-02	1.139867458935970301e-01	-1.245321859160701955e-01	1.144502528657936197e-01	-1.145989473358804828e-01	1.009250270991040588e-01	-1.524610148287328937e-01	9.939859033159434420e-02	-1.196403224094905737e-01	7.892667107626827327e-02	-7.233732303503176420e-02
-1.078006029574257035e-01	7.523509406833386870e-02	-1.645414074828257522e-01	7.853776847626731117e-02	-9.002715889727465337e-02	9.141918553883837673e-02	-1.128017846882494735e-01	1.038387523546177443e-01	-1.033055649232410278e-01	1.613136223598879704e-01	-1.521249749705138044e-01	2.186323266527620823e-01	-5.014600371488806552e-01	2.834908069911867279e-01	-2.521340333018776136e-01	1.275878556249547269e-01	-1.904899526197287862e-01	9.999999999999994449e-01	-5.871085785779034394e-01	2.476078055600017258e-01	-1.327204033629711677e-01	1.561724605604381810e-01	-3.871209264258960725e-01	2.603243315182497408e-01	-2.356130138529904383e-01	1.426135642429299522e-01	-1.365008453191683124e-01	2.067506211020567752e-01	-1.957333556270969555e-01	1.539798231584113830e-01	-1.175590369704637289e-01	1.315806149863927299e-01	-1.509921658438238279e-01	1.540661138571964295e-01	-1.507638461385805706e-01	1.601795607679325217e-01	-1.122227637769040443e-01	1.372384791454654973e-01	-1.089685314004213007e-01	9.942019832598039675e-02
9.769255881154320642e-02	-6.857943990982622029e-02	1.584157552538844882e-01	-7.885986235575481729e-02	8.998904254825788873e-02	-8.179010961164948079e-02	1.010808705809489727e-01	-9.592902407227513195e-02	9.450434827631626344e-02	-1.744419164648253473e-01	1.330128402946362254e-01	-2.098824565746683357e-01	2.798749834528352909e-01	-3.624031893323740872e-01	2.736273971328373467e-01	-1.063929556859102427e-01	1.384678922556563108e-01	-5.871085785779034394e-01	1.000000000000000888e+00	-4.788832763634108258e-01	1.152315183250515740e-01	-1.395780042461463033e-01	2.511336275154415487e-01	-3.649352503075108389e-01	2.651309324475754070e-01	-1.396376137760163560e-01	1.282625459672675772e-01	-1.960955193187453316e-01	1.957182071346853791e-01	-1.720347576752560836e-01	1.164430062828796797e-01	-1.325166619855901728e-01	1.466255044653504702e-01	-1.602794457967764985e-01	1.545318207361504326e-01	-1.669614759569573448e-01	1.129252360209018757e-01	-1.424670035308359117e-01	1.106966860066074809e-01	-1.045882313489031601e-01
-9.562358096789942696e-02	6.686771110807145091e-02	-1.744246479396461824e-01	8.581727966253499540e-02	-1.027012635552654873e-01	7.636209613576563915e-02	-9.708510026214120514e-02	9.014903232822243928e-02	-9.216240136149946027e-02	1.948444749372520990e-01	-1.243132997755951596e-01	1.840032651744753500e-01	-2.323505261713955661e-01	2.639447326161541429e-01	-5.585389699444475164e-01	8.824405126039407132e-02	-1.157438140567718377e-01	2.476078055600017258e-01	-4.788832763634108258e-01	9.999999999999994449e-01	-1.004614797967747220e-01	1.166675603112731774e-01	-1.999533191467044446e-01	2.497038828390583665e-01	-5.003034466669090685e-01	1.231083928192857196e-01	-1.142679487607890093e-01	1.621050085942900287e-01	-1.814898999820839520e-01	1.938756313101087370e-01	-1.076860704422763215e-01	1.211238231705128593e-01	-1.362666807696182592e-01	1.494187841420397678e-01	-1.760455967128030097e-01	1.550171915317479776e-01	-1.059166324307359991e-01	1.326630985767640047e-01	-1.142318517894351237e-01	1.069259855730032849e-01
9.235066741653509548e-02	-7.077201429122834120e-02	1.033487850606474578e-01	-4.902221541531261856e-02	5.406657345888281341e-02	-1.159117351365428622e-01	1.063027289698292993e-01	-5.279831740971375337e-02	5.159706641344714850e-02	-9.678249894297109857e-02	1.873110864410258980e-01	-1.888556354456262520e-01	1.174157335030144994e-01	-1.115266737997276381e-01	1.077092893401257467e-01	-4.921635512846553873e-01	3.092007056827282829e-01	-1.327204033629711677e-01	1.152315183250515740e-01	-1.004614797967747220e-01	9.999999999999995559e-01	-7.043372047237993483e-01	1.588268109234121372e-01	-1.357092696484968608e-01	1.200045104148554087e-01	-2.946177377569776379e-01	2.044248437472308277e-01	-1.469024384128429783e-01	1.251049027914455380e-01	-9.619501755427299627e-02	1.307956249006794747e-01	-1.386299649491614661e-01	1.195757157617273608e-01	-1.150588243949919737e-01	9.904361646669346264e-02	-1.524155894273627188e-01	1.029718512633129163e-01	-1.180663294112419548e-01	7.814739703763801115e-02	-7.048252584717921987e-02
-1.046328658632660336e-01	7.654857429247181877e-02	-1.194455795209909826e-01	5.558531258405985387e-02	-6.193527495501105484e-02	1.141071033052094702e-01	-1.184415774719445869e-01	5.963667948569408017e-02	-5.885289935491547220e-02	1.081109719250837459e-01	-2.009290090298523623e-01	1.887037118370737399e-01	-1.383241246106852451e-01	1.262653145150336720e-01	-1.269165243347251115e-01	2.976320633205121191e-01	-4.641347289286449351e-01	1.561724605604381810e-01	-1.395780042461463033e-01	1.166675603112731774e-01	-7.043372047237993483e-01	1.000000000000001332e+00	-2.226212963237887976e-01	1.584011869781523363e-01	-1.440047485686596351e-01	2.351539458975515084e-01	-2.628204456250308185e-01	1.706602171216307084e-01	-1.500324238434009305e-01	1.114290208867707160e-01	-1.436538510783515188e-01	1.503469238962904242e-01	-1.389294113298758515e-01	1.301040963420059815e-01	-1.170283088236203223e-01	1.588363302415030931e-01	-1.152752516423978801e-01	1.279469403847502684e-01	-9.097666904169267321e-02	8.056178656366222435e-02
9.681626520235163402e-02	-6.770539852658220836e-02	1.438220251132359961e-01	-6.909110525011577519e-02	7.795116218916227357e-02	-8.315922404281958502e-02	1.006648416369577970e-01	-7.738006228272803488e-02	7.605643014590483808e-02	-1.431397232124957675e-01	1.370624039662101112e-01	-1.947468941748613791e-01	2.095617440746239402e-01	-1.988260096944386435e-01	1.859097134436409060e-01	-1.212428750663381433e-01	1.565823587529194261e-01	-3.871209264258960725e-01	2.511336275154415487e-01	-1.999533191467044446e-01	1.588268109234121372e-01	-2.226212963237887976e-01	1.000000000000002442e+00	-5.080018529192003029e-01	2.428306778346381312e-01	-2.127029980308725310e-01	2.043726143439540122e-01	-5.572594807034382258e-01	2.890365549906904752e-01	-1.957616365581585360e-01	1.571033548491573562e-01	-1.873327554322719857e-01	2.194436822634582007e-01	-2.265603601962140889e-01	1.793184285715616333e-01	-2.058484126903342148e-01	1.463920328948066230e-01	-1.838241835690471171e-01	1.353098804662528909e-01	-1.259160937868007424e-01
-1.021257774821678760e-01	7.069623456751615576e-02	-1.596256974296658138e-01	7.540159890968264889e-02	-8.646805024231318804e-02	8.383811760244870570e-02	-1.048044971378681439e-01	8.109129353686136965e-02	-8.128665541346663526e-02	1.547272126700702244e-01	-1.389407990073091015e-01	1.892289075481030092e-01	-2.142110762722415351e-01	2.068719404190827726e-01	-2.286419863686784404e-01	1.076866658159457979e-01	-1.424816684753821283e-01	2.603243315182497408e-01	-3.649352503075108389e-01	2.497038828390583665e-01	-1.357092696484968608e-01	1.584011869781523363e-01	-5.080018529192003029e-01	1.000000000000003109e+00	-4.587457130431140118e-01	1.704979977051484519e-01	-1.714092199717443255e-01	2.873474079556385674e-01	-4.502753354930421059e-01	2.427229466112592882e-01	-1.473476310902179787e-01	1.666121042922242834e-01	-2.143819012896187870e-01	2.293704156930815863e-01	-2.286805447818887338e-01	1.901834737272021791e-01	-1.417564404014060586e-01	1.710999966396745953e-01	-1.564618879657986295e-01	1.404855415941389241e-01
1.007736369863378029e-01	-7.040213338905351725e-02	1.650265203222962551e-01	-8.346426008393816043e-02	9.416099744570295693e-02	-8.261032174758289881e-02	1.030322994043905704e-01	-8.669099094459473132e-02	8.578447436477827648e-02	-1.890579583195946822e-01	1.343576598801629329e-01	-2.109184280392607802e-01	1.989100015744541261e-01	-2.320621769276945134e-01	2.586439116316461839e-01	-1.002105625450666615e-01	1.275939519031099589e-01	-2.356130138529904383e-01	2.651309324475754070e-01	-5.003034466669090685e-01	1.200045104148554087e-01	-1.440047485686596351e-01	2.428306778346381312e-01	-4.587457130431140118e-01	1.000000000000001554e+00	-1.660860790592977032e-01	1.505160053292011746e-01	-2.262083595360515620e-01	2.595542247503039301e-01	-4.470107301463439597e-01	1.455131535183664671e-01	-1.687613569138634861e-01	1.862956511854240438e-01	-2.230154701118431393e-01	2.547671224534288625e-01	-2.183519790569937724e-01	1.447463215073242215e-01	-1.891334521168078209e-01	1.600774673433213446e-01	-1.650683367220138198e-01
-9.684383099251143989e-02	6.737946935437556795e-02	-1.294885880108681830e-01	5.841054937019699023e-02	-6.612581793430394317e-02	8.655163703583072798e-02	-1.021764445764639095e-01	5.919430307640027866e-02	-5.905972811394105682e-02	1.110935720825247386e-01	-1.483472697672225116e-01	1.596933257176551268e-01	-1.343650772009051253e-01	1.249371748946482702e-01	-1.357216887616461143e-01	1.512963852706189494e-01	-1.829861510889426168e-01	1.426135642429299522e-01	-1.396376137760163560e-01	1.231083928192857196e-01	-2.946177377569776379e-01	2.351539458975515084e-01	-2.127029980308725310e-01	1.704979977051484519e-01	-1.660860790592977032e-01	1.000000000000000000e+00	-7.415279116375554924e-01	2.305277952863839519e-01	-1.994493723491423676e-01	1.349845455611689282e-01	-3.320973115250501206e-01	2.653336091320110390e-01	-2.058784619300508545e-01	1.723698415868678835e-01	-1.483698618659893276e-01	2.251670970616462819e-01	-1.761374902942021980e-01	1.705675025869674566e-01	-1.183771691707424661e-01	1.011158990366229499e-01
8.188302330057431466e-02	-5.737782622065537574e-02	1.118785753338864819e-01	-5.142255075274718146e-02	5.797241941823839950e-02	-7.372604844316896222e-02	8.613070225081118081e-02	-5.273491028823165672e-02	5.236247075216198671e-02	-1.001751946907508128e-01	1.232671353276719728e-01	-1.454368025928101382e-01	1.209236337351136947e-01	-1.153681361890008666e-01	1.209012811458471254e-01	-1.288439692050391827e-01	1.528711873894996187e-01	-1.365008453191683124e-01	1.282625459672675772e-01	-1.142679487607890093e-01	2.044248437472308277e-01	-2.628204456250308185e-01	2.043726143439540122e-01	-1.714092199717443255e-01	1.505160053292011746e-01	-7.415279116375554924e-01	9.999999999999996669e-01	-3.302520952643895336e-01	1.950259443963948958e-01	-1.312275014767642078e-01	2.476420791727284021e-01	-3.683751814364112920e-01	2.076591199769851626e-01	-1.816219063185532390e-01	1.366710320994463379e-01	-2.240852205563692301e-01	1.663877216226401778e-01	-1.749975401560097676e-01	1.106658512180200005e-01	-9.764692859755161325e-02
-9.203571195382743986e-02	6.358395279007646173e-02	-1.355489182417981553e-01	6.289492666815299504e-02	-7.152474319191258478e-02	7.692739803004186583e-02	-9.493640636354298834e-02	6.648952337635892496e-02	-6.633141607646650395e-02	1.250129148465046192e-01	-1.285280265749182416e-01	1.646080923743703794e-01	-1.703337502060804365e-01	1.557956165120300551e-01	-1.647519653149190633e-01	1.065686369778153508e-01	-1.385908207258066127e-01	2.067506211020567752e-01	-1.960955193187453316e-01	1.621050085942900287e-01	-1.469024384128429783e-01	1.706602171216307084e-01	-5.572594807034382258e-01	2.873474079556385674e-01	-2.262083595360515620e-01	2.305277952863839519e-01	-3.302520952643895336e-01	1.000000000000000666e+00	-5.046389173489000957e-01	2.030060565926672111e-01	-1.810235784409173765e-01	2.141895493704639164e-01	-3.639580874840049329e-01	2.664330924247784727e-01	-2.018699611673471783e-01	2.000522662922667727e-01	-1.630083461041378357e-01	1.899157074000613621e-01	-1.526612451057637876e-01	1.335910071910438313e-01
8.900019677871733037e-02	-6.164633012557171887e-02	1.346309656601842042e-01	-6.393054734368851244e-02	7.227650359853182715e-02	-7.374474939620336011e-02	9.132072590587464456e-02	-6.680641182453293803e-02	6.627726395067939924e-02	-1.311042075250851424e-01	1.216343114178190382e-01	-1.689231118627923245e-01	1.600530666821031178e-01	-1.620599066899778840e-01	1.679038125525752767e-01	-9.689456175806181182e-02	1.233303063715460723e-01	-1.957333556270969555e-01	1.957182071346853791e-01	-1.814898999820839520e-01	1.251049027914455380e-01	-1.500324238434009305e-01	2.890365549906904752e-01	-4.502753354930421059e-01	2.595542247503039301e-01	-1.994493723491423676e-01	1.950259443963948958e-01	-5.046389173489000957e-01	1.000000000000000222e+00	-3.718672779809250040e-01	1.652652195275274016e-01	-2.028551203460312868e-01	2.735347492532760327e-01	-4.541227253207729131e-01	2.537526867216281512e-01	-2.122317339367237321e-01	1.593974628676673166e-01	-2.027082579475784907e-01	1.837023369649990745e-01	-1.760051925682845075e-01
-7.912402662149718713e-02	5.460529593368726453e-02	-1.249397480547188161e-01	5.937895876138947482e-02	-6.773817371877892402e-02	6.387063113178795271e-02	-8.049894060410490992e-02	6.053769655004668376e-02	-6.051104697641816049e-02	1.229696440216078435e-01	-1.052490373714480842e-01	1.472356731304019506e-01	-1.412919895730081199e-01	1.456554037507128696e-01	-1.726528033271148010e-01	7.750440453197102175e-02	-9.983397070279584340e-02	1.539798231584113830e-01	-1.720347576752560836e-01	1.938756313101087370e-01	-9.619501755427299627e-02	1.114290208867707160e-01	-1.957616365581585360e-01	2.427229466112592882e-01	-4.470107301463439597e-01	1.349845455611689282e-01	-1.312275014767642078e-01	2.030060565926672111e-01	-3.718672779809250040e-01	9.999999999999994449e-01	-1.249566006002630902e-01	1.437337259524277822e-01	-1.880858660180915187e-01	2.345082778820523350e-01	-6.780594713697297715e-01	1.684481450882583942e-01	-1.261008339084406238e-01	1.569541719174757377e-01	-2.246833399696474554e-01	2.124227211630652645e-01
8.195794216408756883e-02	-5.608152714216650681e-02	1.168978914324267926e-01	-5.246839729369458943e-02	5.940975465618358875e-02	-6.741212343202099277e-02	8.367068303246490146e-02	-5.154730538539505080e-02	5.142425299389558058e-02	-9.954742362660019828e-02	1.124575669646778880e-01	-1.344595072879333775e-01	1.122330792680735628e-01	-1.079461864122287229e-01	1.180376593010552394e-01	-9.264936504227219705e-02	1.139867458935970301e-01	-1.175590369704637289e-01	1.164430062828796797e-01	-1.076860704422763215e-01	1.307956249006794747e-01	-1.436538510783515188e-01	1.571033548491573562e-01	-1.473476310902179787e-01	1.455131535183664671e-01	-3.320973115250501206e-01	2.476420791727284021e-01	-1.810235784409173765e-01	1.652652195275274016e-01	-1.249566006002630902e-01	9.999999999999988898e-01	-6.257448577732647177e-01	2.308526846915918973e-01	-1.939355170802120609e-01	1.395329933592766303e-01	-5.762264915976841317e-01	2.450045137096628078e-01	-2.320178479489007906e-01	1.190458189789745519e-01	-1.029133916119591985e-01
-9.041247441126927520e-02	6.163616405343992632e-02	-1.297300977009970269e-01	5.786528866226096218e-02	-6.580079988655675172e-02	7.354058657039869162e-02	-9.216748251505428591e-02	5.694565296805174232e-02	-5.698527783942650832e-02	1.091415922336687327e-01	-1.235633021816994054e-01	1.445037036430454336e-01	-1.262485929104988358e-01	1.196375289009551923e-01	-1.334539613619618037e-01	9.803810684839830980e-02	-1.245321859160701955e-01	1.315806149863927299e-01	-1.325166619855901728e-01	1.211238231705128593e-01	-1.386299649491614661e-01	1.503469238962904242e-01	-1.873327554322719857e-01	1.666121042922242834e-01	-1.687613569138634861e-01	2.653336091320110390e-01	-3.683751814364112920e-01	2.141895493704639164e-01	-2.028551203460312868e-01	1.437337259524277822e-01	-6.257448577732647177e-01	9.999999999999978906e-01	-4.043734326983524641e-01	2.273626661074106270e-01	-1.668578976054079233e-01	3.054250148054691305e-01	-3.317400981849632502e-01	2.479311341957634029e-01	-1.428420962822760099e-01	1.179758124308297185e-01
8.511349839195371525e-02	-5.845142103899034214e-02	1.255280107385752242e-01	-5.792146173296223999e-02	6.550026523211929796e-02	-6.956332308191973124e-02	8.684692783704243968e-02	-5.846638090750907318e-02	5.816355880263941042e-02	-1.141846279514538154e-01	1.154155854697674066e-01	-1.501899757240137412e-01	1.334060695358490478e-01	-1.308883188612661452e-01	1.393992458736597051e-01	-9.035242029379816908e-02	1.144502528657936197e-01	-1.509921658438238279e-01	1.466255044653504702e-01	-1.362666807696182592e-01	1.195757157617273608e-01	-1.389294113298758515e-01	2.194436822634582007e-01	-2.143819012896187870e-01	1.862956511854240438e-01	-2.058784619300508545e-01	2.076591199769851626e-01	-3.639580874840049329e-01	2.735347492532760327e-01	-1.880858660180915187e-01	2.308526846915918973e-01	-4.043734326983524641e-01	9.999999999999981126e-01	-6.140938317672072211e-01	2.031812961474177004e-01	-2.633396423901203653e-01	2.359282107480684676e-01	-3.582038982966006535e-01	1.877555356630637717e-01	-1.661542525888344279e-01
-8.899974485402743773e-02	6.087558752764764963e-02	-1.335636211090718284e-01	6.117084871338978463e-02	-6.961554395405197826e-02	7.155077728362889411e-02	-9.041823157281268786e-02	6.148935830580724154e-02	-6.147647058395540320e-02	1.199001499526108766e-01	-1.190825707421004909e-01	1.523959095915653483e-01	-1.418679249588487290e-01	1.377838254248239525e-01	-1.533411903056481618e-01	8.884218860240887528e-02	-1.145989473358804828e-01	1.540661138571964295e-01	-1.602794457967764985e-01	1.494187841420397678e-01	-1.150588243949919737e-01	1.301040963420059815e-01	-2.265603601962140889e-01	2.293704156930815863e-01	-2.230154701118431393e-01	1.723698415868678835e-01	-1.816219063185532390e-01	2.664330924247784727e-01	-4.541227253207729131e-01	2.345082778820523350e-01	-1.939355170802120609e-01	2.273626661074106270e-01	-6.140938317672072211e-01	9.999999999999984457e-01	-3.148794760004113846e-01	2.098987061740523186e-01	-1.931394453903805264e-01	2.244953813393181785e-01	-3.207787466945264399e-01	2.184139773844346877e-01
7.979590651522396050e-02	-5.525051786877208798e-02	1.233213581015316501e-01	-5.986518827974104257e-02	6.716408668256385051e-02	-6.511027723654015664e-02	8.136577903475632201e-02	-6.068267693986042349e-02	6.003753874200126739e-02	-1.261691925794492519e-01	1.066917859703960941e-01	-1.579578430333121730e-01	1.351432948375078935e-01	-1.440603681964327532e-01	1.526623790178253948e-01	-7.969202317381919587e-02	1.009250270991040588e-01	-1.507638461385805706e-01	1.545318207361504326e-01	-1.760455967128030097e-01	9.904361646669346264e-02	-1.170283088236203223e-01	1.793184285715616333e-01	-2.286805447818887338e-01	2.547671224534288625e-01	-1.483698618659893276e-01	1.366710320994463379e-01	-2.018699611673471783e-01	2.537526867216281512e-01	-6.780594713697297715e-01	1.395329933592766303e-01	-1.668578976054079233e-01	2.031812961474177004e-01	-3.148794760004113846e-01	9.999999999999972244e-01	-2.036905378853915427e-01	1.437239595734391140e-01	-1.918921860479514963e-01	2.607005411643579795e-01	-4.054048742579314801e-01
-1.354355830794169435e-01	9.057904199989247340e-02	-1.965434205850451754e-01	8.442707743796269704e-02	-9.658893740834738340e-02	1.035388075397894875e-01	-1.351509823706533997e-01	7.943149367906290892e-02	-7.994808295937781695e-02	1.517101122321325157e-01	-1.742326813595939106e-01	1.917857382713072656e-01	-1.660399845164734767e-01	1.553845155822096702e-01	-1.819745414487128621e-01	1.176046940787773415e-01	-1.524610148287328937e-01	1.601795607679325217e-01	-1.669614759569573448e-01	1.550171915317479776e-01	-1.524155894273627188e-01	1.588363302415030931e-01	-2.058484126903342148e-01	1.901834737272021791e-01	-2.183519790569937724e-01	2.251670970616462819e-01	-2.240852205563692301e-01	2.000522662922667727e-01	-2.122317339367237321e-01	1.684481450882583942e-01	-5.762264915976841317e-01	3.054250148054691305e-01	-2.633396423901203653e-01	2.098987061740523186e-01	-2.036905378853915427e-01	9.999999999999978906e-01	-4.555945582524864035e-01	2.814371984153236639e-01	-1.681839734779464468e-01	1.361983834360229184e-01
8.013578903313856028e-02	-5.441685622589716859e-02	1.166763500923190394e-01	-5.216235369497156105e-02	5.913876483632404812e-02	-6.373313633586678850e-02	8.093795660386171598e-02	-5.066826700410605178e-02	5.061516491047431121e-02	-9.857672793496172203e-02	1.061564424068375950e-01	-1.296857076813424103e-01	1.090566355716767882e-01	-1.054097874758780085e-01	1.166750446540520680e-01	-7.846610957003732900e-02	9.939859033159434420e-02	-1.122227637769040443e-01	1.129252360209018757e-01	-1.059166324307359991e-01	1.029718512633129163e-01	-1.152752516423978801e-01	1.463920328948066230e-01	-1.417564404014060586e-01	1.447463215073242215e-01	-1.761374902942021980e-01	1.663877216226401778e-01	-1.630083461041378357e-01	1.593974628676673166e-01	-1.261008339084406238e-01	2.450045137096628078e-01	-3.317400981849632502e-01	2.359282107480684676e-01	-1.931394453903805264e-01	1.437239595734391140e-01	-4.555945582524864035e-01	9.999999999999976685e-01	-7.412955199751212199e-01	1.343732970970591967e-01	-1.153350165422369900e-01
-1.035342798173680412e-01	6.967628791833777036e-02	-1.523588432814293181e-01	6.669993553007950993e-02	-7.621440370859733360e-02	8.008581411059920163e-02	-1.037191320357505608e-01	6.394779360391025791e-02	-6.425374634358402282e-02	1.230317115968535269e-01	-1.341264801151241248e-01	1.557624302875427746e-01	-1.378435519867444725e-01	1.303157607141018637e-01	-1.505271774112710570e-01	9.240940721759755005e-02	-1.196403224094905737e-01	1.372384791454654973e-01	-1.424670035308359117e-01	1.326630985767640047e-01	-1.180663294112419548e-01	1.279469403847502684e-01	-1.838241835690471171e-01	1.710999966396745953e-01	-1.891334521168078209e-01	1.705675025869674566e-01	-1.749975401560097676e-01	1.899157074000613621e-01	-2.027082579475784907e-01	1.569541719174757377e-01	-2.320178479489007906e-01	2.479311341957634029e-01	-3.582038982966006535e-01	2.244953813393181785e-01	-1.918921860479514963e-01	2.814371984153236639e-01	-7.412955199751212199e-01	9.999999999999975575e-01	-1.892754727708053641e-01	1.439208815845041955e-01
6.310996153035838829e-02	-4.344443157636209557e-02	9.572052203724137898e-02	-4.533837551414186817e-02	5.099180330044354725e-02	-5.107254350956489525e-02	6.415332493497594157e-02	-4.542530279386604308e-02	4.506789656824564116e-02	-9.235379527545507783e-02	8.405427082929600724e-02	-1.186283864872137161e-01	1.004170332052352205e-01	-1.033835487442720108e-01	1.104106769287264977e-01	-6.217663750495929648e-02	7.892667107626827327e-02	-1.089685314004213007e-01	1.106966860066074809e-01	-1.142318517894351237e-01	7.814739703763801115e-02	-9.097666904169267321e-02	1.353098804662528909e-01	-1.564618879657986295e-01	1.600774673433213446e-01	-1.183771691707424661e-01	1.106658512180200005e-01	-1.526612451057637876e-01	1.837023369649990745e-01	-2.246833399696474554e-01	1.190458189789745519e-01	-1.428420962822760099e-01	1.877555356630637717e-01	-3.207787466945264399e-01	2.607005411643579795e-01	-1.681839734779464468e-01	1.343732970970591967e-01	-1.892754727708053641e-01	9.999999999999971134e-01	-8.240629639008790752e-01
