1.000000000000000000e+00	-5.291066489636375714e-01	2.991419935052598844e-01	-9.708367323325495235e-02	3.251706242561960836e-02	-5.527771347263013002e-01	3.101916757719903606e-01	-4.009057998006048673e-01	1.030446915034812505e-01	-3.095859938336015943e-02	1.229652639580129381e-01	-1.337586276232607119e-01	1.967205548669820614e-01	-1.809628636006866131e-01	1.043918768116360724e-01	-1.066589023945158504e-01	1.145599757203284996e-01	-2.064506922826239710e-01	1.466649456487267300e-01	-1.353425997629180422e-01	1.198454065569255766e-01	-1.275873640857733970e-01	1.194609325447216486e-01	-8.128383133036594377e-02	7.295443675837179343e-02	-7.471985767231535680e-02	6.324546937087850706e-02	-1.128283609007027510e-01	7.688886404225936388e-02	-5.818596352309924474e-02	5.333848003602599530e-02	-9.351598562860098662e-02	7.039829002740854991e-02	-3.780062097666972432e-02	3.166111800604327203e-02	-6.448286704252303991e-02	5.547283402490291865e-02	-7.295608834496682127e-02	3.396264653310687720e-02	-3.005972124900896381e-02
-5.291066489636375714e-01	1.000000000000000000e+00	-6.936787404130336787e-01	1.374822024912672469e-01	-4.095910121775350743e-02	2.674678203054387526e-01	-3.370475640479568824e-01	2.665363742251777857e-01	-1.543915155623991065e-01	3.775329277148652130e-02	-7.876860470816707260e-02	8.342646668191515402e-02	-1.328611550514088302e-01	1.111381200440881289e-01	-6.582889943128063248e-02	6.528156559421029181e-02	-7.191908766289585586e-02	1.253326097899732927e-01	-9.353693091360486267e-02	8.127036023718803293e-02	-7.434014664448501675e-02	7.547216794995588451e-02	-7.240803580203178380e-02	4.890866339469755741e-02	-4.426576860423635240e-02	4.300514737370146612e-02	-3.671684746219674306e-02	6.502241525310094306e-02	-4.656841471743163735e-02	3.486790243913980014e-02	-3.061492723797242313e-02	5.337637131997591267e-02	-4.074973659293761041e-02	2.186115660449839890e-02	-1.838605974568245302e-02	3.661908859547062522e-02	-3.176797853248592568e-02	4.142137672111578794e-02	-1.966216787349530509e-02	1.733518182778436001e-02
2.991419935052598844e-01	-6.936787404130336787e-01	1.000000000000000000e+00	-2.456630840333798860e-01	5.309821370244479505e-02	-2.858696270069076006e-01	2.536899178707837099e-01	-4.176755522316576985e-01	1.904252566224077792e-01	-5.109513141981426865e-02	1.008139449503563934e-01	-1.113980330612939912e-01	1.796850472690782186e-01	-1.614448974420095717e-01	9.206876322084375786e-02	-8.831358314152613909e-02	9.622763590720720406e-02	-1.817365220452843155e-01	1.294389746037939160e-01	-1.169862046860147275e-01	9.815212899659381263e-02	-1.034358809695729436e-01	9.862999562761901040e-02	-6.756754473106103831e-02	6.071642275790298943e-02	-5.997452052501855979e-02	5.094373589167661837e-02	-9.112958790048840407e-02	6.355213505280607467e-02	-4.815705228040420560e-02	4.265496423787719371e-02	-7.494524949360813204e-02	5.673736420769924516e-02	-3.043180285110115221e-02	2.550495520824776208e-02	-5.135667036180499578e-02	4.441558629121770962e-02	-5.822654314812157617e-02	2.733443225759998180e-02	-2.414505057307635150e-02
-9.708367323325495235e-02	1.374822024912672469e-01	-2.456630840333798860e-01	9.999999999999998890e-01	-1.410191787299574784e-01	8.142444435645458667e-02	-7.610438536224223283e-02	1.184523805899364568e-01	-9.278407823891905437e-01	1.240437308722403958e-01	-3.502149723969936318e-02	3.754842665318613992e-02	-6.472546269908584227e-02	7.316019086015479456e-02	-4.351826122897422405e-02	2.997209057997799256e-02	-3.348055523484917001e-02	6.208035224415858061e-02	-5.639441113507662195e-02	4.678391980537532913e-02	-3.397135221549073270e-02	3.479778180412232413e-02	-3.467991232215686392e-02	2.435983146366830707e-02	-2.219599076471435312e-02	1.998617119839841624e-02	-1.709720202842400158e-02	3.065487176219220886e-02	-2.285497942258118975e-02	1.730152116667801540e-02	-1.421759572112010934e-02	2.495603684707778727e-02	-1.912283678892846839e-02	1.028094839532294261e-02	-8.644461921604340571e-03	1.697805034348657052e-02	-1.482166485955887375e-02	1.929895515876522624e-02	-9.236316303180558407e-03	8.131674168912800607e-03
3.251706242561960836e-02	-4.095910121775350743e-02	5.309821370244479505e-02	-1.410191787299574784e-01	9.999999999999997780e-01	-2.802397762820574983e-02	2.505813193139552059e-02	-3.981544738616189100e-02	1.296609273787610039e-01	-9.789436612125571591e-01	1.336324844421912447e-02	-1.431105480813879560e-02	2.410236567865879295e-02	-3.140859190765517978e-02	2.824260542380710448e-02	-1.167978107918009843e-02	1.307949453890740882e-02	-2.443379581355429458e-02	2.361888340308028467e-02	-2.816365618990547201e-02	1.357852525969119664e-02	-1.397200856424472663e-02	1.437676320252404341e-02	-1.050225264976203596e-02	9.786452186424659735e-03	-8.157211038452160876e-03	6.985939774995990163e-03	-1.266165247145351405e-02	9.740496912273938213e-03	-7.595541520113316923e-03	5.825580054414551331e-03	-1.026781066295293782e-02	7.883430500706516478e-03	-4.254209846012086023e-03	3.578346775600561684e-03	-6.949096694197032416e-03	6.094627564069204570e-03	-7.930450045823976904e-03	3.818564183431773663e-03	-3.361166585716124106e-03
-5.527771347263013002e-01	2.674678203054387526e-01	-2.858696270069076006e-01	8.142444435645458667e-02	-2.802397762820574983e-02	9.999999999999994449e-01	-6.968622327116198445e-01	2.866803050487736759e-01	-9.402650407625112727e-02	2.598125048529377479e-02	-1.213812135712894064e-01	1.127330218374478499e-01	-1.622121023811005092e-01	1.164431894018405356e-01	-7.136483833920419240e-02	8.305298642426074684e-02	-9.103969892481011961e-02	1.373600299423520521e-01	-1.049852906553661036e-01	8.580712525323079543e-02	-9.076532233756619272e-02	8.699702438458035980e-02	-8.305229876357636543e-02	5.487970528417381033e-02	-5.007024991866737551e-02	4.733671523993069480e-02	-4.080224363651913100e-02	7.087997881359466013e-02	-5.298237323581830860e-02	3.901425280212627439e-02	-3.347479677057443870e-02	5.774792222718630463e-02	-4.477282977458751922e-02	2.397153662805578955e-02	-2.026271279970111999e-02	3.954518916003359197e-02	-3.454173986056403856e-02	4.457995927632023986e-02	-2.159832714914879104e-02	1.896320254689415341e-02
3.101916757719903606e-01	-3.370475640479568824e-01	2.536899178707837099e-01	-7.610438536224223283e-02	2.505813193139552059e-02	-6.968622327116198445e-01	9.999999999999994449e-01	-5.081565486635971629e-01	8.477902527219238760e-02	-2.351002143431855582e-02	1.057490097284752989e-01	-1.141608388914308048e-01	1.784272308828035170e-01	-1.269477964330587849e-01	7.348253019456200963e-02	-8.068667379663199690e-02	8.821453221413674828e-02	-1.564022417667849940e-01	1.085802063576554177e-01	-9.041676490776531794e-02	8.321516539832829462e-02	-8.303591767610442320e-02	7.952079102819481493e-02	-5.372730649095044941e-02	4.847427174484178480e-02	-4.551841698751665777e-02	3.910510560316134837e-02	-6.894708154444327552e-02	5.070590317184022616e-02	-3.794410340755242916e-02	3.195494085293024839e-02	-5.584627725928900666e-02	4.304346314504248205e-02	-2.299844013428356537e-02	1.935563383916212923e-02	-3.793312643400578721e-02	3.316333116807625159e-02	-4.297972182497439286e-02	2.067741800374541319e-02	-1.816283421714508933e-02
-4.009057998006048673e-01	2.665363742251777857e-01	-4.176755522316576985e-01	1.184523805899364568e-01	-3.981544738616189100e-02	2.866803050487736759e-01	-5.081565486635971629e-01	9.999999999999990008e-01	-1.416708845408866102e-01	3.693738536152749163e-02	-1.575245751254812088e-01	1.613243529140397092e-01	-4.432282107318100683e-01	1.873938410148880407e-01	-1.159326428359423317e-01	1.169494599637393717e-01	-1.371547778604644552e-01	2.354707367401148166e-01	-1.807612359117093670e-01	1.317088190342226295e-01	-1.289165066188719400e-01	1.211645142184340634e-01	-1.236653518217782355e-01	8.214967199142353405e-02	-7.509189702655999499e-02	6.512014551068587287e-02	-5.670020570669916798e-02	9.928876885192783330e-02	-7.870665327691965529e-02	5.771375230107986254e-02	-4.597962883240944154e-02	7.943408306045200706e-02	-6.262376156629692603e-02	3.347852510454488867e-02	-2.838535963548314764e-02	5.367150097819752691e-02	-4.754878067801268648e-02	6.078068129702013378e-02	-3.016564387120938828e-02	2.635453676532630712e-02
1.030446915034812505e-01	-1.543915155623991065e-01	1.904252566224077792e-01	-9.278407823891905437e-01	1.296609273787610039e-01	-9.402650407625112727e-02	8.477902527219238760e-02	-1.416708845408866102e-01	9.999999999999993339e-01	-1.492671816967814646e-01	4.009836866647398940e-02	-4.345693841034612565e-02	7.401291022014822030e-02	-8.848744569057608034e-02	4.951383909522550503e-02	-3.473127981216714982e-02	3.857569924355918473e-02	-7.286116549539019271e-02	6.412141477028390768e-02	-5.463290563210057571e-02	3.906416773355715633e-02	-4.044611415531675774e-02	4.002168182801640883e-02	-2.817069527838564694e-02	2.560764037716144886e-02	-2.333084009935289249e-02	1.991889437777885283e-02	-3.578420967269858866e-02	2.635057413905507115e-02	-2.002373245085879022e-02	1.658696755453101246e-02	-2.917403493377817431e-02	2.228161781798100941e-02	-1.197605669354985351e-02	1.005776987455978856e-02	-1.985560580323150054e-02	1.730408056219103624e-02	-2.257642190577280328e-02	1.075523304030848171e-02	-9.476393730941782417e-03
-3.095859938336015943e-02	3.775329277148652130e-02	-5.109513141981426865e-02	1.240437308722403958e-01	-9.789436612125571591e-01	2.598125048529377479e-02	-2.351002143431855582e-02	3.693738536152749163e-02	-1.492671816967814646e-01	9.999999999999998890e-01	-1.263904969787434628e-02	1.347241644226767135e-02	-2.289683547886319989e-02	3.016537797049002184e-02	-2.839783103786166357e-02	1.099320378932225860e-02	-1.235521979690283600e-02	2.298568893730363813e-02	-2.282600834933024014e-02	2.709633063704253511e-02	-1.282087408147886479e-02	1.312104438611268707e-02	-1.360320278015995921e-02	9.963445158197805143e-03	-9.308637096193780186e-03	7.645850210468844652e-03	-6.556906655410467584e-03	1.188453080266625370e-02	-9.243456921648718003e-03	7.206479446743054018e-03	-5.461888303041360915e-03	9.621648147938982251e-03	-7.404352179273674360e-03	3.997385170768701264e-03	-3.364621897752557989e-03	6.504692354205194108e-03	-5.714370157504181438e-03	7.425758505337528952e-03	-3.588370131187170950e-03	3.156706718669526675e-03
1.229652639580129381e-01	-7.876860470816707260e-02	1.008139449503563934e-01	-3.502149723969936318e-02	1.336324844421912447e-02	-1.213812135712894064e-01	1.057490097284752989e-01	-1.575245751254812088e-01	4.009836866647398940e-02	-1.263904969787434628e-02	9.999999999999997780e-01	-7.959323213709257328e-01	2.135645519734289677e-01	-1.395914208248085764e-01	7.936614259836465013e-02	-4.158689066507058607e-01	2.755177381778764478e-01	-2.049275173799483540e-01	1.263619764078941221e-01	-9.758090601129584818e-02	1.662496507050741923e-01	-1.632401869849968434e-01	1.002064179968146923e-01	-6.489514226498357963e-02	5.668245936042310557e-02	-6.504274694937964285e-02	5.631648141517486827e-02	-8.562654258881108316e-02	5.967231165064598719e-02	-4.451574775504532622e-02	3.930825512081696088e-02	-6.813279786649205361e-02	5.285862006357819332e-02	-2.736623872371492586e-02	2.287317997844662623e-02	-4.604202074249529736e-02	3.970939210094607402e-02	-5.078888581376427014e-02	2.457001100686360268e-02	-2.136015427407723238e-02
-1.337586276232607119e-01	8.342646668191515402e-02	-1.113980330612939912e-01	3.754842665318613992e-02	-1.431105480813879560e-02	1.127330218374478499e-01	-1.141608388914308048e-01	1.613243529140397092e-01	-4.345693841034612565e-02	1.347241644226767135e-02	-7.959323213709257328e-01	9.999999999999998890e-01	-3.208427337634368604e-01	1.392699979541274224e-01	-8.264717001163628118e-02	2.674664575780724141e-01	-3.554358074038996285e-01	2.061013126762200331e-01	-1.364589398547053911e-01	9.636265374304979481e-02	-1.694978183391886717e-01	1.495314469309562966e-01	-1.009727103154437894e-01	6.476376368619563006e-02	-5.721771713347037491e-02	6.057809326900925190e-02	-5.325570926712371034e-02	8.160405740824439036e-02	-6.014509840325064222e-02	4.433601928245372442e-02	-3.737851967045967977e-02	6.446558615640624046e-02	-5.073669712169131402e-02	2.634802472000352669e-02	-2.213865503369111601e-02	4.335846358215098006e-02	-3.781883704802362078e-02	4.801904502382443873e-02	-2.368950649888333301e-02	2.054467676808502050e-02
1.967205548669820614e-01	-1.328611550514088302e-01	1.796850472690782186e-01	-6.472546269908584227e-02	2.410236567865879295e-02	-1.622121023811005092e-01	1.784272308828035170e-01	-4.432282107318100683e-01	7.401291022014822030e-02	-2.289683547886319989e-02	2.135645519734289677e-01	-3.208427337634368604e-01	9.999999999999997780e-01	-3.530143199936200404e-01	1.636153476250017114e-01	-1.691566521583465210e-01	1.928774694529375999e-01	-6.070160480382515988e-01	2.680786147748499548e-01	-1.946175520656910629e-01	1.402822038285145290e-01	-1.431633239883120523e-01	1.453946967592123218e-01	-1.023319389033791882e-01	8.852974371728419833e-02	-7.294229075371116977e-02	6.336704319329508617e-02	-1.160560866695154181e-01	8.904250453598966386e-02	-6.868791510199037664e-02	4.850293198065815103e-02	-8.855503222401711616e-02	6.940647280828217414e-02	-3.644463042702189570e-02	3.039447419106151155e-02	-5.691183918989017182e-02	5.126915048306377592e-02	-6.587190390304051291e-02	3.254336930661760191e-02	-2.828006894224326107e-02
-1.809628636006866131e-01	1.111381200440881289e-01	-1.614448974420095717e-01	7.316019086015479456e-02	-3.140859190765517978e-02	1.164431894018405356e-01	-1.269477964330587849e-01	1.873938410148880407e-01	-8.848744569057608034e-02	3.016537797049002184e-02	-1.395914208248085764e-01	1.392699979541274224e-01	-3.530143199936200404e-01	9.999999999999998890e-01	-5.133237319337546900e-01	1.106009566979782033e-01	-1.363520234035937861e-01	2.766275728373659426e-01	-6.066726080151592093e-01	3.094619284696484840e-01	-1.214915727566878156e-01	1.160342827559287249e-01	-1.420095434992830474e-01	1.217763381881139945e-01	-1.144034357505783195e-01	6.368821987134133666e-02	-5.607957509535647228e-02	1.053312413493053684e-01	-1.080402590576681338e-01	8.301268592761433529e-02	-4.424011180816020405e-02	8.008182058137022774e-02	-6.461682874836298385e-02	3.529225614961861018e-02	-2.986906068396402020e-02	5.110825078628843110e-02	-4.727808240681051488e-02	5.988239965471825466e-02	-3.154682463184004665e-02	2.731292975067856413e-02
1.043918768116360724e-01	-6.582889943128063248e-02	9.206876322084375786e-02	-4.351826122897422405e-02	2.824260542380710448e-02	-7.136483833920419240e-02	7.348253019456200963e-02	-1.159326428359423317e-01	4.951383909522550503e-02	-2.839783103786166357e-02	7.936614259836465013e-02	-8.264717001163628118e-02	1.636153476250017114e-01	-5.133237319337546900e-01	9.999999999999998890e-01	-6.901526203844189633e-02	8.183946458654954570e-02	-1.746275034813249971e-01	2.760753370923192951e-01	-7.779573255272579368e-01	7.958927424026307484e-02	-8.033090768559522643e-02	1.019530908279086406e-01	-1.036585184038701923e-01	1.092695834923981674e-01	-4.755470217658609722e-02	4.149159663479762283e-02	-8.198695478942696901e-02	8.657512002075104518e-02	-8.154431830733623043e-02	3.312740165477261189e-02	-6.204266065689051368e-02	4.922300026342180806e-02	-2.735760838492155150e-02	2.300729981608544070e-02	-3.869008076468510166e-02	3.612095453350473717e-02	-4.628574358605984373e-02	2.426108362969640886e-02	-2.114874109002287325e-02
-1.066589023945158504e-01	6.528156559421029181e-02	-8.831358314152613909e-02	2.997209057997799256e-02	-1.167978107918009843e-02	8.305298642426074684e-02	-8.068667379663199690e-02	1.169494599637393717e-01	-3.473127981216714982e-02	1.099320378932225860e-02	-4.158689066507058607e-01	2.674664575780724141e-01	-1.691566521583465210e-01	1.106009566979782033e-01	-6.901526203844189633e-02	9.999999999999988898e-01	-7.598846144581473672e-01	1.811430877737501277e-01	-1.206459046063194235e-01	8.195757849564876130e-02	-3.346330501009723291e-01	2.285341615540497084e-01	-1.118472595545089293e-01	6.732740258460423455e-02	-5.859355758476367942e-02	7.818419002590237810e-02	-6.922908920708667480e-02	9.207926662099497062e-02	-6.305080851038551149e-02	4.564499267411711858e-02	-4.386662605872944376e-02	7.360425442593858392e-02	-5.781157478349088080e-02	2.937865317510403307e-02	-2.462278524362488535e-02	5.057181359471193266e-02	-4.295619248001886215e-02	5.412401381429808589e-02	-2.646360590811102156e-02	2.285049709615009222e-02
1.145599757203284996e-01	-7.191908766289585586e-02	9.622763590720720406e-02	-3.348055523484917001e-02	1.307949453890740882e-02	-9.103969892481011961e-02	8.821453221413674828e-02	-1.371547778604644552e-01	3.857569924355918473e-02	-1.235521979690283600e-02	2.755177381778764478e-01	-3.554358074038996285e-01	1.928774694529375999e-01	-1.363520234035937861e-01	8.183946458654954570e-02	-7.598846144581473672e-01	1.000000000000000000e+00	-2.720607901733365641e-01	1.425888051836461667e-01	-1.001715384333649872e-01	2.467682391395812913e-01	-2.966108720231999674e-01	1.296239760678429276e-01	-7.928738884249664221e-02	6.784260046131723731e-02	-9.161181634934646711e-02	8.058940919158896765e-02	-1.085572461862969879e-01	7.256274338716205141e-02	-5.323630583843248776e-02	5.070287345384322936e-02	-8.619975783106689771e-02	6.726503182048848561e-02	-3.409864206502302014e-02	2.844463450775383193e-02	-5.876495975918035602e-02	4.991209537776398336e-02	-6.314540617662418864e-02	3.064547722783597314e-02	-2.647085188837394742e-02
-2.064506922826239710e-01	1.253326097899732927e-01	-1.817365220452843155e-01	6.208035224415858061e-02	-2.443379581355429458e-02	1.373600299423520521e-01	-1.564022417667849940e-01	2.354707367401148166e-01	-7.286116549539019271e-02	2.298568893730363813e-02	-2.049275173799483540e-01	2.061013126762200331e-01	-6.070160480382515988e-01	2.766275728373659426e-01	-1.746275034813249971e-01	1.811430877737501277e-01	-2.720607901733365641e-01	9.999999999999997780e-01	-5.062700788629852511e-01	1.968756256899792667e-01	-1.631993321207944603e-01	1.585939286938771176e-01	-2.095197556687863061e-01	1.285525376376889795e-01	-1.089966402596761752e-01	8.020433401574178500e-02	-7.106353373445804811e-02	1.330818501600440906e-01	-1.100736421649075730e-01	8.168453612077072878e-02	-5.359308693855991540e-02	9.807538173649919810e-02	-7.957116902510301404e-02	4.129526979425635763e-02	-3.456715604431559452e-02	6.186524157130718349e-02	-5.696743620349194875e-02	7.211584586219019211e-02	-3.689854288698344448e-02	3.179128774971238386e-02
1.466649456487267300e-01	-9.353693091360486267e-02	1.294389746037939160e-01	-5.639441113507662195e-02	2.361888340308028467e-02	-1.049852906553661036e-01	1.085802063576554177e-01	-1.807612359117093670e-01	6.412141477028390768e-02	-2.282600834933024014e-02	1.263619764078941221e-01	-1.364589398547053911e-01	2.680786147748499548e-01	-6.066726080151592093e-01	2.760753370923192951e-01	-1.206459046063194235e-01	1.425888051836461667e-01	-5.062700788629852511e-01	9.999999999999990008e-01	-4.238019298369169463e-01	1.211801225169479856e-01	-1.257546191250371870e-01	1.573826907091440686e-01	-1.639441855722039987e-01	1.285304043600302704e-01	-7.023644371576445722e-02	6.134877423329209573e-02	-1.208744379221190351e-01	1.184373148937524767e-01	-9.650109078671212370e-02	4.773233593320152374e-02	-8.978299211640054789e-02	7.139190929774051619e-02	-3.868241358276289926e-02	3.228892988282716647e-02	-5.572837601209254532e-02	5.181208826805916434e-02	-6.634995283241666708e-02	3.431610309001539849e-02	-2.974135911208085348e-02
-1.353425997629180422e-01	8.127036023718803293e-02	-1.169862046860147275e-01	4.678391980537532913e-02	-2.816365618990547201e-02	8.580712525323079543e-02	-9.041676490776531794e-02	1.317088190342226295e-01	-5.463290563210057571e-02	2.709633063704253511e-02	-9.758090601129584818e-02	9.636265374304979481e-02	-1.946175520656910629e-01	3.094619284696484840e-01	-7.779573255272579368e-01	8.195757849564876130e-02	-1.001715384333649872e-01	1.968756256899792667e-01	-4.238019298369169463e-01	1.000000000000000444e+00	-9.847375149832274244e-02	9.580482705352420802e-02	-1.289404144408293484e-01	1.289762686386992929e-01	-1.585896023405945765e-01	5.597906945252798666e-02	-4.931393056465122743e-02	9.683087441614077195e-02	-1.137569948098088729e-01	1.012209326841434914e-01	-3.930211770500845886e-02	7.274320407998123572e-02	-5.885822865078537552e-02	3.300321148366321122e-02	-2.796250797629830712e-02	4.542582273230570677e-02	-4.277801110027222575e-02	5.423225587296295197e-02	-2.934112014536167587e-02	2.544786309828938123e-02
1.198454065569255766e-01	-7.434014664448501675e-02	9.815212899659381263e-02	-3.397135221549073270e-02	1.357852525969119664e-02	-9.076532233756619272e-02	8.321516539832829462e-02	-1.289165066188719400e-01	3.906416773355715633e-02	-1.282087408147886479e-02	1.662496507050741923e-01	-1.694978183391886717e-01	1.402822038285145290e-01	-1.214915727566878156e-01	7.958927424026307484e-02	-3.346330501009723291e-01	2.467682391395812913e-01	-1.631993321207944603e-01	1.211801225169479856e-01	-9.847375149832274244e-02	9.999999999999998890e-01	-7.771241424538377629e-01	2.185008132211544440e-01	-1.230748696805830655e-01	1.030876167612853334e-01	-2.183264796334039859e-01	1.821066232860144574e-01	-2.086763621735937269e-01	1.160595683019175900e-01	-8.301772184008138211e-02	1.051702094114898706e-01	-1.723519341422562745e-01	1.307519536222919165e-01	-6.455940105018424802e-02	5.338890654633735022e-02	-1.233134837151485946e-01	9.864995473158622019e-02	-1.250489218818544024e-01	5.813986655613111176e-02	-5.017680019752995824e-02
-1.275873640857733970e-01	7.547216794995588451e-02	-1.034358809695729436e-01	3.479778180412232413e-02	-1.397200856424472663e-02	8.699702438458035980e-02	-8.303591767610442320e-02	1.211645142184340634e-01	-4.044611415531675774e-02	1.312104438611268707e-02	-1.632401869849968434e-01	1.495314469309562966e-01	-1.431633239883120523e-01	1.160342827559287249e-01	-8.033090768559522643e-02	2.285341615540497084e-01	-2.966108720231999674e-01	1.585939286938771176e-01	-1.257546191250371870e-01	9.580482705352420802e-02	-7.771241424538377629e-01	1.000000000000000444e+00	-3.088920360195278048e-01	1.381853938445205821e-01	-1.207994397982329465e-01	1.933044560424929947e-01	-2.278509742203534694e-01	1.953716472977777008e-01	-1.351176033711570246e-01	9.133333378537046576e-02	-9.893323584663463177e-02	1.539180752040348044e-01	-1.294853377599736177e-01	6.174029173704018159e-02	-5.234377509542268575e-02	1.058219487262847536e-01	-9.070246044488032566e-02	1.079491375766361005e-01	-5.616190750350107119e-02	4.731318580799134810e-02
1.194609325447216486e-01	-7.240803580203178380e-02	9.862999562761901040e-02	-3.467991232215686392e-02	1.437676320252404341e-02	-8.305229876357636543e-02	7.952079102819481493e-02	-1.236653518217782355e-01	4.002168182801640883e-02	-1.360320278015995921e-02	1.002064179968146923e-01	-1.009727103154437894e-01	1.453946967592123218e-01	-1.420095434992830474e-01	1.019530908279086406e-01	-1.118472595545089293e-01	1.296239760678429276e-01	-2.095197556687863061e-01	1.573826907091440686e-01	-1.289404144408293484e-01	2.185008132211544440e-01	-3.088920360195278048e-01	1.000000000000001332e+00	-4.612840657607834571e-01	2.299053390122985374e-01	-1.973235712155443355e-01	1.756912656742618817e-01	-5.501204022417069961e-01	2.450731564409379115e-01	-1.916547551266592486e-01	1.266051584042257871e-01	-2.885864456574258607e-01	2.355138921501696847e-01	-1.081295128843398068e-01	8.451148962486780547e-02	-1.475500165566680233e-01	1.479014866582918641e-01	-1.909904731346185325e-01	9.361883728544714844e-02	-7.866235216836234279e-02
-8.128383133036594377e-02	4.890866339469755741e-02	-6.756754473106103831e-02	2.435983146366830707e-02	-1.050225264976203596e-02	5.487970528417381033e-02	-5.372730649095044941e-02	8.214967199142353405e-02	-2.817069527838564694e-02	9.963445158197805143e-03	-6.489514226498357963e-02	6.476376368619563006e-02	-1.023319389033791882e-01	1.217763381881139945e-01	-1.036585184038701923e-01	6.732740258460423455e-02	-7.928738884249664221e-02	1.285525376376889795e-01	-1.639441855722039987e-01	1.289762686386992929e-01	-1.230748696805830655e-01	1.381853938445205821e-01	-4.612840657607834571e-01	1.000000000000001332e+00	-5.948574122679373133e-01	9.678586434506973590e-02	-8.759840461313703197e-02	2.158498658585197016e-01	-5.122532755497760659e-01	3.008022102617207705e-01	-6.696276328709523107e-02	1.397134871157717506e-01	-1.211154377024399181e-01	7.250624839783387232e-02	-5.931452228852620440e-02	7.665790992277349281e-02	-7.843301620727213819e-02	9.866845285594459669e-02	-6.266078051994636300e-02	5.209622828767349056e-02
7.295443675837179343e-02	-4.426576860423635240e-02	6.071642275790298943e-02	-2.219599076471435312e-02	9.786452186424659735e-03	-5.007024991866737551e-02	4.847427174484178480e-02	-7.509189702655999499e-02	2.560764037716144886e-02	-9.308637096193780186e-03	5.668245936042310557e-02	-5.721771713347037491e-02	8.852974371728419833e-02	-1.144034357505783195e-01	1.092695834923981674e-01	-5.859355758476367942e-02	6.784260046131723731e-02	-1.089966402596761752e-01	1.285304043600302704e-01	-1.585896023405945765e-01	1.030876167612853334e-01	-1.207994397982329465e-01	2.299053390122985374e-01	-5.948574122679373133e-01	1.000000000000001332e+00	-9.241859144328014308e-02	8.058333930434452563e-02	-1.987355378422759333e-01	3.274896725208309434e-01	-6.375364722636376325e-01	6.392230609050808532e-02	-1.362692064678565629e-01	1.083448338486732027e-01	-6.695226905438544929e-02	5.617646068257706182e-02	-7.524462077012272765e-02	7.498954098920544709e-02	-9.747475476804516592e-02	5.699170439922221498e-02	-5.086285840967624816e-02
-7.471985767231535680e-02	4.300514737370146612e-02	-5.997452052501855979e-02	1.998617119839841624e-02	-8.157211038452160876e-03	4.733671523993069480e-02	-4.551841698751665777e-02	6.512014551068587287e-02	-2.333084009935289249e-02	7.645850210468844652e-03	-6.504274694937964285e-02	6.057809326900925190e-02	-7.294229075371116977e-02	6.368821987134133666e-02	-4.755470217658609722e-02	7.818419002590237810e-02	-9.161181634934646711e-02	8.020433401574178500e-02	-7.023644371576445722e-02	5.597906945252798666e-02	-2.183264796334039859e-01	1.933044560424929947e-01	-1.973235712155443355e-01	9.678586434506973590e-02	-9.241859144328014308e-02	1.000000000000000222e+00	-8.783486206123699569e-01	1.954707044892393386e-01	-1.112680377087786332e-01	6.960670690225020940e-02	-1.843915341795618335e-01	1.835289076288334209e-01	-1.633877378910736367e-01	6.316141505972981685e-02	-5.359952399101735460e-02	1.492673961225129964e-01	-1.068144904640153658e-01	1.053020441416067654e-01	-5.911274480787907792e-02	4.592492089772427094e-02
6.324546937087850706e-02	-3.671684746219674306e-02	5.094373589167661837e-02	-1.709720202842400158e-02	6.985939774995990163e-03	-4.080224363651913100e-02	3.910510560316134837e-02	-5.670020570669916798e-02	1.991889437777885283e-02	-6.556906655410467584e-03	5.631648141517486827e-02	-5.325570926712371034e-02	6.336704319329508617e-02	-5.607957509535647228e-02	4.149159663479762283e-02	-6.922908920708667480e-02	8.058940919158896765e-02	-7.106353373445804811e-02	6.134877423329209573e-02	-4.931393056465122743e-02	1.821066232860144574e-01	-2.278509742203534694e-01	1.756912656742618817e-01	-8.759840461313703197e-02	8.058333930434452563e-02	-8.783486206123699569e-01	1.000000000000001110e+00	-2.425549052079712109e-01	9.733941924510097765e-02	-6.224790263354505748e-02	1.418962513660792790e-01	-2.255140514678904695e-01	1.645209083047350362e-01	-6.121449457009369571e-02	4.999484298626042517e-02	-1.428369310964403005e-01	1.030524312410730364e-01	-1.061226023558411447e-01	5.608070466834580436e-02	-4.347417533868006695e-02
-1.128283609007027510e-01	6.502241525310094306e-02	-9.112958790048840407e-02	3.065487176219220886e-02	-1.266165247145351405e-02	7.087997881359466013e-02	-6.894708154444327552e-02	9.928876885192783330e-02	-3.578420967269858866e-02	1.188453080266625370e-02	-8.562654258881108316e-02	8.160405740824439036e-02	-1.160560866695154181e-01	1.053312413493053684e-01	-8.198695478942696901e-02	9.207926662099497062e-02	-1.085572461862969879e-01	1.330818501600440906e-01	-1.208744379221190351e-01	9.683087441614077195e-02	-2.086763621735937269e-01	1.953716472977777008e-01	-5.501204022417069961e-01	2.158498658585197016e-01	-1.987355378422759333e-01	1.954707044892393386e-01	-2.425549052079712109e-01	1.000000000000001776e+00	-2.570061298802898131e-01	1.512159797560410912e-01	-1.376945830836206752e-01	2.927085956942966360e-01	-5.443974344466379067e-01	1.307942671613740726e-01	-1.044998503353829072e-01	1.346489661535491267e-01	-1.677869550188278436e-01	1.746820210192313039e-01	-1.182213981457817809e-01	8.674597849271747929e-02
7.688886404225936388e-02	-4.656841471743163735e-02	6.355213505280607467e-02	-2.285497942258118975e-02	9.740496912273938213e-03	-5.298237323581830860e-02	5.070590317184022616e-02	-7.870665327691965529e-02	2.635057413905507115e-02	-9.243456921648718003e-03	5.967231165064598719e-02	-6.014509840325064222e-02	8.904250453598966386e-02	-1.080402590576681338e-01	8.657512002075104518e-02	-6.305080851038551149e-02	7.256274338716205141e-02	-1.100736421649075730e-01	1.184373148937524767e-01	-1.137569948098088729e-01	1.160595683019175900e-01	-1.351176033711570246e-01	2.450731564409379115e-01	-5.122532755497760659e-01	3.274896725208309434e-01	-1.112680377087786332e-01	9.733941924510097765e-02	-2.570061298802898131e-01	1.000000000000001554e+00	-6.727159518096901270e-01	7.754146092274782909e-02	-1.683060229294602583e-01	1.367471457379660915e-01	-1.035628843302534297e-01	7.790081600327034006e-02	-9.105563545407266424e-02	9.314857748894216083e-02	-1.207980243473534554e-01	8.211151012317026432e-02	-6.943285293617502962e-02
-5.818596352309924474e-02	3.486790243913980014e-02	-4.815705228040420560e-02	1.730152116667801540e-02	-7.595541520113316923e-03	3.901425280212627439e-02	-3.794410340755242916e-02	5.771375230107986254e-02	-2.002373245085879022e-02	7.206479446743054018e-03	-4.451574775504532622e-02	4.433601928245372442e-02	-6.868791510199037664e-02	8.301268592761433529e-02	-8.154431830733623043e-02	4.564499267411711858e-02	-5.323630583843248776e-02	8.168453612077072878e-02	-9.650109078671212370e-02	1.012209326841434914e-01	-8.301772184008138211e-02	9.133333378537046576e-02	-1.916547551266592486e-01	3.008022102617207705e-01	-6.375364722636376325e-01	6.960670690225020940e-02	-6.224790263354505748e-02	1.512159797560410912e-01	-6.727159518096901270e-01	1.000000000000001554e+00	-4.948523627252543466e-02	1.030698618658000970e-01	-8.817369090079574256e-02	6.709432450076405208e-02	-5.934295891708238346e-02	5.691307395583959650e-02	-5.927364699289312117e-02	7.484786400549153784e-02	-5.676368683167774820e-02	4.971733575759987311e-02
5.333848003602599530e-02	-3.061492723797242313e-02	4.265496423787719371e-02	-1.421759572112010934e-02	5.825580054414551331e-03	-3.347479677057443870e-02	3.195494085293024839e-02	-4.597962883240944154e-02	1.658696755453101246e-02	-5.461888303041360915e-03	3.930825512081696088e-02	-3.737851967045967977e-02	4.850293198065815103e-02	-4.424011180816020405e-02	3.312740165477261189e-02	-4.386662605872944376e-02	5.070287345384322936e-02	-5.359308693855991540e-02	4.773233593320152374e-02	-3.930211770500845886e-02	1.051702094114898706e-01	-9.893323584663463177e-02	1.266051584042257871e-01	-6.696276328709523107e-02	6.392230609050808532e-02	-1.843915341795618335e-01	1.418962513660792790e-01	-1.376945830836206752e-01	7.754146092274782909e-02	-4.948523627252543466e-02	1.000000000000002665e+00	-2.136718943796177272e-01	1.359305643445752609e-01	-6.169766277588248360e-02	5.087619469977595205e-02	-9.187082806239685873e-01	1.457225166259587534e-01	-1.495582142007844118e-01	5.829771949902828876e-02	-4.646446930701728095e-02
-9.351598562860098662e-02	5.337637131997591267e-02	-7.494524949360813204e-02	2.495603684707778727e-02	-1.026781066295293782e-02	5.774792222718630463e-02	-5.584627725928900666e-02	7.943408306045200706e-02	-2.917403493377817431e-02	9.621648147938982251e-03	-6.813279786649205361e-02	6.446558615640624046e-02	-8.855503222401711616e-02	8.008182058137022774e-02	-6.204266065689051368e-02	7.360425442593858392e-02	-8.619975783106689771e-02	9.807538173649919810e-02	-8.978299211640054789e-02	7.274320407998123572e-02	-1.723519341422562745e-01	1.539180752040348044e-01	-2.885864456574258607e-01	1.397134871157717506e-01	-1.362692064678565629e-01	1.835289076288334209e-01	-2.255140514678904695e-01	2.927085956942966360e-01	-1.683060229294602583e-01	1.030698618658000970e-01	-2.136718943796177272e-01	1.000000000000002442e+00	-6.748074228872877889e-01	1.500757590272144559e-01	-1.202087869448382751e-01	1.784578472282076500e-01	-3.671082032378092386e-01	2.543829826488810397e-01	-1.429300989613495887e-01	9.825503292231212160e-02
7.039829002740854991e-02	-4.074973659293761041e-02	5.673736420769924516e-02	-1.912283678892846839e-02	7.883430500706516478e-03	-4.477282977458751922e-02	4.304346314504248205e-02	-6.262376156629692603e-02	2.228161781798100941e-02	-7.404352179273674360e-03	5.285862006357819332e-02	-5.073669712169131402e-02	6.940647280828217414e-02	-6.461682874836298385e-02	4.922300026342180806e-02	-5.781157478349088080e-02	6.726503182048848561e-02	-7.957116902510301404e-02	7.139190929774051619e-02	-5.885822865078537552e-02	1.307519536222919165e-01	-1.294853377599736177e-01	2.355138921501696847e-01	-1.211154377024399181e-01	1.083448338486732027e-01	-1.633877378910736367e-01	1.645209083047350362e-01	-5.443974344466379067e-01	1.367471457379660915e-01	-8.817369090079574256e-02	1.359305643445752609e-01	-6.748074228872877889e-01	1.000000000000002442e+00	-2.011702089649515801e-01	1.190588175829439960e-01	-1.412072610275472428e-01	2.076215955870596985e-01	-2.429750323668618261e-01	1.451851365511755976e-01	-1.011765071253964005e-01
-3.780062097666972432e-02	2.186115660449839890e-02	-3.043180285110115221e-02	1.028094839532294261e-02	-4.254209846012086023e-03	2.397153662805578955e-02	-2.299844013428356537e-02	3.347852510454488867e-02	-1.197605669354985351e-02	3.997385170768701264e-03	-2.736623872371492586e-02	2.634802472000352669e-02	-3.644463042702189570e-02	3.529225614961861018e-02	-2.735760838492155150e-02	2.937865317510403307e-02	-3.409864206502302014e-02	4.129526979425635763e-02	-3.868241358276289926e-02	3.300321148366321122e-02	-6.455940105018424802e-02	6.174029173704018159e-02	-1.081295128843398068e-01	7.250624839783387232e-02	-6.695226905438544929e-02	6.316141505972981685e-02	-6.121449457009369571e-02	1.307942671613740726e-01	-1.035628843302534297e-01	6.709432450076405208e-02	-6.169766277588248360e-02	1.500757590272144559e-01	-2.011702089649515801e-01	1.000000000000002665e+00	-5.117562940059824372e-01	6.391150595085691444e-02	-1.274691081282338934e-01	1.430982001212612043e-01	-7.454661412949645793e-01	3.120997020683587975e-01
3.166111800604327203e-02	-1.838605974568245302e-02	2.550495520824776208e-02	-8.644461921604340571e-03	3.578346775600561684e-03	-2.026271279970111999e-02	1.935563383916212923e-02	-2.838535963548314764e-02	1.005776987455978856e-02	-3.364621897752557989e-03	2.287317997844662623e-02	-2.213865503369111601e-02	3.039447419106151155e-02	-2.986906068396402020e-02	2.300729981608544070e-02	-2.462278524362488535e-02	2.844463450775383193e-02	-3.456715604431559452e-02	3.228892988282716647e-02	-2.796250797629830712e-02	5.338890654633735022e-02	-5.234377509542268575e-02	8.451148962486780547e-02	-5.931452228852620440e-02	5.617646068257706182e-02	-5.359952399101735460e-02	4.999484298626042517e-02	-1.044998503353829072e-01	7.790081600327034006e-02	-5.934295891708238346e-02	5.087619469977595205e-02	-1.202087869448382751e-01	1.190588175829439960e-01	-5.117562940059824372e-01	1.000000000000002665e+00	-5.503022558295573435e-02	9.244575101913475590e-02	-1.141924546244323657e-01	3.158328940321012412e-01	-7.788607533907790925e-01
-6.448286704252303991e-02	3.661908859547062522e-02	-5.135667036180499578e-02	1.697805034348657052e-02	-6.949096694197032416e-03	3.954518916003359197e-02	-3.793312643400578721e-02	5.367150097819752691e-02	-1.985560580323150054e-02	6.504692354205194108e-03	-4.604202074249529736e-02	4.335846358215098006e-02	-5.691183918989017182e-02	5.110825078628843110e-02	-3.869008076468510166e-02	5.057181359471193266e-02	-5.876495975918035602e-02	6.186524157130718349e-02	-5.572837601209254532e-02	4.542582273230570677e-02	-1.233134837151485946e-01	1.058219487262847536e-01	-1.475500165566680233e-01	7.665790992277349281e-02	-7.524462077012272765e-02	1.492673961225129964e-01	-1.428369310964403005e-01	1.346489661535491267e-01	-9.105563545407266424e-02	5.691307395583959650e-02	-9.187082806239685873e-01	1.784578472282076500e-01	-1.412072610275472428e-01	6.391150595085691444e-02	-5.503022558295573435e-02	1.000000000000002887e+00	-1.699599573566369926e-01	1.436212939979159831e-01	-6.190327904748580551e-02	4.857643641312267557e-02
5.547283402490291865e-02	-3.176797853248592568e-02	4.441558629121770962e-02	-1.482166485955887375e-02	6.094627564069204570e-03	-3.454173986056403856e-02	3.316333116807625159e-02	-4.754878067801268648e-02	1.730408056219103624e-02	-5.714370157504181438e-03	3.970939210094607402e-02	-3.781883704802362078e-02	5.126915048306377592e-02	-4.727808240681051488e-02	3.612095453350473717e-02	-4.295619248001886215e-02	4.991209537776398336e-02	-5.696743620349194875e-02	5.181208826805916434e-02	-4.277801110027222575e-02	9.864995473158622019e-02	-9.070246044488032566e-02	1.479014866582918641e-01	-7.843301620727213819e-02	7.498954098920544709e-02	-1.068144904640153658e-01	1.030524312410730364e-01	-1.677869550188278436e-01	9.314857748894216083e-02	-5.927364699289312117e-02	1.457225166259587534e-01	-3.671082032378092386e-01	2.076215955870596985e-01	-1.274691081282338934e-01	9.244575101913475590e-02	-1.699599573566369926e-01	1.000000000000002665e+00	-8.516594909558352633e-01	1.296072964391566940e-01	-9.701294462783971451e-02
-7.295608834496682127e-02	4.142137672111578794e-02	-5.822654314812157617e-02	1.929895515876522624e-02	-7.930450045823976904e-03	4.457995927632023986e-02	-4.297972182497439286e-02	6.078068129702013378e-02	-2.257642190577280328e-02	7.425758505337528952e-03	-5.078888581376427014e-02	4.801904502382443873e-02	-6.587190390304051291e-02	5.988239965471825466e-02	-4.628574358605984373e-02	5.412401381429808589e-02	-6.314540617662418864e-02	7.211584586219019211e-02	-6.634995283241666708e-02	5.423225587296295197e-02	-1.250489218818544024e-01	1.079491375766361005e-01	-1.909904731346185325e-01	9.866845285594459669e-02	-9.747475476804516592e-02	1.053020441416067654e-01	-1.061226023558411447e-01	1.746820210192313039e-01	-1.207980243473534554e-01	7.484786400549153784e-02	-1.495582142007844118e-01	2.543829826488810397e-01	-2.429750323668618261e-01	1.430982001212612043e-01	-1.141924546244323657e-01	1.436212939979159831e-01	-8.516594909558352633e-01	1.000000000000002887e+00	-1.787766547153462338e-01	1.102756258453412158e-01
3.396264653310687720e-02	-1.966216787349530509e-02	2.733443225759998180e-02	-9.236316303180558407e-03	3.818564183431773663e-03	-2.159832714914879104e-02	2.067741800374541319e-02	-3.016564387120938828e-02	1.075523304030848171e-02	-3.588370131187170950e-03	2.457001100686360268e-02	-2.368950649888333301e-02	3.254336930661760191e-02	-3.154682463184004665e-02	2.426108362969640886e-02	-2.646360590811102156e-02	3.064547722783597314e-02	-3.689854288698344448e-02	3.431610309001539849e-02	-2.934112014536167587e-02	5.813986655613111176e-02	-5.616190750350107119e-02	9.361883728544714844e-02	-6.266078051994636300e-02	5.699170439922221498e-02	-5.911274480787907792e-02	5.608070466834580436e-02	-1.182213981457817809e-01	8.211151012317026432e-02	-5.676368683167774820e-02	5.829771949902828876e-02	-1.429300989613495887e-01	1.451851365511755976e-01	-7.454661412949645793e-01	3.158328940321012412e-01	-6.190327904748580551e-02	1.296072964391566940e-01	-1.787766547153462338e-01	1.000000000000003109e+00	-5.245629129954745284e-01
