1.000000000000000000e+00	-4.994970826408374753e-01	2.519604909272143978e-01	-1.520355979290974324e-01	1.488274664600311992e-01	-5.984232330785813625e-01	2.821006111389459670e-01	-2.431049599007192863e-01	1.712066773426015875e-01	-1.543832939941478244e-01	2.817791660910251572e-01	-2.687850584890946193e-01	1.961768365484210519e-01	-1.889253555772833770e-01	1.896450389297075489e-01	-2.473472644105576823e-01	1.627709863119048694e-01	-1.697480887050204224e-01	1.649566700148796805e-01	-2.009769908019659601e-01	1.398453174336045934e-01	-1.497775728993104571e-01	1.489150603671792472e-01	-1.514854471286542492e-01	1.356697272208669536e-01	-1.334214738557249202e-01	1.296728444552742165e-01	-1.705637846135387437e-01	1.393027999056129784e-01	-9.706362828697082112e-02	1.029866614447832035e-01	-1.428135821958344265e-01	1.105695248422976229e-01	-1.149395083729259359e-01	1.064202287386580015e-01	-1.036576045498841664e-01	1.160402939905839509e-01	-1.370702345827454482e-01	1.219513611453133389e-01	-1.767780012959941915e-01
-4.994970826408374753e-01	1.000000000000000222e+00	-5.500910687209418226e-01	1.722590230349813067e-01	-1.833535247972845339e-01	2.607768915556605838e-01	-4.745700144288663713e-01	2.641408734516353940e-01	-1.791779679986072182e-01	1.458088959471192936e-01	-2.455930005752520739e-01	2.463268192027394665e-01	-2.022441025746928300e-01	1.711096486756238100e-01	-1.842554841427318790e-01	1.760882131650034765e-01	-1.296731675435871256e-01	1.340640394905275312e-01	-1.404939422635248236e-01	1.524474970401669127e-01	-1.072760277073272484e-01	1.128186673034623499e-01	-1.187841325994995340e-01	1.205042460088286416e-01	-1.072502450279019248e-01	9.796222436838203373e-02	-9.767364560290091313e-02	1.257920829140143915e-01	-1.088210435095719325e-01	7.436542972241375060e-02	-7.754067466051049740e-02	1.045658734905498960e-01	-8.250044518205516819e-02	8.677790428600080930e-02	-8.197523071705963005e-02	7.594171320630725697e-02	-8.729652686922366456e-02	1.001594539545663520e-01	-9.216657791719795600e-02	1.283244086615951129e-01
2.519604909272143978e-01	-5.500910687209418226e-01	1.000000000000000444e+00	-3.314949925469373726e-01	2.341804279457552207e-01	-2.032638124086985909e-01	2.495678461659903424e-01	-5.389305346225634619e-01	2.198946339005920791e-01	-1.916273261477137724e-01	1.838584412600137719e-01	-2.071807277583800067e-01	2.321221619990409268e-01	-2.155154786644329079e-01	2.012143052247378217e-01	-1.930206530889642669e-01	1.370433543400029486e-01	-1.548019179164761838e-01	1.589536911724351298e-01	-1.823397689413534806e-01	1.172946522151465804e-01	-1.265324513661019445e-01	1.329526766483447309e-01	-1.403861973539212160e-01	1.223513406166340245e-01	-1.117587355542399991e-01	1.106278699993453324e-01	-1.459700988645489528e-01	1.233177215414411609e-01	-8.589010387393812562e-02	8.700077835580423413e-02	-1.210690888261986842e-01	9.466348674824974496e-02	-1.000395934047238061e-01	9.378626996175939978e-02	-8.716162853404321731e-02	9.861155024086512566e-02	-1.163614962593280122e-01	1.055259537468582060e-01	-1.514919781567198032e-01
-1.520355979290974324e-01	1.722590230349813067e-01	-3.314949925469373726e-01	1.000000000000000444e+00	-8.720341326480552935e-01	1.111334528263762250e-01	-1.302220724328259083e-01	1.841181431105294031e-01	-1.678796645544385346e-01	1.613066565718206946e-01	-1.090038909413161006e-01	1.087160790022846102e-01	-1.340096305058428583e-01	1.293462792000613371e-01	-1.709180965521643336e-01	1.176640362856259114e-01	-8.512984082052722778e-02	9.408183459494094680e-02	-1.057051129199011452e-01	1.224023003960851425e-01	-7.499545620296418913e-02	7.964379840170002223e-02	-8.432473049521374553e-02	9.111381098224922981e-02	-8.268100850061542439e-02	7.140825539659888255e-02	-7.087627748038079212e-02	9.257619020093912909e-02	-8.213904103606044227e-02	5.725627874541980300e-02	-5.640524155193418071e-02	7.804137650530727777e-02	-6.164184491053048554e-02	6.585733624105777340e-02	-6.287235814262373546e-02	5.626626370034525787e-02	-6.434917645174631495e-02	7.559839469807333456e-02	-6.990001348492866362e-02	9.982867021370972482e-02
1.488274664600311992e-01	-1.833535247972845339e-01	2.341804279457552207e-01	-8.720341326480552935e-01	1.000000000000000222e+00	-1.211822559627956236e-01	1.320952002268324932e-01	-2.004439697689624766e-01	1.696215666920441734e-01	-2.075395555308529316e-01	1.148356744111626720e-01	-1.184373618727983662e-01	1.407669293437847635e-01	-1.460957885515964672e-01	1.776270016543868291e-01	-1.422533719505865435e-01	9.922143991563986409e-02	-1.108047288194346919e-01	1.197516566906281499e-01	-1.496698645800673133e-01	8.882792445672864357e-02	-9.547414867806176819e-02	9.847094344362038176e-02	-1.074118263150441732e-01	9.730635330470367717e-02	-8.677972209277980131e-02	8.513385359268979546e-02	-1.126757944135459155e-01	9.692259664133792696e-02	-6.861576831654536690e-02	6.761525646787645838e-02	-9.532878550834444908e-02	7.453065271957248772e-02	-7.931584269139080323e-02	7.491509146258885921e-02	-6.857287750392994374e-02	7.726892572406510173e-02	-9.254507717635937492e-02	8.401973819937987031e-02	-1.234043021743806146e-01
-5.984232330785813625e-01	2.607768915556605838e-01	-2.032638124086985909e-01	1.111334528263762250e-01	-1.211822559627956236e-01	1.000000000000000444e+00	-3.759568909169865303e-01	1.858196874368831242e-01	-1.422881736527213392e-01	1.193168215817794614e-01	-5.848521800018033900e-01	2.833309770513161574e-01	-1.742792830287582251e-01	1.499352950335132717e-01	-1.598404463948915333e-01	1.964757694392207654e-01	-1.404379954351720194e-01	1.314010743934017067e-01	-1.309914017154888422e-01	1.410882894431783607e-01	-1.127466091512779045e-01	1.150553208990258286e-01	-1.178909100120349718e-01	1.137891658843973308e-01	-1.019172100473046405e-01	9.812924942190090483e-02	-9.759679142030781851e-02	1.231983528764655500e-01	-1.051284703428257555e-01	7.087593426030970589e-02	-7.825594771507740632e-02	1.022899738404528802e-01	-8.073224237319850949e-02	8.367297728561641501e-02	-7.856833569013282892e-02	7.513866402400071198e-02	-8.694990023516188660e-02	9.730862788515279305e-02	-8.933432274033084597e-02	1.218998871849080734e-01
2.821006111389459670e-01	-4.745700144288663713e-01	2.495678461659903424e-01	-1.302220724328259083e-01	1.320952002268324932e-01	-3.759568909169865303e-01	1.000000000000000000e+00	-2.975247998981654929e-01	1.680318423497581259e-01	-1.402549795515578568e-01	2.970726908218818685e-01	-6.151649745908192024e-01	2.187373170233941622e-01	-1.890136994925740721e-01	1.686426679399261330e-01	-2.022936654281639324e-01	1.469269249198295602e-01	-1.487328177469882384e-01	1.431403691720632698e-01	-1.553622455625106036e-01	1.146347895345904422e-01	-1.234367342381158111e-01	1.265168537200151433e-01	-1.256176472063545435e-01	1.086180859293587736e-01	-1.039928526052595753e-01	1.034913162873333931e-01	-1.339218659355087548e-01	1.112299737996742671e-01	-7.593025421276645981e-02	8.120534857295295950e-02	-1.096831393515667330e-01	8.584681398714789913e-02	-8.944009354042470328e-02	8.337542703198583260e-02	-7.958089707370487320e-02	9.076761433394693601e-02	-1.041737874245949880e-01	9.451771596596431069e-02	-1.316459772838222686e-01
-2.431049599007192863e-01	2.641408734516353940e-01	-5.389305346225634619e-01	1.841181431105294031e-01	-2.004439697689624766e-01	1.858196874368831242e-01	-2.975247998981654929e-01	1.000000000000000444e+00	-4.179903603897912046e-01	2.290923589048800557e-01	-1.973317462298559144e-01	2.151915630775712296e-01	-4.638363678387277811e-01	2.779476275014485243e-01	-2.630619670344596095e-01	1.843782982879068610e-01	-1.464462940605431307e-01	1.702069456064385367e-01	-1.898505454140893001e-01	1.836934963778762975e-01	-1.196930180749060518e-01	1.275430513275062350e-01	-1.473431504368069578e-01	1.515926066384767068e-01	-1.296281287311162878e-01	1.092820345945369059e-01	-1.116552136586361627e-01	1.442153726103435063e-01	-1.293090815589283959e-01	8.796487768948439701e-02	-8.702573347019715300e-02	1.181918512854515380e-01	-9.429091071313924766e-02	1.009959690436647572e-01	-9.647560421211645587e-02	8.491416666178014383e-02	-9.860238791944632430e-02	1.132477122568051886e-01	-1.063532812315114984e-01	1.463614193014684262e-01
1.712066773426015875e-01	-1.791779679986072182e-01	2.198946339005920791e-01	-1.678796645544385346e-01	1.696215666920441734e-01	-1.422881736527213392e-01	1.680318423497581259e-01	-4.179903603897912046e-01	9.999999999999994449e-01	-6.262390101387775854e-01	1.458013605885945252e-01	-1.586721678715730388e-01	2.622714902368471490e-01	-4.210763404247422903e-01	3.047793191701198001e-01	-1.793291969160533961e-01	1.331390565920788360e-01	-1.586898772009733838e-01	1.973682239423917295e-01	-2.159008381891945050e-01	1.158962043029037187e-01	-1.254301619538200907e-01	1.380017568733377109e-01	-1.649296735269685787e-01	1.374130784954910867e-01	-1.110410165185664322e-01	1.115582735308789791e-01	-1.475251530143115164e-01	1.333421108830022406e-01	-9.412851793567429681e-02	8.722526856965062692e-02	-1.227345821126419323e-01	9.732173755749967681e-02	-1.063306636104881520e-01	1.016361592578192280e-01	-8.734215081952148574e-02	9.993038304192339294e-02	-1.188945243566112558e-01	1.109055293211705373e-01	-1.597446314632110786e-01
-1.543832939941478244e-01	1.458088959471192936e-01	-1.916273261477137724e-01	1.613066565718206946e-01	-2.075395555308529316e-01	1.193168215817794614e-01	-1.402549795515578568e-01	2.290923589048800557e-01	-6.262390101387775854e-01	1.000000000000000222e+00	-1.252344806465933991e-01	1.259285705809246314e-01	-1.995495054489248854e-01	2.307560909040854702e-01	-6.243973661997419544e-01	1.489382134087930132e-01	-1.115597769263025757e-01	1.277877490222074919e-01	-1.677521985273149607e-01	1.903313688547108862e-01	-9.873838508239925205e-02	1.051331582065988535e-01	-1.155563852215648196e-01	1.347417442921119979e-01	-1.233440416107823151e-01	9.402813814095270506e-02	-9.453597068434192729e-02	1.234921385200502542e-01	-1.164265599342212409e-01	8.225124786258322662e-02	-7.476250719676789946e-02	1.041761423047680296e-01	-8.334980778623396480e-02	9.146148533084527688e-02	-8.983074253952465227e-02	7.442706766624103409e-02	-8.596811120658767735e-02	1.014736353528608581e-01	-9.640305749003774682e-02	1.370015784110721335e-01
2.817791660910251572e-01	-2.455930005752520739e-01	1.838584412600137719e-01	-1.090038909413161006e-01	1.148356744111626720e-01	-5.848521800018033900e-01	2.970726908218818685e-01	-1.973317462298559144e-01	1.458013605885945252e-01	-1.252344806465933991e-01	9.999999999999985567e-01	-5.733031101778240934e-01	1.957995774900860020e-01	-1.740717325215689892e-01	1.611895566972090243e-01	-3.015359073635645037e-01	1.751480178917510511e-01	-1.595312208733666859e-01	1.434110223674873452e-01	-1.556366093599632350e-01	1.330527577376847681e-01	-1.391638740208379077e-01	1.365596124360053121e-01	-1.279568870893228183e-01	1.114060427488237914e-01	-1.150249925615945829e-01	1.131468775402867250e-01	-1.439109247137108638e-01	1.160750841698784952e-01	-7.827406591649994916e-02	8.939842414613999311e-02	-1.174154036275562585e-01	9.149550989204548179e-02	-9.353234909785022866e-02	8.635115293632640576e-02	-8.624291899038022402e-02	9.831291715177108148e-02	-1.104733103523862503e-01	9.921358587239788307e-02	-1.358188671893021671e-01
-2.687850584890946193e-01	2.463268192027394665e-01	-2.071807277583800067e-01	1.087160790022846102e-01	-1.184373618727983662e-01	2.833309770513161574e-01	-6.151649745908192024e-01	2.151915630775712296e-01	-1.586721678715730388e-01	1.259285705809246314e-01	-5.733031101778240934e-01	1.000000000000000000e+00	-2.873187970847444483e-01	1.861073850358139214e-01	-1.647654835743772306e-01	2.034532919737946921e-01	-1.729888675271843423e-01	1.505124900643751984e-01	-1.430552739120903305e-01	1.417921805700614046e-01	-1.165089857056015449e-01	1.232259558140876426e-01	-1.288797527146794408e-01	1.202836462477020057e-01	-1.035611780471933363e-01	9.932679340757703812e-02	-1.007982961095669067e-01	1.267539850784424327e-01	-1.067902410697322835e-01	7.136722068681523867e-02	-7.878516925796691384e-02	1.028751741371029260e-01	-8.129283182944209429e-02	8.418395774508723173e-02	-7.882135024763825548e-02	7.508851398218083228e-02	-8.714006516816855119e-02	9.694277075178442393e-02	-8.922461638158316055e-02	1.200669349808019676e-01
1.961768365484210519e-01	-2.022441025746928300e-01	2.321221619990409268e-01	-1.340096305058428583e-01	1.407669293437847635e-01	-1.742792830287582251e-01	2.187373170233941622e-01	-4.638363678387277811e-01	2.622714902368471490e-01	-1.995495054489248854e-01	1.957995774900860020e-01	-2.873187970847444483e-01	1.000000000000001554e+00	-6.303628790197616238e-01	2.253210344564421097e-01	-2.167989614405123333e-01	1.795021117560044455e-01	-2.831255932833298128e-01	2.354041497245331627e-01	-2.062556213971707963e-01	1.379771745411251527e-01	-1.537049027863004735e-01	1.888448909875889148e-01	-1.938443167086607299e-01	1.457096981840940719e-01	-1.253701814506702761e-01	1.307744766808555670e-01	-1.735359337426025939e-01	1.469850340251905030e-01	-9.930896484428629323e-02	9.843237555004585859e-02	-1.353194259959969448e-01	1.073567317194637910e-01	-1.149560984670351532e-01	1.074247750295772852e-01	-9.587043149348907500e-02	1.109415219964667021e-01	-1.277278033876660113e-01	1.187525874360707279e-01	-1.618820742298360815e-01
-1.889253555772833770e-01	1.711096486756238100e-01	-2.155154786644329079e-01	1.293462792000613371e-01	-1.460957885515964672e-01	1.499352950335132717e-01	-1.890136994925740721e-01	2.779476275014485243e-01	-4.210763404247422903e-01	2.307560909040854702e-01	-1.740717325215689892e-01	1.861073850358139214e-01	-6.303628790197616238e-01	1.000000000000000888e+00	-2.971919907673870598e-01	1.870939981844980671e-01	-1.590004805985380243e-01	1.992696165882883452e-01	-3.941749694813163618e-01	2.176699015342176136e-01	-1.294333827040589080e-01	1.386630697113107047e-01	-1.754373304517668486e-01	2.132809588534005929e-01	-1.610002481758352477e-01	1.168780798017673567e-01	-1.229432549659693202e-01	1.585517287173582035e-01	-1.581369837548012580e-01	1.047976349496286541e-01	-9.426596661798652965e-02	1.286797687526025080e-01	-1.049896323226709172e-01	1.173041754496444294e-01	-1.135608936674958602e-01	9.106709895944041511e-02	-1.077091550182485841e-01	1.237115230527975063e-01	-1.210149913363459673e-01	1.617506732088945243e-01
1.896450389297075489e-01	-1.842554841427318790e-01	2.012143052247378217e-01	-1.709180965521643336e-01	1.776270016543868291e-01	-1.598404463948915333e-01	1.686426679399261330e-01	-2.630619670344596095e-01	3.047793191701198001e-01	-6.243973661997419544e-01	1.611895566972090243e-01	-1.647654835743772306e-01	2.253210344564421097e-01	-2.971919907673870598e-01	1.000000000000000888e+00	-2.375711458390773190e-01	1.665591984782262003e-01	-1.910721398297518248e-01	2.262033403544209675e-01	-3.658001750498041660e-01	1.534529487532943770e-01	-1.660942047926579901e-01	1.721413163845470495e-01	-2.070604680734351166e-01	1.967467909471659893e-01	-1.533033142734647192e-01	1.506355122778217925e-01	-2.009605536141979842e-01	1.811261784669490060e-01	-1.348960581154539651e-01	1.194212651524919067e-01	-1.720485787357328711e-01	1.355060919758019899e-01	-1.485617954882494096e-01	1.449184796078677451e-01	-1.224154900587925143e-01	1.380967826516439900e-01	-1.689485355845895265e-01	1.562778679963819084e-01	-2.363414029981569242e-01
-2.473472644105576823e-01	1.760882131650034765e-01	-1.930206530889642669e-01	1.176640362856259114e-01	-1.422533719505865435e-01	1.964757694392207654e-01	-2.022936654281639324e-01	1.843782982879068610e-01	-1.793291969160533961e-01	1.489382134087930132e-01	-3.015359073635645037e-01	2.034532919737946921e-01	-2.167989614405123333e-01	1.870939981844980671e-01	-2.375711458390773190e-01	1.000000000000001554e+00	-6.094046232717638123e-01	2.751774424384542672e-01	-2.185438114508810314e-01	1.979272011283973176e-01	-3.615087328265071398e-01	2.845873636627915815e-01	-2.694282217539369917e-01	1.873498800945020692e-01	-1.694141920034705207e-01	2.096559330770749463e-01	-2.116771083121619101e-01	2.281512527913348021e-01	-1.871173123764560131e-01	1.154443100492647534e-01	-1.749095661095174115e-01	1.852563923268270296e-01	-1.489736651160228076e-01	1.427845843925889813e-01	-1.315598786003942811e-01	1.454395574600680363e-01	-1.775392556635574659e-01	1.677216089913534658e-01	-1.558354486666737315e-01	1.824746354313560304e-01
1.627709863119048694e-01	-1.296731675435871256e-01	1.370433543400029486e-01	-8.512984082052722778e-02	9.922143991563986409e-02	-1.404379954351720194e-01	1.469269249198295602e-01	-1.464462940605431307e-01	1.331390565920788360e-01	-1.115597769263025757e-01	1.751480178917510511e-01	-1.729888675271843423e-01	1.795021117560044455e-01	-1.590004805985380243e-01	1.665591984782262003e-01	-6.094046232717638123e-01	1.000000000000002665e+00	-4.921509783232071999e-01	1.792292558135345493e-01	-1.633883990642633344e-01	2.584093819214086651e-01	-4.331491686635123295e-01	2.759390750744741272e-01	-1.679629484464634781e-01	1.352624014328563384e-01	-1.882616243856587712e-01	2.042906827892173316e-01	-2.414510663288896020e-01	1.521055727582832362e-01	-9.450861836017368511e-02	1.392295043690284506e-01	-1.722105865443821771e-01	1.303130940302202612e-01	-1.205953671357189866e-01	1.055728173058958219e-01	-1.242771644302418099e-01	1.436058775157414424e-01	-1.461303915361593098e-01	1.269105346527017175e-01	-1.524519284664851426e-01
-1.697480887050204224e-01	1.340640394905275312e-01	-1.548019179164761838e-01	9.408183459494094680e-02	-1.108047288194346919e-01	1.314010743934017067e-01	-1.487328177469882384e-01	1.702069456064385367e-01	-1.586898772009733838e-01	1.277877490222074919e-01	-1.595312208733666859e-01	1.505124900643751984e-01	-2.831255932833298128e-01	1.992696165882883452e-01	-1.910721398297518248e-01	2.751774424384542672e-01	-4.921509783232071999e-01	1.000000000000000666e+00	-2.585919980784783245e-01	1.847423643862716736e-01	-2.184394600034914868e-01	2.555245213741711430e-01	-6.317783823044995639e-01	2.137136348171896350e-01	-1.606155413430028212e-01	1.654402820199620538e-01	-2.051813606138994939e-01	2.538460533118372386e-01	-1.768383109199388459e-01	1.072386485174445930e-01	-1.335118746338490592e-01	1.674337231662226533e-01	-1.361852546758498261e-01	1.312501059695463657e-01	-1.190798451707145988e-01	1.182094701445065288e-01	-1.440225051661797318e-01	1.476308062324117043e-01	-1.376076866232460727e-01	1.629787800935145747e-01
1.649566700148796805e-01	-1.404939422635248236e-01	1.589536911724351298e-01	-1.057051129199011452e-01	1.197516566906281499e-01	-1.309914017154888422e-01	1.431403691720632698e-01	-1.898505454140893001e-01	1.973682239423917295e-01	-1.677521985273149607e-01	1.434110223674873452e-01	-1.430552739120903305e-01	2.354041497245331627e-01	-3.941749694813163618e-01	2.262033403544209675e-01	-2.185438114508810314e-01	1.792292558135345493e-01	-2.585919980784783245e-01	1.000000000000000888e+00	-4.065086328307094266e-01	1.570344304972662863e-01	-1.747862892592108586e-01	2.247131761764670499e-01	-6.237226901081085462e-01	2.624953100639631498e-01	-1.478936746230180010e-01	1.579302192903082880e-01	-2.129045533618404984e-01	2.455331442366159578e-01	-1.692868724539717262e-01	1.188044748135673456e-01	-1.729157109612215748e-01	1.439035028147632733e-01	-1.816368030809240308e-01	1.707930106876809073e-01	-1.169601823943820784e-01	1.394078783642997699e-01	-1.690146454805571685e-01	1.716277985114470217e-01	-2.358720163917081003e-01
-2.009769908019659601e-01	1.524474970401669127e-01	-1.823397689413534806e-01	1.224023003960851425e-01	-1.496698645800673133e-01	1.410882894431783607e-01	-1.553622455625106036e-01	1.836934963778762975e-01	-2.159008381891945050e-01	1.903313688547108862e-01	-1.556366093599632350e-01	1.417921805700614046e-01	-2.062556213971707963e-01	2.176699015342176136e-01	-3.658001750498041660e-01	1.979272011283973176e-01	-1.633883990642633344e-01	1.847423643862716736e-01	-4.065086328307094266e-01	1.000000000000000888e+00	-1.563697203920834666e-01	1.589705367005989356e-01	-1.892546903855037155e-01	2.923892032969183097e-01	-5.827143410784428879e-01	1.444937287666540615e-01	-1.530543729863135527e-01	1.909865777358003003e-01	-2.799712807962874694e-01	2.412349024778526196e-01	-1.245267606482251543e-01	1.707679273925075680e-01	-1.519343012664318426e-01	1.930723750083098433e-01	-2.757771510193081643e-01	1.190155157757717269e-01	-1.505344502794107864e-01	1.739284418204837812e-01	-2.046934378374220542e-01	2.537158437605914196e-01
1.398453174336045934e-01	-1.072760277073272484e-01	1.172946522151465804e-01	-7.499545620296418913e-02	8.882792445672864357e-02	-1.127466091512779045e-01	1.146347895345904422e-01	-1.196930180749060518e-01	1.158962043029037187e-01	-9.873838508239925205e-02	1.330527577376847681e-01	-1.165089857056015449e-01	1.379771745411251527e-01	-1.294333827040589080e-01	1.534529487532943770e-01	-3.615087328265071398e-01	2.584093819214086651e-01	-2.184394600034914868e-01	1.570344304972662863e-01	-1.563697203920834666e-01	1.000000000000000666e+00	-5.968213179913411937e-01	2.245894320097914787e-01	-1.539230190407342158e-01	1.324869617892187601e-01	-5.142125938662850393e-01	2.637716440583894872e-01	-2.639782058815076660e-01	1.580043086661689911e-01	-9.669456777790784441e-02	2.327806192088210657e-01	-2.236077810962147638e-01	1.575551330907328795e-01	-1.336184510853516416e-01	1.095062089682619644e-01	-2.037468653333789625e-01	1.942823867891657619e-01	-1.845311133331693498e-01	1.415210619637379819e-01	-1.640796446815095400e-01
-1.497775728993104571e-01	1.128186673034623499e-01	-1.265324513661019445e-01	7.964379840170002223e-02	-9.547414867806176819e-02	1.150553208990258286e-01	-1.234367342381158111e-01	1.275430513275062350e-01	-1.254301619538200907e-01	1.051331582065988535e-01	-1.391638740208379077e-01	1.232259558140876426e-01	-1.537049027863004735e-01	1.386630697113107047e-01	-1.660942047926579901e-01	2.845873636627915815e-01	-4.331491686635123295e-01	2.555245213741711430e-01	-1.747862892592108586e-01	1.589705367005989356e-01	-5.968213179913411937e-01	1.000000000000001776e+00	-3.443545713616409376e-01	1.660273025921411016e-01	-1.410138595612662749e-01	2.619283051509119220e-01	-3.954585506280542950e-01	2.734112586858027938e-01	-1.679394424620512527e-01	9.939110872646544914e-02	-1.959594393545748270e-01	2.143843152692847809e-01	-1.612680034745280211e-01	1.337480177090384637e-01	-1.131809622399927162e-01	1.560014787958198812e-01	-1.864911857140725826e-01	1.682826604861016873e-01	-1.429082577544975030e-01	1.586052083831462345e-01
1.489150603671792472e-01	-1.187841325994995340e-01	1.329526766483447309e-01	-8.432473049521374553e-02	9.847094344362038176e-02	-1.178909100120349718e-01	1.265168537200151433e-01	-1.473431504368069578e-01	1.380017568733377109e-01	-1.155563852215648196e-01	1.365596124360053121e-01	-1.288797527146794408e-01	1.888448909875889148e-01	-1.754373304517668486e-01	1.721413163845470495e-01	-2.694282217539369917e-01	2.759390750744741272e-01	-6.317783823044995639e-01	2.247131761764670499e-01	-1.892546903855037155e-01	2.245894320097914787e-01	-3.443545713616409376e-01	9.999999999999990008e-01	-2.898130540051165327e-01	1.669937620265101452e-01	-1.911781588391874842e-01	2.447454219012105692e-01	-4.571126525284422981e-01	1.901753147569394953e-01	-1.147453095995972644e-01	1.433518955062291489e-01	-1.997411634054907514e-01	1.557445915085341748e-01	-1.456179804904669250e-01	1.246196866365564537e-01	-1.318702394992862514e-01	1.554121888138958463e-01	-1.678443665506041682e-01	1.469794419149997866e-01	-1.747119145308965726e-01
-1.514854471286542492e-01	1.205042460088286416e-01	-1.403861973539212160e-01	9.111381098224922981e-02	-1.074118263150441732e-01	1.137891658843973308e-01	-1.256176472063545435e-01	1.515926066384767068e-01	-1.649296735269685787e-01	1.347417442921119979e-01	-1.279568870893228183e-01	1.202836462477020057e-01	-1.938443167086607299e-01	2.132809588534005929e-01	-2.070604680734351166e-01	1.873498800945020692e-01	-1.679629484464634781e-01	2.137136348171896350e-01	-6.237226901081085462e-01	2.923892032969183097e-01	-1.539230190407342158e-01	1.660273025921411016e-01	-2.898130540051165327e-01	9.999999999999988898e-01	-4.074368818249622937e-01	1.393439508083134104e-01	-1.579780254983515486e-01	2.054951483994210404e-01	-4.116490581410730543e-01	2.026269081880581191e-01	-1.167619525667395602e-01	1.679398090226663087e-01	-1.514690633127698249e-01	2.072813179120776284e-01	-2.058477351003810685e-01	1.117806694738676526e-01	-1.398364522611220129e-01	1.675567200526676404e-01	-1.937130000320921308e-01	2.319956201753077818e-01
1.356697272208669536e-01	-1.072502450279019248e-01	1.223513406166340245e-01	-8.268100850061542439e-02	9.730635330470367717e-02	-1.019172100473046405e-01	1.086180859293587736e-01	-1.296281287311162878e-01	1.374130784954910867e-01	-1.233440416107823151e-01	1.114060427488237914e-01	-1.035611780471933363e-01	1.457096981840940719e-01	-1.610002481758352477e-01	1.967467909471659893e-01	-1.694141920034705207e-01	1.352624014328563384e-01	-1.606155413430028212e-01	2.624953100639631498e-01	-5.827143410784428879e-01	1.324869617892187601e-01	-1.410138595612662749e-01	1.669937620265101452e-01	-4.074368818249622937e-01	9.999999999999982236e-01	-1.293646714115927743e-01	1.371964380010787798e-01	-1.794425681740898226e-01	2.597659835880014589e-01	-4.829907134101509847e-01	1.077618767341832207e-01	-1.624015822511499785e-01	1.428103763065452503e-01	-2.024831029706134489e-01	2.810985616422979061e-01	-1.075800181873844130e-01	1.323296098127160758e-01	-1.688575945329105210e-01	1.919866293591985795e-01	-3.017119013139086814e-01
-1.334214738557249202e-01	9.796222436838203373e-02	-1.117587355542399991e-01	7.140825539659888255e-02	-8.677972209277980131e-02	9.812924942190090483e-02	-1.039928526052595753e-01	1.092820345945369059e-01	-1.110410165185664322e-01	9.402813814095270506e-02	-1.150249925615945829e-01	9.932679340757703812e-02	-1.253701814506702761e-01	1.168780798017673567e-01	-1.533033142734647192e-01	2.096559330770749463e-01	-1.882616243856587712e-01	1.654402820199620538e-01	-1.478936746230180010e-01	1.444937287666540615e-01	-5.142125938662850393e-01	2.619283051509119220e-01	-1.911781588391874842e-01	1.393439508083134104e-01	-1.293646714115927743e-01	1.000000000000001110e+00	-3.401331707152971950e-01	2.325748699241479978e-01	-1.600523131109543862e-01	9.407876456438178658e-02	-5.798434125188358657e-01	2.201185632266348391e-01	-1.676401626230383246e-01	1.332357199781543378e-01	-1.090616885501682620e-01	2.621816842844842954e-01	-2.784881124196187385e-01	1.884331604072626565e-01	-1.473742318582418886e-01	1.556963664945060777e-01
1.296728444552742165e-01	-9.767364560290091313e-02	1.106278699993453324e-01	-7.087627748038079212e-02	8.513385359268979546e-02	-9.759679142030781851e-02	1.034913162873333931e-01	-1.116552136586361627e-01	1.115582735308789791e-01	-9.453597068434192729e-02	1.131468775402867250e-01	-1.007982961095669067e-01	1.307744766808555670e-01	-1.229432549659693202e-01	1.506355122778217925e-01	-2.116771083121619101e-01	2.042906827892173316e-01	-2.051813606138994939e-01	1.579302192903082880e-01	-1.530543729863135527e-01	2.637716440583894872e-01	-3.954585506280542950e-01	2.447454219012105692e-01	-1.579780254983515486e-01	1.371964380010787798e-01	-3.401331707152971950e-01	1.000000000000003331e+00	-5.969357571935236528e-01	1.810564671843421791e-01	-1.029193367567903111e-01	2.019321098711573392e-01	-4.643587286623581667e-01	2.287122195585877260e-01	-1.593581347519928693e-01	1.178657761562363349e-01	-1.783552480619228497e-01	2.125308971470276642e-01	-2.161712909261704341e-01	1.610342499013972528e-01	-1.684466151944990775e-01
-1.705637846135387437e-01	1.257920829140143915e-01	-1.459700988645489528e-01	9.257619020093912909e-02	-1.126757944135459155e-01	1.231983528764655500e-01	-1.339218659355087548e-01	1.442153726103435063e-01	-1.475251530143115164e-01	1.234921385200502542e-01	-1.439109247137108638e-01	1.267539850784424327e-01	-1.735359337426025939e-01	1.585517287173582035e-01	-2.009605536141979842e-01	2.281512527913348021e-01	-2.414510663288896020e-01	2.538460533118372386e-01	-2.129045533618404984e-01	1.909865777358003003e-01	-2.639782058815076660e-01	2.734112586858027938e-01	-4.571126525284422981e-01	2.054951483994210404e-01	-1.794425681740898226e-01	2.325748699241479978e-01	-5.969357571935236528e-01	9.999999999999968914e-01	-2.483749025942307564e-01	1.291846345900020399e-01	-1.969662086673813206e-01	2.753130064554422107e-01	-2.564917581133531188e-01	1.830078144515659422e-01	-1.481915291733224838e-01	1.650740461688229854e-01	-2.202874211695761419e-01	2.144887995282757087e-01	-1.921320004028466144e-01	1.972194195409193163e-01
1.393027999056129784e-01	-1.088210435095719325e-01	1.233177215414411609e-01	-8.213904103606044227e-02	9.692259664133792696e-02	-1.051284703428257555e-01	1.112299737996742671e-01	-1.293090815589283959e-01	1.333421108830022406e-01	-1.164265599342212409e-01	1.160750841698784952e-01	-1.067902410697322835e-01	1.469850340251905030e-01	-1.581369837548012580e-01	1.811261784669490060e-01	-1.871173123764560131e-01	1.521055727582832362e-01	-1.768383109199388459e-01	2.455331442366159578e-01	-2.799712807962874694e-01	1.580043086661689911e-01	-1.679394424620512527e-01	1.901753147569394953e-01	-4.116490581410730543e-01	2.597659835880014589e-01	-1.600523131109543862e-01	1.810564671843421791e-01	-2.483749025942307564e-01	9.999999999999961142e-01	-3.160927801840697215e-01	1.353216386923847547e-01	-2.397433609712345259e-01	2.281865462635627173e-01	-5.661244994911076578e-01	2.605459142544453988e-01	-1.382479439539868182e-01	1.755715731351240039e-01	-2.543083174183795037e-01	2.904620915649440138e-01	-3.718191109079861945e-01
-9.706362828697082112e-02	7.436542972241375060e-02	-8.589010387393812562e-02	5.725627874541980300e-02	-6.861576831654536690e-02	7.087593426030970589e-02	-7.593025421276645981e-02	8.796487768948439701e-02	-9.412851793567429681e-02	8.225124786258322662e-02	-7.827406591649994916e-02	7.136722068681523867e-02	-9.930896484428629323e-02	1.047976349496286541e-01	-1.348960581154539651e-01	1.154443100492647534e-01	-9.450861836017368511e-02	1.072386485174445930e-01	-1.692868724539717262e-01	2.412349024778526196e-01	-9.669456777790784441e-02	9.939110872646544914e-02	-1.147453095995972644e-01	2.026269081880581191e-01	-4.829907134101509847e-01	9.407876456438178658e-02	-1.029193367567903111e-01	1.291846345900020399e-01	-3.160927801840697215e-01	9.999999999999947820e-01	-8.202337652469289531e-02	1.265097661686262198e-01	-1.242203952868552314e-01	2.059023372934241924e-01	-7.301505616750914029e-01	8.094477111924908153e-02	-1.053693444523821493e-01	1.370011632892842168e-01	-1.884422050170969642e-01	2.531155041002098871e-01
1.029866614447832035e-01	-7.754067466051049740e-02	8.700077835580423413e-02	-5.640524155193418071e-02	6.761525646787645838e-02	-7.825594771507740632e-02	8.120534857295295950e-02	-8.702573347019715300e-02	8.722526856965062692e-02	-7.476250719676789946e-02	8.939842414613999311e-02	-7.878516925796691384e-02	9.843237555004585859e-02	-9.426596661798652965e-02	1.194212651524919067e-01	-1.749095661095174115e-01	1.392295043690284506e-01	-1.335118746338490592e-01	1.188044748135673456e-01	-1.245267606482251543e-01	2.327806192088210657e-01	-1.959594393545748270e-01	1.433518955062291489e-01	-1.167619525667395602e-01	1.077618767341832207e-01	-5.798434125188358657e-01	2.019321098711573392e-01	-1.969662086673813206e-01	1.353216386923847547e-01	-8.202337652469289531e-02	1.000000000000000666e+00	-2.218569286875135826e-01	1.550352093720106794e-01	-1.228846291455734790e-01	9.438943638769546618e-02	-6.220461813372921700e-01	2.800349915456836203e-01	-2.099402727911053868e-01	1.335169726795905898e-01	-1.471722639843501268e-01
-1.428135821958344265e-01	1.045658734905498960e-01	-1.210690888261986842e-01	7.804137650530727777e-02	-9.532878550834444908e-02	1.022899738404528802e-01	-1.096831393515667330e-01	1.181918512854515380e-01	-1.227345821126419323e-01	1.041761423047680296e-01	-1.174154036275562585e-01	1.028751741371029260e-01	-1.353194259959969448e-01	1.286797687526025080e-01	-1.720485787357328711e-01	1.852563923268270296e-01	-1.722105865443821771e-01	1.674337231662226533e-01	-1.729157109612215748e-01	1.707679273925075680e-01	-2.236077810962147638e-01	2.143843152692847809e-01	-1.997411634054907514e-01	1.679398090226663087e-01	-1.624015822511499785e-01	2.201185632266348391e-01	-4.643587286623581667e-01	2.753130064554422107e-01	-2.397433609712345259e-01	1.265097661686262198e-01	-2.218569286875135826e-01	9.999999999999997780e-01	-5.729837596470854777e-01	2.232330766556391566e-01	-1.520041101326728428e-01	2.033314772243481616e-01	-3.661562838318185298e-01	3.008055143881924742e-01	-2.335168214036990597e-01	2.039956723360959456e-01
1.105695248422976229e-01	-8.250044518205516819e-02	9.466348674824974496e-02	-6.164184491053048554e-02	7.453065271957248772e-02	-8.073224237319850949e-02	8.584681398714789913e-02	-9.429091071313924766e-02	9.732173755749967681e-02	-8.334980778623396480e-02	9.149550989204548179e-02	-8.129283182944209429e-02	1.073567317194637910e-01	-1.049896323226709172e-01	1.355060919758019899e-01	-1.489736651160228076e-01	1.303130940302202612e-01	-1.361852546758498261e-01	1.439035028147632733e-01	-1.519343012664318426e-01	1.575551330907328795e-01	-1.612680034745280211e-01	1.557445915085341748e-01	-1.514690633127698249e-01	1.428103763065452503e-01	-1.676401626230383246e-01	2.287122195585877260e-01	-2.564917581133531188e-01	2.281865462635627173e-01	-1.242203952868552314e-01	1.550352093720106794e-01	-5.729837596470854777e-01	9.999999999999986677e-01	-3.648750933145017972e-01	1.473286828851559926e-01	-1.638225656373298589e-01	2.466802815582641861e-01	-5.855377850639592596e-01	2.536488927960561801e-01	-2.130095569775153075e-01
-1.149395083729259359e-01	8.677790428600080930e-02	-1.000395934047238061e-01	6.585733624105777340e-02	-7.931584269139080323e-02	8.367297728561641501e-02	-8.944009354042470328e-02	1.009959690436647572e-01	-1.063306636104881520e-01	9.146148533084527688e-02	-9.353234909785022866e-02	8.418395774508723173e-02	-1.149560984670351532e-01	1.173041754496444294e-01	-1.485617954882494096e-01	1.427845843925889813e-01	-1.205953671357189866e-01	1.312501059695463657e-01	-1.816368030809240308e-01	1.930723750083098433e-01	-1.336184510853516416e-01	1.337480177090384637e-01	-1.456179804904669250e-01	2.072813179120776284e-01	-2.024831029706134489e-01	1.332357199781543378e-01	-1.593581347519928693e-01	1.830078144515659422e-01	-5.661244994911076578e-01	2.059023372934241924e-01	-1.228846291455734790e-01	2.232330766556391566e-01	-3.648750933145017972e-01	9.999999999999987788e-01	-2.856277325740878004e-01	1.226347339903131883e-01	-1.759965689653893994e-01	2.634043743529224657e-01	-5.598297628506315737e-01	2.959558074339557754e-01
1.064202287386580015e-01	-8.197523071705963005e-02	9.378626996175939978e-02	-6.287235814262373546e-02	7.491509146258885921e-02	-7.856833569013282892e-02	8.337542703198583260e-02	-9.647560421211645587e-02	1.016361592578192280e-01	-8.983074253952465227e-02	8.635115293632640576e-02	-7.882135024763825548e-02	1.074247750295772852e-01	-1.135608936674958602e-01	1.449184796078677451e-01	-1.315598786003942811e-01	1.055728173058958219e-01	-1.190798451707145988e-01	1.707930106876809073e-01	-2.757771510193081643e-01	1.095062089682619644e-01	-1.131809622399927162e-01	1.246196866365564537e-01	-2.058477351003810685e-01	2.810985616422979061e-01	-1.090616885501682620e-01	1.178657761562363349e-01	-1.481915291733224838e-01	2.605459142544453988e-01	-7.301505616750914029e-01	9.438943638769546618e-02	-1.520041101326728428e-01	1.473286828851559926e-01	-2.856277325740878004e-01	9.999999999999982236e-01	-9.497248663133193991e-02	1.224777500899703608e-01	-1.682152133524562054e-01	2.245429975697189329e-01	-4.217950171739793808e-01
-1.036576045498841664e-01	7.594171320630725697e-02	-8.716162853404321731e-02	5.626626370034525787e-02	-6.857287750392994374e-02	7.513866402400071198e-02	-7.958089707370487320e-02	8.491416666178014383e-02	-8.734215081952148574e-02	7.442706766624103409e-02	-8.624291899038022402e-02	7.508851398218083228e-02	-9.587043149348907500e-02	9.106709895944041511e-02	-1.224154900587925143e-01	1.454395574600680363e-01	-1.242771644302418099e-01	1.182094701445065288e-01	-1.169601823943820784e-01	1.190155157757717269e-01	-2.037468653333789625e-01	1.560014787958198812e-01	-1.318702394992862514e-01	1.117806694738676526e-01	-1.075800181873844130e-01	2.621816842844842954e-01	-1.783552480619228497e-01	1.650740461688229854e-01	-1.382479439539868182e-01	8.094477111924908153e-02	-6.220461813372921700e-01	2.033314772243481616e-01	-1.638225656373298589e-01	1.226347339903131883e-01	-9.497248663133193991e-02	9.999999999999987788e-01	-6.163596657934667933e-01	2.137539931338311716e-01	-1.418983038037978373e-01	1.397699783161743814e-01
1.160402939905839509e-01	-8.729652686922366456e-02	9.861155024086512566e-02	-6.434917645174631495e-02	7.726892572406510173e-02	-8.694990023516188660e-02	9.076761433394693601e-02	-9.860238791944632430e-02	9.993038304192339294e-02	-8.596811120658767735e-02	9.831291715177108148e-02	-8.714006516816855119e-02	1.109415219964667021e-01	-1.077091550182485841e-01	1.380967826516439900e-01	-1.775392556635574659e-01	1.436058775157414424e-01	-1.440225051661797318e-01	1.394078783642997699e-01	-1.505344502794107864e-01	1.942823867891657619e-01	-1.864911857140725826e-01	1.554121888138958463e-01	-1.398364522611220129e-01	1.323296098127160758e-01	-2.784881124196187385e-01	2.125308971470276642e-01	-2.202874211695761419e-01	1.755715731351240039e-01	-1.053693444523821493e-01	2.800349915456836203e-01	-3.661562838318185298e-01	2.466802815582641861e-01	-1.759965689653893994e-01	1.224777500899703608e-01	-6.163596657934667933e-01	9.999999999999988898e-01	-4.485986139383980054e-01	1.935568885767123826e-01	-1.981651299562865454e-01
-1.370702345827454482e-01	1.001594539545663520e-01	-1.163614962593280122e-01	7.559839469807333456e-02	-9.254507717635937492e-02	9.730862788515279305e-02	-1.041737874245949880e-01	1.132477122568051886e-01	-1.188945243566112558e-01	1.014736353528608581e-01	-1.104733103523862503e-01	9.694277075178442393e-02	-1.277278033876660113e-01	1.237115230527975063e-01	-1.689485355845895265e-01	1.677216089913534658e-01	-1.461303915361593098e-01	1.476308062324117043e-01	-1.690146454805571685e-01	1.739284418204837812e-01	-1.845311133331693498e-01	1.682826604861016873e-01	-1.678443665506041682e-01	1.675567200526676404e-01	-1.688575945329105210e-01	1.884331604072626565e-01	-2.161712909261704341e-01	2.144887995282757087e-01	-2.543083174183795037e-01	1.370011632892842168e-01	-2.099402727911053868e-01	3.008055143881924742e-01	-5.855377850639592596e-01	2.634043743529224657e-01	-1.682152133524562054e-01	2.137539931338311716e-01	-4.485986139383980054e-01	9.999999999999991118e-01	-3.981473976354308331e-01	2.420424110487610914e-01
1.219513611453133389e-01	-9.216657791719795600e-02	1.055259537468582060e-01	-6.990001348492866362e-02	8.401973819937987031e-02	-8.933432274033084597e-02	9.451771596596431069e-02	-1.063532812315114984e-01	1.109055293211705373e-01	-9.640305749003774682e-02	9.921358587239788307e-02	-8.922461638158316055e-02	1.187525874360707279e-01	-1.210149913363459673e-01	1.562778679963819084e-01	-1.558354486666737315e-01	1.269105346527017175e-01	-1.376076866232460727e-01	1.716277985114470217e-01	-2.046934378374220542e-01	1.415210619637379819e-01	-1.429082577544975030e-01	1.469794419149997866e-01	-1.937130000320921308e-01	1.919866293591985795e-01	-1.473742318582418886e-01	1.610342499013972528e-01	-1.921320004028466144e-01	2.904620915649440138e-01	-1.884422050170969642e-01	1.335169726795905898e-01	-2.335168214036990597e-01	2.536488927960561801e-01	-5.598297628506315737e-01	2.245429975697189329e-01	-1.418983038037978373e-01	1.935568885767123826e-01	-3.981473976354308331e-01	9.999999999999991118e-01	-5.664564847064261777e-01
