1.000000000000000000e+00	-9.944043343172738192e-01	2.561550655585538572e-02	-1.288669188567664881e-02	1.146854534649912813e-02	-1.921731104529061929e-02	6.722288993125143108e-02	-2.602008776216967884e-02	1.548578263644645112e-02	-1.316181409895511752e-02	1.803982012209727828e-02	-6.120751230593347858e-02	2.999794308326947725e-02	-1.904288589064967799e-02	1.705331286215843942e-02	-1.337152347120407377e-02	1.922150369510030460e-02	-2.041226504030702396e-02	1.653298067700981547e-02	-1.498232968486317568e-02	1.129535625139458863e-02	-1.785703582257297528e-02	1.705090003045139219e-02	-1.781384047505112783e-02	1.459741185113378435e-02	-1.401427789351981056e-02	1.207719659919124881e-02	-1.907586857465192257e-02	1.170022771608656385e-02	-5.684850908490655073e-03	9.930213963190050522e-03	-1.608398355759898049e-02	1.237630928311706478e-02	-1.514668104276572884e-02	5.566871875485756953e-03	-1.281321275498088080e-02	8.181838474416650367e-03	-9.865338067741518530e-03	4.296065253740662115e-03	-4.648831608200241008e-03
-9.944043343172738192e-01	9.999999999999997780e-01	-2.596210494232445778e-02	1.237956098045580634e-02	-1.104485406179925126e-02	1.874102072685074338e-02	-7.216396361717936081e-02	2.557371371077924935e-02	-1.492403574060151283e-02	1.261247334906867405e-02	-1.783779004283278860e-02	5.805727869336655550e-02	-2.912957821954471546e-02	1.820515475264393793e-02	-1.637903985671028059e-02	1.269520828667786323e-02	-1.836187731623448866e-02	1.937692204876836910e-02	-1.576037054638481510e-02	1.423524554829206333e-02	-1.076268535333737945e-02	1.691328223279307472e-02	-1.619266695171068388e-02	1.688774972844618236e-02	-1.391974367631025090e-02	1.323774532617139586e-02	-1.144060392278349603e-02	1.797097027763626051e-02	-1.104864667390260263e-02	5.378885450061945094e-03	-9.358187133859665122e-03	1.513711782116776948e-02	-1.167130444790224000e-02	1.426952397884791515e-02	-5.271577502504664996e-03	1.205412211812897233e-02	-7.707123739996816179e-03	9.284518282271142509e-03	-4.053808892301172077e-03	4.383803643068635153e-03
2.561550655585538572e-02	-2.596210494232445778e-02	9.999999999999996669e-01	-1.307845397147444910e-01	9.453445098299370630e-02	-3.926091777308080011e-02	1.295483996292911555e-01	-9.547135611600868765e-01	1.209315904550610082e-01	-9.319913750239033901e-02	3.798025113532133706e-02	-1.236177001270198639e-01	1.138607390043308298e-01	-9.294083655520442300e-02	8.806109016548520352e-02	-4.368665952996694107e-02	6.305280530802008510e-02	-7.502719540493341110e-02	6.794688465831366653e-02	-6.707010454057882320e-02	3.717483469837989246e-02	-6.079656920231905903e-02	6.366871825965150777e-02	-7.141657777422420750e-02	6.343655821263018135e-02	-4.967691483367027427e-02	4.280838171941343112e-02	-7.302719878666254216e-02	4.562905684506053661e-02	-2.287600165999486776e-02	3.751145073294952920e-02	-6.134542440432456251e-02	4.718245600712533960e-02	-5.921440187363752328e-02	2.241557963122154870e-02	-4.880704847911521843e-02	3.120620842652147703e-02	-3.775961574373011553e-02	1.692833546420709906e-02	-1.831078788383115608e-02
-1.288669188567664881e-02	1.237956098045580634e-02	-1.307845397147444910e-01	9.999999999999998890e-01	-7.318842589993502790e-01	2.938574837459290157e-02	-8.445741712044688154e-02	1.138821439215750714e-01	-5.172453445524329840e-01	3.083692557553231461e-01	-3.079559851547469460e-02	7.852638278113219239e-02	-1.861226914790515274e-01	2.079222476651239049e-01	-2.445858008112507531e-01	5.554570414871178724e-02	-8.566362478888590870e-02	1.116013517286992690e-01	-1.243641475814143277e-01	1.314356433223396181e-01	-4.844467864812244950e-02	8.188172021472507611e-02	-9.591054161878749540e-02	1.173595851833710429e-01	-1.260366605305651977e-01	6.604766763391128892e-02	-5.815192804954753825e-02	1.023377348198068471e-01	-6.763850976121954517e-02	3.669176908029529727e-02	-5.140748582462806304e-02	8.387604987751733077e-02	-6.620950963581173632e-02	8.513547890822334430e-02	-3.636641111847373209e-02	6.610597102305547368e-02	-4.306877581476415556e-02	5.176015796496932775e-02	-2.519075403326832829e-02	2.697119710011201127e-02
1.146854534649912813e-02	-1.104485406179925126e-02	9.453445098299370630e-02	-7.318842589993502790e-01	9.999999999999997780e-01	-2.769343130991222882e-02	7.491027141746443851e-02	-9.428602762980317631e-02	3.042235077573794966e-01	-5.343663275354336717e-01	2.877284574175500986e-02	-7.182087555109056831e-02	1.600061000812061374e-01	-1.967095380755895517e-01	2.283299770840724885e-01	-5.765624591202244548e-02	8.493761095981841591e-02	-1.121875564053617935e-01	1.182046758750961574e-01	-1.396862726688903322e-01	4.971434772607859209e-02	-8.417549526657247538e-02	9.697430569905671205e-02	-1.205355163821232589e-01	1.206640739287153929e-01	-6.993007021594910277e-02	6.067410249606677852e-02	-1.106769519611714991e-01	7.151950397673166593e-02	-3.788153030017139822e-02	5.561380079171202029e-02	-9.166580760409370754e-02	7.109302432199521293e-02	-9.218062432998420930e-02	3.717054034461515083e-02	-7.248865518667663155e-02	4.670230508585566237e-02	-5.654819344391077279e-02	2.676063786202820260e-02	-2.885639463924460912e-02
-1.921731104529061929e-02	1.874102072685074338e-02	-3.926091777308080011e-02	2.938574837459290157e-02	-2.769343130991222882e-02	9.999999999999995559e-01	-1.968150374290719429e-01	3.897414533420939797e-02	-3.803659587292940181e-02	3.187006363642724133e-02	-9.576802229282976864e-01	1.514377620535246327e-01	-8.160740565509988498e-02	4.802391673741569778e-02	-4.470282747295211551e-02	9.000325029779421282e-02	-6.420351803637625032e-02	5.625599120974576067e-02	-4.536297775258473636e-02	3.800902441221914313e-02	-8.160848744245580155e-02	5.650203625232071841e-02	-4.968820735755131307e-02	4.704471958970652540e-02	-3.938001810228832639e-02	4.740713350422785105e-02	-4.352182599679223912e-02	4.868397199959315080e-02	-3.014786635839915643e-02	1.461417098422578519e-02	-2.716389905404997113e-02	4.149287852665535514e-02	-3.286057208128615598e-02	3.748414356687372606e-02	-1.447025157660722545e-02	3.302363770544994304e-02	-2.145026887920598035e-02	2.515327523546072308e-02	-1.080964470961185558e-02	1.157439668656209605e-02
6.722288993125143108e-02	-7.216396361717936081e-02	1.295483996292911555e-01	-8.445741712044688154e-02	7.491027141746443851e-02	-1.968150374290719429e-01	1.000000000000000000e+00	-1.537196488151964524e-01	1.033092479566535826e-01	-8.919516837026082723e-02	1.622032611837156135e-01	-8.603765302577881524e-01	2.247197171017913941e-01	-1.420395376855823899e-01	1.160049601288939136e-01	-9.985293709286702235e-02	1.493765496229026435e-01	-1.540044145327403302e-01	1.176389255271733797e-01	-1.042684217201304275e-01	8.325673155604911002e-02	-1.358188246465736049e-01	1.221043399392227335e-01	-1.270673217302208113e-01	9.962875122597945887e-02	-1.009083802761411575e-01	8.680118902356022403e-02	-1.330161779736937500e-01	8.104281442610426767e-02	-3.898344964702289694e-02	6.871739315957324512e-02	-1.111736642827952370e-01	8.582825797937580770e-02	-1.044538377027416642e-01	3.809997843257893063e-02	-8.818754079595271522e-02	5.642424344304966533e-02	-6.792606774855192153e-02	2.945100671230106021e-02	-3.186058695198706880e-02
-2.602008776216967884e-02	2.557371371077924935e-02	-9.547135611600868765e-01	1.138821439215750714e-01	-9.428602762980317631e-02	3.897414533420939797e-02	-1.537196488151964524e-01	1.000000000000000222e+00	-1.314036425329668800e-01	8.911042537309749045e-02	-3.859248337274476248e-02	1.184709947486093373e-01	-1.195669065527722591e-01	9.086052425197263527e-02	-8.760891943974667695e-02	4.023718550192678656e-02	-5.990539513333903443e-02	7.034036342762244043e-02	-6.510460194436493153e-02	6.293544566523956441e-02	-3.456733288266242154e-02	5.619418135618674953e-02	-5.944416865285273577e-02	6.642979954987168756e-02	-6.072594422662679070e-02	4.514723967159622181e-02	-3.929893034928724077e-02	6.568448538847952711e-02	-4.152165613751079148e-02	2.104293221649532891e-02	-3.371329042054141412e-02	5.484308869231879768e-02	-4.258385125556977263e-02	5.326622942297352947e-02	-2.070111224904887942e-02	4.353636695749429214e-02	-2.800646567894801015e-02	3.375490241109378731e-02	-1.534931410359260257e-02	1.654917269829921100e-02
1.548578263644645112e-02	-1.492403574060151283e-02	1.209315904550610082e-01	-5.172453445524329840e-01	3.042235077573794966e-01	-3.803659587292940181e-02	1.033092479566535826e-01	-1.314036425329668800e-01	9.999999999999996669e-01	-5.475650244293389646e-01	3.943369049826524197e-02	-1.022360181003234003e-01	2.348073024352311522e-01	-4.469900117614749036e-01	2.939341513714339715e-01	-7.850288271237752802e-02	1.176076845144700400e-01	-1.622393795708528541e-01	1.765481133720263607e-01	-1.815342543179203072e-01	6.759927254942203756e-02	-1.162893907253876036e-01	1.344811553388252368e-01	-1.742929909992323445e-01	1.574578800396512490e-01	-9.454495207290891656e-02	8.215095800720312313e-02	-1.492580667045748377e-01	9.693392883150202255e-02	-5.038544320506641722e-02	7.412697023720750400e-02	-1.222651238390420614e-01	9.538547716813658428e-02	-1.240211996094379293e-01	4.937214738903122901e-02	-9.624269204565645552e-02	6.225022813715340442e-02	-7.528074873614434837e-02	3.572873941557834498e-02	-3.851003058202319418e-02
-1.316181409895511752e-02	1.261247334906867405e-02	-9.319913750239033901e-02	3.083692557553231461e-01	-5.343663275354336717e-01	3.187006363642724133e-02	-8.919516837026082723e-02	8.911042537309749045e-02	-5.475650244293389646e-01	9.999999999999993339e-01	-3.343869335055456304e-02	8.448039992333872261e-02	-2.103079107431169159e-01	2.613621921569488915e-01	-4.964251500514689774e-01	6.395599228259127300e-02	-9.857166976046427553e-02	1.308688349899075065e-01	-1.488477324529590695e-01	1.763231378567733099e-01	-5.568122738218190398e-02	9.494097889142630309e-02	-1.119665679199744329e-01	1.406211475873609396e-01	-1.618091276399031553e-01	7.648664982141030466e-02	-6.722835547706830506e-02	1.197909410879713366e-01	-7.959257843417022471e-02	4.425011276099083402e-02	-5.975252236757042784e-02	9.779747271538523357e-02	-7.721256853846551749e-02	1.001519529697641742e-01	-4.384845126637409995e-02	7.692493498201401214e-02	-5.014940575754874702e-02	6.031945480377175206e-02	-2.979325257464280827e-02	3.187626470930192413e-02
1.803982012209727828e-02	-1.783779004283278860e-02	3.798025113532133706e-02	-3.079559851547469460e-02	2.877284574175500986e-02	-9.576802229282976864e-01	1.622032611837156135e-01	-3.859248337274476248e-02	3.943369049826524197e-02	-3.343869335055456304e-02	1.000000000000000444e+00	-1.738838305979090726e-01	8.332073777812402937e-02	-5.074738605243456213e-02	4.642562349962115614e-02	-1.047483173387703248e-01	6.686361031232591901e-02	-6.016146869065936570e-02	4.779316936356965001e-02	-4.044056463960735148e-02	8.212102611181373857e-02	-6.042897517006405594e-02	5.255062331839918666e-02	-5.033328805554300456e-02	4.134144079910406083e-02	-5.073369348848646293e-02	4.555433478319802915e-02	-5.284910636273009582e-02	3.248144373227247056e-02	-1.565931888961282631e-02	2.926391200133063308e-02	-4.507632906831612191e-02	3.542049944162660446e-02	-4.072252314410279572e-02	1.546069009095236285e-02	-3.590865828057038245e-02	2.319704816193545599e-02	-2.733004435980495445e-02	1.167191633638489830e-02	-1.252765206330870226e-02
-6.120751230593347858e-02	5.805727869336655550e-02	-1.236177001270198639e-01	7.852638278113219239e-02	-7.182087555109056831e-02	1.514377620535246327e-01	-8.603765302577881524e-01	1.184709947486093373e-01	-1.022360181003234003e-01	8.448039992333872261e-02	-1.738838305979090726e-01	1.000000000000000000e+00	-3.157094673153549302e-01	1.396170457424138200e-01	-1.160985610932381146e-01	9.058613019375437447e-02	-1.693522679455397029e-01	1.464835897212094507e-01	-1.138349510129965658e-01	9.510093547073919518e-02	-7.828826445715715565e-02	1.265323144970516844e-01	-1.150996340446950733e-01	1.157567805270371120e-01	-9.347284629169017034e-02	8.929270669127185867e-02	-7.943482932466791602e-02	1.143847275679924641e-01	-7.102144763188723842e-02	3.449286893070832583e-02	-5.920121574415282417e-02	9.452505273266428865e-02	-7.448844104308814662e-02	8.943582819421476426e-02	-3.392395711774957856e-02	7.462631957156874718e-02	-4.836738830302509534e-02	5.769968065800408497e-02	-2.551602611180242564e-02	2.744496567852912350e-02
2.999794308326947725e-02	-2.912957821954471546e-02	1.138607390043308298e-01	-1.861226914790515274e-01	1.600061000812061374e-01	-8.160740565509988498e-02	2.247197171017913941e-01	-1.195669065527722591e-01	2.348073024352311522e-01	-2.103079107431169159e-01	8.332073777812402937e-02	-3.157094673153549302e-01	9.999999999999972244e-01	-5.185887993362484627e-01	2.706773575739056525e-01	-1.492716902758021713e-01	2.253325339371890501e-01	-3.733191212756276633e-01	2.664805547913111639e-01	-2.371823944508015536e-01	1.259057332572355858e-01	-2.221244746203627773e-01	2.418051273486623853e-01	-2.774868985773350505e-01	2.107231456275354964e-01	-1.757330092382846931e-01	1.505424839763698508e-01	-2.702099221988026323e-01	1.657442510056214291e-01	-8.039375676416042615e-02	1.332588600018825287e-01	-2.211304148981425854e-01	1.704705172467284591e-01	-2.151091065469660779e-01	7.816735683229698861e-02	-1.738441320364644271e-01	1.115278626021951325e-01	-1.354361943402434820e-01	6.023126655683086472e-02	-6.530571571755151850e-02
-1.904288589064967799e-02	1.820515475264393793e-02	-9.294083655520442300e-02	2.079222476651239049e-01	-1.967095380755895517e-01	4.802391673741569778e-02	-1.420395376855823899e-01	9.086052425197263527e-02	-4.469900117614749036e-01	2.613621921569488915e-01	-5.074738605243456213e-02	1.396170457424138200e-01	-5.185887993362484627e-01	1.000000000000000222e+00	-5.144851529490855890e-01	9.245213205847101212e-02	-1.534290728445127372e-01	2.194840988575250673e-01	-3.393138863794766258e-01	2.145929627796550054e-01	-8.081963500358614605e-02	1.422936845074084522e-01	-1.732359417831505211e-01	2.258806951919258565e-01	-2.012538669792802992e-01	1.083920207887454495e-01	-9.637691615056473426e-02	1.670695596375486869e-01	-1.131613461658652203e-01	5.890285662468203176e-02	-8.172703831319953760e-02	1.332169573728335388e-01	-1.072809354401340343e-01	1.381152888690638791e-01	-5.827060409185930157e-02	1.038727879121990050e-01	-6.847260604763803771e-02	8.189678126277405434e-02	-4.037749666595900205e-02	4.310258700219403438e-02
1.705331286215843942e-02	-1.637903985671028059e-02	8.806109016548520352e-02	-2.445858008112507531e-01	2.283299770840724885e-01	-4.470282747295211551e-02	1.160049601288939136e-01	-8.760891943974667695e-02	2.939341513714339715e-01	-4.964251500514689774e-01	4.642562349962115614e-02	-1.160985610932381146e-01	2.706773575739056525e-01	-5.144851529490855890e-01	9.999999999999982236e-01	-1.006054831387089704e-01	1.488408813205467363e-01	-2.067084514335377488e-01	2.252356118795778572e-01	-3.945898041044187399e-01	8.645868229017523998e-02	-1.493647236896612773e-01	1.737607265467633888e-01	-2.310870670651555270e-01	2.466374751292025325e-01	-1.226126995772552492e-01	1.061834564649132839e-01	-1.971900509827690384e-01	1.286523331794820202e-01	-7.058166562110100573e-02	9.732284384340250671e-02	-1.613515648261932833e-01	1.254671199443930796e-01	-1.655020274919792311e-01	6.879701082540516655e-02	-1.268240248930338487e-01	8.192282845270634772e-02	-9.929517591094134954e-02	4.819105170437420343e-02	-5.195830385731570883e-02
-1.337152347120407377e-02	1.269520828667786323e-02	-4.368665952996694107e-02	5.554570414871178724e-02	-5.765624591202244548e-02	9.000325029779421282e-02	-9.985293709286702235e-02	4.023718550192678656e-02	-7.850288271237752802e-02	6.395599228259127300e-02	-1.047483173387703248e-01	9.058613019375437447e-02	-1.492716902758021713e-01	9.245213205847101212e-02	-1.006054831387089704e-01	9.999999999999972244e-01	-2.674613873736419456e-01	1.502024420081268241e-01	-1.187688854742900285e-01	8.375683022319971305e-02	-8.761438796777779592e-01	2.152064060165260473e-01	-1.566835296255237042e-01	1.166017627092899300e-01	-9.955606207412533160e-02	2.025312128935750910e-01	-2.016334613874267156e-01	1.172805901208048562e-01	-7.332206505810058561e-02	3.478971700265741374e-02	-7.898836542293430352e-02	1.045172286370434217e-01	-8.746269796413060071e-02	8.292472910526997587e-02	-3.523346321877358217e-02	8.329144681962113994e-02	-5.592693838521452937e-02	6.119075836140829006e-02	-2.476428715655221852e-02	2.587203562283376182e-02
1.922150369510030460e-02	-1.836187731623448866e-02	6.305280530802008510e-02	-8.566362478888590870e-02	8.493761095981841591e-02	-6.420351803637625032e-02	1.493765496229026435e-01	-5.990539513333903443e-02	1.176076845144700400e-01	-9.857166976046427553e-02	6.686361031232591901e-02	-1.693522679455397029e-01	2.253325339371890501e-01	-1.534290728445127372e-01	1.488408813205467363e-01	-2.674613873736419456e-01	1.000000000000001332e+00	-4.989448811867173150e-01	2.219086472634067275e-01	-1.388705967984788792e-01	2.062928453899856573e-01	-6.416737753282737433e-01	2.903374932475458192e-01	-2.332038210235217734e-01	1.512027696644736852e-01	-2.414627248151211270e-01	2.163529023434263010e-01	-2.095988254777481907e-01	1.255438157296132895e-01	-5.686523978861707934e-02	1.088045124166380773e-01	-1.643169113657509950e-01	1.363782621651947746e-01	-1.454952970683955349e-01	5.647197804148323258e-02	-1.262365155490995094e-01	8.407223516874276492e-02	-9.662277667658247804e-02	4.114757678662234186e-02	-4.350603961026858896e-02
-2.041226504030702396e-02	1.937692204876836910e-02	-7.502719540493341110e-02	1.116013517286992690e-01	-1.121875564053617935e-01	5.625599120974576067e-02	-1.540044145327403302e-01	7.034036342762244043e-02	-1.622393795708528541e-01	1.308688349899075065e-01	-6.016146869065936570e-02	1.464835897212094507e-01	-3.733191212756276633e-01	2.194840988575250673e-01	-2.067084514335377488e-01	1.502024420081268241e-01	-4.989448811867173150e-01	9.999999999999990008e-01	-4.754068102831708331e-01	1.794512055277852902e-01	-1.394299414004635251e-01	2.821087413792344178e-01	-4.663257994402057460e-01	2.947367060730813337e-01	-2.007541767417370393e-01	1.609974702442145134e-01	-1.582436266628879651e-01	2.235893787220851470e-01	-1.463485396360560131e-01	6.685987889862710087e-02	-1.025625644555805405e-01	1.594589786202307291e-01	-1.458171772120451237e-01	1.591732586073909828e-01	-6.717842497804113466e-02	1.195892139786842445e-01	-8.465935349316772163e-02	9.701133967992361939e-02	-4.649168240739057212e-02	4.863306452874331665e-02
1.653298067700981547e-02	-1.576037054638481510e-02	6.794688465831366653e-02	-1.243641475814143277e-01	1.182046758750961574e-01	-4.536297775258473636e-02	1.176389255271733797e-01	-6.510460194436493153e-02	1.765481133720263607e-01	-1.488477324529590695e-01	4.779316936356965001e-02	-1.138349510129965658e-01	2.664805547913111639e-01	-3.393138863794766258e-01	2.252356118795778572e-01	-1.187688854742900285e-01	2.219086472634067275e-01	-4.754068102831708331e-01	9.999999999999980016e-01	-2.643506662693752007e-01	1.048429775268460568e-01	-2.104804701599924388e-01	2.791608565246110896e-01	-6.434438806738836947e-01	2.339138765674849962e-01	-1.374397341676256989e-01	1.255490236858791686e-01	-2.170451816779446486e-01	1.645715754739172643e-01	-7.512011897295466090e-02	9.590450552602239331e-02	-1.556793658447919171e-01	1.344277033229520912e-01	-1.859843135788712409e-01	7.351332641175956084e-02	-1.167057038700428095e-01	8.056201791969637427e-02	-9.471676011903359949e-02	5.114214692972959830e-02	-5.414701453426827571e-02
-1.498232968486317568e-02	1.423524554829206333e-02	-6.707010454057882320e-02	1.314356433223396181e-01	-1.396862726688903322e-01	3.800902441221914313e-02	-1.042684217201304275e-01	6.293544566523956441e-02	-1.815342543179203072e-01	1.763231378567733099e-01	-4.044056463960735148e-02	9.510093547073919518e-02	-2.371823944508015536e-01	2.145929627796550054e-01	-3.945898041044187399e-01	8.375683022319971305e-02	-1.388705967984788792e-01	1.794512055277852902e-01	-2.643506662693752007e-01	9.999999999999981126e-01	-7.482222112343742126e-02	1.295153792522480696e-01	-1.672299188999470110e-01	2.306879463841412792e-01	-7.754343292058422099e-01	9.988298704124748406e-02	-9.053217531806319329e-02	1.604604169184748741e-01	-1.215158636823684413e-01	1.024065954139922463e-01	-7.768568934526655367e-02	1.256430780762824717e-01	-1.041110052200526354e-01	1.428397288488409689e-01	-1.041770298465615058e-01	9.727494880848316927e-02	-6.551261872879177162e-02	7.763561888037250058e-02	-5.023152497414980211e-02	5.204065510935562688e-02
1.129535625139458863e-02	-1.076268535333737945e-02	3.717483469837989246e-02	-4.844467864812244950e-02	4.971434772607859209e-02	-8.160848744245580155e-02	8.325673155604911002e-02	-3.456733288266242154e-02	6.759927254942203756e-02	-5.568122738218190398e-02	8.212102611181373857e-02	-7.828826445715715565e-02	1.259057332572355858e-01	-8.081963500358614605e-02	8.645868229017523998e-02	-8.761438796777779592e-01	2.062928453899856573e-01	-1.394299414004635251e-01	1.048429775268460568e-01	-7.482222112343742126e-02	1.000000000000000888e+00	-2.564977901366891633e-01	1.441855761451483753e-01	-1.094531849020076164e-01	8.704633419014226603e-02	-2.761305136348704559e-01	1.955027031228766532e-01	-1.151684190618852410e-01	6.925102044999117967e-02	-3.211665088353576197e-02	7.897346229044485688e-02	-1.044832638978908657e-01	8.414729050980224168e-02	-7.972212912324977419e-02	3.228338385510775427e-02	-8.493809783683849146e-02	5.441375622861283068e-02	-6.021345380416098791e-02	2.323549334276439962e-02	-2.440897084000764883e-02
-1.785703582257297528e-02	1.691328223279307472e-02	-6.079656920231905903e-02	8.188172021472507611e-02	-8.417549526657247538e-02	5.650203625232071841e-02	-1.358188246465736049e-01	5.619418135618674953e-02	-1.162893907253876036e-01	9.494097889142630309e-02	-6.042897517006405594e-02	1.265323144970516844e-01	-2.221244746203627773e-01	1.422936845074084522e-01	-1.493647236896612773e-01	2.152064060165260473e-01	-6.416737753282737433e-01	2.821087413792344178e-01	-2.104804701599924388e-01	1.295153792522480696e-01	-2.564977901366891633e-01	9.999999999999978906e-01	-4.439121959197405709e-01	2.110452212253337290e-01	-1.530395475229928415e-01	2.496188969135336444e-01	-3.603503345419644677e-01	2.036508988164767164e-01	-1.230309180730957269e-01	5.487937642758020790e-02	-1.095795012356347159e-01	1.587632904987149041e-01	-1.414564579930251698e-01	1.330739405742531467e-01	-5.538218727958117704e-02	1.185660016631821939e-01	-8.303399461227715939e-02	9.196193193907005459e-02	-3.887426323746506762e-02	4.051864252628747248e-02
1.705090003045139219e-02	-1.619266695171068388e-02	6.366871825965150777e-02	-9.591054161878749540e-02	9.697430569905671205e-02	-4.968820735755131307e-02	1.221043399392227335e-01	-5.944416865285273577e-02	1.344811553388252368e-01	-1.119665679199744329e-01	5.255062331839918666e-02	-1.150996340446950733e-01	2.418051273486623853e-01	-1.732359417831505211e-01	1.737607265467633888e-01	-1.566835296255237042e-01	2.903374932475458192e-01	-4.663257994402057460e-01	2.791608565246110896e-01	-1.672299188999470110e-01	1.441855761451483753e-01	-4.439121959197405709e-01	9.999999999999974465e-01	-4.438655293365529886e-01	1.916341676211243128e-01	-1.915146482021236607e-01	1.841350980499632528e-01	-4.294432633427252011e-01	1.912137859641405979e-01	-7.734939036673035839e-02	1.243454215363861692e-01	-2.119108070149980094e-01	1.984172669046207205e-01	-2.061528075885136757e-01	7.618745839037781298e-02	-1.449203172365752246e-01	1.061155272711757497e-01	-1.245205836634572516e-01	5.512480401406856523e-02	-5.788683318442380821e-02
-1.781384047505112783e-02	1.688774972844618236e-02	-7.141657777422420750e-02	1.173595851833710429e-01	-1.205355163821232589e-01	4.704471958970652540e-02	-1.270673217302208113e-01	6.642979954987168756e-02	-1.742929909992323445e-01	1.406211475873609396e-01	-5.033328805554300456e-02	1.157567805270371120e-01	-2.774868985773350505e-01	2.258806951919258565e-01	-2.310870670651555270e-01	1.166017627092899300e-01	-2.332038210235217734e-01	2.947367060730813337e-01	-6.434438806738836947e-01	2.306879463841412792e-01	-1.094531849020076164e-01	2.110452212253337290e-01	-4.438655293365529886e-01	9.999999999999976685e-01	-3.239699250134329134e-01	1.361630569313103944e-01	-1.329062845480288024e-01	2.339858417914585653e-01	-2.389167815467988509e-01	9.050542491058856387e-02	-9.973330242461751760e-02	1.580930956590202163e-01	-1.501973347672312664e-01	2.039438277413379019e-01	-9.085713498999985205e-02	1.167326658419128443e-01	-8.481582873868409589e-02	9.720884604693497133e-02	-5.855304421709488921e-02	6.026468056880458085e-02
1.459741185113378435e-02	-1.391974367631025090e-02	6.343655821263018135e-02	-1.260366605305651977e-01	1.206640739287153929e-01	-3.938001810228832639e-02	9.962875122597945887e-02	-6.072594422662679070e-02	1.574578800396512490e-01	-1.618091276399031553e-01	4.134144079910406083e-02	-9.347284629169017034e-02	2.107231456275354964e-01	-2.012538669792802992e-01	2.466374751292025325e-01	-9.955606207412533160e-02	1.512027696644736852e-01	-2.007541767417370393e-01	2.339138765674849962e-01	-7.754343292058422099e-01	8.704633419014226603e-02	-1.530395475229928415e-01	1.916341676211243128e-01	-3.239699250134329134e-01	9.999999999999976685e-01	-1.232525925683439633e-01	1.086521246834208365e-01	-2.109472537488927824e-01	1.546703700777906365e-01	-1.471362034805585028e-01	9.955169949288171505e-02	-1.655755707651080100e-01	1.327529079236597631e-01	-1.930111772386764735e-01	1.248842073478042825e-01	-1.278587400438224997e-01	8.450516931119839148e-02	-1.018272971465107313e-01	6.397335493232945980e-02	-6.831263562938309775e-02
-1.401427789351981056e-02	1.323774532617139586e-02	-4.967691483367027427e-02	6.604766763391128892e-02	-6.993007021594910277e-02	4.740713350422785105e-02	-1.009083802761411575e-01	4.514723967159622181e-02	-9.454495207290891656e-02	7.648664982141030466e-02	-5.073369348848646293e-02	8.929270669127185867e-02	-1.757330092382846931e-01	1.083920207887454495e-01	-1.226126995772552492e-01	2.025312128935750910e-01	-2.414627248151211270e-01	1.609974702442145134e-01	-1.374397341676256989e-01	9.988298704124748406e-02	-2.761305136348704559e-01	2.496188969135336444e-01	-1.915146482021236607e-01	1.361630569313103944e-01	-1.232525925683439633e-01	1.000000000000000666e+00	-8.196961816415293534e-01	1.576387916359610342e-01	-9.562663383409809870e-02	4.403141472740820100e-02	-1.834931828803736675e-01	1.790140266611253972e-01	-1.419976904889576064e-01	1.040655978663322240e-01	-4.497249543147312234e-02	1.511723473533023721e-01	-9.426034740147419544e-02	9.579142012111102611e-02	-3.138128272450419615e-02	3.246363956036995430e-02
1.207719659919124881e-02	-1.144060392278349603e-02	4.280838171941343112e-02	-5.815192804954753825e-02	6.067410249606677852e-02	-4.352182599679223912e-02	8.680118902356022403e-02	-3.929893034928724077e-02	8.215095800720312313e-02	-6.722835547706830506e-02	4.555433478319802915e-02	-7.943482932466791602e-02	1.505424839763698508e-01	-9.637691615056473426e-02	1.061834564649132839e-01	-2.016334613874267156e-01	2.163529023434263010e-01	-1.582436266628879651e-01	1.255490236858791686e-01	-9.053217531806319329e-02	1.955027031228766532e-01	-3.603503345419644677e-01	1.841350980499632528e-01	-1.329062845480288024e-01	1.086521246834208365e-01	-8.196961816415293534e-01	9.999999999999997780e-01	-1.712842373533543794e-01	9.427213614861919277e-02	-4.182145015472352179e-02	1.493850695031450904e-01	-2.132843166440487881e-01	1.429246385195002411e-01	-1.050930399935528087e-01	4.221789825519210726e-02	-1.492011813751620009e-01	9.241925839601991544e-02	-9.740999844814923758e-02	3.036473555047125572e-02	-3.165801398888581919e-02
-1.907586857465192257e-02	1.797097027763626051e-02	-7.302719878666254216e-02	1.023377348198068471e-01	-1.106769519611714991e-01	4.868397199959315080e-02	-1.330161779736937500e-01	6.568448538847952711e-02	-1.492580667045748377e-01	1.197909410879713366e-01	-5.284910636273009582e-02	1.143847275679924641e-01	-2.702099221988026323e-01	1.670695596375486869e-01	-1.971900509827690384e-01	1.172805901208048562e-01	-2.095988254777481907e-01	2.235893787220851470e-01	-2.170451816779446486e-01	1.604604169184748741e-01	-1.151684190618852410e-01	2.036508988164767164e-01	-4.294432633427252011e-01	2.339858417914585653e-01	-2.109472537488927824e-01	1.576387916359610342e-01	-1.712842373533543794e-01	9.999999999999992228e-01	-3.864735477835287147e-01	1.037661040962795933e-01	-1.644916748639821125e-01	2.710963116509798043e-01	-5.281191530173230397e-01	2.592185541093560142e-01	-1.067944067395758118e-01	1.664086736280733503e-01	-1.590430072266580674e-01	1.706965393906151596e-01	-7.265688390579805311e-02	7.265470608502910821e-02
1.170022771608656385e-02	-1.104864667390260263e-02	4.562905684506053661e-02	-6.763850976121954517e-02	7.151950397673166593e-02	-3.014786635839915643e-02	8.104281442610426767e-02	-4.152165613751079148e-02	9.693392883150202255e-02	-7.959257843417022471e-02	3.248144373227247056e-02	-7.102144763188723842e-02	1.657442510056214291e-01	-1.131613461658652203e-01	1.286523331794820202e-01	-7.332206505810058561e-02	1.255438157296132895e-01	-1.463485396360560131e-01	1.645715754739172643e-01	-1.215158636823684413e-01	6.925102044999117967e-02	-1.230309180730957269e-01	1.912137859641405979e-01	-2.389167815467988509e-01	1.546703700777906365e-01	-9.562663383409809870e-02	9.427213614861919277e-02	-3.864735477835287147e-01	1.000000000000001110e+00	-2.011295080720282569e-01	9.053368065697514622e-02	-1.571527858471812311e-01	1.786472922574169342e-01	-7.915407733777390931e-01	1.657725984456553669e-01	-1.012631276686404985e-01	8.383624358940904020e-02	-9.615178832808937703e-02	1.221838466498959552e-01	-1.275955410851143945e-01
-5.684850908490655073e-03	5.378885450061945094e-03	-2.287600165999486776e-02	3.669176908029529727e-02	-3.788153030017139822e-02	1.461417098422578519e-02	-3.898344964702289694e-02	2.104293221649532891e-02	-5.038544320506641722e-02	4.425011276099083402e-02	-1.565931888961282631e-02	3.449286893070832583e-02	-8.039375676416042615e-02	5.890285662468203176e-02	-7.058166562110100573e-02	3.478971700265741374e-02	-5.686523978861707934e-02	6.685987889862710087e-02	-7.512011897295466090e-02	1.024065954139922463e-01	-3.211665088353576197e-02	5.487937642758020790e-02	-7.734939036673035839e-02	9.050542491058856387e-02	-1.471362034805585028e-01	4.403141472740820100e-02	-4.182145015472352179e-02	1.037661040962795933e-01	-2.011295080720282569e-01	9.999999999999992228e-01	-3.968945424366009805e-02	6.510913541700390217e-02	-6.553080464534589977e-02	1.688522261775474154e-01	-9.325315113009848833e-01	4.644140466648211812e-02	-3.553054646802109029e-02	4.078561136862637881e-02	-1.371568187723040677e-01	1.306232289913267230e-01
9.930213963190050522e-03	-9.358187133859665122e-03	3.751145073294952920e-02	-5.140748582462806304e-02	5.561380079171202029e-02	-2.716389905404997113e-02	6.871739315957324512e-02	-3.371329042054141412e-02	7.412697023720750400e-02	-5.975252236757042784e-02	2.926391200133063308e-02	-5.920121574415282417e-02	1.332588600018825287e-01	-8.172703831319953760e-02	9.732284384340250671e-02	-7.898836542293430352e-02	1.088045124166380773e-01	-1.025625644555805405e-01	9.590450552602239331e-02	-7.768568934526655367e-02	7.897346229044485688e-02	-1.095795012356347159e-01	1.243454215363861692e-01	-9.973330242461751760e-02	9.955169949288171505e-02	-1.834931828803736675e-01	1.493850695031450904e-01	-1.644916748639821125e-01	9.053368065697514622e-02	-3.968945424366009805e-02	1.000000000000001110e+00	-4.078835723978798677e-01	2.087328195455428748e-01	-9.965858961535134508e-02	4.060194851056152243e-02	-8.153782811688635723e-01	2.050909409994714772e-01	-2.053261380071992326e-01	2.938835219318608472e-02	-3.026390248345384865e-02
-1.608398355759898049e-02	1.513711782116776948e-02	-6.134542440432456251e-02	8.387604987751733077e-02	-9.166580760409370754e-02	4.149287852665535514e-02	-1.111736642827952370e-01	5.484308869231879768e-02	-1.222651238390420614e-01	9.779747271538523357e-02	-4.507632906831612191e-02	9.452505273266428865e-02	-2.211304148981425854e-01	1.332169573728335388e-01	-1.613515648261932833e-01	1.045172286370434217e-01	-1.643169113657509950e-01	1.594589786202307291e-01	-1.556793658447919171e-01	1.256430780762824717e-01	-1.044832638978908657e-01	1.587632904987149041e-01	-2.119108070149980094e-01	1.580930956590202163e-01	-1.655755707651080100e-01	1.790140266611253972e-01	-2.132843166440487881e-01	2.710963116509798043e-01	-1.571527858471812311e-01	6.510913541700390217e-02	-4.078835723978798677e-01	1.000000000000000222e+00	-6.295998142724090751e-01	1.556926723798642276e-01	-6.770287143318672041e-02	2.694972715436665389e-01	-3.051887455970389573e-01	2.446526673993706102e-01	-4.735480434693371821e-02	4.779876762563853299e-02
1.237630928311706478e-02	-1.167130444790224000e-02	4.718245600712533960e-02	-6.620950963581173632e-02	7.109302432199521293e-02	-3.286057208128615598e-02	8.582825797937580770e-02	-4.258385125556977263e-02	9.538547716813658428e-02	-7.721256853846551749e-02	3.542049944162660446e-02	-7.448844104308814662e-02	1.704705172467284591e-01	-1.072809354401340343e-01	1.254671199443930796e-01	-8.746269796413060071e-02	1.363782621651947746e-01	-1.458171772120451237e-01	1.344277033229520912e-01	-1.041110052200526354e-01	8.414729050980224168e-02	-1.414564579930251698e-01	1.984172669046207205e-01	-1.501973347672312664e-01	1.327529079236597631e-01	-1.419976904889576064e-01	1.429246385195002411e-01	-5.281191530173230397e-01	1.786472922574169342e-01	-6.553080464534589977e-02	2.087328195455428748e-01	-6.295998142724090751e-01	1.000000000000000888e+00	-1.945281283406916362e-01	6.577247670338592922e-02	-2.282119024086205206e-01	2.303217847177382593e-01	-3.250692895433331397e-01	4.918916539490553880e-02	-5.052663104152357171e-02
-1.514668104276572884e-02	1.426952397884791515e-02	-5.921440187363752328e-02	8.513547890822334430e-02	-9.218062432998420930e-02	3.748414356687372606e-02	-1.044538377027416642e-01	5.326622942297352947e-02	-1.240211996094379293e-01	1.001519529697641742e-01	-4.072252314410279572e-02	8.943582819421476426e-02	-2.151091065469660779e-01	1.381152888690638791e-01	-1.655020274919792311e-01	8.292472910526997587e-02	-1.454952970683955349e-01	1.591732586073909828e-01	-1.859843135788712409e-01	1.428397288488409689e-01	-7.972212912324977419e-02	1.330739405742531467e-01	-2.061528075885136757e-01	2.039438277413379019e-01	-1.930111772386764735e-01	1.040655978663322240e-01	-1.050930399935528087e-01	2.592185541093560142e-01	-7.915407733777390931e-01	1.688522261775474154e-01	-9.965858961535134508e-02	1.556926723798642276e-01	-1.945281283406916362e-01	1.000000000000001110e+00	-1.907720624100230078e-01	1.073685722607104903e-01	-9.113570439315006599e-02	9.929168150403305804e-02	-1.836483082601595984e-01	1.487894976456030360e-01
5.566871875485756953e-03	-5.271577502504664996e-03	2.241557963122154870e-02	-3.636641111847373209e-02	3.717054034461515083e-02	-1.447025157660722545e-02	3.809997843257893063e-02	-2.070111224904887942e-02	4.937214738903122901e-02	-4.384845126637409995e-02	1.546069009095236285e-02	-3.392395711774957856e-02	7.816735683229698861e-02	-5.827060409185930157e-02	6.879701082540516655e-02	-3.523346321877358217e-02	5.647197804148323258e-02	-6.717842497804113466e-02	7.351332641175956084e-02	-1.041770298465615058e-01	3.228338385510775427e-02	-5.538218727958117704e-02	7.618745839037781298e-02	-9.085713498999985205e-02	1.248842073478042825e-01	-4.497249543147312234e-02	4.221789825519210726e-02	-1.067944067395758118e-01	1.657725984456553669e-01	-9.325315113009848833e-01	4.060194851056152243e-02	-6.770287143318672041e-02	6.577247670338592922e-02	-1.907720624100230078e-01	1.000000000000000888e+00	-4.818108920046728499e-02	3.632469777990426918e-02	-4.217960771124326658e-02	1.345106577674883563e-01	-1.647761574672967910e-01
-1.281321275498088080e-02	1.205412211812897233e-02	-4.880704847911521843e-02	6.610597102305547368e-02	-7.248865518667663155e-02	3.302363770544994304e-02	-8.818754079595271522e-02	4.353636695749429214e-02	-9.624269204565645552e-02	7.692493498201401214e-02	-3.590865828057038245e-02	7.462631957156874718e-02	-1.738441320364644271e-01	1.038727879121990050e-01	-1.268240248930338487e-01	8.329144681962113994e-02	-1.262365155490995094e-01	1.195892139786842445e-01	-1.167057038700428095e-01	9.727494880848316927e-02	-8.493809783683849146e-02	1.185660016631821939e-01	-1.449203172365752246e-01	1.167326658419128443e-01	-1.278587400438224997e-01	1.511723473533023721e-01	-1.492011813751620009e-01	1.664086736280733503e-01	-1.012631276686404985e-01	4.644140466648211812e-02	-8.153782811688635723e-01	2.694972715436665389e-01	-2.282119024086205206e-01	1.073685722607104903e-01	-4.818108920046728499e-02	1.000000000000000444e+00	-2.990996579473150230e-01	2.100018159501257364e-01	-3.354750620980670450e-02	3.416958220328589202e-02
8.181838474416650367e-03	-7.707123739996816179e-03	3.120620842652147703e-02	-4.306877581476415556e-02	4.670230508585566237e-02	-2.145026887920598035e-02	5.642424344304966533e-02	-2.800646567894801015e-02	6.225022813715340442e-02	-5.014940575754874702e-02	2.319704816193545599e-02	-4.836738830302509534e-02	1.115278626021951325e-01	-6.847260604763803771e-02	8.192282845270634772e-02	-5.592693838521452937e-02	8.407223516874276492e-02	-8.465935349316772163e-02	8.056201791969637427e-02	-6.551261872879177162e-02	5.441375622861283068e-02	-8.303399461227715939e-02	1.061155272711757497e-01	-8.481582873868409589e-02	8.450516931119839148e-02	-9.426034740147419544e-02	9.241925839601991544e-02	-1.590430072266580674e-01	8.383624358940904020e-02	-3.553054646802109029e-02	2.050909409994714772e-01	-3.051887455970389573e-01	2.303217847177382593e-01	-9.113570439315006599e-02	3.632469777990426918e-02	-2.990996579473150230e-01	1.000000000000000888e+00	-8.529619992873633816e-01	2.731476747297826441e-02	-2.799818513881241130e-02
-9.865338067741518530e-03	9.284518282271142509e-03	-3.775961574373011553e-02	5.176015796496932775e-02	-5.654819344391077279e-02	2.515327523546072308e-02	-6.792606774855192153e-02	3.375490241109378731e-02	-7.528074873614434837e-02	6.031945480377175206e-02	-2.733004435980495445e-02	5.769968065800408497e-02	-1.354361943402434820e-01	8.189678126277405434e-02	-9.929517591094134954e-02	6.119075836140829006e-02	-9.662277667658247804e-02	9.701133967992361939e-02	-9.471676011903359949e-02	7.763561888037250058e-02	-6.021345380416098791e-02	9.196193193907005459e-02	-1.245205836634572516e-01	9.720884604693497133e-02	-1.018272971465107313e-01	9.579142012111102611e-02	-9.740999844814923758e-02	1.706965393906151596e-01	-9.615178832808937703e-02	4.078561136862637881e-02	-2.053261380071992326e-01	2.446526673993706102e-01	-3.250692895433331397e-01	9.929168150403305804e-02	-4.217960771124326658e-02	2.100018159501257364e-01	-8.529619992873633816e-01	1.000000000000000666e+00	-3.103324376605107182e-02	3.137731359202919346e-02
4.296065253740662115e-03	-4.053808892301172077e-03	1.692833546420709906e-02	-2.519075403326832829e-02	2.676063786202820260e-02	-1.080964470961185558e-02	2.945100671230106021e-02	-1.534931410359260257e-02	3.572873941557834498e-02	-2.979325257464280827e-02	1.167191633638489830e-02	-2.551602611180242564e-02	6.023126655683086472e-02	-4.037749666595900205e-02	4.819105170437420343e-02	-2.476428715655221852e-02	4.114757678662234186e-02	-4.649168240739057212e-02	5.114214692972959830e-02	-5.023152497414980211e-02	2.323549334276439962e-02	-3.887426323746506762e-02	5.512480401406856523e-02	-5.855304421709488921e-02	6.397335493232945980e-02	-3.138128272450419615e-02	3.036473555047125572e-02	-7.265688390579805311e-02	1.221838466498959552e-01	-1.371568187723040677e-01	2.938835219318608472e-02	-4.735480434693371821e-02	4.918916539490553880e-02	-1.836483082601595984e-01	1.345106577674883563e-01	-3.354750620980670450e-02	2.731476747297826441e-02	-3.103324376605107182e-02	1.000000000000000666e+00	-9.540499732700541413e-01
