1.000000000000000000e+00	-4.707676049435154386e-01	2.445911812638012495e-01	-2.276393061437543552e-01	1.228918768724918120e-01	-6.805120924206711219e-01	2.823796171331389160e-01	-2.362860109368179473e-01	1.712394840071636282e-01	-1.050042161796818779e-01	3.043977967736252732e-01	-2.900940529229137921e-01	1.879473885819842316e-01	-2.303121454665515155e-01	1.310660066902418486e-01	-1.431564818278431572e-01	1.211528787539354751e-01	-1.470841741945560222e-01	1.454086844481090046e-01	-1.561592954231203478e-01	1.201721670852027857e-01	-1.151112897325033135e-01	1.019069998063003163e-01	-1.190298193770570334e-01	6.808363532250644168e-02	-9.898207209160664322e-02	8.512456090642814277e-02	-8.094779511068680988e-02	9.089853550673865357e-02	-6.898558720360067897e-02	2.730076423379282705e-02	-6.095653749254713316e-02	5.753364578738093260e-02	-1.561162212609780615e-02	1.177742162400346494e-02	-2.793356526531489206e-02	3.702857964814283004e-02	-4.051362887535885776e-02	1.428287072557796016e-02	-1.009679593680903875e-02
-4.707676049435154386e-01	1.000000000000000000e+00	-5.865414395748023146e-01	2.040615714599298691e-01	-1.263898926509092469e-01	2.698882185682950907e-01	-4.658314993855967590e-01	2.818884766826609822e-01	-1.924947090392093718e-01	1.055696185146218630e-01	-3.059920336320471335e-01	2.714586142326618767e-01	-2.065419152633625188e-01	2.050270463390278242e-01	-1.294397685881223115e-01	1.246107934409783902e-01	-1.146461399799178493e-01	1.380809978014031214e-01	-1.432400246406060063e-01	1.379958789610576109e-01	-1.139956586450108222e-01	1.033769707695807311e-01	-9.475362078560217727e-02	1.058531732949097581e-01	-6.177163887798649972e-02	8.710779755478499642e-02	-7.775490596693310219e-02	7.331346789813882048e-02	-8.434962180386022801e-02	6.144481348323132391e-02	-2.434720186988029167e-02	5.445329631817614341e-02	-5.230487964536556511e-02	1.409611491940704862e-02	-1.063056930133719422e-02	2.469641428360865726e-02	-3.335651004588789659e-02	3.607982709484984507e-02	-1.294000759711415663e-02	9.086550114271417511e-03
2.445911812638012495e-01	-5.865414395748023146e-01	9.999999999999997780e-01	-2.916470706386085632e-01	1.452256494850872603e-01	-2.140983688941045515e-01	2.815238733670976101e-01	-5.785918651001417112e-01	2.412942273774858482e-01	-1.305181668377278503e-01	2.404368711595661345e-01	-2.843790176923363666e-01	2.329506119752511595e-01	-2.562556443941177431e-01	1.445921385566250605e-01	-1.314223742986745103e-01	1.181662262952725972e-01	-1.576391018315811965e-01	1.544253038106648546e-01	-1.593269020326609775e-01	1.164554423288883117e-01	-1.096284625485803299e-01	1.013538525551417324e-01	-1.153690567518274729e-01	6.722526201344615482e-02	-9.200152904272043686e-02	8.145741330629409360e-02	-7.844132004305023886e-02	8.918707907908689225e-02	-6.730533470921919170e-02	2.559014498967709939e-02	-5.778925058207447230e-02	5.520498905560024955e-02	-1.491842172128330681e-02	1.129235632372926554e-02	-2.603120957339523020e-02	3.511568417208614512e-02	-3.818462343693239391e-02	1.366402241727706843e-02	-9.663168808454213055e-03
-2.276393061437543552e-01	2.040615714599298691e-01	-2.916470706386085632e-01	1.000000000000000222e+00	-3.683953185002792341e-01	1.779105895034499285e-01	-2.094862787999013098e-01	2.748174330129577458e-01	-6.791301231784644399e-01	2.539905529519004279e-01	-3.244389026129042564e-01	2.111872846743617083e-01	-2.181088628472464264e-01	2.457019554043473331e-01	-2.457033614393921706e-01	1.369739364485559052e-01	-1.243956338392429306e-01	1.595224697136455594e-01	-1.816047177111923538e-01	2.146938222153922660e-01	-1.409618142664884888e-01	1.211411188302627534e-01	-1.158257725093782414e-01	1.306859898305496592e-01	-8.377349315888039938e-02	1.051671840652736306e-01	-9.488879087614528196e-02	9.111085769530630207e-02	-1.081926185329987883e-01	8.221861936170557494e-02	-3.021149853328203641e-02	6.745926472543996300e-02	-6.539438976635293665e-02	1.790308537662265928e-02	-1.365798181637948097e-02	3.050777383160165057e-02	-4.174495093407339097e-02	4.492729104546724916e-02	-1.645112978983226046e-02	1.167121564455024171e-02
1.228918768724918120e-01	-1.263898926509092469e-01	1.452256494850872603e-01	-3.683953185002792341e-01	1.000000000000000000e+00	-1.052737948625499381e-01	1.248332342262413880e-01	-1.727351725310894703e-01	2.605966707018003148e-01	-7.556555037905412497e-01	1.721490223864412250e-01	-1.523552939660347272e-01	1.506455370345361755e-01	-2.139868611782412555e-01	2.900114347183593844e-01	-1.126241567228090656e-01	9.825499172565647921e-02	-1.377730345712790683e-01	1.523385679958861594e-01	-3.485152817905065037e-01	1.088465660832250714e-01	-1.023620149367721749e-01	1.003612406152187136e-01	-1.242332206893774077e-01	9.230701270172464445e-02	-9.109154437796657122e-02	7.986600126321645454e-02	-8.243700942767565043e-02	9.604797631879491426e-02	-9.362189352845912138e-02	2.600913402354920398e-02	-6.005157782990412640e-02	5.696040900744440971e-02	-1.619362649229871484e-02	1.279598946944716757e-02	-2.656089582543622041e-02	3.618898203211481229e-02	-3.978468362949139081e-02	1.471829825143769824e-02	-1.100781559567920800e-02
-6.805120924206711219e-01	2.698882185682950907e-01	-2.140983688941045515e-01	1.779105895034499285e-01	-1.052737948625499381e-01	1.000000000000000222e+00	-3.678005922641093828e-01	1.939747672505596487e-01	-1.465423197196550897e-01	8.800511478322978198e-02	-5.284819184025491001e-01	2.489034790526386265e-01	-1.657387883496748981e-01	1.857986726054139948e-01	-1.119811705106695532e-01	1.250180272706953866e-01	-1.080877926264332406e-01	1.245007302048840303e-01	-1.263439353603051374e-01	1.284943026498415186e-01	-1.065887419084861759e-01	9.889774163982469057e-02	-8.767302755228392752e-02	1.003558033137601918e-01	-5.765812319790603047e-02	8.439186149327770892e-02	-7.364044663874830254e-02	6.911400214723090185e-02	-7.837053862923150371e-02	5.801422379047258687e-02	-2.335120099554035059e-02	5.199774973960148705e-02	-4.940906101981590304e-02	1.335421770638827582e-02	-1.005646288871740908e-02	2.381030473832126265e-02	-3.173295741809251808e-02	3.453988362089273345e-02	-1.223874325529581905e-02	8.610385999492362052e-03
2.823796171331389160e-01	-4.658314993855967590e-01	2.815238733670976101e-01	-2.094862787999013098e-01	1.248332342262413880e-01	-3.678005922641093828e-01	1.000000000000000444e+00	-3.703547427752142407e-01	1.918500421084674556e-01	-1.072592735160028954e-01	2.800578984442252395e-01	-6.125820148259587539e-01	2.422213802379464265e-01	-2.367885456876227257e-01	1.308346100612927942e-01	-1.431966087994789305e-01	1.349355198106362841e-01	-1.567822849846398636e-01	1.532420698603916276e-01	-1.422344001742355535e-01	1.198561046611213432e-01	-1.140463979399120864e-01	1.014621284002640011e-01	-1.126487087909671253e-01	6.429345811013119361e-02	-9.218661045338392979e-02	8.253895642684373757e-02	-7.760304128372139121e-02	8.812423859959339634e-02	-6.409124474084024192e-02	2.537510540301372158e-02	-5.718628093726333544e-02	5.481252066943605172e-02	-1.466556806183473387e-02	1.103993332881418425e-02	-2.575936791292153527e-02	3.476303154443322052e-02	-3.765620948684745423e-02	1.345077059158440724e-02	-9.434821259334166474e-03
-2.362860109368179473e-01	2.818884766826609822e-01	-5.785918651001417112e-01	2.748174330129577458e-01	-1.727351725310894703e-01	1.939747672505596487e-01	-3.703547427752142407e-01	1.000000000000000000e+00	-4.394234246928739318e-01	1.532405761980752401e-01	-2.662285752158298768e-01	2.711231287438408688e-01	-3.780829041506117982e-01	2.647956703633683184e-01	-1.646056868262284478e-01	1.311506321805554764e-01	-1.243762665278193291e-01	1.715018267760840820e-01	-1.744183283234480575e-01	1.627456121233505082e-01	-1.224879795916609393e-01	1.117671196021484958e-01	-1.077167849702753838e-01	1.180452560569848069e-01	-6.964553691409551550e-02	9.299571251444074815e-02	-8.423219879714850811e-02	8.106093693617144602e-02	-9.353752874124236782e-02	6.881742020437951746e-02	-2.609611961150168011e-02	5.906686026005011220e-02	-5.706271078664946345e-02	1.534759401608193526e-02	-1.161556765883364067e-02	2.641672030715297437e-02	-3.605096740225911117e-02	3.895387442051172211e-02	-1.408315210126289546e-02	9.921905556673802501e-03
1.712394840071636282e-01	-1.924947090392093718e-01	2.412942273774858482e-01	-6.791301231784644399e-01	2.605966707018003148e-01	-1.465423197196550897e-01	1.918500421084674556e-01	-4.394234246928739318e-01	9.999999999999993339e-01	-3.365101610239830121e-01	2.229816920649023149e-01	-2.110324681339069697e-01	2.174917110731444669e-01	-2.956184436264435722e-01	2.092086922429238216e-01	-1.204091063129527350e-01	1.089047752052964002e-01	-1.510040042906305724e-01	1.600353297059277369e-01	-2.044664800347078260e-01	1.146336895173040715e-01	-1.048304606872566686e-01	1.005631080017722612e-01	-1.156133504175671650e-01	7.332223583606445327e-02	-8.951501182049130534e-02	8.001153188448471842e-02	-7.852008731065616975e-02	9.113128443411204482e-02	-7.290935095353791306e-02	2.532043678400583073e-02	-5.744450681234577333e-02	5.517642767837312168e-02	-1.511122381682562625e-02	1.157892274703297211e-02	-2.569384413633362188e-02	3.501922890933026333e-02	-3.801214004739721097e-02	1.383347874945385116e-02	-9.911751923976582640e-03
-1.050042161796818779e-01	1.055696185146218630e-01	-1.305181668377278503e-01	2.539905529519004279e-01	-7.556555037905412497e-01	8.800511478322978198e-02	-1.072592735160028954e-01	1.532405761980752401e-01	-3.365101610239830121e-01	9.999999999999990008e-01	-1.465815181776705667e-01	1.230940420295739274e-01	-1.294309777520178117e-01	1.741294184644840981e-01	-4.481843212626255291e-01	8.742489505714448605e-02	-7.787083045738506237e-02	1.086211218692291897e-01	-1.242696690820597333e-01	2.581234813159807850e-01	-8.623185409764373699e-02	7.930931753037652465e-02	-7.844794257713688657e-02	9.454668762294550499e-02	-7.081996456034707343e-02	6.977776120041052910e-02	-6.209227980755581411e-02	6.342631066411015539e-02	-7.490921451669296793e-02	6.990759372042648634e-02	-1.999016694749270601e-02	4.601792851168753223e-02	-4.404049639271792604e-02	1.243385035041751595e-02	-9.787180430948234922e-03	2.033334791946927664e-02	-2.788649814615598577e-02	3.046600592162858334e-02	-1.132949890598751105e-02	8.402109506536217104e-03
3.043977967736252732e-01	-3.059920336320471335e-01	2.404368711595661345e-01	-3.244389026129042564e-01	1.721490223864412250e-01	-5.284819184025491001e-01	2.800578984442252395e-01	-2.662285752158298768e-01	2.229816920649023149e-01	-1.465815181776705667e-01	1.000000000000000888e+00	-3.821344177456793556e-01	2.487471796498012533e-01	-3.391971461101427332e-01	1.905070697166544313e-01	-2.516516280084558632e-01	1.900258796608676470e-01	-2.197564338562072450e-01	2.137503080827847513e-01	-2.433094660371089568e-01	1.887893165648610594e-01	-1.845521555500823918e-01	1.579531591406518609e-01	-1.890052976034211074e-01	1.066334154288525876e-01	-1.616075553621118266e-01	1.354601333248610096e-01	-1.280573008145555192e-01	1.417303509623382418e-01	-1.092630996686562578e-01	4.415908635195768539e-02	-9.795815641599864287e-02	9.139596254895661354e-02	-2.489421124682985806e-02	1.874710666042707710e-02	-4.543562694894321546e-02	5.933717323677010352e-02	-6.535076140803183775e-02	2.273829469378016097e-02	-1.610150897946263301e-02
-2.900940529229137921e-01	2.714586142326618767e-01	-2.843790176923363666e-01	2.111872846743617083e-01	-1.523552939660347272e-01	2.489034790526386265e-01	-6.125820148259587539e-01	2.711231287438408688e-01	-2.110324681339069697e-01	1.230940420295739274e-01	-3.821344177456793556e-01	1.000000000000001776e+00	-4.261957532593578790e-01	2.735022734802317057e-01	-1.654308382368390451e-01	1.868468679200810112e-01	-2.157610762628812129e-01	2.068549206386159633e-01	-2.134735336092087599e-01	1.702094841560537475e-01	-1.659889640150155332e-01	1.517492115506713923e-01	-1.369586260946293599e-01	1.444527496332146665e-01	-8.256760379686441109e-02	1.197620787153610422e-01	-1.109173529012476705e-01	1.017806113100892529e-01	-1.174106447291531213e-01	8.119788745421253895e-02	-3.311791324779757295e-02	7.454077194740427181e-02	-7.241448996872199007e-02	1.916931077309988463e-02	-1.437250162374631088e-02	3.340229444471448650e-02	-4.559667322169155823e-02	4.892997053814308883e-02	-1.763312389038169600e-02	1.225137897291992892e-02
1.879473885819842316e-01	-2.065419152633625188e-01	2.329506119752511595e-01	-2.181088628472464264e-01	1.506455370345361755e-01	-1.657387883496748981e-01	2.422213802379464265e-01	-3.780829041506117982e-01	2.174917110731444669e-01	-1.294309777520178117e-01	2.487471796498012533e-01	-4.261957532593578790e-01	1.000000000000002220e+00	-6.210033634161024052e-01	1.776710916759950964e-01	-1.733111105652306305e-01	1.711981302519194337e-01	-3.756461022355938595e-01	2.599145572918062919e-01	-1.874873138274588125e-01	1.503854825055569722e-01	-1.471211947666413999e-01	1.498386210901005156e-01	-1.588551955780021507e-01	8.601948639650319750e-02	-1.149467176622588072e-01	1.060356411157408751e-01	-1.060837661586297442e-01	1.183028814192722544e-01	-8.490917306538062204e-02	3.171771721486479900e-02	-7.388713198119087333e-02	7.154044508912021927e-02	-1.886791292357374236e-02	1.421300613967014723e-02	-3.209046826282067194e-02	4.428344115399905634e-02	-4.797549793413580232e-02	1.728364461614185360e-02	-1.212380317810646951e-02
-2.303121454665515155e-01	2.050270463390278242e-01	-2.562556443941177431e-01	2.457019554043473331e-01	-2.139868611782412555e-01	1.857986726054139948e-01	-2.367885456876227257e-01	2.647956703633683184e-01	-2.956184436264435722e-01	1.741294184644840981e-01	-3.391971461101427332e-01	2.735022734802317057e-01	-6.210033634161024052e-01	1.000000000000000000e+00	-2.883063956869255096e-01	1.788174083121515101e-01	-1.753778799258475241e-01	2.668929171232097275e-01	-3.542122971256365105e-01	2.366774467754999833e-01	-1.803211176533414117e-01	1.595439485624700060e-01	-1.658452903042295645e-01	1.773303772801583800e-01	-1.046264929897982865e-01	1.322342976663072600e-01	-1.230551761722870618e-01	1.203690563619945059e-01	-1.421799302971578915e-01	1.011473792088396495e-01	-3.759940181137266801e-02	8.588578604067526046e-02	-8.418662819966736544e-02	2.252760655428372519e-02	-1.706787674761855653e-02	3.785112634960997174e-02	-5.257553348325707393e-02	5.644636999337596106e-02	-2.070826367701929932e-02	1.454567745846336788e-02
1.310660066902418486e-01	-1.294397685881223115e-01	1.445921385566250605e-01	-2.457033614393921706e-01	2.900114347183593844e-01	-1.119811705106695532e-01	1.308346100612927942e-01	-1.646056868262284478e-01	2.092086922429238216e-01	-4.481843212626255291e-01	1.905070697166544313e-01	-1.654308382368390451e-01	1.776710916759950964e-01	-2.883063956869255096e-01	9.999999999999997780e-01	-1.345472491926912317e-01	1.185390139144073124e-01	-1.754028719720229779e-01	2.047772628097105918e-01	-7.059889622710352475e-01	1.319978141667089433e-01	-1.250736137814139615e-01	1.274810495317358905e-01	-1.609337011030961273e-01	1.366154140174715148e-01	-1.110670484815549364e-01	9.858372035433490832e-02	-1.053316257582026377e-01	1.246474822860842574e-01	-1.360998999750268335e-01	3.184365800951210329e-02	-7.498219412746666424e-02	7.136208167538428404e-02	-2.068015617555991545e-02	1.672775670091318501e-02	-3.248478645529141728e-02	4.481506348567555753e-02	-4.936174214421680528e-02	1.872810565988895781e-02	-1.440406958524145797e-02
-1.431564818278431572e-01	1.246107934409783902e-01	-1.314223742986745103e-01	1.369739364485559052e-01	-1.126241567228090656e-01	1.250180272706953866e-01	-1.431966087994789305e-01	1.311506321805554764e-01	-1.204091063129527350e-01	8.742489505714448605e-02	-2.516516280084558632e-01	1.868468679200810112e-01	-1.733111105652306305e-01	1.788174083121515101e-01	-1.345472491926912317e-01	9.999999999999993339e-01	-7.294551032507565758e-01	2.386109534399846466e-01	-2.523370275091778026e-01	1.502751841998363480e-01	-4.225855756363064430e-01	2.869400155472811575e-01	-1.998723015574138950e-01	1.877135259525654909e-01	-1.014817189746674564e-01	2.009042662739425888e-01	-2.013986566238102349e-01	1.478747712378590817e-01	-1.678679096049801589e-01	9.878016779968684657e-02	-4.973691392837163716e-02	1.107250985160285056e-01	-1.090999247724179777e-01	2.702974694902408534e-02	-1.968915826022111029e-02	4.950467217830920030e-02	-6.724380375493017870e-02	7.025780737094100559e-02	-2.502485349301883377e-02	1.665289427502902875e-02
1.211528787539354751e-01	-1.146461399799178493e-01	1.181662262952725972e-01	-1.243956338392429306e-01	9.825499172565647921e-02	-1.080877926264332406e-01	1.349355198106362841e-01	-1.243762665278193291e-01	1.089047752052964002e-01	-7.787083045738506237e-02	1.900258796608676470e-01	-2.157610762628812129e-01	1.711981302519194337e-01	-1.753778799258475241e-01	1.185390139144073124e-01	-7.294551032507565758e-01	1.000000000000000222e+00	-3.362286761976880367e-01	2.285157111942630603e-01	-1.385647113636301886e-01	2.746796030400762700e-01	-4.239028361860140981e-01	1.969447373315023064e-01	-1.877916063982546235e-01	9.235886160905858178e-02	-1.872602100780733914e-01	1.825804310916585849e-01	-1.414468106768268785e-01	1.483195155576178537e-01	-9.152249653694971565e-02	4.409174897001169602e-02	-1.021970217366883621e-01	9.769193074431931079e-02	-2.398952380888211972e-02	1.745070891628263191e-02	-4.436625486585638045e-02	5.953463863776532056e-02	-6.337044245457786051e-02	2.205791337575278149e-02	-1.479190143243349839e-02
-1.470841741945560222e-01	1.380809978014031214e-01	-1.576391018315811965e-01	1.595224697136455594e-01	-1.377730345712790683e-01	1.245007302048840303e-01	-1.567822849846398636e-01	1.715018267760840820e-01	-1.510040042906305724e-01	1.086211218692291897e-01	-2.197564338562072450e-01	2.068549206386159633e-01	-3.756461022355938595e-01	2.668929171232097275e-01	-1.754028719720229779e-01	2.386109534399846466e-01	-3.362286761976880367e-01	1.000000000000000000e+00	-6.768431913975384573e-01	2.003440575707300386e-01	-2.115307755850499571e-01	2.168492682600519639e-01	-3.158940201091255395e-01	2.438180279739471934e-01	-1.179453703315062607e-01	1.550839112514997564e-01	-1.539157182402955404e-01	1.625087766710729964e-01	-1.773640675997596450e-01	1.132920561889355499e-01	-4.240819811615842427e-02	1.033904647588115566e-01	-1.033137529024381884e-01	2.591139566158786808e-02	-1.926287273991138249e-02	4.263358012177241585e-02	-6.075769682621633139e-02	6.553247186420682602e-02	-2.373999288208423000e-02	1.634239375272788022e-02
1.454086844481090046e-01	-1.432400246406060063e-01	1.544253038106648546e-01	-1.816047177111923538e-01	1.523385679958861594e-01	-1.263439353603051374e-01	1.532420698603916276e-01	-1.744183283234480575e-01	1.600353297059277369e-01	-1.242696690820597333e-01	2.137503080827847513e-01	-2.134735336092087599e-01	2.599145572918062919e-01	-3.542122971256365105e-01	2.047772628097105918e-01	-2.523370275091778026e-01	2.285157111942630603e-01	-6.768431913975384573e-01	9.999999999999991118e-01	-3.133576152770672363e-01	2.025752026059916555e-01	-2.185261646279746395e-01	2.431959634831407924e-01	-3.316173621195767085e-01	1.391359813348227725e-01	-1.665683567757412220e-01	1.531439673057849726e-01	-1.674810896227462986e-01	1.812020643465787340e-01	-1.366535519924732822e-01	4.516709439110192653e-02	-1.102440550387570189e-01	1.059473563246544486e-01	-2.770904288381226960e-02	2.098139672067490802e-02	-4.590864402889653639e-02	6.406051712858282232e-02	-7.033008542962432275e-02	2.522872817088587030e-02	-1.790737200819240288e-02
-1.561592954231203478e-01	1.379958789610576109e-01	-1.593269020326609775e-01	2.146938222153922660e-01	-3.485152817905065037e-01	1.284943026498415186e-01	-1.422344001742355535e-01	1.627456121233505082e-01	-2.044664800347078260e-01	2.581234813159807850e-01	-2.433094660371089568e-01	1.702094841560537475e-01	-1.874873138274588125e-01	2.366774467754999833e-01	-7.059889622710352475e-01	1.502751841998363480e-01	-1.385647113636301886e-01	2.003440575707300386e-01	-3.133576152770672363e-01	1.000000000000000444e+00	-1.631479996002564159e-01	1.447822445306164996e-01	-1.565968757139134249e-01	1.872833493855153575e-01	-2.166109956706326889e-01	1.276957983674308350e-01	-1.186776741924239903e-01	1.265339777295395873e-01	-1.626059480979702432e-01	1.654880149376053433e-01	-3.756970808216833491e-02	8.834175792813647732e-02	-8.667541647136080274e-02	2.514969170264846551e-02	-2.051014580146675453e-02	3.789884173819395297e-02	-5.365170729009492712e-02	5.811795054331890531e-02	-2.292269753809720451e-02	1.752870195797135572e-02
1.201721670852027857e-01	-1.139956586450108222e-01	1.164554423288883117e-01	-1.409618142664884888e-01	1.088465660832250714e-01	-1.065887419084861759e-01	1.198561046611213432e-01	-1.224879795916609393e-01	1.146336895173040715e-01	-8.623185409764373699e-02	1.887893165648610594e-01	-1.659889640150155332e-01	1.503854825055569722e-01	-1.803211176533414117e-01	1.319978141667089433e-01	-4.225855756363064430e-01	2.746796030400762700e-01	-2.115307755850499571e-01	2.025752026059916555e-01	-1.631479996002564159e-01	9.999999999999992228e-01	-5.401680446517166390e-01	2.412738837255102853e-01	-2.671881343587590996e-01	1.262677374294360888e-01	-5.132850356604862219e-01	2.985074216863834451e-01	-2.095376774697135513e-01	2.079923507162247664e-01	-1.304244988856875787e-01	8.604395396656328021e-02	-1.702998802364549813e-01	1.527790000408952575e-01	-3.744198779320126458e-02	2.679591708513093598e-02	-8.901679525302243212e-02	9.867827988282878993e-02	-1.070142646314938550e-01	3.429979578550001323e-02	-2.281292401925456154e-02
-1.151112897325033135e-01	1.033769707695807311e-01	-1.096284625485803299e-01	1.211411188302627534e-01	-1.023620149367721749e-01	9.889774163982469057e-02	-1.140463979399120864e-01	1.117671196021484958e-01	-1.048304606872566686e-01	7.930931753037652465e-02	-1.845521555500823918e-01	1.517492115506713923e-01	-1.471211947666413999e-01	1.595439485624700060e-01	-1.250736137814139615e-01	2.869400155472811575e-01	-4.239028361860140981e-01	2.168492682600519639e-01	-2.185261646279746395e-01	1.447822445306164996e-01	-5.401680446517166390e-01	9.999999999999991118e-01	-3.813418848765435243e-01	2.499460628402205842e-01	-1.272514065466924527e-01	2.931943106634334884e-01	-4.418823250538151393e-01	2.257600275219164287e-01	-2.334595658488758940e-01	1.239518785879626939e-01	-6.807191117066864472e-02	1.633964480906507644e-01	-1.617358938718913008e-01	3.659740386273257345e-02	-2.605260081772138581e-02	6.710705450215892487e-02	-9.391993819109500929e-02	9.669005966793436935e-02	-3.384681333929745461e-02	2.188477545121858547e-02
1.019069998063003163e-01	-9.475362078560217727e-02	1.013538525551417324e-01	-1.158257725093782414e-01	1.003612406152187136e-01	-8.767302755228392752e-02	1.014621284002640011e-01	-1.077167849702753838e-01	1.005631080017722612e-01	-7.844794257713688657e-02	1.579531591406518609e-01	-1.369586260946293599e-01	1.498386210901005156e-01	-1.658452903042295645e-01	1.274810495317358905e-01	-1.998723015574138950e-01	1.969447373315023064e-01	-3.158940201091255395e-01	2.431959634831407924e-01	-1.565968757139134249e-01	2.412738837255102853e-01	-3.813418848765435243e-01	9.999999999999983347e-01	-6.187277457418645099e-01	1.760133759998589453e-01	-2.172704270831584128e-01	2.267415901257809063e-01	-4.439551381127253560e-01	2.888894535052103363e-01	-1.793405754413605613e-01	5.960413761114352615e-02	-1.739800276621119024e-01	1.721604672951061177e-01	-3.960394283168080370e-02	2.862550633848750040e-02	-6.036217448582748002e-02	9.143350240531573914e-02	-1.030373235095399798e-01	3.561583065998428360e-02	-2.421510250146648863e-02
-1.190298193770570334e-01	1.058531732949097581e-01	-1.153690567518274729e-01	1.306859898305496592e-01	-1.242332206893774077e-01	1.003558033137601918e-01	-1.126487087909671253e-01	1.180452560569848069e-01	-1.156133504175671650e-01	9.454668762294550499e-02	-1.890052976034211074e-01	1.444527496332146665e-01	-1.588551955780021507e-01	1.773303772801583800e-01	-1.609337011030961273e-01	1.877135259525654909e-01	-1.877916063982546235e-01	2.438180279739471934e-01	-3.316173621195767085e-01	1.872833493855153575e-01	-2.671881343587590996e-01	2.499460628402205842e-01	-6.187277457418645099e-01	9.999999999999960032e-01	-3.206390837446096431e-01	2.012379555075994864e-01	-2.173302970729451000e-01	2.784984960221877359e-01	-4.064805536183030976e-01	2.305955688943621407e-01	-5.973370231755969345e-02	1.564017846426194180e-01	-1.662421750399892539e-01	4.232735627536691331e-02	-3.242326926511440027e-02	5.946348967504672123e-02	-9.138662592571294985e-02	9.812243036267342955e-02	-3.870694072067457081e-02	2.727776610173197891e-02
6.808363532250644168e-02	-6.177163887798649972e-02	6.722526201344615482e-02	-8.377349315888039938e-02	9.230701270172464445e-02	-5.765812319790603047e-02	6.429345811013119361e-02	-6.964553691409551550e-02	7.332223583606445327e-02	-7.081996456034707343e-02	1.066334154288525876e-01	-8.256760379686441109e-02	8.601948639650319750e-02	-1.046264929897982865e-01	1.366154140174715148e-01	-1.014817189746674564e-01	9.235886160905858178e-02	-1.179453703315062607e-01	1.391359813348227725e-01	-2.166109956706326889e-01	1.262677374294360888e-01	-1.272514065466924527e-01	1.760133759998589453e-01	-3.206390837446096431e-01	9.999999999999981126e-01	-1.214421735425906396e-01	1.149793052527525172e-01	-1.758247894626585595e-01	2.350398752951499415e-01	-8.530892701095512676e-01	3.622259105831863307e-02	-1.011831178647713547e-01	9.662984417880333965e-02	-3.510304392008841562e-02	3.627701496914352564e-02	-3.703717596964246905e-02	5.546428579706202955e-02	-6.314605741562924479e-02	3.015051050327889615e-02	-3.142223968698852621e-02
-9.898207209160664322e-02	8.710779755478499642e-02	-9.200152904272043686e-02	1.051671840652736306e-01	-9.109154437796657122e-02	8.439186149327770892e-02	-9.218661045338392979e-02	9.299571251444074815e-02	-8.951501182049130534e-02	6.977776120041052910e-02	-1.616075553621118266e-01	1.197620787153610422e-01	-1.149467176622588072e-01	1.322342976663072600e-01	-1.110670484815549364e-01	2.009042662739425888e-01	-1.872602100780733914e-01	1.550839112514997564e-01	-1.665683567757412220e-01	1.276957983674308350e-01	-5.132850356604862219e-01	2.931943106634334884e-01	-2.172704270831584128e-01	2.012379555075994864e-01	-1.214421735425906396e-01	9.999999999999974465e-01	-6.802142474267194316e-01	2.272908019971030258e-01	-2.545732920294245250e-01	1.179302948429080816e-01	-1.267719888189956234e-01	1.970175842050269632e-01	-1.966515915257316671e-01	4.287747401085802157e-02	-2.992905371385875049e-02	1.102686190717303699e-01	-1.221105090931901699e-01	1.178015722940691790e-01	-4.020857357198730914e-02	2.494427187255867165e-02
8.512456090642814277e-02	-7.775490596693310219e-02	8.145741330629409360e-02	-9.488879087614528196e-02	7.986600126321645454e-02	-7.364044663874830254e-02	8.253895642684373757e-02	-8.423219879714850811e-02	8.001153188448471842e-02	-6.209227980755581411e-02	1.354601333248610096e-01	-1.109173529012476705e-01	1.060356411157408751e-01	-1.230551761722870618e-01	9.858372035433490832e-02	-2.013986566238102349e-01	1.825804310916585849e-01	-1.539157182402955404e-01	1.531439673057849726e-01	-1.186776741924239903e-01	2.985074216863834451e-01	-4.418823250538151393e-01	2.267415901257809063e-01	-2.173302970729451000e-01	1.149793052527525172e-01	-6.802142474267194316e-01	9.999999999999997780e-01	-3.280859809579290132e-01	2.348695141016109156e-01	-1.182176334576905963e-01	9.470255576262573416e-02	-2.814744990317198381e-01	2.100240880353601014e-01	-4.311345396218711767e-02	2.927262971625315194e-02	-9.432123284175081279e-02	1.219578482646088424e-01	-1.256454418231325310e-01	3.948289047016570463e-02	-2.448188451027304841e-02
-8.094779511068680988e-02	7.331346789813882048e-02	-7.844132004305023886e-02	9.111085769530630207e-02	-8.243700942767565043e-02	6.911400214723090185e-02	-7.760304128372139121e-02	8.106093693617144602e-02	-7.852008731065616975e-02	6.342631066411015539e-02	-1.280573008145555192e-01	1.017806113100892529e-01	-1.060837661586297442e-01	1.203690563619945059e-01	-1.053316257582026377e-01	1.478747712378590817e-01	-1.414468106768268785e-01	1.625087766710729964e-01	-1.674810896227462986e-01	1.265339777295395873e-01	-2.095376774697135513e-01	2.257600275219164287e-01	-4.439551381127253560e-01	2.784984960221877359e-01	-1.758247894626585595e-01	2.272908019971030258e-01	-3.280859809579290132e-01	1.000000000000000000e+00	-6.408524966574167259e-01	1.769519661236347852e-01	-7.064834174027509461e-02	2.380716058412954139e-01	-3.517411544719500904e-01	5.432960809547651704e-02	-3.643630705452027135e-02	7.034095842964536993e-02	-1.221177595378721281e-01	1.360133703008759298e-01	-4.883608730756344718e-02	3.003598291409613485e-02
9.089853550673865357e-02	-8.434962180386022801e-02	8.918707907908689225e-02	-1.081926185329987883e-01	9.604797631879491426e-02	-7.837053862923150371e-02	8.812423859959339634e-02	-9.353752874124236782e-02	9.113128443411204482e-02	-7.490921451669296793e-02	1.417303509623382418e-01	-1.174106447291531213e-01	1.183028814192722544e-01	-1.421799302971578915e-01	1.246474822860842574e-01	-1.678679096049801589e-01	1.483195155576178537e-01	-1.773640675997596450e-01	1.812020643465787340e-01	-1.626059480979702432e-01	2.079923507162247664e-01	-2.334595658488758940e-01	2.888894535052103363e-01	-4.064805536183030976e-01	2.350398752951499415e-01	-2.545732920294245250e-01	2.348695141016109156e-01	-6.408524966574167259e-01	1.000000000000000444e+00	-3.467503360013570735e-01	7.433395921414580332e-02	-2.402140912831054187e-01	2.202110743899939882e-01	-5.732525404735604180e-02	4.094707315576730927e-02	-7.707071608608498381e-02	1.183751791028212069e-01	-1.417154920116835137e-01	4.975792124349726758e-02	-3.477798204660869502e-02
-6.898558720360067897e-02	6.144481348323132391e-02	-6.730533470921919170e-02	8.221861936170557494e-02	-9.362189352845912138e-02	5.801422379047258687e-02	-6.409124474084024192e-02	6.881742020437951746e-02	-7.290935095353791306e-02	6.990759372042648634e-02	-1.092630996686562578e-01	8.119788745421253895e-02	-8.490917306538062204e-02	1.011473792088396495e-01	-1.360998999750268335e-01	9.878016779968684657e-02	-9.152249653694971565e-02	1.132920561889355499e-01	-1.366535519924732822e-01	1.654880149376053433e-01	-1.304244988856875787e-01	1.239518785879626939e-01	-1.793405754413605613e-01	2.305955688943621407e-01	-8.530892701095512676e-01	1.179302948429080816e-01	-1.182176334576905963e-01	1.769519661236347852e-01	-3.467503360013570735e-01	9.999999999999994449e-01	-3.590675644223813995e-02	9.928571179857487161e-02	-1.002830439824267533e-01	3.772836820492821153e-02	-4.188088104383587418e-02	3.632063831063987724e-02	-5.569978021501179044e-02	6.210937524183781505e-02	-3.267511901366006860e-02	3.444755591275801970e-02
2.730076423379282705e-02	-2.434720186988029167e-02	2.559014498967709939e-02	-3.021149853328203641e-02	2.600913402354920398e-02	-2.335120099554035059e-02	2.537510540301372158e-02	-2.609611961150168011e-02	2.532043678400583073e-02	-1.999016694749270601e-02	4.415908635195768539e-02	-3.311791324779757295e-02	3.171771721486479900e-02	-3.759940181137266801e-02	3.184365800951210329e-02	-4.973691392837163716e-02	4.409174897001169602e-02	-4.240819811615842427e-02	4.516709439110192653e-02	-3.756970808216833491e-02	8.604395396656328021e-02	-6.807191117066864472e-02	5.960413761114352615e-02	-5.973370231755969345e-02	3.622259105831863307e-02	-1.267719888189956234e-01	9.470255576262573416e-02	-7.064834174027509461e-02	7.433395921414580332e-02	-3.590675644223813995e-02	9.999999999999980016e-01	-1.492637246858628530e-01	1.115853145948959430e-01	-2.311756738562067287e-02	1.498993386324970652e-02	-9.550808543496732694e-01	1.492764063751575443e-01	-1.493606484476435736e-01	2.169160347075002604e-02	-1.264152027440441743e-02
-6.095653749254713316e-02	5.445329631817614341e-02	-5.778925058207447230e-02	6.745926472543996300e-02	-6.005157782990412640e-02	5.199774973960148705e-02	-5.718628093726333544e-02	5.906686026005011220e-02	-5.744450681234577333e-02	4.601792851168753223e-02	-9.795815641599864287e-02	7.454077194740427181e-02	-7.388713198119087333e-02	8.588578604067526046e-02	-7.498219412746666424e-02	1.107250985160285056e-01	-1.021970217366883621e-01	1.033904647588115566e-01	-1.102440550387570189e-01	8.834175792813647732e-02	-1.702998802364549813e-01	1.633964480906507644e-01	-1.739800276621119024e-01	1.564017846426194180e-01	-1.011831178647713547e-01	1.970175842050269632e-01	-2.814744990317198381e-01	2.380716058412954139e-01	-2.402140912831054187e-01	9.928571179857487161e-02	-1.492637246858628530e-01	9.999999999999990008e-01	-7.552560325954520426e-01	8.760697257417567052e-02	-5.476704390020345481e-02	1.308778011102336714e-01	-3.588134839428055445e-01	2.630776688938759600e-01	-8.313484779429303195e-02	4.346891271303359588e-02
5.753364578738093260e-02	-5.230487964536556511e-02	5.520498905560024955e-02	-6.539438976635293665e-02	5.696040900744440971e-02	-4.940906101981590304e-02	5.481252066943605172e-02	-5.706271078664946345e-02	5.517642767837312168e-02	-4.404049639271792604e-02	9.139596254895661354e-02	-7.241448996872199007e-02	7.154044508912021927e-02	-8.418662819966736544e-02	7.136208167538428404e-02	-1.090999247724179777e-01	9.769193074431931079e-02	-1.033137529024381884e-01	1.059473563246544486e-01	-8.667541647136080274e-02	1.527790000408952575e-01	-1.617358938718913008e-01	1.721604672951061177e-01	-1.662421750399892539e-01	9.662984417880333965e-02	-1.966515915257316671e-01	2.100240880353601014e-01	-3.517411544719500904e-01	2.202110743899939882e-01	-1.002830439824267533e-01	1.115853145948959430e-01	-7.552560325954520426e-01	9.999999999999995559e-01	-1.121039979401491082e-01	5.901949960830565889e-02	-1.141772367717076575e-01	2.492920880139549433e-01	-3.489432711407314258e-01	8.957237767317537125e-02	-4.786336724993089237e-02
-1.561162212609780615e-02	1.409611491940704862e-02	-1.491842172128330681e-02	1.790308537662265928e-02	-1.619362649229871484e-02	1.335421770638827582e-02	-1.466556806183473387e-02	1.534759401608193526e-02	-1.511122381682562625e-02	1.243385035041751595e-02	-2.489421124682985806e-02	1.916931077309988463e-02	-1.886791292357374236e-02	2.252760655428372519e-02	-2.068015617555991545e-02	2.702974694902408534e-02	-2.398952380888211972e-02	2.591139566158786808e-02	-2.770904288381226960e-02	2.514969170264846551e-02	-3.744198779320126458e-02	3.659740386273257345e-02	-3.960394283168080370e-02	4.232735627536691331e-02	-3.510304392008841562e-02	4.287747401085802157e-02	-4.311345396218711767e-02	5.432960809547651704e-02	-5.732525404735604180e-02	3.772836820492821153e-02	-2.311756738562067287e-02	8.760697257417567052e-02	-1.121039979401491082e-01	9.999999999999988898e-01	-4.578692186764017347e-01	2.328137791992973896e-02	-4.980886301198510918e-02	5.847414725062163865e-02	-8.239131799552145141e-01	2.958965026987189773e-01
1.177742162400346494e-02	-1.063056930133719422e-02	1.129235632372926554e-02	-1.365798181637948097e-02	1.279598946944716757e-02	-1.005646288871740908e-02	1.103993332881418425e-02	-1.161556765883364067e-02	1.157892274703297211e-02	-9.787180430948234922e-03	1.874710666042707710e-02	-1.437250162374631088e-02	1.421300613967014723e-02	-1.706787674761855653e-02	1.672775670091318501e-02	-1.968915826022111029e-02	1.745070891628263191e-02	-1.926287273991138249e-02	2.098139672067490802e-02	-2.051014580146675453e-02	2.679591708513093598e-02	-2.605260081772138581e-02	2.862550633848750040e-02	-3.242326926511440027e-02	3.627701496914352564e-02	-2.992905371385875049e-02	2.927262971625315194e-02	-3.643630705452027135e-02	4.094707315576730927e-02	-4.188088104383587418e-02	1.498993386324970652e-02	-5.476704390020345481e-02	5.901949960830565889e-02	-4.578692186764017347e-01	9.999999999999993339e-01	-1.525759455374400136e-02	3.034608005916570109e-02	-3.628762214593795471e-02	2.978942891143012694e-01	-8.332186288426173260e-01
-2.793356526531489206e-02	2.469641428360865726e-02	-2.603120957339523020e-02	3.050777383160165057e-02	-2.656089582543622041e-02	2.381030473832126265e-02	-2.575936791292153527e-02	2.641672030715297437e-02	-2.569384413633362188e-02	2.033334791946927664e-02	-4.543562694894321546e-02	3.340229444471448650e-02	-3.209046826282067194e-02	3.785112634960997174e-02	-3.248478645529141728e-02	4.950467217830920030e-02	-4.436625486585638045e-02	4.263358012177241585e-02	-4.590864402889653639e-02	3.789884173819395297e-02	-8.901679525302243212e-02	6.710705450215892487e-02	-6.036217448582748002e-02	5.946348967504672123e-02	-3.703717596964246905e-02	1.102686190717303699e-01	-9.432123284175081279e-02	7.034095842964536993e-02	-7.707071608608498381e-02	3.632063831063987724e-02	-9.550808543496732694e-01	1.308778011102336714e-01	-1.141772367717076575e-01	2.328137791992973896e-02	-1.525759455374400136e-02	9.999999999999992228e-01	-1.787604441929166454e-01	1.379576106694271054e-01	-2.209780402380006128e-02	1.277407377361568924e-02
3.702857964814283004e-02	-3.335651004588789659e-02	3.511568417208614512e-02	-4.174495093407339097e-02	3.618898203211481229e-02	-3.173295741809251808e-02	3.476303154443322052e-02	-3.605096740225911117e-02	3.501922890933026333e-02	-2.788649814615598577e-02	5.933717323677010352e-02	-4.559667322169155823e-02	4.428344115399905634e-02	-5.257553348325707393e-02	4.481506348567555753e-02	-6.724380375493017870e-02	5.953463863776532056e-02	-6.075769682621633139e-02	6.406051712858282232e-02	-5.365170729009492712e-02	9.867827988282878993e-02	-9.391993819109500929e-02	9.143350240531573914e-02	-9.138662592571294985e-02	5.546428579706202955e-02	-1.221105090931901699e-01	1.219578482646088424e-01	-1.221177595378721281e-01	1.183751791028212069e-01	-5.569978021501179044e-02	1.492764063751575443e-01	-3.588134839428055445e-01	2.492920880139549433e-01	-4.980886301198510918e-02	3.034608005916570109e-02	-1.787604441929166454e-01	9.999999999999992228e-01	-8.621901591050955549e-01	4.667233007286442081e-02	-2.623747206805863638e-02
-4.051362887535885776e-02	3.607982709484984507e-02	-3.818462343693239391e-02	4.492729104546724916e-02	-3.978468362949139081e-02	3.453988362089273345e-02	-3.765620948684745423e-02	3.895387442051172211e-02	-3.801214004739721097e-02	3.046600592162858334e-02	-6.535076140803183775e-02	4.892997053814308883e-02	-4.797549793413580232e-02	5.644636999337596106e-02	-4.936174214421680528e-02	7.025780737094100559e-02	-6.337044245457786051e-02	6.553247186420682602e-02	-7.033008542962432275e-02	5.811795054331890531e-02	-1.070142646314938550e-01	9.669005966793436935e-02	-1.030373235095399798e-01	9.812243036267342955e-02	-6.314605741562924479e-02	1.178015722940691790e-01	-1.256454418231325310e-01	1.360133703008759298e-01	-1.417154920116835137e-01	6.210937524183781505e-02	-1.493606484476435736e-01	2.630776688938759600e-01	-3.489432711407314258e-01	5.847414725062163865e-02	-3.628762214593795471e-02	1.379576106694271054e-01	-8.621901591050955549e-01	9.999999999999994449e-01	-5.731075387943039556e-02	3.069316869772903411e-02
1.428287072557796016e-02	-1.294000759711415663e-02	1.366402241727706843e-02	-1.645112978983226046e-02	1.471829825143769824e-02	-1.223874325529581905e-02	1.345077059158440724e-02	-1.408315210126289546e-02	1.383347874945385116e-02	-1.132949890598751105e-02	2.273829469378016097e-02	-1.763312389038169600e-02	1.728364461614185360e-02	-2.070826367701929932e-02	1.872810565988895781e-02	-2.502485349301883377e-02	2.205791337575278149e-02	-2.373999288208423000e-02	2.522872817088587030e-02	-2.292269753809720451e-02	3.429979578550001323e-02	-3.384681333929745461e-02	3.561583065998428360e-02	-3.870694072067457081e-02	3.015051050327889615e-02	-4.020857357198730914e-02	3.948289047016570463e-02	-4.883608730756344718e-02	4.975792124349726758e-02	-3.267511901366006860e-02	2.169160347075002604e-02	-8.313484779429303195e-02	8.957237767317537125e-02	-8.239131799552145141e-01	2.978942891143012694e-01	-2.209780402380006128e-02	4.667233007286442081e-02	-5.731075387943039556e-02	9.999999999999991118e-01	-4.633220880744254311e-01
