1.000000000000000000e+00	-5.056512323531026087e-02	4.574720625875955404e-02	-8.693512947980419625e-02	7.148279051665484829e-02	-9.294142646647454153e-01	1.844802034003725777e-01	-1.370935705592633280e-01	7.904076373890507601e-02	-8.632222232504419002e-02	1.716568197214959346e-01	-1.570511075285381808e-01	7.346563490272912944e-02	-8.056999318113679254e-02	7.544396137125483626e-02	-9.892007992922575987e-02	8.193512284176553140e-02	-7.727070856844645008e-02	7.926258972939581593e-02	-8.537673856871547118e-02	8.452467032981861306e-02	-7.255604598075482414e-02	6.607368203692774722e-02	-6.910565283741167131e-02	6.655785262575036887e-02	-5.637882498341203336e-02	6.560154725747781301e-02	-7.309687232990152994e-02	6.869603096005558185e-02	-8.837289889675860322e-02	5.924476036792813982e-02	-9.432080854469630793e-02	5.777962718946234172e-02	-6.143064988852033753e-02	5.162410489754084425e-02	-6.631838266012933525e-02	4.807070985729722939e-02	-5.313927047955031846e-02	5.315462428894869584e-02	-5.960435765117653995e-02
-5.056512323531026087e-02	1.000000000000000222e+00	-9.697737663630924265e-01	9.488435050875272669e-02	-8.730446529889021590e-02	4.387137678660977397e-02	-1.377971313865106184e-01	1.256499483038268639e-01	-8.668330354907162472e-02	6.900356156442116751e-02	-6.887561696906643882e-02	6.537300272330144602e-02	-4.639981263522976324e-02	4.854280202441827591e-02	-6.012015812758837036e-02	4.118213125005903280e-02	-4.593985935956255290e-02	4.130092499493307617e-02	-5.175055842898718117e-02	5.347882435105490856e-02	-4.318668595724278747e-02	3.714640171937473589e-02	-3.618649699270396619e-02	4.097345545056793603e-02	-4.253769705360103265e-02	2.805042651634135839e-02	-3.400504073221376211e-02	3.776663885067940707e-02	-3.928222922132566797e-02	4.793607743630896867e-02	-3.123170660294963957e-02	4.549723044280821332e-02	-3.092241997307229942e-02	3.250888722728315777e-02	-2.812807171236079290e-02	3.232745163391229082e-02	-2.434918236698498453e-02	2.729079362418677240e-02	-2.845552437937710899e-02	3.071056493630130307e-02
4.574720625875955404e-02	-9.697737663630924265e-01	1.000000000000000444e+00	-1.049491888738707246e-01	8.532335518898806481e-02	-4.090412902001973328e-02	1.188597807859542721e-01	-1.443164186609947608e-01	8.783509171581030395e-02	-7.083155423705123077e-02	6.313118168138520669e-02	-6.176910620415346220e-02	4.508063712208605633e-02	-4.794580824496093296e-02	5.915474378241125653e-02	-3.925606940812547546e-02	4.421373313869236127e-02	-4.035925270729358305e-02	5.026655460736795950e-02	-5.372620541590177046e-02	4.061974626150943041e-02	-3.649030437891994522e-02	3.539475112571560667e-02	-4.041812832538968503e-02	4.186649900962061133e-02	-2.713761472886636050e-02	3.327529162747239894e-02	-3.729912804837578338e-02	3.862773618174458745e-02	-4.778706752669571733e-02	3.002962878438358851e-02	-4.500920760218894007e-02	3.044402854250417845e-02	-3.215022225278049012e-02	2.776863983806470912e-02	-3.210322682811247302e-02	2.405873349692738000e-02	-2.700363601516293788e-02	2.804472530314995257e-02	-3.051202961059223950e-02
-8.693512947980419625e-02	9.488435050875272669e-02	-1.049491888738707246e-01	1.000000000000000666e+00	-7.551750718124607964e-01	7.146708571679230571e-02	-2.261856903353138271e-01	2.619788938303508896e-01	-4.451473384001264910e-01	2.835687141607414752e-01	-1.426344443901866321e-01	1.184484876528758418e-01	-1.236073502842747751e-01	1.334724710156848237e-01	-2.134605364037695241e-01	8.860964446785682402e-02	-1.129051594563288546e-01	1.008157746101189661e-01	-1.445795671765656432e-01	1.618333286811803329e-01	-9.869179418405717163e-02	8.981698063107389218e-02	-9.104446428255490165e-02	1.118434654328350208e-01	-1.232220166249256288e-01	6.539337866550562484e-02	-8.236702477323196159e-02	9.300278959932380130e-02	-1.034548645212186452e-01	1.253673497098594658e-01	-7.427560779352326836e-02	1.065299752434102631e-01	-7.758030948980021435e-02	8.170345191161153264e-02	-7.190723999212383921e-02	7.665919923852523854e-02	-5.895181189545324607e-02	6.701593456798971005e-02	-7.150814165733884731e-02	7.617147618244241025e-02
7.148279051665484829e-02	-8.730446529889021590e-02	8.532335518898806481e-02	-7.551750718124607964e-01	1.000000000000000444e+00	-6.015624702205212004e-02	1.830579702476975712e-01	-2.814711226534735156e-01	2.883695085520976420e-01	-4.461654990087175476e-01	1.200101798070948855e-01	-1.047167200381153296e-01	1.197582607927187709e-01	-1.421416972689560354e-01	2.218728402762851493e-01	-8.097485712783421274e-02	1.076966804391581434e-01	-1.013683471292574773e-01	1.415049524316227825e-01	-1.973878997814673963e-01	8.758315708435999991e-02	-9.182515025124471375e-02	9.170278426258358928e-02	-1.195605728272586266e-01	1.297663640266213114e-01	-6.323790129837890406e-02	8.289813841285241514e-02	-9.729300735612907147e-02	1.071673935167986730e-01	-1.399851787926135460e-01	7.047244392549405212e-02	-1.110460410333574816e-01	8.002200322580715897e-02	-8.615429241598421273e-02	7.523441989981484446e-02	-8.108266008694302307e-02	6.125177550392886527e-02	-7.034652276619383915e-02	7.397056915583768988e-02	-8.175233329708984920e-02
-9.294142646647454153e-01	4.387137678660977397e-02	-4.090412902001973328e-02	7.146708571679230571e-02	-6.015624702205212004e-02	1.000000000000000444e+00	-2.200362739877777252e-01	1.147075724346546532e-01	-6.736395008297796361e-02	7.132062852678376641e-02	-2.099943669612520658e-01	1.530592069742634787e-01	-6.455153064346466629e-02	6.880392759288099513e-02	-6.345972685245841738e-02	9.109665327516881794e-02	-7.317885536521974432e-02	6.704509414927493915e-02	-6.710218714718126087e-02	7.012695915029569516e-02	-8.093110573651469963e-02	6.095287174147426268e-02	-5.564550555321795544e-02	5.749878485433323333e-02	-5.531537799612955275e-02	4.915025925026737796e-02	-5.538106955843142415e-02	6.043246111412961530e-02	-5.698277756711094683e-02	7.221230782266997716e-02	-5.232144026040094764e-02	7.782676488969583750e-02	-4.785752770418900959e-02	5.052891568416446183e-02	-4.245823355177718444e-02	5.413571622722506554e-02	-3.956585780425310450e-02	4.363553046822142567e-02	-4.386250945399423895e-02	4.861082027426164021e-02
1.844802034003725777e-01	-1.377971313865106184e-01	1.188597807859542721e-01	-2.261856903353138271e-01	1.830579702476975712e-01	-2.200362739877777252e-01	1.000000000000000888e+00	-4.460078901492960379e-01	2.191206426843022026e-01	-2.239280538651122476e-01	2.973219128201888828e-01	-5.349851628622658284e-01	1.770723549098293381e-01	-1.942456835126848691e-01	1.869775829719329263e-01	-1.958136126127402177e-01	1.899604867302016331e-01	-1.825379590840168764e-01	1.849116906200913291e-01	-2.045061854795650058e-01	1.723504597287624507e-01	-1.629325505699337484e-01	1.487668715652446516e-01	-1.602488170730886341e-01	1.562441432259975005e-01	-1.206098465370929740e-01	1.451687912468322683e-01	-1.636097319912352133e-01	1.565651320576682548e-01	-2.020502900041569183e-01	1.272407763402914060e-01	-2.074814388956686684e-01	1.296588732850968984e-01	-1.382100292160867994e-01	1.165904109326444948e-01	-1.466854168567128247e-01	1.067001584842231232e-01	-1.186773028311815525e-01	1.193105002871134301e-01	-1.338096750740020158e-01
-1.370935705592633280e-01	1.256499483038268639e-01	-1.443164186609947608e-01	2.619788938303508896e-01	-2.814711226534735156e-01	1.147075724346546532e-01	-4.460078901492960379e-01	1.000000000000001110e+00	-6.295013982476586056e-01	2.711479428494816823e-01	-2.234220694839609278e-01	1.935182524027564410e-01	-1.782081009880242262e-01	1.737156104289675485e-01	-2.488896143198546518e-01	1.293444639514962080e-01	-1.564423883683022931e-01	1.384947055878603117e-01	-1.850149959086537510e-01	1.851249290913691004e-01	-1.420470139932042963e-01	1.189911972266873008e-01	-1.190728846917134126e-01	1.393643120240921629e-01	-1.512964153305436654e-01	8.958895812986071572e-02	-1.092421726581458141e-01	1.204367790043082420e-01	-1.311692088283267221e-01	1.548340093826933717e-01	-1.016399693028147699e-01	1.405714666062847229e-01	-1.000628658852980024e-01	1.044259052608073612e-01	-9.140811629543134365e-02	9.969036893095677143e-02	-7.666854502940513572e-02	8.641429768517436272e-02	-9.191280213158416201e-02	9.688795035431932434e-02
7.904076373890507601e-02	-8.668330354907162472e-02	8.783509171581030395e-02	-4.451473384001264910e-01	2.883695085520976420e-01	-6.736395008297796361e-02	2.191206426843022026e-01	-6.295013982476586056e-01	1.000000000000000888e+00	-4.851176891954432913e-01	1.316373407302362519e-01	-1.187914784966640769e-01	1.284962092505557152e-01	-1.500309545896873209e-01	2.284705961302654909e-01	-8.485798050557137595e-02	1.103754430975649736e-01	-1.030898680764309183e-01	1.402935500152042714e-01	-1.821774227385600242e-01	9.126488024320564274e-02	-8.922106532695550651e-02	8.907673132918260406e-02	-1.136738228636553355e-01	1.245467361248705357e-01	-6.292939334563309173e-02	8.059891412788224019e-02	-9.270917239125113507e-02	1.022231168310802907e-01	-1.291877036540772516e-01	7.036325914906886581e-02	-1.062896898639014154e-01	7.640751631517733733e-02	-8.144268876305851834e-02	7.108878985052788368e-02	-7.663181693308455944e-02	5.829790887282314260e-02	-6.662512685151139591e-02	7.037811413556829820e-02	-7.641324901900886646e-02
-8.632222232504419002e-02	6.900356156442116751e-02	-7.083155423705123077e-02	2.835687141607414752e-01	-4.461654990087175476e-01	7.132062852678376641e-02	-2.239280538651122476e-01	2.711479428494816823e-01	-4.851176891954432913e-01	1.000000000000001776e+00	-1.455325862620628075e-01	1.226208202346126541e-01	-1.583456439908089153e-01	1.791055976114318271e-01	-5.578052609933913386e-01	9.378398223309339365e-02	-1.305866048866728968e-01	1.184874600481193307e-01	-1.814219237773626869e-01	2.410243657755093416e-01	-1.038908662717464154e-01	1.024169382622839714e-01	-1.054270104787359968e-01	1.408966856641443999e-01	-1.720774257544943897e-01	7.131699085471754351e-02	-9.283323318851025019e-02	1.071077147921743050e-01	-1.249379689460171500e-01	1.526909705543924578e-01	-8.069506997985979868e-02	1.188498674919781090e-01	-8.969055924215829645e-02	9.522004378426376925e-02	-8.434669388259055656e-02	8.602521896760649545e-02	-6.660820849529576482e-02	7.668873843023052417e-02	-8.261104611407929510e-02	8.789887908916169112e-02
1.716568197214959346e-01	-6.887561696906643882e-02	6.313118168138520669e-02	-1.426344443901866321e-01	1.200101798070948855e-01	-2.099943669612520658e-01	2.973219128201888828e-01	-2.234220694839609278e-01	1.316373407302362519e-01	-1.455325862620628075e-01	1.000000000000001110e+00	-7.032735607855041815e-01	1.544342520571936606e-01	-1.622074541222798261e-01	1.331492533312823578e-01	-3.649623491979785972e-01	1.845226149807917271e-01	-1.699033518353460226e-01	1.472512711577397548e-01	-1.492890064063008559e-01	2.273437549132809876e-01	-1.437860410741670925e-01	1.269179615884482304e-01	-1.264149862012261538e-01	1.192245071968333348e-01	-1.253817423803802455e-01	1.291047602168119979e-01	-1.365404017821218452e-01	1.253500996554031133e-01	-1.571776374781649888e-01	1.284276078418997158e-01	-1.792865093194462578e-01	1.067384002943772281e-01	-1.118535391863864081e-01	9.284024329405897447e-02	-1.208138211869640849e-01	8.855446569332205142e-02	-9.700651343037927643e-02	9.703253759429911196e-02	-1.062931661229663954e-01
-1.570511075285381808e-01	6.537300272330144602e-02	-6.176910620415346220e-02	1.184484876528758418e-01	-1.047167200381153296e-01	1.530592069742634787e-01	-5.349851628622658284e-01	1.935182524027564410e-01	-1.187914784966640769e-01	1.226208202346126541e-01	-7.032735607855041815e-01	1.000000000000000444e+00	-1.709247240427721470e-01	1.504016120392297207e-01	-1.173108287681884215e-01	2.029112304954231727e-01	-2.082813242340198767e-01	1.614075383378938411e-01	-1.309656907558201799e-01	1.232277804709949603e-01	-1.944180222431471650e-01	1.216404061397639569e-01	-1.087288932327469954e-01	1.068168203031125835e-01	-1.006346245059879102e-01	9.994209145549219631e-02	-1.074757456233166736e-01	1.106143954533314183e-01	-1.038516214956452383e-01	1.261867135689170583e-01	-1.087486033321051065e-01	1.409154099701464824e-01	-8.713522479224970751e-02	9.018090624311525527e-02	-7.510911354497482040e-02	9.432550249769783290e-02	-7.049932484557910883e-02	7.743788016436828348e-02	-7.861066842054419135e-02	8.425348862503982683e-02
7.346563490272912944e-02	-4.639981263522976324e-02	4.508063712208605633e-02	-1.236073502842747751e-01	1.197582607927187709e-01	-6.455153064346466629e-02	1.770723549098293381e-01	-1.782081009880242262e-01	1.284962092505557152e-01	-1.583456439908089153e-01	1.544342520571936606e-01	-1.709247240427721470e-01	1.000000000000001332e+00	-7.209610464072683245e-01	1.911404979302964158e-01	-1.170939003037295562e-01	2.611530054224534547e-01	-4.673347667389374238e-01	2.274738760635495460e-01	-1.797805275590858842e-01	1.170243711979135626e-01	-1.528512410621800932e-01	1.372332033271637108e-01	-1.694800596644452373e-01	1.428785059325750062e-01	-8.729310393094615039e-02	1.207907506822903931e-01	-1.347728928821541883e-01	1.356530211405016506e-01	-1.629607554382860313e-01	9.469449852095643272e-02	-1.553269191493474588e-01	1.054518384941803555e-01	-1.112530340116068134e-01	9.147785341166946027e-02	-1.048441808321942392e-01	7.979168654101523317e-02	-9.114643118161416813e-02	9.413555785527388808e-02	-1.000699938085870266e-01
-8.056999318113679254e-02	4.854280202441827591e-02	-4.794580824496093296e-02	1.334724710156848237e-01	-1.421416972689560354e-01	6.880392759288099513e-02	-1.942456835126848691e-01	1.737156104289675485e-01	-1.500309545896873209e-01	1.791055976114318271e-01	-1.622074541222798261e-01	1.504016120392297207e-01	-7.209610464072683245e-01	1.000000000000003553e+00	-3.004907030060440243e-01	1.166910334764936913e-01	-2.695824388539733718e-01	2.579250683218237694e-01	-3.677956032260702446e-01	2.055690114413019354e-01	-1.247600667191807594e-01	1.478905361083177883e-01	-1.474996972950840812e-01	1.972830675151031887e-01	-1.743267294512056420e-01	8.891940866182040937e-02	-1.235026087283581792e-01	1.380730616511737230e-01	-1.534711106249572465e-01	1.735638166647713865e-01	-9.924587915913930802e-02	1.511314660130408383e-01	-1.119225267402234741e-01	1.171262615874365670e-01	-9.811720140047251737e-02	1.045640425502949444e-01	-8.144244600434089043e-02	9.397668961853483660e-02	-1.000077397621405573e-01	1.035119039754347492e-01
7.544396137125483626e-02	-6.012015812758837036e-02	5.915474378241125653e-02	-2.134605364037695241e-01	2.218728402762851493e-01	-6.345972685245841738e-02	1.869775829719329263e-01	-2.488896143198546518e-01	2.284705961302654909e-01	-5.578052609933913386e-01	1.331492533312823578e-01	-1.173108287681884215e-01	1.911404979302964158e-01	-3.004907030060440243e-01	1.000000000000000000e+00	-9.497057416838619592e-02	1.457220696728438736e-01	-1.436506729284329209e-01	2.153113362453674129e-01	-5.589124305056386577e-01	1.026024643811117298e-01	-1.202617297181524936e-01	1.230461792651350028e-01	-1.921623224577793665e-01	2.324373867511811687e-01	-7.745956929138680946e-02	1.062062053377648002e-01	-1.290847808878534952e-01	1.536306808890498532e-01	-2.107675848340106184e-01	8.607699264572882258e-02	-1.388751492778676766e-01	1.063819914710278924e-01	-1.164306198496361661e-01	1.020965190379901077e-01	-1.017224397680402820e-01	7.795234800927232366e-02	-9.165806513430430069e-02	9.789997795616056653e-02	-1.080808601635802613e-01
-9.892007992922575987e-02	4.118213125005903280e-02	-3.925606940812547546e-02	8.860964446785682402e-02	-8.097485712783421274e-02	9.109665327516881794e-02	-1.958136126127402177e-01	1.293444639514962080e-01	-8.485798050557137595e-02	9.378398223309339365e-02	-3.649623491979785972e-01	2.029112304954231727e-01	-1.170939003037295562e-01	1.166910334764936913e-01	-9.497057416838619592e-02	9.999999999999997780e-01	-1.977433156036638162e-01	1.424423053535115169e-01	-1.193048742686845798e-01	1.035119361652149378e-01	-7.998930518641814702e-01	1.308570742619966920e-01	-1.166145339803484338e-01	9.768615222327724223e-02	-9.019507211360332233e-02	2.001649277264153370e-01	-1.386512375903836969e-01	1.157191694370463403e-01	-1.017179860894251997e-01	1.155767476901707613e-01	-2.197328953884435387e-01	1.637377539122317482e-01	-9.071104764555128208e-02	8.941132722071155892e-02	-7.298662425169706591e-02	9.837836551310312483e-02	-7.596803896804264766e-02	7.893226709941864039e-02	-8.014552983441994294e-02	8.047646509934380799e-02
8.193512284176553140e-02	-4.593985935956255290e-02	4.421373313869236127e-02	-1.129051594563288546e-01	1.076966804391581434e-01	-7.317885536521974432e-02	1.899604867302016331e-01	-1.564423883683022931e-01	1.103754430975649736e-01	-1.305866048866728968e-01	1.845226149807917271e-01	-2.082813242340198767e-01	2.611530054224534547e-01	-2.695824388539733718e-01	1.457220696728438736e-01	-1.977433156036638162e-01	1.000000000000001110e+00	-7.321643269490180073e-01	1.981788869363787509e-01	-1.554139964477638247e-01	1.673319720501964813e-01	-3.265675840198345448e-01	2.033892161878602944e-01	-1.618048996985562982e-01	1.364546207294574653e-01	-1.231088627519905665e-01	1.813853196089666719e-01	-1.777616879060524291e-01	1.497819685355044339e-01	-1.698065633866139845e-01	1.290516677847836358e-01	-2.123271396856438453e-01	1.296572175323060516e-01	-1.293766697436287694e-01	1.025689068312831270e-01	-1.272208409112103866e-01	9.837174266191861527e-02	-1.097648965096770513e-01	1.109304583479023831e-01	-1.127037193922935943e-01
-7.727070856844645008e-02	4.130092499493307617e-02	-4.035925270729358305e-02	1.008157746101189661e-01	-1.013683471292574773e-01	6.704509414927493915e-02	-1.825379590840168764e-01	1.384947055878603117e-01	-1.030898680764309183e-01	1.184874600481193307e-01	-1.699033518353460226e-01	1.614075383378938411e-01	-4.673347667389374238e-01	2.579250683218237694e-01	-1.436506729284329209e-01	1.424423053535115169e-01	-7.321643269490180073e-01	1.000000000000003553e+00	-2.208979914393860433e-01	1.402359745471017105e-01	-1.460589398258770044e-01	1.950722938572203580e-01	-1.760392499946642486e-01	1.479666232312020213e-01	-1.275970218067526696e-01	9.901255510261650072e-02	-1.460750518105604634e-01	1.415684415683386710e-01	-1.336889832091477937e-01	1.449246930682288326e-01	-1.097625269497459893e-01	1.598290922911067835e-01	-1.100952646908829879e-01	1.084739997074375267e-01	-8.825776101444664234e-02	1.017240136830694086e-01	-8.044076791631699086e-02	9.039032422126616617e-02	-9.451535673264162274e-02	9.399128672647391602e-02
7.926258972939581593e-02	-5.175055842898718117e-02	5.026655460736795950e-02	-1.445795671765656432e-01	1.415049524316227825e-01	-6.710218714718126087e-02	1.849116906200913291e-01	-1.850149959086537510e-01	1.402935500152042714e-01	-1.814219237773626869e-01	1.472512711577397548e-01	-1.309656907558201799e-01	2.274738760635495460e-01	-3.677956032260702446e-01	2.153113362453674129e-01	-1.193048742686845798e-01	1.981788869363787509e-01	-2.208979914393860433e-01	1.000000000000001332e+00	-3.087426903939989864e-01	1.269066204999413916e-01	-1.947626453669671631e-01	1.986799087695172994e-01	-6.321360997803447956e-01	2.824130341164263758e-01	-1.101864343335227925e-01	1.622918074585209258e-01	-2.147253509985400655e-01	2.543701587107269346e-01	-3.091164691197105796e-01	1.196147362239835116e-01	-2.175820514350156609e-01	1.677562563796969608e-01	-1.941597808131614034e-01	1.523980516187284084e-01	-1.586420407069871752e-01	1.202078582024459497e-01	-1.452916851595298930e-01	1.514645856957539394e-01	-1.663790852459672287e-01
-8.537673856871547118e-02	5.347882435105490856e-02	-5.372620541590177046e-02	1.618333286811803329e-01	-1.973878997814673963e-01	7.012695915029569516e-02	-2.045061854795650058e-01	1.851249290913691004e-01	-1.821774227385600242e-01	2.410243657755093416e-01	-1.492890064063008559e-01	1.232277804709949603e-01	-1.797805275590858842e-01	2.055690114413019354e-01	-5.589124305056386577e-01	1.035119361652149378e-01	-1.554139964477638247e-01	1.402359745471017105e-01	-3.087426903939989864e-01	1.000000000000004663e+00	-1.166649976791552662e-01	1.328347913718158635e-01	-1.478615519389183119e-01	2.525992387255512339e-01	-5.560872746217092599e-01	8.626962163886846280e-02	-1.203931305669321550e-01	1.481713801245995166e-01	-2.065378606193036259e-01	2.513812313341693416e-01	-9.796077583758049101e-02	1.489073543008117839e-01	-1.278719227285138871e-01	1.382996043433566968e-01	-1.273475410503630278e-01	1.108586881125987189e-01	-8.823279826371523138e-02	1.053099325669856617e-01	-1.180895151410740335e-01	1.235955195514783361e-01
8.452467032981861306e-02	-4.318668595724278747e-02	4.061974626150943041e-02	-9.869179418405717163e-02	8.758315708435999991e-02	-8.093110573651469963e-02	1.723504597287624507e-01	-1.420470139932042963e-01	9.126488024320564274e-02	-1.038908662717464154e-01	2.273437549132809876e-01	-1.944180222431471650e-01	1.170243711979135626e-01	-1.247600667191807594e-01	1.026024643811117298e-01	-7.998930518641814702e-01	1.673319720501964813e-01	-1.460589398258770044e-01	1.269066204999413916e-01	-1.166649976791552662e-01	1.000000000000001110e+00	-1.504130097760450757e-01	1.280841189860512930e-01	-1.087940166907398476e-01	9.999405558648941095e-02	-3.191990648894154070e-01	1.582600458022277445e-01	-1.357436484064963311e-01	1.144117625888091822e-01	-1.339507207566300040e-01	2.230283678150775939e-01	-2.021437401350059115e-01	1.037027477873936343e-01	-1.037000262970319553e-01	8.369314714413433887e-02	-1.184373133584198517e-01	8.905689613769812718e-02	-9.252991947065886125e-02	9.193870230090968321e-02	-9.426793658413970545e-02
-7.255604598075482414e-02	3.714640171937473589e-02	-3.649030437891994522e-02	8.981698063107389218e-02	-9.182515025124471375e-02	6.095287174147426268e-02	-1.629325505699337484e-01	1.189911972266873008e-01	-8.922106532695550651e-02	1.024169382622839714e-01	-1.437860410741670925e-01	1.216404061397639569e-01	-1.528512410621800932e-01	1.478905361083177883e-01	-1.202617297181524936e-01	1.308570742619966920e-01	-3.265675840198345448e-01	1.950722938572203580e-01	-1.947626453669671631e-01	1.328347913718158635e-01	-1.504130097760450757e-01	1.000000000000005995e+00	-6.364129748880718029e-01	1.669896478235307624e-01	-1.390797661387049022e-01	1.632621526026819814e-01	-4.925266090877342129e-01	2.752239698720208017e-01	-1.888146779872899583e-01	1.707538352398692005e-01	-1.770418689575946336e-01	2.759879127597479331e-01	-1.884407651061821287e-01	1.569870844209025340e-01	-1.176411297617485363e-01	1.409956983763254457e-01	-1.225706080294598765e-01	1.349109830789959608e-01	-1.394020917880704480e-01	1.208670837759252686e-01
6.607368203692774722e-02	-3.618649699270396619e-02	3.539475112571560667e-02	-9.104446428255490165e-02	9.170278426258358928e-02	-5.564550555321795544e-02	1.487668715652446516e-01	-1.190728846917134126e-01	8.907673132918260406e-02	-1.054270104787359968e-01	1.269179615884482304e-01	-1.087288932327469954e-01	1.372332033271637108e-01	-1.474996972950840812e-01	1.230461792651350028e-01	-1.166145339803484338e-01	2.033892161878602944e-01	-1.760392499946642486e-01	1.986799087695172994e-01	-1.478615519389183119e-01	1.280841189860512930e-01	-6.364129748880718029e-01	1.000000000000004219e+00	-2.243630856077678815e-01	1.569587085874978583e-01	-1.440401010965265405e-01	2.800017470207346593e-01	-5.193885058575723468e-01	2.195359329384353742e-01	-2.100206901821446981e-01	1.484484792929278985e-01	-2.917910110038147153e-01	2.241581675545161745e-01	-1.995620434665000831e-01	1.349628707660198712e-01	-1.639804668113533648e-01	1.342701474894118507e-01	-1.676766676351735263e-01	1.597505102583734460e-01	-1.450961373621288686e-01
-6.910565283741167131e-02	4.097345545056793603e-02	-4.041812832538968503e-02	1.118434654328350208e-01	-1.195605728272586266e-01	5.749878485433323333e-02	-1.602488170730886341e-01	1.393643120240921629e-01	-1.136738228636553355e-01	1.408966856641443999e-01	-1.264149862012261538e-01	1.068168203031125835e-01	-1.694800596644452373e-01	1.972830675151031887e-01	-1.921623224577793665e-01	9.768615222327724223e-02	-1.618048996985562982e-01	1.479666232312020213e-01	-6.321360997803447956e-01	2.525992387255512339e-01	-1.087940166907398476e-01	1.669896478235307624e-01	-2.243630856077678815e-01	1.000000000000003775e+00	-4.966608732269721660e-01	9.176141023035766509e-02	-1.425933769094919201e-01	1.972602564251409729e-01	-3.744236156803289473e-01	2.881616492126935491e-01	-1.023110190581068835e-01	1.699976094599079668e-01	-1.628607595411316888e-01	1.842146953386055164e-01	-1.447432607583830355e-01	1.265585962315317059e-01	-1.018967055221850354e-01	1.276137205053625434e-01	-1.437855118595149362e-01	1.419513959324285313e-01
6.655785262575036887e-02	-4.253769705360103265e-02	4.186649900962061133e-02	-1.232220166249256288e-01	1.297663640266213114e-01	-5.531537799612955275e-02	1.562441432259975005e-01	-1.512964153305436654e-01	1.245467361248705357e-01	-1.720774257544943897e-01	1.192245071968333348e-01	-1.006346245059879102e-01	1.428785059325750062e-01	-1.743267294512056420e-01	2.324373867511811687e-01	-9.019507211360332233e-02	1.364546207294574653e-01	-1.275970218067526696e-01	2.824130341164263758e-01	-5.560872746217092599e-01	9.999405558648941095e-02	-1.390797661387049022e-01	1.569587085874978583e-01	-4.966608732269721660e-01	1.000000000000000888e+00	-8.283471236111206171e-02	1.226986636396547869e-01	-1.684905899142714603e-01	2.521530552368386191e-01	-4.862101165168091765e-01	9.220762088563287662e-02	-1.548914699609417744e-01	1.402564697124381310e-01	-1.639089719425282088e-01	1.472841898979664055e-01	-1.184120614240260078e-01	9.324797038812795980e-02	-1.164247800649316766e-01	1.291609962575355486e-01	-1.461483831222720742e-01
-5.637882498341203336e-02	2.805042651634135839e-02	-2.713761472886636050e-02	6.539337866550562484e-02	-6.323790129837890406e-02	4.915025925026737796e-02	-1.206098465370929740e-01	8.958895812986071572e-02	-6.292939334563309173e-02	7.131699085471754351e-02	-1.253817423803802455e-01	9.994209145549219631e-02	-8.729310393094615039e-02	8.891940866182040937e-02	-7.745956929138680946e-02	2.001649277264153370e-01	-1.231088627519905665e-01	9.901255510261650072e-02	-1.101864343335227925e-01	8.626962163886846280e-02	-3.191990648894154070e-01	1.632621526026819814e-01	-1.440401010965265405e-01	9.176141023035766509e-02	-8.283471236111206171e-02	1.000000000000002442e+00	-3.150164879169174981e-01	1.416741497775630965e-01	-1.081681025412053604e-01	1.078731195260861503e-01	-8.200140816758614282e-01	2.490462366525038329e-01	-1.080637308659691959e-01	9.615878503953739775e-02	-7.517732798479874468e-02	1.168417315329043638e-01	-9.685215235468072614e-02	8.928397254746026079e-02	-9.040029042485156485e-02	7.977916978194327102e-02
6.560154725747781301e-02	-3.400504073221376211e-02	3.327529162747239894e-02	-8.236702477323196159e-02	8.289813841285241514e-02	-5.538106955843142415e-02	1.451687912468322683e-01	-1.092421726581458141e-01	8.059891412788224019e-02	-9.283323318851025019e-02	1.291047602168119979e-01	-1.074757456233166736e-01	1.207907506822903931e-01	-1.235026087283581792e-01	1.062062053377648002e-01	-1.386512375903836969e-01	1.813853196089666719e-01	-1.460750518105604634e-01	1.622918074585209258e-01	-1.203931305669321550e-01	1.582600458022277445e-01	-4.925266090877342129e-01	2.800017470207346593e-01	-1.425933769094919201e-01	1.226986636396547869e-01	-3.150164879169174981e-01	1.000000000000000888e+00	-3.386147075420933850e-01	1.763100811534590862e-01	-1.640099681015175781e-01	2.453604657458143823e-01	-6.237996608672530252e-01	1.887344290311460393e-01	-1.601265183890414889e-01	1.152627664384993644e-01	-1.709863795291447774e-01	1.494777550494311158e-01	-1.469780768326940934e-01	1.424570830009332933e-01	-1.213064624527989410e-01
-7.309687232990152994e-02	3.776663885067940707e-02	-3.729912804837578338e-02	9.300278959932380130e-02	-9.729300735612907147e-02	6.043246111412961530e-02	-1.636097319912352133e-01	1.204367790043082420e-01	-9.270917239125113507e-02	1.071077147921743050e-01	-1.365404017821218452e-01	1.106143954533314183e-01	-1.347728928821541883e-01	1.380730616511737230e-01	-1.290847808878534952e-01	1.157191694370463403e-01	-1.777616879060524291e-01	1.415684415683386710e-01	-2.147253509985400655e-01	1.481713801245995166e-01	-1.357436484064963311e-01	2.752239698720208017e-01	-5.193885058575723468e-01	1.972602564251409729e-01	-1.684905899142714603e-01	1.416741497775630965e-01	-3.386147075420933850e-01	9.999999999999995559e-01	-3.674283131247226830e-01	2.273061836128741353e-01	-1.573234648412640546e-01	2.563292886508767854e-01	-4.981746309067907053e-01	2.646545565775852982e-01	-1.693023560824427620e-01	1.752729198909107056e-01	-1.599978328263744753e-01	2.158215965683326631e-01	-2.209183620964276507e-01	1.658396852016595924e-01
6.869603096005558185e-02	-3.928222922132566797e-02	3.862773618174458745e-02	-1.034548645212186452e-01	1.071673935167986730e-01	-5.698277756711094683e-02	1.565651320576682548e-01	-1.311692088283267221e-01	1.022231168310802907e-01	-1.249379689460171500e-01	1.253500996554031133e-01	-1.038516214956452383e-01	1.356530211405016506e-01	-1.534711106249572465e-01	1.536306808890498532e-01	-1.017179860894251997e-01	1.497819685355044339e-01	-1.336889832091477937e-01	2.543701587107269346e-01	-2.065378606193036259e-01	1.144117625888091822e-01	-1.888146779872899583e-01	2.195359329384353742e-01	-3.744236156803289473e-01	2.521530552368386191e-01	-1.081681025412053604e-01	1.763100811534590862e-01	-3.674283131247226830e-01	1.000000000000001332e+00	-5.496298675153652447e-01	1.188635315726610242e-01	-2.155413625577458636e-01	2.616459267133348088e-01	-4.625663330326770795e-01	2.148945839125614155e-01	-1.754442593620077206e-01	1.414631802784861447e-01	-2.023695577857514694e-01	2.241536509935426191e-01	-2.160163431570895909e-01
-8.837289889675860322e-02	4.793607743630896867e-02	-4.778706752669571733e-02	1.253673497098594658e-01	-1.399851787926135460e-01	7.221230782266997716e-02	-2.020502900041569183e-01	1.548340093826933717e-01	-1.291877036540772516e-01	1.526909705543924578e-01	-1.571776374781649888e-01	1.261867135689170583e-01	-1.629607554382860313e-01	1.735638166647713865e-01	-2.107675848340106184e-01	1.155767476901707613e-01	-1.698065633866139845e-01	1.449246930682288326e-01	-3.091164691197105796e-01	2.513812313341693416e-01	-1.339507207566300040e-01	1.707538352398692005e-01	-2.100206901821446981e-01	2.881616492126935491e-01	-4.862101165168091765e-01	1.078731195260861503e-01	-1.640099681015175781e-01	2.273061836128741353e-01	-5.496298675153652447e-01	9.999999999999987788e-01	-1.238709298406163450e-01	1.907071005375541028e-01	-2.170668549025436822e-01	2.478394986773627129e-01	-3.008893465575514514e-01	1.539549691922090513e-01	-1.295391369756847544e-01	1.664706598220669076e-01	-2.060810502778811781e-01	2.207398977049315758e-01
5.924476036792813982e-02	-3.123170660294963957e-02	3.002962878438358851e-02	-7.427560779352326836e-02	7.047244392549405212e-02	-5.232144026040094764e-02	1.272407763402914060e-01	-1.016399693028147699e-01	7.036325914906886581e-02	-8.069506997985979868e-02	1.284276078418997158e-01	-1.087486033321051065e-01	9.469449852095643272e-02	-9.924587915913930802e-02	8.607699264572882258e-02	-2.197328953884435387e-01	1.290516677847836358e-01	-1.097625269497459893e-01	1.196147362239835116e-01	-9.796077583758049101e-02	2.230283678150775939e-01	-1.770418689575946336e-01	1.484484792929278985e-01	-1.023110190581068835e-01	9.220762088563287662e-02	-8.200140816758614282e-01	2.453604657458143823e-01	-1.573234648412640546e-01	1.188635315726610242e-01	-1.238709298406163450e-01	9.999999999999990008e-01	-3.520993357063347262e-01	1.194070188147526995e-01	-1.099013576996776126e-01	8.540084703767593377e-02	-1.525772703537449648e-01	1.174743511065703544e-01	-1.050089333375486544e-01	1.030795507508839998e-01	-9.272386852920029565e-02
-9.432080854469630793e-02	4.549723044280821332e-02	-4.500920760218894007e-02	1.065299752434102631e-01	-1.110460410333574816e-01	7.782676488969583750e-02	-2.074814388956686684e-01	1.405714666062847229e-01	-1.062896898639014154e-01	1.188498674919781090e-01	-1.792865093194462578e-01	1.409154099701464824e-01	-1.553269191493474588e-01	1.511314660130408383e-01	-1.388751492778676766e-01	1.637377539122317482e-01	-2.123271396856438453e-01	1.598290922911067835e-01	-2.175820514350156609e-01	1.489073543008117839e-01	-2.021437401350059115e-01	2.759879127597479331e-01	-2.917910110038147153e-01	1.699976094599079668e-01	-1.548914699609417744e-01	2.490462366525038329e-01	-6.237996608672530252e-01	2.563292886508767854e-01	-2.155413625577458636e-01	1.907071005375541028e-01	-3.520993357063347262e-01	1.000000000000000666e+00	-2.335077211997732827e-01	1.856429236024109697e-01	-1.465146837430154891e-01	2.165112844544089810e-01	-2.489030468212618530e-01	1.808643383612171807e-01	-1.884292572821645584e-01	1.462831684443011149e-01
5.777962718946234172e-02	-3.092241997307229942e-02	3.044402854250417845e-02	-7.758030948980021435e-02	8.002200322580715897e-02	-4.785752770418900959e-02	1.296588732850968984e-01	-1.000628658852980024e-01	7.640751631517733733e-02	-8.969055924215829645e-02	1.067384002943772281e-01	-8.713522479224970751e-02	1.054518384941803555e-01	-1.119225267402234741e-01	1.063819914710278924e-01	-9.071104764555128208e-02	1.296572175323060516e-01	-1.100952646908829879e-01	1.677562563796969608e-01	-1.278719227285138871e-01	1.037027477873936343e-01	-1.884407651061821287e-01	2.241581675545161745e-01	-1.628607595411316888e-01	1.402564697124381310e-01	-1.080637308659691959e-01	1.887344290311460393e-01	-4.981746309067907053e-01	2.616459267133348088e-01	-2.170668549025436822e-01	1.194070188147526995e-01	-2.335077211997732827e-01	9.999999999999992228e-01	-5.318652893926421044e-01	1.939621266822818269e-01	-2.304685843129955503e-01	1.984928637143063557e-01	-4.631294577581585581e-01	2.953275828229507960e-01	-2.085576226846291847e-01
-6.143064988852033753e-02	3.250888722728315777e-02	-3.215022225278049012e-02	8.170345191161153264e-02	-8.615429241598421273e-02	5.052891568416446183e-02	-1.382100292160867994e-01	1.044259052608073612e-01	-8.144268876305851834e-02	9.522004378426376925e-02	-1.118535391863864081e-01	9.018090624311525527e-02	-1.112530340116068134e-01	1.171262615874365670e-01	-1.164306198496361661e-01	8.941132722071155892e-02	-1.293766697436287694e-01	1.084739997074375267e-01	-1.941597808131614034e-01	1.382996043433566968e-01	-1.037000262970319553e-01	1.569870844209025340e-01	-1.995620434665000831e-01	1.842146953386055164e-01	-1.639089719425282088e-01	9.615878503953739775e-02	-1.601265183890414889e-01	2.646545565775852982e-01	-4.625663330326770795e-01	2.478394986773627129e-01	-1.099013576996776126e-01	1.856429236024109697e-01	-5.318652893926421044e-01	1.000000000000000222e+00	-3.219718615807661277e-01	1.861124190142691981e-01	-1.694618561891889363e-01	2.789136199337827748e-01	-4.701565844448929443e-01	2.472794830011501022e-01
5.162410489754084425e-02	-2.812807171236079290e-02	2.776863983806470912e-02	-7.190723999212383921e-02	7.523441989981484446e-02	-4.245823355177718444e-02	1.165904109326444948e-01	-9.140811629543134365e-02	7.108878985052788368e-02	-8.434669388259055656e-02	9.284024329405897447e-02	-7.510911354497482040e-02	9.147785341166946027e-02	-9.811720140047251737e-02	1.020965190379901077e-01	-7.298662425169706591e-02	1.025689068312831270e-01	-8.825776101444664234e-02	1.523980516187284084e-01	-1.273475410503630278e-01	8.369314714413433887e-02	-1.176411297617485363e-01	1.349628707660198712e-01	-1.447432607583830355e-01	1.472841898979664055e-01	-7.517732798479874468e-02	1.152627664384993644e-01	-1.693023560824427620e-01	2.148945839125614155e-01	-3.008893465575514514e-01	8.540084703767593377e-02	-1.465146837430154891e-01	1.939621266822818269e-01	-3.219718615807661277e-01	1.000000000000000000e+00	-1.548286695500359356e-01	1.246573427984924015e-01	-1.899266767576317516e-01	2.383741126630155582e-01	-8.211180174803575094e-01
-6.631838266012933525e-02	3.232745163391229082e-02	-3.210322682811247302e-02	7.665919923852523854e-02	-8.108266008694302307e-02	5.413571622722506554e-02	-1.466854168567128247e-01	9.969036893095677143e-02	-7.663181693308455944e-02	8.602521896760649545e-02	-1.208138211869640849e-01	9.432550249769783290e-02	-1.048441808321942392e-01	1.045640425502949444e-01	-1.017224397680402820e-01	9.837836551310312483e-02	-1.272208409112103866e-01	1.017240136830694086e-01	-1.586420407069871752e-01	1.108586881125987189e-01	-1.184373133584198517e-01	1.409956983763254457e-01	-1.639804668113533648e-01	1.265585962315317059e-01	-1.184120614240260078e-01	1.168417315329043638e-01	-1.709863795291447774e-01	1.752729198909107056e-01	-1.754442593620077206e-01	1.539549691922090513e-01	-1.525772703537449648e-01	2.165112844544089810e-01	-2.304685843129955503e-01	1.861124190142691981e-01	-1.548286695500359356e-01	1.000000000000000444e+00	-8.067648023604889751e-01	2.705558278916344594e-01	-2.877095312384498893e-01	1.501821511318597313e-01
4.807070985729722939e-02	-2.434918236698498453e-02	2.405873349692738000e-02	-5.895181189545324607e-02	6.125177550392886527e-02	-3.956585780425310450e-02	1.067001584842231232e-01	-7.666854502940513572e-02	5.829790887282314260e-02	-6.660820849529576482e-02	8.855446569332205142e-02	-7.049932484557910883e-02	7.979168654101523317e-02	-8.144244600434089043e-02	7.795234800927232366e-02	-7.596803896804264766e-02	9.837174266191861527e-02	-8.044076791631699086e-02	1.202078582024459497e-01	-8.823279826371523138e-02	8.905689613769812718e-02	-1.225706080294598765e-01	1.342701474894118507e-01	-1.018967055221850354e-01	9.324797038812795980e-02	-9.685215235468072614e-02	1.494777550494311158e-01	-1.599978328263744753e-01	1.414631802784861447e-01	-1.295391369756847544e-01	1.174743511065703544e-01	-2.489030468212618530e-01	1.984928637143063557e-01	-1.694618561891889363e-01	1.246573427984924015e-01	-8.067648023604889751e-01	1.000000000000000444e+00	-4.119958824680494680e-01	2.330991907612496861e-01	-1.337880799101860418e-01
-5.313927047955031846e-02	2.729079362418677240e-02	-2.700363601516293788e-02	6.701593456798971005e-02	-7.034652276619383915e-02	4.363553046822142567e-02	-1.186773028311815525e-01	8.641429768517436272e-02	-6.662512685151139591e-02	7.668873843023052417e-02	-9.700651343037927643e-02	7.743788016436828348e-02	-9.114643118161416813e-02	9.397668961853483660e-02	-9.165806513430430069e-02	7.893226709941864039e-02	-1.097648965096770513e-01	9.039032422126616617e-02	-1.452916851595298930e-01	1.053099325669856617e-01	-9.252991947065886125e-02	1.349109830789959608e-01	-1.676766676351735263e-01	1.276137205053625434e-01	-1.164247800649316766e-01	8.928397254746026079e-02	-1.469780768326940934e-01	2.158215965683326631e-01	-2.023695577857514694e-01	1.664706598220669076e-01	-1.050089333375486544e-01	1.808643383612171807e-01	-4.631294577581585581e-01	2.789136199337827748e-01	-1.899266767576317516e-01	2.705558278916344594e-01	-4.119958824680494680e-01	1.000000000000000222e+00	-6.387500764775456696e-01	1.939223717920168788e-01
5.315462428894869584e-02	-2.845552437937710899e-02	2.804472530314995257e-02	-7.150814165733884731e-02	7.397056915583768988e-02	-4.386250945399423895e-02	1.193105002871134301e-01	-9.191280213158416201e-02	7.037811413556829820e-02	-8.261104611407929510e-02	9.703253759429911196e-02	-7.861066842054419135e-02	9.413555785527388808e-02	-1.000077397621405573e-01	9.789997795616056653e-02	-8.014552983441994294e-02	1.109304583479023831e-01	-9.451535673264162274e-02	1.514645856957539394e-01	-1.180895151410740335e-01	9.193870230090968321e-02	-1.394020917880704480e-01	1.597505102583734460e-01	-1.437855118595149362e-01	1.291609962575355486e-01	-9.040029042485156485e-02	1.424570830009332933e-01	-2.209183620964276507e-01	2.241536509935426191e-01	-2.060810502778811781e-01	1.030795507508839998e-01	-1.884292572821645584e-01	2.953275828229507960e-01	-4.701565844448929443e-01	2.383741126630155582e-01	-2.877095312384498893e-01	2.330991907612496861e-01	-6.387500764775456696e-01	1.000000000000000666e+00	-3.383114409124091670e-01
