1.000000000000000000e+00	-3.996066518049236072e-01	2.227542065474103772e-01	-8.825847379450224572e-02	1.005665185642014292e-01	-8.291308755740397496e-01	2.260040688042436741e-01	-2.016407926380719973e-01	1.303513177703672921e-01	-3.539627733634297113e-02	1.833732155841134304e-01	-1.825957331938842521e-01	7.335206810042073367e-02	-6.791256423579714041e-02	3.473546806618188487e-02	-1.336712053932307964e-01	9.932837938927230326e-02	-6.005629071727283663e-02	6.463016151622091865e-02	-4.682086115307708407e-02	3.497165087914110015e-02	-1.328866249853240256e-01	6.935474639005963227e-02	-4.854948593144527841e-02	4.000715347999794086e-02	-3.605124760261167738e-02	3.557951327462959001e-02	-4.508216903343296306e-02	4.509922821898058182e-02	-1.883114938602170607e-02	2.253342977701259381e-02	-3.834532729926282135e-02	2.365898231950312042e-02	-5.875648697823481620e-02	1.837200431996395544e-02	-2.278770103440056968e-02	4.880349134505339997e-02	-2.216740731922100388e-02	1.572404845501131770e-02	-2.065232681068725207e-02
-3.996066518049236072e-01	1.000000000000000444e+00	-6.876747534856808564e-01	1.234898896208113384e-01	-1.392366799648405984e-01	2.631778417793665392e-01	-4.262820164196793327e-01	3.012199871085409764e-01	-1.874960654772592494e-01	4.566994248211313917e-02	-1.969374312434354901e-01	1.935249737761362276e-01	-9.394238113617318919e-02	8.605561028105650212e-02	-4.510788996235329945e-02	1.362221363381969086e-01	-1.109725347726002176e-01	7.257996922385845373e-02	-7.992386511979317210e-02	5.739584483278646621e-02	-3.895749771145500667e-02	1.438557852052951003e-01	-8.476060543503163847e-02	5.871680572197694042e-02	-4.929052677912719449e-02	3.985706573501653083e-02	-4.135398481512890523e-02	5.262632917900726681e-02	-5.429579273314741328e-02	2.278690573572249647e-02	-2.637266525059954458e-02	4.483333828143610394e-02	-2.806302860451873396e-02	6.990031655325591731e-02	-2.230512866978648367e-02	2.666408376288889603e-02	-5.807532962632765139e-02	2.625522535181597575e-02	-1.869450061259391935e-02	2.451727913622826771e-02
2.227542065474103772e-01	-6.876747534856808564e-01	1.000000000000000444e+00	-1.499898625516247475e-01	1.371992062454194250e-01	-2.505592668083072572e-01	3.013240656727497191e-01	-5.472809053839472471e-01	1.912520366304617248e-01	-4.701379786353618306e-02	1.667733344605417944e-01	-1.894185185525353310e-01	9.429011237239344478e-02	-9.066461111607748702e-02	4.555055504976809194e-02	-1.416793027977879260e-01	1.098295413276850901e-01	-7.410777594542097835e-02	8.002232368039896571e-02	-5.977434078964274228e-02	4.086943000709608587e-02	-1.589268775800672662e-01	8.487726453035231156e-02	-6.102701603935702795e-02	5.040486017258423435e-02	-4.259883418955324325e-02	4.349789112607571617e-02	-5.578569257319523911e-02	5.632018110967521030e-02	-2.380867792235078287e-02	2.749059493560869483e-02	-4.729889102849817867e-02	2.964526477101471838e-02	-7.478565458615085704e-02	2.312677740509271052e-02	-2.790989896578906920e-02	5.926179042847735945e-02	-2.790617233428071414e-02	1.983160688545433301e-02	-2.611019200568954687e-02
-8.825847379450224572e-02	1.234898896208113384e-01	-1.499898625516247475e-01	1.000000000000000888e+00	-7.039106786362157031e-01	9.490562444782089935e-02	-1.310489033204053078e-01	1.541149852509741403e-01	-5.737093432172911678e-01	1.277005361807358741e-01	-1.194548203301934869e-01	1.308127023807931777e-01	-1.515276447947676020e-01	1.527605023415897767e-01	-1.248781361968245157e-01	1.536644349910138152e-01	-1.168729107087640579e-01	1.091837787352056832e-01	-1.255864347108156809e-01	1.075189417871468822e-01	-5.177061584919953607e-02	2.047147211277116907e-01	-1.291096782432198109e-01	9.794850049278146231e-02	-8.971055219081250365e-02	5.531478652824877579e-02	-6.181693828486343328e-02	8.160458915853968653e-02	-8.803343096805628376e-02	3.920728639137806976e-02	-3.887655893966369264e-02	6.842324202277648426e-02	-4.503168591627404460e-02	1.176480746449948545e-01	-3.813187931116111123e-02	3.975523832140411690e-02	-8.346248596469690861e-02	4.264531594520033775e-02	-3.066572729544171649e-02	4.043361108405522236e-02
1.005665185642014292e-01	-1.392366799648405984e-01	1.371992062454194250e-01	-7.039106786362157031e-01	1.000000000000000444e+00	-1.147069278525298802e-01	1.373454775656504090e-01	-1.560199902620356960e-01	3.063016018150773734e-01	-2.235438518684489673e-01	1.527596596214459146e-01	-1.740954628534691906e-01	1.468001885574587995e-01	-1.537243747416659201e-01	1.665306701143222101e-01	-2.386536765455086195e-01	1.731438925666224649e-01	-1.356109048256506078e-01	1.488896869848724547e-01	-1.587446904578759532e-01	8.172700522637821319e-02	-3.360572802877608845e-01	1.726738086790843563e-01	-1.416293258919643083e-01	1.245209614478159921e-01	-8.876199813812116202e-02	9.540224928038924801e-02	-1.266613800860255656e-01	1.292905245774023659e-01	-5.843394714918923039e-02	5.995678183579681436e-02	-1.067804001225696048e-01	6.982160255465241772e-02	-1.833995963779549709e-01	5.584987303268639652e-02	-6.171986638107990197e-02	1.253187193892224549e-01	-6.677610806684283751e-02	4.768344743818488107e-02	-6.331473236632939594e-02
-8.291308755740397496e-01	2.631778417793665392e-01	-2.505592668083072572e-01	9.490562444782089935e-02	-1.147069278525298802e-01	1.000000000000000888e+00	-3.007157190875008324e-01	1.991938101989085275e-01	-1.482145993948100204e-01	3.893489159181511006e-02	-2.598040434856077052e-01	1.961119398633981159e-01	-8.179834543757781573e-02	7.406003234039515437e-02	-3.856608031510044832e-02	1.397107408807768680e-01	-1.087904078311113243e-01	6.535108530476474442e-02	-7.136133298065788777e-02	5.050522293071860874e-02	-3.672722894939337707e-02	1.334572825154669851e-01	-7.621834864600998682e-02	5.221809082640160860e-02	-4.357151734393081843e-02	3.729775469355799122e-02	-3.757646278402005519e-02	4.746808712564236366e-02	-4.847674579612828993e-02	2.019538986357363730e-02	-2.397836283900212431e-02	4.051513089418062874e-02	-2.509728893292955190e-02	6.196802075338499194e-02	-1.979362337107668304e-02	2.419294865814337545e-02	-5.277446175989295579e-02	2.343088874167888191e-02	-1.665472078211471807e-02	2.182157711582185730e-02
2.260040688042436741e-01	-4.262820164196793327e-01	3.013240656727497191e-01	-1.310489033204053078e-01	1.373454775656504090e-01	-3.007157190875008324e-01	1.000000000000000888e+00	-6.413923675718996575e-01	2.006836496674677672e-01	-4.914814905462327327e-02	2.408055934519735264e-01	-3.994044692037549971e-01	1.111020473348817289e-01	-1.039702376730706895e-01	4.797905536374423574e-02	-1.740326793872737920e-01	1.409316618117585351e-01	-8.549041100789998848e-02	9.075936514822965928e-02	-6.439433866273136520e-02	4.600905050505075394e-02	-1.792899714848358028e-01	9.430604947548797135e-02	-6.626936961771216772e-02	5.464146754941110601e-02	-4.730480132082565126e-02	4.747816076154168924e-02	-6.021393853877034935e-02	6.077699405027745666e-02	-2.542201953950197837e-02	2.988290154724275102e-02	-5.098706142969562649e-02	3.165087798599939412e-02	-7.925449969484124613e-02	2.477481560601365804e-02	-3.020759320645021936e-02	6.464903108899432149e-02	-2.966951497830075044e-02	2.107839230007624298e-02	-2.768466351545014956e-02
-2.016407926380719973e-01	3.012199871085409764e-01	-5.472809053839472471e-01	1.541149852509741403e-01	-1.560199902620356960e-01	1.991938101989085275e-01	-6.413923675718996575e-01	1.000000000000001332e+00	-2.997535725195124012e-01	5.320179075327410162e-02	-2.115217774782162385e-01	2.224772152632733258e-01	-1.223252713877074904e-01	1.129438479500225606e-01	-5.206759560574719670e-02	1.513888880282768246e-01	-1.249954554246826971e-01	8.639153851781744553e-02	-9.446958916274210416e-02	6.672531435591566584e-02	-4.355920721676592722e-02	1.642024552085652178e-01	-9.640968629428239844e-02	6.779065091149827360e-02	-5.665023240031443613e-02	4.483414365784407773e-02	-4.679855226652492733e-02	5.988604552626140137e-02	-6.193406419269343460e-02	2.609179289664658938e-02	-2.964382725067633839e-02	5.073607439863086349e-02	-3.198505188870166133e-02	8.067403378032955708e-02	-2.544759721257229892e-02	3.001675636243985798e-02	-6.470469201797443559e-02	3.000888329909127267e-02	-2.138545850875689727e-02	2.808747384639067451e-02
1.303513177703672921e-01	-1.874960654772592494e-01	1.912520366304617248e-01	-5.737093432172911678e-01	3.063016018150773734e-01	-1.482145993948100204e-01	2.006836496674677672e-01	-2.997535725195124012e-01	1.000000000000001776e+00	-1.192178809284916985e-01	1.860868984404982496e-01	-2.208352842206993683e-01	2.237831327810177462e-01	-3.159677366262219067e-01	1.092259185538557997e-01	-2.598672884368931624e-01	1.912607800260094082e-01	-1.688918052745736753e-01	1.814188852608475677e-01	-1.444779724116945219e-01	8.449248370498199656e-02	-3.495413684736859428e-01	1.810871049740322425e-01	-1.424886084867370561e-01	1.159778891457449029e-01	-9.113168664340753899e-02	9.647687287529754796e-02	-1.273388914921806114e-01	1.285365655039862054e-01	-5.588112655491522807e-02	6.028121333416534833e-02	-1.067972675087873607e-01	6.901214659546506258e-02	-1.812117803349024281e-01	5.343864402131901642e-02	-6.183468644911421092e-02	1.261017390873419852e-01	-6.582598261482153212e-02	4.686742828485104817e-02	-6.215335885666513349e-02
-3.539627733634297113e-02	4.566994248211313917e-02	-4.701379786353618306e-02	1.277005361807358741e-01	-2.235438518684489673e-01	3.893489159181511006e-02	-4.914814905462327327e-02	5.320179075327410162e-02	-1.192178809284916985e-01	1.000000000000003109e+00	-5.647017309165798526e-02	6.179446973938405863e-02	-9.463040641493677962e-02	9.691723984239870859e-02	-9.117272738818563704e-01	8.030726433369876627e-02	-6.421007589922723968e-02	8.676758603654624591e-02	-1.102354002310623610e-01	1.895448829103892896e-01	-3.012188428512627483e-02	1.087875988330485461e-01	-1.292128579357071372e-01	1.052644803775350524e-01	-1.675898963151794541e-01	3.174860685755051537e-02	-4.410123112320236266e-02	5.907536664672183302e-02	-8.633097073929425769e-02	4.454616341486576647e-02	-2.695205635066131103e-02	4.733039130240413589e-02	-3.467684630983906835e-02	9.296301496833343780e-02	-4.552280216054493261e-02	2.718305868111920223e-02	-6.057167968172461753e-02	3.196283282808032311e-02	-2.438902707254044996e-02	3.136242321266365096e-02
1.833732155841134304e-01	-1.969374312434354901e-01	1.667733344605417944e-01	-1.194548203301934869e-01	1.527596596214459146e-01	-2.598040434856077052e-01	2.408055934519735264e-01	-2.115217774782162385e-01	1.860868984404982496e-01	-5.647017309165798526e-02	1.000000000000002442e+00	-7.191344612613721488e-01	1.363177903917959510e-01	-1.224476215502527249e-01	5.592122885523224951e-02	-4.366483922688116359e-01	2.483771255829331503e-01	-1.149227966199869028e-01	1.178599192108330251e-01	-7.839468491250221882e-02	7.043087415977525301e-02	-2.577721658773667879e-01	1.219875757841048652e-01	-8.239540878471481034e-02	6.751131718424813188e-02	-7.073938840045121412e-02	6.245235231517854563e-02	-7.696798604804312716e-02	7.554399162538516510e-02	-3.091885535607446708e-02	3.912356329468085619e-02	-6.522875051043068584e-02	3.906073216425467315e-02	-9.533309375947626729e-02	3.030427753306201566e-02	-3.918857013358293534e-02	8.379983701599208468e-02	-3.630471871673839057e-02	2.568299315789827550e-02	-3.358713840708758835e-02
-1.825957331938842521e-01	1.935249737761362276e-01	-1.894185185525353310e-01	1.308127023807931777e-01	-1.740954628534691906e-01	1.961119398633981159e-01	-3.994044692037549971e-01	2.224772152632733258e-01	-2.208352842206993683e-01	6.179446973938405863e-02	-7.191344612613721488e-01	1.000000000000000888e+00	-1.778790909971088852e-01	1.392559104738584352e-01	-6.191454844718247835e-02	2.687173860805540659e-01	-2.854062884015679535e-01	1.239088864607563456e-01	-1.312214957456529774e-01	8.304485821203987095e-02	-6.319704964395045366e-02	2.241946558182422999e-01	-1.321647061789339161e-01	8.661174575224457606e-02	-7.231234038605847958e-02	6.189298473564245479e-02	-6.165622134134742666e-02	7.629346549933382904e-02	-7.894503444300594863e-02	3.231188343933851653e-02	-3.899463001003275475e-02	6.488896800183989455e-02	-3.982920101330391510e-02	9.753948740870507783e-02	-3.183492089853749707e-02	3.901021367932906714e-02	-8.645158243675436782e-02	3.690839705168949547e-02	-2.626251753147695531e-02	3.425341442184851037e-02
7.335206810042073367e-02	-9.394238113617318919e-02	9.429011237239344478e-02	-1.515276447947676020e-01	1.468001885574587995e-01	-8.179834543757781573e-02	1.111020473348817289e-01	-1.223252713877074904e-01	2.237831327810177462e-01	-9.463040641493677962e-02	1.363177903917959510e-01	-1.778790909971088852e-01	1.000000000000001332e+00	-8.049153673742769355e-01	9.185874000587807009e-02	-1.666363068206380693e-01	1.416081381152620167e-01	-3.598349074129710279e-01	2.668123517883723705e-01	-1.351050488230106927e-01	5.187474917086093429e-02	-2.028146467911073891e-01	1.861994705318164300e-01	-1.357217434738891559e-01	1.070035979704322959e-01	-5.433739975864756988e-02	6.623564935639272844e-02	-8.931560351875329762e-02	1.046313670931572765e-01	-4.360876401668463409e-02	4.018450557231761228e-02	-7.130147026260770515e-02	4.878406743426089154e-02	-1.366710952505248156e-01	4.201536741264626229e-02	-4.073511363843784067e-02	8.657627610767823501e-02	-4.595307325819789068e-02	3.338410452128464517e-02	-4.376004160306102425e-02
-6.791256423579714041e-02	8.605561028105650212e-02	-9.066461111607748702e-02	1.527605023415897767e-01	-1.537243747416659201e-01	7.406003234039515437e-02	-1.039702376730706895e-01	1.129438479500225606e-01	-3.159677366262219067e-01	9.691723984239870859e-02	-1.224476215502527249e-01	1.392559104738584352e-01	-8.049153673742769355e-01	1.000000000000001110e+00	-1.035301616759282811e-01	1.419693434849719216e-01	-1.239057942454425548e-01	2.527325679548081405e-01	-3.496057092826322932e-01	1.297320164558949107e-01	-4.595635070312796555e-02	1.740630272910684007e-01	-1.819022850896502008e-01	1.250667546193371393e-01	-1.066412901571800881e-01	4.789985614494204902e-02	-6.000603035963027881e-02	8.043961939021290752e-02	-9.818478783506931484e-02	4.085602968260545337e-02	-3.643149774060053941e-02	6.425561100619878174e-02	-4.423122447643407923e-02	1.226517307786730293e-01	-3.979672829929787464e-02	3.684114308146033828e-02	-7.944692575200840157e-02	4.146578674918913188e-02	-3.026593241149839672e-02	3.954060242611178583e-02
3.473546806618188487e-02	-4.510788996235329945e-02	4.555055504976809194e-02	-1.248781361968245157e-01	1.665306701143222101e-01	-3.856608031510044832e-02	4.797905536374423574e-02	-5.206759560574719670e-02	1.092259185538557997e-01	-9.117272738818563704e-01	5.592122885523224951e-02	-6.191454844718247835e-02	9.185874000587807009e-02	-1.035301616759282811e-01	1.000000000000000000e+00	-8.160220200768272814e-02	6.437225512491241697e-02	-8.587281083117485891e-02	1.060118278220993360e-01	-2.548352620430783255e-01	3.015322369976295575e-02	-1.112223931278605860e-01	1.191258146848026556e-01	-1.057208428262390726e-01	1.565874145498913905e-01	-3.194231192866051061e-02	4.317265468555438884e-02	-5.817118074034417080e-02	8.258661052055452090e-02	-4.323755631864679982e-02	2.638631944648191924e-02	-4.665226140475086519e-02	3.412441825810622054e-02	-9.332369625020640880e-02	4.293193482596772276e-02	-2.669553832246587821e-02	5.851988318971859671e-02	-3.167970901263075789e-02	2.402845083929798162e-02	-3.105499011860050895e-02
-1.336712053932307964e-01	1.362221363381969086e-01	-1.416793027977879260e-01	1.536644349910138152e-01	-2.386536765455086195e-01	1.397107408807768680e-01	-1.740326793872737920e-01	1.513888880282768246e-01	-2.598672884368931624e-01	8.030726433369876627e-02	-4.366483922688116359e-01	2.687173860805540659e-01	-1.666363068206380693e-01	1.419693434849719216e-01	-8.160220200768272814e-02	1.000000000000000444e+00	-6.649843580415745192e-01	1.679141410381762844e-01	-1.812140280643035339e-01	1.101638724512158246e-01	-1.253129153860022826e-01	3.108374125832244483e-01	-1.894213609373083251e-01	1.171430435679378101e-01	-9.871549161626658186e-02	1.085236416287623795e-01	-9.067686044813461077e-02	1.076733162095608043e-01	-1.093337935089841034e-01	4.382312642067843350e-02	-5.852330183330085173e-02	9.315418743007426727e-02	-5.523418863064482459e-02	1.292550387347079499e-01	-4.359294317214826991e-02	5.777422795505450515e-02	-1.296876797105938062e-01	5.060692010303934063e-02	-3.582379467326286815e-02	4.646265041384094185e-02
9.932837938927230326e-02	-1.109725347726002176e-01	1.098295413276850901e-01	-1.168729107087640579e-01	1.731438925666224649e-01	-1.087904078311113243e-01	1.409316618117585351e-01	-1.249954554246826971e-01	1.912607800260094082e-01	-6.421007589922723968e-02	2.483771255829331503e-01	-2.854062884015679535e-01	1.416081381152620167e-01	-1.239057942454425548e-01	6.437225512491241697e-02	-6.649843580415745192e-01	1.000000000000003997e+00	-2.000267341876997285e-01	1.663405937558498637e-01	-9.591192712711650581e-02	9.574258796904570878e-02	-5.728156306062747172e-01	1.630364977587871189e-01	-1.032248846947436127e-01	8.376601558972285311e-02	-9.163264114443778197e-02	8.441819111004746079e-02	-9.802136571680995780e-02	9.253922148288308558e-02	-3.679436250573808742e-02	4.923626970585210511e-02	-8.185828877253002733e-02	4.682359093860778698e-02	-1.114639359724723944e-01	3.630559994144161307e-02	-4.862784279432557505e-02	1.055195943087419846e-01	-4.299080984118489740e-02	3.030455906954130849e-02	-3.937824439866705051e-02
-6.005629071727283663e-02	7.257996922385845373e-02	-7.410777594542097835e-02	1.091837787352056832e-01	-1.356109048256506078e-01	6.535108530476474442e-02	-8.549041100789998848e-02	8.639153851781744553e-02	-1.688918052745736753e-01	8.676758603654624591e-02	-1.149227966199869028e-01	1.239088864607563456e-01	-3.598349074129710279e-01	2.527325679548081405e-01	-8.587281083117485891e-02	1.679141410381762844e-01	-2.000267341876997285e-01	1.000000000000000444e+00	-7.261269834442386495e-01	1.832562796211676392e-01	-5.333264008064305534e-02	1.973881198495126554e-01	-4.217067741866935005e-01	1.995172574787035524e-01	-1.562391576140191030e-01	5.432911905778845668e-02	-7.824301637961633693e-02	1.069377707905269648e-01	-1.397918489435667488e-01	5.436607894290431536e-02	-4.525460816230169464e-02	8.023710805171692384e-02	-5.685622668504685534e-02	1.646344802026306620e-01	-5.302707768170070168e-02	4.525506435062078003e-02	-9.979679187346290892e-02	5.285974945376682721e-02	-3.896806258769634074e-02	5.054704611650049501e-02
6.463016151622091865e-02	-7.992386511979317210e-02	8.002232368039896571e-02	-1.255864347108156809e-01	1.488896869848724547e-01	-7.136133298065788777e-02	9.075936514822965928e-02	-9.446958916274210416e-02	1.814188852608475677e-01	-1.102354002310623610e-01	1.178599192108330251e-01	-1.312214957456529774e-01	2.668123517883723705e-01	-3.496057092826322932e-01	1.060118278220993360e-01	-1.812140280643035339e-01	1.663405937558498637e-01	-7.261269834442386495e-01	1.000000000000001110e+00	-2.778606115955933320e-01	5.897117997237950882e-02	-2.223441213772216207e-01	2.808951247611206625e-01	-2.459031002219529694e-01	1.857621720155041845e-01	-6.118515392283658400e-02	8.594670166313968240e-02	-1.195767616198031430e-01	1.597448371761321095e-01	-6.573762690270981701e-02	5.100534255598643263e-02	-9.187392704437827295e-02	6.745279351841240723e-02	-2.034513714276890151e-01	6.295099259195903463e-02	-5.148282102042342490e-02	1.112498247356451114e-01	-6.334801289288002901e-02	4.685925919159424774e-02	-6.107499298620640282e-02
-4.682086115307708407e-02	5.739584483278646621e-02	-5.977434078964274228e-02	1.075189417871468822e-01	-1.587446904578759532e-01	5.050522293071860874e-02	-6.439433866273136520e-02	6.672531435591566584e-02	-1.444779724116945219e-01	1.895448829103892896e-01	-7.839468491250221882e-02	8.304485821203987095e-02	-1.351050488230106927e-01	1.297320164558949107e-01	-2.548352620430783255e-01	1.101638724512158246e-01	-9.591192712711650581e-02	1.832562796211676392e-01	-2.778606115955933320e-01	1.000000000000001110e+00	-4.568492469708973491e-02	1.463271527644231795e-01	-3.024230327715329292e-01	2.715996198849124355e-01	-7.584815239313107416e-01	4.707916762530123950e-02	-8.057056229875862730e-02	1.090670624435295111e-01	-2.052087905248106414e-01	1.119952804474488306e-01	-4.755545442247099269e-02	8.317869244067443990e-02	-6.648176264457500428e-02	1.829784093909527232e-01	-1.165244538270517882e-01	4.725288052225772029e-02	-1.104555800813941391e-01	5.986880114480570836e-02	-4.806896234202272244e-02	6.054048879670416439e-02
3.497165087914110015e-02	-3.895749771145500667e-02	4.086943000709608587e-02	-5.177061584919953607e-02	8.172700522637821319e-02	-3.672722894939337707e-02	4.600905050505075394e-02	-4.355920721676592722e-02	8.449248370498199656e-02	-3.012188428512627483e-02	7.043087415977525301e-02	-6.319704964395045366e-02	5.187474917086093429e-02	-4.595635070312796555e-02	3.015322369976295575e-02	-1.253129153860022826e-01	9.574258796904570878e-02	-5.333264008064305534e-02	5.897117997237950882e-02	-4.568492469708973491e-02	9.999999999999995559e-01	-1.564163175687504626e-01	7.768229069190897562e-02	-5.376448439281408115e-02	4.143269513642188623e-02	-9.512335092708916751e-01	1.105170998738390503e-01	-1.165034295305900497e-01	6.028721537475151965e-02	-2.196356363236765322e-02	9.939656716288960969e-02	-1.101038234944233807e-01	4.118154717497127942e-02	-7.270925912185839668e-02	2.157481684901190952e-02	-9.566552308865255982e-02	1.103102833060343735e-01	-3.734076355523056889e-02	2.376241616936470083e-02	-3.106617624669862771e-02
-1.328866249853240256e-01	1.438557852052951003e-01	-1.589268775800672662e-01	2.047147211277116907e-01	-3.360572802877608845e-01	1.334572825154669851e-01	-1.792899714848358028e-01	1.642024552085652178e-01	-3.495413684736859428e-01	1.087875988330485461e-01	-2.577721658773667879e-01	2.241946558182422999e-01	-2.028146467911073891e-01	1.740630272910684007e-01	-1.112223931278605860e-01	3.108374125832244483e-01	-5.728156306062747172e-01	1.973881198495126554e-01	-2.223441213772216207e-01	1.463271527644231795e-01	-1.564163175687504626e-01	9.999999999999992228e-01	-2.648939348755879331e-01	1.588468101135510901e-01	-1.333963192171731260e-01	1.338379657797847677e-01	-1.612557645577340215e-01	1.658262178107234308e-01	-1.541323699602815123e-01	6.034016681121055076e-02	-8.756220322527848154e-02	1.423338711643318544e-01	-7.978295228580817300e-02	1.775542258966915921e-01	-6.029977198351569451e-02	8.520612906833519018e-02	-1.974545729463808019e-01	7.228581976214897009e-02	-5.065313586937062601e-02	6.545900961086295600e-02
6.935474639005963227e-02	-8.476060543503163847e-02	8.487726453035231156e-02	-1.291096782432198109e-01	1.726738086790843563e-01	-7.621834864600998682e-02	9.430604947548797135e-02	-9.640968629428239844e-02	1.810871049740322425e-01	-1.292128579357071372e-01	1.219875757841048652e-01	-1.321647061789339161e-01	1.861994705318164300e-01	-1.819022850896502008e-01	1.191258146848026556e-01	-1.894213609373083251e-01	1.630364977587871189e-01	-4.217067741866935005e-01	2.808951247611206625e-01	-3.024230327715329292e-01	7.768229069190897562e-02	-2.648939348755879331e-01	1.000000000000001554e+00	-5.387677368265137989e-01	2.432009634096888306e-01	-8.117424014295486490e-02	1.452256078456855004e-01	-2.279906885824166396e-01	2.725501835605392831e-01	-9.791340615281918236e-02	8.055889801016738461e-02	-1.504748069144469236e-01	1.111444715646833781e-01	-3.572738859041164061e-01	9.202420555704245164e-02	-8.094491462943899374e-02	1.747072434469015556e-01	-1.045502607398948042e-01	7.685207472019371655e-02	-1.001761821257542012e-01
-4.854948593144527841e-02	5.871680572197694042e-02	-6.102701603935702795e-02	9.794850049278146231e-02	-1.416293258919643083e-01	5.221809082640160860e-02	-6.626936961771216772e-02	6.779065091149827360e-02	-1.424886084867370561e-01	1.052644803775350524e-01	-8.239540878471481034e-02	8.661174575224457606e-02	-1.357217434738891559e-01	1.250667546193371393e-01	-1.057208428262390726e-01	1.171430435679378101e-01	-1.032248846947436127e-01	1.995172574787035524e-01	-2.459031002219529694e-01	2.715996198849124355e-01	-5.376448439281408115e-02	1.588468101135510901e-01	-5.387677368265137989e-01	1.000000000000000222e+00	-4.568312668942688948e-01	5.506849579422624930e-02	-1.121556433779260786e-01	1.561585415208127103e-01	-5.125359276461534108e-01	9.617568428958210569e-02	-6.132507861103664998e-02	1.085356426813786357e-01	-8.912359982795640956e-02	2.823863030787680528e-01	-9.542350465922228020e-02	6.023654344707937702e-02	-1.414927838300224505e-01	7.953008724701383925e-02	-6.127402503229006925e-02	7.680878174728031360e-02
4.000715347999794086e-02	-4.929052677912719449e-02	5.040486017258423435e-02	-8.971055219081250365e-02	1.245209614478159921e-01	-4.357151734393081843e-02	5.464146754941110601e-02	-5.665023240031443613e-02	1.159778891457449029e-01	-1.675898963151794541e-01	6.751131718424813188e-02	-7.231234038605847958e-02	1.070035979704322959e-01	-1.066412901571800881e-01	1.565874145498913905e-01	-9.871549161626658186e-02	8.376601558972285311e-02	-1.562391576140191030e-01	1.857621720155041845e-01	-7.584815239313107416e-01	4.143269513642188623e-02	-1.333963192171731260e-01	2.432009634096888306e-01	-4.568312668942688948e-01	1.000000000000001332e+00	-4.302000174416979045e-02	7.470899837388172982e-02	-1.047821909196792745e-01	2.025156353838554468e-01	-1.425917704089853522e-01	4.382049871517024880e-02	-7.850991662396450410e-02	6.637062667517347470e-02	-2.031955352359897382e-01	1.214086511513823574e-01	-4.375841311769591846e-02	9.964410121782076024e-02	-6.070627065470120959e-02	4.915275992613592215e-02	-6.244356175940897480e-02
-3.605124760261167738e-02	3.985706573501653083e-02	-4.259883418955324325e-02	5.531478652824877579e-02	-8.876199813812116202e-02	3.729775469355799122e-02	-4.730480132082565126e-02	4.483414365784407773e-02	-9.113168664340753899e-02	3.174860685755051537e-02	-7.073938840045121412e-02	6.189298473564245479e-02	-5.433739975864756988e-02	4.789985614494204902e-02	-3.194231192866051061e-02	1.085236416287623795e-01	-9.163264114443778197e-02	5.432911905778845668e-02	-6.118515392283658400e-02	4.707916762530123950e-02	-9.512335092708916751e-01	1.338379657797847677e-01	-8.117424014295486490e-02	5.506849579422624930e-02	-4.302000174416979045e-02	9.999999999999987788e-01	-1.244654668380540258e-01	1.130204294826657324e-01	-6.208817350988365957e-02	2.254569351516225867e-02	-1.142084770152914930e-01	1.099445237944360609e-01	-4.215143183798553128e-02	7.313156730477049505e-02	-2.225335579629857813e-02	9.524683103926497030e-02	-1.202739216644510556e-01	3.773704809897797385e-02	-2.413573194946424388e-02	3.138009420496454260e-02
3.557951327462959001e-02	-4.135398481512890523e-02	4.349789112607571617e-02	-6.181693828486343328e-02	9.540224928038924801e-02	-3.757646278402005519e-02	4.747816076154168924e-02	-4.679855226652492733e-02	9.647687287529754796e-02	-4.410123112320236266e-02	6.245235231517854563e-02	-6.165622134134742666e-02	6.623564935639272844e-02	-6.000603035963027881e-02	4.317265468555438884e-02	-9.067686044813461077e-02	8.441819111004746079e-02	-7.824301637961633693e-02	8.594670166313968240e-02	-8.057056229875862730e-02	1.105170998738390503e-01	-1.612557645577340215e-01	1.452256078456855004e-01	-1.121556433779260786e-01	7.470899837388172982e-02	-1.244654668380540258e-01	9.999999999999998890e-01	-7.372803676204225942e-01	1.502830919906796570e-01	-4.342163875486212271e-02	1.630534581684805195e-01	-5.238768115483700694e-01	1.103432638547951899e-01	-1.650489436473361604e-01	4.232207567334592135e-02	-1.495251196141016981e-01	2.741881822989583606e-01	-9.524594240477805840e-02	5.591670465928685191e-02	-7.214315893063626139e-02
-4.508216903343296306e-02	5.262632917900726681e-02	-5.578569257319523911e-02	8.160458915853968653e-02	-1.266613800860255656e-01	4.746808712564236366e-02	-6.021393853877034935e-02	5.988604552626140137e-02	-1.273388914921806114e-01	5.907536664672183302e-02	-7.696798604804312716e-02	7.629346549933382904e-02	-8.931560351875329762e-02	8.043961939021290752e-02	-5.817118074034417080e-02	1.076733162095608043e-01	-9.802136571680995780e-02	1.069377707905269648e-01	-1.195767616198031430e-01	1.090670624435295111e-01	-1.165034295305900497e-01	1.658262178107234308e-01	-2.279906885824166396e-01	1.561585415208127103e-01	-1.047821909196792745e-01	1.130204294826657324e-01	-7.372803676204225942e-01	1.000000000000000000e+00	-2.488082232656975701e-01	5.677995949462617820e-02	-1.793968383534927102e-01	2.974707206000867243e-01	-1.315414574663439640e-01	2.068668934589291408e-01	-5.607577984793077341e-02	1.524819872814608956e-01	-3.948895612537793309e-01	1.071324566463666417e-01	-6.748329523255466866e-02	8.507794687364667041e-02
4.509922821898058182e-02	-5.429579273314741328e-02	5.632018110967521030e-02	-8.803343096805628376e-02	1.292905245774023659e-01	-4.847674579612828993e-02	6.077699405027745666e-02	-6.193406419269343460e-02	1.285365655039862054e-01	-8.633097073929425769e-02	7.554399162538516510e-02	-7.894503444300594863e-02	1.046313670931572765e-01	-9.818478783506931484e-02	8.258661052055452090e-02	-1.093337935089841034e-01	9.253922148288308558e-02	-1.397918489435667488e-01	1.597448371761321095e-01	-2.052087905248106414e-01	6.028721537475151965e-02	-1.541323699602815123e-01	2.725501835605392831e-01	-5.125359276461534108e-01	2.025156353838554468e-01	-6.208817350988365957e-02	1.502830919906796570e-01	-2.488082232656975701e-01	9.999999999999995559e-01	-1.058461490689394519e-01	7.903691872075255254e-02	-1.475323046447414022e-01	1.387643096136752796e-01	-6.855265010177682417e-01	9.947646143864515011e-02	-7.769147762100327148e-02	1.782579049043047648e-01	-1.270676602262661992e-01	9.694397018833250668e-02	-1.214211631272153341e-01
-1.883114938602170607e-02	2.278690573572249647e-02	-2.380867792235078287e-02	3.920728639137806976e-02	-5.843394714918923039e-02	2.019538986357363730e-02	-2.542201953950197837e-02	2.609179289664658938e-02	-5.588112655491522807e-02	4.454616341486576647e-02	-3.091885535607446708e-02	3.231188343933851653e-02	-4.360876401668463409e-02	4.085602968260545337e-02	-4.323755631864679982e-02	4.382312642067843350e-02	-3.679436250573808742e-02	5.436607894290431536e-02	-6.573762690270981701e-02	1.119952804474488306e-01	-2.196356363236765322e-02	6.034016681121055076e-02	-9.791340615281918236e-02	9.617568428958210569e-02	-1.425917704089853522e-01	2.254569351516225867e-02	-4.342163875486212271e-02	5.677995949462617820e-02	-1.058461490689394519e-01	1.000000000000001776e+00	-2.875793369009676734e-02	5.034274651153759772e-02	-7.838472790277703495e-02	1.175598988059756156e-01	-9.581524498488460662e-01	2.841861568521438994e-02	-6.990400049693262785e-02	6.550637298860548241e-02	-9.039997330731101843e-02	1.061606261524971617e-01
2.253342977701259381e-02	-2.637266525059954458e-02	2.749059493560869483e-02	-3.887655893966369264e-02	5.995678183579681436e-02	-2.397836283900212431e-02	2.988290154724275102e-02	-2.964382725067633839e-02	6.028121333416534833e-02	-2.695205635066131103e-02	3.912356329468085619e-02	-3.899463001003275475e-02	4.018450557231761228e-02	-3.643149774060053941e-02	2.638631944648191924e-02	-5.852330183330085173e-02	4.923626970585210511e-02	-4.525460816230169464e-02	5.100534255598643263e-02	-4.755545442247099269e-02	9.939656716288960969e-02	-8.756220322527848154e-02	8.055889801016738461e-02	-6.132507861103664998e-02	4.382049871517024880e-02	-1.142084770152914930e-01	1.630534581684805195e-01	-1.793968383534927102e-01	7.903691872075255254e-02	-2.875793369009676734e-02	1.000000000000002220e+00	-3.960020760289614805e-01	8.217419582378536480e-02	-9.985870439618148298e-02	2.791523694502773614e-02	-8.353037656267696676e-01	2.806191901404279654e-01	-7.431657299986055287e-02	4.196448692757871746e-02	-5.530575785903049657e-02
-3.834532729926282135e-02	4.483333828143610394e-02	-4.729889102849817867e-02	6.842324202277648426e-02	-1.067804001225696048e-01	4.051513089418062874e-02	-5.098706142969562649e-02	5.073607439863086349e-02	-1.067972675087873607e-01	4.733039130240413589e-02	-6.522875051043068584e-02	6.488896800183989455e-02	-7.130147026260770515e-02	6.425561100619878174e-02	-4.665226140475086519e-02	9.315418743007426727e-02	-8.185828877253002733e-02	8.023710805171692384e-02	-9.187392704437827295e-02	8.317869244067443990e-02	-1.101038234944233807e-01	1.423338711643318544e-01	-1.504748069144469236e-01	1.085356426813786357e-01	-7.850991662396450410e-02	1.099445237944360609e-01	-5.238768115483700694e-01	2.974707206000867243e-01	-1.475323046447414022e-01	5.034274651153759772e-02	-3.960020760289614805e-01	1.000000000000001332e+00	-1.879459959135310609e-01	1.673544716574189295e-01	-4.968092575692945739e-02	2.592045461635095194e-01	-5.805199704498373858e-01	1.386906737799761258e-01	-7.738704674867188937e-02	9.772738462016301864e-02
2.365898231950312042e-02	-2.806302860451873396e-02	2.964526477101471838e-02	-4.503168591627404460e-02	6.982160255465241772e-02	-2.509728893292955190e-02	3.165087798599939412e-02	-3.198505188870166133e-02	6.901214659546506258e-02	-3.467684630983906835e-02	3.906073216425467315e-02	-3.982920101330391510e-02	4.878406743426089154e-02	-4.423122447643407923e-02	3.412441825810622054e-02	-5.523418863064482459e-02	4.682359093860778698e-02	-5.685622668504685534e-02	6.745279351841240723e-02	-6.648176264457500428e-02	4.118154717497127942e-02	-7.978295228580817300e-02	1.111444715646833781e-01	-8.912359982795640956e-02	6.637062667517347470e-02	-4.215143183798553128e-02	1.103432638547951899e-01	-1.315414574663439640e-01	1.387643096136752796e-01	-7.838472790277703495e-02	8.217419582378536480e-02	-1.879459959135310609e-01	1.000000000000001998e+00	-2.340601628543827195e-01	7.685965126026723937e-02	-7.913735854611689269e-02	1.740499089782057418e-01	-8.282340863624764182e-01	2.551343814309090519e-01	-3.382085523368310587e-01
-5.875648697823481620e-02	6.990031655325591731e-02	-7.478565458615085704e-02	1.176480746449948545e-01	-1.833995963779549709e-01	6.196802075338499194e-02	-7.925449969484124613e-02	8.067403378032955708e-02	-1.812117803349024281e-01	9.296301496833343780e-02	-9.533309375947626729e-02	9.753948740870507783e-02	-1.366710952505248156e-01	1.226517307786730293e-01	-9.332369625020640880e-02	1.292550387347079499e-01	-1.114639359724723944e-01	1.646344802026306620e-01	-2.034513714276890151e-01	1.829784093909527232e-01	-7.270925912185839668e-02	1.775542258966915921e-01	-3.572738859041164061e-01	2.823863030787680528e-01	-2.031955352359897382e-01	7.313156730477049505e-02	-1.650489436473361604e-01	2.068668934589291408e-01	-6.855265010177682417e-01	1.175598988059756156e-01	-9.985870439618148298e-02	1.673544716574189295e-01	-2.340601628543827195e-01	1.000000000000000888e+00	-1.285726287706674409e-01	9.644102909517152100e-02	-2.525035535468664882e-01	1.683427000314468569e-01	-1.468890919298424524e-01	1.534397839928133833e-01
1.837200431996395544e-02	-2.230512866978648367e-02	2.312677740509271052e-02	-3.813187931116111123e-02	5.584987303268639652e-02	-1.979362337107668304e-02	2.477481560601365804e-02	-2.544759721257229892e-02	5.343864402131901642e-02	-4.552280216054493261e-02	3.030427753306201566e-02	-3.183492089853749707e-02	4.201536741264626229e-02	-3.979672829929787464e-02	4.293193482596772276e-02	-4.359294317214826991e-02	3.630559994144161307e-02	-5.302707768170070168e-02	6.295099259195903463e-02	-1.165244538270517882e-01	2.157481684901190952e-02	-6.029977198351569451e-02	9.202420555704245164e-02	-9.542350465922228020e-02	1.214086511513823574e-01	-2.225335579629857813e-02	4.232207567334592135e-02	-5.607577984793077341e-02	9.947646143864515011e-02	-9.581524498488460662e-01	2.791523694502773614e-02	-4.968092575692945739e-02	7.685965126026723937e-02	-1.285726287706674409e-01	1.000000000000001554e+00	-2.773928641484676993e-02	6.660390004062241576e-02	-6.846239466182647837e-02	9.036229989409963470e-02	-1.259803308428455726e-01
-2.278770103440056968e-02	2.666408376288889603e-02	-2.790989896578906920e-02	3.975523832140411690e-02	-6.171986638107990197e-02	2.419294865814337545e-02	-3.020759320645021936e-02	3.001675636243985798e-02	-6.183468644911421092e-02	2.718305868111920223e-02	-3.918857013358293534e-02	3.901021367932906714e-02	-4.073511363843784067e-02	3.684114308146033828e-02	-2.669553832246587821e-02	5.777422795505450515e-02	-4.862784279432557505e-02	4.525506435062078003e-02	-5.148282102042342490e-02	4.725288052225772029e-02	-9.566552308865255982e-02	8.520612906833519018e-02	-8.094491462943899374e-02	6.023654344707937702e-02	-4.375841311769591846e-02	9.524683103926497030e-02	-1.495251196141016981e-01	1.524819872814608956e-01	-7.769147762100327148e-02	2.841861568521438994e-02	-8.353037656267696676e-01	2.592045461635095194e-01	-7.913735854611689269e-02	9.644102909517152100e-02	-2.773928641484676993e-02	1.000000000000000888e+00	-4.320490504473447624e-01	6.969009809075200901e-02	-4.068411611119329696e-02	5.281726300348472958e-02
4.880349134505339997e-02	-5.807532962632765139e-02	5.926179042847735945e-02	-8.346248596469690861e-02	1.253187193892224549e-01	-5.277446175989295579e-02	6.464903108899432149e-02	-6.470469201797443559e-02	1.261017390873419852e-01	-6.057167968172461753e-02	8.379983701599208468e-02	-8.645158243675436782e-02	8.657627610767823501e-02	-7.944692575200840157e-02	5.851988318971859671e-02	-1.296876797105938062e-01	1.055195943087419846e-01	-9.979679187346290892e-02	1.112498247356451114e-01	-1.104555800813941391e-01	1.103102833060343735e-01	-1.974545729463808019e-01	1.747072434469015556e-01	-1.414927838300224505e-01	9.964410121782076024e-02	-1.202739216644510556e-01	2.741881822989583606e-01	-3.948895612537793309e-01	1.782579049043047648e-01	-6.990400049693262785e-02	2.806191901404279654e-01	-5.805199704498373858e-01	1.740499089782057418e-01	-2.525035535468664882e-01	6.660390004062241576e-02	-4.320490504473447624e-01	1.000000000000000888e+00	-1.775598125099746571e-01	1.009328352725593209e-01	-1.370392964522995083e-01
-2.216740731922100388e-02	2.625522535181597575e-02	-2.790617233428071414e-02	4.264531594520033775e-02	-6.677610806684283751e-02	2.343088874167888191e-02	-2.966951497830075044e-02	3.000888329909127267e-02	-6.582598261482153212e-02	3.196283282808032311e-02	-3.630471871673839057e-02	3.690839705168949547e-02	-4.595307325819789068e-02	4.146578674918913188e-02	-3.167970901263075789e-02	5.060692010303934063e-02	-4.299080984118489740e-02	5.285974945376682721e-02	-6.334801289288002901e-02	5.986880114480570836e-02	-3.734076355523056889e-02	7.228581976214897009e-02	-1.045502607398948042e-01	7.953008724701383925e-02	-6.070627065470120959e-02	3.773704809897797385e-02	-9.524594240477805840e-02	1.071324566463666417e-01	-1.270676602262661992e-01	6.550637298860548241e-02	-7.431657299986055287e-02	1.386906737799761258e-01	-8.282340863624764182e-01	1.683427000314468569e-01	-6.846239466182647837e-02	6.969009809075200901e-02	-1.775598125099746571e-01	1.000000000000000444e+00	-3.936606420850559118e-01	2.648378610678410183e-01
1.572404845501131770e-02	-1.869450061259391935e-02	1.983160688545433301e-02	-3.066572729544171649e-02	4.768344743818488107e-02	-1.665472078211471807e-02	2.107839230007624298e-02	-2.138545850875689727e-02	4.686742828485104817e-02	-2.438902707254044996e-02	2.568299315789827550e-02	-2.626251753147695531e-02	3.338410452128464517e-02	-3.026593241149839672e-02	2.402845083929798162e-02	-3.582379467326286815e-02	3.030455906954130849e-02	-3.896806258769634074e-02	4.685925919159424774e-02	-4.806896234202272244e-02	2.376241616936470083e-02	-5.065313586937062601e-02	7.685207472019371655e-02	-6.127402503229006925e-02	4.915275992613592215e-02	-2.413573194946424388e-02	5.591670465928685191e-02	-6.748329523255466866e-02	9.694397018833250668e-02	-9.039997330731101843e-02	4.196448692757871746e-02	-7.738704674867188937e-02	2.551343814309090519e-01	-1.468890919298424524e-01	9.036229989409963470e-02	-4.068411611119329696e-02	1.009328352725593209e-01	-3.936606420850559118e-01	1.000000000000000444e+00	-8.587204549611453519e-01
