1.000000000000000000e+00	-3.962270945846856351e-01	8.719466196875647057e-02	-5.874266976822198338e-02	6.662958645023610293e-02	-8.728104705014225750e-01	2.465072038363144702e-01	-6.933644494572456518e-02	5.819403161410102721e-02	-4.205840116115781846e-02	7.151601217579607594e-02	-1.127431256059378412e-01	6.960802713832774102e-02	-4.059099902600297322e-02	3.666298619845381745e-02	-4.911151895706918069e-02	8.858246092627641843e-02	-6.937743943075239117e-02	4.968588610894698193e-02	-5.123055713466304756e-02	5.245891686417227667e-02	-5.929505738125464415e-02	6.484388277169421400e-02	-3.444939210429534548e-02	3.206830035873568796e-02	-4.424708097373991622e-02	4.954501808754262909e-02	-6.237039574419351445e-02	2.708576928458470562e-02	-3.449979966172390250e-02	4.301560117586367138e-02	-3.799065457417935554e-02	3.577465564912158530e-02	-3.256882326938951439e-02	2.667922016529042720e-02	-2.892311911409858188e-02	2.421090046085678377e-02	-3.137732760647325703e-02	3.380821890118718837e-02	-3.612096149880476836e-02
-3.962270945846856351e-01	1.000000000000000000e+00	-2.001734758368782230e-01	1.221559907037206849e-01	-1.405732089764575032e-01	2.731871003058886083e-01	-7.612919725057124554e-01	1.422439787509264253e-01	-1.231323959135690038e-01	8.748061069549280255e-02	-1.432876941515557612e-01	2.339454433602163874e-01	-1.512971547071905454e-01	8.415704914908146705e-02	-7.659227076827848646e-02	9.579943842343818794e-02	-2.018038218166009756e-01	1.438591642394756731e-01	-1.042450962752338173e-01	1.043803987566220559e-01	-1.082572561045094389e-01	1.221707408565789327e-01	-1.370821904486418941e-01	6.963700516964693721e-02	-6.570329636859699451e-02	8.918933914886241487e-02	-1.026324644250598966e-01	1.250288433501743068e-01	-5.498048297700509901e-02	6.994313047895590885e-02	-8.842007784400988946e-02	7.716208802187821125e-02	-7.266105546992840392e-02	6.570719984888617748e-02	-5.396425531520707142e-02	5.827364011062585031e-02	-4.914859139547428368e-02	6.334228414270096086e-02	-6.873817279304966776e-02	7.254858900425820156e-02
8.719466196875647057e-02	-2.001734758368782230e-01	9.999999999999997780e-01	-6.756214244500772237e-01	2.733241619282065771e-01	-1.069834928085348635e-01	1.559904798271826709e-01	-3.706338055390029362e-01	2.816500010566042600e-01	-2.040217254107778988e-01	1.624589513046631462e-01	-2.169363989228914602e-01	2.281623479840342861e-01	-1.769477462768314080e-01	1.549711716938813322e-01	-1.234775974655915182e-01	1.798492744100805285e-01	-2.293063830080879217e-01	1.825656771134494261e-01	-2.225018290222305628e-01	1.434239741885015296e-01	-1.732234933159556567e-01	1.915279973865031682e-01	-1.434622739731108432e-01	1.315888509195840828e-01	-1.376759375330027513e-01	1.537170392591957757e-01	-2.494520433911163182e-01	1.094995837539482902e-01	-1.523190759564413133e-01	1.353573445877015169e-01	-1.293169049033731921e-01	1.333011739319062972e-01	-1.329790142702518274e-01	1.093805272782191612e-01	-1.049096201538516349e-01	8.509337127765834174e-02	-1.216722139959413862e-01	1.287518600577443884e-01	-1.561939941951104305e-01
-5.874266976822198338e-02	1.221559907037206849e-01	-6.756214244500772237e-01	9.999999999999998890e-01	-4.130814962607053942e-01	6.987828687305229491e-02	-1.092815448747608276e-01	2.316270981258952699e-01	-4.867249464821694072e-01	2.396132375572524731e-01	-1.310961141887952430e-01	1.494926976799874907e-01	-1.801820613183970909e-01	1.744646641259522402e-01	-1.677626339588308702e-01	9.432053756270264433e-02	-1.351000981152809810e-01	1.669336639130537814e-01	-1.595399635236341152e-01	1.803146172759132471e-01	-1.128427048906780333e-01	1.280540374421949568e-01	-1.492924001818113355e-01	1.064240944345672263e-01	-1.065663290068442209e-01	1.031415146721907927e-01	-1.164113527857896513e-01	1.751103949112553793e-01	-8.246582678193078997e-02	1.171362481018346086e-01	-1.045769038598347300e-01	9.599915181756213389e-02	-9.919564592592228225e-02	9.747712617231661658e-02	-8.128480863808190682e-02	7.663986223835199396e-02	-6.323794940505936268e-02	8.907570095887036576e-02	-9.730955892559653431e-02	1.124575066977055449e-01
6.662958645023610293e-02	-1.405732089764575032e-01	2.733241619282065771e-01	-4.130814962607053942e-01	1.000000000000000000e+00	-8.417281792539087204e-02	1.221301308281937115e-01	-2.590290550392579938e-01	3.220656757326794684e-01	-5.459057533379680915e-01	1.639991469114107092e-01	-1.952501508838318245e-01	2.008549309649542702e-01	-2.857078990843364141e-01	2.536329062135341816e-01	-1.249279422337203488e-01	1.724547320729134525e-01	-2.285658157755131314e-01	2.290553480948168408e-01	-3.065744421090055849e-01	1.477414172783357293e-01	-1.760374193206602766e-01	1.974787511493572290e-01	-1.689313325103209973e-01	1.649937045717776163e-01	-1.440879332433009918e-01	1.614710116645675375e-01	-2.706482029782519838e-01	1.282024537803737874e-01	-1.946706750287886534e-01	1.434839262178062291e-01	-1.383168814515259581e-01	1.473497936404475905e-01	-1.521801638724211980e-01	1.266614973897701724e-01	-1.134422863294461958e-01	9.188366172784583064e-02	-1.352009322533061497e-01	1.446438259819671779e-01	-1.807522456486615470e-01
-8.728104705014225750e-01	2.731871003058886083e-01	-1.069834928085348635e-01	6.987828687305229491e-02	-8.417281792539087204e-02	1.000000000000000444e+00	-3.436371574891534664e-01	8.334986687307739672e-02	-7.271285634094389050e-02	5.207096282819317218e-02	-9.202085118906797034e-02	1.338196431689342991e-01	-8.700899816685742083e-02	5.002918478998454044e-02	-4.553790959820270406e-02	6.093489290978497397e-02	-1.131357970438180566e-01	8.482812452342416987e-02	-6.170889088192824112e-02	6.253123922996438322e-02	-6.616192730724838877e-02	7.316216428870107868e-02	-8.137415986457342820e-02	4.219786690303478638e-02	-3.954594359898907369e-02	5.484000749132025149e-02	-6.187373043308955212e-02	7.614012226087440993e-02	-3.329521884826181638e-02	4.220842113243589155e-02	-5.382428721257056375e-02	4.700579733944575123e-02	-4.418608224265966472e-02	3.996380911543839093e-02	-3.278896180200192856e-02	3.561996806772787377e-02	-2.995744051539680347e-02	3.859736863342430602e-02	-4.179775624550827184e-02	4.416993054429075444e-02
2.465072038363144702e-01	-7.612919725057124554e-01	1.559904798271826709e-01	-1.092815448747608276e-01	1.221301308281937115e-01	-3.436371574891534664e-01	1.000000000000000444e+00	-1.512401165095731970e-01	1.097885261701357917e-01	-7.993634323346193726e-02	1.300280103710146351e-01	-3.807663340619006909e-01	1.489655535559237243e-01	-7.973068298733426706e-02	7.075781324428570551e-02	-9.281862902195209264e-02	1.982472178829243203e-01	-1.501537617855479567e-01	9.865863368358304686e-02	-1.011219650645778373e-01	9.931249040025583175e-02	-1.225848442847662090e-01	1.284614356737122376e-01	-6.615015485198806611e-02	6.149945756977735767e-02	-8.456480840690759615e-02	9.599003485124606161e-02	-1.204579457363679634e-01	5.187733325007867768e-02	-6.630994462996539496e-02	8.136662775171968343e-02	-7.295734163457517907e-02	6.812339763176421259e-02	-6.203587409737309349e-02	5.067388850138597467e-02	-5.521003170738930654e-02	4.614504864681188978e-02	-5.972790675693491480e-02	6.398464982903549758e-02	-6.853056768068328808e-02
-6.933644494572456518e-02	1.422439787509264253e-01	-3.706338055390029362e-01	2.316270981258952699e-01	-2.590290550392579938e-01	8.334986687307739672e-02	-1.512401165095731970e-01	1.000000000000001110e+00	-3.412717657923896586e-01	1.875133306751065043e-01	-1.673108730715837378e-01	2.232338451592232320e-01	-7.055796805975421693e-01	1.781623940996733269e-01	-1.617842409633283574e-01	1.174218484155466341e-01	-2.119432573682032694e-01	2.588971309627747797e-01	-1.963714022505060053e-01	1.876262986701501823e-01	-1.404678427410419872e-01	1.654661432383600361e-01	-2.111356682500293569e-01	1.110958157662994272e-01	-1.115364148463840743e-01	1.211246239729923541e-01	-1.410857879428293327e-01	1.878287987404769488e-01	-8.728428932261504680e-02	1.173252956842348871e-01	-1.223020581233129483e-01	1.092677403012642795e-01	-1.080385071223192023e-01	1.012885288766884467e-01	-8.403837006105112362e-02	8.395622070487095134e-02	-7.048177888966741800e-02	9.474767339174738900e-02	-1.040675847022275446e-01	1.127623124306337959e-01
5.819403161410102721e-02	-1.231323959135690038e-01	2.816500010566042600e-01	-4.867249464821694072e-01	3.220656757326794684e-01	-7.271285634094389050e-02	1.097885261701357917e-01	-3.412717657923896586e-01	9.999999999999998890e-01	-5.407717824241320415e-01	1.379119176315659889e-01	-1.748510209429335049e-01	2.154798641293135530e-01	-3.165612157856252940e-01	2.554301398763184627e-01	-1.031809380719382052e-01	1.545021002641069341e-01	-2.096941839318562095e-01	2.104675929328947703e-01	-2.509910288567374637e-01	1.216987094578337314e-01	-1.464517228129930959e-01	1.683633494934916597e-01	-1.269663551160103709e-01	1.298916951886762705e-01	-1.143922628311050543e-01	1.293290812246307708e-01	-2.017619117536160467e-01	9.730745890793314479e-02	-1.454475086321694588e-01	1.140726397254714086e-01	-1.074445325642702648e-01	1.120045850171463991e-01	-1.126927603888814300e-01	9.385383672689998069e-02	-8.608022071232036831e-02	7.056336456353309861e-02	-1.010812153351976078e-01	1.095579671371240960e-01	-1.299219105789750084e-01
-4.205840116115781846e-02	8.748061069549280255e-02	-2.040217254107778988e-01	2.396132375572524731e-01	-5.459057533379680915e-01	5.207096282819317218e-02	-7.993634323346193726e-02	1.875133306751065043e-01	-5.407717824241320415e-01	9.999999999999990008e-01	-1.087534120754251599e-01	1.259445392478313330e-01	-1.586573101315665035e-01	2.789956824608357255e-01	-4.967252558450303557e-01	7.946730671076304708e-02	-1.184064564723618512e-01	1.568570351340649038e-01	-1.999250181770609591e-01	2.134075132411528408e-01	-9.543715913116126992e-02	1.114963598857261345e-01	-1.329687429980862534e-01	1.001727659362946776e-01	-1.123613823569543368e-01	8.791747806820596201e-02	-1.002341405070808489e-01	1.512745612267032691e-01	-7.775469696326994806e-02	1.183893978988257989e-01	-8.921718321305727173e-02	8.264972095819775322e-02	-8.708424987007008788e-02	8.761261063821454420e-02	-7.385787485172472244e-02	6.582086530465020013e-02	-5.441976555255609305e-02	7.796620597802576824e-02	-8.628838187282449057e-02	1.001348544639851790e-01
7.151601217579607594e-02	-1.432876941515557612e-01	1.624589513046631462e-01	-1.310961141887952430e-01	1.639991469114107092e-01	-9.202085118906797034e-02	1.300280103710146351e-01	-1.673108730715837378e-01	1.379119176315659889e-01	-1.087534120754251599e-01	1.000000000000001998e+00	-2.596553328032595309e-01	1.556415213967408395e-01	-1.094577689062682657e-01	9.657323917611183861e-02	-7.205718858621051881e-01	2.039021199582823352e-01	-1.935760198186865511e-01	1.364386780703124580e-01	-1.553747699113331715e-01	3.027540618973834641e-01	-2.362318386599907283e-01	2.074964798337408101e-01	-1.369842264183712410e-01	1.059778687921850149e-01	-2.765012170676912073e-01	2.063049200524816607e-01	-2.845529627923660820e-01	1.058109087674967141e-01	-1.209893248711297192e-01	1.951228088483491219e-01	-1.808012159002261587e-01	1.528369064840773839e-01	-1.383283677998745353e-01	1.088733934838392869e-01	-1.420023818340409583e-01	1.117393607597007288e-01	-1.396513575470972324e-01	1.374628477087581624e-01	-1.557015308903844653e-01
-1.127431256059378412e-01	2.339454433602163874e-01	-2.169363989228914602e-01	1.494926976799874907e-01	-1.952501508838318245e-01	1.338196431689342991e-01	-3.807663340619006909e-01	2.232338451592232320e-01	-1.748510209429335049e-01	1.259445392478313330e-01	-2.596553328032595309e-01	9.999999999999981126e-01	-3.294845306270201557e-01	1.313060308414122079e-01	-1.169826053473499716e-01	1.686133562489847137e-01	-6.459490569974033480e-01	2.763028803216447393e-01	-1.756148474537319037e-01	1.626662191339374453e-01	-1.800510008751015911e-01	2.244440835231821807e-01	-2.417516429193310723e-01	1.064675276567293161e-01	-9.975051768688944498e-02	1.447472085877756498e-01	-1.721500265689864528e-01	1.948341849601695486e-01	-8.419367463026002085e-02	1.051222565637801448e-01	-1.392803314366768686e-01	1.229815447002297613e-01	-1.120938884202565822e-01	9.969233483106174076e-02	-8.134423478132205010e-02	9.074999269568938265e-02	-7.683487716268462553e-02	9.692031243735171886e-02	-1.041034942207776370e-01	1.085029968734385758e-01
6.960802713832774102e-02	-1.512971547071905454e-01	2.281623479840342861e-01	-1.801820613183970909e-01	2.008549309649542702e-01	-8.700899816685742083e-02	1.489655535559237243e-01	-7.055796805975421693e-01	2.154798641293135530e-01	-1.586573101315665035e-01	1.556415213967408395e-01	-3.294845306270201557e-01	1.000000000000004663e+00	-1.936981947193849307e-01	1.480056453308263298e-01	-1.168752454197533458e-01	2.405805356667657102e-01	-4.292601170358674723e-01	2.002597527154425516e-01	-1.976091310891378294e-01	1.327545558762093236e-01	-1.784373233269624937e-01	2.092660022756802629e-01	-1.087449711753814691e-01	1.059902248592712454e-01	-1.181494352037879142e-01	1.368969998092747775e-01	-1.881788929618807282e-01	8.429856994592940800e-02	-1.139948226119941871e-01	1.148740256315233382e-01	-1.061258142238320074e-01	1.031453597442946457e-01	-9.722045523473510364e-02	7.979762716649557719e-02	-8.109877122230257918e-02	6.748260842257078340e-02	-9.082030714711321340e-02	9.781066500771141980e-02	-1.074515987060217365e-01
-4.059099902600297322e-02	8.415704914908146705e-02	-1.769477462768314080e-01	1.744646641259522402e-01	-2.857078990843364141e-01	5.002918478998454044e-02	-7.973068298733426706e-02	1.781623940996733269e-01	-3.165612157856252940e-01	2.789956824608357255e-01	-1.094577689062682657e-01	1.313060308414122079e-01	-1.936981947193849307e-01	9.999999999999986677e-01	-7.069722715122951362e-01	7.947025403778153196e-02	-1.334196348235273111e-01	1.911719843742209213e-01	-4.335871881664801752e-01	2.705686126348198495e-01	-9.596689348667823694e-02	1.153406930101884970e-01	-1.451070208738848843e-01	1.044569096787606732e-01	-1.252245559417815290e-01	8.610284983330426800e-02	-1.000056939920939969e-01	1.418916561261869547e-01	-8.172729228336128582e-02	1.238577287532079407e-01	-8.787187178576072455e-02	8.031609244699700056e-02	-8.472600115177408853e-02	8.518276939361954514e-02	-7.232343785138133085e-02	6.258865609534614016e-02	-5.241314459296562978e-02	7.452365051115095174e-02	-8.443478440010056263e-02	9.388743726693635216e-02
3.666298619845381745e-02	-7.659227076827848646e-02	1.549711716938813322e-01	-1.677626339588308702e-01	2.536329062135341816e-01	-4.553790959820270406e-02	7.075781324428570551e-02	-1.617842409633283574e-01	2.554301398763184627e-01	-4.967252558450303557e-01	9.657323917611183861e-02	-1.169826053473499716e-01	1.480056453308263298e-01	-7.069722715122951362e-01	9.999999999999973355e-01	-7.110807592066964444e-02	1.127112879236291110e-01	-1.640069233678455585e-01	2.522462097631037459e-01	-3.131793668432649724e-01	8.524652894348863641e-02	-1.028320184640997004e-01	1.241773305989262999e-01	-9.789683663991016749e-02	1.199877831910438480e-01	-7.808574764766289256e-02	8.984252068173548267e-02	-1.324675781979519351e-01	7.549904661117513849e-02	-1.251514439759217612e-01	7.928537046937958466e-02	-7.343962100474862864e-02	7.819974190161126104e-02	-8.026436328654662500e-02	6.826004506553227935e-02	-5.779736691913231472e-02	4.809250802899515259e-02	-6.938573853508066269e-02	7.803366610836623418e-02	-8.964367127438395422e-02
-4.911151895706918069e-02	9.579943842343818794e-02	-1.234775974655915182e-01	9.432053756270264433e-02	-1.249279422337203488e-01	6.093489290978497397e-02	-9.281862902195209264e-02	1.174218484155466341e-01	-1.031809380719382052e-01	7.946730671076304708e-02	-7.205718858621051881e-01	1.686133562489847137e-01	-1.168752454197533458e-01	7.947025403778153196e-02	-7.110807592066964444e-02	9.999999999999981126e-01	-1.807594774277573590e-01	1.445937328226207519e-01	-1.015037722598292474e-01	1.093856991079842633e-01	-5.495840976329965377e-01	1.934124283225677199e-01	-1.753343375841564800e-01	9.429954140737140111e-02	-7.526493288135230331e-02	2.305355679351193954e-01	-1.759515298844648301e-01	1.934589590528668912e-01	-7.425137956983900167e-02	8.360587682356808437e-02	-1.792029950666005900e-01	1.394815392602410387e-01	-1.126312804376267129e-01	9.593651668031479007e-02	-7.589685925078491768e-02	1.022744486103564915e-01	-8.451795979552320648e-02	9.882311076471192446e-02	-9.969475161728928725e-02	1.048301529087411060e-01
8.858246092627641843e-02	-2.018038218166009756e-01	1.798492744100805285e-01	-1.351000981152809810e-01	1.724547320729134525e-01	-1.131357970438180566e-01	1.982472178829243203e-01	-2.119432573682032694e-01	1.545021002641069341e-01	-1.184064564723618512e-01	2.039021199582823352e-01	-6.459490569974033480e-01	2.405805356667657102e-01	-1.334196348235273111e-01	1.127112879236291110e-01	-1.807594774277573590e-01	9.999999999999963363e-01	-4.756599139870780202e-01	1.857074617948251405e-01	-1.795426510070804171e-01	1.792142233328829493e-01	-3.544304649774354665e-01	2.624473201233759045e-01	-1.108045100966796731e-01	1.008332209506503097e-01	-1.520619332037323468e-01	1.829281562957351670e-01	-2.099508314885276394e-01	8.655360785636095899e-02	-1.083172848724934662e-01	1.388952762516186545e-01	-1.306744545595500961e-01	1.146277296968193221e-01	-1.020525017851880434e-01	8.233878900744717733e-02	-9.442244671879949924e-02	7.907522108560023633e-02	-9.945032162900249717e-02	1.045077743339297011e-01	-1.100735923831588636e-01
-6.937743943075239117e-02	1.438591642394756731e-01	-2.293063830080879217e-01	1.669336639130537814e-01	-2.285658157755131314e-01	8.482812452342416987e-02	-1.501537617855479567e-01	2.588971309627747797e-01	-2.096941839318562095e-01	1.568570351340649038e-01	-1.935760198186865511e-01	2.763028803216447393e-01	-4.292601170358674723e-01	1.911719843742209213e-01	-1.640069233678455585e-01	1.445937328226207519e-01	-4.756599139870780202e-01	1.000000000000000444e+00	-3.973006993565139644e-01	2.433083202793371036e-01	-1.743093929387678209e-01	2.520926830971890187e-01	-4.277556148106136380e-01	1.327972401361653121e-01	-1.327503218946921859e-01	1.476028638536788229e-01	-1.827383362222900209e-01	2.265619259348457259e-01	-1.046202047494526888e-01	1.342449757825785184e-01	-1.456278972025067953e-01	1.323764022006234664e-01	-1.266481425773056391e-01	1.155047448520471892e-01	-9.503908549620064539e-02	9.780416627516771988e-02	-8.296927143146025363e-02	1.087032732531093421e-01	-1.188989391569933995e-01	1.238181536767699598e-01
4.968588610894698193e-02	-1.042450962752338173e-01	1.825656771134494261e-01	-1.595399635236341152e-01	2.290553480948168408e-01	-6.170889088192824112e-02	9.865863368358304686e-02	-1.963714022505060053e-01	2.104675929328947703e-01	-1.999250181770609591e-01	1.364386780703124580e-01	-1.756148474537319037e-01	2.002597527154425516e-01	-4.335871881664801752e-01	2.522462097631037459e-01	-1.015037722598292474e-01	1.857074617948251405e-01	-3.973006993565139644e-01	1.000000000000001332e+00	-6.474017035013327481e-01	1.216183591068693420e-01	-1.572165791702802573e-01	1.964706342846589127e-01	-1.648080569844002641e-01	1.882383741285997003e-01	-1.094948467863163244e-01	1.284982362518357901e-01	-1.805512336530961104e-01	1.201688097169189978e-01	-1.923112912542452035e-01	1.111580996037901670e-01	-1.025894794965171442e-01	1.099582589152658524e-01	-1.146833895069460374e-01	9.723692268645037218e-02	-7.880586661668322057e-02	6.635982573947987739e-02	-9.576009556994592720e-02	1.102347102470873502e-01	-1.216080491251855245e-01
-5.123055713466304756e-02	1.043803987566220559e-01	-2.225018290222305628e-01	1.803146172759132471e-01	-3.065744421090055849e-01	6.253123922996438322e-02	-1.011219650645778373e-01	1.876262986701501823e-01	-2.509910288567374637e-01	2.134075132411528408e-01	-1.553747699113331715e-01	1.626662191339374453e-01	-1.976091310891378294e-01	2.705686126348198495e-01	-3.131793668432649724e-01	1.093856991079842633e-01	-1.795426510070804171e-01	2.433083202793371036e-01	-6.474017035013327481e-01	9.999999999999940048e-01	-1.359173394411335445e-01	1.563266869369930867e-01	-2.068677101399477580e-01	1.583596961404677705e-01	-3.563450790705303683e-01	1.187381461619888834e-01	-1.398927009332477933e-01	1.880271116770255990e-01	-1.305614037968169383e-01	2.337729856496224556e-01	-1.251104422962253382e-01	1.116144822567279454e-01	-1.225003845064901176e-01	1.259363089063888497e-01	-1.120151764498010655e-01	8.584814073493798880e-02	-7.316675729700979069e-02	1.058505844470568752e-01	-1.260748548705538652e-01	1.353162346895462609e-01
5.245891686417227667e-02	-1.082572561045094389e-01	1.434239741885015296e-01	-1.128427048906780333e-01	1.477414172783357293e-01	-6.616192730724838877e-02	9.931249040025583175e-02	-1.404678427410419872e-01	1.216987094578337314e-01	-9.543715913116126992e-02	3.027540618973834641e-01	-1.800510008751015911e-01	1.327545558762093236e-01	-9.596689348667823694e-02	8.524652894348863641e-02	-5.495840976329965377e-01	1.792142233328829493e-01	-1.743093929387678209e-01	1.216183591068693420e-01	-1.359173394411335445e-01	9.999999999999968914e-01	-3.373207647271807552e-01	2.232582557381418142e-01	-1.269731201260370923e-01	9.558287174044904910e-02	-5.349803115832187927e-01	2.521692502346896680e-01	-2.776354244628488344e-01	9.929848824533898943e-02	-1.080053196268208199e-01	2.496223240504915342e-01	-2.103335165557372322e-01	1.549602141286398893e-01	-1.314331226185501689e-01	1.019196539193558820e-01	-1.502286823307680541e-01	1.203655100714780407e-01	-1.383702597278758661e-01	1.335577231594586300e-01	-1.426813902583078386e-01
-5.929505738125464415e-02	1.221707408565789327e-01	-1.732234933159556567e-01	1.280540374421949568e-01	-1.760374193206602766e-01	7.316216428870107868e-02	-1.225848442847662090e-01	1.654661432383600361e-01	-1.464517228129930959e-01	1.114963598857261345e-01	-2.362318386599907283e-01	2.244440835231821807e-01	-1.784373233269624937e-01	1.153406930101884970e-01	-1.028320184640997004e-01	1.934124283225677199e-01	-3.544304649774354665e-01	2.520926830971890187e-01	-1.572165791702802573e-01	1.563266869369930867e-01	-3.373207647271807552e-01	9.999999999999957812e-01	-5.953386615152940209e-01	1.325855546741024904e-01	-1.052858748183422150e-01	2.387436515768107115e-01	-4.626714660817743963e-01	2.877138121681186433e-01	-1.062424817814855565e-01	1.135069153890893162e-01	-2.230511565329809098e-01	2.112137442922088215e-01	-1.626906585652995174e-01	1.292350911271132607e-01	-1.019295715088381626e-01	1.361078402302848545e-01	-1.203837840007659088e-01	1.340976989379397688e-01	-1.375997175115127591e-01	1.340845720742341318e-01
6.484388277169421400e-02	-1.370821904486418941e-01	1.915279973865031682e-01	-1.492924001818113355e-01	1.974787511493572290e-01	-8.137415986457342820e-02	1.284614356737122376e-01	-2.111356682500293569e-01	1.683633494934916597e-01	-1.329687429980862534e-01	2.074964798337408101e-01	-2.417516429193310723e-01	2.092660022756802629e-01	-1.451070208738848843e-01	1.241773305989262999e-01	-1.753343375841564800e-01	2.624473201233759045e-01	-4.277556148106136380e-01	1.964706342846589127e-01	-2.068677101399477580e-01	2.232582557381418142e-01	-5.953386615152940209e-01	9.999999999999952260e-01	-1.801593504371205301e-01	1.294725966165866660e-01	-2.129557229560792575e-01	2.696242718573626518e-01	-4.284058974062623926e-01	1.346812326971090490e-01	-1.426263874849200142e-01	1.946102585274799290e-01	-1.970374667838973026e-01	1.785928441521987264e-01	-1.551819285903525136e-01	1.208876893777192790e-01	-1.403202431294296726e-01	1.169039176530750346e-01	-1.526753442037924180e-01	1.556235329954711588e-01	-1.608172907485790892e-01
-3.444939210429534548e-02	6.963700516964693721e-02	-1.434622739731108432e-01	1.064240944345672263e-01	-1.689313325103209973e-01	4.219786690303478638e-02	-6.615015485198806611e-02	1.110958157662994272e-01	-1.269663551160103709e-01	1.001727659362946776e-01	-1.369842264183712410e-01	1.064675276567293161e-01	-1.087449711753814691e-01	1.044569096787606732e-01	-9.789683663991016749e-02	9.429954140737140111e-02	-1.108045100966796731e-01	1.327972401361653121e-01	-1.648080569844002641e-01	1.583596961404677705e-01	-1.269731201260370923e-01	1.325855546741024904e-01	-1.801593504371205301e-01	9.999999999999943379e-01	-2.293813192025604131e-01	1.160576502328674181e-01	-1.445123871159766371e-01	1.981698788283296209e-01	-7.968374958932228358e-01	2.157836131942484359e-01	-1.401441603495373889e-01	1.277600321315051635e-01	-2.082422170766735359e-01	2.680551197550803399e-01	-2.153827750037727584e-01	9.558877502159275619e-02	-8.664830882767504683e-02	1.594925148923718450e-01	-2.410974491533038888e-01	1.891750955998464101e-01
3.206830035873568796e-02	-6.570329636859699451e-02	1.315888509195840828e-01	-1.065663290068442209e-01	1.649937045717776163e-01	-3.954594359898907369e-02	6.149945756977735767e-02	-1.115364148463840743e-01	1.298916951886762705e-01	-1.123613823569543368e-01	1.059778687921850149e-01	-9.975051768688944498e-02	1.059902248592712454e-01	-1.252245559417815290e-01	1.199877831910438480e-01	-7.526493288135230331e-02	1.008332209506503097e-01	-1.327503218946921859e-01	1.882383741285997003e-01	-3.563450790705303683e-01	9.558287174044904910e-02	-1.052858748183422150e-01	1.294725966165866660e-01	-2.293813192025604131e-01	9.999999999999934497e-01	-8.828114206320580859e-02	1.044568547985443713e-01	-1.529462739251153114e-01	1.876888698149835610e-01	-8.253417211566829170e-01	9.782116008145255726e-02	-9.096901877171328921e-02	1.202835152720813650e-01	-1.591319943229610456e-01	1.550454040514095411e-01	-7.107874759996590797e-02	6.121133643237672284e-02	-1.044903408217023461e-01	1.326615890780883378e-01	-1.733384696938879976e-01
-4.424708097373991622e-02	8.918933914886241487e-02	-1.376759375330027513e-01	1.031415146721907927e-01	-1.440879332433009918e-01	5.484000749132025149e-02	-8.456480840690759615e-02	1.211246239729923541e-01	-1.143922628311050543e-01	8.791747806820596201e-02	-2.765012170676912073e-01	1.447472085877756498e-01	-1.181494352037879142e-01	8.610284983330426800e-02	-7.808574764766289256e-02	2.305355679351193954e-01	-1.520619332037323468e-01	1.476028638536788229e-01	-1.094948467863163244e-01	1.187381461619888834e-01	-5.349803115832187927e-01	2.387436515768107115e-01	-2.129557229560792575e-01	1.160576502328674181e-01	-8.828114206320580859e-02	1.000000000000001110e+00	-4.064238414606842209e-01	2.506930330562380793e-01	-9.404295128862980024e-02	9.745450945802290599e-02	-5.686173511509740042e-01	2.678671948319311102e-01	-1.719489131512380586e-01	1.273340428671315139e-01	-9.858086173246190242e-02	1.642888891605640556e-01	-1.457666561456900933e-01	1.416774511342389631e-01	-1.388918165991657183e-01	1.316947516293728859e-01
4.954501808754262909e-02	-1.026324644250598966e-01	1.537170392591957757e-01	-1.164113527857896513e-01	1.614710116645675375e-01	-6.187373043308955212e-02	9.599003485124606161e-02	-1.410857879428293327e-01	1.293290812246307708e-01	-1.002341405070808489e-01	2.063049200524816607e-01	-1.721500265689864528e-01	1.368969998092747775e-01	-1.000056939920939969e-01	8.984252068173548267e-02	-1.759515298844648301e-01	1.829281562957351670e-01	-1.827383362222900209e-01	1.284982362518357901e-01	-1.398927009332477933e-01	2.521692502346896680e-01	-4.626714660817743963e-01	2.696242718573626518e-01	-1.445123871159766371e-01	1.044568547985443713e-01	-4.064238414606842209e-01	9.999999999999987788e-01	-4.385662187069082063e-01	1.176256802971848009e-01	-1.161477824548454579e-01	3.001979200403096515e-01	-4.901027665711143455e-01	2.213076837052495027e-01	-1.601649432642411608e-01	1.196710401922310152e-01	-2.184952880602308856e-01	1.855569459751166272e-01	-1.836819567243634377e-01	1.680424958136099156e-01	-1.594327449881982883e-01
-6.237039574419351445e-02	1.250288433501743068e-01	-2.494520433911163182e-01	1.751103949112553793e-01	-2.706482029782519838e-01	7.614012226087440993e-02	-1.204579457363679634e-01	1.878287987404769488e-01	-2.017619117536160467e-01	1.512745612267032691e-01	-2.845529627923660820e-01	1.948341849601695486e-01	-1.881788929618807282e-01	1.418916561261869547e-01	-1.324675781979519351e-01	1.934589590528668912e-01	-2.099508314885276394e-01	2.265619259348457259e-01	-1.805512336530961104e-01	1.880271116770255990e-01	-2.776354244628488344e-01	2.877138121681186433e-01	-4.284058974062623926e-01	1.981698788283296209e-01	-1.529462739251153114e-01	2.506930330562380793e-01	-4.385662187069082063e-01	9.999999999999926725e-01	-1.885189566919258375e-01	1.607185323957660561e-01	-2.960970490061950455e-01	2.621047371399978232e-01	-3.686544904331869876e-01	2.158555237407425442e-01	-1.724782011163356887e-01	1.774389387389382067e-01	-1.657389352228366142e-01	2.292713559921484290e-01	-2.586958242228200588e-01	2.060069049264167118e-01
2.708576928458470562e-02	-5.498048297700509901e-02	1.094995837539482902e-01	-8.246582678193078997e-02	1.282024537803737874e-01	-3.329521884826181638e-02	5.187733325007867768e-02	-8.728428932261504680e-02	9.730745890793314479e-02	-7.775469696326994806e-02	1.058109087674967141e-01	-8.419367463026002085e-02	8.429856994592940800e-02	-8.172729228336128582e-02	7.549904661117513849e-02	-7.425137956983900167e-02	8.655360785636095899e-02	-1.046202047494526888e-01	1.201688097169189978e-01	-1.305614037968169383e-01	9.929848824533898943e-02	-1.062424817814855565e-01	1.346812326971090490e-01	-7.968374958932228358e-01	1.876888698149835610e-01	-9.404295128862980024e-02	1.176256802971848009e-01	-1.885189566919258375e-01	9.999999999999928946e-01	-2.564398078377498336e-01	1.118817136465435486e-01	-1.082124248662990201e-01	1.790396055489882066e-01	-4.070698801549917922e-01	1.964497655086316630e-01	-8.092638334018598112e-02	7.234493826357608903e-02	-1.437011566437026155e-01	1.944987201739648008e-01	-1.866865448359861512e-01
-3.449979966172390250e-02	6.994313047895590885e-02	-1.523190759564413133e-01	1.171362481018346086e-01	-1.946706750287886534e-01	4.220842113243589155e-02	-6.630994462996539496e-02	1.173252956842348871e-01	-1.454475086321694588e-01	1.183893978988257989e-01	-1.209893248711297192e-01	1.051222565637801448e-01	-1.139948226119941871e-01	1.238577287532079407e-01	-1.251514439759217612e-01	8.360587682356808437e-02	-1.083172848724934662e-01	1.342449757825785184e-01	-1.923112912542452035e-01	2.337729856496224556e-01	-1.080053196268208199e-01	1.135069153890893162e-01	-1.426263874849200142e-01	2.157836131942484359e-01	-8.253417211566829170e-01	9.745450945802290599e-02	-1.161477824548454579e-01	1.607185323957660561e-01	-2.564398078377498336e-01	9.999999999999974465e-01	-1.110084463049096914e-01	1.004626964332787364e-01	-1.381922583553913675e-01	1.756537365463360645e-01	-2.043975969643474777e-01	7.749334711799302222e-02	-6.792535173501607071e-02	1.156547921836916237e-01	-1.563804824188196607e-01	1.781418712329913279e-01
4.301560117586367138e-02	-8.842007784400988946e-02	1.353573445877015169e-01	-1.045769038598347300e-01	1.434839262178062291e-01	-5.382428721257056375e-02	8.136662775171968343e-02	-1.223020581233129483e-01	1.140726397254714086e-01	-8.921718321305727173e-02	1.951228088483491219e-01	-1.392803314366768686e-01	1.148740256315233382e-01	-8.787187178576072455e-02	7.928537046937958466e-02	-1.792029950666005900e-01	1.388952762516186545e-01	-1.456278972025067953e-01	1.111580996037901670e-01	-1.251104422962253382e-01	2.496223240504915342e-01	-2.230511565329809098e-01	1.946102585274799290e-01	-1.401441603495373889e-01	9.782116008145255726e-02	-5.686173511509740042e-01	3.001979200403096515e-01	-2.960970490061950455e-01	1.118817136465435486e-01	-1.110084463049096914e-01	9.999999999999962252e-01	-5.563836292822569307e-01	2.201004416373864570e-01	-1.644769560922587082e-01	1.207623844713751338e-01	-2.765679953205790742e-01	2.145170562383125201e-01	-1.961131546537013270e-01	1.689054002629750140e-01	-1.671564302347219866e-01
-3.799065457417935554e-02	7.716208802187821125e-02	-1.293169049033731921e-01	9.599915181756213389e-02	-1.383168814515259581e-01	4.700579733944575123e-02	-7.295734163457517907e-02	1.092677403012642795e-01	-1.074445325642702648e-01	8.264972095819775322e-02	-1.808012159002261587e-01	1.229815447002297613e-01	-1.061258142238320074e-01	8.031609244699700056e-02	-7.343962100474862864e-02	1.394815392602410387e-01	-1.306744545595500961e-01	1.323764022006234664e-01	-1.025894794965171442e-01	1.116144822567279454e-01	-2.103335165557372322e-01	2.112137442922088215e-01	-1.970374667838973026e-01	1.277600321315051635e-01	-9.096901877171328921e-02	2.678671948319311102e-01	-4.901027665711143455e-01	2.621047371399978232e-01	-1.082124248662990201e-01	1.004626964332787364e-01	-5.563836292822569307e-01	9.999999999999961142e-01	-3.444992638296108800e-01	1.638632176597693002e-01	-1.196063639913149956e-01	2.651164143440484233e-01	-3.750032545525887606e-01	2.076220742836302757e-01	-1.841489989422160356e-01	1.510889357291132218e-01
3.577465564912158530e-02	-7.266105546992840392e-02	1.333011739319062972e-01	-9.919564592592228225e-02	1.473497936404475905e-01	-4.418608224265966472e-02	6.812339763176421259e-02	-1.080385071223192023e-01	1.120045850171463991e-01	-8.708424987007008788e-02	1.528369064840773839e-01	-1.120938884202565822e-01	1.031453597442946457e-01	-8.472600115177408853e-02	7.819974190161126104e-02	-1.126312804376267129e-01	1.146277296968193221e-01	-1.266481425773056391e-01	1.099582589152658524e-01	-1.225003845064901176e-01	1.549602141286398893e-01	-1.626906585652995174e-01	1.785928441521987264e-01	-2.082422170766735359e-01	1.202835152720813650e-01	-1.719489131512380586e-01	2.213076837052495027e-01	-3.686544904331869876e-01	1.790396055489882066e-01	-1.381922583553913675e-01	2.201004416373864570e-01	-3.444992638296108800e-01	9.999999999999968914e-01	-4.082189040344016973e-01	2.081482269121515682e-01	-1.891566537187016062e-01	1.752613931086965948e-01	-6.005537097383294443e-01	3.124018338014038498e-01	-2.634950518964357946e-01
-3.256882326938951439e-02	6.570719984888617748e-02	-1.329790142702518274e-01	9.747712617231661658e-02	-1.521801638724211980e-01	3.996380911543839093e-02	-6.203587409737309349e-02	1.012885288766884467e-01	-1.126927603888814300e-01	8.761261063821454420e-02	-1.383283677998745353e-01	9.969233483106174076e-02	-9.722045523473510364e-02	8.518276939361954514e-02	-8.026436328654662500e-02	9.593651668031479007e-02	-1.020525017851880434e-01	1.155047448520471892e-01	-1.146833895069460374e-01	1.259363089063888497e-01	-1.314331226185501689e-01	1.292350911271132607e-01	-1.551819285903525136e-01	2.680551197550803399e-01	-1.591319943229610456e-01	1.273340428671315139e-01	-1.601649432642411608e-01	2.158555237407425442e-01	-4.070698801549917922e-01	1.756537365463360645e-01	-1.644769560922587082e-01	1.638632176597693002e-01	-4.082189040344016973e-01	9.999999999999960032e-01	-5.248195048574156862e-01	1.189826939500431002e-01	-1.111719964580756559e-01	2.542424784881676669e-01	-4.236766644130838810e-01	3.028277595280368661e-01
2.667922016529042720e-02	-5.396425531520707142e-02	1.093805272782191612e-01	-8.128480863808190682e-02	1.266614973897701724e-01	-3.278896180200192856e-02	5.067388850138597467e-02	-8.403837006105112362e-02	9.385383672689998069e-02	-7.385787485172472244e-02	1.088733934838392869e-01	-8.134423478132205010e-02	7.979762716649557719e-02	-7.232343785138133085e-02	6.826004506553227935e-02	-7.589685925078491768e-02	8.233878900744717733e-02	-9.503908549620064539e-02	9.723692268645037218e-02	-1.120151764498010655e-01	1.019196539193558820e-01	-1.019295715088381626e-01	1.208876893777192790e-01	-2.153827750037727584e-01	1.550454040514095411e-01	-9.858086173246190242e-02	1.196710401922310152e-01	-1.724782011163356887e-01	1.964497655086316630e-01	-2.043975969643474777e-01	1.207623844713751338e-01	-1.196063639913149956e-01	2.081482269121515682e-01	-5.248195048574156862e-01	9.999999999999966693e-01	-9.200964493401243838e-02	8.209818298141788318e-02	-1.829625230373596589e-01	2.498965937356001921e-01	-7.239145784762095470e-01
-2.892311911409858188e-02	5.827364011062585031e-02	-1.049096201538516349e-01	7.663986223835199396e-02	-1.134422863294461958e-01	3.561996806772787377e-02	-5.521003170738930654e-02	8.395622070487095134e-02	-8.608022071232036831e-02	6.582086530465020013e-02	-1.420023818340409583e-01	9.074999269568938265e-02	-8.109877122230257918e-02	6.258865609534614016e-02	-5.779736691913231472e-02	1.022744486103564915e-01	-9.442244671879949924e-02	9.780416627516771988e-02	-7.880586661668322057e-02	8.584814073493798880e-02	-1.502286823307680541e-01	1.361078402302848545e-01	-1.403202431294296726e-01	9.558877502159275619e-02	-7.107874759996590797e-02	1.642888891605640556e-01	-2.184952880602308856e-01	1.774389387389382067e-01	-8.092638334018598112e-02	7.749334711799302222e-02	-2.765679953205790742e-01	2.651164143440484233e-01	-1.891566537187016062e-01	1.189826939500431002e-01	-9.200964493401243838e-02	9.999999999999971134e-01	-8.532405577336173996e-01	1.724280117346033980e-01	-1.677886978805580021e-01	1.154841360461391631e-01
2.421090046085678377e-02	-4.914859139547428368e-02	8.509337127765834174e-02	-6.323794940505936268e-02	9.188366172784583064e-02	-2.995744051539680347e-02	4.614504864681188978e-02	-7.048177888966741800e-02	7.056336456353309861e-02	-5.441976555255609305e-02	1.117393607597007288e-01	-7.683487716268462553e-02	6.748260842257078340e-02	-5.241314459296562978e-02	4.809250802899515259e-02	-8.451795979552320648e-02	7.907522108560023633e-02	-8.296927143146025363e-02	6.635982573947987739e-02	-7.316675729700979069e-02	1.203655100714780407e-01	-1.203837840007659088e-01	1.169039176530750346e-01	-8.664830882767504683e-02	6.121133643237672284e-02	-1.457666561456900933e-01	1.855569459751166272e-01	-1.657389352228366142e-01	7.234493826357608903e-02	-6.792535173501607071e-02	2.145170562383125201e-01	-3.750032545525887606e-01	1.752613931086965948e-01	-1.111719964580756559e-01	8.209818298141788318e-02	-8.532405577336173996e-01	9.999999999999967804e-01	-1.959451582081742083e-01	1.462175438589323195e-01	-1.061511560834845491e-01
-3.137732760647325703e-02	6.334228414270096086e-02	-1.216722139959413862e-01	8.907570095887036576e-02	-1.352009322533061497e-01	3.859736863342430602e-02	-5.972790675693491480e-02	9.474767339174738900e-02	-1.010812153351976078e-01	7.796620597802576824e-02	-1.396513575470972324e-01	9.692031243735171886e-02	-9.082030714711321340e-02	7.452365051115095174e-02	-6.938573853508066269e-02	9.882311076471192446e-02	-9.945032162900249717e-02	1.087032732531093421e-01	-9.576009556994592720e-02	1.058505844470568752e-01	-1.383702597278758661e-01	1.340976989379397688e-01	-1.526753442037924180e-01	1.594925148923718450e-01	-1.044903408217023461e-01	1.416774511342389631e-01	-1.836819567243634377e-01	2.292713559921484290e-01	-1.437011566437026155e-01	1.156547921836916237e-01	-1.961131546537013270e-01	2.076220742836302757e-01	-6.005537097383294443e-01	2.542424784881676669e-01	-1.829625230373596589e-01	1.724280117346033980e-01	-1.959451582081742083e-01	9.999999999999968914e-01	-6.370343971113520132e-01	2.166188782375920163e-01
3.380821890118718837e-02	-6.873817279304966776e-02	1.287518600577443884e-01	-9.730955892559653431e-02	1.446438259819671779e-01	-4.179775624550827184e-02	6.398464982903549758e-02	-1.040675847022275446e-01	1.095579671371240960e-01	-8.628838187282449057e-02	1.374628477087581624e-01	-1.041034942207776370e-01	9.781066500771141980e-02	-8.443478440010056263e-02	7.803366610836623418e-02	-9.969475161728928725e-02	1.045077743339297011e-01	-1.188989391569933995e-01	1.102347102470873502e-01	-1.260748548705538652e-01	1.335577231594586300e-01	-1.375997175115127591e-01	1.556235329954711588e-01	-2.410974491533038888e-01	1.326615890780883378e-01	-1.388918165991657183e-01	1.680424958136099156e-01	-2.586958242228200588e-01	1.944987201739648008e-01	-1.563804824188196607e-01	1.689054002629750140e-01	-1.841489989422160356e-01	3.124018338014038498e-01	-4.236766644130838810e-01	2.498965937356001921e-01	-1.677886978805580021e-01	1.462175438589323195e-01	-6.370343971113520132e-01	9.999999999999966693e-01	-3.938792886440202201e-01
