1.000000000000000000e+00	-1.791771241282708038e-01	1.334977621793632663e-01	-7.840807352460327229e-02	8.348869053631682857e-02	-8.993385095821062603e-01	1.674385385366324863e-01	-1.451855124498003524e-01	8.475325195261583511e-02	-9.017741233649749499e-02	2.103931303854330581e-01	-1.581282476488275746e-01	1.286747002610184321e-01	-9.234759491088968819e-02	6.500480593810097074e-02	-2.378714721726765402e-01	1.102451595117989319e-01	-1.200576949606532717e-01	9.717962322338059844e-02	-7.522393647403276262e-02	8.940081449897303856e-02	-1.105757807250438984e-01	1.014046308406293673e-01	-7.632986920213168103e-02	6.369110229216340402e-02	-6.868496083622542547e-02	8.474264584888185903e-02	-7.162769661452923764e-02	7.179616215478239194e-02	-9.322029156143808726e-02	8.729948155066692694e-02	-6.025808352091092945e-02	5.042280510055330289e-02	-3.849016226312411415e-02	4.216127461492959888e-02	-9.199627701913970501e-02	7.042553098723636218e-02	-5.201536540212123305e-02	2.728802935719440784e-02	-3.019404677335663784e-02
-1.791771241282708038e-01	9.999999999999998890e-01	-7.371411353653715137e-01	1.749341704951100085e-01	-1.881072604113212254e-01	1.482053298952450138e-01	-4.846404170903331199e-01	2.965978961016522142e-01	-1.580241873439493516e-01	1.404035985003447562e-01	-1.301727353164960632e-01	2.108785935123960453e-01	-2.109959258517001557e-01	1.409784493602531108e-01	-9.762531448880477913e-02	1.286727271337908263e-01	-1.263182220147415491e-01	1.478847435598370508e-01	-1.416850344489008484e-01	1.022315183170168784e-01	-9.157820017770712528e-02	1.166777404211640223e-01	-1.299186132814199590e-01	9.167410037532128242e-02	-7.946241335706591413e-02	6.887075821768756656e-02	-9.688898158204158062e-02	8.249655601510652581e-02	-8.462048387154721962e-02	1.026992437825320070e-01	-9.627493789571550664e-02	6.624098048384285953e-02	-5.607369757479362116e-02	4.267951539876604222e-02	-4.734348590276179353e-02	9.225356034094417401e-02	-7.777419271788185706e-02	5.652346580284931671e-02	-3.018195449806266445e-02	3.310139006485971619e-02
1.334977621793632663e-01	-7.371411353653715137e-01	1.000000000000000000e+00	-2.572118469330859636e-01	1.961124531144712579e-01	-1.309150180380005690e-01	2.953414924421838839e-01	-4.575578336522656553e-01	1.800725982100247757e-01	-1.649752540719526539e-01	1.195664998473423696e-01	-2.099823921588641618e-01	2.058539146064307657e-01	-1.612032849177736926e-01	1.064992451210316632e-01	-1.279608927444823852e-01	1.185571423951622128e-01	-1.582792545709362508e-01	1.451387600678543943e-01	-1.124752255212197044e-01	8.824208438186931236e-02	-1.180744819660956707e-01	1.264366295721992273e-01	-9.549200154660789086e-02	8.224379921192155607e-02	-6.760476399442688633e-02	9.434364138128553678e-02	-8.265406756812297695e-02	8.435672004724392714e-02	-1.063582375844652483e-01	9.310281892763784539e-02	-6.512860260010643054e-02	5.528509547316245998e-02	-4.250300887106486097e-02	4.697344606996185085e-02	-9.340488890769048369e-02	7.645939611008076287e-02	-5.614794498107879284e-02	2.999951374467558357e-02	-3.301285870983143578e-02
-7.840807352460327229e-02	1.749341704951100085e-01	-2.572118469330859636e-01	9.999999999999995559e-01	-7.967147843580536515e-01	7.288033524780800076e-02	-1.487576865814564386e-01	1.824843573792941931e-01	-4.094318161136557555e-01	2.537411349268596239e-01	-8.023790311718956292e-02	1.223935983742550637e-01	-1.384706705787049352e-01	2.179034633767294726e-01	-1.545529085461068153e-01	8.536134296299413560e-02	-8.431946638611427514e-02	1.166052155932202766e-01	-1.940890386767576969e-01	1.451577083126473766e-01	-7.433162848623220409e-02	8.449136559133751945e-02	-1.042279434799923410e-01	1.007676467078689464e-01	-9.132911026856259384e-02	5.676638339303542030e-02	-8.439514580960597034e-02	7.286197191334002621e-02	-7.896979271524860733e-02	1.030494447239110878e-01	-8.367554080166475505e-02	5.821188177695376526e-02	-5.014123321725400678e-02	3.907095663708073235e-02	-4.379059858356863788e-02	8.307391059481919471e-02	-7.004561726586319703e-02	5.059625072699572290e-02	-2.755046342072200657e-02	3.030011804561724351e-02
8.348869053631682857e-02	-1.881072604113212254e-01	1.961124531144712579e-01	-7.967147843580536515e-01	9.999999999999996669e-01	-8.059124103135384409e-02	1.482710484418190422e-01	-1.901888561718100279e-01	2.838780467384999229e-01	-3.640774116654333370e-01	8.820307289112040705e-02	-1.359731877602863015e-01	1.451387769093291924e-01	-2.572910737128007441e-01	1.786060431254210545e-01	-9.744856886081364189e-02	9.280820258267995226e-02	-1.341002017483095832e-01	2.002314378432195618e-01	-1.860021274305451999e-01	8.261424761220247104e-02	-9.617530922058936671e-02	1.156714767171328345e-01	-1.199151180966462477e-01	1.066793418457292753e-01	-6.383252990078978895e-02	9.442466698286876292e-02	-8.327504578887008624e-02	8.999851740367363628e-02	-1.230915509653073420e-01	9.320561917625794224e-02	-6.570776145826455472e-02	5.674886686440005351e-02	-4.464699129637836328e-02	4.982466972262640514e-02	-9.691106665135239273e-02	7.911046720006027766e-02	-5.769669438030398251e-02	3.142461550704947482e-02	-3.469349142288119525e-02
-8.993385095821062603e-01	1.482053298952450138e-01	-1.309150180380005690e-01	7.288033524780800076e-02	-8.059124103135384409e-02	9.999999999999992228e-01	-1.874947862889256300e-01	1.345707637909029086e-01	-7.986755258167291260e-02	8.179630511853130947e-02	-2.729879020291083869e-01	1.513730618760021907e-01	-1.274559672424515067e-01	8.481768158204455732e-02	-6.015996462456379978e-02	2.021276177551957764e-01	-1.062023817624410671e-01	1.086244136032690349e-01	-9.238947605773838168e-02	6.822161428795665838e-02	-8.494051746397393576e-02	1.002305544198277693e-01	-9.660033066631755483e-02	6.937177222754190020e-02	-5.854227729483353626e-02	6.343113996772499485e-02	-8.022609752208213763e-02	6.617555125840306196e-02	-6.687728124333502944e-02	8.348550300526064172e-02	-8.320851637557302727e-02	5.627644498581525767e-02	-4.703729036046008088e-02	3.556883966789645829e-02	-3.918311088261998421e-02	8.211615101506099246e-02	-6.581189563436623535e-02	4.799593744518680649e-02	-2.524593661713709150e-02	2.780706313942974198e-02
1.674385385366324863e-01	-4.846404170903331199e-01	2.953414924421838839e-01	-1.487576865814564386e-01	1.482710484418190422e-01	-1.874947862889256300e-01	9.999999999999992228e-01	-5.686414910473508444e-01	1.721140299404568252e-01	-1.606000543378779954e-01	1.734911139846783412e-01	-4.650606264582058391e-01	2.792703575580594011e-01	-1.672392220511190186e-01	1.085633311656418187e-01	-1.780999553705774341e-01	1.717544986195325973e-01	-1.976151440469344212e-01	1.534038927649752915e-01	-1.166231020349971087e-01	1.102496395943627500e-01	-1.661515783762896048e-01	1.559333549940601360e-01	-1.073812036622968785e-01	9.133355466465650774e-02	-8.418018068022350975e-02	1.135382013842353016e-01	-9.904225691135136456e-02	9.914580142057377588e-02	-1.222193905540232411e-01	1.117969402111781835e-01	-7.812689614321295661e-02	6.574545096348281825e-02	-5.016825436078686806e-02	5.518341435047183913e-02	-1.106829509912502923e-01	9.048058758695270987e-02	-6.680597393457976541e-02	3.542615593380371575e-02	-3.895021077288958467e-02
-1.451855124498003524e-01	2.965978961016522142e-01	-4.575578336522656553e-01	1.824843573792941931e-01	-1.901888561718100279e-01	1.345707637909029086e-01	-5.686414910473508444e-01	9.999999999999996669e-01	-2.811945606236526118e-01	1.892062141395564612e-01	-1.525385704556280198e-01	2.789493327737790351e-01	-4.428698436060492516e-01	1.999398312781301423e-01	-1.312216960044060021e-01	1.499989445827386303e-01	-1.587180844628094667e-01	2.103153428171082029e-01	-1.855571478023780863e-01	1.321519008474095203e-01	-1.130054962377201738e-01	1.465824440184673449e-01	-1.778336740916386660e-01	1.173861726888626861e-01	-1.020222482636483491e-01	8.521711013133689838e-02	-1.223321309204644936e-01	1.064879569566998946e-01	-1.087024043144558666e-01	1.293215144048729948e-01	-1.195756816719279469e-01	8.297831321118240289e-02	-7.043832997145475783e-02	5.365544423789449929e-02	-5.947547713984800005e-02	1.139037943108452411e-01	-9.707302873307568913e-02	7.078224093240836901e-02	-3.788576431865910144e-02	4.148827929282596083e-02
8.475325195261583511e-02	-1.580241873439493516e-01	1.800725982100247757e-01	-4.094318161136557555e-01	2.838780467384999229e-01	-7.986755258167291260e-02	1.721140299404568252e-01	-2.811945606236526118e-01	9.999999999999998890e-01	-5.581060523290992670e-01	9.353490807460770884e-02	-1.509543178235407401e-01	1.808380278433207866e-01	-5.360290814561616823e-01	2.453358004906553147e-01	-9.995636890091597060e-02	1.005041223751802354e-01	-1.477912742214652908e-01	2.666569769241263210e-01	-2.198342605788234094e-01	8.899271121023868969e-02	-1.014916555848607155e-01	1.286854745665222677e-01	-1.339985330042043343e-01	1.223330997792848318e-01	-6.819397468418590680e-02	1.026232192102912860e-01	-9.006967182357894508e-02	9.853770571215518526e-02	-1.306665024701041955e-01	1.008108971090655032e-01	-7.062324139086559316e-02	6.102841180438046964e-02	-4.787392691735117833e-02	5.368241160286744279e-02	-1.002397294540229855e-01	8.487392176619817930e-02	-6.154438602025555372e-02	3.368275941923156575e-02	-3.704728892352321390e-02
-9.017741233649749499e-02	1.404035985003447562e-01	-1.649752540719526539e-01	2.537411349268596239e-01	-3.640774116654333370e-01	8.179630511853130947e-02	-1.606000543378779954e-01	1.892062141395564612e-01	-5.581060523290992670e-01	9.999999999999978906e-01	-9.907634133378666330e-02	1.431339600277334034e-01	-1.715648592976778131e-01	3.153857158499181468e-01	-4.913150273549315439e-01	1.043900738550177371e-01	-1.086167227101405008e-01	1.517914531038930259e-01	-3.660247718282547691e-01	2.735277985330196171e-01	-1.067697626965285335e-01	1.087824744951398637e-01	-1.474195318824468026e-01	1.622822868582047551e-01	-1.632280006304550057e-01	8.107650171357826119e-02	-1.257042573793214768e-01	1.064556106528722068e-01	-1.208061314177297646e-01	1.556850621532032963e-01	-1.247190994668772313e-01	8.599827472537242834e-02	-7.462895520778844993e-02	5.840015042803597262e-02	-6.633151287482626224e-02	1.183959455564534413e-01	-1.047981246707412051e-01	7.454471273514633178e-02	-4.117417037980411476e-02	4.511617951871013665e-02
2.103931303854330581e-01	-1.301727353164960632e-01	1.195664998473423696e-01	-8.023790311718956292e-02	8.820307289112040705e-02	-2.729879020291083869e-01	1.734911139846783412e-01	-1.525385704556280198e-01	9.353490807460770884e-02	-9.907634133378666330e-02	1.000000000000001554e+00	-3.339364124639573328e-01	1.872602247838946465e-01	-1.072880616283975741e-01	7.498771443796978242e-02	-8.136429714022341830e-01	1.926608211893842681e-01	-1.646439764686475349e-01	1.161947588381491425e-01	-8.702538149459644601e-02	1.433328462142945681e-01	-1.798806071171749621e-01	1.398249706309896145e-01	-9.551276386639008520e-02	7.914419331833590088e-02	-1.080720603166461236e-01	1.164587751470450017e-01	-9.627418739819232352e-02	9.421585323849472615e-02	-1.182366703882255649e-01	1.216410624889848607e-01	-8.268869783466981094e-02	6.762083780182955028e-02	-5.083310025894228340e-02	5.525477275443837349e-02	-1.206558092715427355e-01	9.337790500465546761e-02	-6.973448457573606929e-02	3.605822214493906164e-02	-3.978302059296340287e-02
-1.581282476488275746e-01	2.108785935123960453e-01	-2.099823921588641618e-01	1.223935983742550637e-01	-1.359731877602863015e-01	1.513730618760021907e-01	-4.650606264582058391e-01	2.789493327737790351e-01	-1.509543178235407401e-01	1.431339600277334034e-01	-3.339364124639573328e-01	9.999999999999947820e-01	-5.453659625523455956e-01	1.642338340717128531e-01	-1.103666251702131312e-01	2.425326046383289302e-01	-3.596729154382168336e-01	2.454814314435574962e-01	-1.713219600175421020e-01	1.198220830251240793e-01	-1.534886286258650701e-01	2.350878421151027797e-01	-2.184926056581381615e-01	1.255874974218809392e-01	-1.065138964037374431e-01	1.123939561644595742e-01	-1.513621174771703770e-01	1.274845682436527294e-01	-1.264751264490252269e-01	1.456813071182701813e-01	-1.487775575171648712e-01	1.018647707113376488e-01	-8.486510088493483261e-02	6.357290994225546499e-02	-6.989997137322562226e-02	1.369491751277238933e-01	-1.163073037551420191e-01	8.532154312879486335e-02	-4.497335080708352029e-02	4.917625989956442983e-02
1.286747002610184321e-01	-2.109959258517001557e-01	2.058539146064307657e-01	-1.384706705787049352e-01	1.451387769093291924e-01	-1.274559672424515067e-01	2.792703575580594011e-01	-4.428698436060492516e-01	1.808380278433207866e-01	-1.715648592976778131e-01	1.872602247838946465e-01	-5.453659625523455956e-01	9.999999999999975575e-01	-2.378133096458506790e-01	1.300402725201773024e-01	-2.004502407412957488e-01	2.063474766954368489e-01	-4.798359190054867218e-01	1.920071362230556522e-01	-1.395711774658611737e-01	1.363609003376470286e-01	-2.078096387035050507e-01	2.401086133478138596e-01	-1.406181780391415892e-01	1.169696701209574918e-01	-1.052579858906898258e-01	1.474097009894126120e-01	-1.387751455325258176e-01	1.333369786489593534e-01	-1.588924037826590918e-01	1.406133793762999740e-01	-1.004655172599485669e-01	8.501926089011664633e-02	-6.504980289073954147e-02	7.114982794986698944e-02	-1.396580710597371544e-01	1.151848633741522215e-01	-8.619485567653223379e-02	4.576336879307789374e-02	-5.023195680705244692e-02
-9.234759491088968819e-02	1.409784493602531108e-01	-1.612032849177736926e-01	2.179034633767294726e-01	-2.572910737128007441e-01	8.481768158204455732e-02	-1.672392220511190186e-01	1.999398312781301423e-01	-5.360290814561616823e-01	3.153857158499181468e-01	-1.072880616283975741e-01	1.642338340717128531e-01	-2.378133096458506790e-01	9.999999999999933387e-01	-3.913963096963766763e-01	1.128846326488674862e-01	-1.181982661341816898e-01	1.740992922588353309e-01	-5.499620271600609289e-01	2.697622400758827310e-01	-1.104258518631956731e-01	1.180956285266585859e-01	-1.602470938048305427e-01	1.770644793916777981e-01	-1.653106753030754994e-01	8.420455850837288425e-02	-1.297152430701619674e-01	1.128093376406176240e-01	-1.266464886659408595e-01	1.644097096682949066e-01	-1.274001421187873351e-01	8.881247199943571868e-02	-7.705330419283318300e-02	6.053746340717312824e-02	-6.831207589744095476e-02	1.238980219064493848e-01	-1.073828328195198384e-01	7.727473461873568539e-02	-4.259247411631558733e-02	4.674287163156795599e-02
6.500480593810097074e-02	-9.762531448880477913e-02	1.064992451210316632e-01	-1.545529085461068153e-01	1.786060431254210545e-01	-6.015996462456379978e-02	1.085633311656418187e-01	-1.312216960044060021e-01	2.453358004906553147e-01	-4.913150273549315439e-01	7.498771443796978242e-02	-1.103666251702131312e-01	1.300402725201773024e-01	-3.913963096963766763e-01	9.999999999999980016e-01	-8.131101846992334903e-02	8.378570985768700463e-02	-1.259558993652924730e-01	2.920406747330992481e-01	-6.794359451987379561e-01	8.451235099936205142e-02	-8.661754302300044006e-02	1.208976347482835223e-01	-1.777779766536378980e-01	1.809463978235387738e-01	-6.504628237073378783e-02	1.027669093643148596e-01	-9.178865677494721376e-02	1.072391314670422674e-01	-1.557558396150354740e-01	9.978464743213888433e-02	-7.048535808940264991e-02	6.172484593450561913e-02	-4.958298811340186574e-02	5.607597230613445977e-02	-9.840156207822445267e-02	8.544028677438771091e-02	-6.198511709005546932e-02	3.467771992607369264e-02	-3.814745982682301445e-02
-2.378714721726765402e-01	1.286727271337908263e-01	-1.279608927444823852e-01	8.536134296299413560e-02	-9.744856886081364189e-02	2.021276177551957764e-01	-1.780999553705774341e-01	1.499989445827386303e-01	-9.995636890091597060e-02	1.043900738550177371e-01	-8.136429714022341830e-01	2.425326046383289302e-01	-2.004502407412957488e-01	1.128846326488674862e-01	-8.131101846992334903e-02	9.999999999999985567e-01	-2.534409604056374055e-01	1.654373664491570195e-01	-1.311195386291903187e-01	9.357370606966299020e-02	-1.979312211607286986e-01	1.914087015677062298e-01	-1.612010424516796270e-01	1.047090829986080246e-01	-8.795741240137207317e-02	1.290513792105166813e-01	-1.405592441849033425e-01	1.088895613292765463e-01	-1.080704578181273801e-01	1.289576473762119868e-01	-1.524056726898265213e-01	9.798066121011062002e-02	-7.949931956442082837e-02	5.857855730762241003e-02	-6.410245640583109306e-02	1.341486851971134819e-01	-1.103640004047520412e-01	8.067885314728071022e-02	-4.168407603337938999e-02	4.569476758025885904e-02
1.102451595117989319e-01	-1.263182220147415491e-01	1.185571423951622128e-01	-8.431946638611427514e-02	9.280820258267995226e-02	-1.062023817624410671e-01	1.717544986195325973e-01	-1.587180844628094667e-01	1.005041223751802354e-01	-1.086167227101405008e-01	1.926608211893842681e-01	-3.596729154382168336e-01	2.063474766954368489e-01	-1.181982661341816898e-01	8.378570985768700463e-02	-2.534409604056374055e-01	9.999999999999952260e-01	-2.211959438617882578e-01	1.306738782610823435e-01	-9.938037165077778790e-02	1.890140146158794388e-01	-7.897250351386841949e-01	1.958109226959479365e-01	-1.193343091709366671e-01	9.664751196673476707e-02	-1.459633184134024875e-01	1.588889882780092910e-01	-1.310034541851324841e-01	1.210097289192351572e-01	-1.496830703730536172e-01	1.522125974105393575e-01	-1.097637461036618661e-01	8.702938661590306491e-02	-6.502392466556607131e-02	6.956222598646734367e-02	-1.531303453614689669e-01	1.172862552757904381e-01	-9.035644555002174394e-02	4.597331049542296988e-02	-5.072496759832029883e-02
-1.200576949606532717e-01	1.478847435598370508e-01	-1.582792545709362508e-01	1.166052155932202766e-01	-1.341002017483095832e-01	1.086244136032690349e-01	-1.976151440469344212e-01	2.103153428171082029e-01	-1.477912742214652908e-01	1.517914531038930259e-01	-1.646439764686475349e-01	2.454814314435574962e-01	-4.798359190054867218e-01	1.740992922588353309e-01	-1.259558993652924730e-01	1.654373664491570195e-01	-2.211959438617882578e-01	9.999999999999956701e-01	-2.192487428729199550e-01	1.452085249853483084e-01	-1.781226236631842375e-01	2.062534536912865868e-01	-6.351595316238104472e-01	1.887304861528211475e-01	-1.572631346625642801e-01	1.349960115659285531e-01	-2.255025625256769362e-01	2.256354919768124856e-01	-2.173891003794808374e-01	2.082825088498094224e-01	-1.991728938415221195e-01	1.442189245650795648e-01	-1.247207391837228535e-01	9.375958364275832624e-02	-1.030402621392799839e-01	1.794549226716406209e-01	-1.649417426807626708e-01	1.219575340246512596e-01	-6.575915012978697516e-02	7.105909833580548174e-02
9.717962322338059844e-02	-1.416850344489008484e-01	1.451387600678543943e-01	-1.940890386767576969e-01	2.002314378432195618e-01	-9.238947605773838168e-02	1.534038927649752915e-01	-1.855571478023780863e-01	2.666569769241263210e-01	-3.660247718282547691e-01	1.161947588381491425e-01	-1.713219600175421020e-01	1.920071362230556522e-01	-5.499620271600609289e-01	2.920406747330992481e-01	-1.311195386291903187e-01	1.306738782610823435e-01	-2.192487428729199550e-01	9.999999999999981126e-01	-4.597074240041368887e-01	1.318719794824894376e-01	-1.402299474097624121e-01	1.939380793904154632e-01	-3.388170809718031307e-01	2.423126583432882453e-01	-1.034160349272693069e-01	1.622159616388320624e-01	-1.525456615874271060e-01	1.733631672408132152e-01	-2.597344994430763609e-01	1.562228366813641356e-01	-1.134687105096562065e-01	9.978990173298050992e-02	-8.137452515857790392e-02	9.066332526127422742e-02	-1.725756050769623462e-01	1.376357759583770601e-01	-1.020359052055519189e-01	5.675540294834940241e-02	-6.299308991817396952e-02
-7.522393647403276262e-02	1.022315183170168784e-01	-1.124752255212197044e-01	1.451577083126473766e-01	-1.860021274305451999e-01	6.822161428795665838e-02	-1.166231020349971087e-01	1.321519008474095203e-01	-2.198342605788234094e-01	2.735277985330196171e-01	-8.702538149459644601e-02	1.198220830251240793e-01	-1.395711774658611737e-01	2.697622400758827310e-01	-6.794359451987379561e-01	9.357370606966299020e-02	-9.938037165077778790e-02	1.452085249853483084e-01	-4.597074240041368887e-01	1.000000000000001110e+00	-1.088286704770860813e-01	1.024265295307787982e-01	-1.522334092749161039e-01	2.311440150753871769e-01	-3.336140448077729026e-01	8.327269819632932002e-02	-1.352653586169005051e-01	1.177136796686682196e-01	-1.435271382590410094e-01	1.978479758441178682e-01	-1.314490305026884409e-01	9.194553518206716181e-02	-8.084679578530570843e-02	6.486213046735384014e-02	-7.431134055894064727e-02	1.242282359935534958e-01	-1.124450893629492798e-01	8.039352608753173868e-02	-4.543305801189131271e-02	4.974146873203362518e-02
8.940081449897303856e-02	-9.157820017770712528e-02	8.824208438186931236e-02	-7.433162848623220409e-02	8.261424761220247104e-02	-8.494051746397393576e-02	1.102496395943627500e-01	-1.130054962377201738e-01	8.899271121023868969e-02	-1.067697626965285335e-01	1.433328462142945681e-01	-1.534886286258650701e-01	1.363609003376470286e-01	-1.104258518631956731e-01	8.451235099936205142e-02	-1.979312211607286986e-01	1.890140146158794388e-01	-1.781226236631842375e-01	1.318719794824894376e-01	-1.088286704770860813e-01	9.999999999999947820e-01	-2.853544793202677510e-01	1.700647683947430766e-01	-1.464092473680321249e-01	1.160088860828897978e-01	-7.512833164017639342e-01	2.288019250416488959e-01	-1.675555091074100722e-01	1.510911535577991183e-01	-2.127919250976200161e-01	2.903502108558503880e-01	-1.920924566087154617e-01	1.357480030087774570e-01	-9.934232612431151410e-02	1.021220190404729528e-01	-2.877944467927491812e-01	1.818192379198269593e-01	-1.500632949866726462e-01	7.087228878190354742e-02	-7.936047748747945829e-02
-1.105757807250438984e-01	1.166777404211640223e-01	-1.180744819660956707e-01	8.449136559133751945e-02	-9.617530922058936671e-02	1.002305544198277693e-01	-1.661515783762896048e-01	1.465824440184673449e-01	-1.014916555848607155e-01	1.087824744951398637e-01	-1.798806071171749621e-01	2.350878421151027797e-01	-2.078096387035050507e-01	1.180956285266585859e-01	-8.661754302300044006e-02	1.914087015677062298e-01	-7.897250351386841949e-01	2.062534536912865868e-01	-1.402299474097624121e-01	1.024265295307787982e-01	-2.853544793202677510e-01	9.999999999999964473e-01	-2.556809081973166475e-01	1.282111343645717660e-01	-1.051311880133894011e-01	1.736900183034343070e-01	-2.078710275350994507e-01	1.501795432493689131e-01	-1.397364077538267024e-01	1.595502717908137691e-01	-1.916045896676289439e-01	1.308419107048280905e-01	-1.022113117515940639e-01	7.395460235564206564e-02	-7.938567775034804930e-02	1.663191670685529866e-01	-1.373821297386902673e-01	1.034369951815694022e-01	-5.243301359946088425e-02	5.730193942843486710e-02
1.014046308406293673e-01	-1.299186132814199590e-01	1.264366295721992273e-01	-1.042279434799923410e-01	1.156714767171328345e-01	-9.660033066631755483e-02	1.559333549940601360e-01	-1.778336740916386660e-01	1.286854745665222677e-01	-1.474195318824468026e-01	1.398249706309896145e-01	-2.184926056581381615e-01	2.401086133478138596e-01	-1.602470938048305427e-01	1.208976347482835223e-01	-1.612010424516796270e-01	1.958109226959479365e-01	-6.351595316238104472e-01	1.939380793904154632e-01	-1.522334092749161039e-01	1.700647683947430766e-01	-2.556809081973166475e-01	9.999999999999973355e-01	-2.759724308497011891e-01	1.859830277086101380e-01	-1.394313372645889781e-01	2.342149704590065773e-01	-4.260358704618721348e-01	2.565025458168014305e-01	-2.775756428644831630e-01	1.918179677454144028e-01	-1.581629675746485664e-01	1.375694987449893325e-01	-1.078886565711925094e-01	1.127774608027110603e-01	-2.055769053476943775e-01	1.690239333142508626e-01	-1.399708737306059603e-01	7.393500728795326937e-02	-8.097159438240619789e-02
-7.632986920213168103e-02	9.167410037532128242e-02	-9.549200154660789086e-02	1.007676467078689464e-01	-1.199151180966462477e-01	6.937177222754190020e-02	-1.073812036622968785e-01	1.173861726888626861e-01	-1.339985330042043343e-01	1.622822868582047551e-01	-9.551276386639008520e-02	1.255874974218809392e-01	-1.406181780391415892e-01	1.770644793916777981e-01	-1.777779766536378980e-01	1.047090829986080246e-01	-1.193343091709366671e-01	1.887304861528211475e-01	-3.388170809718031307e-01	2.311440150753871769e-01	-1.464092473680321249e-01	1.282111343645717660e-01	-2.759724308497011891e-01	9.999999999999981126e-01	-7.193432726150152945e-01	1.139402266393621521e-01	-2.058992974905774487e-01	2.030808315851900803e-01	-3.123279197072156843e-01	3.050441023185286316e-01	-1.825556877893721730e-01	1.342301582684497230e-01	-1.207576367549859364e-01	1.009011039503517893e-01	-1.149819255026614528e-01	1.659117359496468380e-01	-1.595696455681043791e-01	1.177324832989886105e-01	-6.941486400992004369e-02	7.463964912045473188e-02
6.369110229216340402e-02	-7.946241335706591413e-02	8.224379921192155607e-02	-9.132911026856259384e-02	1.066793418457292753e-01	-5.854227729483353626e-02	9.133355466465650774e-02	-1.020222482636483491e-01	1.223330997792848318e-01	-1.632280006304550057e-01	7.914419331833590088e-02	-1.065138964037374431e-01	1.169696701209574918e-01	-1.653106753030754994e-01	1.809463978235387738e-01	-8.795741240137207317e-02	9.664751196673476707e-02	-1.572631346625642801e-01	2.423126583432882453e-01	-3.336140448077729026e-01	1.160088860828897978e-01	-1.051311880133894011e-01	1.859830277086101380e-01	-7.193432726150152945e-01	9.999999999999970024e-01	-9.124258285590552964e-02	1.604144164210470069e-01	-1.650325043300177041e-01	2.223286145974847638e-01	-4.715576420577449746e-01	1.443888481781755162e-01	-1.077665316298721671e-01	9.722726847050745802e-02	-8.429562562903307466e-02	9.554314055517680593e-02	-1.397532885045865703e-01	1.278109378974013055e-01	-9.689268470188289184e-02	5.733058260892950897e-02	-6.307851586552225276e-02
-6.868496083622542547e-02	6.887075821768756656e-02	-6.760476399442688633e-02	5.676638339303542030e-02	-6.383252990078978895e-02	6.343113996772499485e-02	-8.418018068022350975e-02	8.521711013133689838e-02	-6.819397468418590680e-02	8.107650171357826119e-02	-1.080720603166461236e-01	1.123939561644595742e-01	-1.052579858906898258e-01	8.420455850837288425e-02	-6.504628237073378783e-02	1.290513792105166813e-01	-1.459633184134024875e-01	1.349960115659285531e-01	-1.034160349272693069e-01	8.327269819632932002e-02	-7.512833164017639342e-01	1.736900183034343070e-01	-1.394313372645889781e-01	1.139402266393621521e-01	-9.124258285590552964e-02	9.999999999999951150e-01	-2.763802277552686038e-01	1.449615322407202533e-01	-1.300299898414628563e-01	1.644767539481875318e-01	-4.885142618623427024e-01	1.972814368853074984e-01	-1.299024012017477303e-01	8.645019824860020186e-02	-8.844711263030775872e-02	2.256546656925823846e-01	-1.701802947581383674e-01	1.339632146142888947e-01	-6.191307625707295759e-02	6.787815302752611690e-02
8.474264584888185903e-02	-9.688898158204158062e-02	9.434364138128553678e-02	-8.439514580960597034e-02	9.442466698286876292e-02	-8.022609752208213763e-02	1.135382013842353016e-01	-1.223321309204644936e-01	1.026232192102912860e-01	-1.257042573793214768e-01	1.164587751470450017e-01	-1.513621174771703770e-01	1.474097009894126120e-01	-1.297152430701619674e-01	1.027669093643148596e-01	-1.405592441849033425e-01	1.588889882780092910e-01	-2.255025625256769362e-01	1.622159616388320624e-01	-1.352653586169005051e-01	2.288019250416488959e-01	-2.078710275350994507e-01	2.342149704590065773e-01	-2.058992974905774487e-01	1.604144164210470069e-01	-2.763802277552686038e-01	9.999999999999973355e-01	-4.331756744009530036e-01	2.597425627227888389e-01	-3.116401106810018362e-01	2.990594540497968912e-01	-5.288455448003724912e-01	2.427996200067775723e-01	-1.633773587000411642e-01	1.573788231342092281e-01	-3.521775423308827757e-01	2.809961027195486127e-01	-2.587778994707435332e-01	1.135869669312846303e-01	-1.243117252921312477e-01
-7.162769661452923764e-02	8.249655601510652581e-02	-8.265406756812297695e-02	7.286197191334002621e-02	-8.327504578887008624e-02	6.617555125840306196e-02	-9.904225691135136456e-02	1.064879569566998946e-01	-9.006967182357894508e-02	1.064556106528722068e-01	-9.627418739819232352e-02	1.274845682436527294e-01	-1.387751455325258176e-01	1.128093376406176240e-01	-9.178865677494721376e-02	1.088895613292765463e-01	-1.310034541851324841e-01	2.256354919768124856e-01	-1.525456615874271060e-01	1.177136796686682196e-01	-1.675555091074100722e-01	1.501795432493689131e-01	-4.260358704618721348e-01	2.030808315851900803e-01	-1.650325043300177041e-01	1.449615322407202533e-01	-4.331756744009530036e-01	9.999999999999976685e-01	-6.448069372216317374e-01	2.755630459386918529e-01	-2.136518165399756974e-01	2.059859322344092525e-01	-2.006321474850863706e-01	1.380353334473310711e-01	-1.386101873413659313e-01	2.059815981520711214e-01	-1.991470029036655487e-01	1.717115608243900138e-01	-9.256250764143668375e-02	9.575634137295044312e-02
7.179616215478239194e-02	-8.462048387154721962e-02	8.435672004724392714e-02	-7.896979271524860733e-02	8.999851740367363628e-02	-6.687728124333502944e-02	9.914580142057377588e-02	-1.087024043144558666e-01	9.853770571215518526e-02	-1.208061314177297646e-01	9.421585323849472615e-02	-1.264751264490252269e-01	1.333369786489593534e-01	-1.266464886659408595e-01	1.072391314670422674e-01	-1.080704578181273801e-01	1.210097289192351572e-01	-2.173891003794808374e-01	1.733631672408132152e-01	-1.435271382590410094e-01	1.510911535577991183e-01	-1.397364077538267024e-01	2.565025458168014305e-01	-3.123279197072156843e-01	2.223286145974847638e-01	-1.300299898414628563e-01	2.597425627227888389e-01	-6.448069372216317374e-01	9.999999999999971134e-01	-5.082819073749028638e-01	1.935830470519493696e-01	-1.797048084908559329e-01	1.672176258274907512e-01	-1.796314236200777237e-01	1.583796688242968820e-01	-2.127259625721300007e-01	1.831874835238976040e-01	-1.693238017410044205e-01	1.043238348629713652e-01	-1.107027365619025483e-01
-9.322029156143808726e-02	1.026992437825320070e-01	-1.063582375844652483e-01	1.030494447239110878e-01	-1.230915509653073420e-01	8.348550300526064172e-02	-1.222193905540232411e-01	1.293215144048729948e-01	-1.306665024701041955e-01	1.556850621532032963e-01	-1.182366703882255649e-01	1.456813071182701813e-01	-1.588924037826590918e-01	1.644097096682949066e-01	-1.557558396150354740e-01	1.289576473762119868e-01	-1.496830703730536172e-01	2.082825088498094224e-01	-2.597344994430763609e-01	1.978479758441178682e-01	-2.127919250976200161e-01	1.595502717908137691e-01	-2.775756428644831630e-01	3.050441023185286316e-01	-4.715576420577449746e-01	1.644767539481875318e-01	-3.116401106810018362e-01	2.755630459386918529e-01	-5.082819073749028638e-01	9.999999999999971134e-01	-2.746133380238380273e-01	1.989972004906474801e-01	-1.821507492249679061e-01	1.589918706593788089e-01	-1.973784346437227055e-01	2.299924039645394602e-01	-2.408574719692433419e-01	1.741415062156082827e-01	-1.088628052307402394e-01	1.173914170925130368e-01
8.729948155066692694e-02	-9.627493789571550664e-02	9.310281892763784539e-02	-8.367554080166475505e-02	9.320561917625794224e-02	-8.320851637557302727e-02	1.117969402111781835e-01	-1.195756816719279469e-01	1.008108971090655032e-01	-1.247190994668772313e-01	1.216410624889848607e-01	-1.487775575171648712e-01	1.406133793762999740e-01	-1.274001421187873351e-01	9.978464743213888433e-02	-1.524056726898265213e-01	1.522125974105393575e-01	-1.991728938415221195e-01	1.562228366813641356e-01	-1.314490305026884409e-01	2.903502108558503880e-01	-1.916045896676289439e-01	1.918179677454144028e-01	-1.825556877893721730e-01	1.443888481781755162e-01	-4.885142618623427024e-01	2.990594540497968912e-01	-2.136518165399756974e-01	1.935830470519493696e-01	-2.746133380238380273e-01	9.999999999999977796e-01	-4.448930247475260669e-01	2.218733776603966368e-01	-1.511182703310718078e-01	1.493151711980267582e-01	-4.550849211699346530e-01	2.827400134288535760e-01	-2.490451624271383113e-01	1.080788705225868007e-01	-1.201570918102155688e-01
-6.025808352091092945e-02	6.624098048384285953e-02	-6.512860260010643054e-02	5.821188177695376526e-02	-6.570776145826455472e-02	5.627644498581525767e-02	-7.812689614321295661e-02	8.297831321118240289e-02	-7.062324139086559316e-02	8.599827472537242834e-02	-8.268869783466981094e-02	1.018647707113376488e-01	-1.004655172599485669e-01	8.881247199943571868e-02	-7.048535808940264991e-02	9.798066121011062002e-02	-1.097637461036618661e-01	1.442189245650795648e-01	-1.134687105096562065e-01	9.194553518206716181e-02	-1.920924566087154617e-01	1.308419107048280905e-01	-1.581629675746485664e-01	1.342301582684497230e-01	-1.077665316298721671e-01	1.972814368853074984e-01	-5.288455448003724912e-01	2.059859322344092525e-01	-1.797048084908559329e-01	1.989972004906474801e-01	-4.448930247475260669e-01	9.999999999999968914e-01	-4.323537563153456720e-01	1.587328627909159739e-01	-1.531215400980832364e-01	2.991757583210738480e-01	-4.692037610267989489e-01	2.814542578452630117e-01	-1.150668873368648759e-01	1.167001199705006848e-01
5.042280510055330289e-02	-5.607369757479362116e-02	5.528509547316245998e-02	-5.014123321725400678e-02	5.674886686440005351e-02	-4.703729036046008088e-02	6.574545096348281825e-02	-7.043832997145475783e-02	6.102841180438046964e-02	-7.462895520778844993e-02	6.762083780182955028e-02	-8.486510088493483261e-02	8.501926089011664633e-02	-7.705330419283318300e-02	6.172484593450561913e-02	-7.949931956442082837e-02	8.702938661590306491e-02	-1.247207391837228535e-01	9.978990173298050992e-02	-8.084679578530570843e-02	1.357480030087774570e-01	-1.022113117515940639e-01	1.375694987449893325e-01	-1.207576367549859364e-01	9.722726847050745802e-02	-1.299024012017477303e-01	2.427996200067775723e-01	-2.006321474850863706e-01	1.672176258274907512e-01	-1.821507492249679061e-01	2.218733776603966368e-01	-4.323537563153456720e-01	9.999999999999974465e-01	-3.185484450942050461e-01	2.208081458704587996e-01	-2.551231422344412136e-01	2.769142734579108645e-01	-7.102848356047604117e-01	1.929589100503403820e-01	-1.862623929945492474e-01
-3.849016226312411415e-02	4.267951539876604222e-02	-4.250300887106486097e-02	3.907095663708073235e-02	-4.464699129637836328e-02	3.556883966789645829e-02	-5.016825436078686806e-02	5.365544423789449929e-02	-4.787392691735117833e-02	5.840015042803597262e-02	-5.083310025894228340e-02	6.357290994225546499e-02	-6.504980289073954147e-02	6.053746340717312824e-02	-4.958298811340186574e-02	5.857855730762241003e-02	-6.502392466556607131e-02	9.375958364275832624e-02	-8.137452515857790392e-02	6.486213046735384014e-02	-9.934232612431151410e-02	7.395460235564206564e-02	-1.078886565711925094e-01	1.009011039503517893e-01	-8.429562562903307466e-02	8.645019824860020186e-02	-1.633773587000411642e-01	1.380353334473310711e-01	-1.796314236200777237e-01	1.589918706593788089e-01	-1.511182703310718078e-01	1.587328627909159739e-01	-3.185484450942050461e-01	9.999999999999973355e-01	-6.917493316917480151e-01	1.636250994833548245e-01	-1.763980282636782582e-01	2.433166911702729640e-01	-4.984409427630407396e-01	3.116437824762018360e-01
4.216127461492959888e-02	-4.734348590276179353e-02	4.697344606996185085e-02	-4.379059858356863788e-02	4.982466972262640514e-02	-3.918311088261998421e-02	5.518341435047183913e-02	-5.947547713984800005e-02	5.368241160286744279e-02	-6.633151287482626224e-02	5.525477275443837349e-02	-6.989997137322562226e-02	7.114982794986698944e-02	-6.831207589744095476e-02	5.607597230613445977e-02	-6.410245640583109306e-02	6.956222598646734367e-02	-1.030402621392799839e-01	9.066332526127422742e-02	-7.431134055894064727e-02	1.021220190404729528e-01	-7.938567775034804930e-02	1.127774608027110603e-01	-1.149819255026614528e-01	9.554314055517680593e-02	-8.844711263030775872e-02	1.573788231342092281e-01	-1.386101873413659313e-01	1.583796688242968820e-01	-1.973784346437227055e-01	1.493151711980267582e-01	-1.531215400980832364e-01	2.208081458704587996e-01	-6.917493316917480151e-01	9.999999999999968914e-01	-1.926658140562624577e-01	1.733455810895481175e-01	-2.591750848090189630e-01	3.140115348189839728e-01	-5.229074831095498199e-01
-9.199627701913970501e-02	9.225356034094417401e-02	-9.340488890769048369e-02	8.307391059481919471e-02	-9.691106665135239273e-02	8.211615101506099246e-02	-1.106829509912502923e-01	1.139037943108452411e-01	-1.002397294540229855e-01	1.183959455564534413e-01	-1.206558092715427355e-01	1.369491751277238933e-01	-1.396580710597371544e-01	1.238980219064493848e-01	-9.840156207822445267e-02	1.341486851971134819e-01	-1.531303453614689669e-01	1.794549226716406209e-01	-1.725756050769623462e-01	1.242282359935534958e-01	-2.877944467927491812e-01	1.663191670685529866e-01	-2.055769053476943775e-01	1.659117359496468380e-01	-1.397532885045865703e-01	2.256546656925823846e-01	-3.521775423308827757e-01	2.059815981520711214e-01	-2.127259625721300007e-01	2.299924039645394602e-01	-4.550849211699346530e-01	2.991757583210738480e-01	-2.551231422344412136e-01	1.636250994833548245e-01	-1.926658140562624577e-01	9.999999999999972244e-01	-6.221203662452081673e-01	2.491913304258484008e-01	-1.228432403622722463e-01	1.292477785006228563e-01
7.042553098723636218e-02	-7.777419271788185706e-02	7.645939611008076287e-02	-7.004561726586319703e-02	7.911046720006027766e-02	-6.581189563436623535e-02	9.048058758695270987e-02	-9.707302873307568913e-02	8.487392176619817930e-02	-1.047981246707412051e-01	9.337790500465546761e-02	-1.163073037551420191e-01	1.151848633741522215e-01	-1.073828328195198384e-01	8.544028677438771091e-02	-1.103640004047520412e-01	1.172862552757904381e-01	-1.649417426807626708e-01	1.376357759583770601e-01	-1.124450893629492798e-01	1.818192379198269593e-01	-1.373821297386902673e-01	1.690239333142508626e-01	-1.595696455681043791e-01	1.278109378974013055e-01	-1.701802947581383674e-01	2.809961027195486127e-01	-1.991470029036655487e-01	1.831874835238976040e-01	-2.408574719692433419e-01	2.827400134288535760e-01	-4.692037610267989489e-01	2.769142734579108645e-01	-1.763980282636782582e-01	1.733455810895481175e-01	-6.221203662452081673e-01	9.999999999999971134e-01	-4.136273302497106563e-01	1.358413932933061896e-01	-1.465240864221075689e-01
-5.201536540212123305e-02	5.652346580284931671e-02	-5.614794498107879284e-02	5.059625072699572290e-02	-5.769669438030398251e-02	4.799593744518680649e-02	-6.680597393457976541e-02	7.078224093240836901e-02	-6.154438602025555372e-02	7.454471273514633178e-02	-6.973448457573606929e-02	8.532154312879486335e-02	-8.619485567653223379e-02	7.727473461873568539e-02	-6.198511709005546932e-02	8.067885314728071022e-02	-9.035644555002174394e-02	1.219575340246512596e-01	-1.020359052055519189e-01	8.039352608753173868e-02	-1.500632949866726462e-01	1.034369951815694022e-01	-1.399708737306059603e-01	1.177324832989886105e-01	-9.689268470188289184e-02	1.339632146142888947e-01	-2.587778994707435332e-01	1.717115608243900138e-01	-1.693238017410044205e-01	1.741415062156082827e-01	-2.490451624271383113e-01	2.814542578452630117e-01	-7.102848356047604117e-01	2.433166911702729640e-01	-2.591750848090189630e-01	2.491913304258484008e-01	-4.136273302497106563e-01	9.999999999999964473e-01	-2.662886335327808718e-01	1.969499372838817153e-01
2.728802935719440784e-02	-3.018195449806266445e-02	2.999951374467558357e-02	-2.755046342072200657e-02	3.142461550704947482e-02	-2.524593661713709150e-02	3.542615593380371575e-02	-3.788576431865910144e-02	3.368275941923156575e-02	-4.117417037980411476e-02	3.605822214493906164e-02	-4.497335080708352029e-02	4.576336879307789374e-02	-4.259247411631558733e-02	3.467771992607369264e-02	-4.168407603337938999e-02	4.597331049542296988e-02	-6.575915012978697516e-02	5.675540294834940241e-02	-4.543305801189131271e-02	7.087228878190354742e-02	-5.243301359946088425e-02	7.393500728795326937e-02	-6.941486400992004369e-02	5.733058260892950897e-02	-6.191307625707295759e-02	1.135869669312846303e-01	-9.256250764143668375e-02	1.043238348629713652e-01	-1.088628052307402394e-01	1.080788705225868007e-01	-1.150668873368648759e-01	1.929589100503403820e-01	-4.984409427630407396e-01	3.140115348189839728e-01	-1.228432403622722463e-01	1.358413932933061896e-01	-2.662886335327808718e-01	9.999999999999964473e-01	-7.576821167810636748e-01
