1.000000000000000000e+00	-3.585962279298225419e-01	2.298903406470209076e-01	-3.561648542731495337e-01	2.100188682587861011e-01	-1.734452270875778968e-01	2.285349122118035814e-01	-2.410363762542620525e-01	2.128994662222589151e-01	-1.596755209845708012e-01	1.534735772008508081e-01	-3.295240377299831769e-01	2.542618878995879239e-01	-2.037454754499931353e-01	1.960670203109789733e-01	-3.417788441924032861e-01	2.355813390835009014e-01	-2.706871289884745790e-01	2.152244194755381923e-01	-1.903325286346030654e-01	1.932996552625426412e-01	-2.603268596365888587e-01	2.218125741226507908e-01	-2.686649520508331834e-01	1.855715537019423378e-01	-2.724836548995184793e-01	2.164117456770675019e-01	-2.341774915041364147e-01	1.706383237229402994e-01	-2.435371788185271835e-01	1.798218342989122420e-01	-1.566392047732119153e-01	1.818643398702311786e-01	-1.142238312596979971e-01	1.329888437534588186e-01	-1.254654639592183707e-01	1.430126822187370583e-01	-1.502038356308555422e-01	1.606871798519808325e-01	-2.713518536165224204e-01
-3.585962279298225419e-01	1.000000000000000000e+00	-6.783561457482035761e-01	2.903252405324314167e-01	-2.272928377989887339e-01	1.191789431578143127e-01	-4.310303297061576777e-01	2.901553197634738068e-01	-2.127286803398990289e-01	1.427136297790206620e-01	-1.175849120118986624e-01	2.073346453150614888e-01	-2.113582069691495313e-01	1.460862502021738896e-01	-1.489538015565233242e-01	1.472465108143217183e-01	-1.172979996888312282e-01	1.258047841593116778e-01	-1.118579522841550017e-01	1.062983235660046460e-01	-8.405506339288164319e-02	1.116662583648695556e-01	-1.035793789362464135e-01	1.223029988679713020e-01	-1.113338969735380990e-01	1.055353748973446304e-01	-9.967714988934264775e-02	1.000463239600245247e-01	-7.393964224617700920e-02	9.458719626839173777e-02	-8.265009215066003445e-02	6.876120844775795993e-02	-8.009592940481138901e-02	4.782890084375283901e-02	-5.684278510179855554e-02	5.439722907902456300e-02	-6.420793620719618400e-02	6.160003828538894444e-02	-6.617618703883866582e-02	9.574598025571579019e-02
2.298903406470209076e-01	-6.783561457482035761e-01	9.999999999999995559e-01	-5.093573426370477941e-01	1.982347643045888896e-01	-9.474764543939467876e-02	2.680220544137048022e-01	-3.798523090788216150e-01	1.843690550638329984e-01	-1.330541562905807884e-01	8.999768666044061227e-02	-1.829093519639133081e-01	1.817835030468310520e-01	-1.290233920517129262e-01	1.237802479499427039e-01	-1.243664294751859051e-01	9.812373723109223123e-02	-1.066183909239818012e-01	9.296149091445829460e-02	-9.005300771024038475e-02	6.953943780509395933e-02	-9.342082080798373711e-02	8.602503182560847228e-02	-1.030124318166218689e-01	9.175899157951124263e-02	-8.768036678554257113e-02	8.143023518338265987e-02	-8.279747763892703061e-02	6.038250678381402309e-02	-7.763307924801481075e-02	6.675941158027957900e-02	-5.598197425762876239e-02	6.483520223959288176e-02	-3.902643185321863495e-02	4.621442269384180151e-02	-4.414100326223108217e-02	5.197002496146478634e-02	-4.995545128549794267e-02	5.329550733981949784e-02	-7.738644173998539266e-02
-3.561648542731495337e-01	2.903252405324314167e-01	-5.093573426370477941e-01	9.999999999999994449e-01	-4.917858082340241799e-01	1.016726105499364680e-01	-2.329914336730977975e-01	2.354400656718853013e-01	-3.776896636363203941e-01	2.522649632747712700e-01	-9.986655027091796699e-02	2.045408077290278848e-01	-2.192572492523456040e-01	1.984912646566926453e-01	-2.052343169351706631e-01	1.579617995603321279e-01	-1.251082641870212842e-01	1.414374067581176120e-01	-1.318357377991039858e-01	1.360684615945923215e-01	-9.357882314167513538e-02	1.242906303582060612e-01	-1.171016791088920761e-01	1.449307500213815048e-01	-1.428446286981693847e-01	1.183554323951215431e-01	-1.133767817223934049e-01	1.137928930883301548e-01	-8.540176462126906898e-02	1.091402768944628593e-01	-9.469811271775913086e-02	7.845114811528394738e-02	-9.169459310297424504e-02	5.508553224005142274e-02	-6.576178826362194529e-02	6.213963314733773197e-02	-7.347862256344811493e-02	7.027644433604401941e-02	-7.570396614707450289e-02	1.082666218181567164e-01
2.100188682587861011e-01	-2.272928377989887339e-01	1.982347643045888896e-01	-4.917858082340241799e-01	9.999999999999993339e-01	-8.469379757426148680e-02	1.600771434532969328e-01	-1.882185559444579104e-01	3.110958543872586191e-01	-6.716218658588981594e-01	7.981241505513352041e-02	-1.880266345740213840e-01	1.738589449356466310e-01	-2.054677758162104240e-01	1.750726076775590834e-01	-1.498733199314482845e-01	1.135146184879858300e-01	-1.319588905951780133e-01	1.168483467509466162e-01	-1.320948435679253630e-01	8.525988270771811539e-02	-1.156828180329735473e-01	1.056391463696393779e-01	-1.388463216943931489e-01	1.218060123795262767e-01	-1.113098557338708383e-01	9.888707850709878289e-02	-1.039053072950286705e-01	7.554448033768269843e-02	-1.004308891494215816e-01	8.034270325065294427e-02	-6.845590678572317789e-02	7.878051493602980515e-02	-4.892870571684698744e-02	5.765334841011460210e-02	-5.391322853579683105e-02	6.291234881881073437e-02	-6.144653707527703013e-02	6.493126147985747720e-02	-9.633643657916279857e-02
-1.734452270875778968e-01	1.191789431578143127e-01	-9.474764543939467876e-02	1.016726105499364680e-01	-8.469379757426148680e-02	9.999999999999991118e-01	-2.200110232997815884e-01	1.458339318421467690e-01	-9.111542045105706922e-02	6.146589811032230483e-02	-9.161366104924473230e-01	1.675601666777276066e-01	-1.443771682450543381e-01	8.163264485427808304e-02	-8.365878467738749324e-02	1.714274871849732207e-01	-1.301253738042058294e-01	9.783504201692810875e-02	-8.450786360975276468e-02	6.494486164100800318e-02	-7.306725870852201488e-02	9.289759598957120224e-02	-8.393427514847123794e-02	8.372454317733069029e-02	-6.997990442661555788e-02	8.007143410520535520e-02	-7.996887167264600527e-02	7.537746045327929634e-02	-5.357857256873543861e-02	6.407882759185871968e-02	-6.389822110578978476e-02	5.251799978538544689e-02	-6.017445607804962349e-02	3.417278730814078680e-02	-4.051847757218655921e-02	4.098245623069528970e-02	-4.914177823841625603e-02	4.480708001020668185e-02	-4.747610849449829945e-02	6.437507066097393482e-02
2.285349122118035814e-01	-4.310303297061576777e-01	2.680220544137048022e-01	-2.329914336730977975e-01	1.600771434532969328e-01	-2.200110232997815884e-01	9.999999999999988898e-01	-6.980696951639175918e-01	1.773109291253467390e-01	-1.223166650054033772e-01	1.714182550953686490e-01	-3.491852329578992165e-01	2.620122744428429740e-01	-1.495853945733767454e-01	1.379863490853346086e-01	-1.729080011089636770e-01	1.400451613574441589e-01	-1.370326753573740397e-01	1.144347491427730873e-01	-1.030904326120345993e-01	8.799024867306001751e-02	-1.195735108704530092e-01	1.084938859944903217e-01	-1.227283281879755078e-01	1.049015974107143229e-01	-1.066325442193079009e-01	9.995375565829810183e-02	-1.008202164370389509e-01	7.147603967051932572e-02	-8.968686961483317288e-02	8.007812204725169025e-02	-6.733694832514310058e-02	7.722446612421082768e-02	-4.589931476462669191e-02	5.415235895500052771e-02	-5.264481856698494111e-02	6.222833406626837593e-02	-5.880995694389638817e-02	6.213071988802366941e-02	-8.811796318038819797e-02
-2.410363762542620525e-01	2.901553197634738068e-01	-3.798523090788216150e-01	2.354400656718853013e-01	-1.882185559444579104e-01	1.458339318421467690e-01	-6.980696951639175918e-01	9.999999999999992228e-01	-2.333709075452840009e-01	1.404773492452655037e-01	-1.460142708145395762e-01	2.670343752369897516e-01	-3.859276772682881940e-01	1.706499537507923103e-01	-1.588636338543404913e-01	1.553237952146890866e-01	-1.305575725894903560e-01	1.373923353859411445e-01	-1.184942550053317556e-01	1.096761330108350918e-01	-8.548605741555323490e-02	1.148422867367816652e-01	-1.085634246337015413e-01	1.242383963192639634e-01	-1.127384119527851392e-01	1.032948187649864874e-01	-9.979846823756055585e-02	9.994314811963293799e-02	-7.194305428694697246e-02	8.970643489232396628e-02	-8.049833649253083923e-02	6.725679666182361738e-02	-7.759361035308080801e-02	4.606562041330470453e-02	-5.460186924500962102e-02	5.266152777789678135e-02	-6.247240190679419214e-02	5.882346201525315982e-02	-6.245865810515136007e-02	8.774379718304513298e-02
2.128994662222589151e-01	-2.127286803398990289e-01	1.843690550638329984e-01	-3.776896636363203941e-01	3.110958543872586191e-01	-9.111542045105706922e-02	1.773109291253467390e-01	-2.333709075452840009e-01	9.999999999999981126e-01	-6.132254076837295731e-01	8.611116196694719449e-02	-2.144160873124983102e-01	2.130366949856426495e-01	-4.182816414272872430e-01	2.431844958178300820e-01	-1.593009741037435256e-01	1.234177115774721251e-01	-1.455019662642342004e-01	1.329610171562228549e-01	-1.639065672543198737e-01	9.049601353486212696e-02	-1.234246278483772941e-01	1.147119801501885056e-01	-1.549760278492027799e-01	1.462647093457208891e-01	-1.163374897875301961e-01	1.053646213954043814e-01	-1.106719497778483469e-01	8.034675765499563194e-02	-1.056954355177057714e-01	8.480350931955543681e-02	-7.227384579472832804e-02	8.304018420112707632e-02	-5.170218097867861073e-02	6.102806346576432339e-02	-5.668149689553169529e-02	6.636541212107047172e-02	-6.428158362628647038e-02	6.772258568703919124e-02	-9.894826546283511104e-02
-1.596755209845708012e-01	1.427136297790206620e-01	-1.330541562905807884e-01	2.522649632747712700e-01	-6.716218658588981594e-01	6.146589811032230483e-02	-1.223166650054033772e-01	1.404773492452655037e-01	-6.132254076837295731e-01	9.999999999999993339e-01	-5.890260897238058790e-02	1.400511664392530831e-01	-1.471411808927601261e-01	2.039423529739802510e-01	-1.989629441994127390e-01	1.065526653013256775e-01	-8.364302367701897944e-02	9.828412025481306213e-02	-9.320786835489333622e-02	1.132680110201595702e-01	-6.187193888171295397e-02	8.367931913572963787e-02	-7.892993143795096200e-02	1.056701708796858319e-01	-1.089802037381190081e-01	7.888266879891234207e-02	-7.318159268558295516e-02	7.578187284415802139e-02	-5.586905288300613587e-02	7.262087355231720831e-02	-5.935450715274143835e-02	5.017767723588753559e-02	-5.796449361294387509e-02	3.585528795672235369e-02	-4.255052680679297095e-02	3.941618837028604272e-02	-4.634135958732747002e-02	4.462810869163234828e-02	-4.730042535004030241e-02	6.836295099210976112e-02
1.534735772008508081e-01	-1.175849120118986624e-01	8.999768666044061227e-02	-9.986655027091796699e-02	7.981241505513352041e-02	-9.161366104924473230e-01	1.714182550953686490e-01	-1.460142708145395762e-01	8.611116196694719449e-02	-5.890260897238058790e-02	9.999999999999996669e-01	-1.922953414157119456e-01	1.381155931241159207e-01	-7.935221981000627200e-02	7.979214081868213349e-02	-2.205434309857431385e-01	1.342060818888188567e-01	-1.000618699036719683e-01	8.292890802960717345e-02	-6.342293826693275183e-02	7.329982504949957012e-02	-9.586071197441818625e-02	8.359600215142228008e-02	-8.338838753503739765e-02	6.754458678222842460e-02	-8.132844954387202785e-02	7.788538487759424922e-02	-7.478296377456389310e-02	5.202633550977871224e-02	-6.257063142481975038e-02	6.139485486794491603e-02	-5.103897454759950131e-02	5.802340413488609600e-02	-3.319982548816866053e-02	3.915001296398292613e-02	-3.965978727648383079e-02	4.734543505499628352e-02	-4.337380429349911581e-02	4.559091172730257019e-02	-6.232828264684934366e-02
-3.295240377299831769e-01	2.073346453150614888e-01	-1.829093519639133081e-01	2.045408077290278848e-01	-1.880266345740213840e-01	1.675601666777276066e-01	-3.491852329578992165e-01	2.670343752369897516e-01	-2.144160873124983102e-01	1.400511664392530831e-01	-1.922953414157119456e-01	9.999999999999997780e-01	-6.501653470238490939e-01	2.234768568611698036e-01	-2.260356555028366632e-01	2.563086131134901247e-01	-3.232002662351596833e-01	2.242548568451011581e-01	-1.932667311715423331e-01	1.552961963780603305e-01	-1.452494981388809392e-01	1.941865776409034405e-01	-1.841645450443580578e-01	1.853396441197293909e-01	-1.678394450322985565e-01	1.598594096590597868e-01	-1.658205503591201613e-01	1.582291027366205249e-01	-1.125495755920140617e-01	1.333539140375218923e-01	-1.306137376184091370e-01	1.080195908998739379e-01	-1.241635939457468446e-01	7.120222732590142378e-02	-8.461191650977116507e-02	8.383770417643966744e-02	-1.007833724842843864e-01	9.184914458531859283e-02	-9.723788913048694860e-02	1.303238143869413501e-01
2.542618878995879239e-01	-2.113582069691495313e-01	1.817835030468310520e-01	-2.192572492523456040e-01	1.738589449356466310e-01	-1.443771682450543381e-01	2.620122744428429740e-01	-3.859276772682881940e-01	2.130366949856426495e-01	-1.471411808927601261e-01	1.381155931241159207e-01	-6.501653470238490939e-01	1.000000000000001110e+00	-3.555860833030530244e-01	2.291656740610360510e-01	-2.436361109151398141e-01	2.139460177416905584e-01	-2.618529790045243111e-01	1.844742566340577539e-01	-1.685978600104629799e-01	1.274920468944160667e-01	-1.806273718175233078e-01	1.704852629504603478e-01	-1.936101566472277768e-01	1.611429796373451129e-01	-1.519178888729030286e-01	1.441510412373286920e-01	-1.505149686341997750e-01	1.019162790270258939e-01	-1.257080021353122745e-01	1.115719489088156796e-01	-9.528572707232654815e-02	1.081143043619385014e-01	-6.479213101984626633e-02	7.589842586598004315e-02	-7.349607515309790340e-02	8.699438195854659883e-02	-8.152974875268129140e-02	8.480014834012726543e-02	-1.178397302544683389e-01
-2.037454754499931353e-01	1.460862502021738896e-01	-1.290233920517129262e-01	1.984912646566926453e-01	-2.054677758162104240e-01	8.163264485427808304e-02	-1.495853945733767454e-01	1.706499537507923103e-01	-4.182816414272872430e-01	2.039423529739802510e-01	-7.935221981000627200e-02	2.234768568611698036e-01	-3.555860833030530244e-01	1.000000000000000444e+00	-6.870505685883924185e-01	1.490763909399468456e-01	-1.257534392425658509e-01	1.553935631006594376e-01	-1.686861349000142174e-01	2.296969944900214555e-01	-8.860219708081409906e-02	1.207704755912217820e-01	-1.211132435653149153e-01	1.726571283175435401e-01	-2.245324337220366562e-01	1.084603122055102092e-01	-1.066367407379657656e-01	1.098141023772738339e-01	-8.164373595862450816e-02	1.029230020847244770e-01	-8.455314006249728398e-02	7.145408282019505286e-02	-8.248941592751800334e-02	5.144078356661212909e-02	-6.151747213383951252e-02	5.556925631704512369e-02	-6.595635073420177963e-02	6.229257519668469217e-02	-6.571291191375505658e-02	9.146177896283222419e-02
1.960670203109789733e-01	-1.489538015565233242e-01	1.237802479499427039e-01	-2.052343169351706631e-01	1.750726076775590834e-01	-8.365878467738749324e-02	1.379863490853346086e-01	-1.588636338543404913e-01	2.431844958178300820e-01	-1.989629441994127390e-01	7.979214081868213349e-02	-2.260356555028366632e-01	2.291656740610360510e-01	-6.870505685883924185e-01	9.999999999999986677e-01	-1.639466776186540853e-01	1.321433186033590113e-01	-1.689492128269999838e-01	1.725619147141940757e-01	-4.477353260892573128e-01	9.611409632477538323e-02	-1.330921951711143691e-01	1.302592668297017364e-01	-2.118085297900736408e-01	2.491222547835233725e-01	-1.208254719293795076e-01	1.137793689592817153e-01	-1.213315774978160205e-01	8.926462308552290947e-02	-1.170919994641765605e-01	8.941534765984543442e-02	-7.668457380448635841e-02	8.790064837453517854e-02	-5.644250651572634003e-02	6.700060955733086465e-02	-5.951879544880697703e-02	7.008130688511911288e-02	-6.711529217409865911e-02	7.014203402793925402e-02	-9.953145837379075156e-02
-3.417788441924032861e-01	1.472465108143217183e-01	-1.243664294751859051e-01	1.579617995603321279e-01	-1.498733199314482845e-01	1.714274871849732207e-01	-1.729080011089636770e-01	1.553237952146890866e-01	-1.593009741037435256e-01	1.065526653013256775e-01	-2.205434309857431385e-01	2.563086131134901247e-01	-2.436361109151398141e-01	1.490763909399468456e-01	-1.639466776186540853e-01	9.999999999999971134e-01	-6.871624585154225695e-01	2.596872467919660865e-01	-2.258216619360780830e-01	1.364300922057754828e-01	-2.375251773346930551e-01	2.712282735325458050e-01	-2.403056516727977987e-01	1.943644532555993121e-01	-1.551445382262038875e-01	2.069363002996288114e-01	-2.189430027824710301e-01	1.920856153568977209e-01	-1.323159564637290397e-01	1.476983037652996877e-01	-1.659307696478999894e-01	1.354229505629863106e-01	-1.529877974509792626e-01	8.285591218742811848e-02	-9.814281505158817254e-02	1.039503089049410023e-01	-1.267092398644262263e-01	1.103779634411985455e-01	-1.155482566019176011e-01	1.479564376962696770e-01
2.355813390835009014e-01	-1.172979996888312282e-01	9.812373723109223123e-02	-1.251082641870212842e-01	1.135146184879858300e-01	-1.301253738042058294e-01	1.400451613574441589e-01	-1.305575725894903560e-01	1.234177115774721251e-01	-8.364302367701897944e-02	1.342060818888188567e-01	-3.232002662351596833e-01	2.139460177416905584e-01	-1.257534392425658509e-01	1.321433186033590113e-01	-6.871624585154225695e-01	9.999999999999986677e-01	-3.712947491077513429e-01	2.044680238207659817e-01	-1.177122188129675340e-01	1.996299319921960302e-01	-4.072144120983205995e-01	2.397991445198510707e-01	-1.864497588994133981e-01	1.291750995976430616e-01	-1.969144218696096127e-01	1.849543757364650876e-01	-1.819478083984004124e-01	1.099152126308130389e-01	-1.237815536002349615e-01	1.298697360715639904e-01	-1.129737409732152337e-01	1.228743116110017353e-01	-6.869352628662016291e-02	7.926152881948944628e-02	-8.399340291639220690e-02	1.007438411201740103e-01	-8.958723733332876749e-02	9.061571760040290635e-02	-1.188736808261774969e-01
-2.706871289884745790e-01	1.258047841593116778e-01	-1.066183909239818012e-01	1.414374067581176120e-01	-1.319588905951780133e-01	9.783504201692810875e-02	-1.370326753573740397e-01	1.373923353859411445e-01	-1.455019662642342004e-01	9.828412025481306213e-02	-1.000618699036719683e-01	2.242548568451011581e-01	-2.618529790045243111e-01	1.553935631006594376e-01	-1.689492128269999838e-01	2.596872467919660865e-01	-3.712947491077513429e-01	9.999999999999982236e-01	-5.490476482455203255e-01	1.633816389987665374e-01	-1.807873895988058865e-01	2.638928020445422407e-01	-4.854479737893687696e-01	2.864018066248159577e-01	-1.866755856506891187e-01	1.861283779703734598e-01	-2.214685013875225539e-01	2.353714937552904840e-01	-1.437661668751125110e-01	1.527528118429841153e-01	-1.514630633181494046e-01	1.323223535766954451e-01	-1.511776408977843489e-01	8.638831468389765456e-02	-9.998233777540435629e-02	9.779388027956026352e-02	-1.192921776374169379e-01	1.071700751493290249e-01	-1.089250706344240677e-01	1.402985123732548578e-01
2.152244194755381923e-01	-1.118579522841550017e-01	9.296149091445829460e-02	-1.318357377991039858e-01	1.168483467509466162e-01	-8.450786360975276468e-02	1.144347491427730873e-01	-1.184942550053317556e-01	1.329610171562228549e-01	-9.320786835489333622e-02	8.292890802960717345e-02	-1.932667311715423331e-01	1.844742566340577539e-01	-1.686861349000142174e-01	1.725619147141940757e-01	-2.258216619360780830e-01	2.044680238207659817e-01	-5.490476482455203255e-01	1.000000000000001554e+00	-2.434937471406647957e-01	1.383402855120066111e-01	-2.083318562344876612e-01	2.501657899967377752e-01	-6.449913620048272067e-01	2.351706293931154768e-01	-1.612274821872514141e-01	1.663944436213478928e-01	-1.934666763356136243e-01	1.207588657205270616e-01	-1.404637116652415751e-01	1.200005356424787700e-01	-1.060005680203539996e-01	1.194050236848390872e-01	-7.445762613478555669e-02	8.536981770188241392e-02	-7.933801494614864391e-02	9.464551377883187455e-02	-8.810967906791734860e-02	8.919823966206152921e-02	-1.197056921640126809e-01
-1.903325286346030654e-01	1.062983235660046460e-01	-9.005300771024038475e-02	1.360684615945923215e-01	-1.320948435679253630e-01	6.494486164100800318e-02	-1.030904326120345993e-01	1.096761330108350918e-01	-1.639065672543198737e-01	1.132680110201595702e-01	-6.342293826693275183e-02	1.552961963780603305e-01	-1.685978600104629799e-01	2.296969944900214555e-01	-4.477353260892573128e-01	1.364300922057754828e-01	-1.177122188129675340e-01	1.633816389987665374e-01	-2.434937471406647957e-01	9.999999999999997780e-01	-8.917220754751174761e-02	1.214534040602704007e-01	-1.352680353253232493e-01	2.531885099165430697e-01	-7.423823768021472480e-01	1.069045831366194632e-01	-1.135738250750210898e-01	1.172434116609598065e-01	-9.560445234106181023e-02	1.198659895953361892e-01	-8.843417930187419396e-02	7.483368795484635072e-02	-8.714986565813302721e-02	5.812722466737148264e-02	-7.147105740968226484e-02	5.767134805131819697e-02	-6.915118125651922854e-02	6.466593671558486245e-02	-6.828737183315151948e-02	9.191921655943874336e-02
1.932996552625426412e-01	-8.405506339288164319e-02	6.953943780509395933e-02	-9.357882314167513538e-02	8.525988270771811539e-02	-7.306725870852201488e-02	8.799024867306001751e-02	-8.548605741555323490e-02	9.049601353486212696e-02	-6.187193888171295397e-02	7.329982504949957012e-02	-1.452494981388809392e-01	1.274920468944160667e-01	-8.860219708081409906e-02	9.611409632477538323e-02	-2.375251773346930551e-01	1.996299319921960302e-01	-1.807873895988058865e-01	1.383402855120066111e-01	-8.917220754751174761e-02	1.000000000000001554e+00	-4.845970659346352516e-01	2.115681636351781636e-01	-1.433279159658711888e-01	9.930303653189549717e-02	-7.578061531207597179e-01	2.039654075848429116e-01	-1.847394911732827827e-01	1.053502458079864090e-01	-1.195437882958818449e-01	1.518665414096816157e-01	-1.272905417037563658e-01	1.266498990336073771e-01	-6.708979424071501163e-02	7.612275588223077483e-02	-9.842874977345886234e-02	1.099445452281654079e-01	-9.441590991715945180e-02	9.153752973872604504e-02	-1.211345269042808093e-01
-2.603268596365888587e-01	1.116662583648695556e-01	-9.342082080798373711e-02	1.242906303582060612e-01	-1.156828180329735473e-01	9.289759598957120224e-02	-1.195735108704530092e-01	1.148422867367816652e-01	-1.234246278483772941e-01	8.367931913572963787e-02	-9.586071197441818625e-02	1.941865776409034405e-01	-1.806273718175233078e-01	1.207704755912217820e-01	-1.330921951711143691e-01	2.712282735325458050e-01	-4.072144120983205995e-01	2.638928020445422407e-01	-2.083318562344876612e-01	1.214534040602704007e-01	-4.845970659346352516e-01	1.000000000000002442e+00	-4.861500260166474741e-01	1.968257265360828512e-01	-1.394933944312184426e-01	2.891079511094200027e-01	-3.289203296614958694e-01	2.591070271392739710e-01	-1.465736444370314140e-01	1.553737462224352717e-01	-1.853721219121094166e-01	1.661207744367733385e-01	-1.720569442621531220e-01	8.980686854039150735e-02	-1.023140486558914014e-01	1.177808400302160774e-01	-1.442550609057295929e-01	1.215006932551705721e-01	-1.190401927149843525e-01	1.517967678710064605e-01
2.218125741226507908e-01	-1.035793789362464135e-01	8.602503182560847228e-02	-1.171016791088920761e-01	1.056391463696393779e-01	-8.393427514847123794e-02	1.084938859944903217e-01	-1.085634246337015413e-01	1.147119801501885056e-01	-7.892993143795096200e-02	8.359600215142228008e-02	-1.841645450443580578e-01	1.704852629504603478e-01	-1.211132435653149153e-01	1.302592668297017364e-01	-2.403056516727977987e-01	2.397991445198510707e-01	-4.854479737893687696e-01	2.501657899967377752e-01	-1.352680353253232493e-01	2.115681636351781636e-01	-4.861500260166474741e-01	9.999999999999985567e-01	-2.925987900912468964e-01	1.524599875266716142e-01	-2.332530426462359197e-01	2.622198593593839666e-01	-5.032418022392651791e-01	1.667056949861021875e-01	-1.740954490504200702e-01	1.582376795847754425e-01	-1.540221836261993493e-01	1.671886057686032268e-01	-1.007538347738219237e-01	1.074668178342265551e-01	-1.066515880181135162e-01	1.278653046085374001e-01	-1.197341860312615275e-01	1.129673532618047233e-01	-1.487585051066781516e-01
-2.686649520508331834e-01	1.223029988679713020e-01	-1.030124318166218689e-01	1.449307500213815048e-01	-1.388463216943931489e-01	8.372454317733069029e-02	-1.227283281879755078e-01	1.242383963192639634e-01	-1.549760278492027799e-01	1.056701708796858319e-01	-8.338838753503739765e-02	1.853396441197293909e-01	-1.936101566472277768e-01	1.726571283175435401e-01	-2.118085297900736408e-01	1.943644532555993121e-01	-1.864497588994133981e-01	2.864018066248159577e-01	-6.449913620048272067e-01	2.531885099165430697e-01	-1.433279159658711888e-01	1.968257265360828512e-01	-2.925987900912468964e-01	1.000000000000001110e+00	-4.402337439313471767e-01	1.594995229274605852e-01	-1.870598774799838160e-01	1.931698380672158544e-01	-1.442720932833677638e-01	1.567060205407014573e-01	-1.379163311560770433e-01	1.175240646539980199e-01	-1.367084838208482422e-01	8.525294624914685204e-02	-1.007769393318254797e-01	8.888148159427061712e-02	-1.080747413491482539e-01	9.843742215838927057e-02	-1.026003551851700640e-01	1.329301078215907594e-01
1.855715537019423378e-01	-1.113338969735380990e-01	9.175899157951124263e-02	-1.428446286981693847e-01	1.218060123795262767e-01	-6.997990442661555788e-02	1.049015974107143229e-01	-1.127384119527851392e-01	1.462647093457208891e-01	-1.089802037381190081e-01	6.754458678222842460e-02	-1.678394450322985565e-01	1.611429796373451129e-01	-2.245324337220366562e-01	2.491222547835233725e-01	-1.551445382262038875e-01	1.291750995976430616e-01	-1.866755856506891187e-01	2.351706293931154768e-01	-7.423823768021472480e-01	9.930303653189549717e-02	-1.394933944312184426e-01	1.524599875266716142e-01	-4.402337439313471767e-01	1.000000000000000000e+00	-1.219971163160690347e-01	1.239567262742676673e-01	-1.356520412794601504e-01	1.102624335287022833e-01	-1.539996745310278914e-01	9.489399031131862117e-02	-8.200084510871015475e-02	9.457005897051710963e-02	-6.701735353508229964e-02	8.162558915434467433e-02	-6.280733005789999879e-02	7.467373779329161687e-02	-7.098082029926264247e-02	7.400333637159961508e-02	-1.015735640458030470e-01
-2.724836548995184793e-01	1.055353748973446304e-01	-8.768036678554257113e-02	1.183554323951215431e-01	-1.113098557338708383e-01	8.007143410520535520e-02	-1.066325442193079009e-01	1.032948187649864874e-01	-1.163374897875301961e-01	7.888266879891234207e-02	-8.132844954387202785e-02	1.598594096590597868e-01	-1.519178888729030286e-01	1.084603122055102092e-01	-1.208254719293795076e-01	2.069363002996288114e-01	-1.969144218696096127e-01	1.861283779703734598e-01	-1.612274821872514141e-01	1.069045831366194632e-01	-7.578061531207597179e-01	2.891079511094200027e-01	-2.332530426462359197e-01	1.594995229274605852e-01	-1.219971163160690347e-01	1.000000000000000000e+00	-2.868038734340923046e-01	2.051237097131295428e-01	-1.318605382894679212e-01	1.454626352407820677e-01	-2.344135893727307685e-01	1.679735132150106391e-01	-1.707961875870867841e-01	8.383972344313485314e-02	-9.749952977883706573e-02	1.342678994899118017e-01	-1.548183332403731960e-01	1.237453904344530675e-01	-1.228397300013261695e-01	1.552966707736737340e-01
2.164117456770675019e-01	-9.967714988934264775e-02	8.143023518338265987e-02	-1.133767817223934049e-01	9.888707850709878289e-02	-7.996887167264600527e-02	9.995375565829810183e-02	-9.979846823756055585e-02	1.053646213954043814e-01	-7.318159268558295516e-02	7.788538487759424922e-02	-1.658205503591201613e-01	1.441510412373286920e-01	-1.066367407379657656e-01	1.137793689592817153e-01	-2.189430027824710301e-01	1.849543757364650876e-01	-2.214685013875225539e-01	1.663944436213478928e-01	-1.135738250750210898e-01	2.039654075848429116e-01	-3.289203296614958694e-01	2.622198593593839666e-01	-1.870598774799838160e-01	1.239567262742676673e-01	-2.868038734340923046e-01	9.999999999999997780e-01	-5.413525679459386675e-01	1.946902852939361439e-01	-2.279645880719661233e-01	2.501698628191765805e-01	-4.871209583155532430e-01	2.581619713212738310e-01	-1.286633816960121302e-01	1.333871455781310555e-01	-2.005662870858441471e-01	2.293131998397982541e-01	-1.996285832312661435e-01	1.646169313238728948e-01	-2.291675001605820994e-01
-2.341774915041364147e-01	1.000463239600245247e-01	-8.279747763892703061e-02	1.137928930883301548e-01	-1.039053072950286705e-01	7.537746045327929634e-02	-1.008202164370389509e-01	9.994314811963293799e-02	-1.106719497778483469e-01	7.578187284415802139e-02	-7.478296377456389310e-02	1.582291027366205249e-01	-1.505149686341997750e-01	1.098141023772738339e-01	-1.213315774978160205e-01	1.920856153568977209e-01	-1.819478083984004124e-01	2.353714937552904840e-01	-1.934666763356136243e-01	1.172434116609598065e-01	-1.847394911732827827e-01	2.591070271392739710e-01	-5.032418022392651791e-01	1.931698380672158544e-01	-1.356520412794601504e-01	2.051237097131295428e-01	-5.413525679459386675e-01	1.000000000000000666e+00	-3.329834027440212174e-01	2.371628853988686503e-01	-2.233590287215215797e-01	2.344184324346633708e-01	-2.928425254676649825e-01	1.555950187720546996e-01	-1.632755574888495043e-01	1.490804997150103339e-01	-1.906925838063850132e-01	1.745541077950013564e-01	-1.590642006198962899e-01	1.957227015012735771e-01
1.706383237229402994e-01	-7.393964224617700920e-02	6.038250678381402309e-02	-8.540176462126906898e-02	7.554448033768269843e-02	-5.357857256873543861e-02	7.147603967051932572e-02	-7.194305428694697246e-02	8.034675765499563194e-02	-5.586905288300613587e-02	5.202633550977871224e-02	-1.125495755920140617e-01	1.019162790270258939e-01	-8.164373595862450816e-02	8.926462308552290947e-02	-1.323159564637290397e-01	1.099152126308130389e-01	-1.437661668751125110e-01	1.207588657205270616e-01	-9.560445234106181023e-02	1.053502458079864090e-01	-1.465736444370314140e-01	1.667056949861021875e-01	-1.442720932833677638e-01	1.102624335287022833e-01	-1.318605382894679212e-01	1.946902852939361439e-01	-3.329834027440212174e-01	9.999999999999988898e-01	-6.585855062455361342e-01	1.375241519896497067e-01	-1.329402660770026279e-01	1.653457548234401331e-01	-5.163952306851175011e-01	3.100920910867076552e-01	-9.530176390076798565e-02	1.147022595904800546e-01	-1.258424776459715899e-01	1.320495004933440741e-01	-1.776249253139661755e-01
-2.435371788185271835e-01	9.458719626839173777e-02	-7.763307924801481075e-02	1.091402768944628593e-01	-1.004308891494215816e-01	6.407882759185871968e-02	-8.968686961483317288e-02	8.970643489232396628e-02	-1.056954355177057714e-01	7.262087355231720831e-02	-6.257063142481975038e-02	1.333539140375218923e-01	-1.257080021353122745e-01	1.029230020847244770e-01	-1.170919994641765605e-01	1.476983037652996877e-01	-1.237815536002349615e-01	1.527528118429841153e-01	-1.404637116652415751e-01	1.198659895953361892e-01	-1.195437882958818449e-01	1.553737462224352717e-01	-1.740954490504200702e-01	1.567060205407014573e-01	-1.539996745310278914e-01	1.454626352407820677e-01	-2.279645880719661233e-01	2.371628853988686503e-01	-6.585855062455361342e-01	9.999999999999994449e-01	-1.773605925517090509e-01	1.515002006266378265e-01	-1.962055664128630750e-01	3.019374676724042583e-01	-4.864171408791470030e-01	1.143318378384903938e-01	-1.425464342748546387e-01	1.406886418080381951e-01	-1.609125576044097561e-01	1.943396038487740785e-01
1.798218342989122420e-01	-8.265009215066003445e-02	6.675941158027957900e-02	-9.469811271775913086e-02	8.034270325065294427e-02	-6.389822110578978476e-02	8.007812204725169025e-02	-8.049833649253083923e-02	8.480350931955543681e-02	-5.935450715274143835e-02	6.139485486794491603e-02	-1.306137376184091370e-01	1.115719489088156796e-01	-8.455314006249728398e-02	8.941534765984543442e-02	-1.659307696478999894e-01	1.298697360715639904e-01	-1.514630633181494046e-01	1.200005356424787700e-01	-8.843417930187419396e-02	1.518665414096816157e-01	-1.853721219121094166e-01	1.582376795847754425e-01	-1.379163311560770433e-01	9.489399031131862117e-02	-2.344135893727307685e-01	2.501698628191765805e-01	-2.233590287215215797e-01	1.375241519896497067e-01	-1.773605925517090509e-01	9.999999999999998890e-01	-4.438270714437945186e-01	2.482207230961325228e-01	-9.948165521427525249e-02	1.097435562203518677e-01	-6.396017139672393048e-01	3.245243220871945056e-01	-2.371781766937528513e-01	1.842096232659520272e-01	-2.828440165639095061e-01
-1.566392047732119153e-01	6.876120844775795993e-02	-5.598197425762876239e-02	7.845114811528394738e-02	-6.845590678572317789e-02	5.251799978538544689e-02	-6.733694832514310058e-02	6.725679666182361738e-02	-7.227384579472832804e-02	5.017767723588753559e-02	-5.103897454759950131e-02	1.080195908998739379e-01	-9.528572707232654815e-02	7.145408282019505286e-02	-7.668457380448635841e-02	1.354229505629863106e-01	-1.129737409732152337e-01	1.323223535766954451e-01	-1.060005680203539996e-01	7.483368795484635072e-02	-1.272905417037563658e-01	1.661207744367733385e-01	-1.540221836261993493e-01	1.175240646539980199e-01	-8.200084510871015475e-02	1.679735132150106391e-01	-4.871209583155532430e-01	2.344184324346633708e-01	-1.329402660770026279e-01	1.515002006266378265e-01	-4.438270714437945186e-01	9.999999999999996669e-01	-4.397803332355368355e-01	9.578037384717132119e-02	-1.029258563461683262e-01	2.796522135967596800e-01	-4.980369897353385533e-01	2.401990031133812153e-01	-1.801637619365783483e-01	2.183941978265509232e-01
1.818643398702311786e-01	-8.009592940481138901e-02	6.483520223959288176e-02	-9.169459310297424504e-02	7.878051493602980515e-02	-6.017445607804962349e-02	7.722446612421082768e-02	-7.759361035308080801e-02	8.304018420112707632e-02	-5.796449361294387509e-02	5.802340413488609600e-02	-1.241635939457468446e-01	1.081143043619385014e-01	-8.248941592751800334e-02	8.790064837453517854e-02	-1.529877974509792626e-01	1.228743116110017353e-01	-1.511776408977843489e-01	1.194050236848390872e-01	-8.714986565813302721e-02	1.266498990336073771e-01	-1.720569442621531220e-01	1.671886057686032268e-01	-1.367084838208482422e-01	9.457005897051710963e-02	-1.707961875870867841e-01	2.581619713212738310e-01	-2.928425254676649825e-01	1.653457548234401331e-01	-1.962055664128630750e-01	2.482207230961325228e-01	-4.397803332355368355e-01	1.000000000000000222e+00	-1.463951780467655506e-01	1.420594992772869769e-01	-2.138578651739978798e-01	2.561211892160276671e-01	-6.078657588628602060e-01	2.805859898285643084e-01	-3.789658414778512840e-01
-1.142238312596979971e-01	4.782890084375283901e-02	-3.902643185321863495e-02	5.508553224005142274e-02	-4.892870571684698744e-02	3.417278730814078680e-02	-4.589931476462669191e-02	4.606562041330470453e-02	-5.170218097867861073e-02	3.585528795672235369e-02	-3.319982548816866053e-02	7.120222732590142378e-02	-6.479213101984626633e-02	5.144078356661212909e-02	-5.644250651572634003e-02	8.285591218742811848e-02	-6.869352628662016291e-02	8.638831468389765456e-02	-7.445762613478555669e-02	5.812722466737148264e-02	-6.708979424071501163e-02	8.980686854039150735e-02	-1.007538347738219237e-01	8.525294624914685204e-02	-6.701735353508229964e-02	8.383972344313485314e-02	-1.286633816960121302e-01	1.555950187720546996e-01	-5.163952306851175011e-01	3.019374676724042583e-01	-9.948165521427525249e-02	9.578037384717132119e-02	-1.463951780467655506e-01	1.000000000000000444e+00	-7.699227345480073037e-01	6.913050894095612575e-02	-8.512727734078701092e-02	1.059579699040960471e-01	-1.270844981510799998e-01	1.489735682189086974e-01
1.329888437534588186e-01	-5.684278510179855554e-02	4.621442269384180151e-02	-6.576178826362194529e-02	5.765334841011460210e-02	-4.051847757218655921e-02	5.415235895500052771e-02	-5.460186924500962102e-02	6.102806346576432339e-02	-4.255052680679297095e-02	3.915001296398292613e-02	-8.461191650977116507e-02	7.589842586598004315e-02	-6.151747213383951252e-02	6.700060955733086465e-02	-9.814281505158817254e-02	7.926152881948944628e-02	-9.998233777540435629e-02	8.536981770188241392e-02	-7.147105740968226484e-02	7.612275588223077483e-02	-1.023140486558914014e-01	1.074668178342265551e-01	-1.007769393318254797e-01	8.162558915434467433e-02	-9.749952977883706573e-02	1.333871455781310555e-01	-1.632755574888495043e-01	3.100920910867076552e-01	-4.864171408791470030e-01	1.097435562203518677e-01	-1.029258563461683262e-01	1.420594992772869769e-01	-7.699227345480073037e-01	1.000000000000000222e+00	-7.674779952927271442e-02	9.258126776235253708e-02	-1.143287603435896305e-01	1.320506918488335846e-01	-1.936374137550140317e-01
-1.254654639592183707e-01	5.439722907902456300e-02	-4.414100326223108217e-02	6.213963314733773197e-02	-5.391322853579683105e-02	4.098245623069528970e-02	-5.264481856698494111e-02	5.266152777789678135e-02	-5.668149689553169529e-02	3.941618837028604272e-02	-3.965978727648383079e-02	8.383770417643966744e-02	-7.349607515309790340e-02	5.556925631704512369e-02	-5.951879544880697703e-02	1.039503089049410023e-01	-8.399340291639220690e-02	9.779388027956026352e-02	-7.933801494614864391e-02	5.767134805131819697e-02	-9.842874977345886234e-02	1.177808400302160774e-01	-1.066515880181135162e-01	8.888148159427061712e-02	-6.280733005789999879e-02	1.342678994899118017e-01	-2.005662870858441471e-01	1.490804997150103339e-01	-9.530176390076798565e-02	1.143318378384903938e-01	-6.396017139672393048e-01	2.796522135967596800e-01	-2.138578651739978798e-01	6.913050894095612575e-02	-7.674779952927271442e-02	1.000000000000000000e+00	-6.537949427803291247e-01	1.873891614294706520e-01	-1.517220001989346700e-01	1.793981445945088127e-01
1.430126822187370583e-01	-6.420793620719618400e-02	5.197002496146478634e-02	-7.347862256344811493e-02	6.291234881881073437e-02	-4.914177823841625603e-02	6.222833406626837593e-02	-6.247240190679419214e-02	6.636541212107047172e-02	-4.634135958732747002e-02	4.734543505499628352e-02	-1.007833724842843864e-01	8.699438195854659883e-02	-6.595635073420177963e-02	7.008130688511911288e-02	-1.267092398644262263e-01	1.007438411201740103e-01	-1.192921776374169379e-01	9.464551377883187455e-02	-6.915118125651922854e-02	1.099445452281654079e-01	-1.442550609057295929e-01	1.278653046085374001e-01	-1.080747413491482539e-01	7.467373779329161687e-02	-1.548183332403731960e-01	2.293131998397982541e-01	-1.906925838063850132e-01	1.147022595904800546e-01	-1.425464342748546387e-01	3.245243220871945056e-01	-4.980369897353385533e-01	2.561211892160276671e-01	-8.512727734078701092e-02	9.258126776235253708e-02	-6.537949427803291247e-01	1.000000000000000000e+00	-3.064005517689901703e-01	1.842906249217099168e-01	-2.390344017525976583e-01
-1.502038356308555422e-01	6.160003828538894444e-02	-4.995545128549794267e-02	7.027644433604401941e-02	-6.144653707527703013e-02	4.480708001020668185e-02	-5.880995694389638817e-02	5.882346201525315982e-02	-6.428158362628647038e-02	4.462810869163234828e-02	-4.337380429349911581e-02	9.184914458531859283e-02	-8.152974875268129140e-02	6.229257519668469217e-02	-6.711529217409865911e-02	1.103779634411985455e-01	-8.958723733332876749e-02	1.071700751493290249e-01	-8.810967906791734860e-02	6.466593671558486245e-02	-9.441590991715945180e-02	1.215006932551705721e-01	-1.197341860312615275e-01	9.843742215838927057e-02	-7.098082029926264247e-02	1.237453904344530675e-01	-1.996285832312661435e-01	1.745541077950013564e-01	-1.258424776459715899e-01	1.406886418080381951e-01	-2.371781766937528513e-01	2.401990031133812153e-01	-6.078657588628602060e-01	1.059579699040960471e-01	-1.143287603435896305e-01	1.873891614294706520e-01	-3.064005517689901703e-01	1.000000000000000444e+00	-5.826005802996683247e-01	3.044257254732454232e-01
1.606871798519808325e-01	-6.617618703883866582e-02	5.329550733981949784e-02	-7.570396614707450289e-02	6.493126147985747720e-02	-4.747610849449829945e-02	6.213071988802366941e-02	-6.245865810515136007e-02	6.772258568703919124e-02	-4.730042535004030241e-02	4.559091172730257019e-02	-9.723788913048694860e-02	8.480014834012726543e-02	-6.571291191375505658e-02	7.014203402793925402e-02	-1.155482566019176011e-01	9.061571760040290635e-02	-1.089250706344240677e-01	8.919823966206152921e-02	-6.828737183315151948e-02	9.153752973872604504e-02	-1.190401927149843525e-01	1.129673532618047233e-01	-1.026003551851700640e-01	7.400333637159961508e-02	-1.228397300013261695e-01	1.646169313238728948e-01	-1.590642006198962899e-01	1.320495004933440741e-01	-1.609125576044097561e-01	1.842096232659520272e-01	-1.801637619365783483e-01	2.805859898285643084e-01	-1.270844981510799998e-01	1.320506918488335846e-01	-1.517220001989346700e-01	1.842906249217099168e-01	-5.826005802996683247e-01	1.000000000000000000e+00	-6.845711486746330898e-01
