1.000000000000000222e+00	-6.383647157186402854e-01	2.118050903137891627e-01	-2.113026286482895810e-01	2.216188862608022836e-01	-3.640642982120730897e-01	2.904099876217512977e-01	-3.272305549252104151e-01	2.210344388005422156e-01	-1.620758730551838389e-01	1.917207537342156543e-01	-2.115488261791461100e-01	2.124612209572702415e-01	-1.638595646848287624e-01	1.709032055865971900e-01	-2.848381622370464994e-01	2.032786980154623058e-01	-1.198427579147045008e-01	1.107864347878153022e-01	-1.151034362186746374e-01	1.448299067644061300e-01	-1.989014236966433480e-01	1.189758527593238052e-01	-9.931299937655126142e-02	1.074626823305344925e-01	-1.855814905360740619e-01	1.121682792810338447e-01	-1.031238701931321555e-01	8.465982456445542148e-02	-7.500292248811138429e-02	1.648979463432276860e-01	-1.372514111060782749e-01	1.053630368915627613e-01	-6.076927100090161182e-02	7.340369396318584261e-02	-2.810870421838963518e-01	7.952164105164832852e-02	-7.470534929478531150e-02	5.529353032635800358e-02	-6.662828924345108594e-02
-6.383647157186402854e-01	1.000000000000000222e+00	-2.934172175591304166e-01	2.007441383348622377e-01	-1.961399103454311010e-01	2.253518763595240004e-01	-5.485201338709141394e-01	2.859381405337635962e-01	-2.183228367224598898e-01	1.311540598757296450e-01	-1.353054645280269974e-01	1.655862079057965341e-01	-1.991816150794407381e-01	1.433034087343242058e-01	-1.368379235752160139e-01	1.764854806240216123e-01	-1.691693668038621035e-01	9.232451670009146627e-02	-8.626642077591180346e-02	8.707305098188855563e-02	-9.254895430641414678e-02	1.262397871008412720e-01	-9.051916218438492423e-02	7.462874857931033057e-02	-8.141784589944524309e-02	1.145001419145217220e-01	-7.310329916791265259e-02	6.776060665279871886e-02	-6.096868920291283883e-02	5.396943317267356710e-02	-1.039084461409924137e-01	8.720246624076277708e-02	-6.986607683824426485e-02	4.174690458512556740e-02	-5.091886435545406320e-02	1.666792723185582803e-01	-5.188489160778934906e-02	4.863334672350089205e-02	-3.725302090559838575e-02	4.459318956418666796e-02
2.118050903137891627e-01	-2.934172175591304166e-01	1.000000000000000000e+00	-8.332576893638461435e-01	2.355494318020556199e-01	-1.781834537087499670e-01	1.803456049235674097e-01	-2.315374294302250391e-01	1.899190561350753426e-01	-1.639253989381498355e-01	1.006253881893225954e-01	-1.168582627256693068e-01	1.500189909251589404e-01	-1.308227300420873040e-01	1.322812240117993421e-01	-1.452918702737860945e-01	1.174341482665701153e-01	-7.887289635248510844e-02	7.478975149811699363e-02	-8.346524733440238708e-02	8.418888286219511352e-02	-1.202459092026918891e-01	7.770583984135123745e-02	-6.681901970823664327e-02	7.426210631706534060e-02	-1.095725613349681354e-01	6.856361856281921463e-02	-6.402020922313227114e-02	5.592853033726803008e-02	-5.027563450408033957e-02	9.841052330391368563e-02	-8.390452712556026316e-02	6.496438033305140802e-02	-3.894249772650662522e-02	4.707776898670108096e-02	-1.697893981978565170e-01	4.883202888426595861e-02	-4.616130397679678310e-02	3.494300872404659114e-02	-4.228194648796523847e-02
-2.113026286482895810e-01	2.007441383348622377e-01	-8.332576893638461435e-01	1.000000000000000000e+00	-3.500217606159505834e-01	1.570267937040445982e-01	-1.598218499034330942e-01	1.820967744205317373e-01	-2.254462027531126123e-01	1.659006681300618236e-01	-9.065605424066637552e-02	1.060324776008735592e-01	-1.520622207666169623e-01	1.312446385267062032e-01	-1.381036226399279809e-01	1.298220277678807655e-01	-1.096644568233112321e-01	7.555699436241483657e-02	-7.287691311455361809e-02	8.139788666661741667e-02	-7.629554776641245262e-02	1.090205458619329798e-01	-7.465905325810279214e-02	6.429879078842620777e-02	-7.283355838749011602e-02	9.853202921132576952e-02	-6.279780369794832340e-02	5.884835305203132971e-02	-5.359157189924448894e-02	4.803746681772164823e-02	-8.902669145631014747e-02	7.624197960209823377e-02	-5.992641708679800200e-02	3.650710436048568153e-02	-4.433566913476825327e-02	1.511281445706079418e-01	-4.478512786258964651e-02	4.231572947382709199e-02	-3.248840090548666543e-02	3.920060578193771544e-02
2.216188862608022836e-01	-1.961399103454311010e-01	2.355494318020556199e-01	-3.500217606159505834e-01	1.000000000000000222e+00	-2.747208942271758270e-01	1.666890135339589574e-01	-2.056826776509783905e-01	2.230874717056994250e-01	-5.751984049429018642e-01	1.529487440622693262e-01	-1.654309324418684335e-01	1.962703636745959934e-01	-1.658558778433704695e-01	2.906095002392654614e-01	-2.359299100225348556e-01	1.721559243345840984e-01	-1.363228935523853602e-01	1.346942197182812162e-01	-1.751139546398129132e-01	1.576404119750131894e-01	-2.349291746109438417e-01	1.379901609964827580e-01	-1.248963792399655631e-01	1.457150694238862898e-01	-2.147958872810089848e-01	1.333751488907887195e-01	-1.256578520829868262e-01	1.091280691793195534e-01	-9.979721607703813391e-02	1.929159320547232936e-01	-1.669687111753753173e-01	1.259926603634370090e-01	-7.652410840625831212e-02	9.186285586851918039e-02	-3.534856281152630175e-01	9.563607570895878152e-02	-9.113521040644290139e-02	6.876661362009381384e-02	-8.403879287502465101e-02
-3.640642982120730897e-01	2.253518763595240004e-01	-1.781834537087499670e-01	1.570267937040445982e-01	-2.747208942271758270e-01	1.000000000000000222e+00	-2.879364345669883640e-01	2.365119472311954518e-01	-2.748180136560297582e-01	1.776967597537086607e-01	-5.486727779443880681e-01	2.862068668025695151e-01	-2.852195517485822673e-01	1.852785227793387335e-01	-2.182176406600490337e-01	3.215771196259997744e-01	-3.564799517726023881e-01	1.476522831574208494e-01	-1.412681020965168566e-01	1.357977514871915592e-01	-1.558315668195439374e-01	1.830214903776889446e-01	-1.490035372680884318e-01	1.190365719926936433e-01	-1.333589226188334198e-01	1.649787602138322873e-01	-1.133517399913386570e-01	1.031564719462579049e-01	-1.000153958396773068e-01	8.648963986480905086e-02	-1.606559797893228891e-01	1.275998628949665537e-01	-1.115907980934012500e-01	6.658243393832805057e-02	-8.273279986090464888e-02	2.087887926967020580e-01	-8.076561790312186684e-02	7.412770121776857124e-02	-5.875934192160790770e-02	6.876512820470309650e-02
2.904099876217512977e-01	-5.485201338709141394e-01	1.803456049235674097e-01	-1.598218499034330942e-01	1.666890135339589574e-01	-2.879364345669883640e-01	1.000000000000000666e+00	-6.431030756016563599e-01	2.228525302074493841e-01	-1.224993203502734856e-01	1.601877900794196341e-01	-2.352506466497526483e-01	2.098060437614900353e-01	-1.594932570628709856e-01	1.284711656081937992e-01	-1.946155343270634663e-01	1.891205841625444306e-01	-9.541731864418266651e-02	8.623309207483501049e-02	-8.486499751501319633e-02	9.293580006817758754e-02	-1.241200678351702807e-01	9.074745566035627431e-02	-7.444758285192090708e-02	7.904155440625805495e-02	-1.118668297239870241e-01	7.113802012536464547e-02	-6.579812720957328720e-02	5.897030401895032858e-02	-5.236351340599588317e-02	1.002846424862692681e-01	-8.399111693193564432e-02	6.768265603032694311e-02	-4.036278002013431176e-02	4.920889591823522646e-02	-1.557998816871592473e-01	5.011590688776446784e-02	-4.693004254449442691e-02	3.595321839571545552e-02	-4.299162739089314178e-02
-3.272305549252104151e-01	2.859381405337635962e-01	-2.315374294302250391e-01	1.820967744205317373e-01	-2.056826776509783905e-01	2.365119472311954518e-01	-6.431030756016563599e-01	1.000000000000000666e+00	-4.117781562443779131e-01	1.518848489095823429e-01	-1.488446313927112297e-01	1.919282048579642741e-01	-3.543084178726472189e-01	2.311295403178394436e-01	-1.597596859003485303e-01	1.873456079048934353e-01	-1.954360810798261572e-01	1.168156466550232947e-01	-1.067121360817706588e-01	1.021848943690335659e-01	-9.910353262287097120e-02	1.355133770745149124e-01	-1.106556384866669435e-01	8.975021802456621678e-02	-9.514000545661188690e-02	1.201861102470078019e-01	-7.887642709117111128e-02	7.353005834759254733e-02	-6.891082132649593850e-02	6.126302782238060574e-02	-1.093060033359854466e-01	9.255089970621574458e-02	-7.570003779112965958e-02	4.607587701545397957e-02	-5.637926947165679270e-02	1.693509219167569080e-01	-5.571149462962929344e-02	5.222529640857085514e-02	-4.065413050982898818e-02	4.854873262981793114e-02
2.210344388005422156e-01	-2.183228367224598898e-01	1.899190561350753426e-01	-2.254462027531126123e-01	2.230874717056994250e-01	-2.748180136560297582e-01	2.228525302074493841e-01	-4.117781562443779131e-01	1.000000000000000666e+00	-2.383871191386578436e-01	1.550643556362921727e-01	-1.899916380998007137e-01	3.220146201607038683e-01	-6.311491691765772627e-01	2.010965738518513957e-01	-2.247577065343150104e-01	1.791370017278789417e-01	-1.370639618701469942e-01	1.253976652720907026e-01	-1.287954396669030721e-01	1.206485114077201909e-01	-1.708823977956270002e-01	1.254159918028686649e-01	-1.088351206944320471e-01	1.133702739098550460e-01	-1.513419022273668202e-01	9.651609946420942887e-02	-9.051174631606727361e-02	8.197951792511405655e-02	-7.419592529004918890e-02	1.339490767026662865e-01	-1.152786864802940459e-01	9.138156012137273188e-02	-5.568580113697060852e-02	6.750626460903876025e-02	-2.167370405649065301e-01	6.792683534595542194e-02	-6.416865572479513169e-02	4.932396846561852566e-02	-5.947411378435313312e-02
-1.620758730551838389e-01	1.311540598757296450e-01	-1.639253989381498355e-01	1.659006681300618236e-01	-5.751984049429018642e-01	1.776967597537086607e-01	-1.224993203502734856e-01	1.518848489095823429e-01	-2.383871191386578436e-01	1.000000000000000666e+00	-1.034028112727058968e-01	1.187225654901361144e-01	-1.752162162091337461e-01	1.582870663716254567e-01	-6.524986336920184371e-01	1.542231960130600876e-01	-1.275759381703020223e-01	1.217732342964671366e-01	-1.401898627205629411e-01	1.992615107195798985e-01	-1.042678417585561346e-01	1.543296703726710073e-01	-1.275903453649331887e-01	1.221218796510138982e-01	-1.735865602357363757e-01	1.345383393550796947e-01	-9.327129689493812714e-02	9.039504444896583057e-02	-1.079527633022688005e-01	9.634826491080404620e-02	-1.231360611227733937e-01	1.106050573287483130e-01	-9.235624905113096195e-02	6.402395653223053040e-02	-7.950011538760996810e-02	2.039131719150668598e-01	-6.730741331163242469e-02	6.415852425245494040e-02	-5.385756625004055331e-02	6.445781638591889517e-02
1.917207537342156543e-01	-1.353054645280269974e-01	1.006253881893225954e-01	-9.065605424066637552e-02	1.529487440622693262e-01	-5.486727779443880681e-01	1.601877900794196341e-01	-1.488446313927112297e-01	1.550643556362921727e-01	-1.034028112727058968e-01	9.999999999999988898e-01	-4.445803531133115105e-01	1.741167378582070269e-01	-1.155707054943284628e-01	1.254230178704042742e-01	-6.255729503248949053e-01	2.936867851920836325e-01	-1.002662902926918093e-01	9.015472867914134381e-02	-8.382602111420073276e-02	1.295750159269528357e-01	-1.362288328634909396e-01	9.749085804427876090e-02	-7.671965321694101947e-02	8.147475592872249761e-02	-1.263948464967219187e-01	7.573970482294685447e-02	-6.764015763109150481e-02	6.130807943043766611e-02	-5.346641558811970896e-02	1.060860048930535177e-01	-8.385402225322009795e-02	7.120280136803179560e-02	-4.148155171717114731e-02	5.110365566296524997e-02	-1.331549332783561468e-01	5.174165803408417585e-02	-4.762948155564743213e-02	3.672258435399146370e-02	-4.310538717622679900e-02
-2.115488261791461100e-01	1.655862079057965341e-01	-1.168582627256693068e-01	1.060324776008735592e-01	-1.654309324418684335e-01	2.862068668025695151e-01	-2.352506466497526483e-01	1.919282048579642741e-01	-1.899916380998007137e-01	1.187225654901361144e-01	-4.445803531133115105e-01	9.999999999999992228e-01	-2.638040183636831126e-01	1.548854114016788297e-01	-1.406073310891577666e-01	2.936748988239371028e-01	-7.254326699068436302e-01	1.420504666814817185e-01	-1.192839199669821770e-01	1.010436358610939112e-01	-1.168104393295322785e-01	1.416956079530427848e-01	-1.287134648370544254e-01	9.745388394633312801e-02	-9.697202999211040897e-02	1.248428087315556351e-01	-8.162679700454592013e-02	7.479674851771374311e-02	-6.991009453346867797e-02	6.182819432821812233e-02	-1.115621687910288706e-01	9.164484578871769094e-02	-7.768225038027605500e-02	4.648763200636719939e-02	-5.713937067679861898e-02	1.509676018153461030e-01	-5.637279812767537202e-02	5.231757967024223271e-02	-4.082125528555451133e-02	4.823358162777056923e-02
2.124612209572702415e-01	-1.991816150794407381e-01	1.500189909251589404e-01	-1.520622207666169623e-01	1.962703636745959934e-01	-2.852195517485822673e-01	2.098060437614900353e-01	-3.543084178726472189e-01	3.220146201607038683e-01	-1.752162162091337461e-01	1.741167378582070269e-01	-2.638040183636831126e-01	9.999999999999990008e-01	-6.541271792290083154e-01	1.853123408913677217e-01	-2.415812011521442093e-01	2.141524375220432708e-01	-2.217544711207630748e-01	1.577013702803986839e-01	-1.390242085900969260e-01	1.274046971796082561e-01	-1.816344001920343620e-01	1.626722848332171067e-01	-1.327132219434023763e-01	1.236422584416218134e-01	-1.553532414542512508e-01	1.013042937146179240e-01	-9.542335400749751839e-02	8.693345491874113207e-02	-7.932650708852787003e-02	1.366825409772275401e-01	-1.183533468818710327e-01	9.542692206409493505e-02	-5.833130116210529653e-02	7.072236391021270718e-02	-2.127576155921755696e-01	7.026769613502235889e-02	-6.634046291677299367e-02	5.124573144512669515e-02	-6.164363718490839528e-02
-1.638595646848287624e-01	1.433034087343242058e-01	-1.308227300420873040e-01	1.312446385267062032e-01	-1.658558778433704695e-01	1.852785227793387335e-01	-1.594932570628709856e-01	2.311295403178394436e-01	-6.311491691765772627e-01	1.582870663716254567e-01	-1.155707054943284628e-01	1.548854114016788297e-01	-6.541271792290083154e-01	1.000000000000000444e+00	-1.847364910236103941e-01	1.575852923953837692e-01	-1.527802023333072745e-01	1.373597069495086087e-01	-1.299959567505969416e-01	1.116693939728910651e-01	-8.821542652640740334e-02	1.252438935523967900e-01	-1.215006022495511290e-01	1.004501442843936387e-01	-9.925438392221846984e-02	1.075424711206238448e-01	-7.209804952991867577e-02	6.814890129495057569e-02	-6.679596560028601415e-02	6.060587080062622423e-02	-9.644225602433256772e-02	8.378768050409482471e-02	-6.887506974577155272e-02	4.328032072797899366e-02	-5.287435856947342305e-02	1.500188295736297195e-01	-5.037751832061235224e-02	4.754721617406146295e-02	-3.756305777376989230e-02	4.501942803406740884e-02
1.709032055865971900e-01	-1.368379235752160139e-01	1.322812240117993421e-01	-1.381036226399279809e-01	2.906095002392654614e-01	-2.182176406600490337e-01	1.284711656081937992e-01	-1.597596859003485303e-01	2.010965738518513957e-01	-6.524986336920184371e-01	1.254230178704042742e-01	-1.406073310891577666e-01	1.853123408913677217e-01	-1.847364910236103941e-01	1.000000000000000222e+00	-1.923636445119372984e-01	1.492462980762080671e-01	-1.609721423187481515e-01	1.790013158298882079e-01	-4.024181097689761843e-01	1.371451853759690642e-01	-2.103758800316317401e-01	1.594298105983919800e-01	-1.678230930884275218e-01	2.209826669091281837e-01	-1.813914332644352700e-01	1.226324365116442383e-01	-1.201941393557092730e-01	1.337167583921108904e-01	-1.309176716136172536e-01	1.621699839762050510e-01	-1.481135978524223129e-01	1.190115064753105023e-01	-8.294690920152514302e-02	1.004115801636785849e-01	-2.772060107531185147e-01	8.788912457446371174e-02	-8.471995910174305588e-02	6.986419839574864454e-02	-8.539367479386825166e-02
-2.848381622370464994e-01	1.764854806240216123e-01	-1.452918702737860945e-01	1.298220277678807655e-01	-2.359299100225348556e-01	3.215771196259997744e-01	-1.946155343270634663e-01	1.873456079048934353e-01	-2.247577065343150104e-01	1.542231960130600876e-01	-6.255729503248949053e-01	2.936748988239371028e-01	-2.415812011521442093e-01	1.575852923953837692e-01	-1.923636445119372984e-01	1.000000000000001776e+00	-4.078825409836008831e-01	1.423064250723525548e-01	-1.330595375269549019e-01	1.247405143270620548e-01	-2.447934832295371177e-01	2.031859669896546039e-01	-1.446648949807712858e-01	1.128526045789661203e-01	-1.232546906343110898e-01	1.903325918108346726e-01	-1.169031472502078672e-01	1.024393372400212443e-01	-9.366706925560659702e-02	8.090826515581098222e-02	-1.669116878392901404e-01	1.266192217931679243e-01	-1.098534378999939665e-01	6.329744454990478275e-02	-7.833141867278300974e-02	1.945251034474101137e-01	-7.942720073567992312e-02	7.249252904511219175e-02	-5.604579945778530303e-02	6.533221216900828021e-02
2.032786980154623058e-01	-1.691693668038621035e-01	1.174341482665701153e-01	-1.096644568233112321e-01	1.721559243345840984e-01	-3.564799517726023881e-01	1.891205841625444306e-01	-1.954360810798261572e-01	1.791370017278789417e-01	-1.275759381703020223e-01	2.936867851920836325e-01	-7.254326699068436302e-01	2.141524375220432708e-01	-1.527802023333072745e-01	1.492462980762080671e-01	-4.078825409836008831e-01	1.000000000000000888e+00	-1.972753905232746130e-01	1.377590529624398152e-01	-1.173681301056468118e-01	1.415808146613684315e-01	-1.792885195860678127e-01	1.501692483746088491e-01	-1.171569654609152245e-01	1.098057404124609254e-01	-1.562832273233544234e-01	9.747437794398397526e-02	-8.963376903483906422e-02	7.961395005699407890e-02	-7.139105357207187197e-02	1.315897421601630035e-01	-1.101179849103787328e-01	9.079861050181835258e-02	-5.385978604072269582e-02	6.561953538735469660e-02	-1.812199488897604516e-01	6.631236804275535135e-02	-6.192539808902736143e-02	4.747260540952050883e-02	-5.646641376400356183e-02
-1.198427579147045008e-01	9.232451670009146627e-02	-7.887289635248510844e-02	7.555699436241483657e-02	-1.363228935523853602e-01	1.476522831574208494e-01	-9.541731864418266651e-02	1.168156466550232947e-01	-1.370639618701469942e-01	1.217732342964671366e-01	-1.002662902926918093e-01	1.420504666814817185e-01	-2.217544711207630748e-01	1.373597069495086087e-01	-1.609721423187481515e-01	1.423064250723525548e-01	-1.972753905232746130e-01	9.999999999999973355e-01	-5.676903212749290217e-01	2.090118090478493007e-01	-1.140474105305176317e-01	1.723278292672049961e-01	-6.552223067955618152e-01	3.055112871451214906e-01	-2.096250847381111171e-01	1.175080732917506976e-01	-1.016692407570460310e-01	9.902321818425900701e-02	-1.116878180285031247e-01	1.036805665919088015e-01	-1.095754292180010636e-01	1.002453709142943072e-01	-9.556015641499562840e-02	6.336816920261098551e-02	-7.841216522858092397e-02	1.396277394018418661e-01	-6.461737935392677934e-02	6.081760076030581774e-02	-5.121127526200082436e-02	6.014569896488214384e-02
1.107864347878153022e-01	-8.626642077591180346e-02	7.478975149811699363e-02	-7.287691311455361809e-02	1.346942197182812162e-01	-1.412681020965168566e-01	8.623309207483501049e-02	-1.067121360817706588e-01	1.253976652720907026e-01	-1.401898627205629411e-01	9.015472867914134381e-02	-1.192839199669821770e-01	1.577013702803986839e-01	-1.299959567505969416e-01	1.790013158298882079e-01	-1.330595375269549019e-01	1.377590529624398152e-01	-5.676903212749290217e-01	9.999999999999998890e-01	-3.823522419294762553e-01	1.020913895889793005e-01	-1.614996433338515280e-01	3.200699359673072064e-01	-5.853178926806119620e-01	2.666290239596618705e-01	-1.159937347588459594e-01	9.427689589115718916e-02	-9.513469856731927854e-02	1.261134381879349953e-01	-1.269421529159889817e-01	1.050131284434554502e-01	-9.978562651482929258e-02	9.160680136630411363e-02	-6.880899709277234211e-02	8.459305037932432492e-02	-1.458161786274795590e-01	6.334742072805753244e-02	-6.078406100783996513e-02	5.396409844242384263e-02	-6.444431250012552792e-02
-1.151034362186746374e-01	8.707305098188855563e-02	-8.346524733440238708e-02	8.139788666661741667e-02	-1.751139546398129132e-01	1.357977514871915592e-01	-8.486499751501319633e-02	1.021848943690335659e-01	-1.287954396669030721e-01	1.992615107195798985e-01	-8.382602111420073276e-02	1.010436358610939112e-01	-1.390242085900969260e-01	1.116693939728910651e-01	-4.024181097689761843e-01	1.247405143270620548e-01	-1.173681301056468118e-01	2.090118090478493007e-01	-3.823522419294762553e-01	1.000000000000000000e+00	-9.997819018379726363e-02	1.522333275509759609e-01	-2.333312257967189718e-01	2.742629952467507404e-01	-6.672772671139236556e-01	1.185900912764291243e-01	-1.025945941188726590e-01	1.065004743215359623e-01	-2.165043395798036951e-01	1.981775791794424257e-01	-1.115071700585475445e-01	1.104962116562045876e-01	-1.085229815937352321e-01	9.782136422876601400e-02	-1.270096515594278386e-01	1.590552766762188819e-01	-7.363686119816885423e-02	7.139826860947195986e-02	-7.216560763160764780e-02	8.414352683669576449e-02
1.448299067644061300e-01	-9.254895430641414678e-02	8.418888286219511352e-02	-7.629554776641245262e-02	1.576404119750131894e-01	-1.558315668195439374e-01	9.293580006817758754e-02	-9.910353262287097120e-02	1.206485114077201909e-01	-1.042678417585561346e-01	1.295750159269528357e-01	-1.168104393295322785e-01	1.274046971796082561e-01	-8.821542652640740334e-02	1.371451853759690642e-01	-2.447934832295371177e-01	1.415808146613684315e-01	-1.140474105305176317e-01	1.020913895889793005e-01	-9.997819018379726363e-02	1.000000000000001332e+00	-5.978276481287896349e-01	1.335024347108419440e-01	-1.000290033055847988e-01	1.004957958598755169e-01	-6.509028649408221678e-01	1.767686121806111010e-01	-1.356013793742803508e-01	8.567453307564949772e-02	-7.347132216585081088e-02	2.386786984199456563e-01	-1.686711977419789454e-01	1.306673170770342451e-01	-6.394311602677875406e-02	7.680033830608892775e-02	-1.982313395458518979e-01	9.524805577962465464e-02	-8.644372864501270737e-02	5.792949070351301882e-02	-6.679193164191818410e-02
-1.989014236966433480e-01	1.262397871008412720e-01	-1.202459092026918891e-01	1.090205458619329798e-01	-2.349291746109438417e-01	1.830214903776889446e-01	-1.241200678351702807e-01	1.355133770745149124e-01	-1.708823977956270002e-01	1.543296703726710073e-01	-1.362288328634909396e-01	1.416956079530427848e-01	-1.816344001920343620e-01	1.252438935523967900e-01	-2.103758800316317401e-01	2.031859669896546039e-01	-1.792885195860678127e-01	1.723278292672049961e-01	-1.614996433338515280e-01	1.522333275509759609e-01	-5.978276481287896349e-01	9.999999999999948930e-01	-2.501789482299743295e-01	1.557338918281193918e-01	-1.599445804805406379e-01	3.069307556978407847e-01	-3.518834122740515102e-01	2.065317419653000808e-01	-1.353659080918167001e-01	1.138237997142777513e-01	-3.042873761049928460e-01	2.308975288128663206e-01	-2.107203831512101389e-01	9.893477941461653602e-02	-1.199849105061348148e-01	2.374225480388523213e-01	-1.446158761068245813e-01	1.281825491163749442e-01	-8.841821036649102905e-02	1.000644930334809724e-01
1.189758527593238052e-01	-9.051916218438492423e-02	7.770583984135123745e-02	-7.465905325810279214e-02	1.379901609964827580e-01	-1.490035372680884318e-01	9.074745566035627431e-02	-1.106556384866669435e-01	1.254159918028686649e-01	-1.275903453649331887e-01	9.749085804427876090e-02	-1.287134648370544254e-01	1.626722848332171067e-01	-1.215006022495511290e-01	1.594298105983919800e-01	-1.446648949807712858e-01	1.501692483746088491e-01	-6.552223067955618152e-01	3.200699359673072064e-01	-2.333312257967189718e-01	1.335024347108419440e-01	-2.501789482299743295e-01	9.999999999999978906e-01	-5.370581851958231567e-01	2.210580310260517045e-01	-1.372062119484141474e-01	1.203172395511566684e-01	-1.248077506119318197e-01	1.186799180469994136e-01	-1.172818435906397977e-01	1.222383004420674185e-01	-1.157145553373824520e-01	1.084237130491544771e-01	-7.010962424589539665e-02	8.489276025577152662e-02	-1.547221597829025463e-01	7.299992526525142522e-02	-6.928541296195285526e-02	5.665704370793996081e-02	-6.721179401902536987e-02
-9.931299937655126142e-02	7.462874857931033057e-02	-6.681901970823664327e-02	6.429879078842620777e-02	-1.248963792399655631e-01	1.190365719926936433e-01	-7.444758285192090708e-02	8.975021802456621678e-02	-1.088351206944320471e-01	1.221218796510138982e-01	-7.671965321694101947e-02	9.745388394633312801e-02	-1.327132219434023763e-01	1.004501442843936387e-01	-1.678230930884275218e-01	1.128526045789661203e-01	-1.171569654609152245e-01	3.055112871451214906e-01	-5.853178926806119620e-01	2.742629952467507404e-01	-1.000290033055847988e-01	1.557338918281193918e-01	-5.370581851958231567e-01	9.999999999999967804e-01	-4.458857033280315685e-01	1.066023665598004044e-01	-9.624962989055309281e-02	9.744416189455899768e-02	-1.535494635638176009e-01	1.471816768946510035e-01	-9.982923844451439821e-02	9.616164920818111306e-02	-9.453084037495983194e-02	7.466120840534642977e-02	-9.388638810027562231e-02	1.298170182535260120e-01	-6.330647510589154647e-02	6.061750756312352106e-02	-5.641448846680044427e-02	6.619466494785312960e-02
1.074626823305344925e-01	-8.141784589944524309e-02	7.426210631706534060e-02	-7.283355838749011602e-02	1.457150694238862898e-01	-1.333589226188334198e-01	7.904155440625805495e-02	-9.514000545661188690e-02	1.133702739098550460e-01	-1.735865602357363757e-01	8.147475592872249761e-02	-9.697202999211040897e-02	1.236422584416218134e-01	-9.925438392221846984e-02	2.209826669091281837e-01	-1.232546906343110898e-01	1.098057404124609254e-01	-2.096250847381111171e-01	2.666290239596618705e-01	-6.672772671139236556e-01	1.004957958598755169e-01	-1.599445804805406379e-01	2.210580310260517045e-01	-4.458857033280315685e-01	9.999999999999981126e-01	-1.218455964099360300e-01	1.040368235322911422e-01	-1.119962433347440472e-01	2.233937025788705899e-01	-3.337069000597558954e-01	1.115336057111337570e-01	-1.141616063012860921e-01	1.091021279057769050e-01	-1.073773488285436062e-01	1.326013812816939086e-01	-1.622351036536732183e-01	7.469613333054120341e-02	-7.383179457742009011e-02	7.564500591345384162e-02	-9.124338050385083498e-02
-1.855814905360740619e-01	1.145001419145217220e-01	-1.095725613349681354e-01	9.853202921132576952e-02	-2.147958872810089848e-01	1.649787602138322873e-01	-1.118668297239870241e-01	1.201861102470078019e-01	-1.513419022273668202e-01	1.345383393550796947e-01	-1.263948464967219187e-01	1.248428087315556351e-01	-1.553532414542512508e-01	1.075424711206238448e-01	-1.813914332644352700e-01	1.903325918108346726e-01	-1.562832273233544234e-01	1.175080732917506976e-01	-1.159937347588459594e-01	1.185900912764291243e-01	-6.509028649408221678e-01	3.069307556978407847e-01	-1.372062119484141474e-01	1.066023665598004044e-01	-1.218455964099360300e-01	9.999999999999992228e-01	-2.060363531592208919e-01	1.501111718018498520e-01	-1.070236643140030364e-01	8.983571164339586301e-02	-4.808081532682814130e-01	2.021032516376226607e-01	-1.681455295716644538e-01	8.051038374145692844e-02	-9.823888006953440666e-02	2.578782075059014578e-01	-1.231726981903085022e-01	1.065922751078015873e-01	-7.331437623366146572e-02	8.315406236394598527e-02
1.121682792810338447e-01	-7.310329916791265259e-02	6.856361856281921463e-02	-6.279780369794832340e-02	1.333751488907887195e-01	-1.133517399913386570e-01	7.113802012536464547e-02	-7.887642709117111128e-02	9.651609946420942887e-02	-9.327129689493812714e-02	7.573970482294685447e-02	-8.162679700454592013e-02	1.013042937146179240e-01	-7.209804952991867577e-02	1.226324365116442383e-01	-1.169031472502078672e-01	9.747437794398397526e-02	-1.016692407570460310e-01	9.427689589115718916e-02	-1.025945941188726590e-01	1.767686121806111010e-01	-3.518834122740515102e-01	1.203172395511566684e-01	-9.624962989055309281e-02	1.040368235322911422e-01	-2.060363531592208919e-01	9.999999999999990008e-01	-6.304026034486444052e-01	1.324434230993694617e-01	-1.127897868648786023e-01	2.063374993807626512e-01	-5.188130041661699332e-01	2.892783762948663573e-01	-1.147424199159952224e-01	1.249131665159814303e-01	-1.871368710140170477e-01	2.044478553912039698e-01	-2.006585631759801314e-01	1.043744826120501512e-01	-1.211013173474636551e-01
-1.031238701931321555e-01	6.776060665279871886e-02	-6.402020922313227114e-02	5.884835305203132971e-02	-1.256578520829868262e-01	1.031564719462579049e-01	-6.579812720957328720e-02	7.353005834759254733e-02	-9.051174631606727361e-02	9.039504444896583057e-02	-6.764015763109150481e-02	7.479674851771374311e-02	-9.542335400749751839e-02	6.814890129495057569e-02	-1.201941393557092730e-01	1.024393372400212443e-01	-8.963376903483906422e-02	9.902321818425900701e-02	-9.513469856731927854e-02	1.065004743215359623e-01	-1.356013793742803508e-01	2.065317419653000808e-01	-1.248077506119318197e-01	9.744416189455899768e-02	-1.119962433347440472e-01	1.501111718018498520e-01	-6.304026034486444052e-01	9.999999999999998890e-01	-1.898757326256391431e-01	1.386622075220449724e-01	-1.699285873455144147e-01	2.852292773849055552e-01	-5.825436968597617060e-01	1.500151303789254986e-01	-1.634185603781169172e-01	1.603565600644502320e-01	-2.285615201298441534e-01	2.111097126497631926e-01	-1.242062771826062395e-01	1.344211156001655638e-01
8.465982456445542148e-02	-6.096868920291283883e-02	5.592853033726803008e-02	-5.359157189924448894e-02	1.091280691793195534e-01	-1.000153958396773068e-01	5.897030401895032858e-02	-6.891082132649593850e-02	8.197951792511405655e-02	-1.079527633022688005e-01	6.130807943043766611e-02	-6.991009453346867797e-02	8.693345491874113207e-02	-6.679596560028601415e-02	1.337167583921108904e-01	-9.366706925560659702e-02	7.961395005699407890e-02	-1.116878180285031247e-01	1.261134381879349953e-01	-2.165043395798036951e-01	8.567453307564949772e-02	-1.353659080918167001e-01	1.186799180469994136e-01	-1.535494635638176009e-01	2.233937025788705899e-01	-1.070236643140030364e-01	1.324434230993694617e-01	-1.898757326256391431e-01	9.999999999999977796e-01	-8.002722418343857225e-01	1.047211229854886905e-01	-1.397275515073474472e-01	1.637618597066956838e-01	-3.079537451803777692e-01	2.572274655874712268e-01	-1.379087188012712295e-01	1.024331647321245348e-01	-1.092921461315395776e-01	1.497897901020181222e-01	-1.855031130829782327e-01
-7.500292248811138429e-02	5.396943317267356710e-02	-5.027563450408033957e-02	4.803746681772164823e-02	-9.979721607703813391e-02	8.648963986480905086e-02	-5.236351340599588317e-02	6.126302782238060574e-02	-7.419592529004918890e-02	9.634826491080404620e-02	-5.346641558811970896e-02	6.182819432821812233e-02	-7.932650708852787003e-02	6.060587080062622423e-02	-1.309176716136172536e-01	8.090826515581098222e-02	-7.139105357207187197e-02	1.036805665919088015e-01	-1.269421529159889817e-01	1.981775791794424257e-01	-7.347132216585081088e-02	1.138237997142777513e-01	-1.172818435906397977e-01	1.471816768946510035e-01	-3.337069000597558954e-01	8.983571164339586301e-02	-1.127897868648786023e-01	1.386622075220449724e-01	-8.002722418343857225e-01	9.999999999999965583e-01	-8.937416723407312635e-02	1.147915685819435733e-01	-1.434701466912427226e-01	2.214086245426946931e-01	-3.288645243337453561e-01	1.154736366072162818e-01	-8.821839241151971378e-02	9.120281964551674170e-02	-1.298462154200492602e-01	1.472861488804198538e-01
1.648979463432276860e-01	-1.039084461409924137e-01	9.841052330391368563e-02	-8.902669145631014747e-02	1.929159320547232936e-01	-1.606559797893228891e-01	1.002846424862692681e-01	-1.093060033359854466e-01	1.339490767026662865e-01	-1.231360611227733937e-01	1.060860048930535177e-01	-1.115621687910288706e-01	1.366825409772275401e-01	-9.644225602433256772e-02	1.621699839762050510e-01	-1.669116878392901404e-01	1.315897421601630035e-01	-1.095754292180010636e-01	1.050131284434554502e-01	-1.115071700585475445e-01	2.386786984199456563e-01	-3.042873761049928460e-01	1.222383004420674185e-01	-9.982923844451439821e-02	1.115336057111337570e-01	-4.808081532682814130e-01	2.063374993807626512e-01	-1.699285873455144147e-01	1.047211229854886905e-01	-8.937416723407312635e-02	9.999999999999977796e-01	-3.668603296880835751e-01	1.826717164046769704e-01	-8.610461198128838145e-02	1.019438578493758879e-01	-6.266343434659066292e-01	1.552637679265169990e-01	-1.363274895420067412e-01	8.183971385155111578e-02	-9.504172385893047692e-02
-1.372514111060782749e-01	8.720246624076277708e-02	-8.390452712556026316e-02	7.624197960209823377e-02	-1.669687111753753173e-01	1.275998628949665537e-01	-8.399111693193564432e-02	9.255089970621574458e-02	-1.152786864802940459e-01	1.106050573287483130e-01	-8.385402225322009795e-02	9.164484578871769094e-02	-1.183533468818710327e-01	8.378768050409482471e-02	-1.481135978524223129e-01	1.266192217931679243e-01	-1.101179849103787328e-01	1.002453709142943072e-01	-9.978562651482929258e-02	1.104962116562045876e-01	-1.686711977419789454e-01	2.308975288128663206e-01	-1.157145553373824520e-01	9.616164920818111306e-02	-1.141616063012860921e-01	2.021032516376226607e-01	-5.188130041661699332e-01	2.852292773849055552e-01	-1.397275515073474472e-01	1.147915685819435733e-01	-3.668603296880835751e-01	9.999999999999985567e-01	-3.906295959737607348e-01	1.369916108180714853e-01	-1.591259563310505887e-01	2.314888255510228754e-01	-4.564437927619182100e-01	2.646349892987025498e-01	-1.346155504940795833e-01	1.430899492276425378e-01
1.053630368915627613e-01	-6.986607683824426485e-02	6.496438033305140802e-02	-5.992641708679800200e-02	1.259926603634370090e-01	-1.115907980934012500e-01	6.768265603032694311e-02	-7.570003779112965958e-02	9.138156012137273188e-02	-9.235624905113096195e-02	7.120280136803179560e-02	-7.768225038027605500e-02	9.542692206409493505e-02	-6.887506974577155272e-02	1.190115064753105023e-01	-1.098534378999939665e-01	9.079861050181835258e-02	-9.556015641499562840e-02	9.160680136630411363e-02	-1.085229815937352321e-01	1.306673170770342451e-01	-2.107203831512101389e-01	1.084237130491544771e-01	-9.453084037495983194e-02	1.091021279057769050e-01	-1.681455295716644538e-01	2.892783762948663573e-01	-5.825436968597617060e-01	1.637618597066956838e-01	-1.434701466912427226e-01	1.826717164046769704e-01	-3.906295959737607348e-01	9.999999999999973355e-01	-2.432124975860956440e-01	1.972498151668871103e-01	-1.952658345984869259e-01	2.759809654889624486e-01	-4.538236601069524090e-01	1.773985103957002596e-01	-2.056896479829120328e-01
-6.076927100090161182e-02	4.174690458512556740e-02	-3.894249772650662522e-02	3.650710436048568153e-02	-7.652410840625831212e-02	6.658243393832805057e-02	-4.036278002013431176e-02	4.607587701545397957e-02	-5.568580113697060852e-02	6.402395653223053040e-02	-4.148155171717114731e-02	4.648763200636719939e-02	-5.833130116210529653e-02	4.328032072797899366e-02	-8.294690920152514302e-02	6.329744454990478275e-02	-5.385978604072269582e-02	6.336816920261098551e-02	-6.880899709277234211e-02	9.782136422876601400e-02	-6.394311602677875406e-02	9.893477941461653602e-02	-7.010962424589539665e-02	7.466120840534642977e-02	-1.073773488285436062e-01	8.051038374145692844e-02	-1.147424199159952224e-01	1.500151303789254986e-01	-3.079537451803777692e-01	2.214086245426946931e-01	-8.610461198128838145e-02	1.369916108180714853e-01	-2.432124975860956440e-01	9.999999999999976685e-01	-7.424468545911567796e-01	1.008542796760972526e-01	-1.264615073422029334e-01	1.467797690245947195e-01	-4.276096504083155003e-01	2.883273685075183890e-01
7.340369396318584261e-02	-5.091886435545406320e-02	4.707776898670108096e-02	-4.433566913476825327e-02	9.186285586851918039e-02	-8.273279986090464888e-02	4.920889591823522646e-02	-5.637926947165679270e-02	6.750626460903876025e-02	-7.950011538760996810e-02	5.110365566296524997e-02	-5.713937067679861898e-02	7.072236391021270718e-02	-5.287435856947342305e-02	1.004115801636785849e-01	-7.833141867278300974e-02	6.561953538735469660e-02	-7.841216522858092397e-02	8.459305037932432492e-02	-1.270096515594278386e-01	7.680033830608892775e-02	-1.199849105061348148e-01	8.489276025577152662e-02	-9.388638810027562231e-02	1.326013812816939086e-01	-9.823888006953440666e-02	1.249131665159814303e-01	-1.634185603781169172e-01	2.572274655874712268e-01	-3.288645243337453561e-01	1.019438578493758879e-01	-1.591259563310505887e-01	1.972498151668871103e-01	-7.424468545911567796e-01	9.999999999999971134e-01	-1.255433812956406880e-01	1.281231050905416724e-01	-1.507593079570053451e-01	2.734739677518600587e-01	-3.888330161937907925e-01
-2.810870421838963518e-01	1.666792723185582803e-01	-1.697893981978565170e-01	1.511281445706079418e-01	-3.534856281152630175e-01	2.087887926967020580e-01	-1.557998816871592473e-01	1.693509219167569080e-01	-2.167370405649065301e-01	2.039131719150668598e-01	-1.331549332783561468e-01	1.509676018153461030e-01	-2.127576155921755696e-01	1.500188295736297195e-01	-2.772060107531185147e-01	1.945251034474101137e-01	-1.812199488897604516e-01	1.396277394018418661e-01	-1.458161786274795590e-01	1.590552766762188819e-01	-1.982313395458518979e-01	2.374225480388523213e-01	-1.547221597829025463e-01	1.298170182535260120e-01	-1.622351036536732183e-01	2.578782075059014578e-01	-1.871368710140170477e-01	1.603565600644502320e-01	-1.379087188012712295e-01	1.154736366072162818e-01	-6.266343434659066292e-01	2.314888255510228754e-01	-1.952658345984869259e-01	1.008542796760972526e-01	-1.255433812956406880e-01	9.999999999999977796e-01	-1.519467056159429785e-01	1.272296677746179161e-01	-9.226716641740909108e-02	1.043703097534704055e-01
7.952164105164832852e-02	-5.188489160778934906e-02	4.883202888426595861e-02	-4.478512786258964651e-02	9.563607570895878152e-02	-8.076561790312186684e-02	5.011590688776446784e-02	-5.571149462962929344e-02	6.792683534595542194e-02	-6.730741331163242469e-02	5.174165803408417585e-02	-5.637279812767537202e-02	7.026769613502235889e-02	-5.037751832061235224e-02	8.788912457446371174e-02	-7.942720073567992312e-02	6.631236804275535135e-02	-6.461737935392677934e-02	6.334742072805753244e-02	-7.363686119816885423e-02	9.524805577962465464e-02	-1.446158761068245813e-01	7.299992526525142522e-02	-6.330647510589154647e-02	7.469613333054120341e-02	-1.231726981903085022e-01	2.044478553912039698e-01	-2.285615201298441534e-01	1.024331647321245348e-01	-8.821839241151971378e-02	1.552637679265169990e-01	-4.564437927619182100e-01	2.759809654889624486e-01	-1.264615073422029334e-01	1.281231050905416724e-01	-1.519467056159429785e-01	9.999999999999981126e-01	-7.604145375937910734e-01	1.579367105772214730e-01	-1.806926215642858102e-01
-7.470534929478531150e-02	4.863334672350089205e-02	-4.616130397679678310e-02	4.231572947382709199e-02	-9.113521040644290139e-02	7.412770121776857124e-02	-4.693004254449442691e-02	5.222529640857085514e-02	-6.416865572479513169e-02	6.415852425245494040e-02	-4.762948155564743213e-02	5.231757967024223271e-02	-6.634046291677299367e-02	4.754721617406146295e-02	-8.471995910174305588e-02	7.249252904511219175e-02	-6.192539808902736143e-02	6.081760076030581774e-02	-6.078406100783996513e-02	7.139826860947195986e-02	-8.644372864501270737e-02	1.281825491163749442e-01	-6.928541296195285526e-02	6.061750756312352106e-02	-7.383179457742009011e-02	1.065922751078015873e-01	-2.006585631759801314e-01	2.111097126497631926e-01	-1.092921461315395776e-01	9.120281964551674170e-02	-1.363274895420067412e-01	2.646349892987025498e-01	-4.538236601069524090e-01	1.467797690245947195e-01	-1.507593079570053451e-01	1.272296677746179161e-01	-7.604145375937910734e-01	9.999999999999983347e-01	-2.206790235350997720e-01	1.836325285460925771e-01
5.529353032635800358e-02	-3.725302090559838575e-02	3.494300872404659114e-02	-3.248840090548666543e-02	6.876661362009381384e-02	-5.875934192160790770e-02	3.595321839571545552e-02	-4.065413050982898818e-02	4.932396846561852566e-02	-5.385756625004055331e-02	3.672258435399146370e-02	-4.082125528555451133e-02	5.124573144512669515e-02	-3.756305777376989230e-02	6.986419839574864454e-02	-5.604579945778530303e-02	4.747260540952050883e-02	-5.121127526200082436e-02	5.396409844242384263e-02	-7.216560763160764780e-02	5.792949070351301882e-02	-8.841821036649102905e-02	5.665704370793996081e-02	-5.641448846680044427e-02	7.564500591345384162e-02	-7.331437623366146572e-02	1.043744826120501512e-01	-1.242062771826062395e-01	1.497897901020181222e-01	-1.298462154200492602e-01	8.183971385155111578e-02	-1.346155504940795833e-01	1.773985103957002596e-01	-4.276096504083155003e-01	2.734739677518600587e-01	-9.226716641740909108e-02	1.579367105772214730e-01	-2.206790235350997720e-01	9.999999999999983347e-01	-8.104038266308004612e-01
