1.000000000000000222e+00	-4.003921711220298496e-01	3.800387706602073590e-02	-3.480119054216676555e-02	1.142631709481215091e-01	-8.554641162231161333e-01	2.460332625478547364e-01	-1.724113974355046541e-01	8.758144010906583621e-02	-6.646247115199586941e-02	1.218921986922319178e-01	-1.257567423784402560e-01	1.117707689572903090e-01	-8.236390782768920893e-02	7.152076431671629264e-02	-1.204019659874634440e-01	1.186467444239314856e-01	-9.823140089137261111e-02	6.941839264585611402e-02	-6.986147330312943160e-02	6.655593051561586870e-02	-7.570124472865087661e-02	8.051238424917914194e-02	-7.224515062981783087e-02	9.814298872263153839e-02	-7.075559840433104375e-02	6.053598940040657433e-02	-5.342690441907206600e-02	4.299942853799332276e-02	-5.167834277928327891e-02	6.958413699206671132e-02	-4.744391315712578883e-02	4.327394207857031272e-02	-3.531227489461179203e-02	1.940662112416461846e-02	-3.048698475676053440e-02	2.685879305987028121e-02	-3.190726713734083619e-02	2.942791973100861158e-02	-2.132423634869369533e-02
-4.003921711220298496e-01	1.000000000000000000e+00	-7.465200246438562226e-02	6.633772366341207649e-02	-2.248143877075063912e-01	2.736958053763340337e-01	-7.238172316813664686e-01	2.757251950797118822e-01	-1.666431221477742697e-01	1.250270021283325927e-01	-1.369990877074656332e-01	2.084596153865220791e-01	-2.068989823183398913e-01	1.476017211459416112e-01	-1.353716688534588319e-01	1.271939833534516395e-01	-2.140855174282138007e-01	1.704158666489445362e-01	-1.267955836957004589e-01	1.278823670170481930e-01	-1.126898841681577279e-01	1.283881923124864932e-01	-1.478370214617458767e-01	1.306475170279580711e-01	-1.867135548737726414e-01	1.179483127659432806e-01	-1.088320616782438716e-01	9.581411922501748002e-02	-7.800173199445450956e-02	9.270016097455953397e-02	-1.269094691790609852e-01	8.480210524002110284e-02	-7.827016842895577475e-02	6.349050469152343890e-02	-3.495086834264667791e-02	5.452471240805221303e-02	-4.833186172478638742e-02	5.726943575046480883e-02	-5.315371220942860520e-02	3.823574899176895858e-02
3.800387706602073590e-02	-7.465200246438562226e-02	1.000000000000000000e+00	-9.648722261399140798e-01	1.349742256552615982e-01	-4.438918365300972141e-02	6.310465496850366229e-02	-1.332869989076173323e-01	1.219083429251981293e-01	-9.587625006752732715e-02	3.812777781021731149e-02	-6.647464436415720379e-02	8.083958855497903884e-02	-9.947207218543380192e-02	7.676479944810017664e-02	-4.027643288483422068e-02	6.407695063871385321e-02	-9.324810115083133344e-02	6.798018300952665682e-02	-8.160009840628387745e-02	3.981039152630024697e-02	-4.792884435851512553e-02	5.669053838499937825e-02	-7.075190548421853021e-02	7.674671349558304101e-02	-4.869802277590817158e-02	3.967046217158364668e-02	-3.876487480681056752e-02	3.201423759587272017e-02	-4.089529158374629464e-02	4.486707866662897892e-02	-3.223629189130367001e-02	3.070115220695124325e-02	-2.603709005003423949e-02	1.452558539774051645e-02	-2.206351399223134557e-02	1.897959437071307376e-02	-2.332897559406057683e-02	2.127629977716709309e-02	-1.620963290923882472e-02
-3.480119054216676555e-02	6.633772366341207649e-02	-9.648722261399140798e-01	9.999999999999997780e-01	-1.541867246415220272e-01	4.021794628582739395e-02	-5.768331270802739413e-02	1.156251238008039334e-01	-1.371147995723006607e-01	9.588889312288180478e-02	-3.568091086553346059e-02	6.188824209271426985e-02	-7.757807739324165675e-02	9.470953388405822793e-02	-7.701920115069042783e-02	3.741184782202958137e-02	-6.066010538241362743e-02	8.642537279518182347e-02	-6.510613419718661032e-02	7.777371240874701719e-02	-3.740222732286298257e-02	4.484887474003940860e-02	-5.371314403354561506e-02	6.647826300076259409e-02	-7.402371111458080910e-02	4.532694793178664028e-02	-3.741390551504052142e-02	3.643333841884514868e-02	-3.014599695839627336e-02	3.829993218007458206e-02	-4.241743785007763556e-02	3.032242499382806211e-02	-2.890772854039673836e-02	2.444737534747512195e-02	-1.362885116360536275e-02	2.068751726097930316e-02	-1.783696841433985228e-02	2.189398560559653595e-02	-2.000695967581064827e-02	1.518255782660894726e-02
1.142631709481215091e-01	-2.248143877075063912e-01	1.349742256552615982e-01	-1.541867246415220272e-01	9.999999999999995559e-01	-1.407415255538419785e-01	1.812029484202518359e-01	-3.872349789755661909e-01	2.956988890881445120e-01	-5.661662500738213755e-01	1.207742051053436183e-01	-2.105611287149936339e-01	2.403059828977560930e-01	-2.931835702810895450e-01	2.925649381392175785e-01	-1.315859676264020950e-01	2.016013929980758623e-01	-3.432081139186335395e-01	2.359128466343466124e-01	-3.434806157539469496e-01	1.323340762602686627e-01	-1.613846504467029708e-01	1.892813450805079789e-01	-2.567878762276989968e-01	2.536111273902925678e-01	-1.704148570282585096e-01	1.321689393064051088e-01	-1.334724760153020440e-01	1.105257668025124151e-01	-1.454800430705519843e-01	1.477158858780710238e-01	-1.090774496741195171e-01	1.047153093284248770e-01	-9.034794162321978239e-02	5.069359024295540250e-02	-7.649424754584011055e-02	6.501919224377392115e-02	-8.088196964546115475e-02	7.318187786107155368e-02	-5.704093575632063207e-02
-8.554641162231161333e-01	2.736958053763340337e-01	-4.438918365300972141e-02	4.021794628582739395e-02	-1.407415255538419785e-01	9.999999999999997780e-01	-3.239145362628424452e-01	1.800820281218694086e-01	-1.052528627506010145e-01	7.978340967753864976e-02	-1.601885477073404507e-01	1.430992487336105179e-01	-1.327053691187729811e-01	9.634592932941446475e-02	-8.641791038889064247e-02	1.316493125187798985e-01	-1.441167379977572327e-01	1.140826049109454066e-01	-8.255905074501906915e-02	8.306078941310469921e-02	-7.941952671877859637e-02	8.896313503118891131e-02	-9.740014356868929857e-02	8.566407057889717513e-02	-1.196920141587342473e-01	8.254136679132315080e-02	-7.290205698050061800e-02	6.392914897240054017e-02	-5.164544711938562349e-02	6.162212152062658543e-02	-8.436278111692990800e-02	5.687822899636724161e-02	-5.203317666451381940e-02	4.228020024861579851e-02	-2.323783635369999767e-02	3.645729643076475734e-02	-3.223727529392508145e-02	3.819152967464316262e-02	-3.533423669086425967e-02	2.547016245496114273e-02
2.460332625478547364e-01	-7.238172316813664686e-01	6.310465496850366229e-02	-5.768331270802739413e-02	1.812029484202518359e-01	-3.239145362628424452e-01	9.999999999999997780e-01	-4.399053773266167755e-01	1.470140009481339660e-01	-1.079336114652926365e-01	1.321371093308701672e-01	-2.723159066163332032e-01	2.026285406620652041e-01	-1.400753375207055562e-01	1.146621063379658634e-01	-1.279952428972948864e-01	1.928070159311160436e-01	-1.575126024124163526e-01	1.118485560604159101e-01	-1.113373220107191225e-01	9.802008202582766783e-02	-1.163077483132807094e-01	1.235882307495400900e-01	-1.140344852676956899e-01	1.533682634030411607e-01	-1.042927103136219863e-01	9.219056564589263314e-02	-8.157881678899592259e-02	6.566699570820591636e-02	-7.887721855229694323e-02	1.052927928321734652e-01	-7.195252442114767610e-02	6.584321829305035678e-02	-5.374183041751990492e-02	2.951316320063841758e-02	-4.622407431385612553e-02	4.074169911490584800e-02	-4.849262339907174646e-02	4.474835916233850519e-02	-3.241905265368754535e-02
-1.724113974355046541e-01	2.757251950797118822e-01	-1.332869989076173323e-01	1.156251238008039334e-01	-3.872349789755661909e-01	1.800820281218694086e-01	-4.399053773266167755e-01	1.000000000000000222e+00	-3.260409192540935641e-01	2.193852841291943356e-01	-1.640372824673273500e-01	2.701591660520069604e-01	-4.313035491707743474e-01	2.626188320591856251e-01	-2.323005294211214489e-01	1.565942803058955890e-01	-2.890013954607984492e-01	2.727681506176512505e-01	-2.125659056892588994e-01	2.133988067510214359e-01	-1.603421835796771666e-01	1.834630240255407663e-01	-2.261139709619272575e-01	2.122482468615342621e-01	-3.037840430476428932e-01	1.727349922659525139e-01	-1.607396716791034963e-01	1.450151468402857691e-01	-1.196882167422291532e-01	1.427786266606593801e-01	-1.887315148366648376e-01	1.263212910540489065e-01	-1.184981838421453465e-01	9.652959725689777559e-02	-5.333637011968699049e-02	8.224027452889628997e-02	-7.279662726859037480e-02	8.679001290713464489e-02	-8.070961534477835708e-02	5.835065221283389225e-02
8.758144010906583621e-02	-1.666431221477742697e-01	1.219083429251981293e-01	-1.371147995723006607e-01	2.956988890881445120e-01	-1.052528627506010145e-01	1.470140009481339660e-01	-3.260409192540935641e-01	9.999999999999988898e-01	-4.980277398092486929e-01	1.031944598702707744e-01	-1.986127930719849555e-01	2.624405675636290458e-01	-6.106021183264060959e-01	2.573748326495348127e-01	-1.093082406281594698e-01	1.748134155387710276e-01	-2.718981178921280328e-01	2.267496704266069307e-01	-2.587150922517091334e-01	1.034967249674890455e-01	-1.269317795502521440e-01	1.498055685700795392e-01	-2.146067822890105059e-01	2.127924831199390077e-01	-1.247418478349884424e-01	1.028109461762140159e-01	-1.011695316641887527e-01	8.321552154960591696e-02	-1.055718699033926788e-01	1.145825448877957065e-01	-8.305035152346165739e-02	7.916211295737889120e-02	-6.709156068886934499e-02	3.721345959938464343e-02	-5.636890087709014313e-02	4.856928722513605134e-02	-5.990244652245207968e-02	5.468267514267102780e-02	-4.145606675693669363e-02
-6.646247115199586941e-02	1.250270021283325927e-01	-9.587625006752732715e-02	9.588889312288180478e-02	-5.661662500738213755e-01	7.978340967753864976e-02	-1.079336114652926365e-01	2.193852841291943356e-01	-4.980277398092486929e-01	1.000000000000000000e+00	-7.780230571984096677e-02	1.382050275914596116e-01	-1.833969688695705758e-01	2.501993726074040469e-01	-5.277725746343229218e-01	8.212548307121483870e-02	-1.353679704820479057e-01	2.128806786897630421e-01	-1.869589234812034928e-01	2.707411635918101633e-01	-8.332271159942009064e-02	1.008185981167779161e-01	-1.249746585613930594e-01	1.735428351100248290e-01	-1.942335620384174899e-01	1.018618594116657838e-01	-8.436675267619050955e-02	8.409218085132241782e-02	-7.026359706546086992e-02	8.973740899704288343e-02	-9.445385758201699233e-02	6.849156218530685902e-02	-6.611708950276015684e-02	5.625862785322920112e-02	-3.135029127752916867e-02	4.703506205044200028e-02	-4.046434601259567276e-02	5.012128337272882261e-02	-4.582387580305485875e-02	3.494007531557014740e-02
1.218921986922319178e-01	-1.369990877074656332e-01	3.812777781021731149e-02	-3.568091086553346059e-02	1.207742051053436183e-01	-1.601885477073404507e-01	1.321371093308701672e-01	-1.640372824673273500e-01	1.031944598702707744e-01	-7.780230571984096677e-02	9.999999999999972244e-01	-3.267103978566174849e-01	1.656953391357780248e-01	-1.133589677931843287e-01	8.415600329544295488e-02	-8.682721301414444426e-01	2.310867815988105201e-01	-1.423686616171361274e-01	9.067759287409307700e-02	-8.682421125085874880e-02	1.301825656394347830e-01	-1.395244184953367550e-01	1.087751390064286283e-01	-9.313552793875733149e-02	1.148044019932143028e-01	-1.258155310047862907e-01	9.066775980869182239e-02	-7.611989515849680588e-02	5.814451729120078544e-02	-7.026509844884333555e-02	9.782343708986367126e-02	-6.985336783112060244e-02	6.010875747596057528e-02	-4.904793116562507216e-02	2.648309087562634306e-02	-4.312751129008005058e-02	3.774832222094796907e-02	-4.460446451972867321e-02	4.053616250157376921e-02	-2.927937263647457933e-02
-1.257567423784402560e-01	2.084596153865220791e-01	-6.647464436415720379e-02	6.188824209271426985e-02	-2.105611287149936339e-01	1.430992487336105179e-01	-2.723159066163332032e-01	2.701591660520069604e-01	-1.986127930719849555e-01	1.382050275914596116e-01	-3.267103978566174849e-01	9.999999999999987788e-01	-5.144662630587251151e-01	2.184228002991893403e-01	-1.497537654935355289e-01	2.412556355907526651e-01	-5.749775409396696846e-01	2.418148272307596713e-01	-1.633871464384145655e-01	1.490141845233217965e-01	-1.682363224362446730e-01	2.075076748065080023e-01	-1.774825978169345397e-01	1.566963250851697020e-01	-1.958105077761671253e-01	1.601822324225250782e-01	-1.439193138304637742e-01	1.194136188025754775e-01	-9.208962258222855302e-02	1.101780090146327606e-01	-1.529608569783282024e-01	1.071934064760276945e-01	-9.429929759000098277e-02	7.647935324862231710e-02	-4.133097136588283899e-02	6.629402143766204014e-02	-5.848436242871069696e-02	6.922519220551102970e-02	-6.336317178377051662e-02	4.550477252203596890e-02
1.117707689572903090e-01	-2.068989823183398913e-01	8.083958855497903884e-02	-7.757807739324165675e-02	2.403059828977560930e-01	-1.327053691187729811e-01	2.026285406620652041e-01	-4.313035491707743474e-01	2.624405675636290458e-01	-1.833969688695705758e-01	1.656953391357780248e-01	-5.144662630587251151e-01	9.999999999999971134e-01	-4.934758168697617187e-01	1.850505662231026749e-01	-1.708636595695395000e-01	2.697659521795640059e-01	-3.639027629958187515e-01	2.195231140771269629e-01	-1.951370912569455607e-01	1.328839353235559129e-01	-1.691570170982721610e-01	1.737065408418995704e-01	-2.013798086474895832e-01	2.211893833199159998e-01	-1.487876229126844918e-01	1.251106242821603265e-01	-1.161187267379460292e-01	9.235226192467238526e-02	-1.137687039638342751e-01	1.373415600800216296e-01	-9.844516105023987107e-02	9.066637299863092303e-02	-7.534782713475629556e-02	4.125540756602725373e-02	-6.405906065455412024e-02	5.576416379077567265e-02	-6.765106505399823278e-02	6.183976258793565800e-02	-4.568689909162108875e-02
-8.236390782768920893e-02	1.476017211459416112e-01	-9.947207218543380192e-02	9.470953388405822793e-02	-2.931835702810895450e-01	9.634592932941446475e-02	-1.400753375207055562e-01	2.626188320591856251e-01	-6.106021183264060959e-01	2.501993726074040469e-01	-1.133589677931843287e-01	2.184228002991893403e-01	-4.934758168697617187e-01	9.999999999999995559e-01	-2.586236728513115479e-01	1.130407988872971503e-01	-2.028834512666599643e-01	2.709200241954861643e-01	-3.436561517775559849e-01	2.297445004247800904e-01	-1.081039452869502621e-01	1.306571627547602477e-01	-1.592731191518891032e-01	2.199973146267895918e-01	-2.374285940401716644e-01	1.231445143012702137e-01	-1.072122244079954378e-01	1.033142838044767697e-01	-8.517287041736211484e-02	1.052810513344979437e-01	-1.191427910050757294e-01	8.504407620010344393e-02	-8.108559174516448420e-02	6.785433322908823728e-02	-3.742081028676990523e-02	5.667150529599297715e-02	-4.929746156712485478e-02	6.046100761976270360e-02	-5.559019510052715107e-02	4.139390770933060876e-02
7.152076431671629264e-02	-1.353716688534588319e-01	7.676479944810017664e-02	-7.701920115069042783e-02	2.925649381392175785e-01	-8.641791038889064247e-02	1.146621063379658634e-01	-2.323005294211214489e-01	2.573748326495348127e-01	-5.277725746343229218e-01	8.415600329544295488e-02	-1.497537654935355289e-01	1.850505662231026749e-01	-2.586236728513115479e-01	9.999999999999962252e-01	-9.014945109072686202e-02	1.474126589035504586e-01	-2.703081130490230244e-01	2.421259558561467407e-01	-6.501933253143560298e-01	9.287783536543869900e-02	-1.133442525167331072e-01	1.438415916393139815e-01	-2.301293716645988752e-01	2.325146470995540504e-01	-1.154141043385398385e-01	9.522894554296588987e-02	-9.728977054800859448e-02	8.157389464810363422e-02	-1.055546000648755894e-01	1.058683967872455778e-01	-7.772111278274021484e-02	7.570477615721253606e-02	-6.494289523750851334e-02	3.619638882002745167e-02	-5.381465219010848899e-02	4.613960307869296312e-02	-5.763313911423695313e-02	5.260438560473899849e-02	-4.042897920828018854e-02
-1.204019659874634440e-01	1.271939833534516395e-01	-4.027643288483422068e-02	3.741184782202958137e-02	-1.315859676264020950e-01	1.316493125187798985e-01	-1.279952428972948864e-01	1.565942803058955890e-01	-1.093082406281594698e-01	8.212548307121483870e-02	-8.682721301414444426e-01	2.412556355907526651e-01	-1.708636595695395000e-01	1.130407988872971503e-01	-9.014945109072686202e-02	9.999999999999942268e-01	-3.039084335508829282e-01	1.450913714553864475e-01	-9.561567137162287067e-02	9.110200128167351974e-02	-1.655088836274459241e-01	1.539627130435564095e-01	-1.224457634127394390e-01	9.800817928834323900e-02	-1.255345446678092780e-01	1.352397761985277835e-01	-1.036172981934276593e-01	8.429174155241761501e-02	-6.428387971809332302e-02	7.657958137525840148e-02	-1.118895049704051320e-01	7.814257072529551262e-02	-6.706291963154098479e-02	5.416028296942416304e-02	-2.916659980142954564e-02	4.767430939709720039e-02	-4.205452400402676788e-02	4.929120737146222564e-02	-4.498843505002272231e-02	3.211447261745192794e-02
1.186467444239314856e-01	-2.140855174282138007e-01	6.407695063871385321e-02	-6.066010538241362743e-02	2.016013929980758623e-01	-1.441167379977572327e-01	1.928070159311160436e-01	-2.890013954607984492e-01	1.748134155387710276e-01	-1.353679704820479057e-01	2.310867815988105201e-01	-5.749775409396696846e-01	2.697659521795640059e-01	-2.028834512666599643e-01	1.474126589035504586e-01	-3.039084335508829282e-01	9.999999999999926725e-01	-3.296173434043992434e-01	1.726395435477691420e-01	-1.594039601354787505e-01	2.215799284016340132e-01	-4.315922768547094668e-01	2.059352264841574631e-01	-1.761957096395496136e-01	2.031708379973351519e-01	-2.277858715392269973e-01	1.850341616044301751e-01	-1.521265335681330766e-01	1.104808848486244222e-01	-1.347672468804436696e-01	1.809280669269085207e-01	-1.391583561086590648e-01	1.151395692029512363e-01	-9.437922390010200502e-02	5.024923428589134211e-02	-8.294634711871588795e-02	7.216877052525871861e-02	-8.585612631161962383e-02	7.713657157627695771e-02	-5.584355964428130981e-02
-9.823140089137261111e-02	1.704158666489445362e-01	-9.324810115083133344e-02	8.642537279518182347e-02	-3.432081139186335395e-01	1.140826049109454066e-01	-1.575126024124163526e-01	2.727681506176512505e-01	-2.718981178921280328e-01	2.128806786897630421e-01	-1.423686616171361274e-01	2.418148272307596713e-01	-3.639027629958187515e-01	2.709200241954861643e-01	-2.703081130490230244e-01	1.450913714553864475e-01	-3.296173434043992434e-01	9.999999999999956701e-01	-4.969247486200107922e-01	2.700323700582059061e-01	-1.634380979948180102e-01	1.968361626891177996e-01	-3.050813551418219416e-01	3.000285394851459619e-01	-3.994152512550308010e-01	1.818675160320664119e-01	-1.726011063789215649e-01	1.714602757316578407e-01	-1.381337480155393205e-01	1.653597620498014897e-01	-1.894024337178719652e-01	1.347291130771395840e-01	-1.317094216180534627e-01	1.085160600783287715e-01	-5.934342958744193153e-02	8.898064868377178471e-02	-7.811406246387038455e-02	9.622929978918916272e-02	-8.913850926522791374e-02	6.515873717182853186e-02
6.941839264585611402e-02	-1.267955836957004589e-01	6.798018300952665682e-02	-6.510613419718661032e-02	2.359128466343466124e-01	-8.255905074501906915e-02	1.118485560604159101e-01	-2.125659056892588994e-01	2.267496704266069307e-01	-1.869589234812034928e-01	9.067759287409307700e-02	-1.633871464384145655e-01	2.195231140771269629e-01	-3.436561517775559849e-01	2.421259558561467407e-01	-9.561567137162287067e-02	1.726395435477691420e-01	-4.969247486200107922e-01	9.999999999999964473e-01	-4.254702594984086095e-01	1.026537187530352502e-01	-1.263893321385228252e-01	1.843741991872193953e-01	-5.797734882797741518e-01	3.082455679595102471e-01	-1.230817467810996074e-01	1.091999186220069529e-01	-1.159348023701507607e-01	9.717181735426164146e-02	-1.206363956811212501e-01	1.193023167845859156e-01	-8.793183213930834408e-02	8.733089251238396189e-02	-7.459847606289296551e-02	4.088285933255146609e-02	-5.994971651758345538e-02	5.184041639045546684e-02	-6.535379944348181092e-02	6.011054809120847109e-02	-4.529894519078422888e-02
-6.986147330312943160e-02	1.278823670170481930e-01	-8.160009840628387745e-02	7.777371240874701719e-02	-3.434806157539469496e-01	8.306078941310469921e-02	-1.113373220107191225e-01	2.133988067510214359e-01	-2.587150922517091334e-01	2.707411635918101633e-01	-8.682421125085874880e-02	1.490141845233217965e-01	-1.951370912569455607e-01	2.297445004247800904e-01	-6.501933253143560298e-01	9.110200128167351974e-02	-1.594039601354787505e-01	2.700323700582059061e-01	-4.254702594984086095e-01	9.999999999999931166e-01	-9.985436638318483105e-02	1.200637744365056214e-01	-1.680367165605049506e-01	2.664982614811535755e-01	-3.687548788091745688e-01	1.207936714466582434e-01	-1.056894430730191820e-01	1.080796399289129378e-01	-9.332194505024840603e-02	1.177765968663556095e-01	-1.180685330026052110e-01	8.549572651948315893e-02	-8.478210645562821168e-02	7.207668684198188791e-02	-4.009527370228067183e-02	5.872541324793029149e-02	-5.083165663071517737e-02	6.351041827637124437e-02	-5.867772393943179038e-02	4.436600827356932536e-02
6.655593051561586870e-02	-1.126898841681577279e-01	3.981039152630024697e-02	-3.740222732286298257e-02	1.323340762602686627e-01	-7.941952671877859637e-02	9.802008202582766783e-02	-1.603421835796771666e-01	1.034967249674890455e-01	-8.332271159942009064e-02	1.301825656394347830e-01	-1.682363224362446730e-01	1.328839353235559129e-01	-1.081039452869502621e-01	9.287783536543869900e-02	-1.655088836274459241e-01	2.215799284016340132e-01	-1.634380979948180102e-01	1.026537187530352502e-01	-9.985436638318483105e-02	9.999999999999972244e-01	-5.722861448109858307e-01	2.005928160570583096e-01	-1.174103288570613468e-01	1.436808691769543012e-01	-6.819965184943311831e-01	2.193219206246115605e-01	-1.612400437446693813e-01	1.108494593261621225e-01	-1.322816632818236693e-01	2.251331962158282241e-01	-1.715985609961119818e-01	1.246152641376333664e-01	-1.002672846347805735e-01	5.178984027345831520e-02	-9.384411369676606829e-02	8.134103201398662497e-02	-9.304782033687360177e-02	8.220383287399418704e-02	-5.763279150733750800e-02
-7.570124472865087661e-02	1.283881923124864932e-01	-4.792884435851512553e-02	4.484887474003940860e-02	-1.613846504467029708e-01	8.896313503118891131e-02	-1.163077483132807094e-01	1.834630240255407663e-01	-1.269317795502521440e-01	1.008185981167779161e-01	-1.395244184953367550e-01	2.075076748065080023e-01	-1.691570170982721610e-01	1.306571627547602477e-01	-1.133442525167331072e-01	1.539627130435564095e-01	-4.315922768547094668e-01	1.968361626891177996e-01	-1.263893321385228252e-01	1.200637744365056214e-01	-5.722861448109858307e-01	9.999999999999957812e-01	-2.957713220085604888e-01	1.429260192913816563e-01	-1.771901055711628814e-01	3.059579887852051927e-01	-4.057342760643270485e-01	2.135876814757774189e-01	-1.407392771011262977e-01	1.589130396397953893e-01	-2.812695113908355027e-01	2.137077605506647882e-01	-1.606594242171391906e-01	1.232932446538641952e-01	-6.283109067985485907e-02	1.106489838922673913e-01	-1.000559094629102780e-01	1.131686125826499856e-01	-1.019002206042523839e-01	6.898620358404937425e-02
8.051238424917914194e-02	-1.478370214617458767e-01	5.669053838499937825e-02	-5.371314403354561506e-02	1.892813450805079789e-01	-9.740014356868929857e-02	1.235882307495400900e-01	-2.261139709619272575e-01	1.498055685700795392e-01	-1.249746585613930594e-01	1.087751390064286283e-01	-1.774825978169345397e-01	1.737065408418995704e-01	-1.592731191518891032e-01	1.438415916393139815e-01	-1.224457634127394390e-01	2.059352264841574631e-01	-3.050813551418219416e-01	1.843741991872193953e-01	-1.680367165605049506e-01	2.005928160570583096e-01	-2.957713220085604888e-01	9.999999999999954481e-01	-2.696388911478282968e-01	2.420600802880890079e-01	-2.850413252913286954e-01	2.770479176536619348e-01	-5.886659085404235547e-01	2.467405077546322156e-01	-3.294488154419072390e-01	2.477644964102667380e-01	-2.334131445442301778e-01	2.436956891777346257e-01	-2.168169190888538933e-01	1.081679290674869010e-01	-1.614418717175503393e-01	1.335520260879427823e-01	-1.892485630409361796e-01	1.602320209511839955e-01	-1.245189961485663604e-01
-7.224515062981783087e-02	1.306475170279580711e-01	-7.075190548421853021e-02	6.647826300076259409e-02	-2.567878762276989968e-01	8.566407057889717513e-02	-1.140344852676956899e-01	2.122482468615342621e-01	-2.146067822890105059e-01	1.735428351100248290e-01	-9.313552793875733149e-02	1.566963250851697020e-01	-2.013798086474895832e-01	2.199973146267895918e-01	-2.301293716645988752e-01	9.800817928834323900e-02	-1.761957096395496136e-01	3.000285394851459619e-01	-5.797734882797741518e-01	2.664982614811535755e-01	-1.174103288570613468e-01	1.429260192913816563e-01	-2.696388911478282968e-01	9.999999999999958922e-01	-6.088186173210999863e-01	1.435346661067160023e-01	-1.342104938085721955e-01	1.504421330286543346e-01	-1.362171715502152602e-01	1.608760413433362457e-01	-1.451812782157330117e-01	1.082645633219302544e-01	-1.128399640727829056e-01	9.685513892937197555e-02	-5.284879237640463523e-02	7.465850159455396373e-02	-6.480179315433408360e-02	8.322365455387009670e-02	-7.766061722812256374e-02	5.807778308517581173e-02
9.814298872263153839e-02	-1.867135548737726414e-01	7.674671349558304101e-02	-7.402371111458080910e-02	2.536111273902925678e-01	-1.196920141587342473e-01	1.533682634030411607e-01	-3.037840430476428932e-01	2.127924831199390077e-01	-1.942335620384174899e-01	1.148044019932143028e-01	-1.958105077761671253e-01	2.211893833199159998e-01	-2.374285940401716644e-01	2.325146470995540504e-01	-1.255345446678092780e-01	2.031708379973351519e-01	-3.994152512550308010e-01	3.082455679595102471e-01	-3.687548788091745688e-01	1.436808691769543012e-01	-1.771901055711628814e-01	2.420600802880890079e-01	-6.088186173210999863e-01	9.999999999999943379e-01	-1.897472503489830986e-01	1.569368629321895858e-01	-1.764943232489594727e-01	1.635153366814171838e-01	-2.445602580180220864e-01	1.714962025644674315e-01	-1.318331208881451944e-01	1.359970195015614558e-01	-1.224546009332635466e-01	6.932136339323093088e-02	-9.549556391293577418e-02	8.088969623869141090e-02	-1.053837771547741636e-01	9.661737498225855814e-02	-7.773294108102521416e-02
-7.075559840433104375e-02	1.179483127659432806e-01	-4.869802277590817158e-02	4.532694793178664028e-02	-1.704148570282585096e-01	8.254136679132315080e-02	-1.042927103136219863e-01	1.727349922659525139e-01	-1.247418478349884424e-01	1.018618594116657838e-01	-1.258155310047862907e-01	1.601822324225250782e-01	-1.487876229126844918e-01	1.231445143012702137e-01	-1.154141043385398385e-01	1.352397761985277835e-01	-2.277858715392269973e-01	1.818675160320664119e-01	-1.230817467810996074e-01	1.207936714466582434e-01	-6.819965184943311831e-01	3.059579887852051927e-01	-2.850413252913286954e-01	1.435346661067160023e-01	-1.897472503489830986e-01	9.999999999999940048e-01	-2.944276378933865512e-01	2.006546701327370508e-01	-1.470129656565566378e-01	1.652859560698420327e-01	-4.095212389651868290e-01	2.210928121293460336e-01	-1.694490657061642480e-01	1.301908028854572297e-01	-6.791317509478002334e-02	1.228075242139658324e-01	-1.109381598220743892e-01	1.212355306060962923e-01	-1.105878241842464249e-01	7.402193389340430696e-02
6.053598940040657433e-02	-1.088320616782438716e-01	3.967046217158364668e-02	-3.741390551504052142e-02	1.321689393064051088e-01	-7.290205698050061800e-02	9.219056564589263314e-02	-1.607396716791034963e-01	1.028109461762140159e-01	-8.436675267619050955e-02	9.066775980869182239e-02	-1.439193138304637742e-01	1.251106242821603265e-01	-1.072122244079954378e-01	9.522894554296588987e-02	-1.036172981934276593e-01	1.850341616044301751e-01	-1.726011063789215649e-01	1.091999186220069529e-01	-1.056894430730191820e-01	2.193219206246115605e-01	-4.057342760643270485e-01	2.770479176536619348e-01	-1.342104938085721955e-01	1.569368629321895858e-01	-2.944276378933865512e-01	9.999999999999942268e-01	-4.641989636062204827e-01	1.912136811386614399e-01	-2.185687649959051626e-01	3.037893307324629477e-01	-5.626766920259602678e-01	2.385250845872174397e-01	-1.842881465388352125e-01	8.454297525223582188e-02	-1.675125076745244135e-01	1.470478832994351337e-01	-1.691087177610413050e-01	1.416539880580064137e-01	-9.467792205755565238e-02
-5.342690441907206600e-02	9.581411922501748002e-02	-3.876487480681056752e-02	3.643333841884514868e-02	-1.334724760153020440e-01	6.392914897240054017e-02	-8.157881678899592259e-02	1.450151468402857691e-01	-1.011695316641887527e-01	8.409218085132241782e-02	-7.611989515849680588e-02	1.194136188025754775e-01	-1.161187267379460292e-01	1.033142838044767697e-01	-9.728977054800859448e-02	8.429174155241761501e-02	-1.521265335681330766e-01	1.714602757316578407e-01	-1.159348023701507607e-01	1.080796399289129378e-01	-1.612400437446693813e-01	2.135876814757774189e-01	-5.886659085404235547e-01	1.504421330286543346e-01	-1.764943232489594727e-01	2.006546701327370508e-01	-4.641989636062204827e-01	9.999999999999938938e-01	-3.553040359246051882e-01	2.671989857327983220e-01	-2.608179402730429475e-01	2.505508721383531978e-01	-3.828856222920122843e-01	2.286680388518703977e-01	-1.017105014461491680e-01	1.442180409206467728e-01	-1.320351109124927313e-01	1.870847629357050290e-01	-1.734441904674307311e-01	1.085502931886623834e-01
4.299942853799332276e-02	-7.800173199445450956e-02	3.201423759587272017e-02	-3.014599695839627336e-02	1.105257668025124151e-01	-5.164544711938562349e-02	6.566699570820591636e-02	-1.196882167422291532e-01	8.321552154960591696e-02	-7.026359706546086992e-02	5.814451729120078544e-02	-9.208962258222855302e-02	9.235226192467238526e-02	-8.517287041736211484e-02	8.157389464810363422e-02	-6.428387971809332302e-02	1.104808848486244222e-01	-1.381337480155393205e-01	9.717181735426164146e-02	-9.332194505024840603e-02	1.108494593261621225e-01	-1.407392771011262977e-01	2.467405077546322156e-01	-1.362171715502152602e-01	1.635153366814171838e-01	-1.470129656565566378e-01	1.912136811386614399e-01	-3.553040359246051882e-01	9.999999999999943379e-01	-7.457064391464285347e-01	1.869705043499068631e-01	-1.704223367610208928e-01	2.536759125893836009e-01	-3.919756148654790495e-01	1.372514350060848598e-01	-1.292268027050662293e-01	1.136959355277507577e-01	-1.910505158506978773e-01	1.979417058824494979e-01	-1.455975892929025906e-01
-5.167834277928327891e-02	9.270016097455953397e-02	-4.089529158374629464e-02	3.829993218007458206e-02	-1.454800430705519843e-01	6.162212152062658543e-02	-7.887721855229694323e-02	1.427786266606593801e-01	-1.055718699033926788e-01	8.973740899704288343e-02	-7.026509844884333555e-02	1.101780090146327606e-01	-1.137687039638342751e-01	1.052810513344979437e-01	-1.055546000648755894e-01	7.657958137525840148e-02	-1.347672468804436696e-01	1.653597620498014897e-01	-1.206363956811212501e-01	1.177765968663556095e-01	-1.322816632818236693e-01	1.589130396397953893e-01	-3.294488154419072390e-01	1.608760413433362457e-01	-2.445602580180220864e-01	1.652859560698420327e-01	-2.185687649959051626e-01	2.671989857327983220e-01	-7.457064391464285347e-01	9.999999999999937828e-01	-2.412571909713636942e-01	1.828170114418440073e-01	-2.748127367931947895e-01	2.558527720746525125e-01	-1.609276289525511661e-01	1.318628101167677591e-01	-1.233998547292916859e-01	1.786051178423198604e-01	-2.084526630667827007e-01	1.451858410907976571e-01
6.958413699206671132e-02	-1.269094691790609852e-01	4.486707866662897892e-02	-4.241743785007763556e-02	1.477158858780710238e-01	-8.436278111692990800e-02	1.052927928321734652e-01	-1.887315148366648376e-01	1.145825448877957065e-01	-9.445385758201699233e-02	9.782343708986367126e-02	-1.529608569783282024e-01	1.373415600800216296e-01	-1.191427910050757294e-01	1.058683967872455778e-01	-1.118895049704051320e-01	1.809280669269085207e-01	-1.894024337178719652e-01	1.193023167845859156e-01	-1.180685330026052110e-01	2.251331962158282241e-01	-2.812695113908355027e-01	2.477644964102667380e-01	-1.451812782157330117e-01	1.714962025644674315e-01	-4.095212389651868290e-01	3.037893307324629477e-01	-2.608179402730429475e-01	1.869705043499068631e-01	-2.412571909713636942e-01	9.999999999999953371e-01	-6.143451757214355435e-01	2.413123356585998303e-01	-2.046017893123222298e-01	9.816333374482760776e-02	-2.522784458726031742e-01	1.928865789280765908e-01	-2.024814910976749094e-01	1.625079660713115715e-01	-1.132369195418695962e-01
-4.744391315712578883e-02	8.480210524002110284e-02	-3.223629189130367001e-02	3.032242499382806211e-02	-1.090774496741195171e-01	5.687822899636724161e-02	-7.195252442114767610e-02	1.263212910540489065e-01	-8.305035152346165739e-02	6.849156218530685902e-02	-6.985336783112060244e-02	1.071934064760276945e-01	-9.844516105023987107e-02	8.504407620010344393e-02	-7.772111278274021484e-02	7.814257072529551262e-02	-1.391583561086590648e-01	1.347291130771395840e-01	-8.793183213930834408e-02	8.549572651948315893e-02	-1.715985609961119818e-01	2.137077605506647882e-01	-2.334131445442301778e-01	1.082645633219302544e-01	-1.318331208881451944e-01	2.210928121293460336e-01	-5.626766920259602678e-01	2.505508721383531978e-01	-1.704223367610208928e-01	1.828170114418440073e-01	-6.143451757214355435e-01	9.999999999999935607e-01	-3.310633420881365363e-01	1.872666817655485871e-01	-8.299108338981397992e-02	1.985054188658959273e-01	-2.215313830979210863e-01	1.827469705589236937e-01	-1.561468983178490588e-01	9.051950216972846908e-02
4.327394207857031272e-02	-7.827016842895577475e-02	3.070115220695124325e-02	-2.890772854039673836e-02	1.047153093284248770e-01	-5.203317666451381940e-02	6.584321829305035678e-02	-1.184981838421453465e-01	7.916211295737889120e-02	-6.611708950276015684e-02	6.010875747596057528e-02	-9.429929759000098277e-02	9.066637299863092303e-02	-8.108559174516448420e-02	7.570477615721253606e-02	-6.706291963154098479e-02	1.151395692029512363e-01	-1.317094216180534627e-01	8.733089251238396189e-02	-8.478210645562821168e-02	1.246152641376333664e-01	-1.606594242171391906e-01	2.436956891777346257e-01	-1.128399640727829056e-01	1.359970195015614558e-01	-1.694490657061642480e-01	2.385250845872174397e-01	-3.828856222920122843e-01	2.536759125893836009e-01	-2.748127367931947895e-01	2.413123356585998303e-01	-3.310633420881365363e-01	9.999999999999938938e-01	-5.618589895841230586e-01	1.482409673793299576e-01	-2.112144130036747725e-01	1.850682176505749343e-01	-4.431456787762801941e-01	2.942841263134534091e-01	-1.673657996543282955e-01
-3.531227489461179203e-02	6.349050469152343890e-02	-2.603709005003423949e-02	2.444737534747512195e-02	-9.034794162321978239e-02	4.228020024861579851e-02	-5.374183041751990492e-02	9.652959725689777559e-02	-6.709156068886934499e-02	5.625862785322920112e-02	-4.904793116562507216e-02	7.647935324862231710e-02	-7.534782713475629556e-02	6.785433322908823728e-02	-6.494289523750851334e-02	5.416028296942416304e-02	-9.437922390010200502e-02	1.085160600783287715e-01	-7.459847606289296551e-02	7.207668684198188791e-02	-1.002672846347805735e-01	1.232932446538641952e-01	-2.168169190888538933e-01	9.685513892937197555e-02	-1.224546009332635466e-01	1.301908028854572297e-01	-1.842881465388352125e-01	2.286680388518703977e-01	-3.919756148654790495e-01	2.558527720746525125e-01	-2.046017893123222298e-01	1.872666817655485871e-01	-5.618589895841230586e-01	9.999999999999940048e-01	-2.278532397658732112e-01	1.546534038459757010e-01	-1.493015834629087824e-01	2.946369465248622199e-01	-5.295149224351187733e-01	1.862700904999147200e-01
1.940662112416461846e-02	-3.495086834264667791e-02	1.452558539774051645e-02	-1.362885116360536275e-02	5.069359024295540250e-02	-2.323783635369999767e-02	2.951316320063841758e-02	-5.333637011968699049e-02	3.721345959938464343e-02	-3.135029127752916867e-02	2.648309087562634306e-02	-4.133097136588283899e-02	4.125540756602725373e-02	-3.742081028676990523e-02	3.619638882002745167e-02	-2.916659980142954564e-02	5.024923428589134211e-02	-5.934342958744193153e-02	4.088285933255146609e-02	-4.009527370228067183e-02	5.178984027345831520e-02	-6.283109067985485907e-02	1.081679290674869010e-01	-5.284879237640463523e-02	6.932136339323093088e-02	-6.791317509478002334e-02	8.454297525223582188e-02	-1.017105014461491680e-01	1.372514350060848598e-01	-1.609276289525511661e-01	9.816333374482760776e-02	-8.299108338981397992e-02	1.482409673793299576e-01	-2.278532397658732112e-01	9.999999999999934497e-01	-7.153677659309817805e-02	6.470145819780254159e-02	-1.129968229717943640e-01	1.336278771492212525e-01	-9.367561666373867002e-01
-3.048698475676053440e-02	5.452471240805221303e-02	-2.206351399223134557e-02	2.068751726097930316e-02	-7.649424754584011055e-02	3.645729643076475734e-02	-4.622407431385612553e-02	8.224027452889628997e-02	-5.636890087709014313e-02	4.703506205044200028e-02	-4.312751129008005058e-02	6.629402143766204014e-02	-6.405906065455412024e-02	5.667150529599297715e-02	-5.381465219010848899e-02	4.767430939709720039e-02	-8.294634711871588795e-02	8.898064868377178471e-02	-5.994971651758345538e-02	5.872541324793029149e-02	-9.384411369676606829e-02	1.106489838922673913e-01	-1.614418717175503393e-01	7.465850159455396373e-02	-9.549556391293577418e-02	1.228075242139658324e-01	-1.675125076745244135e-01	1.442180409206467728e-01	-1.292268027050662293e-01	1.318628101167677591e-01	-2.522784458726031742e-01	1.985054188658959273e-01	-2.112144130036747725e-01	1.546534038459757010e-01	-7.153677659309817805e-02	9.999999999999933387e-01	-8.659865624305158605e-01	2.352937130010041566e-01	-2.223684997891472725e-01	7.450140946004210618e-02
2.685879305987028121e-02	-4.833186172478638742e-02	1.897959437071307376e-02	-1.783696841433985228e-02	6.501919224377392115e-02	-3.223727529392508145e-02	4.074169911490584800e-02	-7.279662726859037480e-02	4.856928722513605134e-02	-4.046434601259567276e-02	3.774832222094796907e-02	-5.848436242871069696e-02	5.576416379077567265e-02	-4.929746156712485478e-02	4.613960307869296312e-02	-4.205452400402676788e-02	7.216877052525871861e-02	-7.811406246387038455e-02	5.184041639045546684e-02	-5.083165663071517737e-02	8.134103201398662497e-02	-1.000559094629102780e-01	1.335520260879427823e-01	-6.480179315433408360e-02	8.088969623869141090e-02	-1.109381598220743892e-01	1.470478832994351337e-01	-1.320351109124927313e-01	1.136959355277507577e-01	-1.233998547292916859e-01	1.928865789280765908e-01	-2.215313830979210863e-01	1.850682176505749343e-01	-1.493015834629087824e-01	6.470145819780254159e-02	-8.659865624305158605e-01	9.999999999999936717e-01	-3.288493974735831604e-01	1.942883039526195899e-01	-6.995207356268687282e-02
-3.190726713734083619e-02	5.726943575046480883e-02	-2.332897559406057683e-02	2.189398560559653595e-02	-8.088196964546115475e-02	3.819152967464316262e-02	-4.849262339907174646e-02	8.679001290713464489e-02	-5.990244652245207968e-02	5.012128337272882261e-02	-4.460446451972867321e-02	6.922519220551102970e-02	-6.765106505399823278e-02	6.046100761976270360e-02	-5.763313911423695313e-02	4.929120737146222564e-02	-8.585612631161962383e-02	9.622929978918916272e-02	-6.535379944348181092e-02	6.351041827637124437e-02	-9.304782033687360177e-02	1.131686125826499856e-01	-1.892485630409361796e-01	8.322365455387009670e-02	-1.053837771547741636e-01	1.212355306060962923e-01	-1.691087177610413050e-01	1.870847629357050290e-01	-1.910505158506978773e-01	1.786051178423198604e-01	-2.024814910976749094e-01	1.827469705589236937e-01	-4.431456787762801941e-01	2.946369465248622199e-01	-1.129968229717943640e-01	2.352937130010041566e-01	-3.288493974735831604e-01	9.999999999999940048e-01	-7.028611174500236647e-01	1.148070974768410635e-01
2.942791973100861158e-02	-5.315371220942860520e-02	2.127629977716709309e-02	-2.000695967581064827e-02	7.318187786107155368e-02	-3.533423669086425967e-02	4.474835916233850519e-02	-8.070961534477835708e-02	5.468267514267102780e-02	-4.582387580305485875e-02	4.053616250157376921e-02	-6.336317178377051662e-02	6.183976258793565800e-02	-5.559019510052715107e-02	5.260438560473899849e-02	-4.498843505002272231e-02	7.713657157627695771e-02	-8.913850926522791374e-02	6.011054809120847109e-02	-5.867772393943179038e-02	8.220383287399418704e-02	-1.019002206042523839e-01	1.602320209511839955e-01	-7.766061722812256374e-02	9.661737498225855814e-02	-1.105878241842464249e-01	1.416539880580064137e-01	-1.734441904674307311e-01	1.979417058824494979e-01	-2.084526630667827007e-01	1.625079660713115715e-01	-1.561468983178490588e-01	2.942841263134534091e-01	-5.295149224351187733e-01	1.336278771492212525e-01	-2.223684997891472725e-01	1.942883039526195899e-01	-7.028611174500236647e-01	9.999999999999942268e-01	-1.491783698645924583e-01
