1.000000000000000222e+00	-8.166388214495799991e-01	2.038132323563183190e-01	-1.405349456393670260e-01	1.079264228310413964e-01	-3.449466535644829523e-01	2.827291081917833737e-01	-1.684650077394210521e-01	1.396266390520029821e-01	-1.335936035925621435e-01	1.696085944112137311e-01	-2.349634489114292291e-01	1.409175494284150010e-01	-1.167579791206278667e-01	1.118601151906904040e-01	-6.026592838935271312e-02	6.162883637512614476e-02	-1.369084631273485009e-01	9.276305298276142641e-02	-1.005949415782084605e-01	6.795553949457926179e-02	-6.330966791024081330e-02	8.242137109502023495e-02	-1.052518020524772918e-01	8.823304270536011518e-02	-8.185618382982322305e-02	7.556363328296079873e-02	-6.689996373048381906e-02	7.100052264482734077e-02	-7.428601575336532536e-02	6.377473233632420524e-02	-5.379553570358372450e-02	7.136123773514430058e-02	-7.854223423063623477e-02	6.145566754115174696e-02	-6.851311521330512300e-02	6.027734839277475165e-02	-8.110171772723927253e-02	5.595916833928749057e-02	-8.164978090867611171e-02
-8.166388214495799991e-01	1.000000000000000222e+00	-2.594638861694978926e-01	1.327371582183906606e-01	-1.035197953261429854e-01	2.426265251506591891e-01	-4.057112648289439849e-01	1.634149560619748975e-01	-1.340515199911404554e-01	1.179711305418212342e-01	-1.449706344614754561e-01	1.802947340702507339e-01	-1.359582685978811822e-01	1.039696132565990083e-01	-9.990369233599351306e-02	4.852463373002190161e-02	-5.041945752388816981e-02	1.150664363595469974e-01	-8.019230969784722773e-02	8.570888618800694136e-02	-5.658351803122355084e-02	5.249016193630579724e-02	-6.941642424759901508e-02	8.802598287578201897e-02	-7.512365974383056200e-02	6.715559127659867511e-02	-6.323364890671388794e-02	5.579222614646633938e-02	-5.937416120316057339e-02	6.184732708804869389e-02	-5.327332660905120115e-02	4.476323374816584127e-02	-5.973492864266590624e-02	6.487134868681072863e-02	-5.108602551899724120e-02	5.609311707393691698e-02	-5.007619913204822831e-02	6.647593165410631277e-02	-4.618274512983187169e-02	6.708529790566367113e-02
2.038132323563183190e-01	-2.594638861694978926e-01	1.000000000000000000e+00	-5.744533684046543298e-01	2.744915192233784995e-01	-1.798388808414294882e-01	2.000704984934206510e-01	-4.185058528673671341e-01	3.023297662251340778e-01	-3.350103221180960045e-01	1.155118660461403740e-01	-1.600645924844703305e-01	2.573367411805161376e-01	-2.396534404257724959e-01	2.169589125913208572e-01	-8.155017200533222488e-02	8.350605668227428779e-02	-2.659901466543310167e-01	1.789414485142114264e-01	-1.973545329861065567e-01	1.122272190497918820e-01	-1.057080541438812915e-01	1.459707700669892194e-01	-2.001253821899004470e-01	1.642987726246144253e-01	-1.407619766552242746e-01	1.311944039197300016e-01	-1.196234359713849449e-01	1.316365748348590214e-01	-1.389766203128713629e-01	1.121451656939462388e-01	-9.509161493396463272e-02	1.272765673058903202e-01	-1.455379575779999490e-01	1.137603379215983007e-01	-1.225683830667536334e-01	1.069660120217242744e-01	-1.496748623336154049e-01	1.032896061547427941e-01	-1.517719858107970665e-01
-1.405349456393670260e-01	1.327371582183906606e-01	-5.744533684046543298e-01	1.000000000000000000e+00	-5.891198089492232226e-01	1.103297127128622934e-01	-1.317881722428656810e-01	2.254389681816287294e-01	-4.102579709852674505e-01	3.078500591383057650e-01	-7.548359759028297478e-02	1.004422046358632858e-01	-1.960153219116630430e-01	1.873567679898926752e-01	-1.852562926426024326e-01	5.449782933467881008e-02	-5.657833517639648813e-02	1.745427298160379948e-01	-1.321263950885372407e-01	1.414508427401654778e-01	-7.718669490559892932e-02	7.191599653440947093e-02	-1.011050080173346022e-01	1.363224571404241525e-01	-1.187515156016261397e-01	9.370967774858822430e-02	-9.063015658088573179e-02	8.153323027624648223e-02	-9.036795191635371705e-02	9.448961439216482794e-02	-7.730119598045102902e-02	6.488884208339072701e-02	-8.776616729510267056e-02	9.705776541531914436e-02	-7.721037269978049677e-02	8.079752340128096288e-02	-7.287929753072119876e-02	9.820093087320205805e-02	-6.886587658496619302e-02	1.001161377661261287e-01
1.079264228310413964e-01	-1.035197953261429854e-01	2.744915192233784995e-01	-5.891198089492232226e-01	1.000000000000000000e+00	-9.838046888070342555e-02	1.101876895917823784e-01	-1.896322351872418432e-01	2.788382914406002389e-01	-6.658859637147699351e-01	6.743740052475306890e-02	-9.162188394075304609e-02	1.677205109555549301e-01	-1.831115536407726119e-01	1.946008714098140802e-01	-5.655451001755831125e-02	5.828640609274313850e-02	-1.851985611362044204e-01	1.353250294335404669e-01	-1.547171639524097808e-01	8.117517460886780611e-02	-7.597630838429997313e-02	1.061945920215551092e-01	-1.470782516978598187e-01	1.255515281263138994e-01	-1.008483165259842218e-01	9.582391858215361102e-02	-8.701703210883537931e-02	9.705761251279462765e-02	-1.027664350260547310e-01	8.217845893704338323e-02	-6.933805616359306478e-02	9.333930493284457730e-02	-1.059426557425123816e-01	8.372047100252576202e-02	-8.824395740886523121e-02	7.821951212173057499e-02	-1.080677283185127319e-01	7.518599875327207360e-02	-1.102400204137007067e-01
-3.449466535644829523e-01	2.426265251506591891e-01	-1.798388808414294882e-01	1.103297127128622934e-01	-9.838046888070342555e-02	9.999999999999997780e-01	-6.282644900639572372e-01	1.820405168933847684e-01	-1.470254484833223574e-01	1.102600651301737233e-01	-5.431239085762628038e-01	3.164624922544816976e-01	-1.689495491942464567e-01	1.123069005898828382e-01	-1.095619342276315522e-01	6.299969573547335722e-02	-6.734856631759073009e-02	1.196342095396436822e-01	-8.588412136089189353e-02	8.927148913155706633e-02	-6.533673216359286995e-02	6.001729945040511910e-02	-7.685569256442618957e-02	9.138726262027442593e-02	-8.027263945745266582e-02	7.317356539883139444e-02	-7.021124733453872058e-02	6.037287814281607629e-02	-6.251359362334266145e-02	6.423700718542792176e-02	-5.810707187692360637e-02	4.847241522847884482e-02	-6.477437955108689138e-02	6.714763486452698937e-02	-5.325974842125272973e-02	5.854562144919087802e-02	-5.362373246798309012e-02	6.817776781994684676e-02	-4.781664711809520407e-02	6.863245087411029566e-02
2.827291081917833737e-01	-4.057112648289439849e-01	2.000704984934206510e-01	-1.317881722428656810e-01	1.101876895917823784e-01	-6.282644900639572372e-01	9.999999999999996669e-01	-2.981381471271360439e-01	1.662178999948161207e-01	-1.316898496857210610e-01	2.778103126666118805e-01	-4.321629475862289738e-01	1.938545140166305636e-01	-1.348766795375980765e-01	1.235324746073167557e-01	-7.334694208552340611e-02	7.609843251880529791e-02	-1.450091753232375935e-01	1.005730723433326396e-01	-1.055299952687772519e-01	7.413094529482779083e-02	-6.919670562444374395e-02	8.813992392051479829e-02	-1.083750234807146912e-01	9.236005835143809573e-02	-8.517491674385729850e-02	8.006221965989848699e-02	-6.988420184856616868e-02	7.303618344171870780e-02	-7.545949043554138480e-02	6.638057715327588815e-02	-5.577313550758468408e-02	7.431595785757370842e-02	-7.910631006274561339e-02	6.229318138605088179e-02	-6.832857961688673654e-02	6.154406916167026731e-02	-8.057233543762283567e-02	5.620397547693255225e-02	-8.115272538765491706e-02
-1.684650077394210521e-01	1.634149560619748975e-01	-4.185058528673671341e-01	2.254389681816287294e-01	-1.896322351872418432e-01	1.820405168933847684e-01	-2.981381471271360439e-01	9.999999999999991118e-01	-4.243656107893678531e-01	2.179329455649949010e-01	-1.263704792481637751e-01	1.668663168939444330e-01	-6.397028084680255189e-01	2.579328132936751228e-01	-2.170105534922615320e-01	6.895570747171653192e-02	-7.251086692564674696e-02	2.259947458533121400e-01	-1.697994294444716556e-01	1.670931061025065500e-01	-9.380306574776188511e-02	8.759417863947691063e-02	-1.251766335928152785e-01	1.612229140377895165e-01	-1.401830875862969672e-01	1.100017557072262009e-01	-1.085953795128373894e-01	9.719896678125640455e-02	-1.063550990102003213e-01	1.092962099086403210e-01	-9.107028064248558208e-02	7.632204721659242852e-02	-1.040698210876071367e-01	1.117496899207599675e-01	-8.921025321202170899e-02	9.187648464647148183e-02	-8.431550824016358081e-02	1.116458744922811941e-01	-7.905080565843086715e-02	1.137527334227079329e-01
1.396266390520029821e-01	-1.340515199911404554e-01	3.023297662251340778e-01	-4.102579709852674505e-01	2.788382914406002389e-01	-1.470254484833223574e-01	1.662178999948161207e-01	-4.243656107893678531e-01	9.999999999999995559e-01	-4.657729231991584173e-01	9.953858063668549749e-02	-1.375544810091546832e-01	2.881573213008097878e-01	-4.273888663086151118e-01	2.723110109397884337e-01	-8.012429984540629657e-02	8.277077250438036327e-02	-2.837968812885359737e-01	2.168572377970188481e-01	-2.293743769629732199e-01	1.139997685806857092e-01	-1.076482633013389617e-01	1.524075010960748711e-01	-2.185479354015331666e-01	1.787359130533453244e-01	-1.396282806865442594e-01	1.344054953078501757e-01	-1.230452643467123131e-01	1.386093749681744647e-01	-1.447937198932614800e-01	1.138975404256748064e-01	-9.632410285260398219e-02	1.306865435873296177e-01	-1.481676644605354198e-01	1.168966487060579262e-01	-1.191814277772994118e-01	1.068826179419815059e-01	-1.485244880637481557e-01	1.042809001243424349e-01	-1.518762958093348159e-01
-1.335936035925621435e-01	1.179711305418212342e-01	-3.350103221180960045e-01	3.078500591383057650e-01	-6.658859637147699351e-01	1.102600651301737233e-01	-1.316898496857210610e-01	2.179329455649949010e-01	-4.657729231991584173e-01	9.999999999999986677e-01	-7.836036668554613449e-02	1.030950334851934991e-01	-2.167498870806755240e-01	2.285804745491336887e-01	-3.167055157233847895e-01	6.296457740567429351e-02	-6.590571756938665149e-02	1.992669749899325660e-01	-1.639177773288314488e-01	1.819056200197833317e-01	-9.217379256754255901e-02	8.514196449968776392e-02	-1.211560945384066584e-01	1.622178907460273545e-01	-1.512038969165166724e-01	1.097360372325570099e-01	-1.090384649293561353e-01	9.718504314932943644e-02	-1.088176078778585187e-01	1.137700116185293847e-01	-9.322725609266536984e-02	7.763110769354675256e-02	-1.057552368840483370e-01	1.144934103015390753e-01	-9.269417834349168162e-02	9.449543506902241541e-02	-8.745294048883742177e-02	1.144624577154396139e-01	-8.131977441185085642e-02	1.174709376200121780e-01
1.696085944112137311e-01	-1.449706344614754561e-01	1.155118660461403740e-01	-7.548359759028297478e-02	6.743740052475306890e-02	-5.431239085762628038e-01	2.778103126666118805e-01	-1.263704792481637751e-01	9.953858063668549749e-02	-7.836036668554613449e-02	9.999999999999994449e-01	-7.607883416130912790e-01	1.232289010553930114e-01	-8.445847776102009818e-02	8.001234134416765342e-02	-7.561038466553043902e-02	7.845889343932267723e-02	-9.449329267120998299e-02	6.537590458098437030e-02	-6.804626670990911175e-02	5.845141121808968693e-02	-5.501198170745333349e-02	6.310843222230005933e-02	-7.149565552826009363e-02	6.139828543544249839e-02	-6.294279232422039794e-02	5.826211203344536238e-02	-4.931246321359961104e-02	4.909450779704346152e-02	-5.018613404764515895e-02	4.686102239056461755e-02	-3.935745520902143163e-02	5.186878156794289679e-02	-5.306336318881378633e-02	4.166523580545241495e-02	-4.684841813750655753e-02	4.255013564761307016e-02	-5.403118070937900502e-02	3.771788816847952697e-02	-5.400540838556532053e-02
-2.349634489114292291e-01	1.802947340702507339e-01	-1.600645924844703305e-01	1.004422046358632858e-01	-9.162188394075304609e-02	3.164624922544816976e-01	-4.321629475862289738e-01	1.668663168939444330e-01	-1.375544810091546832e-01	1.030950334851934991e-01	-7.607883416130912790e-01	9.999999999999995559e-01	-1.835743363202161360e-01	1.124006052775369663e-01	-1.086034337314468329e-01	9.393943077441764544e-02	-1.120170933465525764e-01	1.218580709358833281e-01	-8.660033095095216737e-02	8.900059913221809726e-02	-7.709534090754138758e-02	7.180496360465821182e-02	-8.356816547384965377e-02	9.264270729180595909e-02	-8.107663052912518487e-02	8.096808077897396649e-02	-7.692497524924192531e-02	6.447945120767042959e-02	-6.402348648669210773e-02	6.515204380690504948e-02	-6.158925907831135776e-02	5.147954372062155115e-02	-6.820662264379456774e-02	6.858166130882359379e-02	-5.415372217185118048e-02	6.052170252762148484e-02	-5.569662063036453364e-02	6.952888927015025977e-02	-4.878721065673717605e-02	6.955439868587010022e-02
1.409175494284150010e-01	-1.359582685978811822e-01	2.573367411805161376e-01	-1.960153219116630430e-01	1.677205109555549301e-01	-1.689495491942464567e-01	1.938545140166305636e-01	-6.397028084680255189e-01	2.881573213008097878e-01	-2.167498870806755240e-01	1.232289010553930114e-01	-1.835743363202161360e-01	1.000000000000001554e+00	-4.496713638275547931e-01	2.520227407967566280e-01	-8.260113173763942995e-02	8.610348979880287634e-02	-3.592767636025498423e-01	2.250885525032389756e-01	-2.199150116993092707e-01	1.138720339203149051e-01	-1.088690492938087645e-01	1.575139579186111138e-01	-2.112560871289333453e-01	1.720956150365548221e-01	-1.354032773978783855e-01	1.326553960301756208e-01	-1.216594693225735435e-01	1.336309267032264603e-01	-1.371948394842311125e-01	1.104375417888140698e-01	-9.341161890818173996e-02	1.276015717659609860e-01	-1.401626744922353507e-01	1.107535221114365337e-01	-1.118711149739821525e-01	1.018133843811408618e-01	-1.390740801819233541e-01	9.839120501120190987e-02	-1.418788167020882396e-01
-1.167579791206278667e-01	1.039696132565990083e-01	-2.396534404257724959e-01	1.873567679898926752e-01	-1.831115536407726119e-01	1.123069005898828382e-01	-1.348766795375980765e-01	2.579328132936751228e-01	-4.273888663086151118e-01	2.285804745491336887e-01	-8.445847776102009818e-02	1.124006052775369663e-01	-4.496713638275547931e-01	9.999999999999995559e-01	-5.455953605357044545e-01	7.616753728454533912e-02	-8.058064593459372815e-02	2.810471168936917730e-01	-4.128036598461881090e-01	2.788466515486419661e-01	-1.143403555613015099e-01	1.069972513648250467e-01	-1.600587643117358516e-01	2.324825656031790921e-01	-2.081592591769494405e-01	1.319558181968623900e-01	-1.363853070489347563e-01	1.234923525864993626e-01	-1.471822783295861359e-01	1.472116334864537746e-01	-1.137274405180102727e-01	9.507518095090518317e-02	-1.326778548614058473e-01	1.434010915432740452e-01	-1.174961087540040972e-01	1.094629651846640156e-01	-1.036421163881999230e-01	1.375607498693724173e-01	-1.005695381682166628e-01	1.428889631094450996e-01
1.118601151906904040e-01	-9.990369233599351306e-02	2.169589125913208572e-01	-1.852562926426024326e-01	1.946008714098140802e-01	-1.095619342276315522e-01	1.235324746073167557e-01	-2.170105534922615320e-01	2.723110109397884337e-01	-3.167055157233847895e-01	8.001234134416765342e-02	-1.086034337314468329e-01	2.520227407967566280e-01	-5.455953605357044545e-01	9.999999999999985567e-01	-8.813045132326832731e-02	9.146447078937949837e-02	-3.319380672537654009e-01	3.011165400781686263e-01	-5.172031420497306131e-01	1.321861210269621445e-01	-1.255027100894334779e-01	1.813874104649106644e-01	-2.858189942963650365e-01	2.525191614431882003e-01	-1.610213720499205914e-01	1.589285554144621304e-01	-1.480074238343717652e-01	1.771000558596232122e-01	-1.939963300741484042e-01	1.341066547344603177e-01	-1.137921948034986003e-01	1.567316365295000902e-01	-1.844192514828477680e-01	1.486080378966290749e-01	-1.363332320792133290e-01	1.244490300052595866e-01	-1.800185043686023112e-01	1.286651569629573832e-01	-1.897428372708391819e-01
-6.026592838935271312e-02	4.852463373002190161e-02	-8.155017200533222488e-02	5.449782933467881008e-02	-5.655451001755831125e-02	6.299969573547335722e-02	-7.334694208552340611e-02	6.895570747171653192e-02	-8.012429984540629657e-02	6.296457740567429351e-02	-7.561038466553043902e-02	9.393943077441764544e-02	-8.260113173763942995e-02	7.616753728454533912e-02	-8.813045132326832731e-02	1.000000000000000000e+00	-8.647649310061553685e-01	1.336617669307077760e-01	-8.455528111616959774e-02	8.358119328349204735e-02	-3.551408171499341182e-01	2.407611865480646096e-01	-1.802001577197548388e-01	1.104132601669890745e-01	-9.246631667292649903e-02	1.932246806601246591e-01	-1.795130509555852849e-01	1.233622170735566709e-01	-8.651086978080686773e-02	8.090233671719428143e-02	-1.137448975159139480e-01	9.530111258797002716e-02	-1.183960404301246661e-01	9.235674072188830575e-02	-6.945830579108536185e-02	9.199461932504017503e-02	-8.719484952609882211e-02	9.381349552290910165e-02	-6.542189541208125181e-02	8.812921314807475870e-02
6.162883637512614476e-02	-5.041945752388816981e-02	8.350605668227428779e-02	-5.657833517639648813e-02	5.828640609274313850e-02	-6.734856631759073009e-02	7.609843251880529791e-02	-7.251086692564674696e-02	8.277077250438036327e-02	-6.590571756938665149e-02	7.845889343932267723e-02	-1.120170933465525764e-01	8.610348979880287634e-02	-8.058064593459372815e-02	9.146447078937949837e-02	-8.647649310061553685e-01	1.000000000000002220e+00	-1.514541992185454988e-01	9.006310753945789838e-02	-8.938146909494111558e-02	2.557805776823731114e-01	-3.199469612528247908e-01	1.782216815113147612e-01	-1.196569207107039262e-01	9.665402201226930279e-02	-2.103315393753863449e-01	1.738621571165838986e-01	-1.294494261565933557e-01	9.121017948500921568e-02	-8.650242212297619415e-02	1.131644992046609149e-01	-9.832400173897573592e-02	1.189848249656842022e-01	-9.928097456162492118e-02	7.383355578499781191e-02	-9.810409085512986072e-02	8.931439906319203759e-02	-1.014668940710556355e-01	6.994029065872570117e-02	-9.532213866226507681e-02
-1.369084631273485009e-01	1.150664363595469974e-01	-2.659901466543310167e-01	1.745427298160379948e-01	-1.851985611362044204e-01	1.196342095396436822e-01	-1.450091753232375935e-01	2.259947458533121400e-01	-2.837968812885359737e-01	1.992669749899325660e-01	-9.449329267120998299e-02	1.218580709358833281e-01	-3.592767636025498423e-01	2.810471168936917730e-01	-3.319380672537654009e-01	1.336617669307077760e-01	-1.514541992185454988e-01	1.000000000000001554e+00	-4.863450350677561151e-01	2.821295046062325951e-01	-2.146075044075799465e-01	2.028360295547836367e-01	-3.944227503233018739e-01	2.921233190169008620e-01	-2.810562169478337258e-01	2.149790234197789252e-01	-2.457628644151599040e-01	2.166506123173302101e-01	-2.093915470386425171e-01	1.952707729609234333e-01	-1.918946092832729544e-01	1.583878655585320983e-01	-2.288833468437267982e-01	1.980580550450004862e-01	-1.629728839157092157e-01	1.629147178987231381e-01	-1.641552888928632381e-01	1.894122075890040668e-01	-1.406275774663899025e-01	1.903510177749554999e-01
9.276305298276142641e-02	-8.019230969784722773e-02	1.789414485142114264e-01	-1.321263950885372407e-01	1.353250294335404669e-01	-8.588412136089189353e-02	1.005730723433326396e-01	-1.697994294444716556e-01	2.168572377970188481e-01	-1.639177773288314488e-01	6.537590458098437030e-02	-8.660033095095216737e-02	2.250885525032389756e-01	-4.128036598461881090e-01	3.011165400781686263e-01	-8.455528111616959774e-02	9.006310753945789838e-02	-4.863450350677561151e-01	1.000000000000001776e+00	-5.238814886605719368e-01	1.316298795165393165e-01	-1.271053292119051215e-01	2.004564797847432078e-01	-4.586602381960624975e-01	2.621949452555095705e-01	-1.477641710666802444e-01	1.594581550027230898e-01	-1.506010302081600138e-01	1.968558938862965124e-01	-1.852835657059243024e-01	1.296245714400831861e-01	-1.092225597587334757e-01	1.562586026543061057e-01	-1.752319296128924397e-01	1.407718958870350368e-01	-1.177841361659872077e-01	1.149160150993738250e-01	-1.551052832233665857e-01	1.177779264171272267e-01	-1.631842374757789260e-01
-1.005949415782084605e-01	8.570888618800694136e-02	-1.973545329861065567e-01	1.414508427401654778e-01	-1.547171639524097808e-01	8.927148913155706633e-02	-1.055299952687772519e-01	1.670931061025065500e-01	-2.293743769629732199e-01	1.819056200197833317e-01	-6.804626670990911175e-02	8.900059913221809726e-02	-2.199150116993092707e-01	2.788466515486419661e-01	-5.172031420497306131e-01	8.358119328349204735e-02	-8.938146909494111558e-02	2.821295046062325951e-01	-5.238814886605719368e-01	1.000000000000001554e+00	-1.335940126212840640e-01	1.235629504673115553e-01	-1.887618127258428591e-01	2.818646640478180698e-01	-4.790201654048936719e-01	1.501726311740534392e-01	-1.637016900234372907e-01	1.482006405297748297e-01	-1.952099108752158307e-01	2.131608846247807221e-01	-1.365790985026908988e-01	1.133413364647475607e-01	-1.620305231729979312e-01	1.777667878925131839e-01	-1.598867467956665844e-01	1.240970332159065104e-01	-1.226796281245944586e-01	1.630988909464925196e-01	-1.248012439293050002e-01	1.780095103464296724e-01
6.795553949457926179e-02	-5.658351803122355084e-02	1.122272190497918820e-01	-7.718669490559892932e-02	8.117517460886780611e-02	-6.533673216359286995e-02	7.413094529482779083e-02	-9.380306574776188511e-02	1.139997685806857092e-01	-9.217379256754255901e-02	5.845141121808968693e-02	-7.709534090754138758e-02	1.138720339203149051e-01	-1.143403555613015099e-01	1.321861210269621445e-01	-3.551408171499341182e-01	2.557805776823731114e-01	-2.146075044075799465e-01	1.316298795165393165e-01	-1.335940126212840640e-01	1.000000000000003331e+00	-5.726555517492976088e-01	2.708241754944425428e-01	-1.877098229695540466e-01	1.480385276044224596e-01	-5.534890441616673318e-01	2.830845229393940121e-01	-2.126198228235206822e-01	1.443445459705993139e-01	-1.369328520551906236e-01	1.989811507134454927e-01	-1.700376930380021190e-01	1.928773972745780052e-01	-1.601720872151010389e-01	1.173106602941325211e-01	-1.652832687837614556e-01	1.477110010249947369e-01	-1.651657632925878638e-01	1.126382398085750136e-01	-1.532911502550038663e-01
-6.330966791024081330e-02	5.249016193630579724e-02	-1.057080541438812915e-01	7.191599653440947093e-02	-7.597630838429997313e-02	6.001729945040511910e-02	-6.919670562444374395e-02	8.759417863947691063e-02	-1.076482633013389617e-01	8.514196449968776392e-02	-5.501198170745333349e-02	7.180496360465821182e-02	-1.088690492938087645e-01	1.069972513648250467e-01	-1.255027100894334779e-01	2.407611865480646096e-01	-3.199469612528247908e-01	2.028360295547836367e-01	-1.271053292119051215e-01	1.235629504673115553e-01	-5.726555517492976088e-01	1.000000000000001554e+00	-5.043697759262086855e-01	1.764485928406672455e-01	-1.405682638467399825e-01	2.931514679120102440e-01	-4.310378837680367003e-01	2.427066433936736212e-01	-1.423741665604073559e-01	1.272318271931975608e-01	-1.783104201648248455e-01	1.603099780414837250e-01	-2.028222517872173558e-01	1.475391577993201975e-01	-1.085752968200532076e-01	1.403409946284032705e-01	-1.328116247294363617e-01	1.474403682376481950e-01	-1.030997241183595203e-01	1.366089781565238415e-01
8.242137109502023495e-02	-6.941642424759901508e-02	1.459707700669892194e-01	-1.011050080173346022e-01	1.061945920215551092e-01	-7.685569256442618957e-02	8.813992392051479829e-02	-1.251766335928152785e-01	1.524075010960748711e-01	-1.211560945384066584e-01	6.310843222230005933e-02	-8.356816547384965377e-02	1.575139579186111138e-01	-1.600587643117358516e-01	1.813874104649106644e-01	-1.802001577197548388e-01	1.782216815113147612e-01	-3.944227503233018739e-01	2.004564797847432078e-01	-1.887618127258428591e-01	2.708241754944425428e-01	-5.043697759262086855e-01	1.000000000000001110e+00	-3.037123034387632092e-01	2.046105332763398787e-01	-3.107844656150630103e-01	3.105553742015212948e-01	-4.703275220895344333e-01	2.143929237147989553e-01	-1.913800669628465401e-01	2.028303798747790043e-01	-1.952929393834388905e-01	2.644010302492083575e-01	-2.213232645796033848e-01	1.582378462505184269e-01	-1.824138740265152103e-01	1.655597854719369766e-01	-2.159952083867439643e-01	1.498530541000883676e-01	-2.007662976289848189e-01
-1.052518020524772918e-01	8.802598287578201897e-02	-2.001253821899004470e-01	1.363224571404241525e-01	-1.470782516978598187e-01	9.138726262027442593e-02	-1.083750234807146912e-01	1.612229140377895165e-01	-2.185479354015331666e-01	1.622178907460273545e-01	-7.149565552826009363e-02	9.264270729180595909e-02	-2.112560871289333453e-01	2.324825656031790921e-01	-2.858189942963650365e-01	1.104132601669890745e-01	-1.196569207107039262e-01	2.921233190169008620e-01	-4.586602381960624975e-01	2.818646640478180698e-01	-1.877098229695540466e-01	1.764485928406672455e-01	-3.037123034387632092e-01	9.999999999999985567e-01	-4.029626636773156467e-01	2.002103279369051581e-01	-2.406499121039805122e-01	2.260367230900610647e-01	-4.762681329553770104e-01	2.697899692810180050e-01	-1.924057094883455110e-01	1.597931593707858089e-01	-2.426133856905361708e-01	2.625535912357266355e-01	-2.191139966578320164e-01	1.589983174123337784e-01	-1.654968498606396166e-01	2.107495767924494334e-01	-1.779060212371124383e-01	2.218218088738564964e-01
8.823304270536011518e-02	-7.512365974383056200e-02	1.642987726246144253e-01	-1.187515156016261397e-01	1.255515281263138994e-01	-8.027263945745266582e-02	9.236005835143809573e-02	-1.401830875862969672e-01	1.787359130533453244e-01	-1.512038969165166724e-01	6.139828543544249839e-02	-8.107663052912518487e-02	1.720956150365548221e-01	-2.081592591769494405e-01	2.525191614431882003e-01	-9.246631667292649903e-02	9.665402201226930279e-02	-2.810562169478337258e-01	2.621949452555095705e-01	-4.790201654048936719e-01	1.480385276044224596e-01	-1.405682638467399825e-01	2.046105332763398787e-01	-4.029626636773156467e-01	9.999999999999984457e-01	-1.790426731537480831e-01	1.880728149288963813e-01	-1.855159521101583942e-01	2.781026521299910237e-01	-5.253503364712955870e-01	1.588695927485716808e-01	-1.364122567944665854e-01	1.957070908805358667e-01	-2.760233706401283849e-01	2.552466444970210024e-01	-1.513396166477554150e-01	1.449981780417508304e-01	-2.452499838019532863e-01	1.869141708438180061e-01	-3.048230423667389055e-01
-8.185618382982322305e-02	6.715559127659867511e-02	-1.407619766552242746e-01	9.370967774858822430e-02	-1.008483165259842218e-01	7.317356539883139444e-02	-8.517491674385729850e-02	1.100017557072262009e-01	-1.396282806865442594e-01	1.097360372325570099e-01	-6.294279232422039794e-02	8.096808077897396649e-02	-1.354032773978783855e-01	1.319558181968623900e-01	-1.610213720499205914e-01	1.932246806601246591e-01	-2.103315393753863449e-01	2.149790234197789252e-01	-1.477641710666802444e-01	1.501726311740534392e-01	-5.534890441616673318e-01	2.931514679120102440e-01	-3.107844656150630103e-01	2.002103279369051581e-01	-1.790426731537480831e-01	1.000000000000000666e+00	-4.649046166720550710e-01	2.522836855337959872e-01	-1.697934367879880557e-01	1.550092959755988709e-01	-4.050571795333660630e-01	2.500974833957843035e-01	-2.828402644985862913e-01	1.800139477957760636e-01	-1.362660038548772490e-01	2.075858730244507233e-01	-2.183263861981767084e-01	1.837796522062024596e-01	-1.297428146092340917e-01	1.687711176403108859e-01
7.556363328296079873e-02	-6.323364890671388794e-02	1.311944039197300016e-01	-9.063015658088573179e-02	9.582391858215361102e-02	-7.021124733453872058e-02	8.006221965989848699e-02	-1.085953795128373894e-01	1.344054953078501757e-01	-1.090384649293561353e-01	5.826211203344536238e-02	-7.692497524924192531e-02	1.326553960301756208e-01	-1.363853070489347563e-01	1.589285554144621304e-01	-1.795130509555852849e-01	1.738621571165838986e-01	-2.457628644151599040e-01	1.594581550027230898e-01	-1.637016900234372907e-01	2.830845229393940121e-01	-4.310378837680367003e-01	3.105553742015212948e-01	-2.406499121039805122e-01	1.880728149288963813e-01	-4.649046166720550710e-01	9.999999999999987788e-01	-4.969081795304349791e-01	2.052946654681183647e-01	-1.863706433165488729e-01	2.580401164880499754e-01	-3.087560304573702674e-01	2.943497497801058072e-01	-2.238452914493184454e-01	1.571329206490063302e-01	-2.198890644136650419e-01	1.958900360242946392e-01	-2.254423195647544120e-01	1.532137460625595804e-01	-2.040492655379571585e-01
-6.689996373048381906e-02	5.579222614646633938e-02	-1.196234359713849449e-01	8.153323027624648223e-02	-8.701703210883537931e-02	6.037287814281607629e-02	-6.988420184856616868e-02	9.719896678125640455e-02	-1.230452643467123131e-01	9.718504314932943644e-02	-4.931246321359961104e-02	6.447945120767042959e-02	-1.216594693225735435e-01	1.234923525864993626e-01	-1.480074238343717652e-01	1.233622170735566709e-01	-1.294494261565933557e-01	2.166506123173302101e-01	-1.506010302081600138e-01	1.482006405297748297e-01	-2.126198228235206822e-01	2.427066433936736212e-01	-4.703275220895344333e-01	2.260367230900610647e-01	-1.855159521101583942e-01	2.522836855337959872e-01	-4.969081795304349791e-01	1.000000000000000444e+00	-2.900359705763939644e-01	1.838258755324196914e-01	-2.285416788162322466e-01	2.335041431877385165e-01	-5.575811906577902155e-01	2.214078806109746334e-01	-1.550397736908891433e-01	1.693227870062316287e-01	-1.681002168062830648e-01	2.021229228203533512e-01	-1.492247050407299047e-01	1.799164439848714436e-01
7.100052264482734077e-02	-5.937416120316057339e-02	1.316365748348590214e-01	-9.036795191635371705e-02	9.705761251279462765e-02	-6.251359362334266145e-02	7.303618344171870780e-02	-1.063550990102003213e-01	1.386093749681744647e-01	-1.088176078778585187e-01	4.909450779704346152e-02	-6.402348648669210773e-02	1.336309267032264603e-01	-1.471822783295861359e-01	1.771000558596232122e-01	-8.651086978080686773e-02	9.121017948500921568e-02	-2.093915470386425171e-01	1.968558938862965124e-01	-1.952099108752158307e-01	1.443445459705993139e-01	-1.423741665604073559e-01	2.143929237147989553e-01	-4.762681329553770104e-01	2.781026521299910237e-01	-1.697934367879880557e-01	2.052946654681183647e-01	-2.900359705763939644e-01	1.000000000000001332e+00	-4.873639763234487998e-01	1.602572960316923090e-01	-1.439741526273540795e-01	2.287167441315540728e-01	-5.319529490931746984e-01	2.608722221478811942e-01	-1.350283513900120969e-01	1.377696943350934788e-01	-2.422008643725525601e-01	2.158184031096229138e-01	-2.560624721516439051e-01
-7.428601575336532536e-02	6.184732708804869389e-02	-1.389766203128713629e-01	9.448961439216482794e-02	-1.027664350260547310e-01	6.423700718542792176e-02	-7.545949043554138480e-02	1.092962099086403210e-01	-1.447937198932614800e-01	1.137700116185293847e-01	-5.018613404764515895e-02	6.515204380690504948e-02	-1.371948394842311125e-01	1.472116334864537746e-01	-1.939963300741484042e-01	8.090233671719428143e-02	-8.650242212297619415e-02	1.952707729609234333e-01	-1.852835657059243024e-01	2.131608846247807221e-01	-1.369328520551906236e-01	1.272318271931975608e-01	-1.913800669628465401e-01	2.697899692810180050e-01	-5.253503364712955870e-01	1.550092959755988709e-01	-1.863706433165488729e-01	1.838258755324196914e-01	-4.873639763234487998e-01	1.000000000000000888e+00	-1.542392180517241917e-01	1.297141587250384975e-01	-2.013448363642268701e-01	2.825788761305034202e-01	-5.090132496670525253e-01	1.291315630191167685e-01	-1.358904705336429763e-01	2.058286932060495178e-01	-1.929729036778744800e-01	2.818560263779304464e-01
6.377473233632420524e-02	-5.327332660905120115e-02	1.121451656939462388e-01	-7.730119598045102902e-02	8.217845893704338323e-02	-5.810707187692360637e-02	6.638057715327588815e-02	-9.107028064248558208e-02	1.138975404256748064e-01	-9.322725609266536984e-02	4.686102239056461755e-02	-6.158925907831135776e-02	1.104375417888140698e-01	-1.137274405180102727e-01	1.341066547344603177e-01	-1.137448975159139480e-01	1.131644992046609149e-01	-1.918946092832729544e-01	1.296245714400831861e-01	-1.365790985026908988e-01	1.989811507134454927e-01	-1.783104201648248455e-01	2.028303798747790043e-01	-1.924057094883455110e-01	1.588695927485716808e-01	-4.050571795333660630e-01	2.580401164880499754e-01	-2.285416788162322466e-01	1.602572960316923090e-01	-1.542392180517241917e-01	9.999999999999993339e-01	-6.877212588509138413e-01	2.800814532114345168e-01	-1.947786822851433342e-01	1.368617964097577355e-01	-3.409864799910010680e-01	2.626849168761103415e-01	-2.131883993641011665e-01	1.391139145111613407e-01	-1.845479175941961980e-01
-5.379553570358372450e-02	4.476323374816584127e-02	-9.509161493396463272e-02	6.488884208339072701e-02	-6.933805616359306478e-02	4.847241522847884482e-02	-5.577313550758468408e-02	7.632204721659242852e-02	-9.632410285260398219e-02	7.763110769354675256e-02	-3.935745520902143163e-02	5.147954372062155115e-02	-9.341161890818173996e-02	9.507518095090518317e-02	-1.137921948034986003e-01	9.530111258797002716e-02	-9.832400173897573592e-02	1.583878655585320983e-01	-1.092225597587334757e-01	1.133413364647475607e-01	-1.700376930380021190e-01	1.603099780414837250e-01	-1.952929393834388905e-01	1.597931593707858089e-01	-1.364122567944665854e-01	2.500974833957843035e-01	-3.087560304573702674e-01	2.335041431877385165e-01	-1.439741526273540795e-01	1.297141587250384975e-01	-6.877212588509138413e-01	1.000000000000000666e+00	-4.638984472202036247e-01	1.658904694943787728e-01	-1.167363053973922704e-01	2.562997613574364841e-01	-3.391031729651318716e-01	1.767876831155748008e-01	-1.205087256440995069e-01	1.488117362589287396e-01
7.136123773514430058e-02	-5.973492864266590624e-02	1.272765673058903202e-01	-8.776616729510267056e-02	9.333930493284457730e-02	-6.477437955108689138e-02	7.431595785757370842e-02	-1.040698210876071367e-01	1.306865435873296177e-01	-1.057552368840483370e-01	5.186878156794289679e-02	-6.820662264379456774e-02	1.276015717659609860e-01	-1.326778548614058473e-01	1.567316365295000902e-01	-1.183960404301246661e-01	1.189848249656842022e-01	-2.288833468437267982e-01	1.562586026543061057e-01	-1.620305231729979312e-01	1.928773972745780052e-01	-2.028222517872173558e-01	2.644010302492083575e-01	-2.426133856905361708e-01	1.957070908805358667e-01	-2.828402644985862913e-01	2.943497497801058072e-01	-5.575811906577902155e-01	2.287167441315540728e-01	-2.013448363642268701e-01	2.800814532114345168e-01	-4.638984472202036247e-01	1.000000000000001110e+00	-2.971055033908804321e-01	1.791268964568299982e-01	-2.293610124800513073e-01	2.125883132861055014e-01	-3.114659925984261668e-01	1.950644072877154023e-01	-2.300103046402310614e-01
-7.854223423063623477e-02	6.487134868681072863e-02	-1.455379575779999490e-01	9.705776541531914436e-02	-1.059426557425123816e-01	6.714763486452698937e-02	-7.910631006274561339e-02	1.117496899207599675e-01	-1.481676644605354198e-01	1.144934103015390753e-01	-5.306336318881378633e-02	6.858166130882359379e-02	-1.401626744922353507e-01	1.434010915432740452e-01	-1.844192514828477680e-01	9.235674072188830575e-02	-9.928097456162492118e-02	1.980580550450004862e-01	-1.752319296128924397e-01	1.777667878925131839e-01	-1.601720872151010389e-01	1.475391577993201975e-01	-2.213232645796033848e-01	2.625535912357266355e-01	-2.760233706401283849e-01	1.800139477957760636e-01	-2.238452914493184454e-01	2.214078806109746334e-01	-5.319529490931746984e-01	2.825788761305034202e-01	-1.947786822851433342e-01	1.658904694943787728e-01	-2.971055033908804321e-01	1.000000000000000888e+00	-3.896768316549328315e-01	1.519726811462377425e-01	-1.678551917600201449e-01	2.929576383870061695e-01	-4.614101385649748699e-01	2.931998989639427178e-01
6.145566754115174696e-02	-5.108602551899724120e-02	1.137603379215983007e-01	-7.721037269978049677e-02	8.372047100252576202e-02	-5.325974842125272973e-02	6.229318138605088179e-02	-8.921025321202170899e-02	1.168966487060579262e-01	-9.269417834349168162e-02	4.166523580545241495e-02	-5.415372217185118048e-02	1.107535221114365337e-01	-1.174961087540040972e-01	1.486080378966290749e-01	-6.945830579108536185e-02	7.383355578499781191e-02	-1.629728839157092157e-01	1.407718958870350368e-01	-1.598867467956665844e-01	1.173106602941325211e-01	-1.085752968200532076e-01	1.582378462505184269e-01	-2.191139966578320164e-01	2.552466444970210024e-01	-1.362660038548772490e-01	1.571329206490063302e-01	-1.550397736908891433e-01	2.608722221478811942e-01	-5.090132496670525253e-01	1.368617964097577355e-01	-1.167363053973922704e-01	1.791268964568299982e-01	-3.896768316549328315e-01	1.000000000000001110e+00	-1.173061985571733634e-01	1.233143543448626672e-01	-2.525499583027465134e-01	2.445275262806331229e-01	-6.546834611640570678e-01
-6.851311521330512300e-02	5.609311707393691698e-02	-1.225683830667536334e-01	8.079752340128096288e-02	-8.824395740886523121e-02	5.854562144919087802e-02	-6.832857961688673654e-02	9.187648464647148183e-02	-1.191814277772994118e-01	9.449543506902241541e-02	-4.684841813750655753e-02	6.052170252762148484e-02	-1.118711149739821525e-01	1.094629651846640156e-01	-1.363332320792133290e-01	9.199461932504017503e-02	-9.810409085512986072e-02	1.629147178987231381e-01	-1.177841361659872077e-01	1.240970332159065104e-01	-1.652832687837614556e-01	1.403409946284032705e-01	-1.824138740265152103e-01	1.589983174123337784e-01	-1.513396166477554150e-01	2.075858730244507233e-01	-2.198890644136650419e-01	1.693227870062316287e-01	-1.350283513900120969e-01	1.291315630191167685e-01	-3.409864799910010680e-01	2.562997613574364841e-01	-2.293610124800513073e-01	1.519726811462377425e-01	-1.173061985571733634e-01	1.000000000000001332e+00	-8.256020077337775653e-01	1.693595461903437127e-01	-1.168273119869778637e-01	1.480028989994912059e-01
6.027734839277475165e-02	-5.007619913204822831e-02	1.069660120217242744e-01	-7.287929753072119876e-02	7.821951212173057499e-02	-5.362373246798309012e-02	6.154406916167026731e-02	-8.431550824016358081e-02	1.068826179419815059e-01	-8.745294048883742177e-02	4.255013564761307016e-02	-5.569662063036453364e-02	1.018133843811408618e-01	-1.036421163881999230e-01	1.244490300052595866e-01	-8.719484952609882211e-02	8.931439906319203759e-02	-1.641552888928632381e-01	1.149160150993738250e-01	-1.226796281245944586e-01	1.477110010249947369e-01	-1.328116247294363617e-01	1.655597854719369766e-01	-1.654968498606396166e-01	1.449981780417508304e-01	-2.183263861981767084e-01	1.958900360242946392e-01	-1.681002168062830648e-01	1.377696943350934788e-01	-1.358904705336429763e-01	2.626849168761103415e-01	-3.391031729651318716e-01	2.125883132861055014e-01	-1.678551917600201449e-01	1.233143543448626672e-01	-8.256020077337775653e-01	1.000000000000001110e+00	-2.037704478997723612e-01	1.287961384126608544e-01	-1.675723913607162496e-01
-8.110171772723927253e-02	6.647593165410631277e-02	-1.496748623336154049e-01	9.820093087320205805e-02	-1.080677283185127319e-01	6.817776781994684676e-02	-8.057233543762283567e-02	1.116458744922811941e-01	-1.485244880637481557e-01	1.144624577154396139e-01	-5.403118070937900502e-02	6.952888927015025977e-02	-1.390740801819233541e-01	1.375607498693724173e-01	-1.800185043686023112e-01	9.381349552290910165e-02	-1.014668940710556355e-01	1.894122075890040668e-01	-1.551052832233665857e-01	1.630988909464925196e-01	-1.651657632925878638e-01	1.474403682376481950e-01	-2.159952083867439643e-01	2.107495767924494334e-01	-2.452499838019532863e-01	1.837796522062024596e-01	-2.254423195647544120e-01	2.021229228203533512e-01	-2.422008643725525601e-01	2.058286932060495178e-01	-2.131883993641011665e-01	1.767876831155748008e-01	-3.114659925984261668e-01	2.929576383870061695e-01	-2.525499583027465134e-01	1.693595461903437127e-01	-2.037704478997723612e-01	1.000000000000001776e+00	-7.043021509055558127e-01	2.755648876808889369e-01
5.595916833928749057e-02	-4.618274512983187169e-02	1.032896061547427941e-01	-6.886587658496619302e-02	7.518599875327207360e-02	-4.781664711809520407e-02	5.620397547693255225e-02	-7.905080565843086715e-02	1.042809001243424349e-01	-8.131977441185085642e-02	3.771788816847952697e-02	-4.878721065673717605e-02	9.839120501120190987e-02	-1.005695381682166628e-01	1.286651569629573832e-01	-6.542189541208125181e-02	6.994029065872570117e-02	-1.406275774663899025e-01	1.177779264171272267e-01	-1.248012439293050002e-01	1.126382398085750136e-01	-1.030997241183595203e-01	1.498530541000883676e-01	-1.779060212371124383e-01	1.869141708438180061e-01	-1.297428146092340917e-01	1.532137460625595804e-01	-1.492247050407299047e-01	2.158184031096229138e-01	-1.929729036778744800e-01	1.391139145111613407e-01	-1.205087256440995069e-01	1.950644072877154023e-01	-4.614101385649748699e-01	2.445275262806331229e-01	-1.168273119869778637e-01	1.287961384126608544e-01	-7.043021509055558127e-01	1.000000000000001776e+00	-4.139139065961455199e-01
