1.000000000000000000e+00	-2.997371231057920360e-01	1.385586262664053603e-01	-3.119824052728946071e-02	3.116813188551359470e-02	-8.293206716129616352e-01	2.066155730676211277e-01	-1.407025531385935613e-01	8.232262675289080123e-02	-9.672333495667444214e-02	2.339054752826491002e-01	-1.578426463707466032e-01	1.454626316634160255e-01	-6.146992639365229244e-02	6.163921573949278365e-02	-2.733687768233801774e-01	1.411390631419142949e-01	-1.140408243819407141e-01	7.526132941036262070e-02	-5.709682661169447615e-02	6.381185202143524471e-02	-7.179536531733964055e-02	9.180821373602345015e-02	-1.040191449842425980e-01	6.413524601507794576e-02	-6.207353193529033253e-02	6.980311221095308882e-02	-8.446829070914126103e-02	8.295175802590472325e-02	-7.334960396040780817e-02	5.585362969167637776e-02	-6.029119273474756874e-02	7.935041520617949762e-02	-6.684724995215622634e-02	4.481783382102912106e-02	-8.195354030212922969e-02	4.853244006597942639e-02	-5.289711631564782135e-02	6.181976762650394364e-02	-5.976097981544117865e-02
-2.997371231057920360e-01	1.000000000000000000e+00	-4.217652287451959525e-01	5.083612389645416479e-02	-5.182345994472935258e-02	2.022540162899078842e-01	-7.399753776057651500e-01	2.798559884055757396e-01	-9.670777742651839870e-02	9.867117595467940483e-02	-1.169430257935600292e-01	2.063902238584610083e-01	-1.959703124033413957e-01	6.314014828160836867e-02	-5.808887001587779986e-02	1.227669900232140898e-01	-1.706146006326442199e-01	1.182058436749875568e-01	-6.988085643316667428e-02	5.126348900819540505e-02	-4.800906902567086965e-02	5.625815567405221401e-02	-8.275721916600969896e-02	8.159649604746771479e-02	-5.311405679383545547e-02	4.618678700715921071e-02	-5.452908453987551085e-02	7.098063734536784464e-02	-6.658213137711628538e-02	5.811362421793699745e-02	-4.166614084742672336e-02	4.561878176127173029e-02	-6.078736527468422274e-02	5.101454022718567710e-02	-3.496462419589513315e-02	5.890269121971594690e-02	-3.596191823961327610e-02	3.895310819769807337e-02	-4.705395054059349075e-02	4.592337047075454454e-02
1.385586262664053603e-01	-4.217652287451959525e-01	1.000000000000000444e+00	-9.901762381941013602e-02	8.844945424175128246e-02	-1.319096795000813949e-01	2.722949775521961158e-01	-8.193404528366837747e-01	1.385966790824479378e-01	-1.431980089855307003e-01	7.803521248665951093e-02	-1.371466764099827096e-01	1.344527219688876896e-01	-8.391117704539985400e-02	6.905577287420870680e-02	-8.624410051322234372e-02	1.058404086123445192e-01	-8.887881770280293969e-02	7.649970239725578658e-02	-5.757009901531945362e-02	3.871696418968483683e-02	-4.546331745009439540e-02	6.446445258496974473e-02	-7.502044202616303670e-02	5.331922904046805523e-02	-3.787018653675294083e-02	4.452482735626472898e-02	-5.784329305126092308e-02	5.758126305449785820e-02	-5.675988994860053233e-02	3.447145277330877083e-02	-3.781789232757339775e-02	5.063556205831209328e-02	-4.424022860281898867e-02	3.313875623435501988e-02	-4.942077723351379070e-02	3.044982225754343241e-02	-3.313742842806367828e-02	4.100968861164790841e-02	-4.354025210986392502e-02
-3.119824052728946071e-02	5.083612389645416479e-02	-9.901762381941013602e-02	1.000000000000000444e+00	-9.802203655099779311e-01	2.875461901898271333e-02	-4.500251713798139597e-02	8.162757766873218745e-02	-1.017211945871131229e-01	1.042820295671105235e-01	-2.097876841673562351e-02	2.932885763643425583e-02	-3.318848954656750116e-02	5.024432145354574414e-02	-4.807933677580071563e-02	2.240231965107701215e-02	-2.680289835749792224e-02	2.426658186334364198e-02	-4.868188787595293526e-02	3.373530622234521825e-02	-1.375057639814323586e-02	1.552675428353360830e-02	-2.168803002376509456e-02	3.184702459508256811e-02	-2.809443150669379760e-02	1.337935999622991146e-02	-1.610762940675691118e-02	1.982608636119431722e-02	-2.361421979650526332e-02	2.661133472769251079e-02	-1.262945186755450727e-02	1.381017471328507482e-02	-1.938062157222351922e-02	1.752002876583885066e-02	-1.520913540934913308e-02	1.787282144868202263e-02	-1.164450439471521707e-02	1.257827934030441436e-02	-1.682165082984389201e-02	1.938197261915351050e-02
3.116813188551359470e-02	-5.182345994472935258e-02	8.844945424175128246e-02	-9.802203655099779311e-01	1.000000000000000444e+00	-2.934341118307121771e-02	4.463024286618814257e-02	-8.442478945817548375e-02	9.428625288031791674e-02	-1.178865936156550803e-01	2.109478407871528613e-02	-2.957995476658887429e-02	3.307519414931715113e-02	-5.014259900941936410e-02	4.757733195197532544e-02	-2.269288427473494310e-02	2.677907468985751133e-02	-2.435275215742080737e-02	4.758413986082919017e-02	-3.384751021200416154e-02	1.380277664782369150e-02	-1.561310401899174659e-02	2.171367542865128980e-02	-3.212110217091460745e-02	2.806430377772824517e-02	-1.346217562384711096e-02	1.616550171489869112e-02	-1.992478180384395572e-02	2.366373960544130087e-02	-2.686441671504577119e-02	1.269447832358371400e-02	-1.388484777548048416e-02	1.943441158375588604e-02	-1.763140811915485731e-02	1.531489954670823238e-02	-1.802727807894801554e-02	1.170857825409584232e-02	-1.266521743486848789e-02	1.689227073142853322e-02	-1.959058985456554186e-02
-8.293206716129616352e-01	2.022540162899078842e-01	-1.319096795000813949e-01	2.875461901898271333e-02	-2.934341118307121771e-02	9.999999999999998890e-01	-2.185253610401106383e-01	1.214376874063246847e-01	-7.651656177824471550e-02	8.409761950106404982e-02	-3.582282566141259950e-01	1.434221740329079398e-01	-1.506880604798307710e-01	5.595815680389411989e-02	-5.655990266115594467e-02	2.369600590336794765e-01	-1.420016610768025933e-01	1.075464415920728833e-01	-7.021051444696921329e-02	5.171438115133147190e-02	-5.914328089859138132e-02	6.546087489091040323e-02	-8.743783242922976984e-02	9.176122677455161858e-02	-5.822213127654193160e-02	5.607846979054688374e-02	-6.473709794636202386e-02	7.740579110905185245e-02	-7.677992349170861819e-02	6.484236178333416256e-02	-5.097197252379634391e-02	5.491422270226458541e-02	-7.406363699575246873e-02	6.039643391921738907e-02	-4.009987772342595014e-02	7.228214763876326943e-02	-4.396519800583732762e-02	4.736321044532453700e-02	-5.660818013281875699e-02	5.268331762513484007e-02
2.066155730676211277e-01	-7.399753776057651500e-01	2.722949775521961158e-01	-4.500251713798139597e-02	4.463024286618814257e-02	-2.185253610401106383e-01	1.000000000000000666e+00	-3.839428500770092345e-01	1.031301921789790910e-01	-1.103263970629524138e-01	1.196966797120612158e-01	-3.346510011578811561e-01	1.991964353556517908e-01	-6.932410655596664417e-02	6.254070684795960677e-02	-1.349461161421491862e-01	1.801024446254579359e-01	-1.325081056494361031e-01	7.461546296946117152e-02	-5.571590366139179962e-02	5.161588211060724740e-02	-6.129442577272608411e-02	8.861800384157304811e-02	-8.950838177522527084e-02	5.743392891142267559e-02	-5.015111100821393469e-02	5.870612887600686752e-02	-7.781673820397375096e-02	7.166285755508369770e-02	-6.351655110225022660e-02	4.498427202755499177e-02	-4.938135105452708118e-02	6.513073626190313270e-02	-5.534808566512987998e-02	3.800113057823498869e-02	-6.419794588976733551e-02	3.887583766032468024e-02	-4.227723476110527290e-02	5.072440976476637331e-02	-5.016633994158682663e-02
-1.407025531385935613e-01	2.798559884055757396e-01	-8.193404528366837747e-01	8.162757766873218745e-02	-8.442478945817548375e-02	1.214376874063246847e-01	-3.839428500770092345e-01	1.000000000000001110e+00	-1.836441238467156623e-01	1.443274138646979121e-01	-8.235572148172373708e-02	1.523468135040276228e-01	-1.712392618030107172e-01	9.141760177980984281e-02	-7.524420941645330874e-02	8.758167150784083865e-02	-1.241631232288941816e-01	1.000201924360375749e-01	-8.468757923033182200e-02	6.160301139220670380e-02	-4.164518989921333486e-02	4.892863037885378241e-02	-7.146292969283513097e-02	7.941949672233929169e-02	-5.702616962775521048e-02	4.043160853875667898e-02	-4.799830499845628151e-02	6.267199091380917797e-02	-6.197688047585715732e-02	5.986376754293451508e-02	-3.682537387810239787e-02	4.043602320248140813e-02	-5.438683949627573511e-02	4.707903339379627267e-02	-3.506116088220034843e-02	5.223775287230741915e-02	-3.239726737671853873e-02	3.515347541964548850e-02	-4.371845059257011001e-02	4.580349418306306486e-02
8.232262675289080123e-02	-9.670777742651839870e-02	1.385966790824479378e-01	-1.017211945871131229e-01	9.428625288031791674e-02	-7.651656177824471550e-02	1.031301921789790910e-01	-1.836441238467156623e-01	1.000000000000000888e+00	-7.225051541179822179e-01	6.872289690425295583e-02	-8.807019617653442933e-02	1.084237354755064747e-01	-5.102905196793640075e-01	2.690043995193412973e-01	-7.327812212055748176e-02	8.918186694932117575e-02	-8.925325323622357310e-02	2.642616381731815456e-01	-2.051915546809725821e-01	5.821053679722325291e-02	-6.538075692951039741e-02	8.941559373614048345e-02	-1.638396112364535750e-01	1.486480812454312461e-01	-5.736594767436361403e-02	6.924288862473576556e-02	-8.466699054027927718e-02	1.104948950551816605e-01	-1.453847722179144319e-01	5.495109834996321496e-02	-6.032531307147995236e-02	8.544853364420756936e-02	-8.226229619483844957e-02	7.919061025600422632e-02	-7.880080459430208184e-02	5.231007939909075588e-02	-5.695014625098877847e-02	7.892032013693063563e-02	-1.026078264420399594e-01
-9.672333495667444214e-02	9.867117595467940483e-02	-1.431980089855307003e-01	1.042820295671105235e-01	-1.178865936156550803e-01	8.409761950106404982e-02	-1.103263970629524138e-01	1.443274138646979121e-01	-7.225051541179822179e-01	1.000000000000000444e+00	-8.189360766915622369e-02	9.762401553814605004e-02	-1.291153558540671931e-01	3.091042249507744977e-01	-4.116124573465893555e-01	8.314236282629174080e-02	-1.055385953864579757e-01	1.034345354483520441e-01	-3.483735010305671342e-01	2.270028911119527371e-01	-6.873404160024612630e-02	7.561764907889814702e-02	-1.066681136511775513e-01	1.743065469883986196e-01	-1.818134534951463543e-01	6.613126172605712783e-02	-8.171911839077689033e-02	9.777097072966579872e-02	-1.306394882607532226e-01	1.534313164932877838e-01	-6.400450540111454756e-02	6.993266754526310247e-02	-1.018344126892238438e-01	9.303161077523375289e-02	-8.782199972185271430e-02	8.855104079160405761e-02	-6.062323849997499486e-02	6.483001255377388028e-02	-9.196543068234996898e-02	1.077074631360082080e-01
2.339054752826491002e-01	-1.169430257935600292e-01	7.803521248665951093e-02	-2.097876841673562351e-02	2.109478407871528613e-02	-3.582282566141259950e-01	1.196966797120612158e-01	-8.235572148172373708e-02	6.872289690425295583e-02	-8.189360766915622369e-02	1.000000000000000888e+00	-1.724079718673365014e-01	1.524830017931868287e-01	-5.703433112440820657e-02	5.915114365312362787e-02	-8.405078044313515351e-01	1.875089078290592681e-01	-1.450251961851662386e-01	7.538863800168850438e-02	-5.744765927121016358e-02	8.444328124397323942e-02	-9.164993294806557389e-02	1.111349059408548029e-01	-1.170221419474589547e-01	6.811269605191794252e-02	-7.863533714559645116e-02	8.488090780206623831e-02	-1.024022162269853375e-01	9.498247002586997223e-02	-7.948149634765463989e-02	6.763243502415737518e-02	-7.256274360389732003e-02	9.283759068951046023e-02	-7.691273352044308842e-02	4.898741109924096421e-02	-9.751774838584487126e-02	5.681358580546662373e-02	-6.181509521836651977e-02	7.044508068473366580e-02	-6.543531399156204964e-02
-1.578426463707466032e-01	2.063902238584610083e-01	-1.371466764099827096e-01	2.932885763643425583e-02	-2.957995476658887429e-02	1.434221740329079398e-01	-3.346510011578811561e-01	1.523468135040276228e-01	-8.807019617653442933e-02	9.762401553814605004e-02	-1.724079718673365014e-01	1.000000000000000222e+00	-5.845529496745810460e-01	7.233210059065671438e-02	-7.043781956147802947e-02	1.785350516670035914e-01	-6.001798963590665448e-01	2.891326874515644518e-01	-9.413446237464258293e-02	6.821247140055494707e-02	-8.322973655774217050e-02	1.021679957892181467e-01	-1.683581421207901163e-01	1.312071049761567854e-01	-7.690098918899168634e-02	7.928074448758379300e-02	-9.542810629720357984e-02	1.349539333280595776e-01	-1.118507001931816069e-01	8.692345124165080927e-02	-7.005934229102418753e-02	7.765040342917288452e-02	-1.015339825149623731e-01	8.368244065030291945e-02	-5.286598813413788400e-02	9.709547342374126588e-02	-5.883362520432487003e-02	6.372067135620806955e-02	-7.550224629290031020e-02	6.955981827348638180e-02
1.454626316634160255e-01	-1.959703124033413957e-01	1.344527219688876896e-01	-3.318848954656750116e-02	3.307519414931715113e-02	-1.506880604798307710e-01	1.991964353556517908e-01	-1.712392618030107172e-01	1.084237354755064747e-01	-1.291153558540671931e-01	1.524830017931868287e-01	-5.845529496745810460e-01	1.000000000000001110e+00	-9.885454021744223552e-02	9.509829924046203642e-02	-1.839930487578351204e-01	3.268683373288869820e-01	-5.551687324623333364e-01	1.275633800529172857e-01	-9.602016509052892224e-02	1.154240799946903151e-01	-1.518682332237812627e-01	2.312681184152374780e-01	-2.004234167660604859e-01	1.094077772989904135e-01	-1.162242827870141187e-01	1.356306926488377307e-01	-2.126780944270843798e-01	1.588482428334669627e-01	-1.284496054217545424e-01	1.006364755713222425e-01	-1.132191241545803112e-01	1.421828220096235385e-01	-1.228821105734686780e-01	7.688949541470389837e-02	-1.449130083892215259e-01	8.513959857794645147e-02	-9.365185321827425302e-02	1.079051815356867478e-01	-1.028555728684854009e-01
-6.146992639365229244e-02	6.314014828160836867e-02	-8.391117704539985400e-02	5.024432145354574414e-02	-5.014259900941936410e-02	5.595815680389411989e-02	-6.932410655596664417e-02	9.141760177980984281e-02	-5.102905196793640075e-01	3.091042249507744977e-01	-5.703433112440820657e-02	7.233210059065671438e-02	-9.885454021744223552e-02	1.000000000000001776e+00	-5.212521970554855333e-01	5.986635156399664620e-02	-8.110111521509465182e-02	8.808296077579201577e-02	-5.697081923428791717e-01	2.737622974899153738e-01	-5.463956655994602063e-02	6.124777661115814870e-02	-8.798192696894190090e-02	1.678691530481953575e-01	-1.786269343842215307e-01	5.330188127165696316e-02	-6.565720722469335635e-02	8.156579688050319410e-02	-1.124121590694855399e-01	1.516853178917128286e-01	-5.136444544796432699e-02	5.660564516019302161e-02	-8.139938160049052518e-02	7.924633131696220967e-02	-8.097444357395912340e-02	7.225519069899949409e-02	-4.935429162353512783e-02	5.348224628308360928e-02	-7.693590692614520055e-02	1.012674645745111068e-01
6.163921573949278365e-02	-5.808887001587779986e-02	6.905577287420870680e-02	-4.807933677580071563e-02	4.757733195197532544e-02	-5.655990266115594467e-02	6.254070684795960677e-02	-7.524420941645330874e-02	2.690043995193412973e-01	-4.116124573465893555e-01	5.915114365312362787e-02	-7.043781956147802947e-02	9.509829924046203642e-02	-5.212521970554855333e-01	1.000000000000001110e+00	-6.227248938853733456e-02	7.954358235505788743e-02	-8.540968954067570951e-02	3.248867826258943770e-01	-5.909881360129983774e-01	6.151827521170507435e-02	-6.875606921188423537e-02	9.510090066874708759e-02	-2.108157836340008862e-01	2.374198410905843104e-01	-6.073421451431961632e-02	7.434084654275636972e-02	-9.203133478829668424e-02	1.319252070730928816e-01	-2.203570922161941503e-01	5.891925283614126568e-02	-6.509365960114237015e-02	9.356509922108316446e-02	-9.591047519081247197e-02	1.077004438269394265e-01	-8.414530370624469235e-02	5.777658581994531833e-02	-6.325532218726861999e-02	9.249047984662800426e-02	-1.382098008088120111e-01
-2.733687768233801774e-01	1.227669900232140898e-01	-8.624410051322234372e-02	2.240231965107701215e-02	-2.269288427473494310e-02	2.369600590336794765e-01	-1.349461161421491862e-01	8.758167150784083865e-02	-7.327812212055748176e-02	8.314236282629174080e-02	-8.405078044313515351e-01	1.785350516670035914e-01	-1.839930487578351204e-01	5.986635156399664620e-02	-6.227248938853733456e-02	1.000000000000000666e+00	-2.726111198217129328e-01	1.588735691746432366e-01	-8.091877270128207400e-02	5.959788013972923404e-02	-9.700114433205804521e-02	9.733264239093265824e-02	-1.269048958819696260e-01	1.166428319914843414e-01	-7.059292192657312670e-02	8.249749280065681034e-02	-9.229619948343503744e-02	1.077486136586438964e-01	-1.019608832175243063e-01	7.971935149788068886e-02	-7.180581699567442633e-02	7.634491386264678769e-02	-1.009879241924414861e-01	7.951873004379167442e-02	-4.992433229745447260e-02	9.749976117687536581e-02	-5.905981913186936216e-02	6.309885223541289445e-02	-7.418877019064878953e-02	6.542649730179823930e-02
1.411390631419142949e-01	-1.706146006326442199e-01	1.058404086123445192e-01	-2.680289835749792224e-02	2.677907468985751133e-02	-1.420016610768025933e-01	1.801024446254579359e-01	-1.241631232288941816e-01	8.918186694932117575e-02	-1.055385953864579757e-01	1.875089078290592681e-01	-6.001798963590665448e-01	3.268683373288869820e-01	-8.110111521509465182e-02	7.954358235505788743e-02	-2.726111198217129328e-01	1.000000000000000444e+00	-5.592001162307135287e-01	1.093538054142689231e-01	-8.099462909788261722e-02	1.044065551483037702e-01	-1.370113821527721987e-01	2.149612474452860522e-01	-1.688653063507593033e-01	9.269755958625448822e-02	-1.016996507196136074e-01	1.202089717643007594e-01	-1.878342082362419729e-01	1.382079804991330207e-01	-1.078152086471946131e-01	8.769461209023540760e-02	-9.845258672303286440e-02	1.243331745805155986e-01	-1.052335154963357083e-01	6.494191360943814273e-02	-1.233174166756986073e-01	7.320829687603809532e-02	-8.000465837958740944e-02	9.277108015331374247e-02	-8.630719133274605825e-02
-1.140408243819407141e-01	1.182058436749875568e-01	-8.887881770280293969e-02	2.426658186334364198e-02	-2.435275215742080737e-02	1.075464415920728833e-01	-1.325081056494361031e-01	1.000201924360375749e-01	-8.925325323622357310e-02	1.034345354483520441e-01	-1.450251961851662386e-01	2.891326874515644518e-01	-5.551687324623333364e-01	8.808296077579201577e-02	-8.540968954067570951e-02	1.588735691746432366e-01	-5.592001162307135287e-01	9.999999999999994449e-01	-1.357521847325266207e-01	8.887168094061587142e-02	-1.186780517113199124e-01	1.525142316230995443e-01	-4.364447001470714849e-01	1.772412206252441669e-01	-1.002192337231666980e-01	1.093606459069357550e-01	-1.400234801110885052e-01	2.207575148450117986e-01	-1.638014282145101308e-01	1.125418806999135685e-01	-9.565720208029919458e-02	1.077623088842890042e-01	-1.413877542479589355e-01	1.134569603669514370e-01	-6.841323524959073976e-02	1.274971603774195106e-01	-7.828353465047122040e-02	8.440768644447917135e-02	-1.007158977509788889e-01	8.924008582063271133e-02
7.526132941036262070e-02	-6.988085643316667428e-02	7.649970239725578658e-02	-4.868188787595293526e-02	4.758413986082919017e-02	-7.021051444696921329e-02	7.461546296946117152e-02	-8.468757923033182200e-02	2.642616381731815456e-01	-3.483735010305671342e-01	7.538863800168850438e-02	-9.413446237464258293e-02	1.275633800529172857e-01	-5.697081923428791717e-01	3.248867826258943770e-01	-8.091877270128207400e-02	1.093538054142689231e-01	-1.357521847325266207e-01	9.999999999999991118e-01	-5.116918013864034664e-01	7.883840681592957367e-02	-8.966603116309039556e-02	1.273423146714581233e-01	-2.959074090414227642e-01	2.516938478181403593e-01	-7.800601494361862620e-02	9.521658994574778989e-02	-1.212818871433195556e-01	1.675369674443274171e-01	-2.483979024008667602e-01	7.492315493485852962e-02	-8.301179196168056995e-02	1.178705935835209634e-01	-1.203055879187461957e-01	1.251703112399841777e-01	-1.072630795906424350e-01	7.258790492094220614e-02	-7.957371167778279353e-02	1.141895883169983805e-01	-1.633313863646422281e-01
-5.709682661169447615e-02	5.126348900819540505e-02	-5.757009901531945362e-02	3.373530622234521825e-02	-3.384751021200416154e-02	5.171438115133147190e-02	-5.571590366139179962e-02	6.160301139220670380e-02	-2.051915546809725821e-01	2.270028911119527371e-01	-5.744765927121016358e-02	6.821247140055494707e-02	-9.602016509052892224e-02	2.737622974899153738e-01	-5.909881360129983774e-01	5.959788013972923404e-02	-8.099462909788261722e-02	8.887168094061587142e-02	-5.116918013864034664e-01	1.000000000000000666e+00	-6.271415817549612359e-02	6.956519156050257335e-02	-1.000428238718935742e-01	2.156619323845419545e-01	-4.747568006409674246e-01	6.107607832680895382e-02	-7.625551057298537994e-02	9.471757571765355987e-02	-1.432561679582349257e-01	2.301892413957815908e-01	-5.960781677709606208e-02	6.587771502854117278e-02	-9.643367578909858850e-02	9.717405100847588406e-02	-1.177073950913914424e-01	8.316300427327805167e-02	-5.870107369760536875e-02	6.355519808002134396e-02	-9.612481221292770717e-02	1.354211228454060834e-01
6.381185202143524471e-02	-4.800906902567086965e-02	3.871696418968483683e-02	-1.375057639814323586e-02	1.380277664782369150e-02	-5.914328089859138132e-02	5.161588211060724740e-02	-4.164518989921333486e-02	5.821053679722325291e-02	-6.873404160024612630e-02	8.444328124397323942e-02	-8.322973655774217050e-02	1.154240799946903151e-01	-5.463956655994602063e-02	6.151827521170507435e-02	-9.700114433205804521e-02	1.044065551483037702e-01	-1.186780517113199124e-01	7.883840681592957367e-02	-6.271415817549612359e-02	1.000000000000000444e+00	-6.452144650538368387e-01	1.925161517937373223e-01	-1.581287982698771910e-01	8.572608694595686141e-02	-5.779409061473028686e-01	2.949130647199777466e-01	-1.887288616810056108e-01	1.503572844736004999e-01	-1.021395313763381191e-01	2.463968715583419733e-01	-2.331425421214813054e-01	2.075121627681628111e-01	-1.410537201434835242e-01	6.835075080183916629e-02	-2.605264219896151756e-01	1.345456394105777609e-01	-1.366411993344703313e-01	1.294997740811565101e-01	-8.954513347426287795e-02
-7.179536531733964055e-02	5.625815567405221401e-02	-4.546331745009439540e-02	1.552675428353360830e-02	-1.561310401899174659e-02	6.546087489091040323e-02	-6.129442577272608411e-02	4.892863037885378241e-02	-6.538075692951039741e-02	7.561764907889814702e-02	-9.164993294806557389e-02	1.021679957892181467e-01	-1.518682332237812627e-01	6.124777661115814870e-02	-6.875606921188423537e-02	9.733264239093265824e-02	-1.370113821527721987e-01	1.525142316230995443e-01	-8.966603116309039556e-02	6.956519156050257335e-02	-6.452144650538368387e-01	1.000000000000001776e+00	-3.258606226883146717e-01	1.710342459569797746e-01	-9.510363322754104842e-02	2.945614515548528600e-01	-5.069421895197719907e-01	2.340959650204147147e-01	-1.812550127597717109e-01	1.097684287818362081e-01	-2.297583505034390128e-01	2.323527779576099739e-01	-2.446733986998691768e-01	1.488337651625503411e-01	-7.382204693413578489e-02	2.145473776080178419e-01	-1.340588416496960311e-01	1.308687501085799010e-01	-1.400742101901760184e-01	9.457872459540253574e-02
9.180821373602345015e-02	-8.275721916600969896e-02	6.446445258496974473e-02	-2.168803002376509456e-02	2.171367542865128980e-02	-8.743783242922976984e-02	8.861800384157304811e-02	-7.146292969283513097e-02	8.941559373614048345e-02	-1.066681136511775513e-01	1.111349059408548029e-01	-1.683581421207901163e-01	2.312681184152374780e-01	-8.798192696894190090e-02	9.510090066874708759e-02	-1.269048958819696260e-01	2.149612474452860522e-01	-4.364447001470714849e-01	1.273423146714581233e-01	-1.000428238718935742e-01	1.925161517937373223e-01	-3.258606226883146717e-01	9.999999999999982236e-01	-2.943094077086121363e-01	1.343122829155059539e-01	-1.824357256378538739e-01	2.363866222160927455e-01	-6.254064142915333191e-01	2.572437111667927323e-01	-1.587897909806395280e-01	1.506527961396781634e-01	-1.780685116564542370e-01	2.167177266925820189e-01	-1.791627466569457039e-01	9.640863355181532313e-02	-1.987331652808516369e-01	1.193263841746466519e-01	-1.299470076898786020e-01	1.496326302147288623e-01	-1.265643543080867128e-01
-1.040191449842425980e-01	8.159649604746771479e-02	-7.502044202616303670e-02	3.184702459508256811e-02	-3.212110217091460745e-02	9.176122677455161858e-02	-8.950838177522527084e-02	7.941949672233929169e-02	-1.638396112364535750e-01	1.743065469883986196e-01	-1.170221419474589547e-01	1.312071049761567854e-01	-2.004234167660604859e-01	1.678691530481953575e-01	-2.108157836340008862e-01	1.166428319914843414e-01	-1.688653063507593033e-01	1.772412206252441669e-01	-2.959074090414227642e-01	2.156619323845419545e-01	-1.581287982698771910e-01	1.710342459569797746e-01	-2.943094077086121363e-01	9.999999999999978906e-01	-4.167077077441549426e-01	1.466559085563975129e-01	-1.982639509713629844e-01	2.582544262806079072e-01	-5.655912251108645705e-01	2.703177043261258961e-01	-1.449308393105984416e-01	1.607107037211632505e-01	-2.492622734823529695e-01	2.331817596075472787e-01	-1.697529135840182002e-01	1.851881303289388270e-01	-1.399467103792263467e-01	1.453973795613437425e-01	-2.337573976509440266e-01	1.899006765453488954e-01
6.413524601507794576e-02	-5.311405679383545547e-02	5.331922904046805523e-02	-2.809443150669379760e-02	2.806430377772824517e-02	-5.822213127654193160e-02	5.743392891142267559e-02	-5.702616962775521048e-02	1.486480812454312461e-01	-1.818134534951463543e-01	6.811269605191794252e-02	-7.690098918899168634e-02	1.094077772989904135e-01	-1.786269343842215307e-01	2.374198410905843104e-01	-7.059292192657312670e-02	9.269755958625448822e-02	-1.002192337231666980e-01	2.516938478181403593e-01	-4.747568006409674246e-01	8.572608694595686141e-02	-9.510363322754104842e-02	1.343122829155059539e-01	-4.167077077441549426e-01	9.999999999999968914e-01	-8.444676972296488726e-02	1.056341022849093814e-01	-1.345203313905882214e-01	2.198630515044640577e-01	-6.017338906993632275e-01	8.309719886528467436e-02	-9.255404037684693275e-02	1.358672551997162081e-01	-1.493029082477726754e-01	2.101262601215092563e-01	-1.171995952429338295e-01	8.431736923216483215e-02	-9.267002314181901901e-02	1.455049387035670105e-01	-2.517750295769093372e-01
-6.207353193529033253e-02	4.618678700715921071e-02	-3.787018653675294083e-02	1.337935999622991146e-02	-1.346217562384711096e-02	5.607846979054688374e-02	-5.015111100821393469e-02	4.043160853875667898e-02	-5.736594767436361403e-02	6.613126172605712783e-02	-7.863533714559645116e-02	7.928074448758379300e-02	-1.162242827870141187e-01	5.330188127165696316e-02	-6.073421451431961632e-02	8.249749280065681034e-02	-1.016996507196136074e-01	1.093606459069357550e-01	-7.800601494361862620e-02	6.107607832680895382e-02	-5.779409061473028686e-01	2.945614515548528600e-01	-1.824357256378538739e-01	1.466559085563975129e-01	-8.444676972296488726e-02	9.999999999999976685e-01	-4.327698457224079531e-01	1.821007833592553915e-01	-1.560663528249126297e-01	9.796705398779605167e-02	-5.269025700711466031e-01	2.756753748117257707e-01	-2.585412971408031502e-01	1.459409824979003567e-01	-6.861852486831253317e-02	2.620410155412327136e-01	-1.557968088291405429e-01	1.421798352659288667e-01	-1.427592590001678374e-01	8.765377861731463160e-02
6.980311221095308882e-02	-5.452908453987551085e-02	4.452482735626472898e-02	-1.610762940675691118e-02	1.616550171489869112e-02	-6.473709794636202386e-02	5.870612887600686752e-02	-4.799830499845628151e-02	6.924288862473576556e-02	-8.171911839077689033e-02	8.488090780206623831e-02	-9.542810629720357984e-02	1.356306926488377307e-01	-6.565720722469335635e-02	7.434084654275636972e-02	-9.229619948343503744e-02	1.202089717643007594e-01	-1.400234801110885052e-01	9.521658994574778989e-02	-7.625551057298537994e-02	2.949130647199777466e-01	-5.069421895197719907e-01	2.363866222160927455e-01	-1.982639509713629844e-01	1.056341022849093814e-01	-4.327698457224079531e-01	9.999999999999966693e-01	-3.381327149004177413e-01	2.005987612943907761e-01	-1.269588222226208096e-01	2.806860751753564309e-01	-4.874050014704268685e-01	2.816056881248154009e-01	-1.844822755336859021e-01	8.462967051635474081e-02	-2.920584895992394125e-01	1.688876663071336992e-01	-1.715256643119306146e-01	1.619626340605810899e-01	-1.107340566632178530e-01
-8.446829070914126103e-02	7.098063734536784464e-02	-5.784329305126092308e-02	1.982608636119431722e-02	-1.992478180384395572e-02	7.740579110905185245e-02	-7.781673820397375096e-02	6.267199091380917797e-02	-8.466699054027927718e-02	9.777097072966579872e-02	-1.024022162269853375e-01	1.349539333280595776e-01	-2.126780944270843798e-01	8.156579688050319410e-02	-9.203133478829668424e-02	1.077486136586438964e-01	-1.878342082362419729e-01	2.207575148450117986e-01	-1.212818871433195556e-01	9.471757571765355987e-02	-1.887288616810056108e-01	2.340959650204147147e-01	-6.254064142915333191e-01	2.582544262806079072e-01	-1.345203313905882214e-01	1.821007833592553915e-01	-3.381327149004177413e-01	9.999999999999962252e-01	-4.633571200253183142e-01	1.562353593411052177e-01	-1.640124686534484288e-01	2.021349846638769432e-01	-3.098916971728434833e-01	2.039557012209405606e-01	-9.904282804072497837e-02	1.973191057707965879e-01	-1.294029612356087655e-01	1.377598461408042207e-01	-1.712903654196869796e-01	1.244785153122885402e-01
8.295175802590472325e-02	-6.658213137711628538e-02	5.758126305449785820e-02	-2.361421979650526332e-02	2.366373960544130087e-02	-7.677992349170861819e-02	7.166285755508369770e-02	-6.197688047585715732e-02	1.104948950551816605e-01	-1.306394882607532226e-01	9.498247002586997223e-02	-1.118507001931816069e-01	1.588482428334669627e-01	-1.124121590694855399e-01	1.319252070730928816e-01	-1.019608832175243063e-01	1.382079804991330207e-01	-1.638014282145101308e-01	1.675369674443274171e-01	-1.432561679582349257e-01	1.503572844736004999e-01	-1.812550127597717109e-01	2.572437111667927323e-01	-5.655912251108645705e-01	2.198630515044640577e-01	-1.560663528249126297e-01	2.005987612943907761e-01	-4.633571200253183142e-01	9.999999999999978906e-01	-2.985685238184752621e-01	1.467891250343489606e-01	-1.742428101431117149e-01	2.454571127348470772e-01	-3.982244875385234084e-01	1.601221945209065911e-01	-2.058035686013905685e-01	1.423837894844853513e-01	-1.605610796023835274e-01	2.400513214993998945e-01	-2.041775628565523915e-01
-7.334960396040780817e-02	5.811362421793699745e-02	-5.675988994860053233e-02	2.661133472769251079e-02	-2.686441671504577119e-02	6.484236178333416256e-02	-6.351655110225022660e-02	5.986376754293451508e-02	-1.453847722179144319e-01	1.534313164932877838e-01	-7.948149634765463989e-02	8.692345124165080927e-02	-1.284496054217545424e-01	1.516853178917128286e-01	-2.203570922161941503e-01	7.971935149788068886e-02	-1.078152086471946131e-01	1.125418806999135685e-01	-2.483979024008667602e-01	2.301892413957815908e-01	-1.021395313763381191e-01	1.097684287818362081e-01	-1.587897909806395280e-01	2.703177043261258961e-01	-6.017338906993632275e-01	9.796705398779605167e-02	-1.269588222226208096e-01	1.562353593411052177e-01	-2.985685238184752621e-01	9.999999999999992228e-01	-9.852215693958350784e-02	1.090802009429631264e-01	-1.679302065049294024e-01	1.747765907280466602e-01	-4.676431601678625594e-01	1.325236276466738861e-01	-1.030161771911719537e-01	1.096454814457992616e-01	-1.911934314827369863e-01	2.826361432399170370e-01
5.585362969167637776e-02	-4.166614084742672336e-02	3.447145277330877083e-02	-1.262945186755450727e-02	1.269447832358371400e-02	-5.097197252379634391e-02	4.498427202755499177e-02	-3.682537387810239787e-02	5.495109834996321496e-02	-6.400450540111454756e-02	6.763243502415737518e-02	-7.005934229102418753e-02	1.006364755713222425e-01	-5.136444544796432699e-02	5.891925283614126568e-02	-7.180581699567442633e-02	8.769461209023540760e-02	-9.565720208029919458e-02	7.492315493485852962e-02	-5.960781677709606208e-02	2.463968715583419733e-01	-2.297583505034390128e-01	1.506527961396781634e-01	-1.449308393105984416e-01	8.309719886528467436e-02	-5.269025700711466031e-01	2.806860751753564309e-01	-1.640124686534484288e-01	1.467891250343489606e-01	-9.852215693958350784e-02	9.999999999999982236e-01	-5.252376538223818558e-01	2.739632275406567730e-01	-1.622277436323092403e-01	7.033572016924978521e-02	-5.176610720318226555e-01	2.006374514925899077e-01	-1.852826778785719997e-01	1.549716849431323207e-01	-9.116341057061583264e-02
-6.029119273474756874e-02	4.561878176127173029e-02	-3.781789232757339775e-02	1.381017471328507482e-02	-1.388484777548048416e-02	5.491422270226458541e-02	-4.938135105452708118e-02	4.043602320248140813e-02	-6.032531307147995236e-02	6.993266754526310247e-02	-7.256274360389732003e-02	7.765040342917288452e-02	-1.132191241545803112e-01	5.660564516019302161e-02	-6.509365960114237015e-02	7.634491386264678769e-02	-9.845258672303286440e-02	1.077623088842890042e-01	-8.301179196168056995e-02	6.587771502854117278e-02	-2.331425421214813054e-01	2.323527779576099739e-01	-1.780685116564542370e-01	1.607107037211632505e-01	-9.255404037684693275e-02	2.756753748117257707e-01	-4.874050014704268685e-01	2.021349846638769432e-01	-1.742428101431117149e-01	1.090802009429631264e-01	-5.252376538223818558e-01	9.999999999999976685e-01	-5.289578181657982325e-01	1.907429244891062914e-01	-7.880722295188487270e-02	2.966523373827790744e-01	-2.405407128060393362e-01	1.960066464282766430e-01	-1.802689390475162856e-01	1.009569556508856797e-01
7.935041520617949762e-02	-6.078736527468422274e-02	5.063556205831209328e-02	-1.938062157222351922e-02	1.943441158375588604e-02	-7.406363699575246873e-02	6.513073626190313270e-02	-5.438683949627573511e-02	8.544853364420756936e-02	-1.018344126892238438e-01	9.283759068951046023e-02	-1.015339825149623731e-01	1.421828220096235385e-01	-8.139938160049052518e-02	9.356509922108316446e-02	-1.009879241924414861e-01	1.243331745805155986e-01	-1.413877542479589355e-01	1.178705935835209634e-01	-9.643367578909858850e-02	2.075121627681628111e-01	-2.446733986998691768e-01	2.167177266925820189e-01	-2.492622734823529695e-01	1.358672551997162081e-01	-2.585412971408031502e-01	2.816056881248154009e-01	-3.098916971728434833e-01	2.454571127348470772e-01	-1.679302065049294024e-01	2.739632275406567730e-01	-5.289578181657982325e-01	9.999999999999971134e-01	-3.924072501937738155e-01	1.184208188446638221e-01	-4.057964445365315198e-01	2.402384775438319020e-01	-3.022853333292277456e-01	2.585155518077759118e-01	-1.571456502453052462e-01
-6.684724995215622634e-02	5.101454022718567710e-02	-4.424022860281898867e-02	1.752002876583885066e-02	-1.763140811915485731e-02	6.039643391921738907e-02	-5.534808566512987998e-02	4.707903339379627267e-02	-8.226229619483844957e-02	9.303161077523375289e-02	-7.691273352044308842e-02	8.368244065030291945e-02	-1.228821105734686780e-01	7.924633131696220967e-02	-9.591047519081247197e-02	7.951873004379167442e-02	-1.052335154963357083e-01	1.134569603669514370e-01	-1.203055879187461957e-01	9.717405100847588406e-02	-1.410537201434835242e-01	1.488337651625503411e-01	-1.791627466569457039e-01	2.331817596075472787e-01	-1.493029082477726754e-01	1.459409824979003567e-01	-1.844822755336859021e-01	2.039557012209405606e-01	-3.982244875385234084e-01	1.747765907280466602e-01	-1.622277436323092403e-01	1.907429244891062914e-01	-3.924072501937738155e-01	9.999999999999976685e-01	-1.643995940503446274e-01	2.194642846265509872e-01	-2.129713298146415079e-01	2.313389079473987531e-01	-6.889634412667088315e-01	1.904141192260557502e-01
4.481783382102912106e-02	-3.496462419589513315e-02	3.313875623435501988e-02	-1.520913540934913308e-02	1.531489954670823238e-02	-4.009987772342595014e-02	3.800113057823498869e-02	-3.506116088220034843e-02	7.919061025600422632e-02	-8.782199972185271430e-02	4.898741109924096421e-02	-5.286598813413788400e-02	7.688949541470389837e-02	-8.097444357395912340e-02	1.077004438269394265e-01	-4.992433229745447260e-02	6.494191360943814273e-02	-6.841323524959073976e-02	1.251703112399841777e-01	-1.177073950913914424e-01	6.835075080183916629e-02	-7.382204693413578489e-02	9.640863355181532313e-02	-1.697529135840182002e-01	2.101262601215092563e-01	-6.861852486831253317e-02	8.462967051635474081e-02	-9.904282804072497837e-02	1.601221945209065911e-01	-4.676431601678625594e-01	7.033572016924978521e-02	-7.880722295188487270e-02	1.184208188446638221e-01	-1.643995940503446274e-01	9.999999999999980016e-01	-1.026820140934879694e-01	8.102060893771234618e-02	-9.458759844399824979e-02	1.758998990943909102e-01	-7.970692599385853505e-01
-8.195354030212922969e-02	5.890269121971594690e-02	-4.942077723351379070e-02	1.787282144868202263e-02	-1.802727807894801554e-02	7.228214763876326943e-02	-6.419794588976733551e-02	5.223775287230741915e-02	-7.880080459430208184e-02	8.855104079160405761e-02	-9.751774838584487126e-02	9.709547342374126588e-02	-1.449130083892215259e-01	7.225519069899949409e-02	-8.414530370624469235e-02	9.749976117687536581e-02	-1.233174166756986073e-01	1.274971603774195106e-01	-1.072630795906424350e-01	8.316300427327805167e-02	-2.605264219896151756e-01	2.145473776080178419e-01	-1.987331652808516369e-01	1.851881303289388270e-01	-1.171995952429338295e-01	2.620410155412327136e-01	-2.920584895992394125e-01	1.973191057707965879e-01	-2.058035686013905685e-01	1.325236276466738861e-01	-5.176610720318226555e-01	2.966523373827790744e-01	-4.057964445365315198e-01	2.194642846265509872e-01	-1.026820140934879694e-01	9.999999999999972244e-01	-4.605268411549643393e-01	2.713004459839705729e-01	-2.632423647884740703e-01	1.273935122055652458e-01
4.853244006597942639e-02	-3.596191823961327610e-02	3.044982225754343241e-02	-1.164450439471521707e-02	1.170857825409584232e-02	-4.396519800583732762e-02	3.887583766032468024e-02	-3.239726737671853873e-02	5.231007939909075588e-02	-6.062323849997499486e-02	5.681358580546662373e-02	-5.883362520432487003e-02	8.513959857794645147e-02	-4.935429162353512783e-02	5.777658581994531833e-02	-5.905981913186936216e-02	7.320829687603809532e-02	-7.828353465047122040e-02	7.258790492094220614e-02	-5.870107369760536875e-02	1.345456394105777609e-01	-1.340588416496960311e-01	1.193263841746466519e-01	-1.399467103792263467e-01	8.431736923216483215e-02	-1.557968088291405429e-01	1.688876663071336992e-01	-1.294029612356087655e-01	1.423837894844853513e-01	-1.030161771911719537e-01	2.006374514925899077e-01	-2.405407128060393362e-01	2.402384775438319020e-01	-2.129713298146415079e-01	8.102060893771234618e-02	-4.605268411549643393e-01	9.999999999999977796e-01	-7.593205885806288968e-01	2.349154027806363843e-01	-1.092700715426284386e-01
-5.289711631564782135e-02	3.895310819769807337e-02	-3.313742842806367828e-02	1.257827934030441436e-02	-1.266521743486848789e-02	4.736321044532453700e-02	-4.227723476110527290e-02	3.515347541964548850e-02	-5.695014625098877847e-02	6.483001255377388028e-02	-6.181509521836651977e-02	6.372067135620806955e-02	-9.365185321827425302e-02	5.348224628308360928e-02	-6.325532218726861999e-02	6.309885223541289445e-02	-8.000465837958740944e-02	8.440768644447917135e-02	-7.957371167778279353e-02	6.355519808002134396e-02	-1.366411993344703313e-01	1.308687501085799010e-01	-1.299470076898786020e-01	1.453973795613437425e-01	-9.267002314181901901e-02	1.421798352659288667e-01	-1.715256643119306146e-01	1.377598461408042207e-01	-1.605610796023835274e-01	1.096454814457992616e-01	-1.852826778785719997e-01	1.960066464282766430e-01	-3.022853333292277456e-01	2.313389079473987531e-01	-9.458759844399824979e-02	2.713004459839705729e-01	-7.593205885806288968e-01	9.999999999999976685e-01	-4.041754085467242907e-01	1.215843405138967992e-01
6.181976762650394364e-02	-4.705395054059349075e-02	4.100968861164790841e-02	-1.682165082984389201e-02	1.689227073142853322e-02	-5.660818013281875699e-02	5.072440976476637331e-02	-4.371845059257011001e-02	7.892032013693063563e-02	-9.196543068234996898e-02	7.044508068473366580e-02	-7.550224629290031020e-02	1.079051815356867478e-01	-7.693590692614520055e-02	9.249047984662800426e-02	-7.418877019064878953e-02	9.277108015331374247e-02	-1.007158977509788889e-01	1.141895883169983805e-01	-9.612481221292770717e-02	1.294997740811565101e-01	-1.400742101901760184e-01	1.496326302147288623e-01	-2.337573976509440266e-01	1.455049387035670105e-01	-1.427592590001678374e-01	1.619626340605810899e-01	-1.712903654196869796e-01	2.400513214993998945e-01	-1.911934314827369863e-01	1.549716849431323207e-01	-1.802689390475162856e-01	2.585155518077759118e-01	-6.889634412667088315e-01	1.758998990943909102e-01	-2.632423647884740703e-01	2.349154027806363843e-01	-4.041754085467242907e-01	9.999999999999977796e-01	-2.827615818245796664e-01
