1.000000000000000000e+00	-8.660279197978485444e-01	1.151039789209830494e-01	-1.195020954179009109e-01	1.023390451954915431e-01	-3.486153093339168230e-01	2.152582885688940906e-01	-1.179538369564546441e-01	8.675423571209044116e-02	-7.103154364084784955e-02	1.874169327722127187e-01	-1.778693318467072515e-01	1.061320742947745172e-01	-7.290615274375783494e-02	8.465321159424170350e-02	-1.394209092096643510e-01	1.271120013900559897e-01	-1.091778089373179605e-01	7.922814081474231773e-02	-9.363166704313186095e-02	8.905377953382050127e-02	-8.277626885678925073e-02	9.151263509859704215e-02	-8.098265467298650100e-02	5.947554041886935622e-02	-9.209641858321045149e-02	7.042636435532317885e-02	-6.183611837651721566e-02	7.154218806013327991e-02	-5.320496964698001596e-02	4.377550642763227556e-02	-5.875293463321603488e-02	7.189122062840712368e-02	-3.737316096824785244e-02	3.850460428662992596e-02	-4.655312233271768907e-02	4.197351937745228551e-02	-5.164099974512476043e-02	3.032217146151054352e-02	-3.112219684387203950e-02
-8.660279197978485444e-01	1.000000000000000000e+00	-1.504585538378113430e-01	1.266861381527905339e-01	-1.238040683885729409e-01	2.441287591224875486e-01	-2.722006916395391385e-01	1.277388433559498437e-01	-1.011396426914767388e-01	8.185749762631026882e-02	-2.042202968376378436e-01	1.778623523851778354e-01	-1.212357671772698459e-01	8.289849283586157858e-02	-9.904934545558490011e-02	1.394226764463217805e-01	-1.434403623049066712e-01	1.180862546475028030e-01	-8.957943160139703043e-02	1.030169728762563852e-01	-9.978926916479070874e-02	9.070179763848519594e-02	-1.049887250057933291e-01	8.960535751718057274e-02	-6.763172768882248775e-02	9.893119567448804830e-02	-7.964578246406468776e-02	6.996822711505723547e-02	-8.204113097091098039e-02	5.980325439499459272e-02	-4.856511921071120230e-02	6.495347908841109241e-02	-8.246642274894024072e-02	4.229728683719129884e-02	-4.388935064332485231e-02	5.119451853898379645e-02	-4.695234857724299438e-02	5.728795649339597784e-02	-3.424459497279681158e-02	3.492951255971890601e-02
1.151039789209830494e-01	-1.504585538378113430e-01	1.000000000000000000e+00	-9.196863326416568896e-01	1.627759886701176384e-01	-7.006206275330582878e-02	7.608492479288427035e-02	-2.467907289553754324e-01	1.387298246830714066e-01	-1.173349864981742402e-01	6.463652301888681007e-02	-7.099013744152998795e-02	1.300417926846846317e-01	-9.881191836541963758e-02	1.084453458768162432e-01	-7.001350585184507036e-02	7.307173658481680434e-02	-1.038492536576406944e-01	8.624270240139933486e-02	-1.061639267765942668e-01	5.996300385789984921e-02	-5.827883820120706437e-02	7.438643304346431728e-02	-8.531234281310608181e-02	6.036212341982026552e-02	-7.197551035317516221e-02	5.713074005591216309e-02	-5.284557912210249842e-02	6.728475219708954236e-02	-5.254840149695674117e-02	3.598388709291193421e-02	-4.890914149379189946e-02	6.135130231171736365e-02	-3.426526169752459189e-02	3.550609766795163880e-02	-3.905397082665239966e-02	3.545480625907295597e-02	-4.437330414049922567e-02	2.724189183443523690e-02	-2.807408639904260261e-02
-1.195020954179009109e-01	1.266861381527905339e-01	-9.196863326416568896e-01	1.000000000000000000e+00	-2.097614208191412033e-01	7.052424992023884065e-02	-7.774979389860804668e-02	1.954256534238205112e-01	-1.587759184553135527e-01	1.266443127092875820e-01	-6.650201485827159087e-02	7.159248124167322258e-02	-1.356977456275103300e-01	1.046809597807149272e-01	-1.203486682032335886e-01	7.113730734544403134e-02	-7.546424526477206463e-02	1.044754165077615565e-01	-9.119505690499175865e-02	1.091715105851751855e-01	-6.261301411343039858e-02	6.043969072021140171e-02	-7.858087583499448470e-02	8.824482465602842551e-02	-6.373505480525920586e-02	7.412227591506172220e-02	-6.005009425833199993e-02	5.556462744584501900e-02	-7.140219298228733802e-02	5.496850005499493569e-02	-3.751013217365400942e-02	5.089549660702113315e-02	-6.497499287516979305e-02	3.606353091669779742e-02	-3.753498838815860078e-02	4.054178640362802316e-02	-3.709516420621618987e-02	4.623247170340247236e-02	-2.865491690483562906e-02	2.942349445727299173e-02
1.023390451954915431e-01	-1.238040683885729409e-01	1.627759886701176384e-01	-2.097614208191412033e-01	1.000000000000000000e+00	-1.132550121233791979e-01	1.157143377782038768e-01	-3.538071350126485437e-01	2.917737477353849473e-01	-6.794852084881126686e-01	1.095048091504554066e-01	-1.302036849858518031e-01	2.285795562455346652e-01	-2.464652402649482599e-01	2.836506589044360260e-01	-1.498758702312524560e-01	1.492070314490513971e-01	-2.432667903457954028e-01	2.089690334766695079e-01	-3.276778718729350115e-01	1.345080621370567386e-01	-1.348783913816341828e-01	1.681741070395749438e-01	-2.290925438906485923e-01	1.553866435373759958e-01	-1.854742470650911912e-01	1.366431710025582669e-01	-1.274470566444277919e-01	1.630133136489240464e-01	-1.395427654043374932e-01	9.034680565819759590e-02	-1.241430299863421627e-01	1.451620424145331767e-01	-8.604002831345348989e-02	8.776518982742233244e-02	-1.007942855461938098e-01	8.869253043163484451e-02	-1.137954205570108068e-01	6.821470005208689347e-02	-7.161069268793254783e-02
-3.486153093339168230e-01	2.441287591224875486e-01	-7.006206275330582878e-02	7.052424992023884065e-02	-1.132550121233791979e-01	9.999999999999993339e-01	-5.541908830193803537e-01	1.288347858870433071e-01	-9.994404583873289782e-02	7.785132814373914301e-02	-6.074170199911786971e-01	3.099898465628521671e-01	-1.393967234679834299e-01	8.633048845543797589e-02	-1.002087069888728810e-01	2.289371095593405181e-01	-2.226415562768404854e-01	1.418295806368093936e-01	-9.856777764809880604e-02	1.069538193673555959e-01	-1.332161595206057259e-01	1.161285696832243530e-01	-1.219653269214272112e-01	9.640649277982894783e-02	-7.177717011525741597e-02	1.149051618368038125e-01	-9.045449724770046607e-02	7.846471957444903222e-02	-8.847069598609984264e-02	6.391851545247555222e-02	-5.447146748815941825e-02	7.256011709282494948e-02	-9.036144692813334600e-02	4.559118592896360678e-02	-4.702423695437406986e-02	5.682586902806313622e-02	-5.178912461222335423e-02	6.292093962685811614e-02	-3.697620016975883273e-02	3.770390281504003988e-02
2.152582885688940906e-01	-2.722006916395391385e-01	7.608492479288427035e-02	-7.774979389860804668e-02	1.157143377782038768e-01	-5.541908830193803537e-01	1.000000000000000222e+00	-1.635391236310870522e-01	1.075075138178113732e-01	-8.292526870694734431e-02	3.075059570837813117e-01	-6.644033267851729985e-01	1.555165301216204776e-01	-9.411130277089183038e-02	1.045497902853729788e-01	-2.252040346663647663e-01	2.085774289849677277e-01	-1.570257072581205671e-01	1.035098510879027406e-01	-1.153609347874364061e-01	1.242918932091179041e-01	-1.177976049055724089e-01	1.201152165818636236e-01	-1.032588563421209804e-01	7.420883301092794093e-02	-1.200635284696080496e-01	9.051073493778027945e-02	-7.938604600046457460e-02	8.977849770328405477e-02	-6.648656640364485060e-02	5.573553141947097667e-02	-7.476923178078230536e-02	9.037705577717206062e-02	-4.669719990531895348e-02	4.792465758928934200e-02	-5.892652258541006272e-02	5.291511584645666733e-02	-6.499993711556596721e-02	3.784930188025689701e-02	-3.883488314942382114e-02
-1.179538369564546441e-01	1.277388433559498437e-01	-2.467907289553754324e-01	1.954256534238205112e-01	-3.538071350126485437e-01	1.288347858870433071e-01	-1.635391236310870522e-01	1.000000000000000666e+00	-4.763577959139135287e-01	2.505798769378493884e-01	-1.307906238056461001e-01	1.586697072434417877e-01	-5.659459468285878980e-01	2.756518860239972613e-01	-3.021586301215766213e-01	1.565795948414332450e-01	-1.772251569227682733e-01	2.728569407161062776e-01	-2.354433159804962539e-01	2.418387057178946753e-01	-1.432883056861962434e-01	1.389636234908903922e-01	-1.893616123064753021e-01	2.073582153682144991e-01	-1.509926939015075187e-01	1.643957514528777974e-01	-1.386822535680022617e-01	1.302197904909103143e-01	-1.705156945926098455e-01	1.272164869069471183e-01	-8.486091349737104328e-02	1.150619790623069461e-01	-1.520771502789940999e-01	8.388627890959500510e-02	-8.794509696169616753e-02	9.099928255612145522e-02	-8.450838732062293523e-02	1.046886922903870476e-01	-6.630749344418795932e-02	6.758580266502944855e-02
8.675423571209044116e-02	-1.011396426914767388e-01	1.387298246830714066e-01	-1.587759184553135527e-01	2.917737477353849473e-01	-9.994404583873289782e-02	1.075075138178113732e-01	-4.763577959139135287e-01	1.000000000000001110e+00	-4.729060198764242218e-01	9.876958431499666125e-02	-1.200910569629950880e-01	2.680927148981256947e-01	-5.428243653220652387e-01	3.147457059721356365e-01	-1.330664253045159562e-01	1.385612050339440349e-01	-2.429245437982760492e-01	2.337353000324838559e-01	-2.752132557524342160e-01	1.173262436659150837e-01	-1.177108811558843643e-01	1.513466730298648200e-01	-2.268295795007136129e-01	1.413354620130297112e-01	-1.499198329362396165e-01	1.173186452377497913e-01	-1.118937483442700026e-01	1.485488193543096080e-01	-1.220466360974176018e-01	7.483340218711330427e-02	-1.025559143236581539e-01	1.267789725877588036e-01	-7.477449407189620811e-02	7.703460879973401954e-02	-8.216858417330405451e-02	7.409310261316534585e-02	-9.395007086406353958e-02	5.851280190750975108e-02	-6.070574581969574723e-02
-7.103154364084784955e-02	8.185749762631026882e-02	-1.173349864981742402e-01	1.266443127092875820e-01	-6.794852084881126686e-01	7.785132814373914301e-02	-8.292526870694734431e-02	2.505798769378493884e-01	-4.729060198764242218e-01	9.999999999999998890e-01	-7.739709938050867710e-02	9.163877794042983582e-02	-1.951001540999456885e-01	2.609439870511127690e-01	-4.398930832580246753e-01	1.034051748309400692e-01	-1.080920031623959499e-01	1.766245083120165371e-01	-1.791283154244558418e-01	2.294820759522991360e-01	-9.505783195092039339e-02	9.454260735629239909e-02	-1.234612664372105595e-01	1.700647183161421439e-01	-1.177956744015451196e-01	1.226783066839883390e-01	-9.680253256690907193e-02	9.165690939318643649e-02	-1.227166722476311367e-01	1.001684321554076607e-01	-6.175052337447271833e-02	8.451425029497282304e-02	-1.053421917697870691e-01	6.182352571399228613e-02	-6.405510098662015039e-02	6.779442204750034395e-02	-6.131987630253735860e-02	7.759372091629436474e-02	-4.853452603247665476e-02	5.026545310994367383e-02
1.874169327722127187e-01	-2.042202968376378436e-01	6.463652301888681007e-02	-6.650201485827159087e-02	1.095048091504554066e-01	-6.074170199911786971e-01	3.075059570837813117e-01	-1.307906238056461001e-01	9.876958431499666125e-02	-7.739709938050867710e-02	9.999999999999992228e-01	-4.993473778538808361e-01	1.449587757183702641e-01	-8.861099984640026517e-02	1.000370941434521738e-01	-4.476679342567932429e-01	2.557188087559438827e-01	-1.615564658981352986e-01	1.029040035535302433e-01	-1.119163051447049778e-01	1.511135175232612426e-01	-1.357741561411028586e-01	1.283602000051246028e-01	-1.019499344715792816e-01	7.394185004214855195e-02	-1.303281084925002609e-01	9.609886450992653761e-02	-8.306173044084212698e-02	9.115685212862692510e-02	-6.661606859975405248e-02	5.862074026664452348e-02	-7.815726905933473301e-02	9.373399085380738904e-02	-4.748782155795042148e-02	4.863283867721961834e-02	-6.130249358261941062e-02	5.495271703969130395e-02	-6.703605403974907673e-02	3.861491685067287155e-02	-3.953918488915494911e-02
-1.778693318467072515e-01	1.778623523851778354e-01	-7.099013744152998795e-02	7.159248124167322258e-02	-1.302036849858518031e-01	3.099898465628521671e-01	-6.644033267851729985e-01	1.586697072434417877e-01	-1.200910569629950880e-01	9.163877794042983582e-02	-4.993473778538808361e-01	1.000000000000000444e+00	-2.055560294181794367e-01	1.072608335222455245e-01	-1.201736827972165189e-01	2.575447583882620184e-01	-3.363069537003081644e-01	1.840419009183458243e-01	-1.210343186848517189e-01	1.268852444083377884e-01	-1.521363252828650536e-01	1.395355107556514596e-01	-1.438268515945909376e-01	1.155147444535469109e-01	-8.445406300453929538e-02	1.327543172692073337e-01	-1.049477400143833672e-01	9.166239050190011506e-02	-1.033632514249516604e-01	7.500152441682020332e-02	-6.293250456434515416e-02	8.410579981808062600e-02	-1.044971214805233833e-01	5.303050990195472963e-02	-5.462588350060607750e-02	6.575177234583585995e-02	-5.985901552493230054e-02	7.289871223679147971e-02	-4.288733014881963845e-02	4.376481939685236688e-02
1.061320742947745172e-01	-1.212357671772698459e-01	1.300417926846846317e-01	-1.356977456275103300e-01	2.285795562455346652e-01	-1.393967234679834299e-01	1.555165301216204776e-01	-5.659459468285878980e-01	2.680927148981256947e-01	-1.951001540999456885e-01	1.449587757183702641e-01	-2.055560294181794367e-01	9.999999999999953371e-01	-3.409060873139935777e-01	2.481454366903908804e-01	-1.974616881480346642e-01	2.137261994612560112e-01	-5.503495376946681006e-01	2.521857517310269747e-01	-2.601016595539519249e-01	1.503142199833312209e-01	-1.544529360578067723e-01	1.914190665201066788e-01	-2.340626503839093320e-01	1.476895435847627169e-01	-1.764599234989199239e-01	1.377960323438102708e-01	-1.316723595991324547e-01	1.634383311281251139e-01	-1.284915591193724338e-01	8.626754285407867151e-02	-1.179904168665173864e-01	1.458170022679250999e-01	-8.225907355226656781e-02	8.454931274768266725e-02	-9.363185602230425508e-02	8.445304706121521676e-02	-1.062445964979801677e-01	6.486995962084729506e-02	-6.697617413620959859e-02
-7.290615274375783494e-02	8.289849283586157858e-02	-9.881191836541963758e-02	1.046809597807149272e-01	-2.464652402649482599e-01	8.633048845543797589e-02	-9.411130277089183038e-02	2.756518860239972613e-01	-5.428243653220652387e-01	2.609439870511127690e-01	-8.861099984640026517e-02	1.072608335222455245e-01	-3.409060873139935777e-01	1.000000000000001776e+00	-5.804563324640403810e-01	1.197657031740601008e-01	-1.315064221186130755e-01	2.382279053259576118e-01	-3.774714880381503379e-01	2.627403771538422417e-01	-1.081628420037278326e-01	1.083401090482905837e-01	-1.448740051244763738e-01	2.308868584107511557e-01	-1.441424858466136272e-01	1.329449393566722315e-01	-1.092425440052875590e-01	1.060706308065495068e-01	-1.487349877709515933e-01	1.176197279930328160e-01	-6.798205576752010260e-02	9.305574321929445392e-02	-1.202180039146824309e-01	7.134537571761738473e-02	-7.434268905687008155e-02	7.392968842668874718e-02	-6.794082032931350601e-02	8.549648076494570370e-02	-5.523162785737570357e-02	5.675218669979369135e-02
8.465321159424170350e-02	-9.904934545558490011e-02	1.084453458768162432e-01	-1.203486682032335886e-01	2.836506589044360260e-01	-1.002087069888728810e-01	1.045497902853729788e-01	-3.021586301215766213e-01	3.147457059721356365e-01	-4.398930832580246753e-01	1.000370941434521738e-01	-1.201736827972165189e-01	2.481454366903908804e-01	-5.804563324640403810e-01	1.000000000000001776e+00	-1.389775330021911504e-01	1.437690405161128337e-01	-2.529360555633690111e-01	2.632743697110747627e-01	-4.330954824490680921e-01	1.257840541643321375e-01	-1.267718013423886625e-01	1.642240430589082811e-01	-2.631338147038124187e-01	1.746959351314733566e-01	-1.641411450620416657e-01	1.292776999718940334e-01	-1.246589215724085847e-01	1.711835921706207631e-01	-1.475463190392068968e-01	8.258764484372320414e-02	-1.134197836853147318e-01	1.409711135723045738e-01	-8.567931966268357846e-02	8.851543506689900365e-02	-9.091384141905431426e-02	8.221703577137681740e-02	-1.045428145421951893e-01	6.638356290409114235e-02	-6.900547895706697632e-02
-1.394209092096643510e-01	1.394226764463217805e-01	-7.001350585184507036e-02	7.113730734544403134e-02	-1.498758702312524560e-01	2.289371095593405181e-01	-2.252040346663647663e-01	1.565795948414332450e-01	-1.330664253045159562e-01	1.034051748309400692e-01	-4.476679342567932429e-01	2.575447583882620184e-01	-1.974616881480346642e-01	1.197657031740601008e-01	-1.389775330021911504e-01	1.000000000000000222e+00	-6.642815170563979299e-01	2.328410622526715101e-01	-1.503845189438013097e-01	1.514285732994682665e-01	-3.283882394739572885e-01	2.297972930929057800e-01	-2.067393498186183010e-01	1.416317024011085612e-01	-1.057457931648573685e-01	1.949608166434806111e-01	-1.491045587177242115e-01	1.259870545951114751e-01	-1.341816068682661345e-01	9.510172472842833014e-02	-8.771787811498187037e-02	1.155410939993761488e-01	-1.411101759693142166e-01	6.910395609621282353e-02	-7.083089231520919848e-02	8.956273186728146152e-02	-8.125780879300414927e-02	9.770019813771313455e-02	-5.623780311252772612e-02	5.721952346076779328e-02
1.271120013900559897e-01	-1.434403623049066712e-01	7.307173658481680434e-02	-7.546424526477206463e-02	1.492070314490513971e-01	-2.226415562768404854e-01	2.085774289849677277e-01	-1.772251569227682733e-01	1.385612050339440349e-01	-1.080920031623959499e-01	2.557188087559438827e-01	-3.363069537003081644e-01	2.137261994612560112e-01	-1.315064221186130755e-01	1.437690405161128337e-01	-6.642815170563979299e-01	9.999999999999995559e-01	-4.005939702089260646e-01	1.695391451899092017e-01	-1.684369517129747917e-01	2.407991449982166132e-01	-3.011813116457854878e-01	2.114215500948748994e-01	-1.625387698195458475e-01	1.115973274064778475e-01	-2.040697309609269816e-01	1.512357820828885147e-01	-1.320419951771827360e-01	1.381787952999830593e-01	-1.013629778707277745e-01	9.026198806092243510e-02	-1.219638974456698499e-01	1.421570582469069421e-01	-7.196184170042209394e-02	7.306349193142448739e-02	-9.441818670618296050e-02	8.393437990544982963e-02	-1.028546228653351019e-01	5.835823114127842992e-02	-5.990786706052865507e-02
-1.091778089373179605e-01	1.180862546475028030e-01	-1.038492536576406944e-01	1.044754165077615565e-01	-2.432667903457954028e-01	1.418295806368093936e-01	-1.570257072581205671e-01	2.728569407161062776e-01	-2.429245437982760492e-01	1.766245083120165371e-01	-1.615564658981352986e-01	1.840419009183458243e-01	-5.503495376946681006e-01	2.382279053259576118e-01	-2.529360555633690111e-01	2.328410622526715101e-01	-4.005939702089260646e-01	1.000000000000000444e+00	-4.151300882631523415e-01	2.526546446137287738e-01	-1.936135030232641885e-01	1.965470880382895469e-01	-2.907666951321300486e-01	2.544112951119905652e-01	-1.723405133050058824e-01	1.981776096204579674e-01	-1.688979550720479672e-01	1.644952522401953443e-01	-2.008253346389051730e-01	1.445725189359117757e-01	-1.000824862858525760e-01	1.364173085183903733e-01	-1.803714461758121612e-01	9.643429321267560361e-02	-1.001210097553929534e-01	1.063527559381787641e-01	-9.848985378157877613e-02	1.219874192544563307e-01	-7.592175499970896246e-02	7.720702539769680461e-02
7.922814081474231773e-02	-8.957943160139703043e-02	8.624270240139933486e-02	-9.119505690499175865e-02	2.089690334766695079e-01	-9.856777764809880604e-02	1.035098510879027406e-01	-2.354433159804962539e-01	2.337353000324838559e-01	-1.791283154244558418e-01	1.029040035535302433e-01	-1.210343186848517189e-01	2.521857517310269747e-01	-3.774714880381503379e-01	2.632743697110747627e-01	-1.503845189438013097e-01	1.695391451899092017e-01	-4.151300882631523415e-01	1.000000000000001776e+00	-4.102879218290146901e-01	1.356920955672538120e-01	-1.392233771013610677e-01	1.895765135098130827e-01	-6.162627038785378764e-01	2.168296114217314607e-01	-1.651785592168344419e-01	1.404340546120027844e-01	-1.438520467146313098e-01	2.163189518117452637e-01	-1.747340361290307675e-01	8.606097274267798802e-02	-1.185724328200025574e-01	1.568016539549519917e-01	-9.866641055256804294e-02	1.017563383563200169e-01	-9.343440017371547335e-02	8.689248137061306165e-02	-1.097883699347252384e-01	7.391938622449475971e-02	-7.593578316275632900e-02
-9.363166704313186095e-02	1.030169728762563852e-01	-1.061639267765942668e-01	1.091715105851751855e-01	-3.276778718729350115e-01	1.069538193673555959e-01	-1.153609347874364061e-01	2.418387057178946753e-01	-2.752132557524342160e-01	2.294820759522991360e-01	-1.119163051447049778e-01	1.268852444083377884e-01	-2.601016595539519249e-01	2.627403771538422417e-01	-4.330954824490680921e-01	1.514285732994682665e-01	-1.684369517129747917e-01	2.526546446137287738e-01	-4.102879218290146901e-01	1.000000000000001776e+00	-1.660852516772428344e-01	1.627930074226001389e-01	-2.420637340422522599e-01	3.072875307489076335e-01	-4.315326931450790826e-01	2.010516650173137798e-01	-1.902231847739283277e-01	1.895719999066758366e-01	-3.124774381963720815e-01	2.503033377965824813e-01	-1.129560554625666791e-01	1.535093265762908499e-01	-2.250646183633702169e-01	1.391564133833429751e-01	-1.534674592542310256e-01	1.203780714829918025e-01	-1.174174738230453763e-01	1.446546903123960837e-01	-1.057166666011315759e-01	1.060125955497124850e-01
8.905377953382050127e-02	-9.978926916479070874e-02	5.996300385789984921e-02	-6.261301411343039858e-02	1.345080621370567386e-01	-1.332161595206057259e-01	1.242918932091179041e-01	-1.432883056861962434e-01	1.173262436659150837e-01	-9.505783195092039339e-02	1.511135175232612426e-01	-1.521363252828650536e-01	1.503142199833312209e-01	-1.081628420037278326e-01	1.257840541643321375e-01	-3.283882394739572885e-01	2.407991449982166132e-01	-1.936135030232641885e-01	1.356920955672538120e-01	-1.660852516772428344e-01	1.000000000000001332e+00	-6.513375126371624413e-01	2.830987837501001136e-01	-1.551150589359550358e-01	1.172594458478985746e-01	-5.093304912792857575e-01	2.365621985752292544e-01	-1.858420860122352580e-01	1.610391426330927689e-01	-1.156556547103496785e-01	1.508697302554969366e-01	-1.919680599257666542e-01	1.919290786969819751e-01	-9.046300626018324853e-02	8.962959145733263855e-02	-1.506428421424178821e-01	1.253103774679679705e-01	-1.495111210716947858e-01	7.623507698125797649e-02	-7.856285874130106150e-02
-8.277626885678925073e-02	9.070179763848519594e-02	-5.827883820120706437e-02	6.043969072021140171e-02	-1.348783913816341828e-01	1.161285696832243530e-01	-1.177976049055724089e-01	1.389636234908903922e-01	-1.177108811558843643e-01	9.454260735629239909e-02	-1.357741561411028586e-01	1.395355107556514596e-01	-1.544529360578067723e-01	1.083401090482905837e-01	-1.267718013423886625e-01	2.297972930929057800e-01	-3.011813116457854878e-01	1.965470880382895469e-01	-1.392233771013610677e-01	1.627930074226001389e-01	-6.513375126371624413e-01	1.000000000000000000e+00	-5.046030506389934667e-01	1.554972761333972830e-01	-1.201766939659969780e-01	2.959920702258571623e-01	-2.976854852413303165e-01	2.158464161367709411e-01	-1.746025148642720848e-01	1.187228495031293490e-01	-1.364935949683420691e-01	1.861342095376797845e-01	-2.159238800580717266e-01	9.312266786278892983e-02	-9.231856763840638747e-02	1.348647058476896976e-01	-1.224071397417716978e-01	1.449559630850970060e-01	-7.679900709712081386e-02	7.826756137714445394e-02
9.151263509859704215e-02	-1.049887250057933291e-01	7.438643304346431728e-02	-7.858087583499448470e-02	1.681741070395749438e-01	-1.219653269214272112e-01	1.201152165818636236e-01	-1.893616123064753021e-01	1.513466730298648200e-01	-1.234612664372105595e-01	1.283602000051246028e-01	-1.438268515945909376e-01	1.914190665201066788e-01	-1.448740051244763738e-01	1.642240430589082811e-01	-2.067393498186183010e-01	2.114215500948748994e-01	-2.907666951321300486e-01	1.895765135098130827e-01	-2.420637340422522599e-01	2.830987837501001136e-01	-5.046030506389934667e-01	1.000000000000001110e+00	-2.403477040995724290e-01	1.699348490860315697e-01	-3.795620782868920351e-01	2.849226054638729910e-01	-4.639187482227037362e-01	2.462615470452481081e-01	-1.822783207729586907e-01	1.735738004058114126e-01	-2.538122759428648179e-01	2.833197592336407777e-01	-1.377229951881628611e-01	1.302844888628496289e-01	-1.931886820115739090e-01	1.652940874358830303e-01	-2.193266103966504954e-01	1.108374246991736811e-01	-1.166748640187086350e-01
-8.098265467298650100e-02	8.960535751718057274e-02	-8.531234281310608181e-02	8.824482465602842551e-02	-2.290925438906485923e-01	9.640649277982894783e-02	-1.032588563421209804e-01	2.073582153682144991e-01	-2.268295795007136129e-01	1.700647183161421439e-01	-1.019499344715792816e-01	1.155147444535469109e-01	-2.340626503839093320e-01	2.308868584107511557e-01	-2.631338147038124187e-01	1.416317024011085612e-01	-1.625387698195458475e-01	2.544112951119905652e-01	-6.162627038785378764e-01	3.072875307489076335e-01	-1.551150589359550358e-01	1.554972761333972830e-01	-2.403477040995724290e-01	1.000000000000001110e+00	-3.753980943812713078e-01	1.877689249816397177e-01	-1.794776245789083124e-01	1.923818723167283196e-01	-3.861071378216658911e-01	2.446129964290385816e-01	-1.048971258733915474e-01	1.444238956759790748e-01	-2.122467465282555921e-01	1.390971251886788385e-01	-1.476525858941114544e-01	1.123874852846308559e-01	-1.090915031889540393e-01	1.362922703214585474e-01	-1.016185687629051482e-01	1.015024223894427091e-01
5.947554041886935622e-02	-6.763172768882248775e-02	6.036212341982026552e-02	-6.373505480525920586e-02	1.553866435373759958e-01	-7.177717011525741597e-02	7.420883301092794093e-02	-1.509926939015075187e-01	1.413354620130297112e-01	-1.177956744015451196e-01	7.394185004214855195e-02	-8.445406300453929538e-02	1.476895435847627169e-01	-1.441424858466136272e-01	1.746959351314733566e-01	-1.057457931648573685e-01	1.115973274064778475e-01	-1.723405133050058824e-01	2.168296114217314607e-01	-4.315326931450790826e-01	1.172594458478985746e-01	-1.201766939659969780e-01	1.699348490860315697e-01	-3.753980943812713078e-01	1.000000000000002665e+00	-1.604970551668134238e-01	1.431084603793634502e-01	-1.633233424870114137e-01	2.882077010381478011e-01	-7.054595425960333843e-01	8.906351052194054485e-02	-1.249721405680665476e-01	1.679734103489667896e-01	-1.454496020400325440e-01	1.509885861150634112e-01	-9.880597847291075486e-02	9.373715524691317302e-02	-1.225403611320841218e-01	9.690366352938957484e-02	-1.059289618685034240e-01
-9.209641858321045149e-02	9.893119567448804830e-02	-7.197551035317516221e-02	7.412227591506172220e-02	-1.854742470650911912e-01	1.149051618368038125e-01	-1.200635284696080496e-01	1.643957514528777974e-01	-1.499198329362396165e-01	1.226783066839883390e-01	-1.303281084925002609e-01	1.327543172692073337e-01	-1.764599234989199239e-01	1.329449393566722315e-01	-1.641411450620416657e-01	1.949608166434806111e-01	-2.040697309609269816e-01	1.981776096204579674e-01	-1.651785592168344419e-01	2.010516650173137798e-01	-5.093304912792857575e-01	2.959920702258571623e-01	-3.795620782868920351e-01	1.877689249816397177e-01	-1.604970551668134238e-01	1.000000000000001776e+00	-4.506307287435009634e-01	2.565137207101257366e-01	-2.370368318790244122e-01	1.539740128425363119e-01	-3.164636268374396155e-01	2.778353611178526750e-01	-3.162668728609346891e-01	1.294267204345718181e-01	-1.325510522298037897e-01	2.241099823213450470e-01	-2.058633193726702171e-01	2.087131888661180046e-01	-1.113230933992035432e-01	1.099761425690247152e-01
7.042636435532317885e-02	-7.964578246406468776e-02	5.713074005591216309e-02	-6.005009425833199993e-02	1.366431710025582669e-01	-9.045449724770046607e-02	9.051073493778027945e-02	-1.386822535680022617e-01	1.173186452377497913e-01	-9.680253256690907193e-02	9.609886450992653761e-02	-1.049477400143833672e-01	1.377960323438102708e-01	-1.092425440052875590e-01	1.292776999718940334e-01	-1.491045587177242115e-01	1.512357820828885147e-01	-1.688979550720479672e-01	1.404340546120027844e-01	-1.902231847739283277e-01	2.365621985752292544e-01	-2.976854852413303165e-01	2.849226054638729910e-01	-1.794776245789083124e-01	1.431084603793634502e-01	-4.506307287435009634e-01	1.000000000000000000e+00	-4.223399952741963559e-01	2.226674088704341248e-01	-1.560869774456450365e-01	2.486879754322446623e-01	-5.632998476271618982e-01	2.944404425488238441e-01	-1.313316554754097587e-01	1.243357037255309744e-01	-2.500835561257774842e-01	2.114944098954604779e-01	-2.501969391951188171e-01	1.126006184832535340e-01	-1.165079458362398845e-01
-6.183611837651721566e-02	6.996822711505723547e-02	-5.284557912210249842e-02	5.556462744584501900e-02	-1.274470566444277919e-01	7.846471957444903222e-02	-7.938604600046457460e-02	1.302197904909103143e-01	-1.118937483442700026e-01	9.165690939318643649e-02	-8.306173044084212698e-02	9.166239050190011506e-02	-1.316723595991324547e-01	1.060706308065495068e-01	-1.246589215724085847e-01	1.259870545951114751e-01	-1.320419951771827360e-01	1.644952522401953443e-01	-1.438520467146313098e-01	1.895719999066758366e-01	-1.858420860122352580e-01	2.158464161367709411e-01	-4.639187482227037362e-01	1.923818723167283196e-01	-1.633233424870114137e-01	2.565137207101257366e-01	-4.223399952741963559e-01	1.000000000000000888e+00	-4.130207456897443397e-01	1.872840120598784630e-01	-1.555889178851990462e-01	2.408086113887763779e-01	-5.694715414225051120e-01	1.518942078446100241e-01	-1.398798300736357469e-01	1.649711409218797831e-01	-1.617118937193744443e-01	2.101427713097820393e-01	-1.134583502831822688e-01	1.137467075084545171e-01
7.154218806013327991e-02	-8.204113097091098039e-02	6.728475219708954236e-02	-7.140219298228733802e-02	1.630133136489240464e-01	-8.847069598609984264e-02	8.977849770328405477e-02	-1.705156945926098455e-01	1.485488193543096080e-01	-1.227166722476311367e-01	9.115685212862692510e-02	-1.033632514249516604e-01	1.634383311281251139e-01	-1.487349877709515933e-01	1.711835921706207631e-01	-1.341816068682661345e-01	1.381787952999830593e-01	-2.008253346389051730e-01	2.163189518117452637e-01	-3.124774381963720815e-01	1.610391426330927689e-01	-1.746025148642720848e-01	2.462615470452481081e-01	-3.861071378216658911e-01	2.882077010381478011e-01	-2.370368318790244122e-01	2.226674088704341248e-01	-4.130207456897443397e-01	9.999999999999984457e-01	-5.119132693381454047e-01	1.339960658938879612e-01	-1.970727746514002177e-01	2.652915430051582257e-01	-2.944516046678796739e-01	2.189585965660579558e-01	-1.507291973306053856e-01	1.421421403660114158e-01	-1.929750983864387814e-01	1.536901951940550515e-01	-1.600602373341447615e-01
-5.320496964698001596e-02	5.980325439499459272e-02	-5.254840149695674117e-02	5.496850005499493569e-02	-1.395427654043374932e-01	6.391851545247555222e-02	-6.648656640364485060e-02	1.272164869069471183e-01	-1.220466360974176018e-01	1.001684321554076607e-01	-6.661606859975405248e-02	7.500152441682020332e-02	-1.284915591193724338e-01	1.176197279930328160e-01	-1.475463190392068968e-01	9.510172472842833014e-02	-1.013629778707277745e-01	1.445725189359117757e-01	-1.747340361290307675e-01	2.503033377965824813e-01	-1.156556547103496785e-01	1.187228495031293490e-01	-1.822783207729586907e-01	2.446129964290385816e-01	-7.054595425960333843e-01	1.539740128425363119e-01	-1.560869774456450365e-01	1.872840120598784630e-01	-5.119132693381454047e-01	1.000000000000000000e+00	-9.068042608039525443e-02	1.269471441811776125e-01	-1.950518634302660370e-01	1.790443978019160276e-01	-2.214736265249637182e-01	9.862712006196602821e-02	-9.844582972868014259e-02	1.263779412073098296e-01	-1.162326880367228615e-01	1.215940125435822222e-01
4.377550642763227556e-02	-4.856511921071120230e-02	3.598388709291193421e-02	-3.751013217365400942e-02	9.034680565819759590e-02	-5.447146748815941825e-02	5.573553141947097667e-02	-8.486091349737104328e-02	7.483340218711330427e-02	-6.175052337447271833e-02	5.862074026664452348e-02	-6.293250456434515416e-02	8.626754285407867151e-02	-6.798205576752010260e-02	8.258764484372320414e-02	-8.771787811498187037e-02	9.026198806092243510e-02	-1.000824862858525760e-01	8.606097274267798802e-02	-1.129560554625666791e-01	1.508697302554969366e-01	-1.364935949683420691e-01	1.735738004058114126e-01	-1.048971258733915474e-01	8.906351052194054485e-02	-3.164636268374396155e-01	2.486879754322446623e-01	-1.555889178851990462e-01	1.339960658938879612e-01	-9.068042608039525443e-02	9.999999999999980016e-01	-5.147024933457523543e-01	2.081125768496305539e-01	-8.972351245369897255e-02	8.780381843543798304e-02	-6.928784642721375064e-01	2.630899185312998156e-01	-2.397280788931774875e-01	8.918946251812290282e-02	-8.887549367085459395e-02
-5.875293463321603488e-02	6.495347908841109241e-02	-4.890914149379189946e-02	5.089549660702113315e-02	-1.241430299863421627e-01	7.256011709282494948e-02	-7.476923178078230536e-02	1.150619790623069461e-01	-1.025559143236581539e-01	8.451425029497282304e-02	-7.815726905933473301e-02	8.410579981808062600e-02	-1.179904168665173864e-01	9.305574321929445392e-02	-1.134197836853147318e-01	1.155410939993761488e-01	-1.219638974456698499e-01	1.364173085183903733e-01	-1.185724328200025574e-01	1.535093265762908499e-01	-1.919680599257666542e-01	1.861342095376797845e-01	-2.538122759428648179e-01	1.444238956759790748e-01	-1.249721405680665476e-01	2.778353611178526750e-01	-5.632998476271618982e-01	2.408086113887763779e-01	-1.970727746514002177e-01	1.269471441811776125e-01	-5.147024933457523543e-01	9.999999999999982236e-01	-3.395473088649856863e-01	1.195465292262017781e-01	-1.192182663904201717e-01	2.919397862280087574e-01	-3.385050775627455599e-01	2.478462066868695191e-01	-1.113797128608568221e-01	1.076156846536116957e-01
7.189122062840712368e-02	-8.246642274894024072e-02	6.135130231171736365e-02	-6.497499287516979305e-02	1.451620424145331767e-01	-9.036144692813334600e-02	9.037705577717206062e-02	-1.520771502789940999e-01	1.267789725877588036e-01	-1.053421917697870691e-01	9.373399085380738904e-02	-1.044971214805233833e-01	1.458170022679250999e-01	-1.202180039146824309e-01	1.409711135723045738e-01	-1.411101759693142166e-01	1.421570582469069421e-01	-1.803714461758121612e-01	1.568016539549519917e-01	-2.250646183633702169e-01	1.919290786969819751e-01	-2.159238800580717266e-01	2.833197592336407777e-01	-2.122467465282555921e-01	1.679734103489667896e-01	-3.162668728609346891e-01	2.944404425488238441e-01	-5.694715414225051120e-01	2.652915430051582257e-01	-1.950518634302660370e-01	2.081125768496305539e-01	-3.395473088649856863e-01	9.999999999999993339e-01	-2.090537936397038610e-01	1.716951506611090472e-01	-2.523929639765197797e-01	2.401209526628179103e-01	-4.154062874869208222e-01	1.600847616214891023e-01	-1.661642433914471140e-01
-3.737316096824785244e-02	4.229728683719129884e-02	-3.426526169752459189e-02	3.606353091669779742e-02	-8.604002831345348989e-02	4.559118592896360678e-02	-4.669719990531895348e-02	8.388627890959500510e-02	-7.477449407189620811e-02	6.182352571399228613e-02	-4.748782155795042148e-02	5.303050990195472963e-02	-8.225907355226656781e-02	7.134537571761738473e-02	-8.567931966268357846e-02	6.910395609621282353e-02	-7.196184170042209394e-02	9.643429321267560361e-02	-9.866641055256804294e-02	1.391564133833429751e-01	-9.046300626018324853e-02	9.312266786278892983e-02	-1.377229951881628611e-01	1.390971251886788385e-01	-1.454496020400325440e-01	1.294267204345718181e-01	-1.313316554754097587e-01	1.518942078446100241e-01	-2.944516046678796739e-01	1.790443978019160276e-01	-8.972351245369897255e-02	1.195465292262017781e-01	-2.090537936397038610e-01	9.999999999999992228e-01	-7.511366951148511495e-01	1.000671580065442684e-01	-1.210131657020462048e-01	1.637920234399284913e-01	-4.360809632559283222e-01	2.969084301249706459e-01
3.850460428662992596e-02	-4.388935064332485231e-02	3.550609766795163880e-02	-3.753498838815860078e-02	8.776518982742233244e-02	-4.702423695437406986e-02	4.792465758928934200e-02	-8.794509696169616753e-02	7.703460879973401954e-02	-6.405510098662015039e-02	4.863283867721961834e-02	-5.462588350060607750e-02	8.454931274768266725e-02	-7.434268905687008155e-02	8.851543506689900365e-02	-7.083089231520919848e-02	7.306349193142448739e-02	-1.001210097553929534e-01	1.017563383563200169e-01	-1.534674592542310256e-01	8.962959145733263855e-02	-9.231856763840638747e-02	1.302844888628496289e-01	-1.476525858941114544e-01	1.509885861150634112e-01	-1.325510522298037897e-01	1.243357037255309744e-01	-1.398798300736357469e-01	2.189585965660579558e-01	-2.214736265249637182e-01	8.780381843543798304e-02	-1.192182663904201717e-01	1.716951506611090472e-01	-7.511366951148511495e-01	9.999999999999991118e-01	-1.007722482465342323e-01	1.128825637007371541e-01	-1.608700454195093887e-01	2.949008221662463014e-01	-4.650222579653000565e-01
-4.655312233271768907e-02	5.119451853898379645e-02	-3.905397082665239966e-02	4.054178640362802316e-02	-1.007942855461938098e-01	5.682586902806313622e-02	-5.892652258541006272e-02	9.099928255612145522e-02	-8.216858417330405451e-02	6.779442204750034395e-02	-6.130249358261941062e-02	6.575177234583585995e-02	-9.363185602230425508e-02	7.392968842668874718e-02	-9.091384141905431426e-02	8.956273186728146152e-02	-9.441818670618296050e-02	1.063527559381787641e-01	-9.343440017371547335e-02	1.203780714829918025e-01	-1.506428421424178821e-01	1.348647058476896976e-01	-1.931886820115739090e-01	1.123874852846308559e-01	-9.880597847291075486e-02	2.241099823213450470e-01	-2.500835561257774842e-01	1.649711409218797831e-01	-1.507291973306053856e-01	9.862712006196602821e-02	-6.928784642721375064e-01	2.919397862280087574e-01	-2.523929639765197797e-01	1.000671580065442684e-01	-1.007722482465342323e-01	9.999999999999986677e-01	-4.917598635963056353e-01	2.584871773375509441e-01	-1.032265768185047922e-01	9.689219335490018015e-02
4.197351937745228551e-02	-4.695234857724299438e-02	3.545480625907295597e-02	-3.709516420621618987e-02	8.869253043163484451e-02	-5.178912461222335423e-02	5.291511584645666733e-02	-8.450838732062293523e-02	7.409310261316534585e-02	-6.131987630253735860e-02	5.495271703969130395e-02	-5.985901552493230054e-02	8.445304706121521676e-02	-6.794082032931350601e-02	8.221703577137681740e-02	-8.125780879300414927e-02	8.393437990544982963e-02	-9.848985378157877613e-02	8.689248137061306165e-02	-1.174174738230453763e-01	1.253103774679679705e-01	-1.224071397417716978e-01	1.652940874358830303e-01	-1.090915031889540393e-01	9.373715524691317302e-02	-2.058633193726702171e-01	2.114944098954604779e-01	-1.617118937193744443e-01	1.421421403660114158e-01	-9.844582972868014259e-02	2.630899185312998156e-01	-3.385050775627455599e-01	2.401209526628179103e-01	-1.210131657020462048e-01	1.128825637007371541e-01	-4.917598635963056353e-01	9.999999999999992228e-01	-6.869666047461009395e-01	1.448993947676775751e-01	-1.421554532668896642e-01
-5.164099974512476043e-02	5.728795649339597784e-02	-4.437330414049922567e-02	4.623247170340247236e-02	-1.137954205570108068e-01	6.292093962685811614e-02	-6.499993711556596721e-02	1.046886922903870476e-01	-9.395007086406353958e-02	7.759372091629436474e-02	-6.703605403974907673e-02	7.289871223679147971e-02	-1.062445964979801677e-01	8.549648076494570370e-02	-1.045428145421951893e-01	9.770019813771313455e-02	-1.028546228653351019e-01	1.219874192544563307e-01	-1.097883699347252384e-01	1.446546903123960837e-01	-1.495111210716947858e-01	1.449559630850970060e-01	-2.193266103966504954e-01	1.362922703214585474e-01	-1.225403611320841218e-01	2.087131888661180046e-01	-2.501969391951188171e-01	2.101427713097820393e-01	-1.929750983864387814e-01	1.263779412073098296e-01	-2.397280788931774875e-01	2.478462066868695191e-01	-4.154062874869208222e-01	1.637920234399284913e-01	-1.608700454195093887e-01	2.584871773375509441e-01	-6.869666047461009395e-01	9.999999999999993339e-01	-2.542074410384977945e-01	1.828859660652203400e-01
3.032217146151054352e-02	-3.424459497279681158e-02	2.724189183443523690e-02	-2.865491690483562906e-02	6.821470005208689347e-02	-3.697620016975883273e-02	3.784930188025689701e-02	-6.630749344418795932e-02	5.851280190750975108e-02	-4.853452603247665476e-02	3.861491685067287155e-02	-4.288733014881963845e-02	6.486995962084729506e-02	-5.523162785737570357e-02	6.638356290409114235e-02	-5.623780311252772612e-02	5.835823114127842992e-02	-7.592175499970896246e-02	7.391938622449475971e-02	-1.057166666011315759e-01	7.623507698125797649e-02	-7.679900709712081386e-02	1.108374246991736811e-01	-1.016185687629051482e-01	9.690366352938957484e-02	-1.113230933992035432e-01	1.126006184832535340e-01	-1.134583502831822688e-01	1.536901951940550515e-01	-1.162326880367228615e-01	8.918946251812290282e-02	-1.113797128608568221e-01	1.600847616214891023e-01	-4.360809632559283222e-01	2.949008221662463014e-01	-1.032265768185047922e-01	1.448993947676775751e-01	-2.542074410384977945e-01	9.999999999999994449e-01	-7.885890160463522314e-01
