1.000000000000000222e+00	-9.014741963880876785e-01	2.864364243892474071e-02	-2.296916672568427575e-02	2.532897809681082524e-02	-3.329331314714206180e-01	2.493444440873436307e-01	-4.044729654406094971e-02	3.704488430586860837e-02	-2.114697343705871507e-02	9.618240619385878820e-02	-6.846276900596423576e-02	5.635337565252530184e-02	-2.168781147410698065e-02	2.105767355030137289e-02	-9.722795764501210303e-02	4.984058219737180773e-02	-5.228062888406943831e-02	2.064935843548702105e-02	-2.065375289243703491e-02	4.000031458516835337e-02	-2.342268523669988403e-02	1.985566564332584549e-02	-1.942509544136371280e-02	1.746462927741158563e-02	-2.387884782967390762e-02	2.282212754437385610e-02	-2.235102618296067392e-02	1.959527306437157390e-02	-1.858028516557081594e-02	2.513779250460779560e-02	-2.821511719916173361e-02	1.831447911180035873e-02	-2.041928152316793699e-02	1.590430449154921558e-02	-2.042608118936268050e-02	1.408056351554393647e-02	-1.350353012457977328e-02	1.196058919232884446e-02	-2.007544895425891415e-02
-9.014741963880876785e-01	1.000000000000000444e+00	-3.100702871568104466e-02	2.444656095577996818e-02	-2.671186374067486408e-02	2.435966794874853680e-01	-3.428262172649343409e-01	4.347286364934282998e-02	-4.013002876024243659e-02	2.214954413612990267e-02	-8.792161870939432800e-02	6.876374463139524329e-02	-5.948105676797062202e-02	2.222693524825771275e-02	-2.156900895353533465e-02	8.276506178210309150e-02	-4.872589192773815747e-02	4.965998665126820921e-02	-2.128352946332370821e-02	2.087394728713901776e-02	-3.731854928661009624e-02	2.170340021882179518e-02	-1.865017441923536370e-02	1.914808056847880705e-02	-1.731453686770744946e-02	2.203811132502175169e-02	-2.144906860635751103e-02	2.087562519809333869e-02	-1.901619790465269855e-02	1.793866978437759843e-02	-2.362653253814722687e-02	2.600045193677152575e-02	-1.713430704923159936e-02	1.901411994914652820e-02	-1.505677211669819229e-02	1.879850112240032817e-02	-1.301420196037863034e-02	1.255103798345329202e-02	-1.115483182654645848e-02	1.884229122723155014e-02
2.864364243892474071e-02	-3.100702871568104466e-02	1.000000000000000222e+00	-8.183603297889550099e-01	2.189760969008279767e-01	-5.221654304775577571e-02	5.595017088194644689e-02	-3.848639734059208783e-01	2.727138657055959148e-01	-2.122924512145938636e-01	5.431903673590810638e-02	-1.546026187674821029e-01	1.547660418814109096e-01	-1.110933860524647432e-01	1.217781682948978345e-01	-5.736322455100753559e-02	8.027378277479225999e-02	-1.112685514595729425e-01	9.517997453525117724e-02	-1.310295770121494285e-01	5.643664279259447830e-02	-3.926479889051553984e-02	3.707427924747321024e-02	-7.852414191868511972e-02	7.121783503988909914e-02	-3.654176197385664709e-02	4.364762738793891844e-02	-4.369831908833107098e-02	6.116921943718514609e-02	-6.185806752370718448e-02	4.390177470822095862e-02	-4.786891027627934725e-02	3.715775512520239771e-02	-4.126625080457484857e-02	4.011211058164774329e-02	-3.497447753354619715e-02	2.503552955847867731e-02	-2.701646304049912933e-02	2.462088751810632276e-02	-4.786356511384236290e-02
-2.296916672568427575e-02	2.444656095577996818e-02	-8.183603297889550099e-01	1.000000000000000222e+00	-3.172308753844840790e-01	4.095648108525079545e-02	-4.467738217764278402e-02	2.590167816940832646e-01	-3.617999544315365634e-01	2.086387823829984056e-01	-4.393565641539408373e-02	1.183013363085685943e-01	-1.309658449617474574e-01	1.068718838455642306e-01	-1.207315678292938399e-01	4.575287373214226988e-02	-6.425159077120193296e-02	8.648202354928934132e-02	-9.580973318175250997e-02	1.182782938182102422e-01	-4.827671770497187625e-02	3.322225848986001123e-02	-3.168466404101930034e-02	7.153551815053561802e-02	-6.596052628446275046e-02	3.120861348614648381e-02	-3.790220512196165736e-02	3.779633039675136391e-02	-5.574931072032898033e-02	5.529294466379112288e-02	-3.777400933642445502e-02	4.050174127669466106e-02	-3.212542124967388696e-02	3.549618176032156430e-02	-3.519248495001155164e-02	2.950196617686781306e-02	-2.124828983953074707e-02	2.310846358203250822e-02	-2.116174156993110358e-02	4.139843687125983884e-02
2.532897809681082524e-02	-2.671186374067486408e-02	2.189760969008279767e-01	-3.172308753844840790e-01	9.999999999999997780e-01	-4.710014983489031748e-02	5.015310467054243104e-02	-2.328152315341903977e-01	2.416541569782704735e-01	-7.839238914138328962e-01	5.502770619233537247e-02	-1.399889735248790457e-01	1.345186363582729916e-01	-1.412107040750610332e-01	2.474661226256708590e-01	-5.784174941768992911e-02	7.823601529230227170e-02	-1.076703275889729916e-01	1.192822773325781377e-01	-2.806947749911071210e-01	7.154826563812355378e-02	-5.003740371814228288e-02	4.784486195075438736e-02	-1.261564247331846689e-01	1.172591465278723932e-01	-4.735721596403148076e-02	5.886537550879060443e-02	-5.948172277151887732e-02	9.172263803370128699e-02	-1.005498800773208939e-01	5.807081695718219194e-02	-6.354884317039753705e-02	5.169940661127446491e-02	-5.787192069490062346e-02	6.025392495504828388e-02	-4.667440287311588193e-02	3.376851877807927199e-02	-3.807016887454222481e-02	3.490550392287888187e-02	-7.164502658683577496e-02
-3.329331314714206180e-01	2.435966794874853680e-01	-5.221654304775577571e-02	4.095648108525079545e-02	-4.710014983489031748e-02	9.999999999999993339e-01	-8.382627383378248309e-01	8.006489013883949513e-02	-7.382768858360432007e-02	3.886079183256062330e-02	-2.651314874681279798e-01	1.318087349815299514e-01	-1.129751787273260005e-01	4.009399056707806802e-02	-3.817296657188481990e-02	1.862540699989765625e-01	-9.626671699314248709e-02	9.346715917835722587e-02	-3.853576420130793573e-02	3.672055452930084868e-02	-7.241993808786742481e-02	4.090105781336433183e-02	-3.479792197865998193e-02	3.444379056754865581e-02	-3.108822737470219588e-02	4.194008234396599810e-02	-3.980014660157799034e-02	3.875911765292906763e-02	-3.449932365366772252e-02	3.240800410855124852e-02	-4.382735910347541203e-02	4.801815832340189383e-02	-3.146755388373837642e-02	3.489540594471000901e-02	-2.736434127571261976e-02	3.460504617874346489e-02	-2.394699164452549975e-02	2.297833857624142009e-02	-2.040702109734145522e-02	3.426883663033613442e-02
2.493444440873436307e-01	-3.428262172649343409e-01	5.595017088194644689e-02	-4.467738217764278402e-02	5.015310467054243104e-02	-8.382627383378248309e-01	9.999999999999992228e-01	-9.490687982357358388e-02	7.906210611441029379e-02	-4.213540218893650074e-02	1.930683784732264707e-01	-1.638212794842527353e-01	1.198192931831196378e-01	-4.373789206863973322e-02	4.111372669076649583e-02	-2.049550770094962504e-01	1.027093793551558942e-01	-1.060643817459023114e-01	4.142110953306703258e-02	-4.011859139564356858e-02	7.643358492018166583e-02	-4.523598645907517951e-02	3.817084144441646593e-02	-3.780059719310208816e-02	3.390306536846400542e-02	-4.595329588330347020e-02	4.354094191460420454e-02	-4.290678644681038267e-02	3.778162068017003328e-02	-3.575860423314740355e-02	4.756258099189378252e-02	-5.381614454059466257e-02	3.493456669049967156e-02	-3.899637841981245384e-02	3.037076817697931599e-02	-3.892832269421134944e-02	2.682373885315848805e-02	-2.573795745751678368e-02	2.279097426633213547e-02	-3.831448033499257333e-02
-4.044729654406094971e-02	4.347286364934282998e-02	-3.848639734059208783e-01	2.590167816940832646e-01	-2.328152315341903977e-01	8.006489013883949513e-02	-9.490687982357358388e-02	1.000000000000000000e+00	-7.090695870698654479e-01	1.998804150290630910e-01	-7.803473272548856754e-02	2.198706628867851953e-01	-3.780445880310498441e-01	1.648700107805264881e-01	-1.434172133962239859e-01	7.950563204818204832e-02	-1.168734270554498411e-01	1.501890966572664854e-01	-1.549131885727312030e-01	1.293747706400737996e-01	-7.361276909128568191e-02	4.991673509973019313e-02	-4.752628492785430231e-02	9.592390339651275799e-02	-8.828592313348349041e-02	4.658554211652570637e-02	-5.547718143087402437e-02	5.487022571846437297e-02	-7.821929120046816619e-02	7.286829535429927007e-02	-5.566064560511464060e-02	5.866297567912761440e-02	-4.579701804932503895e-02	5.015097217179355360e-02	-4.811018835167501367e-02	4.244626721492202048e-02	-3.050142406057707728e-02	3.239633432937821106e-02	-2.964850885074816686e-02	5.615897838883951443e-02
3.704488430586860837e-02	-4.013002876024243659e-02	2.727138657055959148e-01	-3.617999544315365634e-01	2.416541569782704735e-01	-7.382768858360432007e-02	7.906210611441029379e-02	-7.090695870698654479e-01	9.999999999999992228e-01	-3.120166561211427658e-01	7.527316749538673357e-02	-2.235654418562295909e-01	2.264242021605867572e-01	-2.414358431199583876e-01	1.625013202775447141e-01	-7.949622499793004837e-02	1.125012237236020229e-01	-1.565004922357915440e-01	1.703633197162430502e-01	-1.586425861861779640e-01	7.621586581627244616e-02	-5.311229812496526953e-02	5.039625971297386625e-02	-1.121782887690009611e-01	9.901530795783609895e-02	-4.918526405583035360e-02	5.908407637654083250e-02	-5.925731371499107919e-02	8.588169381529159319e-02	-8.265621381868361317e-02	5.871845288742144620e-02	-6.334508772721583747e-02	4.961763358402968699e-02	-5.481273135301379523e-02	5.312914203750507269e-02	-4.602579701072565671e-02	3.303438944347699552e-02	-3.548904708929920965e-02	3.243043635785644585e-02	-6.251495771435996995e-02
-2.114697343705871507e-02	2.214954413612990267e-02	-2.122924512145938636e-01	2.086387823829984056e-01	-7.839238914138328962e-01	3.886079183256062330e-02	-4.213540218893650074e-02	1.998804150290630910e-01	-3.120166561211427658e-01	9.999999999999987788e-01	-4.567216813106309004e-02	1.125700181034437475e-01	-1.206473795269355359e-01	1.305484900150089833e-01	-3.771754172383993686e-01	4.731014085993372198e-02	-6.453716497111143535e-02	8.613644943468420911e-02	-1.160897813255409999e-01	2.334888129635467047e-01	-6.033931400406116613e-02	4.147515795578302078e-02	-4.005761686070932054e-02	1.064961418073412519e-01	-1.040386599994774647e-01	3.957509166070725254e-02	-4.969517392310174309e-02	4.976942004138422415e-02	-7.958887659043069329e-02	8.377103863463140898e-02	-4.872512281879917001e-02	5.194081910717680134e-02	-4.299746106031976378e-02	4.763955739440740161e-02	-5.015096623924208963e-02	3.790215686136422235e-02	-2.759109638385496069e-02	3.103225878035346247e-02	-2.862073622310704057e-02	5.825722250424889004e-02
9.618240619385878820e-02	-8.792161870939432800e-02	5.431903673590810638e-02	-4.393565641539408373e-02	5.502770619233537247e-02	-2.651314874681279798e-01	1.930683784732264707e-01	-7.803473272548856754e-02	7.527316749538673357e-02	-4.567216813106309004e-02	9.999999999999986677e-01	-2.118012862273569163e-01	1.449868507536953843e-01	-5.382721870912906409e-02	5.136409611916620266e-02	-8.599708479106170644e-01	1.839370101553056414e-01	-1.857369559014513671e-01	5.128858341631602896e-02	-5.165890981228032919e-02	1.614508113771455922e-01	-8.995187246739112796e-02	7.139010012650212622e-02	-5.563213438731882260e-02	4.911915118116860074e-02	-9.570452396380282889e-02	8.063629589002749287e-02	-8.049118445448054382e-02	6.026529850675059474e-02	-5.733772275026493420e-02	8.793033644487890932e-02	-1.018296242764442916e-01	6.323701018152362574e-02	-7.104410402841185301e-02	5.208854625001167055e-02	-7.309768025073024034e-02	4.994540166437760192e-02	-4.675781995650795525e-02	4.105873186151338949e-02	-6.703136850680030401e-02
-6.846276900596423576e-02	6.876374463139524329e-02	-1.546026187674821029e-01	1.183013363085685943e-01	-1.399889735248790457e-01	1.318087349815299514e-01	-1.638212794842527353e-01	2.198706628867851953e-01	-2.235654418562295909e-01	1.125700181034437475e-01	-2.118012862273569163e-01	9.999999999999988898e-01	-7.172143236954703349e-01	1.249278713620159548e-01	-1.084986094656407302e-01	1.794252291573702474e-01	-4.304332948126291525e-01	2.919276753604621577e-01	-1.228363253073205263e-01	9.939776680609856141e-02	-1.160183194265748535e-01	7.546015829474635173e-02	-7.019559391073652843e-02	8.734112149091459443e-02	-8.041830507129045513e-02	6.871379119377550582e-02	-7.500877056892969741e-02	7.271351930245491257e-02	-8.052810066429759439e-02	7.334890490104896410e-02	-7.893588471004311935e-02	8.113449780737205796e-02	-5.885301463480888118e-02	6.384585279451773787e-02	-5.524334824976872421e-02	5.825553019211604511e-02	-4.131274154040916191e-02	4.142387946035359925e-02	-3.750129595584375530e-02	6.601000237205553733e-02
5.635337565252530184e-02	-5.948105676797062202e-02	1.547660418814109096e-01	-1.309658449617474574e-01	1.345186363582729916e-01	-1.129751787273260005e-01	1.198192931831196378e-01	-3.780445880310498441e-01	2.264242021605867572e-01	-1.206473795269355359e-01	1.449868507536953843e-01	-7.172143236954703349e-01	9.999999999999965583e-01	-1.543306368711837295e-01	1.093803633890273880e-01	-1.525962177828129873e-01	2.614601008597312037e-01	-3.824606062493232650e-01	1.275462492930521108e-01	-1.076989524133355053e-01	1.062725714677934807e-01	-7.660656214143538034e-02	7.121344943186216914e-02	-9.402178429545263172e-02	8.301361233993555244e-02	-6.652373288766738613e-02	7.402713142353031794e-02	-7.403762526084090023e-02	8.212688514392811612e-02	-7.703917857459463558e-02	7.623493463603286946e-02	-8.315053734414790121e-02	5.996192256511443525e-02	-6.602409512146424631e-02	5.709680736845830495e-02	-6.024834962491344703e-02	4.244934167876386610e-02	-4.300346743086451429e-02	3.873786520681339607e-02	-6.931951518553433611e-02
-2.168781147410698065e-02	2.222693524825771275e-02	-1.110933860524647432e-01	1.068718838455642306e-01	-1.412107040750610332e-01	4.009399056707806802e-02	-4.373789206863973322e-02	1.648700107805264881e-01	-2.414358431199583876e-01	1.305484900150089833e-01	-5.382721870912906409e-02	1.249278713620159548e-01	-1.543306368711837295e-01	9.999999999999993339e-01	-2.174051608557499293e-01	5.470690971711585082e-02	-7.653054193832217744e-02	9.922302691513068540e-02	-8.497919710408484706e-01	1.808178595155703894e-01	-8.579377685618042038e-02	5.902025456699750566e-02	-6.002116737696243376e-02	2.196048537417717439e-01	-1.949166817022530973e-01	5.655386459122390547e-02	-7.725455483353629860e-02	7.759365715404187291e-02	-1.627206759905700240e-01	1.294403192673216907e-01	-6.917811240816754137e-02	6.947097754321608643e-02	-6.301061940457627908e-02	6.771502540105611700e-02	-7.301702268694676423e-02	4.929038962254806561e-02	-3.679486736766321431e-02	4.155858333316976572e-02	-3.913525990658407727e-02	7.835900294545219968e-02
2.105767355030137289e-02	-2.156900895353533465e-02	1.217781682948978345e-01	-1.207315678292938399e-01	2.474661226256708590e-01	-3.817296657188481990e-02	4.111372669076649583e-02	-1.434172133962239859e-01	1.625013202775447141e-01	-3.771754172383993686e-01	5.136409611916620266e-02	-1.084986094656407302e-01	1.093803633890273880e-01	-2.174051608557499293e-01	9.999999999999992228e-01	-5.288935231439901435e-02	6.758604510632804097e-02	-8.948881492879841304e-02	1.738750295823838221e-01	-7.767792448532251370e-01	8.912819366753051142e-02	-6.271433692831089590e-02	6.157238409655321765e-02	-2.190193588698413907e-01	2.165875469079141802e-01	-6.018407230716110029e-02	7.925598871351756392e-02	-8.126206476176976723e-02	1.458112779417695126e-01	-1.716239259997280331e-01	7.486699044765880717e-02	-8.050204947645621389e-02	7.080295992222654378e-02	-7.950445738772229931e-02	9.039048106404930227e-02	-5.884870228458031344e-02	4.345712891235990055e-02	-5.162900886271385575e-02	4.795589913944586780e-02	-1.045360598486216736e-01
-9.722795764501210303e-02	8.276506178210309150e-02	-5.736322455100753559e-02	4.575287373214226988e-02	-5.784174941768992911e-02	1.862540699989765625e-01	-2.049550770094962504e-01	7.950563204818204832e-02	-7.949622499793004837e-02	4.731014085993372198e-02	-8.599708479106170644e-01	1.794252291573702474e-01	-1.525962177828129873e-01	5.470690971711585082e-02	-5.288935231439901435e-02	9.999999999999985567e-01	-2.399243828429080683e-01	1.777833944552298095e-01	-5.293280477338559165e-02	5.222239785015896779e-02	-2.180914815777991178e-01	9.161285481974518197e-02	-7.452483317138887398e-02	5.566717920418890603e-02	-4.956339876448515730e-02	1.005799320585905876e-01	-8.416465860614631700e-02	8.062206300636758083e-02	-6.071964595032913053e-02	5.683827346316210755e-02	-9.439597878840066958e-02	9.862016021432497281e-02	-6.250143444510528057e-02	6.896423218543386302e-02	-5.109826281206240189e-02	6.997249695345315879e-02	-4.834573941067341063e-02	4.512030248147395201e-02	-3.988273850429394085e-02	6.476280763901869075e-02
4.984058219737180773e-02	-4.872589192773815747e-02	8.027378277479225999e-02	-6.425159077120193296e-02	7.823601529230227170e-02	-9.626671699314248709e-02	1.027093793551558942e-01	-1.168734270554498411e-01	1.125012237236020229e-01	-6.453716497111143535e-02	1.839370101553056414e-01	-4.304332948126291525e-01	2.614601008597312037e-01	-7.653054193832217744e-02	6.758604510632804097e-02	-2.399243828429080683e-01	9.999999999999982236e-01	-8.013136605629024301e-01	7.385806918077615635e-02	-6.546602010137558825e-02	1.123745022195021398e-01	-9.255856478489195294e-02	8.534155364866125026e-02	-6.347859329674539197e-02	5.675332902061423074e-02	-6.776487495730662558e-02	7.253199871868692972e-02	-7.362153025401479978e-02	6.332185371976518928e-02	-5.832365293668221456e-02	7.336702144764800648e-02	-7.811690164473886200e-02	5.500299005210327469e-02	-5.955245184888146442e-02	4.763889548971619176e-02	-5.583631502314104905e-02	3.925630503474417804e-02	-3.840135419583648457e-02	3.443762348410796953e-02	-5.845134887446104544e-02
-5.228062888406943831e-02	4.965998665126820921e-02	-1.112685514595729425e-01	8.648202354928934132e-02	-1.076703275889729916e-01	9.346715917835722587e-02	-1.060643817459023114e-01	1.501890966572664854e-01	-1.565004922357915440e-01	8.613644943468420911e-02	-1.857369559014513671e-01	2.919276753604621577e-01	-3.824606062493232650e-01	9.922302691513068540e-02	-8.948881492879841304e-02	1.777833944552298095e-01	-8.013136605629024301e-01	1.000000000000000222e+00	-1.005239962994334685e-01	8.333453537774958286e-02	-1.291111083167804652e-01	1.015751893880037643e-01	-1.079533433640103290e-01	7.884534527688177863e-02	-7.190166885033136279e-02	7.607283567992863260e-02	-8.598720565000117499e-02	8.501425371592083446e-02	-7.825356898374601078e-02	7.030871554038581328e-02	-8.667188231993223912e-02	8.658796380633704270e-02	-6.365366859121768250e-02	6.751758166735361000e-02	-5.585498984094235120e-02	6.148088978604224208e-02	-4.382465967960690045e-02	4.325304559171874730e-02	-3.918693572534154290e-02	6.684827992615152703e-02
2.064935843548702105e-02	-2.128352946332370821e-02	9.517997453525117724e-02	-9.580973318175250997e-02	1.192822773325781377e-01	-3.853576420130793573e-02	4.142110953306703258e-02	-1.549131885727312030e-01	1.703633197162430502e-01	-1.160897813255409999e-01	5.128858341631602896e-02	-1.228363253073205263e-01	1.275462492930521108e-01	-8.497919710408484706e-01	1.738750295823838221e-01	-5.293280477338559165e-02	7.385806918077615635e-02	-1.005239962994334685e-01	9.999999999999977796e-01	-1.955112513294855192e-01	8.093806252219508390e-02	-5.795711032502530446e-02	5.815217605768393389e-02	-3.265244152455548110e-01	1.879222548186656738e-01	-5.430924550743566198e-02	7.355502003689606827e-02	-7.669369639116413451e-02	1.564100299196822530e-01	-1.358015582116874620e-01	6.581977498849699015e-02	-6.834343840593534725e-02	6.145192481686313074e-02	-6.743138560922745661e-02	7.237359792469830189e-02	-4.871252209874858685e-02	3.620148209132000722e-02	-4.140099475824497721e-02	3.876049999075079078e-02	-7.964608023722502539e-02
-2.065375289243703491e-02	2.087394728713901776e-02	-1.310295770121494285e-01	1.182782938182102422e-01	-2.806947749911071210e-01	3.672055452930084868e-02	-4.011859139564356858e-02	1.293747706400737996e-01	-1.586425861861779640e-01	2.334888129635467047e-01	-5.165890981228032919e-02	9.939776680609856141e-02	-1.076989524133355053e-01	1.808178595155703894e-01	-7.767792448532251370e-01	5.222239785015896779e-02	-6.546602010137558825e-02	8.333453537774958286e-02	-1.955112513294855192e-01	1.000000000000000444e+00	-9.712889466137997196e-02	6.561264343305150959e-02	-6.612105314255536936e-02	2.182782150622761264e-01	-3.514611846022375197e-01	6.442364586573551266e-02	-8.707018186247915403e-02	8.684727246678421164e-02	-1.697847391688558638e-01	1.787754056011895409e-01	-8.103401069758600639e-02	8.209666215367021624e-02	-7.526823399528115299e-02	8.202261820651871038e-02	-9.739698346782016403e-02	5.909679347711391945e-02	-4.426661071349698162e-02	5.191535979599096878e-02	-4.906401954288620859e-02	1.032720194510055589e-01
4.000031458516835337e-02	-3.731854928661009624e-02	5.643664279259447830e-02	-4.827671770497187625e-02	7.154826563812355378e-02	-7.241993808786742481e-02	7.643358492018166583e-02	-7.361276909128568191e-02	7.621586581627244616e-02	-6.033931400406116613e-02	1.614508113771455922e-01	-1.160183194265748535e-01	1.062725714677934807e-01	-8.579377685618042038e-02	8.912819366753051142e-02	-2.180914815777991178e-01	1.123745022195021398e-01	-1.291111083167804652e-01	8.093806252219508390e-02	-9.712889466137997196e-02	9.999999999999975575e-01	-3.912400708837110441e-01	2.415980094740874662e-01	-1.345931262763094272e-01	1.148298688154824887e-01	-5.377045261188792002e-01	2.849177606742905877e-01	-2.897650287815387027e-01	1.656558118513125344e-01	-1.595836620014569884e-01	3.019080266816721037e-01	-3.536035216549223703e-01	2.053880822717668586e-01	-2.324707259171359675e-01	1.560374394852249158e-01	-2.457486005544290975e-01	1.668804016597105477e-01	-1.504209991123220957e-01	1.307119405047663940e-01	-2.054850218860553857e-01
-2.342268523669988403e-02	2.170340021882179518e-02	-3.926479889051553984e-02	3.322225848986001123e-02	-5.003740371814228288e-02	4.090105781336433183e-02	-4.523598645907517951e-02	4.991673509973019313e-02	-5.311229812496526953e-02	4.147515795578302078e-02	-8.995187246739112796e-02	7.546015829474635173e-02	-7.660656214143538034e-02	5.902025456699750566e-02	-6.271433692831089590e-02	9.161285481974518197e-02	-9.255856478489195294e-02	1.015751893880037643e-01	-5.795711032502530446e-02	6.561264343305150959e-02	-3.912400708837110441e-01	9.999999999999993339e-01	-7.886827841349758339e-01	9.754992818070919169e-02	-8.427675836952090715e-02	1.961598882541222277e-01	-2.875533840984393907e-01	2.679785004424842243e-01	-1.369747407447716447e-01	1.110910612886264331e-01	-1.941596162896903066e-01	1.759853375999104463e-01	-1.477726003415258393e-01	1.387125542530016353e-01	-9.921663692951343538e-02	1.159453508599055382e-01	-8.595269583513101552e-02	8.142754599749302269e-02	-7.462592019427337353e-02	1.159669517871793204e-01
1.985566564332584549e-02	-1.865017441923536370e-02	3.707427924747321024e-02	-3.168466404101930034e-02	4.784486195075438736e-02	-3.479792197865998193e-02	3.817084144441646593e-02	-4.752628492785430231e-02	5.039625971297386625e-02	-4.005761686070932054e-02	7.139010012650212622e-02	-7.019559391073652843e-02	7.121344943186216914e-02	-6.002116737696243376e-02	6.157238409655321765e-02	-7.452483317138887398e-02	8.534155364866125026e-02	-1.079533433640103290e-01	5.815217605768393389e-02	-6.612105314255536936e-02	2.415980094740874662e-01	-7.886827841349758339e-01	9.999999999999955591e-01	-1.071579640137205885e-01	8.702814866477727451e-02	-1.756712794360210383e-01	2.430955149503321033e-01	-4.350089604137461485e-01	1.430441095938484730e-01	-1.218634037939383130e-01	1.632490101382643166e-01	-1.784782866571985871e-01	1.519294872110380501e-01	-1.516418827587178442e-01	1.011666394086752907e-01	-1.176637490672682029e-01	8.585098230197449332e-02	-8.410520131758697504e-02	7.585051652206997730e-02	-1.220178216526096038e-01
-1.942509544136371280e-02	1.914808056847880705e-02	-7.852414191868511972e-02	7.153551815053561802e-02	-1.261564247331846689e-01	3.444379056754865581e-02	-3.780059719310208816e-02	9.592390339651275799e-02	-1.121782887690009611e-01	1.064961418073412519e-01	-5.563213438731882260e-02	8.734112149091459443e-02	-9.402178429545263172e-02	2.196048537417717439e-01	-2.190193588698413907e-01	5.566717920418890603e-02	-6.347859329674539197e-02	7.884534527688177863e-02	-3.265244152455548110e-01	2.182782150622761264e-01	-1.345931262763094272e-01	9.754992818070919169e-02	-1.071579640137205885e-01	9.999999999999957812e-01	-6.435136196052655411e-01	9.246523792119774876e-02	-1.417369993061120270e-01	1.498416509317407053e-01	-4.931376830595385896e-01	3.000418270116815278e-01	-1.119982996836887262e-01	1.103383174882154732e-01	-1.137439038175053069e-01	1.211329673525736728e-01	-1.416293153817040351e-01	7.664853696977741437e-02	-5.899275521386578014e-02	6.984677638634179120e-02	-6.719299322727945167e-02	1.413081051257646936e-01
1.746462927741158563e-02	-1.731453686770744946e-02	7.121783503988909914e-02	-6.596052628446275046e-02	1.172591465278723932e-01	-3.108822737470219588e-02	3.390306536846400542e-02	-8.828592313348349041e-02	9.901530795783609895e-02	-1.040386599994774647e-01	4.911915118116860074e-02	-8.041830507129045513e-02	8.301361233993555244e-02	-1.949166817022530973e-01	2.165875469079141802e-01	-4.956339876448515730e-02	5.675332902061423074e-02	-7.190166885033136279e-02	1.879222548186656738e-01	-3.514611846022375197e-01	1.148298688154824887e-01	-8.427675836952090715e-02	8.702814866477727451e-02	-6.435136196052655411e-01	9.999999999999955591e-01	-7.989704437845465690e-02	1.154380381894095642e-01	-1.256301916410715591e-01	3.000317410174017096e-01	-5.122849928852832857e-01	9.794122485201166295e-02	-1.025476904427256308e-01	1.034351079337460094e-01	-1.182391064768660849e-01	1.561253072507456652e-01	-7.316763847443713553e-02	5.603386913352870202e-02	-7.133744688630985764e-02	6.796695030153089567e-02	-1.652425284067899625e-01
-2.387884782967390762e-02	2.203811132502175169e-02	-3.654176197385664709e-02	3.120861348614648381e-02	-4.735721596403148076e-02	4.194008234396599810e-02	-4.595329588330347020e-02	4.658554211652570637e-02	-4.918526405583035360e-02	3.957509166070725254e-02	-9.570452396380282889e-02	6.871379119377550582e-02	-6.652373288766738613e-02	5.655386459122390547e-02	-6.018407230716110029e-02	1.005799320585905876e-01	-6.776487495730662558e-02	7.607283567992863260e-02	-5.430924550743566198e-02	6.442364586573551266e-02	-5.377045261188792002e-01	1.961598882541222277e-01	-1.756712794360210383e-01	9.246523792119774876e-02	-7.989704437845465690e-02	9.999999999999977796e-01	-4.516519437458776931e-01	2.342849985376478650e-01	-1.241971798664636417e-01	1.104411086472547182e-01	-6.063580214891207687e-01	2.627792180902864261e-01	-1.569660228978634331e-01	1.578194004024600638e-01	-1.071355614152072061e-01	1.633684245152139392e-01	-1.203650599534333288e-01	1.001269898846244844e-01	-8.977681331814570120e-02	1.319895144934094822e-01
2.282212754437385610e-02	-2.144906860635751103e-02	4.364762738793891844e-02	-3.790220512196165736e-02	5.886537550879060443e-02	-3.980014660157799034e-02	4.354094191460420454e-02	-5.547718143087402437e-02	5.908407637654083250e-02	-4.969517392310174309e-02	8.063629589002749287e-02	-7.500877056892969741e-02	7.402713142353031794e-02	-7.725455483353629860e-02	7.925598871351756392e-02	-8.416465860614631700e-02	7.253199871868692972e-02	-8.598720565000117499e-02	7.355502003689606827e-02	-8.707018186247915403e-02	2.849177606742905877e-01	-2.875533840984393907e-01	2.430955149503321033e-01	-1.417369993061120270e-01	1.154380381894095642e-01	-4.516519437458776931e-01	9.999999999999966693e-01	-6.313549136440926857e-01	1.924611566137869323e-01	-1.731503065419093546e-01	2.728634118225938265e-01	-3.217681513734907961e-01	2.207058840651799081e-01	-2.240029812275959042e-01	1.446355393849153015e-01	-1.854887896488127685e-01	1.386552855824684238e-01	-1.261735890450545183e-01	1.131085122897797501e-01	-1.771574753462411000e-01
-2.235102618296067392e-02	2.087562519809333869e-02	-4.369831908833107098e-02	3.779633039675136391e-02	-5.948172277151887732e-02	3.875911765292906763e-02	-4.290678644681038267e-02	5.487022571846437297e-02	-5.925731371499107919e-02	4.976942004138422415e-02	-8.049118445448054382e-02	7.271351930245491257e-02	-7.403762526084090023e-02	7.759365715404187291e-02	-8.126206476176976723e-02	8.062206300636758083e-02	-7.362153025401479978e-02	8.501425371592083446e-02	-7.669369639116413451e-02	8.684727246678421164e-02	-2.897650287815387027e-01	2.679785004424842243e-01	-4.350089604137461485e-01	1.498416509317407053e-01	-1.256301916410715591e-01	2.342849985376478650e-01	-6.313549136440926857e-01	9.999999999999978906e-01	-2.949742598393867987e-01	1.815803699848681230e-01	-2.365721014598613225e-01	2.256045205080303706e-01	-3.045998205274666470e-01	2.169353420926556364e-01	-1.456032037452844596e-01	1.390808735173192923e-01	-1.096606931565358711e-01	1.096169914034802045e-01	-1.026907288574360755e-01	1.598764466588609434e-01
1.959527306437157390e-02	-1.901619790465269855e-02	6.116921943718514609e-02	-5.574931072032898033e-02	9.172263803370128699e-02	-3.449932365366772252e-02	3.778162068017003328e-02	-7.821929120046816619e-02	8.588169381529159319e-02	-7.958887659043069329e-02	6.026529850675059474e-02	-8.052810066429759439e-02	8.212688514392811612e-02	-1.627206759905700240e-01	1.458112779417695126e-01	-6.071964595032913053e-02	6.332185371976518928e-02	-7.825356898374601078e-02	1.564100299196822530e-01	-1.697847391688558638e-01	1.656558118513125344e-01	-1.369747407447716447e-01	1.430441095938484730e-01	-4.931376830595385896e-01	3.000317410174017096e-01	-1.241971798664636417e-01	1.924611566137869323e-01	-2.949742598393867987e-01	9.999999999999971134e-01	-6.454158064679496043e-01	1.429647896001312868e-01	-1.545380142594445783e-01	1.654456266628695216e-01	-1.972569397496049814e-01	2.054531995310402426e-01	-1.063250062277962538e-01	8.205952918862727263e-02	-1.026022222763279951e-01	9.749143328565750000e-02	-2.241915976187783821e-01
-1.858028516557081594e-02	1.793866978437759843e-02	-6.185806752370718448e-02	5.529294466379112288e-02	-1.005498800773208939e-01	3.240800410855124852e-02	-3.575860423314740355e-02	7.286829535429927007e-02	-8.265621381868361317e-02	8.377103863463140898e-02	-5.733772275026493420e-02	7.334890490104896410e-02	-7.703917857459463558e-02	1.294403192673216907e-01	-1.716239259997280331e-01	5.683827346316210755e-02	-5.832365293668221456e-02	7.030871554038581328e-02	-1.358015582116874620e-01	1.787754056011895409e-01	-1.595836620014569884e-01	1.110910612886264331e-01	-1.218634037939383130e-01	3.000418270116815278e-01	-5.122849928852832857e-01	1.104411086472547182e-01	-1.731503065419093546e-01	1.815803699848681230e-01	-6.454158064679496043e-01	9.999999999999971134e-01	-1.359748083668654850e-01	1.341451313228953224e-01	-1.521460553951162753e-01	1.668442428216724838e-01	-3.167882400904167284e-01	9.350825146787872244e-02	-7.377059224568333073e-02	9.422306798670193606e-02	-9.363224788811641552e-02	2.212735802243210592e-01
2.513779250460779560e-02	-2.362653253814722687e-02	4.390177470822095862e-02	-3.777400933642445502e-02	5.807081695718219194e-02	-4.382735910347541203e-02	4.756258099189378252e-02	-5.566064560511464060e-02	5.871845288742144620e-02	-4.872512281879917001e-02	8.793033644487890932e-02	-7.893588471004311935e-02	7.623493463603286946e-02	-6.917811240816754137e-02	7.486699044765880717e-02	-9.439597878840066958e-02	7.336702144764800648e-02	-8.667188231993223912e-02	6.581977498849699015e-02	-8.103401069758600639e-02	3.019080266816721037e-01	-1.941596162896903066e-01	1.632490101382643166e-01	-1.119982996836887262e-01	9.794122485201166295e-02	-6.063580214891207687e-01	2.728634118225938265e-01	-2.365721014598613225e-01	1.429647896001312868e-01	-1.359748083668654850e-01	9.999999999999971134e-01	-5.205002591579697135e-01	2.121091087101625305e-01	-2.286819000300649718e-01	1.464786442757383678e-01	-2.924684879150170058e-01	2.045810908747957846e-01	-1.547899412311900258e-01	1.352069733042604027e-01	-1.875797777697587598e-01
-2.821511719916173361e-02	2.600045193677152575e-02	-4.786891027627934725e-02	4.050174127669466106e-02	-6.354884317039753705e-02	4.801815832340189383e-02	-5.381614454059466257e-02	5.866297567912761440e-02	-6.334508772721583747e-02	5.194081910717680134e-02	-1.018296242764442916e-01	8.113449780737205796e-02	-8.315053734414790121e-02	6.947097754321608643e-02	-8.050204947645621389e-02	9.862016021432497281e-02	-7.811690164473886200e-02	8.658796380633704270e-02	-6.834343840593534725e-02	8.209666215367021624e-02	-3.536035216549223703e-01	1.759853375999104463e-01	-1.784782866571985871e-01	1.103383174882154732e-01	-1.025476904427256308e-01	2.627792180902864261e-01	-3.217681513734907961e-01	2.256045205080303706e-01	-1.545380142594445783e-01	1.341451313228953224e-01	-5.205002591579697135e-01	9.999999999999978906e-01	-3.727647171421748507e-01	2.444760528391638210e-01	-1.664102545192719385e-01	2.890727167837738865e-01	-4.257234348102215682e-01	1.779942900305375442e-01	-1.765948466576129638e-01	1.782358470022382124e-01
1.831447911180035873e-02	-1.713430704923159936e-02	3.715775512520239771e-02	-3.212542124967388696e-02	5.169940661127446491e-02	-3.146755388373837642e-02	3.493456669049967156e-02	-4.579701804932503895e-02	4.961763358402968699e-02	-4.299746106031976378e-02	6.323701018152362574e-02	-5.885301463480888118e-02	5.996192256511443525e-02	-6.301061940457627908e-02	7.080295992222654378e-02	-6.250143444510528057e-02	5.500299005210327469e-02	-6.365366859121768250e-02	6.145192481686313074e-02	-7.526823399528115299e-02	2.053880822717668586e-01	-1.477726003415258393e-01	1.519294872110380501e-01	-1.137439038175053069e-01	1.034351079337460094e-01	-1.569660228978634331e-01	2.207058840651799081e-01	-3.045998205274666470e-01	1.654456266628695216e-01	-1.521460553951162753e-01	2.121091087101625305e-01	-3.727647171421748507e-01	9.999999999999977796e-01	-7.480646691957237859e-01	2.166707896676650646e-01	-1.792297315495889332e-01	1.552724000866719800e-01	-1.996191945707674054e-01	1.782784294771393163e-01	-2.437001095286010777e-01
-2.041928152316793699e-02	1.901411994914652820e-02	-4.126625080457484857e-02	3.549618176032156430e-02	-5.787192069490062346e-02	3.489540594471000901e-02	-3.899637841981245384e-02	5.015097217179355360e-02	-5.481273135301379523e-02	4.763955739440740161e-02	-7.104410402841185301e-02	6.384585279451773787e-02	-6.602409512146424631e-02	6.771502540105611700e-02	-7.950445738772229931e-02	6.896423218543386302e-02	-5.955245184888146442e-02	6.751758166735361000e-02	-6.743138560922745661e-02	8.202261820651871038e-02	-2.324707259171359675e-01	1.387125542530016353e-01	-1.516418827587178442e-01	1.211329673525736728e-01	-1.182391064768660849e-01	1.578194004024600638e-01	-2.240029812275959042e-01	2.169353420926556364e-01	-1.972569397496049814e-01	1.668442428216724838e-01	-2.286819000300649718e-01	2.444760528391638210e-01	-7.480646691957237859e-01	9.999999999999976685e-01	-3.495181785357044379e-01	1.533373515096388418e-01	-1.389062300163491637e-01	1.869285217459711879e-01	-2.272217528363127403e-01	2.494794511391885961e-01
1.590430449154921558e-02	-1.505677211669819229e-02	4.011211058164774329e-02	-3.519248495001155164e-02	6.025392495504828388e-02	-2.736434127571261976e-02	3.037076817697931599e-02	-4.811018835167501367e-02	5.312914203750507269e-02	-5.015096623924208963e-02	5.208854625001167055e-02	-5.524334824976872421e-02	5.709680736845830495e-02	-7.301702268694676423e-02	9.039048106404930227e-02	-5.109826281206240189e-02	4.763889548971619176e-02	-5.585498984094235120e-02	7.237359792469830189e-02	-9.739698346782016403e-02	1.560374394852249158e-01	-9.921663692951343538e-02	1.011666394086752907e-01	-1.416293153817040351e-01	1.561253072507456652e-01	-1.071355614152072061e-01	1.446355393849153015e-01	-1.456032037452844596e-01	2.054531995310402426e-01	-3.167882400904167284e-01	1.464786442757383678e-01	-1.664102545192719385e-01	2.166707896676650646e-01	-3.495181785357044379e-01	9.999999999999978906e-01	-1.253237795503066021e-01	1.026557701956481994e-01	-1.796227224377494047e-01	1.793216446734383351e-01	-7.881702914492496603e-01
-2.042608118936268050e-02	1.879850112240032817e-02	-3.497447753354619715e-02	2.950196617686781306e-02	-4.667440287311588193e-02	3.460504617874346489e-02	-3.892832269421134944e-02	4.244626721492202048e-02	-4.602579701072565671e-02	3.790215686136422235e-02	-7.309768025073024034e-02	5.825553019211604511e-02	-6.024834962491344703e-02	4.929038962254806561e-02	-5.884870228458031344e-02	6.997249695345315879e-02	-5.583631502314104905e-02	6.148088978604224208e-02	-4.871252209874858685e-02	5.909679347711391945e-02	-2.457486005544290975e-01	1.159453508599055382e-01	-1.176637490672682029e-01	7.664853696977741437e-02	-7.316763847443713553e-02	1.633684245152139392e-01	-1.854887896488127685e-01	1.390808735173192923e-01	-1.063250062277962538e-01	9.350825146787872244e-02	-2.924684879150170058e-01	2.890727167837738865e-01	-1.792297315495889332e-01	1.533373515096388418e-01	-1.253237795503066021e-01	9.999999999999975575e-01	-8.045289070647665408e-01	2.008095869040223969e-01	-2.139265565374329769e-01	1.345227726275183000e-01
1.408056351554393647e-02	-1.301420196037863034e-02	2.503552955847867731e-02	-2.124828983953074707e-02	3.376851877807927199e-02	-2.394699164452549975e-02	2.682373885315848805e-02	-3.050142406057707728e-02	3.303438944347699552e-02	-2.759109638385496069e-02	4.994540166437760192e-02	-4.131274154040916191e-02	4.244934167876386610e-02	-3.679486736766321431e-02	4.345712891235990055e-02	-4.834573941067341063e-02	3.925630503474417804e-02	-4.382465967960690045e-02	3.620148209132000722e-02	-4.426661071349698162e-02	1.668804016597105477e-01	-8.595269583513101552e-02	8.585098230197449332e-02	-5.899275521386578014e-02	5.603386913352870202e-02	-1.203650599534333288e-01	1.386552855824684238e-01	-1.096606931565358711e-01	8.205952918862727263e-02	-7.377059224568333073e-02	2.045810908747957846e-01	-4.257234348102215682e-01	1.552724000866719800e-01	-1.389062300163491637e-01	1.026557701956481994e-01	-8.045289070647665408e-01	9.999999999999975575e-01	-2.610298954317106235e-01	1.897729865414775063e-01	-1.160378199472709426e-01
-1.350353012457977328e-02	1.255103798345329202e-02	-2.701646304049912933e-02	2.310846358203250822e-02	-3.807016887454222481e-02	2.297833857624142009e-02	-2.573795745751678368e-02	3.239633432937821106e-02	-3.548904708929920965e-02	3.103225878035346247e-02	-4.675781995650795525e-02	4.142387946035359925e-02	-4.300346743086451429e-02	4.155858333316976572e-02	-5.162900886271385575e-02	4.512030248147395201e-02	-3.840135419583648457e-02	4.325304559171874730e-02	-4.140099475824497721e-02	5.191535979599096878e-02	-1.504209991123220957e-01	8.142754599749302269e-02	-8.410520131758697504e-02	6.984677638634179120e-02	-7.133744688630985764e-02	1.001269898846244844e-01	-1.261735890450545183e-01	1.096169914034802045e-01	-1.026022222763279951e-01	9.422306798670193606e-02	-1.547899412311900258e-01	1.779942900305375442e-01	-1.996191945707674054e-01	1.869285217459711879e-01	-1.796227224377494047e-01	2.008095869040223969e-01	-2.610298954317106235e-01	9.999999999999975575e-01	-8.688467731439737385e-01	1.932464272108955772e-01
1.196058919232884446e-02	-1.115483182654645848e-02	2.462088751810632276e-02	-2.116174156993110358e-02	3.490550392287888187e-02	-2.040702109734145522e-02	2.279097426633213547e-02	-2.964850885074816686e-02	3.243043635785644585e-02	-2.862073622310704057e-02	4.105873186151338949e-02	-3.750129595584375530e-02	3.873786520681339607e-02	-3.913525990658407727e-02	4.795589913944586780e-02	-3.988273850429394085e-02	3.443762348410796953e-02	-3.918693572534154290e-02	3.876049999075079078e-02	-4.906401954288620859e-02	1.307119405047663940e-01	-7.462592019427337353e-02	7.585051652206997730e-02	-6.719299322727945167e-02	6.796695030153089567e-02	-8.977681331814570120e-02	1.131085122897797501e-01	-1.026907288574360755e-01	9.749143328565750000e-02	-9.363224788811641552e-02	1.352069733042604027e-01	-1.765948466576129638e-01	1.782784294771393163e-01	-2.272217528363127403e-01	1.793216446734383351e-01	-2.139265565374329769e-01	1.897729865414775063e-01	-8.688467731439737385e-01	9.999999999999974465e-01	-2.650966687548893530e-01
