1.000000000000000222e+00	-8.880498975912374249e-01	2.110533422457578911e-01	-1.258497116512652947e-01	9.137561492144219422e-02	-2.707221091606553665e-01	1.662766151352360888e-01	-2.018841387859276193e-01	1.006212799750983711e-01	-6.989821480398888953e-02	1.593918140635712521e-01	-1.161834590226710762e-01	1.066111913071610129e-01	-6.172718819247119404e-02	7.115295781454751556e-02	-1.378426989130880076e-01	9.093382568453085846e-02	-1.027032209310687061e-01	4.863009329351852122e-02	-5.888906387215885052e-02	7.382921052255925209e-02	-7.049895020719769423e-02	7.752367267700908948e-02	-5.494810860191205737e-02	5.551045990844864775e-02	-6.485569613507040365e-02	6.043094220366729274e-02	-5.778540814027299105e-02	2.880337753076359780e-02	-2.644576412092372944e-02	4.783168914409034050e-02	-4.941298239819239685e-02	4.064375654331323778e-02	-3.072613790285310537e-02	2.518724412854364200e-02	-5.462483919150088602e-02	3.874214988611379695e-02	-5.086896119417228662e-02	1.935548302441256890e-02	-1.998814483653597179e-02
-8.880498975912374249e-01	9.999999999999998890e-01	-2.962187393733730634e-01	1.283330167726877968e-01	-9.863604811902564051e-02	1.950626051519765147e-01	-1.719942029619690171e-01	1.856470070184523813e-01	-1.083054639751168530e-01	7.194919353184640876e-02	-1.557444833503746073e-01	1.087609693049076121e-01	-1.040108584280325654e-01	5.985068834088713013e-02	-7.091201330230240130e-02	1.210618808217043957e-01	-8.620814176366195514e-02	9.426032583234508766e-02	-4.756800922390425068e-02	5.688789851785636814e-02	-6.823074786537781933e-02	6.493251922322232361e-02	-7.265416468707465436e-02	5.218735239035023760e-02	-5.353424630733509548e-02	5.883633266337549156e-02	-5.593833791704554831e-02	5.303927292773118196e-02	-2.680737887301466726e-02	2.457516006860633109e-02	-4.358589472479119237e-02	4.463743792438010921e-02	-3.705107052575711685e-02	2.843099374992748979e-02	-2.343366533762819906e-02	4.903748206220592126e-02	-3.509926558347570974e-02	4.598635028700830130e-02	-1.771741437248700382e-02	1.822358103081982844e-02
2.110533422457578911e-01	-2.962187393733730634e-01	1.000000000000000222e+00	-4.837369518054743245e-01	2.131033430732003908e-01	-2.261011890954226777e-01	2.235249196654473247e-01	-6.281331805745413721e-01	2.483881500940165465e-01	-1.699343999720127341e-01	1.763126709134280601e-01	-1.826568291186087267e-01	1.846707293616237922e-01	-1.239978702346338502e-01	1.359166637599756589e-01	-2.045193402076931899e-01	1.407031679945640046e-01	-1.735689010510377273e-01	9.404636376251619689e-02	-1.133912562879161728e-01	1.121578256420893011e-01	-1.098565758675918574e-01	1.222575016697955014e-01	-9.897225519440855379e-02	9.877261174935260402e-02	-1.011079812657088711e-01	9.401316215844286728e-02	-9.161223044067196009e-02	4.794389654246262317e-02	-4.414293877087981099e-02	7.447095154994866351e-02	-7.758046076604363517e-02	6.409321472172725687e-02	-5.095130223736669961e-02	4.172586117333519640e-02	-8.583170645850107805e-02	6.068283070359468262e-02	-8.048590450057584167e-02	3.109201935278234352e-02	-3.212918793685850399e-02
-1.258497116512652947e-01	1.283330167726877968e-01	-4.837369518054743245e-01	1.000000000000000666e+00	-4.753128468440336873e-01	1.321968390359588574e-01	-1.395370330710399009e-01	2.557709053543070765e-01	-6.027521660388844849e-01	2.860354100329744464e-01	-1.181134419476656816e-01	1.100407495754398418e-01	-1.156515284299327040e-01	1.478289688667204504e-01	-1.718026573332575579e-01	1.330514509974808079e-01	-9.428074958319544729e-02	1.092014680475815874e-01	-1.139559996613050963e-01	1.296919731594494141e-01	-7.762665280092219400e-02	7.529012106435509222e-02	-9.049844314760972785e-02	9.893689184733005237e-02	-1.024888989328465727e-01	7.088493242995479171e-02	-6.770990833054495173e-02	6.677666309754268226e-02	-4.081366433917325842e-02	3.774699925754381596e-02	-5.299602152792078080e-02	5.506078819243741956e-02	-4.657282925078073260e-02	4.254201736777501325e-02	-3.541997918700642844e-02	6.054891156118753781e-02	-4.332733871175894341e-02	5.791184248060070316e-02	-2.405355991301639379e-02	2.465045616643574133e-02
9.137561492144219422e-02	-9.863604811902564051e-02	2.131033430732003908e-01	-4.753128468440336873e-01	1.000000000000000888e+00	-1.316488044264285118e-01	1.256982986059058116e-01	-2.333352067844887967e-01	3.236059191082868991e-01	-7.164583611605876978e-01	1.145883394709780734e-01	-1.078048486745537687e-01	1.082960553257995007e-01	-1.634496619795201833e-01	1.996111769649642764e-01	-1.464391301832390635e-01	9.560409587692825228e-02	-1.128677629729712695e-01	1.165938047921872417e-01	-1.758813231834575330e-01	8.255713247341670002e-02	-8.008237393863898435e-02	9.619640849842181485e-02	-1.161149219674799254e-01	1.119378726702755650e-01	-7.799873951171779063e-02	7.294129455228598458e-02	-7.329254121988786064e-02	4.605077191237570006e-02	-4.290634556057069948e-02	5.823615130053096806e-02	-6.133261337639278610e-02	5.156274538071402985e-02	-4.858651654907957668e-02	3.976002355436427521e-02	-6.800762407304622448e-02	4.813120534680417201e-02	-6.485082009539634706e-02	2.693944464812148692e-02	-2.778318312603473075e-02
-2.707221091606553665e-01	1.950626051519765147e-01	-2.261011890954226777e-01	1.321968390359588574e-01	-1.316488044264285118e-01	1.000000000000000666e+00	-5.294077758478634710e-01	2.332508664162213918e-01	-1.394726217477068875e-01	9.392934141424531813e-02	-6.260379204358413885e-01	2.439078748809075103e-01	-2.167794945244467253e-01	9.364022220657179651e-02	-1.154266154567656494e-01	2.591927458853456323e-01	-1.883214577046601890e-01	1.857597507617302635e-01	-7.748815851667505139e-02	9.081042399835505263e-02	-1.462660448698245852e-01	1.351840518273267622e-01	-1.488811457616588396e-01	9.060798643506687289e-02	-9.478132231819662301e-02	1.184970879848550179e-01	-1.149283688238927487e-01	1.057507144453621595e-01	-5.044736373491148784e-02	4.589330146312873421e-02	-8.773361870423382336e-02	8.801696811754812499e-02	-7.329738325762089057e-02	5.336936868166716058e-02	-4.415822033701927857e-02	9.566734499876242137e-02	-6.941329885157035418e-02	8.976637654295564761e-02	-3.413797221777588320e-02	3.494703911889561476e-02
1.662766151352360888e-01	-1.719942029619690171e-01	2.235249196654473247e-01	-1.395370330710399009e-01	1.256982986059058116e-01	-5.294077758478634710e-01	9.999999999999998890e-01	-4.044885139673420338e-01	1.393359415265849610e-01	-9.506872200928274952e-02	2.804211337585337804e-01	-5.304786795431526425e-01	2.745679609751369155e-01	-9.961829738557970160e-02	1.128712234652455848e-01	-2.748084105030317303e-01	2.110893172618390767e-01	-2.463285695530449959e-01	8.063721632269058026e-02	-9.345728863166760658e-02	1.506390123573598527e-01	-1.534077414261632299e-01	1.563645759648581712e-01	-9.514205758750743369e-02	9.573284628752948278e-02	-1.291969767542257286e-01	1.206636906700817857e-01	-1.152342466193193304e-01	5.344027903666218049e-02	-4.865307499272355368e-02	9.345113474076958970e-02	-9.613052973664339140e-02	7.902512066140425506e-02	-5.697457097276209526e-02	4.638682775713668521e-02	-1.052109011415338080e-01	7.478891701102935441e-02	-9.857578370524659739e-02	3.637000966307624844e-02	-3.757164006369384524e-02
-2.018841387859276193e-01	1.856470070184523813e-01	-6.281331805745413721e-01	2.557709053543070765e-01	-2.333352067844887967e-01	2.332508664162213918e-01	-4.044885139673420338e-01	1.000000000000000000e+00	-2.906430190763709676e-01	1.655702830484296895e-01	-2.135057278567218941e-01	2.408794771742214791e-01	-3.262414705881040988e-01	1.269433151533666815e-01	-1.517736920282941881e-01	2.031094664034754638e-01	-1.783223695216345495e-01	2.030819161069539469e-01	-1.022310153351484036e-01	1.165246477374925899e-01	-1.263302792327290480e-01	1.241168702228059445e-01	-1.420139862374221740e-01	1.042805022087694711e-01	-1.088006413837296626e-01	1.073229968560979602e-01	-1.051319728805795439e-01	9.969873479989142806e-02	-5.133796967899002806e-02	4.689753496016477174e-02	-7.948313249054797525e-02	8.079568700050117347e-02	-6.814773378639273071e-02	5.388306677085628188e-02	-4.464844505438556738e-02	8.777283317428632992e-02	-6.353060344972749629e-02	8.366569299537221505e-02	-3.271617795791071509e-02	3.348749644927831448e-02
1.006212799750983711e-01	-1.083054639751168530e-01	2.483881500940165465e-01	-6.027521660388844849e-01	3.236059191082868991e-01	-1.394726217477068875e-01	1.393359415265849610e-01	-2.906430190763709676e-01	1.000000000000001554e+00	-5.471121958637408245e-01	1.211139773463702912e-01	-1.175713618220850382e-01	1.204787623629452326e-01	-2.352348783850653213e-01	1.997937689374016113e-01	-1.491857248680630577e-01	1.015265238788060076e-01	-1.207842631680985102e-01	1.464205963069794836e-01	-1.688928604722605420e-01	8.565248627495511413e-02	-8.353208008312733301e-02	1.010340912996571250e-01	-1.247513147541597367e-01	1.220442886942540023e-01	-7.986705263286134060e-02	7.555753922426779179e-02	-7.570081158262673138e-02	4.816889116717365527e-02	-4.457655891243274965e-02	5.958193510664857445e-02	-6.241097726901179144e-02	5.279328271906388870e-02	-5.020536459406241964e-02	4.144498281563906150e-02	-6.880684790654841010e-02	4.898097482727974128e-02	-6.598370167109458839e-02	2.763206651423801702e-02	-2.838616920661391971e-02
-6.989821480398888953e-02	7.194919353184640876e-02	-1.699343999720127341e-01	2.860354100329744464e-01	-7.164583611605876978e-01	9.392934141424531813e-02	-9.506872200928274952e-02	1.655702830484296895e-01	-5.471121958637408245e-01	9.999999999999995559e-01	-8.599727986871487373e-02	7.943262578666593354e-02	-8.216708592309560077e-02	1.548089282354918605e-01	-2.613558181039382644e-01	1.049746434406825801e-01	-7.210109185686268407e-02	8.334897283076017627e-02	-1.147536224331404953e-01	1.627659498989139086e-01	-6.206082671519171090e-02	6.026916134336442882e-02	-7.536864428269239580e-02	1.017554048724712140e-01	-1.025394300062324598e-01	5.848168404385311464e-02	-5.586772504578572246e-02	5.638335671017795370e-02	-3.808112237999333044e-02	3.546491013037802315e-02	-4.391494289816029462e-02	4.602925692652974632e-02	-3.932607919087979104e-02	3.963674483152834771e-02	-3.282516720407886029e-02	5.065930037984273104e-02	-3.621482656165326414e-02	4.902082060471557590e-02	-2.117402021591990521e-02	2.170361065956177143e-02
1.593918140635712521e-01	-1.557444833503746073e-01	1.763126709134280601e-01	-1.181134419476656816e-01	1.145883394709780734e-01	-6.260379204358413885e-01	2.804211337585337804e-01	-2.135057278567218941e-01	1.211139773463702912e-01	-8.599727986871487373e-02	1.000000000000001332e+00	-2.742989808882639324e-01	2.057348547334684197e-01	-1.016763603954910500e-01	1.189277355149717247e-01	-5.255312174756096022e-01	2.159392324949036268e-01	-2.320048665457040138e-01	8.387847742197619694e-02	-9.985261346842157215e-02	2.012816016489030191e-01	-1.828159512977511614e-01	1.847701821136314426e-01	-1.067807351510604713e-01	1.074983313857015288e-01	-1.719918327022983695e-01	1.514750544260701492e-01	-1.434319150801498799e-01	6.502952507780757063e-02	-5.941676405430629943e-02	1.239697125730789690e-01	-1.282598457433031525e-01	1.025094829749554348e-01	-7.013188030568694165e-02	5.697357741164888606e-02	-1.426069048786949567e-01	9.980095197498786708e-02	-1.295999226703707929e-01	4.690632941917185356e-02	-4.872431528528917838e-02
-1.161834590226710762e-01	1.087609693049076121e-01	-1.826568291186087267e-01	1.100407495754398418e-01	-1.078048486745537687e-01	2.439078748809075103e-01	-5.304786795431526425e-01	2.408794771742214791e-01	-1.175713618220850382e-01	7.943262578666593354e-02	-2.742989808882639324e-01	9.999999999999998890e-01	-6.208419944088607867e-01	9.178161601916300094e-02	-1.034987469312797087e-01	2.263716452337578011e-01	-3.328235632121657739e-01	2.866602706148748680e-01	-7.697259038545974097e-02	8.369639216275551186e-02	-1.608467846339746987e-01	1.685273245455898850e-01	-1.727110743065118081e-01	8.944748473870431371e-02	-9.165446208398289607e-02	1.236862659360788291e-01	-1.252404626644585406e-01	1.148649034672692693e-01	-5.102907431391692783e-02	4.575036319835618093e-02	-8.908903911277388232e-02	8.859583308731057427e-02	-7.509522949228773780e-02	5.349762592496701968e-02	-4.374073672594788048e-02	9.411498091350718742e-02	-6.899239635254489356e-02	9.076041273657428632e-02	-3.349389013530014447e-02	3.424741101591750186e-02
1.066111913071610129e-01	-1.040108584280325654e-01	1.846707293616237922e-01	-1.156515284299327040e-01	1.082960553257995007e-01	-2.167794945244467253e-01	2.745679609751369155e-01	-3.262414705881040988e-01	1.204787623629452326e-01	-8.216708592309560077e-02	2.057348547334684197e-01	-6.208419944088607867e-01	9.999999999999971134e-01	-1.060492172365799929e-01	1.068808742209009371e-01	-2.348983485299585006e-01	2.677261161292675551e-01	-5.479605182294261523e-01	8.538528565003696003e-02	-8.890361853154071792e-02	1.540075791651055737e-01	-1.690082339724217064e-01	1.759385208636785880e-01	-9.560162293483183416e-02	9.516967460278880075e-02	-1.276386176140323625e-01	1.245321554399497765e-01	-1.211415854804158559e-01	5.336294471946084056e-02	-4.795631909823845629e-02	9.094533189969913889e-02	-9.256217111781625539e-02	7.804946407259157060e-02	-5.620883168578932887e-02	4.550656998565283384e-02	-9.889882736884049452e-02	7.148802809122922763e-02	-9.584335673970967306e-02	3.486393420854627667e-02	-3.585230984155117484e-02
-6.172718819247119404e-02	5.985068834088713013e-02	-1.239978702346338502e-01	1.478289688667204504e-01	-1.634496619795201833e-01	9.364022220657179651e-02	-9.961829738557970160e-02	1.269433151533666815e-01	-2.352348783850653213e-01	1.548089282354918605e-01	-1.016763603954910500e-01	9.178161601916300094e-02	-1.060492172365799929e-01	9.999999999999981126e-01	-4.016195590624972445e-01	1.214218116084948007e-01	-9.720317709284320706e-02	1.097283157649308061e-01	-7.516406612596822079e-01	2.817414964312913717e-01	-8.599082425576345945e-02	8.472169557481931679e-02	-1.283437462116087113e-01	2.594099839482645886e-01	-2.944199752575063500e-01	8.194242399868760518e-02	-8.489525480527329582e-02	8.863246008102909634e-02	-8.057519347118058395e-02	7.268685186259571385e-02	-6.276977218711816964e-02	6.496993237882692229e-02	-5.945202487465303665e-02	7.708760539747949725e-02	-6.779680260922800461e-02	6.925825576595361077e-02	-5.140672343020238899e-02	7.147166195354996698e-02	-3.620021512107224337e-02	3.614118311656821375e-02
7.115295781454751556e-02	-7.091201330230240130e-02	1.359166637599756589e-01	-1.718026573332575579e-01	1.996111769649642764e-01	-1.154266154567656494e-01	1.128712234652455848e-01	-1.517736920282941881e-01	1.997937689374016113e-01	-2.613558181039382644e-01	1.189277355149717247e-01	-1.034987469312797087e-01	1.068808742209009371e-01	-4.016195590624972445e-01	1.000000000000000444e+00	-1.589598042369602116e-01	1.090727896604797575e-01	-1.223532027096104619e-01	2.714920411886292961e-01	-7.183858832955960505e-01	1.024329030693006681e-01	-1.001986402007135762e-01	1.391571463179234747e-01	-2.786728480405732400e-01	2.595374956685627676e-01	-1.030605331552040121e-01	9.992338482094086094e-02	-1.063094311327814206e-01	8.773469738556440023e-02	-8.289146380687374693e-02	7.825337642523012838e-02	-8.325317758579088567e-02	7.337424800468320130e-02	-9.156043026981582067e-02	7.418176418056171562e-02	-9.114287723623989979e-02	6.547010172024177177e-02	-9.149944774245322154e-02	4.310984828506445737e-02	-4.421734343363142861e-02
-1.378426989130880076e-01	1.210618808217043957e-01	-2.045193402076931899e-01	1.330514509974808079e-01	-1.464391301832390635e-01	2.591927458853456323e-01	-2.748084105030317303e-01	2.031094664034754638e-01	-1.491857248680630577e-01	1.049746434406825801e-01	-5.255312174756096022e-01	2.263716452337578011e-01	-2.348983485299585006e-01	1.214218116084948007e-01	-1.589598042369602116e-01	9.999999999999972244e-01	-3.640279946954825263e-01	2.509898259918545982e-01	-1.053263944679608544e-01	1.229328183140698527e-01	-4.482519493769258623e-01	2.701444016151695049e-01	-2.808922640822978378e-01	1.357522099443696229e-01	-1.464783725032859918e-01	2.263602616043066673e-01	-2.276786064695419110e-01	1.880721589749959344e-01	-8.345012992765896143e-02	7.439286115527778132e-02	-1.706997446529126272e-01	1.523620620748863952e-01	-1.288691259281314894e-01	8.674131112090908979e-02	-7.278550453158130762e-02	1.574720523136081962e-01	-1.225537056750259784e-01	1.487149608599618589e-01	-5.690201785608432761e-02	5.698193678474081092e-02
9.093382568453085846e-02	-8.620814176366195514e-02	1.407031679945640046e-01	-9.428074958319544729e-02	9.560409587692825228e-02	-1.883214577046601890e-01	2.110893172618390767e-01	-1.783223695216345495e-01	1.015265238788060076e-01	-7.210109185686268407e-02	2.159392324949036268e-01	-3.328235632121657739e-01	2.677261161292675551e-01	-9.720317709284320706e-02	1.090727896604797575e-01	-3.640279946954825263e-01	9.999999999999990008e-01	-5.762439128798256816e-01	8.464928698010062980e-02	-9.242220164275291583e-02	2.669888711423265004e-01	-4.947154611991191886e-01	2.547666110122296379e-01	-1.121406240556652029e-01	1.094960954733056602e-01	-2.014695005643601655e-01	1.933927124438854506e-01	-1.824348492470474759e-01	7.063257145467988218e-02	-6.253107103687825796e-02	1.328510753333014549e-01	-1.326307233480725489e-01	1.107975300497622134e-01	-7.434585828271711438e-02	5.914957313818358653e-02	-1.372609506991881723e-01	1.000915229107917914e-01	-1.346736583360798600e-01	4.632025231014105793e-02	-4.757381017450795779e-02
-1.027032209310687061e-01	9.426032583234508766e-02	-1.735689010510377273e-01	1.092014680475815874e-01	-1.128677629729712695e-01	1.857597507617302635e-01	-2.463285695530449959e-01	2.030819161069539469e-01	-1.207842631680985102e-01	8.334897283076017627e-02	-2.320048665457040138e-01	2.866602706148748680e-01	-5.479605182294261523e-01	1.097283157649308061e-01	-1.223532027096104619e-01	2.509898259918545982e-01	-5.762439128798256816e-01	1.000000000000000666e+00	-1.009346984099032257e-01	1.005930318546401497e-01	-2.262914172633471166e-01	2.452538693965745364e-01	-3.087560152020928927e-01	1.181807832891590415e-01	-1.193991714203135462e-01	1.655829533768545803e-01	-1.807544455645358483e-01	1.680204214442382049e-01	-6.904637194760840369e-02	6.063921147558476443e-02	-1.182633732389940934e-01	1.155420700977058956e-01	-1.019670818751340080e-01	7.113875717972456547e-02	-5.780561089090850008e-02	1.191724644748972661e-01	-8.953689572465975410e-02	1.197298445978990378e-01	-4.339174278906693383e-02	4.407780039505600211e-02
4.863009329351852122e-02	-4.756800922390425068e-02	9.404636376251619689e-02	-1.139559996613050963e-01	1.165938047921872417e-01	-7.748815851667505139e-02	8.063721632269058026e-02	-1.022310153351484036e-01	1.464205963069794836e-01	-1.147536224331404953e-01	8.387847742197619694e-02	-7.697259038545974097e-02	8.538528565003696003e-02	-7.516406612596822079e-01	2.714920411886292961e-01	-1.053263944679608544e-01	8.464928698010062980e-02	-1.009346984099032257e-01	9.999999999999976685e-01	-3.778569876150470463e-01	7.563521191607333605e-02	-7.666204776880068683e-02	1.187563080853691333e-01	-4.127288325201692865e-01	2.679340160838394880e-01	-7.402024024516580536e-02	7.635783092273774886e-02	-8.375616584528138009e-02	8.261136508642649701e-02	-7.267355548489848327e-02	5.602011126972054195e-02	-5.867026765163805418e-02	5.427603434863637055e-02	-7.880110159554984395e-02	6.450979349122271111e-02	-6.213154486552115163e-02	4.598921978970738761e-02	-6.548105882331362038e-02	3.302348250795385243e-02	-3.319358844671757569e-02
-5.888906387215885052e-02	5.688789851785636814e-02	-1.133912562879161728e-01	1.296919731594494141e-01	-1.758813231834575330e-01	9.081042399835505263e-02	-9.345728863166760658e-02	1.165246477374925899e-01	-1.688928604722605420e-01	1.627659498989139086e-01	-9.985261346842157215e-02	8.369639216275551186e-02	-8.890361853154071792e-02	2.817414964312913717e-01	-7.183858832955960505e-01	1.229328183140698527e-01	-9.242220164275291583e-02	1.005930318546401497e-01	-3.778569876150470463e-01	9.999999999999947820e-01	-8.613389978276851655e-02	8.431811896701117692e-02	-1.266662931046751983e-01	2.671060646326580135e-01	-4.269383464245894433e-01	8.444259029405493111e-02	-8.633407386720892696e-02	9.120350610508437539e-02	-8.476442986125512502e-02	8.104433331036571542e-02	-6.492255634257972086e-02	6.779855677571260120e-02	-6.187314369182369406e-02	8.365725310383879954e-02	-7.388062905422156101e-02	7.271784304347733707e-02	-5.367517579840486164e-02	7.506142070006521783e-02	-3.871707387135646383e-02	3.884440534973400416e-02
7.382921052255925209e-02	-6.823074786537781933e-02	1.121578256420893011e-01	-7.762665280092219400e-02	8.255713247341670002e-02	-1.462660448698245852e-01	1.506390123573598527e-01	-1.263302792327290480e-01	8.565248627495511413e-02	-6.206082671519171090e-02	2.012816016489030191e-01	-1.608467846339746987e-01	1.540075791651055737e-01	-8.599082425576345945e-02	1.024329030693006681e-01	-4.482519493769258623e-01	2.669888711423265004e-01	-2.262914172633471166e-01	7.563521191607333605e-02	-8.613389978276851655e-02	1.000000000000000000e+00	-5.979928454949677841e-01	2.662448923883924956e-01	-1.109388448497695967e-01	1.093917650612830084e-01	-4.448492900614820500e-01	2.556870122514294796e-01	-2.205912282408078184e-01	7.916508396394791869e-02	-6.941554996826994339e-02	2.033980067408736325e-01	-1.880696427357851919e-01	1.398932549147155480e-01	-8.349742278284866259e-02	6.596154146557298148e-02	-1.855381576212228600e-01	1.339070201297172524e-01	-1.685576665754806303e-01	5.413540875530618857e-02	-5.548574497874215333e-02
-7.049895020719769423e-02	6.493251922322232361e-02	-1.098565758675918574e-01	7.529012106435509222e-02	-8.008237393863898435e-02	1.351840518273267622e-01	-1.534077414261632299e-01	1.241168702228059445e-01	-8.353208008312733301e-02	6.026916134336442882e-02	-1.828159512977511614e-01	1.685273245455898850e-01	-1.690082339724217064e-01	8.472169557481931679e-02	-1.001986402007135762e-01	2.701444016151695049e-01	-4.947154611991191886e-01	2.452538693965745364e-01	-7.666204776880068683e-02	8.431811896701117692e-02	-5.979928454949677841e-01	9.999999999999972244e-01	-4.099753663195010445e-01	1.146301458776372295e-01	-1.123802484415619835e-01	2.499923704922772660e-01	-3.082432388222878794e-01	2.264437946514266942e-01	-7.793159099084780161e-02	6.662301747395149576e-02	-1.593215981784813495e-01	1.460825965094420253e-01	-1.263415211502342261e-01	7.960590424479389859e-02	-6.297366788513220071e-02	1.433760876534264095e-01	-1.090317151509171828e-01	1.447133292694566531e-01	-4.842508140463221838e-02	4.916955349914750584e-02
7.752367267700908948e-02	-7.265416468707465436e-02	1.222575016697955014e-01	-9.049844314760972785e-02	9.619640849842181485e-02	-1.488811457616588396e-01	1.563645759648581712e-01	-1.420139862374221740e-01	1.010340912996571250e-01	-7.536864428269239580e-02	1.847701821136314426e-01	-1.727110743065118081e-01	1.759385208636785880e-01	-1.283437462116087113e-01	1.391571463179234747e-01	-2.808922640822978378e-01	2.547666110122296379e-01	-3.087560152020928927e-01	1.187563080853691333e-01	-1.266662931046751983e-01	2.662448923883924956e-01	-4.099753663195010445e-01	9.999999999999980016e-01	-2.345308398869244693e-01	1.795646012701390959e-01	-2.948473515297467262e-01	3.024519717557022647e-01	-5.495376683292169107e-01	1.384172314616467225e-01	-1.173278899491324717e-01	1.952678301352245294e-01	-2.141906039204970746e-01	2.066323435108034234e-01	-1.422052604968292999e-01	1.050690943463750138e-01	-2.118806083914797633e-01	1.558969931588214120e-01	-2.522060113542662352e-01	7.771620151744641769e-02	-8.053879477958517108e-02
-5.494810860191205737e-02	5.218735239035023760e-02	-9.897225519440855379e-02	9.893689184733005237e-02	-1.161149219674799254e-01	9.060798643506687289e-02	-9.514205758750743369e-02	1.042805022087694711e-01	-1.247513147541597367e-01	1.017554048724712140e-01	-1.067807351510604713e-01	8.944748473870431371e-02	-9.560162293483183416e-02	2.594099839482645886e-01	-2.786728480405732400e-01	1.357522099443696229e-01	-1.121406240556652029e-01	1.181807832891590415e-01	-4.127288325201692865e-01	2.671060646326580135e-01	-1.109388448497695967e-01	1.146301458776372295e-01	-2.345308398869244693e-01	1.000000000000000222e+00	-7.319907750276618552e-01	1.108472934450739494e-01	-1.222943625645505489e-01	1.400966432818210594e-01	-1.897649123172068797e-01	1.413246608982826613e-01	-8.452059149478308164e-02	8.819323597929046299e-02	-8.673669643749092051e-02	1.477709727163589448e-01	-1.262360865208959626e-01	9.086039594269820774e-02	-6.902270310707846190e-02	1.011826911872045487e-01	-5.617966080759256853e-02	5.549809710481450054e-02
5.551045990844864775e-02	-5.353424630733509548e-02	9.877261174935260402e-02	-1.024888989328465727e-01	1.119378726702755650e-01	-9.478132231819662301e-02	9.573284628752948278e-02	-1.088006413837296626e-01	1.220442886942540023e-01	-1.025394300062324598e-01	1.074983313857015288e-01	-9.165446208398289607e-02	9.516967460278880075e-02	-2.944199752575063500e-01	2.595374956685627676e-01	-1.464783725032859918e-01	1.094960954733056602e-01	-1.193991714203135462e-01	2.679340160838394880e-01	-4.269383464245894433e-01	1.093917650612830084e-01	-1.123802484415619835e-01	1.795646012701390959e-01	-7.319907750276618552e-01	9.999999999999983347e-01	-1.159439154866738347e-01	1.179478778492494134e-01	-1.382310608142112429e-01	1.561655032839424917e-01	-1.646010160741241679e-01	8.738716012144930045e-02	-9.392588288303023447e-02	8.861496821872910656e-02	-1.557901558568541567e-01	1.268883658655162450e-01	-9.900285903543984412e-02	7.290417662767974261e-02	-1.084238870206212235e-01	5.832230461572206204e-02	-5.949574080693121464e-02
-6.485569613507040365e-02	5.883633266337549156e-02	-1.011079812657088711e-01	7.088493242995479171e-02	-7.799873951171779063e-02	1.184970879848550179e-01	-1.291969767542257286e-01	1.073229968560979602e-01	-7.986705263286134060e-02	5.848168404385311464e-02	-1.719918327022983695e-01	1.236862659360788291e-01	-1.276386176140323625e-01	8.194242399868760518e-02	-1.030605331552040121e-01	2.263602616043066673e-01	-2.014695005643601655e-01	1.655829533768545803e-01	-7.402024024516580536e-02	8.444259029405493111e-02	-4.448492900614820500e-01	2.499923704922772660e-01	-2.948473515297467262e-01	1.108472934450739494e-01	-1.159439154866738347e-01	9.999999999999998890e-01	-5.003023248907474407e-01	2.519411113541638048e-01	-8.799314555413563499e-02	7.431660554019745013e-02	-5.164794353557312645e-01	2.502850914941815996e-01	-1.791270011366300485e-01	8.943423883834993038e-02	-7.259790448276239039e-02	2.199324905924895934e-01	-1.846360367493826427e-01	1.857380515616571803e-01	-6.011874626169554092e-02	5.957754941427709228e-02
6.043094220366729274e-02	-5.593833791704554831e-02	9.401316215844286728e-02	-6.770990833054495173e-02	7.294129455228598458e-02	-1.149283688238927487e-01	1.206636906700817857e-01	-1.051319728805795439e-01	7.555753922426779179e-02	-5.586772504578572246e-02	1.514750544260701492e-01	-1.252404626644585406e-01	1.245321554399497765e-01	-8.489525480527329582e-02	9.992338482094086094e-02	-2.276786064695419110e-01	1.933927124438854506e-01	-1.807544455645358483e-01	7.635783092273774886e-02	-8.633407386720892696e-02	2.556870122514294796e-01	-3.082432388222878794e-01	3.024519717557022647e-01	-1.222943625645505489e-01	1.179478778492494134e-01	-5.003023248907474407e-01	9.999999999999976685e-01	-6.090065937463542411e-01	1.214180109558367776e-01	-9.980743235010723635e-02	2.345389997650033920e-01	-2.419172439884465231e-01	2.105926292238919084e-01	-1.236362185327462004e-01	8.993250240580576149e-02	-2.137208233728609685e-01	1.623110545202329502e-01	-2.392667860398104418e-01	6.924172934073673236e-02	-7.073537098038416848e-02
-5.778540814027299105e-02	5.303927292773118196e-02	-9.161223044067196009e-02	6.677666309754268226e-02	-7.329254121988786064e-02	1.057507144453621595e-01	-1.152342466193193304e-01	9.969873479989142806e-02	-7.570081158262673138e-02	5.638335671017795370e-02	-1.434319150801498799e-01	1.148649034672692693e-01	-1.211415854804158559e-01	8.863246008102909634e-02	-1.063094311327814206e-01	1.880721589749959344e-01	-1.824348492470474759e-01	1.680204214442382049e-01	-8.375616584528138009e-02	9.120350610508437539e-02	-2.205912282408078184e-01	2.264437946514266942e-01	-5.495376683292169107e-01	1.400966432818210594e-01	-1.382310608142112429e-01	2.519411113541638048e-01	-6.090065937463542411e-01	9.999999999999963363e-01	-1.810500689381422113e-01	1.182573437142230843e-01	-1.907854464456544274e-01	1.927206098585771410e-01	-3.170374315166868961e-01	1.453364107502410074e-01	-1.080766664355733708e-01	1.657396196338020156e-01	-1.439421391706145470e-01	2.370885734097312736e-01	-7.324428567696503189e-02	7.213548609482417495e-02
2.880337753076359780e-02	-2.680737887301466726e-02	4.794389654246262317e-02	-4.081366433917325842e-02	4.605077191237570006e-02	-5.044736373491148784e-02	5.344027903666218049e-02	-5.133796967899002806e-02	4.816889116717365527e-02	-3.808112237999333044e-02	6.502952507780757063e-02	-5.102907431391692783e-02	5.336294471946084056e-02	-8.057519347118058395e-02	8.773469738556440023e-02	-8.345012992765896143e-02	7.063257145467988218e-02	-6.904637194760840369e-02	8.261136508642649701e-02	-8.476442986125512502e-02	7.916508396394791869e-02	-7.793159099084780161e-02	1.384172314616467225e-01	-1.897649123172068797e-01	1.561655032839424917e-01	-8.799314555413563499e-02	1.214180109558367776e-01	-1.810500689381422113e-01	9.999999999999993339e-01	-5.574384230610562874e-01	7.154556672225602376e-02	-7.714440380535061981e-02	9.930944923764832566e-02	-7.061383207073058665e-01	3.176185022371493250e-01	-7.076640461208763555e-02	5.960828070860563210e-02	-1.033253112078495184e-01	8.997006430881575312e-02	-8.909072167125117736e-02
-2.644576412092372944e-02	2.457516006860633109e-02	-4.414293877087981099e-02	3.774699925754381596e-02	-4.290634556057069948e-02	4.589330146312873421e-02	-4.865307499272355368e-02	4.689753496016477174e-02	-4.457655891243274965e-02	3.546491013037802315e-02	-5.941676405430629943e-02	4.575036319835618093e-02	-4.795631909823845629e-02	7.268685186259571385e-02	-8.289146380687374693e-02	7.439286115527778132e-02	-6.253107103687825796e-02	6.063921147558476443e-02	-7.267355548489848327e-02	8.104433331036571542e-02	-6.941554996826994339e-02	6.662301747395149576e-02	-1.173278899491324717e-01	1.413246608982826613e-01	-1.646010160741241679e-01	7.431660554019745013e-02	-9.980743235010723635e-02	1.182573437142230843e-01	-5.574384230610562874e-01	9.999999999999982236e-01	-6.243370149754789988e-02	6.561434065747977218e-02	-8.165947700889399086e-02	3.254880709707416164e-01	-7.199012248303490180e-01	6.190842713835798677e-02	-5.250109704506276953e-02	8.721081569290661806e-02	-1.287133922008352194e-01	1.201582652354400982e-01
4.783168914409034050e-02	-4.358589472479119237e-02	7.447095154994866351e-02	-5.299602152792078080e-02	5.823615130053096806e-02	-8.773361870423382336e-02	9.345113474076958970e-02	-7.948313249054797525e-02	5.958193510664857445e-02	-4.391494289816029462e-02	1.239697125730789690e-01	-8.908903911277388232e-02	9.094533189969913889e-02	-6.276977218711816964e-02	7.825337642523012838e-02	-1.706997446529126272e-01	1.328510753333014549e-01	-1.182633732389940934e-01	5.602011126972054195e-02	-6.492255634257972086e-02	2.033980067408736325e-01	-1.593215981784813495e-01	1.952678301352245294e-01	-8.452059149478308164e-02	8.738716012144930045e-02	-5.164794353557312645e-01	2.345389997650033920e-01	-1.907854464456544274e-01	7.154556672225602376e-02	-6.243370149754789988e-02	9.999999999999960032e-01	-5.933836142913117007e-01	2.106582756664360512e-01	-7.701880583209547160e-02	6.217346671706534822e-02	-4.210269926393738205e-01	2.768816446057403846e-01	-2.382962355093902751e-01	6.154648912375183800e-02	-6.228439544751999263e-02
-4.941298239819239685e-02	4.463743792438010921e-02	-7.758046076604363517e-02	5.506078819243741956e-02	-6.133261337639278610e-02	8.801696811754812499e-02	-9.613052973664339140e-02	8.079568700050117347e-02	-6.241097726901179144e-02	4.602925692652974632e-02	-1.282598457433031525e-01	8.859583308731057427e-02	-9.256217111781625539e-02	6.496993237882692229e-02	-8.325317758579088567e-02	1.523620620748863952e-01	-1.326307233480725489e-01	1.155420700977058956e-01	-5.867026765163805418e-02	6.779855677571260120e-02	-1.880696427357851919e-01	1.460825965094420253e-01	-2.141906039204970746e-01	8.819323597929046299e-02	-9.392588288303023447e-02	2.502850914941815996e-01	-2.419172439884465231e-01	1.927206098585771410e-01	-7.714440380535061981e-02	6.561434065747977218e-02	-5.933836142913117007e-01	9.999999999999971134e-01	-3.784632059673153082e-01	8.198854509388954492e-02	-6.775289111492251160e-02	3.058989903389432996e-01	-5.002571125282948561e-01	2.649047572038726317e-01	-6.866819801123377753e-02	6.651978946209266552e-02
4.064375654331323778e-02	-3.705107052575711685e-02	6.409321472172725687e-02	-4.657282925078073260e-02	5.156274538071402985e-02	-7.329738325762089057e-02	7.902512066140425506e-02	-6.814773378639273071e-02	5.279328271906388870e-02	-3.932607919087979104e-02	1.025094829749554348e-01	-7.509522949228773780e-02	7.804946407259157060e-02	-5.945202487465303665e-02	7.337424800468320130e-02	-1.288691259281314894e-01	1.107975300497622134e-01	-1.019670818751340080e-01	5.427603434863637055e-02	-6.187314369182369406e-02	1.398932549147155480e-01	-1.263415211502342261e-01	2.066323435108034234e-01	-8.673669643749092051e-02	8.861496821872910656e-02	-1.791270011366300485e-01	2.105926292238919084e-01	-3.170374315166868961e-01	9.930944923764832566e-02	-8.165947700889399086e-02	2.106582756664360512e-01	-3.784632059673153082e-01	9.999999999999967804e-01	-1.159229808829060487e-01	8.580962127651410587e-02	-1.950238271312936533e-01	2.090517941344406938e-01	-7.852237683177181182e-01	1.022549636499291981e-01	-1.027545616819046936e-01
-3.072613790285310537e-02	2.843099374992748979e-02	-5.095130223736669961e-02	4.254201736777501325e-02	-4.858651654907957668e-02	5.336936868166716058e-02	-5.697457097276209526e-02	5.388306677085628188e-02	-5.020536459406241964e-02	3.963674483152834771e-02	-7.013188030568694165e-02	5.349762592496701968e-02	-5.620883168578932887e-02	7.708760539747949725e-02	-9.156043026981582067e-02	8.674131112090908979e-02	-7.434585828271711438e-02	7.113875717972456547e-02	-7.880110159554984395e-02	8.365725310383879954e-02	-8.349742278284866259e-02	7.960590424479389859e-02	-1.422052604968292999e-01	1.477709727163589448e-01	-1.557901558568541567e-01	8.943423883834993038e-02	-1.236362185327462004e-01	1.453364107502410074e-01	-7.061383207073058665e-01	3.254880709707416164e-01	-7.701880583209547160e-02	8.198854509388954492e-02	-1.159229808829060487e-01	9.999999999999971134e-01	-5.559956870096420811e-01	7.457636699760629428e-02	-6.504143505663904923e-02	1.116140966903723941e-01	-1.313082561667680837e-01	1.192472020748518990e-01
2.518724412854364200e-02	-2.343366533762819906e-02	4.172586117333519640e-02	-3.541997918700642844e-02	3.976002355436427521e-02	-4.415822033701927857e-02	4.638682775713668521e-02	-4.464844505438556738e-02	4.144498281563906150e-02	-3.282516720407886029e-02	5.697357741164888606e-02	-4.374073672594788048e-02	4.550656998565283384e-02	-6.779680260922800461e-02	7.418176418056171562e-02	-7.278550453158130762e-02	5.914957313818358653e-02	-5.780561089090850008e-02	6.450979349122271111e-02	-7.388062905422156101e-02	6.596154146557298148e-02	-6.297366788513220071e-02	1.050690943463750138e-01	-1.262360865208959626e-01	1.268883658655162450e-01	-7.259790448276239039e-02	8.993250240580576149e-02	-1.080766664355733708e-01	3.176185022371493250e-01	-7.199012248303490180e-01	6.217346671706534822e-02	-6.775289111492251160e-02	8.580962127651410587e-02	-5.559956870096420811e-01	9.999999999999971134e-01	-6.355379339075614697e-02	5.384814827265181625e-02	-9.576833821809750680e-02	1.492458086734924361e-01	-1.820222363573460178e-01
-5.462483919150088602e-02	4.903748206220592126e-02	-8.583170645850107805e-02	6.054891156118753781e-02	-6.800762407304622448e-02	9.566734499876242137e-02	-1.052109011415338080e-01	8.777283317428632992e-02	-6.880684790654841010e-02	5.065930037984273104e-02	-1.426069048786949567e-01	9.411498091350718742e-02	-9.889882736884049452e-02	6.925825576595361077e-02	-9.114287723623989979e-02	1.574720523136081962e-01	-1.372609506991881723e-01	1.191724644748972661e-01	-6.213154486552115163e-02	7.271784304347733707e-02	-1.855381576212228600e-01	1.433760876534264095e-01	-2.118806083914797633e-01	9.086039594269820774e-02	-9.900285903543984412e-02	2.199324905924895934e-01	-2.137208233728609685e-01	1.657396196338020156e-01	-7.076640461208763555e-02	6.190842713835798677e-02	-4.210269926393738205e-01	3.058989903389432996e-01	-1.950238271312936533e-01	7.457636699760629428e-02	-6.355379339075614697e-02	9.999999999999970024e-01	-7.461297338577654870e-01	2.046788844176513078e-01	-6.199258573550779639e-02	5.976607873655930686e-02
3.874214988611379695e-02	-3.509926558347570974e-02	6.068283070359468262e-02	-4.332733871175894341e-02	4.813120534680417201e-02	-6.941329885157035418e-02	7.478891701102935441e-02	-6.353060344972749629e-02	4.898097482727974128e-02	-3.621482656165326414e-02	9.980095197498786708e-02	-6.899239635254489356e-02	7.148802809122922763e-02	-5.140672343020238899e-02	6.547010172024177177e-02	-1.225537056750259784e-01	1.000915229107917914e-01	-8.953689572465975410e-02	4.598921978970738761e-02	-5.367517579840486164e-02	1.339070201297172524e-01	-1.090317151509171828e-01	1.558969931588214120e-01	-6.902270310707846190e-02	7.290417662767974261e-02	-1.846360367493826427e-01	1.623110545202329502e-01	-1.439421391706145470e-01	5.960828070860563210e-02	-5.250109704506276953e-02	2.768816446057403846e-01	-5.002571125282948561e-01	2.090517941344406938e-01	-6.504143505663904923e-02	5.384814827265181625e-02	-7.461297338577654870e-01	9.999999999999974465e-01	-2.743981977062183164e-01	5.978517031249953179e-02	-5.964979115041788016e-02
-5.086896119417228662e-02	4.598635028700830130e-02	-8.048590450057584167e-02	5.791184248060070316e-02	-6.485082009539634706e-02	8.976637654295564761e-02	-9.857578370524659739e-02	8.366569299537221505e-02	-6.598370167109458839e-02	4.902082060471557590e-02	-1.295999226703707929e-01	9.076041273657428632e-02	-9.584335673970967306e-02	7.147166195354996698e-02	-9.149944774245322154e-02	1.487149608599618589e-01	-1.346736583360798600e-01	1.197298445978990378e-01	-6.548105882331362038e-02	7.506142070006521783e-02	-1.685576665754806303e-01	1.447133292694566531e-01	-2.522060113542662352e-01	1.011826911872045487e-01	-1.084238870206212235e-01	1.857380515616571803e-01	-2.392667860398104418e-01	2.370885734097312736e-01	-1.033253112078495184e-01	8.721081569290661806e-02	-2.382962355093902751e-01	2.649047572038726317e-01	-7.852237683177181182e-01	1.116140966903723941e-01	-9.576833821809750680e-02	2.046788844176513078e-01	-2.743981977062183164e-01	9.999999999999980016e-01	-1.493342903721361914e-01	1.234425396663061808e-01
1.935548302441256890e-02	-1.771741437248700382e-02	3.109201935278234352e-02	-2.405355991301639379e-02	2.693944464812148692e-02	-3.413797221777588320e-02	3.637000966307624844e-02	-3.271617795791071509e-02	2.763206651423801702e-02	-2.117402021591990521e-02	4.690632941917185356e-02	-3.349389013530014447e-02	3.486393420854627667e-02	-3.620021512107224337e-02	4.310984828506445737e-02	-5.690201785608432761e-02	4.632025231014105793e-02	-4.339174278906693383e-02	3.302348250795385243e-02	-3.871707387135646383e-02	5.413540875530618857e-02	-4.842508140463221838e-02	7.771620151744641769e-02	-5.617966080759256853e-02	5.832230461572206204e-02	-6.011874626169554092e-02	6.924172934073673236e-02	-7.324428567696503189e-02	8.997006430881575312e-02	-1.287133922008352194e-01	6.154648912375183800e-02	-6.866819801123377753e-02	1.022549636499291981e-01	-1.313082561667680837e-01	1.492458086734924361e-01	-6.199258573550779639e-02	5.978517031249953179e-02	-1.493342903721361914e-01	9.999999999999980016e-01	-9.513424170956399362e-01
