1.000000000000000222e+00	-2.259989031442540264e-01	1.270750051261577973e-01	-1.546757124628491686e-01	1.338751513603434473e-01	-9.027278532018394586e-01	2.233602954758089620e-01	-1.620807206800579381e-01	1.174080813940402007e-01	-1.197204566578415202e-01	1.246538969498967725e-01	-1.235792959575564148e-01	1.123109081112896590e-01	-1.100616050515563632e-01	1.013160271230004877e-01	-1.171532516128633711e-01	1.151528158457072321e-01	-1.135699164744952278e-01	1.015463284255843368e-01	-1.022734280472726714e-01	7.767297716336024616e-02	-8.380311285827929391e-02	7.999477230903917491e-02	-8.801533849360411443e-02	4.730593187464253446e-02	-9.166663227049803853e-02	8.267896148268651102e-02	-7.393387601656706276e-02	7.139022412143172791e-02	-3.952471577242475803e-02	3.414172986960319067e-02	-4.146507582469476094e-02	5.169744311869706177e-02	-4.718031413625357190e-02	5.176604903943766989e-02	-4.214419598015771429e-02	3.247006074546569809e-02	-4.897864790516651134e-02	1.773043039453779321e-02	-1.499403547397212301e-02
-2.259989031442540264e-01	1.000000000000000000e+00	-6.488646906213699772e-01	3.100257634722712874e-01	-3.432745527542244157e-01	1.760011843149399957e-01	-4.755246270537787368e-01	2.751629925123102449e-01	-2.281810530488531941e-01	2.037032409164518387e-01	-1.099734529953765583e-01	1.502928657810398416e-01	-1.646474022476918375e-01	1.702008225034276900e-01	-1.748732492006666028e-01	9.983565392598842125e-02	-1.442739053303006003e-01	1.435752868328276644e-01	-1.578490771086751843e-01	1.448696205959507655e-01	-8.924274280742237886e-02	9.452332733494514527e-02	-1.030826363628448566e-01	1.091925956114512264e-01	-6.073153696185421002e-02	1.000819938925884972e-01	-1.008309945284313752e-01	8.892656116541149125e-02	-9.103447536204634094e-02	4.980895914341843672e-02	-3.907409736962033642e-02	4.763534868924349658e-02	-6.196408699138788306e-02	5.817103517521169526e-02	-6.577971368461417445e-02	4.781764483726366061e-02	-3.752865925973787598e-02	5.646750384985884524e-02	-2.248464472713557205e-02	1.892210447442043211e-02
1.270750051261577973e-01	-6.488646906213699772e-01	1.000000000000000000e+00	-5.915758873561109965e-01	2.613900906659655243e-01	-1.130117600537056399e-01	2.669684551222597513e-01	-3.307449079641106571e-01	1.979539930835765849e-01	-1.771978341644251942e-01	7.838540996218090751e-02	-1.130537159554945437e-01	1.298291774551517952e-01	-1.418056258436375672e-01	1.360125015032400131e-01	-7.263790706009363995e-02	1.042470419057629216e-01	-1.112257873028334870e-01	1.181163210174308448e-01	-1.139436477398988318e-01	6.400112195474973176e-02	-6.883445074330378499e-02	7.663232669102015837e-02	-8.201207035080464169e-02	4.371278592808092861e-02	-7.274956219906247856e-02	7.178088988845673923e-02	-6.506152147779505068e-02	6.541678391784742919e-02	-3.607507013056573258e-02	2.830531219584775035e-02	-3.458250471264618514e-02	4.475355075211401995e-02	-4.187532982894901640e-02	4.680203040061693687e-02	-3.476050542818876626e-02	2.720496718730799554e-02	-4.107454117241754465e-02	1.596126400573325346e-02	-1.346170878985715989e-02
-1.546757124628491686e-01	3.100257634722712874e-01	-5.915758873561109965e-01	1.000000000000000000e+00	-5.588437859125565677e-01	1.302580840818478580e-01	-3.183634934441391118e-01	2.613569164063554440e-01	-2.795139928209863234e-01	2.475953832670770294e-01	-9.939763465917803020e-02	1.375038191327433157e-01	-1.593266464748679390e-01	1.823253020648074874e-01	-1.933578125752357102e-01	9.102935266505333967e-02	-1.338976452473582823e-01	1.387327446319445434e-01	-1.618910575540382646e-01	1.511210385061590722e-01	-8.322625077775398783e-02	8.849738566280980490e-02	-9.926878959535968827e-02	1.056441734699968549e-01	-5.786523720390192305e-02	9.395734566644166341e-02	-9.463066888745894079e-02	8.458066586987898761e-02	-8.652742716586933613e-02	4.749324467237633213e-02	-3.685091320346776250e-02	4.500289616797083919e-02	-5.863487661262428707e-02	5.516956062130155131e-02	-6.222660663826261318e-02	4.515701239065036260e-02	-3.545495710558831809e-02	5.343415632224924466e-02	-2.124425251610760623e-02	1.788880644588575902e-02
1.338751513603434473e-01	-3.432745527542244157e-01	2.613900906659655243e-01	-5.588437859125565677e-01	1.000000000000000000e+00	-1.300418075596276868e-01	2.569800575138945775e-01	-2.934667832157021872e-01	2.711505104986729475e-01	-5.543282233581380281e-01	1.052366158025530157e-01	-1.545265917053308957e-01	1.737488511212347819e-01	-2.307937540203224280e-01	2.372896712428219368e-01	-1.010135377177995425e-01	1.426308390599839715e-01	-1.650186546634360985e-01	1.813914724263565592e-01	-2.066474631478726343e-01	9.111849973772388755e-02	-9.999577969740651440e-02	1.128212839412980062e-01	-1.254796691229002059e-01	6.415865114440813533e-02	-1.091011016128045907e-01	1.033991452337742756e-01	-9.742084993881479360e-02	9.555880094817358061e-02	-5.349916760900047530e-02	4.245478196631029266e-02	-5.208103212954354189e-02	6.648383953712240502e-02	-6.194961545030742978e-02	6.801798146541709889e-02	-5.258034043912390015e-02	4.089164016941139457e-02	-6.209949541235906117e-02	2.317088773512322036e-02	-1.960656463057668109e-02
-9.027278532018394586e-01	1.760011843149399957e-01	-1.130117600537056399e-01	1.302580840818478580e-01	-1.300418075596276868e-01	9.999999999999995559e-01	-2.881533316446627802e-01	1.502590290789100613e-01	-1.136541503000972342e-01	1.092672345917704846e-01	-1.451991421117525549e-01	1.224746765784350544e-01	-1.114228251742629822e-01	1.035090999971876452e-01	-9.744246749614250691e-02	1.152633304103904688e-01	-1.182599288694224787e-01	1.073482235619055841e-01	-9.860580038965793825e-02	9.425035043033005988e-02	-7.670049768943758284e-02	8.014290454745054415e-02	-7.674213650075432935e-02	8.221535659243572880e-02	-4.552096443221598926e-02	8.438050700499982737e-02	-8.010662359307355040e-02	6.931884088013799683e-02	-6.874040514295064186e-02	3.767180960380802496e-02	-3.163874558146632932e-02	3.831653718455491076e-02	-4.862411976415323411e-02	4.473503926672576375e-02	-4.992338694485679018e-02	3.871782749236802462e-02	-3.007326046700996292e-02	4.514115944364208155e-02	-1.709790628981319380e-02	1.441591986954008156e-02
2.233602954758089620e-01	-4.755246270537787368e-01	2.669684551222597513e-01	-3.183634934441391118e-01	2.569800575138945775e-01	-2.881533316446627802e-01	9.999999999999998890e-01	-5.392391698839689163e-01	2.667109804218401603e-01	-2.623996067601665483e-01	1.546505863520392932e-01	-2.662180315000760578e-01	2.296714231030278219e-01	-2.378552394564043548e-01	2.035897794017376694e-01	-1.490794481051229414e-01	1.960621021035010847e-01	-2.127373506913190493e-01	1.895136055033089517e-01	-1.966232621164110961e-01	1.194249427390976781e-01	-1.328651476455978420e-01	1.394358035498598491e-01	-1.535554375734023147e-01	7.780057716429616965e-02	-1.410558274001631196e-01	1.301858055202413378e-01	-1.215116227935476995e-01	1.167462494738024104e-01	-6.517881194290374436e-02	5.356718532359040774e-02	-6.547038252452393181e-02	8.267554103622680450e-02	-7.611440546826879483e-02	8.300925146921629694e-02	-6.625524376823005435e-02	5.129301920862325281e-02	-7.777378798596257248e-02	2.828428253325712682e-02	-2.395571223561508700e-02
-1.620807206800579381e-01	2.751629925123102449e-01	-3.307449079641106571e-01	2.613569164063554440e-01	-2.934667832157021872e-01	1.502590290789100613e-01	-5.392391698839689163e-01	1.000000000000000000e+00	-5.401178923646130503e-01	2.617627335698985425e-01	-1.333038316330302508e-01	2.015669232350744688e-01	-2.958880530382617668e-01	2.572993091558792300e-01	-2.316474817677775244e-01	1.207524771939809255e-01	-1.813079320796241178e-01	1.930327444903458534e-01	-1.987670077665171509e-01	1.815919277533595277e-01	-1.036082653565117140e-01	1.113209029098028713e-01	-1.290701999122863819e-01	1.335284527553551592e-01	-6.928189905139733873e-02	1.135904210583584123e-01	-1.131718332887028111e-01	1.033806112877074940e-01	-1.037586591776740869e-01	5.711820365413570327e-02	-4.406819534657251125e-02	5.383695890436262371e-02	-7.017539600638152131e-02	6.560015225051962773e-02	-7.313427788556738085e-02	5.396411677231914561e-02	-4.233905939402427682e-02	6.392422575382725181e-02	-2.485122429596977461e-02	2.097369457392627909e-02
1.174080813940402007e-01	-2.281810530488531941e-01	1.979539930835765849e-01	-2.795139928209863234e-01	2.711505104986729475e-01	-1.136541503000972342e-01	2.667109804218401603e-01	-5.401178923646130503e-01	9.999999999999992228e-01	-4.960425195828015443e-01	1.112439363258485581e-01	-1.777016900022798662e-01	2.256940119819748070e-01	-4.742417569660092869e-01	2.782127538293611702e-01	-1.051642313559032760e-01	1.534047939009134109e-01	-1.832306145062150560e-01	2.025029993303605891e-01	-2.094415080324695810e-01	9.032033959101913589e-02	-9.912937546053697535e-02	1.173187111835701235e-01	-1.269460152333635183e-01	6.253206646255679568e-02	-1.021516897205014679e-01	9.948321508401833380e-02	-9.436059415246993154e-02	9.306781019795386245e-02	-5.196026555944498887e-02	3.968824375563440726e-02	-4.867280037453757674e-02	6.310521807619813572e-02	-5.910236886223433489e-02	6.504524191966529201e-02	-4.885429598019599279e-02	3.822726722166206598e-02	-5.799776953104381072e-02	2.205419963993059465e-02	-1.865978920027840451e-02
-1.197204566578415202e-01	2.037032409164518387e-01	-1.771978341644251942e-01	2.475953832670770294e-01	-5.543282233581380281e-01	1.092672345917704846e-01	-2.623996067601665483e-01	2.617627335698985425e-01	-4.960425195828015443e-01	9.999999999999984457e-01	-1.059335339413317451e-01	1.537737913388134148e-01	-1.928149561573425097e-01	2.811804603289315141e-01	-4.705617779906899889e-01	9.814552027340275875e-02	-1.473555302119701205e-01	1.641370412258013334e-01	-2.216341535063604540e-01	2.227536904111703520e-01	-8.901654156424315678e-02	9.582572794866364707e-02	-1.141364849269606713e-01	1.223608849865926718e-01	-6.339380958185768244e-02	1.000987387051217176e-01	-1.000349845581243596e-01	9.271460281746302101e-02	-9.412818855152273179e-02	5.216068229511708343e-02	-3.931472582731539850e-02	4.817473252767773967e-02	-6.297381268657653575e-02	5.942923141891622713e-02	-6.631307121527520165e-02	4.827178593357266123e-02	-3.791583563203478058e-02	5.737233615291818106e-02	-2.252187793966943519e-02	1.901010912049375806e-02
1.246538969498967725e-01	-1.099734529953765583e-01	7.838540996218090751e-02	-9.939763465917803020e-02	1.052366158025530157e-01	-1.451991421117525549e-01	1.546505863520392932e-01	-1.333038316330302508e-01	1.112439363258485581e-01	-1.059335339413317451e-01	9.999999999999996669e-01	-4.106564732548139696e-01	1.995428268533014915e-01	-1.356294448696331034e-01	1.131412784802908467e-01	-7.961792659194258936e-01	2.838918874142208892e-01	-2.050274688985452842e-01	1.284579752627390825e-01	-1.206686186937084848e-01	1.612956320865215343e-01	-1.698084826248045243e-01	1.237307916897821269e-01	-1.297824791367561681e-01	6.276853199908255521e-02	-1.402493889475565081e-01	1.215198502097279143e-01	-1.027587674008302171e-01	9.584701082572995301e-02	-5.266082811935617752e-02	4.597909971821086128e-02	-5.447872422620397143e-02	6.798045961221363398e-02	-6.084920419775412953e-02	6.616208314162461135e-02	-5.490310409278327530e-02	4.230667911923097213e-02	-6.275749491492749188e-02	2.238076417179084981e-02	-1.895797297776770363e-02
-1.235792959575564148e-01	1.502928657810398416e-01	-1.130537159554945437e-01	1.375038191327433157e-01	-1.545265917053308957e-01	1.224746765784350544e-01	-2.662180315000760578e-01	2.015669232350744688e-01	-1.777016900022798662e-01	1.537737913388134148e-01	-4.106564732548139696e-01	9.999999999999991118e-01	-5.475295560920829807e-01	2.136123468598435660e-01	-1.813314637653439254e-01	2.693627439037054594e-01	-5.269945056806140116e-01	2.829861927819444789e-01	-1.917154710867869372e-01	1.653296485295757678e-01	-1.667873990333256506e-01	1.774384365989317147e-01	-1.689392612228953761e-01	1.623953790753594473e-01	-8.006525091668655059e-02	1.453344020044050333e-01	-1.462213221044036116e-01	1.251293983579872815e-01	-1.217978558164129615e-01	6.620804231861536493e-02	-5.265359771572591246e-02	6.336977417888178810e-02	-8.241768611703219338e-02	7.534373070261975169e-02	-8.330612584316651748e-02	6.321012432575487394e-02	-4.958916213785737048e-02	7.410758890186985859e-02	-2.811122086850559310e-02	2.375579524168237172e-02
1.123109081112896590e-01	-1.646474022476918375e-01	1.298291774551517952e-01	-1.593266464748679390e-01	1.737488511212347819e-01	-1.114228251742629822e-01	2.296714231030278219e-01	-2.958880530382617668e-01	2.256940119819748070e-01	-1.928149561573425097e-01	1.995428268533014915e-01	-5.475295560920829807e-01	9.999999999999978906e-01	-4.103006038312151937e-01	2.242362741705305473e-01	-1.911851744615748472e-01	2.840608419835465859e-01	-4.922489206989963950e-01	2.272950387305962550e-01	-2.122787874449778844e-01	1.355672977449355887e-01	-1.547675729233411179e-01	1.971572978235112683e-01	-1.993595517401106909e-01	8.544968377907267987e-02	-1.415904229445914542e-01	1.374563107616249558e-01	-1.374126318231087274e-01	1.284349169018746961e-01	-7.177878514068165849e-02	5.375825047506407883e-02	-6.596256053777424522e-02	8.630896919149107227e-02	-7.977915641425306625e-02	8.613849267790502084e-02	-6.582352313255719622e-02	5.163101122510813101e-02	-7.853822053551794136e-02	2.892603872765126330e-02	-2.456227064291268206e-02
-1.100616050515563632e-01	1.702008225034276900e-01	-1.418056258436375672e-01	1.823253020648074874e-01	-2.307937540203224280e-01	1.035090999971876452e-01	-2.378552394564043548e-01	2.572993091558792300e-01	-4.742417569660092869e-01	2.811804603289315141e-01	-1.356294448696331034e-01	2.136123468598435660e-01	-4.103006038312151937e-01	9.999999999999965583e-01	-5.592004466252669115e-01	1.228228655276129427e-01	-1.936744387136958567e-01	2.279042124773855149e-01	-3.377127453342704810e-01	2.693044137918781389e-01	-1.056989452671915075e-01	1.145516179349354985e-01	-1.475854938361121083e-01	1.528991359954419427e-01	-7.372510035337652423e-02	1.135317161625281068e-01	-1.143441854741668040e-01	1.087857526804297398e-01	-1.094844057600174031e-01	6.072907061158056008e-02	-4.439580447085364479e-02	5.446401076641198269e-02	-7.190427282179623347e-02	6.782939751220047608e-02	-7.506242701329877975e-02	5.435411890981022009e-02	-4.282454292884472352e-02	6.490571908232245502e-02	-2.532740261813188481e-02	2.141887212231829984e-02
1.013160271230004877e-01	-1.748732492006666028e-01	1.360125015032400131e-01	-1.933578125752357102e-01	2.372896712428219368e-01	-9.744246749614250691e-02	2.035897794017376694e-01	-2.316474817677775244e-01	2.782127538293611702e-01	-4.705617779906899889e-01	1.131412784802908467e-01	-1.813314637653439254e-01	2.242362741705305473e-01	-5.592004466252669115e-01	9.999999999999988898e-01	-1.087341810242290485e-01	1.605179403118628945e-01	-2.059324213603386522e-01	2.834530705924511174e-01	-4.906034808486864351e-01	9.545022339959917390e-02	-1.055912107708973369e-01	1.319731855800865827e-01	-1.477176643359034980e-01	7.013933507385618216e-02	-1.088759757464012878e-01	1.060904283190303860e-01	-1.038609486292773609e-01	1.026503073688087159e-01	-5.835869455476737355e-02	4.268010308355320997e-02	-5.255515555003698047e-02	6.847191337986127668e-02	-6.478069714666125078e-02	7.080912366317004825e-02	-5.265880386215389397e-02	4.127079921425705344e-02	-6.286370159936047197e-02	2.391081917301642046e-02	-2.026789870833553553e-02
-1.171532516128633711e-01	9.983565392598842125e-02	-7.263790706009363995e-02	9.102935266505333967e-02	-1.010135377177995425e-01	1.152633304103904688e-01	-1.490794481051229414e-01	1.207524771939809255e-01	-1.051642313559032760e-01	9.814552027340275875e-02	-7.961792659194258936e-01	2.693627439037054594e-01	-1.911851744615748472e-01	1.228228655276129427e-01	-1.087341810242290485e-01	9.999999999999976685e-01	-4.254106270208746765e-01	1.905754915756302514e-01	-1.263112331093404761e-01	1.113186004342617136e-01	-2.145573932089391012e-01	1.817365335078184596e-01	-1.236796380696348341e-01	1.222993015859011878e-01	-6.269399225822108734e-02	1.403105785359058111e-01	-1.292617421814065970e-01	1.005600513045629696e-01	-9.639056280612337546e-02	5.196509422178134663e-02	-4.562738343676244618e-02	5.345746759460249381e-02	-6.745574573111168259e-02	6.023473908758344986e-02	-6.664032455476644190e-02	5.358685971264788572e-02	-4.158080859275706254e-02	6.101089830264438268e-02	-2.255223754112298945e-02	1.904112865717055847e-02
1.151528158457072321e-01	-1.442739053303006003e-01	1.042470419057629216e-01	-1.338976452473582823e-01	1.426308390599839715e-01	-1.182599288694224787e-01	1.960621021035010847e-01	-1.813079320796241178e-01	1.534047939009134109e-01	-1.473555302119701205e-01	2.838918874142208892e-01	-5.269945056806140116e-01	2.840608419835465859e-01	-1.936744387136958567e-01	1.605179403118628945e-01	-4.254106270208746765e-01	9.999999999999997780e-01	-4.536606007687898900e-01	1.958098485012289836e-01	-1.820214989494092772e-01	2.181947145136260702e-01	-3.190394038500464213e-01	2.091752753396235454e-01	-2.141711479461970158e-01	9.553323221123388720e-02	-1.937079162402898236e-01	1.809881728100497800e-01	-1.601966013398311572e-01	1.457854238983311013e-01	-8.056520972686596893e-02	6.667295712802895347e-02	-8.006391443595201052e-02	1.016590142846220124e-01	-9.145505128592440469e-02	9.848197540676738304e-02	-8.018828670518020341e-02	6.225633964820523336e-02	-9.329179203683993227e-02	3.314209511591986040e-02	-2.813137218924901053e-02
-1.135699164744952278e-01	1.435752868328276644e-01	-1.112257873028334870e-01	1.387327446319445434e-01	-1.650186546634360985e-01	1.073482235619055841e-01	-2.127373506913190493e-01	1.930327444903458534e-01	-1.832306145062150560e-01	1.641370412258013334e-01	-2.050274688985452842e-01	2.829861927819444789e-01	-4.922489206989963950e-01	2.279042124773855149e-01	-2.059324213603386522e-01	1.905754915756302514e-01	-4.536606007687898900e-01	9.999999999999978906e-01	-3.341926050944096227e-01	2.180171565225309527e-01	-1.729712162150556509e-01	1.915132738567365545e-01	-4.439383790953063680e-01	2.664678507122111295e-01	-1.166207892417789882e-01	1.676074080821210177e-01	-1.805365832837579343e-01	1.823234628305347715e-01	-1.779637581350530517e-01	9.526737379126269667e-02	-6.620870879821483257e-02	8.151717134854123692e-02	-1.130602563856364789e-01	1.037577454901338347e-01	-1.141461205739856960e-01	8.022868666737381638e-02	-6.416958041986067784e-02	9.727543488714132658e-02	-3.795849113083579751e-02	3.215072706665799557e-02
1.015463284255843368e-01	-1.578490771086751843e-01	1.181163210174308448e-01	-1.618910575540382646e-01	1.813914724263565592e-01	-9.860580038965793825e-02	1.895136055033089517e-01	-1.987670077665171509e-01	2.025029993303605891e-01	-2.216341535063604540e-01	1.284579752627390825e-01	-1.917154710867869372e-01	2.272950387305962550e-01	-3.377127453342704810e-01	2.834530705924511174e-01	-1.263112331093404761e-01	1.958098485012289836e-01	-3.341926050944096227e-01	9.999999999999991118e-01	-7.149482413063273922e-01	1.201173941973134457e-01	-1.356869757129563481e-01	2.043106593693369277e-01	-2.779155106721245549e-01	1.010046313748729219e-01	-1.392374253154370356e-01	1.370819676161024736e-01	-1.459279851678217388e-01	1.454132590169096295e-01	-8.470292418383153221e-02	5.600995831814363501e-02	-6.964227731598815474e-02	9.227150985383272830e-02	-8.963409662337175343e-02	9.606640503463842462e-02	-6.940333375228574520e-02	5.469220831830563789e-02	-8.404211304758205103e-02	3.211829846238468955e-02	-2.735291513591494098e-02
-1.022734280472726714e-01	1.448696205959507655e-01	-1.139436477398988318e-01	1.511210385061590722e-01	-2.066474631478726343e-01	9.425035043033005988e-02	-1.966232621164110961e-01	1.815919277533595277e-01	-2.094415080324695810e-01	2.227536904111703520e-01	-1.206686186937084848e-01	1.653296485295757678e-01	-2.122787874449778844e-01	2.693044137918781389e-01	-4.906034808486864351e-01	1.113186004342617136e-01	-1.820214989494092772e-01	2.180171565225309527e-01	-7.149482413063273922e-01	9.999999999999987788e-01	-1.091447973605842725e-01	1.168905214250012536e-01	-1.654585947363068077e-01	1.804115664968134747e-01	-9.121893198565367289e-02	1.196380777010744856e-01	-1.251772385256787190e-01	1.208781849213604043e-01	-1.295171378256827766e-01	7.324315602171750650e-02	-4.834814431848460936e-02	5.961628836743158161e-02	-8.032521960341530709e-02	7.840007465279726084e-02	-8.799238741043598211e-02	5.920753588819507862e-02	-4.703278908110888890e-02	7.141268371449020769e-02	-2.956825714666744959e-02	2.497890292720946620e-02
7.767297716336024616e-02	-8.924274280742237886e-02	6.400112195474973176e-02	-8.322625077775398783e-02	9.111849973772388755e-02	-7.670049768943758284e-02	1.194249427390976781e-01	-1.036082653565117140e-01	9.032033959101913589e-02	-8.901654156424315678e-02	1.612956320865215343e-01	-1.667873990333256506e-01	1.355672977449355887e-01	-1.056989452671915075e-01	9.545022339959917390e-02	-2.145573932089391012e-01	2.181947145136260702e-01	-1.729712162150556509e-01	1.201173941973134457e-01	-1.091447973605842725e-01	9.999999999999963363e-01	-7.491576759054616730e-01	1.631422993050752890e-01	-1.642012063731627391e-01	9.218899174584026246e-02	-4.752129679516702288e-01	2.725723425922902954e-01	-1.637156761852497089e-01	1.473124148190998184e-01	-7.669313289900989150e-02	9.654332866176987271e-02	-1.021621490397777443e-01	1.141779153184912937e-01	-9.330171833523528968e-02	1.030311001680490612e-01	-1.044244087591814224e-01	7.688027602264319027e-02	-1.046933915940560234e-01	3.495605836698684188e-02	-2.945149101551932519e-02
-8.380311285827929391e-02	9.452332733494514527e-02	-6.883445074330378499e-02	8.849738566280980490e-02	-9.999577969740651440e-02	8.014290454745054415e-02	-1.328651476455978420e-01	1.113209029098028713e-01	-9.912937546053697535e-02	9.582572794866364707e-02	-1.698084826248045243e-01	1.774384365989317147e-01	-1.547675729233411179e-01	1.145516179349354985e-01	-1.055912107708973369e-01	1.817365335078184596e-01	-3.190394038500464213e-01	1.915132738567365545e-01	-1.356869757129563481e-01	1.168905214250012536e-01	-7.491576759054616730e-01	9.999999999999957812e-01	-2.167779334070147335e-01	1.788733273255812828e-01	-1.066297099561447220e-01	2.923493424346306213e-01	-3.730363514171994299e-01	1.816493277255406824e-01	-1.720089542156128248e-01	8.685033246081801106e-02	-8.750427812356213753e-02	9.816291357228713876e-02	-1.223651322093330246e-01	1.034463659808035618e-01	-1.172769291228367705e-01	9.649889863676353041e-02	-7.566248925032847961e-02	1.060353522336474341e-01	-3.961319214956797452e-02	3.324767251731103324e-02
7.999477230903917491e-02	-1.030826363628448566e-01	7.663232669102015837e-02	-9.926878959535968827e-02	1.128212839412980062e-01	-7.674213650075432935e-02	1.394358035498598491e-01	-1.290701999122863819e-01	1.173187111835701235e-01	-1.141364849269606713e-01	1.237307916897821269e-01	-1.689392612228953761e-01	1.971572978235112683e-01	-1.475854938361121083e-01	1.319731855800865827e-01	-1.236796380696348341e-01	2.091752753396235454e-01	-4.439383790953063680e-01	2.043106593693369277e-01	-1.654585947363068077e-01	1.631422993050752890e-01	-2.167779334070147335e-01	9.999999999999962252e-01	-6.962751634238039111e-01	1.562724051663037794e-01	-1.853577594138503537e-01	1.968338280709188703e-01	-3.329033664277761817e-01	2.394475348084109390e-01	-1.346897498851962194e-01	7.945360623784612775e-02	-1.018939492302665256e-01	1.474689210489639468e-01	-1.351593808932646523e-01	1.380003325429613181e-01	-9.855512533174194678e-02	7.972248824742528273e-02	-1.257352082802261906e-01	4.492987214624517833e-02	-3.857214125273580874e-02
-8.801533849360411443e-02	1.091925956114512264e-01	-8.201207035080464169e-02	1.056441734699968549e-01	-1.254796691229002059e-01	8.221535659243572880e-02	-1.535554375734023147e-01	1.335284527553551592e-01	-1.269460152333635183e-01	1.223608849865926718e-01	-1.297824791367561681e-01	1.623953790753594473e-01	-1.993595517401106909e-01	1.528991359954419427e-01	-1.477176643359034980e-01	1.222993015859011878e-01	-2.141711479461970158e-01	2.664678507122111295e-01	-2.779155106721245549e-01	1.804115664968134747e-01	-1.642012063731627391e-01	1.788733273255812828e-01	-6.962751634238039111e-01	9.999999999999977796e-01	-2.520426250387861611e-01	1.825987198203468942e-01	-2.082997271083857349e-01	2.587200020977991066e-01	-3.610446260082922909e-01	1.806146514937721770e-01	-8.178276053352534491e-02	1.037856394043357583e-01	-1.546515545193729579e-01	1.646781540730459237e-01	-1.806641223696630605e-01	1.005300893193138839e-01	-8.224102597627136468e-02	1.273899817435134585e-01	-5.744477091388298928e-02	4.899721162467810670e-02
4.730593187464253446e-02	-6.073153696185421002e-02	4.371278592808092861e-02	-5.786523720390192305e-02	6.415865114440813533e-02	-4.552096443221598926e-02	7.780057716429616965e-02	-6.928189905139733873e-02	6.253206646255679568e-02	-6.339380958185768244e-02	6.276853199908255521e-02	-8.006525091668655059e-02	8.544968377907267987e-02	-7.372510035337652423e-02	7.013933507385618216e-02	-6.269399225822108734e-02	9.553323221123388720e-02	-1.166207892417789882e-01	1.010046313748729219e-01	-9.121893198565367289e-02	9.218899174584026246e-02	-1.066297099561447220e-01	1.562724051663037794e-01	-2.520426250387861611e-01	9.999999999999954481e-01	-1.512868509486390289e-01	1.380650479255549623e-01	-2.170017845981727367e-01	2.529713369943567547e-01	-8.530460866290614508e-01	7.539477658292925710e-02	-1.007671688984485697e-01	1.328957036665335822e-01	-2.157670885927937821e-01	2.075476532126582785e-01	-9.981029213286386759e-02	7.870770292822824865e-02	-1.298010350856132478e-01	6.007843313769892918e-02	-5.725729466735765549e-02
-9.166663227049803853e-02	1.000819938925884972e-01	-7.274956219906247856e-02	9.395734566644166341e-02	-1.091011016128045907e-01	8.438050700499982737e-02	-1.410558274001631196e-01	1.135904210583584123e-01	-1.021516897205014679e-01	1.000987387051217176e-01	-1.402493889475565081e-01	1.453344020044050333e-01	-1.415904229445914542e-01	1.135317161625281068e-01	-1.088759757464012878e-01	1.403105785359058111e-01	-1.937079162402898236e-01	1.676074080821210177e-01	-1.392374253154370356e-01	1.196380777010744856e-01	-4.752129679516702288e-01	2.923493424346306213e-01	-1.853577594138503537e-01	1.825987198203468942e-01	-1.512868509486390289e-01	9.999999999999972244e-01	-6.515877647558045993e-01	2.487200243136561129e-01	-2.514844087308593101e-01	1.209017301472042200e-01	-2.086830692988662084e-01	1.734112244155814886e-01	-1.957936674693126211e-01	1.524367102955797026e-01	-1.815005844557342485e-01	1.728007520804844266e-01	-1.333619634690707267e-01	1.634220082771465354e-01	-6.204872671736972461e-02	5.153202146973589332e-02
8.267896148268651102e-02	-1.008309945284313752e-01	7.178088988845673923e-02	-9.463066888745894079e-02	1.033991452337742756e-01	-8.010662359307355040e-02	1.301858055202413378e-01	-1.131718332887028111e-01	9.948321508401833380e-02	-1.000349845581243596e-01	1.215198502097279143e-01	-1.462213221044036116e-01	1.374563107616249558e-01	-1.143441854741668040e-01	1.060904283190303860e-01	-1.292617421814065970e-01	1.809881728100497800e-01	-1.805365832837579343e-01	1.370819676161024736e-01	-1.251772385256787190e-01	2.725723425922902954e-01	-3.730363514171994299e-01	1.968338280709188703e-01	-2.082997271083857349e-01	1.380650479255549623e-01	-6.515877647558045993e-01	9.999999999999964473e-01	-4.232745509818438556e-01	2.406996952965100856e-01	-1.194356729187846938e-01	1.661827425038930606e-01	-2.012292674513590229e-01	2.137933581798768246e-01	-1.594081253421449629e-01	1.631977778442260940e-01	-1.897269131434538569e-01	1.431978227112373214e-01	-2.031903745363814462e-01	5.522703887931641742e-02	-4.692945366607136765e-02
-7.393387601656706276e-02	8.892656116541149125e-02	-6.506152147779505068e-02	8.458066586987898761e-02	-9.742084993881479360e-02	6.931884088013799683e-02	-1.215116227935476995e-01	1.033806112877074940e-01	-9.436059415246993154e-02	9.271460281746302101e-02	-1.027587674008302171e-01	1.251293983579872815e-01	-1.374126318231087274e-01	1.087857526804297398e-01	-1.038609486292773609e-01	1.005600513045629696e-01	-1.601966013398311572e-01	1.823234628305347715e-01	-1.459279851678217388e-01	1.208781849213604043e-01	-1.637156761852497089e-01	1.816493277255406824e-01	-3.329033664277761817e-01	2.587200020977991066e-01	-2.170017845981727367e-01	2.487200243136561129e-01	-4.232745509818438556e-01	9.999999999999985567e-01	-5.546513028833216508e-01	1.824017009265735401e-01	-1.350805129618432576e-01	1.782198551394156560e-01	-4.115658132316906137e-01	2.274451600081320302e-01	-2.401073635826770913e-01	1.601269299198444518e-01	-1.435461970737556825e-01	2.222997542073378852e-01	-7.661585514977486966e-02	6.472696403399315346e-02
7.139022412143172791e-02	-9.103447536204634094e-02	6.541678391784742919e-02	-8.652742716586933613e-02	9.555880094817358061e-02	-6.874040514295064186e-02	1.167462494738024104e-01	-1.037586591776740869e-01	9.306781019795386245e-02	-9.412818855152273179e-02	9.584701082572995301e-02	-1.217978558164129615e-01	1.284349169018746961e-01	-1.094844057600174031e-01	1.026503073688087159e-01	-9.639056280612337546e-02	1.457854238983311013e-01	-1.779637581350530517e-01	1.454132590169096295e-01	-1.295171378256827766e-01	1.473124148190998184e-01	-1.720089542156128248e-01	2.394475348084109390e-01	-3.610446260082922909e-01	2.529713369943567547e-01	-2.514844087308593101e-01	2.406996952965100856e-01	-5.546513028833216508e-01	9.999999999999958922e-01	-3.372825945955938431e-01	1.257876091418047015e-01	-1.699980797104554964e-01	2.409197411388661059e-01	-4.096136920819262728e-01	2.708740299782617100e-01	-1.644405244062487614e-01	1.322081570391548389e-01	-2.196788107152849445e-01	8.348429194752723936e-02	-7.446969857242832780e-02
-3.952471577242475803e-02	4.980895914341843672e-02	-3.607507013056573258e-02	4.749324467237633213e-02	-5.349916760900047530e-02	3.767180960380802496e-02	-6.517881194290374436e-02	5.711820365413570327e-02	-5.196026555944498887e-02	5.216068229511708343e-02	-5.266082811935617752e-02	6.620804231861536493e-02	-7.177878514068165849e-02	6.072907061158056008e-02	-5.835869455476737355e-02	5.196509422178134663e-02	-8.056520972686596893e-02	9.526737379126269667e-02	-8.470292418383153221e-02	7.324315602171750650e-02	-7.669313289900989150e-02	8.685033246081801106e-02	-1.346897498851962194e-01	1.806146514937721770e-01	-8.530460866290614508e-01	1.209017301472042200e-01	-1.194356729187846938e-01	1.824017009265735401e-01	-3.372825945955938431e-01	9.999999999999974465e-01	-6.199157151924392095e-02	8.262380655997392243e-02	-1.170511658952110012e-01	2.049657793414929319e-01	-2.729578203313816620e-01	8.075233120696147238e-02	-6.499876072542469518e-02	1.061178872083935049e-01	-6.418793525968273517e-02	5.974513790503067912e-02
3.414172986960319067e-02	-3.907409736962033642e-02	2.830531219584775035e-02	-3.685091320346776250e-02	4.245478196631029266e-02	-3.163874558146632932e-02	5.356718532359040774e-02	-4.406819534657251125e-02	3.968824375563440726e-02	-3.931472582731539850e-02	4.597909971821086128e-02	-5.265359771572591246e-02	5.375825047506407883e-02	-4.439580447085364479e-02	4.268010308355320997e-02	-4.562738343676244618e-02	6.667295712802895347e-02	-6.620870879821483257e-02	5.600995831814363501e-02	-4.834814431848460936e-02	9.654332866176987271e-02	-8.750427812356213753e-02	7.945360623784612775e-02	-8.178276053352534491e-02	7.539477658292925710e-02	-2.086830692988662084e-01	1.661827425038930606e-01	-1.350805129618432576e-01	1.257876091418047015e-01	-6.199157151924392095e-02	9.999999999999964473e-01	-6.064013348974086615e-01	2.251700930578897364e-01	-9.720970729239490626e-02	1.075099050153039831e-01	-6.729830227717166213e-01	2.909399261519749480e-01	-2.364848547633915943e-01	3.649046499641612346e-02	-3.042861573000500003e-02
-4.146507582469476094e-02	4.763534868924349658e-02	-3.458250471264618514e-02	4.500289616797083919e-02	-5.208103212954354189e-02	3.831653718455491076e-02	-6.547038252452393181e-02	5.383695890436262371e-02	-4.867280037453757674e-02	4.817473252767773967e-02	-5.447872422620397143e-02	6.336977417888178810e-02	-6.596256053777424522e-02	5.446401076641198269e-02	-5.255515555003698047e-02	5.345746759460249381e-02	-8.006391443595201052e-02	8.151717134854123692e-02	-6.964227731598815474e-02	5.961628836743158161e-02	-1.021621490397777443e-01	9.816291357228713876e-02	-1.018939492302665256e-01	1.037856394043357583e-01	-1.007671688984485697e-01	1.734112244155814886e-01	-2.012292674513590229e-01	1.782198551394156560e-01	-1.699980797104554964e-01	8.262380655997392243e-02	-6.064013348974086615e-01	9.999999999999985567e-01	-4.095870560779237279e-01	1.326995856783977357e-01	-1.495770378422252578e-01	3.285179843192378990e-01	-5.135459526805289387e-01	2.858131018308235349e-01	-4.999255684423697943e-02	4.150371370386533171e-02
5.169744311869706177e-02	-6.196408699138788306e-02	4.475355075211401995e-02	-5.863487661262428707e-02	6.648383953712240502e-02	-4.862411976415323411e-02	8.267554103622680450e-02	-7.017539600638152131e-02	6.310521807619813572e-02	-6.297381268657653575e-02	6.798045961221363398e-02	-8.241768611703219338e-02	8.630896919149107227e-02	-7.190427282179623347e-02	6.847191337986127668e-02	-6.745574573111168259e-02	1.016590142846220124e-01	-1.130602563856364789e-01	9.227150985383272830e-02	-8.032521960341530709e-02	1.141779153184912937e-01	-1.223651322093330246e-01	1.474689210489639468e-01	-1.546515545193729579e-01	1.328957036665335822e-01	-1.957936674693126211e-01	2.137933581798768246e-01	-4.115658132316906137e-01	2.409197411388661059e-01	-1.170511658952110012e-01	2.251700930578897364e-01	-4.095870560779237279e-01	9.999999999999977796e-01	-2.619530678053468842e-01	2.066036777997188600e-01	-2.965735606648255418e-01	2.816892054838620041e-01	-6.106363402910855998e-01	6.709228225250526978e-02	-5.750549631787677668e-02
-4.718031413625357190e-02	5.817103517521169526e-02	-4.187532982894901640e-02	5.516956062130155131e-02	-6.194961545030742978e-02	4.473503926672576375e-02	-7.611440546826879483e-02	6.560015225051962773e-02	-5.910236886223433489e-02	5.942923141891622713e-02	-6.084920419775412953e-02	7.534373070261975169e-02	-7.977915641425306625e-02	6.782939751220047608e-02	-6.478069714666125078e-02	6.023473908758344986e-02	-9.145505128592440469e-02	1.037577454901338347e-01	-8.963409662337175343e-02	7.840007465279726084e-02	-9.330171833523528968e-02	1.034463659808035618e-01	-1.351593808932646523e-01	1.646781540730459237e-01	-2.157670885927937821e-01	1.524367102955797026e-01	-1.594081253421449629e-01	2.274451600081320302e-01	-4.096136920819262728e-01	2.049657793414929319e-01	-9.720970729239490626e-02	1.326995856783977357e-01	-2.619530678053468842e-01	9.999999999999971134e-01	-7.718444729222634360e-01	1.232176017900673409e-01	-1.066674258502433303e-01	1.737134001354416202e-01	-1.751871363494734990e-01	1.475586218698273222e-01
5.176604903943766989e-02	-6.577971368461417445e-02	4.680203040061693687e-02	-6.222660663826261318e-02	6.801798146541709889e-02	-4.992338694485679018e-02	8.300925146921629694e-02	-7.313427788556738085e-02	6.504524191966529201e-02	-6.631307121527520165e-02	6.616208314162461135e-02	-8.330612584316651748e-02	8.613849267790502084e-02	-7.506242701329877975e-02	7.080912366317004825e-02	-6.664032455476644190e-02	9.848197540676738304e-02	-1.141461205739856960e-01	9.606640503463842462e-02	-8.799238741043598211e-02	1.030311001680490612e-01	-1.172769291228367705e-01	1.380003325429613181e-01	-1.806641223696630605e-01	2.075476532126582785e-01	-1.815005844557342485e-01	1.631977778442260940e-01	-2.401073635826770913e-01	2.708740299782617100e-01	-2.729578203313816620e-01	1.075099050153039831e-01	-1.495770378422252578e-01	2.066036777997188600e-01	-7.718444729222634360e-01	9.999999999999974465e-01	-1.454526643898095550e-01	1.167743034940084412e-01	-1.992092112017936345e-01	1.798315817908298087e-01	-2.225543175759082670e-01
-4.214419598015771429e-02	4.781764483726366061e-02	-3.476050542818876626e-02	4.515701239065036260e-02	-5.258034043912390015e-02	3.871782749236802462e-02	-6.625524376823005435e-02	5.396411677231914561e-02	-4.885429598019599279e-02	4.827178593357266123e-02	-5.490310409278327530e-02	6.321012432575487394e-02	-6.582352313255719622e-02	5.435411890981022009e-02	-5.265880386215389397e-02	5.358685971264788572e-02	-8.018828670518020341e-02	8.022868666737381638e-02	-6.940333375228574520e-02	5.920753588819507862e-02	-1.044244087591814224e-01	9.649889863676353041e-02	-9.855512533174194678e-02	1.005300893193138839e-01	-9.981029213286386759e-02	1.728007520804844266e-01	-1.897269131434538569e-01	1.601269299198444518e-01	-1.644405244062487614e-01	8.075233120696147238e-02	-6.729830227717166213e-01	3.285179843192378990e-01	-2.965735606648255418e-01	1.232176017900673409e-01	-1.454526643898095550e-01	9.999999999999971134e-01	-5.199851038002829551e-01	2.611395535160653258e-01	-4.934678586529196720e-02	4.077021140425410306e-02
3.247006074546569809e-02	-3.752865925973787598e-02	2.720496718730799554e-02	-3.545495710558831809e-02	4.089164016941139457e-02	-3.007326046700996292e-02	5.129301920862325281e-02	-4.233905939402427682e-02	3.822726722166206598e-02	-3.791583563203478058e-02	4.230667911923097213e-02	-4.958916213785737048e-02	5.163101122510813101e-02	-4.282454292884472352e-02	4.127079921425705344e-02	-4.158080859275706254e-02	6.225633964820523336e-02	-6.416958041986067784e-02	5.469220831830563789e-02	-4.703278908110888890e-02	7.688027602264319027e-02	-7.566248925032847961e-02	7.972248824742528273e-02	-8.224102597627136468e-02	7.870770292822824865e-02	-1.333619634690707267e-01	1.431978227112373214e-01	-1.435461970737556825e-01	1.322081570391548389e-01	-6.499876072542469518e-02	2.909399261519749480e-01	-5.135459526805289387e-01	2.816892054838620041e-01	-1.066674258502433303e-01	1.167743034940084412e-01	-5.199851038002829551e-01	9.999999999999974465e-01	-5.804296841215412783e-01	3.980049202891696586e-02	-3.321707896307476982e-02
-4.897864790516651134e-02	5.646750384985884524e-02	-4.107454117241754465e-02	5.343415632224924466e-02	-6.209949541235906117e-02	4.514115944364208155e-02	-7.777378798596257248e-02	6.392422575382725181e-02	-5.799776953104381072e-02	5.737233615291818106e-02	-6.275749491492749188e-02	7.410758890186985859e-02	-7.853822053551794136e-02	6.490571908232245502e-02	-6.286370159936047197e-02	6.101089830264438268e-02	-9.329179203683993227e-02	9.727543488714132658e-02	-8.404211304758205103e-02	7.141268371449020769e-02	-1.046933915940560234e-01	1.060353522336474341e-01	-1.257352082802261906e-01	1.273899817435134585e-01	-1.298010350856132478e-01	1.634220082771465354e-01	-2.031903745363814462e-01	2.222997542073378852e-01	-2.196788107152849445e-01	1.061178872083935049e-01	-2.364848547633915943e-01	2.858131018308235349e-01	-6.106363402910855998e-01	1.737134001354416202e-01	-1.992092112017936345e-01	2.611395535160653258e-01	-5.804296841215412783e-01	9.999999999999975575e-01	-6.740978634152690330e-02	5.570354683658981787e-02
1.773043039453779321e-02	-2.248464472713557205e-02	1.596126400573325346e-02	-2.124425251610760623e-02	2.317088773512322036e-02	-1.709790628981319380e-02	2.828428253325712682e-02	-2.485122429596977461e-02	2.205419963993059465e-02	-2.252187793966943519e-02	2.238076417179084981e-02	-2.811122086850559310e-02	2.892603872765126330e-02	-2.532740261813188481e-02	2.391081917301642046e-02	-2.255223754112298945e-02	3.314209511591986040e-02	-3.795849113083579751e-02	3.211829846238468955e-02	-2.956825714666744959e-02	3.495605836698684188e-02	-3.961319214956797452e-02	4.492987214624517833e-02	-5.744477091388298928e-02	6.007843313769892918e-02	-6.204872671736972461e-02	5.522703887931641742e-02	-7.661585514977486966e-02	8.348429194752723936e-02	-6.418793525968273517e-02	3.649046499641612346e-02	-4.999255684423697943e-02	6.709228225250526978e-02	-1.751871363494734990e-01	1.798315817908298087e-01	-4.934678586529196720e-02	3.980049202891696586e-02	-6.740978634152690330e-02	9.999999999999976685e-01	-9.560053047964195416e-01
