1.000000000000000000e+00	-4.717054184252220672e-01	2.289774819774998971e-01	-1.050599964793121899e-01	1.079327476712031997e-01	-6.729061476210804749e-01	2.694818987049281134e-01	-2.477944784344268958e-01	1.140116735108623186e-01	-9.505335798268543801e-02	2.749753758623759148e-01	-2.329547121225040707e-01	1.589091483364970248e-01	-1.376880217011468011e-01	1.285321378938746872e-01	-6.260680981556099312e-02	8.437339850292983889e-02	-1.917343892770869695e-01	1.291958116582402616e-01	-1.809910660182102449e-01	6.929328945039149590e-02	-7.991987157500352046e-02	1.115133129411511048e-01	-1.161100896571478358e-01	9.012197057666976319e-02	-1.477705935093777401e-01	8.516367026721420597e-02	-7.015059824638816832e-02	9.365426985850343333e-02	-8.547356655483906440e-02	4.824175929631553672e-02	-4.571952467386732055e-02	7.880994673933761074e-02	-7.687632190999740822e-02	8.981162569854830857e-02	-3.114229315812560780e-02	3.238812127609567298e-02	-9.403015213973606179e-02	6.781808734258538973e-02	-1.175183182635061163e-01
-4.717054184252220672e-01	9.999999999999998890e-01	-6.299541154877953408e-01	1.454028805937512270e-01	-1.470943861160004806e-01	2.481805800959632768e-01	-3.380055786924301975e-01	2.699076322491145152e-01	-1.528275990912911220e-01	1.140605120132600070e-01	-2.918465478125700230e-01	2.042154383212273216e-01	-1.891341084230338254e-01	1.415903368416911723e-01	-1.475029351329577854e-01	5.685366546385028919e-02	-7.877232948347259733e-02	1.767235565740419290e-01	-1.290188244691054809e-01	1.582885193289801651e-01	-6.398079419442533056e-02	7.253023664260312142e-02	-1.048682126359399974e-01	1.044078531675435156e-01	-8.154211077853347478e-02	1.234524842151237256e-01	-7.677225954295566202e-02	6.241892626342822326e-02	-8.468833527592883881e-02	7.530978023786252806e-02	-4.289362101783331105e-02	4.041477321392399069e-02	-7.051321449458758384e-02	6.763553176923858823e-02	-8.003286434791154202e-02	2.730845467976366139e-02	-2.859541704522146691e-02	8.042875284651837542e-02	-5.903305539634362553e-02	9.965181334567446703e-02
2.289774819774998971e-01	-6.299541154877953408e-01	1.000000000000000222e+00	-2.337440691040020557e-01	1.722716869241729953e-01	-1.643516170799196041e-01	1.953710371971698889e-01	-5.467060376859426141e-01	1.868847166002579607e-01	-1.411309947325579128e-01	1.862784938573214533e-01	-1.479484216341873104e-01	2.317570579152410382e-01	-1.770512192652488326e-01	1.644654464323117848e-01	-5.566732483632283457e-02	7.828998442919772593e-02	-2.351223735233520795e-01	1.536917787877865038e-01	-1.894617468119570158e-01	6.353670353967469375e-02	-7.424802693857394942e-02	1.111250927739052125e-01	-1.169692340950509307e-01	9.201028073737813062e-02	-1.328686102031805816e-01	8.133949323454923996e-02	-6.739329898864519774e-02	9.270635461811310707e-02	-8.525669007437798597e-02	4.572027345641508506e-02	-4.319346366544832977e-02	7.617840119269578270e-02	-7.423184584259656660e-02	8.808046041217074129e-02	-2.935250502385473859e-02	3.067411138288415884e-02	-8.867599400488779260e-02	6.486358891046506425e-02	-1.108948553813095123e-01
-1.050599964793121899e-01	1.454028805937512270e-01	-2.337440691040020557e-01	1.000000000000000666e+00	-6.223282708834561028e-01	7.211920903398673366e-02	-9.040708924529462787e-02	1.771098519386791748e-01	-6.488333103269522395e-01	2.961189778085929203e-01	-9.700567900720270809e-02	6.931572871812516357e-02	-1.364252515881286265e-01	1.763504455881753363e-01	-2.129634254388086678e-01	3.753496384903796945e-02	-5.341103208964734922e-02	1.445459349155381601e-01	-1.276296372222512632e-01	1.562450721706126477e-01	-4.402614541951909571e-02	5.179679381189621762e-02	-8.300247916153950800e-02	9.001369130396000284e-02	-7.263869950783188867e-02	9.458971632650491068e-02	-5.955186729958838326e-02	5.006113062975419553e-02	-7.055014418373521667e-02	6.664267648718938397e-02	-3.349280591400333879e-02	3.160628188788863063e-02	-5.692453942038299547e-02	5.594272330622537120e-02	-6.719844875767433390e-02	2.154051266969393696e-02	-2.255152024618620882e-02	6.617483206809103569e-02	-4.871075432390387788e-02	8.334374251171727810e-02
1.079327476712031997e-01	-1.470943861160004806e-01	1.722716869241729953e-01	-6.223282708834561028e-01	1.000000000000000444e+00	-7.649435441458661555e-02	9.472433016309307618e-02	-1.858623873690193051e-01	3.306002792227513143e-01	-5.749142492616459155e-01	1.038656560430109427e-01	-7.540240691036018128e-02	1.517014592020202168e-01	-2.279133785885844310e-01	2.566736243561142383e-01	-4.796899013774150178e-02	6.788520067386355494e-02	-1.817235797273344944e-01	1.579574822943071721e-01	-2.206973041633959465e-01	5.652542478568563233e-02	-6.688460421355806040e-02	1.074171531629995874e-01	-1.206439932247048291e-01	9.790832788326991887e-02	-1.273545319931531639e-01	7.837037433244871398e-02	-6.662706773329778176e-02	9.374761590507690867e-02	-9.128551507990247116e-02	4.433689284832235955e-02	-4.194921019488712793e-02	7.568135010463102053e-02	-7.529913182945424666e-02	9.018147625867868611e-02	-2.873668651906739410e-02	3.000871122105574010e-02	-9.007318379264937780e-02	6.583039062080398018e-02	-1.143669515207096088e-01
-6.729061476210804749e-01	2.481805800959632768e-01	-1.643516170799196041e-01	7.211920903398673366e-02	-7.649435441458661555e-02	1.000000000000000000e+00	-4.428867583227701354e-01	1.649340849093483274e-01	-8.035452320131719617e-02	6.590396510148538445e-02	-4.766591703950347481e-01	2.692837553753740787e-01	-1.145715333990144913e-01	9.421531016789300161e-02	-9.053186813084435069e-02	5.167476974241955873e-02	-6.811184882542813124e-02	1.281982942557415295e-01	-8.864295397396138032e-02	1.202735649147582964e-01	-5.514512180911513434e-02	6.147816682868539190e-02	-7.995633611479338598e-02	8.045886610752965573e-02	-6.154483460194756089e-02	1.030595349763945567e-01	-6.099405654484852529e-02	4.936913784017557538e-02	-6.511819426429582558e-02	5.810402251244106003e-02	-3.407248726137920153e-02	3.231034130052650583e-02	-5.509206441478913668e-02	5.308100937299402994e-02	-6.173129103104355031e-02	2.182518524339935317e-02	-2.274406339547254893e-02	6.432916540838784503e-02	-4.658320795590890212e-02	7.969346957004641574e-02
2.694818987049281134e-01	-3.380055786924301975e-01	1.953710371971698889e-01	-9.040708924529462787e-02	9.472433016309307618e-02	-4.428867583227701354e-01	9.999999999999998890e-01	-2.407996572833787652e-01	1.007599965175007828e-01	-8.329638972459017798e-02	3.296607716507843344e-01	-6.697461063994498698e-01	1.541758318800988681e-01	-1.229706736870100903e-01	1.145209042981875786e-01	-6.582157946223364531e-02	9.208497112344252167e-02	-1.707889615615634238e-01	1.149298105317370783e-01	-1.551456922968063312e-01	6.899105924775497667e-02	-8.278155169658917012e-02	1.021051304400794890e-01	-1.036520470130825877e-01	7.889843954259352643e-02	-1.327043041408996205e-01	7.832287359456352460e-02	-6.345951839713347142e-02	8.333781043152617418e-02	-7.456479209742522540e-02	4.361470303814354160e-02	-4.149117756792888856e-02	7.045686060578180976e-02	-6.800980880667453765e-02	7.888659766063242651e-02	-2.798144233188432084e-02	2.913391516711567528e-02	-8.246343972318011251e-02	5.963179003888703644e-02	-1.021121633836959697e-01
-2.477944784344268958e-01	2.699076322491145152e-01	-5.467060376859426141e-01	1.771098519386791748e-01	-1.858623873690193051e-01	1.649340849093483274e-01	-2.407996572833787652e-01	1.000000000000000222e+00	-2.278884139669415110e-01	1.567534285913251002e-01	-2.313019757821259403e-01	1.638686622048298736e-01	-5.486581152368917857e-01	2.189896208160715674e-01	-2.185421651094807127e-01	6.276128784804682614e-02	-9.063325251554239792e-02	2.709275215084640531e-01	-1.981442626442097843e-01	1.981873160653047083e-01	-7.239619714002083761e-02	8.381349743794061502e-02	-1.297194576095205831e-01	1.293717277488813655e-01	-1.024975286920919992e-01	1.387163028639246121e-01	-9.104958124003392772e-02	7.435016333477341421e-02	-1.038755853942178869e-01	9.189861121212361539e-02	-5.055297409958138533e-02	4.746802032715410208e-02	-8.454322418222226521e-02	8.079827600140145061e-02	-9.715231118637422669e-02	3.198706665936519589e-02	-3.364898990267262829e-02	9.381298908669272185e-02	-6.989395789928946889e-02	1.160044925705426555e-01
1.140116735108623186e-01	-1.528275990912911220e-01	1.868847166002579607e-01	-6.488333103269522395e-01	3.306002792227513143e-01	-8.035452320131719617e-02	1.007599965175007828e-01	-2.278884139669415110e-01	1.000000000000001776e+00	-5.126933909427687786e-01	1.094360011213143802e-01	-7.946166627256415205e-02	1.703974865492950963e-01	-2.755083023025415856e-01	2.603116387302313872e-01	-4.797224679833129307e-02	6.825073533047906760e-02	-1.923064283289873388e-01	1.705511856663808057e-01	-2.171434998220972412e-01	5.638972418147671084e-02	-6.681436431918075236e-02	1.075194479605002945e-01	-1.202780157224693502e-01	9.699898886236026085e-02	-1.240280513656511763e-01	7.751413865996326091e-02	-6.569679996438126945e-02	9.289457648391627465e-02	-8.954937227823293877e-02	4.366920999235193029e-02	-4.128711342418556196e-02	7.459534697765565769e-02	-7.390314088141441973e-02	8.869648591965408058e-02	-2.820153016220319428e-02	2.949218960881260648e-02	-8.766469434267654126e-02	6.436454412146372372e-02	-1.109259025030427670e-01
-9.505335798268543801e-02	1.140605120132600070e-01	-1.411309947325579128e-01	2.961189778085929203e-01	-5.749142492616459155e-01	6.590396510148538445e-02	-8.329638972459017798e-02	1.567534285913251002e-01	-5.126933909427687786e-01	1.000000000000000444e+00	-9.281425124213646405e-02	6.542623752714302188e-02	-1.448521182322260736e-01	2.303735777062854706e-01	-5.139535830799283334e-01	4.110326540864387562e-02	-5.882535853834865852e-02	1.589292639977175070e-01	-1.560524991586544341e-01	1.875624436183141175e-01	-4.858308466616798743e-02	5.752617382641327798e-02	-9.433050421203859059e-02	1.039258838664218892e-01	-8.514368717716566670e-02	1.050791800797785253e-01	-6.705041165274819304e-02	5.671986720981329194e-02	-8.089438614426891494e-02	7.729730223352967999e-02	-3.765777477880115354e-02	3.553724133548800262e-02	-6.458893703199813929e-02	6.369474917119899438e-02	-7.700041433371200561e-02	2.422486643967960984e-02	-2.538525277997603219e-02	7.482374476029968191e-02	-5.529277382516125522e-02	9.445273880219021145e-02
2.749753758623759148e-01	-2.918465478125700230e-01	1.862784938573214533e-01	-9.700567900720270809e-02	1.038656560430109427e-01	-4.766591703950347481e-01	3.296607716507843344e-01	-2.313019757821259403e-01	1.094360011213143802e-01	-9.281425124213646405e-02	1.000000000000000000e+00	-6.274015600215590016e-01	1.625850769253796846e-01	-1.399220727736115721e-01	1.295689621414477521e-01	-9.084835374725279411e-02	1.115472192014593938e-01	-1.969086592325434981e-01	1.330179762808765265e-01	-1.879205327985803420e-01	9.047075009677586765e-02	-1.013422897452422172e-01	1.241373167757171547e-01	-1.263378765794284375e-01	9.580382071685275558e-02	-1.680870379482046761e-01	9.665296225145281195e-02	-7.829568036161066447e-02	1.019830193698348098e-01	-9.123584740898026124e-02	5.407399509863664716e-02	-5.147311196686774754e-02	8.680151888638361346e-02	-8.390498666022284946e-02	9.684287469747430988e-02	-3.476470974022478899e-02	3.613059331614636160e-02	-1.025460755457643786e-01	7.379863333102486267e-02	-1.270145988551088512e-01
-2.329547121225040707e-01	2.042154383212273216e-01	-1.479484216341873104e-01	6.931572871812516357e-02	-7.540240691036018128e-02	2.692837553753740787e-01	-6.697461063994498698e-01	1.638686622048298736e-01	-7.946166627256415205e-02	6.542623752714302188e-02	-6.274015600215590016e-01	1.000000000000001110e+00	-1.343130943924639720e-01	9.721444586462235637e-02	-9.256077797572861976e-02	6.812237762432248045e-02	-1.024222866977756441e-01	1.326821002694802687e-01	-9.179048594943245432e-02	1.199406414752498817e-01	-6.849995019186394529e-02	8.085083791290732791e-02	-8.853321131154739954e-02	8.551670189608912009e-02	-6.342100279935940221e-02	1.113050635519448883e-01	-6.826683445088232993e-02	5.378445222047752855e-02	-6.896673579249155972e-02	5.976158767013196177e-02	-3.709192325820390157e-02	3.538760515454494882e-02	-5.891060498516598881e-02	5.588983480321499386e-02	-6.413509939231150370e-02	2.355602417906264845e-02	-2.458405715191076812e-02	6.702813000398319399e-02	-4.864261801857922701e-02	8.190393095561213088e-02
1.589091483364970248e-01	-1.891341084230338254e-01	2.317570579152410382e-01	-1.364252515881286265e-01	1.517014592020202168e-01	-1.145715333990144913e-01	1.541758318800988681e-01	-5.486581152368917857e-01	1.703974865492950963e-01	-1.448521182322260736e-01	1.625850769253796846e-01	-1.343130943924639720e-01	1.000000000000000666e+00	-3.740745522097405629e-01	2.231735818049627174e-01	-6.404023097545361032e-02	9.475104815067485198e-02	-5.983955702820552558e-01	2.652742455114444065e-01	-2.402170969874135309e-01	7.260441243216644858e-02	-8.821733746241459950e-02	1.344347962264064444e-01	-1.455344866042727059e-01	1.131249553068712221e-01	-1.423271125849854823e-01	9.354039549604617476e-02	-7.768066217252821148e-02	1.104329147288765078e-01	-1.009000987249565467e-01	5.165283524550973865e-02	-4.879700572126458719e-02	8.761237496129409275e-02	-8.501925387922146249e-02	1.021589752936939294e-01	-3.287450906512134896e-02	3.453769201939935196e-02	-9.802041329271736492e-02	7.304512918919071895e-02	-1.218168659411660026e-01
-1.376880217011468011e-01	1.415903368416911723e-01	-1.770512192652488326e-01	1.763504455881753363e-01	-2.279133785885844310e-01	9.421531016789300161e-02	-1.229706736870100903e-01	2.189896208160715674e-01	-2.755083023025415856e-01	2.303735777062854706e-01	-1.399220727736115721e-01	9.721444586462235637e-02	-3.740745522097405629e-01	1.000000000000001110e+00	-5.491887295016965043e-01	6.235593047000637101e-02	-9.219006355453703005e-02	2.950092295632734674e-01	-5.422764779889969189e-01	2.781399084901646779e-01	-7.390566880474806755e-02	8.868824743166539570e-02	-1.537050262018737345e-01	1.681133849302114402e-01	-1.347343098225617652e-01	1.461783880219497123e-01	-1.013541530434616533e-01	8.512406766764137045e-02	-1.270668939878105697e-01	1.142688980481938316e-01	-5.575944294525921746e-02	5.242772530508726242e-02	-9.703439871396089822e-02	9.406365659199071583e-02	-1.154999957011974276e-01	3.530385168154326347e-02	-3.727291568685500711e-02	1.055944247395782659e-01	-8.010632559203208214e-02	1.312211721468310999e-01
1.285321378938746872e-01	-1.475029351329577854e-01	1.644654464323117848e-01	-2.129634254388086678e-01	2.566736243561142383e-01	-9.053186813084435069e-02	1.145209042981875786e-01	-2.185421651094807127e-01	2.603116387302313872e-01	-5.139535830799283334e-01	1.295689621414477521e-01	-9.256077797572861976e-02	2.231735818049627174e-01	-5.491887295016965043e-01	1.000000000000000000e+00	-6.660975382713539561e-02	9.518464048860404703e-02	-2.738497329460809482e-01	2.683091736890678147e-01	-3.638421326026095581e-01	7.876203850896748571e-02	-9.425917132390163045e-02	1.548341202318523624e-01	-1.805258459668084015e-01	1.482355318792795140e-01	-1.751370433462807463e-01	1.108503505490575775e-01	-9.503491634849821346e-02	1.363621992224308133e-01	-1.358938864553090042e-01	6.231901250984862167e-02	-5.900326453875268107e-02	1.077993227293868178e-01	-1.077892964376269552e-01	1.300842959981128033e-01	-4.032328905292548171e-02	4.219175426013783287e-02	-1.267816829857300043e-01	9.339060705987359268e-02	-1.612758425826440190e-01
-6.260680981556099312e-02	5.685366546385028919e-02	-5.566732483632283457e-02	3.753496384903796945e-02	-4.796899013774150178e-02	5.167476974241955873e-02	-6.582157946223364531e-02	6.276128784804682614e-02	-4.797224679833129307e-02	4.110326540864387562e-02	-9.084835374725279411e-02	6.812237762432248045e-02	-6.404023097545361032e-02	6.235593047000637101e-02	-6.660975382713539561e-02	1.000000000000000222e+00	-4.972622501366841252e-01	8.348645100370874483e-02	-7.015370659933091446e-02	9.291647756599910601e-02	-7.825256584698214724e-01	2.661821447404681407e-01	-1.715653049958238696e-01	1.224395787423909338e-01	-7.209904201271145896e-02	2.169895018223397254e-01	-1.486229901803305109e-01	9.722021674152923898e-02	-1.031054110540740448e-01	6.942591278482561357e-02	-7.107951444281623843e-02	6.792861683878766155e-02	-9.739663440432834440e-02	8.083443420514492550e-02	-8.283063498576147266e-02	4.179616838788639821e-02	-4.429676447584139642e-02	9.051671271653183304e-02	-6.671326245212391703e-02	9.904398785374310399e-02
8.437339850292983889e-02	-7.877232948347259733e-02	7.828998442919772593e-02	-5.341103208964734922e-02	6.788520067386355494e-02	-6.811184882542813124e-02	9.208497112344252167e-02	-9.063325251554239792e-02	6.825073533047906760e-02	-5.882535853834865852e-02	1.115472192014593938e-01	-1.024222866977756441e-01	9.475104815067485198e-02	-9.219006355453703005e-02	9.518464048860404703e-02	-4.972622501366841252e-01	9.999999999999998890e-01	-1.355710171868795555e-01	1.049995996318178054e-01	-1.390020977327542651e-01	3.000125294288278899e-01	-6.779292885034113869e-01	2.360192626998995069e-01	-1.912934990434379534e-01	1.045222498471799627e-01	-3.069057692314691166e-01	2.121403110325688623e-01	-1.489827905267566699e-01	1.464741139721618124e-01	-1.023971606514709198e-01	9.738297063184132851e-02	-1.002084871793760268e-01	1.366261862382396330e-01	-1.195250003224599955e-01	1.194556897754928820e-01	-6.035599460063252597e-02	6.270881357230406739e-02	-1.371967917417785676e-01	9.826518598384886838e-02	-1.499777921529712454e-01
-1.917343892770869695e-01	1.767235565740419290e-01	-2.351223735233520795e-01	1.445459349155381601e-01	-1.817235797273344944e-01	1.281982942557415295e-01	-1.707889615615634238e-01	2.709275215084640531e-01	-1.923064283289873388e-01	1.589292639977175070e-01	-1.969086592325434981e-01	1.326821002694802687e-01	-5.983955702820552558e-01	2.950092295632734674e-01	-2.738497329460809482e-01	8.348645100370874483e-02	-1.355710171868795555e-01	9.999999999999983347e-01	-5.097003151328640680e-01	2.661342979216193005e-01	-9.578651469288469722e-02	1.159964379481698421e-01	-1.825988269394686059e-01	1.810448836618096524e-01	-1.431638879451659352e-01	1.676327800750321284e-01	-1.200272875126379285e-01	9.746852111914092176e-02	-1.415705137413035553e-01	1.207994572222702706e-01	-6.496177453077559005e-02	6.098327515939767213e-02	-1.105786271631112178e-01	1.045182226891002847e-01	-1.276610371736197624e-01	4.061033227733750611e-02	-4.300659566221975982e-02	1.163500584988501202e-01	-8.876501999078165173e-02	1.421804938900247117e-01
1.291958116582402616e-01	-1.290188244691054809e-01	1.536917787877865038e-01	-1.276296372222512632e-01	1.579574822943071721e-01	-8.864295397396138032e-02	1.149298105317370783e-01	-1.981442626442097843e-01	1.705511856663808057e-01	-1.560524991586544341e-01	1.330179762808765265e-01	-9.179048594943245432e-02	2.652742455114444065e-01	-5.422764779889969189e-01	2.683091736890678147e-01	-7.015370659933091446e-02	1.049995996318178054e-01	-5.097003151328640680e-01	9.999999999999997780e-01	-4.927149078391493409e-01	8.249499860175565913e-02	-1.023300984716414702e-01	1.808810140582520209e-01	-2.530276825125366558e-01	1.722684503256782795e-01	-1.612612988614176013e-01	1.154382937743146237e-01	-9.928783147804154385e-02	1.540491022382996511e-01	-1.448030567539833335e-01	6.276203291593294986e-02	-5.931923340314614740e-02	1.116120585368198387e-01	-1.102572045511168303e-01	1.346342896682317103e-01	-3.977128714375158941e-02	4.203891469694036320e-02	-1.202229217262242855e-01	9.197415913970191648e-02	-1.496756921277689889e-01
-1.809910660182102449e-01	1.582885193289801651e-01	-1.894617468119570158e-01	1.562450721706126477e-01	-2.206973041633959465e-01	1.202735649147582964e-01	-1.551456922968063312e-01	1.981873160653047083e-01	-2.171434998220972412e-01	1.875624436183141175e-01	-1.879205327985803420e-01	1.199406414752498817e-01	-2.402170969874135309e-01	2.781399084901646779e-01	-3.638421326026095581e-01	9.291647756599910601e-02	-1.390020977327542651e-01	2.661342979216193005e-01	-4.927149078391493409e-01	1.000000000000000000e+00	-1.138499691570939581e-01	1.360248517973552118e-01	-2.513883934592806013e-01	2.500455747949698604e-01	-4.101869497222592753e-01	2.143799092048127297e-01	-1.691823748455665022e-01	1.439574050770352498e-01	-2.302549928812979152e-01	2.378201934633233927e-01	-9.196957645681713700e-02	8.567963597317240776e-02	-1.690084070667957905e-01	1.637118299579423397e-01	-2.292835023525046367e-01	5.726287639591462475e-02	-6.117865955371797060e-02	1.698043247876165340e-01	-1.361536353787111686e-01	2.132176949438737978e-01
6.929328945039149590e-02	-6.398079419442533056e-02	6.353670353967469375e-02	-4.402614541951909571e-02	5.652542478568563233e-02	-5.514512180911513434e-02	6.899105924775497667e-02	-7.239619714002083761e-02	5.638972418147671084e-02	-4.858308466616798743e-02	9.047075009677586765e-02	-6.849995019186394529e-02	7.260441243216644858e-02	-7.390566880474806755e-02	7.876203850896748571e-02	-7.825256584698214724e-01	3.000125294288278899e-01	-9.578651469288469722e-02	8.249499860175565913e-02	-1.138499691570939581e-01	9.999999999999992228e-01	-3.601654441658251327e-01	1.916156755046051485e-01	-1.531272852891489566e-01	8.804117519703266725e-02	-3.462321474424618351e-01	1.744019802259288432e-01	-1.204955292640600001e-01	1.247181493391010254e-01	-8.572683937298491985e-02	8.755979022033583137e-02	-8.529782482613036676e-02	1.176549762896969276e-01	-1.004680142479466298e-01	1.021514868594845804e-01	-5.268412345781622874e-02	5.484981294588997525e-02	-1.148331104172424511e-01	8.326990065522948958e-02	-1.256144544815044617e-01
-7.991987157500352046e-02	7.253023664260312142e-02	-7.424802693857394942e-02	5.179679381189621762e-02	-6.688460421355806040e-02	6.147816682868539190e-02	-8.278155169658917012e-02	8.381349743794061502e-02	-6.681436431918075236e-02	5.752617382641327798e-02	-1.013422897452422172e-01	8.085083791290732791e-02	-8.821733746241459950e-02	8.868824743166539570e-02	-9.425917132390163045e-02	2.661821447404681407e-01	-6.779292885034113869e-01	1.159964379481698421e-01	-1.023300984716414702e-01	1.360248517973552118e-01	-3.601654441658251327e-01	1.000000000000000222e+00	-3.893586248939398531e-01	2.067380164712326052e-01	-1.108441142518756667e-01	2.735267870903939080e-01	-3.429754948093277633e-01	1.749611454657708787e-01	-1.678680704872811402e-01	1.078692772249192494e-01	-1.133476405065884374e-01	1.147876500479662332e-01	-1.609422737882934829e-01	1.297038444744477437e-01	-1.270687176195914037e-01	6.629639440781387449e-02	-7.146409385331611852e-02	1.419831271359459635e-01	-1.043416861843787513e-01	1.523491341133405563e-01
1.115133129411511048e-01	-1.048682126359399974e-01	1.111250927739052125e-01	-8.300247916153950800e-02	1.074171531629995874e-01	-7.995633611479338598e-02	1.021051304400794890e-01	-1.297194576095205831e-01	1.075194479605002945e-01	-9.433050421203859059e-02	1.241373167757171547e-01	-8.853321131154739954e-02	1.344347962264064444e-01	-1.537050262018737345e-01	1.548341202318523624e-01	-1.715653049958238696e-01	2.360192626998995069e-01	-1.825988269394686059e-01	1.808810140582520209e-01	-2.513883934592806013e-01	1.916156755046051485e-01	-3.893586248939398531e-01	9.999999999999983347e-01	-6.048816654576415486e-01	2.003927207378405073e-01	-4.050721283707632292e-01	2.457269332819070895e-01	-2.145650722014085243e-01	2.708531872700686849e-01	-1.955998851042524689e-01	1.298295125361816904e-01	-1.285369422147672469e-01	2.115071410602084312e-01	-2.110184588487550306e-01	2.115436018509171123e-01	-8.434446025177977369e-02	8.708911444140145230e-02	-2.431839263403345885e-01	1.723038707332023023e-01	-2.746194883616255300e-01
-1.161100896571478358e-01	1.044078531675435156e-01	-1.169692340950509307e-01	9.001369130396000284e-02	-1.206439932247048291e-01	8.045886610752965573e-02	-1.036520470130825877e-01	1.293717277488813655e-01	-1.202780157224693502e-01	1.039258838664218892e-01	-1.263378765794284375e-01	8.551670189608912009e-02	-1.455344866042727059e-01	1.681133849302114402e-01	-1.805258459668084015e-01	1.224395787423909338e-01	-1.912934990434379534e-01	1.810448836618096524e-01	-2.530276825125366558e-01	2.500455747949698604e-01	-1.531272852891489566e-01	2.067380164712326052e-01	-6.048816654576415486e-01	9.999999999999998890e-01	-2.984600334168714397e-01	2.664857364791203276e-01	-2.387438574092922983e-01	2.123996589778485988e-01	-4.776652197194112826e-01	2.314689790360294208e-01	-1.192217423233105089e-01	1.130959513490297219e-01	-2.298810990999490267e-01	2.205873884231865367e-01	-2.386087821062747583e-01	7.314955253060298479e-02	-7.860656469084217890e-02	2.081013560054532086e-01	-1.708194435078680962e-01	2.370236779472389699e-01
9.012197057666976319e-02	-8.154211077853347478e-02	9.201028073737813062e-02	-7.263869950783188867e-02	9.790832788326991887e-02	-6.154483460194756089e-02	7.889843954259352643e-02	-1.024975286920919992e-01	9.699898886236026085e-02	-8.514368717716566670e-02	9.580382071685275558e-02	-6.342100279935940221e-02	1.131249553068712221e-01	-1.347343098225617652e-01	1.482355318792795140e-01	-7.209904201271145896e-02	1.045222498471799627e-01	-1.431638879451659352e-01	1.722684503256782795e-01	-4.101869497222592753e-01	8.804117519703266725e-02	-1.108441142518756667e-01	2.003927207378405073e-01	-2.984600334168714397e-01	9.999999999999995559e-01	-1.908378991379716949e-01	1.470836199723442039e-01	-1.460941349048576476e-01	2.454102194047351748e-01	-7.334488328220664100e-01	7.967147248983270924e-02	-7.694878994151313489e-02	1.608334824278038200e-01	-1.864700212554566416e-01	2.544923416817468365e-01	-5.228557287415887267e-02	5.522208154728417556e-02	-1.840731374256955877e-01	1.444603467499664951e-01	-2.590658867966252332e-01
-1.477705935093777401e-01	1.234524842151237256e-01	-1.328686102031805816e-01	9.458971632650491068e-02	-1.273545319931531639e-01	1.030595349763945567e-01	-1.327043041408996205e-01	1.387163028639246121e-01	-1.240280513656511763e-01	1.050791800797785253e-01	-1.680870379482046761e-01	1.113050635519448883e-01	-1.423271125849854823e-01	1.461783880219497123e-01	-1.751370433462807463e-01	2.169895018223397254e-01	-3.069057692314691166e-01	1.676327800750321284e-01	-1.612612988614176013e-01	2.143799092048127297e-01	-3.462321474424618351e-01	2.735267870903939080e-01	-4.050721283707632292e-01	2.664857364791203276e-01	-1.908378991379716949e-01	1.000000000000000666e+00	-4.426088797653556783e-01	2.506036844832718047e-01	-2.909702269229840210e-01	1.768929235770992925e-01	-2.547541299851199259e-01	2.008726065322619936e-01	-2.895127063985258320e-01	2.108919526458928051e-01	-2.282714304111506387e-01	1.266093053113983291e-01	-1.384898363834243251e-01	2.178453425950725442e-01	-1.741943571694008486e-01	2.342768953194603321e-01
8.516367026721420597e-02	-7.677225954295566202e-02	8.133949323454923996e-02	-5.955186729958838326e-02	7.837037433244871398e-02	-6.099405654484852529e-02	7.832287359456352460e-02	-9.104958124003392772e-02	7.751413865996326091e-02	-6.705041165274819304e-02	9.665296225145281195e-02	-6.826683445088232993e-02	9.354039549604617476e-02	-1.013541530434616533e-01	1.108503505490575775e-01	-1.486229901803305109e-01	2.121403110325688623e-01	-1.200272875126379285e-01	1.154382937743146237e-01	-1.691823748455665022e-01	1.744019802259288432e-01	-3.429754948093277633e-01	2.457269332819070895e-01	-2.387438574092922983e-01	1.470836199723442039e-01	-4.426088797653556783e-01	1.000000000000000444e+00	-5.641430182540917437e-01	2.523739338575686220e-01	-1.547809691566138512e-01	2.131583642103367926e-01	-3.085781177292263311e-01	2.787641309946208845e-01	-2.207097718079329418e-01	1.855612420406222984e-01	-1.297891425164870161e-01	1.376864688046022800e-01	-2.340409389601502410e-01	1.648684024071587761e-01	-2.297159322657369995e-01
-7.015059824638816832e-02	6.241892626342822326e-02	-6.739329898864519774e-02	5.006113062975419553e-02	-6.662706773329778176e-02	4.936913784017557538e-02	-6.345951839713347142e-02	7.435016333477341421e-02	-6.569679996438126945e-02	5.671986720981329194e-02	-7.829568036161066447e-02	5.378445222047752855e-02	-7.768066217252821148e-02	8.512406766764137045e-02	-9.503491634849821346e-02	9.722021674152923898e-02	-1.489827905267566699e-01	9.746852111914092176e-02	-9.928783147804154385e-02	1.439574050770352498e-01	-1.204955292640600001e-01	1.749611454657708787e-01	-2.145650722014085243e-01	2.123996589778485988e-01	-1.460941349048576476e-01	2.506036844832718047e-01	-5.641430182540917437e-01	1.000000000000000222e+00	-4.076074586535867739e-01	1.563048807569365761e-01	-1.484279249165481041e-01	1.564110526138574875e-01	-5.823191762700838936e-01	2.520612870348782897e-01	-1.925033915203322177e-01	8.601284740838427423e-02	-9.561629583808711752e-02	2.135621075460563678e-01	-1.714269692051800797e-01	2.030175828547416961e-01
9.365426985850343333e-02	-8.468833527592883881e-02	9.270635461811310707e-02	-7.055014418373521667e-02	9.374761590507690867e-02	-6.511819426429582558e-02	8.333781043152617418e-02	-1.038755853942178869e-01	9.289457648391627465e-02	-8.089438614426891494e-02	1.019830193698348098e-01	-6.896673579249155972e-02	1.104329147288765078e-01	-1.270668939878105697e-01	1.363621992224308133e-01	-1.031054110540740448e-01	1.464741139721618124e-01	-1.415705137413035553e-01	1.540491022382996511e-01	-2.302549928812979152e-01	1.247181493391010254e-01	-1.678680704872811402e-01	2.708531872700686849e-01	-4.776652197194112826e-01	2.454102194047351748e-01	-2.909702269229840210e-01	2.523739338575686220e-01	-4.076074586535867739e-01	1.000000000000002665e+00	-3.480736774437265812e-01	1.242907774263618675e-01	-1.275539129217266587e-01	2.945135125974657764e-01	-4.386942826305284537e-01	2.728640641598711891e-01	-8.206816048578646772e-02	8.640303948682612201e-02	-2.883010652975345200e-01	2.274373583150132438e-01	-2.996129514037610964e-01
-8.547356655483906440e-02	7.530978023786252806e-02	-8.525669007437798597e-02	6.664267648718938397e-02	-9.128551507990247116e-02	5.810402251244106003e-02	-7.456479209742522540e-02	9.189861121212361539e-02	-8.954937227823293877e-02	7.729730223352967999e-02	-9.123584740898026124e-02	5.976158767013196177e-02	-1.009000987249565467e-01	1.142688980481938316e-01	-1.358938864553090042e-01	6.942591278482561357e-02	-1.023971606514709198e-01	1.207994572222702706e-01	-1.448030567539833335e-01	2.378201934633233927e-01	-8.572683937298491985e-02	1.078692772249192494e-01	-1.955998851042524689e-01	2.314689790360294208e-01	-7.334488328220664100e-01	1.768929235770992925e-01	-1.547809691566138512e-01	1.563048807569365761e-01	-3.480736774437265812e-01	1.000000000000000222e+00	-8.059040804709374783e-02	7.749471784254731432e-02	-1.779346002368523416e-01	2.049713741140482548e-01	-4.145389614279121893e-01	5.172967395780484617e-02	-5.531467900966723777e-02	1.769990676379301353e-01	-1.519621602563908103e-01	2.442716629378313686e-01
4.824175929631553672e-02	-4.289362101783331105e-02	4.572027345641508506e-02	-3.349280591400333879e-02	4.433689284832235955e-02	-3.407248726137920153e-02	4.361470303814354160e-02	-5.055297409958138533e-02	4.366920999235193029e-02	-3.765777477880115354e-02	5.407399509863664716e-02	-3.709192325820390157e-02	5.165283524550973865e-02	-5.575944294525921746e-02	6.231901250984862167e-02	-7.107951444281623843e-02	9.738297063184132851e-02	-6.496177453077559005e-02	6.276203291593294986e-02	-9.196957645681713700e-02	8.755979022033583137e-02	-1.133476405065884374e-01	1.298295125361816904e-01	-1.192217423233105089e-01	7.967147248983270924e-02	-2.547541299851199259e-01	2.131583642103367926e-01	-1.484279249165481041e-01	1.242907774263618675e-01	-8.059040804709374783e-02	1.000000000000000444e+00	-7.605987080117047050e-01	1.395708741735185165e-01	-1.122185554136558433e-01	1.038334866339195445e-01	-4.433011071293945227e-01	2.919600925943514058e-01	-1.405455843085624545e-01	9.672666242480766619e-02	-1.278370223955155316e-01
-4.571952467386732055e-02	4.041477321392399069e-02	-4.319346366544832977e-02	3.160628188788863063e-02	-4.194921019488712793e-02	3.231034130052650583e-02	-4.149117756792888856e-02	4.746802032715410208e-02	-4.128711342418556196e-02	3.553724133548800262e-02	-5.147311196686774754e-02	3.538760515454494882e-02	-4.879700572126458719e-02	5.242772530508726242e-02	-5.900326453875268107e-02	6.792861683878766155e-02	-1.002084871793760268e-01	6.098327515939767213e-02	-5.931923340314614740e-02	8.567963597317240776e-02	-8.529782482613036676e-02	1.147876500479662332e-01	-1.285369422147672469e-01	1.130959513490297219e-01	-7.694878994151313489e-02	2.008726065322619936e-01	-3.085781177292263311e-01	1.564110526138574875e-01	-1.275539129217266587e-01	7.749471784254731432e-02	-7.605987080117047050e-01	1.000000000000001332e+00	-1.575997328995406288e-01	1.105069104905053862e-01	-1.012399984007107540e-01	2.839567846298263754e-01	-4.224019105356814907e-01	1.317258497287353003e-01	-9.498896986021537758e-02	1.175914599462396237e-01
7.880994673933761074e-02	-7.051321449458758384e-02	7.617840119269578270e-02	-5.692453942038299547e-02	7.568135010463102053e-02	-5.509206441478913668e-02	7.045686060578180976e-02	-8.454322418222226521e-02	7.459534697765565769e-02	-6.458893703199813929e-02	8.680151888638361346e-02	-5.891060498516598881e-02	8.761237496129409275e-02	-9.703439871396089822e-02	1.077993227293868178e-01	-9.739663440432834440e-02	1.366261862382396330e-01	-1.105786271631112178e-01	1.116120585368198387e-01	-1.690084070667957905e-01	1.176549762896969276e-01	-1.609422737882934829e-01	2.115071410602084312e-01	-2.298810990999490267e-01	1.608334824278038200e-01	-2.895127063985258320e-01	2.787641309946208845e-01	-5.823191762700838936e-01	2.945135125974657764e-01	-1.779346002368523416e-01	1.395708741735185165e-01	-1.575997328995406288e-01	1.000000000000001332e+00	-4.962724908807497060e-01	2.428829290373292205e-01	-9.354876185802227240e-02	9.874522933321300266e-02	-3.591356701272039320e-01	2.494679783248792693e-01	-2.883764577744011848e-01
-7.687632190999740822e-02	6.763553176923858823e-02	-7.423184584259656660e-02	5.594272330622537120e-02	-7.529913182945424666e-02	5.308100937299402994e-02	-6.800980880667453765e-02	8.079827600140145061e-02	-7.390314088141441973e-02	6.369474917119899438e-02	-8.390498666022284946e-02	5.588983480321499386e-02	-8.501925387922146249e-02	9.406365659199071583e-02	-1.077892964376269552e-01	8.083443420514492550e-02	-1.195250003224599955e-01	1.045182226891002847e-01	-1.102572045511168303e-01	1.637118299579423397e-01	-1.004680142479466298e-01	1.297038444744477437e-01	-2.110184588487550306e-01	2.205873884231865367e-01	-1.864700212554566416e-01	2.108919526458928051e-01	-2.207097718079329418e-01	2.520612870348782897e-01	-4.386942826305284537e-01	2.049713741140482548e-01	-1.122185554136558433e-01	1.105069104905053862e-01	-4.962724908807497060e-01	1.000000000000001332e+00	-4.303357415587394930e-01	7.322825320676351613e-02	-8.007801157716448737e-02	3.058855832378479800e-01	-4.758314961117700026e-01	2.989059739574617680e-01
8.981162569854830857e-02	-8.003286434791154202e-02	8.808046041217074129e-02	-6.719844875767433390e-02	9.018147625867868611e-02	-6.173129103104355031e-02	7.888659766063242651e-02	-9.715231118637422669e-02	8.869648591965408058e-02	-7.700041433371200561e-02	9.684287469747430988e-02	-6.413509939231150370e-02	1.021589752936939294e-01	-1.154999957011974276e-01	1.300842959981128033e-01	-8.283063498576147266e-02	1.194556897754928820e-01	-1.276610371736197624e-01	1.346342896682317103e-01	-2.292835023525046367e-01	1.021514868594845804e-01	-1.270687176195914037e-01	2.115436018509171123e-01	-2.386087821062747583e-01	2.544923416817468365e-01	-2.282714304111506387e-01	1.855612420406222984e-01	-1.925033915203322177e-01	2.728640641598711891e-01	-4.145389614279121893e-01	1.038334866339195445e-01	-1.012399984007107540e-01	2.428829290373292205e-01	-4.303357415587394930e-01	1.000000000000000666e+00	-7.113962314212837756e-02	7.541739382499584865e-02	-3.064111247174942099e-01	2.649205908945609922e-01	-6.198565381996947732e-01
-3.114229315812560780e-02	2.730845467976366139e-02	-2.935250502385473859e-02	2.154051266969393696e-02	-2.873668651906739410e-02	2.182518524339935317e-02	-2.798144233188432084e-02	3.198706665936519589e-02	-2.820153016220319428e-02	2.422486643967960984e-02	-3.476470974022478899e-02	2.355602417906264845e-02	-3.287450906512134896e-02	3.530385168154326347e-02	-4.032328905292548171e-02	4.179616838788639821e-02	-6.035599460063252597e-02	4.061033227733750611e-02	-3.977128714375158941e-02	5.726287639591462475e-02	-5.268412345781622874e-02	6.629639440781387449e-02	-8.434446025177977369e-02	7.314955253060298479e-02	-5.228557287415887267e-02	1.266093053113983291e-01	-1.297891425164870161e-01	8.601284740838427423e-02	-8.206816048578646772e-02	5.172967395780484617e-02	-4.433011071293945227e-01	2.839567846298263754e-01	-9.354876185802227240e-02	7.322825320676351613e-02	-7.113962314212837756e-02	1.000000000000000888e+00	-8.353902984205761051e-01	1.062894699274016114e-01	-7.543684672900065336e-02	8.080472366929876415e-02
3.238812127609567298e-02	-2.859541704522146691e-02	3.067411138288415884e-02	-2.255152024618620882e-02	3.000871122105574010e-02	-2.274406339547254893e-02	2.913391516711567528e-02	-3.364898990267262829e-02	2.949218960881260648e-02	-2.538525277997603219e-02	3.613059331614636160e-02	-2.458405715191076812e-02	3.453769201939935196e-02	-3.727291568685500711e-02	4.219175426013783287e-02	-4.429676447584139642e-02	6.270881357230406739e-02	-4.300659566221975982e-02	4.203891469694036320e-02	-6.117865955371797060e-02	5.484981294588997525e-02	-7.146409385331611852e-02	8.708911444140145230e-02	-7.860656469084217890e-02	5.522208154728417556e-02	-1.384898363834243251e-01	1.376864688046022800e-01	-9.561629583808711752e-02	8.640303948682612201e-02	-5.531467900966723777e-02	2.919600925943514058e-01	-4.224019105356814907e-01	9.874522933321300266e-02	-8.007801157716448737e-02	7.541739382499584865e-02	-8.353902984205761051e-01	1.000000000000001110e+00	-1.292567799664413319e-01	8.219551940916608457e-02	-8.899086273334935737e-02
-9.403015213973606179e-02	8.042875284651837542e-02	-8.867599400488779260e-02	6.617483206809103569e-02	-9.007318379264937780e-02	6.432916540838784503e-02	-8.246343972318011251e-02	9.381298908669272185e-02	-8.766469434267654126e-02	7.482374476029968191e-02	-1.025460755457643786e-01	6.702813000398319399e-02	-9.802041329271736492e-02	1.055944247395782659e-01	-1.267816829857300043e-01	9.051671271653183304e-02	-1.371967917417785676e-01	1.163500584988501202e-01	-1.202229217262242855e-01	1.698043247876165340e-01	-1.148331104172424511e-01	1.419831271359459635e-01	-2.431839263403345885e-01	2.081013560054532086e-01	-1.840731374256955877e-01	2.178453425950725442e-01	-2.340409389601502410e-01	2.135621075460563678e-01	-2.883010652975345200e-01	1.769990676379301353e-01	-1.405455843085624545e-01	1.317258497287353003e-01	-3.591356701272039320e-01	3.058855832378479800e-01	-3.064111247174942099e-01	1.062894699274016114e-01	-1.292567799664413319e-01	1.000000000000001332e+00	-6.969242437290241732e-01	2.931258918540348146e-01
6.781808734258538973e-02	-5.903305539634362553e-02	6.486358891046506425e-02	-4.871075432390387788e-02	6.583039062080398018e-02	-4.658320795590890212e-02	5.963179003888703644e-02	-6.989395789928946889e-02	6.436454412146372372e-02	-5.529277382516125522e-02	7.379863333102486267e-02	-4.864261801857922701e-02	7.304512918919071895e-02	-8.010632559203208214e-02	9.339060705987359268e-02	-6.671326245212391703e-02	9.826518598384886838e-02	-8.876501999078165173e-02	9.197415913970191648e-02	-1.361536353787111686e-01	8.326990065522948958e-02	-1.043416861843787513e-01	1.723038707332023023e-01	-1.708194435078680962e-01	1.444603467499664951e-01	-1.741943571694008486e-01	1.648684024071587761e-01	-1.714269692051800797e-01	2.274373583150132438e-01	-1.519621602563908103e-01	9.672666242480766619e-02	-9.498896986021537758e-02	2.494679783248792693e-01	-4.758314961117700026e-01	2.649205908945609922e-01	-7.543684672900065336e-02	8.219551940916608457e-02	-6.969242437290241732e-01	1.000000000000001110e+00	-4.228119620657670996e-01
