1.000000000000000000e+00	-6.782720481805031287e-01	2.648277837056992601e-01	-2.079037281670331472e-01	1.889638370790539257e-01	-4.700271375545177488e-01	2.940381699742381505e-01	-2.022730772110722941e-01	1.474482775203149465e-01	-2.454466719107652739e-01	1.657274815158267245e-01	-1.833684208815845873e-01	1.520178930028781294e-01	-1.406994020890698083e-01	1.131843537464310434e-01	-1.268289225514107332e-01	1.245954719824629436e-01	-1.464948530114006942e-01	1.491396718006799682e-01	-9.503121591607413543e-02	1.273243888547815061e-01	-1.441994642202848453e-01	1.131236295271094289e-01	-1.132291910427274256e-01	1.199011506576450198e-01	-1.148645801621512863e-01	1.033387004462969494e-01	-1.108632965517773461e-01	9.283019383025246929e-02	-1.013465531189103042e-01	6.767707839493977695e-02	-5.264158251401487160e-02	9.165416623156433240e-02	-8.335951383933866421e-02	9.012558299360270975e-02	-1.132863350091526111e-01	6.793336684496684152e-02	-9.753530312485578224e-02	8.459182655904910753e-02	-1.307717177831231592e-01
-6.782720481805031287e-01	9.999999999999998890e-01	-5.024279117512202575e-01	2.120275098330362540e-01	-2.100347217614038919e-01	2.569195542679606481e-01	-3.438414372430211308e-01	1.815272636686516283e-01	-1.422374585163564964e-01	1.936562981747976531e-01	-1.429545551233732670e-01	1.539835403224474319e-01	-1.439367404943167617e-01	1.260652096998497451e-01	-9.641937848957762847e-02	1.036359359947736092e-01	-1.053987288878648759e-01	1.190433753562639696e-01	-1.290212668003262730e-01	7.971342865058643479e-02	-1.074917188186869654e-01	1.170651080804981092e-01	-9.367853229084224798e-02	9.387608160138900815e-02	-1.005212247175046592e-01	9.248846935577621775e-02	-8.500338994644748847e-02	8.950404204611650538e-02	-7.584644977116183906e-02	8.195333248813610472e-02	-5.433819561414262450e-02	4.219029963296330038e-02	-7.459204961667800782e-02	6.739378958633290839e-02	-7.296756898720786755e-02	8.918011905953576735e-02	-5.438031394011913489e-02	7.758915546175557121e-02	-6.806787198665896488e-02	1.036190587245403305e-01
2.648277837056992601e-01	-5.024279117512202575e-01	1.000000000000000222e+00	-5.470308374344200475e-01	2.898175247412775324e-01	-1.765041663008443118e-01	1.934327848970226749e-01	-3.494188917603594513e-01	2.253974329926818898e-01	-3.043075127380625022e-01	1.586340336208769686e-01	-1.857063982923322643e-01	2.111612824014570122e-01	-2.037702511273019046e-01	1.386560421474305471e-01	-1.274381089180179061e-01	1.316730867335156041e-01	-1.612445800267778284e-01	1.800687385282554731e-01	-1.156380134999822201e-01	1.367972306355800527e-01	-1.571010963417693584e-01	1.269815945764250775e-01	-1.319498740369437484e-01	1.408009456204764587e-01	-1.267041727511820093e-01	1.155712457824537298e-01	-1.260565019595404623e-01	1.069433863949778990e-01	-1.173882038703433633e-01	7.760842358068398283e-02	-6.033214687047450814e-02	1.048074925577491406e-01	-9.586730098280213386e-02	1.040582016773767410e-01	-1.304377733365839342e-01	7.806999797199339064e-02	-1.122836566111352768e-01	9.739503188019933699e-02	-1.510948518731233536e-01
-2.079037281670331472e-01	2.120275098330362540e-01	-5.470308374344200475e-01	1.000000000000000444e+00	-6.344300932980935226e-01	1.252448046983331009e-01	-1.511065518249000428e-01	2.263229665341670582e-01	-3.471871396441611468e-01	2.621564466396648641e-01	-1.335128641725390197e-01	1.478808991737146361e-01	-1.848838173193792789e-01	2.122143412954304864e-01	-1.298702801475729585e-01	1.049372277818135524e-01	-1.097902547405222307e-01	1.340833907650913759e-01	-1.705055883961511531e-01	1.052366874210045461e-01	-1.159594749956127796e-01	1.303974796932252933e-01	-1.086716631051260207e-01	1.160364172730335708e-01	-1.255985845813374635e-01	1.049958506471817127e-01	-9.779649978388209319e-02	1.060192718338130308e-01	-9.168065790077370436e-02	9.991291883645557481e-02	-6.505554877438032846e-02	5.048502533909642737e-02	-8.896742302701599048e-02	8.119075942685008429e-02	-8.840862065241861245e-02	1.074534262172858190e-01	-6.532992370953151495e-02	9.352473293767185614e-02	-8.205929757036688199e-02	1.256287020162152046e-01
1.889638370790539257e-01	-2.100347217614038919e-01	2.898175247412775324e-01	-6.344300932980935226e-01	1.000000000000000000e+00	-1.387093455293092470e-01	1.571698673620690045e-01	-2.638972465106231291e-01	2.525699750058330584e-01	-4.737946106311318184e-01	1.707376013598655429e-01	-1.946020470916101364e-01	2.015846557400518269e-01	-2.348846350684189732e-01	1.784927991421099980e-01	-1.442176937287867056e-01	1.487843240981389925e-01	-1.916295583324600094e-01	2.203547041874747980e-01	-1.486321081946989642e-01	1.608643902420205940e-01	-1.883037161726200948e-01	1.542638986784832522e-01	-1.643240086786289800e-01	1.784997618260965313e-01	-1.575201330175915460e-01	1.436152150713852216e-01	-1.602239093150021332e-01	1.365649424875338136e-01	-1.519173382160862174e-01	1.017514074316309552e-01	-7.896109889761086797e-02	1.339840927627454215e-01	-1.236069186866956965e-01	1.351046428876997718e-01	-1.749406654403015959e-01	1.027316333814037586e-01	-1.479977305325039794e-01	1.271213948044631892e-01	-2.003490786203298568e-01
-4.700271375545177488e-01	2.569195542679606481e-01	-1.765041663008443118e-01	1.252448046983331009e-01	-1.387093455293092470e-01	1.000000000000000222e+00	-7.762484236851476815e-01	1.438497350930880714e-01	-1.075709548497326140e-01	1.584090954861485656e-01	-2.264011056116888021e-01	1.948251416861788154e-01	-1.286029381540629568e-01	1.029419753788838321e-01	-8.556534979665780805e-02	1.295955741929102623e-01	-1.242113599152676190e-01	1.234557800114537973e-01	-1.189588409285584347e-01	7.137973533495567402e-02	-1.206008002913538241e-01	1.228711653229156986e-01	-9.491878487471021308e-02	8.912223350705969493e-02	-9.382654950205188138e-02	9.341287093243208495e-02	-8.520142113512534088e-02	8.562019694827470440e-02	-7.153874567788665040e-02	7.581093857194969032e-02	-5.045920041785850046e-02	3.920916679044308961e-02	-7.092867567227738312e-02	6.305476869065425316e-02	-6.767939784594706465e-02	8.046413330863025348e-02	-5.014841198690104390e-02	7.104569159482576612e-02	-6.301859609937195128e-02	9.388765346433183834e-02
2.940381699742381505e-01	-3.438414372430211308e-01	1.934327848970226749e-01	-1.511065518249000428e-01	1.571698673620690045e-01	-7.762484236851476815e-01	1.000000000000000222e+00	-1.844164792680510478e-01	1.284137118664875621e-01	-2.001349231380435134e-01	2.055339639193201340e-01	-2.792329876629867091e-01	1.539966055326566496e-01	-1.258482813099365549e-01	1.027157863944888061e-01	-1.466169900377489732e-01	1.463794807365704775e-01	-1.522497567185136513e-01	1.410196133397925988e-01	-8.637616211439623493e-02	1.357225649214014729e-01	-1.494564830099721908e-01	1.137419805381928994e-01	-1.077046881086659996e-01	1.122789847226419863e-01	-1.119069077766245979e-01	1.008351392903064497e-01	-1.040437919104092029e-01	8.648092384321649784e-02	-9.252185966410171603e-02	6.142793485193835668e-02	-4.781857205171455294e-02	8.562715300684310693e-02	-7.671872878204223645e-02	8.230410538261719033e-02	-9.960466610730385473e-02	6.126796008996999304e-02	-8.738024442425003369e-02	7.685124271440417487e-02	-1.160100288135473556e-01
-2.022730772110722941e-01	1.815272636686516283e-01	-3.494188917603594513e-01	2.263229665341670582e-01	-2.638972465106231291e-01	1.438497350930880714e-01	-1.844164792680510478e-01	1.000000000000000444e+00	-3.700940834269512703e-01	2.473533019155883805e-01	-2.146114300502377781e-01	2.411358480932612181e-01	-6.871167658755412688e-01	2.813494171965479351e-01	-1.618001435884373063e-01	1.497284924026083541e-01	-1.667005474408712329e-01	1.767509429472490512e-01	-2.261579558206092688e-01	1.289509041265384515e-01	-1.641402962524921849e-01	1.699747205697725860e-01	-1.434234397870687849e-01	1.461547150340438417e-01	-1.582966949701066495e-01	1.301525792865825537e-01	-1.252209938037007475e-01	1.279519978285838244e-01	-1.117112106083154865e-01	1.179434585829712279e-01	-7.555509656189773882e-02	5.854714597084541283e-02	-1.081427930525137304e-01	9.652022216761922679e-02	-1.045682308534502669e-01	1.177695188953325200e-01	-7.514956577906896362e-02	1.060763444480814777e-01	-9.579284180430576445e-02	1.404282184449293924e-01
1.474482775203149465e-01	-1.422374585163564964e-01	2.253974329926818898e-01	-3.471871396441611468e-01	2.525699750058330584e-01	-1.075709548497326140e-01	1.284137118664875621e-01	-3.700940834269512703e-01	1.000000000000001110e+00	-3.365674671111172911e-01	1.524461957015257330e-01	-1.809286094368043329e-01	2.740092451556515041e-01	-7.046599562268194283e-01	1.809760319923787164e-01	-1.227363400206794575e-01	1.319673789982487022e-01	-1.664279797047682752e-01	2.355883803825217782e-01	-1.507703242763669405e-01	1.355905134448440741e-01	-1.572963026161116884e-01	1.342225190140707292e-01	-1.544200496352778063e-01	1.584973132129562090e-01	-1.215492170227238933e-01	1.144817777325000674e-01	-1.263871141169564394e-01	1.110077250100772045e-01	-1.211817197144399449e-01	7.417950914081991587e-02	-5.784858928863025745e-02	1.052859008341114344e-01	-9.679534171704357037e-02	1.046151023492399162e-01	-1.195562089068560457e-01	7.453602488707508633e-02	-1.076470204755128335e-01	9.559096687661466918e-02	-1.449620954895284863e-01
-2.454466719107652739e-01	1.936562981747976531e-01	-3.043075127380625022e-01	2.621564466396648641e-01	-4.737946106311318184e-01	1.584090954861485656e-01	-2.001349231380435134e-01	2.473533019155883805e-01	-3.365674671111172911e-01	9.999999999999997780e-01	-2.253658940790163046e-01	2.168657353431768797e-01	-2.454117372774219097e-01	2.560644639297678937e-01	-3.750742145092213486e-01	1.731483222223519081e-01	-1.817816011067019955e-01	2.228783979913231406e-01	-3.640589792584787987e-01	2.368812801163602544e-01	-2.118359315240835594e-01	2.192368165344114050e-01	-2.016651343565311061e-01	2.250592342804768886e-01	-2.975920711223365989e-01	1.794998411679299688e-01	-1.844059419265276500e-01	1.886891065273338663e-01	-1.775035978384741087e-01	1.858095549708237704e-01	-1.192598555185453296e-01	9.049400613555552697e-02	-1.684364301296920052e-01	1.494720534843456405e-01	-1.687559610024650658e-01	1.746848897731093364e-01	-1.177402561927245322e-01	1.598195995980752349e-01	-1.507165360599446169e-01	2.096768927084692868e-01
1.657274815158267245e-01	-1.429545551233732670e-01	1.586340336208769686e-01	-1.335128641725390197e-01	1.707376013598655429e-01	-2.264011056116888021e-01	2.055339639193201340e-01	-2.146114300502377781e-01	1.524461957015257330e-01	-2.253658940790163046e-01	1.000000000000000000e+00	-5.493374341984129661e-01	2.097573659885575981e-01	-1.602922743261938898e-01	1.403062492058739508e-01	-5.664516512296363659e-01	2.995048288872230180e-01	-2.799897757609424720e-01	2.060450172043692130e-01	-1.203673962332032638e-01	2.811919915646076129e-01	-2.876143570425836460e-01	1.953787524782471530e-01	-1.681321594177676571e-01	1.662517171249956738e-01	-2.078474224024632055e-01	1.709820575109100016e-01	-1.647585839592598800e-01	1.310760574206634443e-01	-1.359763691316123180e-01	9.015748874093972021e-02	-7.055993806583182870e-02	1.313736457846673977e-01	-1.149902893719343677e-01	1.204305531275943197e-01	-1.384444950158130738e-01	8.863621868222001932e-02	-1.255088913433358988e-01	1.121056607757532492e-01	-1.631599841923996319e-01
-1.833684208815845873e-01	1.539835403224474319e-01	-1.857063982923322643e-01	1.478808991737146361e-01	-1.946020470916101364e-01	1.948251416861788154e-01	-2.792329876629867091e-01	2.411358480932612181e-01	-1.809286094368043329e-01	2.168657353431768797e-01	-5.493374341984129661e-01	1.000000000000000222e+00	-3.760352800069645673e-01	1.861913089990206438e-01	-1.514353297758328776e-01	2.850785156860116132e-01	-4.697722694581166758e-01	2.615222606949436090e-01	-2.302871410091109350e-01	1.255801567940484365e-01	-2.684259636704999230e-01	2.535354654304440292e-01	-2.013396176627234302e-01	1.671742304543882562e-01	-1.741078441481245798e-01	1.717754930254021539e-01	-1.648687440637147117e-01	1.531758540371014055e-01	-1.288855077135370175e-01	1.303585993289892719e-01	-8.552685778007310113e-02	6.641836425156052992e-02	-1.279734093842214149e-01	1.099754523601207123e-01	-1.168600647848931223e-01	1.267821807275294477e-01	-8.391995398320956090e-02	1.166849120731875689e-01	-1.073077753852363092e-01	1.509777072970398537e-01
1.520178930028781294e-01	-1.439367404943167617e-01	2.111612824014570122e-01	-1.848838173193792789e-01	2.015846557400518269e-01	-1.286029381540629568e-01	1.539966055326566496e-01	-6.871167658755412688e-01	2.740092451556515041e-01	-2.454117372774219097e-01	2.097573659885575981e-01	-3.760352800069645673e-01	1.000000000000002887e+00	-4.187580733261411781e-01	1.545408116472246352e-01	-1.595351767909593821e-01	1.809899193508404946e-01	-1.970221470311356304e-01	2.143653313015237150e-01	-1.292112000656802928e-01	1.607003376580271869e-01	-1.815684003500996624e-01	1.462879045503522046e-01	-1.480302149573524406e-01	1.516067029605439043e-01	-1.316907068311491125e-01	1.227696789967702429e-01	-1.289188597012611570e-01	1.101319145952940615e-01	-1.175311832254283262e-01	7.406365899992953250e-02	-5.776891878565512672e-02	1.065396920345648979e-01	-9.591367082514901110e-02	1.027958711518990181e-01	-1.172250956048979803e-01	7.392281592649688204e-02	-1.058214430488007562e-01	9.446338577364793432e-02	-1.407226943781438588e-01
-1.406994020890698083e-01	1.260652096998497451e-01	-2.037702511273019046e-01	2.122143412954304864e-01	-2.348846350684189732e-01	1.029419753788838321e-01	-1.258482813099365549e-01	2.813494171965479351e-01	-7.046599562268194283e-01	2.560644639297678937e-01	-1.602922743261938898e-01	1.861913089990206438e-01	-4.187580733261411781e-01	1.000000000000000888e+00	-2.305117179682965312e-01	1.240407735191236538e-01	-1.376236023948172460e-01	1.683641057876566205e-01	-3.401603254192325787e-01	1.664935489571036653e-01	-1.379950157276710054e-01	1.568387018075464434e-01	-1.399125279614116535e-01	1.651576471890435216e-01	-1.706959546290128804e-01	1.187326421539963706e-01	-1.138469625699996407e-01	1.247639761107553619e-01	-1.124706839587581858e-01	1.206724080946087602e-01	-7.144987676444004843e-02	5.580831968362619244e-02	-1.044933792874859768e-01	9.576586001050324537e-02	-1.033438572458309640e-01	1.126519270822286950e-01	-7.167970275971630167e-02	1.034064277079874139e-01	-9.320690348490488775e-02	1.387803381076277431e-01
1.131843537464310434e-01	-9.641937848957762847e-02	1.386560421474305471e-01	-1.298702801475729585e-01	1.784927991421099980e-01	-8.556534979665780805e-02	1.027157863944888061e-01	-1.618001435884373063e-01	1.809760319923787164e-01	-3.750742145092213486e-01	1.403062492058739508e-01	-1.514353297758328776e-01	1.545408116472246352e-01	-2.305117179682965312e-01	1.000000000000002442e+00	-1.231100145242885746e-01	1.316970055597389555e-01	-1.847439284914687285e-01	2.596502663884655004e-01	-7.540150829250400477e-01	1.437628812394602384e-01	-1.791488260625794249e-01	1.623782201598382435e-01	-2.184703097893124779e-01	2.795414637412528269e-01	-1.402384025241610044e-01	1.336896827383882158e-01	-1.608297790405171790e-01	1.496011383342283618e-01	-1.817568868031307627e-01	9.015952829279752501e-02	-7.126110036189473029e-02	1.335725376898923566e-01	-1.282728762156517821e-01	1.413560466416169670e-01	-1.452000992836799953e-01	9.176851108085687381e-02	-1.377198028308835587e-01	1.228599432213860337e-01	-1.934657742568240413e-01
-1.268289225514107332e-01	1.036359359947736092e-01	-1.274381089180179061e-01	1.049372277818135524e-01	-1.442176937287867056e-01	1.295955741929102623e-01	-1.466169900377489732e-01	1.497284924026083541e-01	-1.227363400206794575e-01	1.731483222223519081e-01	-5.664516512296363659e-01	2.850785156860116132e-01	-1.595351767909593821e-01	1.240407735191236538e-01	-1.231100145242885746e-01	1.000000000000000444e+00	-4.602113166990962623e-01	2.511232462148405564e-01	-1.905747581539513347e-01	1.045304211799499006e-01	-5.438520368212094169e-01	2.720126514489955016e-01	-1.938266926008289093e-01	1.508453538922347736e-01	-1.524702133322964615e-01	2.024034571581835307e-01	-1.782035101791964171e-01	1.472749020034159195e-01	-1.183088627716353536e-01	1.175870169632807077e-01	-8.006326214329369251e-02	6.224192047450901460e-02	-1.202717738796414415e-01	1.012594420936885203e-01	-1.056875182681059760e-01	1.146980248464804508e-01	-7.723982791232095191e-02	1.061368169652232574e-01	-9.776012551139467988e-02	1.351267050818897031e-01
1.245954719824629436e-01	-1.053987288878648759e-01	1.316730867335156041e-01	-1.097902547405222307e-01	1.487843240981389925e-01	-1.242113599152676190e-01	1.463794807365704775e-01	-1.667005474408712329e-01	1.319673789982487022e-01	-1.817816011067019955e-01	2.995048288872230180e-01	-4.697722694581166758e-01	1.809899193508404946e-01	-1.376236023948172460e-01	1.316970055597389555e-01	-4.602113166990962623e-01	1.000000000000004663e+00	-5.204231581221121505e-01	2.130403598142348032e-01	-1.142883062165327285e-01	2.782200246360791440e-01	-4.295105705838895283e-01	2.517027259168053144e-01	-1.784615753749341227e-01	1.673018960270644395e-01	-1.754416997895260066e-01	1.640166594175812842e-01	-1.574118834192760052e-01	1.268818029599963759e-01	-1.254959712875553524e-01	7.998885453575298177e-02	-6.270676201374938974e-02	1.257410824825470341e-01	-1.070163676106962031e-01	1.109742995951365496e-01	-1.165356848874992968e-01	7.836102228565326733e-02	-1.097819486598095307e-01	1.015542311525365199e-01	-1.408108448665533752e-01
-1.464948530114006942e-01	1.190433753562639696e-01	-1.612445800267778284e-01	1.340833907650913759e-01	-1.916295583324600094e-01	1.234557800114537973e-01	-1.522497567185136513e-01	1.767509429472490512e-01	-1.664279797047682752e-01	2.228783979913231406e-01	-2.799897757609424720e-01	2.615222606949436090e-01	-1.970221470311356304e-01	1.683641057876566205e-01	-1.847439284914687285e-01	2.511232462148405564e-01	-5.204231581221121505e-01	9.999999999999998890e-01	-3.562573127530567763e-01	1.612201683246269890e-01	-2.940305202190526823e-01	3.196149320135383554e-01	-5.160778030431654173e-01	2.620598559542701156e-01	-2.507372859234339724e-01	1.935258805205035404e-01	-2.043248349452991275e-01	2.094238773355017735e-01	-1.792437119285847091e-01	1.694946800026354283e-01	-1.033366518602651801e-01	8.095356380955352760e-02	-1.743894197453645378e-01	1.446381280936868408e-01	-1.507973637363155262e-01	1.460132681860928372e-01	-1.016937860189505716e-01	1.416800036321075318e-01	-1.355129234076843381e-01	1.807814974875288083e-01
1.491396718006799682e-01	-1.290212668003262730e-01	1.800687385282554731e-01	-1.705055883961511531e-01	2.203547041874747980e-01	-1.189588409285584347e-01	1.410196133397925988e-01	-2.261579558206092688e-01	2.355883803825217782e-01	-3.640589792584787987e-01	2.060450172043692130e-01	-2.302871410091109350e-01	2.143653313015237150e-01	-3.401603254192325787e-01	2.596502663884655004e-01	-1.905747581539513347e-01	2.130403598142348032e-01	-3.562573127530567763e-01	1.000000000000000222e+00	-3.181797879969907594e-01	2.149495913350409626e-01	-2.906018298968872093e-01	2.759903766078961596e-01	-4.855329350752030648e-01	3.033315768651834721e-01	-2.035222678853355061e-01	1.925388325213499841e-01	-2.373007496972667496e-01	2.161879675725105476e-01	-2.335922529092952504e-01	1.230573562215231953e-01	-9.791481778534320835e-02	1.893648186944353051e-01	-1.824034927928918637e-01	1.876165275731143667e-01	-1.966117668050958445e-01	1.249715806006958113e-01	-1.880129653700415848e-01	1.677012645636090649e-01	-2.553269372265734027e-01
-9.503121591607413543e-02	7.971342865058643479e-02	-1.156380134999822201e-01	1.052366874210045461e-01	-1.486321081946989642e-01	7.137973533495567402e-02	-8.637616211439623493e-02	1.289509041265384515e-01	-1.507703242763669405e-01	2.368812801163602544e-01	-1.203673962332032638e-01	1.255801567940484365e-01	-1.292112000656802928e-01	1.664935489571036653e-01	-7.540150829250400477e-01	1.045304211799499006e-01	-1.142883062165327285e-01	1.612201683246269890e-01	-3.181797879969907594e-01	1.000000000000001332e+00	-1.247273372912383327e-01	1.538982421996047123e-01	-1.550035391079131464e-01	2.191199984354239294e-01	-4.601715089655126212e-01	1.168224273309915046e-01	-1.156067228613040787e-01	1.383237151411297328e-01	-1.404792344900319956e-01	1.643235301316742503e-01	-7.512675684530358000e-02	5.938501525167041994e-02	-1.179565588154370265e-01	1.127281731318329483e-01	-1.280574918656952055e-01	1.160292661097837574e-01	-7.624545304001324741e-02	1.132643648202021208e-01	-1.052233188167234490e-01	1.572264581195781663e-01
1.273243888547815061e-01	-1.074917188186869654e-01	1.367972306355800527e-01	-1.159594749956127796e-01	1.608643902420205940e-01	-1.206008002913538241e-01	1.357225649214014729e-01	-1.641402962524921849e-01	1.355905134448440741e-01	-2.118359315240835594e-01	2.811919915646076129e-01	-2.684259636704999230e-01	1.607003376580271869e-01	-1.379950157276710054e-01	1.437628812394602384e-01	-5.438520368212094169e-01	2.782200246360791440e-01	-2.940305202190526823e-01	2.149495913350409626e-01	-1.247273372912383327e-01	1.000000000000003331e+00	-4.576865844835758534e-01	2.324664791260998287e-01	-1.896144601886957937e-01	1.819465982727663800e-01	-4.369633568990414774e-01	2.545752352682026376e-01	-2.050970770260799603e-01	1.515459528906599740e-01	-1.530190410762651554e-01	1.081756392765218650e-01	-8.475838006947346293e-02	1.569269366513057207e-01	-1.333431529027054030e-01	1.359244131085780016e-01	-1.556047046864861561e-01	1.027485475854315461e-01	-1.422156225646231120e-01	1.276454797471012204e-01	-1.797177188051164443e-01
-1.441994642202848453e-01	1.170651080804981092e-01	-1.571010963417693584e-01	1.303974796932252933e-01	-1.883037161726200948e-01	1.228711653229156986e-01	-1.494564830099721908e-01	1.699747205697725860e-01	-1.572963026161116884e-01	2.192368165344114050e-01	-2.876143570425836460e-01	2.535354654304440292e-01	-1.815684003500996624e-01	1.568387018075464434e-01	-1.791488260625794249e-01	2.720126514489955016e-01	-4.295105705838895283e-01	3.196149320135383554e-01	-2.906018298968872093e-01	1.538982421996047123e-01	-4.576865844835758534e-01	9.999999999999995559e-01	-5.031827565496618249e-01	2.520056082121978624e-01	-2.477836296323946697e-01	2.370534002006618735e-01	-2.669060468463609892e-01	2.225510439388176109e-01	-1.832686238942885792e-01	1.720030921024484627e-01	-1.101635208542858374e-01	8.638142078900171161e-02	-1.829303446895987340e-01	1.492609953199677542e-01	-1.545565414087699263e-01	1.521327203096508318e-01	-1.070698320895478728e-01	1.467937184264796746e-01	-1.402285818203568568e-01	1.849502305424899351e-01
1.131236295271094289e-01	-9.367853229084224798e-02	1.269815945764250775e-01	-1.086716631051260207e-01	1.542638986784832522e-01	-9.491878487471021308e-02	1.137419805381928994e-01	-1.434234397870687849e-01	1.342225190140707292e-01	-2.016651343565311061e-01	1.953787524782471530e-01	-2.013396176627234302e-01	1.462879045503522046e-01	-1.399125279614116535e-01	1.623782201598382435e-01	-1.938266926008289093e-01	2.517027259168053144e-01	-5.160778030431654173e-01	2.759903766078961596e-01	-1.550035391079131464e-01	2.324664791260998287e-01	-5.031827565496618249e-01	1.000000000000000222e+00	-4.892282069528381405e-01	2.489318267281003805e-01	-1.866666611310603130e-01	1.953112367077038947e-01	-3.002254459756091842e-01	1.977065755726307994e-01	-1.837979139651468585e-01	9.878111896181963891e-02	-7.977875688867729076e-02	1.866834293735945283e-01	-1.590323660568838948e-01	1.518556949535080913e-01	-1.418674983024067193e-01	9.864296591201399123e-02	-1.443600343117150131e-01	1.359263195788992518e-01	-1.837198738179389723e-01
-1.132291910427274256e-01	9.387608160138900815e-02	-1.319498740369437484e-01	1.160364172730335708e-01	-1.643240086786289800e-01	8.912223350705969493e-02	-1.077046881086659996e-01	1.461547150340438417e-01	-1.544200496352778063e-01	2.250592342804768886e-01	-1.681321594177676571e-01	1.671742304543882562e-01	-1.480302149573524406e-01	1.651576471890435216e-01	-2.184703097893124779e-01	1.508453538922347736e-01	-1.784615753749341227e-01	2.620598559542701156e-01	-4.855329350752030648e-01	2.191199984354239294e-01	-1.896144601886957937e-01	2.520056082121978624e-01	-4.892282069528381405e-01	9.999999999999974465e-01	-5.189020059501905369e-01	1.653128453010762888e-01	-1.753124418716361932e-01	2.239685674399555515e-01	-3.072546941059772774e-01	2.325997628840033027e-01	-1.021942515730628331e-01	8.213716613827225232e-02	-1.903737417811538768e-01	1.830053888754913649e-01	-1.819370742652413608e-01	1.484407661470251438e-01	-1.036192380578582206e-01	1.546666561324475386e-01	-1.523150032331914150e-01	2.042635976086709104e-01
1.199011506576450198e-01	-1.005212247175046592e-01	1.408009456204764587e-01	-1.255985845813374635e-01	1.784997618260965313e-01	-9.382654950205188138e-02	1.122789847226419863e-01	-1.582966949701066495e-01	1.584973132129562090e-01	-2.975920711223365989e-01	1.662517171249956738e-01	-1.741078441481245798e-01	1.516067029605439043e-01	-1.706959546290128804e-01	2.795414637412528269e-01	-1.524702133322964615e-01	1.673018960270644395e-01	-2.507372859234339724e-01	3.033315768651834721e-01	-4.601715089655126212e-01	1.819465982727663800e-01	-2.477836296323946697e-01	2.489318267281003805e-01	-5.189020059501905369e-01	9.999999999999981126e-01	-1.792037691593461324e-01	1.755583131179844769e-01	-2.301691553293711279e-01	2.419369959843918061e-01	-3.593729131422176426e-01	1.150775667477172554e-01	-9.258697661758419351e-02	1.888239858279916472e-01	-1.923789287123281178e-01	2.142567037261118024e-01	-1.794480873148241451e-01	1.181472241191368622e-01	-1.829136985360766965e-01	1.687383860388614043e-01	-2.646520153748432858e-01
-1.148645801621512863e-01	9.248846935577621775e-02	-1.267041727511820093e-01	1.049958506471817127e-01	-1.575201330175915460e-01	9.341287093243208495e-02	-1.119069077766245979e-01	1.301525792865825537e-01	-1.215492170227238933e-01	1.794998411679299688e-01	-2.078474224024632055e-01	1.717754930254021539e-01	-1.316907068311491125e-01	1.187326421539963706e-01	-1.402384025241610044e-01	2.024034571581835307e-01	-1.754416997895260066e-01	1.935258805205035404e-01	-2.035222678853355061e-01	1.168224273309915046e-01	-4.369633568990414774e-01	2.370534002006618735e-01	-1.866666611310603130e-01	1.653128453010762888e-01	-1.792037691593461324e-01	9.999999999999994449e-01	-7.259722582906277255e-01	2.468676071942097205e-01	-1.704950477599985192e-01	1.550493952464307990e-01	-1.536790094054682476e-01	1.132395619745861365e-01	-2.017685272737454183e-01	1.481405154490033904e-01	-1.468568603246561410e-01	1.672227145872024479e-01	-1.267064550136002832e-01	1.504390014256964669e-01	-1.419034516033181592e-01	1.743663575798022891e-01
1.033387004462969494e-01	-8.500338994644748847e-02	1.155712457824537298e-01	-9.779649978388209319e-02	1.436152150713852216e-01	-8.520142113512534088e-02	1.008351392903064497e-01	-1.252209938037007475e-01	1.144817777325000674e-01	-1.844059419265276500e-01	1.709820575109100016e-01	-1.648687440637147117e-01	1.227696789967702429e-01	-1.138469625699996407e-01	1.336896827383882158e-01	-1.782035101791964171e-01	1.640166594175812842e-01	-2.043248349452991275e-01	1.925388325213499841e-01	-1.156067228613040787e-01	2.545752352682026376e-01	-2.669060468463609892e-01	1.953112367077038947e-01	-1.753124418716361932e-01	1.755583131179844769e-01	-7.259722582906277255e-01	9.999999999999986677e-01	-4.202267049651188802e-01	1.855502182332588734e-01	-1.768189504695568404e-01	1.422163508226537143e-01	-1.250591899198731094e-01	2.190486769316320748e-01	-1.717062482960536318e-01	1.570888542486166550e-01	-1.843824660464554732e-01	1.313059226826301662e-01	-1.732634854390950330e-01	1.531591003041029020e-01	-2.015260836205240436e-01
-1.108632965517773461e-01	8.950404204611650538e-02	-1.260565019595404623e-01	1.060192718338130308e-01	-1.602239093150021332e-01	8.562019694827470440e-02	-1.040437919104092029e-01	1.279519978285838244e-01	-1.263871141169564394e-01	1.886891065273338663e-01	-1.647585839592598800e-01	1.531758540371014055e-01	-1.289188597012611570e-01	1.247639761107553619e-01	-1.608297790405171790e-01	1.472749020034159195e-01	-1.574118834192760052e-01	2.094238773355017735e-01	-2.373007496972667496e-01	1.383237151411297328e-01	-2.050970770260799603e-01	2.225510439388176109e-01	-3.002254459756091842e-01	2.239685674399555515e-01	-2.301691553293711279e-01	2.468676071942097205e-01	-4.202267049651188802e-01	1.000000000000000444e+00	-3.719245198758907023e-01	2.373374896885025453e-01	-1.502288170253155419e-01	1.287724640834063128e-01	-5.835908710736369409e-01	2.798093384021663188e-01	-2.287807854984791334e-01	1.820292764707256428e-01	-1.491806358810790489e-01	2.087764785322765437e-01	-2.165378571301165567e-01	2.318971367872534883e-01
9.283019383025246929e-02	-7.584644977116183906e-02	1.069433863949778990e-01	-9.168065790077370436e-02	1.365649424875338136e-01	-7.153874567788665040e-02	8.648092384321649784e-02	-1.117112106083154865e-01	1.110077250100772045e-01	-1.775035978384741087e-01	1.310760574206634443e-01	-1.288855077135370175e-01	1.101319145952940615e-01	-1.124706839587581858e-01	1.496011383342283618e-01	-1.183088627716353536e-01	1.268818029599963759e-01	-1.792437119285847091e-01	2.161879675725105476e-01	-1.404792344900319956e-01	1.515459528906599740e-01	-1.832686238942885792e-01	1.977065755726307994e-01	-3.072546941059772774e-01	2.419369959843918061e-01	-1.704950477599985192e-01	1.855502182332588734e-01	-3.719245198758907023e-01	1.000000000000000444e+00	-5.510761168423885525e-01	1.203490280447877953e-01	-1.033532720250085052e-01	2.874084939675090045e-01	-5.244810456646956665e-01	2.828622916829283684e-01	-1.684352817436226835e-01	1.274257202867969396e-01	-2.202004642978008242e-01	2.277741913578305022e-01	-2.821077916462974011e-01
-1.013465531189103042e-01	8.195333248813610472e-02	-1.173882038703433633e-01	9.991291883645557481e-02	-1.519173382160862174e-01	7.581093857194969032e-02	-9.252185966410171603e-02	1.179434585829712279e-01	-1.211817197144399449e-01	1.858095549708237704e-01	-1.359763691316123180e-01	1.303585993289892719e-01	-1.175311832254283262e-01	1.206724080946087602e-01	-1.817568868031307627e-01	1.175870169632807077e-01	-1.254959712875553524e-01	1.694946800026354283e-01	-2.335922529092952504e-01	1.643235301316742503e-01	-1.530190410762651554e-01	1.720030921024484627e-01	-1.837979139651468585e-01	2.325997628840033027e-01	-3.593729131422176426e-01	1.550493952464307990e-01	-1.768189504695568404e-01	2.373374896885025453e-01	-5.510761168423885525e-01	9.999999999999994449e-01	-1.197949777749429956e-01	9.710801475289827789e-02	-2.508271363034609847e-01	2.756934811726395318e-01	-5.579000395924529343e-01	1.597903031419528330e-01	-1.247643202968906073e-01	1.915255405224331464e-01	-2.217899512116758842e-01	2.928961841258640453e-01
6.767707839493977695e-02	-5.433819561414262450e-02	7.760842358068398283e-02	-6.505554877438032846e-02	1.017514074316309552e-01	-5.045920041785850046e-02	6.142793485193835668e-02	-7.555509656189773882e-02	7.417950914081991587e-02	-1.192598555185453296e-01	9.015748874093972021e-02	-8.552685778007310113e-02	7.406365899992953250e-02	-7.144987676444004843e-02	9.015952829279752501e-02	-8.006326214329369251e-02	7.998885453575298177e-02	-1.033366518602651801e-01	1.230573562215231953e-01	-7.512675684530358000e-02	1.081756392765218650e-01	-1.101635208542858374e-01	9.878111896181963891e-02	-1.021942515730628331e-01	1.150775667477172554e-01	-1.536790094054682476e-01	1.422163508226537143e-01	-1.502288170253155419e-01	1.203490280447877953e-01	-1.197949777749429956e-01	9.999999999999995559e-01	-6.799329606240046564e-01	1.599447240788588187e-01	-1.296254614378415937e-01	1.197669202899646207e-01	-5.727470007622422754e-01	3.238778627454114156e-01	-2.277498811375314736e-01	1.607861243822029662e-01	-1.627593926258692758e-01
-5.264158251401487160e-02	4.219029963296330038e-02	-6.033214687047450814e-02	5.048502533909642737e-02	-7.896109889761086797e-02	3.920916679044308961e-02	-4.781857205171455294e-02	5.854714597084541283e-02	-5.784858928863025745e-02	9.049400613555552697e-02	-7.055993806583182870e-02	6.641836425156052992e-02	-5.776891878565512672e-02	5.580831968362619244e-02	-7.126110036189473029e-02	6.224192047450901460e-02	-6.270676201374938974e-02	8.095356380955352760e-02	-9.791481778534320835e-02	5.938501525167041994e-02	-8.475838006947346293e-02	8.638142078900171161e-02	-7.977875688867729076e-02	8.213716613827225232e-02	-9.258697661758419351e-02	1.132395619745861365e-01	-1.250591899198731094e-01	1.287724640834063128e-01	-1.033532720250085052e-01	9.710801475289827789e-02	-6.799329606240046564e-01	9.999999999999988898e-01	-1.707931934658601936e-01	1.157409317236732654e-01	-9.985989091885573432e-02	3.092393053570276495e-01	-6.156162038855705898e-01	1.951647737649355174e-01	-1.499530536149528137e-01	1.259889404685402836e-01
9.165416623156433240e-02	-7.459204961667800782e-02	1.048074925577491406e-01	-8.896742302701599048e-02	1.339840927627454215e-01	-7.092867567227738312e-02	8.562715300684310693e-02	-1.081427930525137304e-01	1.052859008341114344e-01	-1.684364301296920052e-01	1.313736457846673977e-01	-1.279734093842214149e-01	1.065396920345648979e-01	-1.044933792874859768e-01	1.335725376898923566e-01	-1.202717738796414415e-01	1.257410824825470341e-01	-1.743894197453645378e-01	1.893648186944353051e-01	-1.179565588154370265e-01	1.569269366513057207e-01	-1.829303446895987340e-01	1.866834293735945283e-01	-1.903737417811538768e-01	1.888239858279916472e-01	-2.017685272737454183e-01	2.190486769316320748e-01	-5.835908710736369409e-01	2.874084939675090045e-01	-2.508271363034609847e-01	1.599447240788588187e-01	-1.707931934658601936e-01	9.999999999999997780e-01	-5.507118936263502018e-01	2.315941609901888409e-01	-2.061203187546156168e-01	1.688615814265191084e-01	-2.951703290441615724e-01	2.514932760814787005e-01	-2.702975787600683799e-01
-8.335951383933866421e-02	6.739378958633290839e-02	-9.586730098280213386e-02	8.119075942685008429e-02	-1.236069186866956965e-01	6.305476869065425316e-02	-7.671872878204223645e-02	9.652022216761922679e-02	-9.679534171704357037e-02	1.494720534843456405e-01	-1.149902893719343677e-01	1.099754523601207123e-01	-9.591367082514901110e-02	9.576586001050324537e-02	-1.282728762156517821e-01	1.012594420936885203e-01	-1.070163676106962031e-01	1.446381280936868408e-01	-1.824034927928918637e-01	1.127281731318329483e-01	-1.333431529027054030e-01	1.492609953199677542e-01	-1.590323660568838948e-01	1.830053888754913649e-01	-1.923789287123281178e-01	1.481405154490033904e-01	-1.717062482960536318e-01	2.798093384021663188e-01	-5.244810456646956665e-01	2.756934811726395318e-01	-1.296254614378415937e-01	1.157409317236732654e-01	-5.507118936263502018e-01	9.999999999999998890e-01	-3.521695837463031942e-01	1.658490513907895370e-01	-1.416194178624256561e-01	2.498795864606838946e-01	-3.962749660478879221e-01	2.669096292190179520e-01
9.012558299360270975e-02	-7.296756898720786755e-02	1.040582016773767410e-01	-8.840862065241861245e-02	1.351046428876997718e-01	-6.767939784594706465e-02	8.230410538261719033e-02	-1.045682308534502669e-01	1.046151023492399162e-01	-1.687559610024650658e-01	1.204305531275943197e-01	-1.168600647848931223e-01	1.027958711518990181e-01	-1.033438572458309640e-01	1.413560466416169670e-01	-1.056875182681059760e-01	1.109742995951365496e-01	-1.507973637363155262e-01	1.876165275731143667e-01	-1.280574918656952055e-01	1.359244131085780016e-01	-1.545565414087699263e-01	1.518556949535080913e-01	-1.819370742652413608e-01	2.142567037261118024e-01	-1.468568603246561410e-01	1.570888542486166550e-01	-2.287807854984791334e-01	2.828622916829283684e-01	-5.579000395924529343e-01	1.197669202899646207e-01	-9.985989091885573432e-02	2.315941609901888409e-01	-3.521695837463031942e-01	1.000000000000000000e+00	-1.696166772528676925e-01	1.284634887382316015e-01	-2.225551376712772145e-01	2.397162767167415887e-01	-6.195510715284242576e-01
-1.132863350091526111e-01	8.918011905953576735e-02	-1.304377733365839342e-01	1.074534262172858190e-01	-1.749406654403015959e-01	8.046413330863025348e-02	-9.960466610730385473e-02	1.177695188953325200e-01	-1.195562089068560457e-01	1.746848897731093364e-01	-1.384444950158130738e-01	1.267821807275294477e-01	-1.172250956048979803e-01	1.126519270822286950e-01	-1.452000992836799953e-01	1.146980248464804508e-01	-1.165356848874992968e-01	1.460132681860928372e-01	-1.966117668050958445e-01	1.160292661097837574e-01	-1.556047046864861561e-01	1.521327203096508318e-01	-1.418674983024067193e-01	1.484407661470251438e-01	-1.794480873148241451e-01	1.672227145872024479e-01	-1.843824660464554732e-01	1.820292764707256428e-01	-1.684352817436226835e-01	1.597903031419528330e-01	-5.727470007622422754e-01	3.092393053570276495e-01	-2.061203187546156168e-01	1.658490513907895370e-01	-1.696166772528676925e-01	1.000000000000000000e+00	-5.548591566538478848e-01	2.542520019588783153e-01	-2.408484538430401556e-01	2.010895459976971833e-01
6.793336684496684152e-02	-5.438031394011913489e-02	7.806999797199339064e-02	-6.532992370953151495e-02	1.027316333814037586e-01	-5.014841198690104390e-02	6.126796008996999304e-02	-7.514956577906896362e-02	7.453602488707508633e-02	-1.177402561927245322e-01	8.863621868222001932e-02	-8.391995398320956090e-02	7.392281592649688204e-02	-7.167970275971630167e-02	9.176851108085687381e-02	-7.723982791232095191e-02	7.836102228565326733e-02	-1.016937860189505716e-01	1.249715806006958113e-01	-7.624545304001324741e-02	1.027485475854315461e-01	-1.070698320895478728e-01	9.864296591201399123e-02	-1.036192380578582206e-01	1.181472241191368622e-01	-1.267064550136002832e-01	1.313059226826301662e-01	-1.491806358810790489e-01	1.274257202867969396e-01	-1.247643202968906073e-01	3.238778627454114156e-01	-6.156162038855705898e-01	1.688615814265191084e-01	-1.416194178624256561e-01	1.284634887382316015e-01	-5.548591566538478848e-01	1.000000000000000000e+00	-3.779047635788975179e-01	2.061113956299554517e-01	-1.729166224023407361e-01
-9.753530312485578224e-02	7.758915546175557121e-02	-1.122836566111352768e-01	9.352473293767185614e-02	-1.479977305325039794e-01	7.104569159482576612e-02	-8.738024442425003369e-02	1.060763444480814777e-01	-1.076470204755128335e-01	1.598195995980752349e-01	-1.255088913433358988e-01	1.166849120731875689e-01	-1.058214430488007562e-01	1.034064277079874139e-01	-1.377198028308835587e-01	1.061368169652232574e-01	-1.097819486598095307e-01	1.416800036321075318e-01	-1.880129653700415848e-01	1.132643648202021208e-01	-1.422156225646231120e-01	1.467937184264796746e-01	-1.443600343117150131e-01	1.546666561324475386e-01	-1.829136985360766965e-01	1.504390014256964669e-01	-1.732634854390950330e-01	2.087764785322765437e-01	-2.202004642978008242e-01	1.915255405224331464e-01	-2.277498811375314736e-01	1.951647737649355174e-01	-2.951703290441615724e-01	2.498795864606838946e-01	-2.225551376712772145e-01	2.542520019588783153e-01	-3.779047635788975179e-01	9.999999999999995559e-01	-6.915993387034874429e-01	2.568959584426755427e-01
8.459182655904910753e-02	-6.806787198665896488e-02	9.739503188019933699e-02	-8.205929757036688199e-02	1.271213948044631892e-01	-6.301859609937195128e-02	7.685124271440417487e-02	-9.579284180430576445e-02	9.559096687661466918e-02	-1.507165360599446169e-01	1.121056607757532492e-01	-1.073077753852363092e-01	9.446338577364793432e-02	-9.320690348490488775e-02	1.228599432213860337e-01	-9.776012551139467988e-02	1.015542311525365199e-01	-1.355129234076843381e-01	1.677012645636090649e-01	-1.052233188167234490e-01	1.276454797471012204e-01	-1.402285818203568568e-01	1.359263195788992518e-01	-1.523150032331914150e-01	1.687383860388614043e-01	-1.419034516033181592e-01	1.531591003041029020e-01	-2.165378571301165567e-01	2.277741913578305022e-01	-2.217899512116758842e-01	1.607861243822029662e-01	-1.499530536149528137e-01	2.514932760814787005e-01	-3.962749660478879221e-01	2.397162767167415887e-01	-2.408484538430401556e-01	2.061113956299554517e-01	-6.915993387034874429e-01	9.999999999999997780e-01	-4.014686514088607883e-01
