1.000000000000000000e+00	-8.959461466974575350e-01	2.140832234915837629e-01	-2.300144980792644955e-01	1.103571778614034771e-01	-2.375241201268906144e-01	1.437426708060020875e-01	-1.204406585596540374e-01	1.083288185488153338e-01	-7.603559726124160811e-02	1.568070120351495178e-01	-1.169139932078639005e-01	9.058447873686199803e-02	-8.725374144998201964e-02	9.421530208808154283e-02	-8.215819098339588455e-02	8.387198002235853045e-02	-1.021154539740969230e-01	8.486221268860874578e-02	-5.194142440554136431e-02	4.422668891199678376e-02	-4.991421473340275361e-02	6.532940062785189128e-02	-6.735157558211886386e-02	4.711405887291209016e-02	-4.589208783416693499e-02	5.245303403898932126e-02	-7.195445039600864567e-02	6.132833325213472853e-02	-5.535437620458908553e-02	4.205585554278376548e-02	-5.264485262927288967e-02	4.957320811889198015e-02	-7.342240238536178187e-02	4.093038424519667567e-02	-4.363249997711917544e-02	4.204926381364749305e-02	-5.050611851236302963e-02	4.928569646467725190e-02	-7.018239716815596885e-02
-8.959461466974575350e-01	9.999999999999998890e-01	-2.937239073555043545e-01	2.009090150019417209e-01	-1.076829884747773497e-01	1.769326580167076002e-01	-1.461694635701206446e-01	1.149530033306379040e-01	-1.068652041726981666e-01	7.328429927116741904e-02	-1.590391329579728119e-01	1.082375171680649978e-01	-8.688293502390961875e-02	8.226927080128965120e-02	-9.150317010408028084e-02	7.726590498061632062e-02	-8.249009054175157618e-02	9.416679335978693499e-02	-8.088351610721943030e-02	4.851128780525152534e-02	-4.175766260972553490e-02	4.689583753866838345e-02	-6.090459494444779714e-02	6.239997078114430107e-02	-4.424742878990017142e-02	4.275800885858731942e-02	-4.950487312538321555e-02	6.597884310101896632e-02	-5.666059874818153708e-02	5.027718696653879493e-02	-3.893100633259753696e-02	4.830357755277493725e-02	-4.562718052423006543e-02	6.684708621532929607e-02	-3.732243400505123876e-02	4.007745187138441606e-02	-3.867228286267436477e-02	4.616881846083298324e-02	-4.504729628148690379e-02	6.362538214742692599e-02
2.140832234915837629e-01	-2.937239073555043545e-01	9.999999999999995559e-01	-8.203064980827221575e-01	2.044176099152967552e-01	-1.689430054711992535e-01	1.758104584328629150e-01	-2.288896508601836743e-01	1.958638403464585398e-01	-1.392794310523453594e-01	1.596611607217475748e-01	-1.770530421824107470e-01	1.474664333754008294e-01	-1.510009077202972005e-01	1.675665713937567192e-01	-1.056086844240322065e-01	1.112260692040476784e-01	-1.753599050910312762e-01	1.451290518564899157e-01	-9.278812633990386749e-02	6.968671255092934169e-02	-7.943373758443363075e-02	1.127425905883174678e-01	-1.183802981648191532e-01	8.347331932082963091e-02	-7.463391156458477893e-02	8.463600793694438240e-02	-1.278430175819676717e-01	1.088731669585428358e-01	-1.023221869513384341e-01	7.287141285684670122e-02	-9.314421543689241356e-02	8.777031026100495792e-02	-1.343521964395947288e-01	7.502246622948674504e-02	-7.673062625652198043e-02	7.454839335270520284e-02	-9.078736349122373817e-02	8.950081938709242291e-02	-1.297689061293366697e-01
-2.300144980792644955e-01	2.009090150019417209e-01	-8.203064980827221575e-01	9.999999999999996669e-01	-2.757266187039053018e-01	1.632450032732142009e-01	-1.870038321650270563e-01	2.005883779364588948e-01	-2.466123100894306031e-01	1.646234897223351201e-01	-1.765488632505523292e-01	1.720483309861165766e-01	-1.533546098295227866e-01	1.578674996813480835e-01	-2.045706675519859408e-01	1.072878764103812887e-01	-1.183202186976656245e-01	1.704785119324672971e-01	-1.576662576588961084e-01	9.640988573123077110e-02	-7.031146612965159803e-02	7.936568931985694964e-02	-1.134142542678584081e-01	1.177991490026804311e-01	-8.831674858508903325e-02	7.358738171613223022e-02	-8.541581984412836837e-02	1.226509438851839245e-01	-1.071451918852229512e-01	9.594394810719719668e-02	-7.131971811013029794e-02	8.921783724976367624e-02	-8.496278087430077230e-02	1.266653101965753703e-01	-7.115914536409978508e-02	7.365410302352876082e-02	-7.197318248344876379e-02	8.629882535151336964e-02	-8.525693911321496898e-02	1.207584422381931255e-01
1.103571778614034771e-01	-1.076829884747773497e-01	2.044176099152967552e-01	-2.757266187039053018e-01	9.999999999999997780e-01	-1.826771156253656492e-01	1.997483995187778749e-01	-2.434775879868601445e-01	2.890969608847168693e-01	-5.245762094919110829e-01	1.885471168362718164e-01	-2.602003865864193632e-01	2.140558656783118074e-01	-2.590724535444179910e-01	3.177206085220498633e-01	-1.510238002431879001e-01	1.586456456333205645e-01	-3.082321306133774530e-01	2.386509855734008090e-01	-1.931033689907866169e-01	1.215710409580904316e-01	-1.407913702071057205e-01	2.073041788261757723e-01	-2.278153106376147041e-01	1.616397664336686468e-01	-1.358178178892908983e-01	1.507391503508257735e-01	-2.578733802344416737e-01	2.145362715715357360e-01	-2.232918130682101931e-01	1.413750612065339807e-01	-1.882393514667597689e-01	1.755101256943513710e-01	-2.870585636169888377e-01	1.600618629000072624e-01	-1.535836079968401768e-01	1.497782011278899761e-01	-1.876763697358894423e-01	1.870734829958107526e-01	-2.829092673742910624e-01
-2.375241201268906144e-01	1.769326580167076002e-01	-1.689430054711992535e-01	1.632450032732142009e-01	-1.826771156253656492e-01	1.000000000000000000e+00	-5.134389958952803035e-01	2.407212788116935565e-01	-2.076719178511967356e-01	1.325243866466413178e-01	-6.641451005472119862e-01	2.380596302596476865e-01	-1.825028982818080459e-01	1.565684035033329813e-01	-1.649291057583579800e-01	1.991071274561584947e-01	-2.073446320956216782e-01	1.754084671960117470e-01	-1.520239456343183970e-01	8.573047151633260421e-02	-8.588183092884428549e-02	9.526669644522864355e-02	-1.121460785293679902e-01	1.121864618778161682e-01	-7.869075433047409418e-02	8.403286598985446054e-02	-9.868914756045456260e-02	1.162824080354837308e-01	-9.992267260619994151e-02	8.394121700857810897e-02	-7.060078609794598337e-02	8.540827646352103231e-02	-8.062018971073110774e-02	1.131529298562658215e-01	-6.299835775354081790e-02	7.129984677040056285e-02	-6.810789318250942692e-02	7.988010678198144421e-02	-7.687821179749804168e-02	1.059885238759450954e-01
1.437426708060020875e-01	-1.461694635701206446e-01	1.758104584328629150e-01	-1.870038321650270563e-01	1.997483995187778749e-01	-5.134389958952803035e-01	1.000000000000000666e+00	-5.900439921764930595e-01	2.584024855247066266e-01	-1.695607166525196219e-01	2.751242537584693837e-01	-3.800416302437298333e-01	2.443865744624939551e-01	-2.081878472775816058e-01	1.892761708570539214e-01	-1.620835501502572717e-01	1.609726877556765801e-01	-2.195975061140886531e-01	1.797735333491659315e-01	-1.022943027573562508e-01	8.270676559499025304e-02	-9.445071796428433641e-02	1.298765250324324938e-01	-1.332977827759338207e-01	9.192703239461176568e-02	-8.566496408339720203e-02	9.802819418419686515e-02	-1.351058600211220428e-01	1.155680199817996079e-01	-1.000259057883494951e-01	7.718701658710219737e-02	-9.674778216928206498e-02	9.168843565609216539e-02	-1.339623200839111239e-01	7.441431746610256692e-02	-7.971693423754012964e-02	7.697427498966805115e-02	-9.209698115642472871e-02	8.950168872224477379e-02	-1.256184197917484258e-01
-1.204406585596540374e-01	1.149530033306379040e-01	-2.288896508601836743e-01	2.005883779364588948e-01	-2.434775879868601445e-01	2.407212788116935565e-01	-5.900439921764930595e-01	1.000000000000000000e+00	-5.245836996944697184e-01	2.158176636330279563e-01	-2.374199300227134435e-01	2.762101973145752454e-01	-3.424543444539083770e-01	2.329011150767600347e-01	-2.376456957171109718e-01	1.343388490814172165e-01	-1.468890074809148794e-01	2.174064045884223084e-01	-2.021366280053316922e-01	1.084126099943901883e-01	-7.856984803166824904e-02	8.975722367297429838e-02	-1.325590464958809611e-01	1.353802522498654126e-01	-9.808161849722389636e-02	8.107597205571584476e-02	-9.483688108656346261e-02	1.330887961984546231e-01	-1.162100122295392501e-01	9.912070353450640192e-02	-7.544191535749389388e-02	9.454502861775895828e-02	-9.047440536735582017e-02	1.324996591261085599e-01	-7.394703907143113097e-02	7.753144855155549853e-02	-7.565199358958694942e-02	9.033485051692735635e-02	-8.851522874964501408e-02	1.235857491427787003e-01
1.083288185488153338e-01	-1.068652041726981666e-01	1.958638403464585398e-01	-2.466123100894306031e-01	2.890969608847168693e-01	-2.076719178511967356e-01	2.584024855247066266e-01	-5.245836996944697184e-01	1.000000000000000666e+00	-4.928870873740768266e-01	1.916463718930243865e-01	-2.788397615221394066e-01	2.494803547810724442e-01	-3.530722122158234111e-01	2.967435802015301327e-01	-1.366496133984418382e-01	1.433456436114214361e-01	-2.689604951674369193e-01	2.338252585432158970e-01	-1.437280009864049524e-01	9.041185925780309551e-02	-1.046745873601029886e-01	1.606785407862895143e-01	-1.731976457568192573e-01	1.235692323884674398e-01	-9.681330108781037447e-02	1.106325646401924850e-01	-1.716686298702350955e-01	1.471398980322504157e-01	-1.330976986931429462e-01	9.407362531684038132e-02	-1.213025879604599094e-01	1.152699107042475524e-01	-1.760337132513874470e-01	9.793836944395123423e-02	-9.881888999985662114e-02	9.657474272699402562e-02	-1.175520648122112544e-01	1.157478939725459649e-01	-1.657405303404016761e-01
-7.603559726124160811e-02	7.328429927116741904e-02	-1.392794310523453594e-01	1.646234897223351201e-01	-5.245762094919110829e-01	1.325243866466413178e-01	-1.695607166525196219e-01	2.158176636330279563e-01	-4.928870873740768266e-01	1.000000000000000222e+00	-1.373433546937015692e-01	1.858260971632519631e-01	-1.724656902105061729e-01	2.242908847040138154e-01	-5.993638564274169633e-01	9.938153888043511908e-02	-1.065780122511216371e-01	1.996163502894841568e-01	-1.849142809047433500e-01	1.410823623221212075e-01	-7.235979274001801131e-02	8.374028069801525698e-02	-1.307641388721801357e-01	1.429971081507604158e-01	-1.207612294683363952e-01	7.825099060119364291e-02	-8.939847168580536407e-02	1.433853910057300007e-01	-1.239894106570004900e-01	1.163412842246853013e-01	-7.841566352475265456e-02	1.019841447129108403e-01	-9.685538159505087397e-02	1.514888136709657829e-01	-8.508970458030655493e-02	8.294620288622461812e-02	-8.143193928320616171e-02	9.981991033306678029e-02	-9.921764867555429857e-02	1.438864184857647777e-01
1.568070120351495178e-01	-1.590391329579728119e-01	1.596611607217475748e-01	-1.765488632505523292e-01	1.885471168362718164e-01	-6.641451005472119862e-01	2.751242537584693837e-01	-2.374199300227134435e-01	1.916463718930243865e-01	-1.373433546937015692e-01	1.000000000000000222e+00	-3.300971331426593158e-01	2.009903373833820395e-01	-1.812104235031025135e-01	1.717359997315545950e-01	-3.921780330672804404e-01	2.519048306719934294e-01	-2.228109491294838485e-01	1.711853144537265059e-01	-1.009447716849492388e-01	1.107690376205557187e-01	-1.232142952155846904e-01	1.363283185879454462e-01	-1.373453163601418003e-01	9.173903307951954134e-02	-1.113130848857107891e-01	1.218841158371697098e-01	-1.463684892640525759e-01	1.223912506016017337e-01	-1.048365575601784561e-01	8.842871390045868585e-02	-1.079360445983698069e-01	1.004836937029988525e-01	-1.415739650950946782e-01	7.830128921115621365e-02	-9.061358373859014492e-02	8.513358308111308725e-02	-1.005984187557053822e-01	9.570669878578788592e-02	-1.332306844205684848e-01
-1.169139932078639005e-01	1.082375171680649978e-01	-1.770530421824107470e-01	1.720483309861165766e-01	-2.602003865864193632e-01	2.380596302596476865e-01	-3.800416302437298333e-01	2.762101973145752454e-01	-2.788397615221394066e-01	1.858260971632519631e-01	-3.300971331426593158e-01	9.999999999999995559e-01	-6.289802748117090392e-01	2.737129877524218102e-01	-2.554669933661450898e-01	1.967437790403719355e-01	-2.607736424313910062e-01	2.685413787573171507e-01	-2.710794730867843727e-01	1.239477172122322307e-01	-1.042455239736962691e-01	1.195023018093156197e-01	-1.683939223783575134e-01	1.623340566587910538e-01	-1.164031567790363431e-01	1.031110927676419653e-01	-1.250827478360230505e-01	1.557114606508637478e-01	-1.391237058154672357e-01	1.094953647466259533e-01	-9.124055757690073543e-02	1.107385287434758947e-01	-1.070889381768776044e-01	1.487703925860195397e-01	-8.317746266186788751e-02	9.123507055696207513e-02	-8.903668245987246543e-02	1.037956053151077307e-01	-1.010847383710255787e-01	1.363022571215730117e-01
9.058447873686199803e-02	-8.688293502390961875e-02	1.474664333754008294e-01	-1.533546098295227866e-01	2.140558656783118074e-01	-1.825028982818080459e-01	2.443865744624939551e-01	-3.424543444539083770e-01	2.494803547810724442e-01	-1.724656902105061729e-01	2.009903373833820395e-01	-6.289802748117090392e-01	1.000000000000002887e+00	-4.704465735107929425e-01	2.247530046962911698e-01	-1.446086883988679239e-01	1.635391766689405779e-01	-3.829361230653256509e-01	2.734947419742417840e-01	-1.203913075104841857e-01	8.609033493726134245e-02	-1.010573070955880781e-01	1.697372033470718189e-01	-1.668067178158756103e-01	1.097921375384886683e-01	-8.839753939677172379e-02	1.052707317971965373e-01	-1.505228381194884113e-01	1.318630097486805930e-01	-1.035740965106910910e-01	8.144501145463647895e-02	-1.022421113336432763e-01	9.942663776912052942e-02	-1.414786409859107863e-01	7.828669707675701972e-02	-8.278555476313463612e-02	8.145720614849111252e-02	-9.647789129653808193e-02	9.403803934670110221e-02	-1.277918345069254946e-01
-8.725374144998201964e-02	8.226927080128965120e-02	-1.510009077202972005e-01	1.578674996813480835e-01	-2.590724535444179910e-01	1.565684035033329813e-01	-2.081878472775816058e-01	2.329011150767600347e-01	-3.530722122158234111e-01	2.242908847040138154e-01	-1.812104235031025135e-01	2.737129877524218102e-01	-4.704465735107929425e-01	9.999999999999981126e-01	-3.732913929747419535e-01	1.258977469718483844e-01	-1.441598495941236457e-01	2.934133140594756273e-01	-5.966589202493582933e-01	1.503324140843410317e-01	-8.717184003770980794e-02	1.015836923618076149e-01	-1.822357631649209886e-01	1.952472864029630717e-01	-1.373664070824701655e-01	9.034426630569804273e-02	-1.084468964438104199e-01	1.621815174994619968e-01	-1.491931435857828114e-01	1.153477501322264925e-01	-8.692299157716358582e-02	1.098276913090774493e-01	-1.077089991486740311e-01	1.567843803494688992e-01	-8.728727990473149345e-02	8.850380001388863382e-02	-8.804837869721397758e-02	1.046174131656127659e-01	-1.033685587710989756e-01	1.404131462787548412e-01
9.421530208808154283e-02	-9.150317010408028084e-02	1.675665713937567192e-01	-2.045706675519859408e-01	3.177206085220498633e-01	-1.649291057583579800e-01	1.892761708570539214e-01	-2.376456957171109718e-01	2.967435802015301327e-01	-5.993638564274169633e-01	1.717359997315545950e-01	-2.554669933661450898e-01	2.247530046962911698e-01	-3.732913929747419535e-01	1.000000000000000444e+00	-1.333460397502573558e-01	1.422339710470027774e-01	-2.896594973889017877e-01	2.535547871447121904e-01	-2.614775387258010397e-01	1.016401325226708729e-01	-1.185464786124311443e-01	1.893225716022447491e-01	-2.157823016806215133e-01	1.870804608927626456e-01	-1.109384664825701639e-01	1.263470196017499603e-01	-2.093385505313035688e-01	1.804965292888646433e-01	-1.720323179317095608e-01	1.122975016073096133e-01	-1.475110037296944454e-01	1.401072333882305843e-01	-2.227671170353489605e-01	1.250897209748544625e-01	-1.193132842491976819e-01	1.174309637432255082e-01	-1.446281539498864288e-01	1.441244542365810455e-01	-2.096249515729638468e-01
-8.215819098339588455e-02	7.726590498061632062e-02	-1.056086844240322065e-01	1.072878764103812887e-01	-1.510238002431879001e-01	1.991071274561584947e-01	-1.620835501502572717e-01	1.343388490814172165e-01	-1.366496133984418382e-01	9.938153888043511908e-02	-3.921780330672804404e-01	1.967437790403719355e-01	-1.446086883988679239e-01	1.258977469718483844e-01	-1.333460397502573558e-01	9.999999999999977796e-01	-8.060173507064535281e-01	1.714133499638195446e-01	-1.371562983301870264e-01	7.754750914752449320e-02	-1.866928121946499208e-01	1.796313152399783286e-01	-1.225351933920022229e-01	1.115431048975009665e-01	-7.323472364401581447e-02	1.446386858975372280e-01	-1.717943617616668472e-01	1.233323414491404313e-01	-1.028381560772375219e-01	7.723953865347081560e-02	-8.990007617488340874e-02	9.763025897557042754e-02	-8.946531678219744876e-02	1.079813674546148822e-01	-5.958097556986632209e-02	8.521097704914637472e-02	-7.670825844718516529e-02	8.446599545888947014e-02	-7.673963884972113958e-02	9.966249533736051824e-02
8.387198002235853045e-02	-8.249009054175157618e-02	1.112260692040476784e-01	-1.183202186976656245e-01	1.586456456333205645e-01	-2.073446320956216782e-01	1.609726877556765801e-01	-1.468890074809148794e-01	1.433456436114214361e-01	-1.065780122511216371e-01	2.519048306719934294e-01	-2.607736424313910062e-01	1.635391766689405779e-01	-1.441598495941236457e-01	1.422339710470027774e-01	-8.060173507064535281e-01	9.999999999999968914e-01	-2.219432455469523002e-01	1.522923097348778398e-01	-8.796579450460870198e-02	1.707892045669848202e-01	-2.475457739847410077e-01	1.404861739148353661e-01	-1.300906759656570433e-01	8.209792680176396240e-02	-1.604275284759684728e-01	1.808520507427694435e-01	-1.443227870870137375e-01	1.166074932361933214e-01	-8.957057668521056781e-02	9.825484535995678004e-02	-1.120128995418757795e-01	1.012155071719663402e-01	-1.252733077549479934e-01	6.860475903804275077e-02	-9.660801911813007847e-02	8.623336154010682875e-02	-9.692271384618850183e-02	8.753498994573927217e-02	-1.154525003576627462e-01
-1.021154539740969230e-01	9.416679335978693499e-02	-1.753599050910312762e-01	1.704785119324672971e-01	-3.082321306133774530e-01	1.754084671960117470e-01	-2.195975061140886531e-01	2.174064045884223084e-01	-2.689604951674369193e-01	1.996163502894841568e-01	-2.228109491294838485e-01	2.685413787573171507e-01	-3.829361230653256509e-01	2.934133140594756273e-01	-2.896594973889017877e-01	1.714133499638195446e-01	-2.219432455469523002e-01	9.999999999999993339e-01	-5.017753253886966247e-01	1.746454258217067235e-01	-1.301534608764335077e-01	1.552186624735505949e-01	-4.458509240899127812e-01	2.777884835059815094e-01	-1.762948818941762752e-01	1.281733590468685791e-01	-1.668548557166429636e-01	2.336806466343162858e-01	-2.182531061018673224e-01	1.393912316364307180e-01	-1.210802099187733433e-01	1.482397744104105575e-01	-1.538820107208369870e-01	1.976777647235654634e-01	-1.097742007409832771e-01	1.177766335149034865e-01	-1.199945131692219946e-01	1.372585927155100249e-01	-1.346721701154462991e-01	1.699058201936571866e-01
8.486221268860874578e-02	-8.088351610721943030e-02	1.451290518564899157e-01	-1.576662576588961084e-01	2.386509855734008090e-01	-1.520239456343183970e-01	1.797735333491659315e-01	-2.021366280053316922e-01	2.338252585432158970e-01	-1.849142809047433500e-01	1.711853144537265059e-01	-2.710794730867843727e-01	2.734947419742417840e-01	-5.966589202493582933e-01	2.535547871447121904e-01	-1.371562983301870264e-01	1.522923097348778398e-01	-5.017753253886966247e-01	9.999999999999988898e-01	-2.060978129535880610e-01	1.038871226629187600e-01	-1.251182256993621511e-01	2.512771200028569019e-01	-3.422823903790264133e-01	1.742897807097373575e-01	-1.095267985170056829e-01	1.315005760792563594e-01	-2.167580828792357306e-01	1.961413010842762150e-01	-1.440159982969100305e-01	1.061660957940941258e-01	-1.377657242195415854e-01	1.361587479236763265e-01	-2.019661449298905398e-01	1.091870414763801700e-01	-1.085847863757925247e-01	1.088552886233987438e-01	-1.303247428311465894e-01	1.279925317438163068e-01	-1.714884489718186689e-01
-5.194142440554136431e-02	4.851128780525152534e-02	-9.278812633990386749e-02	9.640988573123077110e-02	-1.931033689907866169e-01	8.573047151633260421e-02	-1.022943027573562508e-01	1.084126099943901883e-01	-1.437280009864049524e-01	1.410823623221212075e-01	-1.009447716849492388e-01	1.239477172122322307e-01	-1.203913075104841857e-01	1.503324140843410317e-01	-2.614775387258010397e-01	7.754750914752449320e-02	-8.796579450460870198e-02	1.746454258217067235e-01	-2.060978129535880610e-01	1.000000000000002220e+00	-7.005548957292373480e-02	8.292442920548441510e-02	-1.932104837652930951e-01	2.282458302261458905e-01	-8.621427375401644611e-01	7.231499315554457130e-02	-9.099543037323143402e-02	1.464225891529435664e-01	-1.597447818536166242e-01	1.237457153524813558e-01	-7.410313425923586994e-02	9.332146618508337099e-02	-9.669216320037132828e-02	1.424805423743395749e-01	-9.849875133102641012e-02	7.334826153652410086e-02	-7.657905853763018189e-02	8.922183854874463083e-02	-9.358089794270438300e-02	1.176900278631990981e-01
4.422668891199678376e-02	-4.175766260972553490e-02	6.968671255092934169e-02	-7.031146612965159803e-02	1.215710409580904316e-01	-8.588183092884428549e-02	8.270676559499025304e-02	-7.856984803166824904e-02	9.041185925780309551e-02	-7.235979274001801131e-02	1.107690376205557187e-01	-1.042455239736962691e-01	8.609033493726134245e-02	-8.717184003770980794e-02	1.016401325226708729e-01	-1.866928121946499208e-01	1.707892045669848202e-01	-1.301534608764335077e-01	1.038871226629187600e-01	-7.005548957292373480e-02	9.999999999999983347e-01	-4.844102201419385745e-01	1.340063722732093010e-01	-1.160037573402937366e-01	6.743401308802909888e-02	-7.508480280252690653e-01	3.004919073795903617e-01	-1.515370726734637241e-01	1.140502587458974842e-01	-7.715852133301906446e-02	1.837812728953485131e-01	-1.523864036585557136e-01	1.218176250077152301e-01	-1.147161083348549465e-01	6.204612144393310824e-02	-1.716290200376171526e-01	1.159141059242248389e-01	-1.174090963136868865e-01	9.034603012683545264e-02	-1.083686515149651919e-01
-4.991421473340275361e-02	4.689583753866838345e-02	-7.943373758443363075e-02	7.936568931985694964e-02	-1.407913702071057205e-01	9.526669644522864355e-02	-9.445071796428433641e-02	8.975722367297429838e-02	-1.046745873601029886e-01	8.374028069801525698e-02	-1.232142952155846904e-01	1.195023018093156197e-01	-1.010573070955880781e-01	1.015836923618076149e-01	-1.185464786124311443e-01	1.796313152399783286e-01	-2.475457739847410077e-01	1.552186624735505949e-01	-1.251182256993621511e-01	8.292442920548441510e-02	-4.844102201419385745e-01	1.000000000000004219e+00	-2.113727440607632846e-01	1.467726120235272325e-01	-8.165987989393314050e-02	2.953484297214946652e-01	-7.181784234586141569e-01	1.852157671549371498e-01	-1.403421228936053977e-01	8.390193393837580560e-02	-1.480291316267845769e-01	1.579255998443160891e-01	-1.391055044874168756e-01	1.266059018377250767e-01	-6.815694678864644973e-02	1.296408651937824841e-01	-1.154354468036424414e-01	1.157531286601954645e-01	-9.572955168845236062e-02	1.121163131615987574e-01
6.532940062785189128e-02	-6.090459494444779714e-02	1.127425905883174678e-01	-1.134142542678584081e-01	2.073041788261757723e-01	-1.121460785293679902e-01	1.298765250324324938e-01	-1.325590464958809611e-01	1.606785407862895143e-01	-1.307641388721801357e-01	1.363283185879454462e-01	-1.683939223783575134e-01	1.697372033470718189e-01	-1.822357631649209886e-01	1.893225716022447491e-01	-1.225351933920022229e-01	1.404861739148353661e-01	-4.458509240899127812e-01	2.512771200028569019e-01	-1.932104837652930951e-01	1.340063722732093010e-01	-2.113727440607632846e-01	1.000000000000001110e+00	-6.339738445788598575e-01	1.868970026631398551e-01	-1.358208189999681459e-01	1.849632821839119201e-01	-4.129749398130972970e-01	2.671435890304699190e-01	-1.377297009946641115e-01	1.226049285923786897e-01	-1.681516140265613135e-01	1.797297269618386151e-01	-2.169321488543365095e-01	1.107014113894635859e-01	-1.205914196880698841e-01	1.252910904232313050e-01	-1.476906362978473441e-01	1.355916558050555276e-01	-1.627594154243318658e-01
-6.735157558211886386e-02	6.239997078114430107e-02	-1.183802981648191532e-01	1.177991490026804311e-01	-2.278153106376147041e-01	1.121864618778161682e-01	-1.332977827759338207e-01	1.353802522498654126e-01	-1.731976457568192573e-01	1.429971081507604158e-01	-1.373453163601418003e-01	1.623340566587910538e-01	-1.668067178158756103e-01	1.952472864029630717e-01	-2.157823016806215133e-01	1.115431048975009665e-01	-1.300906759656570433e-01	2.777884835059815094e-01	-3.422823903790264133e-01	2.282458302261458905e-01	-1.160037573402937366e-01	1.467726120235272325e-01	-6.339738445788598575e-01	1.000000000000001998e+00	-3.232729002954343178e-01	1.151363582202823144e-01	-1.582371813003005390e-01	2.733115728838723113e-01	-4.051440434427119874e-01	1.423525697885845431e-01	-1.138238907187007626e-01	1.461046490448454638e-01	-1.619748697360129663e-01	2.246708453585347376e-01	-1.187429136107388677e-01	1.097298594322416998e-01	-1.171406191360512827e-01	1.346605553210643014e-01	-1.374256745507305144e-01	1.594289840018597304e-01
4.711405887291209016e-02	-4.424742878990017142e-02	8.347331932082963091e-02	-8.831674858508903325e-02	1.616397664336686468e-01	-7.869075433047409418e-02	9.192703239461176568e-02	-9.808161849722389636e-02	1.235692323884674398e-01	-1.207612294683363952e-01	9.173903307951954134e-02	-1.164031567790363431e-01	1.097921375384886683e-01	-1.373664070824701655e-01	1.870804608927626456e-01	-7.323472364401581447e-02	8.209792680176396240e-02	-1.762948818941762752e-01	1.742897807097373575e-01	-8.621427375401644611e-01	6.743401308802909888e-02	-8.165987989393314050e-02	1.868970026631398551e-01	-3.232729002954343178e-01	9.999999999999933387e-01	-7.082950765073189880e-02	8.786762661533775720e-02	-1.524339113040785454e-01	1.586243923631865393e-01	-1.431652392354155479e-01	7.245302747689250089e-02	-9.386820562525959033e-02	9.623237788140287519e-02	-1.514133969023966353e-01	1.034206885166845530e-01	-7.273732706046924512e-02	7.579546041744963936e-02	-8.983510904407901454e-02	9.398599634409758596e-02	-1.206781701762998649e-01
-4.589208783416693499e-02	4.275800885858731942e-02	-7.463391156458477893e-02	7.358738171613223022e-02	-1.358178178892908983e-01	8.403286598985446054e-02	-8.566496408339720203e-02	8.107597205571584476e-02	-9.681330108781037447e-02	7.825099060119364291e-02	-1.113130848857107891e-01	1.031110927676419653e-01	-8.839753939677172379e-02	9.034426630569804273e-02	-1.109384664825701639e-01	1.446386858975372280e-01	-1.604275284759684728e-01	1.281733590468685791e-01	-1.095267985170056829e-01	7.231499315554457130e-02	-7.508480280252690653e-01	2.953484297214946652e-01	-1.358208189999681459e-01	1.151363582202823144e-01	-7.082950765073189880e-02	1.000000000000000444e+00	-4.329104621036557465e-01	1.582218685103382594e-01	-1.241547804582827652e-01	7.991408344664048535e-02	-2.899514752157707487e-01	1.681998247197777629e-01	-1.389431247706728878e-01	1.195726031590086530e-01	-6.532509766385292960e-02	1.870065816348832344e-01	-1.345770179711150150e-01	1.263918206845220937e-01	-9.831196459976346280e-02	1.130185911846378205e-01
5.245303403898932126e-02	-4.950487312538321555e-02	8.463600793694438240e-02	-8.541581984412836837e-02	1.507391503508257735e-01	-9.868914756045456260e-02	9.802819418419686515e-02	-9.483688108656346261e-02	1.106325646401924850e-01	-8.939847168580536407e-02	1.218841158371697098e-01	-1.250827478360230505e-01	1.052707317971965373e-01	-1.084468964438104199e-01	1.263470196017499603e-01	-1.717943617616668472e-01	1.808520507427694435e-01	-1.668548557166429636e-01	1.315005760792563594e-01	-9.099543037323143402e-02	3.004919073795903617e-01	-7.181784234586141569e-01	1.849632821839119201e-01	-1.582371813003005390e-01	8.786762661533775720e-02	-4.329104621036557465e-01	1.000000000000000222e+00	-2.594264411628919853e-01	1.599666345074417240e-01	-9.935403526501025706e-02	1.785773424738981430e-01	-2.332268555494391160e-01	1.734990656387347951e-01	-1.521942902170885514e-01	8.035386966577416634e-02	-1.688070037071641161e-01	1.430918968954420223e-01	-1.468875713977046138e-01	1.145403390195944004e-01	-1.354536599934386132e-01
-7.195445039600864567e-02	6.597884310101896632e-02	-1.278430175819676717e-01	1.226509438851839245e-01	-2.578733802344416737e-01	1.162824080354837308e-01	-1.351058600211220428e-01	1.330887961984546231e-01	-1.716686298702350955e-01	1.433853910057300007e-01	-1.463684892640525759e-01	1.557114606508637478e-01	-1.505228381194884113e-01	1.621815174994619968e-01	-2.093385505313035688e-01	1.233323414491404313e-01	-1.443227870870137375e-01	2.336806466343162858e-01	-2.167580828792357306e-01	1.464225891529435664e-01	-1.515370726734637241e-01	1.852157671549371498e-01	-4.129749398130972970e-01	2.733115728838723113e-01	-1.524339113040785454e-01	1.582218685103382594e-01	-2.594264411628919853e-01	9.999999999999994449e-01	-5.173561438773767174e-01	1.577706918338218356e-01	-1.801884159467528890e-01	2.511548869707015408e-01	-4.446028068139656342e-01	2.716784204863875174e-01	-1.390106095457242785e-01	1.633037512979612083e-01	-1.944622082168793731e-01	2.153267915595190873e-01	-1.940832393920230714e-01	1.991331864209898439e-01
6.132833325213472853e-02	-5.666059874818153708e-02	1.088731669585428358e-01	-1.071451918852229512e-01	2.145362715715357360e-01	-9.992267260619994151e-02	1.155680199817996079e-01	-1.162100122295392501e-01	1.471398980322504157e-01	-1.239894106570004900e-01	1.223912506016017337e-01	-1.391237058154672357e-01	1.318630097486805930e-01	-1.491931435857828114e-01	1.804965292888646433e-01	-1.028381560772375219e-01	1.166074932361933214e-01	-2.182531061018673224e-01	1.961413010842762150e-01	-1.597447818536166242e-01	1.140502587458974842e-01	-1.403421228936053977e-01	2.671435890304699190e-01	-4.051440434427119874e-01	1.586243923631865393e-01	-1.241547804582827652e-01	1.599666345074417240e-01	-5.173561438773767174e-01	1.000000000000001110e+00	-2.239136023054030256e-01	1.385668087793441028e-01	-1.998882720958952974e-01	2.241828527042069308e-01	-5.656825044775292133e-01	1.882132552594237562e-01	-1.375900931512240022e-01	1.537188480446881889e-01	-1.891021986993765835e-01	2.024395440870055962e-01	-2.255969163160178592e-01
-5.535437620458908553e-02	5.027718696653879493e-02	-1.023221869513384341e-01	9.594394810719719668e-02	-2.232918130682101931e-01	8.394121700857810897e-02	-1.000259057883494951e-01	9.912070353450640192e-02	-1.330976986931429462e-01	1.163412842246853013e-01	-1.048365575601784561e-01	1.094953647466259533e-01	-1.035740965106910910e-01	1.153477501322264925e-01	-1.720323179317095608e-01	7.723953865347081560e-02	-8.957057668521056781e-02	1.393912316364307180e-01	-1.440159982969100305e-01	1.237457153524813558e-01	-7.715852133301906446e-02	8.390193393837580560e-02	-1.377297009946641115e-01	1.423525697885845431e-01	-1.431652392354155479e-01	7.991408344664048535e-02	-9.935403526501025706e-02	1.577706918338218356e-01	-2.239136023054030256e-01	9.999999999999996669e-01	-1.007003092171153275e-01	1.178712314690747859e-01	-1.339019693758939367e-01	2.663205988206432395e-01	-8.366964480248232361e-01	9.397966091898973806e-02	-1.142230489131787069e-01	1.272559482829682120e-01	-1.963743076364944384e-01	2.111280511295087758e-01
4.205585554278376548e-02	-3.893100633259753696e-02	7.287141285684670122e-02	-7.131971811013029794e-02	1.413750612065339807e-01	-7.060078609794598337e-02	7.718701658710219737e-02	-7.544191535749389388e-02	9.407362531684038132e-02	-7.841566352475265456e-02	8.842871390045868585e-02	-9.124055757690073543e-02	8.144501145463647895e-02	-8.692299157716358582e-02	1.122975016073096133e-01	-8.990007617488340874e-02	9.825484535995678004e-02	-1.210802099187733433e-01	1.061660957940941258e-01	-7.410313425923586994e-02	1.837812728953485131e-01	-1.480291316267845769e-01	1.226049285923786897e-01	-1.138238907187007626e-01	7.245302747689250089e-02	-2.899514752157707487e-01	1.785773424738981430e-01	-1.801884159467528890e-01	1.385668087793441028e-01	-1.007003092171153275e-01	9.999999999999978906e-01	-3.798831138250340911e-01	2.172980577858623086e-01	-1.536585916875627955e-01	8.405046721484681072e-02	-7.540085470979868143e-01	2.747145374242889182e-01	-2.480919956009194349e-01	1.483735716741300670e-01	-1.682836240770471670e-01
-5.264485262927288967e-02	4.830357755277493725e-02	-9.314421543689241356e-02	8.921783724976367624e-02	-1.882393514667597689e-01	8.540827646352103231e-02	-9.674778216928206498e-02	9.454502861775895828e-02	-1.213025879604599094e-01	1.019841447129108403e-01	-1.079360445983698069e-01	1.107385287434758947e-01	-1.022421113336432763e-01	1.098276913090774493e-01	-1.475110037296944454e-01	9.763025897557042754e-02	-1.120128995418757795e-01	1.482397744104105575e-01	-1.377657242195415854e-01	9.332146618508337099e-02	-1.523864036585557136e-01	1.579255998443160891e-01	-1.681516140265613135e-01	1.461046490448454638e-01	-9.386820562525959033e-02	1.681998247197777629e-01	-2.332268555494391160e-01	2.511548869707015408e-01	-1.998882720958952974e-01	1.178712314690747859e-01	-3.798831138250340911e-01	9.999999999999987788e-01	-6.274458962052490429e-01	1.912258954887795237e-01	-1.032731536808057515e-01	2.646087578669725771e-01	-4.477123531706111992e-01	2.920572797437117618e-01	-1.868892420765461138e-01	1.839069736312234082e-01
4.957320811889198015e-02	-4.562718052423006543e-02	8.777031026100495792e-02	-8.496278087430077230e-02	1.755101256943513710e-01	-8.062018971073110774e-02	9.168843565609216539e-02	-9.047440536735582017e-02	1.152699107042475524e-01	-9.685538159505087397e-02	1.004836937029988525e-01	-1.070889381768776044e-01	9.942663776912052942e-02	-1.077089991486740311e-01	1.401072333882305843e-01	-8.946531678219744876e-02	1.012155071719663402e-01	-1.538820107208369870e-01	1.361587479236763265e-01	-9.669216320037132828e-02	1.218176250077152301e-01	-1.391055044874168756e-01	1.797297269618386151e-01	-1.619748697360129663e-01	9.623237788140287519e-02	-1.389431247706728878e-01	1.734990656387347951e-01	-4.446028068139656342e-01	2.241828527042069308e-01	-1.339019693758939367e-01	2.172980577858623086e-01	-6.274458962052490429e-01	9.999999999999993339e-01	-2.483674506990703468e-01	1.167278897009231403e-01	-2.178567827074142371e-01	2.780200509044827295e-01	-4.311347552461782806e-01	2.020081857288587579e-01	-2.100091165621053024e-01
-7.342240238536178187e-02	6.684708621532929607e-02	-1.343521964395947288e-01	1.266653101965753703e-01	-2.870585636169888377e-01	1.131529298562658215e-01	-1.339623200839111239e-01	1.324996591261085599e-01	-1.760337132513874470e-01	1.514888136709657829e-01	-1.415739650950946782e-01	1.487703925860195397e-01	-1.414786409859107863e-01	1.567843803494688992e-01	-2.227671170353489605e-01	1.079813674546148822e-01	-1.252733077549479934e-01	1.976777647235654634e-01	-2.019661449298905398e-01	1.424805423743395749e-01	-1.147161083348549465e-01	1.266059018377250767e-01	-2.169321488543365095e-01	2.246708453585347376e-01	-1.514133969023966353e-01	1.195726031590086530e-01	-1.521942902170885514e-01	2.716784204863875174e-01	-5.656825044775292133e-01	2.663205988206432395e-01	-1.536585916875627955e-01	1.912258954887795237e-01	-2.483674506990703468e-01	9.999999999999988898e-01	-3.839057599735218873e-01	1.432914467561349214e-01	-1.790931078609276084e-01	2.061438816941849606e-01	-3.630371213496522698e-01	2.730310117807257519e-01
4.093038424519667567e-02	-3.732243400505123876e-02	7.502246622948674504e-02	-7.115914536409978508e-02	1.600618629000072624e-01	-6.299835775354081790e-02	7.441431746610256692e-02	-7.394703907143113097e-02	9.793836944395123423e-02	-8.508970458030655493e-02	7.830128921115621365e-02	-8.317746266186788751e-02	7.828669707675701972e-02	-8.728727990473149345e-02	1.250897209748544625e-01	-5.958097556986632209e-02	6.860475903804275077e-02	-1.097742007409832771e-01	1.091870414763801700e-01	-9.849875133102641012e-02	6.204612144393310824e-02	-6.815694678864644973e-02	1.107014113894635859e-01	-1.187429136107388677e-01	1.034206885166845530e-01	-6.532509766385292960e-02	8.035386966577416634e-02	-1.390106095457242785e-01	1.882132552594237562e-01	-8.366964480248232361e-01	8.405046721484681072e-02	-1.032731536808057515e-01	1.167278897009231403e-01	-3.839057599735218873e-01	9.999999999999990008e-01	-8.021649665511733363e-02	9.880767004043626567e-02	-1.161530024203463601e-01	1.863556238863340875e-01	-2.581981258332711748e-01
-4.363249997711917544e-02	4.007745187138441606e-02	-7.673062625652198043e-02	7.365410302352876082e-02	-1.535836079968401768e-01	7.129984677040056285e-02	-7.971693423754012964e-02	7.753144855155549853e-02	-9.881888999985662114e-02	8.294620288622461812e-02	-9.061358373859014492e-02	9.123507055696207513e-02	-8.278555476313463612e-02	8.850380001388863382e-02	-1.193132842491976819e-01	8.521097704914637472e-02	-9.660801911813007847e-02	1.177766335149034865e-01	-1.085847863757925247e-01	7.334826153652410086e-02	-1.716290200376171526e-01	1.296408651937824841e-01	-1.205914196880698841e-01	1.097298594322416998e-01	-7.273732706046924512e-02	1.870065816348832344e-01	-1.688070037071641161e-01	1.633037512979612083e-01	-1.375900931512240022e-01	9.397966091898973806e-02	-7.540085470979868143e-01	2.646087578669725771e-01	-2.178567827074142371e-01	1.432914467561349214e-01	-8.021649665511733363e-02	9.999999999999983347e-01	-4.562143815406758951e-01	2.371625382627709500e-01	-1.547740105662905319e-01	1.545056117864974654e-01
4.204926381364749305e-02	-3.867228286267436477e-02	7.454839335270520284e-02	-7.197318248344876379e-02	1.497782011278899761e-01	-6.810789318250942692e-02	7.697427498966805115e-02	-7.565199358958694942e-02	9.657474272699402562e-02	-8.143193928320616171e-02	8.513358308111308725e-02	-8.903668245987246543e-02	8.145720614849111252e-02	-8.804837869721397758e-02	1.174309637432255082e-01	-7.670825844718516529e-02	8.623336154010682875e-02	-1.199945131692219946e-01	1.088552886233987438e-01	-7.657905853763018189e-02	1.159141059242248389e-01	-1.154354468036424414e-01	1.252910904232313050e-01	-1.171406191360512827e-01	7.579546041744963936e-02	-1.345770179711150150e-01	1.430918968954420223e-01	-1.944622082168793731e-01	1.537188480446881889e-01	-1.142230489131787069e-01	2.747145374242889182e-01	-4.477123531706111992e-01	2.780200509044827295e-01	-1.790931078609276084e-01	9.880767004043626567e-02	-4.562143815406758951e-01	9.999999999999988898e-01	-6.280508682359979833e-01	2.157706558599575830e-01	-2.270463605198114743e-01
-5.050611851236302963e-02	4.616881846083298324e-02	-9.078736349122373817e-02	8.629882535151336964e-02	-1.876763697358894423e-01	7.988010678198144421e-02	-9.209698115642472871e-02	9.033485051692735635e-02	-1.175520648122112544e-01	9.981991033306678029e-02	-1.005984187557053822e-01	1.037956053151077307e-01	-9.647789129653808193e-02	1.046174131656127659e-01	-1.446281539498864288e-01	8.446599545888947014e-02	-9.692271384618850183e-02	1.372585927155100249e-01	-1.303247428311465894e-01	8.922183854874463083e-02	-1.174090963136868865e-01	1.157531286601954645e-01	-1.476906362978473441e-01	1.346605553210643014e-01	-8.983510904407901454e-02	1.263918206845220937e-01	-1.468875713977046138e-01	2.153267915595190873e-01	-1.891021986993765835e-01	1.272559482829682120e-01	-2.480919956009194349e-01	2.920572797437117618e-01	-4.311347552461782806e-01	2.061438816941849606e-01	-1.161530024203463601e-01	2.371625382627709500e-01	-6.280508682359979833e-01	9.999999999999991118e-01	-4.068671510441962957e-01	2.521793018307875167e-01
4.928569646467725190e-02	-4.504729628148690379e-02	8.950081938709242291e-02	-8.525693911321496898e-02	1.870734829958107526e-01	-7.687821179749804168e-02	8.950168872224477379e-02	-8.851522874964501408e-02	1.157478939725459649e-01	-9.921764867555429857e-02	9.570669878578788592e-02	-1.010847383710255787e-01	9.403803934670110221e-02	-1.033685587710989756e-01	1.441244542365810455e-01	-7.673963884972113958e-02	8.753498994573927217e-02	-1.346721701154462991e-01	1.279925317438163068e-01	-9.358089794270438300e-02	9.034603012683545264e-02	-9.572955168845236062e-02	1.355916558050555276e-01	-1.374256745507305144e-01	9.398599634409758596e-02	-9.831196459976346280e-02	1.145403390195944004e-01	-1.940832393920230714e-01	2.024395440870055962e-01	-1.963743076364944384e-01	1.483735716741300670e-01	-1.868892420765461138e-01	2.020081857288587579e-01	-3.630371213496522698e-01	1.863556238863340875e-01	-1.547740105662905319e-01	2.157706558599575830e-01	-4.068671510441962957e-01	9.999999999999993339e-01	-7.320643065613203770e-01
