1.000000000000000222e+00	-5.040723371732371838e-01	1.944786631366116902e-01	-1.643719838174216297e-01	1.519248041318664033e-01	-7.786625505593738339e-01	2.469115674707400010e-01	-1.675516198668204060e-01	1.254881104281465320e-01	-1.291932343799898908e-01	1.628251692562434905e-01	-1.399589308555846956e-01	1.263312541397994815e-01	-1.074275872654356090e-01	1.081200603281474437e-01	-9.736046412483878587e-02	8.323092197116484237e-02	-1.132560468714144952e-01	7.384033233800088580e-02	-6.358447752869392233e-02	5.340971635652460442e-02	-6.126873681801462551e-02	5.366886342417833550e-02	-5.938146222747116981e-02	6.605910429658501393e-02	-5.558042455995167164e-02	6.082844799099735439e-02	-5.300869328868396124e-02	5.941108658050761604e-02	-7.184955230322832842e-02
-5.040723371732371838e-01	1.000000000000000666e+00	-4.733515100286611599e-01	2.439631056360729855e-01	-2.428773665751664812e-01	3.023105678108348737e-01	-4.963360081178112559e-01	2.567638075352756677e-01	-1.981207574731042309e-01	1.866354874532889785e-01	-2.534609138420173546e-01	2.104542748549585451e-01	-1.948770873508881007e-01	1.583973298419120990e-01	-1.617954490154489833e-01	1.375199751288440908e-01	-1.219103655392518165e-01	1.603810030427678945e-01	-1.071083524548504945e-01	9.217540242726553201e-02	-7.601108076741003305e-02	8.668158872626678668e-02	-7.673355290684502616e-02	8.497928231476804817e-02	-9.661037965084111334e-02	7.825513754881363582e-02	-8.713857383797907197e-02	7.539776036432470352e-02	-8.544373509302546910e-02	1.019327593004768634e-01
1.944786631366116902e-01	-4.733515100286611599e-01	1.000000000000001332e+00	-5.757580602391434432e-01	2.680818875631386655e-01	-2.167016761505064504e-01	2.587096576844947204e-01	-4.931808303025669304e-01	2.603291482445213023e-01	-2.382081181373693901e-01	1.812551041599619606e-01	-1.635261577792753163e-01	2.002548702400845371e-01	-1.815831748361939335e-01	1.646432622422825121e-01	-1.294609100308765914e-01	1.093971950044834163e-01	-1.621888173800861699e-01	1.056481885248899133e-01	-9.456897384842584409e-02	7.231512576606986820e-02	-8.537002669172620573e-02	7.492301707660047050e-02	-8.512969755418457740e-02	9.550824643247857182e-02	-7.609470267804095689e-02	8.375831958376192543e-02	-7.438811981117851579e-02	8.366447530252459075e-02	-1.034563745006708002e-01
-1.643719838174216297e-01	2.439631056360729855e-01	-5.757580602391434432e-01	1.000000000000000888e+00	-5.500452414233034659e-01	1.723251254764066320e-01	-2.427983015717832260e-01	2.962594076316176772e-01	-3.943080041669306812e-01	2.854947101593869885e-01	-1.957007064117324557e-01	1.594412602961433889e-01	-2.162332833756957784e-01	2.018359983695634519e-01	-2.020220067648308970e-01	1.353099883750987498e-01	-1.156891764205465883e-01	1.685017491899253317e-01	-1.211656015362525263e-01	1.098684122125623552e-01	-7.941117860374788395e-02	9.441827435882786668e-02	-8.424690394259293225e-02	9.578521252481807247e-02	-1.134249135509452222e-01	8.280562585701373157e-02	-9.488567432983928407e-02	8.339712173720822963e-02	-9.589261477182743632e-02	1.165476753419921463e-01
1.519248041318664033e-01	-2.428773665751664812e-01	2.680818875631386655e-01	-5.500452414233034659e-01	1.000000000000000888e+00	-2.022038884570332429e-01	2.197828544889307845e-01	-3.035708280707309914e-01	2.985945117640346202e-01	-5.908197497005061027e-01	1.937984943595698062e-01	-1.693889211168291831e-01	2.198767016703423172e-01	-2.293235425362523117e-01	2.279523508450655711e-01	-1.765270689740698895e-01	1.393450780345285578e-01	-2.202422163022177692e-01	1.450897480385084370e-01	-1.379663190287229724e-01	1.014313188972313928e-01	-1.247647837969720203e-01	1.066849320625346959e-01	-1.219810408277249569e-01	1.344155682922482109e-01	-1.103375504392220263e-01	1.185229082962028224e-01	-1.084511802843526052e-01	1.194989656192649019e-01	-1.565003847362384515e-01
-7.786625505593738339e-01	3.023105678108348737e-01	-2.167016761505064504e-01	1.723251254764066320e-01	-2.022038884570332429e-01	1.000000000000000444e+00	-3.709999206489405510e-01	1.872536758427744141e-01	-1.537685456538749884e-01	1.541181095540697654e-01	-2.464891934392040018e-01	1.842353843175236483e-01	-1.655123434827198980e-01	1.342239837729621299e-01	-1.434772994185928019e-01	1.242434685571405933e-01	-1.098863896819445019e-01	1.418864586223236857e-01	-9.696886274667011751e-02	8.236200582878050458e-02	-6.956596788226808437e-02	7.870417554437778018e-02	-6.994244854487509377e-02	7.665095145217180883e-02	-8.763130273832779593e-02	7.115503144012261250e-02	-8.005196281777793299e-02	6.854907786505276546e-02	-7.798184344326271333e-02	9.182620135343838585e-02
2.469115674707400010e-01	-4.963360081178112559e-01	2.587096576844947204e-01	-2.427983015717832260e-01	2.197828544889307845e-01	-3.709999206489405510e-01	1.000000000000001110e+00	-3.760122302953408102e-01	2.162960269520121659e-01	-2.235603080090121653e-01	2.946384594230861964e-01	-4.836744511348343711e-01	2.396921045104812298e-01	-2.004184598951222751e-01	1.813114315796396925e-01	-1.989955647513543258e-01	1.701289284898688248e-01	-2.268639550816169970e-01	1.301678976691676703e-01	-1.102162749990950874e-01	9.916261687733729513e-02	-1.120394219098757305e-01	9.604219510692758865e-02	-1.065233990294646299e-01	1.116173815053389529e-01	-1.043434718788288501e-01	1.073897563844807557e-01	-9.498983248642928201e-02	1.035502811156665121e-01	-1.276295155252136215e-01
-1.675516198668204060e-01	2.567638075352756677e-01	-4.931808303025669304e-01	2.962594076316176772e-01	-3.035708280707309914e-01	1.872536758427744141e-01	-3.760122302953408102e-01	1.000000000000000444e+00	-5.188775070931513911e-01	2.733518010828195899e-01	-2.353669972124334542e-01	2.098516741276281461e-01	-3.675932934055672896e-01	2.547885906502989628e-01	-2.269650225348140149e-01	1.571435263954114314e-01	-1.400603011963573175e-01	2.035692371915989174e-01	-1.376000481717990775e-01	1.218349528981244878e-01	-8.908644678018062812e-02	1.045289012024693820e-01	-9.367884340305256130e-02	1.073445938321263421e-01	-1.244963614432983562e-01	9.210670546743603138e-02	-1.045561007012498766e-01	9.196386715938945078e-02	-1.055317396103154642e-01	1.273674482388026385e-01
1.254881104281465320e-01	-1.981207574731042309e-01	2.603291482445213023e-01	-3.943080041669306812e-01	2.985945117640346202e-01	-1.537685456538749884e-01	2.162960269520121659e-01	-5.188775070931513911e-01	9.999999999999997780e-01	-5.375226107348627380e-01	1.814751983227932408e-01	-1.640121228482188942e-01	2.611059013194693690e-01	-3.991192505416177316e-01	2.445727323814471388e-01	-1.448783372992278329e-01	1.226090073765368077e-01	-1.919819915451763670e-01	1.367100553628705084e-01	-1.305948124006627575e-01	8.360959911644616493e-02	-1.018934690583295777e-01	9.095112126138875375e-02	-1.086134635117440711e-01	1.261049452585508990e-01	-8.797631578831002774e-02	1.000600100912422408e-01	-9.032723911749193646e-02	1.038360783455895414e-01	-1.297479834290924949e-01
-1.291932343799898908e-01	1.866354874532889785e-01	-2.382081181373693901e-01	2.854947101593869885e-01	-5.908197497005061027e-01	1.541181095540697654e-01	-2.235603080090121653e-01	2.733518010828195899e-01	-5.375226107348627380e-01	1.000000000000000444e+00	-2.064927011092655695e-01	1.659816570435198868e-01	-2.504149685674973980e-01	2.594739028604268749e-01	-3.558480489364616584e-01	1.544445876366992154e-01	-1.313579803257426959e-01	1.961199422856626240e-01	-1.563014314365018531e-01	1.592238703054540128e-01	-9.460222491369824072e-02	1.155427178815491701e-01	-1.051325569038435020e-01	1.220358493565783381e-01	-1.644541012301916905e-01	9.866225506752257512e-02	-1.182144418508907086e-01	1.043574832778088046e-01	-1.243901118478012158e-01	1.510702716597915884e-01
1.628251692562434905e-01	-2.534609138420173546e-01	1.812551041599619606e-01	-1.957007064117324557e-01	1.937984943595698062e-01	-2.464891934392040018e-01	2.946384594230861964e-01	-2.353669972124334542e-01	1.814751983227932408e-01	-2.064927011092655695e-01	1.000000000000000666e+00	-6.907448117355822204e-01	2.566532774065581890e-01	-2.123466559063510173e-01	1.899949713392407036e-01	-3.397607027783555722e-01	2.415814779767038734e-01	-3.000320063647948232e-01	1.540367882950969824e-01	-1.239927853637484562e-01	1.381046077547574968e-01	-1.457454150762364509e-01	1.199694883681833302e-01	-1.288937483998530698e-01	1.246731678810024668e-01	-1.462710462056741045e-01	1.347565193380544923e-01	-1.190136533786504691e-01	1.238166632389436084e-01	-1.532679811842188322e-01
-1.399589308555846956e-01	2.104542748549585451e-01	-1.635261577792753163e-01	1.594412602961433889e-01	-1.693889211168291831e-01	1.842353843175236483e-01	-4.836744511348343711e-01	2.098516741276281461e-01	-1.640121228482188942e-01	1.659816570435198868e-01	-6.907448117355822204e-01	9.999999999999998890e-01	-3.281898330531433650e-01	1.903730528126458821e-01	-1.719184710778614844e-01	2.291462065109568791e-01	-2.642855780803919918e-01	2.361904974635228027e-01	-1.285852530721285913e-01	1.024160627061059814e-01	-1.049130577246910889e-01	1.095750654141172536e-01	-9.458210926451965372e-02	1.021712388166838709e-01	-1.051271612842382130e-01	1.051130151091062004e-01	-1.059986816642699281e-01	9.146302859128346840e-02	-9.936686396647376185e-02	1.178600316335096931e-01
1.263312541397994815e-01	-1.948770873508881007e-01	2.002548702400845371e-01	-2.162332833756957784e-01	2.198767016703423172e-01	-1.655123434827198980e-01	2.396921045104812298e-01	-3.675932934055672896e-01	2.611059013194693690e-01	-2.504149685674973980e-01	2.566532774065581890e-01	-3.281898330531433650e-01	1.000000000000000222e+00	-5.771246076625857757e-01	2.728598806375543973e-01	-2.395750160785689309e-01	2.123473474039282161e-01	-4.315661613074467939e-01	1.911611469410593178e-01	-1.649823735260179947e-01	1.232521599575327753e-01	-1.457951192688291542e-01	1.293788447069106895e-01	-1.530230216862087100e-01	1.540460989188523477e-01	-1.290135196581020938e-01	1.376360039222666309e-01	-1.258660815528384047e-01	1.389108077845692402e-01	-1.737396463913613298e-01
-1.074275872654356090e-01	1.583973298419120990e-01	-1.815831748361939335e-01	2.018359983695634519e-01	-2.293235425362523117e-01	1.342239837729621299e-01	-2.004184598951222751e-01	2.547885906502989628e-01	-3.991192505416177316e-01	2.594739028604268749e-01	-2.123466559063510173e-01	1.903730528126458821e-01	-5.771246076625857757e-01	1.000000000000000888e+00	-5.206678648569064149e-01	1.717069662052856105e-01	-1.542364585039274205e-01	2.446376171022683066e-01	-2.233604754948008697e-01	1.959175088879263615e-01	-1.035293115477067954e-01	1.287939093645837918e-01	-1.206832022318551634e-01	1.539979574388523065e-01	-1.891625820426442728e-01	1.068708752844111376e-01	-1.285569326208061136e-01	1.171299395903690754e-01	-1.413909768214231533e-01	1.707835170726892393e-01
1.081200603281474437e-01	-1.617954490154489833e-01	1.646432622422825121e-01	-2.020220067648308970e-01	2.279523508450655711e-01	-1.434772994185928019e-01	1.813114315796396925e-01	-2.269650225348140149e-01	2.445727323814471388e-01	-3.558480489364616584e-01	1.899949713392407036e-01	-1.719184710778614844e-01	2.728598806375543973e-01	-5.206678648569064149e-01	1.000000000000000222e+00	-2.055847874962583866e-01	1.616179590904378294e-01	-2.782348349154850076e-01	2.157738363488027611e-01	-4.685813677463212534e-01	1.234525573996900494e-01	-1.629977631239185321e-01	1.444774446349119390e-01	-1.856570198612747802e-01	2.665365196628715072e-01	-1.344810540888408124e-01	1.543599336744398420e-01	-1.504968715406579116e-01	1.767971573299202959e-01	-2.637421364591762130e-01
-9.736046412483878587e-02	1.375199751288440908e-01	-1.294609100308765914e-01	1.353099883750987498e-01	-1.765270689740698895e-01	1.242434685571405933e-01	-1.989955647513543258e-01	1.571435263954114314e-01	-1.448783372992278329e-01	1.544445876366992154e-01	-3.397607027783555722e-01	2.291462065109568791e-01	-2.395750160785689309e-01	1.717069662052856105e-01	-2.055847874962583866e-01	1.000000000000000222e+00	-6.985638453465120579e-01	3.025728465211343643e-01	-1.883501297205826541e-01	1.251607260468426963e-01	-3.097905488249933503e-01	1.780145825580340402e-01	-1.522331703535658998e-01	1.413799066745111965e-01	-1.395821031558772962e-01	2.071848038004577841e-01	-1.870023796046137998e-01	1.396355289352458617e-01	-1.477429280888994667e-01	1.519449314129464046e-01
8.323092197116484237e-02	-1.219103655392518165e-01	1.093971950044834163e-01	-1.156891764205465883e-01	1.393450780345285578e-01	-1.098863896819445019e-01	1.701289284898688248e-01	-1.400603011963573175e-01	1.226090073765368077e-01	-1.313579803257426959e-01	2.415814779767038734e-01	-2.642855780803919918e-01	2.123473474039282161e-01	-1.542364585039274205e-01	1.616179590904378294e-01	-6.985638453465120579e-01	9.999999999999995559e-01	-5.430231748392441160e-01	1.611711653909919939e-01	-1.034511012606626340e-01	1.749239639423202652e-01	-1.565319591241250974e-01	1.278254391290183090e-01	-1.261127958027512541e-01	1.105179838331984965e-01	-1.652072688361026220e-01	1.415268610491923207e-01	-1.162861258981860296e-01	1.183993614385339954e-01	-1.280200963417934268e-01
-1.132560468714144952e-01	1.603810030427678945e-01	-1.621888173800861699e-01	1.685017491899253317e-01	-2.202422163022177692e-01	1.418864586223236857e-01	-2.268639550816169970e-01	2.035692371915989174e-01	-1.919819915451763670e-01	1.961199422856626240e-01	-3.000320063647948232e-01	2.361904974635228027e-01	-4.315661613074467939e-01	2.446376171022683066e-01	-2.782348349154850076e-01	3.025728465211343643e-01	-5.430231748392441160e-01	9.999999999999994449e-01	-3.178789407896455144e-01	1.674051887213791334e-01	-1.781453173341858987e-01	1.891269085182319676e-01	-1.990263264760510076e-01	2.010448377465029746e-01	-1.832517477543832152e-01	1.607978821550884452e-01	-1.954936743182061343e-01	1.648279289285485283e-01	-1.882805715627456911e-01	1.924037604387777156e-01
7.384033233800088580e-02	-1.071083524548504945e-01	1.056481885248899133e-01	-1.211656015362525263e-01	1.450897480385084370e-01	-9.696886274667011751e-02	1.301678976691676703e-01	-1.376000481717990775e-01	1.367100553628705084e-01	-1.563014314365018531e-01	1.540367882950969824e-01	-1.285852530721285913e-01	1.911611469410593178e-01	-2.233604754948008697e-01	2.157738363488027611e-01	-1.883501297205826541e-01	1.611711653909919939e-01	-3.178789407896455144e-01	9.999999999999998890e-01	-2.497474670757050819e-01	1.398257913644619099e-01	-2.449529406971401868e-01	2.409365990784212985e-01	-7.185377740732346030e-01	2.117433285452307856e-01	-1.481951852152937621e-01	1.977849171294338015e-01	-2.252427488072129003e-01	2.604859494234128547e-01	-3.003804697593864814e-01
-6.358447752869392233e-02	9.217540242726553201e-02	-9.456897384842584409e-02	1.098684122125623552e-01	-1.379663190287229724e-01	8.236200582878050458e-02	-1.102162749990950874e-01	1.218349528981244878e-01	-1.305948124006627575e-01	1.592238703054540128e-01	-1.239927853637484562e-01	1.024160627061059814e-01	-1.649823735260179947e-01	1.959175088879263615e-01	-4.685813677463212534e-01	1.251607260468426963e-01	-1.034511012606626340e-01	1.674051887213791334e-01	-2.497474670757050819e-01	9.999999999999996669e-01	-9.109958798721318196e-02	1.275230131237319042e-01	-1.278183782636855559e-01	1.777117244133531171e-01	-7.430872784211507431e-01	9.542839063865371507e-02	-1.358148741273994820e-01	1.292717713221524511e-01	-1.890962290323106032e-01	2.483033400492380416e-01
5.340971635652460442e-02	-7.601108076741003305e-02	7.231512576606986820e-02	-7.941117860374788395e-02	1.014313188972313928e-01	-6.956596788226808437e-02	9.916261687733729513e-02	-8.908644678018062812e-02	8.360959911644616493e-02	-9.460222491369824072e-02	1.381046077547574968e-01	-1.049130577246910889e-01	1.232521599575327753e-01	-1.035293115477067954e-01	1.234525573996900494e-01	-3.097905488249933503e-01	1.749239639423202652e-01	-1.781453173341858987e-01	1.398257913644619099e-01	-9.109958798721318196e-02	1.000000000000000444e+00	-3.453366483855898061e-01	1.863189010134864154e-01	-1.301476705172071868e-01	1.003667722030147369e-01	-7.956660434310921515e-01	2.605384994406760302e-01	-1.842891367423881710e-01	1.379354191669756036e-01	-1.430527726144519840e-01
-6.126873681801462551e-02	8.668158872626678668e-02	-8.537002669172620573e-02	9.441827435882786668e-02	-1.247647837969720203e-01	7.870417554437778018e-02	-1.120394219098757305e-01	1.045289012024693820e-01	-1.018934690583295777e-01	1.155427178815491701e-01	-1.457454150762364509e-01	1.095750654141172536e-01	-1.457951192688291542e-01	1.287939093645837918e-01	-1.629977631239185321e-01	1.780145825580340402e-01	-1.565319591241250974e-01	1.891269085182319676e-01	-2.449529406971401868e-01	1.275230131237319042e-01	-3.453366483855898061e-01	1.000000000000000000e+00	-6.278986961932262467e-01	2.282026093440162884e-01	-1.464151860243508296e-01	2.514861230666699532e-01	-4.989653797462372253e-01	3.010134423600061560e-01	-2.356048151797125456e-01	2.019691027174909392e-01
5.366886342417833550e-02	-7.673355290684502616e-02	7.492301707660047050e-02	-8.424690394259293225e-02	1.066849320625346959e-01	-6.994244854487509377e-02	9.604219510692758865e-02	-9.367884340305256130e-02	9.095112126138875375e-02	-1.051325569038435020e-01	1.199694883681833302e-01	-9.458210926451965372e-02	1.293788447069106895e-01	-1.206832022318551634e-01	1.444774446349119390e-01	-1.522331703535658998e-01	1.278254391290183090e-01	-1.990263264760510076e-01	2.409365990784212985e-01	-1.278183782636855559e-01	1.863189010134864154e-01	-6.278986961932262467e-01	9.999999999999997780e-01	-3.700542186915657394e-01	1.404929239420706077e-01	-1.928653133789343943e-01	3.006650792590793708e-01	-5.210569579843645771e-01	2.521680774082330490e-01	-2.285502140701179408e-01
-5.938146222747116981e-02	8.497928231476804817e-02	-8.512969755418457740e-02	9.578521252481807247e-02	-1.219810408277249569e-01	7.665095145217180883e-02	-1.065233990294646299e-01	1.073445938321263421e-01	-1.086134635117440711e-01	1.220358493565783381e-01	-1.288937483998530698e-01	1.021712388166838709e-01	-1.530230216862087100e-01	1.539979574388523065e-01	-1.856570198612747802e-01	1.413799066745111965e-01	-1.261127958027512541e-01	2.010448377465029746e-01	-7.185377740732346030e-01	1.777117244133531171e-01	-1.301476705172071868e-01	2.282026093440162884e-01	-3.700542186915657394e-01	9.999999999999997780e-01	-2.077782789538168140e-01	1.315410754202963051e-01	-2.128280253801477784e-01	2.382656502883547800e-01	-4.008952246494921767e-01	2.544460037653341611e-01
6.605910429658501393e-02	-9.661037965084111334e-02	9.550824643247857182e-02	-1.134249135509452222e-01	1.344155682922482109e-01	-8.763130273832779593e-02	1.116173815053389529e-01	-1.244963614432983562e-01	1.261049452585508990e-01	-1.644541012301916905e-01	1.246731678810024668e-01	-1.051271612842382130e-01	1.540460989188523477e-01	-1.891625820426442728e-01	2.665365196628715072e-01	-1.395821031558772962e-01	1.105179838331984965e-01	-1.832517477543832152e-01	2.117433285452307856e-01	-7.430872784211507431e-01	1.003667722030147369e-01	-1.464151860243508296e-01	1.404929239420706077e-01	-2.077782789538168140e-01	1.000000000000000000e+00	-1.083486270027274184e-01	1.471895961202732972e-01	-1.527213195691448089e-01	2.136023270439788568e-01	-4.407825600235972807e-01
-5.558042455995167164e-02	7.825513754881363582e-02	-7.609470267804095689e-02	8.280562585701373157e-02	-1.103375504392220263e-01	7.115503144012261250e-02	-1.043434718788288501e-01	9.210670546743603138e-02	-8.797631578831002774e-02	9.866225506752257512e-02	-1.462710462056741045e-01	1.051130151091062004e-01	-1.290135196581020938e-01	1.068708752844111376e-01	-1.344810540888408124e-01	2.071848038004577841e-01	-1.652072688361026220e-01	1.607978821550884452e-01	-1.481951852152937621e-01	9.542839063865371507e-02	-7.956660434310921515e-01	2.514861230666699532e-01	-1.928653133789343943e-01	1.315410754202963051e-01	-1.083486270027274184e-01	9.999999999999996669e-01	-4.115124034516619567e-01	1.910177874858153824e-01	-1.513161394135209559e-01	1.447844146027494616e-01
6.082844799099735439e-02	-8.713857383797907197e-02	8.375831958376192543e-02	-9.488567432983928407e-02	1.185229082962028224e-01	-8.005196281777793299e-02	1.073897563844807557e-01	-1.045561007012498766e-01	1.000600100912422408e-01	-1.182144418508907086e-01	1.347565193380544923e-01	-1.059986816642699281e-01	1.376360039222666309e-01	-1.285569326208061136e-01	1.543599336744398420e-01	-1.870023796046137998e-01	1.415268610491923207e-01	-1.954936743182061343e-01	1.977849171294338015e-01	-1.358148741273994820e-01	2.605384994406760302e-01	-4.989653797462372253e-01	3.006650792590793708e-01	-2.128280253801477784e-01	1.471895961202732972e-01	-4.115124034516619567e-01	1.000000000000000000e+00	-5.639153190989494302e-01	2.511081653989262752e-01	-2.711905605924038731e-01
-5.300869328868396124e-02	7.539776036432470352e-02	-7.438811981117851579e-02	8.339712173720822963e-02	-1.084511802843526052e-01	6.854907786505276546e-02	-9.498983248642928201e-02	9.196386715938945078e-02	-9.032723911749193646e-02	1.043574832778088046e-01	-1.190136533786504691e-01	9.146302859128346840e-02	-1.258660815528384047e-01	1.171299395903690754e-01	-1.504968715406579116e-01	1.396355289352458617e-01	-1.162861258981860296e-01	1.648279289285485283e-01	-2.252427488072129003e-01	1.292717713221524511e-01	-1.842891367423881710e-01	3.010134423600061560e-01	-5.210569579843645771e-01	2.382656502883547800e-01	-1.527213195691448089e-01	1.910177874858153824e-01	-5.639153190989494302e-01	9.999999999999995559e-01	-4.685794590322043263e-01	2.523423720970532913e-01
5.941108658050761604e-02	-8.544373509302546910e-02	8.366447530252459075e-02	-9.589261477182743632e-02	1.194989656192649019e-01	-7.798184344326271333e-02	1.035502811156665121e-01	-1.055317396103154642e-01	1.038360783455895414e-01	-1.243901118478012158e-01	1.238166632389436084e-01	-9.936686396647376185e-02	1.389108077845692402e-01	-1.413909768214231533e-01	1.767971573299202959e-01	-1.477429280888994667e-01	1.183993614385339954e-01	-1.882805715627456911e-01	2.604859494234128547e-01	-1.890962290323106032e-01	1.379354191669756036e-01	-2.356048151797125456e-01	2.521680774082330490e-01	-4.008952246494921767e-01	2.136023270439788568e-01	-1.513161394135209559e-01	2.511081653989262752e-01	-4.685794590322043263e-01	9.999999999999995559e-01	-6.316715439888227479e-01
-7.184955230322832842e-02	1.019327593004768634e-01	-1.034563745006708002e-01	1.165476753419921463e-01	-1.565003847362384515e-01	9.182620135343838585e-02	-1.276295155252136215e-01	1.273674482388026385e-01	-1.297479834290924949e-01	1.510702716597915884e-01	-1.532679811842188322e-01	1.178600316335096931e-01	-1.737396463913613298e-01	1.707835170726892393e-01	-2.637421364591762130e-01	1.519449314129464046e-01	-1.280200963417934268e-01	1.924037604387777156e-01	-3.003804697593864814e-01	2.483033400492380416e-01	-1.430527726144519840e-01	2.019691027174909392e-01	-2.285502140701179408e-01	2.544460037653341611e-01	-4.407825600235972807e-01	1.447844146027494616e-01	-2.711905605924038731e-01	2.523423720970532913e-01	-6.316715439888227479e-01	9.999999999999995559e-01
