1.000000000000000000e+00	-7.351294754782697893e-01	2.968547897453258644e-01	-1.337132605375546124e-01	1.256871719527034303e-01	-4.620624928397419340e-01	2.900486430728705933e-01	-3.377270832300400816e-01	1.052418463872991927e-01	-1.044926844851194886e-01	1.320383543087198797e-01	-1.471483569876828879e-01	1.488815492325339940e-01	-8.799225300020994955e-02	9.091666984693824727e-02	-1.137926576822172742e-01	7.704846153524962105e-02	-8.958519616400588415e-02	3.779222085467260489e-02	-3.692494086774548295e-02	7.475073727050714212e-02	-7.132081967526515687e-02	7.513223570460195178e-02	-3.943031394589614769e-02	3.201530085964671146e-02	-9.058700415030797315e-02	8.230046838151476585e-02	-1.220307612497782968e-01	3.190755061928562952e-02	-2.867868737195874290e-02
-7.351294754782697893e-01	9.999999999999997780e-01	-4.720456342652455950e-01	1.252988488077403928e-01	-1.229948591023338478e-01	2.940384435809704211e-01	-3.749188325818050282e-01	2.769642796774902105e-01	-9.278152064806423349e-02	8.738999745366608785e-02	-1.110962445609551125e-01	1.188275985774049359e-01	-1.206630758599372549e-01	7.021735197928334615e-02	-7.348606480101746441e-02	8.494067086363975283e-02	-5.945633573962780943e-02	6.803988920884480873e-02	-2.891969275355861166e-02	2.827396472601162100e-02	-5.665394122112980824e-02	5.401010324097067078e-02	-5.724090818129652647e-02	2.995422482919718118e-02	-2.455827647407260450e-02	6.687383786247064199e-02	-6.203581078449605518e-02	8.967090599114262151e-02	-2.419233005779977339e-02	2.167288650814949702e-02
2.968547897453258644e-01	-4.720456342652455950e-01	9.999999999999997780e-01	-3.059292547618154279e-01	2.182051527330833296e-01	-3.936639166678872481e-01	2.955208521937852106e-01	-5.883682598785193729e-01	1.681180649075653122e-01	-1.651741535738087963e-01	1.413773862194765973e-01	-1.569332603128161530e-01	1.869567419687379883e-01	-1.193959926804867705e-01	1.203904542186171739e-01	-1.349777365717828859e-01	9.104197639470949788e-02	-1.107460359426110513e-01	4.725085361405459428e-02	-4.663745673237530698e-02	8.870247203591959118e-02	-8.529167232115528186e-02	9.141634041887397588e-02	-4.922859348666437651e-02	4.022954985555201451e-02	-1.097264703298138910e-01	9.873676085857317763e-02	-1.506464241408923821e-01	3.979152679485030430e-02	-3.582804909992405584e-02
-1.337132605375546124e-01	1.252988488077403928e-01	-3.059292547618154279e-01	1.000000000000000000e+00	-8.178047353376035611e-01	1.488557829423146073e-01	-1.171247165204621354e-01	1.885007121923240325e-01	-3.576394242984595184e-01	2.593697951011861846e-01	-6.774972918336226446e-02	7.219110274489028145e-02	-1.141103240840006944e-01	1.134186620127841522e-01	-1.194384903747650883e-01	7.304502301411641696e-02	-5.022524356496534115e-02	6.371375695589809318e-02	-3.168040072969287302e-02	3.308281927811648759e-02	-4.891977653849362284e-02	4.738230871971581271e-02	-5.295662584797210942e-02	3.209900343046519916e-02	-2.835703739435179935e-02	6.123560822200541098e-02	-5.594814393776376127e-02	8.618069855875132301e-02	-2.624818287169174147e-02	2.347122544567329522e-02
1.256871719527034303e-01	-1.229948591023338478e-01	2.182051527330833296e-01	-8.178047353376035611e-01	9.999999999999996669e-01	-1.738675710221639359e-01	1.240634167409548627e-01	-2.106733967822480846e-01	2.690052759941050087e-01	-3.751921294002751872e-01	7.629267800752055628e-02	-8.259215269538919268e-02	1.258609495116167210e-01	-1.292298858618174118e-01	1.297058157119229671e-01	-8.798964653307356221e-02	5.906478095031703762e-02	-7.539128851362986161e-02	3.683902323735248341e-02	-3.844600964789014752e-02	5.827696730206710640e-02	-5.635362376237963017e-02	6.238625425387245987e-02	-3.773895924195740104e-02	3.272515832850581702e-02	-7.438962061878393039e-02	6.667496275662401772e-02	-1.052193799627594850e-01	3.076142557223057392e-02	-2.766576385238917607e-02
-4.620624928397419340e-01	2.940384435809704211e-01	-3.936639166678872481e-01	1.488557829423146073e-01	-1.738675710221639359e-01	9.999999999999997780e-01	-6.454584620054625299e-01	3.135877088622631703e-01	-1.290005199792566004e-01	1.161072451839977870e-01	-2.333157473020133210e-01	2.029955595774819432e-01	-2.025058778590624886e-01	1.060022792226956584e-01	-1.177686043334483651e-01	1.324965499311326067e-01	-9.739833677440419557e-02	1.042968192917264614e-01	-4.479434558150248435e-02	4.338353999518661935e-02	-9.153643992275158070e-02	8.517272017745854129e-02	-9.056370293713153496e-02	4.582810269733617742e-02	-3.812038269375977312e-02	1.004742875672806346e-01	-9.931111023710088859e-02	1.303098940249773630e-01	-3.707325855856904995e-02	3.289183919623893393e-02
2.900486430728705933e-01	-3.749188325818050282e-01	2.955208521937852106e-01	-1.171247165204621354e-01	1.240634167409548627e-01	-6.454584620054625299e-01	1.000000000000000222e+00	-5.353094236745769008e-01	1.075862039442427170e-01	-9.927832988759378863e-02	1.853250451397950027e-01	-2.395804690042260543e-01	1.624334568745383900e-01	-8.695378263248325357e-02	9.102332266290566465e-02	-1.123813333004209658e-01	8.210586612272777196e-02	-8.832334025818544543e-02	3.646038362767978908e-02	-3.517674984364029672e-02	7.500760922342422643e-02	-7.205437055912958244e-02	7.419578324542376591e-02	-3.757446404336331480e-02	3.064526087146010255e-02	-8.365581538759832292e-02	7.942245635993125386e-02	-1.092758782338928841e-01	3.008018825255842285e-02	-2.685251632988035209e-02
-3.377270832300400816e-01	2.769642796774902105e-01	-5.883682598785193729e-01	1.885007121923240325e-01	-2.106733967822480846e-01	3.135877088622631703e-01	-5.353094236745769008e-01	1.000000000000000666e+00	-2.008565938765605741e-01	1.592767886849422720e-01	-1.673098733630405954e-01	1.690931227428364436e-01	-2.630234247725357077e-01	1.293742569463756098e-01	-1.355314106902716642e-01	1.304807123785936829e-01	-9.547198514333227193e-02	1.156294941241138574e-01	-4.903281013627602131e-02	4.791831905830290506e-02	-8.909937041150887971e-02	8.613850522898185147e-02	-9.567994791507813956e-02	5.015105787946790711e-02	-4.163918685161922817e-02	1.040193580352492542e-01	-9.881584598725241808e-02	1.417287874815641446e-01	-4.022929835312662877e-02	3.590481151592812142e-02
1.052418463872991927e-01	-9.278152064806423349e-02	1.681180649075653122e-01	-3.576394242984595184e-01	2.690052759941050087e-01	-1.290005199792566004e-01	1.075862039442427170e-01	-2.008565938765605741e-01	1.000000000000000444e+00	-8.201538836150106260e-01	6.871956548797210351e-02	-7.351397958092860396e-02	1.397846624042051178e-01	-2.345214293150474083e-01	1.998237150099099746e-01	-8.227530416299193294e-02	5.716225164363430283e-02	-7.678094296807547181e-02	4.272628245949551540e-02	-4.640049628707276774e-02	5.524019422849649891e-02	-5.447886596514109336e-02	6.244328044359982038e-02	-4.244625717618862731e-02	3.890755424153709285e-02	-6.997412847776890432e-02	6.374204224150960274e-02	-1.012733943317042501e-01	3.440442264142393874e-02	-3.080861602186442394e-02
-1.044926844851194886e-01	8.738999745366608785e-02	-1.651741535738087963e-01	2.593697951011861846e-01	-3.751921294002751872e-01	1.161072451839977870e-01	-9.927832988759378863e-02	1.592767886849422720e-01	-8.201538836150106260e-01	1.000000000000000000e+00	-6.604413243731070693e-02	6.938607671312772840e-02	-1.400618774801692112e-01	1.963245473914886352e-01	-2.573094151723963052e-01	7.848620101495162871e-02	-5.540236060471282614e-02	7.409162265616783816e-02	-4.352060668900311485e-02	4.872666040182702801e-02	-5.326470604754839078e-02	5.251626282372075932e-02	-6.099391769778472056e-02	4.258890466478832543e-02	-4.119853805011727821e-02	6.691118270532518675e-02	-6.190709215439661739e-02	9.678877643913919027e-02	-3.527267950422581511e-02	3.130245257208369436e-02
1.320383543087198797e-01	-1.110962445609551125e-01	1.413773862194765973e-01	-6.774972918336226446e-02	7.629267800752055628e-02	-2.333157473020133210e-01	1.853250451397950027e-01	-1.673098733630405954e-01	6.871956548797210351e-02	-6.604413243731070693e-02	9.999999999999991118e-01	-8.528318559319421066e-01	1.992970189693967775e-01	-9.280767929408142991e-02	9.879022326908114271e-02	-2.972150771035648176e-01	1.703671579166321504e-01	-1.404281900612719958e-01	5.191209016535744403e-02	-4.745547801848031683e-02	1.525680982947258124e-01	-1.433213606676877194e-01	1.211603618859477677e-01	-5.386942619249070890e-02	4.167804899529761048e-02	-1.438752606473355788e-01	1.325389918440158521e-01	-1.594097775004826856e-01	4.205190945630134236e-02	-3.738709072723384041e-02
-1.471483569876828879e-01	1.188275985774049359e-01	-1.569332603128161530e-01	7.219110274489028145e-02	-8.259215269538919268e-02	2.029955595774819432e-01	-2.395804690042260543e-01	1.690931227428364436e-01	-7.351397958092860396e-02	6.938607671312772840e-02	-8.528318559319421066e-01	9.999999999999996669e-01	-2.479763498908056363e-01	9.896429249165684949e-02	-1.079294421583076452e-01	2.155057541043239877e-01	-1.965156142669514938e-01	1.404114895449252165e-01	-5.260505676819612897e-02	4.778298671072219589e-02	-1.471833104026765149e-01	1.394960770101620617e-01	-1.242787092679030619e-01	5.373747433528158757e-02	-4.224382674259115344e-02	1.305700374727387370e-01	-1.325110256601404468e-01	1.498086956076966902e-01	-4.190228899081061692e-02	3.697543956354082395e-02
1.488815492325339940e-01	-1.206630758599372549e-01	1.869567419687379883e-01	-1.141103240840006944e-01	1.258609495116167210e-01	-2.025058778590624886e-01	1.624334568745383900e-01	-2.630234247725357077e-01	1.397846624042051178e-01	-1.400618774801692112e-01	1.992970189693967775e-01	-2.479763498908056363e-01	1.000000000000000222e+00	-3.921977870419564027e-01	2.637246163574968327e-01	-3.182407675091945554e-01	2.253409551331281013e-01	-4.326080311395775757e-01	1.329404129029675419e-01	-1.251708140498958566e-01	2.068423494853348921e-01	-2.227480728468296256e-01	2.604328781787781377e-01	-1.393692266017877157e-01	1.046675777591844630e-01	-2.689977681808107812e-01	2.324499781622310079e-01	-4.109182218074753923e-01	1.048964299930774530e-01	-9.591792776254513819e-02
-8.799225300020994955e-02	7.021735197928334615e-02	-1.193959926804867705e-01	1.134186620127841522e-01	-1.292298858618174118e-01	1.060022792226956584e-01	-8.695378263248325357e-02	1.293742569463756098e-01	-2.345214293150474083e-01	1.963245473914886352e-01	-9.280767929408142991e-02	9.896429249165684949e-02	-3.921977870419564027e-01	9.999999999999994449e-01	-8.149877575177055800e-01	1.327551689120798906e-01	-9.961748244766413518e-02	1.488971279956709248e-01	-1.086826896916013030e-01	1.172669785155549399e-01	-9.159378009279853239e-02	9.461360508979207995e-02	-1.184750136189992586e-01	9.731152775253121279e-02	-9.942472136205221522e-02	1.148903699798346362e-01	-1.074081447206855777e-01	1.731588688384245733e-01	-7.906393877699291473e-02	6.915732702620619454e-02
9.091666984693824727e-02	-7.348606480101746441e-02	1.203904542186171739e-01	-1.194384903747650883e-01	1.297058157119229671e-01	-1.177686043334483651e-01	9.102332266290566465e-02	-1.355314106902716642e-01	1.998237150099099746e-01	-2.573094151723963052e-01	9.879022326908114271e-02	-1.079294421583076452e-01	2.637246163574968327e-01	-8.149877575177055800e-01	1.000000000000000666e+00	-1.655455132570435028e-01	1.132097171035948840e-01	-1.688414583315605011e-01	1.166769318744591416e-01	-1.586594349215227073e-01	1.101360552393154946e-01	-1.118108354769133950e-01	1.317153060798018915e-01	-1.143625361368747484e-01	1.135837671131040560e-01	-1.461685935215623622e-01	1.295901230531945059e-01	-2.248335761337162120e-01	9.124568527302343024e-02	-8.385924147806614326e-02
-1.137926576822172742e-01	8.494067086363975283e-02	-1.349777365717828859e-01	7.304502301411641696e-02	-8.798964653307356221e-02	1.324965499311326067e-01	-1.123813333004209658e-01	1.304807123785936829e-01	-8.227530416299193294e-02	7.848620101495162871e-02	-2.972150771035648176e-01	2.155057541043239877e-01	-3.182407675091945554e-01	1.327551689120798906e-01	-1.655455132570435028e-01	1.000000000000000888e+00	-4.303009481823585336e-01	2.292188142585200594e-01	-8.823708867287465007e-02	7.725879425845047499e-02	-5.853731998813636039e-01	2.842323141983580381e-01	-2.379005668988343203e-01	8.886559556976579566e-02	-7.045084441146798326e-02	2.866660125636928402e-01	-3.247854163535098815e-01	2.451967436204421369e-01	-7.035446477888886163e-02	6.067225007817342308e-02
7.704846153524962105e-02	-5.945633573962780943e-02	9.104197639470949788e-02	-5.022524356496534115e-02	5.906478095031703762e-02	-9.739833677440419557e-02	8.210586612272777196e-02	-9.547198514333227193e-02	5.716225164363430283e-02	-5.540236060471282614e-02	1.703671579166321504e-01	-1.965156142669514938e-01	2.253409551331281013e-01	-9.961748244766413518e-02	1.132097171035948840e-01	-4.303009481823585336e-01	9.999999999999998890e-01	-3.977055603323768063e-01	9.421036343713051764e-02	-7.499424652238488587e-02	2.679346775882148757e-01	-6.889134037840746183e-01	2.853612752826013010e-01	-9.661379734819389165e-02	6.567070954949612294e-02	-2.168015043088007410e-01	1.956373027137741083e-01	-2.326087191869238846e-01	6.590846482977377740e-02	-5.803840160857715036e-02
-8.958519616400588415e-02	6.803988920884480873e-02	-1.107460359426110513e-01	6.371375695589809318e-02	-7.539128851362986161e-02	1.042968192917264614e-01	-8.832334025818544543e-02	1.156294941241138574e-01	-7.678094296807547181e-02	7.409162265616783816e-02	-1.404281900612719958e-01	1.404114895449252165e-01	-4.326080311395775757e-01	1.488971279956709248e-01	-1.688414583315605011e-01	2.292188142585200594e-01	-3.977055603323768063e-01	1.000000000000001998e+00	-1.972920489978027547e-01	1.210256650372450449e-01	-1.977180671960848124e-01	2.787356441290319009e-01	-6.563496475658422424e-01	1.617250700579589140e-01	-1.071453702838379846e-01	1.828966642295432043e-01	-2.078545949981449315e-01	2.724223573963394651e-01	-1.016970997341869465e-01	8.736247729896098879e-02
3.779222085467260489e-02	-2.891969275355861166e-02	4.725085361405459428e-02	-3.168040072969287302e-02	3.683902323735248341e-02	-4.479434558150248435e-02	3.646038362767978908e-02	-4.903281013627602131e-02	4.272628245949551540e-02	-4.352060668900311485e-02	5.191209016535744403e-02	-5.260505676819612897e-02	1.329404129029675419e-01	-1.086826896916013030e-01	1.166769318744591416e-01	-8.823708867287465007e-02	9.421036343713051764e-02	-1.972920489978027547e-01	1.000000000000001332e+00	-4.735956856993866482e-01	7.083126116828064589e-02	-8.904532358812602966e-02	1.472248802778243493e-01	-7.627180285436494511e-01	2.719433682120295792e-01	-7.685852590832933928e-02	8.773856618632298876e-02	-1.342616483625639900e-01	2.175165886118843872e-01	-2.108192405591206020e-01
-3.692494086774548295e-02	2.827396472601162100e-02	-4.663745673237530698e-02	3.308281927811648759e-02	-3.844600964789014752e-02	4.338353999518661935e-02	-3.517674984364029672e-02	4.791831905830290506e-02	-4.640049628707276774e-02	4.872666040182702801e-02	-4.745547801848031683e-02	4.778298671072219589e-02	-1.251708140498958566e-01	1.172669785155549399e-01	-1.586594349215227073e-01	7.725879425845047499e-02	-7.499424652238488587e-02	1.210256650372450449e-01	-4.735956856993866482e-01	1.000000000000000666e+00	-6.179877331280158453e-02	6.985102790240252379e-02	-1.093350330261246839e-01	2.904294664034189344e-01	-7.318312019099371124e-01	6.960626002018119318e-02	-8.310994451017793272e-02	1.230856888271789212e-01	-2.915965483106451317e-01	2.434406743671798379e-01
7.475073727050714212e-02	-5.665394122112980824e-02	8.870247203591959118e-02	-4.891977653849362284e-02	5.827696730206710640e-02	-9.153643992275158070e-02	7.500760922342422643e-02	-8.909937041150887971e-02	5.524019422849649891e-02	-5.326470604754839078e-02	1.525680982947258124e-01	-1.471833104026765149e-01	2.068423494853348921e-01	-9.159378009279853239e-02	1.101360552393154946e-01	-5.853731998813636039e-01	2.679346775882148757e-01	-1.977180671960848124e-01	7.083126116828064589e-02	-6.179877331280158453e-02	1.000000000000001554e+00	-3.955551814714721170e-01	2.037817287734042249e-01	-7.401056204777131664e-02	5.556250806377576595e-02	-5.678609099728230136e-01	2.714128855989285660e-01	-2.377107080140037354e-01	5.782136258471208545e-02	-5.059014687719923242e-02
-7.132081967526515687e-02	5.401010324097067078e-02	-8.529167232115528186e-02	4.738230871971581271e-02	-5.635362376237963017e-02	8.517272017745854129e-02	-7.205437055912958244e-02	8.613850522898185147e-02	-5.447886596514109336e-02	5.251626282372075932e-02	-1.433213606676877194e-01	1.394960770101620617e-01	-2.227480728468296256e-01	9.461360508979207995e-02	-1.118108354769133950e-01	2.842323141983580381e-01	-6.889134037840746183e-01	2.787356441290319009e-01	-8.904532358812602966e-02	6.985102790240252379e-02	-3.955551814714721170e-01	1.000000000000001776e+00	-4.404275251001306679e-01	9.089173742321084160e-02	-6.352646593879369974e-02	2.160782269170301861e-01	-2.176946793233704713e-01	2.224798788484828038e-01	-6.413812965142796918e-02	5.508193485098486497e-02
7.513223570460195178e-02	-5.724090818129652647e-02	9.141634041887397588e-02	-5.295662584797210942e-02	6.238625425387245987e-02	-9.056370293713153496e-02	7.419578324542376591e-02	-9.567994791507813956e-02	6.244328044359982038e-02	-6.099391769778472056e-02	1.211603618859477677e-01	-1.242787092679030619e-01	2.604328781787781377e-01	-1.184750136189992586e-01	1.317153060798018915e-01	-2.379005668988343203e-01	2.853612752826013010e-01	-6.563496475658422424e-01	1.472248802778243493e-01	-1.093350330261246839e-01	2.037817287734042249e-01	-4.404275251001306679e-01	1.000000000000000888e+00	-1.689107494478438165e-01	9.703157780604398930e-02	-2.041127351746033769e-01	2.159347521784145130e-01	-4.243261305652069604e-01	1.001878111412259909e-01	-8.685324259811881553e-02
-3.943031394589614769e-02	2.995422482919718118e-02	-4.922859348666437651e-02	3.209900343046519916e-02	-3.773895924195740104e-02	4.582810269733617742e-02	-3.757446404336331480e-02	5.015105787946790711e-02	-4.244625717618862731e-02	4.258890466478832543e-02	-5.386942619249070890e-02	5.373747433528158757e-02	-1.393692266017877157e-01	9.731152775253121279e-02	-1.143625361368747484e-01	8.886559556976579566e-02	-9.661379734819389165e-02	1.617250700579589140e-01	-7.627180285436494511e-01	2.904294664034189344e-01	-7.401056204777131664e-02	9.089173742321084160e-02	-1.689107494478438165e-01	1.000000000000000666e+00	-3.634724752882977361e-01	7.882399349613881945e-02	-9.522825235033927083e-02	1.389984584880722684e-01	-3.574782224417856757e-01	2.310472805379369388e-01
3.201530085964671146e-02	-2.455827647407260450e-02	4.022954985555201451e-02	-2.835703739435179935e-02	3.272515832850581702e-02	-3.812038269375977312e-02	3.064526087146010255e-02	-4.163918685161922817e-02	3.890755424153709285e-02	-4.119853805011727821e-02	4.167804899529761048e-02	-4.224382674259115344e-02	1.046675777591844630e-01	-9.942472136205221522e-02	1.135837671131040560e-01	-7.045084441146798326e-02	6.567070954949612294e-02	-1.071453702838379846e-01	2.719433682120295792e-01	-7.318312019099371124e-01	5.556250806377576595e-02	-6.352646593879369974e-02	9.703157780604398930e-02	-3.634724752882977361e-01	1.000000000000000444e+00	-6.393328295730321686e-02	7.471857645395105219e-02	-1.193969139528069101e-01	2.740736833032492714e-01	-4.381540871920415192e-01
-9.058700415030797315e-02	6.687383786247064199e-02	-1.097264703298138910e-01	6.123560822200541098e-02	-7.438962061878393039e-02	1.004742875672806346e-01	-8.365581538759832292e-02	1.040193580352492542e-01	-6.997412847776890432e-02	6.691118270532518675e-02	-1.438752606473355788e-01	1.305700374727387370e-01	-2.689977681808107812e-01	1.148903699798346362e-01	-1.461685935215623622e-01	2.866660125636928402e-01	-2.168015043088007410e-01	1.828966642295432043e-01	-7.685852590832933928e-02	6.960626002018119318e-02	-5.678609099728230136e-01	2.160782269170301861e-01	-2.041127351746033769e-01	7.882399349613881945e-02	-6.393328295730321686e-02	1.000000000000000888e+00	-6.245849671807064407e-01	2.718027868906546241e-01	-6.653690136170491154e-02	5.721489981947221887e-02
8.230046838151476585e-02	-6.203581078449605518e-02	9.873676085857317763e-02	-5.594814393776376127e-02	6.667496275662401772e-02	-9.931111023710088859e-02	7.942245635993125386e-02	-9.881584598725241808e-02	6.374204224150960274e-02	-6.190709215439661739e-02	1.325389918440158521e-01	-1.325110256601404468e-01	2.324499781622310079e-01	-1.074081447206855777e-01	1.295901230531945059e-01	-3.247854163535098815e-01	1.956373027137741083e-01	-2.078545949981449315e-01	8.773856618632298876e-02	-8.310994451017793272e-02	2.714128855989285660e-01	-2.176946793233704713e-01	2.159347521784145130e-01	-9.522825235033927083e-02	7.471857645395105219e-02	-6.245849671807064407e-01	1.000000000000001110e+00	-5.698758006367219409e-01	8.803126940787520116e-02	-7.785826652368815770e-02
-1.220307612497782968e-01	8.967090599114262151e-02	-1.506464241408923821e-01	8.618069855875132301e-02	-1.052193799627594850e-01	1.303098940249773630e-01	-1.092758782338928841e-01	1.417287874815641446e-01	-1.012733943317042501e-01	9.678877643913919027e-02	-1.594097775004826856e-01	1.498086956076966902e-01	-4.109182218074753923e-01	1.731588688384245733e-01	-2.248335761337162120e-01	2.451967436204421369e-01	-2.326087191869238846e-01	2.724223573963394651e-01	-1.342616483625639900e-01	1.230856888271789212e-01	-2.377107080140037354e-01	2.224798788484828038e-01	-4.243261305652069604e-01	1.389984584880722684e-01	-1.193969139528069101e-01	2.718027868906546241e-01	-5.698758006367219409e-01	1.000000000000000888e+00	-1.579279576022545595e-01	1.180827953385725909e-01
3.190755061928562952e-02	-2.419233005779977339e-02	3.979152679485030430e-02	-2.624818287169174147e-02	3.076142557223057392e-02	-3.707325855856904995e-02	3.008018825255842285e-02	-4.022929835312662877e-02	3.440442264142393874e-02	-3.527267950422581511e-02	4.205190945630134236e-02	-4.190228899081061692e-02	1.048964299930774530e-01	-7.906393877699291473e-02	9.124568527302343024e-02	-7.035446477888886163e-02	6.590846482977377740e-02	-1.016970997341869465e-01	2.175165886118843872e-01	-2.915965483106451317e-01	5.782136258471208545e-02	-6.413812965142796918e-02	1.001878111412259909e-01	-3.574782224417856757e-01	2.740736833032492714e-01	-6.653690136170491154e-02	8.803126940787520116e-02	-1.579279576022545595e-01	1.000000000000001110e+00	-8.149669851122398612e-01
-2.867868737195874290e-02	2.167288650814949702e-02	-3.582804909992405584e-02	2.347122544567329522e-02	-2.766576385238917607e-02	3.289183919623893393e-02	-2.685251632988035209e-02	3.590481151592812142e-02	-3.080861602186442394e-02	3.130245257208369436e-02	-3.738709072723384041e-02	3.697543956354082395e-02	-9.591792776254513819e-02	6.915732702620619454e-02	-8.385924147806614326e-02	6.067225007817342308e-02	-5.803840160857715036e-02	8.736247729896098879e-02	-2.108192405591206020e-01	2.434406743671798379e-01	-5.059014687719923242e-02	5.508193485098486497e-02	-8.685324259811881553e-02	2.310472805379369388e-01	-4.381540871920415192e-01	5.721489981947221887e-02	-7.785826652368815770e-02	1.180827953385725909e-01	-8.149669851122398612e-01	1.000000000000001110e+00
