1.000000000000000222e+00	-2.057296920191999390e-01	6.044998327863162352e-02	-4.123380070230796279e-02	8.695499820487308240e-02	-9.429296646566570628e-01	1.289825565062548973e-01	-1.008083139288368790e-01	6.376757018385061093e-02	-5.337292823442050388e-02	1.628839284782533925e-01	-1.344390192036636622e-01	8.100468184139091032e-02	-6.708088299579462177e-02	5.280771466607824677e-02	-9.472598607358964640e-02	9.568763410640852840e-02	-7.225214684899874951e-02	5.507028974910575109e-02	-5.016833175828995517e-02	7.002597946580935151e-02	-6.280748353817267038e-02	5.316024252967391228e-02	-4.479778037255675166e-02	4.038266145854576411e-02	-8.195678467041496440e-02	5.685743823020177057e-02	-5.015216984174723780e-02	3.717109905784209828e-02	-4.275179291226970796e-02
-2.057296920191999390e-01	1.000000000000000444e+00	-1.978762784280319875e-01	1.288583514153335274e-01	-2.762553918025509869e-01	1.632100554432171224e-01	-7.371301524176909759e-01	2.740037204906064505e-01	-1.856263254777813509e-01	1.431189261965115367e-01	-2.987660267362056143e-01	2.825465742791964385e-01	-2.281047441282613164e-01	1.712587664477389360e-01	-1.443885808014426231e-01	1.666158758003089824e-01	-2.318435234353118934e-01	1.708657320115462286e-01	-1.429134120121234863e-01	1.269995239477514914e-01	-1.459619434961292039e-01	1.413463040613052724e-01	-1.314437835550659184e-01	1.099064185195472304e-01	-1.017185177815557173e-01	1.537265937469121935e-01	-1.359386441895341635e-01	1.190420956470757963e-01	-9.135280405061201037e-02	1.035508823244460225e-01
6.044998327863162352e-02	-1.978762784280319875e-01	1.000000000000000444e+00	-7.878835166514126520e-01	3.116811407163270209e-01	-6.262459467570243021e-02	1.433426555939593949e-01	-3.060917748792164605e-01	1.637630889181658500e-01	-1.685825965340433663e-01	1.299267462363531966e-01	-1.523173362995686175e-01	1.652329872955272116e-01	-1.676560808729621599e-01	1.351796191484008758e-01	-1.057601502470863902e-01	1.347372645359545817e-01	-1.818342228418914075e-01	1.338006340367883240e-01	-1.414178667562543679e-01	9.822829909806458926e-02	-1.359291056330317882e-01	1.249760258732672408e-01	-1.174879286547591412e-01	1.037106465031435026e-01	-1.353331689614583888e-01	1.150009704478700823e-01	-1.342902849659270981e-01	9.498422988218421792e-02	-1.199293851632910746e-01
-4.123380070230796279e-02	1.288583514153335274e-01	-7.878835166514126520e-01	1.000000000000000444e+00	-5.193399572191597091e-01	4.238672343387485386e-02	-9.707459744016526393e-02	1.877390294366582946e-01	-1.335851527729884081e-01	1.296740409014981166e-01	-9.033572764402005018e-02	1.035694522380896793e-01	-1.169642587293704822e-01	1.195135502368928626e-01	-1.018126822020285344e-01	7.258424105061424270e-02	-9.348555511570109944e-02	1.243112114158865661e-01	-9.509083576409466110e-02	9.989046466755530096e-02	-6.772572303644239233e-02	9.283634854604866371e-02	-8.664782319056642257e-02	8.133663380482865357e-02	-7.255767856136947913e-02	9.196958681247673073e-02	-7.945242733108924538e-02	9.178728543065675649e-02	-6.567376300022775837e-02	8.240657997053055239e-02
8.695499820487308240e-02	-2.762553918025509869e-01	3.116811407163270209e-01	-5.193399572191597091e-01	1.000000000000000888e+00	-9.103847750839268171e-02	1.928940209759638369e-01	-3.644579340900390152e-01	2.347758050724719214e-01	-2.980609407206918915e-01	1.881147020795064240e-01	-2.196669195330528401e-01	2.264521744322462171e-01	-2.453211659728426475e-01	2.125731126755174838e-01	-1.593751173165098289e-01	2.011416778130574456e-01	-2.830239685986712939e-01	2.065558179218406343e-01	-2.251699689010290273e-01	1.494342892258828381e-01	-2.131084845957386675e-01	1.939838723441968948e-01	-1.849545145672201185e-01	1.627456387518961822e-01	-2.112477058825361353e-01	1.781557263678648084e-01	-2.131005684359743024e-01	1.494442017171102588e-01	-1.907860631543454311e-01
-9.429296646566570628e-01	1.632100554432171224e-01	-6.262459467570243021e-02	4.238672343387485386e-02	-9.103847750839268171e-02	1.000000000000000444e+00	-1.313721281018982168e-01	9.697582072454136171e-02	-6.451506868235813708e-02	5.338779690096311092e-02	-2.047611864242833146e-01	1.296080615902981958e-01	-8.153812963785853074e-02	6.625529279388474302e-02	-5.333223740447191885e-02	9.642490501644586376e-02	-1.004661869052718842e-01	7.163395975769233648e-02	-5.546642443321477683e-02	5.001549308410283001e-02	-7.299561750408989358e-02	6.261014254352777197e-02	-5.345097974427801685e-02	4.469738460995003465e-02	-4.049790905321423717e-02	8.027769384838794042e-02	-5.762997402749468756e-02	4.985792983489002739e-02	-3.721476591037921333e-02	4.249208508778737348e-02
1.289825565062548973e-01	-7.371301524176909759e-01	1.433426555939593949e-01	-9.707459744016526393e-02	1.928940209759638369e-01	-1.313721281018982168e-01	1.000000000000000666e+00	-3.940656079567919079e-01	1.581408249042031144e-01	-1.220076653112764781e-01	2.337504602535762643e-01	-4.233278192100683457e-01	2.165930301140402137e-01	-1.608891457003513159e-01	1.189989021357632792e-01	-1.412863727536722847e-01	1.845390684435515571e-01	-1.479601285840279612e-01	1.176270115689892620e-01	-1.066829056771330664e-01	1.144673940329478529e-01	-1.169902634988012752e-01	1.075003483556568329e-01	-9.096647840311557209e-02	8.301793403038724983e-02	-1.282826117905583319e-01	1.075046502032928897e-01	-9.817758201914425498e-02	7.444986064003078496e-02	-8.559525889392224918e-02
-1.008083139288368790e-01	2.740037204906064505e-01	-3.060917748792164605e-01	1.877390294366582946e-01	-3.644579340900390152e-01	9.697582072454136171e-02	-3.940656079567919079e-01	1.000000000000001332e+00	-3.688369617062350891e-01	2.253093509738491318e-01	-2.428043576139398141e-01	2.673111705199479604e-01	-5.201183521730341486e-01	2.880540525836819965e-01	-2.211809394556257802e-01	1.573913142422239120e-01	-2.203131569177509963e-01	2.264617114588753088e-01	-1.995210891354274041e-01	1.793327664747481065e-01	-1.429911757380631920e-01	1.618235305430275051e-01	-1.685371349045601264e-01	1.445105836496578811e-01	-1.350539770758076019e-01	1.616212479088740550e-01	-1.533931750190866417e-01	1.496965444212276231e-01	-1.167981338959266785e-01	1.347412410624203305e-01
6.376757018385061093e-02	-1.856263254777813509e-01	1.637630889181658500e-01	-1.335851527729884081e-01	2.347758050724719214e-01	-6.451506868235813708e-02	1.581408249042031144e-01	-3.688369617062350891e-01	1.000000000000002220e+00	-5.929988220451670733e-01	1.534595816975306282e-01	-1.851410698856104098e-01	2.724303240099004153e-01	-5.371466885577290684e-01	2.853468488676746406e-01	-1.153785536799814410e-01	1.560658890613729755e-01	-2.152403772394866632e-01	2.034119782601686299e-01	-2.263094779116069932e-01	1.044826300873322178e-01	-1.400919740961139026e-01	1.501979792664812352e-01	-1.455010467014155040e-01	1.357719288444399208e-01	-1.292960253156841266e-01	1.268556371756781598e-01	-1.430929609620517629e-01	1.114637533548237802e-01	-1.371733346698879585e-01
-5.337292823442050388e-02	1.431189261965115367e-01	-1.685825965340433663e-01	1.296740409014981166e-01	-2.980609407206918915e-01	5.338779690096311092e-02	-1.220076653112764781e-01	2.253093509738491318e-01	-5.929988220451670733e-01	9.999999999999995559e-01	-1.331759029225406121e-01	1.448986105301442173e-01	-2.108983905946755222e-01	2.743323187415936393e-01	-5.945386752512012984e-01	1.013275177884876421e-01	-1.418437669075179042e-01	1.924038424477453879e-01	-2.304231596297526830e-01	2.475669054525613533e-01	-9.512842142706146031e-02	1.294496124177419993e-01	-1.478360893420988531e-01	1.453018391279795041e-01	-1.488024718084902109e-01	1.156925313329188326e-01	-1.222576426970112123e-01	1.354610478618551439e-01	-1.123419851038682249e-01	1.343451178559639525e-01
1.628839284782533925e-01	-2.987660267362056143e-01	1.299267462363531966e-01	-9.033572764402005018e-02	1.881147020795064240e-01	-2.047611864242833146e-01	2.337504602535762643e-01	-2.428043576139398141e-01	1.534595816975306282e-01	-1.331759029225406121e-01	1.000000000000003331e+00	-5.869627172583865571e-01	2.153837610090330867e-01	-1.809997913715788997e-01	1.318859960204021575e-01	-4.974030584982134240e-01	3.007250803817027029e-01	-2.036884146469522261e-01	1.437191714839054502e-01	-1.310114423682477158e-01	2.311611857401298376e-01	-1.844056605410774596e-01	1.440042790166363995e-01	-1.200530687402720093e-01	1.061957255003479761e-01	-2.746421943611740968e-01	1.594298748722968173e-01	-1.368404659594520956e-01	9.941672752459194962e-02	-1.142072052079244060e-01
-1.344390192036636622e-01	2.825465742791964385e-01	-1.523173362995686175e-01	1.035694522380896793e-01	-2.196669195330528401e-01	1.296080615902981958e-01	-4.233278192100683457e-01	2.673111705199479604e-01	-1.851410698856104098e-01	1.448986105301442173e-01	-5.869627172583865571e-01	1.000000000000002887e+00	-3.654049846544969449e-01	2.062176845590790730e-01	-1.499548875792508784e-01	2.512981498179308049e-01	-3.765069825594026254e-01	2.021836350643791136e-01	-1.561570961153487813e-01	1.359222261918041907e-01	-1.874342408965477269e-01	1.693633138706491237e-01	-1.479761874911945940e-01	1.203413179669289568e-01	-1.091344100075549439e-01	1.933117017425775297e-01	-1.556506719611361611e-01	1.310851095779392295e-01	-9.932756792353453212e-02	1.117449026298482362e-01
8.100468184139091032e-02	-2.281047441282613164e-01	1.652329872955272116e-01	-1.169642587293704822e-01	2.264521744322462171e-01	-8.153812963785853074e-02	2.165930301140402137e-01	-5.201183521730341486e-01	2.724303240099004153e-01	-2.108983905946755222e-01	2.153837610090330867e-01	-3.654049846544969449e-01	1.000000000000001110e+00	-5.839230773977223121e-01	2.058285540544870507e-01	-1.489098584514229051e-01	2.007569238643284737e-01	-2.947657763476655979e-01	2.016419869574017643e-01	-1.836997036954436391e-01	1.249768560027058883e-01	-1.537969001356718213e-01	1.683141382873996061e-01	-1.449950507887181883e-01	1.289971190510732502e-01	-1.480675040566347966e-01	1.387427077476255377e-01	-1.457560290329543151e-01	1.117028088815674586e-01	-1.311152937247961059e-01
-6.708088299579462177e-02	1.712587664477389360e-01	-1.676560808729621599e-01	1.195135502368928626e-01	-2.453211659728426475e-01	6.625529279388474302e-02	-1.608891457003513159e-01	2.880540525836819965e-01	-5.371466885577290684e-01	2.743323187415936393e-01	-1.809997913715788997e-01	2.062176845590790730e-01	-5.839230773977223121e-01	1.000000000000004663e+00	-3.389645058760153429e-01	1.246956075241917039e-01	-1.766425236009875055e-01	2.260895510506923112e-01	-2.669433901453551750e-01	2.172913988614171565e-01	-1.124261801258959748e-01	1.417196861248441742e-01	-1.636333267023121207e-01	1.515319194558392979e-01	-1.427521342739419830e-01	1.309943386949696253e-01	-1.336909745090741897e-01	1.413073667019552615e-01	-1.152234612430969724e-01	1.340317955688782869e-01
5.280771466607824677e-02	-1.443885808014426231e-01	1.351796191484008758e-01	-1.018126822020285344e-01	2.125731126755174838e-01	-5.333223740447191885e-02	1.189989021357632792e-01	-2.211809394556257802e-01	2.853468488676746406e-01	-5.945386752512012984e-01	1.318859960204021575e-01	-1.499548875792508784e-01	2.058285540544870507e-01	-3.389645058760153429e-01	9.999999999999952260e-01	-1.055487953764417675e-01	1.459354838824742928e-01	-2.340456596083230756e-01	2.637547099685787488e-01	-5.370883789912754835e-01	9.768739470951993964e-02	-1.446992326605311685e-01	1.677769319683156679e-01	-1.829269915784551004e-01	1.841761821300484936e-01	-1.223783709557253740e-01	1.322064099899233902e-01	-1.623430730464631710e-01	1.327328269803807193e-01	-1.736876764103120752e-01
-9.472598607358964640e-02	1.666158758003089824e-01	-1.057601502470863902e-01	7.258424105061424270e-02	-1.593751173165098289e-01	9.642490501644586376e-02	-1.412863727536722847e-01	1.573913142422239120e-01	-1.153785536799814410e-01	1.013275177884876421e-01	-4.974030584982134240e-01	2.512981498179308049e-01	-1.489098584514229051e-01	1.246956075241917039e-01	-1.055487953764417675e-01	1.000000000000000666e+00	-5.733488213179199766e-01	1.777719912975493366e-01	-1.241772377562425506e-01	1.058293811666526502e-01	-4.988520907630697443e-01	1.852699831131753572e-01	-1.343066805833141031e-01	1.036891283091226357e-01	-9.205337599944128646e-02	2.887728739049630899e-01	-1.692388446012468017e-01	1.204906812496238655e-01	-8.848127696090583860e-02	9.668457009776701416e-02
9.568763410640852840e-02	-2.318435234353118934e-01	1.347372645359545817e-01	-9.348555511570109944e-02	2.011416778130574456e-01	-1.004661869052718842e-01	1.845390684435515571e-01	-2.203131569177509963e-01	1.560658890613729755e-01	-1.418437669075179042e-01	3.007250803817027029e-01	-3.765069825594026254e-01	2.007569238643284737e-01	-1.766425236009875055e-01	1.459354838824742928e-01	-5.733488213179199766e-01	9.999999999999998890e-01	-3.282960353710625001e-01	1.804159677169477061e-01	-1.558186596319998674e-01	2.663544722434870726e-01	-3.463372208366931604e-01	2.030355691794225592e-01	-1.561343509660616802e-01	1.338645671257367442e-01	-3.374143794004468289e-01	2.304540088927048425e-01	-1.805649685470243626e-01	1.290430077887974036e-01	-1.437404835227947264e-01
-7.225214684899874951e-02	1.708657320115462286e-01	-1.818342228418914075e-01	1.243112114158865661e-01	-2.830239685986712939e-01	7.163395975769233648e-02	-1.479601285840279612e-01	2.264617114588753088e-01	-2.152403772394866632e-01	1.924038424477453879e-01	-2.036884146469522261e-01	2.021836350643791136e-01	-2.947657763476655979e-01	2.260895510506923112e-01	-2.340456596083230756e-01	1.777719912975493366e-01	-3.282960353710625001e-01	9.999999999999978906e-01	-4.714650696106127969e-01	2.523205289301710397e-01	-1.622194372932452000e-01	2.392495009995012634e-01	-5.274700394050074737e-01	2.671208517436421404e-01	-2.263179244525405365e-01	1.827808559002159217e-01	-2.308163406465906786e-01	2.420276682470512974e-01	-1.998131714087325039e-01	2.039876725788617728e-01
5.507028974910575109e-02	-1.429134120121234863e-01	1.338006340367883240e-01	-9.509083576409466110e-02	2.065558179218406343e-01	-5.546642443321477683e-02	1.176270115689892620e-01	-1.995210891354274041e-01	2.034119782601686299e-01	-2.304231596297526830e-01	1.437191714839054502e-01	-1.561570961153487813e-01	2.016419869574017643e-01	-2.669433901453551750e-01	2.637547099685787488e-01	-1.241772377562425506e-01	1.804159677169477061e-01	-4.714650696106127969e-01	1.000000000000001554e+00	-5.831977395235835582e-01	1.143183149992089698e-01	-1.884751707272618315e-01	2.659555497792242540e-01	-3.953754688791870642e-01	2.584841205383919815e-01	-1.419782131809665948e-01	1.721884491362167535e-01	-2.263500207555590449e-01	1.959789956796753052e-01	-2.353886701277095872e-01
-5.016833175828995517e-02	1.269995239477514914e-01	-1.414178667562543679e-01	9.989046466755530096e-02	-2.251699689010290273e-01	5.001549308410283001e-02	-1.066829056771330664e-01	1.793327664747481065e-01	-2.263094779116069932e-01	2.475669054525613533e-01	-1.310114423682477158e-01	1.359222261918041907e-01	-1.836997036954436391e-01	2.172913988614171565e-01	-5.370883789912754835e-01	1.058293811666526502e-01	-1.558186596319998674e-01	2.523205289301710397e-01	-5.831977395235835582e-01	9.999999999999995559e-01	-1.011777440068060974e-01	1.540209738218898394e-01	-2.135300538487203414e-01	2.470182669270964693e-01	-3.492727340199876518e-01	1.213586863819915707e-01	-1.517239166068150014e-01	1.805880532405990668e-01	-1.740962843228889001e-01	2.122105388717449859e-01
7.002597946580935151e-02	-1.459619434961292039e-01	9.822829909806458926e-02	-6.772572303644239233e-02	1.494342892258828381e-01	-7.299561750408989358e-02	1.144673940329478529e-01	-1.429911757380631920e-01	1.044826300873322178e-01	-9.512842142706146031e-02	2.311611857401298376e-01	-1.874342408965477269e-01	1.249768560027058883e-01	-1.124261801258959748e-01	9.768739470951993964e-02	-4.988520907630697443e-01	2.663544722434870726e-01	-1.622194372932452000e-01	1.143183149992089698e-01	-1.011777440068060974e-01	9.999999999999984457e-01	-2.039554003829619211e-01	1.282964331776547118e-01	-1.027696160874482512e-01	9.030782496170838836e-02	-7.471323031456050812e-01	1.878780573361797657e-01	-1.278053565922794843e-01	8.970622873934169794e-02	-9.875010932432520816e-02
-6.280748353817267038e-02	1.413463040613052724e-01	-1.359291056330317882e-01	9.283634854604866371e-02	-2.131084845957386675e-01	6.261014254352777197e-02	-1.169902634988012752e-01	1.618235305430275051e-01	-1.400919740961139026e-01	1.294496124177419993e-01	-1.844056605410774596e-01	1.693633138706491237e-01	-1.537969001356718213e-01	1.417196861248441742e-01	-1.446992326605311685e-01	1.852699831131753572e-01	-3.463372208366931604e-01	2.392495009995012634e-01	-1.884751707272618315e-01	1.540209738218898394e-01	-2.039554003829619211e-01	9.999999999999992228e-01	-3.560127098640687993e-01	1.951937381542680761e-01	-1.722529831732986794e-01	2.256112567520074663e-01	-7.251050538384575805e-01	2.591720240787550589e-01	-1.883339420015870402e-01	1.746351704967260554e-01
5.316024252967391228e-02	-1.314437835550659184e-01	1.249760258732672408e-01	-8.664782319056642257e-02	1.939838723441968948e-01	-5.345097974427801685e-02	1.075003483556568329e-01	-1.685371349045601264e-01	1.501979792664812352e-01	-1.478360893420988531e-01	1.440042790166363995e-01	-1.479761874911945940e-01	1.683141382873996061e-01	-1.636333267023121207e-01	1.677769319683156679e-01	-1.343066805833141031e-01	2.030355691794225592e-01	-5.274700394050074737e-01	2.659555497792242540e-01	-2.135300538487203414e-01	1.282964331776547118e-01	-3.560127098640687993e-01	9.999999999999997780e-01	-4.793831486611169757e-01	2.506335950099360943e-01	-1.591435422849064030e-01	2.559302432154627049e-01	-4.340362940230562683e-01	2.583363973913745393e-01	-2.686938117944363547e-01
-4.479778037255675166e-02	1.099064185195472304e-01	-1.174879286547591412e-01	8.133663380482865357e-02	-1.849545145672201185e-01	4.469738460995003465e-02	-9.096647840311557209e-02	1.445105836496578811e-01	-1.455010467014155040e-01	1.453018391279795041e-01	-1.200530687402720093e-01	1.203413179669289568e-01	-1.449950507887181883e-01	1.515319194558392979e-01	-1.829269915784551004e-01	1.036891283091226357e-01	-1.561343509660616802e-01	2.671208517436421404e-01	-3.953754688791870642e-01	2.470182669270964693e-01	-1.027696160874482512e-01	1.951937381542680761e-01	-4.793831486611169757e-01	9.999999999999998890e-01	-5.501683066501085184e-01	1.237973930258381289e-01	-2.008920347644770066e-01	2.750770150043382323e-01	-3.959559601787202565e-01	3.028392556945940228e-01
4.038266145854576411e-02	-1.017185177815557173e-01	1.037106465031435026e-01	-7.255767856136947913e-02	1.627456387518961822e-01	-4.049790905321423717e-02	8.301793403038724983e-02	-1.350539770758076019e-01	1.357719288444399208e-01	-1.488024718084902109e-01	1.061957255003479761e-01	-1.091344100075549439e-01	1.289971190510732502e-01	-1.427521342739419830e-01	1.841761821300484936e-01	-9.205337599944128646e-02	1.338645671257367442e-01	-2.263179244525405365e-01	2.584841205383919815e-01	-3.492727340199876518e-01	9.030782496170838836e-02	-1.722529831732986794e-01	2.506335950099360943e-01	-5.501683066501085184e-01	1.000000000000000000e+00	-1.121825038204735947e-01	1.676006984964701352e-01	-2.653708198353399439e-01	2.839382702955263182e-01	-6.116911661845272352e-01
-8.195678467041496440e-02	1.537265937469121935e-01	-1.353331689614583888e-01	9.196958681247673073e-02	-2.112477058825361353e-01	8.027769384838794042e-02	-1.282826117905583319e-01	1.616212479088740550e-01	-1.292960253156841266e-01	1.156925313329188326e-01	-2.746421943611740968e-01	1.933117017425775297e-01	-1.480675040566347966e-01	1.309943386949696253e-01	-1.223783709557253740e-01	2.887728739049630899e-01	-3.374143794004468289e-01	1.827808559002159217e-01	-1.419782131809665948e-01	1.213586863819915707e-01	-7.471323031456050812e-01	2.256112567520074663e-01	-1.591435422849064030e-01	1.237973930258381289e-01	-1.121825038204735947e-01	1.000000000000000222e+00	-3.014986252517454224e-01	1.557340316936838831e-01	-1.132214334693281699e-01	1.181265748018415218e-01
5.685743823020177057e-02	-1.359386441895341635e-01	1.150009704478700823e-01	-7.945242733108924538e-02	1.781557263678648084e-01	-5.762997402749468756e-02	1.075046502032928897e-01	-1.533931750190866417e-01	1.268556371756781598e-01	-1.222576426970112123e-01	1.594298748722968173e-01	-1.556506719611361611e-01	1.387427077476255377e-01	-1.336909745090741897e-01	1.322064099899233902e-01	-1.692388446012468017e-01	2.304540088927048425e-01	-2.308163406465906786e-01	1.721884491362167535e-01	-1.517239166068150014e-01	1.878780573361797657e-01	-7.251050538384575805e-01	2.559302432154627049e-01	-2.008920347644770066e-01	1.676006984964701352e-01	-3.014986252517454224e-01	9.999999999999997780e-01	-4.097608689878269317e-01	2.041056925565598312e-01	-2.058613702367607101e-01
-5.015216984174723780e-02	1.190420956470757963e-01	-1.342902849659270981e-01	9.178728543065675649e-02	-2.131005684359743024e-01	4.985792983489002739e-02	-9.817758201914425498e-02	1.496965444212276231e-01	-1.430929609620517629e-01	1.354610478618551439e-01	-1.368404659594520956e-01	1.310851095779392295e-01	-1.457560290329543151e-01	1.413073667019552615e-01	-1.623430730464631710e-01	1.204906812496238655e-01	-1.805649685470243626e-01	2.420276682470512974e-01	-2.263500207555590449e-01	1.805880532405990668e-01	-1.278053565922794843e-01	2.591720240787550589e-01	-4.340362940230562683e-01	2.750770150043382323e-01	-2.653708198353399439e-01	1.557340316936838831e-01	-4.097608689878269317e-01	9.999999999999995559e-01	-6.029500876453707248e-01	2.792646976605197007e-01
3.717109905784209828e-02	-9.135280405061201037e-02	9.498422988218421792e-02	-6.567376300022775837e-02	1.494442017171102588e-01	-3.721476591037921333e-02	7.444986064003078496e-02	-1.167981338959266785e-01	1.114637533548237802e-01	-1.123419851038682249e-01	9.941672752459194962e-02	-9.932756792353453212e-02	1.117028088815674586e-01	-1.152234612430969724e-01	1.327328269803807193e-01	-8.848127696090583860e-02	1.290430077887974036e-01	-1.998131714087325039e-01	1.959789956796753052e-01	-1.740962843228889001e-01	8.970622873934169794e-02	-1.883339420015870402e-01	2.583363973913745393e-01	-3.959559601787202565e-01	2.839382702955263182e-01	-1.132214334693281699e-01	2.041056925565598312e-01	-6.029500876453707248e-01	9.999999999999994449e-01	-5.716894633746266718e-01
-4.275179291226970796e-02	1.035508823244460225e-01	-1.199293851632910746e-01	8.240657997053055239e-02	-1.907860631543454311e-01	4.249208508778737348e-02	-8.559525889392224918e-02	1.347412410624203305e-01	-1.371733346698879585e-01	1.343451178559639525e-01	-1.142072052079244060e-01	1.117449026298482362e-01	-1.311152937247961059e-01	1.340317955688782869e-01	-1.736876764103120752e-01	9.668457009776701416e-02	-1.437404835227947264e-01	2.039876725788617728e-01	-2.353886701277095872e-01	2.122105388717449859e-01	-9.875010932432520816e-02	1.746351704967260554e-01	-2.686938117944363547e-01	3.028392556945940228e-01	-6.116911661845272352e-01	1.181265748018415218e-01	-2.058613702367607101e-01	2.792646976605197007e-01	-5.716894633746266718e-01	9.999999999999994449e-01
