1.000000000000000000e+00	-9.757880032952629401e-01	4.877127209593253715e-02	-5.607880117316513258e-02	4.178954059903866591e-02	-1.125905962853380876e-01	1.201267126128206103e-01	-5.889411920596059058e-02	3.815973922873716617e-02	-2.620034573407870049e-02	8.977193635654627524e-02	-1.026060627813156628e-01	7.114915669184163072e-02	-4.183970550386620357e-02	3.934290373024324633e-02	-5.206067982580610265e-02	5.540232931029428348e-02	-4.542828508612477972e-02	3.628869666100648095e-02	-2.428609190054824632e-02	4.051674318742153752e-02	-4.167516643945808064e-02	3.893900429618973175e-02	-3.409259279535723636e-02	2.050587187790262056e-02	-4.588977672400759711e-02	3.698880507525562772e-02	-3.959575682797362994e-02	3.485857634775428593e-02	-5.558530329835510014e-02
-9.757880032952629401e-01	1.000000000000000222e+00	-4.972654098110439874e-02	5.353713474538605854e-02	-4.122980512734997216e-02	1.002450799418023869e-01	-1.370984956594687998e-01	5.774484485399796613e-02	-3.750829542476821071e-02	2.572100621496982431e-02	-9.176277347684834440e-02	9.824127771677075571e-02	-7.171646769786486908e-02	4.053422906227028416e-02	-3.869394803429369867e-02	4.995679403735015650e-02	-5.476382570490129220e-02	4.407814100956806286e-02	-3.536133433880560978e-02	2.315021635877172537e-02	-3.962459699155564119e-02	4.017965186940386513e-02	-3.789144662038824996e-02	3.284608244852478542e-02	-1.961508608504194257e-02	4.367373077612365234e-02	-3.591181173010664363e-02	3.794142796979615290e-02	-3.365466171950649843e-02	5.249747711744911366e-02
4.877127209593253715e-02	-4.972654098110439874e-02	1.000000000000000666e+00	-4.809674334432061382e-01	1.852776525781351102e-01	-9.145038374904963796e-02	1.748136626935866689e-01	-7.839508898112886870e-01	1.883900516094287048e-01	-1.191743000448511475e-01	8.344569599128241755e-02	-1.566445977701035608e-01	1.985018766430608761e-01	-1.639952699071307307e-01	1.632710295380637167e-01	-9.483688438835322088e-02	1.116765593063614170e-01	-1.142947633544434266e-01	9.937999527067101213e-02	-7.288334619251181368e-02	7.869369607628109997e-02	-8.925604305496157020e-02	9.611225363607327210e-02	-9.142261495255189774e-02	6.146286361265885373e-02	-9.995646026464941047e-02	8.197832658275923390e-02	-9.975859839668065054e-02	9.314344287485389062e-02	-1.566002520193739977e-01
-5.607880117316513258e-02	5.353713474538605854e-02	-4.809674334432061382e-01	1.000000000000000666e+00	-4.584569903611360742e-01	9.642224154503321876e-02	-1.844139963468185706e-01	2.902580931947105203e-01	-4.191092467984828818e-01	2.573070702071738047e-01	-9.750928847355495865e-02	1.570074957119959591e-01	-3.136487021817698784e-01	2.811581473224147865e-01	-3.685468609047412580e-01	1.265787636754190926e-01	-1.606035465645442861e-01	1.664647160180547925e-01	-1.602299708642153098e-01	1.186165689293029041e-01	-1.125556704694695986e-01	1.265170551181032943e-01	-1.482188114441995719e-01	1.399674601522353512e-01	-1.023035570838528169e-01	1.390774993402193183e-01	-1.218461378524814259e-01	1.470613041136225319e-01	-1.467299979369188767e-01	2.312454630461455996e-01
4.178954059903866591e-02	-4.122980512734997216e-02	1.852776525781351102e-01	-4.584569903611360742e-01	1.000000000000000888e+00	-8.113785046610477725e-02	1.322162911378061967e-01	-2.225713540135843826e-01	3.097295263144783095e-01	-5.950538314463317269e-01	7.890461551493589687e-02	-1.270653562106318080e-01	2.265892256720906106e-01	-3.610471690496127595e-01	3.254511094922676318e-01	-1.266513597986952122e-01	1.457676957302913856e-01	-1.645575197376376309e-01	1.599183375454652778e-01	-1.562612255985079690e-01	1.089688574483919786e-01	-1.273397642959293030e-01	1.456942146379482939e-01	-1.557922285008716545e-01	1.241136388588989919e-01	-1.517783116760465789e-01	1.212374186592924258e-01	-1.651438584761122097e-01	1.585271314808920362e-01	-3.300986288282090064e-01
-1.125905962853380876e-01	1.002450799418023869e-01	-9.145038374904963796e-02	9.642224154503321876e-02	-8.113785046610477725e-02	1.000000000000001110e+00	-3.378495146502218938e-01	1.081605302681872549e-01	-7.389921537347997338e-02	5.058794081648845808e-02	-8.709604210585513151e-01	2.458829124731561067e-01	-1.591358275351536511e-01	8.066624869733488024e-02	-7.670020574370396693e-02	1.551917226846122599e-01	-1.475604656514512281e-01	9.942653400205457570e-02	-7.760602838303003181e-02	4.566968088674242671e-02	-1.215712038452936156e-01	9.875608536870310317e-02	-8.679179543405438069e-02	7.038364922158057979e-02	-3.908045527222243215e-02	1.008028004304690195e-01	-8.767637126015116744e-02	8.198572829997029243e-02	-7.198120922740232352e-02	1.018103904269058169e-01
1.201267126128206103e-01	-1.370984956594687998e-01	1.748136626935866689e-01	-1.844139963468185706e-01	1.322162911378061967e-01	-3.378495146502218938e-01	1.000000000000000888e+00	-2.776035204013224122e-01	1.261109460779287206e-01	-8.465251598634294938e-02	2.475255063363829000e-01	-7.533426762732702286e-01	2.488093986751862829e-01	-1.408310870497028744e-01	1.251322438963548556e-01	-1.730119373549596218e-01	1.955578934981252459e-01	-1.604817937184360166e-01	1.196845516309066049e-01	-7.829149744475495665e-02	1.278602326357373420e-01	-1.428145291593961308e-01	1.277187770331614791e-01	-1.132310485595103972e-01	6.587397994588421735e-02	-1.493173658304883245e-01	1.182444923830980599e-01	-1.305934800658904715e-01	1.126150073056230161e-01	-1.787562353009851113e-01
-5.889411920596059058e-02	5.774484485399796613e-02	-7.839508898112886870e-01	2.902580931947105203e-01	-2.225713540135843826e-01	1.081605302681872549e-01	-2.776035204013224122e-01	1.000000000000000888e+00	-2.401694080986079560e-01	1.400210211918077874e-01	-1.038048665428301098e-01	1.869078086482038603e-01	-2.787117155586084638e-01	1.828792349184151511e-01	-1.954744966473875578e-01	1.076785394351685854e-01	-1.340203103171962729e-01	1.339288378425037840e-01	-1.165523451664396831e-01	8.011556985023859934e-02	-9.102300827786162507e-02	1.020846757442425701e-01	-1.122095154033453529e-01	1.036383232395681198e-01	-6.827934686913041118e-02	1.108492209295250386e-01	-9.400441697574685174e-02	1.117674259968893108e-01	-1.060938542355288894e-01	1.673290417246026118e-01
3.815973922873716617e-02	-3.750829542476821071e-02	1.883900516094287048e-01	-4.191092467984828818e-01	3.097295263144783095e-01	-7.389921537347997338e-02	1.261109460779287206e-01	-2.401694080986079560e-01	1.000000000000002220e+00	-4.768932103210458129e-01	7.222687697452567779e-02	-1.198701511843319883e-01	2.242555626131987889e-01	-6.188814431317940512e-01	3.208157504547243799e-01	-1.096166072560587623e-01	1.308800201983900124e-01	-1.540057595526090617e-01	1.601249251869051315e-01	-1.215170145534981150e-01	9.449259215162238157e-02	-1.107309450268743195e-01	1.298053173925165782e-01	-1.434730158966877334e-01	9.956393286377988872e-02	-1.260257395742946651e-01	1.040202672289115282e-01	-1.398961165872811829e-01	1.363240932800529881e-01	-2.433034308348919483e-01
-2.620034573407870049e-02	2.572100621496982431e-02	-1.191743000448511475e-01	2.573070702071738047e-01	-5.950538314463317269e-01	5.058794081648845808e-02	-8.465251598634294938e-02	1.400210211918077874e-01	-4.768932103210458129e-01	1.000000000000003109e+00	-4.962397160371383870e-02	8.050762471426049782e-02	-1.516638723904518704e-01	2.909356886772276329e-01	-5.738751312450538489e-01	7.778724284657052845e-02	-9.190791357803580752e-02	1.055555229861332850e-01	-1.077799526363335397e-01	1.050479590519341061e-01	-6.732431465465703313e-02	7.873081645248312943e-02	-9.200560990589636001e-02	9.963638898524893039e-02	-8.532945572004500823e-02	9.131987686614161104e-02	-7.471076499859627407e-02	1.010786966128915665e-01	-9.912778737554353570e-02	1.910861224934050639e-01
8.977193635654627524e-02	-9.176277347684834440e-02	8.344569599128241755e-02	-9.750928847355495865e-02	7.890461551493589687e-02	-8.709604210585513151e-01	2.475255063363829000e-01	-1.038048665428301098e-01	7.222687697452567779e-02	-4.962397160371383870e-02	1.000000000000000888e+00	-3.221437046434273421e-01	1.536020252129181030e-01	-8.157803040102011571e-02	7.517277542330202955e-02	-1.991660739170359740e-01	1.496769598478716046e-01	-1.033206102607254345e-01	7.852127209677770003e-02	-4.729109402871353035e-02	1.248991172058570853e-01	-1.049030761184443911e-01	8.837830805969137948e-02	-7.267021187324822218e-02	4.025456822555627256e-02	-1.085809388399371633e-01	8.978728402310928725e-02	-8.553115591516699534e-02	7.357211534949112397e-02	-1.068928381189674232e-01
-1.026060627813156628e-01	9.824127771677075571e-02	-1.566445977701035608e-01	1.570074957119959591e-01	-1.270653562106318080e-01	2.458829124731561067e-01	-7.533426762732702286e-01	1.869078086482038603e-01	-1.198701511843319883e-01	8.050762471426049782e-02	-3.221437046434273421e-01	1.000000000000001554e+00	-3.599749142775403032e-01	1.342775970618372006e-01	-1.209540850600673290e-01	1.724958046724575089e-01	-2.626948029657948935e-01	1.703226966960068034e-01	-1.244834796596747256e-01	7.298587506626848243e-02	-1.332663040882430816e-01	1.458914420038490423e-01	-1.328764079666797104e-01	1.122975478376025404e-01	-6.204091994332924104e-02	1.426730816776566879e-01	-1.206236608878303862e-01	1.272524969352477608e-01	-1.113701185126454440e-01	1.632135830015548073e-01
7.114915669184163072e-02	-7.171646769786486908e-02	1.985018766430608761e-01	-3.136487021817698784e-01	2.265892256720906106e-01	-1.591358275351536511e-01	2.488093986751862829e-01	-2.787117155586084638e-01	2.242555626131987889e-01	-1.516638723904518704e-01	1.536020252129181030e-01	-3.599749142775403032e-01	9.999999999999991118e-01	-3.297461092220015932e-01	2.268446119560742491e-01	-2.270792260875685031e-01	2.622523796858668432e-01	-4.408286379552278644e-01	2.515374559317420933e-01	-1.628970896240410360e-01	1.815131384506843137e-01	-2.215300379103800621e-01	2.451766203697467450e-01	-2.409825642334227636e-01	1.349742556540990124e-01	-2.423398937072032966e-01	1.913535841785798663e-01	-2.616235985500906525e-01	2.242026180039980443e-01	-3.788832507105230341e-01
-4.183970550386620357e-02	4.053422906227028416e-02	-1.639952699071307307e-01	2.811581473224147865e-01	-3.610471690496127595e-01	8.066624869733488024e-02	-1.408310870497028744e-01	1.828792349184151511e-01	-6.188814431317940512e-01	2.909356886772276329e-01	-8.157803040102011571e-02	1.342775970618372006e-01	-3.297461092220015932e-01	9.999999999999993339e-01	-4.868002500411465761e-01	1.235220737777288219e-01	-1.575735171138374635e-01	1.919087544235447695e-01	-2.521208022248579983e-01	1.316273112380397237e-01	-1.087327368590044335e-01	1.276413014825619474e-01	-1.595825802339983501e-01	1.750126696514082980e-01	-1.132840247677202178e-01	1.379697204959029477e-01	-1.199818656230443453e-01	1.592696723217515153e-01	-1.654576704320561975e-01	2.440496136509027469e-01
3.934290373024324633e-02	-3.869394803429369867e-02	1.632710295380637167e-01	-3.685468609047412580e-01	3.254511094922676318e-01	-7.670020574370396693e-02	1.251322438963548556e-01	-1.954744966473875578e-01	3.208157504547243799e-01	-5.738751312450538489e-01	7.517277542330202955e-02	-1.209540850600673290e-01	2.268446119560742491e-01	-4.868002500411465761e-01	1.000000000000001110e+00	-1.220125688490288351e-01	1.426513129323792595e-01	-1.661015296435531807e-01	1.689882465209232854e-01	-1.981474603827518832e-01	1.054563495592307221e-01	-1.239628643082027332e-01	1.449655495906040925e-01	-1.605944304563363956e-01	1.468434718972886632e-01	-1.449154264121607083e-01	1.176692359705900914e-01	-1.622686050908813127e-01	1.591760152509124338e-01	-3.227327411577464167e-01
-5.206067982580610265e-02	4.995679403735015650e-02	-9.483688438835322088e-02	1.265787636754190926e-01	-1.266513597986952122e-01	1.551917226846122599e-01	-1.730119373549596218e-01	1.076785394351685854e-01	-1.096166072560587623e-01	7.778724284657052845e-02	-1.991660739170359740e-01	1.724958046724575089e-01	-2.270792260875685031e-01	1.235220737777288219e-01	-1.220125688490288351e-01	9.999999999999996669e-01	-5.157722841478441511e-01	2.055888857950773363e-01	-1.593956714789641627e-01	7.658478293243839441e-02	-6.739618379040320795e-01	2.831934976173507423e-01	-2.047517015637613513e-01	1.393259469132433759e-01	-6.725497240288061396e-02	2.637453452128204479e-01	-2.486699378614713463e-01	1.716204029146729815e-01	-1.460101069857134004e-01	1.669820488623881549e-01
5.540232931029428348e-02	-5.476382570490129220e-02	1.116765593063614170e-01	-1.606035465645442861e-01	1.457676957302913856e-01	-1.475604656514512281e-01	1.955578934981252459e-01	-1.340203103171962729e-01	1.308800201983900124e-01	-9.190791357803580752e-02	1.496769598478716046e-01	-2.626948029657948935e-01	2.622523796858668432e-01	-1.575735171138374635e-01	1.426513129323792595e-01	-5.157722841478441511e-01	1.000000000000000666e+00	-4.078873840391075700e-01	2.125494141817847737e-01	-1.023924039147577902e-01	2.949792882417688888e-01	-4.750578148570814285e-01	2.585484419761954755e-01	-1.984693416612334227e-01	8.821887717304502385e-02	-3.165252461647354298e-01	2.560909367597781205e-01	-2.357251303021025424e-01	1.845393466983790698e-01	-2.278374666430145190e-01
-4.542828508612477972e-02	4.407814100956806286e-02	-1.142947633544434266e-01	1.664647160180547925e-01	-1.645575197376376309e-01	9.942653400205457570e-02	-1.604817937184360166e-01	1.339288378425037840e-01	-1.540057595526090617e-01	1.055555229861332850e-01	-1.033206102607254345e-01	1.703226966960068034e-01	-4.408286379552278644e-01	1.919087544235447695e-01	-1.661015296435531807e-01	2.055888857950773363e-01	-4.078873840391075700e-01	1.000000000000000000e+00	-5.247540274033772878e-01	1.185338619906794039e-01	-1.807139856575580295e-01	2.350782082552489716e-01	-4.368327820364805714e-01	2.761354103159092133e-01	-1.054639752081756032e-01	1.983246524138276845e-01	-1.914498041885011603e-01	2.597355302167478341e-01	-2.496079025598917367e-01	2.406470098288547854e-01
3.628869666100648095e-02	-3.536133433880560978e-02	9.937999527067101213e-02	-1.602299708642153098e-01	1.599183375454652778e-01	-7.760602838303003181e-02	1.196845516309066049e-01	-1.165523451664396831e-01	1.601249251869051315e-01	-1.077799526363335397e-01	7.852127209677770003e-02	-1.244834796596747256e-01	2.515374559317420933e-01	-2.521208022248579983e-01	1.689882465209232854e-01	-1.593956714789641627e-01	2.125494141817847737e-01	-5.247540274033772878e-01	1.000000000000001776e+00	-1.583144604127167121e-01	1.365939093455859343e-01	-1.811561016678543135e-01	2.597893534479359112e-01	-6.329759809363103562e-01	1.313239238729818903e-01	-1.701411487531015176e-01	1.533221127642977744e-01	-2.614966488814323142e-01	2.717567799403792228e-01	-2.774110201685062727e-01
-2.428609190054824632e-02	2.315021635877172537e-02	-7.288334619251181368e-02	1.186165689293029041e-01	-1.562612255985079690e-01	4.566968088674242671e-02	-7.829149744475495665e-02	8.011556985023859934e-02	-1.215170145534981150e-01	1.050479590519341061e-01	-4.729109402871353035e-02	7.298587506626848243e-02	-1.628970896240410360e-01	1.316273112380397237e-01	-1.981474603827518832e-01	7.658478293243839441e-02	-1.023924039147577902e-01	1.185338619906794039e-01	-1.583144604127167121e-01	1.000000000000003331e+00	-7.143326408356237556e-02	8.370269952140696468e-02	-1.148884475049589543e-01	1.352315371954461720e-01	-8.941048178983340700e-01	8.625275558668703269e-02	-8.292884252018181690e-02	1.131935833354429655e-01	-1.495531199233106068e-01	2.444777754223450006e-01
4.051674318742153752e-02	-3.962459699155564119e-02	7.869369607628109997e-02	-1.125556704694695986e-01	1.089688574483919786e-01	-1.215712038452936156e-01	1.278602326357373420e-01	-9.102300827786162507e-02	9.449259215162238157e-02	-6.732431465465703313e-02	1.248991172058570853e-01	-1.332663040882430816e-01	1.815131384506843137e-01	-1.087327368590044335e-01	1.054563495592307221e-01	-6.739618379040320795e-01	2.949792882417688888e-01	-1.807139856575580295e-01	1.365939093455859343e-01	-7.143326408356237556e-02	1.000000000000001998e+00	-4.359134724199326127e-01	1.959981943185044595e-01	-1.317379858191705944e-01	6.224341804575125869e-02	-4.526685288028916565e-01	2.727058220287065238e-01	-1.795557904103539659e-01	1.355996143640383900e-01	-1.604382712596852945e-01
-4.167516643945808064e-02	4.017965186940386513e-02	-8.925604305496157020e-02	1.265170551181032943e-01	-1.273397642959293030e-01	9.875608536870310317e-02	-1.428145291593961308e-01	1.020846757442425701e-01	-1.107309450268743195e-01	7.873081645248312943e-02	-1.049030761184443911e-01	1.458914420038490423e-01	-2.215300379103800621e-01	1.276413014825619474e-01	-1.239628643082027332e-01	2.831934976173507423e-01	-4.750578148570814285e-01	2.350782082552489716e-01	-1.811561016678543135e-01	8.370269952140696468e-02	-4.359134724199326127e-01	1.000000000000001776e+00	-3.951847585349183012e-01	1.708953332851635143e-01	-7.408577793816138735e-02	3.123736166088219579e-01	-5.283427818815977783e-01	2.423601560183956116e-01	-1.801220728428774287e-01	1.846706679677020679e-01
3.893900429618973175e-02	-3.789144662038824996e-02	9.611225363607327210e-02	-1.482188114441995719e-01	1.456942146379482939e-01	-8.679179543405438069e-02	1.277187770331614791e-01	-1.122095154033453529e-01	1.298053173925165782e-01	-9.200560990589636001e-02	8.837830805969137948e-02	-1.328764079666797104e-01	2.451766203697467450e-01	-1.595825802339983501e-01	1.449655495906040925e-01	-2.047517015637613513e-01	2.585484419761954755e-01	-4.368327820364805714e-01	2.597893534479359112e-01	-1.148884475049589543e-01	1.959981943185044595e-01	-3.951847585349183012e-01	1.000000000000000444e+00	-3.319729295393933355e-01	1.018134736044491034e-01	-2.369576339565868661e-01	2.388866029997266383e-01	-6.015220759744855927e-01	2.799461893343648811e-01	-2.600858033142841030e-01
-3.409259279535723636e-02	3.284608244852478542e-02	-9.142261495255189774e-02	1.399674601522353512e-01	-1.557922285008716545e-01	7.038364922158057979e-02	-1.132310485595103972e-01	1.036383232395681198e-01	-1.434730158966877334e-01	9.963638898524893039e-02	-7.267021187324822218e-02	1.122975478376025404e-01	-2.409825642334227636e-01	1.750126696514082980e-01	-1.605944304563363956e-01	1.393259469132433759e-01	-1.984693416612334227e-01	2.761354103159092133e-01	-6.329759809363103562e-01	1.352315371954461720e-01	-1.317379858191705944e-01	1.708953332851635143e-01	-3.319729295393933355e-01	1.000000000000001332e+00	-1.360491398724440748e-01	1.546566686631438703e-01	-1.563799632317167121e-01	2.718372306613005551e-01	-5.380274816480379307e-01	2.560072824044768436e-01
2.050587187790262056e-02	-1.961508608504194257e-02	6.146286361265885373e-02	-1.023035570838528169e-01	1.241136388588989919e-01	-3.908045527222243215e-02	6.587397994588421735e-02	-6.827934686913041118e-02	9.956393286377988872e-02	-8.532945572004500823e-02	4.025456822555627256e-02	-6.204091994332924104e-02	1.349742556540990124e-01	-1.132840247677202178e-01	1.468434718972886632e-01	-6.725497240288061396e-02	8.821887717304502385e-02	-1.054639752081756032e-01	1.313239238729818903e-01	-8.941048178983340700e-01	6.224341804575125869e-02	-7.408577793816138735e-02	1.018134736044491034e-01	-1.360491398724440748e-01	1.000000000000000888e+00	-7.661029942264747927e-02	7.260253409564518257e-02	-1.063030325756168237e-01	1.390331335652744138e-01	-3.390230818227433218e-01
-4.588977672400759711e-02	4.367373077612365234e-02	-9.995646026464941047e-02	1.390774993402193183e-01	-1.517783116760465789e-01	1.008028004304690195e-01	-1.493173658304883245e-01	1.108492209295250386e-01	-1.260257395742946651e-01	9.131987686614161104e-02	-1.085809388399371633e-01	1.426730816776566879e-01	-2.423398937072032966e-01	1.379697204959029477e-01	-1.449154264121607083e-01	2.637453452128204479e-01	-3.165252461647354298e-01	1.983246524138276845e-01	-1.701411487531015176e-01	8.625275558668703269e-02	-4.526685288028916565e-01	3.123736166088219579e-01	-2.369576339565868661e-01	1.546566686631438703e-01	-7.661029942264747927e-02	1.000000000000001110e+00	-6.852234841968720680e-01	2.144185553493939411e-01	-1.771242475154687912e-01	1.879169786721029967e-01
3.698880507525562772e-02	-3.591181173010664363e-02	8.197832658275923390e-02	-1.218461378524814259e-01	1.212374186592924258e-01	-8.767637126015116744e-02	1.182444923830980599e-01	-9.400441697574685174e-02	1.040202672289115282e-01	-7.471076499859627407e-02	8.978728402310928725e-02	-1.206236608878303862e-01	1.913535841785798663e-01	-1.199818656230443453e-01	1.176692359705900914e-01	-2.486699378614713463e-01	2.560909367597781205e-01	-1.914498041885011603e-01	1.533221127642977744e-01	-8.292884252018181690e-02	2.727058220287065238e-01	-5.283427818815977783e-01	2.388866029997266383e-01	-1.563799632317167121e-01	7.260253409564518257e-02	-6.852234841968720680e-01	1.000000000000000888e+00	-2.887395373310971403e-01	1.726579156778091928e-01	-1.910559568534682673e-01
-3.959575682797362994e-02	3.794142796979615290e-02	-9.975859839668065054e-02	1.470613041136225319e-01	-1.651438584761122097e-01	8.198572829997029243e-02	-1.305934800658904715e-01	1.117674259968893108e-01	-1.398961165872811829e-01	1.010786966128915665e-01	-8.553115591516699534e-02	1.272524969352477608e-01	-2.616235985500906525e-01	1.592696723217515153e-01	-1.622686050908813127e-01	1.716204029146729815e-01	-2.357251303021025424e-01	2.597355302167478341e-01	-2.614966488814323142e-01	1.131935833354429655e-01	-1.795557904103539659e-01	2.423601560183956116e-01	-6.015220759744855927e-01	2.718372306613005551e-01	-1.063030325756168237e-01	2.144185553493939411e-01	-2.887395373310971403e-01	1.000000000000000888e+00	-5.398156999758241259e-01	2.580468757019618309e-01
3.485857634775428593e-02	-3.365466171950649843e-02	9.314344287485389062e-02	-1.467299979369188767e-01	1.585271314808920362e-01	-7.198120922740232352e-02	1.126150073056230161e-01	-1.060938542355288894e-01	1.363240932800529881e-01	-9.912778737554353570e-02	7.357211534949112397e-02	-1.113701185126454440e-01	2.242026180039980443e-01	-1.654576704320561975e-01	1.591760152509124338e-01	-1.460101069857134004e-01	1.845393466983790698e-01	-2.496079025598917367e-01	2.717567799403792228e-01	-1.495531199233106068e-01	1.355996143640383900e-01	-1.801220728428774287e-01	2.799461893343648811e-01	-5.380274816480379307e-01	1.390331335652744138e-01	-1.771242475154687912e-01	1.726579156778091928e-01	-5.398156999758241259e-01	1.000000000000000666e+00	-4.612760476941032972e-01
-5.558530329835510014e-02	5.249747711744911366e-02	-1.566002520193739977e-01	2.312454630461455996e-01	-3.300986288282090064e-01	1.018103904269058169e-01	-1.787562353009851113e-01	1.673290417246026118e-01	-2.433034308348919483e-01	1.910861224934050639e-01	-1.068928381189674232e-01	1.632135830015548073e-01	-3.788832507105230341e-01	2.440496136509027469e-01	-3.227327411577464167e-01	1.669820488623881549e-01	-2.278374666430145190e-01	2.406470098288547854e-01	-2.774110201685062727e-01	2.444777754223450006e-01	-1.604382712596852945e-01	1.846706679677020679e-01	-2.600858033142841030e-01	2.560072824044768436e-01	-3.390230818227433218e-01	1.879169786721029967e-01	-1.910559568534682673e-01	2.580468757019618309e-01	-4.612760476941032972e-01	1.000000000000000888e+00
