1.000000000000000000e+00	-7.270167018219864108e-01	2.506879543598568016e-01	-1.969866320922724068e-01	1.877369629664639716e-01	-4.854756127379876163e-01	2.963930758532848375e-01	-2.483472150000232970e-01	1.482175620202206834e-01	-1.203797982258027893e-01	1.588936178058920068e-01	-2.261607668680433170e-01	1.997397076695795193e-01	-1.778622649417588852e-01	1.258932241551042330e-01	-1.611681123834033669e-01	1.391692006761607037e-01	-1.282274348023854649e-01	1.116383472526868703e-01	-1.068262971272715134e-01	1.097910246396225503e-01	-9.923419589709764344e-02	8.862418460576018675e-02	-6.280252153644405588e-02	6.790596280693474152e-02	-1.417301642465655931e-01	8.895093086740667176e-02	-8.950461231895688596e-02	2.841335029930639605e-02	-3.033276946376917832e-02
-7.270167018219864108e-01	1.000000000000000000e+00	-3.822933750648088158e-01	1.808466454180865102e-01	-1.807651665159380472e-01	2.994871478326851522e-01	-4.277376037703138345e-01	2.384857563544657555e-01	-1.453262008970014063e-01	1.102668048760723218e-01	-1.431144967621096609e-01	2.065092053488696011e-01	-2.003762959301179369e-01	1.546462016208926815e-01	-1.167555344754581115e-01	1.321652503788268429e-01	-1.303275894455790951e-01	1.142378820656410887e-01	-1.011939287305298751e-01	9.422131060711136374e-02	-9.297446450885178681e-02	8.254878285613505284e-02	-7.720333634955468816e-02	5.476708259952087210e-02	-5.984329463884174860e-02	1.143304974632695925e-01	-7.517043744092262447e-02	7.604811128010535715e-02	-2.439564758623671836e-02	2.593340242081405150e-02
2.506879543598568016e-01	-3.822933750648088158e-01	1.000000000000000222e+00	-4.513284265447485288e-01	2.388142724903046799e-01	-2.706706487544559558e-01	2.418065759332355125e-01	-6.310478448939536023e-01	2.422401961466368603e-01	-1.702669420000230971e-01	1.466493510405585399e-01	-2.200695140716279197e-01	2.620471323113707784e-01	-2.295061414843120040e-01	1.630629336379605943e-01	-1.543343400225391238e-01	1.464203557909735942e-01	-1.432121318580499569e-01	1.307063961067580771e-01	-1.278573971059299708e-01	1.081023596247469853e-01	-1.005577816010512909e-01	9.399457153110786500e-02	-6.887409387703068153e-02	7.424893900560274040e-02	-1.426477583452714915e-01	9.049918459770554813e-02	-9.456737761238875883e-02	3.033526722257420122e-02	-3.238170647540079133e-02
-1.969866320922724068e-01	1.808466454180865102e-01	-4.513284265447485288e-01	1.000000000000000000e+00	-4.443720144096199864e-01	1.972121598096920336e-01	-1.748714446441801684e-01	2.657303341659809082e-01	-6.224294356181786503e-01	2.710315229705980156e-01	-1.284477104541628945e-01	1.705708492937766663e-01	-2.306919574375703441e-01	2.548809620512579310e-01	-2.460654063330101060e-01	1.328245687257012531e-01	-1.389212899678994861e-01	1.310101451597861510e-01	-1.581817276573275477e-01	1.555647769695759075e-01	-1.029359083723988683e-01	9.593784258641041562e-02	-9.334319562517964797e-02	7.497249208574387203e-02	-8.277413810031952757e-02	1.357488737336094986e-01	-8.903815346356305782e-02	9.209871000271412089e-02	-3.140101160139771586e-02	3.335857627090055982e-02
1.877369629664639716e-01	-1.807651665159380472e-01	2.388142724903046799e-01	-4.443720144096199864e-01	1.000000000000000000e+00	-2.859570373409723310e-01	1.998996733113679036e-01	-2.615591040461122119e-01	3.084018485432955536e-01	-4.832278016644738217e-01	1.791386022086166319e-01	-2.359535721116007290e-01	2.534957659891141635e-01	-4.064037374980920547e-01	2.922199954199529159e-01	-2.136519835364217856e-01	1.834419425980666762e-01	-1.863750280603890253e-01	2.112221002257809455e-01	-2.490268538693897193e-01	1.632857047003890283e-01	-1.587313142471670768e-01	1.393048191422409376e-01	-1.119039588758460602e-01	1.177959903464764480e-01	-2.484937356898825611e-01	1.424877768118445187e-01	-1.470179660462257731e-01	4.859121296821208857e-02	-5.239739154959313638e-02
-4.854756127379876163e-01	2.994871478326851522e-01	-2.706706487544559558e-01	1.972121598096920336e-01	-2.859570373409723310e-01	9.999999999999996669e-01	-6.019830963625817377e-01	2.477417213194835210e-01	-1.844531967596907962e-01	1.512456223440274139e-01	-2.635580214332016169e-01	2.851989537212291648e-01	-2.822906482321116961e-01	2.073876703430233559e-01	-1.695656136802246583e-01	2.002963746286863800e-01	-2.043427017737285689e-01	1.658766850659388337e-01	-1.533895534987700093e-01	1.360217088537808150e-01	-1.495053381254534686e-01	1.243731256238995719e-01	-1.180911735742115332e-01	8.310804299200180711e-02	-9.298920635198444640e-02	1.661867487484577632e-01	-1.167341276756766605e-01	1.128205732535082217e-01	-3.689508071781624071e-02	3.894452089741356343e-02
2.963930758532848375e-01	-4.277376037703138345e-01	2.418065759332355125e-01	-1.748714446441801684e-01	1.998996733113679036e-01	-6.019830963625817377e-01	9.999999999999995559e-01	-3.133054765931365115e-01	1.512834968281694947e-01	-1.217546160672464545e-01	2.125786395870281065e-01	-4.754298894585416990e-01	2.535023481941248713e-01	-1.835575741091557966e-01	1.328725564102696821e-01	-1.923369793113140214e-01	1.784611135793268410e-01	-1.559345635727232282e-01	1.217698460900918656e-01	-1.123172060581845849e-01	1.217218802835264152e-01	-1.067294123461717120e-01	9.863552472701556106e-02	-6.761247318768402736e-02	7.336300122309975802e-02	-1.449469107235738241e-01	9.551265526521333926e-02	-9.735394659091387015e-02	3.049181811920529533e-02	-3.242100286410777576e-02
-2.483472150000232970e-01	2.384857563544657555e-01	-6.310478448939536023e-01	2.657303341659809082e-01	-2.615591040461122119e-01	2.477417213194835210e-01	-3.133054765931365115e-01	9.999999999999995559e-01	-2.810774505028383885e-01	1.735181552626812451e-01	-1.614629215607108481e-01	2.400282525999134220e-01	-4.879598795089091778e-01	2.380383250813443707e-01	-1.809282294350225695e-01	1.549488051169131686e-01	-1.728311040043470359e-01	1.621895949760045474e-01	-1.452363709448822038e-01	1.345344862639680783e-01	-1.120267115430492594e-01	1.026475664555166756e-01	-1.024095741950856314e-01	7.367081248901911905e-02	-8.040952294969878900e-02	1.401317700116638254e-01	-9.407298182168624678e-02	9.903544120499244152e-02	-3.202642143723964663e-02	3.399979539181036126e-02
1.482175620202206834e-01	-1.453262008970014063e-01	2.422401961466368603e-01	-6.224294356181786503e-01	3.084018485432955536e-01	-1.844531967596907962e-01	1.512834968281694947e-01	-2.810774505028383885e-01	1.000000000000000666e+00	-5.211494843692493495e-01	1.178242017784468382e-01	-1.620763125459390996e-01	2.104225471580578044e-01	-3.483055845305633169e-01	2.677096629031341934e-01	-1.277455835337273360e-01	1.288031866098972300e-01	-1.271492937433734705e-01	1.600651829074828669e-01	-1.754359134647040797e-01	9.660161439231929048e-02	-9.210990211508544856e-02	8.874340490055437902e-02	-7.375465258316091233e-02	7.977299021816067204e-02	-1.320935308296961874e-01	8.418756650397732355e-02	-8.914396457495432635e-02	3.038126409667534639e-02	-3.240421199434551092e-02
-1.203797982258027893e-01	1.102668048760723218e-01	-1.702669420000230971e-01	2.710315229705980156e-01	-4.832278016644738217e-01	1.512456223440274139e-01	-1.217546160672464545e-01	1.735181552626812451e-01	-5.211494843692493495e-01	9.999999999999991118e-01	-1.031970745900452902e-01	1.363496210102462802e-01	-1.792449226111527405e-01	2.857140113943758553e-01	-5.890375114488642927e-01	1.124166686649013119e-01	-1.198125520544614797e-01	1.173415618587328874e-01	-1.846672155496444367e-01	2.012174235252260635e-01	-8.835548249747315896e-02	8.512262054926202082e-02	-8.439450659117378462e-02	7.556154231413382549e-02	-8.320545508839753690e-02	1.217452991603666934e-01	-7.862376036469492790e-02	8.391470569881802344e-02	-2.982009507182790953e-02	3.169165835299105061e-02
1.588936178058920068e-01	-1.431144967621096609e-01	1.466493510405585399e-01	-1.284477104541628945e-01	1.791386022086166319e-01	-2.635580214332016169e-01	2.125786395870281065e-01	-1.614629215607108481e-01	1.178242017784468382e-01	-1.031970745900452902e-01	1.000000000000003997e+00	-4.587584526342278202e-01	2.165626823703357129e-01	-1.634443817325196557e-01	1.183349344994325120e-01	-7.245923197093619983e-01	1.901666652724502971e-01	-1.612860240084330321e-01	1.180693108635651190e-01	-1.070023839549118366e-01	2.229185516822002888e-01	-1.720886260957472103e-01	1.176559478873398235e-01	-7.383300762407564444e-02	8.000071008196490974e-02	-2.341941246822749068e-01	1.362346589873873470e-01	-1.178924193657080732e-01	3.517233741124494578e-02	-3.732824134341379552e-02
-2.261607668680433170e-01	2.065092053488696011e-01	-2.200695140716279197e-01	1.705708492937766663e-01	-2.359535721116007290e-01	2.851989537212291648e-01	-4.754298894585416990e-01	2.400282525999134220e-01	-1.620763125459390996e-01	1.363496210102462802e-01	-4.587584526342278202e-01	1.000000000000000888e+00	-4.541402743072596171e-01	2.171001682090503981e-01	-1.602159828186629220e-01	2.615139265606719055e-01	-3.449640574425883455e-01	2.274872018172734989e-01	-1.580920343524756799e-01	1.380818766802397735e-01	-1.655017176484921138e-01	1.369610971187589787e-01	-1.335212407419244796e-01	8.638312668189288002e-02	-9.390286568511579945e-02	1.769695055672370620e-01	-1.231417301879879356e-01	1.265072728465811702e-01	-3.898007463068949713e-02	4.124743570677339571e-02
1.997397076695795193e-01	-2.003762959301179369e-01	2.620471323113707784e-01	-2.306919574375703441e-01	2.534957659891141635e-01	-2.822906482321116961e-01	2.535023481941248713e-01	-4.879598795089091778e-01	2.104225471580578044e-01	-1.792449226111527405e-01	2.165626823703357129e-01	-4.541402743072596171e-01	9.999999999999991118e-01	-4.371400674413166154e-01	2.078579505711622144e-01	-2.293987008460600108e-01	2.478685178198987704e-01	-3.065647315561013109e-01	1.889828200874678066e-01	-1.765011403249690802e-01	1.501764194091753657e-01	-1.437207333913564367e-01	1.456476868118369850e-01	-9.939041201941839487e-02	1.047002966746768821e-01	-1.938190746620318539e-01	1.272798123313697571e-01	-1.440821082662741837e-01	4.393291070850352531e-02	-4.689564304595679467e-02
-1.778622649417588852e-01	1.546462016208926815e-01	-2.295061414843120040e-01	2.548809620512579310e-01	-4.064037374980920547e-01	2.073876703430233559e-01	-1.835575741091557966e-01	2.380383250813443707e-01	-3.483055845305633169e-01	2.857140113943758553e-01	-1.634443817325196557e-01	2.171001682090503981e-01	-4.371400674413166154e-01	9.999999999999998890e-01	-5.121693430272235004e-01	1.634055010166477195e-01	-2.049745171021966350e-01	1.944218261251431656e-01	-3.361897503214925642e-01	2.606648379093255974e-01	-1.311406105935832012e-01	1.241716106532956554e-01	-1.334794007422911155e-01	1.187370139458737289e-01	-1.332192273754238265e-01	1.666629828950403902e-01	-1.172131778199116681e-01	1.264042345727599548e-01	-4.578155128020165721e-02	4.815198900174184199e-02
1.258932241551042330e-01	-1.167555344754581115e-01	1.630629336379605943e-01	-2.460654063330101060e-01	2.922199954199529159e-01	-1.695656136802246583e-01	1.328725564102696821e-01	-1.809282294350225695e-01	2.677096629031341934e-01	-5.890375114488642927e-01	1.183349344994325120e-01	-1.602159828186629220e-01	2.078579505711622144e-01	-5.121693430272235004e-01	9.999999999999995559e-01	-1.316900161678863090e-01	1.430871514668856648e-01	-1.467455151116429934e-01	2.521595395873701961e-01	-4.061288442472612559e-01	1.025414393360733756e-01	-1.009759978517428269e-01	1.023422273732315785e-01	-9.879043197217869665e-02	1.059963334867335544e-01	-1.426707916741447035e-01	9.253042355206247960e-02	-1.024287875407481618e-01	3.707136242741414234e-02	-3.951172602830095582e-02
-1.611681123834033669e-01	1.321652503788268429e-01	-1.543343400225391238e-01	1.328245687257012531e-01	-2.136519835364217856e-01	2.002963746286863800e-01	-1.923369793113140214e-01	1.549488051169131686e-01	-1.277455835337273360e-01	1.124166686649013119e-01	-7.245923197093619983e-01	2.615139265606719055e-01	-2.293987008460600108e-01	1.634055010166477195e-01	-1.316900161678863090e-01	1.000000000000000000e+00	-2.193081625090592401e-01	1.635428032241830476e-01	-1.322317951686361459e-01	1.146336406829985138e-01	-4.040268295534074627e-01	1.936247695874079022e-01	-1.345794509766552460e-01	8.207879765990760967e-02	-9.155991290668820393e-02	2.398881432643410472e-01	-1.644853003210359765e-01	1.278275664820590629e-01	-3.887222714680380053e-02	4.081490031713538164e-02
1.391692006761607037e-01	-1.303275894455790951e-01	1.464203557909735942e-01	-1.389212899678994861e-01	1.834419425980666762e-01	-2.043427017737285689e-01	1.784611135793268410e-01	-1.728311040043470359e-01	1.288031866098972300e-01	-1.198125520544614797e-01	1.901666652724502971e-01	-3.449640574425883455e-01	2.478685178198987704e-01	-2.049745171021966350e-01	1.430871514668856648e-01	-2.193081625090592401e-01	1.000000000000000222e+00	-7.630814474502383149e-01	1.977808176975253962e-01	-1.845894774799143601e-01	1.529473133448919775e-01	-1.733838005544710292e-01	2.160754767310499869e-01	-1.220959093287198177e-01	1.199230501125352760e-01	-1.919408294008217164e-01	1.490714654170800513e-01	-2.183241332036728322e-01	5.723457551789574993e-02	-6.155325509172165921e-02
-1.282274348023854649e-01	1.142378820656410887e-01	-1.432121318580499569e-01	1.310101451597861510e-01	-1.863750280603890253e-01	1.658766850659388337e-01	-1.559345635727232282e-01	1.621895949760045474e-01	-1.271492937433734705e-01	1.173415618587328874e-01	-1.612860240084330321e-01	2.274872018172734989e-01	-3.065647315561013109e-01	1.944218261251431656e-01	-1.467455151116429934e-01	1.635428032241830476e-01	-7.630814474502383149e-01	9.999999999999998890e-01	-2.692348480290691626e-01	1.842608632244899514e-01	-1.377155265716365762e-01	1.545784534081731942e-01	-3.156319205672304951e-01	1.287528242953011326e-01	-1.310263658479741966e-01	1.644758108839451671e-01	-1.451280087768863358e-01	2.065706900418892988e-01	-5.688024203860481826e-02	5.944674853681602977e-02
1.116383472526868703e-01	-1.011939287305298751e-01	1.307063961067580771e-01	-1.581817276573275477e-01	2.112221002257809455e-01	-1.533895534987700093e-01	1.217698460900918656e-01	-1.452363709448822038e-01	1.600651829074828669e-01	-1.846672155496444367e-01	1.180693108635651190e-01	-1.580920343524756799e-01	1.889828200874678066e-01	-3.361897503214925642e-01	2.521595395873701961e-01	-1.322317951686361459e-01	1.977808176975253962e-01	-2.692348480290691626e-01	1.000000000000000666e+00	-7.701936457533168356e-01	1.101558291558628194e-01	-1.192899777842559711e-01	1.486467776501328442e-01	-2.253693760091974585e-01	1.887372714681534169e-01	-1.497146377250404004e-01	1.097847578565169652e-01	-1.432591954276406787e-01	5.923234884994530575e-02	-6.270728955328830345e-02
-1.068262971272715134e-01	9.422131060711136374e-02	-1.278573971059299708e-01	1.555647769695759075e-01	-2.490268538693897193e-01	1.360217088537808150e-01	-1.123172060581845849e-01	1.345344862639680783e-01	-1.754359134647040797e-01	2.012174235252260635e-01	-1.070023839549118366e-01	1.380818766802397735e-01	-1.765011403249690802e-01	2.606648379093255974e-01	-4.061288442472612559e-01	1.146336406829985138e-01	-1.845894774799143601e-01	1.842608632244899514e-01	-7.701936457533168356e-01	1.000000000000001332e+00	-9.824202713808512233e-02	1.023832236646266269e-01	-1.290228549420250059e-01	1.668640963108164177e-01	-1.974854484356586837e-01	1.288158206934784111e-01	-9.733478768672265691e-02	1.185957672028933318e-01	-5.173326732037243636e-02	5.383771283208044905e-02
1.097910246396225503e-01	-9.297446450885178681e-02	1.081023596247469853e-01	-1.029359083723988683e-01	1.632857047003890283e-01	-1.495053381254534686e-01	1.217218802835264152e-01	-1.120267115430492594e-01	9.660161439231929048e-02	-8.835548249747315896e-02	2.229185516822002888e-01	-1.655017176484921138e-01	1.501764194091753657e-01	-1.311406105935832012e-01	1.025414393360733756e-01	-4.040268295534074627e-01	1.529473133448919775e-01	-1.377155265716365762e-01	1.101558291558628194e-01	-9.824202713808512233e-02	1.000000000000000222e+00	-5.376380028304742487e-01	1.790371825721231991e-01	-9.334092586468017982e-02	1.019235289685929829e-01	-6.103031311090664213e-01	2.893711098987510333e-01	-1.823020171617158736e-01	4.925200443413246115e-02	-5.181725259049249632e-02
-9.923419589709764344e-02	8.254878285613505284e-02	-1.005577816010512909e-01	9.593784258641041562e-02	-1.587313142471670768e-01	1.243731256238995719e-01	-1.067294123461717120e-01	1.026475664555166756e-01	-9.210990211508544856e-02	8.512262054926202082e-02	-1.720886260957472103e-01	1.369610971187589787e-01	-1.437207333913564367e-01	1.241716106532956554e-01	-1.009759978517428269e-01	1.936247695874079022e-01	-1.733838005544710292e-01	1.545784534081731942e-01	-1.192899777842559711e-01	1.023832236646266269e-01	-5.376380028304742487e-01	1.000000000000000222e+00	-3.259964497454455046e-01	1.216599675931975544e-01	-1.374946005811567840e-01	3.204117423805493137e-01	-6.341679700696167821e-01	2.564169115286469847e-01	-6.574870053336677456e-02	6.702977374309426750e-02
8.862418460576018675e-02	-7.720333634955468816e-02	9.399457153110786500e-02	-9.334319562517964797e-02	1.393048191422409376e-01	-1.180911735742115332e-01	9.863552472701556106e-02	-1.024095741950856314e-01	8.874340490055437902e-02	-8.439450659117378462e-02	1.176559478873398235e-01	-1.335212407419244796e-01	1.456476868118369850e-01	-1.334794007422911155e-01	1.023422273732315785e-01	-1.345794509766552460e-01	2.160754767310499869e-01	-3.156319205672304951e-01	1.486467776501328442e-01	-1.290228549420250059e-01	1.790371825721231991e-01	-3.259964497454455046e-01	1.000000000000000888e+00	-2.688584807231398921e-01	2.089187932066522424e-01	-2.300545506706749288e-01	2.632976841568284709e-01	-7.373915431970767820e-01	1.206211803823298290e-01	-1.275677685864882727e-01
-6.280252153644405588e-02	5.476708259952087210e-02	-6.887409387703068153e-02	7.497249208574387203e-02	-1.119039588758460602e-01	8.310804299200180711e-02	-6.761247318768402736e-02	7.367081248901911905e-02	-7.375465258316091233e-02	7.556154231413382549e-02	-7.383300762407564444e-02	8.638312668189288002e-02	-9.939041201941839487e-02	1.187370139458737289e-01	-9.879043197217869665e-02	8.207879765990760967e-02	-1.220959093287198177e-01	1.287528242953011326e-01	-2.253693760091974585e-01	1.668640963108164177e-01	-9.334092586468017982e-02	1.216599675931975544e-01	-2.688584807231398921e-01	1.000000000000000000e+00	-8.756156604991172099e-01	1.217633863256034066e-01	-1.203351235461306984e-01	1.918562594147877609e-01	-1.645758624585980656e-01	1.469774424085643905e-01
6.790596280693474152e-02	-5.984329463884174860e-02	7.424893900560274040e-02	-8.277413810031952757e-02	1.177959903464764480e-01	-9.298920635198444640e-02	7.336300122309975802e-02	-8.040952294969878900e-02	7.977299021816067204e-02	-8.320545508839753690e-02	8.000071008196490974e-02	-9.390286568511579945e-02	1.047002966746768821e-01	-1.332192273754238265e-01	1.059963334867335544e-01	-9.155991290668820393e-02	1.199230501125352760e-01	-1.310263658479741966e-01	1.887372714681534169e-01	-1.974854484356586837e-01	1.019235289685929829e-01	-1.374946005811567840e-01	2.089187932066522424e-01	-8.756156604991172099e-01	1.000000000000000444e+00	-1.436859382823280906e-01	1.277436204917573870e-01	-2.202658845615911853e-01	1.496744514630110878e-01	-1.772274227734620122e-01
-1.417301642465655931e-01	1.143304974632695925e-01	-1.426477583452714915e-01	1.357488737336094986e-01	-2.484937356898825611e-01	1.661867487484577632e-01	-1.449469107235738241e-01	1.401317700116638254e-01	-1.320935308296961874e-01	1.217452991603666934e-01	-2.341941246822749068e-01	1.769695055672370620e-01	-1.938190746620318539e-01	1.666629828950403902e-01	-1.426707916741447035e-01	2.398881432643410472e-01	-1.919408294008217164e-01	1.644758108839451671e-01	-1.497146377250404004e-01	1.288158206934784111e-01	-6.103031311090664213e-01	3.204117423805493137e-01	-2.300545506706749288e-01	1.217633863256034066e-01	-1.436859382823280906e-01	9.999999999999997780e-01	-5.097199385470696509e-01	2.174536910939115497e-01	-6.312615083010789108e-02	6.455701991284619468e-02
8.895093086740667176e-02	-7.517043744092262447e-02	9.049918459770554813e-02	-8.903815346356305782e-02	1.424877768118445187e-01	-1.167341276756766605e-01	9.551265526521333926e-02	-9.407298182168624678e-02	8.418756650397732355e-02	-7.862376036469492790e-02	1.362346589873873470e-01	-1.231417301879879356e-01	1.272798123313697571e-01	-1.172131778199116681e-01	9.253042355206247960e-02	-1.644853003210359765e-01	1.490714654170800513e-01	-1.451280087768863358e-01	1.097847578565169652e-01	-9.733478768672265691e-02	2.893711098987510333e-01	-6.341679700696167821e-01	2.632976841568284709e-01	-1.203351235461306984e-01	1.277436204917573870e-01	-5.097199385470696509e-01	1.000000000000000000e+00	-4.273575141307281999e-01	7.929812315069217910e-02	-8.372673742434529054e-02
-8.950461231895688596e-02	7.604811128010535715e-02	-9.456737761238875883e-02	9.209871000271412089e-02	-1.470179660462257731e-01	1.128205732535082217e-01	-9.735394659091387015e-02	9.903544120499244152e-02	-8.914396457495432635e-02	8.391470569881802344e-02	-1.178924193657080732e-01	1.265072728465811702e-01	-1.440821082662741837e-01	1.264042345727599548e-01	-1.024287875407481618e-01	1.278275664820590629e-01	-2.183241332036728322e-01	2.065706900418892988e-01	-1.432591954276406787e-01	1.185957672028933318e-01	-1.823020171617158736e-01	2.564169115286469847e-01	-7.373915431970767820e-01	1.918562594147877609e-01	-2.202658845615911853e-01	2.174536910939115497e-01	-4.273575141307281999e-01	1.000000000000000000e+00	-1.632028814277715623e-01	1.385444366152399631e-01
2.841335029930639605e-02	-2.439564758623671836e-02	3.033526722257420122e-02	-3.140101160139771586e-02	4.859121296821208857e-02	-3.689508071781624071e-02	3.049181811920529533e-02	-3.202642143723964663e-02	3.038126409667534639e-02	-2.982009507182790953e-02	3.517233741124494578e-02	-3.898007463068949713e-02	4.393291070850352531e-02	-4.578155128020165721e-02	3.707136242741414234e-02	-3.887222714680380053e-02	5.723457551789574993e-02	-5.688024203860481826e-02	5.923234884994530575e-02	-5.173326732037243636e-02	4.925200443413246115e-02	-6.574870053336677456e-02	1.206211803823298290e-01	-1.645758624585980656e-01	1.496744514630110878e-01	-6.312615083010789108e-02	7.929812315069217910e-02	-1.632028814277715623e-01	1.000000000000000000e+00	-9.562629863122349416e-01
-3.033276946376917832e-02	2.593340242081405150e-02	-3.238170647540079133e-02	3.335857627090055982e-02	-5.239739154959313638e-02	3.894452089741356343e-02	-3.242100286410777576e-02	3.399979539181036126e-02	-3.240421199434551092e-02	3.169165835299105061e-02	-3.732824134341379552e-02	4.124743570677339571e-02	-4.689564304595679467e-02	4.815198900174184199e-02	-3.951172602830095582e-02	4.081490031713538164e-02	-6.155325509172165921e-02	5.944674853681602977e-02	-6.270728955328830345e-02	5.383771283208044905e-02	-5.181725259049249632e-02	6.702977374309426750e-02	-1.275677685864882727e-01	1.469774424085643905e-01	-1.772274227734620122e-01	6.455701991284619468e-02	-8.372673742434529054e-02	1.385444366152399631e-01	-9.562629863122349416e-01	1.000000000000000000e+00
