1.000000000000000000e+00	-2.588197140060770063e-01	1.958729871377945797e-01	-1.578644573664611528e-01	1.707740653848737744e-01	-7.263448892993544792e-01	2.385960124210407818e-01	-1.965825058585194685e-01	1.738962283282852461e-01	-9.914972735431597239e-02	3.022169134429663062e-01	-2.407851152000674289e-01	2.055648254280861009e-01	-1.799652672513757101e-01	1.038680815131140384e-01	-2.991953869787524756e-01	1.848799084191285469e-01	-1.929488370682584664e-01	1.775503494326277631e-01	-1.265345161706939170e-01	1.913443144175364929e-01	-2.115743064462036749e-01	1.635896747326963385e-01	-2.137977601406207961e-01	9.891536719844251646e-02	-1.665072159596973078e-01	1.534756847991695650e-01	-2.982422370507946674e-01	1.112080287816207408e-01	-1.034405052861885471e-01
-2.588197140060770063e-01	9.999999999999995559e-01	-7.542562611319382215e-01	2.312231725170338925e-01	-2.364849825987728194e-01	1.844670475014602018e-01	-4.341891114925323647e-01	2.354681950181838346e-01	-2.068133618607330693e-01	1.021630758385496940e-01	-1.713919333507995246e-01	1.818303732316078614e-01	-1.892891648207483402e-01	1.655762797004496079e-01	-1.069717463521577261e-01	1.542784549433762198e-01	-1.260141316509169884e-01	1.308600251640382739e-01	-1.386184780635978386e-01	9.022558016290374572e-02	-1.152826153092087053e-01	1.338587277049101687e-01	-1.072393189429573374e-01	1.397600577765989727e-01	-7.080834205762688571e-02	9.562272459814333270e-02	-9.290948576264275449e-02	1.698771018753753581e-01	-7.469416458624145161e-02	6.857199595432127148e-02
1.958729871377945797e-01	-7.542562611319382215e-01	9.999999999999994449e-01	-3.832785145359037804e-01	2.413722321442325902e-01	-1.742682749647219143e-01	2.700017571828904339e-01	-2.681129226848294467e-01	2.152569887886795208e-01	-1.146253149323126636e-01	1.656502684057135633e-01	-1.886462971561063962e-01	1.887405136934727223e-01	-1.866316785594313576e-01	1.132642049606241430e-01	-1.713234150022818481e-01	1.338828699246192300e-01	-1.478296167296506425e-01	1.502656688086891068e-01	-1.030161987479476238e-01	1.257538977287785131e-01	-1.497950811857543252e-01	1.209258706193343663e-01	-1.614942998830422027e-01	7.944979761901825588e-02	-1.083840581504267181e-01	1.040799804667471018e-01	-1.986615376581155057e-01	8.460574464643957904e-02	-7.879931080457114323e-02
-1.578644573664611528e-01	2.312231725170338925e-01	-3.832785145359037804e-01	9.999999999999992228e-01	-7.115225276129450993e-01	1.309245591691020338e-01	-2.153192540981259118e-01	2.202922579141353143e-01	-4.062464349518734585e-01	1.767198208932634629e-01	-1.481057864593814943e-01	1.611817877947023248e-01	-1.933567597963279650e-01	2.197910254571106559e-01	-1.800694760732739208e-01	1.471585252814597289e-01	-1.221694802672808056e-01	1.422357611193936500e-01	-1.649496926985963285e-01	1.081418898954919217e-01	-1.145484316091159166e-01	1.336914076700770337e-01	-1.149591284976935746e-01	1.541074977448576022e-01	-8.416453839852733321e-02	9.605570179756531268e-02	-9.408884179473048226e-02	1.759133372972670473e-01	-8.446631459901007832e-02	7.767289420778805686e-02
1.707740653848737744e-01	-2.364849825987728194e-01	2.413722321442325902e-01	-7.115225276129450993e-01	9.999999999999994449e-01	-1.500778077049237658e-01	2.037496381048892191e-01	-2.240602147134683197e-01	2.677689092184763475e-01	-3.030881117783584267e-01	1.718420019851522595e-01	-1.918567764437138223e-01	2.052760689483767165e-01	-2.567211445909446388e-01	2.172566553031669567e-01	-1.935956817219322279e-01	1.520894601511159905e-01	-1.854957987211663939e-01	1.919656778769251726e-01	-1.462728560117801668e-01	1.472413288085324401e-01	-1.753831828766497791e-01	1.510339001932675396e-01	-2.101381779081786527e-01	1.094797471703228275e-01	-1.293247450628886019e-01	1.246326234295327406e-01	-2.465293849851329655e-01	1.118562171556470031e-01	-1.057871331436545936e-01
-7.263448892993544792e-01	1.844670475014602018e-01	-1.742682749647219143e-01	1.309245591691020338e-01	-1.500778077049237658e-01	9.999999999999993339e-01	-2.815139894459357528e-01	1.778356356132452798e-01	-1.574444948736992700e-01	8.172209861577606205e-02	-5.063205208363485976e-01	2.225329967243652451e-01	-1.965149066861385518e-01	1.506748871644318644e-01	-8.745183446757301415e-02	2.257423461394178210e-01	-1.556961591183165239e-01	1.462559429293879554e-01	-1.435626094024923805e-01	9.398146054552523887e-02	-1.551224911773060877e-01	1.621735991049338410e-01	-1.224879662254961116e-01	1.545186098859974988e-01	-7.470323277058410483e-02	1.208221563583648656e-01	-1.153259407877506720e-01	2.023951387193757556e-01	-8.207215108230286882e-02	7.486079037155966842e-02
2.385960124210407818e-01	-4.341891114925323647e-01	2.700017571828904339e-01	-2.153192540981259118e-01	2.037496381048892191e-01	-2.815139894459357528e-01	9.999999999999990008e-01	-5.886107123487397397e-01	2.644363572160414733e-01	-1.187733159486551726e-01	2.359600245245705441e-01	-3.595793977089331017e-01	2.788784798467157655e-01	-2.409189552149101909e-01	1.204475967409193299e-01	-2.168441979059321234e-01	1.879451731685599369e-01	-1.872082802724964190e-01	1.866704544674329946e-01	-1.209963823697974283e-01	1.582183942457142944e-01	-1.993412133437363343e-01	1.502871827130990157e-01	-1.951556326268624186e-01	9.396791726070904960e-02	-1.332202931825007264e-01	1.297106321718371480e-01	-2.348486827894857298e-01	1.007538501336799619e-01	-9.310405144945627098e-02
-1.965825058585194685e-01	2.354681950181838346e-01	-2.681129226848294467e-01	2.202922579141353143e-01	-2.240602147134683197e-01	1.778356356132452798e-01	-5.886107123487397397e-01	9.999999999999982236e-01	-5.146117346697381967e-01	1.246222210473307834e-01	-1.995757438751285251e-01	2.478459271760129756e-01	-4.167814684194204311e-01	2.678329649617983144e-01	-1.309238045828564900e-01	1.747581996146236882e-01	-1.590393635863548427e-01	1.656801348094954218e-01	-1.913657924644633357e-01	1.104785352841523433e-01	-1.348283087098698374e-01	1.623390101446548495e-01	-1.315898689113033371e-01	1.697821617743118516e-01	-8.674842967837896601e-02	1.099922536197775608e-01	-1.090260827820438150e-01	1.928266724951210043e-01	-8.987504049546485296e-02	8.197782430773495332e-02
1.738962283282852461e-01	-2.068133618607330693e-01	2.152569887886795208e-01	-4.062464349518734585e-01	2.677689092184763475e-01	-1.574444948736992700e-01	2.644363572160414733e-01	-5.146117346697381967e-01	9.999999999999994449e-01	-1.876988600412098918e-01	1.813086572707749422e-01	-2.226232704371865767e-01	2.817128347185046677e-01	-5.329250147053187225e-01	1.727845202980227979e-01	-1.848320306174209282e-01	1.601012892082438466e-01	-2.001194691765479927e-01	2.348419419823218890e-01	-1.392277146677543542e-01	1.433266676606394785e-01	-1.757247241299801088e-01	1.530628493115810396e-01	-2.093568319352427931e-01	1.053850054219470922e-01	-1.210378692638426762e-01	1.193089236824867450e-01	-2.219985956072787203e-01	1.071259637542392174e-01	-9.965672992241986217e-02
-9.914972735431597239e-02	1.021630758385496940e-01	-1.146253149323126636e-01	1.767198208932634629e-01	-3.030881117783584267e-01	8.172209861577606205e-02	-1.187733159486551726e-01	1.246222210473307834e-01	-1.876988600412098918e-01	9.999999999999988898e-01	-1.012020168972851547e-01	1.082119605700849613e-01	-1.377095809331168874e-01	1.780911224113660152e-01	-8.838394936558385817e-01	1.022237092835179828e-01	-8.746857273876040839e-02	1.085401717628146218e-01	-1.383330221501106738e-01	1.328820746470787684e-01	-8.357961361943015699e-02	9.581247509600344936e-02	-8.916462530189128710e-02	1.212347795931881383e-01	-1.065108452001780198e-01	6.896717042876754356e-02	-6.877384176668890903e-02	1.282000792393748201e-01	-8.458314990707872794e-02	7.510933279811474184e-02
3.022169134429663062e-01	-1.713919333507995246e-01	1.656502684057135633e-01	-1.481057864593814943e-01	1.718420019851522595e-01	-5.063205208363485976e-01	2.359600245245705441e-01	-1.995757438751285251e-01	1.813086572707749422e-01	-1.012020168972851547e-01	1.000000000000000000e+00	-4.567660110781000538e-01	2.539729233445846557e-01	-1.981839324610834563e-01	1.081119256634582443e-01	-4.627896365679297630e-01	2.459120483583293604e-01	-2.172649860746885264e-01	1.953180058483833526e-01	-1.304947657791792892e-01	2.380996537003543800e-01	-2.604257743352457743e-01	1.801097554155934310e-01	-2.233338620220607362e-01	1.035845660342721991e-01	-1.885513109375777374e-01	1.748538137550049443e-01	-3.025919348299012102e-01	1.161476239577134417e-01	-1.060899662021571876e-01
-2.407851152000674289e-01	1.818303732316078614e-01	-1.886462971561063962e-01	1.611817877947023248e-01	-1.918567764437138223e-01	2.225329967243652451e-01	-3.595793977089331017e-01	2.478459271760129756e-01	-2.226232704371865767e-01	1.082119605700849613e-01	-4.567660110781000538e-01	1.000000000000004441e+00	-5.303717465497010952e-01	2.337603414143491487e-01	-1.186735929474843076e-01	2.601639793082473062e-01	-4.320838981831796599e-01	2.186381366418292949e-01	-2.157683966542575660e-01	1.217436834353676917e-01	-2.026295404720842297e-01	2.625000550218228867e-01	-1.773140586638096705e-01	1.997366732513697618e-01	-9.878592855529144678e-02	1.524549429467691730e-01	-1.595066972360541235e-01	2.368271511879155578e-01	-1.064149491553027932e-01	9.437766773682915167e-02
2.055648254280861009e-01	-1.892891648207483402e-01	1.887405136934727223e-01	-1.933567597963279650e-01	2.052760689483767165e-01	-1.965149066861385518e-01	2.788784798467157655e-01	-4.167814684194204311e-01	2.817128347185046677e-01	-1.377095809331168874e-01	2.539729233445846557e-01	-5.303717465497010952e-01	1.000000000000004441e+00	-4.665074627302013277e-01	1.438043169346350791e-01	-2.515358676261663651e-01	2.391697847552162193e-01	-2.503074426727160406e-01	2.521433870824103529e-01	-1.489179236755686087e-01	1.863069290770477393e-01	-2.511727333735279122e-01	1.885485531202945875e-01	-2.420173140187192595e-01	1.151479560992899331e-01	-1.566335844366301688e-01	1.547562947567345804e-01	-2.728177410827525851e-01	1.220374601698266948e-01	-1.121266311534615950e-01
-1.799652672513757101e-01	1.655762797004496079e-01	-1.866316785594313576e-01	2.197910254571106559e-01	-2.567211445909446388e-01	1.506748871644318644e-01	-2.409189552149101909e-01	2.678329649617983144e-01	-5.329250147053187225e-01	1.780911224113660152e-01	-1.981839324610834563e-01	2.337603414143491487e-01	-4.665074627302013277e-01	9.999999999999986677e-01	-2.250748237911832927e-01	1.830425137406434810e-01	-1.776645696886982317e-01	2.294412589619842791e-01	-4.753171871621875155e-01	1.581926148014363154e-01	-1.513406678528483595e-01	1.801569284550276207e-01	-1.731958698013825182e-01	2.221036724074073043e-01	-1.245648178410919404e-01	1.208752161706353606e-01	-1.231792132453253807e-01	2.151190875398011626e-01	-1.190622719823536957e-01	1.065949636918916699e-01
1.038680815131140384e-01	-1.069717463521577261e-01	1.132642049606241430e-01	-1.800694760732739208e-01	2.172566553031669567e-01	-8.745183446757301415e-02	1.204475967409193299e-01	-1.309238045828564900e-01	1.727845202980227979e-01	-8.838394936558385817e-01	1.081119256634582443e-01	-1.186735929474843076e-01	1.438043169346350791e-01	-2.250748237911832927e-01	9.999999999999971134e-01	-1.147546687947059857e-01	9.670315397899770238e-02	-1.239201413740498303e-01	1.501635455714961931e-01	-1.738224047680274609e-01	9.244675582433316274e-02	-1.082260869268769354e-01	1.006751010560670567e-01	-1.404984855777396402e-01	1.167909119110651373e-01	-7.805375768790162594e-02	7.730793048232277587e-02	-1.479463619469495450e-01	9.324175314656971136e-02	-8.663977443817275081e-02
-2.991953869787524756e-01	1.542784549433762198e-01	-1.713234150022818481e-01	1.471585252814597289e-01	-1.935956817219322279e-01	2.257423461394178210e-01	-2.168441979059321234e-01	1.747581996146236882e-01	-1.848320306174209282e-01	1.022237092835179828e-01	-4.627896365679297630e-01	2.601639793082473062e-01	-2.515358676261663651e-01	1.830425137406434810e-01	-1.147546687947059857e-01	9.999999999999968914e-01	-3.422806994468042818e-01	2.105815057003497526e-01	-2.083695449024462465e-01	1.240307382249237617e-01	-5.838700170771232711e-01	2.694877839412772591e-01	-1.846315486326446376e-01	2.042609503296708706e-01	-1.039180538866687625e-01	2.386558245530591704e-01	-2.352776202150809737e-01	2.744511006465421010e-01	-1.157015012768477236e-01	1.000842389456307324e-01
1.848799084191285469e-01	-1.260141316509169884e-01	1.338828699246192300e-01	-1.221694802672808056e-01	1.520894601511159905e-01	-1.556961591183165239e-01	1.879451731685599369e-01	-1.590393635863548427e-01	1.601012892082438466e-01	-8.746857273876040839e-02	2.459120483583293604e-01	-4.320838981831796599e-01	2.391697847552162193e-01	-1.776645696886982317e-01	9.670315397899770238e-02	-3.422806994468042818e-01	9.999999999999998890e-01	-3.636430552653547310e-01	2.176178686467607759e-01	-1.189059587755356279e-01	2.347155185637807284e-01	-6.529591287518351495e-01	2.340663076987775648e-01	-2.229275549104194343e-01	9.885410608932078402e-02	-1.892152992134584211e-01	2.043755890947641374e-01	-2.551751561636411147e-01	1.102536406749534681e-01	-9.532369097201079389e-02
-1.929488370682584664e-01	1.308600251640382739e-01	-1.478296167296506425e-01	1.422357611193936500e-01	-1.854957987211663939e-01	1.462559429293879554e-01	-1.872082802724964190e-01	1.656801348094954218e-01	-2.001194691765479927e-01	1.085401717628146218e-01	-2.172649860746885264e-01	2.186381366418292949e-01	-2.503074426727160406e-01	2.294412589619842791e-01	-1.239201413740498303e-01	2.105815057003497526e-01	-3.636430552653547310e-01	1.000000000000000888e+00	-5.183632193563151302e-01	1.687863487103297699e-01	-2.058515636255381365e-01	2.660008469711917511e-01	-5.695937041476222262e-01	3.103806162718943940e-01	-1.483786673306501380e-01	1.514351271242193875e-01	-1.736996360463970157e-01	2.653776029410281345e-01	-1.571588268905708685e-01	1.275697656440684113e-01
1.775503494326277631e-01	-1.386184780635978386e-01	1.502656688086891068e-01	-1.649496926985963285e-01	1.919656778769251726e-01	-1.435626094024923805e-01	1.866704544674329946e-01	-1.913657924644633357e-01	2.348419419823218890e-01	-1.383330221501106738e-01	1.953180058483833526e-01	-2.157683966542575660e-01	2.521433870824103529e-01	-4.753171871621875155e-01	1.501635455714961931e-01	-2.083695449024462465e-01	2.176178686467607759e-01	-5.183632193563151302e-01	9.999999999999981126e-01	-2.943713956453659630e-01	1.805969790659146812e-01	-2.346165838578519180e-01	2.796160866937020262e-01	-4.218639670681779696e-01	1.920877550324682492e-01	-1.477441855689169692e-01	1.544172133716911199e-01	-2.820952860101975102e-01	1.785051066506211093e-01	-1.664206795264693006e-01
-1.265345161706939170e-01	9.022558016290374572e-02	-1.030161987479476238e-01	1.081418898954919217e-01	-1.462728560117801668e-01	9.398146054552523887e-02	-1.209963823697974283e-01	1.104785352841523433e-01	-1.392277146677543542e-01	1.328820746470787684e-01	-1.304947657791792892e-01	1.217436834353676917e-01	-1.489179236755686087e-01	1.581926148014363154e-01	-1.738224047680274609e-01	1.240307382249237617e-01	-1.189059587755356279e-01	1.687863487103297699e-01	-2.943713956453659630e-01	9.999999999999975575e-01	-1.202685452987912462e-01	1.266101968185003313e-01	-1.554364942709992592e-01	2.170014928303954371e-01	-7.876387043457828696e-01	9.107243105991981447e-02	-9.819220415772350607e-02	1.747601654459437492e-01	-3.127545427439637482e-01	2.589433955669442344e-01
1.913443144175364929e-01	-1.152826153092087053e-01	1.257538977287785131e-01	-1.145484316091159166e-01	1.472413288085324401e-01	-1.551224911773060877e-01	1.582183942457142944e-01	-1.348283087098698374e-01	1.433266676606394785e-01	-8.357961361943015699e-02	2.380996537003543800e-01	-2.026295404720842297e-01	1.863069290770477393e-01	-1.513406678528483595e-01	9.244675582433316274e-02	-5.838700170771232711e-01	2.347155185637807284e-01	-2.058515636255381365e-01	1.805969790659146812e-01	-1.202685452987912462e-01	9.999999999999991118e-01	-3.191091348017257578e-01	1.876849744592189728e-01	-2.142461647656571377e-01	9.891548534127860004e-02	-5.191682285427809962e-01	2.887770232169249440e-01	-3.669788760808381234e-01	1.166445122520228389e-01	-1.032482354197598456e-01
-2.115743064462036749e-01	1.338587277049101687e-01	-1.497950811857543252e-01	1.336914076700770337e-01	-1.753831828766497791e-01	1.621735991049338410e-01	-1.993412133437363343e-01	1.623390101446548495e-01	-1.757247241299801088e-01	9.581247509600344936e-02	-2.604257743352457743e-01	2.625000550218228867e-01	-2.511727333735279122e-01	1.801569284550276207e-01	-1.082260869268769354e-01	2.694877839412772591e-01	-6.529591287518351495e-01	2.660008469711917511e-01	-2.346165838578519180e-01	1.266101968185003313e-01	-3.191091348017257578e-01	9.999999999999984457e-01	-3.127394584309711179e-01	2.319086496384845653e-01	-1.095513200391432240e-01	2.330751413416326245e-01	-3.530258802325148548e-01	2.769210721299787403e-01	-1.241301789469239636e-01	1.032388936404475543e-01
1.635896747326963385e-01	-1.072393189429573374e-01	1.209258706193343663e-01	-1.149591284976935746e-01	1.510339001932675396e-01	-1.224879662254961116e-01	1.502871827130990157e-01	-1.315898689113033371e-01	1.530628493115810396e-01	-8.916462530189128710e-02	1.801097554155934310e-01	-1.773140586638096705e-01	1.885485531202945875e-01	-1.731958698013825182e-01	1.006751010560670567e-01	-1.846315486326446376e-01	2.340663076987775648e-01	-5.695937041476222262e-01	2.796160866937020262e-01	-1.554364942709992592e-01	1.876849744592189728e-01	-3.127394584309711179e-01	1.000000000000000222e+00	-5.914113459986075627e-01	1.366155748192648123e-01	-1.497116657041311083e-01	1.756609876374375379e-01	-3.708979040836604124e-01	1.641711908559023714e-01	-1.356750517130663192e-01
-2.137977601406207961e-01	1.397600577765989727e-01	-1.614942998830422027e-01	1.541074977448576022e-01	-2.101381779081786527e-01	1.545186098859974988e-01	-1.951556326268624186e-01	1.697821617743118516e-01	-2.093568319352427931e-01	1.212347795931881383e-01	-2.233338620220607362e-01	1.997366732513697618e-01	-2.420173140187192595e-01	2.221036724074073043e-01	-1.404984855777396402e-01	2.042609503296708706e-01	-2.229275549104194343e-01	3.103806162718943940e-01	-4.218639670681779696e-01	2.170014928303954371e-01	-2.142461647656571377e-01	2.319086496384845653e-01	-5.914113459986075627e-01	1.000000000000000444e+00	-2.322147014787807051e-01	1.537678805269692695e-01	-1.766168073291050356e-01	2.824701992862999056e-01	-3.086251897218154072e-01	2.026648540675841104e-01
9.891536719844251646e-02	-7.080834205762688571e-02	7.944979761901825588e-02	-8.416453839852733321e-02	1.094797471703228275e-01	-7.470323277058410483e-02	9.396791726070904960e-02	-8.674842967837896601e-02	1.053850054219470922e-01	-1.065108452001780198e-01	1.035845660342721991e-01	-9.878592855529144678e-02	1.151479560992899331e-01	-1.245648178410919404e-01	1.167909119110651373e-01	-1.039180538866687625e-01	9.885410608932078402e-02	-1.483786673306501380e-01	1.920877550324682492e-01	-7.876387043457828696e-01	9.891548534127860004e-02	-1.095513200391432240e-01	1.366155748192648123e-01	-2.322147014787807051e-01	1.000000000000000222e+00	-7.829802640824405635e-02	8.371858445993146658e-02	-1.606087843441189045e-01	2.663517869820736239e-01	-4.323701691043375650e-01
-1.665072159596973078e-01	9.562272459814333270e-02	-1.083840581504267181e-01	9.605570179756531268e-02	-1.293247450628886019e-01	1.208221563583648656e-01	-1.332202931825007264e-01	1.099922536197775608e-01	-1.210378692638426762e-01	6.896717042876754356e-02	-1.885513109375777374e-01	1.524549429467691730e-01	-1.566335844366301688e-01	1.208752161706353606e-01	-7.805375768790162594e-02	2.386558245530591704e-01	-1.892152992134584211e-01	1.514351271242193875e-01	-1.477441855689169692e-01	9.107243105991981447e-02	-5.191682285427809962e-01	2.330751413416326245e-01	-1.497116657041311083e-01	1.537678805269692695e-01	-7.829802640824405635e-02	9.999999999999991118e-01	-7.211456561654322472e-01	2.697825730600126315e-01	-9.313034561645990028e-02	7.754709831505454676e-02
1.534756847991695650e-01	-9.290948576264275449e-02	1.040799804667471018e-01	-9.408884179473048226e-02	1.246326234295327406e-01	-1.153259407877506720e-01	1.297106321718371480e-01	-1.090260827820438150e-01	1.193089236824867450e-01	-6.877384176668890903e-02	1.748538137550049443e-01	-1.595066972360541235e-01	1.547562947567345804e-01	-1.231792132453253807e-01	7.730793048232277587e-02	-2.352776202150809737e-01	2.043755890947641374e-01	-1.736996360463970157e-01	1.544172133716911199e-01	-9.819220415772350607e-02	2.887770232169249440e-01	-3.530258802325148548e-01	1.756609876374375379e-01	-1.766168073291050356e-01	8.371858445993146658e-02	-7.211456561654322472e-01	9.999999999999995559e-01	-4.405504786164126663e-01	1.033829062596011428e-01	-8.713980144628377666e-02
-2.982422370507946674e-01	1.698771018753753581e-01	-1.986615376581155057e-01	1.759133372972670473e-01	-2.465293849851329655e-01	2.023951387193757556e-01	-2.348486827894857298e-01	1.928266724951210043e-01	-2.219985956072787203e-01	1.282000792393748201e-01	-3.025919348299012102e-01	2.368271511879155578e-01	-2.728177410827525851e-01	2.151190875398011626e-01	-1.479463619469495450e-01	2.744511006465421010e-01	-2.551751561636411147e-01	2.653776029410281345e-01	-2.820952860101975102e-01	1.747601654459437492e-01	-3.669788760808381234e-01	2.769210721299787403e-01	-3.708979040836604124e-01	2.824701992862999056e-01	-1.606087843441189045e-01	2.697825730600126315e-01	-4.405504786164126663e-01	9.999999999999997780e-01	-2.276017471826857208e-01	1.626234265679303848e-01
1.112080287816207408e-01	-7.469416458624145161e-02	8.460574464643957904e-02	-8.446631459901007832e-02	1.118562171556470031e-01	-8.207215108230286882e-02	1.007538501336799619e-01	-8.987504049546485296e-02	1.071259637542392174e-01	-8.458314990707872794e-02	1.161476239577134417e-01	-1.064149491553027932e-01	1.220374601698266948e-01	-1.190622719823536957e-01	9.324175314656971136e-02	-1.157015012768477236e-01	1.102536406749534681e-01	-1.571588268905708685e-01	1.785051066506211093e-01	-3.127545427439637482e-01	1.166445122520228389e-01	-1.241301789469239636e-01	1.641711908559023714e-01	-3.086251897218154072e-01	2.663517869820736239e-01	-9.313034561645990028e-02	1.033829062596011428e-01	-2.276017471826857208e-01	1.000000000000000222e+00	-8.060154112338896448e-01
-1.034405052861885471e-01	6.857199595432127148e-02	-7.879931080457114323e-02	7.767289420778805686e-02	-1.057871331436545936e-01	7.486079037155966842e-02	-9.310405144945627098e-02	8.197782430773495332e-02	-9.965672992241986217e-02	7.510933279811474184e-02	-1.060899662021571876e-01	9.437766773682915167e-02	-1.121266311534615950e-01	1.065949636918916699e-01	-8.663977443817275081e-02	1.000842389456307324e-01	-9.532369097201079389e-02	1.275697656440684113e-01	-1.664206795264693006e-01	2.589433955669442344e-01	-1.032482354197598456e-01	1.032388936404475543e-01	-1.356750517130663192e-01	2.026648540675841104e-01	-4.323701691043375650e-01	7.754709831505454676e-02	-8.713980144628377666e-02	1.626234265679303848e-01	-8.060154112338896448e-01	1.000000000000000000e+00
