1.000000000000000000e+00	-8.350976190437715552e-01	2.221660793350728469e-01	-1.364465114937490620e-01	9.256766340656549796e-02	-3.967345606183949602e-01	1.917559781477082281e-01	-1.378859700340920313e-01	1.087324465569688842e-01	-1.142438663756763784e-01	1.874616323346759150e-01	-1.392261934694654923e-01	1.568009804003932528e-01	-9.360135450993191386e-02	8.889394178110064659e-02	-1.143568824640652515e-01	7.266332905653909158e-02	-8.686055692521385541e-02	2.490711006635696473e-02	-2.621850155068889202e-02	6.713547107062557695e-02	-7.021445969288779565e-02	5.851332949396972211e-02	-3.652726083578865940e-02	3.693211912835318855e-02	-9.364242161961372490e-02	6.502741764554686998e-02	-7.470300488028017161e-02	5.336916895245265996e-02	-7.116750200727978148e-02
-8.350976190437715552e-01	9.999999999999997780e-01	-3.370773742559966535e-01	1.459282536821445153e-01	-1.032557812567437283e-01	2.595712574745210333e-01	-2.300449818079603470e-01	1.406031003933919665e-01	-1.179153410553406417e-01	1.177058331305332883e-01	-2.003872664446552376e-01	1.450777406761077082e-01	-1.703210552654488563e-01	9.672400956864515842e-02	-9.482536600741758859e-02	1.094998585602433017e-01	-7.170664831592514499e-02	8.425846011128709789e-02	-2.467942980924734547e-02	2.589866254878835788e-02	-6.488206636227988877e-02	6.774014989906844419e-02	-5.667245073438873654e-02	3.537447280709032915e-02	-3.585646500507284201e-02	8.936445309829407768e-02	-6.307066365746021031e-02	7.166075555804179986e-02	-5.168127994421212873e-02	6.806678119023826246e-02
2.221660793350728469e-01	-3.370773742559966535e-01	9.999999999999990008e-01	-5.680557650173809758e-01	2.638615276070116478e-01	-2.954016195243889809e-01	2.115848006744454890e-01	-3.175862911376707842e-01	2.522665058954589035e-01	-3.318090567287615422e-01	2.131128533895690347e-01	-1.708914666429175444e-01	2.419294365967056271e-01	-2.077324208050254084e-01	1.905643718773312456e-01	-2.038008175030649183e-01	1.209277916237613548e-01	-1.506012998649822188e-01	4.806456096446110049e-02	-5.090650926347019267e-02	1.185723376001051460e-01	-1.245759652645064136e-01	1.039303282147402141e-01	-6.797305627610525369e-02	6.860364640496406652e-02	-1.714213556418945628e-01	1.148075007214796467e-01	-1.359160701503198954e-01	9.793122778706517262e-02	-1.345738965666922471e-01
-1.364465114937490620e-01	1.459282536821445153e-01	-5.680557650173809758e-01	9.999999999999988898e-01	-6.037446563851431858e-01	1.609829811506094943e-01	-1.521418376436861342e-01	2.328727302974616109e-01	-3.396258716536041944e-01	3.056044808300069637e-01	-1.445377570755427554e-01	1.168105107731787357e-01	-1.914535697970148886e-01	1.667677294882315697e-01	-1.880167281801155277e-01	1.121304993308866460e-01	-7.053376305684724845e-02	8.558004748223486946e-02	-3.171557731948523168e-02	3.319716813639898151e-02	-6.615555591325875118e-02	6.954496847290944639e-02	-5.861343643950328586e-02	3.932216876323185728e-02	-3.992750920435754469e-02	9.337822878038962160e-02	-6.461991997769123142e-02	7.514085664349511029e-02	-5.569912422791657713e-02	7.402695975712059173e-02
9.256766340656549796e-02	-1.032557812567437283e-01	2.638615276070116478e-01	-6.037446563851431858e-01	9.999999999999987788e-01	-1.319743259213466413e-01	1.194061474966509051e-01	-2.140824937348258794e-01	2.396495997205460027e-01	-6.667827980015483824e-01	1.140724174840779676e-01	-9.562084853219263159e-02	1.543556116556797086e-01	-1.816345670477182705e-01	1.870545304786504492e-01	-9.830170342497292213e-02	6.074683231634513125e-02	-7.461219295329554746e-02	2.976884660219004594e-02	-3.140114557173036280e-02	5.770703779845973852e-02	-6.079006518681975141e-02	5.121672578747955146e-02	-3.516185211480161305e-02	3.556620380452390345e-02	-8.214857820674484334e-02	5.625992323062520284e-02	-6.609244640417483163e-02	4.905645326695210612e-02	-6.568606373323362946e-02
-3.967345606183949602e-01	2.595712574745210333e-01	-2.954016195243889809e-01	1.609829811506094943e-01	-1.319743259213466413e-01	9.999999999999996669e-01	-4.709159305081277447e-01	2.081625680323980487e-01	-1.776554987324100165e-01	1.509346464356554340e-01	-5.564438093861732160e-01	2.903501308242986689e-01	-3.318564581839536509e-01	1.498005903483101142e-01	-1.507588809442165501e-01	1.855127744436787796e-01	-1.277130135586138637e-01	1.443546718619714564e-01	-4.045098541601686859e-02	4.220031169792655412e-02	-1.114095022280979091e-01	1.148599421209127863e-01	-9.637976675109134750e-02	5.845636533248258632e-02	-5.949579033907351905e-02	1.474956503044249356e-01	-1.082047252220841999e-01	1.189359158081911283e-01	-8.638234488764173769e-02	1.101594068128487064e-01
1.917559781477082281e-01	-2.300449818079603470e-01	2.115848006744454890e-01	-1.521418376436861342e-01	1.194061474966509051e-01	-4.709159305081277447e-01	9.999999999999990008e-01	-3.185886988356049221e-01	1.888585472450804992e-01	-1.530793113531583316e-01	3.156873692159410938e-01	-6.403630186433015847e-01	2.921052935711765941e-01	-1.531026598900740443e-01	1.373035163198811082e-01	-2.053472990105160989e-01	1.492076766174091351e-01	-1.711439245526319430e-01	4.189889061886267058e-02	-4.400060338055353237e-02	1.197464869649991076e-01	-1.285169331190817721e-01	1.057204048720626344e-01	-6.198884055234193252e-02	6.218373641839165800e-02	-1.624595822750175278e-01	1.158479813574116862e-01	-1.318895351727863430e-01	9.037381014218590081e-02	-1.180974790459865947e-01
-1.378859700340920313e-01	1.406031003933919665e-01	-3.175862911376707842e-01	2.328727302974616109e-01	-2.140824937348258794e-01	2.081625680323980487e-01	-3.185886988356049221e-01	9.999999999999985567e-01	-7.308214207874514923e-01	2.421552986275799790e-01	-2.073143583731163475e-01	1.946488032798141532e-01	-3.199834504123284518e-01	1.987540975404132326e-01	-2.063131923895847042e-01	1.397636749050519267e-01	-9.377973844511383605e-02	1.105517368458861782e-01	-3.816453868345812822e-02	3.967636206463925203e-02	-8.301544274972683102e-02	8.751608296365527562e-02	-7.376909151713441359e-02	4.790780425336376575e-02	-4.863054579543525657e-02	1.147181640332240599e-01	-8.128264263310927551e-02	9.302338923886854793e-02	-6.827778757746244542e-02	8.914185035745414432e-02
1.087324465569688842e-01	-1.179153410553406417e-01	2.522665058954589035e-01	-3.396258716536041944e-01	2.396495997205460027e-01	-1.776554987324100165e-01	1.888585472450804992e-01	-7.308214207874514923e-01	9.999999999999992228e-01	-3.925604278732723329e-01	1.538393235551147598e-01	-1.460604239171392482e-01	2.161843691245388388e-01	-2.466206917150205458e-01	2.069748815605800818e-01	-1.237294709066048271e-01	7.898218211101379338e-02	-9.582651454477562891e-02	3.631682009087370405e-02	-3.795382842295740716e-02	7.273710847950315417e-02	-7.680591403163829212e-02	6.458587541624688511e-02	-4.331034022161131536e-02	4.375581034557841920e-02	-1.024221856745389098e-01	7.092049607660448618e-02	-8.267473456694791889e-02	6.068590753376432861e-02	-8.050720797793718686e-02
-1.142438663756763784e-01	1.177058331305332883e-01	-3.318090567287615422e-01	3.056044808300069637e-01	-6.667827980015483824e-01	1.509346464356554340e-01	-1.530793113531583316e-01	2.421552986275799790e-01	-3.925604278732723329e-01	9.999999999999981126e-01	-1.438925592777481333e-01	1.192853533837297669e-01	-2.091626175820998634e-01	2.307186868150647163e-01	-3.462688681545467717e-01	1.105556483772498627e-01	-7.051358446500234634e-02	8.533625284337478800e-02	-3.731280789002303089e-02	3.899342806630884395e-02	-6.544622028517951828e-02	6.893743909640519252e-02	-5.844953658538060842e-02	4.084762070204203677e-02	-4.153900264553699040e-02	9.192855738295749313e-02	-6.413850879148727535e-02	7.457111707814206847e-02	-5.642037856116301903e-02	7.404518267535954712e-02
1.874616323346759150e-01	-2.003872664446552376e-01	2.131128533895690347e-01	-1.445377570755427554e-01	1.140724174840779676e-01	-5.564438093861732160e-01	3.156873692159410938e-01	-2.073143583731163475e-01	1.538393235551147598e-01	-1.438925592777481333e-01	9.999999999999981126e-01	-5.171945240822848344e-01	2.994171321479040526e-01	-1.521761947242729063e-01	1.391361063759404548e-01	-3.102642398732969320e-01	1.851334110755115947e-01	-2.195454300127915037e-01	5.204856127534580185e-02	-5.485006987939630707e-02	1.692384625429459999e-01	-1.741945337397675098e-01	1.414404965295191496e-01	-8.231662740797582312e-02	8.241622952957400328e-02	-2.295790698937879570e-01	1.579115543597697235e-01	-1.793450880604214315e-01	1.211305795543968222e-01	-1.600045966734330305e-01
-1.392261934694654923e-01	1.450777406761077082e-01	-1.708914666429175444e-01	1.168105107731787357e-01	-9.562084853219263159e-02	2.903501308242986689e-01	-6.403630186433015847e-01	1.946488032798141532e-01	-1.460604239171392482e-01	1.192853533837297669e-01	-5.171945240822848344e-01	9.999999999999986677e-01	-4.406183818018325482e-01	1.384700654318299085e-01	-1.253010990863968332e-01	1.934721170898230647e-01	-1.845338890724355640e-01	1.719261107057895033e-01	-3.879932322924088683e-02	4.047542041090776421e-02	-1.156923003261596111e-01	1.246486500628696953e-01	-1.028176899798700639e-01	5.716357180834266694e-02	-5.735739180960281597e-02	1.490023663904440632e-01	-1.123389537397789240e-01	1.227695195740328149e-01	-8.373834087870504761e-02	1.064534850294525936e-01
1.568009804003932528e-01	-1.703210552654488563e-01	2.419294365967056271e-01	-1.914535697970148886e-01	1.543556116556797086e-01	-3.318564581839536509e-01	2.921052935711765941e-01	-3.199834504123284518e-01	2.161843691245388388e-01	-2.091626175820998634e-01	2.994171321479040526e-01	-4.406183818018325482e-01	9.999999999999985567e-01	-3.396072757168470679e-01	2.312192680751033458e-01	-3.247357057976881234e-01	2.037595574073365334e-01	-2.624730589894209709e-01	7.041484681895024411e-02	-7.443907158662017853e-02	1.868065842435973345e-01	-1.994888706193232719e-01	1.656371512299973647e-01	-1.021581013091331092e-01	1.019368804233258818e-01	-2.668685836807840883e-01	1.801217655439394660e-01	-2.147415379612607200e-01	1.468390435777902348e-01	-1.996201769013112859e-01
-9.360135450993191386e-02	9.672400956864515842e-02	-2.077324208050254084e-01	1.667677294882315697e-01	-1.816345670477182705e-01	1.498005903483101142e-01	-1.531026598900740443e-01	1.987540975404132326e-01	-2.466206917150205458e-01	2.307186868150647163e-01	-1.521761947242729063e-01	1.384700654318299085e-01	-3.396072757168470679e-01	9.999999999999991118e-01	-8.207831255725444031e-01	1.263607728858956725e-01	-8.218475270795705390e-02	1.002490840551521767e-01	-7.806760590438771574e-02	7.530227984895127014e-02	-7.510420573800856425e-02	7.976097457626196707e-02	-6.901022793479934248e-02	5.697073808271826967e-02	-5.774357718608554707e-02	1.050649696294815721e-01	-7.409843123113797614e-02	8.736888526721525716e-02	-7.096373730520316725e-02	9.011794637781647688e-02
8.889394178110064659e-02	-9.482536600741758859e-02	1.905643718773312456e-01	-1.880167281801155277e-01	1.870545304786504492e-01	-1.507588809442165501e-01	1.373035163198811082e-01	-2.063131923895847042e-01	2.069748815605800818e-01	-3.462688681545467717e-01	1.391361063759404548e-01	-1.253010990863968332e-01	2.312192680751033458e-01	-8.207831255725444031e-01	9.999999999999987788e-01	-1.364848737023779401e-01	8.443622301415366904e-02	-1.054416082026518042e-01	7.312072531202581938e-02	-7.970878472283468574e-02	8.018874947558884969e-02	-8.514324692795691152e-02	7.298651865102966096e-02	-5.946254049352030224e-02	5.967100232269934024e-02	-1.143129286700200475e-01	7.856688946253800876e-02	-9.408265326751277802e-02	7.440491567196497180e-02	-9.761774058462063808e-02
-1.143568824640652515e-01	1.094998585602433017e-01	-2.038008175030649183e-01	1.121304993308866460e-01	-9.830170342497292213e-02	1.855127744436787796e-01	-2.053472990105160989e-01	1.397636749050519267e-01	-1.237294709066048271e-01	1.105556483772498627e-01	-3.102642398732969320e-01	1.934721170898230647e-01	-3.247357057976881234e-01	1.263607728858956725e-01	-1.364848737023779401e-01	9.999999999999995559e-01	-3.992738942406781621e-01	2.652925407413886938e-01	-5.832664725552829527e-02	5.871667455749230574e-02	-5.864273181957934122e-01	2.754374130922003228e-01	-2.133459502138904396e-01	9.434800099046973532e-02	-9.845945115593231212e-02	2.978328739505862188e-01	-2.933582279488400890e-01	2.023293725719559899e-01	-1.536810573020178650e-01	1.486413251241289202e-01
7.266332905653909158e-02	-7.170664831592514499e-02	1.209277916237613548e-01	-7.053376305684724845e-02	6.074683231634513125e-02	-1.277130135586138637e-01	1.492076766174091351e-01	-9.377973844511383605e-02	7.898218211101379338e-02	-7.051358446500234634e-02	1.851334110755115947e-01	-1.845338890724355640e-01	2.037595574073365334e-01	-8.218475270795705390e-02	8.443622301415366904e-02	-3.992738942406781621e-01	1.000000000000000222e+00	-7.503236697617406969e-01	5.467589379186432036e-02	-5.520696638494274056e-02	2.244992556128693750e-01	-3.500095348585237631e-01	2.309124170449329272e-01	-8.207974896704858803e-02	7.929156503161582936e-02	-2.134345804711654804e-01	2.244473421530734925e-01	-2.184706795465264362e-01	1.201940201102971173e-01	-1.201130267309705457e-01
-8.686055692521385541e-02	8.425846011128709789e-02	-1.506012998649822188e-01	8.558004748223486946e-02	-7.461219295329554746e-02	1.443546718619714564e-01	-1.711439245526319430e-01	1.105517368458861782e-01	-9.582651454477562891e-02	8.533625284337478800e-02	-2.195454300127915037e-01	1.719261107057895033e-01	-2.624730589894209709e-01	1.002490840551521767e-01	-1.054416082026518042e-01	2.652925407413886938e-01	-7.503236697617406969e-01	9.999999999999998890e-01	-7.151234677838358422e-02	6.816006877930634589e-02	-2.158871049939466435e-01	2.581010316541584304e-01	-3.481628950970465097e-01	9.873794496871121651e-02	-9.843936126297909983e-02	2.003530457127538356e-01	-2.445887035459831660e-01	2.332663253242770462e-01	-1.493028707025955970e-01	1.385542199800997298e-01
2.490711006635696473e-02	-2.467942980924734547e-02	4.806456096446110049e-02	-3.171557731948523168e-02	2.976884660219004594e-02	-4.045098541601686859e-02	4.189889061886267058e-02	-3.816453868345812822e-02	3.631682009087370405e-02	-3.731280789002303089e-02	5.204856127534580185e-02	-3.879932322924088683e-02	7.041484681895024411e-02	-7.806760590438771574e-02	7.312072531202581938e-02	-5.832664725552829527e-02	5.467589379186432036e-02	-7.151234677838358422e-02	9.999999999999995559e-01	-9.290675528960244955e-01	4.198369325284086878e-02	-5.083886959812598111e-02	6.549650416065321001e-02	-2.627829262857108161e-01	1.990224873154063934e-01	-5.071724090283412367e-02	4.944265136314052872e-02	-7.297721856924405115e-02	1.353770603643835724e-01	-1.371255802071261742e-01
-2.621850155068889202e-02	2.589866254878835788e-02	-5.090650926347019267e-02	3.319716813639898151e-02	-3.140114557173036280e-02	4.220031169792655412e-02	-4.400060338055353237e-02	3.967636206463925203e-02	-3.795382842295740716e-02	3.899342806630884395e-02	-5.485006987939630707e-02	4.047542041090776421e-02	-7.443907158662017853e-02	7.530227984895127014e-02	-7.970878472283468574e-02	5.871667455749230574e-02	-5.520696638494274056e-02	6.816006877930634589e-02	-9.290675528960244955e-01	1.000000000000000222e+00	-4.278035111974116955e-02	5.114670871499091276e-02	-6.633713930647924806e-02	2.071201677249214501e-01	-2.488707118269021801e-01	5.139569100962599474e-02	-5.091019203910494145e-02	7.288984371769896553e-02	-1.475602798893198286e-01	1.350389222286393909e-01
6.713547107062557695e-02	-6.488206636227988877e-02	1.185723376001051460e-01	-6.615555591325875118e-02	5.770703779845973852e-02	-1.114095022280979091e-01	1.197464869649991076e-01	-8.301544274972683102e-02	7.273710847950315417e-02	-6.544622028517951828e-02	1.692384625429459999e-01	-1.156923003261596111e-01	1.868065842435973345e-01	-7.510420573800856425e-02	8.018874947558884969e-02	-5.864273181957934122e-01	2.244992556128693750e-01	-2.158871049939466435e-01	4.198369325284086878e-02	-4.278035111974116955e-02	1.000000000000000666e+00	-4.261204311203742323e-01	1.895321489873340037e-01	-7.345616727812159796e-02	7.247167924255792926e-02	-5.772098340270728212e-01	2.978047639214844722e-01	-1.953293773080468365e-01	1.130338933064622409e-01	-1.125417870364395778e-01
-7.021445969288779565e-02	6.774014989906844419e-02	-1.245759652645064136e-01	6.954496847290944639e-02	-6.079006518681975141e-02	1.148599421209127863e-01	-1.285169331190817721e-01	8.751608296365527562e-02	-7.680591403163829212e-02	6.893743909640519252e-02	-1.741945337397675098e-01	1.246486500628696953e-01	-1.994888706193232719e-01	7.976097457626196707e-02	-8.514324692795691152e-02	2.754374130922003228e-01	-3.500095348585237631e-01	2.581010316541584304e-01	-5.083886959812598111e-02	5.114670871499091276e-02	-4.261204311203742323e-01	9.999999999999996669e-01	-4.018299677143805093e-01	9.435793800517587593e-02	-9.147788035539056173e-02	3.020792134640196691e-01	-6.085055862889179323e-01	2.648659187057575970e-01	-1.432969879650645428e-01	1.328128174981509924e-01
5.851332949396972211e-02	-5.667245073438873654e-02	1.039303282147402141e-01	-5.861343643950328586e-02	5.121672578747955146e-02	-9.637976675109134750e-02	1.057204048720626344e-01	-7.376909151713441359e-02	6.458587541624688511e-02	-5.844953658538060842e-02	1.414404965295191496e-01	-1.028176899798700639e-01	1.656371512299973647e-01	-6.901022793479934248e-02	7.298651865102966096e-02	-2.133459502138904396e-01	2.309124170449329272e-01	-3.481628950970465097e-01	6.549650416065321001e-02	-6.633713930647924806e-02	1.895321489873340037e-01	-4.018299677143805093e-01	9.999999999999998890e-01	-1.589983194444916925e-01	1.271655387141270577e-01	-2.011873569261636574e-01	2.493136445628834907e-01	-7.367154558743843618e-01	1.963102411543907466e-01	-1.804720374664247062e-01
-3.652726083578865940e-02	3.537447280709032915e-02	-6.797305627610525369e-02	3.932216876323185728e-02	-3.516185211480161305e-02	5.845636533248258632e-02	-6.198884055234193252e-02	4.790780425336376575e-02	-4.331034022161131536e-02	4.084762070204203677e-02	-8.231662740797582312e-02	5.716357180834266694e-02	-1.021581013091331092e-01	5.697073808271826967e-02	-5.946254049352030224e-02	9.434800099046973532e-02	-8.207974896704858803e-02	9.873794496871121651e-02	-2.627829262857108161e-01	2.071201677249214501e-01	-7.345616727812159796e-02	9.435793800517587593e-02	-1.589983194444916925e-01	1.000000000000000222e+00	-7.500207921044458326e-01	8.680319065712840954e-02	-9.350171618247272998e-02	1.601687295212026740e-01	-4.693012664175765791e-01	3.014608428611529334e-01
3.693211912835318855e-02	-3.585646500507284201e-02	6.860364640496406652e-02	-3.992750920435754469e-02	3.556620380452390345e-02	-5.949579033907351905e-02	6.218373641839165800e-02	-4.863054579543525657e-02	4.375581034557841920e-02	-4.153900264553699040e-02	8.241622952957400328e-02	-5.735739180960281597e-02	1.019368804233258818e-01	-5.774357718608554707e-02	5.967100232269934024e-02	-9.845945115593231212e-02	7.929156503161582936e-02	-9.843936126297909983e-02	1.990224873154063934e-01	-2.488707118269021801e-01	7.247167924255792926e-02	-9.147788035539056173e-02	1.271655387141270577e-01	-7.500207921044458326e-01	9.999999999999997780e-01	-8.938678916332837288e-02	8.844081719513652295e-02	-1.499526315376364938e-01	3.006081540810290886e-01	-4.909079703640313319e-01
-9.364242161961372490e-02	8.936445309829407768e-02	-1.714213556418945628e-01	9.337822878038962160e-02	-8.214857820674484334e-02	1.474956503044249356e-01	-1.624595822750175278e-01	1.147181640332240599e-01	-1.024221856745389098e-01	9.192855738295749313e-02	-2.295790698937879570e-01	1.490023663904440632e-01	-2.668685836807840883e-01	1.050649696294815721e-01	-1.143129286700200475e-01	2.978328739505862188e-01	-2.134345804711654804e-01	2.003530457127538356e-01	-5.071724090283412367e-02	5.139569100962599474e-02	-5.772098340270728212e-01	3.020792134640196691e-01	-2.011873569261636574e-01	8.680319065712840954e-02	-8.938678916332837288e-02	9.999999999999997780e-01	-5.727535780398678167e-01	2.035351886136842203e-01	-1.413577009390708517e-01	1.359502018506212884e-01
6.502741764554686998e-02	-6.307066365746021031e-02	1.148075007214796467e-01	-6.461991997769123142e-02	5.625992323062520284e-02	-1.082047252220841999e-01	1.158479813574116862e-01	-8.128264263310927551e-02	7.092049607660448618e-02	-6.413850879148727535e-02	1.579115543597697235e-01	-1.123389537397789240e-01	1.801217655439394660e-01	-7.409843123113797614e-02	7.856688946253800876e-02	-2.933582279488400890e-01	2.244473421530734925e-01	-2.445887035459831660e-01	4.944265136314052872e-02	-5.091019203910494145e-02	2.978047639214844722e-01	-6.085055862889179323e-01	2.493136445628834907e-01	-9.350171618247272998e-02	8.844081719513652295e-02	-5.727535780398678167e-01	1.000000000000000000e+00	-3.146446264517711588e-01	1.402653638165898831e-01	-1.431616338250646936e-01
-7.470300488028017161e-02	7.166075555804179986e-02	-1.359160701503198954e-01	7.514085664349511029e-02	-6.609244640417483163e-02	1.189359158081911283e-01	-1.318895351727863430e-01	9.302338923886854793e-02	-8.267473456694791889e-02	7.457111707814206847e-02	-1.793450880604214315e-01	1.227695195740328149e-01	-2.147415379612607200e-01	8.736888526721525716e-02	-9.408265326751277802e-02	2.023293725719559899e-01	-2.184706795465264362e-01	2.332663253242770462e-01	-7.297721856924405115e-02	7.288984371769896553e-02	-1.953293773080468365e-01	2.648659187057575970e-01	-7.367154558743843618e-01	1.601687295212026740e-01	-1.499526315376364938e-01	2.035351886136842203e-01	-3.146446264517711588e-01	9.999999999999997780e-01	-3.210170960692385056e-01	2.080263461090001986e-01
5.336916895245265996e-02	-5.168127994421212873e-02	9.793122778706517262e-02	-5.569912422791657713e-02	4.905645326695210612e-02	-8.638234488764173769e-02	9.037381014218590081e-02	-6.827778757746244542e-02	6.068590753376432861e-02	-5.642037856116301903e-02	1.211305795543968222e-01	-8.373834087870504761e-02	1.468390435777902348e-01	-7.096373730520316725e-02	7.440491567196497180e-02	-1.536810573020178650e-01	1.201940201102971173e-01	-1.493028707025955970e-01	1.353770603643835724e-01	-1.475602798893198286e-01	1.130338933064622409e-01	-1.432969879650645428e-01	1.963102411543907466e-01	-4.693012664175765791e-01	3.006081540810290886e-01	-1.413577009390708517e-01	1.402653638165898831e-01	-3.210170960692385056e-01	9.999999999999995559e-01	-7.008995820155565770e-01
-7.116750200727978148e-02	6.806678119023826246e-02	-1.345738965666922471e-01	7.402695975712059173e-02	-6.568606373323362946e-02	1.101594068128487064e-01	-1.180974790459865947e-01	8.914185035745414432e-02	-8.050720797793718686e-02	7.404518267535954712e-02	-1.600045966734330305e-01	1.064534850294525936e-01	-1.996201769013112859e-01	9.011794637781647688e-02	-9.761774058462063808e-02	1.486413251241289202e-01	-1.201130267309705457e-01	1.385542199800997298e-01	-1.371255802071261742e-01	1.350389222286393909e-01	-1.125417870364395778e-01	1.328128174981509924e-01	-1.804720374664247062e-01	3.014608428611529334e-01	-4.909079703640313319e-01	1.359502018506212884e-01	-1.431616338250646936e-01	2.080263461090001986e-01	-7.008995820155565770e-01	9.999999999999995559e-01
