1.000000000000000000e+00	-2.077191034628007582e-01	1.705925223743729735e-01	-2.939413420822148404e-02	2.356644738966187647e-02	-7.087210480117870359e-01	2.095345857781194809e-01	-2.076924006368209563e-01	4.015411765354599122e-02	-3.454822364113876998e-02	2.899660446837535877e-01	-2.012714949406334553e-01	1.907074232646475409e-01	-8.702356177337421117e-02	1.046564855688832812e-01	-3.403867505524472703e-01	2.092443275341411002e-01	-1.334637102748830739e-01	7.805353277690571523e-02	-6.032038867219240152e-02	2.095241320013894182e-01	-1.898205994855762524e-01	1.214731645731261800e-01	-9.363803145794317995e-02	6.791158835282543049e-02	-3.750472541360896916e-01	1.614591197940438150e-01	-1.512556663635970522e-01	1.079943547657320618e-01	-1.645354788935596280e-01
-2.077191034628007582e-01	1.000000000000000222e+00	-7.769525773390870693e-01	2.901806473555793714e-02	-2.220257762706264598e-02	1.528201066965112209e-01	-4.975525903406626260e-01	2.993624837699674912e-01	-3.793110803856622470e-02	3.093937923892151748e-02	-1.057581899117401442e-01	1.436199573526307782e-01	-1.508112769031348388e-01	6.148077893289325552e-02	-7.226808937341186456e-02	1.065459837939589649e-01	-1.131505703907538518e-01	6.228158538159293128e-02	-3.767828303821994795e-02	2.847138931841266055e-02	-8.343305487364927053e-02	7.978824426145288140e-02	-5.537126106956030691e-02	4.368701876021759828e-02	-3.160138269466711280e-02	1.358552916965841129e-01	-6.651039213390319560e-02	6.281934397929224423e-02	-4.460985551697602136e-02	6.686068479628924643e-02
1.705925223743729735e-01	-7.769525773390870693e-01	1.000000000000000444e+00	-3.787433619587286804e-02	2.796969948252318178e-02	-1.536501116207292794e-01	3.099293273556837369e-01	-4.825903559163538525e-01	4.806399056378566487e-02	-3.957664303096310870e-02	1.088978968348849885e-01	-1.577797884255302263e-01	1.648855818408884732e-01	-6.989250288838289027e-02	7.926881104707013403e-02	-1.167183663571316338e-01	1.209800165009705664e-01	-7.144326429565289738e-02	4.309448160624301805e-02	-3.284011408016515587e-02	9.262357091654108143e-02	-9.057321274550116097e-02	6.287976301120923317e-02	-5.052262121562229452e-02	3.628062593515550549e-02	-1.613702149873055547e-01	7.642377214425577492e-02	-7.325548245347171528e-02	5.197428066907239935e-02	-7.882474873083113176e-02
-2.939413420822148404e-02	2.901806473555793714e-02	-3.787433619587286804e-02	1.000000000000000444e+00	-7.402381546066680862e-01	2.430838297790249847e-02	-4.170056704494484734e-02	5.245303922037242161e-02	-5.815120662783929140e-01	3.269413034053575418e-01	-2.220645422009096676e-02	3.431272246367817608e-02	-4.554431237710476060e-02	4.971966272337750847e-02	-5.706552798942892551e-02	2.344480687231501742e-02	-2.975844357225073192e-02	1.842781057361027319e-02	-1.503168558159215761e-02	1.130673720943240444e-02	-2.165931293286289111e-02	2.128535331736726086e-02	-1.640392399910333907e-02	1.645267743505976835e-02	-1.199275948065457557e-02	3.711752293482239312e-02	-1.858843656989361479e-02	1.782778831178795029e-02	-1.283437817168049319e-02	1.918862104814580971e-02
2.356644738966187647e-02	-2.220257762706264598e-02	2.796969948252318178e-02	-7.402381546066680862e-01	1.000000000000000666e+00	-1.975195075946441226e-02	3.122823595222241899e-02	-3.971197922484007159e-02	3.256638751224705253e-01	-5.851967995768365682e-01	1.827978085525166357e-02	-2.888730105950967908e-02	3.730193379206047516e-02	-4.603626554713688424e-02	5.228159699162647500e-02	-1.958317619996210318e-02	2.471823058569568715e-02	-1.575964339512316709e-02	1.309230137882144880e-02	-9.895548422577442327e-03	1.818545699920931860e-02	-1.804254493307960727e-02	1.395667999721411819e-02	-1.439527158637900033e-02	1.038007748253189089e-02	-3.194764589785928366e-02	1.581414548473311990e-02	-1.527181813877301168e-02	1.098670336988931406e-02	-1.650448790863660517e-02
-7.087210480117870359e-01	1.528201066965112209e-01	-1.536501116207292794e-01	2.430838297790249847e-02	-1.975195075946441226e-02	1.000000000000000444e+00	-2.361711904258709527e-01	1.759926180443520949e-01	-3.399709687178340684e-02	2.893218303827936599e-02	-5.161876345666388533e-01	1.876094577975325750e-01	-1.858505608842279944e-01	7.850914127858922564e-02	-9.691740881992839951e-02	2.712562228277353715e-01	-1.917163069124398767e-01	1.022454534568145029e-01	-6.051514676765322454e-02	4.542760998356953211e-02	-1.844170470483965929e-01	1.471305966779265506e-01	-9.501825095281205003e-02	7.000343206650894157e-02	-5.157761740017616225e-02	2.285558121780756347e-01	-1.193335489454732806e-01	1.064801200592929153e-01	-7.601890092233631879e-02	1.105726838266590656e-01
2.095345857781194809e-01	-4.975525903406626260e-01	3.099293273556837369e-01	-4.170056704494484734e-02	3.122823595222241899e-02	-2.361711904258709527e-01	1.000000000000000888e+00	-6.698451300694081567e-01	5.778388395938698768e-02	-4.832396602148957693e-02	1.568766843014426371e-01	-2.894677905012368879e-01	2.362061619946417557e-01	-9.664967261907547735e-02	1.087993284254023391e-01	-1.567558479975295349e-01	1.748948116466018665e-01	-9.719215675327237680e-02	5.749849944308312033e-02	-4.345377457877586114e-02	1.237143476294867567e-01	-1.226603173089926418e-01	8.460716311234806053e-02	-6.697179481148564373e-02	4.789666047210956734e-02	-2.023734744847166811e-01	1.002838976647142943e-01	-9.594526024454366753e-02	6.763304385839782884e-02	-1.018230983916153798e-01
-2.076924006368209563e-01	2.993624837699674912e-01	-4.825903559163538525e-01	5.245303922037242161e-02	-3.971197922484007159e-02	1.759926180443520949e-01	-6.698451300694081567e-01	1.000000000000000666e+00	-8.016434470519789857e-02	6.101770229843295895e-02	-1.451525677828293392e-01	2.317774145687411247e-01	-3.568883262770445319e-01	1.198580877677367235e-01	-1.412936225911321231e-01	1.402209424110298364e-01	-1.765894064691152232e-01	9.325732330244623780e-02	-5.877897616177948925e-02	4.385720168025457333e-02	-1.186999089080352232e-01	1.150145743778132057e-01	-8.262091362105603021e-02	6.654167387369924747e-02	-4.829509039566881601e-02	1.837284434152358370e-01	-9.514919617953783437e-02	8.967057440367137700e-02	-6.363074301591931103e-02	9.435088282106535162e-02
4.015411765354599122e-02	-3.793110803856622470e-02	4.806399056378566487e-02	-5.815120662783929140e-01	3.256638751224705253e-01	-3.399709687178340684e-02	5.778388395938698768e-02	-8.016434470519789857e-02	1.000000000000001776e+00	-7.301650496489668907e-01	3.124980877707174073e-02	-5.017844990821489909e-02	6.533020819253312905e-02	-8.319050187157311926e-02	8.670761897034751087e-02	-3.333762037651680221e-02	4.202781712939481634e-02	-2.670919155947543144e-02	2.220833620100635952e-02	-1.670275762706222716e-02	3.073201109508531120e-02	-3.055524842392384754e-02	2.359713808139287522e-02	-2.434306702943192166e-02	1.746984619018423709e-02	-5.380158700996534593e-02	2.667309988759841363e-02	-2.577318905749002853e-02	1.851673638460248766e-02	-2.781720980184581443e-02
-3.454822364113876998e-02	3.093937923892151748e-02	-3.957664303096310870e-02	3.269413034053575418e-01	-5.851967995768365682e-01	2.893218303827936599e-02	-4.832396602148957693e-02	6.101770229843295895e-02	-7.301650496489668907e-01	1.000000000000001110e+00	-2.699976881708178109e-02	4.357819052547050320e-02	-5.831077974922817264e-02	7.472544608459105731e-02	-9.148660737505115437e-02	2.866543591481064343e-02	-3.677026537345248758e-02	2.325515388732518965e-02	-1.985561702601006118e-02	1.493083909740616430e-02	-2.659594190511182371e-02	2.641783587275560452e-02	-2.057660551343447677e-02	2.154211921108549130e-02	-1.558386875204508318e-02	4.592279998009819036e-02	-2.303548820759084015e-02	2.221714937835363862e-02	-1.597753265506858186e-02	2.391761936062547153e-02
2.899660446837535877e-01	-1.057581899117401442e-01	1.088978968348849885e-01	-2.220645422009096676e-02	1.827978085525166357e-02	-5.161876345666388533e-01	1.568766843014426371e-01	-1.451525677828293392e-01	3.124980877707174073e-02	-2.699976881708178109e-02	1.000000000000002887e+00	-2.772119125608888401e-01	1.922348987530941022e-01	-8.247708559310069909e-02	9.821264592980195884e-02	-6.674863365099072965e-01	2.208397032028333040e-01	-1.202829608663841254e-01	6.719362546354146204e-02	-5.038610687093482421e-02	2.298089773211962339e-01	-1.914823374170483705e-01	1.091855811164351153e-01	-7.876574161227418991e-02	5.674594950378498981e-02	-2.682697451346616746e-01	1.384222700018568619e-01	-1.249296393207615236e-01	8.686012134181637923e-02	-1.271775069023014515e-01
-2.012714949406334553e-01	1.436199573526307782e-01	-1.577797884255302263e-01	3.431272246367817608e-02	-2.888730105950967908e-02	1.876094577975325750e-01	-2.894677905012368879e-01	2.317774145687411247e-01	-5.017844990821489909e-02	4.357819052547050320e-02	-2.772119125608888401e-01	1.000000000000001554e+00	-6.164003458423343851e-01	1.733180305051288950e-01	-2.055056978468379758e-01	2.196631439886936044e-01	-5.176614449004357521e-01	1.616861320652758227e-01	-9.058082240160385268e-02	6.530403832675056586e-02	-1.908836975001169389e-01	1.970177403618822709e-01	-1.404622398541146289e-01	1.006567227680825460e-01	-7.183481185967842408e-02	2.490686025038194307e-01	-1.477940607392547456e-01	1.365144253265709873e-01	-9.476106441666515279e-02	1.365543442029124588e-01
1.907074232646475409e-01	-1.508112769031348388e-01	1.648855818408884732e-01	-4.554431237710476060e-02	3.730193379206047516e-02	-1.858505608842279944e-01	2.362061619946417557e-01	-3.568883262770445319e-01	6.533020819253312905e-02	-5.831077974922817264e-02	1.922348987530941022e-01	-6.164003458423343851e-01	1.000000000000001110e+00	-3.486432383728068074e-01	2.466427514366485163e-01	-2.095810646162344637e-01	2.724548549436129341e-01	-1.700148836592501045e-01	1.042920356451742248e-01	-7.844764732280534725e-02	1.799675053865025520e-01	-1.956153445239581512e-01	1.397161488380940786e-01	-1.201871452418455527e-01	8.276428207218708422e-02	-3.194140328002906815e-01	1.579720002011625879e-01	-1.571060699355634749e-01	1.092707739087188656e-01	-1.669315317640103213e-01
-8.702356177337421117e-02	6.148077893289325552e-02	-6.989250288838289027e-02	4.971966272337750847e-02	-4.603626554713688424e-02	7.850914127858922564e-02	-9.664967261907547735e-02	1.198580877677367235e-01	-8.319050187157311926e-02	7.472544608459105731e-02	-8.247708559310069909e-02	1.733180305051288950e-01	-3.486432383728068074e-01	1.000000000000001998e+00	-8.825583161455223813e-01	8.883613267561753235e-02	-1.246583685078669207e-01	8.560859025866261740e-02	-1.078921865974599575e-01	7.005022782283890082e-02	-8.286656182571938700e-02	8.680230142816529326e-02	-7.357563672838531021e-02	9.721590986578634852e-02	-6.692829589731735807e-02	1.419471500178175749e-01	-7.418510659603055890e-02	7.309233396197900579e-02	-5.208237459969067285e-02	7.749588224029098360e-02
1.046564855688832812e-01	-7.226808937341186456e-02	7.926881104707013403e-02	-5.706552798942892551e-02	5.228159699162647500e-02	-9.691740881992839951e-02	1.087993284254023391e-01	-1.412936225911321231e-01	8.670761897034751087e-02	-9.148660737505115437e-02	9.821264592980195884e-02	-2.055056978468379758e-01	2.466427514366485163e-01	-8.825583161455223813e-01	1.000000000000002665e+00	-1.107724923918611132e-01	1.405607364890866240e-01	-1.037729102530159514e-01	1.067577681020119018e-01	-8.191352016647049372e-02	1.023452813544812878e-01	-1.088222806588214769e-01	8.800101821821558479e-02	-1.128025820843964883e-01	7.602721946738999481e-02	-1.902123546632986384e-01	9.380385882048490609e-02	-9.395727259223149441e-02	6.669964046701606919e-02	-1.014160783370194191e-01
-3.403867505524472703e-01	1.065459837939589649e-01	-1.167183663571316338e-01	2.344480687231501742e-02	-1.958317619996210318e-02	2.712562228277353715e-01	-1.567558479975295349e-01	1.402209424110298364e-01	-3.333762037651680221e-02	2.866543591481064343e-02	-6.674863365099072965e-01	2.196631439886936044e-01	-2.095810646162344637e-01	8.883613267561753235e-02	-1.107724923918611132e-01	1.000000000000001998e+00	-2.984932757514393575e-01	1.368603648720295440e-01	-7.663357633749258435e-02	5.607182321501014838e-02	-4.399860929193352144e-01	2.336355852526403598e-01	-1.313490921673207135e-01	8.743796885845089850e-02	-6.431532882032822696e-02	2.640790307365263878e-01	-1.669080918439935501e-01	1.381895779077782216e-01	-9.665335114925481530e-02	1.340534446643056876e-01
2.092443275341411002e-01	-1.131505703907538518e-01	1.209800165009705664e-01	-2.975844357225073192e-02	2.471823058569568715e-02	-1.917163069124398767e-01	1.748948116466018665e-01	-1.765894064691152232e-01	4.202781712939481634e-02	-3.677026537345248758e-02	2.208397032028333040e-01	-5.176614449004357521e-01	2.724548549436129341e-01	-1.246583685078669207e-01	1.405607364890866240e-01	-2.984932757514393575e-01	1.000000000000003109e+00	-3.426152843737058085e-01	1.305698306147304033e-01	-9.387596420397309460e-02	2.716807102288102405e-01	-4.207104082532304723e-01	2.344137537569019325e-01	-1.529004341430176273e-01	1.026449268665651365e-01	-3.776891762587274992e-01	2.362474542025556623e-01	-2.331361969050405047e-01	1.515434706937309750e-01	-2.230950983800905618e-01
-1.334637102748830739e-01	6.228158538159293128e-02	-7.144326429565289738e-02	1.842781057361027319e-02	-1.575964339512316709e-02	1.022454534568145029e-01	-9.719215675327237680e-02	9.325732330244623780e-02	-2.670919155947543144e-02	2.325515388732518965e-02	-1.202829608663841254e-01	1.616861320652758227e-01	-1.700148836592501045e-01	8.560859025866261740e-02	-1.037729102530159514e-01	1.368603648720295440e-01	-3.426152843737058085e-01	1.000000000000002220e+00	-2.650943410425625202e-01	1.285891073246280270e-01	-1.850271948348336803e-01	2.102686667218348626e-01	-7.813783085541370355e-01	2.214768806732831941e-01	-1.466915506037900774e-01	1.998974960722488536e-01	-2.135857054230761720e-01	2.148130596630581923e-01	-1.421060200585772537e-01	1.564695016949856909e-01
7.805353277690571523e-02	-3.767828303821994795e-02	4.309448160624301805e-02	-1.503168558159215761e-02	1.309230137882144880e-02	-6.051514676765322454e-02	5.749849944308312033e-02	-5.877897616177948925e-02	2.220833620100635952e-02	-1.985561702601006118e-02	6.719362546354146204e-02	-9.058082240160385268e-02	1.042920356451742248e-01	-1.078921865974599575e-01	1.067577681020119018e-01	-7.663357633749258435e-02	1.305698306147304033e-01	-2.650943410425625202e-01	1.000000000000003553e+00	-4.808875842936333189e-01	9.412659888077670733e-02	-1.039859988787515815e-01	1.990537915069629238e-01	-7.457036248967565673e-01	3.027450143200454136e-01	-1.270134858456552218e-01	1.034376681997276476e-01	-1.086825364017098006e-01	7.984623173897084647e-02	-1.036358506070859803e-01
-6.032038867219240152e-02	2.847138931841266055e-02	-3.284011408016515587e-02	1.130673720943240444e-02	-9.895548422577442327e-03	4.542760998356953211e-02	-4.345377457877586114e-02	4.385720168025457333e-02	-1.670275762706222716e-02	1.493083909740616430e-02	-5.038610687093482421e-02	6.530403832675056586e-02	-7.844764732280534725e-02	7.005022782283890082e-02	-8.191352016647049372e-02	5.607182321501014838e-02	-9.387596420397309460e-02	1.285891073246280270e-01	-4.808875842936333189e-01	1.000000000000001998e+00	-6.930084463314385712e-02	7.254321338108345174e-02	-1.200256395781039015e-01	2.965901094283451278e-01	-8.088635882474957128e-01	9.312833267594435027e-02	-7.679473929320845826e-02	7.641434232757572664e-02	-6.704407547126542410e-02	8.806732167056205429e-02
2.095241320013894182e-01	-8.343305487364927053e-02	9.262357091654108143e-02	-2.165931293286289111e-02	1.818545699920931860e-02	-1.844170470483965929e-01	1.237143476294867567e-01	-1.186999089080352232e-01	3.073201109508531120e-02	-2.659594190511182371e-02	2.298089773211962339e-01	-1.908836975001169389e-01	1.799675053865025520e-01	-8.286656182571938700e-02	1.023452813544812878e-01	-4.399860929193352144e-01	2.716807102288102405e-01	-1.850271948348336803e-01	9.412659888077670733e-02	-6.930084463314385712e-02	1.000000000000003775e+00	-6.287972194700590656e-01	1.773502908816896595e-01	-1.120824171099577826e-01	7.908562443397598729e-02	-4.501876254230476881e-01	2.545822632094572602e-01	-2.141460482906730189e-01	1.368647375779282749e-01	-1.925085402415558089e-01
-1.898205994855762524e-01	7.978824426145288140e-02	-9.057321274550116097e-02	2.128535331736726086e-02	-1.804254493307960727e-02	1.471305966779265506e-01	-1.226603173089926418e-01	1.150145743778132057e-01	-3.055524842392384754e-02	2.641783587275560452e-02	-1.914823374170483705e-01	1.970177403618822709e-01	-1.956153445239581512e-01	8.680230142816529326e-02	-1.088222806588214769e-01	2.336355852526403598e-01	-4.207104082532304723e-01	2.102686667218348626e-01	-1.039859988787515815e-01	7.254321338108345174e-02	-6.287972194700590656e-01	1.000000000000003109e+00	-2.546231326270862461e-01	1.184917637895667036e-01	-8.445797516860818754e-02	2.990640347460983839e-01	-4.380586408053328551e-01	2.363731156383039045e-01	-1.518972570858376780e-01	1.862694919589483744e-01
1.214731645731261800e-01	-5.537126106956030691e-02	6.287976301120923317e-02	-1.640392399910333907e-02	1.395667999721411819e-02	-9.501825095281205003e-02	8.460716311234806053e-02	-8.262091362105603021e-02	2.359713808139287522e-02	-2.057660551343447677e-02	1.091855811164351153e-01	-1.404622398541146289e-01	1.397161488380940786e-01	-7.357563672838531021e-02	8.800101821821558479e-02	-1.313490921673207135e-01	2.344137537569019325e-01	-7.813783085541370355e-01	1.990537915069629238e-01	-1.200256395781039015e-01	1.773502908816896595e-01	-2.546231326270862461e-01	1.000000000000003331e+00	-2.690499479289043538e-01	1.325235633383634037e-01	-2.123259751293124220e-01	2.187726194348137421e-01	-3.246797089705627526e-01	1.555458934371742874e-01	-1.836159326100061939e-01
-9.363803145794317995e-02	4.368701876021759828e-02	-5.052262121562229452e-02	1.645267743505976835e-02	-1.439527158637900033e-02	7.000343206650894157e-02	-6.697179481148564373e-02	6.654167387369924747e-02	-2.434306702943192166e-02	2.154211921108549130e-02	-7.876574161227418991e-02	1.006567227680825460e-01	-1.201871452418455527e-01	9.721590986578634852e-02	-1.128025820843964883e-01	8.743796885845089850e-02	-1.529004341430176273e-01	2.214768806732831941e-01	-7.457036248967565673e-01	2.965901094283451278e-01	-1.120824171099577826e-01	1.184917637895667036e-01	-2.690499479289043538e-01	1.000000000000003553e+00	-4.581811688404341387e-01	1.388900316155251280e-01	-1.240047103498852776e-01	1.237294166683973462e-01	-9.616847746752354986e-02	1.170013107618805143e-01
6.791158835282543049e-02	-3.160138269466711280e-02	3.628062593515550549e-02	-1.199275948065457557e-02	1.038007748253189089e-02	-5.157761740017616225e-02	4.789666047210956734e-02	-4.829509039566881601e-02	1.746984619018423709e-02	-1.558386875204508318e-02	5.674594950378498981e-02	-7.183481185967842408e-02	8.276428207218708422e-02	-6.692829589731735807e-02	7.602721946738999481e-02	-6.431532882032822696e-02	1.026449268665651365e-01	-1.466915506037900774e-01	3.027450143200454136e-01	-8.088635882474957128e-01	7.908562443397598729e-02	-8.445797516860818754e-02	1.325235633383634037e-01	-4.581811688404341387e-01	1.000000000000003109e+00	-1.130765346421032380e-01	8.896100251926090940e-02	-9.235998193365346776e-02	8.096265111888795163e-02	-1.166390773366327571e-01
-3.750472541360896916e-01	1.358552916965841129e-01	-1.613702149873055547e-01	3.711752293482239312e-02	-3.194764589785928366e-02	2.285558121780756347e-01	-2.023734744847166811e-01	1.837284434152358370e-01	-5.380158700996534593e-02	4.592279998009819036e-02	-2.682697451346616746e-01	2.490686025038194307e-01	-3.194140328002906815e-01	1.419471500178175749e-01	-1.902123546632986384e-01	2.640790307365263878e-01	-3.776891762587274992e-01	1.998974960722488536e-01	-1.270134858456552218e-01	9.312833267594435027e-02	-4.501876254230476881e-01	2.990640347460983839e-01	-2.123259751293124220e-01	1.388900316155251280e-01	-1.130765346421032380e-01	1.000000000000003109e+00	-4.031258896487771026e-01	2.365359281273078373e-01	-1.779434000143216843e-01	2.100079193761155150e-01
1.614591197940438150e-01	-6.651039213390319560e-02	7.642377214425577492e-02	-1.858843656989361479e-02	1.581414548473311990e-02	-1.193335489454732806e-01	1.002838976647142943e-01	-9.514919617953783437e-02	2.667309988759841363e-02	-2.303548820759084015e-02	1.384222700018568619e-01	-1.477940607392547456e-01	1.579720002011625879e-01	-7.418510659603055890e-02	9.380385882048490609e-02	-1.669080918439935501e-01	2.362474542025556623e-01	-2.135857054230761720e-01	1.034376681997276476e-01	-7.679473929320845826e-02	2.545822632094572602e-01	-4.380586408053328551e-01	2.187726194348137421e-01	-1.240047103498852776e-01	8.896100251926090940e-02	-4.031258896487771026e-01	1.000000000000003331e+00	-6.275146717592697820e-01	2.455135506564519177e-01	-3.237780437258667710e-01
-1.512556663635970522e-01	6.281934397929224423e-02	-7.325548245347171528e-02	1.782778831178795029e-02	-1.527181813877301168e-02	1.064801200592929153e-01	-9.594526024454366753e-02	8.967057440367137700e-02	-2.577318905749002853e-02	2.221714937835363862e-02	-1.249296393207615236e-01	1.365144253265709873e-01	-1.571060699355634749e-01	7.309233396197900579e-02	-9.395727259223149441e-02	1.381895779077782216e-01	-2.331361969050405047e-01	2.148130596630581923e-01	-1.086825364017098006e-01	7.641434232757572664e-02	-2.141460482906730189e-01	2.363731156383039045e-01	-3.246797089705627526e-01	1.237294166683973462e-01	-9.235998193365346776e-02	2.365359281273078373e-01	-6.275146717592697820e-01	1.000000000000003775e+00	-4.913206840188059088e-01	2.946570506327897965e-01
1.079943547657320618e-01	-4.460985551697602136e-02	5.197428066907239935e-02	-1.283437817168049319e-02	1.098670336988931406e-02	-7.601890092233631879e-02	6.763304385839782884e-02	-6.363074301591931103e-02	1.851673638460248766e-02	-1.597753265506858186e-02	8.686012134181637923e-02	-9.476106441666515279e-02	1.092707739087188656e-01	-5.208237459969067285e-02	6.669964046701606919e-02	-9.665335114925481530e-02	1.515434706937309750e-01	-1.421060200585772537e-01	7.984623173897084647e-02	-6.704407547126542410e-02	1.368647375779282749e-01	-1.518972570858376780e-01	1.555458934371742874e-01	-9.616847746752354986e-02	8.096265111888795163e-02	-1.779434000143216843e-01	2.455135506564519177e-01	-4.913206840188059088e-01	1.000000000000003553e+00	-7.871640754244721983e-01
-1.645354788935596280e-01	6.686068479628924643e-02	-7.882474873083113176e-02	1.918862104814580971e-02	-1.650448790863660517e-02	1.105726838266590656e-01	-1.018230983916153798e-01	9.435088282106535162e-02	-2.781720980184581443e-02	2.391761936062547153e-02	-1.271775069023014515e-01	1.365543442029124588e-01	-1.669315317640103213e-01	7.749588224029098360e-02	-1.014160783370194191e-01	1.340534446643056876e-01	-2.230950983800905618e-01	1.564695016949856909e-01	-1.036358506070859803e-01	8.806732167056205429e-02	-1.925085402415558089e-01	1.862694919589483744e-01	-1.836159326100061939e-01	1.170013107618805143e-01	-1.166390773366327571e-01	2.100079193761155150e-01	-3.237780437258667710e-01	2.946570506327897965e-01	-7.871640754244721983e-01	1.000000000000003553e+00
