1.000000000000000222e+00	-6.009425362579090546e-01	2.149080987772570284e-01	-1.862923266982793868e-01	6.805045624530824122e-02	-5.231705914610149666e-01	3.237085411283588954e-01	-2.482219225526191286e-01	1.379003157399639745e-01	-7.477606083136942305e-02	2.715157472475828726e-01	-1.739434540129936313e-01	1.611365568581377694e-01	-2.094165925887080670e-01	7.879753687760378267e-02	-1.663415801685380058e-01	1.613511770217975205e-01	-1.254799783517144274e-01	1.743797358902382244e-01	-9.159958410819114827e-02	1.611644277700121086e-01	-2.254572843927594439e-01	1.567332588332526477e-01	-6.509507827818973580e-02	4.382516096330430627e-02	-2.726399789486519953e-01	9.636379777263866242e-02	-1.026029597307921426e-01	6.885510447893518349e-02	-5.270997580294201068e-02
-6.009425362579090546e-01	1.000000000000000444e+00	-2.443056105932413236e-01	1.469730787184003462e-01	-5.321815468457120890e-02	2.653693986771102908e-01	-6.731242829898592683e-01	2.148262726336390427e-01	-1.142513343543398313e-01	5.754925602033783560e-02	-2.202707492938475176e-01	1.381801427208656508e-01	-1.324089922414990184e-01	1.565917976225539299e-01	-5.987697683711752650e-02	1.174646226639819019e-01	-1.269083473635603254e-01	9.717076500002098938e-02	-1.343468827906393326e-01	6.828297088811779991e-02	-1.259648017463299297e-01	1.563797260274773782e-01	-1.218407247894079531e-01	4.745511374999256821e-02	-3.206869613931430385e-02	1.813791830633189051e-01	-6.717594590467859672e-02	7.117108133331553899e-02	-5.022197016255897095e-02	3.813260403588022984e-02
2.149080987772570284e-01	-2.443056105932413236e-01	1.000000000000000222e+00	-4.649945298946864813e-01	1.417663092410953452e-01	-1.673702760397867972e-01	2.416369057708019075e-01	-5.996335630984398479e-01	2.929446129067110327e-01	-1.571763386799709394e-01	1.942510536448997516e-01	-1.928617966301706677e-01	2.204192329363482139e-01	-3.740410266561012276e-01	1.386421937678141425e-01	-1.338200710875430410e-01	1.908565576937510111e-01	-1.627461986614126555e-01	2.438280022233416111e-01	-1.586350866277625726e-01	1.566491727099929010e-01	-2.526471612086838570e-01	2.098350407761545577e-01	-8.681432583229352351e-02	6.096525462707638732e-02	-3.233810835201715306e-01	1.171832047939185828e-01	-1.251819324500972885e-01	9.161136830563190725e-02	-7.188800152142264810e-02
-1.862923266982793868e-01	1.469730787184003462e-01	-4.649945298946864813e-01	1.000000000000000444e+00	-2.458453515456133220e-01	1.343789346439777099e-01	-1.968437405831128251e-01	3.054307712460253010e-01	-6.387792126589565411e-01	1.844944680421647110e-01	-1.810439983624230753e-01	1.639582152732427522e-01	-2.159499447170407094e-01	3.091871259976086694e-01	-1.447430850322992402e-01	1.168146094911921840e-01	-1.777055174738359222e-01	1.547465170239529231e-01	-2.532412741487412577e-01	1.401604240647330302e-01	-1.438892309243418322e-01	1.903470359476277796e-01	-2.105400565767442944e-01	7.609463960488054013e-02	-5.398897654504308807e-02	2.074442332723821225e-01	-8.907634851991999558e-02	9.320775722023882937e-02	-8.128093238572771384e-02	6.097671547788441337e-02
6.805045624530824122e-02	-5.321815468457120890e-02	1.417663092410953452e-01	-2.458453515456133220e-01	1.000000000000000222e+00	-5.005363013413240830e-02	7.064269570370390605e-02	-1.153231560513058029e-01	1.314600301481602951e-01	-9.133436660431900611e-01	6.771246206227021780e-02	-6.567014480384503194e-02	8.290311454871440722e-02	-1.435106979353577838e-01	1.713170623495514633e-01	-4.516905892336152417e-02	7.000840041210752707e-02	-6.294269735914992392e-02	1.072074668802191488e-01	-1.835987580512910278e-01	5.530632915463482707e-02	-7.888603647695886789e-02	8.310079694492318592e-02	-3.774615210275168720e-02	3.261273454561390561e-02	-8.741701631633584657e-02	3.824248675911127993e-02	-4.047549406582848230e-02	3.875831536690391155e-02	-3.588864466208806919e-02
-5.231705914610149666e-01	2.653693986771102908e-01	-1.673702760397867972e-01	1.343789346439777099e-01	-5.005363013413240830e-02	1.000000000000000222e+00	-3.903917597147303908e-01	1.837579532337873245e-01	-1.032183208391327933e-01	5.444236224378087158e-02	-6.440766101562751533e-01	1.570681817030092353e-01	-1.415714593420797085e-01	1.537803534314486076e-01	-5.889816480177939573e-02	1.906784634465713002e-01	-1.479511706678016125e-01	1.064246256093168141e-01	-1.408674985563437565e-01	6.780884870138956244e-02	-1.967792479190648425e-01	1.766497573283153100e-01	-1.306776656434538442e-01	5.039887895161912490e-02	-3.368827501980162231e-02	1.970513746772528108e-01	-7.334270685109067767e-02	7.731520210171913265e-02	-5.332709308943778259e-02	4.026014095623599298e-02
3.237085411283588954e-01	-6.731242829898592683e-01	2.416369057708019075e-01	-1.968437405831128251e-01	7.064269570370390605e-02	-3.903917597147303908e-01	9.999999999999998890e-01	-3.448562595328876768e-01	1.563705116669489303e-01	-7.660470966601848342e-02	2.435174619351561098e-01	-2.035775756602288822e-01	1.758198149628247275e-01	-2.158076183294975192e-01	8.023989074364136498e-02	-1.494395861768936518e-01	1.663023797326093900e-01	-1.289549877561348146e-01	1.754120300517917064e-01	-9.178475481139555803e-02	1.514048244884714511e-01	-2.135442100459215009e-01	1.587626738994711573e-01	-6.329658573282125056e-02	4.277572460451131708e-02	-2.485242157599820145e-01	9.082107375882919609e-02	-9.648649696801123166e-02	6.687637011007807608e-02	-5.105410380114655533e-02
-2.482219225526191286e-01	2.148262726336390427e-01	-5.996335630984398479e-01	3.054307712460253010e-01	-1.153231560513058029e-01	1.837579532337873245e-01	-3.448562595328876768e-01	9.999999999999998890e-01	-4.407865225582278668e-01	1.144483982020134960e-01	-2.308581216137787773e-01	2.009944778447472213e-01	-2.731158468954958396e-01	3.006542332268818951e-01	-1.207929241016933858e-01	1.420322123131198266e-01	-2.047346517098994900e-01	1.743606662609191449e-01	-2.607983014153882340e-01	1.265246343211889335e-01	-1.713655591029435432e-01	2.230898135714623198e-01	-2.292989195339499853e-01	8.112605480674216218e-02	-5.581816421607970619e-02	2.453384306169124340e-01	-1.011258811068983521e-01	1.062281617585205673e-01	-8.636091295443883153e-02	6.427862746600176980e-02
1.379003157399639745e-01	-1.142513343543398313e-01	2.929446129067110327e-01	-6.387792126589565411e-01	1.314600301481602951e-01	-1.032183208391327933e-01	1.563705116669489303e-01	-4.407865225582278668e-01	1.000000000000001776e+00	-1.305939850814378522e-01	1.349673697372144321e-01	-1.366239402601761022e-01	1.827449962337353018e-01	-5.364910836457966736e-01	1.234237699739327565e-01	-8.812526323022416841e-02	1.362816739648075870e-01	-1.205357692040535250e-01	1.842335148578710391e-01	-1.226989649137225913e-01	1.066049683234674417e-01	-1.470412108361090764e-01	1.559142898004766686e-01	-5.714790546610198918e-02	4.116000066983105388e-02	-1.580541475635325321e-01	6.726749207654675322e-02	-7.071583797674579897e-02	6.043628860102853023e-02	-4.664633391900792347e-02
-7.477606083136942305e-02	5.754925602033783560e-02	-1.571763386799709394e-01	1.844944680421647110e-01	-9.133436660431900611e-01	5.444236224378087158e-02	-7.660470966601848342e-02	1.144483982020134960e-01	-1.305939850814378522e-01	1.000000000000001332e+00	-7.431425732549300223e-02	6.987473896632889758e-02	-8.890146022336853360e-02	1.365773537011842065e-01	-2.245725993640857454e-01	4.916369545528573998e-02	-7.605361004079704002e-02	6.818580959536432728e-02	-1.185449302622076234e-01	1.718865971339095522e-01	-6.054456550731057013e-02	8.404614379191742424e-02	-9.136151131573132245e-02	3.978225350941404226e-02	-3.358832914131074793e-02	9.243643384856470302e-02	-4.081407683805919617e-02	4.299037205337112588e-02	-4.132527925031390797e-02	3.663749762824802803e-02
2.715157472475828726e-01	-2.202707492938475176e-01	1.942510536448997516e-01	-1.810439983624230753e-01	6.771246206227021780e-02	-6.440766101562751533e-01	2.435174619351561098e-01	-2.308581216137787773e-01	1.349673697372144321e-01	-7.431425732549300223e-02	1.000000000000000444e+00	-2.448872502961206010e-01	1.901722748948556641e-01	-2.146730932905012434e-01	8.112268317404504325e-02	-3.906462073207290775e-01	2.067924248951031607e-01	-1.489373049093730417e-01	1.916962012768963219e-01	-9.445565913650914858e-02	2.561748407632291058e-01	-2.646083123515843294e-01	1.774068676641545050e-01	-7.130148469512871678e-02	4.750669713466966482e-02	-2.946755908100545662e-01	1.069464950645330481e-01	-1.131447572455110684e-01	7.532970977195511952e-02	-5.721888250010566390e-02
-1.739434540129936313e-01	1.381801427208656508e-01	-1.928617966301706677e-01	1.639582152732427522e-01	-6.567014480384503194e-02	1.570681817030092353e-01	-2.035775756602288822e-01	2.009944778447472213e-01	-1.366239402601761022e-01	6.987473896632889758e-02	-2.448872502961206010e-01	1.000000000000003331e+00	-6.498913697536289336e-01	2.260065977376523039e-01	-8.615853857370357749e-02	1.712632880646592359e-01	-5.406900852330303042e-01	2.697091633007752121e-01	-2.544412747802545782e-01	9.630370143921627990e-02	-1.847852272688744468e-01	2.750998463043000108e-01	-2.762139323496845544e-01	7.972460125725983060e-02	-5.187066110151850040e-02	2.306830804957514525e-01	-1.050179924962196393e-01	1.094475954341350421e-01	-8.260625891195262638e-02	6.092587581729173862e-02
1.611365568581377694e-01	-1.324089922414990184e-01	2.204192329363482139e-01	-2.159499447170407094e-01	8.290311454871440722e-02	-1.415714593420797085e-01	1.758198149628247275e-01	-2.731158468954958396e-01	1.827449962337353018e-01	-8.890146022336853360e-02	1.901722748948556641e-01	-6.498913697536289336e-01	1.000000000000000000e+00	-3.670617251448252683e-01	1.099140951893471108e-01	-1.505761485810987732e-01	3.065855293975414675e-01	-3.919000193430433043e-01	2.627606611008178050e-01	-1.242846961195163968e-01	1.624649442872692084e-01	-3.089630390535522131e-01	2.742087383711059312e-01	-8.969709592807743881e-02	5.900751202197998535e-02	-2.667492564702157454e-01	1.163815447731425257e-01	-1.247591894597626649e-01	9.139409655842502256e-02	-7.008286290905270388e-02
-2.094165925887080670e-01	1.565917976225539299e-01	-3.740410266561012276e-01	3.091871259976086694e-01	-1.435106979353577838e-01	1.537803534314486076e-01	-2.158076183294975192e-01	3.006542332268818951e-01	-5.364910836457966736e-01	1.365773537011842065e-01	-2.146730932905012434e-01	2.260065977376523039e-01	-3.670617251448252683e-01	9.999999999999971134e-01	-2.474249262951702111e-01	1.419663380502066419e-01	-2.347619778608591168e-01	2.094842184410052877e-01	-3.274935093354586768e-01	1.972271261926732411e-01	-1.737675562039777966e-01	2.352747974137514853e-01	-2.737625588312201375e-01	9.586511031580870201e-02	-6.889556738852731232e-02	2.441306099028043852e-01	-1.086524066686684192e-01	1.136957005241283347e-01	-1.016395257750381531e-01	7.695850536308249112e-02
7.879753687760378267e-02	-5.987697683711752650e-02	1.386421937678141425e-01	-1.447430850322992402e-01	1.713170623495514633e-01	-5.889816480177939573e-02	8.023989074364136498e-02	-1.207929241016933858e-01	1.234237699739327565e-01	-2.245725993640857454e-01	8.112268317404504325e-02	-8.615853857370357749e-02	1.099140951893471108e-01	-2.474249262951702111e-01	9.999999999999984457e-01	-5.625455968433214216e-02	9.120724575958487346e-02	-8.699177125484076900e-02	1.586475710243668014e-01	-8.915858180727606053e-01	6.839884431923912156e-02	-1.055156555253754236e-01	1.087914415546709646e-01	-6.869619116174259521e-02	7.526739260944721732e-02	-1.172853590502512533e-01	5.426361899210549455e-02	-5.822290243208674831e-02	6.568791200826076815e-02	-7.870178262059804308e-02
-1.663415801685380058e-01	1.174646226639819019e-01	-1.338200710875430410e-01	1.168146094911921840e-01	-4.516905892336152417e-02	1.906784634465713002e-01	-1.494395861768936518e-01	1.420322123131198266e-01	-8.812526323022416841e-02	4.916369545528573998e-02	-3.906462073207290775e-01	1.712632880646592359e-01	-1.505761485810987732e-01	1.419663380502066419e-01	-5.625455968433214216e-02	9.999999999999982236e-01	-2.639617131643930414e-01	1.356075059413602013e-01	-1.584888225591635502e-01	6.507454506366067148e-02	-8.063410703933816537e-01	2.228709166301682809e-01	-1.560561164990687533e-01	5.537057819112026907e-02	-3.623128817329310247e-02	2.066241049027614241e-01	-8.344165488732918634e-02	8.536578409441555881e-02	-5.868153681667072352e-02	4.327801526854945652e-02
1.613511770217975205e-01	-1.269083473635603254e-01	1.908565576937510111e-01	-1.777055174738359222e-01	7.000840041210752707e-02	-1.479511706678016125e-01	1.663023797326093900e-01	-2.047346517098994900e-01	1.362816739648075870e-01	-7.605361004079704002e-02	2.067924248951031607e-01	-5.406900852330303042e-01	3.065855293975414675e-01	-2.347619778608591168e-01	9.120724575958487346e-02	-2.639617131643930414e-01	9.999999999999975575e-01	-4.358473977289656354e-01	2.716611418578718795e-01	-1.063213899779629490e-01	2.215445938072468923e-01	-5.003482605947374706e-01	2.932984218909539531e-01	-9.561385879811226673e-02	6.109847031752860258e-02	-2.851503749000804389e-01	1.381630650227119173e-01	-1.437738226059087354e-01	9.809553318503291819e-02	-7.342443118207810093e-02
-1.254799783517144274e-01	9.717076500002098938e-02	-1.627461986614126555e-01	1.547465170239529231e-01	-6.294269735914992392e-02	1.064246256093168141e-01	-1.289549877561348146e-01	1.743606662609191449e-01	-1.205357692040535250e-01	6.818580959536432728e-02	-1.489373049093730417e-01	2.697091633007752121e-01	-3.919000193430433043e-01	2.094842184410052877e-01	-8.699177125484076900e-02	1.356075059413602013e-01	-4.358473977289656354e-01	9.999999999999980016e-01	-4.288304245359477185e-01	1.020752075956548877e-01	-1.475162406256896874e-01	2.875247505351607447e-01	-6.405940489909520696e-01	1.025404102154393038e-01	-6.279074625983463442e-02	2.520583355369215850e-01	-1.163480939136537357e-01	1.267605669030685556e-01	-9.954420748763227744e-02	7.331134367874510283e-02
1.743797358902382244e-01	-1.343468827906393326e-01	2.438280022233416111e-01	-2.532412741487412577e-01	1.072074668802191488e-01	-1.408674985563437565e-01	1.754120300517917064e-01	-2.607983014153882340e-01	1.842335148578710391e-01	-1.185449302622076234e-01	1.916962012768963219e-01	-2.544412747802545782e-01	2.627606611008178050e-01	-3.274935093354586768e-01	1.586475710243668014e-01	-1.584888225591635502e-01	2.716611418578718795e-01	-4.288304245359477185e-01	9.999999999999997780e-01	-2.089653687839961860e-01	1.829882730843350458e-01	-4.007984681546677419e-01	3.140562477824110910e-01	-2.404906888324199743e-01	1.282825819599439088e-01	-4.770462415225702468e-01	1.934566775166903785e-01	-2.224252907231375476e-01	1.922073185779653581e-01	-1.540384393863450108e-01
-9.159958410819114827e-02	6.828297088811779991e-02	-1.586350866277625726e-01	1.401604240647330302e-01	-1.835987580512910278e-01	6.780884870138956244e-02	-9.178475481139555803e-02	1.265246343211889335e-01	-1.226989649137225913e-01	1.718865971339095522e-01	-9.445565913650914858e-02	9.630370143921627990e-02	-1.242846961195163968e-01	1.972271261926732411e-01	-8.915858180727606053e-01	6.507454506366067148e-02	-1.063213899779629490e-01	1.020752075956548877e-01	-2.089653687839961860e-01	9.999999999999985567e-01	-7.964266804049857651e-02	1.191059692472436066e-01	-1.301764454936066850e-01	7.947124881869140067e-02	-9.397823085820934674e-02	1.308247426320316986e-01	-6.218359275274706194e-02	6.607620993540436194e-02	-7.799330532645637470e-02	8.708209975610525788e-02
1.611644277700121086e-01	-1.259648017463299297e-01	1.566491727099929010e-01	-1.438892309243418322e-01	5.530632915463482707e-02	-1.967792479190648425e-01	1.514048244884714511e-01	-1.713655591029435432e-01	1.066049683234674417e-01	-6.054456550731057013e-02	2.561748407632291058e-01	-1.847852272688744468e-01	1.624649442872692084e-01	-1.737675562039777966e-01	6.839884431923912156e-02	-8.063410703933816537e-01	2.215445938072468923e-01	-1.475162406256896874e-01	1.829882730843350458e-01	-7.964266804049857651e-02	9.999999999999996669e-01	-3.070996600011830502e-01	1.728168504873104361e-01	-6.793811618490355753e-02	4.450446501358518853e-02	-2.900378662928808637e-01	1.078800412515918267e-01	-1.108453012187113756e-01	7.228434012308594669e-02	-5.366979943272130738e-02
-2.254572843927594439e-01	1.563797260274773782e-01	-2.526471612086838570e-01	1.903470359476277796e-01	-7.888603647695886789e-02	1.766497573283153100e-01	-2.135442100459215009e-01	2.230898135714623198e-01	-1.470412108361090764e-01	8.404614379191742424e-02	-2.646083123515843294e-01	2.750998463043000108e-01	-3.089630390535522131e-01	2.352747974137514853e-01	-1.055156555253754236e-01	2.228709166301682809e-01	-5.003482605947374706e-01	2.875247505351607447e-01	-4.007984681546677419e-01	1.191059692472436066e-01	-3.070996600011830502e-01	9.999999999999981126e-01	-4.194196303329750797e-01	1.303918444841531965e-01	-8.356498804388370893e-02	3.124972102998308521e-01	-2.620442121771629496e-01	2.048994555654266581e-01	-1.457541312593221561e-01	9.751499799146284841e-02
1.567332588332526477e-01	-1.218407247894079531e-01	2.098350407761545577e-01	-2.105400565767442944e-01	8.310079694492318592e-02	-1.306776656434538442e-01	1.587626738994711573e-01	-2.292989195339499853e-01	1.559142898004766686e-01	-9.136151131573132245e-02	1.774068676641545050e-01	-2.762139323496845544e-01	2.742087383711059312e-01	-2.737625588312201375e-01	1.087914415546709646e-01	-1.560561164990687533e-01	2.932984218909539531e-01	-6.405940489909520696e-01	3.140562477824110910e-01	-1.301764454936066850e-01	1.728168504873104361e-01	-4.194196303329750797e-01	9.999999999999984457e-01	-1.339172030777354139e-01	8.123520797242105018e-02	-3.761447862836997391e-01	1.676493335185419153e-01	-1.933009558878402978e-01	1.283731429898888332e-01	-9.887775086051120432e-02
-6.509507827818973580e-02	4.745511374999256821e-02	-8.681432583229352351e-02	7.609463960488054013e-02	-3.774615210275168720e-02	5.039887895161912490e-02	-6.329658573282125056e-02	8.112605480674216218e-02	-5.714790546610198918e-02	3.978225350941404226e-02	-7.130148469512871678e-02	7.972460125725983060e-02	-8.969709592807743881e-02	9.586511031580870201e-02	-6.869619116174259521e-02	5.537057819112026907e-02	-9.561385879811226673e-02	1.025404102154393038e-01	-2.404906888324199743e-01	7.947124881869140067e-02	-6.793811618490355753e-02	1.303918444841531965e-01	-1.339172030777354139e-01	9.999999999999991118e-01	-4.601657475652337626e-01	1.530628459073814507e-01	-1.644113814347044900e-01	1.717027765088130209e-01	-7.585153934140793641e-01	2.978608544123255708e-01
4.382516096330430627e-02	-3.206869613931430385e-02	6.096525462707638732e-02	-5.398897654504308807e-02	3.261273454561390561e-02	-3.368827501980162231e-02	4.277572460451131708e-02	-5.581816421607970619e-02	4.116000066983105388e-02	-3.358832914131074793e-02	4.750669713466966482e-02	-5.187066110151850040e-02	5.900751202197998535e-02	-6.889556738852731232e-02	7.526739260944721732e-02	-3.623128817329310247e-02	6.109847031752860258e-02	-6.279074625983463442e-02	1.282825819599439088e-01	-9.397823085820934674e-02	4.450446501358518853e-02	-8.356498804388370893e-02	8.123520797242105018e-02	-4.601657475652337626e-01	9.999999999999991118e-01	-9.952411982688211256e-02	9.018351090319612351e-02	-9.930389336494753472e-02	2.822646130012509413e-01	-8.252116404516184334e-01
-2.726399789486519953e-01	1.813791830633189051e-01	-3.233810835201715306e-01	2.074442332723821225e-01	-8.741701631633584657e-02	1.970513746772528108e-01	-2.485242157599820145e-01	2.453384306169124340e-01	-1.580541475635325321e-01	9.243643384856470302e-02	-2.946755908100545662e-01	2.306830804957514525e-01	-2.667492564702157454e-01	2.441306099028043852e-01	-1.172853590502512533e-01	2.066241049027614241e-01	-2.851503749000804389e-01	2.520583355369215850e-01	-4.770462415225702468e-01	1.308247426320316986e-01	-2.900378662928808637e-01	3.124972102998308521e-01	-3.761447862836997391e-01	1.530628459073814507e-01	-9.952411982688211256e-02	9.999999999999997780e-01	-3.244227104354441282e-01	2.337012658652440900e-01	-1.806058917003824926e-01	1.144268011965187543e-01
9.636379777263866242e-02	-6.717594590467859672e-02	1.171832047939185828e-01	-8.907634851991999558e-02	3.824248675911127993e-02	-7.334270685109067767e-02	9.082107375882919609e-02	-1.011258811068983521e-01	6.726749207654675322e-02	-4.081407683805919617e-02	1.069464950645330481e-01	-1.050179924962196393e-01	1.163815447731425257e-01	-1.086524066686684192e-01	5.426361899210549455e-02	-8.344165488732918634e-02	1.381630650227119173e-01	-1.163480939136537357e-01	1.934566775166903785e-01	-6.218359275274706194e-02	1.078800412515918267e-01	-2.620442121771629496e-01	1.676493335185419153e-01	-1.644113814347044900e-01	9.018351090319612351e-02	-3.244227104354441282e-01	9.999999999999993339e-01	-8.502441097957449401e-01	1.846670486051545379e-01	-1.211682785390154754e-01
-1.026029597307921426e-01	7.117108133331553899e-02	-1.251819324500972885e-01	9.320775722023882937e-02	-4.047549406582848230e-02	7.731520210171913265e-02	-9.648649696801123166e-02	1.062281617585205673e-01	-7.071583797674579897e-02	4.299037205337112588e-02	-1.131447572455110684e-01	1.094475954341350421e-01	-1.247591894597626649e-01	1.136957005241283347e-01	-5.822290243208674831e-02	8.536578409441555881e-02	-1.437738226059087354e-01	1.267605669030685556e-01	-2.224252907231375476e-01	6.607620993540436194e-02	-1.108453012187113756e-01	2.048994555654266581e-01	-1.933009558878402978e-01	1.717027765088130209e-01	-9.930389336494753472e-02	2.337012658652440900e-01	-8.502441097957449401e-01	9.999999999999994449e-01	-2.745002771530777874e-01	1.234212948196628523e-01
6.885510447893518349e-02	-5.022197016255897095e-02	9.161136830563190725e-02	-8.128093238572771384e-02	3.875831536690391155e-02	-5.332709308943778259e-02	6.687637011007807608e-02	-8.636091295443883153e-02	6.043628860102853023e-02	-4.132527925031390797e-02	7.532970977195511952e-02	-8.260625891195262638e-02	9.139409655842502256e-02	-1.016395257750381531e-01	6.568791200826076815e-02	-5.868153681667072352e-02	9.809553318503291819e-02	-9.954420748763227744e-02	1.922073185779653581e-01	-7.799330532645637470e-02	7.228434012308594669e-02	-1.457541312593221561e-01	1.283731429898888332e-01	-7.585153934140793641e-01	2.822646130012509413e-01	-1.806058917003824926e-01	1.846670486051545379e-01	-2.745002771530777874e-01	9.999999999999996669e-01	-4.244844436541075350e-01
-5.270997580294201068e-02	3.813260403588022984e-02	-7.188800152142264810e-02	6.097671547788441337e-02	-3.588864466208806919e-02	4.026014095623599298e-02	-5.105410380114655533e-02	6.427862746600176980e-02	-4.664633391900792347e-02	3.663749762824802803e-02	-5.721888250010566390e-02	6.092587581729173862e-02	-7.008286290905270388e-02	7.695850536308249112e-02	-7.870178262059804308e-02	4.327801526854945652e-02	-7.342443118207810093e-02	7.331134367874510283e-02	-1.540384393863450108e-01	8.708209975610525788e-02	-5.366979943272130738e-02	9.751499799146284841e-02	-9.887775086051120432e-02	2.978608544123255708e-01	-8.252116404516184334e-01	1.144268011965187543e-01	-1.211682785390154754e-01	1.234212948196628523e-01	-4.244844436541075350e-01	9.999999999999997780e-01
