1.000000000000000000e+00	-4.164580073236674451e-01	2.679780175979450396e-01	-2.200658530116571809e-01	1.795162777273555665e-01	-4.328905229947144218e-01	2.743346917556607201e-01	-2.668114341521219401e-01	2.041509311754146905e-01	-2.223113067815265798e-01	2.662370871367423231e-01	-2.941964295222339598e-01	2.372031468238610386e-01	-2.246068111775254006e-01	2.271965653933422091e-01	-3.141367783984100326e-01	2.336530223499825587e-01	-2.805491403486273239e-01	2.270742810074860285e-01	-1.529278834459980863e-01	1.740697907737136785e-01	-2.396960416661944038e-01	2.094114659929748046e-01	-2.204309925516511059e-01	1.898449595673838974e-01	-2.041051163313598593e-01	2.264308917864174264e-01	-3.029320195712605912e-01	1.807239260659645741e-01	-3.057067178772998606e-01
-4.164580073236674451e-01	9.999999999999998890e-01	-7.881469290145312057e-01	2.001425561828108768e-01	-1.584705499836699949e-01	1.710845513810388963e-01	-2.782232208744798707e-01	2.190061882567890528e-01	-1.822257294663491844e-01	1.544097699806313562e-01	-1.456515358104310542e-01	1.828402688374108631e-01	-1.733136555664822887e-01	1.528959186446716134e-01	-1.581660737899896196e-01	1.477419415892265997e-01	-1.274767560302693115e-01	1.470979346538903443e-01	-1.409386641877005963e-01	9.531260896332369170e-02	-8.637553915205929689e-02	1.185721827695536135e-01	-1.081894369250032545e-01	1.151994138682610747e-01	-1.172405076187515299e-01	9.656804963206337689e-02	-1.191222855150950999e-01	1.443521009686349610e-01	-9.285278157564150203e-02	1.476281871058125472e-01
2.679780175979450396e-01	-7.881469290145312057e-01	1.000000000000000444e+00	-3.045443453646639598e-01	1.748210007308376723e-01	-1.676788818042322105e-01	2.296685666414371996e-01	-2.894718737653307894e-01	2.074557783443191361e-01	-1.859312370431046857e-01	1.403631064997831468e-01	-1.930011201934196396e-01	1.859231397766243910e-01	-1.754266284559076183e-01	1.681069644352582992e-01	-1.620717348357181009e-01	1.362753138868997571e-01	-1.649173241695795211e-01	1.519354027731505130e-01	-1.036596769184627703e-01	9.418652121083974371e-02	-1.318235105539412311e-01	1.196952611550816392e-01	-1.290056411381283463e-01	1.251293276917109787e-01	-1.070916632964080961e-01	1.288709821040015524e-01	-1.633387822875762563e-01	1.035983097138953452e-01	-1.678983437207807183e-01
-2.200658530116571809e-01	2.001425561828108768e-01	-3.045443453646639598e-01	1.000000000000000222e+00	-5.246227451930853825e-01	1.329179085809815142e-01	-2.091673262876877770e-01	2.393609515490406625e-01	-6.214876109080288424e-01	3.005367916149988550e-01	-1.252282295845558446e-01	1.697608146432486587e-01	-2.066357230062728922e-01	2.375631180487380867e-01	-2.430631515987154156e-01	1.379523363842946326e-01	-1.281060732018342585e-01	1.536319521137782251e-01	-1.887327406788392448e-01	1.293491523970413948e-01	-8.471759841847266437e-02	1.195674749700502415e-01	-1.137874369183956985e-01	1.312447052904043010e-01	-1.530203398040476670e-01	9.326109400370041769e-02	-1.235864818158064898e-01	1.463762089362892760e-01	-1.031644124065822926e-01	1.582650034832706609e-01
1.795162777273555665e-01	-1.584705499836699949e-01	1.748210007308376723e-01	-5.246227451930853825e-01	1.000000000000000000e+00	-1.174815827236674187e-01	1.627233038535519372e-01	-1.950491917080365289e-01	2.774819649669624244e-01	-7.231350656729459425e-01	1.089953452399111539e-01	-1.508193271793787371e-01	1.659318335831289348e-01	-2.084387811890993092e-01	2.228913640977175648e-01	-1.316591130275336363e-01	1.175436927587105301e-01	-1.455363972375796067e-01	1.648632007998004911e-01	-1.231039413853499687e-01	8.074916366519592492e-02	-1.162013119210316414e-01	1.088978390425627690e-01	-1.294638712125459334e-01	1.409209316256428979e-01	-9.057935286303617217e-02	1.171840382441781264e-01	-1.461695442200422468e-01	1.013561143123454522e-01	-1.631452951308993427e-01
-4.328905229947144218e-01	1.710845513810388963e-01	-1.676788818042322105e-01	1.329179085809815142e-01	-1.174815827236674187e-01	9.999999999999998890e-01	-3.470935939466062159e-01	1.995611354037991336e-01	-1.432289187446944834e-01	1.316427710592865397e-01	-7.307683515662712903e-01	2.772532506652063966e-01	-2.031887158333505472e-01	1.537035654711238486e-01	-1.609596850721543293e-01	2.281029377263160407e-01	-1.896895037230784675e-01	1.766168613979564317e-01	-1.534637133673855403e-01	1.006358788302062351e-01	-1.240610402939629348e-01	1.452902149327007786e-01	-1.302971242353100634e-01	1.250710024650254770e-01	-1.266046936831227987e-01	1.244425978319562420e-01	-1.537455045070623694e-01	1.616234814479435289e-01	-1.018478043409666578e-01	1.550534796430387829e-01
2.743346917556607201e-01	-2.782232208744798707e-01	2.296685666414371996e-01	-2.091673262876877770e-01	1.627233038535519372e-01	-3.470935939466062159e-01	1.000000000000000000e+00	-5.414421232133482809e-01	2.234759608584805379e-01	-1.932605357310491490e-01	2.579408255509456072e-01	-5.377919472765507747e-01	2.992299085205242237e-01	-2.280817862390986384e-01	2.046909820595761431e-01	-2.293141478966540525e-01	2.053236929593227345e-01	-2.276306491278237143e-01	1.909878738764435036e-01	-1.274215555690032253e-01	1.259326103333640590e-01	-1.704181044529906042e-01	1.549125917225096516e-01	-1.561925761917663524e-01	1.532143965000205554e-01	-1.374485647960755896e-01	1.665707315968492086e-01	-1.968758907149624204e-01	1.246028846598560280e-01	-1.932469985704477478e-01
-2.668114341521219401e-01	2.190061882567890528e-01	-2.894718737653307894e-01	2.393609515490406625e-01	-1.950491917080365289e-01	1.995611354037991336e-01	-5.414421232133482809e-01	1.000000000000000222e+00	-3.991586733665813957e-01	2.060018908631306989e-01	-1.928910645701379101e-01	2.918590699500142049e-01	-5.156726652353889051e-01	2.665658333243937084e-01	-2.414563108898998833e-01	1.830760305744853489e-01	-1.816793883881070992e-01	2.109924053065695970e-01	-2.104930879269714117e-01	1.378556840135943540e-01	-1.094339303716811290e-01	1.507606928701525628e-01	-1.459683987501215197e-01	1.505126665835810895e-01	-1.647245410307650315e-01	1.174784197185387014e-01	-1.548119727911943799e-01	1.763495530794697286e-01	-1.191953280374450780e-01	1.788794627035726337e-01
2.041509311754146905e-01	-1.822257294663491844e-01	2.074557783443191361e-01	-6.214876109080288424e-01	2.774819649669624244e-01	-1.432289187446944834e-01	2.234759608584805379e-01	-3.991586733665813957e-01	1.000000000000000888e+00	-3.611812297837329599e-01	1.335863054038826381e-01	-1.993499365966331927e-01	2.479294775054876887e-01	-4.151748108471933763e-01	2.487495562074593936e-01	-1.516899493050500036e-01	1.402414946032430332e-01	-1.756151771528241534e-01	2.043080997084805173e-01	-1.410391796544095966e-01	9.169987180561693652e-02	-1.311285806642352170e-01	1.249655034516166524e-01	-1.463811914744116982e-01	1.567490772088724615e-01	-1.013196791842656402e-01	1.316839620237537090e-01	-1.611459795248441351e-01	1.125275377330865051e-01	-1.748788743234228060e-01
-2.223113067815265798e-01	1.544097699806313562e-01	-1.859312370431046857e-01	3.005367916149988550e-01	-7.231350656729459425e-01	1.316427710592865397e-01	-1.932605357310491490e-01	2.060018908631306989e-01	-3.611812297837329599e-01	9.999999999999984457e-01	-1.260409833141020175e-01	1.665904305101338911e-01	-1.968159456469081303e-01	2.348337568414113341e-01	-3.632272951255384186e-01	1.434655104945485593e-01	-1.336502912273541677e-01	1.609842322912777568e-01	-2.093927765528492968e-01	1.615388804982308413e-01	-9.007799902981980522e-02	1.281599518105136226e-01	-1.224534552791871206e-01	1.468100823833691226e-01	-1.914501914623326639e-01	9.915238410907657729e-02	-1.350308221184539637e-01	1.583272874188418333e-01	-1.152069709249372992e-01	1.767123658183898383e-01
2.662370871367423231e-01	-1.456515358104310542e-01	1.403631064997831468e-01	-1.252282295845558446e-01	1.089953452399111539e-01	-7.307683515662712903e-01	2.579408255509456072e-01	-1.928910645701379101e-01	1.335863054038826381e-01	-1.260409833141020175e-01	9.999999999999990008e-01	-4.266789543437362608e-01	2.032432528838602481e-01	-1.542876161314381545e-01	1.527717751821454084e-01	-3.382555486192977412e-01	2.085813414774332908e-01	-1.923611601769674717e-01	1.495755466200659189e-01	-9.775921782447875852e-02	1.366510669134220757e-01	-1.548790580319950039e-01	1.348059831445879431e-01	-1.255223833863555183e-01	1.214414235059765312e-01	-1.394174873055687713e-01	1.549947895220613048e-01	-1.665810093226735011e-01	1.017790546311659744e-01	-1.546443037239776941e-01
-2.941964295222339598e-01	1.828402688374108631e-01	-1.930011201934196396e-01	1.697608146432486587e-01	-1.508193271793787371e-01	2.772532506652063966e-01	-5.377919472765507747e-01	2.918590699500142049e-01	-1.993499365966331927e-01	1.665904305101338911e-01	-4.266789543437362608e-01	1.000000000000001998e+00	-4.772965538316665257e-01	2.292755734343233376e-01	-2.229382374682760681e-01	2.437457234493733971e-01	-2.996189861613673955e-01	2.411690992827589253e-01	-2.067402075925681149e-01	1.329106927006646344e-01	-1.356230255857692468e-01	1.750761150451664583e-01	-1.640193881751989546e-01	1.536039763226423605e-01	-1.627734758474015109e-01	1.384713757186238625e-01	-1.789535978195697652e-01	1.894309138674204473e-01	-1.232576179002285027e-01	1.810715010670109204e-01
2.372031468238610386e-01	-1.733136555664822887e-01	1.859231397766243910e-01	-2.066357230062728922e-01	1.659318335831289348e-01	-2.031887158333505472e-01	2.992299085205242237e-01	-5.156726652353889051e-01	2.479294775054876887e-01	-1.968159456469081303e-01	2.032432528838602481e-01	-4.772965538316665257e-01	1.000000000000001776e+00	-4.584667241813958904e-01	2.503554233687172448e-01	-2.146474794924146390e-01	2.185564722020475470e-01	-3.317601379581257004e-01	2.342381620381356888e-01	-1.531871644505885532e-01	1.237059629535275790e-01	-1.773803080013222622e-01	1.754846020489238545e-01	-1.728298539306724613e-01	1.721918541391852797e-01	-1.329401465455400944e-01	1.710448527606642233e-01	-2.050841979947686522e-01	1.336813795110187719e-01	-1.995001964408103512e-01
-2.246068111775254006e-01	1.528959186446716134e-01	-1.754266284559076183e-01	2.375631180487380867e-01	-2.084387811890993092e-01	1.537035654711238486e-01	-2.280817862390986384e-01	2.665658333243937084e-01	-4.151748108471933763e-01	2.348337568414113341e-01	-1.542876161314381545e-01	2.292755734343233376e-01	-4.584667241813958904e-01	9.999999999999972244e-01	-5.165407375255713918e-01	1.747264884491709080e-01	-1.738718339808718316e-01	2.221020269571782335e-01	-4.173552593489761597e-01	2.271854023426375380e-01	-1.087841446117312205e-01	1.575755418281628850e-01	-1.582780597305082637e-01	1.987215012494775723e-01	-2.357804324985043054e-01	1.180105842888079654e-01	-1.605041440063734448e-01	1.935984571201024018e-01	-1.488244555363324451e-01	2.176644574603277538e-01
2.271965653933422091e-01	-1.581660737899896196e-01	1.681069644352582992e-01	-2.430631515987154156e-01	2.228913640977175648e-01	-1.609596850721543293e-01	2.046909820595761431e-01	-2.414563108898998833e-01	2.487495562074593936e-01	-3.632272951255384186e-01	1.527717751821454084e-01	-2.229382374682760681e-01	2.503554233687172448e-01	-5.165407375255713918e-01	1.000000000000002220e+00	-2.021841140287384542e-01	1.816084381509231460e-01	-2.415795010637599716e-01	3.085113942147953980e-01	-4.416717400902220314e-01	1.256212239999266733e-01	-1.886639556637784154e-01	1.806969930166367200e-01	-2.486836589770294037e-01	2.859497684215954183e-01	-1.415071159015056645e-01	1.839869690276553504e-01	-2.467689908290690015e-01	1.830387662863081633e-01	-3.067656158378122555e-01
-3.141367783984100326e-01	1.477419415892265997e-01	-1.620717348357181009e-01	1.379523363842946326e-01	-1.316591130275336363e-01	2.281029377263160407e-01	-2.293141478966540525e-01	1.830760305744853489e-01	-1.516899493050500036e-01	1.434655104945485593e-01	-3.382555486192977412e-01	2.437457234493733971e-01	-2.146474794924146390e-01	1.747264884491709080e-01	-2.021841140287384542e-01	1.000000000000003553e+00	-5.899571269861769718e-01	2.808571276932816385e-01	-2.108082273602662204e-01	1.313283973317438402e-01	-3.966136024610672495e-01	2.554119874865269924e-01	-2.176454620945667828e-01	1.665798086204299255e-01	-1.715350785660911814e-01	2.534814760779480758e-01	-2.917026769158829191e-01	2.249486705274489351e-01	-1.380729787506568829e-01	1.888755823337271988e-01
2.336530223499825587e-01	-1.274767560302693115e-01	1.362753138868997571e-01	-1.281060732018342585e-01	1.175436927587105301e-01	-1.896895037230784675e-01	2.053236929593227345e-01	-1.816793883881070992e-01	1.402414946032430332e-01	-1.336502912273541677e-01	2.085813414774332908e-01	-2.996189861613673955e-01	2.185564722020475470e-01	-1.738718339808718316e-01	1.816084381509231460e-01	-5.899571269861769718e-01	1.000000000000003553e+00	-5.509067654637322953e-01	2.035812556819993902e-01	-1.251327772567136232e-01	2.146944369840515510e-01	-3.235694488586957629e-01	2.453965637811295619e-01	-1.726592293559361391e-01	1.558038319809809669e-01	-2.126630618879662704e-01	2.408601655807358355e-01	-2.434312233024222005e-01	1.381580447557574920e-01	-1.878653013286941120e-01
-2.805491403486273239e-01	1.470979346538903443e-01	-1.649173241695795211e-01	1.536319521137782251e-01	-1.455363972375796067e-01	1.766168613979564317e-01	-2.276306491278237143e-01	2.109924053065695970e-01	-1.756151771528241534e-01	1.609842322912777568e-01	-1.923611601769674717e-01	2.411690992827589253e-01	-3.317601379581257004e-01	2.221020269571782335e-01	-2.415795010637599716e-01	2.808571276932816385e-01	-5.509067654637322953e-01	1.000000000000002442e+00	-3.266795863121729759e-01	1.689891264352029465e-01	-1.855577261285261126e-01	2.767128591439714236e-01	-4.493442644064475910e-01	2.178663050045046845e-01	-2.109795650199151329e-01	1.778822661555824747e-01	-2.725777715719233663e-01	2.775137820976215641e-01	-1.763034627087204376e-01	2.198826503131469101e-01
2.270742810074860285e-01	-1.409386641877005963e-01	1.519354027731505130e-01	-1.887327406788392448e-01	1.648632007998004911e-01	-1.534637133673855403e-01	1.909878738764435036e-01	-2.104930879269714117e-01	2.043080997084805173e-01	-2.093927765528492968e-01	1.495755466200659189e-01	-2.067402075925681149e-01	2.342381620381356888e-01	-4.173552593489761597e-01	3.085113942147953980e-01	-2.108082273602662204e-01	2.035812556819993902e-01	-3.266795863121729759e-01	9.999999999999982236e-01	-4.497888713729756294e-01	1.347052643473986844e-01	-2.117673307060461418e-01	2.206289531245496371e-01	-4.333569280281784897e-01	3.045562986956728002e-01	-1.481723438565449580e-01	2.042333177527222432e-01	-2.778057217041476346e-01	2.430737205254116240e-01	-3.567773121704914674e-01
-1.529278834459980863e-01	9.531260896332369170e-02	-1.036596769184627703e-01	1.293491523970413948e-01	-1.231039413853499687e-01	1.006358788302062351e-01	-1.274215555690032253e-01	1.378556840135943540e-01	-1.410391796544095966e-01	1.615388804982308413e-01	-9.775921782447875852e-02	1.329106927006646344e-01	-1.531871644505885532e-01	2.271854023426375380e-01	-4.416717400902220314e-01	1.313283973317438402e-01	-1.251327772567136232e-01	1.689891264352029465e-01	-4.497888713729756294e-01	9.999999999999978906e-01	-8.509658490535970676e-02	1.299717416406178661e-01	-1.332545536724120128e-01	2.170610753884350541e-01	-7.069413251977276769e-01	9.395099154717005685e-02	-1.307065641223371377e-01	1.708404722297136302e-01	-1.534747201654445004e-01	2.282356517128990014e-01
1.740697907737136785e-01	-8.637553915205929689e-02	9.418652121083974371e-02	-8.471759841847266437e-02	8.074916366519592492e-02	-1.240610402939629348e-01	1.259326103333640590e-01	-1.094339303716811290e-01	9.169987180561693652e-02	-9.007799902981980522e-02	1.366510669134220757e-01	-1.356230255857692468e-01	1.237059629535275790e-01	-1.087841446117312205e-01	1.256212239999266733e-01	-3.966136024610672495e-01	2.146944369840515510e-01	-1.855577261285261126e-01	1.347052643473986844e-01	-8.509658490535970676e-02	1.000000000000001110e+00	-3.416802264454185112e-01	1.806478227018700200e-01	-1.244218001483098635e-01	1.117744474363381590e-01	-7.700270377767650665e-01	2.797893124218900907e-01	-1.968256358614487722e-01	1.034174540736720049e-01	-1.383490584304368221e-01
-2.396960416661944038e-01	1.185721827695536135e-01	-1.318235105539412311e-01	1.195674749700502415e-01	-1.162013119210316414e-01	1.452902149327007786e-01	-1.704181044529906042e-01	1.507606928701525628e-01	-1.311285806642352170e-01	1.281599518105136226e-01	-1.548790580319950039e-01	1.750761150451664583e-01	-1.773803080013222622e-01	1.575755418281628850e-01	-1.886639556637784154e-01	2.554119874865269924e-01	-3.235694488586957629e-01	2.767128591439714236e-01	-2.117673307060461418e-01	1.299717416406178661e-01	-3.416802264454185112e-01	1.000000000000000444e+00	-5.398166828330732692e-01	2.007928599995355279e-01	-1.749068864688062275e-01	2.599111886648662884e-01	-5.522045236967718651e-01	3.058435608734821898e-01	-1.709171611105779476e-01	2.014067590395786922e-01
2.094114659929748046e-01	-1.081894369250032545e-01	1.196952611550816392e-01	-1.137874369183956985e-01	1.088978390425627690e-01	-1.302971242353100634e-01	1.549125917225096516e-01	-1.459683987501215197e-01	1.249655034516166524e-01	-1.224534552791871206e-01	1.348059831445879431e-01	-1.640193881751989546e-01	1.754846020489238545e-01	-1.582780597305082637e-01	1.806969930166367200e-01	-2.176454620945667828e-01	2.453965637811295619e-01	-4.493442644064475910e-01	2.206289531245496371e-01	-1.332545536724120128e-01	1.806478227018700200e-01	-5.398166828330732692e-01	1.000000000000000666e+00	-3.010516782340358355e-01	1.751660003227789031e-01	-1.812328055876933908e-01	2.924592049264834182e-01	-5.461799487049153745e-01	2.093792916771370360e-01	-2.210293805619737151e-01
-2.204309925516511059e-01	1.151994138682610747e-01	-1.290056411381283463e-01	1.312447052904043010e-01	-1.294638712125459334e-01	1.250710024650254770e-01	-1.561925761917663524e-01	1.505126665835810895e-01	-1.463811914744116982e-01	1.468100823833691226e-01	-1.255223833863555183e-01	1.536039763226423605e-01	-1.728298539306724613e-01	1.987215012494775723e-01	-2.486836589770294037e-01	1.665798086204299255e-01	-1.726592293559361391e-01	2.178663050045046845e-01	-4.333569280281784897e-01	2.170610753884350541e-01	-1.244218001483098635e-01	2.007928599995355279e-01	-3.010516782340358355e-01	1.000000000000000222e+00	-3.285035603793846071e-01	1.299475212898658361e-01	-2.206192657515472499e-01	2.742890099940856752e-01	-6.398929408476352609e-01	3.213156431479695097e-01
1.898449595673838974e-01	-1.172405076187515299e-01	1.251293276917109787e-01	-1.530203398040476670e-01	1.409209316256428979e-01	-1.266046936831227987e-01	1.532143965000205554e-01	-1.647245410307650315e-01	1.567490772088724615e-01	-1.914501914623326639e-01	1.214414235059765312e-01	-1.627734758474015109e-01	1.721918541391852797e-01	-2.357804324985043054e-01	2.859497684215954183e-01	-1.715350785660911814e-01	1.558038319809809669e-01	-2.109795650199151329e-01	3.045562986956728002e-01	-7.069413251977276769e-01	1.117744474363381590e-01	-1.749068864688062275e-01	1.751660003227789031e-01	-3.285035603793846071e-01	1.000000000000000222e+00	-1.253764902506491474e-01	1.718296332634950685e-01	-2.392371368114787900e-01	2.129394048175519139e-01	-3.684371305382282413e-01
-2.041051163313598593e-01	9.656804963206337689e-02	-1.070916632964080961e-01	9.326109400370041769e-02	-9.057935286303617217e-02	1.244425978319562420e-01	-1.374485647960755896e-01	1.174784197185387014e-01	-1.013196791842656402e-01	9.915238410907657729e-02	-1.394174873055687713e-01	1.384713757186238625e-01	-1.329401465455400944e-01	1.180105842888079654e-01	-1.415071159015056645e-01	2.534814760779480758e-01	-2.126630618879662704e-01	1.778822661555824747e-01	-1.481723438565449580e-01	9.395099154717005685e-02	-7.700270377767650665e-01	2.599111886648662884e-01	-1.812328055876933908e-01	1.299475212898658361e-01	-1.253764902506491474e-01	1.000000000000000444e+00	-4.477421916222892317e-01	2.002053679230449412e-01	-1.100552564420671509e-01	1.469149966864891077e-01
2.264308917864174264e-01	-1.191222855150950999e-01	1.288709821040015524e-01	-1.235864818158064898e-01	1.171840382441781264e-01	-1.537455045070623694e-01	1.665707315968492086e-01	-1.548119727911943799e-01	1.316839620237537090e-01	-1.350308221184539637e-01	1.549947895220613048e-01	-1.789535978195697652e-01	1.710448527606642233e-01	-1.605041440063734448e-01	1.839869690276553504e-01	-2.917026769158829191e-01	2.408601655807358355e-01	-2.725777715719233663e-01	2.042333177527222432e-01	-1.307065641223371377e-01	2.797893124218900907e-01	-5.522045236967718651e-01	2.924592049264834182e-01	-2.206192657515472499e-01	1.718296332634950685e-01	-4.477421916222892317e-01	1.000000000000000444e+00	-4.590123339109719591e-01	1.886687814078797376e-01	-2.582874962535083307e-01
-3.029320195712605912e-01	1.443521009686349610e-01	-1.633387822875762563e-01	1.463762089362892760e-01	-1.461695442200422468e-01	1.616234814479435289e-01	-1.968758907149624204e-01	1.763495530794697286e-01	-1.611459795248441351e-01	1.583272874188418333e-01	-1.665810093226735011e-01	1.894309138674204473e-01	-2.050841979947686522e-01	1.935984571201024018e-01	-2.467689908290690015e-01	2.249486705274489351e-01	-2.434312233024222005e-01	2.775137820976215641e-01	-2.778057217041476346e-01	1.708404722297136302e-01	-1.968256358614487722e-01	3.058435608734821898e-01	-5.461799487049153745e-01	2.742890099940856752e-01	-2.392371368114787900e-01	2.002053679230449412e-01	-4.590123339109719591e-01	1.000000000000000222e+00	-3.454077577704410817e-01	2.730973060469223945e-01
1.807239260659645741e-01	-9.285278157564150203e-02	1.035983097138953452e-01	-1.031644124065822926e-01	1.013561143123454522e-01	-1.018478043409666578e-01	1.246028846598560280e-01	-1.191953280374450780e-01	1.125275377330865051e-01	-1.152069709249372992e-01	1.017790546311659744e-01	-1.232576179002285027e-01	1.336813795110187719e-01	-1.488244555363324451e-01	1.830387662863081633e-01	-1.380729787506568829e-01	1.381580447557574920e-01	-1.763034627087204376e-01	2.430737205254116240e-01	-1.534747201654445004e-01	1.034174540736720049e-01	-1.709171611105779476e-01	2.093792916771370360e-01	-6.398929408476352609e-01	2.129394048175519139e-01	-1.100552564420671509e-01	1.886687814078797376e-01	-3.454077577704410817e-01	1.000000000000000000e+00	-5.984710216533735139e-01
-3.057067178772998606e-01	1.476281871058125472e-01	-1.678983437207807183e-01	1.582650034832706609e-01	-1.631452951308993427e-01	1.550534796430387829e-01	-1.932469985704477478e-01	1.788794627035726337e-01	-1.748788743234228060e-01	1.767123658183898383e-01	-1.546443037239776941e-01	1.810715010670109204e-01	-1.995001964408103512e-01	2.176644574603277538e-01	-3.067656158378122555e-01	1.888755823337271988e-01	-1.878653013286941120e-01	2.198826503131469101e-01	-3.567773121704914674e-01	2.282356517128990014e-01	-1.383490584304368221e-01	2.014067590395786922e-01	-2.210293805619737151e-01	3.213156431479695097e-01	-3.684371305382282413e-01	1.469149966864891077e-01	-2.582874962535083307e-01	2.730973060469223945e-01	-5.984710216533735139e-01	1.000000000000000222e+00
