1.000000000000000000e+00	-2.694608359862501468e-01	4.611650172534721703e-02	-2.256688041253576346e-02	2.434411298758468872e-02	-8.898346174688657184e-01	2.062451212696856384e-01	-4.521919468553219773e-02	5.094382651338186935e-02	-3.853419871342165376e-02	2.197848007212676313e-01	-1.490662595999943940e-01	1.095236064712645785e-01	-7.931370872334612965e-02	5.547030805146830473e-02	-1.542632727919737712e-01	1.068822427626626992e-01	-1.218472831301854326e-01	6.744472677489479762e-02	-6.022178612328939890e-02	7.473708596502316726e-02	-7.475605680609470616e-02	4.446692508818171630e-02	-4.526382763478528637e-02	4.843676006657986199e-02	-1.054921114419641592e-01	6.134560037227014540e-02	-5.058554395960918049e-02	4.775809007380436844e-02	-5.707397420361626228e-02
-2.694608359862501468e-01	9.999999999999995559e-01	-1.060252385534290603e-01	3.593578905898211356e-02	-3.834178066147115455e-02	2.059948550565647851e-01	-8.787112701766214284e-01	9.353940015286177356e-02	-7.000157819080751742e-02	5.110548369714051908e-02	-2.291229970800741089e-01	1.967710801998134029e-01	-1.679800022498360579e-01	8.464897463231001173e-02	-6.910376615010643819e-02	1.291926323595530279e-01	-1.256963723150096024e-01	1.278416239719157577e-01	-7.608378231467598229e-02	6.784324774323145790e-02	-6.820176608808806162e-02	7.600071518335836662e-02	-4.860578225875625269e-02	4.865305977995845743e-02	-5.491811394808352592e-02	8.789960235559539370e-02	-6.664632130382580621e-02	5.364746964508555760e-02	-5.228086606300742095e-02	6.210662207014352315e-02
4.611650172534721703e-02	-1.060252385534290603e-01	1.000000000000000222e+00	-1.898162405443191703e-01	1.527317914116148867e-01	-4.061491341396075011e-02	9.147297162222255140e-02	-9.202650740957287745e-01	1.887977273686645696e-01	-1.501543186598760238e-01	7.782042940454995950e-02	-6.953142115031531179e-02	7.414156200523827622e-02	-1.160882112084423712e-01	1.155279557427643100e-01	-6.529483974225967768e-02	6.159350400291432881e-02	-7.636141446433140911e-02	8.177721922759519091e-02	-1.082530444035999795e-01	3.830366644596638892e-02	-5.704053900209834355e-02	4.693909838296476261e-02	-5.374704307665403163e-02	6.856115588925998372e-02	-5.089959011066155781e-02	4.832001850040960889e-02	-5.531492411572679763e-02	5.294243366108337956e-02	-8.563908711223100489e-02
-2.256688041253576346e-02	3.593578905898211356e-02	-1.898162405443191703e-01	1.000000000000000000e+00	-9.250991611807449777e-01	1.950626933415269479e-02	-3.377766944846010561e-02	1.534544678478302338e-01	-2.338556068958635714e-01	1.737915685642939800e-01	-4.648020539345175395e-02	3.691651909529243547e-02	-4.065523031077464267e-02	9.250312318489849195e-02	-1.239065258921729362e-01	4.020979953554882497e-02	-3.887015216208476731e-02	4.799992761791112977e-02	-6.623203979434723332e-02	8.962391182070815476e-02	-2.454318463156465388e-02	3.959896197501076853e-02	-3.525091724773855156e-02	4.079852378446140182e-02	-5.507987811046772403e-02	3.232471901480785809e-02	-3.399875369110770540e-02	4.110423493487515290e-02	-3.989713285671644960e-02	6.626180478123745721e-02
2.434411298758468872e-02	-3.834178066147115455e-02	1.527317914116148867e-01	-9.250991611807449777e-01	9.999999999999997780e-01	-2.113565806326664007e-02	3.564363890288670123e-02	-1.618361580653029652e-01	1.968166267016856763e-01	-2.158152727713635033e-01	5.083524944701926090e-02	-4.078268919516619961e-02	4.449129529784142528e-02	-1.044236395207872453e-01	1.288283826716764557e-01	-4.528820925657755375e-02	4.331829869478515116e-02	-5.368560278320178708e-02	7.254584095935956434e-02	-1.038003375291061681e-01	2.770060607819433904e-02	-4.541350216651796057e-02	4.026182751697274242e-02	-4.707689756646735169e-02	6.259099908241080867e-02	-3.671728611598817221e-02	3.862784066744434641e-02	-4.762494677985171926e-02	4.581878199994048745e-02	-7.751401726833220818e-02
-8.898346174688657184e-01	2.059948550565647851e-01	-4.061491341396075011e-02	1.950626933415269479e-02	-2.113565806326664007e-02	9.999999999999995559e-01	-2.408222781459288531e-01	3.942368518891372492e-02	-4.411266877795673447e-02	3.308470220604980971e-02	-2.929932365437262209e-01	1.380753985634632364e-01	-1.033726243824294455e-01	6.700223938011261315e-02	-4.788126502274622776e-02	1.320583140820362489e-01	-9.612682641310110743e-02	1.050544615902699180e-01	-5.808092832121736909e-02	5.115302820241441478e-02	-6.388153869858702316e-02	6.405610327449083596e-02	-3.831627632235153763e-02	3.863295137367694226e-02	-4.152186979998215288e-02	8.766040473849422143e-02	-5.343604506195470671e-02	4.321203143961049875e-02	-4.110613579086899727e-02	4.832244249891585325e-02
2.062451212696856384e-01	-8.787112701766214284e-01	9.147297162222255140e-02	-3.377766944846010561e-02	3.564363890288670123e-02	-2.408222781459288531e-01	9.999999999999995559e-01	-9.440456247210618490e-02	6.681195197674746900e-02	-4.969187175741589940e-02	2.008182450331797708e-01	-2.579183175535788575e-01	1.606825891360168512e-01	-8.721552790992312398e-02	6.646410947719484652e-02	-1.372779130892836652e-01	1.256590068589469589e-01	-1.364290172097671339e-01	7.640222264668165841e-02	-6.814541247468233753e-02	7.033600654285795950e-02	-7.736007173070949539e-02	4.837009236824368202e-02	-4.895731362199790687e-02	5.426715605161245431e-02	-9.353427693521022823e-02	6.580237053058894670e-02	-5.397920984029921931e-02	5.193455165595346756e-02	-6.268517259788858320e-02
-4.521919468553219773e-02	9.353940015286177356e-02	-9.202650740957287745e-01	1.534544678478302338e-01	-1.618361580653029652e-01	3.942368518891372492e-02	-9.440456247210618490e-02	1.000000000000000444e+00	-2.426281894518648174e-01	1.433164582068077730e-01	-7.598013097939446125e-02	6.694349495516106752e-02	-7.548793481379623138e-02	1.053737955263181481e-01	-1.179298611419864334e-01	6.049643113763093077e-02	-5.832932365964466070e-02	7.173060565150052303e-02	-7.725077756932723083e-02	9.690704217564730105e-02	-3.536431005630865515e-02	5.161544546410227335e-02	-4.261110583716950367e-02	4.810646680056587798e-02	-6.257052467605293822e-02	4.646211166450894131e-02	-4.431863598815319327e-02	4.929940918369060676e-02	-4.773851755060276592e-02	7.526556535936917980e-02
5.094382651338186935e-02	-7.000157819080751742e-02	1.887977273686645696e-01	-2.338556068958635714e-01	1.968166267016856763e-01	-4.411266877795673447e-02	6.681195197674746900e-02	-2.426281894518648174e-01	1.000000000000001110e+00	-7.001870056654920793e-01	1.141695411534675297e-01	-9.090840396624805253e-02	1.009024834722057062e-01	-3.252782859605635180e-01	3.007381030723679793e-01	-1.042930765653531933e-01	1.018009332825130508e-01	-1.289115106130612476e-01	1.943271179500085377e-01	-2.746525010985929049e-01	6.400940522206685634e-02	-1.097343246217409446e-01	9.975361662890418202e-02	-1.180519389375817157e-01	1.570817762246018712e-01	-8.470657750631976901e-02	9.297627569552038840e-02	-1.184596712626482529e-01	1.137088703874988282e-01	-1.970566821878162733e-01
-3.853419871342165376e-02	5.110548369714051908e-02	-1.501543186598760238e-01	1.737915685642939800e-01	-2.158152727713635033e-01	3.308470220604980971e-02	-4.969187175741589940e-02	1.433164582068077730e-01	-7.001870056654920793e-01	1.000000000000001554e+00	-8.678165152166379681e-02	6.670101080391788173e-02	-7.577393678838477420e-02	1.985465322407532485e-01	-5.559315342211162969e-01	7.508746027100338116e-02	-7.528118976494040104e-02	9.369592077187069434e-02	-1.511400535505752762e-01	2.159057382965518801e-01	-4.606842232147734945e-02	7.816735613859832066e-02	-7.467898142543218098e-02	8.612588005026999838e-02	-1.274048636997884287e-01	6.020346611795196479e-02	-6.817653570003612273e-02	8.435907853377569432e-02	-8.421515425125165877e-02	1.397446244696162743e-01
2.197848007212676313e-01	-2.291229970800741089e-01	7.782042940454995950e-02	-4.648020539345175395e-02	5.083524944701926090e-02	-2.929932365437262209e-01	2.008182450331797708e-01	-7.598013097939446125e-02	1.141695411534675297e-01	-8.678165152166379681e-02	1.000000000000001776e+00	-4.749540548060305900e-01	2.742378766577172611e-01	-1.960416693226067764e-01	1.297353549330595990e-01	-4.968788526760801183e-01	2.896918649210240559e-01	-3.289296856633827648e-01	1.676184180693972292e-01	-1.448557710216886174e-01	2.107079226892612511e-01	-1.950057447868133453e-01	1.110149508870414414e-01	-1.122430762139975391e-01	1.168890350183658527e-01	-2.945829253587010088e-01	1.571508756335761869e-01	-1.266745325185252846e-01	1.187110768445650277e-01	-1.376607250441996277e-01
-1.490662595999943940e-01	1.967710801998134029e-01	-6.953142115031531179e-02	3.691651909529243547e-02	-4.078268919516619961e-02	1.380753985634632364e-01	-2.579183175535788575e-01	6.694349495516106752e-02	-9.090840396624805253e-02	6.670101080391788173e-02	-4.749540548060305900e-01	1.000000000000001998e+00	-6.594662883269494236e-01	1.426499530440560326e-01	-1.018589302462501872e-01	2.468332625797781399e-01	-3.633450074583684519e-01	2.948829112624054005e-01	-1.411213320590404274e-01	1.067339873278001228e-01	-1.254895419908159393e-01	1.478406904252541898e-01	-8.660905326088129408e-02	8.300325843182286556e-02	-8.873616352075863745e-02	1.518845318426193525e-01	-1.286264128954805741e-01	9.305216905735594346e-02	-9.128771536477867099e-02	9.741354187428377664e-02
1.095236064712645785e-01	-1.679800022498360579e-01	7.414156200523827622e-02	-4.065523031077464267e-02	4.449129529784142528e-02	-1.033726243824294455e-01	1.606825891360168512e-01	-7.548793481379623138e-02	1.009024834722057062e-01	-7.577393678838477420e-02	2.742378766577172611e-01	-6.594662883269494236e-01	1.000000000000001998e+00	-1.920293332449223844e-01	1.131366951609078658e-01	-2.520865414483894340e-01	2.777492947929723344e-01	-5.589909207834156124e-01	1.781276013459984764e-01	-1.288427378862594952e-01	1.241750412246747509e-01	-1.511185295137200679e-01	9.356259946796673110e-02	-9.347407972095791995e-02	9.861667321078898540e-02	-1.598501633057458626e-01	1.238512103628847116e-01	-9.930463932568653340e-02	9.530803436507749582e-02	-1.100732910582034596e-01
-7.931370872334612965e-02	8.464897463231001173e-02	-1.160882112084423712e-01	9.250312318489849195e-02	-1.044236395207872453e-01	6.700223938011261315e-02	-8.721552790992312398e-02	1.053737955263181481e-01	-3.252782859605635180e-01	1.985465322407532485e-01	-1.960416693226067764e-01	1.426499530440560326e-01	-1.920293332449223844e-01	1.000000000000002220e+00	-3.310146904294383186e-01	1.437735804340830870e-01	-1.732132230421657981e-01	2.259891877235251367e-01	-7.376986884497163111e-01	2.675341271170939561e-01	-8.472128830080195849e-02	1.274439613487198253e-01	-1.284554785961213585e-01	1.357306843951709696e-01	-1.852242223026450696e-01	1.040574992973331142e-01	-1.180193182013808961e-01	1.210401632517209003e-01	-1.283878741357242781e-01	1.708315354392678231e-01
5.547030805146830473e-02	-6.910376615010643819e-02	1.155279557427643100e-01	-1.239065258921729362e-01	1.288283826716764557e-01	-4.788126502274622776e-02	6.646410947719484652e-02	-1.179298611419864334e-01	3.007381030723679793e-01	-5.559315342211162969e-01	1.297353549330595990e-01	-1.018589302462501872e-01	1.131366951609078658e-01	-3.310146904294383186e-01	1.000000000000002442e+00	-1.208291062324490656e-01	1.186281470344417444e-01	-1.499660607401663848e-01	2.324848278583923622e-01	-5.259060786357038220e-01	7.527883929456107015e-02	-1.346348703450451489e-01	1.298373677221196787e-01	-1.571453495123776856e-01	2.318049465753230509e-01	-9.930614577481368388e-02	1.149816966030113435e-01	-1.532919011068482884e-01	1.495435560323786495e-01	-2.737538100178327216e-01
-1.542632727919737712e-01	1.291926323595530279e-01	-6.529483974225967768e-02	4.020979953554882497e-02	-4.528820925657755375e-02	1.320583140820362489e-01	-1.372779130892836652e-01	6.049643113763093077e-02	-1.042930765653531933e-01	7.508746027100338116e-02	-4.968788526760801183e-01	2.468332625797781399e-01	-2.520865414483894340e-01	1.437735804340830870e-01	-1.208291062324490656e-01	1.000000000000002442e+00	-5.524951065668115557e-01	2.580659090939916855e-01	-1.459195963935977503e-01	1.183700391473988117e-01	-4.249178120360700417e-01	2.130658490632912072e-01	-1.123022189488852435e-01	1.024212764344287624e-01	-1.080099206182597582e-01	2.807369935078553591e-01	-1.964985927854421832e-01	1.229215396059285675e-01	-1.230674351094768609e-01	1.161898399031089379e-01
1.068822427626626992e-01	-1.256963723150096024e-01	6.159350400291432881e-02	-3.887015216208476731e-02	4.331829869478515116e-02	-9.612682641310110743e-02	1.256590068589469589e-01	-5.832932365964466070e-02	1.018009332825130508e-01	-7.528118976494040104e-02	2.896918649210240559e-01	-3.633450074583684519e-01	2.777492947929723344e-01	-1.732132230421657981e-01	1.186281470344417444e-01	-5.524951065668115557e-01	1.000000000000002887e+00	-5.220847598971095627e-01	1.721312788126024007e-01	-1.296402810110347803e-01	2.004410298765758047e-01	-3.197009643270066759e-01	1.178788868795885292e-01	-1.105005720906853534e-01	1.103536932376521784e-01	-2.321311301638403768e-01	2.023070236823618639e-01	-1.322859716846117306e-01	1.232252587853959330e-01	-1.219592728934275061e-01
-1.218472831301854326e-01	1.278416239719157577e-01	-7.636141446433140911e-02	4.799992761791112977e-02	-5.368560278320178708e-02	1.050544615902699180e-01	-1.364290172097671339e-01	7.173060565150052303e-02	-1.289115106130612476e-01	9.369592077187069434e-02	-3.289296856633827648e-01	2.948829112624054005e-01	-5.589909207834156124e-01	2.259891877235251367e-01	-1.499660607401663848e-01	2.580659090939916855e-01	-5.220847598971095627e-01	1.000000000000003109e+00	-3.387106315335481899e-01	1.625682787369566451e-01	-1.401649426065798842e-01	1.847441219134701162e-01	-1.296992645292989743e-01	1.197256336154312734e-01	-1.298649951009825387e-01	1.588846932913076937e-01	-1.675961499908091290e-01	1.236814612631248755e-01	-1.240271395039124896e-01	1.324049312064913275e-01
6.744472677489479762e-02	-7.608378231467598229e-02	8.177721922759519091e-02	-6.623203979434723332e-02	7.254584095935956434e-02	-5.808092832121736909e-02	7.640222264668165841e-02	-7.725077756932723083e-02	1.943271179500085377e-01	-1.511400535505752762e-01	1.676184180693972292e-01	-1.411213320590404274e-01	1.781276013459984764e-01	-7.376986884497163111e-01	2.324848278583923622e-01	-1.459195963935977503e-01	1.721312788126024007e-01	-3.387106315335481899e-01	1.000000000000003553e+00	-3.945849602151945135e-01	8.292997053309034139e-02	-1.306968155096629447e-01	1.303220542161709627e-01	-1.562856080362282907e-01	1.902983515664572467e-01	-1.033013037972774495e-01	1.144805787069828051e-01	-1.251934416012087103e-01	1.281655284880141299e-01	-1.867556337850728998e-01
-6.022178612328939890e-02	6.784324774323145790e-02	-1.082530444035999795e-01	8.962391182070815476e-02	-1.038003375291061681e-01	5.115302820241441478e-02	-6.814541247468233753e-02	9.690704217564730105e-02	-2.746525010985929049e-01	2.159057382965518801e-01	-1.448557710216886174e-01	1.067339873278001228e-01	-1.288427378862594952e-01	2.675341271170939561e-01	-5.259060786357038220e-01	1.183700391473988117e-01	-1.296402810110347803e-01	1.625682787369566451e-01	-3.945849602151945135e-01	1.000000000000002665e+00	-7.389120791533805577e-02	1.298207300392791308e-01	-1.583567117834078219e-01	1.759168612880835092e-01	-5.286593003293444948e-01	9.297148071303582006e-02	-1.221347459825242038e-01	1.504927495788673797e-01	-1.735009599663027147e-01	2.696049518842805748e-01
7.473708596502316726e-02	-6.820176608808806162e-02	3.830366644596638892e-02	-2.454318463156465388e-02	2.770060607819433904e-02	-6.388153869858702316e-02	7.033600654285795950e-02	-3.536431005630865515e-02	6.400940522206685634e-02	-4.606842232147734945e-02	2.107079226892612511e-01	-1.254895419908159393e-01	1.241750412246747509e-01	-8.472128830080195849e-02	7.527883929456107015e-02	-4.249178120360700417e-01	2.004410298765758047e-01	-1.401649426065798842e-01	8.292997053309034139e-02	-7.389120791533805577e-02	1.000000000000002665e+00	-2.159885932407634990e-01	8.069235978688522881e-02	-7.230949588055791966e-02	7.177065379210770257e-02	-8.258122101866394171e-01	1.635374182149433586e-01	-9.424796668655893717e-02	8.962683562516156333e-02	-7.864427892852619839e-02
-7.475605680609470616e-02	7.600071518335836662e-02	-5.704053900209834355e-02	3.959896197501076853e-02	-4.541350216651796057e-02	6.405610327449083596e-02	-7.736007173070949539e-02	5.161544546410227335e-02	-1.097343246217409446e-01	7.816735613859832066e-02	-1.950057447868133453e-01	1.478406904252541898e-01	-1.511185295137200679e-01	1.274439613487198253e-01	-1.346348703450451489e-01	2.130658490632912072e-01	-3.197009643270066759e-01	1.847441219134701162e-01	-1.306968155096629447e-01	1.298207300392791308e-01	-2.159885932407634990e-01	1.000000000000002442e+00	-2.295233454611020907e-01	1.713103596597614076e-01	-1.528424802546026473e-01	1.985162628111823424e-01	-7.611642990341686010e-01	2.535459370598487916e-01	-2.433885501416035158e-01	1.626424403089855308e-01
4.446692508818171630e-02	-4.860578225875625269e-02	4.693909838296476261e-02	-3.525091724773855156e-02	4.026182751697274242e-02	-3.831627632235153763e-02	4.837009236824368202e-02	-4.261110583716950367e-02	9.975361662890418202e-02	-7.467898142543218098e-02	1.110149508870414414e-01	-8.660905326088129408e-02	9.356259946796673110e-02	-1.284554785961213585e-01	1.298373677221196787e-01	-1.123022189488852435e-01	1.178788868795885292e-01	-1.296992645292989743e-01	1.303220542161709627e-01	-1.583567117834078219e-01	8.069235978688522881e-02	-2.295233454611020907e-01	1.000000000000002665e+00	-7.971554840924642837e-01	2.080916238301008248e-01	-1.006349252251987347e-01	1.933502182335047892e-01	-3.933564219854794874e-01	2.633633070782522290e-01	-2.323488795952174391e-01
-4.526382763478528637e-02	4.865305977995845743e-02	-5.374704307665403163e-02	4.079852378446140182e-02	-4.707689756646735169e-02	3.863295137367694226e-02	-4.895731362199790687e-02	4.810646680056587798e-02	-1.180519389375817157e-01	8.612588005026999838e-02	-1.122430762139975391e-01	8.300325843182286556e-02	-9.347407972095791995e-02	1.357306843951709696e-01	-1.571453495123776856e-01	1.024212764344287624e-01	-1.105005720906853534e-01	1.197256336154312734e-01	-1.562856080362282907e-01	1.759168612880835092e-01	-7.230949588055791966e-02	1.713103596597614076e-01	-7.971554840924642837e-01	1.000000000000003109e+00	-3.090796674887762996e-01	8.861597912154518808e-02	-1.737095767169032356e-01	2.623332827617831930e-01	-3.408959114646860078e-01	2.345217645088795710e-01
4.843676006657986199e-02	-5.491811394808352592e-02	6.856115588925998372e-02	-5.507987811046772403e-02	6.259099908241080867e-02	-4.152186979998215288e-02	5.426715605161245431e-02	-6.257052467605293822e-02	1.570817762246018712e-01	-1.274048636997884287e-01	1.168890350183658527e-01	-8.873616352075863745e-02	9.861667321078898540e-02	-1.852242223026450696e-01	2.318049465753230509e-01	-1.080099206182597582e-01	1.103536932376521784e-01	-1.298649951009825387e-01	1.902983515664572467e-01	-5.286593003293444948e-01	7.177065379210770257e-02	-1.528424802546026473e-01	2.080916238301008248e-01	-3.090796674887762996e-01	1.000000000000003331e+00	-9.200053735848304215e-02	1.381732362684079674e-01	-2.177362610372577389e-01	2.407558334489243723e-01	-6.440429041651875020e-01
-1.054921114419641592e-01	8.789960235559539370e-02	-5.089959011066155781e-02	3.232471901480785809e-02	-3.671728611598817221e-02	8.766040473849422143e-02	-9.353427693521022823e-02	4.646211166450894131e-02	-8.470657750631976901e-02	6.020346611795196479e-02	-2.945829253587010088e-01	1.518845318426193525e-01	-1.598501633057458626e-01	1.040574992973331142e-01	-9.930614577481368388e-02	2.807369935078553591e-01	-2.321311301638403768e-01	1.588846932913076937e-01	-1.033013037972774495e-01	9.297148071303582006e-02	-8.258122101866394171e-01	1.985162628111823424e-01	-1.006349252251987347e-01	8.861597912154518808e-02	-9.200053735848304215e-02	1.000000000000003553e+00	-2.086192528297228233e-01	1.142045646186660296e-01	-1.149262133196140845e-01	9.809270505010181385e-02
6.134560037227014540e-02	-6.664632130382580621e-02	4.832001850040960889e-02	-3.399875369110770540e-02	3.862784066744434641e-02	-5.343604506195470671e-02	6.580237053058894670e-02	-4.431863598815319327e-02	9.297627569552038840e-02	-6.817653570003612273e-02	1.571508756335761869e-01	-1.286264128954805741e-01	1.238512103628847116e-01	-1.180193182013808961e-01	1.149816966030113435e-01	-1.964985927854421832e-01	2.023070236823618639e-01	-1.675961499908091290e-01	1.144805787069828051e-01	-1.221347459825242038e-01	1.635374182149433586e-01	-7.611642990341686010e-01	1.933502182335047892e-01	-1.737095767169032356e-01	1.381732362684079674e-01	-2.086192528297228233e-01	1.000000000000003553e+00	-4.282738174102523887e-01	2.289817982961672715e-01	-1.726676254519817766e-01
-5.058554395960918049e-02	5.364746964508555760e-02	-5.531492411572679763e-02	4.110423493487515290e-02	-4.762494677985171926e-02	4.321203143961049875e-02	-5.397920984029921931e-02	4.929940918369060676e-02	-1.184596712626482529e-01	8.435907853377569432e-02	-1.266745325185252846e-01	9.305216905735594346e-02	-9.930463932568653340e-02	1.210401632517209003e-01	-1.532919011068482884e-01	1.229215396059285675e-01	-1.322859716846117306e-01	1.236814612631248755e-01	-1.251934416012087103e-01	1.504927495788673797e-01	-9.424796668655893717e-02	2.535459370598487916e-01	-3.933564219854794874e-01	2.623332827617831930e-01	-2.177362610372577389e-01	1.142045646186660296e-01	-4.282738174102523887e-01	1.000000000000003109e+00	-6.630809117392695295e-01	2.465161709277812196e-01
4.775809007380436844e-02	-5.228086606300742095e-02	5.294243366108337956e-02	-3.989713285671644960e-02	4.581878199994048745e-02	-4.110613579086899727e-02	5.193455165595346756e-02	-4.773851755060276592e-02	1.137088703874988282e-01	-8.421515425125165877e-02	1.187110768445650277e-01	-9.128771536477867099e-02	9.530803436507749582e-02	-1.283878741357242781e-01	1.495435560323786495e-01	-1.230674351094768609e-01	1.232252587853959330e-01	-1.240271395039124896e-01	1.281655284880141299e-01	-1.735009599663027147e-01	8.962683562516156333e-02	-2.433885501416035158e-01	2.633633070782522290e-01	-3.408959114646860078e-01	2.407558334489243723e-01	-1.149262133196140845e-01	2.289817982961672715e-01	-6.630809117392695295e-01	1.000000000000003109e+00	-4.820433928131661050e-01
-5.707397420361626228e-02	6.210662207014352315e-02	-8.563908711223100489e-02	6.626180478123745721e-02	-7.751401726833220818e-02	4.832244249891585325e-02	-6.268517259788858320e-02	7.526556535936917980e-02	-1.970566821878162733e-01	1.397446244696162743e-01	-1.376607250441996277e-01	9.741354187428377664e-02	-1.100732910582034596e-01	1.708315354392678231e-01	-2.737538100178327216e-01	1.161898399031089379e-01	-1.219592728934275061e-01	1.324049312064913275e-01	-1.867556337850728998e-01	2.696049518842805748e-01	-7.864427892852619839e-02	1.626424403089855308e-01	-2.323488795952174391e-01	2.345217645088795710e-01	-6.440429041651875020e-01	9.809270505010181385e-02	-1.726676254519817766e-01	2.465161709277812196e-01	-4.820433928131661050e-01	1.000000000000003109e+00
