1.000000000000000000e+00	-6.137884750058637540e-01	2.465328649214342527e-01	-1.631120326405969823e-01	1.103851682575958254e-01	-5.654185363024144539e-01	2.974533280973996052e-01	-2.530084173286616944e-01	1.444648014650941892e-01	-1.113669917057545228e-01	2.422267186551304574e-01	-2.693977745717824890e-01	1.654371381606006552e-01	-1.475686566727922033e-01	1.463411776608551929e-01	-1.997050781649354900e-01	1.504021964022625169e-01	-1.576326942342483883e-01	1.192313716461058382e-01	-9.935873150362158068e-02	7.675784216710841712e-02	-1.346934501008034135e-01	1.063796521908857429e-01	-1.006351779312868872e-01	1.054204539190590623e-01	-7.798742146542575471e-02	9.125608866519306639e-02	-9.962331702505682063e-02	6.589257548688579047e-02	-7.488448939822985040e-02
-6.137884750058637540e-01	1.000000000000000222e+00	-5.003225992447952741e-01	1.859987142754618294e-01	-1.341714237744173477e-01	2.689832068443749891e-01	-4.468802198072552301e-01	2.794753404525607832e-01	-1.717353926246255325e-01	1.200955314048315348e-01	-1.925198465727954722e-01	1.993680065834158577e-01	-1.643216496416644856e-01	1.404350057739313928e-01	-1.405422430568182557e-01	1.522543217231516199e-01	-1.241125183340739679e-01	1.365567073825561806e-01	-1.096767305092022221e-01	8.971657579148387129e-02	-6.360332592541159680e-02	1.107219652287233513e-01	-9.301281053244463137e-02	8.868199419968249286e-02	-9.559143113286996951e-02	6.434280433241494623e-02	-7.800185339469202506e-02	8.459996388562222858e-02	-5.745875435269434672e-02	6.450927299486496069e-02
2.465328649214342527e-01	-5.003225992447952741e-01	1.000000000000000222e+00	-3.986163333781826967e-01	1.864485558137316534e-01	-2.139616771296090902e-01	2.853642078591815401e-01	-6.013450648371366780e-01	2.427494368315978590e-01	-1.791274744250780093e-01	1.513688000836961589e-01	-1.829029025500783223e-01	1.985593983055717882e-01	-1.814275519210424015e-01	1.548983845872085319e-01	-1.620139587910496282e-01	1.274320768919694757e-01	-1.604567954784397732e-01	1.247929965855632123e-01	-1.019306369684738478e-01	6.874095005275736303e-02	-1.225108949545620218e-01	1.029817844956909395e-01	-1.007472289469943244e-01	1.045378277587243887e-01	-7.060228482548852602e-02	8.443529830375980094e-02	-9.436412270743591013e-02	6.371717150718096689e-02	-7.223010748445918283e-02
-1.631120326405969823e-01	1.859987142754618294e-01	-3.986163333781826967e-01	1.000000000000000222e+00	-5.289866758193203511e-01	1.320755604149312923e-01	-1.916921761548698311e-01	2.499591976467263887e-01	-5.979952242550992114e-01	3.091468295260977328e-01	-1.098410667538470692e-01	1.266365347195989588e-01	-1.828330958911652815e-01	1.941851972867684739e-01	-1.726203806463856016e-01	1.260208807662858144e-01	-1.035784724369432086e-01	1.339155005655460473e-01	-1.277230889320754847e-01	1.003841009631895459e-01	-5.909718470572818821e-02	1.048267672800726608e-01	-9.479510403692130438e-02	9.475525406582609167e-02	-1.031189474913474929e-01	6.069630574476542195e-02	-7.553384498195736541e-02	8.407230284343221449e-02	-5.923089385442505128e-02	6.610148941093355046e-02
1.103851682575958254e-01	-1.341714237744173477e-01	1.864485558137316534e-01	-5.289866758193203511e-01	1.000000000000000666e+00	-1.014332411900904229e-01	1.328034267528860057e-01	-1.866927622490229532e-01	3.101053175425999009e-01	-7.468091035897465035e-01	8.207025837151929459e-02	-9.843302146735014024e-02	1.301321352070657633e-01	-1.495914866050308545e-01	1.270503216016238002e-01	-1.023868167597963980e-01	8.079248627463461729e-02	-1.054842453836032506e-01	9.547848397709529644e-02	-7.856149874867186800e-02	4.735131736859834323e-02	-8.517445060760625575e-02	7.385169110800721137e-02	-7.449550694692375075e-02	7.876963922384050409e-02	-4.913670776593271478e-02	5.974544094852079351e-02	-6.747142546821396913e-02	4.660996705825663083e-02	-5.276571320265842358e-02
-5.654185363024144539e-01	2.689832068443749891e-01	-2.139616771296090902e-01	1.320755604149312923e-01	-1.014332411900904229e-01	1.000000000000001554e+00	-4.337935482717535929e-01	2.111239917517290787e-01	-1.341007364927214174e-01	9.613289518589217264e-02	-5.467030042759940534e-01	2.906902903211859290e-01	-1.660387298209690110e-01	1.367996637375979430e-01	-1.493737195677007634e-01	1.857136999035718106e-01	-1.590220655362105107e-01	1.484604605278297407e-01	-1.168116208532384986e-01	9.553876186807219728e-02	-7.297666186393364507e-02	1.231647424068739449e-01	-1.029613989641912641e-01	9.544385871777079366e-02	-1.050993081605186563e-01	7.211596197362045435e-02	-8.829882047122071531e-02	9.269533701021273608e-02	-6.291232164280205486e-02	6.996709003188700260e-02
2.974533280973996052e-01	-4.468802198072552301e-01	2.853642078591815401e-01	-1.916921761548698311e-01	1.328034267528860057e-01	-4.337935482717535929e-01	1.000000000000000666e+00	-4.942204232962580379e-01	1.838505997792019564e-01	-1.369570999058348504e-01	2.638554478281084914e-01	-4.004116883215851908e-01	2.173129056899752443e-01	-1.862439006643707706e-01	1.757517419852787366e-01	-2.322181640481112697e-01	1.853528551215465336e-01	-1.977289416001987710e-01	1.446650937719503038e-01	-1.190223081580887854e-01	8.965562778319316473e-02	-1.572994588908215308e-01	1.268911568838970161e-01	-1.204828616989522677e-01	1.253078366610367866e-01	-9.079711128035643231e-02	1.070202209771031754e-01	-1.171786441226444209e-01	7.784855190761495736e-02	-8.820645879567076686e-02
-2.530084173286616944e-01	2.794753404525607832e-01	-6.013450648371366780e-01	2.499591976467263887e-01	-1.866927622490229532e-01	2.111239917517290787e-01	-4.942204232962580379e-01	1.000000000000001110e+00	-3.151100062029750237e-01	1.735444511147558322e-01	-1.729885664243915877e-01	2.017038742384929528e-01	-3.255291573868523414e-01	2.107978757130961334e-01	-1.862181651769481694e-01	1.725437983611391446e-01	-1.471060076140518758e-01	1.870009489324417351e-01	-1.480595101898092847e-01	1.166513321316223484e-01	-7.584772224560186460e-02	1.334104937848976380e-01	-1.184638729378917343e-01	1.145462849808809302e-01	-1.215309573769120521e-01	7.708285567702748142e-02	-9.487698006191860878e-02	1.046606145252245712e-01	-7.201804731049467334e-02	8.051473806955369850e-02
1.444648014650941892e-01	-1.717353926246255325e-01	2.427494368315978590e-01	-5.979952242550992114e-01	3.101053175425999009e-01	-1.341007364927214174e-01	1.838505997792019564e-01	-3.151100062029750237e-01	1.000000000000000666e+00	-5.268270848768957793e-01	1.111349522070394363e-01	-1.349802219043644558e-01	2.043007448655725367e-01	-3.193922406809474035e-01	1.871951664031654139e-01	-1.410687946248826707e-01	1.134465141976132435e-01	-1.550691727798339248e-01	1.464083281163763295e-01	-1.153520218106326156e-01	6.565659999524457724e-02	-1.183844500158002799e-01	1.056129749658357153e-01	-1.094752905969094275e-01	1.128855638805085215e-01	-6.802757065098943845e-02	8.329544399142480016e-02	-9.500355199061025213e-02	6.627907408293964853e-02	-7.486364177429494227e-02
-1.113669917057545228e-01	1.200955314048315348e-01	-1.791274744250780093e-01	3.091468295260977328e-01	-7.468091035897465035e-01	9.613289518589217264e-02	-1.369570999058348504e-01	1.735444511147558322e-01	-5.268270848768957793e-01	1.000000000000001776e+00	-8.276472966474208992e-02	9.635239413561731692e-02	-1.461539543976945743e-01	1.656483035609414012e-01	-1.518769756506902768e-01	1.013167033574754322e-01	-8.289462107235669175e-02	1.089885810808356170e-01	-1.075939156506043742e-01	8.577205776282767480e-02	-4.863259184660508744e-02	8.671881526498170789e-02	-7.873219792067386036e-02	7.951851636847095950e-02	-8.696677829090403156e-02	5.019099747192911493e-02	-6.259521682799826237e-02	7.003942287262725219e-02	-4.959975625572884961e-02	5.543311773117310520e-02
2.422267186551304574e-01	-1.925198465727954722e-01	1.513688000836961589e-01	-1.098410667538470692e-01	8.207025837151929459e-02	-5.467030042759940534e-01	2.638554478281084914e-01	-1.729885664243915877e-01	1.111349522070394363e-01	-8.276472966474208992e-02	1.000000000000001998e+00	-6.759602662030675946e-01	1.731481013262093360e-01	-1.407523736991554697e-01	1.486169334604351688e-01	-2.773369355379727286e-01	2.141392543468171594e-01	-1.774234139588689585e-01	1.236351084691066637e-01	-9.991511012603120079e-02	8.542753711540218564e-02	-1.429516375812166507e-01	1.130089799290020236e-01	-1.031218066888234947e-01	1.091313617288709598e-01	-8.301653399486473572e-02	9.742233539294097022e-02	-1.020511201912253918e-01	6.746443178360850279e-02	-7.530366840728910938e-02
-2.693977745717824890e-01	1.993680065834158577e-01	-1.829029025500783223e-01	1.266365347195989588e-01	-9.843302146735014024e-02	2.906902903211859290e-01	-4.004116883215851908e-01	2.017038742384929528e-01	-1.349802219043644558e-01	9.635239413561731692e-02	-6.759602662030675946e-01	1.000000000000001554e+00	-2.464073251588246583e-01	1.693777930743856353e-01	-1.862501045856629900e-01	2.618375937613010018e-01	-3.473481724564740358e-01	2.118404818517302945e-01	-1.525391824230057647e-01	1.192658314160275207e-01	-9.683721778026455063e-02	1.593096544711372353e-01	-1.358323823373406292e-01	1.216648324703077100e-01	-1.328250975358527264e-01	9.207683217683429455e-02	-1.142938763972899258e-01	1.167206490051833634e-01	-7.921864515868355661e-02	8.679314677810802403e-02
1.654371381606006552e-01	-1.643216496416644856e-01	1.985593983055717882e-01	-1.828330958911652815e-01	1.301321352070657633e-01	-1.660387298209690110e-01	2.173129056899752443e-01	-3.255291573868523414e-01	2.043007448655725367e-01	-1.461539543976945743e-01	1.731481013262093360e-01	-2.464073251588246583e-01	1.000000000000001776e+00	-5.601345705915291573e-01	2.772574507273554700e-01	-2.763084461825293658e-01	2.368038661736467376e-01	-5.235996724722434825e-01	2.587922206050037865e-01	-1.964756821474396009e-01	1.187958307099072908e-01	-2.171244917277573849e-01	2.017265250990440684e-01	-2.019272933947974247e-01	1.881288025617973703e-01	-1.220335880114579857e-01	1.475103592563678234e-01	-1.738300385653998581e-01	1.164146625456181500e-01	-1.316023280404487461e-01
-1.475686566727922033e-01	1.404350057739313928e-01	-1.814275519210424015e-01	1.941851972867684739e-01	-1.495914866050308545e-01	1.367996637375979430e-01	-1.862439006643707706e-01	2.107978757130961334e-01	-3.193922406809474035e-01	1.656483035609414012e-01	-1.407523736991554697e-01	1.693777930743856353e-01	-5.601345705915291573e-01	1.000000000000001110e+00	-4.976035271290563666e-01	2.081865372782881751e-01	-1.823531359184728251e-01	2.770635581239381251e-01	-3.969163164735921567e-01	2.327290812334005810e-01	-1.069185510944610090e-01	1.929653673800938163e-01	-1.967660395410479324e-01	2.136962670730483405e-01	-2.208182302313632106e-01	1.104512193962480932e-01	-1.406503938022774514e-01	1.628344307753429865e-01	-1.208035592729131136e-01	1.327703704826785347e-01
1.463411776608551929e-01	-1.405422430568182557e-01	1.548983845872085319e-01	-1.726203806463856016e-01	1.270503216016238002e-01	-1.493737195677007634e-01	1.757517419852787366e-01	-1.862181651769481694e-01	1.871951664031654139e-01	-1.518769756506902768e-01	1.486169334604351688e-01	-1.862501045856629900e-01	2.772574507273554700e-01	-4.976035271290563666e-01	1.000000000000001998e+00	-2.933707063606416643e-01	2.107632931913544505e-01	-3.087594242256824217e-01	2.988640445543529478e-01	-4.933051281125722665e-01	1.537991455959289155e-01	-3.002316983765348501e-01	2.351350737526453905e-01	-2.672919801675009421e-01	2.903426883119868962e-01	-1.698230411993763012e-01	1.924150814233080986e-01	-2.428147145041869570e-01	1.647008582236328955e-01	-2.030494120401282465e-01
-1.997050781649354900e-01	1.522543217231516199e-01	-1.620139587910496282e-01	1.260208807662858144e-01	-1.023868167597963980e-01	1.857136999035718106e-01	-2.322181640481112697e-01	1.725437983611391446e-01	-1.410687946248826707e-01	1.013167033574754322e-01	-2.773369355379727286e-01	2.618375937613010018e-01	-2.763084461825293658e-01	2.081865372782881751e-01	-2.933707063606416643e-01	1.000000000000001110e+00	-6.895800860680906252e-01	2.925910454080832834e-01	-2.340140947588474074e-01	1.776988992354497365e-01	-2.114649614026826163e-01	2.471176274064555978e-01	-2.183246133541015266e-01	1.818280150377401816e-01	-2.154422496674270882e-01	1.632851623989689804e-01	-2.029791458723617104e-01	1.797718191283324274e-01	-1.235473152992635076e-01	1.295953735930552297e-01
1.504021964022625169e-01	-1.241125183340739679e-01	1.274320768919694757e-01	-1.035784724369432086e-01	8.079248627463461729e-02	-1.590220655362105107e-01	1.853528551215465336e-01	-1.471060076140518758e-01	1.134465141976132435e-01	-8.289462107235669175e-02	2.141392543468171594e-01	-3.473481724564740358e-01	2.368038661736467376e-01	-1.823531359184728251e-01	2.107632931913544505e-01	-6.895800860680906252e-01	1.000000000000001554e+00	-4.720511014940199090e-01	1.966100389248839342e-01	-1.452659644982442488e-01	1.487836656594599127e-01	-2.629862907370746350e-01	1.900170473544427474e-01	-1.611059169920916745e-01	1.630668345521890938e-01	-1.329069972758062101e-01	1.557954702106911782e-01	-1.551372726801413249e-01	1.007484600391085894e-01	-1.087053706631384981e-01
-1.576326942342483883e-01	1.365567073825561806e-01	-1.604567954784397732e-01	1.339155005655460473e-01	-1.054842453836032506e-01	1.484604605278297407e-01	-1.977289416001987710e-01	1.870009489324417351e-01	-1.550691727798339248e-01	1.089885810808356170e-01	-1.774234139588689585e-01	2.118404818517302945e-01	-5.235996724722434825e-01	2.770635581239381251e-01	-3.087594242256824217e-01	2.925910454080832834e-01	-4.720511014940199090e-01	1.000000000000002442e+00	-3.853271458211776079e-01	2.100838531345508020e-01	-1.390363775989076900e-01	2.369687086340055149e-01	-3.271977711086347940e-01	2.402865951684013401e-01	-2.319040631983554368e-01	1.334933919317490003e-01	-1.805277800105259678e-01	1.986607768435174060e-01	-1.381594420165969950e-01	1.444474761570259114e-01
1.192313716461058382e-01	-1.096767305092022221e-01	1.247929965855632123e-01	-1.277230889320754847e-01	9.547848397709529644e-02	-1.168116208532384986e-01	1.446650937719503038e-01	-1.480595101898092847e-01	1.464083281163763295e-01	-1.075939156506043742e-01	1.236351084691066637e-01	-1.525391824230057647e-01	2.587922206050037865e-01	-3.969163164735921567e-01	2.988640445543529478e-01	-2.340140947588474074e-01	1.966100389248839342e-01	-3.853271458211776079e-01	1.000000000000002442e+00	-4.191390593291031696e-01	1.309054190022986564e-01	-2.509953573448840958e-01	2.752158572201913178e-01	-5.480259606042602316e-01	2.941830309358282602e-01	-1.379573977928981454e-01	1.757971462505640847e-01	-2.281724745363143403e-01	1.776999123408790904e-01	-1.993271439353866969e-01
-9.935873150362158068e-02	8.971657579148387129e-02	-1.019306369684738478e-01	1.003841009631895459e-01	-7.856149874867186800e-02	9.553876186807219728e-02	-1.190223081580887854e-01	1.166513321316223484e-01	-1.153520218106326156e-01	8.577205776282767480e-02	-9.991511012603120079e-02	1.192658314160275207e-01	-1.964756821474396009e-01	2.327290812334005810e-01	-4.933051281125722665e-01	1.776988992354497365e-01	-1.452659644982442488e-01	2.100838531345508020e-01	-4.191390593291031696e-01	1.000000000000002665e+00	-1.075830854023095556e-01	1.987539488190534775e-01	-2.077667841997871689e-01	2.618868673135861802e-01	-6.681205840779121941e-01	1.141169794445604790e-01	-1.491467812418181271e-01	1.798492175762159972e-01	-1.576313142218473407e-01	1.761272092952418378e-01
7.675784216710841712e-02	-6.360332592541159680e-02	6.874095005275736303e-02	-5.909718470572818821e-02	4.735131736859834323e-02	-7.297666186393364507e-02	8.965562778319316473e-02	-7.584772224560186460e-02	6.565659999524457724e-02	-4.863259184660508744e-02	8.542753711540218564e-02	-9.683721778026455063e-02	1.187958307099072908e-01	-1.069185510944610090e-01	1.537991455959289155e-01	-2.114649614026826163e-01	1.487836656594599127e-01	-1.390363775989076900e-01	1.309054190022986564e-01	-1.075830854023095556e-01	1.000000000000002665e+00	-4.891157049629989984e-01	1.833966856200012485e-01	-1.320830417013213465e-01	1.378094764850437137e-01	-7.581920435664881719e-01	2.721917565415298834e-01	-2.099768113119167001e-01	1.029037804117507171e-01	-1.108103154789677192e-01
-1.346934501008034135e-01	1.107219652287233513e-01	-1.225108949545620218e-01	1.048267672800726608e-01	-8.517445060760625575e-02	1.231647424068739449e-01	-1.572994588908215308e-01	1.334104937848976380e-01	-1.183844500158002799e-01	8.671881526498170789e-02	-1.429516375812166507e-01	1.593096544711372353e-01	-2.171244917277573849e-01	1.929653673800938163e-01	-3.002316983765348501e-01	2.471176274064555978e-01	-2.629862907370746350e-01	2.369687086340055149e-01	-2.509953573448840958e-01	1.987539488190534775e-01	-4.891157049629989984e-01	1.000000000000003331e+00	-4.296798321541926424e-01	2.405387456210985597e-01	-2.718532763908870220e-01	2.876938852456140117e-01	-4.190611110861650612e-01	2.805706092473083113e-01	-1.725784318883904211e-01	1.718792544411573142e-01
1.063796521908857429e-01	-9.301281053244463137e-02	1.029817844956909395e-01	-9.479510403692130438e-02	7.385169110800721137e-02	-1.029613989641912641e-01	1.268911568838970161e-01	-1.184638729378917343e-01	1.056129749658357153e-01	-7.873219792067386036e-02	1.130089799290020236e-01	-1.358323823373406292e-01	2.017265250990440684e-01	-1.967660395410479324e-01	2.351350737526453905e-01	-2.183246133541015266e-01	1.900170473544427474e-01	-3.271977711086347940e-01	2.752158572201913178e-01	-2.077667841997871689e-01	1.833966856200012485e-01	-4.296798321541926424e-01	1.000000000000002442e+00	-5.385339637428184778e-01	2.475899320524963809e-01	-1.912153910658098144e-01	2.630527181610495258e-01	-4.844502856956131032e-01	2.068921072409329320e-01	-2.140197024127673819e-01
-1.006351779312868872e-01	8.868199419968249286e-02	-1.007472289469943244e-01	9.475525406582609167e-02	-7.449550694692375075e-02	9.544385871777079366e-02	-1.204828616989522677e-01	1.145462849808809302e-01	-1.094752905969094275e-01	7.951851636847095950e-02	-1.031218066888234947e-01	1.216648324703077100e-01	-2.019272933947974247e-01	2.136962670730483405e-01	-2.672919801675009421e-01	1.818280150377401816e-01	-1.611059169920916745e-01	2.402865951684013401e-01	-5.480259606042602316e-01	2.618868673135861802e-01	-1.320830417013213465e-01	2.405387456210985597e-01	-5.385339637428184778e-01	1.000000000000002887e+00	-4.037925078309999583e-01	1.341581557507342537e-01	-1.986865590987725305e-01	2.508339831499391548e-01	-2.832557710013434704e-01	2.258215190971464004e-01
1.054204539190590623e-01	-9.559143113286996951e-02	1.045378277587243887e-01	-1.031189474913474929e-01	7.876963922384050409e-02	-1.050993081605186563e-01	1.253078366610367866e-01	-1.215309573769120521e-01	1.128855638805085215e-01	-8.696677829090403156e-02	1.091313617288709598e-01	-1.328250975358527264e-01	1.881288025617973703e-01	-2.208182302313632106e-01	2.903426883119868962e-01	-2.154422496674270882e-01	1.630668345521890938e-01	-2.319040631983554368e-01	2.941830309358282602e-01	-6.681205840779121941e-01	1.378094764850437137e-01	-2.718532763908870220e-01	2.475899320524963809e-01	-4.037925078309999583e-01	1.000000000000002665e+00	-1.527768134396558231e-01	1.866317628657603866e-01	-2.510310599640637186e-01	2.114809996977487505e-01	-2.944148500120698508e-01
-7.798742146542575471e-02	6.434280433241494623e-02	-7.060228482548852602e-02	6.069630574476542195e-02	-4.913670776593271478e-02	7.211596197362045435e-02	-9.079711128035643231e-02	7.708285567702748142e-02	-6.802757065098943845e-02	5.019099747192911493e-02	-8.301653399486473572e-02	9.207683217683429455e-02	-1.220335880114579857e-01	1.104512193962480932e-01	-1.698230411993763012e-01	1.632851623989689804e-01	-1.329069972758062101e-01	1.334933919317490003e-01	-1.379573977928981454e-01	1.141169794445604790e-01	-7.581920435664881719e-01	2.876938852456140117e-01	-1.912153910658098144e-01	1.341581557507342537e-01	-1.527768134396558231e-01	1.000000000000001776e+00	-4.758934589462919806e-01	2.178942074779258720e-01	-1.107538227475124010e-01	1.135214687348592710e-01
9.125608866519306639e-02	-7.800185339469202506e-02	8.443529830375980094e-02	-7.553384498195736541e-02	5.974544094852079351e-02	-8.829882047122071531e-02	1.070202209771031754e-01	-9.487698006191860878e-02	8.329544399142480016e-02	-6.259521682799826237e-02	9.742233539294097022e-02	-1.142938763972899258e-01	1.475103592563678234e-01	-1.406503938022774514e-01	1.924150814233080986e-01	-2.029791458723617104e-01	1.557954702106911782e-01	-1.805277800105259678e-01	1.757971462505640847e-01	-1.491467812418181271e-01	2.721917565415298834e-01	-4.190611110861650612e-01	2.630527181610495258e-01	-1.986865590987725305e-01	1.866317628657603866e-01	-4.758934589462919806e-01	1.000000000000002665e+00	-6.129675386087782840e-01	1.877749998825312960e-01	-2.108307207737845079e-01
-9.962331702505682063e-02	8.459996388562222858e-02	-9.436412270743591013e-02	8.407230284343221449e-02	-6.747142546821396913e-02	9.269533701021273608e-02	-1.171786441226444209e-01	1.046606145252245712e-01	-9.500355199061025213e-02	7.003942287262725219e-02	-1.020511201912253918e-01	1.167206490051833634e-01	-1.738300385653998581e-01	1.628344307753429865e-01	-2.428147145041869570e-01	1.797718191283324274e-01	-1.551372726801413249e-01	1.986607768435174060e-01	-2.281724745363143403e-01	1.798492175762159972e-01	-2.099768113119167001e-01	2.805706092473083113e-01	-4.844502856956131032e-01	2.508339831499391548e-01	-2.510310599640637186e-01	2.178942074779258720e-01	-6.129675386087782840e-01	1.000000000000002220e+00	-3.259614057090094996e-01	2.368304736911720498e-01
6.589257548688579047e-02	-5.745875435269434672e-02	6.371717150718096689e-02	-5.923089385442505128e-02	4.660996705825663083e-02	-6.291232164280205486e-02	7.784855190761495736e-02	-7.201804731049467334e-02	6.627907408293964853e-02	-4.959975625572884961e-02	6.746443178360850279e-02	-7.921864515868355661e-02	1.164146625456181500e-01	-1.208035592729131136e-01	1.647008582236328955e-01	-1.235473152992635076e-01	1.007484600391085894e-01	-1.381594420165969950e-01	1.776999123408790904e-01	-1.576313142218473407e-01	1.029037804117507171e-01	-1.725784318883904211e-01	2.068921072409329320e-01	-2.832557710013434704e-01	2.114809996977487505e-01	-1.107538227475124010e-01	1.877749998825312960e-01	-3.259614057090094996e-01	1.000000000000002442e+00	-8.432980500578957095e-01
-7.488448939822985040e-02	6.450927299486496069e-02	-7.223010748445918283e-02	6.610148941093355046e-02	-5.276571320265842358e-02	6.996709003188700260e-02	-8.820645879567076686e-02	8.051473806955369850e-02	-7.486364177429494227e-02	5.543311773117310520e-02	-7.530366840728910938e-02	8.679314677810802403e-02	-1.316023280404487461e-01	1.327703704826785347e-01	-2.030494120401282465e-01	1.295953735930552297e-01	-1.087053706631384981e-01	1.444474761570259114e-01	-1.993271439353866969e-01	1.761272092952418378e-01	-1.108103154789677192e-01	1.718792544411573142e-01	-2.140197024127673819e-01	2.258215190971464004e-01	-2.944148500120698508e-01	1.135214687348592710e-01	-2.108307207737845079e-01	2.368304736911720498e-01	-8.432980500578957095e-01	1.000000000000002442e+00
