1.000000000000000222e+00	-1.620773510935988315e-01	1.397847335492772847e-01	-1.127605248243152836e-01	8.451470104750467838e-02	-8.190494733399167337e-01	1.885043674170839567e-01	-1.728542089853713770e-01	1.242307444474304995e-01	-9.327616725033829881e-02	2.702417582680918251e-01	-2.132978598307316842e-01	1.376320801766399149e-01	-1.266962201317211045e-01	1.063052878961312231e-01	-3.355333987315753386e-01	1.812229094770071436e-01	-1.417202993835927349e-01	1.311073525437625176e-01	-1.578160817383124914e-01	9.527498805682016458e-02	-1.148010736760057271e-01	1.163849086147123874e-01	-1.088517766680579812e-01	7.941832091172115748e-02	-7.228903494683713848e-02	1.035920996056659688e-01	-9.688490793655202271e-02	7.016564984538933847e-02	-1.004715132240056735e-01
-1.620773510935988315e-01	1.000000000000000000e+00	-6.295660685908763821e-01	1.158691571205565096e-01	-8.697736853500494247e-02	1.400331896416160959e-01	-6.655196057747552185e-01	2.956456526167879906e-01	-1.509120547478650931e-01	9.040302953618532811e-02	-1.014249841178959527e-01	1.801728773112755699e-01	-1.344410681299415822e-01	1.263434354290340345e-01	-1.010216935079288614e-01	1.003482499183551702e-01	-1.375022463544487705e-01	1.112071081669248063e-01	-1.073561788074611362e-01	1.131982530426158817e-01	-5.540760587552317346e-02	7.346055602856574329e-02	-7.998555984774252670e-02	6.735479443052251602e-02	-5.390628932724560868e-02	4.020822188014994136e-02	-6.737952761668149215e-02	5.860865896642730721e-02	-4.450212594666238392e-02	6.512655377272408286e-02
1.397847335492772847e-01	-6.295660685908763821e-01	1.000000000000000000e+00	-1.800826262922946841e-01	1.213268810592683239e-01	-1.320050483372207650e-01	3.212161149067802590e-01	-5.992392623829331244e-01	2.098954572931548690e-01	-1.312957500342622486e-01	1.029189178031680446e-01	-2.056282634312589508e-01	1.627713135028173996e-01	-1.804276174204865191e-01	1.357328923797926634e-01	-1.098333197169927000e-01	1.489333189374427158e-01	-1.419289194114695951e-01	1.353624700773587153e-01	-1.543738260924336081e-01	6.399904648568936760e-02	-8.673986153751532535e-02	9.517732566932064764e-02	-8.500667771418131402e-02	7.074800914525117279e-02	-4.691485739955802980e-02	7.876689600463582241e-02	-7.282929078913327747e-02	5.572653744449670293e-02	-8.648851586478659148e-02
-1.127605248243152836e-01	1.158691571205565096e-01	-1.800826262922946841e-01	1.000000000000000000e+00	-7.091546070760268439e-01	8.966377610641432239e-02	-1.549033520708947564e-01	1.947033365762546875e-01	-4.367478869122046192e-01	2.965087431969935516e-01	-8.901762578023349193e-02	1.621363397189025390e-01	-1.787489693233828836e-01	2.383872128551362268e-01	-3.257634343147978728e-01	9.365291381451784636e-02	-1.563033234761796730e-01	1.512229035587436821e-01	-1.836487153998460076e-01	1.903158517260649940e-01	-7.116349624992764078e-02	9.219735702197597027e-02	-1.091355710318476918e-01	9.334354251548726555e-02	-8.555179733680791376e-02	5.088602291468236755e-02	-8.911252394083218897e-02	7.875279854637685928e-02	-6.260786587436451001e-02	9.706236663021779176e-02
8.451470104750467838e-02	-8.697736853500494247e-02	1.213268810592683239e-01	-7.091546070760268439e-01	1.000000000000000444e+00	-7.009519892555356180e-02	1.111421092161062052e-01	-1.527527624786950422e-01	2.501721475680490081e-01	-5.496016080143336646e-01	7.043186682630486750e-02	-1.381211433123341326e-01	1.417640071770302490e-01	-2.131156303778849181e-01	2.729594446311625622e-01	-7.637973998153028965e-02	1.227801467803391472e-01	-1.298144654739704085e-01	1.476009836031575706e-01	-1.885586967976722317e-01	5.688890315255967084e-02	-7.562086042672394592e-02	8.863793974258538100e-02	-8.139735952688689768e-02	7.800477132422348192e-02	-4.118904506532900661e-02	7.166503285355335651e-02	-6.763787730541313825e-02	5.405681600702749029e-02	-9.152938169456707740e-02
-8.190494733399167337e-01	1.400331896416160959e-01	-1.320050483372207650e-01	8.966377610641432239e-02	-7.009519892555356180e-02	1.000000000000000222e+00	-2.169241688271583979e-01	1.449850354475057390e-01	-1.070413368742579030e-01	7.501387819325863737e-02	-4.028592147537682910e-01	1.793494316033842351e-01	-1.201721599768489079e-01	1.043122267231833267e-01	-8.827973918741639781e-02	2.580174502147186688e-01	-1.650662754596416704e-01	1.155963120316259723e-01	-1.097933082786127917e-01	1.196716849626514312e-01	-8.207147862686849094e-02	9.498063851515427258e-02	-9.824380079821865008e-02	8.438055846420113026e-02	-6.123734123321871586e-02	5.972670069788409836e-02	-8.886208503055775809e-02	7.572658948546150126e-02	-5.534620122328370861e-02	7.558936758213063989e-02
1.885043674170839567e-01	-6.655196057747552185e-01	3.212161149067802590e-01	-1.549033520708947564e-01	1.111421092161062052e-01	-2.169241688271583979e-01	1.000000000000000444e+00	-4.776706635670273648e-01	1.941984197658268019e-01	-1.224647489531217603e-01	1.371404126645240640e-01	-3.138824958951323407e-01	1.811351793956343381e-01	-1.764451650190560772e-01	1.321341188882950435e-01	-1.382121596483769921e-01	1.800937719507589019e-01	-1.536240594871116638e-01	1.417413093272819058e-01	-1.557930908091262057e-01	7.223261238925128558e-02	-9.810571157868315517e-02	1.047058297706568303e-01	-9.061112526063536121e-02	7.297957569282691181e-02	-5.289315304994644806e-02	8.786431904277972049e-02	-7.850439904714093253e-02	5.951695427733214028e-02	-8.905118652431145976e-02
-1.728542089853713770e-01	2.956456526167879906e-01	-5.992392623829331244e-01	1.947033365762546875e-01	-1.527527624786950422e-01	1.449850354475057390e-01	-4.776706635670273648e-01	1.000000000000000444e+00	-4.110046530853882496e-01	1.564385774196322410e-01	-1.216641245789306519e-01	2.241352092793719164e-01	-2.363453001889320726e-01	2.265319565789574996e-01	-1.761088196888509205e-01	1.230298953045413368e-01	-1.878198350279713380e-01	1.701366911639827784e-01	-1.717794047020452242e-01	1.706339063970653824e-01	-7.731341679311426462e-02	1.027332203159885549e-01	-1.154120371149884305e-01	9.661626841348192052e-02	-7.996754471162270672e-02	5.581726043703264667e-02	-9.543650234144476774e-02	8.319725140306147293e-02	-6.409341186373167243e-02	9.485769000743676793e-02
1.242307444474304995e-01	-1.509120547478650931e-01	2.098954572931548690e-01	-4.367478869122046192e-01	2.501721475680490081e-01	-1.070413368742579030e-01	1.941984197658268019e-01	-4.110046530853882496e-01	1.000000000000000444e+00	-3.212556948368365806e-01	1.054058489870018517e-01	-2.285986486066476087e-01	2.460505305235825557e-01	-5.675556919507251941e-01	2.721675856924205550e-01	-1.138164809634068658e-01	1.807939003042891291e-01	-2.074534894199709378e-01	2.106486894791651243e-01	-2.341482567595217779e-01	7.810403761759349139e-02	-1.070419167912188690e-01	1.218287353912693854e-01	-1.105519501566846752e-01	9.953778261117375570e-02	-5.695181289609918540e-02	9.813203111586749072e-02	-9.224207827284201799e-02	7.267475958368935229e-02	-1.185187147216231890e-01
-9.327616725033829881e-02	9.040302953618532811e-02	-1.312957500342622486e-01	2.965087431969935516e-01	-5.496016080143336646e-01	7.501387819325863737e-02	-1.224647489531217603e-01	1.564385774196322410e-01	-3.212556948368365806e-01	1.000000000000000666e+00	-7.656311115833744352e-02	1.446479437485201913e-01	-1.640779149405956761e-01	2.393749047765206805e-01	-6.528721795021266150e-01	8.137263803720132249e-02	-1.376962609833486950e-01	1.407156223663562078e-01	-1.754011829620455987e-01	2.043968136593394547e-01	-6.277267333959139772e-02	8.218006321081014476e-02	-9.788376335482057433e-02	8.629707168068014023e-02	-8.661644241873864281e-02	4.502986158957818230e-02	-7.909446089231944588e-02	7.166575967448497730e-02	-5.803790992025410767e-02	9.486496704293986837e-02
2.702417582680918251e-01	-1.014249841178959527e-01	1.029189178031680446e-01	-8.901762578023349193e-02	7.043186682630486750e-02	-4.028592147537682910e-01	1.371404126645240640e-01	-1.216641245789306519e-01	1.054058489870018517e-01	-7.656311115833744352e-02	1.000000000000001998e+00	-2.847377939886848175e-01	1.436283689914480688e-01	-1.129047374403182591e-01	9.233238866790634269e-02	-7.865689775116683213e-01	2.226021819266277013e-01	-1.443295259180036871e-01	1.227155720917610798e-01	-1.330480862075402726e-01	1.094085207385793596e-01	-1.216914267403625266e-01	1.137917510710763913e-01	-9.774209404802182422e-02	6.821729709704414668e-02	-8.275814952050042361e-02	1.063159991878738220e-01	-8.903021748668082935e-02	6.376189565899451073e-02	-8.457270186498971887e-02
-2.132978598307316842e-01	1.801728773112755699e-01	-2.056282634312589508e-01	1.621363397189025390e-01	-1.381211433123341326e-01	1.793494316033842351e-01	-3.138824958951323407e-01	2.241352092793719164e-01	-2.285986486066476087e-01	1.446479437485201913e-01	-2.847377939886848175e-01	1.000000000000000444e+00	-4.946229484179939795e-01	2.397584260119156319e-01	-1.886745481110018996e-01	2.339717847769940962e-01	-5.382846000383696428e-01	2.863457861514542846e-01	-2.480817813019536577e-01	2.189316389400924323e-01	-1.358904116403088225e-01	1.920845148559360005e-01	-1.983452565871937356e-01	1.460772449017290475e-01	-1.090692273608971641e-01	9.732363454919526480e-02	-1.689708358897636931e-01	1.301886496769514012e-01	-9.788052391031736021e-02	1.289628656495667158e-01
1.376320801766399149e-01	-1.344410681299415822e-01	1.627713135028173996e-01	-1.787489693233828836e-01	1.417640071770302490e-01	-1.201721599768489079e-01	1.811351793956343381e-01	-2.363453001889320726e-01	2.460505305235825557e-01	-1.640779149405956761e-01	1.436283689914480688e-01	-4.946229484179939795e-01	9.999999999999987788e-01	-4.782197679522035560e-01	2.058384150627826370e-01	-1.537773488378592346e-01	2.773575738228035159e-01	-5.373766130069991265e-01	2.718125912855949289e-01	-2.513694313234655087e-01	9.699964539787181428e-02	-1.442599238201560385e-01	1.574330207843578910e-01	-1.330530301671768445e-01	1.094251596864741355e-01	-7.136170803806737850e-02	1.225594764662770730e-01	-1.122112540211114701e-01	8.650368935747261567e-02	-1.308736111868908925e-01
-1.266962201317211045e-01	1.263434354290340345e-01	-1.804276174204865191e-01	2.383872128551362268e-01	-2.131156303778849181e-01	1.043122267231833267e-01	-1.764451650190560772e-01	2.265319565789574996e-01	-5.675556919507251941e-01	2.393749047765206805e-01	-1.129047374403182591e-01	2.397584260119156319e-01	-4.782197679522035560e-01	9.999999999999996669e-01	-4.049880941374739418e-01	1.182958714162240105e-01	-2.130490820168992883e-01	2.516657686164547880e-01	-3.155435984694347495e-01	2.433165677505822744e-01	-8.514257494486406064e-02	1.167607925452412709e-01	-1.359005670500188223e-01	1.168624027510790225e-01	-1.048215139578859700e-01	6.154490758871158929e-02	-1.075340644616365610e-01	9.690117658489053043e-02	-7.732683570644185989e-02	1.196155170665718359e-01
1.063052878961312231e-01	-1.010216935079288614e-01	1.357328923797926634e-01	-3.257634343147978728e-01	2.729594446311625622e-01	-8.827973918741639781e-02	1.321341188882950435e-01	-1.761088196888509205e-01	2.721675856924205550e-01	-6.528721795021266150e-01	9.233238866790634269e-02	-1.886745481110018996e-01	2.058384150627826370e-01	-4.049880941374739418e-01	9.999999999999998890e-01	-1.005824403013334117e-01	1.668423553735049192e-01	-1.904758892124962522e-01	2.241214797499031797e-01	-3.696723248202120060e-01	7.692027709412971315e-02	-1.031056500234855261e-01	1.221512961050744278e-01	-1.153788841280857513e-01	1.237630732667915900e-01	-5.574234212228764557e-02	9.760593098796695177e-02	-9.376755995790460319e-02	7.691053032848095550e-02	-1.393514727735982728e-01
-3.355333987315753386e-01	1.003482499183551702e-01	-1.098333197169927000e-01	9.365291381451784636e-02	-7.637973998153028965e-02	2.580174502147186688e-01	-1.382121596483769921e-01	1.230298953045413368e-01	-1.138164809634068658e-01	8.137263803720132249e-02	-7.865689775116683213e-01	2.339717847769940962e-01	-1.537773488378592346e-01	1.182958714162240105e-01	-1.005824403013334117e-01	1.000000000000000222e+00	-3.285852687573094233e-01	1.563837693449723343e-01	-1.389711699159572877e-01	1.401856342061459926e-01	-1.538759656662720687e-01	1.461706751565160223e-01	-1.379712504777639015e-01	1.098604071941251953e-01	-7.453023786748406987e-02	1.030119614715114817e-01	-1.355251409999789214e-01	1.017372262448388298e-01	-7.291357857297332823e-02	9.103800910164991378e-02
1.812229094770071436e-01	-1.375022463544487705e-01	1.489333189374427158e-01	-1.563033234761796730e-01	1.227801467803391472e-01	-1.650662754596416704e-01	1.800937719507589019e-01	-1.878198350279713380e-01	1.807939003042891291e-01	-1.376962609833486950e-01	2.226021819266277013e-01	-5.382846000383696428e-01	2.773575738228035159e-01	-2.130490820168992883e-01	1.668423553735049192e-01	-3.285852687573094233e-01	9.999999999999993339e-01	-4.391111469745602736e-01	2.516960432043376938e-01	-2.714146558692211442e-01	1.589284760255536555e-01	-3.650812478925447579e-01	2.361871467064606545e-01	-1.892045366320619093e-01	1.325121022386279712e-01	-1.233084639107971114e-01	2.045749521169030194e-01	-1.702253485877705530e-01	1.225210137176598879e-01	-1.643935963212238005e-01
-1.417202993835927349e-01	1.112071081669248063e-01	-1.419289194114695951e-01	1.512229035587436821e-01	-1.298144654739704085e-01	1.155963120316259723e-01	-1.536240594871116638e-01	1.701366911639827784e-01	-2.074534894199709378e-01	1.407156223663562078e-01	-1.443295259180036871e-01	2.863457861514542846e-01	-5.373766130069991265e-01	2.516657686164547880e-01	-1.904758892124962522e-01	1.563837693449723343e-01	-4.391111469745602736e-01	1.000000000000001554e+00	-5.434614666889224788e-01	2.662477909152260458e-01	-1.158481399871012646e-01	1.791030313013529107e-01	-2.210759491610510552e-01	1.569193643656282000e-01	-1.230157454109163107e-01	8.449239648993256413e-02	-1.501050231857604111e-01	1.316303865999981504e-01	-1.025961034705096531e-01	1.402699081786796254e-01
1.311073525437625176e-01	-1.073561788074611362e-01	1.353624700773587153e-01	-1.836487153998460076e-01	1.476009836031575706e-01	-1.097933082786127917e-01	1.417413093272819058e-01	-1.717794047020452242e-01	2.106486894791651243e-01	-1.754011829620455987e-01	1.227155720917610798e-01	-2.480817813019536577e-01	2.718125912855949289e-01	-3.155435984694347495e-01	2.241214797499031797e-01	-1.389711699159572877e-01	2.516960432043376938e-01	-5.434614666889224788e-01	1.000000000000000222e+00	-5.861702744985840541e-01	1.120714561924214397e-01	-1.610969026167387574e-01	1.912892786230949993e-01	-2.079144217564489749e-01	1.888544453245896704e-01	-8.238883222069576240e-02	1.451872510069730504e-01	-1.497732923343955969e-01	1.270090937834099654e-01	-2.198374850110469958e-01
-1.578160817383124914e-01	1.131982530426158817e-01	-1.543738260924336081e-01	1.903158517260649940e-01	-1.885586967976722317e-01	1.196716849626514312e-01	-1.557930908091262057e-01	1.706339063970653824e-01	-2.341482567595217779e-01	2.043968136593394547e-01	-1.330480862075402726e-01	2.189316389400924323e-01	-2.513694313234655087e-01	2.433165677505822744e-01	-3.696723248202120060e-01	1.401856342061459926e-01	-2.714146558692211442e-01	2.662477909152260458e-01	-5.861702744985840541e-01	1.000000000000002220e+00	-1.345851653642093360e-01	1.675601638562392581e-01	-2.183152782341900022e-01	1.975341273158145727e-01	-3.637137935074281070e-01	9.465196052815011418e-02	-1.727269161493304173e-01	1.539323399749385202e-01	-1.401964738234321994e-01	2.513256236989954706e-01
9.527498805682016458e-02	-5.540760587552317346e-02	6.399904648568936760e-02	-7.116349624992764078e-02	5.688890315255967084e-02	-8.207147862686849094e-02	7.223261238925128558e-02	-7.731341679311426462e-02	7.810403761759349139e-02	-6.277267333959139772e-02	1.094085207385793596e-01	-1.358904116403088225e-01	9.699964539787181428e-02	-8.514257494486406064e-02	7.692027709412971315e-02	-1.538759656662720687e-01	1.589284760255536555e-01	-1.158481399871012646e-01	1.120714561924214397e-01	-1.345851653642093360e-01	1.000000000000001776e+00	-3.197062012684717680e-01	1.955635633592551215e-01	-2.038713047975045933e-01	9.639228852797183944e-02	-8.060096744888960441e-01	3.027658131459568525e-01	-2.182221958349380153e-01	1.304711358962152568e-01	-1.241404585712966580e-01
-1.148010736760057271e-01	7.346055602856574329e-02	-8.673986153751532535e-02	9.219735702197597027e-02	-7.562086042672394592e-02	9.498063851515427258e-02	-9.810571157868315517e-02	1.027332203159885549e-01	-1.070419167912188690e-01	8.218006321081014476e-02	-1.216914267403625266e-01	1.920845148559360005e-01	-1.442599238201560385e-01	1.167607925452412709e-01	-1.031056500234855261e-01	1.461706751565160223e-01	-3.650812478925447579e-01	1.791030313013529107e-01	-1.610969026167387574e-01	1.675601638562392581e-01	-3.197062012684717680e-01	1.000000000000000666e+00	-5.616314209887832698e-01	2.343740180863281286e-01	-1.170214180661737630e-01	2.267446012868010174e-01	-5.492504550518206852e-01	2.401413528925323004e-01	-1.645449578347587261e-01	1.412080445693014719e-01
1.163849086147123874e-01	-7.998555984774252670e-02	9.517732566932064764e-02	-1.091355710318476918e-01	8.863793974258538100e-02	-9.824380079821865008e-02	1.047058297706568303e-01	-1.154120371149884305e-01	1.218287353912693854e-01	-9.788376335482057433e-02	1.137917510710763913e-01	-1.983452565871937356e-01	1.574330207843578910e-01	-1.359005670500188223e-01	1.221512961050744278e-01	-1.379712504777639015e-01	2.361871467064606545e-01	-2.210759491610510552e-01	1.912892786230949993e-01	-2.183152782341900022e-01	1.955635633592551215e-01	-5.616314209887832698e-01	1.000000000000001998e+00	-4.823108498257211996e-01	1.745444947143458547e-01	-1.606799518277091665e-01	2.846991935401399498e-01	-4.266591800235752241e-01	2.580135576128628205e-01	-2.168576046224549581e-01
-1.088517766680579812e-01	6.735479443052251602e-02	-8.500667771418131402e-02	9.334354251548726555e-02	-8.139735952688689768e-02	8.438055846420113026e-02	-9.061112526063536121e-02	9.661626841348192052e-02	-1.105519501566846752e-01	8.629707168068014023e-02	-9.774209404802182422e-02	1.460772449017290475e-01	-1.330530301671768445e-01	1.168624027510790225e-01	-1.153788841280857513e-01	1.098604071941251953e-01	-1.892045366320619093e-01	1.569193643656282000e-01	-2.079144217564489749e-01	1.975341273158145727e-01	-2.038713047975045933e-01	2.343740180863281286e-01	-4.823108498257211996e-01	1.000000000000000888e+00	-2.895817112267363713e-01	1.422459367449823708e-01	-2.908078008226953060e-01	3.205163633190016292e-01	-6.082055105556042340e-01	2.421069355858646854e-01
7.941832091172115748e-02	-5.390628932724560868e-02	7.074800914525117279e-02	-8.555179733680791376e-02	7.800477132422348192e-02	-6.123734123321871586e-02	7.297957569282691181e-02	-7.996754471162270672e-02	9.953778261117375570e-02	-8.661644241873864281e-02	6.821729709704414668e-02	-1.090692273608971641e-01	1.094251596864741355e-01	-1.048215139578859700e-01	1.237630732667915900e-01	-7.453023786748406987e-02	1.325121022386279712e-01	-1.230157454109163107e-01	1.888544453245896704e-01	-3.637137935074281070e-01	9.639228852797183944e-02	-1.170214180661737630e-01	1.745444947143458547e-01	-2.895817112267363713e-01	1.000000000000001110e+00	-6.899306959355507030e-02	1.312974621148572663e-01	-1.667960487264600333e-01	1.872810802958448928e-01	-8.281536828663119687e-01
-7.228903494683713848e-02	4.020822188014994136e-02	-4.691485739955802980e-02	5.088602291468236755e-02	-4.118904506532900661e-02	5.972670069788409836e-02	-5.289315304994644806e-02	5.581726043703264667e-02	-5.695181289609918540e-02	4.502986158957818230e-02	-8.275814952050042361e-02	9.732363454919526480e-02	-7.136170803806737850e-02	6.154490758871158929e-02	-5.574234212228764557e-02	1.030119614715114817e-01	-1.233084639107971114e-01	8.449239648993256413e-02	-8.238883222069576240e-02	9.465196052815011418e-02	-8.060096744888960441e-01	2.267446012868010174e-01	-1.606799518277091665e-01	1.422459367449823708e-01	-6.899306959355507030e-02	1.000000000000001110e+00	-4.881770900440003946e-01	1.623144000474655013e-01	-1.010742818929752374e-01	8.673360142519229155e-02
1.035920996056659688e-01	-6.737952761668149215e-02	7.876689600463582241e-02	-8.911252394083218897e-02	7.166503285355335651e-02	-8.886208503055775809e-02	8.786431904277972049e-02	-9.543650234144476774e-02	9.813203111586749072e-02	-7.909446089231944588e-02	1.063159991878738220e-01	-1.689708358897636931e-01	1.225594764662770730e-01	-1.075340644616365610e-01	9.760593098796695177e-02	-1.355251409999789214e-01	2.045749521169030194e-01	-1.501050231857604111e-01	1.451872510069730504e-01	-1.727269161493304173e-01	3.027658131459568525e-01	-5.492504550518206852e-01	2.846991935401399498e-01	-2.908078008226953060e-01	1.312974621148572663e-01	-4.881770900440003946e-01	1.000000000000001110e+00	-3.859045830810299282e-01	2.017688551126231855e-01	-1.679083018981861741e-01
-9.688490793655202271e-02	5.860865896642730721e-02	-7.282929078913327747e-02	7.875279854637685928e-02	-6.763787730541313825e-02	7.572658948546150126e-02	-7.850439904714093253e-02	8.319725140306147293e-02	-9.224207827284201799e-02	7.166575967448497730e-02	-8.903021748668082935e-02	1.301886496769514012e-01	-1.122112540211114701e-01	9.690117658489053043e-02	-9.376755995790460319e-02	1.017372262448388298e-01	-1.702253485877705530e-01	1.316303865999981504e-01	-1.497732923343955969e-01	1.539323399749385202e-01	-2.182221958349380153e-01	2.401413528925323004e-01	-4.266591800235752241e-01	3.205163633190016292e-01	-1.667960487264600333e-01	1.623144000474655013e-01	-3.859045830810299282e-01	1.000000000000001332e+00	-6.675336433993023233e-01	1.829089254186408720e-01
7.016564984538933847e-02	-4.450212594666238392e-02	5.572653744449670293e-02	-6.260786587436451001e-02	5.405681600702749029e-02	-5.534620122328370861e-02	5.951695427733214028e-02	-6.409341186373167243e-02	7.267475958368935229e-02	-5.803790992025410767e-02	6.376189565899451073e-02	-9.788052391031736021e-02	8.650368935747261567e-02	-7.732683570644185989e-02	7.691053032848095550e-02	-7.291357857297332823e-02	1.225210137176598879e-01	-1.025961034705096531e-01	1.270090937834099654e-01	-1.401964738234321994e-01	1.304711358962152568e-01	-1.645449578347587261e-01	2.580135576128628205e-01	-6.082055105556042340e-01	1.872810802958448928e-01	-1.010742818929752374e-01	2.017688551126231855e-01	-6.675336433993023233e-01	1.000000000000001110e+00	-2.495221453305997983e-01
-1.004715132240056735e-01	6.512655377272408286e-02	-8.648851586478659148e-02	9.706236663021779176e-02	-9.152938169456707740e-02	7.558936758213063989e-02	-8.905118652431145976e-02	9.485769000743676793e-02	-1.185187147216231890e-01	9.486496704293986837e-02	-8.457270186498971887e-02	1.289628656495667158e-01	-1.308736111868908925e-01	1.196155170665718359e-01	-1.393514727735982728e-01	9.103800910164991378e-02	-1.643935963212238005e-01	1.402699081786796254e-01	-2.198374850110469958e-01	2.513256236989954706e-01	-1.241404585712966580e-01	1.412080445693014719e-01	-2.168576046224549581e-01	2.421069355858646854e-01	-8.281536828663119687e-01	8.673360142519229155e-02	-1.679083018981861741e-01	1.829089254186408720e-01	-2.495221453305997983e-01	1.000000000000001332e+00
