1.000000000000000000e+00	-6.137883398192653939e-01	2.465327941376246890e-01	-1.631118739290465247e-01	1.103851101308942484e-01	-5.654183765756576330e-01	2.974531175721430443e-01	-2.530082310021025127e-01	1.444646397723639286e-01	-1.113668919264066554e-01	2.422264640114288881e-01	-2.693977092149810182e-01	1.654367822254007581e-01	-1.475680104311828666e-01	1.463399187940708779e-01	-1.997044528636814920e-01	1.504015066272312573e-01	-1.576323696275440389e-01	1.192307287734044458e-01	-9.935768458019275662e-02	7.675794344245835676e-02	-1.346919241467429418e-01	1.063794813174517850e-01	-1.006348013889880044e-01	1.054184761234372020e-01	-7.798829565972000000e-02	9.125731231595277104e-02	-9.962284871115009710e-02	6.589265723054990587e-02	-7.488512259775081947e-02
-6.137883398192653939e-01	1.000000000000000222e+00	-5.003224705553059870e-01	1.859985725094619458e-01	-1.341713072095045423e-01	2.689831547388034649e-01	-4.468800809169468091e-01	2.794751753114537718e-01	-1.717352505275347163e-01	1.200953470428054032e-01	-1.925197456688753361e-01	1.993680883172431750e-01	-1.643213896917579409e-01	1.404341778766802773e-01	-1.405410166091424773e-01	1.522537663597590962e-01	-1.241121351696047037e-01	1.365558533256393814e-01	-1.096760185939956167e-01	8.971585887644854818e-02	-6.360307308738161192e-02	1.107207349394355167e-01	-9.301156003969265895e-02	8.868155601042364278e-02	-9.559088297807234735e-02	6.434271676227733272e-02	-7.800063193943801432e-02	8.459781676087899105e-02	-5.745834795890769620e-02	6.450943193411595722e-02
2.465327941376246890e-01	-5.003224705553059870e-01	1.000000000000000222e+00	-3.986162737701420822e-01	1.864485400515056568e-01	-2.139615581852614967e-01	2.853640192860384950e-01	-6.013449725908164289e-01	2.427492274611584566e-01	-1.791274109210542198e-01	1.513686601619644578e-01	-1.829029372422122102e-01	1.985592174295708612e-01	-1.814268828910550468e-01	1.548974775827811345e-01	-1.620136641675077038e-01	1.274319020281280135e-01	-1.604561405621904857e-01	1.247921944779043363e-01	-1.019301156611149423e-01	6.874063133359342714e-02	-1.225101614643661629e-01	1.029810950646863205e-01	-1.007468735495135881e-01	1.045375004656859397e-01	-7.060193798408515020e-02	8.443473782915168757e-02	-9.436289429755877201e-02	6.371698304898706922e-02	-7.223068651659632355e-02
-1.631118739290465247e-01	1.859985725094619458e-01	-3.986162737701420822e-01	1.000000000000000222e+00	-5.289866488607416484e-01	1.320755078049725695e-01	-1.916921000463943925e-01	2.499591668354003982e-01	-5.979951591855081627e-01	3.091467412057237740e-01	-1.098410420394289877e-01	1.266365005240578101e-01	-1.828329611425299761e-01	1.941850246745802921e-01	-1.726202654694627137e-01	1.260207607692528098e-01	-1.035783220515966024e-01	1.339151670055813426e-01	-1.277233976198804410e-01	1.003845096926766628e-01	-5.909733270787264486e-02	1.048281133631944889e-01	-9.479477139269651409e-02	9.475539711320650482e-02	-1.031202535218744970e-01	6.069525685562253414e-02	-7.553053819307382899e-02	8.406880849127172650e-02	-5.922995330918605361e-02	6.610136639443173201e-02
1.103851101308942484e-01	-1.341713072095045423e-01	1.864485400515056568e-01	-5.289866488607416484e-01	1.000000000000000666e+00	-1.014331641924100802e-01	1.328032922106605618e-01	-1.866927073583242169e-01	3.101052288387057820e-01	-7.468090917596241773e-01	8.207017429680926734e-02	-9.843299136971281338e-02	1.301320327613263717e-01	-1.495914665409588673e-01	1.270500299106295250e-01	-1.023867402707128449e-01	8.079238024893271863e-02	-1.054841528438969223e-01	9.547883258666958750e-02	-7.856183138115648001e-02	4.735144133775862768e-02	-8.517542824959030423e-02	7.385169895664076001e-02	-7.449560789860013021e-02	7.877067906171955625e-02	-4.913582442132017475e-02	5.974287265871501551e-02	-6.746892356639103139e-02	4.660937177694748912e-02	-5.276579890497128111e-02
-5.654183765756576330e-01	2.689831547388034649e-01	-2.139615581852614967e-01	1.320755078049725695e-01	-1.014331641924100802e-01	1.000000000000001554e+00	-4.337935359703641858e-01	2.111239003340018294e-01	-1.341006803924863766e-01	9.613278862137550340e-02	-5.467029683976432075e-01	2.906903003241052552e-01	-1.660385636255508612e-01	1.367994899881261606e-01	-1.493734649083952315e-01	1.857132169317854131e-01	-1.590217951461610213e-01	1.484601438232997506e-01	-1.168113294304954641e-01	9.553859776232026535e-02	-7.297763342397690922e-02	1.231638052672402589e-01	-1.029607653112668830e-01	9.544426220172445852e-02	-1.050998326369694258e-01	7.211731997358730717e-02	-8.829913307972657444e-02	9.269494143804049568e-02	-6.291315044099315967e-02	6.996852250797422346e-02
2.974531175721430443e-01	-4.468800809169468091e-01	2.853640192860384950e-01	-1.916921000463943925e-01	1.328032922106605618e-01	-4.337935359703641858e-01	1.000000000000000666e+00	-4.942203553039216102e-01	1.838505044554539780e-01	-1.369570274604505200e-01	2.638554312811091096e-01	-4.004116464214240723e-01	2.173127576719801335e-01	-1.862439124423935777e-01	1.757516828600803882e-01	-2.322180523136112285e-01	1.853528573500106968e-01	-1.977288170898912067e-01	1.446651620988934628e-01	-1.190222955851059500e-01	8.965583689123798883e-02	-1.572986213989817916e-01	1.268911398305325178e-01	-1.204831438855799991e-01	1.253075368015502122e-01	-9.079772619315842896e-02	1.070209153620428066e-01	-1.171784714490402141e-01	7.784909775890314076e-02	-8.820756495337395142e-02
-2.530082310021025127e-01	2.794751753114537718e-01	-6.013449725908164289e-01	2.499591668354003982e-01	-1.866927073583242169e-01	2.111239003340018294e-01	-4.942203553039216102e-01	1.000000000000001110e+00	-3.151099613347425055e-01	1.735443882568517837e-01	-1.729885128380147241e-01	2.017037515054661001e-01	-3.255291534628590444e-01	2.107977343859027686e-01	-1.862180217676070171e-01	1.725436469422693408e-01	-1.471059744952976089e-01	1.870008944108601801e-01	-1.480594437199117819e-01	1.166516843878516868e-01	-7.584765753573274871e-02	1.334091539827867434e-01	-1.184633523769815094e-01	1.145466738046388433e-01	-1.215317702391142257e-01	7.708330004044246231e-02	-9.487789578817515390e-02	1.046607513031925785e-01	-7.201873517187858120e-02	8.051652348435942019e-02
1.444646397723639286e-01	-1.717352505275347163e-01	2.427492274611584566e-01	-5.979951591855081627e-01	3.101052288387057820e-01	-1.341006803924863766e-01	1.838505044554539780e-01	-3.151099613347425055e-01	1.000000000000000666e+00	-5.268270448234405601e-01	1.111348867446995542e-01	-1.349801765919792507e-01	2.043007125429089355e-01	-3.193921936669741890e-01	1.871950591811707143e-01	-1.410687922200968281e-01	1.134465553198256288e-01	-1.550690223279677371e-01	1.464083373133859556e-01	-1.153521495821154819e-01	6.565670076753220286e-02	-1.183856810982372304e-01	1.056128721714056917e-01	-1.094752783976629812e-01	1.128863448367282557e-01	-6.802646457720537554e-02	8.329387087073229778e-02	-9.500154799885923707e-02	6.627829386819267254e-02	-7.486383141945490705e-02
-1.113668919264066554e-01	1.200953470428054032e-01	-1.791274109210542198e-01	3.091467412057237740e-01	-7.468090917596241773e-01	9.613278862137550340e-02	-1.369570274604505200e-01	1.735443882568517837e-01	-5.268270448234405601e-01	1.000000000000001776e+00	-8.276467219917604812e-02	9.635233681924643134e-02	-1.461539085496414148e-01	1.656482633495632573e-01	-1.518767587405132902e-01	1.013167148439353960e-01	-8.289467628049404513e-02	1.089884322318732529e-01	-1.075939432998242046e-01	8.577228937399140885e-02	-4.863313922221227520e-02	8.672095738295580725e-02	-7.873187542802462247e-02	7.951830769861542580e-02	-8.696822934073293598e-02	5.018988726013891982e-02	-6.259101585670746870e-02	7.003528175856185700e-02	-4.959849627009729062e-02	5.543244623275973837e-02
2.422264640114288881e-01	-1.925197456688753361e-01	1.513686601619644578e-01	-1.098410420394289877e-01	8.207017429680926734e-02	-5.467029683976432075e-01	2.638554312811091096e-01	-1.729885128380147241e-01	1.111348867446995542e-01	-8.276467219917604812e-02	1.000000000000001998e+00	-6.759602136242310877e-01	1.731480033898548931e-01	-1.407523210223535770e-01	1.486169840834886957e-01	-2.773367634756483402e-01	2.141393534178138158e-01	-1.774227282764106739e-01	1.236350844780658292e-01	-9.991598538439203092e-02	8.543010985754451170e-02	-1.429529237013099641e-01	1.130071516645698715e-01	-1.031216453478341344e-01	1.091348294255712476e-01	-8.301683606902747481e-02	9.741359344689809463e-02	-1.020461730709520676e-01	6.746306383280666064e-02	-7.530125897732936613e-02
-2.693977092149810182e-01	1.993680883172431750e-01	-1.829029372422122102e-01	1.266365005240578101e-01	-9.843299136971281338e-02	2.906903003241052552e-01	-4.004116464214240723e-01	2.017037515054661001e-01	-1.349801765919792507e-01	9.635233681924643134e-02	-6.759602136242310877e-01	1.000000000000001554e+00	-2.464072472203078790e-01	1.693777261902559006e-01	-1.862499455125908865e-01	2.618373448120509539e-01	-3.473481346928266600e-01	2.118402579121304030e-01	-1.525390415394878851e-01	1.192658250335588560e-01	-9.683747451014766694e-02	1.593098883826322976e-01	-1.358327039256182478e-01	1.216643277072252394e-01	-1.328247568352965702e-01	9.207424836877557695e-02	-1.142901010760500602e-01	1.167206342257272739e-01	-7.921919444913921859e-02	8.679304410352972621e-02
1.654367822254007581e-01	-1.643213896917579409e-01	1.985592174295708612e-01	-1.828329611425299761e-01	1.301320327613263717e-01	-1.660385636255508612e-01	2.173127576719801335e-01	-3.255291534628590444e-01	2.043007125429089355e-01	-1.461539085496414148e-01	1.731480033898548931e-01	-2.464072472203078790e-01	1.000000000000001776e+00	-5.601345049846964130e-01	2.772573572362855288e-01	-2.763083973218683487e-01	2.368037855867774488e-01	-5.235996173288346434e-01	2.587921652329672195e-01	-1.964756965148937440e-01	1.187951921335111266e-01	-2.171241506016606537e-01	2.017267722763905757e-01	-2.019274831922027447e-01	1.881286214068401963e-01	-1.220313301000950923e-01	1.475099339387138664e-01	-1.738314108564380511e-01	1.164158767944376283e-01	-1.316033960336299713e-01
-1.475680104311828666e-01	1.404341778766802773e-01	-1.814268828910550468e-01	1.941850246745802921e-01	-1.495914665409588673e-01	1.367994899881261606e-01	-1.862439124423935777e-01	2.107977343859027686e-01	-3.193921936669741890e-01	1.656482633495632573e-01	-1.407523210223535770e-01	1.693777261902559006e-01	-5.601345049846964130e-01	1.000000000000001110e+00	-4.976034534304057400e-01	2.081864234035245842e-01	-1.823530443444637550e-01	2.770634633799530233e-01	-3.969162618456156255e-01	2.327291146035953828e-01	-1.069178993870591454e-01	1.929652301297138106e-01	-1.967661332538852004e-01	2.136964626125669453e-01	-2.208182797641379536e-01	1.104497380542314861e-01	-1.406504054505383905e-01	1.628351543100576282e-01	-1.208038766466992403e-01	1.327706431436669332e-01
1.463399187940708779e-01	-1.405410166091424773e-01	1.548974775827811345e-01	-1.726202654694627137e-01	1.270500299106295250e-01	-1.493734649083952315e-01	1.757516828600803882e-01	-1.862180217676070171e-01	1.871950591811707143e-01	-1.518767587405132902e-01	1.486169840834886957e-01	-1.862499455125908865e-01	2.772573572362855288e-01	-4.976034534304057400e-01	1.000000000000001998e+00	-2.933705688034520809e-01	2.107632326938448375e-01	-3.087593663769593322e-01	2.988639173174105212e-01	-4.933052512381408961e-01	1.537988680394189733e-01	-3.002316777586976904e-01	2.351349651684786490e-01	-2.672920009015302689e-01	2.903429510028474048e-01	-1.698226936239450868e-01	1.924159873119144770e-01	-2.428148884580202949e-01	1.647010256310542098e-01	-2.030500832146155954e-01
-1.997044528636814920e-01	1.522537663597590962e-01	-1.620136641675077038e-01	1.260207607692528098e-01	-1.023867402707128449e-01	1.857132169317854131e-01	-2.322180523136112285e-01	1.725436469422693408e-01	-1.410687922200968281e-01	1.013167148439353960e-01	-2.773367634756483402e-01	2.618373448120509539e-01	-2.763083973218683487e-01	2.081864234035245842e-01	-2.933705688034520809e-01	1.000000000000001110e+00	-6.895800221261474405e-01	2.925909592695717931e-01	-2.340140554936868955e-01	1.776988755231874995e-01	-2.114652953636255162e-01	2.471177580317579781e-01	-2.183246283944730304e-01	1.818280824587024946e-01	-2.154421796249638976e-01	1.632854293710826465e-01	-2.029789862470459394e-01	1.797714422381972987e-01	-1.235470765277584815e-01	1.295952542592006262e-01
1.504015066272312573e-01	-1.241121351696047037e-01	1.274319020281280135e-01	-1.035783220515966024e-01	8.079238024893271863e-02	-1.590217951461610213e-01	1.853528573500106968e-01	-1.471059744952976089e-01	1.134465553198256288e-01	-8.289467628049404513e-02	2.141393534178138158e-01	-3.473481346928266600e-01	2.368037855867774488e-01	-1.823530443444637550e-01	2.107632326938448375e-01	-6.895800221261474405e-01	1.000000000000001554e+00	-4.720510113020131571e-01	1.966099442905794858e-01	-1.452659810494095205e-01	1.487833160261322618e-01	-2.629861677310293966e-01	1.900169831878168458e-01	-1.611058985089016127e-01	1.630669592045998484e-01	-1.329060278718023069e-01	1.557949528320058397e-01	-1.551373396183392261e-01	1.007481856262886499e-01	-1.087053840519018738e-01
-1.576323696275440389e-01	1.365558533256393814e-01	-1.604561405621904857e-01	1.339151670055813426e-01	-1.054841528438969223e-01	1.484601438232997506e-01	-1.977288170898912067e-01	1.870008944108601801e-01	-1.550690223279677371e-01	1.089884322318732529e-01	-1.774227282764106739e-01	2.118402579121304030e-01	-5.235996173288346434e-01	2.770634633799530233e-01	-3.087593663769593322e-01	2.925909592695717931e-01	-4.720510113020131571e-01	1.000000000000002442e+00	-3.853270761452910476e-01	2.100838039212975239e-01	-1.390363430143752022e-01	2.369683721166412071e-01	-3.271977193610490775e-01	2.402865097173917108e-01	-2.319039071854002432e-01	1.334931856215664514e-01	-1.805275430474117260e-01	1.986609001839966249e-01	-1.381592972814033871e-01	1.444471688508327800e-01
1.192307287734044458e-01	-1.096760185939956167e-01	1.247921944779043363e-01	-1.277233976198804410e-01	9.547883258666958750e-02	-1.168113294304954641e-01	1.446651620988934628e-01	-1.480594437199117819e-01	1.464083373133859556e-01	-1.075939432998242046e-01	1.236350844780658292e-01	-1.525390415394878851e-01	2.587921652329672195e-01	-3.969162618456156255e-01	2.988639173174105212e-01	-2.340140554936868955e-01	1.966099442905794858e-01	-3.853270761452910476e-01	1.000000000000002442e+00	-4.191390354944393715e-01	1.309053085093937197e-01	-2.509952008565242698e-01	2.752157782221583138e-01	-5.480259882794358273e-01	2.941829760799769544e-01	-1.379571955037665887e-01	1.757971575565601130e-01	-2.281724406672961947e-01	1.776998996676530662e-01	-1.993270581153728238e-01
-9.935768458019275662e-02	8.971585887644854818e-02	-1.019301156611149423e-01	1.003845096926766628e-01	-7.856183138115648001e-02	9.553859776232026535e-02	-1.190222955851059500e-01	1.166516843878516868e-01	-1.153521495821154819e-01	8.577228937399140885e-02	-9.991598538439203092e-02	1.192658250335588560e-01	-1.964756965148937440e-01	2.327291146035953828e-01	-4.933052512381408961e-01	1.776988755231874995e-01	-1.452659810494095205e-01	2.100838039212975239e-01	-4.191390354944393715e-01	1.000000000000002665e+00	-1.075831729624637939e-01	1.987538392984950497e-01	-2.077667758281930566e-01	2.618868361009729084e-01	-6.681206203148244427e-01	1.141170435439350928e-01	-1.491469446769833618e-01	1.798492494969677336e-01	-1.576313438114626819e-01	1.761273564495868249e-01
7.675794344245835676e-02	-6.360307308738161192e-02	6.874063133359342714e-02	-5.909733270787264486e-02	4.735144133775862768e-02	-7.297763342397690922e-02	8.965583689123798883e-02	-7.584765753573274871e-02	6.565670076753220286e-02	-4.863313922221227520e-02	8.543010985754451170e-02	-9.683747451014766694e-02	1.187951921335111266e-01	-1.069178993870591454e-01	1.537988680394189733e-01	-2.114652953636255162e-01	1.487833160261322618e-01	-1.390363430143752022e-01	1.309053085093937197e-01	-1.075831729624637939e-01	1.000000000000002665e+00	-4.891156439222437147e-01	1.833966330430721603e-01	-1.320830055315603546e-01	1.378094001510955513e-01	-7.581919675811614745e-01	2.721915998188907948e-01	-2.099767417227413335e-01	1.029037337885914394e-01	-1.108103351676789083e-01
-1.346919241467429418e-01	1.107207349394355167e-01	-1.225101614643661629e-01	1.048281133631944889e-01	-8.517542824959030423e-02	1.231638052672402589e-01	-1.572986213989817916e-01	1.334091539827867434e-01	-1.183856810982372304e-01	8.672095738295580725e-02	-1.429529237013099641e-01	1.593098883826322976e-01	-2.171241506016606537e-01	1.929652301297138106e-01	-3.002316777586976904e-01	2.471177580317579781e-01	-2.629861677310293966e-01	2.369683721166412071e-01	-2.509952008565242698e-01	1.987538392984950497e-01	-4.891156439222437147e-01	1.000000000000003331e+00	-4.296796870262368784e-01	2.405385404368437785e-01	-2.718530327069658692e-01	2.876936910960700144e-01	-4.190609357621200570e-01	2.805703499361420494e-01	-1.725778518950365492e-01	1.718786539558315729e-01
1.063794813174517850e-01	-9.301156003969265895e-02	1.029810950646863205e-01	-9.479477139269651409e-02	7.385169895664076001e-02	-1.029607653112668830e-01	1.268911398305325178e-01	-1.184633523769815094e-01	1.056128721714056917e-01	-7.873187542802462247e-02	1.130071516645698715e-01	-1.358327039256182478e-01	2.017267722763905757e-01	-1.967661332538852004e-01	2.351349651684786490e-01	-2.183246283944730304e-01	1.900169831878168458e-01	-3.271977193610490775e-01	2.752157782221583138e-01	-2.077667758281930566e-01	1.833966330430721603e-01	-4.296796870262368784e-01	1.000000000000002442e+00	-5.385338949430186206e-01	2.475898282116109350e-01	-1.912153130495307107e-01	2.630526856900528010e-01	-4.844502394021495961e-01	2.068919500577009740e-01	-2.140196151297543148e-01
-1.006348013889880044e-01	8.868155601042364278e-02	-1.007468735495135881e-01	9.475539711320650482e-02	-7.449560789860013021e-02	9.544426220172445852e-02	-1.204831438855799991e-01	1.145466738046388433e-01	-1.094752783976629812e-01	7.951830769861542580e-02	-1.031216453478341344e-01	1.216643277072252394e-01	-2.019274831922027447e-01	2.136964626125669453e-01	-2.672920009015302689e-01	1.818280824587024946e-01	-1.611058985089016127e-01	2.402865097173917108e-01	-5.480259882794358273e-01	2.618868361009729084e-01	-1.320830055315603546e-01	2.405385404368437785e-01	-5.385338949430186206e-01	1.000000000000002887e+00	-4.037924532438373904e-01	1.341580666859877868e-01	-1.986865923711629289e-01	2.508338968073278163e-01	-2.832556792125549006e-01	2.258214272967526970e-01
1.054184761234372020e-01	-9.559088297807234735e-02	1.045375004656859397e-01	-1.031202535218744970e-01	7.877067906171955625e-02	-1.050998326369694258e-01	1.253075368015502122e-01	-1.215317702391142257e-01	1.128863448367282557e-01	-8.696822934073293598e-02	1.091348294255712476e-01	-1.328247568352965702e-01	1.881286214068401963e-01	-2.208182797641379536e-01	2.903429510028474048e-01	-2.154421796249638976e-01	1.630669592045998484e-01	-2.319039071854002432e-01	2.941829760799769544e-01	-6.681206203148244427e-01	1.378094001510955513e-01	-2.718530327069658692e-01	2.475898282116109350e-01	-4.037924532438373904e-01	1.000000000000002665e+00	-1.527767314451874969e-01	1.866317647940882174e-01	-2.510310286250059808e-01	2.114809512627472965e-01	-2.944148603661176922e-01
-7.798829565972000000e-02	6.434271676227733272e-02	-7.060193798408515020e-02	6.069525685562253414e-02	-4.913582442132017475e-02	7.211731997358730717e-02	-9.079772619315842896e-02	7.708330004044246231e-02	-6.802646457720537554e-02	5.018988726013891982e-02	-8.301683606902747481e-02	9.207424836877557695e-02	-1.220313301000950923e-01	1.104497380542314861e-01	-1.698226936239450868e-01	1.632854293710826465e-01	-1.329060278718023069e-01	1.334931856215664514e-01	-1.379571955037665887e-01	1.141170435439350928e-01	-7.581919675811614745e-01	2.876936910960700144e-01	-1.912153130495307107e-01	1.341580666859877868e-01	-1.527767314451874969e-01	1.000000000000001776e+00	-4.758933761727277556e-01	2.178941607771180400e-01	-1.107537637433765876e-01	1.135214395852716107e-01
9.125731231595277104e-02	-7.800063193943801432e-02	8.443473782915168757e-02	-7.553053819307382899e-02	5.974287265871501551e-02	-8.829913307972657444e-02	1.070209153620428066e-01	-9.487789578817515390e-02	8.329387087073229778e-02	-6.259101585670746870e-02	9.741359344689809463e-02	-1.142901010760500602e-01	1.475099339387138664e-01	-1.406504054505383905e-01	1.924159873119144770e-01	-2.029789862470459394e-01	1.557949528320058397e-01	-1.805275430474117260e-01	1.757971575565601130e-01	-1.491469446769833618e-01	2.721915998188907948e-01	-4.190609357621200570e-01	2.630526856900528010e-01	-1.986865923711629289e-01	1.866317647940882174e-01	-4.758933761727277556e-01	1.000000000000002665e+00	-6.129675679326889171e-01	1.877750148684660947e-01	-2.108307317003366432e-01
-9.962284871115009710e-02	8.459781676087899105e-02	-9.436289429755877201e-02	8.406880849127172650e-02	-6.746892356639103139e-02	9.269494143804049568e-02	-1.171784714490402141e-01	1.046607513031925785e-01	-9.500154799885923707e-02	7.003528175856185700e-02	-1.020461730709520676e-01	1.167206342257272739e-01	-1.738314108564380511e-01	1.628351543100576282e-01	-2.428148884580202949e-01	1.797714422381972987e-01	-1.551373396183392261e-01	1.986609001839966249e-01	-2.281724406672961947e-01	1.798492494969677336e-01	-2.099767417227413335e-01	2.805703499361420494e-01	-4.844502394021495961e-01	2.508338968073278163e-01	-2.510310286250059808e-01	2.178941607771180400e-01	-6.129675679326889171e-01	1.000000000000002220e+00	-3.259613293981270532e-01	2.368304580472754828e-01
6.589265723054990587e-02	-5.745834795890769620e-02	6.371698304898706922e-02	-5.922995330918605361e-02	4.660937177694748912e-02	-6.291315044099315967e-02	7.784909775890314076e-02	-7.201873517187858120e-02	6.627829386819267254e-02	-4.959849627009729062e-02	6.746306383280666064e-02	-7.921919444913921859e-02	1.164158767944376283e-01	-1.208038766466992403e-01	1.647010256310542098e-01	-1.235470765277584815e-01	1.007481856262886499e-01	-1.381592972814033871e-01	1.776998996676530662e-01	-1.576313438114626819e-01	1.029037337885914394e-01	-1.725778518950365492e-01	2.068919500577009740e-01	-2.832556792125549006e-01	2.114809512627472965e-01	-1.107537637433765876e-01	1.877750148684660947e-01	-3.259613293981270532e-01	1.000000000000002442e+00	-8.432980090967074904e-01
-7.488512259775081947e-02	6.450943193411595722e-02	-7.223068651659632355e-02	6.610136639443173201e-02	-5.276579890497128111e-02	6.996852250797422346e-02	-8.820756495337395142e-02	8.051652348435942019e-02	-7.486383141945490705e-02	5.543244623275973837e-02	-7.530125897732936613e-02	8.679304410352972621e-02	-1.316033960336299713e-01	1.327706431436669332e-01	-2.030500832146155954e-01	1.295952542592006262e-01	-1.087053840519018738e-01	1.444471688508327800e-01	-1.993270581153728238e-01	1.761273564495868249e-01	-1.108103351676789083e-01	1.718786539558315729e-01	-2.140196151297543148e-01	2.258214272967526970e-01	-2.944148603661176922e-01	1.135214395852716107e-01	-2.108307317003366432e-01	2.368304580472754828e-01	-8.432980090967074904e-01	1.000000000000002442e+00
