1.000000000000000000e+00	-2.305300515507444914e-01	1.368168503901203703e-01	-8.060686701003341725e-02	1.152258004997393226e-01	-7.208596706084218209e-01	1.846030726317597626e-01	-1.600524383526332750e-01	8.331532010889859674e-02	-1.133984216831006031e-01	2.834156896196060038e-01	-2.410573654971253643e-01	2.142632457041751537e-01	-1.989100405096441426e-01	1.132402256306389854e-01	-1.785458160148937490e-01	2.323885693038617306e-01	-1.780137325949359417e-01	1.467753426458980048e-01	-1.154767918477306449e-01	1.594131987921677263e-01	-2.725836412299810219e-01	1.641834943666840296e-01	-1.745610882576335843e-01	1.320341738901473772e-01	-1.787849271004936513e-01	1.376894204497316476e-01	-2.312327945930296447e-01	1.465815837165855562e-01	-1.753323335391537008e-01
-2.305300515507444914e-01	1.000000000000000444e+00	-2.383844355584620045e-01	1.175256460881901055e-01	-1.700572182673870114e-01	1.733460983662156729e-01	-8.814295982347634117e-01	2.177994700137835526e-01	-1.180412679974437717e-01	1.276698058428666349e-01	-1.159159200617053270e-01	8.991751339010356503e-02	-9.908613030553932444e-02	7.392740397033800703e-02	-4.547445623582469648e-02	6.361938488805243819e-02	-1.022260398835168477e-01	6.727236009300018027e-02	-5.623897089637067831e-02	4.400869731232066873e-02	-6.302271729100762665e-02	9.581805873822694941e-02	-6.284311533146914874e-02	6.291879083962494124e-02	-4.942834833057981742e-02	6.052317819873941768e-02	-4.883851569804492643e-02	7.827038161053220811e-02	-5.262705429857526124e-02	6.152705232232810739e-02
1.368168503901203703e-01	-2.383844355584620045e-01	1.000000000000000666e+00	-5.752759739436865694e-01	3.250847367043090408e-01	-1.123097516069896940e-01	1.859668862651590038e-01	-5.294081627007779511e-01	2.605230116023313225e-01	-3.818391579824705895e-01	1.012360344978202598e-01	-9.545547319073195702e-02	1.215611775028315189e-01	-1.063545466274729290e-01	6.903295498239039873e-02	-6.874464430882064325e-02	1.219715424779870688e-01	-9.077060732089187178e-02	7.856889845677533790e-02	-6.684265521433083168e-02	6.938265040652047411e-02	-1.298144720851790168e-01	8.430968382979919795e-02	-8.950887274128804805e-02	7.102131281759252457e-02	-8.020002479564482256e-02	6.458781988828274367e-02	-1.101061461799163199e-01	7.410347374995272796e-02	-8.915210411400331658e-02
-8.060686701003341725e-02	1.175256460881901055e-01	-5.752759739436865694e-01	1.000000000000000888e+00	-7.309944339085308052e-01	6.357633259893175071e-02	-1.022355970888836757e-01	2.592110487186039536e-01	-2.181279013853479609e-01	2.339579368501320811e-01	-5.901048540308074380e-02	5.468961272613220848e-02	-7.041779098596706588e-02	6.093194329932364456e-02	-4.031691956688776557e-02	3.956938546552985631e-02	-7.190721296065372137e-02	5.178088079673679595e-02	-4.528673622984093899e-02	3.850432702282829273e-02	-4.027066806112197112e-02	7.371209834352866752e-02	-4.843274911811374511e-02	5.102591198636721032e-02	-4.083378437865664567e-02	4.547172406605402839e-02	-3.682551149301419025e-02	6.223683457200357427e-02	-4.228468616351208076e-02	5.063363320420636443e-02
1.152258004997393226e-01	-1.700572182673870114e-01	3.250847367043090408e-01	-7.309944339085308052e-01	1.000000000000001110e+00	-9.326353673827866841e-02	1.396916216953882073e-01	-3.904090272891240776e-01	2.371859298081557821e-01	-3.667660749545936238e-01	8.664854013134422328e-02	-8.156832531678118170e-02	1.041945103139020334e-01	-9.360952057912237667e-02	6.149409855011239712e-02	-5.961823593730566223e-02	1.068101836981598801e-01	-7.928299085273878000e-02	6.913417282341147163e-02	-5.947257964845776429e-02	6.041880794401844473e-02	-1.141988278972224102e-01	7.397974166427115361e-02	-7.900173403991973820e-02	6.283836300216751047e-02	-7.058994588427364159e-02	5.685059486533074885e-02	-9.724596313917167889e-02	6.544674217885465550e-02	-7.892542439572122759e-02
-7.208596706084218209e-01	1.733460983662156729e-01	-1.123097516069896940e-01	6.357633259893175071e-02	-9.326353673827866841e-02	1.000000000000000222e+00	-2.028150487276672576e-01	1.224587231569851525e-01	-6.457505154459076968e-02	8.301770340632258494e-02	-5.024261352070873432e-01	2.246816415606266715e-01	-2.115845720761427295e-01	1.392100722354866760e-01	-8.049882413041919982e-02	1.652906398174607272e-01	-2.120876862409622476e-01	1.327518433388852337e-01	-1.068301931897964185e-01	7.919435613724236378e-02	-1.600682050563552727e-01	1.889001346553355054e-01	-1.230543516476616528e-01	1.191667257803817603e-01	-9.174024636989241976e-02	1.243416851247889365e-01	-9.997130021578047587e-02	1.511190416133803005e-01	-1.003210618961008077e-01	1.153506386670925810e-01
1.846030726317597626e-01	-8.814295982347634117e-01	1.859668862651590038e-01	-1.022355970888836757e-01	1.396916216953882073e-01	-2.028150487276672576e-01	1.000000000000000666e+00	-2.940547786205838787e-01	1.221473961143986070e-01	-1.389112503765588258e-01	1.111994051340424866e-01	-8.975071636638665140e-02	9.440426896907613830e-02	-7.133452185538502466e-02	4.359830619154538012e-02	-6.141720447364289875e-02	9.449610169328442888e-02	-6.459660732033634112e-02	5.373909066039891241e-02	-4.231237356071468336e-02	5.937709435360915416e-02	-9.169563221518615970e-02	5.973782383456893025e-02	-6.029583046199108592e-02	4.716322967691063267e-02	-5.803584834959834432e-02	4.654894760203453358e-02	-7.509441089187271490e-02	5.026863806198247214e-02	-5.896246069763126652e-02
-1.600524383526332750e-01	2.177994700137835526e-01	-5.294081627007779511e-01	2.592110487186039536e-01	-3.904090272891240776e-01	1.224587231569851525e-01	-2.940547786205838787e-01	1.000000000000000444e+00	-5.318697740441188371e-01	3.132077717503880532e-01	-1.149741983705401122e-01	1.062303567017068295e-01	-1.527356427476816714e-01	1.024728347734810696e-01	-6.690451446466880170e-02	7.074144155868472561e-02	-1.321869066221851297e-01	9.084762390127777698e-02	-7.774780278385164112e-02	6.221263077074742909e-02	-7.241796627835010713e-02	1.214162606204079314e-01	-8.406416791706239344e-02	8.374048693520731723e-02	-6.754228471361548025e-02	7.399569607309247621e-02	-6.088089924795796193e-02	9.924245747985341315e-02	-6.922471204481270290e-02	8.089647423430963713e-02
8.331532010889859674e-02	-1.180412679974437717e-01	2.605230116023313225e-01	-2.181279013853479609e-01	2.371859298081557821e-01	-6.457505154459076968e-02	1.221473961143986070e-01	-5.318697740441188371e-01	1.000000000000001332e+00	-7.602961200939424291e-01	6.070681946353843894e-02	-5.706937314977357512e-02	7.755568042840131626e-02	-6.547531674054372919e-02	4.714595137019100130e-02	-3.846906835643833927e-02	7.195766260032113171e-02	-5.128892546021272120e-02	4.711259273739559078e-02	-4.220549511493073419e-02	3.939099958043918576e-02	-6.755323653310098264e-02	4.739090576808271948e-02	-4.958302793245260992e-02	4.113782691598343033e-02	-4.132008168483716076e-02	3.414926270849219514e-02	-5.637978096793122562e-02	4.039520292989103034e-02	-4.786013605044341784e-02
-1.133984216831006031e-01	1.276698058428666349e-01	-3.818391579824705895e-01	2.339579368501320811e-01	-3.667660749545936238e-01	8.301770340632258494e-02	-1.389112503765588258e-01	3.132077717503880532e-01	-7.602961200939424291e-01	9.999999999999998890e-01	-8.132225195811150498e-02	7.303702245805476778e-02	-9.859426683603618458e-02	8.194303914274139733e-02	-6.549254797394911398e-02	5.164316924217334653e-02	-9.915662902058952621e-02	6.674675078051958699e-02	-6.125684794623599549e-02	5.662848269365846482e-02	-5.350411500778332052e-02	9.037469750266813318e-02	-6.307349641091662684e-02	6.573166347826960021e-02	-5.533585148729682629e-02	5.552551402116141788e-02	-4.598752435127696769e-02	7.546699602392203943e-02	-5.411178371361607953e-02	6.409579034530912822e-02
2.834156896196060038e-01	-1.159159200617053270e-01	1.012360344978202598e-01	-5.901048540308074380e-02	8.664854013134422328e-02	-5.024261352070873432e-01	1.111994051340424866e-01	-1.149741983705401122e-01	6.070681946353843894e-02	-8.132225195811150498e-02	1.000000000000001554e+00	-5.515776364432014578e-01	2.709262763392611961e-01	-1.913364206848687799e-01	1.048574349034095132e-01	-3.408839925563252882e-01	2.621394769387775381e-01	-1.835761760255337494e-01	1.417304995385030852e-01	-1.047604262522795066e-01	2.242036827424968015e-01	-2.585947595516434605e-01	1.618848097636929884e-01	-1.598529364248772178e-01	1.205446893408256698e-01	-1.757639516176496830e-01	1.356748752860863216e-01	-2.047959837960128260e-01	1.332824007997215066e-01	-1.536593550311864120e-01
-2.410573654971253643e-01	8.991751339010356503e-02	-9.545547319073195702e-02	5.468961272613220848e-02	-8.156832531678118170e-02	2.246816415606266715e-01	-8.975071636638665140e-02	1.062303567017068295e-01	-5.706937314977357512e-02	7.303702245805476778e-02	-5.515776364432014578e-01	1.000000000000000888e+00	-6.015534373269716406e-01	1.926186719674275460e-01	-1.049258707804985175e-01	1.854459799142559595e-01	-3.964699293118558732e-01	2.036079138553050227e-01	-1.503741859031512418e-01	9.975981779475495692e-02	-1.749078110341475978e-01	2.424117535453625127e-01	-1.766365184842906277e-01	1.512388687997050229e-01	-1.154765293842040103e-01	1.394328682855905388e-01	-1.153014099012790172e-01	1.745267997298110552e-01	-1.221972587329432092e-01	1.367230236150407396e-01
2.142632457041751537e-01	-9.908613030553932444e-02	1.215611775028315189e-01	-7.041779098596706588e-02	1.041945103139020334e-01	-2.115845720761427295e-01	9.440426896907613830e-02	-1.527356427476816714e-01	7.755568042840131626e-02	-9.859426683603618458e-02	2.709262763392611961e-01	-6.015534373269716406e-01	1.000000000000001776e+00	-3.509890022997785852e-01	1.545731056097452150e-01	-1.721293909899793417e-01	2.967627498306636968e-01	-3.865955072659776337e-01	2.295305446129002336e-01	-1.502763331323180851e-01	1.602745290415630297e-01	-3.209977054201179070e-01	2.460202519140421151e-01	-2.252775727202562250e-01	1.645875928591769288e-01	-1.722958010216009139e-01	1.426334663823283222e-01	-2.399123616620696953e-01	1.698122367036382641e-01	-1.946541174012250408e-01
-1.989100405096441426e-01	7.392740397033800703e-02	-1.063545466274729290e-01	6.093194329932364456e-02	-9.360952057912237667e-02	1.392100722354866760e-01	-7.133452185538502466e-02	1.024728347734810696e-01	-6.547531674054372919e-02	8.194303914274139733e-02	-1.913364206848687799e-01	1.926186719674275460e-01	-3.509890022997785852e-01	1.000000000000002442e+00	-3.956674494014532084e-01	1.227382999350438292e-01	-2.740146286967000133e-01	2.571414116797547944e-01	-6.124817028222151460e-01	2.406854461805450207e-01	-1.331947463812264698e-01	2.224850219857210099e-01	-2.417639580811471733e-01	2.854430953095802304e-01	-2.602947848539223230e-01	1.340749398434475936e-01	-1.258184011105202560e-01	2.043940675364213921e-01	-2.096798363087434280e-01	2.128586377062285928e-01
1.132402256306389854e-01	-4.547445623582469648e-02	6.903295498239039873e-02	-4.031691956688776557e-02	6.149409855011239712e-02	-8.049882413041919982e-02	4.359830619154538012e-02	-6.690451446466880170e-02	4.714595137019100130e-02	-6.549254797394911398e-02	1.048574349034095132e-01	-1.049258707804985175e-01	1.545731056097452150e-01	-3.956674494014532084e-01	1.000000000000000666e+00	-7.431414560799116942e-02	1.535616624245245143e-01	-1.463097039510641295e-01	2.086693804213605452e-01	-7.882590725068600035e-01	8.040176601181875382e-02	-1.445742798992149802e-01	1.374843704816196832e-01	-2.348494067110916683e-01	2.648724507726186173e-01	-9.558024678749676983e-02	8.770716518899888958e-02	-1.613616118310048086e-01	1.620831374244096623e-01	-2.441929517186594567e-01
-1.785458160148937490e-01	6.361938488805243819e-02	-6.874464430882064325e-02	3.956938546552985631e-02	-5.961823593730566223e-02	1.652906398174607272e-01	-6.141720447364289875e-02	7.074144155868472561e-02	-3.846906835643833927e-02	5.164316924217334653e-02	-3.408839925563252882e-01	1.854459799142559595e-01	-1.721293909899793417e-01	1.227382999350438292e-01	-7.431414560799116942e-02	1.000000000000000000e+00	-2.705099054757996169e-01	1.245694691790835140e-01	-9.998953275658045703e-02	7.193618064244906851e-02	-8.221763150745647897e-01	2.011446879369040153e-01	-1.239901735418277584e-01	1.120759835999826509e-01	-8.837509538683856192e-02	1.957004266049184316e-01	-1.650909072770845865e-01	1.562667087270362409e-01	-1.047031205719438501e-01	1.082157979585354063e-01
2.323885693038617306e-01	-1.022260398835168477e-01	1.219715424779870688e-01	-7.190721296065372137e-02	1.068101836981598801e-01	-2.120876862409622476e-01	9.449610169328442888e-02	-1.321869066221851297e-01	7.195766260032113171e-02	-9.915662902058952621e-02	2.621394769387775381e-01	-3.964699293118558732e-01	2.967627498306636968e-01	-2.740146286967000133e-01	1.535616624245245143e-01	-2.705099054757996169e-01	1.000000000000001554e+00	-3.147683946843691238e-01	2.144614989945629047e-01	-1.549806077137201865e-01	2.218636496614102005e-01	-5.718087691317078614e-01	2.716866089194428513e-01	-2.453958502256592400e-01	1.804964845156752373e-01	-2.414239651760750893e-01	1.928517000801417136e-01	-3.039950980917449086e-01	1.991441112440509587e-01	-2.296603719701253987e-01
-1.780137325949359417e-01	6.727236009300018027e-02	-9.077060732089187178e-02	5.178088079673679595e-02	-7.928299085273878000e-02	1.327518433388852337e-01	-6.459660732033634112e-02	9.084762390127777698e-02	-5.128892546021272120e-02	6.674675078051958699e-02	-1.835761760255337494e-01	2.036079138553050227e-01	-3.865955072659776337e-01	2.571414116797547944e-01	-1.463097039510641295e-01	1.245694691790835140e-01	-3.147683946843691238e-01	1.000000000000001332e+00	-4.057215037582831973e-01	1.328499515170414313e-01	-1.326835316653282582e-01	2.868814112609683886e-01	-6.682140556336944037e-01	2.469294741005838567e-01	-1.697738823233240490e-01	1.344786481876778517e-01	-1.259796766413607549e-01	2.057178527118876943e-01	-1.727614177185653743e-01	1.687611295761543007e-01
1.467753426458980048e-01	-5.623897089637067831e-02	7.856889845677533790e-02	-4.528673622984093899e-02	6.913417282341147163e-02	-1.068301931897964185e-01	5.373909066039891241e-02	-7.774780278385164112e-02	4.711259273739559078e-02	-6.125684794623599549e-02	1.417304995385030852e-01	-1.503741859031512418e-01	2.295305446129002336e-01	-6.124817028222151460e-01	2.086693804213605452e-01	-9.998953275658045703e-02	2.144614989945629047e-01	-4.057215037582831973e-01	9.999999999999994449e-01	-2.022515327237702221e-01	1.074164271123081993e-01	-2.156664225709301053e-01	2.505947766645161834e-01	-5.149328206972708655e-01	2.262298572873334690e-01	-1.234553068280193899e-01	1.142469089089897666e-01	-2.095432447051310820e-01	2.064556521436630154e-01	-2.128888342274066758e-01
-1.154767918477306449e-01	4.400869731232066873e-02	-6.684265521433083168e-02	3.850432702282829273e-02	-5.947257964845776429e-02	7.919435613724236378e-02	-4.231237356071468336e-02	6.221263077074742909e-02	-4.220549511493073419e-02	5.662848269365846482e-02	-1.047604262522795066e-01	9.975981779475495692e-02	-1.502763331323180851e-01	2.406854461805450207e-01	-7.882590725068600035e-01	7.193618064244906851e-02	-1.549806077137201865e-01	1.328499515170414313e-01	-2.022515327237702221e-01	9.999999999999986677e-01	-7.915209739895943952e-02	1.326780098584968703e-01	-1.329027931292022791e-01	2.106222970414459439e-01	-4.379370762680823703e-01	8.788429931830957220e-02	-8.345235977503809299e-02	1.454040887460207321e-01	-1.635175659777632073e-01	2.214311824013078522e-01
1.594131987921677263e-01	-6.302271729100762665e-02	6.938265040652047411e-02	-4.027066806112197112e-02	6.041880794401844473e-02	-1.600682050563552727e-01	5.937709435360915416e-02	-7.241796627835010713e-02	3.939099958043918576e-02	-5.350411500778332052e-02	2.242036827424968015e-01	-1.749078110341475978e-01	1.602745290415630297e-01	-1.331947463812264698e-01	8.040176601181875382e-02	-8.221763150745647897e-01	2.218636496614102005e-01	-1.326835316653282582e-01	1.074164271123081993e-01	-7.915209739895943952e-02	9.999999999999993339e-01	-2.433707454822040261e-01	1.338521508271062754e-01	-1.256154317621857863e-01	9.744716459211000270e-02	-3.042645819392484907e-01	1.865377817566648000e-01	-1.891377091732976135e-01	1.178143185492034756e-01	-1.240075731158553629e-01
-2.725836412299810219e-01	9.581805873822694941e-02	-1.298144720851790168e-01	7.371209834352866752e-02	-1.141988278972224102e-01	1.889001346553355054e-01	-9.169563221518615970e-02	1.214162606204079314e-01	-6.755323653310098264e-02	9.037469750266813318e-02	-2.585947595516434605e-01	2.424117535453625127e-01	-3.209977054201179070e-01	2.224850219857210099e-01	-1.445742798992149802e-01	2.011446879369040153e-01	-5.718087691317078614e-01	2.868814112609683886e-01	-2.156664225709301053e-01	1.326780098584968703e-01	-2.433707454822040261e-01	1.000000000000000666e+00	-4.985128330409998032e-01	2.177162673530228243e-01	-1.718015344184664339e-01	2.023597493975042294e-01	-2.162501545978744999e-01	2.433590220806712001e-01	-1.862960836511958485e-01	1.844619327123341590e-01
1.641834943666840296e-01	-6.284311533146914874e-02	8.430968382979919795e-02	-4.843274911811374511e-02	7.397974166427115361e-02	-1.230543516476616528e-01	5.973782383456893025e-02	-8.406416791706239344e-02	4.739090576808271948e-02	-6.307349641091662684e-02	1.618848097636929884e-01	-1.766365184842906277e-01	2.460202519140421151e-01	-2.417639580811471733e-01	1.374843704816196832e-01	-1.239901735418277584e-01	2.716866089194428513e-01	-6.682140556336944037e-01	2.505947766645161834e-01	-1.329027931292022791e-01	1.338521508271062754e-01	-4.985128330409998032e-01	1.000000000000000888e+00	-3.026023855989121158e-01	1.715305708707703936e-01	-1.529067990744830130e-01	1.445934597736640570e-01	-2.697725880684616051e-01	1.871136204803453551e-01	-1.855922797974591254e-01
-1.745610882576335843e-01	6.291879083962494124e-02	-8.950887274128804805e-02	5.102591198636721032e-02	-7.900173403991973820e-02	1.191667257803817603e-01	-6.029583046199108592e-02	8.374048693520731723e-02	-4.958302793245260992e-02	6.573166347826960021e-02	-1.598529364248772178e-01	1.512388687997050229e-01	-2.252775727202562250e-01	2.854430953095802304e-01	-2.348494067110916683e-01	1.120759835999826509e-01	-2.453958502256592400e-01	2.469294741005838567e-01	-5.149328206972708655e-01	2.106222970414459439e-01	-1.256154317621857863e-01	2.177162673530228243e-01	-3.026023855989121158e-01	1.000000000000001110e+00	-4.656858236683557029e-01	1.408854819743783626e-01	-1.423985067561617246e-01	2.527687150080378808e-01	-4.238457448631088864e-01	2.931432770665962639e-01
1.320341738901473772e-01	-4.942834833057981742e-02	7.102131281759252457e-02	-4.083378437865664567e-02	6.283836300216751047e-02	-9.174024636989241976e-02	4.716322967691063267e-02	-6.754228471361548025e-02	4.113782691598343033e-02	-5.533585148729682629e-02	1.205446893408256698e-01	-1.154765293842040103e-01	1.645875928591769288e-01	-2.602947848539223230e-01	2.648724507726186173e-01	-8.837509538683856192e-02	1.804964845156752373e-01	-1.697738823233240490e-01	2.262298572873334690e-01	-4.379370762680823703e-01	9.744716459211000270e-02	-1.718015344184664339e-01	1.715305708707703936e-01	-4.656858236683557029e-01	1.000000000000001554e+00	-1.229256092149713375e-01	1.168901740276760415e-01	-2.309985605298808808e-01	2.729883592200884057e-01	-6.016328344369712422e-01
-1.787849271004936513e-01	6.052317819873941768e-02	-8.020002479564482256e-02	4.547172406605402839e-02	-7.058994588427364159e-02	1.243416851247889365e-01	-5.803584834959834432e-02	7.399569607309247621e-02	-4.132008168483716076e-02	5.552551402116141788e-02	-1.757639516176496830e-01	1.394328682855905388e-01	-1.722958010216009139e-01	1.340749398434475936e-01	-9.558024678749676983e-02	1.957004266049184316e-01	-2.414239651760750893e-01	1.344786481876778517e-01	-1.234553068280193899e-01	8.788429931830957220e-02	-3.042645819392484907e-01	2.023597493975042294e-01	-1.529067990744830130e-01	1.408854819743783626e-01	-1.229256092149713375e-01	1.000000000000001332e+00	-7.986517136161961350e-01	2.617939496926009468e-01	-1.819952155224930368e-01	1.417258641691322152e-01
1.376894204497316476e-01	-4.883851569804492643e-02	6.458781988828274367e-02	-3.682551149301419025e-02	5.685059486533074885e-02	-9.997130021578047587e-02	4.654894760203453358e-02	-6.088089924795796193e-02	3.414926270849219514e-02	-4.598752435127696769e-02	1.356748752860863216e-01	-1.153014099012790172e-01	1.426334663823283222e-01	-1.258184011105202560e-01	8.770716518899888958e-02	-1.650909072770845865e-01	1.928517000801417136e-01	-1.259796766413607549e-01	1.142469089089897666e-01	-8.345235977503809299e-02	1.865377817566648000e-01	-2.162501545978744999e-01	1.445934597736640570e-01	-1.423985067561617246e-01	1.168901740276760415e-01	-7.986517136161961350e-01	1.000000000000001776e+00	-4.269999525949457198e-01	1.826341442231545487e-01	-1.511488841229111091e-01
-2.312327945930296447e-01	7.827038161053220811e-02	-1.101061461799163199e-01	6.223683457200357427e-02	-9.724596313917167889e-02	1.511190416133803005e-01	-7.509441089187271490e-02	9.924245747985341315e-02	-5.637978096793122562e-02	7.546699602392203943e-02	-2.047959837960128260e-01	1.745267997298110552e-01	-2.399123616620696953e-01	2.043940675364213921e-01	-1.613616118310048086e-01	1.562667087270362409e-01	-3.039950980917449086e-01	2.057178527118876943e-01	-2.095432447051310820e-01	1.454040887460207321e-01	-1.891377091732976135e-01	2.433590220806712001e-01	-2.697725880684616051e-01	2.527687150080378808e-01	-2.309985605298808808e-01	2.617939496926009468e-01	-4.269999525949457198e-01	1.000000000000002220e+00	-5.681970060919048215e-01	2.642063041566589110e-01
1.465815837165855562e-01	-5.262705429857526124e-02	7.410347374995272796e-02	-4.228468616351208076e-02	6.544674217885465550e-02	-1.003210618961008077e-01	5.026863806198247214e-02	-6.922471204481270290e-02	4.039520292989103034e-02	-5.411178371361607953e-02	1.332824007997215066e-01	-1.221972587329432092e-01	1.698122367036382641e-01	-2.096798363087434280e-01	1.620831374244096623e-01	-1.047031205719438501e-01	1.991441112440509587e-01	-1.727614177185653743e-01	2.064556521436630154e-01	-1.635175659777632073e-01	1.178143185492034756e-01	-1.862960836511958485e-01	1.871136204803453551e-01	-4.238457448631088864e-01	2.729883592200884057e-01	-1.819952155224930368e-01	1.826341442231545487e-01	-5.681970060919048215e-01	1.000000000000001998e+00	-5.563610704495312032e-01
-1.753323335391537008e-01	6.152705232232810739e-02	-8.915210411400331658e-02	5.063363320420636443e-02	-7.892542439572122759e-02	1.153506386670925810e-01	-5.896246069763126652e-02	8.089647423430963713e-02	-4.786013605044341784e-02	6.409579034530912822e-02	-1.536593550311864120e-01	1.367230236150407396e-01	-1.946541174012250408e-01	2.128586377062285928e-01	-2.441929517186594567e-01	1.082157979585354063e-01	-2.296603719701253987e-01	1.687611295761543007e-01	-2.128888342274066758e-01	2.214311824013078522e-01	-1.240075731158553629e-01	1.844619327123341590e-01	-1.855922797974591254e-01	2.931432770665962639e-01	-6.016328344369712422e-01	1.417258641691322152e-01	-1.511488841229111091e-01	2.642063041566589110e-01	-5.563610704495312032e-01	1.000000000000001998e+00
