1.000000000000000000e+00	-9.697374925357169495e-01	6.358841498400114034e-02	-4.957446900740604401e-02	3.364665977277882941e-02	-1.496511674356481303e-01	1.400379813263566142e-01	-5.863206498410166584e-02	4.033787324980867700e-02	-3.713441093014638317e-02	1.087393128066935222e-01	-8.622512816033703342e-02	5.597578115176066182e-02	-5.570951818313339687e-02	2.467974245168988792e-02	-1.000005654100824815e-01	5.220567115897070676e-02	-4.712185792548814756e-02	4.436314579904492017e-02	-2.205048873482974570e-02	4.496081183973531237e-02	-4.632380132824220897e-02	4.053396679583300827e-02	-3.427218510122673201e-02	2.688447566181131204e-02	-3.485792952185012145e-02	3.148054227237357533e-02	-2.971492553411336085e-02	3.667871179857327968e-02	-2.310680878927685172e-02
-9.697374925357169495e-01	9.999999999999997780e-01	-6.644573414916274401e-02	4.876010052662766575e-02	-3.341492725649566897e-02	1.320666577917868900e-01	-1.602479202322496521e-01	5.811142442189921181e-02	-3.995680011196654086e-02	3.637392917460290781e-02	-1.135644868160013837e-01	8.274440125863756490e-02	-5.594896984196465889e-02	5.414983383263100025e-02	-2.447695276813849352e-02	9.300489711507629875e-02	-5.127987980285286795e-02	4.595130612940861309e-02	-4.404308649086245697e-02	2.173951584106403184e-02	-4.398891054345299007e-02	4.465678405393770645e-02	-3.996013150676421682e-02	3.367997728156518072e-02	-2.664848194099682724e-02	3.380538736384219867e-02	-3.088896145569313550e-02	2.914531728660963231e-02	-3.635248653606162894e-02	2.276595908552180719e-02
6.358841498400114034e-02	-6.644573414916274401e-02	9.999999999999997780e-01	-6.395025130973721605e-01	2.541763179850310417e-01	-1.227519687501714557e-01	1.705294039369851800e-01	-4.454052275465187893e-01	3.095688100778193341e-01	-3.022889628746990298e-01	1.539551323395613736e-01	-2.426999132594572228e-01	2.673866500627691822e-01	-3.866522671161628510e-01	1.103395690765137382e-01	-2.141179765372378807e-01	1.646790320481594794e-01	-1.763746128941797997e-01	1.762714607054291227e-01	-1.008171764473408116e-01	1.361206974068621678e-01	-1.481800994499692103e-01	1.416753432194971518e-01	-1.334073529960399795e-01	1.004476070271467653e-01	-1.168713473391891494e-01	1.066631973949296458e-01	-1.054197772023489077e-01	1.326280688255378482e-01	-8.709454646337499995e-02
-4.957446900740604401e-02	4.876010052662766575e-02	-6.395025130973721605e-01	9.999999999999996669e-01	-4.262875435612580866e-01	9.665847355616195846e-02	-1.452413441309446662e-01	2.739161050288685395e-01	-4.716446396180706824e-01	2.875386330295592319e-01	-1.331312159714768684e-01	1.778046141766352062e-01	-2.434594079640059472e-01	2.901974664343185406e-01	-1.021077214452411203e-01	1.574566710203939568e-01	-1.373760357059372883e-01	1.417825388390317187e-01	-1.620283880751816619e-01	8.744983695268940260e-02	-1.162181471380614867e-01	1.184419644797980314e-01	-1.250224858655090421e-01	1.141251295303128965e-01	-9.140153222360206109e-02	9.543473845656022525e-02	-9.229375004506606972e-02	9.045671851915160211e-02	-1.209384408709792830e-01	7.620487126566707903e-02
3.364665977277882941e-02	-3.341492725649566897e-02	2.541763179850310417e-01	-4.262875435612580866e-01	9.999999999999995559e-01	-7.178125730156957596e-02	1.042105447651022754e-01	-2.092339742274838821e-01	2.682940384379076115e-01	-8.037112583243670727e-01	9.625969411785793850e-02	-1.388405484452038263e-01	1.690112794603284285e-01	-2.683299519518950738e-01	8.926539020821318282e-02	-1.235850329771802647e-01	1.024304174141794643e-01	-1.083945788738196886e-01	1.209225222584044968e-01	-8.004309003881400486e-02	8.642191674446809968e-02	-9.120788292385954843e-02	9.247929530675765009e-02	-8.872985236494876360e-02	6.863997191106599449e-02	-7.343873335977932348e-02	6.902691582257984571e-02	-6.837786838528926714e-02	8.919911391637368181e-02	-5.860744254933559355e-02
-1.496511674356481303e-01	1.320666577917868900e-01	-1.227519687501714557e-01	9.665847355616195846e-02	-7.178125730156957596e-02	9.999999999999992228e-01	-6.759475840516508960e-01	1.391092123394112035e-01	-8.969539671202207687e-02	7.686794206494297621e-02	-6.119393164740083435e-01	2.159693973179327986e-01	-1.384014359080851797e-01	1.198295228442515931e-01	-5.788826714728300543e-02	2.534113657468823888e-01	-1.336247041051527584e-01	1.135618126676988249e-01	-1.069332613919132952e-01	5.116671641038389451e-02	-1.122795162913746148e-01	1.106706131155646283e-01	-9.900344069190838980e-02	8.136488291225377201e-02	-6.489786445692521943e-02	8.312838945511061284e-02	-7.647110952775026949e-02	7.156149522071852953e-02	-8.928959375483377925e-02	5.518967099048163738e-02
1.400379813263566142e-01	-1.602479202322496521e-01	1.705294039369851800e-01	-1.452413441309446662e-01	1.042105447651022754e-01	-6.759475840516508960e-01	9.999999999999998890e-01	-2.399579642439454708e-01	1.346521236549405309e-01	-1.153690774284998749e-01	3.143233809929738554e-01	-4.026168917930822433e-01	2.036779418940115605e-01	-1.837081748366898859e-01	7.987723431727303258e-02	-3.560234742984545453e-01	1.905059092387763331e-01	-1.678847550862182791e-01	1.470167504033932926e-01	-7.173815440613404149e-02	1.503944740433242611e-01	-1.591895828198517104e-01	1.360099852126950282e-01	-1.140445999457701115e-01	8.799821724956093105e-02	-1.172782191317404965e-01	1.048344759467201015e-01	-9.942548967168068907e-02	1.207195755564968997e-01	-7.611444487191748598e-02
-5.863206498410166584e-02	5.811142442189921181e-02	-4.454052275465187893e-01	2.739161050288685395e-01	-2.092339742274838821e-01	1.391092123394112035e-01	-2.399579642439454708e-01	9.999999999999992228e-01	-4.409233479685798485e-01	2.084219008832553788e-01	-1.732619028985132037e-01	2.487860624258245168e-01	-6.061814160444732869e-01	3.076373442738632447e-01	-1.083078188503576178e-01	1.935937605257951610e-01	-1.891012286012077048e-01	1.998553472154073474e-01	-1.916204078664145993e-01	9.411733127800032961e-02	-1.385204830367936235e-01	1.434697687944099243e-01	-1.536270967270744747e-01	1.341262233043824526e-01	-1.047828016664090200e-01	1.123917346827398855e-01	-1.088798210045034132e-01	1.082044384996236897e-01	-1.411388325042240433e-01	8.783389886952627790e-02
4.033787324980867700e-02	-3.995680011196654086e-02	3.095688100778193341e-01	-4.716446396180706824e-01	2.682940384379076115e-01	-8.969539671202207687e-02	1.346521236549405309e-01	-4.409233479685798485e-01	9.999999999999992228e-01	-3.773411493378863724e-01	1.171956020199492882e-01	-1.713511111781416407e-01	2.579719487834081226e-01	-5.899559062065524717e-01	1.010787195151250095e-01	-1.421986929029395441e-01	1.289433621021940646e-01	-1.397506144644003745e-01	1.587015724426661112e-01	-8.854617707653437975e-02	1.030359529456408713e-01	-1.077394046632221963e-01	1.139418523899078661e-01	-1.104662726890836694e-01	8.363265563041906436e-02	-8.646161238024951956e-02	8.278587113287894095e-02	-8.302971311598233983e-02	1.096434732579825017e-01	-7.072282030066355529e-02
-3.713441093014638317e-02	3.637392917460290781e-02	-3.022889628746990298e-01	2.875386330295592319e-01	-8.037112583243670727e-01	7.686794206494297621e-02	-1.153690774284998749e-01	2.084219008832553788e-01	-3.773411493378863724e-01	9.999999999999996669e-01	-1.069437702034742588e-01	1.424810017712863364e-01	-1.904914764060361143e-01	2.441642199811779324e-01	-1.049589162753900989e-01	1.272589061321730830e-01	-1.111106327122419052e-01	1.151518188105215834e-01	-1.353454511480080835e-01	8.687052956244256663e-02	-9.478593262309065182e-02	9.683015420757194736e-02	-1.025567674366779924e-01	9.576003087166500005e-02	-7.698528882856454925e-02	7.856345423346924872e-02	-7.598195833578268166e-02	7.471069897029253282e-02	-1.003523488578672851e-01	6.436428936273866364e-02
1.087393128066935222e-01	-1.135644868160013837e-01	1.539551323395613736e-01	-1.331312159714768684e-01	9.625969411785793850e-02	-6.119393164740083435e-01	3.143233809929738554e-01	-1.732619028985132037e-01	1.171956020199492882e-01	-1.069437702034742588e-01	1.000000000000000222e+00	-3.149986052523451319e-01	1.745708930219552202e-01	-1.707199806319985580e-01	8.024113565806839654e-02	-5.595193386884799169e-01	1.909986940720212745e-01	-1.663148921627222443e-01	1.481392738202437775e-01	-7.219401445320844379e-02	1.725099125441822145e-01	-1.759629941288492760e-01	1.420477230801675816e-01	-1.169960361060603526e-01	9.102429538829495681e-02	-1.290929981234724133e-01	1.130210020460744591e-01	-1.049271157294963258e-01	1.255994027467182694e-01	-7.905845565174235423e-02
-8.622512816033703342e-02	8.274440125863756490e-02	-2.426999132594572228e-01	1.778046141766352062e-01	-1.388405484452038263e-01	2.159693973179327986e-01	-4.026168917930822433e-01	2.487860624258245168e-01	-1.713511111781416407e-01	1.424810017712863364e-01	-3.149986052523451319e-01	9.999999999999994449e-01	-4.242695262016856761e-01	2.313983978194678603e-01	-1.300482645871419152e-01	2.898575702470561621e-01	-4.967025359298622988e-01	2.895386543156480141e-01	-2.589657090639916892e-01	1.128939266495648797e-01	-2.281897096007302062e-01	2.248039531798610435e-01	-2.331250302828083987e-01	1.829834456777610086e-01	-1.470456496381891132e-01	1.655633531334232966e-01	-1.657026850367350757e-01	1.586542232484937642e-01	-2.047086771353841816e-01	1.220113273570019863e-01
5.597578115176066182e-02	-5.594896984196465889e-02	2.673866500627691822e-01	-2.434594079640059472e-01	1.690112794603284285e-01	-1.384014359080851797e-01	2.036779418940115605e-01	-6.061814160444732869e-01	2.579719487834081226e-01	-1.904914764060361143e-01	1.745708930219552202e-01	-4.242695262016856761e-01	9.999999999999991118e-01	-3.994184029395159707e-01	1.146397927345953888e-01	-2.259236526477664542e-01	2.467776008643032259e-01	-3.498665364671866285e-01	2.139037892344184122e-01	-1.048908543931778709e-01	1.567666033358458277e-01	-1.756152976498777107e-01	1.785596533976459566e-01	-1.582086293169898683e-01	1.139820112622355608e-01	-1.316428632152104039e-01	1.231915465537741367e-01	-1.274013034676808598e-01	1.542539364706385085e-01	-9.894943199554197266e-02
-5.570951818313339687e-02	5.414983383263100025e-02	-3.866522671161628510e-01	2.901974664343185406e-01	-2.683299519518950738e-01	1.198295228442515931e-01	-1.837081748366898859e-01	3.076373442738632447e-01	-5.899559062065524717e-01	2.441642199811779324e-01	-1.707199806319985580e-01	2.313983978194678603e-01	-3.994184029395159707e-01	1.000000000000000666e+00	-1.767468955445677392e-01	1.977073216062966432e-01	-1.932534894134828318e-01	2.051895961725254680e-01	-2.947577300511640686e-01	1.416693403822742170e-01	-1.564377698009791484e-01	1.592017615887331983e-01	-1.792951079840377770e-01	1.769915266718939395e-01	-1.370719655347660826e-01	1.297815942055563776e-01	-1.283450295527326090e-01	1.290797961669879756e-01	-1.791803451353908005e-01	1.125850645285433049e-01
2.467974245168988792e-02	-2.447695276813849352e-02	1.103395690765137382e-01	-1.021077214452411203e-01	8.926539020821318282e-02	-5.788826714728300543e-02	7.987723431727303258e-02	-1.083078188503576178e-01	1.010787195151250095e-01	-1.049589162753900989e-01	8.024113565806839654e-02	-1.300482645871419152e-01	1.146397927345953888e-01	-1.767468955445677392e-01	1.000000000000000888e+00	-1.271827459965448603e-01	1.068383239567432530e-01	-1.309895210942395305e-01	2.027846777652477506e-01	-9.117405384307205596e-01	9.212264221188444513e-02	-1.074901837315813125e-01	1.120239867282318419e-01	-1.648578994665030051e-01	1.468270223078358694e-01	-9.361380483834201571e-02	8.322572017769765129e-02	-9.378042299562348860e-02	1.259932691961209716e-01	-1.357471928052940702e-01
-1.000005654100824815e-01	9.300489711507629875e-02	-2.141179765372378807e-01	1.574566710203939568e-01	-1.235850329771802647e-01	2.534113657468823888e-01	-3.560234742984545453e-01	1.935937605257951610e-01	-1.421986929029395441e-01	1.272589061321730830e-01	-5.595193386884799169e-01	2.898575702470561621e-01	-2.259236526477664542e-01	1.977073216062966432e-01	-1.271827459965448603e-01	1.000000000000000222e+00	-3.341242866227319697e-01	2.335537666572993776e-01	-2.426998965371634509e-01	1.093660176463051720e-01	-3.617234271068925366e-01	2.552969236280616117e-01	-2.360196239617686487e-01	1.801253595583804379e-01	-1.522177292728389697e-01	1.965431682017567683e-01	-1.899120766427726259e-01	1.666137067110037839e-01	-2.142161687155922922e-01	1.256756386635949629e-01
5.220567115897070676e-02	-5.127987980285286795e-02	1.646790320481594794e-01	-1.373760357059372883e-01	1.024304174141794643e-01	-1.336247041051527584e-01	1.905059092387763331e-01	-1.891012286012077048e-01	1.289433621021940646e-01	-1.111106327122419052e-01	1.909986940720212745e-01	-4.967025359298622988e-01	2.467776008643032259e-01	-1.932534894134828318e-01	1.068383239567432530e-01	-3.341242866227319697e-01	9.999999999999997780e-01	-6.413439605056591164e-01	2.378269405864163466e-01	-1.005097465230646164e-01	2.161971323061449290e-01	-3.143550172647454621e-01	2.321763284554048956e-01	-1.851234588029202766e-01	1.246275912093347399e-01	-1.642935979648371680e-01	1.539240017544564465e-01	-1.608385610971079793e-01	1.756259065013842102e-01	-1.107196294697392613e-01
-4.712185792548814756e-02	4.595130612940861309e-02	-1.763746128941797997e-01	1.417825388390317187e-01	-1.083945788738196886e-01	1.135618126676988249e-01	-1.678847550862182791e-01	1.998553472154073474e-01	-1.397506144644003745e-01	1.151518188105215834e-01	-1.663148921627222443e-01	2.895386543156480141e-01	-3.498665364671866285e-01	2.051895961725254680e-01	-1.309895210942395305e-01	2.335537666572993776e-01	-6.413439605056591164e-01	1.000000000000000444e+00	-4.014730311351296099e-01	1.207938605531800463e-01	-1.979920563407210066e-01	2.307926300789343577e-01	-3.449735395972312046e-01	2.249467491784488127e-01	-1.493985126121325779e-01	1.655466655016136768e-01	-1.654573235061172487e-01	1.875602818748917378e-01	-2.154109531500033037e-01	1.285218439418446823e-01
4.436314579904492017e-02	-4.404308649086245697e-02	1.762714607054291227e-01	-1.620283880751816619e-01	1.209225222584044968e-01	-1.069332613919132952e-01	1.470167504033932926e-01	-1.916204078664145993e-01	1.587015724426661112e-01	-1.353454511480080835e-01	1.481392738202437775e-01	-2.589657090639916892e-01	2.139037892344184122e-01	-2.947577300511640686e-01	2.027846777652477506e-01	-2.426998965371634509e-01	2.378269405864163466e-01	-4.014730311351296099e-01	9.999999999999996669e-01	-2.587799669641766553e-01	1.788048990183656317e-01	-2.186750266340669047e-01	2.425176881887683433e-01	-6.131644770085166174e-01	2.071539966706048841e-01	-1.827505457224148366e-01	1.635722000771900886e-01	-1.995388250113192541e-01	2.613595758816812942e-01	-1.925625630876642291e-01
-2.205048873482974570e-02	2.173951584106403184e-02	-1.008171764473408116e-01	8.744983695268940260e-02	-8.004309003881400486e-02	5.116671641038389451e-02	-7.173815440613404149e-02	9.411733127800032961e-02	-8.854617707653437975e-02	8.687052956244256663e-02	-7.219401445320844379e-02	1.128939266495648797e-01	-1.048908543931778709e-01	1.416693403822742170e-01	-9.117405384307205596e-01	1.093660176463051720e-01	-1.005097465230646164e-01	1.207938605531800463e-01	-2.587799669641766553e-01	9.999999999999996669e-01	-8.453304634021543973e-02	9.614895247123797506e-02	-1.081107143778848451e-01	1.587233483631635134e-01	-1.728341708296533830e-01	8.402621880340196969e-02	-7.816900888287334204e-02	8.804155886746395376e-02	-1.276420489333163211e-01	1.295920748458427030e-01
4.496081183973531237e-02	-4.398891054345299007e-02	1.361206974068621678e-01	-1.162181471380614867e-01	8.642191674446809968e-02	-1.122795162913746148e-01	1.503944740433242611e-01	-1.385204830367936235e-01	1.030359529456408713e-01	-9.478593262309065182e-02	1.725099125441822145e-01	-2.281897096007302062e-01	1.567666033358458277e-01	-1.564377698009791484e-01	9.212264221188444513e-02	-3.617234271068925366e-01	2.161971323061449290e-01	-1.979920563407210066e-01	1.788048990183656317e-01	-8.453304634021543973e-02	1.000000000000000000e+00	-6.783771335915883549e-01	2.475128661612988612e-01	-1.650607143152003353e-01	1.237997425671289453e-01	-4.596884670536863782e-01	2.591196527611663303e-01	-2.017321952326996404e-01	1.864908000620643658e-01	-1.147304281688015237e-01
-4.632380132824220897e-02	4.465678405393770645e-02	-1.481800994499692103e-01	1.184419644797980314e-01	-9.120788292385954843e-02	1.106706131155646283e-01	-1.591895828198517104e-01	1.434697687944099243e-01	-1.077394046632221963e-01	9.683015420757194736e-02	-1.759629941288492760e-01	2.248039531798610435e-01	-1.756152976498777107e-01	1.592017615887331983e-01	-1.074901837315813125e-01	2.552969236280616117e-01	-3.143550172647454621e-01	2.307926300789343577e-01	-2.186750266340669047e-01	9.614895247123797506e-02	-6.783771335915883549e-01	1.000000000000000666e+00	-3.999353929547403985e-01	1.891041176173608451e-01	-1.473759887025550275e-01	2.783365330697695206e-01	-3.081336558277624760e-01	2.299618261035426547e-01	-2.290377076219023145e-01	1.298833105696535206e-01
4.053396679583300827e-02	-3.996013150676421682e-02	1.416753432194971518e-01	-1.250224858655090421e-01	9.247929530675765009e-02	-9.900344069190838980e-02	1.360099852126950282e-01	-1.536270967270744747e-01	1.139418523899078661e-01	-1.025567674366779924e-01	1.420477230801675816e-01	-2.331250302828083987e-01	1.785596533976459566e-01	-1.792951079840377770e-01	1.120239867282318419e-01	-2.360196239617686487e-01	2.321763284554048956e-01	-3.449735395972312046e-01	2.425176881887683433e-01	-1.081107143778848451e-01	2.475128661612988612e-01	-3.999353929547403985e-01	1.000000000000000000e+00	-3.150357142427001045e-01	1.728717409650869785e-01	-3.018288649734445217e-01	2.719846166796548448e-01	-5.941547289957516131e-01	2.865915476938751816e-01	-1.782778390111525724e-01
-3.427218510122673201e-02	3.367997728156518072e-02	-1.334073529960399795e-01	1.141251295303128965e-01	-8.872985236494876360e-02	8.136488291225377201e-02	-1.140445999457701115e-01	1.341262233043824526e-01	-1.104662726890836694e-01	9.576003087166500005e-02	-1.169960361060603526e-01	1.829834456777610086e-01	-1.582086293169898683e-01	1.769915266718939395e-01	-1.648578994665030051e-01	1.801253595583804379e-01	-1.851234588029202766e-01	2.249467491784488127e-01	-6.131644770085166174e-01	1.587233483631635134e-01	-1.650607143152003353e-01	1.891041176173608451e-01	-3.150357142427001045e-01	1.000000000000000000e+00	-3.515778351208471153e-01	1.731801247718096348e-01	-1.789415823455516863e-01	2.311504721495645509e-01	-4.943919156026088668e-01	2.480172009203540362e-01
2.688447566181131204e-02	-2.664848194099682724e-02	1.004476070271467653e-01	-9.140153222360206109e-02	6.863997191106599449e-02	-6.489786445692521943e-02	8.799821724956093105e-02	-1.047828016664090200e-01	8.363265563041906436e-02	-7.698528882856454925e-02	9.102429538829495681e-02	-1.470456496381891132e-01	1.139820112622355608e-01	-1.370719655347660826e-01	1.468270223078358694e-01	-1.522177292728389697e-01	1.246275912093347399e-01	-1.493985126121325779e-01	2.071539966706048841e-01	-1.728341708296533830e-01	1.237997425671289453e-01	-1.473759887025550275e-01	1.728717409650869785e-01	-3.515778351208471153e-01	1.000000000000000000e+00	-1.451942911012252535e-01	1.311878710271809634e-01	-1.730195864346915635e-01	2.779084302992072542e-01	-8.165338458059790971e-01
-3.485792952185012145e-02	3.380538736384219867e-02	-1.168713473391891494e-01	9.543473845656022525e-02	-7.343873335977932348e-02	8.312838945511061284e-02	-1.172782191317404965e-01	1.123917346827398855e-01	-8.646161238024951956e-02	7.856345423346924872e-02	-1.290929981234724133e-01	1.655633531334232966e-01	-1.316428632152104039e-01	1.297815942055563776e-01	-9.361380483834201571e-02	1.965431682017567683e-01	-1.642935979648371680e-01	1.655466655016136768e-01	-1.827505457224148366e-01	8.402621880340196969e-02	-4.596884670536863782e-01	2.783365330697695206e-01	-3.018288649734445217e-01	1.731801247718096348e-01	-1.451942911012252535e-01	1.000000000000000222e+00	-7.084992356227806098e-01	2.675198321884955099e-01	-2.477311988873777682e-01	1.294226168610089212e-01
3.148054227237357533e-02	-3.088896145569313550e-02	1.066631973949296458e-01	-9.229375004506606972e-02	6.902691582257984571e-02	-7.647110952775026949e-02	1.048344759467201015e-01	-1.088798210045034132e-01	8.278587113287894095e-02	-7.598195833578268166e-02	1.130210020460744591e-01	-1.657026850367350757e-01	1.231915465537741367e-01	-1.283450295527326090e-01	8.322572017769765129e-02	-1.899120766427726259e-01	1.539240017544564465e-01	-1.654573235061172487e-01	1.635722000771900886e-01	-7.816900888287334204e-02	2.591196527611663303e-01	-3.081336558277624760e-01	2.719846166796548448e-01	-1.789415823455516863e-01	1.311878710271809634e-01	-7.084992356227806098e-01	1.000000000000000222e+00	-4.815621859886812794e-01	2.292215193679906504e-01	-1.340006437499361991e-01
-2.971492553411336085e-02	2.914531728660963231e-02	-1.054197772023489077e-01	9.045671851915160211e-02	-6.837786838528926714e-02	7.156149522071852953e-02	-9.942548967168068907e-02	1.082044384996236897e-01	-8.302971311598233983e-02	7.471069897029253282e-02	-1.049271157294963258e-01	1.586542232484937642e-01	-1.274013034676808598e-01	1.290797961669879756e-01	-9.378042299562348860e-02	1.666137067110037839e-01	-1.608385610971079793e-01	1.875602818748917378e-01	-1.995388250113192541e-01	8.804155886746395376e-02	-2.017321952326996404e-01	2.299618261035426547e-01	-5.941547289957516131e-01	2.311504721495645509e-01	-1.730195864346915635e-01	2.675198321884955099e-01	-4.815621859886812794e-01	9.999999999999997780e-01	-4.827092212591761466e-01	1.729715888402014179e-01
3.667871179857327968e-02	-3.635248653606162894e-02	1.326280688255378482e-01	-1.209384408709792830e-01	8.919911391637368181e-02	-8.928959375483377925e-02	1.207195755564968997e-01	-1.411388325042240433e-01	1.096434732579825017e-01	-1.003523488578672851e-01	1.255994027467182694e-01	-2.047086771353841816e-01	1.542539364706385085e-01	-1.791803451353908005e-01	1.259932691961209716e-01	-2.142161687155922922e-01	1.756259065013842102e-01	-2.154109531500033037e-01	2.613595758816812942e-01	-1.276420489333163211e-01	1.864908000620643658e-01	-2.290377076219023145e-01	2.865915476938751816e-01	-4.943919156026088668e-01	2.779084302992072542e-01	-2.477311988873777682e-01	2.292215193679906504e-01	-4.827092212591761466e-01	9.999999999999997780e-01	-4.288132634601671267e-01
-2.310680878927685172e-02	2.276595908552180719e-02	-8.709454646337499995e-02	7.620487126566707903e-02	-5.860744254933559355e-02	5.518967099048163738e-02	-7.611444487191748598e-02	8.783389886952627790e-02	-7.072282030066355529e-02	6.436428936273866364e-02	-7.905845565174235423e-02	1.220113273570019863e-01	-9.894943199554197266e-02	1.125850645285433049e-01	-1.357471928052940702e-01	1.256756386635949629e-01	-1.107196294697392613e-01	1.285218439418446823e-01	-1.925625630876642291e-01	1.295920748458427030e-01	-1.147304281688015237e-01	1.298833105696535206e-01	-1.782778390111525724e-01	2.480172009203540362e-01	-8.165338458059790971e-01	1.294226168610089212e-01	-1.340006437499361991e-01	1.729715888402014179e-01	-4.288132634601671267e-01	9.999999999999997780e-01
