1.000000000000000000e+00	-3.207901081990622849e-01	1.921229906456649594e-01	-1.053186054695432056e-01	1.103075242526018185e-01	-4.058328452950681897e-01	2.429528055736162040e-01	-2.259532114125149260e-01	1.170324848992635586e-01	-1.209558350749333905e-01	2.490362591766155931e-01	-2.769924265745485337e-01	2.550952936869413934e-01	-1.647119594875882109e-01	1.457458351265714380e-01	-4.042893128815867043e-01	2.070263558920891755e-01	-2.465866988437807883e-01	1.324008691118290226e-01	-1.209573113113182191e-01	2.411223971249936704e-01	-1.830147774135170158e-01	1.391164312757472987e-01	-1.335757096184503889e-01	1.105875119692147496e-01	-5.062016440544853113e-01	1.917766435180526807e-01	-1.240255463290200477e-01	1.218808738578981837e-01	-1.169982829058432983e-01
-3.207901081990622849e-01	1.000000000000000444e+00	-6.107537114083959606e-01	1.476098317012874972e-01	-1.553587797268252690e-01	2.460454839293357010e-01	-5.338128947278255598e-01	3.262182891305719923e-01	-1.445380247435575916e-01	1.279695541180037588e-01	-2.039717625967131798e-01	1.965773583051646511e-01	-2.586214688773345594e-01	1.417136040354553816e-01	-1.362024211997112655e-01	1.351969217649053312e-01	-1.394837232199347410e-01	1.500707426549862944e-01	-1.139071528096576302e-01	9.947314689821366851e-02	-8.667067257474470043e-02	9.632502838022782843e-02	-8.965881160432737085e-02	8.907875490119895878e-02	-8.157579203910005072e-02	1.575185634289646974e-01	-1.073860824160754873e-01	7.431330235654468042e-02	-8.416998615994371324e-02	7.879081359483977587e-02
1.921229906456649594e-01	-6.107537114083959606e-01	1.000000000000000444e+00	-2.064433471224781935e-01	1.549768225174092684e-01	-1.945298378023087582e-01	2.935861771273457488e-01	-6.458566855994413158e-01	1.501876415793628183e-01	-1.336158016377527180e-01	1.447790155751660646e-01	-1.660107581783105968e-01	2.093297759566591087e-01	-1.306872454061365763e-01	1.130427388560875795e-01	-1.096991868683666466e-01	1.083254623501468117e-01	-1.299018515583265920e-01	9.603843042771270655e-02	-8.645905198066075603e-02	6.912489468060176168e-02	-7.729250275713256402e-02	7.138765845046821101e-02	-7.416455195037940928e-02	6.589028174536822047e-02	-1.288193372408129589e-01	8.329574882218121479e-02	-5.997113568710635279e-02	6.779736897478233493e-02	-6.568000088469370945e-02
-1.053186054695432056e-01	1.476098317012874972e-01	-2.064433471224781935e-01	1.000000000000000444e+00	-7.053244202411704800e-01	8.618122076395708098e-02	-1.054224792958066287e-01	1.444150257844906415e-01	-5.639369941205076842e-01	3.133322055658775418e-01	-7.188212479034730706e-02	8.653174060140592094e-02	-1.234671944944107924e-01	1.768290219388219953e-01	-1.671062115135828474e-01	6.483824258144899044e-02	-6.815025404799146536e-02	8.099192945324625026e-02	-1.275722863390958417e-01	1.168998561272952819e-01	-4.141025916481049646e-02	5.319501110252452397e-02	-6.255425985211407469e-02	7.607623426386379839e-02	-7.323003968587500634e-02	7.867701325817023916e-02	-5.837939368380137828e-02	5.157579606813202100e-02	-6.856611525910240312e-02	7.161085752214844946e-02
1.103075242526018185e-01	-1.553587797268252690e-01	1.549768225174092684e-01	-7.053244202411704800e-01	1.000000000000000666e+00	-9.221609192851161485e-02	1.041926513686181749e-01	-1.401260325860457789e-01	3.221392633865379218e-01	-5.584171225655386595e-01	7.567435280057710489e-02	-9.334212178440004504e-02	1.246551729895019195e-01	-1.899360035170149785e-01	1.830352369421869851e-01	-7.320807686225659638e-02	7.308294582803401274e-02	-8.859976260929826319e-02	1.289054778656751887e-01	-1.404272243376373797e-01	4.643741479867111166e-02	-5.824567662026788190e-02	6.690309724992168916e-02	-8.359940552172755168e-02	8.190946241975310960e-02	-8.934516636089698260e-02	6.327548684736346296e-02	-5.627980188599587819e-02	7.326139460316180574e-02	-8.433061466781074933e-02
-4.058328452950681897e-01	2.460454839293357010e-01	-1.945298378023087582e-01	8.618122076395708098e-02	-9.221609192851161485e-02	1.000000000000001110e+00	-4.909506253791851571e-01	2.261648408863201343e-01	-9.748902571738141121e-02	9.232528865272390806e-02	-5.951799343133511444e-01	2.896965948588625661e-01	-2.839709735211795594e-01	1.285401530282730687e-01	-1.172110795843984560e-01	1.724988423257795556e-01	-1.624697479814607715e-01	1.653470856806819600e-01	-1.037359348453772423e-01	8.837653420873636811e-02	-1.119488516514556692e-01	1.071967512570723702e-01	-9.184218048342916718e-02	8.665406588912262509e-02	-7.528195952394398094e-02	1.835581503131580305e-01	-1.182284048843791346e-01	7.661120105426090510e-02	-8.205304603358348770e-02	7.374432875271735854e-02
2.429528055736162040e-01	-5.338128947278255598e-01	2.935861771273457488e-01	-1.054224792958066287e-01	1.041926513686181749e-01	-4.909506253791851571e-01	1.000000000000000666e+00	-5.171408769689718188e-01	1.093155562452940710e-01	-1.016061228585397186e-01	2.366085633559616430e-01	-2.605357212777075770e-01	2.369166036085914029e-01	-1.237942463295300527e-01	1.079174596619889431e-01	-1.374123212656027382e-01	1.311098056322557437e-01	-1.488734802049269668e-01	9.456756539844382581e-02	-8.299341501801564547e-02	8.619895008040816264e-02	-9.058023152027618041e-02	7.869490317241999155e-02	-7.752653821079902308e-02	6.741449826388123956e-02	-1.547059159216823687e-01	9.727609368664494327e-02	-6.620502618587155441e-02	7.183095703887243388e-02	-6.702269363125734625e-02
-2.259532114125149260e-01	3.262182891305719923e-01	-6.458566855994413158e-01	1.444150257844906415e-01	-1.401260325860457789e-01	2.261648408863201343e-01	-5.171408769689718188e-01	1.000000000000000888e+00	-1.547312753725623713e-01	1.250969704743412902e-01	-1.846097216408771613e-01	1.967018184598519903e-01	-3.344420515836327712e-01	1.420797361244337254e-01	-1.230794789214904594e-01	1.173841153570446272e-01	-1.297151496756182021e-01	1.495806751594926653e-01	-1.070860355486785293e-01	9.189931163134242020e-02	-7.508021349563250013e-02	8.696031717017760343e-02	-8.020485054051705587e-02	8.080433184981901384e-02	-7.139662607706608044e-02	1.356834568700467369e-01	-9.498838770417314392e-02	6.653147870967737743e-02	-7.501134787545336857e-02	6.990157966277117663e-02
1.170324848992635586e-01	-1.445380247435575916e-01	1.501876415793628183e-01	-5.639369941205076842e-01	3.221392633865379218e-01	-9.748902571738141121e-02	1.093155562452940710e-01	-1.547312753725623713e-01	1.000000000000000222e+00	-6.220181203179340201e-01	8.201020147564998253e-02	-1.036108842959303500e-01	1.483818698307422246e-01	-3.358161368526063062e-01	2.222503751640307057e-01	-7.695833365312788887e-02	8.181997546745874150e-02	-9.997963954412572574e-02	1.763557276176545285e-01	-1.707095744409544424e-01	4.915137796325983605e-02	-6.514409015274262582e-02	7.901052319177209737e-02	-1.022208634946649014e-01	9.557087707993541792e-02	-9.385108299047642544e-02	7.098222248651081534e-02	-6.561168172018433387e-02	8.851328450104777035e-02	-9.610565221388449320e-02
-1.209558350749333905e-01	1.279695541180037588e-01	-1.336158016377527180e-01	3.133322055658775418e-01	-5.584171225655386595e-01	9.232528865272390806e-02	-1.016061228585397186e-01	1.250969704743412902e-01	-6.220181203179340201e-01	1.000000000000001110e+00	-7.959707415266507879e-02	9.794985208731850357e-02	-1.429703395514695941e-01	2.342497199767885896e-01	-3.513169566381459941e-01	7.603661424201009489e-02	-8.226248746539184531e-02	9.746968093460643690e-02	-1.849582348729349457e-01	1.860425294823881137e-01	-4.885389751261467323e-02	6.632472320193938398e-02	-8.403481673995015500e-02	1.055571542878602220e-01	-1.076317623294898440e-01	9.321724551171753359e-02	-7.331283722868368879e-02	6.888246272962930683e-02	-9.561893349257420682e-02	1.027163437358591669e-01
2.490362591766155931e-01	-2.039717625967131798e-01	1.447790155751660646e-01	-7.188212479034730706e-02	7.567435280057710489e-02	-5.951799343133511444e-01	2.366085633559616430e-01	-1.846097216408771613e-01	8.201020147564998253e-02	-7.959707415266507879e-02	1.000000000000000666e+00	-6.275657338242077721e-01	2.572672790584965008e-01	-1.197668067455638224e-01	1.010627513577095626e-01	-2.177311986190139936e-01	1.650870556556389146e-01	-1.739287574681943616e-01	9.233023044863107598e-02	-7.909748296163170156e-02	1.249404190711971563e-01	-1.090266016217024264e-01	8.612561154838557775e-02	-8.037744950191043347e-02	6.680845013430188051e-02	-1.885683180100452827e-01	1.139224948777687735e-01	-7.274680426466165195e-02	7.497205695005033921e-02	-6.657496936001000565e-02
-2.769924265745485337e-01	1.965773583051646511e-01	-1.660107581783105968e-01	8.653174060140592094e-02	-9.334212178440004504e-02	2.896965948588625661e-01	-2.605357212777075770e-01	1.967018184598519903e-01	-1.036108842959303500e-01	9.794985208731850357e-02	-6.275657338242077721e-01	9.999999999999972244e-01	-5.128061352371292569e-01	1.593138803236439915e-01	-1.347716478922229844e-01	1.711303652339695724e-01	-2.701688004900361095e-01	2.311228215738896641e-01	-1.254828652332261041e-01	1.019053961033244970e-01	-1.133042900660070629e-01	1.380464985942927714e-01	-1.118618866719935379e-01	1.016787662938269665e-01	-8.455007745272896669e-02	1.795874793619503806e-01	-1.471225538603050664e-01	9.184533141282491542e-02	-9.637454814782628332e-02	8.241255096240360234e-02
2.550952936869413934e-01	-2.586214688773345594e-01	2.093297759566591087e-01	-1.234671944944107924e-01	1.246551729895019195e-01	-2.839709735211795594e-01	2.369166036085914029e-01	-3.344420515836327712e-01	1.483818698307422246e-01	-1.429703395514695941e-01	2.572672790584965008e-01	-5.128061352371292569e-01	9.999999999999996669e-01	-3.237656243001711398e-01	1.831943138803647508e-01	-1.979783925486086338e-01	2.514794394285323476e-01	-4.219643926852507110e-01	1.832500816007068545e-01	-1.506825883482752482e-01	1.242774956893826499e-01	-1.630190734963611054e-01	1.402823667812782837e-01	-1.418717249427854932e-01	1.118464751223566117e-01	-2.304514289335241051e-01	1.652928331688199859e-01	-1.176349740428550283e-01	1.252924312501372262e-01	-1.129150656277690262e-01
-1.647119594875882109e-01	1.417136040354553816e-01	-1.306872454061365763e-01	1.768290219388219953e-01	-1.899360035170149785e-01	1.285401530282730687e-01	-1.237942463295300527e-01	1.420797361244337254e-01	-3.358161368526063062e-01	2.342497199767885896e-01	-1.197668067455638224e-01	1.593138803236439915e-01	-3.237656243001711398e-01	9.999999999999983347e-01	-4.464409186191317658e-01	1.090911911551772223e-01	-1.356297315333737097e-01	1.648089704133992583e-01	-6.015929982453258607e-01	2.933822613509023403e-01	-7.105345294870182848e-02	1.081206446483211903e-01	-1.540225373607959913e-01	2.029510850624811069e-01	-1.720205036234957463e-01	1.337891675981440487e-01	-1.198288566664466592e-01	1.210945536352949908e-01	-1.831673953647827147e-01	1.562704332164754073e-01
1.457458351265714380e-01	-1.362024211997112655e-01	1.130427388560875795e-01	-1.671062115135828474e-01	1.830352369421869851e-01	-1.172110795843984560e-01	1.079174596619889431e-01	-1.230794789214904594e-01	2.222503751640307057e-01	-3.513169566381459941e-01	1.010627513577095626e-01	-1.347716478922229844e-01	1.831943138803647508e-01	-4.464409186191317658e-01	1.000000000000000222e+00	-1.090678057315311450e-01	1.138205426208076521e-01	-1.430875116583472384e-01	3.031636923849808651e-01	-6.552005104181239936e-01	6.965853329910789982e-02	-9.725769812343423859e-02	1.258468379992941366e-01	-1.829305149538317798e-01	1.977682639451740498e-01	-1.354848920610741414e-01	1.048809956664867732e-01	-1.082191534508641501e-01	1.494740621622591970e-01	-2.134848313234667394e-01
-4.042893128815867043e-01	1.351969217649053312e-01	-1.096991868683666466e-01	6.483824258144899044e-02	-7.320807686225659638e-02	1.724988423257795556e-01	-1.374123212656027382e-01	1.173841153570446272e-01	-7.695833365312788887e-02	7.603661424201009489e-02	-2.177311986190139936e-01	1.711303652339695724e-01	-1.979783925486086338e-01	1.090911911551772223e-01	-1.090678057315311450e-01	9.999999999999997780e-01	-1.920689130439257875e-01	1.609430903595854834e-01	-9.622750341705739452e-02	8.284005562812861434e-02	-7.377085606602089563e-01	1.388711968265964325e-01	-1.112826275426210543e-01	9.323548219726617015e-02	-8.053313517614069106e-02	3.216298160394198691e-01	-1.755686853232117373e-01	9.283175171771726464e-02	-9.371720066158509277e-02	7.692357370762276103e-02
2.070263558920891755e-01	-1.394837232199347410e-01	1.083254623501468117e-01	-6.815025404799146536e-02	7.308294582803401274e-02	-1.624697479814607715e-01	1.311098056322557437e-01	-1.297151496756182021e-01	8.181997546745874150e-02	-8.226248746539184531e-02	1.650870556556389146e-01	-2.701688004900361095e-01	2.514794394285323476e-01	-1.356297315333737097e-01	1.138205426208076521e-01	-1.920689130439257875e-01	9.999999999999996669e-01	-7.122734372551960957e-01	1.161262381696171742e-01	-9.791030835143510469e-02	1.245813589963507551e-01	-4.369098942129797658e-01	1.777911857098563031e-01	-1.330308456212911661e-01	8.962550599264436368e-02	-2.191371579057180274e-01	2.606433303146303282e-01	-1.513149732059973773e-01	1.227740768493222057e-01	-9.276784808089608148e-02
-2.465866988437807883e-01	1.500707426549862944e-01	-1.299018515583265920e-01	8.099192945324625026e-02	-8.859976260929826319e-02	1.653470856806819600e-01	-1.488734802049269668e-01	1.495806751594926653e-01	-9.997963954412572574e-02	9.746968093460643690e-02	-1.739287574681943616e-01	2.311228215738896641e-01	-4.219643926852507110e-01	1.648089704133992583e-01	-1.430875116583472384e-01	1.609430903595854834e-01	-7.122734372551960957e-01	1.000000000000000222e+00	-1.494796605033981152e-01	1.164597957075969442e-01	-1.125256961045749127e-01	2.508799860307959206e-01	-2.133486785001957597e-01	1.450022393936050424e-01	-1.049270026038107428e-01	1.923869928877831592e-01	-2.774645852489686093e-01	1.557197274776038198e-01	-1.410944330798881430e-01	1.032518540931856577e-01
1.324008691118290226e-01	-1.139071528096576302e-01	9.603843042771270655e-02	-1.275722863390958417e-01	1.289054778656751887e-01	-1.037359348453772423e-01	9.456756539844382581e-02	-1.070860355486785293e-01	1.763557276176545285e-01	-1.849582348729349457e-01	9.233023044863107598e-02	-1.254828652332261041e-01	1.832500816007068545e-01	-6.015929982453258607e-01	3.031636923849808651e-01	-9.622750341705739452e-02	1.161262381696171742e-01	-1.494796605033981152e-01	1.000000000000001998e+00	-5.472572027281684681e-01	6.270635969320778602e-02	-1.029463265505197039e-01	1.598249041482635302e-01	-3.446673778679953948e-01	1.852310721890098322e-01	-1.202697447446369611e-01	1.113835510941758866e-01	-1.324642717729762054e-01	2.005147345479096344e-01	-1.851513315411062177e-01
-1.209573113113182191e-01	9.947314689821366851e-02	-8.645905198066075603e-02	1.168998561272952819e-01	-1.404272243376373797e-01	8.837653420873636811e-02	-8.299341501801564547e-02	9.189931163134242020e-02	-1.707095744409544424e-01	1.860425294823881137e-01	-7.909748296163170156e-02	1.019053961033244970e-01	-1.506825883482752482e-01	2.933822613509023403e-01	-6.552005104181239936e-01	8.284005562812861434e-02	-9.791030835143510469e-02	1.164597957075969442e-01	-5.472572027281684681e-01	9.999999999999971134e-01	-5.415537962248908460e-02	8.653616227605902267e-02	-1.344825802020474248e-01	1.943942529349833859e-01	-2.919023045107574932e-01	1.036959731310299754e-01	-9.656713944429773377e-02	1.090374853459913917e-01	-1.716226153181622249e-01	2.094819362511602945e-01
2.411223971249936704e-01	-8.667067257474470043e-02	6.912489468060176168e-02	-4.141025916481049646e-02	4.643741479867111166e-02	-1.119488516514556692e-01	8.619895008040816264e-02	-7.508021349563250013e-02	4.915137796325983605e-02	-4.885389751261467323e-02	1.249404190711971563e-01	-1.133042900660070629e-01	1.242774956893826499e-01	-7.105345294870182848e-02	6.965853329910789982e-02	-7.377085606602089563e-01	1.245813589963507551e-01	-1.125256961045749127e-01	6.270635969320778602e-02	-5.415537962248908460e-02	9.999999999999984457e-01	-1.164343141860549047e-01	7.942239404514706003e-02	-6.496118158504754492e-02	5.295785186123753291e-02	-5.786506397979808147e-01	1.382873865502725341e-01	-6.927035091558142454e-02	6.465749460639967638e-02	-5.149656755333902047e-02
-1.830147774135170158e-01	9.632502838022782843e-02	-7.729250275713256402e-02	5.319501110252452397e-02	-5.824567662026788190e-02	1.071967512570723702e-01	-9.058023152027618041e-02	8.696031717017760343e-02	-6.514409015274262582e-02	6.632472320193938398e-02	-1.090266016217024264e-01	1.380464985942927714e-01	-1.630190734963611054e-01	1.081206446483211903e-01	-9.725769812343423859e-02	1.388711968265964325e-01	-4.369098942129797658e-01	2.508799860307959206e-01	-1.029463265505197039e-01	8.653616227605902267e-02	-1.164343141860549047e-01	9.999999999999978906e-01	-3.111654022562582167e-01	1.562406149636698383e-01	-9.136338443643172991e-02	1.950970381599144710e-01	-7.404539139058708974e-01	2.245893696433264586e-01	-1.597096786583636352e-01	9.418022517318602738e-02
1.391164312757472987e-01	-8.965881160432737085e-02	7.138765845046821101e-02	-6.255425985211407469e-02	6.690309724992168916e-02	-9.184218048342916718e-02	7.869490317241999155e-02	-8.020485054051705587e-02	7.901052319177209737e-02	-8.403481673995015500e-02	8.612561154838557775e-02	-1.118618866719935379e-01	1.402823667812782837e-01	-1.540225373607959913e-01	1.258468379992941366e-01	-1.112826275426210543e-01	1.777911857098563031e-01	-2.133486785001957597e-01	1.598249041482635302e-01	-1.344825802020474248e-01	7.942239404514706003e-02	-3.111654022562582167e-01	9.999999999999977796e-01	-4.376790045655866157e-01	1.425494440914115701e-01	-1.517376482909704172e-01	2.540530134931161532e-01	-7.067850712054841722e-01	3.020091403733117796e-01	-1.623571521126696560e-01
-1.335757096184503889e-01	8.907875490119895878e-02	-7.416455195037940928e-02	7.607623426386379839e-02	-8.359940552172755168e-02	8.665406588912262509e-02	-7.752653821079902308e-02	8.080433184981901384e-02	-1.022208634946649014e-01	1.055571542878602220e-01	-8.037744950191043347e-02	1.016787662938269665e-01	-1.418717249427854932e-01	2.029510850624811069e-01	-1.829305149538317798e-01	9.323548219726617015e-02	-1.330308456212911661e-01	1.450022393936050424e-01	-3.446673778679953948e-01	1.943942529349833859e-01	-6.496118158504754492e-02	1.562406149636698383e-01	-4.376790045655866157e-01	9.999999999999980016e-01	-2.453548979049354761e-01	1.227376101347368437e-01	-1.799122011123695797e-01	2.883612390243731061e-01	-6.773337423567217241e-01	2.164341869251001638e-01
1.105875119692147496e-01	-8.157579203910005072e-02	6.589028174536822047e-02	-7.323003968587500634e-02	8.190946241975310960e-02	-7.528195952394398094e-02	6.741449826388123956e-02	-7.139662607706608044e-02	9.557087707993541792e-02	-1.076317623294898440e-01	6.680845013430188051e-02	-8.455007745272896669e-02	1.118464751223566117e-01	-1.720205036234957463e-01	1.977682639451740498e-01	-8.053313517614069106e-02	8.962550599264436368e-02	-1.049270026038107428e-01	1.852310721890098322e-01	-2.919023045107574932e-01	5.295785186123753291e-02	-9.136338443643172991e-02	1.425494440914115701e-01	-2.453548979049354761e-01	9.999999999999976685e-01	-1.032824450683235695e-01	1.005417659480813547e-01	-1.389881672096808796e-01	2.128247465181832276e-01	-8.594881011802697479e-01
-5.062016440544853113e-01	1.575185634289646974e-01	-1.288193372408129589e-01	7.867701325817023916e-02	-8.934516636089698260e-02	1.835581503131580305e-01	-1.547059159216823687e-01	1.356834568700467369e-01	-9.385108299047642544e-02	9.321724551171753359e-02	-1.885683180100452827e-01	1.795874793619503806e-01	-2.304514289335241051e-01	1.337891675981440487e-01	-1.354848920610741414e-01	3.216298160394198691e-01	-2.191371579057180274e-01	1.923869928877831592e-01	-1.202697447446369611e-01	1.036959731310299754e-01	-5.786506397979808147e-01	1.950970381599144710e-01	-1.517376482909704172e-01	1.227376101347368437e-01	-1.032824450683235695e-01	9.999999999999977796e-01	-3.004959331297974989e-01	1.302513278982902201e-01	-1.256454797376417021e-01	9.881699704589044786e-02
1.917766435180526807e-01	-1.073860824160754873e-01	8.329574882218121479e-02	-5.837939368380137828e-02	6.327548684736346296e-02	-1.182284048843791346e-01	9.727609368664494327e-02	-9.498838770417314392e-02	7.098222248651081534e-02	-7.331283722868368879e-02	1.139224948777687735e-01	-1.471225538603050664e-01	1.652928331688199859e-01	-1.198288566664466592e-01	1.048809956664867732e-01	-1.755686853232117373e-01	2.606433303146303282e-01	-2.774645852489686093e-01	1.113835510941758866e-01	-9.656713944429773377e-02	1.382873865502725341e-01	-7.404539139058708974e-01	2.540530134931161532e-01	-1.799122011123695797e-01	1.005417659480813547e-01	-3.004959331297974989e-01	9.999999999999977796e-01	-3.310127478747723062e-01	1.744752940140104069e-01	-1.093651376330164460e-01
-1.240255463290200477e-01	7.431330235654468042e-02	-5.997113568710635279e-02	5.157579606813202100e-02	-5.627980188599587819e-02	7.661120105426090510e-02	-6.620502618587155441e-02	6.653147870967737743e-02	-6.561168172018433387e-02	6.888246272962930683e-02	-7.274680426466165195e-02	9.184533141282491542e-02	-1.176349740428550283e-01	1.210945536352949908e-01	-1.082191534508641501e-01	9.283175171771726464e-02	-1.513149732059973773e-01	1.557197274776038198e-01	-1.324642717729762054e-01	1.090374853459913917e-01	-6.927035091558142454e-02	2.245893696433264586e-01	-7.067850712054841722e-01	2.883612390243731061e-01	-1.389881672096808796e-01	1.302513278982902201e-01	-3.310127478747723062e-01	9.999999999999982236e-01	-4.982556375313584307e-01	1.471403238222469545e-01
1.218808738578981837e-01	-8.416998615994371324e-02	6.779736897478233493e-02	-6.856611525910240312e-02	7.326139460316180574e-02	-8.205304603358348770e-02	7.183095703887243388e-02	-7.501134787545336857e-02	8.851328450104777035e-02	-9.561893349257420682e-02	7.497205695005033921e-02	-9.637454814782628332e-02	1.252924312501372262e-01	-1.831673953647827147e-01	1.494740621622591970e-01	-9.371720066158509277e-02	1.227740768493222057e-01	-1.410944330798881430e-01	2.005147345479096344e-01	-1.716226153181622249e-01	6.465749460639967638e-02	-1.597096786583636352e-01	3.020091403733117796e-01	-6.773337423567217241e-01	2.128247465181832276e-01	-1.256454797376417021e-01	1.744752940140104069e-01	-4.982556375313584307e-01	9.999999999999983347e-01	-2.979377467508121935e-01
-1.169982829058432983e-01	7.879081359483977587e-02	-6.568000088469370945e-02	7.161085752214844946e-02	-8.433061466781074933e-02	7.374432875271735854e-02	-6.702269363125734625e-02	6.990157966277117663e-02	-9.610565221388449320e-02	1.027163437358591669e-01	-6.657496936001000565e-02	8.241255096240360234e-02	-1.129150656277690262e-01	1.562704332164754073e-01	-2.134848313234667394e-01	7.692357370762276103e-02	-9.276784808089608148e-02	1.032518540931856577e-01	-1.851513315411062177e-01	2.094819362511602945e-01	-5.149656755333902047e-02	9.418022517318602738e-02	-1.623571521126696560e-01	2.164341869251001638e-01	-8.594881011802697479e-01	9.881699704589044786e-02	-1.093651376330164460e-01	1.471403238222469545e-01	-2.979377467508121935e-01	9.999999999999982236e-01
