1.000000000000000222e+00	-5.612042069704562541e-01	2.297006062587652053e-01	-1.157391140728694923e-01	9.516155790877622866e-02	-5.527438767282414345e-01	3.226197006676887469e-01	-2.055565857146570974e-01	1.401827436048494191e-01	-1.387917200908723447e-01	2.771544351829440256e-01	-1.920628315044828338e-01	1.624549545560768082e-01	-1.571271136019064540e-01	1.376968642167633317e-01	-3.380866100714358113e-01	1.842622623242804736e-01	-1.785121767752201605e-01	1.074905114189690508e-01	-1.072966089319305205e-01	1.168226879531317763e-01	-9.944396991524354079e-02	1.162384339461816074e-01	-1.221284714672727229e-01	1.084132638226645295e-01	-1.021778586383518539e-01	9.669271046220812016e-02	-1.046223923839969677e-01	9.715520732790475233e-02	-1.015589966684804779e-01	1.075776432250104275e-01	-7.667434055605930332e-02	1.155301135095385401e-01	-1.257210965952171300e-01	1.194779772732727785e-01
-5.612042069704562541e-01	1.000000000000000444e+00	-3.833995251788181458e-01	1.134870678634593011e-01	-9.423659972588933897e-02	2.674292460215559331e-01	-6.320538561688644474e-01	2.264506972282503972e-01	-1.418758021140978931e-01	1.278414137839693210e-01	-2.063280283733742726e-01	1.706573312662520714e-01	-1.549758571743674318e-01	1.424453856331618085e-01	-1.254645821199012468e-01	2.069479106827609438e-01	-1.618745041569292775e-01	1.501505243398221778e-01	-8.848628606059691371e-02	8.684082933623267497e-02	-8.259642441118320022e-02	7.027760152377668379e-02	-9.355457830886611259e-02	9.661818190923425476e-02	-8.706827063139370437e-02	7.214253580215847228e-02	-7.102092622899881802e-02	8.195162951436546495e-02	-7.628361969929317588e-02	7.938656515720253493e-02	-8.052693137230468312e-02	5.718869186014523959e-02	-8.810140452623832497e-02	9.587452743880868489e-02	-9.298895648363869615e-02
2.297006062587652053e-01	-3.833995251788181458e-01	1.000000000000000444e+00	-2.670256208711045964e-01	1.853110030392127183e-01	-1.820213051282839611e-01	2.688332324648078364e-01	-6.454513820150133974e-01	2.699302396218057343e-01	-2.589544526339746522e-01	1.695637535813554475e-01	-2.104831587154338546e-01	2.408571138512176635e-01	-2.682610271829431459e-01	2.145471645077979828e-01	-2.114343390565222025e-01	1.905688046150225690e-01	-2.423545240455651228e-01	1.362127146340740003e-01	-1.360564726804993074e-01	9.979671840544716843e-02	-8.754575740384817895e-02	1.371411169288740128e-01	-1.474239757399106732e-01	1.302744071132496129e-01	-9.057924836589537065e-02	9.186225212224546910e-02	-1.207069156545772792e-01	1.126609304337544831e-01	-1.184837594241457542e-01	1.071354123092632810e-01	-7.711606617993138624e-02	1.210111144119546678e-01	-1.402908426316544499e-01	1.345354179409120610e-01
-1.157391140728694923e-01	1.134870678634593011e-01	-2.670256208711045964e-01	1.000000000000000444e+00	-8.055439852083124963e-01	8.473612446764478001e-02	-1.291240797809573293e-01	1.956077223545561461e-01	-3.467663583783090475e-01	2.898907173634908130e-01	-9.192285587041999773e-02	1.062851238199859077e-01	-1.335965112717999448e-01	2.079311887326197594e-01	-2.537488786767017057e-01	1.057896549499635630e-01	-1.087898415725566947e-01	1.254721939105719053e-01	-8.954426649662720894e-02	9.193951210856524114e-02	-5.761653412717164524e-02	4.975513553921037668e-02	-8.331499956632447412e-02	9.003933219375842567e-02	-8.956692321140581614e-02	5.226063566690700851e-02	-5.444153358287331934e-02	7.132397880138950652e-02	-7.007961901664408466e-02	7.415368644481906690e-02	-6.591859910866426642e-02	4.671550514019803813e-02	-7.514591403803259906e-02	8.445798410183277816e-02	-8.687845785749287453e-02
9.516155790877622866e-02	-9.423659972588933897e-02	1.853110030392127183e-01	-8.055439852083124963e-01	1.000000000000000444e+00	-7.234520379300356241e-02	1.058867601606135744e-01	-1.702836102075777902e-01	2.462159857310884659e-01	-4.566620561282412338e-01	7.883738820373736855e-02	-9.506221934490802217e-02	1.170937429187865891e-01	-2.033243565414142029e-01	2.198163971655112958e-01	-9.446059013400963378e-02	9.512607601211320318e-02	-1.156392238685967355e-01	8.090618146599230787e-02	-8.469652418653542125e-02	5.135948194388813282e-02	-4.468088224609884085e-02	7.489603996500436567e-02	-8.294030322133603972e-02	8.002285095170523499e-02	-4.689325510109797895e-02	4.870955268516188180e-02	-6.495839533532227206e-02	6.358367291194816362e-02	-6.766154478180712306e-02	5.879413384508604123e-02	-4.192194513549108575e-02	6.718642403195795865e-02	-7.744651932858223620e-02	7.789267562327856220e-02
-5.527438767282414345e-01	2.674292460215559331e-01	-1.820213051282839611e-01	8.473612446764478001e-02	-7.234520379300356241e-02	1.000000000000000444e+00	-4.273874819790931534e-01	1.565519257005531795e-01	-1.096963680835302268e-01	1.020586128490562211e-01	-6.016565361521744038e-01	1.700118061406702963e-01	-1.372864578345233122e-01	1.185595707278433164e-01	-1.071886638037372469e-01	2.776324349086262688e-01	-1.702169801344957378e-01	1.389951560440582656e-01	-8.323771450227093749e-02	8.135013591261038013e-02	-9.744654002532120163e-02	7.893145436037631024e-02	-9.131528012975946573e-02	9.242774020886498909e-02	-8.343317822560625263e-02	8.081023427660596892e-02	-7.769650124638648181e-02	8.064260740829654051e-02	-7.443521690092713694e-02	7.690973352189051093e-02	-8.591248687801160411e-02	6.029594594742250513e-02	-9.125063807822296480e-02	9.450845786592268483e-02	-9.144869440777822489e-02
3.226197006676887469e-01	-6.320538561688644474e-01	2.688332324648078364e-01	-1.291240797809573293e-01	1.058867601606135744e-01	-4.273874819790931534e-01	1.000000000000000222e+00	-2.988896182441616589e-01	1.662419097631959997e-01	-1.549541519684165258e-01	2.480896468173168501e-01	-2.696448803921001613e-01	1.959998979653695961e-01	-1.783927518356134001e-01	1.507636710920697842e-01	-2.914121262985108762e-01	2.085429215027336802e-01	-1.974329871277741844e-01	1.122270298992451149e-01	-1.106231169131822317e-01	1.081889814695992519e-01	-9.292786038457315212e-02	1.189819067298610450e-01	-1.240787576589101465e-01	1.098312455112388369e-01	-9.490459610528549639e-02	9.197688504322142078e-02	-1.053723809708320414e-01	9.741108813948004541e-02	-1.014857835931330804e-01	1.028237818037625873e-01	-7.348222687935251907e-02	1.119887106584522840e-01	-1.234182390011825808e-01	1.178570642534244872e-01
-2.055565857146570974e-01	2.264506972282503972e-01	-6.454513820150133974e-01	1.956077223545561461e-01	-1.702836102075777902e-01	1.565519257005531795e-01	-2.988896182441616589e-01	1.000000000000000444e+00	-4.452439695905073824e-01	2.265420102166373351e-01	-1.574566840305637039e-01	2.047322175769198949e-01	-3.589703212712751501e-01	2.569618283009210136e-01	-2.208469192642882328e-01	1.764454108933064258e-01	-1.952967870464781541e-01	2.235095262909678193e-01	-1.278723712810434232e-01	1.213750681373150370e-01	-8.751822290804894822e-02	7.610707087634900614e-02	-1.282252804362108978e-01	1.290749696730116580e-01	-1.189074874049627500e-01	7.851575536068365613e-02	-8.122127747280312449e-02	1.068895755996244479e-01	-1.001879976260505456e-01	1.035262149080054678e-01	-9.490576871796659042e-02	6.778496912633841243e-02	-1.076600689397450850e-01	1.200554235877439174e-01	-1.194654433019401440e-01
1.401827436048494191e-01	-1.418758021140978931e-01	2.699302396218057343e-01	-3.467663583783090475e-01	2.462159857310884659e-01	-1.096963680835302268e-01	1.662419097631959997e-01	-4.452439695905073824e-01	1.000000000000000000e+00	-4.926547348929195547e-01	1.179855792449948093e-01	-1.592248300354085211e-01	2.142156515463328748e-01	-5.385434110639315541e-01	3.043436232702367850e-01	-1.410190459189499534e-01	1.509880828474564618e-01	-1.911572422783378855e-01	1.253275465193647298e-01	-1.257103124728173316e-01	7.508729902487296104e-02	-6.573863505210607305e-02	1.133036264168359730e-01	-1.245450562757757507e-01	1.164388760389063332e-01	-6.843510081808490408e-02	7.121579667806006431e-02	-9.712608683051290881e-02	9.379908817158252865e-02	-9.888679859598863142e-02	8.472263893345649555e-02	-6.074470709763601928e-02	9.706635886243021594e-02	-1.125128014734673720e-01	1.120732062691414399e-01
-1.387917200908723447e-01	1.278414137839693210e-01	-2.589544526339746522e-01	2.898907173634908130e-01	-4.566620561282412338e-01	1.020586128490562211e-01	-1.549541519684165258e-01	2.265420102166373351e-01	-4.926547348929195547e-01	1.000000000000000000e+00	-1.141140002341694132e-01	1.340928181364366423e-01	-1.733813154019971936e-01	3.009049869837989166e-01	-5.670502939441243173e-01	1.307565259294100057e-01	-1.395257071130711068e-01	1.617289273833649177e-01	-1.261520293487063960e-01	1.347593145430401596e-01	-7.389866590945093350e-02	6.386095663180589577e-02	-1.103385546846477605e-01	1.217580499171220937e-01	-1.270395709277283847e-01	6.723919167166875210e-02	-7.053108036385333235e-02	9.402756028626749196e-02	-9.424499092750300566e-02	1.003977897785927054e-01	-8.584580336614069940e-02	6.087445878123264736e-02	-9.841796899696181322e-02	1.117310232641479661e-01	-1.166083487763787951e-01
2.771544351829440256e-01	-2.063280283733742726e-01	1.695637535813554475e-01	-9.192285587041999773e-02	7.883738820373736855e-02	-6.016565361521744038e-01	2.480896468173168501e-01	-1.574566840305637039e-01	1.179855792449948093e-01	-1.141140002341694132e-01	1.000000000000001554e+00	-2.377572652379680018e-01	1.619761284939472135e-01	-1.370670163071065484e-01	1.231056455958211004e-01	-5.979989819859036215e-01	2.194021845193042664e-01	-1.758824835007269938e-01	1.033845680769919922e-01	-1.015956558159674256e-01	1.436722925845093923e-01	-1.166559377489158333e-01	1.153636522602764780e-01	-1.173064226028461693e-01	1.040888723411979577e-01	-1.183715183361478407e-01	1.075216448468774566e-01	-1.038808563879669022e-01	9.475732951819909600e-02	-9.776446663775907597e-02	1.135058604915916286e-01	-8.051856720664811451e-02	1.177303257369303191e-01	-1.221952673670267664e-01	1.156039788426777015e-01
-1.920628315044828338e-01	1.706573312662520714e-01	-2.104831587154338546e-01	1.062851238199859077e-01	-9.506221934490802217e-02	1.700118061406702963e-01	-2.696448803921001613e-01	2.047322175769198949e-01	-1.592248300354085211e-01	1.340928181364366423e-01	-2.377572652379680018e-01	1.000000000000000222e+00	-4.986512203810368193e-01	1.854922158445909686e-01	-1.631753442202800997e-01	2.443634340602957311e-01	-6.827753143170863792e-01	2.829885092751459608e-01	-1.355709310267056988e-01	1.223111908281719479e-01	-1.093804282448050252e-01	9.705429848795231462e-02	-1.446040369115960955e-01	1.364300523676437171e-01	-1.205547378125380598e-01	9.292021002644519634e-02	-9.785124278461991565e-02	1.184143435835417896e-01	-1.064180650535854200e-01	1.075189597799198898e-01	-1.046047256819934296e-01	7.483132325711192023e-02	-1.162157688051086435e-01	1.258986123911717547e-01	-1.227863535932923189e-01
1.624549545560768082e-01	-1.549758571743674318e-01	2.408571138512176635e-01	-1.335965112717999448e-01	1.170937429187865891e-01	-1.372864578345233122e-01	1.959998979653695961e-01	-3.589703212712751501e-01	2.142156515463328748e-01	-1.733813154019971936e-01	1.619761284939472135e-01	-4.986512203810368193e-01	1.000000000000003109e+00	-3.228465956472650888e-01	2.077459124900523924e-01	-1.992995438790955420e-01	2.930962825022538909e-01	-5.771515361431347468e-01	1.782117215204944982e-01	-1.604736296084448288e-01	1.012762918966853554e-01	-9.179452824481669493e-02	1.804952990189474804e-01	-1.756552016767972957e-01	1.449334668983731922e-01	-9.212595422489656960e-02	9.713469950837738676e-02	-1.494281519618317344e-01	1.288820199972351421e-01	-1.305033501337832247e-01	1.090641894952340540e-01	-8.022957473525048344e-02	1.264486610504616249e-01	-1.488487553275976150e-01	1.411097231960346532e-01
-1.571271136019064540e-01	1.424453856331618085e-01	-2.682610271829431459e-01	2.079311887326197594e-01	-2.033243565414142029e-01	1.185595707278433164e-01	-1.783927518356134001e-01	2.569618283009210136e-01	-5.385434110639315541e-01	3.009049869837989166e-01	-1.370670163071065484e-01	1.854922158445909686e-01	-3.228465956472650888e-01	1.000000000000000888e+00	-5.936851013175511449e-01	1.573001606715044576e-01	-1.906288593451819502e-01	2.228625972552256695e-01	-1.796939328218665199e-01	1.668557169801056506e-01	-8.947472362054748052e-02	7.791787354615213601e-02	-1.431621154547132457e-01	1.556737737857241954e-01	-1.549696751969578123e-01	8.138284736849318857e-02	-8.606293412535320764e-02	1.184168703449354765e-01	-1.178576194387076365e-01	1.231629413784862959e-01	-1.033269970064506632e-01	7.372437304081039255e-02	-1.192548162875634032e-01	1.359858599629035214e-01	-1.406747543805093037e-01
1.376968642167633317e-01	-1.254645821199012468e-01	2.145471645077979828e-01	-2.537488786767017057e-01	2.198163971655112958e-01	-1.071886638037372469e-01	1.507636710920697842e-01	-2.208469192642882328e-01	3.043436232702367850e-01	-5.670502939441243173e-01	1.231056455958211004e-01	-1.631753442202800997e-01	2.077459124900523924e-01	-5.936851013175511449e-01	1.000000000000003331e+00	-1.522752275493304552e-01	1.611233367119705440e-01	-2.162554759052363884e-01	1.739476776570053618e-01	-2.270258451690228829e-01	8.785514431831384363e-02	-7.753724981525013382e-02	1.392643024498990967e-01	-1.697307690226888266e-01	1.665698432542359331e-01	-8.142626310649345167e-02	8.536796116080369590e-02	-1.221710703951850302e-01	1.234682834293603787e-01	-1.350767966422163069e-01	1.029447861199944692e-01	-7.439946026288336844e-02	1.195162097289172859e-01	-1.473999247391383216e-01	1.454303055729770644e-01
-3.380866100714358113e-01	2.069479106827609438e-01	-2.114343390565222025e-01	1.057896549499635630e-01	-9.446059013400963378e-02	2.776324349086262688e-01	-2.914121262985108762e-01	1.764454108933064258e-01	-1.410190459189499534e-01	1.307565259294100057e-01	-5.979989819859036215e-01	2.443634340602957311e-01	-1.992995438790955420e-01	1.573001606715044576e-01	-1.522752275493304552e-01	1.000000000000000888e+00	-3.871855854434220201e-01	2.085251190269157007e-01	-1.298931439224460249e-01	1.237212252926151584e-01	-2.796629414536164204e-01	1.687703445922706658e-01	-1.533137516573907233e-01	1.439883451638380996e-01	-1.331656981581580135e-01	1.720415202811711453e-01	-1.643944786554922544e-01	1.347254838552683909e-01	-1.214761859061159743e-01	1.222779423084318223e-01	-1.715906015800740536e-01	1.150820803007091692e-01	-1.700985513511142633e-01	1.525481344198055811e-01	-1.500500076379537584e-01
1.842622623242804736e-01	-1.618745041569292775e-01	1.905688046150225690e-01	-1.087898415725566947e-01	9.512607601211320318e-02	-1.702169801344957378e-01	2.085429215027336802e-01	-1.952967870464781541e-01	1.509880828474564618e-01	-1.395257071130711068e-01	2.194021845193042664e-01	-6.827753143170863792e-01	2.930962825022538909e-01	-1.906288593451819502e-01	1.611233367119705440e-01	-3.871855854434220201e-01	1.000000000000002665e+00	-3.983637444594955168e-01	1.563479234850146116e-01	-1.466156006871447981e-01	1.378442333119291319e-01	-1.314803639571498484e-01	1.668366153190769252e-01	-1.665913484840702008e-01	1.382146245682889241e-01	-1.172252644359761398e-01	1.205692033764513976e-01	-1.452199191927650568e-01	1.262490102776962497e-01	-1.287474258652410997e-01	1.227176662042254451e-01	-8.938758763830172149e-02	1.350264522031141279e-01	-1.525948217624202852e-01	1.420439168022178678e-01
-1.785121767752201605e-01	1.501505243398221778e-01	-2.423545240455651228e-01	1.254721939105719053e-01	-1.156392238685967355e-01	1.389951560440582656e-01	-1.974329871277741844e-01	2.235095262909678193e-01	-1.911572422783378855e-01	1.617289273833649177e-01	-1.758824835007269938e-01	2.829885092751459608e-01	-5.771515361431347468e-01	2.228625972552256695e-01	-2.162554759052363884e-01	2.085251190269157007e-01	-3.983637444594955168e-01	1.000000000000002442e+00	-3.211232462352561767e-01	2.071491258243855771e-01	-1.245850302726367737e-01	1.124956993190397991e-01	-3.433960749216052322e-01	2.341400774544581120e-01	-2.001669215897365073e-01	1.139563092011655343e-01	-1.257760464256502120e-01	2.076532169362962921e-01	-1.795326838906416145e-01	1.688795616714959258e-01	-1.420369987919307131e-01	1.041151879219787829e-01	-1.696347902661131668e-01	1.871546394667298330e-01	-1.869416734440241812e-01
1.074905114189690508e-01	-8.848628606059691371e-02	1.362127146340740003e-01	-8.954426649662720894e-02	8.090618146599230787e-02	-8.323771450227093749e-02	1.122270298992451149e-01	-1.278723712810434232e-01	1.253275465193647298e-01	-1.261520293487063960e-01	1.033845680769919922e-01	-1.355709310267056988e-01	1.782117215204944982e-01	-1.796939328218665199e-01	1.739476776570053618e-01	-1.298931439224460249e-01	1.563479234850146116e-01	-3.211232462352561767e-01	1.000000000000003997e+00	-6.150398379877544119e-01	9.199370653068353332e-02	-8.442001507946711447e-02	2.097922275332420594e-01	-5.542800888446980379e-01	2.871882355711706802e-01	-8.895780665574577750e-02	9.741925714454779950e-02	-1.805795149025898882e-01	2.186926980451230074e-01	-2.251771284938405282e-01	1.157852652393126097e-01	-8.747552836302681378e-02	1.431162516315166722e-01	-2.113246000840267869e-01	1.998610762119184259e-01
-1.072966089319305205e-01	8.684082933623267497e-02	-1.360564726804993074e-01	9.193951210856524114e-02	-8.469652418653542125e-02	8.135013591261038013e-02	-1.106231169131822317e-01	1.213750681373150370e-01	-1.257103124728173316e-01	1.347593145430401596e-01	-1.015956558159674256e-01	1.223111908281719479e-01	-1.604736296084448288e-01	1.668557169801056506e-01	-2.270258451690228829e-01	1.237212252926151584e-01	-1.466156006871447981e-01	2.071491258243855771e-01	-6.150398379877544119e-01	1.000000000000002887e+00	-9.095272666931722427e-02	8.138183658811333487e-02	-1.915524849592437351e-01	2.872724731722651192e-01	-5.852691021821714301e-01	8.700320589113685887e-02	-9.558149248424038791e-02	1.602060692797488972e-01	-2.077287688305856639e-01	2.388786186423911828e-01	-1.172522665422008059e-01	8.640551091366893699e-02	-1.436662869648486218e-01	1.970722536922213108e-01	-2.291504701463003002e-01
1.168226879531317763e-01	-8.259642441118320022e-02	9.979671840544716843e-02	-5.761653412717164524e-02	5.135948194388813282e-02	-9.744654002532120163e-02	1.081889814695992519e-01	-8.751822290804894822e-02	7.508729902487296104e-02	-7.389866590945093350e-02	1.436722925845093923e-01	-1.093804282448050252e-01	1.012762918966853554e-01	-8.947472362054748052e-02	8.785514431831384363e-02	-2.796629414536164204e-01	1.378442333119291319e-01	-1.245850302726367737e-01	9.199370653068353332e-02	-9.095272666931722427e-02	1.000000000000003109e+00	-5.980994092684728258e-01	1.302593632525184675e-01	-1.181819632263171188e-01	1.011083300549126263e-01	-5.905246251153001280e-01	3.223850191201355075e-01	-1.362163452300548527e-01	1.079776625511549570e-01	-1.040036768038353349e-01	2.220279758471526699e-01	-1.655301420995773098e-01	1.694785055693972808e-01	-1.481461733997321839e-01	1.219199216541419772e-01
-9.944396991524354079e-02	7.027760152377668379e-02	-8.754575740384817895e-02	4.975513553921037668e-02	-4.468088224609884085e-02	7.893145436037631024e-02	-9.292786038457315212e-02	7.610707087634900614e-02	-6.573863505210607305e-02	6.386095663180589577e-02	-1.166559377489158333e-01	9.705429848795231462e-02	-9.179452824481669493e-02	7.791787354615213601e-02	-7.753724981525013382e-02	1.687703445922706658e-01	-1.314803639571498484e-01	1.124956993190397991e-01	-8.442001507946711447e-02	8.138183658811333487e-02	-5.980994092684728258e-01	1.000000000000001998e+00	-1.422709065483847568e-01	1.077834231523535496e-01	-9.284647521713418339e-02	3.091153326509930577e-01	-6.792949224130210295e-01	1.444663734635525665e-01	-1.054837829527398158e-01	9.453352434416276151e-02	-1.974162023052712933e-01	1.406749430724492100e-01	-1.631038989888945190e-01	1.279943156484937838e-01	-1.107459543667407287e-01
1.162384339461816074e-01	-9.355457830886611259e-02	1.371411169288740128e-01	-8.331499956632447412e-02	7.489603996500436567e-02	-9.131528012975946573e-02	1.189819067298610450e-01	-1.282252804362108978e-01	1.133036264168359730e-01	-1.103385546846477605e-01	1.153636522602764780e-01	-1.446040369115960955e-01	1.804952990189474804e-01	-1.431621154547132457e-01	1.392643024498990967e-01	-1.533137516573907233e-01	1.668366153190769252e-01	-3.433960749216052322e-01	2.097922275332420594e-01	-1.915524849592437351e-01	1.302593632525184675e-01	-1.422709065483847568e-01	1.000000000000000000e+00	-3.582249717079978857e-01	2.026890447085623048e-01	-1.386630373524528614e-01	1.613895111137850225e-01	-7.035719678763129314e-01	2.783685039460815913e-01	-2.312477864944133821e-01	1.569208207291386825e-01	-1.371534764174326959e-01	2.105031393524019467e-01	-2.689000064518513033e-01	2.140342028894604565e-01
-1.221284714672727229e-01	9.661818190923425476e-02	-1.474239757399106732e-01	9.003933219375842567e-02	-8.294030322133603972e-02	9.242774020886498909e-02	-1.240787576589101465e-01	1.290749696730116580e-01	-1.245450562757757507e-01	1.217580499171220937e-01	-1.173064226028461693e-01	1.364300523676437171e-01	-1.756552016767972957e-01	1.556737737857241954e-01	-1.697307690226888266e-01	1.439883451638380996e-01	-1.665913484840702008e-01	2.341400774544581120e-01	-5.542800888446980379e-01	2.872724731722651192e-01	-1.181819632263171188e-01	1.077834231523535496e-01	-3.582249717079978857e-01	1.000000000000003553e+00	-3.663760586466982550e-01	1.152270467907207246e-01	-1.310247094158947245e-01	2.561651145575782329e-01	-4.513676534269950857e-01	2.695111534003116205e-01	-1.574457732288022382e-01	1.178012933240940863e-01	-2.004582036078222385e-01	2.651912238380626508e-01	-2.860884972386529279e-01
1.084132638226645295e-01	-8.706827063139370437e-02	1.302744071132496129e-01	-8.956692321140581614e-02	8.002285095170523499e-02	-8.343317822560625263e-02	1.098312455112388369e-01	-1.189074874049627500e-01	1.164388760389063332e-01	-1.270395709277283847e-01	1.040888723411979577e-01	-1.205547378125380598e-01	1.449334668983731922e-01	-1.549696751969578123e-01	1.665698432542359331e-01	-1.331656981581580135e-01	1.382146245682889241e-01	-2.001669215897365073e-01	2.871882355711706802e-01	-5.852691021821714301e-01	1.011083300549126263e-01	-9.284647521713418339e-02	2.026890447085623048e-01	-3.663760586466982550e-01	9.999999999999994449e-01	-9.951386277556120707e-02	1.079018060348043012e-01	-1.978535351324709479e-01	2.573419667162302193e-01	-5.164402258092343212e-01	1.314802375634765708e-01	-1.003879480152807258e-01	1.636363780158407444e-01	-2.772221652543645498e-01	2.705579301684746252e-01
-1.021778586383518539e-01	7.214253580215847228e-02	-9.057924836589537065e-02	5.226063566690700851e-02	-4.689325510109797895e-02	8.081023427660596892e-02	-9.490459610528549639e-02	7.851575536068365613e-02	-6.843510081808490408e-02	6.723919167166875210e-02	-1.183715183361478407e-01	9.292021002644519634e-02	-9.212595422489656960e-02	8.138284736849318857e-02	-8.142626310649345167e-02	1.720415202811711453e-01	-1.172252644359761398e-01	1.139563092011655343e-01	-8.895780665574577750e-02	8.700320589113685887e-02	-5.905246251153001280e-01	3.091153326509930577e-01	-1.386630373524528614e-01	1.152270467907207246e-01	-9.951386277556120707e-02	1.000000000000001554e+00	-5.250477863847496929e-01	1.464776802247289289e-01	-1.118400193563109379e-01	1.027358714329152517e-01	-4.298327311119024552e-01	2.101129271132215481e-01	-2.208247785930461116e-01	1.473173806370341454e-01	-1.221881091278380904e-01
9.669271046220812016e-02	-7.102092622899881802e-02	9.186225212224546910e-02	-5.444153358287331934e-02	4.870955268516188180e-02	-7.769650124638648181e-02	9.197688504322142078e-02	-8.122127747280312449e-02	7.121579667806006431e-02	-7.053108036385333235e-02	1.075216448468774566e-01	-9.785124278461991565e-02	9.713469950837738676e-02	-8.606293412535320764e-02	8.536796116080369590e-02	-1.643944786554922544e-01	1.205692033764513976e-01	-1.257760464256502120e-01	9.741925714454779950e-02	-9.558149248424038791e-02	3.223850191201355075e-01	-6.792949224130210295e-01	1.613895111137850225e-01	-1.310247094158947245e-01	1.079018060348043012e-01	-5.250477863847496929e-01	1.000000000000002442e+00	-2.097424533619043352e-01	1.284958626017265459e-01	-1.155006596671944857e-01	2.256781866488158095e-01	-1.937077106273681903e-01	1.854103578440176314e-01	-1.614632120546726779e-01	1.295381524415092633e-01
-1.046223923839969677e-01	8.195162951436546495e-02	-1.207069156545772792e-01	7.132397880138950652e-02	-6.495839533532227206e-02	8.064260740829654051e-02	-1.053723809708320414e-01	1.068895755996244479e-01	-9.712608683051290881e-02	9.402756028626749196e-02	-1.038808563879669022e-01	1.184143435835417896e-01	-1.494281519618317344e-01	1.184168703449354765e-01	-1.221710703951850302e-01	1.347254838552683909e-01	-1.452199191927650568e-01	2.076532169362962921e-01	-1.805795149025898882e-01	1.602060692797488972e-01	-1.362163452300548527e-01	1.444663734635525665e-01	-7.035719678763129314e-01	2.561651145575782329e-01	-1.978535351324709479e-01	1.464776802247289289e-01	-2.097424533619043352e-01	1.000000000000001554e+00	-4.428559627437947399e-01	2.194966437309710805e-01	-1.773490403058389786e-01	1.531032414077594106e-01	-2.877086736752804130e-01	2.514275859384688117e-01	-2.215513260202049972e-01
9.715520732790475233e-02	-7.628361969929317588e-02	1.126609304337544831e-01	-7.007961901664408466e-02	6.358367291194816362e-02	-7.443521690092713694e-02	9.741108813948004541e-02	-1.001879976260505456e-01	9.379908817158252865e-02	-9.424499092750300566e-02	9.475732951819909600e-02	-1.064180650535854200e-01	1.288820199972351421e-01	-1.178576194387076365e-01	1.234682834293603787e-01	-1.214761859061159743e-01	1.262490102776962497e-01	-1.795326838906416145e-01	2.186926980451230074e-01	-2.077287688305856639e-01	1.079776625511549570e-01	-1.054837829527398158e-01	2.783685039460815913e-01	-4.513676534269950857e-01	2.573419667162302193e-01	-1.118400193563109379e-01	1.284958626017265459e-01	-4.428559627437947399e-01	1.000000000000001332e+00	-4.863283228354651211e-01	1.454279212324771087e-01	-1.194172058261581404e-01	1.992185576057882712e-01	-4.800289152429839667e-01	2.952556703540424321e-01
-1.015589966684804779e-01	7.938656515720253493e-02	-1.184837594241457542e-01	7.415368644481906690e-02	-6.766154478180712306e-02	7.690973352189051093e-02	-1.014857835931330804e-01	1.035262149080054678e-01	-9.888679859598863142e-02	1.003977897785927054e-01	-9.776446663775907597e-02	1.075189597799198898e-01	-1.305033501337832247e-01	1.231629413784862959e-01	-1.350767966422163069e-01	1.222779423084318223e-01	-1.287474258652410997e-01	1.688795616714959258e-01	-2.251771284938405282e-01	2.388786186423911828e-01	-1.040036768038353349e-01	9.453352434416276151e-02	-2.312477864944133821e-01	2.695111534003116205e-01	-5.164402258092343212e-01	1.027358714329152517e-01	-1.155006596671944857e-01	2.194966437309710805e-01	-4.863283228354651211e-01	1.000000000000001554e+00	-1.422454496620112196e-01	1.077587239834069677e-01	-1.834368603612517301e-01	3.021333061141192045e-01	-5.407551334583214908e-01
1.075776432250104275e-01	-8.052693137230468312e-02	1.071354123092632810e-01	-6.591859910866426642e-02	5.879413384508604123e-02	-8.591248687801160411e-02	1.028237818037625873e-01	-9.490576871796659042e-02	8.472263893345649555e-02	-8.584580336614069940e-02	1.135058604915916286e-01	-1.046047256819934296e-01	1.090641894952340540e-01	-1.033269970064506632e-01	1.029447861199944692e-01	-1.715906015800740536e-01	1.227176662042254451e-01	-1.420369987919307131e-01	1.157852652393126097e-01	-1.172522665422008059e-01	2.220279758471526699e-01	-1.974162023052712933e-01	1.569208207291386825e-01	-1.574457732288022382e-01	1.314802375634765708e-01	-4.298327311119024552e-01	2.256781866488158095e-01	-1.773490403058389786e-01	1.454279212324771087e-01	-1.422454496620112196e-01	1.000000000000001554e+00	-6.447547568405540552e-01	3.074668203441852654e-01	-2.318288105177156166e-01	1.664763714011096574e-01
-7.667434055605930332e-02	5.718869186014523959e-02	-7.711606617993138624e-02	4.671550514019803813e-02	-4.192194513549108575e-02	6.029594594742250513e-02	-7.348222687935251907e-02	6.778496912633841243e-02	-6.074470709763601928e-02	6.087445878123264736e-02	-8.051856720664811451e-02	7.483132325711192023e-02	-8.022957473525048344e-02	7.372437304081039255e-02	-7.439946026288336844e-02	1.150820803007091692e-01	-8.938758763830172149e-02	1.041151879219787829e-01	-8.747552836302681378e-02	8.640551091366893699e-02	-1.655301420995773098e-01	1.406749430724492100e-01	-1.371534764174326959e-01	1.178012933240940863e-01	-1.003879480152807258e-01	2.101129271132215481e-01	-1.937077106273681903e-01	1.531032414077594106e-01	-1.194172058261581404e-01	1.077587239834069677e-01	-6.447547568405540552e-01	1.000000000000001776e+00	-6.385469572403585925e-01	1.763031915227491475e-01	-1.312139403418283445e-01
1.155301135095385401e-01	-8.810140452623832497e-02	1.210111144119546678e-01	-7.514591403803259906e-02	6.718642403195795865e-02	-9.125063807822296480e-02	1.119887106584522840e-01	-1.076600689397450850e-01	9.706635886243021594e-02	-9.841796899696181322e-02	1.177303257369303191e-01	-1.162157688051086435e-01	1.264486610504616249e-01	-1.192548162875634032e-01	1.195162097289172859e-01	-1.700985513511142633e-01	1.350264522031141279e-01	-1.696347902661131668e-01	1.431162516315166722e-01	-1.436662869648486218e-01	1.694785055693972808e-01	-1.631038989888945190e-01	2.105031393524019467e-01	-2.004582036078222385e-01	1.636363780158407444e-01	-2.208247785930461116e-01	1.854103578440176314e-01	-2.877086736752804130e-01	1.992185576057882712e-01	-1.834368603612517301e-01	3.074668203441852654e-01	-6.385469572403585925e-01	1.000000000000001998e+00	-3.452166535809691461e-01	2.135587247202955785e-01
-1.257210965952171300e-01	9.587452743880868489e-02	-1.402908426316544499e-01	8.445798410183277816e-02	-7.744651932858223620e-02	9.450845786592268483e-02	-1.234182390011825808e-01	1.200554235877439174e-01	-1.125128014734673720e-01	1.117310232641479661e-01	-1.221952673670267664e-01	1.258986123911717547e-01	-1.488487553275976150e-01	1.359858599629035214e-01	-1.473999247391383216e-01	1.525481344198055811e-01	-1.525948217624202852e-01	1.871546394667298330e-01	-2.113246000840267869e-01	1.970722536922213108e-01	-1.481461733997321839e-01	1.279943156484937838e-01	-2.689000064518513033e-01	2.651912238380626508e-01	-2.772221652543645498e-01	1.473173806370341454e-01	-1.614632120546726779e-01	2.514275859384688117e-01	-4.800289152429839667e-01	3.021333061141192045e-01	-2.318288105177156166e-01	1.763031915227491475e-01	-3.452166535809691461e-01	1.000000000000001776e+00	-5.813817634129303524e-01
1.194779772732727785e-01	-9.298895648363869615e-02	1.345354179409120610e-01	-8.687845785749287453e-02	7.789267562327856220e-02	-9.144869440777822489e-02	1.178570642534244872e-01	-1.194654433019401440e-01	1.120732062691414399e-01	-1.166083487763787951e-01	1.156039788426777015e-01	-1.227863535932923189e-01	1.411097231960346532e-01	-1.406747543805093037e-01	1.454303055729770644e-01	-1.500500076379537584e-01	1.420439168022178678e-01	-1.869416734440241812e-01	1.998610762119184259e-01	-2.291504701463003002e-01	1.219199216541419772e-01	-1.107459543667407287e-01	2.140342028894604565e-01	-2.860884972386529279e-01	2.705579301684746252e-01	-1.221881091278380904e-01	1.295381524415092633e-01	-2.215513260202049972e-01	2.952556703540424321e-01	-5.407551334583214908e-01	1.664763714011096574e-01	-1.312139403418283445e-01	2.135587247202955785e-01	-5.813817634129303524e-01	1.000000000000001998e+00
