1.000000000000000000e+00	-5.787433914864003048e-01	2.701309111694487619e-01	-2.194065549401965076e-01	8.643933200899106550e-02	-6.423638774001083629e-01	2.930640441366904048e-01	-1.956547615070639290e-01	1.658836621856314697e-01	-1.005566205791353918e-01	1.147586144777439920e-01	-1.294385937284288079e-01	1.748096949172188164e-01	-1.941273516395951859e-01	8.946344385357700435e-02	-1.239053563837602262e-01	7.843528876862339294e-02	-1.177548572425531903e-01	1.066041324339210422e-01	-7.140069610290600277e-02	6.451474795868392120e-02	-9.049398024897936654e-02	7.405783133149310138e-02	-6.031320299520831485e-02	1.030493609967897822e-01	-8.389090831805158521e-02	6.396103925186900907e-02	-4.572988245015622427e-02	2.936554775498811248e-02	-3.133643937859942330e-02	8.534121104701333782e-02	-4.576589773045160181e-02	4.957630857453569628e-02	-2.114610117785862414e-02	2.269316616542242648e-02
-5.787433914864003048e-01	1.000000000000000000e+00	-6.135552877911299996e-01	2.281677809050243755e-01	-9.208356899780738292e-02	2.848275705342881992e-01	-3.569426614103544670e-01	1.899841313901711459e-01	-1.848963318979977288e-01	9.947127404626747438e-02	-1.065949766776108226e-01	1.168843209227256180e-01	-1.804518340824834977e-01	1.755623698099340324e-01	-8.658487677002704719e-02	1.088909705150209878e-01	-7.154882351536454022e-02	1.068413516094590399e-01	-1.016156293955842727e-01	6.745396491341852652e-02	-5.779308599750358072e-02	8.153894478743758945e-02	-6.955691896796303841e-02	5.648045799522229821e-02	-9.723788639936252476e-02	7.434390239469751416e-02	-5.913688361980321689e-02	4.219178379779019855e-02	-2.727649387349177432e-02	2.904328486378358193e-02	-7.955006409887507846e-02	4.232916957652138601e-02	-4.601964810872911926e-02	1.961751006520886381e-02	-2.108331703939177182e-02
2.701309111694487619e-01	-6.135552877911299996e-01	1.000000000000000000e+00	-4.972864767118795326e-01	1.473326987182974057e-01	-2.686211972755850330e-01	2.546110906100642612e-01	-2.510440333600281182e-01	2.506810009294561659e-01	-1.686377053682378557e-01	1.208034530554025765e-01	-1.391791519280398404e-01	2.139500881952584310e-01	-2.680222804628149547e-01	1.186070423719152861e-01	-1.500533763369472640e-01	9.750714182708081212e-02	-1.497106125186722370e-01	1.388040124374935735e-01	-9.474207945666551778e-02	7.903428255449709838e-02	-1.134978895181768532e-01	9.424684580135569978e-02	-7.716199453447203371e-02	1.310344408620497669e-01	-1.039849989279971465e-01	7.969629624602952989e-02	-5.729695695133545097e-02	3.698980270473086612e-02	-3.951826259114013529e-02	1.062839392315875070e-01	-5.713601718269158830e-02	6.195096307656790258e-02	-2.659849929700627835e-02	2.854614539147271035e-02
-2.194065549401965076e-01	2.281677809050243755e-01	-4.972864767118795326e-01	1.000000000000000222e+00	-3.204218780257778176e-01	1.849732906794455956e-01	-2.595569760989551167e-01	2.605457377322451529e-01	-5.824630453964888543e-01	2.364935710117881396e-01	-1.192072630812950618e-01	1.293008663970095784e-01	-2.628035812941811322e-01	2.517375074229797893e-01	-1.378720686029926423e-01	1.322065199413155756e-01	-9.277898927892393177e-02	1.407910160472207184e-01	-1.512641914897920048e-01	1.021884284929209241e-01	-7.185555718861855179e-02	1.051226935286887210e-01	-9.739011989071064135e-02	7.937735557104799722e-02	-1.368401976557007127e-01	9.251091765924265853e-02	-7.810050071499781421e-02	5.604776325951145444e-02	-3.690688680473302313e-02	3.924017887226754348e-02	-1.060340112965932474e-01	5.607824397031515445e-02	-6.135960533471392087e-02	2.642708247197039090e-02	-2.846146533383301508e-02
8.643933200899106550e-02	-9.208356899780738292e-02	1.473326987182974057e-01	-3.204218780257778176e-01	1.000000000000000000e+00	-8.031941813695767096e-02	1.055705431082832879e-01	-1.189950222227176974e-01	1.896386835950303607e-01	-9.032861463501284938e-01	5.618506551269990962e-02	-6.163877563010668192e-02	1.159403912880532794e-01	-1.370572806495432561e-01	1.024024782206917894e-01	-6.928338466218136871e-02	4.898106058727893369e-02	-7.656218581867076101e-02	8.258157094181856062e-02	-7.888604157585649146e-02	3.775515125236935526e-02	-5.658481114620085572e-02	5.178663484358352748e-02	-4.310562491382054218e-02	7.254769097851494764e-02	-4.914958880164874838e-02	4.082405681888736509e-02	-2.959808174023595070e-02	1.957326299889724022e-02	-2.091277685146853207e-02	5.499180267386231946e-02	-2.937127678496321420e-02	3.210189912878745611e-02	-1.399915851180538393e-02	1.505308258539929216e-02
-6.423638774001083629e-01	2.848275705342881992e-01	-2.686211972755850330e-01	1.849732906794455956e-01	-8.031941813695767096e-02	1.000000000000000222e+00	-5.895166282736710173e-01	2.173503410895262222e-01	-1.808337135313722310e-01	8.924441064040977700e-02	-1.501651481644991903e-01	1.506382373643147532e-01	-2.122542033717279286e-01	1.775255643623779023e-01	-8.981510886325752563e-02	1.220379914158301882e-01	-7.869058888718888367e-02	1.144844474426375408e-01	-1.070335062562089018e-01	6.996232339383995358e-02	-6.423368165988227463e-02	8.819110809288316366e-02	-7.460302201014001877e-02	6.024349229016361801e-02	-1.042996944397469594e-01	8.096534451913631192e-02	-6.471565209253840600e-02	4.585212429226625391e-02	-2.950489761855049770e-02	3.136074669002476834e-02	-8.720292492367379134e-02	4.620905897768604054e-02	-5.022129978128885008e-02	2.124858989084526043e-02	-2.283906098138300395e-02
2.930640441366904048e-01	-3.569426614103544670e-01	2.546110906100642612e-01	-2.595569760989551167e-01	1.055705431082832879e-01	-5.895166282736710173e-01	1.000000000000000444e+00	-4.531664473401133542e-01	2.351538105772229825e-01	-1.237548367908180014e-01	1.715863660517547018e-01	-2.296221150517643028e-01	2.642875878151754732e-01	-2.525889606830797884e-01	1.147948749767680743e-01	-1.660851066867461423e-01	1.045873898647463052e-01	-1.566357580071927325e-01	1.386359448198307420e-01	-9.156390085247952115e-02	8.577179276183563572e-02	-1.187398470803509715e-01	9.620565185469186209e-02	-7.816822736669891414e-02	1.330850265793777909e-01	-1.100963321758541280e-01	8.371714532106454276e-02	-5.961141651271597425e-02	3.816327166997364462e-02	-4.068662792394224514e-02	1.114892571534679688e-01	-5.976200342345631966e-02	6.469117312781859364e-02	-2.749490385676278681e-02	2.949710018572979792e-02
-1.956547615070639290e-01	1.899841313901711459e-01	-2.510440333600281182e-01	2.605457377322451529e-01	-1.189950222227176974e-01	2.173503410895262222e-01	-4.531664473401133542e-01	1.000000000000000444e+00	-5.108048163713013734e-01	1.299934752361188994e-01	-1.496741322461246637e-01	1.732073532976918795e-01	-5.707710734793615126e-01	2.630712011700702679e-01	-1.213755549738587958e-01	1.482325218115073673e-01	-1.034704386386634950e-01	1.606090359146655488e-01	-1.482854430882688257e-01	9.431624582588327144e-02	-7.908826021707947296e-02	1.136947551105822185e-01	-9.815367079227192704e-02	7.958980913083180120e-02	-1.349713818210979133e-01	1.005711150430710493e-01	-8.137463887997278822e-02	5.802205837609781397e-02	-3.764461039570671935e-02	4.004574015897838235e-02	-1.090879265082563554e-01	5.812113610753300713e-02	-6.324719926801393444e-02	2.703031416099652140e-02	-2.904461373732843132e-02
1.658836621856314697e-01	-1.848963318979977288e-01	2.506810009294561659e-01	-5.824630453964888543e-01	1.896386835950303607e-01	-1.808337135313722310e-01	2.351538105772229825e-01	-5.108048163713013734e-01	1.000000000000000666e+00	-2.348985012893232138e-01	1.193202175919037544e-01	-1.370782446613548200e-01	2.762727626793501368e-01	-4.100077856241262642e-01	1.352828439967134755e-01	-1.409055100149145534e-01	9.811597563478451078e-02	-1.543987390647466873e-01	1.611749725978166570e-01	-1.056573576399070929e-01	7.570127061440724836e-02	-1.117184140631596878e-01	1.000617885807736224e-01	-8.249716496535272614e-02	1.379609183371973691e-01	-9.802743848806377835e-02	7.993201380898111441e-02	-5.763694485144541663e-02	3.781337236503065635e-02	-4.031929133326211251e-02	1.072901587223016595e-01	-5.735330599509295274e-02	6.254940795591727720e-02	-2.707870374758547874e-02	2.910094328379839862e-02
-1.005566205791353918e-01	9.947127404626747438e-02	-1.686377053682378557e-01	2.364935710117881396e-01	-9.032861463501284938e-01	8.924441064040977700e-02	-1.237548367908180014e-01	1.299934752361188994e-01	-2.348985012893232138e-01	1.000000000000000444e+00	-6.409441548798164301e-02	6.926698715114625038e-02	-1.358089273013037557e-01	1.445731052612722889e-01	-1.285411639808946294e-01	7.652312206703471009e-02	-5.473383129292654081e-02	8.482564313367987885e-02	-9.455044913337186385e-02	8.772480381854476372e-02	-4.193218371466101574e-02	6.282219980383910163e-02	-5.892747831606273690e-02	4.887141276908232163e-02	-8.287230817688893969e-02	5.432642414217336846e-02	-4.602128545950428390e-02	3.331766906575788639e-02	-2.211895243197295816e-02	2.359488958678125983e-02	-6.228236723837840549e-02	3.311524424806213535e-02	-3.626832199590722394e-02	1.580662522776819789e-02	-1.701307784702997886e-02
1.147586144777439920e-01	-1.065949766776108226e-01	1.208034530554025765e-01	-1.192072630812950618e-01	5.618506551269990962e-02	-1.501651481644991903e-01	1.715863660517547018e-01	-1.496741322461246637e-01	1.193202175919037544e-01	-6.409441548798164301e-02	1.000000000000000666e+00	-8.219428112075399806e-01	2.168732616556896531e-01	-1.780678687233577528e-01	1.034456192684044262e-01	-3.716521678638329829e-01	1.432501303357890943e-01	-1.622947818591647939e-01	1.305668421765956988e-01	-8.199638334264652828e-02	1.425912756348066135e-01	-1.488978614846643289e-01	1.020804214332402954e-01	-8.041871566347415234e-02	1.398795815649812035e-01	-1.605554545724050541e-01	1.055987598459835058e-01	-7.188973988837080165e-02	4.380639673418587621e-02	-4.628627519796506967e-02	1.381187362505963689e-01	-7.377391805935706870e-02	7.883670642790707728e-02	-3.189572356257754093e-02	3.410769176066126562e-02
-1.294385937284288079e-01	1.168843209227256180e-01	-1.391791519280398404e-01	1.293008663970095784e-01	-6.163877563010668192e-02	1.506382373643147532e-01	-2.296221150517643028e-01	1.732073532976918795e-01	-1.370782446613548200e-01	6.926698715114625038e-02	-8.219428112075399806e-01	1.000000000000000222e+00	-3.212958718260064961e-01	1.808029851458376469e-01	-1.115130426140735903e-01	2.377853942727794212e-01	-1.414762101465653621e-01	1.590316267582300713e-01	-1.387213027232838125e-01	8.650646497258479561e-02	-1.241442558040113525e-01	1.390221166668315633e-01	-1.074749010851249881e-01	8.433127319832163515e-02	-1.502882526363654159e-01	1.328690430598497840e-01	-1.089489899681450186e-01	7.360706768532707112e-02	-4.570441630044468073e-02	4.803778104198070525e-02	-1.477490896772785112e-01	7.641230507439120134e-02	-8.272104512830648348e-02	3.325031332425448793e-02	-3.572796963754976129e-02
1.748096949172188164e-01	-1.804518340824834977e-01	2.139500881952584310e-01	-2.628035812941811322e-01	1.159403912880532794e-01	-2.122542033717279286e-01	2.642875878151754732e-01	-5.707710734793615126e-01	2.762727626793501368e-01	-1.358089273013037557e-01	2.168732616556896531e-01	-3.212958718260064961e-01	1.000000000000000000e+00	-4.207131714201512995e-01	1.652432476887946700e-01	-2.503135251364698166e-01	1.703870550943346884e-01	-3.013060437500538202e-01	2.133758681801153356e-01	-1.353662739927617986e-01	1.292007349371142866e-01	-1.883976993603482253e-01	1.464295071965907580e-01	-1.191259092610761766e-01	1.957052970514462364e-01	-1.665395533458734478e-01	1.247114081309943640e-01	-8.908158275662318715e-02	5.686663789293736754e-02	-6.074967801870701650e-02	1.632986983953982896e-01	-8.872118261944235418e-02	9.571950280198500416e-02	-4.093066753674692859e-02	4.381059368065559623e-02
-1.941273516395951859e-01	1.755623698099340324e-01	-2.680222804628149547e-01	2.517375074229797893e-01	-1.370572806495432561e-01	1.775255643623779023e-01	-2.525889606830797884e-01	2.630712011700702679e-01	-4.100077856241262642e-01	1.445731052612722889e-01	-1.780678687233577528e-01	1.808029851458376469e-01	-4.207131714201512995e-01	1.000000000000000444e+00	-3.071859068643168489e-01	2.133293778370724814e-01	-1.686729955619373222e-01	2.586749701025305992e-01	-4.383318538194760361e-01	2.206422647851279117e-01	-1.216340157937261107e-01	1.887238904642166148e-01	-2.137572970819620055e-01	1.779164853532215762e-01	-2.931737907058845627e-01	1.553171258414403622e-01	-1.468138032144750416e-01	1.068092531761253017e-01	-7.336862899317211917e-02	7.765314877691603668e-02	-2.020164412762178174e-01	1.058813851712107068e-01	-1.174798358036971135e-01	5.193003766261326815e-02	-5.609015962310830161e-02
8.946344385357700435e-02	-8.658487677002704719e-02	1.186070423719152861e-01	-1.378720686029926423e-01	1.024024782206917894e-01	-8.981510886325752563e-02	1.147948749767680743e-01	-1.213755549738587958e-01	1.352828439967134755e-01	-1.285411639808946294e-01	1.034456192684044262e-01	-1.115130426140735903e-01	1.652432476887946700e-01	-3.071859068643168489e-01	1.000000000000000444e+00	-1.817287025656984245e-01	1.402570344616743681e-01	-2.446367684189422465e-01	2.950027929399778315e-01	-7.871043885438039345e-01	1.021797353867407721e-01	-1.703673760011074345e-01	1.571576705843122090e-01	-1.452742259466195118e-01	2.190282271315306395e-01	-1.358745709438308746e-01	1.116883505657191716e-01	-8.429154253337850511e-02	5.764376724752762193e-02	-6.281935694737933451e-02	1.459339289825839492e-01	-8.074110929212338639e-02	8.833898770672132805e-02	-4.089939971201396463e-02	4.370130148744177240e-02
-1.239053563837602262e-01	1.088909705150209878e-01	-1.500533763369472640e-01	1.322065199413155756e-01	-6.928338466218136871e-02	1.220379914158301882e-01	-1.660851066867461423e-01	1.482325218115073673e-01	-1.409055100149145534e-01	7.652312206703471009e-02	-3.716521678638329829e-01	2.377853942727794212e-01	-2.503135251364698166e-01	2.133293778370724814e-01	-1.817287025656984245e-01	1.000000000000001332e+00	-3.608708732921292461e-01	2.570348006911465921e-01	-2.302331051853190591e-01	1.387629863839194566e-01	-4.754252076687687234e-01	2.824783072394183581e-01	-1.971443862133326619e-01	1.499736012066456292e-01	-2.739690344977591119e-01	2.965153789672183571e-01	-2.336904723552443164e-01	1.485764427513947827e-01	-8.903061618625333906e-02	9.239593654763637864e-02	-3.095532861641440148e-01	1.582682473460383377e-01	-1.703590611032352875e-01	6.526365733945178882e-02	-7.000708048339633616e-02
7.843528876862339294e-02	-7.154882351536454022e-02	9.750714182708081212e-02	-9.277898927892393177e-02	4.898106058727893369e-02	-7.869058888718888367e-02	1.045873898647463052e-01	-1.034704386386634950e-01	9.811597563478451078e-02	-5.473383129292654081e-02	1.432501303357890943e-01	-1.414762101465653621e-01	1.703870550943346884e-01	-1.686729955619373222e-01	1.402570344616743681e-01	-3.608708732921292461e-01	1.000000000000001332e+00	-5.349119552034823366e-01	2.083915654206924539e-01	-1.180190833206296863e-01	1.996499881802353549e-01	-6.644612852962924476e-01	1.789744268325000609e-01	-1.368699910640869544e-01	2.005393085838187983e-01	-2.089156991758754911e-01	1.767730085879004875e-01	-1.175568928089316678e-01	6.711184836616013172e-02	-7.076231858868606284e-02	1.932913077779569166e-01	-1.173430513930139862e-01	1.193827408394959461e-01	-4.854228571550649185e-02	5.099377155640842652e-02
-1.177548572425531903e-01	1.068413516094590399e-01	-1.497106125186722370e-01	1.407910160472207184e-01	-7.656218581867076101e-02	1.144844474426375408e-01	-1.566357580071927325e-01	1.606090359146655488e-01	-1.543987390647466873e-01	8.482564313367987885e-02	-1.622947818591647939e-01	1.590316267582300713e-01	-3.013060437500538202e-01	2.586749701025305992e-01	-2.446367684189422465e-01	2.570348006911465921e-01	-5.349119552034823366e-01	1.000000000000000444e+00	-4.496047066138591508e-01	2.002515933806920945e-01	-1.631350964437166540e-01	2.998370626799193861e-01	-2.931039301189792834e-01	2.117240184809079662e-01	-3.156501419814519704e-01	1.859856676529828556e-01	-1.932731138340964827e-01	1.329176926477492471e-01	-8.709308799193743456e-02	9.116310205354362373e-02	-2.440867577382430653e-01	1.321439583288550601e-01	-1.447170255590176924e-01	6.175256920625796231e-02	-6.611052230481812009e-02
1.066041324339210422e-01	-1.016156293955842727e-01	1.388040124374935735e-01	-1.512641914897920048e-01	8.258157094181856062e-02	-1.070335062562089018e-01	1.386359448198307420e-01	-1.482854430882688257e-01	1.611749725978166570e-01	-9.455044913337186385e-02	1.305668421765956988e-01	-1.387213027232838125e-01	2.133758681801153356e-01	-4.383318538194760361e-01	2.950027929399778315e-01	-2.302331051853190591e-01	2.083915654206924539e-01	-4.496047066138591508e-01	1.000000000000001776e+00	-4.717296323999673469e-01	1.325735065061953710e-01	-2.409283072181769847e-01	2.522600073035590751e-01	-3.218063315673620473e-01	2.790412462621055800e-01	-1.709202091785211042e-01	1.457701442976080952e-01	-1.118115187829884782e-01	7.962022450099265347e-02	-8.572821309779456167e-02	1.845356559507696781e-01	-1.043694324210953928e-01	1.147330241619768237e-01	-5.543341527192709173e-02	5.825277135267394046e-02
-7.140069610290600277e-02	6.745396491341852652e-02	-9.474207945666551778e-02	1.021884284929209241e-01	-7.888604157585649146e-02	6.996232339383995358e-02	-9.156390085247952115e-02	9.431624582588327144e-02	-1.056573576399070929e-01	8.772480381854476372e-02	-8.199638334264652828e-02	8.650646497258479561e-02	-1.353662739927617986e-01	2.206422647851279117e-01	-7.871043885438039345e-01	1.387629863839194566e-01	-1.180190833206296863e-01	2.002515933806920945e-01	-4.717296323999673469e-01	1.000000000000000666e+00	-8.002207047648240978e-02	1.361780482202834819e-01	-1.618481265789197543e-01	1.515864093493127784e-01	-2.348640574176673879e-01	1.044555128586832776e-01	-9.230818303214635701e-02	7.042824740662893823e-02	-5.096708013946383425e-02	5.490008593071771248e-02	-1.200867790033471882e-01	6.644841670720973148e-02	-7.380833744439313504e-02	3.540151567686407319e-02	-3.790918787781241694e-02
6.451474795868392120e-02	-5.779308599750358072e-02	7.903428255449709838e-02	-7.185555718861855179e-02	3.775515125236935526e-02	-6.423368165988227463e-02	8.577179276183563572e-02	-7.908826021707947296e-02	7.570127061440724836e-02	-4.193218371466101574e-02	1.425912756348066135e-01	-1.241442558040113525e-01	1.292007349371142866e-01	-1.216340157937261107e-01	1.021797353867407721e-01	-4.754252076687687234e-01	1.996499881802353549e-01	-1.631350964437166540e-01	1.325735065061953710e-01	-8.002207047648240978e-02	9.999999999999998890e-01	-2.941607231741674711e-01	1.207284953131138178e-01	-9.139366519592626026e-02	1.570578437728874233e-01	-7.659421044053336125e-01	1.669909992150652445e-01	-1.046123250237951663e-01	5.699781461990905546e-02	-5.956460101386747835e-02	1.877151512481249340e-01	-1.093791786332467680e-01	1.096964536735760276e-01	-4.190079549941974624e-02	4.408737318629490920e-02
-9.049398024897936654e-02	8.153894478743758945e-02	-1.134978895181768532e-01	1.051226935286887210e-01	-5.658481114620085572e-02	8.819110809288316366e-02	-1.187398470803509715e-01	1.136947551105822185e-01	-1.117184140631596878e-01	6.282219980383910163e-02	-1.488978614846643289e-01	1.390221166668315633e-01	-1.883976993603482253e-01	1.887238904642166148e-01	-1.703673760011074345e-01	2.824783072394183581e-01	-6.644612852962924476e-01	2.998370626799193861e-01	-2.409283072181769847e-01	1.361780482202834819e-01	-2.941607231741674711e-01	1.000000000000000888e+00	-2.566747443742952717e-01	1.729696011455749693e-01	-2.671068429301249325e-01	2.387701734553747401e-01	-2.960515601972983912e-01	1.629184032899324563e-01	-9.162314439360122464e-02	9.473051813442837088e-02	-2.795544301093684791e-01	1.674105628832993908e-01	-1.715322930575314819e-01	6.623439783085485755e-02	-6.970357154144816991e-02
7.405783133149310138e-02	-6.955691896796303841e-02	9.424684580135569978e-02	-9.739011989071064135e-02	5.178663484358352748e-02	-7.460302201014001877e-02	9.620565185469186209e-02	-9.815367079227192704e-02	1.000617885807736224e-01	-5.892747831606273690e-02	1.020804214332402954e-01	-1.074749010851249881e-01	1.464295071965907580e-01	-2.137572970819620055e-01	1.571576705843122090e-01	-1.971443862133326619e-01	1.789744268325000609e-01	-2.931039301189792834e-01	2.522600073035590751e-01	-1.618481265789197543e-01	1.207284953131138178e-01	-2.566747443742952717e-01	1.000000000000000666e+00	-7.695916898545657192e-01	2.991047710724888953e-01	-1.559928392050107526e-01	1.453274695215794332e-01	-1.347796385646536643e-01	1.001851914916277869e-01	-1.060291221181481891e-01	1.697235864506746739e-01	-1.041222754346031176e-01	1.209440265019124938e-01	-6.659816961601117136e-02	6.685377076895360204e-02
-6.031320299520831485e-02	5.648045799522229821e-02	-7.716199453447203371e-02	7.937735557104799722e-02	-4.310562491382054218e-02	6.024349229016361801e-02	-7.816822736669891414e-02	7.958980913083180120e-02	-8.249716496535272614e-02	4.887141276908232163e-02	-8.041871566347415234e-02	8.433127319832163515e-02	-1.191259092610761766e-01	1.779164853532215762e-01	-1.452742259466195118e-01	1.499736012066456292e-01	-1.368699910640869544e-01	2.117240184809079662e-01	-3.218063315673620473e-01	1.515864093493127784e-01	-9.139366519592626026e-02	1.729696011455749693e-01	-7.695916898545657192e-01	1.000000000000000000e+00	-4.531634392618861251e-01	1.177501053120243169e-01	-1.154562478026349842e-01	1.028672937261952830e-01	-1.021172086162636522e-01	9.705581467192544998e-02	-1.365404892657278435e-01	8.247185391321729120e-02	-9.840309710817754518e-02	6.050015275289744032e-02	-6.080223168033655617e-02
1.030493609967897822e-01	-9.723788639936252476e-02	1.310344408620497669e-01	-1.368401976557007127e-01	7.254769097851494764e-02	-1.042996944397469594e-01	1.330850265793777909e-01	-1.349713818210979133e-01	1.379609183371973691e-01	-8.287230817688893969e-02	1.398795815649812035e-01	-1.502882526363654159e-01	1.957052970514462364e-01	-2.931737907058845627e-01	2.190282271315306395e-01	-2.739690344977591119e-01	2.005393085838187983e-01	-3.156501419814519704e-01	2.790412462621055800e-01	-2.348640574176673879e-01	1.570578437728874233e-01	-2.671068429301249325e-01	2.991047710724888953e-01	-4.531634392618861251e-01	1.000000000000000888e+00	-2.151931812560912982e-01	1.817133042115699759e-01	-1.502491788632477898e-01	1.213740859650707521e-01	-1.460528671998417294e-01	2.327642759627631674e-01	-1.337107418196111230e-01	1.497881955320940206e-01	-8.311985029026773553e-02	8.920803754732632707e-02
-8.389090831805158521e-02	7.434390239469751416e-02	-1.039849989279971465e-01	9.251091765924265853e-02	-4.914958880164874838e-02	8.096534451913631192e-02	-1.100963321758541280e-01	1.005711150430710493e-01	-9.802743848806377835e-02	5.432642414217336846e-02	-1.605554545724050541e-01	1.328690430598497840e-01	-1.665395533458734478e-01	1.553171258414403622e-01	-1.358745709438308746e-01	2.965153789672183571e-01	-2.089156991758754911e-01	1.859856676529828556e-01	-1.709202091785211042e-01	1.044555128586832776e-01	-7.659421044053336125e-01	2.387701734553747401e-01	-1.559928392050107526e-01	1.177501053120243169e-01	-2.151931812560912982e-01	1.000000000000001554e+00	-2.557969002776966927e-01	1.442519248733333814e-01	-7.938340569042225126e-02	8.199019000826636427e-02	-2.866371883404796872e-01	1.556998976455557515e-01	-1.591818187013962493e-01	5.857404760880287331e-02	-6.196796019538425293e-02
6.396103925186900907e-02	-5.913688361980321689e-02	7.969629624602952989e-02	-7.810050071499781421e-02	4.082405681888736509e-02	-6.471565209253840600e-02	8.371714532106454276e-02	-8.137463887997278822e-02	7.993201380898111441e-02	-4.602128545950428390e-02	1.055987598459835058e-01	-1.089489899681450186e-01	1.247114081309943640e-01	-1.468138032144750416e-01	1.116883505657191716e-01	-2.336904723552443164e-01	1.767730085879004875e-01	-1.932731138340964827e-01	1.457701442976080952e-01	-9.230818303214635701e-02	1.669909992150652445e-01	-2.960515601972983912e-01	1.453274695215794332e-01	-1.154562478026349842e-01	1.817133042115699759e-01	-2.557969002776966927e-01	1.000000000000001776e+00	-5.274910786208493185e-01	1.507106958212690861e-01	-1.603408655678722483e-01	3.058230336378484626e-01	-5.508976060003062392e-01	3.178577866041084055e-01	-1.133083637302827740e-01	1.062869938724393948e-01
-4.572988245015622427e-02	4.219178379779019855e-02	-5.729695695133545097e-02	5.604776325951145444e-02	-2.959808174023595070e-02	4.585212429226625391e-02	-5.961141651271597425e-02	5.802205837609781397e-02	-5.763694485144541663e-02	3.331766906575788639e-02	-7.188973988837080165e-02	7.360706768532707112e-02	-8.908158275662318715e-02	1.068092531761253017e-01	-8.429154253337850511e-02	1.485764427513947827e-01	-1.175568928089316678e-01	1.329176926477492471e-01	-1.118115187829884782e-01	7.042824740662893823e-02	-1.046123250237951663e-01	1.629184032899324563e-01	-1.347796385646536643e-01	1.028672937261952830e-01	-1.502491788632477898e-01	1.442519248733333814e-01	-5.274910786208493185e-01	1.000000000000001998e+00	-2.721790387563802760e-01	1.982356703219193828e-01	-2.856272687641246422e-01	2.986967356913833305e-01	-6.695915314587654876e-01	1.594969343115333893e-01	-1.526282307926546400e-01
2.936554775498811248e-02	-2.727649387349177432e-02	3.698980270473086612e-02	-3.690688680473302313e-02	1.957326299889724022e-02	-2.950489761855049770e-02	3.816327166997364462e-02	-3.764461039570671935e-02	3.781337236503065635e-02	-2.211895243197295816e-02	4.380639673418587621e-02	-4.570441630044468073e-02	5.686663789293736754e-02	-7.336862899317211917e-02	5.764376724752762193e-02	-8.903061618625333906e-02	6.711184836616013172e-02	-8.709308799193743456e-02	7.962022450099265347e-02	-5.096708013946383425e-02	5.699781461990905546e-02	-9.162314439360122464e-02	1.001851914916277869e-01	-1.021172086162636522e-01	1.213740859650707521e-01	-7.938340569042225126e-02	1.507106958212690861e-01	-2.721790387563802760e-01	1.000000000000002665e+00	-7.504408166066092178e-01	1.309041060930383471e-01	-1.175541151104638748e-01	1.878808149869206079e-01	-4.777607529660283237e-01	3.044354177321072497e-01
-3.133643937859942330e-02	2.904328486378358193e-02	-3.951826259114013529e-02	3.924017887226754348e-02	-2.091277685146853207e-02	3.136074669002476834e-02	-4.068662792394224514e-02	4.004574015897838235e-02	-4.031929133326211251e-02	2.359488958678125983e-02	-4.628627519796506967e-02	4.803778104198070525e-02	-6.074967801870701650e-02	7.765314877691603668e-02	-6.281935694737933451e-02	9.239593654763637864e-02	-7.076231858868606284e-02	9.116310205354362373e-02	-8.572821309779456167e-02	5.490008593071771248e-02	-5.956460101386747835e-02	9.473051813442837088e-02	-1.060291221181481891e-01	9.705581467192544998e-02	-1.460528671998417294e-01	8.199019000826636427e-02	-1.603408655678722483e-01	1.982356703219193828e-01	-7.504408166066092178e-01	1.000000000000002887e+00	-1.490037411484203267e-01	1.199690704671265568e-01	-1.982619868285476761e-01	3.077581200731571709e-01	-4.926119717491221905e-01
8.534121104701333782e-02	-7.955006409887507846e-02	1.062839392315875070e-01	-1.060340112965932474e-01	5.499180267386231946e-02	-8.720292492367379134e-02	1.114892571534679688e-01	-1.090879265082563554e-01	1.072901587223016595e-01	-6.228236723837840549e-02	1.381187362505963689e-01	-1.477490896772785112e-01	1.632986983953982896e-01	-2.020164412762178174e-01	1.459339289825839492e-01	-3.095532861641440148e-01	1.932913077779569166e-01	-2.440867577382430653e-01	1.845356559507696781e-01	-1.200867790033471882e-01	1.877151512481249340e-01	-2.795544301093684791e-01	1.697235864506746739e-01	-1.365404892657278435e-01	2.327642759627631674e-01	-2.866371883404796872e-01	3.058230336378484626e-01	-2.856272687641246422e-01	1.309041060930383471e-01	-1.490037411484203267e-01	1.000000000000004219e+00	-5.549702098368627379e-01	2.714186003450952955e-01	-1.037573561406831962e-01	1.012033286601742854e-01
-4.576589773045160181e-02	4.232916957652138601e-02	-5.713601718269158830e-02	5.607824397031515445e-02	-2.937127678496321420e-02	4.620905897768604054e-02	-5.976200342345631966e-02	5.812113610753300713e-02	-5.735330599509295274e-02	3.311524424806213535e-02	-7.377391805935706870e-02	7.641230507439120134e-02	-8.872118261944235418e-02	1.058813851712107068e-01	-8.074110929212338639e-02	1.582682473460383377e-01	-1.173430513930139862e-01	1.321439583288550601e-01	-1.043694324210953928e-01	6.644841670720973148e-02	-1.093791786332467680e-01	1.674105628832993908e-01	-1.041222754346031176e-01	8.247185391321729120e-02	-1.337107418196111230e-01	1.556998976455557515e-01	-5.508976060003062392e-01	2.986967356913833305e-01	-1.175541151104638748e-01	1.199690704671265568e-01	-5.549702098368627379e-01	1.000000000000004219e+00	-5.182685122258245958e-01	9.794600363752745120e-02	-9.315212246608042812e-02
4.957630857453569628e-02	-4.601964810872911926e-02	6.195096307656790258e-02	-6.135960533471392087e-02	3.210189912878745611e-02	-5.022129978128885008e-02	6.469117312781859364e-02	-6.324719926801393444e-02	6.254940795591727720e-02	-3.626832199590722394e-02	7.883670642790707728e-02	-8.272104512830648348e-02	9.571950280198500416e-02	-1.174798358036971135e-01	8.833898770672132805e-02	-1.703590611032352875e-01	1.193827408394959461e-01	-1.447170255590176924e-01	1.147330241619768237e-01	-7.380833744439313504e-02	1.096964536735760276e-01	-1.715322930575314819e-01	1.209440265019124938e-01	-9.840309710817754518e-02	1.497881955320940206e-01	-1.591818187013962493e-01	3.178577866041084055e-01	-6.695915314587654876e-01	1.878808149869206079e-01	-1.982619868285476761e-01	2.714186003450952955e-01	-5.182685122258245958e-01	1.000000000000003997e+00	-1.846137371563874863e-01	1.462626673093985474e-01
-2.114610117785862414e-02	1.961751006520886381e-02	-2.659849929700627835e-02	2.642708247197039090e-02	-1.399915851180538393e-02	2.124858989084526043e-02	-2.749490385676278681e-02	2.703031416099652140e-02	-2.707870374758547874e-02	1.580662522776819789e-02	-3.189572356257754093e-02	3.325031332425448793e-02	-4.093066753674692859e-02	5.193003766261326815e-02	-4.089939971201396463e-02	6.526365733945178882e-02	-4.854228571550649185e-02	6.175256920625796231e-02	-5.543341527192709173e-02	3.540151567686407319e-02	-4.190079549941974624e-02	6.623439783085485755e-02	-6.659816961601117136e-02	6.050015275289744032e-02	-8.311985029026773553e-02	5.857404760880287331e-02	-1.133083637302827740e-01	1.594969343115333893e-01	-4.777607529660283237e-01	3.077581200731571709e-01	-1.037573561406831962e-01	9.794600363752745120e-02	-1.846137371563874863e-01	1.000000000000003997e+00	-7.960658346661558804e-01
2.269316616542242648e-02	-2.108331703939177182e-02	2.854614539147271035e-02	-2.846146533383301508e-02	1.505308258539929216e-02	-2.283906098138300395e-02	2.949710018572979792e-02	-2.904461373732843132e-02	2.910094328379839862e-02	-1.701307784702997886e-02	3.410769176066126562e-02	-3.572796963754976129e-02	4.381059368065559623e-02	-5.609015962310830161e-02	4.370130148744177240e-02	-7.000708048339633616e-02	5.099377155640842652e-02	-6.611052230481812009e-02	5.825277135267394046e-02	-3.790918787781241694e-02	4.408737318629490920e-02	-6.970357154144816991e-02	6.685377076895360204e-02	-6.080223168033655617e-02	8.920803754732632707e-02	-6.196796019538425293e-02	1.062869938724393948e-01	-1.526282307926546400e-01	3.044354177321072497e-01	-4.926119717491221905e-01	1.012033286601742854e-01	-9.315212246608042812e-02	1.462626673093985474e-01	-7.960658346661558804e-01	1.000000000000003997e+00
