1.000000000000000222e+00	-6.703928039425373075e-01	2.851439218546169552e-01	-7.319859613728732506e-02	7.089011586995840053e-02	-4.903380349490978340e-01	3.093315304921727682e-01	-3.777849493040926765e-01	7.880047278044131909e-02	-6.955408988056469011e-02	1.269422392828156720e-01	-1.301289362674853956e-01	1.081841575774220160e-01	-8.762075810852922031e-02	8.453700009092038337e-02	-1.285515140951221380e-01	1.001873330927862960e-01	-9.042774537174345928e-02	6.962684752666603583e-02	-7.080853911172443893e-02	6.199401149931536847e-02	-6.135873258025426741e-02	6.641379513351006181e-02	-5.930537884159582662e-02	6.229703381479161084e-02	-4.190567551241281691e-02	5.882197104339561416e-02	-6.334098343131225328e-02	6.542060851581675551e-02	-4.677841529973698204e-02	3.801322061932476543e-02	-3.829916524209999590e-02	4.286354077137041751e-02	-5.980010145584509218e-02	5.108361610353116811e-02
-6.703928039425373075e-01	1.000000000000000444e+00	-5.239249327448729510e-01	5.470416230194019569e-02	-5.368407709746545603e-02	2.738067653794085676e-01	-3.973046636613430382e-01	2.996762328081641891e-01	-6.054492050454569202e-02	5.199758812130349933e-02	-8.583900926985589541e-02	8.608646780788049846e-02	-8.283368824466633140e-02	6.535884523580909322e-02	-6.373586820562965327e-02	8.348970578203569748e-02	-7.004647939523578337e-02	6.567739383504105077e-02	-5.101308469880568713e-02	5.123802635122047533e-02	-4.436035955835215122e-02	4.360352054147851458e-02	-4.826647463913485286e-02	4.290365794037344360e-02	-4.525077357070510231e-02	2.996305460252784991e-02	-4.236365883457359621e-02	4.550034184239801216e-02	-4.741250201480257803e-02	3.371927115292812360e-02	-2.727769627624301862e-02	2.745003275301412943e-02	-3.080658045612522794e-02	4.283286091543273694e-02	-3.690263730147685939e-02
2.851439218546169552e-01	-5.239249327448729510e-01	1.000000000000000444e+00	-9.215209537477515866e-02	8.393688120260356378e-02	-2.324379043741716944e-01	2.471734197573980385e-01	-7.322609204542873673e-01	1.023137397650799446e-01	-8.525007193622602397e-02	8.542124089325148217e-02	-9.625026276793362257e-02	1.290772848492822977e-01	-1.067554179720496266e-01	9.719660873988675287e-02	-9.205835234546810852e-02	8.217911063329108590e-02	-9.996769184938331110e-02	7.566764619145595339e-02	-7.761366089220128606e-02	6.247303056552632600e-02	-6.256663678077345470e-02	7.029748190896217830e-02	-6.337368944024868167e-02	6.616964630550584148e-02	-4.364927273990771434e-02	6.122925692156876154e-02	-6.727751143820633051e-02	6.895381421116675291e-02	-4.973399004981176458e-02	3.956413736479883619e-02	-4.014681589793295952e-02	4.486954491423256891e-02	-6.327545113121627041e-02	5.381386166566891338e-02
-7.319859613728732506e-02	5.470416230194019569e-02	-9.215209537477515866e-02	1.000000000000000666e+00	-6.522025282225645260e-01	5.195940160498058874e-02	-5.969872756791408386e-02	1.112236261069455417e-01	-6.065538696564991561e-01	3.072292881928902486e-01	-4.507894678163516106e-02	6.408901313716702797e-02	-1.845348520927851954e-01	2.514644794751074164e-01	-2.870982192099379438e-01	5.868179183373937319e-02	-6.921218888394568836e-02	1.271207125300796437e-01	-1.236817775382588053e-01	1.225928759106571925e-01	-7.885579450889730613e-02	7.816828784422021059e-02	-9.752156024026260861e-02	9.014118360726855461e-02	-9.790295565948137213e-02	5.742296031447257504e-02	-8.220561788672950398e-02	9.003207970459276011e-02	-9.781808706148224786e-02	7.073555753155172376e-02	-5.276059232676607452e-02	5.382445257051676063e-02	-6.083086706068581428e-02	8.642885295447910732e-02	-7.596053074156851326e-02
7.089011586995840053e-02	-5.368407709746545603e-02	8.393688120260356378e-02	-6.522025282225645260e-01	1.000000000000000666e+00	-5.366766761751491643e-02	5.847659022322808375e-02	-1.087603195440506598e-01	3.159957108505504486e-01	-5.602878314737299581e-01	5.143136356895253863e-02	-7.557749949561801128e-02	1.777192559154864016e-01	-2.760564323888916038e-01	2.785301611867325722e-01	-6.887087739785263674e-02	7.924786941232876691e-02	-1.463565985587527429e-01	1.343303823046758660e-01	-1.479229929509071895e-01	9.509967710986534650e-02	-9.651333413572753261e-02	1.109459794304447078e-01	-1.056204739024037137e-01	1.128163230274231571e-01	-7.066850337706893914e-02	9.776727002151539003e-02	-1.089252537384995528e-01	1.134940867028626371e-01	-8.505040287004940469e-02	6.405174436621949297e-02	-6.587777061537025691e-02	7.357863786609197820e-02	-1.067680043892782482e-01	8.999611545510939614e-02
-4.903380349490978340e-01	2.738067653794085676e-01	-2.324379043741716944e-01	5.195940160498058874e-02	-5.366766761751491643e-02	1.000000000000000444e+00	-7.487942525802993021e-01	2.373939621104887987e-01	-5.764869440065088085e-02	5.058249458219538780e-02	-2.172915260301761520e-01	1.480693470442497883e-01	-8.693330919548387936e-02	6.507082295819352491e-02	-6.590571597769950829e-02	1.492608071032713868e-01	-1.144773149699796766e-01	7.346603305165634590e-02	-5.605697170959449138e-02	5.462749417845477740e-02	-5.190940364304585941e-02	5.029251892832787424e-02	-5.445331678279708570e-02	4.723724658262770659e-02	-4.974396241772165855e-02	3.329538513995716070e-02	-4.756532259112493388e-02	5.009743442557603593e-02	-5.258281018090796982e-02	3.672092538072802004e-02	-3.033769972769662093e-02	3.025774616070651610e-02	-3.401204028975216703e-02	4.654373627048870310e-02	-4.052789277050835443e-02
3.093315304921727682e-01	-3.973046636613430382e-01	2.471734197573980385e-01	-5.969872756791408386e-02	5.847659022322808375e-02	-7.487942525802993021e-01	1.000000000000000666e+00	-3.736620292507124574e-01	6.654752336490868392e-02	-5.702311217051708042e-02	1.488100602193573874e-01	-1.442666322625129893e-01	9.386152607146357185e-02	-7.293265094273246318e-02	7.042696559380025312e-02	-1.400496497807666718e-01	1.037699644995119796e-01	-7.787761702572158773e-02	5.854533384162410176e-02	-5.812616918241760022e-02	5.246311236721357824e-02	-5.164573082413680127e-02	5.610887520552761826e-02	-4.931790000787039663e-02	5.156988186029688032e-02	-3.454496926741586899e-02	4.893580402416052022e-02	-5.243752021352849485e-02	5.429410770131649910e-02	-3.838203224420963511e-02	3.134373667251129369e-02	-3.146922288221053188e-02	3.524257247400333637e-02	-4.880267013610363469e-02	4.199692115066018527e-02
-3.777849493040926765e-01	2.996762328081641891e-01	-7.322609204542873673e-01	1.112236261069455417e-01	-1.087603195440506598e-01	2.373939621104887987e-01	-3.736620292507124574e-01	1.000000000000001110e+00	-1.463796913063815930e-01	1.053715003462473571e-01	-9.511484444815192230e-02	1.041054904922183305e-01	-1.901391684090981693e-01	1.329610439398213606e-01	-1.267125261233694455e-01	9.892355209405019612e-02	-9.542166006506927478e-02	1.205873457501697166e-01	-9.332959777539290291e-02	9.195057168942435966e-02	-7.342828045175466001e-02	7.219151110399164850e-02	-8.542345323352745767e-02	7.567839271527759815e-02	-7.985583681587861415e-02	5.075061150704321400e-02	-7.260745230718179677e-02	7.889565415180009589e-02	-8.287673808154172317e-02	5.874910771674248661e-02	-4.641848392261657685e-02	4.687789212668514588e-02	-5.278028037493033564e-02	7.356291955815243144e-02	-6.405874779947572095e-02
7.880047278044131909e-02	-6.054492050454569202e-02	1.023137397650799446e-01	-6.065538696564991561e-01	3.159957108505504486e-01	-5.764869440065088085e-02	6.654752336490868392e-02	-1.463796913063815930e-01	1.000000000000000444e+00	-4.830985690427111456e-01	4.946606466430233245e-02	-7.133917900876315943e-02	2.025528608496207916e-01	-4.742523528365023555e-01	2.902649251563323429e-01	-6.514607851941384142e-02	7.569756693373472234e-02	-1.488089479048277097e-01	1.370877206573724860e-01	-1.402168400398182135e-01	8.216740996010082898e-02	-8.370576551506138385e-02	1.042826525273862770e-01	-9.827313159745540427e-02	1.030192142724094817e-01	-6.096126216567507305e-02	8.626357255084309006e-02	-9.810076883740077858e-02	1.024941773290827529e-01	-7.575240723282865296e-02	5.535518871403156960e-02	-5.711920939052012730e-02	6.390512133681590379e-02	-9.268260150802208608e-02	7.938268034919793159e-02
-6.955408988056469011e-02	5.199758812130349933e-02	-8.525007193622602397e-02	3.072292881928902486e-01	-5.602878314737299581e-01	5.058249458219538780e-02	-5.702311217051708042e-02	1.053715003462473571e-01	-4.830985690427111456e-01	1.000000000000000666e+00	-4.655453115786001295e-02	6.735247336455589540e-02	-1.848383781196115405e-01	2.768275355964370799e-01	-5.624422037503421512e-01	6.151038546434167698e-02	-7.239917661880880539e-02	1.359234447542864987e-01	-1.349273389407181223e-01	1.421661043549204417e-01	-8.290912798325883459e-02	8.326669869339695107e-02	-1.026915289442511953e-01	9.711794436409294795e-02	-1.062175531129815192e-01	6.121716688880006474e-02	-8.680762956828663723e-02	9.639633916993663176e-02	-1.040390265394806057e-01	7.664796930427257571e-02	-5.596211308249270100e-02	5.746350593220617142e-02	-6.468744774967639943e-02	9.321089524350434363e-02	-8.120575216823572307e-02
1.269422392828156720e-01	-8.583900926985589541e-02	8.542124089325148217e-02	-4.507894678163516106e-02	5.143136356895253863e-02	-2.172915260301761520e-01	1.488100602193573874e-01	-9.511484444815192230e-02	4.946606466430233245e-02	-4.655453115786001295e-02	1.000000000000001554e+00	-6.002313242460587395e-01	1.019384961070452095e-01	-6.637401233084277985e-02	6.990477382883736324e-02	-6.828010217364542944e-01	3.106232246927314589e-01	-1.096126401057696403e-01	7.381286299087011504e-02	-6.720461879488348611e-02	7.931147952792283462e-02	-7.711196137621123547e-02	7.501444116830929820e-02	-6.150572951574161118e-02	6.242787028027112217e-02	-4.411141975792052389e-02	6.368758743607733086e-02	-6.560481061574612027e-02	6.723400598014800389e-02	-4.536030468436116903e-02	3.947840064249674707e-02	-3.874166139654536267e-02	4.314444758706190153e-02	-5.735801160327509696e-02	5.009057065514097018e-02
-1.301289362674853956e-01	8.608646780788049846e-02	-9.625026276793362257e-02	6.408901313716702797e-02	-7.557749949561801128e-02	1.480693470442497883e-01	-1.442666322625129893e-01	1.041054904922183305e-01	-7.133917900876315943e-02	6.735247336455589540e-02	-6.002313242460587395e-01	1.000000000000001776e+00	-1.618863764698084129e-01	9.797274724989171735e-02	-1.053932455191866902e-01	3.314692276494970447e-01	-6.496692800956732627e-01	1.701091337490147348e-01	-1.151751426064417244e-01	9.983373407799291110e-02	-1.123256160285522748e-01	1.082397130633944021e-01	-1.165495937595857900e-01	9.247277031643690026e-02	-9.419993335261275802e-02	6.309922273052424868e-02	-9.465120183981207136e-02	9.666969317801375750e-02	-1.013975440926812577e-01	6.718276970808126358e-02	-5.757463680968245845e-02	5.634900855525494523e-02	-6.335622913300745229e-02	8.339494170759825797e-02	-7.444728534045125246e-02
1.081841575774220160e-01	-8.283368824466633140e-02	1.290772848492822977e-01	-1.845348520927851954e-01	1.777192559154864016e-01	-8.693330919548387936e-02	9.386152607146357185e-02	-1.901391684090981693e-01	2.025528608496207916e-01	-1.848383781196115405e-01	1.019384961070452095e-01	-1.618863764698084129e-01	1.000000000000002220e+00	-4.861167524030339249e-01	2.527440508824716492e-01	-1.457441271312810704e-01	1.758629288520957012e-01	-5.929405518149132304e-01	2.527862484933648957e-01	-2.526195282497499250e-01	1.511581664486057741e-01	-1.643761742586910823e-01	2.330251179181443422e-01	-2.027744330114018834e-01	1.840345730186538908e-01	-1.141136099720636149e-01	1.645001099567655611e-01	-2.126847286931587422e-01	1.910256396909994492e-01	-1.385161234713105094e-01	1.012847026767292880e-01	-1.064459813179115255e-01	1.165826623044227961e-01	-1.705975993358598564e-01	1.406741516368571754e-01
-8.762075810852922031e-02	6.535884523580909322e-02	-1.067554179720496266e-01	2.514644794751074164e-01	-2.760564323888916038e-01	6.507082295819352491e-02	-7.293265094273246318e-02	1.329610439398213606e-01	-4.742523528365023555e-01	2.768275355964370799e-01	-6.637401233084277985e-02	9.797274724989171735e-02	-4.861167524030339249e-01	1.000000000000001776e+00	-5.249701078941456656e-01	8.919736983593111457e-02	-1.109690525171802000e-01	2.359686677636895213e-01	-2.540821435422637720e-01	2.061424783221304236e-01	-1.135806774949923159e-01	1.150969642301754997e-01	-1.616535397638719229e-01	1.471947871368918526e-01	-1.527427580777076521e-01	8.374386718820674147e-02	-1.225281042239293600e-01	1.399320392370488886e-01	-1.505375778125662978e-01	1.077202854338595861e-01	-7.656817988732278479e-02	7.899320999735362503e-02	-8.895997820462089867e-02	1.278670719589241611e-01	-1.128714953553230649e-01
8.453700009092038337e-02	-6.373586820562965327e-02	9.719660873988675287e-02	-2.870982192099379438e-01	2.785301611867325722e-01	-6.590571597769950829e-02	7.042696559380025312e-02	-1.267125261233694455e-01	2.902649251563323429e-01	-5.624422037503421512e-01	6.990477382883736324e-02	-1.053932455191866902e-01	2.527440508824716492e-01	-5.249701078941456656e-01	1.000000000000001998e+00	-9.566513701643872269e-02	1.109869241222652680e-01	-2.201924700435858306e-01	2.091235468246301910e-01	-2.657999192449083115e-01	1.292808047948019456e-01	-1.337339394541055271e-01	1.580509719410483349e-01	-1.549682742045282446e-01	1.657620849917751937e-01	-9.773981504435971801e-02	1.350849302129880081e-01	-1.552510714673770165e-01	1.600572086590641985e-01	-1.235795542739508562e-01	8.802856385455690158e-02	-9.161357435401061566e-02	1.017957117713435972e-01	-1.511210873319637216e-01	1.265811864391216679e-01
-1.285515140951221380e-01	8.348970578203569748e-02	-9.205835234546810852e-02	5.868179183373937319e-02	-6.887087739785263674e-02	1.492608071032713868e-01	-1.400496497807666718e-01	9.892355209405019612e-02	-6.514607851941384142e-02	6.151038546434167698e-02	-6.828010217364542944e-01	3.314692276494970447e-01	-1.457441271312810704e-01	8.919736983593111457e-02	-9.566513701643872269e-02	1.000000000000001998e+00	-5.761657236355691714e-01	1.541336629193902352e-01	-1.043463758060620694e-01	9.112619355378109853e-02	-1.149383424742096010e-01	1.053558924802248387e-01	-1.062800350294726692e-01	8.461562391269072947e-02	-8.605446989544657255e-02	6.013732029444495558e-02	-8.805946895091770754e-02	8.929407517987990317e-02	-9.281563499303457920e-02	6.167727574586072403e-02	-5.406843460681638736e-02	5.267998801014137089e-02	-5.888169057068540213e-02	7.726792064371186541e-02	-6.838640306238119582e-02
1.001873330927862960e-01	-7.004647939523578337e-02	8.217911063329108590e-02	-6.921218888394568836e-02	7.924786941232876691e-02	-1.144773149699796766e-01	1.037699644995119796e-01	-9.542166006506927478e-02	7.569756693373472234e-02	-7.239917661880880539e-02	3.106232246927314589e-01	-6.496692800956732627e-01	1.758629288520957012e-01	-1.109690525171802000e-01	1.109869241222652680e-01	-5.761657236355691714e-01	1.000000000000001998e+00	-2.762133411220991652e-01	1.333656484462983349e-01	-1.201095864782677769e-01	1.263374880600640071e-01	-1.405130163145364708e-01	1.372352843560772639e-01	-1.097619325655933703e-01	1.049083787040736848e-01	-7.258321047476495869e-02	1.076420414422287336e-01	-1.166821586373469194e-01	1.130289546717211241e-01	-7.635309167811846209e-02	6.475005247662475594e-02	-6.432249397124152612e-02	7.104786629588563662e-02	-9.554844536248391362e-02	8.227393024437743008e-02
-9.042774537174345928e-02	6.567739383504105077e-02	-9.996769184938331110e-02	1.271207125300796437e-01	-1.463565985587527429e-01	7.346603305165634590e-02	-7.787761702572158773e-02	1.205873457501697166e-01	-1.488089479048277097e-01	1.359234447542864987e-01	-1.096126401057696403e-01	1.701091337490147348e-01	-5.929405518149132304e-01	2.359686677636895213e-01	-2.201924700435858306e-01	1.541336629193902352e-01	-2.762133411220991652e-01	1.000000000000001554e+00	-4.053509692316493718e-01	2.499401198672444868e-01	-1.549711107330280779e-01	1.618914827266040857e-01	-4.163232804060644221e-01	2.333884610712671781e-01	-2.066284241574450620e-01	1.114128898822720759e-01	-1.797736753672119769e-01	2.225257288322438631e-01	-2.186982623805931170e-01	1.409088721113269660e-01	-1.014240517344671133e-01	1.052614122006327729e-01	-1.177278845362383919e-01	1.646318662738599503e-01	-1.457079578976625267e-01
6.962684752666603583e-02	-5.101308469880568713e-02	7.566764619145595339e-02	-1.236817775382588053e-01	1.343303823046758660e-01	-5.605697170959449138e-02	5.854533384162410176e-02	-9.332959777539290291e-02	1.370877206573724860e-01	-1.349273389407181223e-01	7.381286299087011504e-02	-1.151751426064417244e-01	2.527862484933648957e-01	-2.540821435422637720e-01	2.091235468246301910e-01	-1.043463758060620694e-01	1.333656484462983349e-01	-4.053509692316493718e-01	1.000000000000002220e+00	-6.990109716619977709e-01	1.381913213814344732e-01	-1.468249149387281793e-01	2.331919775457949595e-01	-3.298658739420675112e-01	2.599153353275215905e-01	-1.075096004255406412e-01	1.570194728407845186e-01	-1.975621590995561561e-01	2.277476518601762590e-01	-1.775849475478297745e-01	9.682344680173443630e-02	-1.042970986194681482e-01	1.161935932291836421e-01	-1.846204452376598304e-01	1.610729252342866791e-01
-7.080853911172443893e-02	5.123802635122047533e-02	-7.761366089220128606e-02	1.225928759106571925e-01	-1.479229929509071895e-01	5.462749417845477740e-02	-5.812616918241760022e-02	9.195057168942435966e-02	-1.402168400398182135e-01	1.421661043549204417e-01	-6.720461879488348611e-02	9.983373407799291110e-02	-2.526195282497499250e-01	2.061424783221304236e-01	-2.657999192449083115e-01	9.112619355378109853e-02	-1.201095864782677769e-01	2.499401198672444868e-01	-6.990109716619977709e-01	1.000000000000003331e+00	-1.411069059014270488e-01	1.412411377452047756e-01	-2.209139978558000428e-01	2.514868894864749072e-01	-4.338820530203931214e-01	1.074233896906720137e-01	-1.605280157508715000e-01	1.818486309919008226e-01	-2.478098600419851028e-01	2.025411488010949723e-01	-9.964609654252773452e-02	1.053873927749235107e-01	-1.216452416097632272e-01	1.872122402439803934e-01	-1.979377349761762273e-01
6.199401149931536847e-02	-4.436035955835215122e-02	6.247303056552632600e-02	-7.885579450889730613e-02	9.509967710986534650e-02	-5.190940364304585941e-02	5.246311236721357824e-02	-7.342828045175466001e-02	8.216740996010082898e-02	-8.290912798325883459e-02	7.931147952792283462e-02	-1.123256160285522748e-01	1.511581664486057741e-01	-1.135806774949923159e-01	1.292808047948019456e-01	-1.149383424742096010e-01	1.263374880600640071e-01	-1.549711107330280779e-01	1.381913213814344732e-01	-1.411069059014270488e-01	1.000000000000004219e+00	-7.562689261575391564e-01	1.903968993695092371e-01	-1.597126029044288464e-01	1.597309286364532177e-01	-3.094962369772296107e-01	2.717425969621628523e-01	-2.207808398479791379e-01	1.887816104070174361e-01	-1.283197369718696579e-01	2.025783312420456617e-01	-1.803497307591530041e-01	1.731439961990230703e-01	-2.073194658533853429e-01	1.498054151831747505e-01
-6.135873258025426741e-02	4.360352054147851458e-02	-6.256663678077345470e-02	7.816828784422021059e-02	-9.651333413572753261e-02	5.029251892832787424e-02	-5.164573082413680127e-02	7.219151110399164850e-02	-8.370576551506138385e-02	8.326669869339695107e-02	-7.711196137621123547e-02	1.082397130633944021e-01	-1.643761742586910823e-01	1.150969642301754997e-01	-1.337339394541055271e-01	1.053558924802248387e-01	-1.405130163145364708e-01	1.618914827266040857e-01	-1.468249149387281793e-01	1.412411377452047756e-01	-7.562689261575391564e-01	1.000000000000003553e+00	-2.451958558079149197e-01	1.695263672482471839e-01	-1.691457238238378291e-01	2.209585263604450234e-01	-4.134593812319218298e-01	2.344622293791426559e-01	-2.087105724730380085e-01	1.278328472271580973e-01	-1.958475494879597656e-01	1.717138506802250997e-01	-1.791185528597740717e-01	1.867891585951907407e-01	-1.509806379756238881e-01
6.641379513351006181e-02	-4.826647463913485286e-02	7.029748190896217830e-02	-9.752156024026260861e-02	1.109459794304447078e-01	-5.445331678279708570e-02	5.610887520552761826e-02	-8.542345323352745767e-02	1.042826525273862770e-01	-1.026915289442511953e-01	7.501444116830929820e-02	-1.165495937595857900e-01	2.330251179181443422e-01	-1.616535397638719229e-01	1.580509719410483349e-01	-1.062800350294726692e-01	1.372352843560772639e-01	-4.163232804060644221e-01	2.331919775457949595e-01	-2.209139978558000428e-01	1.903968993695092371e-01	-2.451958558079149197e-01	1.000000000000003553e+00	-5.006350243523818300e-01	2.284031208225095755e-01	-1.493816036997837882e-01	2.523221370428510024e-01	-5.461482657938221408e-01	2.877066152705418101e-01	-1.709634669789084627e-01	1.289625371240699370e-01	-1.411172291738163054e-01	1.493881122146891172e-01	-2.102761884802450965e-01	1.659963696015840096e-01
-5.930537884159582662e-02	4.290365794037344360e-02	-6.337368944024868167e-02	9.014118360726855461e-02	-1.056204739024037137e-01	4.723724658262770659e-02	-4.931790000787039663e-02	7.567839271527759815e-02	-9.827313159745540427e-02	9.711794436409294795e-02	-6.150572951574161118e-02	9.247277031643690026e-02	-2.027744330114018834e-01	1.471947871368918526e-01	-1.549682742045282446e-01	8.461562391269072947e-02	-1.097619325655933703e-01	2.333884610712671781e-01	-3.298658739420675112e-01	2.514868894864749072e-01	-1.597126029044288464e-01	1.695263672482471839e-01	-5.006350243523818300e-01	1.000000000000002887e+00	-4.101213511128869449e-01	1.261712428857746926e-01	-2.030535400431323911e-01	2.666674845243806602e-01	-5.768356655974040681e-01	2.236377447498587856e-01	-1.149402032878724528e-01	1.250006597418365784e-01	-1.425164163983797250e-01	2.278553811451742295e-01	-2.046040508517448231e-01
6.229703381479161084e-02	-4.525077357070510231e-02	6.616964630550584148e-02	-9.790295565948137213e-02	1.128163230274231571e-01	-4.974396241772165855e-02	5.156988186029688032e-02	-7.985583681587861415e-02	1.030192142724094817e-01	-1.062175531129815192e-01	6.242787028027112217e-02	-9.419993335261275802e-02	1.840345730186538908e-01	-1.527427580777076521e-01	1.657620849917751937e-01	-8.605446989544657255e-02	1.049083787040736848e-01	-2.066284241574450620e-01	2.599153353275215905e-01	-4.338820530203931214e-01	1.597309286364532177e-01	-1.691457238238378291e-01	2.284031208225095755e-01	-4.101213511128869449e-01	1.000000000000003775e+00	-1.351727648922493585e-01	1.824687109677439190e-01	-2.219568142867210381e-01	2.907795538127261881e-01	-5.516378525811471700e-01	1.214489157324179919e-01	-1.378897093874943691e-01	1.547229044546508392e-01	-2.957277177163010751e-01	2.830979770329812295e-01
-4.190567551241281691e-02	2.996305460252784991e-02	-4.364927273990771434e-02	5.742296031447257504e-02	-7.066850337706893914e-02	3.329538513995716070e-02	-3.454496926741586899e-02	5.075061150704321400e-02	-6.096126216567507305e-02	6.121716688880006474e-02	-4.411141975792052389e-02	6.309922273052424868e-02	-1.141136099720636149e-01	8.374386718820674147e-02	-9.773981504435971801e-02	6.013732029444495558e-02	-7.258321047476495869e-02	1.114128898822720759e-01	-1.075096004255406412e-01	1.074233896906720137e-01	-3.094962369772296107e-01	2.209585263604450234e-01	-1.493816036997837882e-01	1.261712428857746926e-01	-1.351727648922493585e-01	1.000000000000003331e+00	-3.590693870801653920e-01	1.898887831980289875e-01	-1.691704792017215686e-01	1.088899409533491819e-01	-7.616180168167098197e-01	2.689593603380436293e-01	-2.694450272595939055e-01	1.901045719142193668e-01	-1.394005184767295458e-01
5.882197104339561416e-02	-4.236365883457359621e-02	6.122925692156876154e-02	-8.220561788672950398e-02	9.776727002151539003e-02	-4.756532259112493388e-02	4.893580402416052022e-02	-7.260745230718179677e-02	8.626357255084309006e-02	-8.680762956828663723e-02	6.368758743607733086e-02	-9.465120183981207136e-02	1.645001099567655611e-01	-1.225281042239293600e-01	1.350849302129880081e-01	-8.805946895091770754e-02	1.076420414422287336e-01	-1.797736753672119769e-01	1.570194728407845186e-01	-1.605280157508715000e-01	2.717425969621628523e-01	-4.134593812319218298e-01	2.523221370428510024e-01	-2.030535400431323911e-01	1.824687109677439190e-01	-3.590693870801653920e-01	1.000000000000003775e+00	-5.582600221617692871e-01	2.358427371479047130e-01	-1.510677822369232981e-01	2.453149295596817880e-01	-3.385297546436152882e-01	2.416128272533501209e-01	-2.562444641606154150e-01	1.712263002476474560e-01
-6.334098343131225328e-02	4.550034184239801216e-02	-6.727751143820633051e-02	9.003207970459276011e-02	-1.089252537384995528e-01	5.009743442557603593e-02	-5.243752021352849485e-02	7.889565415180009589e-02	-9.810076883740077858e-02	9.639633916993663176e-02	-6.560481061574612027e-02	9.666969317801375750e-02	-2.126847286931587422e-01	1.399320392370488886e-01	-1.552510714673770165e-01	8.929407517987990317e-02	-1.166821586373469194e-01	2.225257288322438631e-01	-1.975621590995561561e-01	1.818486309919008226e-01	-2.207808398479791379e-01	2.344622293791426559e-01	-5.461482657938221408e-01	2.666674845243806602e-01	-2.219568142867210381e-01	1.898887831980289875e-01	-5.582600221617692871e-01	1.000000000000002887e+00	-3.660351805259082214e-01	1.660442196766772904e-01	-1.751918086953690445e-01	1.875752219579039926e-01	-2.093139187270510460e-01	2.220001970804894587e-01	-1.807310606057088709e-01
6.542060851581675551e-02	-4.741250201480257803e-02	6.895381421116675291e-02	-9.781808706148224786e-02	1.134940867028626371e-01	-5.258281018090796982e-02	5.429410770131649910e-02	-8.287673808154172317e-02	1.024941773290827529e-01	-1.040390265394806057e-01	6.723400598014800389e-02	-1.013975440926812577e-01	1.910256396909994492e-01	-1.505375778125662978e-01	1.600572086590641985e-01	-9.281563499303457920e-02	1.130289546717211241e-01	-2.186982623805931170e-01	2.277476518601762590e-01	-2.478098600419851028e-01	1.887816104070174361e-01	-2.087105724730380085e-01	2.877066152705418101e-01	-5.768356655974040681e-01	2.907795538127261881e-01	-1.691704792017215686e-01	2.358427371479047130e-01	-3.660351805259082214e-01	1.000000000000003775e+00	-3.244849160661206211e-01	1.488050580631404551e-01	-1.740066141730729210e-01	1.929768650818466380e-01	-4.074599700007019987e-01	2.548017959860073844e-01
-4.677841529973698204e-02	3.371927115292812360e-02	-4.973399004981176458e-02	7.073555753155172376e-02	-8.505040287004940469e-02	3.672092538072802004e-02	-3.838203224420963511e-02	5.874910771674248661e-02	-7.575240723282865296e-02	7.664796930427257571e-02	-4.536030468436116903e-02	6.718276970808126358e-02	-1.385161234713105094e-01	1.077202854338595861e-01	-1.235795542739508562e-01	6.167727574586072403e-02	-7.635309167811846209e-02	1.409088721113269660e-01	-1.775849475478297745e-01	2.025411488010949723e-01	-1.283197369718696579e-01	1.278328472271580973e-01	-1.709634669789084627e-01	2.236377447498587856e-01	-5.516378525811471700e-01	1.088899409533491819e-01	-1.510677822369232981e-01	1.660442196766772904e-01	-3.244849160661206211e-01	1.000000000000003109e+00	-1.031239546180265226e-01	1.158912779083639544e-01	-1.422608649796030800e-01	2.682105270437601385e-01	-6.612432025765657695e-01
3.801322061932476543e-02	-2.727769627624301862e-02	3.956413736479883619e-02	-5.276059232676607452e-02	6.405174436621949297e-02	-3.033769972769662093e-02	3.134373667251129369e-02	-4.641848392261657685e-02	5.535518871403156960e-02	-5.596211308249270100e-02	3.947840064249674707e-02	-5.757463680968245845e-02	1.012847026767292880e-01	-7.656817988732278479e-02	8.802856385455690158e-02	-5.406843460681638736e-02	6.475005247662475594e-02	-1.014240517344671133e-01	9.682344680173443630e-02	-9.964609654252773452e-02	2.025783312420456617e-01	-1.958475494879597656e-01	1.289625371240699370e-01	-1.149402032878724528e-01	1.214489157324179919e-01	-7.616180168167098197e-01	2.453149295596817880e-01	-1.751918086953690445e-01	1.488050580631404551e-01	-1.031239546180265226e-01	1.000000000000002887e+00	-4.497469780690081520e-01	2.513836304583697556e-01	-2.100543447754610882e-01	1.285622119156187848e-01
-3.829916524209999590e-02	2.745003275301412943e-02	-4.014681589793295952e-02	5.382445257051676063e-02	-6.587777061537025691e-02	3.025774616070651610e-02	-3.146922288221053188e-02	4.687789212668514588e-02	-5.711920939052012730e-02	5.746350593220617142e-02	-3.874166139654536267e-02	5.634900855525494523e-02	-1.064459813179115255e-01	7.899320999735362503e-02	-9.161357435401061566e-02	5.267998801014137089e-02	-6.432249397124152612e-02	1.052614122006327729e-01	-1.042970986194681482e-01	1.053873927749235107e-01	-1.803497307591530041e-01	1.717138506802250997e-01	-1.411172291738163054e-01	1.250006597418365784e-01	-1.378897093874943691e-01	2.689593603380436293e-01	-3.385297546436152882e-01	1.875752219579039926e-01	-1.740066141730729210e-01	1.158912779083639544e-01	-4.497469780690081520e-01	1.000000000000003109e+00	-7.099902267448006121e-01	2.426408469346151286e-01	-1.590967258250984284e-01
4.286354077137041751e-02	-3.080658045612522794e-02	4.486954491423256891e-02	-6.083086706068581428e-02	7.357863786609197820e-02	-3.401204028975216703e-02	3.524257247400333637e-02	-5.278028037493033564e-02	6.390512133681590379e-02	-6.468744774967639943e-02	4.314444758706190153e-02	-6.335622913300745229e-02	1.165826623044227961e-01	-8.895997820462089867e-02	1.017957117713435972e-01	-5.888169057068540213e-02	7.104786629588563662e-02	-1.177278845362383919e-01	1.161935932291836421e-01	-1.216452416097632272e-01	1.731439961990230703e-01	-1.791185528597740717e-01	1.493881122146891172e-01	-1.425164163983797250e-01	1.547229044546508392e-01	-2.694450272595939055e-01	2.416128272533501209e-01	-2.093139187270510460e-01	1.929768650818466380e-01	-1.422608649796030800e-01	2.513836304583697556e-01	-7.099902267448006121e-01	1.000000000000003331e+00	-4.539451213494781201e-01	1.878590460089616943e-01
-5.980010145584509218e-02	4.283286091543273694e-02	-6.327545113121627041e-02	8.642885295447910732e-02	-1.067680043892782482e-01	4.654373627048870310e-02	-4.880267013610363469e-02	7.356291955815243144e-02	-9.268260150802208608e-02	9.321089524350434363e-02	-5.735801160327509696e-02	8.339494170759825797e-02	-1.705975993358598564e-01	1.278670719589241611e-01	-1.511210873319637216e-01	7.726792064371186541e-02	-9.554844536248391362e-02	1.646318662738599503e-01	-1.846204452376598304e-01	1.872122402439803934e-01	-2.073194658533853429e-01	1.867891585951907407e-01	-2.102761884802450965e-01	2.278553811451742295e-01	-2.957277177163010751e-01	1.901045719142193668e-01	-2.562444641606154150e-01	2.220001970804894587e-01	-4.074599700007019987e-01	2.682105270437601385e-01	-2.100543447754610882e-01	2.426408469346151286e-01	-4.539451213494781201e-01	1.000000000000003553e+00	-5.219406785768743173e-01
5.108361610353116811e-02	-3.690263730147685939e-02	5.381386166566891338e-02	-7.596053074156851326e-02	8.999611545510939614e-02	-4.052789277050835443e-02	4.199692115066018527e-02	-6.405874779947572095e-02	7.938268034919793159e-02	-8.120575216823572307e-02	5.009057065514097018e-02	-7.444728534045125246e-02	1.406741516368571754e-01	-1.128714953553230649e-01	1.265811864391216679e-01	-6.838640306238119582e-02	8.227393024437743008e-02	-1.457079578976625267e-01	1.610729252342866791e-01	-1.979377349761762273e-01	1.498054151831747505e-01	-1.509806379756238881e-01	1.659963696015840096e-01	-2.046040508517448231e-01	2.830979770329812295e-01	-1.394005184767295458e-01	1.712263002476474560e-01	-1.807310606057088709e-01	2.548017959860073844e-01	-6.612432025765657695e-01	1.285622119156187848e-01	-1.590967258250984284e-01	1.878590460089616943e-01	-5.219406785768743173e-01	1.000000000000003553e+00
