1.000000000000000222e+00	-4.533668264817846127e-01	1.996686460791930462e-01	-2.012159323988006732e-01	9.915042291500907046e-02	-4.707662586690954942e-01	2.830839519445056407e-01	-2.294399988168677740e-01	1.952815532094609452e-01	-9.527645317516417189e-02	2.704114471616484439e-01	-2.762094707645894598e-01	2.047520309569106356e-01	-1.287088360074084559e-01	1.577095651622175687e-01	-1.878297210517530513e-01	1.501471659490974664e-01	-1.089641992640697499e-01	1.070791987867200507e-01	-1.229034837917552525e-01	1.776761417919860975e-01	-1.419146553264726274e-01	1.134802925030201221e-01	-1.153979439034458349e-01	9.697962008116761679e-02	-1.130876369312963925e-01	1.301847827398750490e-01	-1.046736095033321545e-01	9.316635078068867537e-02	-9.552749955207315291e-02	1.173828006404515623e-01	-5.128760921643894105e-02	5.882571802523674231e-02	-1.004354888003788776e-01	7.757308539438628747e-02
-4.533668264817846127e-01	1.000000000000000000e+00	-3.290184569497330846e-01	2.053062018581249815e-01	-9.612800609527397122e-02	2.658944075786607852e-01	-7.102634749481260279e-01	2.501824177844471642e-01	-2.214640894790590731e-01	8.887324152287112700e-02	-2.053059756855608042e-01	1.516872549619287247e-01	-1.342778692802321372e-01	9.061315413124665374e-02	-1.100838377087138137e-01	1.104388810345015293e-01	-9.054508728452687061e-02	6.364918586208734297e-02	-6.415542303884860798e-02	7.126623664559446347e-02	-1.117002564967798928e-01	8.184132754768821960e-02	-6.632384491880047306e-02	6.656283916615174379e-02	-5.683849224447989207e-02	6.288639428318111568e-02	-7.425803427148608415e-02	5.895189349410052959e-02	-5.284624596098756732e-02	5.326333513690797300e-02	-6.742469377626017502e-02	2.901519085101715578e-02	-3.342546329670525312e-02	5.582775874919035375e-02	-4.374370052900687644e-02
1.996686460791930462e-01	-3.290184569497330846e-01	1.000000000000000000e+00	-7.239082777452133799e-01	1.597570272231558230e-01	-1.621063107099404987e-01	2.235279612069737964e-01	-4.580627852570087200e-01	2.971964819674685621e-01	-1.573837048890201762e-01	1.293640795199368643e-01	-1.334572218039599412e-01	1.278962418167262360e-01	-1.008466269249308211e-01	1.171416972234757409e-01	-8.347650005455774236e-02	7.310135856770283436e-02	-5.772578070717055559e-02	5.970715650016553827e-02	-6.852734842459580478e-02	8.600110133661514888e-02	-6.841774989051253864e-02	5.858168099675294116e-02	-6.114105296197764466e-02	5.337138470410238145e-02	-5.187279806502866075e-02	6.545973133761644192e-02	-5.250191840933877974e-02	4.772645747416619233e-02	-4.876388820414161857e-02	5.555606272067248330e-02	-2.478778664585050417e-02	2.849065479017298674e-02	-5.063057364408537347e-02	3.985031248167181933e-02
-2.012159323988006732e-01	2.053062018581249815e-01	-7.239082777452133799e-01	1.000000000000000222e+00	-2.687355545675451651e-01	1.418036556277244287e-01	-1.926448740669556570e-01	2.982072666349241397e-01	-4.683384671030084156e-01	1.995711352920471471e-01	-1.263343469469892233e-01	1.325710223897008933e-01	-1.407928389971896121e-01	1.187529852497424127e-01	-1.422711406829499092e-01	8.167301893678571845e-02	-7.394748297708793328e-02	6.037770107208147857e-02	-6.407326230980497916e-02	7.265245670906621267e-02	-8.695159515415647189e-02	6.903665620595980656e-02	-6.096144803368137854e-02	6.394518594637113584e-02	-5.696401593221329246e-02	5.190908909517882863e-02	-6.784333267655164035e-02	5.405570533221546597e-02	-4.953542372133409866e-02	5.035008202619005446e-02	-5.635781987943219717e-02	2.529439100233912482e-02	-2.911669961861894015e-02	5.205161479872375679e-02	-4.140583282738405368e-02
9.915042291500907046e-02	-9.612800609527397122e-02	1.597570272231558230e-01	-2.687355545675451651e-01	1.000000000000000444e+00	-7.957581588710437026e-02	8.862895328289349672e-02	-1.794273935179787338e-01	2.178155221608143732e-01	-9.003081735727663792e-01	7.363109660787252320e-02	-1.020706777572822771e-01	1.009938581449998235e-01	-1.150864153089169728e-01	1.381957001789904105e-01	-5.371601871894090413e-02	5.150227590109148629e-02	-4.713877927373815585e-02	5.055561389327034583e-02	-6.268067110328594260e-02	5.686929804426991975e-02	-4.970619229556289681e-02	4.577151703744071487e-02	-5.084442424082316614e-02	4.589375945313269034e-02	-3.563769655614078963e-02	4.958477308183645293e-02	-4.071820944239776946e-02	3.786497464212828373e-02	-3.942096683344149810e-02	3.811168458200177994e-02	-1.796443429761820573e-02	2.057242159974018159e-02	-4.028883897534994707e-02	3.193336523948108602e-02
-4.707662586690954942e-01	2.658944075786607852e-01	-1.621063107099404987e-01	1.418036556277244287e-01	-7.957581588710437026e-02	1.000000000000000222e+00	-4.298158508748651796e-01	1.857809125302566922e-01	-1.694231803229015176e-01	7.469913889437157506e-02	-6.127539247191692295e-01	2.241978957205654766e-01	-1.802540207453728061e-01	1.061109722095726626e-01	-1.321762086499314315e-01	2.009835501818046100e-01	-1.509552332998999602e-01	9.027772802172476241e-02	-8.818629230040554712e-02	9.420190602669756275e-02	-1.936239034643545409e-01	1.276415203301720647e-01	-9.629178304310694048e-02	9.224262423251157472e-02	-7.634561245998029710e-02	9.540970278213276035e-02	-1.046430017589425193e-01	8.286317551646117663e-02	-7.318621451363073460e-02	7.248251062133402589e-02	-1.022714244334644723e-01	4.233586092188786065e-02	-4.886766963643790485e-02	7.670913635893625293e-02	-5.974253747793810410e-02
2.830839519445056407e-01	-7.102634749481260279e-01	2.235279612069737964e-01	-1.926448740669556570e-01	8.862895328289349672e-02	-4.298158508748651796e-01	9.999999999999996669e-01	-3.616647919951194723e-01	2.097212785231246934e-01	-8.505381999130919024e-02	2.086732632246610930e-01	-1.596919634217841555e-01	1.307780529669554381e-01	-8.864190642998841241e-02	1.052164874109702553e-01	-1.163817575231458346e-01	9.106755460295715143e-02	-6.352185692075172641e-02	6.330473440386411021e-02	-7.066257951506152435e-02	1.098712750918433151e-01	-8.281672469079076615e-02	6.588746996486333218e-02	-6.623858537097797317e-02	5.600272763306588658e-02	-6.287094601484870260e-02	7.303753255675127232e-02	-5.853812538709449176e-02	5.233439262555717592e-02	-5.296091078584652667e-02	6.624428999284968922e-02	-2.863955044509507164e-02	3.292108082260609275e-02	-5.558000980286018772e-02	4.329199232507638384e-02
-2.294399988168677740e-01	2.501824177844471642e-01	-4.580627852570087200e-01	2.982072666349241397e-01	-1.794273935179787338e-01	1.857809125302566922e-01	-3.616647919951194723e-01	1.000000000000000000e+00	-6.682455965287242838e-01	1.646531129712621722e-01	-1.597590430031457787e-01	1.575623065397848133e-01	-1.758620815661076919e-01	1.386111477374555867e-01	-1.564881664935813266e-01	9.770840344484318929e-02	-8.711006765178458400e-02	6.965823191373340939e-02	-7.347267277839029942e-02	8.219461616263532000e-02	-1.023826311156277730e-01	8.064410906159641401e-02	-7.015131451100020676e-02	7.320621190707081449e-02	-6.451800841656084307e-02	6.009018551671909542e-02	-7.734539857125646845e-02	6.185422301399177286e-02	-5.651438902807382619e-02	5.740104182462340415e-02	-6.489386529295439188e-02	2.901085253951785070e-02	-3.337849992304536134e-02	5.944491161249626510e-02	-4.712756155283315262e-02
1.952815532094609452e-01	-2.214640894790590731e-01	2.971964819674685621e-01	-4.683384671030084156e-01	2.178155221608143732e-01	-1.694231803229015176e-01	2.097212785231246934e-01	-6.682455965287242838e-01	1.000000000000001554e+00	-2.840364430161624876e-01	1.417597098867223737e-01	-1.715067567552521766e-01	1.732536832598727816e-01	-1.919931885456891696e-01	1.769035638689025192e-01	-9.783687687761624674e-02	8.952094072957451909e-02	-7.722069044080444311e-02	8.179934349577971942e-02	-9.394300967521354573e-02	1.015348111567526274e-01	-8.518231016286940960e-02	7.582950834930596296e-02	-8.170630120418256870e-02	7.168047337878787062e-02	-6.264626984236915108e-02	8.292267593893533351e-02	-6.744722975026920531e-02	6.196409143036382683e-02	-6.384814176641928629e-02	6.686861919306022473e-02	-3.069997208469663064e-02	3.520750345454243257e-02	-6.583074931019217146e-02	5.190905027102039188e-02
-9.527645317516417189e-02	8.887324152287112700e-02	-1.573837048890201762e-01	1.995711352920471471e-01	-9.003081735727663792e-01	7.469913889437157506e-02	-8.505381999130919024e-02	1.646531129712621722e-01	-2.840364430161624876e-01	1.000000000000001332e+00	-7.042796136466004941e-02	9.669224805115063381e-02	-1.030877528657713760e-01	1.180043833823494620e-01	-1.690007176440168346e-01	5.098901633023796010e-02	-4.930267150981141461e-02	4.560876131154622398e-02	-4.978169404270847004e-02	6.088601940596522627e-02	-5.437621395132330449e-02	4.738143818067970525e-02	-4.421850740101759131e-02	4.903091714842684051e-02	-4.509688212833611737e-02	3.379257872553850794e-02	-4.765506910953486858e-02	3.893755524464775908e-02	-3.637149508481363896e-02	3.766506730444367512e-02	-3.629982676624051580e-02	1.713447009477919378e-02	-1.964137754611825978e-02	3.839500529529175921e-02	-3.068722406815787423e-02
2.704114471616484439e-01	-2.053059756855608042e-01	1.293640795199368643e-01	-1.263343469469892233e-01	7.363109660787252320e-02	-6.127539247191692295e-01	2.086732632246610930e-01	-1.597590430031457787e-01	1.417597098867223737e-01	-7.042796136466004941e-02	1.000000000000000666e+00	-3.959364259767751415e-01	2.112816477620483580e-01	-1.216886621780111366e-01	1.472019415127776565e-01	-4.140902156055649153e-01	2.093781989302272717e-01	-1.187376350821530979e-01	1.105259198475568028e-01	-1.181081943270893414e-01	2.410464309368360591e-01	-1.820860528776893639e-01	1.246972873877564697e-01	-1.189036978726360910e-01	9.458378772507924914e-02	-1.260925172943033468e-01	1.286866368210910494e-01	-1.056100386399404095e-01	9.216048161530443483e-02	-9.186014828161859214e-02	1.248393682346479183e-01	-5.259184341131733359e-02	6.016934574449561701e-02	-9.790913566478642860e-02	7.470514883080850432e-02
-2.762094707645894598e-01	1.516872549619287247e-01	-1.334572218039599412e-01	1.325710223897008933e-01	-1.020706777572822771e-01	2.241978957205654766e-01	-1.596919634217841555e-01	1.575623065397848133e-01	-1.715067567552521766e-01	9.669224805115063381e-02	-3.959364259767751415e-01	1.000000000000001776e+00	-6.023623730769005480e-01	2.368730284184393242e-01	-3.016762892955500708e-01	2.337509226091576409e-01	-3.125155479528446967e-01	1.611275289515291531e-01	-1.640552481606539492e-01	1.664472751166777009e-01	-2.516441877328173260e-01	2.128546255388399089e-01	-1.719952433409481785e-01	1.604249170140966685e-01	-1.386601256588614328e-01	1.318666484914692849e-01	-1.755934649514216406e-01	1.372897532872721094e-01	-1.244507095705415650e-01	1.208944129953853225e-01	-1.457742314092591862e-01	6.433793610610423486e-02	-7.437010691543075036e-02	1.261747337707307959e-01	-1.016474595529198582e-01
2.047520309569106356e-01	-1.342778692802321372e-01	1.278962418167262360e-01	-1.407928389971896121e-01	1.009938581449998235e-01	-1.802540207453728061e-01	1.307780529669554381e-01	-1.758620815661076919e-01	1.732536832598727816e-01	-1.030877528657713760e-01	2.112816477620483580e-01	-6.023623730769005480e-01	1.000000000000000666e+00	-4.911564707927800755e-01	2.973667032147754852e-01	-1.725107845509161464e-01	1.848022141123046302e-01	-1.715005708582814370e-01	1.679001154522493100e-01	-1.909184102717854381e-01	1.769112659590129921e-01	-1.765325399134579643e-01	1.544254646871713599e-01	-1.679415537377777767e-01	1.400090017410434706e-01	-1.101732594930502213e-01	1.552895801330971270e-01	-1.314311706096765175e-01	1.212291682092707518e-01	-1.265113508100062512e-01	1.157422734288741234e-01	-5.584681630336552072e-02	6.366984461313608679e-02	-1.300374023799329426e-01	1.009849975231212893e-01
-1.287088360074084559e-01	9.061315413124665374e-02	-1.008466269249308211e-01	1.187529852497424127e-01	-1.150864153089169728e-01	1.061109722095726626e-01	-8.864190642998841241e-02	1.386111477374555867e-01	-1.919931885456891696e-01	1.180043833823494620e-01	-1.216886621780111366e-01	2.368730284184393242e-01	-4.911564707927800755e-01	1.000000000000000888e+00	-7.541859083800406260e-01	1.018322873518626576e-01	-1.130825369940069991e-01	1.360299915582512675e-01	-1.882253883364705116e-01	1.639171028400527863e-01	-1.111524463673541629e-01	1.097543301778385744e-01	-1.183997368653580962e-01	1.387951729853123539e-01	-1.267494788876046830e-01	6.956300031378503945e-02	-1.129478300871397667e-01	9.455028417546840203e-02	-9.134848039884500837e-02	9.272063745849355720e-02	-7.455244345950384766e-02	3.780112845472283906e-02	-4.325395466394756083e-02	9.305137546832191464e-02	-7.631741132589464627e-02
1.577095651622175687e-01	-1.100838377087138137e-01	1.171416972234757409e-01	-1.422711406829499092e-01	1.381957001789904105e-01	-1.321762086499314315e-01	1.052164874109702553e-01	-1.564881664935813266e-01	1.769035638689025192e-01	-1.690007176440168346e-01	1.472019415127776565e-01	-3.016762892955500708e-01	2.973667032147754852e-01	-7.541859083800406260e-01	1.000000000000001332e+00	-1.259712049713931914e-01	1.350565597577136068e-01	-1.517011636933838781e-01	1.710103692867354086e-01	-2.510863124633004873e-01	1.349368225124321918e-01	-1.349396034948494305e-01	1.360267407966190834e-01	-1.656423354315924856e-01	1.583686655201013149e-01	-8.678384335522763837e-02	1.368082598121912463e-01	-1.169495247619630612e-01	1.125236328475025110e-01	-1.196012923466777955e-01	9.192685879801838766e-02	-4.683565921652340508e-02	5.334096275117118646e-02	-1.192707664706121884e-01	9.595747032028675849e-02
-1.878297210517530513e-01	1.104388810345015293e-01	-8.347650005455774236e-02	8.167301893678571845e-02	-5.371601871894090413e-02	2.009835501818046100e-01	-1.163817575231458346e-01	9.770840344484318929e-02	-9.783687687761624674e-02	5.098901633023796010e-02	-4.140902156055649153e-01	2.337509226091576409e-01	-1.725107845509161464e-01	1.018322873518626576e-01	-1.259712049713931914e-01	1.000000000000000444e+00	-4.793639811261404260e-01	1.458814311466894165e-01	-1.285630035077693356e-01	1.209979662549001966e-01	-6.273361484837514102e-01	2.760978119333689640e-01	-1.646674348128476240e-01	1.366443766329326903e-01	-1.004883748194386750e-01	1.759425415115278002e-01	-1.499661120011736848e-01	1.223972914367502246e-01	-1.031821760808993849e-01	9.709281821758555808e-02	-1.812006804964555462e-01	6.779768578963212000e-02	-7.836822692871270313e-02	1.054223617010804498e-01	-7.976117503631519057e-02
1.501471659490974664e-01	-9.054508728452687061e-02	7.310135856770283436e-02	-7.394748297708793328e-02	5.150227590109148629e-02	-1.509552332998999602e-01	9.106755460295715143e-02	-8.711006765178458400e-02	8.952094072957451909e-02	-4.930267150981141461e-02	2.093781989302272717e-01	-3.125155479528446967e-01	1.848022141123046302e-01	-1.130825369940069991e-01	1.350565597577136068e-01	-4.793639811261404260e-01	9.999999999999995559e-01	-2.413395727793173906e-01	1.718734680422796257e-01	-1.520572433535267998e-01	2.959761784963664266e-01	-6.615017646924283845e-01	2.391567189653775460e-01	-1.927866663500839850e-01	1.244629423311611333e-01	-1.363636734460366151e-01	1.702346968236532476e-01	-1.560521580720174994e-01	1.282810309714032537e-01	-1.187810528976707553e-01	1.328755486539438535e-01	-6.168916952003027782e-02	6.990893724528697561e-02	-1.297646456325190489e-01	9.552373532933708389e-02
-1.089641992640697499e-01	6.364918586208734297e-02	-5.772578070717055559e-02	6.037770107208147857e-02	-4.713877927373815585e-02	9.027772802172476241e-02	-6.352185692075172641e-02	6.965823191373340939e-02	-7.722069044080444311e-02	4.560876131154622398e-02	-1.187376350821530979e-01	1.611275289515291531e-01	-1.715005708582814370e-01	1.360299915582512675e-01	-1.517011636933838781e-01	1.458814311466894165e-01	-2.413395727793173906e-01	9.999999999999997780e-01	-6.447655468331914275e-01	1.881493509142716236e-01	-1.776869512646943594e-01	2.287466741050479258e-01	-5.685345944643195315e-01	2.974699499188393492e-01	-1.753733501255098637e-01	9.833551295720864560e-02	-2.124526049910777925e-01	1.946747682445518213e-01	-1.770628730889156899e-01	1.409087089200278531e-01	-1.056235624456329514e-01	6.051876662767222137e-02	-6.958296035350616804e-02	1.513656918892210546e-01	-1.186487820956062811e-01
1.070791987867200507e-01	-6.415542303884860798e-02	5.970715650016553827e-02	-6.407326230980497916e-02	5.055561389327034583e-02	-8.818629230040554712e-02	6.330473440386411021e-02	-7.347267277839029942e-02	8.179934349577971942e-02	-4.978169404270847004e-02	1.105259198475568028e-01	-1.640552481606539492e-01	1.679001154522493100e-01	-1.882253883364705116e-01	1.710103692867354086e-01	-1.285630035077693356e-01	1.718734680422796257e-01	-6.447655468331914275e-01	1.000000000000000000e+00	-2.768880066658017114e-01	1.476807088079465369e-01	-1.924981958603620147e-01	3.011204000630141042e-01	-5.409988289442460019e-01	2.189265042756271817e-01	-9.169511257003726268e-02	1.916722591841674150e-01	-1.941144892376244491e-01	1.970629606957863822e-01	-1.720541843184655029e-01	9.644853111828081971e-02	-5.785331936806457909e-02	6.549543994703800609e-02	-1.827745363808969681e-01	1.358009655489392786e-01
-1.229034837917552525e-01	7.126623664559446347e-02	-6.852734842459580478e-02	7.265245670906621267e-02	-6.268067110328594260e-02	9.420190602669756275e-02	-7.066257951506152435e-02	8.219461616263532000e-02	-9.394300967521354573e-02	6.088601940596522627e-02	-1.181081943270893414e-01	1.664472751166777009e-01	-1.909184102717854381e-01	1.639171028400527863e-01	-2.510863124633004873e-01	1.209979662549001966e-01	-1.520572433535267998e-01	1.881493509142716236e-01	-2.768880066658017114e-01	1.000000000000000444e+00	-1.509879522748223679e-01	1.517286340214121232e-01	-2.165668012312968460e-01	2.704041254974502428e-01	-7.622500952316679790e-01	9.790540584334071761e-02	-2.292632814529620977e-01	1.744188765759847048e-01	-2.039931695751117102e-01	2.314393938215801583e-01	-1.097168008283308932e-01	6.305644665524590131e-02	-7.307877507942527051e-02	1.832571233289757295e-01	-2.126799759770858222e-01
1.776761417919860975e-01	-1.117002564967798928e-01	8.600110133661514888e-02	-8.695159515415647189e-02	5.686929804426991975e-02	-1.936239034643545409e-01	1.098712750918433151e-01	-1.023826311156277730e-01	1.015348111567526274e-01	-5.437621395132330449e-02	2.410464309368360591e-01	-2.516441877328173260e-01	1.769112659590129921e-01	-1.111524463673541629e-01	1.349368225124321918e-01	-6.273361484837514102e-01	2.959761784963664266e-01	-1.776869512646943594e-01	1.476807088079465369e-01	-1.509879522748223679e-01	1.000000000000000666e+00	-4.068766353078272502e-01	1.922002767147091007e-01	-1.722906330594618229e-01	1.208371107022022384e-01	-3.375883858739385790e-01	1.755775747369486828e-01	-1.534414410973937992e-01	1.260953621205339881e-01	-1.218187908496414090e-01	2.255846647170852426e-01	-8.559257894803391775e-02	9.523418669387355429e-02	-1.339321203442025709e-01	9.740553614957854489e-02
-1.419146553264726274e-01	8.184132754768821960e-02	-6.841774989051253864e-02	6.903665620595980656e-02	-4.970619229556289681e-02	1.276415203301720647e-01	-8.281672469079076615e-02	8.064410906159641401e-02	-8.518231016286940960e-02	4.738143818067970525e-02	-1.820860528776893639e-01	2.128546255388399089e-01	-1.765325399134579643e-01	1.097543301778385744e-01	-1.349396034948494305e-01	2.760978119333689640e-01	-6.615017646924283845e-01	2.287466741050479258e-01	-1.924981958603620147e-01	1.517286340214121232e-01	-4.068766353078272502e-01	1.000000000000000888e+00	-4.202782026051389286e-01	2.032771421120688204e-01	-1.344612258078924372e-01	1.470921872255127605e-01	-2.149794087849347390e-01	1.779444418822018481e-01	-1.446170443767241243e-01	1.238284770138441127e-01	-1.519539497939816075e-01	6.998533965728030715e-02	-8.014724388138708133e-02	1.356798584433562271e-01	-1.027081115126531330e-01
1.134802925030201221e-01	-6.632384491880047306e-02	5.858168099675294116e-02	-6.096144803368137854e-02	4.577151703744071487e-02	-9.629178304310694048e-02	6.588746996486333218e-02	-7.015131451100020676e-02	7.582950834930596296e-02	-4.421850740101759131e-02	1.246972873877564697e-01	-1.719952433409481785e-01	1.544254646871713599e-01	-1.183997368653580962e-01	1.360267407966190834e-01	-1.646674348128476240e-01	2.391567189653775460e-01	-5.685345944643195315e-01	3.011204000630141042e-01	-2.165668012312968460e-01	1.922002767147091007e-01	-4.202782026051389286e-01	1.000000000000000222e+00	-4.459205792358362230e-01	1.893820638769441456e-01	-1.115333210580709139e-01	2.410408500993634906e-01	-3.255362745788837331e-01	2.130153429032203283e-01	-1.698528821445405845e-01	1.140253455071777583e-01	-7.135770915637576484e-02	8.045635021520233798e-02	-1.889712727116773516e-01	1.358593535330446245e-01
-1.153979439034458349e-01	6.656283916615174379e-02	-6.114105296197764466e-02	6.394518594637113584e-02	-5.084442424082316614e-02	9.224262423251157472e-02	-6.623858537097797317e-02	7.320621190707081449e-02	-8.170630120418256870e-02	4.903091714842684051e-02	-1.189036978726360910e-01	1.604249170140966685e-01	-1.679415537377777767e-01	1.387951729853123539e-01	-1.656423354315924856e-01	1.366443766329326903e-01	-1.927866663500839850e-01	2.974699499188393492e-01	-5.409988289442460019e-01	2.704041254974502428e-01	-1.722906330594618229e-01	2.032771421120688204e-01	-4.459205792358362230e-01	1.000000000000000666e+00	-3.916100543743259998e-01	1.046907337899531110e-01	-2.529159572989541638e-01	2.342686140686193463e-01	-3.602176867590747289e-01	2.136405875192344261e-01	-1.139923473020862527e-01	6.962171948786063935e-02	-8.023377171281177722e-02	2.219116462444221671e-01	-1.821295888284574227e-01
9.697962008116761679e-02	-5.683849224447989207e-02	5.337138470410238145e-02	-5.696401593221329246e-02	4.589375945313269034e-02	-7.634561245998029710e-02	5.600272763306588658e-02	-6.451800841656084307e-02	7.168047337878787062e-02	-4.509688212833611737e-02	9.458378772507924914e-02	-1.386601256588614328e-01	1.400090017410434706e-01	-1.267494788876046830e-01	1.583686655201013149e-01	-1.004883748194386750e-01	1.244629423311611333e-01	-1.753733501255098637e-01	2.189265042756271817e-01	-7.622500952316679790e-01	1.208371107022022384e-01	-1.344612258078924372e-01	1.893820638769441456e-01	-3.916100543743259998e-01	1.000000000000000888e+00	-8.058474280287707125e-02	1.858147346924477195e-01	-1.651254248309579342e-01	2.010892710059712096e-01	-3.358149695296692716e-01	8.728338913714495106e-02	-5.301953451874412415e-02	6.058249839242742241e-02	-1.942959113921058356e-01	2.018349586511437865e-01
-1.130876369312963925e-01	6.288639428318111568e-02	-5.187279806502866075e-02	5.190908909517882863e-02	-3.563769655614078963e-02	9.540970278213276035e-02	-6.287094601484870260e-02	6.009018551671909542e-02	-6.264626984236915108e-02	3.379257872553850794e-02	-1.260925172943033468e-01	1.318666484914692849e-01	-1.101732594930502213e-01	6.956300031378503945e-02	-8.678384335522763837e-02	1.759425415115278002e-01	-1.363636734460366151e-01	9.833551295720864560e-02	-9.169511257003726268e-02	9.790540584334071761e-02	-3.375883858739385790e-01	1.470921872255127605e-01	-1.115333210580709139e-01	1.046907337899531110e-01	-8.058474280287707125e-02	1.000000000000000444e+00	-1.819699401375471648e-01	1.294787797276554520e-01	-9.575974266136670632e-02	8.916668615333418757e-02	-8.380572055963690925e-01	1.780552950992639882e-01	-2.067448138225329024e-01	1.015146004438050031e-01	-7.260046693390874439e-02
1.301847827398750490e-01	-7.425803427148608415e-02	6.545973133761644192e-02	-6.784333267655164035e-02	4.958477308183645293e-02	-1.046430017589425193e-01	7.303753255675127232e-02	-7.734539857125646845e-02	8.292267593893533351e-02	-4.765506910953486858e-02	1.286866368210910494e-01	-1.755934649514216406e-01	1.552895801330971270e-01	-1.129478300871397667e-01	1.368082598121912463e-01	-1.499661120011736848e-01	1.702346968236532476e-01	-2.124526049910777925e-01	1.916722591841674150e-01	-2.292632814529620977e-01	1.755775747369486828e-01	-2.149794087849347390e-01	2.410408500993634906e-01	-2.529159572989541638e-01	1.858147346924477195e-01	-1.819699401375471648e-01	1.000000000000000666e+00	-6.952976943648342401e-01	2.918492539795806695e-01	-2.701616547938605062e-01	1.645573603306034471e-01	-1.671784756082703716e-01	1.575405045550430927e-01	-3.385713070141585512e-01	1.999389505673425105e-01
-1.046736095033321545e-01	5.895189349410052959e-02	-5.250191840933877974e-02	5.405570533221546597e-02	-4.071820944239776946e-02	8.286317551646117663e-02	-5.853812538709449176e-02	6.185422301399177286e-02	-6.744722975026920531e-02	3.893755524464775908e-02	-1.056100386399404095e-01	1.372897532872721094e-01	-1.314311706096765175e-01	9.455028417546840203e-02	-1.169495247619630612e-01	1.223972914367502246e-01	-1.560521580720174994e-01	1.946747682445518213e-01	-1.941144892376244491e-01	1.744188765759847048e-01	-1.534414410973937992e-01	1.779444418822018481e-01	-3.255362745788837331e-01	2.342686140686193463e-01	-1.651254248309579342e-01	1.294787797276554520e-01	-6.952976943648342401e-01	1.000000000000000444e+00	-4.689784749531651920e-01	2.086499951085770965e-01	-1.373484768495186192e-01	1.316507510615609888e-01	-1.619743472966591602e-01	2.569862298528970412e-01	-1.822702226907516321e-01
9.316635078068867537e-02	-5.284624596098756732e-02	4.772645747416619233e-02	-4.953542372133409866e-02	3.786497464212828373e-02	-7.318621451363073460e-02	5.233439262555717592e-02	-5.651438902807382619e-02	6.196409143036382683e-02	-3.637149508481363896e-02	9.216048161530443483e-02	-1.244507095705415650e-01	1.212291682092707518e-01	-9.134848039884500837e-02	1.125236328475025110e-01	-1.031821760808993849e-01	1.282810309714032537e-01	-1.770628730889156899e-01	1.970629606957863822e-01	-2.039931695751117102e-01	1.260953621205339881e-01	-1.446170443767241243e-01	2.130153429032203283e-01	-3.602176867590747289e-01	2.010892710059712096e-01	-9.575974266136670632e-02	2.918492539795806695e-01	-4.689784749531651920e-01	9.999999999999995559e-01	-3.882330919942238445e-01	1.015437525917336770e-01	-8.050039024589802916e-02	9.056008889499500558e-02	-5.947982504389111025e-01	2.750133931490210681e-01
-9.552749955207315291e-02	5.326333513690797300e-02	-4.876388820414161857e-02	5.035008202619005446e-02	-3.942096683344149810e-02	7.248251062133402589e-02	-5.296091078584652667e-02	5.740104182462340415e-02	-6.384814176641928629e-02	3.766506730444367512e-02	-9.186014828161859214e-02	1.208944129953853225e-01	-1.265113508100062512e-01	9.272063745849355720e-02	-1.196012923466777955e-01	9.709281821758555808e-02	-1.187810528976707553e-01	1.409087089200278531e-01	-1.720541843184655029e-01	2.314393938215801583e-01	-1.218187908496414090e-01	1.238284770138441127e-01	-1.698528821445405845e-01	2.136405875192344261e-01	-3.358149695296692716e-01	8.916668615333418757e-02	-2.701616547938605062e-01	2.086499951085770965e-01	-3.882330919942238445e-01	9.999999999999993339e-01	-9.934435786807284396e-02	6.648353572603134254e-02	-7.719046953675429146e-02	3.113119999856031606e-01	-7.122087562135697159e-01
1.173828006404515623e-01	-6.742469377626017502e-02	5.555606272067248330e-02	-5.635781987943219717e-02	3.811168458200177994e-02	-1.022714244334644723e-01	6.624428999284968922e-02	-6.489386529295439188e-02	6.686861919306022473e-02	-3.629982676624051580e-02	1.248393682346479183e-01	-1.457742314092591862e-01	1.157422734288741234e-01	-7.455244345950384766e-02	9.192685879801838766e-02	-1.812006804964555462e-01	1.328755486539438535e-01	-1.056235624456329514e-01	9.644853111828081971e-02	-1.097168008283308932e-01	2.255846647170852426e-01	-1.519539497939816075e-01	1.140253455071777583e-01	-1.139923473020862527e-01	8.728338913714495106e-02	-8.380572055963690925e-01	1.645573603306034471e-01	-1.373484768495186192e-01	1.015437525917336770e-01	-9.934435786807284396e-02	9.999999999999997780e-01	-2.599429216946035903e-01	1.992755839450372213e-01	-1.134488547068463749e-01	7.873917330890783939e-02
-5.128760921643894105e-02	2.901519085101715578e-02	-2.478778664585050417e-02	2.529439100233912482e-02	-1.796443429761820573e-02	4.233586092188786065e-02	-2.863955044509507164e-02	2.901085253951785070e-02	-3.069997208469663064e-02	1.713447009477919378e-02	-5.259184341131733359e-02	6.433793610610423486e-02	-5.584681630336552072e-02	3.780112845472283906e-02	-4.683565921652340508e-02	6.779768578963212000e-02	-6.168916952003027782e-02	6.051876662767222137e-02	-5.785331936806457909e-02	6.305644665524590131e-02	-8.559257894803391775e-02	6.998533965728030715e-02	-7.135770915637576484e-02	6.962171948786063935e-02	-5.301953451874412415e-02	1.780552950992639882e-01	-1.671784756082703716e-01	1.316507510615609888e-01	-8.050039024589802916e-02	6.648353572603134254e-02	-2.599429216946035903e-01	9.999999999999998890e-01	-9.227038144941079878e-01	8.159197355577336996e-02	-5.501462007319469355e-02
5.882571802523674231e-02	-3.342546329670525312e-02	2.849065479017298674e-02	-2.911669961861894015e-02	2.057242159974018159e-02	-4.886766963643790485e-02	3.292108082260609275e-02	-3.337849992304536134e-02	3.520750345454243257e-02	-1.964137754611825978e-02	6.016934574449561701e-02	-7.437010691543075036e-02	6.366984461313608679e-02	-4.325395466394756083e-02	5.334096275117118646e-02	-7.836822692871270313e-02	6.990893724528697561e-02	-6.958296035350616804e-02	6.549543994703800609e-02	-7.307877507942527051e-02	9.523418669387355429e-02	-8.014724388138708133e-02	8.045635021520233798e-02	-8.023377171281177722e-02	6.058249839242742241e-02	-2.067448138225329024e-01	1.575405045550430927e-01	-1.619743472966591602e-01	9.056008889499500558e-02	-7.719046953675429146e-02	1.992755839450372213e-01	-9.227038144941079878e-01	1.000000000000000222e+00	-9.612475090370820041e-02	6.262017613075801514e-02
-1.004354888003788776e-01	5.582775874919035375e-02	-5.063057364408537347e-02	5.205161479872375679e-02	-4.028883897534994707e-02	7.670913635893625293e-02	-5.558000980286018772e-02	5.944491161249626510e-02	-6.583074931019217146e-02	3.839500529529175921e-02	-9.790913566478642860e-02	1.261747337707307959e-01	-1.300374023799329426e-01	9.305137546832191464e-02	-1.192707664706121884e-01	1.054223617010804498e-01	-1.297646456325190489e-01	1.513656918892210546e-01	-1.827745363808969681e-01	1.832571233289757295e-01	-1.339321203442025709e-01	1.356798584433562271e-01	-1.889712727116773516e-01	2.219116462444221671e-01	-1.942959113921058356e-01	1.015146004438050031e-01	-3.385713070141585512e-01	2.569862298528970412e-01	-5.947982504389111025e-01	3.113119999856031606e-01	-1.134488547068463749e-01	8.159197355577336996e-02	-9.612475090370820041e-02	1.000000000000000222e+00	-5.614923323342563277e-01
7.757308539438628747e-02	-4.374370052900687644e-02	3.985031248167181933e-02	-4.140583282738405368e-02	3.193336523948108602e-02	-5.974253747793810410e-02	4.329199232507638384e-02	-4.712756155283315262e-02	5.190905027102039188e-02	-3.068722406815787423e-02	7.470514883080850432e-02	-1.016474595529198582e-01	1.009849975231212893e-01	-7.631741132589464627e-02	9.595747032028675849e-02	-7.976117503631519057e-02	9.552373532933708389e-02	-1.186487820956062811e-01	1.358009655489392786e-01	-2.126799759770858222e-01	9.740553614957854489e-02	-1.027081115126531330e-01	1.358593535330446245e-01	-1.821295888284574227e-01	2.018349586511437865e-01	-7.260046693390874439e-02	1.999389505673425105e-01	-1.822702226907516321e-01	2.750133931490210681e-01	-7.122087562135697159e-01	7.873917330890783939e-02	-5.501462007319469355e-02	6.262017613075801514e-02	-5.614923323342563277e-01	1.000000000000000222e+00
