1.000000000000000000e+00	-6.017652218209530446e-01	1.879831591757672449e-01	-1.342084507422270923e-01	7.962424685245374223e-02	-6.920153876492088907e-01	3.202881327559710112e-01	-1.744009878499478416e-01	1.160482720316601268e-01	-7.183829832910726410e-02	1.311708713399750426e-01	-1.443842194439840243e-01	1.141819684710007471e-01	-1.114318990977690577e-01	7.831665636846592282e-02	-8.829402803114114184e-02	1.037968649796531528e-01	-1.104527187123643672e-01	7.453474333694241893e-02	-6.314810539725713989e-02	9.848231689344637274e-02	-7.284390038961878477e-02	6.716547457243536579e-02	-5.195603021263994065e-02	5.749985206027189572e-02	-6.256124360273390694e-02	5.546875242673442175e-02	-6.173535099634097634e-02	5.469933541416911738e-02	-4.327570564070450099e-02	3.694562560340106799e-02	-4.258296140803437269e-02	7.453222835190212447e-02	-4.205460227005576590e-02	4.518913009900160649e-02
-6.017652218209530446e-01	1.000000000000000000e+00	-3.190075202244312957e-01	1.578061552420378100e-01	-9.649273105648925597e-02	3.249578311263447428e-01	-6.210130035572101193e-01	2.139555933168993951e-01	-1.440943077862152644e-01	8.314796292840920255e-02	-1.325375998994903215e-01	1.639111776625367944e-01	-1.388800110211869110e-01	1.282344428575701578e-01	-9.268805629008859681e-02	8.703152514414029539e-02	-1.198124268106901813e-01	1.230703370459993728e-01	-8.700861038212147347e-02	7.271713740057494935e-02	-1.072315678748562290e-01	7.890091481952384023e-02	-7.474064985793825444e-02	5.938915323598492613e-02	-6.636805065744140475e-02	6.637215542610382102e-02	-6.055101472585056044e-02	6.755045304783170723e-02	-6.198966197774402609e-02	4.899616745537616752e-02	-3.998138434470363545e-02	4.576006751249726834e-02	-8.309317457159128006e-02	4.729812095206053363e-02	-5.130116006108097204e-02
1.879831591757672449e-01	-3.190075202244312957e-01	1.000000000000000444e+00	-5.226538562125092602e-01	2.101408461622314428e-01	-2.052230661347771712e-01	2.389263486814941218e-01	-5.624677099989309204e-01	2.684342287655946957e-01	-1.881848378541881028e-01	1.708591022948547089e-01	-2.517525442244661349e-01	2.334392909534048488e-01	-2.581129358119925721e-01	1.770694125802260155e-01	-1.210034728764182027e-01	1.803088853978239148e-01	-2.215311519916438043e-01	1.572721849094821656e-01	-1.400753731397005597e-01	1.575738218321747763e-01	-1.270251653741392428e-01	1.218450177387484096e-01	-1.069734405425446094e-01	1.180504989159788798e-01	-1.067328881529489432e-01	9.684134326195587006e-02	-1.130597162239345144e-01	1.069170481015378621e-01	-8.633856548679004483e-02	6.448588076768219102e-02	-7.449474346819739967e-02	1.382005759961223990e-01	-8.149883333257615381e-02	8.877112928457636665e-02
-1.342084507422270923e-01	1.578061552420378100e-01	-5.226538562125092602e-01	1.000000000000000000e+00	-5.233757954995597039e-01	1.332554919751901268e-01	-1.643213683403307590e-01	2.662825897024233557e-01	-3.515718056343620224e-01	2.653941284940005696e-01	-1.686848124800225945e-01	1.908884382958270232e-01	-1.895165247591826807e-01	2.469397033788007789e-01	-2.723227920493904164e-01	1.149809381712291884e-01	-1.664454730137488736e-01	1.843531200144050142e-01	-2.097741875209255258e-01	1.792287272282774846e-01	-1.649064652262798580e-01	1.243926231938731058e-01	-1.274117459242200823e-01	1.334500545145237971e-01	-1.567691016261459069e-01	1.063944310631688983e-01	-9.861117384425159560e-02	1.194211914604198094e-01	-1.313363096646454897e-01	1.061837538851910651e-01	-6.657196671596640747e-02	7.598144153800395761e-02	-1.565883242246561280e-01	9.727558497119341563e-02	-1.107115627517459011e-01
7.962424685245374223e-02	-9.649273105648925597e-02	2.101408461622314428e-01	-5.233757954995597039e-01	1.000000000000000000e+00	-8.787837444805052245e-02	1.004711144164064235e-01	-1.766316212636724614e-01	1.873447435231225811e-01	-6.930464442713391016e-01	1.172262485717263519e-01	-1.453897253365971087e-01	1.336353034796511075e-01	-2.003902087033042623e-01	2.613164570590155167e-01	-8.287138032294172341e-02	1.212025917120931884e-01	-1.455716775620094772e-01	1.654551740660970549e-01	-1.918811227504107486e-01	1.164042934698820558e-01	-9.487076889454175432e-02	9.500231830842047198e-02	-1.106962915994662844e-01	1.224040626615957306e-01	-8.167887832578470120e-02	7.400302859662816202e-02	-9.232103461789921417e-02	9.985119414207326016e-02	-8.524740474036821003e-02	5.017663461898187738e-02	-5.813520613757121314e-02	1.157264526616716416e-01	-7.530558410883959886e-02	8.390096901637897342e-02
-6.920153876492088907e-01	3.249578311263447428e-01	-2.052230661347771712e-01	1.332554919751901268e-01	-8.787837444805052245e-02	1.000000000000000444e+00	-5.659522693775249635e-01	1.857116387645857680e-01	-1.345806114728846925e-01	7.688687082687471752e-02	-1.867026824546088315e-01	1.647734534840145093e-01	-1.339100872228546069e-01	1.214985676579256602e-01	-8.879024959838099917e-02	1.087655675468287286e-01	-1.247950453072311366e-01	1.233570277264208342e-01	-8.531551496635796095e-02	7.052883123477464433e-02	-1.222237863444529116e-01	8.418404739417008342e-02	-7.806580035112926919e-02	5.904560884755038347e-02	-6.591426586560389378e-02	7.211688877642723206e-02	-6.463744026747370031e-02	7.063591175679725942e-02	-6.287436062148671345e-02	4.936794290107095889e-02	-4.283541824811567394e-02	4.898543444819233872e-02	-8.614862405824616487e-02	4.820600260154124517e-02	-5.191958805585179110e-02
3.202881327559710112e-01	-6.210130035572101193e-01	2.389263486814941218e-01	-1.643213683403307590e-01	1.004711144164064235e-01	-5.659522693775249635e-01	1.000000000000000444e+00	-3.088860829062867741e-01	1.622334507001244597e-01	-9.008153202212701438e-02	1.548527280635630110e-01	-2.427489862609900906e-01	1.714254003891247380e-01	-1.519490562735371919e-01	1.008457911195185380e-01	-1.044913244294083388e-01	1.427845291401805550e-01	-1.499186383226789321e-01	9.657333980505296289e-02	-8.088663827827141661e-02	1.213603647085686327e-01	-9.233194978435717293e-02	8.559779785562986187e-02	-6.636740770759332053e-02	7.332961550372595061e-02	-7.697926804049327887e-02	6.974830972090370618e-02	-7.739194311030712925e-02	6.914475616570291139e-02	-5.468019012307025889e-02	4.588790648231331343e-02	-5.276624028027748770e-02	9.342129261116843830e-02	-5.297315364267161930e-02	5.705275572708426446e-02
-1.744009878499478416e-01	2.139555933168993951e-01	-5.624677099989309204e-01	2.662825897024233557e-01	-1.766316212636724614e-01	1.857116387645857680e-01	-3.088860829062867741e-01	1.000000000000000222e+00	-4.560922232367497497e-01	1.494384475987498573e-01	-1.892371792957841248e-01	2.605020598801505161e-01	-4.110233374649146509e-01	2.815411989671139370e-01	-1.782394169398946182e-01	1.282228024640482966e-01	-2.069619961858655266e-01	2.313191424382243511e-01	-1.670051841768500911e-01	1.357434810499462408e-01	-1.709323513920493198e-01	1.305524204453751280e-01	-1.288590636927191002e-01	1.090631022734590005e-01	-1.221835049220700853e-01	1.073576905599599313e-01	-1.005834100427489275e-01	1.145252309908745270e-01	-1.103264966751770493e-01	8.756574861141608324e-02	-6.593230640801553410e-02	7.522306566776645886e-02	-1.426519101779092635e-01	8.324809015223330610e-02	-9.134527005527441623e-02
1.160482720316601268e-01	-1.440943077862152644e-01	2.684342287655946957e-01	-3.515718056343620224e-01	1.873447435231225811e-01	-1.345806114728846925e-01	1.622334507001244597e-01	-4.560922232367497497e-01	9.999999999999993339e-01	-1.852386394757696841e-01	1.613740502501938567e-01	-2.439060755672780301e-01	2.610308526681193730e-01	-6.800943881311476424e-01	2.028150879190660227e-01	-1.144301466902397230e-01	1.801444150473614225e-01	-2.258155382987780124e-01	1.816787781378232103e-01	-1.612544923575629507e-01	1.518656892436508754e-01	-1.241024930801464671e-01	1.207894786536728854e-01	-1.190798964843277352e-01	1.267098216697433721e-01	-1.030258813561801545e-01	9.455519895507641381e-02	-1.119732706181318649e-01	1.105569604640730674e-01	-9.066136585534348424e-02	6.267887060806884292e-02	-7.237010951011799142e-02	1.366662240194415068e-01	-8.372603087341588812e-02	9.150022977759185439e-02
-7.183829832910726410e-02	8.314796292840920255e-02	-1.881848378541881028e-01	2.653941284940005696e-01	-6.930464442713391016e-01	7.688687082687471752e-02	-9.008153202212701438e-02	1.494384475987498573e-01	-1.852386394757696841e-01	1.000000000000000444e+00	-1.123261729143220922e-01	1.294345826441271607e-01	-1.244604777502515552e-01	1.853422072649705266e-01	-5.170256045377568110e-01	7.852951244009565013e-02	-1.162258437655385168e-01	1.344354285780754998e-01	-2.115876693915652584e-01	2.217266761597893321e-01	-1.127664586235723743e-01	9.111744609125113636e-02	-9.438601975363684893e-02	1.267845652317889094e-01	-1.494633407134068337e-01	7.813170469264783813e-02	-7.191366573954442731e-02	9.197318056975561928e-02	-1.114416187113919515e-01	9.434150015903886022e-02	-4.879175241836989502e-02	5.631694745785663370e-02	-1.186931687852143397e-01	8.147940175491490133e-02	-9.417432578510238905e-02
1.311708713399750426e-01	-1.325375998994903215e-01	1.708591022948547089e-01	-1.686848124800225945e-01	1.172262485717263519e-01	-1.867026824546088315e-01	1.548527280635630110e-01	-1.892371792957841248e-01	1.613740502501938567e-01	-1.123261729143220922e-01	9.999999999999994449e-01	-3.458766217001488230e-01	2.001775995516990869e-01	-1.832435033500887100e-01	1.311304319630017812e-01	-6.659355743313091214e-01	2.565077120960039259e-01	-2.507706101895985085e-01	1.376238471102273764e-01	-1.151575583313847323e-01	3.173724450388178409e-01	-2.112990317361524151e-01	1.672507447291654570e-01	-1.043835435795388428e-01	1.126858024276699427e-01	-1.978495148519263946e-01	1.547151630796543553e-01	-1.601430390788357860e-01	1.186426961336992381e-01	-9.217004248773470743e-02	1.055934405093922890e-01	-1.240413141540601671e-01	1.769506006540148835e-01	-9.401851821883960847e-02	9.675654669370734040e-02
-1.443842194439840243e-01	1.639111776625367944e-01	-2.517525442244661349e-01	1.908884382958270232e-01	-1.453897253365971087e-01	1.647734534840145093e-01	-2.427489862609900906e-01	2.605020598801505161e-01	-2.439060755672780301e-01	1.294345826441271607e-01	-3.458766217001488230e-01	1.000000000000002442e+00	-5.750923413810276053e-01	2.417368877751911171e-01	-1.663784846330632061e-01	2.101263312496905733e-01	-4.728888238975171854e-01	3.165575292828967102e-01	-1.717382018275145084e-01	1.342827623760800282e-01	-2.465810415527283361e-01	1.920490394495917852e-01	-1.749987441628388651e-01	1.161784703191153095e-01	-1.283730804417056448e-01	1.452628237419692769e-01	-1.420083399896011345e-01	1.457338695729885059e-01	-1.243713434035369075e-01	9.616310512196366012e-02	-8.802702395837674887e-02	9.988078498537356076e-02	-1.737305727544588285e-01	9.518930491499527635e-02	-1.015833695625630029e-01
1.141819684710007471e-01	-1.388800110211869110e-01	2.334392909534048488e-01	-1.895165247591826807e-01	1.336353034796511075e-01	-1.339100872228546069e-01	1.714254003891247380e-01	-4.110233374649146509e-01	2.610308526681193730e-01	-1.244604777502515552e-01	2.001775995516990869e-01	-5.750923413810276053e-01	1.000000000000002887e+00	-3.800272193813966637e-01	1.574301854790061406e-01	-1.455094984779705114e-01	2.808200010688595705e-01	-4.862819336888371535e-01	1.642127814505344452e-01	-1.310402163747279303e-01	1.734940481863897765e-01	-1.508480673158540675e-01	1.418304486725928681e-01	-1.072938134136077054e-01	1.141286888852857395e-01	-1.146150882124585407e-01	1.089044202043633058e-01	-1.216304824374613569e-01	1.059697832869034434e-01	-8.387682456590951630e-02	6.896166237630235729e-02	-7.945293504489675529e-02	1.405812735310085493e-01	-8.079156076377098927e-02	8.648474132876952936e-02
-1.114318990977690577e-01	1.282344428575701578e-01	-2.581129358119925721e-01	2.469397033788007789e-01	-2.003902087033042623e-01	1.214985676579256602e-01	-1.519490562735371919e-01	2.815411989671139370e-01	-6.800943881311476424e-01	1.853422072649705266e-01	-1.832435033500887100e-01	2.417368877751911171e-01	-3.800272193813966637e-01	9.999999999999998890e-01	-2.990869653449285126e-01	1.256866795926794289e-01	-2.057848892211112668e-01	2.328178771064401409e-01	-2.616793745653639425e-01	1.966300955602660050e-01	-1.733780978584116006e-01	1.352952192845148227e-01	-1.371143930972652802e-01	1.461623947421039627e-01	-1.606297762669763041e-01	1.118051193226107243e-01	-1.050891747075414911e-01	1.246038189929180723e-01	-1.332375100091213738e-01	1.078750699500036769e-01	-6.933069317138335075e-02	7.928620415369397323e-02	-1.568581508404749136e-01	9.846110700480267819e-02	-1.099773474409254104e-01
7.831665636846592282e-02	-9.268805629008859681e-02	1.770694125802260155e-01	-2.723227920493904164e-01	2.613164570590155167e-01	-8.879024959838099917e-02	1.008457911195185380e-01	-1.782394169398946182e-01	2.028150879190660227e-01	-5.170256045377568110e-01	1.311304319630017812e-01	-1.663784846330632061e-01	1.574301854790061406e-01	-2.990869653449285126e-01	1.000000000000000888e+00	-9.415119088188478313e-02	1.422772856203822212e-01	-1.787710706322576115e-01	2.702956592683261050e-01	-5.779668978498345711e-01	1.316941601667762640e-01	-1.132836157011424677e-01	1.144598869396913771e-01	-1.789100878458068089e-01	1.870983738634577620e-01	-9.690986812124703642e-02	8.770411823948763563e-02	-1.147441178337091361e-01	1.351090833350078457e-01	-1.243202634721356087e-01	5.941162561895130950e-02	-6.943711575031999428e-02	1.398829673151666120e-01	-1.017667482881976782e-01	1.131993078265874919e-01
-8.829402803114114184e-02	8.703152514414029539e-02	-1.210034728764182027e-01	1.149809381712291884e-01	-8.287138032294172341e-02	1.087655675468287286e-01	-1.044913244294083388e-01	1.282228024640482966e-01	-1.144301466902397230e-01	7.852951244009565013e-02	-6.659355743313091214e-01	2.101263312496905733e-01	-1.455094984779705114e-01	1.256866795926794289e-01	-9.415119088188478313e-02	9.999999999999978906e-01	-2.859946328672502425e-01	1.925523401526230416e-01	-1.012325910136242929e-01	8.272408628182244261e-02	-5.988990126208741938e-01	1.763904589682294688e-01	-1.372452170863988630e-01	7.662437505171991459e-02	-8.286229457107362195e-02	1.609904992816840463e-01	-1.327719109416157783e-01	1.218937372831918470e-01	-8.881826685362119445e-02	6.788369494378772295e-02	-8.786258773039223868e-02	9.748340708731345616e-02	-1.358318013591786055e-01	7.027197189691435086e-02	-7.192948561153243714e-02
1.037968649796531528e-01	-1.198124268106901813e-01	1.803088853978239148e-01	-1.664454730137488736e-01	1.212025917120931884e-01	-1.247950453072311366e-01	1.427845291401805550e-01	-2.069619961858655266e-01	1.801444150473614225e-01	-1.162258437655385168e-01	2.565077120960039259e-01	-4.728888238975171854e-01	2.808200010688595705e-01	-2.057848892211112668e-01	1.422772856203822212e-01	-2.859946328672502425e-01	1.000000000000002442e+00	-6.111277767957725704e-01	1.646783733180211540e-01	-1.309644076512159472e-01	2.483462958788824060e-01	-3.515101738150407384e-01	2.144543345360718223e-01	-1.180853962583309630e-01	1.226991254051636171e-01	-1.850552722877923939e-01	1.821458121363490890e-01	-1.781843530707709622e-01	1.262023207216215748e-01	-9.741486870273545484e-02	1.055773620940785307e-01	-1.249363131805022592e-01	1.839506677476796803e-01	-9.882213851470662835e-02	1.012133496444678898e-01
-1.104527187123643672e-01	1.230703370459993728e-01	-2.215311519916438043e-01	1.843531200144050142e-01	-1.455716775620094772e-01	1.233570277264208342e-01	-1.499186383226789321e-01	2.313191424382243511e-01	-2.258155382987780124e-01	1.344354285780754998e-01	-2.507706101895985085e-01	3.165575292828967102e-01	-4.862819336888371535e-01	2.328178771064401409e-01	-1.787710706322576115e-01	1.925523401526230416e-01	-6.111277767957725704e-01	9.999999999999980016e-01	-2.411981529445829386e-01	1.596621565098497453e-01	-2.398400617173969684e-01	2.228930814755273326e-01	-2.377845330306967153e-01	1.419065224086573929e-01	-1.496968070695305630e-01	1.555856911706481327e-01	-1.602262960579500517e-01	1.730049271939684274e-01	-1.433779746132599342e-01	1.101541792323265517e-01	-9.588208064310972667e-02	1.092901629218411552e-01	-1.965040494767570922e-01	1.086935266854084925e-01	-1.149523724372217420e-01
7.453474333694241893e-02	-8.700861038212147347e-02	1.572721849094821656e-01	-2.097741875209255258e-01	1.654551740660970549e-01	-8.531551496635796095e-02	9.657333980505296289e-02	-1.670051841768500911e-01	1.816787781378232103e-01	-2.115876693915652584e-01	1.376238471102273764e-01	-1.717382018275145084e-01	1.642127814505344452e-01	-2.616793745653639425e-01	2.702956592683261050e-01	-1.012325910136242929e-01	1.646783733180211540e-01	-2.411981529445829386e-01	9.999999999999987788e-01	-5.973672490479889907e-01	1.406316042703925351e-01	-1.320197207089372216e-01	1.375240584016881595e-01	-4.953491837826459188e-01	2.825484882765418870e-01	-1.101946288414424185e-01	1.005198876180031647e-01	-1.428625761344675948e-01	1.973143784519418020e-01	-1.801024341304562626e-01	6.759896686049945980e-02	-7.994217089144101118e-02	1.656535728443176980e-01	-1.448243842786189339e-01	1.529679155210698638e-01
-6.314810539725713989e-02	7.271713740057494935e-02	-1.400753731397005597e-01	1.792287272282774846e-01	-1.918811227504107486e-01	7.052883123477464433e-02	-8.088663827827141661e-02	1.357434810499462408e-01	-1.612544923575629507e-01	2.217266761597893321e-01	-1.151575583313847323e-01	1.342827623760800282e-01	-1.310402163747279303e-01	1.966300955602660050e-01	-5.779668978498345711e-01	8.272408628182244261e-02	-1.309644076512159472e-01	1.596621565098497453e-01	-5.973672490479889907e-01	1.000000000000001332e+00	-1.179238730395454210e-01	1.050880225558814690e-01	-1.125878529568788700e-01	2.503309889624200091e-01	-3.223989568098338809e-01	8.894986356042779152e-02	-8.219336197769792907e-02	1.148792685199847702e-01	-1.712105272015105872e-01	1.552190485489135241e-01	-5.563924205626485930e-02	6.516340428840111665e-02	-1.436157271180335815e-01	1.200732868812014187e-01	-1.425720728390690029e-01
9.848231689344637274e-02	-1.072315678748562290e-01	1.575738218321747763e-01	-1.649064652262798580e-01	1.164042934698820558e-01	-1.222237863444529116e-01	1.213603647085686327e-01	-1.709323513920493198e-01	1.518656892436508754e-01	-1.127664586235723743e-01	3.173724450388178409e-01	-2.465810415527283361e-01	1.734940481863897765e-01	-1.733780978584116006e-01	1.316941601667762640e-01	-5.988990126208741938e-01	2.483462958788824060e-01	-2.398400617173969684e-01	1.406316042703925351e-01	-1.179238730395454210e-01	9.999999999999995559e-01	-3.040739748768593875e-01	2.045690533039598857e-01	-1.118566123688265329e-01	1.203675553744265186e-01	-3.230752745381666458e-01	2.149409809225761858e-01	-1.961504601342271559e-01	1.333809685834786152e-01	-1.022057228026627268e-01	1.491882535258481912e-01	-1.702358503048484462e-01	2.083614633539747074e-01	-1.071122787447435776e-01	1.079541008445708272e-01
-7.284390038961878477e-02	7.890091481952384023e-02	-1.270251653741392428e-01	1.243926231938731058e-01	-9.487076889454175432e-02	8.418404739417008342e-02	-9.233194978435717293e-02	1.305524204453751280e-01	-1.241024930801464671e-01	9.111744609125113636e-02	-2.112990317361524151e-01	1.920490394495917852e-01	-1.508480673158540675e-01	1.352952192845148227e-01	-1.132836157011424677e-01	1.763904589682294688e-01	-3.515101738150407384e-01	2.228930814755273326e-01	-1.320197207089372216e-01	1.050880225558814690e-01	-3.040739748768593875e-01	1.000000000000000444e+00	-5.326153708468635006e-01	1.144451341844658354e-01	-1.214970375432185418e-01	2.689882630898695060e-01	-5.225024752387227300e-01	2.712572612527944793e-01	-1.533344057236096514e-01	1.078275635740526261e-01	-1.732788935132879016e-01	1.947534445689296789e-01	-2.677436827142389841e-01	1.220235396341651235e-01	-1.180190822869201239e-01
6.716547457243536579e-02	-7.474064985793825444e-02	1.218450177387484096e-01	-1.274117459242200823e-01	9.500231830842047198e-02	-7.806580035112926919e-02	8.559779785562986187e-02	-1.288590636927191002e-01	1.207894786536728854e-01	-9.438601975363684893e-02	1.672507447291654570e-01	-1.749987441628388651e-01	1.418304486725928681e-01	-1.371143930972652802e-01	1.144598869396913771e-01	-1.372452170863988630e-01	2.144543345360718223e-01	-2.377845330306967153e-01	1.375240584016881595e-01	-1.125878529568788700e-01	2.045690533039598857e-01	-5.326153708468635006e-01	1.000000000000000222e+00	-1.391638926541339250e-01	1.329609586401074295e-01	-2.393207163232116685e-01	2.494277980196833444e-01	-6.317016152614974844e-01	1.756539626211126581e-01	-1.261349330066960095e-01	1.375154202826641137e-01	-1.717345331982042533e-01	2.751909162834124678e-01	-1.428189949984589868e-01	1.280441955430020873e-01
-5.195603021263994065e-02	5.938915323598492613e-02	-1.069734405425446094e-01	1.334500545145237971e-01	-1.106962915994662844e-01	5.904560884755038347e-02	-6.636740770759332053e-02	1.090631022734590005e-01	-1.190798964843277352e-01	1.267845652317889094e-01	-1.043835435795388428e-01	1.161784703191153095e-01	-1.072938134136077054e-01	1.461623947421039627e-01	-1.789100878458068089e-01	7.662437505171991459e-02	-1.180853962583309630e-01	1.419065224086573929e-01	-4.953491837826459188e-01	2.503309889624200091e-01	-1.118566123688265329e-01	1.144451341844658354e-01	-1.391638926541339250e-01	1.000000000000003109e+00	-6.583541535482994034e-01	9.599463479500233709e-02	-8.929294239933498190e-02	1.486101827757141114e-01	-3.672668580026307028e-01	2.515407273406631838e-01	-6.070614118572539852e-02	7.261379337781585785e-02	-1.771403082660796269e-01	1.959562238590301653e-01	-2.229834586088848547e-01
5.749985206027189572e-02	-6.636805065744140475e-02	1.180504989159788798e-01	-1.567691016261459069e-01	1.224040626615957306e-01	-6.591426586560389378e-02	7.332961550372595061e-02	-1.221835049220700853e-01	1.267098216697433721e-01	-1.494633407134068337e-01	1.126858024276699427e-01	-1.283730804417056448e-01	1.141286888852857395e-01	-1.606297762669763041e-01	1.870983738634577620e-01	-8.286229457107362195e-02	1.226991254051636171e-01	-1.496968070695305630e-01	2.825484882765418870e-01	-3.223989568098338809e-01	1.203675553744265186e-01	-1.214970375432185418e-01	1.329609586401074295e-01	-6.583541535482994034e-01	9.999999999999987788e-01	-1.049599648594094908e-01	9.451551346033414125e-02	-1.542758692944986298e-01	2.643637592844582662e-01	-4.529252887381032266e-01	6.517386998873675452e-02	-7.860268041283777207e-02	1.796122448554065831e-01	-2.107583098720976489e-01	2.366592516570803217e-01
-6.256124360273390694e-02	6.637215542610382102e-02	-1.067328881529489432e-01	1.063944310631688983e-01	-8.167887832578470120e-02	7.211688877642723206e-02	-7.697926804049327887e-02	1.073576905599599313e-01	-1.030258813561801545e-01	7.813170469264783813e-02	-1.978495148519263946e-01	1.452628237419692769e-01	-1.146150882124585407e-01	1.118051193226107243e-01	-9.690986812124703642e-02	1.609904992816840463e-01	-1.850552722877923939e-01	1.555856911706481327e-01	-1.101946288414424185e-01	8.894986356042779152e-02	-3.230752745381666458e-01	2.689882630898695060e-01	-2.393207163232116685e-01	9.599463479500233709e-02	-1.049599648594094908e-01	9.999999999999998890e-01	-5.977438251114283174e-01	2.035092566496612132e-01	-1.354166955994585420e-01	9.551450810318451445e-02	-4.936829151353286371e-01	3.054736964863864479e-01	-2.571572471903355583e-01	1.108620486518079318e-01	-1.072600421305485302e-01
5.546875242673442175e-02	-6.055101472585056044e-02	9.684134326195587006e-02	-9.861117384425159560e-02	7.400302859662816202e-02	-6.463744026747370031e-02	6.974830972090370618e-02	-1.005834100427489275e-01	9.455519895507641381e-02	-7.191366573954442731e-02	1.547151630796543553e-01	-1.420083399896011345e-01	1.089044202043633058e-01	-1.050891747075414911e-01	8.770411823948763563e-02	-1.327719109416157783e-01	1.821458121363490890e-01	-1.602262960579500517e-01	1.005198876180031647e-01	-8.219336197769792907e-02	2.149409809225761858e-01	-5.225024752387227300e-01	2.494277980196833444e-01	-8.929294239933498190e-02	9.451551346033414125e-02	-5.977438251114283174e-01	1.000000000000000444e+00	-2.610840453642973014e-01	1.224276251274334648e-01	-8.800103588326235737e-02	2.662866458988986662e-01	-3.940850784494050463e-01	2.192854126392340952e-01	-1.015237003935940546e-01	9.468697015370465542e-02
-6.173535099634097634e-02	6.755045304783170723e-02	-1.130597162239345144e-01	1.194211914604198094e-01	-9.232103461789921417e-02	7.063591175679725942e-02	-7.739194311030712925e-02	1.145252309908745270e-01	-1.119732706181318649e-01	9.197318056975561928e-02	-1.601430390788357860e-01	1.457338695729885059e-01	-1.216304824374613569e-01	1.246038189929180723e-01	-1.147441178337091361e-01	1.218937372831918470e-01	-1.781843530707709622e-01	1.730049271939684274e-01	-1.428625761344675948e-01	1.148792685199847702e-01	-1.961504601342271559e-01	2.712572612527944793e-01	-6.317016152614974844e-01	1.486101827757141114e-01	-1.542758692944986298e-01	2.035092566496612132e-01	-2.610840453642973014e-01	9.999999999999997780e-01	-2.824731897248874968e-01	1.591058537525188443e-01	-1.395151655041167449e-01	1.633629217261562683e-01	-5.288714113276894446e-01	2.029093784107244280e-01	-1.756467499450392322e-01
5.469933541416911738e-02	-6.198966197774402609e-02	1.069170481015378621e-01	-1.313363096646454897e-01	9.985119414207326016e-02	-6.287436062148671345e-02	6.914475616570291139e-02	-1.103264966751770493e-01	1.105569604640730674e-01	-1.114416187113919515e-01	1.186426961336992381e-01	-1.243713434035369075e-01	1.059697832869034434e-01	-1.332375100091213738e-01	1.351090833350078457e-01	-8.881826685362119445e-02	1.262023207216215748e-01	-1.433779746132599342e-01	1.973143784519418020e-01	-1.712105272015105872e-01	1.333809685834786152e-01	-1.533344057236096514e-01	1.756539626211126581e-01	-3.672668580026307028e-01	2.643637592844582662e-01	-1.354166955994585420e-01	1.224276251274334648e-01	-2.824731897248874968e-01	1.000000000000000222e+00	-4.436967200802007238e-01	8.510006232773940915e-02	-1.060691062398398526e-01	2.711565903877158346e-01	-6.056021928591430736e-01	3.100712530856189475e-01
-4.327570564070450099e-02	4.899616745537616752e-02	-8.633856548679004483e-02	1.061837538851910651e-01	-8.524740474036821003e-02	4.936794290107095889e-02	-5.468019012307025889e-02	8.756574861141608324e-02	-9.066136585534348424e-02	9.434150015903886022e-02	-9.217004248773470743e-02	9.616310512196366012e-02	-8.387682456590951630e-02	1.078750699500036769e-01	-1.243202634721356087e-01	6.788369494378772295e-02	-9.741486870273545484e-02	1.101541792323265517e-01	-1.801024341304562626e-01	1.552190485489135241e-01	-1.022057228026627268e-01	1.078275635740526261e-01	-1.261349330066960095e-01	2.515407273406631838e-01	-4.529252887381032266e-01	9.551450810318451445e-02	-8.800103588326235737e-02	1.591058537525188443e-01	-4.436967200802007238e-01	1.000000000000000000e+00	-6.240767475604859504e-02	7.554506486206022386e-02	-2.189261107564109410e-01	2.940422930962811598e-01	-6.567768158372166987e-01
3.694562560340106799e-02	-3.998138434470363545e-02	6.448588076768219102e-02	-6.657196671596640747e-02	5.017663461898187738e-02	-4.283541824811567394e-02	4.588790648231331343e-02	-6.593230640801553410e-02	6.267887060806884292e-02	-4.879175241836989502e-02	1.055934405093922890e-01	-8.802702395837674887e-02	6.896166237630235729e-02	-6.933069317138335075e-02	5.941162561895130950e-02	-8.786258773039223868e-02	1.055773620940785307e-01	-9.588208064310972667e-02	6.759896686049945980e-02	-5.563924205626485930e-02	1.491882535258481912e-01	-1.732788935132879016e-01	1.375154202826641137e-01	-6.070614118572539852e-02	6.517386998873675452e-02	-4.936829151353286371e-01	2.662866458988986662e-01	-1.395151655041167449e-01	8.510006232773940915e-02	-6.240767475604859504e-02	1.000000000000000222e+00	-7.924124476561518193e-01	1.721900803849963635e-01	-7.544390908310824595e-02	6.806204967056586619e-02
-4.258296140803437269e-02	4.576006751249726834e-02	-7.449474346819739967e-02	7.598144153800395761e-02	-5.813520613757121314e-02	4.898543444819233872e-02	-5.276624028027748770e-02	7.522306566776645886e-02	-7.237010951011799142e-02	5.631694745785663370e-02	-1.240413141540601671e-01	9.988078498537356076e-02	-7.945293504489675529e-02	7.928620415369397323e-02	-6.943711575031999428e-02	9.748340708731345616e-02	-1.249363131805022592e-01	1.092901629218411552e-01	-7.994217089144101118e-02	6.516340428840111665e-02	-1.702358503048484462e-01	1.947534445689296789e-01	-1.717345331982042533e-01	7.261379337781585785e-02	-7.860268041283777207e-02	3.054736964863864479e-01	-3.940850784494050463e-01	1.633629217261562683e-01	-1.060691062398398526e-01	7.554506486206022386e-02	-7.924124476561518193e-01	1.000000000000000222e+00	-2.473786564505351671e-01	9.385297442364878839e-02	-8.493268181756420676e-02
7.453222835190212447e-02	-8.309317457159128006e-02	1.382005759961223990e-01	-1.565883242246561280e-01	1.157264526616716416e-01	-8.614862405824616487e-02	9.342129261116843830e-02	-1.426519101779092635e-01	1.366662240194415068e-01	-1.186931687852143397e-01	1.769506006540148835e-01	-1.737305727544588285e-01	1.405812735310085493e-01	-1.568581508404749136e-01	1.398829673151666120e-01	-1.358318013591786055e-01	1.839506677476796803e-01	-1.965040494767570922e-01	1.656535728443176980e-01	-1.436157271180335815e-01	2.083614633539747074e-01	-2.677436827142389841e-01	2.751909162834124678e-01	-1.771403082660796269e-01	1.796122448554065831e-01	-2.571572471903355583e-01	2.192854126392340952e-01	-5.288714113276894446e-01	2.711565903877158346e-01	-2.189261107564109410e-01	1.721900803849963635e-01	-2.473786564505351671e-01	1.000000000000000666e+00	-4.000147207137974004e-01	2.255126029157069056e-01
-4.205460227005576590e-02	4.729812095206053363e-02	-8.149883333257615381e-02	9.727558497119341563e-02	-7.530558410883959886e-02	4.820600260154124517e-02	-5.297315364267161930e-02	8.324809015223330610e-02	-8.372603087341588812e-02	8.147940175491490133e-02	-9.401851821883960847e-02	9.518930491499527635e-02	-8.079156076377098927e-02	9.846110700480267819e-02	-1.017667482881976782e-01	7.027197189691435086e-02	-9.882213851470662835e-02	1.086935266854084925e-01	-1.448243842786189339e-01	1.200732868812014187e-01	-1.071122787447435776e-01	1.220235396341651235e-01	-1.428189949984589868e-01	1.959562238590301653e-01	-2.107583098720976489e-01	1.108620486518079318e-01	-1.015237003935940546e-01	2.029093784107244280e-01	-6.056021928591430736e-01	2.940422930962811598e-01	-7.544390908310824595e-02	9.385297442364878839e-02	-4.000147207137974004e-01	1.000000000000000888e+00	-5.676702674587597031e-01
4.518913009900160649e-02	-5.130116006108097204e-02	8.877112928457636665e-02	-1.107115627517459011e-01	8.390096901637897342e-02	-5.191958805585179110e-02	5.705275572708426446e-02	-9.134527005527441623e-02	9.150022977759185439e-02	-9.417432578510238905e-02	9.675654669370734040e-02	-1.015833695625630029e-01	8.648474132876952936e-02	-1.099773474409254104e-01	1.131993078265874919e-01	-7.192948561153243714e-02	1.012133496444678898e-01	-1.149523724372217420e-01	1.529679155210698638e-01	-1.425720728390690029e-01	1.079541008445708272e-01	-1.180190822869201239e-01	1.280441955430020873e-01	-2.229834586088848547e-01	2.366592516570803217e-01	-1.072600421305485302e-01	9.468697015370465542e-02	-1.756467499450392322e-01	3.100712530856189475e-01	-6.567768158372166987e-01	6.806204967056586619e-02	-8.493268181756420676e-02	2.255126029157069056e-01	-5.676702674587597031e-01	1.000000000000000888e+00
