1.000000000000000222e+00	-9.160909116511608552e-01	6.151224953192474532e-02	-5.622726244190511674e-02	3.943314010563327837e-02	-3.083315469560480859e-01	1.723307000943126721e-01	-7.050095596016284216e-02	4.816818993800816434e-02	-3.693524048111818114e-02	1.529588212664534930e-01	-1.087123839560116129e-01	8.477175891134709762e-02	-4.446415705661992818e-02	5.475608001120930990e-02	-7.691083342301173464e-02	7.629753181472591350e-02	-5.950429171878128531e-02	2.646109721937347711e-02	-4.109513064158095558e-02	8.769563453876727532e-02	-5.638933451082272369e-02	5.048283052525202180e-02	-2.603994860880930184e-02	4.165799649179691144e-02	-4.048948121236870673e-02	4.943550847417405025e-02	-5.271628687905829252e-02	5.514477336092707405e-02	-4.663547324111345926e-02	4.849508139657349171e-02	-4.340759611285058273e-02	4.258696882327743516e-02	-4.086999853382725784e-02	3.665477638199537286e-02
-9.160909116511608552e-01	1.000000000000000222e+00	-7.405806195458294883e-02	6.391609445472688777e-02	-4.616662111902292143e-02	2.303746443649984099e-01	-2.190469256458828784e-01	8.003720633034780430e-02	-5.645916334837744466e-02	4.273495243846407721e-02	-1.808934070073035805e-01	1.215003287240966207e-01	-1.004485905825915210e-01	5.164893085113610172e-02	-6.449220833449142987e-02	8.791072626110285615e-02	-9.054784722302322564e-02	6.912542197150729761e-02	-3.091115833383197703e-02	4.746786677998123677e-02	-1.058036530713132722e-01	6.589292718272697635e-02	-5.928206600434567791e-02	3.030256790574729908e-02	-4.864749900201651572e-02	4.790727417492070261e-02	-5.817495233181869951e-02	6.129424057418879357e-02	-6.449184714006740704e-02	5.369294997227445215e-02	-5.793941075551413411e-02	5.048238716538659687e-02	-4.984628279245310878e-02	4.725404881358773873e-02	-4.259423384244539340e-02
6.151224953192474532e-02	-7.405806195458294883e-02	1.000000000000000666e+00	-5.675273791435979653e-01	1.990477609919250601e-01	-1.018878779522533751e-01	1.360125775908270773e-01	-7.050854750728402509e-01	2.113678590873972474e-01	-1.736766204431829663e-01	9.605327572529896718e-02	-1.477584408650896852e-01	2.055617098314036217e-01	-1.623236507855050081e-01	1.755806536510250981e-01	-6.597513513512789918e-02	1.010400244606111247e-01	-1.053854767748568372e-01	5.408247790806240685e-02	-1.040688657513624132e-01	8.058397389500662755e-02	-7.745259810777424536e-02	8.095137446187021524e-02	-5.276626978791510575e-02	9.799120988563890522e-02	-4.824102640461773450e-02	6.926405916624729653e-02	-8.042952822770968457e-02	9.025768606021868090e-02	-8.521639514573529917e-02	5.831105104206259909e-02	-6.307420260166414494e-02	6.434075394073607290e-02	-6.649148387843444030e-02	6.403773190524286729e-02
-5.622726244190511674e-02	6.391609445472688777e-02	-5.675273791435979653e-01	1.000000000000000444e+00	-4.594388398460478307e-01	1.047247855361314178e-01	-1.463209567018093349e-01	2.996600713697012974e-01	-4.056557643348361331e-01	2.696309025068278076e-01	-1.090330737697908642e-01	1.492536942076818363e-01	-2.289140769798033992e-01	2.301927277141263828e-01	-2.847202075728096360e-01	7.501348538920586673e-02	-1.176852288500005450e-01	1.155255989351749030e-01	-6.941777615532705725e-02	1.394287788586144050e-01	-9.389246223296163207e-02	8.875568766336626447e-02	-9.405554814363144278e-02	6.643079944062450781e-02	-1.379637693221532624e-01	5.635911038941417844e-02	-8.132645327183303519e-02	9.296763976976657462e-02	-1.105426310996259903e-01	1.041222888808371327e-01	-6.887462997320006886e-02	7.362803419758406909e-02	-7.683318937186875419e-02	7.934263450830525422e-02	-7.981963146940192211e-02
3.943314010563327837e-02	-4.616662111902292143e-02	1.990477609919250601e-01	-4.594388398460478307e-01	1.000000000000000666e+00	-8.205367288732123843e-02	1.045051218939100079e-01	-2.272197580122993499e-01	2.527545392806822555e-01	-7.592125765610686638e-01	8.201628920856360305e-02	-1.177944960197264690e-01	1.549760922445606592e-01	-2.046602595901389765e-01	2.356749248971946875e-01	-5.788473981123171130e-02	8.965263870322059958e-02	-9.067142275389325490e-02	5.524446229954296794e-02	-1.309185208386446919e-01	7.158951688115089418e-02	-6.974390229955738929e-02	7.218139641245038818e-02	-5.431488135160840447e-02	1.099636324326171977e-01	-4.408369689473891351e-02	6.386851988469122166e-02	-7.458147978415126389e-02	8.784181890574607743e-02	-8.930129110735457454e-02	5.349206618596197282e-02	-5.944512489551002227e-02	6.128550997805788658e-02	-6.573512296859421178e-02	6.488276612305274305e-02
-3.083315469560480859e-01	2.303746443649984099e-01	-1.018878779522533751e-01	1.047247855361314178e-01	-8.205367288732123843e-02	1.000000000000000666e+00	-5.256015121694382897e-01	1.325695163345821104e-01	-1.035674039734392204e-01	7.745905486613087476e-02	-5.853534580219043049e-01	2.551484056248906618e-01	-2.031485789637070272e-01	9.804867171893720534e-02	-1.233217417011425454e-01	2.238372274454242805e-01	-2.022209197560904670e-01	1.471672342632786012e-01	-6.381281592125019608e-02	9.434386802440498931e-02	-2.597231236195396420e-01	1.461739527135451910e-01	-1.274171532249547545e-01	6.270446879953935071e-02	-9.723705213146772997e-02	1.089945643157202437e-01	-1.273855651190259342e-01	1.320331673455074351e-01	-1.355404171322626139e-01	1.114812087820334502e-01	-1.306265545381446458e-01	1.092851238961490834e-01	-1.065706377313831443e-01	9.979016495187709168e-02	-8.868386766401850640e-02
1.723307000943126721e-01	-2.190469256458828784e-01	1.360125775908270773e-01	-1.463209567018093349e-01	1.045051218939100079e-01	-5.256015121694382897e-01	1.000000000000000666e+00	-2.096246172857546552e-01	1.320762964716319932e-01	-1.015035764371729488e-01	2.666165909698438030e-01	-5.976374861960848106e-01	2.640639178312964575e-01	-1.294387421673060812e-01	1.495835798659571891e-01	-1.638386295612571375e-01	1.982274411762631194e-01	-1.725444576047602818e-01	7.372538212988113959e-02	-1.178055903191107257e-01	1.792268989288552383e-01	-1.487930438399010236e-01	1.371846082486885832e-01	-7.321581777137518843e-02	1.151425776970812637e-01	-9.591198955638516321e-02	1.271636644421348106e-01	-1.431959881417703695e-01	1.482427685186386013e-01	-1.317556100581596112e-01	1.131590009462628138e-01	-1.156887181697444644e-01	1.126781171415282695e-01	-1.127602587456494193e-01	1.004461527237361096e-01
-7.050095596016284216e-02	8.003720633034780430e-02	-7.050854750728402509e-01	2.996600713697012974e-01	-2.272197580122993499e-01	1.325695163345821104e-01	-2.096246172857546552e-01	1.000000000000001554e+00	-2.856751961755047975e-01	1.792106170580003432e-01	-1.317759633465987734e-01	1.993267077504764229e-01	-3.747795258774649918e-01	1.984185311129375573e-01	-2.400864686808652504e-01	8.963058547642235863e-02	-1.413906897934953111e-01	1.444764202504311701e-01	-7.325789344888335164e-02	1.315446623218094191e-01	-1.107617264027958986e-01	1.052514043843508912e-01	-1.138510288635580237e-01	7.023722727755053741e-02	-1.326928794519005306e-01	6.547051596076416957e-02	-9.425986923912678395e-02	1.076414370343249244e-01	-1.218541778236134909e-01	1.100113520267095857e-01	-7.960286544985660517e-02	8.397965240594146286e-02	-8.654510046323121708e-02	8.725446839835200585e-02	-8.510271553433539082e-02
4.816818993800816434e-02	-5.645916334837744466e-02	2.113678590873972474e-01	-4.056557643348361331e-01	2.527545392806822555e-01	-1.035674039734392204e-01	1.320762964716319932e-01	-2.856751961755047975e-01	1.000000000000001332e+00	-3.777005205180454794e-01	1.033103127488363554e-01	-1.590500100679684836e-01	2.172502981497150820e-01	-6.582722453227811688e-01	3.042222848859593709e-01	-7.363846712250345095e-02	1.155822898418614603e-01	-1.224644472103605108e-01	8.158233007255501212e-02	-1.666480875211315549e-01	9.058760661286044402e-02	-9.035078342283286990e-02	9.473847287694199537e-02	-8.025941540999637080e-02	1.387420333451341026e-01	-5.612347851696909001e-02	8.176829514429857781e-02	-9.623820475579364375e-02	1.112571606018828430e-01	-1.126907353856015509e-01	6.785392545225583938e-02	-7.581336078858263994e-02	7.778924710480872307e-02	-8.322184087815789888e-02	8.166020863848089117e-02
-3.693524048111818114e-02	4.273495243846407721e-02	-1.736766204431829663e-01	2.696309025068278076e-01	-7.592125765610686638e-01	7.745905486613087476e-02	-1.015035764371729488e-01	1.792106170580003432e-01	-3.777005205180454794e-01	1.000000000000000666e+00	-8.017499487873429309e-02	1.119904408942590107e-01	-1.581292302554286322e-01	2.332519389850995495e-01	-3.703819868981441110e-01	5.652192976232064958e-02	-8.885793998373311964e-02	8.882924570904417172e-02	-5.887898582826663063e-02	1.399906911602234461e-01	-7.050761617822072502e-02	6.848032836250242394e-02	-7.184210161578323539e-02	5.689564900529441027e-02	-1.255461354480495451e-01	4.341047811366186698e-02	-6.316674621470849682e-02	7.325664645471631486e-02	-8.863619701346098223e-02	8.908270499226833561e-02	-5.289970977544310171e-02	5.832004747671562517e-02	-6.086631830189119519e-02	6.491803238315169144e-02	-6.613309561437159811e-02
1.529588212664534930e-01	-1.808934070073035805e-01	9.605327572529896718e-02	-1.090330737697908642e-01	8.201628920856360305e-02	-5.853534580219043049e-01	2.666165909698438030e-01	-1.317759633465987734e-01	1.033103127488363554e-01	-8.017499487873429309e-02	1.000000000000000222e+00	-2.832716669358122386e-01	1.941539586272864049e-01	-1.014330029153703017e-01	1.243554892777031934e-01	-5.008902751993538072e-01	2.216488931781050997e-01	-1.720567501076480932e-01	7.091905941332435348e-02	-1.061256057746102072e-01	2.845213473683033123e-01	-1.785646862772158061e-01	1.432356342378010849e-01	-7.113074680887543355e-02	1.059672902726119942e-01	-1.292723505100830950e-01	1.457302162234386522e-01	-1.584072612703394667e-01	1.535718176575876781e-01	-1.338238257158408384e-01	1.406132109064367752e-01	-1.323774238087745136e-01	1.224115245051793643e-01	-1.202220439044422995e-01	1.028742752968178908e-01
-1.087123839560116129e-01	1.215003287240966207e-01	-1.477584408650896852e-01	1.492536942076818363e-01	-1.177944960197264690e-01	2.551484056248906618e-01	-5.976374861960848106e-01	1.993267077504764229e-01	-1.590500100679684836e-01	1.119904408942590107e-01	-2.832716669358122386e-01	9.999999999999997780e-01	-5.407546399264180348e-01	1.573526172830484460e-01	-1.814213745859702132e-01	1.674573085682260210e-01	-2.798298081151654459e-01	2.137628755535874447e-01	-8.729463576977385120e-02	1.251584158854729956e-01	-1.983327484867785651e-01	1.739576359168025499e-01	-1.726762516447493678e-01	8.452264653374669257e-02	-1.273642492660398140e-01	1.053030820763296432e-01	-1.456480457878349399e-01	1.585021775405474620e-01	-1.624397553835035257e-01	1.342470575569055802e-01	-1.263052412067662278e-01	1.240357829267743489e-01	-1.234235611570166924e-01	1.169288452157115354e-01	-1.057813000641248669e-01
8.477175891134709762e-02	-1.004485905825915210e-01	2.055617098314036217e-01	-2.289140769798033992e-01	1.549760922445606592e-01	-2.031485789637070272e-01	2.640639178312964575e-01	-3.747795258774649918e-01	2.172502981497150820e-01	-1.581292302554286322e-01	1.941539586272864049e-01	-5.407546399264180348e-01	9.999999999999988898e-01	-2.834600605659609585e-01	2.256595861702350436e-01	-1.431546231055665919e-01	2.385656584021994264e-01	-3.720030481624197471e-01	1.116325415179160035e-01	-1.652566825417036422e-01	1.680156962688680033e-01	-1.879689682385076444e-01	2.074080082037590422e-01	-1.112079798574363704e-01	1.529296623893111329e-01	-1.044020351336639313e-01	1.546389434207733615e-01	-1.893643557980286551e-01	1.815070137681705220e-01	-1.627339523212465444e-01	1.230527471515395765e-01	-1.377738913314464075e-01	1.350139172499990048e-01	-1.356464473583313401e-01	1.215225723659118240e-01
-4.446415705661992818e-02	5.164893085113610172e-02	-1.623236507855050081e-01	2.301927277141263828e-01	-2.046602595901389765e-01	9.804867171893720534e-02	-1.294387421673060812e-01	1.984185311129375573e-01	-6.582722453227811688e-01	2.332519389850995495e-01	-1.014330029153703017e-01	1.573526172830484460e-01	-2.834600605659609585e-01	9.999999999999992228e-01	-5.634720813399812789e-01	7.264216207983607843e-02	-1.176277352158555112e-01	1.266136842225199510e-01	-1.014089697973979964e-01	1.809654808117179270e-01	-8.989126954326762120e-02	9.075097494895913164e-02	-9.861849921320618717e-02	9.186568406116606134e-02	-1.630540583429489487e-01	5.583388441550161257e-02	-8.215825694819411940e-02	9.626829082261602333e-02	-1.133046787415536993e-01	1.129042282794320284e-01	-6.766760467577108418e-02	7.513435700265011508e-02	-7.791987176747888766e-02	8.265248936600408380e-02	-8.364123191986873318e-02
5.475608001120930990e-02	-6.449220833449142987e-02	1.755806536510250981e-01	-2.847202075728096360e-01	2.356749248971946875e-01	-1.233217417011425454e-01	1.495835798659571891e-01	-2.400864686808652504e-01	3.042222848859593709e-01	-3.703819868981441110e-01	1.243554892777031934e-01	-1.814213745859702132e-01	2.256595861702350436e-01	-5.634720813399812789e-01	9.999999999999987788e-01	-9.002573434004919328e-02	1.406428846826055234e-01	-1.458280522225692266e-01	1.021261569711095774e-01	-3.953739831845197172e-01	1.112524007471227400e-01	-1.119018373139485101e-01	1.154266457730170059e-01	-1.024227867582736123e-01	2.325060422524286297e-01	-7.054212473325044419e-02	1.034602560350349476e-01	-1.226958219128599925e-01	1.488064962227985399e-01	-1.675342205066573387e-01	8.538906672783741492e-02	-9.826085375877231798e-02	1.017563295478449148e-01	-1.138860355587190953e-01	1.153619491988986806e-01
-7.691083342301173464e-02	8.791072626110285615e-02	-6.597513513512789918e-02	7.501348538920586673e-02	-5.788473981123171130e-02	2.238372274454242805e-01	-1.638386295612571375e-01	8.963058547642235863e-02	-7.363846712250345095e-02	5.652192976232064958e-02	-5.008902751993538072e-01	1.674573085682260210e-01	-1.431546231055665919e-01	7.264216207983607843e-02	-9.002573434004919328e-02	9.999999999999976685e-01	-3.093040131317508212e-01	1.607791367834697227e-01	-6.040990524508427217e-02	7.878391986811789094e-02	-7.112711101620086129e-01	2.004373748288821311e-01	-1.423520255709974924e-01	6.047102540196027526e-02	-8.023409657678934326e-02	1.625463843776617789e-01	-1.556730476183585121e-01	1.481144678741689868e-01	-1.309779824907063295e-01	1.057775231813619377e-01	-1.780467450744985802e-01	1.237282433178379937e-01	-1.112603971229540467e-01	1.002399779548006353e-01	-8.348043631930018860e-02
7.629753181472591350e-02	-9.054784722302322564e-02	1.010400244606111247e-01	-1.176852288500005450e-01	8.965263870322059958e-02	-2.022209197560904670e-01	1.982274411762631194e-01	-1.413906897934953111e-01	1.155822898418614603e-01	-8.885793998373311964e-02	2.216488931781050997e-01	-2.798298081151654459e-01	2.385656584021994264e-01	-1.176277352158555112e-01	1.406428846826055234e-01	-3.093040131317508212e-01	9.999999999999986677e-01	-4.519728957967206195e-01	1.181177742117289070e-01	-1.292946547393911683e-01	2.597267409219747303e-01	-5.605504086433705790e-01	2.948831369767769273e-01	-1.214768624539882408e-01	1.304089796106987775e-01	-1.658132837938871840e-01	2.580929633407518242e-01	-2.853552353183373413e-01	2.178759588184890905e-01	-1.774941846102083554e-01	1.764039583980707426e-01	-2.155227142089363168e-01	1.828862922867051655e-01	-1.701519531888371073e-01	1.367821909622471965e-01
-5.950429171878128531e-02	6.912542197150729761e-02	-1.053854767748568372e-01	1.155255989351749030e-01	-9.067142275389325490e-02	1.471672342632786012e-01	-1.725444576047602818e-01	1.444764202504311701e-01	-1.224644472103605108e-01	8.882924570904417172e-02	-1.720567501076480932e-01	2.137628755535874447e-01	-3.720030481624197471e-01	1.266136842225199510e-01	-1.458280522225692266e-01	1.607791367834697227e-01	-4.519728957967206195e-01	1.000000000000000222e+00	-1.927084888180774502e-01	1.235276012127306949e-01	-1.958428010296685839e-01	2.851728071451813951e-01	-6.283693294945653651e-01	1.612592276136311509e-01	-1.300741946688795114e-01	1.299151887926520421e-01	-2.232953755933856643e-01	2.596307965368712667e-01	-2.243181309221689568e-01	1.529313586825964688e-01	-1.540262253681077831e-01	1.649699413102425627e-01	-1.666844458167825171e-01	1.435904233269611474e-01	-1.227317979818228905e-01
2.646109721937347711e-02	-3.091115833383197703e-02	5.408247790806240685e-02	-6.941777615532705725e-02	5.524446229954296794e-02	-6.381281592125019608e-02	7.372538212988113959e-02	-7.325789344888335164e-02	8.158233007255501212e-02	-5.887898582826663063e-02	7.091905941332435348e-02	-8.729463576977385120e-02	1.116325415179160035e-01	-1.014089697973979964e-01	1.021261569711095774e-01	-6.040990524508427217e-02	1.181177742117289070e-01	-1.927084888180774502e-01	9.999999999999958922e-01	-1.391258744803229030e-01	7.451231846187959806e-02	-1.018758574510753301e-01	1.427407913781034154e-01	-9.350769123329397692e-01	1.463484689089901980e-01	-5.204067515579861858e-02	8.440924676894023815e-02	-1.102728225660435241e-01	1.163563349261004104e-01	-1.062730081683259109e-01	6.138930763489294784e-02	-7.351602107207574899e-02	7.377156459050093762e-02	-7.888180258803956235e-02	7.260342036375455610e-02
-4.109513064158095558e-02	4.746786677998123677e-02	-1.040688657513624132e-01	1.394287788586144050e-01	-1.309185208386446919e-01	9.434386802440498931e-02	-1.178055903191107257e-01	1.315446623218094191e-01	-1.666480875211315549e-01	1.399906911602234461e-01	-1.061256057746102072e-01	1.251584158854729956e-01	-1.652566825417036422e-01	1.809654808117179270e-01	-3.953739831845197172e-01	7.878391986811789094e-02	-1.292946547393911683e-01	1.235276012127306949e-01	-1.391258744803229030e-01	9.999999999999963363e-01	-1.009003392814035033e-01	1.026755857022259855e-01	-1.093005618282248959e-01	1.318425644542041975e-01	-7.791079420352011731e-01	6.731542815446138472e-02	-1.025410136637796288e-01	1.197644961080113757e-01	-1.826126387476126045e-01	2.191965137376541140e-01	-8.309756743107096777e-02	9.778521320340594070e-02	-1.100647496748353577e-01	1.279842604429515251e-01	-1.648825646236775078e-01
8.769563453876727532e-02	-1.058036530713132722e-01	8.058397389500662755e-02	-9.389246223296163207e-02	7.158951688115089418e-02	-2.597231236195396420e-01	1.792268989288552383e-01	-1.107617264027958986e-01	9.058760661286044402e-02	-7.050761617822072502e-02	2.845213473683033123e-01	-1.983327484867785651e-01	1.680156962688680033e-01	-8.989126954326762120e-02	1.112524007471227400e-01	-7.112711101620086129e-01	2.597267409219747303e-01	-1.958428010296685839e-01	7.451231846187959806e-02	-1.009003392814035033e-01	9.999999999999958922e-01	-2.842381305633140953e-01	1.730825084705642225e-01	-7.559642804118514581e-02	1.016284045425612931e-01	-2.721809047361996026e-01	1.983802545331405653e-01	-1.954860706214769095e-01	1.655042171440471443e-01	-1.388650141530555215e-01	2.144689291654162666e-01	-1.662926800633920399e-01	1.418359985233460518e-01	-1.319659135698904862e-01	1.077970895552127495e-01
-5.638933451082272369e-02	6.589292718272697635e-02	-7.745259810777424536e-02	8.875568766336626447e-02	-6.974390229955738929e-02	1.461739527135451910e-01	-1.487930438399010236e-01	1.052514043843508912e-01	-9.035078342283286990e-02	6.848032836250242394e-02	-1.785646862772158061e-01	1.739576359168025499e-01	-1.879689682385076444e-01	9.075097494895913164e-02	-1.119018373139485101e-01	2.004373748288821311e-01	-5.605504086433705790e-01	2.851728071451813951e-01	-1.018758574510753301e-01	1.026755857022259855e-01	-2.842381305633140953e-01	9.999999999999934497e-01	-4.572492434780688897e-01	1.008219566334948025e-01	-1.073968262463870921e-01	1.862409239137709782e-01	-4.744542068722366612e-01	2.846791750193861104e-01	-2.148920461884368249e-01	1.488017531957111506e-01	-2.069314345597293714e-01	2.154180670958786847e-01	-1.981805899589591524e-01	1.510812119260648845e-01	-1.229657753883359878e-01
5.048283052525202180e-02	-5.928206600434567791e-02	8.095137446187021524e-02	-9.405554814363144278e-02	7.218139641245038818e-02	-1.274171532249547545e-01	1.371846082486885832e-01	-1.138510288635580237e-01	9.473847287694199537e-02	-7.184210161578323539e-02	1.432356342378010849e-01	-1.726762516447493678e-01	2.074080082037590422e-01	-9.861849921320618717e-02	1.154266457730170059e-01	-1.423520255709974924e-01	2.948831369767769273e-01	-6.283693294945653651e-01	1.427407913781034154e-01	-1.093005618282248959e-01	1.730825084705642225e-01	-4.572492434780688897e-01	9.999999999999944489e-01	-1.576781973990424024e-01	1.129669464122224076e-01	-1.341074378310898596e-01	2.501320120027100136e-01	-4.501404825655965780e-01	2.184833885711474077e-01	-1.516417975020663278e-01	1.481532928948293415e-01	-1.817734701864144875e-01	1.686631497897772280e-01	-1.473499822608886067e-01	1.182326583612355597e-01
-2.603994860880930184e-02	3.030256790574729908e-02	-5.276626978791510575e-02	6.643079944062450781e-02	-5.431488135160840447e-02	6.270446879953935071e-02	-7.321581777137518843e-02	7.023722727755053741e-02	-8.025941540999637080e-02	5.689564900529441027e-02	-7.113074680887543355e-02	8.452264653374669257e-02	-1.112079798574363704e-01	9.186568406116606134e-02	-1.024227867582736123e-01	6.047102540196027526e-02	-1.214768624539882408e-01	1.612592276136311509e-01	-9.350769123329397692e-01	1.318425644542041975e-01	-7.559642804118514581e-02	1.008219566334948025e-01	-1.576781973990424024e-01	9.999999999999988898e-01	-1.754964192728055705e-01	5.242190735720298617e-02	-8.587094127764539897e-02	1.088570315872705030e-01	-1.255398503739100780e-01	1.047568227217895304e-01	-6.248329922818430388e-02	7.297436957658987033e-02	-7.474945043787664667e-02	7.840162141026874032e-02	-7.359577820415416638e-02
4.165799649179691144e-02	-4.864749900201651572e-02	9.799120988563890522e-02	-1.379637693221532624e-01	1.099636324326171977e-01	-9.723705213146772997e-02	1.151425776970812637e-01	-1.326928794519005306e-01	1.387420333451341026e-01	-1.255461354480495451e-01	1.059672902726119942e-01	-1.273642492660398140e-01	1.529296623893111329e-01	-1.630540583429489487e-01	2.325060422524286297e-01	-8.023409657678934326e-02	1.304089796106987775e-01	-1.300741946688795114e-01	1.463484689089901980e-01	-7.791079420352011731e-01	1.016284045425612931e-01	-1.073968262463870921e-01	1.129669464122224076e-01	-1.754964192728055705e-01	9.999999999999960032e-01	-6.942383349991849972e-02	1.061936295257352447e-01	-1.284871862519384733e-01	1.875485398027275930e-01	-3.604755745524684252e-01	8.465456357791004138e-02	-1.055642183834943765e-01	1.152760393796797289e-01	-1.482270743417713199e-01	1.772982897509235434e-01
-4.048948121236870673e-02	4.790727417492070261e-02	-4.824102640461773450e-02	5.635911038941417844e-02	-4.408369689473891351e-02	1.089945643157202437e-01	-9.591198955638516321e-02	6.547051596076416957e-02	-5.612347851696909001e-02	4.341047811366186698e-02	-1.292723505100830950e-01	1.053030820763296432e-01	-1.044020351336639313e-01	5.583388441550161257e-02	-7.054212473325044419e-02	1.625463843776617789e-01	-1.658132837938871840e-01	1.299151887926520421e-01	-5.204067515579861858e-02	6.731542815446138472e-02	-2.721809047361996026e-01	1.862409239137709782e-01	-1.341074378310898596e-01	5.242190735720298617e-02	-6.942383349991849972e-02	9.999999999999974465e-01	-3.519384445533357830e-01	1.878008234534869481e-01	-1.404643833200654168e-01	1.048878819653004529e-01	-8.368541263798799923e-01	1.810559856283671110e-01	-1.429412949936169908e-01	1.100359762636030636e-01	-8.594843799148677022e-02
4.943550847417405025e-02	-5.817495233181869951e-02	6.926405916624729653e-02	-8.132645327183303519e-02	6.386851988469122166e-02	-1.273855651190259342e-01	1.271636644421348106e-01	-9.425986923912678395e-02	8.176829514429857781e-02	-6.316674621470849682e-02	1.457302162234386522e-01	-1.456480457878349399e-01	1.546389434207733615e-01	-8.215825694819411940e-02	1.034602560350349476e-01	-1.556730476183585121e-01	2.580929633407518242e-01	-2.232953755933856643e-01	8.440924676894023815e-02	-1.025410136637796288e-01	1.983802545331405653e-01	-4.744542068722366612e-01	2.501320120027100136e-01	-8.587094127764539897e-02	1.061936295257352447e-01	-3.519384445533357830e-01	9.999999999999970024e-01	-4.911177005528143402e-01	2.379045015713985578e-01	-1.707816820456953544e-01	2.561541694826275917e-01	-4.461521250673619043e-01	2.556774529046678124e-01	-1.890235512020783937e-01	1.400146854907499683e-01
-5.271628687905829252e-02	6.129424057418879357e-02	-8.042952822770968457e-02	9.296763976976657462e-02	-7.458147978415126389e-02	1.320331673455074351e-01	-1.431959881417703695e-01	1.076414370343249244e-01	-9.623820475579364375e-02	7.325664645471631486e-02	-1.584072612703394667e-01	1.585021775405474620e-01	-1.893643557980286551e-01	9.626829082261602333e-02	-1.226958219128599925e-01	1.481144678741689868e-01	-2.853552353183373413e-01	2.596307965368712667e-01	-1.102728225660435241e-01	1.197644961080113757e-01	-1.954860706214769095e-01	2.846791750193861104e-01	-4.501404825655965780e-01	1.088570315872705030e-01	-1.284871862519384733e-01	1.878008234534869481e-01	-4.911177005528143402e-01	9.999999999999971134e-01	-4.817073923675216363e-01	2.043925768500846063e-01	-2.248075758962842507e-01	2.568956000707514065e-01	-2.978692028314882667e-01	2.161211046509365075e-01	-1.712190231363900916e-01
5.514477336092707405e-02	-6.449184714006740704e-02	9.025768606021868090e-02	-1.105426310996259903e-01	8.784181890574607743e-02	-1.355404171322626139e-01	1.482427685186386013e-01	-1.218541778236134909e-01	1.112571606018828430e-01	-8.863619701346098223e-02	1.535718176575876781e-01	-1.624397553835035257e-01	1.815070137681705220e-01	-1.133046787415536993e-01	1.488064962227985399e-01	-1.309779824907063295e-01	2.178759588184890905e-01	-2.243181309221689568e-01	1.163563349261004104e-01	-1.826126387476126045e-01	1.655042171440471443e-01	-2.148920461884368249e-01	2.184833885711474077e-01	-1.255398503739100780e-01	1.875485398027275930e-01	-1.404643833200654168e-01	2.379045015713985578e-01	-4.817073923675216363e-01	9.999999999999978906e-01	-4.597607162458451913e-01	1.606298699467742785e-01	-2.608480795351995063e-01	2.532993654067660638e-01	-4.507206555453870389e-01	2.795671524282551945e-01
-4.663547324111345926e-02	5.369294997227445215e-02	-8.521639514573529917e-02	1.041222888808371327e-01	-8.930129110735457454e-02	1.114812087820334502e-01	-1.317556100581596112e-01	1.100113520267095857e-01	-1.126907353856015509e-01	8.908270499226833561e-02	-1.338238257158408384e-01	1.342470575569055802e-01	-1.627339523212465444e-01	1.129042282794320284e-01	-1.675342205066573387e-01	1.057775231813619377e-01	-1.774941846102083554e-01	1.529313586825964688e-01	-1.062730081683259109e-01	2.191965137376541140e-01	-1.388650141530555215e-01	1.488017531957111506e-01	-1.516417975020663278e-01	1.047568227217895304e-01	-3.604755745524684252e-01	1.048878819653004529e-01	-1.707816820456953544e-01	2.043925768500846063e-01	-4.597607162458451913e-01	9.999999999999976685e-01	-1.310313100034323497e-01	1.745042094981887337e-01	-2.191525767291770954e-01	2.985112212703222578e-01	-6.195325245380483015e-01
4.849508139657349171e-02	-5.793941075551413411e-02	5.831105104206259909e-02	-6.887462997320006886e-02	5.349206618596197282e-02	-1.306265545381446458e-01	1.131590009462628138e-01	-7.960286544985660517e-02	6.785392545225583938e-02	-5.289970977544310171e-02	1.406132109064367752e-01	-1.263052412067662278e-01	1.230527471515395765e-01	-6.766760467577108418e-02	8.538906672783741492e-02	-1.780467450744985802e-01	1.764039583980707426e-01	-1.540262253681077831e-01	6.138930763489294784e-02	-8.309756743107096777e-02	2.144689291654162666e-01	-2.069314345597293714e-01	1.481532928948293415e-01	-6.248329922818430388e-02	8.465456357791004138e-02	-8.368541263798799923e-01	2.561541694826275917e-01	-2.248075758962842507e-01	1.606298699467742785e-01	-1.310313100034323497e-01	9.999999999999975575e-01	-2.283873943971079234e-01	1.599101002292034335e-01	-1.366634749844015673e-01	1.036176027618263135e-01
-4.340759611285058273e-02	5.048238716538659687e-02	-6.307420260166414494e-02	7.362803419758406909e-02	-5.944512489551002227e-02	1.092851238961490834e-01	-1.156887181697444644e-01	8.397965240594146286e-02	-7.581336078858263994e-02	5.832004747671562517e-02	-1.323774238087745136e-01	1.240357829267743489e-01	-1.377738913314464075e-01	7.513435700265011508e-02	-9.826085375877231798e-02	1.237282433178379937e-01	-2.155227142089363168e-01	1.649699413102425627e-01	-7.351602107207574899e-02	9.778521320340594070e-02	-1.662926800633920399e-01	2.154180670958786847e-01	-1.817734701864144875e-01	7.297436957658987033e-02	-1.055642183834943765e-01	1.810559856283671110e-01	-4.461521250673619043e-01	2.568956000707514065e-01	-2.608480795351995063e-01	1.745042094981887337e-01	-2.283873943971079234e-01	9.999999999999975575e-01	-7.148898390434508254e-01	2.375878973141258566e-01	-1.881653197254354870e-01
4.258696882327743516e-02	-4.984628279245310878e-02	6.434075394073607290e-02	-7.683318937186875419e-02	6.128550997805788658e-02	-1.065706377313831443e-01	1.126781171415282695e-01	-8.654510046323121708e-02	7.778924710480872307e-02	-6.086631830189119519e-02	1.224115245051793643e-01	-1.234235611570166924e-01	1.350139172499990048e-01	-7.791987176747888766e-02	1.017563295478449148e-01	-1.112603971229540467e-01	1.828862922867051655e-01	-1.666844458167825171e-01	7.377156459050093762e-02	-1.100647496748353577e-01	1.418359985233460518e-01	-1.981805899589591524e-01	1.686631497897772280e-01	-7.474945043787664667e-02	1.152760393796797289e-01	-1.429412949936169908e-01	2.556774529046678124e-01	-2.978692028314882667e-01	2.532993654067660638e-01	-2.191525767291770954e-01	1.599101002292034335e-01	-7.148898390434508254e-01	9.999999999999973355e-01	-4.286154690067482953e-01	2.144154899468449227e-01
-4.086999853382725784e-02	4.725404881358773873e-02	-6.649148387843444030e-02	7.934263450830525422e-02	-6.573512296859421178e-02	9.979016495187709168e-02	-1.127602587456494193e-01	8.725446839835200585e-02	-8.322184087815789888e-02	6.491803238315169144e-02	-1.202220439044422995e-01	1.169288452157115354e-01	-1.356464473583313401e-01	8.265248936600408380e-02	-1.138860355587190953e-01	1.002399779548006353e-01	-1.701519531888371073e-01	1.435904233269611474e-01	-7.888180258803956235e-02	1.279842604429515251e-01	-1.319659135698904862e-01	1.510812119260648845e-01	-1.473499822608886067e-01	7.840162141026874032e-02	-1.482270743417713199e-01	1.100359762636030636e-01	-1.890235512020783937e-01	2.161211046509365075e-01	-4.507206555453870389e-01	2.985112212703222578e-01	-1.366634749844015673e-01	2.375878973141258566e-01	-4.286154690067482953e-01	9.999999999999970024e-01	-6.333144191894665154e-01
3.665477638199537286e-02	-4.259423384244539340e-02	6.403773190524286729e-02	-7.981963146940192211e-02	6.488276612305274305e-02	-8.868386766401850640e-02	1.004461527237361096e-01	-8.510271553433539082e-02	8.166020863848089117e-02	-6.613309561437159811e-02	1.028742752968178908e-01	-1.057813000641248669e-01	1.215225723659118240e-01	-8.364123191986873318e-02	1.153619491988986806e-01	-8.348043631930018860e-02	1.367821909622471965e-01	-1.227317979818228905e-01	7.260342036375455610e-02	-1.648825646236775078e-01	1.077970895552127495e-01	-1.229657753883359878e-01	1.182326583612355597e-01	-7.359577820415416638e-02	1.772982897509235434e-01	-8.594843799148677022e-02	1.400146854907499683e-01	-1.712190231363900916e-01	2.795671524282551945e-01	-6.195325245380483015e-01	1.036176027618263135e-01	-1.881653197254354870e-01	2.144154899468449227e-01	-6.333144191894665154e-01	9.999999999999970024e-01
