1.000000000000000000e+00	-1.034043225678179245e-01	6.403883799817933209e-02	-3.575301351786067117e-02	3.701795663519721891e-02	-9.535748119390906608e-01	1.590034511296725683e-01	-1.119347636432368592e-01	4.985512119657497382e-02	-4.846866282076814358e-02	1.377478471742088761e-01	-1.255080046358862667e-01	8.507018937186663909e-02	-5.671671111708653096e-02	6.038622636630406465e-02	-1.322713733061392782e-01	8.761767041152614122e-02	-6.826294638799794423e-02	5.592900787202684243e-02	-3.467640685627182418e-02	6.364278028383490993e-02	-9.034004261302508443e-02	6.415530979022129876e-02	-5.183089428642068119e-02	3.334137311340360649e-02	-4.407410210634397918e-02	3.579250864360872253e-02	-3.816233835754000853e-02	2.247106341513964087e-02	-2.493095581186761597e-02	6.258120912018777515e-02	-2.784914164387096436e-02	2.878435900947467346e-02	-2.104762654883261808e-02	2.365717929616403814e-02
-1.034043225678179245e-01	1.000000000000000000e+00	-7.316516422209411452e-01	1.834249746778921220e-01	-2.147582384648910048e-01	8.968012166201815016e-02	-3.901014181213348087e-01	3.212147037024304375e-01	-1.664369282081934465e-01	1.431275650516265763e-01	-1.404336207931685399e-01	1.602926223945395634e-01	-2.412330397686315575e-01	1.547789252148243644e-01	-1.873085302521024509e-01	1.367961236545119641e-01	-1.366858702026183814e-01	1.437859569281395022e-01	-1.338198555806179579e-01	7.709441873206626661e-02	-1.161230492434754819e-01	1.425850552015999473e-01	-1.391513411111837129e-01	1.108788437735850896e-01	-7.710009090940761478e-02	7.823033872276621836e-02	-6.775889318291862529e-02	7.165923534301002484e-02	-4.349784621138975266e-02	4.722447875530592920e-02	-1.190754790709013244e-01	5.224822316330447747e-02	-5.613914017475181428e-02	4.028127046403722628e-02	-4.614174478588075473e-02
6.403883799817933209e-02	-7.316516422209411452e-01	9.999999999999997780e-01	-2.334258256703534429e-01	1.890893184788633441e-01	-5.797843627857306864e-02	2.383201777403580468e-01	-5.421248398376840028e-01	1.391889023231197842e-01	-1.207150445569074720e-01	9.191950060665336764e-02	-1.098270078620585122e-01	1.686808216314825415e-01	-1.222642468124486015e-01	1.327988958600229696e-01	-9.437049174132870755e-02	9.198504710826102548e-02	-1.035466980580341118e-01	9.320184049895940959e-02	-5.455289478139802029e-02	7.733276652574119781e-02	-9.970244752130257015e-02	9.451608923618265434e-02	-7.865299371338953238e-02	5.334576129970379499e-02	-5.280050318764081818e-02	4.611760684677621014e-02	-4.928130180485246203e-02	2.976975611061493526e-02	-3.251697471662264027e-02	7.881203896552070598e-02	-3.570964907733334415e-02	3.802668189902268930e-02	-2.751566348567140857e-02	3.131274597616370142e-02
-3.575301351786067117e-02	1.834249746778921220e-01	-2.334258256703534429e-01	9.999999999999995559e-01	-9.041275819695699933e-01	3.234312691645927634e-02	-1.233850147350202681e-01	1.681585034563348180e-01	-2.300817309451806125e-01	1.744307614113213833e-01	-5.751409248410747216e-02	6.810530536250131162e-02	-1.154119388483895309e-01	1.377478232260333502e-01	-1.451920795935317809e-01	6.283840596491289954e-02	-6.107576640861412526e-02	7.666304137930855800e-02	-7.588935774403966772e-02	4.535280394747388116e-02	-5.381712296606821350e-02	7.046654871875321358e-02	-6.930578575342734304e-02	6.319680969554163086e-02	-4.316873147054529902e-02	3.715956044161074223e-02	-3.307469889857208439e-02	3.580249752365852883e-02	-2.172095502962606908e-02	2.381271290457233694e-02	-5.521349306955296993e-02	2.574490610144643254e-02	-2.732130591649038764e-02	1.995069236853205460e-02	-2.260701091460870157e-02
3.701795663519721891e-02	-2.147582384648910048e-01	1.890893184788633441e-01	-9.041275819695699933e-01	9.999999999999993339e-01	-3.382255616560326389e-02	1.249339440045651867e-01	-1.861481347484194859e-01	1.917488316596742404e-01	-2.117717594926930291e-01	6.010521451198284903e-02	-7.201617650709876695e-02	1.170899205547036720e-01	-1.480289320254632723e-01	1.458834134619028666e-01	-6.715339297586583878e-02	6.424717213119339465e-02	-8.114991442462214655e-02	7.879176624542826024e-02	-4.805146260740281866e-02	5.679175273598172785e-02	-7.551535564197227324e-02	7.226014230852682851e-02	-6.729260780022329469e-02	4.515923644277178989e-02	-3.945221109465636700e-02	3.493178046682998000e-02	-3.796986012889605466e-02	2.297388192740107069e-02	-2.527716983335252798e-02	5.836712429728142804e-02	-2.727727266468306030e-02	2.880010363729140765e-02	-2.112179116260197442e-02	2.386256419719897520e-02
-9.535748119390906608e-01	8.968012166201815016e-02	-5.797843627857306864e-02	3.234312691645927634e-02	-3.382255616560326389e-02	9.999999999999993339e-01	-1.842317127794647624e-01	9.969748721034797645e-02	-4.573368481050849033e-02	4.397612218906932907e-02	-1.581060741173257733e-01	1.203502062692742985e-01	-8.008700481767479229e-02	5.190050181852063488e-02	-5.593480709319224170e-02	1.201907168709441392e-01	-8.369151622170738214e-02	6.270084090737110261e-02	-5.182814564536909752e-02	3.167391254638203535e-02	-5.877370499056201042e-02	8.177148014324900349e-02	-5.959822069997679911e-02	4.742660912276656232e-02	-3.075269586194141758e-02	4.022453969748693986e-02	-3.277398876004838230e-02	3.473940809462452983e-02	-2.050812409158297642e-02	2.264808942512801931e-02	-5.757344219918179851e-02	2.538226326945372882e-02	-2.638618948660731781e-02	1.918291437119783172e-02	-2.163828710750343581e-02
1.590034511296725683e-01	-3.901014181213348087e-01	2.383201777403580468e-01	-1.233850147350202681e-01	1.249339440045651867e-01	-1.842317127794647624e-01	9.999999999999992228e-01	-5.034767971240468043e-01	1.641639081594738481e-01	-1.582880872481818579e-01	2.450880207082158369e-01	-4.456060329586674640e-01	2.576965441973616544e-01	-1.795457911864097589e-01	1.849210797754930469e-01	-2.764923479003671969e-01	2.354392534903978207e-01	-2.031199943934467178e-01	1.642693152415765634e-01	-1.026567598292203037e-01	1.717256939919150904e-01	-2.610350228962226016e-01	1.847424880789105273e-01	-1.530328362676736664e-01	9.751023772413369706e-02	-1.212484782198539335e-01	1.020218084629553185e-01	-1.100434489114274356e-01	6.461498478580185445e-02	-7.202793983561477098e-02	1.676617595481494916e-01	-7.966039251573155122e-02	8.186302019442688593e-02	-6.030091453057430384e-02	6.735574696412981177e-02
-1.119347636432368592e-01	3.212147037024304375e-01	-5.421248398376840028e-01	1.681585034563348180e-01	-1.861481347484194859e-01	9.969748721034797645e-02	-5.034767971240468043e-01	9.999999999999987788e-01	-2.484024692367704235e-01	1.831480139781807293e-01	-1.682101218692254319e-01	1.983501448273982393e-01	-3.520494411626314268e-01	2.036489574684212933e-01	-2.280801514957468412e-01	1.663244677057618137e-01	-1.670999998512964491e-01	1.874149779740129640e-01	-1.681544614344374355e-01	9.524432239367199016e-02	-1.366680887002791056e-01	1.750393482440539550e-01	-1.715806210320134917e-01	1.384913326256882460e-01	-9.447567912126186851e-02	9.279360980246005586e-02	-8.196234877437899580e-02	8.720578609680014470e-02	-5.275680875069684028e-02	5.739142892480816882e-02	-1.384431493340459729e-01	6.316469493655539613e-02	-6.761525415017524687e-02	4.868753925697626161e-02	-5.555412030509733479e-02
4.985512119657497382e-02	-1.664369282081934465e-01	1.391889023231197842e-01	-2.300817309451806125e-01	1.917488316596742404e-01	-4.573368481050849033e-02	1.641639081594738481e-01	-2.484024692367704235e-01	9.999999999999994449e-01	-6.532255876979893294e-01	9.149671779649487524e-02	-1.116071915110180834e-01	2.112838727245101578e-01	-5.475361912992837699e-01	3.221777688109402349e-01	-1.072952866595100474e-01	1.041676467062927769e-01	-1.539877924446415303e-01	1.650350185608421005e-01	-9.621952097714034369e-02	9.003702735940057045e-02	-1.269848958330057898e-01	1.292848303243065156e-01	-1.362458205941479705e-01	8.758565923295219546e-02	-6.326145623193735190e-02	5.876161616056627124e-02	-6.502955793336176460e-02	3.944153785708067600e-02	-4.347447998353039245e-02	9.074483539090218154e-02	-4.590206561995494039e-02	4.826336248168191373e-02	-3.573566890384111128e-02	4.008092499193689068e-02
-4.846866282076814358e-02	1.431275650516265763e-01	-1.207150445569074720e-01	1.744307614113213833e-01	-2.117717594926930291e-01	4.397612218906932907e-02	-1.582880872481818579e-01	1.831480139781807293e-01	-6.532255876979893294e-01	9.999999999999995559e-01	-8.778236678106701718e-02	1.040701196087758934e-01	-2.031109300452059452e-01	3.088084454079501606e-01	-6.061768376258850344e-01	1.003674139565219892e-01	-9.881327769907724545e-02	1.382593402609910704e-01	-1.523900151097145328e-01	9.903543589230154320e-02	-8.840333426379461124e-02	1.181443712819099934e-01	-1.241564961190480404e-01	1.215729638944943597e-01	-9.366576127471161473e-02	6.145950930399159129e-02	-5.669789106307254051e-02	6.213761289256645309e-02	-3.808126519132619403e-02	4.179601240894148528e-02	-9.030385402450345766e-02	4.424171717464042697e-02	-4.697396378674188744e-02	3.457602868594739781e-02	-3.907833023965336106e-02
1.377478471742088761e-01	-1.404336207931685399e-01	9.191950060665336764e-02	-5.751409248410747216e-02	6.010521451198284903e-02	-1.581060741173257733e-01	2.450880207082158369e-01	-1.682101218692254319e-01	9.149671779649487524e-02	-8.778236678106701718e-02	9.999999999999990008e-01	-5.949347796562618473e-01	1.865398380425664082e-01	-1.115001152943754376e-01	1.168725904196229598e-01	-6.543013526880490094e-01	2.863660098936904874e-01	-1.599973519627454488e-01	1.228932717004775077e-01	-7.228709938572046301e-02	1.524860300931206725e-01	-2.334235336257167170e-01	1.503341682722516282e-01	-1.143030860728258824e-01	7.035071028443809493e-02	-1.022779650793241984e-01	8.260617994717513179e-02	-8.619837041428085600e-02	4.977149171004194295e-02	-5.475417081928832946e-02	1.297040536755402207e-01	-6.245999258058810427e-02	6.421247059840956561e-02	-4.621213141829220994e-02	5.179761660073811669e-02
-1.255080046358862667e-01	1.602926223945395634e-01	-1.098270078620585122e-01	6.810530536250131162e-02	-7.201617650709876695e-02	1.203502062692742985e-01	-4.456060329586674640e-01	1.983501448273982393e-01	-1.116071915110180834e-01	1.040701196087758934e-01	-5.949347796562618473e-01	9.999999999999992228e-01	-2.643574532643102049e-01	1.349798644020931415e-01	-1.433168024152959019e-01	3.205036661535316522e-01	-4.622540481269181711e-01	1.908215009230387060e-01	-1.501839048407917210e-01	8.388451228500790058e-02	-1.673375292804205328e-01	2.505097934496904877e-01	-1.837426279571507393e-01	1.330023172139724319e-01	-8.325634215282547157e-02	1.077029400185345598e-01	-9.376632377215367298e-02	9.594700949015062819e-02	-5.601309936758233632e-02	6.080962950637592429e-02	-1.464225819675289975e-01	6.952904764341291677e-02	-7.287934606407645011e-02	5.171549014307863512e-02	-5.855422051789239968e-02
8.507018937186663909e-02	-2.412330397686315575e-01	1.686808216314825415e-01	-1.154119388483895309e-01	1.170899205547036720e-01	-8.008700481767479229e-02	2.576965441973616544e-01	-3.520494411626314268e-01	2.112838727245101578e-01	-2.031109300452059452e-01	1.865398380425664082e-01	-2.643574532643102049e-01	9.999999999999997780e-01	-3.776403285830614576e-01	2.438010859460034707e-01	-2.332030834433966027e-01	2.273985948354270981e-01	-5.557159250189558364e-01	2.648979505720051586e-01	-1.476180045933771778e-01	1.687996389165361544e-01	-2.742901541536824639e-01	2.646648884144892078e-01	-2.403786697573151998e-01	1.344400220495879650e-01	-1.207352246538084678e-01	1.148268081252647455e-01	-1.290190688295639876e-01	7.554069325562637327e-02	-8.384727981862305501e-02	1.628320416576959084e-01	-8.939944416138134731e-02	9.219331944912630139e-02	-6.850018116054236439e-02	7.577274391590842206e-02
-5.671671111708653096e-02	1.547789252148243644e-01	-1.222642468124486015e-01	1.377478232260333502e-01	-1.480289320254632723e-01	5.190050181852063488e-02	-1.795457911864097589e-01	2.036489574684212933e-01	-5.475361912992837699e-01	3.088084454079501606e-01	-1.115001152943754376e-01	1.349798644020931415e-01	-3.776403285830614576e-01	9.999999999999997780e-01	-5.516761397742214745e-01	1.299375190213122866e-01	-1.330152693171680334e-01	2.199687520596862178e-01	-3.156722144355240678e-01	1.312846431923441470e-01	-1.111416544218324642e-01	1.589022990182428485e-01	-1.852590705285227235e-01	1.927736922538502984e-01	-1.247447734983281181e-01	7.752048688271662158e-02	-7.503027627682737344e-02	8.287826338935493087e-02	-5.054474423957274615e-02	5.509526578565281801e-02	-1.105834049399259666e-01	5.777469612711015612e-02	-6.137417630447454531e-02	4.510840338495557267e-02	-5.076607340834279197e-02
6.038622636630406465e-02	-1.873085302521024509e-01	1.327988958600229696e-01	-1.451920795935317809e-01	1.458834134619028666e-01	-5.593480709319224170e-02	1.849210797754930469e-01	-2.280801514957468412e-01	3.221777688109402349e-01	-6.061768376258850344e-01	1.168725904196229598e-01	-1.433168024152959019e-01	2.438010859460034707e-01	-5.516761397742214745e-01	9.999999999999997780e-01	-1.444830751601531849e-01	1.355703437082457496e-01	-1.961095216747812120e-01	2.033215284662461542e-01	-1.641636569621589270e-01	1.226769931449082085e-01	-1.734987377798913599e-01	1.672994309699752380e-01	-1.824217114808339701e-01	1.347748770049720657e-01	-8.731319828706257669e-02	8.009401522281008046e-02	-8.957727480085621308e-02	5.448914582040319948e-02	-6.070860439939888137e-02	1.250687474472705896e-01	-6.336631428792457998e-02	6.597591745831439536e-02	-4.952978792403835151e-02	5.525556700597696047e-02
-1.322713733061392782e-01	1.367961236545119641e-01	-9.437049174132870755e-02	6.283840596491289954e-02	-6.715339297586583878e-02	1.201907168709441392e-01	-2.764923479003671969e-01	1.663244677057618137e-01	-1.072952866595100474e-01	1.003674139565219892e-01	-6.543013526880490094e-01	3.205036661535316522e-01	-2.332030834433966027e-01	1.299375190213122866e-01	-1.444830751601531849e-01	9.999999999999995559e-01	-4.930737467651423733e-01	1.883432932924850589e-01	-1.547849322483254020e-01	8.611774102303432210e-02	-2.253121953776649478e-01	2.626191971020069849e-01	-1.944490862856686764e-01	1.364010689704093504e-01	-8.682698042301834063e-02	1.324973571504434455e-01	-1.039935068465816792e-01	1.042716707776972646e-01	-6.096036538061648524e-02	6.581488360537532389e-02	-1.745165312826583159e-01	7.657717154433199558e-02	-8.066621142987542847e-02	5.661658251585391377e-02	-6.453436473314042021e-02
8.761767041152614122e-02	-1.366858702026183814e-01	9.198504710826102548e-02	-6.107576640861412526e-02	6.424717213119339465e-02	-8.369151622170738214e-02	2.354392534903978207e-01	-1.670999998512964491e-01	1.041676467062927769e-01	-9.881327769907724545e-02	2.863660098936904874e-01	-4.622540481269181711e-01	2.273985948354270981e-01	-1.330152693171680334e-01	1.355703437082457496e-01	-4.930737467651423733e-01	1.000000000000000222e+00	-2.798247945420246907e-01	1.708876581609614087e-01	-9.300504848120870471e-02	1.893953859891862324e-01	-5.668479779463543311e-01	2.291881341143967854e-01	-1.632049735345970087e-01	9.085080153510052825e-02	-1.260214436988772446e-01	1.185647952433328683e-01	-1.198258521414035244e-01	6.515204092816354042e-02	-7.065498534179992518e-02	1.508793551969319080e-01	-8.456172051545250701e-02	8.437022741607555498e-02	-5.908831751369150731e-02	6.544769610566732176e-02
-6.826294638799794423e-02	1.437859569281395022e-01	-1.035466980580341118e-01	7.666304137930855800e-02	-8.114991442462214655e-02	6.270084090737110261e-02	-2.031199943934467178e-01	1.874149779740129640e-01	-1.539877924446415303e-01	1.382593402609910704e-01	-1.599973519627454488e-01	1.908215009230387060e-01	-5.557159250189558364e-01	2.199687520596862178e-01	-1.961095216747812120e-01	1.883432932924850589e-01	-2.798247945420246907e-01	1.000000000000000222e+00	-4.679694869828139314e-01	1.478737254484229491e-01	-1.516396755141826425e-01	2.556612485829961035e-01	-4.877847407994868045e-01	2.862646955027997042e-01	-1.474254740915794393e-01	1.038390376759767142e-01	-1.162862029898849431e-01	1.288514743734593682e-01	-7.414555927227203802e-02	7.750355530847929941e-02	-1.387855968679877205e-01	8.340873742700560811e-02	-9.032558140046861861e-02	6.352622602527760454e-02	-7.148551081701665089e-02
5.592900787202684243e-02	-1.338198555806179579e-01	9.320184049895940959e-02	-7.588935774403966772e-02	7.879176624542826024e-02	-5.182814564536909752e-02	1.642693152415765634e-01	-1.681544614344374355e-01	1.650350185608421005e-01	-1.523900151097145328e-01	1.228932717004775077e-01	-1.501839048407917210e-01	2.648979505720051586e-01	-3.156722144355240678e-01	2.033215284662461542e-01	-1.547849322483254020e-01	1.708876581609614087e-01	-4.679694869828139314e-01	9.999999999999998890e-01	-2.539037438907491562e-01	1.284945530681726178e-01	-2.231192573471316165e-01	3.038334707660807488e-01	-6.446912661745177742e-01	2.070978291767127111e-01	-9.151335428306088537e-02	9.986156923044772760e-02	-1.159733661046399994e-01	7.290886451968477122e-02	-7.797242370214396701e-02	1.210893839667007421e-01	-7.506773363237828622e-02	7.951338842461261325e-02	-5.982485514439304236e-02	6.599581012095440125e-02
-3.467640685627182418e-02	7.709441873206626661e-02	-5.455289478139802029e-02	4.535280394747388116e-02	-4.805146260740281866e-02	3.167391254638203535e-02	-1.026567598292203037e-01	9.524432239367199016e-02	-9.621952097714034369e-02	9.903543589230154320e-02	-7.228709938572046301e-02	8.388451228500790058e-02	-1.476180045933771778e-01	1.312846431923441470e-01	-1.641636569621589270e-01	8.611774102303432210e-02	-9.300504848120870471e-02	1.478737254484229491e-01	-2.539037438907491562e-01	9.999999999999994449e-01	-8.160481617589704362e-02	1.179917794387534552e-01	-1.706811558042473365e-01	2.185362624418198119e-01	-9.048846720633048069e-01	5.725271201753431849e-02	-6.441488210186288588e-02	7.204026376750058414e-02	-5.572998384298387398e-02	6.146464205899353911e-02	-8.030127253164620615e-02	4.923306920429377370e-02	-5.456881770947934196e-02	4.305223123638783622e-02	-5.059274265403071458e-02
6.364278028383490993e-02	-1.161230492434754819e-01	7.733276652574119781e-02	-5.381712296606821350e-02	5.679175273598172785e-02	-5.877370499056201042e-02	1.717256939919150904e-01	-1.366680887002791056e-01	9.003702735940057045e-02	-8.840333426379461124e-02	1.524860300931206725e-01	-1.673375292804205328e-01	1.687996389165361544e-01	-1.111416544218324642e-01	1.226769931449082085e-01	-2.253121953776649478e-01	1.893953859891862324e-01	-1.516396755141826425e-01	1.284945530681726178e-01	-8.160481617589704362e-02	1.000000000000000000e+00	-3.353799579077080262e-01	1.699764964663478817e-01	-1.277540404603047242e-01	7.923731052147328646e-02	-6.780343964264446965e-01	1.567367709725619729e-01	-1.548480585623829842e-01	8.183601218313590886e-02	-9.212803288287807479e-02	3.195956425998445760e-01	-1.188228312460102576e-01	1.097482423709977839e-01	-7.852140400884979887e-02	8.483290165255902293e-02
-9.034004261302508443e-02	1.425850552015999473e-01	-9.970244752130257015e-02	7.046654871875321358e-02	-7.551535564197227324e-02	8.177148014324900349e-02	-2.610350228962226016e-01	1.750393482440539550e-01	-1.269848958330057898e-01	1.181443712819099934e-01	-2.334235336257167170e-01	2.505097934496904877e-01	-2.742901541536824639e-01	1.589022990182428485e-01	-1.734987377798913599e-01	2.626191971020069849e-01	-5.668479779463543311e-01	2.556612485829961035e-01	-2.231192573471316165e-01	1.179917794387534552e-01	-3.353799579077080262e-01	9.999999999999993339e-01	-4.267753630120166841e-01	2.120839867151885494e-01	-1.218901094700639703e-01	1.835049291507442337e-01	-2.103407343254775075e-01	1.773728323481685576e-01	-9.479366910007774871e-02	9.930414896392114610e-02	-2.225044564273037651e-01	1.260411537805449789e-01	-1.286780903394201536e-01	8.470479632706034989e-02	-9.481660834838069596e-02
6.415530979022129876e-02	-1.391513411111837129e-01	9.451608923618265434e-02	-6.930578575342734304e-02	7.226014230852682851e-02	-5.959822069997679911e-02	1.847424880789105273e-01	-1.715806210320134917e-01	1.292848303243065156e-01	-1.241564961190480404e-01	1.503341682722516282e-01	-1.837426279571507393e-01	2.646648884144892078e-01	-1.852590705285227235e-01	1.672994309699752380e-01	-1.944490862856686764e-01	2.291881341143967854e-01	-4.877847407994868045e-01	3.038334707660807488e-01	-1.706811558042473365e-01	1.699764964663478817e-01	-4.267753630120166841e-01	9.999999999999996669e-01	-5.455907936282944348e-01	1.623534161799091990e-01	-1.227432546958565213e-01	1.589874418962191893e-01	-2.153571700294630020e-01	1.000415217101843640e-01	-1.036173512473037017e-01	1.497294246492117398e-01	-1.106319738534789210e-01	1.166130396277141879e-01	-8.158290112029399632e-02	8.896336664127606209e-02
-5.183089428642068119e-02	1.108788437735850896e-01	-7.865299371338953238e-02	6.319680969554163086e-02	-6.729260780022329469e-02	4.742660912276656232e-02	-1.530328362676736664e-01	1.384913326256882460e-01	-1.362458205941479705e-01	1.215729638944943597e-01	-1.143030860728258824e-01	1.330023172139724319e-01	-2.403786697573151998e-01	1.927736922538502984e-01	-1.824217114808339701e-01	1.364010689704093504e-01	-1.632049735345970087e-01	2.862646955027997042e-01	-6.446912661745177742e-01	2.185362624418198119e-01	-1.277540404603047242e-01	2.120839867151885494e-01	-5.455907936282944348e-01	1.000000000000000000e+00	-2.844492513555715307e-01	8.848592688073259049e-02	-1.093956474299072612e-01	1.250976424067238302e-01	-8.431261491231370475e-02	8.282111570151562407e-02	-1.182656466132388368e-01	7.778892109568115443e-02	-8.596575923066673841e-02	6.294473321267485266e-02	-7.027938608570717671e-02
3.334137311340360649e-02	-7.710009090940761478e-02	5.334576129970379499e-02	-4.316873147054529902e-02	4.515923644277178989e-02	-3.075269586194141758e-02	9.751023772413369706e-02	-9.447567912126186851e-02	8.758565923295219546e-02	-9.366576127471161473e-02	7.035071028443809493e-02	-8.325634215282547157e-02	1.344400220495879650e-01	-1.247447734983281181e-01	1.347748770049720657e-01	-8.682698042301834063e-02	9.085080153510052825e-02	-1.474254740915794393e-01	2.070978291767127111e-01	-9.048846720633048069e-01	7.923731052147328646e-02	-1.218901094700639703e-01	1.623534161799091990e-01	-2.844492513555715307e-01	9.999999999999981126e-01	-5.661168002172893565e-02	6.365290423537273146e-02	-7.318978153694245814e-02	5.686998069608990847e-02	-6.604129763933125341e-02	7.752547418760245834e-02	-4.921265611888724772e-02	5.351885844632506273e-02	-4.337309133638707348e-02	4.999512353989629676e-02
-4.407410210634397918e-02	7.823033872276621836e-02	-5.280050318764081818e-02	3.715956044161074223e-02	-3.945221109465636700e-02	4.022453969748693986e-02	-1.212484782198539335e-01	9.279360980246005586e-02	-6.326145623193735190e-02	6.145950930399159129e-02	-1.022779650793241984e-01	1.077029400185345598e-01	-1.207352246538084678e-01	7.752048688271662158e-02	-8.731319828706257669e-02	1.324973571504434455e-01	-1.260214436988772446e-01	1.038390376759767142e-01	-9.151335428306088537e-02	5.725271201753431849e-02	-6.780343964264446965e-01	1.835049291507442337e-01	-1.227432546958565213e-01	8.848592688073259049e-02	-5.661168002172893565e-02	9.999999999999990008e-01	-1.756606409393803581e-01	1.374574765793891151e-01	-7.049732662961671892e-02	7.687836977065445887e-02	-6.121978887994889984e-01	1.102930015327672625e-01	-1.015175679096680245e-01	6.680195980133148137e-02	-7.247778973615293108e-02
3.579250864360872253e-02	-6.775889318291862529e-02	4.611760684677621014e-02	-3.307469889857208439e-02	3.493178046682998000e-02	-3.277398876004838230e-02	1.020218084629553185e-01	-8.196234877437899580e-02	5.876161616056627124e-02	-5.669789106307254051e-02	8.260617994717513179e-02	-9.376632377215367298e-02	1.148268081252647455e-01	-7.503027627682737344e-02	8.009401522281008046e-02	-1.039935068465816792e-01	1.185647952433328683e-01	-1.162862029898849431e-01	9.986156923044772760e-02	-6.441488210186288588e-02	1.567367709725619729e-01	-2.103407343254775075e-01	1.589874418962191893e-01	-1.093956474299072612e-01	6.365290423537273146e-02	-1.756606409393803581e-01	9.999999999999988898e-01	-6.968593173949672037e-01	1.959839306229488598e-01	-2.095521800862037431e-01	1.529383060234519309e-01	-5.042717340252834690e-01	2.888495600393115592e-01	-1.698489701838324373e-01	1.647433972565551519e-01
-3.816233835754000853e-02	7.165923534301002484e-02	-4.928130180485246203e-02	3.580249752365852883e-02	-3.796986012889605466e-02	3.473940809462452983e-02	-1.100434489114274356e-01	8.720578609680014470e-02	-6.502955793336176460e-02	6.213761289256645309e-02	-8.619837041428085600e-02	9.594700949015062819e-02	-1.290190688295639876e-01	8.287826338935493087e-02	-8.957727480085621308e-02	1.042716707776972646e-01	-1.198258521414035244e-01	1.288514743734593682e-01	-1.159733661046399994e-01	7.204026376750058414e-02	-1.548480585623829842e-01	1.773728323481685576e-01	-2.153571700294630020e-01	1.250976424067238302e-01	-7.318978153694245814e-02	1.374574765793891151e-01	-6.968593173949672037e-01	9.999999999999982236e-01	-3.427559703661304802e-01	2.327743782598317435e-01	-1.551180277923732420e-01	2.861753205332177585e-01	-3.851879733739287381e-01	1.958048486071707062e-01	-2.182941506243423757e-01
2.247106341513964087e-02	-4.349784621138975266e-02	2.976975611061493526e-02	-2.172095502962606908e-02	2.297388192740107069e-02	-2.050812409158297642e-02	6.461498478580185445e-02	-5.275680875069684028e-02	3.944153785708067600e-02	-3.808126519132619403e-02	4.977149171004194295e-02	-5.601309936758233632e-02	7.554069325562637327e-02	-5.054474423957274615e-02	5.448914582040319948e-02	-6.096036538061648524e-02	6.515204092816354042e-02	-7.414555927227203802e-02	7.290886451968477122e-02	-5.572998384298387398e-02	8.183601218313590886e-02	-9.479366910007774871e-02	1.000415217101843640e-01	-8.431261491231370475e-02	5.686998069608990847e-02	-7.049732662961671892e-02	1.959839306229488598e-01	-3.427559703661304802e-01	9.999999999999981126e-01	-8.102754449887903387e-01	8.538741467049060230e-02	-1.658459796954366017e-01	1.911081777006299331e-01	-3.353559594801791555e-01	2.651586617068498186e-01
-2.493095581186761597e-02	4.722447875530592920e-02	-3.251697471662264027e-02	2.381271290457233694e-02	-2.527716983335252798e-02	2.264808942512801931e-02	-7.202793983561477098e-02	5.739142892480816882e-02	-4.347447998353039245e-02	4.179601240894148528e-02	-5.475417081928832946e-02	6.080962950637592429e-02	-8.384727981862305501e-02	5.509526578565281801e-02	-6.070860439939888137e-02	6.581488360537532389e-02	-7.065498534179992518e-02	7.750355530847929941e-02	-7.797242370214396701e-02	6.146464205899353911e-02	-9.212803288287807479e-02	9.930414896392114610e-02	-1.036173512473037017e-01	8.282111570151562407e-02	-6.604129763933125341e-02	7.687836977065445887e-02	-2.095521800862037431e-01	2.327743782598317435e-01	-8.102754449887903387e-01	9.999999999999986677e-01	-9.761017532129984131e-02	1.595993732215588157e-01	-2.106796062564992855e-01	2.639786315323691124e-01	-3.971004205347506422e-01
6.258120912018777515e-02	-1.190754790709013244e-01	7.881203896552070598e-02	-5.521349306955296993e-02	5.836712429728142804e-02	-5.757344219918179851e-02	1.676617595481494916e-01	-1.384431493340459729e-01	9.074483539090218154e-02	-9.030385402450345766e-02	1.297040536755402207e-01	-1.464225819675289975e-01	1.628320416576959084e-01	-1.105834049399259666e-01	1.250687474472705896e-01	-1.745165312826583159e-01	1.508793551969319080e-01	-1.387855968679877205e-01	1.210893839667007421e-01	-8.030127253164620615e-02	3.195956425998445760e-01	-2.225044564273037651e-01	1.497294246492117398e-01	-1.182656466132388368e-01	7.752547418760245834e-02	-6.121978887994889984e-01	1.529383060234519309e-01	-1.551180277923732420e-01	8.538741467049060230e-02	-9.761017532129984131e-02	9.999999999999977796e-01	-1.319052859317242643e-01	1.179557856791574599e-01	-8.524797286032828603e-02	9.197371570095741466e-02
-2.784914164387096436e-02	5.224822316330447747e-02	-3.570964907733334415e-02	2.574490610144643254e-02	-2.727727266468306030e-02	2.538226326945372882e-02	-7.966039251573155122e-02	6.316469493655539613e-02	-4.590206561995494039e-02	4.424171717464042697e-02	-6.245999258058810427e-02	6.952904764341291677e-02	-8.939944416138134731e-02	5.777469612711015612e-02	-6.336631428792457998e-02	7.657717154433199558e-02	-8.456172051545250701e-02	8.340873742700560811e-02	-7.506773363237828622e-02	4.923306920429377370e-02	-1.188228312460102576e-01	1.260411537805449789e-01	-1.106319738534789210e-01	7.778892109568115443e-02	-4.921265611888724772e-02	1.102930015327672625e-01	-5.042717340252834690e-01	2.861753205332177585e-01	-1.658459796954366017e-01	1.595993732215588157e-01	-1.319052859317242643e-01	9.999999999999983347e-01	-7.394832109665459008e-01	2.082013692679633432e-01	-2.297243207230235118e-01
2.878435900947467346e-02	-5.613914017475181428e-02	3.802668189902268930e-02	-2.732130591649038764e-02	2.880010363729140765e-02	-2.638618948660731781e-02	8.186302019442688593e-02	-6.761525415017524687e-02	4.826336248168191373e-02	-4.697396378674188744e-02	6.421247059840956561e-02	-7.287934606407645011e-02	9.219331944912630139e-02	-6.137417630447454531e-02	6.597591745831439536e-02	-8.066621142987542847e-02	8.437022741607555498e-02	-9.032558140046861861e-02	7.951338842461261325e-02	-5.456881770947934196e-02	1.097482423709977839e-01	-1.286780903394201536e-01	1.166130396277141879e-01	-8.596575923066673841e-02	5.351885844632506273e-02	-1.015175679096680245e-01	2.888495600393115592e-01	-3.851879733739287381e-01	1.911081777006299331e-01	-2.106796062564992855e-01	1.179557856791574599e-01	-7.394832109665459008e-01	9.999999999999982236e-01	-3.555529190567291997e-01	2.379951891658456109e-01
-2.104762654883261808e-02	4.028127046403722628e-02	-2.751566348567140857e-02	1.995069236853205460e-02	-2.112179116260197442e-02	1.918291437119783172e-02	-6.030091453057430384e-02	4.868753925697626161e-02	-3.573566890384111128e-02	3.457602868594739781e-02	-4.621213141829220994e-02	5.171549014307863512e-02	-6.850018116054236439e-02	4.510840338495557267e-02	-4.952978792403835151e-02	5.661658251585391377e-02	-5.908831751369150731e-02	6.352622602527760454e-02	-5.982485514439304236e-02	4.305223123638783622e-02	-7.852140400884979887e-02	8.470479632706034989e-02	-8.158290112029399632e-02	6.294473321267485266e-02	-4.337309133638707348e-02	6.680195980133148137e-02	-1.698489701838324373e-01	1.958048486071707062e-01	-3.353559594801791555e-01	2.639786315323691124e-01	-8.524797286032828603e-02	2.082013692679633432e-01	-3.555529190567291997e-01	9.999999999999982236e-01	-8.038543157641406811e-01
2.365717929616403814e-02	-4.614174478588075473e-02	3.131274597616370142e-02	-2.260701091460870157e-02	2.386256419719897520e-02	-2.163828710750343581e-02	6.735574696412981177e-02	-5.555412030509733479e-02	4.008092499193689068e-02	-3.907833023965336106e-02	5.179761660073811669e-02	-5.855422051789239968e-02	7.577274391590842206e-02	-5.076607340834279197e-02	5.525556700597696047e-02	-6.453436473314042021e-02	6.544769610566732176e-02	-7.148551081701665089e-02	6.599581012095440125e-02	-5.059274265403071458e-02	8.483290165255902293e-02	-9.481660834838069596e-02	8.896336664127606209e-02	-7.027938608570717671e-02	4.999512353989629676e-02	-7.247778973615293108e-02	1.647433972565551519e-01	-2.182941506243423757e-01	2.651586617068498186e-01	-3.971004205347506422e-01	9.197371570095741466e-02	-2.297243207230235118e-01	2.379951891658456109e-01	-8.038543157641406811e-01	9.999999999999982236e-01
