1.000000000000000000e+00	-3.901694510166962004e-01	2.247765372267689910e-01	-1.766023899868310876e-01	1.436957260151933147e-01	-7.306839235948274780e-01	3.020122060350572402e-01	-2.639303720314296053e-01	1.756973631155812343e-01	-1.081105335377413185e-01	2.248889192573994000e-01	-1.919261515753865333e-01	1.749541892230628282e-01	-1.657089966261866831e-01	1.210257779810759160e-01	-8.850826628824895459e-02	1.008619832275327866e-01	-1.370673096815671343e-01	1.500648883430767688e-01	-1.983448682331285517e-01	7.360120227446396990e-02	-1.020558100086808445e-01	1.400924176895821105e-01	-1.010476953601505967e-01	1.204765221984743784e-01	-7.239430974890402604e-02	7.416986032978091503e-02	-7.718230357781548368e-02	6.853783446325745210e-02	-5.756778133572566791e-02	6.171895909394962271e-02	-7.503413516454601750e-02	7.078609185612209920e-02	-6.281369386038584968e-02	6.268275698547143282e-02
-3.901694510166962004e-01	1.000000000000000444e+00	-5.273289709226776090e-01	1.802220900020689853e-01	-1.331053041161818495e-01	2.562339965798298147e-01	-6.620404962530382909e-01	2.738784354600381499e-01	-1.699523246448754465e-01	9.180782670335234374e-02	-1.408776353780245572e-01	1.191382753893663188e-01	-1.358967372123118522e-01	1.234803228688154952e-01	-9.892830480195895226e-02	5.881895782546678331e-02	-6.809492514338792712e-02	9.327367831969736456e-02	-1.113086486359220750e-01	1.460401386281316993e-01	-4.964377103142620512e-02	6.824504206601741951e-02	-9.860262226722127377e-02	7.238145402535843542e-02	-8.711879681843938406e-02	4.864415281748742104e-02	-5.047723676924593950e-02	5.299035448358976885e-02	-4.759716800307209339e-02	3.995198219233433296e-02	-4.188370263880712707e-02	5.074924074485571285e-02	-4.871975636654008596e-02	4.313008130614931490e-02	-4.345303809992978605e-02
2.247765372267689910e-01	-5.273289709226776090e-01	1.000000000000000222e+00	-3.677671138310801835e-01	1.917431723933564480e-01	-2.039418490441027576e-01	2.952838875657557982e-01	-6.074396257495142670e-01	2.568967382341269534e-01	-1.349344273924963089e-01	1.497668336094143959e-01	-1.347630786831049143e-01	1.792670209524331593e-01	-1.690272814158942372e-01	1.360501882224068038e-01	-7.304599290579559534e-02	8.427176853088592934e-02	-1.184321791266299828e-01	1.437479675092065146e-01	-2.011457580268829759e-01	6.178286742411414484e-02	-8.553308227479343440e-02	1.250451423164233578e-01	-9.351548412027059498e-02	1.120044595461792691e-01	-6.121031222450969145e-02	6.350610226123361290e-02	-6.710530339006715028e-02	6.044190940267295947e-02	-5.085414473336322821e-02	5.266627818333954880e-02	-6.403787917692617404e-02	6.164104866758604584e-02	-5.477465446527718385e-02	5.517617829766256754e-02
-1.766023899868310876e-01	1.802220900020689853e-01	-3.677671138310801835e-01	1.000000000000000444e+00	-5.192478378288560847e-01	1.460697156425630472e-01	-2.129872562950806403e-01	2.754465602950881276e-01	-6.110835117151773854e-01	2.302670018984921962e-01	-1.474713543367617008e-01	1.261425129509763932e-01	-1.851400409827933247e-01	2.020150221377509103e-01	-2.190776509871799893e-01	7.543501211178489652e-02	-8.831128593824801032e-02	1.252686256577436041e-01	-1.713948565225287823e-01	2.432233769941268553e-01	-6.467027061968057267e-02	8.890382428331831954e-02	-1.379824206785433272e-01	1.063490735550986083e-01	-1.290716397831471185e-01	6.389397997566108323e-02	-6.730697330217881580e-02	7.200232362099252825e-02	-6.579638847682847680e-02	5.539962743264532224e-02	-5.559576251648297440e-02	6.743854227509689381e-02	-6.628122005846365239e-02	5.880419727393625118e-02	-5.989688302586948510e-02
1.436957260151933147e-01	-1.331053041161818495e-01	1.917431723933564480e-01	-5.192478378288560847e-01	9.999999999999998890e-01	-1.270115761880973582e-01	1.560690721849955498e-01	-2.205887469805158929e-01	2.836591458796358656e-01	-5.618502781593203155e-01	1.327661174021471380e-01	-1.159941776780274852e-01	1.586525013389595007e-01	-1.823006180673569787e-01	2.959849784654952076e-01	-8.096692657074240629e-02	9.238291632587300461e-02	-1.334492719611175549e-01	1.656626404571384936e-01	-4.016336030018424763e-01	6.943149139878135312e-02	-9.666508503505838457e-02	1.521799240414467014e-01	-1.169355185180788320e-01	1.450624095524145618e-01	-7.033943554255656094e-02	7.368224390890558417e-02	-7.999722679290681426e-02	7.360370833004917235e-02	-6.221221317855353539e-02	6.095621913442684364e-02	-7.461041540613413958e-02	7.364515862514658950e-02	-6.607983903548317328e-02	6.724339107643985403e-02
-7.306839235948274780e-01	2.562339965798298147e-01	-2.039418490441027576e-01	1.460697156425630472e-01	-1.270115761880973582e-01	1.000000000000000444e+00	-4.179600191388674890e-01	2.117748142217687757e-01	-1.588837864579628056e-01	9.256949209200256157e-02	-3.584913143935642421e-01	2.024338393647098500e-01	-1.860366550763237758e-01	1.525472616262413816e-01	-1.062888817850455997e-01	8.023747336162377619e-02	-9.461361063170783958e-02	1.215601548347496619e-01	-1.411272232169854257e-01	1.608034534055264586e-01	-6.728521382281238417e-02	9.043971799191943828e-02	-1.257061104617060721e-01	9.059373531332788609e-02	-1.086708127107870320e-01	6.353990440657757144e-02	-6.604960909080438702e-02	6.801108733810608264e-02	-6.053601574302624327e-02	5.064269685282248024e-02	-5.481938036086198701e-02	6.578350606179822480e-02	-6.254866781007156762e-02	5.489131577788920746e-02	-5.517640013121756504e-02
3.020122060350572402e-01	-6.620404962530382909e-01	2.952838875657557982e-01	-2.129872562950806403e-01	1.560690721849955498e-01	-4.179600191388674890e-01	1.000000000000000666e+00	-3.713183771563568492e-01	1.981213920946149065e-01	-1.166253525473509300e-01	1.875090869138022198e-01	-1.707675281921110511e-01	1.746877157958288684e-01	-1.640381684210085178e-01	1.256881806843756499e-01	-8.158717617323447968e-02	9.347278515236577545e-02	-1.286168053355594976e-01	1.463346770037365907e-01	-2.015832738772828092e-01	6.832580405763742648e-02	-9.466959472480075688e-02	1.336188675286984207e-01	-9.756368523373953883e-02	1.167612353487259141e-01	-6.744123476454323696e-02	6.945450359190827316e-02	-7.278603156844423716e-02	6.505807438189138703e-02	-5.467143018728232856e-02	5.772386737785748650e-02	-7.018442880537237305e-02	6.681834549626411435e-02	-5.934542635396951316e-02	5.947670026000148602e-02
-2.639303720314296053e-01	2.738784354600381499e-01	-6.074396257495142670e-01	2.754465602950881276e-01	-2.205887469805158929e-01	2.117748142217687757e-01	-3.713183771563568492e-01	1.000000000000001554e+00	-4.176428888230820924e-01	1.524441164408366078e-01	-2.092725517174982841e-01	1.788821098566578116e-01	-3.134925710939970300e-01	2.260396121633473920e-01	-1.660360881953685808e-01	8.879743063821475546e-02	-1.056731189205130650e-01	1.450625998100837366e-01	-1.932581019321691351e-01	2.168507194634162194e-01	-7.584542432650451249e-02	1.032662867318874939e-01	-1.550713346742959575e-01	1.172179575361806947e-01	-1.405977320030070976e-01	7.344855779100949167e-02	-7.729977699627324506e-02	8.141991275047512355e-02	-7.370058129873029162e-02	6.184343964068536592e-02	-6.388077379710982440e-02	7.701045866894229430e-02	-7.494449641581925337e-02	6.602888130685617696e-02	-6.704889838340882813e-02
1.756973631155812343e-01	-1.699523246448754465e-01	2.568967382341269534e-01	-6.110835117151773854e-01	2.836591458796358656e-01	-1.588837864579628056e-01	1.981213920946149065e-01	-4.176428888230820924e-01	1.000000000000001776e+00	-2.630131178302200223e-01	1.707872667580967729e-01	-1.593813048719359415e-01	2.321950953907589432e-01	-3.587962097899483616e-01	2.164588121683614919e-01	-9.611167424898849065e-02	1.111703354930737297e-01	-1.634978719786279178e-01	2.131129497021827801e-01	-3.086497289994401538e-01	8.126290177977894824e-02	-1.133493046090091050e-01	1.675857090740463518e-01	-1.355252356830647098e-01	1.555124485317926630e-01	-8.097449535490022776e-02	8.422723523395331258e-02	-8.971521725218260801e-02	8.097357052891708540e-02	-6.858730035131180292e-02	6.962300624709602537e-02	-8.510076532920696213e-02	8.205599001570486328e-02	-7.334618516661209342e-02	7.370833476510467441e-02
-1.081105335377413185e-01	9.180782670335234374e-02	-1.349344273924963089e-01	2.302670018984921962e-01	-5.618502781593203155e-01	9.256949209200256157e-02	-1.166253525473509300e-01	1.524441164408366078e-01	-2.630131178302200223e-01	1.000000000000001332e+00	-1.050844331706700385e-01	9.015938536350698307e-02	-1.320129068754332946e-01	1.547771910118369010e-01	-6.915608684942198270e-01	6.023110321806592060e-02	-7.010861167266140004e-02	1.004133820505844765e-01	-1.370476813798691684e-01	2.809009069424540650e-01	-5.202041763561619098e-02	7.174052733049766928e-02	-1.174698327746906690e-01	9.061941323033750884e-02	-1.146485498483031523e-01	5.197964365265440173e-02	-5.517291423061236599e-02	6.018268557386883405e-02	-5.591124658429411781e-02	4.713874876281789333e-02	-4.550621492734173434e-02	5.540148595421189037e-02	-5.556869593624372966e-02	4.949025453177498951e-02	-5.092193416771267911e-02
2.248889192573994000e-01	-1.408776353780245572e-01	1.497668336094143959e-01	-1.474713543367617008e-01	1.327661174021471380e-01	-3.584913143935642421e-01	1.875090869138022198e-01	-2.092725517174982841e-01	1.707872667580967729e-01	-1.050844331706700385e-01	1.000000000000001332e+00	-7.286568417950191057e-01	2.801920633442201436e-01	-2.507915064104126457e-01	1.222594572836905730e-01	-1.374152942264291744e-01	1.580413319572109010e-01	-1.901521172114806202e-01	1.858632813812084172e-01	-1.960228392474750725e-01	1.054514419928869323e-01	-1.433811062991727503e-01	1.633716849210339328e-01	-1.213277516086933711e-01	1.357123011653055822e-01	-9.515070166870057133e-02	9.640569688300243412e-02	-9.513467219840052169e-02	8.118545985256504782e-02	-6.834516817258276533e-02	8.013934825324314781e-02	-9.631065707916136587e-02	8.638523747011225828e-02	-7.573326427420540297e-02	7.377838265450344102e-02
-1.919261515753865333e-01	1.191382753893663188e-01	-1.347630786831049143e-01	1.261425129509763932e-01	-1.159941776780274852e-01	2.024338393647098500e-01	-1.707675281921110511e-01	1.788821098566578116e-01	-1.593813048719359415e-01	9.015938536350698307e-02	-7.286568417950191057e-01	1.000000000000002887e+00	-4.992623077302913437e-01	2.315415628641935841e-01	-1.077000608904516293e-01	1.181469056093513575e-01	-1.788855210297549958e-01	1.687274395004488003e-01	-1.853641683823775976e-01	1.581284419317454393e-01	-9.549837123078820655e-02	1.263536985806809065e-01	-1.466181372489304691e-01	1.083581828137090142e-01	-1.227563612597973725e-01	8.148073582605702692e-02	-8.552973581611679477e-02	8.264980875075030042e-02	-7.113882783501902785e-02	5.940620654488860952e-02	-7.029243180676464364e-02	8.266935991444666898e-02	-7.551935120591521389e-02	6.513596669963753194e-02	-6.441003438217879351e-02
1.749541892230628282e-01	-1.358967372123118522e-01	1.792670209524331593e-01	-1.851400409827933247e-01	1.586525013389595007e-01	-1.860366550763237758e-01	1.746877157958288684e-01	-3.134925710939970300e-01	2.321950953907589432e-01	-1.320129068754332946e-01	2.801920633442201436e-01	-4.992623077302913437e-01	1.000000000000001998e+00	-5.923516317422093946e-01	1.531577706885070278e-01	-1.229542346125196556e-01	1.504738482244460385e-01	-2.145553451684933388e-01	2.538740132178347042e-01	-2.255429973590727666e-01	9.979497773598815236e-02	-1.399984731471546895e-01	1.793531396412395285e-01	-1.508850828296924296e-01	1.585482376294262696e-01	-9.479041580722774585e-02	9.775498385303076077e-02	-9.987241779014927046e-02	8.704671380120196367e-02	-7.389440292229826346e-02	8.047780417830699418e-02	-9.790673268631820692e-02	9.045012828191946463e-02	-8.019967633677210772e-02	7.885088302688630923e-02
-1.657089966261866831e-01	1.234803228688154952e-01	-1.690272814158942372e-01	2.020150221377509103e-01	-1.823006180673569787e-01	1.525472616262413816e-01	-1.640381684210085178e-01	2.260396121633473920e-01	-3.587962097899483616e-01	1.547771910118369010e-01	-2.507915064104126457e-01	2.315415628641935841e-01	-5.923516317422093946e-01	1.000000000000002887e+00	-2.056389092538243868e-01	1.134538388665062847e-01	-1.425219197794326820e-01	2.085273799138159800e-01	-5.015565968207503778e-01	2.325887225212394105e-01	-9.617700491697230014e-02	1.316015492255850905e-01	-1.974067000595098320e-01	1.851280935545229767e-01	-1.975297396398069394e-01	9.122074923262682433e-02	-9.692086410573326483e-02	1.023179091496212861e-01	-9.242832397135045119e-02	7.891795059005783652e-02	-7.910582381697549292e-02	9.594420710119777596e-02	-9.270380266661876201e-02	8.239952258003485630e-02	-8.308653931017632999e-02
1.210257779810759160e-01	-9.892830480195895226e-02	1.360501882224068038e-01	-2.190776509871799893e-01	2.959849784654952076e-01	-1.062888817850455997e-01	1.256881806843756499e-01	-1.660360881953685808e-01	2.164588121683614919e-01	-6.915608684942198270e-01	1.222594572836905730e-01	-1.077000608904516293e-01	1.531577706885070278e-01	-2.056389092538243868e-01	1.000000000000003331e+00	-7.540040536025623130e-02	8.684322108683920072e-02	-1.261701002563496987e-01	1.655287616769740844e-01	-5.271642697644027820e-01	6.488247665184940227e-02	-9.018729221593657641e-02	1.461880943246892384e-01	-1.168913061871429127e-01	1.471526494415129616e-01	-6.535552385027662559e-02	6.922022562672676405e-02	-7.580090661650618067e-02	7.044271626620784987e-02	-5.981489479529757125e-02	5.697399623887818010e-02	-6.983826456865643850e-02	6.972002729198557847e-02	-6.273768651119693285e-02	6.417278796296012333e-02
-8.850826628824895459e-02	5.881895782546678331e-02	-7.304599290579559534e-02	7.543501211178489652e-02	-8.096692657074240629e-02	8.023747336162377619e-02	-8.158717617323447968e-02	8.879743063821475546e-02	-9.611167424898849065e-02	6.023110321806592060e-02	-1.374152942264291744e-01	1.181469056093513575e-01	-1.229542346125196556e-01	1.134538388665062847e-01	-7.540040536025623130e-02	1.000000000000004441e+00	-4.767058467087529339e-01	2.389202665832445005e-01	-1.692290498447346914e-01	1.196252373059199930e-01	-7.176229345473347232e-01	2.802201036350579488e-01	-2.233145027655186743e-01	1.170665073874596757e-01	-1.366426431006795283e-01	2.260052935405750252e-01	-1.945639128908972781e-01	1.458561190312570588e-01	-1.169362891628662332e-01	9.126208634508571615e-02	-2.088574843118103930e-01	1.701849508809578360e-01	-1.432177444240821940e-01	1.077920088288707584e-01	-1.062131214076704189e-01
1.008619832275327866e-01	-6.809492514338792712e-02	8.427176853088592934e-02	-8.831128593824801032e-02	9.238291632587300461e-02	-9.461361063170783958e-02	9.347278515236577545e-02	-1.056731189205130650e-01	1.111703354930737297e-01	-7.010861167266140004e-02	1.580413319572109010e-01	-1.788855210297549958e-01	1.504738482244460385e-01	-1.425219197794326820e-01	8.684322108683920072e-02	-4.767058467087529339e-01	1.000000000000004219e+00	-5.682753308906995926e-01	2.048856613286766937e-01	-1.412635642096979616e-01	2.740483731523967181e-01	-4.812549164343110641e-01	2.434666443544463432e-01	-1.372632133601434656e-01	1.504431383482696116e-01	-1.935730393091875112e-01	2.118253733566112518e-01	-1.649939563776420537e-01	1.226571821173728649e-01	-9.877074806810248742e-02	1.610257298781450352e-01	-1.875042672168819591e-01	1.466193151026592423e-01	-1.162722230747895158e-01	1.095440186865956067e-01
-1.370673096815671343e-01	9.327367831969736456e-02	-1.184321791266299828e-01	1.252686256577436041e-01	-1.334492719611175549e-01	1.215601548347496619e-01	-1.286168053355594976e-01	1.450625998100837366e-01	-1.634978719786279178e-01	1.004133820505844765e-01	-1.901521172114806202e-01	1.687274395004488003e-01	-2.145553451684933388e-01	2.085273799138159800e-01	-1.261701002563496987e-01	2.389202665832445005e-01	-5.682753308906995926e-01	1.000000000000003553e+00	-4.210656467057746211e-01	1.980959427946768769e-01	-2.216448212746663093e-01	2.656046533216982475e-01	-4.409791969485223895e-01	2.197672862731990251e-01	-2.409406343879425538e-01	1.676622366732663238e-01	-1.997992854227860771e-01	1.863325954277501306e-01	-1.559768000360320650e-01	1.247371487168990600e-01	-1.554232224820603359e-01	1.737678536011049990e-01	-1.710448824764229936e-01	1.373951052023702213e-01	-1.394089314314835293e-01
1.500648883430767688e-01	-1.113086486359220750e-01	1.437479675092065146e-01	-1.713948565225287823e-01	1.656626404571384936e-01	-1.411272232169854257e-01	1.463346770037365907e-01	-1.932581019321691351e-01	2.131129497021827801e-01	-1.370476813798691684e-01	1.858632813812084172e-01	-1.853641683823775976e-01	2.538740132178347042e-01	-5.015565968207503778e-01	1.655287616769740844e-01	-1.692290498447346914e-01	2.048856613286766937e-01	-4.210656467057746211e-01	1.000000000000003997e+00	-2.852016767835157673e-01	1.381993929085973960e-01	-2.000163730282348840e-01	2.785564792386140409e-01	-4.323344521180273459e-01	2.771894552828804148e-01	-1.346403393772934998e-01	1.409506204886067371e-01	-1.509679786299835680e-01	1.321540921348408337e-01	-1.161512434928781978e-01	1.138334778912103995e-01	-1.420867099524640853e-01	1.324965419627776586e-01	-1.205699959316142156e-01	1.171884487499163519e-01
-1.983448682331285517e-01	1.460401386281316993e-01	-2.011457580268829759e-01	2.432233769941268553e-01	-4.016336030018424763e-01	1.608034534055264586e-01	-2.015832738772828092e-01	2.168507194634162194e-01	-3.086497289994401538e-01	2.809009069424540650e-01	-1.960228392474750725e-01	1.581284419317454393e-01	-2.255429973590727666e-01	2.325887225212394105e-01	-5.271642697644027820e-01	1.196252373059199930e-01	-1.412635642096979616e-01	1.980959427946768769e-01	-2.852016767835157673e-01	1.000000000000003775e+00	-1.064714924811938357e-01	1.447190359009891958e-01	-2.786017807742359742e-01	2.101099186718995981e-01	-3.259744396989587290e-01	1.063368921955325092e-01	-1.174988494922263732e-01	1.329134176430010750e-01	-1.305561032565384083e-01	1.101408473018319067e-01	-9.566923584602494979e-02	1.160425854771852949e-01	-1.240589061356158485e-01	1.101060712524457585e-01	-1.185539565540427720e-01
7.360120227446396990e-02	-4.964377103142620512e-02	6.178286742411414484e-02	-6.467027061968057267e-02	6.943149139878135312e-02	-6.728521382281238417e-02	6.832580405763742648e-02	-7.584542432650451249e-02	8.126290177977894824e-02	-5.202041763561619098e-02	1.054514419928869323e-01	-9.549837123078820655e-02	9.979497773598815236e-02	-9.617700491697230014e-02	6.488247665184940227e-02	-7.176229345473347232e-01	2.740483731523967181e-01	-2.216448212746663093e-01	1.381993929085973960e-01	-1.064714924811938357e-01	1.000000000000003109e+00	-4.022047655737993610e-01	1.875077872598333306e-01	-1.013078182199936422e-01	1.161999262590600185e-01	-3.834057181034665196e-01	2.094703971687076338e-01	-1.516271670751484779e-01	1.112360343430822823e-01	-8.828664065110293502e-02	2.237662939390821781e-01	-2.008296154576579007e-01	1.423211776073956270e-01	-1.085841312846794193e-01	1.004756552304289091e-01
-1.020558100086808445e-01	6.824504206601741951e-02	-8.553308227479343440e-02	8.890382428331831954e-02	-9.666508503505838457e-02	9.043971799191943828e-02	-9.466959472480075688e-02	1.032662867318874939e-01	-1.133493046090091050e-01	7.174052733049766928e-02	-1.433811062991727503e-01	1.263536985806809065e-01	-1.399984731471546895e-01	1.316015492255850905e-01	-9.018729221593657641e-02	2.802201036350579488e-01	-4.812549164343110641e-01	2.656046533216982475e-01	-2.000163730282348840e-01	1.447190359009891958e-01	-4.022047655737993610e-01	1.000000000000004885e+00	-3.019251132203618071e-01	1.475353896665040632e-01	-1.721779121207942520e-01	2.349672021209131545e-01	-5.183562176848511838e-01	2.290456658685267599e-01	-1.712436895645087220e-01	1.284370640201110136e-01	-2.349403843317293406e-01	2.577218366218682610e-01	-2.149679256172300212e-01	1.523921767735367805e-01	-1.490382991186090522e-01
1.400924176895821105e-01	-9.860262226722127377e-02	1.250451423164233578e-01	-1.379824206785433272e-01	1.521799240414467014e-01	-1.257061104617060721e-01	1.336188675286984207e-01	-1.550713346742959575e-01	1.675857090740463518e-01	-1.174698327746906690e-01	1.633716849210339328e-01	-1.466181372489304691e-01	1.793531396412395285e-01	-1.974067000595098320e-01	1.461880943246892384e-01	-2.233145027655186743e-01	2.434666443544463432e-01	-4.409791969485223895e-01	2.785564792386140409e-01	-2.786017807742359742e-01	1.875077872598333306e-01	-3.019251132203618071e-01	1.000000000000004441e+00	-3.907318342130846611e-01	2.812843776035477417e-01	-2.036120507930715140e-01	2.269571434728698822e-01	-3.607936331628956439e-01	2.080582127320882990e-01	-1.804153261028249577e-01	1.699164839320824461e-01	-2.340113786700944720e-01	2.256823816294928620e-01	-2.031928365976417850e-01	1.786501333930997915e-01
-1.010476953601505967e-01	7.238145402535843542e-02	-9.351548412027059498e-02	1.063490735550986083e-01	-1.169355185180788320e-01	9.059373531332788609e-02	-9.756368523373953883e-02	1.172179575361806947e-01	-1.355252356830647098e-01	9.061941323033750884e-02	-1.213277516086933711e-01	1.083581828137090142e-01	-1.508850828296924296e-01	1.851280935545229767e-01	-1.168913061871429127e-01	1.170665073874596757e-01	-1.372632133601434656e-01	2.197672862731990251e-01	-4.323344521180273459e-01	2.101099186718995981e-01	-1.013078182199936422e-01	1.475353896665040632e-01	-3.907318342130846611e-01	1.000000000000003997e+00	-7.291671515817037541e-01	1.049613803906995907e-01	-1.181323938655867156e-01	1.499041555162837491e-01	-1.541374966553997194e-01	1.392739884286832708e-01	-9.122536157035543436e-02	1.183487786677260983e-01	-1.253747463926179750e-01	1.189749300511747654e-01	-1.247810354545520195e-01
1.204765221984743784e-01	-8.711879681843938406e-02	1.120044595461792691e-01	-1.290716397831471185e-01	1.450624095524145618e-01	-1.086708127107870320e-01	1.167612353487259141e-01	-1.405977320030070976e-01	1.555124485317926630e-01	-1.146485498483031523e-01	1.357123011653055822e-01	-1.227563612597973725e-01	1.585482376294262696e-01	-1.975297396398069394e-01	1.471526494415129616e-01	-1.366426431006795283e-01	1.504431383482696116e-01	-2.409406343879425538e-01	2.771894552828804148e-01	-3.259744396989587290e-01	1.161999262590600185e-01	-1.721779121207942520e-01	2.812843776035477417e-01	-7.291671515817037541e-01	1.000000000000004441e+00	-1.248106114886539109e-01	1.339702781785631069e-01	-1.674336436032198006e-01	1.715300008510655394e-01	-2.002412408314269698e-01	1.061439135046866877e-01	-1.396394973286193830e-01	1.417702962880778017e-01	-1.461527693154233698e-01	1.488967351000634043e-01
-7.239430974890402604e-02	4.864415281748742104e-02	-6.121031222450969145e-02	6.389397997566108323e-02	-7.033943554255656094e-02	6.353990440657757144e-02	-6.744123476454323696e-02	7.344855779100949167e-02	-8.097449535490022776e-02	5.197964365265440173e-02	-9.515070166870057133e-02	8.148073582605702692e-02	-9.479041580722774585e-02	9.122074923262682433e-02	-6.535552385027662559e-02	2.260052935405750252e-01	-1.935730393091875112e-01	1.676622366732663238e-01	-1.346403393772934998e-01	1.063368921955325092e-01	-3.834057181034665196e-01	2.349672021209131545e-01	-2.036120507930715140e-01	1.049613803906995907e-01	-1.248106114886539109e-01	1.000000000000005107e+00	-2.977054179276306667e-01	1.815928953196043194e-01	-1.410374887679001765e-01	1.068169892772833640e-01	-7.413883472183562251e-01	2.802454693632607241e-01	-2.025648996344442121e-01	1.352872798285305600e-01	-1.306295001885696416e-01
7.416986032978091503e-02	-5.047723676924593950e-02	6.350610226123361290e-02	-6.730697330217881580e-02	7.368224390890558417e-02	-6.604960909080438702e-02	6.945450359190827316e-02	-7.729977699627324506e-02	8.422723523395331258e-02	-5.517291423061236599e-02	9.640569688300243412e-02	-8.552973581611679477e-02	9.775498385303076077e-02	-9.692086410573326483e-02	6.922022562672676405e-02	-1.945639128908972781e-01	2.118253733566112518e-01	-1.997992854227860771e-01	1.409506204886067371e-01	-1.174988494922263732e-01	2.094703971687076338e-01	-5.183562176848511838e-01	2.269571434728698822e-01	-1.181323938655867156e-01	1.339702781785631069e-01	-2.977054179276306667e-01	1.000000000000004885e+00	-4.183516049908390100e-01	1.873425528987187338e-01	-1.448108307204523104e-01	2.501003221565540335e-01	-5.562482830748128881e-01	2.651460715025275583e-01	-1.837065304639048380e-01	1.561516849056108214e-01
-7.718230357781548368e-02	5.299035448358976885e-02	-6.710530339006715028e-02	7.200232362099252825e-02	-7.999722679290681426e-02	6.801108733810608264e-02	-7.278603156844423716e-02	8.141991275047512355e-02	-8.971521725218260801e-02	6.018268557386883405e-02	-9.513467219840052169e-02	8.264980875075030042e-02	-9.987241779014927046e-02	1.023179091496212861e-01	-7.580090661650618067e-02	1.458561190312570588e-01	-1.649939563776420537e-01	1.863325954277501306e-01	-1.509679786299835680e-01	1.329134176430010750e-01	-1.516271670751484779e-01	2.290456658685267599e-01	-3.607936331628956439e-01	1.499041555162837491e-01	-1.674336436032198006e-01	1.815928953196043194e-01	-4.183516049908390100e-01	1.000000000000004663e+00	-4.412649893730443695e-01	2.343653557190246983e-01	-1.825392700728939721e-01	2.735530422894195679e-01	-5.503724657205295578e-01	2.672346459198255975e-01	-2.586494947919353304e-01
6.853783446325745210e-02	-4.759716800307209339e-02	6.044190940267295947e-02	-6.579638847682847680e-02	7.360370833004917235e-02	-6.053601574302624327e-02	6.505807438189138703e-02	-7.370058129873029162e-02	8.097357052891708540e-02	-5.591124658429411781e-02	8.118545985256504782e-02	-7.113882783501902785e-02	8.704671380120196367e-02	-9.242832397135045119e-02	7.044271626620784987e-02	-1.169362891628662332e-01	1.226571821173728649e-01	-1.559768000360320650e-01	1.321540921348408337e-01	-1.305561032565384083e-01	1.112360343430822823e-01	-1.712436895645087220e-01	2.080582127320882990e-01	-1.541374966553997194e-01	1.715300008510655394e-01	-1.410374887679001765e-01	1.873425528987187338e-01	-4.412649893730443695e-01	1.000000000000004885e+00	-6.778594738532106589e-01	1.265398061747525227e-01	-1.939693112405894426e-01	2.536166334003686629e-01	-3.696236552891175586e-01	3.006047767504294588e-01
-5.756778133572566791e-02	3.995198219233433296e-02	-5.085414473336322821e-02	5.539962743264532224e-02	-6.221221317855353539e-02	5.064269685282248024e-02	-5.467143018728232856e-02	6.184343964068536592e-02	-6.858730035131180292e-02	4.713874876281789333e-02	-6.834516817258276533e-02	5.940620654488860952e-02	-7.389440292229826346e-02	7.891795059005783652e-02	-5.981489479529757125e-02	9.126208634508571615e-02	-9.877074806810248742e-02	1.247371487168990600e-01	-1.161512434928781978e-01	1.101408473018319067e-01	-8.828664065110293502e-02	1.284370640201110136e-01	-1.804153261028249577e-01	1.392739884286832708e-01	-2.002412408314269698e-01	1.068169892772833640e-01	-1.448108307204523104e-01	2.343653557190246983e-01	-6.778594738532106589e-01	1.000000000000004885e+00	-1.011539859534545810e-01	1.449405613655978253e-01	-2.225102187493255279e-01	2.799403282543404536e-01	-5.727321232738707968e-01
6.171895909394962271e-02	-4.188370263880712707e-02	5.266627818333954880e-02	-5.559576251648297440e-02	6.095621913442684364e-02	-5.481938036086198701e-02	5.772386737785748650e-02	-6.388077379710982440e-02	6.962300624709602537e-02	-4.550621492734173434e-02	8.013934825324314781e-02	-7.029243180676464364e-02	8.047780417830699418e-02	-7.910582381697549292e-02	5.697399623887818010e-02	-2.088574843118103930e-01	1.610257298781450352e-01	-1.554232224820603359e-01	1.138334778912103995e-01	-9.566923584602494979e-02	2.237662939390821781e-01	-2.349403843317293406e-01	1.699164839320824461e-01	-9.122536157035543436e-02	1.061439135046866877e-01	-7.413883472183562251e-01	2.501003221565540335e-01	-1.825392700728939721e-01	1.265398061747525227e-01	-1.011539859534545810e-01	1.000000000000004663e+00	-4.883478030447001017e-01	1.940933103341546395e-01	-1.393125296488212372e-01	1.174042004956444563e-01
-7.503413516454601750e-02	5.074924074485571285e-02	-6.403787917692617404e-02	6.743854227509689381e-02	-7.461041540613413958e-02	6.578350606179822480e-02	-7.018442880537237305e-02	7.701045866894229430e-02	-8.510076532920696213e-02	5.540148595421189037e-02	-9.631065707916136587e-02	8.266935991444666898e-02	-9.790673268631820692e-02	9.594420710119777596e-02	-6.983826456865643850e-02	1.701849508809578360e-01	-1.875042672168819591e-01	1.737678536011049990e-01	-1.420867099524640853e-01	1.160425854771852949e-01	-2.008296154576579007e-01	2.577218366218682610e-01	-2.340113786700944720e-01	1.183487786677260983e-01	-1.396394973286193830e-01	2.802454693632607241e-01	-5.562482830748128881e-01	2.735530422894195679e-01	-1.939693112405894426e-01	1.449405613655978253e-01	-4.883478030447001017e-01	1.000000000000004441e+00	-4.321663387261136524e-01	2.026222111138621940e-01	-1.820197261508736397e-01
7.078609185612209920e-02	-4.871975636654008596e-02	6.164104866758604584e-02	-6.628122005846365239e-02	7.364515862514658950e-02	-6.254866781007156762e-02	6.681834549626411435e-02	-7.494449641581925337e-02	8.205599001570486328e-02	-5.556869593624372966e-02	8.638523747011225828e-02	-7.551935120591521389e-02	9.045012828191946463e-02	-9.270380266661876201e-02	6.972002729198557847e-02	-1.432177444240821940e-01	1.466193151026592423e-01	-1.710448824764229936e-01	1.324965419627776586e-01	-1.240589061356158485e-01	1.423211776073956270e-01	-2.149679256172300212e-01	2.256823816294928620e-01	-1.253747463926179750e-01	1.417702962880778017e-01	-2.025648996344442121e-01	2.651460715025275583e-01	-5.503724657205295578e-01	2.536166334003686629e-01	-2.225102187493255279e-01	1.940933103341546395e-01	-4.321663387261136524e-01	1.000000000000004441e+00	-5.175201947796568280e-01	2.537627856886058297e-01
-6.281369386038584968e-02	4.313008130614931490e-02	-5.477465446527718385e-02	5.880419727393625118e-02	-6.607983903548317328e-02	5.489131577788920746e-02	-5.934542635396951316e-02	6.602888130685617696e-02	-7.334618516661209342e-02	4.949025453177498951e-02	-7.573326427420540297e-02	6.513596669963753194e-02	-8.019967633677210772e-02	8.239952258003485630e-02	-6.273768651119693285e-02	1.077920088288707584e-01	-1.162722230747895158e-01	1.373951052023702213e-01	-1.205699959316142156e-01	1.101060712524457585e-01	-1.085841312846794193e-01	1.523921767735367805e-01	-2.031928365976417850e-01	1.189749300511747654e-01	-1.461527693154233698e-01	1.352872798285305600e-01	-1.837065304639048380e-01	2.672346459198255975e-01	-3.696236552891175586e-01	2.799403282543404536e-01	-1.393125296488212372e-01	2.026222111138621940e-01	-5.175201947796568280e-01	1.000000000000004663e+00	-6.437371379441628738e-01
6.268275698547143282e-02	-4.345303809992978605e-02	5.517617829766256754e-02	-5.989688302586948510e-02	6.724339107643985403e-02	-5.517640013121756504e-02	5.947670026000148602e-02	-6.704889838340882813e-02	7.370833476510467441e-02	-5.092193416771267911e-02	7.377838265450344102e-02	-6.441003438217879351e-02	7.885088302688630923e-02	-8.308653931017632999e-02	6.417278796296012333e-02	-1.062131214076704189e-01	1.095440186865956067e-01	-1.394089314314835293e-01	1.171884487499163519e-01	-1.185539565540427720e-01	1.004756552304289091e-01	-1.490382991186090522e-01	1.786501333930997915e-01	-1.247810354545520195e-01	1.488967351000634043e-01	-1.306295001885696416e-01	1.561516849056108214e-01	-2.586494947919353304e-01	3.006047767504294588e-01	-5.727321232738707968e-01	1.174042004956444563e-01	-1.820197261508736397e-01	2.537627856886058297e-01	-6.437371379441628738e-01	1.000000000000004663e+00
