1.000000000000000222e+00	-3.578092709407421634e-01	7.872499897583730422e-02	-1.794308544251324231e-02	1.707123802619275182e-02	-8.898707004701632561e-01	2.576360988486370296e-01	-7.709132340059274280e-02	4.941439065499200062e-02	-1.799156311083513482e-02	7.679493432587233825e-02	-6.026714909594022007e-02	5.689188028276790515e-02	-4.204216730889816234e-02	1.677467106820462045e-02	-7.435817214562139010e-02	4.117880363866010390e-02	-3.944357036092646651e-02	2.916149676785896941e-02	-3.830528931350829502e-02	3.364742889711528490e-02	-1.894617648588906023e-02	1.833270424104968543e-02	-1.441897656906874874e-02	1.268667083154666544e-02	-1.915549725445262613e-02	1.494866685849046382e-02	-2.837748141666725926e-02	1.250384027580668696e-02	-1.044518442462384969e-02	1.092519056949025485e-02	-1.323331706174835261e-02	1.328416384941430266e-02	-1.052127788043250196e-02	1.878022005236044262e-02
-3.578092709407421634e-01	1.000000000000000444e+00	-1.915795629987583071e-01	3.301514184277478531e-02	-3.183014184866084229e-02	2.564669902365773746e-01	-8.577430528658276376e-01	1.564095649243618380e-01	-9.007529382481437030e-02	3.015617326401555040e-02	-8.222736833500468578e-02	9.193167908877590555e-02	-9.270410650210662851e-02	7.048617375391090512e-02	-2.827624847827765742e-02	7.593997853882752946e-02	-6.288224187123368780e-02	5.836766278786886114e-02	-4.727872960977172467e-02	6.141772028013878920e-02	-4.165544642809926312e-02	2.575933040454263939e-02	-2.530241801246538649e-02	2.173906375370608657e-02	-1.882949062985784724e-02	2.315958464495117275e-02	-1.836889215658319210e-02	3.454329083501054415e-02	-1.877101782880431433e-02	1.532626220861336465e-02	-1.341835704590958744e-02	1.613408273733430570e-02	-1.746161176385470706e-02	1.394788483531248305e-02	-2.469158608481461861e-02
7.872499897583730422e-02	-1.915795629987583071e-01	1.000000000000000444e+00	-1.245029211200979480e-01	1.032819861134315342e-01	-7.717985105198124640e-02	1.581678826137187799e-01	-8.610860399868399684e-01	2.436237808435174623e-01	-9.688426878998732117e-02	9.129310999304897367e-02	-1.077270750317979447e-01	1.287296669198817189e-01	-2.214263375875494544e-01	8.599680983288535141e-02	-1.090012111967627456e-01	9.041517177548352713e-02	-1.014848136253605065e-01	1.277533381840794124e-01	-1.911278068468501845e-01	6.948793521599477829e-02	-4.700344483324853107e-02	4.580171513501956476e-02	-5.403938432386943408e-02	4.460084537792440018e-02	-4.112841039832772216e-02	3.311886363198721095e-02	-6.335827079675973583e-02	4.531961055226613189e-02	-3.661563890131679100e-02	2.422335801954758616e-02	-2.925937468159428220e-02	3.551923703962071854e-02	-2.893018665415830401e-02	5.012086813665535268e-02
-1.794308544251324231e-02	3.301514184277478531e-02	-1.245029211200979480e-01	1.000000000000000222e+00	-9.558170408236439375e-01	1.681145184941420026e-02	-3.082952779121187273e-02	9.344412605248778037e-02	-1.237091114782186280e-01	1.444189382151758183e-01	-3.565251482193698696e-02	3.787869438457804050e-02	-4.919408458964006498e-02	9.460059232409778751e-02	-1.488817958237664829e-01	3.983894169148821662e-02	-3.863125172674656410e-02	4.082536979271868260e-02	-6.616986588300419192e-02	8.539970189804829692e-02	-3.075328640462463015e-02	2.075331821422051609e-02	-2.086621764200538576e-02	2.699210806271944846e-02	-2.321978959272526233e-02	1.731717412684634361e-02	-1.418981522328909527e-02	2.664542666792264758e-02	-2.346634294265025067e-02	1.840184283061409298e-02	-1.041170661215864643e-02	1.241452644137536719e-02	-1.665714739650355283e-02	1.361206356701479686e-02	-2.356144957266052831e-02
1.707123802619275182e-02	-3.183014184866084229e-02	1.032819861134315342e-01	-9.558170408236439375e-01	1.000000000000000444e+00	-1.614707842999375809e-02	2.922892708060211009e-02	-9.020216087134247385e-02	1.081740067395662447e-01	-1.775044940001422322e-01	3.484175172624206368e-02	-3.744168646002025286e-02	4.779038324064674437e-02	-9.526143163043869488e-02	1.376940398266567611e-01	-3.988142196441587378e-02	3.763353807216678754e-02	-4.049872652121804667e-02	6.470371215387128727e-02	-8.884795378819299039e-02	3.026874873215199685e-02	-2.056530208537074578e-02	2.052556155003980309e-02	-2.668514554920278781e-02	2.267520608608287677e-02	-1.730008583028583638e-02	1.415384769769567619e-02	-2.673181642367103775e-02	2.294682618216310407e-02	-1.814698662842728280e-02	1.038007158644001227e-02	-1.241513328230719158e-02	1.648148025208501927e-02	-1.348000207690133040e-02	2.331537998491068492e-02
-8.898707004701632561e-01	2.564669902365773746e-01	-7.717985105198124640e-02	1.681145184941420026e-02	-1.614707842999375809e-02	1.000000000000000444e+00	-3.594428177851177186e-01	7.308720947403339607e-02	-4.780226603555016995e-02	1.679839504433014441e-02	-8.382012237897684681e-02	6.163824537853481583e-02	-5.795970557546344798e-02	3.966552435256137654e-02	-1.576820350337285875e-02	7.110395893755669383e-02	-4.102421704797516722e-02	3.839326676486959355e-02	-2.762995642440051192e-02	3.562684411945292451e-02	-3.199923059256461894e-02	1.806490422888233638e-02	-1.754782394830658315e-02	1.358796416682812175e-02	-1.195620241118325842e-02	1.796225890656378416e-02	-1.402902306519774288e-02	2.652152963450992926e-02	-1.180053711031082801e-02	9.813916693328891480e-03	-1.025119224040685686e-02	1.239168180830582319e-02	-1.243988091058743049e-02	9.851861852578365497e-03	-1.756816545206529162e-02
2.576360988486370296e-01	-8.577430528658276376e-01	1.581678826137187799e-01	-3.082952779121187273e-02	2.922892708060211009e-02	-3.594428177851177186e-01	1.000000000000000444e+00	-1.799334665956698054e-01	8.663081410510002633e-02	-2.974139601112517697e-02	8.257058835492475657e-02	-1.038049291097591920e-01	9.126095892537024190e-02	-7.080937632409349536e-02	2.765494872946706179e-02	-7.920988342213895750e-02	6.205089587296722803e-02	-5.907357309127322237e-02	4.669678090634875323e-02	-6.159735108933601239e-02	4.126423031194578761e-02	-2.563099304416810442e-02	2.500632404300430836e-02	-2.143364832811945481e-02	1.844260563222979016e-02	-2.330111158853790873e-02	1.842166973320385689e-02	-3.481815815183560842e-02	1.843176632897356587e-02	-1.507409944590529932e-02	1.345040302915384740e-02	-1.622347453688798707e-02	1.731200502762443583e-02	-1.383605572125261307e-02	2.442289571162487710e-02
-7.709132340059274280e-02	1.564095649243618380e-01	-8.610860399868399684e-01	9.344412605248778037e-02	-9.020216087134247385e-02	7.308720947403339607e-02	-1.799334665956698054e-01	9.999999999999996669e-01	-3.459056669255287098e-01	7.833588668219716722e-02	-8.127888157088868082e-02	9.586028453126613225e-02	-1.272460326133264819e-01	1.886186919143360285e-01	-7.293416972747779337e-02	9.024600476635698254e-02	-8.033085757778647695e-02	8.705194763190610141e-02	-1.110197468807573862e-01	1.483008891547116792e-01	-5.778381566766989386e-02	3.915034078148136448e-02	-3.858925815787257740e-02	4.505122012738563275e-02	-3.750318849528446602e-02	3.326996181803688196e-02	-2.685146818723393655e-02	5.087587543865795120e-02	-3.825138684928674343e-02	3.035364859079572181e-02	-1.964149571603869895e-02	2.360885656429664164e-02	-2.902081506535702377e-02	2.364719855290895595e-02	-4.082911717501032378e-02
4.941439065499200062e-02	-9.007529382481437030e-02	2.436237808435174623e-01	-1.237091114782186280e-01	1.081740067395662447e-01	-4.780226603555016995e-02	8.663081410510002633e-02	-3.459056669255287098e-01	1.000000000000000666e+00	-1.937387929361377437e-01	1.208884924120670890e-01	-1.506544102697982834e-01	1.869792543033789167e-01	-6.912489533455598023e-01	1.694595561787453075e-01	-1.460362764027785809e-01	1.362676010071757204e-01	-1.589609324289001646e-01	2.693452749151942771e-01	-3.874135772632435470e-01	9.480693270236179027e-02	-7.042300414018846932e-02	6.921103243205817268e-02	-1.005376073580100116e-01	7.806792537423541678e-02	-5.605270161507310694e-02	4.554623954609161168e-02	-8.693299954017477682e-02	8.224233984584940205e-02	-6.373005571322960805e-02	3.326963553291752140e-02	-4.008783278487724339e-02	5.283575082141576951e-02	-4.404554488016846486e-02	7.280738160895579292e-02
-1.799156311083513482e-02	3.015617326401555040e-02	-9.688426878998732117e-02	1.444189382151758183e-01	-1.775044940001422322e-01	1.679839504433014441e-02	-2.974139601112517697e-02	7.833588668219716722e-02	-1.937387929361377437e-01	1.000000000000000888e+00	-4.682546713247263959e-02	5.213659632918280634e-02	-7.302524979691690787e-02	1.715168910003239677e-01	-9.251892161149815053e-01	4.999327303756089663e-02	-5.715525618349321518e-02	5.949197225423631663e-02	-1.300871786923147866e-01	1.449820418257984356e-01	-3.718835989953923199e-02	2.788435374148783008e-02	-2.860143080127306239e-02	4.420916247568701385e-02	-3.756619130797166778e-02	2.077012138487169604e-02	-1.716993220747076165e-02	3.197482933038494485e-02	-3.928560038397060916e-02	2.865565926377058523e-02	-1.258343086468083870e-02	1.493042321002355753e-02	-2.219647237719515193e-02	1.857173741414062593e-02	-3.036317080332370105e-02
7.679493432587233825e-02	-8.222736833500468578e-02	9.129310999304897367e-02	-3.565251482193698696e-02	3.484175172624206368e-02	-8.382012237897684681e-02	8.257058835492475657e-02	-8.127888157088868082e-02	1.208884924120670890e-01	-4.682546713247263959e-02	1.000000000000000666e+00	-4.696498454597180516e-01	2.688404075127069359e-01	-1.201795793824221442e-01	4.502635313405012329e-02	-7.489126598518204281e-01	2.002638455065043066e-01	-1.892670353431746555e-01	9.263669322803881612e-02	-1.109775793408721567e-01	1.961115729310253519e-01	-9.188259596230223536e-02	8.625226320586426576e-02	-5.150831233972290313e-02	4.545902617147713765e-02	-1.108363761339680315e-01	8.335289709729334917e-02	-1.589192777143446367e-01	4.511321133717943049e-02	-3.791871194344487855e-02	6.083151005455569166e-02	-7.440243814261662814e-02	6.159395506577504398e-02	-4.822815976330138699e-02	8.460198695264317670e-02
-6.026714909594022007e-02	9.193167908877590555e-02	-1.077270750317979447e-01	3.787869438457804050e-02	-3.744168646002025286e-02	6.163824537853481583e-02	-1.038049291097591920e-01	9.586028453126613225e-02	-1.506544102697982834e-01	5.213659632918280634e-02	-4.696498454597180516e-01	1.000000000000000666e+00	-6.988377309152462580e-01	1.503547988979994365e-01	-5.206596462634743849e-02	2.722256150735628544e-01	-3.631102641043846835e-01	2.576291370086986054e-01	-1.128652069622774895e-01	1.210535997462413443e-01	-1.216098496502131671e-01	8.746013831580595754e-02	-8.539054250234132115e-02	5.093524626648002207e-02	-4.304234030269799005e-02	6.560182342206494210e-02	-5.160589928136805754e-02	9.605524583034931452e-02	-4.411340093874486362e-02	3.481553221278132354e-02	-3.736355192794493102e-02	4.492304496871046826e-02	-4.305398675938824915e-02	3.429984468682713283e-02	-5.918813062472107200e-02
5.689188028276790515e-02	-9.270410650210662851e-02	1.287296669198817189e-01	-4.919408458964006498e-02	4.779038324064674437e-02	-5.795970557546344798e-02	9.126095892537024190e-02	-1.272460326133264819e-01	1.869792543033789167e-01	-7.302524979691690787e-02	2.688404075127069359e-01	-6.988377309152462580e-01	1.000000000000000888e+00	-2.485098621373456607e-01	7.137511977793006834e-02	-3.267675059323497111e-01	2.813606908024565700e-01	-3.974504153550471597e-01	1.527984304474653832e-01	-1.706496647367647113e-01	1.399922831681741364e-01	-1.049740480843628782e-01	1.001620517997337673e-01	-6.695208459204561591e-02	5.518219739111854261e-02	-8.243678220386194133e-02	6.455538909906251288e-02	-1.232961788467384773e-01	5.700051787296066957e-02	-4.503442507393591587e-02	4.674332317562387984e-02	-5.693168481445688017e-02	5.476331880016795106e-02	-4.385344415336316082e-02	7.514891551005872805e-02
-4.204216730889816234e-02	7.048617375391090512e-02	-2.214263375875494544e-01	9.460059232409778751e-02	-9.526143163043869488e-02	3.966552435256137654e-02	-7.080937632409349536e-02	1.886186919143360285e-01	-6.912489533455598023e-01	1.715168910003239677e-01	-1.201795793824221442e-01	1.503547988979994365e-01	-2.485098621373456607e-01	1.000000000000001110e+00	-2.122551186703736936e-01	1.278934024410355585e-01	-1.459721876814695229e-01	1.588248023308196366e-01	-4.627055321719140135e-01	2.996590730089536692e-01	-8.506919447860993022e-02	6.600728134580584328e-02	-6.723561930749305526e-02	1.076151581387388145e-01	-8.269760869922160307e-02	4.805982633070279841e-02	-3.937809493990066662e-02	7.369032389875951328e-02	-9.293248823471432496e-02	6.373534905025453334e-02	-2.875517319470717245e-02	3.429933682071895085e-02	-4.872939919888089055e-02	4.107795708100345916e-02	-6.540404164859472957e-02
1.677467106820462045e-02	-2.827624847827765742e-02	8.599680983288535141e-02	-1.488817958237664829e-01	1.376940398266567611e-01	-1.576820350337285875e-02	2.765494872946706179e-02	-7.293416972747779337e-02	1.694595561787453075e-01	-9.251892161149815053e-01	4.502635313405012329e-02	-5.206596462634743849e-02	7.137511977793006834e-02	-2.122551186703736936e-01	1.000000000000001332e+00	-4.918367139903803004e-02	5.558008333808481943e-02	-5.969145725892099907e-02	1.320862624791114270e-01	-1.747373490882165037e-01	3.561308909443423876e-02	-2.719881520620945348e-02	2.772121278620368404e-02	-4.423709409739159937e-02	3.638569854777030238e-02	-2.010406493495153768e-02	1.658827923553724340e-02	-3.101835515179626745e-02	3.851501526787539514e-02	-2.803557679792419155e-02	1.214373501224771425e-02	-1.444553603762033928e-02	2.134019789301496578e-02	-1.794173177382579754e-02	2.901965105748219309e-02
-7.435817214562139010e-02	7.593997853882752946e-02	-1.090012111967627456e-01	3.983894169148821662e-02	-3.988142196441587378e-02	7.110395893755669383e-02	-7.920988342213895750e-02	9.024600476635698254e-02	-1.460362764027785809e-01	4.999327303756089663e-02	-7.489126598518204281e-01	2.722256150735628544e-01	-3.267675059323497111e-01	1.278934024410355585e-01	-4.918367139903803004e-02	1.000000000000001998e+00	-2.450736641728180898e-01	1.865614939977263964e-01	-1.008738885829040949e-01	1.139928085837441235e-01	-3.385352318993958831e-01	1.024110445779322920e-01	-1.010333425609801217e-01	5.624845230521050010e-02	-5.069772320832739709e-02	1.263661327477077212e-01	-9.635727439286363716e-02	1.648271018812834110e-01	-5.000134069955295552e-02	4.163165540568339318e-02	-7.075564619737159666e-02	8.183334507108723510e-02	-6.756224480244549246e-02	5.230600076357067030e-02	-9.319570862152842805e-02
4.117880363866010390e-02	-6.288224187123368780e-02	9.041517177548352713e-02	-3.863125172674656410e-02	3.763353807216678754e-02	-4.102421704797516722e-02	6.205089587296722803e-02	-8.033085757778647695e-02	1.362676010071757204e-01	-5.715525618349321518e-02	2.002638455065043066e-01	-3.631102641043846835e-01	2.813606908024565700e-01	-1.459721876814695229e-01	5.558008333808481943e-02	-2.450736641728180898e-01	1.000000000000000444e+00	-7.985820710154863944e-01	1.525371556772167625e-01	-1.714757538515894741e-01	1.252657119876041392e-01	-1.820381575053409695e-01	1.550726180508142094e-01	-6.995581175427081910e-02	5.604932274791693536e-02	-7.218384832474346313e-02	5.879042465482093444e-02	-1.090110074567345322e-01	5.885356563458769841e-02	-4.544744834126063920e-02	4.158281415217402605e-02	-4.998495342590125734e-02	5.012886985198448941e-02	-4.045985118704463479e-02	6.792758840909801643e-02
-3.944357036092646651e-02	5.836766278786886114e-02	-1.014848136253605065e-01	4.082536979271868260e-02	-4.049872652121804667e-02	3.839326676486959355e-02	-5.907357309127322237e-02	8.705194763190610141e-02	-1.589609324289001646e-01	5.949197225423631663e-02	-1.892670353431746555e-01	2.576291370086986054e-01	-3.974504153550471597e-01	1.588248023308196366e-01	-5.969145725892099907e-02	1.865614939977263964e-01	-7.985820710154863944e-01	1.000000000000001110e+00	-2.016458523345566745e-01	1.712150018686018349e-01	-1.144359250615205742e-01	1.534150973070576573e-01	-1.755271862682115935e-01	7.490060149267725731e-02	-6.007228914109895290e-02	6.286600904541128632e-02	-5.221505098112334819e-02	9.493811151614740818e-02	-6.434217823061834374e-02	4.739202849154010994e-02	-3.686778726392181404e-02	4.372575755365799843e-02	-4.750408804098157911e-02	3.859732105190150087e-02	-6.415983611380549068e-02
2.916149676785896941e-02	-4.727872960977172467e-02	1.277533381840794124e-01	-6.616986588300419192e-02	6.470371215387128727e-02	-2.762995642440051192e-02	4.669678090634875323e-02	-1.110197468807573862e-01	2.693452749151942771e-01	-1.300871786923147866e-01	9.263669322803881612e-02	-1.128652069622774895e-01	1.527984304474653832e-01	-4.627055321719140135e-01	1.320862624791114270e-01	-1.008738885829040949e-01	1.525371556772167625e-01	-2.016458523345566745e-01	1.000000000000001332e+00	-7.576218506363704419e-01	7.450688232153941659e-02	-7.082792109890993781e-02	7.310534612735043736e-02	-2.087005312711907312e-01	1.162851394326317039e-01	-4.268073588816951452e-02	3.575201302107810369e-02	-6.663787462663055272e-02	1.425824150870499685e-01	-9.112028627594505326e-02	2.602900831502655277e-02	-3.090968342382525644e-02	5.361550045792966290e-02	-4.777959226195858944e-02	6.743887338792145525e-02
-3.830528931350829502e-02	6.141772028013878920e-02	-1.911278068468501845e-01	8.539970189804829692e-02	-8.884795378819299039e-02	3.562684411945292451e-02	-6.159735108933601239e-02	1.483008891547116792e-01	-3.874135772632435470e-01	1.449820418257984356e-01	-1.109775793408721567e-01	1.210535997462413443e-01	-1.706496647367647113e-01	2.996590730089536692e-01	-1.747373490882165037e-01	1.139928085837441235e-01	-1.714757538515894741e-01	1.712150018686018349e-01	-7.576218506363704419e-01	1.000000000000001332e+00	-9.147967518394697906e-02	7.798274907470512107e-02	-8.277445607696701235e-02	1.664629753899205256e-01	-1.388270149939975773e-01	5.064305597852772345e-02	-4.257387090267244351e-02	7.841888171732833146e-02	-1.557803501634019150e-01	9.987909117987373020e-02	-3.115935168941111680e-02	3.671957975181866507e-02	-6.476923251565949724e-02	5.598443842830805317e-02	-8.374856674897851461e-02
3.364742889711528490e-02	-4.165544642809926312e-02	6.948793521599477829e-02	-3.075328640462463015e-02	3.026874873215199685e-02	-3.199923059256461894e-02	4.126423031194578761e-02	-5.778381566766989386e-02	9.480693270236179027e-02	-3.718835989953923199e-02	1.961115729310253519e-01	-1.216098496502131671e-01	1.399922831681741364e-01	-8.506919447860993022e-02	3.561308909443423876e-02	-3.385352318993958831e-01	1.252657119876041392e-01	-1.144359250615205742e-01	7.450688232153941659e-02	-9.147967518394697906e-02	1.000000000000000222e+00	-1.855781478566780329e-01	1.568758157753349647e-01	-7.069176295499265961e-02	6.659767287379309009e-02	-4.927830284287065821e-01	2.842758979480966564e-01	-5.188802052002257081e-01	6.486956953716568886e-02	-5.826557858229290676e-02	2.073840880323443714e-01	-2.572593496316400441e-01	1.509119141287287302e-01	-1.164947727267756777e-01	1.934387515700874693e-01
-1.894617648588906023e-02	2.575933040454263939e-02	-4.700344483324853107e-02	2.075331821422051609e-02	-2.056530208537074578e-02	1.806490422888233638e-02	-2.563099304416810442e-02	3.915034078148136448e-02	-7.042300414018846932e-02	2.788435374148783008e-02	-9.188259596230223536e-02	8.746013831580595754e-02	-1.049740480843628782e-01	6.600728134580584328e-02	-2.719881520620945348e-02	1.024110445779322920e-01	-1.820381575053409695e-01	1.534150973070576573e-01	-7.082792109890993781e-02	7.798274907470512107e-02	-1.855781478566780329e-01	1.000000000000000888e+00	-9.273121145921278119e-01	9.489370152738249575e-02	-7.471409392727743071e-02	9.582517865551169745e-02	-9.517974887305941101e-02	1.461378509738346931e-01	-8.314874045309583739e-02	5.770563546806652122e-02	-5.756175388861514697e-02	6.525919511328093225e-02	-6.284177416180544706e-02	5.019337665134182558e-02	-8.003490251504713493e-02
1.833270424104968543e-02	-2.530241801246538649e-02	4.580171513501956476e-02	-2.086621764200538576e-02	2.052556155003980309e-02	-1.754782394830658315e-02	2.500632404300430836e-02	-3.858925815787257740e-02	6.921103243205817268e-02	-2.860143080127306239e-02	8.625226320586426576e-02	-8.539054250234132115e-02	1.001620517997337673e-01	-6.723561930749305526e-02	2.772121278620368404e-02	-1.010333425609801217e-01	1.550726180508142094e-01	-1.755271862682115935e-01	7.310534612735043736e-02	-8.277445607696701235e-02	1.568758157753349647e-01	-9.273121145921278119e-01	1.000000000000001332e+00	-1.095350474807061242e-01	7.372151543477351021e-02	-9.894936037061802248e-02	9.371985521025538723e-02	-1.700811451387885254e-01	8.372013876409964417e-02	-5.989070621401988009e-02	5.800561460734557362e-02	-6.810162411285898554e-02	6.411312995804556436e-02	-5.202488555390865493e-02	8.027661717148698584e-02
-1.441897656906874874e-02	2.173906375370608657e-02	-5.403938432386943408e-02	2.699210806271944846e-02	-2.668514554920278781e-02	1.358796416682812175e-02	-2.143364832811945481e-02	4.505122012738563275e-02	-1.005376073580100116e-01	4.420916247568701385e-02	-5.150831233972290313e-02	5.093524626648002207e-02	-6.695208459204561591e-02	1.076151581387388145e-01	-4.423709409739159937e-02	5.624845230521050010e-02	-6.995581175427081910e-02	7.490060149267725731e-02	-2.087005312711907312e-01	1.664629753899205256e-01	-7.069176295499265961e-02	9.489370152738249575e-02	-1.095350474807061242e-01	1.000000000000000666e+00	-4.243730882651563507e-01	4.321167880890061652e-02	-3.922319225157572947e-02	7.262445505605921725e-02	-7.937554184857520401e-01	2.859290858616418962e-01	-2.876662189644572931e-02	3.365699694884782128e-02	-1.192430786154085459e-01	1.170138745022893945e-01	-1.203890149348337546e-01
1.268667083154666544e-02	-1.882949062985784724e-02	4.460084537792440018e-02	-2.321978959272526233e-02	2.267520608608287677e-02	-1.195620241118325842e-02	1.844260563222979016e-02	-3.750318849528446602e-02	7.806792537423541678e-02	-3.756619130797166778e-02	4.545902617147713765e-02	-4.304234030269799005e-02	5.518219739111854261e-02	-8.269760869922160307e-02	3.638569854777030238e-02	-5.069772320832739709e-02	5.604932274791693536e-02	-6.007228914109895290e-02	1.162851394326317039e-01	-1.388270149939975773e-01	6.659767287379309009e-02	-7.471409392727743071e-02	7.372151543477351021e-02	-4.243730882651563507e-01	1.000000000000000444e+00	-4.200064958800484721e-02	3.718026307243830347e-02	-7.092207252930751715e-02	2.931985814539208035e-01	-8.239705340974214920e-01	2.736921733218070085e-02	-3.246467325542382043e-02	8.971808983795143133e-02	-8.999329731859688486e-02	1.220500806155718487e-01
-1.915549725445262613e-02	2.315958464495117275e-02	-4.112841039832772216e-02	1.731717412684634361e-02	-1.730008583028583638e-02	1.796225890656378416e-02	-2.330111158853790873e-02	3.326996181803688196e-02	-5.605270161507310694e-02	2.077012138487169604e-02	-1.108363761339680315e-01	6.560182342206494210e-02	-8.243678220386194133e-02	4.805982633070279841e-02	-2.010406493495153768e-02	1.263661327477077212e-01	-7.218384832474346313e-02	6.286600904541128632e-02	-4.268073588816951452e-02	5.064305597852772345e-02	-4.927830284287065821e-01	9.582517865551169745e-02	-9.894936037061802248e-02	4.321167880890061652e-02	-4.200064958800484721e-02	1.000000000000001332e+00	-6.322966677963374194e-01	3.064853404241956181e-01	-4.088164664239456875e-02	3.645925348617860828e-02	-4.156484206038252305e-01	2.833562798940658656e-01	-1.123020435668640737e-01	7.924372421247088960e-02	-1.376449523493312177e-01
1.494866685849046382e-02	-1.836889215658319210e-02	3.311886363198721095e-02	-1.418981522328909527e-02	1.415384769769567619e-02	-1.402902306519774288e-02	1.842166973320385689e-02	-2.685146818723393655e-02	4.554623954609161168e-02	-1.716993220747076165e-02	8.335289709729334917e-02	-5.160589928136805754e-02	6.455538909906251288e-02	-3.937809493990066662e-02	1.658827923553724340e-02	-9.635727439286363716e-02	5.879042465482093444e-02	-5.221505098112334819e-02	3.575201302107810369e-02	-4.257387090267244351e-02	2.842758979480966564e-01	-9.517974887305941101e-02	9.371985521025538723e-02	-3.922319225157572947e-02	3.718026307243830347e-02	-6.322966677963374194e-01	1.000000000000000666e+00	-5.888161647601047877e-01	3.711064537952313974e-02	-3.274889317110366016e-02	2.567343281316505355e-01	-3.505277802649226504e-01	1.102268024318237838e-01	-8.004145085436761842e-02	1.202619565532315749e-01
-2.837748141666725926e-02	3.454329083501054415e-02	-6.335827079675973583e-02	2.664542666792264758e-02	-2.673181642367103775e-02	2.652152963450992926e-02	-3.481815815183560842e-02	5.087587543865795120e-02	-8.693299954017477682e-02	3.197482933038494485e-02	-1.589192777143446367e-01	9.605524583034931452e-02	-1.232961788467384773e-01	7.369032389875951328e-02	-3.101835515179626745e-02	1.648271018812834110e-01	-1.090110074567345322e-01	9.493811151614740818e-02	-6.663787462663055272e-02	7.841888171732833146e-02	-5.188802052002257081e-01	1.461378509738346931e-01	-1.700811451387885254e-01	7.262445505605921725e-02	-7.092207252930751715e-02	3.064853404241956181e-01	-5.888161647601047877e-01	1.000000000000001110e+00	-6.992558220543801384e-02	6.193399354500513793e-02	-2.253709246108475117e-01	2.183174640149082302e-01	-2.348312488995177028e-01	1.486473403395040804e-01	-2.491553286915021148e-01
1.250384027580668696e-02	-1.877101782880431433e-02	4.531961055226613189e-02	-2.346634294265025067e-02	2.294682618216310407e-02	-1.180053711031082801e-02	1.843176632897356587e-02	-3.825138684928674343e-02	8.224233984584940205e-02	-3.928560038397060916e-02	4.511321133717943049e-02	-4.411340093874486362e-02	5.700051787296066957e-02	-9.293248823471432496e-02	3.851501526787539514e-02	-5.000134069955295552e-02	5.885356563458769841e-02	-6.434217823061834374e-02	1.425824150870499685e-01	-1.557803501634019150e-01	6.486956953716568886e-02	-8.314874045309583739e-02	8.372013876409964417e-02	-7.937554184857520401e-01	2.931985814539208035e-01	-4.088164664239456875e-02	3.711064537952313974e-02	-6.992558220543801384e-02	1.000000000000001332e+00	-4.511425826173109943e-01	2.736143647041602150e-02	-3.224252831982223066e-02	1.204035685560508329e-01	-1.476570760582645858e-01	1.182233585212633109e-01
-1.044518442462384969e-02	1.532626220861336465e-02	-3.661563890131679100e-02	1.840184283061409298e-02	-1.814698662842728280e-02	9.813916693328891480e-03	-1.507409944590529932e-02	3.035364859079572181e-02	-6.373005571322960805e-02	2.865565926377058523e-02	-3.791871194344487855e-02	3.481553221278132354e-02	-4.503442507393591587e-02	6.373534905025453334e-02	-2.803557679792419155e-02	4.163165540568339318e-02	-4.544744834126063920e-02	4.739202849154010994e-02	-9.112028627594505326e-02	9.987909117987373020e-02	-5.826557858229290676e-02	5.770563546806652122e-02	-5.989070621401988009e-02	2.859290858616418962e-01	-8.239705340974214920e-01	3.645925348617860828e-02	-3.274889317110366016e-02	6.193399354500513793e-02	-4.511425826173109943e-01	1.000000000000001110e+00	-2.437642011604287604e-02	2.870300828052426215e-02	-9.671349062629412685e-02	9.587950084095908654e-02	-1.334043553058846254e-01
1.092519056949025485e-02	-1.341835704590958744e-02	2.422335801954758616e-02	-1.041170661215864643e-02	1.038007158644001227e-02	-1.025119224040685686e-02	1.345040302915384740e-02	-1.964149571603869895e-02	3.326963553291752140e-02	-1.258343086468083870e-02	6.083151005455569166e-02	-3.736355192794493102e-02	4.674332317562387984e-02	-2.875517319470717245e-02	1.214373501224771425e-02	-7.075564619737159666e-02	4.158281415217402605e-02	-3.686778726392181404e-02	2.602900831502655277e-02	-3.115935168941111680e-02	2.073840880323443714e-01	-5.756175388861514697e-02	5.800561460734557362e-02	-2.876662189644572931e-02	2.736921733218070085e-02	-4.156484206038252305e-01	2.567343281316505355e-01	-2.253709246108475117e-01	2.736143647041602150e-02	-2.437642011604287604e-02	1.000000000000000888e+00	-8.423060546743087462e-01	8.554492000167643329e-02	-6.326451674507063694e-02	9.033498596689384930e-02
-1.323331706174835261e-02	1.613408273733430570e-02	-2.925937468159428220e-02	1.241452644137536719e-02	-1.241513328230719158e-02	1.239168180830582319e-02	-1.622347453688798707e-02	2.360885656429664164e-02	-4.008783278487724339e-02	1.493042321002355753e-02	-7.440243814261662814e-02	4.492304496871046826e-02	-5.693168481445688017e-02	3.429933682071895085e-02	-1.444553603762033928e-02	8.183334507108723510e-02	-4.998495342590125734e-02	4.372575755365799843e-02	-3.090968342382525644e-02	3.671957975181866507e-02	-2.572593496316400441e-01	6.525919511328093225e-02	-6.810162411285898554e-02	3.365699694884782128e-02	-3.246467325542382043e-02	2.833562798940658656e-01	-3.505277802649226504e-01	2.183174640149082302e-01	-3.224252831982223066e-02	2.870300828052426215e-02	-8.423060546743087462e-01	1.000000000000000888e+00	-1.061593261211911665e-01	7.307649342245461921e-02	-1.106381597710705267e-01
1.328416384941430266e-02	-1.746161176385470706e-02	3.551923703962071854e-02	-1.665714739650355283e-02	1.648148025208501927e-02	-1.243988091058743049e-02	1.731200502762443583e-02	-2.902081506535702377e-02	5.283575082141576951e-02	-2.219647237719515193e-02	6.159395506577504398e-02	-4.305398675938824915e-02	5.476331880016795106e-02	-4.872939919888089055e-02	2.134019789301496578e-02	-6.756224480244549246e-02	5.012886985198448941e-02	-4.750408804098157911e-02	5.361550045792966290e-02	-6.476923251565949724e-02	1.509119141287287302e-01	-6.284177416180544706e-02	6.411312995804556436e-02	-1.192430786154085459e-01	8.971808983795143133e-02	-1.123020435668640737e-01	1.102268024318237838e-01	-2.348312488995177028e-01	1.204035685560508329e-01	-9.671349062629412685e-02	8.554492000167643329e-02	-1.061593261211911665e-01	1.000000000000000444e+00	-8.145326351752860683e-01	2.928032241882245201e-01
-1.052127788043250196e-02	1.394788483531248305e-02	-2.893018665415830401e-02	1.361206356701479686e-02	-1.348000207690133040e-02	9.851861852578365497e-03	-1.383605572125261307e-02	2.364719855290895595e-02	-4.404554488016846486e-02	1.857173741414062593e-02	-4.822815976330138699e-02	3.429984468682713283e-02	-4.385344415336316082e-02	4.107795708100345916e-02	-1.794173177382579754e-02	5.230600076357067030e-02	-4.045985118704463479e-02	3.859732105190150087e-02	-4.777959226195858944e-02	5.598443842830805317e-02	-1.164947727267756777e-01	5.019337665134182558e-02	-5.202488555390865493e-02	1.170138745022893945e-01	-8.999329731859688486e-02	7.924372421247088960e-02	-8.004145085436761842e-02	1.486473403395040804e-01	-1.476570760582645858e-01	9.587950084095908654e-02	-6.326451674507063694e-02	7.307649342245461921e-02	-8.145326351752860683e-01	1.000000000000000444e+00	-4.557496740367005250e-01
1.878022005236044262e-02	-2.469158608481461861e-02	5.012086813665535268e-02	-2.356144957266052831e-02	2.331537998491068492e-02	-1.756816545206529162e-02	2.442289571162487710e-02	-4.082911717501032378e-02	7.280738160895579292e-02	-3.036317080332370105e-02	8.460198695264317670e-02	-5.918813062472107200e-02	7.514891551005872805e-02	-6.540404164859472957e-02	2.901965105748219309e-02	-9.319570862152842805e-02	6.792758840909801643e-02	-6.415983611380549068e-02	6.743887338792145525e-02	-8.374856674897851461e-02	1.934387515700874693e-01	-8.003490251504713493e-02	8.027661717148698584e-02	-1.203890149348337546e-01	1.220500806155718487e-01	-1.376449523493312177e-01	1.202619565532315749e-01	-2.491553286915021148e-01	1.182233585212633109e-01	-1.334043553058846254e-01	9.033498596689384930e-02	-1.106381597710705267e-01	2.928032241882245201e-01	-4.557496740367005250e-01	1.000000000000000666e+00
