1.000000000000000222e+00	-3.844941225754168190e-01	2.258937256304918428e-01	-2.574153144564620410e-01	2.014057901537613382e-01	-7.121600442055810998e-01	2.339190609081870376e-01	-1.752627021928024609e-01	1.803990167420519153e-01	-1.039748059743356018e-01	2.791929413540755189e-01	-2.096608628527474039e-01	1.494521375516791040e-01	-1.681795961612174428e-01	9.716273725131222005e-02	-2.316386089039413620e-01	1.502845872616286882e-01	-2.187820119369957850e-01	1.165213784087918147e-01	-1.444007747402609454e-01	1.164234041175330053e-01	-7.520439557459158986e-02	6.172753715216533488e-02	-6.752763893131294437e-02	5.424502482294928096e-02	-8.302520334468972696e-02	6.164563059728072475e-02	-5.929902207026861716e-02	4.811553764628719726e-02	-4.517708932731906435e-02	1.093603268085691776e-01	-5.262610733098382204e-02	6.484114248833208749e-02	-4.904400215686398334e-02	6.640155330305280712e-02
-3.844941225754168190e-01	1.000000000000000666e+00	-7.708161988109102358e-01	2.722470368898868842e-01	-2.360317661439030323e-01	2.092319040082793735e-01	-2.509514579886848451e-01	1.933751506033829504e-01	-2.168214856183345585e-01	9.324447237369011543e-02	-1.818709855434046951e-01	1.505949608922809435e-01	-1.178240999794969573e-01	1.314495466335869056e-01	-8.899988383315411700e-02	1.336660106573559215e-01	-9.914424813430845751e-02	1.379155706010550819e-01	-9.426022857991886439e-02	1.122597731756360961e-01	-8.684227981990759460e-02	5.324181286243983430e-02	-4.438631593189102525e-02	5.157591186979703507e-02	-4.201025657783953593e-02	5.980500000265606686e-02	-4.609747562605025911e-02	4.360767924648501631e-02	-3.673960630332445687e-02	3.471673301164736325e-02	-8.512339498813482896e-02	3.963591223610749004e-02	-4.891202537459009986e-02	3.720331855941937799e-02	-5.164258608289187813e-02
2.258937256304918428e-01	-7.708161988109102358e-01	1.000000000000000888e+00	-4.462014192679585323e-01	2.113620514949477169e-01	-1.847900340862935475e-01	2.121398797182913465e-01	-2.439549879475557681e-01	2.160356199342533812e-01	-9.047779095985371278e-02	1.517740494307822652e-01	-1.443761649559908156e-01	1.120640034999641627e-01	-1.297973079397104490e-01	8.391464862232062005e-02	-1.269268469075207073e-01	9.314942716909260789e-02	-1.340367454332278552e-01	9.007721704427168463e-02	-1.100968168301470068e-01	8.030308921444399839e-02	-5.049358445187443478e-02	4.192994742856527568e-02	-4.911440173802485848e-02	3.977792256272288940e-02	-5.600905452143666030e-02	4.314825038405775692e-02	-4.110729145418332009e-02	3.467494682039929527e-02	-3.291767664880957539e-02	7.879423667922534624e-02	-3.709451384512434807e-02	4.576930924257062439e-02	-3.520265050030856047e-02	4.860911336523467130e-02
-2.574153144564620410e-01	2.722470368898868842e-01	-4.462014192679585323e-01	1.000000000000000888e+00	-5.377306435202580115e-01	1.894532024657396840e-01	-3.150881171547376125e-01	2.556775565848323217e-01	-4.438568606091877755e-01	1.604773566951773478e-01	-2.141638048016363260e-01	2.002569276155730105e-01	-1.653709259962092282e-01	1.944571367839066089e-01	-1.518154119046487560e-01	1.678564044470127747e-01	-1.307631187844053300e-01	1.832096855680299397e-01	-1.428616602955797010e-01	1.704431524371349815e-01	-1.259876747894673465e-01	7.560130154151230297e-02	-6.337730627790115479e-02	7.646761901365080327e-02	-6.259275319522286662e-02	8.592897881265278148e-02	-6.733805047773744334e-02	6.328323409814400058e-02	-5.434951017964492759e-02	5.162514147194917358e-02	-1.269931368204068600e-01	5.820209063235186331e-02	-7.177988322556200229e-02	5.496253063885883638e-02	-7.699423962221586815e-02
2.014057901537613382e-01	-2.360317661439030323e-01	2.113620514949477169e-01	-5.377306435202580115e-01	1.000000000000000888e+00	-1.806582056390944879e-01	2.395402171936939772e-01	-1.981597442599754011e-01	2.461046699168705221e-01	-3.280981656939961355e-01	2.174228741829672684e-01	-2.463924137858059249e-01	1.982177803004907257e-01	-2.721756833435257095e-01	2.265579555321061422e-01	-2.241100239891595791e-01	1.691390873147841922e-01	-2.632855685901197007e-01	1.988761327795547929e-01	-2.859795185789699157e-01	1.713582272457168376e-01	-1.080206965613986353e-01	8.930462994762150553e-02	-1.121304251702308075e-01	8.999881529760388188e-02	-1.213166370351881906e-01	9.517354520956061714e-02	-9.073387893239093227e-02	7.808303916393739830e-02	-7.538083194667218045e-02	1.793395516843597770e-01	-8.294929583750242086e-02	1.015225558849359305e-01	-8.021258428451177869e-02	1.091270404997050358e-01
-7.121600442055810998e-01	2.092319040082793735e-01	-1.847900340862935475e-01	1.894532024657396840e-01	-1.806582056390944879e-01	1.000000000000000666e+00	-2.951203763058545815e-01	1.624068795789772313e-01	-1.723011932816319314e-01	8.955407776364912587e-02	-4.960273076736531617e-01	1.987612536438856936e-01	-1.415817473582170472e-01	1.467909675298768313e-01	-8.591421468035639886e-02	2.080771832163494373e-01	-1.418280557325394264e-01	1.829060179983462153e-01	-1.031107779609476277e-01	1.218172533494554372e-01	-1.057081032328410913e-01	6.554937589540332787e-02	-5.434481478747876099e-02	5.862532382010542109e-02	-4.751406758565175636e-02	7.284726919051955074e-02	-5.446587314007014791e-02	5.185807734108937445e-02	-4.217274979067110047e-02	3.935542704971566746e-02	-9.735248079427863410e-02	4.637838326578472975e-02	-5.728799287247530320e-02	4.275000392984464742e-02	-5.847839637295365600e-02
2.339190609081870376e-01	-2.509514579886848451e-01	2.121398797182913465e-01	-3.150881171547376125e-01	2.395402171936939772e-01	-2.951203763058545815e-01	1.000000000000000666e+00	-5.803284098251830780e-01	3.100592652310249497e-01	-1.468494584733436858e-01	2.426600707365828280e-01	-4.063288547100188941e-01	2.336632933976385551e-01	-2.630841468073336076e-01	1.341295738315743946e-01	-2.142512153719402235e-01	1.707433238941777343e-01	-2.420487268021700999e-01	1.628817892701011905e-01	-2.019919443637605561e-01	1.264694401515703837e-01	-8.526037506364425589e-02	7.072247056816712008e-02	-8.426239638700369627e-02	6.754764596959621226e-02	-8.915171643246379285e-02	6.999381444536879882e-02	-6.775609900592727275e-02	5.788965865308097480e-02	-5.551962769632769884e-02	1.225966788336352448e-01	-5.981469189059757108e-02	7.423197189427865883e-02	-5.874387644443777867e-02	8.099026006444121073e-02
-1.752627021928024609e-01	1.933751506033829504e-01	-2.439549879475557681e-01	2.556775565848323217e-01	-1.981597442599754011e-01	1.624068795789772313e-01	-5.803284098251830780e-01	1.000000000000000888e+00	-6.714346007178974007e-01	1.129354653360282595e-01	-1.658965939273799317e-01	2.093208490181901749e-01	-1.837402888554523495e-01	1.862208756699970658e-01	-1.064127735493577143e-01	1.357746283877748206e-01	-1.113459910756330884e-01	1.548283543001429674e-01	-1.186085605011648614e-01	1.364037539405056620e-01	-8.782767917477322939e-02	5.731905901278094850e-02	-4.795407631672550519e-02	5.831983017157381377e-02	-4.721043075684503570e-02	6.093451123283220860e-02	-4.830612360950732598e-02	4.635582562223811848e-02	-4.023080665139452256e-02	3.858109866132385796e-02	-8.614017054022640729e-02	4.138726657000567355e-02	-5.140557776411511237e-02	4.061499305658207437e-02	-5.685610633058629793e-02
1.803990167420519153e-01	-2.168214856183345585e-01	2.160356199342533812e-01	-4.438568606091877755e-01	2.461046699168705221e-01	-1.723011932816319314e-01	3.100592652310249497e-01	-6.714346007178974007e-01	1.000000000000000444e+00	-1.663158262304846591e-01	1.830708476479845637e-01	-2.417373722269339220e-01	1.933276645066902555e-01	-2.734834791785399344e-01	1.422373881842898258e-01	-1.663947330164742833e-01	1.325043674676540106e-01	-1.946538971911741522e-01	1.540179915203394034e-01	-1.886960114665708343e-01	1.084853440682577302e-01	-7.240040183088511383e-02	6.029641974623771439e-02	-7.555682598898279256e-02	6.066477089272907797e-02	-7.612328261597600676e-02	6.062104380276941290e-02	-5.862070322735431910e-02	5.134055200391000190e-02	-4.968010596076474772e-02	1.074012436160051293e-01	-5.205950443768825320e-02	6.461614908579052519e-02	-5.203749315573860668e-02	7.237479299334341476e-02
-1.039748059743356018e-01	9.324447237369011543e-02	-9.047779095985371278e-02	1.604773566951773478e-01	-3.280981656939961355e-01	8.955407776364912587e-02	-1.468494584733436858e-01	1.129354653360282595e-01	-1.663158262304846591e-01	1.000000000000000444e+00	-1.196312118956755349e-01	1.339971131907467805e-01	-1.369197167213132005e-01	1.877689360959122478e-01	-8.608798618342397013e-01	1.050444434227061075e-01	-8.724689863867830797e-02	1.249993467073871323e-01	-1.722921334633461254e-01	2.035186387493239657e-01	-8.527410712159316786e-02	5.607625358836375307e-02	-4.788657886857079771e-02	7.023342124475330517e-02	-5.912014503063866416e-02	5.891472476862637253e-02	-4.943885024595292416e-02	4.760824312382148232e-02	-4.655663766523340796e-02	4.650805872510369032e-02	-8.891084356946941936e-02	4.286977626824019227e-02	-5.371503104724933975e-02	4.620429383869574524e-02	-6.946048742871224757e-02
2.791929413540755189e-01	-1.818709855434046951e-01	1.517740494307822652e-01	-2.141638048016363260e-01	2.174228741829672684e-01	-4.960273076736531617e-01	2.426600707365828280e-01	-1.658965939273799317e-01	1.830708476479845637e-01	-1.196312118956755349e-01	1.000000000000001554e+00	-3.698023082263587891e-01	2.175334697290704777e-01	-2.196516772782015070e-01	1.153997589400826140e-01	-5.131725405289362385e-01	2.583500727494993932e-01	-3.404336224226331975e-01	1.492025935460022379e-01	-1.758388106990638466e-01	1.649287327278045612e-01	-1.074371783123811153e-01	8.765082926370526550e-02	-8.763052557519952768e-02	7.034665149826119235e-02	-1.177465826313023461e-01	8.388579812304988725e-02	-8.112484419861933083e-02	6.322831686802511675e-02	-5.829366393602532226e-02	1.433354856930066368e-01	-7.073434448540991126e-02	8.731470369140825749e-02	-6.425851566306904628e-02	8.603598035067264171e-02
-2.096608628527474039e-01	1.505949608922809435e-01	-1.443761649559908156e-01	2.002569276155730105e-01	-2.463924137858059249e-01	1.987612536438856936e-01	-4.063288547100188941e-01	2.093208490181901749e-01	-2.417373722269339220e-01	1.339971131907467805e-01	-3.698023082263587891e-01	1.000000000000000666e+00	-6.088133074399501021e-01	2.858241468658117013e-01	-1.429166161501280452e-01	2.411114330089317859e-01	-2.877409408359857257e-01	2.765146328502770534e-01	-1.997979853215054724e-01	1.884344656165734266e-01	-1.435295263683365186e-01	9.710729663676119505e-02	-8.270943222067499156e-02	9.111714665575619543e-02	-7.477841306785797115e-02	9.653437429664450675e-02	-7.879324912482743581e-02	7.504248833139838537e-02	-6.392576397202599792e-02	5.996023196179919856e-02	-1.354004527728349949e-01	6.624005412686054250e-02	-8.321577987542488897e-02	6.355156374074712178e-02	-9.021899569900425353e-02
1.494521375516791040e-01	-1.178240999794969573e-01	1.120640034999641627e-01	-1.653709259962092282e-01	1.982177803004907257e-01	-1.415817473582170472e-01	2.336632933976385551e-01	-1.837402888554523495e-01	1.933276645066902555e-01	-1.369197167213132005e-01	2.175334697290704777e-01	-6.088133074399501021e-01	1.000000000000001554e+00	-5.794675282491672519e-01	1.415086733837498945e-01	-1.959632868477543255e-01	2.012443131997977142e-01	-3.300160771953129513e-01	2.122177868540467416e-01	-2.120196971318081269e-01	1.153404172533309818e-01	-8.397515711587368037e-02	7.166538335041930385e-02	-8.723879601430120645e-02	6.954759371467177098e-02	-7.909558198930680128e-02	6.622855339807788566e-02	-6.462270392340889458e-02	5.732371474594285393e-02	-5.502306041827065286e-02	1.105095739650130970e-01	-5.581809678291410615e-02	7.036184648835863698e-02	-5.696110775538561904e-02	8.072856575200351714e-02
-1.681795961612174428e-01	1.314495466335869056e-01	-1.297973079397104490e-01	1.944571367839066089e-01	-2.721756833435257095e-01	1.467909675298768313e-01	-2.630841468073336076e-01	1.862208756699970658e-01	-2.734834791785399344e-01	1.877689360959122478e-01	-2.196516772782015070e-01	2.858241468658117013e-01	-5.794675282491672519e-01	1.000000000000001110e+00	-2.432971074056515803e-01	1.747368934890284609e-01	-1.673780606714913022e-01	2.245370563792931928e-01	-4.653208313420625908e-01	2.798780248641847268e-01	-1.326931665496965673e-01	9.061892893624226564e-02	-7.902532576239829076e-02	1.189041477178292838e-01	-9.657512213103608412e-02	9.014953576618195408e-02	-7.734438498506197857e-02	7.490047782309636193e-02	-7.498572870998967965e-02	7.302638767822917931e-02	-1.336873161952333300e-01	6.621730757329097328e-02	-8.377638122120781294e-02	7.256288978124292299e-02	-1.084832879899277069e-01
9.716273725131222005e-02	-8.899988383315411700e-02	8.391464862232062005e-02	-1.518154119046487560e-01	2.265579555321061422e-01	-8.591421468035639886e-02	1.341295738315743946e-01	-1.064127735493577143e-01	1.422373881842898258e-01	-8.608798618342397013e-01	1.153997589400826140e-01	-1.429166161501280452e-01	1.415086733837498945e-01	-2.432971074056515803e-01	1.000000000000001332e+00	-1.066272087197579488e-01	8.875373106734550654e-02	-1.313219927460306802e-01	1.844676630645714355e-01	-2.853925034952063955e-01	8.181229563411104855e-02	-5.643906812428253067e-02	4.804622140140010766e-02	-7.343722386325986229e-02	6.085759364070339461e-02	-5.719758770060028030e-02	4.837140410965849735e-02	-4.726942999202554674e-02	4.687449292054914063e-02	-4.753546315245799764e-02	8.474828223741302791e-02	-4.190610337427290444e-02	5.256805707607459244e-02	-4.672672276629753763e-02	6.904006264729958819e-02
-2.316386089039413620e-01	1.336660106573559215e-01	-1.269268469075207073e-01	1.678564044470127747e-01	-2.241100239891595791e-01	2.080771832163494373e-01	-2.142512153719402235e-01	1.357746283877748206e-01	-1.663947330164742833e-01	1.050444434227061075e-01	-5.131725405289362385e-01	2.411114330089317859e-01	-1.959632868477543255e-01	1.747368934890284609e-01	-1.066272087197579488e-01	1.000000000000000888e+00	-6.066645762944834486e-01	3.132410689722856523e-01	-1.372501987369730281e-01	1.473439608702782344e-01	-2.544645773658442134e-01	1.268253981121601759e-01	-1.073315117741066027e-01	8.886078918894343981e-02	-7.318321445052389240e-02	1.455979962630126745e-01	-1.002192495725695853e-01	9.253871669769125896e-02	-6.841577168401204168e-02	6.005674283419320386e-02	-1.728019003389207886e-01	8.276595216817439482e-02	-1.026366273231264920e-01	6.858062701968831165e-02	-9.172665398755068533e-02
1.502845872616286882e-01	-9.914424813430845751e-02	9.314942716909260789e-02	-1.307631187844053300e-01	1.691390873147841922e-01	-1.418280557325394264e-01	1.707433238941777343e-01	-1.113459910756330884e-01	1.325043674676540106e-01	-8.724689863867830797e-02	2.583500727494993932e-01	-2.877409408359857257e-01	2.012443131997977142e-01	-1.673780606714913022e-01	8.875373106734550654e-02	-6.066645762944834486e-01	1.000000000000000888e+00	-6.413072325535679186e-01	1.231840811354780324e-01	-1.297029659851699213e-01	1.523915592397325491e-01	-1.552127782423503299e-01	1.158987171200953625e-01	-7.987850132198093256e-02	6.456105707694721751e-02	-1.035608810239569688e-01	8.807720281593107992e-02	-8.650300054217836820e-02	5.982514400170928920e-02	-5.192722119652506269e-02	1.268061747331700462e-01	-6.956048355224600521e-02	8.894830417364048281e-02	-5.955215104799602144e-02	7.838927581572327496e-02
-2.187820119369957850e-01	1.379155706010550819e-01	-1.340367454332278552e-01	1.832096855680299397e-01	-2.632855685901197007e-01	1.829060179983462153e-01	-2.420487268021700999e-01	1.548283543001429674e-01	-1.946538971911741522e-01	1.249993467073871323e-01	-3.404336224226331975e-01	2.765146328502770534e-01	-3.300160771953129513e-01	2.245370563792931928e-01	-1.313219927460306802e-01	3.132410689722856523e-01	-6.413072325535679186e-01	1.000000000000001776e+00	-1.863993621306125892e-01	1.789986031296917357e-01	-2.032270096478570598e-01	1.510405913890275065e-01	-1.413761520347542600e-01	1.076446997609296213e-01	-8.916519704622552500e-02	1.301665699586942448e-01	-1.143902136516626311e-01	1.086870465372299227e-01	-8.129733526683227685e-02	7.169751854098481425e-02	-1.833825910617815913e-01	9.252391446017241283e-02	-1.181972750191016136e-01	8.034245185806049294e-02	-1.102369759353269002e-01
1.165213784087918147e-01	-9.426022857991886439e-02	9.007721704427168463e-02	-1.428616602955797010e-01	1.988761327795547929e-01	-1.031107779609476277e-01	1.628817892701011905e-01	-1.186085605011648614e-01	1.540179915203394034e-01	-1.722921334633461254e-01	1.492025935460022379e-01	-1.997979853215054724e-01	2.122177868540467416e-01	-4.653208313420625908e-01	1.844676630645714355e-01	-1.372501987369730281e-01	1.231840811354780324e-01	-1.863993621306125892e-01	1.000000000000001332e+00	-7.403225856232875657e-01	1.059494565447937769e-01	-9.267919229865453912e-02	8.217707871692227217e-02	-2.110915088005806406e-01	1.401366647509125207e-01	-7.596994381285407383e-02	7.325411781952466395e-02	-7.691297710906883078e-02	9.629416045388404510e-02	-1.004296431737960460e-01	1.116075426811739824e-01	-6.356731219166814051e-02	8.194881901466884166e-02	-9.199250661583488475e-02	1.356327260840452242e-01
-1.444007747402609454e-01	1.122597731756360961e-01	-1.100968168301470068e-01	1.704431524371349815e-01	-2.859795185789699157e-01	1.218172533494554372e-01	-2.019919443637605561e-01	1.364037539405056620e-01	-1.886960114665708343e-01	2.035186387493239657e-01	-1.758388106990638466e-01	1.884344656165734266e-01	-2.120196971318081269e-01	2.798780248641847268e-01	-2.853925034952063955e-01	1.473439608702782344e-01	-1.297029659851699213e-01	1.789986031296917357e-01	-7.403225856232875657e-01	1.000000000000001554e+00	-1.316549754045161780e-01	9.886363759529989692e-02	-8.805270286994659745e-02	1.739416782022853991e-01	-1.617047763605666821e-01	9.170752317117859820e-02	-8.538379559813362440e-02	8.538851666565576426e-02	-1.031204125105495278e-01	1.098334743483206921e-01	-1.412420208494195584e-01	7.412457013697136554e-02	-9.546993550102894632e-02	9.722513290754683513e-02	-1.623262826915106427e-01
1.164234041175330053e-01	-8.684227981990759460e-02	8.030308921444399839e-02	-1.259876747894673465e-01	1.713582272457168376e-01	-1.057081032328410913e-01	1.264694401515703837e-01	-8.782767917477322939e-02	1.084853440682577302e-01	-8.527410712159316786e-02	1.649287327278045612e-01	-1.435295263683365186e-01	1.153404172533309818e-01	-1.326931665496965673e-01	8.181229563411104855e-02	-2.544645773658442134e-01	1.523915592397325491e-01	-2.032270096478570598e-01	1.059494565447937769e-01	-1.316549754045161780e-01	1.000000000000000888e+00	-1.538970435719176355e-01	1.158829947747787859e-01	-9.964528351062135192e-02	7.836597678398715683e-02	-7.179973183626784383e-01	1.537260494624978491e-01	-1.358422122066843540e-01	8.355000185852239081e-02	-6.806312517824457398e-02	3.066231615729480553e-01	-1.382129231662362900e-01	1.435147405244772689e-01	-8.861731926270155490e-02	1.002314517989142395e-01
-7.520439557459158986e-02	5.324181286243983430e-02	-5.049358445187443478e-02	7.560130154151230297e-02	-1.080206965613986353e-01	6.554937589540332787e-02	-8.526037506364425589e-02	5.731905901278094850e-02	-7.240040183088511383e-02	5.607625358836375307e-02	-1.074371783123811153e-01	9.710729663676119505e-02	-8.397515711587368037e-02	9.061892893624226564e-02	-5.643906812428253067e-02	1.268253981121601759e-01	-1.552127782423503299e-01	1.510405913890275065e-01	-9.267919229865453912e-02	9.886363759529989692e-02	-1.538970435719176355e-01	1.000000000000001110e+00	-7.942236768539289171e-01	1.731491901945080292e-01	-1.426526961190203724e-01	1.288875984648889250e-01	-3.114364526770255215e-01	2.870625145020928581e-01	-1.457143393192505965e-01	1.021242565949646020e-01	-1.787526899015551562e-01	1.870081182711997581e-01	-2.744433384587664504e-01	1.352376294048882321e-01	-1.591774812543370332e-01
6.172753715216533488e-02	-4.438631593189102525e-02	4.192994742856527568e-02	-6.337730627790115479e-02	8.930462994762150553e-02	-5.434481478747876099e-02	7.072247056816712008e-02	-4.795407631672550519e-02	6.029641974623771439e-02	-4.788657886857079771e-02	8.765082926370526550e-02	-8.270943222067499156e-02	7.166538335041930385e-02	-7.902532576239829076e-02	4.804622140140010766e-02	-1.073315117741066027e-01	1.158987171200953625e-01	-1.413761520347542600e-01	8.217707871692227217e-02	-8.805270286994659745e-02	1.158829947747787859e-01	-7.942236768539289171e-01	1.000000000000000666e+00	-2.047669484097987269e-01	1.288444766149716703e-01	-1.055801964748886157e-01	2.279225191164066522e-01	-4.413621953260881692e-01	1.305641859426922846e-01	-9.313581467365096567e-02	1.390173555527976501e-01	-1.624795403020299622e-01	2.180894196597179258e-01	-1.252403291063392821e-01	1.326269534595174715e-01
-6.752763893131294437e-02	5.157591186979703507e-02	-4.911440173802485848e-02	7.646761901365080327e-02	-1.121304251702308075e-01	5.862532382010542109e-02	-8.426239638700369627e-02	5.831983017157381377e-02	-7.555682598898279256e-02	7.023342124475330517e-02	-8.763052557519952768e-02	9.111714665575619543e-02	-8.723879601430120645e-02	1.189041477178292838e-01	-7.343722386325986229e-02	8.886078918894343981e-02	-7.987850132198093256e-02	1.076446997609296213e-01	-2.110915088005806406e-01	1.739416782022853991e-01	-9.964528351062135192e-02	1.731491901945080292e-01	-2.047669484097987269e-01	1.000000000000000888e+00	-6.664989334972633017e-01	8.333222385480414107e-02	-1.234284138281160903e-01	1.499417456122283665e-01	-3.762629338428732928e-01	2.839381536956469554e-01	-1.248170695966585309e-01	1.050764704288966594e-01	-1.495372180233336123e-01	2.470374548187436181e-01	-4.036899291319534511e-01
5.424502482294928096e-02	-4.201025657783953593e-02	3.977792256272288940e-02	-6.259275319522286662e-02	8.999881529760388188e-02	-4.751406758565175636e-02	6.754764596959621226e-02	-4.721043075684503570e-02	6.066477089272907797e-02	-5.912014503063866416e-02	7.034665149826119235e-02	-7.477841306785797115e-02	6.954759371467177098e-02	-9.657512213103608412e-02	6.085759364070339461e-02	-7.318321445052389240e-02	6.456105707694721751e-02	-8.916519704622552500e-02	1.401366647509125207e-01	-1.617047763605666821e-01	7.836597678398715683e-02	-1.426526961190203724e-01	1.288444766149716703e-01	-6.664989334972633017e-01	1.000000000000001332e+00	-6.678720551116956727e-02	9.299366363639359478e-02	-1.179569341004037680e-01	2.034023142587048638e-01	-5.721564451437015641e-01	9.644002807025368884e-02	-8.338271038955830106e-02	1.122730363746618776e-01	-2.160207949088641111e-01	3.077433324671151049e-01
-8.302520334468972696e-02	5.980500000265606686e-02	-5.600905452143666030e-02	8.592897881265278148e-02	-1.213166370351881906e-01	7.284726919051955074e-02	-8.915171643246379285e-02	6.093451123283220860e-02	-7.612328261597600676e-02	5.891472476862637253e-02	-1.177465826313023461e-01	9.653437429664450675e-02	-7.909558198930680128e-02	9.014953576618195408e-02	-5.719758770060028030e-02	1.455979962630126745e-01	-1.035608810239569688e-01	1.301665699586942448e-01	-7.596994381285407383e-02	9.170752317117859820e-02	-7.179973183626784383e-01	1.288875984648889250e-01	-1.055801964748886157e-01	8.333222385480414107e-02	-6.678720551116956727e-02	1.000000000000001554e+00	-2.006549214968338379e-01	1.397029838724224426e-01	-7.927188067927674886e-02	5.738655913449926954e-02	-5.517640108803938404e-01	1.702300836281774588e-01	-1.661343779076135951e-01	8.305782620128654425e-02	-8.654924763683601030e-02
6.164563059728072475e-02	-4.609747562605025911e-02	4.314825038405775692e-02	-6.733805047773744334e-02	9.517354520956061714e-02	-5.446587314007014791e-02	6.999381444536879882e-02	-4.830612360950732598e-02	6.062104380276941290e-02	-4.943885024595292416e-02	8.388579812304988725e-02	-7.879324912482743581e-02	6.622855339807788566e-02	-7.734438498506197857e-02	4.837140410965849735e-02	-1.002192495725695853e-01	8.807720281593107992e-02	-1.143902136516626311e-01	7.325411781952466395e-02	-8.538379559813362440e-02	1.537260494624978491e-01	-3.114364526770255215e-01	2.279225191164066522e-01	-1.234284138281160903e-01	9.299366363639359478e-02	-2.006549214968338379e-01	1.000000000000001332e+00	-5.459424881105272576e-01	1.316514549986702864e-01	-7.787698006865198530e-02	2.311672301840153043e-01	-6.298472072360623564e-01	3.248313421227195241e-01	-1.437333414850917035e-01	1.130665284123719139e-01
-5.929902207026861716e-02	4.360767924648501631e-02	-4.110729145418332009e-02	6.328323409814400058e-02	-9.073387893239093227e-02	5.185807734108937445e-02	-6.775609900592727275e-02	4.635582562223811848e-02	-5.862070322735431910e-02	4.760824312382148232e-02	-8.112484419861933083e-02	7.504248833139838537e-02	-6.462270392340889458e-02	7.490047782309636193e-02	-4.726942999202554674e-02	9.253871669769125896e-02	-8.650300054217836820e-02	1.086870465372299227e-01	-7.691297710906883078e-02	8.538851666565576426e-02	-1.358422122066843540e-01	2.870625145020928581e-01	-4.413621953260881692e-01	1.499417456122283665e-01	-1.179569341004037680e-01	1.397029838724224426e-01	-5.459424881105272576e-01	1.000000000000001110e+00	-1.936787153333546785e-01	9.290465056128212329e-02	-2.026916169940966850e-01	2.945453591090977929e-01	-5.469780838836775239e-01	1.761972410605027461e-01	-1.404390137772043856e-01
4.811553764628719726e-02	-3.673960630332445687e-02	3.467494682039929527e-02	-5.434951017964492759e-02	7.808303916393739830e-02	-4.217274979067110047e-02	5.788965865308097480e-02	-4.023080665139452256e-02	5.134055200391000190e-02	-4.655663766523340796e-02	6.322831686802511675e-02	-6.392576397202599792e-02	5.732371474594285393e-02	-7.498572870998967965e-02	4.687449292054914063e-02	-6.841577168401204168e-02	5.982514400170928920e-02	-8.129733526683227685e-02	9.629416045388404510e-02	-1.031204125105495278e-01	8.355000185852239081e-02	-1.457143393192505965e-01	1.305641859426922846e-01	-3.762629338428732928e-01	2.034023142587048638e-01	-7.927188067927674886e-02	1.316514549986702864e-01	-1.936787153333546785e-01	1.000000000000000666e+00	-1.898804682812447464e-01	1.138248668330113650e-01	-1.327607634621349175e-01	1.902672535157630407e-01	-8.196070183568455736e-01	2.279497620585969331e-01
-4.517708932731906435e-02	3.471673301164736325e-02	-3.291767664880957539e-02	5.162514147194917358e-02	-7.538083194667218045e-02	3.935542704971566746e-02	-5.551962769632769884e-02	3.858109866132385796e-02	-4.968010596076474772e-02	4.650805872510369032e-02	-5.829366393602532226e-02	5.996023196179919856e-02	-5.502306041827065286e-02	7.302638767822917931e-02	-4.753546315245799764e-02	6.005674283419320386e-02	-5.192722119652506269e-02	7.169751854098481425e-02	-1.004296431737960460e-01	1.098334743483206921e-01	-6.806312517824457398e-02	1.021242565949646020e-01	-9.313581467365096567e-02	2.839381536956469554e-01	-5.721564451437015641e-01	5.738655913449926954e-02	-7.787698006865198530e-02	9.290465056128212329e-02	-1.898804682812447464e-01	1.000000000000000444e+00	-8.559146556206262413e-02	6.999956146234355414e-02	-9.681501458979649422e-02	1.810531803891821112e-01	-7.200347508280307007e-01
1.093603268085691776e-01	-8.512339498813482896e-02	7.879423667922534624e-02	-1.269931368204068600e-01	1.793395516843597770e-01	-9.735248079427863410e-02	1.225966788336352448e-01	-8.614017054022640729e-02	1.074012436160051293e-01	-8.891084356946941936e-02	1.433354856930066368e-01	-1.354004527728349949e-01	1.105095739650130970e-01	-1.336873161952333300e-01	8.474828223741302791e-02	-1.728019003389207886e-01	1.268061747331700462e-01	-1.833825910617815913e-01	1.116075426811739824e-01	-1.412420208494195584e-01	3.066231615729480553e-01	-1.787526899015551562e-01	1.390173555527976501e-01	-1.248170695966585309e-01	9.644002807025368884e-02	-5.517640108803938404e-01	2.311672301840153043e-01	-2.026916169940966850e-01	1.138248668330113650e-01	-8.559146556206262413e-02	1.000000000000000444e+00	-3.381518320606060057e-01	2.247125015355968813e-01	-1.268616310216882093e-01	1.242244309265406188e-01
-5.262610733098382204e-02	3.963591223610749004e-02	-3.709451384512434807e-02	5.820209063235186331e-02	-8.294929583750242086e-02	4.637838326578472975e-02	-5.981469189059757108e-02	4.138726657000567355e-02	-5.205950443768825320e-02	4.286977626824019227e-02	-7.073434448540991126e-02	6.624005412686054250e-02	-5.581809678291410615e-02	6.621730757329097328e-02	-4.190610337427290444e-02	8.276595216817439482e-02	-6.956048355224600521e-02	9.252391446017241283e-02	-6.356731219166814051e-02	7.412457013697136554e-02	-1.382129231662362900e-01	1.870081182711997581e-01	-1.624795403020299622e-01	1.050764704288966594e-01	-8.338271038955830106e-02	1.702300836281774588e-01	-6.298472072360623564e-01	2.945453591090977929e-01	-1.327607634621349175e-01	6.999956146234355414e-02	-3.381518320606060057e-01	1.000000000000000666e+00	-5.941214746845459027e-01	1.420453226050924223e-01	-1.058575484945553924e-01
6.484114248833208749e-02	-4.891202537459009986e-02	4.576930924257062439e-02	-7.177988322556200229e-02	1.015225558849359305e-01	-5.728799287247530320e-02	7.423197189427865883e-02	-5.140557776411511237e-02	6.461614908579052519e-02	-5.371503104724933975e-02	8.731470369140825749e-02	-8.321577987542488897e-02	7.036184648835863698e-02	-8.377638122120781294e-02	5.256805707607459244e-02	-1.026366273231264920e-01	8.894830417364048281e-02	-1.181972750191016136e-01	8.194881901466884166e-02	-9.546993550102894632e-02	1.435147405244772689e-01	-2.744433384587664504e-01	2.180894196597179258e-01	-1.495372180233336123e-01	1.122730363746618776e-01	-1.661343779076135951e-01	3.248313421227195241e-01	-5.469780838836775239e-01	1.902672535157630407e-01	-9.681501458979649422e-02	2.247125015355968813e-01	-5.941214746845459027e-01	1.000000000000000444e+00	-2.666467596346963620e-01	1.402739602544656461e-01
-4.904400215686398334e-02	3.720331855941937799e-02	-3.520265050030856047e-02	5.496253063885883638e-02	-8.021258428451177869e-02	4.275000392984464742e-02	-5.874387644443777867e-02	4.061499305658207437e-02	-5.203749315573860668e-02	4.620429383869574524e-02	-6.425851566306904628e-02	6.355156374074712178e-02	-5.696110775538561904e-02	7.256288978124292299e-02	-4.672672276629753763e-02	6.858062701968831165e-02	-5.955215104799602144e-02	8.034245185806049294e-02	-9.199250661583488475e-02	9.722513290754683513e-02	-8.861731926270155490e-02	1.352376294048882321e-01	-1.252403291063392821e-01	2.470374548187436181e-01	-2.160207949088641111e-01	8.305782620128654425e-02	-1.437333414850917035e-01	1.761972410605027461e-01	-8.196070183568455736e-01	1.810531803891821112e-01	-1.268616310216882093e-01	1.420453226050924223e-01	-2.666467596346963620e-01	1.000000000000000444e+00	-3.146652894977804982e-01
6.640155330305280712e-02	-5.164258608289187813e-02	4.860911336523467130e-02	-7.699423962221586815e-02	1.091270404997050358e-01	-5.847839637295365600e-02	8.099026006444121073e-02	-5.685610633058629793e-02	7.237479299334341476e-02	-6.946048742871224757e-02	8.603598035067264171e-02	-9.021899569900425353e-02	8.072856575200351714e-02	-1.084832879899277069e-01	6.904006264729958819e-02	-9.172665398755068533e-02	7.838927581572327496e-02	-1.102369759353269002e-01	1.356327260840452242e-01	-1.623262826915106427e-01	1.002314517989142395e-01	-1.591774812543370332e-01	1.326269534595174715e-01	-4.036899291319534511e-01	3.077433324671151049e-01	-8.654924763683601030e-02	1.130665284123719139e-01	-1.404390137772043856e-01	2.279497620585969331e-01	-7.200347508280307007e-01	1.242244309265406188e-01	-1.058575484945553924e-01	1.402739602544656461e-01	-3.146652894977804982e-01	1.000000000000000444e+00
