1.000000000000000000e+00	-6.701821923710252760e-01	7.329485262833214387e-02	-5.590944862606750387e-02	5.796516934941857435e-02	-6.516007808295114501e-01	2.150388100792828827e-01	-7.903973670759235903e-02	8.246231199716906601e-02	-5.717652924935922448e-02	2.086875344547775291e-01	-1.630647583238111764e-01	8.814276535821616299e-02	-6.852154632884818741e-02	8.127862675941993631e-02	-1.560452623763697588e-01	1.286291962893640062e-01	-8.325050247010616633e-02	6.880270205083331703e-02	-7.716170833936812634e-02	9.804633515616921480e-02	-1.053595099257147449e-01	8.833874439510061571e-02	-7.102078364283009870e-02	6.167405042383869440e-02	-6.245473467142960422e-02	9.847764219703976363e-02	-8.163109552271242964e-02	8.202774668994995688e-02	-5.999030951352365970e-02	9.783542329364550150e-02	-7.634417783090234610e-02	1.088791766663226579e-01	-4.195478882583763419e-02	4.857150322348075672e-02
-6.701821923710252760e-01	1.000000000000000000e+00	-1.241176671752280691e-01	9.066488183086035546e-02	-9.655803913536431526e-02	3.311310395593570766e-01	-3.725941790049093205e-01	1.272479732154724874e-01	-1.369620343352072334e-01	9.347130141996214114e-02	-3.255629187516263512e-01	2.288288146996678707e-01	-1.461697786636107499e-01	1.122675428319990787e-01	-1.357893194605673259e-01	2.202025243354959194e-01	-2.083243467276711669e-01	1.346695484783682339e-01	-1.131962755913460267e-01	1.248565704737783361e-01	-1.644007921750968992e-01	1.656552041627090133e-01	-1.460980894114647655e-01	1.163208041104797363e-01	-1.019987508308820429e-01	1.038034505412710057e-01	-1.644725248710826870e-01	1.346984201225316091e-01	-1.367652920976280551e-01	9.840592346690686665e-02	-1.651564820330873873e-01	1.268350204759805810e-01	-1.834408562344288229e-01	6.984925894459041718e-02	-8.129007982186971237e-02
7.329485262833214387e-02	-1.241176671752280691e-01	9.999999999999997780e-01	-7.646935467197339964e-01	2.658281995273435450e-01	-1.071714998021544712e-01	1.096247034735448878e-01	-3.714000666091055725e-01	2.559992172489707341e-01	-2.953456224374745309e-01	9.846598489391138187e-02	-9.547021922190848664e-02	1.642780769276928898e-01	-1.635209132352322681e-01	1.734060292177286300e-01	-1.177747150765703771e-01	1.001888875319245642e-01	-1.539583835256233268e-01	1.162683353670079245e-01	-1.420113515125255021e-01	7.893267707147327839e-02	-9.723992523679605982e-02	1.104482948937824116e-01	-1.021459542500759016e-01	8.282122218798276814e-02	-5.292833311389941869e-02	8.958316524742541975e-02	-9.298524049200532215e-02	9.495685005405601897e-02	-8.194783836079544415e-02	8.081466241578456888e-02	-7.089599761334208772e-02	1.023031251715956769e-01	-4.727374972781063500e-02	5.304295055919584084e-02
-5.590944862606750387e-02	9.066488183086035546e-02	-7.646935467197339964e-01	9.999999999999997780e-01	-4.617505673583450765e-01	8.026627917736435525e-02	-8.547753812557026820e-02	2.267042598002200759e-01	-2.665119022533097293e-01	2.609504419053981783e-01	-7.721917847676114388e-02	7.255691277858176969e-02	-1.362729591234112803e-01	1.365421286276365942e-01	-1.668605818294477960e-01	9.003232308656310134e-02	-7.924512448440444723e-02	1.178277245737582302e-01	-9.608217991950407377e-02	1.114906447389510807e-01	-6.257807542621306174e-02	7.604169082006838332e-02	-8.908600479595724098e-02	8.138614599222238066e-02	-6.656621207375060245e-02	4.188745290387588249e-02	-7.147940713965593440e-02	7.367901093830681036e-02	-7.646997177542860791e-02	6.478271025186098375e-02	-6.426490142397182914e-02	5.628087104657417128e-02	-8.210408040108822803e-02	3.777998263798054701e-02	-4.262464923596550465e-02
5.796516934941857435e-02	-9.655803913536431526e-02	2.658281995273435450e-01	-4.617505673583450765e-01	9.999999999999991118e-01	-8.823603646674015033e-02	8.566708505263435913e-02	-2.088769517570456535e-01	2.219940503892318673e-01	-7.501326895754272250e-01	8.221165211170848586e-02	-7.656254942810443442e-02	1.400560722461739460e-01	-1.820810284990651284e-01	2.106304705177440839e-01	-1.020129036319935428e-01	8.680265734213141182e-02	-1.348030152706945206e-01	1.151323669563697610e-01	-1.429497946048179924e-01	6.958507200646321667e-02	-8.575069477535374185e-02	1.006085580290777964e-01	-9.652254179408951973e-02	7.830833856402920345e-02	-4.684250997606299177e-02	7.990646659950158270e-02	-8.460147398806625030e-02	8.756809052158481821e-02	-7.714417172596348127e-02	7.150352437137255657e-02	-6.332315377956718172e-02	9.173793393056614565e-02	-4.341881002628011910e-02	4.860884496617714351e-02
-6.516007808295114501e-01	3.311310395593570766e-01	-1.071714998021544712e-01	8.026627917736435525e-02	-8.823603646674015033e-02	9.999999999999990008e-01	-3.679198094282814524e-01	1.192650225654254825e-01	-1.279866825623862392e-01	8.573723443400321775e-02	-3.940713632152839652e-01	2.360868500238310075e-01	-1.379531520132529776e-01	1.054126397112753605e-01	-1.268086928811053560e-01	2.303742042643193433e-01	-2.049785321704721552e-01	1.280892442564673939e-01	-1.069409975105049537e-01	1.182029454938233332e-01	-1.575429889190361754e-01	1.616065794062312155e-01	-1.389756979432303363e-01	1.104950650749489949e-01	-9.662748522830309772e-02	9.950311940227045404e-02	-1.571978501659466454e-01	1.283162331769932829e-01	-1.296354704382664258e-01	9.341664549566872089e-02	-1.574432073719527758e-01	1.211470937916265950e-01	-1.739780699904497907e-01	6.623455360275869175e-02	-7.696827741410069978e-02
2.150388100792828827e-01	-3.725941790049093205e-01	1.096247034735448878e-01	-8.547753812557026820e-02	8.566708505263435913e-02	-3.679198094282814524e-01	9.999999999999992228e-01	-1.792281981346552089e-01	1.452030468248254880e-01	-8.797730393546933370e-02	2.875471959993703974e-01	-7.180331991159125682e-01	1.341542158429540332e-01	-1.026647061509749631e-01	1.137922071976367466e-01	-2.516237399120047624e-01	2.191625522332313059e-01	-1.306716132840979594e-01	9.798828032037945612e-02	-1.119761496992677935e-01	1.263548145371272413e-01	-1.805869673699010136e-01	1.244454373034163952e-01	-1.013174694051198060e-01	8.449999035179224516e-02	-8.270875816740300146e-02	1.328139089441960907e-01	-1.129761910727411361e-01	1.093837809466740307e-01	-8.348357359603347794e-02	1.234356500396221884e-01	-1.028194344681886141e-01	1.389056323055387343e-01	-5.565416580010220521e-02	6.334103755133035918e-02
-7.903973670759235903e-02	1.272479732154724874e-01	-3.714000666091055725e-01	2.267042598002200759e-01	-2.088769517570456535e-01	1.192650225654254825e-01	-1.792281981346552089e-01	9.999999999999995559e-01	-7.534793308400259404e-01	2.159681304505128296e-01	-1.154164512441700347e-01	1.279398167033612976e-01	-3.247155579001164694e-01	1.921818262700487889e-01	-1.953306487256971369e-01	1.289072690553541845e-01	-1.190191563514439443e-01	2.012720984189882434e-01	-1.352659692364681365e-01	1.460376108495053948e-01	-8.585072567139276356e-02	1.106484160332318473e-01	-1.318273296579296483e-01	1.150159758501755475e-01	-9.115983692007158246e-02	5.765902430757308128e-02	-9.958987841022504117e-02	1.036040862407321683e-01	-1.054425481481879312e-01	8.833745819188819348e-02	-8.764963044317630736e-02	7.781075881031450370e-02	-1.122435382383460967e-01	5.160328140463905228e-02	-5.802760876697993231e-02
8.246231199716906601e-02	-1.369620343352072334e-01	2.559992172489707341e-01	-2.665119022533097293e-01	2.219940503892318673e-01	-1.279866825623862392e-01	1.452030468248254880e-01	-7.534793308400259404e-01	1.000000000000000222e+00	-3.342300308418555410e-01	1.174375457132206396e-01	-1.261441474877481872e-01	2.327917987684904599e-01	-2.501273340837485981e-01	2.142973615694816203e-01	-1.403278270216893053e-01	1.223045696178650943e-01	-2.131938438706729444e-01	1.493419390071762665e-01	-1.711914446078408591e-01	9.193630427344440248e-02	-1.184869420156746400e-01	1.375136369142628545e-01	-1.275441272718651209e-01	1.001879898207982539e-01	-6.198386881699842477e-02	1.061441845888608237e-01	-1.124993795994182338e-01	1.139437746866949208e-01	-9.855993563859741236e-02	9.394489443920533978e-02	-8.373472391881209287e-02	1.199846744249132013e-01	-5.621107377523772153e-02	6.282621542964576811e-02
-5.717652924935922448e-02	9.347130141996214114e-02	-2.953456224374745309e-01	2.609504419053981783e-01	-7.501326895754272250e-01	8.573723443400321775e-02	-8.797730393546933370e-02	2.159681304505128296e-01	-3.342300308418555410e-01	9.999999999999980016e-01	-8.269706131379997438e-02	7.684554740714705234e-02	-1.561447658106520364e-01	2.017388145912124287e-01	-3.434490966035309567e-01	1.001041761418084153e-01	-8.843477341644102874e-02	1.372262717148444167e-01	-1.256779465305175869e-01	1.438887153188346535e-01	-7.035680778072758712e-02	8.637279694880585501e-02	-1.051580418475895062e-01	9.958049652518924377e-02	-8.105419072764739885e-02	4.732850267506246572e-02	-8.161373888497987228e-02	8.613490489515046589e-02	-9.061840675814188117e-02	7.818991826671196910e-02	-7.247577787983390529e-02	6.428357758511876741e-02	-9.404259188149993731e-02	4.443220782969604238e-02	-5.000766706260079131e-02
2.086875344547775291e-01	-3.255629187516263512e-01	9.846598489391138187e-02	-7.721917847676114388e-02	8.221165211170848586e-02	-3.940713632152839652e-01	2.875471959993703974e-01	-1.154164512441700347e-01	1.174375457132206396e-01	-8.269706131379997438e-02	1.000000000000000666e+00	-4.667720500925682803e-01	1.361656839330629143e-01	-1.055240516500272618e-01	1.208649355595085018e-01	-5.989208029417109058e-01	2.523265379597328661e-01	-1.375353140712720079e-01	1.083714023053276299e-01	-1.245614983881025845e-01	1.637283731243270590e-01	-2.045430213162866551e-01	1.429334636909261602e-01	-1.151775177404588124e-01	9.765638387156100331e-02	-1.060588770044592483e-01	1.608603782120236747e-01	-1.331653332611052176e-01	1.289205513908643075e-01	-9.664203499872206504e-02	1.554862665563605251e-01	-1.255423342441284451e-01	1.690188211556545306e-01	-6.610678540531969571e-02	7.548314778041657902e-02
-1.630647583238111764e-01	2.288288146996678707e-01	-9.547021922190848664e-02	7.255691277858176969e-02	-7.656254942810443442e-02	2.360868500238310075e-01	-7.180331991159125682e-01	1.279398167033612976e-01	-1.261441474877481872e-01	7.684554740714705234e-02	-4.667720500925682803e-01	9.999999999999996669e-01	-1.303628109691669368e-01	9.469008453208148379e-02	-1.071008735013603691e-01	2.557213540057884926e-01	-3.266406326131271465e-01	1.259905721751045649e-01	-9.412763348704518418e-02	1.054143348138354697e-01	-1.309401421782447617e-01	1.893352747045894402e-01	-1.256050771824317458e-01	9.870176793630802692e-02	-8.257515153372066430e-02	8.450051412532796902e-02	-1.390282627441754570e-01	1.125524221687084353e-01	-1.083968049039523984e-01	8.103567385778796817e-02	-1.262452891008706835e-01	1.043154929089577104e-01	-1.394914835004498199e-01	5.482811236670596944e-02	-6.249874154222348488e-02
8.814276535821616299e-02	-1.461697786636107499e-01	1.642780769276928898e-01	-1.362729591234112803e-01	1.400560722461739460e-01	-1.379531520132529776e-01	1.341542158429540332e-01	-3.247155579001164694e-01	2.327917987684904599e-01	-1.561447658106520364e-01	1.361656839330629143e-01	-1.303628109691669368e-01	9.999999999999990008e-01	-3.577505887309463395e-01	2.431622693712584271e-01	-1.820509422585239734e-01	1.769335078126203775e-01	-7.018981841729038385e-01	2.266456043917371987e-01	-2.429551621628998626e-01	1.231646220497738531e-01	-1.762317587958072695e-01	2.402982934996925335e-01	-2.086652643399191376e-01	1.489646870859090977e-01	-8.462210513347054319e-02	1.510556390212215716e-01	-1.769710865337572325e-01	1.686578948962891011e-01	-1.474173334026455118e-01	1.263578048453563585e-01	-1.185727766013244255e-01	1.680897707579424305e-01	-8.151393388349560676e-02	8.980725577290998851e-02
-6.852154632884818741e-02	1.122675428319990787e-01	-1.635209132352322681e-01	1.365421286276365942e-01	-1.820810284990651284e-01	1.054126397112753605e-01	-1.026647061509749631e-01	1.921818262700487889e-01	-2.501273340837485981e-01	2.017388145912124287e-01	-1.055240516500272618e-01	9.469008453208148379e-02	-3.577505887309463395e-01	9.999999999999997780e-01	-6.992463964878248284e-01	1.349151929899190250e-01	-1.280762546371829735e-01	2.392637801216051796e-01	-4.086100700701099653e-01	2.681649057330365293e-01	-1.003178884911832963e-01	1.282644790813267655e-01	-1.877146604835782662e-01	1.916350707461948466e-01	-1.475792670552899533e-01	6.838223710813488843e-02	-1.233337253075012102e-01	1.388347879566465548e-01	-1.546254524566701982e-01	1.328931723781162921e-01	-1.043396920468384337e-01	9.615424493200266931e-02	-1.426109898670676057e-01	7.208386080698667153e-02	-8.108218938527259056e-02
8.127862675941993631e-02	-1.357893194605673259e-01	1.734060292177286300e-01	-1.668605818294477960e-01	2.106304705177440839e-01	-1.268086928811053560e-01	1.137922071976367466e-01	-1.953306487256971369e-01	2.142973615694816203e-01	-3.434490966035309567e-01	1.208649355595085018e-01	-1.071008735013603691e-01	2.431622693712584271e-01	-6.992463964878248284e-01	9.999999999999988898e-01	-1.598244409794700449e-01	1.385311202185349755e-01	-2.426636055061107133e-01	2.625683981198650430e-01	-3.335398312791848507e-01	1.122166807724907373e-01	-1.423215968610052062e-01	1.818777908987171399e-01	-1.945119135423951651e-01	1.531104541753825210e-01	-7.644858799873371913e-02	1.335186994903486135e-01	-1.500510278756403415e-01	1.593797517918381090e-01	-1.482973566936771070e-01	1.160832074750464543e-01	-1.059208387975114629e-01	1.536737264267311609e-01	-7.776462291016400519e-02	8.630446758748883118e-02
-1.560452623763697588e-01	2.202025243354959194e-01	-1.177747150765703771e-01	9.003232308656310134e-02	-1.020129036319935428e-01	2.303742042643193433e-01	-2.516237399120047624e-01	1.289072690553541845e-01	-1.403278270216893053e-01	1.001041761418084153e-01	-5.989208029417109058e-01	2.557213540057884926e-01	-1.820509422585239734e-01	1.349151929899190250e-01	-1.598244409794700449e-01	9.999999999999991118e-01	-4.400888931951170147e-01	1.782498506982210795e-01	-1.446062169555257237e-01	1.597249636838820597e-01	-2.784269352681362775e-01	2.666895291240351518e-01	-2.016836983067399891e-01	1.553104491060050552e-01	-1.345160080767698330e-01	1.651817462165159067e-01	-2.452340950913926010e-01	1.873724902920285429e-01	-1.831261426633754019e-01	1.307734118760214836e-01	-2.488097236197442941e-01	1.854756518038865876e-01	-2.511025422848408573e-01	9.332625162092882121e-02	-1.075608042518219620e-01
1.286291962893640062e-01	-2.083243467276711669e-01	1.001888875319245642e-01	-7.924512448440444723e-02	8.680265734213141182e-02	-2.049785321704721552e-01	2.191625522332313059e-01	-1.190191563514439443e-01	1.223045696178650943e-01	-8.843477341644102874e-02	2.523265379597328661e-01	-3.266406326131271465e-01	1.769335078126203775e-01	-1.280762546371829735e-01	1.385311202185349755e-01	-4.400888931951170147e-01	9.999999999999977796e-01	-2.316288327718728224e-01	1.388004429616294666e-01	-1.582750313995183178e-01	1.988157859460946142e-01	-6.561970701959425334e-01	2.096012081488256018e-01	-1.600437870018735775e-01	1.242204202764470161e-01	-1.361351944270667857e-01	2.332966203307809683e-01	-1.872036420642033960e-01	1.622698741615205276e-01	-1.253461237153863927e-01	1.826654481016699305e-01	-1.747739215081557107e-01	2.029114503538594350e-01	-8.185126908657180955e-02	9.075535840263557197e-02
-8.325050247010616633e-02	1.346695484783682339e-01	-1.539583835256233268e-01	1.178277245737582302e-01	-1.348030152706945206e-01	1.280892442564673939e-01	-1.306716132840979594e-01	2.012720984189882434e-01	-2.131938438706729444e-01	1.372262717148444167e-01	-1.375353140712720079e-01	1.259905721751045649e-01	-7.018981841729038385e-01	2.392637801216051796e-01	-2.426636055061107133e-01	1.782498506982210795e-01	-2.316288327718728224e-01	9.999999999999992228e-01	-2.755539716771008840e-01	2.287800064354859886e-01	-1.332463883429634288e-01	1.956399537594894489e-01	-4.033931201151814694e-01	2.293853115445987634e-01	-1.666781228521837521e-01	9.122212939388139874e-02	-1.732038597758422949e-01	1.978707092950834356e-01	-1.942282912554789964e-01	1.539403384457079527e-01	-1.372335212573228547e-01	1.303240145877163081e-01	-1.918253260283634132e-01	8.930209061501999390e-02	-9.991954888213581965e-02
6.880270205083331703e-02	-1.131962755913460267e-01	1.162683353670079245e-01	-9.608217991950407377e-02	1.151323669563697610e-01	-1.069409975105049537e-01	9.798828032037945612e-02	-1.352659692364681365e-01	1.493419390071762665e-01	-1.256779465305175869e-01	1.083714023053276299e-01	-9.412763348704518418e-02	2.266456043917371987e-01	-4.086100700701099653e-01	2.625683981198650430e-01	-1.446062169555257237e-01	1.388004429616294666e-01	-2.755539716771008840e-01	9.999999999999992228e-01	-6.604026342342876887e-01	1.112612961074157386e-01	-1.492150687201214965e-01	2.446560900813861128e-01	-4.264948687702009300e-01	2.324847706657055812e-01	-7.716423490185364553e-02	1.439762291964061525e-01	-1.801233479478528132e-01	2.121748427743288534e-01	-2.030218715677350461e-01	1.167506237254760521e-01	-1.125085797725817044e-01	1.663502325070701504e-01	-9.562368372591446841e-02	1.052618276035178907e-01
-7.716170833936812634e-02	1.248565704737783361e-01	-1.420113515125255021e-01	1.114906447389510807e-01	-1.429497946048179924e-01	1.182029454938233332e-01	-1.119761496992677935e-01	1.460376108495053948e-01	-1.711914446078408591e-01	1.438887153188346535e-01	-1.245614983881025845e-01	1.054143348138354697e-01	-2.429551621628998626e-01	2.681649057330365293e-01	-3.335398312791848507e-01	1.597249636838820597e-01	-1.582750313995183178e-01	2.287800064354859886e-01	-6.604026342342876887e-01	9.999999999999963363e-01	-1.350036555611371092e-01	1.638566604500405199e-01	-2.668967752338236021e-01	2.904006459126016182e-01	-3.651339071381550783e-01	9.259035435532418645e-02	-1.746801057209464991e-01	2.006815081062053585e-01	-2.705753425046235061e-01	2.340504270142033383e-01	-1.433443587931043373e-01	1.346290518056929564e-01	-2.096755332089870749e-01	1.180323798275942360e-01	-1.381310259433138621e-01
9.804633515616921480e-02	-1.644007921750968992e-01	7.893267707147327839e-02	-6.257807542621306174e-02	6.958507200646321667e-02	-1.575429889190361754e-01	1.263548145371272413e-01	-8.585072567139276356e-02	9.193630427344440248e-02	-7.035680778072758712e-02	1.637283731243270590e-01	-1.309401421782447617e-01	1.231646220497738531e-01	-1.003178884911832963e-01	1.122166807724907373e-01	-2.784269352681362775e-01	1.988157859460946142e-01	-1.332463883429634288e-01	1.112612961074157386e-01	-1.350036555611371092e-01	9.999999999999988898e-01	-2.880344528110491686e-01	1.560086042680749741e-01	-1.283392878605655596e-01	1.062140621172935478e-01	-7.125529019584310175e-01	2.174299983688138538e-01	-1.707240594712181314e-01	1.433337161473786647e-01	-1.108236971896841838e-01	3.097170040073344843e-01	-2.355160023427171345e-01	2.069431473362656204e-01	-7.710883877136837095e-02	8.422801612196839649e-02
-1.053595099257147449e-01	1.656552041627090133e-01	-9.723992523679605982e-02	7.604169082006838332e-02	-8.575069477535374185e-02	1.616065794062312155e-01	-1.805869673699010136e-01	1.106484160332318473e-01	-1.184869420156746400e-01	8.637279694880585501e-02	-2.045430213162866551e-01	1.893352747045894402e-01	-1.762317587958072695e-01	1.282644790813267655e-01	-1.423215968610052062e-01	2.666895291240351518e-01	-6.561970701959425334e-01	1.956399537594894489e-01	-1.492150687201214965e-01	1.638566604500405199e-01	-2.880344528110491686e-01	1.000000000000001332e+00	-2.991235646967719264e-01	1.812557757698955718e-01	-1.423630463503244570e-01	1.739974380374301743e-01	-4.078673390691467393e-01	2.274894916538585943e-01	-1.944400285973409137e-01	1.400283007636171362e-01	-2.377663746302893233e-01	2.215754350803487982e-01	-2.518109515304805535e-01	9.453081759534126549e-02	-1.051595480003518768e-01
8.833874439510061571e-02	-1.460980894114647655e-01	1.104482948937824116e-01	-8.908600479595724098e-02	1.006085580290777964e-01	-1.389756979432303363e-01	1.244454373034163952e-01	-1.318273296579296483e-01	1.375136369142628545e-01	-1.051580418475895062e-01	1.429334636909261602e-01	-1.256050771824317458e-01	2.402982934996925335e-01	-1.877146604835782662e-01	1.818777908987171399e-01	-2.016836983067399891e-01	2.096012081488256018e-01	-4.033931201151814694e-01	2.446560900813861128e-01	-2.668967752338236021e-01	1.560086042680749741e-01	-2.991235646967719264e-01	9.999999999999982236e-01	-5.481285672556638344e-01	2.308244730846698289e-01	-1.121082128023737218e-01	2.285233392295543675e-01	-4.347548858100679925e-01	2.761865543783429411e-01	-2.344918513234059976e-01	1.624444953474672160e-01	-1.748397767660656577e-01	2.425414604464980473e-01	-1.233205241226802001e-01	1.297187607209856486e-01
-7.102078364283009870e-02	1.163208041104797363e-01	-1.021459542500759016e-01	8.138614599222238066e-02	-9.652254179408951973e-02	1.104950650749489949e-01	-1.013174694051198060e-01	1.150159758501755475e-01	-1.275441272718651209e-01	9.958049652518924377e-02	-1.151775177404588124e-01	9.870176793630802692e-02	-2.086652643399191376e-01	1.916350707461948466e-01	-1.945119135423951651e-01	1.553104491060050552e-01	-1.600437870018735775e-01	2.293853115445987634e-01	-4.264948687702009300e-01	2.904006459126016182e-01	-1.283392878605655596e-01	1.812557757698955718e-01	-5.481285672556638344e-01	9.999999999999951150e-01	-4.289406629015127814e-01	9.039766818695894879e-02	-1.841407652943532203e-01	2.544793162075130177e-01	-3.930699560561382588e-01	2.715246269431881854e-01	-1.363173587848405810e-01	1.388219771127409685e-01	-2.112104281901193703e-01	1.334506269187361316e-01	-1.479325414822198759e-01
6.167405042383869440e-02	-1.019987508308820429e-01	8.282122218798276814e-02	-6.656621207375060245e-02	7.830833856402920345e-02	-9.662748522830309772e-02	8.449999035179224516e-02	-9.115983692007158246e-02	1.001879898207982539e-01	-8.105419072764739885e-02	9.765638387156100331e-02	-8.257515153372066430e-02	1.489646870859090977e-01	-1.475792670552899533e-01	1.531104541753825210e-01	-1.345160080767698330e-01	1.242204202764470161e-01	-1.666781228521837521e-01	2.324847706657055812e-01	-3.651339071381550783e-01	1.062140621172935478e-01	-1.423630463503244570e-01	2.308244730846698289e-01	-4.289406629015127814e-01	9.999999999999985567e-01	-7.533575643269568856e-02	1.455453850310901576e-01	-2.061303121327541510e-01	2.832928145874727965e-01	-7.137976605797349272e-01	1.132374611785186835e-01	-1.152256608944235705e-01	1.708522452832840766e-01	-1.333985322472533153e-01	1.426231688409921039e-01
-6.245473467142960422e-02	1.038034505412710057e-01	-5.292833311389941869e-02	4.188745290387588249e-02	-4.684250997606299177e-02	9.950311940227045404e-02	-8.270875816740300146e-02	5.765902430757308128e-02	-6.198386881699842477e-02	4.732850267506246572e-02	-1.060588770044592483e-01	8.450051412532796902e-02	-8.462210513347054319e-02	6.838223710813488843e-02	-7.644858799873371913e-02	1.651817462165159067e-01	-1.361351944270667857e-01	9.122212939388139874e-02	-7.716423490185364553e-02	9.259035435532418645e-02	-7.125529019584310175e-01	1.739974380374301743e-01	-1.121082128023737218e-01	9.039766818695894879e-02	-7.533575643269568856e-02	9.999999999999980016e-01	-2.053988340789066613e-01	1.313835802593960045e-01	-1.056657919116531508e-01	7.878237837081146500e-02	-5.780905184616340620e-01	2.114571553579740748e-01	-1.773415739463887197e-01	5.723665185633641794e-02	-6.216412671781110927e-02
9.847764219703976363e-02	-1.644725248710826870e-01	8.958316524742541975e-02	-7.147940713965593440e-02	7.990646659950158270e-02	-1.571978501659466454e-01	1.328139089441960907e-01	-9.958987841022504117e-02	1.061441845888608237e-01	-8.161373888497987228e-02	1.608603782120236747e-01	-1.390282627441754570e-01	1.510556390212215716e-01	-1.233337253075012102e-01	1.335186994903486135e-01	-2.452340950913926010e-01	2.332966203307809683e-01	-1.732038597758422949e-01	1.439762291964061525e-01	-1.746801057209464991e-01	2.174299983688138538e-01	-4.078673390691467393e-01	2.285233392295543675e-01	-1.841407652943532203e-01	1.455453850310901576e-01	-2.053988340789066613e-01	9.999999999999984457e-01	-4.289052115777090557e-01	2.179837946185295416e-01	-1.605409611118288338e-01	2.653828928687244071e-01	-5.789522641077452514e-01	3.156838314720915584e-01	-1.121832743458595072e-01	1.159550653742269510e-01
-8.163109552271242964e-02	1.346984201225316091e-01	-9.298524049200532215e-02	7.367901093830681036e-02	-8.460147398806625030e-02	1.283162331769932829e-01	-1.129761910727411361e-01	1.036040862407321683e-01	-1.124993795994182338e-01	8.613490489515046589e-02	-1.331653332611052176e-01	1.125524221687084353e-01	-1.769710865337572325e-01	1.388347879566465548e-01	-1.500510278756403415e-01	1.873724902920285429e-01	-1.872036420642033960e-01	1.978707092950834356e-01	-1.801233479478528132e-01	2.006815081062053585e-01	-1.707240594712181314e-01	2.274894916538585943e-01	-4.347548858100679925e-01	2.544793162075130177e-01	-2.061303121327541510e-01	1.313835802593960045e-01	-4.289052115777090557e-01	9.999999999999981126e-01	-4.817984641556306014e-01	2.185360265898361187e-01	-1.997923118077435944e-01	2.527040109393868805e-01	-4.801112757924282937e-01	1.578223379664028814e-01	-1.657744852875634445e-01
8.202774668994995688e-02	-1.367652920976280551e-01	9.495685005405601897e-02	-7.646997177542860791e-02	8.756809052158481821e-02	-1.296354704382664258e-01	1.093837809466740307e-01	-1.054425481481879312e-01	1.139437746866949208e-01	-9.061840675814188117e-02	1.289205513908643075e-01	-1.083968049039523984e-01	1.686578948962891011e-01	-1.546254524566701982e-01	1.593797517918381090e-01	-1.831261426633754019e-01	1.622698741615205276e-01	-1.942282912554789964e-01	2.121748427743288534e-01	-2.705753425046235061e-01	1.433337161473786647e-01	-1.944400285973409137e-01	2.761865543783429411e-01	-3.930699560561382588e-01	2.832928145874727965e-01	-1.056657919116531508e-01	2.179837946185295416e-01	-4.817984641556306014e-01	9.999999999999982236e-01	-4.845412846479762448e-01	1.560294101247534371e-01	-1.760690097129595788e-01	2.541310223406530455e-01	-3.016811666567893457e-01	2.295979829234329195e-01
-5.999030951352365970e-02	9.840592346690686665e-02	-8.194783836079544415e-02	6.478271025186098375e-02	-7.714417172596348127e-02	9.341664549566872089e-02	-8.348357359603347794e-02	8.833745819188819348e-02	-9.855993563859741236e-02	7.818991826671196910e-02	-9.664203499872206504e-02	8.103567385778796817e-02	-1.474173334026455118e-01	1.328931723781162921e-01	-1.482973566936771070e-01	1.307734118760214836e-01	-1.253461237153863927e-01	1.539403384457079527e-01	-2.030218715677350461e-01	2.340504270142033383e-01	-1.108236971896841838e-01	1.400283007636171362e-01	-2.344918513234059976e-01	2.715246269431881854e-01	-7.137976605797349272e-01	7.878237837081146500e-02	-1.605409611118288338e-01	2.185360265898361187e-01	-4.845412846479762448e-01	9.999999999999986677e-01	-1.203799749431773841e-01	1.236980846718526428e-01	-1.961238866641750733e-01	1.732595085417586445e-01	-2.154136516845039928e-01
9.783542329364550150e-02	-1.651564820330873873e-01	8.081466241578456888e-02	-6.426490142397182914e-02	7.150352437137255657e-02	-1.574432073719527758e-01	1.234356500396221884e-01	-8.764963044317630736e-02	9.394489443920533978e-02	-7.247577787983390529e-02	1.554862665563605251e-01	-1.262452891008706835e-01	1.263578048453563585e-01	-1.043396920468384337e-01	1.160832074750464543e-01	-2.488097236197442941e-01	1.826654481016699305e-01	-1.372335212573228547e-01	1.167506237254760521e-01	-1.433443587931043373e-01	3.097170040073344843e-01	-2.377663746302893233e-01	1.624444953474672160e-01	-1.363173587848405810e-01	1.132374611785186835e-01	-5.780905184616340620e-01	2.653828928687244071e-01	-1.997923118077435944e-01	1.560294101247534371e-01	-1.203799749431773841e-01	9.999999999999985567e-01	-4.804522615527815343e-01	2.565869154715628153e-01	-8.691846312338116776e-02	9.284347445685128819e-02
-7.634417783090234610e-02	1.268350204759805810e-01	-7.089599761334208772e-02	5.628087104657417128e-02	-6.332315377956718172e-02	1.211470937916265950e-01	-1.028194344681886141e-01	7.781075881031450370e-02	-8.373472391881209287e-02	6.428357758511876741e-02	-1.255423342441284451e-01	1.043154929089577104e-01	-1.185727766013244255e-01	9.615424493200266931e-02	-1.059208387975114629e-01	1.854756518038865876e-01	-1.747739215081557107e-01	1.303240145877163081e-01	-1.125085797725817044e-01	1.346290518056929564e-01	-2.355160023427171345e-01	2.215754350803487982e-01	-1.748397767660656577e-01	1.388219771127409685e-01	-1.152256608944235705e-01	2.114571553579740748e-01	-5.789522641077452514e-01	2.527040109393868805e-01	-1.760690097129595788e-01	1.236980846718526428e-01	-4.804522615527815343e-01	9.999999999999984457e-01	-5.131342381911252470e-01	1.006432358360662416e-01	-1.056144125013019630e-01
1.088791766663226579e-01	-1.834408562344288229e-01	1.023031251715956769e-01	-8.210408040108822803e-02	9.173793393056614565e-02	-1.739780699904497907e-01	1.389056323055387343e-01	-1.122435382383460967e-01	1.199846744249132013e-01	-9.404259188149993731e-02	1.690188211556545306e-01	-1.394914835004498199e-01	1.680897707579424305e-01	-1.426109898670676057e-01	1.536737264267311609e-01	-2.511025422848408573e-01	2.029114503538594350e-01	-1.918253260283634132e-01	1.663502325070701504e-01	-2.096755332089870749e-01	2.069431473362656204e-01	-2.518109515304805535e-01	2.425414604464980473e-01	-2.112104281901193703e-01	1.708522452832840766e-01	-1.773415739463887197e-01	3.156838314720915584e-01	-4.801112757924282937e-01	2.541310223406530455e-01	-1.961238866641750733e-01	2.565869154715628153e-01	-5.131342381911252470e-01	9.999999999999988898e-01	-1.862769164762784202e-01	1.657376173490261173e-01
-4.195478882583763419e-02	6.984925894459041718e-02	-4.727374972781063500e-02	3.777998263798054701e-02	-4.341881002628011910e-02	6.623455360275869175e-02	-5.565416580010220521e-02	5.160328140463905228e-02	-5.621107377523772153e-02	4.443220782969604238e-02	-6.610678540531969571e-02	5.482811236670596944e-02	-8.151393388349560676e-02	7.208386080698667153e-02	-7.776462291016400519e-02	9.332625162092882121e-02	-8.185126908657180955e-02	8.930209061501999390e-02	-9.562368372591446841e-02	1.180323798275942360e-01	-7.710883877136837095e-02	9.453081759534126549e-02	-1.233205241226802001e-01	1.334506269187361316e-01	-1.333985322472533153e-01	5.723665185633641794e-02	-1.121832743458595072e-01	1.578223379664028814e-01	-3.016811666567893457e-01	1.732595085417586445e-01	-8.691846312338116776e-02	1.006432358360662416e-01	-1.862769164762784202e-01	9.999999999999985567e-01	-8.998316707176685636e-01
4.857150322348075672e-02	-8.129007982186971237e-02	5.304295055919584084e-02	-4.262464923596550465e-02	4.860884496617714351e-02	-7.696827741410069978e-02	6.334103755133035918e-02	-5.802760876697993231e-02	6.282621542964576811e-02	-5.000766706260079131e-02	7.548314778041657902e-02	-6.249874154222348488e-02	8.980725577290998851e-02	-8.108218938527259056e-02	8.630446758748883118e-02	-1.075608042518219620e-01	9.075535840263557197e-02	-9.991954888213581965e-02	1.052618276035178907e-01	-1.381310259433138621e-01	8.422801612196839649e-02	-1.051595480003518768e-01	1.297187607209856486e-01	-1.479325414822198759e-01	1.426231688409921039e-01	-6.216412671781110927e-02	1.159550653742269510e-01	-1.657744852875634445e-01	2.295979829234329195e-01	-2.154136516845039928e-01	9.284347445685128819e-02	-1.056144125013019630e-01	1.657376173490261173e-01	-8.998316707176685636e-01	9.999999999999985567e-01
