1.000000000000000000e+00	-4.165432264515259719e-01	1.847855632774999535e-01	-8.907853073045871040e-02	9.103600509682356623e-02	-5.079625724306510159e-01	2.708363398411783862e-01	-1.675034628823542093e-01	1.507643427443587925e-01	-1.505593667497819310e-01	2.454837711939260869e-01	-3.220391949955805355e-01	1.897637164509929641e-01	-1.494857164441776298e-01	1.450409139822914084e-01	-1.056350717754350049e-01	1.664834208105521740e-01	-1.439645643889221893e-01	1.426082782845809749e-01	-1.373092652138427350e-01	8.787647870526429927e-02	-1.228426628976561352e-01	1.308930195755577675e-01	-1.479864046715627102e-01	1.498285564852014085e-01	-1.006862300407072586e-01	1.178646516672616079e-01	-1.935334089035201655e-01	1.292978697377924757e-01	-1.152747958155309893e-01	1.046659541658301329e-01	-1.165707182368188599e-01	1.525960315378839249e-01	-1.083992562526334413e-01	1.745639617175938074e-01
-4.165432264515259719e-01	1.000000000000000222e+00	-3.000725771352290572e-01	8.683333522053260367e-02	-8.879685479280025051e-02	2.733123709711122729e-01	-7.374533082533222261e-01	2.035867930658755431e-01	-1.444630038740977451e-01	1.296297522848557648e-01	-2.218875510179311727e-01	2.423848059133152655e-01	-1.731676801936165022e-01	1.268924945254771564e-01	-1.188059957511678477e-01	7.370249567960220072e-02	-1.253277529294700710e-01	1.101828136267773706e-01	-1.118589432522480720e-01	1.051530827823310282e-01	-6.258887842515996336e-02	8.729212752149048682e-02	-9.714348784629169009e-02	1.084701283088455315e-01	-1.113099127449789644e-01	6.747503679039135172e-02	-8.209855430470781867e-02	1.251445397744410382e-01	-9.147171470657873560e-02	8.262302937295708249e-02	-7.128992320740171196e-02	7.926090473030907024e-02	-1.040578021278136533e-01	7.539973696273345738e-02	-1.221031037871940783e-01
1.847855632774999535e-01	-3.000725771352290572e-01	1.000000000000000222e+00	-1.997701570212339073e-01	1.600856196852023516e-01	-1.837184498713450020e-01	2.022197251348485381e-01	-7.797933912202756890e-01	2.454868880698336253e-01	-2.438101976221213885e-01	1.272778527692112471e-01	-1.654968423965175184e-01	2.339174015281166585e-01	-2.025403608525634391e-01	1.600730713795565086e-01	-7.464156420992695828e-02	1.221319024589203189e-01	-1.457474004911110399e-01	1.426885395188501604e-01	-1.467927122972155773e-01	6.275609194159234572e-02	-9.319688094450491456e-02	1.153726251315432133e-01	-1.410636521145011424e-01	1.245003213786395335e-01	-7.059620800771151949e-02	8.536462406806044623e-02	-1.463282509836135448e-01	9.681139318647527525e-02	-9.468303818600325161e-02	7.200221776510866423e-02	-8.444664338152713112e-02	1.077846232870820486e-01	-8.084479681196110601e-02	1.228800847921380501e-01
-8.907853073045871040e-02	8.683333522053260367e-02	-1.997701570212339073e-01	1.000000000000000444e+00	-9.023836210275557601e-01	8.100299972862670672e-02	-7.364959420821082237e-02	1.537445821944425639e-01	-2.705859672565619212e-01	2.172924662037290788e-01	-5.881931070769964159e-02	7.377561046916200627e-02	-1.334277007366780066e-01	1.300598079557878928e-01	-1.269906307280536939e-01	4.199309282780827601e-02	-7.047619800921182953e-02	8.227193070329599789e-02	-9.229451656153474237e-02	9.950860805509659235e-02	-3.574727674416317003e-02	5.347687169720626021e-02	-6.857799326520548633e-02	8.372088845758075826e-02	-8.512873620422753418e-02	4.063104502518183336e-02	-4.989287325990214572e-02	8.436125067645504350e-02	-6.185053732846667457e-02	6.112390857572298081e-02	-4.186179415144770932e-02	4.934490707661061404e-02	-6.473018838102678751e-02	5.047617741172596983e-02	-7.837771260117437633e-02
9.103600509682356623e-02	-8.879685479280025051e-02	1.600856196852023516e-01	-9.023836210275557601e-01	1.000000000000000666e+00	-8.632429752688176861e-02	7.328649046603193107e-02	-1.498490871650958733e-01	2.166167033877799963e-01	-2.837464594155854614e-01	6.078863505558048524e-02	-7.762028010479683771e-02	1.282545450752994032e-01	-1.326627245752065032e-01	1.315584899916657224e-01	-4.429190124948728657e-02	7.296779181962453897e-02	-8.534689491551934737e-02	9.349238926807629246e-02	-1.088544371122874693e-01	3.750185018442755980e-02	-5.608516447339009781e-02	7.097067857663072465e-02	-8.825899098328789105e-02	8.796474886124483472e-02	-4.297425572870513383e-02	5.231958516819622262e-02	-9.058350605064274808e-02	6.419795896812008351e-02	-6.459605688295606829e-02	4.399275056723269545e-02	-5.206742677804621772e-02	6.778808750819952100e-02	-5.287115219414539186e-02	8.098000269284225117e-02
-5.079625724306510159e-01	2.733123709711122729e-01	-1.837184498713450020e-01	8.100299972862670672e-02	-8.632429752688176861e-02	9.999999999999997780e-01	-4.081995207827760486e-01	1.533657230448416120e-01	-1.449764794919118083e-01	1.320586061039254466e-01	-5.638069479409103524e-01	3.192307257086723360e-01	-1.912808097433664756e-01	1.376410338545728806e-01	-1.366638432830499517e-01	1.014626380391800559e-01	-1.636855661660640004e-01	1.299228138537026622e-01	-1.320842817642056410e-01	1.217006555040189841e-01	-8.626880288712603095e-02	1.122920063817666320e-01	-1.189446256075876451e-01	1.288878388161485700e-01	-1.390615266333959377e-01	8.821340173902314508e-02	-1.067516348904103823e-01	1.547934470194173573e-01	-1.172152971013129819e-01	1.031684479145452554e-01	-9.468542452315201197e-02	1.020072357596184393e-01	-1.351145601209744196e-01	9.644581189382916975e-02	-1.591906093872023087e-01
2.708363398411783862e-01	-7.374533082533222261e-01	2.022197251348485381e-01	-7.364959420821082237e-02	7.328649046603193107e-02	-4.081995207827760486e-01	9.999999999999993339e-01	-2.063553016267374030e-01	1.239097547682033867e-01	-1.156783157564849895e-01	2.439090515705432671e-01	-3.766643103921363811e-01	1.505705249120943556e-01	-1.136415531357525543e-01	1.018526830093913482e-01	-6.949417402325977489e-02	1.150286060457591519e-01	-9.962450235192424342e-02	9.808415241853683797e-02	-9.208643466508113773e-02	5.802198020478337853e-02	-8.063236591600277114e-02	8.647494842562435113e-02	-9.720779461743403460e-02	9.436240851904732774e-02	-6.090582903329973263e-02	7.326801376791355902e-02	-1.119957113391621684e-01	7.802872153105208652e-02	-7.095112475338916092e-02	6.336265465130508368e-02	-7.094528226607565990e-02	9.037935916481171228e-02	-6.484205173583958148e-02	1.031562299128137017e-01
-1.675034628823542093e-01	2.035867930658755431e-01	-7.797933912202756890e-01	1.537445821944425639e-01	-1.498490871650958733e-01	1.533657230448416120e-01	-2.063553016267374030e-01	9.999999999999991118e-01	-3.516574643992785298e-01	2.211296983435478702e-01	-1.151688593642049840e-01	1.434254766361561517e-01	-3.267698451315571018e-01	2.086462795976271600e-01	-1.612635763903390584e-01	6.744339797833148742e-02	-1.146892178448401661e-01	1.407069324307333169e-01	-1.429359955844482777e-01	1.349936402482654341e-01	-5.731493361880680981e-02	8.566277712213531126e-02	-1.109524759022230966e-01	1.309787179785581457e-01	-1.184274136473278810e-01	6.345144229692757654e-02	-7.809716016404937011e-02	1.291450894653017045e-01	-9.006172208539146851e-02	8.707565238556565224e-02	-6.527397901712958528e-02	7.639962055181154232e-02	-9.839637581339467920e-02	7.421547582583912228e-02	-1.143435777698934841e-01
1.507643427443587925e-01	-1.444630038740977451e-01	2.454868880698336253e-01	-2.705859672565619212e-01	2.166167033877799963e-01	-1.449764794919118083e-01	1.239097547682033867e-01	-3.516574643992785298e-01	9.999999999999995559e-01	-6.595715814614808714e-01	1.039318799538510030e-01	-1.345721046997266357e-01	2.628101764734471768e-01	-4.028119941528233716e-01	2.629054842913757239e-01	-7.921999328276431440e-02	1.315081721550463156e-01	-1.678465427826284495e-01	1.904670905816975013e-01	-2.123208309638489333e-01	6.714894840487271865e-02	-1.019124239717822955e-01	1.339002237156841635e-01	-1.721253985456159541e-01	1.596515273770889864e-01	-7.604493535256452719e-02	9.327978442929001079e-02	-1.612170456711795874e-01	1.140645919470410496e-01	-1.168186689363058250e-01	7.751688083635467630e-02	-9.258870191939463923e-02	1.194826013162470640e-01	-9.385101035456994145e-02	1.418227144914058213e-01
-1.505593667497819310e-01	1.296297522848557648e-01	-2.438101976221213885e-01	2.172924662037290788e-01	-2.837464594155854614e-01	1.320586061039254466e-01	-1.156783157564849895e-01	2.211296983435478702e-01	-6.595715814614808714e-01	1.000000000000000222e+00	-9.941129924634858894e-02	1.233493972410542178e-01	-2.645945597371102687e-01	2.721305408896589340e-01	-4.519924651881773170e-01	7.756741288276219892e-02	-1.329574221009739987e-01	1.580589945218833225e-01	-1.929812258653837709e-01	2.332944747315251477e-01	-6.658608069060224788e-02	1.004408943528471848e-01	-1.329897379664247981e-01	1.622364813678737472e-01	-1.974845181956612905e-01	7.549698418943026623e-02	-9.415765731858229126e-02	1.565784315940795257e-01	-1.288574222680945458e-01	1.296166899696432062e-01	-7.820880155198708938e-02	9.317476730510736160e-02	-1.246805171901585185e-01	1.021752460484335462e-01	-1.619323460282437455e-01
2.454837711939260869e-01	-2.218875510179311727e-01	1.272778527692112471e-01	-5.881931070769964159e-02	6.078863505558048524e-02	-5.638069479409103524e-01	2.439090515705432671e-01	-1.151688593642049840e-01	1.039318799538510030e-01	-9.941129924634858894e-02	9.999999999999977796e-01	-7.177670315857839212e-01	1.484621534631636042e-01	-1.092540140264471882e-01	9.809983962915305722e-02	-1.106094558642512354e-01	1.458427497651228755e-01	-1.086707164191262898e-01	1.020659932773054085e-01	-9.063568062294811989e-02	8.477819947525376543e-02	-1.030991506701887800e-01	9.655482295143132110e-02	-1.047655150008458130e-01	9.607140130589697513e-02	-7.593062953174525842e-02	8.771122000531356155e-02	-1.254161351809044145e-01	8.222605519889110426e-02	-7.330762586731004449e-02	7.721079648639590787e-02	-8.419740394148372831e-02	1.003552464633624963e-01	-6.921219773233136530e-02	1.081795274290513059e-01
-3.220391949955805355e-01	2.423848059133152655e-01	-1.654968423965175184e-01	7.377561046916200627e-02	-7.762028010479683771e-02	3.192307257086723360e-01	-3.766643103921363811e-01	1.434254766361561517e-01	-1.345721046997266357e-01	1.233493972410542178e-01	-7.177670315857839212e-01	9.999999999999981126e-01	-2.141350920517239298e-01	1.393088756511685067e-01	-1.268491807685315220e-01	1.112435001945794866e-01	-2.054743486810167441e-01	1.362149201962546963e-01	-1.304685085185156301e-01	1.134948733546667782e-01	-9.325268687604601481e-02	1.243618971788138239e-01	-1.211232986837568470e-01	1.283669463007110767e-01	-1.231832691606351837e-01	8.818336097028448006e-02	-1.076470754881077574e-01	1.492592025402498523e-01	-1.040709409330665136e-01	9.231111950112147468e-02	-9.189380552922997436e-02	1.013488437345665405e-01	-1.245176639797788143e-01	8.663993415496697159e-02	-1.377944109616025536e-01
1.897637164509929641e-01	-1.731676801936165022e-01	2.339174015281166585e-01	-1.334277007366780066e-01	1.282545450752994032e-01	-1.912808097433664756e-01	1.505705249120943556e-01	-3.267698451315571018e-01	2.628101764734471768e-01	-2.645945597371102687e-01	1.484621534631636042e-01	-2.141350920517239298e-01	9.999999999999998890e-01	-5.991014056819335964e-01	2.495064416165173882e-01	-1.178086337396614947e-01	1.987571070797806705e-01	-3.768264949252332352e-01	2.784747657868486548e-01	-2.352762193224679499e-01	9.929686481004434961e-02	-1.565306689789994488e-01	2.195524598013348927e-01	-2.679892068117442072e-01	1.835591295392383915e-01	-1.084445794140624780e-01	1.340018436947140457e-01	-2.306538191437611518e-01	1.428959389776006672e-01	-1.411186993788699218e-01	1.088625031006761612e-01	-1.312764453657095376e-01	1.618512498431218249e-01	-1.200053174759032060e-01	1.751363698315698270e-01
-1.494857164441776298e-01	1.268924945254771564e-01	-2.025403608525634391e-01	1.300598079557878928e-01	-1.326627245752065032e-01	1.376410338545728806e-01	-1.136415531357525543e-01	2.086462795976271600e-01	-4.028119941528233716e-01	2.721305408896589340e-01	-1.092540140264471882e-01	1.393088756511685067e-01	-5.991014056819335964e-01	1.000000000000000666e+00	-4.075591581982538347e-01	9.224022565910547367e-02	-1.636805331446226641e-01	2.396059842958556951e-01	-3.933379595363775683e-01	2.393471891648197847e-01	-7.954940857202924542e-02	1.240904784557815277e-01	-1.847875124095140209e-01	2.298352882314446399e-01	-1.892481893038594210e-01	8.656723736582690176e-02	-1.098189794586190149e-01	1.793014475240917449e-01	-1.317207848315687935e-01	1.307827016414686017e-01	-8.869893053575936270e-02	1.063692639625333919e-01	-1.366389917419185973e-01	1.062818777616726384e-01	-1.606075770125124369e-01
1.450409139822914084e-01	-1.188059957511678477e-01	1.600730713795565086e-01	-1.269906307280536939e-01	1.315584899916657224e-01	-1.366638432830499517e-01	1.018526830093913482e-01	-1.612635763903390584e-01	2.629054842913757239e-01	-4.519924651881773170e-01	9.809983962915305722e-02	-1.268491807685315220e-01	2.495064416165173882e-01	-4.075591581982538347e-01	9.999999999999997780e-01	-8.626035974311846433e-02	1.418280617383260167e-01	-1.825892073894992695e-01	2.220564804793553337e-01	-6.153477551350297059e-01	7.320649145409408032e-02	-1.119078319276980565e-01	1.482970064058786730e-01	-1.980097199567496247e-01	2.476137801058670429e-01	-8.436693403616878084e-02	1.037398847340049862e-01	-1.845143203635010720e-01	1.455823161048810099e-01	-1.756220774158611941e-01	8.566967173959656734e-02	-1.048432605006290735e-01	1.371839626976860405e-01	-1.189416676635167702e-01	1.749320816068073436e-01
-1.056350717754350049e-01	7.370249567960220072e-02	-7.464156420992695828e-02	4.199309282780827601e-02	-4.429190124948728657e-02	1.014626380391800559e-01	-6.949417402325977489e-02	6.744339797833148742e-02	-7.921999328276431440e-02	7.756741288276219892e-02	-1.106094558642512354e-01	1.112435001945794866e-01	-1.178086337396614947e-01	9.224022565910547367e-02	-8.626035974311846433e-02	1.000000000000001776e+00	-3.507413069902399760e-01	1.449146977016039783e-01	-1.214422056447663351e-01	8.499325717870331864e-02	-8.237988857097876538e-01	2.694272486169506098e-01	-1.617496710398403370e-01	1.335882171523947171e-01	-9.454222335517246945e-02	2.062087884804688354e-01	-2.056737647850288842e-01	1.708883061147994376e-01	-9.450857807784443509e-02	7.787538635898949568e-02	-2.231043260827116903e-01	1.609576755770697476e-01	-1.536980895062222130e-01	8.487261712145988124e-02	-1.169953855366303586e-01
1.664834208105521740e-01	-1.253277529294700710e-01	1.221319024589203189e-01	-7.047619800921182953e-02	7.296779181962453897e-02	-1.636855661660640004e-01	1.150286060457591519e-01	-1.146892178448401661e-01	1.315081721550463156e-01	-1.329574221009739987e-01	1.458427497651228755e-01	-2.054743486810167441e-01	1.987571070797806705e-01	-1.636805331446226641e-01	1.418280617383260167e-01	-3.507413069902399760e-01	1.000000000000001554e+00	-3.558052911772379145e-01	2.137971916494421365e-01	-1.444381149301565415e-01	2.536369486573187282e-01	-5.969288568039081699e-01	2.733396436012344166e-01	-2.599914028344761374e-01	1.485055095520485813e-01	-2.189350622626624054e-01	2.687360175383318173e-01	-3.186478920756334321e-01	1.432905491853765090e-01	-1.229868424829350798e-01	1.929201206014908576e-01	-2.645277253995906297e-01	2.176040255243032462e-01	-1.299539830038822785e-01	1.737862453025312837e-01
-1.439645643889221893e-01	1.101828136267773706e-01	-1.457474004911110399e-01	8.227193070329599789e-02	-8.534689491551934737e-02	1.299228138537026622e-01	-9.962450235192424342e-02	1.407069324307333169e-01	-1.678465427826284495e-01	1.580589945218833225e-01	-1.086707164191262898e-01	1.362149201962546963e-01	-3.768264949252332352e-01	2.396059842958556951e-01	-1.825892073894992695e-01	1.449146977016039783e-01	-3.558052911772379145e-01	1.000000000000001554e+00	-4.981771893682265251e-01	1.763838361098912511e-01	-1.314462961948878184e-01	2.278302203527689251e-01	-5.711528770882515760e-01	3.206829725852616275e-01	-1.665423208391693943e-01	1.234713359482901701e-01	-1.728097006206108233e-01	2.401774549181031893e-01	-1.422943589889900384e-01	1.257489297507308479e-01	-1.258928329411612423e-01	1.520839289073452893e-01	-1.812696247022322904e-01	1.187021183575247829e-01	-1.694351451609193426e-01
1.426082782845809749e-01	-1.118589432522480720e-01	1.426885395188501604e-01	-9.229451656153474237e-02	9.349238926807629246e-02	-1.320842817642056410e-01	9.808415241853683797e-02	-1.429359955844482777e-01	1.904670905816975013e-01	-1.929812258653837709e-01	1.020659932773054085e-01	-1.304685085185156301e-01	2.784747657868486548e-01	-3.933379595363775683e-01	2.220564804793553337e-01	-1.214422056447663351e-01	2.137971916494421365e-01	-4.981771893682265251e-01	1.000000000000006883e+00	-2.697482232502529942e-01	1.044932954410943693e-01	-1.751882993088049456e-01	2.954866588669474714e-01	-5.934547417334911090e-01	1.902785242126407983e-01	-1.089318293939601917e-01	1.410311467354673221e-01	-2.312165772945470321e-01	1.497379246139492193e-01	-1.429105292191908683e-01	1.093213022168720849e-01	-1.347104187448366353e-01	1.636792792681733277e-01	-1.225999354381141077e-01	1.711014804166424708e-01
-1.373092652138427350e-01	1.051530827823310282e-01	-1.467927122972155773e-01	9.950860805509659235e-02	-1.088544371122874693e-01	1.217006555040189841e-01	-9.208643466508113773e-02	1.349936402482654341e-01	-2.123208309638489333e-01	2.332944747315251477e-01	-9.063568062294811989e-02	1.134948733546667782e-01	-2.352762193224679499e-01	2.393471891648197847e-01	-6.153477551350297059e-01	8.499325717870331864e-02	-1.444381149301565415e-01	1.763838361098912511e-01	-2.697482232502529942e-01	9.999999999999985567e-01	-7.320483165998536990e-02	1.118258664018900589e-01	-1.523078496096022527e-01	1.972791705479667590e-01	-5.296010734264802178e-01	8.460116623123103974e-02	-1.066253631019106196e-01	1.822267974439213400e-01	-1.944525936293604040e-01	2.266630065104426606e-01	-8.724989000459623667e-02	1.084191149031995122e-01	-1.501815465880180223e-01	1.441494098259683276e-01	-2.305571511900131876e-01
8.787647870526429927e-02	-6.258887842515996336e-02	6.275609194159234572e-02	-3.574727674416317003e-02	3.750185018442755980e-02	-8.626880288712603095e-02	5.802198020478337853e-02	-5.731493361880680981e-02	6.714894840487271865e-02	-6.658608069060224788e-02	8.477819947525376543e-02	-9.325268687604601481e-02	9.929686481004434961e-02	-7.954940857202924542e-02	7.320649145409408032e-02	-8.237988857097876538e-01	2.536369486573187282e-01	-1.314462961948878184e-01	1.044932954410943693e-01	-7.320483165998536990e-02	9.999999999999993339e-01	-3.822435132242208433e-01	1.461707111114791957e-01	-1.242373247661775898e-01	8.003904512042671338e-02	-2.573198921275891005e-01	1.906689249052234136e-01	-1.602553547052475158e-01	8.052438282155237326e-02	-6.673741915622302678e-02	1.937906155144709930e-01	-1.575433445721997061e-01	1.323496206285024179e-01	-7.343677666106937507e-02	9.855055009573707170e-02
-1.228426628976561352e-01	8.729212752149048682e-02	-9.319688094450491456e-02	5.347687169720626021e-02	-5.608516447339009781e-02	1.122920063817666320e-01	-8.063236591600277114e-02	8.566277712213531126e-02	-1.019124239717822955e-01	1.004408943528471848e-01	-1.030991506701887800e-01	1.243618971788138239e-01	-1.565306689789994488e-01	1.240904784557815277e-01	-1.119078319276980565e-01	2.694272486169506098e-01	-5.969288568039081699e-01	2.278302203527689251e-01	-1.751882993088049456e-01	1.118258664018900589e-01	-3.822435132242208433e-01	9.999999999999968914e-01	-3.417448808215105549e-01	2.057505457347732769e-01	-1.211988464507835622e-01	1.974908709985390420e-01	-4.554670500370311959e-01	2.422587548866477480e-01	-1.221828930483214171e-01	1.005148009389861263e-01	-1.914050657602908712e-01	2.421088932187741294e-01	-2.057733709951067858e-01	1.108262860935712302e-01	-1.470713647421809100e-01
1.308930195755577675e-01	-9.714348784629169009e-02	1.153726251315432133e-01	-6.857799326520548633e-02	7.097067857663072465e-02	-1.189446256075876451e-01	8.647494842562435113e-02	-1.109524759022230966e-01	1.339002237156841635e-01	-1.329897379664247981e-01	9.655482295143132110e-02	-1.211232986837568470e-01	2.195524598013348927e-01	-1.847875124095140209e-01	1.482970064058786730e-01	-1.617496710398403370e-01	2.733396436012344166e-01	-5.711528770882515760e-01	2.954866588669474714e-01	-1.523078496096022527e-01	1.461707111114791957e-01	-3.417448808215105549e-01	9.999999999999982236e-01	-5.516294647692623343e-01	1.519840017715415048e-01	-1.347277693869294857e-01	1.925922860150327265e-01	-3.420367014261376237e-01	1.432627411905280645e-01	-1.220137525916323851e-01	1.330753048694033602e-01	-1.707164418814964002e-01	1.933847837588882068e-01	-1.219306677350448509e-01	1.639721149208740458e-01
-1.479864046715627102e-01	1.084701283088455315e-01	-1.410636521145011424e-01	8.372088845758075826e-02	-8.825899098328789105e-02	1.288878388161485700e-01	-9.720779461743403460e-02	1.309787179785581457e-01	-1.721253985456159541e-01	1.622364813678737472e-01	-1.047655150008458130e-01	1.283669463007110767e-01	-2.679892068117442072e-01	2.298352882314446399e-01	-1.980097199567496247e-01	1.335882171523947171e-01	-2.599914028344761374e-01	3.206829725852616275e-01	-5.934547417334911090e-01	1.972791705479667590e-01	-1.242373247661775898e-01	2.057505457347732769e-01	-5.516294647692623343e-01	9.999999999999972244e-01	-2.141217841226688567e-01	1.228147273639517284e-01	-1.727292574069324849e-01	2.459423614335698727e-01	-1.956094238520121598e-01	1.561289558240963604e-01	-1.289147804009169729e-01	1.537122115753767615e-01	-1.997246168460488636e-01	1.454001731851105039e-01	-2.025042499469499879e-01
1.498285564852014085e-01	-1.113099127449789644e-01	1.245003213786395335e-01	-8.512873620422753418e-02	8.796474886124483472e-02	-1.390615266333959377e-01	9.436240851904732774e-02	-1.184274136473278810e-01	1.596515273770889864e-01	-1.974845181956612905e-01	9.607140130589697513e-02	-1.231832691606351837e-01	1.835591295392383915e-01	-1.892481893038594210e-01	2.476137801058670429e-01	-9.454222335517246945e-02	1.485055095520485813e-01	-1.665423208391693943e-01	1.902785242126407983e-01	-5.296010734264802178e-01	8.003904512042671338e-02	-1.211988464507835622e-01	1.519840017715415048e-01	-2.141217841226688567e-01	9.999999999999975575e-01	-9.759435475055504294e-02	1.191807161658583886e-01	-2.277656382740985419e-01	2.459042734745543468e-01	-5.829450790005038519e-01	9.846782239158589911e-02	-1.279764399762841898e-01	1.740936199315282484e-01	-2.013803280055075917e-01	2.647054319972632075e-01
-1.006862300407072586e-01	6.747503679039135172e-02	-7.059620800771151949e-02	4.063104502518183336e-02	-4.297425572870513383e-02	8.821340173902314508e-02	-6.090582903329973263e-02	6.345144229692757654e-02	-7.604493535256452719e-02	7.549698418943026623e-02	-7.593062953174525842e-02	8.818336097028448006e-02	-1.084445794140624780e-01	8.656723736582690176e-02	-8.436693403616878084e-02	2.062087884804688354e-01	-2.189350622626624054e-01	1.234713359482901701e-01	-1.089318293939601917e-01	8.460116623123103974e-02	-2.573198921275891005e-01	1.974908709985390420e-01	-1.347277693869294857e-01	1.228147273639517284e-01	-9.759435475055504294e-02	9.999999999999983347e-01	-3.181995631483789944e-01	1.970707465832975680e-01	-1.049311326614760925e-01	8.407473140490896724e-02	-8.306226558968115015e-01	2.446526387839264571e-01	-1.942067407390619671e-01	9.858288417149993488e-02	-1.294487014573133254e-01
1.178646516672616079e-01	-8.209855430470781867e-02	8.536462406806044623e-02	-4.989287325990214572e-02	5.231958516819622262e-02	-1.067516348904103823e-01	7.326801376791355902e-02	-7.809716016404937011e-02	9.327978442929001079e-02	-9.415765731858229126e-02	8.771122000531356155e-02	-1.076470754881077574e-01	1.340018436947140457e-01	-1.098189794586190149e-01	1.037398847340049862e-01	-2.056737647850288842e-01	2.687360175383318173e-01	-1.728097006206108233e-01	1.410311467354673221e-01	-1.066253631019106196e-01	1.906689249052234136e-01	-4.554670500370311959e-01	1.925922860150327265e-01	-1.727292574069324849e-01	1.191807161658583886e-01	-3.181995631483789944e-01	9.999999999999986677e-01	-3.384096600629082907e-01	1.319914571107355106e-01	-1.062216153383029743e-01	2.493834420686875109e-01	-6.436921151582641887e-01	2.659258632333271755e-01	-1.328529105923523523e-01	1.568365770363561729e-01
-1.935334089035201655e-01	1.251445397744410382e-01	-1.463282509836135448e-01	8.436125067645504350e-02	-9.058350605064274808e-02	1.547934470194173573e-01	-1.119957113391621684e-01	1.291450894653017045e-01	-1.612170456711795874e-01	1.565784315940795257e-01	-1.254161351809044145e-01	1.492592025402498523e-01	-2.306538191437611518e-01	1.793014475240917449e-01	-1.845143203635010720e-01	1.708883061147994376e-01	-3.186478920756334321e-01	2.401774549181031893e-01	-2.312165772945470321e-01	1.822267974439213400e-01	-1.602553547052475158e-01	2.422587548866477480e-01	-3.420367014261376237e-01	2.459423614335698727e-01	-2.277656382740985419e-01	1.970707465832975680e-01	-3.384096600629082907e-01	9.999999999999983347e-01	-2.692024329061662447e-01	1.979643846289642073e-01	-2.309219868281477961e-01	2.803265806552295292e-01	-5.494692793984318202e-01	2.393160276804649489e-01	-3.238747014541567548e-01
1.292978697377924757e-01	-9.147171470657873560e-02	9.681139318647527525e-02	-6.185053732846667457e-02	6.419795896812008351e-02	-1.172152971013129819e-01	7.802872153105208652e-02	-9.006172208539146851e-02	1.140645919470410496e-01	-1.288574222680945458e-01	8.222605519889110426e-02	-1.040709409330665136e-01	1.428959389776006672e-01	-1.317207848315687935e-01	1.455823161048810099e-01	-9.450857807784443509e-02	1.432905491853765090e-01	-1.422943589889900384e-01	1.497379246139492193e-01	-1.944525936293604040e-01	8.052438282155237326e-02	-1.221828930483214171e-01	1.432627411905280645e-01	-1.956094238520121598e-01	2.459042734745543468e-01	-1.049311326614760925e-01	1.319914571107355106e-01	-2.692024329061662447e-01	9.999999999999985567e-01	-5.136764476257043022e-01	1.055560374597040024e-01	-1.621000696243516392e-01	2.422681689332327193e-01	-6.424191615723454651e-01	3.235941527466601464e-01
-1.152747958155309893e-01	8.262302937295708249e-02	-9.468303818600325161e-02	6.112390857572298081e-02	-6.459605688295606829e-02	1.031684479145452554e-01	-7.095112475338916092e-02	8.707565238556565224e-02	-1.168186689363058250e-01	1.296166899696432062e-01	-7.330762586731004449e-02	9.231111950112147468e-02	-1.411186993788699218e-01	1.307827016414686017e-01	-1.756220774158611941e-01	7.787538635898949568e-02	-1.229868424829350798e-01	1.257489297507308479e-01	-1.429105292191908683e-01	2.266630065104426606e-01	-6.673741915622302678e-02	1.005148009389861263e-01	-1.220137525916323851e-01	1.561289558240963604e-01	-5.829450790005038519e-01	8.407473140490896724e-02	-1.062216153383029743e-01	1.979643846289642073e-01	-5.136764476257043022e-01	9.999999999999984457e-01	-8.623132298413936636e-02	1.198838305901879231e-01	-1.874629513023598482e-01	2.701127943701028822e-01	-4.752636700011590998e-01
1.046659541658301329e-01	-7.128992320740171196e-02	7.200221776510866423e-02	-4.186179415144770932e-02	4.399275056723269545e-02	-9.468542452315201197e-02	6.336265465130508368e-02	-6.527397901712958528e-02	7.751688083635467630e-02	-7.820880155198708938e-02	7.721079648639590787e-02	-9.189380552922997436e-02	1.088625031006761612e-01	-8.869893053575936270e-02	8.566967173959656734e-02	-2.231043260827116903e-01	1.929201206014908576e-01	-1.258928329411612423e-01	1.093213022168720849e-01	-8.724989000459623667e-02	1.937906155144709930e-01	-1.914050657602908712e-01	1.330753048694033602e-01	-1.289147804009169729e-01	9.846782239158589911e-02	-8.306226558968115015e-01	2.493834420686875109e-01	-2.309219868281477961e-01	1.055560374597040024e-01	-8.623132298413936636e-02	9.999999999999987788e-01	-3.321798179023921493e-01	1.938920715990617161e-01	-1.026187596242166961e-01	1.288930397415964935e-01
-1.165707182368188599e-01	7.926090473030907024e-02	-8.444664338152713112e-02	4.934490707661061404e-02	-5.206742677804621772e-02	1.020072357596184393e-01	-7.094528226607565990e-02	7.639962055181154232e-02	-9.258870191939463923e-02	9.317476730510736160e-02	-8.419740394148372831e-02	1.013488437345665405e-01	-1.312764453657095376e-01	1.063692639625333919e-01	-1.048432605006290735e-01	1.609576755770697476e-01	-2.645277253995906297e-01	1.520839289073452893e-01	-1.347104187448366353e-01	1.084191149031995122e-01	-1.575433445721997061e-01	2.421088932187741294e-01	-1.707164418814964002e-01	1.537122115753767615e-01	-1.279764399762841898e-01	2.446526387839264571e-01	-6.436921151582641887e-01	2.803265806552295292e-01	-1.621000696243516392e-01	1.198838305901879231e-01	-3.321798179023921493e-01	9.999999999999985567e-01	-4.972351058308095428e-01	1.674893306136379934e-01	-1.880228346768152980e-01
1.525960315378839249e-01	-1.040578021278136533e-01	1.077846232870820486e-01	-6.473018838102678751e-02	6.778808750819952100e-02	-1.351145601209744196e-01	9.037935916481171228e-02	-9.839637581339467920e-02	1.194826013162470640e-01	-1.246805171901585185e-01	1.003552464633624963e-01	-1.245176639797788143e-01	1.618512498431218249e-01	-1.366389917419185973e-01	1.371839626976860405e-01	-1.536980895062222130e-01	2.176040255243032462e-01	-1.812696247022322904e-01	1.636792792681733277e-01	-1.501815465880180223e-01	1.323496206285024179e-01	-2.057733709951067858e-01	1.933847837588882068e-01	-1.997246168460488636e-01	1.740936199315282484e-01	-1.942067407390619671e-01	2.659258632333271755e-01	-5.494692793984318202e-01	2.422681689332327193e-01	-1.874629513023598482e-01	1.938920715990617161e-01	-4.972351058308095428e-01	9.999999999999986677e-01	-4.017862660878959713e-01	2.622816726437200985e-01
-1.083992562526334413e-01	7.539973696273345738e-02	-8.084479681196110601e-02	5.047617741172596983e-02	-5.287115219414539186e-02	9.644581189382916975e-02	-6.484205173583958148e-02	7.421547582583912228e-02	-9.385101035456994145e-02	1.021752460484335462e-01	-6.921219773233136530e-02	8.663993415496697159e-02	-1.200053174759032060e-01	1.062818777616726384e-01	-1.189416676635167702e-01	8.487261712145988124e-02	-1.299539830038822785e-01	1.187021183575247829e-01	-1.225999354381141077e-01	1.441494098259683276e-01	-7.343677666106937507e-02	1.108262860935712302e-01	-1.219306677350448509e-01	1.454001731851105039e-01	-2.013803280055075917e-01	9.858288417149993488e-02	-1.328529105923523523e-01	2.393160276804649489e-01	-6.424191615723454651e-01	2.701127943701028822e-01	-1.026187596242166961e-01	1.674893306136379934e-01	-4.017862660878959713e-01	9.999999999999986677e-01	-5.367414627684028439e-01
1.745639617175938074e-01	-1.221031037871940783e-01	1.228800847921380501e-01	-7.837771260117437633e-02	8.098000269284225117e-02	-1.591906093872023087e-01	1.031562299128137017e-01	-1.143435777698934841e-01	1.418227144914058213e-01	-1.619323460282437455e-01	1.081795274290513059e-01	-1.377944109616025536e-01	1.751363698315698270e-01	-1.606075770125124369e-01	1.749320816068073436e-01	-1.169953855366303586e-01	1.737862453025312837e-01	-1.694351451609193426e-01	1.711014804166424708e-01	-2.305571511900131876e-01	9.855055009573707170e-02	-1.470713647421809100e-01	1.639721149208740458e-01	-2.025042499469499879e-01	2.647054319972632075e-01	-1.294487014573133254e-01	1.568365770363561729e-01	-3.238747014541567548e-01	3.235941527466601464e-01	-4.752636700011590998e-01	1.288930397415964935e-01	-1.880228346768152980e-01	2.622816726437200985e-01	-5.367414627684028439e-01	9.999999999999986677e-01
