1.000000000000000000e+00	-9.543358422250257656e-01	7.858363682700589270e-02	-8.543987986394681322e-02	3.430927711618234760e-02	-9.523398385890509410e-02	1.754618596099335459e-01	-1.224664754492033047e-01	7.915650164499919705e-02	-3.350636069081880386e-02	7.783410303108041772e-02	-1.529701570610546013e-01	8.142681468271253942e-02	-7.236078209850901888e-02	4.606476948132756655e-02	-5.484922821193443515e-02	5.613650531964863716e-02	-5.276389846520061766e-02	5.178234527487098754e-02	-4.265578457529832501e-02	4.368273907440813758e-02	-6.250300340375442021e-02	6.099391359857400663e-02	-4.033808847264030301e-02	2.226132375663252005e-02	-5.698939310426181376e-02	4.494057865776383137e-02	-3.893971023326535386e-02	4.453439604383528649e-02	-2.178199169199956930e-02	5.656516189694645036e-02	-3.294171643277045425e-02	3.578959166233863787e-02	-2.776317848673322264e-02	3.813947894011596867e-02
-9.543358422250257656e-01	1.000000000000000444e+00	-7.853170688038269009e-02	7.783466676264491624e-02	-3.199330258873354232e-02	8.643063945668343073e-02	-2.145892894902912407e-01	1.138104331579869455e-01	-7.536414833251825485e-02	3.079213371514076189e-02	-7.624157790059249429e-02	1.305087589946630211e-01	-7.580737706049819891e-02	6.546733165473500593e-02	-4.221597947499105413e-02	4.923972260784198474e-02	-5.125396084425003912e-02	4.806180369059067509e-02	-4.738859033412536753e-02	3.856696423354654540e-02	-3.920758631788601872e-02	5.532964859010817277e-02	-5.599199000468722820e-02	3.657816562096905671e-02	-2.018622192401015036e-02	5.036184416993061408e-02	-4.058514225000224573e-02	3.518072497882169386e-02	-4.060708131548893679e-02	1.967616295634126364e-02	-5.100106420298236576e-02	2.968663780315768108e-02	-3.239383161664466382e-02	2.521997804698807022e-02	-3.474633592122566839e-02
7.858363682700589270e-02	-7.853170688038269009e-02	1.000000000000000000e+00	-7.895265867968387363e-01	1.119453221537941856e-01	-8.768242831435690832e-02	2.167845296255294096e-01	-4.685035832970453895e-01	2.433009311029466493e-01	-1.109745771949376264e-01	8.105191129378548631e-02	-1.882430285786852175e-01	1.660512921643430007e-01	-1.768872859460186020e-01	9.540493213422407415e-02	-6.755631441635173706e-02	7.083372251012468035e-02	-9.959839574351468661e-02	9.960981699253786126e-02	-8.643835782566346160e-02	6.032832867294436047e-02	-8.950904018420625941e-02	1.083619762038563333e-01	-7.524833817977988337e-02	4.064522274110115435e-02	-8.237521529444219448e-02	7.064003004582705691e-02	-6.457238828189394708e-02	7.884226289399964838e-02	-3.989499397210733572e-02	8.627681965376232665e-02	-5.231146866501364123e-02	5.801786237194271612e-02	-4.855986515091920142e-02	6.601070777821634039e-02
-8.543987986394681322e-02	7.783466676264491624e-02	-7.895265867968387363e-01	9.999999999999998890e-01	-1.619210618115565492e-01	9.094713560235131999e-02	-2.420766818091135419e-01	2.888588307096502383e-01	-3.724761948583701354e-01	1.364658635264587028e-01	-9.003564221681104041e-02	1.859137462161457588e-01	-1.957340085296306598e-01	1.969825279041207411e-01	-1.151650797756739036e-01	7.175182575370567251e-02	-7.645024161429521403e-02	1.120561913092752715e-01	-1.185797984282352113e-01	9.858391138802963249e-02	-6.571079936751880735e-02	9.678601023679850313e-02	-1.279677945498826908e-01	8.666747449937052539e-02	-4.721524850952595748e-02	8.921047897972327057e-02	-8.017997449675710875e-02	7.362339562484905564e-02	-9.299222999791367794e-02	4.577926731028583024e-02	-9.717855987868913303e-02	5.919052537781229612e-02	-6.643464992630884747e-02	5.657733124562028260e-02	-7.770913659261162454e-02
3.430927711618234760e-02	-3.199330258873354232e-02	1.119453221537941856e-01	-1.619210618115565492e-01	1.000000000000000222e+00	-4.546475936597377948e-02	9.522934256118724405e-02	-1.200266450699291332e-01	1.782058385099252462e-01	-9.464848412619987217e-01	4.338899083556323893e-02	-1.149290609841699951e-01	9.816226875013940589e-02	-1.342501926401873102e-01	7.024047025166473002e-02	-4.177224084560725997e-02	4.366525821247130290e-02	-6.351740446390004291e-02	7.018792716360458539e-02	-6.487414985669982814e-02	3.976382027299153743e-02	-6.047583308067639579e-02	7.074465930970513794e-02	-5.376229406314500525e-02	2.951249081945947136e-02	-5.650698154948127078e-02	4.835425749713273547e-02	-4.435148361548166274e-02	5.529571516446698393e-02	-2.921601803011702678e-02	5.961028150021838862e-02	-3.610574745179975786e-02	3.993378631752399210e-02	-3.424519429702146955e-02	4.632678842618360993e-02
-9.523398385890509410e-02	8.643063945668343073e-02	-8.768242831435690832e-02	9.094713560235131999e-02	-4.546475936597377948e-02	9.999999999999998890e-01	-3.066454760371683519e-01	1.472400722081414759e-01	-1.100550398400760299e-01	4.278676478679891565e-02	-8.629495998525384959e-01	1.985237311821910489e-01	-1.245127422351449686e-01	9.700103126988633695e-02	-6.887158972290127745e-02	1.997155011000582292e-01	-2.083851540257119217e-01	8.381478887945942313e-02	-8.153330919999224324e-02	6.197500522574264648e-02	-1.189624823843900003e-01	1.345204229916238114e-01	-1.033918721016779396e-01	6.308288685289828446e-02	-3.473865793694338316e-02	1.161389543241708039e-01	-8.634924775441715772e-02	6.859468651189834509e-02	-7.354276414309114662e-02	3.349435885517496048e-02	-1.089468713813180334e-01	6.072925591874578366e-02	-6.481901165226047756e-02	4.577958597554374065e-02	-6.351563372138777086e-02
1.754618596099335459e-01	-2.145892894902912407e-01	2.167845296255294096e-01	-2.420766818091135419e-01	9.522934256118724405e-02	-3.066454760371683519e-01	1.000000000000000000e+00	-5.667077786537997319e-01	2.342470815935951134e-01	-9.381214094668816061e-02	2.104214892412822335e-01	-5.080017270096447435e-01	2.373727576095165659e-01	-2.123207953651780611e-01	1.274314215826926888e-01	-1.522898429893975447e-01	1.551401795573667530e-01	-1.500033835038423746e-01	1.423459300986953391e-01	-1.183239028245443858e-01	1.170108301100852982e-01	-1.669417730190027316e-01	1.677963152099072874e-01	-1.105568521903367435e-01	6.015689111889657020e-02	-1.510178919096799854e-01	1.197690982930537940e-01	-1.047777547935927894e-01	1.201211301046445079e-01	-5.895065352238666734e-02	1.492638521761708859e-01	-8.775668257459642851e-02	9.561434716902866837e-02	-7.477127560957287644e-02	1.022614685316555194e-01
-1.224664754492033047e-01	1.138104331579869455e-01	-4.685035832970453895e-01	2.888588307096502383e-01	-1.200266450699291332e-01	1.472400722081414759e-01	-5.667077786537997319e-01	9.999999999999994449e-01	-4.016351736432584585e-01	1.118374849376199548e-01	-1.424615228554350077e-01	2.715800578901934048e-01	-3.101517791423510917e-01	2.331407264768461940e-01	-1.373263187038095134e-01	1.023687837855311311e-01	-1.091525443116353328e-01	1.552311562592872674e-01	-1.473182563457325067e-01	1.196924469688825099e-01	-8.943072761082046518e-02	1.298100943177134814e-01	-1.701345097557862285e-01	1.085509967081193378e-01	-5.828532923519576942e-02	1.184861906480880606e-01	-1.044179151274322453e-01	9.550922268349766597e-02	-1.163899415427149392e-01	5.661719119149100782e-02	-1.265887739051011207e-01	7.684541806458045077e-02	-8.588294136668120360e-02	7.109200931891163089e-02	-9.733554206265346287e-02
7.915650164499919705e-02	-7.536414833251825485e-02	2.433009311029466493e-01	-3.724761948583701354e-01	1.782058385099252462e-01	-1.100550398400760299e-01	2.342470815935951134e-01	-4.016351736432584585e-01	1.000000000000001998e+00	-2.193229635771115626e-01	1.023764374513237430e-01	-2.795309298951575983e-01	2.577873124329028154e-01	-6.176553446609618359e-01	1.956341942278485013e-01	-9.892344222221052807e-02	1.031176283417249429e-01	-1.648470033400881163e-01	1.849556795784575436e-01	-1.834410417862565312e-01	9.300010831828683933e-02	-1.419222333867090902e-01	1.704332957996348430e-01	-1.406509665262755948e-01	7.330590538962269975e-02	-1.317202577518697681e-01	1.124352191376758042e-01	-1.056174332323562698e-01	1.335959782130403395e-01	-7.329398836872337564e-02	1.359887800719518092e-01	-8.422502679313861873e-02	9.326563462654519077e-02	-8.272551377639766890e-02	1.094433024022527096e-01
-3.350636069081880386e-02	3.079213371514076189e-02	-1.109745771949376264e-01	1.364658635264587028e-01	-9.464848412619987217e-01	4.278676478679891565e-02	-9.381214094668816061e-02	1.118374849376199548e-01	-2.193229635771115626e-01	1.000000000000000444e+00	-4.153455414424755965e-02	1.034040876671786097e-01	-9.734820629153242977e-02	1.265638570326010348e-01	-6.976468117103537536e-02	3.865976244115725685e-02	-4.069643705181500565e-02	6.107658247873685997e-02	-6.884619351414898725e-02	6.152706456559484810e-02	-3.694526886018971445e-02	5.584945941411172121e-02	-6.897861805815129477e-02	5.138652594892621078e-02	-2.832254960219495257e-02	5.210892434535618900e-02	-4.585082754718884657e-02	4.218283679041776729e-02	-5.373353690792630893e-02	2.777138189658453701e-02	-5.613092401525884845e-02	3.413480253736077275e-02	-3.805582563520271133e-02	3.297001707118157876e-02	-4.493106296035830061e-02
7.783410303108041772e-02	-7.624157790059249429e-02	8.105191129378548631e-02	-9.003564221681104041e-02	4.338899083556323893e-02	-8.629495998525384959e-01	2.104214892412822335e-01	-1.424615228554350077e-01	1.023764374513237430e-01	-4.153455414424755965e-02	1.000000000000001110e+00	-2.219796321532999384e-01	1.194362500991929810e-01	-9.607062467921098636e-02	6.697669018222793258e-02	-2.922090891467067353e-01	2.008480211257008263e-01	-8.301263069872626132e-02	7.944178131186967196e-02	-6.133282866732856636e-02	1.254905162225551929e-01	-1.482604544758784615e-01	1.008713269521680500e-01	-6.224866180648790104e-02	3.418417769275863827e-02	-1.291254725949984861e-01	8.621297082179099625e-02	-6.858739080138898103e-02	7.190281577629398235e-02	-3.313750656491077501e-02	1.076048191480329375e-01	-6.080092944275611311e-02	6.420554648386707364e-02	-4.498711372916739532e-02	6.206663617745961092e-02
-1.529701570610546013e-01	1.305087589946630211e-01	-1.882430285786852175e-01	1.859137462161457588e-01	-1.149290609841699951e-01	1.985237311821910489e-01	-5.080017270096447435e-01	2.715800578901934048e-01	-2.795309298951575983e-01	1.034040876671786097e-01	-2.219796321532999384e-01	1.000000000000001332e+00	-4.279963489019197875e-01	2.406028502825165172e-01	-1.828920476763901959e-01	1.995650016854972897e-01	-2.770450067502440161e-01	2.284258337231504787e-01	-2.192679529608919375e-01	1.583240389584176233e-01	-1.670365805930879577e-01	2.248030002152562878e-01	-2.915213106451274849e-01	1.637266262205836487e-01	-9.070600253979635430e-02	2.006306243348118246e-01	-1.905856187015676495e-01	1.639921060992728663e-01	-1.935336021831876308e-01	8.615200391437637106e-02	-2.420468105591462027e-01	1.378385346471554807e-01	-1.545836182965357464e-01	1.184518736331956618e-01	-1.672773810737446798e-01
8.142681468271253942e-02	-7.580737706049819891e-02	1.660512921643430007e-01	-1.957340085296306598e-01	9.816226875013940589e-02	-1.245127422351449686e-01	2.373727576095165659e-01	-3.101517791423510917e-01	2.577873124329028154e-01	-9.734820629153242977e-02	1.194362500991929810e-01	-4.279963489019197875e-01	1.000000000000002665e+00	-4.112054654676144949e-01	1.909996001981595082e-01	-1.349829382538826061e-01	1.438441691811346568e-01	-5.241648305183433942e-01	2.313692919234262013e-01	-1.891037052237324323e-01	1.306277464648947784e-01	-2.069481288832962229e-01	2.966617599434459018e-01	-1.797478682330026778e-01	8.630283510614847331e-02	-1.853116944137355726e-01	1.586461665354765016e-01	-1.586795594410160826e-01	1.710361130564848342e-01	-8.631646158473123276e-02	1.854891327383294541e-01	-1.195600922216345507e-01	1.319231923123255212e-01	-1.068820915444238101e-01	1.395419658066461011e-01
-7.236078209850901888e-02	6.546733165473500593e-02	-1.768872859460186020e-01	1.969825279041207411e-01	-1.342501926401873102e-01	9.700103126988633695e-02	-2.123207953651780611e-01	2.331407264768461940e-01	-6.176553446609618359e-01	1.265638570326010348e-01	-9.607062467921098636e-02	2.406028502825165172e-01	-4.112054654676144949e-01	1.000000000000001554e+00	-3.727613301917119260e-01	9.389711568035066791e-02	-1.001118578143966875e-01	2.056485764707449149e-01	-2.935024006868146573e-01	2.389585291232062259e-01	-9.357047009449090402e-02	1.433184284377314599e-01	-2.150097663633928347e-01	1.766113227522821683e-01	-9.208080418068465001e-02	1.327923107471243036e-01	-1.244104107704163825e-01	1.210134939354961109e-01	-1.719540146737924546e-01	8.892032396046957443e-02	-1.441489254827001132e-01	9.277090305911918355e-02	-1.059027994503409786e-01	1.012296104445760681e-01	-1.358140261803718052e-01
4.606476948132756655e-02	-4.221597947499105413e-02	9.540493213422407415e-02	-1.151650797756739036e-01	7.024047025166473002e-02	-6.887158972290127745e-02	1.274314215826926888e-01	-1.373263187038095134e-01	1.956341942278485013e-01	-6.976468117103537536e-02	6.697669018222793258e-02	-1.828920476763901959e-01	1.909996001981595082e-01	-3.727613301917119260e-01	1.000000000000002442e+00	-7.510813679935804399e-02	7.838886448337006874e-02	-1.527942447207246979e-01	2.486830892344830124e-01	-7.942702551520199883e-01	7.934049059346932886e-02	-1.255139014215826965e-01	1.542208513251205060e-01	-1.866941685924591865e-01	1.337493383113172174e-01	-1.191602121294587091e-01	1.060314349350481578e-01	-1.055540181116571691e-01	1.532944278701255658e-01	-1.388359551668264524e-01	1.243217795339616877e-01	-8.111888081536819395e-02	9.078828426691434861e-02	-9.641072172503240001e-02	1.221339761956649062e-01
-5.484922821193443515e-02	4.923972260784198474e-02	-6.755631441635173706e-02	7.175182575370567251e-02	-4.177224084560725997e-02	1.997155011000582292e-01	-1.522898429893975447e-01	1.023687837855311311e-01	-9.892344222221052807e-02	3.865976244115725685e-02	-2.922090891467067353e-01	1.995650016854972897e-01	-1.349829382538826061e-01	9.389711568035066791e-02	-7.510813679935804399e-02	1.000000000000000000e+00	-7.905219607795384018e-01	1.036485153896137129e-01	-9.561653911208845003e-02	6.738787273422594537e-02	-3.501098952026417965e-01	2.599390890018082878e-01	-1.341040924495289222e-01	7.490085364404346080e-02	-4.086474841537474784e-02	2.085756791505149199e-01	-1.309768773372858575e-01	9.462571162332820973e-02	-9.133018103249443409e-02	3.910866802236603185e-02	-1.611971933477163998e-01	8.762889481363216049e-02	-9.082842231476875861e-02	5.722458655957622653e-02	-7.938529297766412640e-02
5.613650531964863716e-02	-5.125396084425003912e-02	7.083372251012468035e-02	-7.645024161429521403e-02	4.366525821247130290e-02	-2.083851540257119217e-01	1.551401795573667530e-01	-1.091525443116353328e-01	1.031176283417249429e-01	-4.069643705181500565e-02	2.008480211257008263e-01	-2.770450067502440161e-01	1.438441691811346568e-01	-1.001118578143966875e-01	7.838886448337006874e-02	-7.905219607795384018e-01	1.000000000000001554e+00	-1.174859898914796807e-01	9.987385835563512837e-02	-7.113527137690479896e-02	2.518361575427262022e-01	-3.689047004575896627e-01	1.422368556808496498e-01	-7.872277091728094311e-02	4.245837133612903602e-02	-2.264352515043938641e-01	1.334127544596672155e-01	-9.915421148664295414e-02	9.414226914672943480e-02	-4.082852065874961744e-02	1.595568703246399433e-01	-9.030225968489885569e-02	9.282994428268905029e-02	-5.911878210444006243e-02	8.143456058182596546e-02
-5.276389846520061766e-02	4.806180369059067509e-02	-9.959839574351468661e-02	1.120561913092752715e-01	-6.351740446390004291e-02	8.381478887945942313e-02	-1.500033835038423746e-01	1.552311562592872674e-01	-1.648470033400881163e-01	6.107658247873685997e-02	-8.301263069872626132e-02	2.284258337231504787e-01	-5.241648305183433942e-01	2.056485764707449149e-01	-1.527942447207246979e-01	1.036485153896137129e-01	-1.174859898914796807e-01	1.000000000000004219e+00	-3.042763896091064124e-01	1.508481627542887504e-01	-1.087131781336070774e-01	1.722679441688141633e-01	-6.865325629726670709e-01	1.829600020987573183e-01	-7.394487482302944392e-02	1.484638161297783254e-01	-1.536368003468004673e-01	1.670749050367386634e-01	-1.696286268892000793e-01	7.272752554540262704e-02	-1.577224092268939004e-01	1.113433084546385093e-01	-1.337543459510462107e-01	1.007035138860196272e-01	-1.289469752541677616e-01
5.178234527487098754e-02	-4.738859033412536753e-02	9.960981699253786126e-02	-1.185797984282352113e-01	7.018792716360458539e-02	-8.153330919999224324e-02	1.423459300986953391e-01	-1.473182563457325067e-01	1.849556795784575436e-01	-6.884619351414898725e-02	7.944178131186967196e-02	-2.192679529608919375e-01	2.313692919234262013e-01	-2.935024006868146573e-01	2.486830892344830124e-01	-9.561653911208845003e-02	9.987385835563512837e-02	-3.042763896091064124e-01	1.000000000000001110e+00	-3.813901787560665668e-01	1.041334806365486476e-01	-1.673232491227352181e-01	2.323007275170783925e-01	-6.229037595290399798e-01	1.213150395236489293e-01	-1.581795211655466771e-01	1.466858268874539628e-01	-1.606193007985319832e-01	2.696124404094544791e-01	-1.235248064840852311e-01	1.627172842553162857e-01	-1.139976256190146225e-01	1.294492690931758616e-01	-1.625598967355711966e-01	1.785657820608337054e-01
-4.265578457529832501e-02	3.856696423354654540e-02	-8.643835782566346160e-02	9.858391138802963249e-02	-6.487414985669982814e-02	6.197500522574264648e-02	-1.183239028245443858e-01	1.196924469688825099e-01	-1.834410417862565312e-01	6.152706456559484810e-02	-6.133282866732856636e-02	1.583240389584176233e-01	-1.891037052237324323e-01	2.389585291232062259e-01	-7.942702551520199883e-01	6.738787273422594537e-02	-7.113527137690479896e-02	1.508481627542887504e-01	-3.813901787560665668e-01	1.000000000000001776e+00	-7.196258539128787268e-02	1.125754757669999578e-01	-1.602011966844537061e-01	1.964378277042712340e-01	-1.783210445419816936e-01	1.066209472200518871e-01	-1.035655245997641472e-01	1.042278428046404248e-01	-1.781935962139229446e-01	1.464125478494102683e-01	-1.168141946024935929e-01	7.829076665724386819e-02	-9.067312697144282174e-02	1.039036816532548785e-01	-1.373546011914557607e-01
4.368273907440813758e-02	-3.920758631788601872e-02	6.032832867294436047e-02	-6.571079936751880735e-02	3.976382027299153743e-02	-1.189624823843900003e-01	1.170108301100852982e-01	-8.943072761082046518e-02	9.300010831828683933e-02	-3.694526886018971445e-02	1.254905162225551929e-01	-1.670365805930879577e-01	1.306277464648947784e-01	-9.357047009449090402e-02	7.934049059346932886e-02	-3.501098952026417965e-01	2.518361575427262022e-01	-1.087131781336070774e-01	1.041334806365486476e-01	-7.196258539128787268e-02	1.000000000000001332e+00	-5.886297750400176776e-01	1.515769132607001357e-01	-8.456376240590100790e-02	4.589149136651809319e-02	-6.285822471368973652e-01	1.882213159983741058e-01	-1.268516834660365633e-01	1.061034686035040309e-01	-4.401728883374261131e-02	2.184849303731128956e-01	-1.225149669020672294e-01	1.193801179614735058e-01	-6.748273822985960402e-02	9.246334623498839167e-02
-6.250300340375442021e-02	5.532964859010817277e-02	-8.950904018420625941e-02	9.678601023679850313e-02	-6.047583308067639579e-02	1.345204229916238114e-01	-1.669417730190027316e-01	1.298100943177134814e-01	-1.419222333867090902e-01	5.584945941411172121e-02	-1.482604544758784615e-01	2.248030002152562878e-01	-2.069481288832962229e-01	1.433184284377314599e-01	-1.255139014215826965e-01	2.599390890018082878e-01	-3.689047004575896627e-01	1.722679441688141633e-01	-1.673232491227352181e-01	1.125754757669999578e-01	-5.886297750400176776e-01	1.000000000000003331e+00	-2.703631188828992671e-01	1.338577708180727355e-01	-7.296336799367790504e-02	3.217667880643793610e-01	-3.078002339756804040e-01	1.932032121741217578e-01	-1.709298147148012592e-01	6.945883879620795565e-02	-3.448815354253478849e-01	1.845139248952146482e-01	-1.893701798979138817e-01	1.076683955337375542e-01	-1.494451468954236528e-01
6.099391359857400663e-02	-5.599199000468722820e-02	1.083619762038563333e-01	-1.279677945498826908e-01	7.074465930970513794e-02	-1.033918721016779396e-01	1.677963152099072874e-01	-1.701345097557862285e-01	1.704332957996348430e-01	-6.897861805815129477e-02	1.008713269521680500e-01	-2.915213106451274849e-01	2.966617599434459018e-01	-2.150097663633928347e-01	1.542208513251205060e-01	-1.341040924495289222e-01	1.422368556808496498e-01	-6.865325629726670709e-01	2.323007275170783925e-01	-1.602011966844537061e-01	1.515769132607001357e-01	-2.703631188828992671e-01	1.000000000000001998e+00	-2.084625485310402371e-01	8.399160122897977865e-02	-2.153330841236626714e-01	2.055702711362601132e-01	-2.824174398486952731e-01	1.879746471182847101e-01	-8.462664121118759764e-02	2.080795416700831069e-01	-1.558473547391744374e-01	1.783541325222183227e-01	-1.193491698293943637e-01	1.475112000534138379e-01
-4.033808847264030301e-02	3.657816562096905671e-02	-7.524833817977988337e-02	8.666747449937052539e-02	-5.376229406314500525e-02	6.308288685289828446e-02	-1.105568521903367435e-01	1.085509967081193378e-01	-1.406509665262755948e-01	5.138652594892621078e-02	-6.224866180648790104e-02	1.637266262205836487e-01	-1.797478682330026778e-01	1.766113227522821683e-01	-1.866941685924591865e-01	7.490085364404346080e-02	-7.872277091728094311e-02	1.829600020987573183e-01	-6.229037595290399798e-01	1.964378277042712340e-01	-8.456376240590100790e-02	1.338577708180727355e-01	-2.084625485310402371e-01	1.000000000000001554e+00	-1.281596646325720013e-01	1.282928743659808024e-01	-1.419752103518473474e-01	1.611786923918251124e-01	-5.798954271696384888e-01	1.200954249561121956e-01	-1.418912699283383372e-01	1.076689300398076810e-01	-1.334658705336280449e-01	2.096968133920557587e-01	-2.523006917845236341e-01
2.226132375663252005e-02	-2.018622192401015036e-02	4.064522274110115435e-02	-4.721524850952595748e-02	2.951249081945947136e-02	-3.473865793694338316e-02	6.015689111889657020e-02	-5.828532923519576942e-02	7.330590538962269975e-02	-2.832254960219495257e-02	3.418417769275863827e-02	-9.070600253979635430e-02	8.630283510614847331e-02	-9.208080418068465001e-02	1.337493383113172174e-01	-4.086474841537474784e-02	4.245837133612903602e-02	-7.394487482302944392e-02	1.213150395236489293e-01	-1.783210445419816936e-01	4.589149136651809319e-02	-7.296336799367790504e-02	8.399160122897977865e-02	-1.281596646325720013e-01	1.000000000000000666e+00	-7.107785425633141030e-02	6.837334416107843094e-02	-7.090879863572611963e-02	1.272067336962091344e-01	-9.404989275443950136e-01	7.763993387715821537e-02	-5.404796110718446817e-02	6.230082999431080237e-02	-1.070146621746670690e-01	1.363952841964121421e-01
-5.698939310426181376e-02	5.036184416993061408e-02	-8.237521529444219448e-02	8.921047897972327057e-02	-5.650698154948127078e-02	1.161389543241708039e-01	-1.510178919096799854e-01	1.184861906480880606e-01	-1.317202577518697681e-01	5.210892434535618900e-02	-1.291254725949984861e-01	2.006306243348118246e-01	-1.853116944137355726e-01	1.327923107471243036e-01	-1.191602121294587091e-01	2.085756791505149199e-01	-2.264352515043938641e-01	1.484638161297783254e-01	-1.581795211655466771e-01	1.066209472200518871e-01	-6.285822471368973652e-01	3.217667880643793610e-01	-2.153330841236626714e-01	1.282928743659808024e-01	-7.107785425633141030e-02	1.000000000000002665e+00	-3.446403942855848501e-01	2.003438969811691117e-01	-1.684036027029210403e-01	6.763338212630268242e-02	-4.204189817673555374e-01	2.048605192309738698e-01	-2.018005392490249683e-01	1.071971504709315903e-01	-1.483741987053293909e-01
4.494057865776383137e-02	-4.058514225000224573e-02	7.064003004582705691e-02	-8.017997449675710875e-02	4.835425749713273547e-02	-8.634924775441715772e-02	1.197690982930537940e-01	-1.044179151274322453e-01	1.124352191376758042e-01	-4.585082754718884657e-02	8.621297082179099625e-02	-1.905856187015676495e-01	1.586461665354765016e-01	-1.244104107704163825e-01	1.060314349350481578e-01	-1.309768773372858575e-01	1.334127544596672155e-01	-1.536368003468004673e-01	1.466858268874539628e-01	-1.035655245997641472e-01	1.882213159983741058e-01	-3.078002339756804040e-01	2.055702711362601132e-01	-1.419752103518473474e-01	6.837334416107843094e-02	-3.446403942855848501e-01	1.000000000000003775e+00	-5.565412710603014901e-01	1.803805428156694257e-01	-6.872369879024523009e-02	2.956595748039232419e-01	-5.187933912420762406e-01	3.176396754966945846e-01	-1.228610542249088944e-01	1.438249086726379466e-01
-3.893971023326535386e-02	3.518072497882169386e-02	-6.457238828189394708e-02	7.362339562484905564e-02	-4.435148361548166274e-02	6.859468651189834509e-02	-1.047777547935927894e-01	9.550922268349766597e-02	-1.056174332323562698e-01	4.218283679041776729e-02	-6.858739080138898103e-02	1.639921060992728663e-01	-1.586795594410160826e-01	1.210134939354961109e-01	-1.055540181116571691e-01	9.462571162332820973e-02	-9.915421148664295414e-02	1.670749050367386634e-01	-1.606193007985319832e-01	1.042278428046404248e-01	-1.268516834660365633e-01	1.932032121741217578e-01	-2.824174398486952731e-01	1.611786923918251124e-01	-7.090879863572611963e-02	2.003438969811691117e-01	-5.565412710603014901e-01	1.000000000000003109e+00	-2.632390790645143808e-01	7.123807418965838467e-02	-2.645874027719895549e-01	3.052694185996516762e-01	-6.065220467837695306e-01	1.496985873426717739e-01	-1.693395674731908163e-01
4.453439604383528649e-02	-4.060708131548893679e-02	7.884226289399964838e-02	-9.299222999791367794e-02	5.529571516446698393e-02	-7.354276414309114662e-02	1.201211301046445079e-01	-1.163899415427149392e-01	1.335959782130403395e-01	-5.373353690792630893e-02	7.190281577629398235e-02	-1.935336021831876308e-01	1.710361130564848342e-01	-1.719540146737924546e-01	1.532944278701255658e-01	-9.133018103249443409e-02	9.414226914672943480e-02	-1.696286268892000793e-01	2.696124404094544791e-01	-1.781935962139229446e-01	1.061034686035040309e-01	-1.709298147148012592e-01	1.879746471182847101e-01	-5.798954271696384888e-01	1.272067336962091344e-01	-1.684036027029210403e-01	1.803805428156694257e-01	-2.632390790645143808e-01	1.000000000000002665e+00	-1.432745254729926587e-01	1.767025800003512725e-01	-1.460179793983539531e-01	1.766335282584540756e-01	-4.774253062147633120e-01	2.907653654155873957e-01
-2.178199169199956930e-02	1.967616295634126364e-02	-3.989499397210733572e-02	4.577926731028583024e-02	-2.921601803011702678e-02	3.349435885517496048e-02	-5.895065352238666734e-02	5.661719119149100782e-02	-7.329398836872337564e-02	2.777138189658453701e-02	-3.313750656491077501e-02	8.615200391437637106e-02	-8.631646158473123276e-02	8.892032396046957443e-02	-1.388359551668264524e-01	3.910866802236603185e-02	-4.082852065874961744e-02	7.272752554540262704e-02	-1.235248064840852311e-01	1.464125478494102683e-01	-4.401728883374261131e-02	6.945883879620795565e-02	-8.462664121118759764e-02	1.200954249561121956e-01	-9.404989275443950136e-01	6.763338212630268242e-02	-6.872369879024523009e-02	7.123807418965838467e-02	-1.432745254729926587e-01	1.000000000000002442e+00	-7.637579096512221721e-02	5.381321528824134504e-02	-6.366110919786943656e-02	1.120873164403528022e-01	-1.683933837393163102e-01
5.656516189694645036e-02	-5.100106420298236576e-02	8.627681965376232665e-02	-9.717855987868913303e-02	5.961028150021838862e-02	-1.089468713813180334e-01	1.492638521761708859e-01	-1.265887739051011207e-01	1.359887800719518092e-01	-5.613092401525884845e-02	1.076048191480329375e-01	-2.420468105591462027e-01	1.854891327383294541e-01	-1.441489254827001132e-01	1.243217795339616877e-01	-1.611971933477163998e-01	1.595568703246399433e-01	-1.577224092268939004e-01	1.627172842553162857e-01	-1.168141946024935929e-01	2.184849303731128956e-01	-3.448815354253478849e-01	2.080795416700831069e-01	-1.418912699283383372e-01	7.763993387715821537e-02	-4.204189817673555374e-01	2.956595748039232419e-01	-2.645874027719895549e-01	1.767025800003512725e-01	-7.637579096512221721e-02	1.000000000000002665e+00	-4.676182791013711038e-01	2.596012184884855523e-01	-1.209385426498246763e-01	1.554196368504937309e-01
-3.294171643277045425e-02	2.968663780315768108e-02	-5.231146866501364123e-02	5.919052537781229612e-02	-3.610574745179975786e-02	6.072925591874578366e-02	-8.775668257459642851e-02	7.684541806458045077e-02	-8.422502679313861873e-02	3.413480253736077275e-02	-6.080092944275611311e-02	1.378385346471554807e-01	-1.195600922216345507e-01	9.277090305911918355e-02	-8.111888081536819395e-02	8.762889481363216049e-02	-9.030225968489885569e-02	1.113433084546385093e-01	-1.139976256190146225e-01	7.829076665724386819e-02	-1.225149669020672294e-01	1.845139248952146482e-01	-1.558473547391744374e-01	1.076689300398076810e-01	-5.404796110718446817e-02	2.048605192309738698e-01	-5.187933912420762406e-01	3.052694185996516762e-01	-1.460179793983539531e-01	5.381321528824134504e-02	-4.676182791013711038e-01	1.000000000000003331e+00	-6.177646947058250682e-01	1.095670733918118478e-01	-1.287395387333983565e-01
3.578959166233863787e-02	-3.239383161664466382e-02	5.801786237194271612e-02	-6.643464992630884747e-02	3.993378631752399210e-02	-6.481901165226047756e-02	9.561434716902866837e-02	-8.588294136668120360e-02	9.326563462654519077e-02	-3.805582563520271133e-02	6.420554648386707364e-02	-1.545836182965357464e-01	1.319231923123255212e-01	-1.059027994503409786e-01	9.078828426691434861e-02	-9.082842231476875861e-02	9.282994428268905029e-02	-1.337543459510462107e-01	1.294492690931758616e-01	-9.067312697144282174e-02	1.193801179614735058e-01	-1.893701798979138817e-01	1.783541325222183227e-01	-1.334658705336280449e-01	6.230082999431080237e-02	-2.018005392490249683e-01	3.176396754966945846e-01	-6.065220467837695306e-01	1.766335282584540756e-01	-6.366110919786943656e-02	2.596012184884855523e-01	-6.177646947058250682e-01	1.000000000000003109e+00	-1.558715092326030116e-01	1.502641607542247737e-01
-2.776317848673322264e-02	2.521997804698807022e-02	-4.855986515091920142e-02	5.657733124562028260e-02	-3.424519429702146955e-02	4.577958597554374065e-02	-7.477127560957287644e-02	7.109200931891163089e-02	-8.272551377639766890e-02	3.297001707118157876e-02	-4.498711372916739532e-02	1.184518736331956618e-01	-1.068820915444238101e-01	1.012296104445760681e-01	-9.641072172503240001e-02	5.722458655957622653e-02	-5.911878210444006243e-02	1.007035138860196272e-01	-1.625598967355711966e-01	1.039036816532548785e-01	-6.748273822985960402e-02	1.076683955337375542e-01	-1.193491698293943637e-01	2.096968133920557587e-01	-1.070146621746670690e-01	1.071971504709315903e-01	-1.228610542249088944e-01	1.496985873426717739e-01	-4.774253062147633120e-01	1.120873164403528022e-01	-1.209385426498246763e-01	1.095670733918118478e-01	-1.558715092326030116e-01	1.000000000000003109e+00	-7.906595846782813464e-01
3.813947894011596867e-02	-3.474633592122566839e-02	6.601070777821634039e-02	-7.770913659261162454e-02	4.632678842618360993e-02	-6.351563372138777086e-02	1.022614685316555194e-01	-9.733554206265346287e-02	1.094433024022527096e-01	-4.493106296035830061e-02	6.206663617745961092e-02	-1.672773810737446798e-01	1.395419658066461011e-01	-1.358140261803718052e-01	1.221339761956649062e-01	-7.938529297766412640e-02	8.143456058182596546e-02	-1.289469752541677616e-01	1.785657820608337054e-01	-1.373546011914557607e-01	9.246334623498839167e-02	-1.494451468954236528e-01	1.475112000534138379e-01	-2.523006917845236341e-01	1.363952841964121421e-01	-1.483741987053293909e-01	1.438249086726379466e-01	-1.693395674731908163e-01	2.907653654155873957e-01	-1.683933837393163102e-01	1.554196368504937309e-01	-1.287395387333983565e-01	1.502641607542247737e-01	-7.906595846782813464e-01	1.000000000000003331e+00
