1.000000000000000000e+00	-3.151636482976503673e-01	8.984794154578307213e-02	-6.211543798795921695e-02	5.084202683314168608e-02	-9.018432310266244478e-01	2.301655052651072897e-01	-7.889102624513191775e-02	4.807197477522540813e-02	-3.945627042076171181e-02	1.455576572054308737e-01	-1.345953440322678607e-01	8.125875237308499699e-02	-3.697114459176838869e-02	3.628280023863531684e-02	-3.637299826999780550e-02	8.087847311940780937e-02	-8.844686606720106314e-02	4.852597702084067433e-02	-3.795864872053383854e-02	3.713183747002053031e-02	-6.223075316508594468e-02	5.172922525037312869e-02	-4.455553912423471791e-02	4.694813963744353530e-02	-2.303782665359040485e-02	2.404531902146357300e-02	-4.374109104858792813e-02	4.672026000011424152e-02	-4.482789731298543467e-02	2.176442202823765035e-02	-2.731511128160206067e-02	4.807101000580545069e-02	-2.890843018744864573e-02	2.886117076213783050e-02
-3.151636482976503673e-01	1.000000000000000444e+00	-2.637174574262813320e-01	1.382161761722072446e-01	-1.170215939443678688e-01	2.346255530820549329e-01	-7.803143723983949620e-01	1.908565240253406181e-01	-1.101573205770693814e-01	8.675863366264974230e-02	-2.589576339389169091e-01	2.148463080749718201e-01	-1.897914214435654501e-01	7.674172223990304020e-02	-7.627586923785116546e-02	6.506083914150956327e-02	-1.521130347165627339e-01	1.700359270033177661e-01	-9.651277229373747546e-02	7.436533229875519346e-02	-6.944878154186541475e-02	1.090070022413832801e-01	-9.679623534544741503e-02	8.307991731720403006e-02	-9.050920240128446093e-02	4.119777121608674680e-02	-4.324736090658381354e-02	7.897031571064594413e-02	-8.683910530015535867e-02	8.057534645356201342e-02	-3.927548350669421429e-02	4.867739322101378996e-02	-8.817859020274443349e-02	5.257218217731276372e-02	-5.282041682037860730e-02
8.984794154578307213e-02	-2.637174574262813320e-01	1.000000000000000222e+00	-4.296512590967094813e-01	2.076128947804783964e-01	-8.546762452128105203e-02	1.971870023526154925e-01	-6.622344876297228122e-01	2.176680432602792481e-01	-1.730257711521191455e-01	1.120728199404157216e-01	-1.038657265828527299e-01	2.940030328549123051e-01	-1.343948190086594607e-01	1.233583423753312064e-01	-4.845406445958361230e-02	1.428732646298591646e-01	-3.030138052177366870e-01	1.381194598230270909e-01	-1.107273273153064341e-01	5.141205349738183633e-02	-1.146978758213442473e-01	1.106487865194028253e-01	-1.053133699834970932e-01	1.168222087105448698e-01	-4.800945829988020191e-02	5.061026659929292182e-02	-9.550853010453194680e-02	1.047405986371420794e-01	-1.075908370713358625e-01	4.577730047759109161e-02	-5.827072927811625253e-02	1.102463943215242770e-01	-6.710842515595379087e-02	6.744106862579588024e-02
-6.211543798795921695e-02	1.382161761722072446e-01	-4.296512590967094813e-01	1.000000000000000000e+00	-5.450987940899932882e-01	5.718532088232688299e-02	-1.302852049432635939e-01	2.353025211882340817e-01	-5.286933845118361175e-01	3.023285540662288828e-01	-8.582761571012002821e-02	7.576218258153608054e-02	-2.311782678865429985e-01	1.919745601246899414e-01	-1.965705809579252339e-01	3.918843655048362407e-02	-1.192460628492464508e-01	1.980046082731101997e-01	-1.555532589404693133e-01	1.234156830663003246e-01	-4.236121516314221569e-02	9.512805753481234916e-02	-1.012526067709794142e-01	1.010275207292008759e-01	-1.213799665100823988e-01	4.110820527480949643e-02	-4.377321154127219310e-02	8.389677050684685167e-02	-9.584957319352520322e-02	9.431434986137809950e-02	-3.957995131796643307e-02	4.983889500743293732e-02	-9.883291026299088899e-02	5.950299548666067306e-02	-6.072372792687785736e-02
5.084202683314168608e-02	-1.170215939443678688e-01	2.076128947804783964e-01	-5.450987940899932882e-01	9.999999999999997780e-01	-4.780559619710482433e-02	1.020829283624082179e-01	-1.780079298362166884e-01	3.169265320072408021e-01	-6.793399012539046433e-01	7.159988136139273929e-02	-6.389070708402946885e-02	1.654649396805248363e-01	-1.671458271811971374e-01	1.474363578271442599e-01	-3.476772224314342991e-02	1.052355100932715476e-01	-1.869566520870407089e-01	1.265278676069213071e-01	-1.059410431471819181e-01	3.737626281815206036e-02	-8.669102480293505719e-02	9.010733383625851856e-02	-9.003085205968240634e-02	1.040911611261524511e-01	-3.870866773908613473e-02	4.091910845237280159e-02	-7.822469014759908523e-02	8.753169785532460834e-02	-9.112602461762549233e-02	3.713498410708657160e-02	-4.720741274813574501e-02	9.397603819327030039e-02	-5.666285329167583540e-02	5.733866854048595696e-02
-9.018432310266244478e-01	2.346255530820549329e-01	-8.546762452128105203e-02	5.718532088232688299e-02	-4.780559619710482433e-02	9.999999999999993339e-01	-2.972629517621103723e-01	7.593198938447628943e-02	-4.533376366163797272e-02	3.677817943556193486e-02	-1.832670751026812817e-01	1.411980082323033847e-01	-7.912724519842675996e-02	3.457508711500389964e-02	-3.411045183118192881e-02	3.797862980009870937e-02	-8.158569223556545735e-02	8.234656317822443283e-02	-4.575185941089176395e-02	3.558213534542076228e-02	-3.912092950289901977e-02	6.042780678833947761e-02	-4.984376858728882531e-02	4.226462409462496128e-02	-4.446060440571175665e-02	2.195540408178191238e-02	-2.290969590678295156e-02	4.141822314367631791e-02	-4.421937862359495014e-02	4.160824098524038006e-02	-2.074069706835262109e-02	2.588019541673167168e-02	-4.460455021275673559e-02	2.693703437264189857e-02	-2.689369082784213993e-02
2.301655052651072897e-01	-7.803143723983949620e-01	1.971870023526154925e-01	-1.302852049432635939e-01	1.020829283624082179e-01	-2.972629517621103723e-01	9.999999999999994449e-01	-2.139626767414110897e-01	9.953600201981513407e-02	-8.084887283279616754e-02	2.344223409327332863e-01	-3.107193643722622745e-01	1.705334417247859058e-01	-7.315809288210782524e-02	7.085544643106722607e-02	-6.313321869837239253e-02	1.486844632344562767e-01	-1.770256721371327446e-01	9.207931841489047642e-02	-7.206233935295583426e-02	6.473366350331169472e-02	-1.132803545991299954e-01	9.399231563149160196e-02	-8.200653518952270848e-02	8.668209708817808945e-02	-4.166371541599282746e-02	4.354807528888059859e-02	-7.948626891017906981e-02	8.463835580603064346e-02	-8.185657834106509212e-02	3.931121715207816503e-02	-4.952533978150632649e-02	8.631726439677446516e-02	-5.237927570355641743e-02	5.229734504979506593e-02
-7.889102624513191775e-02	1.908565240253406181e-01	-6.622344876297228122e-01	2.353025211882340817e-01	-1.780079298362166884e-01	7.593198938447628943e-02	-2.139626767414110897e-01	9.999999999999995559e-01	-2.241998569413911346e-01	1.447364275590372062e-01	-1.044813025878655738e-01	9.777293911136233917e-02	-5.658222730364300679e-01	1.163371405543686954e-01	-1.104367649243423039e-01	4.223235069828326638e-02	-1.272458449753664511e-01	2.528854192647553289e-01	-1.218724526743570485e-01	9.411510033825613852e-02	-4.503552476583159991e-02	9.684739456569818605e-02	-9.457458973918959899e-02	8.857725296027554873e-02	-1.000261085926738985e-01	3.933604184472217630e-02	-4.168496480364249079e-02	7.858474075948737592e-02	-8.739108967304624886e-02	8.591511204732947549e-02	-3.761246650255603563e-02	4.750705366726331452e-02	-8.951717983663654010e-02	5.430416953901309740e-02	-5.478908056303088969e-02
4.807197477522540813e-02	-1.101573205770693814e-01	2.176680432602792481e-01	-5.286933845118361175e-01	3.169265320072408021e-01	-4.533376366163797272e-02	9.953600201981513407e-02	-2.241998569413911346e-01	1.000000000000000000e+00	-6.014453530513291790e-01	6.859313719283956223e-02	-6.164637618462376345e-02	1.747258792471026723e-01	-3.493721374727329909e-01	2.196122590936845642e-01	-3.329545160953953364e-02	1.018292764236672782e-01	-1.817911522273468750e-01	1.496534335595404441e-01	-1.314130601452629110e-01	3.577466068928374793e-02	-8.491106217807381507e-02	8.981276780439313712e-02	-9.528466492413904809e-02	1.137253900525481559e-01	-3.710854883448146124e-02	3.946112719026906301e-02	-7.626330407409272205e-02	8.536550968347095258e-02	-8.845049640810427605e-02	3.548705818904250575e-02	-4.528729973144673959e-02	8.761727090169602050e-02	-5.409942783165021946e-02	5.513032399747973267e-02
-3.945627042076171181e-02	8.675863366264974230e-02	-1.730257711521191455e-01	3.023285540662288828e-01	-6.793399012539046433e-01	3.677817943556193486e-02	-8.084887283279616754e-02	1.447364275590372062e-01	-6.014453530513291790e-01	9.999999999999994449e-01	-5.693438019705279740e-02	5.043338644233676116e-02	-1.426360291738321961e-01	1.848730303864764835e-01	-1.864665012615877027e-01	2.754603452638328814e-02	-8.462167309789475622e-02	1.398106770991698056e-01	-1.263197649242701615e-01	1.037462716855117179e-01	-2.976542848314547851e-02	6.948018606076349080e-02	-7.534774787623725600e-02	7.841494890504600856e-02	-9.582851457900808112e-02	3.057799831558188561e-02	-3.259014556515570787e-02	6.295229066856108946e-02	-7.175124318608751273e-02	7.214775889647730145e-02	-2.939621313178562845e-02	3.721570371873549055e-02	-7.401222693899828231e-02	4.492428249080315100e-02	-4.595997525785679161e-02
1.455576572054308737e-01	-2.589576339389169091e-01	1.120728199404157216e-01	-8.582761571012002821e-02	7.159988136139273929e-02	-1.832670751026812817e-01	2.344223409327332863e-01	-1.044813025878655738e-01	6.859313719283956223e-02	-5.693438019705279740e-02	1.000000000000000000e+00	-8.494246756368475371e-01	1.255446196480441701e-01	-5.979983421226817142e-02	5.861949962411773518e-02	-1.365491112071369750e-01	2.102559826755829309e-01	-1.639645811655093544e-01	8.618785857221426816e-02	-6.790202453930568871e-02	1.181331910756042297e-01	-1.675915221799776367e-01	1.093447341711654974e-01	-9.072497467978493657e-02	8.729826855151981424e-02	-5.091360566976416147e-02	5.252446038752379281e-02	-9.246793375777653812e-02	9.066456301544487117e-02	-8.492189948995383653e-02	4.673244286682456256e-02	-5.923834479568116512e-02	8.486101648425382893e-02	-5.403171528532704770e-02	5.313639543317291714e-02
-1.345953440322678607e-01	2.148463080749718201e-01	-1.038657265828527299e-01	7.576218258153608054e-02	-6.389070708402946885e-02	1.411980082323033847e-01	-3.107193643722622745e-01	9.777293911136233917e-02	-6.164637618462376345e-02	5.043338644233676116e-02	-8.494246756368475371e-01	9.999999999999992228e-01	-1.233749866392742922e-01	5.300115459571579785e-02	-5.233508681170256222e-02	1.089013940476986353e-01	-2.716321368266749747e-01	1.454914209516434409e-01	-7.761975843890024651e-02	6.032273110298277952e-02	-1.107407693870711279e-01	1.519485838011947199e-01	-1.022482576047545749e-01	8.047804396417650163e-02	-7.854171654204311626e-02	4.437013079611335648e-02	-4.625248783615786702e-02	8.064137319153727446e-02	-8.068183542693635468e-02	7.249857058228136031e-02	-4.114796312720322979e-02	5.125816849668891895e-02	-7.372774542185359103e-02	4.672682953148273033e-02	-4.607285442802754039e-02
8.125875237308499699e-02	-1.897914214435654501e-01	2.940030328549123051e-01	-2.311782678865429985e-01	1.654649396805248363e-01	-7.912724519842675996e-02	1.705334417247859058e-01	-5.658222730364300679e-01	1.747258792471026723e-01	-1.426360291738321961e-01	1.255446196480441701e-01	-1.233749866392742922e-01	9.999999999999991118e-01	-1.418896629291829525e-01	1.286246006849637857e-01	-5.982058623964051775e-02	1.888238200850228254e-01	-5.868413942333817745e-01	1.749445649521535473e-01	-1.361119555704980721e-01	6.297160020397025992e-02	-1.483918003381600459e-01	1.383334816054092864e-01	-1.308315140318780101e-01	1.417116043502213707e-01	-5.896234441851304353e-02	6.235021755237669938e-02	-1.174532839506384346e-01	1.274408134935828274e-01	-1.293160144387158761e-01	5.599637415861807854e-02	-7.153334697338321890e-02	1.306417410157442172e-01	-8.049153893194348208e-02	8.069198793444141982e-02
-3.697114459176838869e-02	7.674172223990304020e-02	-1.343948190086594607e-01	1.919745601246899414e-01	-1.671458271811971374e-01	3.457508711500389964e-02	-7.315809288210782524e-02	1.163371405543686954e-01	-3.493721374727329909e-01	1.848730303864764835e-01	-5.979983421226817142e-02	5.300115459571579785e-02	-1.418896629291829525e-01	9.999999999999991118e-01	-7.944820214120843493e-01	3.237842671393455218e-02	-1.032781811920077397e-01	1.599499081234089792e-01	-2.916453750009029289e-01	2.438626582795488384e-01	-3.505153418618003197e-02	9.107162968953379234e-02	-1.074477466501734535e-01	1.336287952038806015e-01	-1.809833314148497352e-01	3.926560802190021127e-02	-4.259960126278872911e-02	8.558290262550763416e-02	-9.765710782764829012e-02	9.999480586316700226e-02	-3.734791862547967578e-02	4.812617667607502203e-02	-9.329454254241850708e-02	5.947531733522823383e-02	-6.221003373925049207e-02
3.628280023863531684e-02	-7.627586923785116546e-02	1.233583423753312064e-01	-1.965705809579252339e-01	1.474363578271442599e-01	-3.411045183118192881e-02	7.085544643106722607e-02	-1.104367649243423039e-01	2.196122590936845642e-01	-1.864665012615877027e-01	5.861949962411773518e-02	-5.233508681170256222e-02	1.286246006849637857e-01	-7.944820214120843493e-01	9.999999999999994449e-01	-3.247372666980785638e-02	1.022708703374961142e-01	-1.668965125882825029e-01	2.493769094210705195e-01	-3.894471343981796840e-01	3.494723952256315741e-02	-9.403193396434199325e-02	1.071022339986883315e-01	-1.432856483756509147e-01	1.798945971299190649e-01	-4.069298962619313093e-02	4.395651568382007157e-02	-8.884258745838582993e-02	9.795367711046745751e-02	-1.079574665200525724e-01	3.838846715024672729e-02	-5.007021166721997013e-02	9.430090349954450835e-02	-6.172377837282655433e-02	6.395304342766779115e-02
-3.637299826999780550e-02	6.506083914150956327e-02	-4.845406445958361230e-02	3.918843655048362407e-02	-3.476772224314342991e-02	3.797862980009870937e-02	-6.313321869837239253e-02	4.223235069828326638e-02	-3.329545160953953364e-02	2.754603452638328814e-02	-1.365491112071369750e-01	1.089013940476986353e-01	-5.982058623964051775e-02	3.237842671393455218e-02	-3.247372666980785638e-02	1.000000000000000000e+00	-1.882214317360937361e-01	8.837940096227857312e-02	-5.227816062230299793e-02	4.057484798584332086e-02	-9.531927833891536972e-01	1.299382106269774961e-01	-8.246047071676868012e-02	6.036241657016819945e-02	-5.657983147184000861e-02	6.212860513815923746e-02	-5.111304984822538644e-02	6.582237763658713159e-02	-6.365163605123309865e-02	5.127434460457198223e-02	-5.629479732611714776e-02	5.152641815133415792e-02	-5.238023953514396591e-02	3.400588029399581602e-02	-3.310508252922571976e-02
8.087847311940780937e-02	-1.521130347165627339e-01	1.428732646298591646e-01	-1.192460628492464508e-01	1.052355100932715476e-01	-8.158569223556545735e-02	1.486844632344562767e-01	-1.272458449753664511e-01	1.018292764236672782e-01	-8.462167309789475622e-02	2.102559826755829309e-01	-2.716321368266749747e-01	1.888238200850228254e-01	-1.032781811920077397e-01	1.022708703374961142e-01	-1.882214317360937361e-01	1.000000000000000222e+00	-3.701083209334048441e-01	1.690514326757765751e-01	-1.330385157947981123e-01	1.613642251649789749e-01	-6.532441903144118323e-01	2.676182257774370465e-01	-2.080419145887031640e-01	1.774725019574077411e-01	-1.079017129566693656e-01	1.183157316854227398e-01	-2.083564574563775973e-01	1.860419919215642315e-01	-1.631569266742223523e-01	9.585255992640623335e-02	-1.294869559307465223e-01	1.564409953972249745e-01	-1.041721538212699028e-01	1.011513999286733911e-01
-8.844686606720106314e-02	1.700359270033177661e-01	-3.030138052177366870e-01	1.980046082731101997e-01	-1.869566520870407089e-01	8.234656317822443283e-02	-1.770256721371327446e-01	2.528854192647553289e-01	-1.817911522273468750e-01	1.398106770991698056e-01	-1.639645811655093544e-01	1.454914209516434409e-01	-5.868413942333817745e-01	1.599499081234089792e-01	-1.668965125882825029e-01	8.837940096227857312e-02	-3.701083209334048441e-01	9.999999999999995559e-01	-3.289496979289398548e-01	1.932455149527373128e-01	-9.611919747154419602e-02	2.151455084003250640e-01	-2.189279091931325139e-01	1.896066784841634323e-01	-2.160775801696776521e-01	7.750587583336600306e-02	-8.427490029012751904e-02	1.584288873575873391e-01	-1.824054856613124553e-01	1.570805932330652244e-01	-7.482447477473545827e-02	9.290354217129069558e-02	-1.709001647633800469e-01	1.033472353843190861e-01	-1.048680613816028173e-01
4.852597702084067433e-02	-9.651277229373747546e-02	1.381194598230270909e-01	-1.555532589404693133e-01	1.265278676069213071e-01	-4.575185941089176395e-02	9.207931841489047642e-02	-1.218724526743570485e-01	1.496534335595404441e-01	-1.263197649242701615e-01	8.618785857221426816e-02	-7.761975843890024651e-02	1.749445649521535473e-01	-2.916453750009029289e-01	2.493769094210705195e-01	-5.227816062230299793e-02	1.690514326757765751e-01	-3.289496979289398548e-01	1.000000000000000444e+00	-6.853642810780358197e-01	5.591424486053477722e-02	-1.689989893669668064e-01	1.923055969488977335e-01	-3.392889100691926507e-01	2.949305880282444559e-01	-6.877561565744597094e-02	7.504183698627116261e-02	-1.568342861056860049e-01	1.655458636878724688e-01	-1.789234118863264611e-01	6.370370535278513380e-02	-8.498888690466416262e-02	1.463750687975187703e-01	-1.006346093386722845e-01	1.027404181817728329e-01
-3.795864872053383854e-02	7.436533229875519346e-02	-1.107273273153064341e-01	1.234156830663003246e-01	-1.059410431471819181e-01	3.558213534542076228e-02	-7.206233935295583426e-02	9.411510033825613852e-02	-1.314130601452629110e-01	1.037462716855117179e-01	-6.790202453930568871e-02	6.032273110298277952e-02	-1.361119555704980721e-01	2.438626582795488384e-01	-3.894471343981796840e-01	4.057484798584332086e-02	-1.330385157947981123e-01	1.932455149527373128e-01	-6.853642810780358197e-01	1.000000000000001110e+00	-4.389254692872838343e-02	1.273132094788979041e-01	-1.624323870762039712e-01	2.441562497541979460e-01	-4.607679189166810629e-01	5.318478710946033389e-02	-5.860695318731217601e-02	1.225936417257010164e-01	-1.384495043684536575e-01	1.476556601490816023e-01	-4.976922302172872431e-02	6.547808431232934878e-02	-1.231825502295214869e-01	8.249703457505981608e-02	-8.874724913522463732e-02
3.713183747002053031e-02	-6.944878154186541475e-02	5.141205349738183633e-02	-4.236121516314221569e-02	3.737626281815206036e-02	-3.912092950289901977e-02	6.473366350331169472e-02	-4.503552476583159991e-02	3.577466068928374793e-02	-2.976542848314547851e-02	1.181331910756042297e-01	-1.107407693870711279e-01	6.297160020397025992e-02	-3.505153418618003197e-02	3.494723952256315741e-02	-9.531927833891536972e-01	1.613642251649789749e-01	-9.611919747154419602e-02	5.591424486053477722e-02	-4.389254692872838343e-02	1.000000000000000000e+00	-1.484709905334645474e-01	8.706427602282372502e-02	-6.598003813092773173e-02	6.054574254212222173e-02	-7.100361931016083150e-02	5.537787808389831729e-02	-7.277895524425408158e-02	6.842441138620945773e-02	-5.670166220164905152e-02	5.937941081511161762e-02	-5.690799556120328118e-02	5.689883270751674993e-02	-3.720987343632209399e-02	3.611646257338529953e-02
-6.223075316508594468e-02	1.090070022413832801e-01	-1.146978758213442473e-01	9.512805753481234916e-02	-8.669102480293505719e-02	6.042780678833947761e-02	-1.132803545991299954e-01	9.684739456569818605e-02	-8.491106217807381507e-02	6.948018606076349080e-02	-1.675915221799776367e-01	1.519485838011947199e-01	-1.483918003381600459e-01	9.107162968953379234e-02	-9.403193396434199325e-02	1.299382106269774961e-01	-6.532441903144118323e-01	2.151455084003250640e-01	-1.689989893669668064e-01	1.273132094788979041e-01	-1.484709905334645474e-01	1.000000000000000666e+00	-5.387907375414607847e-01	2.237057586793323727e-01	-2.062406098962322465e-01	1.071949144461803033e-01	-1.397635459466174679e-01	2.130164825167974452e-01	-2.094520338180862473e-01	1.450591090598825905e-01	-9.921876988244532347e-02	1.273350962589860358e-01	-1.506993865494363760e-01	9.928283073468938125e-02	-9.736202245206207473e-02
5.172922525037312869e-02	-9.679623534544741503e-02	1.106487865194028253e-01	-1.012526067709794142e-01	9.010733383625851856e-02	-4.984376858728882531e-02	9.399231563149160196e-02	-9.457458973918959899e-02	8.981276780439313712e-02	-7.534774787623725600e-02	1.093447341711654974e-01	-1.022482576047545749e-01	1.383334816054092864e-01	-1.074477466501734535e-01	1.071022339986883315e-01	-8.246047071676868012e-02	2.676182257774370465e-01	-2.189279091931325139e-01	1.923055969488977335e-01	-1.624323870762039712e-01	8.706427602282372502e-02	-5.387907375414607847e-01	9.999999999999998890e-01	-4.974194174232446364e-01	2.517396616608104098e-01	-1.220949572146334539e-01	1.463311194137412730e-01	-4.092403109775243353e-01	2.655698366890434925e-01	-1.918434977045022360e-01	1.069845560942085938e-01	-1.507648568402281675e-01	1.738892876391966713e-01	-1.259902602646947034e-01	1.192875332463236154e-01
-4.455553912423471791e-02	8.307991731720403006e-02	-1.053133699834970932e-01	1.010275207292008759e-01	-9.003085205968240634e-02	4.226462409462496128e-02	-8.200653518952270848e-02	8.857725296027554873e-02	-9.528466492413904809e-02	7.841494890504600856e-02	-9.072497467978493657e-02	8.047804396417650163e-02	-1.308315140318780101e-01	1.336287952038806015e-01	-1.432856483756509147e-01	6.036241657016819945e-02	-2.080419145887031640e-01	1.896066784841634323e-01	-3.392889100691926507e-01	2.441562497541979460e-01	-6.598003813092773173e-02	2.237057586793323727e-01	-4.974194174232446364e-01	1.000000000000001776e+00	-6.193766691346423992e-01	8.714920441680867880e-02	-1.013760719243551600e-01	2.309805679976354720e-01	-3.009170343226486577e-01	1.959960731836551950e-01	-8.031000236280462501e-02	1.073668753054268649e-01	-1.725731696561427775e-01	1.244508887671712943e-01	-1.280525753529424271e-01
4.694813963744353530e-02	-9.050920240128446093e-02	1.168222087105448698e-01	-1.213799665100823988e-01	1.040911611261524511e-01	-4.446060440571175665e-02	8.668209708817808945e-02	-1.000261085926738985e-01	1.137253900525481559e-01	-9.582851457900808112e-02	8.729826855151981424e-02	-7.854171654204311626e-02	1.417116043502213707e-01	-1.809833314148497352e-01	1.798945971299190649e-01	-5.657983147184000861e-02	1.774725019574077411e-01	-2.160775801696776521e-01	2.949305880282444559e-01	-4.607679189166810629e-01	6.054574254212222173e-02	-2.062406098962322465e-01	2.517396616608104098e-01	-6.193766691346423992e-01	1.000000000000000888e+00	-8.401334687219211284e-02	9.281123427237063239e-02	-2.043255184645504097e-01	2.124140077482482569e-01	-3.033951124681929512e-01	7.672447161292857143e-02	-1.044495651053466978e-01	1.877677609163003469e-01	-1.369676489158444532e-01	1.478393090383460784e-01
-2.303782665359040485e-02	4.119777121608674680e-02	-4.800945829988020191e-02	4.110820527480949643e-02	-3.870866773908613473e-02	2.195540408178191238e-02	-4.166371541599282746e-02	3.933604184472217630e-02	-3.710854883448146124e-02	3.057799831558188561e-02	-5.091360566976416147e-02	4.437013079611335648e-02	-5.896234441851304353e-02	3.926560802190021127e-02	-4.069298962619313093e-02	6.212860513815923746e-02	-1.079017129566693656e-01	7.750587583336600306e-02	-6.877561565744597094e-02	5.318478710946033389e-02	-7.100361931016083150e-02	1.071949144461803033e-01	-1.220949572146334539e-01	8.714920441680867880e-02	-8.401334687219211284e-02	1.000000000000001554e+00	-5.512520258779610716e-01	1.831942889518187734e-01	-1.771550204088053471e-01	8.177984766304978448e-02	-7.303628483259504423e-01	3.265648209730431795e-01	-1.000566453058924915e-01	6.717256275136493371e-02	-6.182407627275420675e-02
2.404531902146357300e-02	-4.324736090658381354e-02	5.061026659929292182e-02	-4.377321154127219310e-02	4.091910845237280159e-02	-2.290969590678295156e-02	4.354807528888059859e-02	-4.168496480364249079e-02	3.946112719026906301e-02	-3.259014556515570787e-02	5.252446038752379281e-02	-4.625248783615786702e-02	6.235021755237669938e-02	-4.259960126278872911e-02	4.395651568382007157e-02	-5.111304984822538644e-02	1.183157316854227398e-01	-8.427490029012751904e-02	7.504183698627116261e-02	-5.860695318731217601e-02	5.537787808389831729e-02	-1.397635459466174679e-01	1.463311194137412730e-01	-1.013760719243551600e-01	9.281123427237063239e-02	-5.512520258779610716e-01	1.000000000000002220e+00	-3.242856318362699608e-01	2.020937538965831282e-01	-9.028413218125001805e-02	3.184225279328904423e-01	-6.732421982617596834e-01	1.072326062293089827e-01	-7.505745730051333053e-02	6.749338641581732745e-02
-4.374109104858792813e-02	7.897031571064594413e-02	-9.550853010453194680e-02	8.389677050684685167e-02	-7.822469014759908523e-02	4.141822314367631791e-02	-7.948626891017906981e-02	7.858474075948737592e-02	-7.626330407409272205e-02	6.295229066856108946e-02	-9.246793375777653812e-02	8.064137319153727446e-02	-1.174532839506384346e-01	8.558290262550763416e-02	-8.884258745838582993e-02	6.582237763658713159e-02	-2.083564574563775973e-01	1.584288873575873391e-01	-1.568342861056860049e-01	1.225936417257010164e-01	-7.277895524425408158e-02	2.130164825167974452e-01	-4.092403109775243353e-01	2.309805679976354720e-01	-2.043255184645504097e-01	1.831942889518187734e-01	-3.242856318362699608e-01	1.000000000000001998e+00	-6.838503950666741105e-01	1.905675268244849396e-01	-1.729265145550484828e-01	2.205819385937736188e-01	-2.398988780668918908e-01	1.757218607559841439e-01	-1.540306761520066625e-01
4.672026000011424152e-02	-8.683910530015535867e-02	1.047405986371420794e-01	-9.584957319352520322e-02	8.753169785532460834e-02	-4.421937862359495014e-02	8.463835580603064346e-02	-8.739108967304624886e-02	8.536550968347095258e-02	-7.175124318608751273e-02	9.066456301544487117e-02	-8.068183542693635468e-02	1.274408134935828274e-01	-9.765710782764829012e-02	9.795367711046745751e-02	-6.365163605123309865e-02	1.860419919215642315e-01	-1.824054856613124553e-01	1.655458636878724688e-01	-1.384495043684536575e-01	6.842441138620945773e-02	-2.094520338180862473e-01	2.655698366890434925e-01	-3.009170343226486577e-01	2.124140077482482569e-01	-1.771550204088053471e-01	2.020937538965831282e-01	-6.838503950666741105e-01	1.000000000000003109e+00	-2.682106588813239489e-01	1.472398649115347902e-01	-2.276828116901101207e-01	2.504023016712814687e-01	-2.932759130929896152e-01	1.937344857144393528e-01
-4.482789731298543467e-02	8.057534645356201342e-02	-1.075908370713358625e-01	9.431434986137809950e-02	-9.112602461762549233e-02	4.160824098524038006e-02	-8.185657834106509212e-02	8.591511204732947549e-02	-8.845049640810427605e-02	7.214775889647730145e-02	-8.492189948995383653e-02	7.249857058228136031e-02	-1.293160144387158761e-01	9.999480586316700226e-02	-1.079574665200525724e-01	5.127434460457198223e-02	-1.631569266742223523e-01	1.570805932330652244e-01	-1.789234118863264611e-01	1.476556601490816023e-01	-5.670166220164905152e-02	1.450591090598825905e-01	-1.918434977045022360e-01	1.959960731836551950e-01	-3.033951124681929512e-01	8.177984766304978448e-02	-9.028413218125001805e-02	1.905675268244849396e-01	-2.682106588813239489e-01	1.000000000000002220e+00	-7.904834149492838413e-02	1.011291205207817401e-01	-5.083408332363750226e-01	3.123678901044574796e-01	-6.099645243511180315e-01
2.176442202823765035e-02	-3.927548350669421429e-02	4.577730047759109161e-02	-3.957995131796643307e-02	3.713498410708657160e-02	-2.074069706835262109e-02	3.931121715207816503e-02	-3.761246650255603563e-02	3.548705818904250575e-02	-2.939621313178562845e-02	4.673244286682456256e-02	-4.114796312720322979e-02	5.599637415861807854e-02	-3.734791862547967578e-02	3.838846715024672729e-02	-5.629479732611714776e-02	9.585255992640623335e-02	-7.482447477473545827e-02	6.370370535278513380e-02	-4.976922302172872431e-02	5.937941081511161762e-02	-9.921876988244532347e-02	1.069845560942085938e-01	-8.031000236280462501e-02	7.672447161292857143e-02	-7.303628483259504423e-01	3.184225279328904423e-01	-1.729265145550484828e-01	1.472398649115347902e-01	-7.904834149492838413e-02	1.000000000000001998e+00	-5.753292621717056576e-01	9.221026860200284836e-02	-6.213363344818412237e-02	5.706542900898837339e-02
-2.731511128160206067e-02	4.867739322101378996e-02	-5.827072927811625253e-02	4.983889500743293732e-02	-4.720741274813574501e-02	2.588019541673167168e-02	-4.952533978150632649e-02	4.750705366726331452e-02	-4.528729973144673959e-02	3.721570371873549055e-02	-5.923834479568116512e-02	5.125816849668891895e-02	-7.153334697338321890e-02	4.812617667607502203e-02	-5.007021166721997013e-02	5.152641815133415792e-02	-1.294869559307465223e-01	9.290354217129069558e-02	-8.498888690466416262e-02	6.547808431232934878e-02	-5.690799556120328118e-02	1.273350962589860358e-01	-1.507648568402281675e-01	1.073668753054268649e-01	-1.044495651053466978e-01	3.265648209730431795e-01	-6.732421982617596834e-01	2.205819385937736188e-01	-2.276828116901101207e-01	1.011291205207817401e-01	-5.753292621717056576e-01	1.000000000000001554e+00	-1.279831565243415015e-01	8.476365552155115668e-02	-7.790254877520259857e-02
4.807101000580545069e-02	-8.817859020274443349e-02	1.102463943215242770e-01	-9.883291026299088899e-02	9.397603819327030039e-02	-4.460455021275673559e-02	8.631726439677446516e-02	-8.951717983663654010e-02	8.761727090169602050e-02	-7.401222693899828231e-02	8.486101648425382893e-02	-7.372774542185359103e-02	1.306417410157442172e-01	-9.329454254241850708e-02	9.430090349954450835e-02	-5.238023953514396591e-02	1.564409953972249745e-01	-1.709001647633800469e-01	1.463750687975187703e-01	-1.231825502295214869e-01	5.689883270751674993e-02	-1.506993865494363760e-01	1.738892876391966713e-01	-1.725731696561427775e-01	1.877677609163003469e-01	-1.000566453058924915e-01	1.072326062293089827e-01	-2.398988780668918908e-01	2.504023016712814687e-01	-5.083408332363750226e-01	9.221026860200284836e-02	-1.279831565243415015e-01	1.000000000000001776e+00	-5.651460538711285952e-01	3.057164802568160256e-01
-2.890843018744864573e-02	5.257218217731276372e-02	-6.710842515595379087e-02	5.950299548666067306e-02	-5.666285329167583540e-02	2.693703437264189857e-02	-5.237927570355641743e-02	5.430416953901309740e-02	-5.409942783165021946e-02	4.492428249080315100e-02	-5.403171528532704770e-02	4.672682953148273033e-02	-8.049153893194348208e-02	5.947531733522823383e-02	-6.172377837282655433e-02	3.400588029399581602e-02	-1.041721538212699028e-01	1.033472353843190861e-01	-1.006346093386722845e-01	8.249703457505981608e-02	-3.720987343632209399e-02	9.928283073468938125e-02	-1.259902602646947034e-01	1.244508887671712943e-01	-1.369676489158444532e-01	6.717256275136493371e-02	-7.505745730051333053e-02	1.757218607559841439e-01	-2.932759130929896152e-01	3.123678901044574796e-01	-6.213363344818412237e-02	8.476365552155115668e-02	-5.651460538711285952e-01	1.000000000000002220e+00	-6.751425304765437119e-01
2.886117076213783050e-02	-5.282041682037860730e-02	6.744106862579588024e-02	-6.072372792687785736e-02	5.733866854048595696e-02	-2.689369082784213993e-02	5.229734504979506593e-02	-5.478908056303088969e-02	5.513032399747973267e-02	-4.595997525785679161e-02	5.313639543317291714e-02	-4.607285442802754039e-02	8.069198793444141982e-02	-6.221003373925049207e-02	6.395304342766779115e-02	-3.310508252922571976e-02	1.011513999286733911e-01	-1.048680613816028173e-01	1.027404181817728329e-01	-8.874724913522463732e-02	3.611646257338529953e-02	-9.736202245206207473e-02	1.192875332463236154e-01	-1.280525753529424271e-01	1.478393090383460784e-01	-6.182407627275420675e-02	6.749338641581732745e-02	-1.540306761520066625e-01	1.937344857144393528e-01	-6.099645243511180315e-01	5.706542900898837339e-02	-7.790254877520259857e-02	3.057164802568160256e-01	-6.751425304765437119e-01	1.000000000000002220e+00
