1.000000000000000000e+00	-3.672394412045149048e-01	1.742082017221582846e-01	-1.130633665154539835e-01	1.130783861155429948e-01	-8.626937154531093555e-01	2.455642459487337448e-01	-1.915953078782245411e-01	1.107424058777648074e-01	-1.019735836709474014e-01	9.596931552336740445e-02	-1.107001544224307521e-01	9.192007542039550005e-02	-7.503284246197644558e-02	7.059123616587957561e-02	-8.951988982036235276e-02	1.078850015569241955e-01	-7.720271140767213935e-02	6.491162542216706577e-02	-7.249311102773416116e-02	6.711536467534574835e-02	-6.684960128796056666e-02	7.855077986299174864e-02	-5.813592528536613152e-02	6.696093739363062625e-02	-4.369861874612956942e-02	5.133685347668170279e-02	-5.358953688456309650e-02	6.389045897165783472e-02	-3.053114866358100019e-02	5.585566322216846402e-02	-5.037950884205336793e-02	4.865085811149196665e-02	-5.038507007394182197e-02	3.487568115704673538e-02
-3.672394412045149048e-01	1.000000000000000000e+00	-4.695638959379113131e-01	1.959527366099794443e-01	-1.969671381167636681e-01	2.620578999302763945e-01	-6.405838660522150674e-01	3.021555078855605037e-01	-1.915934067876355340e-01	1.521954012574031068e-01	-1.513445432401712420e-01	1.765984462355428830e-01	-1.282214668165943816e-01	1.032512009182768448e-01	-9.845423899254764077e-02	1.218178961085871065e-01	-1.763197204475326074e-01	1.024178617427521781e-01	-8.576691963894070292e-02	9.306156197740171609e-02	-8.367541466954712959e-02	8.571783432008214798e-02	-9.778353340974747787e-02	7.194544791500140368e-02	-8.134592913312975460e-02	5.370470130901221217e-02	-6.358568485032710382e-02	6.503714635625106044e-02	-7.598446044793963350e-02	3.621207204537175289e-02	-6.722283082648290720e-02	6.105567841641444671e-02	-5.776061497764042874e-02	5.970264579027519114e-02	-4.104340880693913007e-02
1.742082017221582846e-01	-4.695638959379113131e-01	1.000000000000000222e+00	-4.784292064763469021e-01	2.480750468564702216e-01	-1.872807247024265154e-01	2.767896115192237105e-01	-5.816263896750125673e-01	2.626744047727791465e-01	-2.296600665167776167e-01	9.516258537967500764e-02	-1.152363006770091847e-01	1.515598684008115649e-01	-1.340317714650094139e-01	1.196294994262722261e-01	-8.813051536586727353e-02	1.119346557174587531e-01	-1.278301012572898576e-01	1.017022407384752802e-01	-1.144146449010487454e-01	7.525916318987183051e-02	-7.869820901604079877e-02	9.927016000682241381e-02	-7.932940100903304592e-02	8.667149593365477966e-02	-4.974491138044855043e-02	5.915421614689602564e-02	-6.706136384618570367e-02	7.788756022507174748e-02	-3.809761421381983176e-02	6.256306302001608810e-02	-5.844812880056052956e-02	5.867598603707684102e-02	-6.222170921148400397e-02	4.272765310958586554e-02
-1.130633665154539835e-01	1.959527366099794443e-01	-4.784292064763469021e-01	1.000000000000000000e+00	-5.700149633855613462e-01	1.139867885097186895e-01	-1.669429653356483689e-01	2.640405546202851950e-01	-5.424918226197781301e-01	3.080681343615400691e-01	-6.496238916889775228e-02	7.475648119428859872e-02	-1.192709591113856465e-01	1.463397279081466718e-01	-1.384669493258564310e-01	6.096850783775942945e-02	-7.746168946313436443e-02	9.707721746495723281e-02	-9.849851190837800863e-02	1.066144251575921187e-01	-5.989729071951244849e-02	6.142117167321288485e-02	-8.167144216118478461e-02	6.982556023145831958e-02	-7.761655263259963078e-02	3.951925819355962821e-02	-4.722591606321737551e-02	5.504726920039199056e-02	-6.583654212031599118e-02	3.276367877902764542e-02	-5.029045071986042170e-02	4.646077493723330815e-02	-4.859530300836201189e-02	5.123979525410315289e-02	-3.687391473088119653e-02
1.130783861155429948e-01	-1.969671381167636681e-01	2.480750468564702216e-01	-5.700149633855613462e-01	1.000000000000000444e+00	-1.260083956847164732e-01	1.546224503190506416e-01	-2.650391799688942007e-01	3.254208274107948107e-01	-6.551329248974493424e-01	6.634494041175154067e-02	-7.667345319980013729e-02	1.250357763952620327e-01	-1.627549611197521007e-01	1.523076546880570425e-01	-6.533507881419206575e-02	7.925394709122630943e-02	-1.082832017780060857e-01	1.078094819010951555e-01	-1.284380611258965077e-01	6.734691542518694840e-02	-6.899924407609306365e-02	9.166785466879642796e-02	-7.958536187003202589e-02	8.743880011002883035e-02	-4.480587765196351879e-02	5.343680555441519819e-02	-6.289128094402229863e-02	7.515072619808074728e-02	-3.757274491628296437e-02	5.724458762793863120e-02	-5.319281815635282240e-02	5.575546067361809160e-02	-5.937507609925453400e-02	4.220597689610639663e-02
-8.626937154531093555e-01	2.620578999302763945e-01	-1.872807247024265154e-01	1.139867885097186895e-01	-1.260083956847164732e-01	9.999999999999997780e-01	-3.295012048323075482e-01	1.849857393069950784e-01	-1.193200746511423743e-01	1.029943892144193629e-01	-1.160505766208896200e-01	1.252511625895028902e-01	-9.843754784800173852e-02	7.760793619958207545e-02	-7.511965323252668691e-02	9.855418198924989492e-02	-1.300406466771822922e-01	7.967761593844911727e-02	-6.836449944882598551e-02	7.430877420107974418e-02	-7.452215677620538381e-02	7.304409309535520034e-02	-8.541271681105416791e-02	6.163420564198607982e-02	-7.209389337993356295e-02	4.780856760270376510e-02	-5.629619049651775342e-02	5.738725844045595298e-02	-6.890588376495263012e-02	3.260710869940566803e-02	-6.138253789090491325e-02	5.428892813211880913e-02	-5.229612664003913808e-02	5.328202589487382457e-02	-3.744186759795695152e-02
2.455642459487337448e-01	-6.405838660522150674e-01	2.767896115192237105e-01	-1.669429653356483689e-01	1.546224503190506416e-01	-3.295012048323075482e-01	9.999999999999997780e-01	-4.807684291935446774e-01	1.679388516337307902e-01	-1.426225618916169002e-01	1.675417095019166858e-01	-2.931878580618721419e-01	1.344898161573210293e-01	-1.011998978586570591e-01	9.264142129518235236e-02	-1.450347536023375294e-01	1.907262162042993314e-01	-1.117034083072230288e-01	8.514667849878394812e-02	-9.399867946889663151e-02	8.507116219756610809e-02	-9.063353389590003695e-02	9.869620571621456895e-02	-7.218162081339392355e-02	7.988291308677245017e-02	-5.512959242697199752e-02	6.494190431485129256e-02	-6.611194869800454677e-02	7.556587727360851436e-02	-3.597792180335116635e-02	6.768197448238226499e-02	-6.295896477423904014e-02	5.793476002483458065e-02	-6.058466899459921673e-02	4.051278007709722268e-02
-1.915953078782245411e-01	3.021555078855605037e-01	-5.816263896750125673e-01	2.640405546202851950e-01	-2.650391799688942007e-01	1.849857393069950784e-01	-4.807684291935446774e-01	1.000000000000000222e+00	-3.558667442535480285e-01	2.176264744678827190e-01	-1.271627002102232173e-01	1.498899421915095009e-01	-2.493998267128576529e-01	1.517330812861789890e-01	-1.414592553271276643e-01	1.092117833135315269e-01	-1.506253499146172348e-01	1.621387292631496224e-01	-1.238590553275678852e-01	1.304091414637294222e-01	-9.191111101584144294e-02	9.606854946240597770e-02	-1.238336472595811116e-01	9.450185303360709999e-02	-1.042245676645317948e-01	6.003979513238073829e-02	-7.175026577092127877e-02	8.070199488882860706e-02	-9.360738641947458083e-02	4.519289097379240033e-02	-7.526583471251642454e-02	6.970561408056419328e-02	-7.022988134413998829e-02	7.335344429482823503e-02	-5.080081962531081408e-02
1.107424058777648074e-01	-1.915934067876355340e-01	2.626744047727791465e-01	-5.424918226197781301e-01	3.254208274107948107e-01	-1.193200746511423743e-01	1.679388516337307902e-01	-3.558667442535480285e-01	1.000000000000000666e+00	-5.971968662616663481e-01	6.792917530091691081e-02	-7.924487417347921003e-02	1.427617927548425480e-01	-2.562283631612972679e-01	1.886357475611449286e-01	-6.563755563713048746e-02	8.150010271443916543e-02	-1.207328756166468064e-01	1.300194818105404326e-01	-1.426260741685828337e-01	6.803472327884155235e-02	-7.067003342807781641e-02	9.588325483883425315e-02	-8.692737422162788441e-02	9.395680813145650123e-02	-4.522232556898764244e-02	5.417122675598639442e-02	-6.500123487147096979e-02	7.753809169032137294e-02	-3.908020204273918857e-02	5.736454227072104728e-02	-5.357832860761230914e-02	5.683958630404062351e-02	-6.053229156292862928e-02	4.369030108409018703e-02
-1.019735836709474014e-01	1.521954012574031068e-01	-2.296600665167776167e-01	3.080681343615400691e-01	-6.551329248974493424e-01	1.029943892144193629e-01	-1.426225618916169002e-01	2.176264744678827190e-01	-5.971968662616663481e-01	1.000000000000000666e+00	-6.255240114549660835e-02	7.036331324116129604e-02	-1.299564568601537518e-01	1.888427491676074321e-01	-2.209320225283691042e-01	6.035046695971701264e-02	-7.553398889285874163e-02	1.064936980112426990e-01	-1.228023844801105630e-01	1.370834891168474512e-01	-6.659212782445783629e-02	6.755025708388630312e-02	-9.312702261620761646e-02	8.335686665605550327e-02	-9.365718960806053428e-02	4.397729513909860721e-02	-5.272528665904614026e-02	6.290326586607861148e-02	-7.665436101240431788e-02	3.861838768515774012e-02	-5.640888538292194998e-02	5.181899982843921754e-02	-5.583649929135484080e-02	5.872463456889165379e-02	-4.356732894719284738e-02
9.596931552336740445e-02	-1.513445432401712420e-01	9.516258537967500764e-02	-6.496238916889775228e-02	6.634494041175154067e-02	-1.160505766208896200e-01	1.675417095019166858e-01	-1.271627002102232173e-01	6.792917530091691081e-02	-6.255240114549660835e-02	1.000000000000001554e+00	-5.767466222541401955e-01	8.356619327430603317e-02	-5.843760151895582150e-02	5.408362591418368337e-02	-7.077963894897693065e-01	3.232973718941393182e-01	-7.378489346621107392e-02	5.688973284943645709e-02	-6.201972959106580308e-02	1.130957243357528924e-01	-1.161144481148377039e-01	9.321093779769784593e-02	-5.842475940755838953e-02	6.466964379520294404e-02	-7.034110564624190820e-02	7.693641297511343013e-02	-6.295258050454277665e-02	6.809770667581169223e-02	-3.087038553951520006e-02	7.807263945485437562e-02	-7.408108058747982227e-02	5.465952951609796828e-02	-5.662849715350588842e-02	3.465449614619123264e-02
-1.107001544224307521e-01	1.765984462355428830e-01	-1.152363006770091847e-01	7.475648119428859872e-02	-7.667345319980013729e-02	1.252511625895028902e-01	-2.931878580618721419e-01	1.498899421915095009e-01	-7.924487417347921003e-02	7.036331324116129604e-02	-5.767466222541401955e-01	1.000000000000001998e+00	-1.005424976518758395e-01	6.492753225115860394e-02	-6.025507955087186507e-02	3.185616997966932984e-01	-6.520815238879734688e-01	8.461635873239549410e-02	-6.325958794409775043e-02	6.773886543325177700e-02	-1.185664324318863316e-01	1.317432028185370474e-01	-1.058956144769446772e-01	6.337756913230167821e-02	-7.008053396707343563e-02	7.196731014500051815e-02	-8.535344540943709535e-02	6.790357216363281101e-02	-7.330349375481109986e-02	3.290047644711263652e-02	-8.313896361332781537e-02	7.670395735178203722e-02	-5.847910455044467298e-02	5.958443670583087048e-02	-3.694678279867376347e-02
9.192007542039550005e-02	-1.282214668165943816e-01	1.515598684008115649e-01	-1.192709591113856465e-01	1.250357763952620327e-01	-9.843754784800173852e-02	1.344898161573210293e-01	-2.493998267128576529e-01	1.427617927548425480e-01	-1.299564568601537518e-01	8.356619327430603317e-02	-1.005424976518758395e-01	1.000000000000003109e+00	-2.634756860352887586e-01	1.924382323654630078e-01	-9.168033547902436353e-02	1.085734284349658407e-01	-7.698548608305479934e-01	2.517307225823018357e-01	-2.702423152507253956e-01	1.280458662138180825e-01	-1.562785781263710816e-01	2.317776857642265542e-01	-1.797973881497737236e-01	1.704917634476834087e-01	-8.920629659842173320e-02	1.082798873485433799e-01	-1.504726214090340852e-01	1.530578604481210026e-01	-7.481778407833163114e-02	1.077125095328684695e-01	-1.097703233021942032e-01	1.162789132668936160e-01	-1.284350525854401348e-01	8.080208512916618735e-02
-7.503284246197644558e-02	1.032512009182768448e-01	-1.340317714650094139e-01	1.463397279081466718e-01	-1.627549611197521007e-01	7.760793619958207545e-02	-1.011998978586570591e-01	1.517330812861789890e-01	-2.562283631612972679e-01	1.888427491676074321e-01	-5.843760151895582150e-02	6.492753225115860394e-02	-2.634756860352887586e-01	9.999999999999971134e-01	-7.232885232669431508e-01	6.194504462308552534e-02	-7.451753215035929190e-02	2.044089504980547423e-01	-4.264367677756036867e-01	3.111234753075304837e-01	-9.331552968349218768e-02	9.876820528663744769e-02	-1.554494692920577736e-01	1.737490254536650791e-01	-1.879492867440487880e-01	6.253339959122636293e-02	-7.643583723071990799e-02	1.026688328720661292e-01	-1.279711886776979946e-01	6.756260749121018039e-02	-7.913945516681869519e-02	7.496658529580545183e-02	-8.765633900555268310e-02	9.382621263041775184e-02	-7.489593499187269243e-02
7.059123616587957561e-02	-9.845423899254764077e-02	1.196294994262722261e-01	-1.384669493258564310e-01	1.523076546880570425e-01	-7.511965323252668691e-02	9.264142129518235236e-02	-1.414592553271276643e-01	1.886357475611449286e-01	-2.209320225283691042e-01	5.408362591418368337e-02	-6.025507955087186507e-02	1.924382323654630078e-01	-7.232885232669431508e-01	9.999999999999993339e-01	-5.822861561897160060e-02	6.866499325405565901e-02	-1.823961323109283827e-01	2.871166065168596626e-01	-5.162812086198682593e-01	8.600061911774581347e-02	-9.163792677202667325e-02	1.373443827362361980e-01	-1.577599238993389330e-01	1.586998218887016310e-01	-5.826046236118383875e-02	7.075548282709596959e-02	-9.456600351901754686e-02	1.150380750265688895e-01	-6.110247044476709022e-02	7.371397915631172637e-02	-7.060366045391763823e-02	8.080471699892240178e-02	-8.837959998160756225e-02	6.702785378273107275e-02
-8.951988982036235276e-02	1.218178961085871065e-01	-8.813051536586727353e-02	6.096850783775942945e-02	-6.533507881419206575e-02	9.855418198924989492e-02	-1.450347536023375294e-01	1.092117833135315269e-01	-6.563755563713048746e-02	6.035046695971701264e-02	-7.077963894897693065e-01	3.185616997966932984e-01	-9.168033547902436353e-02	6.194504462308552534e-02	-5.822861561897160060e-02	9.999999999999997780e-01	-5.680925149329584256e-01	8.092746608603167136e-02	-6.363612895091681765e-02	6.768449691110399458e-02	-1.690758930022087658e-01	1.526471106182863691e-01	-1.191761003619064979e-01	6.905999489388474355e-02	-7.732431779884960110e-02	9.437304139788686708e-02	-1.041138656978810306e-01	7.781226791524743780e-02	-8.380412293437129734e-02	3.699142423623312526e-02	-1.060283057803001333e-01	9.472809203725439386e-02	-6.771804192024981350e-02	6.839212252795592861e-02	-4.166792214336838968e-02
1.078850015569241955e-01	-1.763197204475326074e-01	1.119346557174587531e-01	-7.746168946313436443e-02	7.925394709122630943e-02	-1.300406466771822922e-01	1.907262162042993314e-01	-1.506253499146172348e-01	8.150010271443916543e-02	-7.553398889285874163e-02	3.232973718941393182e-01	-6.520815238879734688e-01	1.085734284349658407e-01	-7.451753215035929190e-02	6.866499325405565901e-02	-5.680925149329584256e-01	1.000000000000001776e+00	-1.007830305540976801e-01	7.477440308976886219e-02	-8.077677524709134249e-02	1.562554600795467707e-01	-2.205766827099283067e-01	1.353000480608715639e-01	-7.930236206940209642e-02	8.596533942692409502e-02	-9.846031282583020405e-02	1.147578946773091385e-01	-8.874577734955940711e-02	9.233151607096988511e-02	-4.127388558426080267e-02	1.078847365933383456e-01	-1.058825375283736769e-01	7.478486260228037197e-02	-7.725337209102232927e-02	4.604681335771237255e-02
-7.720271140767213935e-02	1.024178617427521781e-01	-1.278301012572898576e-01	9.707721746495723281e-02	-1.082832017780060857e-01	7.967761593844911727e-02	-1.117034083072230288e-01	1.621387292631496224e-01	-1.207328756166468064e-01	1.064936980112426990e-01	-7.378489346621107392e-02	8.461635873239549410e-02	-7.698548608305479934e-01	2.044089504980547423e-01	-1.823961323109283827e-01	8.092746608603167136e-02	-1.007830305540976801e-01	1.000000000000002665e+00	-3.566061390174742329e-01	2.313420388831019803e-01	-1.289898564829844996e-01	1.537175015883050222e-01	-3.332455086023068946e-01	1.832245990631309052e-01	-1.800194157312100252e-01	8.632624503909212821e-02	-1.078611706811023890e-01	1.518914593895847598e-01	-1.584759730354596552e-01	7.322395880104508314e-02	-1.042959448535947936e-01	1.030579815778695646e-01	-1.172427323281492184e-01	1.212020119705265880e-01	-7.977644903765095108e-02
6.491162542216706577e-02	-8.576691963894070292e-02	1.017022407384752802e-01	-9.849851190837800863e-02	1.078094819010951555e-01	-6.836449944882598551e-02	8.514667849878394812e-02	-1.238590553275678852e-01	1.300194818105404326e-01	-1.228023844801105630e-01	5.688973284943645709e-02	-6.325958794409775043e-02	2.517307225823018357e-01	-4.264367677756036867e-01	2.871166065168596626e-01	-6.363612895091681765e-02	7.477440308976886219e-02	-3.566061390174742329e-01	1.000000000000001332e+00	-6.468917081127275592e-01	1.049402456701999803e-01	-1.184144888926664807e-01	1.925609348732899850e-01	-3.577190375387940824e-01	2.400867266813987433e-01	-7.170281095275875261e-02	8.824329385650436786e-02	-1.294154608742020818e-01	1.569604436021950766e-01	-8.436625314982874879e-02	8.893888151061869751e-02	-8.742217815305969308e-02	1.039111959136481550e-01	-1.157008920658023354e-01	8.945700226589992088e-02
-7.249311102773416116e-02	9.306156197740171609e-02	-1.144146449010487454e-01	1.066144251575921187e-01	-1.284380611258965077e-01	7.430877420107974418e-02	-9.399867946889663151e-02	1.304091414637294222e-01	-1.426260741685828337e-01	1.370834891168474512e-01	-6.201972959106580308e-02	6.773886543325177700e-02	-2.702423152507253956e-01	3.111234753075304837e-01	-5.162812086198682593e-01	6.768449691110399458e-02	-8.077677524709134249e-02	2.313420388831019803e-01	-6.468917081127275592e-01	1.000000000000001554e+00	-1.139682222931692329e-01	1.192518505102066750e-01	-1.954836461230946010e-01	2.327254073808860124e-01	-2.699803264687989368e-01	7.607423135804158854e-02	-9.359011234229522302e-02	1.286108661490539540e-01	-1.666293218062916415e-01	9.040975344801457925e-02	-9.670003810380364828e-02	9.096324631069042932e-02	-1.104707319775068419e-01	1.173876463294943329e-01	-1.009436413047004183e-01
6.711536467534574835e-02	-8.367541466954712959e-02	7.525916318987183051e-02	-5.989729071951244849e-02	6.734691542518694840e-02	-7.452215677620538381e-02	8.507116219756610809e-02	-9.191111101584144294e-02	6.803472327884155235e-02	-6.659212782445783629e-02	1.130957243357528924e-01	-1.185664324318863316e-01	1.280458662138180825e-01	-9.331552968349218768e-02	8.600061911774581347e-02	-1.690758930022087658e-01	1.562554600795467707e-01	-1.289898564829844996e-01	1.049402456701999803e-01	-1.139682222931692329e-01	1.000000000000000222e+00	-5.581812625650094395e-01	2.422267499084520270e-01	-1.370937304537478973e-01	1.414070511938562980e-01	-5.584964307934130456e-01	2.980150034305815709e-01	-1.824873963125163145e-01	1.693359400143222004e-01	-7.403919495652565297e-02	2.904163888340096644e-01	-3.114661805992885446e-01	1.465177402838249432e-01	-1.572400908479135995e-01	8.086359071434051637e-02
-6.684960128796056666e-02	8.571783432008214798e-02	-7.869820901604079877e-02	6.142117167321288485e-02	-6.899924407609306365e-02	7.304409309535520034e-02	-9.063353389590003695e-02	9.606854946240597770e-02	-7.067003342807781641e-02	6.755025708388630312e-02	-1.161144481148377039e-01	1.317432028185370474e-01	-1.562785781263710816e-01	9.876820528663744769e-02	-9.163792677202667325e-02	1.526471106182863691e-01	-2.205766827099283067e-01	1.537175015883050222e-01	-1.184144888926664807e-01	1.192518505102066750e-01	-5.581812625650094395e-01	9.999999999999995559e-01	-4.695945185009663403e-01	1.559569872471344154e-01	-1.629038001926374490e-01	2.693416791269703237e-01	-4.429867867716297258e-01	2.095496916811697696e-01	-1.956985485080774689e-01	7.850657250335071891e-02	-2.785575419830382815e-01	2.612067684163756898e-01	-1.640482218012983828e-01	1.571547766423281312e-01	-8.643614323898984875e-02
7.855077986299174864e-02	-9.778353340974747787e-02	9.927016000682241381e-02	-8.167144216118478461e-02	9.166785466879642796e-02	-8.541271681105416791e-02	9.869620571621456895e-02	-1.238336472595811116e-01	9.588325483883425315e-02	-9.312702261620761646e-02	9.321093779769784593e-02	-1.058956144769446772e-01	2.317776857642265542e-01	-1.554494692920577736e-01	1.373443827362361980e-01	-1.191761003619064979e-01	1.353000480608715639e-01	-3.332455086023068946e-01	1.925609348732899850e-01	-1.954836461230946010e-01	2.422267499084520270e-01	-4.695945185009663403e-01	1.000000000000000222e+00	-3.125483395143132115e-01	2.361609449310677067e-01	-1.743928405746225374e-01	2.204142401059680512e-01	-4.517568692719242107e-01	2.764496115765580075e-01	-1.165582380336054463e-01	1.898757357227164599e-01	-2.129864616356106077e-01	2.250809731718434459e-01	-2.405519600735082086e-01	1.214173574311365744e-01
-5.813592528536613152e-02	7.194544791500140368e-02	-7.932940100903304592e-02	6.982556023145831958e-02	-7.958536187003202589e-02	6.163420564198607982e-02	-7.218162081339392355e-02	9.450185303360709999e-02	-8.692737422162788441e-02	8.335686665605550327e-02	-5.842475940755838953e-02	6.337756913230167821e-02	-1.797973881497737236e-01	1.737490254536650791e-01	-1.577599238993389330e-01	6.905999489388474355e-02	-7.930236206940209642e-02	1.832245990631309052e-01	-3.577190375387940824e-01	2.327254073808860124e-01	-1.370937304537478973e-01	1.559569872471344154e-01	-3.125483395143132115e-01	1.000000000000000444e+00	-7.342775797531411186e-01	9.380135111312358498e-02	-1.186411576759140302e-01	1.990125987538325092e-01	-3.140132445334143929e-01	1.575942416626926190e-01	-1.152842903234493899e-01	1.153449341765282465e-01	-1.544331902509642751e-01	1.764269787814818635e-01	-1.642865424522228224e-01
6.696093739363062625e-02	-8.134592913312975460e-02	8.667149593365477966e-02	-7.761655263259963078e-02	8.743880011002883035e-02	-7.209389337993356295e-02	7.988291308677245017e-02	-1.042245676645317948e-01	9.395680813145650123e-02	-9.365718960806053428e-02	6.466964379520294404e-02	-7.008053396707343563e-02	1.704917634476834087e-01	-1.879492867440487880e-01	1.586998218887016310e-01	-7.732431779884960110e-02	8.596533942692409502e-02	-1.800194157312100252e-01	2.400867266813987433e-01	-2.699803264687989368e-01	1.414070511938562980e-01	-1.629038001926374490e-01	2.361609449310677067e-01	-7.342775797531411186e-01	1.000000000000000000e+00	-1.007360415190447223e-01	1.232769624528952390e-01	-1.973669816785704467e-01	2.425637204860861817e-01	-2.471569945002809465e-01	1.246111250671250309e-01	-1.287278335035907384e-01	1.584759748353680442e-01	-2.004732869628579606e-01	1.926915610709814264e-01
-4.369861874612956942e-02	5.370470130901221217e-02	-4.974491138044855043e-02	3.951925819355962821e-02	-4.480587765196351879e-02	4.780856760270376510e-02	-5.512959242697199752e-02	6.003979513238073829e-02	-4.522232556898764244e-02	4.397729513909860721e-02	-7.034110564624190820e-02	7.196731014500051815e-02	-8.920629659842173320e-02	6.253339959122636293e-02	-5.826046236118383875e-02	9.437304139788686708e-02	-9.846031282583020405e-02	8.632624503909212821e-02	-7.170281095275875261e-02	7.607423135804158854e-02	-5.584964307934130456e-01	2.693416791269703237e-01	-1.743928405746225374e-01	9.380135111312358498e-02	-1.007360415190447223e-01	1.000000000000001776e+00	-4.646257833793543957e-01	1.367649980271420929e-01	-1.291669342996093761e-01	5.267247939486633529e-02	-5.937156067935872583e-01	3.067428441307851195e-01	-1.154307815718412511e-01	1.137305387700452697e-01	-5.820143413946440858e-02
5.133685347668170279e-02	-6.358568485032710382e-02	5.915421614689602564e-02	-4.722591606321737551e-02	5.343680555441519819e-02	-5.629619049651775342e-02	6.494190431485129256e-02	-7.175026577092127877e-02	5.417122675598639442e-02	-5.272528665904614026e-02	7.693641297511343013e-02	-8.535344540943709535e-02	1.082798873485433799e-01	-7.643583723071990799e-02	7.075548282709596959e-02	-1.041138656978810306e-01	1.147578946773091385e-01	-1.078611706811023890e-01	8.824329385650436786e-02	-9.359011234229522302e-02	2.980150034305815709e-01	-4.429867867716297258e-01	2.204142401059680512e-01	-1.186411576759140302e-01	1.232769624528952390e-01	-4.646257833793543957e-01	1.000000000000001998e+00	-2.175879851097269058e-01	1.684373576122345784e-01	-6.637696759527161872e-02	3.166218697670928894e-01	-6.279094970382078644e-01	1.559314984638776325e-01	-1.517082298902592830e-01	7.244426668864993590e-02
-5.358953688456309650e-02	6.503714635625106044e-02	-6.706136384618570367e-02	5.504726920039199056e-02	-6.289128094402229863e-02	5.738725844045595298e-02	-6.611194869800454677e-02	8.070199488882860706e-02	-6.500123487147096979e-02	6.290326586607861148e-02	-6.295258050454277665e-02	6.790357216363281101e-02	-1.504726214090340852e-01	1.026688328720661292e-01	-9.456600351901754686e-02	7.781226791524743780e-02	-8.874577734955940711e-02	1.518914593895847598e-01	-1.294154608742020818e-01	1.286108661490539540e-01	-1.824873963125163145e-01	2.095496916811697696e-01	-4.517568692719242107e-01	1.990125987538325092e-01	-1.973669816785704467e-01	1.367649980271420929e-01	-2.175879851097269058e-01	1.000000000000002442e+00	-5.853463890181532792e-01	1.240693977070076448e-01	-1.600534243716221494e-01	1.771322316299493993e-01	-4.996665450906475070e-01	3.069076108916312107e-01	-1.328154080231925549e-01
6.389045897165783472e-02	-7.598446044793963350e-02	7.788756022507174748e-02	-6.583654212031599118e-02	7.515072619808074728e-02	-6.890588376495263012e-02	7.556587727360851436e-02	-9.360738641947458083e-02	7.753809169032137294e-02	-7.665436101240431788e-02	6.809770667581169223e-02	-7.330349375481109986e-02	1.530578604481210026e-01	-1.279711886776979946e-01	1.150380750265688895e-01	-8.380412293437129734e-02	9.233151607096988511e-02	-1.584759730354596552e-01	1.569604436021950766e-01	-1.666293218062916415e-01	1.693359400143222004e-01	-1.956985485080774689e-01	2.764496115765580075e-01	-3.140132445334143929e-01	2.425637204860861817e-01	-1.291669342996093761e-01	1.684373576122345784e-01	-5.853463890181532792e-01	1.000000000000001554e+00	-2.126113267960230424e-01	1.549721158476760341e-01	-1.749191368269912283e-01	3.037430704173868512e-01	-4.760138348740587944e-01	1.828111476482990050e-01
-3.053114866358100019e-02	3.621207204537175289e-02	-3.809761421381983176e-02	3.276367877902764542e-02	-3.757274491628296437e-02	3.260710869940566803e-02	-3.597792180335116635e-02	4.519289097379240033e-02	-3.908020204273918857e-02	3.861838768515774012e-02	-3.087038553951520006e-02	3.290047644711263652e-02	-7.481778407833163114e-02	6.756260749121018039e-02	-6.110247044476709022e-02	3.699142423623312526e-02	-4.127388558426080267e-02	7.322395880104508314e-02	-8.436625314982874879e-02	9.040975344801457925e-02	-7.403919495652565297e-02	7.850657250335071891e-02	-1.165582380336054463e-01	1.575942416626926190e-01	-2.471569945002809465e-01	5.267247939486633529e-02	-6.637696759527161872e-02	1.240693977070076448e-01	-2.126113267960230424e-01	1.000000000000001554e+00	-6.668222282493624364e-02	6.790566304392660346e-02	-1.143198997052818355e-01	1.464038283348236269e-01	-9.134948387386019331e-01
5.585566322216846402e-02	-6.722283082648290720e-02	6.256306302001608810e-02	-5.029045071986042170e-02	5.724458762793863120e-02	-6.138253789090491325e-02	6.768197448238226499e-02	-7.526583471251642454e-02	5.736454227072104728e-02	-5.640888538292194998e-02	7.807263945485437562e-02	-8.313896361332781537e-02	1.077125095328684695e-01	-7.913945516681869519e-02	7.371397915631172637e-02	-1.060283057803001333e-01	1.078847365933383456e-01	-1.042959448535947936e-01	8.893888151061869751e-02	-9.670003810380364828e-02	2.904163888340096644e-01	-2.785575419830382815e-01	1.898757357227164599e-01	-1.152842903234493899e-01	1.246111250671250309e-01	-5.937156067935872583e-01	3.166218697670928894e-01	-1.600534243716221494e-01	1.549721158476760341e-01	-6.668222282493624364e-02	1.000000000000001776e+00	-5.928809222964998016e-01	1.443200510325189923e-01	-1.505715360058110242e-01	7.366759903315356350e-02
-5.037950884205336793e-02	6.105567841641444671e-02	-5.844812880056052956e-02	4.646077493723330815e-02	-5.319281815635282240e-02	5.428892813211880913e-02	-6.295896477423904014e-02	6.970561408056419328e-02	-5.357832860761230914e-02	5.181899982843921754e-02	-7.408108058747982227e-02	7.670395735178203722e-02	-1.097703233021942032e-01	7.496658529580545183e-02	-7.060366045391763823e-02	9.472809203725439386e-02	-1.058825375283736769e-01	1.030579815778695646e-01	-8.742217815305969308e-02	9.096324631069042932e-02	-3.114661805992885446e-01	2.612067684163756898e-01	-2.129864616356106077e-01	1.153449341765282465e-01	-1.287278335035907384e-01	3.067428441307851195e-01	-6.279094970382078644e-01	1.771322316299493993e-01	-1.749191368269912283e-01	6.790566304392660346e-02	-5.928809222964998016e-01	1.000000000000001776e+00	-1.842981392777189587e-01	1.542536206557751366e-01	-7.615642941831959889e-02
4.865085811149196665e-02	-5.776061497764042874e-02	5.867598603707684102e-02	-4.859530300836201189e-02	5.575546067361809160e-02	-5.229612664003913808e-02	5.793476002483458065e-02	-7.022988134413998829e-02	5.683958630404062351e-02	-5.583649929135484080e-02	5.465952951609796828e-02	-5.847910455044467298e-02	1.162789132668936160e-01	-8.765633900555268310e-02	8.080471699892240178e-02	-6.771804192024981350e-02	7.478486260228037197e-02	-1.172427323281492184e-01	1.039111959136481550e-01	-1.104707319775068419e-01	1.465177402838249432e-01	-1.640482218012983828e-01	2.250809731718434459e-01	-1.544331902509642751e-01	1.584759748353680442e-01	-1.154307815718412511e-01	1.559314984638776325e-01	-4.996665450906475070e-01	3.037430704173868512e-01	-1.143198997052818355e-01	1.443200510325189923e-01	-1.842981392777189587e-01	1.000000000000001998e+00	-7.371650106205204223e-01	1.220580422434975748e-01
-5.038507007394182197e-02	5.970264579027519114e-02	-6.222170921148400397e-02	5.123979525410315289e-02	-5.937507609925453400e-02	5.328202589487382457e-02	-6.058466899459921673e-02	7.335344429482823503e-02	-6.053229156292862928e-02	5.872463456889165379e-02	-5.662849715350588842e-02	5.958443670583087048e-02	-1.284350525854401348e-01	9.382621263041775184e-02	-8.837959998160756225e-02	6.839212252795592861e-02	-7.725337209102232927e-02	1.212020119705265880e-01	-1.157008920658023354e-01	1.173876463294943329e-01	-1.572400908479135995e-01	1.571547766423281312e-01	-2.405519600735082086e-01	1.764269787814818635e-01	-2.004732869628579606e-01	1.137305387700452697e-01	-1.517082298902592830e-01	3.069076108916312107e-01	-4.760138348740587944e-01	1.464038283348236269e-01	-1.505715360058110242e-01	1.542536206557751366e-01	-7.371650106205204223e-01	1.000000000000001998e+00	-1.785683277404015445e-01
3.487568115704673538e-02	-4.104340880693913007e-02	4.272765310958586554e-02	-3.687391473088119653e-02	4.220597689610639663e-02	-3.744186759795695152e-02	4.051278007709722268e-02	-5.080081962531081408e-02	4.369030108409018703e-02	-4.356732894719284738e-02	3.465449614619123264e-02	-3.694678279867376347e-02	8.080208512916618735e-02	-7.489593499187269243e-02	6.702785378273107275e-02	-4.166792214336838968e-02	4.604681335771237255e-02	-7.977644903765095108e-02	8.945700226589992088e-02	-1.009436413047004183e-01	8.086359071434051637e-02	-8.643614323898984875e-02	1.214173574311365744e-01	-1.642865424522228224e-01	1.926915610709814264e-01	-5.820143413946440858e-02	7.244426668864993590e-02	-1.328154080231925549e-01	1.828111476482990050e-01	-9.134948387386019331e-01	7.366759903315356350e-02	-7.615642941831959889e-02	1.220580422434975748e-01	-1.785683277404015445e-01	1.000000000000001998e+00
