1.000000000000000222e+00	-5.568080733972512464e-01	1.629691184625244316e-01	-1.290148490111607260e-01	9.348483608600109684e-02	-5.197147883083167441e-01	3.203729155988749855e-01	-1.440738514036370710e-01	1.068016324948345697e-01	-2.423568862632872190e-01	2.436440995863175807e-01	-1.907278437809866167e-01	2.058369271478011908e-01	-1.360936487885500701e-01	4.733118741277232699e-02	-1.697186199468993517e-01	2.023890924335318697e-01	-7.530452520005241623e-02	7.079822645975174245e-02	-5.179940355406686264e-02	1.100172872958594950e-01	-1.347731052941300856e-01	1.045774285670293124e-01	-7.496375455240485153e-02	7.024435514243351775e-02	-1.052645594116644323e-01	9.397814562093974311e-02	-9.166093387612915533e-02	8.000327662467557333e-02	-6.134356890356830461e-02	1.120942588560213393e-01	-8.950841828793658361e-02	1.088297189780444568e-01	-7.844144707629119306e-02	9.346611367838736362e-02
-5.568080733972512464e-01	1.000000000000000222e+00	-1.832591717718319302e-01	8.499152739417892288e-02	-6.201984328096112747e-02	2.494595872313737084e-01	-7.324922525923813765e-01	1.351005073124754152e-01	-8.533474345536128103e-02	1.466873565350860220e-01	-1.696841515619701979e-01	1.492597928761750237e-01	-1.363897602801900644e-01	1.018196160557445218e-01	-3.101531847304294515e-02	1.008476804081659128e-01	-1.565389879290580710e-01	4.718721072868135857e-02	-4.470011939706738241e-02	3.366108927428237280e-02	-6.687404306338705362e-02	7.927468299607255686e-02	-6.309001452552930045e-02	4.521305950938567242e-02	-4.229268659429326338e-02	6.179649002714776573e-02	-5.601382503936563895e-02	5.454015330974101156e-02	-4.818759451214222472e-02	3.673512678478400156e-02	-6.708245582580585342e-02	5.278649533914293868e-02	-6.507268411352847004e-02	4.652895541589784079e-02	-5.580995895833189280e-02
1.629691184625244316e-01	-1.832591717718319302e-01	1.000000000000000222e+00	-2.450919516866074677e-01	1.612621833056163134e-01	-1.277418995287886438e-01	1.698367575321220457e-01	-7.522111033792396872e-01	2.805609275128692626e-01	-3.029128357776892932e-01	1.102836215764600586e-01	-9.169930428776769393e-02	2.464936571072360860e-01	-3.469008238561268054e-01	7.539367399157877181e-02	-8.581136386337195887e-02	1.128776266560449354e-01	-7.586241514921937545e-02	7.334515553865651738e-02	-8.106282369221788631e-02	6.158651936909841085e-02	-7.746535737315099479e-02	7.356271164282265906e-02	-5.865201053012120830e-02	5.440377801001963776e-02	-6.102044052585116340e-02	5.867599756750781909e-02	-6.303546737586308846e-02	6.022395782274430481e-02	-4.668157608259436431e-02	6.951663337401042808e-02	-5.600316176315855987e-02	7.355873872227555732e-02	-5.492944139484509658e-02	6.684451266941930647e-02
-1.290148490111607260e-01	8.499152739417892288e-02	-2.450919516866074677e-01	1.000000000000000000e+00	-8.290638316049345757e-01	9.239222805938207550e-02	-1.091192812599908885e-01	1.606724685602664016e-01	-1.833750720132042711e-01	2.924047395591388154e-01	-9.953175188483376346e-02	7.873032845235407307e-02	-2.747893486109612149e-01	1.614944189747893055e-01	-5.590320148830032337e-02	7.423712700451529090e-02	-1.069899713116168743e-01	5.942112948620072166e-02	-5.902332560459718630e-02	5.568882313008003543e-02	-5.610395810452152576e-02	6.842441886476451074e-02	-6.805878076144636357e-02	5.146531355059388163e-02	-5.076645702874722776e-02	5.548923072703891568e-02	-5.475181118119520213e-02	5.724998641320525050e-02	-5.533676439482074910e-02	4.260145392423891897e-02	-6.696159172916905933e-02	5.172843220700219097e-02	-7.126837127103941016e-02	5.132412654379100297e-02	-6.534861269121999827e-02
9.348483608600109684e-02	-6.201984328096112747e-02	1.612621833056163134e-01	-8.290638316049345757e-01	1.000000000000000444e+00	-6.771195380830570543e-02	7.918258881514246561e-02	-1.247750134884980100e-01	1.307354180397714283e-01	-4.579652114425144527e-01	7.244813836061370083e-02	-5.733722807698116153e-02	1.974314572078477159e-01	-1.320082916527474393e-01	5.281246649656843456e-02	-5.455618785336729254e-02	7.779939902024698983e-02	-4.463937459251907797e-02	4.416119681744703346e-02	-5.337440488242806147e-02	4.116897362648401504e-02	-5.041304988283632632e-02	5.017170424728791683e-02	-3.830100889847126711e-02	3.786501890502642909e-02	-4.079115594724219002e-02	4.024380512133462345e-02	-4.230574089685277400e-02	4.094991222931373270e-02	-3.182869873760695717e-02	4.907278645123039351e-02	-3.807188524643450450e-02	5.234882790188873092e-02	-3.792912846457449638e-02	4.811222750336179022e-02
-5.197147883083167441e-01	2.494595872313737084e-01	-1.277418995287886438e-01	9.239222805938207550e-02	-6.771195380830570543e-02	1.000000000000000666e+00	-3.810128687163632510e-01	1.078835541453051217e-01	-8.305631630961955725e-02	1.719039619027601107e-01	-5.859912972189448288e-01	2.584985656390906272e-01	-1.816532686326243762e-01	1.031822363022214806e-01	-3.563139586958517097e-02	1.743672392117932013e-01	-3.058096842889977407e-01	6.765349147111639205e-02	-6.422725966211211002e-02	3.875915123312726612e-02	-1.196361505203146908e-01	1.275005969704964826e-01	-1.015012065335399311e-01	6.903681163620514760e-02	-6.500281283300661517e-02	1.007276785421001020e-01	-9.203273367713174502e-02	8.573047536030685423e-02	-7.491919168802139983e-02	5.617367371527118985e-02	-1.129887221545747694e-01	8.460597327652051580e-02	-1.052079485031563455e-01	7.233383955835664958e-02	-8.767214220744627695e-02
3.203729155988749855e-01	-7.324922525923813765e-01	1.698367575321220457e-01	-1.091192812599908885e-01	7.918258881514246561e-02	-3.810128687163632510e-01	1.000000000000000666e+00	-1.651075935374906323e-01	1.034374113065799211e-01	-1.966557271047035260e-01	2.170451661960134393e-01	-2.360055897551032456e-01	1.749917200559599206e-01	-1.270860086542129619e-01	4.033605653768959631e-02	-1.410697496656660166e-01	1.980830082450531771e-01	-6.293239057226873712e-02	5.923102040168471555e-02	-4.396615415944767069e-02	9.115409437639564183e-02	-1.100172065920337477e-01	8.536736352808849126e-02	-6.116628210078116357e-02	5.703359707881259372e-02	-8.529991019684389497e-02	7.645053431617673811e-02	-7.434456995947481828e-02	6.510528778415597406e-02	-4.972732694690461253e-02	9.106265097215353321e-02	-7.237613740202841761e-02	8.811321258162023440e-02	-6.329037731088628382e-02	7.543129625230524105e-02
-1.440738514036370710e-01	1.351005073124754152e-01	-7.522111033792396872e-01	1.606724685602664016e-01	-1.247750134884980100e-01	1.078835541453051217e-01	-1.651075935374906323e-01	1.000000000000002220e+00	-4.739665619266814067e-01	2.087169976774642666e-01	-9.741512330429939748e-02	8.197317822139804644e-02	-2.643572727806592360e-01	2.816682813733275004e-01	-6.033871980082328862e-02	7.282241168153114064e-02	-1.008427508081482377e-01	6.503469278383390562e-02	-6.454553522342304506e-02	6.245182368121033473e-02	-5.259895730126962210e-02	6.559652565720773543e-02	-6.314422932237295782e-02	5.005199277917770501e-02	-4.644234558155624359e-02	5.166629657536763592e-02	-4.998011432078709043e-02	5.362510869126731888e-02	-5.170125971974991880e-02	3.959411168720681357e-02	-5.927063470681540741e-02	4.751791333253961580e-02	-6.285976963359257708e-02	4.667549458514716476e-02	-5.712916994905463397e-02
1.068016324948345697e-01	-8.533474345536128103e-02	2.805609275128692626e-01	-1.833750720132042711e-01	1.307354180397714283e-01	-8.305631630961955725e-02	1.034374113065799211e-01	-4.739665619266814067e-01	1.000000000000002665e+00	-2.359612490640941307e-01	8.049267589806552436e-02	-6.680970366655718251e-02	2.315567895558470757e-01	-7.597989050199933647e-01	8.820501342903731834e-02	-6.493529298233444158e-02	8.521326485153128683e-02	-7.975723691909750168e-02	7.982764163175420924e-02	-9.224125897773235994e-02	4.787548654622075794e-02	-6.132711664316988637e-02	6.287194747375726700e-02	-5.364934053846431850e-02	4.761674709219412827e-02	-4.779082190118826706e-02	4.716140413149366023e-02	-5.325210113593047828e-02	5.283777383538486999e-02	-4.064326814305082441e-02	5.499218088493089407e-02	-4.503319413703198854e-02	6.019355998249367734e-02	-4.588095179827745423e-02	5.555999948193966753e-02
-2.423568862632872190e-01	1.466873565350860220e-01	-3.029128357776892932e-01	2.924047395591388154e-01	-4.579652114425144527e-01	1.719039619027601107e-01	-1.966557271047035260e-01	2.087169976774642666e-01	-2.359612490640941307e-01	1.000000000000001776e+00	-1.917649910174614447e-01	1.502012346394436260e-01	-5.324840313552617888e-01	2.252948923730480058e-01	-1.307023486317634153e-01	1.422608710234131713e-01	-2.074699606263562257e-01	1.086637368555707084e-01	-1.080040044869563509e-01	1.173642633954107145e-01	-1.084111360849183830e-01	1.314369351565847222e-01	-1.312424319367077041e-01	9.805687384045075339e-02	-9.887409149348376503e-02	1.072724404910071622e-01	-1.061937183965910719e-01	1.102405394584291681e-01	-1.065836686655057541e-01	8.258968542057884554e-02	-1.307244621167023835e-01	1.001923514997398873e-01	-1.391540995339413667e-01	9.964001150168549925e-02	-1.279548509094806386e-01
2.436440995863175807e-01	-1.696841515619701979e-01	1.102836215764600586e-01	-9.953175188483376346e-02	7.244813836061370083e-02	-5.859912972189448288e-01	2.170451661960134393e-01	-9.741512330429939748e-02	8.049267589806552436e-02	-1.917649910174614447e-01	1.000000000000001554e+00	-5.468540672535162628e-01	1.838677472014593750e-01	-1.039708454105176955e-01	3.813178009410219532e-02	-2.668077047589355044e-01	3.073200863765807589e-01	-7.533398972716928710e-02	7.007109662320415433e-02	-4.170867298341096596e-02	1.478284360069553327e-01	-1.615388369787029710e-01	1.139198147140774858e-01	-7.776931622275852496e-02	7.137752935919128294e-02	-1.233086450050874111e-01	1.066743331055655247e-01	-9.835387576711845936e-02	8.324529078541649529e-02	-6.250692219555999130e-02	1.271149264172521665e-01	-9.894240586296788875e-02	1.160733588319401571e-01	-8.117682961773788064e-02	9.556655482893215703e-02
-1.907278437809866167e-01	1.492597928761750237e-01	-9.169930428776769393e-02	7.873032845235407307e-02	-5.733722807698116153e-02	2.584985656390906272e-01	-2.360055897551032456e-01	8.197317822139804644e-02	-6.680970366655718251e-02	1.502012346394436260e-01	-5.468540672535162628e-01	1.000000000000001998e+00	-1.815041500930912877e-01	8.688113127479761555e-02	-3.050417558251298025e-02	1.814730603518424079e-01	-7.087083247258478824e-01	6.221613227062348928e-02	-5.780938425643770973e-02	3.332737018494377063e-02	-1.157377435689029149e-01	1.244507097157908082e-01	-9.056014769149539623e-02	6.109721966492350637e-02	-5.597952890585096430e-02	9.240485283777817582e-02	-8.348652678383711168e-02	7.634735276956415573e-02	-6.549672650305585209e-02	4.873624939197278294e-02	-9.875729094727292434e-02	7.586454143220523749e-02	-9.082942056940609965e-02	6.280540229495432114e-02	-7.454900651836696146e-02
2.058369271478011908e-01	-1.363897602801900644e-01	2.464936571072360860e-01	-2.747893486109612149e-01	1.974314572078477159e-01	-1.816532686326243762e-01	1.749917200559599206e-01	-2.643572727806592360e-01	2.315567895558470757e-01	-5.324840313552617888e-01	1.838677472014593750e-01	-1.815041500930912877e-01	1.000000000000000888e+00	-3.647753712245936919e-01	1.046991247116238199e-01	-1.591870767996030611e-01	1.991247652847592253e-01	-1.529008378233396026e-01	1.314702614524743129e-01	-1.159062969918316088e-01	1.137008118802617790e-01	-1.459419458847171780e-01	1.372399105042090284e-01	-1.090576914179179346e-01	9.972214200004624052e-02	-1.146930760573767749e-01	1.096766014165540398e-01	-1.185935044834549867e-01	1.120176629759917775e-01	-8.641499833674957942e-02	1.295080772909527611e-01	-1.053942204209470102e-01	1.371836403481483113e-01	-1.034018157221293366e-01	1.246714557008565261e-01
-1.360936487885500701e-01	1.018196160557445218e-01	-3.469008238561268054e-01	1.614944189747893055e-01	-1.320082916527474393e-01	1.031822363022214806e-01	-1.270860086542129619e-01	2.816682813733275004e-01	-7.597989050199933647e-01	2.252948923730480058e-01	-1.039708454105176955e-01	8.688113127479761555e-02	-3.647753712245936919e-01	1.000000000000001332e+00	-1.257841628303419668e-01	8.292453134361908729e-02	-1.113372615906937091e-01	1.053287941137708017e-01	-1.181329439317558294e-01	1.123227136268679788e-01	-6.161937941664544921e-02	7.883440870724436889e-02	-8.296810193797625466e-02	7.100551211123452833e-02	-6.287819944453711118e-02	6.132654239761646531e-02	-6.104062864623580748e-02	6.939843917094089265e-02	-7.031159618133774047e-02	5.307512035540129514e-02	-7.090561348965253308e-02	5.813334365733126285e-02	-7.836956386932662777e-02	5.966021128705598781e-02	-7.258914453236736675e-02
4.733118741277232699e-02	-3.101531847304294515e-02	7.539367399157877181e-02	-5.590320148830032337e-02	5.281246649656843456e-02	-3.563139586958517097e-02	4.033605653768959631e-02	-6.033871980082328862e-02	8.820501342903731834e-02	-1.307023486317634153e-01	3.813178009410219532e-02	-3.050417558251298025e-02	1.046991247116238199e-01	-1.257841628303419668e-01	1.000000000000001554e+00	-3.345674354365981568e-02	4.126499024573297009e-02	-3.876764433811121652e-02	3.902459967744604380e-02	-9.718896915340573539e-01	2.541749032613346837e-02	-3.374782661691740765e-02	3.640239406711870407e-02	-3.660118034999436387e-02	5.165285408941144157e-02	-2.595384203874148699e-02	2.650147979230771042e-02	-3.213022185677903708e-02	3.483345507352877263e-02	-4.332007882820596012e-02	2.989426182933455772e-02	-2.579461326513841912e-02	3.519214726008709077e-02	-3.129455320456994705e-02	3.684468113783970211e-02
-1.697186199468993517e-01	1.008476804081659128e-01	-8.581136386337195887e-02	7.423712700451529090e-02	-5.455618785336729254e-02	1.743672392117932013e-01	-1.410697496656660166e-01	7.282241168153114064e-02	-6.493529298233444158e-02	1.422608710234131713e-01	-2.668077047589355044e-01	1.814730603518424079e-01	-1.591870767996030611e-01	8.292453134361908729e-02	-3.345674354365981568e-02	9.999999999999996669e-01	-3.022502709039714963e-01	1.055718394931983023e-01	-1.027615879608403671e-01	3.609335633762307538e-02	-6.797179577837068054e-01	2.912662748535120860e-01	-2.239488125618774306e-01	1.282477404007856259e-01	-1.196842632792994160e-01	2.514610504514679379e-01	-2.237500081496468229e-01	1.725688907871751054e-01	-1.443222120899727567e-01	1.023653086115959843e-01	-2.956306059030396893e-01	1.828476811407240277e-01	-2.226476726781871918e-01	1.363415870594219537e-01	-1.660733282246726061e-01
2.023890924335318697e-01	-1.565389879290580710e-01	1.128776266560449354e-01	-1.069899713116168743e-01	7.779939902024698983e-02	-3.058096842889977407e-01	1.980830082450531771e-01	-1.008427508081482377e-01	8.521326485153128683e-02	-2.074699606263562257e-01	3.073200863765807589e-01	-7.087083247258478824e-01	1.991247652847592253e-01	-1.113372615906937091e-01	4.126499024573297009e-02	-3.022502709039714963e-01	1.000000000000002665e+00	-8.910650222693750067e-02	8.108831263957883007e-02	-4.517241618585247920e-02	1.672476890012500050e-01	-1.997715849442204261e-01	1.302057589559701689e-01	-8.829778634983705132e-02	7.967697111210611527e-02	-1.394109620684038653e-01	1.223292504204840508e-01	-1.118450420764574155e-01	9.382772392572197306e-02	-6.996788472820598959e-02	1.412039889815726590e-01	-1.124408479019256141e-01	1.297020522149402166e-01	-9.081024508565968545e-02	1.059446376286920094e-01
-7.530452520005241623e-02	4.718721072868135857e-02	-7.586241514921937545e-02	5.942112948620072166e-02	-4.463937459251907797e-02	6.765349147111639205e-02	-6.293239057226873712e-02	6.503469278383390562e-02	-7.975723691909750168e-02	1.086637368555707084e-01	-7.533398972716928710e-02	6.221613227062348928e-02	-1.529008378233396026e-01	1.053287941137708017e-01	-3.876764433811121652e-02	1.055718394931983023e-01	-8.910650222693750067e-02	1.000000000000001776e+00	-8.681656100224425243e-01	4.061110020926721187e-02	-8.835406489305010214e-02	1.402240390910169665e-01	-2.780604980378685864e-01	2.384788430772076806e-01	-1.535570917459597451e-01	9.163050650620724324e-02	-1.077893290953864103e-01	1.734223221353542455e-01	-2.201739271167178491e-01	1.237199508272861931e-01	-9.971719595674952141e-02	1.017589032544102545e-01	-1.431541785147307511e-01	1.230967860366719707e-01	-1.382893167906996401e-01
7.079822645975174245e-02	-4.470011939706738241e-02	7.334515553865651738e-02	-5.902332560459718630e-02	4.416119681744703346e-02	-6.422725966211211002e-02	5.923102040168471555e-02	-6.454553522342304506e-02	7.982764163175420924e-02	-1.080040044869563509e-01	7.007109662320415433e-02	-5.780938425643770973e-02	1.314702614524743129e-01	-1.181329439317558294e-01	3.902459967744604380e-02	-1.027615879608403671e-01	8.108831263957883007e-02	-8.681656100224425243e-01	1.000000000000001332e+00	-4.175856713293208539e-02	8.277220615672112314e-02	-1.356111489602036813e-01	2.107912710442146065e-01	-3.286602955447841534e-01	1.413437470461009204e-01	-8.737921100457558821e-02	9.950658364274057865e-02	-1.701947215834384575e-01	1.982296167908952078e-01	-1.235752545967135213e-01	9.179081796938033666e-02	-9.680110758214163780e-02	1.291322938055130265e-01	-1.185913033209209377e-01	1.238789754404387156e-01
-5.179940355406686264e-02	3.366108927428237280e-02	-8.106282369221788631e-02	5.568882313008003543e-02	-5.337440488242806147e-02	3.875915123312726612e-02	-4.396615415944767069e-02	6.245182368121033473e-02	-9.224125897773235994e-02	1.173642633954107145e-01	-4.170867298341096596e-02	3.332737018494377063e-02	-1.159062969918316088e-01	1.123227136268679788e-01	-9.718896915340573539e-01	3.609335633762307538e-02	-4.517241618585247920e-02	4.061110020926721187e-02	-4.175856713293208539e-02	1.000000000000000222e+00	-2.748221966615050846e-02	3.624360887605491272e-02	-3.922599921188923977e-02	3.878397350085695944e-02	-5.754513883017959436e-02	2.799129968374523478e-02	-2.860277527375755871e-02	3.436545340803517923e-02	-3.739388377249554946e-02	4.520802606578657595e-02	-3.242264331835793822e-02	2.775462722644359698e-02	-3.808200979040547024e-02	3.336944936210280155e-02	-3.986110681844121095e-02
1.100172872958594950e-01	-6.687404306338705362e-02	6.158651936909841085e-02	-5.610395810452152576e-02	4.116897362648401504e-02	-1.196361505203146908e-01	9.115409437639564183e-02	-5.259895730126962210e-02	4.787548654622075794e-02	-1.084111360849183830e-01	1.478284360069553327e-01	-1.157377435689029149e-01	1.137008118802617790e-01	-6.161937941664544921e-02	2.541749032613346837e-02	-6.797179577837068054e-01	1.672476890012500050e-01	-8.835406489305010214e-02	8.277220615672112314e-02	-2.748221966615050846e-02	1.000000000000000666e+00	-4.994648923645225724e-01	1.921971529451470262e-01	-1.095533690626479956e-01	9.330411670449594019e-02	-3.756397204948868640e-01	2.186518147601314299e-01	-1.567509408073176624e-01	1.176772520453437942e-01	-8.237938317554553691e-02	2.518309682291969831e-01	-1.773591406153338934e-01	1.764435799573820518e-01	-1.111595389239767723e-01	1.255996788304628575e-01
-1.347731052941300856e-01	7.927468299607255686e-02	-7.746535737315099479e-02	6.842441886476451074e-02	-5.041304988283632632e-02	1.275005969704964826e-01	-1.100172065920337477e-01	6.559652565720773543e-02	-6.132711664316988637e-02	1.314369351565847222e-01	-1.615388369787029710e-01	1.244507097157908082e-01	-1.459419458847171780e-01	7.883440870724436889e-02	-3.374782661691740765e-02	2.912662748535120860e-01	-1.997715849442204261e-01	1.402240390910169665e-01	-1.356111489602036813e-01	3.624360887605491272e-02	-4.994648923645225724e-01	9.999999999999993339e-01	-4.309100937736448644e-01	1.812621569592771098e-01	-1.523776108373467997e-01	2.637757916346319398e-01	-4.393297194799443695e-01	2.576791856888461241e-01	-1.983536198047067545e-01	1.312348209452416647e-01	-2.870560566048495077e-01	2.570454382989385556e-01	-2.941647102645540968e-01	1.729269098917646241e-01	-2.013558094936329645e-01
1.045774285670293124e-01	-6.309001452552930045e-02	7.356271164282265906e-02	-6.805878076144636357e-02	5.017170424728791683e-02	-1.015012065335399311e-01	8.536736352808849126e-02	-6.314422932237295782e-02	6.287194747375726700e-02	-1.312424319367077041e-01	1.139198147140774858e-01	-9.056014769149539623e-02	1.372399105042090284e-01	-8.296810193797625466e-02	3.640239406711870407e-02	-2.239488125618774306e-01	1.302057589559701689e-01	-2.780604980378685864e-01	2.107912710442146065e-01	-3.922599921188923977e-02	1.921971529451470262e-01	-4.309100937736448644e-01	9.999999999999993339e-01	-3.903940888445014412e-01	1.869299025587909946e-01	-1.909573489381278244e-01	2.323040554010956937e-01	-5.860008467703381463e-01	2.834294591594199164e-01	-1.772936002217250506e-01	1.863086652324766612e-01	-2.186479527219884200e-01	2.645553941603981940e-01	-2.009269075027568796e-01	1.952511462607258719e-01
-7.496375455240485153e-02	4.521305950938567242e-02	-5.865201053012120830e-02	5.146531355059388163e-02	-3.830100889847126711e-02	6.903681163620514760e-02	-6.116628210078116357e-02	5.005199277917770501e-02	-5.364934053846431850e-02	9.805687384045075339e-02	-7.776931622275852496e-02	6.109721966492350637e-02	-1.090576914179179346e-01	7.100551211123452833e-02	-3.660118034999436387e-02	1.282477404007856259e-01	-8.829778634983705132e-02	2.384788430772076806e-01	-3.286602955447841534e-01	3.878397350085695944e-02	-1.095533690626479956e-01	1.812621569592771098e-01	-3.903940888445014412e-01	1.000000000000000222e+00	-3.779286560622251434e-01	1.169011558390746497e-01	-1.454777529997555163e-01	2.678113703737844409e-01	-6.571046395225532688e-01	2.511381365993587411e-01	-1.249093312440173187e-01	1.385723308523967578e-01	-2.042528492949568231e-01	2.058063931213721665e-01	-2.223752100106195229e-01
7.024435514243351775e-02	-4.229268659429326338e-02	5.440377801001963776e-02	-5.076645702874722776e-02	3.786501890502642909e-02	-6.500281283300661517e-02	5.703359707881259372e-02	-4.644234558155624359e-02	4.761674709219412827e-02	-9.887409149348376503e-02	7.137752935919128294e-02	-5.597952890585096430e-02	9.972214200004624052e-02	-6.287819944453711118e-02	5.165285408941144157e-02	-1.196842632792994160e-01	7.967697111210611527e-02	-1.535570917459597451e-01	1.413437470461009204e-01	-5.754513883017959436e-02	9.330411670449594019e-02	-1.523776108373467997e-01	1.869299025587909946e-01	-3.779286560622251434e-01	1.000000000000000888e+00	-1.041103435980638425e-01	1.163976996394242430e-01	-1.913036370022088706e-01	2.629781413516442123e-01	-7.976900388184302582e-01	1.067320048814081601e-01	-1.226900748595783908e-01	1.653013099849351963e-01	-2.337211602858385862e-01	2.421927057046653065e-01
-1.052645594116644323e-01	6.179649002714776573e-02	-6.102044052585116340e-02	5.548923072703891568e-02	-4.079115594724219002e-02	1.007276785421001020e-01	-8.529991019684389497e-02	5.166629657536763592e-02	-4.779082190118826706e-02	1.072724404910071622e-01	-1.233086450050874111e-01	9.240485283777817582e-02	-1.146930760573767749e-01	6.132654239761646531e-02	-2.595384203874148699e-02	2.514610504514679379e-01	-1.394109620684038653e-01	9.163050650620724324e-02	-8.737921100457558821e-02	2.799129968374523478e-02	-3.756397204948868640e-01	2.637757916346319398e-01	-1.909573489381278244e-01	1.169011558390746497e-01	-1.041103435980638425e-01	9.999999999999992228e-01	-3.834080504483963203e-01	1.786980418348677047e-01	-1.322763839721784185e-01	9.264787741061229764e-02	-7.358801229531305443e-01	2.646781657587339298e-01	-2.264800268427399343e-01	1.322430564661077612e-01	-1.462765889877022940e-01
9.397814562093974311e-02	-5.601382503936563895e-02	5.867599756750781909e-02	-5.475181118119520213e-02	4.024380512133462345e-02	-9.203273367713174502e-02	7.645053431617673811e-02	-4.998011432078709043e-02	4.716140413149366023e-02	-1.061937183965910719e-01	1.066743331055655247e-01	-8.348652678383711168e-02	1.096766014165540398e-01	-6.104062864623580748e-02	2.650147979230771042e-02	-2.237500081496468229e-01	1.223292504204840508e-01	-1.077893290953864103e-01	9.950658364274057865e-02	-2.860277527375755871e-02	2.186518147601314299e-01	-4.393297194799443695e-01	2.323040554010956937e-01	-1.454777529997555163e-01	1.163976996394242430e-01	-3.834080504483963203e-01	1.000000000000000888e+00	-3.075034225163382762e-01	1.624617008837910270e-01	-1.087390748064443607e-01	2.851454200632373426e-01	-6.491762077598999259e-01	2.822324104790033816e-01	-1.647793789188375380e-01	1.593611944860534591e-01
-9.166093387612915533e-02	5.454015330974101156e-02	-6.303546737586308846e-02	5.724998641320525050e-02	-4.230574089685277400e-02	8.573047536030685423e-02	-7.434456995947481828e-02	5.362510869126731888e-02	-5.325210113593047828e-02	1.102405394584291681e-01	-9.835387576711845936e-02	7.634735276956415573e-02	-1.185935044834549867e-01	6.939843917094089265e-02	-3.213022185677903708e-02	1.725688907871751054e-01	-1.118450420764574155e-01	1.734223221353542455e-01	-1.701947215834384575e-01	3.436545340803517923e-02	-1.567509408073176624e-01	2.576791856888461241e-01	-5.860008467703381463e-01	2.678113703737844409e-01	-1.913036370022088706e-01	1.786980418348677047e-01	-3.075034225163382762e-01	1.000000000000000888e+00	-4.256898766848812854e-01	1.750421790529914645e-01	-1.943754286663082476e-01	2.415723320049571743e-01	-4.642500165999817741e-01	2.274206120745443371e-01	-2.287169020767868821e-01
8.000327662467557333e-02	-4.818759451214222472e-02	6.022395782274430481e-02	-5.533676439482074910e-02	4.094991222931373270e-02	-7.491919168802139983e-02	6.510528778415597406e-02	-5.170125971974991880e-02	5.283777383538486999e-02	-1.065836686655057541e-01	8.324529078541649529e-02	-6.549672650305585209e-02	1.120176629759917775e-01	-7.031159618133774047e-02	3.483345507352877263e-02	-1.443222120899727567e-01	9.382772392572197306e-02	-2.201739271167178491e-01	1.982296167908952078e-01	-3.739388377249554946e-02	1.176772520453437942e-01	-1.983536198047067545e-01	2.834294591594199164e-01	-6.571046395225532688e-01	2.629781413516442123e-01	-1.322763839721784185e-01	1.624617008837910270e-01	-4.256898766848812854e-01	1.000000000000000666e+00	-3.252641383432295363e-01	1.356178790308623094e-01	-1.636395630235329968e-01	2.324219683024784933e-01	-3.141852623701522074e-01	2.406144904403955675e-01
-6.134356890356830461e-02	3.673512678478400156e-02	-4.668157608259436431e-02	4.260145392423891897e-02	-3.182869873760695717e-02	5.617367371527118985e-02	-4.972732694690461253e-02	3.959411168720681357e-02	-4.064326814305082441e-02	8.258968542057884554e-02	-6.250692219555999130e-02	4.873624939197278294e-02	-8.641499833674957942e-02	5.307512035540129514e-02	-4.332007882820596012e-02	1.023653086115959843e-01	-6.996788472820598959e-02	1.237199508272861931e-01	-1.235752545967135213e-01	4.520802606578657595e-02	-8.237938317554553691e-02	1.312348209452416647e-01	-1.772936002217250506e-01	2.511381365993587411e-01	-7.976900388184302582e-01	9.264787741061229764e-02	-1.087390748064443607e-01	1.750421790529914645e-01	-3.252641383432295363e-01	1.000000000000000888e+00	-9.874251459077718063e-02	1.119789154920338703e-01	-1.673280128354312501e-01	2.263254476805882098e-01	-3.723120220798574742e-01
1.120942588560213393e-01	-6.708245582580585342e-02	6.951663337401042808e-02	-6.696159172916905933e-02	4.907278645123039351e-02	-1.129887221545747694e-01	9.106265097215353321e-02	-5.927063470681540741e-02	5.499218088493089407e-02	-1.307244621167023835e-01	1.271149264172521665e-01	-9.875729094727292434e-02	1.295080772909527611e-01	-7.090561348965253308e-02	2.989426182933455772e-02	-2.956306059030396893e-01	1.412039889815726590e-01	-9.971719595674952141e-02	9.179081796938033666e-02	-3.242264331835793822e-02	2.518309682291969831e-01	-2.870560566048495077e-01	1.863086652324766612e-01	-1.249093312440173187e-01	1.067320048814081601e-01	-7.358801229531305443e-01	2.851454200632373426e-01	-1.943754286663082476e-01	1.356178790308623094e-01	-9.874251459077718063e-02	1.000000000000000222e+00	-3.877685312193543954e-01	2.269437396143608177e-01	-1.468370851642578079e-01	1.475804325800238459e-01
-8.950841828793658361e-02	5.278649533914293868e-02	-5.600316176315855987e-02	5.172843220700219097e-02	-3.807188524643450450e-02	8.460597327652051580e-02	-7.237613740202841761e-02	4.751791333253961580e-02	-4.503319413703198854e-02	1.001923514997398873e-01	-9.894240586296788875e-02	7.586454143220523749e-02	-1.053942204209470102e-01	5.813334365733126285e-02	-2.579461326513841912e-02	1.828476811407240277e-01	-1.124408479019256141e-01	1.017589032544102545e-01	-9.680110758214163780e-02	2.775462722644359698e-02	-1.773591406153338934e-01	2.570454382989385556e-01	-2.186479527219884200e-01	1.385723308523967578e-01	-1.226900748595783908e-01	2.646781657587339298e-01	-6.491762077598999259e-01	2.415723320049571743e-01	-1.636395630235329968e-01	1.119789154920338703e-01	-3.877685312193543954e-01	1.000000000000000444e+00	-4.992882316471839999e-01	1.856924196396973759e-01	-1.883338849880898391e-01
1.088297189780444568e-01	-6.507268411352847004e-02	7.355873872227555732e-02	-7.126837127103941016e-02	5.234882790188873092e-02	-1.052079485031563455e-01	8.811321258162023440e-02	-6.285976963359257708e-02	6.019355998249367734e-02	-1.391540995339413667e-01	1.160733588319401571e-01	-9.082942056940609965e-02	1.371836403481483113e-01	-7.836956386932662777e-02	3.519214726008709077e-02	-2.226476726781871918e-01	1.297020522149402166e-01	-1.431541785147307511e-01	1.291322938055130265e-01	-3.808200979040547024e-02	1.764435799573820518e-01	-2.941647102645540968e-01	2.645553941603981940e-01	-2.042528492949568231e-01	1.653013099849351963e-01	-2.264800268427399343e-01	2.822324104790033816e-01	-4.642500165999817741e-01	2.324219683024784933e-01	-1.673280128354312501e-01	2.269437396143608177e-01	-4.992882316471839999e-01	9.999999999999997780e-01	-4.297809116593898082e-01	2.615198223804381383e-01
-7.844144707629119306e-02	4.652895541589784079e-02	-5.492944139484509658e-02	5.132412654379100297e-02	-3.792912846457449638e-02	7.233383955835664958e-02	-6.329037731088628382e-02	4.667549458514716476e-02	-4.588095179827745423e-02	9.964001150168549925e-02	-8.117682961773788064e-02	6.280540229495432114e-02	-1.034018157221293366e-01	5.966021128705598781e-02	-3.129455320456994705e-02	1.363415870594219537e-01	-9.081024508565968545e-02	1.230967860366719707e-01	-1.185913033209209377e-01	3.336944936210280155e-02	-1.111595389239767723e-01	1.729269098917646241e-01	-2.009269075027568796e-01	2.058063931213721665e-01	-2.337211602858385862e-01	1.322430564661077612e-01	-1.647793789188375380e-01	2.274206120745443371e-01	-3.141852623701522074e-01	2.263254476805882098e-01	-1.468370851642578079e-01	1.856924196396973759e-01	-4.297809116593898082e-01	1.000000000000000000e+00	-7.369574566252676817e-01
9.346611367838736362e-02	-5.580995895833189280e-02	6.684451266941930647e-02	-6.534861269121999827e-02	4.811222750336179022e-02	-8.767214220744627695e-02	7.543129625230524105e-02	-5.712916994905463397e-02	5.555999948193966753e-02	-1.279548509094806386e-01	9.556655482893215703e-02	-7.454900651836696146e-02	1.246714557008565261e-01	-7.258914453236736675e-02	3.684468113783970211e-02	-1.660733282246726061e-01	1.059446376286920094e-01	-1.382893167906996401e-01	1.238789754404387156e-01	-3.986110681844121095e-02	1.255996788304628575e-01	-2.013558094936329645e-01	1.952511462607258719e-01	-2.223752100106195229e-01	2.421927057046653065e-01	-1.462765889877022940e-01	1.593611944860534591e-01	-2.287169020767868821e-01	2.406144904403955675e-01	-3.723120220798574742e-01	1.475804325800238459e-01	-1.883338849880898391e-01	2.615198223804381383e-01	-7.369574566252676817e-01	1.000000000000000000e+00
