1.000000000000000000e+00	-9.001345110345779221e-02	6.237109420903998169e-02	-5.550154635620038746e-02	8.230207325167955557e-02	-8.867445679628721544e-02	8.831083896673166955e-02	-6.858539647759000213e-02	5.303510671772340007e-02	-6.479440963079925730e-02	8.161787332686253060e-02	-5.635895690282362314e-02	5.561772706840606428e-02	-6.078575123793771018e-02	4.549920387482823958e-02	-2.067685037752822405e-02	4.939941896770911473e-02	-4.765093154344888365e-02	4.094027188124569477e-02	-4.461317250089148062e-02	1.587272786302086278e-02	-2.195693652129801152e-02	2.132721361815771363e-02	-3.717280188583245437e-02	3.474791453540784086e-02	-1.447350286795833288e-02	1.984617113062934687e-02	-1.990003814813452038e-02	1.248000693189871800e-02	-1.263844479754903417e-02	2.033890510916473368e-02	-1.107980035555494215e-02	9.452150054821554723e-03	-1.154791597194606938e-02	1.244694316687563508e-02
-9.001345110345779221e-02	9.999999999999993339e-01	-6.603353265550320206e-01	2.231214772077340647e-01	-2.523742264609412644e-01	7.988422541689685352e-02	-5.750274557052408309e-01	3.061529374253333935e-01	-2.177233602157283565e-01	1.754205489799225137e-01	-8.312299210840459751e-02	1.865602388311971283e-01	-1.996503797915354095e-01	1.585449135129943232e-01	-1.258441603958717347e-01	3.217679369853401750e-02	-1.475103718682347631e-01	1.325818616013604845e-01	-1.065507387160920805e-01	1.093147978429598183e-01	-2.646107847528174697e-02	4.911584640532590251e-02	-4.911158301527088904e-02	9.121107239903174235e-02	-8.748510385062985284e-02	2.530767984526052436e-02	-4.155294161908876238e-02	4.275499058634063543e-02	-2.776159511294653062e-02	2.843637100968589987e-02	-3.382852561234440947e-02	2.306662184086185133e-02	-1.977869928651616871e-02	2.537205787702956350e-02	-2.797601443855653874e-02
6.237109420903998169e-02	-6.603353265550320206e-01	9.999999999999994449e-01	-3.604255183492843240e-01	2.264607489510220839e-01	-5.839681881959579018e-02	3.014133584367091889e-01	-5.300655105600741157e-01	2.436445692612111691e-01	-1.863633402105909775e-01	5.904248988705443346e-02	-1.685732203927325090e-01	1.847900995886964104e-01	-1.579466038495991320e-01	1.211492881607998950e-01	-2.771117903937480795e-02	1.247265091109288349e-01	-1.247973643262050569e-01	9.696628868645155996e-02	-1.048485076118324116e-01	2.273775687961930927e-02	-4.351630819125685418e-02	4.357687205163546934e-02	-8.563489295550218150e-02	8.066886461479337578e-02	-2.192533510124352811e-02	3.630984179518207539e-02	-3.821780249911487654e-02	2.531796572931554676e-02	-2.603962073362586782e-02	2.900628627737572574e-02	-2.079698664560041335e-02	1.777378827403717360e-02	-2.319704932072779585e-02	2.543413754459700193e-02
-5.550154635620038746e-02	2.231214772077340647e-01	-3.604255183492843240e-01	9.999999999999991118e-01	-5.175537052768459656e-01	4.955950718746219424e-02	-2.321983999497199691e-01	2.682369535576923369e-01	-6.708842815491652400e-01	2.773283428061075195e-01	-5.121251338650726487e-02	1.391799379445409213e-01	-1.604248482989770741e-01	1.779807962582164449e-01	-1.571104603511171427e-01	2.782440297850339445e-02	-1.178555934921650672e-01	1.160260387456695658e-01	-1.036210413544916414e-01	1.204039248335238843e-01	-2.279253248086589301e-02	4.269990002842878607e-02	-4.308545094590691266e-02	9.171947932000949766e-02	-9.239949110111768393e-02	2.214854467392657345e-02	-3.641335809711571808e-02	3.814470720682992116e-02	-2.754858246568849325e-02	2.895217850824959374e-02	-2.951047264877838111e-02	2.167123758371872558e-02	-1.853843846824838187e-02	2.510512581230277956e-02	-2.836337364626581592e-02
8.230207325167955557e-02	-2.523742264609412644e-01	2.264607489510220839e-01	-5.175537052768459656e-01	9.999999999999997780e-01	-6.526970178258638400e-02	2.335324407618575293e-01	-2.810222094986910002e-01	3.143232232152011751e-01	-5.607042593654041340e-01	6.544572082549345027e-02	-1.993702850491049505e-01	2.095477231430447063e-01	-3.372503936435815586e-01	2.551182435888278421e-01	-4.447636591719822396e-02	1.670654269253406266e-01	-1.833679202332759717e-01	1.654417985761506560e-01	-2.196241596056354994e-01	3.584212542456124279e-02	-6.715530454406758165e-02	6.749736903284123124e-02	-1.603520091304429518e-01	1.522107439809333995e-01	-3.505056594494206090e-02	5.693258655435105842e-02	-6.151169640134849376e-02	4.650553708850413415e-02	-4.919326803427542111e-02	4.622558262674098667e-02	-3.627514767487568376e-02	3.075776154526443235e-02	-4.282975641913997628e-02	4.732376945429751791e-02
-8.867445679628721544e-02	7.988422541689685352e-02	-5.839681881959579018e-02	4.955950718746219424e-02	-6.526970178258638400e-02	1.000000000000000000e+00	-1.410949860605815731e-01	7.979841735747300602e-02	-5.007871198933703388e-02	5.619465325151526414e-02	-9.696452250294552710e-01	1.014684790272392945e-01	-8.096361229552642702e-02	6.178905596797029665e-02	-4.552670739415078105e-02	4.520114535555458390e-02	-7.346720724691579996e-02	6.091695626056598672e-02	-4.532950130755400431e-02	4.403985575539622749e-02	-3.473763328221177171e-02	3.054267583110373968e-02	-2.867951461939642274e-02	3.901147779736122145e-02	-3.538529349757642967e-02	2.446820640178390752e-02	-2.811895973129985293e-02	2.581178605484822641e-02	-1.300803001111482463e-02	1.255051549909456422e-02	-3.615934573915485090e-02	1.292228767532366956e-02	-1.114471692843252600e-02	1.204408106437040646e-02	-1.242179612955872023e-02
8.831083896673166955e-02	-5.750274557052408309e-01	3.014133584367091889e-01	-2.321983999497199691e-01	2.335324407618575293e-01	-1.410949860605815731e-01	1.000000000000000000e+00	-4.907885737009325955e-01	2.200340603065577827e-01	-2.293566002710213103e-01	1.238334816113172560e-01	-3.727308752341496056e-01	2.652499792724468675e-01	-2.307699282272544228e-01	1.634724802061719162e-01	-4.627864663004026269e-02	2.060106646697974220e-01	-2.063105649384628371e-01	1.464703546468808792e-01	-1.561268830475700808e-01	3.757325631413866579e-02	-7.179842340630794573e-02	7.060510948163409295e-02	-1.334810737179568108e-01	1.181030000627550230e-01	-3.578015179777632032e-02	5.867459483326263603e-02	-6.238998985437648609e-02	3.893268871639522094e-02	-3.939673089033036979e-02	4.700112840517782498e-02	-3.318885991074643077e-02	2.825984728367993137e-02	-3.595397127557344030e-02	3.823211350771131556e-02
-6.858539647759000213e-02	3.061529374253333935e-01	-5.300655105600741157e-01	2.682369535576923369e-01	-2.810222094986910002e-01	7.979841735747300602e-02	-4.907885737009325955e-01	1.000000000000000666e+00	-3.906999439248384220e-01	2.247646450529501572e-01	-8.345284305235461941e-02	2.366170951928615596e-01	-3.725892695102992480e-01	2.077667242211397314e-01	-1.655403725968359607e-01	3.738227152502802270e-02	-1.843120861816947564e-01	1.725226557998596755e-01	-1.351384420895931082e-01	1.360864386880791532e-01	-3.099554415773722593e-02	5.978141057511719703e-02	-6.035809812749941272e-02	1.132289940012409096e-01	-1.094130097996042217e-01	2.985275393528820723e-02	-5.005597742046094534e-02	5.187168044059418254e-02	-3.383991207622386727e-02	3.472469204231933004e-02	-3.960921630469012300e-02	2.780844683747536392e-02	-2.386873773107294622e-02	3.084981435513959452e-02	-3.415510120616636891e-02
5.303510671772340007e-02	-2.177233602157283565e-01	2.436445692612111691e-01	-6.708842815491652400e-01	3.143232232152011751e-01	-5.007871198933703388e-02	2.200340603065577827e-01	-3.906999439248384220e-01	1.000000000000000888e+00	-4.625358529424031806e-01	5.115975164964550737e-02	-1.528563794612618487e-01	1.763705863246997907e-01	-2.198384758365617142e-01	1.893990268838118551e-01	-2.908906829798366470e-02	1.248842295479328790e-01	-1.278453893315993073e-01	1.137580325597944975e-01	-1.402897353655398471e-01	2.385360033320043857e-02	-4.546186206849069100e-02	4.593902847188044425e-02	-1.021581947356964282e-01	1.030052011791453420e-01	-2.322043726365202038e-02	3.844577726990386357e-02	-4.065123429078479345e-02	2.990981675879347476e-02	-3.160338740644894756e-02	3.077133144932127709e-02	-2.319866512540299033e-02	1.982662053523431833e-02	-2.725186167508979532e-02	3.081885301192230711e-02
-6.479440963079925730e-02	1.754205489799225137e-01	-1.863633402105909775e-01	2.773283428061075195e-01	-5.607042593654041340e-01	5.619465325151526414e-02	-2.293566002710213103e-01	2.247646450529501572e-01	-4.625358529424031806e-01	1.000000000000000444e+00	-5.884231499566204560e-02	1.653932294787503476e-01	-2.014621807762150552e-01	2.836225622472960950e-01	-4.885438929921205320e-01	3.745697937598169158e-02	-1.591586765310261387e-01	1.538618805564055392e-01	-1.673838640980847281e-01	2.103077509351118923e-01	-3.095308612118984060e-02	5.786312174002538472e-02	-5.926681246083940341e-02	1.413618202552948677e-01	-1.693491039148238841e-01	3.035083934095723565e-02	-5.029871892311334886e-02	5.219718934109350561e-02	-4.297979507219624323e-02	4.686247256805916445e-02	-4.072183956904820018e-02	3.106861054247943635e-02	-2.675062172153565981e-02	3.848281513678050020e-02	-4.648241339650833331e-02
8.161787332686253060e-02	-8.312299210840459751e-02	5.904248988705443346e-02	-5.121251338650726487e-02	6.544572082549345027e-02	-9.696452250294552710e-01	1.238334816113172560e-01	-8.345284305235461941e-02	5.115975164964550737e-02	-5.884231499566204560e-02	1.000000000000000888e+00	-1.135431066997249633e-01	8.161982779392187859e-02	-6.506132686826680833e-02	4.693269056564438463e-02	-4.885944929762300881e-02	7.360235729506640900e-02	-6.376282829327989399e-02	4.645226081843396859e-02	-4.604966995281428027e-02	3.525748983565832329e-02	-3.142408371502017350e-02	2.930691302782123878e-02	-4.074245449599039198e-02	3.641744142118102240e-02	-2.496319401050155554e-02	2.857040190723852263e-02	-2.658094888695182803e-02	1.342621868428475577e-02	-1.296423016948462618e-02	3.622034014834311921e-02	-1.332840478882961303e-02	1.146298475847676648e-02	-1.246170752082362276e-02	1.278380986145637513e-02
-5.635895690282362314e-02	1.865602388311971283e-01	-1.685732203927325090e-01	1.391799379445409213e-01	-1.993702850491049505e-01	1.014684790272392945e-01	-3.727308752341496056e-01	2.366170951928615596e-01	-1.528563794612618487e-01	1.653932294787503476e-01	-1.135431066997249633e-01	1.000000000000002220e+00	-6.152274053226285400e-01	2.276751124511216251e-01	-1.684092384814448728e-01	5.073858235814460160e-02	-5.292516184033418947e-01	2.807628424272286538e-01	-1.829157730340003063e-01	1.528156893242652026e-01	-4.375233522062756814e-02	9.607855401002421414e-02	-9.377075717222438378e-02	1.424549310487485398e-01	-1.284627614020361352e-01	4.192451944480304893e-02	-7.593979675735083867e-02	7.544944627062527553e-02	-4.158278959208407816e-02	4.110707335295681053e-02	-5.427282049403196057e-02	3.667834014369679430e-02	-3.166352970542915535e-02	3.798457415017747474e-02	-4.045458757163072905e-02
5.561772706840606428e-02	-1.996503797915354095e-01	1.847900995886964104e-01	-1.604248482989770741e-01	2.095477231430447063e-01	-8.096361229552642702e-02	2.652499792724468675e-01	-3.725892695102992480e-01	1.763705863246997907e-01	-2.014621807762150552e-01	8.161982779392187859e-02	-6.152274053226285400e-01	1.000000000000001554e+00	-3.997528091286150498e-01	2.057924396434075154e-01	-4.825079008268719216e-02	2.893923095468753925e-01	-3.688035759509576406e-01	1.963578070598146763e-01	-1.836962546634958449e-01	4.064704910739518756e-02	-8.910015475306919119e-02	9.024250402146642702e-02	-1.646050161977217763e-01	1.428247847053897013e-01	-3.948497848020051521e-02	6.962304002212525711e-02	-7.557580576690491048e-02	4.485510965270576855e-02	-4.492328294873843691e-02	5.074083436829512905e-02	-3.791811550004788728e-02	3.247306034743353831e-02	-4.108927058128620385e-02	4.367412702121600127e-02
-6.078575123793771018e-02	1.585449135129943232e-01	-1.579466038495991320e-01	1.779807962582164449e-01	-3.372503936435815586e-01	6.178905596797029665e-02	-2.307699282272544228e-01	2.077667242211397314e-01	-2.198384758365617142e-01	2.836225622472960950e-01	-6.506132686826680833e-02	2.276751124511216251e-01	-3.997528091286150498e-01	1.000000000000001998e+00	-6.326232475281707845e-01	4.492416766384262766e-02	-2.288703279991908812e-01	2.141954623285129977e-01	-2.677299012427886149e-01	2.599383553192672891e-01	-3.784468571740606108e-02	7.457445895326593466e-02	-7.745426517450396120e-02	1.896326666966605401e-01	-2.323327345728273263e-01	3.725162900287567330e-02	-6.403399884626906347e-02	6.602903916273861196e-02	-5.523329147433372194e-02	6.034890940488903122e-02	-4.959617005741145945e-02	3.863429095185651890e-02	-3.345250395372892371e-02	4.888771306198184952e-02	-6.036688374818007657e-02
4.549920387482823958e-02	-1.258441603958717347e-01	1.211492881607998950e-01	-1.571104603511171427e-01	2.551182435888278421e-01	-4.552670739415078105e-02	1.634724802061719162e-01	-1.655403725968359607e-01	1.893990268838118551e-01	-4.885438929921205320e-01	4.693269056564438463e-02	-1.684092384814448728e-01	2.057924396434075154e-01	-6.326232475281707845e-01	1.000000000000002220e+00	-3.421745244573325823e-02	1.572527864185370716e-01	-1.671474975204817748e-01	1.971010289328694876e-01	-4.235105783996910844e-01	2.853654775770376323e-02	-5.656635410755012777e-02	5.860022728615424392e-02	-1.772097104957432445e-01	2.139433976767400880e-01	-2.816779102691663317e-02	4.814039703361015776e-02	-5.128002665859074383e-02	4.739212266857092959e-02	-5.338943979217424668e-02	3.718446879534781369e-02	-3.156547287811542479e-02	2.713779979092722019e-02	-4.226084890916618347e-02	5.162063614837932718e-02
-2.067685037752822405e-02	3.217679369853401750e-02	-2.771117903937480795e-02	2.782440297850339445e-02	-4.447636591719822396e-02	4.520114535555458390e-02	-4.627864663004026269e-02	3.738227152502802270e-02	-2.908906829798366470e-02	3.745697937598169158e-02	-4.885944929762300881e-02	5.073858235814460160e-02	-4.825079008268719216e-02	4.492416766384262766e-02	-3.421745244573325823e-02	1.000000000000002220e+00	-7.305870543267256600e-02	6.706424607552408101e-02	-4.810760372993808098e-02	4.106553765621667046e-02	-7.784781122784292240e-01	1.914082651137044289e-01	-1.579790729977796071e-01	4.250476335029004099e-02	-3.608296279541690910e-02	3.070073740266814344e-01	-2.196273681373931141e-01	1.502194461480188259e-01	-3.531920521526436818e-02	2.485005487470487093e-02	-4.875407922298087837e-01	6.483450592838976845e-02	-5.746852727555021301e-02	3.404400555046306620e-02	-2.640543270429226985e-02
4.939941896770911473e-02	-1.475103718682347631e-01	1.247265091109288349e-01	-1.178555934921650672e-01	1.670654269253406266e-01	-7.346720724691579996e-02	2.060106646697974220e-01	-1.843120861816947564e-01	1.248842295479328790e-01	-1.591586765310261387e-01	7.360235729506640900e-02	-5.292516184033418947e-01	2.893923095468753925e-01	-2.288703279991908812e-01	1.572527864185370716e-01	-7.305870543267256600e-02	9.999999999999990008e-01	-6.454749878708962996e-01	2.381197963888116442e-01	-1.984895982475019527e-01	6.353475509499761920e-02	-1.779426045362990372e-01	1.496966354414909217e-01	-2.119264918132051645e-01	1.523282130974108473e-01	-6.142509792035561605e-02	1.153303917060883588e-01	-1.214359253940160283e-01	5.611202980407786756e-02	-5.270901445251707090e-02	7.552837674837827031e-02	-5.409826892716072810e-02	4.627865800209509523e-02	-5.231392510650278993e-02	5.067373243426213925e-02
-4.765093154344888365e-02	1.325818616013604845e-01	-1.247973643262050569e-01	1.160260387456695658e-01	-1.833679202332759717e-01	6.091695626056598672e-02	-2.063105649384628371e-01	1.725226557998596755e-01	-1.278453893315993073e-01	1.538618805564055392e-01	-6.376282829327989399e-02	2.807628424272286538e-01	-3.688035759509576406e-01	2.141954623285129977e-01	-1.671474975204817748e-01	6.706424607552408101e-02	-6.454749878708962996e-01	1.000000000000000888e+00	-4.493119160175027549e-01	1.965076635551071815e-01	-5.969675388146778588e-02	1.467458408689936711e-01	-1.847756085209650845e-01	2.243328882612595221e-01	-1.792762650621633203e-01	5.855881900324350076e-02	-1.133844629272856841e-01	1.222579757862733707e-01	-5.978739651817832623e-02	5.617667477658869202e-02	-7.411389219303630982e-02	5.389967884987861835e-02	-4.706839482316318296e-02	5.403409575781577961e-02	-5.512489626359072525e-02
4.094027188124569477e-02	-1.065507387160920805e-01	9.696628868645155996e-02	-1.036210413544916414e-01	1.654417985761506560e-01	-4.532950130755400431e-02	1.464703546468808792e-01	-1.351384420895931082e-01	1.137580325597944975e-01	-1.673838640980847281e-01	4.645226081843396859e-02	-1.829157730340003063e-01	1.963578070598146763e-01	-2.677299012427886149e-01	1.971010289328694876e-01	-4.810760372993808098e-02	2.381197963888116442e-01	-4.493119160175027549e-01	9.999999999999994449e-01	-3.841235452225155722e-01	4.083999748277479525e-02	-9.072675959548583136e-02	9.895643956546183728e-02	-6.421914251092434300e-01	2.875642232212523020e-01	-4.080569833257609302e-02	7.338628793551220386e-02	-8.372765329704444370e-02	8.694521964870922937e-02	-8.293997231227973055e-02	5.228507501427245852e-02	-5.245208816908829980e-02	4.478243069420920208e-02	-7.839972071036377388e-02	7.635298206422957978e-02
-4.461317250089148062e-02	1.093147978429598183e-01	-1.048485076118324116e-01	1.204039248335238843e-01	-2.196241596056354994e-01	4.403985575539622749e-02	-1.561268830475700808e-01	1.360864386880791532e-01	-1.402897353655398471e-01	2.103077509351118923e-01	-4.604966995281428027e-02	1.528156893242652026e-01	-1.836962546634958449e-01	2.599383553192672891e-01	-4.235105783996910844e-01	4.106553765621667046e-02	-1.984895982475019527e-01	1.965076635551071815e-01	-3.841235452225155722e-01	1.000000000000000888e+00	-3.484946775144461689e-02	6.948242398248044571e-02	-7.443946162873756045e-02	2.926007008018891020e-01	-6.519536696172596457e-01	3.488036990127892784e-02	-6.111022529125442054e-02	6.419978429449356427e-02	-8.107498420429888608e-02	9.966010758406977643e-02	-4.634161423505166189e-02	4.446239210747844617e-02	-3.876977969710773686e-02	6.906616333361836890e-02	-9.869527649108252032e-02
1.587272786302086278e-02	-2.646107847528174697e-02	2.273775687961930927e-02	-2.279253248086589301e-02	3.584212542456124279e-02	-3.473763328221177171e-02	3.757325631413866579e-02	-3.099554415773722593e-02	2.385360033320043857e-02	-3.095308612118984060e-02	3.525748983565832329e-02	-4.375233522062756814e-02	4.064704910739518756e-02	-3.784468571740606108e-02	2.853654775770376323e-02	-7.784781122784292240e-01	6.353475509499761920e-02	-5.969675388146778588e-02	4.083999748277479525e-02	-3.484946775144461689e-02	1.000000000000002442e+00	-2.373560039495458684e-01	1.445898624513101416e-01	-3.649930373819391255e-02	3.034336876968904764e-02	-4.808009705232072495e-01	2.009805791248403806e-01	-1.513210300134572861e-01	3.020077101215751236e-02	-2.115134653332488568e-02	3.085217028400257244e-01	-5.816999765611353956e-02	5.017335483233008320e-02	-2.958853903359828091e-02	2.220047886706787155e-02
-2.195693652129801152e-02	4.911584640532590251e-02	-4.351630819125685418e-02	4.269990002842878607e-02	-6.715530454406758165e-02	3.054267583110373968e-02	-7.179842340630794573e-02	5.978141057511719703e-02	-4.546186206849069100e-02	5.786312174002538472e-02	-3.142408371502017350e-02	9.607855401002421414e-02	-8.910015475306919119e-02	7.457445895326593466e-02	-5.656635410755012777e-02	1.914082651137044289e-01	-1.779426045362990372e-01	1.467458408689936711e-01	-9.072675959548583136e-02	6.948242398248044571e-02	-2.373560039495458684e-01	1.000000000000002220e+00	-6.344634389378972505e-01	7.646113616383709566e-02	-6.182294365045020584e-02	2.001170266008907017e-01	-5.821022671002660243e-01	3.203643809547435106e-01	-5.478162676553412908e-02	3.815657040977663700e-02	-2.314805667572659709e-01	9.928285139422771133e-02	-9.045289273122647522e-02	5.303445956750930251e-02	-3.973906816037436202e-02
2.132721361815771363e-02	-4.911158301527088904e-02	4.357687205163546934e-02	-4.308545094590691266e-02	6.749736903284123124e-02	-2.867951461939642274e-02	7.060510948163409295e-02	-6.035809812749941272e-02	4.593902847188044425e-02	-5.926681246083940341e-02	2.930691302782123878e-02	-9.377075717222438378e-02	9.024250402146642702e-02	-7.745426517450396120e-02	5.860022728615424392e-02	-1.579790729977796071e-01	1.496966354414909217e-01	-1.847756085209650845e-01	9.895643956546183728e-02	-7.443946162873756045e-02	1.445898624513101416e-01	-6.344634389378972505e-01	1.000000000000002665e+00	-8.654039960685325217e-02	6.690419068050097728e-02	-1.450653144600791700e-01	3.151356972741622409e-01	-6.267613431608144436e-01	6.808525865357339946e-02	-4.559979566489355540e-02	1.584173146016487621e-01	-1.415221898485907182e-01	1.228004772294209179e-01	-6.817706164040773786e-02	4.694074978630019546e-02
-3.717280188583245437e-02	9.121107239903174235e-02	-8.563489295550218150e-02	9.171947932000949766e-02	-1.603520091304429518e-01	3.901147779736122145e-02	-1.334810737179568108e-01	1.132289940012409096e-01	-1.021581947356964282e-01	1.413618202552948677e-01	-4.074245449599039198e-02	1.424549310487485398e-01	-1.646050161977217763e-01	1.896326666966605401e-01	-1.772097104957432445e-01	4.250476335029004099e-02	-2.119264918132051645e-01	2.243328882612595221e-01	-6.421914251092434300e-01	2.926007008018891020e-01	-3.649930373819391255e-02	7.646113616383709566e-02	-8.654039960685325217e-02	9.999999999999995559e-01	-5.802558422083884393e-01	3.681493057479041237e-02	-6.660369557702398857e-02	7.244859677832388156e-02	-1.260668644698099139e-01	1.082929954600488770e-01	-4.826539474513067557e-02	5.469876907481846517e-02	-4.775502293216357663e-02	9.740518572505556250e-02	-1.033571382035813613e-01
3.474791453540784086e-02	-8.748510385062985284e-02	8.066886461479337578e-02	-9.239949110111768393e-02	1.522107439809333995e-01	-3.538529349757642967e-02	1.181030000627550230e-01	-1.094130097996042217e-01	1.030052011791453420e-01	-1.693491039148238841e-01	3.641744142118102240e-02	-1.284627614020361352e-01	1.428247847053897013e-01	-2.323327345728273263e-01	2.139433976767400880e-01	-3.608296279541690910e-02	1.523282130974108473e-01	-1.792762650621633203e-01	2.875642232212523020e-01	-6.519536696172596457e-01	3.034336876968904764e-02	-6.182294365045020584e-02	6.690419068050097728e-02	-5.802558422083884393e-01	1.000000000000004219e+00	-3.065785896072051320e-02	5.396922982988832523e-02	-6.044897830731780358e-02	1.011018098983552937e-01	-1.463144615333012433e-01	4.007146237066123995e-02	-4.892167707741484212e-02	4.204950004789174967e-02	-8.817265035740212697e-02	1.173537535352815742e-01
-1.447350286795833288e-02	2.530767984526052436e-02	-2.192533510124352811e-02	2.214854467392657345e-02	-3.505056594494206090e-02	2.446820640178390752e-02	-3.578015179777632032e-02	2.985275393528820723e-02	-2.322043726365202038e-02	3.035083934095723565e-02	-2.496319401050155554e-02	4.192451944480304893e-02	-3.948497848020051521e-02	3.725162900287567330e-02	-2.816779102691663317e-02	3.070073740266814344e-01	-6.142509792035561605e-02	5.855881900324350076e-02	-4.080569833257609302e-02	3.488036990127892784e-02	-4.808009705232072495e-01	2.001170266008907017e-01	-1.450653144600791700e-01	3.681493057479041237e-02	-3.065785896072051320e-02	1.000000000000001776e+00	-3.289003476006840399e-01	1.801924181623926480e-01	-3.499424986219014377e-02	2.355024822783079869e-02	-7.403991777768406113e-01	7.222030786932098767e-02	-6.266421504890529182e-02	3.432759343305343686e-02	-2.497035447329401178e-02
1.984617113062934687e-02	-4.155294161908876238e-02	3.630984179518207539e-02	-3.641335809711571808e-02	5.693258655435105842e-02	-2.811895973129985293e-02	5.867459483326263603e-02	-5.005597742046094534e-02	3.844577726990386357e-02	-5.029871892311334886e-02	2.857040190723852263e-02	-7.593979675735083867e-02	6.962304002212525711e-02	-6.403399884626906347e-02	4.814039703361015776e-02	-2.196273681373931141e-01	1.153303917060883588e-01	-1.133844629272856841e-01	7.338628793551220386e-02	-6.111022529125442054e-02	2.009805791248403806e-01	-5.821022671002660243e-01	3.151356972741622409e-01	-6.660369557702398857e-02	5.396922982988832523e-02	-3.289003476006840399e-01	1.000000000000001110e+00	-5.956940411778289812e-01	6.754991483060318602e-02	-4.404201419076179264e-02	2.407184924003980819e-01	-1.500207401381469796e-01	1.270777768381280148e-01	-6.832233235176728148e-02	4.575029704077128445e-02
-1.990003814813452038e-02	4.275499058634063543e-02	-3.821780249911487654e-02	3.814470720682992116e-02	-6.151169640134849376e-02	2.581178605484822641e-02	-6.238998985437648609e-02	5.187168044059418254e-02	-4.065123429078479345e-02	5.219718934109350561e-02	-2.658094888695182803e-02	7.544944627062527553e-02	-7.557580576690491048e-02	6.602903916273861196e-02	-5.128002665859074383e-02	1.502194461480188259e-01	-1.214359253940160283e-01	1.222579757862733707e-01	-8.372765329704444370e-02	6.419978429449356427e-02	-1.513210300134572861e-01	3.203643809547435106e-01	-6.267613431608144436e-01	7.244859677832388156e-02	-6.044897830731780358e-02	1.801924181623926480e-01	-5.956940411778289812e-01	1.000000000000001110e+00	-9.398788656209404457e-02	5.432706528576856930e-02	-2.223095394465471331e-01	1.761093926133342480e-01	-2.110843412707333888e-01	8.871662921800868573e-02	-5.820433466239681441e-02
1.248000693189871800e-02	-2.776159511294653062e-02	2.531796572931554676e-02	-2.754858246568849325e-02	4.650553708850413415e-02	-1.300803001111482463e-02	3.893268871639522094e-02	-3.383991207622386727e-02	2.990981675879347476e-02	-4.297979507219624323e-02	1.342621868428475577e-02	-4.158278959208407816e-02	4.485510965270576855e-02	-5.523329147433372194e-02	4.739212266857092959e-02	-3.531920521526436818e-02	5.611202980407786756e-02	-5.978739651817832623e-02	8.694521964870922937e-02	-8.107498420429888608e-02	3.020077101215751236e-02	-5.478162676553412908e-02	6.808525865357339946e-02	-1.260668644698099139e-01	1.011018098983552937e-01	-3.499424986219014377e-02	6.754991483060318602e-02	-9.398788656209404457e-02	1.000000000000001332e+00	-3.915366942661080429e-01	4.557734239080730998e-02	-2.098088963392730488e-01	1.760990552068164294e-01	-8.235209988627896216e-01	2.748297481540827869e-01
-1.263844479754903417e-02	2.843637100968589987e-02	-2.603962073362586782e-02	2.895217850824959374e-02	-4.919326803427542111e-02	1.255051549909456422e-02	-3.939673089033036979e-02	3.472469204231933004e-02	-3.160338740644894756e-02	4.686247256805916445e-02	-1.296423016948462618e-02	4.110707335295681053e-02	-4.492328294873843691e-02	6.034890940488903122e-02	-5.338943979217424668e-02	2.485005487470487093e-02	-5.270901445251707090e-02	5.617667477658869202e-02	-8.293997231227973055e-02	9.966010758406977643e-02	-2.115134653332488568e-02	3.815657040977663700e-02	-4.559979566489355540e-02	1.082929954600488770e-01	-1.463144615333012433e-01	2.355024822783079869e-02	-4.404201419076179264e-02	5.432706528576856930e-02	-3.915366942661080429e-01	1.000000000000000888e+00	-3.122927107889095916e-02	9.594079020931134405e-02	-8.792036222284910219e-02	2.648056081463859845e-01	-8.577832927964329501e-01
2.033890510916473368e-02	-3.382852561234440947e-02	2.900628627737572574e-02	-2.951047264877838111e-02	4.622558262674098667e-02	-3.615934573915485090e-02	4.700112840517782498e-02	-3.960921630469012300e-02	3.077133144932127709e-02	-4.072183956904820018e-02	3.622034014834311921e-02	-5.427282049403196057e-02	5.074083436829512905e-02	-4.959617005741145945e-02	3.718446879534781369e-02	-4.875407922298087837e-01	7.552837674837827031e-02	-7.411389219303630982e-02	5.228507501427245852e-02	-4.634161423505166189e-02	3.085217028400257244e-01	-2.314805667572659709e-01	1.584173146016487621e-01	-4.826539474513067557e-02	4.007146237066123995e-02	-7.403991777768406113e-01	2.407184924003980819e-01	-2.223095394465471331e-01	4.557734239080730998e-02	-3.122927107889095916e-02	1.000000000000000888e+00	-1.007494552461485338e-01	8.109858791993650173e-02	-4.541151591469600596e-02	3.285180823621277474e-02
-1.107980035555494215e-02	2.306662184086185133e-02	-2.079698664560041335e-02	2.167123758371872558e-02	-3.627514767487568376e-02	1.292228767532366956e-02	-3.318885991074643077e-02	2.780844683747536392e-02	-2.319866512540299033e-02	3.106861054247943635e-02	-1.332840478882961303e-02	3.667834014369679430e-02	-3.791811550004788728e-02	3.863429095185651890e-02	-3.156547287811542479e-02	6.483450592838976845e-02	-5.409826892716072810e-02	5.389967884987861835e-02	-5.245208816908829980e-02	4.446239210747844617e-02	-5.816999765611353956e-02	9.928285139422771133e-02	-1.415221898485907182e-01	5.469876907481846517e-02	-4.892167707741484212e-02	7.222030786932098767e-02	-1.500207401381469796e-01	1.761093926133342480e-01	-2.098088963392730488e-01	9.594079020931134405e-02	-1.007494552461485338e-01	1.000000000000001332e+00	-9.103231272118998962e-01	1.929940639221155718e-01	-1.239546915341436656e-01
9.452150054821554723e-03	-1.977869928651616871e-02	1.777378827403717360e-02	-1.853843846824838187e-02	3.075776154526443235e-02	-1.114471692843252600e-02	2.825984728367993137e-02	-2.386873773107294622e-02	1.982662053523431833e-02	-2.675062172153565981e-02	1.146298475847676648e-02	-3.166352970542915535e-02	3.247306034743353831e-02	-3.345250395372892371e-02	2.713779979092722019e-02	-5.746852727555021301e-02	4.627865800209509523e-02	-4.706839482316318296e-02	4.478243069420920208e-02	-3.876977969710773686e-02	5.017335483233008320e-02	-9.045289273122647522e-02	1.228004772294209179e-01	-4.775502293216357663e-02	4.204950004789174967e-02	-6.266421504890529182e-02	1.270777768381280148e-01	-2.110843412707333888e-01	1.760990552068164294e-01	-8.792036222284910219e-02	8.109858791993650173e-02	-9.103231272118998962e-01	1.000000000000001332e+00	-2.445828155772497292e-01	1.052699200995586837e-01
-1.154791597194606938e-02	2.537205787702956350e-02	-2.319704932072779585e-02	2.510512581230277956e-02	-4.282975641913997628e-02	1.204408106437040646e-02	-3.595397127557344030e-02	3.084981435513959452e-02	-2.725186167508979532e-02	3.848281513678050020e-02	-1.246170752082362276e-02	3.798457415017747474e-02	-4.108927058128620385e-02	4.888771306198184952e-02	-4.226084890916618347e-02	3.404400555046306620e-02	-5.231392510650278993e-02	5.403409575781577961e-02	-7.839972071036377388e-02	6.906616333361836890e-02	-2.958853903359828091e-02	5.303445956750930251e-02	-6.817706164040773786e-02	9.740518572505556250e-02	-8.817265035740212697e-02	3.432759343305343686e-02	-6.832233235176728148e-02	8.871662921800868573e-02	-8.235209988627896216e-01	2.648056081463859845e-01	-4.541151591469600596e-02	1.929940639221155718e-01	-2.445828155772497292e-01	1.000000000000001332e+00	-3.835844809092150420e-01
1.244694316687563508e-02	-2.797601443855653874e-02	2.543413754459700193e-02	-2.836337364626581592e-02	4.732376945429751791e-02	-1.242179612955872023e-02	3.823211350771131556e-02	-3.415510120616636891e-02	3.081885301192230711e-02	-4.648241339650833331e-02	1.278380986145637513e-02	-4.045458757163072905e-02	4.367412702121600127e-02	-6.036688374818007657e-02	5.162063614837932718e-02	-2.640543270429226985e-02	5.067373243426213925e-02	-5.512489626359072525e-02	7.635298206422957978e-02	-9.869527649108252032e-02	2.220047886706787155e-02	-3.973906816037436202e-02	4.694074978630019546e-02	-1.033571382035813613e-01	1.173537535352815742e-01	-2.497035447329401178e-02	4.575029704077128445e-02	-5.820433466239681441e-02	2.748297481540827869e-01	-8.577832927964329501e-01	3.285180823621277474e-02	-1.239546915341436656e-01	1.052699200995586837e-01	-3.835844809092150420e-01	1.000000000000001332e+00
