1.000000000000000000e+00	-7.173114110843836766e-01	1.866908702332622516e-01	-1.036839212636551377e-01	9.914083535634063415e-02	-3.227392354300619437e-01	2.960175008748072156e-01	-1.313769745808633371e-01	9.983915902249507202e-02	-8.117747187197132952e-02	2.321245017486611439e-01	-2.847713933537135422e-01	1.745397850932685069e-01	-1.159165320871228533e-01	1.110830424842081804e-01	-2.205320065911843819e-01	1.980968796508777441e-01	-1.039100474136631508e-01	1.089219545530348277e-01	-1.559617933219195063e-01	1.424476130139798458e-01	-1.771702079378558448e-01	1.205540239547052139e-01	-1.115994097409884200e-01	9.369819619837241320e-02	-1.145375000617676747e-01	1.510918414768350482e-01	-1.591705568115213965e-01	9.677033333048001840e-02	-9.106261791746846079e-02	1.135517306370528168e-01	-1.309800951130546121e-01	1.079733449930063427e-01	-8.765528421720049368e-02	1.189505371455100158e-01
-7.173114110843836766e-01	1.000000000000000444e+00	-1.901968732185807254e-01	9.051621260500433697e-02	-8.698518744466374186e-02	2.442589148962767132e-01	-5.196415295785966615e-01	1.245022550753239754e-01	-8.960610188843247392e-02	7.061912349147553281e-02	-2.336526124044561170e-01	2.491283847920350847e-01	-1.671824559471228600e-01	1.003998113420683236e-01	-9.659781275610294926e-02	1.660575674511868272e-01	-1.874913451570716927e-01	8.583597556704287979e-02	-9.165195908750968512e-02	1.157060112768574511e-01	-1.167691096068062678e-01	1.388726696094618740e-01	-9.563667736377398643e-02	8.544361339412584466e-02	-7.177969818852662776e-02	8.941565696786156481e-02	-1.241486726370747001e-01	1.167386178554405962e-01	-7.445086101574968640e-02	6.891439486074223131e-02	-9.082006593571803621e-02	9.866508733896066363e-02	-8.273961576160698828e-02	6.666161355528878174e-02	-9.178634510452549078e-02
1.866908702332622516e-01	-1.901968732185807254e-01	1.000000000000000222e+00	-3.324223788871470409e-01	2.167656341111680041e-01	-1.255330977620602306e-01	1.517990089486929428e-01	-5.904534769035815200e-01	2.483655256891626750e-01	-1.899468435389484733e-01	1.287382823540174082e-01	-1.725910180983676601e-01	3.178375520901356999e-01	-2.647577141735756867e-01	2.137395585843754608e-01	-1.464434818904361557e-01	1.437161004351330817e-01	-1.299396402264623440e-01	1.366462034266948955e-01	-1.985682636714632410e-01	1.077716146336494540e-01	-1.313556554897827022e-01	1.294772658591050729e-01	-1.230859822472453458e-01	1.107506802675011642e-01	-9.378472926246649022e-02	1.320510066152048578e-01	-1.644701242084976867e-01	1.077297748160213620e-01	-1.050475961875122211e-01	1.004853367532909658e-01	-1.181054794306873323e-01	1.112130475421664322e-01	-9.464822705941794423e-02	1.351320466619359006e-01
-1.036839212636551377e-01	9.051621260500433697e-02	-3.324223788871470409e-01	1.000000000000000444e+00	-6.435442082377312856e-01	6.841806293192892463e-02	-8.495688034088108576e-02	2.218303386249732279e-01	-5.108021090567470557e-01	3.012865610250449189e-01	-7.463866320859707804e-02	9.630718456067983990e-02	-2.373218844663529115e-01	2.785283585826430763e-01	-3.255108122381078495e-01	8.215436276555866668e-02	-8.601652282323821175e-02	9.273106665608028820e-02	-1.058700254594013984e-01	1.274171147533772752e-01	-6.275559701679245261e-02	7.585719138365608349e-02	-8.459519128853902614e-02	7.803342738206460460e-02	-7.296984744722979921e-02	5.409352255822845457e-02	-7.786968248439467277e-02	9.528533496180849327e-02	-6.793964978126894316e-02	6.555933528420056222e-02	-5.888939820191207986e-02	6.800702044513534661e-02	-6.690177543331943255e-02	5.798967524583498873e-02	-8.531961043529992517e-02
9.914083535634063415e-02	-8.698518744466374186e-02	2.167656341111680041e-01	-6.435442082377312856e-01	1.000000000000001332e+00	-6.562254157475044813e-02	7.888085477551493030e-02	-1.832855154533240549e-01	2.976757276570975996e-01	-5.656097086468676594e-01	7.060170897488241004e-02	-9.109344233601640584e-02	1.906219039232583956e-01	-2.953345253926698000e-01	2.899381074931741131e-01	-8.208546518576430306e-02	8.309027941862653921e-02	-9.254212726604246764e-02	1.016898136584277745e-01	-1.391852205591740943e-01	6.254571509609632707e-02	-7.584012134056491994e-02	8.519539949445087412e-02	-8.075158885101751949e-02	7.549465417634183828e-02	-5.483168930484375730e-02	7.860490683054682792e-02	-9.993382892673656481e-02	6.992085122975724709e-02	-6.871024740495444705e-02	5.981494520179345131e-02	-7.007722723190236425e-02	6.894574530848184002e-02	-6.001188917726648503e-02	8.755677310832535309e-02
-3.227392354300619437e-01	2.442589148962767132e-01	-1.255330977620602306e-01	6.841806293192892463e-02	-6.562254157475044813e-02	1.000000000000001776e+00	-4.697121264738028379e-01	9.640263569927641496e-02	-6.887009763222283476e-02	5.428270466294105728e-02	-7.393646396520571207e-01	2.827066017412760979e-01	-1.341040352641290068e-01	7.954294348748297550e-02	-7.424942855587472745e-02	1.863232031063109528e-01	-1.915111287179090127e-01	7.530829961434899744e-02	-7.881220957937901117e-02	9.578612916717677006e-02	-1.243121867592812541e-01	1.379446133413898823e-01	-8.330524376071260506e-02	7.367824713854004282e-02	-6.008583140771491665e-02	8.579472109411566405e-02	-1.146283886128529189e-01	9.999170996118174337e-02	-6.288212338589528605e-02	5.787890105208615826e-02	-8.440957333048555722e-02	8.848636462077455467e-02	-7.116139315136857380e-02	5.668651289208848781e-02	-7.645679431266408366e-02
2.960175008748072156e-01	-5.196415295785966615e-01	1.517990089486929428e-01	-8.495688034088108576e-02	7.888085477551493030e-02	-4.697121264738028379e-01	1.000000000000001998e+00	-1.344807653728261609e-01	8.545535246211591329e-02	-6.659380723309089867e-02	2.927804743136361854e-01	-5.398885602897269820e-01	1.659685561172508095e-01	-9.957867600373426775e-02	8.904747864991760520e-02	-2.096562433884233412e-01	2.236887585142663670e-01	-9.058722044032402332e-02	9.225889290398407716e-02	-1.146702091702785364e-01	1.327553168378372561e-01	-1.707496657732608114e-01	9.763534533395802628e-02	-8.757749665776756731e-02	7.076623680447416409e-02	-9.753723209547138229e-02	1.279374824323590010e-01	-1.186939185735176039e-01	7.346182877073376138e-02	-6.824733921676989779e-02	9.376474377560761742e-02	-1.031143195766343751e-01	8.250746956260295029e-02	-6.633072707758659592e-02	8.883781873966994924e-02
-1.313769745808633371e-01	1.245022550753239754e-01	-5.904534769035815200e-01	2.218303386249732279e-01	-1.832855154533240549e-01	9.640263569927641496e-02	-1.344807653728261609e-01	1.000000000000000444e+00	-3.361946141683423428e-01	1.685472193805161167e-01	-1.037960145854073535e-01	1.464610733071440574e-01	-6.318578668374120744e-01	2.474610348648928759e-01	-1.968682027457337169e-01	1.036249086051714424e-01	-1.126217590035600014e-01	1.053648557745644754e-01	-1.125843624188274938e-01	1.278030077051015845e-01	-7.627207634248255042e-02	9.330926486996225788e-02	-9.154035418178292638e-02	8.375521584007279696e-02	-7.366878467964506350e-02	6.355449722278558311e-02	-8.961785936797293795e-02	1.057509336897558688e-01	-7.118146043118048216e-02	6.844206469673141946e-02	-6.731969618074125361e-02	7.741956078509158734e-02	-7.266601337232073132e-02	6.187042971847366013e-02	-8.817668823118118837e-02
9.983915902249507202e-02	-8.960610188843247392e-02	2.483655256891626750e-01	-5.108021090567470557e-01	2.976757276570975996e-01	-6.887009763222283476e-02	8.545535246211591329e-02	-3.361946141683423428e-01	9.999999999999983347e-01	-4.304087509184511551e-01	7.423765254320227602e-02	-9.952469961297849554e-02	2.538467266162408031e-01	-5.602802593853550839e-01	3.048230268159380363e-01	-8.315309049550717591e-02	8.668263337556950110e-02	-1.054137670324977322e-01	1.171535810093623092e-01	-1.289628480533397403e-01	6.282447446785296985e-02	-7.676038356474673696e-02	8.596305199969742072e-02	-8.009681238702659467e-02	7.239828767443892699e-02	-5.402014534238297472e-02	7.712231146664230708e-02	-9.633404239584421325e-02	6.743630835315525540e-02	-6.549446114232461424e-02	5.839186279362058168e-02	-6.790515087335272093e-02	6.645521777415977493e-02	-5.773928657002726228e-02	8.362233070859001471e-02
-8.117747187197132952e-02	7.061912349147553281e-02	-1.899468435389484733e-01	3.012865610250449189e-01	-5.656097086468676594e-01	5.428270466294105728e-02	-6.659380723309089867e-02	1.685472193805161167e-01	-4.304087509184511551e-01	1.000000000000000222e+00	-5.916290797870386170e-02	7.680315326251292707e-02	-1.839072817879602029e-01	2.891051978338071149e-01	-6.055677670810099000e-01	6.717533685565245383e-02	-6.981546790423029392e-02	8.104376061348331217e-02	-9.203428461316964793e-02	1.186233403125038638e-01	-5.158391624791348190e-02	6.254080931649623476e-02	-7.264169703798116495e-02	6.775726206735450952e-02	-6.590265976321575681e-02	4.483790419147749839e-02	-6.463866421718296451e-02	8.092906227795262919e-02	-5.901191472155096346e-02	5.752054410990914413e-02	-4.904730992370648357e-02	5.700300173704414552e-02	-5.695101238359448481e-02	4.993605218481422803e-02	-7.410757062427181241e-02
2.321245017486611439e-01	-2.336526124044561170e-01	1.287382823540174082e-01	-7.463866320859707804e-02	7.060170897488241004e-02	-7.393646396520571207e-01	2.927804743136361854e-01	-1.037960145854073535e-01	7.423765254320227602e-02	-5.916290797870386170e-02	1.000000000000002220e+00	-4.340148370559045454e-01	1.432365538676657890e-01	-8.840478546717056574e-02	8.039264174458210510e-02	-2.813218462593732871e-01	2.224068622878858648e-01	-8.748668462796109491e-02	8.914406245563591402e-02	-1.113464615432421256e-01	1.527173860828727470e-01	-1.770270957840652803e-01	9.683745996506995524e-02	-8.662420051832318835e-02	6.928388247770064789e-02	-1.050744130163065171e-01	1.331344623273654493e-01	-1.182918041455263136e-01	7.254893537173917606e-02	-6.709255819237124052e-02	9.896475634278373290e-02	-1.060247176634427635e-01	8.270677923418640054e-02	-6.588885974835220760e-02	8.735154094822461524e-02
-2.847713933537135422e-01	2.491283847920350847e-01	-1.725910180983676601e-01	9.630718456067983990e-02	-9.109344233601640584e-02	2.827066017412760979e-01	-5.398885602897269820e-01	1.464610733071440574e-01	-9.952469961297849554e-02	7.680315326251292707e-02	-4.340148370559045454e-01	1.000000000000001554e+00	-2.475316157207468892e-01	1.179115995148050655e-01	-1.044587774703742977e-01	2.430951801559579073e-01	-4.817493045005715180e-01	1.157979147719732926e-01	-1.185406500580745426e-01	1.288503856209985698e-01	-1.715290286587555224e-01	2.126975859366251609e-01	-1.187948858528300039e-01	1.021382996820625888e-01	-8.153648336136697095e-02	1.168105369356755158e-01	-1.609476542937638699e-01	1.339109914309401794e-01	-8.501273208441371965e-02	7.800239589535611084e-02	-1.134512600097945245e-01	1.189913538970765322e-01	-9.547370389931925105e-02	7.620764677244235008e-02	-1.022428883944181965e-01
1.745397850932685069e-01	-1.671824559471228600e-01	3.178375520901356999e-01	-2.373218844663529115e-01	1.906219039232583956e-01	-1.341040352641290068e-01	1.659685561172508095e-01	-6.318578668374120744e-01	2.538467266162408031e-01	-1.839072817879602029e-01	1.432365538676657890e-01	-2.475316157207468892e-01	1.000000000000003331e+00	-3.799765616953736935e-01	2.220226246750682253e-01	-1.522757790355282470e-01	1.612556891901995304e-01	-1.646946696502895879e-01	1.578012887028761302e-01	-1.832919761731194863e-01	1.098955618390446975e-01	-1.370242678929863289e-01	1.309560305458023211e-01	-1.212533512967063770e-01	1.044501513660412162e-01	-9.187179183694998974e-02	1.280573275576728232e-01	-1.540024437453973993e-01	1.015131982445890424e-01	-9.812439255991757536e-02	9.650502123621457207e-02	-1.119986606040382221e-01	1.042602711550774386e-01	-8.874020325222972683e-02	1.251102224335120805e-01
-1.159165320871228533e-01	1.003998113420683236e-01	-2.647577141735756867e-01	2.785283585826430763e-01	-2.953345253926698000e-01	7.954294348748297550e-02	-9.957867600373426775e-02	2.474610348648928759e-01	-5.602802593853550839e-01	2.891051978338071149e-01	-8.840478546717056574e-02	1.179115995148050655e-01	-3.799765616953736935e-01	1.000000000000000222e+00	-5.456030645142739832e-01	9.774889441515464961e-02	-1.060626540036659071e-01	1.450564317666753478e-01	-1.919173058435323098e-01	1.540533185610807043e-01	-7.497976047771853780e-02	9.160328449117580152e-02	-1.098691026948702965e-01	9.935069717470212947e-02	-8.965910470127909371e-02	6.389341474708827573e-02	-9.197030129459299319e-02	1.139498047251804591e-01	-8.240741031930284843e-02	7.908747871599067225e-02	-6.934924221563779079e-02	7.997837424003997886e-02	-7.965487259920298047e-02	6.963156701432250684e-02	-1.016391676890950752e-01
1.110830424842081804e-01	-9.659781275610294926e-02	2.137395585843754608e-01	-3.255108122381078495e-01	2.899381074931741131e-01	-7.424942855587472745e-02	8.904747864991760520e-02	-1.968682027457337169e-01	3.048230268159380363e-01	-6.055677670810099000e-01	8.039264174458210510e-02	-1.044587774703742977e-01	2.220226246750682253e-01	-5.456030645142739832e-01	1.000000000000001776e+00	-9.515493524067372699e-02	9.707998047192849256e-02	-1.206503920672431646e-01	1.331389255751255496e-01	-1.987191648337504057e-01	7.322943723201616462e-02	-8.908180234477529325e-02	1.062270428928451665e-01	-1.012371344444980420e-01	1.000608514003228783e-01	-6.436697192266102596e-02	9.271565529098121927e-02	-1.193458056987438537e-01	8.746642269649534951e-02	-8.690035236593859902e-02	7.064787480535358877e-02	-8.284913687949549410e-02	8.345420372489648075e-02	-7.385098159704922560e-02	1.094268652868532338e-01
-2.205320065911843819e-01	1.660575674511868272e-01	-1.464434818904361557e-01	8.215436276555866668e-02	-8.208546518576430306e-02	1.863232031063109528e-01	-2.096562433884233412e-01	1.036249086051714424e-01	-8.315309049550717591e-02	6.717533685565245383e-02	-2.813218462593732871e-01	2.430951801559579073e-01	-1.522757790355282470e-01	9.774889441515464961e-02	-9.515493524067372699e-02	9.999999999999997780e-01	-5.016172350765318866e-01	1.295295982638870191e-01	-1.365708101252944562e-01	1.478158665447856790e-01	-6.004103378201265384e-01	3.174647585285643170e-01	-1.533784982778957917e-01	1.273715930952956932e-01	-9.940244563904643282e-02	2.268317818454915480e-01	-2.779312469110937767e-01	1.713052137258744556e-01	-1.088414168491379369e-01	9.636743087126334317e-02	-2.190578319818525521e-01	1.803887127540904911e-01	-1.324095362831658740e-01	9.961277845052893265e-02	-1.301520521723246171e-01
1.980968796508777441e-01	-1.874913451570716927e-01	1.437161004351330817e-01	-8.601652282323821175e-02	8.309027941862653921e-02	-1.915111287179090127e-01	2.236887585142663670e-01	-1.126217590035600014e-01	8.668263337556950110e-02	-6.981546790423029392e-02	2.224068622878858648e-01	-4.817493045005715180e-01	1.612556891901995304e-01	-1.060626540036659071e-01	9.707998047192849256e-02	-5.016172350765318866e-01	1.000000000000003775e+00	-1.817082993246606493e-01	1.550416619261166529e-01	-1.586947004904858127e-01	2.780586622256748242e-01	-5.127176423160260121e-01	1.650592429627397717e-01	-1.409001664373843166e-01	1.024842871325503529e-01	-1.804654773724099770e-01	2.267996023016622120e-01	-1.793327310190278856e-01	1.084111566046757347e-01	-9.899842109425047165e-02	1.582805555466900438e-01	-1.695598496878142070e-01	1.248393468602723155e-01	-9.869451728985030592e-02	1.259274329789686342e-01
-1.039100474136631508e-01	8.583597556704287979e-02	-1.299396402264623440e-01	9.273106665608028820e-02	-9.254212726604246764e-02	7.530829961434899744e-02	-9.058722044032402332e-02	1.053648557745644754e-01	-1.054137670324977322e-01	8.104376061348331217e-02	-8.748668462796109491e-02	1.157979147719732926e-01	-1.646946696502895879e-01	1.450564317666753478e-01	-1.206503920672431646e-01	1.295295982638870191e-01	-1.817082993246606493e-01	1.000000000000002665e+00	-8.414524930349459586e-01	1.867257560584663356e-01	-1.057416767973359262e-01	1.399788638724004386e-01	-3.496167782150138570e-01	2.029372700960777876e-01	-1.319278252823117559e-01	8.529087034904862807e-02	-1.244422078984971647e-01	1.717248150921859562e-01	-1.271483908246632821e-01	1.141189777268079159e-01	-9.193553015680187845e-02	1.055435019035600858e-01	-1.141628110771345794e-01	1.017494968805608968e-01	-1.365933095851042389e-01
1.089219545530348277e-01	-9.165195908750968512e-02	1.366462034266948955e-01	-1.058700254594013984e-01	1.016898136584277745e-01	-7.881220957937901117e-02	9.225889290398407716e-02	-1.125843624188274938e-01	1.171535810093623092e-01	-9.203428461316964793e-02	8.914406245563591402e-02	-1.185406500580745426e-01	1.578012887028761302e-01	-1.919173058435323098e-01	1.331389255751255496e-01	-1.365708101252944562e-01	1.550416619261166529e-01	-8.414524930349459586e-01	1.000000000000001998e+00	-2.435481678254347859e-01	1.063520096898709633e-01	-1.419543414061263664e-01	2.458413611164080581e-01	-2.318960221533364063e-01	1.444524975264349365e-01	-8.986625360091196613e-02	1.277207109731979817e-01	-1.960010985272310768e-01	1.353236152323278596e-01	-1.294370445061593655e-01	9.643304273044600583e-02	-1.148291189044675642e-01	1.224037235058101913e-01	-1.124569483918372026e-01	1.465804142348378913e-01
-1.559617933219195063e-01	1.157060112768574511e-01	-1.985682636714632410e-01	1.274171147533772752e-01	-1.391852205591740943e-01	9.578612916717677006e-02	-1.146702091702785364e-01	1.278030077051015845e-01	-1.289628480533397403e-01	1.186233403125038638e-01	-1.113464615432421256e-01	1.288503856209985698e-01	-1.832919761731194863e-01	1.540533185610807043e-01	-1.987191648337504057e-01	1.478158665447856790e-01	-1.586947004904858127e-01	1.867257560584663356e-01	-2.435481678254347859e-01	1.000000000000000444e+00	-1.357799530160112567e-01	1.584600052059004227e-01	-2.975521625443587892e-01	2.743450590205239736e-01	-5.789423122485232165e-01	1.279431554628651935e-01	-2.022296841314472071e-01	2.556461596489004173e-01	-3.058847303056434486e-01	2.987880701622783741e-01	-1.567429356781891991e-01	1.793062267488614026e-01	-2.290577943801331839e-01	2.241269680896444683e-01	-4.125760837354753297e-01
1.424476130139798458e-01	-1.167691096068062678e-01	1.077716146336494540e-01	-6.275559701679245261e-02	6.254571509609632707e-02	-1.243121867592812541e-01	1.327553168378372561e-01	-7.627207634248255042e-02	6.282447446785296985e-02	-5.158391624791348190e-02	1.527173860828727470e-01	-1.715290286587555224e-01	1.098955618390446975e-01	-7.497976047771853780e-02	7.322943723201616462e-02	-6.004103378201265384e-01	2.780586622256748242e-01	-1.057416767973359262e-01	1.063520096898709633e-01	-1.357799530160112567e-01	1.000000000000002665e+00	-5.508135832362945905e-01	1.444984044656442701e-01	-1.241147161096358698e-01	9.017475461229954026e-02	-3.981617568369751337e-01	2.745801729994167273e-01	-1.715388967572851753e-01	9.990368696911636204e-02	-8.920531418903425436e-02	2.248415528256049456e-01	-2.016338050013532779e-01	1.268576955593906375e-01	-9.477696590416279099e-02	1.159564905365798038e-01
-1.771702079378558448e-01	1.388726696094618740e-01	-1.313556554897827022e-01	7.585719138365608349e-02	-7.584012134056491994e-02	1.379446133413898823e-01	-1.707496657732608114e-01	9.330926486996225788e-02	-7.676038356474673696e-02	6.254080931649623476e-02	-1.770270957840652803e-01	2.126975859366251609e-01	-1.370242678929863289e-01	9.160328449117580152e-02	-8.908180234477529325e-02	3.174647585285643170e-01	-5.127176423160260121e-01	1.399788638724004386e-01	-1.419543414061263664e-01	1.584600052059004227e-01	-5.508135832362945905e-01	9.999999999999995559e-01	-2.264388577519638734e-01	1.569446987026961726e-01	-1.101535455760598720e-01	2.435827638139447249e-01	-4.236407934379631257e-01	1.927542735213508829e-01	-1.203121484603699720e-01	1.057408316330444020e-01	-2.146352188343075562e-01	2.030050343414390168e-01	-1.434885437616065240e-01	1.090331876804670475e-01	-1.372269484608359957e-01
1.205540239547052139e-01	-9.563667736377398643e-02	1.294772658591050729e-01	-8.459519128853902614e-02	8.519539949445087412e-02	-8.330524376071260506e-02	9.763534533395802628e-02	-9.154035418178292638e-02	8.596305199969742072e-02	-7.264169703798116495e-02	9.683745996506995524e-02	-1.187948858528300039e-01	1.309560305458023211e-01	-1.098691026948702965e-01	1.062270428928451665e-01	-1.533784982778957917e-01	1.650592429627397717e-01	-3.496167782150138570e-01	2.458413611164080581e-01	-2.975521625443587892e-01	1.444984044656442701e-01	-2.264388577519638734e-01	1.000000000000001776e+00	-6.670724724812266970e-01	2.307573850146109606e-01	-1.228669137181409715e-01	1.814326918513694542e-01	-3.826091945212855006e-01	2.325670624335981485e-01	-2.118719825452377581e-01	1.357146453097871630e-01	-1.645197026568566701e-01	1.988481194479682634e-01	-1.871669690383421791e-01	2.181157609185057078e-01
-1.115994097409884200e-01	8.544361339412584466e-02	-1.230859822472453458e-01	7.803342738206460460e-02	-8.075158885101751949e-02	7.367824713854004282e-02	-8.757749665776756731e-02	8.375521584007279696e-02	-8.009681238702659467e-02	6.775726206735450952e-02	-8.662420051832318835e-02	1.021382996820625888e-01	-1.212533512967063770e-01	9.935069717470212947e-02	-1.012371344444980420e-01	1.273715930952956932e-01	-1.409001664373843166e-01	2.029372700960777876e-01	-2.318960221533364063e-01	2.743450590205239736e-01	-1.241147161096358698e-01	1.569446987026961726e-01	-6.670724724812266970e-01	1.000000000000002442e+00	-3.930377637759658316e-01	1.092313222189148364e-01	-1.692697740340506352e-01	2.569191090031644475e-01	-3.833457140633897420e-01	2.535769339327863525e-01	-1.288875368406847688e-01	1.532111247968640511e-01	-2.052769237844539463e-01	2.089435766449089238e-01	-2.620563925973932173e-01
9.369819619837241320e-02	-7.177969818852662776e-02	1.107506802675011642e-01	-7.296984744722979921e-02	7.549465417634183828e-02	-6.008583140771491665e-02	7.076623680447416409e-02	-7.366878467964506350e-02	7.239828767443892699e-02	-6.590265976321575681e-02	6.928388247770064789e-02	-8.153648336136697095e-02	1.044501513660412162e-01	-8.965910470127909371e-02	1.000608514003228783e-01	-9.940244563904643282e-02	1.024842871325503529e-01	-1.319278252823117559e-01	1.444524975264349365e-01	-5.789423122485232165e-01	9.017475461229954026e-02	-1.101535455760598720e-01	2.307573850146109606e-01	-3.930377637759658316e-01	1.000000000000000444e+00	-8.647247861174499339e-02	1.308368887494019972e-01	-2.140891339723096642e-01	2.670846319584004314e-01	-5.949534043770007274e-01	1.032753315883759154e-01	-1.307962644793010665e-01	1.652051365445703912e-01	-1.932334918997417605e-01	2.740885782174291574e-01
-1.145375000617676747e-01	8.941565696786156481e-02	-9.378472926246649022e-02	5.409352255822845457e-02	-5.483168930484375730e-02	8.579472109411566405e-02	-9.753723209547138229e-02	6.355449722278558311e-02	-5.402014534238297472e-02	4.483790419147749839e-02	-1.050744130163065171e-01	1.168105369356755158e-01	-9.187179183694998974e-02	6.389341474708827573e-02	-6.436697192266102596e-02	2.268317818454915480e-01	-1.804654773724099770e-01	8.529087034904862807e-02	-8.986625360091196613e-02	1.279431554628651935e-01	-3.981617568369751337e-01	2.435827638139447249e-01	-1.228669137181409715e-01	1.092313222189148364e-01	-8.647247861174499339e-02	9.999999999999992228e-01	-5.117099340333968183e-01	1.798888213341529596e-01	-1.032046281515115599e-01	8.863652944426490821e-02	-6.530234679114619301e-01	2.804248528670971741e-01	-1.561556767946707946e-01	1.036647362420357599e-01	-1.224810632009604994e-01
1.510918414768350482e-01	-1.241486726370747001e-01	1.320510066152048578e-01	-7.786968248439467277e-02	7.860490683054682792e-02	-1.146283886128529189e-01	1.279374824323590010e-01	-8.961785936797293795e-02	7.712231146664230708e-02	-6.463866421718296451e-02	1.331344623273654493e-01	-1.609476542937638699e-01	1.280573275576728232e-01	-9.197030129459299319e-02	9.271565529098121927e-02	-2.779312469110937767e-01	2.267996023016622120e-01	-1.244422078984971647e-01	1.277207109731979817e-01	-2.022296841314472071e-01	2.745801729994167273e-01	-4.236407934379631257e-01	1.814326918513694542e-01	-1.692697740340506352e-01	1.308368887494019972e-01	-5.117099340333968183e-01	1.000000000000000222e+00	-3.089913842840913416e-01	1.524964894036741625e-01	-1.354575521476351352e-01	3.090047570650172326e-01	-4.757342386797737133e-01	2.226358106299581308e-01	-1.575737419411760709e-01	1.772134950393458586e-01
-1.591705568115213965e-01	1.167386178554405962e-01	-1.644701242084976867e-01	9.528533496180849327e-02	-9.993382892673656481e-02	9.999170996118174337e-02	-1.186939185735176039e-01	1.057509336897558688e-01	-9.633404239584421325e-02	8.092906227795262919e-02	-1.182918041455263136e-01	1.339109914309401794e-01	-1.540024437453973993e-01	1.139498047251804591e-01	-1.193458056987438537e-01	1.713052137258744556e-01	-1.793327310190278856e-01	1.717248150921859562e-01	-1.960010985272310768e-01	2.556461596489004173e-01	-1.715388967572851753e-01	1.927542735213508829e-01	-3.826091945212855006e-01	2.569191090031644475e-01	-2.140891339723096642e-01	1.798888213341529596e-01	-3.089913842840913416e-01	9.999999999999997780e-01	-3.102002925934225774e-01	2.196690831144407219e-01	-2.442162720390899933e-01	2.740335586326032580e-01	-5.571330705262145244e-01	2.765474719262818182e-01	-3.619755996861692138e-01
9.677033333048001840e-02	-7.445086101574968640e-02	1.077297748160213620e-01	-6.793964978126894316e-02	6.992085122975724709e-02	-6.288212338589528605e-02	7.346182877073376138e-02	-7.118146043118048216e-02	6.743630835315525540e-02	-5.901191472155096346e-02	7.254893537173917606e-02	-8.501273208441371965e-02	1.015131982445890424e-01	-8.240741031930284843e-02	8.746642269649534951e-02	-1.088414168491379369e-01	1.084111566046757347e-01	-1.271483908246632821e-01	1.353236152323278596e-01	-3.058847303056434486e-01	9.990368696911636204e-02	-1.203121484603699720e-01	2.325670624335981485e-01	-3.833457140633897420e-01	2.670846319584004314e-01	-1.032046281515115599e-01	1.524964894036741625e-01	-3.102002925934225774e-01	1.000000000000000888e+00	-4.970681429347206248e-01	1.260619579588734274e-01	-1.847079423004226728e-01	2.554387095002831898e-01	-5.671450288856983990e-01	3.200231491463297884e-01
-9.106261791746846079e-02	6.891439486074223131e-02	-1.050475961875122211e-01	6.555933528420056222e-02	-6.871024740495444705e-02	5.787890105208615826e-02	-6.824733921676989779e-02	6.844206469673141946e-02	-6.549446114232461424e-02	5.752054410990914413e-02	-6.709255819237124052e-02	7.800239589535611084e-02	-9.812439255991757536e-02	7.908747871599067225e-02	-8.690035236593859902e-02	9.636743087126334317e-02	-9.899842109425047165e-02	1.141189777268079159e-01	-1.294370445061593655e-01	2.987880701622783741e-01	-8.920531418903425436e-02	1.057408316330444020e-01	-2.118719825452377581e-01	2.535769339327863525e-01	-5.949534043770007274e-01	8.863652944426490821e-02	-1.354575521476351352e-01	2.196690831144407219e-01	-4.970681429347206248e-01	1.000000000000000444e+00	-1.092634549816531991e-01	1.419585906210208415e-01	-2.001051444942199553e-01	2.583128877443678917e-01	-4.824134225163618783e-01
1.135517306370528168e-01	-9.082006593571803621e-02	1.004853367532909658e-01	-5.888939820191207986e-02	5.981494520179345131e-02	-8.440957333048555722e-02	9.376474377560761742e-02	-6.731969618074125361e-02	5.839186279362058168e-02	-4.904730992370648357e-02	9.896475634278373290e-02	-1.134512600097945245e-01	9.650502123621457207e-02	-6.934924221563779079e-02	7.064787480535358877e-02	-2.190578319818525521e-01	1.582805555466900438e-01	-9.193553015680187845e-02	9.643304273044600583e-02	-1.567429356781891991e-01	2.248415528256049456e-01	-2.146352188343075562e-01	1.357146453097871630e-01	-1.288875368406847688e-01	1.032753315883759154e-01	-6.530234679114619301e-01	3.090047570650172326e-01	-2.442162720390899933e-01	1.260619579588734274e-01	-1.092634549816531991e-01	1.000000000000000444e+00	-5.526534706851321532e-01	2.060516187366841223e-01	-1.372500549739338882e-01	1.472720498236599340e-01
-1.309800951130546121e-01	9.866508733896066363e-02	-1.181054794306873323e-01	6.800702044513534661e-02	-7.007722723190236425e-02	8.848636462077455467e-02	-1.031143195766343751e-01	7.741956078509158734e-02	-6.790515087335272093e-02	5.700300173704414552e-02	-1.060247176634427635e-01	1.189913538970765322e-01	-1.119986606040382221e-01	7.997837424003997886e-02	-8.284913687949549410e-02	1.803887127540904911e-01	-1.695598496878142070e-01	1.055435019035600858e-01	-1.148291189044675642e-01	1.793062267488614026e-01	-2.016338050013532779e-01	2.030050343414390168e-01	-1.645197026568566701e-01	1.532111247968640511e-01	-1.307962644793010665e-01	2.804248528670971741e-01	-4.757342386797737133e-01	2.740335586326032580e-01	-1.847079423004226728e-01	1.419585906210208415e-01	-5.526534706851321532e-01	1.000000000000000666e+00	-4.674607928370810850e-01	2.006398401792689745e-01	-2.212663352545813367e-01
1.079733449930063427e-01	-8.273961576160698828e-02	1.112130475421664322e-01	-6.690177543331943255e-02	6.894574530848184002e-02	-7.116139315136857380e-02	8.250746956260295029e-02	-7.266601337232073132e-02	6.645521777415977493e-02	-5.695101238359448481e-02	8.270677923418640054e-02	-9.547370389931925105e-02	1.042602711550774386e-01	-7.965487259920298047e-02	8.345420372489648075e-02	-1.324095362831658740e-01	1.248393468602723155e-01	-1.141628110771345794e-01	1.224037235058101913e-01	-2.290577943801331839e-01	1.268576955593906375e-01	-1.434885437616065240e-01	1.988481194479682634e-01	-2.052769237844539463e-01	1.652051365445703912e-01	-1.561556767946707946e-01	2.226358106299581308e-01	-5.571330705262145244e-01	2.554387095002831898e-01	-2.001051444942199553e-01	2.060516187366841223e-01	-4.674607928370810850e-01	1.000000000000000444e+00	-5.004460549404143865e-01	2.720268036321055183e-01
-8.765528421720049368e-02	6.666161355528878174e-02	-9.464822705941794423e-02	5.798967524583498873e-02	-6.001188917726648503e-02	5.668651289208848781e-02	-6.633072707758659592e-02	6.187042971847366013e-02	-5.773928657002726228e-02	4.993605218481422803e-02	-6.588885974835220760e-02	7.620764677244235008e-02	-8.874020325222972683e-02	6.963156701432250684e-02	-7.385098159704922560e-02	9.961277845052893265e-02	-9.869451728985030592e-02	1.017494968805608968e-01	-1.124569483918372026e-01	2.241269680896444683e-01	-9.477696590416279099e-02	1.090331876804670475e-01	-1.871669690383421791e-01	2.089435766449089238e-01	-1.932334918997417605e-01	1.036647362420357599e-01	-1.575737419411760709e-01	2.765474719262818182e-01	-5.671450288856983990e-01	2.583128877443678917e-01	-1.372500549739338882e-01	2.006398401792689745e-01	-5.004460549404143865e-01	1.000000000000000666e+00	-5.192504291362444180e-01
1.189505371455100158e-01	-9.178634510452549078e-02	1.351320466619359006e-01	-8.531961043529992517e-02	8.755677310832535309e-02	-7.645679431266408366e-02	8.883781873966994924e-02	-8.817668823118118837e-02	8.362233070859001471e-02	-7.410757062427181241e-02	8.735154094822461524e-02	-1.022428883944181965e-01	1.251102224335120805e-01	-1.016391676890950752e-01	1.094268652868532338e-01	-1.301520521723246171e-01	1.259274329789686342e-01	-1.365933095851042389e-01	1.465804142348378913e-01	-4.125760837354753297e-01	1.159564905365798038e-01	-1.372269484608359957e-01	2.181157609185057078e-01	-2.620563925973932173e-01	2.740885782174291574e-01	-1.224810632009604994e-01	1.772134950393458586e-01	-3.619755996861692138e-01	3.200231491463297884e-01	-4.824134225163618783e-01	1.472720498236599340e-01	-2.212663352545813367e-01	2.720268036321055183e-01	-5.192504291362444180e-01	1.000000000000000444e+00
