1.000000000000000000e+00	-4.922116312200963129e-01	2.529419277998433691e-01	-1.586225796817425926e-01	1.007914873319661758e-01	-7.329226486223537895e-01	2.217768492531729807e-01	-1.521759307620797197e-01	1.312208207682053762e-01	-1.124061288543598131e-01	2.112209262546036470e-01	-1.968021549554732630e-01	9.381365918069324572e-02	-1.163811342246774405e-01	9.836879767397604946e-02	-1.525092475831252292e-01	1.269270215400651325e-01	-1.005939080168041649e-01	8.744400162737257787e-02	-8.992894830001607609e-02	1.390725685255684019e-01	-1.050897184737243917e-01	1.297713001243976927e-01	-9.734607369967407386e-02	8.776863904279434692e-02	-5.449545655249737192e-02	5.656832400123226745e-02	-3.895259225291190092e-02	3.760501352612333203e-02	-5.238426843832375002e-02	3.644086314459785148e-02	-4.664890420470441112e-02	2.990597755923446108e-02	-2.856694193790518949e-02	7.434607985858451840e-02
-4.922116312200963129e-01	1.000000000000000444e+00	-6.899901084998916190e-01	2.084971040876768544e-01	-1.425749781787426507e-01	2.687697825747135116e-01	-3.102831569466473760e-01	1.994364491299745468e-01	-1.780190986024841604e-01	1.385178505870318100e-01	-1.705203206461382293e-01	1.575653285074496146e-01	-1.019824335354580086e-01	1.322511366127914478e-01	-1.241805391473825432e-01	1.239196892838546199e-01	-1.183128411107294969e-01	1.052720813101691300e-01	-1.013421006458149060e-01	1.057716223283209633e-01	-1.407708939942871607e-01	1.013877330683556899e-01	-1.400763468347401286e-01	1.091003793681474959e-01	-1.048043972672754454e-01	5.337448973369961214e-02	-5.614132765683788051e-02	4.154538195083107982e-02	-4.121142908990539644e-02	6.172507602793778081e-02	-3.628564318309313030e-02	4.589842783490845346e-02	-3.216199354046295200e-02	3.122631719896495212e-02	-8.901233421144402747e-02
2.529419277998433691e-01	-6.899901084998916190e-01	1.000000000000000444e+00	-3.817748090361140489e-01	1.880442993325647794e-01	-2.752701989004548433e-01	2.678601360472629977e-01	-3.003832338590343154e-01	2.175381248813786361e-01	-1.957847378361476653e-01	1.605622011766673629e-01	-1.697871978186387687e-01	1.180762931492747997e-01	-1.651078055411894230e-01	1.509422013686095576e-01	-1.331723187519715246e-01	1.252810003063089261e-01	-1.244095962907179470e-01	1.214784713973636743e-01	-1.337760124480025792e-01	1.473713001416955826e-01	-1.113389866645216469e-01	1.541146236140087389e-01	-1.324157257871225180e-01	1.232663033672291159e-01	-5.990595180086122351e-02	6.217954790314917518e-02	-4.796339987830858242e-02	4.772838494740681142e-02	-7.303219902263249907e-02	4.053007819022610286e-02	-5.150159664148806771e-02	3.687405626387180169e-02	-3.637883216296832617e-02	1.029610050323753884e-01
-1.586225796817425926e-01	2.084971040876768544e-01	-3.817748090361140489e-01	9.999999999999996669e-01	-6.380147782830797309e-01	1.538740569858906004e-01	-2.815265251198726948e-01	2.244784102171340223e-01	-3.248432728980640283e-01	3.034827460734035309e-01	-1.369861315125495416e-01	1.427603386258517182e-01	-1.318914309127903473e-01	1.868231983806323826e-01	-2.608015565083694476e-01	1.174764950970204336e-01	-1.217062421932441768e-01	1.319087103234131420e-01	-1.541387012972917359e-01	1.805849482248321480e-01	-1.532889490893511175e-01	1.118657107587282817e-01	-1.735145767984861698e-01	1.570003018362686187e-01	-1.750171215911109357e-01	6.026344278179610742e-02	-6.369534918981095695e-02	5.396472734478235250e-02	-5.605959742443158977e-02	9.984405345012134503e-02	-4.149260460076062418e-02	5.211723554314540152e-02	-4.218868701460014303e-02	4.265963467111544283e-02	-1.464515721532985704e-01
1.007914873319661758e-01	-1.425749781787426507e-01	1.880442993325647794e-01	-6.380147782830797309e-01	1.000000000000000000e+00	-1.070724101866176586e-01	1.775087339228660077e-01	-1.668386900724956323e-01	2.100330787563357005e-01	-6.343800576488590748e-01	9.335607773524229325e-02	-1.012716333329718998e-01	9.757325869083265102e-02	-1.502202936923552334e-01	2.276553279203067381e-01	-8.353621082523382535e-02	8.597342093653363715e-02	-1.014433988871696890e-01	1.190404211599919715e-01	-1.778524215483456572e-01	1.067880237460904491e-01	-8.053965132604949673e-02	1.236523748423610514e-01	-1.267311370064538589e-01	1.325212823783266936e-01	-4.404255925216777473e-02	4.607722289023166717e-02	-4.052491208195821426e-02	4.198450822147956757e-02	-7.712030555110546692e-02	3.015483753316553633e-02	-3.807617064555687825e-02	3.128391550318218584e-02	-3.223212945482906849e-02	1.053463248477501946e-01
-7.329226486223537895e-01	2.687697825747135116e-01	-2.752701989004548433e-01	1.538740569858906004e-01	-1.070724101866176586e-01	1.000000000000000222e+00	-3.096178863971068562e-01	1.640858120703133083e-01	-1.484421983282183943e-01	1.152858253748207940e-01	-3.746853188359037801e-01	2.222735224175050595e-01	-1.070209909729041564e-01	1.261797531080343926e-01	-1.075836991127844949e-01	1.778124936565285696e-01	-1.552256081304100310e-01	1.118335957131933039e-01	-9.679217526433683827e-02	9.609553863317092659e-02	-1.730721315806765248e-01	1.218498098346589148e-01	-1.524895283461792372e-01	1.061995879300329099e-01	-9.738531949742527949e-02	6.173518610983309146e-02	-6.529171697400108776e-02	4.362385957106636875e-02	-4.209884217515597049e-02	5.779481800233347843e-02	-4.160425537569041599e-02	5.290777785999385696e-02	-3.369059611324334153e-02	3.181376291296040409e-02	-8.301762395788710169e-02
2.217768492531729807e-01	-3.102831569466473760e-01	2.678601360472629977e-01	-2.815265251198726948e-01	1.775087339228660077e-01	-3.096178863971068562e-01	1.000000000000000222e+00	-5.467545287160442413e-01	2.919193616366698163e-01	-2.263550193904540764e-01	2.245175006684130836e-01	-3.188250011566710063e-01	1.737646803813931717e-01	-2.492077535528342547e-01	1.822634983151201482e-01	-1.902179551714215933e-01	1.886593999454873605e-01	-1.875073827488011324e-01	1.702925643710322956e-01	-1.757954382426885342e-01	2.052979930050725377e-01	-1.632954448150720217e-01	2.156539198736787954e-01	-1.902393086459662763e-01	1.619702391154745069e-01	-8.702807271730532424e-02	8.976635268824879887e-02	-6.807246901206813472e-02	6.695170159891987438e-02	-9.682690195417877066e-02	5.842803079084999546e-02	-7.469303705758811862e-02	5.191404517549652597e-02	-5.114716407644939039e-02	1.343843819617722146e-01
-1.521759307620797197e-01	1.994364491299745468e-01	-3.003832338590343154e-01	2.244784102171340223e-01	-1.668386900724956323e-01	1.640858120703133083e-01	-5.467545287160442413e-01	1.000000000000000888e+00	-6.599895523472935066e-01	1.944951692343959981e-01	-1.430656889381584362e-01	1.631885949733420937e-01	-1.587420463176294483e-01	2.194252249555500023e-01	-1.617105107737231984e-01	1.203715256841648984e-01	-1.263125849874590645e-01	1.449811088425037309e-01	-1.532655716010045965e-01	1.390128132523886506e-01	-1.452055424123643579e-01	1.110062927744312616e-01	-1.648362413767022749e-01	1.471428293696344924e-01	-1.343847656370822929e-01	5.884047812653604020e-02	-6.187031879596716077e-02	4.967249244780076733e-02	-5.052111624630088033e-02	7.773464957493943228e-02	-4.007612441555916116e-02	5.072206524304341546e-02	-3.833513992635869533e-02	3.823129080765216847e-02	-1.103790475185807141e-01
1.312208207682053762e-01	-1.780190986024841604e-01	2.175381248813786361e-01	-3.248432728980640283e-01	2.100330787563357005e-01	-1.484421983282183943e-01	2.919193616366698163e-01	-6.599895523472935066e-01	1.000000000000000888e+00	-3.150928431139777830e-01	1.330577053831548395e-01	-1.557774040954574002e-01	1.745318365467855015e-01	-3.818994602329005006e-01	1.970562450151647771e-01	-1.208818580432291234e-01	1.260827489224030928e-01	-1.723629030685975838e-01	1.933073526752726867e-01	-1.788869970564782030e-01	1.480397596979262653e-01	-1.164928036677298911e-01	1.759630869029109312e-01	-1.894495728824426017e-01	1.583437600163074832e-01	-6.279168488772964019e-02	6.546920865025376846e-02	-5.616013801588563142e-02	5.782038460576806316e-02	-9.154250898274085557e-02	4.264209823068476624e-02	-5.417471389115380287e-02	4.294867191072564150e-02	-4.407870808120292055e-02	1.261006243295826335e-01
-1.124061288543598131e-01	1.385178505870318100e-01	-1.957847378361476653e-01	3.034827460734035309e-01	-6.343800576488590748e-01	1.152858253748207940e-01	-2.263550193904540764e-01	1.944951692343959981e-01	-3.150928431139777830e-01	9.999999999999985567e-01	-1.103807369109513908e-01	1.186737087801060520e-01	-1.215885903699402276e-01	1.826715207849016753e-01	-4.737040087097987850e-01	9.864135720221625658e-02	-1.038426615573379980e-01	1.226535448589268912e-01	-1.568758491142016598e-01	2.317587165065733146e-01	-1.302405549457357203e-01	9.740451993382638618e-02	-1.540608425204319509e-01	1.584054965442197871e-01	-1.866765078803680755e-01	5.294640630004295717e-02	-5.580148153088165114e-02	5.011824434549747020e-02	-5.284816054341843344e-02	1.033122498918170873e-01	-3.641105471098341623e-02	4.584949072481982885e-02	-3.905785806890754719e-02	4.050011031970451175e-02	-1.456799562896146649e-01
2.112209262546036470e-01	-1.705203206461382293e-01	1.605622011766673629e-01	-1.369861315125495416e-01	9.335607773524229325e-02	-3.746853188359037801e-01	2.245175006684130836e-01	-1.430656889381584362e-01	1.330577053831548395e-01	-1.103807369109513908e-01	1.000000000000000222e+00	-6.310006663298244334e-01	1.434604775103995866e-01	-1.454006797832436970e-01	1.069495945417199417e-01	-4.891958743421718214e-01	2.823671557686310840e-01	-1.569510634800130033e-01	1.102050284761146026e-01	-1.021501341164455512e-01	2.531167426004256593e-01	-1.998711543100405996e-01	1.961265908565645588e-01	-1.244032504477515511e-01	1.047491651537313662e-01	-9.343365702278499940e-02	9.763820263002133404e-02	-5.631283359971787222e-02	5.184481321906733026e-02	-6.283659824489347401e-02	6.096683931711477378e-02	-7.946596637594416368e-02	4.299242209919502955e-02	-3.927798668784411584e-02	8.879009969396386981e-02
-1.968021549554732630e-01	1.575653285074496146e-01	-1.697871978186387687e-01	1.427603386258517182e-01	-1.012716333329718998e-01	2.222735224175050595e-01	-3.188250011566710063e-01	1.631885949733420937e-01	-1.557774040954574002e-01	1.186737087801060520e-01	-6.310006663298244334e-01	1.000000000000001776e+00	-2.023413929247971366e-01	1.652239488593679473e-01	-1.196472949253193085e-01	3.051703786665104223e-01	-4.781995918094216758e-01	1.887133401462324778e-01	-1.281703293825237899e-01	1.125706956111966750e-01	-2.925872055317503273e-01	2.284613013449732777e-01	-2.470102924062991534e-01	1.390213283169341729e-01	-1.187770320443784222e-01	1.022621182776032589e-01	-1.139302637704403820e-01	6.340903113445561790e-02	-5.883475157307500175e-02	7.040262939815532250e-02	-6.868348778808132382e-02	8.752165895101360338e-02	-4.893509679013115926e-02	4.413329230884963095e-02	-1.004354600305264189e-01
9.381365918069324572e-02	-1.019824335354580086e-01	1.180762931492747997e-01	-1.318914309127903473e-01	9.757325869083265102e-02	-1.070209909729041564e-01	1.737646803813931717e-01	-1.587420463176294483e-01	1.745318365467855015e-01	-1.215885903699402276e-01	1.434604775103995866e-01	-2.023413929247971366e-01	9.999999999999983347e-01	-4.297817193593698182e-01	1.353697150971420182e-01	-1.472454626916740728e-01	1.766234292433358499e-01	-7.793168336178964983e-01	2.226170814518756702e-01	-1.389494888547325724e-01	1.632292798659457644e-01	-1.518128639805221003e-01	2.245172443161077558e-01	-1.975406008979583572e-01	1.421184042281676552e-01	-7.443992815800806739e-02	7.794710313867124485e-02	-6.021723592486553228e-02	5.978290152992123824e-02	-8.155632848338383034e-02	4.938997716308552582e-02	-6.392067307328717918e-02	4.550778799930697838e-02	-4.520656902984569736e-02	1.120401868487475999e-01
-1.163811342246774405e-01	1.322511366127914478e-01	-1.651078055411894230e-01	1.868231983806323826e-01	-1.502202936923552334e-01	1.261797531080343926e-01	-2.492077535528342547e-01	2.194252249555500023e-01	-3.818994602329005006e-01	1.826715207849016753e-01	-1.454006797832436970e-01	1.652239488593679473e-01	-4.297817193593698182e-01	9.999999999999994449e-01	-2.286462070870348973e-01	1.388844038802272696e-01	-1.594819536855647535e-01	2.733964776319035006e-01	-5.513846288185131339e-01	2.139405484046823236e-01	-1.854521349605274538e-01	1.480807078632063734e-01	-2.587962536805031299e-01	2.810232430853856767e-01	-2.349633889594201497e-01	7.718278424439359298e-02	-8.251507956610404371e-02	7.508386854649047593e-02	-8.170131074237607649e-02	1.260783599838013191e-01	-5.290794406230017038e-02	6.687947463251919800e-02	-5.822307630172644105e-02	6.043402085137340729e-02	-1.796807164560976222e-01
9.836879767397604946e-02	-1.241805391473825432e-01	1.509422013686095576e-01	-2.608015565083694476e-01	2.276553279203067381e-01	-1.075836991127844949e-01	1.822634983151201482e-01	-1.617105107737231984e-01	1.970562450151647771e-01	-4.737040087097987850e-01	1.069495945417199417e-01	-1.196472949253193085e-01	1.353697150971420182e-01	-2.286462070870348973e-01	1.000000000000000444e+00	-1.023630388669033858e-01	1.078800778715955783e-01	-1.478573555764998437e-01	2.047047854724170501e-01	-6.600988261034166360e-01	1.340177755358208933e-01	-1.054516237396983247e-01	1.663797061832939794e-01	-2.250768653552645548e-01	2.443115556385231923e-01	-5.880253927920221779e-02	6.110237221550258307e-02	-6.018477057732227187e-02	6.365640063658273284e-02	-1.430707077941456851e-01	4.015988819129203552e-02	-5.096334547167487294e-02	4.585431894079138732e-02	-4.968513604287620733e-02	1.665571629743821669e-01
-1.525092475831252292e-01	1.239196892838546199e-01	-1.331723187519715246e-01	1.174764950970204336e-01	-8.353621082523382535e-02	1.778124936565285696e-01	-1.902179551714215933e-01	1.203715256841648984e-01	-1.208818580432291234e-01	9.864135720221625658e-02	-4.891958743421718214e-01	3.051703786665104223e-01	-1.472454626916740728e-01	1.388844038802272696e-01	-1.023630388669033858e-01	1.000000000000000222e+00	-5.446244648622623474e-01	1.631398301273971341e-01	-1.109377664680276515e-01	9.792260143415812412e-02	-5.337495289846814206e-01	2.680650398400715173e-01	-2.432894960246971827e-01	1.257168802650633077e-01	-1.048179780477771911e-01	1.137939384144756594e-01	-1.264853895825517049e-01	6.320786259198510337e-02	-5.678571581038852761e-02	6.267757654845224069e-02	-7.504796871912478018e-02	9.673984109105032703e-02	-4.856465622337564209e-02	4.266222510654139183e-02	-8.911335596612010579e-02
1.269270215400651325e-01	-1.183128411107294969e-01	1.252810003063089261e-01	-1.217062421932441768e-01	8.597342093653363715e-02	-1.552256081304100310e-01	1.886593999454873605e-01	-1.263125849874590645e-01	1.260827489224030928e-01	-1.038426615573379980e-01	2.823671557686310840e-01	-4.781995918094216758e-01	1.766234292433358499e-01	-1.594819536855647535e-01	1.078800778715955783e-01	-5.446244648622623474e-01	9.999999999999987788e-01	-2.382376648394031737e-01	1.248338517479003623e-01	-1.061233006884609448e-01	3.097857310013417687e-01	-4.833192580515680570e-01	2.638978020294200366e-01	-1.424700540663538517e-01	1.120912806653174554e-01	-1.434920322329165943e-01	1.556212708443721338e-01	-7.195299881088869365e-02	6.291417056475238911e-02	-6.720164597640906901e-02	8.936448538989033574e-02	-1.215295068267238654e-01	5.446142619590592371e-02	-4.760470765496206680e-02	9.416341686211504580e-02
-1.005939080168041649e-01	1.052720813101691300e-01	-1.244095962907179470e-01	1.319087103234131420e-01	-1.014433988871696890e-01	1.118335957131933039e-01	-1.875073827488011324e-01	1.449811088425037309e-01	-1.723629030685975838e-01	1.226535448589268912e-01	-1.569510634800130033e-01	1.887133401462324778e-01	-7.793168336178964983e-01	2.733964776319035006e-01	-1.478573555764998437e-01	1.631398301273971341e-01	-2.382376648394031737e-01	9.999999999999987788e-01	-2.608515863320760575e-01	1.437699928707479036e-01	-1.961366656568498124e-01	1.793943887797181946e-01	-3.283441137505155871e-01	1.974560530507535605e-01	-1.579960448703842668e-01	8.432677343557855310e-02	-9.125494859375009316e-02	6.760362197889541180e-02	-6.685541899481195482e-02	8.896898469199440718e-02	-5.655098333652602838e-02	7.255577901534798757e-02	-5.183803543862806895e-02	4.975346750950943725e-02	-1.261030192648318060e-01
8.744400162737257787e-02	-1.013421006458149060e-01	1.214784713973636743e-01	-1.541387012972917359e-01	1.190404211599919715e-01	-9.679217526433683827e-02	1.702925643710322956e-01	-1.532655716010045965e-01	1.933073526752726867e-01	-1.568758491142016598e-01	1.102050284761146026e-01	-1.281703293825237899e-01	2.226170814518756702e-01	-5.513846288185131339e-01	2.047047854724170501e-01	-1.109377664680276515e-01	1.248338517479003623e-01	-2.608515863320760575e-01	9.999999999999990008e-01	-3.049909780174707707e-01	1.436707440921169421e-01	-1.240049491602614323e-01	2.108192030856470001e-01	-6.226373393230422160e-01	2.462602985579592230e-01	-6.589456971024380827e-02	6.929283918139349241e-02	-7.586781744711076914e-02	8.661178330111905799e-02	-1.316804543498223956e-01	4.470299095759563274e-02	-5.724315705781617136e-02	5.636620500715364135e-02	-6.578531925525329949e-02	1.637516547272042100e-01
-8.992894830001607609e-02	1.057716223283209633e-01	-1.337760124480025792e-01	1.805849482248321480e-01	-1.778524215483456572e-01	9.609553863317092659e-02	-1.757954382426885342e-01	1.390128132523886506e-01	-1.788869970564782030e-01	2.317587165065733146e-01	-1.021501341164455512e-01	1.125706956111966750e-01	-1.389494888547325724e-01	2.139405484046823236e-01	-6.600988261034166360e-01	9.792260143415812412e-02	-1.061233006884609448e-01	1.437699928707479036e-01	-3.049909780174707707e-01	1.000000000000001998e+00	-1.327787017431633909e-01	1.043218312673449416e-01	-1.751076777425464581e-01	2.530842220722726021e-01	-4.700175519308968930e-01	5.746487343338856774e-02	-6.052597539586210967e-02	6.328383083766506156e-02	-7.060450114279723244e-02	1.885543491372378144e-01	-3.952684124247302783e-02	4.999509182830995380e-02	-4.937331664546369681e-02	5.479970722472389533e-02	-2.404745952864464631e-01
1.390725685255684019e-01	-1.407708939942871607e-01	1.473713001416955826e-01	-1.532889490893511175e-01	1.067880237460904491e-01	-1.730721315806765248e-01	2.052979930050725377e-01	-1.452055424123643579e-01	1.480397596979262653e-01	-1.302405549457357203e-01	2.531167426004256593e-01	-2.925872055317503273e-01	1.632292798659457644e-01	-1.854521349605274538e-01	1.340177755358208933e-01	-5.337495289846814206e-01	3.097857310013417687e-01	-1.961366656568498124e-01	1.436707440921169421e-01	-1.327787017431633909e-01	9.999999999999992228e-01	-4.836454746006632055e-01	2.934525033930783788e-01	-1.755891831020802152e-01	1.396697640885055103e-01	-1.926542803833350692e-01	1.874609669040285254e-01	-9.325474715124283664e-02	8.070664105001247590e-02	-8.550231580949235743e-02	1.172474867732579279e-01	-1.602796241844283154e-01	6.999638107850877922e-02	-6.174092434488243075e-02	1.196697993491963874e-01
-1.050897184737243917e-01	1.013877330683556899e-01	-1.113389866645216469e-01	1.118657107587282817e-01	-8.053965132604949673e-02	1.218498098346589148e-01	-1.632954448150720217e-01	1.110062927744312616e-01	-1.164928036677298911e-01	9.740451993382638618e-02	-1.998711543100405996e-01	2.284613013449732777e-01	-1.518128639805221003e-01	1.480807078632063734e-01	-1.054516237396983247e-01	2.680650398400715173e-01	-4.833192580515680570e-01	1.793943887797181946e-01	-1.240049491602614323e-01	1.043218312673449416e-01	-4.836454746006632055e-01	9.999999999999981126e-01	-5.174719451880032128e-01	1.504672106204032744e-01	-1.155437216181629673e-01	2.025823569898138332e-01	-3.350400715325835277e-01	9.370879128674734770e-02	-7.787058693175606672e-02	6.900260690516545059e-02	-1.337040299822640499e-01	1.738977435882129163e-01	-7.196222829433511492e-02	5.779573274050277959e-02	-9.693629823078757368e-02
1.297713001243976927e-01	-1.400763468347401286e-01	1.541146236140087389e-01	-1.735145767984861698e-01	1.236523748423610514e-01	-1.524895283461792372e-01	2.156539198736787954e-01	-1.648362413767022749e-01	1.759630869029109312e-01	-1.540608425204319509e-01	1.961265908565645588e-01	-2.470102924062991534e-01	2.245172443161077558e-01	-2.587962536805031299e-01	1.663797061832939794e-01	-2.432894960246971827e-01	2.638978020294200366e-01	-3.283441137505155871e-01	2.108192030856470001e-01	-1.751076777425464581e-01	2.934525033930783788e-01	-5.174719451880032128e-01	9.999999999999993339e-01	-3.104122719356400273e-01	1.884988005336138694e-01	-1.919928229014237486e-01	1.925997532360319842e-01	-1.420773811811751330e-01	1.141631952099038810e-01	-1.142142083138025233e-01	1.189619862530898881e-01	-1.632781875137581662e-01	9.846026807213945076e-02	-8.716501173578534989e-02	1.531917773998535959e-01
-9.734607369967407386e-02	1.091003793681474959e-01	-1.324157257871225180e-01	1.570003018362686187e-01	-1.267311370064538589e-01	1.061995879300329099e-01	-1.902393086459662763e-01	1.471428293696344924e-01	-1.894495728824426017e-01	1.584054965442197871e-01	-1.244032504477515511e-01	1.390213283169341729e-01	-1.975406008979583572e-01	2.810232430853856767e-01	-2.250768653552645548e-01	1.257168802650633077e-01	-1.424700540663538517e-01	1.974560530507535605e-01	-6.226373393230422160e-01	2.530842220722726021e-01	-1.755891831020802152e-01	1.504672106204032744e-01	-3.104122719356400273e-01	9.999999999999990008e-01	-4.566853208579517709e-01	7.992591170750591723e-02	-8.561657311678033677e-02	1.048648323699866020e-01	-1.406603853114644642e-01	1.894181754207834023e-01	-5.486855738003144911e-02	6.986947987037329943e-02	-7.976623334453164516e-02	9.515790314178346199e-02	-2.521157233248825236e-01
8.776863904279434692e-02	-1.048043972672754454e-01	1.232663033672291159e-01	-1.750171215911109357e-01	1.325212823783266936e-01	-9.738531949742527949e-02	1.619702391154745069e-01	-1.343847656370822929e-01	1.583437600163074832e-01	-1.866765078803680755e-01	1.047491651537313662e-01	-1.187770320443784222e-01	1.421184042281676552e-01	-2.349633889594201497e-01	2.443115556385231923e-01	-1.048179780477771911e-01	1.120912806653174554e-01	-1.579960448703842668e-01	2.462602985579592230e-01	-4.700175519308968930e-01	1.396697640885055103e-01	-1.155437216181629673e-01	1.884988005336138694e-01	-4.566853208579517709e-01	9.999999999999990008e-01	-6.551891199155011891e-02	6.787939833292853942e-02	-8.014953098282295851e-02	8.944075200063017483e-02	-4.942239271322212968e-01	4.469907491050793130e-02	-5.710470684933231789e-02	6.060754686153595194e-02	-7.232079454634338100e-02	2.989219988271679118e-01
-5.449545655249737192e-02	5.337448973369961214e-02	-5.990595180086122351e-02	6.026344278179610742e-02	-4.404255925216777473e-02	6.173518610983309146e-02	-8.702807271730532424e-02	5.884047812653604020e-02	-6.279168488772964019e-02	5.294640630004295717e-02	-9.343365702278499940e-02	1.022621182776032589e-01	-7.443992815800806739e-02	7.718278424439359298e-02	-5.880253927920221779e-02	1.137939384144756594e-01	-1.434920322329165943e-01	8.432677343557855310e-02	-6.589456971024380827e-02	5.746487343338856774e-02	-1.926542803833350692e-01	2.025823569898138332e-01	-1.919928229014237486e-01	7.992591170750591723e-02	-6.551891199155011891e-02	1.000000000000000000e+00	-6.492128037383871897e-01	1.024908532615970841e-01	-8.049917205357502714e-02	4.028770899040038517e-02	-6.008084170041156913e-01	3.293885277787409471e-01	-8.580405105195994253e-02	5.817707143691534105e-02	-5.762593997145327301e-02
5.656832400123226745e-02	-5.614132765683788051e-02	6.217954790314917518e-02	-6.369534918981095695e-02	4.607722289023166717e-02	-6.529171697400108776e-02	8.976635268824879887e-02	-6.187031879596716077e-02	6.546920865025376846e-02	-5.580148153088165114e-02	9.763820263002133404e-02	-1.139302637704403820e-01	7.794710313867124485e-02	-8.251507956610404371e-02	6.110237221550258307e-02	-1.264853895825517049e-01	1.556212708443721338e-01	-9.125494859375009316e-02	6.929283918139349241e-02	-6.052597539586210967e-02	1.874609669040285254e-01	-3.350400715325835277e-01	1.925997532360319842e-01	-8.561657311678033677e-02	6.787939833292853942e-02	-6.492128037383871897e-01	1.000000000000000444e+00	-1.363186381048658857e-01	8.823264407374763196e-02	-4.209108372111711877e-02	3.097893035716561272e-01	-5.462346925655610086e-01	9.840995151033682387e-02	-6.641150327475711657e-02	5.949802348863129225e-02
-3.895259225291190092e-02	4.154538195083107982e-02	-4.796339987830858242e-02	5.396472734478235250e-02	-4.052491208195821426e-02	4.362385957106636875e-02	-6.807246901206813472e-02	4.967249244780076733e-02	-5.616013801588563142e-02	5.011824434549747020e-02	-5.631283359971787222e-02	6.340903113445561790e-02	-6.021723592486553228e-02	7.508386854649047593e-02	-6.018477057732227187e-02	6.320786259198510337e-02	-7.195299881088869365e-02	6.760362197889541180e-02	-7.586781744711076914e-02	6.328383083766506156e-02	-9.325474715124283664e-02	9.370879128674734770e-02	-1.420773811811751330e-01	1.048648323699866020e-01	-8.014953098282295851e-02	1.024908532615970841e-01	-1.363186381048658857e-01	9.999999999999994449e-01	-5.398768208716074879e-01	5.679929251597654050e-02	-8.142537525780099705e-02	1.042568524577151268e-01	-7.363661380540483803e-01	3.193729976127823167e-01	-8.022311397162923408e-02
3.760501352612333203e-02	-4.121142908990539644e-02	4.772838494740681142e-02	-5.605959742443158977e-02	4.198450822147956757e-02	-4.209884217515597049e-02	6.695170159891987438e-02	-5.052111624630088033e-02	5.782038460576806316e-02	-5.284816054341843344e-02	5.184481321906733026e-02	-5.883475157307500175e-02	5.978290152992123824e-02	-8.170131074237607649e-02	6.365640063658273284e-02	-5.678571581038852761e-02	6.291417056475238911e-02	-6.685541899481195482e-02	8.661178330111905799e-02	-7.060450114279723244e-02	8.070664105001247590e-02	-7.787058693175606672e-02	1.141631952099038810e-01	-1.406603853114644642e-01	8.944075200063017483e-02	-8.049917205357502714e-02	8.823264407374763196e-02	-5.398768208716074879e-01	1.000000000000000666e+00	-7.006319435141217244e-02	5.863029616198914273e-02	-7.837908570687568410e-02	3.211979593667921296e-01	-7.420347283606317790e-01	9.257360568693917546e-02
-5.238426843832375002e-02	6.172507602793778081e-02	-7.303219902263249907e-02	9.984405345012134503e-02	-7.712030555110546692e-02	5.779481800233347843e-02	-9.682690195417877066e-02	7.773464957493943228e-02	-9.154250898274085557e-02	1.033122498918170873e-01	-6.283659824489347401e-02	7.040262939815532250e-02	-8.155632848338383034e-02	1.260783599838013191e-01	-1.430707077941456851e-01	6.267757654845224069e-02	-6.720164597640906901e-02	8.896898469199440718e-02	-1.316804543498223956e-01	1.885543491372378144e-01	-8.550231580949235743e-02	6.900260690516545059e-02	-1.142142083138025233e-01	1.894181754207834023e-01	-4.942239271322212968e-01	4.028770899040038517e-02	-4.209108372111711877e-02	5.679929251597654050e-02	-7.006319435141217244e-02	1.000000000000000666e+00	-2.789034292724569195e-02	3.547759551096138497e-02	-4.828746668149883764e-02	6.112893349118968256e-02	-7.956644793800645710e-01
3.644086314459785148e-02	-3.628564318309313030e-02	4.053007819022610286e-02	-4.149260460076062418e-02	3.015483753316553633e-02	-4.160425537569041599e-02	5.842803079084999546e-02	-4.007612441555916116e-02	4.264209823068476624e-02	-3.641105471098341623e-02	6.096683931711477378e-02	-6.868348778808132382e-02	4.938997716308552582e-02	-5.290794406230017038e-02	4.015988819129203552e-02	-7.504796871912478018e-02	8.936448538989033574e-02	-5.655098333652602838e-02	4.470299095759563274e-02	-3.952684124247302783e-02	1.172474867732579279e-01	-1.337040299822640499e-01	1.189619862530898881e-01	-5.486855738003144911e-02	4.469907491050793130e-02	-6.008084170041156913e-01	3.097893035716561272e-01	-8.142537525780099705e-02	5.863029616198914273e-02	-2.789034292724569195e-02	1.000000000000000666e+00	-7.202161287653915389e-01	6.893959074979572055e-02	-4.740781631150572939e-02	3.968087742229392534e-02
-4.664890420470441112e-02	4.589842783490845346e-02	-5.150159664148806771e-02	5.211723554314540152e-02	-3.807617064555687825e-02	5.290777785999385696e-02	-7.469303705758811862e-02	5.072206524304341546e-02	-5.417471389115380287e-02	4.584949072481982885e-02	-7.946596637594416368e-02	8.752165895101360338e-02	-6.392067307328717918e-02	6.687947463251919800e-02	-5.096334547167487294e-02	9.673984109105032703e-02	-1.215295068267238654e-01	7.255577901534798757e-02	-5.724315705781617136e-02	4.999509182830995380e-02	-1.602796241844283154e-01	1.738977435882129163e-01	-1.632781875137581662e-01	6.986947987037329943e-02	-5.710470684933231789e-02	3.293885277787409471e-01	-5.462346925655610086e-01	1.042568524577151268e-01	-7.837908570687568410e-02	3.547759551096138497e-02	-7.202161287653915389e-01	1.000000000000000444e+00	-9.722068811617036455e-02	6.152047155936993250e-02	-5.066924767976255239e-02
2.990597755923446108e-02	-3.216199354046295200e-02	3.687405626387180169e-02	-4.218868701460014303e-02	3.128391550318218584e-02	-3.369059611324334153e-02	5.191404517549652597e-02	-3.833513992635869533e-02	4.294867191072564150e-02	-3.905785806890754719e-02	4.299242209919502955e-02	-4.893509679013115926e-02	4.550778799930697838e-02	-5.822307630172644105e-02	4.585431894079138732e-02	-4.856465622337564209e-02	5.446142619590592371e-02	-5.183803543862806895e-02	5.636620500715364135e-02	-4.937331664546369681e-02	6.999638107850877922e-02	-7.196222829433511492e-02	9.846026807213945076e-02	-7.976623334453164516e-02	6.060754686153595194e-02	-8.580405105195994253e-02	9.840995151033682387e-02	-7.363661380540483803e-01	3.211979593667921296e-01	-4.828746668149883764e-02	6.893959074979572055e-02	-9.722068811617036455e-02	1.000000000000000444e+00	-5.684085622368626467e-01	6.604633235952991899e-02
-2.856694193790518949e-02	3.122631719896495212e-02	-3.637883216296832617e-02	4.265963467111544283e-02	-3.223212945482906849e-02	3.181376291296040409e-02	-5.114716407644939039e-02	3.823129080765216847e-02	-4.407870808120292055e-02	4.050011031970451175e-02	-3.927798668784411584e-02	4.413329230884963095e-02	-4.520656902984569736e-02	6.043402085137340729e-02	-4.968513604287620733e-02	4.266222510654139183e-02	-4.760470765496206680e-02	4.975346750950943725e-02	-6.578531925525329949e-02	5.479970722472389533e-02	-6.174092434488243075e-02	5.779573274050277959e-02	-8.716501173578534989e-02	9.515790314178346199e-02	-7.232079454634338100e-02	5.817707143691534105e-02	-6.641150327475711657e-02	3.193729976127823167e-01	-7.420347283606317790e-01	6.112893349118968256e-02	-4.740781631150572939e-02	6.152047155936993250e-02	-5.684085622368626467e-01	1.000000000000000444e+00	-8.834359941245129022e-02
7.434607985858451840e-02	-8.901233421144402747e-02	1.029610050323753884e-01	-1.464515721532985704e-01	1.053463248477501946e-01	-8.301762395788710169e-02	1.343843819617722146e-01	-1.103790475185807141e-01	1.261006243295826335e-01	-1.456799562896146649e-01	8.879009969396386981e-02	-1.004354600305264189e-01	1.120401868487475999e-01	-1.796807164560976222e-01	1.665571629743821669e-01	-8.911335596612010579e-02	9.416341686211504580e-02	-1.261030192648318060e-01	1.637516547272042100e-01	-2.404745952864464631e-01	1.196697993491963874e-01	-9.693629823078757368e-02	1.531917773998535959e-01	-2.521157233248825236e-01	2.989219988271679118e-01	-5.762593997145327301e-02	5.949802348863129225e-02	-8.022311397162923408e-02	9.257360568693917546e-02	-7.956644793800645710e-01	3.968087742229392534e-02	-5.066924767976255239e-02	6.604633235952991899e-02	-8.834359941245129022e-02	1.000000000000000444e+00
