1.000000000000000000e+00	-6.933278694161900679e-01	1.102900956171271318e-01	-6.999959509722136763e-02	1.034440127573482415e-01	-5.842104585772901482e-01	2.893759341234075078e-01	-1.818184394709101148e-01	1.026274260197840710e-01	-7.133657817454509831e-02	2.064857517178019519e-01	-1.797165208612067633e-01	1.067826509483868480e-01	-8.165025420495412856e-02	6.943156917113162130e-02	-1.574533254321852094e-01	1.343967051557805326e-01	-9.018088829734755008e-02	7.427449173908225177e-02	-9.329659412691976295e-02	1.313098845022519778e-01	-1.289068032823715848e-01	1.155947033035134575e-01	-9.897192361022756624e-02	6.303941266280607691e-02	-1.605083784020390203e-01	9.992890181846852959e-02	-7.505855980243483772e-02	1.045234740952340341e-01	-5.110544264895079680e-02	5.522291372207784044e-02	-5.574727649251573491e-02	1.069754452691689395e-01	-6.334826007975891127e-02	8.461244064206176196e-02
-6.933278694161900679e-01	1.000000000000000222e+00	-1.775510031014074230e-01	1.075211968745838353e-01	-1.590750154781926662e-01	3.102372706007914260e-01	-4.862333721090844607e-01	2.342546363763025330e-01	-1.579077758605488269e-01	1.057033997784144891e-01	-2.105448368246082280e-01	1.780580097253360028e-01	-1.439393600463879930e-01	1.134078076913358768e-01	-9.909473722969758258e-02	1.568066616079684672e-01	-1.562519917280951465e-01	1.165181503475527791e-01	-1.016536171033214642e-01	1.276350563026732443e-01	-1.553287331212874489e-01	1.522161690067130868e-01	-1.548634323283405723e-01	1.323884063770168207e-01	-9.063033389479936697e-02	1.816553738877505209e-01	-1.340477009678490150e-01	9.991677647216028191e-02	-1.504938489511094823e-01	7.277250596223407142e-02	-7.243072434385522396e-02	7.178651321050380507e-02	-1.501670519762582368e-01	8.987298900729029372e-02	-1.217519276554344387e-01
1.102900956171271318e-01	-1.775510031014074230e-01	9.999999999999997780e-01	-7.121737450086238486e-01	2.715223238907945591e-01	-1.247921920476813967e-01	1.702852246237651079e-01	-3.803502387221222025e-01	3.036495073822178536e-01	-2.418470438672428169e-01	1.082190444303608584e-01	-1.189844172991732230e-01	1.558760012162601349e-01	-2.019656871721625391e-01	1.671130868388579216e-01	-1.098815304846082475e-01	1.136914795016467500e-01	-1.318983311799007685e-01	1.468264307630034737e-01	-2.155012408626273968e-01	1.124689904774594518e-01	-1.351736101585681304e-01	1.561610792477158838e-01	-1.864042627163251253e-01	1.014717847541613399e-01	-1.795961570199396673e-01	1.183203875553062168e-01	-9.358042747044659215e-02	1.584553011698759395e-01	-8.292206516849770503e-02	6.923321350236298632e-02	-7.302313291913267723e-02	1.383018320725435957e-01	-9.065182142898718654e-02	1.217092956160173989e-01
-6.999959509722136763e-02	1.075211968745838353e-01	-7.121737450086238486e-01	1.000000000000000000e+00	-3.740982227697563500e-01	7.887684786872041498e-02	-1.098030658985495039e-01	2.270042429421018637e-01	-5.079228343364631248e-01	2.397871834346515518e-01	-7.034369228159398357e-02	7.763143741813831322e-02	-1.095490322310679054e-01	1.613482380069494182e-01	-1.465397982589127790e-01	7.130704745568205993e-02	-7.531792720038649191e-02	9.128995301277013918e-02	-1.089824695444871067e-01	1.575470308294228960e-01	-7.344083481815072423e-02	8.968817381676183476e-02	-1.077255734294468720e-01	1.283997623290276391e-01	-6.942610966473883316e-02	1.151649896234790832e-01	-7.895270816680308168e-02	6.243163749129618939e-02	-1.070904726592620260e-01	5.647292786757612815e-02	-4.512472905449339822e-02	4.740734968390467735e-02	-9.233500866709945520e-02	6.082792002776930829e-02	-8.154078871482986490e-02
1.034440127573482415e-01	-1.590750154781926662e-01	2.715223238907945591e-01	-3.740982227697563500e-01	1.000000000000000222e+00	-1.210009916706346333e-01	1.620918631812045541e-01	-3.318313636568239189e-01	3.256133711484661131e-01	-6.207568987260454474e-01	1.104594400528853271e-01	-1.236858784918225401e-01	1.769886977344235779e-01	-2.916140868882212689e-01	2.626375029052165355e-01	-1.140439054810209046e-01	1.206689317724589094e-01	-1.513783582945120165e-01	1.887135535963696265e-01	-2.931907559838481947e-01	1.175508126603805603e-01	-1.457123546151264382e-01	1.759253102134926694e-01	-2.211219843789319628e-01	1.148927310139689073e-01	-1.875132509137159564e-01	1.271555349926620504e-01	-1.011082227753276191e-01	1.744870989434404718e-01	-9.401857642891357780e-02	7.297106771139622028e-02	-7.705237446120861977e-02	1.486184880381564710e-01	-9.883218780641253587e-02	1.319333748587585842e-01
-5.842104585772901482e-01	3.102372706007914260e-01	-1.247921920476813967e-01	7.887684786872041498e-02	-1.210009916706346333e-01	1.000000000000000222e+00	-5.063832810018382702e-01	2.083157789458508491e-01	-1.199315500369159543e-01	8.263667298083236801e-02	-4.334770885928721507e-01	2.289544331192979731e-01	-1.318872583004737087e-01	9.534410008078297860e-02	-8.136946411059901851e-02	2.016489414156323601e-01	-1.814213639595139149e-01	1.092707255135794558e-01	-8.775306431550887465e-02	1.082666144441497974e-01	-1.780795329589245080e-01	1.561053900931984872e-01	-1.422175356029279081e-01	1.159264278718260405e-01	-7.440408171977044849e-02	1.830271274941401294e-01	-1.225521769280547568e-01	9.030376453072314069e-02	-1.238898051107756582e-01	6.027937010675326474e-02	-6.517170983086362224e-02	6.484743084158836601e-02	-1.290157612305642965e-01	7.542334468209418996e-02	-1.006652308867270751e-01
2.893759341234075078e-01	-4.862333721090844607e-01	1.702852246237651079e-01	-1.098030658985495039e-01	1.620918631812045541e-01	-5.063832810018382702e-01	9.999999999999996669e-01	-4.738861427943943383e-01	1.651203092383689841e-01	-1.138337766126139017e-01	2.430886896212069992e-01	-2.711237284870657294e-01	1.704307794801145359e-01	-1.299453023453844003e-01	1.097886573830874485e-01	-2.065281848807000165e-01	1.910613794913615660e-01	-1.425988604247789004e-01	1.165355500957652862e-01	-1.477505986056586174e-01	1.791632979722622421e-01	-1.915871219268220349e-01	1.748427114679901306e-01	-1.549774754889749750e-01	9.568664021866508940e-02	-2.415196536476106048e-01	1.465215126030133819e-01	-1.116781077290121132e-01	1.575394771558000229e-01	-7.766744006252154775e-02	8.230396516139254492e-02	-8.442660088487952130e-02	1.578092875532000616e-01	-9.483435129490017101e-02	1.265098754647397961e-01
-1.818184394709101148e-01	2.342546363763025330e-01	-3.803502387221222025e-01	2.270042429421018637e-01	-3.318313636568239189e-01	2.083157789458508491e-01	-4.738861427943943383e-01	1.000000000000000444e+00	-3.706765092694910280e-01	2.169253175666742139e-01	-1.819685696389883867e-01	1.885887856561059006e-01	-3.025564106653321761e-01	2.110605897743709214e-01	-1.904678248629368686e-01	1.654954958111652386e-01	-1.845590967434330987e-01	2.034467091926727700e-01	-1.797478618834572883e-01	2.240650628625560359e-01	-1.736699681108580806e-01	2.020135991580620516e-01	-2.523079047558784982e-01	2.205635563346484973e-01	-1.485904742310900917e-01	2.309319147993463273e-01	-1.901776443352161394e-01	1.453196182406365500e-01	-2.425315687586299396e-01	1.181376475397118708e-01	-1.004776494422820327e-01	1.006653842575531838e-01	-2.233605635209894302e-01	1.400068113088995536e-01	-1.914281729283258404e-01
1.026274260197840710e-01	-1.579077758605488269e-01	3.036495073822178536e-01	-5.079228343364631248e-01	3.256133711484661131e-01	-1.199315500369159543e-01	1.651203092383689841e-01	-3.706765092694910280e-01	9.999999999999995559e-01	-5.041380769092425052e-01	1.078232433535143836e-01	-1.201578958004562020e-01	1.733432398341097080e-01	-2.982623148987654793e-01	2.425750444841537901e-01	-1.101456598026305383e-01	1.167066258774802218e-01	-1.458423890698225533e-01	1.784710358461479018e-01	-2.604190817022316029e-01	1.132874489400159806e-01	-1.397411673756460138e-01	1.688933016637770845e-01	-2.071619501296270149e-01	1.081627601692251583e-01	-1.783559821674232104e-01	1.220554979900539128e-01	-9.677117179939517810e-02	1.659945740541967363e-01	-8.824150084507284553e-02	6.962875466984826123e-02	-7.328023795508556426e-02	1.424086849155832835e-01	-9.415121125416191228e-02	1.258508024666371017e-01
-7.133657817454509831e-02	1.057033997784144891e-01	-2.418470438672428169e-01	2.397871834346515518e-01	-6.207568987260454474e-01	8.263667298083236801e-02	-1.138337766126139017e-01	2.169253175666742139e-01	-5.041380769092425052e-01	9.999999999999996669e-01	-7.833306849069335276e-02	8.793344253144196043e-02	-1.446784067397431928e-01	2.613044522292954919e-01	-4.525532594865348535e-01	8.007281694126308635e-02	-8.803199911654882581e-02	1.174131245414495456e-01	-1.639670993093311768e-01	2.327913370794938985e-01	-8.335344435299345267e-02	1.057178044649048354e-01	-1.374949926817833623e-01	1.640879000167541901e-01	-8.832795592259314044e-02	1.273858781670017537e-01	-9.377087069226970606e-02	7.428075246018360500e-02	-1.317146168834314734e-01	7.079822141184902162e-02	-5.121340077470305785e-02	5.356079241591510387e-02	-1.097305554599889987e-01	7.342627026400726231e-02	-9.801931195796813323e-02
2.064857517178019519e-01	-2.105448368246082280e-01	1.082190444303608584e-01	-7.034369228159398357e-02	1.104594400528853271e-01	-4.334770885928721507e-01	2.430886896212069992e-01	-1.819685696389883867e-01	1.078232433535143836e-01	-7.833306849069335276e-02	1.000000000000001554e+00	-5.677614601550943219e-01	1.476112799262626063e-01	-9.980329624592031157e-02	8.222043026749473182e-02	-4.927686801052404975e-01	2.777934914108911024e-01	-1.320113206363904834e-01	9.461736511981543030e-02	-1.148629608643572941e-01	2.496316786134183674e-01	-2.226218873726730496e-01	1.630024310575846347e-01	-1.283929549790316371e-01	7.561565095449082619e-02	-2.529446613057129700e-01	1.422931167078091697e-01	-1.048501190410765088e-01	1.263435624378462518e-01	-6.203005726524166152e-02	7.472670537957394610e-02	-7.501931046476031928e-02	1.386969839655735059e-01	-7.899911439052743900e-02	1.032440063715734102e-01
-1.797165208612067633e-01	1.780580097253360028e-01	-1.189844172991732230e-01	7.763143741813831322e-02	-1.236858784918225401e-01	2.289544331192979731e-01	-2.711237284870657294e-01	1.885887856561059006e-01	-1.201578958004562020e-01	8.793344253144196043e-02	-5.677614601550943219e-01	1.000000000000000888e+00	-2.073615703766380769e-01	1.155330474972781213e-01	-9.498534061562026454e-02	2.797856413472532555e-01	-5.891069280696813459e-01	1.697701774964537891e-01	-1.119853787810660001e-01	1.303612521697748994e-01	-2.414471987315909562e-01	2.591408169805015094e-01	-2.100695126322549011e-01	1.475034018203340569e-01	-8.595698258117784318e-02	2.209317551180655093e-01	-1.775091894864916642e-01	1.232731025443288553e-01	-1.445119653793665859e-01	7.056662697937428341e-02	-7.795235918080277437e-02	7.740225588188771877e-02	-1.642862915801915347e-01	9.105373859691803795e-02	-1.184469288297022305e-01
1.067826509483868480e-01	-1.439393600463879930e-01	1.558760012162601349e-01	-1.095490322310679054e-01	1.769886977344235779e-01	-1.318872583004737087e-01	1.704307794801145359e-01	-3.025564106653321761e-01	1.733432398341097080e-01	-1.446784067397431928e-01	1.476112799262626063e-01	-2.073615703766380769e-01	9.999999999999990008e-01	-2.935321052503462314e-01	1.837578041181899546e-01	-1.535037002031329478e-01	1.949277387527891814e-01	-7.242176499673945722e-01	2.282396530967246984e-01	-2.568260879118093309e-01	1.478964673142769415e-01	-2.283209417218090842e-01	2.958420050203314222e-01	-2.774970202301898503e-01	1.107160125287191543e-01	-2.076482673937404544e-01	1.564629818069346312e-01	-1.281308980705856415e-01	1.754691007868849351e-01	-9.171163222169287366e-02	7.660556954019932807e-02	-8.012659979648954767e-02	1.633719731987048895e-01	-1.031598053395997583e-01	1.326462761340402308e-01
-8.165025420495412856e-02	1.134078076913358768e-01	-2.019656871721625391e-01	1.613482380069494182e-01	-2.916140868882212689e-01	9.534410008078297860e-02	-1.299453023453844003e-01	2.110605897743709214e-01	-2.982623148987654793e-01	2.613044522292954919e-01	-9.980329624592031157e-02	1.155330474972781213e-01	-2.935321052503462314e-01	9.999999999999966693e-01	-6.445664321670347974e-01	1.017957473592211032e-01	-1.216084829024585423e-01	2.008438134206858849e-01	-4.215263696130240878e-01	3.174139740615047334e-01	-1.070697728933615589e-01	1.453836905863962470e-01	-2.212174832541638492e-01	2.540160697257178302e-01	-1.205206147716168935e-01	1.527590396934289385e-01	-1.275484707917202143e-01	1.010149280194502092e-01	-1.828263777276716850e-01	9.527751202805792574e-02	-6.366633756176311165e-02	6.588056694067113972e-02	-1.470390150100706061e-01	9.907014103465899835e-02	-1.307234290521445130e-01
6.943156917113162130e-02	-9.909473722969758258e-02	1.671130868388579216e-01	-1.465397982589127790e-01	2.626375029052165355e-01	-8.136946411059901851e-02	1.097886573830874485e-01	-1.904678248629368686e-01	2.425750444841537901e-01	-4.525532594865348535e-01	8.222043026749473182e-02	-9.498534061562026454e-02	1.837578041181899546e-01	-6.445664321670347974e-01	9.999999999999955591e-01	-8.483929606012494129e-02	9.757094899529639154e-02	-1.536097423382506988e-01	2.564864662072119939e-01	-4.659850745468068767e-01	8.849711288252665176e-02	-1.187691932794385230e-01	1.665793631434610567e-01	-2.210040181395830916e-01	1.049754539039340490e-01	-1.312303602056442975e-01	1.029454097007495850e-01	-8.219249863150412949e-02	1.485039479290433950e-01	-8.441912064114713565e-02	5.346897437707517214e-02	-5.577999071436137712e-02	1.192961586157755272e-01	-8.148031562865787336e-02	1.072246197830482028e-01
-1.574533254321852094e-01	1.568066616079684672e-01	-1.098815304846082475e-01	7.130704745568205993e-02	-1.140439054810209046e-01	2.016489414156323601e-01	-2.065281848807000165e-01	1.654954958111652386e-01	-1.101456598026305383e-01	8.007281694126308635e-02	-4.927686801052404975e-01	2.797856413472532555e-01	-1.535037002031329478e-01	1.017957473592211032e-01	-8.483929606012494129e-02	1.000000000000001998e+00	-3.835614194626145723e-01	1.362922328085743595e-01	-9.866264639911882794e-02	1.175089796875006531e-01	-6.241589458915759447e-01	2.398409069141481942e-01	-1.816009744843196105e-01	1.327700181440561455e-01	-8.230897863866529218e-02	2.777227024791791288e-01	-1.654348339717557348e-01	1.164452834012412591e-01	-1.390640375533042650e-01	6.742717184259479357e-02	-8.704054997189111798e-02	8.262248687006429337e-02	-1.589905143324368553e-01	8.795552948159726658e-02	-1.152578875079080245e-01
1.343967051557805326e-01	-1.562519917280951465e-01	1.136914795016467500e-01	-7.531792720038649191e-02	1.206689317724589094e-01	-1.814213639595139149e-01	1.910613794913615660e-01	-1.845590967434330987e-01	1.167066258774802218e-01	-8.803199911654882581e-02	2.777934914108911024e-01	-5.891069280696813459e-01	1.949277387527891814e-01	-1.216084829024585423e-01	9.757094899529639154e-02	-3.835614194626145723e-01	9.999999999999986677e-01	-2.213946421424102251e-01	1.208255162997786403e-01	-1.401264417337098056e-01	2.466836728267803869e-01	-5.186432586078542073e-01	2.333544119045834198e-01	-1.651955659812625599e-01	8.666844282281228884e-02	-2.573064628705535872e-01	1.957599914445308231e-01	-1.430119805168552638e-01	1.450442415188453182e-01	-7.189915446086944661e-02	8.153744472776497387e-02	-8.321246322295693110e-02	1.664120461607984103e-01	-9.287313418078935179e-02	1.183073228829375767e-01
-9.018088829734755008e-02	1.165181503475527791e-01	-1.318983311799007685e-01	9.128995301277013918e-02	-1.513783582945120165e-01	1.092707255135794558e-01	-1.425988604247789004e-01	2.034467091926727700e-01	-1.458423890698225533e-01	1.174131245414495456e-01	-1.320113206363904834e-01	1.697701774964537891e-01	-7.242176499673945722e-01	2.008438134206858849e-01	-1.536097423382506988e-01	1.362922328085743595e-01	-2.213946421424102251e-01	9.999999999999963363e-01	-2.577052710877824060e-01	2.065791000654251253e-01	-1.361739160242008695e-01	2.180216494072364231e-01	-4.906451607331742126e-01	2.442391929027788455e-01	-9.753134788028483548e-02	1.725096305897444449e-01	-1.518479005873373811e-01	1.213441676375833778e-01	-1.578359517916922139e-01	8.000478035844259261e-02	-6.642070052501067301e-02	6.865832629831619682e-02	-1.523387517265218372e-01	9.279230502417200321e-02	-1.190078294099147227e-01
7.427449173908225177e-02	-1.016536171033214642e-01	1.468264307630034737e-01	-1.089824695444871067e-01	1.887135535963696265e-01	-8.775306431550887465e-02	1.165355500957652862e-01	-1.797478618834572883e-01	1.784710358461479018e-01	-1.639670993093311768e-01	9.461736511981543030e-02	-1.119853787810660001e-01	2.282396530967246984e-01	-4.215263696130240878e-01	2.564864662072119939e-01	-9.866264639911882794e-02	1.208255162997786403e-01	-2.577052710877824060e-01	1.000000000000003997e+00	-5.527834508150467618e-01	1.031236297557847209e-01	-1.505682589493868295e-01	2.428453828803506243e-01	-5.883604105284654384e-01	1.243491365289334100e-01	-1.463768238583170733e-01	1.245504174082730509e-01	-1.007300219334915509e-01	1.873329963884034777e-01	-1.015010660841764445e-01	6.048881820902181350e-02	-6.294744897492698943e-02	1.415104563045857244e-01	-9.964429708510842698e-02	1.269155036146953908e-01
-9.329659412691976295e-02	1.276350563026732443e-01	-2.155012408626273968e-01	1.575470308294228960e-01	-2.931907559838481947e-01	1.082666144441497974e-01	-1.477505986056586174e-01	2.240650628625560359e-01	-2.604190817022316029e-01	2.327913370794938985e-01	-1.148629608643572941e-01	1.303612521697748994e-01	-2.568260879118093309e-01	3.174139740615047334e-01	-4.659850745468068767e-01	1.175089796875006531e-01	-1.401264417337098056e-01	2.065791000654251253e-01	-5.527834508150467618e-01	9.999999999999998890e-01	-1.258583909266176859e-01	1.696533459358048890e-01	-2.643135916979792999e-01	2.986690726715920952e-01	-2.020852485290453859e-01	1.786497908721828287e-01	-1.579512005043088030e-01	1.250014679523547001e-01	-2.505200741299946077e-01	1.448573279758558208e-01	-7.780263276283649887e-02	8.020174335122895459e-02	-1.875781212395283837e-01	1.317105962307854039e-01	-1.751823194879995604e-01
1.313098845022519778e-01	-1.553287331212874489e-01	1.124689904774594518e-01	-7.344083481815072423e-02	1.175508126603805603e-01	-1.780795329589245080e-01	1.791632979722622421e-01	-1.736699681108580806e-01	1.132874489400159806e-01	-8.335344435299345267e-02	2.496316786134183674e-01	-2.414471987315909562e-01	1.478964673142769415e-01	-1.070697728933615589e-01	8.849711288252665176e-02	-6.241589458915759447e-01	2.466836728267803869e-01	-1.361739160242008695e-01	1.031236297557847209e-01	-1.258583909266176859e-01	9.999999999999973355e-01	-3.035454990888195592e-01	1.839302841242682063e-01	-1.433739950303124511e-01	8.715940397746704815e-02	-5.700647821041838759e-01	1.737749927835810226e-01	-1.276820873321233285e-01	1.468717904641752559e-01	-7.168884164399345893e-02	1.083234927141954462e-01	-1.053760010454057733e-01	1.672859510864154187e-01	-9.342635815877618766e-02	1.217454428425500945e-01
-1.289068032823715848e-01	1.522161690067130868e-01	-1.351736101585681304e-01	8.968817381676183476e-02	-1.457123546151264382e-01	1.561053900931984872e-01	-1.915871219268220349e-01	2.020135991580620516e-01	-1.397411673756460138e-01	1.057178044649048354e-01	-2.226218873726730496e-01	2.591408169805015094e-01	-2.283209417218090842e-01	1.453836905863962470e-01	-1.187691932794385230e-01	2.398409069141481942e-01	-5.186432586078542073e-01	2.180216494072364231e-01	-1.505682589493868295e-01	1.696533459358048890e-01	-3.035454990888195592e-01	1.000000000000001998e+00	-4.477927441979123735e-01	2.103707071717862143e-01	-1.122011514789654080e-01	2.605332244629404714e-01	-4.149352080085420558e-01	2.230810271955795121e-01	-1.924212429675908331e-01	9.386208543410787253e-02	-9.990896000474988603e-02	1.010037538789281542e-01	-2.533825067549851928e-01	1.287515996719123257e-01	-1.608452713848178284e-01
1.155947033035134575e-01	-1.548634323283405723e-01	1.561610792477158838e-01	-1.077255734294468720e-01	1.759253102134926694e-01	-1.422175356029279081e-01	1.748427114679901306e-01	-2.523079047558784982e-01	1.688933016637770845e-01	-1.374949926817833623e-01	1.630024310575846347e-01	-2.100695126322549011e-01	2.958420050203314222e-01	-2.212174832541638492e-01	1.665793631434610567e-01	-1.816009744843196105e-01	2.333544119045834198e-01	-4.906451607331742126e-01	2.428453828803506243e-01	-2.643135916979792999e-01	1.839302841242682063e-01	-4.477927441979123735e-01	9.999999999999991118e-01	-4.489166101408711418e-01	1.275475835530703039e-01	-2.517436660836013251e-01	2.237887665263379733e-01	-2.073107562031887008e-01	2.100140742172769415e-01	-1.075188652726892929e-01	9.269802045637405563e-02	-9.790739745302330654e-02	2.107360034479425770e-01	-1.280085926473482349e-01	1.585245271979113246e-01
-9.897192361022756624e-02	1.323884063770168207e-01	-1.864042627163251253e-01	1.283997623290276391e-01	-2.211219843789319628e-01	1.159264278718260405e-01	-1.549774754889749750e-01	2.205635563346484973e-01	-2.071619501296270149e-01	1.640879000167541901e-01	-1.283929549790316371e-01	1.475034018203340569e-01	-2.774970202301898503e-01	2.540160697257178302e-01	-2.210040181395830916e-01	1.327700181440561455e-01	-1.651955659812625599e-01	2.442391929027788455e-01	-5.883604105284654384e-01	2.986690726715920952e-01	-1.433739950303124511e-01	2.103707071717862143e-01	-4.489166101408711418e-01	9.999999999999993339e-01	-1.736409891613140410e-01	1.967108490681833688e-01	-1.853747520117271785e-01	1.484440695351831319e-01	-3.254314162306750635e-01	1.396180244458098407e-01	-8.520749850551913307e-02	8.805905900812682763e-02	-2.129735822191627936e-01	1.533174602499312311e-01	-1.937314146692480366e-01
6.303941266280607691e-02	-9.063033389479936697e-02	1.014717847541613399e-01	-6.942610966473883316e-02	1.148927310139689073e-01	-7.440408171977044849e-02	9.568664021866508940e-02	-1.485904742310900917e-01	1.081627601692251583e-01	-8.832795592259314044e-02	7.561565095449082619e-02	-8.595698258117784318e-02	1.107160125287191543e-01	-1.205206147716168935e-01	1.049754539039340490e-01	-8.230897863866529218e-02	8.666844282281228884e-02	-9.753134788028483548e-02	1.243491365289334100e-01	-2.020852485290453859e-01	8.715940397746704815e-02	-1.122011514789654080e-01	1.275475835530703039e-01	-1.736409891613140410e-01	9.999999999999993339e-01	-1.492769365678996707e-01	1.074455095398693244e-01	-9.467741774469767835e-02	2.569958195329143380e-01	-8.530657253719617916e-01	6.338032983641413154e-02	-6.996150313065044313e-02	1.423981582760680265e-01	-1.528049044343122720e-01	1.847896110709074668e-01
-1.605083784020390203e-01	1.816553738877505209e-01	-1.795961570199396673e-01	1.151649896234790832e-01	-1.875132509137159564e-01	1.830271274941401294e-01	-2.415196536476106048e-01	2.309319147993463273e-01	-1.783559821674232104e-01	1.273858781670017537e-01	-2.529446613057129700e-01	2.209317551180655093e-01	-2.076482673937404544e-01	1.527590396934289385e-01	-1.312303602056442975e-01	2.777227024791791288e-01	-2.573064628705535872e-01	1.725096305897444449e-01	-1.463768238583170733e-01	1.786497908721828287e-01	-5.700647821041838759e-01	2.605332244629404714e-01	-2.517436660836013251e-01	1.967108490681833688e-01	-1.492769365678996707e-01	9.999999999999994449e-01	-2.751690235649609795e-01	1.899363672103182854e-01	-2.561053224193467481e-01	1.210061662250965370e-01	-2.408364041022659774e-01	1.857028458396451920e-01	-2.983347804444984597e-01	1.622947590655246242e-01	-2.180489118754166955e-01
9.992890181846852959e-02	-1.340477009678490150e-01	1.183203875553062168e-01	-7.895270816680308168e-02	1.271555349926620504e-01	-1.225521769280547568e-01	1.465215126030133819e-01	-1.901776443352161394e-01	1.220554979900539128e-01	-9.377087069226970606e-02	1.422931167078091697e-01	-1.775091894864916642e-01	1.564629818069346312e-01	-1.275484707917202143e-01	1.029454097007495850e-01	-1.654348339717557348e-01	1.957599914445308231e-01	-1.518479005873373811e-01	1.245504174082730509e-01	-1.579512005043088030e-01	1.737749927835810226e-01	-4.149352080085420558e-01	2.237887665263379733e-01	-1.853747520117271785e-01	1.074455095398693244e-01	-2.751690235649609795e-01	9.999999999999990008e-01	-6.911243641657569547e-01	1.846591133874767310e-01	-9.497276654182995603e-02	1.066242083703681509e-01	-1.223722495511944397e-01	2.989050445779863896e-01	-1.515501902326975014e-01	1.627782611165400350e-01
-7.505855980243483772e-02	9.991677647216028191e-02	-9.358042747044659215e-02	6.243163749129618939e-02	-1.011082227753276191e-01	9.030376453072314069e-02	-1.116781077290121132e-01	1.453196182406365500e-01	-9.677117179939517810e-02	7.428075246018360500e-02	-1.048501190410765088e-01	1.232731025443288553e-01	-1.281308980705856415e-01	1.010149280194502092e-01	-8.219249863150412949e-02	1.164452834012412591e-01	-1.430119805168552638e-01	1.213441676375833778e-01	-1.007300219334915509e-01	1.250014679523547001e-01	-1.276820873321233285e-01	2.230810271955795121e-01	-2.073107562031887008e-01	1.484440695351831319e-01	-9.467741774469767835e-02	1.899363672103182854e-01	-6.911243641657569547e-01	9.999999999999988898e-01	-1.787858988779378877e-01	8.629141671957465953e-02	-9.212033156566859504e-02	1.020667565518683928e-01	-5.725560658124779767e-01	1.659235868492998367e-01	-1.764780937542471673e-01
1.045234740952340341e-01	-1.504938489511094823e-01	1.584553011698759395e-01	-1.070904726592620260e-01	1.744870989434404718e-01	-1.238898051107756582e-01	1.575394771558000229e-01	-2.425315687586299396e-01	1.659945740541967363e-01	-1.317146168834314734e-01	1.263435624378462518e-01	-1.445119653793665859e-01	1.754691007868849351e-01	-1.828263777276716850e-01	1.485039479290433950e-01	-1.390640375533042650e-01	1.450442415188453182e-01	-1.578359517916922139e-01	1.873329963884034777e-01	-2.505200741299946077e-01	1.468717904641752559e-01	-1.924212429675908331e-01	2.100140742172769415e-01	-3.254314162306750635e-01	2.569958195329143380e-01	-2.561053224193467481e-01	1.846591133874767310e-01	-1.787858988779378877e-01	9.999999999999984457e-01	-3.667474765736156717e-01	1.092141867340279682e-01	-1.228455182591562389e-01	2.560101881610021834e-01	-4.567091957323227147e-01	3.082593663048383559e-01
-5.110544264895079680e-02	7.277250596223407142e-02	-8.292206516849770503e-02	5.647292786757612815e-02	-9.401857642891357780e-02	6.027937010675326474e-02	-7.766744006252154775e-02	1.181376475397118708e-01	-8.824150084507284553e-02	7.079822141184902162e-02	-6.203005726524166152e-02	7.056662697937428341e-02	-9.171163222169287366e-02	9.527751202805792574e-02	-8.441912064114713565e-02	6.742717184259479357e-02	-7.189915446086944661e-02	8.000478035844259261e-02	-1.015010660841764445e-01	1.448573279758558208e-01	-7.168884164399345893e-02	9.386208543410787253e-02	-1.075188652726892929e-01	1.396180244458098407e-01	-8.530657253719617916e-01	1.210061662250965370e-01	-9.497276654182995603e-02	8.629141671957465953e-02	-3.667474765736156717e-01	9.999999999999983347e-01	-5.305301439160486909e-02	5.856696161359351699e-02	-1.359063219650563370e-01	1.673740983878231614e-01	-2.326586296387539443e-01
5.522291372207784044e-02	-7.243072434385522396e-02	6.923321350236298632e-02	-4.512472905449339822e-02	7.297106771139622028e-02	-6.517170983086362224e-02	8.230396516139254492e-02	-1.004776494422820327e-01	6.962875466984826123e-02	-5.121340077470305785e-02	7.472670537957394610e-02	-7.795235918080277437e-02	7.660556954019932807e-02	-6.366633756176311165e-02	5.346897437707517214e-02	-8.704054997189111798e-02	8.153744472776497387e-02	-6.642070052501067301e-02	6.048881820902181350e-02	-7.780263276283649887e-02	1.083234927141954462e-01	-9.990896000474988603e-02	9.269802045637405563e-02	-8.520749850551913307e-02	6.338032983641413154e-02	-2.408364041022659774e-01	1.066242083703681509e-01	-9.212033156566859504e-02	1.092141867340279682e-01	-5.305301439160486909e-02	9.999999999999986677e-01	-9.291590437787718981e-01	1.508931356759048437e-01	-7.677872808920187253e-02	9.643585238605650867e-02
-5.574727649251573491e-02	7.178651321050380507e-02	-7.302313291913267723e-02	4.740734968390467735e-02	-7.705237446120861977e-02	6.484743084158836601e-02	-8.442660088487952130e-02	1.006653842575531838e-01	-7.328023795508556426e-02	5.356079241591510387e-02	-7.501931046476031928e-02	7.740225588188771877e-02	-8.012659979648954767e-02	6.588056694067113972e-02	-5.577999071436137712e-02	8.262248687006429337e-02	-8.321246322295693110e-02	6.865832629831619682e-02	-6.294744897492698943e-02	8.020174335122895459e-02	-1.053760010454057733e-01	1.010037538789281542e-01	-9.790739745302330654e-02	8.805905900812682763e-02	-6.996150313065044313e-02	1.857028458396451920e-01	-1.223722495511944397e-01	1.020667565518683928e-01	-1.228455182591562389e-01	5.856696161359351699e-02	-9.291590437787718981e-01	9.999999999999983347e-01	-1.924738697032551960e-01	8.817586657757639501e-02	-1.121130839810789842e-01
1.069754452691689395e-01	-1.501670519762582368e-01	1.383018320725435957e-01	-9.233500866709945520e-02	1.486184880381564710e-01	-1.290157612305642965e-01	1.578092875532000616e-01	-2.233605635209894302e-01	1.424086849155832835e-01	-1.097305554599889987e-01	1.386969839655735059e-01	-1.642862915801915347e-01	1.633719731987048895e-01	-1.470390150100706061e-01	1.192961586157755272e-01	-1.589905143324368553e-01	1.664120461607984103e-01	-1.523387517265218372e-01	1.415104563045857244e-01	-1.875781212395283837e-01	1.672859510864154187e-01	-2.533825067549851928e-01	2.107360034479425770e-01	-2.129735822191627936e-01	1.423981582760680265e-01	-2.983347804444984597e-01	2.989050445779863896e-01	-5.725560658124779767e-01	2.560101881610021834e-01	-1.359063219650563370e-01	1.508931356759048437e-01	-1.924738697032551960e-01	9.999999999999983347e-01	-3.687599045036328849e-01	2.600820814652912150e-01
-6.334826007975891127e-02	8.987298900729029372e-02	-9.065182142898718654e-02	6.082792002776930829e-02	-9.883218780641253587e-02	7.542334468209418996e-02	-9.483435129490017101e-02	1.400068113088995536e-01	-9.415121125416191228e-02	7.342627026400726231e-02	-7.899911439052743900e-02	9.105373859691803795e-02	-1.031598053395997583e-01	9.907014103465899835e-02	-8.148031562865787336e-02	8.795552948159726658e-02	-9.287313418078935179e-02	9.279230502417200321e-02	-9.964429708510842698e-02	1.317105962307854039e-01	-9.342635815877618766e-02	1.287515996719123257e-01	-1.280085926473482349e-01	1.533174602499312311e-01	-1.528049044343122720e-01	1.622947590655246242e-01	-1.515501902326975014e-01	1.659235868492998367e-01	-4.567091957323227147e-01	1.673740983878231614e-01	-7.677872808920187253e-02	8.817586657757639501e-02	-3.687599045036328849e-01	9.999999999999984457e-01	-7.411669111934460208e-01
8.461244064206176196e-02	-1.217519276554344387e-01	1.217092956160173989e-01	-8.154078871482986490e-02	1.319333748587585842e-01	-1.006652308867270751e-01	1.265098754647397961e-01	-1.914281729283258404e-01	1.258508024666371017e-01	-9.801931195796813323e-02	1.032440063715734102e-01	-1.184469288297022305e-01	1.326462761340402308e-01	-1.307234290521445130e-01	1.072246197830482028e-01	-1.152578875079080245e-01	1.183073228829375767e-01	-1.190078294099147227e-01	1.269155036146953908e-01	-1.751823194879995604e-01	1.217454428425500945e-01	-1.608452713848178284e-01	1.585245271979113246e-01	-1.937314146692480366e-01	1.847896110709074668e-01	-2.180489118754166955e-01	1.627782611165400350e-01	-1.764780937542471673e-01	3.082593663048383559e-01	-2.326586296387539443e-01	9.643585238605650867e-02	-1.121130839810789842e-01	2.600820814652912150e-01	-7.411669111934460208e-01	9.999999999999984457e-01
