1.000000000000000000e+00	-8.774958611332709379e-01	1.357983398374393302e-01	-1.204267476077873766e-01	7.964976645964505497e-02	-3.536515476812524539e-01	2.342284215400029235e-01	-1.239797841879166224e-01	9.629346376696980292e-02	-6.636588155861514182e-02	1.702112878346835334e-01	-1.549245926484232871e-01	1.168840171640646713e-01	-9.988360080152834664e-02	7.947036774776089496e-02	-6.798367714325889710e-02	1.098328599248767912e-01	-9.441206206553276470e-02	7.635762980577377734e-02	-8.038921942417986966e-02	6.658065542270644177e-02	-7.084855427429094521e-02	6.028322673966088341e-02	-8.509680017039275568e-02	5.133809396749682008e-02	-4.052120034570728946e-02	5.130437879558882863e-02	-4.110739375915989369e-02	4.986830849214273637e-02	-4.198041557775840371e-02	4.557547612698424622e-02	-3.793351824080769263e-02	3.343473919791074833e-02	-5.506542533346867746e-02	7.643246302297371231e-02
-8.774958611332709379e-01	9.999999999999998890e-01	-1.708194863486605097e-01	1.266983385733064793e-01	-8.877310416847293550e-02	2.542960592408304299e-01	-3.048226073300199235e-01	1.395966978998165187e-01	-1.084730595076855847e-01	7.259687265073444529e-02	-1.886808487709948912e-01	1.567246069886347737e-01	-1.301646724118461773e-01	1.070842856298866719e-01	-8.768252964006768846e-02	7.314674551797391289e-02	-1.227103705439413772e-01	1.007054564657020035e-01	-8.245794524413631310e-02	8.554622561109156975e-02	-7.462813184060559935e-02	7.447994800544870120e-02	-6.433712686656378743e-02	8.949248370270063146e-02	-5.517721751653516249e-02	4.412951881734591963e-02	-5.530471313384329596e-02	4.388934989821271365e-02	-5.339427665568329678e-02	4.484067869414540969e-02	-5.060970534910038537e-02	4.060028855323401242e-02	-3.594487594789540219e-02	5.829445247366772664e-02	-8.252292004215298904e-02
1.357983398374393302e-01	-1.708194863486605097e-01	1.000000000000000000e+00	-4.375587168257880633e-01	2.008354748222093700e-01	-2.156031356626092743e-01	2.388456734835060213e-01	-7.151775118322551972e-01	2.731723784335955418e-01	-1.780514562259590261e-01	1.779064597774915046e-01	-2.087963357141671139e-01	2.337025502324293902e-01	-2.571528552531264777e-01	1.824673150701655033e-01	-8.723078781027178430e-02	1.915058336938068040e-01	-1.904790973872683979e-01	1.624928899325162879e-01	-1.797618961375199165e-01	8.656219853282362542e-02	-1.357775560706000473e-01	1.166969643318874067e-01	-1.716856564339434565e-01	9.867569324909612749e-02	-5.901825510918382034e-02	9.243563445670810452e-02	-7.566065863143406345e-02	9.395017905661208479e-02	-8.050629969679894138e-02	6.598126217809391347e-02	-6.732041928292620270e-02	6.010443661572006935e-02	-1.034806406349311342e-01	1.408418555431157904e-01
-1.204267476077873766e-01	1.266983385733064793e-01	-4.375587168257880633e-01	9.999999999999997780e-01	-5.096841069725357443e-01	1.661729294942286550e-01	-2.100756940920371074e-01	2.721857341377236783e-01	-4.296163420448331216e-01	2.808552258673903679e-01	-1.988770982406856958e-01	1.947630755692403015e-01	-2.727886430171200804e-01	2.819497230565233825e-01	-3.099216428515237931e-01	1.033183642140774738e-01	-2.665647617547068915e-01	2.136775800949776150e-01	-2.156742505418605682e-01	2.302012532082853280e-01	-1.077236635759889066e-01	1.570464231732709437e-01	-1.416508509340549671e-01	2.033379378523904046e-01	-1.317563951422938973e-01	7.258341833655135300e-02	-1.185330393256423392e-01	9.458630206519230699e-02	-1.219771354871200947e-01	1.044434625528397470e-01	-8.369098981955827576e-02	8.357278205221160827e-02	-7.636368286350894707e-02	1.291966063843534018e-01	-1.941837080633545820e-01
7.964976645964505497e-02	-8.877310416847293550e-02	2.008354748222093700e-01	-5.096841069725357443e-01	1.000000000000000444e+00	-1.165266601662621054e-01	1.346568930384493268e-01	-1.849228985293273897e-01	2.682429720086316749e-01	-6.734644055200024182e-01	1.314945401753592480e-01	-1.422493977209473848e-01	1.867246042217425017e-01	-2.579461190920091518e-01	2.899862514242282363e-01	-7.282353908099020723e-02	1.851069829108955012e-01	-1.763316739400106192e-01	1.843778836522458886e-01	-2.651881990939384814e-01	7.401633487918367338e-02	-1.363624874149450272e-01	1.182169036523810363e-01	-1.884447651287681769e-01	1.073799177946807154e-01	-5.339089076084888030e-02	9.342880201349426650e-02	-7.731572522019265759e-02	9.885296072672886125e-02	-8.754665228164137947e-02	6.009448801230132808e-02	-6.740435426472185521e-02	6.087261662716986210e-02	-1.086448922521148219e-01	1.458122009345798331e-01
-3.536515476812524539e-01	2.542960592408304299e-01	-2.156031356626092743e-01	1.661729294942286550e-01	-1.165266601662621054e-01	9.999999999999996669e-01	-6.680281071010915062e-01	2.025704849221961756e-01	-1.505777439712662202e-01	9.707958296661753361e-02	-4.739616909656177990e-01	2.755253014665389744e-01	-1.935357715820529290e-01	1.491274319512565227e-01	-1.164739849670350380e-01	1.261010116640219891e-01	-1.653705008958568090e-01	1.416994173095816878e-01	-1.122162073671343907e-01	1.152728162258092048e-01	-1.258280339024147876e-01	1.017101864427411989e-01	-8.794249015490497590e-02	1.209834386821145719e-01	-7.249735615238502018e-02	6.649294360113759683e-02	-7.488315770975816077e-02	5.924896490041106634e-02	-7.067590230109115079e-02	5.909036575232694266e-02	-7.579612344952345315e-02	5.567930753305404268e-02	-4.881644286294739565e-02	7.722585224092243239e-02	-1.061345175517424272e-01
2.342284215400029235e-01	-3.048226073300199235e-01	2.388456734835060213e-01	-2.100756940920371074e-01	1.346568930384493268e-01	-6.680281071010915062e-01	9.999999999999996669e-01	-3.472180713411539554e-01	1.806723276996897720e-01	-1.170654985536027509e-01	2.883604635008258921e-01	-3.872455473116547253e-01	2.193529801200725660e-01	-1.868326858564404724e-01	1.347770292629756894e-01	-1.100184805095567458e-01	1.762504356683444739e-01	-1.668568897430268427e-01	1.309116771946031987e-01	-1.375131971724621038e-01	1.054030507802847794e-01	-1.179434652338456624e-01	1.009979511943665392e-01	-1.427261368116932994e-01	8.286654303347401607e-02	-6.370390281801713295e-02	8.237223338418070417e-02	-6.649034950391145837e-02	8.037015091027156777e-02	-6.782305270062775893e-02	7.097818471634624593e-02	-6.095098370269861482e-02	5.368477910796452118e-02	-8.868236749039937195e-02	1.200499818674187202e-01
-1.239797841879166224e-01	1.395966978998165187e-01	-7.151775118322551972e-01	2.721857341377236783e-01	-1.849228985293273897e-01	2.025704849221961756e-01	-3.472180713411539554e-01	1.000000000000000666e+00	-3.976487236795479552e-01	1.633346438603705264e-01	-1.783512196080825063e-01	2.002713623131423815e-01	-2.891805587515967058e-01	2.423010282918891256e-01	-1.718120313390995579e-01	8.082830128915918788e-02	-1.775286714062934978e-01	1.739890114126145526e-01	-1.499532871799128808e-01	1.552767519392623807e-01	-8.120775006896480130e-02	1.163110948888131380e-01	-1.035646138372501857e-01	1.468355595654412815e-01	-8.578674108788653108e-02	5.289142264721053560e-02	-8.067166266985943690e-02	6.537879459262195547e-02	-8.124648074500920303e-02	6.925816934688558413e-02	-5.971614635079050548e-02	5.826095026922677167e-02	-5.226572913547263693e-02	8.793638316783923548e-02	-1.216737151467288114e-01
9.629346376696980292e-02	-1.084730595076855847e-01	2.731723784335955418e-01	-4.296163420448331216e-01	2.682429720086316749e-01	-1.505777439712662202e-01	1.806723276996897720e-01	-3.976487236795479552e-01	1.000000000000001776e+00	-3.669013364497086260e-01	1.581062997349655108e-01	-1.815431000056152711e-01	2.521165488672092447e-01	-5.987281384052740574e-01	2.587263114591125124e-01	-8.161134744539751129e-02	1.994845079035647561e-01	-2.013182736153999175e-01	2.088563066350221931e-01	-2.287206746370264165e-01	8.237973897765030196e-02	-1.398817498064092169e-01	1.246211683830505262e-01	-1.913107663066956343e-01	1.069039161617323652e-01	-5.708255247623410245e-02	9.557893747338161439e-02	-7.834751138644215074e-02	9.928587379605652297e-02	-8.611172632650923586e-02	6.432035838268554406e-02	-6.859625148707314268e-02	6.200490597477397586e-02	-1.070189463593586437e-01	1.462038486055938225e-01
-6.636588155861514182e-02	7.259687265073444529e-02	-1.780514562259590261e-01	2.808552258673903679e-01	-6.734644055200024182e-01	9.707958296661753361e-02	-1.170654985536027509e-01	1.633346438603705264e-01	-3.669013364497086260e-01	1.000000000000001554e+00	-1.126622915007024633e-01	1.198953414184881494e-01	-1.692347463192943602e-01	2.399892368591475256e-01	-5.157044817792945102e-01	6.120072026777820945e-02	-1.588763721498488435e-01	1.486991661139838716e-01	-1.733200292664162090e-01	2.338536253769843698e-01	-6.254463863460112127e-02	1.099813795819899187e-01	-9.874404361811314756e-02	1.533770624613310374e-01	-9.145695644601228858e-02	4.427217402075980107e-02	-7.745130312910407377e-02	6.349101949975566317e-02	-8.225358300617927054e-02	7.272994829714395093e-02	-5.012853573185991479e-02	5.516911962729562080e-02	-5.027300223642795773e-02	8.799034892426883803e-02	-1.217437699847412486e-01
1.702112878346835334e-01	-1.886808487709948912e-01	1.779064597774915046e-01	-1.988770982406856958e-01	1.314945401753592480e-01	-4.739616909656177990e-01	2.883604635008258921e-01	-1.783512196080825063e-01	1.581062997349655108e-01	-1.126622915007024633e-01	9.999999999999994449e-01	-6.381238887075681987e-01	2.488327792218336387e-01	-1.890428519277699837e-01	1.384645274583336527e-01	-2.749457055706150954e-01	2.101287871633904514e-01	-1.986487785057543254e-01	1.443829311694604656e-01	-1.496512544825373825e-01	1.934760255083034508e-01	-1.420701648523750305e-01	1.191129240934280381e-01	-1.646553922132075187e-01	9.470081665765681112e-02	-1.028431622946121837e-01	1.011120335830590217e-01	-8.074969495490738614e-02	9.382986955322070166e-02	-7.815270572691453144e-02	1.088227349243289233e-01	-7.728684094765829460e-02	6.640753301354600235e-02	-1.043380679828944946e-01	1.373402351605642613e-01
-1.549245926484232871e-01	1.567246069886347737e-01	-2.087963357141671139e-01	1.947630755692403015e-01	-1.422493977209473848e-01	2.755253014665389744e-01	-3.872455473116547253e-01	2.002713623131423815e-01	-1.815431000056152711e-01	1.198953414184881494e-01	-6.381238887075681987e-01	1.000000000000003553e+00	-4.616882822714772905e-01	2.052245885305650219e-01	-1.511257855794358729e-01	1.658214400523772281e-01	-2.440162373629218284e-01	2.176198610829942204e-01	-1.570907955037409431e-01	1.523614927388355078e-01	-1.681936511346843743e-01	1.390158679454038260e-01	-1.247096312671235330e-01	1.625565994946612247e-01	-9.587020248949926216e-02	8.758094699148760709e-02	-1.000511632490515140e-01	7.906057517341975871e-02	-9.359661129841502503e-02	7.784694041110867824e-02	-1.003532864598637858e-01	7.397952296196858013e-02	-6.501737871076304631e-02	1.012620297934444663e-01	-1.381067535892795961e-01
1.168840171640646713e-01	-1.301646724118461773e-01	2.337025502324293902e-01	-2.727886430171200804e-01	1.867246042217425017e-01	-1.935357715820529290e-01	2.193529801200725660e-01	-2.891805587515967058e-01	2.521165488672092447e-01	-1.692347463192943602e-01	2.488327792218336387e-01	-4.616882822714772905e-01	1.000000000000000666e+00	-4.259282349246598653e-01	2.104304548419692611e-01	-1.211060738832272499e-01	2.810538798484801259e-01	-4.933361409317885693e-01	2.425043210262758653e-01	-2.321688878927219701e-01	1.172900262648248482e-01	-2.063769050870913613e-01	1.864095437315580472e-01	-2.434529907609467025e-01	1.286827094956590756e-01	-7.900081421709581608e-02	1.256007197031079603e-01	-1.036361316021368190e-01	1.240560341566623453e-01	-1.048811575318504552e-01	8.744127586117698969e-02	-9.120545216109945952e-02	8.122503191368472819e-02	-1.344983313566334993e-01	1.767694511123274470e-01
-9.988360080152834664e-02	1.070842856298866719e-01	-2.571528552531264777e-01	2.819497230565233825e-01	-2.579461190920091518e-01	1.491274319512565227e-01	-1.868326858564404724e-01	2.423010282918891256e-01	-5.987281384052740574e-01	2.399892368591475256e-01	-1.890428519277699837e-01	2.052245885305650219e-01	-4.259282349246598653e-01	9.999999999999990008e-01	-3.472543811486932253e-01	9.610232476047023131e-02	-2.511337454025039939e-01	2.482129488971990539e-01	-3.433997769247609244e-01	2.575783760319288462e-01	-9.842545841522659655e-02	1.603715164728915510e-01	-1.525578431589104667e-01	2.231490998314261953e-01	-1.282501736369601186e-01	6.668311097147533451e-02	-1.131050818962409388e-01	9.157224300380591153e-02	-1.177172817718077497e-01	1.007547500672357488e-01	-7.586561729056273684e-02	7.973297867071488243e-02	-7.295348126643214082e-02	1.225956483083880388e-01	-1.725546353664353938e-01
7.947036774776089496e-02	-8.768252964006768846e-02	1.824673150701655033e-01	-3.099216428515237931e-01	2.899862514242282363e-01	-1.164739849670350380e-01	1.347770292629756894e-01	-1.718120313390995579e-01	2.587263114591125124e-01	-5.157044817792945102e-01	1.384645274583336527e-01	-1.511257855794358729e-01	2.104304548419692611e-01	-3.472543811486932253e-01	1.000000000000003553e+00	-7.908194060388483437e-02	2.086776139780235628e-01	-2.147119434817530981e-01	2.638914845194786918e-01	-5.685061889195669460e-01	8.022886102687151744e-02	-1.596242663906635439e-01	1.422190223172134782e-01	-2.383072446701073044e-01	1.338907237053872934e-01	-5.890220611586782090e-02	1.077798516218579777e-01	-9.005364552166844616e-02	1.170777836308434933e-01	-1.080660075997267738e-01	6.612935770388504719e-02	-7.732273302155281969e-02	7.034790618338720991e-02	-1.266020434380772386e-01	1.660332886530145879e-01
-6.798367714325889710e-02	7.314674551797391289e-02	-8.723078781027178430e-02	1.033183642140774738e-01	-7.282353908099020723e-02	1.261010116640219891e-01	-1.100184805095567458e-01	8.082830128915918788e-02	-8.161134744539751129e-02	6.120072026777820945e-02	-2.749457055706150954e-01	1.658214400523772281e-01	-1.211060738832272499e-01	9.610232476047023131e-02	-7.908194060388483437e-02	1.000000000000001332e+00	-2.148266561363284810e-01	1.251403576525318417e-01	-8.769032055116397772e-02	8.776936706645661890e-02	-8.572712417516596961e-01	1.050129035492765039e-01	-8.552750109013670943e-02	1.065183472470273146e-01	-6.422948265330800932e-02	1.997000962289828541e-01	-9.686567757970426795e-02	6.938982242134043854e-02	-6.895218915270349969e-02	5.372521140903403075e-02	-2.294086622293121103e-01	7.987750142349545057e-02	-6.492681034216718494e-02	7.518613454803205198e-02	-9.328383840999476817e-02
1.098328599248767912e-01	-1.227103705439413772e-01	1.915058336938068040e-01	-2.665647617547068915e-01	1.851069829108955012e-01	-1.653705008958568090e-01	1.762504356683444739e-01	-1.775286714062934978e-01	1.994845079035647561e-01	-1.588763721498488435e-01	2.101287871633904514e-01	-2.440162373629218284e-01	2.810538798484801259e-01	-2.511337454025039939e-01	2.086776139780235628e-01	-2.148266561363284810e-01	9.999999999999997780e-01	-5.359560547283767074e-01	2.577554903466807712e-01	-2.575671508523879605e-01	1.721211741713558341e-01	-3.096518583092816579e-01	2.420986138002395038e-01	-3.215077863025069815e-01	1.697873485058651322e-01	-1.196653523575997025e-01	1.755935598269864062e-01	-1.466335906437539194e-01	1.699257130885285516e-01	-1.419504977626469544e-01	1.258449806136610616e-01	-1.322629432472136324e-01	1.143445513573589645e-01	-1.935937046986369037e-01	2.437641696643477462e-01
-9.441206206553276470e-02	1.007054564657020035e-01	-1.904790973872683979e-01	2.136775800949776150e-01	-1.763316739400106192e-01	1.416994173095816878e-01	-1.668568897430268427e-01	1.739890114126145526e-01	-2.013182736153999175e-01	1.486991661139838716e-01	-1.986487785057543254e-01	2.176198610829942204e-01	-4.933361409317885693e-01	2.482129488971990539e-01	-2.147119434817530981e-01	1.251403576525318417e-01	-5.359560547283767074e-01	1.000000000000001110e+00	-3.974913925650687685e-01	2.400970898745797555e-01	-1.247219407498929983e-01	2.523387405597437572e-01	-3.420329997156590918e-01	2.776474397340775724e-01	-1.497912660720908118e-01	8.422937060873543491e-02	-1.524677147138598365e-01	1.235147402741584299e-01	-1.449498137496764982e-01	1.183434802365215949e-01	-9.469032977884837832e-02	1.051568892883192052e-01	-9.671804964331462418e-02	1.479527319718391687e-01	-2.001462347816420906e-01
7.635762980577377734e-02	-8.245794524413631310e-02	1.624928899325162879e-01	-2.156742505418605682e-01	1.843778836522458886e-01	-1.122162073671343907e-01	1.309116771946031987e-01	-1.499532871799128808e-01	2.088563066350221931e-01	-1.733200292664162090e-01	1.443829311694604656e-01	-1.570907955037409431e-01	2.425043210262758653e-01	-3.433997769247609244e-01	2.638914845194786918e-01	-8.769032055116397772e-02	2.577554903466807712e-01	-3.974913925650687685e-01	1.000000000000001554e+00	-5.668749516854378889e-01	8.881919850694081076e-02	-2.103986586622639543e-01	2.116814320447526487e-01	-4.986194606660727113e-01	1.672488460753762674e-01	-6.624560817325764184e-02	1.320596597629602187e-01	-1.118004818677886120e-01	1.483763328282733662e-01	-1.313934775567446589e-01	7.436253319069180412e-02	-9.252428989477476384e-02	8.581518007164752604e-02	-1.494973134310273177e-01	1.908092228825239711e-01
-8.038921942417986966e-02	8.554622561109156975e-02	-1.797618961375199165e-01	2.302012532082853280e-01	-2.651881990939384814e-01	1.152728162258092048e-01	-1.375131971724621038e-01	1.552767519392623807e-01	-2.287206746370264165e-01	2.338536253769843698e-01	-1.496512544825373825e-01	1.523614927388355078e-01	-2.321688878927219701e-01	2.575783760319288462e-01	-5.685061889195669460e-01	8.776936706645661890e-02	-2.575671508523879605e-01	2.400970898745797555e-01	-5.668749516854378889e-01	1.000000000000000000e+00	-9.050683048304088152e-02	1.705777243328680526e-01	-1.694362888027900471e-01	2.666458662316794070e-01	-1.915035768286957596e-01	6.581508096089767890e-02	-1.270788807243931895e-01	1.041090501892105863e-01	-1.441906188369200537e-01	1.352799646586569093e-01	-7.494679482951539795e-02	8.779549595317623356e-02	-8.242111061913845460e-02	1.435267614799750902e-01	-2.051668913144953366e-01
6.658065542270644177e-02	-7.462813184060559935e-02	8.656219853282362542e-02	-1.077236635759889066e-01	7.401633487918367338e-02	-1.258280339024147876e-01	1.054030507802847794e-01	-8.120775006896480130e-02	8.237973897765030196e-02	-6.254463863460112127e-02	1.934760255083034508e-01	-1.681936511346843743e-01	1.172900262648248482e-01	-9.842545841522659655e-02	8.022886102687151744e-02	-8.572712417516596961e-01	1.721211741713558341e-01	-1.247219407498929983e-01	8.881919850694081076e-02	-9.050683048304088152e-02	1.000000000000002220e+00	-1.128641638494516791e-01	8.768314217236680697e-02	-1.113095927518308187e-01	6.595954042943762141e-02	-2.957818615938322959e-01	9.700098508041468670e-02	-7.145909539610915961e-02	7.076978148277307534e-02	-5.549571163842134669e-02	2.112030572877794110e-01	-8.201871661671265856e-02	6.487859321754094188e-02	-7.846445296935665448e-02	9.585054368482216758e-02
-7.084855427429094521e-02	7.447994800544870120e-02	-1.357775560706000473e-01	1.570464231732709437e-01	-1.363624874149450272e-01	1.017101864427411989e-01	-1.179434652338456624e-01	1.163110948888131380e-01	-1.398817498064092169e-01	1.099813795819899187e-01	-1.420701648523750305e-01	1.390158679454038260e-01	-2.063769050870913613e-01	1.603715164728915510e-01	-1.596242663906635439e-01	1.050129035492765039e-01	-3.096518583092816579e-01	2.523387405597437572e-01	-2.103986586622639543e-01	1.705777243328680526e-01	-1.128641638494516791e-01	1.000000000000001554e+00	-7.476861570625125131e-01	2.778578932159217474e-01	-1.698174264346331563e-01	9.198709461630909245e-02	-3.036841091697495831e-01	1.895453746362008307e-01	-1.824067408414982994e-01	1.328986884948350766e-01	-1.032101143667722848e-01	1.589091990620407624e-01	-1.474284263377154403e-01	1.711164995673951639e-01	-2.282658886062259584e-01
6.028322673966088341e-02	-6.433712686656378743e-02	1.166969643318874067e-01	-1.416508509340549671e-01	1.182169036523810363e-01	-8.794249015490497590e-02	1.009979511943665392e-01	-1.035646138372501857e-01	1.246211683830505262e-01	-9.874404361811314756e-02	1.191129240934280381e-01	-1.247096312671235330e-01	1.864095437315580472e-01	-1.525578431589104667e-01	1.422190223172134782e-01	-8.552750109013670943e-02	2.420986138002395038e-01	-3.420329997156590918e-01	2.116814320447526487e-01	-1.694362888027900471e-01	8.768314217236680697e-02	-7.476861570625125131e-01	9.999999999999988898e-01	-4.201893934906088535e-01	1.483093482708284228e-01	-7.457568282769215517e-02	2.001362276738622159e-01	-1.910934358275511724e-01	1.597107653478767597e-01	-1.207083286763449559e-01	8.178044320568482461e-02	-1.361725119700133435e-01	1.249642966618466355e-01	-1.546370802581707171e-01	1.820075494554068696e-01
-8.509680017039275568e-02	8.949248370270063146e-02	-1.716856564339434565e-01	2.033379378523904046e-01	-1.884447651287681769e-01	1.209834386821145719e-01	-1.427261368116932994e-01	1.468355595654412815e-01	-1.913107663066956343e-01	1.533770624613310374e-01	-1.646553922132075187e-01	1.625565994946612247e-01	-2.434529907609467025e-01	2.231490998314261953e-01	-2.383072446701073044e-01	1.065183472470273146e-01	-3.215077863025069815e-01	2.776474397340775724e-01	-4.986194606660727113e-01	2.666458662316794070e-01	-1.113095927518308187e-01	2.778578932159217474e-01	-4.201893934906088535e-01	9.999999999999988898e-01	-3.149631566148249906e-01	8.801090636283490087e-02	-2.083506543639378483e-01	1.730628225918741658e-01	-2.775027352246220436e-01	2.094683306930494593e-01	-1.004333512612141238e-01	1.362016411968184348e-01	-1.348212908817890965e-01	2.233262543881442408e-01	-3.077057696443666335e-01
5.133809396749682008e-02	-5.517721751653516249e-02	9.867569324909612749e-02	-1.317563951422938973e-01	1.073799177946807154e-01	-7.249735615238502018e-02	8.286654303347401607e-02	-8.578674108788653108e-02	1.069039161617323652e-01	-9.145695644601228858e-02	9.470081665765681112e-02	-9.587020248949926216e-02	1.286827094956590756e-01	-1.282501736369601186e-01	1.338907237053872934e-01	-6.422948265330800932e-02	1.697873485058651322e-01	-1.497912660720908118e-01	1.672488460753762674e-01	-1.915035768286957596e-01	6.595954042943762141e-02	-1.698174264346331563e-01	1.483093482708284228e-01	-3.149631566148249906e-01	9.999999999999993339e-01	-6.017725855728078138e-02	1.461053249909123608e-01	-1.514599892197835973e-01	2.561124803195198862e-01	-7.868584045330798693e-01	6.662454247422849862e-02	-1.105026947607137960e-01	1.060827905051235226e-01	-2.792432874480110794e-01	2.687595974326378867e-01
-4.052120034570728946e-02	4.412951881734591963e-02	-5.901825510918382034e-02	7.258341833655135300e-02	-5.339089076084888030e-02	6.649294360113759683e-02	-6.370390281801713295e-02	5.289142264721053560e-02	-5.708255247623410245e-02	4.427217402075980107e-02	-1.028431622946121837e-01	8.758094699148760709e-02	-7.900081421709581608e-02	6.668311097147533451e-02	-5.890220611586782090e-02	1.997000962289828541e-01	-1.196653523575997025e-01	8.422937060873543491e-02	-6.624560817325764184e-02	6.581508096089767890e-02	-2.957818615938322959e-01	9.198709461630909245e-02	-7.457568282769215517e-02	8.801090636283490087e-02	-6.017725855728078138e-02	9.999999999999994449e-01	-1.695522971200235651e-01	1.017311871976070148e-01	-7.666738626436719883e-02	5.221374551269869491e-02	-8.882552386303457226e-01	1.513467453858662048e-01	-1.139742574367353101e-01	8.009529784415655995e-02	-8.624011947551001034e-02
5.130437879558882863e-02	-5.530471313384329596e-02	9.243563445670810452e-02	-1.185330393256423392e-01	9.342880201349426650e-02	-7.488315770975816077e-02	8.237223338418070417e-02	-8.067166266985943690e-02	9.557893747338161439e-02	-7.745130312910407377e-02	1.011120335830590217e-01	-1.000511632490515140e-01	1.256007197031079603e-01	-1.131050818962409388e-01	1.077798516218579777e-01	-9.686567757970426795e-02	1.755935598269864062e-01	-1.524677147138598365e-01	1.320596597629602187e-01	-1.270788807243931895e-01	9.700098508041468670e-02	-3.036841091697495831e-01	2.001362276738622159e-01	-2.083506543639378483e-01	1.461053249909123608e-01	-1.695522971200235651e-01	1.000000000000001554e+00	-5.480146469193951653e-01	2.322087918401397610e-01	-1.405407743008858790e-01	1.606522878576822355e-01	-5.691764056017315498e-01	3.146566821885212195e-01	-2.557231933951044089e-01	1.940150307316895750e-01
-4.110739375915989369e-02	4.388934989821271365e-02	-7.566065863143406345e-02	9.458630206519230699e-02	-7.731572522019265759e-02	5.924896490041106634e-02	-6.649034950391145837e-02	6.537879459262195547e-02	-7.834751138644215074e-02	6.349101949975566317e-02	-8.074969495490738614e-02	7.906057517341975871e-02	-1.036361316021368190e-01	9.157224300380591153e-02	-9.005364552166844616e-02	6.938982242134043854e-02	-1.466335906437539194e-01	1.235147402741584299e-01	-1.118004818677886120e-01	1.041090501892105863e-01	-7.145909539610915961e-02	1.895453746362008307e-01	-1.910934358275511724e-01	1.730628225918741658e-01	-1.514599892197835973e-01	1.017311871976070148e-01	-5.480146469193951653e-01	1.000000000000000888e+00	-3.823271539998543966e-01	1.452077544509835505e-01	-1.140481890221752698e-01	3.117969135502081657e-01	-5.950422534557036069e-01	2.331106863684774821e-01	-1.860613835306927366e-01
4.986830849214273637e-02	-5.339427665568329678e-02	9.395017905661208479e-02	-1.219771354871200947e-01	9.885296072672886125e-02	-7.067590230109115079e-02	8.037015091027156777e-02	-8.124648074500920303e-02	9.928587379605652297e-02	-8.225358300617927054e-02	9.382986955322070166e-02	-9.359661129841502503e-02	1.240560341566623453e-01	-1.177172817718077497e-01	1.170777836308434933e-01	-6.895218915270349969e-02	1.699257130885285516e-01	-1.449498137496764982e-01	1.483763328282733662e-01	-1.441906188369200537e-01	7.076978148277307534e-02	-1.824067408414982994e-01	1.597107653478767597e-01	-2.775027352246220436e-01	2.561124803195198862e-01	-7.666738626436719883e-02	2.322087918401397610e-01	-3.823271539998543966e-01	1.000000000000000666e+00	-3.766842710037280884e-01	8.427778226169541087e-02	-1.811674477660291938e-01	1.936893690073689667e-01	-6.683946088366141680e-01	2.845037310587834600e-01
-4.198041557775840371e-02	4.484067869414540969e-02	-8.050629969679894138e-02	1.044434625528397470e-01	-8.754665228164137947e-02	5.909036575232694266e-02	-6.782305270062775893e-02	6.925816934688558413e-02	-8.611172632650923586e-02	7.272994829714395093e-02	-7.815270572691453144e-02	7.784694041110867824e-02	-1.048811575318504552e-01	1.007547500672357488e-01	-1.080660075997267738e-01	5.372521140903403075e-02	-1.419504977626469544e-01	1.183434802365215949e-01	-1.313934775567446589e-01	1.352799646586569093e-01	-5.549571163842134669e-02	1.328986884948350766e-01	-1.207083286763449559e-01	2.094683306930494593e-01	-7.868584045330798693e-01	5.221374551269869491e-02	-1.405407743008858790e-01	1.452077544509835505e-01	-3.766842710037280884e-01	1.000000000000000666e+00	-5.836836404957658486e-02	1.000649133082903014e-01	-1.052493752799045779e-01	2.553460578436369532e-01	-3.631054634348320209e-01
4.557547612698424622e-02	-5.060970534910038537e-02	6.598126217809391347e-02	-8.369098981955827576e-02	6.009448801230132808e-02	-7.579612344952345315e-02	7.097818471634624593e-02	-5.971614635079050548e-02	6.432035838268554406e-02	-5.012853573185991479e-02	1.088227349243289233e-01	-1.003532864598637858e-01	8.744127586117698969e-02	-7.586561729056273684e-02	6.612935770388504719e-02	-2.294086622293121103e-01	1.258449806136610616e-01	-9.469032977884837832e-02	7.436253319069180412e-02	-7.494679482951539795e-02	2.112030572877794110e-01	-1.032101143667722848e-01	8.178044320568482461e-02	-1.004333512612141238e-01	6.662454247422849862e-02	-8.882552386303457226e-01	1.606522878576822355e-01	-1.140481890221752698e-01	8.427778226169541087e-02	-5.836836404957658486e-02	1.000000000000001776e+00	-2.015284483791750791e-01	1.214327194609666621e-01	-9.141725123539487519e-02	9.540819636246881952e-02
-3.793351824080769263e-02	4.060028855323401242e-02	-6.732041928292620270e-02	8.357278205221160827e-02	-6.740435426472185521e-02	5.567930753305404268e-02	-6.095098370269861482e-02	5.826095026922677167e-02	-6.859625148707314268e-02	5.516911962729562080e-02	-7.728684094765829460e-02	7.397952296196858013e-02	-9.120545216109945952e-02	7.973297867071488243e-02	-7.732273302155281969e-02	7.987750142349545057e-02	-1.322629432472136324e-01	1.051568892883192052e-01	-9.252428989477476384e-02	8.779549595317623356e-02	-8.201871661671265856e-02	1.589091990620407624e-01	-1.361725119700133435e-01	1.362016411968184348e-01	-1.105026947607137960e-01	1.513467453858662048e-01	-5.691764056017315498e-01	3.117969135502081657e-01	-1.811674477660291938e-01	1.000649133082903014e-01	-2.015284483791750791e-01	1.000000000000001332e+00	-6.809112140765217758e-01	1.634272730871797197e-01	-1.486763796263087523e-01
3.343473919791074833e-02	-3.594487594789540219e-02	6.010443661572006935e-02	-7.636368286350894707e-02	6.087261662716986210e-02	-4.881644286294739565e-02	5.368477910796452118e-02	-5.226572913547263693e-02	6.200490597477397586e-02	-5.027300223642795773e-02	6.640753301354600235e-02	-6.501737871076304631e-02	8.122503191368472819e-02	-7.295348126643214082e-02	7.034790618338720991e-02	-6.492681034216718494e-02	1.143445513573589645e-01	-9.671804964331462418e-02	8.581518007164752604e-02	-8.242111061913845460e-02	6.487859321754094188e-02	-1.474284263377154403e-01	1.249642966618466355e-01	-1.348212908817890965e-01	1.060827905051235226e-01	-1.139742574367353101e-01	3.146566821885212195e-01	-5.950422534557036069e-01	1.936893690073689667e-01	-1.052493752799045779e-01	1.214327194609666621e-01	-6.809112140765217758e-01	1.000000000000001110e+00	-1.936891894283657989e-01	1.380360748168922569e-01
-5.506542533346867746e-02	5.829445247366772664e-02	-1.034806406349311342e-01	1.291966063843534018e-01	-1.086448922521148219e-01	7.722585224092243239e-02	-8.868236749039937195e-02	8.793638316783923548e-02	-1.070189463593586437e-01	8.799034892426883803e-02	-1.043380679828944946e-01	1.012620297934444663e-01	-1.344983313566334993e-01	1.225956483083880388e-01	-1.266020434380772386e-01	7.518613454803205198e-02	-1.935937046986369037e-01	1.479527319718391687e-01	-1.494973134310273177e-01	1.435267614799750902e-01	-7.846445296935665448e-02	1.711164995673951639e-01	-1.546370802581707171e-01	2.233262543881442408e-01	-2.792432874480110794e-01	8.009529784415655995e-02	-2.557231933951044089e-01	2.331106863684774821e-01	-6.683946088366141680e-01	2.553460578436369532e-01	-9.141725123539487519e-02	1.634272730871797197e-01	-1.936891894283657989e-01	1.000000000000001110e+00	-5.074381066283517594e-01
7.643246302297371231e-02	-8.252292004215298904e-02	1.408418555431157904e-01	-1.941837080633545820e-01	1.458122009345798331e-01	-1.061345175517424272e-01	1.200499818674187202e-01	-1.216737151467288114e-01	1.462038486055938225e-01	-1.217437699847412486e-01	1.373402351605642613e-01	-1.381067535892795961e-01	1.767694511123274470e-01	-1.725546353664353938e-01	1.660332886530145879e-01	-9.328383840999476817e-02	2.437641696643477462e-01	-2.001462347816420906e-01	1.908092228825239711e-01	-2.051668913144953366e-01	9.585054368482216758e-02	-2.282658886062259584e-01	1.820075494554068696e-01	-3.077057696443666335e-01	2.687595974326378867e-01	-8.624011947551001034e-02	1.940150307316895750e-01	-1.860613835306927366e-01	2.845037310587834600e-01	-3.631054634348320209e-01	9.540819636246881952e-02	-1.486763796263087523e-01	1.380360748168922569e-01	-5.074381066283517594e-01	1.000000000000001110e+00
