1.000000000000000000e+00	-9.229997846097973691e-01	7.451317278454296089e-02	-5.032752942140597541e-02	5.069820129558835764e-02	-2.524677100940577179e-01	2.211238185067680717e-01	-7.614075148584384389e-02	4.925075832456145969e-02	-2.168423918338638345e-02	1.234146954348629976e-01	-1.452334236476130469e-01	7.957968643614754534e-02	-4.265974800237514603e-02	2.425035685002503716e-02	-9.085523499889643084e-02	7.645498100481638859e-02	-6.435087213109796922e-02	3.643628294881246649e-02	-4.749669280018909562e-02	5.874234089124156372e-02	-5.648185146263429851e-02	5.279148930517985755e-02	-3.809972966669179090e-02	3.243821068471024888e-02	-3.037757413110766733e-02	3.449597101068341970e-02	-4.385129995424303512e-02	4.005893738654102421e-02	-3.586707577112196316e-02	3.505561500650127005e-02	-3.033929837755882861e-02	3.570601345464738396e-02	-4.398521273597470055e-02	3.935862499457770669e-02
-9.229997846097973691e-01	1.000000000000000222e+00	-7.716704330159336600e-02	4.711674491769002326e-02	-4.660132064949026875e-02	1.998028375446172789e-01	-2.889280965483763675e-01	7.048128349518481550e-02	-4.593431473973422913e-02	1.974636657016970095e-02	-1.156528673216094538e-01	1.271664775455695895e-01	-7.344639200691445435e-02	3.840836361851802244e-02	-2.208726276040191838e-02	7.858306890193010597e-02	-6.966479266726230413e-02	5.711164486322840850e-02	-3.293885403601461842e-02	4.212582717129634974e-02	-5.329157640109791899e-02	5.012686550839264704e-02	-4.750691488665479550e-02	3.379657395022320904e-02	-2.895446259209700016e-02	2.724548000201857181e-02	-3.098576040107968096e-02	3.890556759213720239e-02	-3.578693603084583119e-02	3.183578542139111484e-02	-3.168124742440343172e-02	2.705782163946763783e-02	-3.188511405525200348e-02	3.884176278202702837e-02	-3.529322702493251779e-02
7.451317278454296089e-02	-7.716704330159336600e-02	1.000000000000000222e+00	-5.262635245825435515e-01	2.445011119066797800e-01	-6.877506183443360399e-02	7.304215339339821533e-02	-7.219881019298602931e-01	3.021604731568368618e-01	-1.009534838926356842e-01	6.794878408054053076e-02	-7.565510275050281452e-02	1.510445060994727584e-01	-1.633236037349791725e-01	1.059508384609142845e-01	-7.574878993257284920e-02	7.108431224887543087e-02	-1.000178625901178425e-01	1.310665015327674432e-01	-1.497156337408458715e-01	8.034505110215875434e-02	-7.332654117898580737e-02	9.311176415241607940e-02	-1.016421899718228106e-01	9.152608656321002678e-02	-4.935082218279789740e-02	6.388701568471763514e-02	-8.594383490260959491e-02	9.299716982121847275e-02	-8.925069452216990995e-02	6.059446375765532855e-02	-5.631000185008603470e-02	7.304674013620957029e-02	-9.211932079270404583e-02	1.033550748890921522e-01
-5.032752942140597541e-02	4.711674491769002326e-02	-5.262635245825435515e-01	1.000000000000000222e+00	-4.422425159060424105e-01	5.086339712006877900e-02	-5.409573042173405899e-02	3.135133848480476382e-01	-6.088353801068342452e-01	1.388202704500067497e-01	-5.757445693560491601e-02	6.288309875994119169e-02	-1.435378517594840808e-01	1.951117287685376900e-01	-1.457036618721228027e-01	6.677407205119557931e-02	-6.402186146404488520e-02	9.168443198485588808e-02	-1.632312418986607838e-01	1.564449087904585811e-01	-7.616891425784308445e-02	6.830486709182632954e-02	-9.009448295126713802e-02	1.038547836730708551e-01	-9.676826373111739599e-02	4.708968007262229194e-02	-6.184078312787160553e-02	8.294190561844176635e-02	-9.367341792992392446e-02	8.825617604203646327e-02	-5.844521714526584866e-02	5.407818453128842434e-02	-7.118687220527589177e-02	8.846803128334387867e-02	-1.043378888137385108e-01
5.069820129558835764e-02	-4.660132064949026875e-02	2.445011119066797800e-01	-4.422425159060424105e-01	1.000000000000000222e+00	-6.336732833932967601e-02	6.568953455037333800e-02	-2.830183288413107290e-01	2.774493405916129696e-01	-3.258268746663826043e-01	7.685487435799680245e-02	-8.364712922997503963e-02	1.864976895604547880e-01	-2.302449643562286263e-01	2.366063416752463011e-01	-9.416577182969218529e-02	8.952315916028698306e-02	-1.282771614373396929e-01	1.808954315695703863e-01	-2.528959727742421393e-01	1.103325605669143450e-01	-9.938362468489103652e-02	1.293059738647131252e-01	-1.608384238751021933e-01	1.435965347449111862e-01	-7.062477270141538643e-02	9.340228260661424808e-02	-1.249144929581328944e-01	1.400663529420742848e-01	-1.419908237202446855e-01	8.759922865314798135e-02	-8.267577587454008614e-02	1.081599523498665838e-01	-1.395740121699791947e-01	1.619970525533517280e-01
-2.524677100940577179e-01	1.998028375446172789e-01	-6.877506183443360399e-02	5.086339712006877900e-02	-6.336732833932967601e-02	9.999999999999997780e-01	-7.592517875120949888e-01	7.827753324481542818e-02	-5.982335905996718356e-02	2.773047417417066896e-02	-4.640000215810188289e-01	2.890981782499685293e-01	-1.409573609495543556e-01	5.908408132976138150e-02	-3.153373611046561553e-02	1.789733774092315266e-01	-1.625922830141120212e-01	1.108749669060793835e-01	-5.145003321219435155e-02	6.639661532617707751e-02	-1.121582055331237088e-01	1.019225121127397549e-01	-9.078449792507015115e-02	5.611614618929511994e-02	-4.761756156082401492e-02	5.280822481567420956e-02	-5.779925480071759769e-02	7.028746279623131199e-02	-6.220971715247058248e-02	5.327875168585052140e-02	-6.098217082411476475e-02	4.977445573585492083e-02	-5.710835780457751421e-02	6.775903088154169862e-02	-5.863053643720612246e-02
2.211238185067680717e-01	-2.889280965483763675e-01	7.304215339339821533e-02	-5.409573042173405899e-02	6.568953455037333800e-02	-7.592517875120949888e-01	9.999999999999995559e-01	-8.926140313354703759e-02	6.295590846682891373e-02	-2.899252426974960675e-02	2.862734474649975547e-01	-4.263419963092824339e-01	1.399854781244254387e-01	-6.226141775591375466e-02	3.282984369602656716e-02	-1.854792332673749211e-01	1.595057412376803263e-01	-1.168800273529186223e-01	5.338131447933577856e-02	-7.012454433286559319e-02	1.067163639561735239e-01	-1.046364777052297967e-01	9.112174101908890322e-02	-5.862658046420583802e-02	4.930831509147461100e-02	-5.204719938485805747e-02	5.730602145355985499e-02	-7.256885092118960101e-02	6.355570936857465880e-02	-5.515681399582763461e-02	5.916368482958689334e-02	-5.013194223958210988e-02	5.786528876564316082e-02	-7.019995894963491911e-02	5.970604404406804067e-02
-7.614075148584384389e-02	7.048128349518481550e-02	-7.219881019298602931e-01	3.135133848480476382e-01	-2.830183288413107290e-01	7.827753324481542818e-02	-8.926140313354703759e-02	9.999999999999998890e-01	-4.743468397934772485e-01	1.146386659906692834e-01	-8.167854215066618073e-02	8.936880619872460130e-02	-2.064955808672387094e-01	1.883984588328259935e-01	-1.270363291172780795e-01	8.831701087715534970e-02	-8.508963878528277847e-02	1.197890971312018243e-01	-1.643917603717059972e-01	1.603374690203045738e-01	-9.658579098344828584e-02	8.644849007349726666e-02	-1.128777163298457231e-01	1.126928226170188091e-01	-1.047217500969555570e-01	5.795874800509829422e-02	-7.501250840150178179e-02	9.918064318204666829e-02	-1.082920355520179956e-01	9.961785212858459415e-02	-7.179832955133927386e-02	6.510987219991540287e-02	-8.487827486714569214e-02	1.031656961498890746e-01	-1.202608359800137749e-01
4.925075832456145969e-02	-4.593431473973422913e-02	3.021604731568368618e-01	-6.088353801068342452e-01	2.774493405916129696e-01	-5.982335905996718356e-02	6.295590846682891373e-02	-4.743468397934772485e-01	9.999999999999993339e-01	-1.602666618818467115e-01	6.858453163608936587e-02	-7.596503747516192284e-02	1.745231075899627560e-01	-3.754456840595709055e-01	1.522132017547369043e-01	-8.156960473223326402e-02	7.772628608127364613e-02	-1.150055699894472205e-01	2.163135087097562137e-01	-2.188672440399143659e-01	9.142143812020038507e-02	-8.336074880580954249e-02	1.096806630680610267e-01	-1.384292859767864425e-01	1.251527285065877904e-01	-5.691316909396734042e-02	7.483998360308959097e-02	-1.034967697922131724e-01	1.164401076834579857e-01	-1.103041633134550920e-01	7.013477926942549012e-02	-6.607516351600256632e-02	8.728696113642260557e-02	-1.105628606478603337e-01	1.254943718094168048e-01
-2.168423918338638345e-02	1.974636657016970095e-02	-1.009534838926356842e-01	1.388202704500067497e-01	-3.258268746663826043e-01	2.773047417417066896e-02	-2.899252426974960675e-02	1.146386659906692834e-01	-1.602666618818467115e-01	9.999999999999987788e-01	-3.467067854217390638e-02	3.768757418039490881e-02	-9.089758277899397110e-02	1.379472511537095936e-01	-8.950540985387088755e-01	4.220980937643434988e-02	-4.074202996147077704e-02	5.936719222117429334e-02	-1.155100233304333646e-01	1.357186050612027295e-01	-5.027936703307201577e-02	4.497867366470122141e-02	-6.056800780545958801e-02	7.771334787556596901e-02	-7.917949692954012741e-02	3.160104285686735764e-02	-4.205472646271348619e-02	5.713172325793535594e-02	-6.713018746211697751e-02	6.340035456276103820e-02	-3.935681314338902032e-02	3.683083710290012414e-02	-4.909764460822086535e-02	6.134470366944988484e-02	-7.435261646377966382e-02
1.234146954348629976e-01	-1.156528673216094538e-01	6.794878408054053076e-02	-5.757445693560491601e-02	7.685487435799680245e-02	-4.640000215810188289e-01	2.862734474649975547e-01	-8.167854215066618073e-02	6.858453163608936587e-02	-3.467067854217390638e-02	9.999999999999998890e-01	-6.637178668906230650e-01	1.902782481625494293e-01	-7.838682193248075469e-02	3.946612936387036003e-02	-4.182312529482932195e-01	2.597093463863539009e-01	-1.703885710064761694e-01	6.727288938266050289e-02	-9.052532675329925949e-02	1.634718082181365606e-01	-1.599703452241713064e-01	1.297635465275894795e-01	-7.777791849605547592e-02	6.467326818760645024e-02	-7.560719893918173284e-02	8.033031212875339777e-02	-1.009668194317168560e-01	8.580950836827162809e-02	-7.325450464842980791e-02	8.407475231086036782e-02	-7.015168747320346676e-02	7.935923978481354557e-02	-9.566147696792817734e-02	7.822396085611434124e-02
-1.452334236476130469e-01	1.271664775455695895e-01	-7.565510275050281452e-02	6.288309875994119169e-02	-8.364712922997503963e-02	2.890981782499685293e-01	-4.263419963092824339e-01	8.936880619872460130e-02	-7.596503747516192284e-02	3.768757418039490881e-02	-6.637178668906230650e-01	1.000000000000001554e+00	-2.724264595373065423e-01	8.689025248199694351e-02	-4.302781901727801422e-02	2.825519933025356645e-01	-3.781769365087458423e-01	1.909850740642276001e-01	-7.487419280047885595e-02	9.650152506407506936e-02	-1.806649640647936261e-01	1.699300636334008241e-01	-1.480877852616068191e-01	8.335078788398418703e-02	-7.009101284066399096e-02	8.120120297744931603e-02	-8.820444562688183054e-02	1.090364108463301174e-01	-9.376975553191628510e-02	7.848066772641520972e-02	-9.295491385221024694e-02	7.560970227745768268e-02	-8.661066075739648484e-02	1.016481710582973902e-01	-8.524224512094379091e-02
7.957968643614754534e-02	-7.344639200691445435e-02	1.510445060994727584e-01	-1.435378517594840808e-01	1.864976895604547880e-01	-1.409573609495543556e-01	1.399854781244254387e-01	-2.064955808672387094e-01	1.745231075899627560e-01	-9.089758277899397110e-02	1.902782481625494293e-01	-2.724264595373065423e-01	1.000000000000000666e+00	-2.700918140890944952e-01	1.023176448566346652e-01	-2.554018661304273130e-01	2.391201326160395380e-01	-6.091710566287356077e-01	1.914130654430460932e-01	-2.503981544635515144e-01	2.075174193117801380e-01	-2.235474330587856884e-01	2.783920935019607024e-01	-2.017572495010409306e-01	1.636744802397362419e-01	-1.205972866736315791e-01	1.469346201902702320e-01	-2.434188877724672573e-01	1.998614485050856093e-01	-1.773109226398425498e-01	1.372422839470958666e-01	-1.357818171849983213e-01	1.721080522750594866e-01	-2.226266028312115508e-01	1.804692494883344822e-01
-4.265974800237514603e-02	3.840836361851802244e-02	-1.633236037349791725e-01	1.951117287685376900e-01	-2.302449643562286263e-01	5.908408132976138150e-02	-6.226141775591375466e-02	1.883984588328259935e-01	-3.754456840595709055e-01	1.379472511537095936e-01	-7.838682193248075469e-02	8.689025248199694351e-02	-2.700918140890944952e-01	1.000000000000002665e+00	-1.761271836088508236e-01	9.495146584466605810e-02	-9.360816665201054931e-02	1.469015125402857169e-01	-7.278359058856560537e-01	2.695285128006507103e-01	-1.109497688781556218e-01	1.000612535154203619e-01	-1.405704002323041046e-01	1.787579093314365097e-01	-1.802470996634002454e-01	6.741716897529698160e-02	-8.957087973577051998e-02	1.261953978156653278e-01	-1.524306274077432966e-01	1.286103694114009710e-01	-8.368706950315642212e-02	7.780860548768439577e-02	-1.055906092495867699e-01	1.270821340415308476e-01	-1.539567011139794106e-01
2.425035685002503716e-02	-2.208726276040191838e-02	1.059508384609142845e-01	-1.457036618721228027e-01	2.366063416752463011e-01	-3.153373611046561553e-02	3.282984369602656716e-02	-1.270363291172780795e-01	1.522132017547369043e-01	-8.950540985387088755e-01	3.946612936387036003e-02	-4.302781901727801422e-02	1.023176448566346652e-01	-1.761271836088508236e-01	1.000000000000002220e+00	-4.847928000269467741e-02	4.660549441266455262e-02	-6.829205136651561592e-02	1.308212010629066502e-01	-1.772050601846970608e-01	5.741555522333365719e-02	-5.168252865376935651e-02	6.923630714655962248e-02	-9.313362539288588815e-02	9.234162768862426429e-02	-3.630871562234777583e-02	4.833154534322177398e-02	-6.630464852285820887e-02	7.750367654546064244e-02	-7.431797096658138146e-02	4.509498405711514363e-02	-4.254382101555590628e-02	5.666553757117527568e-02	-7.168636336004621801e-02	8.523072211682533594e-02
-9.085523499889643084e-02	7.858306890193010597e-02	-7.574878993257284920e-02	6.677407205119557931e-02	-9.416577182969218529e-02	1.789733774092315266e-01	-1.854792332673749211e-01	8.831701087715534970e-02	-8.156960473223326402e-02	4.220980937643434988e-02	-4.182312529482932195e-01	2.825519933025356645e-01	-2.554018661304273130e-01	9.495146584466605810e-02	-4.847928000269467741e-02	1.000000000000003997e+00	-6.755895555327801061e-01	2.329583569717869340e-01	-8.512652977415539890e-02	1.112553744455416910e-01	-3.672189827576850529e-01	2.660586504698689847e-01	-2.053984813993097458e-01	1.007343049007912439e-01	-8.500144537795278898e-02	1.290361483734735470e-01	-1.283406130227723041e-01	1.410233034134788233e-01	-1.199982327273133587e-01	9.672964254362777237e-02	-1.456857770283347397e-01	1.065208463714820697e-01	-1.151324860395196714e-01	1.296368664849840147e-01	-1.063135069080784062e-01
7.645498100481638859e-02	-6.966479266726230413e-02	7.108431224887543087e-02	-6.402186146404488520e-02	8.952315916028698306e-02	-1.625922830141120212e-01	1.595057412376803263e-01	-8.508963878528277847e-02	7.772628608127364613e-02	-4.074202996147077704e-02	2.597093463863539009e-01	-3.781769365087458423e-01	2.391201326160395380e-01	-9.360816665201054931e-02	4.660549441266455262e-02	-6.755895555327801061e-01	1.000000000000000000e+00	-3.486380179534618318e-01	8.241088308488367375e-02	-1.109002260933573264e-01	2.653914708972273662e-01	-3.838294109999841885e-01	2.159487794012686923e-01	-1.011188534097019198e-01	8.332423514055878333e-02	-1.125692214560148618e-01	1.172842559090332831e-01	-1.476891996350791214e-01	1.177168991314860996e-01	-9.528254850389211716e-02	1.214141079186200067e-01	-1.009139773372007831e-01	1.111432835534258839e-01	-1.286679717832804881e-01	1.011667867300713175e-01
-6.435087213109796922e-02	5.711164486322840850e-02	-1.000178625901178425e-01	9.168443198485588808e-02	-1.282771614373396929e-01	1.108749669060793835e-01	-1.168800273529186223e-01	1.197890971312018243e-01	-1.150055699894472205e-01	5.936719222117429334e-02	-1.703885710064761694e-01	1.909850740642276001e-01	-6.091710566287356077e-01	1.469015125402857169e-01	-6.829205136651561592e-02	2.329583569717869340e-01	-3.486380179534618318e-01	1.000000000000001776e+00	-1.315420498676370953e-01	1.608517127030790750e-01	-2.354497265291844443e-01	2.399403183471941758e-01	-5.301544119059706794e-01	1.514373894742478965e-01	-1.279954304259031117e-01	1.169861025887121014e-01	-1.444157023006902019e-01	2.317392322475302635e-01	-1.900951877583033633e-01	1.393951856017098812e-01	-1.368263342393004067e-01	1.250112030505144689e-01	-1.684908583929767278e-01	1.793059083469443205e-01	-1.528039112781580111e-01
3.643628294881246649e-02	-3.293885403601461842e-02	1.310665015327674432e-01	-1.632312418986607838e-01	1.808954315695703863e-01	-5.145003321219435155e-02	5.338131447933577856e-02	-1.643917603717059972e-01	2.163135087097562137e-01	-1.155100233304333646e-01	6.727288938266050289e-02	-7.487419280047885595e-02	1.914130654430460932e-01	-7.278359058856560537e-01	1.308212010629066502e-01	-8.512652977415539890e-02	8.241088308488367375e-02	-1.315420498676370953e-01	1.000000000000000444e+00	-4.770113463311833057e-01	9.852798588896471976e-02	-9.112792047897254333e-02	1.270342623166901275e-01	-2.497054105210411157e-01	2.140826223002571804e-01	-6.163884295201250280e-02	8.297264897941961093e-02	-1.258619759521312220e-01	1.547215547903427746e-01	-1.338954338791692178e-01	7.582207535512061614e-02	-7.358803249062090268e-02	1.013026911483140002e-01	-1.284375850277132136e-01	1.451468207298942659e-01
-4.749669280018909562e-02	4.212582717129634974e-02	-1.497156337408458715e-01	1.564449087904585811e-01	-2.528959727742421393e-01	6.639661532617707751e-02	-7.012454433286559319e-02	1.603374690203045738e-01	-2.188672440399143659e-01	1.357186050612027295e-01	-9.052532675329925949e-02	9.650152506407506936e-02	-2.503981544635515144e-01	2.695285128006507103e-01	-1.772050601846970608e-01	1.112553744455416910e-01	-1.109002260933573264e-01	1.608517127030790750e-01	-4.770113463311833057e-01	1.000000000000000222e+00	-1.444557424218488317e-01	1.261858422853239514e-01	-1.848975747077985232e-01	2.929690457636509038e-01	-5.476494187348117659e-01	8.968268240472027086e-02	-1.230065783890919723e-01	1.730776551468325986e-01	-2.399826173268295726e-01	1.982310933664413466e-01	-1.133475948814665069e-01	1.054755290676698404e-01	-1.482172161874601435e-01	1.741269559741420170e-01	-2.436022576186137323e-01
5.874234089124156372e-02	-5.329157640109791899e-02	8.034505110215875434e-02	-7.616891425784308445e-02	1.103325605669143450e-01	-1.121582055331237088e-01	1.067163639561735239e-01	-9.658579098344828584e-02	9.142143812020038507e-02	-5.027936703307201577e-02	1.634718082181365606e-01	-1.806649640647936261e-01	2.075174193117801380e-01	-1.109497688781556218e-01	5.741555522333365719e-02	-3.672189827576850529e-01	2.653914708972273662e-01	-2.354497265291844443e-01	9.852798588896471976e-02	-1.444557424218488317e-01	1.000000000000000000e+00	-6.963966083043975352e-01	2.449503526238099860e-01	-1.332569044296414151e-01	1.065358054698175710e-01	-3.214760288706550728e-01	1.936827619124876498e-01	-1.985535369225086555e-01	1.515516319752490682e-01	-1.273955496562170220e-01	2.274553163524081767e-01	-1.716833669931053796e-01	1.542144062656818082e-01	-1.883485600966416651e-01	1.291721395497684999e-01
-5.648185146263429851e-02	5.012686550839264704e-02	-7.332654117898580737e-02	6.830486709182632954e-02	-9.938362468489103652e-02	1.019225121127397549e-01	-1.046364777052297967e-01	8.644849007349726666e-02	-8.336074880580954249e-02	4.497867366470122141e-02	-1.599703452241713064e-01	1.699300636334008241e-01	-2.235474330587856884e-01	1.000612535154203619e-01	-5.168252865376935651e-02	2.660586504698689847e-01	-3.838294109999841885e-01	2.399403183471941758e-01	-9.112792047897254333e-02	1.261858422853239514e-01	-6.963966083043975352e-01	9.999999999999990008e-01	-3.888177964870501713e-01	1.222516696732717789e-01	-1.003677067138515205e-01	1.941643867822043512e-01	-2.041930345533375657e-01	1.973847384052909992e-01	-1.530245991350919765e-01	1.161650447001010555e-01	-2.098027566631740226e-01	1.549871733146378494e-01	-1.541727714765265822e-01	1.668254919843275563e-01	-1.233178360051813971e-01
5.279148930517985755e-02	-4.750691488665479550e-02	9.311176415241607940e-02	-9.009448295126713802e-02	1.293059738647131252e-01	-9.078449792507015115e-02	9.112174101908890322e-02	-1.128777163298457231e-01	1.096806630680610267e-01	-6.056800780545958801e-02	1.297635465275894795e-01	-1.480877852616068191e-01	2.783920935019607024e-01	-1.405704002323041046e-01	6.923630714655962248e-02	-2.053984813993097458e-01	2.159487794012686923e-01	-5.301544119059706794e-01	1.270342623166901275e-01	-1.848975747077985232e-01	2.449503526238099860e-01	-3.888177964870501713e-01	9.999999999999993339e-01	-2.046745446703870930e-01	1.495276187077105023e-01	-1.332369653380585939e-01	1.666209403220155483e-01	-5.130584203325957438e-01	2.397785407749432884e-01	-1.750159777213973200e-01	1.467259650570681140e-01	-1.567381545548444111e-01	2.135631306779209315e-01	-2.401063373650672017e-01	1.688690983212678409e-01
-3.809972966669179090e-02	3.379657395022320904e-02	-1.016421899718228106e-01	1.038547836730708551e-01	-1.608384238751021933e-01	5.611614618929511994e-02	-5.862658046420583802e-02	1.126928226170188091e-01	-1.384292859767864425e-01	7.771334787556596901e-02	-7.777791849605547592e-02	8.335078788398418703e-02	-2.017572495010409306e-01	1.787579093314365097e-01	-9.313362539288588815e-02	1.007343049007912439e-01	-1.011188534097019198e-01	1.514373894742478965e-01	-2.497054105210411157e-01	2.929690457636509038e-01	-1.332569044296414151e-01	1.222516696732717789e-01	-2.046745446703870930e-01	1.000000000000001110e+00	-6.875487491942734453e-01	8.469882288579538843e-02	-1.212552415545862378e-01	2.115201150910996364e-01	-4.470900167402954151e-01	2.209492135367092380e-01	-1.053387763749643324e-01	1.065214625140777360e-01	-1.630638757531094052e-01	1.944931946341210693e-01	-2.278361564817501239e-01
3.243821068471024888e-02	-2.895446259209700016e-02	9.152608656321002678e-02	-9.676826373111739599e-02	1.435965347449111862e-01	-4.761756156082401492e-02	4.930831509147461100e-02	-1.047217500969555570e-01	1.251527285065877904e-01	-7.917949692954012741e-02	6.467326818760645024e-02	-7.009101284066399096e-02	1.636744802397362419e-01	-1.802470996634002454e-01	9.234162768862426429e-02	-8.500144537795278898e-02	8.332423514055878333e-02	-1.279954304259031117e-01	2.140826223002571804e-01	-5.476494187348117659e-01	1.065358054698175710e-01	-1.003677067138515205e-01	1.495276187077105023e-01	-6.875487491942734453e-01	1.000000000000001332e+00	-6.941041102697026455e-02	9.777264075539167376e-02	-1.724370649605129480e-01	2.437096232210640978e-01	-2.403137722074473182e-01	8.529460094024002292e-02	-8.837232780222298301e-02	1.290888460313871222e-01	-1.708030976580099392e-01	1.977501072442656160e-01
-3.037757413110766733e-02	2.724548000201857181e-02	-4.935082218279789740e-02	4.708968007262229194e-02	-7.062477270141538643e-02	5.280822481567420956e-02	-5.204719938485805747e-02	5.795874800509829422e-02	-5.691316909396734042e-02	3.160104285686735764e-02	-7.560719893918173284e-02	8.120120297744931603e-02	-1.205972866736315791e-01	6.741716897529698160e-02	-3.630871562234777583e-02	1.290361483734735470e-01	-1.125692214560148618e-01	1.169861025887121014e-01	-6.163884295201250280e-02	8.968268240472027086e-02	-3.214760288706550728e-01	1.941643867822043512e-01	-1.332369653380585939e-01	8.469882288579538843e-02	-6.941041102697026455e-02	1.000000000000000666e+00	-3.872519390825357455e-01	1.311454798323896664e-01	-1.062563952275651230e-01	8.621592501196014002e-02	-7.991995582974120715e-01	2.507735304059826031e-01	-1.468385207702056217e-01	1.587264672302745316e-01	-9.055272994466104231e-02
3.449597101068341970e-02	-3.098576040107968096e-02	6.388701568471763514e-02	-6.184078312787160553e-02	9.340228260661424808e-02	-5.779925480071759769e-02	5.730602145355985499e-02	-7.501250840150178179e-02	7.483998360308959097e-02	-4.205472646271348619e-02	8.033031212875339777e-02	-8.820444562688183054e-02	1.469346201902702320e-01	-8.957087973577051998e-02	4.833154534322177398e-02	-1.283406130227723041e-01	1.172842559090332831e-01	-1.444157023006902019e-01	8.297264897941961093e-02	-1.230065783890919723e-01	1.936827619124876498e-01	-2.041930345533375657e-01	1.666209403220155483e-01	-1.212552415545862378e-01	9.777264075539167376e-02	-3.872519390825357455e-01	1.000000000000000666e+00	-2.189943544964375322e-01	1.605371000061129039e-01	-1.270463454715533846e-01	2.819735054577804378e-01	-7.441974188674485013e-01	2.579481677958853081e-01	-2.931965561109004526e-01	1.294734806112601833e-01
-4.385129995424303512e-02	3.890556759213720239e-02	-8.594383490260959491e-02	8.294190561844176635e-02	-1.249144929581328944e-01	7.028746279623131199e-02	-7.256885092118960101e-02	9.918064318204666829e-02	-1.034967697922131724e-01	5.713172325793535594e-02	-1.009668194317168560e-01	1.090364108463301174e-01	-2.434188877724672573e-01	1.261953978156653278e-01	-6.630464852285820887e-02	1.410233034134788233e-01	-1.476891996350791214e-01	2.317392322475302635e-01	-1.258619759521312220e-01	1.730776551468325986e-01	-1.985535369225086555e-01	1.973847384052909992e-01	-5.130584203325957438e-01	2.115201150910996364e-01	-1.724370649605129480e-01	1.311454798323896664e-01	-2.189943544964375322e-01	1.000000000000000444e+00	-5.105847048350601325e-01	2.057058617943382517e-01	-1.573511419688800872e-01	1.938051993464223466e-01	-4.382128991649825167e-01	2.949790208913141143e-01	-2.155025796001747429e-01
4.005893738654102421e-02	-3.578693603084583119e-02	9.299716982121847275e-02	-9.367341792992392446e-02	1.400663529420742848e-01	-6.220971715247058248e-02	6.355570936857465880e-02	-1.082920355520179956e-01	1.164401076834579857e-01	-6.713018746211697751e-02	8.580950836827162809e-02	-9.376975553191628510e-02	1.998614485050856093e-01	-1.524306274077432966e-01	7.750367654546064244e-02	-1.199982327273133587e-01	1.177168991314860996e-01	-1.900951877583033633e-01	1.547215547903427746e-01	-2.399826173268295726e-01	1.515516319752490682e-01	-1.530245991350919765e-01	2.397785407749432884e-01	-4.470900167402954151e-01	2.437096232210640978e-01	-1.062563952275651230e-01	1.605371000061129039e-01	-5.105847048350601325e-01	1.000000000000000444e+00	-4.090614646036202506e-01	1.278651149801378062e-01	-1.536090028800078389e-01	2.514055384901691670e-01	-3.877195962766248338e-01	2.681914367348269823e-01
-3.586707577112196316e-02	3.183578542139111484e-02	-8.925069452216990995e-02	8.825617604203646327e-02	-1.419908237202446855e-01	5.327875168585052140e-02	-5.515681399582763461e-02	9.961785212858459415e-02	-1.103041633134550920e-01	6.340035456276103820e-02	-7.325450464842980791e-02	7.848066772641520972e-02	-1.773109226398425498e-01	1.286103694114009710e-01	-7.431797096658138146e-02	9.672964254362777237e-02	-9.528254850389211716e-02	1.393951856017098812e-01	-1.338954338791692178e-01	1.982310933664413466e-01	-1.273955496562170220e-01	1.161650447001010555e-01	-1.750159777213973200e-01	2.209492135367092380e-01	-2.403137722074473182e-01	8.621592501196014002e-02	-1.270463454715533846e-01	2.057058617943382517e-01	-4.090614646036202506e-01	1.000000000000000444e+00	-1.075772256038388941e-01	1.124672732171344003e-01	-1.734453421215673974e-01	2.164120485786315828e-01	-7.845181261189366761e-01
3.505561500650127005e-02	-3.168124742440343172e-02	6.059446375765532855e-02	-5.844521714526584866e-02	8.759922865314798135e-02	-6.098217082411476475e-02	5.916368482958689334e-02	-7.179832955133927386e-02	7.013477926942549012e-02	-3.935681314338902032e-02	8.407475231086036782e-02	-9.295491385221024694e-02	1.372422839470958666e-01	-8.368706950315642212e-02	4.509498405711514363e-02	-1.456857770283347397e-01	1.214141079186200067e-01	-1.368263342393004067e-01	7.582207535512061614e-02	-1.133475948814665069e-01	2.274553163524081767e-01	-2.098027566631740226e-01	1.467259650570681140e-01	-1.053387763749643324e-01	8.529460094024002292e-02	-7.991995582974120715e-01	2.819735054577804378e-01	-1.573511419688800872e-01	1.278651149801378062e-01	-1.075772256038388941e-01	1.000000000000000888e+00	-3.583781610009056373e-01	1.754837445404591745e-01	-2.109516917484842435e-01	1.099456879894115391e-01
-3.033929837755882861e-02	2.705782163946763783e-02	-5.631000185008603470e-02	5.407818453128842434e-02	-8.267577587454008614e-02	4.977445573585492083e-02	-5.013194223958210988e-02	6.510987219991540287e-02	-6.607516351600256632e-02	3.683083710290012414e-02	-7.015168747320346676e-02	7.560970227745768268e-02	-1.357818171849983213e-01	7.780860548768439577e-02	-4.254382101555590628e-02	1.065208463714820697e-01	-1.009139773372007831e-01	1.250112030505144689e-01	-7.358803249062090268e-02	1.054755290676698404e-01	-1.716833669931053796e-01	1.549871733146378494e-01	-1.567381545548444111e-01	1.065214625140777360e-01	-8.837232780222298301e-02	2.507735304059826031e-01	-7.441974188674485013e-01	1.938051993464223466e-01	-1.536090028800078389e-01	1.124672732171344003e-01	-3.583781610009056373e-01	1.000000000000001110e+00	-4.146004365044930751e-01	2.508667135515669777e-01	-1.219282919549571631e-01
3.570601345464738396e-02	-3.188511405525200348e-02	7.304674013620957029e-02	-7.118687220527589177e-02	1.081599523498665838e-01	-5.710835780457751421e-02	5.786528876564316082e-02	-8.487827486714569214e-02	8.728696113642260557e-02	-4.909764460822086535e-02	7.935923978481354557e-02	-8.661066075739648484e-02	1.721080522750594866e-01	-1.055906092495867699e-01	5.666553757117527568e-02	-1.151324860395196714e-01	1.111432835534258839e-01	-1.684908583929767278e-01	1.013026911483140002e-01	-1.482172161874601435e-01	1.542144062656818082e-01	-1.541727714765265822e-01	2.135631306779209315e-01	-1.630638757531094052e-01	1.290888460313871222e-01	-1.468385207702056217e-01	2.579481677958853081e-01	-4.382128991649825167e-01	2.514055384901691670e-01	-1.734453421215673974e-01	1.754837445404591745e-01	-4.146004365044930751e-01	1.000000000000000666e+00	-6.692222611342807381e-01	1.763281047457517792e-01
-4.398521273597470055e-02	3.884176278202702837e-02	-9.211932079270404583e-02	8.846803128334387867e-02	-1.395740121699791947e-01	6.775903088154169862e-02	-7.019995894963491911e-02	1.031656961498890746e-01	-1.105628606478603337e-01	6.134470366944988484e-02	-9.566147696792817734e-02	1.016481710582973902e-01	-2.226266028312115508e-01	1.270821340415308476e-01	-7.168636336004621801e-02	1.296368664849840147e-01	-1.286679717832804881e-01	1.793059083469443205e-01	-1.284375850277132136e-01	1.741269559741420170e-01	-1.883485600966416651e-01	1.668254919843275563e-01	-2.401063373650672017e-01	1.944931946341210693e-01	-1.708030976580099392e-01	1.587264672302745316e-01	-2.931965561109004526e-01	2.949790208913141143e-01	-3.877195962766248338e-01	2.164120485786315828e-01	-2.109516917484842435e-01	2.508667135515669777e-01	-6.692222611342807381e-01	1.000000000000000888e+00	-2.755950814508566493e-01
3.935862499457770669e-02	-3.529322702493251779e-02	1.033550748890921522e-01	-1.043378888137385108e-01	1.619970525533517280e-01	-5.863053643720612246e-02	5.970604404406804067e-02	-1.202608359800137749e-01	1.254943718094168048e-01	-7.435261646377966382e-02	7.822396085611434124e-02	-8.524224512094379091e-02	1.804692494883344822e-01	-1.539567011139794106e-01	8.523072211682533594e-02	-1.063135069080784062e-01	1.011667867300713175e-01	-1.528039112781580111e-01	1.451468207298942659e-01	-2.436022576186137323e-01	1.291721395497684999e-01	-1.233178360051813971e-01	1.688690983212678409e-01	-2.278361564817501239e-01	1.977501072442656160e-01	-9.055272994466104231e-02	1.294734806112601833e-01	-2.155025796001747429e-01	2.681914367348269823e-01	-7.845181261189366761e-01	1.099456879894115391e-01	-1.219282919549571631e-01	1.763281047457517792e-01	-2.755950814508566493e-01	1.000000000000000888e+00
