1.000000000000000000e+00	-7.319750881025078870e-01	1.806835997647139314e-01	-1.220603364361130400e-01	1.910653643883031827e-01	-3.000900805594645671e-01	2.897590103983827547e-01	-1.803437504354845622e-01	1.077612705343179572e-01	-1.259954560728851480e-01	1.962748033854123109e-01	-2.529564098425638452e-01	1.578291695327585786e-01	-1.522475366851423484e-01	1.302594341125150046e-01	-1.878855818044637971e-01	1.794095729787049120e-01	-1.751418316938914699e-01	1.371993006266116477e-01	-1.103594541855097005e-01	1.703752567125064177e-01	-1.500546450681481403e-01	1.457956226022539548e-01	-1.387395893780777600e-01	1.222597270544238668e-01	-2.279458644860118122e-01	1.430424771591224664e-01	-1.309687291586704716e-01	9.560901935629570469e-02	-8.419863594148208064e-02	1.169672484392333817e-01	-9.606643911509585299e-02	1.586196609444616989e-01	-1.138553474248051034e-01	1.033867819821702311e-01
-7.319750881025078870e-01	1.000000000000000222e+00	-2.467391396156771999e-01	1.062215269166327802e-01	-1.567790138238248088e-01	2.455911589877945167e-01	-4.894458730676210512e-01	1.944188309357135491e-01	-9.740217041605660209e-02	1.016865982834625343e-01	-1.872464839506648715e-01	1.937349193603333797e-01	-1.378320174351554128e-01	1.246077147739369367e-01	-1.081070676045516321e-01	1.490357605534521068e-01	-1.508316284292977316e-01	1.405083568313327258e-01	-1.134835107299619894e-01	8.908232104188801292e-02	-1.424044975599346730e-01	1.195118059449612052e-01	-1.191855445123346513e-01	1.103338091727837644e-01	-1.002944300606803535e-01	1.625753755216097496e-01	-1.153612520344156345e-01	1.038419134994767595e-01	-7.535944492079807433e-02	6.624722717569668518e-02	-9.401167859085104994e-02	7.619876590123730864e-02	-1.291824536218215969e-01	8.685389259321318889e-02	-8.227824508037742679e-02
1.806835997647139314e-01	-2.467391396156771999e-01	1.000000000000000444e+00	-2.249253896334467429e-01	1.461719598323900082e-01	-1.677390319953243891e-01	2.150182588233570391e-01	-8.549670999529352944e-01	1.763722810057106460e-01	-1.191785220758136560e-01	1.229293473432172962e-01	-1.756829234691082986e-01	1.881894553457031383e-01	-1.698138938910449536e-01	1.181979853568792399e-01	-1.148137526968355249e-01	1.294850019622874326e-01	-1.657819941754898052e-01	1.243303914354472184e-01	-9.467306560325747244e-02	1.116235031153798990e-01	-1.033353426546645137e-01	1.128128350630661636e-01	-1.128302276411130983e-01	1.000179799716452572e-01	-1.337102620312956569e-01	9.730170486583680778e-02	-9.200235211010272807e-02	6.626360409683702823e-02	-6.007766228473097880e-02	7.744193177468149114e-02	-6.394920492721088701e-02	1.086456942432612038e-01	-7.647344272459626058e-02	7.210023094374591601e-02
-1.220603364361130400e-01	1.062215269166327802e-01	-2.249253896334467429e-01	1.000000000000000666e+00	-2.603773048868349704e-01	9.832120415370877720e-02	-1.183264931793450575e-01	1.812744655816895256e-01	-8.493860023675783300e-01	2.022406065140647524e-01	-9.624368422632449682e-02	1.414859107737528876e-01	-1.931806385393594339e-01	2.272476144805430642e-01	-1.967200863940790079e-01	9.342370350183530625e-02	-1.192151899467654846e-01	1.525792748884362282e-01	-1.695230966583847476e-01	1.245211310133087501e-01	-1.051188059255037804e-01	1.004917392553237587e-01	-1.241924855791396443e-01	1.285936918303372534e-01	-1.326088718248625287e-01	1.226428487379749577e-01	-9.926301390773589750e-02	9.594541614923397799e-02	-7.298528442883006617e-02	6.887413703407828380e-02	-7.995875245855076086e-02	6.529236222435153003e-02	-1.168002246947173473e-01	8.159839213841998951e-02	-8.309573420357149742e-02
1.910653643883031827e-01	-1.567790138238248088e-01	1.461719598323900082e-01	-2.603773048868349704e-01	1.000000000000000666e+00	-1.529875895881694647e-01	1.590129795089271214e-01	-1.451945068980545483e-01	2.041168696540387739e-01	-5.106174728122357953e-01	1.508595705018820066e-01	-2.398086344276446347e-01	2.037364406098954583e-01	-2.528015598651218165e-01	2.827950159674942898e-01	-1.546703220745977714e-01	1.835399117526804458e-01	-2.258260339595037358e-01	2.059465119410193723e-01	-1.998749326276515470e-01	1.723727557173165836e-01	-1.663046103249124219e-01	1.849960910042435236e-01	-2.001584813330842816e-01	1.934496224264327935e-01	-2.382807405641600984e-01	1.648459503511980895e-01	-1.621800768586362795e-01	1.279875924871749504e-01	-1.213411711350910610e-01	1.360841830100255889e-01	-1.118581832297354112e-01	1.935827084348180072e-01	-1.550232029757757923e-01	1.437674865438167138e-01
-3.000900805594645671e-01	2.455911589877945167e-01	-1.677390319953243891e-01	9.832120415370877720e-02	-1.529875895881694647e-01	1.000000000000001110e+00	-6.096039627678554451e-01	1.599457707582244426e-01	-9.148282616555578062e-02	1.019401327140905950e-01	-5.613145355512927370e-01	2.293257540133253058e-01	-1.454540794113693691e-01	1.287117178689622943e-01	-1.100870429326916838e-01	2.475038956584177385e-01	-2.070673472763322753e-01	1.571643064861858174e-01	-1.228054036504144103e-01	9.453923667201334646e-02	-2.076393228144907122e-01	1.517325906615781261e-01	-1.388931588337448120e-01	1.223595405717330942e-01	-1.075429778176123924e-01	1.883401121000963796e-01	-1.388032498512137003e-01	1.197796955894760984e-01	-8.267234296464710808e-02	7.131605272607208224e-02	-1.090964207550189913e-01	8.888863382174586047e-02	-1.466970414485092578e-01	9.410191301104792183e-02	-8.790043296685615126e-02
2.897590103983827547e-01	-4.894458730676210512e-01	2.150182588233570391e-01	-1.183264931793450575e-01	1.590129795089271214e-01	-6.096039627678554451e-01	1.000000000000001110e+00	-2.734749280643535840e-01	1.074406665223312934e-01	-1.118500552872526976e-01	2.557200352537672416e-01	-2.985145741641255235e-01	1.627215698851205705e-01	-1.459881372934600519e-01	1.171953145312813055e-01	-2.165010100392661396e-01	1.936359801901470501e-01	-1.713227541151608746e-01	1.291048201981924992e-01	-1.003607667715015195e-01	1.726040174534415328e-01	-1.469667209371839645e-01	1.379774858287356465e-01	-1.283053969942689609e-01	1.110198526926352430e-01	-1.985332329517866534e-01	1.335275011142255663e-01	-1.198552094937540835e-01	8.378114042707260345e-02	-7.333091555355775171e-02	1.058094710776392722e-01	-8.741897003109060094e-02	1.428378652150154027e-01	-9.746980115266354328e-02	8.922548019347985304e-02
-1.803437504354845622e-01	1.944188309357135491e-01	-8.549670999529352944e-01	1.812744655816895256e-01	-1.451945068980545483e-01	1.599457707582244426e-01	-2.734749280643535840e-01	1.000000000000001554e+00	-1.948516232495291767e-01	1.140154465246313309e-01	-1.240229746987303872e-01	1.650197440410975658e-01	-2.355786606690842000e-01	1.646150972411254965e-01	-1.183732409258248519e-01	1.101007427855900389e-01	-1.283757793463165264e-01	1.597296579860768284e-01	-1.249458452184563778e-01	9.222581488458581056e-02	-1.095983064844898297e-01	1.000219891080014883e-01	-1.116706951522114799e-01	1.088725556812870088e-01	-9.920012058405072719e-02	1.253658133521141083e-01	-9.512023386616906551e-02	8.918066944979441413e-02	-6.435006474682695987e-02	5.823459752552560820e-02	-7.569353671177023180e-02	6.214100994833224312e-02	-1.068783388978632731e-01	7.321664904833131982e-02	-7.041881449427558892e-02
1.077612705343179572e-01	-9.740217041605660209e-02	1.763722810057106460e-01	-8.493860023675783300e-01	2.041168696540387739e-01	-9.148282616555578062e-02	1.074406665223312934e-01	-1.948516232495291767e-01	1.000000000000001554e+00	-2.453740466170962753e-01	8.751261735566741307e-02	-1.360415410522355650e-01	1.807963356232469287e-01	-3.067498094241217221e-01	1.874025613183765704e-01	-8.656783709009967243e-02	1.101741813836701334e-01	-1.501956339254316986e-01	1.595654413910174985e-01	-1.214667466109785737e-01	9.570203259289873643e-02	-9.310144994516682260e-02	1.139497002997811592e-01	-1.243342398613665467e-01	1.214312901366678826e-01	-1.139973419515179776e-01	9.024588019536992911e-02	-8.833483428671588811e-02	6.647199876353611370e-02	-6.321335515089840373e-02	7.201256684988385781e-02	-5.931537804539212949e-02	1.046747308684469746e-01	-7.515019418456390932e-02	7.486817841237809745e-02
-1.259954560728851480e-01	1.016865982834625343e-01	-1.191785220758136560e-01	2.022406065140647524e-01	-5.106174728122357953e-01	1.019401327140905950e-01	-1.118500552872526976e-01	1.140154465246313309e-01	-2.453740466170962753e-01	1.000000000000002442e+00	-1.054947219904535105e-01	1.606935312572060626e-01	-1.858875408630743242e-01	2.319963514652297609e-01	-6.917624999155845833e-01	1.062380649473192995e-01	-1.346870685168500836e-01	1.732084618233530049e-01	-2.046331080316386719e-01	2.154734351714649720e-01	-1.228043340419885804e-01	1.200076031938394905e-01	-1.497827179820217236e-01	1.671281466230800927e-01	-2.187398843088707301e-01	1.504156794011554110e-01	-1.192557881241055467e-01	1.180052715151625048e-01	-9.555479394843448271e-02	9.608310674828121623e-02	-9.634069054333216364e-02	7.905222935338611367e-02	-1.416547126287054925e-01	1.068197629301028129e-01	-1.134326379166862853e-01
1.962748033854123109e-01	-1.872464839506648715e-01	1.229293473432172962e-01	-9.624368422632449682e-02	1.508595705018820066e-01	-5.613145355512927370e-01	2.557200352537672416e-01	-1.240229746987303872e-01	8.751261735566741307e-02	-1.054947219904535105e-01	1.000000000000003109e+00	-2.996190185555548391e-01	1.519761493156086551e-01	-1.379204148920651629e-01	1.125549762469228582e-01	-5.941949694463632969e-01	2.455819581240486216e-01	-1.829937573541579876e-01	1.311246287146291822e-01	-1.013785627495456532e-01	2.496164681826129050e-01	-1.918176526827842232e-01	1.543358640911789148e-01	-1.378809538904637866e-01	1.133663233931197223e-01	-2.452963558167866598e-01	1.568273424984030495e-01	-1.361576795264660689e-01	8.964322037330831050e-02	-7.687205300355512416e-02	1.198099147006430332e-01	-1.008608754274606389e-01	1.564019547449099767e-01	-1.041021177751831062e-01	9.256428544550829307e-02
-2.529564098425638452e-01	1.937349193603333797e-01	-1.756829234691082986e-01	1.414859107737528876e-01	-2.398086344276446347e-01	2.293257540133253058e-01	-2.985145741641255235e-01	1.650197440410975658e-01	-1.360415410522355650e-01	1.606935312572060626e-01	-2.996190185555548391e-01	1.000000000000008216e+00	-3.497760415620226326e-01	2.243449499093234378e-01	-1.843793148905652768e-01	2.659665370766642889e-01	-6.083902674816749068e-01	2.886492879321057581e-01	-2.184344146614389803e-01	1.569622957319864176e-01	-2.715499210156296361e-01	2.459422550564369925e-01	-2.374489543193593066e-01	2.009229387406044620e-01	-1.806158361242562183e-01	2.515112553111834570e-01	-2.259439397374792269e-01	1.907029197195948822e-01	-1.304388997072988832e-01	1.125203062579964580e-01	-1.716170873879332148e-01	1.389986821215571378e-01	-2.356371560290233536e-01	1.439005981462882222e-01	-1.390261977404198546e-01
1.578291695327585786e-01	-1.378320174351554128e-01	1.881894553457031383e-01	-1.931806385393594339e-01	2.037364406098954583e-01	-1.454540794113693691e-01	1.627215698851205705e-01	-2.355786606690842000e-01	1.807963356232469287e-01	-1.858875408630743242e-01	1.519761493156086551e-01	-3.497760415620226326e-01	9.999999999999992228e-01	-5.608022054412029611e-01	2.052775799042972360e-01	-1.594515660303812699e-01	2.392426065957078130e-01	-5.644943807064379815e-01	2.646917507826146432e-01	-1.785989789155849050e-01	1.692779850984765244e-01	-1.743345354059187557e-01	2.175239921051701220e-01	-2.207715111561950327e-01	1.782346661898234208e-01	-1.902884584206172569e-01	1.573686412137570434e-01	-1.555015250580013830e-01	1.061238129978812339e-01	-9.727488007374486545e-02	1.198075866328787431e-01	-1.005579904145010722e-01	1.730672189836114649e-01	-1.193696263913131550e-01	1.134552047945721065e-01
-1.522475366851423484e-01	1.246077147739369367e-01	-1.698138938910449536e-01	2.272476144805430642e-01	-2.528015598651218165e-01	1.287117178689622943e-01	-1.459881372934600519e-01	1.646150972411254965e-01	-3.067498094241217221e-01	2.319963514652297609e-01	-1.379204148920651629e-01	2.243449499093234378e-01	-5.608022054412029611e-01	9.999999999999990008e-01	-3.513661862380069167e-01	1.390853761157408164e-01	-1.958590896959987726e-01	2.893877228744284880e-01	-4.657752533576159926e-01	2.256976774404553798e-01	-1.606363635843643112e-01	1.598747443000020363e-01	-2.175101900872572214e-01	2.377808652343480766e-01	-2.259760874059871527e-01	1.795523008444351032e-01	-1.543071315065938087e-01	1.515585462883112244e-01	-1.115333678076238927e-01	1.058330340597735536e-01	-1.203275066475592014e-01	9.933556279334178341e-02	-1.782843751942219390e-01	1.220763687093818356e-01	-1.243644251431594017e-01
1.302594341125150046e-01	-1.081070676045516321e-01	1.181979853568792399e-01	-1.967200863940790079e-01	2.827950159674942898e-01	-1.100870429326916838e-01	1.171953145312813055e-01	-1.183732409258248519e-01	1.874025613183765704e-01	-6.917624999155845833e-01	1.125549762469228582e-01	-1.843793148905652768e-01	2.052775799042972360e-01	-3.513661862380069167e-01	1.000000000000000444e+00	-1.165816145754711430e-01	1.477755761580579752e-01	-2.070673497127729079e-01	2.369616076828160722e-01	-3.715081774388186431e-01	1.320797802897511752e-01	-1.331951490926211179e-01	1.642728942864282449e-01	-2.028916305329487579e-01	2.378430421303354414e-01	-1.668534354676669273e-01	1.283491847674657071e-01	-1.303033629521693215e-01	1.035768577811523594e-01	-1.077563780983244734e-01	1.019740898595484779e-01	-8.496955214092080655e-02	1.488928894147692472e-01	-1.184824051118209126e-01	1.195700665736703222e-01
-1.878855818044637971e-01	1.490357605534521068e-01	-1.148137526968355249e-01	9.342370350183530625e-02	-1.546703220745977714e-01	2.475038956584177385e-01	-2.165010100392661396e-01	1.101007427855900389e-01	-8.656783709009967243e-02	1.062380649473192995e-01	-5.941949694463632969e-01	2.659665370766642889e-01	-1.594515660303812699e-01	1.390853761157408164e-01	-1.165816145754711430e-01	1.000000000000000000e+00	-4.173157418562324916e-01	1.959986160884841788e-01	-1.415225358302059921e-01	1.061997310843627723e-01	-4.990358375767035559e-01	2.402388856414229279e-01	-1.821467264448871914e-01	1.479356834029337819e-01	-1.218322856392916043e-01	2.472583240544006522e-01	-1.901214819387482546e-01	1.522714181605502870e-01	-9.663075689268521562e-02	8.126799423208018458e-02	-1.366504083780413770e-01	1.137833611699650138e-01	-1.766201446146429821e-01	1.087797053219394516e-01	-9.835097633432811348e-02
1.794095729787049120e-01	-1.508316284292977316e-01	1.294850019622874326e-01	-1.192151899467654846e-01	1.835399117526804458e-01	-2.070673472763322753e-01	1.936359801901470501e-01	-1.283757793463165264e-01	1.101741813836701334e-01	-1.346870685168500836e-01	2.455819581240486216e-01	-6.083902674816749068e-01	2.392426065957078130e-01	-1.958590896959987726e-01	1.477755761580579752e-01	-4.173157418562324916e-01	9.999999999999972244e-01	-3.886254714532593191e-01	1.912707322529737519e-01	-1.390068589697634194e-01	2.748555957594033261e-01	-3.628673728395186426e-01	2.325619252106111423e-01	-1.977456570449662721e-01	1.539003109821974746e-01	-2.639678564186276333e-01	2.181948084059116000e-01	-1.885201175681977537e-01	1.155137526328506720e-01	-9.882876938655618670e-02	1.514589222422848269e-01	-1.321770320568465829e-01	2.017602406320182507e-01	-1.313073770953357144e-01	1.169428932694411005e-01
-1.751418316938914699e-01	1.405083568313327258e-01	-1.657819941754898052e-01	1.525792748884362282e-01	-2.258260339595037358e-01	1.571643064861858174e-01	-1.713227541151608746e-01	1.597296579860768284e-01	-1.501956339254316986e-01	1.732084618233530049e-01	-1.829937573541579876e-01	2.886492879321057581e-01	-5.644943807064379815e-01	2.893877228744284880e-01	-2.070673497127729079e-01	1.959986160884841788e-01	-3.886254714532593191e-01	1.000000000000005107e+00	-3.661327813067462023e-01	1.971512458175627425e-01	-2.234929871509580834e-01	2.313542981530634923e-01	-3.836086770476471175e-01	2.628534775196534334e-01	-2.208928457452234151e-01	2.247858588559595305e-01	-2.115856017805228528e-01	2.040003593667233384e-01	-1.333624590014826361e-01	1.173466968153728113e-01	-1.552943912201838750e-01	1.297108110696693628e-01	-2.314484044028424226e-01	1.437334577546819925e-01	-1.394468216226426860e-01
1.371993006266116477e-01	-1.134835107299619894e-01	1.243303914354472184e-01	-1.695230966583847476e-01	2.059465119410193723e-01	-1.228054036504144103e-01	1.291048201981924992e-01	-1.249458452184563778e-01	1.595654413910174985e-01	-2.046331080316386719e-01	1.311246287146291822e-01	-2.184344146614389803e-01	2.646917507826146432e-01	-4.657752533576159926e-01	2.369616076828160722e-01	-1.415225358302059921e-01	1.912707322529737519e-01	-3.661327813067462023e-01	9.999999999999992228e-01	-4.392462790645967341e-01	1.634597607902121830e-01	-1.804109199409148212e-01	2.581727342140915926e-01	-5.159377236300785041e-01	2.918134771262623772e-01	-1.924416144431118081e-01	1.628375258785973445e-01	-1.740753679726869119e-01	1.236375223900858106e-01	-1.238401812823299031e-01	1.221076906513853672e-01	-1.042163744347154308e-01	1.819226078405856151e-01	-1.363589447831141943e-01	1.343672516707005715e-01
-1.103594541855097005e-01	8.908232104188801292e-02	-9.467306560325747244e-02	1.245211310133087501e-01	-1.998749326276515470e-01	9.453923667201334646e-02	-1.003607667715015195e-01	9.222581488458581056e-02	-1.214667466109785737e-01	2.154734351714649720e-01	-1.013785627495456532e-01	1.569622957319864176e-01	-1.785989789155849050e-01	2.256976774404553798e-01	-3.715081774388186431e-01	1.061997310843627723e-01	-1.390068589697634194e-01	1.971512458175627425e-01	-4.392462790645967341e-01	1.000000000000002665e+00	-1.266881195195000975e-01	1.323501617471531389e-01	-1.892897585384382408e-01	2.681423259556891536e-01	-7.059757127496386619e-01	1.503458434395908705e-01	-1.280296549395521510e-01	1.340234886465108410e-01	-1.212484876367601605e-01	1.437642483864038090e-01	-9.875152578428181283e-02	8.290525435892835693e-02	-1.496786304208840845e-01	1.245002175882344991e-01	-1.536677352228511817e-01
1.703752567125064177e-01	-1.424044975599346730e-01	1.116235031153798990e-01	-1.051188059255037804e-01	1.723727557173165836e-01	-2.076393228144907122e-01	1.726040174534415328e-01	-1.095983064844898297e-01	9.570203259289873643e-02	-1.228043340419885804e-01	2.496164681826129050e-01	-2.715499210156296361e-01	1.692779850984765244e-01	-1.606363635843643112e-01	1.320797802897511752e-01	-4.990358375767035559e-01	2.748555957594033261e-01	-2.234929871509580834e-01	1.634597607902121830e-01	-1.266881195195000975e-01	1.000000000000003775e+00	-5.093402429540837550e-01	2.331936156656782000e-01	-1.944752907211093618e-01	1.432904675385654192e-01	-4.831497544793513788e-01	2.620557631244349039e-01	-2.112469163290814633e-01	1.215236350099311441e-01	-1.006904910222557459e-01	1.815135416656741829e-01	-1.606971473999311284e-01	2.203909832138261637e-01	-1.398411137439677931e-01	1.185444377035181351e-01
-1.500546450681481403e-01	1.195118059449612052e-01	-1.033353426546645137e-01	1.004917392553237587e-01	-1.663046103249124219e-01	1.517325906615781261e-01	-1.469667209371839645e-01	1.000219891080014883e-01	-9.310144994516682260e-02	1.200076031938394905e-01	-1.918176526827842232e-01	2.459422550564369925e-01	-1.743345354059187557e-01	1.598747443000020363e-01	-1.331951490926211179e-01	2.402388856414229279e-01	-3.628673728395186426e-01	2.313542981530634923e-01	-1.804109199409148212e-01	1.323501617471531389e-01	-5.093402429540837550e-01	1.000000000000000666e+00	-4.183090812162574279e-01	2.185348239926661329e-01	-1.570616025313651132e-01	2.946745760104040324e-01	-5.048913891122320807e-01	2.581836142224089858e-01	-1.329745949898688273e-01	1.050717705719166478e-01	-2.084712627440552524e-01	1.872342309116349357e-01	-2.542360464916624818e-01	1.439196868931951478e-01	-1.221537152205811882e-01
1.457956226022539548e-01	-1.191855445123346513e-01	1.128128350630661636e-01	-1.241924855791396443e-01	1.849960910042435236e-01	-1.388931588337448120e-01	1.379774858287356465e-01	-1.116706951522114799e-01	1.139497002997811592e-01	-1.497827179820217236e-01	1.543358640911789148e-01	-2.374489543193593066e-01	2.175239921051701220e-01	-2.175101900872572214e-01	1.642728942864282449e-01	-1.821467264448871914e-01	2.325619252106111423e-01	-3.836086770476471175e-01	2.581727342140915926e-01	-1.892897585384382408e-01	2.331936156656782000e-01	-4.183090812162574279e-01	1.000000000000001554e+00	-5.409643013716395332e-01	2.161806078423629540e-01	-2.597976853183915913e-01	2.640785389755593293e-01	-4.040290759390534059e-01	1.559533610891212230e-01	-1.291344865947080534e-01	1.668021096786282409e-01	-1.549368500830545226e-01	2.602105318330629746e-01	-1.693359794160368970e-01	1.406009532820154118e-01
-1.387395893780777600e-01	1.103338091727837644e-01	-1.128302276411130983e-01	1.285936918303372534e-01	-2.001584813330842816e-01	1.223595405717330942e-01	-1.283053969942689609e-01	1.088725556812870088e-01	-1.243342398613665467e-01	1.671281466230800927e-01	-1.378809538904637866e-01	2.009229387406044620e-01	-2.207715111561950327e-01	2.377808652343480766e-01	-2.028916305329487579e-01	1.479356834029337819e-01	-1.977456570449662721e-01	2.628534775196534334e-01	-5.159377236300785041e-01	2.681423259556891536e-01	-1.944752907211093618e-01	2.185348239926661329e-01	-5.409643013716395332e-01	1.000000000000001110e+00	-4.207525884018410434e-01	2.058773923471594047e-01	-2.053177843709085848e-01	2.177883242049640511e-01	-1.520357870259474720e-01	1.400396028783379432e-01	-1.461325243161457621e-01	1.243532915427344038e-01	-2.310747886767164916e-01	1.529306828368692250e-01	-1.553316026188752974e-01
1.222597270544238668e-01	-1.002944300606803535e-01	1.000179799716452572e-01	-1.326088718248625287e-01	1.934496224264327935e-01	-1.075429778176123924e-01	1.110198526926352430e-01	-9.920012058405072719e-02	1.214312901366678826e-01	-2.187398843088707301e-01	1.133663233931197223e-01	-1.806158361242562183e-01	1.782346661898234208e-01	-2.259760874059871527e-01	2.378430421303354414e-01	-1.218322856392916043e-01	1.539003109821974746e-01	-2.208928457452234151e-01	2.918134771262623772e-01	-7.059757127496386619e-01	1.432904675385654192e-01	-1.570616025313651132e-01	2.161806078423629540e-01	-4.207525884018410434e-01	1.000000000000002887e+00	-1.791832979517155588e-01	1.466296037252023954e-01	-1.619397368316980723e-01	1.487608137412763099e-01	-2.239154889600706022e-01	1.116275848710160806e-01	-9.555487929405070968e-02	1.683875732264827063e-01	-1.576895464209081554e-01	1.815632170258638101e-01
-2.279458644860118122e-01	1.625753755216097496e-01	-1.337102620312956569e-01	1.226428487379749577e-01	-2.382807405641600984e-01	1.883401121000963796e-01	-1.985332329517866534e-01	1.253658133521141083e-01	-1.139973419515179776e-01	1.504156794011554110e-01	-2.452963558167866598e-01	2.515112553111834570e-01	-1.902884584206172569e-01	1.795523008444351032e-01	-1.668534354676669273e-01	2.472583240544006522e-01	-2.639678564186276333e-01	2.247858588559595305e-01	-1.924416144431118081e-01	1.503458434395908705e-01	-4.831497544793513788e-01	2.946745760104040324e-01	-2.597976853183915913e-01	2.058773923471594047e-01	-1.791832979517155588e-01	1.000000000000001554e+00	-4.112576557413138434e-01	2.667691563310915503e-01	-1.697230408007646962e-01	1.344960160791598691e-01	-3.757672214832738500e-01	2.510483998104444670e-01	-3.758404961824118873e-01	1.836014336174753292e-01	-1.695763572271458131e-01
1.430424771591224664e-01	-1.153612520344156345e-01	9.730170486583680778e-02	-9.926301390773589750e-02	1.648459503511980895e-01	-1.388032498512137003e-01	1.335275011142255663e-01	-9.512023386616906551e-02	9.024588019536992911e-02	-1.192557881241055467e-01	1.568273424984030495e-01	-2.259439397374792269e-01	1.573686412137570434e-01	-1.543071315065938087e-01	1.283491847674657071e-01	-1.901214819387482546e-01	2.181948084059116000e-01	-2.115856017805228528e-01	1.628375258785973445e-01	-1.280296549395521510e-01	2.620557631244349039e-01	-5.048913891122320807e-01	2.640785389755593293e-01	-2.053177843709085848e-01	1.466296037252023954e-01	-4.112576557413138434e-01	1.000000000000000444e+00	-4.811860605482786157e-01	1.600502807468918154e-01	-1.206445394772176216e-01	2.679312634311458163e-01	-3.867595204675788323e-01	3.025457276879757740e-01	-1.806774241905489964e-01	1.336809361878099900e-01
-1.309687291586704716e-01	1.038419134994767595e-01	-9.200235211010272807e-02	9.594541614923397799e-02	-1.621800768586362795e-01	1.197796955894760984e-01	-1.198552094937540835e-01	8.918066944979441413e-02	-8.833483428671588811e-02	1.180052715151625048e-01	-1.361576795264660689e-01	1.907029197195948822e-01	-1.555015250580013830e-01	1.515585462883112244e-01	-1.303033629521693215e-01	1.522714181605502870e-01	-1.885201175681977537e-01	2.040003593667233384e-01	-1.740753679726869119e-01	1.340234886465108410e-01	-2.112469163290814633e-01	2.581836142224089858e-01	-4.040290759390534059e-01	2.177883242049640511e-01	-1.619397368316980723e-01	2.667691563310915503e-01	-4.811860605482786157e-01	1.000000000000000444e+00	-2.782759922994663682e-01	1.517675252179269407e-01	-2.291578678500178767e-01	2.221552436569388389e-01	-5.997909375992401815e-01	2.262872880773689754e-01	-1.644585227979959707e-01
9.560901935629570469e-02	-7.535944492079807433e-02	6.626360409683702823e-02	-7.298528442883006617e-02	1.279875924871749504e-01	-8.267234296464710808e-02	8.378114042707260345e-02	-6.435006474682695987e-02	6.647199876353611370e-02	-9.555479394843448271e-02	8.964322037330831050e-02	-1.304388997072988832e-01	1.061238129978812339e-01	-1.115333678076238927e-01	1.035768577811523594e-01	-9.663075689268521562e-02	1.155137526328506720e-01	-1.333624590014826361e-01	1.236375223900858106e-01	-1.212484876367601605e-01	1.215236350099311441e-01	-1.329745949898688273e-01	1.559533610891212230e-01	-1.520357870259474720e-01	1.487608137412763099e-01	-1.697230408007646962e-01	1.600502807468918154e-01	-2.782759922994663682e-01	1.000000000000000444e+00	-4.871071810012948533e-01	1.187086133522221587e-01	-1.076276830803329365e-01	2.190246597276346019e-01	-7.262638229539866153e-01	3.047686270580925449e-01
-8.419863594148208064e-02	6.624722717569668518e-02	-6.007766228473097880e-02	6.887413703407828380e-02	-1.213411711350910610e-01	7.131605272607208224e-02	-7.333091555355775171e-02	5.823459752552560820e-02	-6.321335515089840373e-02	9.608310674828121623e-02	-7.687205300355512416e-02	1.125203062579964580e-01	-9.727488007374486545e-02	1.058330340597735536e-01	-1.077563780983244734e-01	8.126799423208018458e-02	-9.882876938655618670e-02	1.173466968153728113e-01	-1.238401812823299031e-01	1.437642483864038090e-01	-1.006904910222557459e-01	1.050717705719166478e-01	-1.291344865947080534e-01	1.400396028783379432e-01	-2.239154889600706022e-01	1.344960160791598691e-01	-1.206445394772176216e-01	1.517675252179269407e-01	-4.871071810012948533e-01	1.000000000000001332e+00	-9.331432345696014097e-02	8.037426821203509653e-02	-1.608741634061014447e-01	2.988162962892905172e-01	-7.631519627593972288e-01
1.169672484392333817e-01	-9.401167859085104994e-02	7.744193177468149114e-02	-7.995875245855076086e-02	1.360841830100255889e-01	-1.090964207550189913e-01	1.058094710776392722e-01	-7.569353671177023180e-02	7.201256684988385781e-02	-9.634069054333216364e-02	1.198099147006430332e-01	-1.716170873879332148e-01	1.198075866328787431e-01	-1.203275066475592014e-01	1.019740898595484779e-01	-1.366504083780413770e-01	1.514589222422848269e-01	-1.552943912201838750e-01	1.221076906513853672e-01	-9.875152578428181283e-02	1.815135416656741829e-01	-2.084712627440552524e-01	1.668021096786282409e-01	-1.461325243161457621e-01	1.116275848710160806e-01	-3.757672214832738500e-01	2.679312634311458163e-01	-2.291578678500178767e-01	1.187086133522221587e-01	-9.331432345696014097e-02	1.000000000000000666e+00	-7.959442337308844095e-01	2.566819084416312458e-01	-1.485003865287469749e-01	1.067939739533187993e-01
-9.606643911509585299e-02	7.619876590123730864e-02	-6.394920492721088701e-02	6.529236222435153003e-02	-1.118581832297354112e-01	8.888863382174586047e-02	-8.741897003109060094e-02	6.214100994833224312e-02	-5.931537804539212949e-02	7.905222935338611367e-02	-1.008608754274606389e-01	1.389986821215571378e-01	-1.005579904145010722e-01	9.933556279334178341e-02	-8.496955214092080655e-02	1.137833611699650138e-01	-1.321770320568465829e-01	1.297108110696693628e-01	-1.042163744347154308e-01	8.290525435892835693e-02	-1.606971473999311284e-01	1.872342309116349357e-01	-1.549368500830545226e-01	1.243532915427344038e-01	-9.555487929405070968e-02	2.510483998104444670e-01	-3.867595204675788323e-01	2.221552436569388389e-01	-1.076276830803329365e-01	8.037426821203509653e-02	-7.959442337308844095e-01	1.000000000000001110e+00	-3.460239667094479055e-01	1.266431841157866223e-01	-9.231284849600124298e-02
1.586196609444616989e-01	-1.291824536218215969e-01	1.086456942432612038e-01	-1.168002246947173473e-01	1.935827084348180072e-01	-1.466970414485092578e-01	1.428378652150154027e-01	-1.068783388978632731e-01	1.046747308684469746e-01	-1.416547126287054925e-01	1.564019547449099767e-01	-2.356371560290233536e-01	1.730672189836114649e-01	-1.782843751942219390e-01	1.488928894147692472e-01	-1.766201446146429821e-01	2.017602406320182507e-01	-2.314484044028424226e-01	1.819226078405856151e-01	-1.496786304208840845e-01	2.203909832138261637e-01	-2.542360464916624818e-01	2.602105318330629746e-01	-2.310747886767164916e-01	1.683875732264827063e-01	-3.758404961824118873e-01	3.025457276879757740e-01	-5.997909375992401815e-01	2.190246597276346019e-01	-1.608741634061014447e-01	2.566819084416312458e-01	-3.460239667094479055e-01	1.000000000000000666e+00	-2.996873788305043362e-01	1.760160452181078750e-01
-1.138553474248051034e-01	8.685389259321318889e-02	-7.647344272459626058e-02	8.159839213841998951e-02	-1.550232029757757923e-01	9.410191301104792183e-02	-9.746980115266354328e-02	7.321664904833131982e-02	-7.515019418456390932e-02	1.068197629301028129e-01	-1.041021177751831062e-01	1.439005981462882222e-01	-1.193696263913131550e-01	1.220763687093818356e-01	-1.184824051118209126e-01	1.087797053219394516e-01	-1.313073770953357144e-01	1.437334577546819925e-01	-1.363589447831141943e-01	1.245002175882344991e-01	-1.398411137439677931e-01	1.439196868931951478e-01	-1.693359794160368970e-01	1.529306828368692250e-01	-1.576895464209081554e-01	1.836014336174753292e-01	-1.806774241905489964e-01	2.262872880773689754e-01	-7.262638229539866153e-01	2.988162962892905172e-01	-1.485003865287469749e-01	1.266431841157866223e-01	-2.996873788305043362e-01	1.000000000000000888e+00	-4.525822522642658496e-01
1.033867819821702311e-01	-8.227824508037742679e-02	7.210023094374591601e-02	-8.309573420357149742e-02	1.437674865438167138e-01	-8.790043296685615126e-02	8.922548019347985304e-02	-7.041881449427558892e-02	7.486817841237809745e-02	-1.134326379166862853e-01	9.256428544550829307e-02	-1.390261977404198546e-01	1.134552047945721065e-01	-1.243644251431594017e-01	1.195700665736703222e-01	-9.835097633432811348e-02	1.169428932694411005e-01	-1.394468216226426860e-01	1.343672516707005715e-01	-1.536677352228511817e-01	1.185444377035181351e-01	-1.221537152205811882e-01	1.406009532820154118e-01	-1.553316026188752974e-01	1.815632170258638101e-01	-1.695763572271458131e-01	1.336809361878099900e-01	-1.644585227979959707e-01	3.047686270580925449e-01	-7.631519627593972288e-01	1.067939739533187993e-01	-9.231284849600124298e-02	1.760160452181078750e-01	-4.525822522642658496e-01	1.000000000000000888e+00
