1.000000000000000000e+00	-3.702086032175637142e-01	1.834298409583149936e-01	-1.672870700170303315e-01	1.482248299118698320e-01	-7.887261349212367767e-01	2.918936297838340965e-01	-2.873122674804151067e-01	1.445485721081696540e-01	-1.198381203472936724e-01	1.375459945709163745e-01	-1.804480098932526866e-01	1.655284030773410686e-01	-1.395381828925475742e-01	1.348182874159386258e-01	-1.317345624628711576e-01	1.721123068630796560e-01	-1.298943186545210848e-01	1.221815128828669661e-01	-1.379844549200033577e-01	1.044917768677568609e-01	-1.011165672150168976e-01	1.068510575655226696e-01	-1.021109161293242140e-01	9.851872006569709073e-02	-7.197432746443511997e-02	8.637774206731174687e-02	-8.933499384755876072e-02	8.399581398882065286e-02	-8.680566521829856386e-02	6.523785983059095239e-02	-6.813368367029112860e-02	6.796270825218565792e-02	-6.501490783055809131e-02	1.200396139988026967e-01
-3.702086032175637142e-01	1.000000000000000000e+00	-5.217318410122773198e-01	2.876997449991450795e-01	-3.183510539377185089e-01	2.419435191975741473e-01	-3.991079601333039073e-01	3.140424435525784319e-01	-2.618784795263636722e-01	2.064555285043140065e-01	-1.682436515443609670e-01	2.216098822354684028e-01	-2.481482865672629268e-01	2.134809318077725282e-01	-2.355054435786364808e-01	1.507349585502563427e-01	-2.703405310157865893e-01	1.867247746929234231e-01	-1.934974524129482731e-01	2.026653755808144608e-01	-1.621239608148800637e-01	1.494934459771381230e-01	-1.654339265055733976e-01	1.529890410210063278e-01	-1.549764535186179404e-01	1.072235341399991743e-01	-1.340958938911189224e-01	1.343760666166690931e-01	-1.306112322304640305e-01	1.322050649923172949e-01	-1.008795092039789093e-01	1.023428083694167962e-01	-1.057628510047629866e-01	9.907462615645551418e-02	-1.930911858221952548e-01
1.834298409583149936e-01	-5.217318410122773198e-01	9.999999999999997780e-01	-6.115559917930687428e-01	2.523978908905200047e-01	-1.565587912520374214e-01	2.403802427158638066e-01	-4.510598647428132879e-01	2.222411393579817873e-01	-1.847133466880907238e-01	1.078275779101595389e-01	-1.579459173610423539e-01	1.807400768788958167e-01	-1.769180011113070661e-01	1.700694264894744012e-01	-1.003423091662377920e-01	1.668369724860463144e-01	-1.350472992778184722e-01	1.348697991922094552e-01	-1.532412069780361430e-01	1.019218320866091820e-01	-9.783150260518223840e-02	1.088031020576042951e-01	-1.063654293528428496e-01	1.050083653782400289e-01	-6.945482695634448700e-02	8.543032514732107341e-02	-8.929748346124448399e-02	8.528293704933818942e-02	-8.818196676610794149e-02	6.397793035908888593e-02	-6.648663329097119490e-02	6.798382877004255365e-02	-6.475326477726184304e-02	1.209649974125009964e-01
-1.672870700170303315e-01	2.876997449991450795e-01	-6.115559917930687428e-01	1.000000000000000000e+00	-5.074599832367854280e-01	1.335733869546362473e-01	-2.052223163985320842e-01	2.599133485969478130e-01	-3.698428504585314358e-01	2.594276348100811314e-01	-1.126701194965923358e-01	1.573054698281041996e-01	-1.964922459908908514e-01	2.150588649098890137e-01	-2.261579913698597288e-01	1.038666042916902288e-01	-1.818184682711217748e-01	1.486466136865860488e-01	-1.586307926355706166e-01	1.775339815645640973e-01	-1.125316031633040309e-01	1.072547731882757122e-01	-1.219943884398177331e-01	1.203084812480588184e-01	-1.214511877923960259e-01	7.626327966760143573e-02	-9.471557270184129129e-02	9.922084925127606925e-02	-9.577358944084232717e-02	9.888562426260630311e-02	-7.068715228105662551e-02	7.326976104251915756e-02	-7.579730900231035351e-02	7.199170924836660601e-02	-1.356743150401221176e-01
1.482248299118698320e-01	-3.183510539377185089e-01	2.523978908905200047e-01	-5.074599832367854280e-01	1.000000000000000000e+00	-1.300398641473148598e-01	1.789500154380410379e-01	-2.502693834050468413e-01	2.983531425078019272e-01	-6.176605860143394855e-01	1.096201155430033963e-01	-1.600036323194485299e-01	1.878671375558876311e-01	-2.452894323354730122e-01	2.558942546391044792e-01	-1.054993879635869602e-01	1.744906128699515724e-01	-1.625670061381569442e-01	1.651046750231418281e-01	-2.329726337390409519e-01	1.155846340824564639e-01	-1.135335694318889421e-01	1.292791237352844125e-01	-1.365562517110031071e-01	1.346061501878546840e-01	-8.137159423142918679e-02	9.974243006042646242e-02	-1.084386354201279379e-01	1.033126466133936217e-01	-1.100348964839003019e-01	7.426196811333288239e-02	-7.878726761936244438e-02	8.096460666516433480e-02	-7.825682366104169674e-02	1.428406977007482259e-01
-7.887261349212367767e-01	2.419435191975741473e-01	-1.565587912520374214e-01	1.335733869546362473e-01	-1.300398641473148598e-01	1.000000000000000000e+00	-4.683868665664651099e-01	2.348494853701042218e-01	-1.277566514308615397e-01	1.016178190602274878e-01	-1.506485673164359995e-01	1.719417988235373840e-01	-1.573408960927846489e-01	1.203164580812863815e-01	-1.179780967889526577e-01	1.236550055886776051e-01	-1.674743095995279152e-01	1.129042454846164584e-01	-1.077835500169549987e-01	1.148828874011529749e-01	-9.274038074983910473e-02	8.853735586530186996e-02	-9.295262182261619655e-02	8.680820808995871884e-02	-8.431737567224387164e-02	6.178636666978074010e-02	-7.444462941327736893e-02	7.605863313304847551e-02	-7.165570885602920437e-02	7.324658788107020480e-02	-5.622568482991210231e-02	5.805171215445511373e-02	-5.785085516360766178e-02	5.500074689783641946e-02	-1.016195046793722939e-01
2.918936297838340965e-01	-3.991079601333039073e-01	2.403802427158638066e-01	-2.052223163985320842e-01	1.789500154380410379e-01	-4.683868665664651099e-01	9.999999999999998890e-01	-5.879746779880836716e-01	1.858478277047544980e-01	-1.469611882412671933e-01	1.640252920816501758e-01	-3.339016414379011310e-01	2.345320269380730960e-01	-1.782559484686953855e-01	1.623728848671944780e-01	-1.517639737009888190e-01	2.171653556686011233e-01	-1.605305756428700437e-01	1.478154262104516836e-01	-1.591580798198494462e-01	1.188693694403809703e-01	-1.171187002004399624e-01	1.233534652673370091e-01	-1.176093197479007590e-01	1.129188002670710733e-01	-8.063663486078817555e-02	9.682393815722491193e-02	-1.009789575369480497e-01	9.442121135174090518e-02	-9.720503252778919800e-02	7.285123193562428878e-02	-7.600079020582718725e-02	7.565793009782952050e-02	-7.236652183383829318e-02	1.316604267659635674e-01
-2.873122674804151067e-01	3.140424435525784319e-01	-4.510598647428132879e-01	2.599133485969478130e-01	-2.502693834050468413e-01	2.348494853701042218e-01	-5.879746779880836716e-01	1.000000000000000000e+00	-2.885748403653277117e-01	1.898957065750958295e-01	-1.579383523534733658e-01	2.398031105430163401e-01	-3.145766882486677463e-01	2.159204663706478511e-01	-2.053669587191214452e-01	1.406913324734454518e-01	-2.351473987206157412e-01	1.783646681706548831e-01	-1.761723377676377433e-01	1.799894600424523650e-01	-1.312705545698037712e-01	1.262517764258133390e-01	-1.391786457872288829e-01	1.319420088049042816e-01	-1.296285569750092737e-01	8.770461881351318545e-02	-1.075200257444160340e-01	1.116657751988855002e-01	-1.061284377672656043e-01	1.084069621575793757e-01	-8.052141901586717943e-02	8.324730605245697634e-02	-8.451089934724284602e-02	8.021536789851183014e-02	-1.486420991243432299e-01
1.445485721081696540e-01	-2.618784795263636722e-01	2.222411393579817873e-01	-3.698428504585314358e-01	2.983531425078019272e-01	-1.277566514308615397e-01	1.858478277047544980e-01	-2.885748403653277117e-01	1.000000000000000000e+00	-5.319269912257459376e-01	1.176774849821537877e-01	-1.848520257126323452e-01	2.341167346272076122e-01	-5.439229684959413502e-01	2.893158066218617375e-01	-1.129759930179781435e-01	1.850477295441576853e-01	-1.892007863609415919e-01	1.970336045750575582e-01	-2.338621212913906400e-01	1.179093416694708962e-01	-1.175256880722601316e-01	1.356068838262928233e-01	-1.448126464641577293e-01	1.398867231627275443e-01	-8.231015036468503077e-02	1.008335802520459457e-01	-1.110999372528374135e-01	1.053269826364065104e-01	-1.112868921076803352e-01	7.476699649278406579e-02	-7.940941336254553340e-02	8.163506494631003751e-02	-7.887361676450913017e-02	1.421760958754200166e-01
-1.198381203472936724e-01	2.064555285043140065e-01	-1.847133466880907238e-01	2.594276348100811314e-01	-6.176605860143394855e-01	1.016178190602274878e-01	-1.469611882412671933e-01	1.898957065750958295e-01	-5.319269912257459376e-01	9.999999999999996669e-01	-9.777788793503139342e-02	1.420085162102172338e-01	-1.851932754825045546e-01	2.678988655844997124e-01	-4.226798240876936119e-01	9.237989048491991595e-02	-1.588542462348212780e-01	1.497342527124998213e-01	-1.656292982714785977e-01	2.181368647124155014e-01	-1.026872642447153039e-01	1.005429839521065349e-01	-1.178884910223402943e-01	1.247812798218710523e-01	-1.289636951905477613e-01	7.111504741220714410e-02	-8.813680188387826298e-02	9.619780305967808032e-02	-9.304872650900243569e-02	9.821868020205962169e-02	-6.521665786458642755e-02	6.886015722201166422e-02	-7.182125745089396052e-02	6.900344008214627511e-02	-1.273144169201959608e-01
1.375459945709163745e-01	-1.682436515443609670e-01	1.078275779101595389e-01	-1.126701194965923358e-01	1.096201155430033963e-01	-1.506485673164359995e-01	1.640252920816501758e-01	-1.579383523534733658e-01	1.176774849821537877e-01	-9.777788793503139342e-02	9.999999999999997780e-01	-4.013790582981086041e-01	2.047123507280846078e-01	-1.404119630960748155e-01	1.234587055189005911e-01	-8.042845582035625940e-01	2.829136725306228284e-01	-1.573608442221818282e-01	1.309099153587320874e-01	-1.379180821349526576e-01	1.437644950160732460e-01	-1.398391915516164485e-01	1.210740660282187825e-01	-1.099618274559770181e-01	1.006538779154267094e-01	-9.092805023762584593e-02	9.736248636249043853e-02	-9.926274469216239682e-02	8.791775198345003206e-02	-8.991713964046085805e-02	7.535889434022492728e-02	-7.858898485548083956e-02	7.122750227637668352e-02	-6.884593720866510891e-02	1.155331711529709315e-01
-1.804480098932526866e-01	2.216098822354684028e-01	-1.579459173610423539e-01	1.573054698281041996e-01	-1.600036323194485299e-01	1.719417988235373840e-01	-3.339016414379011310e-01	2.398031105430163401e-01	-1.848520257126323452e-01	1.420085162102172338e-01	-4.013790582981086041e-01	1.000000000000001332e+00	-5.671351625070305547e-01	2.188781700106150752e-01	-1.874523554643476586e-01	2.632168123572980467e-01	-4.747368329153734412e-01	2.268746290769756424e-01	-1.980790385040257506e-01	1.833426936288974907e-01	-1.612525160771053623e-01	1.632277326678426843e-01	-1.612786704216986888e-01	1.447781866680702134e-01	-1.356756805947207101e-01	1.024994633902692465e-01	-1.207773790007297399e-01	1.249923360411151485e-01	-1.139067260914672364e-01	1.151843713415769133e-01	-9.082777873738988317e-02	9.396366933914129804e-02	-9.054695458872627500e-02	8.651533221253078498e-02	-1.502262586536350086e-01
1.655284030773410686e-01	-2.481482865672629268e-01	1.807400768788958167e-01	-1.964922459908908514e-01	1.878671375558876311e-01	-1.573408960927846489e-01	2.345320269380730960e-01	-3.145766882486677463e-01	2.341167346272076122e-01	-1.851932754825045546e-01	2.047123507280846078e-01	-5.671351625070305547e-01	9.999999999999975575e-01	-4.235006782695752703e-01	2.338586380476732063e-01	-2.004921473885227790e-01	2.837785945219146178e-01	-3.893599362032154620e-01	2.554964700201307615e-01	-2.417864879488871299e-01	1.550868826213137042e-01	-1.635617551447337559e-01	1.825792789372625291e-01	-1.787431414723456014e-01	1.616053515267909801e-01	-1.072058746220198311e-01	1.277228115972046663e-01	-1.434826944554927208e-01	1.295796161778638156e-01	-1.342155299277438540e-01	9.476656257136997774e-02	-1.013169750636758043e-01	1.007390856724233175e-01	-9.764614086626111078e-02	1.674966624860297904e-01
-1.395381828925475742e-01	2.134809318077725282e-01	-1.769180011113070661e-01	2.150588649098890137e-01	-2.452894323354730122e-01	1.203164580812863815e-01	-1.782559484686953855e-01	2.159204663706478511e-01	-5.439229684959413502e-01	2.678988655844997124e-01	-1.404119630960748155e-01	2.188781700106150752e-01	-4.235006782695752703e-01	9.999999999999994449e-01	-4.824293557262657184e-01	1.295880126559723067e-01	-2.255755620448889887e-01	2.420752613683808119e-01	-3.283832811904017768e-01	2.631210870138890323e-01	-1.355627845047626123e-01	1.353376847805263239e-01	-1.631266052827907154e-01	1.730080514051082208e-01	-1.702430626416593651e-01	9.268088994084433541e-02	-1.146756155658948811e-01	1.274491254259736694e-01	-1.220588554334262887e-01	1.267616606379597111e-01	-8.437098378067200977e-02	8.927348179987446009e-02	-9.284253672474596097e-02	8.915835323926565859e-02	-1.605811694256445987e-01
1.348182874159386258e-01	-2.355054435786364808e-01	1.700694264894744012e-01	-2.261579913698597288e-01	2.558942546391044792e-01	-1.179780967889526577e-01	1.623728848671944780e-01	-2.053669587191214452e-01	2.893158066218617375e-01	-4.226798240876936119e-01	1.234587055189005911e-01	-1.874523554643476586e-01	2.338586380476732063e-01	-4.824293557262657184e-01	9.999999999999997780e-01	-1.205875880715263360e-01	2.012677257854914303e-01	-2.207345177964258887e-01	2.378527633002448238e-01	-5.586753217633229074e-01	1.391252025704158846e-01	-1.407937521451388951e-01	1.686295193658235714e-01	-2.017613042764594133e-01	2.087095522811024950e-01	-9.923418119688182104e-02	1.224239333668150354e-01	-1.407779030965150002e-01	1.359131881247932494e-01	-1.506722019922348277e-01	8.987683403660409742e-02	-9.701325774145440339e-02	1.017973584993370484e-01	-9.961579190878261381e-02	1.778716327854269197e-01
-1.317345624628711576e-01	1.507349585502563427e-01	-1.003423091662377920e-01	1.038666042916902288e-01	-1.054993879635869602e-01	1.236550055886776051e-01	-1.517639737009888190e-01	1.406913324734454518e-01	-1.129759930179781435e-01	9.237989048491991595e-02	-8.042845582035625940e-01	2.632168123572980467e-01	-2.004921473885227790e-01	1.295880126559723067e-01	-1.205875880715263360e-01	9.999999999999976685e-01	-4.305823074390660032e-01	1.521370511965069172e-01	-1.318998778036032660e-01	1.306163971459746720e-01	-1.805266777400078848e-01	1.535999918943049825e-01	-1.273447575996856929e-01	1.090427625138766649e-01	-1.005243202814972286e-01	9.701306863046288420e-02	-1.036547455047948096e-01	1.010242286797910921e-01	-8.933198809756601189e-02	8.960700702834950571e-02	-8.117641620132783065e-02	8.179708199958224402e-02	-7.278929786840819538e-02	6.960564932337828803e-02	-1.162016794210810056e-01
1.721123068630796560e-01	-2.703405310157865893e-01	1.668369724860463144e-01	-1.818184682711217748e-01	1.744906128699515724e-01	-1.674743095995279152e-01	2.171653556686011233e-01	-2.351473987206157412e-01	1.850477295441576853e-01	-1.588542462348212780e-01	2.829136725306228284e-01	-4.747368329153734412e-01	2.837785945219146178e-01	-2.255755620448889887e-01	2.012677257854914303e-01	-4.305823074390660032e-01	9.999999999999996669e-01	-3.232018615069114365e-01	2.309536565919625695e-01	-2.448361410879845990e-01	2.317931234884404168e-01	-3.181561690263600140e-01	2.242950354934249990e-01	-2.011747862548576571e-01	1.777707210945758398e-01	-1.556050380494455598e-01	1.733795546366567186e-01	-1.819909659852465000e-01	1.567283961831850703e-01	-1.609914914492099891e-01	1.305582702315979948e-01	-1.396216257008069395e-01	1.262170016948172269e-01	-1.230743829500106495e-01	2.013281511967131565e-01
-1.298943186545210848e-01	1.867247746929234231e-01	-1.350472992778184722e-01	1.486466136865860488e-01	-1.625670061381569442e-01	1.129042454846164584e-01	-1.605305756428700437e-01	1.783646681706548831e-01	-1.892007863609415919e-01	1.497342527124998213e-01	-1.573608442221818282e-01	2.268746290769756424e-01	-3.893599362032154620e-01	2.420752613683808119e-01	-2.207345177964258887e-01	1.521370511965069172e-01	-3.232018615069114365e-01	9.999999999999982236e-01	-6.750208852209935717e-01	2.469881456651135399e-01	-1.837055789917607374e-01	1.954458691473044685e-01	-3.329292459433569329e-01	2.447134327972266821e-01	-2.125246291631771867e-01	1.219622595692182593e-01	-1.542684823628070190e-01	1.863434098508913728e-01	-1.681105170034846719e-01	1.612137862630932117e-01	-1.098754893864691967e-01	1.174964877314944034e-01	-1.239962117730885882e-01	1.173047910527864612e-01	-1.956266986352630799e-01
1.221815128828669661e-01	-1.934974524129482731e-01	1.348697991922094552e-01	-1.586307926355706166e-01	1.651046750231418281e-01	-1.077835500169549987e-01	1.478154262104516836e-01	-1.761723377676377433e-01	1.970336045750575582e-01	-1.656292982714785977e-01	1.309099153587320874e-01	-1.980790385040257506e-01	2.554964700201307615e-01	-3.283832811904017768e-01	2.378527633002448238e-01	-1.318998778036032660e-01	2.309536565919625695e-01	-6.750208852209935717e-01	1.000000000000000000e+00	-3.609056754712685056e-01	1.619844094354017938e-01	-1.778243821907042888e-01	2.426212316048207418e-01	-3.660736977511194756e-01	2.385780710496099577e-01	-1.151688652969135029e-01	1.425603664742636778e-01	-1.812536992086414556e-01	1.655730692592849440e-01	-1.725003581558115784e-01	1.024406226639647255e-01	-1.126809404173293033e-01	1.185054662847425666e-01	-1.166524159067223732e-01	1.911799105884061378e-01
-1.379844549200033577e-01	2.026653755808144608e-01	-1.532412069780361430e-01	1.775339815645640973e-01	-2.329726337390409519e-01	1.148828874011529749e-01	-1.591580798198494462e-01	1.799894600424523650e-01	-2.338621212913906400e-01	2.181368647124155014e-01	-1.379180821349526576e-01	1.833426936288974907e-01	-2.417864879488871299e-01	2.631210870138890323e-01	-5.586753217633229074e-01	1.306163971459746720e-01	-2.448361410879845990e-01	2.469881456651135399e-01	-3.609056754712685056e-01	1.000000000000000222e+00	-1.786671372717489881e-01	1.736394567507160980e-01	-2.311981601886657633e-01	2.719472650609690567e-01	-4.507423811296423222e-01	1.232945696154149756e-01	-1.594969280433063963e-01	1.819610200270009026e-01	-1.931022178387508947e-01	2.095497047289007764e-01	-1.149373717995738203e-01	1.221777012374131721e-01	-1.372012042619634720e-01	1.312038120971268373e-01	-2.574119108967451997e-01
1.044917768677568609e-01	-1.621239608148800637e-01	1.019218320866091820e-01	-1.125316031633040309e-01	1.155846340824564639e-01	-9.274038074983910473e-02	1.188693694403809703e-01	-1.312705545698037712e-01	1.179093416694708962e-01	-1.026872642447153039e-01	1.437644950160732460e-01	-1.612525160771053623e-01	1.550868826213137042e-01	-1.355627845047626123e-01	1.391252025704158846e-01	-1.805266777400078848e-01	2.317931234884404168e-01	-1.837055789917607374e-01	1.619844094354017938e-01	-1.786671372717489881e-01	1.000000000000000666e+00	-6.560693464055213919e-01	2.577926484283313835e-01	-1.914020400971218616e-01	1.601468501427927849e-01	-4.493886808193310323e-01	2.582564161732515129e-01	-2.232135587100153862e-01	1.682037602702081691e-01	-1.650105821924944538e-01	2.339003950673451127e-01	-2.314093326241840609e-01	1.473061154681699625e-01	-1.440045528796455310e-01	1.932326156853275412e-01
-1.011165672150168976e-01	1.494934459771381230e-01	-9.783150260518223840e-02	1.072547731882757122e-01	-1.135335694318889421e-01	8.853735586530186996e-02	-1.171187002004399624e-01	1.262517764258133390e-01	-1.175256880722601316e-01	1.005429839521065349e-01	-1.398391915516164485e-01	1.632277326678426843e-01	-1.635617551447337559e-01	1.353376847805263239e-01	-1.407937521451388951e-01	1.535999918943049825e-01	-3.181561690263600140e-01	1.954458691473044685e-01	-1.778243821907042888e-01	1.736394567507160980e-01	-6.560693464055213919e-01	9.999999999999996669e-01	-4.575773496455983191e-01	2.021304020730919637e-01	-1.751285951600688451e-01	2.399007629731199354e-01	-3.038984299036091019e-01	2.324056070526472062e-01	-1.815102740322565300e-01	1.631560918014478279e-01	-2.043876916198343330e-01	1.944656637100180552e-01	-1.493546858008149847e-01	1.381981415984678829e-01	-1.969346559779530104e-01
1.068510575655226696e-01	-1.654339265055733976e-01	1.088031020576042951e-01	-1.219943884398177331e-01	1.292791237352844125e-01	-9.295262182261619655e-02	1.233534652673370091e-01	-1.391786457872288829e-01	1.356068838262928233e-01	-1.178884910223402943e-01	1.210740660282187825e-01	-1.612786704216986888e-01	1.825792789372625291e-01	-1.631266052827907154e-01	1.686295193658235714e-01	-1.273447575996856929e-01	2.242950354934249990e-01	-3.329292459433569329e-01	2.426212316048207418e-01	-2.311981601886657633e-01	2.577926484283313835e-01	-4.575773496455983191e-01	9.999999999999998890e-01	-4.197522668377026145e-01	2.464976376661400792e-01	-1.847017340437978605e-01	2.306380882210199157e-01	-4.957600689758975832e-01	2.543256376189508838e-01	-2.357935693096374907e-01	1.533752741848082302e-01	-1.802317332722929433e-01	1.835616795251440447e-01	-1.810476689885238133e-01	2.323001337522258569e-01
-1.021109161293242140e-01	1.529890410210063278e-01	-1.063654293528428496e-01	1.203084812480588184e-01	-1.365562517110031071e-01	8.680820808995871884e-02	-1.176093197479007590e-01	1.319420088049042816e-01	-1.448126464641577293e-01	1.247812798218710523e-01	-1.099618274559770181e-01	1.447781866680702134e-01	-1.787431414723456014e-01	1.730080514051082208e-01	-2.017613042764594133e-01	1.090427625138766649e-01	-2.011747862548576571e-01	2.447134327972266821e-01	-3.660736977511194756e-01	2.719472650609690567e-01	-1.914020400971218616e-01	2.021304020730919637e-01	-4.197522668377026145e-01	9.999999999999987788e-01	-6.429063114986339755e-01	1.314901752123044665e-01	-1.753339241648160796e-01	2.383560936972206334e-01	-2.863473043293788822e-01	2.544287059518368643e-01	-1.202858453202597516e-01	1.328381267384568520e-01	-1.573872997188689171e-01	1.528519281592092272e-01	-2.533201290265021388e-01
9.851872006569709073e-02	-1.549764535186179404e-01	1.050083653782400289e-01	-1.214511877923960259e-01	1.346061501878546840e-01	-8.431737567224387164e-02	1.129188002670710733e-01	-1.296285569750092737e-01	1.398867231627275443e-01	-1.289636951905477613e-01	1.006538779154267094e-01	-1.356756805947207101e-01	1.616053515267909801e-01	-1.702430626416593651e-01	2.087095522811024950e-01	-1.005243202814972286e-01	1.777707210945758398e-01	-2.125246291631771867e-01	2.385780710496099577e-01	-4.507423811296423222e-01	1.601468501427927849e-01	-1.751285951600688451e-01	2.464976376661400792e-01	-6.429063114986339755e-01	1.000000000000000444e+00	-1.202555033169128984e-01	1.541608255397759197e-01	-2.201482267848101082e-01	2.385968903083941217e-01	-4.009696892305825155e-01	1.078988131282073437e-01	-1.235221416602950983e-01	1.424217534642857053e-01	-1.485819855529484368e-01	2.496211808641642660e-01
-7.197432746443511997e-02	1.072235341399991743e-01	-6.945482695634448700e-02	7.626327966760143573e-02	-8.137159423142918679e-02	6.178636666978074010e-02	-8.063663486078817555e-02	8.770461881351318545e-02	-8.231015036468503077e-02	7.111504741220714410e-02	-9.092805023762584593e-02	1.024994633902692465e-01	-1.072058746220198311e-01	9.268088994084433541e-02	-9.923418119688182104e-02	9.701306863046288420e-02	-1.556050380494455598e-01	1.219622595692182593e-01	-1.151688652969135029e-01	1.232945696154149756e-01	-4.493886808193310323e-01	2.399007629731199354e-01	-1.847017340437978605e-01	1.314901752123044665e-01	-1.202555033169128984e-01	1.000000000000000666e+00	-4.310996625167641816e-01	1.816161991090222139e-01	-1.451066511283642946e-01	1.281251518180442361e-01	-6.619784451413068815e-01	3.020633313033601608e-01	-1.475091045641196141e-01	1.305787205050185085e-01	-1.627982978810653125e-01
8.637774206731174687e-02	-1.340958938911189224e-01	8.543032514732107341e-02	-9.471557270184129129e-02	9.974243006042646242e-02	-7.444462941327736893e-02	9.682393815722491193e-02	-1.075200257444160340e-01	1.008335802520459457e-01	-8.813680188387826298e-02	9.736248636249043853e-02	-1.207773790007297399e-01	1.277228115972046663e-01	-1.146756155658948811e-01	1.224239333668150354e-01	-1.036547455047948096e-01	1.733795546366567186e-01	-1.542684823628070190e-01	1.425603664742636778e-01	-1.594969280433063963e-01	2.582564161732515129e-01	-3.038984299036091019e-01	2.306380882210199157e-01	-1.753339241648160796e-01	1.541608255397759197e-01	-4.310996625167641816e-01	1.000000000000000000e+00	-3.583208579085235268e-01	2.049609105832938538e-01	-1.817514275935460943e-01	3.025237756002168155e-01	-6.184534717802206982e-01	2.073216655661702656e-01	-1.994208906933687131e-01	2.040228125452902275e-01
-8.933499384755876072e-02	1.343760666166690931e-01	-8.929748346124448399e-02	9.922084925127606925e-02	-1.084386354201279379e-01	7.605863313304847551e-02	-1.009789575369480497e-01	1.116657751988855002e-01	-1.110999372528374135e-01	9.619780305967808032e-02	-9.926274469216239682e-02	1.249923360411151485e-01	-1.434826944554927208e-01	1.274491254259736694e-01	-1.407779030965150002e-01	1.010242286797910921e-01	-1.819909659852465000e-01	1.863434098508913728e-01	-1.812536992086414556e-01	1.819610200270009026e-01	-2.232135587100153862e-01	2.324056070526472062e-01	-4.957600689758975832e-01	2.383560936972206334e-01	-2.201482267848101082e-01	1.816161991090222139e-01	-3.583208579085235268e-01	9.999999999999996669e-01	-5.409049900356062146e-01	2.628488533980913866e-01	-1.684182925755082494e-01	2.103495135031848706e-01	-3.262613982910969601e-01	2.483358285419552669e-01	-2.833631704071908342e-01
8.399581398882065286e-02	-1.306112322304640305e-01	8.528293704933818942e-02	-9.577358944084232717e-02	1.033126466133936217e-01	-7.165570885602920437e-02	9.442121135174090518e-02	-1.061284377672656043e-01	1.053269826364065104e-01	-9.304872650900243569e-02	8.791775198345003206e-02	-1.139067260914672364e-01	1.295796161778638156e-01	-1.220588554334262887e-01	1.359131881247932494e-01	-8.933198809756601189e-02	1.567283961831850703e-01	-1.681105170034846719e-01	1.655730692592849440e-01	-1.931022178387508947e-01	1.682037602702081691e-01	-1.815102740322565300e-01	2.543256376189508838e-01	-2.863473043293788822e-01	2.385968903083941217e-01	-1.451066511283642946e-01	2.049609105832938538e-01	-5.409049900356062146e-01	1.000000000000000222e+00	-5.651182434273045452e-01	1.314335979798733900e-01	-1.698111050861447757e-01	2.469708678472199714e-01	-3.432400827813645305e-01	2.902595974544091573e-01
-8.680566521829856386e-02	1.322050649923172949e-01	-8.818196676610794149e-02	9.888562426260630311e-02	-1.100348964839003019e-01	7.324658788107020480e-02	-9.720503252778919800e-02	1.084069621575793757e-01	-1.112868921076803352e-01	9.821868020205962169e-02	-8.991713964046085805e-02	1.151843713415769133e-01	-1.342155299277438540e-01	1.267616606379597111e-01	-1.506722019922348277e-01	8.960700702834950571e-02	-1.609914914492099891e-01	1.612137862630932117e-01	-1.725003581558115784e-01	2.095497047289007764e-01	-1.650105821924944538e-01	1.631560918014478279e-01	-2.357935693096374907e-01	2.544287059518368643e-01	-4.009696892305825155e-01	1.281251518180442361e-01	-1.817514275935460943e-01	2.628488533980913866e-01	-5.651182434273045452e-01	1.000000000000000222e+00	-1.208016255946546547e-01	1.408543806953167776e-01	-2.018533713321836176e-01	2.113839303943409187e-01	-5.621845154021809510e-01
6.523785983059095239e-02	-1.008795092039789093e-01	6.397793035908888593e-02	-7.068715228105662551e-02	7.426196811333288239e-02	-5.622568482991210231e-02	7.285123193562428878e-02	-8.052141901586717943e-02	7.476699649278406579e-02	-6.521665786458642755e-02	7.535889434022492728e-02	-9.082777873738988317e-02	9.476656257136997774e-02	-8.437098378067200977e-02	8.987683403660409742e-02	-8.117641620132783065e-02	1.305582702315979948e-01	-1.098754893864691967e-01	1.024406226639647255e-01	-1.149373717995738203e-01	2.339003950673451127e-01	-2.043876916198343330e-01	1.533752741848082302e-01	-1.202858453202597516e-01	1.078988131282073437e-01	-6.619784451413068815e-01	3.025237756002168155e-01	-1.684182925755082494e-01	1.314335979798733900e-01	-1.208016255946546547e-01	1.000000000000000444e+00	-5.917396316036668269e-01	1.542528877537492904e-01	-1.444744551533976018e-01	1.476488926503944643e-01
-6.813368367029112860e-02	1.023428083694167962e-01	-6.648663329097119490e-02	7.326976104251915756e-02	-7.878726761936244438e-02	5.805171215445511373e-02	-7.600079020582718725e-02	8.324730605245697634e-02	-7.940941336254553340e-02	6.886015722201166422e-02	-7.858898485548083956e-02	9.396366933914129804e-02	-1.013169750636758043e-01	8.927348179987446009e-02	-9.701325774145440339e-02	8.179708199958224402e-02	-1.396216257008069395e-01	1.174964877314944034e-01	-1.126809404173293033e-01	1.221777012374131721e-01	-2.314093326241840609e-01	1.944656637100180552e-01	-1.802317332722929433e-01	1.328381267384568520e-01	-1.235221416602950983e-01	3.020633313033601608e-01	-6.184534717802206982e-01	2.103495135031848706e-01	-1.698111050861447757e-01	1.408543806953167776e-01	-5.917396316036668269e-01	1.000000000000000444e+00	-2.613093935299778958e-01	1.851809618315284900e-01	-1.810174868185461250e-01
6.796270825218565792e-02	-1.057628510047629866e-01	6.798382877004255365e-02	-7.579730900231035351e-02	8.096460666516433480e-02	-5.785085516360766178e-02	7.565793009782952050e-02	-8.451089934724284602e-02	8.163506494631003751e-02	-7.182125745089396052e-02	7.122750227637668352e-02	-9.054695458872627500e-02	1.007390856724233175e-01	-9.284253672474596097e-02	1.017973584993370484e-01	-7.278929786840819538e-02	1.262170016948172269e-01	-1.239962117730885882e-01	1.185054662847425666e-01	-1.372012042619634720e-01	1.473061154681699625e-01	-1.493546858008149847e-01	1.835616795251440447e-01	-1.573872997188689171e-01	1.424217534642857053e-01	-1.475091045641196141e-01	2.073216655661702656e-01	-3.262613982910969601e-01	2.469708678472199714e-01	-2.018533713321836176e-01	1.542528877537492904e-01	-2.613093935299778958e-01	1.000000000000001110e+00	-8.116580448787064084e-01	2.264052243357711491e-01
-6.501490783055809131e-02	9.907462615645551418e-02	-6.475326477726184304e-02	7.199170924836660601e-02	-7.825682366104169674e-02	5.500074689783641946e-02	-7.236652183383829318e-02	8.021536789851183014e-02	-7.887361676450913017e-02	6.900344008214627511e-02	-6.884593720866510891e-02	8.651533221253078498e-02	-9.764614086626111078e-02	8.915835323926565859e-02	-9.961579190878261381e-02	6.960564932337828803e-02	-1.230743829500106495e-01	1.173047910527864612e-01	-1.166524159067223732e-01	1.312038120971268373e-01	-1.440045528796455310e-01	1.381981415984678829e-01	-1.810476689885238133e-01	1.528519281592092272e-01	-1.485819855529484368e-01	1.305787205050185085e-01	-1.994208906933687131e-01	2.483358285419552669e-01	-3.432400827813645305e-01	2.113839303943409187e-01	-1.444744551533976018e-01	1.851809618315284900e-01	-8.116580448787064084e-01	1.000000000000001110e+00	-3.042762706621129354e-01
1.200396139988026967e-01	-1.930911858221952548e-01	1.209649974125009964e-01	-1.356743150401221176e-01	1.428406977007482259e-01	-1.016195046793722939e-01	1.316604267659635674e-01	-1.486420991243432299e-01	1.421760958754200166e-01	-1.273144169201959608e-01	1.155331711529709315e-01	-1.502262586536350086e-01	1.674966624860297904e-01	-1.605811694256445987e-01	1.778716327854269197e-01	-1.162016794210810056e-01	2.013281511967131565e-01	-1.956266986352630799e-01	1.911799105884061378e-01	-2.574119108967451997e-01	1.932326156853275412e-01	-1.969346559779530104e-01	2.323001337522258569e-01	-2.533201290265021388e-01	2.496211808641642660e-01	-1.627982978810653125e-01	2.040228125452902275e-01	-2.833631704071908342e-01	2.902595974544091573e-01	-5.621845154021809510e-01	1.476488926503944643e-01	-1.810174868185461250e-01	2.264052243357711491e-01	-3.042762706621129354e-01	1.000000000000001110e+00
