1.000000000000000000e+00	-8.032900661601787284e-01	2.237845009887562409e-01	-9.358799951627738700e-02	8.014843220862592765e-02	-4.215846167537745104e-01	2.849105611399311844e-01	-2.731134273398486134e-01	7.899881336824067513e-02	-7.233335313091410201e-02	3.598354476156665621e-02	-3.660457286628086837e-02	5.529459702712012648e-02	-4.540589865531390046e-02	4.156632473287260460e-02	-2.424704960868576814e-02	2.527691251193301541e-02	-2.634526771730369768e-02	2.871690219806139963e-02	-3.865221198381098983e-02	1.515078876318718196e-02	-1.812028774200692000e-02	2.317120064417150377e-02	-2.619878851158979893e-02	3.477334150802824375e-02	-1.264203310138843454e-02	1.388341380311737192e-02	-1.578880185207744841e-02	1.713188262761632455e-02	-1.838920710568895875e-02	1.232914225944004016e-02	-1.163599589908529547e-02	1.602562134650991482e-02	-1.359989380955270964e-02	1.679401323604336888e-02
-8.032900661601787284e-01	9.999999999999997780e-01	-3.119373379567831339e-01	8.859889311216616326e-02	-7.667993097155924309e-02	2.793285944273488086e-01	-3.967105434592412827e-01	2.316246241146812379e-01	-7.511780454704811150e-02	6.384480562431719963e-02	-3.436377536320706083e-02	3.485846540502582358e-02	-4.920538939443169085e-02	4.020422347181217687e-02	-3.673247867734891203e-02	2.173751184523075794e-02	-2.324362913336826958e-02	2.310109678685748694e-02	-2.521508083655013208e-02	3.358079271751075040e-02	-1.340741691371532575e-02	1.596073166060649889e-02	-2.033282005861644301e-02	2.282241472942986640e-02	-3.015729685239400271e-02	1.108472363794369558e-02	-1.214163256239321476e-02	1.373557976115394492e-02	-1.488632196215971919e-02	1.593230434579839816e-02	-1.080089343349887980e-02	1.016198728505330814e-02	-1.394025801141666673e-02	1.180792423912819730e-02	-1.456055485394422075e-02
2.237845009887562409e-01	-3.119373379567831339e-01	9.999999999999997780e-01	-2.725949857165175794e-01	1.713222343968804906e-01	-1.869367116262108663e-01	1.823139229353923085e-01	-8.360646525311494770e-01	1.802649280581197777e-01	-1.454015831175690110e-01	3.532268387630496664e-02	-3.500484826812531869e-02	9.964766744924184738e-02	-8.616427731518183641e-02	7.487696947192971908e-02	-2.953087789341809002e-02	2.989232558592852876e-02	-4.023717824084027672e-02	4.695641726952822642e-02	-6.702974513796022826e-02	2.033226794528255471e-02	-2.467684108418271433e-02	3.516507141230291317e-02	-4.207179937720137430e-02	5.621230107197502240e-02	-1.784952980636480072e-02	2.027051746690485337e-02	-2.416344212307447448e-02	2.670751090970587341e-02	-2.912996526557009788e-02	1.771299332022467990e-02	-1.708499575911312518e-02	2.454347716370090804e-02	-2.114273538014352707e-02	2.641889049881778959e-02
-9.358799951627738700e-02	8.859889311216616326e-02	-2.725949857165175794e-01	9.999999999999994449e-01	-6.002362065226017895e-01	7.291399511358125085e-02	-7.146993983663038619e-02	2.121435744052358463e-01	-6.409318915467959732e-01	3.125517748039038923e-01	-3.916122468077515295e-02	3.747687747355921833e-02	-1.727843355961847793e-01	1.627663301173083721e-01	-1.450927257131548465e-01	4.037588990893475893e-02	-4.015699412905032045e-02	6.454443638998544341e-02	-8.101556557468331254e-02	1.168140169934315936e-01	-2.997260989302989037e-02	3.664470524117881267e-02	-5.671948186212799614e-02	6.955110836395105023e-02	-9.447108829885725312e-02	2.714992689881325777e-02	-3.159551942328885088e-02	3.871473909907473948e-02	-4.344444103885257424e-02	4.766295791166077350e-02	-2.731333099590361330e-02	2.668345039694401677e-02	-3.944890214653896943e-02	3.423070706038094935e-02	-4.319289553392791081e-02
8.014843220862592765e-02	-7.667993097155924309e-02	1.713222343968804906e-01	-6.002362065226017895e-01	9.999999999999998890e-01	-7.237206684631958264e-02	6.656727300229642319e-02	-2.013838470889862675e-01	3.260891949946606583e-01	-6.358468821479099642e-01	4.829176975637008290e-02	-4.612454712758012193e-02	1.793961442731168698e-01	-1.761254530155322851e-01	1.827239785291790430e-01	-5.335030465661341065e-02	5.207172833507318910e-02	-8.596551983576977696e-02	1.027980432664365451e-01	-1.655773991289639369e-01	4.020081766936065004e-02	-4.945348280744401442e-02	7.520010343062549785e-02	-9.337903617857058747e-02	1.286765438987327037e-01	-3.700401241254280826e-02	4.311270561003872903e-02	-5.326238816940375570e-02	5.960288544610117811e-02	-6.615964068026049250e-02	3.719475244375361478e-02	-3.655023576341922403e-02	5.422062070683601742e-02	-4.725373367302116573e-02	5.966007912825485593e-02
-4.215846167537745104e-01	2.793285944273488086e-01	-1.869367116262108663e-01	7.291399511358125085e-02	-7.237206684631958264e-02	9.999999999999998890e-01	-8.387454708610352361e-01	1.815169142375147870e-01	-6.787258636230519837e-02	5.900681118504983586e-02	-6.055717645923966441e-02	6.030686060357375727e-02	-5.181464873711553315e-02	4.040424867793535740e-02	-3.789204778680471675e-02	3.211352174089829314e-02	-3.595169717653814989e-02	2.805236665664944187e-02	-2.870229899005149674e-02	3.521977351526155153e-02	-1.827671934472912055e-02	2.137304642436134092e-02	-2.479152146124607992e-02	2.607005048130533673e-02	-3.344822895539845825e-02	1.432613070859862364e-02	-1.518432669694272548e-02	1.631689154149867232e-02	-1.729762755255041806e-02	1.812481118709321007e-02	-1.373530504344197024e-02	1.261844976938723134e-02	-1.651178433177351301e-02	1.374475098174560671e-02	-1.666198123684043894e-02
2.849105611399311844e-01	-3.967105434592412827e-01	1.823139229353923085e-01	-7.146993983663038619e-02	6.656727300229642319e-02	-8.387454708610352361e-01	1.000000000000000000e+00	-2.309373858848177141e-01	6.486088519568852795e-02	-5.663061199492486902e-02	5.867834988514247785e-02	-6.554010431470802533e-02	4.868106147816838453e-02	-3.863406039948327764e-02	3.558885015569261678e-02	-3.141755856307915096e-02	3.525721341700576578e-02	-2.686581712276514197e-02	2.715849091014266997e-02	-3.339477419166062000e-02	1.752379193525126916e-02	-2.054098051770811631e-02	2.350471357067641237e-02	-2.472697062094330114e-02	3.115836064888356446e-02	-1.366114993656352208e-02	1.438848179081575127e-02	-1.541387216041894062e-02	1.626242131136289640e-02	-1.703282486302449411e-02	1.302698972261446229e-02	-1.196264944270182193e-02	1.554410575285490766e-02	-1.293809195061926785e-02	1.561476901375121774e-02
-2.731134273398486134e-01	2.316246241146812379e-01	-8.360646525311494770e-01	2.121435744052358463e-01	-2.013838470889862675e-01	1.815169142375147870e-01	-2.309373858848177141e-01	1.000000000000000000e+00	-2.201306619702136369e-01	1.503727777973291602e-01	-4.058831430163000603e-02	3.968935053003051772e-02	-1.229071725504043977e-01	9.698209901986694359e-02	-8.497613420407557072e-02	3.307101432788998874e-02	-3.378892737909032495e-02	4.482106227063435699e-02	-5.287438315908218195e-02	7.378457121147442843e-02	-2.278267033291647703e-02	2.755711406716192940e-02	-3.943765995619137599e-02	4.683876308056261067e-02	-6.329010476340311830e-02	1.993627083835922131e-02	-2.267714910767835296e-02	2.695339004366276506e-02	-2.987444718097117050e-02	3.247629425383538604e-02	-1.982696916570133791e-02	1.908627437703146537e-02	-2.745341684341385743e-02	2.360243465892002818e-02	-2.956201977494894023e-02
7.899881336824067513e-02	-7.511780454704811150e-02	1.802649280581197777e-01	-6.409318915467959732e-01	3.260891949946606583e-01	-6.787258636230519837e-02	6.486088519568852795e-02	-2.201306619702136369e-01	1.000000000000000444e+00	-5.616337782151246127e-01	4.620858456712725881e-02	-4.454458685799567164e-02	2.058693181393542182e-01	-2.766219930602523136e-01	1.898720643119825580e-01	-5.007075739719762247e-02	4.942755069880725577e-02	-8.367211073736742499e-02	1.050260362579817502e-01	-1.571988807984746606e-01	3.717693239240142666e-02	-4.569209187677088224e-02	7.172748241994567064e-02	-9.025338137110221204e-02	1.159969916416617175e-01	-3.371678875395719976e-02	3.916143320277101769e-02	-4.840514448518484086e-02	5.402114720858956776e-02	-5.954744971961042216e-02	3.378697740757671819e-02	-3.313697357197077642e-02	4.886702973371369330e-02	-4.263444292876006347e-02	5.335728022403295884e-02
-7.233335313091410201e-02	6.384480562431719963e-02	-1.454015831175690110e-01	3.125517748039038923e-01	-6.358468821479099642e-01	5.900681118504983586e-02	-5.663061199492486902e-02	1.503727777973291602e-01	-5.616337782151246127e-01	1.000000000000000222e+00	-5.428777154561290758e-02	5.122398295920974759e-02	-2.455707137667023088e-01	2.190802812604812910e-01	-2.961318950911755454e-01	5.868239995445917456e-02	-5.838776007062251860e-02	9.620915553603527626e-02	-1.233199561539255612e-01	1.875179915777905326e-01	-4.469779913606213712e-02	5.452045346291414102e-02	-8.620182227817707599e-02	1.049454250554181650e-01	-1.523390769836667769e-01	4.083526491048459356e-02	-4.808471570356249308e-02	5.927928605285667091e-02	-6.744996545825036882e-02	7.403101311198591328e-02	-4.139097877951370547e-02	4.058305274784494709e-02	-6.098244612604071524e-02	5.290559249974929185e-02	-6.759740972026495598e-02
3.598354476156665621e-02	-3.436377536320706083e-02	3.532268387630496664e-02	-3.916122468077515295e-02	4.829176975637008290e-02	-6.055717645923966441e-02	5.867834988514247785e-02	-4.058831430163000603e-02	4.620858456712725881e-02	-5.428777154561290758e-02	1.000000000000001110e+00	-8.402378343701231156e-01	1.066440907801851218e-01	-7.854902442391938078e-02	7.495064003621720872e-02	-3.819408846191431062e-01	2.828210186407346671e-01	-1.425502433327897889e-01	1.033090602222214438e-01	-8.705093231411986654e-02	1.415003620160941999e-01	-1.684171542185447235e-01	1.167727821335578092e-01	-1.003616262587598562e-01	9.421999594094662700e-02	-9.547620395657115122e-02	8.510228246598190716e-02	-7.410921644805745778e-02	6.777617180141294606e-02	-6.450100629635138749e-02	8.084511602204200176e-02	-7.037852979319617064e-02	7.152209294857468647e-02	-5.547504460649371749e-02	5.918911905407842067e-02
-3.660457286628086837e-02	3.485846540502582358e-02	-3.500484826812531869e-02	3.747687747355921833e-02	-4.612454712758012193e-02	6.030686060357375727e-02	-6.554010431470802533e-02	3.968935053003051772e-02	-4.454458685799567164e-02	5.122398295920974759e-02	-8.402378343701231156e-01	1.000000000000001554e+00	-1.144291978105190094e-01	7.679149239966676088e-02	-7.268728056811456228e-02	2.648289832881784434e-01	-4.184862948617839029e-01	1.367908694883526177e-01	-1.038102340327930473e-01	8.146130525442239756e-02	-1.191190855444816538e-01	1.315241544074333691e-01	-1.158679982508806494e-01	9.309443200034078769e-02	-8.809152442455665810e-02	7.773102633826876884e-02	-7.322710695527813451e-02	6.492291010616388358e-02	-6.133060901113582958e-02	5.778275204414611704e-02	-6.987495365022523830e-02	5.935933116917747887e-02	-6.371504974527535115e-02	4.924470451217179134e-02	-5.365390141058274526e-02
5.529459702712012648e-02	-4.920538939443169085e-02	9.964766744924184738e-02	-1.727843355961847793e-01	1.793961442731168698e-01	-5.181464873711553315e-02	4.868106147816838453e-02	-1.229071725504043977e-01	2.058693181393542182e-01	-2.455707137667023088e-01	1.066440907801851218e-01	-1.144291978105190094e-01	1.000000000000001332e+00	-6.940836940451821091e-01	2.972939560376312018e-01	-1.163909416387886447e-01	1.128502131697661781e-01	-1.967526270181617076e-01	2.210439978105334657e-01	-3.334969481371209410e-01	8.228805464989606688e-02	-1.025867995757973744e-01	1.562654616599060409e-01	-2.058814508242863550e-01	2.238885304686161204e-01	-7.387733250558056741e-02	8.386968297493468949e-02	-1.040997525342255842e-01	1.128291093624741587e-01	-1.252929504592332766e-01	7.256182973283016591e-02	-7.131366229662682021e-02	1.022536915227429399e-01	-9.000388243920580400e-02	1.093094986359331167e-01
-4.540589865531390046e-02	4.020422347181217687e-02	-8.616427731518183641e-02	1.627663301173083721e-01	-1.761254530155322851e-01	4.040424867793535740e-02	-3.863406039948327764e-02	9.698209901986694359e-02	-2.766219930602523136e-01	2.190802812604812910e-01	-7.854902442391938078e-02	7.679149239966676088e-02	-6.940836940451821091e-01	1.000000000000001776e+00	-4.962642262004893223e-01	8.511831054131885343e-02	-8.644012522761049255e-02	1.563271556582959965e-01	-2.518743579743838445e-01	2.721581236815043825e-01	-6.241665761124338269e-02	7.659975477166411362e-02	-1.313637030120025639e-01	1.672545813206297860e-01	-1.882761179856269618e-01	5.510976800545870635e-02	-6.386696286675179468e-02	7.927677648565739643e-02	-8.828761420677601335e-02	9.560970243235587807e-02	-5.500134656999572380e-02	5.379018450682136743e-02	-7.880375235400566281e-02	6.884751532573843424e-02	-8.486329187464008994e-02
4.156632473287260460e-02	-3.673247867734891203e-02	7.487696947192971908e-02	-1.450927257131548465e-01	1.827239785291790430e-01	-3.789204778680471675e-02	3.558885015569261678e-02	-8.497613420407557072e-02	1.898720643119825580e-01	-2.961318950911755454e-01	7.495064003621720872e-02	-7.268728056811456228e-02	2.972939560376312018e-01	-4.962642262004893223e-01	1.000000000000001554e+00	-9.294862459577848957e-02	9.079466449721394772e-02	-1.751422453619097819e-01	2.268222497795194248e-01	-6.449222191353393141e-01	6.973029868727230463e-02	-8.667710901608195739e-02	1.435163693498227866e-01	-1.920070116314752939e-01	2.323512873139981227e-01	-6.331662352617230261e-02	7.367239752820665954e-02	-9.394916105248432570e-02	1.042381640431031126e-01	-1.199235257816570061e-01	6.306257568072801134e-02	-6.254335274692145175e-02	9.246775934737624936e-02	-8.270799942192701149e-02	1.015808478687506011e-01
-2.424704960868576814e-02	2.173751184523075794e-02	-2.953087789341809002e-02	4.037588990893475893e-02	-5.335030465661341065e-02	3.211352174089829314e-02	-3.141755856307915096e-02	3.307101432788998874e-02	-5.007075739719762247e-02	5.868239995445917456e-02	-3.819408846191431062e-01	2.648289832881784434e-01	-1.163909416387886447e-01	8.511831054131885343e-02	-9.294862459577848957e-02	1.000000000000002442e+00	-7.149687511377876836e-01	2.047802718704776759e-01	-1.570058853349984573e-01	1.056371339814906607e-01	-3.641032267491845498e-01	2.491020399631049265e-01	-1.929495803721151814e-01	1.384200176207327215e-01	-1.262137578812261574e-01	1.553557316058488680e-01	-1.379523795761789240e-01	1.062003324776682744e-01	-9.704684012890725520e-02	8.666867734901904929e-02	-1.401380373151629444e-01	1.073985278611894467e-01	-1.069157526195335939e-01	7.807311944005786153e-02	-8.232857285313152640e-02
2.527691251193301541e-02	-2.324362913336826958e-02	2.989232558592852876e-02	-4.015699412905032045e-02	5.207172833507318910e-02	-3.595169717653814989e-02	3.525721341700576578e-02	-3.378892737909032495e-02	4.942755069880725577e-02	-5.838776007062251860e-02	2.828210186407346671e-01	-4.184862948617839029e-01	1.128502131697661781e-01	-8.644012522761049255e-02	9.079466449721394772e-02	-7.149687511377876836e-01	1.000000000000003109e+00	-3.072515401013795056e-01	1.598452090526927827e-01	-1.085167462926865806e-01	2.168335460364407552e-01	-2.630904227729274347e-01	1.894521097443044866e-01	-1.461826719491235160e-01	1.192024694554978254e-01	-1.349698353269400686e-01	1.188821203518332786e-01	-1.003474600391815880e-01	9.031696114649030716e-02	-8.268066624460883307e-02	1.126696231981016427e-01	-9.661407025766900747e-02	9.576593378007994262e-02	-7.304726170079300918e-02	7.604724380640820458e-02
-2.634526771730369768e-02	2.310109678685748694e-02	-4.023717824084027672e-02	6.454443638998544341e-02	-8.596551983576977696e-02	2.805236665664944187e-02	-2.686581712276514197e-02	4.482106227063435699e-02	-8.367211073736742499e-02	9.620915553603527626e-02	-1.425502433327897889e-01	1.367908694883526177e-01	-1.967526270181617076e-01	1.563271556582959965e-01	-1.751422453619097819e-01	2.047802718704776759e-01	-3.072515401013795056e-01	1.000000000000002220e+00	-5.336181015831216179e-01	2.028367058847174442e-01	-1.503587788154429894e-01	1.761929251795021634e-01	-6.190307725638165559e-01	3.141328523151315499e-01	-2.130800254759633028e-01	1.083197605925631801e-01	-1.231956748421485087e-01	1.440011949567607807e-01	-1.441361866964148974e-01	1.265982651378593782e-01	-1.076277262741589524e-01	9.814172038133905929e-02	-1.327380569110055697e-01	1.054224164691218435e-01	-1.158553632903963626e-01
2.871690219806139963e-02	-2.521508083655013208e-02	4.695641726952822642e-02	-8.101556557468331254e-02	1.027980432664365451e-01	-2.870229899005149674e-02	2.715849091014266997e-02	-5.287438315908218195e-02	1.050260362579817502e-01	-1.233199561539255612e-01	1.033090602222214438e-01	-1.038102340327930473e-01	2.210439978105334657e-01	-2.518743579743838445e-01	2.268222497795194248e-01	-1.570058853349984573e-01	1.598452090526927827e-01	-5.336181015831216179e-01	1.000000000000002665e+00	-3.807877053274729140e-01	1.100442840176344972e-01	-1.388433307302909259e-01	3.064336067794299345e-01	-5.755297083287063131e-01	2.368392780449888324e-01	-9.072661214615040937e-02	1.032837207123949025e-01	-1.352885096888863103e-01	1.461638224881186277e-01	-1.391918497611568661e-01	8.818489406037213763e-02	-8.611265449988726728e-02	1.205767207921446538e-01	-1.080744408723616767e-01	1.176360980728572564e-01
-3.865221198381098983e-02	3.358079271751075040e-02	-6.702974513796022826e-02	1.168140169934315936e-01	-1.655773991289639369e-01	3.521977351526155153e-02	-3.339477419166062000e-02	7.378457121147442843e-02	-1.571988807984746606e-01	1.875179915777905326e-01	-8.705093231411986654e-02	8.146130525442239756e-02	-3.334969481371209410e-01	2.721581236815043825e-01	-6.449222191353393141e-01	1.056371339814906607e-01	-1.085167462926865806e-01	2.028367058847174442e-01	-3.807877053274729140e-01	1.000000000000003331e+00	-8.317677276687396315e-02	1.012110835428805394e-01	-1.857586200851512881e-01	2.292156198405495005e-01	-4.021478594838672205e-01	7.487452456323728800e-02	-8.976832338173841574e-02	1.141062837869745716e-01	-1.341021728507776345e-01	1.533736156947823615e-01	-7.627272790709899164e-02	7.541841278654098923e-02	-1.158605928886806274e-01	1.029604404548079555e-01	-1.331911962299187346e-01
1.515078876318718196e-02	-1.340741691371532575e-02	2.033226794528255471e-02	-2.997260989302989037e-02	4.020081766936065004e-02	-1.827671934472912055e-02	1.752379193525126916e-02	-2.278267033291647703e-02	3.717693239240142666e-02	-4.469779913606213712e-02	1.415003620160941999e-01	-1.191190855444816538e-01	8.228805464989606688e-02	-6.241665761124338269e-02	6.973029868727230463e-02	-3.641032267491845498e-01	2.168335460364407552e-01	-1.503587788154429894e-01	1.100442840176344972e-01	-8.317677276687396315e-02	1.000000000000002665e+00	-7.366782821753085075e-01	1.596998350130863775e-01	-1.244593291946128194e-01	1.061937981524224417e-01	-4.049090389524601652e-01	2.192866934701284132e-01	-1.317928931347788213e-01	1.042018991057734878e-01	-8.958662341992916500e-02	2.267586207027633693e-01	-1.745333382228328456e-01	1.279155897454167523e-01	-8.907416955580398088e-02	8.400550745981680278e-02
-1.812028774200692000e-02	1.596073166060649889e-02	-2.467684108418271433e-02	3.664470524117881267e-02	-4.945348280744401442e-02	2.137304642436134092e-02	-2.054098051770811631e-02	2.755711406716192940e-02	-4.569209187677088224e-02	5.452045346291414102e-02	-1.684171542185447235e-01	1.315241544074333691e-01	-1.025867995757973744e-01	7.659975477166411362e-02	-8.667710901608195739e-02	2.491020399631049265e-01	-2.630904227729274347e-01	1.761929251795021634e-01	-1.388433307302909259e-01	1.012110835428805394e-01	-7.366782821753085075e-01	1.000000000000002442e+00	-2.410315562756245866e-01	1.525724389865416308e-01	-1.339857328646496260e-01	2.676892089768262428e-01	-3.242807772184764792e-01	1.591674961007279732e-01	-1.320598587749695074e-01	1.087198773124809642e-01	-2.699239648935617408e-01	1.961640237865190928e-01	-1.617532364864450178e-01	1.081199610491987012e-01	-1.052678083274128928e-01
2.317120064417150377e-02	-2.033282005861644301e-02	3.516507141230291317e-02	-5.671948186212799614e-02	7.520010343062549785e-02	-2.479152146124607992e-02	2.350471357067641237e-02	-3.943765995619137599e-02	7.172748241994567064e-02	-8.620182227817707599e-02	1.167727821335578092e-01	-1.158679982508806494e-01	1.562654616599060409e-01	-1.313637030120025639e-01	1.435163693498227866e-01	-1.929495803721151814e-01	1.894521097443044866e-01	-6.190307725638165559e-01	3.064336067794299345e-01	-1.857586200851512881e-01	1.596998350130863775e-01	-2.410315562756245866e-01	1.000000000000003109e+00	-5.770879988116098813e-01	2.055610213731801084e-01	-1.211272386938655882e-01	1.384812240788512172e-01	-2.006155237504577138e-01	1.680540030171752686e-01	-1.429263020458858280e-01	1.153902979680368063e-01	-1.119032056078714810e-01	1.486305885061887655e-01	-1.229050665926510050e-01	1.233416594180482967e-01
-2.619878851158979893e-02	2.282241472942986640e-02	-4.207179937720137430e-02	6.955110836395105023e-02	-9.337903617857058747e-02	2.607005048130533673e-02	-2.472697062094330114e-02	4.683876308056261067e-02	-9.025338137110221204e-02	1.049454250554181650e-01	-1.003616262587598562e-01	9.309443200034078769e-02	-2.058814508242863550e-01	1.672545813206297860e-01	-1.920070116314752939e-01	1.384200176207327215e-01	-1.461826719491235160e-01	3.141328523151315499e-01	-5.755297083287063131e-01	2.292156198405495005e-01	-1.244593291946128194e-01	1.525724389865416308e-01	-5.770879988116098813e-01	1.000000000000003109e+00	-3.248596190484700497e-01	1.022516142678720208e-01	-1.252433894307080908e-01	1.714529577749961398e-01	-2.239399455472297351e-01	1.695327672386411355e-01	-1.039692729067484001e-01	1.018997432030042671e-01	-1.531259683751642897e-01	1.365384179168421530e-01	-1.473935030830973159e-01
3.477334150802824375e-02	-3.015729685239400271e-02	5.621230107197502240e-02	-9.447108829885725312e-02	1.286765438987327037e-01	-3.344822895539845825e-02	3.115836064888356446e-02	-6.329010476340311830e-02	1.159969916416617175e-01	-1.523390769836667769e-01	9.421999594094662700e-02	-8.809152442455665810e-02	2.238885304686161204e-01	-1.882761179856269618e-01	2.323512873139981227e-01	-1.262137578812261574e-01	1.192024694554978254e-01	-2.130800254759633028e-01	2.368392780449888324e-01	-4.021478594838672205e-01	1.061937981524224417e-01	-1.339857328646496260e-01	2.055610213731801084e-01	-3.248596190484700497e-01	1.000000000000002887e+00	-1.068294328199473758e-01	1.300155552802653436e-01	-1.861817606584325602e-01	2.179724184032210688e-01	-4.305938887521488789e-01	1.074817773243769009e-01	-1.136641514680036963e-01	1.794297358566990241e-01	-1.835090593242649781e-01	2.342659148408862690e-01
-1.264203310138843454e-02	1.108472363794369558e-02	-1.784952980636480072e-02	2.714992689881325777e-02	-3.700401241254280826e-02	1.432613070859862364e-02	-1.366114993656352208e-02	1.993627083835922131e-02	-3.371678875395719976e-02	4.083526491048459356e-02	-9.547620395657115122e-02	7.773102633826876884e-02	-7.387733250558056741e-02	5.510976800545870635e-02	-6.331662352617230261e-02	1.553557316058488680e-01	-1.349698353269400686e-01	1.083197605925631801e-01	-9.072661214615040937e-02	7.487452456323728800e-02	-4.049090389524601652e-01	2.676892089768262428e-01	-1.211272386938655882e-01	1.022516142678720208e-01	-1.068294328199473758e-01	1.000000000000002220e+00	-4.275533666946894074e-01	1.734293330044669179e-01	-1.327897862349192992e-01	1.052632814225100827e-01	-6.947102646437672835e-01	2.881072310524126490e-01	-1.908797790603378175e-01	1.157529085747285441e-01	-1.040672170190090062e-01
1.388341380311737192e-02	-1.214163256239321476e-02	2.027051746690485337e-02	-3.159551942328885088e-02	4.311270561003872903e-02	-1.518432669694272548e-02	1.438848179081575127e-02	-2.267714910767835296e-02	3.916143320277101769e-02	-4.808471570356249308e-02	8.510228246598190716e-02	-7.322710695527813451e-02	8.386968297493468949e-02	-6.386696286675179468e-02	7.367239752820665954e-02	-1.379523795761789240e-01	1.188821203518332786e-01	-1.231956748421485087e-01	1.032837207123949025e-01	-8.976832338173841574e-02	2.192866934701284132e-01	-3.242807772184764792e-01	1.384812240788512172e-01	-1.252433894307080908e-01	1.300155552802653436e-01	-4.275533666946894074e-01	1.000000000000002220e+00	-3.628920576107948492e-01	1.897696320489082322e-01	-1.515015753420075328e-01	3.061104387443625563e-01	-6.426421639398067764e-01	2.631451900276181033e-01	-1.749894078931013564e-01	1.386104412607639391e-01
-1.578880185207744841e-02	1.373557976115394492e-02	-2.416344212307447448e-02	3.871473909907473948e-02	-5.326238816940375570e-02	1.631689154149867232e-02	-1.541387216041894062e-02	2.695339004366276506e-02	-4.840514448518484086e-02	5.927928605285667091e-02	-7.410921644805745778e-02	6.492291010616388358e-02	-1.040997525342255842e-01	7.927677648565739643e-02	-9.394916105248432570e-02	1.062003324776682744e-01	-1.003474600391815880e-01	1.440011949567607807e-01	-1.352885096888863103e-01	1.141062837869745716e-01	-1.317928931347788213e-01	1.591674961007279732e-01	-2.006155237504577138e-01	1.714529577749961398e-01	-1.861817606584325602e-01	1.734293330044669179e-01	-3.628920576107948492e-01	1.000000000000002665e+00	-5.632908685804395299e-01	2.351173416418255169e-01	-1.900177082392495997e-01	2.422428948121396752e-01	-5.731906517677229917e-01	2.850367193582595271e-01	-2.433874606242249494e-01
1.713188262761632455e-02	-1.488632196215971919e-02	2.670751090970587341e-02	-4.344444103885257424e-02	5.960288544610117811e-02	-1.729762755255041806e-02	1.626242131136289640e-02	-2.987444718097117050e-02	5.402114720858956776e-02	-6.744996545825036882e-02	6.777617180141294606e-02	-6.133060901113582958e-02	1.128291093624741587e-01	-8.828761420677601335e-02	1.042381640431031126e-01	-9.704684012890725520e-02	9.031696114649030716e-02	-1.441361866964148974e-01	1.461638224881186277e-01	-1.341021728507776345e-01	1.042018991057734878e-01	-1.320598587749695074e-01	1.680540030171752686e-01	-2.239399455472297351e-01	2.179724184032210688e-01	-1.327897862349192992e-01	1.897696320489082322e-01	-5.632908685804395299e-01	1.000000000000003331e+00	-4.453360287636243253e-01	1.327530447451198969e-01	-1.724298218216361867e-01	3.042967549968725316e-01	-5.035542898276681445e-01	2.928298497424389191e-01
-1.838920710568895875e-02	1.593230434579839816e-02	-2.912996526557009788e-02	4.766295791166077350e-02	-6.615964068026049250e-02	1.812481118709321007e-02	-1.703282486302449411e-02	3.247629425383538604e-02	-5.954744971961042216e-02	7.403101311198591328e-02	-6.450100629635138749e-02	5.778275204414611704e-02	-1.252929504592332766e-01	9.560970243235587807e-02	-1.199235257816570061e-01	8.666867734901904929e-02	-8.268066624460883307e-02	1.265982651378593782e-01	-1.391918497611568661e-01	1.533736156947823615e-01	-8.958662341992916500e-02	1.087198773124809642e-01	-1.429263020458858280e-01	1.695327672386411355e-01	-4.305938887521488789e-01	1.052632814225100827e-01	-1.515015753420075328e-01	2.351173416418255169e-01	-4.453360287636243253e-01	1.000000000000002887e+00	-1.150093765798776840e-01	1.321770227080484861e-01	-2.689198648574854245e-01	2.941377485137917080e-01	-6.372382441630530803e-01
1.232914225944004016e-02	-1.080089343349887980e-02	1.771299332022467990e-02	-2.731333099590361330e-02	3.719475244375361478e-02	-1.373530504344197024e-02	1.302698972261446229e-02	-1.982696916570133791e-02	3.378697740757671819e-02	-4.139097877951370547e-02	8.084511602204200176e-02	-6.987495365022523830e-02	7.256182973283016591e-02	-5.500134656999572380e-02	6.306257568072801134e-02	-1.401380373151629444e-01	1.126696231981016427e-01	-1.076277262741589524e-01	8.818489406037213763e-02	-7.627272790709899164e-02	2.267586207027633693e-01	-2.699239648935617408e-01	1.153902979680368063e-01	-1.039692729067484001e-01	1.074817773243769009e-01	-6.947102646437672835e-01	3.061104387443625563e-01	-1.900177082392495997e-01	1.327530447451198969e-01	-1.150093765798776840e-01	1.000000000000002442e+00	-5.272338504821455496e-01	1.976324351049055517e-01	-1.306421043100169377e-01	1.068386676171442784e-01
-1.163599589908529547e-02	1.016198728505330814e-02	-1.708499575911312518e-02	2.668345039694401677e-02	-3.655023576341922403e-02	1.261844976938723134e-02	-1.196264944270182193e-02	1.908627437703146537e-02	-3.313697357197077642e-02	4.058305274784494709e-02	-7.037852979319617064e-02	5.935933116917747887e-02	-7.131366229662682021e-02	5.379018450682136743e-02	-6.254335274692145175e-02	1.073985278611894467e-01	-9.661407025766900747e-02	9.814172038133905929e-02	-8.611265449988726728e-02	7.541841278654098923e-02	-1.745333382228328456e-01	1.961640237865190928e-01	-1.119032056078714810e-01	1.018997432030042671e-01	-1.136641514680036963e-01	2.881072310524126490e-01	-6.426421639398067764e-01	2.422428948121396752e-01	-1.724298218216361867e-01	1.321770227080484861e-01	-5.272338504821455496e-01	1.000000000000002887e+00	-3.855777857137615561e-01	1.674625896866019370e-01	-1.347869233564107372e-01
1.602562134650991482e-02	-1.394025801141666673e-02	2.454347716370090804e-02	-3.944890214653896943e-02	5.422062070683601742e-02	-1.651178433177351301e-02	1.554410575285490766e-02	-2.745341684341385743e-02	4.886702973371369330e-02	-6.098244612604071524e-02	7.152209294857468647e-02	-6.371504974527535115e-02	1.022536915227429399e-01	-7.880375235400566281e-02	9.246775934737624936e-02	-1.069157526195335939e-01	9.576593378007994262e-02	-1.327380569110055697e-01	1.205767207921446538e-01	-1.158605928886806274e-01	1.279155897454167523e-01	-1.617532364864450178e-01	1.486305885061887655e-01	-1.531259683751642897e-01	1.794297358566990241e-01	-1.908797790603378175e-01	2.631451900276181033e-01	-5.731906517677229917e-01	3.042967549968725316e-01	-2.689198648574854245e-01	1.976324351049055517e-01	-3.855777857137615561e-01	1.000000000000002887e+00	-5.002177035731558696e-01	2.496784670150182239e-01
-1.359989380955270964e-02	1.180792423912819730e-02	-2.114273538014352707e-02	3.423070706038094935e-02	-4.725373367302116573e-02	1.374475098174560671e-02	-1.293809195061926785e-02	2.360243465892002818e-02	-4.263444292876006347e-02	5.290559249974929185e-02	-5.547504460649371749e-02	4.924470451217179134e-02	-9.000388243920580400e-02	6.884751532573843424e-02	-8.270799942192701149e-02	7.807311944005786153e-02	-7.304726170079300918e-02	1.054224164691218435e-01	-1.080744408723616767e-01	1.029604404548079555e-01	-8.907416955580398088e-02	1.081199610491987012e-01	-1.229050665926510050e-01	1.365384179168421530e-01	-1.835090593242649781e-01	1.157529085747285441e-01	-1.749894078931013564e-01	2.850367193582595271e-01	-5.035542898276681445e-01	2.941377485137917080e-01	-1.306421043100169377e-01	1.674625896866019370e-01	-5.002177035731558696e-01	1.000000000000002887e+00	-5.796589143439457859e-01
1.679401323604336888e-02	-1.456055485394422075e-02	2.641889049881778959e-02	-4.319289553392791081e-02	5.966007912825485593e-02	-1.666198123684043894e-02	1.561476901375121774e-02	-2.956201977494894023e-02	5.335728022403295884e-02	-6.759740972026495598e-02	5.918911905407842067e-02	-5.365390141058274526e-02	1.093094986359331167e-01	-8.486329187464008994e-02	1.015808478687506011e-01	-8.232857285313152640e-02	7.604724380640820458e-02	-1.158553632903963626e-01	1.176360980728572564e-01	-1.331911962299187346e-01	8.400550745981680278e-02	-1.052678083274128928e-01	1.233416594180482967e-01	-1.473935030830973159e-01	2.342659148408862690e-01	-1.040672170190090062e-01	1.386104412607639391e-01	-2.433874606242249494e-01	2.928298497424389191e-01	-6.372382441630530803e-01	1.068386676171442784e-01	-1.347869233564107372e-01	2.496784670150182239e-01	-5.796589143439457859e-01	1.000000000000002887e+00
