1.000000000000000222e+00	-7.481376221591394537e-02	6.716315481862769610e-02	-1.822886964617408123e-01	8.070673245996859424e-02	-7.036077806122426059e-01	1.491625577176214079e-01	-6.772942859077778210e-02	6.131745317862225680e-02	-1.069907378183784369e-01	3.192280073914272598e-01	-1.247495035396947172e-01	1.338938171797846022e-01	-9.727213939939209630e-02	1.056485203284426438e-01	-1.297377552993474736e-01	1.425051815150955303e-01	-1.698573046354887039e-01	1.007594847610555205e-01	-5.740554794748441853e-02	9.842172655359936184e-02	-9.875004665715136909e-02	1.291542911935274485e-01	-9.198461270148901303e-02	6.319979992566612803e-02	-8.066847157712121741e-02	8.516403077904473318e-02	-7.281222954376787015e-02	7.236735182593369287e-02	-7.657378727767727433e-02	8.431025943923106669e-02	-6.606836750572027406e-02	5.553958875972781623e-02	-7.653433470143451711e-02	8.328015052859089051e-02
-7.481376221591394537e-02	1.000000000000000000e+00	-9.722560279398900773e-01	1.241344859503469705e-01	-5.963556508821678259e-02	5.098239325317635573e-02	-9.391796141988127677e-02	5.400250852556798958e-02	-5.287921782411404703e-02	6.316314553155703837e-02	-7.226258010692997169e-02	6.559582234471775242e-02	-7.507411892427330591e-02	5.352939422435512573e-02	-6.537296336858185175e-02	4.635141341903942919e-02	-6.375624181491354459e-02	7.306766440439356469e-02	-5.264902597382054711e-02	3.212461693044342537e-02	-3.965594334859601916e-02	4.278452118237225515e-02	-6.310778632533227406e-02	4.494043876612567601e-02	-3.671597561340245869e-02	3.270490524735437943e-02	-3.621297483751892421e-02	3.231464108027153753e-02	-3.415830054888223388e-02	3.616216593994787259e-02	-3.800610118196574849e-02	2.836793742489920889e-02	-2.508125633107750191e-02	3.446210271413809728e-02	-4.188388739618811862e-02
6.716315481862769610e-02	-9.722560279398900773e-01	9.999999999999998890e-01	-1.450144969009881657e-01	6.166896369147562007e-02	-4.771444137959195142e-02	8.256331362947738617e-02	-5.711300457268705250e-02	5.323856104486358182e-02	-6.698197164089635114e-02	6.639909510450379970e-02	-6.159918902743767577e-02	6.972785175403765912e-02	-5.136305909772693329e-02	6.218875459970392428e-02	-4.346344005749773476e-02	5.884673371769237604e-02	-7.065825407463288688e-02	4.956879741083836111e-02	-3.058036494276487535e-02	3.692430157796490475e-02	-3.999522823950162759e-02	5.872048723978083584e-02	-4.257972221818080716e-02	3.463330261707255053e-02	-3.064741499578237105e-02	3.373855714671449013e-02	-3.049152049864797473e-02	3.219767890149809880e-02	-3.425372410673296897e-02	3.553726357657514129e-02	-2.674262260224553878e-02	2.359852553381979606e-02	-3.263796040269772991e-02	3.921278127232213223e-02
-1.822886964617408123e-01	1.241344859503469705e-01	-1.450144969009881657e-01	9.999999999999993339e-01	-5.472671504279325028e-01	1.282036828918251270e-01	-2.413001871982686508e-01	1.655947693044869939e-01	-2.019685157384657481e-01	3.094538682823492204e-01	-2.210856928075511929e-01	1.803895881158791570e-01	-2.885566309079649061e-01	2.179852074890163138e-01	-3.182859508916761060e-01	1.544392523460136890e-01	-2.229179285590005832e-01	2.441471910266586332e-01	-2.162950785491575267e-01	1.418387745839676528e-01	-1.417808156153868293e-01	1.532716604077658251e-01	-2.486171147445955243e-01	1.753357093174416625e-01	-1.678851662063486072e-01	1.156274798093436251e-01	-1.324387856312618517e-01	1.224019504567824823e-01	-1.340673651359030605e-01	1.434859124829488963e-01	-1.477082606114596686e-01	1.066034457262354518e-01	-9.634165287605438166e-02	1.314527171506175429e-01	-1.737455143924286072e-01
8.070673245996859424e-02	-5.963556508821678259e-02	6.166896369147562007e-02	-5.472671504279325028e-01	9.999999999999995559e-01	-5.848003509426782931e-02	1.117209702433584195e-01	-9.945695760750000725e-02	1.043295550770192009e-01	-7.536620075160240795e-01	9.898340467329620751e-02	-8.843875889069885421e-02	1.451939593299468589e-01	-1.455854438884660873e-01	2.058880463250344350e-01	-7.323209004698476299e-02	1.026760529001903982e-01	-1.341357415499499772e-01	1.132147390722527541e-01	-8.724572090170784611e-02	6.600815500069712183e-02	-7.293787132011383956e-02	1.171787275624774638e-01	-9.459850964113303284e-02	9.234835913096126059e-02	-5.481542463049499797e-02	6.173138506404261816e-02	-6.049248340616293629e-02	6.720011192637685704e-02	-7.428808960843870379e-02	6.887416956605356411e-02	-5.158328508445979288e-02	4.693885925252767877e-02	-6.674628636753239530e-02	8.356546570930398210e-02
-7.036077806122426059e-01	5.098239325317635573e-02	-4.771444137959195142e-02	1.282036828918251270e-01	-5.848003509426782931e-02	1.000000000000000000e+00	-1.605184726822826424e-01	5.184098753623706674e-02	-4.728018374184158462e-02	7.766800679742756619e-02	-5.989373059769104168e-01	1.299437642511936664e-01	-1.151751292350021161e-01	7.856269018357450729e-02	-8.217653588907941620e-02	1.276898630135251955e-01	-1.348816741018332710e-01	1.336236820121769753e-01	-7.995577891616410804e-02	4.417512431960203545e-02	-9.453858468132790571e-02	8.798467070074521279e-02	-1.058270801928419685e-01	7.351156949084337866e-02	-4.846668497625197108e-02	7.162013962320816496e-02	-7.600028154949164949e-02	5.642451233582573833e-02	-5.577705528498388271e-02	5.695412780616361526e-02	-6.429198474979067046e-02	5.045777520363543128e-02	-4.287782123960087732e-02	5.852167729714349842e-02	-6.143589559783370346e-02
1.491625577176214079e-01	-9.391796141988127677e-02	8.256331362947738617e-02	-2.413001871982686508e-01	1.117209702433584195e-01	-1.605184726822826424e-01	9.999999999999998890e-01	-1.330391883393909624e-01	1.106835984349469892e-01	-1.529608319956025086e-01	2.108472949587293366e-01	-7.769092864481078609e-01	2.727543408472505315e-01	-1.842909035972483123e-01	1.609268597109455856e-01	-1.851273153243943037e-01	2.318878782548247919e-01	-3.073758038622851352e-01	1.512834495409629554e-01	-8.523883579794890031e-02	1.314625655299667961e-01	-1.548482783265034135e-01	1.762038142902219440e-01	-1.403504234070769852e-01	8.988919503504641528e-02	-1.147386146218872249e-01	1.148864979742099945e-01	-9.567941878697934499e-02	9.683053720330284109e-02	-9.912942599951572731e-02	1.007852641020398482e-01	-8.221852139628200995e-02	7.152986570586980508e-02	-1.020484812529588725e-01	1.022601643872884103e-01
-6.772942859077778210e-02	5.400250852556798958e-02	-5.711300457268705250e-02	1.655947693044869939e-01	-9.945695760750000725e-02	5.184098753623706674e-02	-1.330391883393909624e-01	1.000000000000000222e+00	-9.454331882968468603e-01	1.132348479087523507e-01	-8.564892616579714013e-02	9.438919285540528503e-02	-1.301735157544743615e-01	1.041189158989185432e-01	-1.160473964024071603e-01	6.333410381856575955e-02	-8.903389505565409423e-02	1.115042445885915251e-01	-8.677756762329132123e-02	5.340725692756763399e-02	-5.512966125498432873e-02	6.087880081444109470e-02	-9.307859696434578334e-02	7.121169006990478445e-02	-6.023254872136569321e-02	4.577052791402629744e-02	-5.089191389274665134e-02	4.712920095645050517e-02	-5.120042938006173772e-02	5.398135728803748340e-02	-5.389991849270449331e-02	4.048321275970279826e-02	-3.648621888592561147e-02	5.105271215292599835e-02	-6.156515949418796263e-02
6.131745317862225680e-02	-5.287921782411404703e-02	5.323856104486358182e-02	-2.019685157384657481e-01	1.043295550770192009e-01	-4.728018374184158462e-02	1.106835984349469892e-01	-9.454331882968468603e-01	9.999999999999998890e-01	-1.291416569296497119e-01	7.706979184215913270e-02	-8.604188254107685008e-02	1.151125934815961510e-01	-1.055247041019503618e-01	1.090628283773740076e-01	-5.799278921942194187e-02	7.976559166442157012e-02	-1.072707093517795002e-01	8.033326985052734182e-02	-5.054534430976268672e-02	5.001419987261888217e-02	-5.554008149620879436e-02	8.433161846180571575e-02	-6.701722202238731552e-02	5.582363393365368659e-02	-4.186860732559604531e-02	4.619373035669651489e-02	-4.365927709535288165e-02	4.740429124615774814e-02	-5.041833527729278758e-02	4.919463633520355927e-02	-3.739023816865350014e-02	3.364749785561116369e-02	-4.762801282129597302e-02	5.643418793801083244e-02
-1.069907378183784369e-01	6.316314553155703837e-02	-6.698197164089635114e-02	3.094538682823492204e-01	-7.536620075160240795e-01	7.766800679742756619e-02	-1.529608319956025086e-01	1.132348479087523507e-01	-1.291416569296497119e-01	1.000000000000001110e+00	-1.324281695250084101e-01	1.196316596953498207e-01	-2.072222813389654750e-01	1.955770149093732091e-01	-3.699052062891313164e-01	9.817151995079757831e-02	-1.394320362496744015e-01	1.742571426505937771e-01	-1.586831968070458176e-01	1.228688337167726102e-01	-8.922878161181224677e-02	9.846499825632706870e-02	-1.605537084008646920e-01	1.269018044442441207e-01	-1.362623678812626138e-01	7.366383665115240620e-02	-8.347922891995514239e-02	8.069419512086700719e-02	-9.051707085577104239e-02	9.890653048446720885e-02	-9.247472089335628809e-02	6.862755341008193455e-02	-6.286050002011187021e-02	8.869294522691022198e-02	-1.135275251185680900e-01
3.192280073914272598e-01	-7.226258010692997169e-02	6.639909510450379970e-02	-2.210856928075511929e-01	9.898340467329620751e-02	-5.989373059769104168e-01	2.108472949587293366e-01	-8.564892616579714013e-02	7.706979184215913270e-02	-1.324281695250084101e-01	1.000000000000001110e+00	-2.244652369033785511e-01	1.804147636941753619e-01	-1.290351292694758845e-01	1.337234629943143682e-01	-2.589863911360539839e-01	2.120371000248262583e-01	-2.289715413696435664e-01	1.308455742260044574e-01	-7.305413404114580178e-02	1.575148253381099817e-01	-1.483794029949946913e-01	1.716546351221036326e-01	-1.222991632919717409e-01	7.964276077284841715e-02	-1.241056022788186719e-01	1.251105694711371619e-01	-9.528773066476552145e-02	9.328429855727637943e-02	-9.630198251365754136e-02	1.072801972780736413e-01	-8.563684944761655593e-02	7.198911336030264230e-02	-9.904303414765891489e-02	1.027771311828091783e-01
-1.247495035396947172e-01	6.559582234471775242e-02	-6.159918902743767577e-02	1.803895881158791570e-01	-8.843875889069885421e-02	1.299437642511936664e-01	-7.769092864481078609e-01	9.438919285540528503e-02	-8.604188254107685008e-02	1.196316596953498207e-01	-2.244652369033785511e-01	1.000000000000000444e+00	-4.001740178395298275e-01	1.703242039859805823e-01	-1.502936079892046306e-01	1.681775010639604273e-01	-2.999640792957889990e-01	2.452532916558020637e-01	-1.364055599580863976e-01	7.426150114365270838e-02	-1.226231326074114780e-01	1.446932877684773688e-01	-1.600449320420291865e-01	1.218222933881446951e-01	-7.922277624776287441e-02	1.022082766741299054e-01	-1.054651736962836511e-01	8.063009884965516294e-02	-8.215750849707667558e-02	8.185348571173368948e-02	-8.506483407972159627e-02	6.855098813191357054e-02	-6.045456242943782199e-02	8.501868356710691466e-02	-8.528017023358926141e-02
1.338938171797846022e-01	-7.507411892427330591e-02	6.972785175403765912e-02	-2.885566309079649061e-01	1.451939593299468589e-01	-1.151751292350021161e-01	2.727543408472505315e-01	-1.301735157544743615e-01	1.151125934815961510e-01	-2.072222813389654750e-01	1.804147636941753619e-01	-4.001740178395298275e-01	9.999999999999985567e-01	-4.891317739577828450e-01	2.674156418112128009e-01	-1.575170522080063529e-01	2.096341648657947254e-01	-5.375139478849892960e-01	2.359614787518949375e-01	-1.326022928163304859e-01	1.284077025502399216e-01	-1.504677728968519812e-01	2.192652799223992477e-01	-2.037381923447493248e-01	1.329167842367905694e-01	-1.104557096364242735e-01	1.175903964671287383e-01	-1.148692583132779055e-01	1.243623058036658069e-01	-1.277714513566273191e-01	1.179926786620421886e-01	-9.505872756808998736e-02	8.637357086019341323e-02	-1.273750974209451048e-01	1.300524278091204633e-01
-9.727213939939209630e-02	5.352939422435512573e-02	-5.136305909772693329e-02	2.179852074890163138e-01	-1.455854438884660873e-01	7.856269018357450729e-02	-1.842909035972483123e-01	1.041189158989185432e-01	-1.055247041019503618e-01	1.955770149093732091e-01	-1.290351292694758845e-01	1.703242039859805823e-01	-4.891317739577828450e-01	1.000000000000002887e+00	-6.310512469952908043e-01	1.130073567027753828e-01	-1.548784930319095920e-01	2.677693594253807707e-01	-3.849620407834454805e-01	1.709659068865620746e-01	-9.946947251624618791e-02	1.172973863801923949e-01	-1.962767642322705841e-01	2.176805987675839160e-01	-1.784857014562387656e-01	8.461827238293732900e-02	-9.309322777042659813e-02	9.881463626656769583e-02	-1.181475285570739442e-01	1.178292434858523308e-01	-9.834514213194917032e-02	7.845310289704700291e-02	-7.479323530225730210e-02	1.133632933191050934e-01	-1.210014564863225867e-01
1.056485203284426438e-01	-6.537296336858185175e-02	6.218875459970392428e-02	-3.182859508916761060e-01	2.058880463250344350e-01	-8.217653588907941620e-02	1.609268597109455856e-01	-1.160473964024071603e-01	1.090628283773740076e-01	-3.699052062891313164e-01	1.337234629943143682e-01	-1.502936079892046306e-01	2.674156418112128009e-01	-6.310512469952908043e-01	1.000000000000000666e+00	-1.136732890830941811e-01	1.495672670379967484e-01	-2.747259718402010886e-01	2.333353061159395003e-01	-3.149898995299896254e-01	9.873448435798136413e-02	-1.153411125951706029e-01	1.825313978357361033e-01	-2.046615438839851364e-01	2.225569730979652383e-01	-8.532779839157240975e-02	9.267703567800830711e-02	-1.035234804419617044e-01	1.199678540022310752e-01	-1.428864814322829691e-01	1.038355068909526668e-01	-8.386548927723593005e-02	7.809161263089081650e-02	-1.209662647200812347e-01	1.381880322116422199e-01
-1.297377552993474736e-01	4.635141341903942919e-02	-4.346344005749773476e-02	1.544392523460136890e-01	-7.323209004698476299e-02	1.276898630135251955e-01	-1.851273153243943037e-01	6.333410381856575955e-02	-5.799278921942194187e-02	9.817151995079757831e-02	-2.589863911360539839e-01	1.681775010639604273e-01	-1.575170522080063529e-01	1.130073567027753828e-01	-1.136732890830941811e-01	1.000000000000000222e+00	-5.510686288670939570e-01	2.003973389395629912e-01	-1.338874953758492636e-01	6.404256367266776551e-02	-6.270684175103889979e-01	2.931505474288982338e-01	-2.418973913861177383e-01	1.356440072454530854e-01	-6.996443942409716343e-02	2.468918820425371752e-01	-2.687930311513287429e-01	1.056343239124436922e-01	-9.640224650797632466e-02	8.546952548597275268e-02	-1.180024165382921320e-01	9.257113822114720891e-02	-7.911112896371902403e-02	9.992414373187322174e-02	-9.001354040045508875e-02
1.425051815150955303e-01	-6.375624181491354459e-02	5.884673371769237604e-02	-2.229179285590005832e-01	1.026760529001903982e-01	-1.348816741018332710e-01	2.318878782548247919e-01	-8.903389505565409423e-02	7.976559166442157012e-02	-1.394320362496744015e-01	2.120371000248262583e-01	-2.999640792957889990e-01	2.096341648657947254e-01	-1.548784930319095920e-01	1.495672670379967484e-01	-5.510686288670939570e-01	9.999999999999967804e-01	-3.051281500223099741e-01	1.681659196190639360e-01	-8.497334984435993277e-02	2.962097883805536180e-01	-4.811613442156310594e-01	2.678430648704994699e-01	-1.810511837831982052e-01	9.118184637482855404e-02	-2.567343886217297033e-01	2.365873634491928446e-01	-1.333756546942813093e-01	1.221251768394972792e-01	-1.130670415856562250e-01	1.350013018725526037e-01	-1.136970071873339982e-01	9.674299941838179762e-02	-1.308064038419517183e-01	1.153718672888401353e-01
-1.698573046354887039e-01	7.306766440439356469e-02	-7.065825407463288688e-02	2.441471910266586332e-01	-1.341357415499499772e-01	1.336236820121769753e-01	-3.073758038622851352e-01	1.115042445885915251e-01	-1.072707093517795002e-01	1.742571426505937771e-01	-2.289715413696435664e-01	2.452532916558020637e-01	-5.375139478849892960e-01	2.677693594253807707e-01	-2.747259718402010886e-01	2.003973389395629912e-01	-3.051281500223099741e-01	9.999999999999975575e-01	-3.547766418288412771e-01	1.384521432184915302e-01	-1.883382590868975803e-01	2.140420440940984936e-01	-3.972256245277765441e-01	2.519984770492939008e-01	-1.557880839468190615e-01	1.525686737603126897e-01	-1.763604210192493138e-01	1.551507129519733297e-01	-1.685197328557885843e-01	1.531211173021957972e-01	-1.712398144620476126e-01	1.277570496171470116e-01	-1.202214341825187105e-01	1.611383641681005119e-01	-1.718864847906492466e-01
1.007594847610555205e-01	-5.264902597382054711e-02	4.956879741083836111e-02	-2.162950785491575267e-01	1.132147390722527541e-01	-7.995577891616410804e-02	1.512834495409629554e-01	-8.677756762329132123e-02	8.033326985052734182e-02	-1.586831968070458176e-01	1.308455742260044574e-01	-1.364055599580863976e-01	2.359614787518949375e-01	-3.849620407834454805e-01	2.333353061159395003e-01	-1.338874953758492636e-01	1.681659196190639360e-01	-3.547766418288412771e-01	1.000000000000000666e+00	-1.552245480900810992e-01	1.196494106441615551e-01	-1.564132010601623490e-01	2.702403895956563273e-01	-6.986619847868317246e-01	1.491116811657922370e-01	-1.066161572160640586e-01	1.144265388294277430e-01	-1.483316193689509788e-01	1.875250080374765149e-01	-1.484617398498676299e-01	1.264544710926709670e-01	-1.074498851726546356e-01	1.076396117671187952e-01	-1.832767376952473826e-01	1.415925676378949061e-01
-5.740554794748441853e-02	3.212461693044342537e-02	-3.058036494276487535e-02	1.418387745839676528e-01	-8.724572090170784611e-02	4.417512431960203545e-02	-8.523883579794890031e-02	5.340725692756763399e-02	-5.054534430976268672e-02	1.228688337167726102e-01	-7.305413404114580178e-02	7.426150114365270838e-02	-1.326022928163304859e-01	1.709659068865620746e-01	-3.149898995299896254e-01	6.404256367266776551e-02	-8.497334984435993277e-02	1.384521432184915302e-01	-1.552245480900810992e-01	9.999999999999963363e-01	-5.745196693792302411e-02	6.746982039379008367e-02	-1.139521992961890495e-01	1.316842625179118487e-01	-8.807574706194499781e-01	4.984996347971545894e-02	-5.486072678497873334e-02	7.085791618341739928e-02	-9.621239451944001153e-02	1.590514143001513780e-01	-6.882242734648343074e-02	5.532762107727888512e-02	-5.454552857233300328e-02	8.916897721980160396e-02	-1.600373461995027724e-01
9.842172655359936184e-02	-3.965594334859601916e-02	3.692430157796490475e-02	-1.417808156153868293e-01	6.600815500069712183e-02	-9.453858468132790571e-02	1.314625655299667961e-01	-5.512966125498432873e-02	5.001419987261888217e-02	-8.922878161181224677e-02	1.575148253381099817e-01	-1.226231326074114780e-01	1.284077025502399216e-01	-9.946947251624618791e-02	9.873448435798136413e-02	-6.270684175103889979e-01	2.962097883805536180e-01	-1.883382590868975803e-01	1.196494106441615551e-01	-5.745196693792302411e-02	1.000000000000002887e+00	-4.577932930288131086e-01	2.221023720665847578e-01	-1.333027319053577131e-01	6.212951849811042260e-02	-4.657852339268255260e-01	2.893679038430292949e-01	-1.052078620032594475e-01	9.111521833077129706e-02	-7.965492857591387199e-02	1.122971188753661698e-01	-9.287540197778944295e-02	7.640599018804719589e-02	-9.705046542803563714e-02	8.176290830844920587e-02
-9.875004665715136909e-02	4.278452118237225515e-02	-3.999522823950162759e-02	1.532716604077658251e-01	-7.293787132011383956e-02	8.798467070074521279e-02	-1.548482783265034135e-01	6.087880081444109470e-02	-5.554008149620879436e-02	9.846499825632706870e-02	-1.483794029949946913e-01	1.446932877684773688e-01	-1.504677728968519812e-01	1.172973863801923949e-01	-1.153411125951706029e-01	2.931505474288982338e-01	-4.811613442156310594e-01	2.140420440940984936e-01	-1.564132010601623490e-01	6.746982039379008367e-02	-4.577932930288131086e-01	1.000000000000002442e+00	-4.708917147627589284e-01	1.760983913748530028e-01	-7.336683948505699771e-02	2.844744157437580356e-01	-4.448349064547481579e-01	1.266324585964306859e-01	-1.112061055518354519e-01	9.128286118940151517e-02	-1.230715222827146876e-01	1.010707842653228022e-01	-9.182439762318517218e-02	1.129970388313077251e-01	-9.407388924073309400e-02
1.291542911935274485e-01	-6.310778632533227406e-02	5.872048723978083584e-02	-2.486171147445955243e-01	1.171787275624774638e-01	-1.058270801928419685e-01	1.762038142902219440e-01	-9.307859696434578334e-02	8.433161846180571575e-02	-1.605537084008646920e-01	1.716546351221036326e-01	-1.600449320420291865e-01	2.192652799223992477e-01	-1.962767642322705841e-01	1.825313978357361033e-01	-2.418973913861177383e-01	2.678430648704994699e-01	-3.972256245277765441e-01	2.702403895956563273e-01	-1.139521992961890495e-01	2.221023720665847578e-01	-4.708917147627589284e-01	9.999999999999980016e-01	-4.600188632460007754e-01	1.211835707704840837e-01	-2.076078898934668182e-01	2.136557978460558727e-01	-2.465066103380892104e-01	1.976821527049859861e-01	-1.561096884906402193e-01	1.751507193553795694e-01	-1.552373727618975296e-01	1.542832531869930690e-01	-2.039949159113872978e-01	1.538331370941241893e-01
-9.198461270148901303e-02	4.494043876612567601e-02	-4.257972221818080716e-02	1.753357093174416625e-01	-9.459850964113303284e-02	7.351156949084337866e-02	-1.403504234070769852e-01	7.121169006990478445e-02	-6.701722202238731552e-02	1.269018044442441207e-01	-1.222991632919717409e-01	1.218222933881446951e-01	-2.037381923447493248e-01	2.176805987675839160e-01	-2.046615438839851364e-01	1.356440072454530854e-01	-1.810511837831982052e-01	2.519984770492939008e-01	-6.986619847868317246e-01	1.316842625179118487e-01	-1.333027319053577131e-01	1.760983913748530028e-01	-4.600188632460007754e-01	1.000000000000000222e+00	-1.524384901172706475e-01	1.130751432853852601e-01	-1.291066562272499274e-01	1.632060496154146834e-01	-2.823660628218467861e-01	1.473338857354757059e-01	-1.346424085675630156e-01	1.106276517389840619e-01	-1.211306511289815813e-01	1.950072561310636776e-01	-1.472313349283626005e-01
6.319979992566612803e-02	-3.671597561340245869e-02	3.463330261707255053e-02	-1.678851662063486072e-01	9.234835913096126059e-02	-4.846668497625197108e-02	8.988919503504641528e-02	-6.023254872136569321e-02	5.582363393365368659e-02	-1.362623678812626138e-01	7.964276077284841715e-02	-7.922277624776287441e-02	1.329167842367905694e-01	-1.784857014562387656e-01	2.225569730979652383e-01	-6.996443942409716343e-02	9.118184637482855404e-02	-1.557880839468190615e-01	1.491116811657922370e-01	-8.807574706194499781e-01	6.212951849811042260e-02	-7.336683948505699771e-02	1.211835707704840837e-01	-1.524384901172706475e-01	9.999999999999987788e-01	-5.441227544724434179e-02	5.933965749482285335e-02	-7.918619804577921306e-02	1.059792563537396703e-01	-2.193019734601662774e-01	7.500318475919531824e-02	-6.141641160798538834e-02	6.025408078274872847e-02	-1.008367347682155302e-01	1.650066402094780005e-01
-8.066847157712121741e-02	3.270490524735437943e-02	-3.064741499578237105e-02	1.156274798093436251e-01	-5.481542463049499797e-02	7.162013962320816496e-02	-1.147386146218872249e-01	4.577052791402629744e-02	-4.186860732559604531e-02	7.366383665115240620e-02	-1.241056022788186719e-01	1.022082766741299054e-01	-1.104557096364242735e-01	8.461827238293732900e-02	-8.532779839157240975e-02	2.468918820425371752e-01	-2.567343886217297033e-01	1.525686737603126897e-01	-1.066161572160640586e-01	4.984996347971545894e-02	-4.657852339268255260e-01	2.844744157437580356e-01	-2.076078898934668182e-01	1.130751432853852601e-01	-5.441227544724434179e-02	1.000000000000002220e+00	-7.633013344181246440e-01	1.077126304454836397e-01	-8.692009991144671044e-02	7.159106204856585665e-02	-1.439759083745889845e-01	1.060935580113135657e-01	-8.141894514405634276e-02	9.176570068946933445e-02	-7.487790458542689653e-02
8.516403077904473318e-02	-3.621297483751892421e-02	3.373855714671449013e-02	-1.324387856312618517e-01	6.173138506404261816e-02	-7.600028154949164949e-02	1.148864979742099945e-01	-5.089191389274665134e-02	4.619373035669651489e-02	-8.347922891995514239e-02	1.251105694711371619e-01	-1.054651736962836511e-01	1.175903964671287383e-01	-9.309322777042659813e-02	9.267703567800830711e-02	-2.687930311513287429e-01	2.365873634491928446e-01	-1.763604210192493138e-01	1.144265388294277430e-01	-5.486072678497873334e-02	2.893679038430292949e-01	-4.448349064547481579e-01	2.136557978460558727e-01	-1.291066562272499274e-01	5.933965749482285335e-02	-7.633013344181246440e-01	1.000000000000002220e+00	-1.249909950640916562e-01	9.558081576565954918e-02	-7.966512353137171487e-02	1.315602406719325324e-01	-1.144108436790714362e-01	8.870415094979744453e-02	-1.027046691499870212e-01	8.165539993934546603e-02
-7.281222954376787015e-02	3.231464108027153753e-02	-3.049152049864797473e-02	1.224019504567824823e-01	-6.049248340616293629e-02	5.642451233582573833e-02	-9.567941878697934499e-02	4.712920095645050517e-02	-4.365927709535288165e-02	8.069419512086700719e-02	-9.528773066476552145e-02	8.063009884965516294e-02	-1.148692583132779055e-01	9.881463626656769583e-02	-1.035234804419617044e-01	1.056343239124436922e-01	-1.333756546942813093e-01	1.551507129519733297e-01	-1.483316193689509788e-01	7.085791618341739928e-02	-1.052078620032594475e-01	1.266324585964306859e-01	-2.465066103380892104e-01	1.632060496154146834e-01	-7.918619804577921306e-02	1.077126304454836397e-01	-1.249909950640916562e-01	1.000000000000000888e+00	-3.958563504509286513e-01	1.596731096615084389e-01	-3.684782130020352042e-01	2.767869739673913809e-01	-6.985552585303445028e-01	2.930487303168881064e-01	-1.809356417911352488e-01
7.236735182593369287e-02	-3.415830054888223388e-02	3.219767890149809880e-02	-1.340673651359030605e-01	6.720011192637685704e-02	-5.577705528498388271e-02	9.683053720330284109e-02	-5.120042938006173772e-02	4.740429124615774814e-02	-9.051707085577104239e-02	9.328429855727637943e-02	-8.215750849707667558e-02	1.243623058036658069e-01	-1.181475285570739442e-01	1.199678540022310752e-01	-9.640224650797632466e-02	1.221251768394972792e-01	-1.685197328557885843e-01	1.875250080374765149e-01	-9.621239451944001153e-02	9.111521833077129706e-02	-1.112061055518354519e-01	1.976821527049859861e-01	-2.823660628218467861e-01	1.059792563537396703e-01	-8.692009991144671044e-02	9.558081576565954918e-02	-3.958563504509286513e-01	1.000000000000000444e+00	-3.288367313029978978e-01	2.001956284526638097e-01	-1.854636129021762225e-01	2.519508147982529866e-01	-7.143754274677687199e-01	2.487535350284229563e-01
-7.657378727767727433e-02	3.616216593994787259e-02	-3.425372410673296897e-02	1.434859124829488963e-01	-7.428808960843870379e-02	5.695412780616361526e-02	-9.912942599951572731e-02	5.398135728803748340e-02	-5.041833527729278758e-02	9.890653048446720885e-02	-9.630198251365754136e-02	8.185348571173368948e-02	-1.277714513566273191e-01	1.178292434858523308e-01	-1.428864814322829691e-01	8.546952548597275268e-02	-1.130670415856562250e-01	1.531211173021957972e-01	-1.484617398498676299e-01	1.590514143001513780e-01	-7.965492857591387199e-02	9.128286118940151517e-02	-1.561096884906402193e-01	1.473338857354757059e-01	-2.193019734601662774e-01	7.159106204856585665e-02	-7.966512353137171487e-02	1.596731096615084389e-01	-3.288367313029978978e-01	1.000000000000000222e+00	-1.457108249534846411e-01	1.164149162117394942e-01	-1.292392365064365667e-01	2.385352781418796364e-01	-8.355917043342419026e-01
8.431025943923106669e-02	-3.800610118196574849e-02	3.553726357657514129e-02	-1.477082606114596686e-01	6.887416956605356411e-02	-6.429198474979067046e-02	1.007852641020398482e-01	-5.389991849270449331e-02	4.919463633520355927e-02	-9.247472089335628809e-02	1.072801972780736413e-01	-8.506483407972159627e-02	1.179926786620421886e-01	-9.834514213194917032e-02	1.038355068909526668e-01	-1.180024165382921320e-01	1.350013018725526037e-01	-1.712398144620476126e-01	1.264544710926709670e-01	-6.882242734648343074e-02	1.122971188753661698e-01	-1.230715222827146876e-01	1.751507193553795694e-01	-1.346424085675630156e-01	7.500318475919531824e-02	-1.439759083745889845e-01	1.315602406719325324e-01	-3.684782130020352042e-01	2.001956284526638097e-01	-1.457108249534846411e-01	1.000000000000000666e+00	-7.810988217229595243e-01	2.904530821507703697e-01	-2.699208398242866624e-01	1.465409658444855601e-01
-6.606836750572027406e-02	2.836793742489920889e-02	-2.674262260224553878e-02	1.066034457262354518e-01	-5.158328508445979288e-02	5.045777520363543128e-02	-8.221852139628200995e-02	4.048321275970279826e-02	-3.739023816865350014e-02	6.862755341008193455e-02	-8.563684944761655593e-02	6.855098813191357054e-02	-9.505872756808998736e-02	7.845310289704700291e-02	-8.386548927723593005e-02	9.257113822114720891e-02	-1.136970071873339982e-01	1.277570496171470116e-01	-1.074498851726546356e-01	5.532762107727888512e-02	-9.287540197778944295e-02	1.010707842653228022e-01	-1.552373727618975296e-01	1.106276517389840619e-01	-6.141641160798538834e-02	1.060935580113135657e-01	-1.144108436790714362e-01	2.767869739673913809e-01	-1.854636129021762225e-01	1.164149162117394942e-01	-7.810988217229595243e-01	1.000000000000000666e+00	-4.767169126686696679e-01	2.091336991198646522e-01	-1.318177898859961561e-01
5.553958875972781623e-02	-2.508125633107750191e-02	2.359852553381979606e-02	-9.634165287605438166e-02	4.693885925252767877e-02	-4.287782123960087732e-02	7.152986570586980508e-02	-3.648621888592561147e-02	3.364749785561116369e-02	-6.286050002011187021e-02	7.198911336030264230e-02	-6.045456242943782199e-02	8.637357086019341323e-02	-7.479323530225730210e-02	7.809161263089081650e-02	-7.911112896371902403e-02	9.674299941838179762e-02	-1.202214341825187105e-01	1.076396117671187952e-01	-5.454552857233300328e-02	7.640599018804719589e-02	-9.182439762318517218e-02	1.542832531869930690e-01	-1.211306511289815813e-01	6.025408078274872847e-02	-8.141894514405634276e-02	8.870415094979744453e-02	-6.985552585303445028e-01	2.519508147982529866e-01	-1.292392365064365667e-01	2.904530821507703697e-01	-4.767169126686696679e-01	1.000000000000000666e+00	-3.868283879306343431e-01	1.393289507821576512e-01
-7.653433470143451711e-02	3.446210271413809728e-02	-3.263796040269772991e-02	1.314527171506175429e-01	-6.674628636753239530e-02	5.852167729714349842e-02	-1.020484812529588725e-01	5.105271215292599835e-02	-4.762801282129597302e-02	8.869294522691022198e-02	-9.904303414765891489e-02	8.501868356710691466e-02	-1.273750974209451048e-01	1.133632933191050934e-01	-1.209662647200812347e-01	9.992414373187322174e-02	-1.308064038419517183e-01	1.611383641681005119e-01	-1.832767376952473826e-01	8.916897721980160396e-02	-9.705046542803563714e-02	1.129970388313077251e-01	-2.039949159113872978e-01	1.950072561310636776e-01	-1.008367347682155302e-01	9.176570068946933445e-02	-1.027046691499870212e-01	2.930487303168881064e-01	-7.143754274677687199e-01	2.385352781418796364e-01	-2.699208398242866624e-01	2.091336991198646522e-01	-3.868283879306343431e-01	1.000000000000000888e+00	-3.152350069289542311e-01
8.328015052859089051e-02	-4.188388739618811862e-02	3.921278127232213223e-02	-1.737455143924286072e-01	8.356546570930398210e-02	-6.143589559783370346e-02	1.022601643872884103e-01	-6.156515949418796263e-02	5.643418793801083244e-02	-1.135275251185680900e-01	1.027771311828091783e-01	-8.528017023358926141e-02	1.300524278091204633e-01	-1.210014564863225867e-01	1.381880322116422199e-01	-9.001354040045508875e-02	1.153718672888401353e-01	-1.718864847906492466e-01	1.415925676378949061e-01	-1.600373461995027724e-01	8.176290830844920587e-02	-9.407388924073309400e-02	1.538331370941241893e-01	-1.472313349283626005e-01	1.650066402094780005e-01	-7.487790458542689653e-02	8.165539993934546603e-02	-1.809356417911352488e-01	2.487535350284229563e-01	-8.355917043342419026e-01	1.465409658444855601e-01	-1.318177898859961561e-01	1.393289507821576512e-01	-3.152350069289542311e-01	1.000000000000000888e+00
