1.000000000000000000e+00	-4.022015159395117556e-01	2.086530729924130356e-01	-1.531239974420859074e-01	1.522129995997565655e-01	-6.895745315248916762e-01	3.159252285487017531e-01	-2.661350915599193234e-01	1.331843284393353088e-01	-1.114039955946759253e-01	2.453328769115817320e-01	-2.309237836809855393e-01	2.108371005311570345e-01	-1.381847099874087825e-01	1.286743361273204600e-01	-2.911577898709724055e-01	1.852671836924585924e-01	-1.932045079852545977e-01	1.225062118303132663e-01	-1.001105463954433394e-01	1.280006626691904403e-01	-1.423248011537640856e-01	1.177415354728070657e-01	-1.088305809099460730e-01	9.543869247455248617e-02	-1.117106783996735936e-01	1.136969675620955467e-01	-1.430431660615322231e-01	1.076592449586027123e-01	-1.023214618474985876e-01	5.110458158409100782e-02	-4.641538330355876596e-02	1.384806018334922562e-01	-8.590475738275278605e-02	1.102496519890990706e-01
-4.022015159395117556e-01	1.000000000000000000e+00	-6.198407268562755590e-01	1.584563873980523174e-01	-1.693157464836825554e-01	2.491389699975955219e-01	-4.420056758288032350e-01	3.144613739181233436e-01	-1.515099675222632003e-01	1.187094431340622175e-01	-2.229726971460047336e-01	2.121353600628831104e-01	-2.638062691111410785e-01	1.489056478332199396e-01	-1.427310099772003404e-01	2.034364277520687991e-01	-1.897178720136017405e-01	1.765860310131880662e-01	-1.287824308161246434e-01	1.012143995751119963e-01	-1.074066225488535670e-01	1.205359991420799221e-01	-1.063168701291918594e-01	1.074965622264993786e-01	-9.697789848375715227e-02	9.025177572873553655e-02	-9.945410166906333560e-02	1.221969422826330448e-01	-1.065764568936022061e-01	9.929167361062023189e-02	-4.725421410603183880e-02	4.254505047965750908e-02	-1.342293720171758020e-01	8.328434339577192591e-02	-1.079934879299762757e-01
2.086530729924130356e-01	-6.198407268562755590e-01	1.000000000000000000e+00	-1.625730807070430162e-01	1.395338804146102896e-01	-1.646290840736095717e-01	2.405110763484936132e-01	-6.600588453623982277e-01	1.373311346412493250e-01	-1.041266749007419973e-01	1.551157388498574374e-01	-1.621207363915750099e-01	2.259692743597696285e-01	-1.350514057310949756e-01	1.179219438628801575e-01	-1.660598155451238345e-01	1.421059878975639013e-01	-1.519736382998010671e-01	1.069522737696959325e-01	-8.530885779229249732e-02	8.515053285505007341e-02	-9.840979561313800694e-02	8.700389043016425183e-02	-9.002724099739885244e-02	7.942236385340500915e-02	-7.319490381915795540e-02	7.941066162790635929e-02	-1.014924703367948711e-01	8.592351272706484633e-02	-8.159484407326646205e-02	3.718317685532099293e-02	-3.366194147948917137e-02	1.049632948416214517e-01	-6.666027147457792568e-02	8.545858787727797501e-02
-1.531239974420859074e-01	1.584563873980523174e-01	-1.625730807070430162e-01	1.000000000000000222e+00	-6.003584854708087226e-01	1.123595627317367091e-01	-1.497488781127146451e-01	1.760450318834373973e-01	-5.855860897088405181e-01	2.900443385972399368e-01	-1.523225556674819015e-01	1.431609581585024382e-01	-2.418630463879031800e-01	2.646563593483648447e-01	-2.957710698263777416e-01	1.779516067148371461e-01	-1.554987892666916394e-01	1.670157613225329574e-01	-2.108736611235788594e-01	1.653106962310279537e-01	-1.040078040815690247e-01	1.211698085362964972e-01	-1.134699883958236594e-01	1.602072645580957799e-01	-1.525250642970166770e-01	8.973667856892482420e-02	-1.016061973358544090e-01	1.315446952625969057e-01	-1.529223602995609943e-01	1.439839131833807739e-01	-5.674874751638855908e-02	5.094949244135659611e-02	-1.772010608719045976e-01	1.145330432503463003e-01	-1.492507311389131008e-01
1.522129995997565655e-01	-1.693157464836825554e-01	1.395338804146102896e-01	-6.003584854708087226e-01	1.000000000000000444e+00	-1.164984258865908312e-01	1.487508413793753870e-01	-1.753793672874938980e-01	3.040133876601357477e-01	-4.903093443572697496e-01	1.573546200751033131e-01	-1.501747840277419810e-01	2.170234352407351408e-01	-2.546180131282206327e-01	2.846323479056699357e-01	-2.162219369507640543e-01	1.612094063286654555e-01	-1.843370402567371946e-01	1.950117239824314397e-01	-1.815347800807047274e-01	1.176001039105980805e-01	-1.386874565346373489e-01	1.246575339632204071e-01	-1.702964159456161197e-01	1.549026633481664361e-01	-1.042112624118646386e-01	1.134498910328914922e-01	-1.511257466423128470e-01	1.561005735671767980e-01	-1.590749634644157418e-01	6.071700833914317474e-02	-5.495395700413730627e-02	1.831270807789966981e-01	-1.211260750329727076e-01	1.548015606332129590e-01
-6.895745315248916762e-01	2.491389699975955219e-01	-1.646290840736095717e-01	1.123595627317367091e-01	-1.164984258865908312e-01	1.000000000000000888e+00	-5.524557473949606168e-01	1.958300248916507447e-01	-1.034251687136270165e-01	8.497507988666130885e-02	-3.161992855040857697e-01	2.300547267085893133e-01	-1.809452838611888825e-01	1.082874524015594864e-01	-1.004666409011109596e-01	2.130338310510894173e-01	-1.670167778536748304e-01	1.531550221431541292e-01	-9.544177211129420413e-02	7.638038576772888943e-02	-9.863570534505351761e-02	1.079865963570469656e-01	-9.081148828550629493e-02	8.300194531034205125e-02	-7.312557015616960587e-02	8.285517737493373891e-02	-8.715163260832628489e-02	1.065194662638885154e-01	-8.210088199367911177e-02	7.711414473018302074e-02	-3.869145381228075026e-02	3.503247047853175894e-02	-1.048556487553286287e-01	6.495309324698805842e-02	-8.350035404120879912e-02
3.159252285487017531e-01	-4.420056758288032350e-01	2.405110763484936132e-01	-1.497488781127146451e-01	1.487508413793753870e-01	-5.524557473949606168e-01	1.000000000000001332e+00	-3.505960507446072016e-01	1.363339342512310537e-01	-1.112873891544266386e-01	2.733049256129620463e-01	-4.075863939108784750e-01	2.415455495660341623e-01	-1.450590673518314666e-01	1.295334612127475304e-01	-2.612135072523044110e-01	2.133641009572949943e-01	-2.097197268583607110e-01	1.234950300341897955e-01	-9.920727813423489694e-02	1.217340607634116029e-01	-1.393063938075942421e-01	1.176185188212346966e-01	-1.076287736899631392e-01	9.385493957130390530e-02	-1.042980757116990925e-01	1.099155714195416411e-01	-1.383807738413849187e-01	1.045543710508955587e-01	-9.892724050367462940e-02	4.845604201129594807e-02	-4.400803310691939196e-02	1.312503578624086842e-01	-8.228495203459744445e-02	1.051938162378205643e-01
-2.661350915599193234e-01	3.144613739181233436e-01	-6.600588453623982277e-01	1.760450318834373973e-01	-1.753793672874938980e-01	1.958300248916507447e-01	-3.505960507446072016e-01	1.000000000000000000e+00	-1.924111639163931520e-01	1.339103528859999781e-01	-2.045251855955607934e-01	2.089574721918373568e-01	-4.233279293840298552e-01	1.835658528296790493e-01	-1.593250174956858389e-01	1.959311227795395849e-01	-1.901664976839295695e-01	1.918240505371147375e-01	-1.438562270249229003e-01	1.102312090107893244e-01	-1.052871262342550407e-01	1.213184576226054717e-01	-1.099650728779433123e-01	1.158126353645563822e-01	-1.032079151161564429e-01	8.915750139203050539e-02	-9.903783816683313368e-02	1.246347690569453298e-01	-1.105827126442928271e-01	1.035671699807098056e-01	-4.673736727576353195e-02	4.220815876310206327e-02	-1.333466200321626327e-01	8.473517217120415945e-02	-1.089426121881714865e-01
1.331843284393353088e-01	-1.515099675222632003e-01	1.373311346412493250e-01	-5.855860897088405181e-01	3.040133876601357477e-01	-1.034251687136270165e-01	1.363339342512310537e-01	-1.924111639163931520e-01	1.000000000000001554e+00	-4.351945369361401306e-01	1.383208004329611607e-01	-1.407365131793524293e-01	2.366106870163045550e-01	-4.973669733500150070e-01	2.924599020034343577e-01	-1.734442964647185115e-01	1.452962445092446098e-01	-1.712169552817604523e-01	2.217669207213642246e-01	-1.823398491241959851e-01	9.778917962465420721e-02	-1.179401591629189172e-01	1.104118353298293026e-01	-1.755777672603049677e-01	1.499744915494272135e-01	-8.580170347006785270e-02	9.561865141709648130e-02	-1.293247926776247003e-01	1.439366914841075096e-01	-1.438348130830313376e-01	4.983215933176550483e-02	-4.531165829247522231e-02	1.514670484163759823e-01	-1.057071496626715290e-01	1.325410925828833797e-01
-1.114039955946759253e-01	1.187094431340622175e-01	-1.041266749007419973e-01	2.900443385972399368e-01	-4.903093443572697496e-01	8.497507988666130885e-02	-1.112873891544266386e-01	1.339103528859999781e-01	-4.351945369361401306e-01	1.000000000000001998e+00	-1.170378553967083013e-01	1.140799435898310066e-01	-1.934955937853391206e-01	2.645423319767987169e-01	-6.548275637434551877e-01	1.466111254364630134e-01	-1.229689423774086715e-01	1.395718300052377070e-01	-1.945529584319545258e-01	1.816289222914742318e-01	-8.425262853253785711e-02	1.005659647646017646e-01	-9.475490214694824720e-02	1.488738557218375613e-01	-1.555169709071290429e-01	7.372569812785371990e-02	-8.272699350517820349e-02	1.106384109665907861e-01	-1.319937622418161649e-01	1.304944801008599276e-01	-4.485297139803121058e-02	4.064278160469964041e-02	-1.394590390491912135e-01	9.605949908416688832e-02	-1.235646342426376526e-01
2.453328769115817320e-01	-2.229726971460047336e-01	1.551157388498574374e-01	-1.523225556674819015e-01	1.573546200751033131e-01	-3.161992855040857697e-01	2.733049256129620463e-01	-2.045251855955607934e-01	1.383208004329611607e-01	-1.170378553967083013e-01	9.999999999999990008e-01	-6.037949142580557593e-01	2.477824632934773896e-01	-1.541256420073991440e-01	1.377164208976387194e-01	-5.300017908045674409e-01	2.644295873740594160e-01	-2.507698035261826663e-01	1.357613787207473111e-01	-1.094860845557773105e-01	1.776802669694438064e-01	-1.840877791546747522e-01	1.456385796482939365e-01	-1.213685691410468365e-01	1.046555610145016163e-01	-1.472956559738387572e-01	1.448480957345144593e-01	-1.725199422626903789e-01	1.190172164495062884e-01	-1.119339565962193112e-01	5.943528644011707163e-02	-5.415515328763030600e-02	1.521338335437233680e-01	-9.449290768164339549e-02	1.202912096713695811e-01
-2.309237836809855393e-01	2.121353600628831104e-01	-1.621207363915750099e-01	1.431609581585024382e-01	-1.501747840277419810e-01	2.300547267085893133e-01	-4.075863939108784750e-01	2.089574721918373568e-01	-1.407365131793524293e-01	1.140799435898310066e-01	-6.037949142580557593e-01	1.000000000000003775e+00	-3.633847537131023597e-01	1.615333430053133568e-01	-1.386380468938901156e-01	2.803701908775920182e-01	-4.431265013166452160e-01	2.622506804199435937e-01	-1.365009507869933969e-01	1.052808650838880783e-01	-1.403378310251029992e-01	1.616374732596686237e-01	-1.380263496996440853e-01	1.156558259844553960e-01	-1.001591960029301481e-01	1.142160819272530214e-01	-1.262644036756036259e-01	1.518204404337690494e-01	-1.116703486614302604e-01	1.037819261345907934e-01	-5.225682569219658458e-02	4.740047721303122102e-02	-1.382058947369078916e-01	8.670953178655317617e-02	-1.104683568712991892e-01
2.108371005311570345e-01	-2.638062691111410785e-01	2.259692743597696285e-01	-2.418630463879031800e-01	2.170234352407351408e-01	-1.809452838611888825e-01	2.415455495660341623e-01	-4.233279293840298552e-01	2.366106870163045550e-01	-1.934955937853391206e-01	2.477824632934773896e-01	-3.633847537131023597e-01	9.999999999999974465e-01	-4.297209075533721667e-01	2.217927531124350427e-01	-2.874933749621980672e-01	2.707257769394671998e-01	-4.023141016503450906e-01	2.210850548831133078e-01	-1.715464747889723640e-01	1.505458158988231820e-01	-1.861898225913670157e-01	1.734030227158233628e-01	-1.827199951345292173e-01	1.504817502178762978e-01	-1.312145138643344144e-01	1.442781883624155714e-01	-1.963056591004504192e-01	1.580122906737910227e-01	-1.527348850845431372e-01	6.425734115756857878e-02	-5.865455214386743749e-02	1.790206291610115241e-01	-1.193252980341655556e-01	1.492122558055537507e-01
-1.381847099874087825e-01	1.489056478332199396e-01	-1.350514057310949756e-01	2.646563593483648447e-01	-2.546180131282206327e-01	1.082874524015594864e-01	-1.450590673518314666e-01	1.835658528296790493e-01	-4.973669733500150070e-01	2.645423319767987169e-01	-1.541256420073991440e-01	1.615333430053133568e-01	-4.297209075533721667e-01	9.999999999999987788e-01	-4.238111749920872584e-01	1.791961275995201386e-01	-1.666482952176825683e-01	1.956501174871731197e-01	-4.512749792339803001e-01	2.199931099352606112e-01	-1.045586202947053900e-01	1.273297185036231238e-01	-1.252810820787197132e-01	2.189092611500869368e-01	-1.874209727899653621e-01	9.084741147727729005e-02	-1.034585106045230324e-01	1.400796288377340049e-01	-1.761790853808306578e-01	1.616696429398173651e-01	-5.368554907028119660e-02	4.885670978305211437e-02	-1.663936884546606820e-01	1.189558197211597890e-01	-1.485201491753139758e-01
1.286743361273204600e-01	-1.427310099772003404e-01	1.179219438628801575e-01	-2.957710698263777416e-01	2.846323479056699357e-01	-1.004666409011109596e-01	1.295334612127475304e-01	-1.593250174956858389e-01	2.924599020034343577e-01	-6.548275637434551877e-01	1.377164208976387194e-01	-1.386380468938901156e-01	2.217927531124350427e-01	-4.238111749920872584e-01	1.000000000000001998e+00	-1.818461645861179921e-01	1.466786976656999364e-01	-1.753736213708247393e-01	2.405783065938101040e-01	-3.072208176669176116e-01	1.026879019874226834e-01	-1.249642487191808538e-01	1.172373258485142899e-01	-1.993686020894685773e-01	1.989586503113394134e-01	-9.087118184676855337e-02	1.009468193769772759e-01	-1.387060082678428230e-01	1.618528587319202627e-01	-1.719292653582942254e-01	5.310870333914775865e-02	-4.848872988070129092e-02	1.627247902299657489e-01	-1.178875203820815842e-01	1.479289936825049778e-01
-2.911577898709724055e-01	2.034364277520687991e-01	-1.660598155451238345e-01	1.779516067148371461e-01	-2.162219369507640543e-01	2.130338310510894173e-01	-2.612135072523044110e-01	1.959311227795395849e-01	-1.734442964647185115e-01	1.466111254364630134e-01	-5.300017908045674409e-01	2.803701908775920182e-01	-2.874933749621980672e-01	1.791961275995201386e-01	-1.818461645861179921e-01	1.000000000000003775e+00	-3.217638407071157780e-01	2.497618717809900468e-01	-1.766406452627609647e-01	1.392050848016604392e-01	-4.020463407666715061e-01	2.367073614029249484e-01	-1.883061912937015192e-01	1.555827890130150326e-01	-1.400960161931792125e-01	2.212493458454959927e-01	-2.301431268478252579e-01	2.119308977647008652e-01	-1.653948737121723189e-01	1.491673005944432195e-01	-9.216602905531570689e-02	8.198302877908697495e-02	-2.293516905184563026e-01	1.342440661331492091e-01	-1.752929772126284036e-01
1.852671836924585924e-01	-1.897178720136017405e-01	1.421059878975639013e-01	-1.554987892666916394e-01	1.612094063286654555e-01	-1.670167778536748304e-01	2.133641009572949943e-01	-1.901664976839295695e-01	1.452962445092446098e-01	-1.229689423774086715e-01	2.644295873740594160e-01	-4.431265013166452160e-01	2.707257769394671998e-01	-1.666482952176825683e-01	1.466786976656999364e-01	-3.217638407071157780e-01	1.000000000000003331e+00	-6.544826112763311166e-01	1.584838468046174398e-01	-1.238566390732052797e-01	1.842029248045832790e-01	-2.962447996651831339e-01	2.277516777738909926e-01	-1.441727521306436499e-01	1.183503992306156744e-01	-1.583775680447160050e-01	1.829810994917044353e-01	-2.408890561103733952e-01	1.354712690271755449e-01	-1.256615687615050270e-01	6.636096543095740263e-02	-6.103112203725227780e-02	1.648674649542143933e-01	-1.049178271092534864e-01	1.307573436716812365e-01
-1.932045079852545977e-01	1.765860310131880662e-01	-1.519736382998010671e-01	1.670157613225329574e-01	-1.843370402567371946e-01	1.531550221431541292e-01	-2.097197268583607110e-01	1.918240505371147375e-01	-1.712169552817604523e-01	1.395718300052377070e-01	-2.507698035261826663e-01	2.622506804199435937e-01	-4.023141016503450906e-01	1.956501174871731197e-01	-1.753736213708247393e-01	2.497618717809900468e-01	-6.544826112763311166e-01	9.999999999999980016e-01	-2.062741386626344708e-01	1.428625865618116664e-01	-1.822597245195127225e-01	2.425978934047409719e-01	-3.455835274304656091e-01	1.676097813184113661e-01	-1.402269660471514856e-01	1.482089832705998089e-01	-1.915041220895088991e-01	2.439780916844026537e-01	-1.598895672212331254e-01	1.414354585666926234e-01	-7.248298829781220365e-02	6.566339068745978558e-02	-1.906427060271266849e-01	1.196823862724904763e-01	-1.510221492654271747e-01
1.225062118303132663e-01	-1.287824308161246434e-01	1.069522737696959325e-01	-2.108736611235788594e-01	1.950117239824314397e-01	-9.544177211129420413e-02	1.234950300341897955e-01	-1.438562270249229003e-01	2.217669207213642246e-01	-1.945529584319545258e-01	1.357613787207473111e-01	-1.365009507869933969e-01	2.210850548831133078e-01	-4.512749792339803001e-01	2.405783065938101040e-01	-1.766406452627609647e-01	1.584838468046174398e-01	-2.062741386626344708e-01	9.999999999999960032e-01	-4.511146063944421747e-01	1.102808707935077764e-01	-1.435851568993394001e-01	1.507606478012650242e-01	-5.485699508235633015e-01	2.834009097887320583e-01	-9.771325742061852393e-02	1.133881743839544598e-01	-1.672335229686779945e-01	2.520001397753705019e-01	-2.472821594486290797e-01	5.952471252960580411e-02	-5.510836472523526763e-02	1.897305215609230156e-01	-1.619589428709216072e-01	1.859023786282752444e-01
-1.001105463954433394e-01	1.012143995751119963e-01	-8.530885779229249732e-02	1.653106962310279537e-01	-1.815347800807047274e-01	7.638038576772888943e-02	-9.920727813423489694e-02	1.102312090107893244e-01	-1.823398491241959851e-01	1.816289222914742318e-01	-1.094860845557773105e-01	1.052808650838880783e-01	-1.715464747889723640e-01	2.199931099352606112e-01	-3.072208176669176116e-01	1.392050848016604392e-01	-1.238566390732052797e-01	1.428625865618116664e-01	-4.511146063944421747e-01	9.999999999999942268e-01	-8.874540204673378452e-02	1.103831097012540757e-01	-1.149364118997387441e-01	2.788567081350470378e-01	-7.069161437563564743e-01	7.791059742134431865e-02	-9.131988306950195033e-02	1.282242202950969467e-01	-2.318081009800829762e-01	2.398070419259788477e-01	-5.330824464683330682e-02	4.884781062657863465e-02	-1.809983652181375302e-01	1.452361363785618642e-01	-1.968881073166950380e-01
1.280006626691904403e-01	-1.074066225488535670e-01	8.515053285505007341e-02	-1.040078040815690247e-01	1.176001039105980805e-01	-9.863570534505351761e-02	1.217340607634116029e-01	-1.052871262342550407e-01	9.778917962465420721e-02	-8.425262853253785711e-02	1.776802669694438064e-01	-1.403378310251029992e-01	1.505458158988231820e-01	-1.045586202947053900e-01	1.026879019874226834e-01	-4.020463407666715061e-01	1.842029248045832790e-01	-1.822597245195127225e-01	1.102808707935077764e-01	-8.874540204673378452e-02	1.000000000000002442e+00	-4.270547607422691128e-01	2.072829102335314033e-01	-1.093175704659964387e-01	8.957806005428975427e-02	-6.714620442056213889e-01	3.104615289556009738e-01	-2.639649209888118575e-01	1.100359788447221321e-01	-9.951066419488295567e-02	8.712800306513708570e-02	-8.283981134459095230e-02	1.449477726468766658e-01	-8.891362725080868834e-02	1.083444355483155486e-01
-1.423248011537640856e-01	1.205359991420799221e-01	-9.840979561313800694e-02	1.211698085362964972e-01	-1.386874565346373489e-01	1.079865963570469656e-01	-1.393063938075942421e-01	1.213184576226054717e-01	-1.179401591629189172e-01	1.005659647646017646e-01	-1.840877791546747522e-01	1.616374732596686237e-01	-1.861898225913670157e-01	1.273297185036231238e-01	-1.249642487191808538e-01	2.367073614029249484e-01	-2.962447996651831339e-01	2.425978934047409719e-01	-1.435851568993394001e-01	1.103831097012540757e-01	-4.270547607422691128e-01	9.999999999999924505e-01	-5.148047183608841504e-01	1.455620226328210587e-01	-1.152547171590968395e-01	2.781930918059297153e-01	-5.162806827345137739e-01	3.159437989551633352e-01	-1.430812784733426768e-01	1.223588769762468526e-01	-9.969422886549061946e-02	9.170605174722865072e-02	-1.793184638659111596e-01	1.094928555230481743e-01	-1.340569302499508564e-01
1.177415354728070657e-01	-1.063168701291918594e-01	8.700389043016425183e-02	-1.134699883958236594e-01	1.246575339632204071e-01	-9.081148828550629493e-02	1.176185188212346966e-01	-1.099650728779433123e-01	1.104118353298293026e-01	-9.475490214694824720e-02	1.456385796482939365e-01	-1.380263496996440853e-01	1.734030227158233628e-01	-1.252810820787197132e-01	1.172373258485142899e-01	-1.883061912937015192e-01	2.277516777738909926e-01	-3.455835274304656091e-01	1.507606478012650242e-01	-1.149364118997387441e-01	2.072829102335314033e-01	-5.148047183608841504e-01	9.999999999999995559e-01	-1.958732889005596056e-01	1.202362513484685341e-01	-1.830760654675546439e-01	2.606436342469488632e-01	-6.757206191181821531e-01	1.529927548273904980e-01	-1.271433666466068035e-01	7.209222582500499077e-02	-6.758943807685173499e-02	1.662506714884363079e-01	-1.097940777577663118e-01	1.269737031529493687e-01
-1.088305809099460730e-01	1.074965622264993786e-01	-9.002724099739885244e-02	1.602072645580957799e-01	-1.702964159456161197e-01	8.300194531034205125e-02	-1.076287736899631392e-01	1.158126353645563822e-01	-1.755777672603049677e-01	1.488738557218375613e-01	-1.213685691410468365e-01	1.156558259844553960e-01	-1.827199951345292173e-01	2.189092611500869368e-01	-1.993686020894685773e-01	1.555827890130150326e-01	-1.441727521306436499e-01	1.676097813184113661e-01	-5.485699508235633015e-01	2.788567081350470378e-01	-1.093175704659964387e-01	1.455620226328210587e-01	-1.958732889005596056e-01	1.000000000000000444e+00	-4.036713007877225645e-01	9.558642807453864021e-02	-1.176682798592442042e-01	1.775242389081994054e-01	-5.351900335880998005e-01	2.732945261202103793e-01	-6.497085653917844539e-02	6.003235576956005015e-02	-2.280206561788684638e-01	2.014298667563008682e-01	-2.275448247973897442e-01
9.543869247455248617e-02	-9.697789848375715227e-02	7.942236385340500915e-02	-1.525250642970166770e-01	1.549026633481664361e-01	-7.312557015616960587e-02	9.385493957130390530e-02	-1.032079151161564429e-01	1.499744915494272135e-01	-1.555169709071290429e-01	1.046555610145016163e-01	-1.001591960029301481e-01	1.504817502178762978e-01	-1.874209727899653621e-01	1.989586503113394134e-01	-1.400960161931792125e-01	1.183503992306156744e-01	-1.402269660471514856e-01	2.834009097887320583e-01	-7.069161437563564743e-01	8.957806005428975427e-02	-1.152547171590968395e-01	1.202362513484685341e-01	-4.036713007877225645e-01	1.000000000000000222e+00	-7.983809773102684693e-02	9.300104740280897009e-02	-1.372548398013188342e-01	2.509972498051487588e-01	-3.977252200677388050e-01	5.330913528301339799e-02	-4.954428677834285533e-02	1.794565748045360287e-01	-1.630773903619008314e-01	2.078134723041373255e-01
-1.117106783996735936e-01	9.025177572873553655e-02	-7.319490381915795540e-02	8.973667856892482420e-02	-1.042112624118646386e-01	8.285517737493373891e-02	-1.042980757116990925e-01	8.915750139203050539e-02	-8.580170347006785270e-02	7.372569812785371990e-02	-1.472956559738387572e-01	1.142160819272530214e-01	-1.312145138643344144e-01	9.084741147727729005e-02	-9.087118184676855337e-02	2.212493458454959927e-01	-1.583775680447160050e-01	1.482089832705998089e-01	-9.771325742061852393e-02	7.791059742134431865e-02	-6.714620442056213889e-01	2.781930918059297153e-01	-1.830760654675546439e-01	9.558642807453864021e-02	-7.983809773102684693e-02	9.999999999999994449e-01	-5.964035118277343228e-01	2.181272034540324700e-01	-9.965943277985125914e-02	8.861583466233978468e-02	-1.129493099681111445e-01	1.003963076686730516e-01	-1.380881210793736269e-01	8.189682520871227611e-02	-9.970048716190992033e-02
1.136969675620955467e-01	-9.945410166906333560e-02	7.941066162790635929e-02	-1.016061973358544090e-01	1.134498910328914922e-01	-8.715163260832628489e-02	1.099155714195416411e-01	-9.903783816683313368e-02	9.561865141709648130e-02	-8.272699350517820349e-02	1.448480957345144593e-01	-1.262644036756036259e-01	1.442781883624155714e-01	-1.034585106045230324e-01	1.009468193769772759e-01	-2.301431268478252579e-01	1.829810994917044353e-01	-1.915041220895088991e-01	1.133881743839544598e-01	-9.131988306950195033e-02	3.104615289556009738e-01	-5.162806827345137739e-01	2.606436342469488632e-01	-1.176682798592442042e-01	9.300104740280897009e-02	-5.964035118277343228e-01	9.999999999999975575e-01	-4.187020404710616872e-01	1.180036210897517784e-01	-1.052987861321848795e-01	1.234781463464228041e-01	-1.344527278393713721e-01	1.549079395869323861e-01	-9.595777478810754713e-02	1.120463677645307798e-01
-1.430431660615322231e-01	1.221969422826330448e-01	-1.014924703367948711e-01	1.315446952625969057e-01	-1.511257466423128470e-01	1.065194662638885154e-01	-1.383807738413849187e-01	1.246347690569453298e-01	-1.293247926776247003e-01	1.106384109665907861e-01	-1.725199422626903789e-01	1.518204404337690494e-01	-1.963056591004504192e-01	1.400796288377340049e-01	-1.387060082678428230e-01	2.119308977647008652e-01	-2.408890561103733952e-01	2.439780916844026537e-01	-1.672335229686779945e-01	1.282242202950969467e-01	-2.639649209888118575e-01	3.159437989551633352e-01	-6.757206191181821531e-01	1.775242389081994054e-01	-1.372548398013188342e-01	2.181272034540324700e-01	-4.187020404710616872e-01	9.999999999999963363e-01	-1.936815959484675109e-01	1.505963148231257986e-01	-9.986545386973721961e-02	9.184322707706484012e-02	-2.405864641993868402e-01	1.405913246009006523e-01	-1.644944887771699893e-01
1.076592449586027123e-01	-1.065764568936022061e-01	8.592351272706484633e-02	-1.529223602995609943e-01	1.561005735671767980e-01	-8.210088199367911177e-02	1.045543710508955587e-01	-1.105827126442928271e-01	1.439366914841075096e-01	-1.319937622418161649e-01	1.190172164495062884e-01	-1.116703486614302604e-01	1.580122906737910227e-01	-1.761790853808306578e-01	1.618528587319202627e-01	-1.653948737121723189e-01	1.354712690271755449e-01	-1.598895672212331254e-01	2.520001397753705019e-01	-2.318081009800829762e-01	1.100359788447221321e-01	-1.430812784733426768e-01	1.529927548273904980e-01	-5.351900335880998005e-01	2.509972498051487588e-01	-9.965943277985125914e-02	1.180036210897517784e-01	-1.936815959484675109e-01	9.999999999999976685e-01	-5.289808470741300672e-01	7.238387452276777434e-02	-6.951345266036798587e-02	2.648779758444488319e-01	-4.116584318386730112e-01	2.961768103364571525e-01
-1.023214618474985876e-01	9.929167361062023189e-02	-8.159484407326646205e-02	1.439839131833807739e-01	-1.590749634644157418e-01	7.711414473018302074e-02	-9.892724050367462940e-02	1.035671699807098056e-01	-1.438348130830313376e-01	1.304944801008599276e-01	-1.119339565962193112e-01	1.037819261345907934e-01	-1.527348850845431372e-01	1.616696429398173651e-01	-1.719292653582942254e-01	1.491673005944432195e-01	-1.256615687615050270e-01	1.414354585666926234e-01	-2.472821594486290797e-01	2.398070419259788477e-01	-9.951066419488295567e-02	1.223588769762468526e-01	-1.271433666466068035e-01	2.732945261202103793e-01	-3.977252200677388050e-01	8.861583466233978468e-02	-1.052987861321848795e-01	1.505963148231257986e-01	-5.289808470741300672e-01	9.999999999999978906e-01	-7.491977280220558921e-02	6.956506636776049746e-02	-2.933666681554793487e-01	2.837597701146760687e-01	-5.616951404343474286e-01
5.110458158409100782e-02	-4.725421410603183880e-02	3.718317685532099293e-02	-5.674874751638855908e-02	6.071700833914317474e-02	-3.869145381228075026e-02	4.845604201129594807e-02	-4.673736727576353195e-02	4.983215933176550483e-02	-4.485297139803121058e-02	5.943528644011707163e-02	-5.225682569219658458e-02	6.425734115756857878e-02	-5.368554907028119660e-02	5.310870333914775865e-02	-9.216602905531570689e-02	6.636096543095740263e-02	-7.248298829781220365e-02	5.952471252960580411e-02	-5.330824464683330682e-02	8.712800306513708570e-02	-9.969422886549061946e-02	7.209222582500499077e-02	-6.497085653917844539e-02	5.330913528301339799e-02	-1.129493099681111445e-01	1.234781463464228041e-01	-9.986545386973721961e-02	7.238387452276777434e-02	-7.491977280220558921e-02	9.999999999999977796e-01	-9.533878675639031464e-01	1.567128218002204476e-01	-9.357355450065829583e-02	8.045015548000028494e-02
-4.641538330355876596e-02	4.254505047965750908e-02	-3.366194147948917137e-02	5.094949244135659611e-02	-5.495395700413730627e-02	3.503247047853175894e-02	-4.400803310691939196e-02	4.220815876310206327e-02	-4.531165829247522231e-02	4.064278160469964041e-02	-5.415515328763030600e-02	4.740047721303122102e-02	-5.865455214386743749e-02	4.885670978305211437e-02	-4.848872988070129092e-02	8.198302877908697495e-02	-6.103112203725227780e-02	6.566339068745978558e-02	-5.510836472523526763e-02	4.884781062657863465e-02	-8.283981134459095230e-02	9.170605174722865072e-02	-6.758943807685173499e-02	6.003235576956005015e-02	-4.954428677834285533e-02	1.003963076686730516e-01	-1.344527278393713721e-01	9.184322707706484012e-02	-6.951345266036798587e-02	6.956506636776049746e-02	-9.533878675639031464e-01	9.999999999999978906e-01	-1.883783656137683060e-01	9.038364228389632327e-02	-7.947615187383351432e-02
1.384806018334922562e-01	-1.342293720171758020e-01	1.049632948416214517e-01	-1.772010608719045976e-01	1.831270807789966981e-01	-1.048556487553286287e-01	1.312503578624086842e-01	-1.333466200321626327e-01	1.514670484163759823e-01	-1.394590390491912135e-01	1.521338335437233680e-01	-1.382058947369078916e-01	1.790206291610115241e-01	-1.663936884546606820e-01	1.627247902299657489e-01	-2.293516905184563026e-01	1.648674649542143933e-01	-1.906427060271266849e-01	1.897305215609230156e-01	-1.809983652181375302e-01	1.449477726468766658e-01	-1.793184638659111596e-01	1.662506714884363079e-01	-2.280206561788684638e-01	1.794565748045360287e-01	-1.380881210793736269e-01	1.549079395869323861e-01	-2.405864641993868402e-01	2.648779758444488319e-01	-2.933666681554793487e-01	1.567128218002204476e-01	-1.883783656137683060e-01	9.999999999999981126e-01	-5.947387193137939621e-01	3.007939514729806030e-01
-8.590475738275278605e-02	8.328434339577192591e-02	-6.666027147457792568e-02	1.145330432503463003e-01	-1.211260750329727076e-01	6.495309324698805842e-02	-8.228495203459744445e-02	8.473517217120415945e-02	-1.057071496626715290e-01	9.605949908416688832e-02	-9.449290768164339549e-02	8.670953178655317617e-02	-1.193252980341655556e-01	1.189558197211597890e-01	-1.178875203820815842e-01	1.342440661331492091e-01	-1.049178271092534864e-01	1.196823862724904763e-01	-1.619589428709216072e-01	1.452361363785618642e-01	-8.891362725080868834e-02	1.094928555230481743e-01	-1.097940777577663118e-01	2.014298667563008682e-01	-1.630773903619008314e-01	8.189682520871227611e-02	-9.595777478810754713e-02	1.405913246009006523e-01	-4.116584318386730112e-01	2.837597701146760687e-01	-9.357355450065829583e-02	9.038364228389632327e-02	-5.947387193137939621e-01	9.999999999999981126e-01	-5.851856086801452417e-01
1.102496519890990706e-01	-1.079934879299762757e-01	8.545858787727797501e-02	-1.492507311389131008e-01	1.548015606332129590e-01	-8.350035404120879912e-02	1.051938162378205643e-01	-1.089426121881714865e-01	1.325410925828833797e-01	-1.235646342426376526e-01	1.202912096713695811e-01	-1.104683568712991892e-01	1.492122558055537507e-01	-1.485201491753139758e-01	1.479289936825049778e-01	-1.752929772126284036e-01	1.307573436716812365e-01	-1.510221492654271747e-01	1.859023786282752444e-01	-1.968881073166950380e-01	1.083444355483155486e-01	-1.340569302499508564e-01	1.269737031529493687e-01	-2.275448247973897442e-01	2.078134723041373255e-01	-9.970048716190992033e-02	1.120463677645307798e-01	-1.644944887771699893e-01	2.961768103364571525e-01	-5.616951404343474286e-01	8.045015548000028494e-02	-7.947615187383351432e-02	3.007939514729806030e-01	-5.851856086801452417e-01	9.999999999999982236e-01
