1.000000000000000000e+00	-1.514662426562614628e-01	1.275200704481099789e-01	-1.732955411194510298e-01	9.354021946042352653e-02	-8.544815476529588061e-01	2.584274731337954933e-01	-2.191844653611854377e-01	1.207343505143663315e-01	-8.054935043970969100e-02	1.973647604089316110e-01	-2.161671987248778848e-01	1.592216791465695114e-01	-1.111348676538546215e-01	5.553045588151677564e-02	-1.826283967000852937e-01	1.016089916007023586e-01	-1.008801170639253703e-01	1.051077259615263298e-01	-5.752331693110344923e-02	8.359947594039313090e-02	-9.212820766137742867e-02	8.019466923917605017e-02	-5.544484309560617635e-02	5.172439756658141902e-02	-6.615417891097630232e-02	7.633098967639553867e-02	-6.462094311839022831e-02	4.837344286516883501e-02	-4.192327895944787663e-02	8.732278117072812818e-02	-7.647592280796183806e-02	6.907327685600536671e-02	-4.967250237841113608e-02	5.646139815839218423e-02
-1.514662426562614628e-01	9.999999999999996669e-01	-9.256241568426973876e-01	1.582899417178339208e-01	-9.225942127505090684e-02	1.221891982087629502e-01	-2.371874896299755453e-01	1.442881743969041675e-01	-1.124980361585480454e-01	6.843436885275470949e-02	-8.787063646719597831e-02	1.222172787453176951e-01	-1.075324108424485781e-01	7.182193493305040477e-02	-4.053595270897213804e-02	7.528752414498368628e-02	-5.145825709407878673e-02	5.163553783089049748e-02	-7.190960881406834038e-02	4.030679909982461118e-02	-4.426064134622259560e-02	4.620910344284567123e-02	-4.301174014135108331e-02	3.199155012037619567e-02	-3.078143869592486412e-02	3.429349132342795342e-02	-4.185555936695611878e-02	3.522769335678472419e-02	-2.764467086292303824e-02	2.443848864339245516e-02	-4.835449669709865339e-02	4.090205346017097843e-02	-3.876356805950800094e-02	2.814422037739381516e-02	-3.270063587348563672e-02
1.275200704481099789e-01	-9.256241568426973876e-01	9.999999999999995559e-01	-2.050026375144543556e-01	9.484518087835314137e-02	-1.180411347173590392e-01	1.872813752842176216e-01	-1.583701317625012261e-01	1.173701209097003373e-01	-7.308029295225081101e-02	8.972012373027417331e-02	-1.319338173852411533e-01	1.102564080852532630e-01	-7.721610643488413528e-02	4.311562746211115155e-02	-8.106646544765741536e-02	5.477964779371558707e-02	-5.560935469565798928e-02	7.536502748860925138e-02	-4.335931917329924334e-02	4.730737979961460032e-02	-4.974581781945292686e-02	4.601329254136288238e-02	-3.438297141894766651e-02	3.297193736241563894e-02	-3.688822236681589539e-02	4.487681248360135544e-02	-3.786095239816028579e-02	2.965235643351009018e-02	-2.623759131849211571e-02	5.176188102846072947e-02	-4.413471291389990669e-02	4.154188506162068140e-02	-3.023886069802132759e-02	3.503691036240358381e-02
-1.732955411194510298e-01	1.582899417178339208e-01	-2.050026375144543556e-01	9.999999999999996669e-01	-4.848971568441726721e-01	1.344266133056736534e-01	-2.724510820955265977e-01	2.562396880688171397e-01	-6.180646968057706969e-01	2.954241706631710040e-01	-1.606898487388232488e-01	1.892530654080791797e-01	-2.312031703821381956e-01	2.000639097573571612e-01	-1.445549112304856665e-01	1.331533050507402172e-01	-1.098249671915039194e-01	1.131186877019682152e-01	-2.219053968040391178e-01	1.349603291859745036e-01	-1.006394274086799545e-01	9.916836608612696058e-02	-9.959651994759509408e-02	8.276738880361743378e-02	-8.317481066609434814e-02	7.662830561629743742e-02	-9.977272254118850492e-02	8.394726787565755244e-02	-7.034339754420716739e-02	6.419691497870512464e-02	-1.157192156042663178e-01	9.481221950492205175e-02	-9.550591482885925632e-02	7.080326322061961108e-02	-8.448093011379814721e-02
9.354021946042352653e-02	-9.225942127505090684e-02	9.484518087835314137e-02	-4.848971568441726721e-01	1.000000000000000000e+00	-7.862397554037019176e-02	1.471045678790594280e-01	-1.860718128479139921e-01	3.112768942922851667e-01	-7.459803992281742735e-01	1.008176965283724413e-01	-1.277521561936104111e-01	1.394356724174771189e-01	-1.551415041160323638e-01	1.695483466127501171e-01	-9.101689831271712883e-02	7.357076062900701208e-02	-7.859268544245459620e-02	1.387952478279155522e-01	-1.889641593354592364e-01	6.799489360333724197e-02	-6.872218583150528637e-02	6.820627857882760603e-02	-6.673539634175487678e-02	6.863726533213036773e-02	-5.283072460365109690e-02	6.962897022449229811e-02	-6.066428750678881654e-02	5.347282687518262884e-02	-5.295285451701418206e-02	7.850645589970782490e-02	-6.835462898992114567e-02	6.793152236046351433e-02	-5.412637318430799788e-02	6.304932856690265153e-02
-8.544815476529588061e-01	1.221891982087629502e-01	-1.180411347173590392e-01	1.344266133056736534e-01	-7.862397554037019176e-02	9.999999999999996669e-01	-3.631451242020549697e-01	1.850752986404153588e-01	-1.031908096357341681e-01	6.647563330760761224e-02	-2.284990261695922786e-01	1.864704475004350659e-01	-1.458070290696373006e-01	9.124419894588087221e-02	-4.555628543139320086e-02	1.531443841723045818e-01	-8.660769985403586613e-02	8.242474435298757784e-02	-8.864072216446657049e-02	4.660927374344698421e-02	-6.964703314066660045e-02	7.556911809017274884e-02	-6.637328596787553381e-02	4.498538029554446926e-02	-4.214138367774583616e-02	5.410996712062927233e-02	-6.260716331817928193e-02	5.270371770056479777e-02	-3.943462808701853756e-02	3.406762567045065054e-02	-7.186402785210750654e-02	6.188291507363381794e-02	-5.652263546812022477e-02	4.036817198808288071e-02	-4.602536683269028289e-02
2.584274731337954933e-01	-2.371874896299755453e-01	1.872813752842176216e-01	-2.724510820955265977e-01	1.471045678790594280e-01	-3.631451242020549697e-01	9.999999999999997780e-01	-5.802029291840083980e-01	2.099883504317523464e-01	-1.352808304913778736e-01	2.149378875124161592e-01	-4.483123401697420296e-01	2.947233781542588082e-01	-1.669191308094245818e-01	8.192691933900901613e-02	-1.898681767231129580e-01	1.217678990966813424e-01	-1.225433482136731589e-01	1.540032579393846301e-01	-8.400463482639602963e-02	9.998938978539752276e-02	-1.087711083589646133e-01	9.861650845505133545e-02	-7.061503618403554283e-02	6.667938604757470133e-02	-7.830432509943117958e-02	9.350636757383332109e-02	-7.941355901188225375e-02	6.099415257811885427e-02	-5.345556026900985525e-02	1.065820964083383782e-01	-9.245822655600956230e-02	8.575232503561516784e-02	-6.220990263524581176e-02	7.131218425640971359e-02
-2.191844653611854377e-01	1.442881743969041675e-01	-1.583701317625012261e-01	2.562396880688171397e-01	-1.860718128479139921e-01	1.850752986404153588e-01	-5.802029291840083980e-01	9.999999999999996669e-01	-3.700844382613865946e-01	1.662046069986683194e-01	-1.842462054131520366e-01	2.929483499679962910e-01	-5.340960988443457236e-01	1.818175914936940862e-01	-9.100098170348010218e-02	1.483597499697834610e-01	-1.076461201331670309e-01	1.102237657015600752e-01	-1.756093354595951173e-01	8.889190839479312045e-02	-8.888125525485211786e-02	9.418084526933255540e-02	-9.074468731356449824e-02	6.650117809147766679e-02	-6.386704635128288843e-02	6.838154299859890151e-02	-8.477468335924498444e-02	7.213111257874754711e-02	-5.704320650614629062e-02	5.041913296134599431e-02	-9.611204585783594823e-02	8.196463243531978971e-02	-7.893869031814673698e-02	5.756346735646490631e-02	-6.680672226655018364e-02
1.207343505143663315e-01	-1.124980361585480454e-01	1.173701209097003373e-01	-6.180646968057706969e-01	3.112768942922851667e-01	-1.031908096357341681e-01	2.099883504317523464e-01	-3.700844382613865946e-01	9.999999999999994449e-01	-5.209729056144298820e-01	1.219396206166865199e-01	-1.686348333020649681e-01	1.999582782338978626e-01	-2.183537576388906443e-01	1.353650561765812610e-01	-1.071137817339048032e-01	8.445519602881941534e-02	-9.009928475470667386e-02	1.757629605829315877e-01	-1.363980372535407437e-01	7.471540136322675496e-02	-7.696093232442549614e-02	7.627073717806873154e-02	-6.604879766535487473e-02	6.569902978396524595e-02	-5.779262669660099189e-02	7.474619566551850280e-02	-6.447401382858333752e-02	5.449248459999982142e-02	-5.096422059976963431e-02	8.441399896213247489e-02	-7.261212636146927024e-02	7.171092276943144550e-02	-5.484198186052843815e-02	6.410421942899688363e-02
-8.054935043970969100e-02	6.843436885275470949e-02	-7.308029295225081101e-02	2.954241706631710040e-01	-7.459803992281742735e-01	6.647563330760761224e-02	-1.352808304913778736e-01	1.662046069986683194e-01	-5.209729056144298820e-01	9.999999999999996669e-01	-8.333708976305230498e-02	1.062156708882014411e-01	-1.288268535009368942e-01	1.332535986580087872e-01	-2.039102744536139267e-01	7.290952462336706963e-02	-5.968201480812248411e-02	6.376409141528463498e-02	-1.250851627005034328e-01	1.642595244631365192e-01	-5.402409155405189789e-02	5.501084823183791800e-02	-5.531602545842910501e-02	5.420179550386460682e-02	-5.694709444318910713e-02	4.180855789669599143e-02	-5.550164489995153966e-02	4.862428116098390513e-02	-4.337584975733609766e-02	4.322564184261745712e-02	-6.183797223587855774e-02	5.402625042443040537e-02	-5.447221019846426593e-02	4.359587227052692804e-02	-5.110165686621328390e-02
1.973647604089316110e-01	-8.787063646719597831e-02	8.972012373027417331e-02	-1.606898487388232488e-01	1.008176965283724413e-01	-2.284990261695922786e-01	2.149378875124161592e-01	-1.842462054131520366e-01	1.219396206166865199e-01	-8.333708976305230498e-02	9.999999999999991118e-01	-4.113511104935445029e-01	2.235539766528919503e-01	-1.579298805982259357e-01	7.216880082000080854e-02	-6.931410182982706836e-01	2.379628447050619877e-01	-2.138093654962044954e-01	1.557308220469739435e-01	-7.487687742001054858e-02	1.707167400210957142e-01	-2.026710544136411940e-01	1.599996456517282228e-01	-9.474998485370086931e-02	8.569654513245525407e-02	-1.348276300392731997e-01	1.415475548190753829e-01	-1.206995233060081801e-01	8.446659299622867600e-02	-7.084761934468175593e-02	1.584815696823637932e-01	-1.419558841308350416e-01	1.235683876232364087e-01	-8.682319597963270019e-02	9.629782341131343237e-02
-2.161671987248778848e-01	1.222172787453176951e-01	-1.319338173852411533e-01	1.892530654080791797e-01	-1.277521561936104111e-01	1.864704475004350659e-01	-4.483123401697420296e-01	2.929483499679962910e-01	-1.686348333020649681e-01	1.062156708882014411e-01	-4.113511104935445029e-01	9.999999999999990008e-01	-6.282300545194188235e-01	1.869622846195292121e-01	-7.989357308184776019e-02	2.288649500883810639e-01	-1.632361960783906829e-01	1.453888065113337624e-01	-1.924055944468409662e-01	7.951633820520388751e-02	-1.193839500774607348e-01	1.288937268174028539e-01	-1.189913113953112028e-01	7.779850126204496119e-02	-7.311775407239187730e-02	9.000753426936312918e-02	-1.077223128086080423e-01	9.054714161793490923e-02	-6.838650719148170465e-02	5.857943059834234273e-02	-1.225292592514015122e-01	1.031777120510455337e-01	-9.762562375741742904e-02	6.913400995262229676e-02	-7.940348354371347395e-02
1.592216791465695114e-01	-1.075324108424485781e-01	1.102564080852532630e-01	-2.312031703821381956e-01	1.394356724174771189e-01	-1.458070290696373006e-01	2.947233781542588082e-01	-5.340960988443457236e-01	1.999582782338978626e-01	-1.288268535009368942e-01	2.235539766528919503e-01	-6.282300545194188235e-01	9.999999999999983347e-01	-2.854935668200563326e-01	9.079465044262932660e-02	-2.007915275865053140e-01	1.373104273873367864e-01	-1.503760300952979301e-01	2.082513159925397372e-01	-9.175707958757529925e-02	1.069493752583556140e-01	-1.204862269761231841e-01	1.135873415417842508e-01	-7.856695120128567855e-02	7.317046402620143442e-02	-8.362108792452527251e-02	1.013548043346454847e-01	-8.777027891123903580e-02	6.733610701989502234e-02	-5.851519992265621917e-02	1.124703140561439940e-01	-9.931735347268338954e-02	9.345183773861644172e-02	-6.798506554400972346e-02	7.758551284473158560e-02
-1.111348676538546215e-01	7.182193493305040477e-02	-7.721610643488413528e-02	2.000639097573571612e-01	-1.551415041160323638e-01	9.124419894588087221e-02	-1.669191308094245818e-01	1.818175914936940862e-01	-2.183537576388906443e-01	1.332535986580087872e-01	-1.579298805982259357e-01	1.869622846195292121e-01	-2.854935668200563326e-01	9.999999999999970024e-01	-1.846054289294251083e-01	1.401704625726872266e-01	-1.384382158892615844e-01	1.658185746043540354e-01	-8.243022197539618956e-01	1.559213173245074802e-01	-1.096998293654879025e-01	1.205508565949696548e-01	-1.359492327008980095e-01	1.159925406114958174e-01	-1.076617136858709772e-01	8.427617989389139808e-02	-1.165040651894833496e-01	1.048762982666508470e-01	-9.344461030998979512e-02	8.131921171487231648e-02	-1.210768636928272884e-01	1.093128929625848400e-01	-1.150408267735054946e-01	8.849718008450850604e-02	-1.044385849725915083e-01
5.553045588151677564e-02	-4.053595270897213804e-02	4.311562746211115155e-02	-1.445549112304856665e-01	1.695483466127501171e-01	-4.555628543139320086e-02	8.192691933900901613e-02	-9.100098170348010218e-02	1.353650561765812610e-01	-2.039102744536139267e-01	7.216880082000080854e-02	-7.989357308184776019e-02	9.079465044262932660e-02	-1.846054289294251083e-01	9.999999999999985567e-01	-6.745327286240228315e-02	6.319930287184434559e-02	-7.248301206807948593e-02	1.508918178768100526e-01	-9.125471515762147989e-01	5.929312890107379941e-02	-6.200908605313579236e-02	6.597854120739815587e-02	-1.088766737864259038e-01	1.304876794548979480e-01	-4.705240742057846537e-02	7.022861739155029925e-02	-6.877804750638592812e-02	7.599565693471745098e-02	-9.565102733067869234e-02	6.976270467131541475e-02	-7.059770164378754986e-02	7.622218280098101706e-02	-7.563087849983589350e-02	8.627501200816077576e-02
-1.826283967000852937e-01	7.528752414498368628e-02	-8.106646544765741536e-02	1.331533050507402172e-01	-9.101689831271712883e-02	1.531443841723045818e-01	-1.898681767231129580e-01	1.483597499697834610e-01	-1.071137817339048032e-01	7.290952462336706963e-02	-6.931410182982706836e-01	2.288649500883810639e-01	-2.007915275865053140e-01	1.401704625726872266e-01	-6.745327286240228315e-02	9.999999999999976685e-01	-4.389555600913232492e-01	2.253421068430192797e-01	-1.574370422691655225e-01	6.895607295875104403e-02	-2.392533355077864354e-01	2.313569154870860900e-01	-1.925235593772411935e-01	9.785785034042071562e-02	-9.008150612221849096e-02	1.541394551321754736e-01	-1.633924322595493861e-01	1.320249548949487817e-01	-9.075991304206693089e-02	7.425192006658491717e-02	-1.899126156678696276e-01	1.512895637672435900e-01	-1.381138534905334281e-01	9.225855590962844799e-02	-1.034227448375850122e-01
1.016089916007023586e-01	-5.145825709407878673e-02	5.477964779371558707e-02	-1.098249671915039194e-01	7.357076062900701208e-02	-8.660769985403586613e-02	1.217678990966813424e-01	-1.076461201331670309e-01	8.445519602881941534e-02	-5.968201480812248411e-02	2.379628447050619877e-01	-1.632361960783906829e-01	1.373104273873367864e-01	-1.384382158892615844e-01	6.319930287184434559e-02	-4.389555600913232492e-01	9.999999999999983347e-01	-5.328868777988258199e-01	1.510873056629088718e-01	-6.606002289822364426e-02	2.199852599286507560e-01	-5.536783419108087800e-01	2.932461735459329644e-01	-1.131570983519153695e-01	9.765479326812068206e-02	-1.689433172496925262e-01	1.916769238949490861e-01	-1.736517209719240229e-01	1.050847797996916078e-01	-8.299063737294437582e-02	1.792818246811437866e-01	-1.774586021699413318e-01	1.576682708420908963e-01	-1.061022118705331196e-01	1.124013885436581234e-01
-1.008801170639253703e-01	5.163553783089049748e-02	-5.560935469565798928e-02	1.131186877019682152e-01	-7.859268544245459620e-02	8.242474435298757784e-02	-1.225433482136731589e-01	1.102237657015600752e-01	-9.009928475470667386e-02	6.376409141528463498e-02	-2.138093654962044954e-01	1.453888065113337624e-01	-1.503760300952979301e-01	1.658185746043540354e-01	-7.248301206807948593e-02	2.253421068430192797e-01	-5.328868777988258199e-01	9.999999999999975575e-01	-2.277950532519462945e-01	7.490664169936604722e-02	-2.045597021625324141e-01	3.098707159916738729e-01	-6.251779070088382406e-01	1.361938059224957753e-01	-1.210621158325008578e-01	1.486354460942685418e-01	-2.239953547674857492e-01	2.204315627801956279e-01	-1.346861613328794449e-01	1.011976433357848343e-01	-1.871538524115144708e-01	1.838619351776827338e-01	-2.108910289140668581e-01	1.301461332064736132e-01	-1.410409980774601779e-01
1.051077259615263298e-01	-7.190960881406834038e-02	7.536502748860925138e-02	-2.219053968040391178e-01	1.387952478279155522e-01	-8.864072216446657049e-02	1.540032579393846301e-01	-1.756093354595951173e-01	1.757629605829315877e-01	-1.250851627005034328e-01	1.557308220469739435e-01	-1.924055944468409662e-01	2.082513159925397372e-01	-8.243022197539618956e-01	1.508918178768100526e-01	-1.574370422691655225e-01	1.510873056629088718e-01	-2.277950532519462945e-01	9.999999999999990008e-01	-1.645018644823404708e-01	1.181591844866382579e-01	-1.384389712265179373e-01	1.513368139907249332e-01	-1.446294328215717850e-01	1.158261362134228728e-01	-9.324224207813257281e-02	1.269484413059323857e-01	-1.197392395218862399e-01	1.053132473242826134e-01	-9.069195536104604494e-02	1.295731151175680274e-01	-1.239123742686907004e-01	1.248676895072814708e-01	-9.996301093648721214e-02	1.123419899371012470e-01
-5.752331693110344923e-02	4.030679909982461118e-02	-4.335931917329924334e-02	1.349603291859745036e-01	-1.889641593354592364e-01	4.660927374344698421e-02	-8.400463482639602963e-02	8.889190839479312045e-02	-1.363980372535407437e-01	1.642595244631365192e-01	-7.487687742001054858e-02	7.951633820520388751e-02	-9.175707958757529925e-02	1.559213173245074802e-01	-9.125471515762147989e-01	6.895607295875104403e-02	-6.606002289822364426e-02	7.490664169936604722e-02	-1.645018644823404708e-01	9.999999999999973355e-01	-6.228731381150741375e-02	6.439730899078041637e-02	-6.954557287502277640e-02	1.110787207853057429e-01	-1.671712444117753604e-01	4.907343215459651631e-02	-7.425213751170525733e-02	7.190436847454159675e-02	-8.137446008444911005e-02	1.012517068957836802e-01	-7.346589285601981545e-02	7.287743047924380435e-02	-8.173510615595735995e-02	7.910484438321073453e-02	-9.639802076516264251e-02
8.359947594039313090e-02	-4.426064134622259560e-02	4.730737979961460032e-02	-1.006394274086799545e-01	6.799489360333724197e-02	-6.964703314066660045e-02	9.998938978539752276e-02	-8.888125525485211786e-02	7.471540136322675496e-02	-5.402409155405189789e-02	1.707167400210957142e-01	-1.193839500774607348e-01	1.069493752583556140e-01	-1.096998293654879025e-01	5.929312890107379941e-02	-2.392533355077864354e-01	2.199852599286507560e-01	-2.045597021625324141e-01	1.181591844866382579e-01	-6.228731381150741375e-02	9.999999999999965583e-01	-4.007489467432290287e-01	2.035271321691577429e-01	-1.136332208838974484e-01	9.832045447820851602e-02	-6.909857521922937451e-01	2.106462884676630898e-01	-1.647937424508462145e-01	1.038850598085135635e-01	-8.431079957414738812e-02	2.999711327389935622e-01	-2.446930467962818712e-01	1.585479968598766110e-01	-1.089313303550900613e-01	1.146915019487649845e-01
-9.212820766137742867e-02	4.620910344284567123e-02	-4.974581781945292686e-02	9.916836608612696058e-02	-6.872218583150528637e-02	7.556911809017274884e-02	-1.087711083589646133e-01	9.418084526933255540e-02	-7.696093232442549614e-02	5.501084823183791800e-02	-2.026710544136411940e-01	1.288937268174028539e-01	-1.204862269761231841e-01	1.205508565949696548e-01	-6.200908605313579236e-02	2.313569154870860900e-01	-5.536783419108087800e-01	3.098707159916738729e-01	-1.384389712265179373e-01	6.439730899078041637e-02	-4.007489467432290287e-01	9.999999999999984457e-01	-4.977490085823756405e-01	1.272276167788848888e-01	-1.110812791371088570e-01	2.166159381604232104e-01	-2.928681641699542038e-01	2.159151950094091443e-01	-1.252320330567689988e-01	9.468329922370063989e-02	-2.342043192277307728e-01	2.138248690124804896e-01	-1.965339329529780521e-01	1.236475580691111242e-01	-1.306812863207682807e-01
8.019466923917605017e-02	-4.301174014135108331e-02	4.601329254136288238e-02	-9.959651994759509408e-02	6.820627857882760603e-02	-6.637328596787553381e-02	9.861650845505133545e-02	-9.074468731356449824e-02	7.627073717806873154e-02	-5.531602545842910501e-02	1.599996456517282228e-01	-1.189913113953112028e-01	1.135873415417842508e-01	-1.359492327008980095e-01	6.597854120739815587e-02	-1.925235593772411935e-01	2.932461735459329644e-01	-6.251779070088382406e-01	1.513368139907249332e-01	-6.954557287502277640e-02	2.035271321691577429e-01	-4.977490085823756405e-01	9.999999999999970024e-01	-1.617752422999659823e-01	1.254597304275583136e-01	-1.630830361923674421e-01	2.377432259245511881e-01	-3.798128275080784322e-01	1.528173152965725534e-01	-1.107855026692186468e-01	1.807946501434071207e-01	-2.105914473348882987e-01	2.214136868971311733e-01	-1.477484815933352014e-01	1.441516445190321738e-01
-5.544484309560617635e-02	3.199155012037619567e-02	-3.438297141894766651e-02	8.276738880361743378e-02	-6.673539634175487678e-02	4.498538029554446926e-02	-7.061503618403554283e-02	6.650117809147766679e-02	-6.604879766535487473e-02	5.420179550386460682e-02	-9.474998485370086931e-02	7.779850126204496119e-02	-7.856695120128567855e-02	1.159925406114958174e-01	-1.088766737864259038e-01	9.785785034042071562e-02	-1.131570983519153695e-01	1.361938059224957753e-01	-1.446294328215717850e-01	1.110787207853057429e-01	-1.136332208838974484e-01	1.272276167788848888e-01	-1.617752422999659823e-01	9.999999999999957812e-01	-5.433714023849400832e-01	9.307966139184836729e-02	-1.906218078307041208e-01	2.215416067935950251e-01	-6.217963417801848358e-01	3.029463595100483908e-01	-1.357076101155374470e-01	1.680846851828616262e-01	-2.539861134648985774e-01	2.766457348763952662e-01	-3.471286179238605718e-01
5.172439756658141902e-02	-3.078143869592486412e-02	3.297193736241563894e-02	-8.317481066609434814e-02	6.863726533213036773e-02	-4.214138367774583616e-02	6.667938604757470133e-02	-6.386704635128288843e-02	6.569902978396524595e-02	-5.694709444318910713e-02	8.569654513245525407e-02	-7.311775407239187730e-02	7.317046402620143442e-02	-1.076617136858709772e-01	1.304876794548979480e-01	-9.008150612221849096e-02	9.765479326812068206e-02	-1.210621158325008578e-01	1.158261362134228728e-01	-1.671712444117753604e-01	9.832045447820851602e-02	-1.110812791371088570e-01	1.254597304275583136e-01	-5.433714023849400832e-01	9.999999999999955591e-01	-8.274293039267173466e-02	1.500863037463629202e-01	-1.843850909748515343e-01	2.908077539547239687e-01	-6.588334203196064554e-01	1.190378399802752285e-01	-1.586797670084893475e-01	1.925128155999494273e-01	-2.700147461159784212e-01	2.888540437789053339e-01
-6.615417891097630232e-02	3.429349132342795342e-02	-3.688822236681589539e-02	7.662830561629743742e-02	-5.283072460365109690e-02	5.410996712062927233e-02	-7.830432509943117958e-02	6.838154299859890151e-02	-5.779262669660099189e-02	4.180855789669599143e-02	-1.348276300392731997e-01	9.000753426936312918e-02	-8.362108792452527251e-02	8.427617989389139808e-02	-4.705240742057846537e-02	1.541394551321754736e-01	-1.689433172496925262e-01	1.486354460942685418e-01	-9.324224207813257281e-02	4.907343215459651631e-02	-6.909857521922937451e-01	2.166159381604232104e-01	-1.630830361923674421e-01	9.307966139184836729e-02	-8.274293039267173466e-02	9.999999999999955591e-01	-2.208079575282427265e-01	1.393096321120248227e-01	-8.838709463626079343e-02	7.061299705252978287e-02	-5.745949407926963515e-01	2.231777250523778455e-01	-1.420157739331645297e-01	9.212809824100330613e-02	-9.840002636573295935e-02
7.633098967639553867e-02	-4.185555936695611878e-02	4.487681248360135544e-02	-9.977272254118850492e-02	6.962897022449229811e-02	-6.260716331817928193e-02	9.350636757383332109e-02	-8.477468335924498444e-02	7.474619566551850280e-02	-5.550164489995153966e-02	1.415475548190753829e-01	-1.077223128086080423e-01	1.013548043346454847e-01	-1.165040651894833496e-01	7.022861739155029925e-02	-1.633924322595493861e-01	1.916769238949490861e-01	-2.239953547674857492e-01	1.269484413059323857e-01	-7.425213751170525733e-02	2.106462884676630898e-01	-2.928681641699542038e-01	2.377432259245511881e-01	-1.906218078307041208e-01	1.500863037463629202e-01	-2.208079575282427265e-01	9.999999999999953371e-01	-4.882890454615371190e-01	1.860657063058369920e-01	-1.385544721679415892e-01	2.600527869748570087e-01	-6.298795573133801895e-01	2.875188210725851956e-01	-1.924986395491334046e-01	1.791265324174711460e-01
-6.462094311839022831e-02	3.522769335678472419e-02	-3.786095239816028579e-02	8.394726787565755244e-02	-6.066428750678881654e-02	5.270371770056479777e-02	-7.941355901188225375e-02	7.213111257874754711e-02	-6.447401382858333752e-02	4.862428116098390513e-02	-1.206995233060081801e-01	9.054714161793490923e-02	-8.777027891123903580e-02	1.048762982666508470e-01	-6.877804750638592812e-02	1.320249548949487817e-01	-1.736517209719240229e-01	2.204315627801956279e-01	-1.197392395218862399e-01	7.190436847454159675e-02	-1.647937424508462145e-01	2.159151950094091443e-01	-3.798128275080784322e-01	2.215416067935950251e-01	-1.843850909748515343e-01	1.393096321120248227e-01	-4.882890454615371190e-01	9.999999999999966693e-01	-3.344961307920680804e-01	1.705610702034541792e-01	-1.867171123203188454e-01	2.771106985914607579e-01	-5.717392250697811429e-01	2.503664089054606912e-01	-2.312183117777900643e-01
4.837344286516883501e-02	-2.764467086292303824e-02	2.965235643351009018e-02	-7.034339754420716739e-02	5.347282687518262884e-02	-3.943462808701853756e-02	6.099415257811885427e-02	-5.704320650614629062e-02	5.449248459999982142e-02	-4.337584975733609766e-02	8.446659299622867600e-02	-6.838650719148170465e-02	6.733610701989502234e-02	-9.344461030998979512e-02	7.599565693471745098e-02	-9.075991304206693089e-02	1.050847797996916078e-01	-1.346861613328794449e-01	1.053132473242826134e-01	-8.137446008444911005e-02	1.038850598085135635e-01	-1.252320330567689988e-01	1.528173152965725534e-01	-6.217963417801848358e-01	2.908077539547239687e-01	-8.838709463626079343e-02	1.860657063058369920e-01	-3.344961307920680804e-01	9.999999999999958922e-01	-3.842180978215339882e-01	1.239251943013101043e-01	-1.775098212875159676e-01	2.624353154644263331e-01	-4.788978306519697803e-01	2.985166209405684112e-01
-4.192327895944787663e-02	2.443848864339245516e-02	-2.623759131849211571e-02	6.419691497870512464e-02	-5.295285451701418206e-02	3.406762567045065054e-02	-5.345556026900985525e-02	5.041913296134599431e-02	-5.096422059976963431e-02	4.322564184261745712e-02	-7.084761934468175593e-02	5.857943059834234273e-02	-5.851519992265621917e-02	8.131921171487231648e-02	-9.565102733067869234e-02	7.425192006658491717e-02	-8.299063737294437582e-02	1.011976433357848343e-01	-9.069195536104604494e-02	1.012517068957836802e-01	-8.431079957414738812e-02	9.468329922370063989e-02	-1.107855026692186468e-01	3.029463595100483908e-01	-6.588334203196064554e-01	7.061299705252978287e-02	-1.385544721679415892e-01	1.705610702034541792e-01	-3.842180978215339882e-01	9.999999999999961142e-01	-1.022408594920515695e-01	1.359643399700875555e-01	-1.963795835118380961e-01	2.668288538107415064e-01	-5.369061998515755052e-01
8.732278117072812818e-02	-4.835449669709865339e-02	5.176188102846072947e-02	-1.157192156042663178e-01	7.850645589970782490e-02	-7.186402785210750654e-02	1.065820964083383782e-01	-9.611204585783594823e-02	8.441399896213247489e-02	-6.183797223587855774e-02	1.584815696823637932e-01	-1.225292592514015122e-01	1.124703140561439940e-01	-1.210768636928272884e-01	6.976270467131541475e-02	-1.899126156678696276e-01	1.792818246811437866e-01	-1.871538524115144708e-01	1.295731151175680274e-01	-7.346589285601981545e-02	2.999711327389935622e-01	-2.342043192277307728e-01	1.807946501434071207e-01	-1.357076101155374470e-01	1.190378399802752285e-01	-5.745949407926963515e-01	2.600527869748570087e-01	-1.867171123203188454e-01	1.239251943013101043e-01	-1.022408594920515695e-01	9.999999999999961142e-01	-4.657605533031189404e-01	1.976825081528745809e-01	-1.340244255252019401e-01	1.407238423766333235e-01
-7.647592280796183806e-02	4.090205346017097843e-02	-4.413471291389990669e-02	9.481221950492205175e-02	-6.835462898992114567e-02	6.188291507363381794e-02	-9.245822655600956230e-02	8.196463243531978971e-02	-7.261212636146927024e-02	5.402625042443040537e-02	-1.419558841308350416e-01	1.031777120510455337e-01	-9.931735347268338954e-02	1.093128929625848400e-01	-7.059770164378754986e-02	1.512895637672435900e-01	-1.774586021699413318e-01	1.838619351776827338e-01	-1.239123742686907004e-01	7.287743047924380435e-02	-2.446930467962818712e-01	2.138248690124804896e-01	-2.105914473348882987e-01	1.680846851828616262e-01	-1.586797670084893475e-01	2.231777250523778455e-01	-6.298795573133801895e-01	2.771106985914607579e-01	-1.775098212875159676e-01	1.359643399700875555e-01	-4.657605533031189404e-01	9.999999999999960032e-01	-3.813443044249225089e-01	1.899338215889355141e-01	-2.041740387592219652e-01
6.907327685600536671e-02	-3.876356805950800094e-02	4.154188506162068140e-02	-9.550591482885925632e-02	6.793152236046351433e-02	-5.652263546812022477e-02	8.575232503561516784e-02	-7.893869031814673698e-02	7.171092276943144550e-02	-5.447221019846426593e-02	1.235683876232364087e-01	-9.762562375741742904e-02	9.345183773861644172e-02	-1.150408267735054946e-01	7.622218280098101706e-02	-1.381138534905334281e-01	1.576682708420908963e-01	-2.108910289140668581e-01	1.248676895072814708e-01	-8.173510615595735995e-02	1.585479968598766110e-01	-1.965339329529780521e-01	2.214136868971311733e-01	-2.539861134648985774e-01	1.925128155999494273e-01	-1.420157739331645297e-01	2.875188210725851956e-01	-5.717392250697811429e-01	2.624353154644263331e-01	-1.963795835118380961e-01	1.976825081528745809e-01	-3.813443044249225089e-01	9.999999999999956701e-01	-4.805194540206987330e-01	2.581750648429521622e-01
-4.967250237841113608e-02	2.814422037739381516e-02	-3.023886069802132759e-02	7.080326322061961108e-02	-5.412637318430799788e-02	4.036817198808288071e-02	-6.220990263524581176e-02	5.756346735646490631e-02	-5.484198186052843815e-02	4.359587227052692804e-02	-8.682319597963270019e-02	6.913400995262229676e-02	-6.798506554400972346e-02	8.849718008450850604e-02	-7.563087849983589350e-02	9.225855590962844799e-02	-1.061022118705331196e-01	1.301461332064736132e-01	-9.996301093648721214e-02	7.910484438321073453e-02	-1.089313303550900613e-01	1.236475580691111242e-01	-1.477484815933352014e-01	2.766457348763952662e-01	-2.700147461159784212e-01	9.212809824100330613e-02	-1.924986395491334046e-01	2.503664089054606912e-01	-4.788978306519697803e-01	2.668288538107415064e-01	-1.340244255252019401e-01	1.899338215889355141e-01	-4.805194540206987330e-01	9.999999999999954481e-01	-5.930637762231919519e-01
5.646139815839218423e-02	-3.270063587348563672e-02	3.503691036240358381e-02	-8.448093011379814721e-02	6.304932856690265153e-02	-4.602536683269028289e-02	7.131218425640971359e-02	-6.680672226655018364e-02	6.410421942899688363e-02	-5.110165686621328390e-02	9.629782341131343237e-02	-7.940348354371347395e-02	7.758551284473158560e-02	-1.044385849725915083e-01	8.627501200816077576e-02	-1.034227448375850122e-01	1.124013885436581234e-01	-1.410409980774601779e-01	1.123419899371012470e-01	-9.639802076516264251e-02	1.146915019487649845e-01	-1.306812863207682807e-01	1.441516445190321738e-01	-3.471286179238605718e-01	2.888540437789053339e-01	-9.840002636573295935e-02	1.791265324174711460e-01	-2.312183117777900643e-01	2.985166209405684112e-01	-5.369061998515755052e-01	1.407238423766333235e-01	-2.041740387592219652e-01	2.581750648429521622e-01	-5.930637762231919519e-01	9.999999999999954481e-01
