1.000000000000000000e+00	-2.405960457399240193e-01	1.558516338534292611e-01	-1.881024400751422632e-01	1.399730525390160407e-01	-8.230161123412093049e-01	2.576424106203304976e-01	-2.135734901730892976e-01	1.604490039220910214e-01	-8.287213876109097987e-02	2.490341093497870084e-01	-2.618086097347236962e-01	1.661800519384283026e-01	-1.536917450382921102e-01	9.632800915986523826e-02	-1.386311462026037222e-01	1.170060438923957585e-01	-1.562023002991167753e-01	1.399756758580741056e-01	-1.962063208831776873e-01	5.454727431374450930e-02	-5.329946951742653427e-02	8.621695179030085254e-02	-8.542708921949090928e-02	8.338647278934967211e-02	-6.346612770020920724e-02	4.611087513981685510e-02	-9.254910143026448544e-02	5.633856353697408448e-02	-4.134435063917843434e-02	1.092223857452863378e-02	-1.092919477721804311e-02	4.142439440798760530e-02	-3.080816367954208185e-02	4.615659861742070491e-02
-2.405960457399240193e-01	9.999999999999997780e-01	-6.662052121547106243e-01	2.916579079018027376e-01	-2.359251461832375663e-01	1.866790872776377952e-01	-4.748707898029138064e-01	2.585571131073803874e-01	-2.462722280331167413e-01	1.160560753517134586e-01	-2.171289853190507269e-01	1.993375442002429387e-01	-2.027341055900336586e-01	1.771454894388051760e-01	-1.395923941058097306e-01	1.100657931189201605e-01	-1.073030565820560917e-01	1.575634720328208671e-01	-1.696022722199527488e-01	1.933217438079652684e-01	-5.358663467926247370e-02	5.113418891507753861e-02	-8.807708959093372980e-02	8.909198055354204671e-02	-9.042053559775019289e-02	6.012562029066306768e-02	-4.464440275205498049e-02	8.882448782817474464e-02	-5.949059042851079920e-02	4.386553730805545920e-02	-1.082658087454675677e-02	1.079025206988116006e-02	-4.346712499731493484e-02	3.231114861302671060e-02	-4.968043177691526535e-02
1.558516338534292611e-01	-6.662052121547106243e-01	1.000000000000000222e+00	-5.700651609509883588e-01	2.154429869150088495e-01	-1.337140193344692474e-01	2.527783536231614225e-01	-2.710617135052899029e-01	2.250607549145835773e-01	-1.144627626776249796e-01	1.577099623466647615e-01	-1.619269191408480302e-01	1.717821456836041427e-01	-1.719508602499144612e-01	1.243864799956148209e-01	-9.347955844196002839e-02	8.850756189802054530e-02	-1.445999666495846880e-01	1.488045392708771397e-01	-1.956791956856972492e-01	4.706288960770405733e-02	-4.539437742326062758e-02	7.974330903178299124e-02	-8.263563996015133029e-02	8.229112301254348782e-02	-5.613240954057183152e-02	4.123165772760611913e-02	-8.282686480643242088e-02	5.415354798916837548e-02	-4.005528092749920110e-02	9.965934341437648197e-03	-9.949552583092942382e-03	3.964005172520242148e-02	-2.949804944234807325e-02	4.497082421223001780e-02
-1.881024400751422632e-01	2.916579079018027376e-01	-5.700651609509883588e-01	1.000000000000000444e+00	-4.605682853658821241e-01	1.445457256477971075e-01	-2.614416729131587291e-01	2.463039847668396232e-01	-3.959646623315699610e-01	1.814703019458145938e-01	-1.942926920702601756e-01	1.765637101347746485e-01	-2.133902403213533416e-01	2.181593296758846390e-01	-2.050064113926862996e-01	1.090945788648239184e-01	-1.060071950874948293e-01	1.719819126251954378e-01	-2.013846448310715465e-01	2.446129769575949020e-01	-5.814745135995740000e-02	5.548943356201035959e-02	-9.912785767363203882e-02	1.043939056769189605e-01	-1.065339804745108615e-01	6.796812780394312359e-02	-5.038219694482138494e-02	1.004017382463247565e-01	-6.998977895836258623e-02	5.154954923762444102e-02	-1.240773046660621597e-02	1.236166710988134167e-02	-5.113313111909627978e-02	3.795818816172315258e-02	-5.832712654820521730e-02
1.399730525390160407e-01	-2.359251461832375663e-01	2.154429869150088495e-01	-4.605682853658821241e-01	1.000000000000000222e+00	-1.149719092653624375e-01	1.803606330437494409e-01	-1.901404417174827610e-01	2.177260428711112472e-01	-5.171805311304091823e-01	1.586892394008983798e-01	-1.595401225875044404e-01	1.766654264080409487e-01	-2.007165957704170334e-01	3.024410335579487130e-01	-1.091405785286676255e-01	1.012732171893687416e-01	-1.763541721807572460e-01	1.917871595674205121e-01	-4.722192188369140897e-01	6.604141766316057316e-02	-6.394227824140456817e-02	1.177962242456681713e-01	-1.375308801281614202e-01	1.376146485346686765e-01	-8.975652876897430299e-02	6.468971065202398785e-02	-1.298010229448706421e-01	9.758397970232900176e-02	-6.931501345130074154e-02	1.660047299384581274e-02	-1.657337418256764339e-02	7.205150640657972949e-02	-5.276344454892323982e-02	7.699921664737111038e-02
-8.230161123412093049e-01	1.866790872776377952e-01	-1.337140193344692474e-01	1.445457256477971075e-01	-1.149719092653624375e-01	1.000000000000000666e+00	-3.437537716105854013e-01	1.842509732324358607e-01	-1.422014263864173900e-01	6.579934258846904804e-02	-3.362191265964473152e-01	2.281914989287909534e-01	-1.479452011689602331e-01	1.257492978339746492e-01	-7.780078209669859246e-02	1.177814511169613249e-01	-1.038134708037283527e-01	1.266378988063804889e-01	-1.168842398463154214e-01	1.447461034327092999e-01	-4.467186081955139970e-02	4.323471100025911423e-02	-6.878745825333699992e-02	6.685720086199938017e-02	-6.590394046834754938e-02	4.879513987932364988e-02	-3.582281752876857739e-02	7.158522877434213283e-02	-4.353178905195736331e-02	3.223184201441093438e-02	-8.432838399175864030e-03	8.428248130416171949e-03	-3.190614837506648011e-02	2.379374417979055606e-02	-3.615106104279165039e-02
2.576424106203304976e-01	-4.748707898029138064e-01	2.527783536231614225e-01	-2.614416729131587291e-01	1.803606330437494409e-01	-3.437537716105854013e-01	9.999999999999998890e-01	-5.499850626886234606e-01	2.554253909076024676e-01	-1.044800703697306571e-01	2.531636055909312066e-01	-3.495385415852702016e-01	2.426234154792709929e-01	-2.153889591980537310e-01	1.195549155562665444e-01	-1.407368690698472535e-01	1.329078225155487791e-01	-1.966999732910265364e-01	1.811644172517175300e-01	-2.158645885597931524e-01	6.108922493150532179e-02	-5.937285404229884767e-02	9.989149446036584001e-02	-9.921135924331554723e-02	9.704868523912056621e-02	-6.959841552703656398e-02	5.114956574443279419e-02	-1.033594826447409992e-01	6.185426037632843488e-02	-4.667242054409206919e-02	1.197516787831066215e-02	-1.197186820537813993e-02	4.518815159997399689e-02	-3.389612323561672080e-02	5.219580645136698283e-02
-2.135734901730892976e-01	2.585571131073803874e-01	-2.710617135052899029e-01	2.463039847668396232e-01	-1.901404417174827610e-01	1.842509732324358607e-01	-5.499850626886234606e-01	1.000000000000000666e+00	-5.205976717273066434e-01	1.097697540251572762e-01	-2.212763001157084242e-01	2.292068020156363406e-01	-4.128915872276210930e-01	2.683683841869545228e-01	-1.272328861907201791e-01	1.270909559100257546e-01	-1.257404705854516802e-01	2.217882728488230759e-01	-2.253664746213864811e-01	2.010657737515051113e-01	-6.140837911435253343e-02	5.918499890249208362e-02	-1.058719333035746252e-01	1.034875611191256595e-01	-1.023474791429781622e-01	6.872389790384310360e-02	-5.126573012648469319e-02	1.038787573004088388e-01	-6.126916772372792419e-02	4.748206637366864102e-02	-1.184994844973774608e-02	1.183131983545472263e-02	-4.443311195958541543e-02	3.361092568908920913e-02	-5.336301373808239462e-02
1.604490039220910214e-01	-2.462722280331167413e-01	2.250607549145835773e-01	-3.959646623315699610e-01	2.177260428711112472e-01	-1.422014263864173900e-01	2.554253909076024676e-01	-5.205976717273066434e-01	1.000000000000000222e+00	-1.494851668306626802e-01	1.833987317540799189e-01	-1.997415226457157356e-01	2.767347000340316110e-01	-5.563532289130000974e-01	1.508250697766632675e-01	-1.248194679887597164e-01	1.183299507203966344e-01	-2.339633980064110275e-01	2.545988798204003034e-01	-2.485430813419565454e-01	6.368618745127889447e-02	-6.202742456370101409e-02	1.131147578174841878e-01	-1.194551524526211855e-01	1.143418818484821103e-01	-7.621765996911135377e-02	5.623691917360715969e-02	-1.152474170517011204e-01	6.773360058274671691e-02	-5.310620825459747008e-02	1.305164132661675719e-02	-1.304941899444375664e-02	4.911709651094542384e-02	-3.728552597570613386e-02	5.909766071347709315e-02
-8.287213876109097987e-02	1.160560753517134586e-01	-1.144627626776249796e-01	1.814703019458145938e-01	-5.171805311304091823e-01	6.579934258846904804e-02	-1.044800703697306571e-01	1.097697540251572762e-01	-1.494851668306626802e-01	1.000000000000000222e+00	-9.317773176140824176e-02	8.902045245044820643e-02	-1.042522935810567125e-01	1.163709487727910413e-01	-7.720683758670319197e-01	6.053073127196232500e-02	-5.732685124453756192e-02	9.886695086294568224e-02	-1.148229564513951750e-01	2.589549703589624774e-01	-3.670929912434778980e-02	3.523892292620493805e-02	-6.537017798166433469e-02	7.595028472400212893e-02	-7.950877194666246262e-02	4.751265164959859316e-02	-3.470327491074601950e-02	6.933473550261431972e-02	-5.370994287199588185e-02	3.880683288526996788e-02	-8.939960960839658105e-03	8.906380276341293797e-03	-3.939727802979556964e-02	2.898795724195646697e-02	-4.358071029350456260e-02
2.490341093497870084e-01	-2.171289853190507269e-01	1.577099623466647615e-01	-1.942926920702601756e-01	1.586892394008983798e-01	-3.362191265964473152e-01	2.531636055909312066e-01	-2.212763001157084242e-01	1.833987317540799189e-01	-9.317773176140824176e-02	1.000000000000000666e+00	-7.076217036924152826e-01	2.363494964725086911e-01	-1.938819943680284152e-01	1.109519751605457238e-01	-3.230000982191932879e-01	2.345801350343277303e-01	-2.259018335154803492e-01	1.836374115505794435e-01	-2.237970614217987264e-01	8.339141511785073957e-02	-8.189803315566814013e-02	1.166457517506961500e-01	-1.082293195629560056e-01	1.051419826817084069e-01	-8.332088609077539787e-02	6.103327984359158132e-02	-1.222494663341046894e-01	6.789371174223131356e-02	-5.103170909355659451e-02	1.391776074470809157e-02	-1.393241021182142422e-02	4.974122185659483192e-02	-3.733518026765043907e-02	5.697710785045013299e-02
-2.618086097347236962e-01	1.993375442002429387e-01	-1.619269191408480302e-01	1.765637101347746485e-01	-1.595401225875044404e-01	2.281914989287909534e-01	-3.495385415852702016e-01	2.292068020156363406e-01	-1.997415226457157356e-01	8.902045245044820643e-02	-7.076217036924152826e-01	1.000000000000003553e+00	-3.390786860757450394e-01	1.935131499792576704e-01	-1.089667007684647360e-01	2.370829553378205334e-01	-2.912453953244186211e-01	2.211719425250381066e-01	-1.937080800654821522e-01	1.895914893835025650e-01	-8.211615981671822884e-02	7.844121360588197922e-02	-1.125317850480138659e-01	1.011075036997184928e-01	-1.005245724017648223e-01	7.390299309125210325e-02	-5.544123130270207922e-02	1.097326869548281569e-01	-6.251619456439291844e-02	4.757639502194848519e-02	-1.258510713831445874e-02	1.256064533631010699e-02	-4.552517943351905294e-02	3.427737884201605134e-02	-5.363572413685896434e-02
1.661800519384283026e-01	-2.027341055900336586e-01	1.717821456836041427e-01	-2.133902403213533416e-01	1.766654264080409487e-01	-1.479452011689602331e-01	2.426234154792709929e-01	-4.128915872276210930e-01	2.767347000340316110e-01	-1.042522935810567125e-01	2.363494964725086911e-01	-3.390786860757450394e-01	1.000000000000002220e+00	-4.418134575981583767e-01	1.246539498474164148e-01	-1.885731672542048376e-01	1.824908447055071103e-01	-5.623603888931614225e-01	3.007622803143004120e-01	-2.365247389799728650e-01	8.572985966527182922e-02	-8.547478719697408633e-02	1.590775626825105538e-01	-1.404181846869188011e-01	1.311428242143118927e-01	-9.858951869721582772e-02	7.325248816288477960e-02	-1.565922186029575780e-01	7.238613726153926564e-02	-5.899348626769122805e-02	1.570653340595592681e-02	-1.574574804753060137e-02	5.223022184002129586e-02	-4.028073959154789691e-02	6.545049080874762448e-02
-1.536917450382921102e-01	1.771454894388051760e-01	-1.719508602499144612e-01	2.181593296758846390e-01	-2.007165957704170334e-01	1.257492978339746492e-01	-2.153889591980537310e-01	2.683683841869545228e-01	-5.563532289130000974e-01	1.163709487727910413e-01	-1.938819943680284152e-01	1.935131499792576704e-01	-4.418134575981583767e-01	1.000000000000001998e+00	-1.421482711577261582e-01	1.314477887119246680e-01	-1.325151052770298099e-01	2.835543719207905822e-01	-5.383668919023013588e-01	2.283627339415245927e-01	-7.111374024105319991e-02	6.854798723491734025e-02	-1.324713751321447419e-01	1.425154014109923928e-01	-1.396357519567901773e-01	8.013130158096076761e-02	-6.050019824609760566e-02	1.239914709756684136e-01	-7.157639814039457038e-02	5.934472783379256267e-02	-1.373215662990074498e-02	1.370368667464022180e-02	-5.109513465274216626e-02	3.949298523202503935e-02	-6.664139299002390382e-02
9.632800915986523826e-02	-1.395923941058097306e-01	1.243864799956148209e-01	-2.050064113926862996e-01	3.024410335579487130e-01	-7.780078209669859246e-02	1.195549155562665444e-01	-1.272328861907201791e-01	1.508250697766632675e-01	-7.720683758670319197e-01	1.109519751605457238e-01	-1.089667007684647360e-01	1.246539498474164148e-01	-1.421482711577261582e-01	1.000000000000001110e+00	-7.651167357124444290e-02	7.156738533039323780e-02	-1.266279934247419858e-01	1.444523740309178184e-01	-4.438606749590172096e-01	4.803834758997914400e-02	-4.637220019520699177e-02	8.688704556639247067e-02	-1.053099035925647714e-01	1.089170239006577307e-01	-6.475479721839866309e-02	4.693469091279087874e-02	-9.428146378697584151e-02	7.245370237284974591e-02	-5.287752916629531730e-02	1.207858501390524954e-02	-1.204705133636123707e-02	5.318387825080739262e-02	-3.922130064587783793e-02	5.868264354579058595e-02
-1.386311462026037222e-01	1.100657931189201605e-01	-9.347955844196002839e-02	1.090945788648239184e-01	-1.091405785286676255e-01	1.177814511169613249e-01	-1.407368690698472535e-01	1.270909559100257546e-01	-1.248194679887597164e-01	6.053073127196232500e-02	-3.230000982191932879e-01	2.370829553378205334e-01	-1.885731672542048376e-01	1.314477887119246680e-01	-7.651167357124444290e-02	1.000000000000002665e+00	-8.541176501723131143e-01	2.065514255147712086e-01	-1.699930097022660513e-01	1.339884635312611483e-01	-1.360016597590753828e-01	1.214963772875640724e-01	-1.124037212560765053e-01	8.674822779064962630e-02	-8.636847494475861919e-02	6.918004620303830343e-02	-5.354326562559804520e-02	1.012564806510251186e-01	-4.893397972049001732e-02	3.903389456198880919e-02	-1.114113440351238195e-02	1.110182358666982061e-02	-3.536116622692467293e-02	2.710014668212835931e-02	-4.406962689126535382e-02
1.170060438923957585e-01	-1.073030565820560917e-01	8.850756189802054530e-02	-1.060071950874948293e-01	1.012732171893687416e-01	-1.038134708037283527e-01	1.329078225155487791e-01	-1.257404705854516802e-01	1.183299507203966344e-01	-5.732685124453756192e-02	2.345801350343277303e-01	-2.912453953244186211e-01	1.824908447055071103e-01	-1.325151052770298099e-01	7.156738533039323780e-02	-8.541176501723131143e-01	1.000000000000000888e+00	-2.758741264550219618e-01	1.623958932833026725e-01	-1.333280819372054948e-01	1.243008089202754102e-01	-1.372292016811257620e-01	1.130079779427954761e-01	-8.653079664132644344e-02	8.308807631899028934e-02	-7.042538837064386825e-02	5.370280376862541366e-02	-1.052023734969140673e-01	4.629890375261737356e-02	-3.746566741217752933e-02	1.095515277867626508e-02	-1.094884766119641299e-02	3.346961704630278117e-02	-2.579774083649904320e-02	4.191158242451245575e-02
-1.562023002991167753e-01	1.575634720328208671e-01	-1.445999666495846880e-01	1.719819126251954378e-01	-1.763541721807572460e-01	1.266378988063804889e-01	-1.966999732910265364e-01	2.217882728488230759e-01	-2.339633980064110275e-01	9.886695086294568224e-02	-2.259018335154803492e-01	2.211719425250381066e-01	-5.623603888931614225e-01	2.835543719207905822e-01	-1.266279934247419858e-01	2.065514255147712086e-01	-2.758741264550219618e-01	1.000000000000001776e+00	-5.554206008986101173e-01	2.247978307985629143e-01	-1.098778395078062048e-01	1.070115101602537450e-01	-2.594792964085519404e-01	1.727363174127572176e-01	-1.657666058378119978e-01	1.103042893833712790e-01	-8.666146635820272393e-02	1.834519396879263631e-01	-7.961120199783508489e-02	6.820577459331714221e-02	-1.766068889808300457e-02	1.763787550892866735e-02	-5.658955259816766947e-02	4.436569194338740862e-02	-7.644519688891035503e-02
1.399756758580741056e-01	-1.696022722199527488e-01	1.488045392708771397e-01	-2.013846448310715465e-01	1.917871595674205121e-01	-1.168842398463154214e-01	1.811644172517175300e-01	-2.253664746213864811e-01	2.545988798204003034e-01	-1.148229564513951750e-01	1.836374115505794435e-01	-1.937080800654821522e-01	3.007622803143004120e-01	-5.383668919023013588e-01	1.444523740309178184e-01	-1.699930097022660513e-01	1.623958932833026725e-01	-5.554206008986101173e-01	1.000000000000002220e+00	-3.490696262747882139e-01	9.153615057993683135e-02	-9.143752434979914023e-02	1.849919420956702143e-01	-2.516721924621676543e-01	1.927296196000226891e-01	-1.100813751832652732e-01	8.229544875464786524e-02	-1.777640289848038124e-01	8.714505656285784219e-02	-7.862918070035383733e-02	1.774705096125910389e-02	-1.777999523202117294e-02	6.147580614632228158e-02	-4.892310073388404790e-02	8.540489912535439987e-02
-1.962063208831776873e-01	1.933217438079652684e-01	-1.956791956856972492e-01	2.446129769575949020e-01	-4.722192188369140897e-01	1.447461034327092999e-01	-2.158645885597931524e-01	2.010657737515051113e-01	-2.485430813419565454e-01	2.589549703589624774e-01	-2.237970614217987264e-01	1.895914893835025650e-01	-2.365247389799728650e-01	2.283627339415245927e-01	-4.438606749590172096e-01	1.339884635312611483e-01	-1.333280819372054948e-01	2.247978307985629143e-01	-3.490696262747882139e-01	1.000000000000002442e+00	-9.201354936812930485e-02	8.597907083519243376e-02	-1.694518818018353190e-01	2.098534795829923305e-01	-2.872891909644122443e-01	1.076369900346101360e-01	-8.191191931406645310e-02	1.605702727721448897e-01	-1.526977584920592712e-01	1.156344618167031713e-01	-2.216855311365364609e-02	2.191494508836121582e-02	-1.097364368584046457e-01	8.127464014412036364e-02	-1.340498614601181859e-01
5.454727431374450930e-02	-5.358663467926247370e-02	4.706288960770405733e-02	-5.814745135995740000e-02	6.604141766316057316e-02	-4.467186081955139970e-02	6.108922493150532179e-02	-6.140837911435253343e-02	6.368618745127889447e-02	-3.670929912434778980e-02	8.339141511785073957e-02	-8.211615981671822884e-02	8.572985966527182922e-02	-7.111374024105319991e-02	4.803834758997914400e-02	-1.360016597590753828e-01	1.243008089202754102e-01	-1.098778395078062048e-01	9.153615057993683135e-02	-9.201354936812930485e-02	1.000000000000003109e+00	-9.118876245727873808e-01	2.098281063049702022e-01	-1.065833517765541055e-01	9.491489191660130997e-02	-1.793310982659860608e-01	1.265044823761108383e-01	-2.184846895953522772e-01	4.570725432917838865e-02	-4.071855819605894877e-02	2.028477907014347714e-02	-2.035822946055081822e-02	3.325112878221660184e-02	-2.680921410938414198e-02	4.475910176375238331e-02
-5.329946951742653427e-02	5.113418891507753861e-02	-4.539437742326062758e-02	5.548943356201035959e-02	-6.394227824140456817e-02	4.323471100025911423e-02	-5.937285404229884767e-02	5.918499890249208362e-02	-6.202742456370101409e-02	3.523892292620493805e-02	-8.189803315566814013e-02	7.844121360588197922e-02	-8.547478719697408633e-02	6.854798723491734025e-02	-4.637220019520699177e-02	1.214963772875640724e-01	-1.372292016811257620e-01	1.070115101602537450e-01	-9.143752434979914023e-02	8.597907083519243376e-02	-9.118876245727873808e-01	1.000000000000002665e+00	-2.731936984261923440e-01	1.042012132315535688e-01	-9.780289930869481840e-02	1.386931327711244666e-01	-1.170942095828998164e-01	1.847668959996228155e-01	-4.367944848917509892e-02	3.958355135298278343e-02	-1.803403596814496038e-02	1.791655906392594297e-02	-3.139849818798463865e-02	2.537209714841498487e-02	-4.402543094415830444e-02
8.621695179030085254e-02	-8.807708959093372980e-02	7.974330903178299124e-02	-9.912785767363203882e-02	1.177962242456681713e-01	-6.878745825333699992e-02	9.989149446036584001e-02	-1.058719333035746252e-01	1.131147578174841878e-01	-6.537017798166433469e-02	1.166457517506961500e-01	-1.125317850480138659e-01	1.590775626825105538e-01	-1.324713751321447419e-01	8.688704556639247067e-02	-1.124037212560765053e-01	1.130079779427954761e-01	-2.594792964085519404e-01	1.849919420956702143e-01	-1.694518818018353190e-01	2.098281063049702022e-01	-2.731936984261923440e-01	1.000000000000003331e+00	-3.503299080386941822e-01	2.305478351781770907e-01	-2.775381006098225356e-01	2.162681420377061681e-01	-7.104883976457774253e-01	8.939496733652403659e-02	-8.853934774877124381e-02	3.372984798556649677e-02	-3.424689559747622764e-02	6.329737992750383846e-02	-5.297072450442487368e-02	9.488510321338149145e-02
-8.542708921949090928e-02	8.909198055354204671e-02	-8.263563996015133029e-02	1.043939056769189605e-01	-1.375308801281614202e-01	6.685720086199938017e-02	-9.921135924331554723e-02	1.034875611191256595e-01	-1.194551524526211855e-01	7.595028472400212893e-02	-1.082293195629560056e-01	1.011075036997184928e-01	-1.404181846869188011e-01	1.425154014109923928e-01	-1.053099035925647714e-01	8.674822779064962630e-02	-8.653079664132644344e-02	1.727363174127572176e-01	-2.516721924621676543e-01	2.098534795829923305e-01	-1.065833517765541055e-01	1.042012132315535688e-01	-3.503299080386941822e-01	1.000000000000003109e+00	-7.941021732227070418e-01	1.267783306237311447e-01	-1.012446595080522815e-01	2.203027059916315700e-01	-1.326928744444824670e-01	1.678628839034052300e-01	-2.119911944102619017e-02	2.114965476289507040e-02	-8.135596706608590190e-02	7.487120235078360830e-02	-1.834628650811847006e-01
8.338647278934967211e-02	-9.042053559775019289e-02	8.229112301254348782e-02	-1.065339804745108615e-01	1.376146485346686765e-01	-6.590394046834754938e-02	9.704868523912056621e-02	-1.023474791429781622e-01	1.143418818484821103e-01	-7.950877194666246262e-02	1.051419826817084069e-01	-1.005245724017648223e-01	1.311428242143118927e-01	-1.396357519567901773e-01	1.089170239006577307e-01	-8.636847494475861919e-02	8.308807631899028934e-02	-1.657666058378119978e-01	1.927296196000226891e-01	-2.872891909644122443e-01	9.491489191660130997e-02	-9.780289930869481840e-02	2.305478351781770907e-01	-7.941021732227070418e-01	1.000000000000002442e+00	-1.460005191797316138e-01	1.064739841067319087e-01	-2.459308679224564143e-01	1.351452846765443527e-01	-2.545432687818114936e-01	2.285337177961087318e-02	-2.300368955352712769e-02	8.569736086208677717e-02	-8.161089648208466607e-02	1.910867409112614601e-01
-6.346612770020920724e-02	6.012562029066306768e-02	-5.613240954057183152e-02	6.796812780394312359e-02	-8.975652876897430299e-02	4.879513987932364988e-02	-6.959841552703656398e-02	6.872389790384310360e-02	-7.621765996911135377e-02	4.751265164959859316e-02	-8.332088609077539787e-02	7.390299309125210325e-02	-9.858951869721582772e-02	8.013130158096076761e-02	-6.475479721839866309e-02	6.918004620303830343e-02	-7.042538837064386825e-02	1.103042893833712790e-01	-1.100813751832652732e-01	1.076369900346101360e-01	-1.793310982659860608e-01	1.386931327711244666e-01	-2.775381006098225356e-01	1.267783306237311447e-01	-1.460005191797316138e-01	1.000000000000001776e+00	-8.580953584819221991e-01	2.693659123692147550e-01	-6.969680850810595907e-02	6.032594841846556505e-02	-7.818744403900722284e-02	7.266689722686114905e-02	-5.270735456627326232e-02	4.144820802739423299e-02	-7.024113290006382682e-02
4.611087513981685510e-02	-4.464440275205498049e-02	4.123165772760611913e-02	-5.038219694482138494e-02	6.468971065202398785e-02	-3.582281752876857739e-02	5.114956574443279419e-02	-5.126573012648469319e-02	5.623691917360715969e-02	-3.470327491074601950e-02	6.103327984359158132e-02	-5.544123130270207922e-02	7.325248816288477960e-02	-6.050019824609760566e-02	4.693469091279087874e-02	-5.354326562559804520e-02	5.370280376862541366e-02	-8.666146635820272393e-02	8.229544875464786524e-02	-8.191191931406645310e-02	1.265044823761108383e-01	-1.170942095828998164e-01	2.162681420377061681e-01	-1.012446595080522815e-01	1.064739841067319087e-01	-8.580953584819221991e-01	1.000000000000003331e+00	-4.021614425956038796e-01	5.145866831838457472e-02	-4.463732264145443135e-02	6.932731273665287963e-02	-7.387395206798175185e-02	3.981105265652321035e-02	-3.159255178352474158e-02	5.093076750765195004e-02
-9.254910143026448544e-02	8.882448782817474464e-02	-8.282686480643242088e-02	1.004017382463247565e-01	-1.298010229448706421e-01	7.158522877434213283e-02	-1.033594826447409992e-01	1.038787573004088388e-01	-1.152474170517011204e-01	6.933473550261431972e-02	-1.222494663341046894e-01	1.097326869548281569e-01	-1.565922186029575780e-01	1.239914709756684136e-01	-9.428146378697584151e-02	1.012564806510251186e-01	-1.052023734969140673e-01	1.834519396879263631e-01	-1.777640289848038124e-01	1.605702727721448897e-01	-2.184846895953522772e-01	1.847668959996228155e-01	-7.104883976457774253e-01	2.203027059916315700e-01	-2.459308679224564143e-01	2.693659123692147550e-01	-4.021614425956038796e-01	1.000000000000002442e+00	-1.023011653540795013e-01	9.277281824552639777e-02	-4.204120790854368878e-02	4.142197247258325860e-02	-7.345264311610578967e-02	5.950657401903081123e-02	-1.067897522548202083e-01
5.633856353697408448e-02	-5.949059042851079920e-02	5.415354798916837548e-02	-6.998977895836258623e-02	9.758397970232900176e-02	-4.353178905195736331e-02	6.185426037632843488e-02	-6.126916772372792419e-02	6.773360058274671691e-02	-5.370994287199588185e-02	6.789371174223131356e-02	-6.251619456439291844e-02	7.238613726153926564e-02	-7.157639814039457038e-02	7.245370237284974591e-02	-4.893397972049001732e-02	4.629890375261737356e-02	-7.961120199783508489e-02	8.714505656285784219e-02	-1.526977584920592712e-01	4.570725432917838865e-02	-4.367944848917509892e-02	8.939496733652403659e-02	-1.326928744444824670e-01	1.351452846765443527e-01	-6.969680850810595907e-02	5.145866831838457472e-02	-1.023011653540795013e-01	1.000000000000001998e+00	-3.045412155911526586e-01	3.227931203261363846e-02	-3.209371297326174544e-02	3.129807076827629819e-01	-5.313962767876380111e-01	2.402761622324499635e-01
-4.134435063917843434e-02	4.386553730805545920e-02	-4.005528092749920110e-02	5.154954923762444102e-02	-6.931501345130074154e-02	3.223184201441093438e-02	-4.667242054409206919e-02	4.748206637366864102e-02	-5.310620825459747008e-02	3.880683288526996788e-02	-5.103170909355659451e-02	4.757639502194848519e-02	-5.899348626769122805e-02	5.934472783379256267e-02	-5.287752916629531730e-02	3.903389456198880919e-02	-3.746566741217752933e-02	6.820577459331714221e-02	-7.862918070035383733e-02	1.156344618167031713e-01	-4.071855819605894877e-02	3.958355135298278343e-02	-8.853934774877124381e-02	1.678628839034052300e-01	-2.545432687818114936e-01	6.032594841846556505e-02	-4.463732264145443135e-02	9.277281824552639777e-02	-3.045412155911526586e-01	1.000000000000002442e+00	-1.752856272759489159e-02	1.736120164318447762e-02	-1.481260107403882254e-01	1.700794166388523987e-01	-8.674349241385246323e-01
1.092223857452863378e-02	-1.082658087454675677e-02	9.965934341437648197e-03	-1.240773046660621597e-02	1.660047299384581274e-02	-8.432838399175864030e-03	1.197516787831066215e-02	-1.184994844973774608e-02	1.305164132661675719e-02	-8.939960960839658105e-03	1.391776074470809157e-02	-1.258510713831445874e-02	1.570653340595592681e-02	-1.373215662990074498e-02	1.207858501390524954e-02	-1.114113440351238195e-02	1.095515277867626508e-02	-1.766068889808300457e-02	1.774705096125910389e-02	-2.216855311365364609e-02	2.028477907014347714e-02	-1.803403596814496038e-02	3.372984798556649677e-02	-2.119911944102619017e-02	2.285337177961087318e-02	-7.818744403900722284e-02	6.932731273665287963e-02	-4.204120790854368878e-02	3.227931203261363846e-02	-1.752856272759489159e-02	1.000000000000002887e+00	-9.904669014899182278e-01	5.678951253795853221e-02	-4.095632363105855545e-02	1.983432317206341305e-02
-1.092919477721804311e-02	1.079025206988116006e-02	-9.949552583092942382e-03	1.236166710988134167e-02	-1.657337418256764339e-02	8.428248130416171949e-03	-1.197186820537813993e-02	1.183131983545472263e-02	-1.304941899444375664e-02	8.906380276341293797e-03	-1.393241021182142422e-02	1.256064533631010699e-02	-1.574574804753060137e-02	1.370368667464022180e-02	-1.204705133636123707e-02	1.110182358666982061e-02	-1.094884766119641299e-02	1.763787550892866735e-02	-1.777999523202117294e-02	2.191494508836121582e-02	-2.035822946055081822e-02	1.791655906392594297e-02	-3.424689559747622764e-02	2.114965476289507040e-02	-2.300368955352712769e-02	7.266689722686114905e-02	-7.387395206798175185e-02	4.142197247258325860e-02	-3.209371297326174544e-02	1.736120164318447762e-02	-9.904669014899182278e-01	1.000000000000002887e+00	-6.057718606162329489e-02	3.999675958028263423e-02	-1.974813327558753995e-02
4.142439440798760530e-02	-4.346712499731493484e-02	3.964005172520242148e-02	-5.113313111909627978e-02	7.205150640657972949e-02	-3.190614837506648011e-02	4.518815159997399689e-02	-4.443311195958541543e-02	4.911709651094542384e-02	-3.939727802979556964e-02	4.974122185659483192e-02	-4.552517943351905294e-02	5.223022184002129586e-02	-5.109513465274216626e-02	5.318387825080739262e-02	-3.536116622692467293e-02	3.346961704630278117e-02	-5.658955259816766947e-02	6.147580614632228158e-02	-1.097364368584046457e-01	3.325112878221660184e-02	-3.139849818798463865e-02	6.329737992750383846e-02	-8.135596706608590190e-02	8.569736086208677717e-02	-5.270735456627326232e-02	3.981105265652321035e-02	-7.345264311610578967e-02	3.129807076827629819e-01	-1.481260107403882254e-01	5.678951253795853221e-02	-6.057718606162329489e-02	1.000000000000002220e+00	-7.495898368731415129e-01	1.605151180174205772e-01
-3.080816367954208185e-02	3.231114861302671060e-02	-2.949804944234807325e-02	3.795818816172315258e-02	-5.276344454892323982e-02	2.379374417979055606e-02	-3.389612323561672080e-02	3.361092568908920913e-02	-3.728552597570613386e-02	2.898795724195646697e-02	-3.733518026765043907e-02	3.427737884201605134e-02	-4.028073959154789691e-02	3.949298523202503935e-02	-3.922130064587783793e-02	2.710014668212835931e-02	-2.579774083649904320e-02	4.436569194338740862e-02	-4.892310073388404790e-02	8.127464014412036364e-02	-2.680921410938414198e-02	2.537209714841498487e-02	-5.297072450442487368e-02	7.487120235078360830e-02	-8.161089648208466607e-02	4.144820802739423299e-02	-3.159255178352474158e-02	5.950657401903081123e-02	-5.313962767876380111e-01	1.700794166388523987e-01	-4.095632363105855545e-02	3.999675958028263423e-02	-7.495898368731415129e-01	1.000000000000002220e+00	-2.191478790389297382e-01
4.615659861742070491e-02	-4.968043177691526535e-02	4.497082421223001780e-02	-5.832712654820521730e-02	7.699921664737111038e-02	-3.615106104279165039e-02	5.219580645136698283e-02	-5.336301373808239462e-02	5.909766071347709315e-02	-4.358071029350456260e-02	5.697710785045013299e-02	-5.363572413685896434e-02	6.545049080874762448e-02	-6.664139299002390382e-02	5.868264354579058595e-02	-4.406962689126535382e-02	4.191158242451245575e-02	-7.644519688891035503e-02	8.540489912535439987e-02	-1.340498614601181859e-01	4.475910176375238331e-02	-4.402543094415830444e-02	9.488510321338149145e-02	-1.834628650811847006e-01	1.910867409112614601e-01	-7.024113290006382682e-02	5.093076750765195004e-02	-1.067897522548202083e-01	2.402761622324499635e-01	-8.674349241385246323e-01	1.983432317206341305e-02	-1.974813327558753995e-02	1.605151180174205772e-01	-2.191478790389297382e-01	1.000000000000002220e+00
