1.000000000000000000e+00	-4.788907710142916163e-01	1.868719251213337706e-01	-1.734355772291719389e-01	1.006178378858204603e-01	-7.885628088602141261e-01	2.550618529857365813e-01	-1.686937282177720931e-01	1.242180485390285694e-01	-7.214019051310575914e-02	1.965594288046555727e-01	-1.424343869162619514e-01	1.153544881715150572e-01	-8.593126562156071235e-02	8.279192155234960104e-02	-5.009667790033727613e-02	3.892922954131657065e-02	-6.180514039629170231e-02	7.046042043684191958e-02	-8.564740353206812262e-02	4.488578355663937897e-02	-4.362716743051772705e-02	6.157304016481961184e-02	-6.134643877874196294e-02	5.602948709696819324e-02	-4.716658529410364120e-02	4.419986227580949972e-02	-5.676004552907718687e-02	5.257531152410115788e-02	-7.083722628853808545e-02	8.698760776884263690e-02	-3.945673233931513285e-02	3.514308559516914066e-02	-6.151173115177649420e-02	5.020864711825315241e-02
-4.788907710142916163e-01	9.999999999999997780e-01	-3.666539130789194245e-01	2.121300129351612884e-01	-1.366764079242348828e-01	2.901358497420721272e-01	-6.648641907388556094e-01	2.662640565338382226e-01	-1.770882229505226502e-01	9.867065987047093922e-02	-2.203624860447212230e-01	1.795482573113647840e-01	-1.669914690103974364e-01	1.128826448736270777e-01	-1.101647692427633746e-01	5.877613973267715314e-02	-4.674156455917674591e-02	7.799500029570996529e-02	-8.988706918216370079e-02	1.036573121269438180e-01	-5.379656908288089207e-02	5.212129508901650748e-02	-7.675901341956811730e-02	7.447909000569638560e-02	-6.835527338936941977e-02	5.631911234703542574e-02	-5.323612101270783908e-02	6.860578455067073422e-02	-6.395862000970897743e-02	8.413929881978793324e-02	-1.045890104209340477e-01	4.689065378292818498e-02	-4.204397933168436963e-02	7.238559933823662806e-02	-6.028071662100539796e-02
1.868719251213337706e-01	-3.666539130789194245e-01	9.999999999999995559e-01	-5.423672816478766201e-01	1.898039376336481676e-01	-2.315049904933498270e-01	2.862838180364892793e-01	-5.731519318841662436e-01	2.429427262551160926e-01	-1.437721863285978119e-01	2.514390578892720662e-01	-2.637637876949581739e-01	2.318502238714718888e-01	-1.689506979543215215e-01	1.556176497473231168e-01	-8.402553974387493019e-02	6.666898886396867285e-02	-1.146753718813848522e-01	1.288322403614198808e-01	-1.554927536892096451e-01	7.721993068977264785e-02	-7.560135381870164428e-02	1.105965819978329129e-01	-1.100716598306400174e-01	1.007547059848462739e-01	-8.235806595441221012e-02	7.740780918847821324e-02	-1.008905904506730983e-01	9.372790351120621755e-02	-1.259284648840553189e-01	1.530425954695606994e-01	-6.928260757931209435e-02	6.185713652260312057e-02	-1.079230792504797948e-01	8.885825560658743016e-02
-1.734355772291719389e-01	2.121300129351612884e-01	-5.423672816478766201e-01	9.999999999999995559e-01	-3.615048889904840523e-01	1.897290425130075397e-01	-2.377945934690751939e-01	2.795333900055744225e-01	-4.152744583155914548e-01	2.228591500638673339e-01	-4.190251946579716114e-01	2.477529135320202247e-01	-2.374304999370075164e-01	1.972585543375314221e-01	-2.099759706584126417e-01	1.125884175971529622e-01	-9.029950912284791242e-02	1.396677563433436631e-01	-1.675667612657892880e-01	1.934452022656109882e-01	-1.072836725908972999e-01	1.009052618941442686e-01	-1.460555177764255030e-01	1.404530896764698555e-01	-1.302787194282456762e-01	1.111475663519678608e-01	-1.051348516483637807e-01	1.309274441578003878e-01	-1.228685358743979994e-01	1.587117452744816193e-01	-2.434040121290825254e-01	9.232512751355029246e-02	-8.340036521652224866e-02	1.388406101068754839e-01	-1.181560004755614901e-01
1.006178378858204603e-01	-1.366764079242348828e-01	1.898039376336481676e-01	-3.615048889904840523e-01	9.999999999999993339e-01	-1.284185301591100059e-01	1.400172705143634677e-01	-1.949493871891440633e-01	3.239285672078526801e-01	-7.005264186990755038e-01	2.197920840089952477e-01	-2.125981146048537829e-01	1.786853176444283264e-01	-2.302321124617125736e-01	2.341695280388859657e-01	-1.023805244409711213e-01	8.005823937346827346e-02	-1.345632454869579164e-01	1.551093849179927542e-01	-2.372064185817740756e-01	9.443533316754161577e-02	-9.395878914466161691e-02	1.340307001429911771e-01	-1.472799882049251607e-01	1.417944407547560848e-01	-1.045575121376191574e-01	9.737410366775857418e-02	-1.300955558148937097e-01	1.230231944534995320e-01	-1.816103719169012976e-01	1.851466699337654953e-01	-9.201631271741704532e-02	8.120310431519549288e-02	-1.513811592317575450e-01	1.209098816212805932e-01
-7.885628088602141261e-01	2.901358497420721272e-01	-2.315049904933498270e-01	1.897290425130075397e-01	-1.284185301591100059e-01	9.999999999999997780e-01	-3.341936054525523336e-01	1.882544222263245748e-01	-1.583302574458811673e-01	8.985986083751848486e-02	-3.129754414381295535e-01	1.662190953339989508e-01	-1.416465565650129321e-01	1.033501427883701390e-01	-1.021111529766310505e-01	6.143215624323786900e-02	-4.794395769124028261e-02	7.442793613834365607e-02	-8.593587236738975399e-02	1.015508407070471325e-01	-5.502048468731128572e-02	5.289995438283787849e-02	-7.483356674150201671e-02	7.334757897237219326e-02	-6.708538181664353006e-02	5.685413626152488464e-02	-5.352497402831926654e-02	6.807636030114039283e-02	-6.320877270284759597e-02	8.382194367277669145e-02	-1.058079849024314567e-01	4.713988438348166998e-02	-4.214590531104785154e-02	7.285067007615823875e-02	-6.009061282135862159e-02
2.550618529857365813e-01	-6.648641907388556094e-01	2.862838180364892793e-01	-2.377945934690751939e-01	1.400172705143634677e-01	-3.341936054525523336e-01	9.999999999999993339e-01	-4.862240250884462545e-01	1.854544792618799398e-01	-1.082375280999887251e-01	2.141613093025207248e-01	-2.471786115966513042e-01	2.015496200936648663e-01	-1.335801155383145034e-01	1.228381740687820439e-01	-6.501052109574916027e-02	5.163395777790052293e-02	-8.986398673298810758e-02	1.009020239160990651e-01	-1.181765740318196645e-01	5.915206534640973096e-02	-5.800392683407469552e-02	8.575530479322909794e-02	-8.413708189540045068e-02	7.690894467443555593e-02	-6.267957593522614779e-02	5.908503158439930292e-02	-7.714516195339730931e-02	7.165893159881081553e-02	-9.531264366304111058e-02	1.130402615760819907e-01	-5.242213450518150297e-02	4.686109352566780045e-02	-8.149810780932699450e-02	6.733050584331973232e-02
-1.686937282177720931e-01	2.662640565338382226e-01	-5.731519318841662436e-01	2.795333900055744225e-01	-1.949493871891440633e-01	1.882544222263245748e-01	-4.862240250884462545e-01	9.999999999999995559e-01	-3.203561425232416826e-01	1.557805319255623766e-01	-2.421809019113534411e-01	2.633335223716470330e-01	-3.950659438017423142e-01	1.832583300286657613e-01	-1.715107793289090965e-01	7.781461043712985248e-02	-6.298277013430493565e-02	1.173482240222616935e-01	-1.329863133580095336e-01	1.458371010908303955e-01	-7.168786754513213622e-02	7.037959753616630787e-02	-1.094947294222876344e-01	1.039319568628548074e-01	-9.551390095723895357e-02	7.585455196323563631e-02	-7.209445062220368183e-02	9.479781391312554206e-02	-8.856780106574946299e-02	1.151946617502628001e-01	-1.358981200648222420e-01	6.320190282171347929e-02	-5.681148267660705159e-02	9.755746207403270809e-02	-8.189815589824271658e-02
1.242180485390285694e-01	-1.770882229505226502e-01	2.429427262551160926e-01	-4.152744583155914548e-01	3.239285672078526801e-01	-1.583302574458811673e-01	1.854544792618799398e-01	-3.203561425232416826e-01	9.999999999999988898e-01	-5.593263185719121733e-01	2.515774989325000877e-01	-2.532179346354630489e-01	2.201676059166789434e-01	-2.729841582024383206e-01	2.463671412815399697e-01	-1.118949898753686112e-01	8.773613701101604101e-02	-1.502451924422089913e-01	1.721253270020658976e-01	-2.466946205622234378e-01	1.029610324989380377e-01	-1.024115939440055634e-01	1.470613648565503584e-01	-1.585574201334005728e-01	1.503922536856179826e-01	-1.134814987498288102e-01	1.057860201598171401e-01	-1.411803627770675806e-01	1.326435168846908652e-01	-1.918329916664767709e-01	2.009988291214885037e-01	-9.893491325991973784e-02	8.743778531227217043e-02	-1.609550943898432340e-01	1.290885865403293420e-01
-7.214019051310575914e-02	9.867065987047093922e-02	-1.437721863285978119e-01	2.228591500638673339e-01	-7.005264186990755038e-01	8.985986083751848486e-02	-1.082375280999887251e-01	1.557805319255623766e-01	-5.593263185719121733e-01	1.000000000000000444e+00	-1.561844736044536441e-01	1.557750188049071283e-01	-1.457876981670491734e-01	2.034560751285270086e-01	-2.983668737065124921e-01	6.991632080049202391e-02	-5.564293563755473571e-02	9.926397734723214905e-02	-1.194609312347045260e-01	1.707229679359958674e-01	-6.495299433764467611e-02	6.449197356236653633e-02	-9.659258953654407953e-02	1.030948958088558493e-01	-1.034463072002226869e-01	7.113136217946720852e-02	-6.706198410137308163e-02	9.002021723585236501e-02	-8.623398991705345795e-02	1.222620503633392447e-01	-1.242269026461680775e-01	6.163726709193514952e-02	-5.497342170101425507e-02	9.985878308968720862e-02	-8.292520556366206330e-02
1.965594288046555727e-01	-2.203624860447212230e-01	2.514390578892720662e-01	-4.190251946579716114e-01	2.197920840089952477e-01	-3.129754414381295535e-01	2.141613093025207248e-01	-2.421809019113534411e-01	2.515774989325000877e-01	-1.561844736044536441e-01	1.000000000000001776e+00	-4.550081886468296255e-01	2.578634156090006679e-01	-2.158939030890816013e-01	2.016653326234169319e-01	-1.754153611243059463e-01	1.239794391821596869e-01	-1.702910095504655830e-01	1.887010736334036876e-01	-2.503479557900110675e-01	1.400900631058210888e-01	-1.372187081667053110e-01	1.728342707471660633e-01	-1.795271624026146817e-01	1.617787477936690754e-01	-1.454085179558824437e-01	1.338163096460391610e-01	-1.689151160005463170e-01	1.534945269491115039e-01	-2.149874880318745074e-01	2.564581230379696652e-01	-1.207277554282495530e-01	1.060622758423988288e-01	-1.905918992247334631e-01	1.493488935009576468e-01
-1.424343869162619514e-01	1.795482573113647840e-01	-2.637637876949581739e-01	2.477529135320202247e-01	-2.125981146048537829e-01	1.662190953339989508e-01	-2.471786115966513042e-01	2.633335223716470330e-01	-2.532179346354630489e-01	1.557750188049071283e-01	-4.550081886468296255e-01	9.999999999999991118e-01	-6.685042546500900018e-01	2.462426564434312959e-01	-2.484327116715541461e-01	1.074326098705064292e-01	-8.949888915031287140e-02	1.651458537381089164e-01	-1.923743490075756901e-01	1.848195216655954265e-01	-9.813058653444327317e-02	9.577680460501311610e-02	-1.554838176431159735e-01	1.374926314632722579e-01	-1.261985888071033568e-01	1.006657103855681246e-01	-9.717230207742262593e-02	1.264390300117183841e-01	-1.187373181682154083e-01	1.455923484373943255e-01	-1.750735912810994499e-01	8.179080001252521381e-02	-7.434727533569707170e-02	1.232543680649490908e-01	-1.067834520751696908e-01
1.153544881715150572e-01	-1.669914690103974364e-01	2.318502238714718888e-01	-2.374304999370075164e-01	1.786853176444283264e-01	-1.416465565650129321e-01	2.015496200936648663e-01	-3.950659438017423142e-01	2.201676059166789434e-01	-1.457876981670491734e-01	2.578634156090006679e-01	-6.685042546500900018e-01	9.999999999999992228e-01	-3.989400328918317751e-01	2.395581229440621185e-01	-9.785745596062497831e-02	8.126026053685705963e-02	-2.064528357711563067e-01	1.941117829840733611e-01	-1.895534390189182739e-01	8.841662690647562883e-02	-8.971061242183071827e-02	1.507611320304402536e-01	-1.370469756147189300e-01	1.217247528889694591e-01	-9.432728928116916600e-02	9.037447563478909207e-02	-1.241004722759007639e-01	1.139778757181992425e-01	-1.425254655138337434e-01	1.510753054498921444e-01	-7.710563516442886511e-02	6.957371310213061877e-02	-1.171040259465013500e-01	9.965350120771332421e-02
-8.593126562156071235e-02	1.128826448736270777e-01	-1.689506979543215215e-01	1.972585543375314221e-01	-2.302321124617125736e-01	1.033501427883701390e-01	-1.335801155383145034e-01	1.832583300286657613e-01	-2.729841582024383206e-01	2.034560751285270086e-01	-2.158939030890816013e-01	2.462426564434312959e-01	-3.989400328918317751e-01	1.000000000000000000e+00	-7.094294469681893256e-01	9.747504783809153583e-02	-8.212780686316624446e-02	1.870418180311264056e-01	-2.974872247896868105e-01	2.388351071645933021e-01	-9.162240664340551288e-02	9.183691511853415979e-02	-1.616951594111639134e-01	1.566088370590944523e-01	-1.576106353740300003e-01	9.829305988695898055e-02	-9.582210397274089353e-02	1.325745655033052639e-01	-1.293598309875644281e-01	1.577863766748702212e-01	-1.581382177452004545e-01	8.103017703437527530e-02	-7.427424943240303057e-02	1.239198735097554877e-01	-1.129091450994182122e-01
8.279192155234960104e-02	-1.101647692427633746e-01	1.556176497473231168e-01	-2.099759706584126417e-01	2.341695280388859657e-01	-1.021111529766310505e-01	1.228381740687820439e-01	-1.715107793289090965e-01	2.463671412815399697e-01	-2.983668737065124921e-01	2.016653326234169319e-01	-2.484327116715541461e-01	2.395581229440621185e-01	-7.094294469681893256e-01	9.999999999999988898e-01	-9.890097842851430787e-02	8.102655684158656391e-02	-1.711913817087069023e-01	2.119933736015932046e-01	-3.890639457899944254e-01	9.243365956262025729e-02	-9.303115359603675305e-02	1.516461239874288269e-01	-1.670350817921175401e-01	1.849848135525543613e-01	-1.011933292557028463e-01	9.740696358921467624e-02	-1.360154983737310586e-01	1.348041178968132636e-01	-1.913633041013957370e-01	1.615802618884194242e-01	-8.637859700349413694e-02	7.834165806320829428e-02	-1.397891497400490235e-01	1.241752596103005146e-01
-5.009667790033727613e-02	5.877613973267715314e-02	-8.402553974387493019e-02	1.125884175971529622e-01	-1.023805244409711213e-01	6.143215624323786900e-02	-6.501052109574916027e-02	7.781461043712985248e-02	-1.118949898753686112e-01	6.991632080049202391e-02	-1.754153611243059463e-01	1.074326098705064292e-01	-9.785745596062497831e-02	9.747504783809153583e-02	-9.890097842851430787e-02	9.999999999999997780e-01	-7.056061584558532829e-01	1.547989904273911477e-01	-1.662823318142438722e-01	1.213311432806667561e-01	-5.003367088342066671e-01	3.214863320051848383e-01	-1.856071925738780048e-01	1.317886423255285877e-01	-9.553978125705393787e-02	2.230287928979621248e-01	-2.295593165696164506e-01	1.636481083990727892e-01	-1.322355722635269182e-01	1.161759745317236664e-01	-1.783406132950642320e-01	9.814129689183359595e-02	-9.204470066023254238e-02	1.086043894365402163e-01	-9.557670890669546504e-02
3.892922954131657065e-02	-4.674156455917674591e-02	6.666898886396867285e-02	-9.029950912284791242e-02	8.005823937346827346e-02	-4.794395769124028261e-02	5.163395777790052293e-02	-6.298277013430493565e-02	8.773613701101604101e-02	-5.564293563755473571e-02	1.239794391821596869e-01	-8.949888915031287140e-02	8.126026053685705963e-02	-8.212780686316624446e-02	8.102655684158656391e-02	-7.056061584558532829e-01	9.999999999999956701e-01	-1.696847017247348488e-01	1.431817933800446918e-01	-1.034005075159635939e-01	2.945013587980357395e-01	-5.780797084708544364e-01	1.625430328661900958e-01	-1.166129257060326829e-01	8.049759883709996233e-02	-2.000340502890877448e-01	1.959418302118148547e-01	-1.496285837406527430e-01	1.113780964534294982e-01	-9.916078930327970609e-02	1.338716463052662953e-01	-8.486435597262262376e-02	7.726407772059293300e-02	-9.195884543449561743e-02	7.876884550945592589e-02
-6.180514039629170231e-02	7.799500029570996529e-02	-1.146753718813848522e-01	1.396677563433436631e-01	-1.345632454869579164e-01	7.442793613834365607e-02	-8.986398673298810758e-02	1.173482240222616935e-01	-1.502451924422089913e-01	9.926397734723214905e-02	-1.702910095504655830e-01	1.651458537381089164e-01	-2.064528357711563067e-01	1.870418180311264056e-01	-1.711913817087069023e-01	1.547989904273911477e-01	-1.696847017247348488e-01	9.999999999999995559e-01	-6.767479315733931911e-01	1.856074738346573105e-01	-1.393228462490331276e-01	1.555449093487727696e-01	-5.491405527873640668e-01	2.327507865057999725e-01	-1.456716511010508197e-01	1.439841698696720240e-01	-1.506633023541835426e-01	2.300861537207670726e-01	-1.965779407562790182e-01	1.600748370443086654e-01	-1.625089689245752533e-01	1.049521632953722694e-01	-9.931054954285412073e-02	1.329782947893648759e-01	-1.192124615833630163e-01
7.046042043684191958e-02	-8.988706918216370079e-02	1.288322403614198808e-01	-1.675667612657892880e-01	1.551093849179927542e-01	-8.593587236738975399e-02	1.009020239160990651e-01	-1.329863133580095336e-01	1.721253270020658976e-01	-1.194609312347045260e-01	1.887010736334036876e-01	-1.923743490075756901e-01	1.941117829840733611e-01	-2.974872247896868105e-01	2.119933736015932046e-01	-1.662823318142438722e-01	1.431817933800446918e-01	-6.767479315733931911e-01	9.999999999999960032e-01	-2.745537290891704729e-01	1.443030086422642244e-01	-1.609880571688725726e-01	3.005601046171800794e-01	-3.554936572006548445e-01	1.889319737155393808e-01	-1.650002139439358806e-01	1.584074819723611804e-01	-2.573333977868656475e-01	2.234707139493573580e-01	-2.110269144550112053e-01	1.817870525562213513e-01	-1.239210201733968592e-01	1.125628197811728015e-01	-1.671530461094999642e-01	1.446959424926415605e-01
-8.564740353206812262e-02	1.036573121269438180e-01	-1.554927536892096451e-01	1.934452022656109882e-01	-2.372064185817740756e-01	1.015508407070471325e-01	-1.181765740318196645e-01	1.458371010908303955e-01	-2.466946205622234378e-01	1.707229679359958674e-01	-2.503479557900110675e-01	1.848195216655954265e-01	-1.895534390189182739e-01	2.388351071645933021e-01	-3.890639457899944254e-01	1.213311432806667561e-01	-1.034005075159635939e-01	1.856074738346573105e-01	-2.745537290891704729e-01	9.999999999999991118e-01	-1.239973154281453632e-01	1.182314191633840605e-01	-2.129080885288311964e-01	2.378277263896863836e-01	-6.065897682905428967e-01	1.312475015957895452e-01	-1.330043440850577907e-01	1.786818321015085920e-01	-2.134955402737677699e-01	2.945040376118238656e-01	-2.409031023198016930e-01	1.152587936656184059e-01	-1.097141538874610023e-01	1.918296575178376484e-01	-2.194445768839597410e-01
4.488578355663937897e-02	-5.379656908288089207e-02	7.721993068977264785e-02	-1.072836725908972999e-01	9.443533316754161577e-02	-5.502048468731128572e-02	5.915206534640973096e-02	-7.168786754513213622e-02	1.029610324989380377e-01	-6.495299433764467611e-02	1.400900631058210888e-01	-9.813058653444327317e-02	8.841662690647562883e-02	-9.162240664340551288e-02	9.243365956262025729e-02	-5.003367088342066671e-01	2.945013587980357395e-01	-1.393228462490331276e-01	1.443030086422642244e-01	-1.239973154281453632e-01	9.999999999999964473e-01	-5.560368707037759428e-01	1.787057633824148395e-01	-1.402678924912457159e-01	9.738067802953118135e-02	-5.086530168614146197e-01	2.847523585230355980e-01	-1.965494624383587463e-01	1.384832207055655406e-01	-1.232559173294530547e-01	1.778118643108052288e-01	-1.149133005205907887e-01	1.027416096433885484e-01	-1.179142896221930248e-01	9.898864642377297463e-02
-4.362716743051772705e-02	5.212129508901650748e-02	-7.560135381870164428e-02	1.009052618941442686e-01	-9.395878914466161691e-02	5.289995438283787849e-02	-5.800392683407469552e-02	7.037959753616630787e-02	-1.024115939440055634e-01	6.449197356236653633e-02	-1.372187081667053110e-01	9.577680460501311610e-02	-8.971061242183071827e-02	9.183691511853415979e-02	-9.303115359603675305e-02	3.214863320051848383e-01	-5.780797084708544364e-01	1.555449093487727696e-01	-1.609880571688725726e-01	1.182314191633840605e-01	-5.560368707037759428e-01	9.999999999999987788e-01	-2.217119912714130281e-01	1.399680861296704881e-01	-9.588148476738317383e-02	2.750302062869948161e-01	-3.830137878407598451e-01	1.965143971223697328e-01	-1.456493820139464768e-01	1.167650315496205765e-01	-1.704387263668828700e-01	1.104538476555317339e-01	-1.040658808680896413e-01	1.101434949067489483e-01	-9.673043847187226540e-02
6.157304016481961184e-02	-7.675901341956811730e-02	1.105965819978329129e-01	-1.460555177764255030e-01	1.340307001429911771e-01	-7.483356674150201671e-02	8.575530479322909794e-02	-1.094947294222876344e-01	1.470613648565503584e-01	-9.659258953654407953e-02	1.728342707471660633e-01	-1.554838176431159735e-01	1.507611320304402536e-01	-1.616951594111639134e-01	1.516461239874288269e-01	-1.856071925738780048e-01	1.625430328661900958e-01	-5.491405527873640668e-01	3.005601046171800794e-01	-2.129080885288311964e-01	1.787057633824148395e-01	-2.217119912714130281e-01	9.999999999999985567e-01	-3.636494943945271507e-01	1.743936839960537610e-01	-2.199454593962242299e-01	2.206103768959317146e-01	-5.130729373723789122e-01	2.673690552505406659e-01	-2.081438657411945892e-01	1.889407470554819723e-01	-1.584495729910141704e-01	1.452456428645858000e-01	-1.766250144831391089e-01	1.496668517872475346e-01
-6.134643877874196294e-02	7.447909000569638560e-02	-1.100716598306400174e-01	1.404530896764698555e-01	-1.472799882049251607e-01	7.334757897237219326e-02	-8.413708189540045068e-02	1.039319568628548074e-01	-1.585574201334005728e-01	1.030948958088558493e-01	-1.795271624026146817e-01	1.374926314632722579e-01	-1.370469756147189300e-01	1.566088370590944523e-01	-1.670350817921175401e-01	1.317886423255285877e-01	-1.166129257060326829e-01	2.327507865057999725e-01	-3.554936572006548445e-01	2.378277263896863836e-01	-1.402678924912457159e-01	1.399680861296704881e-01	-3.636494943945271507e-01	9.999999999999975575e-01	-3.384223049688436791e-01	1.562775962466934621e-01	-1.745735800637905899e-01	2.831008872336022164e-01	-6.635892727784287182e-01	2.614006012512071209e-01	-1.961890090528627673e-01	1.284029797287770669e-01	-1.266840901403495923e-01	1.872210488351252478e-01	-1.867480150091054281e-01
5.602948709696819324e-02	-6.835527338936941977e-02	1.007547059848462739e-01	-1.302787194282456762e-01	1.417944407547560848e-01	-6.708538181664353006e-02	7.690894467443555593e-02	-9.551390095723895357e-02	1.503922536856179826e-01	-1.034463072002226869e-01	1.617787477936690754e-01	-1.261985888071033568e-01	1.217247528889694591e-01	-1.576106353740300003e-01	1.849848135525543613e-01	-9.553978125705393787e-02	8.049759883709996233e-02	-1.456716511010508197e-01	1.889319737155393808e-01	-6.065897682905428967e-01	9.738067802953118135e-02	-9.588148476738317383e-02	1.743936839960537610e-01	-3.384223049688436791e-01	1.000000000000000888e+00	-1.087646067037355280e-01	1.111274643085818081e-01	-1.666376500814323869e-01	2.268318283169424021e-01	-5.962179404446654729e-01	1.664608329401113251e-01	-1.031014134331442456e-01	9.678802426243379720e-02	-1.995104111473453290e-01	2.086045733016930193e-01
-4.716658529410364120e-02	5.631911234703542574e-02	-8.235806595441221012e-02	1.111475663519678608e-01	-1.045575121376191574e-01	5.685413626152488464e-02	-6.267957593522614779e-02	7.585455196323563631e-02	-1.134814987498288102e-01	7.113136217946720852e-02	-1.454085179558824437e-01	1.006657103855681246e-01	-9.432728928116916600e-02	9.829305988695898055e-02	-1.011933292557028463e-01	2.230287928979621248e-01	-2.000340502890877448e-01	1.439841698696720240e-01	-1.650002139439358806e-01	1.312475015957895452e-01	-5.086530168614146197e-01	2.750302062869948161e-01	-2.199454593962242299e-01	1.562775962466934621e-01	-1.087646067037355280e-01	9.999999999999973355e-01	-6.747050639855579623e-01	2.422533516604442883e-01	-1.794721106560371315e-01	1.335434513210431440e-01	-2.552269788413211726e-01	1.423258189466403423e-01	-1.362923470265557102e-01	1.296382315190816592e-01	-1.143773241407401858e-01
4.419986227580949972e-02	-5.323612101270783908e-02	7.740780918847821324e-02	-1.051348516483637807e-01	9.737410366775857418e-02	-5.352497402831926654e-02	5.908503158439930292e-02	-7.209445062220368183e-02	1.057860201598171401e-01	-6.706198410137308163e-02	1.338163096460391610e-01	-9.717230207742262593e-02	9.037447563478909207e-02	-9.582210397274089353e-02	9.740696358921467624e-02	-2.295593165696164506e-01	1.959418302118148547e-01	-1.506633023541835426e-01	1.584074819723611804e-01	-1.330043440850577907e-01	2.847523585230355980e-01	-3.830137878407598451e-01	2.206103768959317146e-01	-1.745735800637905899e-01	1.111274643085818081e-01	-6.747050639855579623e-01	9.999999999999972244e-01	-4.207785924648141940e-01	1.911611119475235543e-01	-1.407847378030968877e-01	1.890999970932079055e-01	-1.903014701181086621e-01	1.571159757046619865e-01	-1.381170399915727653e-01	1.166251471407502294e-01
-5.676004552907718687e-02	6.860578455067073422e-02	-1.008905904506730983e-01	1.309274441578003878e-01	-1.300955558148937097e-01	6.807636030114039283e-02	-7.714516195339730931e-02	9.479781391312554206e-02	-1.411803627770675806e-01	9.002021723585236501e-02	-1.689151160005463170e-01	1.264390300117183841e-01	-1.241004722759007639e-01	1.325745655033052639e-01	-1.360154983737310586e-01	1.636481083990727892e-01	-1.496285837406527430e-01	2.300861537207670726e-01	-2.573333977868656475e-01	1.786818321015085920e-01	-1.965494624383587463e-01	1.965143971223697328e-01	-5.130729373723789122e-01	2.831008872336022164e-01	-1.666376500814323869e-01	2.422533516604442883e-01	-4.207785924648141940e-01	9.999999999999980016e-01	-4.922494537838371653e-01	1.978334223737170938e-01	-2.123597299900203406e-01	1.940786216961213340e-01	-2.332943046684652355e-01	1.795183066244057379e-01	-1.630319174094492785e-01
5.257531152410115788e-02	-6.395862000970897743e-02	9.372790351120621755e-02	-1.228685358743979994e-01	1.230231944534995320e-01	-6.320877270284759597e-02	7.165893159881081553e-02	-8.856780106574946299e-02	1.326435168846908652e-01	-8.623398991705345795e-02	1.534945269491115039e-01	-1.187373181682154083e-01	1.139778757181992425e-01	-1.293598309875644281e-01	1.348041178968132636e-01	-1.322355722635269182e-01	1.113780964534294982e-01	-1.965779407562790182e-01	2.234707139493573580e-01	-2.134955402737677699e-01	1.384832207055655406e-01	-1.456493820139464768e-01	2.673690552505406659e-01	-6.635892727784287182e-01	2.268318283169424021e-01	-1.794721106560371315e-01	1.911611119475235543e-01	-4.922494537838371653e-01	9.999999999999985567e-01	-3.251394896216395214e-01	1.759858735277578246e-01	-1.475338317981634284e-01	1.414836900765602257e-01	-2.248538391838342254e-01	1.882869119398274949e-01
-7.083722628853808545e-02	8.413929881978793324e-02	-1.259284648840553189e-01	1.587117452744816193e-01	-1.816103719169012976e-01	8.382194367277669145e-02	-9.531264366304111058e-02	1.151946617502628001e-01	-1.918329916664767709e-01	1.222620503633392447e-01	-2.149874880318745074e-01	1.455923484373943255e-01	-1.425254655138337434e-01	1.577863766748702212e-01	-1.913633041013957370e-01	1.161759745317236664e-01	-9.916078930327970609e-02	1.600748370443086654e-01	-2.110269144550112053e-01	2.945040376118238656e-01	-1.232559173294530547e-01	1.167650315496205765e-01	-2.081438657411945892e-01	2.614006012512071209e-01	-5.962179404446654729e-01	1.335434513210431440e-01	-1.407847378030968877e-01	1.978334223737170938e-01	-3.251394896216395214e-01	9.999999999999976685e-01	-2.322813522060298008e-01	1.307665893323100570e-01	-1.281608973565901421e-01	2.649609187430153612e-01	-4.422760441557154198e-01
8.698760776884263690e-02	-1.045890104209340477e-01	1.530425954695606994e-01	-2.434040121290825254e-01	1.851466699337654953e-01	-1.058079849024314567e-01	1.130402615760819907e-01	-1.358981200648222420e-01	2.009988291214885037e-01	-1.242269026461680775e-01	2.564581230379696652e-01	-1.750735912810994499e-01	1.510753054498921444e-01	-1.581382177452004545e-01	1.615802618884194242e-01	-1.783406132950642320e-01	1.338716463052662953e-01	-1.625089689245752533e-01	1.817870525562213513e-01	-2.409031023198016930e-01	1.778118643108052288e-01	-1.704387263668828700e-01	1.889407470554819723e-01	-1.961890090528627673e-01	1.664608329401113251e-01	-2.552269788413211726e-01	1.890999970932079055e-01	-2.123597299900203406e-01	1.759858735277578246e-01	-2.322813522060298008e-01	9.999999999999978906e-01	-2.106444034793142628e-01	1.631418574952274159e-01	-2.414436725815744256e-01	1.777209815560741313e-01
-3.945673233931513285e-02	4.689065378292818498e-02	-6.928260757931209435e-02	9.232512751355029246e-02	-9.201631271741704532e-02	4.713988438348166998e-02	-5.242213450518150297e-02	6.320190282171347929e-02	-9.893491325991973784e-02	6.163726709193514952e-02	-1.207277554282495530e-01	8.179080001252521381e-02	-7.710563516442886511e-02	8.103017703437527530e-02	-8.637859700349413694e-02	9.814129689183359595e-02	-8.486435597262262376e-02	1.049521632953722694e-01	-1.239210201733968592e-01	1.152587936656184059e-01	-1.149133005205907887e-01	1.104538476555317339e-01	-1.584495729910141704e-01	1.284029797287770669e-01	-1.031014134331442456e-01	1.423258189466403423e-01	-1.903014701181086621e-01	1.940786216961213340e-01	-1.475338317981634284e-01	1.307665893323100570e-01	-2.106444034793142628e-01	9.999999999999984457e-01	-8.821590094964513185e-01	2.064609865866970095e-01	-1.893974024960719538e-01
3.514308559516914066e-02	-4.204397933168436963e-02	6.185713652260312057e-02	-8.340036521652224866e-02	8.120310431519549288e-02	-4.214590531104785154e-02	4.686109352566780045e-02	-5.681148267660705159e-02	8.743778531227217043e-02	-5.497342170101425507e-02	1.060622758423988288e-01	-7.434727533569707170e-02	6.957371310213061877e-02	-7.427424943240303057e-02	7.834165806320829428e-02	-9.204470066023254238e-02	7.726407772059293300e-02	-9.931054954285412073e-02	1.125628197811728015e-01	-1.097141538874610023e-01	1.027416096433885484e-01	-1.040658808680896413e-01	1.452456428645858000e-01	-1.266840901403495923e-01	9.678802426243379720e-02	-1.362923470265557102e-01	1.571159757046619865e-01	-2.332943046684652355e-01	1.414836900765602257e-01	-1.281608973565901421e-01	1.631418574952274159e-01	-8.821590094964513185e-01	9.999999999999986677e-01	-2.721874675330175908e-01	1.740183011537177471e-01
-6.151173115177649420e-02	7.238559933823662806e-02	-1.079230792504797948e-01	1.388406101068754839e-01	-1.513811592317575450e-01	7.285067007615823875e-02	-8.149810780932699450e-02	9.755746207403270809e-02	-1.609550943898432340e-01	9.985878308968720862e-02	-1.905918992247334631e-01	1.232543680649490908e-01	-1.171040259465013500e-01	1.239198735097554877e-01	-1.397891497400490235e-01	1.086043894365402163e-01	-9.195884543449561743e-02	1.329782947893648759e-01	-1.671530461094999642e-01	1.918296575178376484e-01	-1.179142896221930248e-01	1.101434949067489483e-01	-1.766250144831391089e-01	1.872210488351252478e-01	-1.995104111473453290e-01	1.296382315190816592e-01	-1.381170399915727653e-01	1.795183066244057379e-01	-2.248538391838342254e-01	2.649609187430153612e-01	-2.414436725815744256e-01	2.064609865866970095e-01	-2.721874675330175908e-01	9.999999999999986677e-01	-7.706600718531424477e-01
5.020864711825315241e-02	-6.028071662100539796e-02	8.885825560658743016e-02	-1.181560004755614901e-01	1.209098816212805932e-01	-6.009061282135862159e-02	6.733050584331973232e-02	-8.189815589824271658e-02	1.290885865403293420e-01	-8.292520556366206330e-02	1.493488935009576468e-01	-1.067834520751696908e-01	9.965350120771332421e-02	-1.129091450994182122e-01	1.241752596103005146e-01	-9.557670890669546504e-02	7.876884550945592589e-02	-1.192124615833630163e-01	1.446959424926415605e-01	-2.194445768839597410e-01	9.898864642377297463e-02	-9.673043847187226540e-02	1.496668517872475346e-01	-1.867480150091054281e-01	2.086045733016930193e-01	-1.143773241407401858e-01	1.166251471407502294e-01	-1.630319174094492785e-01	1.882869119398274949e-01	-4.422760441557154198e-01	1.777209815560741313e-01	-1.893974024960719538e-01	1.740183011537177471e-01	-7.706600718531424477e-01	9.999999999999986677e-01
