1.000000000000000000e+00	-2.198660465991960633e-01	1.366575759647356558e-01	-5.257401497173057325e-02	5.569983540312468950e-02	-9.383355875808927493e-01	1.963141177833711559e-01	-1.714011127535175483e-01	5.096760404530026323e-02	-4.305299442441759550e-02	3.386367082068743317e-02	-7.577739896782202667e-02	5.808254896225751446e-02	-4.445953976658119366e-02	3.571556942325779249e-02	-3.257395585715930353e-02	3.305668205187132364e-02	-3.771389968661909009e-02	3.707575477626681715e-02	-3.607683808693280120e-02	4.694821361355581285e-02	-3.839264522603106494e-02	3.130122625141264214e-02	-2.953073367611137867e-02	3.074925559845449741e-02	-2.563020849284412470e-02	3.012094166558584862e-02	-3.029940635087262704e-02	2.819203630763649632e-02	-2.352198177314513555e-02	3.223570883741973953e-02	-2.239321937397650841e-02	2.664853804025715811e-02	-3.337333511284693022e-02	3.845893999671743529e-02
-2.198660465991960633e-01	1.000000000000000444e+00	-6.907171986817037812e-01	1.411795291750281289e-01	-1.464516795678200145e-01	1.770250394879946398e-01	-5.604732892960747614e-01	3.269043643304973545e-01	-1.203340670818069252e-01	9.012051230714025751e-02	-5.589340989897285950e-02	1.215680297405631882e-01	-1.089555350959149627e-01	8.571344519609376544e-02	-6.981746469140816258e-02	5.165509716490409436e-02	-5.559462486002217374e-02	6.536270814134154117e-02	-6.681444422991521248e-02	6.664391381554650440e-02	-8.011182212562886762e-02	6.218282587128139138e-02	-5.427490011963725935e-02	5.168495507780186682e-02	-5.393301809949135883e-02	4.376696361515200473e-02	-5.166171175335069338e-02	5.221105628756157746e-02	-4.907038812531155925e-02	4.097511439992290033e-02	-5.513597105865380987e-02	3.833180435489320220e-02	-4.572511531720999112e-02	5.717612201110069958e-02	-6.633107413300634581e-02
1.366575759647356558e-01	-6.907171986817037812e-01	1.000000000000000666e+00	-2.089567844492332127e-01	1.568020985822861924e-01	-1.381715176189034222e-01	3.158409881468414171e-01	-5.809161988871315296e-01	1.310311561864906937e-01	-1.007386689737065910e-01	4.879058842426905324e-02	-1.108055003459494647e-01	1.125083225938248305e-01	-9.493839489578018154e-02	7.308724486173627521e-02	-4.764781110987769547e-02	5.134297368085155577e-02	-6.529393019881192528e-02	6.616857408641461935e-02	-6.998184906312218678e-02	7.162160013638374512e-02	-5.994726815640363804e-02	5.236619957011257043e-02	-5.087918650984234181e-02	5.198880246493072649e-02	-4.066492115737917190e-02	4.794338440166183435e-02	-5.056418697764595432e-02	4.730847158830520094e-02	-3.961798151380220567e-02	5.110477272044144925e-02	-3.621438831660829527e-02	4.318364276851840988e-02	-5.545084169689207948e-02	6.242743960695867900e-02
-5.257401497173057325e-02	1.411795291750281289e-01	-2.089567844492332127e-01	1.000000000000000444e+00	-7.405537861513031839e-01	5.177184741142284996e-02	-1.073778652751580659e-01	1.395827289210922750e-01	-5.221152279845605593e-01	2.654283587862355520e-01	-5.006756115646738420e-02	1.102274581528071284e-01	-1.675992234087323729e-01	1.852243239921994300e-01	-1.581999878716937313e-01	5.478384071722590398e-02	-6.180560583744451608e-02	9.664965602571655434e-02	-1.104925207985181790e-01	1.314449544543977999e-01	-8.403633772712885974e-02	7.762385041178160305e-02	-7.528278694927517667e-02	7.863687966150111064e-02	-7.886562061571938953e-02	5.298556714369848097e-02	-6.290455901332224486e-02	7.284430375335247676e-02	-7.002317157532728098e-02	5.924384557768271053e-02	-6.685601022671940064e-02	4.941304263616272396e-02	-5.927811022694677578e-02	8.025183214284298261e-02	-8.716533662311842789e-02
5.569983540312468950e-02	-1.464516795678200145e-01	1.568020985822861924e-01	-7.405537861513031839e-01	1.000000000000000444e+00	-5.663657847921048372e-02	1.094192232106529217e-01	-1.465670114971040772e-01	3.146019305545228462e-01	-4.336246011572189585e-01	6.639067761986963689e-02	-1.492838369626837969e-01	1.839859217857288676e-01	-2.228011858864676620e-01	1.995297788382700277e-01	-7.401661991145941366e-02	8.267775486569595156e-02	-1.288712567264135578e-01	1.417137924414202388e-01	-1.838626266854811453e-01	1.103220316568245818e-01	-1.060056216407868346e-01	9.870744712082538119e-02	-1.050190476721089838e-01	1.031455213600692838e-01	-7.039391931668108338e-02	8.296245507374695738e-02	-9.751299858994456893e-02	9.219485549701010585e-02	-7.857275458891653519e-02	8.834525380210461742e-02	-6.595030786998454242e-02	7.868619144819356814e-02	-1.086849933511985361e-01	1.141110243940288288e-01
-9.383355875808927493e-01	1.770250394879946398e-01	-1.381715176189034222e-01	5.177184741142284996e-02	-5.663657847921048372e-02	1.000000000000000444e+00	-2.465454732131454330e-01	1.539292814846555946e-01	-5.121058922444405442e-02	4.237094029653103860e-02	-3.430378396491346599e-02	7.353106550313995293e-02	-5.804826742336738343e-02	4.348589784705417932e-02	-3.552323335396728732e-02	3.216650178192945880e-02	-3.285191490944693732e-02	3.722054684344519582e-02	-3.702687695503679294e-02	3.551350058139050858e-02	-4.783340731560803416e-02	3.748708198322681789e-02	-3.126638157745805641e-02	2.939339104757016444e-02	-3.085412501730814064e-02	2.583691301525592454e-02	-3.041656403957354940e-02	3.021063507660289374e-02	-2.822908536857273581e-02	2.354403940264936448e-02	-3.256636036823044172e-02	2.248538444920072932e-02	-2.678128970360626679e-02	3.323908482133351022e-02	-3.877375078492251853e-02
1.963141177833711559e-01	-5.604732892960747614e-01	3.158409881468414171e-01	-1.073778652751580659e-01	1.094192232106529217e-01	-2.465454732131454330e-01	1.000000000000000888e+00	-6.746074835239208589e-01	1.015576893223236188e-01	-8.418490323629358729e-02	7.136186111671549703e-02	-1.848260946846240205e-01	1.201740055104768140e-01	-9.093466838491824633e-02	6.990985147284864420e-02	-6.485890792976745090e-02	6.887629568413380921e-02	-7.459099942585575849e-02	7.233141342403427709e-02	-7.039857426040416200e-02	9.311481266756636843e-02	-7.542157913604141672e-02	6.140682577440698120e-02	-5.726045690716743269e-02	5.949374690281213768e-02	-5.011837102610055411e-02	5.890225378327451633e-02	-5.890934137228723277e-02	5.464181835788019248e-02	-4.546763041752122786e-02	6.270511311829207735e-02	-4.343384597051327956e-02	5.167181149136515494e-02	-6.416870271160758643e-02	7.420402893055780269e-02
-1.714011127535175483e-01	3.269043643304973545e-01	-5.809161988871315296e-01	1.395827289210922750e-01	-1.465670114971040772e-01	1.539292814846555946e-01	-6.746074835239208589e-01	1.000000000000001776e+00	-1.323815730157085202e-01	1.008363611434111434e-01	-6.567152440459674001e-02	1.420923630961492268e-01	-1.577756700165537929e-01	1.085298451225091276e-01	-8.182837364737151342e-02	6.078769581369562053e-02	-6.603453257899651041e-02	7.989213570006019338e-02	-7.943435353451508418e-02	7.926649845259435556e-02	-9.424828046566190165e-02	7.382573825752405949e-02	-6.515605567971699541e-02	6.160462359279751665e-02	-6.381242846036924710e-02	5.176812370892666659e-02	-6.112824641726959107e-02	6.234559325052765194e-02	-5.826509926694776326e-02	4.857598125481474294e-02	-6.509975188547542646e-02	4.541235612287051332e-02	-5.417061782958024901e-02	6.789026289534566549e-02	-7.828445192528965535e-02
5.096760404530026323e-02	-1.203340670818069252e-01	1.310311561864906937e-01	-5.221152279845605593e-01	3.146019305545228462e-01	-5.121058922444405442e-02	1.015576893223236188e-01	-1.323815730157085202e-01	1.000000000000001776e+00	-5.518529116423126490e-01	7.408228411827842697e-02	-1.649451124716563577e-01	2.468095338207840217e-01	-4.097766709314633049e-01	2.571787584699908313e-01	-8.321578893516080877e-02	9.439264403687473715e-02	-1.534573947879218081e-01	1.714354600970066367e-01	-2.235332607260732685e-01	1.244172419417216013e-01	-1.208564237374362693e-01	1.158667999156924727e-01	-1.235082753406671480e-01	1.208647061664267636e-01	-8.038463084347019505e-02	9.502749585930031495e-02	-1.133301383985667599e-01	1.076337614689568123e-01	-9.158590750890203969e-02	1.007165441421864482e-01	-7.555268809323327506e-02	9.034288497244721827e-02	-1.247997203604997718e-01	1.312694709125309944e-01
-4.305299442441759550e-02	9.012051230714025751e-02	-1.007386689737065910e-01	2.654283587862355520e-01	-4.336246011572189585e-01	4.237094029653103860e-02	-8.418490323629358729e-02	1.008363611434111434e-01	-5.518529116423126490e-01	1.000000000000001554e+00	-6.921195330886335817e-02	1.476561482312674367e-01	-2.605070232700532062e-01	2.735734967857140765e-01	-5.276436480248014593e-01	7.728212646451416978e-02	-9.037694995216903615e-02	1.522635089859958046e-01	-2.135047285354387259e-01	2.500931195120762451e-01	-1.234108094962482055e-01	1.127676942161955076e-01	-1.213856411371694033e-01	1.317765152980376053e-01	-1.377151349882409781e-01	8.032738740756402429e-02	-9.687370149661637952e-02	1.145870949008975653e-01	-1.168274484427032495e-01	9.879286386749298876e-02	-1.020239660809750259e-01	7.585225887634289288e-02	-9.215641372290041267e-02	1.240293520156133256e-01	-1.409721381673282314e-01
3.386367082068743317e-02	-5.589340989897285950e-02	4.879058842426905324e-02	-5.006756115646738420e-02	6.639067761986963689e-02	-3.430378396491346599e-02	7.136186111671549703e-02	-6.567152440459674001e-02	7.408228411827842697e-02	-6.921195330886335817e-02	1.000000000000001776e+00	-4.519041524349792782e-01	1.178866974390580663e-01	-7.864598740031235324e-02	7.494132979970796749e-02	-8.061173490498915184e-01	2.310642732899956253e-01	-1.385327962029195559e-01	1.098944023805057540e-01	-8.434165783291554253e-02	2.085827779243695501e-01	-2.376821232658408445e-01	1.134108873177564897e-01	-9.213734257429262442e-02	9.512776740144159027e-02	-1.036976850307217840e-01	1.114274874734076798e-01	-1.042312669708527345e-01	9.126659044331660031e-02	-7.368895605480579869e-02	1.143957140303018122e-01	-7.881180643970062127e-02	9.140982506231652704e-02	-1.084329219667863331e-01	1.242207230115809080e-01
-7.577739896782202667e-02	1.215680297405631882e-01	-1.108055003459494647e-01	1.102274581528071284e-01	-1.492838369626837969e-01	7.353106550313995293e-02	-1.848260946846240205e-01	1.420923630961492268e-01	-1.649451124716563577e-01	1.476561482312674367e-01	-4.519041524349792782e-01	1.000000000000001554e+00	-2.633549559870050905e-01	1.671900963425961562e-01	-1.614592907048388315e-01	2.894469596905032138e-01	-3.557710509150393552e-01	2.332123776895499434e-01	-2.245780022275767340e-01	1.726098259042393723e-01	-4.214344284730962009e-01	2.757890389606838522e-01	-2.166339096613740800e-01	1.846875856291308737e-01	-2.043812470850391860e-01	2.000089114441773452e-01	-2.347028610239351998e-01	2.033030263661295411e-01	-1.892813559239770460e-01	1.555649670775171578e-01	-2.489981166931613532e-01	1.627489423186850026e-01	-1.930922554121473067e-01	2.189173415717551308e-01	-2.756845819047895607e-01
5.808254896225751446e-02	-1.089555350959149627e-01	1.125083225938248305e-01	-1.675992234087323729e-01	1.839859217857288676e-01	-5.804826742336738343e-02	1.201740055104768140e-01	-1.577756700165537929e-01	2.468095338207840217e-01	-2.605070232700532062e-01	1.178866974390580663e-01	-2.633549559870050905e-01	1.000000000000005107e+00	-6.721871541466031275e-01	2.577038885370954158e-01	-1.344190570213023572e-01	1.584870547489908021e-01	-3.136973014945171889e-01	2.375773675433232035e-01	-2.785397085407204654e-01	1.902639360432654136e-01	-2.019392679226869047e-01	1.934853742673350030e-01	-1.860887160929076134e-01	1.716809340314774668e-01	-1.250046062126713431e-01	1.470533385756609412e-01	-1.835184908497847489e-01	1.611412450071406932e-01	-1.340951287524501656e-01	1.537530291991852649e-01	-1.169213829518602477e-01	1.390288791072787911e-01	-1.913800218332638581e-01	1.928346128811040949e-01
-4.445953976658119366e-02	8.571344519609376544e-02	-9.493839489578018154e-02	1.852243239921994300e-01	-2.228011858864676620e-01	4.348589784705417932e-02	-9.093466838491824633e-02	1.085298451225091276e-01	-4.097766709314633049e-01	2.735734967857140765e-01	-7.864598740031235324e-02	1.671900963425961562e-01	-6.721871541466031275e-01	1.000000000000003775e+00	-4.177605673029994859e-01	8.794977229698613952e-02	-1.055188246808157343e-01	1.889447627321469425e-01	-2.305827428367437648e-01	2.430521020591917825e-01	-1.365633680414667928e-01	1.299779273318181494e-01	-1.423274637118404629e-01	1.439424376099288638e-01	-1.432939011338186519e-01	8.925962214607821577e-02	-1.075411358305955606e-01	1.294246113728928504e-01	-1.267744534903858800e-01	1.052618945454049104e-01	-1.123138864791573543e-01	8.394671019405369750e-02	-1.017514623699979082e-01	1.361901996975131701e-01	-1.503947020548093427e-01
3.571556942325779249e-02	-6.981746469140816258e-02	7.308724486173627521e-02	-1.581999878716937313e-01	1.995297788382700277e-01	-3.552323335396728732e-02	6.990985147284864420e-02	-8.182837364737151342e-02	2.571787584699908313e-01	-5.276436480248014593e-01	7.494132979970796749e-02	-1.614592907048388315e-01	2.577038885370954158e-01	-4.177605673029994859e-01	1.000000000000002887e+00	-8.510204033585318240e-02	1.008286599230758945e-01	-1.825478119470453076e-01	2.478664335108992645e-01	-5.791561063047130364e-01	1.296883771969729038e-01	-1.276868794170420429e-01	1.352329333474676931e-01	-1.589510107769728786e-01	1.558365795958471800e-01	-8.703125532675348719e-02	1.039284626757814994e-01	-1.305017108997690023e-01	1.299976036380038891e-01	-1.145431873368901177e-01	1.083415092225232523e-01	-8.266772010059315889e-02	9.967311863494583701e-02	-1.389387483215041852e-01	1.476980312607806267e-01
-3.257395585715930353e-02	5.165509716490409436e-02	-4.764781110987769547e-02	5.478384071722590398e-02	-7.401661991145941366e-02	3.216650178192945880e-02	-6.485890792976745090e-02	6.078769581369562053e-02	-8.321578893516080877e-02	7.728212646451416978e-02	-8.061173490498915184e-01	2.894469596905032138e-01	-1.344190570213023572e-01	8.794977229698613952e-02	-8.510204033585318240e-02	1.000000000000002665e+00	-3.324737060651933307e-01	1.523295871004654023e-01	-1.265451039477394624e-01	9.489860356041440737e-02	-2.884382319587694976e-01	2.316754627263911959e-01	-1.308712234791332141e-01	1.046421562988412296e-01	-1.097053798834327909e-01	1.233661651816644889e-01	-1.333735177675368921e-01	1.186939846722740860e-01	-1.050274013179434140e-01	8.458337981727283295e-02	-1.351100503765220173e-01	9.153050361606697438e-02	-1.061519249847845403e-01	1.233735469969799436e-01	-1.439454418285375514e-01
3.305668205187132364e-02	-5.559462486002217374e-02	5.134297368085155577e-02	-6.180560583744451608e-02	8.267775486569595156e-02	-3.285191490944693732e-02	6.887629568413380921e-02	-6.603453257899651041e-02	9.439264403687473715e-02	-9.037694995216903615e-02	2.310642732899956253e-01	-3.557710509150393552e-01	1.584870547489908021e-01	-1.055188246808157343e-01	1.008286599230758945e-01	-3.324737060651933307e-01	1.000000000000003109e+00	-3.188140180698548765e-01	1.664911565282984063e-01	-1.181859766778803889e-01	2.138028589268806123e-01	-7.607173780344835823e-01	1.910061546750380645e-01	-1.319200361273525635e-01	1.261604927164025058e-01	-1.158563982803026277e-01	1.367108705054814743e-01	-1.478399570781754324e-01	1.250247816496165287e-01	-9.767963541973692654e-02	1.371339121407786910e-01	-9.671346683663571697e-02	1.160967285862602727e-01	-1.355893151696720145e-01	1.555778351614799104e-01
-3.771389968661909009e-02	6.536270814134154117e-02	-6.529393019881192528e-02	9.664965602571655434e-02	-1.288712567264135578e-01	3.722054684344519582e-02	-7.459099942585575849e-02	7.989213570006019338e-02	-1.534573947879218081e-01	1.522635089859958046e-01	-1.385327962029195559e-01	2.332123776895499434e-01	-3.136973014945171889e-01	1.889447627321469425e-01	-1.825478119470453076e-01	1.523295871004654023e-01	-3.188140180698548765e-01	1.000000000000003109e+00	-4.351724888576447570e-01	2.229439843493054019e-01	-2.254169901647408714e-01	2.520607316060021197e-01	-5.873364624050473326e-01	2.525742065761296673e-01	-2.142712593720954017e-01	1.549517020882959506e-01	-2.033051224337535101e-01	2.694534190314568645e-01	-2.281743010359217616e-01	1.636991189488772591e-01	-1.889898763143627869e-01	1.430981865277603515e-01	-1.824615031150434441e-01	2.086197565677988530e-01	-2.306999304343954893e-01
3.707575477626681715e-02	-6.681444422991521248e-02	6.616857408641461935e-02	-1.104925207985181790e-01	1.417137924414202388e-01	-3.702687695503679294e-02	7.233141342403427709e-02	-7.943435353451508418e-02	1.714354600970066367e-01	-2.135047285354387259e-01	1.098944023805057540e-01	-2.245780022275767340e-01	2.375773675433232035e-01	-2.305827428367437648e-01	2.478664335108992645e-01	-1.265451039477394624e-01	1.664911565282984063e-01	-4.351724888576447570e-01	1.000000000000001554e+00	-5.531610111100092597e-01	1.880364202963360487e-01	-2.038259305096389029e-01	2.526138278045089725e-01	-4.280930911861510202e-01	2.393356421784222920e-01	-1.344441659922783472e-01	1.620947352951324083e-01	-2.317940008271235086e-01	2.362926033130169079e-01	-1.861459875127640662e-01	1.620938904376870715e-01	-1.282987309951902077e-01	1.557873992982372335e-01	-2.186741097611926143e-01	2.185997191976042919e-01
-3.607683808693280120e-02	6.664391381554650440e-02	-6.998184906312218678e-02	1.314449544543977999e-01	-1.838626266854811453e-01	3.551350058139050858e-02	-7.039857426040416200e-02	7.926649845259435556e-02	-2.235332607260732685e-01	2.500931195120762451e-01	-8.434165783291554253e-02	1.726098259042393723e-01	-2.785397085407204654e-01	2.430521020591917825e-01	-5.791561063047130364e-01	9.489860356041440737e-02	-1.181859766778803889e-01	2.229439843493054019e-01	-5.531610111100092597e-01	1.000000000000002442e+00	-1.548339915387617061e-01	1.431236061814790683e-01	-1.799526266117943418e-01	2.227598892337342429e-01	-2.627005198588607260e-01	1.055484862862244438e-01	-1.297376729630655978e-01	1.630169769446408734e-01	-1.856983562977735924e-01	1.621075126068148298e-01	-1.330869944412857442e-01	1.010476687681942098e-01	-1.246428543944944622e-01	1.693718392625603308e-01	-1.992718553013815286e-01
4.694821361355581285e-02	-8.011182212562886762e-02	7.162160013638374512e-02	-8.403633772712885974e-02	1.103220316568245818e-01	-4.783340731560803416e-02	9.311481266756636843e-02	-9.424828046566190165e-02	1.244172419417216013e-01	-1.234108094962482055e-01	2.085827779243695501e-01	-4.214344284730962009e-01	1.902639360432654136e-01	-1.365633680414667928e-01	1.296883771969729038e-01	-2.884382319587694976e-01	2.138028589268806123e-01	-2.254169901647408714e-01	1.880364202963360487e-01	-1.548339915387617061e-01	1.000000000000000888e+00	-2.937125790549555693e-01	2.002308812797290727e-01	-1.815548528661854455e-01	1.797459958401808333e-01	-4.785832818661936439e-01	2.854227500686469243e-01	-2.379100885552382083e-01	1.819116055047681202e-01	-1.464606331182664589e-01	2.670964005192812407e-01	-2.045842528953518147e-01	2.038545625245796744e-01	-2.688164071358308815e-01	2.397520642798794399e-01
-3.839264522603106494e-02	6.218282587128139138e-02	-5.994726815640363804e-02	7.762385041178160305e-02	-1.060056216407868346e-01	3.748708198322681789e-02	-7.542157913604141672e-02	7.382573825752405949e-02	-1.208564237374362693e-01	1.127676942161955076e-01	-2.376821232658408445e-01	2.757890389606838522e-01	-2.019392679226869047e-01	1.299779273318181494e-01	-1.276868794170420429e-01	2.316754627263911959e-01	-7.607173780344835823e-01	2.520607316060021197e-01	-2.038259305096389029e-01	1.431236061814790683e-01	-2.937125790549555693e-01	1.000000000000001998e+00	-2.389237534294155196e-01	1.611081189007978753e-01	-1.646850957487163147e-01	1.512666248864407426e-01	-1.829437120727611110e-01	1.790479153163703485e-01	-1.600249949218739143e-01	1.257592720624471083e-01	-1.849090034938530025e-01	1.262637653373614999e-01	-1.528457303665763378e-01	1.729134653000988509e-01	-2.088435652910200224e-01
3.130122625141264214e-02	-5.427490011963725935e-02	5.236619957011257043e-02	-7.528278694927517667e-02	9.870744712082538119e-02	-3.126638157745805641e-02	6.140682577440698120e-02	-6.515605567971699541e-02	1.158667999156924727e-01	-1.213856411371694033e-01	1.134108873177564897e-01	-2.166339096613740800e-01	1.934853742673350030e-01	-1.423274637118404629e-01	1.352329333474676931e-01	-1.308712234791332141e-01	1.910061546750380645e-01	-5.873364624050473326e-01	2.526138278045089725e-01	-1.799526266117943418e-01	2.002308812797290727e-01	-2.389237534294155196e-01	1.000000000000000666e+00	-3.419204704843115117e-01	2.042282392362607668e-01	-1.694872965510921259e-01	2.125855338141731388e-01	-5.503695272705902974e-01	2.504958750408749490e-01	-1.721331741452531705e-01	1.813316656223321055e-01	-1.566411298595344337e-01	1.919653595849987737e-01	-2.265255526817885057e-01	2.112913086820969732e-01
-2.953073367611137867e-02	5.168495507780186682e-02	-5.087918650984234181e-02	7.863687966150111064e-02	-1.050190476721089838e-01	2.939339104757016444e-02	-5.726045690716743269e-02	6.160462359279751665e-02	-1.235082753406671480e-01	1.317765152980376053e-01	-9.213734257429262442e-02	1.846875856291308737e-01	-1.860887160929076134e-01	1.439424376099288638e-01	-1.589510107769728786e-01	1.046421562988412296e-01	-1.319200361273525635e-01	2.525742065761296673e-01	-4.280930911861510202e-01	2.227598892337342429e-01	-1.815548528661854455e-01	1.611081189007978753e-01	-3.419204704843115117e-01	1.000000000000002442e+00	-4.452356985324272265e-01	1.376050140168371128e-01	-1.777155707218808223e-01	2.656526754807929103e-01	-5.777738234316796007e-01	2.798090087083787703e-01	-1.700577387346611791e-01	1.353217466295741911e-01	-1.746845798301571995e-01	2.373726171947808661e-01	-2.779659552736249983e-01
3.074925559845449741e-02	-5.393301809949135883e-02	5.198880246493072649e-02	-7.886562061571938953e-02	1.031455213600692838e-01	-3.085412501730814064e-02	5.949374690281213768e-02	-6.381242846036924710e-02	1.208647061664267636e-01	-1.377151349882409781e-01	9.512776740144159027e-02	-2.043812470850391860e-01	1.716809340314774668e-01	-1.432939011338186519e-01	1.558365795958471800e-01	-1.097053798834327909e-01	1.261604927164025058e-01	-2.142712593720954017e-01	2.393356421784222920e-01	-2.627005198588607260e-01	1.797459958401808333e-01	-1.646850957487163147e-01	2.042282392362607668e-01	-4.452356985324272265e-01	1.000000000000002442e+00	-1.331594817820771215e-01	1.592470519986463051e-01	-2.312406094039970994e-01	3.088429229645718310e-01	-6.552832032904285509e-01	1.648710431899776674e-01	-1.355565842284858491e-01	1.649266177203304873e-01	-2.786147993082044860e-01	2.971246465951363769e-01
-2.563020849284412470e-02	4.376696361515200473e-02	-4.066492115737917190e-02	5.298556714369848097e-02	-7.039391931668108338e-02	2.583691301525592454e-02	-5.011837102610055411e-02	5.176812370892666659e-02	-8.038463084347019505e-02	8.032738740756402429e-02	-1.036976850307217840e-01	2.000089114441773452e-01	-1.250046062126713431e-01	8.925962214607821577e-02	-8.703125532675348719e-02	1.233661651816644889e-01	-1.158563982803026277e-01	1.549517020882959506e-01	-1.344441659922783472e-01	1.055484862862244438e-01	-4.785832818661936439e-01	1.512666248864407426e-01	-1.694872965510921259e-01	1.376050140168371128e-01	-1.331594817820771215e-01	1.000000000000005107e+00	-6.758197509896002320e-01	2.245471591953751844e-01	-1.509522813679096687e-01	1.104822724331651074e-01	-4.147182662316988289e-01	2.246590206646366106e-01	-2.002892687297055663e-01	2.053127096723881273e-01	-1.714082622612249363e-01
3.012094166558584862e-02	-5.166171175335069338e-02	4.794338440166183435e-02	-6.290455901332224486e-02	8.296245507374695738e-02	-3.041656403957354940e-02	5.890225378327451633e-02	-6.112824641726959107e-02	9.502749585930031495e-02	-9.687370149661637952e-02	1.114274874734076798e-01	-2.347028610239351998e-01	1.470533385756609412e-01	-1.075411358305955606e-01	1.039284626757814994e-01	-1.333735177675368921e-01	1.367108705054814743e-01	-2.033051224337535101e-01	1.620947352951324083e-01	-1.297376729630655978e-01	2.854227500686469243e-01	-1.829437120727611110e-01	2.125855338141731388e-01	-1.777155707218808223e-01	1.592470519986463051e-01	-6.758197509896002320e-01	1.000000000000003997e+00	-4.072531979646308309e-01	1.885859295481610576e-01	-1.378859454187269795e-01	2.842586560961337105e-01	-2.926635259961164470e-01	2.285771772540481361e-01	-2.547670495316471939e-01	1.991203115115829647e-01
-3.029940635087262704e-02	5.221105628756157746e-02	-5.056418697764595432e-02	7.284430375335247676e-02	-9.751299858994456893e-02	3.021063507660289374e-02	-5.890934137228723277e-02	6.234559325052765194e-02	-1.133301383985667599e-01	1.145870949008975653e-01	-1.042312669708527345e-01	2.033030263661295411e-01	-1.835184908497847489e-01	1.294246113728928504e-01	-1.305017108997690023e-01	1.186939846722740860e-01	-1.478399570781754324e-01	2.694534190314568645e-01	-2.317940008271235086e-01	1.630169769446408734e-01	-2.379100885552382083e-01	1.790479153163703485e-01	-5.503695272705902974e-01	2.656526754807929103e-01	-2.312406094039970994e-01	2.245471591953751844e-01	-4.072531979646308309e-01	1.000000000000003331e+00	-4.078927278738635476e-01	2.000641392497329307e-01	-2.430238502624784414e-01	2.125938635297891510e-01	-3.298456714933061251e-01	2.628494805191369244e-01	-2.536227786994276201e-01
2.819203630763649632e-02	-4.907038812531155925e-02	4.730847158830520094e-02	-7.002317157532728098e-02	9.219485549701010585e-02	-2.822908536857273581e-02	5.464181835788019248e-02	-5.826509926694776326e-02	1.076337614689568123e-01	-1.168274484427032495e-01	9.126659044331660031e-02	-1.892813559239770460e-01	1.611412450071406932e-01	-1.267744534903858800e-01	1.299976036380038891e-01	-1.050274013179434140e-01	1.250247816496165287e-01	-2.281743010359217616e-01	2.362926033130169079e-01	-1.856983562977735924e-01	1.819116055047681202e-01	-1.600249949218739143e-01	2.504958750408749490e-01	-5.777738234316796007e-01	3.088429229645718310e-01	-1.509522813679096687e-01	1.885859295481610576e-01	-4.078927278738635476e-01	1.000000000000003997e+00	-4.712400524883592623e-01	1.774402519384613852e-01	-1.516958383857326120e-01	1.935134033717654800e-01	-3.258194339096417425e-01	2.778375114785448519e-01
-2.352198177314513555e-02	4.097511439992290033e-02	-3.961798151380220567e-02	5.924384557768271053e-02	-7.857275458891653519e-02	2.354403940264936448e-02	-4.546763041752122786e-02	4.857598125481474294e-02	-9.158590750890203969e-02	9.879286386749298876e-02	-7.368895605480579869e-02	1.555649670775171578e-01	-1.340951287524501656e-01	1.052618945454049104e-01	-1.145431873368901177e-01	8.458337981727283295e-02	-9.767963541973692654e-02	1.636991189488772591e-01	-1.861459875127640662e-01	1.621075126068148298e-01	-1.464606331182664589e-01	1.257592720624471083e-01	-1.721331741452531705e-01	2.798090087083787703e-01	-6.552832032904285509e-01	1.104822724331651074e-01	-1.378859454187269795e-01	2.000641392497329307e-01	-4.712400524883592623e-01	1.000000000000002665e+00	-1.393164524774903046e-01	1.135067699839351352e-01	-1.442703695616027182e-01	2.354537648522745663e-01	-4.762812451438666050e-01
3.223570883741973953e-02	-5.513597105865380987e-02	5.110477272044144925e-02	-6.685601022671940064e-02	8.834525380210461742e-02	-3.256636036823044172e-02	6.270511311829207735e-02	-6.509975188547542646e-02	1.007165441421864482e-01	-1.020239660809750259e-01	1.143957140303018122e-01	-2.489981166931613532e-01	1.537530291991852649e-01	-1.123138864791573543e-01	1.083415092225232523e-01	-1.351100503765220173e-01	1.371339121407786910e-01	-1.889898763143627869e-01	1.620938904376870715e-01	-1.330869944412857442e-01	2.670964005192812407e-01	-1.849090034938530025e-01	1.813316656223321055e-01	-1.700577387346611791e-01	1.648710431899776674e-01	-4.147182662316988289e-01	2.842586560961337105e-01	-2.430238502624784414e-01	1.774402519384613852e-01	-1.393164524774903046e-01	1.000000000000003775e+00	-5.984918187472382245e-01	3.022753995636671687e-01	-3.583670747580086080e-01	2.245825622651567710e-01
-2.239321937397650841e-02	3.833180435489320220e-02	-3.621438831660829527e-02	4.941304263616272396e-02	-6.595030786998454242e-02	2.248538444920072932e-02	-4.343384597051327956e-02	4.541235612287051332e-02	-7.555268809323327506e-02	7.585225887634289288e-02	-7.881180643970062127e-02	1.627489423186850026e-01	-1.169213829518602477e-01	8.394671019405369750e-02	-8.266772010059315889e-02	9.153050361606697438e-02	-9.671346683663571697e-02	1.430981865277603515e-01	-1.282987309951902077e-01	1.010476687681942098e-01	-2.045842528953518147e-01	1.262637653373614999e-01	-1.566411298595344337e-01	1.353217466295741911e-01	-1.355565842284858491e-01	2.246590206646366106e-01	-2.926635259961164470e-01	2.125938635297891510e-01	-1.516958383857326120e-01	1.135067699839351352e-01	-5.984918187472382245e-01	1.000000000000003997e+00	-6.407183471851366496e-01	2.680567159508575603e-01	-1.880590596642205403e-01
2.664853804025715811e-02	-4.572511531720999112e-02	4.318364276851840988e-02	-5.927811022694677578e-02	7.868619144819356814e-02	-2.678128970360626679e-02	5.167181149136515494e-02	-5.417061782958024901e-02	9.034288497244721827e-02	-9.215641372290041267e-02	9.140982506231652704e-02	-1.930922554121473067e-01	1.390288791072787911e-01	-1.017514623699979082e-01	9.967311863494583701e-02	-1.061519249847845403e-01	1.160967285862602727e-01	-1.824615031150434441e-01	1.557873992982372335e-01	-1.246428543944944622e-01	2.038545625245796744e-01	-1.528457303665763378e-01	1.919653595849987737e-01	-1.746845798301571995e-01	1.649266177203304873e-01	-2.002892687297055663e-01	2.285771772540481361e-01	-3.298456714933061251e-01	1.935134033717654800e-01	-1.442703695616027182e-01	3.022753995636671687e-01	-6.407183471851366496e-01	1.000000000000003553e+00	-5.062064077753907210e-01	2.278421502098813001e-01
-3.337333511284693022e-02	5.717612201110069958e-02	-5.545084169689207948e-02	8.025183214284298261e-02	-1.086849933511985361e-01	3.323908482133351022e-02	-6.416870271160758643e-02	6.789026289534566549e-02	-1.247997203604997718e-01	1.240293520156133256e-01	-1.084329219667863331e-01	2.189173415717551308e-01	-1.913800218332638581e-01	1.361901996975131701e-01	-1.389387483215041852e-01	1.233735469969799436e-01	-1.355893151696720145e-01	2.086197565677988530e-01	-2.186741097611926143e-01	1.693718392625603308e-01	-2.688164071358308815e-01	1.729134653000988509e-01	-2.265255526817885057e-01	2.373726171947808661e-01	-2.786147993082044860e-01	2.053127096723881273e-01	-2.547670495316471939e-01	2.628494805191369244e-01	-3.258194339096417425e-01	2.354537648522745663e-01	-3.583670747580086080e-01	2.680567159508575603e-01	-5.062064077753907210e-01	1.000000000000003553e+00	-4.978836702123702884e-01
3.845893999671743529e-02	-6.633107413300634581e-02	6.242743960695867900e-02	-8.716533662311842789e-02	1.141110243940288288e-01	-3.877375078492251853e-02	7.420402893055780269e-02	-7.828445192528965535e-02	1.312694709125309944e-01	-1.409721381673282314e-01	1.242207230115809080e-01	-2.756845819047895607e-01	1.928346128811040949e-01	-1.503947020548093427e-01	1.476980312607806267e-01	-1.439454418285375514e-01	1.555778351614799104e-01	-2.306999304343954893e-01	2.185997191976042919e-01	-1.992718553013815286e-01	2.397520642798794399e-01	-2.088435652910200224e-01	2.112913086820969732e-01	-2.779659552736249983e-01	2.971246465951363769e-01	-1.714082622612249363e-01	1.991203115115829647e-01	-2.536227786994276201e-01	2.778375114785448519e-01	-4.762812451438666050e-01	2.245825622651567710e-01	-1.880590596642205403e-01	2.278421502098813001e-01	-4.978836702123702884e-01	1.000000000000003553e+00
