1.000000000000000000e+00	-2.490908396520639390e-01	1.247034173123437589e-01	-1.371579895335585109e-01	7.817342392065086687e-02	-7.953377196909260372e-01	2.573132743639721665e-01	-1.667126656056698020e-01	9.652862028106931613e-02	-7.230915670958321106e-02	2.854704717199348929e-01	-1.537554153749659536e-01	1.143539166445469851e-01	-9.335549544683879875e-02	8.438517513720167340e-02	-1.901317087913858006e-01	1.214892127223840823e-01	-1.181636341350494196e-01	9.281635975693224017e-02	-7.467262918923034398e-02	1.597597340473337624e-01	-1.242275939752807007e-01	8.827983160467532675e-02	-8.245410468136823989e-02	6.563487180688443168e-02	-5.707900034813047363e-02	1.280802403868960548e-01	-7.317062223629362816e-02	6.573329639944765213e-02	-7.029330494931812501e-02	6.703124953386108142e-02	-4.983477085690634495e-02	4.629535812494597197e-02	-5.918507978379981826e-02	5.197500883589099840e-02
-2.490908396520639390e-01	9.999999999999997780e-01	-6.201944198772155747e-01	2.056766524685410547e-01	-1.489942942569434381e-01	1.796659209925108025e-01	-5.024144544635140708e-01	3.068594116432296626e-01	-1.887596822248447659e-01	1.231357130292165813e-01	-2.435565766612205751e-01	1.762138622329629534e-01	-1.803606752835121008e-01	1.337216604866950653e-01	-1.276585114590618464e-01	1.498076519693946895e-01	-1.517061352521772433e-01	1.517549689484701259e-01	-1.350995878995378541e-01	1.037858476165429006e-01	-1.757468181306995059e-01	1.385175444681576717e-01	-1.088865783714927787e-01	9.929263501382049051e-02	-8.594418770344285086e-02	6.812525534362035007e-02	-1.626283971685018870e-01	8.625931491073683677e-02	-8.120193191563217228e-02	8.702472986962113410e-02	-8.374308654386247719e-02	5.926384825988416372e-02	-5.646906597131011452e-02	7.119831351039924983e-02	-6.514095472181213875e-02
1.247034173123437589e-01	-6.201944198772155747e-01	9.999999999999995559e-01	-2.537679915782493634e-01	1.256469716307203055e-01	-9.557273486433208454e-02	2.462405842434317871e-01	-6.534835901211566433e-01	2.069285753058038302e-01	-1.164853663528273992e-01	1.317479052229762193e-01	-1.127496108792394175e-01	1.382739079522393999e-01	-1.079017869074374858e-01	9.176109882213336066e-02	-8.649746678274809752e-02	9.465235313404679607e-02	-1.125842674421662082e-01	9.715371458973920404e-02	-7.582334576860844111e-02	9.973904720033179017e-02	-8.409148087077265854e-02	6.868348579460979708e-02	-6.489827646399533301e-02	5.766309370322594829e-02	-4.001832911736025178e-02	9.532964760494212764e-02	-5.479784807697048177e-02	5.191196306432756258e-02	-5.885764836622531249e-02	4.870818585112471344e-02	-3.643069102948278543e-02	3.448281490373791142e-02	-4.659575011271160222e-02	4.217106227212655267e-02
-1.371579895335585109e-01	2.056766524685410547e-01	-2.537679915782493634e-01	9.999999999999997780e-01	-3.490110206730882014e-01	1.035676758016378513e-01	-2.682956816907088871e-01	2.717733472967670538e-01	-7.477195098900853987e-01	2.575977295086289143e-01	-1.582690445088240083e-01	1.308258484762112872e-01	-1.667751052191952521e-01	1.536639933140092340e-01	-1.494672956768605954e-01	1.040556939111882545e-01	-1.151238006788863344e-01	1.351490772259728579e-01	-1.422281565525363445e-01	1.147739252693874279e-01	-1.235973146224173397e-01	1.045999258985425978e-01	-9.012054775131990436e-02	8.705793356953767104e-02	-8.253923315715203102e-02	5.070681253309428094e-02	-1.212081459851978432e-01	7.180108867614619361e-02	-6.975196521589953347e-02	8.261341845896315317e-02	-6.204802003413850686e-02	4.713000140137582616e-02	-4.475783020921080685e-02	6.353142531867767007e-02	-5.797436476243707226e-02
7.817342392065086687e-02	-1.489942942569434381e-01	1.256469716307203055e-01	-3.490110206730882014e-01	9.999999999999994449e-01	-6.054410324243065383e-02	1.429796623306046344e-01	-1.856103388008168431e-01	2.646043869438283180e-01	-8.500011734984618261e-01	9.543772352993529218e-02	-9.476859026723634394e-02	1.171568388153909485e-01	-1.300696440350611049e-01	1.640400350039037392e-01	-6.932253452988082487e-02	8.096912344723530830e-02	-1.105906351392434150e-01	1.134133819694399664e-01	-1.407501346377112439e-01	7.979148726299754857e-02	-7.594714852683347173e-02	7.211703974239420945e-02	-7.823131238122084385e-02	8.156596487487537128e-02	-3.534945599574971370e-02	8.286165813520883494e-02	-6.063390787515195168e-02	6.004806265219680972e-02	-8.725183033758689144e-02	4.230608911450909476e-02	-3.721232545629193922e-02	3.469037224180229056e-02	-6.136849779773149993e-02	5.354038819785759268e-02
-7.953377196909260372e-01	1.796659209925108025e-01	-9.557273486433208454e-02	1.035676758016378513e-01	-6.054410324243065383e-02	9.999999999999995559e-01	-3.042772642362697177e-01	1.267223739883673872e-01	-7.408352626991164536e-02	5.568766161313106616e-02	-4.349181106078653936e-01	1.338913491592849669e-01	-9.396147080610786628e-02	7.480944146094439806e-02	-6.734156110097282155e-02	1.676902756004091111e-01	-1.061142066624848473e-01	9.632890141184316524e-02	-7.531607056932489164e-02	5.934607184590522111e-02	-1.453084633901711720e-01	1.027910910534607508e-01	-7.162244732371442213e-02	6.576785994841706506e-02	-5.212706802293928798e-02	4.616820918277071001e-02	-1.057223686124263845e-01	5.850098255521055113e-02	-5.250679890285322310e-02	5.544923866328514694e-02	-5.428806461752621465e-02	3.998696040495199749e-02	-3.726603113186970073e-02	4.663409007508465681e-02	-4.112057160480380585e-02
2.573132743639721665e-01	-5.024144544635140708e-01	2.462405842434317871e-01	-2.682956816907088871e-01	1.429796623306046344e-01	-3.042772642362697177e-01	1.000000000000000000e+00	-3.579300349179549423e-01	1.877746390549279165e-01	-1.345972526168049133e-01	2.734241148263935606e-01	-3.243786910936953816e-01	2.047779309605430864e-01	-1.656984099560528112e-01	1.441697577978557077e-01	-1.999259736806861532e-01	2.082362924246465574e-01	-2.074802526692179072e-01	1.601122538002537621e-01	-1.273310407604748840e-01	2.052699941745519396e-01	-1.859688543296721119e-01	1.368743222758354028e-01	-1.291709990499790850e-01	1.059423571100172323e-01	-8.330669341205364231e-02	1.916991893393994728e-01	-1.124249011391577346e-01	1.023312717773535718e-01	-1.127051573542644375e-01	9.850219338420723725e-02	-7.522764752169351643e-02	7.003207602065178450e-02	-9.281940016018019879e-02	8.170269475141070381e-02
-1.667126656056698020e-01	3.068594116432296626e-01	-6.534835901211566433e-01	2.717733472967670538e-01	-1.856103388008168431e-01	1.267223739883673872e-01	-3.579300349179549423e-01	9.999999999999997780e-01	-3.904186076241457082e-01	1.613291514507178281e-01	-1.833285410836326956e-01	1.556779349518919997e-01	-2.292822922369092409e-01	1.535125793242849146e-01	-1.323401137955879658e-01	1.191341339032137014e-01	-1.339527128088687791e-01	1.570071711601070397e-01	-1.408280108604887948e-01	1.063456005843918251e-01	-1.395965460835436878e-01	1.167428241049994070e-01	-9.611796926709850752e-02	9.010707079564451993e-02	-8.082688229164140814e-02	5.586448469883884688e-02	-1.340536867876120919e-01	7.598451910448386637e-02	-7.238688383829361417e-02	8.145929067936197310e-02	-6.826843783151650968e-02	5.063179590579289929e-02	-4.809037410333381890e-02	6.440877236265131478e-02	-5.871561177222513195e-02
9.652862028106931613e-02	-1.887596822248447659e-01	2.069285753058038302e-01	-7.477195098900853987e-01	2.646043869438283180e-01	-7.408352626991164536e-02	1.877746390549279165e-01	-3.904186076241457082e-01	1.000000000000000666e+00	-3.699986022334604274e-01	1.123042197017149607e-01	-1.044187477728244773e-01	1.445801181713167183e-01	-1.626379321734488514e-01	1.300812553351618217e-01	-7.718434112925418034e-02	8.999333040908785719e-02	-1.170582032159874775e-01	1.231641181825744169e-01	-1.033499227803874737e-01	8.976695584105165437e-02	-8.001010103201526558e-02	7.062511972600951649e-02	-7.061562538387304577e-02	6.796726682173151457e-02	-3.761447685245161016e-02	8.967673751352123190e-02	-5.681779571186353767e-02	5.533927575904659668e-02	-6.907128286338846956e-02	4.557778947068336778e-02	-3.633458094888816076e-02	3.428407727889589557e-02	-5.156256346434349991e-02	4.643226370370705236e-02
-7.230915670958321106e-02	1.231357130292165813e-01	-1.164853663528273992e-01	2.575977295086289143e-01	-8.500011734984618261e-01	5.568766161313106616e-02	-1.345972526168049133e-01	1.613291514507178281e-01	-3.699986022334604274e-01	1.000000000000000444e+00	-8.793353034207383734e-02	8.510970233703551990e-02	-1.113865312552841796e-01	1.217077125394449982e-01	-1.956112064899966085e-01	6.278567309055747836e-02	-7.401607079876920681e-02	9.927909266392266618e-02	-1.091362054516718666e-01	1.299697796204891675e-01	-7.306678595122255426e-02	6.837059510820514552e-02	-6.517872248192933815e-02	6.963074391082998971e-02	-7.517040639237849986e-02	3.201888310514262870e-02	-7.576266893210815978e-02	5.377689594699656961e-02	-5.383252076102066491e-02	7.649289665159347829e-02	-3.854429922332004016e-02	3.315547979471974993e-02	-3.111556098325990449e-02	5.357388657596940523e-02	-4.773320949638458488e-02
2.854704717199348929e-01	-2.435565766612205751e-01	1.317479052229762193e-01	-1.582690445088240083e-01	9.543772352993529218e-02	-4.349181106078653936e-01	2.734241148263935606e-01	-1.833285410836326956e-01	1.123042197017149607e-01	-8.793353034207383734e-02	9.999999999999994449e-01	-2.596682255912711179e-01	1.604008928634873543e-01	-1.287245279659411934e-01	1.153849577882464228e-01	-4.864205485499625281e-01	1.987461211749972090e-01	-1.735179239791233285e-01	1.308615794938006172e-01	-1.031375549117312385e-01	2.825942989989710941e-01	-2.004538873297632418e-01	1.316536770371725673e-01	-1.208469636492660038e-01	9.296666939013063791e-02	-8.624381336080552685e-02	1.929636693161830563e-01	-1.084430698044730190e-01	9.577398706524799243e-02	-9.976970208081581415e-02	9.946607074943741855e-02	-7.402161863325007474e-02	6.848851999879590480e-02	-8.474853682961125401e-02	7.419082455420561439e-02
-1.537554153749659536e-01	1.762138622329629534e-01	-1.127496108792394175e-01	1.308258484762112872e-01	-9.476859026723634394e-02	1.338913491592849669e-01	-3.243786910936953816e-01	1.556779349518919997e-01	-1.044187477728244773e-01	8.510970233703551990e-02	-2.596682255912711179e-01	1.000000000000000666e+00	-3.459379221256273507e-01	1.897930486932720429e-01	-1.541502502617561610e-01	2.098863102060746222e-01	-7.047415430109580381e-01	2.807745881306296654e-01	-2.117615441927873376e-01	1.308602559993119197e-01	-2.278128200476783605e-01	2.389616430872648911e-01	-1.612263216203540794e-01	1.337126688553160470e-01	-1.067238518506684192e-01	8.973766650617200080e-02	-2.458149729042974352e-01	1.173570641944216425e-01	-1.067203456099315856e-01	1.071975307271889333e-01	-1.068060252267241800e-01	7.937087654028225636e-02	-7.552430106081578498e-02	8.718453026652940585e-02	-7.906800688194702553e-02
1.143539166445469851e-01	-1.803606752835121008e-01	1.382739079522393999e-01	-1.667751052191952521e-01	1.171568388153909485e-01	-9.396147080610786628e-02	2.047779309605430864e-01	-2.292822922369092409e-01	1.445801181713167183e-01	-1.113865312552841796e-01	1.604008928634873543e-01	-3.459379221256273507e-01	9.999999999999973355e-01	-5.562253143066464567e-01	2.131714482792773369e-01	-1.408531982442317587e-01	2.476456777930119979e-01	-5.693840492421444743e-01	3.066766100436379983e-01	-1.972859610465795277e-01	1.494967243938599422e-01	-1.676877905993192919e-01	1.470604419822932885e-01	-1.449117230916892596e-01	1.256557471072829169e-01	-6.564493129360957080e-02	1.612352570427310061e-01	-1.143937470743686957e-01	1.069587607887979575e-01	-1.289498359992505561e-01	7.682684261535006887e-02	-6.852212101910094832e-02	6.373901045487768979e-02	-9.525287750979370693e-02	8.437562948886141723e-02
-9.335549544683879875e-02	1.337216604866950653e-01	-1.079017869074374858e-01	1.536639933140092340e-01	-1.300696440350611049e-01	7.480944146094439806e-02	-1.656984099560528112e-01	1.535125793242849146e-01	-1.626379321734488514e-01	1.217077125394449982e-01	-1.287245279659411934e-01	1.897930486932720429e-01	-5.562253143066464567e-01	9.999999999999982236e-01	-3.781757602682124797e-01	1.068287441193432885e-01	-1.740827561179122962e-01	2.983943474699162768e-01	-6.065680877172265895e-01	2.542588370842682188e-01	-1.202512064450744766e-01	1.292662258087620419e-01	-1.318921232259876730e-01	1.407555379202587442e-01	-1.420045002027323366e-01	5.464076738900561919e-02	-1.345505434246708487e-01	1.011399050337578598e-01	-1.039031812476677030e-01	1.333194343414498551e-01	-6.485515188896238958e-02	5.925185014935265004e-02	-5.584118726964552859e-02	9.232192162320300433e-02	-8.442430251224812554e-02
8.438517513720167340e-02	-1.276585114590618464e-01	9.176109882213336066e-02	-1.494672956768605954e-01	1.640400350039037392e-01	-6.734156110097282155e-02	1.441697577978557077e-01	-1.323401137955879658e-01	1.300812553351618217e-01	-1.956112064899966085e-01	1.153849577882464228e-01	-1.541502502617561610e-01	2.131714482792773369e-01	-3.781757602682124797e-01	9.999999999999995559e-01	-9.696640929222687111e-02	1.333370685548857237e-01	-2.269213550588571326e-01	2.829381037608173499e-01	-7.383862905279990896e-01	1.090982999342002269e-01	-1.232791580316028035e-01	1.400213017882983579e-01	-1.788740356338924808e-01	2.292869014213697043e-01	-5.369010223640141577e-02	1.264688131632567270e-01	-1.206342461935915045e-01	1.270010072208922203e-01	-2.423632818395528299e-01	6.294714382350317938e-02	-6.698266231843748308e-02	6.200319509779791266e-02	-1.403046720282769277e-01	1.211657648129766257e-01
-1.901317087913858006e-01	1.498076519693946895e-01	-8.649746678274809752e-02	1.040556939111882545e-01	-6.932253452988082487e-02	1.676902756004091111e-01	-1.999259736806861532e-01	1.191341339032137014e-01	-7.718434112925418034e-02	6.278567309055747836e-02	-4.864205485499625281e-01	2.098863102060746222e-01	-1.408531982442317587e-01	1.068287441193432885e-01	-9.696640929222687111e-02	9.999999999999983347e-01	-2.541019843035486891e-01	1.556228481755210225e-01	-1.159817743632225312e-01	8.575903582187562046e-02	-7.185602312442974648e-01	2.242264962917252247e-01	-1.318645670606944376e-01	1.088917438864810544e-01	-8.043476274920674518e-02	8.835193247040518116e-02	-2.161633377711318638e-01	1.003684243092265033e-01	-8.761343972134445768e-02	8.407659757645168097e-02	-1.026231558310766040e-01	7.070927605731769372e-02	-6.656061314094711967e-02	7.199984283180189959e-02	-6.415686420372068710e-02
1.214892127223840823e-01	-1.517061352521772433e-01	9.465235313404679607e-02	-1.151238006788863344e-01	8.096912344723530830e-02	-1.061142066624848473e-01	2.082362924246465574e-01	-1.339527128088687791e-01	8.999333040908785719e-02	-7.401607079876920681e-02	1.987461211749972090e-01	-7.047415430109580381e-01	2.476456777930119979e-01	-1.740827561179122962e-01	1.333370685548857237e-01	-2.541019843035486891e-01	1.000000000000000000e+00	-4.200660638821766546e-01	1.916280797192486951e-01	-1.216364921770383828e-01	2.158705677600436246e-01	-3.470311517586898153e-01	1.596607187694941421e-01	-1.323943615978014909e-01	9.880936166641571261e-02	-8.352404751291456209e-02	2.230773528716324672e-01	-1.167252719420242418e-01	1.013033757951801173e-01	-1.014441171812642400e-01	9.487781429970158775e-02	-7.569923673516232299e-02	7.052340253584621355e-02	-8.249797578951174881e-02	7.340319058655932205e-02
-1.181636341350494196e-01	1.517549689484701259e-01	-1.125842674421662082e-01	1.351490772259728579e-01	-1.105906351392434150e-01	9.632890141184316524e-02	-2.074802526692179072e-01	1.570071711601070397e-01	-1.170582032159874775e-01	9.927909266392266618e-02	-1.735179239791233285e-01	2.807745881306296654e-01	-5.693840492421444743e-01	2.983943474699162768e-01	-2.269213550588571326e-01	1.556228481755210225e-01	-4.200660638821766546e-01	9.999999999999976685e-01	-4.925678571284489715e-01	1.977090401222567351e-01	-1.737847695764474509e-01	1.943757061953472198e-01	-1.948283128756318205e-01	1.612657653519090351e-01	-1.370646553620825658e-01	7.471722174643725956e-02	-1.939483327237853660e-01	1.292936011460923962e-01	-1.220972781025541493e-01	1.310770114235543515e-01	-8.838715142915337664e-02	7.682318459982558079e-02	-7.276505147788417394e-02	9.940921460620777417e-02	-9.093629314088001736e-02
9.281635975693224017e-02	-1.350995878995378541e-01	9.715371458973920404e-02	-1.422281565525363445e-01	1.134133819694399664e-01	-7.531607056932489164e-02	1.601122538002537621e-01	-1.408280108604887948e-01	1.231641181825744169e-01	-1.091362054516718666e-01	1.308615794938006172e-01	-2.117615441927873376e-01	3.066766100436379983e-01	-6.065680877172265895e-01	2.829381037608173499e-01	-1.159817743632225312e-01	1.916280797192486951e-01	-4.925678571284489715e-01	1.000000000000001554e+00	-4.008466766480727750e-01	1.263056154623563854e-01	-1.466605052531167186e-01	1.551306995645942988e-01	-1.920035178735337855e-01	1.707382768832387820e-01	-5.894608937567875212e-02	1.432929027702051217e-01	-1.212417982294609481e-01	1.239901481438199782e-01	-1.660447199619202729e-01	6.895891272095720781e-02	-6.785157362468871578e-02	6.329525916105231687e-02	-1.105986403441716615e-01	9.885723471638460658e-02
-7.467262918923034398e-02	1.037858476165429006e-01	-7.582334576860844111e-02	1.147739252693874279e-01	-1.407501346377112439e-01	5.934607184590522111e-02	-1.273310407604748840e-01	1.063456005843918251e-01	-1.033499227803874737e-01	1.299697796204891675e-01	-1.031375549117312385e-01	1.308602559993119197e-01	-1.972859610465795277e-01	2.542588370842682188e-01	-7.383862905279990896e-01	8.575903582187562046e-02	-1.216364921770383828e-01	1.977090401222567351e-01	-4.008466766480727750e-01	1.000000000000001554e+00	-9.904470609312880647e-02	1.111770412181896234e-01	-1.375195692610519660e-01	1.712348598182895087e-01	-3.541940617519122592e-01	4.907221158773361624e-02	-1.180106228382782063e-01	1.104947786065663545e-01	-1.244680600637625145e-01	2.194735799574727975e-01	-5.815756965834780606e-02	6.062953525853448378e-02	-5.721556293426884043e-02	1.236319442219011855e-01	-1.182273143017439354e-01
1.597597340473337624e-01	-1.757468181306995059e-01	9.973904720033179017e-02	-1.235973146224173397e-01	7.979148726299754857e-02	-1.453084633901711720e-01	2.052699941745519396e-01	-1.395965460835436878e-01	8.976695584105165437e-02	-7.306678595122255426e-02	2.825942989989710941e-01	-2.278128200476783605e-01	1.494967243938599422e-01	-1.202512064450744766e-01	1.090982999342002269e-01	-7.185602312442974648e-01	2.158705677600436246e-01	-1.737847695764474509e-01	1.263056154623563854e-01	-9.904470609312880647e-02	9.999999999999995559e-01	-3.609741454725258758e-01	1.588551717174537803e-01	-1.370925400017637963e-01	9.572597095367565978e-02	-1.096774933016615994e-01	2.373851772290545281e-01	-1.269856254658609240e-01	1.062630085047409634e-01	-1.029172447343623398e-01	1.168942697166072409e-01	-8.634420235063598736e-02	7.891889644139772619e-02	-8.887139478657403446e-02	7.737627053239126695e-02
-1.242275939752807007e-01	1.385175444681576717e-01	-8.409148087077265854e-02	1.045999258985425978e-01	-7.594714852683347173e-02	1.027910910534607508e-01	-1.859688543296721119e-01	1.167428241049994070e-01	-8.001010103201526558e-02	6.837059510820514552e-02	-2.004538873297632418e-01	2.389616430872648911e-01	-1.676877905993192919e-01	1.292662258087620419e-01	-1.232791580316028035e-01	2.242264962917252247e-01	-3.470311517586898153e-01	1.943757061953472198e-01	-1.466605052531167186e-01	1.111770412181896234e-01	-3.609741454725258758e-01	9.999999999999991118e-01	-3.547078670092220221e-01	1.969942344892433028e-01	-1.232660550957584977e-01	1.628132843211187175e-01	-6.479959885070442072e-01	1.938672057659177883e-01	-1.578585438426994558e-01	1.264564244710061625e-01	-1.848481005086719808e-01	1.363169262846292418e-01	-1.297797172956434708e-01	1.119449022640917474e-01	-1.002129409204690347e-01
8.827983160467532675e-02	-1.088865783714927787e-01	6.868348579460979708e-02	-9.012054775131990436e-02	7.211703974239420945e-02	-7.162244732371442213e-02	1.368743222758354028e-01	-9.611796926709850752e-02	7.062511972600951649e-02	-6.517872248192933815e-02	1.316536770371725673e-01	-1.612263216203540794e-01	1.470604419822932885e-01	-1.318921232259876730e-01	1.400213017882983579e-01	-1.318645670606944376e-01	1.596607187694941421e-01	-1.948283128756318205e-01	1.551306995645942988e-01	-1.375195692610519660e-01	1.588551717174537803e-01	-3.547078670092220221e-01	9.999999999999981126e-01	-5.607853143258662021e-01	2.002102775133606793e-01	-9.888448178011831347e-02	2.383264892083298558e-01	-5.437766833475209394e-01	3.038976277283645389e-01	-2.130024599787873896e-01	1.097217146329831222e-01	-1.828523745287200242e-01	1.639372853153048537e-01	-1.871040522156011410e-01	1.580454788573965874e-01
-8.245410468136823989e-02	9.929263501382049051e-02	-6.489827646399533301e-02	8.705793356953767104e-02	-7.823131238122084385e-02	6.576785994841706506e-02	-1.291709990499790850e-01	9.010707079564451993e-02	-7.061562538387304577e-02	6.963074391082998971e-02	-1.208469636492660038e-01	1.337126688553160470e-01	-1.449117230916892596e-01	1.407555379202587442e-01	-1.788740356338924808e-01	1.088917438864810544e-01	-1.323943615978014909e-01	1.612657653519090351e-01	-1.920035178735337855e-01	1.712348598182895087e-01	-1.370925400017637963e-01	1.969942344892433028e-01	-5.607853143258662021e-01	9.999999999999995559e-01	-3.821484975963053699e-01	8.306398771516654289e-02	-2.097728059464673001e-01	3.014641278082420550e-01	-5.249413203726728261e-01	2.528289431463670578e-01	-9.817265980667350123e-02	1.295847678099908695e-01	-1.288088925838749288e-01	2.109716629950521005e-01	-2.136118606529656405e-01
6.563487180688443168e-02	-8.594418770344285086e-02	5.766309370322594829e-02	-8.253923315715203102e-02	8.156596487487537128e-02	-5.212706802293928798e-02	1.059423571100172323e-01	-8.082688229164140814e-02	6.796726682173151457e-02	-7.517040639237849986e-02	9.296666939013063791e-02	-1.067238518506684192e-01	1.256557471072829169e-01	-1.420045002027323366e-01	2.292869014213697043e-01	-8.043476274920674518e-02	9.880936166641571261e-02	-1.370646553620825658e-01	1.707382768832387820e-01	-3.541940617519122592e-01	9.572597095367565978e-02	-1.232660550957584977e-01	2.002102775133606793e-01	-3.821484975963053699e-01	9.999999999999980016e-01	-5.506104941772869271e-02	1.292240651701181131e-01	-1.746710229101071932e-01	2.128665055260031969e-01	-7.233958295763989188e-01	6.444319726085366573e-02	-8.502741304480368467e-02	7.963884814192852268e-02	-2.429798142106338599e-01	2.224625137177696499e-01
-5.707900034813047363e-02	6.812525534362035007e-02	-4.001832911736025178e-02	5.070681253309428094e-02	-3.534945599574971370e-02	4.616820918277071001e-02	-8.330669341205364231e-02	5.586448469883884688e-02	-3.761447685245161016e-02	3.201888310514262870e-02	-8.624381336080552685e-02	8.973766650617200080e-02	-6.564493129360957080e-02	5.464076738900561919e-02	-5.369010223640141577e-02	8.835193247040518116e-02	-8.352404751291456209e-02	7.471722174643725956e-02	-5.894608937567875212e-02	4.907221158773361624e-02	-1.096774933016615994e-01	1.628132843211187175e-01	-9.888448178011831347e-02	8.306398771516654289e-02	-5.506104941772869271e-02	9.999999999999992228e-01	-3.153391731887663085e-01	9.086367817938870162e-02	-7.283168307999707269e-02	5.961649423734896591e-02	-9.064151556080353167e-01	1.125227697867875187e-01	-1.012046220488186654e-01	5.554598921800517342e-02	-4.861024641616716602e-02
1.280802403868960548e-01	-1.626283971685018870e-01	9.532964760494212764e-02	-1.212081459851978432e-01	8.286165813520883494e-02	-1.057223686124263845e-01	1.916991893393994728e-01	-1.340536867876120919e-01	8.967673751352123190e-02	-7.576266893210815978e-02	1.929636693161830563e-01	-2.458149729042974352e-01	1.612352570427310061e-01	-1.345505434246708487e-01	1.264688131632567270e-01	-2.161633377711318638e-01	2.230773528716324672e-01	-1.939483327237853660e-01	1.432929027702051217e-01	-1.180106228382782063e-01	2.373851772290545281e-01	-6.479959885070442072e-01	2.383264892083298558e-01	-2.097728059464673001e-01	1.292240651701181131e-01	-3.153391731887663085e-01	9.999999999999977796e-01	-2.221145858993572864e-01	1.635236212493800800e-01	-1.434188535188940516e-01	2.312729785366944013e-01	-2.068403980934868935e-01	1.588094808744089370e-01	-1.293070415128562134e-01	1.092061544695875214e-01
-7.317062223629362816e-02	8.625931491073683677e-02	-5.479784807697048177e-02	7.180108867614619361e-02	-6.063390787515195168e-02	5.850098255521055113e-02	-1.124249011391577346e-01	7.598451910448386637e-02	-5.681779571186353767e-02	5.377689594699656961e-02	-1.084430698044730190e-01	1.173570641944216425e-01	-1.143937470743686957e-01	1.011399050337578598e-01	-1.206342461935915045e-01	1.003684243092265033e-01	-1.167252719420242418e-01	1.292936011460923962e-01	-1.212417982294609481e-01	1.104947786065663545e-01	-1.269856254658609240e-01	1.938672057659177883e-01	-5.437766833475209394e-01	3.014641278082420550e-01	-1.746710229101071932e-01	9.086367817938870162e-02	-2.221145858993572864e-01	9.999999999999985567e-01	-6.189093197359359921e-01	1.736730406960039497e-01	-1.069489310768886592e-01	2.128944764254810662e-01	-2.914268882645855152e-01	1.918051773640791213e-01	-1.817461719942598253e-01
6.573329639944765213e-02	-8.120193191563217228e-02	5.191196306432756258e-02	-6.975196521589953347e-02	6.004806265219680972e-02	-5.250679890285322310e-02	1.023312717773535718e-01	-7.238688383829361417e-02	5.533927575904659668e-02	-5.383252076102066491e-02	9.577398706524799243e-02	-1.067203456099315856e-01	1.069587607887979575e-01	-1.039031812476677030e-01	1.270010072208922203e-01	-8.761343972134445768e-02	1.013033757951801173e-01	-1.220972781025541493e-01	1.239901481438199782e-01	-1.244680600637625145e-01	1.062630085047409634e-01	-1.578585438426994558e-01	3.038976277283645389e-01	-5.249413203726728261e-01	2.128665055260031969e-01	-7.283168307999707269e-02	1.635236212493800800e-01	-6.189093197359359921e-01	9.999999999999983347e-01	-2.529753186610510518e-01	8.305800123644023480e-02	-1.733464430494223996e-01	1.603429356759314139e-01	-3.438309470051755246e-01	2.243398428519393084e-01
-7.029330494931812501e-02	8.702472986962113410e-02	-5.885764836622531249e-02	8.261341845896315317e-02	-8.725183033758689144e-02	5.544923866328514694e-02	-1.127051573542644375e-01	8.145929067936197310e-02	-6.907128286338846956e-02	7.649289665159347829e-02	-9.976970208081581415e-02	1.071975307271889333e-01	-1.289498359992505561e-01	1.333194343414498551e-01	-2.423632818395528299e-01	8.407659757645168097e-02	-1.014441171812642400e-01	1.310770114235543515e-01	-1.660447199619202729e-01	2.194735799574727975e-01	-1.029172447343623398e-01	1.264564244710061625e-01	-2.130024599787873896e-01	2.528289431463670578e-01	-7.233958295763989188e-01	5.961649423734896591e-02	-1.434188535188940516e-01	1.736730406960039497e-01	-2.529753186610510518e-01	9.999999999999985567e-01	-7.132154965208051256e-02	8.658596865506670848e-02	-8.449443218418646595e-02	2.544863109179755778e-01	-4.030664130605234874e-01
6.703124953386108142e-02	-8.374308654386247719e-02	4.870818585112471344e-02	-6.204802003413850686e-02	4.230608911450909476e-02	-5.428806461752621465e-02	9.850219338420723725e-02	-6.826843783151650968e-02	4.557778947068336778e-02	-3.854429922332004016e-02	9.946607074943741855e-02	-1.068060252267241800e-01	7.682684261535006887e-02	-6.485515188896238958e-02	6.294714382350317938e-02	-1.026231558310766040e-01	9.487781429970158775e-02	-8.838715142915337664e-02	6.895891272095720781e-02	-5.815756965834780606e-02	1.168942697166072409e-01	-1.848481005086719808e-01	1.097217146329831222e-01	-9.817265980667350123e-02	6.444319726085366573e-02	-9.064151556080353167e-01	2.312729785366944013e-01	-1.069489310768886592e-01	8.305800123644023480e-02	-7.132154965208051256e-02	9.999999999999988898e-01	-1.386556272887663477e-01	1.079847449834038658e-01	-6.617467653698992647e-02	5.654872618354965519e-02
-4.983477085690634495e-02	5.926384825988416372e-02	-3.643069102948278543e-02	4.713000140137582616e-02	-3.721232545629193922e-02	3.998696040495199749e-02	-7.522764752169351643e-02	5.063179590579289929e-02	-3.633458094888816076e-02	3.315547979471974993e-02	-7.402161863325007474e-02	7.937087654028225636e-02	-6.852212101910094832e-02	5.925185014935265004e-02	-6.698266231843748308e-02	7.070927605731769372e-02	-7.569923673516232299e-02	7.682318459982558079e-02	-6.785157362468871578e-02	6.062953525853448378e-02	-8.634420235063598736e-02	1.363169262846292418e-01	-1.828523745287200242e-01	1.295847678099908695e-01	-8.502741304480368467e-02	1.125227697867875187e-01	-2.068403980934868935e-01	2.128944764254810662e-01	-1.733464430494223996e-01	8.658596865506670848e-02	-1.386556272887663477e-01	9.999999999999983347e-01	-9.023721653647995833e-01	9.646825875481337964e-02	-9.097985739594140198e-02
4.629535812494597197e-02	-5.646906597131011452e-02	3.448281490373791142e-02	-4.475783020921080685e-02	3.469037224180229056e-02	-3.726603113186970073e-02	7.003207602065178450e-02	-4.809037410333381890e-02	3.428407727889589557e-02	-3.111556098325990449e-02	6.848851999879590480e-02	-7.552430106081578498e-02	6.373901045487768979e-02	-5.584118726964552859e-02	6.200319509779791266e-02	-6.656061314094711967e-02	7.052340253584621355e-02	-7.276505147788417394e-02	6.329525916105231687e-02	-5.721556293426884043e-02	7.891889644139772619e-02	-1.297797172956434708e-01	1.639372853153048537e-01	-1.288088925838749288e-01	7.963884814192852268e-02	-1.012046220488186654e-01	1.588094808744089370e-01	-2.914268882645855152e-01	1.603429356759314139e-01	-8.449443218418646595e-02	1.079847449834038658e-01	-9.023721653647995833e-01	9.999999999999984457e-01	-9.814837668520490221e-02	8.459941623696599911e-02
-5.918507978379981826e-02	7.119831351039924983e-02	-4.659575011271160222e-02	6.353142531867767007e-02	-6.136849779773149993e-02	4.663409007508465681e-02	-9.281940016018019879e-02	6.440877236265131478e-02	-5.156256346434349991e-02	5.357388657596940523e-02	-8.474853682961125401e-02	8.718453026652940585e-02	-9.525287750979370693e-02	9.232192162320300433e-02	-1.403046720282769277e-01	7.199984283180189959e-02	-8.249797578951174881e-02	9.940921460620777417e-02	-1.105986403441716615e-01	1.236319442219011855e-01	-8.887139478657403446e-02	1.119449022640917474e-01	-1.871040522156011410e-01	2.109716629950521005e-01	-2.429798142106338599e-01	5.554598921800517342e-02	-1.293070415128562134e-01	1.918051773640791213e-01	-3.438309470051755246e-01	2.544863109179755778e-01	-6.617467653698992647e-02	9.646825875481337964e-02	-9.814837668520490221e-02	9.999999999999982236e-01	-8.179750764613561431e-01
5.197500883589099840e-02	-6.514095472181213875e-02	4.217106227212655267e-02	-5.797436476243707226e-02	5.354038819785759268e-02	-4.112057160480380585e-02	8.170269475141070381e-02	-5.871561177222513195e-02	4.643226370370705236e-02	-4.773320949638458488e-02	7.419082455420561439e-02	-7.906800688194702553e-02	8.437562948886141723e-02	-8.442430251224812554e-02	1.211657648129766257e-01	-6.415686420372068710e-02	7.340319058655932205e-02	-9.093629314088001736e-02	9.885723471638460658e-02	-1.182273143017439354e-01	7.737627053239126695e-02	-1.002129409204690347e-01	1.580454788573965874e-01	-2.136118606529656405e-01	2.224625137177696499e-01	-4.861024641616716602e-02	1.092061544695875214e-01	-1.817461719942598253e-01	2.243398428519393084e-01	-4.030664130605234874e-01	5.654872618354965519e-02	-9.097985739594140198e-02	8.459941623696599911e-02	-8.179750764613561431e-01	9.999999999999983347e-01
