1.000000000000000000e+00	-8.476763055558277360e-01	2.516954631829013134e-01	-1.988853484971583319e-01	1.713953153736022250e-01	-2.715260612338227242e-01	1.815124422018628281e-01	-1.984749258999930210e-01	1.475027720111307117e-01	-1.539360477684420248e-01	1.962952951591941109e-02	-7.344732258725655827e-02	9.953614675429255099e-02	-1.021336524837768711e-01	1.151635902374476411e-01	-1.940665396430314021e-02	6.253748182480779738e-02	-8.801376402142974120e-02	1.189381731776480711e-01	-9.794155041737190315e-02	1.984172234044691285e-02	-2.642419256811883929e-02	5.330392985195230027e-02	-5.129749327514249169e-02	9.290390536039631886e-02	-1.832642886725267817e-02	2.573262989895079914e-02	-2.998747978073961970e-02	3.648061492629823405e-02	-2.163491129399809990e-02	1.443071220847870484e-02	-1.539359611466736832e-02	3.087666621039975023e-02	-3.475548502705490955e-02	2.002369699149453286e-02
-8.476763055558277360e-01	1.000000000000000444e+00	-3.795039472926506341e-01	1.870072327797149547e-01	-1.755973073905027493e-01	1.925604308941422094e-01	-1.789660403753591811e-01	1.630818982032923581e-01	-1.348129631157129193e-01	1.308506845863261492e-01	-1.572600112765199995e-02	5.987830344323692711e-02	-8.418007274193525791e-02	8.647969327208526735e-02	-9.899100730801844994e-02	1.546619961783290975e-02	-5.191971877690704923e-02	7.260205551826369452e-02	-1.003827615494425340e-01	7.887655381190598891e-02	-1.620537428331325289e-02	2.158741668780314593e-02	-4.393116196004997337e-02	4.209029536715581943e-02	-7.561476027610883333e-02	1.493338350039653470e-02	-2.103031203846271111e-02	2.444176869455496129e-02	-2.978500268029065853e-02	1.759639696727640160e-02	-1.174788127539986432e-02	1.251750975276935685e-02	-2.518601090447718932e-02	2.823938674909771962e-02	-1.628591938352449975e-02
2.516954631829013134e-01	-3.795039472926506341e-01	1.000000000000000888e+00	-6.557377117024536517e-01	2.991258425214604610e-01	-2.396742522926960661e-01	1.766479942083477861e-01	-2.999401104573443666e-01	2.400162560890637953e-01	-2.597969320779375813e-01	2.382023163653948505e-02	-9.990498367470505847e-02	1.411231020527776159e-01	-1.546432855970086284e-01	1.702334421488559124e-01	-2.362631494043832339e-02	8.430699141578922029e-02	-1.259736152141872345e-01	1.676069285712234180e-01	-1.426206320337364553e-01	2.802433800165243100e-02	-3.744077253816263662e-02	7.528550282118241788e-02	-7.292736428728602283e-02	1.312024114409769959e-01	-2.595355756391613117e-02	3.639448148016724560e-02	-4.259427726667258662e-02	5.172194865750188303e-02	-3.078645783691069324e-02	2.043400077452214858e-02	-2.183353735934716322e-02	4.371451204758773634e-02	-4.953886759695996789e-02	2.844369643610275555e-02
-1.988853484971583319e-01	1.870072327797149547e-01	-6.557377117024536517e-01	1.000000000000001110e+00	-5.723763531901737700e-01	1.671054203596616106e-01	-1.355990025393013776e-01	2.202653446166440987e-01	-3.148571400647002805e-01	2.493382670789702493e-01	-1.820625258153571457e-02	7.797388443431486904e-02	-1.191910610682593019e-01	1.392803293749852733e-01	-1.582908833157787021e-01	1.800230350856377864e-02	-6.725161422139219747e-02	1.023227541271921892e-01	-1.430652412017601460e-01	1.132714390905036617e-01	-2.238389169088890462e-02	2.994410878999277312e-02	-6.106142155429594709e-02	5.890866999211041150e-02	-1.046547071067807921e-01	2.066900442696559953e-02	-2.910620794007128670e-02	3.396745208738852911e-02	-4.136289990795719018e-02	2.449333679428591232e-02	-1.624342399143170051e-02	1.733398547192522426e-02	-3.486791250616064208e-02	3.935996082095348514e-02	-2.261470766577364233e-02
1.713953153736022250e-01	-1.755973073905027493e-01	2.991258425214604610e-01	-5.723763531901737700e-01	1.000000000000000666e+00	-2.345521732091319089e-01	1.708751775110466664e-01	-2.958214229972406240e-01	2.885591162345765848e-01	-4.889482659820879040e-01	2.664519271152833782e-02	-1.166434355922234267e-01	1.653146187744247153e-01	-1.962397272247731195e-01	2.259011705383987823e-01	-2.644443065222358211e-02	9.827183953775196767e-02	-1.494393871836395826e-01	2.031194694213251661e-01	-1.796553364983066170e-01	3.397518629061327400e-02	-4.544539367507931943e-02	9.103822045880489988e-02	-8.873567864736627009e-02	1.605579044416158563e-01	-3.152022102227961670e-02	4.415160170889459446e-02	-5.181164884016035976e-02	6.290714752897060003e-02	-3.753610257163936953e-02	2.482101115157893390e-02	-2.654959314512971014e-02	5.309747636472750276e-02	-6.044174064096566323e-02	3.464270477913478086e-02
-2.715260612338227242e-01	1.925604308941422094e-01	-2.396742522926960661e-01	1.671054203596616106e-01	-2.345521732091319089e-01	1.000000000000000888e+00	-7.784853569329898137e-01	2.933040891570594666e-01	-2.439531744065866758e-01	1.843928244899167568e-01	-4.213248995043157585e-02	1.128703883782613965e-01	-1.638959115817130163e-01	1.485582575002957484e-01	-1.750585750663172790e-01	3.963813990281209870e-02	-1.051804992732563310e-01	1.289839538954106746e-01	-1.899559063371870360e-01	1.231778973436611496e-01	-2.813635857539698720e-02	3.725761745830546284e-02	-7.803451183916458589e-02	7.297642894109282463e-02	-1.278246228720542332e-01	2.562951828056863821e-02	-3.638400532192314490e-02	4.162502331105388115e-02	-5.103230057208094084e-02	2.963937396540295560e-02	-2.004658405345473987e-02	2.124109259871298505e-02	-4.316096982368824303e-02	4.733170081458475814e-02	-2.749792398375952573e-02
1.815124422018628281e-01	-1.789660403753591811e-01	1.766479942083477861e-01	-1.355990025393013776e-01	1.708751775110466664e-01	-7.784853569329898137e-01	1.000000000000001110e+00	-4.847249931350139374e-01	2.059478830704128960e-01	-1.653209815329686194e-01	3.234471737470914765e-02	-1.103380178798357009e-01	1.411678587504074933e-01	-1.263021895708768827e-01	1.378598681147693017e-01	-3.169837504515712889e-02	9.272138088691368740e-02	-1.154922076885255694e-01	1.457325304015652245e-01	-1.000740833109429462e-01	2.227945451797890691e-02	-2.973868684600247669e-02	6.187979485565518051e-02	-5.843525810957975880e-02	9.794180273421088101e-02	-2.039253507987419389e-02	2.880054417785689672e-02	-3.320996221828675932e-02	4.034750186398194244e-02	-2.363821388834780671e-02	1.586862906757392083e-02	-1.688413832780694818e-02	3.406938850725401563e-02	-3.794244237031203087e-02	2.182468535157719436e-02
-1.984749258999930210e-01	1.630818982032923581e-01	-2.999401104573443666e-01	2.202653446166440987e-01	-2.958214229972406240e-01	2.933040891570594666e-01	-4.847249931350139374e-01	1.000000000000000444e+00	-5.301359680828031662e-01	2.716513753264876985e-01	-3.159985394847288770e-02	1.331376286014643306e-01	-2.911253424839549964e-01	2.222805165662236349e-01	-2.457502657035886273e-01	3.083740290390427768e-02	-1.229260985824826707e-01	1.900411876207564466e-01	-2.516297464365850889e-01	1.587134305114637489e-01	-3.546073815342362656e-02	4.757944369996561923e-02	-1.011267213974701151e-01	9.476975282211382023e-02	-1.571365294300962889e-01	3.241406494634867241e-02	-4.617188692488190249e-02	5.324988242872792654e-02	-6.497030846231077739e-02	3.786748161330080742e-02	-2.531220905570484569e-02	2.688958733817653490e-02	-5.469613530625713760e-02	6.068609246873551966e-02	-3.496425237707734279e-02
1.475027720111307117e-01	-1.348129631157129193e-01	2.400162560890637953e-01	-3.148571400647002805e-01	2.885591162345765848e-01	-2.439531744065866758e-01	2.059478830704128960e-01	-5.301359680828031662e-01	1.000000000000000666e+00	-5.769359335828269097e-01	2.626486526371075297e-02	-1.169936798766466751e-01	2.010843267945872093e-01	-3.182513004538687906e-01	2.657562037538394595e-01	-2.599996440102387077e-02	1.009693712931322429e-01	-1.685217154544460250e-01	2.221428190767077704e-01	-1.642898128183457596e-01	3.180959039387732529e-02	-4.296880517252025383e-02	8.915262908748083914e-02	-8.663219461886835504e-02	1.447152818012164832e-01	-2.935921828299074485e-02	4.142498892546238320e-02	-4.850361438649230389e-02	5.887443080432735315e-02	-3.483213771038527057e-02	2.288086639664927563e-02	-2.445642934524483447e-02	4.930455130607544478e-02	-5.608673854482177507e-02	3.197527826668622453e-02
-1.539360477684420248e-01	1.308506845863261492e-01	-2.597969320779375813e-01	2.493382670789702493e-01	-4.889482659820879040e-01	1.843928244899167568e-01	-1.653209815329686194e-01	2.716513753264876985e-01	-5.769359335828269097e-01	1.000000000000001332e+00	-2.474157981090941219e-02	1.116629117796145015e-01	-1.954954603933136970e-01	2.569965343957349435e-01	-4.407299374844254047e-01	2.438258228942416506e-02	-9.958501757480643646e-02	1.589236167295588475e-01	-2.452548959147289875e-01	1.796434567924825865e-01	-3.359158979221013586e-02	4.510445039468049394e-02	-9.443484955033697170e-02	9.112320995648318100e-02	-1.661391979783751194e-01	3.086011837932802621e-02	-4.383731111718325996e-02	5.097057345582869242e-02	-6.261834765355783761e-02	3.673513337757583486e-02	-2.418888689225268812e-02	2.575055085198017096e-02	-5.237764474248500501e-02	5.874195241023353470e-02	-3.387750282514445654e-02
1.962952951591941109e-02	-1.572600112765199995e-02	2.382023163653948505e-02	-1.820625258153571457e-02	2.664519271152833782e-02	-4.213248995043157585e-02	3.234471737470914765e-02	-3.159985394847288770e-02	2.626486526371075297e-02	-2.474157981090941219e-02	1.000000000000000888e+00	-1.133787115339402046e-01	3.973015988313698815e-02	-2.737128230208122834e-02	2.845279775550823426e-02	-9.858559252010294927e-01	1.029747807830811990e-01	-4.451708850271969553e-02	3.885953464018147147e-02	-2.470525592881266455e-02	2.232116062510724683e-02	-1.890833020166227466e-02	2.259112920920472792e-02	-2.055515832577606977e-02	2.466268266419441649e-02	-1.876463842230303991e-02	1.614745158387187463e-02	-1.417612434511976438e-02	1.442447259090535831e-02	-8.530069296674035531e-03	9.732842649615498776e-03	-1.079464896719869657e-02	1.399846110200783297e-02	-1.413383552055021142e-02	7.945709445288781994e-03
-7.344732258725655827e-02	5.987830344323692711e-02	-9.990498367470505847e-02	7.797388443431486904e-02	-1.166434355922234267e-01	1.128703883782613965e-01	-1.103380178798357009e-01	1.331376286014643306e-01	-1.169936798766466751e-01	1.116629117796145015e-01	-1.133787115339402046e-01	1.000000000000000666e+00	-2.554071061686919997e-01	1.421182966567582084e-01	-1.445347203813429904e-01	1.024578044462058357e-01	-8.782735234756626763e-01	2.432936317529008630e-01	-2.150220921734770085e-01	1.156272026161800637e-01	-3.806890308341753792e-02	5.111598322408304057e-02	-1.033906252121030711e-01	9.092753188368275785e-02	-1.160259858102393044e-01	3.398664524643310592e-02	-4.804562894633017389e-02	5.215314847611928623e-02	-6.096088034485123291e-02	3.530072048089986925e-02	-2.540624105808696881e-02	2.696712096658674535e-02	-5.271270859057503727e-02	5.714702850603535500e-02	-3.254488149262034502e-02
9.953614675429255099e-02	-8.418007274193525791e-02	1.411231020527776159e-01	-1.191910610682593019e-01	1.653146187744247153e-01	-1.638959115817130163e-01	1.411678587504074933e-01	-2.911253424839549964e-01	2.010843267945872093e-01	-1.954954603933136970e-01	3.973015988313698815e-02	-2.554071061686919997e-01	1.000000000000001554e+00	-4.014643753887391364e-01	2.400525570530178121e-01	-4.003109441000680252e-02	2.103967852883346645e-01	-6.988590284376379191e-01	2.975300074364435332e-01	-1.877469721141692138e-01	4.773593352612445079e-02	-6.858761204530151867e-02	1.537756673535706498e-01	-1.451170289939729963e-01	1.596583031019577492e-01	-4.417667184728886476e-02	6.257516176923275109e-02	-7.488512582534441464e-02	8.613239891761455269e-02	-5.134485138039043828e-02	3.310111142699214554e-02	-3.569462763134864658e-02	7.175648813218943323e-02	-8.409266144445819158e-02	4.608048964301299233e-02
-1.021336524837768711e-01	8.647969327208526735e-02	-1.546432855970086284e-01	1.392803293749852733e-01	-1.962397272247731195e-01	1.485582575002957484e-01	-1.263021895708768827e-01	2.222805165662236349e-01	-3.182513004538687906e-01	2.569965343957349435e-01	-2.737128230208122834e-02	1.421182966567582084e-01	-4.014643753887391364e-01	1.000000000000001332e+00	-6.254972154273709117e-01	2.715964436527943185e-02	-1.280367405950376125e-01	2.509822374424922065e-01	-4.790175289616268040e-01	2.141897647982058672e-01	-3.989736168663213234e-02	5.485645954053238599e-02	-1.211243521716522387e-01	1.191876197532615450e-01	-1.769136144121153664e-01	3.662312697885816010e-02	-5.234421542699396052e-02	6.138869731252179912e-02	-7.532147530340499442e-02	4.390758637226462729e-02	-2.820176070226292769e-02	3.015078916136802734e-02	-6.173947640060714614e-02	7.053109957797276675e-02	-4.001277207781470113e-02
1.151635902374476411e-01	-9.899100730801844994e-02	1.702334421488559124e-01	-1.582908833157787021e-01	2.259011705383987823e-01	-1.750585750663172790e-01	1.378598681147693017e-01	-2.457502657035886273e-01	2.657562037538394595e-01	-4.407299374844254047e-01	2.845279775550823426e-02	-1.445347203813429904e-01	2.400525570530178121e-01	-6.254972154273709117e-01	1.000000000000000888e+00	-2.831276223221087726e-02	1.214455466750037071e-01	-2.217114744854561115e-01	2.949215273807939686e-01	-3.377956665579606166e-01	4.219142743973335052e-02	-5.754185447939014209e-02	1.185205296813112708e-01	-1.199792417473746070e-01	2.182416257377673974e-01	-3.918170884156506328e-02	5.513540222167852278e-02	-6.534998261059432600e-02	7.953171164765630852e-02	-4.756049431921712672e-02	3.047793747771274098e-02	-3.271292148165944047e-02	6.587170208668030602e-02	-7.649040956429652149e-02	4.338748752606871872e-02
-1.940665396430314021e-02	1.546619961783290975e-02	-2.362631494043832339e-02	1.800230350856377864e-02	-2.644443065222358211e-02	3.963813990281209870e-02	-3.169837504515712889e-02	3.083740290390427768e-02	-2.599996440102387077e-02	2.438258228942416506e-02	-9.858559252010294927e-01	1.024578044462058357e-01	-4.003109441000680252e-02	2.715964436527943185e-02	-2.831276223221087726e-02	1.000000000000000888e+00	-1.148199156301058510e-01	4.427348305877249618e-02	-3.899992301181862825e-02	2.434171426660067944e-02	-2.285477482142467959e-02	1.880320938049936941e-02	-2.255008129916805798e-02	2.036012903162112697e-02	-2.443669475301279287e-02	1.863172349314146450e-02	-1.613384996002402080e-02	1.404306799233361394e-02	-1.429765481810866753e-02	8.430324906926545472e-03	-9.689032501671718256e-03	1.069681704663517398e-02	-1.391444854352451993e-02	1.395038323836208377e-02	-7.866116061255970168e-03
6.253748182480779738e-02	-5.191971877690704923e-02	8.430699141578922029e-02	-6.725161422139219747e-02	9.827183953775196767e-02	-1.051804992732563310e-01	9.272138088691368740e-02	-1.229260985824826707e-01	1.009693712931322429e-01	-9.958501757480643646e-02	1.029747807830811990e-01	-8.782735234756626763e-01	2.103967852883346645e-01	-1.280367405950376125e-01	1.214455466750037071e-01	-1.148199156301058510e-01	1.000000000000001332e+00	-3.330680886984173639e-01	1.781784747543492531e-01	-1.059195171927001106e-01	3.542622517905574114e-02	-4.925418574045561243e-02	9.645694520351220935e-02	-8.743822249811855629e-02	1.003897537553946201e-01	-3.198381950837395071e-02	4.456869937986493446e-02	-4.915500694950451777e-02	5.590699351959076829e-02	-3.296501899536039004e-02	2.341713904053097789e-02	-2.510115000592035017e-02	4.820922534816207000e-02	-5.389864786581750888e-02	3.002059893469080643e-02
-8.801376402142974120e-02	7.260205551826369452e-02	-1.259736152141872345e-01	1.023227541271921892e-01	-1.494393871836395826e-01	1.289839538954106746e-01	-1.154922076885255694e-01	1.900411876207564466e-01	-1.685217154544460250e-01	1.589236167295588475e-01	-4.451708850271969553e-02	2.432936317529008630e-01	-6.988590284376379191e-01	2.509822374424922065e-01	-2.217114744854561115e-01	4.427348305877249618e-02	-3.330680886984173639e-01	1.000000000000000888e+00	-4.238050859897953271e-01	1.726933004217392487e-01	-5.471536562695653721e-02	7.883544348008211800e-02	-2.220840273168716295e-01	1.650326768981587033e-01	-1.602464480747886610e-01	4.924933422461233445e-02	-7.216398401221246761e-02	8.335934808842465626e-02	-9.606401953173918096e-02	5.526589149153256220e-02	-3.658712949054681446e-02	3.908226248432520450e-02	-8.043305490917151968e-02	8.991042960178426136e-02	-4.987223979627458670e-02
1.189381731776480711e-01	-1.003827615494425340e-01	1.676069285712234180e-01	-1.430652412017601460e-01	2.031194694213251661e-01	-1.899559063371870360e-01	1.457325304015652245e-01	-2.516297464365850889e-01	2.221428190767077704e-01	-2.452548959147289875e-01	3.885953464018147147e-02	-2.150220921734770085e-01	2.975300074364435332e-01	-4.790175289616268040e-01	2.949215273807939686e-01	-3.899992301181862825e-02	1.781784747543492531e-01	-4.238050859897953271e-01	1.000000000000000444e+00	-3.608825216813760783e-01	6.394618533471387034e-02	-8.956207244319579208e-02	1.923492756217891342e-01	-2.291186603143560152e-01	2.510746486523099952e-01	-5.950739881234143325e-02	8.408812425302540638e-02	-1.014202038620778679e-01	1.250241527829902277e-01	-7.416959331249667331e-02	4.548719285581616367e-02	-4.906435781125946527e-02	9.974259845722990847e-02	-1.199807773257510618e-01	6.633021903262201202e-02
-9.794155041737190315e-02	7.887655381190598891e-02	-1.426206320337364553e-01	1.132714390905036617e-01	-1.796553364983066170e-01	1.231778973436611496e-01	-1.000740833109429462e-01	1.587134305114637489e-01	-1.642898128183457596e-01	1.796434567924825865e-01	-2.470525592881266455e-02	1.156272026161800637e-01	-1.877469721141692138e-01	2.141897647982058672e-01	-3.377956665579606166e-01	2.434171426660067944e-02	-1.059195171927001106e-01	1.726933004217392487e-01	-3.608825216813760783e-01	9.999999999999996669e-01	-5.755204423784882756e-02	7.694372627022409705e-02	-1.690039092902393403e-01	1.729597780528297768e-01	-7.594526262036863651e-01	5.226119109154386128e-02	-7.602318874124543158e-02	8.790734129140044539e-02	-1.163961245111315296e-01	6.851016677930883703e-02	-4.123513657140319422e-02	4.355199951522128327e-02	-9.237682450741172002e-02	1.026099383250944214e-01	-6.332885691473605361e-02
1.984172234044691285e-02	-1.620537428331325289e-02	2.802433800165243100e-02	-2.238389169088890462e-02	3.397518629061327400e-02	-2.813635857539698720e-02	2.227945451797890691e-02	-3.546073815342362656e-02	3.180959039387732529e-02	-3.359158979221013586e-02	2.232116062510724683e-02	-3.806890308341753792e-02	4.773593352612445079e-02	-3.989736168663213234e-02	4.219142743973335052e-02	-2.285477482142467959e-02	3.542622517905574114e-02	-5.471536562695653721e-02	6.394618533471387034e-02	-5.755204423784882756e-02	1.000000000000000000e+00	-5.110476354046410430e-01	1.462732393999930935e-01	-1.280845176176818312e-01	6.339965129851604653e-02	-7.429839661701809206e-01	2.989921830205319875e-01	-1.539632969988922184e-01	9.781619654833303978e-02	-5.659684519705918126e-02	1.995387194648542972e-01	-2.290974929743479771e-01	1.392081252673580682e-01	-1.014545714526648157e-01	5.358884794797401374e-02
-2.642419256811883929e-02	2.158741668780314593e-02	-3.744077253816263662e-02	2.994410878999277312e-02	-4.544539367507931943e-02	3.725761745830546284e-02	-2.973868684600247669e-02	4.757944369996561923e-02	-4.296880517252025383e-02	4.510445039468049394e-02	-1.890833020166227466e-02	5.111598322408304057e-02	-6.858761204530151867e-02	5.485645954053238599e-02	-5.754185447939014209e-02	1.880320938049936941e-02	-4.925418574045561243e-02	7.883544348008211800e-02	-8.956207244319579208e-02	7.694372627022409705e-02	-5.110476354046410430e-01	9.999999999999996669e-01	-2.918247891382881321e-01	1.824139950786543285e-01	-8.726081692777680476e-02	2.964242685732066951e-01	-6.753048089450042202e-01	2.170485234096630744e-01	-1.462193191675843773e-01	7.795926478316624053e-02	-1.725055352194121983e-01	1.716996199219194830e-01	-2.131898644811404953e-01	1.362833248695441146e-01	-7.608425545269270618e-02
5.330392985195230027e-02	-4.393116196004997337e-02	7.528550282118241788e-02	-6.106142155429594709e-02	9.103822045880489988e-02	-7.803451183916458589e-02	6.187979485565518051e-02	-1.011267213974701151e-01	8.915262908748083914e-02	-9.443484955033697170e-02	2.259112920920472792e-02	-1.033906252121030711e-01	1.537756673535706498e-01	-1.211243521716522387e-01	1.185205296813112708e-01	-2.255008129916805798e-02	9.645694520351220935e-02	-2.220840273168716295e-01	1.923492756217891342e-01	-1.690039092902393403e-01	1.462732393999930935e-01	-2.918247891382881321e-01	1.000000000000000000e+00	-7.430332180473413484e-01	1.781247688670880569e-01	-1.341019381638197394e-01	1.998238885184170088e-01	-2.724136133659671444e-01	2.451321344365277322e-01	-1.445932823004245360e-01	8.962781699173621996e-02	-9.826290215770112912e-02	2.045154750431052437e-01	-2.425482081741675011e-01	1.215661308318091854e-01
-5.129749327514249169e-02	4.209029536715581943e-02	-7.292736428728602283e-02	5.890866999211041150e-02	-8.873567864736627009e-02	7.297642894109282463e-02	-5.843525810957975880e-02	9.476975282211382023e-02	-8.663219461886835504e-02	9.112320995648318100e-02	-2.055515832577606977e-02	9.092753188368275785e-02	-1.451170289939729963e-01	1.191876197532615450e-01	-1.199792417473746070e-01	2.036012903162112697e-02	-8.743822249811855629e-02	1.650326768981587033e-01	-2.291186603143560152e-01	1.729597780528297768e-01	-1.280845176176818312e-01	1.824139950786543285e-01	-7.430332180473413484e-01	9.999999999999994449e-01	-2.355277261264237809e-01	1.088811373417751943e-01	-1.764120792286770489e-01	1.997546459290901744e-01	-3.964081296713807823e-01	1.495601417524067001e-01	-8.090775270426567300e-02	8.450516414415866484e-02	-2.031749414067328952e-01	2.237118643500332071e-01	-1.344379193373410053e-01
9.290390536039631886e-02	-7.561476027610883333e-02	1.312024114409769959e-01	-1.046547071067807921e-01	1.605579044416158563e-01	-1.278246228720542332e-01	9.794180273421088101e-02	-1.571365294300962889e-01	1.447152818012164832e-01	-1.661391979783751194e-01	2.466268266419441649e-02	-1.160259858102393044e-01	1.596583031019577492e-01	-1.769136144121153664e-01	2.182416257377673974e-01	-2.443669475301279287e-02	1.003897537553946201e-01	-1.602464480747886610e-01	2.510746486523099952e-01	-7.594526262036863651e-01	6.339965129851604653e-02	-8.726081692777680476e-02	1.781247688670880569e-01	-2.355277261264237809e-01	1.000000000000000222e+00	-5.932259662226071345e-02	8.367092646220621044e-02	-1.019398794307430911e-01	1.326271128927887233e-01	-8.525646488473145879e-02	4.621086075369683355e-02	-4.981993315651485343e-02	1.026523375573745456e-01	-1.265103840722986983e-01	7.471305525898117028e-02
-1.832642886725267817e-02	1.493338350039653470e-02	-2.595355756391613117e-02	2.066900442696559953e-02	-3.152022102227961670e-02	2.562951828056863821e-02	-2.039253507987419389e-02	3.241406494634867241e-02	-2.935921828299074485e-02	3.086011837932802621e-02	-1.876463842230303991e-02	3.398664524643310592e-02	-4.417667184728886476e-02	3.662312697885816010e-02	-3.918170884156506328e-02	1.863172349314146450e-02	-3.198381950837395071e-02	4.924933422461233445e-02	-5.950739881234143325e-02	5.226119109154386128e-02	-7.429839661701809206e-01	2.964242685732066951e-01	-1.341019381638197394e-01	1.088811373417751943e-01	-5.932259662226071345e-02	9.999999999999998890e-01	-4.380446671546052717e-01	1.608326328391463111e-01	-1.000287144252055838e-01	5.496394119329722078e-02	-3.261630925687943883e-01	2.348065014870339695e-01	-1.622632964288922841e-01	9.832694879551609479e-02	-5.443753913389550586e-02
2.573262989895079914e-02	-2.103031203846271111e-02	3.639448148016724560e-02	-2.910620794007128670e-02	4.415160170889459446e-02	-3.638400532192314490e-02	2.880054417785689672e-02	-4.617188692488190249e-02	4.142498892546238320e-02	-4.383731111718325996e-02	1.614745158387187463e-02	-4.804562894633017389e-02	6.257516176923275109e-02	-5.234421542699396052e-02	5.513540222167852278e-02	-1.613384996002402080e-02	4.456869937986493446e-02	-7.216398401221246761e-02	8.408812425302540638e-02	-7.602318874124543158e-02	2.989921830205319875e-01	-6.753048089450042202e-01	1.998238885184170088e-01	-1.764120792286770489e-01	8.367092646220621044e-02	-4.380446671546052717e-01	9.999999999999998890e-01	-3.521886463728640670e-01	1.429996091630825750e-01	-8.161380474884635805e-02	1.966066181674536451e-01	-2.519182664914871861e-01	2.244949930836714624e-01	-1.495443380179292125e-01	7.769133875876901851e-02
-2.998747978073961970e-02	2.444176869455496129e-02	-4.259427726667258662e-02	3.396745208738852911e-02	-5.181164884016035976e-02	4.162502331105388115e-02	-3.320996221828675932e-02	5.324988242872792654e-02	-4.850361438649230389e-02	5.097057345582869242e-02	-1.417612434511976438e-02	5.215314847611928623e-02	-7.488512582534441464e-02	6.138869731252179912e-02	-6.534998261059432600e-02	1.404306799233361394e-02	-4.915500694950451777e-02	8.335934808842465626e-02	-1.014202038620778679e-01	8.790734129140044539e-02	-1.539632969988922184e-01	2.170485234096630744e-01	-2.724136133659671444e-01	1.997546459290901744e-01	-1.019398794307430911e-01	1.608326328391463111e-01	-3.521886463728640670e-01	9.999999999999991118e-01	-2.809998110971797525e-01	1.325793775532646546e-01	-1.327555731155991570e-01	1.435967567569136905e-01	-7.679540821943995343e-01	2.473022982088204924e-01	-1.397693123830779649e-01
3.648061492629823405e-02	-2.978500268029065853e-02	5.172194865750188303e-02	-4.136289990795719018e-02	6.290714752897060003e-02	-5.103230057208094084e-02	4.034750186398194244e-02	-6.497030846231077739e-02	5.887443080432735315e-02	-6.261834765355783761e-02	1.442447259090535831e-02	-6.096088034485123291e-02	8.613239891761455269e-02	-7.532147530340499442e-02	7.953171164765630852e-02	-1.429765481810866753e-02	5.590699351959076829e-02	-9.606401953173918096e-02	1.250241527829902277e-01	-1.163961245111315296e-01	9.781619654833303978e-02	-1.462193191675843773e-01	2.451321344365277322e-01	-3.964081296713807823e-01	1.326271128927887233e-01	-1.000287144252055838e-01	1.429996091630825750e-01	-2.809998110971797525e-01	1.000000000000000000e+00	-4.555317722097477762e-01	7.562759712967703774e-02	-8.525211123794104728e-02	2.405138226153641368e-01	-6.150925610088515683e-01	2.847414293275771779e-01
-2.163491129399809990e-02	1.759639696727640160e-02	-3.078645783691069324e-02	2.449333679428591232e-02	-3.753610257163936953e-02	2.963937396540295560e-02	-2.363821388834780671e-02	3.786748161330080742e-02	-3.483213771038527057e-02	3.673513337757583486e-02	-8.530069296674035531e-03	3.530072048089986925e-02	-5.134485138039043828e-02	4.390758637226462729e-02	-4.756049431921712672e-02	8.430324906926545472e-03	-3.296501899536039004e-02	5.526589149153256220e-02	-7.416959331249667331e-02	6.851016677930883703e-02	-5.659684519705918126e-02	7.795926478316624053e-02	-1.445932823004245360e-01	1.495601417524067001e-01	-8.525646488473145879e-02	5.496394119329722078e-02	-8.161380474884635805e-02	1.325793775532646546e-01	-4.555317722097477762e-01	1.000000000000000444e+00	-4.481025467586505218e-02	4.853937049165624185e-02	-1.539506097930198325e-01	2.934883662435658902e-01	-8.083850730551287445e-01
1.443071220847870484e-02	-1.174788127539986432e-02	2.043400077452214858e-02	-1.624342399143170051e-02	2.482101115157893390e-02	-2.004658405345473987e-02	1.586862906757392083e-02	-2.531220905570484569e-02	2.288086639664927563e-02	-2.418888689225268812e-02	9.732842649615498776e-03	-2.540624105808696881e-02	3.310111142699214554e-02	-2.820176070226292769e-02	3.047793747771274098e-02	-9.689032501671718256e-03	2.341713904053097789e-02	-3.658712949054681446e-02	4.548719285581616367e-02	-4.123513657140319422e-02	1.995387194648542972e-01	-1.725055352194121983e-01	8.962781699173621996e-02	-8.090775270426567300e-02	4.621086075369683355e-02	-3.261630925687943883e-01	1.966066181674536451e-01	-1.327555731155991570e-01	7.562759712967703774e-02	-4.481025467586505218e-02	1.000000000000000222e+00	-8.900933968820078368e-01	1.340564768376739380e-01	-8.491424860704685496e-02	4.342674937769360616e-02
-1.539359611466736832e-02	1.251750975276935685e-02	-2.183353735934716322e-02	1.733398547192522426e-02	-2.654959314512971014e-02	2.124109259871298505e-02	-1.688413832780694818e-02	2.688958733817653490e-02	-2.445642934524483447e-02	2.575055085198017096e-02	-1.079464896719869657e-02	2.696712096658674535e-02	-3.569462763134864658e-02	3.015078916136802734e-02	-3.271292148165944047e-02	1.069681704663517398e-02	-2.510115000592035017e-02	3.908226248432520450e-02	-4.906435781125946527e-02	4.355199951522128327e-02	-2.290974929743479771e-01	1.716996199219194830e-01	-9.826290215770112912e-02	8.450516414415866484e-02	-4.981993315651485343e-02	2.348065014870339695e-01	-2.519182664914871861e-01	1.435967567569136905e-01	-8.525211123794104728e-02	4.853937049165624185e-02	-8.900933968820078368e-01	1.000000000000000222e+00	-1.740879944264098478e-01	9.112209864743572862e-02	-4.854267331492850834e-02
3.087666621039975023e-02	-2.518601090447718932e-02	4.371451204758773634e-02	-3.486791250616064208e-02	5.309747636472750276e-02	-4.316096982368824303e-02	3.406938850725401563e-02	-5.469613530625713760e-02	4.930455130607544478e-02	-5.237764474248500501e-02	1.399846110200783297e-02	-5.271270859057503727e-02	7.175648813218943323e-02	-6.173947640060714614e-02	6.587170208668030602e-02	-1.391444854352451993e-02	4.820922534816207000e-02	-8.043305490917151968e-02	9.974259845722990847e-02	-9.237682450741172002e-02	1.392081252673580682e-01	-2.131898644811404953e-01	2.045154750431052437e-01	-2.031749414067328952e-01	1.026523375573745456e-01	-1.622632964288922841e-01	2.244949930836714624e-01	-7.679540821943995343e-01	2.405138226153641368e-01	-1.539506097930198325e-01	1.340564768376739380e-01	-1.740879944264098478e-01	1.000000000000000000e+00	-4.019763131097854325e-01	1.513174041239314649e-01
-3.475548502705490955e-02	2.823938674909771962e-02	-4.953886759695996789e-02	3.935996082095348514e-02	-6.044174064096566323e-02	4.733170081458475814e-02	-3.794244237031203087e-02	6.068609246873551966e-02	-5.608673854482177507e-02	5.874195241023353470e-02	-1.413383552055021142e-02	5.714702850603535500e-02	-8.409266144445819158e-02	7.053109957797276675e-02	-7.649040956429652149e-02	1.395038323836208377e-02	-5.389864786581750888e-02	8.991042960178426136e-02	-1.199807773257510618e-01	1.026099383250944214e-01	-1.014545714526648157e-01	1.362833248695441146e-01	-2.425482081741675011e-01	2.237118643500332071e-01	-1.265103840722986983e-01	9.832694879551609479e-02	-1.495443380179292125e-01	2.473022982088204924e-01	-6.150925610088515683e-01	2.934883662435658902e-01	-8.491424860704685496e-02	9.112209864743572862e-02	-4.019763131097854325e-01	1.000000000000000000e+00	-4.716766833429483774e-01
2.002369699149453286e-02	-1.628591938352449975e-02	2.844369643610275555e-02	-2.261470766577364233e-02	3.464270477913478086e-02	-2.749792398375952573e-02	2.182468535157719436e-02	-3.496425237707734279e-02	3.197527826668622453e-02	-3.387750282514445654e-02	7.945709445288781994e-03	-3.254488149262034502e-02	4.608048964301299233e-02	-4.001277207781470113e-02	4.338748752606871872e-02	-7.866116061255970168e-03	3.002059893469080643e-02	-4.987223979627458670e-02	6.633021903262201202e-02	-6.332885691473605361e-02	5.358884794797401374e-02	-7.608425545269270618e-02	1.215661308318091854e-01	-1.344379193373410053e-01	7.471305525898117028e-02	-5.443753913389550586e-02	7.769133875876901851e-02	-1.397693123830779649e-01	2.847414293275771779e-01	-8.083850730551287445e-01	4.342674937769360616e-02	-4.854267331492850834e-02	1.513174041239314649e-01	-4.716766833429483774e-01	1.000000000000000000e+00
