1.000000000000000222e+00	-9.815809804461379517e-01	5.121626578703765420e-02	-2.754751150326413892e-02	2.092628485953819395e-02	-1.135076264471086144e-01	1.165417756055369264e-01	-4.061659084919289064e-02	2.138195290107238258e-02	-1.988182997196090429e-02	5.152228928501367822e-02	-8.812398365717051540e-02	4.758085587537097538e-02	-2.727025999260841715e-02	2.377192435143588717e-02	-4.940765345727185509e-02	4.787018797512508639e-02	-3.474456155972676513e-02	3.142264446575981918e-02	-2.229643097326515500e-02	2.972246122694971460e-02	-3.475240621852781348e-02	3.057826420178048898e-02	-2.358781956591055745e-02	2.269712605804759600e-02	-3.323768849838240613e-02	3.843763612191640477e-02	-1.857337865171498209e-02	1.495006844925064748e-02	-1.349322790316980457e-02	1.701504723522776624e-02	-1.453478155275795582e-02	1.854682723357332919e-02	-1.398897177504709703e-02	1.342933993862930643e-02
-9.815809804461379517e-01	1.000000000000000444e+00	-5.293227868927942448e-02	2.674827938006857364e-02	-2.043168225256369180e-02	1.028401709735161373e-01	-1.313799275458676918e-01	3.988451343129912480e-02	-2.085876105754652307e-02	1.928627347214607879e-02	-4.914866059096259510e-02	8.215241458566649446e-02	-4.696577597092543854e-02	2.641318059830945891e-02	-2.314773273401211570e-02	4.582330840467849220e-02	-4.677387120472956128e-02	3.363775957973152292e-02	-3.062300097698518811e-02	2.160129549030198257e-02	-2.830195492276620442e-02	3.342552757458502194e-02	-2.972596894506002521e-02	2.285838717290978456e-02	-2.207363569210677584e-02	3.134337093292650922e-02	-3.730299440299734287e-02	1.796717101454002596e-02	-1.449771448208752797e-02	1.307592694698902352e-02	-1.643111440312228916e-02	1.399951527305056190e-02	-1.798811719989744373e-02	1.354046312105630125e-02	-1.303737431647789338e-02
5.121626578703765420e-02	-5.293227868927942448e-02	1.000000000000000000e+00	-2.827730185014466491e-01	1.493243493854897741e-01	-1.478507310313731116e-01	1.228731657734382088e-01	-7.717426913936936694e-01	1.703467864613445182e-01	-1.437673332294775730e-01	1.157999382746158074e-01	-2.433225158502263785e-01	2.979078583912341815e-01	-1.929408945951839871e-01	1.414603832017254925e-01	-1.366847015577574709e-01	1.794540245157871250e-01	-2.176145920987976323e-01	1.790923243669872156e-01	-1.334387857248743037e-01	1.032378822896200254e-01	-1.582676575699808463e-01	1.529473146396981009e-01	-1.295845598679153388e-01	1.198415612125170726e-01	-1.246137487789019116e-01	1.572510940262991652e-01	-9.129496454834827579e-02	7.413951325093115496e-02	-6.929809132792145998e-02	7.299307431745291619e-02	-6.407076654930216053e-02	8.691050081976034458e-02	-6.986031510497676955e-02	6.716198939061995832e-02
-2.754751150326413892e-02	2.674827938006857364e-02	-2.827730185014466491e-01	1.000000000000000444e+00	-4.846361921526719518e-01	9.021767350150461384e-02	-7.698964727217576243e-02	1.756045299779386004e-01	-6.355344363447595901e-01	3.032309370466738097e-01	-8.012253859994368510e-02	1.447668576814733488e-01	-2.073787503278019806e-01	2.834197503800695572e-01	-2.418980730402599533e-01	9.228422851099506163e-02	-1.606441639696126189e-01	1.654723712220247944e-01	-2.595836324276327711e-01	1.748947286335231499e-01	-8.095707058727594219e-02	1.309778014296742177e-01	-1.431843725705810588e-01	1.438015237849299965e-01	-1.507702322568275355e-01	9.468261279834506994e-02	-1.431859775014510394e-01	8.605885589330580787e-02	-7.787536155417980333e-02	7.591853446811502870e-02	-6.776933595815558264e-02	5.808810398167938566e-02	-8.548601439908452837e-02	7.127452467928137303e-02	-7.551433705299824550e-02
2.092628485953819395e-02	-2.043168225256369180e-02	1.493243493854897741e-01	-4.846361921526719518e-01	1.000000000000000666e+00	-7.733912873928462661e-02	6.329982154991276033e-02	-1.196277858129853044e-01	2.871618934554631686e-01	-7.620280894403799188e-01	6.713962423541787461e-02	-1.224815822582319275e-01	1.427130313103933956e-01	-2.383481403553478761e-01	2.071491983108174617e-01	-7.978120391136150902e-02	1.273624619273723835e-01	-1.301110445474628896e-01	1.815672712221371166e-01	-1.716282480426113144e-01	6.826005833169940251e-02	-1.093353451392625464e-01	1.126781097758774441e-01	-1.213139248800343267e-01	1.212447188940734971e-01	-8.180503535115807301e-02	1.191755914344979211e-01	-7.093032139777898093e-02	6.361364369845583233e-02	-6.325424690766917601e-02	5.578210845339307694e-02	-4.840536429853849881e-02	6.924755016990449819e-02	-5.936414358633337884e-02	6.113121978857521954e-02
-1.135076264471086144e-01	1.028401709735161373e-01	-1.478507310313731116e-01	9.021767350150461384e-02	-7.733912873928462661e-02	1.000000000000000666e+00	-7.708965062505408472e-01	1.134476628156250999e-01	-7.622292689234655416e-02	7.125436001550738974e-02	-3.719832450835153237e-01	2.997694316266661940e-01	-1.919180782194828960e-01	9.878345306785332736e-02	-9.328552544835440330e-02	2.208836785573516648e-01	-2.220036368980407016e-01	1.328157346050035659e-01	-1.257470450124702210e-01	8.537578643409027279e-02	-1.355287880246468513e-01	1.429474815364289164e-01	-1.274832973537766700e-01	9.353654448545395406e-02	-9.252259423907388536e-02	1.346796262415125844e-01	-1.689210152055390379e-01	7.607155802402336409e-02	-6.151756320468926981e-02	5.463293004579820866e-02	-7.269618445510678262e-02	6.070388153226152078e-02	-7.801000809871834474e-02	5.695711233966156695e-02	-5.526985803783959067e-02
1.165417756055369264e-01	-1.313799275458676918e-01	1.228731657734382088e-01	-7.698964727217576243e-02	6.329982154991276033e-02	-7.708965062505408472e-01	1.000000000000000444e+00	-1.072691515753942670e-01	6.373004601693296745e-02	-5.960337061035174411e-02	2.298913927227792253e-01	-4.911493183968005938e-01	1.665155128369848192e-01	-8.406732262949594137e-02	7.596160821197883717e-02	-2.011350776779161076e-01	1.751479607172900799e-01	-1.147028035633826104e-01	1.025383768244087779e-01	-7.081586601632428035e-02	1.098301768044645937e-01	-1.196922575423562118e-01	1.039206077403882350e-01	-7.719439933567487366e-02	7.480749447421707055e-02	-1.181842853788730024e-01	1.318177241065583427e-01	-6.218676041338346006e-02	4.980885762949076312e-02	-4.446471265675526474e-02	5.839353281417616892e-02	-4.951589973190629462e-02	6.268007457224214485e-02	-4.641220140057323446e-02	4.455465017803614952e-02
-4.061659084919289064e-02	3.988451343129912480e-02	-7.717426913936936694e-01	1.756045299779386004e-01	-1.196277858129853044e-01	1.134476628156250999e-01	-1.072691515753942670e-01	1.000000000000001554e+00	-1.427760718109742644e-01	1.092407381509768738e-01	-9.233131329372935847e-02	1.895956442617864612e-01	-5.045750290023762741e-01	1.519772240589047918e-01	-1.164345915529349240e-01	1.022442398236113464e-01	-1.516957091748437902e-01	1.872613425367985196e-01	-1.558872629479098881e-01	1.054994424731765940e-01	-8.045451411342810499e-02	1.252822383221661451e-01	-1.354181315106469108e-01	1.055845200676278073e-01	-9.935066374324223737e-02	9.401574759019831751e-02	-1.251229678529339751e-01	7.399571158360820911e-02	-6.052051987223191348e-02	5.583781346795584771e-02	-5.836546774728770814e-02	5.066146245827823913e-02	-7.142372977283630020e-02	5.615333577677507348e-02	-5.474275581689291847e-02
2.138195290107238258e-02	-2.085876105754652307e-02	1.703467864613445182e-01	-6.355344363447595901e-01	2.871618934554631686e-01	-7.622292689234655416e-02	6.373004601693296745e-02	-1.427760718109742644e-01	1.000000000000001332e+00	-4.194855166137846925e-01	6.674443254144261928e-02	-1.230398702028049629e-01	1.640934133516276372e-01	-5.194618112275182220e-01	2.224750719974751545e-01	-7.813346271896341733e-02	1.298611134719076798e-01	-1.446870422110543564e-01	2.254317743280913888e-01	-1.699212244310245867e-01	6.770179143352741957e-02	-1.108496447814678459e-01	1.197387255904867609e-01	-1.291638929923389911e-01	1.284228720900670861e-01	-8.011086290524270515e-02	1.163681169020534811e-01	-7.258382386604099457e-02	6.551873867429408582e-02	-6.484049503401061176e-02	5.582314174287045933e-02	-4.831351459813951893e-02	7.078895327373616042e-02	-6.048701752710367030e-02	6.312116535495169989e-02
-1.988182997196090429e-02	1.928627347214607879e-02	-1.437673332294775730e-01	3.032309370466738097e-01	-7.620280894403799188e-01	7.125436001550738974e-02	-5.960337061035174411e-02	1.092407381509768738e-01	-4.194855166137846925e-01	1.000000000000001110e+00	-6.364531114758822938e-02	1.133373013482339153e-01	-1.461807065382245974e-01	2.418958190076643533e-01	-2.946672280604737404e-01	7.434913963944490833e-02	-1.294979594166051073e-01	1.312216201810295635e-01	-2.092636527065925012e-01	1.804552329473649575e-01	-6.605037060737332932e-02	1.076693998536918939e-01	-1.170722258680550326e-01	1.264209041770275599e-01	-1.352474781969834061e-01	7.778435166017308444e-02	-1.184329200283660705e-01	7.217190594248815150e-02	-6.657936077650503104e-02	6.642017182398630981e-02	-5.634782714426147393e-02	4.841615520173342402e-02	-7.152086305044932923e-02	6.115050831294087386e-02	-6.539191534440717823e-02
5.152228928501367822e-02	-4.914866059096259510e-02	1.157999382746158074e-01	-8.012253859994368510e-02	6.713962423541787461e-02	-3.719832450835153237e-01	2.298913927227792253e-01	-9.233131329372935847e-02	6.674443254144261928e-02	-6.364531114758822938e-02	1.000000000000002887e+00	-3.520248061315507937e-01	1.584834596920927652e-01	-8.926685559051403263e-02	8.267780112042244500e-02	-7.547468349858982295e-01	2.018518504048359141e-01	-1.245760354943952486e-01	1.119209031141133737e-01	-7.826040216205117084e-02	2.097911629694997893e-01	-1.593316848030019162e-01	1.211905925931774791e-01	-8.783382327177614857e-02	8.437830652717979996e-02	-2.234660525565113909e-01	1.627335629521221849e-01	-7.497475189734792433e-02	5.841238601759911331e-02	-5.156913789002798287e-02	7.731133083421698471e-02	-6.624277302490721997e-02	7.539395238311022429e-02	-5.498188690133426482e-02	5.150680605016526303e-02
-8.812398365717051540e-02	8.215241458566649446e-02	-2.433225158502263785e-01	1.447668576814733488e-01	-1.224815822582319275e-01	2.997694316266661940e-01	-4.911493183968005938e-01	1.895956442617864612e-01	-1.230398702028049629e-01	1.133373013482339153e-01	-3.520248061315507937e-01	9.999999999999997780e-01	-4.077008366677825069e-01	1.611273597834297355e-01	-1.484736687738396066e-01	2.423206123968537906e-01	-3.813803362888497639e-01	2.235733412660028674e-01	-2.030468995199851967e-01	1.356745351420241552e-01	-1.758828912536421485e-01	2.202262334047925263e-01	-2.050338782509150137e-01	1.482967331052241766e-01	-1.458352350771617012e-01	1.789665762635886948e-01	-2.495299106046293680e-01	1.174037605939081130e-01	-9.533924661257528466e-02	8.487507685733149121e-02	-1.070053794915614698e-01	8.953649896264405383e-02	-1.196523302035603920e-01	8.788396491133312893e-02	-8.570899633715425847e-02
4.758085587537097538e-02	-4.696577597092543854e-02	2.979078583912341815e-01	-2.073787503278019806e-01	1.427130313103933956e-01	-1.919180782194828960e-01	1.665155128369848192e-01	-5.045750290023762741e-01	1.640934133516276372e-01	-1.461807065382245974e-01	1.584834596920927652e-01	-4.077008366677825069e-01	1.000000000000002665e+00	-2.570501405794450855e-01	1.707940778472689936e-01	-1.797754152843816788e-01	2.481456207797365643e-01	-4.486758531080292656e-01	2.402776872714726120e-01	-1.669726448957589704e-01	1.364753536986834936e-01	-2.191353724529196412e-01	2.299749983265477471e-01	-1.757254073921176163e-01	1.560976619492489559e-01	-1.612004993327168789e-01	2.014649845254095906e-01	-1.248732758325904607e-01	9.835511398309802755e-02	-9.019953223381985130e-02	9.539457008275159522e-02	-8.372715303564698397e-02	1.167023149194506559e-01	-9.197879150298896023e-02	8.731522112137526936e-02
-2.727025999260841715e-02	2.641318059830945891e-02	-1.929408945951839871e-01	2.834197503800695572e-01	-2.383481403553478761e-01	9.878345306785332736e-02	-8.406732262949594137e-02	1.519772240589047918e-01	-5.194618112275182220e-01	2.418958190076643533e-01	-8.926685559051403263e-02	1.611273597834297355e-01	-2.570501405794450855e-01	1.000000000000001332e+00	-4.428107306758117256e-01	1.031142379755492638e-01	-1.857047730311139344e-01	2.153994800839345580e-01	-4.943573026098235235e-01	2.595150353144904387e-01	-9.276107810705533363e-02	1.558013229198620397e-01	-1.814134581316635964e-01	2.006066316185689258e-01	-2.074722679353763755e-01	1.081313386806831423e-01	-1.607943961678547362e-01	1.053753434946395201e-01	-9.799106314377351024e-02	9.733933586228883661e-02	-7.917101143659358020e-02	6.815107401402054066e-02	-1.035044396474417844e-01	8.894144813819856998e-02	-9.580071890511401844e-02
2.377192435143588717e-02	-2.314773273401211570e-02	1.414603832017254925e-01	-2.418980730402599533e-01	2.071491983108174617e-01	-9.328552544835440330e-02	7.596160821197883717e-02	-1.164345915529349240e-01	2.224750719974751545e-01	-2.946672280604737404e-01	8.267780112042244500e-02	-1.484736687738396066e-01	1.707940778472689936e-01	-4.428107306758117256e-01	1.000000000000003997e+00	-9.891971705485201605e-02	1.630037020689275307e-01	-1.822874976937910452e-01	2.797568244691457928e-01	-6.844806890106451824e-01	8.827383624335229106e-02	-1.499018712388106578e-01	1.632114105535529824e-01	-2.313220279329746276e-01	2.382662425983834986e-01	-1.057309718193840398e-01	1.503638926517704144e-01	-1.044924327366370531e-01	1.006332212862131731e-01	-1.101261667020343865e-01	7.560944658904648896e-02	-6.630710724025466740e-02	9.966365019845703499e-02	-9.418677328751026701e-02	1.001184439831030309e-01
-4.940765345727185509e-02	4.582330840467849220e-02	-1.366847015577574709e-01	9.228422851099506163e-02	-7.978120391136150902e-02	2.208836785573516648e-01	-2.011350776779161076e-01	1.022442398236113464e-01	-7.813346271896341733e-02	7.434913963944490833e-02	-7.547468349858982295e-01	2.423206123968537906e-01	-1.797754152843816788e-01	1.031142379755492638e-01	-9.891971705485201605e-02	1.000000000000002220e+00	-2.641718660294362642e-01	1.435373111589375028e-01	-1.342501099126657826e-01	9.223008698509799208e-02	-3.633724918919319924e-01	1.895913913681864238e-01	-1.481351627981764285e-01	1.043628217909757516e-01	-1.021060297684824869e-01	2.386803563565240704e-01	-2.073714378047427642e-01	8.973823810478392948e-02	-7.057381363912761107e-02	6.185169509119361336e-02	-9.470485877901685390e-02	7.855811626985395590e-02	-9.201274183830351894e-02	6.586097190961145986e-02	-6.237558802587148121e-02
4.787018797512508639e-02	-4.677387120472956128e-02	1.794540245157871250e-01	-1.606441639696126189e-01	1.273624619273723835e-01	-2.220036368980407016e-01	1.751479607172900799e-01	-1.516957091748437902e-01	1.298611134719076798e-01	-1.294979594166051073e-01	2.018518504048359141e-01	-3.813803362888497639e-01	2.481456207797365643e-01	-1.857047730311139344e-01	1.630037020689275307e-01	-2.641718660294362642e-01	9.999999999999985567e-01	-3.498281230115047880e-01	2.286268281544261982e-01	-1.696619903569136500e-01	2.245869085638662888e-01	-5.467661879137378778e-01	2.787871779816352702e-01	-1.998526410319597657e-01	1.739794327368567872e-01	-2.686415431621808070e-01	2.999608286494360732e-01	-1.590932686661780393e-01	1.206253289545372309e-01	-1.080642372330204021e-01	1.314266962881587286e-01	-1.168127288614365100e-01	1.487149302294785980e-01	-1.145841891182366457e-01	1.045945448333253092e-01
-3.474456155972676513e-02	3.363775957973152292e-02	-2.176145920987976323e-01	1.654723712220247944e-01	-1.301110445474628896e-01	1.328157346050035659e-01	-1.147028035633826104e-01	1.872613425367985196e-01	-1.446870422110543564e-01	1.312216201810295635e-01	-1.245760354943952486e-01	2.235733412660028674e-01	-4.486758531080292656e-01	2.153994800839345580e-01	-1.822874976937910452e-01	1.435373111589375028e-01	-3.498281230115047880e-01	1.000000000000001110e+00	-4.206779501786854225e-01	1.873589621836157793e-01	-1.397489859729582340e-01	2.684143838962770312e-01	-5.590528984596264683e-01	2.387207649408489840e-01	-2.084561754450491855e-01	1.550300923997731395e-01	-2.207583621565036569e-01	1.682752984796994922e-01	-1.301485666915433992e-01	1.114503386137107865e-01	-1.119288642293951169e-01	9.659768447574726413e-02	-1.597724469503197797e-01	1.149938301473761165e-01	-1.097671166391042397e-01
3.142264446575981918e-02	-3.062300097698518811e-02	1.790923243669872156e-01	-2.595836324276327711e-01	1.815672712221371166e-01	-1.257470450124702210e-01	1.025383768244087779e-01	-1.558872629479098881e-01	2.254317743280913888e-01	-2.092636527065925012e-01	1.119209031141133737e-01	-2.030468995199851967e-01	2.402776872714726120e-01	-4.943573026098235235e-01	2.797568244691457928e-01	-1.342501099126657826e-01	2.286268281544261982e-01	-4.206779501786854225e-01	1.000000000000001554e+00	-3.774719025182623477e-01	1.215973492238646980e-01	-2.202429879271647073e-01	2.584591923464141794e-01	-3.967673207634984101e-01	2.648321876444542644e-01	-1.446414950748554917e-01	1.980903325963185024e-01	-1.468983940812747802e-01	1.325932450909049487e-01	-1.313811834514962695e-01	1.007744938207121854e-01	-8.896356786658463078e-02	1.350503134714655107e-01	-1.225094407524651569e-01	1.217996157632607324e-01
-2.229643097326515500e-02	2.160129549030198257e-02	-1.334387857248743037e-01	1.748947286335231499e-01	-1.716282480426113144e-01	8.537578643409027279e-02	-7.081586601632428035e-02	1.054994424731765940e-01	-1.699212244310245867e-01	1.804552329473649575e-01	-7.826040216205117084e-02	1.356745351420241552e-01	-1.669726448957589704e-01	2.595150353144904387e-01	-6.844806890106451824e-01	9.223008698509799208e-02	-1.696619903569136500e-01	1.873589621836157793e-01	-3.774719025182623477e-01	1.000000000000005551e+00	-8.676728718091215875e-02	1.502815715059752366e-01	-1.837106474776589449e-01	2.579868578023666315e-01	-4.424470573369114201e-01	1.014534455234430144e-01	-1.522304216348238926e-01	1.130865763466513269e-01	-1.188309916416500078e-01	1.345352406419628444e-01	-8.029178805048800549e-02	6.930245706106460957e-02	-1.113235637188964983e-01	1.061433875660801884e-01	-1.291414035961005735e-01
2.972246122694971460e-02	-2.830195492276620442e-02	1.032378822896200254e-01	-8.095707058727594219e-02	6.826005833169940251e-02	-1.355287880246468513e-01	1.098301768044645937e-01	-8.045451411342810499e-02	6.770179143352741957e-02	-6.605037060737332932e-02	2.097911629694997893e-01	-1.758828912536421485e-01	1.364753536986834936e-01	-9.276107810705533363e-02	8.827383624335229106e-02	-3.633724918919319924e-01	2.245869085638662888e-01	-1.397489859729582340e-01	1.215973492238646980e-01	-8.676728718091215875e-02	1.000000000000002220e+00	-3.295337149238120045e-01	1.617619482778823170e-01	-1.057538300766211331e-01	9.795831370710696151e-02	-7.851084509866969041e-01	2.207861815512152659e-01	-1.007498538495075618e-01	7.325557870588708664e-02	-6.290648340340473932e-02	1.242372248189008710e-01	-1.080428374363165411e-01	9.966732227780637776e-02	-7.018333015597305602e-02	6.217428008211384194e-02
-3.475240621852781348e-02	3.342552757458502194e-02	-1.582676575699808463e-01	1.309778014296742177e-01	-1.093353451392625464e-01	1.429474815364289164e-01	-1.196922575423562118e-01	1.252822383221661451e-01	-1.108496447814678459e-01	1.076693998536918939e-01	-1.593316848030019162e-01	2.202262334047925263e-01	-2.191353724529196412e-01	1.558013229198620397e-01	-1.499018712388106578e-01	1.895913913681864238e-01	-5.467661879137378778e-01	2.684143838962770312e-01	-2.202429879271647073e-01	1.502815715059752366e-01	-3.295337149238120045e-01	1.000000000000000444e+00	-4.823000542963523651e-01	2.007531848168613020e-01	-1.845050461567603883e-01	2.533066307817528062e-01	-4.118241470225617595e-01	1.709393026275669025e-01	-1.279973940445195135e-01	1.071509337078469237e-01	-1.392084643626897156e-01	1.197487403640791204e-01	-1.670431948175134518e-01	1.153082036215794803e-01	-1.069623222833241960e-01
3.057826420178048898e-02	-2.972596894506002521e-02	1.529473146396981009e-01	-1.431843725705810588e-01	1.126781097758774441e-01	-1.274832973537766700e-01	1.039206077403882350e-01	-1.354181315106469108e-01	1.197387255904867609e-01	-1.170722258680550326e-01	1.211905925931774791e-01	-2.050338782509150137e-01	2.299749983265477471e-01	-1.814134581316635964e-01	1.632114105535529824e-01	-1.481351627981764285e-01	2.787871779816352702e-01	-5.590528984596264683e-01	2.584591923464141794e-01	-1.837106474776589449e-01	1.617619482778823170e-01	-4.823000542963523651e-01	1.000000000000002665e+00	-3.750612939528712442e-01	2.250436025079690927e-01	-1.815509602425349200e-01	2.312588853151645862e-01	-2.823341600779920024e-01	1.587243610761197299e-01	-1.304258020237351878e-01	1.260706302274747503e-01	-1.141851356384413624e-01	1.944802751080015601e-01	-1.418497279215518991e-01	1.227615594928941622e-01
-2.358781956591055745e-02	2.285838717290978456e-02	-1.295845598679153388e-01	1.438015237849299965e-01	-1.213139248800343267e-01	9.353654448545395406e-02	-7.719439933567487366e-02	1.055845200676278073e-01	-1.291638929923389911e-01	1.264209041770275599e-01	-8.783382327177614857e-02	1.482967331052241766e-01	-1.757254073921176163e-01	2.006066316185689258e-01	-2.313220279329746276e-01	1.043628217909757516e-01	-1.998526410319597657e-01	2.387207649408489840e-01	-3.967673207634984101e-01	2.579868578023666315e-01	-1.057538300766211331e-01	2.007531848168613020e-01	-3.750612939528712442e-01	1.000000000000001110e+00	-6.794136212535997199e-01	1.205767068503633688e-01	-1.770902913260054279e-01	1.671460952727862881e-01	-2.095464685277051986e-01	1.898566584277417146e-01	-1.020256090014507178e-01	8.884329789062400673e-02	-1.576143810231055431e-01	1.598714685520299383e-01	-1.831634183719931530e-01
2.269712605804759600e-02	-2.207363569210677584e-02	1.198415612125170726e-01	-1.507702322568275355e-01	1.212447188940734971e-01	-9.252259423907388536e-02	7.480749447421707055e-02	-9.935066374324223737e-02	1.284228720900670861e-01	-1.352474781969834061e-01	8.437830652717979996e-02	-1.458352350771617012e-01	1.560976619492489559e-01	-2.074722679353763755e-01	2.382662425983834986e-01	-1.021060297684824869e-01	1.739794327368567872e-01	-2.084561754450491855e-01	2.648321876444542644e-01	-4.424470573369114201e-01	9.795831370710696151e-02	-1.845050461567603883e-01	2.250436025079690927e-01	-6.794136212535997199e-01	1.000000000000002665e+00	-1.167126874685955884e-01	1.611105713125311756e-01	-1.521093276743487599e-01	1.761929960074733459e-01	-2.852949712709366703e-01	9.303266794126061057e-02	-8.307493182342227944e-02	1.384589476457215307e-01	-1.621813889171669909e-01	1.931202374379891729e-01
-3.323768849838240613e-02	3.134337093292650922e-02	-1.246137487789019116e-01	9.468261279834506994e-02	-8.180503535115807301e-02	1.346796262415125844e-01	-1.181842853788730024e-01	9.401574759019831751e-02	-8.011086290524270515e-02	7.778435166017308444e-02	-2.234660525565113909e-01	1.789665762635886948e-01	-1.612004993327168789e-01	1.081313386806831423e-01	-1.057309718193840398e-01	2.386803563565240704e-01	-2.686415431621808070e-01	1.550300923997731395e-01	-1.446414950748554917e-01	1.014534455234430144e-01	-7.851084509866969041e-01	2.533066307817528062e-01	-1.815509602425349200e-01	1.205767068503633688e-01	-1.167126874685955884e-01	1.000000000000001110e+00	-3.147109069231552869e-01	1.195033110921264463e-01	-8.842988684638090902e-02	7.511657316057729350e-02	-1.871915035950569850e-01	1.371444092790165548e-01	-1.252184026080046531e-01	8.429846188450601518e-02	-7.538568037579260195e-02
3.843763612191640477e-02	-3.730299440299734287e-02	1.572510940262991652e-01	-1.431859775014510394e-01	1.191755914344979211e-01	-1.689210152055390379e-01	1.318177241065583427e-01	-1.251229678529339751e-01	1.163681169020534811e-01	-1.184329200283660705e-01	1.627335629521221849e-01	-2.495299106046293680e-01	2.014649845254095906e-01	-1.607943961678547362e-01	1.503638926517704144e-01	-2.073714378047427642e-01	2.999608286494360732e-01	-2.207583621565036569e-01	1.980903325963185024e-01	-1.522304216348238926e-01	2.207861815512152659e-01	-4.118241470225617595e-01	2.312588853151645862e-01	-1.770902913260054279e-01	1.611105713125311756e-01	-3.147109069231552869e-01	1.000000000000001554e+00	-1.836399819394919919e-01	1.274333907600665172e-01	-1.110309300860722048e-01	1.764640526086140582e-01	-1.836226653373528583e-01	1.687702889490742264e-01	-1.251478310537607885e-01	1.075628210788168171e-01
-1.857337865171498209e-02	1.796717101454002596e-02	-9.129496454834827579e-02	8.605885589330580787e-02	-7.093032139777898093e-02	7.607155802402336409e-02	-6.218676041338346006e-02	7.399571158360820911e-02	-7.258382386604099457e-02	7.217190594248815150e-02	-7.497475189734792433e-02	1.174037605939081130e-01	-1.248732758325904607e-01	1.053753434946395201e-01	-1.044924327366370531e-01	8.973823810478392948e-02	-1.590932686661780393e-01	1.682752984796994922e-01	-1.468983940812747802e-01	1.130865763466513269e-01	-1.007498538495075618e-01	1.709393026275669025e-01	-2.823341600779920024e-01	1.671460952727862881e-01	-1.521093276743487599e-01	1.195033110921264463e-01	-1.836399819394919919e-01	1.000000000000000888e+00	-4.115392663327268052e-01	1.736975551882262714e-01	-2.321100919536545626e-01	2.004882489168490767e-01	-7.302021049129494568e-01	2.675083990547600932e-01	-1.750922958778531324e-01
1.495006844925064748e-02	-1.449771448208752797e-02	7.413951325093115496e-02	-7.787536155417980333e-02	6.361364369845583233e-02	-6.151756320468926981e-02	4.980885762949076312e-02	-6.052051987223191348e-02	6.551873867429408582e-02	-6.657936077650503104e-02	5.841238601759911331e-02	-9.533924661257528466e-02	9.835511398309802755e-02	-9.799106314377351024e-02	1.006332212862131731e-01	-7.057381363912761107e-02	1.206253289545372309e-01	-1.301485666915433992e-01	1.325932450909049487e-01	-1.188309916416500078e-01	7.325557870588708664e-02	-1.279973940445195135e-01	1.587243610761197299e-01	-2.095464685277051986e-01	1.761929960074733459e-01	-8.842988684638090902e-02	1.274333907600665172e-01	-4.115392663327268052e-01	1.000000000000001332e+00	-3.921995599694536039e-01	1.230280018978179013e-01	-1.154333553902403969e-01	2.679047709265146571e-01	-7.060035740268926219e-01	2.819729762840652576e-01
-1.349322790316980457e-02	1.307592694698902352e-02	-6.929809132792145998e-02	7.591853446811502870e-02	-6.325424690766917601e-02	5.463293004579820866e-02	-4.446471265675526474e-02	5.583781346795584771e-02	-6.484049503401061176e-02	6.642017182398630981e-02	-5.156913789002798287e-02	8.487507685733149121e-02	-9.019953223381985130e-02	9.733933586228883661e-02	-1.101261667020343865e-01	6.185169509119361336e-02	-1.080642372330204021e-01	1.114503386137107865e-01	-1.313811834514962695e-01	1.345352406419628444e-01	-6.290648340340473932e-02	1.071509337078469237e-01	-1.304258020237351878e-01	1.898566584277417146e-01	-2.852949712709366703e-01	7.511657316057729350e-02	-1.110309300860722048e-01	1.736975551882262714e-01	-3.921995599694536039e-01	1.000000000000000444e+00	-9.617071768671398013e-02	8.378933431358459583e-02	-1.809807111959799708e-01	2.857044422516913373e-01	-7.890618217516361943e-01
1.701504723522776624e-02	-1.643111440312228916e-02	7.299307431745291619e-02	-6.776933595815558264e-02	5.578210845339307694e-02	-7.269618445510678262e-02	5.839353281417616892e-02	-5.836546774728770814e-02	5.582314174287045933e-02	-5.634782714426147393e-02	7.731133083421698471e-02	-1.070053794915614698e-01	9.539457008275159522e-02	-7.917101143659358020e-02	7.560944658904648896e-02	-9.470485877901685390e-02	1.314266962881587286e-01	-1.119288642293951169e-01	1.007744938207121854e-01	-8.029178805048800549e-02	1.242372248189008710e-01	-1.392084643626897156e-01	1.260706302274747503e-01	-1.020256090014507178e-01	9.303266794126061057e-02	-1.871915035950569850e-01	1.764640526086140582e-01	-2.321100919536545626e-01	1.230280018978179013e-01	-9.617071768671398013e-02	1.000000000000001332e+00	-8.753977787161650870e-01	2.335036172850082914e-01	-1.433823149768806704e-01	8.933407698491235838e-02
-1.453478155275795582e-02	1.399951527305056190e-02	-6.407076654930216053e-02	5.808810398167938566e-02	-4.840536429853849881e-02	6.070388153226152078e-02	-4.951589973190629462e-02	5.066146245827823913e-02	-4.831351459813951893e-02	4.841615520173342402e-02	-6.624277302490721997e-02	8.953649896264405383e-02	-8.372715303564698397e-02	6.815107401402054066e-02	-6.630710724025466740e-02	7.855811626985395590e-02	-1.168127288614365100e-01	9.659768447574726413e-02	-8.896356786658463078e-02	6.930245706106460957e-02	-1.080428374363165411e-01	1.197487403640791204e-01	-1.141851356384413624e-01	8.884329789062400673e-02	-8.307493182342227944e-02	1.371444092790165548e-01	-1.836226653373528583e-01	2.004882489168490767e-01	-1.154333553902403969e-01	8.378933431358459583e-02	-8.753977787161650870e-01	1.000000000000000888e+00	-3.330792175525044696e-01	1.261297543188869830e-01	-8.225471357356985147e-02
1.854682723357332919e-02	-1.798811719989744373e-02	8.691050081976034458e-02	-8.548601439908452837e-02	6.924755016990449819e-02	-7.801000809871834474e-02	6.268007457224214485e-02	-7.142372977283630020e-02	7.078895327373616042e-02	-7.152086305044932923e-02	7.539395238311022429e-02	-1.196523302035603920e-01	1.167023149194506559e-01	-1.035044396474417844e-01	9.966365019845703499e-02	-9.201274183830351894e-02	1.487149302294785980e-01	-1.597724469503197797e-01	1.350503134714655107e-01	-1.113235637188964983e-01	9.966732227780637776e-02	-1.670431948175134518e-01	1.944802751080015601e-01	-1.576143810231055431e-01	1.384589476457215307e-01	-1.252184026080046531e-01	1.687702889490742264e-01	-7.302021049129494568e-01	2.679047709265146571e-01	-1.809807111959799708e-01	2.335036172850082914e-01	-3.330792175525044696e-01	1.000000000000000666e+00	-3.624526872215182438e-01	1.687655287677899130e-01
-1.398897177504709703e-02	1.354046312105630125e-02	-6.986031510497676955e-02	7.127452467928137303e-02	-5.936414358633337884e-02	5.695711233966156695e-02	-4.641220140057323446e-02	5.615333577677507348e-02	-6.048701752710367030e-02	6.115050831294087386e-02	-5.498188690133426482e-02	8.788396491133312893e-02	-9.197879150298896023e-02	8.894144813819856998e-02	-9.418677328751026701e-02	6.586097190961145986e-02	-1.145841891182366457e-01	1.149938301473761165e-01	-1.225094407524651569e-01	1.061433875660801884e-01	-7.018333015597305602e-02	1.153082036215794803e-01	-1.418497279215518991e-01	1.598714685520299383e-01	-1.621813889171669909e-01	8.429846188450601518e-02	-1.251478310537607885e-01	2.675083990547600932e-01	-7.060035740268926219e-01	2.857044422516913373e-01	-1.433823149768806704e-01	1.261297543188869830e-01	-3.624526872215182438e-01	1.000000000000000444e+00	-4.532604175488971210e-01
1.342933993862930643e-02	-1.303737431647789338e-02	6.716198939061995832e-02	-7.551433705299824550e-02	6.113121978857521954e-02	-5.526985803783959067e-02	4.455465017803614952e-02	-5.474275581689291847e-02	6.312116535495169989e-02	-6.539191534440717823e-02	5.150680605016526303e-02	-8.570899633715425847e-02	8.731522112137526936e-02	-9.580071890511401844e-02	1.001184439831030309e-01	-6.237558802587148121e-02	1.045945448333253092e-01	-1.097671166391042397e-01	1.217996157632607324e-01	-1.291414035961005735e-01	6.217428008211384194e-02	-1.069623222833241960e-01	1.227615594928941622e-01	-1.831634183719931530e-01	1.931202374379891729e-01	-7.538568037579260195e-02	1.075628210788168171e-01	-1.750922958778531324e-01	2.819729762840652576e-01	-7.890618217516361943e-01	8.933407698491235838e-02	-8.225471357356985147e-02	1.687655287677899130e-01	-4.532604175488971210e-01	1.000000000000000444e+00
