1.000000000000000000e+00	-4.169479725087790745e-01	8.541432657443018273e-02	-6.255903711076589435e-02	8.524315812605443021e-02	-8.338043029043559207e-01	2.796887002021067326e-01	-9.435181796320966929e-02	8.098465890067700623e-02	-6.107016938280989543e-02	1.801344639585677199e-01	-1.935698144182265434e-01	9.392554166019595474e-02	-7.512307437601299653e-02	5.135675272002204750e-02	-1.099079052685943136e-01	8.801890468565601311e-02	-9.025724549061890645e-02	8.574401312959724353e-02	-6.319740452768864147e-02	8.672763445334229215e-02	-8.828457121253978357e-02	5.842020866526079909e-02	-5.898584336298152986e-02	4.658164882753954711e-02	-3.845017029494635780e-02	4.260245799239938819e-02	-4.894315602605532611e-02	5.126140341828439029e-02	-5.739255312855434665e-02	3.023059901195617252e-02	-3.911958588154273997e-02	6.873354651157256856e-02	-4.871330717800567700e-02	6.099903826914869487e-02
-4.169479725087790745e-01	1.000000000000000222e+00	-1.861971930700789812e-01	1.169424631487906846e-01	-1.640800329244076483e-01	2.814467598436913298e-01	-6.689339513924753566e-01	1.652640669793426220e-01	-1.517739059230904797e-01	1.043295934728269148e-01	-3.515731826059660947e-01	2.812927013536178911e-01	-1.704648352101609532e-01	1.295966581569862885e-01	-8.923764050437187068e-02	1.715933296756192994e-01	-1.517084261869326156e-01	1.470286611879975669e-01	-1.539420133818301117e-01	1.044388426815832938e-01	-1.561451466774326502e-01	1.404780750661811239e-01	-9.983296344785874687e-02	9.904374805645378699e-02	-7.863248569383865516e-02	6.467571693192621096e-02	-7.271616290354332435e-02	8.211459580713904860e-02	-8.709230869924165785e-02	9.452757990911316022e-02	-5.142708318406777335e-02	6.508291547937031241e-02	-1.179173634757392231e-01	8.176846490739222983e-02	-1.038696670861306570e-01
8.541432657443018273e-02	-1.861971930700789812e-01	1.000000000000000222e+00	-3.811035088367256130e-01	2.392438400038368329e-01	-7.295063753934818984e-02	1.235020059189865654e-01	-8.296409418666425006e-01	2.394613253993466973e-01	-1.427534532995308469e-01	1.023647754348562117e-01	-1.004344240825350842e-01	1.600187736735030342e-01	-1.500981027579950111e-01	1.052084354393510723e-01	-9.281485852133410097e-02	8.705074390420372565e-02	-1.257208946699845120e-01	1.325456766545667631e-01	-1.210689685864425047e-01	7.685435608490275017e-02	-9.069898036897371119e-02	8.011565606847538545e-02	-9.309506150835365756e-02	8.065957952179733659e-02	-4.711776019578919200e-02	5.376677332425703476e-02	-6.832565058726751406e-02	7.839231007455046973e-02	-9.817291949786430272e-02	3.716077811040843087e-02	-5.044009554056522876e-02	9.268744299860916247e-02	-6.954537980473096681e-02	8.390464407614711684e-02
-6.255903711076589435e-02	1.169424631487906846e-01	-3.811035088367256130e-01	1.000000000000000222e+00	-6.359742696808727835e-01	5.347004513292572675e-02	-8.324053720882272633e-02	2.635433367113643177e-01	-5.637445464159265285e-01	2.057235128415784431e-01	-8.524137189591875219e-02	8.244774622362559258e-02	-1.537447370255539680e-01	1.800723026544129579e-01	-1.451756806918582943e-01	8.847311035265965906e-02	-8.355296241396416301e-02	1.219644034612203526e-01	-1.550645583260280569e-01	1.526815480114449841e-01	-7.354392417323969700e-02	8.825456911920656622e-02	-8.941158254356204593e-02	1.089151389711530138e-01	-9.941403013895955265e-02	5.114250266136784184e-02	-5.898282938934939351e-02	7.676626331541447357e-02	-9.164485712862688316e-02	1.184969136063566270e-01	-4.047000159444508888e-02	5.561268319469332699e-02	-1.047908090028496636e-01	7.959743233086676029e-02	-9.575034581142516377e-02
8.524315812605443021e-02	-1.640800329244076483e-01	2.392438400038368329e-01	-6.359742696808727835e-01	1.000000000000000000e+00	-7.458252185309524607e-02	1.105364445052956779e-01	-2.871401451954379014e-01	3.251600600680270015e-01	-3.465180205309192907e-01	1.205133222794574355e-01	-1.187468360209332358e-01	1.944236401180054752e-01	-2.362809859878332308e-01	2.107962472163799061e-01	-1.347504462220300570e-01	1.215980462080624436e-01	-1.771811607616015360e-01	2.088629513806377624e-01	-2.592426656204199209e-01	1.096553962839987434e-01	-1.332460073255908040e-01	1.386931495084810506e-01	-1.739915449175576390e-01	1.598877293675574074e-01	-8.128159914698303290e-02	9.304772997158666792e-02	-1.220947502593111855e-01	1.453807201743131938e-01	-2.002743802133462869e-01	6.413152242617810306e-02	-8.925735339975041094e-02	1.665413907075486144e-01	-1.289932138223667535e-01	1.538109517460830022e-01
-8.338043029043559207e-01	2.814467598436913298e-01	-7.295063753934818984e-02	5.347004513292572675e-02	-7.458252185309524607e-02	1.000000000000000222e+00	-4.156692775679118323e-01	7.871999776019113215e-02	-7.084366194209644474e-02	5.220365856665921955e-02	-2.120890067060015316e-01	1.894109262769876900e-01	-8.635073237037654836e-02	6.612389632810136697e-02	-4.451001212752708075e-02	1.014918687496435962e-01	-8.366344124671336313e-02	8.039589484810352737e-02	-7.702521087402891542e-02	5.380027462404337463e-02	-8.346492663673664436e-02	7.999850733825247806e-02	-5.165959731217056872e-02	5.122334751238490774e-02	-4.018452888758550917e-02	3.418517745470230768e-02	-3.787288052525829979e-02	4.282845004377500153e-02	-4.466712040463224898e-02	4.903900919973273181e-02	-2.689341636197524477e-02	3.426626511568627714e-02	-5.977196859827869913e-02	4.201412385971137198e-02	-5.257866450091506355e-02
2.796887002021067326e-01	-6.689339513924753566e-01	1.235020059189865654e-01	-8.324053720882272633e-02	1.105364445052956779e-01	-4.156692775679118323e-01	1.000000000000000444e+00	-1.424860223731544973e-01	1.062434170996391786e-01	-7.724123798464731239e-02	2.716558723742819037e-01	-4.639214541828078353e-01	1.305354701683621166e-01	-9.947581042487080305e-02	6.539499571833862213e-02	-1.475942903519021632e-01	1.299318803032326330e-01	-1.238918071649817015e-01	1.122843793465013867e-01	-7.857825845063085013e-02	1.197476837310942621e-01	-1.218578714813696728e-01	7.453620716019307424e-02	-7.432268561552442254e-02	5.827418695269548365e-02	-4.910379122384759404e-02	5.421490013496277349e-02	-6.177731569105954224e-02	6.435880844788108290e-02	-7.105338991335313770e-02	3.842270947892308108e-02	-4.908576191124920662e-02	8.421073830861713905e-02	-5.972777435268870894e-02	7.384836898304186770e-02
-9.435181796320966929e-02	1.652640669793426220e-01	-8.296409418666425006e-01	2.635433367113643177e-01	-2.871401451954379014e-01	7.871999776019113215e-02	-1.424860223731544973e-01	1.000000000000000222e+00	-3.047811223915030676e-01	1.477444094455032941e-01	-1.136851673140127500e-01	1.082764986609050656e-01	-2.121925689439263796e-01	1.641095003025049848e-01	-1.147761976747718182e-01	9.856602246396027611e-02	-9.625581298002637565e-02	1.367020687636918974e-01	-1.509220203360312484e-01	1.237509831713746455e-01	-8.363183737150262087e-02	9.676950726346013332e-02	-8.636895788966715559e-02	9.831341190449989498e-02	-8.495545814010929675e-02	4.998199175202314853e-02	-5.742215929096591842e-02	7.253797779844312066e-02	-8.343152234521414301e-02	1.009210367102863076e-01	-3.957516523604743403e-02	5.328152785983514272e-02	-9.930469043350506619e-02	7.343165778031256197e-02	-8.944510774924073482e-02
8.098465890067700623e-02	-1.517739059230904797e-01	2.394613253993466973e-01	-5.637445464159265285e-01	3.251600600680270015e-01	-7.084366194209644474e-02	1.062434170996391786e-01	-3.047811223915030676e-01	1.000000000000001110e+00	-3.902563441473771988e-01	1.178506978984970033e-01	-1.164580112436286868e-01	2.226449709330350912e-01	-3.601264068707488164e-01	2.321633115293160188e-01	-1.319398513812007345e-01	1.237693919856280439e-01	-1.875081142309209248e-01	2.350354164895159526e-01	-2.554681105055048862e-01	1.082353053145999333e-01	-1.332800921545783668e-01	1.368015310176368127e-01	-1.736848297484714088e-01	1.586454136404816528e-01	-7.831540402678523194e-02	8.996082824402666656e-02	-1.189057602221883503e-01	1.432758577628009677e-01	-1.921638251263741159e-01	6.163068510205945566e-02	-8.540353745517334505e-02	1.581629650655374808e-01	-1.227104933553076205e-01	1.448220227370125845e-01
-6.107016938280989543e-02	1.043295934728269148e-01	-1.427534532995308469e-01	2.057235128415784431e-01	-3.465180205309192907e-01	5.220365856665921955e-02	-7.724123798464731239e-02	1.477444094455032941e-01	-3.902563441473771988e-01	1.000000000000000222e+00	-9.309065413613001883e-02	8.789858362815534953e-02	-1.944084952383592635e-01	2.365756609460637760e-01	-7.118663674088691051e-01	1.015157745434781683e-01	-1.008027407301406858e-01	1.467689250095385034e-01	-2.304661391718953178e-01	2.727392288666108389e-01	-8.796610730886252061e-02	1.042544432700869966e-01	-1.284744286812674330e-01	1.551125084736646731e-01	-1.937715534452253696e-01	6.751785276185670592e-02	-8.092312149577934877e-02	1.067478400220880502e-01	-1.400285548497634536e-01	1.715548204940050558e-01	-5.428730314447224176e-02	7.382119388070561283e-02	-1.512559806855696132e-01	1.114644940939115147e-01	-1.390185031340170074e-01
1.801344639585677199e-01	-3.515731826059660947e-01	1.023647754348562117e-01	-8.524137189591875219e-02	1.205133222794574355e-01	-2.120890067060015316e-01	2.716558723742819037e-01	-1.136851673140127500e-01	1.178506978984970033e-01	-9.309065413613001883e-02	1.000000000000000222e+00	-7.095290700826535346e-01	1.733181784188350949e-01	-1.284557869589684764e-01	8.075977452104189658e-02	-3.910754144709825408e-01	2.074695463075530433e-01	-1.836609407603571331e-01	1.483164204023156574e-01	-9.934485487367177015e-02	2.167208857006097666e-01	-2.134309404876787164e-01	1.038205911994518199e-01	-9.916670602174038063e-02	7.504045295192222909e-02	-7.417697272449907953e-02	7.871669379318671500e-02	-8.614884278892798175e-02	8.550131723340621825e-02	-9.221992133485180931e-02	5.658860260751844701e-02	-7.082733539904981224e-02	1.099839002273663574e-01	-7.846827807068940119e-02	9.434920179997249856e-02
-1.935698144182265434e-01	2.812927013536178911e-01	-1.004344240825350842e-01	8.244774622362559258e-02	-1.187468360209332358e-01	1.894109262769876900e-01	-4.639214541828078353e-01	1.082764986609050656e-01	-1.164580112436286868e-01	8.789858362815534953e-02	-7.095290700826535346e-01	9.999999999999978906e-01	-1.984004659587397523e-01	1.271875575458721042e-01	-7.777531619712925448e-02	2.273691570289760877e-01	-2.495493642310933902e-01	1.760510898722487672e-01	-1.499717896089528824e-01	9.208156797596452059e-02	-1.963156755348247906e-01	1.841517774141535890e-01	-9.807790901087248825e-02	9.287391604996811378e-02	-7.048591098775154606e-02	6.625985084480899567e-02	-7.232118021188425894e-02	7.940312884666765603e-02	-8.050576827402869395e-02	8.499372443915430286e-02	-5.146416931542467654e-02	6.355635256610088490e-02	-1.032832105557455471e-01	7.265597685166669262e-02	-8.825425385080058749e-02
9.392554166019595474e-02	-1.704648352101609532e-01	1.600187736735030342e-01	-1.537447370255539680e-01	1.944236401180054752e-01	-8.635073237037654836e-02	1.305354701683621166e-01	-2.121925689439263796e-01	2.226449709330350912e-01	-1.944084952383592635e-01	1.733181784188350949e-01	-1.984004659587397523e-01	1.000000000000000444e+00	-5.495392178034674835e-01	1.756903185296919689e-01	-2.150367489463377579e-01	2.387571180977147711e-01	-5.633509914500738347e-01	3.049147477536341966e-01	-1.941432684473763104e-01	1.700741547754277272e-01	-2.453614124769537552e-01	1.631008858276286611e-01	-1.787760637951370246e-01	1.361169416560917833e-01	-9.208016031429371029e-02	1.032400462792166657e-01	-1.348865108373068500e-01	1.436210397559595786e-01	-1.637764833516690277e-01	7.070924091266304889e-02	-9.554205111943471496e-02	1.585454107383083566e-01	-1.207229596707791314e-01	1.380223420230283771e-01
-7.512307437601299653e-02	1.295966581569862885e-01	-1.500981027579950111e-01	1.800723026544129579e-01	-2.362809859878332308e-01	6.612389632810136697e-02	-9.947581042487080305e-02	1.641095003025049848e-01	-3.601264068707488164e-01	2.365756609460637760e-01	-1.284557869589684764e-01	1.271875575458721042e-01	-5.495392178034674835e-01	1.000000000000001110e+00	-2.940599774157743873e-01	1.451889822074548531e-01	-1.615362054471113362e-01	2.659995576199373768e-01	-5.576543057527330038e-01	2.171616440532401215e-01	-1.237731125105804297e-01	1.569831776869570483e-01	-1.559601692403663198e-01	1.950096034850913040e-01	-1.571571076101094810e-01	8.076929959452169849e-02	-9.437790742129265054e-02	1.261987181675799097e-01	-1.575390659711681796e-01	1.716034244729499891e-01	-6.338604391687518991e-02	8.606843588339888051e-02	-1.582722532828375883e-01	1.204447979907959654e-01	-1.400048238145908119e-01
5.135675272002204750e-02	-8.923764050437187068e-02	1.052084354393510723e-01	-1.451756806918582943e-01	2.107962472163799061e-01	-4.451001212752708075e-02	6.539499571833862213e-02	-1.147761976747718182e-01	2.321633115293160188e-01	-7.118663674088691051e-01	8.075977452104189658e-02	-7.777531619712925448e-02	1.756903185296919689e-01	-2.940599774157743873e-01	1.000000000000000222e+00	-9.202263686973320700e-02	9.101006451560461619e-02	-1.379072673422555018e-01	2.100833711341496823e-01	-4.867305619103503012e-01	7.863132813704686030e-02	-9.564590238806815192e-02	1.187390470074090598e-01	-1.591303895414127589e-01	2.059975967688076615e-01	-6.226697538338785143e-02	7.387366479435535094e-02	-1.011268357926563000e-01	1.366666262726961567e-01	-1.952390487032426569e-01	4.931208454206607167e-02	-6.790685667594408004e-02	1.322475887623851543e-01	-1.025614211752551297e-01	1.212147693783518637e-01
-1.099079052685943136e-01	1.715933296756192994e-01	-9.281485852133410097e-02	8.847311035265965906e-02	-1.347504462220300570e-01	1.014918687496435962e-01	-1.475942903519021632e-01	9.856602246396027611e-02	-1.319398513812007345e-01	1.015157745434781683e-01	-3.910754144709825408e-01	2.273691570289760877e-01	-2.150367489463377579e-01	1.451889822074548531e-01	-9.202263686973320700e-02	9.999999999999997780e-01	-3.417297344327955844e-01	2.125548747858661824e-01	-1.943766791545312733e-01	1.101467607282378830e-01	-7.010801855682686767e-01	2.956017063536588441e-01	-1.395446887393183844e-01	1.202638067394453253e-01	-8.824174383911033426e-02	1.200452449982926800e-01	-1.218486687711462513e-01	1.120862030417842659e-01	-1.066750620333189459e-01	1.058968365981374504e-01	-9.111247987694309769e-02	9.904725009308437689e-02	-1.387137558574794427e-01	9.484326209286081388e-02	-1.130376548149196192e-01
8.801890468565601311e-02	-1.517084261869326156e-01	8.705074390420372565e-02	-8.355296241396416301e-02	1.215980462080624436e-01	-8.366344124671336313e-02	1.299318803032326330e-01	-9.625581298002637565e-02	1.237693919856280439e-01	-1.008027407301406858e-01	2.074695463075530433e-01	-2.495493642310933902e-01	2.387571180977147711e-01	-1.615362054471113362e-01	9.101006451560461619e-02	-3.417297344327955844e-01	1.000000000000003331e+00	-5.158963067865368624e-01	2.006849764718920959e-01	-1.103437701499096896e-01	2.706007107623258356e-01	-6.395809949524063898e-01	1.421888699015349811e-01	-1.235467819515125992e-01	8.634582590105528699e-02	-8.913294592264858762e-02	9.566200490325312000e-02	-1.116629419495917541e-01	1.029148857326614291e-01	-1.048758497819497343e-01	6.628151622806108256e-02	-8.320619400803774823e-02	1.216203802198032313e-01	-8.791785816915531626e-02	1.006075538060098723e-01
-9.025724549061890645e-02	1.470286611879975669e-01	-1.257208946699845120e-01	1.219644034612203526e-01	-1.771811607616015360e-01	8.039589484810352737e-02	-1.238918071649817015e-01	1.367020687636918974e-01	-1.875081142309209248e-01	1.467689250095385034e-01	-1.836609407603571331e-01	1.760510898722487672e-01	-5.633509914500738347e-01	2.659995576199373768e-01	-1.379072673422555018e-01	2.125548747858661824e-01	-5.158963067865368624e-01	1.000000000000001554e+00	-3.961570039810615729e-01	1.573173626890456145e-01	-2.067520958560767341e-01	2.656871538902061958e-01	-2.052297946148865238e-01	1.768519831638875883e-01	-1.240850713347996653e-01	9.615903159832188407e-02	-1.111851459281537335e-01	1.442340985074526405e-01	-1.463539715657268259e-01	1.456455925169521659e-01	-7.432216597595195373e-02	9.696459983372686386e-02	-1.630436287950504659e-01	1.177840128234664829e-01	-1.358701329083434883e-01
8.574401312959724353e-02	-1.539420133818301117e-01	1.325456766545667631e-01	-1.550645583260280569e-01	2.088629513806377624e-01	-7.702521087402891542e-02	1.122843793465013867e-01	-1.509220203360312484e-01	2.350354164895159526e-01	-2.304661391718953178e-01	1.483164204023156574e-01	-1.499717896089528824e-01	3.049147477536341966e-01	-5.576543057527330038e-01	2.100833711341496823e-01	-1.943766791545312733e-01	2.006849764718920959e-01	-3.961570039810615729e-01	1.000000000000000888e+00	-2.789772794040645265e-01	1.572223987355228503e-01	-2.160794941057891938e-01	2.103507267855550256e-01	-3.782498490242724443e-01	2.004484434894836797e-01	-1.102313755446338722e-01	1.259890916861347021e-01	-1.790866257785926341e-01	2.223416313072245354e-01	-2.465831102312389111e-01	8.455579892832086608e-02	-1.177248496258513077e-01	2.004716077264350194e-01	-1.652811045413664082e-01	1.771731518889353707e-01
-6.319740452768864147e-02	1.044388426815832938e-01	-1.210689685864425047e-01	1.526815480114449841e-01	-2.592426656204199209e-01	5.380027462404337463e-02	-7.857825845063085013e-02	1.237509831713746455e-01	-2.554681105055048862e-01	2.727392288666108389e-01	-9.934485487367177015e-02	9.208156797596452059e-02	-1.941432684473763104e-01	2.171616440532401215e-01	-4.867305619103503012e-01	1.101467607282378830e-01	-1.103437701499096896e-01	1.573173626890456145e-01	-2.789772794040645265e-01	9.999999999999996669e-01	-9.831017336356982772e-02	1.145685960005667081e-01	-1.757960908774666708e-01	2.248454139850282474e-01	-5.753311404126453255e-01	8.505715002964772675e-02	-1.051380471799248234e-01	1.437453822371057288e-01	-2.188821199415945107e-01	2.795963354777633025e-01	-6.866444319291903353e-02	9.324814156174798807e-02	-1.980234574444051099e-01	1.478001572758543269e-01	-1.836510945362416491e-01
8.672763445334229215e-02	-1.561451466774326502e-01	7.685435608490275017e-02	-7.354392417323969700e-02	1.096553962839987434e-01	-8.346492663673664436e-02	1.197476837310942621e-01	-8.363183737150262087e-02	1.082353053145999333e-01	-8.796610730886252061e-02	2.167208857006097666e-01	-1.963156755348247906e-01	1.700741547754277272e-01	-1.237731125105804297e-01	7.863132813704686030e-02	-7.010801855682686767e-01	2.706007107623258356e-01	-2.067520958560767341e-01	1.572223987355228503e-01	-9.831017336356982772e-02	9.999999999999977796e-01	-5.313182998607751673e-01	1.332909606490092491e-01	-1.106340534079191390e-01	7.840490451684689610e-02	-1.573076083109036793e-01	1.279088562070072876e-01	-1.125580787783130865e-01	9.669274131836079478e-02	-9.668558024121930161e-02	9.872152181422202966e-02	-1.079517790871877964e-01	1.223121461030169665e-01	-8.602908164489914133e-02	9.797680962966986984e-02
-8.828457121253978357e-02	1.404780750661811239e-01	-9.069898036897371119e-02	8.825456911920656622e-02	-1.332460073255908040e-01	7.999850733825247806e-02	-1.218578714813696728e-01	9.676950726346013332e-02	-1.332800921545783668e-01	1.042544432700869966e-01	-2.134309404876787164e-01	1.841517774141535890e-01	-2.453614124769537552e-01	1.569831776869570483e-01	-9.564590238806815192e-02	2.956017063536588441e-01	-6.395809949524063898e-01	2.656871538902061958e-01	-2.160794941057891938e-01	1.145685960005667081e-01	-5.313182998607751673e-01	1.000000000000000666e+00	-1.787760463363617103e-01	1.329372078617327146e-01	-9.313130028265000082e-02	1.131832891302804456e-01	-1.232631621985623427e-01	1.283299805895329881e-01	-1.152743328768656567e-01	1.115699411827825727e-01	-8.432283509898479135e-02	9.897900060392814114e-02	-1.403615167144124931e-01	9.774816794830373801e-02	-1.128864394817840622e-01
5.842020866526079909e-02	-9.983296344785874687e-02	8.011565606847538545e-02	-8.941158254356204593e-02	1.386931495084810506e-01	-5.165959731217056872e-02	7.453620716019307424e-02	-8.636895788966715559e-02	1.368015310176368127e-01	-1.284744286812674330e-01	1.038205911994518199e-01	-9.807790901087248825e-02	1.631008858276286611e-01	-1.559601692403663198e-01	1.187390470074090598e-01	-1.395446887393183844e-01	1.421888699015349811e-01	-2.052297946148865238e-01	2.103507267855550256e-01	-1.757960908774666708e-01	1.332909606490092491e-01	-1.787760463363617103e-01	9.999999999999988898e-01	-4.116560311550168660e-01	1.698952766336130071e-01	-2.061562570434123109e-01	2.343488525364605668e-01	-6.964766063060343626e-01	2.738096191802817936e-01	-2.236978810858472888e-01	1.373354906694556066e-01	-2.109647500719032953e-01	2.463639091142814652e-01	-1.981231137013968191e-01	1.769671323172027910e-01
-5.898584336298152986e-02	9.904374805645378699e-02	-9.309506150835365756e-02	1.089151389711530138e-01	-1.739915449175576390e-01	5.122334751238490774e-02	-7.432268561552442254e-02	9.831341190449989498e-02	-1.736848297484714088e-01	1.551125084736646731e-01	-9.916670602174038063e-02	9.287391604996811378e-02	-1.787760637951370246e-01	1.950096034850913040e-01	-1.591303895414127589e-01	1.202638067394453253e-01	-1.235467819515125992e-01	1.768519831638875883e-01	-3.782498490242724443e-01	2.248454139850282474e-01	-1.106340534079191390e-01	1.329372078617327146e-01	-4.116560311550168660e-01	9.999999999999982236e-01	-3.309189013001330726e-01	1.210857173117333846e-01	-1.554722736695333951e-01	2.620075326177881414e-01	-6.099815223553112231e-01	2.938042238372048920e-01	-9.300324625820836910e-02	1.296610478232946562e-01	-2.474219574125944010e-01	2.057543851526607015e-01	-2.108995300105344084e-01
4.658164882753954711e-02	-7.863248569383865516e-02	8.065957952179733659e-02	-9.941403013895955265e-02	1.598877293675574074e-01	-4.018452888758550917e-02	5.827418695269548365e-02	-8.495545814010929675e-02	1.586454136404816528e-01	-1.937715534452253696e-01	7.504045295192222909e-02	-7.048591098775154606e-02	1.361169416560917833e-01	-1.571571076101094810e-01	2.059975967688076615e-01	-8.824174383911033426e-02	8.634582590105528699e-02	-1.240850713347996653e-01	2.004484434894836797e-01	-5.753311404126453255e-01	7.840490451684689610e-02	-9.313130028265000082e-02	1.698952766336130071e-01	-3.309189013001330726e-01	9.999999999999987788e-01	-7.902518673312688979e-02	9.624854730021023541e-02	-1.499081744935309435e-01	2.554346901017785498e-01	-6.255039042117269688e-01	6.141991991940747714e-02	-8.612692812748261317e-02	1.655014754028271418e-01	-1.430445375925055718e-01	1.534207792411432236e-01
-3.845017029494635780e-02	6.467571693192621096e-02	-4.711776019578919200e-02	5.114250266136784184e-02	-8.128159914698303290e-02	3.418517745470230768e-02	-4.910379122384759404e-02	4.998199175202314853e-02	-7.831540402678523194e-02	6.751785276185670592e-02	-7.417697272449907953e-02	6.625985084480899567e-02	-9.208016031429371029e-02	8.076929959452169849e-02	-6.226697538338785143e-02	1.200452449982926800e-01	-8.913294592264858762e-02	9.615903159832188407e-02	-1.102313755446338722e-01	8.505715002964772675e-02	-1.573076083109036793e-01	1.131832891302804456e-01	-2.061562570434123109e-01	1.210857173117333846e-01	-7.902518673312688979e-02	9.999999999999995559e-01	-6.410262728747173622e-01	2.013862756288138933e-01	-1.257235870904948871e-01	9.978023251212962685e-02	-6.011684054559321977e-01	3.243060720667501617e-01	-1.741398717977259980e-01	1.063909266857487879e-01	-1.074291365524900621e-01
4.260245799239938819e-02	-7.271616290354332435e-02	5.376677332425703476e-02	-5.898282938934939351e-02	9.304772997158666792e-02	-3.787288052525829979e-02	5.421490013496277349e-02	-5.742215929096591842e-02	8.996082824402666656e-02	-8.092312149577934877e-02	7.871669379318671500e-02	-7.232118021188425894e-02	1.032400462792166657e-01	-9.437790742129265054e-02	7.387366479435535094e-02	-1.218486687711462513e-01	9.566200490325312000e-02	-1.111851459281537335e-01	1.259890916861347021e-01	-1.051380471799248234e-01	1.279088562070072876e-01	-1.232631621985623427e-01	2.343488525364605668e-01	-1.554722736695333951e-01	9.624854730021023541e-02	-6.410262728747173622e-01	9.999999999999990008e-01	-3.842201098645924850e-01	1.550961879849821756e-01	-1.280707557773791416e-01	3.004666031127249948e-01	-5.009459850061860342e-01	1.965186505978464004e-01	-1.334243407177922724e-01	1.252299509577120551e-01
-4.894315602605532611e-02	8.211459580713904860e-02	-6.832565058726751406e-02	7.676626331541447357e-02	-1.220947502593111855e-01	4.282845004377500153e-02	-6.177731569105954224e-02	7.253797779844312066e-02	-1.189057602221883503e-01	1.067478400220880502e-01	-8.614884278892798175e-02	7.940312884666765603e-02	-1.348865108373068500e-01	1.261987181675799097e-01	-1.011268357926563000e-01	1.120862030417842659e-01	-1.116629419495917541e-01	1.442340985074526405e-01	-1.790866257785926341e-01	1.437453822371057288e-01	-1.125580787783130865e-01	1.283299805895329881e-01	-6.964766063060343626e-01	2.620075326177881414e-01	-1.499081744935309435e-01	2.013862756288138933e-01	-3.842201098645924850e-01	9.999999999999975575e-01	-3.503071960284234176e-01	1.928081894950019748e-01	-1.441741794245198771e-01	1.989828791339390834e-01	-3.213107206707779273e-01	1.884647290201294234e-01	-1.710435812200229444e-01
5.126140341828439029e-02	-8.709230869924165785e-02	7.839231007455046973e-02	-9.164485712862688316e-02	1.453807201743131938e-01	-4.466712040463224898e-02	6.435880844788108290e-02	-8.343152234521414301e-02	1.432758577628009677e-01	-1.400285548497634536e-01	8.550131723340621825e-02	-8.050576827402869395e-02	1.436210397559595786e-01	-1.575390659711681796e-01	1.366666262726961567e-01	-1.066750620333189459e-01	1.029148857326614291e-01	-1.463539715657268259e-01	2.223416313072245354e-01	-2.188821199415945107e-01	9.669274131836079478e-02	-1.152743328768656567e-01	2.738096191802817936e-01	-6.099815223553112231e-01	2.554346901017785498e-01	-1.257235870904948871e-01	1.550961879849821756e-01	-3.503071960284234176e-01	9.999999999999980016e-01	-4.953527688680255947e-01	9.236869980143971870e-02	-1.340457221710698033e-01	2.391607240895136932e-01	-2.984809414048923415e-01	2.139707417084907304e-01
-5.739255312855434665e-02	9.452757990911316022e-02	-9.817291949786430272e-02	1.184969136063566270e-01	-2.002743802133462869e-01	4.903900919973273181e-02	-7.105338991335313770e-02	1.009210367102863076e-01	-1.921638251263741159e-01	1.715548204940050558e-01	-9.221992133485180931e-02	8.499372443915430286e-02	-1.637764833516690277e-01	1.716034244729499891e-01	-1.952390487032426569e-01	1.058968365981374504e-01	-1.048758497819497343e-01	1.456455925169521659e-01	-2.465831102312389111e-01	2.795963354777633025e-01	-9.668558024121930161e-02	1.115699411827825727e-01	-2.236978810858472888e-01	2.938042238372048920e-01	-6.255039042117269688e-01	9.978023251212962685e-02	-1.280707557773791416e-01	1.928081894950019748e-01	-4.953527688680255947e-01	9.999999999999986677e-01	-7.947681168333477209e-02	1.089670637677156162e-01	-2.313582848638486289e-01	1.925080642519344520e-01	-2.254443756089083706e-01
3.023059901195617252e-02	-5.142708318406777335e-02	3.716077811040843087e-02	-4.047000159444508888e-02	6.413152242617810306e-02	-2.689341636197524477e-02	3.842270947892308108e-02	-3.957516523604743403e-02	6.163068510205945566e-02	-5.428730314447224176e-02	5.658860260751844701e-02	-5.146416931542467654e-02	7.070924091266304889e-02	-6.338604391687518991e-02	4.931208454206607167e-02	-9.111247987694309769e-02	6.628151622806108256e-02	-7.432216597595195373e-02	8.455579892832086608e-02	-6.866444319291903353e-02	9.872152181422202966e-02	-8.432283509898479135e-02	1.373354906694556066e-01	-9.300324625820836910e-02	6.141991991940747714e-02	-6.011684054559321977e-01	3.004666031127249948e-01	-1.441741794245198771e-01	9.236869980143971870e-02	-7.947681168333477209e-02	9.999999999999988898e-01	-7.097526264532868501e-01	1.453517134145369261e-01	-9.122901922387416374e-02	8.784041570410336397e-02
-3.911958588154273997e-02	6.508291547937031241e-02	-5.044009554056522876e-02	5.561268319469332699e-02	-8.925735339975041094e-02	3.426626511568627714e-02	-4.908576191124920662e-02	5.328152785983514272e-02	-8.540353745517334505e-02	7.382119388070561283e-02	-7.082733539904981224e-02	6.355635256610088490e-02	-9.554205111943471496e-02	8.606843588339888051e-02	-6.790685667594408004e-02	9.904725009308437689e-02	-8.320619400803774823e-02	9.696459983372686386e-02	-1.177248496258513077e-01	9.324814156174798807e-02	-1.079517790871877964e-01	9.897900060392814114e-02	-2.109647500719032953e-01	1.296610478232946562e-01	-8.612692812748261317e-02	3.243060720667501617e-01	-5.009459850061860342e-01	1.989828791339390834e-01	-1.340457221710698033e-01	1.089670637677156162e-01	-7.097526264532868501e-01	9.999999999999988898e-01	-2.394209490399068496e-01	1.284525433073251677e-01	-1.275742574650348682e-01
6.873354651157256856e-02	-1.179173634757392231e-01	9.268744299860916247e-02	-1.047908090028496636e-01	1.665413907075486144e-01	-5.977196859827869913e-02	8.421073830861713905e-02	-9.930469043350506619e-02	1.581629650655374808e-01	-1.512559806855696132e-01	1.099839002273663574e-01	-1.032832105557455471e-01	1.585454107383083566e-01	-1.582722532828375883e-01	1.322475887623851543e-01	-1.387137558574794427e-01	1.216203802198032313e-01	-1.630436287950504659e-01	2.004716077264350194e-01	-1.980234574444051099e-01	1.223121461030169665e-01	-1.403615167144124931e-01	2.463639091142814652e-01	-2.474219574125944010e-01	1.655014754028271418e-01	-1.741398717977259980e-01	1.965186505978464004e-01	-3.213107206707779273e-01	2.391607240895136932e-01	-2.313582848638486289e-01	1.453517134145369261e-01	-2.394209490399068496e-01	9.999999999999986677e-01	-5.519463239070978577e-01	3.158710775361315282e-01
-4.871330717800567700e-02	8.176846490739222983e-02	-6.954537980473096681e-02	7.959743233086676029e-02	-1.289932138223667535e-01	4.201412385971137198e-02	-5.972777435268870894e-02	7.343165778031256197e-02	-1.227104933553076205e-01	1.114644940939115147e-01	-7.846827807068940119e-02	7.265597685166669262e-02	-1.207229596707791314e-01	1.204447979907959654e-01	-1.025614211752551297e-01	9.484326209286081388e-02	-8.791785816915531626e-02	1.177840128234664829e-01	-1.652811045413664082e-01	1.478001572758543269e-01	-8.602908164489914133e-02	9.774816794830373801e-02	-1.981231137013968191e-01	2.057543851526607015e-01	-1.430445375925055718e-01	1.063909266857487879e-01	-1.334243407177922724e-01	1.884647290201294234e-01	-2.984809414048923415e-01	1.925080642519344520e-01	-9.122901922387416374e-02	1.284525433073251677e-01	-5.519463239070978577e-01	9.999999999999988898e-01	-6.771093839763839828e-01
6.099903826914869487e-02	-1.038696670861306570e-01	8.390464407614711684e-02	-9.575034581142516377e-02	1.538109517460830022e-01	-5.257866450091506355e-02	7.384836898304186770e-02	-8.944510774924073482e-02	1.448220227370125845e-01	-1.390185031340170074e-01	9.434920179997249856e-02	-8.825425385080058749e-02	1.380223420230283771e-01	-1.400048238145908119e-01	1.212147693783518637e-01	-1.130376548149196192e-01	1.006075538060098723e-01	-1.358701329083434883e-01	1.771731518889353707e-01	-1.836510945362416491e-01	9.797680962966986984e-02	-1.128864394817840622e-01	1.769671323172027910e-01	-2.108995300105344084e-01	1.534207792411432236e-01	-1.074291365524900621e-01	1.252299509577120551e-01	-1.710435812200229444e-01	2.139707417084907304e-01	-2.254443756089083706e-01	8.784041570410336397e-02	-1.275742574650348682e-01	3.158710775361315282e-01	-6.771093839763839828e-01	9.999999999999988898e-01
