1.000000000000000222e+00	-3.688835694913523700e-01	2.191982865169672945e-01	-6.252857923193284873e-02	4.878624935362171899e-02	-8.113068856603121715e-01	2.390373347082105360e-01	-2.147516663885965238e-01	8.264250708479665974e-02	-6.687891948124939645e-02	2.390171847280661843e-01	-1.381779384835958857e-01	1.309253409590849793e-01	-1.069170965277451563e-01	9.252620401476860379e-02	-1.321219173034265115e-01	1.014162778052288688e-01	-8.491588541105718480e-02	7.385917848223433335e-02	-5.379067540731798797e-02	6.423176095424044940e-02	-1.135481023350569107e-01	7.499076954575936704e-02	-8.186296988034776068e-02	5.712532789822625384e-02	-6.217959370267465286e-02	5.759351743242894367e-02	-6.127457140810022018e-02	5.655632847094495957e-02	-4.783317152519252213e-02	7.263006788690605509e-02	-4.707754266078839622e-02	6.491094415190494515e-02	-4.434663539520014575e-02	4.978152654934943355e-02
-3.688835694913523700e-01	1.000000000000000222e+00	-6.054676435058637951e-01	6.260200508982974310e-02	-4.933883510359644842e-02	2.379280873647633687e-01	-6.032672560740113266e-01	3.004876103273665389e-01	-8.203967687984613233e-02	6.372311506279770832e-02	-1.817563226501780760e-01	1.318595267343868060e-01	-1.368525979505064716e-01	9.972454400563120214e-02	-8.717115611101262929e-02	1.071478373252537225e-01	-9.359989855502305611e-02	7.605421578125376447e-02	-6.670949298884908119e-02	4.822917699804610964e-02	-5.441742517261238116e-02	9.845616519934806410e-02	-6.661584017560430449e-02	7.229725326879700431e-02	-5.117349082825676382e-02	5.248610329563459242e-02	-4.973409994010975083e-02	5.279528534452155447e-02	-4.910673412801584009e-02	4.154048542247565368e-02	-6.260698934586488018e-02	4.056105913534958224e-02	-5.612410245987700663e-02	3.840550122553432200e-02	-4.332047658275427204e-02
2.191982865169672945e-01	-6.054676435058637951e-01	1.000000000000000444e+00	-9.810766285497522776e-02	7.460156853216723394e-02	-2.299199722952521008e-01	3.296393218699702476e-01	-6.038046747901785194e-01	1.204676176140744570e-01	-9.459537150239565040e-02	2.077609070263908564e-01	-1.636304851494707613e-01	1.819930433777784684e-01	-1.442714391946104124e-01	1.260009703761476862e-01	-1.476292576517409527e-01	1.234843294850128809e-01	-1.038051702839629803e-01	9.360855626151699804e-02	-6.825146983334461070e-02	7.518821894870021671e-02	-1.363729393040239712e-01	9.167435994180948844e-02	-1.016740862273683710e-01	7.210489992392560277e-02	-7.295842069398780771e-02	6.908826805688950135e-02	-7.344587187911880144e-02	6.857056183996709797e-02	-5.821753349142173850e-02	8.717735211627342107e-02	-5.653849369103300382e-02	7.826403595953386472e-02	-5.365037642320932137e-02	6.062752481185849224e-02
-6.252857923193284873e-02	6.260200508982974310e-02	-9.810766285497522776e-02	1.000000000000000444e+00	-8.216288584438744547e-01	5.764857189269553817e-02	-9.171463030706156205e-02	1.036939944930181656e-01	-2.866329332171343447e-01	2.957379832408157938e-01	-1.225961729192914101e-01	8.504342946903771516e-02	-1.087845056066189114e-01	1.882918612454908824e-01	-3.577881711809949294e-01	9.239436582348641014e-02	-8.266850319413986126e-02	7.228464329204331573e-02	-1.005499156638219732e-01	8.326742453463310822e-02	-5.205790585362331940e-02	9.184951818184616812e-02	-6.857938775995013614e-02	9.536734642662698935e-02	-8.410063659401689762e-02	5.061055825515572981e-02	-5.130229973491749057e-02	5.412664128737277452e-02	-5.578562702166550008e-02	5.003087441899067844e-02	-6.621198603339088773e-02	4.328002843147678302e-02	-6.102965610267952618e-02	4.326246244799312329e-02	-5.169269082735357401e-02
4.878624935362171899e-02	-4.933883510359644842e-02	7.460156853216723394e-02	-8.216288584438744547e-01	1.000000000000000444e+00	-4.561226301818048501e-02	7.169655736591755424e-02	-8.592947708000220342e-02	2.174768206522385561e-01	-4.559391350105446161e-01	9.582926064143602873e-02	-6.997721640272752675e-02	8.802428067847531401e-02	-1.760569084430483322e-01	2.564392212177492580e-01	-7.696523055833190408e-02	6.733136333471879953e-02	-5.988077079713956252e-02	8.174662551474663752e-02	-6.738596439369765045e-02	4.273506969374857994e-02	-7.695880174077457392e-02	5.645478388801175584e-02	-8.023916287158713856e-02	6.609880277162807904e-02	-4.171246667753370635e-02	4.189718079078544322e-02	-4.452154535454101031e-02	4.507688860469655917e-02	-4.055521668420512815e-02	5.343247355705827567e-02	-3.508709989538803808e-02	4.919249296742057159e-02	-3.504753739947010643e-02	4.155361681624741843e-02
-8.113068856603121715e-01	2.379280873647633687e-01	-2.299199722952521008e-01	5.764857189269553817e-02	-4.561226301818048501e-02	1.000000000000000222e+00	-2.707214641077812511e-01	1.928295224631183802e-01	-7.866945947494886904e-02	6.209807748511755182e-02	-3.739751427502685521e-01	1.447314748702871468e-01	-1.387539837500821327e-01	1.004385323603322333e-01	-8.690088198951033405e-02	1.227334147681260895e-01	-1.018970356483413359e-01	8.195088527543112344e-02	-7.001754832846047993e-02	5.044416348187255594e-02	-6.050606263288595132e-02	1.066317620564841556e-01	-7.176357011923391316e-02	7.658426620148167663e-02	-5.374780726856074470e-02	5.789030444537086872e-02	-5.416448915299304501e-02	5.739562414390437378e-02	-5.309671916387970897e-02	4.469685712987904458e-02	-6.829201072925845939e-02	4.415191937895076441e-02	-6.098802567096173188e-02	4.156265199179695613e-02	-4.666692381600606732e-02
2.390373347082105360e-01	-6.032672560740113266e-01	3.296393218699702476e-01	-9.171463030706156205e-02	7.169655736591755424e-02	-2.707214641077812511e-01	1.000000000000000222e+00	-5.425585248916537928e-01	1.261867167597328643e-01	-9.813562915477301585e-02	2.349927381967296947e-01	-2.253031735755087750e-01	2.078042507306926689e-01	-1.569565434220336897e-01	1.328469983556173073e-01	-1.661947250245931207e-01	1.446444357744248177e-01	-1.198698477234254323e-01	1.036333125871402860e-01	-7.502420866062496640e-02	8.433769964589622747e-02	-1.553718354691731030e-01	1.039166774446534658e-01	-1.132230439332192196e-01	7.936796717178075389e-02	-8.174017024509291907e-02	7.735540380877489741e-02	-8.240355010266606217e-02	7.618485805275997114e-02	-6.460145771013996174e-02	9.687810232280208433e-02	-6.291704827562621949e-02	8.690016398057671954e-02	-5.962623230458206913e-02	6.719262504738265918e-02
-2.147516663885965238e-01	3.004876103273665389e-01	-6.038046747901785194e-01	1.036939944930181656e-01	-8.592947708000220342e-02	1.928295224631183802e-01	-5.425585248916537928e-01	1.000000000000000444e+00	-1.727283205116492137e-01	1.138711995141281352e-01	-2.777882578500125432e-01	2.167455291860209687e-01	-3.228693658991707571e-01	1.787487119142593950e-01	-1.581618021193780532e-01	1.601318370201438857e-01	-1.597989811366886947e-01	1.258738056133742733e-01	-1.144372141266311593e-01	8.125612538115323247e-02	-8.557818978705405977e-02	1.553493180556750897e-01	-1.104946178717894634e-01	1.185658350818626916e-01	-8.665037893487120835e-02	8.171503355564123383e-02	-7.991665098483649587e-02	8.414215851495868148e-02	-7.976831860130161045e-02	6.725635177966755862e-02	-1.010697723941042514e-01	6.521901617392227013e-02	-9.089214206547072128e-02	6.210148499474070494e-02	-7.060284512149654634e-02
8.264250708479665974e-02	-8.203967687984613233e-02	1.204676176140744570e-01	-2.866329332171343447e-01	2.174768206522385561e-01	-7.866945947494886904e-02	1.261867167597328643e-01	-1.727283205116492137e-01	9.999999999999991118e-01	-4.847289346873109861e-01	1.674960929982287350e-01	-1.454403536044165113e-01	1.863443010427799640e-01	-6.794922226854457348e-01	2.965694099956235341e-01	-1.396017390730334706e-01	1.282216647458428449e-01	-1.173151594880542242e-01	1.680706713912712980e-01	-1.216136114446643018e-01	7.695459275837956969e-02	-1.461973760361186814e-01	1.075012645740502371e-01	-1.623211035971062477e-01	1.146581465529139671e-01	-7.507650202622585811e-02	7.550696214947018314e-02	-8.117322833404047588e-02	7.984835349612454114e-02	-7.215487138851923998e-02	9.330566930581907226e-02	-6.185171557703685041e-02	8.595258915632844610e-02	-6.213747529384755497e-02	7.283818169222930350e-02
-6.687891948124939645e-02	6.372311506279770832e-02	-9.459537150239565040e-02	2.957379832408157938e-01	-4.559391350105446161e-01	6.209807748511755182e-02	-9.813562915477301585e-02	1.138711995141281352e-01	-4.847289346873109861e-01	1.000000000000000444e+00	-1.372319461952585806e-01	1.003226091049140428e-01	-1.298318714924832362e-01	2.595355511086654965e-01	-6.233508119007539205e-01	1.089358090734468404e-01	-9.784783115062327397e-02	8.709770735685171128e-02	-1.274178173301935280e-01	1.096031868941306497e-01	-6.110886473855741546e-02	1.100938002065180304e-01	-8.231658049992454651e-02	1.194574686144282277e-01	-1.065333115885244014e-01	5.959017595012999075e-02	-6.041652791238639325e-02	6.425520835055190116e-02	-6.609453883193741608e-02	6.043705270472445740e-02	-7.689654198326427437e-02	5.072603842283941039e-02	-7.124578456816747785e-02	5.131173342084424660e-02	-6.171601815624189191e-02
2.390171847280661843e-01	-1.817563226501780760e-01	2.077609070263908564e-01	-1.225961729192914101e-01	9.582926064143602873e-02	-3.739751427502685521e-01	2.349927381967296947e-01	-2.777882578500125432e-01	1.674960929982287350e-01	-1.372319461952585806e-01	1.000000000000000222e+00	-4.329505945583501103e-01	2.830948191253608304e-01	-2.327391156567783226e-01	1.912566024511064278e-01	-3.310333521660814848e-01	2.366575222509535170e-01	-1.995496667172156069e-01	1.624435141148173334e-01	-1.178688045889007968e-01	1.506960320891818916e-01	-2.633950791648316803e-01	1.708398434067457394e-01	-1.825498711676655783e-01	1.249976696455758207e-01	-1.445094206678689541e-01	1.312487401554164046e-01	-1.399793275175540419e-01	1.266714600274088665e-01	-1.069157623597489781e-01	1.637419412129220153e-01	-1.063006870207967997e-01	1.456283898222873463e-01	-9.951996689369593807e-02	1.108743892178271073e-01
-1.381779384835958857e-01	1.318595267343868060e-01	-1.636304851494707613e-01	8.504342946903771516e-02	-6.997721640272752675e-02	1.447314748702871468e-01	-2.253031735755087750e-01	2.167455291860209687e-01	-1.454403536044165113e-01	1.003226091049140428e-01	-4.329505945583501103e-01	1.000000000000000888e+00	-6.930111740229414341e-01	1.940034694442274721e-01	-1.437931107997748315e-01	1.949310111203803320e-01	-3.914066717128598660e-01	2.048547376493571326e-01	-1.361003164139094890e-01	9.058985999905219688e-02	-1.040241905142768597e-01	2.142279111357918431e-01	-1.576563952396492219e-01	1.406938417828710874e-01	-9.653406506509525087e-02	9.687351645339543904e-02	-9.677684804636267624e-02	1.031686539772215527e-01	-9.046946876443846819e-02	7.536725950269139440e-02	-1.138565980548840589e-01	7.427092357977506387e-02	-1.019087988718608978e-01	7.030884448132053433e-02	-7.848279009720618427e-02
1.309253409590849793e-01	-1.368525979505064716e-01	1.819930433777784684e-01	-1.087845056066189114e-01	8.802428067847531401e-02	-1.387539837500821327e-01	2.078042507306926689e-01	-3.228693658991707571e-01	1.863443010427799640e-01	-1.298318714924832362e-01	2.830948191253608304e-01	-6.930111740229414341e-01	1.000000000000001776e+00	-3.250809453913633407e-01	1.743714326168542827e-01	-2.188134318577848736e-01	2.541170618782283008e-01	-2.271259710096740769e-01	1.580762107696546681e-01	-1.077484652731510034e-01	1.141570918110152155e-01	-2.428301484892501638e-01	1.656035652895530563e-01	-1.669460431835082526e-01	1.118192998875250782e-01	-1.093296804297741731e-01	1.072544982506578592e-01	-1.159378562865198276e-01	1.016474621988437549e-01	-8.644676622794369991e-02	1.260906669042836936e-01	-8.304659001912823024e-02	1.134285617234678523e-01	-7.933581867235170448e-02	8.884123896867576753e-02
-1.069170965277451563e-01	9.972454400563120214e-02	-1.442714391946104124e-01	1.882918612454908824e-01	-1.760569084430483322e-01	1.004385323603322333e-01	-1.569565434220336897e-01	1.787487119142593950e-01	-6.794922226854457348e-01	2.595355511086654965e-01	-2.327391156567783226e-01	1.940034694442274721e-01	-3.250809453913633407e-01	1.000000000000001332e+00	-3.661403779623007004e-01	1.657212495448275036e-01	-1.731941954194478328e-01	1.506162871566092964e-01	-2.791515902931029358e-01	1.536801214888855183e-01	-9.453542182957842821e-02	1.750020709396413743e-01	-1.385508819003515857e-01	1.990194623496660264e-01	-1.538033501478909271e-01	9.112834174838144174e-02	-9.395331093760034280e-02	9.968035812065950685e-02	-1.004861601703059826e-01	8.972807524228945675e-02	-1.172222814980511119e-01	7.705308642941913200e-02	-1.082293188376792781e-01	7.758728535445971741e-02	-9.214768947827810253e-02
9.252620401476860379e-02	-8.717115611101262929e-02	1.260009703761476862e-01	-3.577881711809949294e-01	2.564392212177492580e-01	-8.690088198951033405e-02	1.328469983556173073e-01	-1.581618021193780532e-01	2.965694099956235341e-01	-6.233508119007539205e-01	1.912566024511064278e-01	-1.437931107997748315e-01	1.743714326168542827e-01	-3.661403779623007004e-01	9.999999999999998890e-01	-1.761758477834215186e-01	1.448763591624478708e-01	-1.338866877593589688e-01	1.845194812847562316e-01	-1.973545572428892780e-01	9.615269790776639902e-02	-1.766033148725988100e-01	1.269075323602319172e-01	-1.932577682553453524e-01	1.614520479923811369e-01	-9.470762638931683186e-02	9.426369695800375370e-02	-1.015863994025786310e-01	1.023026055012837415e-01	-9.581951968172987277e-02	1.184479652303508934e-01	-7.899194752246968543e-02	1.096522857823888086e-01	-8.011789841369315601e-02	9.541053972351687396e-02
-1.321219173034265115e-01	1.071478373252537225e-01	-1.476292576517409527e-01	9.239436582348641014e-02	-7.696523055833190408e-02	1.227334147681260895e-01	-1.661947250245931207e-01	1.601318370201438857e-01	-1.396017390730334706e-01	1.089358090734468404e-01	-3.310333521660814848e-01	1.949310111203803320e-01	-2.188134318577848736e-01	1.657212495448275036e-01	-1.761758477834215186e-01	1.000000000000000222e+00	-3.183557583046308648e-01	2.072027145706418216e-01	-1.810847177526778706e-01	1.274589766889746567e-01	-5.008178816002417655e-01	2.731571101910970634e-01	-2.127500213347582325e-01	1.905303943956528634e-01	-1.476077924836689537e-01	2.857635203478959829e-01	-2.421780483840599574e-01	2.145062266268661921e-01	-2.254768861436856897e-01	1.604325266991135923e-01	-3.645162714815663452e-01	2.095291645707288430e-01	-2.972851708016868710e-01	1.745177268212146915e-01	-1.846942210578939036e-01
1.014162778052288688e-01	-9.359989855502305611e-02	1.234843294850128809e-01	-8.266850319413986126e-02	6.733136333471879953e-02	-1.018970356483413359e-01	1.446444357744248177e-01	-1.597989811366886947e-01	1.282216647458428449e-01	-9.784783115062327397e-02	2.366575222509535170e-01	-3.914066717128598660e-01	2.541170618782283008e-01	-1.731941954194478328e-01	1.448763591624478708e-01	-3.183557583046308648e-01	1.000000000000001110e+00	-5.895450047626481505e-01	1.939142441448089282e-01	-1.257143096699950280e-01	1.632199647850675617e-01	-4.679699993699515392e-01	2.941356503346443385e-01	-2.169458924225571850e-01	1.333857191412423371e-01	-1.485982451706155671e-01	1.559022134934164305e-01	-1.714854295178291355e-01	1.308764604835225276e-01	-1.060353983532278388e-01	1.617629428901753985e-01	-1.079565750449100886e-01	1.442427156573625746e-01	-1.013623664055496865e-01	1.092538614509285799e-01
-8.491588541105718480e-02	7.605421578125376447e-02	-1.038051702839629803e-01	7.228464329204331573e-02	-5.988077079713956252e-02	8.195088527543112344e-02	-1.198698477234254323e-01	1.258738056133742733e-01	-1.173151594880542242e-01	8.709770735685171128e-02	-1.995496667172156069e-01	2.048547376493571326e-01	-2.271259710096740769e-01	1.506162871566092964e-01	-1.338866877593589688e-01	2.072027145706418216e-01	-5.895450047626481505e-01	1.000000000000001332e+00	-2.690438323180244229e-01	1.354530460691358018e-01	-1.366848845841203142e-01	3.125068709929206823e-01	-6.001796266240494448e-01	2.341342228114509927e-01	-1.482350937230400012e-01	1.259639215424856185e-01	-1.627326108007873806e-01	1.748906695787033616e-01	-1.302124966889519619e-01	1.026290741897586123e-01	-1.494509657265668534e-01	1.009493168180340683e-01	-1.370282894648711947e-01	9.766443501201214905e-02	-1.066665864818205633e-01
7.385917848223433335e-02	-6.670949298884908119e-02	9.360855626151699804e-02	-1.005499156638219732e-01	8.174662551474663752e-02	-7.001754832846047993e-02	1.036333125871402860e-01	-1.144372141266311593e-01	1.680706713912712980e-01	-1.274178173301935280e-01	1.624435141148173334e-01	-1.361003164139094890e-01	1.580762107696546681e-01	-2.791515902931029358e-01	1.845194812847562316e-01	-1.810847177526778706e-01	1.939142441448089282e-01	-2.690438323180244229e-01	1.000000000000001554e+00	-4.710496953530540210e-01	1.095110858787621266e-01	-2.386290233555918849e-01	2.248915593913728694e-01	-6.610525699762634932e-01	2.964280877550103943e-01	-1.080315619233841035e-01	1.211480240768165045e-01	-1.362791876849233641e-01	1.395951686611707765e-01	-1.370946057917995231e-01	1.301239991857301992e-01	-9.193065140536166302e-02	1.260173890997895729e-01	-1.062222904679747254e-01	1.270894380672696333e-01
-5.379067540731798797e-02	4.822917699804610964e-02	-6.825146983334461070e-02	8.326742453463310822e-02	-6.738596439369765045e-02	5.044416348187255594e-02	-7.502420866062496640e-02	8.125612538115323247e-02	-1.216136114446643018e-01	1.096031868941306497e-01	-1.178688045889007968e-01	9.058985999905219688e-02	-1.077484652731510034e-01	1.536801214888855183e-01	-1.973545572428892780e-01	1.274589766889746567e-01	-1.257143096699950280e-01	1.354530460691358018e-01	-4.710496953530540210e-01	1.000000000000000888e+00	-7.814167874089078536e-02	1.476524818342196954e-01	-1.356447308758928771e-01	2.861927289000993357e-01	-7.761479309284370354e-01	7.781982194212901105e-02	-8.745392048758750259e-02	9.520749749148595120e-02	-1.228834344068590878e-01	1.513005810857709077e-01	-1.009687218785755847e-01	7.209065508643212883e-02	-1.026538468053093400e-01	9.235936896210275582e-02	-1.437499848305875128e-01
6.423176095424044940e-02	-5.441742517261238116e-02	7.518821894870021671e-02	-5.205790585362331940e-02	4.273506969374857994e-02	-6.050606263288595132e-02	8.433769964589622747e-02	-8.557818978705405977e-02	7.695459275837956969e-02	-6.110886473855741546e-02	1.506960320891818916e-01	-1.040241905142768597e-01	1.141570918110152155e-01	-9.453542182957842821e-02	9.615269790776639902e-02	-5.008178816002417655e-01	1.632199647850675617e-01	-1.366848845841203142e-01	1.095110858787621266e-01	-7.814167874089078536e-02	1.000000000000000000e+00	-2.504622931882236059e-01	1.518159561314557648e-01	-1.251313659172983150e-01	8.874481143491140533e-02	-7.289007984272232177e-01	2.245076168087915547e-01	-2.175282124463449873e-01	1.382298239248276051e-01	-1.035618849632037042e-01	2.324718318134906814e-01	-1.555934793581949249e-01	1.696336308753517153e-01	-1.129518594550175253e-01	1.076882599882744151e-01
-1.135481023350569107e-01	9.845616519934806410e-02	-1.363729393040239712e-01	9.184951818184616812e-02	-7.695880174077457392e-02	1.066317620564841556e-01	-1.553718354691731030e-01	1.553493180556750897e-01	-1.461973760361186814e-01	1.100938002065180304e-01	-2.633950791648316803e-01	2.142279111357918431e-01	-2.428301484892501638e-01	1.750020709396413743e-01	-1.766033148725988100e-01	2.731571101910970634e-01	-4.679699993699515392e-01	3.125068709929206823e-01	-2.386290233555918849e-01	1.476524818342196954e-01	-2.504622931882236059e-01	1.000000000000001110e+00	-5.464221875438823872e-01	2.432400242404572921e-01	-1.759523731879709396e-01	1.995201493033467999e-01	-2.569108027317425491e-01	2.328807353211352349e-01	-1.876390414034282694e-01	1.412226870611242302e-01	-2.376468393376117982e-01	1.550998854000698868e-01	-2.115697968993268674e-01	1.415590360358345845e-01	-1.530240872258668838e-01
7.499076954575936704e-02	-6.661584017560430449e-02	9.167435994180948844e-02	-6.857938775995013614e-02	5.645478388801175584e-02	-7.176357011923391316e-02	1.039166774446534658e-01	-1.104946178717894634e-01	1.075012645740502371e-01	-8.231658049992454651e-02	1.708398434067457394e-01	-1.576563952396492219e-01	1.656035652895530563e-01	-1.385508819003515857e-01	1.269075323602319172e-01	-2.127500213347582325e-01	2.941356503346443385e-01	-6.001796266240494448e-01	2.248915593913728694e-01	-1.356447308758928771e-01	1.518159561314557648e-01	-5.464221875438823872e-01	1.000000000000001776e+00	-3.401230046734642354e-01	1.527859652911650323e-01	-1.479762336620668584e-01	2.021549958792509538e-01	-2.912165513938378414e-01	1.464693263310986870e-01	-1.129579938301214920e-01	1.574831834384210205e-01	-1.123153627101722563e-01	1.456252218721362790e-01	-1.101137196988176137e-01	1.136836850357438172e-01
-8.186296988034776068e-02	7.229725326879700431e-02	-1.016740862273683710e-01	9.536734642662698935e-02	-8.023916287158713856e-02	7.658426620148167663e-02	-1.132230439332192196e-01	1.185658350818626916e-01	-1.623211035971062477e-01	1.194574686144282277e-01	-1.825498711676655783e-01	1.406938417828710874e-01	-1.669460431835082526e-01	1.990194623496660264e-01	-1.932577682553453524e-01	1.905303943956528634e-01	-2.169458924225571850e-01	2.341342228114509927e-01	-6.610525699762634932e-01	2.861927289000993357e-01	-1.251313659172983150e-01	2.432400242404572921e-01	-3.401230046734642354e-01	1.000000000000001554e+00	-4.183514844114789022e-01	1.220306926004585679e-01	-1.481775580755637645e-01	1.595670695888961044e-01	-1.933057603273506120e-01	1.617157035975968493e-01	-1.592669681123501657e-01	1.114721669134622756e-01	-1.582719488640933758e-01	1.330305120655428941e-01	-1.624470601763439714e-01
5.712532789822625384e-02	-5.117349082825676382e-02	7.210489992392560277e-02	-8.410063659401689762e-02	6.609880277162807904e-02	-5.374780726856074470e-02	7.936796717178075389e-02	-8.665037893487120835e-02	1.146581465529139671e-01	-1.065333115885244014e-01	1.249976696455758207e-01	-9.653406506509525087e-02	1.118192998875250782e-01	-1.538033501478909271e-01	1.614520479923811369e-01	-1.476077924836689537e-01	1.333857191412423371e-01	-1.482350937230400012e-01	2.964280877550103943e-01	-7.761479309284370354e-01	8.874481143491140533e-02	-1.759523731879709396e-01	1.527859652911650323e-01	-4.183514844114789022e-01	1.000000000000001332e+00	-8.951200400027663207e-02	9.920977741492519042e-02	-1.110616691208236861e-01	1.415246309888389120e-01	-2.259600395343356882e-01	1.115259711917757218e-01	-8.166269501674529308e-02	1.140239790093426631e-01	-1.089358863249411252e-01	1.624770898854747125e-01
-6.217959370267465286e-02	5.248610329563459242e-02	-7.295842069398780771e-02	5.061055825515572981e-02	-4.171246667753370635e-02	5.789030444537086872e-02	-8.174017024509291907e-02	8.171503355564123383e-02	-7.507650202622585811e-02	5.959017595012999075e-02	-1.445094206678689541e-01	9.687351645339543904e-02	-1.093296804297741731e-01	9.112834174838144174e-02	-9.470762638931683186e-02	2.857635203478959829e-01	-1.485982451706155671e-01	1.259639215424856185e-01	-1.080315619233841035e-01	7.781982194212901105e-02	-7.289007984272232177e-01	1.995201493033467999e-01	-1.479762336620668584e-01	1.220306926004585679e-01	-8.951200400027663207e-02	1.000000000000002665e+00	-3.705658093088671778e-01	2.322145668190359613e-01	-1.607551458354096463e-01	1.121382324043460194e-01	-3.597541117329155491e-01	1.919769192345815167e-01	-2.103758238933362557e-01	1.291845269247700601e-01	-1.202556264401641317e-01
5.759351743242894367e-02	-4.973409994010975083e-02	6.908826805688950135e-02	-5.130229973491749057e-02	4.189718079078544322e-02	-5.416448915299304501e-02	7.735540380877489741e-02	-7.991665098483649587e-02	7.550696214947018314e-02	-6.041652791238639325e-02	1.312487401554164046e-01	-9.677684804636267624e-02	1.072544982506578592e-01	-9.395331093760034280e-02	9.426369695800375370e-02	-2.421780483840599574e-01	1.559022134934164305e-01	-1.627326108007873806e-01	1.211480240768165045e-01	-8.745392048758750259e-02	2.245076168087915547e-01	-2.569108027317425491e-01	2.021549958792509538e-01	-1.481775580755637645e-01	9.920977741492519042e-02	-3.705658093088671778e-01	1.000000000000001554e+00	-7.652370035998209419e-01	1.967199732211553365e-01	-1.369884313178869606e-01	2.276495853170039108e-01	-2.358871668250519527e-01	2.027538281932096398e-01	-1.602883693776475660e-01	1.301418205713144594e-01
-6.127457140810022018e-02	5.279528534452155447e-02	-7.344587187911880144e-02	5.412664128737277452e-02	-4.452154535454101031e-02	5.739562414390437378e-02	-8.240355010266606217e-02	8.414215851495868148e-02	-8.117322833404047588e-02	6.425520835055190116e-02	-1.399793275175540419e-01	1.031686539772215527e-01	-1.159378562865198276e-01	9.968035812065950685e-02	-1.015863994025786310e-01	2.145062266268661921e-01	-1.714854295178291355e-01	1.748906695787033616e-01	-1.362791876849233641e-01	9.520749749148595120e-02	-2.175282124463449873e-01	2.328807353211352349e-01	-2.912165513938378414e-01	1.595670695888961044e-01	-1.110616691208236861e-01	2.322145668190359613e-01	-7.652370035998209419e-01	1.000000000000002887e+00	-2.917429888755454503e-01	1.503563296508207692e-01	-2.382000482815290754e-01	1.913805579872932816e-01	-2.330945854130227202e-01	1.792184810365299030e-01	-1.520406279819567774e-01
5.655632847094495957e-02	-4.910673412801584009e-02	6.857056183996709797e-02	-5.578562702166550008e-02	4.507688860469655917e-02	-5.309671916387970897e-02	7.618485805275997114e-02	-7.976831860130161045e-02	7.984835349612454114e-02	-6.609453883193741608e-02	1.266714600274088665e-01	-9.046946876443846819e-02	1.016474621988437549e-01	-1.004861601703059826e-01	1.023026055012837415e-01	-2.254768861436856897e-01	1.308764604835225276e-01	-1.302124966889519619e-01	1.395951686611707765e-01	-1.228834344068590878e-01	1.382298239248276051e-01	-1.876390414034282694e-01	1.464693263310986870e-01	-1.933057603273506120e-01	1.415246309888389120e-01	-1.607551458354096463e-01	1.967199732211553365e-01	-2.917429888755454503e-01	1.000000000000003331e+00	-4.317433718131601927e-01	1.926807552450995331e-01	-2.017001653359020152e-01	2.633395713552685868e-01	-6.734805559446646051e-01	2.972895003104012446e-01
-4.783317152519252213e-02	4.154048542247565368e-02	-5.821753349142173850e-02	5.003087441899067844e-02	-4.055521668420512815e-02	4.469685712987904458e-02	-6.460145771013996174e-02	6.725635177966755862e-02	-7.215487138851923998e-02	6.043705270472445740e-02	-1.069157623597489781e-01	7.536725950269139440e-02	-8.644676622794369991e-02	8.972807524228945675e-02	-9.581951968172987277e-02	1.604325266991135923e-01	-1.060353983532278388e-01	1.026290741897586123e-01	-1.370946057917995231e-01	1.513005810857709077e-01	-1.035618849632037042e-01	1.412226870611242302e-01	-1.129579938301214920e-01	1.617157035975968493e-01	-2.259600395343356882e-01	1.121382324043460194e-01	-1.369884313178869606e-01	1.503563296508207692e-01	-4.317433718131601927e-01	1.000000000000003109e+00	-1.624144442661072107e-01	1.370174835339854624e-01	-2.115209020985891197e-01	2.829868145174666560e-01	-7.774117885208045031e-01
7.263006788690605509e-02	-6.260698934586488018e-02	8.717735211627342107e-02	-6.621198603339088773e-02	5.343247355705827567e-02	-6.829201072925845939e-02	9.687810232280208433e-02	-1.010697723941042514e-01	9.330566930581907226e-02	-7.689654198326427437e-02	1.637419412129220153e-01	-1.138565980548840589e-01	1.260906669042836936e-01	-1.172222814980511119e-01	1.184479652303508934e-01	-3.645162714815663452e-01	1.617629428901753985e-01	-1.494509657265668534e-01	1.301239991857301992e-01	-1.009687218785755847e-01	2.324718318134906814e-01	-2.376468393376117982e-01	1.574831834384210205e-01	-1.592669681123501657e-01	1.115259711917757218e-01	-3.597541117329155491e-01	2.276495853170039108e-01	-2.382000482815290754e-01	1.926807552450995331e-01	-1.624144442661072107e-01	1.000000000000003331e+00	-6.440655017463460252e-01	3.020040038805961169e-01	-2.014000143469487358e-01	1.560763071997165186e-01
-4.707754266078839622e-02	4.056105913534958224e-02	-5.653849369103300382e-02	4.328002843147678302e-02	-3.508709989538803808e-02	4.415191937895076441e-02	-6.291704827562621949e-02	6.521901617392227013e-02	-6.185171557703685041e-02	5.072603842283941039e-02	-1.063006870207967997e-01	7.427092357977506387e-02	-8.304659001912823024e-02	7.705308642941913200e-02	-7.899194752246968543e-02	2.095291645707288430e-01	-1.079565750449100886e-01	1.009493168180340683e-01	-9.193065140536166302e-02	7.209065508643212883e-02	-1.555934793581949249e-01	1.550998854000698868e-01	-1.123153627101722563e-01	1.114721669134622756e-01	-8.166269501674529308e-02	1.919769192345815167e-01	-2.358871668250519527e-01	1.913805579872932816e-01	-2.017001653359020152e-01	1.370174835339854624e-01	-6.440655017463460252e-01	1.000000000000003331e+00	-6.130051677257256637e-01	2.035785195072037090e-01	-1.501170899605113462e-01
6.491094415190494515e-02	-5.612410245987700663e-02	7.826403595953386472e-02	-6.102965610267952618e-02	4.919249296742057159e-02	-6.098802567096173188e-02	8.690016398057671954e-02	-9.089214206547072128e-02	8.595258915632844610e-02	-7.124578456816747785e-02	1.456283898222873463e-01	-1.019087988718608978e-01	1.134285617234678523e-01	-1.082293188376792781e-01	1.096522857823888086e-01	-2.972851708016868710e-01	1.442427156573625746e-01	-1.370282894648711947e-01	1.260173890997895729e-01	-1.026538468053093400e-01	1.696336308753517153e-01	-2.115697968993268674e-01	1.456252218721362790e-01	-1.582719488640933758e-01	1.140239790093426631e-01	-2.103758238933362557e-01	2.027538281932096398e-01	-2.330945854130227202e-01	2.633395713552685868e-01	-2.115209020985891197e-01	3.020040038805961169e-01	-6.130051677257256637e-01	1.000000000000003775e+00	-4.463825413001460962e-01	2.068847914080216288e-01
-4.434663539520014575e-02	3.840550122553432200e-02	-5.365037642320932137e-02	4.326246244799312329e-02	-3.504753739947010643e-02	4.156265199179695613e-02	-5.962623230458206913e-02	6.210148499474070494e-02	-6.213747529384755497e-02	5.131173342084424660e-02	-9.951996689369593807e-02	7.030884448132053433e-02	-7.933581867235170448e-02	7.758728535445971741e-02	-8.011789841369315601e-02	1.745177268212146915e-01	-1.013623664055496865e-01	9.766443501201214905e-02	-1.062222904679747254e-01	9.235936896210275582e-02	-1.129518594550175253e-01	1.415590360358345845e-01	-1.101137196988176137e-01	1.330305120655428941e-01	-1.089358863249411252e-01	1.291845269247700601e-01	-1.602883693776475660e-01	1.792184810365299030e-01	-6.734805559446646051e-01	2.829868145174666560e-01	-2.014000143469487358e-01	2.035785195072037090e-01	-4.463825413001460962e-01	1.000000000000003775e+00	-4.306856444092437286e-01
4.978152654934943355e-02	-4.332047658275427204e-02	6.062752481185849224e-02	-5.169269082735357401e-02	4.155361681624741843e-02	-4.666692381600606732e-02	6.719262504738265918e-02	-7.060284512149654634e-02	7.283818169222930350e-02	-6.171601815624189191e-02	1.108743892178271073e-01	-7.848279009720618427e-02	8.884123896867576753e-02	-9.214768947827810253e-02	9.541053972351687396e-02	-1.846942210578939036e-01	1.092538614509285799e-01	-1.066665864818205633e-01	1.270894380672696333e-01	-1.437499848305875128e-01	1.076882599882744151e-01	-1.530240872258668838e-01	1.136836850357438172e-01	-1.624470601763439714e-01	1.624770898854747125e-01	-1.202556264401641317e-01	1.301418205713144594e-01	-1.520406279819567774e-01	2.972895003104012446e-01	-7.774117885208045031e-01	1.560763071997165186e-01	-1.501170899605113462e-01	2.068847914080216288e-01	-4.306856444092437286e-01	1.000000000000003775e+00
