1.000000000000000000e+00	-5.125337540517943546e-01	2.198376957458696990e-01	-1.561713131030566526e-01	1.265952690768330502e-01	-6.171024662209305678e-01	2.451767278720387577e-01	-2.089703920032273676e-01	1.247381888981785175e-01	-1.073494530923767148e-01	3.012814817281360136e-01	-2.253578062393044590e-01	1.606075522915615672e-01	-8.449278002812163346e-02	8.573913612368075365e-02	-2.658880425581116036e-01	1.819633787416988502e-01	-1.591059177188794971e-01	1.034339940038548344e-01	-1.097778015564180171e-01	1.367342543754485884e-01	-1.264432612850407145e-01	1.544951068570450115e-01	-8.777575426948314163e-02	9.003244100608724654e-02	-7.902090934502029040e-02	9.502572358749722392e-02	-1.003924201165082158e-01	7.895144226249066477e-02	-5.884095747560419420e-02	7.346024734031780801e-02	-9.596445832230986184e-02	1.141582419884774879e-01	-9.389882236039837071e-02	7.988111123692952231e-02
-5.125337540517943546e-01	9.999999999999997780e-01	-5.047238586808893146e-01	2.014712116049172386e-01	-1.764969517957149792e-01	2.401285590312766394e-01	-4.485077203259119072e-01	2.487987358830430207e-01	-1.614728433995606949e-01	1.300173501663941522e-01	-2.690384199086146011e-01	2.433190601320814050e-01	-1.982014456408428271e-01	9.529757358260819433e-02	-9.811335140270939503e-02	2.121871348868839824e-01	-1.974308190194347945e-01	1.696387692958339632e-01	-1.144868965423998242e-01	1.156463137338076541e-01	-1.397216113577582353e-01	1.267239642182803327e-01	-1.660549030127050907e-01	8.934206309167963544e-02	-9.148714866064670825e-02	7.740019646132707820e-02	-9.598447155158197630e-02	1.020190300594424754e-01	-8.105451707790818638e-02	5.929787677863841699e-02	-7.313088974508255569e-02	9.400721465840278235e-02	-1.169735990252064872e-01	9.317494057397819607e-02	-8.063901143395149629e-02
2.198376957458696990e-01	-5.047238586808893146e-01	9.999999999999998890e-01	-4.561657824812698769e-01	2.391234030641677943e-01	-1.551112327328863505e-01	2.209547661951402897e-01	-5.229721164658879262e-01	2.252722410197303682e-01	-1.917208169750883873e-01	1.723040529212836736e-01	-1.884235971530979215e-01	2.261256519999405579e-01	-1.209663891421461912e-01	1.207238764161872174e-01	-1.794202153706888625e-01	1.605671480701572895e-01	-1.974115216261862482e-01	1.331606532554600042e-01	-1.399260865787605446e-01	1.230319414972433495e-01	-1.153087025938147880e-01	1.647602162995157049e-01	-9.521757504998881738e-02	9.499669773175938026e-02	-7.546102174560845310e-02	9.388169865171670792e-02	-1.038127185802199537e-01	8.457493869341911608e-02	-6.217559421903721267e-02	7.051450365134334652e-02	-9.419728063586754740e-02	1.162772216493766358e-01	-9.769381002574283046e-02	8.289620269921720019e-02
-1.561713131030566526e-01	2.014712116049172386e-01	-4.561657824812698769e-01	9.999999999999997780e-01	-6.534613491226706206e-01	1.040049208329523189e-01	-1.533808387339578583e-01	2.492581656249163169e-01	-4.162460022188002595e-01	2.889893312724339802e-01	-1.307096410975939205e-01	1.261982962825546339e-01	-1.660656159716609181e-01	1.482066782151427453e-01	-1.568449316414407269e-01	1.288284376848141954e-01	-1.195260274774820747e-01	1.413241632993302854e-01	-1.479620505612150028e-01	1.468256027483145210e-01	-9.649179353219677902e-02	8.807347629086699492e-02	-1.334735350941105292e-01	8.368197450839938434e-02	-8.514449810008195563e-02	5.978133278413436114e-02	-7.603040998794059757e-02	8.416292131351117700e-02	-7.455182938801856174e-02	5.497355146297559086e-02	-5.666926911876839223e-02	7.519884377955125820e-02	-9.687813776377196540e-02	8.306754559313250796e-02	-7.239515626716461205e-02
1.265952690768330502e-01	-1.764969517957149792e-01	2.391234030641677943e-01	-6.534613491226706206e-01	9.999999999999994449e-01	-9.227825052741360501e-02	1.295080131975458182e-01	-2.423944949562639728e-01	3.081880787855766357e-01	-5.613784355719748653e-01	1.131062125590415884e-01	-1.173962351926933767e-01	1.488422733858397462e-01	-1.566067481001514883e-01	1.649845242856343985e-01	-1.236601616533423292e-01	1.103140555248603022e-01	-1.390023416191671080e-01	1.443999774079254006e-01	-1.675755369694083563e-01	9.068868629385852531e-02	-8.403039892526081855e-02	1.261776909270894975e-01	-8.403326752826451029e-02	8.501092026037762595e-02	-5.871216205016419054e-02	7.389527159067085793e-02	-8.251007117769813826e-02	7.363563040983686636e-02	-5.552412812556609123e-02	5.517631022703300275e-02	-7.453882946617543248e-02	9.394811216807236187e-02	-8.397776866199747892e-02	7.184555360882520503e-02
-6.171024662209305678e-01	2.401285590312766394e-01	-1.551112327328863505e-01	1.040049208329523189e-01	-9.227825052741360501e-02	9.999999999999994449e-01	-2.392235872399705587e-01	1.419237403361215677e-01	-9.027321878491988139e-02	7.556948993482051624e-02	-6.503886867103292335e-01	1.863735526407162557e-01	-1.252823787836402913e-01	6.171445234240485050e-02	-6.303721716811923337e-02	2.253800220805224352e-01	-1.643726979772703600e-01	1.216130027325608848e-01	-7.741677360735825519e-02	7.978535790912205661e-02	-1.187408319703461140e-01	1.048096858230766620e-01	-1.232511988151286375e-01	6.642141398522531659e-02	-6.809604339409904006e-02	6.206617281404579189e-02	-7.488746981064525743e-02	7.772641935198315588e-02	-6.029957586079469356e-02	4.432334240094437661e-02	-5.825729064060708451e-02	7.389140282820992611e-02	-8.879849561293098881e-02	7.058101360426452531e-02	-6.055424348102837057e-02
2.451767278720387577e-01	-4.485077203259119072e-01	2.209547661951402897e-01	-1.533808387339578583e-01	1.295080131975458182e-01	-2.392235872399705587e-01	9.999999999999994449e-01	-2.429556317207918203e-01	1.313837073407728984e-01	-1.107291236327667822e-01	2.358837843473714502e-01	-6.723450862974995612e-01	1.989921341037941549e-01	-9.024044402283527833e-02	9.057543937584380811e-02	-2.896085102585518878e-01	2.635802756880885056e-01	-1.963354832847679921e-01	1.120062257250110521e-01	-1.159784277156400562e-01	1.617331791842760713e-01	-1.612558222055462676e-01	1.763673353044112879e-01	-9.496339168059907132e-02	9.432708865456407299e-02	-8.754646783107648822e-02	1.054899149754179449e-01	-1.112430555822306322e-01	8.521825902919710760e-02	-6.193100861678409869e-02	8.075033546534027273e-02	-1.051553722518519807e-01	1.233576061582719041e-01	-9.960771817771672809e-02	8.386545303777089011e-02
-2.089703920032273676e-01	2.487987358830430207e-01	-5.229721164658879262e-01	2.492581656249163169e-01	-2.423944949562639728e-01	1.419237403361215677e-01	-2.429556317207918203e-01	9.999999999999987788e-01	-3.327282176105523792e-01	2.025445700324000897e-01	-1.847175387144728842e-01	1.961428194057194541e-01	-5.231534524422399857e-01	1.449448946174359543e-01	-1.450296566716052227e-01	1.887899591905954910e-01	-1.941303565778001450e-01	2.597998998375672941e-01	-1.671220296999420263e-01	1.576779849326505334e-01	-1.482810834767628039e-01	1.367941042837835519e-01	-2.241550869864833984e-01	1.134820134055887497e-01	-1.123629822919346433e-01	8.758661854028486349e-02	-1.131788271899429182e-01	1.266540577122655109e-01	-1.024064706906322592e-01	7.282043223820940103e-02	-8.297057434123204789e-02	1.095048474473509642e-01	-1.431002666106451771e-01	1.134538035569905012e-01	-9.803627008618885641e-02
1.247381888981785175e-01	-1.614728433995606949e-01	2.252722410197303682e-01	-4.162460022188002595e-01	3.081880787855766357e-01	-9.027321878491988139e-02	1.313837073407728984e-01	-3.327282176105523792e-01	1.000000000000000222e+00	-6.648509659747524614e-01	1.139229128569965860e-01	-1.193510685767694424e-01	1.741572513782255194e-01	-3.005273524918496419e-01	2.282726061469338985e-01	-1.256718654173298311e-01	1.157660182429378071e-01	-1.566160529648941979e-01	1.970831302557742859e-01	-2.118201839656093377e-01	9.516498818249989611e-02	-8.851632915050362815e-02	1.373382892561327284e-01	-9.700741947796280573e-02	9.502420251008547591e-02	-6.178298545159935373e-02	7.868454304779443076e-02	-8.931731624999642016e-02	8.365995923870382656e-02	-6.204872547847547354e-02	5.807948693458403477e-02	-7.892024272071002100e-02	1.009872323854420773e-01	-9.240296573167076921e-02	7.901039121545336275e-02
-1.073494530923767148e-01	1.300173501663941522e-01	-1.917208169750883873e-01	2.889893312724339802e-01	-5.613784355719748653e-01	7.556948993482051624e-02	-1.107291236327667822e-01	2.025445700324000897e-01	-6.648509659747524614e-01	9.999999999999995559e-01	-9.755272050226022895e-02	9.714755429642400741e-02	-1.404504406955387197e-01	2.078431904972254662e-01	-2.775600759632854686e-01	1.028063905268428724e-01	-9.640513390824953510e-02	1.227335921082400166e-01	-1.786003467173358228e-01	1.845032119485299493e-01	-8.031819753326360778e-02	7.362802052602052116e-02	-1.164166734117323410e-01	8.208619791021673495e-02	-8.319735212357244614e-02	5.158374157595825571e-02	-6.640384664966741957e-02	7.491333449007966938e-02	-7.207781758191776633e-02	5.349321472771636360e-02	-4.889467867360494657e-02	6.582028946162986338e-02	-8.622745739848824975e-02	7.812508378808756537e-02	-6.843595671086333265e-02
3.012814817281360136e-01	-2.690384199086146011e-01	1.723040529212836736e-01	-1.307096410975939205e-01	1.131062125590415884e-01	-6.503886867103292335e-01	2.358837843473714502e-01	-1.847175387144728842e-01	1.139229128569965860e-01	-9.755272050226022895e-02	1.000000000000001776e+00	-2.735375207023605926e-01	1.624403572566603116e-01	-8.246285388894226964e-02	8.361082864331075004e-02	-4.515351898922657647e-01	2.290835986916229805e-01	-1.691487992166342547e-01	1.041486505996761097e-01	-1.096089881398891047e-01	1.665827323904955359e-01	-1.519316268055984076e-01	1.675238580872627780e-01	-9.259127256525036265e-02	9.432377060410893077e-02	-8.849326702738828654e-02	1.046115887392243399e-01	-1.085190782864290659e-01	8.350568986881483358e-02	-6.174063728625588110e-02	8.172352173800509489e-02	-1.050883177332493090e-01	1.225358272881587884e-01	-9.925438942533937325e-02	8.411632286975431749e-02
-2.253578062393044590e-01	2.433190601320814050e-01	-1.884235971530979215e-01	1.261982962825546339e-01	-1.173962351926933767e-01	1.863735526407162557e-01	-6.723450862974995612e-01	1.961428194057194541e-01	-1.193510685767694424e-01	9.714755429642400741e-02	-2.735375207023605926e-01	1.000000000000003997e+00	-2.414620752092319356e-01	8.498486850122419223e-02	-8.554737773695507419e-02	2.747735490358219623e-01	-4.871134513779760145e-01	2.090226147614229757e-01	-1.104523749373551994e-01	1.085066524156584888e-01	-1.928100069103410030e-01	1.824513359835725490e-01	-1.947314119927300302e-01	9.433211311261324727e-02	-9.293572164257332680e-02	9.000641444629556287e-02	-1.108268931161095899e-01	1.143678731497074080e-01	-8.576900375169514701e-02	6.071434729780613576e-02	-8.417962274792582800e-02	1.057715510701718459e-01	-1.269899581995091453e-01	9.746327505078650200e-02	-8.288154049705222237e-02
1.606075522915615672e-01	-1.982014456408428271e-01	2.261256519999405579e-01	-1.660656159716609181e-01	1.488422733858397462e-01	-1.252823787836402913e-01	1.989921341037941549e-01	-5.231534524422399857e-01	1.741572513782255194e-01	-1.404504406955387197e-01	1.624403572566603116e-01	-2.414620752092319356e-01	9.999999999999987788e-01	-1.352693738561299708e-01	1.231576748602713628e-01	-2.156959265203726162e-01	2.223583030803332194e-01	-6.382042062628596746e-01	1.666265857053668975e-01	-1.623323777407102153e-01	1.565061513859709041e-01	-1.591831825370603748e-01	2.502868255153607446e-01	-1.270179726869523629e-01	1.139208245416450105e-01	-9.724307112140546938e-02	1.224350386139896885e-01	-1.478191506797356947e-01	1.096950529970025096e-01	-7.606191435858522532e-02	8.883583725901138262e-02	-1.232450450644449885e-01	1.489725081611807667e-01	-1.241507682254392453e-01	1.006757108490057701e-01
-8.449278002812163346e-02	9.529757358260819433e-02	-1.209663891421461912e-01	1.482066782151427453e-01	-1.566067481001514883e-01	6.171445234240485050e-02	-9.024044402283527833e-02	1.449448946174359543e-01	-3.005273524918496419e-01	2.078431904972254662e-01	-8.246285388894226964e-02	8.498486850122419223e-02	-1.352693738561299708e-01	9.999999999999985567e-01	-6.573524912843196066e-01	9.445124014634413701e-02	-9.203237169180245036e-02	1.379000977550133011e-01	-5.739743110386963387e-01	3.203015339405779760e-01	-7.935749751401677266e-02	7.379236823168631998e-02	-1.268778020057419187e-01	1.233935356967856695e-01	-1.102974986226524790e-01	5.394091330421015018e-02	-7.168051344159054317e-02	8.510155906236707701e-02	-1.048207511469718967e-01	7.039898792769967717e-02	-5.098404272271588739e-02	7.076374123995843313e-02	-9.643057939790711242e-02	9.758030486882895982e-02	-8.591608913555173754e-02
8.573913612368075365e-02	-9.811335140270939503e-02	1.207238764161872174e-01	-1.568449316414407269e-01	1.649845242856343985e-01	-6.303721716811923337e-02	9.057543937584380811e-02	-1.450296566716052227e-01	2.282726061469338985e-01	-2.775600759632854686e-01	8.361082864331075004e-02	-8.554737773695507419e-02	1.231576748602713628e-01	-6.573524912843196066e-01	9.999999999999967804e-01	-9.609662916610123284e-02	9.026596512980848697e-02	-1.283360558515793393e-01	3.177072769352950465e-01	-5.777362125983748209e-01	7.928255675805503944e-02	-7.359109553062162523e-02	1.220223684852659446e-01	-1.169134718193471784e-01	1.192452117914352544e-01	-5.509345729683925996e-02	7.212713125071039399e-02	-8.495440901784932775e-02	9.688287782894021427e-02	-7.768082005614387886e-02	5.194334560614984747e-02	-7.251277764830015016e-02	9.683959165540864666e-02	-1.032343795310554924e-01	8.908637468380049829e-02
-2.658880425581116036e-01	2.121871348868839824e-01	-1.794202153706888625e-01	1.288284376848141954e-01	-1.236601616533423292e-01	2.253800220805224352e-01	-2.896085102585518878e-01	1.887899591905954910e-01	-1.256718654173298311e-01	1.028063905268428724e-01	-4.515351898922657647e-01	2.747735490358219623e-01	-2.156959265203726162e-01	9.445124014634413701e-02	-9.609662916610123284e-02	9.999999999999932276e-01	-5.700511132798494751e-01	2.245212382272723239e-01	-1.266674103725083655e-01	1.235227974371561205e-01	-3.608096419080612516e-01	2.578616957266964826e-01	-2.478914032120268784e-01	1.161492403645994209e-01	-1.159958673180540162e-01	1.260967418875195700e-01	-1.491668473697072284e-01	1.460540468246058488e-01	-1.071646128527116854e-01	7.543956375038200768e-02	-1.194631048495085335e-01	1.390011156765189049e-01	-1.649367347252409521e-01	1.212604277934494906e-01	-1.041677335179935493e-01
1.819633787416988502e-01	-1.974308190194347945e-01	1.605671480701572895e-01	-1.195260274774820747e-01	1.103140555248603022e-01	-1.643726979772703600e-01	2.635802756880885056e-01	-1.941303565778001450e-01	1.157660182429378071e-01	-9.640513390824953510e-02	2.290835986916229805e-01	-4.871134513779760145e-01	2.223583030803332194e-01	-9.203237169180245036e-02	9.026596512980848697e-02	-5.700511132798494751e-01	1.000000000000002665e+00	-3.330408467523868210e-01	1.226290168725298751e-01	-1.210611244823296684e-01	2.646296893344865508e-01	-3.705877509311543139e-01	2.344122921393869685e-01	-1.111176799575601254e-01	1.034333021226619131e-01	-1.150148953654770712e-01	1.368904347058808313e-01	-1.404076271714053137e-01	9.917771718423330773e-02	-6.863428312484694260e-02	1.030414651360642142e-01	-1.317794454247446234e-01	1.457678577591723645e-01	-1.130720152289730052e-01	9.290123293391464032e-02
-1.591059177188794971e-01	1.696387692958339632e-01	-1.974115216261862482e-01	1.413241632993302854e-01	-1.390023416191671080e-01	1.216130027325608848e-01	-1.963354832847679921e-01	2.597998998375672941e-01	-1.566160529648941979e-01	1.227335921082400166e-01	-1.691487992166342547e-01	2.090226147614229757e-01	-6.382042062628596746e-01	1.379000977550133011e-01	-1.283360558515793393e-01	2.245212382272723239e-01	-3.330408467523868210e-01	1.000000000000000666e+00	-2.242238415373357663e-01	1.697378655250274537e-01	-1.931119688209131935e-01	1.936451691748718451e-01	-4.589858301232563331e-01	1.469224484822027332e-01	-1.275840287263629025e-01	1.088013738354928761e-01	-1.466362645808214904e-01	1.795050408036039380e-01	-1.307738883410518582e-01	8.424886576190637744e-02	-1.008703628855961154e-01	1.376336853810747052e-01	-1.822376505451114292e-01	1.365488064996141226e-01	-1.128916172148816260e-01
1.034339940038548344e-01	-1.144868965423998242e-01	1.331606532554600042e-01	-1.479620505612150028e-01	1.443999774079254006e-01	-7.741677360735825519e-02	1.120062257250110521e-01	-1.671220296999420263e-01	1.970831302557742859e-01	-1.786003467173358228e-01	1.041486505996761097e-01	-1.104523749373551994e-01	1.666265857053668975e-01	-5.739743110386963387e-01	3.177072769352950465e-01	-1.266674103725083655e-01	1.226290168725298751e-01	-2.242238415373357663e-01	9.999999999999987788e-01	-6.142080871196454739e-01	1.062542101033721736e-01	-1.010905390698584594e-01	1.744429847606494277e-01	-2.285016930404826230e-01	1.586253376054849173e-01	-7.515311565380353165e-02	9.968330717413652342e-02	-1.228937360307617299e-01	1.579616027015947333e-01	-1.056577892121732531e-01	7.027370550411214667e-02	-1.000455089582489299e-01	1.343550588784016009e-01	-1.483797347374354869e-01	1.226907275889953797e-01
-1.097778015564180171e-01	1.156463137338076541e-01	-1.399260865787605446e-01	1.468256027483145210e-01	-1.675755369694083563e-01	7.978535790912205661e-02	-1.159784277156400562e-01	1.576779849326505334e-01	-2.118201839656093377e-01	1.845032119485299493e-01	-1.096089881398891047e-01	1.085066524156584888e-01	-1.623323777407102153e-01	3.203015339405779760e-01	-5.777362125983748209e-01	1.235227974371561205e-01	-1.210611244823296684e-01	1.697378655250274537e-01	-6.142080871196454739e-01	9.999999999999981126e-01	-1.097626458852875991e-01	1.002895758461314901e-01	-1.763123684398324453e-01	1.716241964803121578e-01	-2.178677619830524381e-01	7.612492401081803750e-02	-1.026978838851410336e-01	1.213177122060395824e-01	-1.526381317456930731e-01	1.231657482513876523e-01	-7.276050786776296075e-02	1.006919291852737541e-01	-1.425031929437735045e-01	1.502627706880351188e-01	-1.441298114022315502e-01
1.367342543754485884e-01	-1.397216113577582353e-01	1.230319414972433495e-01	-9.649179353219677902e-02	9.068868629385852531e-02	-1.187408319703461140e-01	1.617331791842760713e-01	-1.482810834767628039e-01	9.516498818249989611e-02	-8.031819753326360778e-02	1.665827323904955359e-01	-1.928100069103410030e-01	1.565061513859709041e-01	-7.935749751401677266e-02	7.928255675805503944e-02	-3.608096419080612516e-01	2.646296893344865508e-01	-1.931119688209131935e-01	1.062542101033721736e-01	-1.097626458852875991e-01	1.000000000000000888e+00	-7.649114287075354790e-01	2.456386451228071144e-01	-1.210371814828650056e-01	1.072798257729995625e-01	-2.247923656040744789e-01	1.891729882475939317e-01	-1.698869667304429842e-01	1.075470181609437387e-01	-7.279876286942772723e-02	1.619628858389278170e-01	-1.867864146499462197e-01	1.650953882961882502e-01	-1.259653026859177682e-01	9.849511256656365288e-02
-1.264432612850407145e-01	1.267239642182803327e-01	-1.153087025938147880e-01	8.807347629086699492e-02	-8.403039892526081855e-02	1.048096858230766620e-01	-1.612558222055462676e-01	1.367941042837835519e-01	-8.851632915050362815e-02	7.362802052602052116e-02	-1.519316268055984076e-01	1.824513359835725490e-01	-1.591831825370603748e-01	7.379236823168631998e-02	-7.359109553062162523e-02	2.578616957266964826e-01	-3.705877509311543139e-01	1.936451691748718451e-01	-1.010905390698584594e-01	1.002895758461314901e-01	-7.649114287075354790e-01	9.999999999999991118e-01	-3.406861279924184860e-01	1.157095093656038409e-01	-1.005290986430206757e-01	1.623214543081571981e-01	-2.114835081298002128e-01	1.700379288583810933e-01	-1.055017575558987453e-01	6.763049041625315838e-02	-1.435152082904844473e-01	1.668894559514187415e-01	-1.646506664597030545e-01	1.157743681938825930e-01	-9.224657654790456573e-02
1.544951068570450115e-01	-1.660549030127050907e-01	1.647602162995157049e-01	-1.334735350941105292e-01	1.261776909270894975e-01	-1.232511988151286375e-01	1.763673353044112879e-01	-2.241550869864833984e-01	1.373382892561327284e-01	-1.164166734117323410e-01	1.675238580872627780e-01	-1.947314119927300302e-01	2.502868255153607446e-01	-1.268778020057419187e-01	1.220223684852659446e-01	-2.478914032120268784e-01	2.344122921393869685e-01	-4.589858301232563331e-01	1.744429847606494277e-01	-1.763123684398324453e-01	2.456386451228071144e-01	-3.406861279924184860e-01	9.999999999999963363e-01	-2.697847994450119358e-01	1.732965795183541990e-01	-1.736174497205805467e-01	2.314346813498190381e-01	-4.377296032589716446e-01	2.082870543877564928e-01	-1.216165882317628982e-01	1.501607182849179212e-01	-2.327085999688577322e-01	2.731686026328599692e-01	-2.199100050633296111e-01	1.596364438924260942e-01
-8.777575426948314163e-02	8.934206309167963544e-02	-9.521757504998881738e-02	8.368197450839938434e-02	-8.403326752826451029e-02	6.642141398522531659e-02	-9.496339168059907132e-02	1.134820134055887497e-01	-9.700741947796280573e-02	8.208619791021673495e-02	-9.259127256525036265e-02	9.433211311261324727e-02	-1.270179726869523629e-01	1.233935356967856695e-01	-1.169134718193471784e-01	1.161492403645994209e-01	-1.111176799575601254e-01	1.469224484822027332e-01	-2.285016930404826230e-01	1.716241964803121578e-01	-1.210371814828650056e-01	1.157095093656038409e-01	-2.697847994450119358e-01	9.999999999999973355e-01	-3.041592702414352423e-01	9.864090688277800389e-02	-1.517485768338382446e-01	2.146793428929071601e-01	-7.782388328545372103e-01	1.865373233918870555e-01	-9.284986976656028901e-02	1.397399093155670124e-01	-2.269495483470924946e-01	2.655475236151953466e-01	-2.355690677307764047e-01
9.003244100608724654e-02	-9.148714866064670825e-02	9.499669773175938026e-02	-8.514449810008195563e-02	8.501092026037762595e-02	-6.809604339409904006e-02	9.432708865456407299e-02	-1.123629822919346433e-01	9.502420251008547591e-02	-8.319735212357244614e-02	9.432377060410893077e-02	-9.293572164257332680e-02	1.139208245416450105e-01	-1.102974986226524790e-01	1.192452117914352544e-01	-1.159958673180540162e-01	1.034333021226619131e-01	-1.275840287263629025e-01	1.586253376054849173e-01	-2.178677619830524381e-01	1.072798257729995625e-01	-1.005290986430206757e-01	1.732965795183541990e-01	-3.041592702414352423e-01	9.999999999999996669e-01	-9.499428124278969099e-02	1.260044502549371170e-01	-1.634114276428048629e-01	2.263631456869745762e-01	-6.957778160577328119e-01	8.766190268711475386e-02	-1.377788056096509728e-01	1.885988846105318972e-01	-3.788297075229891120e-01	3.140004485925535493e-01
-7.902090934502029040e-02	7.740019646132707820e-02	-7.546102174560845310e-02	5.978133278413436114e-02	-5.871216205016419054e-02	6.206617281404579189e-02	-8.754646783107648822e-02	8.758661854028486349e-02	-6.178298545159935373e-02	5.158374157595825571e-02	-8.849326702738828654e-02	9.000641444629556287e-02	-9.724307112140546938e-02	5.394091330421015018e-02	-5.509345729683925996e-02	1.260967418875195700e-01	-1.150148953654770712e-01	1.088013738354928761e-01	-7.515311565380353165e-02	7.612492401081803750e-02	-2.247923656040744789e-01	1.623214543081571981e-01	-1.736174497205805467e-01	9.864090688277800389e-02	-9.499428124278969099e-02	9.999999999999972244e-01	-3.944943075732208482e-01	1.784545462249071957e-01	-9.816247006622581817e-02	6.387906763605498417e-02	-8.045980852147019968e-01	2.946222606715059311e-01	-2.012409793847362849e-01	1.129429732030463179e-01	-9.047688535707981705e-02
9.502572358749722392e-02	-9.598447155158197630e-02	9.388169865171670792e-02	-7.603040998794059757e-02	7.389527159067085793e-02	-7.488746981064525743e-02	1.054899149754179449e-01	-1.131788271899429182e-01	7.868454304779443076e-02	-6.640384664966741957e-02	1.046115887392243399e-01	-1.108268931161095899e-01	1.224350386139896885e-01	-7.168051344159054317e-02	7.212713125071039399e-02	-1.491668473697072284e-01	1.368904347058808313e-01	-1.466362645808214904e-01	9.968330717413652342e-02	-1.026978838851410336e-01	1.891729882475939317e-01	-2.114835081298002128e-01	2.314346813498190381e-01	-1.517485768338382446e-01	1.260044502549371170e-01	-3.944943075732208482e-01	9.999999999999990008e-01	-4.476749064442668846e-01	1.488067168342268043e-01	-8.852474935761710240e-02	2.742944594096289324e-01	-6.565628166547573530e-01	2.850058575697805296e-01	-1.678597692057150759e-01	1.217747839790908754e-01
-1.003924201165082158e-01	1.020190300594424754e-01	-1.038127185802199537e-01	8.416292131351117700e-02	-8.251007117769813826e-02	7.772641935198315588e-02	-1.112430555822306322e-01	1.266540577122655109e-01	-8.931731624999642016e-02	7.491333449007966938e-02	-1.085190782864290659e-01	1.143678731497074080e-01	-1.478191506797356947e-01	8.510155906236707701e-02	-8.495440901784932775e-02	1.460540468246058488e-01	-1.404076271714053137e-01	1.795050408036039380e-01	-1.228937360307617299e-01	1.213177122060395824e-01	-1.698869667304429842e-01	1.700379288583810933e-01	-4.377296032589716446e-01	2.146793428929071601e-01	-1.634114276428048629e-01	1.784545462249071957e-01	-4.476749064442668846e-01	9.999999999999991118e-01	-2.779769472376950046e-01	1.156477251720961774e-01	-1.637225277629154874e-01	2.736893522679000323e-01	-6.161339596443560218e-01	2.245053682676337869e-01	-1.622617274138835886e-01
7.895144226249066477e-02	-8.105451707790818638e-02	8.457493869341911608e-02	-7.455182938801856174e-02	7.363563040983686636e-02	-6.029957586079469356e-02	8.521825902919710760e-02	-1.024064706906322592e-01	8.365995923870382656e-02	-7.207781758191776633e-02	8.350568986881483358e-02	-8.576900375169514701e-02	1.096950529970025096e-01	-1.048207511469718967e-01	9.688287782894021427e-02	-1.071646128527116854e-01	9.917771718423330773e-02	-1.307738883410518582e-01	1.579616027015947333e-01	-1.526381317456930731e-01	1.075470181609437387e-01	-1.055017575558987453e-01	2.082870543877564928e-01	-7.782388328545372103e-01	2.263631456869745762e-01	-9.816247006622581817e-02	1.488067168342268043e-01	-2.779769472376950046e-01	1.000000000000000222e+00	-1.960499491899117541e-01	8.962033084591089493e-02	-1.444320531341428682e-01	2.224131305071713194e-01	-3.970425094363667640e-01	2.162994714226765813e-01
-5.884095747560419420e-02	5.929787677863841699e-02	-6.217559421903721267e-02	5.497355146297559086e-02	-5.552412812556609123e-02	4.432334240094437661e-02	-6.193100861678409869e-02	7.282043223820940103e-02	-6.204872547847547354e-02	5.349321472771636360e-02	-6.174063728625588110e-02	6.071434729780613576e-02	-7.606191435858522532e-02	7.039898792769967717e-02	-7.768082005614387886e-02	7.543956375038200768e-02	-6.863428312484694260e-02	8.424886576190637744e-02	-1.056577892121732531e-01	1.231657482513876523e-01	-7.279876286942772723e-02	6.763049041625315838e-02	-1.216165882317628982e-01	1.865373233918870555e-01	-6.957778160577328119e-01	6.387906763605498417e-02	-8.852474935761710240e-02	1.156477251720961774e-01	-1.960499491899117541e-01	1.000000000000000000e+00	-5.986887310597754919e-02	9.273479746173657334e-02	-1.434442705259014461e-01	2.705113388540434372e-01	-5.996947128302416719e-01
7.346024734031780801e-02	-7.313088974508255569e-02	7.051450365134334652e-02	-5.666926911876839223e-02	5.517631022703300275e-02	-5.825729064060708451e-02	8.075033546534027273e-02	-8.297057434123204789e-02	5.807948693458403477e-02	-4.889467867360494657e-02	8.172352173800509489e-02	-8.417962274792582800e-02	8.883583725901138262e-02	-5.098404272271588739e-02	5.194334560614984747e-02	-1.194631048495085335e-01	1.030414651360642142e-01	-1.008703628855961154e-01	7.027370550411214667e-02	-7.276050786776296075e-02	1.619628858389278170e-01	-1.435152082904844473e-01	1.501607182849179212e-01	-9.284986976656028901e-02	8.766190268711475386e-02	-8.045980852147019968e-01	2.742944594096289324e-01	-1.637225277629154874e-01	8.962033084591089493e-02	-5.986887310597754919e-02	1.000000000000000444e+00	-4.575325868319566891e-01	1.786628718081145761e-01	-1.085525996988515179e-01	8.356137709064381802e-02
-9.596445832230986184e-02	9.400721465840278235e-02	-9.419728063586754740e-02	7.519884377955125820e-02	-7.453882946617543248e-02	7.389140282820992611e-02	-1.051553722518519807e-01	1.095048474473509642e-01	-7.892024272071002100e-02	6.582028946162986338e-02	-1.050883177332493090e-01	1.057715510701718459e-01	-1.232450450644449885e-01	7.076374123995843313e-02	-7.251277764830015016e-02	1.390011156765189049e-01	-1.317794454247446234e-01	1.376336853810747052e-01	-1.000455089582489299e-01	1.006919291852737541e-01	-1.867864146499462197e-01	1.668894559514187415e-01	-2.327085999688577322e-01	1.397399093155670124e-01	-1.377788056096509728e-01	2.946222606715059311e-01	-6.565628166547573530e-01	2.736893522679000323e-01	-1.444320531341428682e-01	9.273479746173657334e-02	-4.575325868319566891e-01	1.000000000000000444e+00	-3.896023296778149958e-01	1.687175799599360260e-01	-1.346419736158165348e-01
1.141582419884774879e-01	-1.169735990252064872e-01	1.162772216493766358e-01	-9.687813776377196540e-02	9.394811216807236187e-02	-8.879849561293098881e-02	1.233576061582719041e-01	-1.431002666106451771e-01	1.009872323854420773e-01	-8.622745739848824975e-02	1.225358272881587884e-01	-1.269899581995091453e-01	1.489725081611807667e-01	-9.643057939790711242e-02	9.683959165540864666e-02	-1.649367347252409521e-01	1.457678577591723645e-01	-1.822376505451114292e-01	1.343550588784016009e-01	-1.425031929437735045e-01	1.650953882961882502e-01	-1.646506664597030545e-01	2.731686026328599692e-01	-2.269495483470924946e-01	1.885988846105318972e-01	-2.012409793847362849e-01	2.850058575697805296e-01	-6.161339596443560218e-01	2.224131305071713194e-01	-1.434442705259014461e-01	1.786628718081145761e-01	-3.896023296778149958e-01	1.000000000000000444e+00	-3.858274254424954863e-01	1.995993362324360587e-01
-9.389882236039837071e-02	9.317494057397819607e-02	-9.769381002574283046e-02	8.306754559313250796e-02	-8.397776866199747892e-02	7.058101360426452531e-02	-9.960771817771672809e-02	1.134538035569905012e-01	-9.240296573167076921e-02	7.812508378808756537e-02	-9.925438942533937325e-02	9.746327505078650200e-02	-1.241507682254392453e-01	9.758030486882895982e-02	-1.032343795310554924e-01	1.212604277934494906e-01	-1.130720152289730052e-01	1.365488064996141226e-01	-1.483797347374354869e-01	1.502627706880351188e-01	-1.259653026859177682e-01	1.157743681938825930e-01	-2.199100050633296111e-01	2.655475236151953466e-01	-3.788297075229891120e-01	1.129429732030463179e-01	-1.678597692057150759e-01	2.245053682676337869e-01	-3.970425094363667640e-01	2.705113388540434372e-01	-1.085525996988515179e-01	1.687175799599360260e-01	-3.858274254424954863e-01	1.000000000000000444e+00	-5.984736888867554505e-01
7.988111123692952231e-02	-8.063901143395149629e-02	8.289620269921720019e-02	-7.239515626716461205e-02	7.184555360882520503e-02	-6.055424348102837057e-02	8.386545303777089011e-02	-9.803627008618885641e-02	7.901039121545336275e-02	-6.843595671086333265e-02	8.411632286975431749e-02	-8.288154049705222237e-02	1.006757108490057701e-01	-8.591608913555173754e-02	8.908637468380049829e-02	-1.041677335179935493e-01	9.290123293391464032e-02	-1.128916172148816260e-01	1.226907275889953797e-01	-1.441298114022315502e-01	9.849511256656365288e-02	-9.224657654790456573e-02	1.596364438924260942e-01	-2.355690677307764047e-01	3.140004485925535493e-01	-9.047688535707981705e-02	1.217747839790908754e-01	-1.622617274138835886e-01	2.162994714226765813e-01	-5.996947128302416719e-01	8.356137709064381802e-02	-1.346419736158165348e-01	1.995993362324360587e-01	-5.984736888867554505e-01	1.000000000000000444e+00
