1.000000000000000222e+00	-5.703950118106551059e-01	1.819165860938307677e-01	-1.155412478182628738e-01	9.415249778256573610e-02	-6.845140401853629930e-01	3.262074683928417596e-01	-1.666162245979373457e-01	1.358429131900217024e-01	-9.666851110951318882e-02	1.680860317584670638e-01	-1.852319271486477237e-01	1.023028088036773836e-01	-9.489729719928417795e-02	1.032379440944830723e-01	-1.891232753604890279e-02	5.001509776958406456e-02	-5.437038668790356716e-02	7.360778783235076561e-02	-6.072068041881443362e-02	1.918513637980935951e-02	-4.384614808540204800e-02	4.826439253545283803e-02	-3.893776228963141683e-02	3.961930759978524175e-02	-1.619617377246171386e-02	3.946021012225711666e-02	-4.063679435362901882e-02	3.492567559176416175e-02	-4.093498825575599825e-02	1.478324899337715020e-02	-7.322635442076885770e-02	3.063428573230080054e-02	-3.383770655451475567e-02	6.309569502659265194e-02
-5.703950118106551059e-01	9.999999999999998890e-01	-3.039637798412680447e-01	1.338245597832881384e-01	-1.103636844534201383e-01	3.163342773596313773e-01	-6.644301987952367927e-01	2.038241744827028190e-01	-1.587633689397949244e-01	1.044204490985667227e-01	-1.194375339530873298e-01	1.184130226059944557e-01	-1.071139380280161646e-01	9.677574445531662850e-02	-1.068162742015837663e-01	1.420727655773405644e-02	-3.936095373465956643e-02	4.267450474775021096e-02	-7.112210184787205736e-02	5.935709394055247584e-02	-1.457511225185130835e-02	3.670700088586277554e-02	-4.091515708915477445e-02	3.467204934535017546e-02	-3.685850113425284680e-02	1.384155974651562170e-02	-3.376176846525239666e-02	3.518573664841934123e-02	-3.098771947853674533e-02	3.788819044756525090e-02	-1.262876473119008136e-02	6.302332160952488216e-02	-2.660957215998893677e-02	2.949943772141916734e-02	-5.515792809601243601e-02
1.819165860938307677e-01	-3.039637798412680447e-01	1.000000000000000222e+00	-4.594368831497068761e-01	2.451064153388840539e-01	-1.705519339745662499e-01	2.155528736351081665e-01	-6.137173005156567607e-01	2.974866683678010770e-01	-2.382647081860068683e-01	1.086444160921731794e-01	-1.186717485602046679e-01	1.931969798003287109e-01	-1.916882818893171914e-01	1.998645944703870692e-01	-1.835691392489626275e-02	5.794169264426218130e-02	-6.398647392596079619e-02	1.288485739887618997e-01	-1.143522494753443780e-01	1.901228875734558080e-02	-6.303491745620025399e-02	7.040707555881214885e-02	-6.351720998592372269e-02	6.859155453110669931e-02	-2.517030655961768892e-02	6.018725533361538732e-02	-6.384915229560858552e-02	5.633032524371777566e-02	-7.147845849649057948e-02	2.289811771643695398e-02	-1.171243224921761639e-01	4.836973930654335507e-02	-5.403018846882701176e-02	1.007009525943530770e-01
-1.155412478182628738e-01	1.338245597832881384e-01	-4.594368831497068761e-01	1.000000000000000000e+00	-7.033593118119795262e-01	9.939048895568604325e-02	-1.277167077087625890e-01	2.443776970084031719e-01	-3.328602230077914448e-01	2.777975943924114177e-01	-7.783717598797119941e-02	8.209008679129813080e-02	-1.578476151173205388e-01	1.526287574578031603e-01	-2.451280208391879711e-01	1.384375051672293369e-02	-4.521285025122656620e-02	4.939496626038997196e-02	-1.278815758364820476e-01	1.111274603985857728e-01	-1.441105284268802585e-02	4.910854062124414554e-02	-5.568496929320920080e-02	5.279605180773769973e-02	-6.201965958447533400e-02	1.920388077346156172e-02	-4.700068591284907449e-02	5.030419712433519680e-02	-4.679493208516957714e-02	6.251165769500187375e-02	-1.749891450848987950e-02	8.869450120218440314e-02	-3.816041637869329456e-02	4.266006268009057967e-02	-7.977430279741515307e-02
9.415249778256573610e-02	-1.103636844534201383e-01	2.451064153388840539e-01	-7.033593118119795262e-01	1.000000000000000000e+00	-8.733708417091422260e-02	1.028516217802064175e-01	-2.160497296180975135e-01	2.542733626033821803e-01	-5.185001259059874856e-01	7.473068414667843884e-02	-8.119886951308337431e-02	1.407003239241519099e-01	-1.494191455175574446e-01	2.426844938166034249e-01	-1.412587722863528281e-02	4.602548015092045031e-02	-5.072281100654130875e-02	1.268130756307474516e-01	-1.218982526745941430e-01	1.468072128438692968e-02	-5.317728677298026729e-02	5.976965853333313095e-02	-5.731355829864522716e-02	6.612405277972377426e-02	-2.132907147725105271e-02	5.139474122004328294e-02	-5.525317609388581686e-02	5.049497087197379885e-02	-6.830614008323847297e-02	1.940412297202237860e-02	-9.939181099485547288e-02	4.179625353478974570e-02	-4.689803969062253386e-02	8.698053305886213615e-02
-6.845140401853629930e-01	3.163342773596313773e-01	-1.705519339745662499e-01	9.939048895568604325e-02	-8.733708417091422260e-02	1.000000000000000000e+00	-5.703267744474369572e-01	1.564573156653894515e-01	-1.354250197595898431e-01	8.699394569779435316e-02	-2.402966978714764779e-01	1.824901083437374116e-01	-9.956822472592750939e-02	8.811539000215694306e-02	-9.612088172067731473e-02	1.963505968651640607e-02	-4.739407990471752180e-02	5.076404993901598856e-02	-6.723672426297186422e-02	5.469099011976095992e-02	-1.994668021784547218e-02	3.891398343856219272e-02	-4.299830444976821681e-02	3.416921052457431301e-02	-3.516893734273621869e-02	1.395210268528042016e-02	-3.446971428242331242e-02	3.528855094112470780e-02	-3.068709770087041031e-02	3.607837946058514711e-02	-1.276076003396829812e-02	6.217689989184854715e-02	-2.655662075058652649e-02	2.925169795307757878e-02	-5.451345844621153375e-02
3.262074683928417596e-01	-6.644301987952367927e-01	2.155528736351081665e-01	-1.277167077087625890e-01	1.028516217802064175e-01	-5.703267744474369572e-01	9.999999999999998890e-01	-2.584075412342342615e-01	1.594728435446511328e-01	-1.057094232146179452e-01	1.414454184796664904e-01	-1.495582515020452141e-01	1.120279387383209396e-01	-1.035744101880032436e-01	1.065366148839696353e-01	-1.633591863904409677e-02	4.454358929264715800e-02	-4.844437330164413913e-02	7.307021023344775768e-02	-6.132736721537099950e-02	1.664739979944030931e-02	-4.025957900642100629e-02	4.456524001008257269e-02	-3.704671436780142962e-02	3.863954680482140774e-02	-1.503917865222807911e-02	3.664647229745485180e-02	-3.801652330702456895e-02	3.311374296830184999e-02	-3.992602543876064974e-02	1.372190770970639628e-02	-6.830854146440541730e-02	2.867644192507093348e-02	-3.176051745298200807e-02	5.916896269045088252e-02
-1.666162245979373457e-01	2.038241744827028190e-01	-6.137173005156567607e-01	2.443776970084031719e-01	-2.160497296180975135e-01	1.564573156653894515e-01	-2.584075412342342615e-01	1.000000000000000222e+00	-5.487719169460905100e-01	2.161382878250655282e-01	-1.042439453667780846e-01	1.096304587872111158e-01	-2.994248597619581509e-01	2.236012494186845057e-01	-2.023659719046312921e-01	1.695622765062552648e-02	-5.562717725728516527e-02	6.088598627115257567e-02	-1.241854515303902340e-01	1.064719302545061586e-01	-1.763376206005494787e-02	5.451255662339852398e-02	-6.143533574821323506e-02	5.523483810434502705e-02	-6.166031405068572724e-02	2.089551381874583599e-02	-5.112196405642581432e-02	5.405609552367271475e-02	-4.897501141602447761e-02	6.326551888878514940e-02	-1.904641311765143535e-02	9.608656661361857088e-02	-4.084926425115632809e-02	4.554243652472709375e-02	-8.473368982883086598e-02
1.358429131900217024e-01	-1.587633689397949244e-01	2.974866683678010770e-01	-3.328602230077914448e-01	2.542733626033821803e-01	-1.354250197595898431e-01	1.594728435446511328e-01	-5.487719169460905100e-01	1.000000000000000888e+00	-4.385686078235156438e-01	1.135583652754133532e-01	-1.255314347307487921e-01	2.498566425083603992e-01	-3.222802947158975861e-01	2.707015589828021818e-01	-2.101341426012317409e-02	6.874808335818809180e-02	-7.615518479712071742e-02	1.654049655417025311e-01	-1.528725149559221341e-01	2.182937768401204889e-02	-7.613564345310154524e-02	8.518095521025526029e-02	-7.885315927062218344e-02	8.716657362322836888e-02	-3.044481306990153360e-02	7.298409531718202947e-02	-7.787541342582793291e-02	6.959297606727218866e-02	-9.108408300157645743e-02	2.769171275778771826e-02	-1.418777723093861409e-01	5.887529623547635427e-02	-6.593381720405844248e-02	1.222697324265233643e-01
-9.666851110951318882e-02	1.044204490985667227e-01	-2.382647081860068683e-01	2.777975943924114177e-01	-5.185001259059874856e-01	8.699394569779435316e-02	-1.057094232146179452e-01	2.161382878250655282e-01	-4.385686078235156438e-01	1.000000000000001554e+00	-8.048243811712291196e-02	8.595138989359100978e-02	-1.803781841286282717e-01	1.905925176436341628e-01	-5.745618607443340187e-01	1.562939863745971963e-02	-5.274666880359492327e-02	5.781526557473105898e-02	-1.838497219628221768e-01	1.716891522248898683e-01	-1.629504812363117075e-02	5.931502143064973365e-02	-6.752946621349603662e-02	6.796816485610730763e-02	-8.678838172960677555e-02	2.314395091942430399e-02	-5.716459828239225938e-02	6.192895089560093713e-02	-5.987383279408611120e-02	8.491906462267231892e-02	-2.108949840333146711e-02	1.068799539001749899e-01	-4.684167461402135441e-02	5.258372599432935279e-02	-9.770894651506507878e-02
1.680860317584670638e-01	-1.194375339530873298e-01	1.086444160921731794e-01	-7.783717598797119941e-02	7.473068414667843884e-02	-2.402966978714764779e-01	1.414454184796664904e-01	-1.042439453667780846e-01	1.135583652754133532e-01	-8.048243811712291196e-02	1.000000000000001554e+00	-8.937011327717679920e-01	1.314696498279701031e-01	-1.163261345705007693e-01	1.055738582518866570e-01	-6.552313263481049366e-02	1.322107593334391762e-01	-1.417041623397603256e-01	8.721992544232863576e-02	-6.826023788149354621e-02	6.231806143524571545e-02	-7.952477367749884174e-02	8.342154295604652103e-02	-5.444322441283743624e-02	4.918849843686484702e-02	-2.409041320500680122e-02	6.172884525392845212e-02	-5.976142627126952711e-02	4.922982188427708905e-02	-5.073330145167833510e-02	2.216436143560081631e-02	-1.002334187901514351e-01	4.360325663404947261e-02	-4.717358654345912145e-02	8.462834502000769754e-02
-1.852319271486477237e-01	1.184130226059944557e-01	-1.186717485602046679e-01	8.209008679129813080e-02	-8.119886951308337431e-02	1.824901083437374116e-01	-1.495582515020452141e-01	1.096304587872111158e-01	-1.255314347307487921e-01	8.595138989359100978e-02	-8.937011327717679920e-01	1.000000000000003331e+00	-1.613973270159045903e-01	1.220291913781864218e-01	-1.164791331543160169e-01	6.210506096150905653e-02	-1.656182855832155632e-01	1.398502125663604323e-01	-9.456962348628684956e-02	7.226489065475368012e-02	-6.491608903610958381e-02	8.084830293199568585e-02	-8.831848988750608254e-02	5.547167766611076078e-02	-5.122790403020682781e-02	2.360364093580646569e-02	-6.295422449178209034e-02	5.981933133152204235e-02	-5.055283972704915918e-02	5.224168159944378442e-02	-2.184907081785375516e-02	9.596452089936559349e-02	-4.401697146860631543e-02	4.721665351675542743e-02	-8.606689889438423613e-02
1.023028088036773836e-01	-1.071139380280161646e-01	1.931969798003287109e-01	-1.578476151173205388e-01	1.407003239241519099e-01	-9.956822472592750939e-02	1.120279387383209396e-01	-2.994248597619581509e-01	2.498566425083603992e-01	-1.803781841286282717e-01	1.314696498279701031e-01	-1.613973270159045903e-01	1.000000000000002887e+00	-8.173146957982982963e-01	2.179127201290495808e-01	-2.442503371497145928e-02	9.240426144623602178e-02	-1.097807073205474965e-01	1.596843246068459510e-01	-1.391079202549207749e-01	2.552522030376304374e-02	-7.479517996210616193e-02	8.356250972281549505e-02	-7.190107975451349998e-02	7.774567973619245231e-02	-2.682229285036297900e-02	6.696670640894759885e-02	-7.000858915950015915e-02	6.307063266735060680e-02	-8.157520800907749892e-02	2.447154669771772761e-02	-1.219534109356128354e-01	5.211032689107937543e-02	-5.807195783252608323e-02	1.054798275971605970e-01
-9.489729719928417795e-02	9.677574445531662850e-02	-1.916882818893171914e-01	1.526287574578031603e-01	-1.494191455175574446e-01	8.811539000215694306e-02	-1.035744101880032436e-01	2.236012494186845057e-01	-3.222802947158975861e-01	1.905925176436341628e-01	-1.163261345705007693e-01	1.220291913781864218e-01	-8.173146957982982963e-01	1.000000000000003775e+00	-2.982268663768153916e-01	2.127962951336399497e-02	-8.046794746605105686e-02	8.706780704491497158e-02	-1.967503025312968556e-01	1.506019498414458424e-01	-2.240196394510938702e-02	6.569226308220885158e-02	-7.505870120496274667e-02	6.781866988297551024e-02	-7.909454135804279418e-02	2.340899754870795144e-02	-5.956079857370022435e-02	6.275200104172547200e-02	-5.951135571700248011e-02	8.038183424336411975e-02	-2.139512023748250252e-02	1.057113129326282958e-01	-4.689999746643927492e-02	5.226965970080046930e-02	-9.560700770322841380e-02
1.032379440944830723e-01	-1.068162742015837663e-01	1.998645944703870692e-01	-2.451280208391879711e-01	2.426844938166034249e-01	-9.612088172067731473e-02	1.065366148839696353e-01	-2.023659719046312921e-01	2.707015589828021818e-01	-5.745618607443340187e-01	1.055738582518866570e-01	-1.164791331543160169e-01	2.179127201290495808e-01	-2.982268663768153916e-01	1.000000000000003997e+00	-2.245577600588191669e-02	7.597725530600558941e-02	-8.462147343148219980e-02	2.632465588304830351e-01	-3.865438305458931412e-01	2.336239532984057260e-02	-9.286966844505817331e-02	1.044567895372293526e-01	-1.107910559496031594e-01	1.442988810824768764e-01	-3.708309253173204534e-02	9.041280344246026279e-02	-9.927405528320229489e-02	9.567199156342318100e-02	-1.486351800903483733e-01	3.372732175296960788e-02	-1.727188434789786453e-01	7.437730065018872960e-02	-8.426647358548067235e-02	1.530505066070561027e-01
-1.891232753604890279e-02	1.420727655773405644e-02	-1.835691392489626275e-02	1.384375051672293369e-02	-1.412587722863528281e-02	1.963505968651640607e-02	-1.633591863904409677e-02	1.695622765062552648e-02	-2.101341426012317409e-02	1.562939863745971963e-02	-6.552313263481049366e-02	6.210506096150905653e-02	-2.442503371497145928e-02	2.127962951336399497e-02	-2.245577600588191669e-02	1.000000000000002442e+00	-1.165202709148168564e-01	9.926066312598481878e-02	-2.388115373843157502e-02	1.822197970655257265e-02	-9.837071908738979076e-01	4.428973108907209577e-02	-4.363719328530293873e-02	2.159536360755821144e-02	-1.591286804841854363e-02	2.860124799547066748e-02	-3.063004637120864473e-02	2.590776416370715526e-02	-1.986805930212767746e-02	1.647520872785335211e-02	-2.761935266928864860e-02	3.881350022770815866e-02	-1.791062309891805829e-02	1.850442456492991383e-02	-3.080803752113554089e-02
5.001509776958406456e-02	-3.936095373465956643e-02	5.794169264426218130e-02	-4.521285025122656620e-02	4.602548015092045031e-02	-4.739407990471752180e-02	4.454358929264715800e-02	-5.562717725728516527e-02	6.874808335818809180e-02	-5.274666880359492327e-02	1.322107593334391762e-01	-1.656182855832155632e-01	9.240426144623602178e-02	-8.046794746605105686e-02	7.597725530600558941e-02	-1.165202709148168564e-01	1.000000000000003109e+00	-8.923127290540715517e-01	9.134529894421693219e-02	-7.031961013581156106e-02	1.047119019384415844e-01	-2.629533838549960589e-01	2.051078625126316612e-01	-8.871305908721094369e-02	5.968940673018297005e-02	-3.705401310480629928e-02	1.273470231747264036e-01	-1.056570815649062189e-01	7.977805937641363476e-02	-6.234571669044661202e-02	3.446291499858007007e-02	-1.366788659446488974e-01	6.775811376192768243e-02	-7.018581196932588417e-02	1.064108511530285350e-01
-5.437038668790356716e-02	4.267450474775021096e-02	-6.398647392596079619e-02	4.939496626038997196e-02	-5.072281100654130875e-02	5.076404993901598856e-02	-4.844437330164413913e-02	6.088598627115257567e-02	-7.615518479712071742e-02	5.781526557473105898e-02	-1.417041623397603256e-01	1.398502125663604323e-01	-1.097807073205474965e-01	8.706780704491497158e-02	-8.462147343148219980e-02	9.926066312598481878e-02	-8.923127290540715517e-01	1.000000000000002220e+00	-1.073615115982364393e-01	7.728474619782770005e-02	-1.087286676674568964e-01	2.062560141044015305e-01	-2.605832018882514589e-01	9.475471661042393634e-02	-6.543743299493243182e-02	3.690566239379408642e-02	-1.293250812726100818e-01	1.056671178126421251e-01	-8.686799706720835235e-02	6.715819337620808349e-02	-3.473196187144692720e-02	1.336118192110977987e-01	-7.086363821608257507e-02	7.242287926766291517e-02	-1.152432288333070654e-01
7.360778783235076561e-02	-7.112210184787205736e-02	1.288485739887618997e-01	-1.278815758364820476e-01	1.268130756307474516e-01	-6.723672426297186422e-02	7.307021023344775768e-02	-1.241854515303902340e-01	1.654049655417025311e-01	-1.838497219628221768e-01	8.721992544232863576e-02	-9.456962348628684956e-02	1.596843246068459510e-01	-1.967503025312968556e-01	2.632465588304830351e-01	-2.388115373843157502e-02	9.134529894421693219e-02	-1.073615115982364393e-01	1.000000000000001554e+00	-7.610906340328829067e-01	2.491363426699187700e-02	-1.153492014483998712e-01	1.310941721770898516e-01	-1.879248523878656596e-01	2.322237056649764098e-01	-4.310623709592805580e-02	1.116390580343441519e-01	-1.289980498214535753e-01	1.450418087634850473e-01	-2.583255159527424460e-01	3.926748422712481729e-02	-1.975542290003828305e-01	9.359614677011909856e-02	-1.081733703319049528e-01	1.832940246582509258e-01
-6.072068041881443362e-02	5.935709394055247584e-02	-1.143522494753443780e-01	1.111274603985857728e-01	-1.218982526745941430e-01	5.469099011976095992e-02	-6.132736721537099950e-02	1.064719302545061586e-01	-1.528725149559221341e-01	1.716891522248898683e-01	-6.826023788149354621e-02	7.226489065475368012e-02	-1.391079202549207749e-01	1.506019498414458424e-01	-3.865438305458931412e-01	1.822197970655257265e-02	-7.031961013581156106e-02	7.728474619782770005e-02	-7.610906340328829067e-01	1.000000000000001776e+00	-1.910272628675429435e-02	8.828864995866464449e-02	-1.049677224624449984e-01	1.430227153183161737e-01	-3.365012607826060598e-01	3.234766671174351543e-02	-8.722661606980405824e-02	1.001071675548150380e-01	-1.240551938876607863e-01	2.245169662446532266e-01	-2.959700074032207279e-02	1.459384278480768959e-01	-7.513871499686591848e-02	8.550573431477076491e-02	-1.582330154352168394e-01
1.918513637980935951e-02	-1.457511225185130835e-02	1.901228875734558080e-02	-1.441105284268802585e-02	1.468072128438692968e-02	-1.994668021784547218e-02	1.664739979944030931e-02	-1.763376206005494787e-02	2.182937768401204889e-02	-1.629504812363117075e-02	6.231806143524571545e-02	-6.491608903610958381e-02	2.552522030376304374e-02	-2.240196394510938702e-02	2.336239532984057260e-02	-9.837071908738979076e-01	1.047119019384415844e-01	-1.087286676674568964e-01	2.491363426699187700e-02	-1.910272628675429435e-02	1.000000000000002220e+00	-4.641717774448544942e-02	4.474921256820056648e-02	-2.258390873500567067e-02	1.658121317411209023e-02	-3.034575777607603081e-02	3.166370711397591825e-02	-2.716633532326379746e-02	2.066391878001381036e-02	-1.721852179043786499e-02	2.805110489737515367e-02	-4.119414834609815002e-02	1.865268854215854089e-02	-1.936444308643744949e-02	3.191027462868577247e-02
-4.384614808540204800e-02	3.670700088586277554e-02	-6.303491745620025399e-02	4.910854062124414554e-02	-5.317728677298026729e-02	3.891398343856219272e-02	-4.025957900642100629e-02	5.451255662339852398e-02	-7.613564345310154524e-02	5.931502143064973365e-02	-7.952477367749884174e-02	8.084830293199568585e-02	-7.479517996210616193e-02	6.569226308220885158e-02	-9.286966844505817331e-02	4.428973108907209577e-02	-2.629533838549960589e-01	2.062560141044015305e-01	-1.153492014483998712e-01	8.828864995866464449e-02	-4.641717774448544942e-02	1.000000000000002665e+00	-6.876610948788977051e-01	1.917753104229710515e-01	-1.086932479288746783e-01	7.926791263064628112e-02	-5.099121676396686231e-01	2.507677885530271711e-01	-1.891919183266325410e-01	1.108554062226866366e-01	-7.628251340613907694e-02	2.609308320574059703e-01	-1.594602992235048811e-01	1.500576440251170929e-01	-2.226845160548802105e-01
4.826439253545283803e-02	-4.091515708915477445e-02	7.040707555881214885e-02	-5.568496929320920080e-02	5.976965853333313095e-02	-4.299830444976821681e-02	4.456524001008257269e-02	-6.143533574821323506e-02	8.518095521025526029e-02	-6.752946621349603662e-02	8.342154295604652103e-02	-8.831848988750608254e-02	8.356250972281549505e-02	-7.505870120496274667e-02	1.044567895372293526e-01	-4.363719328530293873e-02	2.051078625126316612e-01	-2.605832018882514589e-01	1.310941721770898516e-01	-1.049677224624449984e-01	4.474921256820056648e-02	-6.876610948788977051e-01	1.000000000000002887e+00	-3.200377648070254488e-01	1.285160433062749186e-01	-8.516824879896907341e-02	2.960389906196019827e-01	-3.132824811359586903e-01	2.219755285402477962e-01	-1.364218063832779715e-01	7.780052795495548401e-02	-3.487711242265159051e-01	1.722427756221552309e-01	-1.855733455647367303e-01	2.288776844587495640e-01
-3.893776228963141683e-02	3.467204934535017546e-02	-6.351720998592372269e-02	5.279605180773769973e-02	-5.731355829864522716e-02	3.416921052457431301e-02	-3.704671436780142962e-02	5.523483810434502705e-02	-7.885315927062218344e-02	6.796816485610730763e-02	-5.444322441283743624e-02	5.547167766611076078e-02	-7.190107975451349998e-02	6.781866988297551024e-02	-1.107910559496031594e-01	2.159536360755821144e-02	-8.871305908721094369e-02	9.475471661042393634e-02	-1.879248523878656596e-01	1.430227153183161737e-01	-2.258390873500567067e-02	1.917753104229710515e-01	-3.200377648070254488e-01	1.000000000000001998e+00	-2.699957460064982273e-01	5.292347588267804631e-02	-2.049811838820632670e-01	2.444035749343076158e-01	-7.804376173141323036e-01	2.229002751452887621e-01	-4.982787249435664811e-02	2.066742765397012738e-01	-1.751571483702702714e-01	1.755123207701708432e-01	-2.517166241719605013e-01
3.961930759978524175e-02	-3.685850113425284680e-02	6.859155453110669931e-02	-6.201965958447533400e-02	6.612405277972377426e-02	-3.516893734273621869e-02	3.863954680482140774e-02	-6.166031405068572724e-02	8.716657362322836888e-02	-8.678838172960677555e-02	4.918849843686484702e-02	-5.122790403020682781e-02	7.774567973619245231e-02	-7.909454135804279418e-02	1.442988810824768764e-01	-1.591286804841854363e-02	5.968940673018297005e-02	-6.543743299493243182e-02	2.322237056649764098e-01	-3.365012607826060598e-01	1.658121317411209023e-02	-1.086932479288746783e-01	1.285160433062749186e-01	-2.699957460064982273e-01	1.000000000000001998e+00	-3.962301142942637605e-02	1.114514881678184965e-01	-1.407536913356209063e-01	2.036771948638120833e-01	-8.166403087510325509e-01	3.620681190859447590e-02	-1.784717135686260114e-01	1.013771721146297378e-01	-1.219361839016826765e-01	2.085020998484051480e-01
-1.619617377246171386e-02	1.384155974651562170e-02	-2.517030655961768892e-02	1.920388077346156172e-02	-2.132907147725105271e-02	1.395210268528042016e-02	-1.503917865222807911e-02	2.089551381874583599e-02	-3.044481306990153360e-02	2.314395091942430399e-02	-2.409041320500680122e-02	2.360364093580646569e-02	-2.682229285036297900e-02	2.340899754870795144e-02	-3.708309253173204534e-02	2.860124799547066748e-02	-3.705401310480629928e-02	3.690566239379408642e-02	-4.310623709592805580e-02	3.234766671174351543e-02	-3.034575777607603081e-02	7.926791263064628112e-02	-8.516824879896907341e-02	5.292347588267804631e-02	-3.962301142942637605e-02	1.000000000000002220e+00	-1.387456470144968479e-01	8.374261164911624145e-02	-5.361266487894883470e-02	4.036577343720319788e-02	-9.650266501846974654e-01	1.595752908360122402e-01	-6.159479029749989620e-02	5.723007668912925838e-02	-1.091753719180299509e-01
3.946021012225711666e-02	-3.376176846525239666e-02	6.018725533361538732e-02	-4.700068591284907449e-02	5.139474122004328294e-02	-3.446971428242331242e-02	3.664647229745485180e-02	-5.112196405642581432e-02	7.298409531718202947e-02	-5.716459828239225938e-02	6.172884525392845212e-02	-6.295422449178209034e-02	6.696670640894759885e-02	-5.956079857370022435e-02	9.041280344246026279e-02	-3.063004637120864473e-02	1.273470231747264036e-01	-1.293250812726100818e-01	1.116390580343441519e-01	-8.722661606980405824e-02	3.166370711397591825e-02	-5.099121676396686231e-01	2.960389906196019827e-01	-2.049811838820632670e-01	1.114514881678184965e-01	-1.387456470144968479e-01	1.000000000000002442e+00	-5.553143686472532536e-01	1.998627233707702677e-01	-1.189893844691008312e-01	1.192038612569004674e-01	-4.742247636636297559e-01	2.148318586945082431e-01	-2.097695459693132980e-01	2.480581988896797263e-01
-4.063679435362901882e-02	3.518573664841934123e-02	-6.384915229560858552e-02	5.030419712433519680e-02	-5.525317609388581686e-02	3.528855094112470780e-02	-3.801652330702456895e-02	5.405609552367271475e-02	-7.787541342582793291e-02	6.192895089560093713e-02	-5.976142627126952711e-02	5.981933133152204235e-02	-7.000858915950015915e-02	6.275200104172547200e-02	-9.927405528320229489e-02	2.590776416370715526e-02	-1.056570815649062189e-01	1.056671178126421251e-01	-1.289980498214535753e-01	1.001071675548150380e-01	-2.716633532326379746e-02	2.507677885530271711e-01	-3.132824811359586903e-01	2.444035749343076158e-01	-1.407536913356209063e-01	8.374261164911624145e-02	-5.553143686472532536e-01	1.000000000000001998e+00	-3.715985827962741128e-01	1.475913334586955450e-01	-8.065225237443165995e-02	2.834979714458274458e-01	-4.617556733204361552e-01	2.715655423044915362e-01	-3.247643520063761002e-01
3.492567559176416175e-02	-3.098771947853674533e-02	5.633032524371777566e-02	-4.679493208516957714e-02	5.049497087197379885e-02	-3.068709770087041031e-02	3.311374296830184999e-02	-4.897501141602447761e-02	6.959297606727218866e-02	-5.987383279408611120e-02	4.922982188427708905e-02	-5.055283972704915918e-02	6.307063266735060680e-02	-5.951135571700248011e-02	9.567199156342318100e-02	-1.986805930212767746e-02	7.977805937641363476e-02	-8.686799706720835235e-02	1.450418087634850473e-01	-1.240551938876607863e-01	2.066391878001381036e-02	-1.891919183266325410e-01	2.219755285402477962e-01	-7.804376173141323036e-01	2.036771948638120833e-01	-5.361266487894883470e-02	1.998627233707702677e-01	-3.715985827962741128e-01	1.000000000000001554e+00	-2.600250635661581211e-01	4.972387324106518347e-02	-2.159373765222121488e-01	1.893563962517427757e-01	-2.234985304596345257e-01	2.234524634892214034e-01
-4.093498825575599825e-02	3.788819044756525090e-02	-7.147845849649057948e-02	6.251165769500187375e-02	-6.830614008323847297e-02	3.607837946058514711e-02	-3.992602543876064974e-02	6.326551888878514940e-02	-9.108408300157645743e-02	8.491906462267231892e-02	-5.073330145167833510e-02	5.224168159944378442e-02	-8.157520800907749892e-02	8.038183424336411975e-02	-1.486351800903483733e-01	1.647520872785335211e-02	-6.234571669044661202e-02	6.715819337620808349e-02	-2.583255159527424460e-01	2.245169662446532266e-01	-1.721852179043786499e-02	1.108554062226866366e-01	-1.364218063832779715e-01	2.229002751452887621e-01	-8.166403087510325509e-01	4.036577343720319788e-02	-1.189893844691008312e-01	1.475913334586955450e-01	-2.600250635661581211e-01	1.000000000000001110e+00	-3.710566379807354181e-02	1.784333328377786243e-01	-1.144369652967104911e-01	1.331880926790997288e-01	-3.039669559124146270e-01
1.478324899337715020e-02	-1.262876473119008136e-02	2.289811771643695398e-02	-1.749891450848987950e-02	1.940412297202237860e-02	-1.276076003396829812e-02	1.372190770970639628e-02	-1.904641311765143535e-02	2.769171275778771826e-02	-2.108949840333146711e-02	2.216436143560081631e-02	-2.184907081785375516e-02	2.447154669771772761e-02	-2.139512023748250252e-02	3.372732175296960788e-02	-2.761935266928864860e-02	3.446291499858007007e-02	-3.473196187144692720e-02	3.926748422712481729e-02	-2.959700074032207279e-02	2.805110489737515367e-02	-7.628251340613907694e-02	7.780052795495548401e-02	-4.982787249435664811e-02	3.620681190859447590e-02	-9.650266501846974654e-01	1.192038612569004674e-01	-8.065225237443165995e-02	4.972387324106518347e-02	-3.710566379807354181e-02	1.000000000000001776e+00	-1.908230570308693252e-01	5.696484874938106957e-02	-5.393003601826733273e-02	9.800632422888605477e-02
-7.322635442076885770e-02	6.302332160952488216e-02	-1.171243224921761639e-01	8.869450120218440314e-02	-9.939181099485547288e-02	6.217689989184854715e-02	-6.830854146440541730e-02	9.608656661361857088e-02	-1.418777723093861409e-01	1.068799539001749899e-01	-1.002334187901514351e-01	9.596452089936559349e-02	-1.219534109356128354e-01	1.057113129326282958e-01	-1.727188434789786453e-01	3.881350022770815866e-02	-1.366788659446488974e-01	1.336118192110977987e-01	-1.975542290003828305e-01	1.459384278480768959e-01	-4.119414834609815002e-02	2.609308320574059703e-01	-3.487711242265159051e-01	2.066742765397012738e-01	-1.784717135686260114e-01	1.595752908360122402e-01	-4.742247636636297559e-01	2.834979714458274458e-01	-2.159373765222121488e-01	1.784333328377786243e-01	-1.908230570308693252e-01	1.000000000000001332e+00	-2.707202155902344032e-01	2.350822395099383677e-01	-5.361871291944437790e-01
3.063428573230080054e-02	-2.660957215998893677e-02	4.836973930654335507e-02	-3.816041637869329456e-02	4.179625353478974570e-02	-2.655662075058652649e-02	2.867644192507093348e-02	-4.084926425115632809e-02	5.887529623547635427e-02	-4.684167461402135441e-02	4.360325663404947261e-02	-4.401697146860631543e-02	5.211032689107937543e-02	-4.689999746643927492e-02	7.437730065018872960e-02	-1.791062309891805829e-02	6.775811376192768243e-02	-7.086363821608257507e-02	9.359614677011909856e-02	-7.513871499686591848e-02	1.865268854215854089e-02	-1.594602992235048811e-01	1.722427756221552309e-01	-1.751571483702702714e-01	1.013771721146297378e-01	-6.159479029749989620e-02	2.148318586945082431e-01	-4.617556733204361552e-01	1.893563962517427757e-01	-1.144369652967104911e-01	5.696484874938106957e-02	-2.707202155902344032e-01	1.000000000000001776e+00	-7.624408152255511828e-01	2.676404229138826807e-01
-3.383770655451475567e-02	2.949943772141916734e-02	-5.403018846882701176e-02	4.266006268009057967e-02	-4.689803969062253386e-02	2.925169795307757878e-02	-3.176051745298200807e-02	4.554243652472709375e-02	-6.593381720405844248e-02	5.258372599432935279e-02	-4.717358654345912145e-02	4.721665351675542743e-02	-5.807195783252608323e-02	5.226965970080046930e-02	-8.426647358548067235e-02	1.850442456492991383e-02	-7.018581196932588417e-02	7.242287926766291517e-02	-1.081733703319049528e-01	8.550573431477076491e-02	-1.936444308643744949e-02	1.500576440251170929e-01	-1.855733455647367303e-01	1.755123207701708432e-01	-1.219361839016826765e-01	5.723007668912925838e-02	-2.097695459693132980e-01	2.715655423044915362e-01	-2.234985304596345257e-01	1.331880926790997288e-01	-5.393003601826733273e-02	2.350822395099383677e-01	-7.624408152255511828e-01	1.000000000000001776e+00	-4.519903469150717834e-01
6.309569502659265194e-02	-5.515792809601243601e-02	1.007009525943530770e-01	-7.977430279741515307e-02	8.698053305886213615e-02	-5.451345844621153375e-02	5.916896269045088252e-02	-8.473368982883086598e-02	1.222697324265233643e-01	-9.770894651506507878e-02	8.462834502000769754e-02	-8.606689889438423613e-02	1.054798275971605970e-01	-9.560700770322841380e-02	1.530505066070561027e-01	-3.080803752113554089e-02	1.064108511530285350e-01	-1.152432288333070654e-01	1.832940246582509258e-01	-1.582330154352168394e-01	3.191027462868577247e-02	-2.226845160548802105e-01	2.288776844587495640e-01	-2.517166241719605013e-01	2.085020998484051480e-01	-1.091753719180299509e-01	2.480581988896797263e-01	-3.247643520063761002e-01	2.234524634892214034e-01	-3.039669559124146270e-01	9.800632422888605477e-02	-5.361871291944437790e-01	2.676404229138826807e-01	-4.519903469150717834e-01	1.000000000000001776e+00
