1.000000000000000222e+00	-5.252231017990951489e-01	2.431908716338101739e-01	-1.173892582066138057e-01	5.254286146223745291e-02	-7.060183549854746055e-01	3.141902710108981367e-01	-2.383596843579330604e-01	9.918016755724362588e-02	-5.007322179086430569e-02	1.561532735585463572e-01	-1.836880227516297925e-01	1.594175914511965497e-01	-1.463064024848423073e-01	1.286208009567275379e-01	-1.703456340730135909e-01	1.237098194832609577e-01	-1.138189325619483050e-01	8.783443603117588316e-02	-4.774603307333966790e-02	1.160208011115415189e-01	-8.709324235103192702e-02	9.464399146743571190e-02	-9.405958659930259425e-02	5.336332935820266299e-02	-5.884452823673254340e-02	6.284951986817204073e-02	-5.887100115610297696e-02	4.582877665456508431e-02	-1.766892479494058810e-02	4.993201279573938889e-02	-6.316787601818145415e-02	5.143898626601870611e-02	-5.430010337060069137e-02	1.780516300736067689e-02	-4.999540882549030618e-02	4.889076304472263212e-02	-5.147814857948462830e-02	3.822512915032907910e-02	-3.387886056507238147e-02	1.743452132741354563e-02	-1.657917952554299398e-02	4.506348254891144600e-02	-3.222606872661380045e-02	5.100545943161008400e-02
-5.252231017990951489e-01	1.000000000000000444e+00	-5.313717240449173929e-01	1.226361042886728731e-01	-5.474908747024723188e-02	3.010207195995219243e-01	-5.468891936050759295e-01	2.822668249721481670e-01	-1.096037713978396666e-01	5.151506055298743503e-02	-1.114082017467013380e-01	1.647113562591889513e-01	-1.740222267118957111e-01	1.417806923028616384e-01	-1.268499998058214839e-01	1.146263067817003545e-01	-1.184579013950156079e-01	1.098415942165943543e-01	-8.381329335811556203e-02	4.557886003611586606e-02	-1.048869478398665178e-01	7.997797150626295704e-02	-8.979105467659365125e-02	8.695853103023983011e-02	-5.103210588827226252e-02	5.297774526397565353e-02	-5.740974682725868972e-02	5.352392481344711572e-02	-4.183106576639274848e-02	1.605497401770551377e-02	-4.524434166264251073e-02	5.705492381350767833e-02	-4.674375047040629089e-02	4.905432436268940960e-02	-1.620608155176639711e-02	4.493028438763250337e-02	-4.427682466831010799e-02	4.636534858105050699e-02	-3.463346830283108718e-02	3.060727478099017906e-02	-1.577426981772309805e-02	1.497739209139063374e-02	-4.090508057394411784e-02	2.915435944937628393e-02	-4.630794565243648991e-02
2.431908716338101739e-01	-5.313717240449173929e-01	1.000000000000000666e+00	-2.189654197088836685e-01	8.034546879250356599e-02	-2.509001526880357269e-01	3.019208399984995572e-01	-6.374070587341220673e-01	1.742551678556722161e-01	-7.773637923138244921e-02	1.176073994314392607e-01	-2.140541228529203588e-01	2.395614813347235472e-01	-2.182861517766646886e-01	1.688971396801905167e-01	-1.310651161500578366e-01	1.478481496851837274e-01	-1.554918756931125134e-01	1.134171361002215828e-01	-6.169511950340404727e-02	1.328050743941131262e-01	-1.076076159610938054e-01	1.185182486669704438e-01	-1.209274981931688225e-01	6.810840710994070513e-02	-7.010249048827740803e-02	7.598011920340354275e-02	-7.211191969553693015e-02	5.602737963140450028e-02	-2.152996735232961048e-02	5.963641973801339646e-02	-7.653803824694289937e-02	6.240265342963705053e-02	-6.611708006205806176e-02	2.167767132616361253e-02	-5.983262708909306560e-02	5.865341403464342102e-02	-6.192634805403169490e-02	4.593558809308397051e-02	-4.070211059799010156e-02	2.089223512259395787e-02	-1.987162899932537127e-02	5.406081239128254778e-02	-3.869968889311676402e-02	6.116896186679264547e-02
-1.173892582066138057e-01	1.226361042886728731e-01	-2.189654197088836685e-01	1.000000000000000666e+00	-2.530698153327180511e-01	1.043649751140078991e-01	-1.434992728904921910e-01	1.952584101612193368e-01	-8.241097412033532299e-01	2.033384025539080042e-01	-7.552681436935057557e-02	1.379277201328967251e-01	-1.979211057213844105e-01	2.535739582921689439e-01	-2.610734042420482792e-01	8.160113981717476150e-02	-1.176297721980686245e-01	1.167639464067508626e-01	-1.167090183425825989e-01	7.192164339334213008e-02	-1.237351302438958883e-01	8.878101366997728783e-02	-1.038954010758700447e-01	1.111132750911686395e-01	-8.070749506693147834e-02	6.093376085534598502e-02	-6.635659510142521977e-02	6.204991296327153072e-02	-4.962841214758943742e-02	1.932557268582968044e-02	-5.310137563702971297e-02	6.555690022510077264e-02	-5.477452026668840068e-02	5.734843557623520854e-02	-1.956353943936035497e-02	5.228363545799288858e-02	-5.243509187904234203e-02	5.461650539638107649e-02	-4.168761052931549416e-02	3.677106571280977509e-02	-1.889774865904985529e-02	1.787265469431800757e-02	-4.969565812148106498e-02	3.509925532902986173e-02	-5.656413131537380012e-02
5.254286146223745291e-02	-5.474908747024723188e-02	8.034546879250356599e-02	-2.530698153327180511e-01	1.000000000000001332e+00	-5.045177679044608038e-02	6.216060475481539199e-02	-8.586946729634409303e-02	2.022384679348444847e-01	-9.227271199626506659e-01	4.139209311931471569e-02	-8.113462872413286509e-02	9.374748097796127555e-02	-1.580117830387978428e-01	1.663977056495457296e-01	-4.688067450641835582e-02	6.362143998131297717e-02	-6.504133068038532584e-02	6.588580858824426290e-02	-4.609065303509252143e-02	7.067597378766304894e-02	-5.211441060456067226e-02	5.784397848917119389e-02	-7.077205166460878716e-02	4.785510645776421684e-02	-3.663637021018819467e-02	3.924646394948255734e-02	-3.781015200230505163e-02	3.006348971993617891e-02	-1.187918348794268601e-02	3.177863798044353733e-02	-4.001697639232614651e-02	3.318554598633768199e-02	-3.552077321352745815e-02	1.195624132127773992e-02	-3.206074450828493710e-02	3.176477681525340796e-02	-3.375396749280061559e-02	2.549418021357574560e-02	-2.269089320447687658e-02	1.153393381779927070e-02	-1.094585350452815554e-02	3.027885617680163913e-02	-2.156157083139520481e-02	3.453817844466505749e-02
-7.060183549854746055e-01	3.010207195995219243e-01	-2.509001526880357269e-01	1.043649751140078991e-01	-5.045177679044608038e-02	1.000000000000000888e+00	-5.306722582516387732e-01	2.191827575090062596e-01	-9.396423034187731393e-02	4.727767247886397600e-02	-2.151858507330124126e-01	1.778411247756122304e-01	-1.630755582359157407e-01	1.334865329368664921e-01	-1.278019950881179312e-01	1.721550829012645223e-01	-1.279832842222539957e-01	1.100746865320916396e-01	-8.551099631436985538e-02	4.637096381078791713e-02	-1.176263092105389874e-01	8.433660483506773275e-02	-9.391090545738357831e-02	8.841759580320542045e-02	-5.230169316385338552e-02	5.699379929588250376e-02	-6.119406778145712600e-02	5.631270223280002152e-02	-4.406308279530764260e-02	1.691013214435700338e-02	-4.855656802655096416e-02	6.046955532922021481e-02	-4.950123861090207494e-02	5.168214117671760671e-02	-1.708777737789868301e-02	4.797176326161912280e-02	-4.724224006543408655e-02	4.924250020299011932e-02	-3.683427184837853585e-02	3.251960653778415006e-02	-1.681711116012149509e-02	1.595960172559159063e-02	-4.356271230884697226e-02	3.100163604049461716e-02	-4.930506715355344877e-02
3.141902710108981367e-01	-5.468891936050759295e-01	3.019208399984995572e-01	-1.434992728904921910e-01	6.216060475481539199e-02	-5.306722582516387732e-01	1.000000000000000666e+00	-4.466894802317836755e-01	1.259977537264600767e-01	-5.971552354867404322e-02	1.449447605215968549e-01	-2.405428957243430088e-01	2.062676234386193741e-01	-1.733183175493799300e-01	1.462077620551017199e-01	-1.513448691298376059e-01	1.475332687706998047e-01	-1.376076339777587421e-01	1.000965103788920008e-01	-5.388483236507702473e-02	1.249467377031169002e-01	-9.776120439046601107e-02	1.081310045693159444e-01	-1.052556168767882633e-01	5.999330540040090365e-02	-6.390733053336364322e-02	6.921683722652902104e-02	-6.472787808324159675e-02	5.035653032049002692e-02	-1.929073513884229166e-02	5.431834650704013556e-02	-6.899724572733638428e-02	5.628890975718337658e-02	-5.920951014506888044e-02	1.945314511595094831e-02	-5.409968904636220516e-02	5.311758936236053025e-02	-5.573923145352335795e-02	4.144268000971803451e-02	-3.664485067528890083e-02	1.888291393820694386e-02	-1.794539246507145802e-02	4.883793282806367375e-02	-3.488431389769577895e-02	5.523035951656929399e-02
-2.383596843579330604e-01	2.822668249721481670e-01	-6.374070587341220673e-01	1.952584101612193368e-01	-8.586946729634409303e-02	2.191827575090062596e-01	-4.466894802317836755e-01	1.000000000000001110e+00	-2.238180758734746589e-01	8.169960088734212755e-02	-1.143393603954109411e-01	2.084032211280440472e-01	-4.109390708106019918e-01	2.198644989129373284e-01	-1.811034380344451467e-01	1.205102828039065072e-01	-1.629497481648163604e-01	1.694410472256837608e-01	-1.194612276040357968e-01	6.379017838628736614e-02	-1.350350850234197098e-01	1.091565023603959239e-01	-1.277508449319507966e-01	1.203180341215351473e-01	-7.086097445115112359e-02	6.966618564808246816e-02	-7.664834368242298690e-02	7.175592914420038382e-02	-5.601712436071747125e-02	2.134592581500005526e-02	-5.950872600882288477e-02	7.568578625609961863e-02	-6.216496764307678780e-02	6.512974215277504697e-02	-2.154992464128778137e-02	5.894766844340670886e-02	-5.824178521492100191e-02	6.092797762643686887e-02	-4.548491784754670614e-02	4.012848858597452273e-02	-2.068219371708017104e-02	1.963484532365340762e-02	-5.364045651484210253e-02	3.823334667838630685e-02	-6.066308041091288822e-02
9.918016755724362588e-02	-1.096037713978396666e-01	1.742551678556722161e-01	-8.241097412033532299e-01	2.022384679348444847e-01	-9.396423034187731393e-02	1.259977537264600767e-01	-2.238180758734746589e-01	9.999999999999996669e-01	-2.479955952339189529e-01	6.677137719771407409e-02	-1.273103960848982474e-01	1.803557141624267390e-01	-3.470721935365417843e-01	2.111339427750066888e-01	-7.321060097664733313e-02	1.036526380207142550e-01	-1.070236540923310553e-01	1.031473443578175969e-01	-6.160011960994018348e-02	1.048206189344322720e-01	-7.839007507604855984e-02	9.047681527971937476e-02	-1.007613163232810721e-01	6.756377567549265439e-02	-5.297013795675691028e-02	5.766784705503597008e-02	-5.448319270839776379e-02	4.335010396495937030e-02	-1.683312911540800483e-02	4.588700708729663569e-02	-5.740614812706788112e-02	4.772660537266990022e-02	-5.031135913415185623e-02	1.700403028751715229e-02	-4.549520001889317822e-02	4.535199883285392919e-02	-4.750936441245981467e-02	3.598103536269091351e-02	-3.179446353431330391e-02	1.630746516707036464e-02	-1.544910428942745939e-02	4.272938177976602636e-02	-3.030464718414527248e-02	4.857466188772980448e-02
-5.007322179086430569e-02	5.151506055298743503e-02	-7.773637923138244921e-02	2.033384025539080042e-01	-9.227271199626506659e-01	4.727767247886397600e-02	-5.971552354867404322e-02	8.169960088734212755e-02	-2.479955952339189529e-01	1.000000000000000666e+00	-3.853973957214655577e-02	7.468299192820704313e-02	-9.028706396057165073e-02	1.454966649454418337e-01	-1.954513721466185072e-01	4.328832132875512495e-02	-5.976893065819600948e-02	6.077829554082324337e-02	-6.259785224546376980e-02	4.529101801526386889e-02	-6.606765464875413718e-02	4.839209670156038867e-02	-5.426343884797575623e-02	6.564259111229032995e-02	-4.732700298043977100e-02	3.393931375840232578e-02	-3.645445560903130128e-02	3.498157370789544557e-02	-2.788030793077574815e-02	1.102158961934128663e-02	-2.947704193698729574e-02	3.698399108138548941e-02	-3.073581199601125441e-02	3.280147778338085574e-02	-1.110266023251219383e-02	2.962343943873233312e-02	-2.942095455758032829e-02	3.116942481689463640e-02	-2.359626094075081490e-02	2.097311575223136798e-02	-1.067560020782623402e-02	1.012491646477973670e-02	-2.804683219589772930e-02	1.994301667439932202e-02	-3.198799391475257159e-02
1.561532735585463572e-01	-1.114082017467013380e-01	1.176073994314392607e-01	-7.552681436935057557e-02	4.139209311931471569e-02	-2.151858507330124126e-01	1.449447605215968549e-01	-1.143393603954109411e-01	6.677137719771407409e-02	-3.853973957214655577e-02	9.999999999999993339e-01	-3.342879065238382186e-01	1.500947757061102672e-01	-1.215500846576520327e-01	1.273899580377496343e-01	-8.633960279213177547e-01	1.852690020620743339e-01	-1.305757147163294773e-01	9.394709583902469130e-02	-4.923381973560381902e-02	1.651795056372268311e-01	-1.086034425127047620e-01	1.130852960344535391e-01	-9.808633563392823995e-02	5.577900208684282574e-02	-7.487520641329926951e-02	7.704672047550446823e-02	-6.874987081828969060e-02	5.308213832552367145e-02	-2.019753491586724625e-02	6.138692795747325431e-02	-7.561182688485668102e-02	6.062711437763117911e-02	-6.281917696330237277e-02	2.039868914429404309e-02	-6.060802257742214233e-02	5.833911839700463980e-02	-6.048104441704244688e-02	4.444964673666881860e-02	-3.921482907069895329e-02	2.051383106937307646e-02	-1.952307520259091364e-02	5.225248434926965668e-02	-3.738093334630283870e-02	5.879723672830028391e-02
-1.836880227516297925e-01	1.647113562591889513e-01	-2.140541228529203588e-01	1.379277201328967251e-01	-8.113462872413286509e-02	1.778411247756122304e-01	-2.405428957243430088e-01	2.084032211280440472e-01	-1.273103960848982474e-01	7.468299192820704313e-02	-3.342879065238382186e-01	1.000000000000001554e+00	-4.018213204941237793e-01	2.356354298238442502e-01	-2.650557518944677837e-01	2.475027930133116838e-01	-5.860053627400867438e-01	2.900598066293648691e-01	-1.980351200749742302e-01	1.000121514195505545e-01	-2.668873068637535595e-01	2.031520599858921139e-01	-2.411279713966415494e-01	1.882123292194224917e-01	-1.140633236172538395e-01	1.257900278850548337e-01	-1.419086622792412322e-01	1.246709670543662829e-01	-9.788174386401843341e-02	3.663629465720936312e-02	-1.079773172513416729e-01	1.328774509608197096e-01	-1.097805406268766715e-01	1.114762197046454684e-01	-3.722273380408749194e-02	1.034947234499565688e-01	-1.036016446474248703e-01	1.056361407443401901e-01	-7.973865142314760790e-02	6.968025718111690858e-02	-3.642824088735884674e-02	3.444839203249008830e-02	-9.449369100976343083e-02	6.672499008675114585e-02	-1.066246209014924812e-01
1.594175914511965497e-01	-1.740222267118957111e-01	2.395614813347235472e-01	-1.979211057213844105e-01	9.374748097796127555e-02	-1.630755582359157407e-01	2.062676234386193741e-01	-4.109390708106019918e-01	1.803557141624267390e-01	-9.028706396057165073e-02	1.500947757061102672e-01	-4.018213204941237793e-01	1.000000000000001554e+00	-4.755439632622858737e-01	2.605419460749675009e-01	-1.682635566316355580e-01	2.754978922365313165e-01	-4.444568474357418753e-01	1.997026237919370950e-01	-1.015436931068532667e-01	2.040768312343663460e-01	-1.925423334997242164e-01	2.191570179840604260e-01	-2.072789290406505669e-01	1.094828236399951055e-01	-1.124025699157711333e-01	1.251340292153048372e-01	-1.196346093580784864e-01	9.146660994517649690e-02	-3.442423267815897248e-02	9.461247210357566495e-02	-1.244484316039965177e-01	1.009657337450610981e-01	-1.064927988558603822e-01	3.464182418646568479e-02	-9.434524814911823820e-02	9.247508531266461496e-02	-9.730987801898263734e-02	7.161887798770254221e-02	-6.317334990352026225e-02	3.253151351670838243e-02	-3.096210616524992798e-02	8.377709241247725813e-02	-6.009909193432481922e-02	9.436139596417876529e-02
-1.463064024848423073e-01	1.417806923028616384e-01	-2.182861517766646886e-01	2.535739582921689439e-01	-1.580117830387978428e-01	1.334865329368664921e-01	-1.733183175493799300e-01	2.198644989129373284e-01	-3.470721935365417843e-01	1.454966649454418337e-01	-1.215500846576520327e-01	2.356354298238442502e-01	-4.755439632622858737e-01	1.000000000000003997e+00	-5.687617917919993715e-01	1.315919787692677867e-01	-2.151341423889927273e-01	2.220888036053338677e-01	-2.595285225276540708e-01	1.422123161366756205e-01	-2.175532918542492922e-01	1.593311765160143334e-01	-1.932163969767013711e-01	2.154435740403617128e-01	-1.574421711941857704e-01	1.073433949984927138e-01	-1.180927355733295686e-01	1.106536061652026171e-01	-8.910191431797595540e-02	3.449656929037515224e-02	-9.357912154459095688e-02	1.157658084348098387e-01	-9.722775514938833408e-02	1.017434538681778050e-01	-3.493517921057764930e-02	9.176091115335668902e-02	-9.228154440588294538e-02	9.590354568834387472e-02	-7.324867730796369436e-02	6.448156795095862093e-02	-3.315789396678260614e-02	3.134842077082822254e-02	-8.722371329522375649e-02	6.157563698177319356e-02	-9.918699496779879998e-02
1.286208009567275379e-01	-1.268499998058214839e-01	1.688971396801905167e-01	-2.610734042420482792e-01	1.663977056495457296e-01	-1.278019950881179312e-01	1.462077620551017199e-01	-1.811034380344451467e-01	2.111339427750066888e-01	-1.954513721466185072e-01	1.273899580377496343e-01	-2.650557518944677837e-01	2.605419460749675009e-01	-5.687617917919993715e-01	1.000000000000001776e+00	-1.494786963227958676e-01	1.988852223637405658e-01	-2.088105794552010119e-01	2.272161856909624689e-01	-2.275340778257643470e-01	2.357531255650454904e-01	-1.760512600628321711e-01	1.883772314141803905e-01	-2.648551260376710292e-01	1.921439656904950222e-01	-1.267970184392121502e-01	1.341627199298715267e-01	-1.325242119809401931e-01	1.053534257084907111e-01	-4.241242862383846207e-02	1.098246545330568702e-01	-1.400281388982536901e-01	1.158725876986615166e-01	-1.263042047317660121e-01	4.248112429366496245e-02	-1.128044559980599104e-01	1.109596899126828462e-01	-1.197670362864436677e-01	8.995914047742850639e-02	-8.064552394462724816e-02	4.059365572710674913e-02	-3.861215679308312859e-02	1.066269712622163746e-01	-7.635898693215893707e-02	1.219369827474234003e-01
-1.703456340730135909e-01	1.146263067817003545e-01	-1.310651161500578366e-01	8.160113981717476150e-02	-4.688067450641835582e-02	1.721550829012645223e-01	-1.513448691298376059e-01	1.205102828039065072e-01	-7.321060097664733313e-02	4.328832132875512495e-02	-8.633960279213177547e-01	2.475027930133116838e-01	-1.682635566316355580e-01	1.315919787692677867e-01	-1.494786963227958676e-01	1.000000000000002665e+00	-2.240834609905736630e-01	1.435152374123725427e-01	-1.079114086805926520e-01	5.659769032525091559e-02	-2.254444952086084031e-01	1.242152218523639023e-01	-1.328368669699596105e-01	1.091244679196198414e-01	-6.476772869222541251e-02	8.745763445637268207e-02	-9.014481475861668702e-02	7.834676618085667510e-02	-6.096192120451664892e-02	2.311340288451779398e-02	-7.239568430927124931e-02	8.643061835017959438e-02	-6.982499684328669076e-02	7.138451277961158081e-02	-2.341693694373394100e-02	6.974405006177381017e-02	-6.789051312225230506e-02	6.936296823347551377e-02	-5.152101198310261865e-02	4.524721104626764495e-02	-2.381758910112174998e-02	2.260085670515400366e-02	-6.085800693866627586e-02	4.325040816812356775e-02	-6.851034003497452618e-02
1.237098194832609577e-01	-1.184579013950156079e-01	1.478481496851837274e-01	-1.176297721980686245e-01	6.362143998131297717e-02	-1.279832842222539957e-01	1.475332687706998047e-01	-1.629497481648163604e-01	1.036526380207142550e-01	-5.976893065819600948e-02	1.852690020620743339e-01	-5.860053627400867438e-01	2.754978922365313165e-01	-2.151341423889927273e-01	1.988852223637405658e-01	-2.240834609905736630e-01	1.000000000000001110e+00	-5.807255291526479679e-01	1.952046472351764428e-01	-9.229881663396485858e-02	2.197634583532374897e-01	-2.746329703233391650e-01	2.604879797227051541e-01	-2.086155907490666317e-01	9.966106891134260404e-02	-1.269848817547909459e-01	1.469928298942692335e-01	-1.329465435665981854e-01	9.910591213809477606e-02	-3.637303653347862681e-02	1.038301476557784431e-01	-1.407897398761536467e-01	1.108443678455335868e-01	-1.149546968583918249e-01	3.660865084085914573e-02	-1.022359893128216846e-01	9.934296939739180321e-02	-1.033058637880465147e-01	7.478736920924830556e-02	-6.549408017223849743e-02	3.416516409872324966e-02	-3.256709004817146674e-02	8.670994591460848278e-02	-6.241847145262896523e-02	9.682292416687188208e-02
-1.138189325619483050e-01	1.098415942165943543e-01	-1.554918756931125134e-01	1.167639464067508626e-01	-6.504133068038532584e-02	1.100746865320916396e-01	-1.376076339777587421e-01	1.694410472256837608e-01	-1.070236540923310553e-01	6.077829554082324337e-02	-1.305757147163294773e-01	2.900598066293648691e-01	-4.444568474357418753e-01	2.220888036053338677e-01	-2.088105794552010119e-01	1.435152374123725427e-01	-5.807255291526479679e-01	1.000000000000000888e+00	-2.895988834104031295e-01	1.040394352388838844e-01	-2.183925651247779487e-01	2.443467143693859311e-01	-4.514581988742806806e-01	2.261783749772903751e-01	-1.119909072310843329e-01	1.207342625268539582e-01	-1.462055843698980007e-01	1.351323042782378303e-01	-1.025519115285723620e-01	3.625605740778870684e-02	-1.009689215871811263e-01	1.338753012781584706e-01	-1.109875690658870123e-01	1.122418605654720986e-01	-3.669929813608974883e-02	9.733531666994546527e-02	-9.657375657008479553e-02	9.938376260581703592e-02	-7.296774078996083601e-02	6.343153949004698422e-02	-3.310031359075796265e-02	3.144385118902690707e-02	-8.478472516861650099e-02	6.060774565455008533e-02	-9.466411563501381243e-02
8.783443603117588316e-02	-8.381329335811556203e-02	1.134171361002215828e-01	-1.167090183425825989e-01	6.588580858824426290e-02	-8.551099631436985538e-02	1.000965103788920008e-01	-1.194612276040357968e-01	1.031473443578175969e-01	-6.259785224546376980e-02	9.394709583902469130e-02	-1.980351200749742302e-01	1.997026237919370950e-01	-2.595285225276540708e-01	2.272161856909624689e-01	-1.079114086805926520e-01	1.952046472351764428e-01	-2.895988834104031295e-01	1.000000000000000888e+00	-3.024440332980825596e-01	1.843234886353841417e-01	-1.688010908064377924e-01	2.028759734264999615e-01	-7.748772561158279171e-01	2.328417252470734722e-01	-1.049728082573820886e-01	1.182750209787710866e-01	-1.280986681606694766e-01	1.130347372905876197e-01	-4.097433339432116767e-02	8.998981186264504162e-02	-1.195619398164031733e-01	1.040819833110600695e-01	-1.198179516197928063e-01	4.086410534025790992e-02	-8.990147913111859457e-02	8.966055879705329967e-02	-9.554932320638401255e-02	7.115873524411989171e-02	-6.241126009160586491e-02	3.154726309538735673e-02	-3.000105304206687057e-02	8.235308386897102761e-02	-5.925534484916804984e-02	9.268590471779739048e-02
-4.774603307333966790e-02	4.557886003611586606e-02	-6.169511950340404727e-02	7.192164339334213008e-02	-4.609065303509252143e-02	4.637096381078791713e-02	-5.388483236507702473e-02	6.379017838628736614e-02	-6.160011960994018348e-02	4.529101801526386889e-02	-4.923381973560381902e-02	1.000121514195505545e-01	-1.015436931068532667e-01	1.422123161366756205e-01	-2.275340778257643470e-01	5.659769032525091559e-02	-9.229881663396485858e-02	1.040394352388838844e-01	-3.024440332980825596e-01	1.000000000000001776e+00	-9.822240782240002077e-02	7.933730222312014579e-02	-9.287588159173666702e-02	2.217711104171750658e-01	-8.921164548325770660e-01	5.386957033569084868e-02	-5.925518314509275325e-02	6.164186927579035080e-02	-5.317600862910192017e-02	2.737751877105137552e-02	-4.672808052966147263e-02	6.047317696346230648e-02	-5.219657073978111600e-02	5.876826983151817868e-02	-2.730213369619192976e-02	4.706466280454172507e-02	-4.694442931531508240e-02	5.023125487969547220e-02	-3.788115104854569010e-02	3.362268403625288948e-02	-1.684138040483817989e-02	1.600258209945210758e-02	-4.427887282283246573e-02	3.177105718911927418e-02	-5.032628426674887190e-02
1.160208011115415189e-01	-1.048869478398665178e-01	1.328050743941131262e-01	-1.237351302438958883e-01	7.067597378766304894e-02	-1.176263092105389874e-01	1.249467377031169002e-01	-1.350350850234197098e-01	1.048206189344322720e-01	-6.606765464875413718e-02	1.651795056372268311e-01	-2.668873068637535595e-01	2.040768312343663460e-01	-2.175532918542492922e-01	2.357531255650454904e-01	-2.254444952086084031e-01	2.197634583532374897e-01	-2.183925651247779487e-01	1.843234886353841417e-01	-9.822240782240002077e-02	1.000000000000001998e+00	-4.168100648707224187e-01	2.691365971527751588e-01	-2.240057881609086032e-01	1.116566085445515055e-01	-3.685040624555001587e-01	2.670245268174727404e-01	-2.215516765547156375e-01	1.618260671371191672e-01	-6.216422613326522822e-02	2.284090466265839003e-01	-2.720546349842307698e-01	1.971577787087775424e-01	-2.060548925724762503e-01	6.209190486658591052e-02	-2.357213843248542606e-01	1.993806663099148280e-01	-2.092024288221835671e-01	1.411592079326985660e-01	-1.261160725112709935e-01	6.834550038899112057e-02	-6.618006029856748906e-02	1.613714640289007629e-01	-1.193775486595399782e-01	1.780982649382465421e-01
-8.709324235103192702e-02	7.997797150626295704e-02	-1.076076159610938054e-01	8.878101366997728783e-02	-5.211441060456067226e-02	8.433660483506773275e-02	-9.776120439046601107e-02	1.091565023603959239e-01	-7.839007507604855984e-02	4.839209670156038867e-02	-1.086034425127047620e-01	2.031520599858921139e-01	-1.925423334997242164e-01	1.593311765160143334e-01	-1.760512600628321711e-01	1.242152218523639023e-01	-2.746329703233391650e-01	2.443467143693859311e-01	-1.688010908064377924e-01	7.933730222312014579e-02	-4.168100648707224187e-01	1.000000000000002220e+00	-6.334366942616443952e-01	1.802316309808323913e-01	-9.079748980268174952e-02	2.210806172534370284e-01	-4.254076747436578154e-01	1.991149560851430134e-01	-1.462862028216183607e-01	4.922353973225500334e-02	-1.758732101484551946e-01	2.322303731420294892e-01	-1.774736484117358237e-01	1.595815552854295549e-01	-5.020261836860298588e-02	1.529680285870067269e-01	-1.518454050811944844e-01	1.456500233172371983e-01	-1.037021177515019266e-01	8.816945487773625301e-02	-4.848909551610851992e-02	4.601711148275043628e-02	-1.189802852228117880e-01	8.495950836933424677e-02	-1.299253459143330791e-01
9.464399146743571190e-02	-8.979105467659365125e-02	1.185182486669704438e-01	-1.038954010758700447e-01	5.784397848917119389e-02	-9.391090545738357831e-02	1.081310045693159444e-01	-1.277508449319507966e-01	9.047681527971937476e-02	-5.426343884797575623e-02	1.130852960344535391e-01	-2.411279713966415494e-01	2.191570179840604260e-01	-1.932163969767013711e-01	1.883772314141803905e-01	-1.328368669699596105e-01	2.604879797227051541e-01	-4.514581988742806806e-01	2.028759734264999615e-01	-9.287588159173666702e-02	2.691365971527751588e-01	-6.334366942616443952e-01	1.000000000000002220e+00	-2.547851871650312350e-01	1.030402099526623455e-01	-1.885057962053971470e-01	2.366063369378506309e-01	-2.534152905763720209e-01	1.565838541752277990e-01	-5.246812976241668064e-02	1.470282867275288508e-01	-2.206494546493907860e-01	1.729225985666614784e-01	-1.728555058992285731e-01	5.267472226276227742e-02	-1.432122981688155050e-01	1.384592642960951470e-01	-1.440507256023829674e-01	1.007494875365321368e-01	-8.698078991450228226e-02	4.568076533632341868e-02	-4.370536474302813557e-02	1.140200533153607199e-01	-8.295509886230741092e-02	1.252293680123277853e-01
-9.405958659930259425e-02	8.695853103023983011e-02	-1.209274981931688225e-01	1.111132750911686395e-01	-7.077205166460878716e-02	8.841759580320542045e-02	-1.052556168767882633e-01	1.203180341215351473e-01	-1.007613163232810721e-01	6.564259111229032995e-02	-9.808633563392823995e-02	1.882123292194224917e-01	-2.072789290406505669e-01	2.154435740403617128e-01	-2.648551260376710292e-01	1.091244679196198414e-01	-2.086155907490666317e-01	2.261783749772903751e-01	-7.748772561158279171e-01	2.217711104171750658e-01	-2.240057881609086032e-01	1.802316309808323913e-01	-2.547851871650312350e-01	1.000000000000001110e+00	-2.818282809720949467e-01	1.177208564222643056e-01	-1.359327493933097097e-01	1.441540393374663720e-01	-1.471712677755768195e-01	4.804886267439997111e-02	-1.036791511804536214e-01	1.316974612095797303e-01	-1.205904578458215637e-01	1.345790527751160592e-01	-4.889064079640220717e-02	1.005857610510370870e-01	-1.032758226038512361e-01	1.076513194138902091e-01	-8.282724225240993554e-02	7.182480934565212138e-02	-3.647478585714226257e-02	3.445374135705182861e-02	-9.685502326466746692e-02	6.856497799322143483e-02	-1.093360736112622966e-01
5.336332935820266299e-02	-5.103210588827226252e-02	6.810840710994070513e-02	-8.070749506693147834e-02	4.785510645776421684e-02	-5.230169316385338552e-02	5.999330540040090365e-02	-7.086097445115112359e-02	6.756377567549265439e-02	-4.732700298043977100e-02	5.577900208684282574e-02	-1.140633236172538395e-01	1.094828236399951055e-01	-1.574421711941857704e-01	1.921439656904950222e-01	-6.476772869222541251e-02	9.966106891134260404e-02	-1.119909072310843329e-01	2.328417252470734722e-01	-8.921164548325770660e-01	1.116566085445515055e-01	-9.079748980268174952e-02	1.030402099526623455e-01	-2.818282809720949467e-01	1.000000000000000666e+00	-6.244717610024517335e-02	6.819499287553086597e-02	-7.236630353371564794e-02	6.242986526359715210e-02	-3.266536908020688246e-02	5.405991950814866692e-02	-7.059240495950080962e-02	6.086911400848026010e-02	-6.965062295701528183e-02	3.181552037894772728e-02	-5.491942185641571217e-02	5.454168612987112669e-02	-5.880863605483478002e-02	4.412989249115752827e-02	-3.928541746934224865e-02	1.959200862930779441e-02	-1.864354397223674104e-02	5.143841913653802306e-02	-3.705746838346383326e-02	5.846400362327040107e-02
-5.884452823673254340e-02	5.297774526397565353e-02	-7.010249048827740803e-02	6.093376085534598502e-02	-3.663637021018819467e-02	5.699379929588250376e-02	-6.390733053336364322e-02	6.966618564808246816e-02	-5.297013795675691028e-02	3.393931375840232578e-02	-7.487520641329926951e-02	1.257900278850548337e-01	-1.124025699157711333e-01	1.073433949984927138e-01	-1.267970184392121502e-01	8.745763445637268207e-02	-1.269848817547909459e-01	1.207342625268539582e-01	-1.049728082573820886e-01	5.386957033569084868e-02	-3.685040624555001587e-01	2.210806172534370284e-01	-1.885057962053971470e-01	1.177208564222643056e-01	-6.244717610024517335e-02	1.000000000000001998e+00	-4.911466769458835979e-01	1.793865852699748908e-01	-1.356686682326163906e-01	4.779082777784386671e-02	-6.299226833627792344e-01	2.717931319754572916e-01	-1.873228890699153160e-01	1.598033090766810271e-01	-4.890652067675129583e-02	2.641362637854653417e-01	-2.444802641134424248e-01	1.810896103968620274e-01	-1.267977926177595860e-01	1.041786711953415628e-01	-6.921568894095594948e-02	6.432321876351285161e-02	-1.473551019797165740e-01	1.026852420036137858e-01	-1.556940117484825470e-01
6.284951986817204073e-02	-5.740974682725868972e-02	7.598011920340354275e-02	-6.635659510142521977e-02	3.924646394948255734e-02	-6.119406778145712600e-02	6.921683722652902104e-02	-7.664834368242298690e-02	5.766784705503597008e-02	-3.645445560903130128e-02	7.704672047550446823e-02	-1.419086622792412322e-01	1.251340292153048372e-01	-1.180927355733295686e-01	1.341627199298715267e-01	-9.014481475861668702e-02	1.469928298942692335e-01	-1.462055843698980007e-01	1.182750209787710866e-01	-5.925518314509275325e-02	2.670245268174727404e-01	-4.254076747436578154e-01	2.366063369378506309e-01	-1.359327493933097097e-01	6.819499287553086597e-02	-4.911466769458835979e-01	1.000000000000003997e+00	-2.852310511161069151e-01	1.750744419628838533e-01	-5.806585628747246153e-02	2.592315256501998011e-01	-5.495577928137188595e-01	2.453506291853361498e-01	-2.124793456466532171e-01	5.855812173906428664e-02	-2.216165081462176945e-01	2.052337092965557108e-01	-1.885027704906327428e-01	1.232206529767219672e-01	-1.026063755541523764e-01	5.955845346807633889e-02	-5.708995561882947850e-02	1.367086459098703355e-01	-9.940130773657201990e-02	1.451481454106566260e-01
-5.887100115610297696e-02	5.352392481344711572e-02	-7.211191969553693015e-02	6.204991296327153072e-02	-3.781015200230505163e-02	5.631270223280002152e-02	-6.472787808324159675e-02	7.175592914420038382e-02	-5.448319270839776379e-02	3.498157370789544557e-02	-6.874987081828969060e-02	1.246709670543662829e-01	-1.196346093580784864e-01	1.106536061652026171e-01	-1.325242119809401931e-01	7.834676618085667510e-02	-1.329465435665981854e-01	1.351323042782378303e-01	-1.280986681606694766e-01	6.164186927579035080e-02	-2.215516765547156375e-01	1.991149560851430134e-01	-2.534152905763720209e-01	1.441540393374663720e-01	-7.236630353371564794e-02	1.793865852699748908e-01	-2.852310511161069151e-01	1.000000000000002887e+00	-6.145298561937734272e-01	1.081402122904540769e-01	-1.712306085414080081e-01	2.601048111254223860e-01	-5.038651731491259333e-01	3.257786470873894613e-01	-1.140676984517273312e-01	1.576781729127518239e-01	-1.839271696351325314e-01	2.011647566683654742e-01	-1.497155771147234138e-01	1.185340198713863424e-01	-5.773624000143229990e-02	5.434951656866138930e-02	-1.616710821023374378e-01	1.143964329371519317e-01	-1.735030326492978392e-01
4.582877665456508431e-02	-4.183106576639274848e-02	5.602737963140450028e-02	-4.962841214758943742e-02	3.006348971993617891e-02	-4.406308279530764260e-02	5.035653032049002692e-02	-5.601712436071747125e-02	4.335010396495937030e-02	-2.788030793077574815e-02	5.308213832552367145e-02	-9.788174386401843341e-02	9.146660994517649690e-02	-8.910191431797595540e-02	1.053534257084907111e-01	-6.096192120451664892e-02	9.910591213809477606e-02	-1.025519115285723620e-01	1.130347372905876197e-01	-5.317600862910192017e-02	1.618260671371191672e-01	-1.462862028216183607e-01	1.565838541752277990e-01	-1.471712677755768195e-01	6.242986526359715210e-02	-1.356686682326163906e-01	1.750744419628838533e-01	-6.145298561937734272e-01	1.000000000000002887e+00	-1.727477410203676900e-01	1.242181907411376157e-01	-2.051543184360926919e-01	2.862589607012098192e-01	-6.466291901864953395e-01	1.474679420218577841e-01	-1.246284626993049843e-01	1.378514877524995852e-01	-1.656633028433741606e-01	1.271449138511599741e-01	-1.033392439361383724e-01	4.441725775776665663e-02	-4.236363841260724905e-02	1.247230110880080955e-01	-9.577844570888541242e-02	1.356968216527348337e-01
-1.766892479494058810e-02	1.605497401770551377e-02	-2.152996735232961048e-02	1.932557268582968044e-02	-1.187918348794268601e-02	1.691013214435700338e-02	-1.929073513884229166e-02	2.134592581500005526e-02	-1.683312911540800483e-02	1.102158961934128663e-02	-2.019753491586724625e-02	3.663629465720936312e-02	-3.442423267815897248e-02	3.449656929037515224e-02	-4.241242862383846207e-02	2.311340288451779398e-02	-3.637303653347862681e-02	3.625605740778870684e-02	-4.097433339432116767e-02	2.737751877105137552e-02	-6.216422613326522822e-02	4.922353973225500334e-02	-5.246812976241668064e-02	4.804886267439997111e-02	-3.266536908020688246e-02	4.779082777784386671e-02	-5.806585628747246153e-02	1.081402122904540769e-01	-1.727477410203676900e-01	1.000000000000002442e+00	-4.545025747199098187e-02	6.632741686875430476e-02	-8.754748117185796874e-02	1.408215435070230004e-01	-9.656349587314694283e-01	4.686019671053461705e-02	-5.238153574913969462e-02	6.301087848447593787e-02	-5.896790371381935292e-02	6.276828895061616065e-02	-1.825947799756532861e-02	1.738029596337429400e-02	-5.499238196025420244e-02	4.343457084814313085e-02	-7.323773091622531872e-02
4.993201279573938889e-02	-4.524434166264251073e-02	5.963641973801339646e-02	-5.310137563702971297e-02	3.177863798044353733e-02	-4.855656802655096416e-02	5.431834650704013556e-02	-5.950872600882288477e-02	4.588700708729663569e-02	-2.947704193698729574e-02	6.138692795747325431e-02	-1.079773172513416729e-01	9.461247210357566495e-02	-9.357912154459095688e-02	1.098246545330568702e-01	-7.239568430927124931e-02	1.038301476557784431e-01	-1.009689215871811263e-01	8.998981186264504162e-02	-4.672808052966147263e-02	2.284090466265839003e-01	-1.758732101484551946e-01	1.470282867275288508e-01	-1.036791511804536214e-01	5.405991950814866692e-02	-6.299226833627792344e-01	2.592315256501998011e-01	-1.712306085414080081e-01	1.242181907411376157e-01	-4.545025747199098187e-02	1.000000000000003109e+00	-3.134011800641158807e-01	1.790392463216161356e-01	-1.607989568659596857e-01	4.593689401040416953e-02	-5.527459845659693505e-01	2.597058536247476845e-01	-2.034404793502538056e-01	1.229203667489821156e-01	-1.025333375090143329e-01	7.677174398810894529e-02	-7.407289246129961091e-02	1.379913247605120408e-01	-1.006334229909686684e-01	1.424302909783152771e-01
-6.316787601818145415e-02	5.705492381350767833e-02	-7.653803824694289937e-02	6.555690022510077264e-02	-4.001697639232614651e-02	6.046955532922021481e-02	-6.899724572733638428e-02	7.568578625609961863e-02	-5.740614812706788112e-02	3.698399108138548941e-02	-7.561182688485668102e-02	1.328774509608197096e-01	-1.244484316039965177e-01	1.157658084348098387e-01	-1.400281388982536901e-01	8.643061835017959438e-02	-1.407897398761536467e-01	1.338753012781584706e-01	-1.195619398164031733e-01	6.047317696346230648e-02	-2.720546349842307698e-01	2.322303731420294892e-01	-2.206494546493907860e-01	1.316974612095797303e-01	-7.059240495950080962e-02	2.717931319754572916e-01	-5.495577928137188595e-01	2.601048111254223860e-01	-2.051543184360926919e-01	6.632741686875430476e-02	-3.134011800641158807e-01	1.000000000000002220e+00	-4.966553997438994950e-01	2.393846790352684994e-01	-6.896639485542377379e-02	2.368964420510682178e-01	-3.240009767354606884e-01	2.395247486552613825e-01	-1.603047764238565709e-01	1.271966097093974735e-01	-7.442183095541915483e-02	7.012953146226823253e-02	-1.783333264192109580e-01	1.252178061890982241e-01	-1.867343539970332533e-01
5.143898626601870611e-02	-4.674375047040629089e-02	6.240265342963705053e-02	-5.477452026668840068e-02	3.318554598633768199e-02	-4.950123861090207494e-02	5.628890975718337658e-02	-6.216496764307678780e-02	4.772660537266990022e-02	-3.073581199601125441e-02	6.062711437763117911e-02	-1.097805406268766715e-01	1.009657337450610981e-01	-9.722775514938833408e-02	1.158725876986615166e-01	-6.982499684328669076e-02	1.108443678455335868e-01	-1.109875690658870123e-01	1.040819833110600695e-01	-5.219657073978111600e-02	1.971577787087775424e-01	-1.774736484117358237e-01	1.729225985666614784e-01	-1.205904578458215637e-01	6.086911400848026010e-02	-1.873228890699153160e-01	2.453506291853361498e-01	-5.038651731491259333e-01	2.862589607012098192e-01	-8.754748117185796874e-02	1.790392463216161356e-01	-4.966553997438994950e-01	1.000000000000003775e+00	-4.945004966570395455e-01	8.834780788900720161e-02	-1.837036534938402410e-01	2.168463953782474030e-01	-3.317319945674536141e-01	1.676463077016924208e-01	-1.308070489671138981e-01	6.107547988261688432e-02	-5.869392619616585483e-02	1.670859958366232856e-01	-1.263029476212537139e-01	1.720309038471744267e-01
-5.430010337060069137e-02	4.905432436268940960e-02	-6.611708006205806176e-02	5.734843557623520854e-02	-3.552077321352745815e-02	5.168214117671760671e-02	-5.920951014506888044e-02	6.512974215277504697e-02	-5.031135913415185623e-02	3.280147778338085574e-02	-6.281917696330237277e-02	1.114762197046454684e-01	-1.064927988558603822e-01	1.017434538681778050e-01	-1.263042047317660121e-01	7.138451277961158081e-02	-1.149546968583918249e-01	1.122418605654720986e-01	-1.198179516197928063e-01	5.876826983151817868e-02	-2.060548925724762503e-01	1.595815552854295549e-01	-1.728555058992285731e-01	1.345790527751160592e-01	-6.965062295701528183e-02	1.598033090766810271e-01	-2.124793456466532171e-01	3.257786470873894613e-01	-6.466291901864953395e-01	1.408215435070230004e-01	-1.607989568659596857e-01	2.393846790352684994e-01	-4.945004966570395455e-01	1.000000000000000666e+00	-1.623067247798379853e-01	1.548420796264128318e-01	-1.862316862473491208e-01	2.134234803020362281e-01	-1.980426052041081020e-01	1.409844734236634922e-01	-6.071591697241446317e-02	5.713502897252699386e-02	-1.820801811201420151e-01	1.338224861575741387e-01	-1.975289976192591834e-01
