1.000000000000000000e+00	-1.276099539065333743e-01	1.128505348048233076e-01	-1.411695959699694747e-01	1.481315766374294574e-01	-7.043463079116411008e-01	2.313154961747657667e-01	-2.287769695672034198e-01	1.633957249303162329e-01	-1.199510570102930718e-01	3.187503042528038177e-01	-2.666109637075749772e-01	1.571712327458337499e-01	-1.645687602054392296e-01	1.069189843815648716e-01	-2.561547612889409353e-01	2.094781745392393368e-01	-2.302629983383820134e-01	1.520250976492093509e-01	-1.078994885909179829e-01	1.502331540176659042e-01	-1.892169210813475222e-01	1.085476851694825162e-01	-1.222130685164704023e-01	1.671560188960581061e-01	-1.108752753187984968e-01	9.898104915051353370e-02	-1.067688270714011456e-01	8.302172562998401395e-02	-1.019154868586820278e-01	8.110771847849863880e-02	-7.564811415516313475e-02	8.946536940798929805e-02	-8.044902930900313387e-02	7.998791089112571029e-02	-5.574505970189515269e-02	4.423683950547994959e-02	-5.803805013445676592e-02	5.494104311274498192e-02	-4.391890929881479139e-02	7.745410162670891829e-02	-4.493560980285902368e-02	5.894492087412409043e-02	-4.089513241302669688e-02	4.406027267984612139e-02
-1.276099539065333743e-01	1.000000000000000222e+00	-9.499282322254408717e-01	1.227915183016919931e-01	-1.306806557222474352e-01	9.046742001598080674e-02	-1.626974766679584461e-01	1.396544311760110624e-01	-1.103351579197651561e-01	6.381062150415958700e-02	-1.023546742371057583e-01	1.236287580410895814e-01	-8.323820203880473445e-02	8.426911862662399277e-02	-5.858407058481035490e-02	7.645852063437719170e-02	-9.080443665831675060e-02	9.448379855892453938e-02	-6.660907526130822875e-02	4.712251268102100876e-02	-5.115423349476877490e-02	6.001903909445162333e-02	-3.865976260072350595e-02	4.259722811320199726e-02	-7.141427385845346143e-02	3.697355965494384528e-02	-3.422622766572974012e-02	3.650296252627371896e-02	-2.952143833116399260e-02	3.613741306304007334e-02	-2.844127733267316424e-02	2.618446269181185643e-02	-3.165940114060670357e-02	2.815255141841927281e-02	-2.886523753124693378e-02	1.944430578485382283e-02	-1.550350970337548498e-02	2.038748120587544760e-02	-1.956680137976250095e-02	1.559557493985990091e-02	-2.745975677605516294e-02	1.565666371022805814e-02	-2.093821289565357679e-02	1.447690839140330227e-02	-1.571304788061307287e-02
1.128505348048233076e-01	-9.499282322254408717e-01	1.000000000000000222e+00	-1.409050415602873807e-01	1.246632062974072919e-01	-8.718428876285298779e-02	1.423492205633556384e-01	-1.562073681540150083e-01	1.111104654279991971e-01	-6.583788932743674105e-02	9.645696447875296009e-02	-1.291482417470622979e-01	8.421659372764192519e-02	-8.785668152033304645e-02	5.918762796217260508e-02	-7.702304436577499247e-02	8.928158154931632728e-02	-9.835218693624386832e-02	6.636228401777764796e-02	-4.736874252212047026e-02	5.101539645251308708e-02	-6.082262306642859800e-02	3.888911610508621192e-02	-4.306362583858754089e-02	7.067499003965109494e-02	-3.730784510121367553e-02	3.440065887316708787e-02	-3.684682339816613278e-02	2.970108376599282438e-02	-3.645193790488503172e-02	2.852961879375534929e-02	-2.633353641118011540e-02	3.175912237087234052e-02	-2.837984427702388429e-02	2.897682033714542651e-02	-1.952363830749186124e-02	1.556626576963098495e-02	-2.048074632157312336e-02	1.963011264618851406e-02	-1.566334250340069636e-02	2.750685477639352311e-02	-1.573446421538171949e-02	2.099880670092078502e-02	-1.453486464447529929e-02	1.576386119592901314e-02
-1.411695959699694747e-01	1.227915183016919931e-01	-1.409050415602873807e-01	1.000000000000000444e+00	-8.141209912834885820e-01	1.011621952984542022e-01	-1.564204205163633454e-01	2.124590233265160610e-01	-4.101713058618446373e-01	1.700574752490400243e-01	-1.417539276314376540e-01	1.567274909311402731e-01	-1.647019465353902201e-01	1.971785611750064837e-01	-1.531956296400365236e-01	1.112618651681397119e-01	-1.356117903429741589e-01	1.706630688267223028e-01	-1.316190117643908919e-01	9.586676971900080779e-02	-7.845551660769473079e-02	9.191382663381622575e-02	-6.595195561839184428e-02	7.363684093523145680e-02	-1.390941698166549834e-01	6.135674014490528211e-02	-5.720349852208289620e-02	6.172871215577072079e-02	-5.147089288006056335e-02	6.395979333646059639e-02	-4.836186885283202952e-02	4.451860476252472026e-02	-5.434423908957945748e-02	4.889991428670236590e-02	-5.095146545870500587e-02	3.316557062405989242e-02	-2.658372236446817152e-02	3.515977733147384460e-02	-3.403374824217055006e-02	2.719452844800079525e-02	-4.707707545210748634e-02	2.683078583782910059e-02	-3.624655566329965106e-02	2.512928170721618823e-02	-2.738059486754669883e-02
1.481315766374294574e-01	-1.306806557222474352e-01	1.246632062974072919e-01	-8.141209912834885820e-01	1.000000000000000000e+00	-1.103412369583416652e-01	1.623991778711996459e-01	-2.402759283477203522e-01	2.731141405493763830e-01	-2.130031593290389047e-01	1.520941430253712756e-01	-1.902857156076469825e-01	1.752952619835209391e-01	-2.297143723394627080e-01	1.624255677136545173e-01	-1.317304422140549713e-01	1.523493439261660032e-01	-2.127125820832808101e-01	1.448161573127511037e-01	-1.091198459870312276e-01	9.131128044530099908e-02	-1.104131341761153406e-01	7.777973743045259181e-02	-8.817962362604483961e-02	1.521364785125871033e-01	-7.360369184319645597e-02	6.774579287164546326e-02	-7.396224420125636911e-02	6.097160651408078252e-02	-7.650330172088162795e-02	5.710381593273178291e-02	-5.292971624374291639e-02	6.411107203686471079e-02	-5.840556634763523908e-02	6.004757090530834368e-02	-3.930525385163800844e-02	3.149668467740200650e-02	-4.170433270183127039e-02	4.018702722294748703e-02	-3.220382819576828037e-02	5.542803221070845276e-02	-3.188177657264917864e-02	4.278497032443150105e-02	-2.975196638213470357e-02	3.232788849726379865e-02
-7.043463079116411008e-01	9.046742001598080674e-02	-8.718428876285298779e-02	1.011621952984542022e-01	-1.103412369583416652e-01	1.000000000000000222e+00	-2.835187224730084110e-01	1.797685832363910552e-01	-1.290058015730651819e-01	8.566231992309503163e-02	-5.537863134912529572e-01	2.124568795183290892e-01	-1.186669629708692192e-01	1.182771928247004639e-01	-7.807762311935255439e-02	1.984161065354760889e-01	-1.718005463368614261e-01	1.594777257162547368e-01	-1.072832666750942465e-01	7.525320533440099657e-02	-1.167984570649198278e-01	1.339400738014697445e-01	-7.518434357689046665e-02	8.271207208115714804e-02	-1.167129001458395016e-01	7.557480325572245305e-02	-6.850941120498790782e-02	7.253708929748996226e-02	-5.630781878347783376e-02	6.817604622991400853e-02	-5.561341458777704222e-02	5.144699854503483050e-02	-6.111977701112626671e-02	5.415586785089105543e-02	-5.406192577321933257e-02	3.793605795917735085e-02	-3.004202638077451207e-02	3.927476362162145990e-02	-3.720702860239104293e-02	2.964434811090319033e-02	-5.295097866075595266e-02	3.042200300340004021e-02	-4.000261705340135004e-02	2.764196575608831100e-02	-2.981618673214414192e-02
2.313154961747657667e-01	-1.626974766679584461e-01	1.423492205633556384e-01	-1.564204205163633454e-01	1.623991778711996459e-01	-2.835187224730084110e-01	1.000000000000000222e+00	-5.423935730848303827e-01	2.316050993746200104e-01	-1.307860567644850425e-01	2.236366552033983157e-01	-6.303595073620401612e-01	1.970392835194333392e-01	-1.902050321002863864e-01	1.181838059877275554e-01	-1.827581785638549838e-01	2.361337712196018845e-01	-2.215729833273464566e-01	1.328787346985312590e-01	-9.420131839754103398e-02	1.149278739666405730e-01	-1.363449108293636469e-01	8.028128762349853731e-02	-8.737037319276112768e-02	1.375938913032360156e-01	-7.631332779307771486e-02	7.086859624944873148e-02	-7.505879575493733247e-02	5.942460365884614376e-02	-7.187626003263876406e-02	5.750610144089066816e-02	-5.300897187059679105e-02	6.369702810297364626e-02	-5.657351677280091778e-02	5.721757699896153071e-02	-3.910111409219556300e-02	3.106984638836040452e-02	-4.072990098519060215e-02	3.887031533341334805e-02	-3.097089862130920218e-02	5.495703591458514503e-02	-3.137304104044223718e-02	4.167853122272180411e-02	-2.878411833674667658e-02	3.117628460821751657e-02
-2.287769695672034198e-01	1.396544311760110624e-01	-1.562073681540150083e-01	2.124590233265160610e-01	-2.402759283477203522e-01	1.797685832363910552e-01	-5.423935730848303827e-01	1.000000000000000666e+00	-5.336512519486016348e-01	1.789996807251294786e-01	-2.227771882758309840e-01	2.831190699515127029e-01	-3.275015024093559934e-01	2.597481680902457568e-01	-1.728111255191561446e-01	1.639755372451701387e-01	-2.282237135097358038e-01	2.407437177905254189e-01	-1.646823928922923619e-01	1.156511308484479000e-01	-1.131326213947837916e-01	1.285229752452639318e-01	-8.596039612213156322e-02	9.339116480970226231e-02	-1.690013739556622263e-01	7.917753915955574873e-02	-7.453405851027897211e-02	7.907396602019874099e-02	-6.467409010820537874e-02	7.875794640917500866e-02	-6.169856812784822037e-02	5.657724945492101365e-02	-6.889304897152956353e-02	6.114703241993199589e-02	-6.321037409723932743e-02	4.200772760315790721e-02	-3.353251435099866701e-02	4.412529776451783875e-02	-4.251640763234411369e-02	3.386951311255273489e-02	-5.957426603978044355e-02	3.378786776043725404e-02	-4.544546230288917799e-02	3.138846265185873952e-02	-3.415263164864860979e-02
1.633957249303162329e-01	-1.103351579197651561e-01	1.111104654279991971e-01	-4.101713058618446373e-01	2.731141405493763830e-01	-1.290058015730651819e-01	2.316050993746200104e-01	-5.336512519486016348e-01	1.000000000000000000e+00	-3.176181221562545121e-01	1.663580739291571353e-01	-2.403766947226748107e-01	2.646331440043670491e-01	-4.633226467625524148e-01	2.312026695883339367e-01	-1.408013089756797454e-01	1.784072848821351698e-01	-2.535250213845597900e-01	1.616920134481574511e-01	-1.230229688857528841e-01	9.626201720458238409e-02	-1.139002224224968385e-01	7.886150019626764207e-02	-8.787209522239994297e-02	1.597315860178090963e-01	-7.210434687341020499e-02	6.735522608031317693e-02	-7.291124397769836729e-02	6.006213192636196407e-02	-7.438657417521157833e-02	5.589558233703489226e-02	-5.165137343549606325e-02	6.275445475053967326e-02	-5.698419016984381663e-02	5.865243759482322711e-02	-3.821067010227773703e-02	3.058785006339566348e-02	-4.044793894999976214e-02	3.900646577366648909e-02	-3.122891569017811550e-02	5.395567095276546099e-02	-3.089231532374309835e-02	4.153162037315585864e-02	-2.882783785899824258e-02	3.136530960819705616e-02
-1.199510570102930718e-01	6.381062150415958700e-02	-6.583788932743674105e-02	1.700574752490400243e-01	-2.130031593290389047e-01	8.566231992309503163e-02	-1.307860567644850425e-01	1.789996807251294786e-01	-3.176181221562545121e-01	1.000000000000001776e+00	-1.234129279529885687e-01	1.339336946668908124e-01	-1.998988845724652963e-01	2.558782364336297799e-01	-8.330075459467168875e-01	9.920979176721007875e-02	-1.267772227351776360e-01	1.743362482118289702e-01	-1.807624975930202382e-01	1.597040882016274310e-01	-7.146985207284899111e-02	8.325913581766394844e-02	-6.497035377165745473e-02	7.411028614637892031e-02	-1.811962797225908639e-01	5.724715498006607145e-02	-5.410076865444481131e-02	5.907693795134724701e-02	-5.124275220909913636e-02	6.489600423200830859e-02	-4.550735295952827719e-02	4.206891702635916913e-02	-5.173678846951071386e-02	4.804416754500254183e-02	-5.085928598737010642e-02	3.114065346827539146e-02	-2.510432452003266354e-02	3.348761246598506991e-02	-3.272769470052329377e-02	2.634646955383898939e-02	-4.418805912085876919e-02	2.532725680810180707e-02	-3.453441945818676306e-02	2.409925576377575096e-02	-2.639553273544371567e-02
3.187503042528038177e-01	-1.023546742371057583e-01	9.645696447875296009e-02	-1.417539276314376540e-01	1.520941430253712756e-01	-5.537863134912529572e-01	2.236366552033983157e-01	-2.227771882758309840e-01	1.663580739291571353e-01	-1.234129279529885687e-01	1.000000000000000222e+00	-2.811978555207219066e-01	1.652410916771717697e-01	-1.699152608601906811e-01	1.110177775488686985e-01	-4.445726251512800431e-01	2.591994116510556445e-01	-2.492439536194639149e-01	1.638015808689285424e-01	-1.154423604433889028e-01	2.048607929321489551e-01	-2.452970175863901370e-01	1.259267201268655378e-01	-1.393515914792159693e-01	1.797859013179717580e-01	-1.302519932230524757e-01	1.161346191287380841e-01	-1.231831459340678031e-01	9.353637766073170934e-02	-1.128369017784436323e-01	9.297986223776817660e-02	-8.649638579367953384e-02	1.016200723647940202e-01	-9.039915156101419047e-02	8.889141468484131059e-02	-6.341262634979961954e-02	5.005204722232875492e-02	-6.530456115080400525e-02	6.144244559815918022e-02	-4.900358540403004781e-02	8.778079571964364503e-02	-5.079100989485721418e-02	6.615393805711532182e-02	-4.575477181199207044e-02	4.919325792117859586e-02
-2.666109637075749772e-01	1.236287580410895814e-01	-1.291482417470622979e-01	1.567274909311402731e-01	-1.902857156076469825e-01	2.124568795183290892e-01	-6.303595073620401612e-01	2.831190699515127029e-01	-2.403766947226748107e-01	1.339336946668908124e-01	-2.811978555207219066e-01	9.999999999999994449e-01	-2.381093861349701524e-01	1.919893828820811721e-01	-1.303776514629983452e-01	2.288910229437098320e-01	-4.698684452278949486e-01	2.444909426771660066e-01	-1.617536032906791432e-01	1.107735064487093690e-01	-1.538448388322183891e-01	1.700534502285329930e-01	-9.926432444194165094e-02	1.049436947619550448e-01	-1.698051269717021639e-01	9.317967092675907836e-02	-8.818541826473265399e-02	9.125182862999209332e-02	-7.227619816530840569e-02	8.612274426577876119e-02	-7.121312028556223139e-02	6.500345473493110426e-02	-7.858850150634204279e-02	6.833438197987869167e-02	-6.963986665634482043e-02	4.812893634597989467e-02	-3.817514816061857302e-02	4.984243090020507028e-02	-4.762661551587751146e-02	3.777489759229214067e-02	-6.808692135912311483e-02	3.842128498679912157e-02	-5.121744447594529098e-02	3.519992963807264119e-02	-3.817050924999777078e-02
1.571712327458337499e-01	-8.323820203880473445e-02	8.421659372764192519e-02	-1.647019465353902201e-01	1.752952619835209391e-01	-1.186669629708692192e-01	1.970392835194333392e-01	-3.275015024093559934e-01	2.646331440043670491e-01	-1.998988845724652963e-01	1.652410916771717697e-01	-2.381093861349701524e-01	1.000000000000001776e+00	-6.128809784476552114e-01	1.936962584277398258e-01	-1.489960517664784267e-01	2.092380577109760609e-01	-5.661761662405129236e-01	1.849924717601392488e-01	-1.311723638508118239e-01	1.019047120364039716e-01	-1.196228679096093400e-01	8.634599685579111283e-02	-9.383113906977660901e-02	1.659836019499537907e-01	-7.427148787368575977e-02	7.029933465063402387e-02	-7.666542439214066307e-02	6.265878150607105679e-02	-7.640490791286558281e-02	5.761510718139692400e-02	-5.323614088699613750e-02	6.487516959257587368e-02	-5.899791636809876422e-02	6.039460857654148362e-02	-3.921723818101197079e-02	3.139394313295907485e-02	-4.151360156276948793e-02	4.002119374249532568e-02	-3.202541031139976430e-02	5.539932200897181025e-02	-3.166298826894325957e-02	4.261909763032652176e-02	-2.954871633999136410e-02	3.216536485743699825e-02
-1.645687602054392296e-01	8.426911862662399277e-02	-8.785668152033304645e-02	1.971785611750064837e-01	-2.297143723394627080e-01	1.182771928247004639e-01	-1.902050321002863864e-01	2.597481680902457568e-01	-4.633226467625524148e-01	2.558782364336297799e-01	-1.699152608601906811e-01	1.919893828820811721e-01	-6.128809784476552114e-01	1.000000000000000888e+00	-3.647108183208154775e-01	1.371137058034131717e-01	-1.895153204623301335e-01	2.812863066470073781e-01	-2.134743710409005846e-01	1.480333810710444120e-01	-9.798672898365864969e-02	1.124782237697501824e-01	-8.460269201610148837e-02	9.325168631458687074e-02	-1.906705830987019679e-01	7.402621383432402002e-02	-7.028807903902338505e-02	7.590860080023313639e-02	-6.400794125045941585e-02	7.893466210975701169e-02	-5.860158162323758635e-02	5.392708664668907637e-02	-6.620124879639521787e-02	6.006818660054782932e-02	-6.276539522068029509e-02	3.996301320754000463e-02	-3.207938219660501356e-02	4.251814110935261265e-02	-4.128444175654488041e-02	3.304111079503985193e-02	-5.677217307749098107e-02	3.232113155478091165e-02	-4.385316945748087003e-02	3.042228393755216226e-02	-3.322514752244098979e-02
1.069189843815648716e-01	-5.858407058481035490e-02	5.918762796217260508e-02	-1.531956296400365236e-01	1.624255677136545173e-01	-7.807762311935255439e-02	1.181838059877275554e-01	-1.728111255191561446e-01	2.312026695883339367e-01	-8.330075459467168875e-01	1.110177775488686985e-01	-1.303776514629983452e-01	1.936962584277398258e-01	-3.647108183208154775e-01	9.999999999999984457e-01	-9.413797481254312927e-02	1.181257521811394789e-01	-1.851893250472613495e-01	1.715369737167602160e-01	-1.955783239935121320e-01	6.700065967781745901e-02	-7.931026441240701663e-02	6.159400850109202075e-02	-7.128757624128306825e-02	1.650105805585135310e-01	-5.421423166086150602e-02	5.099820802655350566e-02	-5.620303489211728176e-02	4.850700166905430599e-02	-6.203049071201233167e-02	4.269149730815083310e-02	-3.964364220744372169e-02	4.856641434211169533e-02	-4.566622908879308662e-02	4.784299763112588588e-02	-2.924227068885179928e-02	2.358002937331925633e-02	-3.149794278629884647e-02	3.071242850699900870e-02	-2.479162914191750458e-02	4.132964383640631845e-02	-2.382461286155477739e-02	3.237680717385908735e-02	-2.264755723430435935e-02	2.477113671700971811e-02
-2.561547612889409353e-01	7.645852063437719170e-02	-7.702304436577499247e-02	1.112618651681397119e-01	-1.317304422140549713e-01	1.984161065354760889e-01	-1.827581785638549838e-01	1.639755372451701387e-01	-1.408013089756797454e-01	9.920979176721007875e-02	-4.445726251512800431e-01	2.288910229437098320e-01	-1.489960517664784267e-01	1.371137058034131717e-01	-9.413797481254312927e-02	9.999999999999990008e-01	-5.344792361790235979e-01	2.175010895049742932e-01	-1.537014271590431413e-01	1.030521446037837158e-01	-5.041248969369243049e-01	2.953071599380912016e-01	-1.336984707473508893e-01	1.318809574259625916e-01	-1.663851505242198991e-01	1.355938645351974225e-01	-1.274857283370267880e-01	1.219167319529957105e-01	-8.945682376398388091e-02	1.009681041431891857e-01	-9.701073966446956132e-02	8.629421044576367217e-02	-1.023254511255472232e-01	8.420904946893109644e-02	-8.287151724219683768e-02	6.352013434677092341e-02	-4.933227273806407159e-02	6.291787455142752727e-02	-5.879347402727380656e-02	4.613960230506645305e-02	-8.919354499758609667e-02	4.942484919124705278e-02	-6.421642129703819535e-02	4.355709717688251159e-02	-4.683091404037525302e-02
2.094781745392393368e-01	-9.080443665831675060e-02	8.928158154931632728e-02	-1.356117903429741589e-01	1.523493439261660032e-01	-1.718005463368614261e-01	2.361337712196018845e-01	-2.282237135097358038e-01	1.784072848821351698e-01	-1.267772227351776360e-01	2.591994116510556445e-01	-4.698684452278949486e-01	2.092380577109760609e-01	-1.895153204623301335e-01	1.181257521811394789e-01	-5.344792361790235979e-01	9.999999999999981126e-01	-4.061622789867145866e-01	1.721141035387636631e-01	-1.184932812104827066e-01	2.468178434733014348e-01	-3.289349158487941960e-01	1.310998177421918987e-01	-1.362715878214562359e-01	1.732016273511985949e-01	-1.257420495252108417e-01	1.178070636377762659e-01	-1.206385368534847735e-01	8.861996955940387721e-02	-1.025139414457780923e-01	8.877327710933019533e-02	-8.188642124214123852e-02	9.641080605151794436e-02	-8.400909812381958386e-02	8.182379799351491290e-02	-5.931955964116897989e-02	4.655155001456683789e-02	-6.026251067445381748e-02	5.649158328906139781e-02	-4.481028951891079942e-02	8.233195661607670135e-02	-4.694242364739734108e-02	6.110291385498747146e-02	-4.192497575439736029e-02	4.511267910976376333e-02
-2.302629983383820134e-01	9.448379855892453938e-02	-9.835218693624386832e-02	1.706630688267223028e-01	-2.127125820832808101e-01	1.594777257162547368e-01	-2.215729833273464566e-01	2.407437177905254189e-01	-2.535250213845597900e-01	1.743362482118289702e-01	-2.492439536194639149e-01	2.444909426771660066e-01	-5.661761662405129236e-01	2.812863066470073781e-01	-1.851893250472613495e-01	2.175010895049742932e-01	-4.061622789867145866e-01	9.999999999999990008e-01	-3.370001788033093471e-01	1.898682945771545671e-01	-1.573624339292016283e-01	1.754568939080618506e-01	-1.401066692464733865e-01	1.421395315706213969e-01	-2.677219555599068546e-01	1.107855643307078669e-01	-1.074238636552651838e-01	1.159084269812151458e-01	-9.565616137011419273e-02	1.141922339441583667e-01	-8.771085410289006234e-02	8.047299586235749647e-02	-9.912327674285041634e-02	8.881440674646885747e-02	-9.193961184881956072e-02	5.939884125251367747e-02	-4.759010078938129273e-02	6.286837418951131407e-02	-6.084744164023288271e-02	4.852041993236054507e-02	-8.449150503952834734e-02	4.783617091512317593e-02	-6.485314339115234861e-02	4.479622821094163959e-02	-4.889189965758736212e-02
1.520250976492093509e-01	-6.660907526130822875e-02	6.636228401777764796e-02	-1.316190117643908919e-01	1.448161573127511037e-01	-1.072832666750942465e-01	1.328787346985312590e-01	-1.646823928922923619e-01	1.616920134481574511e-01	-1.807624975930202382e-01	1.638015808689285424e-01	-1.617536032906791432e-01	1.849924717601392488e-01	-2.134743710409005846e-01	1.715369737167602160e-01	-1.537014271590431413e-01	1.721141035387636631e-01	-3.370001788033093471e-01	9.999999999999964473e-01	-6.865335943636037275e-01	1.157274644902204497e-01	-1.437564365559368396e-01	1.403280530015164895e-01	-1.987813605990702559e-01	3.237043136324572190e-01	-1.130139766107414040e-01	1.064584379553338428e-01	-1.250893982565711993e-01	1.141099071815300653e-01	-1.501048158212469619e-01	8.894371118352382977e-02	-8.443053626548159551e-02	1.036994694838590664e-01	-1.069528773113791742e-01	1.074760229002449108e-01	-6.126876290371049277e-02	4.993155178364878932e-02	-6.789112187764458073e-02	6.638776754617915776e-02	-5.452537458255517222e-02	8.567943674127884157e-02	-5.069059063102632906e-02	6.909340125479375427e-02	-4.907941463098357965e-02	5.367701519964904883e-02
-1.078994885909179829e-01	4.712251268102100876e-02	-4.736874252212047026e-02	9.586676971900080779e-02	-1.091198459870312276e-01	7.525320533440099657e-02	-9.420131839754103398e-02	1.156511308484479000e-01	-1.230229688857528841e-01	1.597040882016274310e-01	-1.154423604433889028e-01	1.107735064487093690e-01	-1.311723638508118239e-01	1.480333810710444120e-01	-1.955783239935121320e-01	1.030521446037837158e-01	-1.184932812104827066e-01	1.898682945771545671e-01	-6.865335943636037275e-01	9.999999999999970024e-01	-7.913194304730811202e-02	9.630143090574971865e-02	-9.712541181879838503e-02	1.246027610663819479e-01	-6.041697599811436392e-01	7.737672429847221311e-02	-7.376016723693096244e-02	8.512540005503009544e-02	-8.257855105161696074e-02	1.130923004563902518e-01	-6.214045890152423285e-02	5.875391298390585798e-02	-7.298575483688697629e-02	7.551388860504391898e-02	-8.240215905431730326e-02	4.271877124043281515e-02	-3.503653932930714948e-02	4.799824052554505643e-02	-4.799106342066496167e-02	3.965235135346595330e-02	-6.007036565165251030e-02	3.548491590359342113e-02	-4.924324585828898648e-02	3.521344706191781304e-02	-3.900255146382640425e-02
1.502331540176659042e-01	-5.115423349476877490e-02	5.101539645251308708e-02	-7.845551660769473079e-02	9.131128044530099908e-02	-1.167984570649198278e-01	1.149278739666405730e-01	-1.131326213947837916e-01	9.626201720458238409e-02	-7.146985207284899111e-02	2.048607929321489551e-01	-1.538448388322183891e-01	1.019047120364039716e-01	-9.798672898365864969e-02	6.700065967781745901e-02	-5.041248969369243049e-01	2.468178434733014348e-01	-1.573624339292016283e-01	1.157274644902204497e-01	-7.913194304730811202e-02	9.999999999999970024e-01	-7.378134863405680921e-01	1.629124216399013558e-01	-1.575492163873410678e-01	1.268720471216640000e-01	-2.004380636826602058e-01	1.655331448024666419e-01	-1.530376385522124738e-01	9.677874855852763858e-02	-1.023244394111466199e-01	1.123588919840544653e-01	-1.006576564442913102e-01	1.123307103259376521e-01	-9.129039942948607989e-02	8.299468135438062277e-02	-7.134546444723190162e-02	5.370634271270486454e-02	-6.696188076223488772e-02	6.024231101722268139e-02	-4.712363494677800080e-02	9.605037643121945579e-02	-5.390968837603616476e-02	6.667321902980639925e-02	-4.493005086899323069e-02	4.761302235938234123e-02
-1.892169210813475222e-01	6.001903909445162333e-02	-6.082262306642859800e-02	9.191382663381622575e-02	-1.104131341761153406e-01	1.339400738014697445e-01	-1.363449108293636469e-01	1.285229752452639318e-01	-1.139002224224968385e-01	8.325913581766394844e-02	-2.452970175863901370e-01	1.700534502285329930e-01	-1.196228679096093400e-01	1.124782237697501824e-01	-7.931026441240701663e-02	2.953071599380912016e-01	-3.289349158487941960e-01	1.754568939080618506e-01	-1.437564365559368396e-01	9.630143090574971865e-02	-7.378134863405680921e-01	9.999999999999965583e-01	-2.491056155431685681e-01	1.850141859798554445e-01	-1.591183295029294786e-01	1.923128359624313999e-01	-2.297496353562647753e-01	1.844642704865730176e-01	-1.191353918371335779e-01	1.207032815927159969e-01	-1.324226180818614540e-01	1.190201302464233002e-01	-1.389284509336600748e-01	1.084312423591099334e-01	-1.013286038842853981e-01	8.389223736557299693e-02	-6.455976010533737153e-02	8.098468905683539609e-02	-7.381405676176373831e-02	5.728096350979773599e-02	-1.166380863286212016e-01	6.421943465570581488e-02	-8.181375286328396168e-02	5.468321274019325579e-02	-5.832642381795591358e-02
1.085476851694825162e-01	-3.865976260072350595e-02	3.888911610508621192e-02	-6.595195561839184428e-02	7.777973743045259181e-02	-7.518434357689046665e-02	8.028128762349853731e-02	-8.596039612213156322e-02	7.886150019626764207e-02	-6.497035377165745473e-02	1.259267201268655378e-01	-9.926432444194165094e-02	8.634599685579111283e-02	-8.460269201610148837e-02	6.159400850109202075e-02	-1.336984707473508893e-01	1.310998177421918987e-01	-1.401066692464733865e-01	1.403280530015164895e-01	-9.712541181879838503e-02	1.629124216399013558e-01	-2.491056155431685681e-01	9.999999999999967804e-01	-6.902772047477880868e-01	1.490875076111881636e-01	-2.099978891788510660e-01	2.353855272417487710e-01	-5.000213546615281945e-01	2.287208233129099100e-01	-1.907885594989608136e-01	1.505507880533612231e-01	-1.532433886355131780e-01	1.906279456462524058e-01	-1.976903194312061851e-01	1.511023411952764350e-01	-9.833231982188789244e-02	7.964079077295217746e-02	-1.082501430226789907e-01	9.779417702579351612e-02	-7.833567968395728498e-02	1.328132813486688768e-01	-8.008023913665944515e-02	1.052207582330753899e-01	-7.232282995906383349e-02	7.723938038613714641e-02
-1.222130685164704023e-01	4.259722811320199726e-02	-4.306362583858754089e-02	7.363684093523145680e-02	-8.817962362604483961e-02	8.271207208115714804e-02	-8.737037319276112768e-02	9.339116480970226231e-02	-8.787209522239994297e-02	7.411028614637892031e-02	-1.393515914792159693e-01	1.049436947619550448e-01	-9.383113906977660901e-02	9.325168631458687074e-02	-7.128757624128306825e-02	1.318809574259625916e-01	-1.362715878214562359e-01	1.421395315706213969e-01	-1.987813605990702559e-01	1.246027610663819479e-01	-1.575492163873410678e-01	1.850141859798554445e-01	-6.902772047477880868e-01	9.999999999999985567e-01	-1.999309504656965886e-01	1.916185420546488716e-01	-2.331984722115033604e-01	2.828602180404791722e-01	-3.947125629794661084e-01	2.156483767120700168e-01	-1.714502160171257061e-01	1.607572164511468227e-01	-2.214732460499838351e-01	2.285117282238321168e-01	-1.962001021000930601e-01	1.110994866052225361e-01	-9.143681573166448362e-02	1.243962017477672211e-01	-1.206744747474415569e-01	9.543281634928363344e-02	-1.598241386230025984e-01	9.030761798054330602e-02	-1.281370046045667843e-01	8.715532862791285085e-02	-9.579176989038390433e-02
1.671560188960581061e-01	-7.141427385845346143e-02	7.067499003965109494e-02	-1.390941698166549834e-01	1.521364785125871033e-01	-1.167129001458395016e-01	1.375938913032360156e-01	-1.690013739556622263e-01	1.597315860178090963e-01	-1.811962797225908639e-01	1.797859013179717580e-01	-1.698051269717021639e-01	1.659836019499537907e-01	-1.906705830987019679e-01	1.650105805585135310e-01	-1.663851505242198991e-01	1.732016273511985949e-01	-2.677219555599068546e-01	3.237043136324572190e-01	-6.041697599811436392e-01	1.268720471216640000e-01	-1.591183295029294786e-01	1.490875076111881636e-01	-1.999309504656965886e-01	9.999999999999987788e-01	-1.327536815425077454e-01	1.225091947306190809e-01	-1.439895478307800236e-01	1.387628046238506552e-01	-2.275192768071996607e-01	1.048288360594963747e-01	-1.002803028429350707e-01	1.228397295902712849e-01	-1.327728141221266867e-01	1.453081765447111484e-01	-7.285424521582423152e-02	5.998386851296035743e-02	-8.286155037859509187e-02	8.305726813657879348e-02	-6.969659090186129669e-02	1.015591499459040231e-01	-6.110734685499340929e-02	8.446846308750177723e-02	-6.125639805735726140e-02	6.775951068597382831e-02
-1.108752753187984968e-01	3.697355965494384528e-02	-3.730784510121367553e-02	6.135674014490528211e-02	-7.360369184319645597e-02	7.557480325572245305e-02	-7.631332779307771486e-02	7.917753915955574873e-02	-7.210434687341020499e-02	5.724715498006607145e-02	-1.302519932230524757e-01	9.317967092675907836e-02	-7.427148787368575977e-02	7.402621383432402002e-02	-5.421423166086150602e-02	1.355938645351974225e-01	-1.257420495252108417e-01	1.107855643307078669e-01	-1.130139766107414040e-01	7.737672429847221311e-02	-2.004380636826602058e-01	1.923128359624313999e-01	-2.099978891788510660e-01	1.916185420546488716e-01	-1.327536815425077454e-01	9.999999999999978906e-01	-6.026098659052712136e-01	2.781013437826184709e-01	-1.604211962041756090e-01	1.557562056517831361e-01	-4.849352709425930885e-01	2.697280304499559689e-01	-2.868244177258315042e-01	1.518736591199833230e-01	-1.389004414334195359e-01	2.175627428076772341e-01	-1.415344952730954731e-01	1.509299136190689894e-01	-1.267051466358892486e-01	9.281501576565370781e-02	-2.983159360351935185e-01	1.356491025635695735e-01	-1.514293285288063062e-01	9.474009723262040439e-02	-9.756916779367680315e-02
9.898104915051353370e-02	-3.422622766572974012e-02	3.440065887316708787e-02	-5.720349852208289620e-02	6.774579287164546326e-02	-6.850941120498790782e-02	7.086859624944873148e-02	-7.453405851027897211e-02	6.735522608031317693e-02	-5.410076865444481131e-02	1.161346191287380841e-01	-8.818541826473265399e-02	7.029933465063402387e-02	-7.028807903902338505e-02	5.099820802655350566e-02	-1.274857283370267880e-01	1.178070636377762659e-01	-1.074238636552651838e-01	1.064584379553338428e-01	-7.376016723693096244e-02	1.655331448024666419e-01	-2.297496353562647753e-01	2.353855272417487710e-01	-2.331984722115033604e-01	1.225091947306190809e-01	-6.026098659052712136e-01	9.999999999999995559e-01	-5.677737430361190496e-01	1.687984080329245629e-01	-1.617060528686710130e-01	2.457964149772575713e-01	-2.931060185074035318e-01	2.435290047919566603e-01	-1.624236340417423152e-01	1.321758462123742150e-01	-1.480271862446638498e-01	1.104773155924277106e-01	-1.304742417346081707e-01	1.058691290461090534e-01	-8.103481602011122775e-02	1.813980834564374311e-01	-1.106469782003671465e-01	1.221626541033748597e-01	-8.000865881123703227e-02	8.190143118744747097e-02
-1.067688270714011456e-01	3.650296252627371896e-02	-3.684682339816613278e-02	6.172871215577072079e-02	-7.396224420125636911e-02	7.253708929748996226e-02	-7.505879575493733247e-02	7.907396602019874099e-02	-7.291124397769836729e-02	5.907693795134724701e-02	-1.231831459340678031e-01	9.125182862999209332e-02	-7.666542439214066307e-02	7.590860080023313639e-02	-5.620303489211728176e-02	1.219167319529957105e-01	-1.206385368534847735e-01	1.159084269812151458e-01	-1.250893982565711993e-01	8.512540005503009544e-02	-1.530376385522124738e-01	1.844642704865730176e-01	-5.000213546615281945e-01	2.828602180404791722e-01	-1.439895478307800236e-01	2.781013437826184709e-01	-5.677737430361190496e-01	1.000000000000000888e+00	-2.620843835832802338e-01	1.852888312058174614e-01	-2.295988978534729552e-01	2.278350903409245842e-01	-3.401187238055205508e-01	1.960654005816844236e-01	-1.655365629690984386e-01	1.397092219549089243e-01	-1.133731622706562331e-01	1.496141384270176511e-01	-1.284302608772235066e-01	9.631272923367202587e-02	-1.943997149147195236e-01	1.105730414304235965e-01	-1.472424208602856888e-01	9.422514273962059872e-02	-9.905824666666024347e-02
8.302172562998401395e-02	-2.952143833116399260e-02	2.970108376599282438e-02	-5.147089288006056335e-02	6.097160651408078252e-02	-5.630781878347783376e-02	5.942460365884614376e-02	-6.467409010820537874e-02	6.006213192636196407e-02	-5.124275220909913636e-02	9.353637766073170934e-02	-7.227619816530840569e-02	6.265878150607105679e-02	-6.400794125045941585e-02	4.850700166905430599e-02	-8.945682376398388091e-02	8.861996955940387721e-02	-9.565616137011419273e-02	1.141099071815300653e-01	-8.257855105161696074e-02	9.677874855852763858e-02	-1.191353918371335779e-01	2.287208233129099100e-01	-3.947125629794661084e-01	1.387628046238506552e-01	-1.604211962041756090e-01	1.687984080329245629e-01	-2.620843835832802338e-01	9.999999999999995559e-01	-4.346482198206640390e-01	1.330221179466644921e-01	-1.460236553260480519e-01	1.945962117543348358e-01	-6.762433567933761047e-01	2.907141999101568453e-01	-8.915824232561160578e-02	7.863295906662419454e-02	-1.200633496666585753e-01	1.253494782826884979e-01	-1.126858748640581359e-01	1.202809222643795167e-01	-7.981383662139340807e-02	1.163928461716043639e-01	-8.979769780864185758e-02	1.013276557542510670e-01
-1.019154868586820278e-01	3.613741306304007334e-02	-3.645193790488503172e-02	6.395979333646059639e-02	-7.650330172088162795e-02	6.817604622991400853e-02	-7.187626003263876406e-02	7.875794640917500866e-02	-7.438657417521157833e-02	6.489600423200830859e-02	-1.128369017784436323e-01	8.612274426577876119e-02	-7.640490791286558281e-02	7.893466210975701169e-02	-6.203049071201233167e-02	1.009681041431891857e-01	-1.025139414457780923e-01	1.141922339441583667e-01	-1.501048158212469619e-01	1.130923004563902518e-01	-1.023244394111466199e-01	1.207032815927159969e-01	-1.907885594989608136e-01	2.156483767120700168e-01	-2.275192768071996607e-01	1.557562056517831361e-01	-1.617060528686710130e-01	1.852888312058174614e-01	-4.346482198206640390e-01	9.999999999999980016e-01	-1.468681190949920612e-01	1.459534670153470881e-01	-2.006836334250042819e-01	3.105498167533148335e-01	-6.917117050050592963e-01	1.006513462907787232e-01	-9.335991542846681923e-02	1.492839679904460481e-01	-1.951603457514333451e-01	1.821430879870923059e-01	-1.426525862185725468e-01	9.388844766992376911e-02	-1.615157101037738019e-01	1.317336623770942183e-01	-1.700443104825918872e-01
8.110771847849863880e-02	-2.844127733267316424e-02	2.852961879375534929e-02	-4.836186885283202952e-02	5.710381593273178291e-02	-5.561341458777704222e-02	5.750610144089066816e-02	-6.169856812784822037e-02	5.589558233703489226e-02	-4.550735295952827719e-02	9.297986223776817660e-02	-7.121312028556223139e-02	5.761510718139692400e-02	-5.860158162323758635e-02	4.269149730815083310e-02	-9.701073966446956132e-02	8.877327710933019533e-02	-8.771085410289006234e-02	8.894371118352382977e-02	-6.214045890152423285e-02	1.123588919840544653e-01	-1.324226180818614540e-01	1.505507880533612231e-01	-1.714502160171257061e-01	1.048288360594963747e-01	-4.849352709425930885e-01	2.457964149772575713e-01	-2.295988978534729552e-01	1.330221179466644921e-01	-1.468681190949920612e-01	9.999999999999992228e-01	-5.173124389155296932e-01	2.653554682705709933e-01	-1.435242597162983136e-01	1.198885139281852669e-01	-4.849232009296676749e-01	1.722097654077004436e-01	-1.565410791557067804e-01	1.126884074072270481e-01	-8.522770612220609276e-02	2.956125680890767660e-01	-1.748225636210210820e-01	1.369904153286077841e-01	-8.850676906990298520e-02	8.599536369143598313e-02
-7.564811415516313475e-02	2.618446269181185643e-02	-2.633353641118011540e-02	4.451860476252472026e-02	-5.292971624374291639e-02	5.144699854503483050e-02	-5.300897187059679105e-02	5.657724945492101365e-02	-5.165137343549606325e-02	4.206891702635916913e-02	-8.649638579367953384e-02	6.500345473493110426e-02	-5.323614088699613750e-02	5.392708664668907637e-02	-3.964364220744372169e-02	8.629421044576367217e-02	-8.188642124214123852e-02	8.047299586235749647e-02	-8.443053626548159551e-02	5.875391298390585798e-02	-1.006576564442913102e-01	1.190201302464233002e-01	-1.532433886355131780e-01	1.607572164511468227e-01	-1.002803028429350707e-01	2.697280304499559689e-01	-2.931060185074035318e-01	2.278350903409245842e-01	-1.460236553260480519e-01	1.459534670153470881e-01	-5.173124389155296932e-01	9.999999999999985567e-01	-6.289460910825847018e-01	1.579404380675724640e-01	-1.334729806115211026e-01	2.193443198079041145e-01	-2.242191028451302470e-01	2.022470185557370403e-01	-1.440576106766360553e-01	1.011960567539490485e-01	-2.593359880804446682e-01	1.825058817878789652e-01	-1.836574881616849786e-01	1.083356020541383219e-01	-1.062006280806188641e-01
8.946536940798929805e-02	-3.165940114060670357e-02	3.175912237087234052e-02	-5.434423908957945748e-02	6.411107203686471079e-02	-6.111977701112626671e-02	6.369702810297364626e-02	-6.889304897152956353e-02	6.275445475053967326e-02	-5.173678846951071386e-02	1.016200723647940202e-01	-7.858850150634204279e-02	6.487516959257587368e-02	-6.620124879639521787e-02	4.856641434211169533e-02	-1.023254511255472232e-01	9.641080605151794436e-02	-9.912327674285041634e-02	1.036994694838590664e-01	-7.298575483688697629e-02	1.123307103259376521e-01	-1.389284509336600748e-01	1.906279456462524058e-01	-2.214732460499838351e-01	1.228397295902712849e-01	-2.868244177258315042e-01	2.435290047919566603e-01	-3.401187238055205508e-01	1.945962117543348358e-01	-2.006836334250042819e-01	2.653554682705709933e-01	-6.289460910825847018e-01	9.999999999999984457e-01	-2.584207071618472851e-01	1.738649068028182143e-01	-1.808062589951166255e-01	1.757220122573491805e-01	-3.575004222589561187e-01	1.771317008843719953e-01	-1.311951142671419768e-01	1.976842600747999168e-01	-1.807494912966382816e-01	2.156893075501607471e-01	-1.382004338106918306e-01	1.287138432580816338e-01
-8.044902930900313387e-02	2.815255141841927281e-02	-2.837984427702388429e-02	4.889991428670236590e-02	-5.840556634763523908e-02	5.415586785089105543e-02	-5.657351677280091778e-02	6.114703241993199589e-02	-5.698419016984381663e-02	4.804416754500254183e-02	-9.039915156101419047e-02	6.833438197987869167e-02	-5.899791636809876422e-02	6.006818660054782932e-02	-4.566622908879308662e-02	8.420904946893109644e-02	-8.400909812381958386e-02	8.881440674646885747e-02	-1.069528773113791742e-01	7.551388860504391898e-02	-9.129039942948607989e-02	1.084312423591099334e-01	-1.976903194312061851e-01	2.285117282238321168e-01	-1.327728141221266867e-01	1.518736591199833230e-01	-1.624236340417423152e-01	1.960654005816844236e-01	-6.762433567933761047e-01	3.105498167533148335e-01	-1.435242597162983136e-01	1.579404380675724640e-01	-2.584207071618472851e-01	9.999999999999995559e-01	-5.129916842773051266e-01	9.509308749844742892e-02	-8.747077708593921364e-02	1.397850528346652743e-01	-1.618655881116353723e-01	1.435330634033446795e-01	-1.300616447130098774e-01	8.763711417982648910e-02	-1.381159112876479966e-01	1.085538887868063018e-01	-1.287276695882260402e-01
