1.000000000000000000e+00	-8.672398811942588770e-02	6.171884685531203035e-02	-3.494885012476885849e-02	3.945518890982159521e-02	-9.658093704497274778e-01	8.939363655282375754e-02	-7.350379477548883711e-02	5.268909123517501181e-02	-2.796722826768322304e-02	1.398459364640628200e-01	-8.202528888466872892e-02	5.505221231772427365e-02	-4.632455068911973256e-02	2.534145718782736950e-02	-1.454342009612826780e-01	7.367418988021585957e-02	-5.359439394668735063e-02	4.095149796630388056e-02	-4.410112720761255600e-02	5.148756425166254452e-02	-4.623378976051833317e-02	3.981366517265966243e-02	-3.972948199137620734e-02	2.679469825851931580e-02	-4.445613851820413159e-02	3.743222920846660945e-02	-3.315284180892057869e-02	1.449667014941016796e-02	-1.337531229334365870e-02	2.695797544943110205e-02	-2.030738207854657085e-02	2.584509249039563389e-02	-8.797875654977561910e-03	8.818192097479764582e-03	-1.630809121653290991e-02	2.332092414022293031e-02	-1.506411404935976625e-02	6.907662090693041795e-03	-8.378950949829135075e-03	2.273105024756041231e-02	-2.223285668390261732e-02	1.182115511463251688e-02	-6.908673887634385856e-03	7.633795849863339936e-03
-8.672398811942588770e-02	1.000000000000000000e+00	-6.784255146703748185e-01	1.200496245313611848e-01	-1.225938971931918031e-01	7.904746327855306787e-02	-6.257740581243717015e-01	3.312922897474772088e-01	-1.187441431291596516e-01	4.969778291810360293e-02	-5.898641985206979493e-02	8.980108514051504676e-02	-7.767457371949533507e-02	7.540675013295258799e-02	-4.398243141938036616e-02	5.474999094731693161e-02	-8.092014470859214270e-02	6.824579830443584794e-02	-6.003933268510253107e-02	6.524545720317942443e-02	-4.795811792193215017e-02	4.237393056147476661e-02	-4.626046779140523951e-02	5.717659638790762583e-02	-3.868488075326136089e-02	4.466071765398807458e-02	-3.914267806771349473e-02	3.687141124775047962e-02	-1.929061844027564476e-02	1.796396161788548634e-02	-2.940298038181942547e-02	2.193820835250645182e-02	-2.836286689174666309e-02	1.065453286097447355e-02	-1.110677905753411701e-02	1.777323971979090714e-02	-2.553177614198180387e-02	1.653007337173336561e-02	-8.290078075303223062e-03	1.049144278751447910e-02	-2.504457975761826757e-02	2.422020994427564328e-02	-1.305272762134860633e-02	8.025221322838806820e-03	-8.864579046453196359e-03
6.171884685531203035e-02	-6.784255146703748185e-01	9.999999999999997780e-01	-1.712523887202397621e-01	1.350959252683703871e-01	-6.080697885816927634e-02	3.276629643521057900e-01	-6.177301017733443089e-01	1.321221020980579974e-01	-5.603481683611710035e-02	5.033610245653089704e-02	-7.786361629659185879e-02	7.775143706073985028e-02	-8.402226255832830060e-02	4.834915201161052445e-02	-4.871267293888951327e-02	6.947668103478885082e-02	-7.137655139998573539e-02	6.395885138540605142e-02	-7.276135037183882603e-02	4.422527769577944134e-02	-3.954260887187876355e-02	4.688333086479606199e-02	-6.353045710734286922e-02	4.240606573966620996e-02	-4.516460795537050738e-02	3.871300513007387006e-02	-3.763599545548845099e-02	2.077761158874825292e-02	-1.948416384142230909e-02	3.014006172325684255e-02	-2.232957442793176775e-02	2.898934680327387020e-02	-1.130089523194933998e-02	1.187026384616611009e-02	-1.824231428343963887e-02	2.618446814945657800e-02	-1.707566536746015634e-02	8.764539498954008329e-03	-1.122240574465408966e-02	2.579157968511373161e-02	-2.499904253317990557e-02	1.349471598250679381e-02	-8.420953617610414318e-03	9.292870302183559375e-03
-3.494885012476885849e-02	1.200496245313611848e-01	-1.712523887202397621e-01	1.000000000000000000e+00	-8.179269889638307589e-01	3.333963143707453086e-02	-1.005191170796851663e-01	1.264922048833363455e-01	-4.365361044052528117e-01	1.452973518173081291e-01	-5.548850026755814541e-02	8.347057140066409253e-02	-1.128109929575965564e-01	1.780079043974413522e-01	-1.251688883629851756e-01	5.556728729197217553e-02	-8.403833634306923095e-02	1.134471716066456082e-01	-1.276724153759519198e-01	1.506259847353993986e-01	-6.261243455280336712e-02	5.553062468070352198e-02	-8.108802938432373153e-02	1.294536308598840113e-01	-8.683074282966542212e-02	7.570826019013446317e-02	-6.366701798915516686e-02	6.441371498471393231e-02	-4.111925442113459339e-02	3.876598475988623366e-02	-5.385086080628549710e-02	3.909674874097052166e-02	-5.149155258651377798e-02	2.151715659606669509e-02	-2.302702705436283220e-02	3.258376937842411003e-02	-4.674823759581969718e-02	3.063897769309805244e-02	-1.660593400298420591e-02	2.172925881200924239e-02	-4.658119013015428467e-02	4.468613357010670084e-02	-2.432896513968048346e-02	1.568226473106051205e-02	-1.730277151258791460e-02
3.945518890982159521e-02	-1.225938971931918031e-01	1.350959252683703871e-01	-8.179269889638307589e-01	1.000000000000000222e+00	-3.813498949463144105e-02	9.702296941504896799e-02	-1.250804068725760720e-01	2.871284285330193975e-01	-2.149606367727982248e-01	6.741639684215593176e-02	-1.022121711933692417e-01	1.328412906299119289e-01	-2.172032386004663640e-01	1.559193542541364996e-01	-6.929071516755369586e-02	1.014211756048758600e-01	-1.444606272959442772e-01	1.549690011840248738e-01	-2.129978112428430048e-01	7.913343678650459900e-02	-7.095387206331825458e-02	1.062561447784330926e-01	-1.845552286276842813e-01	1.190462390813117333e-01	-1.028435074479698841e-01	8.410044217067018379e-02	-8.639794434109140941e-02	5.636155323771321196e-02	-5.382265347536419053e-02	7.305109019540861892e-02	-5.276872569428633225e-02	6.952746708035247025e-02	-2.979430887807887895e-02	3.181880196630609142e-02	-4.428484929651417545e-02	6.344561989835985349e-02	-4.196900546729545600e-02	2.292539034505186590e-02	-3.017888369558794151e-02	6.339927644064533019e-02	-6.126333885790447714e-02	3.329875662469394815e-02	-2.161327176599271011e-02	2.380512530648185021e-02
-9.658093704497274778e-01	7.904746327855306787e-02	-6.080697885816927634e-02	3.333963143707453086e-02	-3.813498949463144105e-02	1.000000000000000222e+00	-9.549613296603864931e-02	6.959660919397413215e-02	-5.077002586496852377e-02	2.613972116260777911e-02	-1.636009165732991988e-01	7.789706620436329110e-02	-5.313340387216898553e-02	4.349357407241820350e-02	-2.384013509580154913e-02	1.292335648909972434e-01	-7.210196899746923460e-02	5.001421293865445511e-02	-3.857730124194536092e-02	4.071280187999320316e-02	-4.933528063984420065e-02	4.341071772724573036e-02	-3.758543880652200075e-02	3.664467476122609119e-02	-2.488490966994267098e-02	4.104987206756580825e-02	-3.526104522882021752e-02	3.093179774403677709e-02	-1.349207213612405379e-02	1.241173459274419813e-02	-2.520016736301666782e-02	1.899336884609087450e-02	-2.420998255567925403e-02	8.175255702872965755e-03	-8.197667431653080095e-03	1.522372848745927841e-02	-2.179857010424947339e-02	1.400733122747339042e-02	-6.424149311545146110e-03	7.779549933126485989e-03	-2.123754599188849151e-02	2.065572882332643301e-02	-1.100256030769269922e-02	6.423673990524850046e-03	-7.103109731870671517e-03
8.939363655282375754e-02	-6.257740581243717015e-01	3.276629643521057900e-01	-1.005191170796851663e-01	9.702296941504896799e-02	-9.549613296603864931e-02	9.999999999999998890e-01	-6.735893476512698763e-01	1.195458257137343855e-01	-5.268936128650737044e-02	6.974454013512866590e-02	-1.270145185709867230e-01	9.345796525371555252e-02	-8.566098671284348709e-02	4.622530599916910982e-02	-6.549516762615513465e-02	9.636978794583102303e-02	-8.171798903997615215e-02	6.721834737518342373e-02	-7.319738634797744170e-02	5.468252523575169860e-02	-4.942821007772899011e-02	5.189463024953074738e-02	-6.417399688970414073e-02	4.306173564742966919e-02	-5.062044547071559847e-02	4.409053441203845264e-02	-4.182069874959160743e-02	2.135994985642524630e-02	-1.994734302826058417e-02	3.254589604085251359e-02	-2.444112374031291030e-02	3.144678113078398091e-02	-1.180343215810542024e-02	1.229119692452849792e-02	-1.969903888202833783e-02	2.829286325049834572e-02	-1.838892049206906909e-02	9.179192076937583988e-03	-1.162070089153903300e-02	2.765676150498122196e-02	-2.696617398325084833e-02	1.449502228005309853e-02	-8.894880597534498418e-03	9.817015353880128442e-03
-7.350379477548883711e-02	3.312922897474772088e-01	-6.177301017733443089e-01	1.264922048833363455e-01	-1.250804068725760720e-01	6.959660919397413215e-02	-6.735893476512698763e-01	1.000000000000000444e+00	-1.593905075386574388e-01	5.885358360159027857e-02	-6.298284555923236439e-02	1.011934270712507716e-01	-1.009766269483221846e-01	9.440094878993199323e-02	-5.182187619419156149e-02	5.859875467887051825e-02	-9.001504302929091983e-02	8.380129081085638254e-02	-7.258061782862862410e-02	7.808143061949009145e-02	-5.321760197273457671e-02	4.734405423906550697e-02	-5.333917271304319807e-02	6.811426521203992057e-02	-4.596489052564475125e-02	5.079407138039884750e-02	-4.435292976804749293e-02	4.250158303690593220e-02	-2.259257687676011900e-02	2.109168249613361037e-02	-3.341263199816546514e-02	2.495213973949769737e-02	-3.226719461437006775e-02	1.231675589669152700e-02	-1.290521521275040870e-02	2.021273068302083600e-02	-2.904404611584191290e-02	1.886673592176335221e-02	-9.568220903898173868e-03	1.218514157061145915e-02	-2.847834780414400246e-02	2.762851851349037643e-02	-1.489744081274216488e-02	9.223610199005013999e-03	-1.018289490354501448e-02
5.268909123517501181e-02	-1.187441431291596516e-01	1.321221020980579974e-01	-4.365361044052528117e-01	2.871284285330193975e-01	-5.077002586496852377e-02	1.195458257137343855e-01	-1.593905075386574388e-01	1.000000000000001332e+00	-2.677798223951969869e-01	1.024217612540329336e-01	-1.639295863364962635e-01	2.246367689365681986e-01	-5.150565623715728236e-01	2.109115327801724116e-01	-1.054749524049941878e-01	1.574336863412478804e-01	-2.444515626101080863e-01	2.661804897322559427e-01	-3.358196292525677529e-01	1.180770020663567677e-01	-1.070953287406682386e-01	1.590986069474729370e-01	-2.872083163380553805e-01	1.845736835482173210e-01	-1.502076852914894789e-01	1.233477619650184265e-01	-1.293347487821738806e-01	8.429697181480012846e-02	-8.070042693947311607e-02	1.035834746502145021e-01	-7.573489949018034906e-02	9.925995674215774833e-02	-4.322471135507165857e-02	4.662532464618677347e-02	-6.288344142585494678e-02	9.021952347367727387e-02	-5.994458588551171419e-02	3.319555147439394449e-02	-4.409605237955703527e-02	8.953788822595978858e-02	-8.741207513916994520e-02	4.749844587032781007e-02	-3.109019104603938724e-02	3.421120340239396096e-02
-2.796722826768322304e-02	4.969778291810360293e-02	-5.603481683611710035e-02	1.452973518173081291e-01	-2.149606367727982248e-01	2.613972116260777911e-02	-5.268936128650737044e-02	5.885358360159027857e-02	-2.677798223951969869e-01	1.000000000000000444e+00	-5.916034793421504762e-02	8.825923489825408808e-02	-1.405912815086592660e-01	2.211485009853382810e-01	-8.781357444166151272e-01	5.730406115358439162e-02	-9.482721198789338668e-02	1.285313075046000397e-01	-1.740157961695069089e-01	1.884251348975812812e-01	-6.859178257619187591e-02	5.950455121637980571e-02	-9.096760296124910272e-02	1.332416917507048826e-01	-1.165325835842773994e-01	7.552290857509179334e-02	-6.782418756806513072e-02	6.753772213316418249e-02	-4.902175100049136619e-02	4.451255932196045151e-02	-5.518649930844887752e-02	4.042806126358986646e-02	-5.351250423974287379e-02	2.282116546810247087e-02	-2.547528499688949538e-02	3.326909365619332842e-02	-4.797922480677715290e-02	3.095225050392584956e-02	-1.765781709326144297e-02	2.344149534545822075e-02	-4.755750097399585874e-02	4.479444372526916046e-02	-2.472062677842971901e-02	1.632767043668680723e-02	-1.809114193778089616e-02
1.398459364640628200e-01	-5.898641985206979493e-02	5.033610245653089704e-02	-5.548850026755814541e-02	6.741639684215593176e-02	-1.636009165732991988e-01	6.974454013512866590e-02	-6.298284555923236439e-02	1.024217612540329336e-01	-5.916034793421504762e-02	1.000000000000001332e+00	-3.603100854735672987e-01	1.573976663223312367e-01	-1.106534665428671599e-01	5.518613695806402764e-02	-8.410796424573135921e-01	2.522328878751430303e-01	-1.491552693753454284e-01	9.929737997665667726e-02	-9.797390960437875329e-02	1.579666822106222113e-01	-1.454146794177197111e-01	9.730467511337771713e-02	-8.763067190126334893e-02	5.991851091708710192e-02	-1.123728719818108540e-01	9.630008822177267558e-02	-8.278030266968061657e-02	3.213847883794510724e-02	-2.955652149222722652e-02	6.175997590710900070e-02	-4.814597714957603858e-02	5.983808309216304133e-02	-1.950516432788961321e-02	1.942702925171123363e-02	-3.741268460755855368e-02	5.352848038083125176e-02	-3.458444385552557343e-02	1.534504366492260921e-02	-1.843370114488344577e-02	5.121200484926738405e-02	-5.114256586570833929e-02	2.697987411502052874e-02	-1.547108953803041920e-02	1.707173331762125434e-02
-8.202528888466872892e-02	8.980108514051504676e-02	-7.786361629659185879e-02	8.347057140066409253e-02	-1.022121711933692417e-01	7.789706620436329110e-02	-1.270145185709867230e-01	1.011934270712507716e-01	-1.639295863364962635e-01	8.825923489825408808e-02	-3.603100854735672987e-01	1.000000000000001776e+00	-4.396471149496358755e-01	1.814444423369029891e-01	-8.594675560422875005e-02	2.560858433319818661e-01	-6.739907692150065577e-01	2.501936495338524247e-01	-1.657121735502977145e-01	1.412302690235063829e-01	-2.159933552925634159e-01	1.959785797435290855e-01	-1.429514615509932252e-01	1.242569128907413667e-01	-8.766562107409418825e-02	1.393913529403515983e-01	-1.336073704882130564e-01	1.139096788369969165e-01	-4.513918853281919524e-02	4.129147795071657495e-02	-8.046760091573319784e-02	6.361821683069918132e-02	-7.936430085842401116e-02	2.608572540737440562e-02	-2.643757126490689155e-02	4.862193402611399845e-02	-7.016658571537089106e-02	4.480581345859850628e-02	-2.048351415114342891e-02	2.493411832589777916e-02	-6.662727302816572050e-02	6.594042873453206943e-02	-3.505053184323550508e-02	2.037984284239607868e-02	-2.251102938558980845e-02
5.505221231772427365e-02	-7.767457371949533507e-02	7.775143706073985028e-02	-1.128109929575965564e-01	1.328412906299119289e-01	-5.313340387216898553e-02	9.345796525371555252e-02	-1.009766269483221846e-01	2.246367689365681986e-01	-1.405912815086592660e-01	1.573976663223312367e-01	-4.396471149496358755e-01	1.000000000000002887e+00	-4.136956373232306139e-01	1.357877569390644745e-01	-1.561528259969677812e-01	2.624344131610109598e-01	-6.346651468360817727e-01	2.789054364168105926e-01	-2.251577644390282962e-01	1.414612238714329506e-01	-1.355889782356657913e-01	1.695144921128972915e-01	-1.887690889192340238e-01	1.316914113786803731e-01	-1.404931457193864530e-01	1.225537893313123211e-01	-1.349033442952843331e-01	6.083147164142019281e-02	-5.654193886877337261e-02	8.494722838252295738e-02	-6.582392491384347899e-02	8.375087819815980883e-02	-3.162459851296912233e-02	3.348397058843850110e-02	-5.164299152219752748e-02	7.435680531538696458e-02	-4.879552023769730129e-02	2.455003241922875182e-02	-3.142349011394987568e-02	7.155761866681215055e-02	-7.148644400641171459e-02	3.828792140224232532e-02	-2.360843597368193075e-02	2.601793690732429054e-02
-4.632455068911973256e-02	7.540675013295258799e-02	-8.402226255832830060e-02	1.780079043974413522e-01	-2.172032386004663640e-01	4.349357407241820350e-02	-8.566098671284348709e-02	9.440094878993199323e-02	-5.150565623715728236e-01	2.211485009853382810e-01	-1.106534665428671599e-01	1.814444423369029891e-01	-4.136956373232306139e-01	1.000000000000002220e+00	-2.904424145326434115e-01	1.048874350431706209e-01	-1.857325315936748655e-01	2.858937640992183504e-01	-5.255726361219285048e-01	2.617335710995786213e-01	-1.173915349854239981e-01	1.038029214000771999e-01	-1.511227919999559299e-01	2.106821484238920739e-01	-1.630853537450144553e-01	1.217275896056585205e-01	-1.092827519336385667e-01	1.120696685678603255e-01	-6.975688146049482952e-02	6.385776854708435923e-02	-8.334079594789362000e-02	6.232702474229594863e-02	-8.142659279461608723e-02	3.344245494070702263e-02	-3.676514794047824192e-02	5.037161729033922536e-02	-7.266795365204230250e-02	4.712918628582010716e-02	-2.588522304886626060e-02	3.404432761486339554e-02	-7.123639620868206512e-02	6.846700224153319525e-02	-3.741735522760776533e-02	2.420379364244935189e-02	-2.676453476370829060e-02
2.534145718782736950e-02	-4.398243141938036616e-02	4.834915201161052445e-02	-1.251688883629851756e-01	1.559193542541364996e-01	-2.384013509580154913e-02	4.622530599916910982e-02	-5.182187619419156149e-02	2.109115327801724116e-01	-8.781357444166151272e-01	5.518613695806402764e-02	-8.594675560422875005e-02	1.357877569390644745e-01	-2.904424145326434115e-01	1.000000000000003553e+00	-5.422867477929608354e-02	8.863041236833679726e-02	-1.322783484147901367e-01	1.744095371588008925e-01	-2.374409954398110922e-01	6.327299625097392022e-02	-5.577971465201685131e-02	8.521636972259329090e-02	-1.434325053077448175e-01	1.198180041281119712e-01	-7.121895999447451497e-02	6.291819953101650265e-02	-6.448626663142612014e-02	4.776763428531427547e-02	-4.436663590871517404e-02	5.049885354946810623e-02	-3.728777663014456317e-02	4.909839734005597839e-02	-2.175040004118344167e-02	2.449528251369234924e-02	-3.052174461108544262e-02	4.402844456623196401e-02	-2.873092479694856760e-02	1.674700099445836435e-02	-2.258018893387571044e-02	4.343892171267867142e-02	-4.155876169257424757e-02	2.290096115150856010e-02	-1.535400988128106381e-02	1.696698827583706382e-02
-1.454342009612826780e-01	5.474999094731693161e-02	-4.871267293888951327e-02	5.556728729197217553e-02	-6.929071516755369586e-02	1.292335648909972434e-01	-6.549516762615513465e-02	5.859875467887051825e-02	-1.054749524049941878e-01	5.730406115358439162e-02	-8.410796424573135921e-01	2.560858433319818661e-01	-1.561528259969677812e-01	1.048874350431706209e-01	-5.422867477929608354e-02	1.000000000000001332e+00	-3.429671025476620505e-01	1.391417546363419577e-01	-9.810414739507856974e-02	9.354313239067635344e-02	-2.162393067022423676e-01	1.642380145746467346e-01	-1.040577310959216462e-01	8.435612753783909568e-02	-5.857587054598730608e-02	1.176737190169183239e-01	-1.074364649193514515e-01	8.644590853094248628e-02	-3.229778203039483653e-02	2.943750420688009961e-02	-6.584175261162462933e-02	5.158228493944835152e-02	-6.409504974216019557e-02	2.000067178713670762e-02	-1.975080357436290526e-02	3.969683803518640752e-02	-5.700876709559958566e-02	3.621971515341934622e-02	-1.579554920658266665e-02	1.871646582315811963e-02	-5.432451684353163668e-02	5.349918622722158595e-02	-2.829833965202665363e-02	1.602045584461233088e-02	-1.771049684109774272e-02
7.367418988021585957e-02	-8.092014470859214270e-02	6.947668103478885082e-02	-8.403833634306923095e-02	1.014211756048758600e-01	-7.210196899746923460e-02	9.636978794583102303e-02	-9.001504302929091983e-02	1.574336863412478804e-01	-9.482721198789338668e-02	2.522328878751430303e-01	-6.739907692150065577e-01	2.624344131610109598e-01	-1.857325315936748655e-01	8.863041236833679726e-02	-3.429671025476620505e-01	1.000000000000003109e+00	-3.068318154658254415e-01	1.701384022922994843e-01	-1.624326871207536216e-01	2.427279086658890861e-01	-3.492965836603012519e-01	1.583914190969739066e-01	-1.437834284254606021e-01	9.796678805291600400e-02	-1.762006925795883139e-01	1.596489074212634196e-01	-1.387874366199027820e-01	5.113005941185267550e-02	-4.720945577818411870e-02	9.408920766504179356e-02	-7.560913729470582212e-02	9.231017893437865052e-02	-3.029231010988767125e-02	3.038388731430233594e-02	-5.716256584235106242e-02	8.201136844111196755e-02	-5.318812019325831753e-02	2.377040937786480124e-02	-2.880704795224585044e-02	7.757048511969272253e-02	-7.858215911984517410e-02	4.138144726206346991e-02	-2.383528672945007740e-02	2.626295913485950789e-02
-5.359439394668735063e-02	6.824579830443584794e-02	-7.137655139998573539e-02	1.134471716066456082e-01	-1.444606272959442772e-01	5.001421293865445511e-02	-8.171798903997615215e-02	8.380129081085638254e-02	-2.444515626101080863e-01	1.285313075046000397e-01	-1.491552693753454284e-01	2.501936495338524247e-01	-6.346651468360817727e-01	2.858937640992183504e-01	-1.322783484147901367e-01	1.391417546363419577e-01	-3.068318154658254415e-01	1.000000000000001332e+00	-4.904177774343835838e-01	2.275283365515675116e-01	-1.566149689431500236e-01	1.413999969188544092e-01	-2.477165555649142037e-01	1.920685189033211893e-01	-1.472083539817206355e-01	1.475465209429926428e-01	-1.390526152943398486e-01	1.549649082981761072e-01	-6.670750440976438989e-02	6.051969427856420530e-02	-9.215068438330145661e-02	7.219628818934824277e-02	-9.248313987289466520e-02	3.378294430893431788e-02	-3.600981838460480533e-02	5.585619081969666472e-02	-8.094008403760892534e-02	5.228871741455994732e-02	-2.631824657856136201e-02	3.349830623510838268e-02	-7.739879138790618784e-02	7.635444808559188612e-02	-4.112084348903019548e-02	2.526083078765717707e-02	-2.791334768598053434e-02
4.095149796630388056e-02	-6.003933268510253107e-02	6.395885138540605142e-02	-1.276724153759519198e-01	1.549690011840248738e-01	-3.857730124194536092e-02	6.721834737518342373e-02	-7.258061782862862410e-02	2.661804897322559427e-01	-1.740157961695069089e-01	9.929737997665667726e-02	-1.657121735502977145e-01	2.789054364168105926e-01	-5.255726361219285048e-01	1.744095371588008925e-01	-9.810414739507856974e-02	1.701384022922994843e-01	-4.904177774343835838e-01	1.000000000000001776e+00	-4.735976170175343336e-01	1.111425586125839304e-01	-1.009333378434492945e-01	1.621003429283421893e-01	-3.323007529327429710e-01	2.262797058687905372e-01	-1.224453284373246825e-01	1.090698384792240655e-01	-1.212097647210442636e-01	8.326538891946475007e-02	-7.813227311337381242e-02	8.142094754808082424e-02	-6.183187068898291644e-02	8.037790132255621944e-02	-3.613111075921635745e-02	4.123182646185201417e-02	-4.938357049743427596e-02	7.140753273254409061e-02	-4.703673415769302896e-02	2.772228551402930105e-02	-3.788436665238632123e-02	6.940388717783216310e-02	-6.799067078398760011e-02	3.733076868951892835e-02	-2.522012740230073630e-02	2.780148597971602090e-02
-4.410112720761255600e-02	6.524545720317942443e-02	-7.276135037183882603e-02	1.506259847353993986e-01	-2.129978112428430048e-01	4.071280187999320316e-02	-7.319738634797744170e-02	7.808143061949009145e-02	-3.358196292525677529e-01	1.884251348975812812e-01	-9.797390960437875329e-02	1.412302690235063829e-01	-2.251577644390282962e-01	2.617335710995786213e-01	-2.374409954398110922e-01	9.354313239067635344e-02	-1.624326871207536216e-01	2.275283365515675116e-01	-4.735976170175343336e-01	1.000000000000004885e+00	-1.194417374744947968e-01	1.024022226241353833e-01	-1.761167593547993404e-01	3.203686693180120004e-01	-5.646303278893877176e-01	1.291662036225697807e-01	-1.216096545660567824e-01	1.226267592627115766e-01	-1.320317199249103068e-01	1.187685791533145130e-01	-9.652103321817159798e-02	7.152723389768445017e-02	-9.517677188769388397e-02	4.799882196602633239e-02	-5.950093342422237142e-02	5.817083402899812794e-02	-8.447860492857826864e-02	5.491696391199520078e-02	-3.689188452564883675e-02	5.211737595300413445e-02	-8.305019278048225706e-02	7.823699513175842724e-02	-4.423071626369290410e-02	3.212687210652021008e-02	-3.563230924149607404e-02
5.148756425166254452e-02	-4.795811792193215017e-02	4.422527769577944134e-02	-6.261243455280336712e-02	7.913343678650459900e-02	-4.933528063984420065e-02	5.468252523575169860e-02	-5.321760197273457671e-02	1.180770020663567677e-01	-6.859178257619187591e-02	1.579666822106222113e-01	-2.159933552925634159e-01	1.414612238714329506e-01	-1.173915349854239981e-01	6.327299625097392022e-02	-2.162393067022423676e-01	2.427279086658890861e-01	-1.566149689431500236e-01	1.111425586125839304e-01	-1.194417374744947968e-01	1.000000000000003109e+00	-7.883441317760552236e-01	1.788979263370563677e-01	-1.130401229069199764e-01	7.621234931417758540e-02	-3.474465030518630315e-01	2.505373957010386676e-01	-1.797635759677556344e-01	4.824638845634497686e-02	-4.383422732626160445e-02	1.322719328280206330e-01	-1.085443107252326705e-01	1.247059834890551361e-01	-3.459490178223765394e-02	3.216144116547528520e-02	-7.991917617956957598e-02	1.115655662440541290e-01	-7.202572799474511733e-02	2.757259922739438429e-02	-3.085748300499414204e-02	1.042533683515423498e-01	-1.077376273645659077e-01	5.533911719045533917e-02	-2.926990429803939114e-02	3.220223392634808529e-02
-4.623378976051833317e-02	4.237393056147476661e-02	-3.954260887187876355e-02	5.553062468070352198e-02	-7.095387206331825458e-02	4.341071772724573036e-02	-4.942821007772899011e-02	4.734405423906550697e-02	-1.070953287406682386e-01	5.950455121637980571e-02	-1.454146794177197111e-01	1.959785797435290855e-01	-1.355889782356657913e-01	1.038029214000771999e-01	-5.577971465201685131e-02	1.642380145746467346e-01	-3.492965836603012519e-01	1.413999969188544092e-01	-1.009333378434492945e-01	1.024022226241353833e-01	-7.883441317760552236e-01	1.000000000000003997e+00	-1.880064772724403255e-01	9.760599394345713387e-02	-6.694556643361329606e-02	2.446094526477445297e-01	-3.354396880105232071e-01	1.719780663140497434e-01	-4.274412239331578517e-02	3.844693009125494526e-02	-1.160063547194834788e-01	1.026042210745481409e-01	-1.172616661569732405e-01	3.022155091623254450e-02	-2.811185311363269962e-02	6.963815986904411948e-02	-1.015639623229810523e-01	6.251498917692854818e-02	-2.411803404415310131e-02	2.685360521368976294e-02	-9.108097142672430535e-02	9.267446905528588241e-02	-4.820109771813468891e-02	2.539805465999894069e-02	-2.800954243211385350e-02
3.981366517265966243e-02	-4.626046779140523951e-02	4.688333086479606199e-02	-8.108802938432373153e-02	1.062561447784330926e-01	-3.758543880652200075e-02	5.189463024953074738e-02	-5.333917271304319807e-02	1.590986069474729370e-01	-9.096760296124910272e-02	9.730467511337771713e-02	-1.429514615509932252e-01	1.695144921128972915e-01	-1.511227919999559299e-01	8.521636972259329090e-02	-1.040577310959216462e-01	1.583914190969739066e-01	-2.477165555649142037e-01	1.621003429283421893e-01	-1.761167593547993404e-01	1.788979263370563677e-01	-1.880064772724403255e-01	1.000000000000004219e+00	-2.094728223023420433e-01	1.293661758909345483e-01	-3.381653358613794791e-01	2.890807968939594907e-01	-7.314759005808891823e-01	8.604075606153864519e-02	-7.828624563983119233e-02	1.661859006820416984e-01	-1.466496421969040453e-01	1.782175827978035032e-01	-5.294893492196862950e-02	5.081831134450989079e-02	-1.032501054789971284e-01	1.490292837212730814e-01	-1.016541880259429487e-01	4.152851045702903032e-02	-4.895920234286876838e-02	1.359607885137090744e-01	-1.505242638334150507e-01	7.738404863272597967e-02	-4.267616612580377167e-02	4.670956691645029857e-02
-3.972948199137620734e-02	5.717659638790762583e-02	-6.353045710734286922e-02	1.294536308598840113e-01	-1.845552286276842813e-01	3.664467476122609119e-02	-6.417399688970414073e-02	6.811426521203992057e-02	-2.872083163380553805e-01	1.332416917507048826e-01	-8.763067190126334893e-02	1.242569128907413667e-01	-1.887690889192340238e-01	2.106821484238920739e-01	-1.434325053077448175e-01	8.435612753783909568e-02	-1.437834284254606021e-01	1.920685189033211893e-01	-3.323007529327429710e-01	3.203686693180120004e-01	-1.130401229069199764e-01	9.760599394345713387e-02	-2.094728223023420433e-01	1.000000000000003331e+00	-7.164421501148325877e-01	1.301749885377614380e-01	-1.237790425835456898e-01	1.348010258556639751e-01	-1.797760274446988382e-01	1.511692249895311424e-01	-9.617966857260218383e-02	7.231930954935064659e-02	-9.620503385131971841e-02	5.481400159459665078e-02	-7.062207009996374074e-02	5.811815798832251079e-02	-8.477674167150818507e-02	5.607778315946562037e-02	-4.172685037708758621e-02	6.144187063809086746e-02	-8.259823620116800436e-02	7.910584133821235708e-02	-4.527550822287662591e-02	3.510114639396209185e-02	-3.880663159940512391e-02
2.679469825851931580e-02	-3.868488075326136089e-02	4.240606573966620996e-02	-8.683074282966542212e-02	1.190462390813117333e-01	-2.488490966994267098e-02	4.306173564742966919e-02	-4.596489052564475125e-02	1.845736835482173210e-01	-1.165325835842773994e-01	5.991851091708710192e-02	-8.766562107409418825e-02	1.316914113786803731e-01	-1.630853537450144553e-01	1.198180041281119712e-01	-5.857587054598730608e-02	9.796678805291600400e-02	-1.472083539817206355e-01	2.262797058687905372e-01	-5.646303278893877176e-01	7.621234931417758540e-02	-6.694556643361329606e-02	1.293661758909345483e-01	-7.164421501148325877e-01	1.000000000000002220e+00	-9.138936314168148722e-02	8.355096349156314328e-02	-9.477371212076933504e-02	1.565774166062169626e-01	-1.814832073674691737e-01	6.541928752033723815e-02	-4.968750108789585229e-02	6.572942015402145899e-02	-4.748526620976338541e-02	6.504156316258380421e-02	-3.976959914095842125e-02	5.817755075440769752e-02	-4.012946851859460623e-02	3.541587310234530633e-02	-5.631626279049817968e-02	5.622920132219876022e-02	-5.574702546798918773e-02	3.250786527696716138e-02	-2.826287403606515813e-02	3.094172249806585034e-02
-4.445613851820413159e-02	4.466071765398807458e-02	-4.516460795537050738e-02	7.570826019013446317e-02	-1.028435074479698841e-01	4.104987206756580825e-02	-5.062044547071559847e-02	5.079407138039884750e-02	-1.502076852914894789e-01	7.552290857509179334e-02	-1.123728719818108540e-01	1.393913529403515983e-01	-1.404931457193864530e-01	1.217275896056585205e-01	-7.121895999447451497e-02	1.176737190169183239e-01	-1.762006925795883139e-01	1.475465209429926428e-01	-1.224453284373246825e-01	1.291662036225697807e-01	-3.474465030518630315e-01	2.446094526477445297e-01	-3.381653358613794791e-01	1.301749885377614380e-01	-9.138936314168148722e-02	1.000000000000003331e+00	-5.942676683634254831e-01	2.699961814707552143e-01	-6.943991600395968411e-02	6.053899811858453467e-02	-3.614112012128998241e-01	2.226282168631760205e-01	-2.678629841817273260e-01	5.843557170142738705e-02	-5.143406182624980089e-02	1.832637462437039511e-01	-2.396157066189112950e-01	1.341146267632368216e-01	-4.767409014058775207e-02	4.901282399861102423e-02	-2.425180110665546840e-01	1.996021006634414729e-01	-1.054153641532600827e-01	5.209381064636810915e-02	-5.798986608148008759e-02
3.743222920846660945e-02	-3.914267806771349473e-02	3.871300513007387006e-02	-6.366701798915516686e-02	8.410044217067018379e-02	-3.526104522882021752e-02	4.409053441203845264e-02	-4.435292976804749293e-02	1.233477619650184265e-01	-6.782418756806513072e-02	9.630008822177267558e-02	-1.336073704882130564e-01	1.225537893313123211e-01	-1.092827519336385667e-01	6.291819953101650265e-02	-1.074364649193514515e-01	1.596489074212634196e-01	-1.390526152943398486e-01	1.090698384792240655e-01	-1.216096545660567824e-01	2.505373957010386676e-01	-3.354396880105232071e-01	2.890807968939594907e-01	-1.237790425835456898e-01	8.355096349156314328e-02	-5.942676683634254831e-01	1.000000000000004219e+00	-4.988397247888697872e-01	6.489003568484147388e-02	-5.794478453931729139e-02	2.095474134323131177e-01	-2.614396433538863640e-01	2.245785837296067622e-01	-5.171720577963170862e-02	4.546297942787306395e-02	-1.299914681268052319e-01	1.905537137248650981e-01	-1.191285151019392530e-01	4.141870712286299661e-02	-4.390214331682756183e-02	1.590547085514127656e-01	-1.771924773586992241e-01	8.973791525093330335e-02	-4.498194355200414718e-02	4.930894158730132065e-02
-3.315284180892057869e-02	3.687141124775047962e-02	-3.763599545548845099e-02	6.441371498471393231e-02	-8.639794434109140941e-02	3.093179774403677709e-02	-4.182069874959160743e-02	4.250158303690593220e-02	-1.293347487821738806e-01	6.753772213316418249e-02	-8.278030266968061657e-02	1.139096788369969165e-01	-1.349033442952843331e-01	1.120696685678603255e-01	-6.448626663142612014e-02	8.644590853094248628e-02	-1.387874366199027820e-01	1.549649082981761072e-01	-1.212097647210442636e-01	1.226267592627115766e-01	-1.797635759677556344e-01	1.719780663140497434e-01	-7.314759005808891823e-01	1.348010258556639751e-01	-9.477371212076933504e-02	2.699961814707552143e-01	-4.988397247888697872e-01	1.000000000000005329e+00	-8.106946835814579644e-02	6.820486315957037526e-02	-1.602069467369932054e-01	1.597987534708772139e-01	-2.128481574837213230e-01	4.758413500825607600e-02	-4.493873333841683776e-02	9.765088950263225986e-02	-1.502393203944375200e-01	9.291291699788012393e-02	-3.757676948626797325e-02	4.294860175188753432e-02	-1.268879215505984148e-01	1.348787297593536660e-01	-7.120157501384297150e-02	3.821102110572778543e-02	-4.207516743140414517e-02
1.449667014941016796e-02	-1.929061844027564476e-02	2.077761158874825292e-02	-4.111925442113459339e-02	5.636155323771321196e-02	-1.349207213612405379e-02	2.135994985642524630e-02	-2.259257687676011900e-02	8.429697181480012846e-02	-4.902175100049136619e-02	3.213847883794510724e-02	-4.513918853281919524e-02	6.083147164142019281e-02	-6.975688146049482952e-02	4.776763428531427547e-02	-3.229778203039483653e-02	5.113005941185267550e-02	-6.670750440976438989e-02	8.326538891946475007e-02	-1.320317199249103068e-01	4.824638845634497686e-02	-4.274412239331578517e-02	8.604075606153864519e-02	-1.797760274446988382e-01	1.565774166062169626e-01	-6.943991600395968411e-02	6.489003568484147388e-02	-8.106946835814579644e-02	1.000000000000004219e+00	-8.887209571780859685e-01	5.660081434525738447e-02	-4.665643286687345959e-02	6.352334381281206366e-02	-1.715813120698195249e-01	2.216608721728980380e-01	-3.583595119203876467e-02	5.608129759968997347e-02	-5.370612370492675036e-02	1.153174259851219158e-01	-2.300630469761550112e-01	5.002450008328748754e-02	-6.191343977210640726e-02	4.621926506128995471e-02	-7.801578266404647632e-02	8.079846454991332361e-02
-1.337531229334365870e-02	1.796396161788548634e-02	-1.948416384142230909e-02	3.876598475988623366e-02	-5.382265347536419053e-02	1.241173459274419813e-02	-1.994734302826058417e-02	2.109168249613361037e-02	-8.070042693947311607e-02	4.451255932196045151e-02	-2.955652149222722652e-02	4.129147795071657495e-02	-5.654193886877337261e-02	6.385776854708435923e-02	-4.436663590871517404e-02	2.943750420688009961e-02	-4.720945577818411870e-02	6.051969427856420530e-02	-7.813227311337381242e-02	1.187685791533145130e-01	-4.383422732626160445e-02	3.844693009125494526e-02	-7.828624563983119233e-02	1.511692249895311424e-01	-1.814832073674691737e-01	6.053899811858453467e-02	-5.794478453931729139e-02	6.820486315957037526e-02	-8.887209571780859685e-01	1.000000000000004885e+00	-5.013396069685784745e-02	4.083748868990247360e-02	-5.601635931417642961e-02	1.375041100799421490e-01	-2.977342180854838372e-01	3.153595530782769829e-02	-4.924064177109964413e-02	4.552356386599956672e-02	-1.016156977159248520e-01	1.879789252595034654e-01	-4.420128650016838523e-02	5.281966439915401074e-02	-3.960392503251626561e-02	6.543252485480785530e-02	-7.129881464458251439e-02
2.695797544943110205e-02	-2.940298038181942547e-02	3.014006172325684255e-02	-5.385086080628549710e-02	7.305109019540861892e-02	-2.520016736301666782e-02	3.254589604085251359e-02	-3.341263199816546514e-02	1.035834746502145021e-01	-5.518649930844887752e-02	6.175997590710900070e-02	-8.046760091573319784e-02	8.494722838252295738e-02	-8.334079594789362000e-02	5.049885354946810623e-02	-6.584175261162462933e-02	9.408920766504179356e-02	-9.215068438330145661e-02	8.142094754808082424e-02	-9.652103321817159798e-02	1.322719328280206330e-01	-1.160063547194834788e-01	1.661859006820416984e-01	-9.617966857260218383e-02	6.541928752033723815e-02	-3.614112012128998241e-01	2.095474134323131177e-01	-1.602069467369932054e-01	5.660081434525738447e-02	-5.013396069685784745e-02	1.000000000000004441e+00	-3.396955577363335865e-01	2.620317439927652425e-01	-6.530407744953541094e-02	5.250544499732789222e-02	-5.657437231806684563e-01	2.909021220578227873e-01	-1.966877513797994359e-01	5.375315765071995988e-02	-5.163538646885842270e-02	3.182377815608436467e-01	-3.194336877298405986e-01	1.451604145427504156e-01	-6.558515622518157340e-02	7.092737949658409202e-02
-2.030738207854657085e-02	2.193820835250645182e-02	-2.232957442793176775e-02	3.909674874097052166e-02	-5.276872569428633225e-02	1.899336884609087450e-02	-2.444112374031291030e-02	2.495213973949769737e-02	-7.573489949018034906e-02	4.042806126358986646e-02	-4.814597714957603858e-02	6.361821683069918132e-02	-6.582392491384347899e-02	6.232702474229594863e-02	-3.728777663014456317e-02	5.158228493944835152e-02	-7.560913729470582212e-02	7.219628818934824277e-02	-6.183187068898291644e-02	7.152723389768445017e-02	-1.085443107252326705e-01	1.026042210745481409e-01	-1.466496421969040453e-01	7.231930954935064659e-02	-4.968750108789585229e-02	2.226282168631760205e-01	-2.614396433538863640e-01	1.597987534708772139e-01	-4.665643286687345959e-02	4.083748868990247360e-02	-3.396955577363335865e-01	1.000000000000003553e+00	-6.859209883614955094e-01	6.337424465062196921e-02	-4.704625779321380818e-02	1.960909829373648772e-01	-5.075398054885410515e-01	1.794903555983296817e-01	-5.201793656893041740e-02	4.500797794835014604e-02	-1.992992008206473376e-01	2.549927735799956685e-01	-1.327143563736820631e-01	5.741595346654609217e-02	-6.297833364453668537e-02
2.584509249039563389e-02	-2.836286689174666309e-02	2.898934680327387020e-02	-5.149155258651377798e-02	6.952746708035247025e-02	-2.420998255567925403e-02	3.144678113078398091e-02	-3.226719461437006775e-02	9.925995674215774833e-02	-5.351250423974287379e-02	5.983808309216304133e-02	-7.936430085842401116e-02	8.375087819815980883e-02	-8.142659279461608723e-02	4.909839734005597839e-02	-6.409504974216019557e-02	9.231017893437865052e-02	-9.248313987289466520e-02	8.037790132255621944e-02	-9.517677188769388397e-02	1.247059834890551361e-01	-1.172616661569732405e-01	1.782175827978035032e-01	-9.620503385131971841e-02	6.572942015402145899e-02	-2.678629841817273260e-01	2.245785837296067622e-01	-2.128481574837213230e-01	6.352334381281206366e-02	-5.601635931417642961e-02	2.620317439927652425e-01	-6.859209883614955094e-01	1.000000000000004219e+00	-9.810212548010105449e-02	6.685768534976865851e-02	-1.899473091875789332e-01	3.108728266242816729e-01	-2.648108697080773233e-01	7.515478326858310298e-02	-6.434750845695051680e-02	2.100943636745136456e-01	-3.462430639110842256e-01	1.749401165975116301e-01	-8.012269772851751681e-02	8.639994325221711513e-02
-8.797875654977561910e-03	1.065453286097447355e-02	-1.130089523194933998e-02	2.151715659606669509e-02	-2.979430887807887895e-02	8.175255702872965755e-03	-1.180343215810542024e-02	1.231675589669152700e-02	-4.322471135507165857e-02	2.282116546810247087e-02	-1.950516432788961321e-02	2.608572540737440562e-02	-3.162459851296912233e-02	3.344245494070702263e-02	-2.175040004118344167e-02	2.000067178713670762e-02	-3.029231010988767125e-02	3.378294430893431788e-02	-3.613111075921635745e-02	4.799882196602633239e-02	-3.459490178223765394e-02	3.022155091623254450e-02	-5.294893492196862950e-02	5.481400159459665078e-02	-4.748526620976338541e-02	5.843557170142738705e-02	-5.171720577963170862e-02	4.758413500825607600e-02	-1.715813120698195249e-01	1.375041100799421490e-01	-6.530407744953541094e-02	6.337424465062196921e-02	-9.810212548010105449e-02	1.000000000000003775e+00	-4.271665286783204452e-01	4.378363004092793859e-02	-7.642387664944344516e-02	9.613951735664511000e-02	-7.682433988315435780e-01	2.988881577477492946e-01	-5.980971942376455547e-02	9.103215881616638638e-02	-9.390267212637348759e-02	2.191863410288785730e-01	-2.713927456000148064e-01
