1.000000000000000000e+00	-6.832559559339377309e-01	1.682647106744309673e-01	-1.265883942451041522e-01	7.155192587253461634e-02	-5.116901774503490596e-01	2.822811827624898129e-01	-1.985393204321766469e-01	1.472707369964726121e-01	-6.135546432501227249e-02	2.650129404826567781e-01	-2.649617956698258059e-01	1.259893159245960015e-01	-1.477493913531016112e-01	7.388349140181493802e-02	-2.165504785587670511e-01	1.536305880999648543e-01	-1.505125273735787583e-01	1.458479927732227732e-01	-7.701543684316777827e-02	1.180282371408148262e-01	-1.047886477492288582e-01	1.265736123060436924e-01	-9.903503798619936460e-02	1.334078705475270354e-01	-1.229149708707389238e-01	7.627027984424768203e-02	-8.586387586923767412e-02	1.137288544371690413e-01	-8.623845718966201279e-02	9.148356811905937469e-02	-7.751878436033826647e-02	8.671576774462322335e-02	-8.557581590823724882e-02	9.003275330240732843e-02	-4.962843997572401189e-02	5.144818189360729488e-02	-5.548930389700617444e-02	6.451015219149455748e-02	-5.836959751754890874e-02	5.501792098397116637e-02	-4.823603118274821799e-02	5.940794743976315906e-02	-6.410075338954687729e-02	7.307927471976644052e-02
-6.832559559339377309e-01	1.000000000000000000e+00	-2.740056463033563317e-01	1.611323786644551226e-01	-9.066930464024182401e-02	2.897252486037063535e-01	-3.500752996740787437e-01	2.154907940690753698e-01	-2.052318358090391981e-01	7.485202311101508965e-02	-3.452552182114630441e-01	2.449917316095994169e-01	-1.445642624630213147e-01	1.584759868303482200e-01	-8.887905293559786313e-02	2.131039501348719334e-01	-1.703954158201536895e-01	1.564064135824791979e-01	-1.777693176113260831e-01	9.017067106762126361e-02	-1.342141053206765966e-01	1.157375716621063810e-01	-1.472490420853054538e-01	1.165677376311954894e-01	-1.647131747499221421e-01	1.342541289522323211e-01	-8.809725924360271854e-02	9.713085178991631707e-02	-1.369176646737670089e-01	1.031619049828204071e-01	-1.069962378050021562e-01	8.949139702353507697e-02	-1.029150114489940787e-01	1.008096686195913694e-01	-1.090706115046048141e-01	5.797116677185445294e-02	-6.052628504865088105e-02	6.543937912550759628e-02	-7.669543708915585456e-02	6.986023483885250851e-02	-6.494304009770972275e-02	5.652508446118729990e-02	-7.049086715672252257e-02	7.544614940140917381e-02	-8.824998364979547150e-02
1.682647106744309673e-01	-2.740056463033563317e-01	1.000000000000000000e+00	-6.182398709753413879e-01	1.158592827485766807e-01	-1.116492421534793777e-01	1.183878883575154445e-01	-5.847678621308757263e-01	3.232316939821905377e-01	-1.048733205344952041e-01	1.334503211010719947e-01	-1.136178160328433634e-01	1.991879072691127850e-01	-2.355096320412042310e-01	9.003679970328749838e-02	-1.199663224292207564e-01	1.034591052336017308e-01	-1.102995330615216818e-01	1.017826879630617937e-01	-9.562055516869891192e-02	7.473885319731136956e-02	-6.812123901706784723e-02	8.581008506026678584e-02	-6.882173731440816011e-02	1.025132813656095959e-01	-7.852997379698777036e-02	5.015645050479377448e-02	-5.693713500872629035e-02	7.757208210710554719e-02	-6.480389100416410197e-02	5.972079447213243103e-02	-5.136324762150349527e-02	5.806081375834468844e-02	-5.851785001130911656e-02	6.332285696362055516e-02	-3.283566097327728778e-02	3.419392914735462641e-02	-3.741690508345135724e-02	4.373824011716243021e-02	-4.077944443612954023e-02	3.632125811639437540e-02	-3.217232871523666854e-02	3.989689161005014612e-02	-4.372172996877874557e-02	5.023716175377491988e-02
-1.265883942451041522e-01	1.611323786644551226e-01	-6.182398709753413879e-01	1.000000000000000000e+00	-1.644185442800311370e-01	8.080762761233534208e-02	-8.460417531100844490e-02	2.906003927437182943e-01	-6.711373245612095584e-01	1.258807106974036971e-01	-1.035457995362838446e-01	8.457955569522870864e-02	-1.574476913013990731e-01	1.791918313228769155e-01	-8.752356948146980398e-02	9.547712370513956881e-02	-8.193560626742235620e-02	8.569007265816544483e-02	-8.343299358797277854e-02	9.095143085689029461e-02	-6.037139950186642956e-02	5.471113557804714589e-02	-6.942452198704418542e-02	5.638417419558414134e-02	-8.915840566005078793e-02	6.386383937800013677e-02	-4.112452003810311563e-02	4.672476624570766346e-02	-6.401861184213100686e-02	5.538955959443692817e-02	-4.895529268525945082e-02	4.222553733513693258e-02	-4.792501327660444316e-02	4.846377472558207472e-02	-5.330703689374199916e-02	2.703647216022272981e-02	-2.820138830742310171e-02	3.097819027089944097e-02	-3.629943334878954486e-02	3.419301614334485651e-02	-2.991434934763706130e-02	2.655526875620600746e-02	-3.303018324875699185e-02	3.632204676327929760e-02	-4.201139543500269358e-02
7.155192587253461634e-02	-9.066930464024182401e-02	1.158592827485766807e-01	-1.644185442800311370e-01	1.000000000000000222e+00	-5.079595732238813277e-02	5.002765960297136938e-02	-1.165784645312561985e-01	1.465355708485473751e-01	-8.770207446088825742e-01	7.119338680139650211e-02	-5.875690584986774379e-02	8.989645064941265140e-02	-1.168904457904281213e-01	2.420158845993701513e-01	-9.223881000074381220e-02	6.053017450418419348e-02	-6.457075919901905658e-02	7.934519218900451532e-02	-2.847523089139678554e-01	5.614974859873255592e-02	-4.990099758344284514e-02	6.166950845120105357e-02	-5.777217486586073980e-02	1.324376254096084893e-01	-6.711810062524291298e-02	4.373974429349575255e-02	-5.153570659905163526e-02	6.757299827020563088e-02	-8.228006157942967247e-02	5.123013824035693026e-02	-4.616541381350354467e-02	5.224642773388813582e-02	-5.523453664995101736e-02	6.607951237085550600e-02	-2.958076879783263710e-02	3.100008971366386215e-02	-3.515460870393494197e-02	4.148771735775071828e-02	-4.245212135187198532e-02	3.235043694906212380e-02	-2.960440344374387286e-02	3.707894503991478186e-02	-4.272247673365800469e-02	4.960459787618053812e-02
-5.116901774503490596e-01	2.897252486037063535e-01	-1.116492421534793777e-01	8.080762761233534208e-02	-5.079595732238813277e-02	1.000000000000000444e+00	-6.675045302102596834e-01	1.349361595386445734e-01	-1.064290972109348254e-01	4.275880246295708786e-02	-3.895052545052022919e-01	2.874338994763185329e-01	-9.706776948642251157e-02	1.043197173924458737e-01	-5.394227835741877836e-02	1.722325455643311243e-01	-1.545996603982709716e-01	1.320413684060720849e-01	-1.218199855101636253e-01	5.537626543731589968e-02	-9.979374538539180495e-02	8.851995881772466157e-02	-1.091397449400254432e-01	8.132609402482603167e-02	-1.022355379558029798e-01	9.619372185003598197e-02	-6.040037685271378021e-02	6.705682182714851891e-02	-9.200223519842502806e-02	6.662582160416670451e-02	-7.286946701393748338e-02	6.100675967518207066e-02	-6.869828564183581843e-02	6.761161697118611702e-02	-6.993439913626799120e-02	3.899777703938239748e-02	-4.043989074130879824e-02	4.347190160462972158e-02	-5.050598205847300903e-02	4.529451818956583414e-02	-4.333399229748898657e-02	3.778699192314347033e-02	-4.653525682018812282e-02	4.992507344953710235e-02	-5.670320879122306423e-02
2.822811827624898129e-01	-3.500752996740787437e-01	1.183878883575154445e-01	-8.460417531100844490e-02	5.002765960297136938e-02	-6.675045302102596834e-01	9.999999999999996669e-01	-1.592722275548011934e-01	1.093731561931203522e-01	-4.242616438499414305e-02	2.915249362130365451e-01	-5.317671024392259804e-01	1.032081789726839588e-01	-1.099466198795893412e-01	5.291507233491998807e-02	-1.662071110218391323e-01	1.681917325623665249e-01	-1.502260820207289016e-01	1.157998643740512784e-01	-5.444646239337191940e-02	9.542564715582403656e-02	-8.891152634783729136e-02	1.065413066062762537e-01	-7.857122354059975500e-02	9.645516113890988119e-02	-9.279491942060584531e-02	5.739984671296453900e-02	-6.413705816286247030e-02	8.704754639986306275e-02	-6.325223039350655330e-02	6.889483836525503446e-02	-5.799710908212762916e-02	6.488133747115473748e-02	-6.423813782608848999e-02	6.589532861947514086e-02	-3.689948915115777439e-02	3.820675845800416970e-02	-4.110995858123384084e-02	4.768259014790045269e-02	-4.276515425791756198e-02	4.086441419193856395e-02	-3.574294292719714522e-02	4.390071013121008003e-02	-4.726399950994962518e-02	5.334268122020825731e-02
-1.985393204321766469e-01	2.154907940690753698e-01	-5.847678621308757263e-01	2.906003927437182943e-01	-1.165784645312561985e-01	1.349361595386445734e-01	-1.592722275548011934e-01	1.000000000000000888e+00	-4.812655516713903459e-01	9.910636705516320810e-02	-1.730076820244909053e-01	1.426660596737563680e-01	-4.244150854939848228e-01	2.793240957680971914e-01	-1.051551833789949875e-01	1.478733687075297343e-01	-1.485636169589370226e-01	1.535044060421644208e-01	-1.354967824789053699e-01	1.043336950534037993e-01	-9.716424123686924486e-02	8.928853221046621769e-02	-1.157626931416822075e-01	8.977864020401027378e-02	-1.292149414894699921e-01	9.877830284240451952e-02	-6.370565791952795265e-02	7.172267811346282051e-02	-1.004884824780770264e-01	8.045598094425851499e-02	-7.603773486696678574e-02	6.500946082774974877e-02	-7.400888388207070567e-02	7.438952569720629071e-02	-8.020297634582407298e-02	4.155877339536628162e-02	-4.333135461641422770e-02	4.735239185663305678e-02	-5.542915799331899623e-02	5.138037935564662012e-02	-4.607870009067538408e-02	4.067427926095072699e-02	-5.055329275593033883e-02	5.510847827942516597e-02	-6.364544134211681803e-02
1.472707369964726121e-01	-2.052318358090391981e-01	3.232316939821905377e-01	-6.711373245612095584e-01	1.465355708485473751e-01	-1.064290972109348254e-01	1.093731561931203522e-01	-4.812655516713903459e-01	1.000000000000000888e+00	-1.442867419207850832e-01	1.322619809132662694e-01	-1.146888477693669139e-01	2.245552063761889483e-01	-3.278346421748100648e-01	1.140523894553680251e-01	-1.327603620750226476e-01	1.118662526921047479e-01	-1.216319385211874632e-01	1.122836253006769119e-01	-1.221834080348686430e-01	8.195836831629285668e-02	-7.509476852550621417e-02	9.414562437700355058e-02	-7.657850667080784435e-02	1.171424867657874236e-01	-8.781702280382477910e-02	5.581947698980292000e-02	-6.384928119083324582e-02	8.595722739813288493e-02	-7.430800841898101139e-02	6.617120648835440877e-02	-5.732827301984472212e-02	6.454422548137903060e-02	-6.547319856225811141e-02	7.110681363163739999e-02	-3.657816496234782971e-02	3.807486274330188630e-02	-4.180091877433386727e-02	4.884450993148337083e-02	-4.587773927667134627e-02	4.034745236597696988e-02	-3.590085603841670914e-02	4.447646255285469391e-02	-4.904543408776562696e-02	5.616112929974243634e-02
-6.135546432501227249e-02	7.485202311101508965e-02	-1.048733205344952041e-01	1.258807106974036971e-01	-8.770207446088825742e-01	4.275880246295708786e-02	-4.242616438499414305e-02	9.910636705516320810e-02	-1.442867419207850832e-01	1.000000000000001554e+00	-6.050768134875759291e-02	4.934440975466203305e-02	-8.305995057530708714e-02	1.037444472005162183e-01	-3.467702607106962209e-01	7.508698001751988593e-02	-5.198658587768410083e-02	5.499105479697214555e-02	-6.754070863094506494e-02	2.287168786199130222e-01	-4.673953596123423676e-02	4.168719375131309940e-02	-5.209863730936456494e-02	4.867207432277790430e-02	-1.205946490215463879e-01	5.495860404021411100e-02	-3.612474247812456213e-02	4.229434133438511600e-02	-5.690779795714488026e-02	6.809258605382811913e-02	-4.242323098423581712e-02	3.809227344751421607e-02	-4.353697528649305704e-02	4.592352788413889275e-02	-5.626537655478682648e-02	2.442667120354964291e-02	-2.566625313287245608e-02	2.914053610822756393e-02	-3.455665375120031690e-02	3.545474892431636077e-02	-2.678016581884618691e-02	2.445451317518073861e-02	-3.081059438465286876e-02	3.532894159998067884e-02	-4.187790669571936353e-02
2.650129404826567781e-01	-3.452552182114630441e-01	1.334503211010719947e-01	-1.035457995362838446e-01	7.119338680139650211e-02	-3.895052545052022919e-01	2.915249362130365451e-01	-1.730076820244909053e-01	1.322619809132662694e-01	-6.050768134875759291e-02	1.000000000000000666e+00	-5.954756537603421718e-01	1.382913621624107525e-01	-1.579902153240977380e-01	7.931912921950592943e-02	-4.094584304032939936e-01	2.367370330624274932e-01	-2.336202309028678203e-01	1.868019172162920516e-01	-8.245170254952313704e-02	1.717316796207199459e-01	-1.533819155138468060e-01	1.755906773210489380e-01	-1.297445039838920344e-01	1.551474676237563632e-01	-1.666029078841113342e-01	9.877577115176736089e-02	-1.109892276917505693e-01	1.439362681531402843e-01	-1.038483336802097645e-01	1.184544190166238326e-01	-9.964789818845469493e-02	1.093984913985309587e-01	-1.079390792178244185e-01	1.086802004269130650e-01	-6.304591644752198520e-02	6.492775793120618422e-02	-6.941928124183677218e-02	8.003321405138955069e-02	-7.107330406960171709e-02	6.948377360379454082e-02	-6.077764646058458897e-02	7.398080008428516152e-02	-7.963138461584665095e-02	8.848278689782283768e-02
-2.649617956698258059e-01	2.449917316095994169e-01	-1.136178160328433634e-01	8.457955569522870864e-02	-5.875690584986774379e-02	2.874338994763185329e-01	-5.317671024392259804e-01	1.426660596737563680e-01	-1.146888477693669139e-01	4.934440975466203305e-02	-5.954756537603421718e-01	1.000000000000001554e+00	-1.270489252150831527e-01	1.298568542791490865e-01	-6.537037135989590131e-02	2.287176952188816614e-01	-3.632682159412579104e-01	2.221857239406311024e-01	-1.661511378926764093e-01	6.688478457919416753e-02	-1.395136542310326244e-01	1.302411833403376573e-01	-1.591027221932518609e-01	1.110434447494767912e-01	-1.270181776476603519e-01	1.271669348584109904e-01	-7.885213756107624372e-02	8.736537620830991946e-02	-1.211891701159236168e-01	8.441286694020606884e-02	-9.485177016937783312e-02	7.922655979128480352e-02	-8.875261011933677224e-02	8.777811147553710169e-02	-8.831223598540609288e-02	5.024052540637641284e-02	-5.197710272327367431e-02	5.575573346179628353e-02	-6.455507897527754113e-02	5.737809259682202095e-02	-5.564888247059703724e-02	4.851893218875871772e-02	-5.947216294485437038e-02	6.380442556636781171e-02	-7.147717049647826781e-02
1.259893159245960015e-01	-1.445642624630213147e-01	1.991879072691127850e-01	-1.574476913013990731e-01	8.989645064941265140e-02	-9.706776948642251157e-02	1.032081789726839588e-01	-4.244150854939848228e-01	2.245552063761889483e-01	-8.305995057530708714e-02	1.382913621624107525e-01	-1.270489252150831527e-01	1.000000000000003331e+00	-7.748065690937039340e-01	1.234913567365303888e-01	-1.424892335158015610e-01	1.787021838642348648e-01	-2.661769253652156997e-01	1.342187047349156226e-01	-1.233960079329542575e-01	9.471895401709110041e-02	-9.493685111509965469e-02	1.225126202856258589e-01	-9.129457073043542592e-02	1.173876797277031009e-01	-9.556757881343309891e-02	5.972040287548711218e-02	-6.827223983009912678e-02	9.433417799986335006e-02	-7.569219555001867328e-02	7.035695319691789851e-02	-6.092085001614654105e-02	6.820427481687058036e-02	-6.994757075150050130e-02	7.256559815827419435e-02	-3.835067320249439804e-02	3.980841361024922004e-02	-4.361310643668377118e-02	5.073438033310128520e-02	-4.693306115618535446e-02	4.211005594755613812e-02	-3.747258049862538243e-02	4.615265550803918093e-02	-5.085450351856955764e-02	5.716583248375189941e-02
-1.477493913531016112e-01	1.584759868303482200e-01	-2.355096320412042310e-01	1.791918313228769155e-01	-1.168904457904281213e-01	1.043197173924458737e-01	-1.099466198795893412e-01	2.793240957680971914e-01	-3.278346421748100648e-01	1.037444472005162183e-01	-1.579902153240977380e-01	1.298568542791490865e-01	-7.748065690937039340e-01	1.000000000000001554e+00	-1.846975662654250783e-01	1.538901029819937927e-01	-1.863531469571536037e-01	1.962092212790455814e-01	-1.607100490857917841e-01	1.480633712415221070e-01	-1.062393129831053079e-01	1.012356392305330671e-01	-1.348036537073321328e-01	1.035441562187734282e-01	-1.467949301585480815e-01	1.065954167056912816e-01	-6.849050036370034344e-02	7.769196616867692085e-02	-1.107331318997019226e-01	9.002467307075637248e-02	-8.106848704409812256e-02	6.996550583593004469e-02	-7.951020915736914385e-02	8.122953390556314490e-02	-8.682030120335444690e-02	4.432006938435316401e-02	-4.619664661866745153e-02	5.078526835269154410e-02	-5.941856936579063136e-02	5.549099762818731491e-02	-4.888146175980680186e-02	4.343389469871965225e-02	-5.391037097653674642e-02	5.928574154050321454e-02	-6.793906020924961320e-02
7.388349140181493802e-02	-8.887905293559786313e-02	9.003679970328749838e-02	-8.752356948146980398e-02	2.420158845993701513e-01	-5.394227835741877836e-02	5.291507233491998807e-02	-1.051551833789949875e-01	1.140523894553680251e-01	-3.467702607106962209e-01	7.931912921950592943e-02	-6.537037135989590131e-02	1.234913567365303888e-01	-1.846975662654250783e-01	9.999999999999984457e-01	-1.089996774718233891e-01	7.282681938891219509e-02	-7.850815698541729892e-02	9.810488187823826478e-02	-8.306430257710343268e-01	6.726114293222625051e-02	-6.035101403112019119e-02	7.475268982965498077e-02	-7.334876621015168352e-02	1.948390981447877257e-01	-8.164861183444128978e-02	5.353381212146150064e-02	-6.363046846387032662e-02	8.421233622670261376e-02	-1.177526284757244301e-01	6.235837884882147047e-02	-5.696896520947801468e-02	6.461414086040183358e-02	-6.986349139914019291e-02	8.583518245216800735e-02	-3.636020980703848909e-02	3.817517540511028429e-02	-4.381130276683462693e-02	5.186364879372448028e-02	-5.488998773912168172e-02	3.959437445807686279e-02	-3.657141989094374324e-02	4.594445489171468389e-02	-5.378001478083361403e-02	6.254925258666750587e-02
-2.165504785587670511e-01	2.131039501348719334e-01	-1.199663224292207564e-01	9.547712370513956881e-02	-9.223881000074381220e-02	1.722325455643311243e-01	-1.662071110218391323e-01	1.478733687075297343e-01	-1.327603620750226476e-01	7.508698001751988593e-02	-4.094584304032939936e-01	2.287176952188816614e-01	-1.424892335158015610e-01	1.538901029819937927e-01	-1.089996774718233891e-01	9.999999999999997780e-01	-2.900400276199083804e-01	2.357344400431593545e-01	-3.413540726238589174e-01	1.108768093551208839e-01	-4.461736971799913909e-01	2.593168393470083877e-01	-3.307181975574230437e-01	2.246066290073337468e-01	-2.652671418682352455e-01	2.755284518404441663e-01	-1.782008079498409447e-01	1.841240530308181356e-01	-2.640109363343127180e-01	1.763287429722957544e-01	-2.268081868193658757e-01	1.761330588709863476e-01	-2.010651820989054761e-01	1.893272708981377506e-01	-1.924336251167070022e-01	1.143915215003963037e-01	-1.184221972863673117e-01	1.238850891887291888e-01	-1.433347825784406226e-01	1.247227126146855103e-01	-1.292497394516234077e-01	1.090417433049996748e-01	-1.339276987908250283e-01	1.390622306917635165e-01	-1.578747396329337749e-01
1.536305880999648543e-01	-1.703954158201536895e-01	1.034591052336017308e-01	-8.193560626742235620e-02	6.053017450418419348e-02	-1.545996603982709716e-01	1.681917325623665249e-01	-1.485636169589370226e-01	1.118662526921047479e-01	-5.198658587768410083e-02	2.367370330624274932e-01	-3.632682159412579104e-01	1.787021838642348648e-01	-1.863531469571536037e-01	7.282681938891219509e-02	-2.900400276199083804e-01	1.000000000000000222e+00	-7.521289904861130360e-01	2.003246450317500149e-01	-7.535880720803149468e-02	1.787479240074587861e-01	-2.357711993764305958e-01	2.320318804771402676e-01	-1.477630994998077318e-01	1.333975142477012987e-01	-1.607407452914074719e-01	9.224423225976016716e-02	-1.047587676137456542e-01	1.395635998805607736e-01	-9.396308197404722173e-02	1.080261737655574955e-01	-9.221518256216508502e-02	9.974181341367124864e-02	-1.018979682465676884e-01	9.546247463017884516e-02	-5.681946814808110785e-02	5.825858744576661169e-02	-6.257110752836778089e-02	7.164295286489132109e-02	-6.291717261951881857e-02	6.183905089676407230e-02	-5.459616614360210396e-02	6.582501940449070332e-02	-7.161594520572073241e-02	7.686832236347354574e-02
-1.505125273735787583e-01	1.564064135824791979e-01	-1.102995330615216818e-01	8.569007265816544483e-02	-6.457075919901905658e-02	1.320413684060720849e-01	-1.502260820207289016e-01	1.535044060421644208e-01	-1.216319385211874632e-01	5.499105479697214555e-02	-2.336202309028678203e-01	2.221857239406311024e-01	-2.661769253652156997e-01	1.962092212790455814e-01	-7.850815698541729892e-02	2.357344400431593545e-01	-7.521289904861130360e-01	1.000000000000000000e+00	-2.675895591432225218e-01	7.974844630766834974e-02	-1.825887803233536832e-01	2.069331923378195381e-01	-3.249466401073370925e-01	1.702548495553191377e-01	-1.424892323075730993e-01	1.584876427571203505e-01	-9.555618123054364366e-02	1.079682870581598619e-01	-1.570845055814854840e-01	9.992694842018894075e-02	-1.117479837509496865e-01	9.546492696296413061e-02	-1.055553774479509183e-01	1.087124709708592318e-01	-1.011755844717474040e-01	5.881192004331651374e-02	-6.060978881638005855e-02	6.552445010861748798e-02	-7.537451303452406826e-02	6.623405350894800980e-02	-6.421538244692749642e-02	5.671844683654953673e-02	-6.886998713364797520e-02	7.491958303700033128e-02	-8.080882295063424037e-02
1.458479927732227732e-01	-1.777693176113260831e-01	1.017826879630617937e-01	-8.343299358797277854e-02	7.934519218900451532e-02	-1.218199855101636253e-01	1.157998643740512784e-01	-1.354967824789053699e-01	1.122836253006769119e-01	-6.754070863094506494e-02	1.868019172162920516e-01	-1.661511378926764093e-01	1.342187047349156226e-01	-1.607100490857917841e-01	9.810488187823826478e-02	-3.413540726238589174e-01	2.003246450317500149e-01	-2.675895591432225218e-01	9.999999999999998890e-01	-1.081284817161935613e-01	2.103195704706235514e-01	-2.254339797327831740e-01	2.670001100168011843e-01	-6.242236633139207624e-01	2.245971777358203858e-01	-2.629682592960665977e-01	1.657599294442619053e-01	-2.132640705929143010e-01	3.022416549102228123e-01	-1.881257696372461985e-01	1.811689880777877237e-01	-1.751191067950220448e-01	1.877383749005671343e-01	-2.272359621932312779e-01	1.753648246271702626e-01	-1.023138953948281860e-01	1.055356793366115931e-01	-1.195555381238002923e-01	1.358519358807164790e-01	-1.189570940586443387e-01	1.083307064992058005e-01	-1.010083446005841795e-01	1.211894396144989616e-01	-1.400927672346745090e-01	1.381179578478373970e-01
-7.701543684316777827e-02	9.017067106762126361e-02	-9.562055516869891192e-02	9.095143085689029461e-02	-2.847523089139678554e-01	5.537626543731589968e-02	-5.444646239337191940e-02	1.043336950534037993e-01	-1.221834080348686430e-01	2.287168786199130222e-01	-8.245170254952313704e-02	6.688478457919416753e-02	-1.233960079329542575e-01	1.480633712415221070e-01	-8.306430257710343268e-01	1.108768093551208839e-01	-7.535880720803149468e-02	7.974844630766834974e-02	-1.081284817161935613e-01	9.999999999999984457e-01	-7.022318582041420232e-02	6.304201737034113850e-02	-7.916750149727011521e-02	8.006014048075708878e-02	-3.022454922650760767e-01	8.458852081562685810e-02	-5.639507952974954358e-02	6.661987727934876036e-02	-9.226585353253566324e-02	1.299899238092050158e-01	-6.584103724778749001e-02	6.014312498245043270e-02	-6.950236873805859528e-02	7.527274787417881363e-02	-9.887916138361470264e-02	3.843142217049591580e-02	-4.057039248013338817e-02	4.686582740047544327e-02	-5.606595096553718127e-02	6.027775983130808507e-02	-4.196398963245208391e-02	3.877169263393174387e-02	-4.928521384910160286e-02	5.751532252040962578e-02	-6.978955040451795266e-02
1.180282371408148262e-01	-1.342141053206765966e-01	7.473885319731136956e-02	-6.037139950186642956e-02	5.614974859873255592e-02	-9.979374538539180495e-02	9.542564715582403656e-02	-9.716424123686924486e-02	8.195836831629285668e-02	-4.673953596123423676e-02	1.717316796207199459e-01	-1.395136542310326244e-01	9.471895401709110041e-02	-1.062393129831053079e-01	6.726114293222625051e-02	-4.461736971799913909e-01	1.787479240074587861e-01	-1.825887803233536832e-01	2.103195704706235514e-01	-7.022318582041420232e-02	9.999999999999991118e-01	-5.860511886908703616e-01	2.918242701242108605e-01	-1.767358270756700100e-01	1.598008695745228858e-01	-4.981434697987977001e-01	1.585805682836320119e-01	-1.689303260388000660e-01	1.813293428012081321e-01	-1.185062549896550438e-01	1.967753339610090468e-01	-1.552008509030934902e-01	1.479085074356992491e-01	-1.419908962052825185e-01	1.245608331073896624e-01	-9.161525024123129413e-02	9.004839844454191888e-02	-9.094615898501924589e-02	1.006547181399595065e-01	-8.387149618513964344e-02	9.637579927031350580e-02	-8.321595176651298831e-02	9.499793263189215686e-02	-1.005240027813916748e-01	1.021745997173340859e-01
-1.047886477492288582e-01	1.157375716621063810e-01	-6.812123901706784723e-02	5.471113557804714589e-02	-4.990099758344284514e-02	8.851995881772466157e-02	-8.891152634783729136e-02	8.928853221046621769e-02	-7.509476852550621417e-02	4.168719375131309940e-02	-1.533819155138468060e-01	1.302411833403376573e-01	-9.493685111509965469e-02	1.012356392305330671e-01	-6.035101403112019119e-02	2.593168393470083877e-01	-2.357711993764305958e-01	2.069331923378195381e-01	-2.254339797327831740e-01	6.304201737034113850e-02	-5.860511886908703616e-01	1.000000000000000222e+00	-6.421617747326427983e-01	1.977338833428160247e-01	-1.414225107011791993e-01	2.416069654858578886e-01	-1.310888514499752022e-01	1.352156812393759677e-01	-1.837229658978299929e-01	1.051172081563899741e-01	-1.488614845811321308e-01	1.197475027327315200e-01	-1.250409693377992904e-01	1.242631016457970972e-01	-1.083493959393806716e-01	7.156714655704063399e-02	-7.234372113096194934e-02	7.545161550506401804e-02	-8.513714003507724670e-02	7.182047689828664760e-02	-7.710549517220233184e-02	6.689504251545171087e-02	-7.884942803042703507e-02	8.414543085645602438e-02	-8.712251196964357347e-02
1.265736123060436924e-01	-1.472490420853054538e-01	8.581008506026678584e-02	-6.942452198704418542e-02	6.166950845120105357e-02	-1.091397449400254432e-01	1.065413066062762537e-01	-1.157626931416822075e-01	9.414562437700355058e-02	-5.209863730936456494e-02	1.755906773210489380e-01	-1.591027221932518609e-01	1.225126202856258589e-01	-1.348036537073321328e-01	7.475268982965498077e-02	-3.307181975574230437e-01	2.320318804771402676e-01	-3.249466401073370925e-01	2.670001100168011843e-01	-7.916750149727011521e-02	2.918242701242108605e-01	-6.421617747326427983e-01	1.000000000000000000e+00	-3.614916670284366584e-01	1.702463584643131023e-01	-2.770609163657537510e-01	1.423877943611055463e-01	-1.673166527974640772e-01	2.236822504606948148e-01	-1.320453029497598851e-01	1.597846163881564419e-01	-1.406611591878170475e-01	1.459466419334523035e-01	-1.572901384864117680e-01	1.305718740603909467e-01	-8.281584179484836883e-02	8.394472557083054731e-02	-9.030246375485143084e-02	1.019832634690983481e-01	-8.736970501926888399e-02	8.798766698958103427e-02	-7.885226387663382686e-02	9.314200429130364833e-02	-1.026602157728048748e-01	1.042320419106041174e-01
-9.903503798619936460e-02	1.165677376311954894e-01	-6.882173731440816011e-02	5.638417419558414134e-02	-5.777217486586073980e-02	8.132609402482603167e-02	-7.857122354059975500e-02	8.977864020401027378e-02	-7.657850667080784435e-02	4.867207432277790430e-02	-1.297445039838920344e-01	1.110434447494767912e-01	-9.129457073043542592e-02	1.035441562187734282e-01	-7.334876621015168352e-02	2.246066290073337468e-01	-1.477630994998077318e-01	1.702548495553191377e-01	-6.242236633139207624e-01	8.006014048075708878e-02	-1.767358270756700100e-01	1.977338833428160247e-01	-3.614916670284366584e-01	9.999999999999992228e-01	-2.059152133399822227e-01	1.941568473274364326e-01	-1.357574105744341064e-01	1.657505402098360392e-01	-5.589314345602144352e-01	1.634886858882990124e-01	-1.459313841456505445e-01	1.391298325314365703e-01	-1.716616571622152088e-01	2.059696475319222897e-01	-1.528185524896750191e-01	8.027173037230435348e-02	-8.437793696292139600e-02	9.788819797437839365e-02	-1.146652939678963617e-01	9.774072845785264363e-02	-8.561721109254748219e-02	7.948665845002543529e-02	-9.857872383492516377e-02	1.115331642062831752e-01	-1.130270843325578978e-01
1.334078705475270354e-01	-1.647131747499221421e-01	1.025132813656095959e-01	-8.915840566005078793e-02	1.324376254096084893e-01	-1.022355379558029798e-01	9.645516113890988119e-02	-1.292149414894699921e-01	1.171424867657874236e-01	-1.205946490215463879e-01	1.551474676237563632e-01	-1.270181776476603519e-01	1.173876797277031009e-01	-1.467949301585480815e-01	1.948390981447877257e-01	-2.652671418682352455e-01	1.333975142477012987e-01	-1.424892323075730993e-01	2.245971777358203858e-01	-3.022454922650760767e-01	1.598008695745228858e-01	-1.414225107011791993e-01	1.702463584643131023e-01	-2.059152133399822227e-01	9.999999999999971134e-01	-2.129526373895884173e-01	1.420382708975039543e-01	-1.737891874387208213e-01	2.295817286782124989e-01	-5.614347024120865948e-01	1.631908546970378127e-01	-1.554811157234247954e-01	1.766783806852668670e-01	-2.041451902231340154e-01	2.720728396603821486e-01	-9.876791230434239788e-02	1.041907245276952471e-01	-1.237485283536125941e-01	1.475000139744545580e-01	-1.741586851805360658e-01	1.063147913802127698e-01	-1.009627193849357285e-01	1.276918291466513089e-01	-1.565891508695491929e-01	1.817170174344739375e-01
-1.229149708707389238e-01	1.342541289522323211e-01	-7.852997379698777036e-02	6.386383937800013677e-02	-6.711810062524291298e-02	9.619372185003598197e-02	-9.279491942060584531e-02	9.877830284240451952e-02	-8.781702280382477910e-02	5.495860404021411100e-02	-1.666029078841113342e-01	1.271669348584109904e-01	-9.556757881343309891e-02	1.065954167056912816e-01	-8.164861183444128978e-02	2.755284518404441663e-01	-1.607407452914074719e-01	1.584876427571203505e-01	-2.629682592960665977e-01	8.458852081562685810e-02	-4.981434697987977001e-01	2.416069654858578886e-01	-2.770609163657537510e-01	1.941568473274364326e-01	-2.129526373895884173e-01	9.999999999999990008e-01	-3.106599430132722106e-01	2.428948413609761936e-01	-2.513485677122760942e-01	1.592882587716044906e-01	-4.885427840836084057e-01	2.637430320220373603e-01	-2.458620415708962781e-01	2.036352505448792705e-01	-1.774615049463585670e-01	1.608947288928933295e-01	-1.549504066379269185e-01	1.418758421084962418e-01	-1.531526455479705617e-01	1.200970519839883593e-01	-1.726155503463762120e-01	1.364290982263086371e-01	-1.506119455840528865e-01	1.482630955728208577e-01	-1.483121997341060871e-01
7.627027984424768203e-02	-8.809725924360271854e-02	5.015645050479377448e-02	-4.112452003810311563e-02	4.373974429349575255e-02	-6.040037685271378021e-02	5.739984671296453900e-02	-6.370565791952795265e-02	5.581947698980292000e-02	-3.612474247812456213e-02	9.877577115176736089e-02	-7.885213756107624372e-02	5.972040287548711218e-02	-6.849050036370034344e-02	5.353381212146150064e-02	-1.782008079498409447e-01	9.224423225976016716e-02	-9.555618123054364366e-02	1.657599294442619053e-01	-5.639507952974954358e-02	1.585805682836320119e-01	-1.310888514499752022e-01	1.423877943611055463e-01	-1.357574105744341064e-01	1.420382708975039543e-01	-3.106599430132722106e-01	9.999999999999975575e-01	-7.875146225980886872e-01	1.937436302278092715e-01	-1.189970384514502100e-01	2.463541164120889304e-01	-3.858409619264055457e-01	2.169093735430841774e-01	-1.813781146498948671e-01	1.289169543291466546e-01	-1.176978367932954017e-01	1.202170048592414581e-01	-1.159789090448939963e-01	1.188944969659164602e-01	-9.015776081748290427e-02	1.169027530415145538e-01	-1.080564086770899740e-01	1.145229522939348599e-01	-1.182582292497940946e-01	1.064277835592223054e-01
-8.586387586923767412e-02	9.713085178991631707e-02	-5.693713500872629035e-02	4.672476624570766346e-02	-5.153570659905163526e-02	6.705682182714851891e-02	-6.413705816286247030e-02	7.172267811346282051e-02	-6.384928119083324582e-02	4.229434133438511600e-02	-1.109892276917505693e-01	8.736537620830991946e-02	-6.827223983009912678e-02	7.769196616867692085e-02	-6.363046846387032662e-02	1.841240530308181356e-01	-1.047587676137456542e-01	1.079682870581598619e-01	-2.132640705929143010e-01	6.661987727934876036e-02	-1.689303260388000660e-01	1.352156812393759677e-01	-1.673166527974640772e-01	1.657505402098360392e-01	-1.737891874387208213e-01	2.428948413609761936e-01	-7.875146225980886872e-01	9.999999999999993339e-01	-2.762808512291820007e-01	1.406516619842669846e-01	-2.629794202955690885e-01	2.625288640897164294e-01	-2.655867574344917270e-01	2.004953913120665898e-01	-1.570262458544110229e-01	1.218184554563866290e-01	-1.286397693571247614e-01	1.282972769677897806e-01	-1.383345942672769557e-01	1.056428635661025156e-01	-1.305011585840514243e-01	1.136257373828265388e-01	-1.321519088930064312e-01	1.315883328752393278e-01	-1.281501346095350047e-01
1.137288544371690413e-01	-1.369176646737670089e-01	7.757208210710554719e-02	-6.401861184213100686e-02	6.757299827020563088e-02	-9.200223519842502806e-02	8.704754639986306275e-02	-1.004884824780770264e-01	8.595722739813288493e-02	-5.690779795714488026e-02	1.439362681531402843e-01	-1.211891701159236168e-01	9.433417799986335006e-02	-1.107331318997019226e-01	8.421233622670261376e-02	-2.640109363343127180e-01	1.395635998805607736e-01	-1.570845055814854840e-01	3.022416549102228123e-01	-9.226585353253566324e-02	1.813293428012081321e-01	-1.837229658978299929e-01	2.236822504606948148e-01	-5.589314345602144352e-01	2.295817286782124989e-01	-2.513485677122760942e-01	1.937436302278092715e-01	-2.762808512291820007e-01	9.999999999999983347e-01	-2.674191442874482849e-01	1.945137398346822033e-01	-2.088290497913417587e-01	2.512995261872457142e-01	-4.520484176114936137e-01	2.195293380091727364e-01	-1.121816754999656329e-01	1.186690405591666886e-01	-1.457391339826986376e-01	1.688105267364881368e-01	-1.429125717588263234e-01	1.170988220691391718e-01	-1.132048826341790909e-01	1.400416390150459045e-01	-1.667741285759894998e-01	1.569032130763973187e-01
-8.623845718966201279e-02	1.031619049828204071e-01	-6.480389100416410197e-02	5.538955959443692817e-02	-8.228006157942967247e-02	6.662582160416670451e-02	-6.325223039350655330e-02	8.045598094425851499e-02	-7.430800841898101139e-02	6.809258605382811913e-02	-1.038483336802097645e-01	8.441286694020606884e-02	-7.569219555001867328e-02	9.002467307075637248e-02	-1.177526284757244301e-01	1.763287429722957544e-01	-9.396308197404722173e-02	9.992694842018894075e-02	-1.881257696372461985e-01	1.299899238092050158e-01	-1.185062549896550438e-01	1.051172081563899741e-01	-1.320453029497598851e-01	1.634886858882990124e-01	-5.614347024120865948e-01	1.592882587716044906e-01	-1.189970384514502100e-01	1.406516619842669846e-01	-2.674191442874482849e-01	9.999999999999983347e-01	-1.387423366967984184e-01	1.347961504721923720e-01	-1.796320519501595214e-01	2.141883105121155373e-01	-6.234302143205288083e-01	8.613441379621290805e-02	-9.507980806647700622e-02	1.208421230466297791e-01	-1.584593355515139801e-01	2.199755625374927581e-01	-9.393423596959984967e-02	9.081632225060883024e-02	-1.262043997672412932e-01	1.545630049279176910e-01	-2.509285965370594562e-01
9.148356811905937469e-02	-1.069962378050021562e-01	5.972079447213243103e-02	-4.895529268525945082e-02	5.123013824035693026e-02	-7.286946701393748338e-02	6.889483836525503446e-02	-7.603773486696678574e-02	6.617120648835440877e-02	-4.242323098423581712e-02	1.184544190166238326e-01	-9.485177016937783312e-02	7.035695319691789851e-02	-8.106848704409812256e-02	6.235837884882147047e-02	-2.268081868193658757e-01	1.080261737655574955e-01	-1.117479837509496865e-01	1.811689880777877237e-01	-6.584103724778749001e-02	1.967753339610090468e-01	-1.488614845811321308e-01	1.597846163881564419e-01	-1.459313841456505445e-01	1.631908546970378127e-01	-4.885427840836084057e-01	2.463541164120889304e-01	-2.629794202955690885e-01	1.945137398346822033e-01	-1.387423366967984184e-01	9.999999999999980016e-01	-6.116234832722552417e-01	2.578750816915802990e-01	-2.250825205568662557e-01	1.510093044681921903e-01	-2.921875182349041311e-01	1.995608303367231717e-01	-1.616680009539618046e-01	1.534690486060909798e-01	-1.109403686951944273e-01	2.041632786504480879e-01	-1.778114929742161676e-01	1.558912462529723764e-01	-1.584668339405081450e-01	1.286669857517936111e-01
-7.751878436033826647e-02	8.949139702353507697e-02	-5.136324762150349527e-02	4.222553733513693258e-02	-4.616541381350354467e-02	6.100675967518207066e-02	-5.799710908212762916e-02	6.500946082774974877e-02	-5.732827301984472212e-02	3.809227344751421607e-02	-9.964789818845469493e-02	7.922655979128480352e-02	-6.092085001614654105e-02	6.996550583593004469e-02	-5.696896520947801468e-02	1.761330588709863476e-01	-9.221518256216508502e-02	9.546492696296413061e-02	-1.751191067950220448e-01	6.014312498245043270e-02	-1.552008509030934902e-01	1.197475027327315200e-01	-1.406611591878170475e-01	1.391298325314365703e-01	-1.554811157234247954e-01	2.637430320220373603e-01	-3.858409619264055457e-01	2.625288640897164294e-01	-2.088290497913417587e-01	1.347961504721923720e-01	-6.116234832722552417e-01	9.999999999999970024e-01	-4.733466656950466867e-01	2.404826777602087629e-01	-1.566136251119557565e-01	1.879676486633009846e-01	-2.209327930473691248e-01	1.688077877460472942e-01	-1.625556167867456547e-01	1.104055456655755607e-01	-1.805139493344141699e-01	1.629887618053915688e-01	-1.633674022765617129e-01	1.532053488553165033e-01	-1.294955657267922444e-01
8.671576774462322335e-02	-1.029150114489940787e-01	5.806081375834468844e-02	-4.792501327660444316e-02	5.224642773388813582e-02	-6.869828564183581843e-02	6.488133747115473748e-02	-7.400888388207070567e-02	6.454422548137903060e-02	-4.353697528649305704e-02	1.093984913985309587e-01	-8.875261011933677224e-02	6.820427481687058036e-02	-7.951020915736914385e-02	6.461414086040183358e-02	-2.010651820989054761e-01	9.974181341367124864e-02	-1.055553774479509183e-01	1.877383749005671343e-01	-6.950236873805859528e-02	1.479085074356992491e-01	-1.250409693377992904e-01	1.459466419334523035e-01	-1.716616571622152088e-01	1.766783806852668670e-01	-2.458620415708962781e-01	2.169093735430841774e-01	-2.655867574344917270e-01	2.512995261872457142e-01	-1.796320519501595214e-01	2.578750816915802990e-01	-4.733466656950466867e-01	9.999999999999968914e-01	-6.172502849379263301e-01	2.018141108641413883e-01	-1.509783397781357117e-01	1.674158307793398304e-01	-2.705171207031442093e-01	2.194866641996930934e-01	-1.467440432795088512e-01	1.474140801983155891e-01	-1.550928893352607751e-01	1.941310693355588757e-01	-2.072341008335892854e-01	1.567798012235588900e-01
-8.557581590823724882e-02	1.008096686195913694e-01	-5.851785001130911656e-02	4.846377472558207472e-02	-5.523453664995101736e-02	6.761161697118611702e-02	-6.423813782608848999e-02	7.438952569720629071e-02	-6.547319856225811141e-02	4.592352788413889275e-02	-1.079390792178244185e-01	8.777811147553710169e-02	-6.994757075150050130e-02	8.122953390556314490e-02	-6.986349139914019291e-02	1.893272708981377506e-01	-1.018979682465676884e-01	1.087124709708592318e-01	-2.272359621932312779e-01	7.527274787417881363e-02	-1.419908962052825185e-01	1.242631016457970972e-01	-1.572901384864117680e-01	2.059696475319222897e-01	-2.041451902231340154e-01	2.036352505448792705e-01	-1.813781146498948671e-01	2.004953913120665898e-01	-4.520484176114936137e-01	2.141883105121155373e-01	-2.250825205568662557e-01	2.404826777602087629e-01	-6.172502849379263301e-01	9.999999999999995559e-01	-3.220960082734655172e-01	1.268468334747316906e-01	-1.451057684560579653e-01	2.030318410933148743e-01	-2.901535619420614887e-01	1.731476880222130588e-01	-1.343036484640822703e-01	1.322183741164123516e-01	-1.859477722384954013e-01	2.067604963900046833e-01	-1.877342862745071117e-01
