1.000000000000000222e+00	-3.026483266203939815e-01	2.375833585296073802e-01	-1.641575614818290285e-01	1.331026588650602027e-01	-4.354336989283675297e-01	2.618427916908692143e-01	-3.251381862697795277e-01	1.710882473844846929e-01	-1.732837054010240574e-01	2.298338387782762338e-01	-3.191850341066015950e-01	2.006463612774037897e-01	-2.680267784309020573e-01	1.426702469186199029e-01	-2.568508021213232739e-01	1.878859377507139106e-01	-1.348007362671016507e-01	1.584058464231534735e-01	-1.253316991393530200e-01	1.157113209762558326e-01	-1.574588558097092528e-01	1.460585859070866188e-01	-1.337745516448263783e-01	1.826597728389515729e-01	-9.426451550491150855e-02	1.424045596717671835e-01	-1.244553517198190018e-01	1.376184687810855789e-01	-1.197477825513631328e-01	1.407489740189628580e-01	-9.219884577381794177e-02	1.588750243863323586e-01	-9.455663534158383066e-02	1.044473140883826479e-01	-4.632919712994054695e-02	4.947272763865451228e-02	-5.959516509972268700e-02	9.915588842398696812e-02	-1.483770299599389275e-01	6.847271876883403996e-02	-6.110609033668765178e-02	5.385943070316737136e-02	-6.522238890131445976e-02	6.276890539677765224e-02
-3.026483266203939815e-01	1.000000000000000222e+00	-6.574621838787653161e-01	1.720056637284409495e-01	-1.480332923728762962e-01	2.569425833711329599e-01	-5.389971366116276252e-01	2.652975964076592641e-01	-1.657311382515027909e-01	1.368429046362296675e-01	-1.646382497730848049e-01	1.718059043689195431e-01	-1.590305427798261173e-01	1.671847156916869137e-01	-9.071960794928730920e-02	1.198695142966246657e-01	-1.046007387170377750e-01	7.653616722292855279e-02	-9.517458331538608540e-02	7.519498500446898659e-02	-6.302719533472866953e-02	8.467343897913746920e-02	-8.421192080391230739e-02	7.622753604935121607e-02	-1.075720562517704787e-01	5.090142850966788979e-02	-7.868478477236810764e-02	6.814334237388665338e-02	-7.763590540102421889e-02	6.534503697284919921e-02	-7.683839039613987731e-02	5.019033926678153484e-02	-8.712546081039708457e-02	5.140974489984135448e-02	-5.679836909540100093e-02	2.410388010695251396e-02	-2.587720383022755477e-02	3.129283245263554669e-02	-5.407908147654235526e-02	7.638059238682039231e-02	-3.550102396649437025e-02	3.146355924428907713e-02	-2.842979086610163825e-02	3.361616624993820496e-02	-3.275940445890768160e-02
2.375833585296073802e-01	-6.574621838787653161e-01	1.000000000000000222e+00	-3.124203530295535658e-01	1.892159669554938917e-01	-2.445062056937572226e-01	2.763147938701063233e-01	-4.445493705378761873e-01	2.152026966255069507e-01	-1.953073878592871682e-01	1.465164654880224682e-01	-1.827936609373019272e-01	2.002179689469783253e-01	-2.352577798679766352e-01	1.009841671122546636e-01	-1.250751514769700701e-01	1.037304766693895597e-01	-8.328233242470596542e-02	1.015642186036446598e-01	-8.634817632147334665e-02	6.239141871175178655e-02	-8.799949150229281758e-02	8.663278272638537392e-02	-8.046766504706293066e-02	1.096020614474072785e-01	-5.089415293518515654e-02	7.882051243841485533e-02	-6.924727156124950433e-02	7.964436368391054899e-02	-6.824150650987877154e-02	7.519422690555456479e-02	-4.962129265548714807e-02	8.564725464538359978e-02	-5.274365421265949511e-02	5.850365843295830121e-02	-2.413193478959567428e-02	2.592809227813951470e-02	-3.186971281211411350e-02	5.499122274536748234e-02	-8.037529819393122998e-02	3.541085970216129031e-02	-3.178974489144834048e-02	2.884456314715436176e-02	-3.481738307264933829e-02	3.367022814556468180e-02
-1.641575614818290285e-01	1.720056637284409495e-01	-3.124203530295535658e-01	1.000000000000000000e+00	-6.834198407765823546e-01	1.133665049941239567e-01	-1.297821170074702490e-01	2.007769610222602807e-01	-5.272427745818444311e-01	3.231382127161873119e-01	-7.889481087116936853e-02	9.539180333170942105e-02	-1.338994076116334642e-01	1.568628257668715220e-01	-7.936516727229214752e-02	7.953379467467755481e-02	-6.887865554159233739e-02	5.874920760355219901e-02	-7.412459383925949774e-02	6.500435045565068626e-02	-4.408381540184029557e-02	6.069465039778603604e-02	-6.178390166963045049e-02	5.800014850151314488e-02	-8.104122714800122973e-02	3.587724649249193071e-02	-5.590084650422764284e-02	4.912566905345215618e-02	-5.749083197123869976e-02	4.895625680709436711e-02	-5.379409272129222208e-02	3.540682795876653327e-02	-6.134379376338414819e-02	3.776118954332645383e-02	-4.201405369972192883e-02	1.715887711496741699e-02	-1.845927575805215645e-02	2.268323357346323926e-02	-3.947801509248007740e-02	5.684809184073115473e-02	-2.522084394923133563e-02	2.255412959831591679e-02	-2.056796280280213246e-02	2.467002417334782094e-02	-2.394598984403149139e-02
1.331026588650602027e-01	-1.480332923728762962e-01	1.892159669554938917e-01	-6.834198407765823546e-01	1.000000000000000444e+00	-9.926349845800426508e-02	1.057583751155940360e-01	-1.763083626156211614e-01	3.172321025934707883e-01	-6.102550775191892818e-01	6.794036179909816731e-02	-8.492880603030948661e-02	1.113602950407417969e-01	-1.401568126566372641e-01	7.465281994870801019e-02	-7.109094914929907361e-02	6.012387450141258582e-02	-5.261879277843784647e-02	6.536003482733304670e-02	-6.256263062452101231e-02	3.828439149919309753e-02	-5.381541572297524750e-02	5.410962363403271080e-02	-5.163379815079606472e-02	7.108078961792485551e-02	-3.130027028320225141e-02	4.874679735951339271e-02	-4.313011326167025261e-02	5.055938314820299095e-02	-4.365383933861412963e-02	4.646451666622616883e-02	-3.072940088047081478e-02	5.307730347998530773e-02	-3.334999280757341977e-02	3.719090974593471099e-02	-1.500804993496868307e-02	1.614933260591532027e-02	-2.000017770881281493e-02	3.470809126687866841e-02	-5.101293520895323896e-02	2.202176146061289586e-02	-1.982118062827795471e-02	1.809787196905218026e-02	-2.195741404513761041e-02	2.122191536066264650e-02
-4.354336989283675297e-01	2.569425833711329599e-01	-2.445062056937572226e-01	1.133665049941239567e-01	-9.926349845800426508e-02	1.000000000000001110e+00	-6.100942374368014676e-01	2.245626439130781471e-01	-1.240244892729139847e-01	1.073024728756444279e-01	-4.517921845267181546e-01	2.817892930356509784e-01	-1.545397776292453951e-01	1.583279114937898857e-01	-9.298692465677357855e-02	1.516686009189899265e-01	-1.313196772638667853e-01	8.251783732041226282e-02	-1.015581257923064001e-01	7.714048610549720242e-02	-7.125030702419153650e-02	9.641507300248539081e-02	-9.330266548827567674e-02	8.216535366300167786e-02	-1.157404344012903652e-01	5.731703790444588054e-02	-8.826460687193476984e-02	7.568996157800821079e-02	-8.465493489580046271e-02	7.085160076802997364e-02	-8.576299007778651062e-02	5.593753616144147428e-02	-9.700696911214137796e-02	5.622158513130263990e-02	-6.184177368815059472e-02	2.669628515130629751e-02	-2.862602339731309606e-02	3.440479589348356682e-02	-5.921332136352813746e-02	8.317482065770444299e-02	-3.929180757676069974e-02	3.476373317284600639e-02	-3.126064849879846286e-02	3.679348820003264242e-02	-3.587425492987296460e-02
2.618427916908692143e-01	-5.389971366116276252e-01	2.763147938701063233e-01	-1.297821170074702490e-01	1.057583751155940360e-01	-6.100942374368014676e-01	1.000000000000001110e+00	-3.461935433323599098e-01	1.365487006822572735e-01	-1.187946405723954296e-01	2.172822682879946010e-01	-2.507355936957263443e-01	1.670600123779706903e-01	-1.774873871720175078e-01	8.508538618196023751e-02	-1.265718097469819836e-01	1.049728104725921179e-01	-7.316321062174707679e-02	8.939295482269911386e-02	-7.169455396174313766e-02	5.867589550550100785e-02	-8.172566861007345140e-02	7.923562972326059217e-02	-7.138043622877815464e-02	9.855959439115238863e-02	-4.755087436474499801e-02	7.336836690158410335e-02	-6.363508671232871727e-02	7.200802575406889394e-02	-6.092645883268514584e-02	7.040595560380877305e-02	-4.621424096077510202e-02	7.990735012600963527e-02	-4.771763006005636659e-02	5.267538158500680023e-02	-2.223961770597649226e-02	2.386770555866837493e-02	-2.900691495305240258e-02	4.997951104128752625e-02	-7.163582711795520030e-02	3.267165204318731031e-02	-2.912706741415955689e-02	2.630018900845543933e-02	-3.135064744876844139e-02	3.043456850940594316e-02
-3.251381862697795277e-01	2.652975964076592641e-01	-4.445493705378761873e-01	2.007769610222602807e-01	-1.763083626156211614e-01	2.245626439130781471e-01	-3.461935433323599098e-01	1.000000000000000888e+00	-3.050548911546128728e-01	1.932788050849470196e-01	-1.666023185431140252e-01	1.876485801598930525e-01	-5.217312708704093804e-01	3.001363963460406681e-01	-1.420842527028546298e-01	1.446515227976912510e-01	-1.295456739123389545e-01	1.096909245285070666e-01	-1.407552227331509143e-01	1.129846979719314193e-01	-8.181794624181075448e-02	1.117680737382931999e-01	-1.166659160423546837e-01	1.068473052730961742e-01	-1.504814572360342051e-01	6.633365218187053935e-02	-1.037846182205196810e-01	9.066125906172939342e-02	-1.064640178488258510e-01	8.909656600110441027e-02	-9.988915632966421931e-02	6.557112150525530592e-02	-1.138955356162745514e-01	6.916357632914353626e-02	-7.677630561770457107e-02	3.145818622585685315e-02	-3.384860738842890293e-02	4.139798065166734597e-02	-7.251238102549238673e-02	1.022765532433903835e-01	-4.626442657723381369e-02	4.118307615367354513e-02	-3.760128562250010520e-02	4.463720440692536817e-02	-4.349499344454521577e-02
1.710882473844846929e-01	-1.657311382515027909e-01	2.152026966255069507e-01	-5.272427745818444311e-01	3.172321025934707883e-01	-1.240244892729139847e-01	1.365487006822572735e-01	-3.050548911546128728e-01	1.000000000000001110e+00	-6.531096433737508811e-01	8.802637515827431425e-02	-1.092361978380647358e-01	1.818928180637410519e-01	-2.567557311195084457e-01	1.004905017172725568e-01	-9.033734041808996751e-02	7.743662566149960014e-02	-7.071441629386553129e-02	8.881837087486385562e-02	-8.376165501984073058e-02	4.934742966034049577e-02	-7.000334734123389580e-02	7.132752250224401458e-02	-6.839014501535133073e-02	9.306516994500259321e-02	-4.037768910891832014e-02	6.313715076186138253e-02	-5.598848859795786670e-02	6.612023788818159609e-02	-5.682028562127725002e-02	5.980063580613017432e-02	-3.961068516296843006e-02	6.841930621935352064e-02	-4.327128410911428025e-02	4.822206574047779859e-02	-1.928727253718170304e-02	2.076615141773284490e-02	-2.577961677481837438e-02	4.495135468608516677e-02	-6.584512231328421006e-02	2.828763123226943690e-02	-2.547201325881086678e-02	2.332715014886147659e-02	-2.828130098192619540e-02	2.734593080977109486e-02
-1.732837054010240574e-01	1.368429046362296675e-01	-1.953073878592871682e-01	3.231382127161873119e-01	-6.102550775191892818e-01	1.073024728756444279e-01	-1.187946405723954296e-01	1.932788050849470196e-01	-6.531096433737508811e-01	1.000000000000000222e+00	-7.763479869025588509e-02	9.392604359009339154e-02	-1.409545709221919629e-01	1.657364716216691847e-01	-1.043621751245634860e-01	8.473392381121870598e-02	-7.422753696379082167e-02	6.598531141637990760e-02	-8.449459669918660265e-02	8.103569112345401781e-02	-4.860706134292950426e-02	6.693574494011651776e-02	-6.901371977947880210e-02	6.573807054279577622e-02	-9.280100690504276828e-02	3.959192338653118315e-02	-6.192430220844417910e-02	5.459732970983612738e-02	-6.468442341282827635e-02	5.524863928485242159e-02	-5.945077817794030411e-02	3.918032420408760347e-02	-6.792391042376434707e-02	4.228241966816852909e-02	-4.719909901244121603e-02	1.899993508758125726e-02	-2.045911010425716450e-02	2.524629601957742789e-02	-4.415349409445246814e-02	6.362701704193730878e-02	-2.792586099229473970e-02	2.499898702042011034e-02	-2.289291830559152252e-02	2.750746362352691349e-02	-2.670382185942236919e-02
2.298338387782762338e-01	-1.646382497730848049e-01	1.465164654880224682e-01	-7.889481087116936853e-02	6.794036179909816731e-02	-4.517921845267181546e-01	2.172822682879946010e-01	-1.666023185431140252e-01	8.802637515827431425e-02	-7.763479869025588509e-02	1.000000000000001776e+00	-7.925649576674012042e-01	1.360471731659487482e-01	-1.386335923748662768e-01	7.444121069050339823e-02	-1.963345686548793601e-01	1.455567509895645262e-01	-7.066316471819072964e-02	8.414261689096662333e-02	-6.276982401078050333e-02	6.158801496852003843e-02	-9.005104825915595523e-02	8.111266089198100604e-02	-6.796952830263537637e-02	9.267837490143515655e-02	-4.951497303706348108e-02	7.592309037828401386e-02	-6.427370324853699801e-02	6.971582210818288994e-02	-5.793231147519069951e-02	7.045727514850276541e-02	-4.629005880937339668e-02	7.967463270612104576e-02	-4.603916049978865749e-02	5.026907599378348940e-02	-2.165310693977273021e-02	2.320765239220281759e-02	-2.797941803062873461e-02	4.820766952609571027e-02	-6.787870498993280044e-02	3.162619106276624154e-02	-2.819289581286358107e-02	2.536889610774425291e-02	-2.991134612026679490e-02	2.908700181354276215e-02
-3.191850341066015950e-01	1.718059043689195431e-01	-1.827936609373019272e-01	9.539180333170942105e-02	-8.492880603030948661e-02	2.817892930356509784e-01	-2.507355936957263443e-01	1.876485801598930525e-01	-1.092361978380647358e-01	9.392604359009339154e-02	-7.925649576674012042e-01	1.000000000000002887e+00	-1.918897433069916558e-01	1.653535723031554217e-01	-9.675920698795445474e-02	1.896679583745250475e-01	-1.898192446003814926e-01	9.000645410900637300e-02	-1.091594703199841865e-01	8.006130044971362936e-02	-7.884163798941670742e-02	1.134554627277935546e-01	-1.047334482493496866e-01	8.764848265272857930e-02	-1.215041168880697658e-01	6.322620904616478577e-02	-9.794262031497752430e-02	8.269372848409999033e-02	-9.044353927779479052e-02	7.468091822647887623e-02	-9.177926436811768840e-02	6.007620040207566764e-02	-1.038175203014107539e-01	5.952165502776175787e-02	-6.504421103464545773e-02	2.805275708876560706e-02	-3.008151298297642717e-02	3.615011064143888730e-02	-6.253468136902017027e-02	8.690372556340106303e-02	-4.105787122106659137e-02	3.643331208483181760e-02	-3.283229534292059215e-02	3.845446306296891603e-02	-3.751571600574486742e-02
2.006463612774037897e-01	-1.590305427798261173e-01	2.002179689469783253e-01	-1.338994076116334642e-01	1.113602950407417969e-01	-1.545397776292453951e-01	1.670600123779706903e-01	-5.217312708704093804e-01	1.818928180637410519e-01	-1.409545709221919629e-01	1.360471731659487482e-01	-1.918897433069916558e-01	1.000000000000002887e+00	-7.349023902022741028e-01	1.391563210849549037e-01	-1.156048469291198894e-01	1.008393322842584122e-01	-1.081938341031869338e-01	1.306531940377898549e-01	-1.190359224424375889e-01	6.173756919868688547e-02	-9.295722182108638598e-02	9.755480733877831823e-02	-9.360705691057251421e-02	1.193513936819550481e-01	-5.083508136455701376e-02	8.035576652024871425e-02	-7.196980673511418902e-02	8.611709031478662069e-02	-7.338519279525658467e-02	7.360540600654041921e-02	-4.921763927276717743e-02	8.469576416033260113e-02	-5.522070928020524766e-02	6.130921770256674008e-02	-2.382835261222911172e-02	2.568895896030041689e-02	-3.227049199674805746e-02	5.681411622968997321e-02	-8.369353132998272327e-02	3.481165287140994269e-02	-3.157782900779562696e-02	2.913795102691776190e-02	-3.554720601768960458e-02	3.427908268642871487e-02
-2.680267784309020573e-01	1.671847156916869137e-01	-2.352577798679766352e-01	1.568628257668715220e-01	-1.401568126566372641e-01	1.583279114937898857e-01	-1.774873871720175078e-01	3.001363963460406681e-01	-2.567557311195084457e-01	1.657364716216691847e-01	-1.386335923748662768e-01	1.653535723031554217e-01	-7.349023902022741028e-01	1.000000000000002665e+00	-2.306370461573371833e-01	1.411515113782255693e-01	-1.276990668605353652e-01	1.357729297961353665e-01	-1.970946718481055293e-01	1.622367889265853014e-01	-8.219318037396658450e-02	1.199250618175825844e-01	-1.310909606788178972e-01	1.271039494980654161e-01	-1.688881734202057894e-01	6.742138853486209782e-02	-1.074268044605768135e-01	9.589821953500816953e-02	-1.181779550059278705e-01	9.870893786378003021e-02	-9.909143457688401879e-02	6.603080659342641656e-02	-1.142165521282167834e-01	7.430255265097940320e-02	-8.281996021000444241e-02	3.178353670793736957e-02	-3.431512096101637516e-02	4.307885592602916924e-02	-7.681244384758199872e-02	1.105645972387150483e-01	-4.651085425220441438e-02	4.200364993240592038e-02	-3.899210903576505460e-02	4.713530022319178947e-02	-4.566643328532130064e-02
1.426702469186199029e-01	-9.071960794928730920e-02	1.009841671122546636e-01	-7.936516727229214752e-02	7.465281994870801019e-02	-9.298692465677357855e-02	8.508538618196023751e-02	-1.420842527028546298e-01	1.004905017172725568e-01	-1.043621751245634860e-01	7.444121069050339823e-02	-9.675920698795445474e-02	1.391563210849549037e-01	-2.306370461573371833e-01	1.000000000000002220e+00	-1.430130644507834059e-01	1.158384439447220499e-01	-1.822277411251242152e-01	2.241280221837284314e-01	-8.468183935049483635e-01	7.969819921120151196e-02	-1.391344396267900907e-01	1.408832608544635656e-01	-1.773905576825735853e-01	2.217191777560171273e-01	-6.851078779664335205e-02	1.106324450479990174e-01	-1.071075728481527822e-01	1.398487395338705586e-01	-1.395895618551565853e-01	9.271981942009932531e-02	-6.513925086442490242e-02	1.096492746364353954e-01	-9.070373462003661347e-02	1.043928929045693926e-01	-3.349230228348928223e-02	3.642395157610830991e-02	-4.987755428134259261e-02	8.868869036080860579e-02	-1.525732777054209233e-01	4.835955121839732862e-02	-4.618674360675575213e-02	4.433794687055273021e-02	-5.930678595012228022e-02	5.562964363773308107e-02
-2.568508021213232739e-01	1.198695142966246657e-01	-1.250751514769700701e-01	7.953379467467755481e-02	-7.109094914929907361e-02	1.516686009189899265e-01	-1.265718097469819836e-01	1.446515227976912510e-01	-9.033734041808996751e-02	8.473392381121870598e-02	-1.963345686548793601e-01	1.896679583745250475e-01	-1.156048469291198894e-01	1.411515113782255693e-01	-1.430130644507834059e-01	1.000000000000000888e+00	-7.300776950561270739e-01	1.765960701568808633e-01	-2.010820165120980885e-01	1.223949281288364971e-01	-1.981539550029148000e-01	2.820903490919632883e-01	-2.378894055783682404e-01	1.661604083995330272e-01	-2.183171375455142671e-01	1.507631528856163694e-01	-2.298241476045656817e-01	1.809703465853813864e-01	-1.787182198111106624e-01	1.408548363010945492e-01	-1.975904473573852904e-01	1.293719070399022286e-01	-2.210753129691378216e-01	1.163535766886092671e-01	-1.231809999779885645e-01	5.580984339769691494e-02	-5.963662923305146357e-02	7.036820982873941144e-02	-1.217413697769298281e-01	1.625620348765968171e-01	-8.005436046258646021e-02	7.140509977479769788e-02	-6.382083943316384234e-02	7.291006187528559224e-02	-7.125226753764545007e-02
1.878859377507139106e-01	-1.046007387170377750e-01	1.037304766693895597e-01	-6.887865554159233739e-02	6.012387450141258582e-02	-1.313196772638667853e-01	1.049728104725921179e-01	-1.295456739123389545e-01	7.743662566149960014e-02	-7.422753696379082167e-02	1.455567509895645262e-01	-1.898192446003814926e-01	1.008393322842584122e-01	-1.276990668605353652e-01	1.158384439447220499e-01	-7.300776950561270739e-01	1.000000000000001998e+00	-1.859257210998137289e-01	1.701175265339708309e-01	-1.046127027038450258e-01	1.533553306562980834e-01	-4.782331428746782187e-01	2.241637970259243162e-01	-1.473409477268816103e-01	1.729978736740442335e-01	-1.309169952954954697e-01	1.982687080765759280e-01	-1.671595079372985571e-01	1.485840096500704033e-01	-1.224983342775023964e-01	1.454954276427065374e-01	-1.013407918445873718e-01	1.658906513819842499e-01	-9.774778146204432527e-02	1.036778362986681551e-01	-4.466788481383549003e-02	4.764677208595908403e-02	-5.846533553607155542e-02	9.922361560785467050e-02	-1.460995345732529482e-01	6.326466961594956473e-02	-5.864862921187397049e-02	5.232886216896749654e-02	-6.317030717995146538e-02	6.032539981224548098e-02
-1.348007362671016507e-01	7.653616722292855279e-02	-8.328233242470596542e-02	5.874920760355219901e-02	-5.261879277843784647e-02	8.251783732041226282e-02	-7.316321062174707679e-02	1.096909245285070666e-01	-7.071441629386553129e-02	6.598531141637990760e-02	-7.066316471819072964e-02	9.000645410900637300e-02	-1.081938341031869338e-01	1.357729297961353665e-01	-1.822277411251242152e-01	1.765960701568808633e-01	-1.859257210998137289e-01	1.000000000000000888e+00	-6.066243407375848662e-01	1.707298114514378962e-01	-1.172751151533524966e-01	2.498225618545892590e-01	-6.092224171054940740e-01	2.392416448017624375e-01	-2.266260707295464638e-01	9.865075464028064123e-02	-1.783838975212378997e-01	1.613485186797886661e-01	-1.997530270609998437e-01	1.423553645009672242e-01	-1.240464897048127874e-01	8.796782003142192274e-02	-1.501818581770728855e-01	1.076103716036228009e-01	-1.147570066990307308e-01	3.932221370579086495e-02	-4.273219887230247926e-02	5.665051606926399530e-02	-1.073530602818077856e-01	1.503225545466231328e-01	-5.577798447823247713e-02	5.267843800730145909e-02	-5.077052901482996539e-02	6.206206961374887560e-02	-5.944940789510173851e-02
1.584058464231534735e-01	-9.517458331538608540e-02	1.015642186036446598e-01	-7.412459383925949774e-02	6.536003482733304670e-02	-1.015581257923064001e-01	8.939295482269911386e-02	-1.407552227331509143e-01	8.881837087486385562e-02	-8.449459669918660265e-02	8.414261689096662333e-02	-1.091594703199841865e-01	1.306531940377898549e-01	-1.970946718481055293e-01	2.241280221837284314e-01	-2.010820165120980885e-01	1.701175265339708309e-01	-6.066243407375848662e-01	1.000000000000002665e+00	-3.044851983563270914e-01	1.158208424542181009e-01	-2.434958860359971444e-01	2.810283889170736571e-01	-4.510264779838432658e-01	2.634790591580017938e-01	-1.012665641600373062e-01	1.707753543719806033e-01	-1.721586970575935682e-01	2.348792405382217618e-01	-1.829528775041978639e-01	1.283025374973390531e-01	-9.270456395400089589e-02	1.549281602526912938e-01	-1.315967485134482695e-01	1.385873517134388888e-01	-4.484112917200326620e-02	4.881610417508285005e-02	-6.716978973801987496e-02	1.249607476147225060e-01	-1.915183236453041893e-01	6.402240460436194047e-02	-6.148236580657292366e-02	5.958915680276243021e-02	-7.629354779689183352e-02	7.200652763299728032e-02
-1.253316991393530200e-01	7.519498500446898659e-02	-8.634817632147334665e-02	6.500435045565068626e-02	-6.256263062452101231e-02	7.714048610549720242e-02	-7.169455396174313766e-02	1.129846979719314193e-01	-8.376165501984073058e-02	8.103569112345401781e-02	-6.276982401078050333e-02	8.006130044971362936e-02	-1.190359224424375889e-01	1.622367889265853014e-01	-8.468183935049483635e-01	1.223949281288364971e-01	-1.046127027038450258e-01	1.707298114514378962e-01	-3.044851983563270914e-01	1.000000000000000666e+00	-7.283636736745317808e-02	1.244558270254343818e-01	-1.408619704447190146e-01	1.784820555178217305e-01	-2.910870492378367924e-01	6.225805006199933156e-02	-1.032682786808798020e-01	9.918987517651740859e-02	-1.405420600450341673e-01	1.320022375385457303e-01	-8.506679081310106194e-02	5.970043947168540005e-02	-1.014278784231787134e-01	8.477205782206027884e-02	-9.931372466290565304e-02	3.004327904296847859e-02	-3.280014351241423293e-02	4.512969833693216554e-02	-8.337725663583774038e-02	1.352688548785450640e-01	-4.339000729175618298e-02	4.124540897196347922e-02	-4.029027651838440471e-02	5.278705707906659189e-02	-4.999431104824015454e-02
1.157113209762558326e-01	-6.302719533472866953e-02	6.239141871175178655e-02	-4.408381540184029557e-02	3.828439149919309753e-02	-7.125030702419153650e-02	5.867589550550100785e-02	-8.181794624181075448e-02	4.934742966034049577e-02	-4.860706134292950426e-02	6.158801496852003843e-02	-7.884163798941670742e-02	6.173756919868688547e-02	-8.219318037396658450e-02	7.969819921120151196e-02	-1.981539550029148000e-01	1.533553306562980834e-01	-1.172751151533524966e-01	1.158208424542181009e-01	-7.283636736745317808e-02	9.999999999999993339e-01	-2.346381001972698555e-01	1.417923677647033864e-01	-1.133413835423058569e-01	1.293695975917537044e-01	-8.516117871374206949e-01	2.115164578858298727e-01	-1.818908994491384989e-01	1.230789602447097675e-01	-1.041131468233546797e-01	2.142829533438552203e-01	-1.604647249038641255e-01	1.743416149584744168e-01	-8.759531299947374838e-02	8.783854519821113205e-02	-4.955065554587547577e-02	5.070061458171540303e-02	-5.594967912972061835e-02	8.592273711326298136e-02	-1.308653517925228160e-01	6.255648670649582854e-02	-6.095249068031603074e-02	4.903928984556812920e-02	-5.762774767203447668e-02	5.379231605409014183e-02
-1.574588558097092528e-01	8.467343897913746920e-02	-8.799949150229281758e-02	6.069465039778603604e-02	-5.381541572297524750e-02	9.641507300248539081e-02	-8.172566861007345140e-02	1.117680737382931999e-01	-7.000334734123389580e-02	6.693574494011651776e-02	-9.005104825915595523e-02	1.134554627277935546e-01	-9.295722182108638598e-02	1.199250618175825844e-01	-1.391344396267900907e-01	2.820903490919632883e-01	-4.782331428746782187e-01	2.498225618545892590e-01	-2.434958860359971444e-01	1.244558270254343818e-01	-2.346381001972698555e-01	9.999999999999977796e-01	-5.377328087581786376e-01	1.914744448247671649e-01	-2.115480288015953725e-01	1.781970627563002618e-01	-3.910788584621571196e-01	2.393727119381914570e-01	-1.983978804051391709e-01	1.458299217893919419e-01	-1.818417055337556709e-01	1.283702808798286299e-01	-2.143284376269243008e-01	1.180359588236407353e-01	-1.221916012817166192e-01	5.022669392138962713e-02	-5.382077360348985762e-02	6.646613239828151609e-02	-1.189580850508251686e-01	1.631328306495306579e-01	-6.951378778002129111e-02	6.502854132585370039e-02	-5.953368038114816019e-02	7.007047981509924306e-02	-6.723118710404826781e-02
1.460585859070866188e-01	-8.421192080391230739e-02	8.663278272638537392e-02	-6.178390166963045049e-02	5.410962363403271080e-02	-9.330266548827567674e-02	7.923562972326059217e-02	-1.166659160423546837e-01	7.132752250224401458e-02	-6.901371977947880210e-02	8.111266089198100604e-02	-1.047334482493496866e-01	9.755480733877831823e-02	-1.310909606788178972e-01	1.408832608544635656e-01	-2.378894055783682404e-01	2.241637970259243162e-01	-6.092224171054940740e-01	2.810283889170736571e-01	-1.408619704447190146e-01	1.417923677647033864e-01	-5.377328087581786376e-01	1.000000000000000444e+00	-2.527710908995867700e-01	2.066433604303840599e-01	-1.252232313618642234e-01	2.193416295841760510e-01	-2.239247422567205159e-01	1.928840855486050609e-01	-1.506418787529767433e-01	1.387787729715132257e-01	-1.024032341514567734e-01	1.684642108407995720e-01	-1.149317020609290779e-01	1.198814825611213691e-01	-4.446463059956901054e-02	4.787988712421719500e-02	-6.254971796578558119e-02	1.117120281098906570e-01	-1.677020814259500281e-01	6.235104079039967273e-02	-5.961013916389340528e-02	5.551760030591344763e-02	-6.912602562534234107e-02	6.533945866064932995e-02
-1.337745516448263783e-01	7.622753604935121607e-02	-8.046766504706293066e-02	5.800014850151314488e-02	-5.163379815079606472e-02	8.216535366300167786e-02	-7.138043622877815464e-02	1.068473052730961742e-01	-6.839014501535133073e-02	6.573807054279577622e-02	-6.796952830263537637e-02	8.764848265272857930e-02	-9.360705691057251421e-02	1.271039494980654161e-01	-1.773905576825735853e-01	1.661604083995330272e-01	-1.473409477268816103e-01	2.392416448017624375e-01	-4.510264779838432658e-01	1.784820555178217305e-01	-1.133413835423058569e-01	1.914744448247671649e-01	-2.527710908995867700e-01	9.999999999999992228e-01	-4.928651567995182559e-01	9.932687548308306857e-02	-1.897122887262373270e-01	1.942987345047894332e-01	-5.756538189982755016e-01	2.469277558347567625e-01	-1.331643714845434368e-01	9.778279580758618417e-02	-1.697351405831036553e-01	1.787518807723708358e-01	-1.859803008901131371e-01	4.749442157581501567e-02	-5.282951002810804680e-02	7.774535387304103151e-02	-1.726997789379342563e-01	2.178984815571639866e-01	-6.823493703512403807e-02	6.580589900668484815e-02	-6.977357648372913002e-02	8.571685488646801909e-02	-8.243228514088637993e-02
1.826597728389515729e-01	-1.075720562517704787e-01	1.096020614474072785e-01	-8.104122714800122973e-02	7.108078961792485551e-02	-1.157404344012903652e-01	9.855959439115238863e-02	-1.504814572360342051e-01	9.306516994500259321e-02	-9.280100690504276828e-02	9.267837490143515655e-02	-1.215041168880697658e-01	1.193513936819550481e-01	-1.688881734202057894e-01	2.217191777560171273e-01	-2.183171375455142671e-01	1.729978736740442335e-01	-2.266260707295464638e-01	2.634790591580017938e-01	-2.910870492378367924e-01	1.293695975917537044e-01	-2.115480288015953725e-01	2.066433604303840599e-01	-4.928651567995182559e-01	1.000000000000000666e+00	-1.132190588979213319e-01	1.873050671281183410e-01	-1.921988119942268647e-01	3.020003144030891096e-01	-4.409804733458086434e-01	1.550166573144985405e-01	-1.118113287199274941e-01	1.876843946804215013e-01	-2.000118805625665519e-01	2.522425998487419774e-01	-6.149707064507228815e-02	6.779943787458887761e-02	-1.006027604397641134e-01	1.851815095749746176e-01	-3.619668402347284153e-01	8.893139169984262682e-02	-8.724956598964443699e-02	8.871256205467428768e-02	-1.274127208090974905e-01	1.182909927638638170e-01
-9.426451550491150855e-02	5.090142850966788979e-02	-5.089415293518515654e-02	3.587724649249193071e-02	-3.130027028320225141e-02	5.731703790444588054e-02	-4.755087436474499801e-02	6.633365218187053935e-02	-4.037768910891832014e-02	3.959192338653118315e-02	-4.951497303706348108e-02	6.322620904616478577e-02	-5.083508136455701376e-02	6.742138853486209782e-02	-6.851078779664335205e-02	1.507631528856163694e-01	-1.309169952954954697e-01	9.865075464028064123e-02	-1.012665641600373062e-01	6.225805006199933156e-02	-8.516117871374206949e-01	1.781970627563002618e-01	-1.252232313618642234e-01	9.932687548308306857e-02	-1.132190588979213319e-01	9.999999999999980016e-01	-2.649985848506702935e-01	1.767409664872374442e-01	-1.129894978649945980e-01	9.059203233331247773e-02	-3.003972450641704262e-01	1.662279796765215312e-01	-1.916854311021495560e-01	7.897659875762169657e-02	-7.692717632702374131e-02	4.619907716412924997e-02	-4.731007680245201408e-02	4.956531437345652880e-02	-7.765737513266433856e-02	1.107074375555106571e-01	-5.680516915307760872e-02	5.408542771381830844e-02	-4.368207703421794763e-02	4.922564223409571504e-02	-4.632296966569680874e-02
1.424045596717671835e-01	-7.868478477236810764e-02	7.882051243841485533e-02	-5.590084650422764284e-02	4.874679735951339271e-02	-8.826460687193476984e-02	7.336836690158410335e-02	-1.037846182205196810e-01	6.313715076186138253e-02	-6.192430220844417910e-02	7.592309037828401386e-02	-9.794262031497752430e-02	8.035576652024871425e-02	-1.074268044605768135e-01	1.106324450479990174e-01	-2.298241476045656817e-01	1.982687080765759280e-01	-1.783838975212378997e-01	1.707753543719806033e-01	-1.032682786808798020e-01	2.115164578858298727e-01	-3.910788584621571196e-01	2.193416295841760510e-01	-1.897122887262373270e-01	1.873050671281183410e-01	-2.649985848506702935e-01	1.000000000000001776e+00	-6.998548448998571647e-01	2.190028073210756598e-01	-1.648963029925366031e-01	1.940964106583470128e-01	-1.708365212555043866e-01	2.555277247627603110e-01	-1.350082301921903538e-01	1.305335572598067262e-01	-5.612952239375469665e-02	5.969303611885308503e-02	-7.416907439219982967e-02	1.261382914735588723e-01	-1.859683842889582328e-01	7.466357770290940610e-02	-7.320733100595563925e-02	6.498149166372105268e-02	-7.822250160361028659e-02	7.329815861533102439e-02
-1.244553517198190018e-01	6.814334237388665338e-02	-6.924727156124950433e-02	4.912566905345215618e-02	-4.313011326167025261e-02	7.568996157800821079e-02	-6.363508671232871727e-02	9.066125906172939342e-02	-5.598848859795786670e-02	5.459732970983612738e-02	-6.427370324853699801e-02	8.269372848409999033e-02	-7.196980673511418902e-02	9.589821953500816953e-02	-1.071075728481527822e-01	1.809703465853813864e-01	-1.671595079372985571e-01	1.613485186797886661e-01	-1.721586970575935682e-01	9.918987517651740859e-02	-1.818908994491384989e-01	2.393727119381914570e-01	-2.239247422567205159e-01	1.942987345047894332e-01	-1.921988119942268647e-01	1.767409664872374442e-01	-6.998548448998571647e-01	1.000000000000001776e+00	-3.231532147896651330e-01	1.669834514057755848e-01	-2.226728252641466677e-01	1.874419980443534084e-01	-4.197526626175399067e-01	1.460107357135455863e-01	-1.357398832983586212e-01	5.533191313148292517e-02	-5.969627493140191449e-02	7.418251084307733723e-02	-1.379681907915096539e-01	1.756089785514370338e-01	-7.285305983915371653e-02	7.060275355079415061e-02	-6.559106632598736553e-02	7.469776185315370187e-02	-7.102391580912165159e-02
1.376184687810855789e-01	-7.763590540102421889e-02	7.964436368391054899e-02	-5.749083197123869976e-02	5.055938314820299095e-02	-8.465493489580046271e-02	7.200802575406889394e-02	-1.064640178488258510e-01	6.612023788818159609e-02	-6.468442341282827635e-02	6.971582210818288994e-02	-9.044353927779479052e-02	8.611709031478662069e-02	-1.181779550059278705e-01	1.398487395338705586e-01	-1.787182198111106624e-01	1.485840096500704033e-01	-1.997530270609998437e-01	2.348792405382217618e-01	-1.405420600450341673e-01	1.230789602447097675e-01	-1.983978804051391709e-01	1.928840855486050609e-01	-5.756538189982755016e-01	3.020003144030891096e-01	-1.129894978649945980e-01	2.190028073210756598e-01	-3.231532147896651330e-01	9.999999999999977796e-01	-4.249557584609283678e-01	1.490473112172860659e-01	-1.167692240534260045e-01	1.986924767110898604e-01	-3.226924741786252882e-01	2.435903640094729816e-01	-5.666843105804372088e-02	6.344046822610227565e-02	-1.000526603398268349e-01	2.237966158925172588e-01	-2.951475512470831952e-01	8.081623123042511181e-02	-8.007181312870287337e-02	8.725763892426605106e-02	-1.103779241312537185e-01	1.040581188871901597e-01
-1.197477825513631328e-01	6.534503697284919921e-02	-6.824150650987877154e-02	4.895625680709436711e-02	-4.365383933861412963e-02	7.085160076802997364e-02	-6.092645883268514584e-02	8.909656600110441027e-02	-5.682028562127725002e-02	5.524863928485242159e-02	-5.793231147519069951e-02	7.468091822647887623e-02	-7.338519279525658467e-02	9.870893786378003021e-02	-1.395895618551565853e-01	1.408548363010945492e-01	-1.224983342775023964e-01	1.423553645009672242e-01	-1.829528775041978639e-01	1.320022375385457303e-01	-1.041131468233546797e-01	1.458299217893919419e-01	-1.506418787529767433e-01	2.469277558347567625e-01	-4.409804733458086434e-01	9.059203233331247773e-02	-1.648963029925366031e-01	1.669834514057755848e-01	-4.249557584609283678e-01	9.999999999999985567e-01	-1.327526568741906055e-01	9.601037166302926751e-02	-1.685049713556406314e-01	2.188013451335394932e-01	-6.432443820134747803e-01	5.178411784184164257e-02	-5.883162418446977876e-02	9.145901714615853328e-02	-2.160622396762633679e-01	3.038295482417328053e-01	-7.634362560162834266e-02	7.301940533061752892e-02	-8.361988043337031939e-02	1.063476682946153107e-01	-1.101763779065619286e-01
1.407489740189628580e-01	-7.683839039613987731e-02	7.519422690555456479e-02	-5.379409272129222208e-02	4.646451666622616883e-02	-8.576299007778651062e-02	7.040595560380877305e-02	-9.988915632966421931e-02	5.980063580613017432e-02	-5.945077817794030411e-02	7.045727514850276541e-02	-9.177926436811768840e-02	7.360540600654041921e-02	-9.909143457688401879e-02	9.271981942009932531e-02	-1.975904473573852904e-01	1.454954276427065374e-01	-1.240464897048127874e-01	1.283025374973390531e-01	-8.506679081310106194e-02	2.142829533438552203e-01	-1.818417055337556709e-01	1.387787729715132257e-01	-1.331643714845434368e-01	1.550166573144985405e-01	-3.003972450641704262e-01	1.940964106583470128e-01	-2.226728252641466677e-01	1.490473112172860659e-01	-1.327526568741906055e-01	9.999999999999980016e-01	-7.107669416983243282e-01	3.101228731570050412e-01	-1.226123515355632965e-01	1.135452353867949793e-01	-1.046398007658987522e-01	9.811483487165507944e-02	-8.598585562319539799e-02	1.160113819420918596e-01	-1.745569174626279974e-01	1.064628929870768403e-01	-1.052945279072137058e-01	7.410345650051709809e-02	-8.019193378979053155e-02	7.401483112619539062e-02
-9.219884577381794177e-02	5.019033926678153484e-02	-4.962129265548714807e-02	3.540682795876653327e-02	-3.072940088047081478e-02	5.593753616144147428e-02	-4.621424096077510202e-02	6.557112150525530592e-02	-3.961068516296843006e-02	3.918032420408760347e-02	-4.629005880937339668e-02	6.007620040207566764e-02	-4.921763927276717743e-02	6.603080659342641656e-02	-6.513925086442490242e-02	1.293719070399022286e-01	-1.013407918445873718e-01	8.796782003142192274e-02	-9.270456395400089589e-02	5.970043947168540005e-02	-1.604647249038641255e-01	1.283702808798286299e-01	-1.024032341514567734e-01	9.778279580758618417e-02	-1.118113287199274941e-01	1.662279796765215312e-01	-1.708365212555043866e-01	1.874419980443534084e-01	-1.167692240534260045e-01	9.601037166302926751e-02	-7.107669416983243282e-01	9.999999999999971134e-01	-5.815494261709249768e-01	1.001795211001716146e-01	-8.397477450442268621e-02	7.776152327353356986e-02	-8.840363250194314959e-02	6.715470832312622762e-02	-9.518023656131240073e-02	1.215340906607692978e-01	-8.093795622633963294e-02	8.179654890818063850e-02	-5.852663206610517199e-02	5.719124214602824829e-02	-5.355561900870903225e-02
1.588750243863323586e-01	-8.712546081039708457e-02	8.564725464538359978e-02	-6.134379376338414819e-02	5.307730347998530773e-02	-9.700696911214137796e-02	7.990735012600963527e-02	-1.138955356162745514e-01	6.841930621935352064e-02	-6.792391042376434707e-02	7.967463270612104576e-02	-1.038175203014107539e-01	8.469576416033260113e-02	-1.142165521282167834e-01	1.096492746364353954e-01	-2.210753129691378216e-01	1.658906513819842499e-01	-1.501818581770728855e-01	1.549281602526912938e-01	-1.014278784231787134e-01	1.743416149584744168e-01	-2.143284376269243008e-01	1.684642108407995720e-01	-1.697351405831036553e-01	1.876843946804215013e-01	-1.916854311021495560e-01	2.555277247627603110e-01	-4.197526626175399067e-01	1.986924767110898604e-01	-1.685049713556406314e-01	3.101228731570050412e-01	-5.815494261709249768e-01	9.999999999999980016e-01	-1.885612802597112780e-01	1.437864087302648530e-01	-8.533934238401255645e-02	9.072643123564848311e-02	-1.053655623117983886e-01	1.584698059143102300e-01	-2.129077717081307997e-01	1.029745630941808210e-01	-1.063712381501747684e-01	8.885266340952358011e-02	-9.604742872855623337e-02	8.897316567389179642e-02
-9.455663534158383066e-02	5.140974489984135448e-02	-5.274365421265949511e-02	3.776118954332645383e-02	-3.334999280757341977e-02	5.622158513130263990e-02	-4.771763006005636659e-02	6.916357632914353626e-02	-4.327128410911428025e-02	4.228241966816852909e-02	-4.603916049978865749e-02	5.952165502776175787e-02	-5.522070928020524766e-02	7.430255265097940320e-02	-9.070373462003661347e-02	1.163535766886092671e-01	-9.774778146204432527e-02	1.076103716036228009e-01	-1.315967485134482695e-01	8.477205782206027884e-02	-8.759531299947374838e-02	1.180359588236407353e-01	-1.149317020609290779e-01	1.787518807723708358e-01	-2.000118805625665519e-01	7.897659875762169657e-02	-1.350082301921903538e-01	1.460107357135455863e-01	-3.226924741786252882e-01	2.188013451335394932e-01	-1.226123515355632965e-01	1.001795211001716146e-01	-1.885612802597112780e-01	9.999999999999991118e-01	-3.016939375623615693e-01	6.110880128109527631e-02	-7.521104867242570102e-02	1.520496394270906271e-01	-7.959482274802434087e-01	2.586672300227311760e-01	-9.144216438252797396e-02	9.130546824054341926e-02	-1.397893427696327018e-01	1.220924196323915634e-01	-1.222077717114616602e-01
