1.000000000000000000e+00	-2.446160144314796780e-01	1.569283973858636716e-01	-1.186296607053173302e-01	5.951245181588842720e-02	-8.929216636309984523e-01	2.206823862374563960e-01	-1.881338073660889509e-01	1.013167158397799694e-01	-6.191589750197946940e-02	1.447503628152472799e-01	-1.275797349890351318e-01	1.356339170971165853e-01	-9.534969892411224168e-02	1.038380777342671341e-01	-6.752474887892019606e-02	9.800844573983244490e-02	-9.439841308719762458e-02	9.897235940503280871e-02	-4.493948642434639901e-02	5.837489868025588780e-02	-9.586460484892990463e-02	6.697112738513147367e-02	-7.390986063804033668e-02	4.685976812273995318e-02	-6.275084677019683588e-02	6.728688727616716214e-02	-6.038197023175096573e-02	6.169547445353425891e-02	-6.395950350962500974e-02	5.662514538055593571e-02	-6.267310483487230355e-02	7.901349153682092619e-02	-5.624300061117632615e-02	4.522559375829663525e-02	-4.042974571826206398e-02	5.502159628530604862e-02	-5.324336170875176161e-02	4.762873745605526732e-02	-4.318146431404516067e-02	3.385600801921190978e-02	-7.440966543155384805e-02	4.943547205714353410e-02	-4.218319857309722060e-02	5.013898518627988438e-02
-2.446160144314796780e-01	1.000000000000000444e+00	-7.890117940360670268e-01	1.665127850862602732e-01	-8.867011648349894248e-02	1.832839301679827226e-01	-3.629844209965992219e-01	2.950331330419717624e-01	-1.594809010569985530e-01	8.545285514265213433e-02	-1.734226739120897087e-01	1.469943332991610063e-01	-2.105713717800751505e-01	1.294456770809940538e-01	-1.408975609797757100e-01	7.506427614991655062e-02	-1.188908118980566697e-01	1.209018326436009233e-01	-1.312776937702063995e-01	5.602144851489174876e-02	-6.696526940217878421e-02	1.069813343283476104e-01	-7.893638493535919121e-02	8.327882615033740943e-02	-5.877908455903588236e-02	6.940340332466171658e-02	-7.645010267260667070e-02	6.929236697629428954e-02	-7.033927249073827770e-02	7.126315514022787956e-02	-6.354367269415249486e-02	6.943391036356572066e-02	-8.830542638539902456e-02	6.233594682850975705e-02	-5.075763192527574935e-02	4.358761499366300973e-02	-6.083921907176917387e-02	5.869908460890441854e-02	-5.301350210096794635e-02	4.786581092792051295e-02	-3.684055227816836198e-02	8.009675547128400352e-02	-5.477979578508467701e-02	4.645215577753696035e-02	-5.585613151456633729e-02
1.569283973858636716e-01	-7.890117940360670268e-01	1.000000000000000444e+00	-1.926148227413049252e-01	8.494288848505324174e-02	-1.506049165622216079e-01	2.568239209405007717e-01	-4.692932090758774599e-01	1.546441760278505773e-01	-8.374477016890019554e-02	1.317217618281056879e-01	-1.194969610965439244e-01	1.857203044554837090e-01	-1.224070869577118942e-01	1.239830607817213187e-01	-6.345027834620667329e-02	9.898648041533820996e-02	-1.103372657657331057e-01	1.146309364659877233e-01	-4.999987638864325512e-02	5.602314710444713380e-02	-9.262065918318242164e-02	6.897429700480894876e-02	-7.462673804366150299e-02	5.188570715756878754e-02	-6.041981930927874805e-02	6.628727258775930775e-02	-6.114807774214240516e-02	6.223605135124978677e-02	-6.392911746736446021e-02	5.500271715579939380e-02	-6.093797616448028143e-02	7.767476155310736041e-02	-5.555994088680259180e-02	4.516697949776840582e-02	-3.869008086660076506e-02	5.356305619203908380e-02	-5.195557940095301558e-02	4.699621069766703185e-02	-4.259239037408004552e-02	3.255484830262826701e-02	-7.138361896185649313e-02	4.843290106833026548e-02	-4.125799501098260935e-02	4.944852946891857559e-02
-1.186296607053173302e-01	1.665127850862602732e-01	-1.926148227413049252e-01	1.000000000000000222e+00	-4.147368953561999527e-01	1.053476938556972969e-01	-2.123036840624385746e-01	2.142854206563805930e-01	-6.785555394336266755e-01	2.817617924369822946e-01	-1.502476337031515841e-01	1.230266079570655618e-01	-2.615941927507387521e-01	2.651072419829585414e-01	-3.075890991616838099e-01	8.352054602572231423e-02	-1.340244634903392240e-01	1.645024136072199827e-01	-2.139695905493701755e-01	1.026830619468478700e-01	-7.562867502585374213e-02	1.247307404955277366e-01	-1.067697186023437578e-01	1.197187513469643860e-01	-1.088179559498765048e-01	8.642310192942988245e-02	-9.794194089118343771e-02	9.229955562003903935e-02	-1.020091960531014225e-01	1.054959230119403846e-01	-8.086895165034821420e-02	9.020890017180310805e-02	-1.251070692555177055e-01	8.903802645272575200e-02	-7.499160287081810261e-02	5.771403391676172001e-02	-8.216594198093263302e-02	8.111698250657081721e-02	-7.572483493035769841e-02	6.864222536510802830e-02	-4.898283157954264055e-02	1.073079236583313611e-01	-7.723677165208919781e-02	6.541637892270274479e-02	-8.039448593622859629e-02
5.951245181588842720e-02	-8.867011648349894248e-02	8.494288848505324174e-02	-4.147368953561999527e-01	1.000000000000000222e+00	-5.528190826119384199e-02	1.034271571104597998e-01	-1.121043903378361045e-01	2.599562947694080139e-01	-8.463446770299055677e-01	7.673171755731289512e-02	-6.429161607014233226e-02	1.310952667062234844e-01	-1.531212850136725867e-01	1.722801782132446224e-01	-4.666952700196402154e-02	7.237867266791443710e-02	-9.009684392529095087e-02	1.108685275144447174e-01	-6.071411827737908246e-02	4.193738614947613297e-02	-7.029801863109257087e-02	6.025013812266788449e-02	-7.199646571249754268e-02	6.124340573503808671e-02	-4.991343217162075296e-02	5.589063677518842088e-02	-5.308740893742110861e-02	5.975766481792360585e-02	-6.447842655470110984e-02	4.650568972266421602e-02	-5.257764504548423368e-02	7.330399999725192850e-02	-5.361209964478207135e-02	4.476043012671223481e-02	-3.466117757509646485e-02	4.838432602807871130e-02	-4.819719054146913428e-02	4.502459294853801419e-02	-4.118896743198247057e-02	2.917911667107831244e-02	-6.477945842851526304e-02	4.573539401597205567e-02	-3.914075222312500546e-02	4.762530282643037682e-02
-8.929216636309984523e-01	1.832839301679827226e-01	-1.506049165622216079e-01	1.053476938556972969e-01	-5.528190826119384199e-02	1.000000000000000888e+00	-2.931867353262018749e-01	1.710440931496912120e-01	-9.570524637583686933e-02	5.667674086748552414e-02	-1.768182196346766988e-01	1.383285275596029540e-01	-1.343173523389416535e-01	8.956780570847804046e-02	-9.907400981977720900e-02	6.729976719499337900e-02	-1.004458135794093210e-01	9.039579940132998204e-02	-9.600578479359686557e-02	4.206344486212780509e-02	-5.893449153348271491e-02	9.309633124748599442e-02	-6.385286002468644473e-02	6.805520764722919336e-02	-4.408058618461066502e-02	5.968666500970887245e-02	-6.443047900545742501e-02	5.698327094180188901e-02	-5.740657056653040297e-02	5.848020942933394167e-02	-5.413327990868971318e-02	5.893357160743126905e-02	-7.348814097495495745e-02	5.169198410560704032e-02	-4.165343984447882064e-02	3.719892960775012664e-02	-5.127897258093639526e-02	4.924910797181887567e-02	-4.398906138339511718e-02	3.971429155352698692e-02	-3.133302848255777040e-02	6.815758609867307583e-02	-4.572086435283159028e-02	3.881655383389144565e-02	-4.631075940470236185e-02
2.206823862374563960e-01	-3.629844209965992219e-01	2.568239209405007717e-01	-2.123036840624385746e-01	1.034271571104597998e-01	-2.931867353262018749e-01	1.000000000000000000e+00	-5.758511873184893881e-01	1.856871011412244699e-01	-1.109631814561216623e-01	2.669012287592069099e-01	-3.948884168671749073e-01	2.559618643993640807e-01	-1.764978460135858684e-01	1.773596146171337040e-01	-1.254107836249526986e-01	1.910973666601219478e-01	-1.808454631452739991e-01	1.755910481831980396e-01	-7.774225879042824527e-02	1.064665506046292148e-01	-1.831767593178693920e-01	1.185061057394393436e-01	-1.285820385745309880e-01	8.015472090457119447e-02	-1.120122480566801693e-01	1.196923186422890473e-01	-1.077440443074838272e-01	1.061813576552053107e-01	-1.097389750600383934e-01	9.954839841579325721e-02	-1.104480387692663157e-01	1.339971240550983933e-01	-9.638528896372641763e-02	7.726166497200803729e-02	-6.969480172966789622e-02	9.491983214431930216e-02	-9.137736069207885725e-02	8.132490891045247861e-02	-7.377295249335018290e-02	5.828819593105961927e-02	-1.281712540453367188e-01	8.421411620486018990e-02	-7.200905350585298792e-02	8.521235123117831822e-02
-1.881338073660889509e-01	2.950331330419717624e-01	-4.692932090758774599e-01	2.142854206563805930e-01	-1.121043903378361045e-01	1.710440931496912120e-01	-5.758511873184893881e-01	9.999999999999997780e-01	-2.572201489168232103e-01	1.171289822080945620e-01	-2.245063447734537143e-01	2.004089497640797191e-01	-4.104725860412581917e-01	1.943159951015966946e-01	-1.896267941135656998e-01	9.947846919160222012e-02	-1.614115178506453641e-01	1.814456627760416829e-01	-1.858061577920724350e-01	7.574126500665150086e-02	-8.816553554608323739e-02	1.444435214998940342e-01	-1.074699039966096198e-01	1.125789549721160354e-01	-7.844325544032494657e-02	9.244183848977600981e-02	-1.020392456992242486e-01	9.424941704674104359e-02	-9.395060958347416225e-02	9.543126955221030439e-02	-8.408055816300220864e-02	9.265783269710001213e-02	-1.162892372497296850e-01	8.311742729754806325e-02	-6.752833769119422069e-02	5.797262985432800886e-02	-8.070653355680232344e-02	7.790785397372257393e-02	-7.033228214288683722e-02	6.363884044832956999e-02	-4.887156583264122556e-02	1.067742580249774059e-01	-7.244267781294169706e-02	6.163791311990364508e-02	-7.386301371667208793e-02
1.013167158397799694e-01	-1.594809010569985530e-01	1.546441760278505773e-01	-6.785555394336266755e-01	2.599562947694080139e-01	-9.570524637583686933e-02	1.856871011412244699e-01	-2.572201489168232103e-01	1.000000000000000444e+00	-3.661687745727174592e-01	1.297550120180788469e-01	-1.124070506145559561e-01	2.371145532928229105e-01	-4.211106101606340579e-01	2.638637391348199190e-01	-7.841885158512133802e-02	1.226927360222432178e-01	-1.642073097963803463e-01	1.976410519850862191e-01	-9.530116148581667390e-02	6.992258768666544111e-02	-1.193203785983211057e-01	9.982375380889924044e-02	-1.165396199814284495e-01	9.553777106895029736e-02	-8.232464749251425240e-02	9.188614032663555697e-02	-8.824510838236325483e-02	9.586595304933052952e-02	-1.020212290571929636e-01	7.593275826036960385e-02	-8.598234574438388955e-02	1.163459607993388850e-01	-8.536211868798075642e-02	7.088878875814377811e-02	-5.587110474556065964e-02	7.788061119751849004e-02	-7.712777106191416598e-02	7.159981822788846761e-02	-6.541709400643921923e-02	4.698026989007907800e-02	-1.042730496540373863e-01	7.274979407718983049e-02	-6.229310889044077648e-02	7.547999164620992907e-02
-6.191589750197946940e-02	8.545285514265213433e-02	-8.374477016890019554e-02	2.817617924369822946e-01	-8.463446770299055677e-01	5.667674086748552414e-02	-1.109631814561216623e-01	1.171289822080945620e-01	-3.661687745727174592e-01	9.999999999999996669e-01	-8.172031020334805107e-02	6.800990817280559708e-02	-1.454640747289605851e-01	1.701877425503219299e-01	-2.212539701758012012e-01	4.873532453553515442e-02	-7.679644706451904668e-02	9.693833606088785027e-02	-1.234245450277008521e-01	6.818076194674799195e-02	-4.391133789214592131e-02	7.348340275481146655e-02	-6.344740485369815275e-02	7.460964355006959037e-02	-6.985115950501741278e-02	5.172862997282063474e-02	-5.828576402003268764e-02	5.546711118499985521e-02	-6.245118769100692357e-02	6.676697716149208872e-02	-4.826612064146110909e-02	5.442015964488310098e-02	-7.592046203036884044e-02	5.530117076417272182e-02	-4.663765495559497182e-02	3.544137778008017020e-02	-4.993438874078667822e-02	4.968462085746404994e-02	-4.660396452972410952e-02	4.254350868208829628e-02	-2.992326799594712677e-02	6.620197475795401576e-02	-4.725111608863404034e-02	4.031817257560666584e-02	-4.934624982978389612e-02
1.447503628152472799e-01	-1.734226739120897087e-01	1.317217618281056879e-01	-1.502476337031515841e-01	7.673171755731289512e-02	-1.768182196346766988e-01	2.669012287592069099e-01	-2.245063447734537143e-01	1.297550120180788469e-01	-8.172031020334805107e-02	1.000000000000000666e+00	-7.648561368781316983e-01	1.995386359658059272e-01	-1.405182930044524825e-01	1.488900663625097320e-01	-2.330668159585545796e-01	2.552232868878181460e-01	-1.738316592096255664e-01	1.624335131047186243e-01	-6.986479637022266487e-02	1.655459926315968611e-01	-2.608804193765691393e-01	1.276246133437463903e-01	-1.288589589722213546e-01	7.241154996737386718e-02	-1.432617321918965292e-01	1.435435151033853385e-01	-1.189809941430789025e-01	1.074552405729486820e-01	-1.080317513104689514e-01	1.211008043597807393e-01	-1.296846888082604787e-01	1.380256479146223236e-01	-9.765341720186808405e-02	7.702339737340287151e-02	-7.638988947886674041e-02	1.038918357967065081e-01	-9.678826975823698331e-02	8.311371994556079890e-02	-7.475052534733207799e-02	6.395205169977541404e-02	-1.381353537983506519e-01	8.710934753392818308e-02	-7.406733059891298931e-02	8.638561322332755088e-02
-1.275797349890351318e-01	1.469943332991610063e-01	-1.194969610965439244e-01	1.230266079570655618e-01	-6.429161607014233226e-02	1.383285275596029540e-01	-3.948884168671749073e-01	2.004089497640797191e-01	-1.124070506145559561e-01	6.800990817280559708e-02	-7.648561368781316983e-01	1.000000000000001776e+00	-1.993439059215496578e-01	1.220358739380600077e-01	-1.276103682372379255e-01	1.593226331331414336e-01	-3.448830768313778661e-01	1.587928722215372623e-01	-1.483641981345508176e-01	5.821881006295447775e-02	-1.367521122797033528e-01	2.160575829238866041e-01	-1.088787686070205596e-01	1.038078297132587757e-01	-6.045363097754101467e-02	1.119545854899974963e-01	-1.204142762494119639e-01	9.818556036863244907e-02	-8.760985393549709788e-02	8.606321283920860543e-02	-9.849015548822681598e-02	1.035364494422064685e-01	-1.116223970760772261e-01	7.794341783194883022e-02	-6.175895231902724797e-02	5.977501542410824237e-02	-8.335460435734047546e-02	7.712342578733279164e-02	-6.660879965680709114e-02	5.964144819888685112e-02	-5.057333070438049805e-02	1.077817812321484187e-01	-6.971606663732940468e-02	5.891165094949019077e-02	-6.925624848267988853e-02
1.356339170971165853e-01	-2.105713717800751505e-01	1.857203044554837090e-01	-2.615941927507387521e-01	1.310952667062234844e-01	-1.343173523389416535e-01	2.559618643993640807e-01	-4.104725860412581917e-01	2.371145532928229105e-01	-1.454640747289605851e-01	1.995386359658059272e-01	-1.993439059215496578e-01	9.999999999999995559e-01	-4.178101853785365360e-01	2.721504062511270750e-01	-1.350532342683390397e-01	2.181056391076862944e-01	-4.649008406032734131e-01	3.051281903410345553e-01	-1.202994162173394582e-01	1.171810449849604446e-01	-2.166444002632522403e-01	1.741251870419075753e-01	-1.868402016376680963e-01	1.189738768619981596e-01	-1.391587928602771584e-01	1.539064610118999199e-01	-1.566139930735782060e-01	1.490610275308638932e-01	-1.545812577469422022e-01	1.244754223063901100e-01	-1.433961193781148058e-01	1.785363930584669689e-01	-1.327914647219251565e-01	1.069581773390479856e-01	-9.088536769452915109e-02	1.247167769534131276e-01	-1.218730142431787705e-01	1.104447949020615077e-01	-1.008457205722295968e-01	7.581099575084439268e-02	-1.694621728798013094e-01	1.126671805462690357e-01	-9.704633210961872980e-02	1.152133643831155241e-01
-9.534969892411224168e-02	1.294456770809940538e-01	-1.224070869577118942e-01	2.651072419829585414e-01	-1.531212850136725867e-01	8.956780570847804046e-02	-1.764978460135858684e-01	1.943159951015966946e-01	-4.211106101606340579e-01	1.701877425503219299e-01	-1.405182930044524825e-01	1.220358739380600077e-01	-4.178101853785365360e-01	9.999999999999993339e-01	-5.960518551127790277e-01	9.199480350049860089e-02	-1.524455444192879539e-01	2.436410575299813586e-01	-3.998401099699408490e-01	1.465971155084913324e-01	-8.205832136928203902e-02	1.447502908730156912e-01	-1.274403744091150426e-01	1.457550569477299718e-01	-1.467073491833257304e-01	9.784459175927469332e-02	-1.110511279796522616e-01	1.104086389997803036e-01	-1.189746703075120760e-01	1.259245592528332458e-01	-8.993514700891924729e-02	1.027663649639765919e-01	-1.374723088748596722e-01	1.029194921667531404e-01	-8.714378171686128216e-02	6.540056643991980223e-02	-9.228942362187579629e-02	9.154016294114897256e-02	-8.596599642917346351e-02	7.865635346998066380e-02	-5.503849850952742540e-02	1.225222295832765623e-01	-8.628224822938695970e-02	7.401572117276471185e-02	-9.023357349178365294e-02
1.038380777342671341e-01	-1.408975609797757100e-01	1.239830607817213187e-01	-3.075890991616838099e-01	1.722801782132446224e-01	-9.907400981977720900e-02	1.773596146171337040e-01	-1.896267941135656998e-01	2.638637391348199190e-01	-2.212539701758012012e-01	1.488900663625097320e-01	-1.276103682372379255e-01	2.721504062511270750e-01	-5.960518551127790277e-01	1.000000000000000000e+00	-1.060652178799604134e-01	1.592672613020489625e-01	-2.193668925559409677e-01	2.569055008702940679e-01	-2.919024020174273981e-01	9.463034931444055942e-02	-1.634898852512544076e-01	1.454542896125551876e-01	-1.994525159121911528e-01	2.106175676767923222e-01	-1.200000646864399362e-01	1.336700019064553102e-01	-1.309777612912791933e-01	1.570730641602955391e-01	-1.898015482579901159e-01	1.114738444561976238e-01	-1.289836446918589674e-01	1.834569486693796436e-01	-1.446610510211029377e-01	1.236114377726092312e-01	-8.714860126053620981e-02	1.208090267706492527e-01	-1.231622325211698676e-01	1.182399150306742974e-01	-1.105510940032927852e-01	7.281194096222196044e-02	-1.649604939046128149e-01	1.168506355190057355e-01	-1.019615252618073786e-01	1.238769588961300960e-01
-6.752474887892019606e-02	7.506427614991655062e-02	-6.345027834620667329e-02	8.352054602572231423e-02	-4.666952700196402154e-02	6.729976719499337900e-02	-1.254107836249526986e-01	9.947846919160222012e-02	-7.841885158512133802e-02	4.873532453553515442e-02	-2.330668159585545796e-01	1.593226331331414336e-01	-1.350532342683390397e-01	9.199480350049860089e-02	-1.060652178799604134e-01	1.000000000000000888e+00	-2.775189576782039480e-01	1.301912723393939542e-01	-1.322944910396729457e-01	5.180221198965612173e-02	-8.405565257871051577e-01	2.333212026453052867e-01	-1.284345913631390612e-01	1.042506261709157250e-01	-5.472516419186353176e-02	2.204540734678464564e-01	-1.753261017593890914e-01	1.148396538774727332e-01	-9.419145192643883779e-02	8.610779943977839301e-02	-2.017144020959909800e-01	1.413113425345468854e-01	-1.296842445206136951e-01	8.274230547888945797e-02	-6.452893332215919875e-02	7.584204385717782659e-02	-1.053519908936359911e-01	8.960365153441908481e-02	-7.344997667647602813e-02	6.392102277127216514e-02	-6.726652947813584194e-02	1.212599934307111993e-01	-7.917340997550061099e-02	6.469407885714975603e-02	-7.582843917793599675e-02
9.800844573983244490e-02	-1.188908118980566697e-01	9.898648041533820996e-02	-1.340244634903392240e-01	7.237867266791443710e-02	-1.004458135794093210e-01	1.910973666601219478e-01	-1.614115178506453641e-01	1.226927360222432178e-01	-7.679644706451904668e-02	2.552232868878181460e-01	-3.448830768313778661e-01	2.181056391076862944e-01	-1.524455444192879539e-01	1.592672613020489625e-01	-2.775189576782039480e-01	1.000000000000001998e+00	-3.418919957532666754e-01	2.262424421834925425e-01	-7.913840918013899384e-02	2.120475930954441035e-01	-6.778715180453525058e-01	1.831765821853969523e-01	-1.572385978682963592e-01	8.182179520579395404e-02	-1.920811714148477345e-01	2.204014173974690460e-01	-1.722173957790478216e-01	1.318014346386843227e-01	-1.242016068209269158e-01	1.594778295782798561e-01	-1.812193039427814067e-01	1.655485970951200980e-01	-1.155094821771173730e-01	8.993668775240790114e-02	-9.231607542200279126e-02	1.322025025411295573e-01	-1.187741861574471980e-01	9.893883765894669058e-02	-8.790734932678083424e-02	7.788906229115852287e-02	-1.675441928998457064e-01	1.040664560061927008e-01	-8.766953304520699874e-02	1.015237463058110134e-01
-9.439841308719762458e-02	1.209018326436009233e-01	-1.103372657657331057e-01	1.645024136072199827e-01	-9.009684392529095087e-02	9.039579940132998204e-02	-1.808454631452739991e-01	1.814456627760416829e-01	-1.642073097963803463e-01	9.693833606088785027e-02	-1.738316592096255664e-01	1.587928722215372623e-01	-4.649008406032734131e-01	2.436410575299813586e-01	-2.193668925559409677e-01	1.301912723393939542e-01	-3.418919957532666754e-01	1.000000000000001554e+00	-6.702111267996794242e-01	1.045775582936141618e-01	-1.162706715170980648e-01	2.276066692523202872e-01	-2.521640427013558394e-01	1.710720390031915672e-01	-1.062213100252692444e-01	1.302956860021592667e-01	-1.589423332819085433e-01	1.753020168998301875e-01	-1.401608866428752098e-01	1.256435025435667374e-01	-1.169451264422158715e-01	1.339575578115903831e-01	-1.545282672744356378e-01	1.120720450198638557e-01	-8.982691370908633954e-02	7.640504576250055357e-02	-1.107118146413087895e-01	1.047441821849507404e-01	-9.410639351241952000e-02	8.425612278286925827e-02	-6.467265412302118655e-02	1.416575878706840819e-01	-9.573498250860447423e-02	8.122800176207375933e-02	-9.712380960888689074e-02
9.897235940503280871e-02	-1.312776937702063995e-01	1.146309364659877233e-01	-2.139695905493701755e-01	1.108685275144447174e-01	-9.600578479359686557e-02	1.755910481831980396e-01	-1.858061577920724350e-01	1.976410519850862191e-01	-1.234245450277008521e-01	1.624335131047186243e-01	-1.483641981345508176e-01	3.051281903410345553e-01	-3.998401099699408490e-01	2.569055008702940679e-01	-1.322944910396729457e-01	2.262424421834925425e-01	-6.702111267996794242e-01	1.000000000000002220e+00	-1.442238064909989459e-01	1.148252846180819325e-01	-2.283965413409216882e-01	1.937172814891532091e-01	-2.175458413938912983e-01	1.321779003721677559e-01	-1.401643223276882178e-01	1.583459712040234668e-01	-1.733800120921852594e-01	1.607333010709190713e-01	-1.556037518377367257e-01	1.241997369645250204e-01	-1.458145076635495030e-01	1.755680404754213775e-01	-1.337987000788755099e-01	1.076297599924329190e-01	-8.854782912551444063e-02	1.237972224014258216e-01	-1.206968022769503296e-01	1.102432408496744343e-01	-1.002766515166296085e-01	7.401436470314226579e-02	-1.659400632176335211e-01	1.108836949754372636e-01	-9.558371589144537550e-02	1.138124902775982106e-01
-4.493948642434639901e-02	5.602144851489174876e-02	-4.999987638864325512e-02	1.026830619468478700e-01	-6.071411827737908246e-02	4.206344486212780509e-02	-7.774225879042824527e-02	7.574126500665150086e-02	-9.530116148581667390e-02	6.818076194674799195e-02	-6.986479637022266487e-02	5.821881006295447775e-02	-1.202994162173394582e-01	1.465971155084913324e-01	-2.919024020174273981e-01	5.180221198965612173e-02	-7.913840918013899384e-02	1.045775582936141618e-01	-1.442238064909989459e-01	9.999999999999985567e-01	-4.731428371162678392e-02	7.981355336198495132e-02	-8.523050404521255452e-02	1.380819821827092009e-01	-8.947191067504807194e-01	6.243585768847349782e-02	-7.336943764881399821e-02	7.364603100058053631e-02	-1.217023607601502438e-01	1.603376707444670590e-01	-6.034707194091672861e-02	7.053484252505112795e-02	-1.182284296749808034e-01	9.752840772583713791e-02	-1.114095197727433817e-01	4.559570841849985845e-02	-7.019104368853124054e-02	7.540445833068214199e-02	-8.329999104287846845e-02	7.782014654729205172e-02	-3.897972020975994795e-02	8.828779723393742618e-02	-7.605449128455801788e-02	6.520853765569759042e-02	-8.910650039284788437e-02
5.837489868025588780e-02	-6.696526940217878421e-02	5.602314710444713380e-02	-7.562867502585374213e-02	4.193738614947613297e-02	-5.893449153348271491e-02	1.064665506046292148e-01	-8.816553554608323739e-02	6.992258768666544111e-02	-4.391133789214592131e-02	1.655459926315968611e-01	-1.367521122797033528e-01	1.171810449849604446e-01	-8.205832136928203902e-02	9.463034931444055942e-02	-8.405565257871051577e-01	2.120475930954441035e-01	-1.162706715170980648e-01	1.148252846180819325e-01	-4.731428371162678392e-02	1.000000000000001776e+00	-2.828739872406985101e-01	1.196259714654863554e-01	-9.876172754925040265e-02	4.984758589401849099e-02	-3.178028159497899852e-01	1.726234232209631347e-01	-1.132085119047812893e-01	8.775621720045614915e-02	-8.137920406737406132e-02	1.912782781227900519e-01	-1.451241614180866502e-01	1.199287083546071997e-01	-7.833400969882733933e-02	6.057221995687545740e-02	-7.492192046613833922e-02	1.012508615342792295e-01	-8.622715081620599409e-02	6.913675783593445368e-02	-6.039742089699220301e-02	6.449242417561305840e-02	-1.200395446845134023e-01	7.452455517140761654e-02	-6.141438845448407569e-02	7.091439194294589521e-02
-9.586460484892990463e-02	1.069813343283476104e-01	-9.262065918318242164e-02	1.247307404955277366e-01	-7.029801863109257087e-02	9.309633124748599442e-02	-1.831767593178693920e-01	1.444435214998940342e-01	-1.193203785983211057e-01	7.348340275481146655e-02	-2.608804193765691393e-01	2.160575829238866041e-01	-2.166444002632522403e-01	1.447502908730156912e-01	-1.634898852512544076e-01	2.333212026453052867e-01	-6.778715180453525058e-01	2.276066692523202872e-01	-2.283965413409216882e-01	7.981355336198495132e-02	-2.828739872406985101e-01	1.000000000000002887e+00	-2.366156578014776413e-01	1.621514107449414932e-01	-8.421737653180558225e-02	2.122173596389919648e-01	-3.738576155698642989e-01	1.999480277327843891e-01	-1.457736597333281758e-01	1.276013035134800355e-01	-1.952207756872275657e-01	2.065366069391385007e-01	-1.878646109876769832e-01	1.222352658152144889e-01	-9.527832083860261758e-02	9.707472342090726902e-02	-1.528046983649812285e-01	1.294986732180156419e-01	-1.072830267370872281e-01	9.341023632735465099e-02	-8.464813329676765252e-02	1.724926091437259668e-01	-1.140131164818307674e-01	9.361041923491242311e-02	-1.099597796428528201e-01
6.697112738513147367e-02	-7.893638493535919121e-02	6.897429700480894876e-02	-1.067697186023437578e-01	6.025013812266788449e-02	-6.385286002468644473e-02	1.185061057394393436e-01	-1.074699039966096198e-01	9.982375380889924044e-02	-6.344740485369815275e-02	1.276246133437463903e-01	-1.088787686070205596e-01	1.741251870419075753e-01	-1.274403744091150426e-01	1.454542896125551876e-01	-1.284345913631390612e-01	1.831765821853969523e-01	-2.521640427013558394e-01	1.937172814891532091e-01	-8.523050404521255452e-02	1.196259714654863554e-01	-2.366156578014776413e-01	9.999999999999991118e-01	-3.221037450074484831e-01	9.005535553238483426e-02	-1.944136910587180023e-01	2.656846753617387868e-01	-7.591277144984869274e-01	2.242453720923904548e-01	-1.509103805377263741e-01	1.614841686491065575e-01	-2.165223768614620292e-01	1.943149176199474859e-01	-1.496281267589602282e-01	1.108857665458735930e-01	-9.915028430177719176e-02	1.508269640195981365e-01	-1.394099420442299064e-01	1.207640241432898914e-01	-1.058824954310438465e-01	8.343312369971955800e-02	-1.882679666163895038e-01	1.198949779612338284e-01	-1.022195307943497139e-01	1.191951539894843537e-01
-7.390986063804033668e-02	8.327882615033740943e-02	-7.462673804366150299e-02	1.197187513469643860e-01	-7.199646571249754268e-02	6.805520764722919336e-02	-1.285820385745309880e-01	1.125789549721160354e-01	-1.165396199814284495e-01	7.460964355006959037e-02	-1.288589589722213546e-01	1.038078297132587757e-01	-1.868402016376680963e-01	1.457550569477299718e-01	-1.994525159121911528e-01	1.042506261709157250e-01	-1.572385978682963592e-01	1.710720390031915672e-01	-2.175458413938912983e-01	1.380819821827092009e-01	-9.876172754925040265e-02	1.621514107449414932e-01	-3.221037450074484831e-01	1.000000000000004441e+00	-1.705718608124668356e-01	1.403046850917009092e-01	-1.851146051806950299e-01	2.272392868093583707e-01	-7.351751346139036025e-01	2.248061935013907497e-01	-1.380873377836583371e-01	1.632201447067226363e-01	-2.795313526757211564e-01	2.412483311583763779e-01	-1.853579458812490699e-01	9.561954035835011634e-02	-1.585683480474537055e-01	1.683829300011051577e-01	-1.931204346981279796e-01	1.580875427425300073e-01	-8.333481895806005291e-02	1.856773281121859021e-01	-1.650693105808971328e-01	1.382944967486362808e-01	-1.843408579345634513e-01
4.685976812273995318e-02	-5.877908455903588236e-02	5.188570715756878754e-02	-1.088179559498765048e-01	6.124340573503808671e-02	-4.408058618461066502e-02	8.015472090457119447e-02	-7.844325544032494657e-02	9.553777106895029736e-02	-6.985115950501741278e-02	7.241154996737386718e-02	-6.045363097754101467e-02	1.189738768619981596e-01	-1.467073491833257304e-01	2.106175676767923222e-01	-5.472516419186353176e-02	8.182179520579395404e-02	-1.062213100252692444e-01	1.321779003721677559e-01	-8.947191067504807194e-01	4.984758589401849099e-02	-8.421737653180558225e-02	9.005535553238483426e-02	-1.705718608124668356e-01	1.000000000000004885e+00	-6.658127906832007892e-02	7.762770298022930726e-02	-7.897616755288097701e-02	1.315683224404748941e-01	-2.161551783247952774e-01	6.403581580229555925e-02	-7.528485532928017032e-02	1.238543522857855905e-01	-1.089785384204759178e-01	1.207427834372528375e-01	-4.924641283097719313e-02	7.482580482263748167e-02	-8.087202775065860383e-02	8.953721673029137185e-02	-8.578987743325018622e-02	4.189191992240836465e-02	-9.560810428986198095e-02	8.041367751873870762e-02	-7.015249894169264810e-02	9.388148403404532327e-02
-6.275084677019683588e-02	6.940340332466171658e-02	-6.041981930927874805e-02	8.642310192942988245e-02	-4.991343217162075296e-02	5.968666500970887245e-02	-1.120122480566801693e-01	9.244183848977600981e-02	-8.232464749251425240e-02	5.172862997282063474e-02	-1.432617321918965292e-01	1.119545854899974963e-01	-1.391587928602771584e-01	9.784459175927469332e-02	-1.200000646864399362e-01	2.204540734678464564e-01	-1.920811714148477345e-01	1.302956860021592667e-01	-1.401643223276882178e-01	6.243585768847349782e-02	-3.178028159497899852e-01	2.122173596389919648e-01	-1.944136910587180023e-01	1.403046850917009092e-01	-6.658127906832007892e-02	1.000000000000000666e+00	-4.062622617445139639e-01	1.818233349260942322e-01	-1.330737030769181817e-01	1.173990213686524481e-01	-7.076436400452993380e-01	2.838229259205615196e-01	-1.964148190795292348e-01	1.183018687337040048e-01	-9.047359698613788304e-02	1.360260471352459921e-01	-1.841010954533712496e-01	1.414699399232771659e-01	-1.082061518185570975e-01	9.207655346096796367e-02	-1.233891616007336406e-01	1.889036790657186438e-01	-1.194008489975001974e-01	9.528071534275989185e-02	-1.098338331492101916e-01
6.728688727616716214e-02	-7.645010267260667070e-02	6.628727258775930775e-02	-9.794194089118343771e-02	5.589063677518842088e-02	-6.443047900545742501e-02	1.196923186422890473e-01	-1.020392456992242486e-01	9.188614032663555697e-02	-5.828576402003268764e-02	1.435435151033853385e-01	-1.204142762494119639e-01	1.539064610118999199e-01	-1.110511279796522616e-01	1.336700019064553102e-01	-1.753261017593890914e-01	2.204014173974690460e-01	-1.589423332819085433e-01	1.583459712040234668e-01	-7.336943764881399821e-02	1.726234232209631347e-01	-3.738576155698642989e-01	2.656846753617387868e-01	-1.851146051806950299e-01	7.762770298022930726e-02	-4.062622617445139639e-01	9.999999999999994449e-01	-4.301083250969769955e-01	1.660429827470614184e-01	-1.431063142513067932e-01	2.794730146742827048e-01	-5.246795370845294126e-01	2.161357251397469925e-01	-1.445049207958227222e-01	1.073847390947917230e-01	-1.275629321154352902e-01	2.192528800593945282e-01	-1.759067782654120671e-01	1.267734824732844601e-01	-1.094864808471634893e-01	1.084553089632651762e-01	-2.391719730925095377e-01	1.363487794014238141e-01	-1.126898006296455645e-01	1.253257920819488835e-01
-6.038197023175096573e-02	6.929236697629428954e-02	-6.114807774214240516e-02	9.229955562003903935e-02	-5.308740893742110861e-02	5.698327094180188901e-02	-1.077440443074838272e-01	9.424941704674104359e-02	-8.824510838236325483e-02	5.546711118499985521e-02	-1.189809941430789025e-01	9.818556036863244907e-02	-1.566139930735782060e-01	1.104086389997803036e-01	-1.309777612912791933e-01	1.148396538774727332e-01	-1.722173957790478216e-01	1.753020168998301875e-01	-1.733800120921852594e-01	7.364603100058053631e-02	-1.132085119047812893e-01	1.999480277327843891e-01	-7.591277144984869274e-01	2.272392868093583707e-01	-7.897616755288097701e-02	1.818233349260942322e-01	-4.301083250969769955e-01	1.000000000000000666e+00	-2.488677636734317189e-01	1.355047930564321768e-01	-1.666449725926764935e-01	2.083580159830082379e-01	-1.989953876356269913e-01	1.392606201707592972e-01	-1.032466192637176289e-01	8.888859959855312243e-02	-1.506998678616139897e-01	1.314735352411237346e-01	-1.147138797103902375e-01	9.804486010601030921e-02	-7.699322546795847599e-02	1.660091604551738875e-01	-1.137984906298727950e-01	9.459680303179685001e-02	-1.123267519002126430e-01
6.169547445353425891e-02	-7.033927249073827770e-02	6.223605135124978677e-02	-1.020091960531014225e-01	5.975766481792360585e-02	-5.740657056653040297e-02	1.061813576552053107e-01	-9.395060958347416225e-02	9.586595304933052952e-02	-6.245118769100692357e-02	1.074552405729486820e-01	-8.760985393549709788e-02	1.490610275308638932e-01	-1.189746703075120760e-01	1.570730641602955391e-01	-9.419145192643883779e-02	1.318014346386843227e-01	-1.401608866428752098e-01	1.607333010709190713e-01	-1.217023607601502438e-01	8.775621720045614915e-02	-1.457736597333281758e-01	2.242453720923904548e-01	-7.351751346139036025e-01	1.315683224404748941e-01	-1.330737030769181817e-01	1.660429827470614184e-01	-2.488677636734317189e-01	1.000000000000002442e+00	-3.048755766582239568e-01	1.256774538906305083e-01	-1.566419254445806097e-01	2.413854126707722370e-01	-3.777413947775309366e-01	2.093530106402594626e-01	-9.381468955323994663e-02	1.493809557778127961e-01	-1.682815826056315023e-01	2.018311417918192685e-01	-1.766240104508390030e-01	7.988311525994679085e-02	-1.868045982791465554e-01	1.541738134969816154e-01	-1.399842918841280870e-01	1.750177347305180153e-01
-6.395950350962500974e-02	7.126315514022787956e-02	-6.392911746736446021e-02	1.054959230119403846e-01	-6.447842655470110984e-02	5.848020942933394167e-02	-1.097389750600383934e-01	9.543126955221030439e-02	-1.020212290571929636e-01	6.676697716149208872e-02	-1.080317513104689514e-01	8.606321283920860543e-02	-1.545812577469422022e-01	1.259245592528332458e-01	-1.898015482579901159e-01	8.610779943977839301e-02	-1.242016068209269158e-01	1.256435025435667374e-01	-1.556037518377367257e-01	1.603376707444670590e-01	-8.137920406737406132e-02	1.276013035134800355e-01	-1.509103805377263741e-01	2.248061935013907497e-01	-2.161551783247952774e-01	1.173990213686524481e-01	-1.431063142513067932e-01	1.355047930564321768e-01	-3.048755766582239568e-01	1.000000000000001776e+00	-1.218360809066713485e-01	1.459376759753530928e-01	-3.146327935189431879e-01	2.951608545661025818e-01	-6.696762428867953920e-01	9.382377819885137638e-02	-1.662752235629715858e-01	1.968519878793408562e-01	-2.722987540043342869e-01	2.661020049875012505e-01	-8.243001892152630738e-02	1.904583129403509822e-01	-2.154567042612812455e-01	1.849961777434862564e-01	-2.974718332357336736e-01
5.662514538055593571e-02	-6.354367269415249486e-02	5.500271715579939380e-02	-8.086895165034821420e-02	4.650568972266421602e-02	-5.413327990868971318e-02	9.954839841579325721e-02	-8.408055816300220864e-02	7.593275826036960385e-02	-4.826612064146110909e-02	1.211008043597807393e-01	-9.849015548822681598e-02	1.244754223063901100e-01	-8.993514700891924729e-02	1.114738444561976238e-01	-2.017144020959909800e-01	1.594778295782798561e-01	-1.169451264422158715e-01	1.241997369645250204e-01	-6.034707194091672861e-02	1.912782781227900519e-01	-1.952207756872275657e-01	1.614841686491065575e-01	-1.380873377836583371e-01	6.403581580229555925e-02	-7.076436400452993380e-01	2.794730146742827048e-01	-1.666449725926764935e-01	1.256774538906305083e-01	-1.218360809066713485e-01	1.000000000000000888e+00	-4.746527825870758832e-01	1.951595656863719108e-01	-1.235136687985721737e-01	9.269340678002922773e-02	-1.953971242552444698e-01	2.074559612664417241e-01	-1.624912766539563236e-01	1.128084598541898020e-01	-9.695438244569255792e-02	1.465712853411663130e-01	-2.352853447951624988e-01	1.260073047617666087e-01	-1.025700080954424082e-01	1.129141067031528139e-01
-6.267310483487230355e-02	6.943391036356572066e-02	-6.093797616448028143e-02	9.020890017180310805e-02	-5.257764504548423368e-02	5.893357160743126905e-02	-1.104480387692663157e-01	9.265783269710001213e-02	-8.598234574438388955e-02	5.442015964488310098e-02	-1.296846888082604787e-01	1.035364494422064685e-01	-1.433961193781148058e-01	1.027663649639765919e-01	-1.289836446918589674e-01	1.413113425345468854e-01	-1.812193039427814067e-01	1.339575578115903831e-01	-1.458145076635495030e-01	7.053484252505112795e-02	-1.451241614180866502e-01	2.065366069391385007e-01	-2.165223768614620292e-01	1.632201447067226363e-01	-7.528485532928017032e-02	2.838229259205615196e-01	-5.246795370845294126e-01	2.083580159830082379e-01	-1.566419254445806097e-01	1.459376759753530928e-01	-4.746527825870758832e-01	1.000000000000002442e+00	-2.934924095459502391e-01	1.543499159317873182e-01	-1.150744513347596032e-01	1.414064376044091020e-01	-4.549116348061980064e-01	2.242232204412133445e-01	-1.490507444387172420e-01	1.217714130004279444e-01	-1.290425641658769496e-01	2.637826834225682759e-01	-1.682509952856996449e-01	1.291140890165810573e-01	-1.435479920816423172e-01
7.901349153682092619e-02	-8.830542638539902456e-02	7.767476155310736041e-02	-1.251070692555177055e-01	7.330399999725192850e-02	-7.348814097495495745e-02	1.339971240550983933e-01	-1.162892372497296850e-01	1.163459607993388850e-01	-7.592046203036884044e-02	1.380256479146223236e-01	-1.116223970760772261e-01	1.785363930584669689e-01	-1.374723088748596722e-01	1.834569486693796436e-01	-1.296842445206136951e-01	1.655485970951200980e-01	-1.545282672744356378e-01	1.755680404754213775e-01	-1.182284296749808034e-01	1.199287083546071997e-01	-1.878646109876769832e-01	1.943149176199474859e-01	-2.795313526757211564e-01	1.238543522857855905e-01	-1.964148190795292348e-01	2.161357251397469925e-01	-1.989953876356269913e-01	2.413854126707722370e-01	-3.146327935189431879e-01	1.951595656863719108e-01	-2.934924095459502391e-01	1.000000000000001554e+00	-3.899977866671928695e-01	2.284958735044463896e-01	-1.778720786899338213e-01	2.806806708023549812e-01	-4.467899717144846461e-01	2.676596824961961496e-01	-2.394834230202831094e-01	1.463111424914068093e-01	-3.832317858131259469e-01	2.580877324354878821e-01	-2.436993880805195245e-01	2.404666285473931464e-01
-5.624300061117632615e-02	6.233594682850975705e-02	-5.555994088680259180e-02	8.903802645272575200e-02	-5.361209964478207135e-02	5.169198410560704032e-02	-9.638528896372641763e-02	8.311742729754806325e-02	-8.536211868798075642e-02	5.530117076417272182e-02	-9.765341720186808405e-02	7.794341783194883022e-02	-1.327914647219251565e-01	1.029194921667531404e-01	-1.446610510211029377e-01	8.274230547888945797e-02	-1.155094821771173730e-01	1.120720450198638557e-01	-1.337987000788755099e-01	9.752840772583713791e-02	-7.833400969882733933e-02	1.222352658152144889e-01	-1.496281267589602282e-01	2.412483311583763779e-01	-1.089785384204759178e-01	1.183018687337040048e-01	-1.445049207958227222e-01	1.392606201707592972e-01	-3.777413947775309366e-01	2.951608545661025818e-01	-1.235136687985721737e-01	1.543499159317873182e-01	-3.899977866671928695e-01	1.000000000000001332e+00	-4.625112102502405009e-01	9.708990448288673525e-02	-1.848816280196365347e-01	2.382104490601099633e-01	-5.372940848021253712e-01	2.893323176777519157e-01	-8.484896408529635226e-02	2.028800169942401865e-01	-2.175965199849781984e-01	1.935095187765636382e-01	-2.720372938792114947e-01
