1.000000000000000000e+00	-3.692184242179940012e-01	1.719676262665437161e-01	-1.078329465953053873e-01	1.224138113698051422e-01	-7.834284867137490949e-01	1.601036152114562738e-01	-2.107308740353509569e-01	1.117581692156979917e-01	-1.020556112195179360e-01	2.771181703008129271e-01	-1.630993302899828301e-01	1.195313143542671291e-01	-1.106095654994712213e-01	1.060784742691539828e-01	-1.136325931528602978e-01	9.154923059474906477e-02	-1.262855318765489232e-01	8.821779111021510467e-02	-1.248147522065488624e-01	1.158009562754044319e-01	-8.502174602432913120e-02	1.333189425931597671e-01	-9.310245200143139888e-02	1.073929612070263495e-01	-6.189777987007479693e-02	6.475887838620011938e-02	-6.380608753797752108e-02	5.458578313472135790e-02	-5.973689114230994190e-02	4.605264561878345819e-02	-5.913172700504422397e-02	6.013222355873150404e-02	-5.327705285488244097e-02	5.549420089055110555e-02	-4.273582077796474199e-02	4.458048731606920057e-02	-4.303836279013200511e-02	4.599471038560546537e-02	-3.095918627447948046e-02	3.253348128251286331e-02	-2.645231438606195085e-02	3.790357516287038570e-02	-3.414385104628672035e-02	3.803847556961585663e-02
-3.692184242179940012e-01	1.000000000000000222e+00	-6.215311473731888192e-01	2.296408208600200784e-01	-2.897815652168145850e-01	2.148240473881350143e-01	-2.293915950167948192e-01	3.075436724419055023e-01	-2.150486598011956407e-01	1.722736265553793944e-01	-3.008290770777271028e-01	1.708633550656483147e-01	-1.943161434475086935e-01	1.698072407875880208e-01	-1.805312078908839213e-01	1.187862952439228958e-01	-1.205824019631163008e-01	1.715684769418927558e-01	-1.290840095967832057e-01	1.723833001118303954e-01	-1.464379587643471481e-01	1.061157357995565209e-01	-1.977422414487139402e-01	1.292361089499026727e-01	-1.634857400477214839e-01	7.951602356520512394e-02	-8.660133203162864723e-02	8.682890395384228188e-02	-7.722262620624818774e-02	8.294244761619976036e-02	-6.095039561887890395e-02	7.739772346082507415e-02	-8.297547273126940071e-02	7.280541278578953057e-02	-7.838692155785126348e-02	5.611451096918276815e-02	-6.000685021475042624e-02	5.852744107581518695e-02	-6.371138110540550126e-02	4.302608212154197115e-02	-4.378742046047614384e-02	3.541384688911504430e-02	-5.217726678225872994e-02	4.674518044482578460e-02	-5.318715600630990331e-02
1.719676262665437161e-01	-6.215311473731888192e-01	1.000000000000000222e+00	-3.757673159080068825e-01	2.615625521329257297e-01	-1.315114932410636484e-01	1.516124081857365968e-01	-5.592522505992298942e-01	2.153109358747710700e-01	-1.753659453381959388e-01	1.733852077067891406e-01	-1.200741938883180399e-01	1.753758086887503564e-01	-1.620072558022596643e-01	1.550029382514357401e-01	-7.444603211817028832e-02	8.831097893086271855e-02	-1.495905939010197527e-01	1.088739404698930296e-01	-1.500722254572515180e-01	8.953635433403275834e-02	-7.903290970462796550e-02	1.425969258741227874e-01	-1.085536889613107070e-01	1.278037337596370782e-01	-5.765096270973205095e-02	6.279216777166515828e-02	-6.351445480002769484e-02	5.953906199146297151e-02	-6.431531940514940981e-02	4.396490779590041947e-02	-5.649230326428213850e-02	6.006217423893983609e-02	-5.573703351480591844e-02	5.898237437240740066e-02	-4.063236949178816726e-02	4.310259873519137891e-02	-4.269675152620336367e-02	4.643690321285542238e-02	-3.191428752887106451e-02	3.147964388758078824e-02	-2.556251160006590278e-02	3.787658082084888189e-02	-3.423565575024618834e-02	3.928523700832866478e-02
-1.078329465953053873e-01	2.296408208600200784e-01	-3.757673159080068825e-01	1.000000000000000000e+00	-7.446728068150313407e-01	8.246165860717784291e-02	-1.073591143594361391e-01	2.488398783524188862e-01	-4.221828440399088000e-01	2.459790992239935525e-01	-1.234833288739978913e-01	8.568167839836714206e-02	-1.522195547107316749e-01	1.697938543877785811e-01	-1.784839989501182389e-01	5.544656754190165765e-02	-7.286482239266815764e-02	1.313048761161883238e-01	-1.035183880709824866e-01	1.502407074588090197e-01	-6.705457357304120403e-02	6.537922625939938948e-02	-1.199888962965146300e-01	1.016786140876266564e-01	-1.192843394112594463e-01	4.781529212001372348e-02	-5.227635629188617100e-02	5.342239273889674150e-02	-5.340832952781959797e-02	5.781257835225006581e-02	-3.655403819028442414e-02	4.716852216909308421e-02	-5.039970411679927514e-02	4.932147963234171512e-02	-5.202647631546007678e-02	3.388794757093829824e-02	-3.592896236717858099e-02	3.610069215879333632e-02	-3.951147866453651875e-02	2.765393171162024502e-02	-2.626405716156107392e-02	2.137241837704147163e-02	-3.201240113471449239e-02	2.916368372917037613e-02	-3.397908088184017211e-02
1.224138113698051422e-01	-2.897815652168145850e-01	2.615625521329257297e-01	-7.446728068150313407e-01	1.000000000000000000e+00	-9.880055203682056031e-02	1.227836636774331247e-01	-2.994168842972984024e-01	2.939556771762555365e-01	-3.492562649318904366e-01	1.409048529569170150e-01	-1.014236856587264896e-01	1.731765689486601256e-01	-2.051914492850802907e-01	2.069636720315893574e-01	-6.530381936558121714e-02	8.871408899162173955e-02	-1.669718733106401176e-01	1.275869022419387766e-01	-2.014153807952682174e-01	7.803640937502100139e-02	-8.102352774918666900e-02	1.445688243659024874e-01	-1.304559630780600665e-01	1.460285589262164951e-01	-5.902141511578346683e-02	6.407046005717728643e-02	-6.563432416138337278e-02	6.652754246613305777e-02	-7.271204780362444664e-02	4.491986798517715734e-02	-5.823796402945686373e-02	6.165739258366607911e-02	-6.196601748712547014e-02	6.447520774132817212e-02	-4.183508933480120651e-02	4.411306944613411357e-02	-4.450595571868994071e-02	4.861006929140029159e-02	-3.421943870544877364e-02	3.226574505436922286e-02	-2.631464511485899840e-02	3.934109655875197425e-02	-3.600275355326539722e-02	4.193791453651789236e-02
-7.834284867137490949e-01	2.148240473881350143e-01	-1.315114932410636484e-01	8.246165860717784291e-02	-9.880055203682056031e-02	1.000000000000000222e+00	-1.773319395489943440e-01	1.534439901365032277e-01	-8.841693785389301286e-02	7.956879065377368832e-02	-4.717009309791474481e-01	1.650787906385862147e-01	-9.745197813387949937e-02	8.781982882155370262e-02	-8.524052925777934886e-02	1.244002092706289753e-01	-8.289146264703577127e-02	1.014618902360641395e-01	-7.093563547067714692e-02	9.791163568721925059e-02	-1.340988032445274980e-01	7.476749755205887304e-02	-1.104477424939599023e-01	7.418377462047330562e-02	-8.695871671719976326e-02	5.345934347924628793e-02	-5.578522169982141898e-02	5.366442671737438330e-02	-4.427764093902512854e-02	4.821034013176307698e-02	-3.952887284858091349e-02	5.021662743221080166e-02	-5.062162366362022575e-02	4.311932346089270007e-02	-4.511686707850982164e-02	3.602611983499456882e-02	-3.763239576273207099e-02	3.577849783417078738e-02	-3.804363011327004107e-02	2.535311971946038398e-02	-2.739933256939360018e-02	2.220667862150146887e-02	-3.152348284185161470e-02	2.820249539736190483e-02	-3.118453614992373196e-02
1.601036152114562738e-01	-2.293915950167948192e-01	1.516124081857365968e-01	-1.073591143594361391e-01	1.227836636774331247e-01	-1.773319395489943440e-01	9.999999999999997780e-01	-2.675343666117221408e-01	1.252905195020493634e-01	-1.155882490333440399e-01	2.720502352032109772e-01	-8.113591752414343050e-01	1.626097095829021066e-01	-1.413441422741290865e-01	1.244288482465780304e-01	-1.198863549194724709e-01	1.390433963486641111e-01	-1.648769666116189914e-01	1.092854881656825095e-01	-1.482306441040603384e-01	1.234043362686308709e-01	-1.288759758039181580e-01	1.591239098824232256e-01	-1.139593134381269718e-01	1.268917982884137652e-01	-7.931523707832933978e-02	8.427392650174002353e-02	-8.040127038688314742e-02	6.531448541475623482e-02	-7.125596813835170795e-02	5.797943832891236382e-02	-7.590083218098070406e-02	7.446238838512030112e-02	-6.366846132313846995e-02	6.569684323168181739e-02	-5.284721760766319942e-02	5.452363262523343690e-02	-5.241143349503581128e-02	5.520599861022246896e-02	-3.690283725514597463e-02	3.970860898451480242e-02	-3.230758292306371710e-02	4.585716798942479633e-02	-4.111818649479963977e-02	4.525107724498857870e-02
-2.107308740353509569e-01	3.075436724419055023e-01	-5.592522505992298942e-01	2.488398783524188862e-01	-2.994168842972984024e-01	1.534439901365032277e-01	-2.675343666117221408e-01	1.000000000000000000e+00	-3.341864869686524409e-01	2.233733435539186629e-01	-2.634965953686173590e-01	1.850675716142347049e-01	-3.489401862022253886e-01	2.386661917210856354e-01	-2.371947186348274117e-01	1.118346201257838790e-01	-1.366455146161643652e-01	2.219926512412993547e-01	-1.651584699911241294e-01	2.084787845037611720e-01	-1.377738258610617661e-01	1.188128512767550743e-01	-2.253407817920395351e-01	1.575761716161953596e-01	-1.947127654236959216e-01	8.696790255515733647e-02	-9.602692620577296667e-02	9.711742636513615023e-02	-8.942890367246869587e-02	9.555219865685185554e-02	-6.682912031649189399e-02	8.548357984814521082e-02	-9.225397542401321538e-02	8.290495432218134009e-02	-8.896039662609007970e-02	6.141162359041367480e-02	-6.562193456440673645e-02	6.486011847530111230e-02	-7.069836248339217422e-02	4.823984485798317456e-02	-4.789708622324407444e-02	3.879677817436102266e-02	-5.775264160805183150e-02	5.190265421858172162e-02	-5.954748230232936174e-02
1.117581692156979917e-01	-2.150486598011956407e-01	2.153109358747710700e-01	-4.221828440399088000e-01	2.939556771762555365e-01	-8.841693785389301286e-02	1.252905195020493634e-01	-3.341864869686524409e-01	9.999999999999991118e-01	-6.342194581430681266e-01	1.392072437414803576e-01	-1.029420543730611426e-01	2.213728045305895786e-01	-3.509460440493428202e-01	2.865698294142566827e-01	-6.558529361795904788e-02	9.522991330469295079e-02	-1.923194454484716265e-01	1.552643102972075528e-01	-2.343280047044049297e-01	7.875515919020459332e-02	-8.598633505055511272e-02	1.547669148762292612e-01	-1.511391593867755512e-01	1.668930101757339080e-01	-6.177027297024209607e-02	6.763246678840810489e-02	-6.953284300485587655e-02	7.313336643980923590e-02	-7.929040211916871250e-02	4.708910000695046977e-02	-6.114451416520409049e-02	6.514349942959223039e-02	-6.673964593943036705e-02	6.965854342265036248e-02	-4.363759864558786061e-02	4.608408343702042470e-02	-4.686975468224809094e-02	5.137884237304109897e-02	-3.651353283483144141e-02	3.369929153161394658e-02	-2.748798263537297754e-02	4.145537687183145636e-02	-3.801833983448775489e-02	4.473911115030392710e-02
-1.020556112195179360e-01	1.722736265553793944e-01	-1.753659453381959388e-01	2.459790992239935525e-01	-3.492562649318904366e-01	7.956879065377368832e-02	-1.155882490333440399e-01	2.233733435539186629e-01	-6.342194581430681266e-01	9.999999999999986677e-01	-1.313655257602245330e-01	9.305598016809631112e-02	-2.060785939716051340e-01	2.577960208818400600e-01	-5.459515250188399227e-01	6.162430477405363149e-02	-8.955063255333196859e-02	1.705762611453037758e-01	-1.491109896512378685e-01	2.300572631077602570e-01	-7.479525045005655515e-02	7.975000767889010855e-02	-1.504212609905717368e-01	1.396906651809394218e-01	-1.763444929599528865e-01	5.832664204290874399e-02	-6.432608664701534862e-02	6.638809514860090355e-02	-7.199298250036328950e-02	7.760119224299825980e-02	-4.478716997624313662e-02	5.793697704712016255e-02	-6.257652811046895969e-02	6.461746448372397700e-02	-6.891621289024459085e-02	4.149655274546171918e-02	-4.409423227893894542e-02	4.506268573130229466e-02	-4.986773952674519728e-02	3.571227381055475797e-02	-3.225415194412151881e-02	2.628470829523827171e-02	-4.002917118415357661e-02	3.677394670158590922e-02	-4.386554437668452322e-02
2.771181703008129271e-01	-3.008290770777271028e-01	1.733852077067891406e-01	-1.234833288739978913e-01	1.409048529569170150e-01	-4.717009309791474481e-01	2.720502352032109772e-01	-2.634965953686173590e-01	1.392072437414803576e-01	-1.313655257602245330e-01	1.000000000000001332e+00	-4.215312182662425688e-01	1.653408995413909177e-01	-1.518684965951641042e-01	1.403328081125632953e-01	-3.197037869902716878e-01	1.537965539592656694e-01	-1.843478050701406745e-01	1.244115292119869209e-01	-1.749969962586932770e-01	2.320921755022966049e-01	-1.439857262784969005e-01	1.908746929853481211e-01	-1.326655310777220542e-01	1.491324918387685050e-01	-9.935008459038287276e-02	1.015428316323156027e-01	-9.702264142097229149e-02	7.835590716650545073e-02	-8.595788573478374550e-02	7.209195592830573707e-02	-9.250499555254100559e-02	9.063271492402386054e-02	-7.737926451774909675e-02	7.975825447527985779e-02	-6.596746020806192046e-02	6.792369416186241904e-02	-6.441596041367944614e-02	6.780920713086846519e-02	-4.513803155324092042e-02	4.945905418801352371e-02	-4.021575996581347456e-02	5.637162069699347411e-02	-5.057254563397699937e-02	5.535204834081629277e-02
-1.630993302899828301e-01	1.708633550656483147e-01	-1.200741938883180399e-01	8.568167839836714206e-02	-1.014236856587264896e-01	1.650787906385862147e-01	-8.113591752414343050e-01	1.850675716142347049e-01	-1.029420543730611426e-01	9.305598016809631112e-02	-4.215312182662425688e-01	9.999999999999974465e-01	-1.574586779552395177e-01	1.194569732088265196e-01	-1.049681832231194739e-01	1.275600218370964711e-01	-1.510798622585181328e-01	1.399103796029488589e-01	-9.265622808497687990e-02	1.194614729857582797e-01	-1.372376669456785991e-01	1.201155526830758602e-01	-1.375140037451326736e-01	9.385414339885733703e-02	-1.063065208888250984e-01	7.028594524855726056e-02	-7.613781789537037159e-02	7.012206315787584965e-02	-5.454479187863899708e-02	5.898453583668374772e-02	-5.123833161995807600e-02	6.654619815804561911e-02	-6.494842453073475241e-02	5.276449595592878211e-02	-5.472957443839321368e-02	4.564767089561140578e-02	-4.724287566967866336e-02	4.477888417651056108e-02	-4.687514281492326934e-02	3.096601125300261700e-02	-3.430982074110424523e-02	2.780755691397140267e-02	-3.920850872533346992e-02	3.483213687419077498e-02	-3.801881209345082252e-02
1.195313143542671291e-01	-1.943161434475086935e-01	1.753758086887503564e-01	-1.522195547107316749e-01	1.731765689486601256e-01	-9.745197813387949937e-02	1.626097095829021066e-01	-3.489401862022253886e-01	2.213728045305895786e-01	-2.060785939716051340e-01	1.653408995413909177e-01	-1.574586779552395177e-01	9.999999999999981126e-01	-6.092604532170935450e-01	2.531291495145184256e-01	-8.355611310567480354e-02	1.499239352315780704e-01	-5.150652812318051721e-01	2.420909200391746785e-01	-2.553794159906769279e-01	9.770570307847666058e-02	-1.339295045159341613e-01	2.166170606222003747e-01	-2.165580184620801429e-01	2.069459161446285944e-01	-8.577671237615540345e-02	9.499154866942827180e-02	-9.713295032114703520e-02	9.497645120672407182e-02	-1.011442001475573310e-01	6.441609586379648533e-02	-8.486917231042721832e-02	8.857669458717226663e-02	-8.594147329433735050e-02	8.824178288872999709e-02	-5.865578700265657724e-02	6.124274956074678145e-02	-6.224171512682823842e-02	6.678529898323581904e-02	-4.680713515798855945e-02	4.467743800942790972e-02	-3.647515006106061275e-02	5.454463151090233747e-02	-4.961989264224213325e-02	5.721087768358877612e-02
-1.106095654994712213e-01	1.698072407875880208e-01	-1.620072558022596643e-01	1.697938543877785811e-01	-2.051914492850802907e-01	8.781982882155370262e-02	-1.413441422741290865e-01	2.386661917210856354e-01	-3.509460440493428202e-01	2.577960208818400600e-01	-1.518684965951641042e-01	1.194569732088265196e-01	-6.092604532170935450e-01	1.000000000000001998e+00	-4.700895098729566124e-01	7.446321061238762862e-02	-1.252598039445384781e-01	2.784427804653177851e-01	-3.023530795184798947e-01	2.613190538741931301e-01	-8.938765641913623550e-02	1.081709314837784597e-01	-2.021587031390549016e-01	2.099742497655597562e-01	-2.304250175520023702e-01	7.557927061841786254e-02	-8.456386003304837418e-02	8.730634460161550148e-02	-9.618710429195165279e-02	1.009125110188318214e-01	-5.788204364369753385e-02	7.533370999127725343e-02	-8.143189437068487635e-02	8.387020052464538855e-02	-8.851356008467638203e-02	5.305346783582890607e-02	-5.619401421712061362e-02	5.779692572133186823e-02	-6.357102177163996559e-02	4.562265914481761220e-02	-4.105566244638272216e-02	3.347659440467785907e-02	-5.117605060295386810e-02	4.693195851097649307e-02	-5.593624313051338143e-02
1.060784742691539828e-01	-1.805312078908839213e-01	1.550029382514357401e-01	-1.784839989501182389e-01	2.069636720315893574e-01	-8.524052925777934886e-02	1.244288482465780304e-01	-2.371947186348274117e-01	2.865698294142566827e-01	-5.459515250188399227e-01	1.403328081125632953e-01	-1.049681832231194739e-01	2.531291495145184256e-01	-4.700895098729566124e-01	1.000000000000000666e+00	-6.943909273088001710e-02	1.102746938316624820e-01	-2.399084037489493948e-01	2.094948739139880500e-01	-4.796543262204384095e-01	8.311292600203909475e-02	-1.001705908661860711e-01	1.795725946983733889e-01	-2.026535055792255402e-01	2.324369094087285759e-01	-7.167140893656662182e-02	7.859093743449868663e-02	-8.154995150303662177e-02	9.364091892992283672e-02	-1.024951732742404725e-01	5.464235124240846703e-02	-7.129445961652861041e-02	7.611090772440992636e-02	-8.378016806279221795e-02	8.737961583635446561e-02	-5.073158541516888109e-02	5.348372100693855186e-02	-5.536008581793204486e-02	6.124193233736621028e-02	-4.468294284896850294e-02	3.914242687013054500e-02	-3.201364405300190230e-02	4.893920461818557222e-02	-4.538947619274759371e-02	5.460919937476000491e-02
-1.136325931528602978e-01	1.187862952439228958e-01	-7.444603211817028832e-02	5.544656754190165765e-02	-6.530381936558121714e-02	1.244002092706289753e-01	-1.198863549194724709e-01	1.118346201257838790e-01	-6.558529361795904788e-02	6.162430477405363149e-02	-3.197037869902716878e-01	1.275600218370964711e-01	-8.355611310567480354e-02	7.446321061238762862e-02	-6.943909273088001710e-02	9.999999999999998890e-01	-1.802156423864283152e-01	1.047479708523280650e-01	-6.700330175372321007e-02	8.660864471751460181e-02	-8.834790672581501747e-01	1.365035753987056677e-01	-1.149373652915869626e-01	6.989439428006399835e-02	-7.849861496737055300e-02	9.119223514997078228e-02	-8.713161724922242890e-02	7.047714653621782455e-02	-4.427104622732485478e-02	4.770908887465765552e-02	-6.254000225620778841e-02	7.314366355084703231e-02	-6.573693397681394657e-02	4.400965437220501209e-02	-4.503140414858842339e-02	4.988138353236894890e-02	-5.101798089079712800e-02	4.322254214926659482e-02	-4.326195047432784130e-02	2.700532542472045688e-02	-3.652889083340683102e-02	2.915254126861223719e-02	-3.754489273581700093e-02	3.230401942523423997e-02	-3.311135023084256501e-02
9.154923059474906477e-02	-1.205824019631163008e-01	8.831097893086271855e-02	-7.286482239266815764e-02	8.871408899162173955e-02	-8.289146264703577127e-02	1.390433963486641111e-01	-1.366455146161643652e-01	9.522991330469295079e-02	-8.955063255333196859e-02	1.537965539592656694e-01	-1.510798622585181328e-01	1.499239352315780704e-01	-1.252598039445384781e-01	1.102746938316624820e-01	-1.802156423864283152e-01	1.000000000000000222e+00	-2.829263942223418926e-01	1.319060787761836828e-01	-1.386269647263577987e-01	1.602492178812721935e-01	-8.099970780674138338e-01	2.209555544031374386e-01	-1.296913909867481174e-01	1.335324375031339272e-01	-1.915710751432691816e-01	2.249389396141437125e-01	-1.695780481468297241e-01	7.994428233202797995e-02	-8.407175422346366278e-02	1.241707254624814238e-01	-1.782919251153750606e-01	1.404237870647802311e-01	-7.848294308725627111e-02	7.809893545465837472e-02	-9.708249185584197360e-02	9.433981655833330315e-02	-8.495967434531578877e-02	7.999908811544176324e-02	-4.835476319698439607e-02	6.741553809964530297e-02	-5.447491529351067979e-02	7.151222373694314516e-02	-6.032368695171697048e-02	5.893813773725675720e-02
-1.262855318765489232e-01	1.715684769418927558e-01	-1.495905939010197527e-01	1.313048761161883238e-01	-1.669718733106401176e-01	1.014618902360641395e-01	-1.648769666116189914e-01	2.219926512412993547e-01	-1.923194454484716265e-01	1.705762611453037758e-01	-1.843478050701406745e-01	1.399103796029488589e-01	-5.150652812318051721e-01	2.784427804653177851e-01	-2.399084037489493948e-01	1.047479708523280650e-01	-2.829263942223418926e-01	9.999999999999978906e-01	-4.514523302015774897e-01	2.561306084788958493e-01	-1.234290241226605050e-01	1.966204872535848858e-01	-3.897789634273520765e-01	2.638771920308697339e-01	-2.788491376004995637e-01	1.196422567755003052e-01	-1.406762366565677824e-01	1.435455562851783162e-01	-1.270020838119597650e-01	1.298123039514877397e-01	-9.104970260948716532e-02	1.198491984146950740e-01	-1.298814205075542738e-01	1.110149997156488766e-01	-1.160569854371767823e-01	8.057824137810354337e-02	-8.481360449572578064e-02	8.627967237109598897e-02	-9.134207293261693839e-02	6.236055946933453942e-02	-6.166683375334978956e-02	5.013703531507961164e-02	-7.569219384738549994e-02	6.746738689260334265e-02	-7.646035143552772084e-02
8.821779111021510467e-02	-1.290840095967832057e-01	1.088739404698930296e-01	-1.035183880709824866e-01	1.275869022419387766e-01	-7.093563547067714692e-02	1.092854881656825095e-01	-1.651584699911241294e-01	1.552643102972075528e-01	-1.491109896512378685e-01	1.244115292119869209e-01	-9.265622808497687990e-02	2.420909200391746785e-01	-3.023530795184798947e-01	2.094948739139880500e-01	-6.700330175372321007e-02	1.319060787761836828e-01	-4.514523302015774897e-01	1.000000000000001776e+00	-3.596117770943233483e-01	7.945319987423865582e-02	-1.158498297556769530e-01	2.025206318369029979e-01	-6.805560084756833161e-01	2.875599668188342228e-01	-7.767130212184146509e-02	8.696904594041959813e-02	-9.170227592168328501e-02	1.314204832407818435e-01	-1.329672803942398840e-01	5.911701676095159480e-02	-7.790988049042726904e-02	8.396499290201467347e-02	-1.078524141336842102e-01	1.042572182085674259e-01	-5.412399851720749860e-02	5.692121457729930334e-02	-6.069635838588237353e-02	6.758040987799696087e-02	-5.121063911263664531e-02	4.161984186423265536e-02	-3.413380998300850899e-02	5.347573884934245236e-02	-5.018713986541260830e-02	6.205048692325894344e-02
-1.248147522065488624e-01	1.723833001118303954e-01	-1.500722254572515180e-01	1.502407074588090197e-01	-2.014153807952682174e-01	9.791163568721925059e-02	-1.482306441040603384e-01	2.084787845037611720e-01	-2.343280047044049297e-01	2.300572631077602570e-01	-1.749969962586932770e-01	1.194614729857582797e-01	-2.553794159906769279e-01	2.613190538741931301e-01	-4.796543262204384095e-01	8.660864471751460181e-02	-1.386269647263577987e-01	2.561306084788958493e-01	-3.596117770943233483e-01	1.000000000000002665e+00	-1.061027585510789656e-01	1.218539490929687746e-01	-2.486327970543359966e-01	2.813145272661841112e-01	-5.638740439105173197e-01	9.330519645021143060e-02	-1.040580460746227259e-01	1.102209625679346078e-01	-1.556840158964132581e-01	1.688590207027937662e-01	-7.271905948648393903e-02	9.401036916831680135e-02	-1.047327470847768394e-01	1.290716009569444767e-01	-1.453468001003072330e-01	6.786893320504724936e-02	-7.282040651411056387e-02	7.810649350450464545e-02	-9.038515870293496735e-02	6.981087766365910718e-02	-5.341759777768392836e-02	4.371444786734629551e-02	-7.003238021922145173e-02	6.639922162893563407e-02	-8.581005812406414246e-02
1.158009562754044319e-01	-1.464379587643471481e-01	8.953635433403275834e-02	-6.705457357304120403e-02	7.803640937502100139e-02	-1.340988032445274980e-01	1.234043362686308709e-01	-1.377738258610617661e-01	7.875515919020459332e-02	-7.479525045005655515e-02	2.320921755022966049e-01	-1.372376669456785991e-01	9.770570307847666058e-02	-8.938765641913623550e-02	8.311292600203909475e-02	-8.834790672581501747e-01	1.602492178812721935e-01	-1.234290241226605050e-01	7.945319987423865582e-02	-1.061027585510789656e-01	1.000000000000001332e+00	-1.544128674593303052e-01	1.341945814660299441e-01	-8.451773490955673263e-02	9.407560518548743755e-02	-1.152624028880535334e-01	9.970897207537324225e-02	-8.325755132879411602e-02	5.323737891680795781e-02	-5.777040620957649836e-02	7.390262770061890862e-02	-8.763087111913311911e-02	7.707613546233053892e-02	-5.331107389441729072e-02	5.427620267135156717e-02	-6.009482061209784481e-02	6.020273690926045140e-02	-5.153595614132578523e-02	5.149976748394208270e-02	-3.241981857172472614e-02	4.320089929352301239e-02	-3.468648582559426263e-02	4.454138908891303039e-02	-3.863246960266261687e-02	3.968662712136986070e-02
-8.502174602432913120e-02	1.061157357995565209e-01	-7.903290970462796550e-02	6.537922625939938948e-02	-8.102352774918666900e-02	7.476749755205887304e-02	-1.288759758039181580e-01	1.188128512767550743e-01	-8.598633505055511272e-02	7.975000767889010855e-02	-1.439857262784969005e-01	1.201155526830758602e-01	-1.339295045159341613e-01	1.081709314837784597e-01	-1.001705908661860711e-01	1.365035753987056677e-01	-8.099970780674138338e-01	1.966204872535848858e-01	-1.158498297556769530e-01	1.218539490929687746e-01	-1.544128674593303052e-01	9.999999999999997780e-01	-2.534743256215508111e-01	1.107379822189889229e-01	-1.244052574066035616e-01	1.853219993038733859e-01	-3.472869331659382830e-01	1.755511710684861115e-01	-7.687332417890932468e-02	7.932081388282513634e-02	-1.317575296530901774e-01	1.749753398634759649e-01	-1.544195886511924853e-01	7.493984667569660030e-02	-7.583437652683190644e-02	9.725454452119006166e-02	-9.934012216525986427e-02	8.700736192042445027e-02	-8.258860849508821433e-02	4.818673652483052711e-02	-7.059699810003969289e-02	5.614011500222558515e-02	-7.472005406867843202e-02	6.124268878091868734e-02	-5.909041835644326252e-02
1.333189425931597671e-01	-1.977422414487139402e-01	1.425969258741227874e-01	-1.199888962965146300e-01	1.445688243659024874e-01	-1.104477424939599023e-01	1.591239098824232256e-01	-2.253407817920395351e-01	1.547669148762292612e-01	-1.504212609905717368e-01	1.908746929853481211e-01	-1.375140037451326736e-01	2.166170606222003747e-01	-2.021587031390549016e-01	1.795725946983733889e-01	-1.149373652915869626e-01	2.209555544031374386e-01	-3.897789634273520765e-01	2.025206318369029979e-01	-2.486327970543359966e-01	1.341945814660299441e-01	-2.534743256215508111e-01	9.999999999999990008e-01	-2.249653078101123971e-01	2.253284021940307191e-01	-2.117011204919205802e-01	2.259170525562958221e-01	-3.732061786806220027e-01	1.448543962304250088e-01	-1.575703128719844470e-01	1.557335800963395578e-01	-2.216959425103903203e-01	2.330216906870291038e-01	-1.500058977439488461e-01	1.433755476315153599e-01	-1.432372029913247247e-01	1.401631885924970178e-01	-1.551731517753371370e-01	1.417842004144509449e-01	-8.858519386615854030e-02	1.020150608733378511e-01	-8.511643544325984967e-02	1.245611163893819151e-01	-1.101267851958126903e-01	1.067297562069488559e-01
-9.310245200143139888e-02	1.292361089499026727e-01	-1.085536889613107070e-01	1.016786140876266564e-01	-1.304559630780600665e-01	7.418377462047330562e-02	-1.139593134381269718e-01	1.575761716161953596e-01	-1.511391593867755512e-01	1.396906651809394218e-01	-1.326655310777220542e-01	9.385414339885733703e-02	-2.165580184620801429e-01	2.099742497655597562e-01	-2.026535055792255402e-01	6.989439428006399835e-02	-1.296913909867481174e-01	2.638771920308697339e-01	-6.805560084756833161e-01	2.813145272661841112e-01	-8.451773490955673263e-02	1.107379822189889229e-01	-2.249653078101123971e-01	9.999999999999987788e-01	-5.071000209215135168e-01	8.292645171551552008e-02	-9.387537000770034001e-02	1.012760512804800339e-01	-2.080339518417868572e-01	1.791150805056760664e-01	-6.452741385356858261e-02	8.417798804806865542e-02	-9.480316382009679188e-02	1.399947408166777318e-01	-1.397459503429971939e-01	5.961377049690574220e-02	-6.360189135049947040e-02	7.011439282158583863e-02	-8.122422747799054599e-02	6.481732036371941341e-02	-4.662104206352983560e-02	3.830094385911742005e-02	-6.251409725961340480e-02	5.992946291611981474e-02	-7.868071279695607045e-02
1.073929612070263495e-01	-1.634857400477214839e-01	1.278037337596370782e-01	-1.192843394112594463e-01	1.460285589262164951e-01	-8.695871671719976326e-02	1.268917982884137652e-01	-1.947127654236959216e-01	1.668930101757339080e-01	-1.763444929599528865e-01	1.491324918387685050e-01	-1.063065208888250984e-01	2.069459161446285944e-01	-2.304250175520023702e-01	2.324369094087285759e-01	-7.849861496737055300e-02	1.335324375031339272e-01	-2.788491376004995637e-01	2.875599668188342228e-01	-5.638740439105173197e-01	9.407560518548743755e-02	-1.244052574066035616e-01	2.253284021940307191e-01	-5.071000209215135168e-01	9.999999999999972244e-01	-9.608663302688734420e-02	1.040817437821586894e-01	-1.131346700499196029e-01	2.062364323893441931e-01	-3.127262568256330422e-01	7.370534723127586396e-02	-9.703803269954669464e-02	1.054094217974091002e-01	-1.784037743395736897e-01	1.776847094683366157e-01	-6.995204517168288061e-02	7.353088673617311222e-02	-8.320043563526141606e-02	9.719041777388233438e-02	-8.203680177104374915e-02	5.409123688732826729e-02	-4.485455386164097225e-02	7.354171248801155691e-02	-7.299523686767003805e-02	9.723647330666795874e-02
-6.189777987007479693e-02	7.951602356520512394e-02	-5.765096270973205095e-02	4.781529212001372348e-02	-5.902141511578346683e-02	5.345934347924628793e-02	-7.931523707832933978e-02	8.696790255515733647e-02	-6.177027297024209607e-02	5.832664204290874399e-02	-9.935008459038287276e-02	7.028594524855726056e-02	-8.577671237615540345e-02	7.557927061841786254e-02	-7.167140893656662182e-02	9.119223514997078228e-02	-1.915710751432691816e-01	1.196422567755003052e-01	-7.767130212184146509e-02	9.330519645021143060e-02	-1.152624028880535334e-01	1.853219993038733859e-01	-2.117011204919205802e-01	8.292645171551552008e-02	-9.608663302688734420e-02	9.999999999999995559e-01	-5.350311137207053314e-01	2.330738526511691722e-01	-7.795052324344005357e-02	7.947855581957118110e-02	-6.140603183996370396e-01	3.159770638002460941e-01	-2.560555905894732476e-01	8.143339092455352535e-02	-8.197654162428572033e-02	2.317627525829800972e-01	-2.472582405513559789e-01	1.353270298859131082e-01	-1.217848959360197242e-01	6.189882912526140091e-02	-1.670912956536448057e-01	1.224481994830605436e-01	-1.192109273288979032e-01	8.975614814148251408e-02	-7.627237821768534376e-02
6.475887838620011938e-02	-8.660133203162864723e-02	6.279216777166515828e-02	-5.227635629188617100e-02	6.407046005717728643e-02	-5.578522169982141898e-02	8.427392650174002353e-02	-9.602692620577296667e-02	6.763246678840810489e-02	-6.432608664701534862e-02	1.015428316323156027e-01	-7.613781789537037159e-02	9.499154866942827180e-02	-8.456386003304837418e-02	7.859093743449868663e-02	-8.713161724922242890e-02	2.249389396141437125e-01	-1.406762366565677824e-01	8.696904594041959813e-02	-1.040580460746227259e-01	9.970897207537324225e-02	-3.472869331659382830e-01	2.259170525562958221e-01	-9.387537000770034001e-02	1.040817437821586894e-01	-5.350311137207053314e-01	1.000000000000000888e+00	-4.509442149254987986e-01	8.746964267275476879e-02	-8.796185124421204704e-02	2.735041938300185049e-01	-4.651602332296692621e-01	2.781710819347544272e-01	-8.885821691722517457e-02	8.451826681539459374e-02	-1.713473790856066270e-01	1.593860944365317056e-01	-1.354755063854962693e-01	1.133124617554147062e-01	-6.035737741264480399e-02	1.111266043805665821e-01	-8.812587628205743873e-02	1.097105140726669370e-01	-8.539016385764097716e-02	7.337841618038803970e-02
-6.380608753797752108e-02	8.682890395384228188e-02	-6.351445480002769484e-02	5.342239273889674150e-02	-6.563432416138337278e-02	5.366442671737438330e-02	-8.040127038688314742e-02	9.711742636513615023e-02	-6.953284300485587655e-02	6.638809514860090355e-02	-9.702264142097229149e-02	7.012206315787584965e-02	-9.713295032114703520e-02	8.730634460161550148e-02	-8.154995150303662177e-02	7.047714653621782455e-02	-1.695780481468297241e-01	1.435455562851783162e-01	-9.170227592168328501e-02	1.102209625679346078e-01	-8.325755132879411602e-02	1.755511710684861115e-01	-3.732061786806220027e-01	1.012760512804800339e-01	-1.131346700499196029e-01	2.330738526511691722e-01	-4.509442149254987986e-01	1.000000000000001110e+00	-1.259386616285128602e-01	1.105920584389476075e-01	-1.999419311237352892e-01	2.799784288542738198e-01	-6.682641285428930766e-01	1.140558050616800045e-01	-1.054896664301253340e-01	1.402764162269566350e-01	-1.490696394078084852e-01	1.866804019962737260e-01	-1.560586418811897580e-01	7.756988787387726625e-02	-1.054856670999662765e-01	8.578950223167608469e-02	-1.566058726842985416e-01	1.116498868205630518e-01	-9.481922280858107177e-02
5.458578313472135790e-02	-7.722262620624818774e-02	5.953906199146297151e-02	-5.340832952781959797e-02	6.652754246613305777e-02	-4.427764093902512854e-02	6.531448541475623482e-02	-8.942890367246869587e-02	7.313336643980923590e-02	-7.199298250036328950e-02	7.835590716650545073e-02	-5.454479187863899708e-02	9.497645120672407182e-02	-9.618710429195165279e-02	9.364091892992283672e-02	-4.427104622732485478e-02	7.994428233202797995e-02	-1.270020838119597650e-01	1.314204832407818435e-01	-1.556840158964132581e-01	5.323737891680795781e-02	-7.687332417890932468e-02	1.448543962304250088e-01	-2.080339518417868572e-01	2.062364323893441931e-01	-7.795052324344005357e-02	8.746964267275476879e-02	-1.259386616285128602e-01	1.000000000000001554e+00	-6.683918070071441786e-01	6.177770023182312109e-02	-8.404972196439361443e-02	1.059288391259776141e-01	-5.913068467905469028e-01	3.020539521212493583e-01	-5.843007296133552464e-02	6.188556349934294654e-02	-8.849477476996249481e-02	1.139208455852999957e-01	-1.175580648370914832e-01	4.580376967211251954e-02	-3.909374871107398897e-02	7.772416445168169041e-02	-8.553746735798627154e-02	1.329255777040848630e-01
-5.973689114230994190e-02	8.294244761619976036e-02	-6.431531940514940981e-02	5.781257835225006581e-02	-7.271204780362444664e-02	4.821034013176307698e-02	-7.125596813835170795e-02	9.555219865685185554e-02	-7.929040211916871250e-02	7.760119224299825980e-02	-8.595788573478374550e-02	5.898453583668374772e-02	-1.011442001475573310e-01	1.009125110188318214e-01	-1.024951732742404725e-01	4.770908887465765552e-02	-8.407175422346366278e-02	1.298123039514877397e-01	-1.329672803942398840e-01	1.688590207027937662e-01	-5.777040620957649836e-02	7.932081388282513634e-02	-1.575703128719844470e-01	1.791150805056760664e-01	-3.127262568256330422e-01	7.947855581957118110e-02	-8.796185124421204704e-02	1.105920584389476075e-01	-6.683918070071441786e-01	9.999999999999968914e-01	-6.379413316377297027e-02	8.473042458011760536e-02	-1.050191444733739043e-01	3.217837157015647764e-01	-5.067301219932024425e-01	6.248125859551361544e-02	-6.755874820266380421e-02	1.004779059088732884e-01	-1.442313414966343577e-01	1.622966618677928463e-01	-5.047738593666639684e-02	4.336056770218763012e-02	-9.246892870500811323e-02	1.057442558004912936e-01	-1.933803019265448175e-01
4.605264561878345819e-02	-6.095039561887890395e-02	4.396490779590041947e-02	-3.655403819028442414e-02	4.491986798517715734e-02	-3.952887284858091349e-02	5.797943832891236382e-02	-6.682912031649189399e-02	4.708910000695046977e-02	-4.478716997624313662e-02	7.209195592830573707e-02	-5.123833161995807600e-02	6.441609586379648533e-02	-5.788204364369753385e-02	5.464235124240846703e-02	-6.254000225620778841e-02	1.241707254624814238e-01	-9.104970260948716532e-02	5.911701676095159480e-02	-7.271905948648393903e-02	7.390262770061890862e-02	-1.317575296530901774e-01	1.557335800963395578e-01	-6.452741385356858261e-02	7.370534723127586396e-02	-6.140603183996370396e-01	2.735041938300185049e-01	-1.999419311237352892e-01	6.177770023182312109e-02	-6.379413316377297027e-02	9.999999999999983347e-01	-5.498997796084416079e-01	2.127638924819938993e-01	-6.611846100889300082e-02	6.487647253488337817e-02	-3.957267863238731476e-01	2.305970715284353101e-01	-1.181353959135740123e-01	9.735826097382831168e-02	-4.985641844960033570e-02	1.562546126339672825e-01	-1.204148632768593241e-01	9.779919427715538793e-02	-7.476141386535710420e-02	6.073523783242745777e-02
-5.913172700504422397e-02	7.739772346082507415e-02	-5.649230326428213850e-02	4.716852216909308421e-02	-5.823796402945686373e-02	5.021662743221080166e-02	-7.590083218098070406e-02	8.548357984814521082e-02	-6.114451416520409049e-02	5.793697704712016255e-02	-9.250499555254100559e-02	6.654619815804561911e-02	-8.486917231042721832e-02	7.533370999127725343e-02	-7.129445961652861041e-02	7.314366355084703231e-02	-1.782919251153750606e-01	1.198491984146950740e-01	-7.790988049042726904e-02	9.401036916831680135e-02	-8.763087111913311911e-02	1.749753398634759649e-01	-2.216959425103903203e-01	8.417798804806865542e-02	-9.703803269954669464e-02	3.159770638002460941e-01	-4.651602332296692621e-01	2.799784288542738198e-01	-8.404972196439361443e-02	8.473042458011760536e-02	-5.498997796084416079e-01	9.999999999999995559e-01	-4.637088367676476808e-01	8.894670974399356000e-02	-8.809913113455761224e-02	2.184039052878991305e-01	-2.282359930265714931e-01	1.649136455113303923e-01	-1.393693979472711286e-01	6.843496332344520261e-02	-1.542174260882832049e-01	1.166553655015711843e-01	-1.402332166197085284e-01	1.016832806385791765e-01	-8.409543003793031046e-02
6.013222355873150404e-02	-8.297547273126940071e-02	6.006217423893983609e-02	-5.039970411679927514e-02	6.165739258366607911e-02	-5.062162366362022575e-02	7.446238838512030112e-02	-9.225397542401321538e-02	6.514349942959223039e-02	-6.257652811046895969e-02	9.063271492402386054e-02	-6.494842453073475241e-02	8.857669458717226663e-02	-8.143189437068487635e-02	7.611090772440992636e-02	-6.573693397681394657e-02	1.404237870647802311e-01	-1.298814205075542738e-01	8.396499290201467347e-02	-1.047327470847768394e-01	7.707613546233053892e-02	-1.544195886511924853e-01	2.330216906870291038e-01	-9.480316382009679188e-02	1.054094217974091002e-01	-2.560555905894732476e-01	2.781710819347544272e-01	-6.682641285428930766e-01	1.059288391259776141e-01	-1.050191444733739043e-01	2.127638924819938993e-01	-4.637088367676476808e-01	9.999999999999994449e-01	-1.169472291153315635e-01	1.042108252790795581e-01	-1.571497371242711605e-01	1.528124135395699246e-01	-3.073189149651039398e-01	1.680784237370263612e-01	-8.262214364121317489e-02	1.079486938608121144e-01	-9.204265598689453931e-02	1.768132991486243144e-01	-1.302208286151677608e-01	9.862223678361808910e-02
-5.327705285488244097e-02	7.280541278578953057e-02	-5.573703351480591844e-02	4.932147963234171512e-02	-6.196601748712547014e-02	4.311932346089270007e-02	-6.366846132313846995e-02	8.290495432218134009e-02	-6.673964593943036705e-02	6.461746448372397700e-02	-7.737926451774909675e-02	5.276449595592878211e-02	-8.594147329433735050e-02	8.387020052464538855e-02	-8.378016806279221795e-02	4.400965437220501209e-02	-7.848294308725627111e-02	1.110149997156488766e-01	-1.078524141336842102e-01	1.290716009569444767e-01	-5.331107389441729072e-02	7.493984667569660030e-02	-1.500058977439488461e-01	1.399947408166777318e-01	-1.784037743395736897e-01	8.143339092455352535e-02	-8.885821691722517457e-02	1.140558050616800045e-01	-5.913068467905469028e-01	3.217837157015647764e-01	-6.611846100889300082e-02	8.894670974399356000e-02	-1.169472291153315635e-01	9.999999999999993339e-01	-6.355602250501742878e-01	6.555652696898671417e-02	-7.124343952895725862e-02	1.153064287105158986e-01	-1.765896037558847553e-01	1.955182829313406034e-01	-5.345090464536792624e-02	4.650432200838403030e-02	-1.061713579977020816e-01	1.254014993152534618e-01	-2.335747775929389591e-01
