1.000000000000000222e+00	-4.352226059030492311e-01	1.871220976272245096e-01	-1.877662315758520939e-01	1.875236372918898664e-01	-7.390275403987609515e-01	2.585194512854171456e-01	-2.012007665604629569e-01	1.481661924597659497e-01	-1.345782378532979495e-01	2.369456506525569051e-01	-2.188880435949730197e-01	1.978785238795648382e-01	-1.649643104918284420e-01	1.302745382069258329e-01	-2.154754947707315793e-01	2.101291543131902917e-01	-1.461038601894163735e-01	1.158621841364058658e-01	-1.626735188699455770e-01	1.593648177112080844e-01	-1.579351206467596302e-01	1.677385200946701627e-01	-1.421418314143322592e-01	1.025205312755859549e-01	-1.441550650848103798e-01	1.159183919226387527e-01	-1.326044030044405131e-01	1.422392115196783602e-01	-1.104990644828904162e-01	9.428495329595440455e-02	-1.128111199826208610e-01	9.818913539621994258e-02	-1.136392033548795505e-01	1.160657468332544767e-01	-1.168744226603803116e-01	1.073661079901065962e-01	-9.346467599864684284e-02	1.085769564775556084e-01	-8.080469744460401504e-02	1.139334650042302388e-01	-7.752460143348613442e-02	8.285011298320718587e-02	-8.060821729250444712e-02	1.227402637587968470e-01
-4.352226059030492311e-01	1.000000000000000444e+00	-3.676149348170527631e-01	2.409109440624810916e-01	-2.623347971428527381e-01	2.840775214544244975e-01	-6.038153110581149230e-01	2.902366932327050675e-01	-2.038069694778147090e-01	1.672269792334150074e-01	-2.562683993839242613e-01	2.447866278217628033e-01	-2.562822902992921148e-01	1.944705912471494103e-01	-1.611347594835745300e-01	1.962486103315521369e-01	-2.470198846219081867e-01	1.711486110484103373e-01	-1.301537737301874109e-01	1.731909334432922276e-01	-1.660599007800714622e-01	1.579312091648719385e-01	-1.989541268966048826e-01	1.483864873451439803e-01	-1.110062472656616894e-01	1.400139057181395974e-01	-1.184041770929128712e-01	1.406368714372746020e-01	-1.560732612124925700e-01	1.143257836722823689e-01	-9.240271680146537603e-02	1.116595632564441470e-01	-9.986272445344297755e-02	1.138819086225583144e-01	-1.172275177786638312e-01	1.109642850155890259e-01	-1.077948984266955124e-01	9.374802121050959669e-02	-1.093903422481256188e-01	8.116952513585913576e-02	-1.136340452486145625e-01	7.724099426796582346e-02	-8.292699397943228967e-02	8.048348102361518874e-02	-1.230684125734731460e-01
1.871220976272245096e-01	-3.676149348170527631e-01	1.000000000000000222e+00	-6.209971488440263476e-01	2.578272646170228222e-01	-1.860309342513206676e-01	2.619447622527384389e-01	-5.400603424533056973e-01	2.621263413765089756e-01	-1.994196590056602492e-01	1.567850940558741801e-01	-1.681557737083061999e-01	2.186030901899471968e-01	-2.333403517926590232e-01	1.717078530377599277e-01	-1.477068214054580442e-01	1.721872965545827860e-01	-1.471601073656383651e-01	1.297305820172542923e-01	-1.806391380342485531e-01	1.202133437236199420e-01	-1.226236699017549947e-01	1.575020455353783877e-01	-1.458424047969680559e-01	1.003083145701429563e-01	-1.129427158395444886e-01	9.360985596692099342e-02	-1.174110707450471969e-01	1.295226509132492987e-01	-1.041934244984711738e-01	7.407037383172707101e-02	-9.031622628665739172e-02	8.053683207411987954e-02	-9.261191745588459590e-02	9.238580930059792085e-02	-9.039703886607983185e-02	8.515146460828348918e-02	-7.490518446506354289e-02	8.610363477769281126e-02	-6.411634234415870826e-02	8.819726343920625267e-02	-6.078304722930229220e-02	6.499345198646833133e-02	-6.345836530905091255e-02	9.564910354296639328e-02
-1.877662315758520939e-01	2.409109440624810916e-01	-6.209971488440263476e-01	1.000000000000000444e+00	-4.523990550183096815e-01	1.706111051419710867e-01	-2.302579708756114785e-01	2.975033319567600976e-01	-4.193722385546387876e-01	2.479341607392469282e-01	-1.577874913625709474e-01	1.578273573727785040e-01	-2.351887766892803988e-01	2.569698321838674304e-01	-2.220217883512894674e-01	1.478281508048821524e-01	-1.847804945268069488e-01	1.508272337575788380e-01	-1.513074000689144938e-01	2.003672413026809374e-01	-1.272260455929876688e-01	1.277131727386829341e-01	-1.773194669976109472e-01	1.582516855976591197e-01	-1.141468609058601258e-01	1.181336982482768250e-01	-9.991640688371632162e-02	1.270698207054747897e-01	-1.464119305083711187e-01	1.138720783552752691e-01	-7.933376355981387740e-02	9.742975158619232579e-02	-8.796925467200690518e-02	1.006408045663975681e-01	-1.025519739712647538e-01	9.564022132276467358e-02	-9.351044111730939801e-02	8.193297428404461291e-02	-9.514527398652716794e-02	7.084697108266804766e-02	-9.765378836403680596e-02	6.684740178463377536e-02	-7.177309057091324496e-02	6.987852504552150013e-02	-1.063396805423463543e-01
1.875236372918898664e-01	-2.623347971428527381e-01	2.578272646170228222e-01	-4.523990550183096815e-01	1.000000000000000888e+00	-1.959161274176048628e-01	2.079676777587922132e-01	-2.751594095339391366e-01	2.979132405518108984e-01	-5.434640993407152676e-01	1.616885173283029720e-01	-1.650689418272387188e-01	2.246932199746635439e-01	-3.298142535654966512e-01	2.914466191626797764e-01	-1.733000540302771786e-01	1.938006417202089160e-01	-1.628066628643318192e-01	2.021614675161156616e-01	-3.368417989761653963e-01	1.430456951740575189e-01	-1.496769278897427391e-01	1.860232772490339748e-01	-2.351368173900283964e-01	1.506860786197641022e-01	-1.451590934415825651e-01	1.185904575709150477e-01	-1.541888676054078700e-01	1.738757975627237551e-01	-1.598546564263598202e-01	9.757805521301478324e-02	-1.204770565917030051e-01	1.069639470939479226e-01	-1.246004311373404838e-01	1.237490426083771022e-01	-1.208603169715141146e-01	1.129502171753443418e-01	-9.993215678605411878e-02	1.145745756200304277e-01	-8.589940020118294606e-02	1.170430652667004412e-01	-8.096300911212785112e-02	8.647683081411705608e-02	-8.472754774304379344e-02	1.273260881450196669e-01
-7.390275403987609515e-01	2.840775214544244975e-01	-1.860309342513206676e-01	1.706111051419710867e-01	-1.959161274176048628e-01	1.000000000000000888e+00	-3.168312050190492668e-01	1.969182071294123537e-01	-1.472121412019417042e-01	1.299824549181524680e-01	-3.711757034638220043e-01	2.416240407826943937e-01	-2.217711943925901596e-01	1.567386094482288716e-01	-1.279281114701907585e-01	2.113268194304734615e-01	-2.412182224775260841e-01	1.552387518155224910e-01	-1.109966974833446751e-01	1.491411892491034674e-01	-1.734190278679591524e-01	1.575671294993711835e-01	-1.821187783419271344e-01	1.316471475531058033e-01	-9.942121680461916966e-02	1.380888005878291580e-01	-1.159702485092128227e-01	1.320259150003773030e-01	-1.441925815678189449e-01	1.042795358276915607e-01	-9.071000220307069706e-02	1.085956775879620140e-01	-9.634494812180446899e-02	1.099833559546335160e-01	-1.144761526506124921e-01	1.090350713517369979e-01	-1.054048520444150067e-01	9.122929408187489819e-02	-1.069702848376051924e-01	7.934293098038747161e-02	-1.122288132773200109e-01	7.582897153774276200e-02	-8.144407645142073826e-02	7.888121561427333117e-02	-1.212355663402860662e-01
2.585194512854171456e-01	-6.038153110581149230e-01	2.619447622527384389e-01	-2.302579708756114785e-01	2.079676777587922132e-01	-3.168312050190492668e-01	1.000000000000000444e+00	-4.764964224729118514e-01	1.987770440890410384e-01	-1.592673774545475540e-01	2.491410359693244092e-01	-3.840005444005405444e-01	2.395150886546987823e-01	-1.968972723013079906e-01	1.462632535680402635e-01	-1.952612936793537979e-01	2.205548939394623986e-01	-1.647324724623583370e-01	1.191294055158594184e-01	-1.628729422736308330e-01	1.482394792479831691e-01	-1.477525915931058587e-01	1.715661147299999412e-01	-1.383342919105506885e-01	9.830885605226524770e-02	-1.292682697126123770e-01	1.068417003269506727e-01	-1.261841615591678123e-01	1.353162226659243017e-01	-1.034529202098666556e-01	8.204320005338315569e-02	-9.832807315896750777e-02	8.699414634827465354e-02	-9.962639564746807175e-02	9.912420468444931021e-02	-9.979881766020812228e-02	9.235378287558609900e-02	-8.092895661284740805e-02	9.290467993455220341e-02	-6.893709720058874280e-02	9.551360228619032444e-02	-6.578315223573472093e-02	7.024018966866391045e-02	-6.850291766339534905e-02	1.031133232756531043e-01
-2.012007665604629569e-01	2.902366932327050675e-01	-5.400603424533056973e-01	2.975033319567600976e-01	-2.751594095339391366e-01	1.969182071294123537e-01	-4.764964224729118514e-01	1.000000000000001332e+00	-3.929426615277935020e-01	2.076979098193900974e-01	-1.916262338968114931e-01	2.081878020012843389e-01	-3.473613619570781186e-01	2.471467339660536056e-01	-1.908961774121309685e-01	1.633169976181414462e-01	-2.057401132011654754e-01	1.817848605809329610e-01	-1.392295126838225816e-01	1.824139432678421602e-01	-1.349437679108227428e-01	1.367075785044574998e-01	-1.919669385174292420e-01	1.502308691293370857e-01	-1.070509308481323446e-01	1.229703744218182543e-01	-1.037043754309030369e-01	1.304606515221224394e-01	-1.437770449617439827e-01	1.092597823519319139e-01	-7.998436939595982009e-02	9.734464733655663615e-02	-8.761228078595778568e-02	9.985164944731239611e-02	-9.953501649843993215e-02	9.657568044662889761e-02	-9.198085980747491841e-02	8.084900007201405170e-02	-9.292347587408687770e-02	6.900175008841663571e-02	-9.488497590953348659e-02	6.539633829714200375e-02	-7.000152013745378210e-02	6.826243610245126547e-02	-1.029239778110704884e-01
1.481661924597659497e-01	-2.038069694778147090e-01	2.621263413765089756e-01	-4.193722385546387876e-01	2.979132405518108984e-01	-1.472121412019417042e-01	1.987770440890410384e-01	-3.929426615277935020e-01	1.000000000000000666e+00	-4.610366658023756781e-01	1.335015968422784693e-01	-1.413604211651095510e-01	2.182904475689946833e-01	-5.664562079657912141e-01	2.799279341274486521e-01	-1.297558292080264186e-01	1.569553339153394456e-01	-1.409913916729387262e-01	1.724164150681011254e-01	-2.293328767657157874e-01	1.090424190796207143e-01	-1.123517088518077855e-01	1.540108241711636294e-01	-1.710107183768377059e-01	1.109342790294966657e-01	-1.049680058488134810e-01	8.808206611176772061e-02	-1.150456769593145995e-01	1.324737013850316447e-01	-1.100018992100428444e-01	6.961217497822375089e-02	-8.574948636994719764e-02	7.742882609304900521e-02	-8.889059910054288027e-02	8.883554899637879920e-02	-8.441811243409451382e-02	8.107051501396990434e-02	-7.153961719342974424e-02	8.227941690137310915e-02	-6.141782082869010756e-02	8.360823510164334949e-02	-5.774010442469852677e-02	6.186096102793191970e-02	-6.044016850295496485e-02	9.116748667761678804e-02
-1.345782378532979495e-01	1.672269792334150074e-01	-1.994196590056602492e-01	2.479341607392469282e-01	-5.434640993407152676e-01	1.299824549181524680e-01	-1.592673774545475540e-01	2.076979098193900974e-01	-4.610366658023756781e-01	9.999999999999996669e-01	-1.190591742351831267e-01	1.203505021223109789e-01	-1.863575583735737340e-01	3.016776342002766009e-01	-5.744898273840023384e-01	1.188100420369406912e-01	-1.452798720286022360e-01	1.234692452223183357e-01	-1.748233649059549311e-01	2.559313721399629760e-01	-1.023645937923114840e-01	1.049493386810116946e-01	-1.449329063224246705e-01	1.646245134275557409e-01	-1.159865483706098988e-01	9.949726590783433688e-02	-8.393137044249601719e-02	1.104876406250770021e-01	-1.315321772731583294e-01	1.109611125347885752e-01	-6.722630618170868932e-02	8.325498746103647540e-02	-7.548666888010846510e-02	8.673324242150246000e-02	-8.791199831801652098e-02	8.135259715164508409e-02	-7.943614532467568878e-02	6.999067853161673736e-02	-8.099696331685196649e-02	6.058457595901567405e-02	-8.239256519165130688e-02	5.671017622917752521e-02	-6.089097805611421582e-02	5.944408911667355827e-02	-9.017378519758000033e-02
2.369456506525569051e-01	-2.562683993839242613e-01	1.567850940558741801e-01	-1.577874913625709474e-01	1.616885173283029720e-01	-3.711757034638220043e-01	2.491410359693244092e-01	-1.916262338968114931e-01	1.335015968422784693e-01	-1.190591742351831267e-01	9.999999999999996669e-01	-6.808903738464384681e-01	2.289520423501344715e-01	-1.535707802991839177e-01	1.168349251343445694e-01	-4.106385599351450866e-01	2.729444825136169706e-01	-1.740041563876210118e-01	1.053591648771485395e-01	-1.440317767469833088e-01	2.107321283806064816e-01	-1.927205294180598383e-01	1.751533363785761355e-01	-1.288605528969056224e-01	9.348396829209262848e-02	-1.561597667789214328e-01	1.264508768991483012e-01	-1.337056013408077781e-01	1.371867631507878993e-01	-1.008964863623714459e-01	9.140983044021647186e-02	-1.055149246692405063e-01	9.167293501363141250e-02	-1.044474581760684029e-01	1.016232701420691775e-01	-1.109735995387454849e-01	9.695599260239767814e-02	-8.473513446915098557e-02	9.618048134128306947e-02	-7.100148182910434591e-02	9.858610135752468584e-02	-6.843362633066406298e-02	7.268448666494825572e-02	-7.096699985197990612e-02	1.055608163856693732e-01
-2.188880435949730197e-01	2.447866278217628033e-01	-1.681557737083061999e-01	1.578273573727785040e-01	-1.650689418272387188e-01	2.416240407826943937e-01	-3.840005444005405444e-01	2.081878020012843389e-01	-1.413604211651095510e-01	1.203505021223109789e-01	-6.808903738464384681e-01	9.999999999999990008e-01	-3.290233254769149296e-01	1.572658631580152178e-01	-1.193219183857964355e-01	2.544049043153657763e-01	-3.834798766938806724e-01	1.970951915862013404e-01	-1.051795298373154469e-01	1.404663958089056308e-01	-1.891615579392133539e-01	1.801650582183485783e-01	-1.913401184099248198e-01	1.256229212024042308e-01	-9.167375706265706858e-02	1.430860661884520990e-01	-1.208964560599807558e-01	1.323662693347234798e-01	-1.362136318930280143e-01	9.784180083384251547e-02	-8.564091421874196752e-02	1.000269754016861468e-01	-8.827199391711001986e-02	9.987465177500833013e-02	-9.725705257567357487e-02	1.028212847946099184e-01	-9.246287388014150233e-02	8.094345772259937954e-02	-9.195243347290574243e-02	6.782780753161608833e-02	-9.386964566107562635e-02	6.512809711222537767e-02	-6.932531836509159273e-02	6.762811922287062516e-02	-1.007672919472897832e-01
1.978785238795648382e-01	-2.562822902992921148e-01	2.186030901899471968e-01	-2.351887766892803988e-01	2.246932199746635439e-01	-2.217711943925901596e-01	2.395150886546987823e-01	-3.473613619570781186e-01	2.182904475689946833e-01	-1.863575583735737340e-01	2.289520423501344715e-01	-3.290233254769149296e-01	1.000000000000002665e+00	-3.165323603393683238e-01	1.876658688583154322e-01	-2.370448069686823811e-01	2.812383963374284201e-01	-5.680281776731991306e-01	1.672391182006701393e-01	-2.256474003507113468e-01	1.814582188964548037e-01	-2.045106092544763943e-01	2.946826530077536477e-01	-2.020512925250846636e-01	1.355509860906214670e-01	-1.825255845065797689e-01	1.497929855424335321e-01	-2.018972288927428083e-01	1.917215031810473036e-01	-1.485014758565144366e-01	1.118976019016985346e-01	-1.363111606751340743e-01	1.216735853929409722e-01	-1.389051452199679126e-01	1.287384192606335076e-01	-1.372823429458794042e-01	1.225124064642418437e-01	-1.097194171702008253e-01	1.217962476394801319e-01	-9.017890389298464926e-02	1.219122328428360880e-01	-8.607231470069492962e-02	9.129655068155187458e-02	-8.972741701768620348e-02	1.312882605667355929e-01
-1.649643104918284420e-01	1.944705912471494103e-01	-2.333403517926590232e-01	2.569698321838674304e-01	-3.298142535654966512e-01	1.567386094482288716e-01	-1.968972723013079906e-01	2.471467339660536056e-01	-5.664562079657912141e-01	3.016776342002766009e-01	-1.535707802991839177e-01	1.572658631580152178e-01	-3.165323603393683238e-01	1.000000000000000222e+00	-4.794523473244606260e-01	1.489666106280111146e-01	-1.906712373970355923e-01	1.755262998021432097e-01	-2.931763885612346243e-01	2.789169164234013287e-01	-1.296897833770517261e-01	1.333087159187762716e-01	-1.998964071081911764e-01	2.172928290861722567e-01	-1.457077004508337270e-01	1.244972385897460815e-01	-1.064726764658103370e-01	1.422049474353551668e-01	-1.711572488457936692e-01	1.357401696216526676e-01	-8.332216332557390581e-02	1.031848399926226789e-01	-9.449401106689890584e-02	1.077129346678022126e-01	-1.085731965493420131e-01	9.993481121687468327e-02	-9.836064469932735699e-02	8.674981692363814556e-02	-1.001683996734322596e-01	7.473498735024504402e-02	-1.012814679359356901e-01	6.987094619242979754e-02	-7.506924111436788505e-02	7.325577375841768601e-02	-1.109305288893723956e-01
1.302745382069258329e-01	-1.611347594835745300e-01	1.717078530377599277e-01	-2.220217883512894674e-01	2.914466191626797764e-01	-1.279281114701907585e-01	1.462632535680402635e-01	-1.908961774121309685e-01	2.799279341274486521e-01	-5.744898273840023384e-01	1.168349251343445694e-01	-1.193219183857964355e-01	1.876658688583154322e-01	-4.794523473244606260e-01	9.999999999999991118e-01	-1.205748568605642806e-01	1.456067096041235853e-01	-1.292572254350407568e-01	2.255207298189788601e-01	-5.021291093877835454e-01	1.039308534246409232e-01	-1.080843413014835053e-01	1.489164622447070319e-01	-2.110028856968801936e-01	1.372933241538364657e-01	-1.038599016923292123e-01	8.748201613201783688e-02	-1.187526143451829025e-01	1.428670366354824472e-01	-1.315759492258914698e-01	6.989629396757457425e-02	-8.705773696431590158e-02	7.922778876478821231e-02	-9.131294836120472380e-02	9.149122600226697322e-02	-8.470689399020973898e-02	8.234531067423804529e-02	-7.297817016374744115e-02	8.394725277751811932e-02	-6.301666785832561735e-02	8.463627151699938678e-02	-5.862370880570566545e-02	6.289476048815340059e-02	-6.156642274818649452e-02	9.287063403751760760e-02
-2.154754947707315793e-01	1.962486103315521369e-01	-1.477068214054580442e-01	1.478281508048821524e-01	-1.733000540302771786e-01	2.113268194304734615e-01	-1.952612936793537979e-01	1.633169976181414462e-01	-1.297558292080264186e-01	1.188100420369406912e-01	-4.106385599351450866e-01	2.544049043153657763e-01	-2.370448069686823811e-01	1.489666106280111146e-01	-1.205748568605642806e-01	1.000000000000000888e+00	-4.368147435333507023e-01	1.928474720519280927e-01	-1.132023501604534771e-01	1.480676086099191879e-01	-6.207485028615712386e-01	2.823460395265377509e-01	-2.253527723552893325e-01	1.377645046559228814e-01	-1.078363788300978204e-01	2.096153220227491565e-01	-1.842517482894517056e-01	1.664157287949341868e-01	-1.743594419640327464e-01	1.142275461794109576e-01	-1.194221800612914053e-01	1.319744159316693644e-01	-1.155247697661426626e-01	1.285820092156632621e-01	-1.277196945675739548e-01	1.370153642559187035e-01	-1.234830011098962677e-01	1.060869746279693299e-01	-1.215673466646149808e-01	8.895586251404703770e-02	-1.250235547561010241e-01	8.613825579697145796e-02	-9.173305214859246715e-02	8.897285304526059146e-02	-1.331901136282133691e-01
2.101291543131902917e-01	-2.470198846219081867e-01	1.721872965545827860e-01	-1.847804945268069488e-01	1.938006417202089160e-01	-2.412182224775260841e-01	2.205548939394623986e-01	-2.057401132011654754e-01	1.569553339153394456e-01	-1.452798720286022360e-01	2.729444825136169706e-01	-3.834798766938806724e-01	2.812383963374284201e-01	-1.906712373970355923e-01	1.456067096041235853e-01	-4.368147435333507023e-01	9.999999999999963363e-01	-3.715718227719856936e-01	1.404694231312462738e-01	-1.905220454099884608e-01	2.870519405673558899e-01	-4.418609646189969875e-01	2.718183350922655506e-01	-1.773549454626306976e-01	1.291655613775702094e-01	-2.697385801055536270e-01	2.209377592454071504e-01	-2.122905718399674679e-01	2.008956868158001396e-01	-1.426153800900012703e-01	1.418474298248078858e-01	-1.593859213417394283e-01	1.364145373240762682e-01	-1.541319947999086615e-01	1.427025271433338127e-01	-1.719617493043325007e-01	1.404248967979906115e-01	-1.234691998558462844e-01	1.367171795696465464e-01	-1.003428800649416586e-01	1.379778847836733713e-01	-9.756092702794796900e-02	1.028322662576158231e-01	-1.008200767444767942e-01	1.465603362790816322e-01
-1.461038601894163735e-01	1.711486110484103373e-01	-1.471601073656383651e-01	1.508272337575788380e-01	-1.628066628643318192e-01	1.552387518155224910e-01	-1.647324724623583370e-01	1.817848605809329610e-01	-1.409913916729387262e-01	1.234692452223183357e-01	-1.740041563876210118e-01	1.970951915862013404e-01	-5.680281776731991306e-01	1.755262998021432097e-01	-1.292572254350407568e-01	1.928474720519280927e-01	-3.715718227719856936e-01	9.999999999999962252e-01	-1.305538730646168544e-01	1.589567810387819136e-01	-1.610789465131708953e-01	1.916176902075572286e-01	-6.211801142492702210e-01	1.539475590582648490e-01	-1.108057121243363474e-01	1.595955950654230071e-01	-1.423255361925417350e-01	2.046436360353672268e-01	-1.911445474152879687e-01	1.195800559997476087e-01	-9.602290085134118636e-02	1.168896656798387446e-01	-1.102772222737216784e-01	1.196854951409744572e-01	-1.082199976462990265e-01	1.141737035996135130e-01	-1.048335294565437559e-01	9.422443922325907106e-02	-1.034843760462963447e-01	7.570518598734539417e-02	-1.015133040355760685e-01	7.221830722608210684e-02	-7.680261108877924070e-02	7.524328014377534846e-02	-1.092007684860855921e-01
1.158621841364058658e-01	-1.301537737301874109e-01	1.297305820172542923e-01	-1.513074000689144938e-01	2.021614675161156616e-01	-1.109966974833446751e-01	1.191294055158594184e-01	-1.392295126838225816e-01	1.724164150681011254e-01	-1.748233649059549311e-01	1.053591648771485395e-01	-1.051795298373154469e-01	1.672391182006701393e-01	-2.931763885612346243e-01	2.255207298189788601e-01	-1.132023501604534771e-01	1.404694231312462738e-01	-1.305538730646168544e-01	9.999999999999978906e-01	-5.268924384748000511e-01	1.021959899330816962e-01	-1.086749809041921283e-01	1.577983199372544332e-01	-6.951018624240803412e-01	1.992786549160422138e-01	-1.082993568343196961e-01	9.308800929259133938e-02	-1.421026037056810909e-01	1.863740424751114400e-01	-1.803492816501318097e-01	7.272417358190391701e-02	-9.250884207905486767e-02	8.665769795978149614e-02	-9.981855047342666487e-02	9.750688960518642812e-02	-8.711987077460163487e-02	8.650530185238881897e-02	-7.776731001162788537e-02	8.843158510843704412e-02	-6.682759807342432412e-02	8.694948061135723827e-02	-6.098107232660865407e-02	6.552753800454116928e-02	-6.439886548792761456e-02	9.629075046465389309e-02
-1.626735188699455770e-01	1.731909334432922276e-01	-1.806391380342485531e-01	2.003672413026809374e-01	-3.368417989761653963e-01	1.491411892491034674e-01	-1.628729422736308330e-01	1.824139432678421602e-01	-2.293328767657157874e-01	2.559313721399629760e-01	-1.440317767469833088e-01	1.404663958089056308e-01	-2.256474003507113468e-01	2.789169164234013287e-01	-5.021291093877835454e-01	1.480676086099191879e-01	-1.905220454099884608e-01	1.589567810387819136e-01	-5.268924384748000511e-01	1.000000000000002887e+00	-1.360530024746235966e-01	1.388276463261588489e-01	-2.065586515894599906e-01	2.945565829486677667e-01	-2.552086907535461302e-01	1.343328772535637705e-01	-1.170763714035619601e-01	1.629961001749506699e-01	-2.207220956155947489e-01	1.928994027300638958e-01	-9.328907165503422250e-02	1.174405867978577794e-01	-1.095660079893027994e-01	1.250099491133773166e-01	-1.300970477514888923e-01	1.106150695880442347e-01	-1.139895571438202942e-01	1.005844175582689265e-01	-1.175823754922211972e-01	8.846451255412891845e-02	-1.178316782644052291e-01	8.106958024014575270e-02	-8.764018432082068544e-02	8.551333285290919906e-02	-1.309728865778122253e-01
1.593648177112080844e-01	-1.660599007800714622e-01	1.202133437236199420e-01	-1.272260455929876688e-01	1.430456951740575189e-01	-1.734190278679591524e-01	1.482394792479831691e-01	-1.349437679108227428e-01	1.090424190796207143e-01	-1.023645937923114840e-01	2.107321283806064816e-01	-1.891615579392133539e-01	1.814582188964548037e-01	-1.296897833770517261e-01	1.039308534246409232e-01	-6.207485028615712386e-01	2.870519405673558899e-01	-1.610789465131708953e-01	1.021959899330816962e-01	-1.360530024746235966e-01	9.999999999999997780e-01	-5.482935064703973183e-01	1.928743525204726361e-01	-1.294330732795583583e-01	1.002359309364246887e-01	-3.296965033823757163e-01	2.443304637151541836e-01	-1.765926604714917747e-01	1.683748190723118598e-01	-1.096933677405264040e-01	1.390753381214551443e-01	-1.424000202686880046e-01	1.179056029207399547e-01	-1.303367729829991162e-01	1.207708634928369162e-01	-1.629400793701860639e-01	1.229570089283559819e-01	-1.059500998355948492e-01	1.169747695553406963e-01	-8.498459031279501086e-02	1.182891993187961122e-01	-8.385102627487242555e-02	8.794995654045023592e-02	-8.589261709925793964e-02	1.241080314358705555e-01
-1.579351206467596302e-01	1.579312091648719385e-01	-1.226236699017549947e-01	1.277131727386829341e-01	-1.496769278897427391e-01	1.575671294993711835e-01	-1.477525915931058587e-01	1.367075785044574998e-01	-1.123517088518077855e-01	1.049493386810116946e-01	-1.927205294180598383e-01	1.801650582183485783e-01	-2.045106092544763943e-01	1.333087159187762716e-01	-1.080843413014835053e-01	2.823460395265377509e-01	-4.418609646189969875e-01	1.916176902075572286e-01	-1.086749809041921283e-01	1.388276463261588489e-01	-5.482935064703973183e-01	1.000000000000001110e+00	-2.577819281316099387e-01	1.358241405366064358e-01	-1.101079726828535776e-01	2.981625436782730509e-01	-4.930596705965064608e-01	2.135038093052435415e-01	-2.085361273780950708e-01	1.179508421558886633e-01	-1.494356720260509586e-01	1.530087296008304232e-01	-1.340091034078386423e-01	1.406998480095736637e-01	-1.324131838430119557e-01	1.575472734443442435e-01	-1.363059413919341933e-01	1.156699843682942597e-01	-1.287277889632630345e-01	9.257251323094863038e-02	-1.288456620057162327e-01	9.082096216192668547e-02	-9.602270848633584488e-02	9.301097846739153630e-02	-1.353323238641830906e-01
1.677385200946701627e-01	-1.989541268966048826e-01	1.575020455353783877e-01	-1.773194669976109472e-01	1.860232772490339748e-01	-1.821187783419271344e-01	1.715661147299999412e-01	-1.919669385174292420e-01	1.540108241711636294e-01	-1.449329063224246705e-01	1.751533363785761355e-01	-1.913401184099248198e-01	2.946826530077536477e-01	-1.998964071081911764e-01	1.489164622447070319e-01	-2.253527723552893325e-01	2.718183350922655506e-01	-6.211801142492702210e-01	1.577983199372544332e-01	-2.065586515894599906e-01	1.928743525204726361e-01	-2.577819281316099387e-01	1.000000000000001776e+00	-2.142901156390559780e-01	1.466130401570288344e-01	-2.253887218685263205e-01	1.960741242894219194e-01	-4.081820497021577121e-01	2.550907385472273026e-01	-1.691330459994916380e-01	1.314525837636064121e-01	-1.670846764740554213e-01	1.592031439753853195e-01	-1.733345380664783608e-01	1.445099168431137338e-01	-1.582628832579017764e-01	1.424918386372476808e-01	-1.326484763169248904e-01	1.395281518228605744e-01	-1.020705586267232762e-01	1.340580621729534350e-01	-9.747052508650454195e-02	1.030550005935514934e-01	-1.016945361889612098e-01	1.438747693750189183e-01
-1.421418314143322592e-01	1.483864873451439803e-01	-1.458424047969680559e-01	1.582516855976591197e-01	-2.351368173900283964e-01	1.316471475531058033e-01	-1.383342919105506885e-01	1.502308691293370857e-01	-1.710107183768377059e-01	1.646245134275557409e-01	-1.288605528969056224e-01	1.256229212024042308e-01	-2.020512925250846636e-01	2.172928290861722567e-01	-2.110028856968801936e-01	1.377645046559228814e-01	-1.773549454626306976e-01	1.539475590582648490e-01	-6.951018624240803412e-01	2.945565829486677667e-01	-1.294330732795583583e-01	1.358241405366064358e-01	-2.142901156390559780e-01	1.000000000000000888e+00	-3.405441731981294629e-01	1.355658662451207919e-01	-1.207839247728456494e-01	1.874422673723910859e-01	-3.066474021633326386e-01	2.309694616367962139e-01	-9.290451718841280515e-02	1.185888450856123627e-01	-1.141429847176007456e-01	1.292431655243102551e-01	-1.292746015609350374e-01	1.093382824865213598e-01	-1.129259443974056087e-01	1.010802324045490252e-01	-1.162175538468822600e-01	8.762267206619978044e-02	-1.134791231666541361e-01	7.926940291329029331e-02	-8.567070700800555327e-02	8.391761601065259035e-02	-1.267352060902520172e-01
1.025205312755859549e-01	-1.110062472656616894e-01	1.003083145701429563e-01	-1.141468609058601258e-01	1.506860786197641022e-01	-9.942121680461916966e-02	9.830885605226524770e-02	-1.070509308481323446e-01	1.109342790294966657e-01	-1.159865483706098988e-01	9.348396829209262848e-02	-9.167375706265706858e-02	1.355509860906214670e-01	-1.457077004508337270e-01	1.372933241538364657e-01	-1.078363788300978204e-01	1.291655613775702094e-01	-1.108057121243363474e-01	1.992786549160422138e-01	-2.552086907535461302e-01	1.002359309364246887e-01	-1.101079726828535776e-01	1.466130401570288344e-01	-3.405441731981294629e-01	1.000000000000001332e+00	-1.172339907801304565e-01	1.002753712256527069e-01	-1.678566214202135698e-01	2.279686617308075425e-01	-8.237963506073135989e-01	7.991062660579054122e-02	-1.056331686102939954e-01	9.990941606384354245e-02	-1.201455032740631895e-01	1.228984427159951764e-01	-9.656077067660409630e-02	9.593391524126677894e-02	-8.928676034263534345e-02	1.001789287079997287e-01	-8.271934621664492338e-02	9.333267348210322334e-02	-6.758793911567335944e-02	7.259107115252269593e-02	-7.312580074519663131e-02	1.070600443653835776e-01
-1.441550650848103798e-01	1.400139057181395974e-01	-1.129427158395444886e-01	1.181336982482768250e-01	-1.451590934415825651e-01	1.380888005878291580e-01	-1.292682697126123770e-01	1.229703744218182543e-01	-1.049680058488134810e-01	9.949726590783433688e-02	-1.561597667789214328e-01	1.430860661884520990e-01	-1.825255845065797689e-01	1.244972385897460815e-01	-1.038599016923292123e-01	2.096153220227491565e-01	-2.697385801055536270e-01	1.595955950654230071e-01	-1.082993568343196961e-01	1.343328772535637705e-01	-3.296965033823757163e-01	2.981625436782730509e-01	-2.253887218685263205e-01	1.355658662451207919e-01	-1.172339907801304565e-01	1.000000000000001332e+00	-6.923565783714481503e-01	2.400126589971475211e-01	-2.442026207811746619e-01	1.239834254862541008e-01	-3.002739659854656296e-01	1.965014306811443956e-01	-1.625487417455903638e-01	1.627392689533506964e-01	-1.529790219247070537e-01	2.233637687312064191e-01	-1.688624105871399939e-01	1.372441285894994145e-01	-1.515733026322109711e-01	1.070425106518487768e-01	-1.519192361090460075e-01	1.076618509565451798e-01	-1.128032132045588831e-01	1.083916364348566919e-01	-1.555651888035117780e-01
1.159183919226387527e-01	-1.184041770929128712e-01	9.360985596692099342e-02	-9.991640688371632162e-02	1.185904575709150477e-01	-1.159702485092128227e-01	1.068417003269506727e-01	-1.037043754309030369e-01	8.808206611176772061e-02	-8.393137044249601719e-02	1.264508768991483012e-01	-1.208964560599807558e-01	1.497929855424335321e-01	-1.064726764658103370e-01	8.748201613201783688e-02	-1.842517482894517056e-01	2.209377592454071504e-01	-1.423255361925417350e-01	9.308800929259133938e-02	-1.170763714035619601e-01	2.443304637151541836e-01	-4.930596705965064608e-01	1.960741242894219194e-01	-1.207839247728456494e-01	1.002753712256527069e-01	-6.923565783714481503e-01	9.999999999999993339e-01	-3.316434125516448672e-01	2.153272920027840265e-01	-1.112026624639005090e-01	1.783392619213882702e-01	-1.836745411159746988e-01	1.462770411303117857e-01	-1.457867469367933322e-01	1.237897686243272094e-01	-1.843250774453724095e-01	1.377042297006380311e-01	-1.179496550665434934e-01	1.234128974826949054e-01	-8.742006691642321969e-02	1.197043938747810871e-01	-8.759641327096433228e-02	9.119461764845228358e-02	-8.857935155366943036e-02	1.235861196637822179e-01
-1.326044030044405131e-01	1.406368714372746020e-01	-1.174110707450471969e-01	1.270698207054747897e-01	-1.541888676054078700e-01	1.320259150003773030e-01	-1.261841615591678123e-01	1.304606515221224394e-01	-1.150456769593145995e-01	1.104876406250770021e-01	-1.337056013408077781e-01	1.323662693347234798e-01	-2.018972288927428083e-01	1.422049474353551668e-01	-1.187526143451829025e-01	1.664157287949341868e-01	-2.122905718399674679e-01	2.046436360353672268e-01	-1.421026037056810909e-01	1.629961001749506699e-01	-1.765926604714917747e-01	2.135038093052435415e-01	-4.081820497021577121e-01	1.874422673723910859e-01	-1.678566214202135698e-01	2.400126589971475211e-01	-3.316434125516448672e-01	1.000000000000000666e+00	-6.523806800595556288e-01	1.843602014334823902e-01	-1.475012587880930037e-01	1.984871454151615200e-01	-2.899798916873259080e-01	2.165796579770840613e-01	-1.665332411082790787e-01	1.599571490971633814e-01	-1.716703415827338375e-01	1.642498998209300787e-01	-1.663074710627867880e-01	1.161162362563563644e-01	-1.460642378547402920e-01	1.090194177568290235e-01	-1.177876399650128469e-01	1.142488263797962200e-01	-1.579218745390336964e-01
1.422392115196783602e-01	-1.560732612124925700e-01	1.295226509132492987e-01	-1.464119305083711187e-01	1.738757975627237551e-01	-1.441925815678189449e-01	1.353162226659243017e-01	-1.437770449617439827e-01	1.324737013850316447e-01	-1.315321772731583294e-01	1.371867631507878993e-01	-1.362136318930280143e-01	1.917215031810473036e-01	-1.711572488457936692e-01	1.428670366354824472e-01	-1.743594419640327464e-01	2.008956868158001396e-01	-1.911445474152879687e-01	1.863740424751114400e-01	-2.207220956155947489e-01	1.683748190723118598e-01	-2.085361273780950708e-01	2.550907385472273026e-01	-3.066474021633326386e-01	2.279686617308075425e-01	-2.442026207811746619e-01	2.153272920027840265e-01	-6.523806800595556288e-01	1.000000000000000666e+00	-3.376908268132406410e-01	1.445970613981441277e-01	-1.997930523109053280e-01	2.083887842554178749e-01	-2.462416939270086202e-01	1.717462913628582666e-01	-1.711235493599696511e-01	1.649141634888707242e-01	-1.615659865313255616e-01	1.636385784196429105e-01	-1.205457093434599974e-01	1.468044845722970282e-01	-1.102424720979606476e-01	1.171677700327967975e-01	-1.166467893704191405e-01	1.603841168792096428e-01
-1.104990644828904162e-01	1.143257836722823689e-01	-1.041934244984711738e-01	1.138720783552752691e-01	-1.598546564263598202e-01	1.042795358276915607e-01	-1.034529202098666556e-01	1.092597823519319139e-01	-1.100018992100428444e-01	1.109611125347885752e-01	-1.008964863623714459e-01	9.784180083384251547e-02	-1.485014758565144366e-01	1.357401696216526676e-01	-1.315759492258914698e-01	1.142275461794109576e-01	-1.426153800900012703e-01	1.195800559997476087e-01	-1.803492816501318097e-01	1.928994027300638958e-01	-1.096933677405264040e-01	1.179508421558886633e-01	-1.691330459994916380e-01	2.309694616367962139e-01	-8.237963506073135989e-01	1.239834254862541008e-01	-1.112026624639005090e-01	1.843602014334823902e-01	-3.376908268132406410e-01	9.999999999999991118e-01	-8.695782400490348341e-02	1.148342686267297269e-01	-1.126769753591485151e-01	1.322624600628962699e-01	-1.535293132595381693e-01	1.026028379237654137e-01	-1.076510512680115272e-01	9.940299921725534449e-02	-1.147640827296702443e-01	9.541106276615883564e-02	-1.050106462556299747e-01	7.551121684153075386e-02	-8.204512424069659859e-02	8.233461738231641347e-02	-1.240787086588492211e-01
9.428495329595440455e-02	-9.240271680146537603e-02	7.407037383172707101e-02	-7.933376355981387740e-02	9.757805521301478324e-02	-9.071000220307069706e-02	8.204320005338315569e-02	-7.998436939595982009e-02	6.961217497822375089e-02	-6.722630618170868932e-02	9.140983044021647186e-02	-8.564091421874196752e-02	1.118976019016985346e-01	-8.332216332557390581e-02	6.989629396757457425e-02	-1.194221800612914053e-01	1.418474298248078858e-01	-9.602290085134118636e-02	7.272417358190391701e-02	-9.328907165503422250e-02	1.390753381214551443e-01	-1.494356720260509586e-01	1.314525837636064121e-01	-9.290451718841280515e-02	7.991062660579054122e-02	-3.002739659854656296e-01	1.783392619213882702e-01	-1.475012587880930037e-01	1.445970613981441277e-01	-8.695782400490348341e-02	1.000000000000000888e+00	-3.856887693034030118e-01	1.788717160081303992e-01	-1.757914122966483805e-01	1.479383140342250269e-01	-7.946158141248392814e-01	2.054584813673429877e-01	-1.550963164114728399e-01	1.556241323200913684e-01	-1.066640360019206063e-01	1.608405241646878037e-01	-1.217580030733529106e-01	1.180605597010341568e-01	-1.138263948600362063e-01	1.491132680312602932e-01
-1.128111199826208610e-01	1.116595632564441470e-01	-9.031622628665739172e-02	9.742975158619232579e-02	-1.204770565917030051e-01	1.085956775879620140e-01	-9.832807315896750777e-02	9.734464733655663615e-02	-8.574948636994719764e-02	8.325498746103647540e-02	-1.055149246692405063e-01	1.000269754016861468e-01	-1.363111606751340743e-01	1.031848399926226789e-01	-8.705773696431590158e-02	1.319744159316693644e-01	-1.593859213417394283e-01	1.168896656798387446e-01	-9.250884207905486767e-02	1.174405867978577794e-01	-1.424000202686880046e-01	1.530087296008304232e-01	-1.670846764740554213e-01	1.185888450856123627e-01	-1.056331686102939954e-01	1.965014306811443956e-01	-1.836745411159746988e-01	1.984871454151615200e-01	-1.997930523109053280e-01	1.148342686267297269e-01	-3.856887693034030118e-01	9.999999999999997780e-01	-4.870725517438443952e-01	2.845860722297501311e-01	-2.455483546469711120e-01	2.693014827843017711e-01	-5.229684710707489526e-01	2.871781370094329544e-01	-2.761133166409128203e-01	1.750423471570235756e-01	-2.586883923736033597e-01	2.067442342336462124e-01	-2.028968353697406246e-01	1.864351400174815154e-01	-2.367872847447150542e-01
9.818913539621994258e-02	-9.986272445344297755e-02	8.053683207411987954e-02	-8.796925467200690518e-02	1.069639470939479226e-01	-9.634494812180446899e-02	8.699414634827465354e-02	-8.761228078595778568e-02	7.742882609304900521e-02	-7.548666888010846510e-02	9.167293501363141250e-02	-8.827199391711001986e-02	1.216735853929409722e-01	-9.449401106689890584e-02	7.922778876478821231e-02	-1.155247697661426626e-01	1.364145373240762682e-01	-1.102772222737216784e-01	8.665769795978149614e-02	-1.095660079893027994e-01	1.179056029207399547e-01	-1.340091034078386423e-01	1.592031439753853195e-01	-1.141429847176007456e-01	9.990941606384354245e-02	-1.625487417455903638e-01	1.462770411303117857e-01	-2.899798916873259080e-01	2.083887842554178749e-01	-1.126769753591485151e-01	1.788717160081303992e-01	-4.870725517438443952e-01	9.999999999999998890e-01	-5.961471290523759903e-01	2.298365008141999011e-01	-1.927687642362896636e-01	2.800733101263205294e-01	-4.279229038215223713e-01	2.601678492432794032e-01	-1.701402181324979113e-01	1.864499576802872705e-01	-1.604435250634746735e-01	1.747720064667193374e-01	-1.699713168527591245e-01	2.001969413476430426e-01
-1.136392033548795505e-01	1.138819086225583144e-01	-9.261191745588459590e-02	1.006408045663975681e-01	-1.246004311373404838e-01	1.099833559546335160e-01	-9.962639564746807175e-02	9.985164944731239611e-02	-8.889059910054288027e-02	8.673324242150246000e-02	-1.044474581760684029e-01	9.987465177500833013e-02	-1.389051452199679126e-01	1.077129346678022126e-01	-9.131294836120472380e-02	1.285820092156632621e-01	-1.541319947999086615e-01	1.196854951409744572e-01	-9.981855047342666487e-02	1.250099491133773166e-01	-1.303367729829991162e-01	1.406998480095736637e-01	-1.733345380664783608e-01	1.292431655243102551e-01	-1.201455032740631895e-01	1.627392689533506964e-01	-1.457867469367933322e-01	2.165796579770840613e-01	-2.462416939270086202e-01	1.322624600628962699e-01	-1.757914122966483805e-01	2.845860722297501311e-01	-5.961471290523759903e-01	9.999999999999998890e-01	-4.355173464672779104e-01	1.864238130838549168e-01	-2.920686044189770292e-01	2.857392207535019435e-01	-3.726858762402186498e-01	2.426150272312937728e-01	-2.295765116105707992e-01	1.781730957633345658e-01	-2.047656520762828891e-01	2.029828869205506092e-01	-2.849736809520783121e-01
