1.000000000000000000e+00	-2.188124121017245016e-01	1.005368226064944775e-01	-6.056192743176990606e-02	8.163023238165287299e-02	-9.473143472355437522e-01	1.473125152970806151e-01	-1.152530077510162954e-01	6.383482826560618606e-02	-5.209081955572864020e-02	9.002534351041696636e-02	-4.987465870926045125e-02	4.738281387641101600e-02	-4.265006806982125920e-02	4.980944091706156207e-02	-7.356558866509885219e-02	4.762529121299700907e-02	-4.095604319641446556e-02	4.198075502527758018e-02	-2.764568211507577658e-02	6.026328834501003262e-02	-4.785212558512761533e-02	3.326280455977136119e-02	-3.933242402927813325e-02	3.286458928032189031e-02	-2.989821581857105351e-02	2.905860589175219416e-02	-2.398125097012554149e-02	1.848158478894845053e-02	-1.895157946540630689e-02	2.125951197520513716e-02	-2.879538993933642571e-02	2.259282468504183322e-02	-1.606324133336545917e-02	1.613075822255116004e-02	-2.356627278438475082e-02	2.311879263228460574e-02	-3.268479707440809234e-02	1.169832435753457960e-02	-1.175589513326395774e-02	1.737968248501807478e-02	-1.619470849257770295e-02	3.232702329464016283e-02	-8.312268497478444984e-03	8.588585146294883468e-03
-2.188124121017245016e-01	1.000000000000000222e+00	-4.853015547648646399e-01	2.526350350047455451e-01	-3.696564728958374735e-01	1.774323147131293132e-01	-5.591270242603986196e-01	3.186482247622869912e-01	-2.637760254833965701e-01	2.033906424807157276e-01	-8.768113372883454271e-02	1.140967783598537122e-01	-1.178982360018206582e-01	1.368731097590490386e-01	-1.627530363873115615e-01	6.790843722644784863e-02	-7.430505939237358470e-02	8.854143728934167623e-02	-1.196503106397033694e-01	8.027109214371042079e-02	-1.115981863391998785e-01	7.209873691450328914e-02	-7.419874243463200902e-02	9.858550545500019413e-02	-9.399536250611641164e-02	5.155912527914616184e-02	-5.184298547976082944e-02	4.498354105988601470e-02	-3.864742917024253238e-02	3.944766052359448272e-02	-3.795187690326034397e-02	5.018156006838667138e-02	-4.347774885069156936e-02	3.186361592457806480e-02	-3.269331737379151115e-02	4.195582531428061063e-02	-4.267558245367229774e-02	5.862960036796672353e-02	-2.211733870004318689e-02	2.200354839406755414e-02	-3.209515168708406557e-02	2.973459865817950493e-02	-6.130288552500347266e-02	1.564506966469017893e-02	-1.624048852013686497e-02
1.005368226064944775e-01	-4.853015547648646399e-01	1.000000000000000000e+00	-6.091783055372996802e-01	2.914622411586013651e-01	-1.089515049087736581e-01	2.550881692383388244e-01	-4.392428010611796885e-01	2.443792055610330693e-01	-2.337063735265910713e-01	6.117824685395786832e-02	-9.773054862162934564e-02	9.396209986645864820e-02	-1.193032179970813789e-01	1.193923369044268823e-01	-4.916666328087385823e-02	5.427036701828378412e-02	-7.032794358647730115e-02	9.222105917015209486e-02	-6.154606472646440701e-02	7.834247075594075183e-02	-5.395395925673751591e-02	5.711827339354754590e-02	-7.932670513237190246e-02	6.883278989649488366e-02	-3.858087954833337718e-02	3.843527510146997617e-02	-3.413671170087457379e-02	2.919080999035738797e-02	-3.006206547575770299e-02	2.852715126683338931e-02	-3.818370874603322501e-02	3.269506418643669532e-02	-2.416620671324033395e-02	2.459221213659646896e-02	-3.199308255717845523e-02	3.228933254195717750e-02	-4.518660895909756836e-02	1.679905918184170996e-02	-1.678830706906055473e-02	2.425117928007322274e-02	-2.257423116578432046e-02	4.623986737675127995e-02	-1.186526214237458576e-02	1.229528785934546481e-02
-6.056192743176990606e-02	2.526350350047455451e-01	-6.091783055372996802e-01	1.000000000000000222e+00	-5.686122505060050569e-01	6.432237598683090973e-02	-1.593388903987998095e-01	2.174921242046969905e-01	-4.126808728281229910e-01	2.783396517128337022e-01	-4.396067176551407552e-02	6.851312629852503167e-02	-6.802080641938278160e-02	1.203229185177262933e-01	-1.200560709755646438e-01	3.542526750345387221e-02	-4.123980207171994844e-02	5.738133119552181471e-02	-8.730065863332324427e-02	5.620715071917110200e-02	-5.774634772481764683e-02	4.094678438797383357e-02	-4.704026713133808990e-02	6.770515233067325722e-02	-6.168658446536913476e-02	2.884994162617641675e-02	-2.893002764617535680e-02	2.612975152035967516e-02	-2.307115278946293702e-02	2.378252738215115222e-02	-2.134040602599426503e-02	2.853353737469910278e-02	-2.501683220660088497e-02	1.871963930905399393e-02	-1.912023759776551590e-02	2.386586544584102382e-02	-2.418590776716881066e-02	3.383903465971165730e-02	-1.269172728506285514e-02	1.267430694729699235e-02	-1.812689853267059059e-02	1.686827727737763225e-02	-3.454243586001123911e-02	8.899856424118024814e-03	-9.222696289657938973e-03
8.163023238165287299e-02	-3.696564728958374735e-01	2.914622411586013651e-01	-5.686122505060050569e-01	1.000000000000000222e+00	-8.927071223510391063e-02	1.840209533757460048e-01	-2.645242000941075977e-01	3.150606873885493098e-01	-5.600136416477334844e-01	5.780293065687603510e-02	-8.763667884408631037e-02	8.378471063668477270e-02	-1.353833950576993073e-01	1.313163991535191144e-01	-4.670410929059259225e-02	5.345251214961561914e-02	-7.211651037427116440e-02	9.986562635691903500e-02	-6.621762108419854131e-02	7.661532802280136834e-02	-5.339046229252555897e-02	5.856151040452206580e-02	-8.392209240333756148e-02	7.285262592119381986e-02	-3.825115470457610134e-02	3.815674741117446728e-02	-3.427236394562106075e-02	2.967053850251812064e-02	-3.061715566726570109e-02	2.835373159019371689e-02	-3.799384599870456181e-02	3.279717737392001675e-02	-2.439862399535358897e-02	2.483321684942101787e-02	-3.186048111143299777e-02	3.219045407704750061e-02	-4.515502333792904832e-02	1.681624795215066331e-02	-1.681024213288973349e-02	2.415721080518060809e-02	-2.250044612335065294e-02	4.608712247579336424e-02	-1.184836562957103552e-02	1.227595835357570171e-02
-9.473143472355437522e-01	1.774323147131293132e-01	-1.089515049087736581e-01	6.432237598683090973e-02	-8.927071223510391063e-02	1.000000000000000000e+00	-1.744263209802697778e-01	1.153798887261887618e-01	-6.883855835843151472e-02	5.523478980073574796e-02	-1.043563789901116035e-01	5.109026848679555644e-02	-4.958432200804277490e-02	4.482143512429569848e-02	-5.279840652597379141e-02	7.420469971633464334e-02	-4.957419362963680354e-02	4.199224228657856550e-02	-4.395752332083562725e-02	2.891039458619756169e-02	-6.298895854876036815e-02	4.845434585798481103e-02	-3.436115406992058807e-02	4.051354623269187716e-02	-3.443207445437583558e-02	3.023924440031577204e-02	-2.957041211407234610e-02	2.423814267624467209e-02	-1.883191672370367400e-02	1.925421898993337835e-02	-2.146882722224147805e-02	2.893265227628448802e-02	-2.290422824521224504e-02	1.627580205349076978e-02	-1.639368594277852351e-02	2.364773673848189969e-02	-2.328128551857764489e-02	3.269540797173246804e-02	-1.178090721338736352e-02	1.181851441774236372e-02	-1.750515086586804450e-02	1.628148690647102798e-02	-3.257924687992110047e-02	8.365689959622470834e-03	-8.649392284331893638e-03
1.473125152970806151e-01	-5.591270242603986196e-01	2.550881692383388244e-01	-1.593388903987998095e-01	1.840209533757460048e-01	-1.744263209802697778e-01	1.000000000000000000e+00	-7.204478347106360037e-01	1.625562643716837175e-01	-1.351876923831180355e-01	6.172073055792459684e-02	-1.217903374958560214e-01	1.128100043535269076e-01	-8.838123086126779826e-02	9.589228147773376509e-02	-4.898933977989165106e-02	4.916907833993847815e-02	-6.080377096228650052e-02	7.452571958125915608e-02	-4.923437719971437976e-02	6.858987806230100459e-02	-4.825069187927376324e-02	4.937692369350327876e-02	-6.382208695835554779e-02	5.658480263928929860e-02	-3.320136502785707433e-02	3.309745670098564185e-02	-2.883166299385246309e-02	2.437395108591863813e-02	-2.498428750637882167e-02	2.430505226587977366e-02	-3.246439358257020152e-02	2.759714951788805673e-02	-2.022873022434083443e-02	2.060718312154219758e-02	-2.702218802422169663e-02	2.721508567991141880e-02	-3.790858100505782591e-02	1.408846534530244603e-02	-1.406948700759377488e-02	2.044187504144886341e-02	-1.899745056559555556e-02	3.878939844095123657e-02	-9.948891622331777762e-03	1.030989976857217202e-02
-1.152530077510162954e-01	3.186482247622869912e-01	-4.392428010611796885e-01	2.174921242046969905e-01	-2.645242000941075977e-01	1.153798887261887618e-01	-7.204478347106360037e-01	9.999999999999993339e-01	-2.543128172242348772e-01	1.772567659383310068e-01	-6.304117808467342432e-02	1.245918532355129033e-01	-1.402863387827061881e-01	1.109583985485379509e-01	-1.212270728338560588e-01	4.973742487199372259e-02	-5.348607121880760013e-02	6.945114200567152618e-02	-9.111811838112424122e-02	5.950684213346967705e-02	-7.453462082434256231e-02	5.218691204045419058e-02	-5.679682687774262329e-02	7.438183119646762931e-02	-6.796865102661982239e-02	3.600205437345283671e-02	-3.608425030689169088e-02	3.170636786065870322e-02	-2.732727691103455092e-02	2.799920662520003281e-02	-2.641272863917020278e-02	3.518881025069077462e-02	-3.040384115862563782e-02	2.242291443761222983e-02	-2.291481151532094931e-02	2.930535477220205451e-02	-2.964145124506893658e-02	4.117221689186181810e-02	-1.541611185379446539e-02	1.537779318639681883e-02	-2.224781097425317100e-02	2.066074504015720167e-02	-4.227843497088769331e-02	1.085317544742714704e-02	-1.125134974890406279e-02
6.383482826560618606e-02	-2.637760254833965701e-01	2.443792055610330693e-01	-4.126808728281229910e-01	3.150606873885493098e-01	-6.883855835843151472e-02	1.625562643716837175e-01	-2.543128172242348772e-01	1.000000000000000000e+00	-7.133083622084480657e-01	5.446554669105957425e-02	-8.818846162352816931e-02	8.695030515640604640e-02	-2.574796336616338999e-01	1.812260334174894683e-01	-4.447840687930071368e-02	5.376912414837985155e-02	-8.164422077461437610e-02	1.338767729777271265e-01	-8.442934969827776970e-02	7.198736789335247188e-02	-5.377226995415079758e-02	6.603869428875647207e-02	-1.001439333998469239e-01	8.813559228293940673e-02	-3.701375349046398533e-02	3.724215451071084121e-02	-3.430108246165564784e-02	3.099975269762764510e-02	-3.207650873640018052e-02	2.737223825009292566e-02	-3.671227427545898508e-02	3.268476784520573525e-02	-2.478208749222494955e-02	2.528532730294109909e-02	-3.063033042514171078e-02	3.104877000444613080e-02	-4.371145398729431308e-02	1.643028341702906445e-02	-1.642499553987204763e-02	2.321458967403303500e-02	-2.162852307032115881e-02	4.413306903424435435e-02	-1.143821622898774995e-02	1.184509017142365214e-02
-5.209081955572864020e-02	2.033906424807157276e-01	-2.337063735265910713e-01	2.783396517128337022e-01	-5.600136416477334844e-01	5.523478980073574796e-02	-1.351876923831180355e-01	1.772567659383310068e-01	-7.133083622084480657e-01	1.000000000000000888e+00	-4.637204664796090725e-02	7.183235440905375024e-02	-7.261960644267420606e-02	1.658409211028883945e-01	-1.690244292659157377e-01	3.763589437045564146e-02	-4.601259689171553757e-02	6.856371547551828871e-02	-1.173995396163300120e-01	7.360688819577952680e-02	-6.206345683086868237e-02	4.572074803298598750e-02	-5.660619443406890439e-02	8.391603518066124978e-02	-7.966167900637204091e-02	3.165971951270837859e-02	-3.193471592732994441e-02	2.937303632203003625e-02	-2.673660619014672779e-02	2.760103129767017480e-02	-2.342442269661922094e-02	3.131499698854995489e-02	-2.809224910213064044e-02	2.128522014079047356e-02	-2.181037935978885622e-02	2.614227694154653767e-02	-2.658675147872664735e-02	3.724033753320231399e-02	-1.407806706960851827e-02	1.405292714224470538e-02	-1.988075642984709485e-02	1.850079300167949831e-02	-3.785112874121219356e-02	9.797856648669476393e-03	-1.015220612079574536e-02
9.002534351041696636e-02	-8.768113372883454271e-02	6.117824685395786832e-02	-4.396067176551407552e-02	5.780293065687603510e-02	-1.043563789901116035e-01	6.172073055792459684e-02	-6.304117808467342432e-02	5.446554669105957425e-02	-4.637204664796090725e-02	1.000000000000000222e+00	-1.645953428774769578e-01	1.320442376559967934e-01	-8.267157907995648092e-02	9.804781560638073379e-02	-8.243481411307458373e-01	2.512505089444289630e-01	-1.547816837791626265e-01	1.056692768232489338e-01	-6.654794101445589416e-02	2.314803370581882402e-01	-2.617066254432394712e-01	1.178011651118040654e-01	-1.172755353810193135e-01	8.137350403495695328e-02	-1.270970568715665272e-01	1.207652826831889792e-01	-9.313823907211421504e-02	6.433202993858709584e-02	-6.597416085774918115e-02	8.558778577246375918e-02	-1.185411869048717259e-01	8.468710120964449695e-02	-5.827538551945230655e-02	5.723192533330185433e-02	-9.324358683434626205e-02	8.796672820917043889e-02	-1.273058599970036675e-01	4.338701185278830835e-02	-4.402960664996425494e-02	6.592337267525864852e-02	-6.161924854422410475e-02	1.175552345403976240e-01	-3.066137393132576522e-02	3.150446701996535703e-02
-4.987465870926045125e-02	1.140967783598537122e-01	-9.773054862162934564e-02	6.851312629852503167e-02	-8.763667884408631037e-02	5.109026848679555644e-02	-1.217903374958560214e-01	1.245918532355129033e-01	-8.818846162352816931e-02	7.183235440905375024e-02	-1.645953428774769578e-01	1.000000000000000666e+00	-9.163698225856409252e-01	1.424101223633817415e-01	-1.586323652356388114e-01	1.149648953306495469e-01	-1.091517860756344577e-01	1.498800627380865724e-01	-1.393984908191256145e-01	8.390358007657751360e-02	-1.199770492435147662e-01	1.000168679943992528e-01	-1.212921488216791022e-01	1.177927113811555460e-01	-1.000999922484196031e-01	5.893386804532079609e-02	-5.920421911025294803e-02	5.030832949769192125e-02	-4.212264291021139417e-02	4.273257109098424489e-02	-4.183281785303809980e-02	5.602928052741901893e-02	-4.746755330256507976e-02	3.446872513233786156e-02	-3.506411480268252501e-02	4.546331738228903685e-02	-4.531071214728819158e-02	6.321184876196457580e-02	-2.336524906755967079e-02	2.336148770741611896e-02	-3.389435963273086660e-02	3.144621707095479612e-02	-6.293012893939491093e-02	1.629909818301272448e-02	-1.686110099421210193e-02
4.738281387641101600e-02	-1.178982360018206582e-01	9.396209986645864820e-02	-6.802080641938278160e-02	8.378471063668477270e-02	-4.958432200804277490e-02	1.128100043535269076e-01	-1.402863387827061881e-01	8.695030515640604640e-02	-7.261960644267420606e-02	1.320442376559967934e-01	-9.163698225856409252e-01	1.000000000000000444e+00	-1.630307844302330833e-01	1.463462261588908964e-01	-1.110996810845990973e-01	1.037630293293401729e-01	-1.790633289704484099e-01	1.351738114947034775e-01	-8.200886737299308005e-02	1.117188385253567867e-01	-1.004873041569555314e-01	1.207390984337375489e-01	-1.235921484815869220e-01	9.404316661035769243e-02	-5.847059444380013626e-02	5.821511878566514725e-02	-5.030647995931496197e-02	4.180097838399280535e-02	-4.269714467511182693e-02	4.159662023635901651e-02	-5.630138232767567530e-02	4.707947160305402112e-02	-3.438964797176106980e-02	3.471416893121104241e-02	-4.572277346603875053e-02	4.525106527456267819e-02	-6.406395053215284408e-02	2.338582004375813761e-02	-2.346901377130723720e-02	3.382144621517060856e-02	-3.149761702344421738e-02	6.267826716377787599e-02	-1.630253648840682829e-02	1.684012563256438028e-02
-4.265006806982125920e-02	1.368731097590490386e-01	-1.193032179970813789e-01	1.203229185177262933e-01	-1.353833950576993073e-01	4.482143512429569848e-02	-8.838123086126779826e-02	1.109583985485379509e-01	-2.574796336616338999e-01	1.658409211028883945e-01	-8.267157907995648092e-02	1.424101223633817415e-01	-1.630307844302330833e-01	1.000000000000000888e+00	-7.049704162680652253e-01	6.920343594698753764e-02	-9.567245595520816603e-02	1.755720654244883328e-01	-4.966781572927089217e-01	2.269030815542801283e-01	-1.115188591766187315e-01	9.509217522486471119e-02	-1.456267854444862342e-01	2.333767922644011394e-01	-2.249625604037654991e-01	6.115979741683279236e-02	-6.228373050396402572e-02	6.000357546374035511e-02	-5.893470520810714652e-02	6.113599964739012405e-02	-4.452821390468022361e-02	5.981351692124866476e-02	-5.664057380615854231e-02	4.445657087017112347e-02	-4.568823542110072439e-02	4.916059794689745660e-02	-5.004520185167210533e-02	7.097429050755527102e-02	-2.717711346201121675e-02	2.716872052408674312e-02	-3.712908389107989759e-02	3.459950671491845986e-02	-6.989368638766499386e-02	1.843569695122258822e-02	-1.907063116505031825e-02
4.980944091706156207e-02	-1.627530363873115615e-01	1.193923369044268823e-01	-1.200560709755646438e-01	1.313163991535191144e-01	-5.279840652597379141e-02	9.589228147773376509e-02	-1.212270728338560588e-01	1.812260334174894683e-01	-1.690244292659157377e-01	9.804781560638073379e-02	-1.586323652356388114e-01	1.463462261588908964e-01	-7.049704162680652253e-01	1.000000000000001554e+00	-8.402247822574247793e-02	1.151860081134141733e-01	-2.185794448324658579e-01	3.065383022938694690e-01	-3.687573767842590167e-01	1.368759246736662161e-01	-1.202050599230084921e-01	1.665102541351565213e-01	-3.019088256066902454e-01	2.470969101365017018e-01	-7.859791415555966720e-02	7.895906663988257190e-02	-7.731756830821914783e-02	7.432475980133697313e-02	-7.891100789861292542e-02	5.748873439805496366e-02	-7.813541765517602322e-02	7.217264879252978382e-02	-5.737317614292683499e-02	5.792446618872523073e-02	-6.452116860741816118e-02	6.507595262622131727e-02	-9.439532040661745282e-02	3.541377627392543193e-02	-3.562174194861698201e-02	4.825694357665794021e-02	-4.522462646634354405e-02	9.073113315535491497e-02	-2.405956381836060753e-02	2.483265340963373979e-02
-7.356558866509885219e-02	6.790843722644784863e-02	-4.916666328087385823e-02	3.542526750345387221e-02	-4.670410929059259225e-02	7.420469971633464334e-02	-4.898933977989165106e-02	4.973742487199372259e-02	-4.447840687930071368e-02	3.763589437045564146e-02	-8.243481411307458373e-01	1.149648953306495469e-01	-1.110996810845990973e-01	6.920343594698753764e-02	-8.402247822574247793e-02	1.000000000000000888e+00	-3.798376238860389775e-01	1.369164778089025092e-01	-9.302709894732137663e-02	5.667217563604576985e-02	-2.709385236868463442e-01	2.345091976868034778e-01	-1.100176569836585350e-01	9.877946812583048020e-02	-7.037444640101521431e-02	1.103412858598368379e-01	-1.090397654487273577e-01	7.713649588356702447e-02	-5.368152407913722585e-02	5.399928592045437348e-02	-7.221866212228510162e-02	9.700045059673027825e-02	-7.086102935678946502e-02	4.773647224935506639e-02	-4.737619981968758248e-02	7.461284062413854612e-02	-7.093298323702068586e-02	9.899268828819006438e-02	-3.449716019963443986e-02	3.475121925607438378e-02	-5.320158620497142388e-02	4.914063055147181724e-02	-9.359472306725481749e-02	2.428097616238329703e-02	-2.500334322811293211e-02
4.762529121299700907e-02	-7.430505939237358470e-02	5.427036701828378412e-02	-4.123980207171994844e-02	5.345251214961561914e-02	-4.957419362963680354e-02	4.916907833993847815e-02	-5.348607121880760013e-02	5.376912414837985155e-02	-4.601259689171553757e-02	2.512505089444289630e-01	-1.091517860756344577e-01	1.037630293293401729e-01	-9.567245595520816603e-02	1.151860081134141733e-01	-3.798376238860389775e-01	1.000000000000002665e+00	-3.114649981918099497e-01	1.421251679572712312e-01	-8.331001889667152827e-02	2.599551570590141747e-01	-7.261354453353602301e-01	2.000074391454296219e-01	-1.614870253085031460e-01	1.033574041551996586e-01	-1.681928077556253953e-01	1.752577767171822343e-01	-1.170367221697274085e-01	7.837839730557409623e-02	-7.822807661034369975e-02	1.044013190730293944e-01	-1.444189971391412752e-01	1.024205287663321057e-01	-6.834400438868193373e-02	6.744001459948460730e-02	-1.035139908547431237e-01	9.730346164137801401e-02	-1.346760578049702728e-01	4.696564342407741344e-02	-4.727471950478602525e-02	7.270461363706016977e-02	-6.679416774605337337e-02	1.245649970425839609e-01	-3.258223862262241144e-02	3.351489640764676592e-02
-4.095604319641446556e-02	8.854143728934167623e-02	-7.032794358647730115e-02	5.738133119552181471e-02	-7.211651037427116440e-02	4.199224228657856550e-02	-6.080377096228650052e-02	6.945114200567152618e-02	-8.164422077461437610e-02	6.856371547551828871e-02	-1.547816837791626265e-01	1.498800627380865724e-01	-1.790633289704484099e-01	1.755720654244883328e-01	-2.185794448324658579e-01	1.369164778089025092e-01	-3.114649981918099497e-01	1.000000000000002220e+00	-3.562892525764059792e-01	1.586213656149488282e-01	-1.888672264950076451e-01	2.202662645672338326e-01	-7.151922574041892355e-01	3.017535744668953801e-01	-2.058596917713143570e-01	1.025456305443934596e-01	-1.103305068449755705e-01	9.714966685292067416e-02	-8.323490896200574918e-02	8.069895578842779804e-02	-7.056526184935528467e-02	9.388999654178657728e-02	-8.913269321707247006e-02	6.333792223695486334e-02	-6.479026955359289131e-02	7.288583714293682403e-02	-7.324336072360525252e-02	1.008463246285576653e-01	-3.838352085580003931e-02	3.818266761925702413e-02	-5.425078864220850283e-02	4.996039356108998575e-02	-9.840051270963347252e-02	2.590958128802085467e-02	-2.680092420062765018e-02
4.198075502527758018e-02	-1.196503106397033694e-01	9.222105917015209486e-02	-8.730065863332324427e-02	9.986562635691903500e-02	-4.395752332083562725e-02	7.452571958125915608e-02	-9.111811838112424122e-02	1.338767729777271265e-01	-1.173995396163300120e-01	1.056692768232489338e-01	-1.393984908191256145e-01	1.351738114947034775e-01	-4.966781572927089217e-01	3.065383022938694690e-01	-9.302709894732137663e-02	1.421251679572712312e-01	-3.562892525764059792e-01	1.000000000000000666e+00	-3.588085395882296691e-01	1.465996302668289286e-01	-1.459300963236167259e-01	2.514960288213474171e-01	-5.427310873910243805e-01	2.673384875224079638e-01	-8.602651396519027382e-02	8.790987983496804936e-02	-8.734886918762148345e-02	8.842208030919028461e-02	-9.088938482002906216e-02	6.147602136157483133e-02	-8.339979336243505403e-02	8.023557608095473193e-02	-6.457896581671014602e-02	6.488761145845541034e-02	-6.717714428681074990e-02	6.781900284657407796e-02	-9.761668714525000012e-02	3.725294070856290107e-02	-3.737908875832521294e-02	5.008367736068601583e-02	-4.674869522342650630e-02	9.298303235395259658e-02	-2.487578999573687027e-02	2.567595629941341051e-02
-2.764568211507577658e-02	8.027109214371042079e-02	-6.154606472646440701e-02	5.620715071917110200e-02	-6.621762108419854131e-02	2.891039458619756169e-02	-4.923437719971437976e-02	5.950684213346967705e-02	-8.442934969827776970e-02	7.360688819577952680e-02	-6.654794101445589416e-02	8.390358007657751360e-02	-8.200886737299308005e-02	2.269030815542801283e-01	-3.687573767842590167e-01	5.667217563604576985e-02	-8.331001889667152827e-02	1.586213656149488282e-01	-3.588085395882296691e-01	1.000000000000000222e+00	-9.627642463265233264e-02	8.474083514324350086e-02	-1.389100583167205694e-01	2.444620628701456855e-01	-7.996389442859901386e-01	5.642665075638615690e-02	-5.824097925182766811e-02	6.204514788205083703e-02	-7.487317092845567623e-02	8.157512246869040584e-02	-4.094368083429365812e-02	5.515532811598745228e-02	-5.926401600905541883e-02	5.020695544750484324e-02	-5.484804956111293678e-02	4.499085756637292294e-02	-4.643143760451958618e-02	6.671804948059535667e-02	-2.688368739729191798e-02	2.680338637985441030e-02	-3.403433159348862036e-02	3.179227879780658489e-02	-6.406158235061043538e-02	1.739990570539483999e-02	-1.800059293780225528e-02
6.026328834501003262e-02	-1.115981863391998785e-01	7.834247075594075183e-02	-5.774634772481764683e-02	7.661532802280136834e-02	-6.298895854876036815e-02	6.858987806230100459e-02	-7.453462082434256231e-02	7.198736789335247188e-02	-6.206345683086868237e-02	2.314803370581882402e-01	-1.199770492435147662e-01	1.117188385253567867e-01	-1.115188591766187315e-01	1.368759246736662161e-01	-2.709385236868463442e-01	2.599551570590141747e-01	-1.888672264950076451e-01	1.465996302668289286e-01	-9.627642463265233264e-02	1.000000000000000666e+00	-3.995216621649838040e-01	1.560411871940786677e-01	-1.688598163456256351e-01	1.190159553776735241e-01	-3.447555400447339102e-01	2.487601885534971580e-01	-1.882707953259723788e-01	1.221259127100002007e-01	-1.258302179566380963e-01	1.928770405541179456e-01	-2.610569592139948547e-01	1.700038020023525998e-01	-1.146772921642411486e-01	1.115855534588315462e-01	-2.062885831471907294e-01	1.861537262891490851e-01	-2.687591602425243864e-01	8.860572496294850942e-02	-9.026440995072598783e-02	1.400867463331282869e-01	-1.309823813624904354e-01	2.420626992536405175e-01	-6.309749062900214811e-02	6.467316941110032302e-02
-4.785212558512761533e-02	7.209873691450328914e-02	-5.395395925673751591e-02	4.094678438797383357e-02	-5.339046229252555897e-02	4.845434585798481103e-02	-4.825069187927376324e-02	5.218691204045419058e-02	-5.377226995415079758e-02	4.572074803298598750e-02	-2.617066254432394712e-01	1.000168679943992528e-01	-1.004873041569555314e-01	9.509217522486471119e-02	-1.202050599230084921e-01	2.345091976868034778e-01	-7.261354453353602301e-01	2.202662645672338326e-01	-1.459300963236167259e-01	8.474083514324350086e-02	-3.995216621649838040e-01	1.000000000000001110e+00	-2.279588922046983934e-01	1.562502938129157470e-01	-1.085820162703510783e-01	1.943727590280626971e-01	-2.705157304149221065e-01	1.310861195917424338e-01	-8.683397488158491051e-02	8.331829091083808869e-02	-1.204116019920894870e-01	1.564160043749967532e-01	-1.179042583648255843e-01	7.420979921901799115e-02	-7.440958103491047970e-02	1.094254003136665709e-01	-1.048459845896950460e-01	1.368871688778654783e-01	-4.935257683452688726e-02	4.909605175957985207e-02	-7.842307141590677821e-02	7.065935528559913470e-02	-1.317582132130752925e-01	3.410177298538130675e-02	-3.520393455140795325e-02
3.326280455977136119e-02	-7.419874243463200902e-02	5.711827339354754590e-02	-4.704026713133808990e-02	5.856151040452206580e-02	-3.436115406992058807e-02	4.937692369350327876e-02	-5.679682687774262329e-02	6.603869428875647207e-02	-5.660619443406890439e-02	1.178011651118040654e-01	-1.212921488216791022e-01	1.207390984337375489e-01	-1.456267854444862342e-01	1.665102541351565213e-01	-1.100176569836585350e-01	2.000074391454296219e-01	-7.151922574041892355e-01	2.514960288213474171e-01	-1.389100583167205694e-01	1.560411871940786677e-01	-2.279588922046983934e-01	1.000000000000001110e+00	-5.337997534827049195e-01	1.698912753106782414e-01	-9.462560450991554239e-02	1.007381130878334530e-01	-1.003071989159837057e-01	8.338884609581562191e-02	-8.025438110384303103e-02	6.412973876130914630e-02	-8.671782382568578307e-02	8.520958976471298962e-02	-6.152435411762559314e-02	6.133751731145228175e-02	-6.640391717939354843e-02	6.632544003336540706e-02	-9.330590743067977699e-02	3.533875920726648606e-02	-3.529633216160046882e-02	4.888359433846087287e-02	-4.520229128949178332e-02	8.808898703867970581e-02	-2.351314338976737486e-02	2.427059728367169864e-02
-3.933242402927813325e-02	9.858550545500019413e-02	-7.932670513237190246e-02	6.770515233067325722e-02	-8.392209240333756148e-02	4.051354623269187716e-02	-6.382208695835554779e-02	7.438183119646762931e-02	-1.001439333998469239e-01	8.391603518066124978e-02	-1.172755353810193135e-01	1.177927113811555460e-01	-1.235921484815869220e-01	2.333767922644011394e-01	-3.019088256066902454e-01	9.877946812583048020e-02	-1.614870253085031460e-01	3.017535744668953801e-01	-5.427310873910243805e-01	2.444620628701456855e-01	-1.688598163456256351e-01	1.562502938129157470e-01	-5.337997534827049195e-01	1.000000000000000666e+00	-3.676002437748405738e-01	9.373265743854661269e-02	-9.999232210067883486e-02	1.034105553371301722e-01	-1.248728933590069617e-01	1.108453865137794259e-01	-6.669377241100327147e-02	8.855400231042788450e-02	-9.610572305810190230e-02	7.744680409757893902e-02	-7.947539940766400191e-02	7.076024708417970321e-02	-7.309600992596354541e-02	1.019328899921308901e-01	-4.104583219564673924e-02	4.072208211205055606e-02	-5.372518437419282478e-02	4.971759712847147183e-02	-9.999282479848939365e-02	2.682282570219680223e-02	-2.778734810000365804e-02
3.286458928032189031e-02	-9.399536250611641164e-02	6.883278989649488366e-02	-6.168658446536913476e-02	7.285262592119381986e-02	-3.443207445437583558e-02	5.658480263928929860e-02	-6.796865102661982239e-02	8.813559228293940673e-02	-7.966167900637204091e-02	8.137350403495695328e-02	-1.000999922484196031e-01	9.404316661035769243e-02	-2.249625604037654991e-01	2.470969101365017018e-01	-7.037444640101521431e-02	1.033574041551996586e-01	-2.058596917713143570e-01	2.673384875224079638e-01	-7.996389442859901386e-01	1.190159553776735241e-01	-1.085820162703510783e-01	1.698912753106782414e-01	-3.676002437748405738e-01	1.000000000000001110e+00	-7.222234254225476380e-02	7.394106921496164386e-02	-8.045639385290753731e-02	9.611735560411958923e-02	-1.154281582269825746e-01	5.231685678563977732e-02	-7.100664587940087868e-02	7.542133786664088901e-02	-6.558419226469769381e-02	7.003015147626867609e-02	-5.780548977216675571e-02	5.930129776447069789e-02	-8.664511272855254798e-02	3.452212084183046981e-02	-3.459391166596532258e-02	4.342064526303351241e-02	-4.068572018692406811e-02	8.139599307045780607e-02	-2.226978381126325235e-02	2.299485372471269523e-02
-2.989821581857105351e-02	5.155912527914616184e-02	-3.858087954833337718e-02	2.884994162617641675e-02	-3.825115470457610134e-02	3.023924440031577204e-02	-3.320136502785707433e-02	3.600205437345283671e-02	-3.701375349046398533e-02	3.165971951270837859e-02	-1.270970568715665272e-01	5.893386804532079609e-02	-5.847059444380013626e-02	6.115979741683279236e-02	-7.859791415555966720e-02	1.103412858598368379e-01	-1.681928077556253953e-01	1.025456305443934596e-01	-8.602651396519027382e-02	5.642665075638615690e-02	-3.447555400447339102e-01	1.943727590280626971e-01	-9.462560450991554239e-02	9.373265743854661269e-02	-7.222234254225476380e-02	1.000000000000001110e+00	-6.806466580899147578e-01	2.103567697303346529e-01	-1.251500798562444616e-01	1.101009881951121316e-01	-4.417915262072081295e-01	3.025215284375777913e-01	-2.039930697160318440e-01	1.083169277933576369e-01	-1.111601603970278351e-01	2.051075158894766770e-01	-1.882219661668300126e-01	1.853330595417786442e-01	-6.907654176351027409e-02	6.678939026954082425e-02	-1.439878094465203429e-01	1.172785733106525979e-01	-1.945309614051959901e-01	4.811474949006269708e-02	-4.990963454993684739e-02
2.905860589175219416e-02	-5.184298547976082944e-02	3.843527510146997617e-02	-2.893002764617535680e-02	3.815674741117446728e-02	-2.957041211407234610e-02	3.309745670098564185e-02	-3.608425030689169088e-02	3.724215451071084121e-02	-3.193471592732994441e-02	1.207652826831889792e-01	-5.920421911025294803e-02	5.821511878566514725e-02	-6.228373050396402572e-02	7.895906663988257190e-02	-1.090397654487273577e-01	1.752577767171822343e-01	-1.103305068449755705e-01	8.790987983496804936e-02	-5.824097925182766811e-02	2.487601885534971580e-01	-2.705157304149221065e-01	1.007381130878334530e-01	-9.999232210067883486e-02	7.394106921496164386e-02	-6.806466580899147578e-01	1.000000000000000666e+00	-3.558307557788949471e-01	1.415781168940031531e-01	-1.298895696708005643e-01	2.628513147597585919e-01	-3.969057311178960656e-01	2.184428981523316160e-01	-1.219160288089558425e-01	1.176516585099087325e-01	-1.876318255517981093e-01	1.662419757605045900e-01	-1.959161128784398243e-01	6.968952995131603989e-02	-6.843606414736899679e-02	1.234150775715137649e-01	-1.065106118667537571e-01	1.768474736585147755e-01	-4.615168066709640637e-02	4.754561555439942161e-02
-2.398125097012554149e-02	4.498354105988601470e-02	-3.413671170087457379e-02	2.612975152035967516e-02	-3.427236394562106075e-02	2.423814267624467209e-02	-2.883166299385246309e-02	3.170636786065870322e-02	-3.430108246165564784e-02	2.937303632203003625e-02	-9.313823907211421504e-02	5.030832949769192125e-02	-5.030647995931496197e-02	6.000357546374035511e-02	-7.731756830821914783e-02	7.713649588356702447e-02	-1.170367221697274085e-01	9.714966685292067416e-02	-8.734886918762148345e-02	6.204514788205083703e-02	-1.882707953259723788e-01	1.310861195917424338e-01	-1.003071989159837057e-01	1.034105553371301722e-01	-8.045639385290753731e-02	2.103567697303346529e-01	-3.558307557788949471e-01	1.000000000000001110e+00	-3.817351856793960163e-01	2.376748524679518915e-01	-1.423970757733590553e-01	1.827651666585099755e-01	-6.929589651038779996e-01	2.369945185621719630e-01	-2.365533280620743251e-01	1.308057174421092261e-01	-1.558603466168180240e-01	2.209912980902065116e-01	-9.491891860719289808e-02	8.928938681818354706e-02	-1.032422857858255605e-01	9.417675667664494876e-02	-1.876948826214218102e-01	5.326516051435840893e-02	-5.556064247675359530e-02
1.848158478894845053e-02	-3.864742917024253238e-02	2.919080999035738797e-02	-2.307115278946293702e-02	2.967053850251812064e-02	-1.883191672370367400e-02	2.437395108591863813e-02	-2.732727691103455092e-02	3.099975269762764510e-02	-2.673660619014672779e-02	6.433202993858709584e-02	-4.212264291021139417e-02	4.180097838399280535e-02	-5.893470520810714652e-02	7.432475980133697313e-02	-5.368152407913722585e-02	7.837839730557409623e-02	-8.323490896200574918e-02	8.842208030919028461e-02	-7.487317092845567623e-02	1.221259127100002007e-01	-8.683397488158491051e-02	8.338884609581562191e-02	-1.248728933590069617e-01	9.611735560411958923e-02	-1.251500798562444616e-01	1.415781168940031531e-01	-3.817351856793960163e-01	1.000000000000001332e+00	-7.636096156755290965e-01	8.486993568262296561e-02	-1.152861254568178784e-01	2.471655802573317906e-01	-3.563945295351293452e-01	2.777589254163838617e-01	-8.608399883404457831e-02	9.771035135639605240e-02	-1.512912091613464460e-01	8.355906068300586464e-02	-8.339788599094023758e-02	6.622843966114128067e-02	-6.163467367640333705e-02	1.222250875688628835e-01	-4.137040985210490435e-02	4.264500793142012719e-02
-1.895157946540630689e-02	3.944766052359448272e-02	-3.006206547575770299e-02	2.378252738215115222e-02	-3.061715566726570109e-02	1.925421898993337835e-02	-2.498428750637882167e-02	2.799920662520003281e-02	-3.207650873640018052e-02	2.760103129767017480e-02	-6.597416085774918115e-02	4.273257109098424489e-02	-4.269714467511182693e-02	6.113599964739012405e-02	-7.891100789861292542e-02	5.399928592045437348e-02	-7.822807661034369975e-02	8.069895578842779804e-02	-9.088938482002906216e-02	8.157512246869040584e-02	-1.258302179566380963e-01	8.331829091083808869e-02	-8.025438110384303103e-02	1.108453865137794259e-01	-1.154281582269825746e-01	1.101009881951121316e-01	-1.298895696708005643e-01	2.376748524679518915e-01	-7.636096156755290965e-01	1.000000000000001554e+00	-8.069272223728875260e-02	1.058363310913877503e-01	-2.528198401182203958e-01	2.801101063558747439e-01	-4.528120700402154530e-01	8.435476806009561956e-02	-1.004105859965323810e-01	1.465588861211598315e-01	-9.322888847100307963e-02	9.025866839776196249e-02	-6.779365387723999825e-02	6.306534491537260645e-02	-1.311970672923868375e-01	4.444768665865860002e-02	-4.666366421253249908e-02
2.125951197520513716e-02	-3.795187690326034397e-02	2.852715126683338931e-02	-2.134040602599426503e-02	2.835373159019371689e-02	-2.146882722224147805e-02	2.430505226587977366e-02	-2.641272863917020278e-02	2.737223825009292566e-02	-2.342442269661922094e-02	8.558778577246375918e-02	-4.183281785303809980e-02	4.159662023635901651e-02	-4.452821390468022361e-02	5.748873439805496366e-02	-7.221866212228510162e-02	1.044013190730293944e-01	-7.056526184935528467e-02	6.147602136157483133e-02	-4.094368083429365812e-02	1.928770405541179456e-01	-1.204116019920894870e-01	6.412973876130914630e-02	-6.669377241100327147e-02	5.231685678563977732e-02	-4.417915262072081295e-01	2.628513147597585919e-01	-1.423970757733590553e-01	8.486993568262296561e-02	-8.069272223728875260e-02	1.000000000000000666e+00	-6.823318488090154288e-01	1.379128402880979432e-01	-7.966386827385613101e-02	7.924692308777017691e-02	-4.434505516536622616e-01	2.223978268036297945e-01	-1.778192330866234516e-01	5.975688601883581003e-02	-5.819421489837801886e-02	1.808077378062112883e-01	-1.443595746161053239e-01	1.843254278917847711e-01	-4.413370701909903604e-02	4.532961697570189047e-02
-2.879538993933642571e-02	5.018156006838667138e-02	-3.818370874603322501e-02	2.853353737469910278e-02	-3.799384599870456181e-02	2.893265227628448802e-02	-3.246439358257020152e-02	3.518881025069077462e-02	-3.671227427545898508e-02	3.131499698854995489e-02	-1.185411869048717259e-01	5.602928052741901893e-02	-5.630138232767567530e-02	5.981351692124866476e-02	-7.813541765517602322e-02	9.700045059673027825e-02	-1.444189971391412752e-01	9.388999654178657728e-02	-8.339979336243505403e-02	5.515532811598745228e-02	-2.610569592139948547e-01	1.564160043749967532e-01	-8.671782382568578307e-02	8.855400231042788450e-02	-7.100664587940087868e-02	3.025215284375777913e-01	-3.969057311178960656e-01	1.827651666585099755e-01	-1.152861254568178784e-01	1.058363310913877503e-01	-6.823318488090154288e-01	1.000000000000001776e+00	-1.976170449051201095e-01	1.066012786755700520e-01	-1.090572205397447869e-01	2.771520436456454961e-01	-2.854132878274993623e-01	2.138598011055203862e-01	-7.856093422651322378e-02	7.518711895619847874e-02	-2.149171993408909853e-01	1.645075452440566410e-01	-2.552500063551026988e-01	5.910640955940475727e-02	-6.147708075406290579e-02
2.259282468504183322e-02	-4.347774885069156936e-02	3.269506418643669532e-02	-2.501683220660088497e-02	3.279717737392001675e-02	-2.290422824521224504e-02	2.759714951788805673e-02	-3.040384115862563782e-02	3.268476784520573525e-02	-2.809224910213064044e-02	8.468710120964449695e-02	-4.746755330256507976e-02	4.707947160305402112e-02	-5.664057380615854231e-02	7.217264879252978382e-02	-7.086102935678946502e-02	1.024205287663321057e-01	-8.913269321707247006e-02	8.023557608095473193e-02	-5.926401600905541883e-02	1.700038020023525998e-01	-1.179042583648255843e-01	8.520958976471298962e-02	-9.610572305810190230e-02	7.542133786664088901e-02	-2.039930697160318440e-01	2.184428981523316160e-01	-6.929589651038779996e-01	2.471655802573317906e-01	-2.528198401182203958e-01	1.379128402880979432e-01	-1.976170449051201095e-01	1.000000000000001110e+00	-3.834949417323235688e-01	2.395989658685821755e-01	-1.397386277833881918e-01	1.654145679815092196e-01	-3.468090194452101982e-01	1.076241082854055980e-01	-1.041339548286303041e-01	1.055623459511058765e-01	-9.955452184370305879e-02	1.881699878950292004e-01	-5.732357711227768771e-02	5.876616540079517004e-02
-1.606324133336545917e-02	3.186361592457806480e-02	-2.416620671324033395e-02	1.871963930905399393e-02	-2.439862399535358897e-02	1.627580205349076978e-02	-2.022873022434083443e-02	2.242291443761222983e-02	-2.478208749222494955e-02	2.128522014079047356e-02	-5.827538551945230655e-02	3.446872513233786156e-02	-3.438964797176106980e-02	4.445657087017112347e-02	-5.737317614292683499e-02	4.773647224935506639e-02	-6.834400438868193373e-02	6.333792223695486334e-02	-6.457896581671014602e-02	5.020695544750484324e-02	-1.146772921642411486e-01	7.420979921901799115e-02	-6.152435411762559314e-02	7.744680409757893902e-02	-6.558419226469769381e-02	1.083169277933576369e-01	-1.219160288089558425e-01	2.369945185621719630e-01	-3.563945295351293452e-01	2.801101063558747439e-01	-7.966386827385613101e-02	1.066012786755700520e-01	-3.834949417323235688e-01	1.000000000000001110e+00	-7.662082021107982088e-01	8.491043326842338812e-02	-1.029064407785782870e-01	1.637799803934047449e-01	-1.411428090446852635e-01	1.277651692029000974e-01	-6.774386656388585448e-02	6.375104356723980403e-02	-1.310479887632804430e-01	5.371603898672615285e-02	-5.591645195080019448e-02
