1.000000000000000000e+00	-7.458581566552923148e-01	2.728888751585527572e-01	-2.081890825878363882e-01	1.516906405235761146e-01	-4.697206827613015778e-01	2.591528823509519075e-01	-2.337175682802320187e-01	1.707104607219582793e-01	-1.291006533987655580e-01	1.199079405506078555e-01	-1.131791730484259656e-01	1.622522041643835455e-01	-1.354626603986548161e-01	1.174290946073150016e-01	-1.037146196522589076e-01	9.445484677515586514e-02	-7.230897140658291977e-02	9.540919817898339816e-02	-1.461014141172561343e-01	6.028551377119584220e-02	-6.962957252493187643e-02	7.213659320031533262e-02	-8.759161028125907189e-02	8.259874583410402316e-02	-6.797741879576531254e-02	6.589059481457500145e-02	-8.530453038916797903e-02	6.988804590298201835e-02	-6.232099532032304295e-02	6.280494410254980342e-02	-7.351122796916637059e-02	1.051754593005270744e-01	-5.457824222347389120e-02	6.049243513654698617e-02	-4.525564482535335276e-02	4.490980136985078114e-02	-5.219533732835614226e-02	4.552782151626119655e-02	-4.069742858813920477e-02	4.824758302463950932e-02	-3.465074183310809519e-02	4.583327477655669419e-02	-4.699600373983318230e-02	3.561448126100312528e-02
-7.458581566552923148e-01	9.999999999999997780e-01	-4.425945931783505927e-01	2.006953978593580545e-01	-1.522851550182169333e-01	2.875852016619785956e-01	-3.378429197156863073e-01	2.148039514014032092e-01	-1.722695895810653910e-01	1.201621171195355608e-01	-1.038098740439832024e-01	9.715497246733204029e-02	-1.489116640422697424e-01	1.171680634137573784e-01	-1.020446337057032415e-01	8.243226482664887944e-02	-7.750776286908232782e-02	5.881899168813442547e-02	-7.794484969087757398e-02	1.197584456121649210e-01	-4.820735848206545576e-02	5.594576062590030097e-02	-5.819694648036289469e-02	7.063572720996880161e-02	-6.733008462082269718e-02	5.408421930132344818e-02	-5.289926488644756258e-02	6.829525082233467437e-02	-5.635306106480331839e-02	5.030151141662600467e-02	-5.017493893338562799e-02	5.856192184010609175e-02	-8.387487118295637589e-02	4.384157494312235920e-02	-4.883090302983930653e-02	3.606982222954973477e-02	-3.583619100989144518e-02	4.160891389416621067e-02	-3.647000131581576432e-02	3.255892289597693556e-02	-3.851535917350910887e-02	2.763768633022315596e-02	-3.658930405179358636e-02	3.755067124884411273e-02	-2.850786794696183457e-02
2.728888751585527572e-01	-4.425945931783505927e-01	1.000000000000000222e+00	-5.963484847524278543e-01	2.415246403390642893e-01	-3.530185276585823262e-01	2.382616196489854288e-01	-2.906302904786840502e-01	2.670281076888094685e-01	-2.124469197949503396e-01	1.247074061046094390e-01	-1.188432652583442800e-01	1.907282676684934619e-01	-1.764218327542619313e-01	1.501010564771168010e-01	-1.266061307131683689e-01	1.113504549619159928e-01	-8.708200078558851753e-02	1.157678139779732412e-01	-1.898455470090483488e-01	7.329186462823840398e-02	-8.451532140624706813e-02	8.781889089778020796e-02	-1.086359951474144409e-01	1.025257104845452433e-01	-8.325248751507115241e-02	8.009492010163786480e-02	-1.048458022823417907e-01	8.594301218726815850e-02	-7.755414557514947460e-02	7.656701065002609330e-02	-9.010977157311622632e-02	1.282597086450543711e-01	-6.739034611449667977e-02	7.449504706548616684e-02	-5.544584680580498526e-02	5.495343441500134124e-02	-6.411388336813164668e-02	5.605916634821928035e-02	-5.026081608356482849e-02	5.896868539293577405e-02	-4.245060216401015663e-02	5.611739316784059711e-02	-5.803356000474840792e-02	4.385177829619105877e-02
-2.081890825878363882e-01	2.006953978593580545e-01	-5.963484847524278543e-01	1.000000000000000222e+00	-4.616389778183080383e-01	2.214574118999425578e-01	-1.742371846226475063e-01	1.934273497261608243e-01	-5.089488723552944016e-01	2.779001648793213985e-01	-9.524234055527272536e-02	8.865584146100899399e-02	-1.587495904170446448e-01	1.507752131408474916e-01	-1.358115713012975900e-01	9.144485618109113312e-02	-8.355829771311425180e-02	6.512091388104214451e-02	-8.808322422298449361e-02	1.468375776723690185e-01	-5.349175911566232677e-02	6.213223323074789500e-02	-6.520686628793830042e-02	8.099348984269165441e-02	-7.838120898668976544e-02	6.040118354306648479e-02	-5.894114535944609129e-02	7.695371802144261586e-02	-6.417949875581449581e-02	5.808018028058096333e-02	-5.598590438108831668e-02	6.561136673792639096e-02	-9.395198249880887253e-02	4.999818732742360855e-02	-5.581892467103041072e-02	4.045619812665825904e-02	-4.018261711019974203e-02	4.687080282011973908e-02	-4.138410721552619742e-02	3.702625453738117578e-02	-4.318350992932280114e-02	3.104604790944456849e-02	-4.112142700714156024e-02	4.264874814750999749e-02	-3.233590677604657876e-02
1.516906405235761146e-01	-1.522851550182169333e-01	2.415246403390642893e-01	-4.616389778183080383e-01	1.000000000000000222e+00	-2.446686668450547553e-01	1.584986341120958597e-01	-1.932027244375496278e-01	3.257171221717288234e-01	-7.031283789547599916e-01	1.014631643933289612e-01	-9.570109261439115056e-02	1.635615265978462851e-01	-1.740866408186782233e-01	1.682404607110051242e-01	-1.136233766743256074e-01	9.957325920591632296e-02	-7.933874886263486692e-02	1.071280230809747158e-01	-1.932766853954000774e-01	6.600374988991367098e-02	-7.645294202847047194e-02	8.019516465700733676e-02	-1.013719622612625076e-01	9.728335830182537058e-02	-7.511008708591389305e-02	7.253444470833711466e-02	-9.578450737270495507e-02	7.944527343855010970e-02	-7.278819917716260190e-02	6.917366252070274169e-02	-8.156954060884866187e-02	1.159661832091068157e-01	-6.226180106803482633e-02	6.909108638070084185e-02	-5.022958159274732576e-02	4.980378372624826022e-02	-5.829361080235583026e-02	5.144713771231604338e-02	-4.618932947788217253e-02	5.343608068420477308e-02	-3.851483107407863843e-02	5.095670457303481254e-02	-5.323362217682763714e-02	4.020635113916343900e-02
-4.697206827613015778e-01	2.875852016619785956e-01	-3.530185276585823262e-01	2.214574118999425578e-01	-2.446686668450547553e-01	1.000000000000000888e+00	-5.193378594114538283e-01	2.959175429945877234e-01	-2.750628399454999040e-01	1.790162649655267779e-01	-2.491361064847361362e-01	1.926980650870285250e-01	-2.834508891330280722e-01	1.917430267356893536e-01	-1.810230755588225771e-01	1.412702241433712036e-01	-1.474279983372722702e-01	1.067763244504804920e-01	-1.438809055406554405e-01	1.905821570700773071e-01	-8.502916027621544581e-02	9.930302760679522722e-02	-1.042643376827774582e-01	1.220519558574860025e-01	-1.188095010851482197e-01	9.340825803541803751e-02	-9.454845813043295799e-02	1.185725974918692416e-01	-1.002669908430369738e-01	8.708663038820017854e-02	-8.907746287439435862e-02	1.019606492634205080e-01	-1.524142590006300202e-01	7.694767395666755883e-02	-8.697313869043798995e-02	6.338148155151829277e-02	-6.338504914132719881e-02	7.311708409559648791e-02	-6.428809629464635189e-02	5.684502128016754446e-02	-6.871732198552935045e-02	4.889819647739516301e-02	-6.507715235343203286e-02	6.543876188867044086e-02	-5.025354007009235485e-02
2.591528823509519075e-01	-3.378429197156863073e-01	2.382616196489854288e-01	-1.742371846226475063e-01	1.584986341120958597e-01	-5.193378594114538283e-01	1.000000000000000888e+00	-6.492143335282900551e-01	1.961996876876107299e-01	-1.376836005331866231e-01	1.753864785420320427e-01	-1.952607953996662038e-01	2.493697357127678538e-01	-1.843172935849133609e-01	1.460261190799169440e-01	-1.151706136207408387e-01	1.128356461547525280e-01	-8.465555242540029335e-02	1.090891783093236450e-01	-1.707243596634770988e-01	6.706807490123231630e-02	-7.856454680570622295e-02	8.116233834631272903e-02	-9.805846189949556091e-02	9.328089590497085082e-02	-7.462494595755395088e-02	7.337026527613049742e-02	-9.455284188961017577e-02	7.730955308132489434e-02	-6.931678819639283673e-02	6.885501484970950326e-02	-8.033379717911173779e-02	1.123198560186284695e-01	-5.992910971516814123e-02	6.684446604616464671e-02	-4.917527454012753790e-02	4.883417019116683550e-02	-5.644573780856675105e-02	4.961166393587308071e-02	-4.427483789113707130e-02	5.226187229262243411e-02	-3.752125401640221680e-02	4.960507959031554975e-02	-5.101564114092505681e-02	3.871470214243829394e-02
-2.337175682802320187e-01	2.148039514014032092e-01	-2.906302904786840502e-01	1.934273497261608243e-01	-1.932027244375496278e-01	2.959175429945877234e-01	-6.492143335282900551e-01	1.000000000000000444e+00	-2.812017679729182928e-01	1.640921241691623567e-01	-1.805579145020921317e-01	1.721187666524763016e-01	-4.672629742520730822e-01	2.224615412127488867e-01	-1.843565806131294005e-01	1.157565231402803985e-01	-1.175674983938474194e-01	8.755149763228470272e-02	-1.164959052629738062e-01	1.825902287962989923e-01	-6.839355974644613367e-02	8.046547235661043185e-02	-8.431087007503135222e-02	1.023254156493704353e-01	-1.003261963930635048e-01	7.573962765125603902e-02	-7.560565931209244084e-02	9.710144933790046395e-02	-8.123753648668952110e-02	7.289588089332656173e-02	-7.064761475439972072e-02	8.203190237101617988e-02	-1.164737050353493869e-01	6.257828703074969079e-02	-7.057668613519649248e-02	5.043638036895842919e-02	-5.021790320601933477e-02	5.811663541575230740e-02	-5.160201955051154504e-02	4.594425501322523669e-02	-5.390843944308773561e-02	3.863871616379682683e-02	-5.122118908608951776e-02	5.280879196952459331e-02	-4.023831019916015300e-02
1.707104607219582793e-01	-1.722695895810653910e-01	2.670281076888094685e-01	-5.089488723552944016e-01	3.257171221717288234e-01	-2.750628399454999040e-01	1.961996876876107299e-01	-2.812017679729182928e-01	9.999999999999997780e-01	-5.767134271397841294e-01	1.184756942223521015e-01	-1.132829069494911273e-01	2.084496107794935049e-01	-2.544050650593071561e-01	1.939995148074237508e-01	-1.215657128661789821e-01	1.089634949219428356e-01	-8.635041751956140654e-02	1.166324612664302179e-01	-2.109680635207514254e-01	7.076612713635782592e-02	-8.228945827316307138e-02	8.642066300693947156e-02	-1.090602798267814311e-01	1.055319011295366705e-01	-8.019482572668958087e-02	7.787762352038594960e-02	-1.025983456609922406e-01	8.535881947835015360e-02	-7.827313968725518878e-02	7.393025316269467850e-02	-8.702793200110507665e-02	1.232198469053608081e-01	-6.667545624184087472e-02	7.427329564484354274e-02	-5.353984663851399373e-02	5.311548838376626419e-02	-6.207534364059252852e-02	5.496272549763963483e-02	-4.929762285503792169e-02	5.695581700268166625e-02	-4.103452528182140180e-02	5.430283890810492370e-02	-5.676200007977614398e-02	4.292180331235765506e-02
-1.291006533987655580e-01	1.201621171195355608e-01	-2.124469197949503396e-01	2.779001648793213985e-01	-7.031283789547599916e-01	1.790162649655267779e-01	-1.376836005331866231e-01	1.640921241691623567e-01	-5.767134271397841294e-01	1.000000000000001554e+00	-8.704050944671577750e-02	8.116426878851153159e-02	-1.558144071018248145e-01	1.674450627344755971e-01	-1.973815476094489541e-01	8.752013140952634440e-02	-8.105222472547685131e-02	6.415886121128171193e-02	-8.863350975775952101e-02	1.620904400142379465e-01	-5.148119313497070970e-02	6.025732120866204161e-02	-6.399985468157692869e-02	8.112681477794352058e-02	-8.101437569769426306e-02	5.805669294073428216e-02	-5.714707551702426225e-02	7.511873717974178188e-02	-6.379109736925964169e-02	5.858447225324611013e-02	-5.396237143549186682e-02	6.326433707822307073e-02	-9.042169733034766121e-02	4.948630089748990574e-02	-5.574868085395121020e-02	3.903317942268751811e-02	-3.881150178409837476e-02	4.538081129828776261e-02	-4.060381865552148417e-02	3.633328790022906374e-02	-4.170331335847525522e-02	3.000484666142229362e-02	-3.979753801769727456e-02	4.172832736421665245e-02	-3.167494489686951270e-02
1.199079405506078555e-01	-1.038098740439832024e-01	1.247074061046094390e-01	-9.524234055527272536e-02	1.014631643933289612e-01	-2.491361064847361362e-01	1.753864785420320427e-01	-1.805579145020921317e-01	1.184756942223521015e-01	-8.704050944671577750e-02	1.000000000000001332e+00	-8.650554507359329293e-01	2.161941701431413232e-01	-1.638204482665965300e-01	1.259996147982211934e-01	-1.753312586243299109e-01	1.826341199864729703e-01	-1.279000374514786265e-01	1.310247697032381753e-01	-1.607242094481995953e-01	9.363052081243261604e-02	-1.106077502290661041e-01	1.043053207806284022e-01	-1.134493420810903375e-01	9.840764020443068527e-02	-9.900692287419554649e-02	9.545402458256452283e-02	-1.190056110118509064e-01	8.625409106918976998e-02	-7.481749534493144227e-02	8.659760878025506148e-02	-1.011432100024761555e-01	1.212441606040119413e-01	-6.624139804321159397e-02	7.245737695032274106e-02	-5.932856979654727025e-02	5.838098670830352277e-02	-6.503910811016773430e-02	5.509450206744649636e-02	-4.900039303617907682e-02	6.071258251629151753e-02	-4.369252450866811105e-02	5.686225956113805796e-02	-5.678750676589680579e-02	4.277336906870393002e-02
-1.131791730484259656e-01	9.715497246733204029e-02	-1.188432652583442800e-01	8.865584146100899399e-02	-9.570109261439115056e-02	1.926980650870285250e-01	-1.952607953996662038e-01	1.721187666524763016e-01	-1.132829069494911273e-01	8.116426878851153159e-02	-8.650554507359329293e-01	1.000000000000001332e+00	-2.848759107645256194e-01	1.542131742238503633e-01	-1.235460476702511939e-01	1.446947909927416565e-01	-2.213224806854285631e-01	1.228396506328062743e-01	-1.273259692130772613e-01	1.430528191075570998e-01	-8.302898649708674583e-02	1.014373342751788420e-01	-9.721251590746646243e-02	1.023317883968316994e-01	-8.984823254214227561e-02	8.601950152433963936e-02	-8.769003998230831542e-02	1.064535690774452703e-01	-7.807258596641060422e-02	6.716348922450447734e-02	-7.712981511890432129e-02	8.917986142056877341e-02	-1.085094143938851313e-01	5.936081655421772407e-02	-6.546359768301958371e-02	5.246571654753338226e-02	-5.188141645800350282e-02	5.761658537745879827e-02	-4.920691648177452637e-02	4.360402068253609736e-02	-5.408162781514105899e-02	3.878820132504865598e-02	-5.062365914442411297e-02	5.043275624208964220e-02	-3.815396437122914319e-02
1.622522041643835455e-01	-1.489116640422697424e-01	1.907282676684934619e-01	-1.587495904170446448e-01	1.635615265978462851e-01	-2.834508891330280722e-01	2.493697357127678538e-01	-4.672629742520730822e-01	2.084496107794935049e-01	-1.558144071018248145e-01	2.161941701431413232e-01	-2.848759107645256194e-01	1.000000000000001110e+00	-5.818383794413956034e-01	2.685784761021809963e-01	-1.539066583754266915e-01	1.489322806064110327e-01	-1.169445404345207801e-01	1.510590325717496296e-01	-3.022796046050121865e-01	8.897871585420019658e-02	-1.056204762565850080e-01	1.101415233957006995e-01	-1.400965499361850053e-01	1.360340792142624711e-01	-9.934733834574238642e-02	9.763376261764815378e-02	-1.291057024195376712e-01	1.061922355171504850e-01	-9.950626865311919256e-02	9.061223500628858007e-02	-1.067406516521029747e-01	1.435747184268496568e-01	-8.243056390313419080e-02	9.217368318163803032e-02	-6.488140409966747235e-02	6.431721792409013372e-02	-7.467102085704464820e-02	6.694019342005025353e-02	-6.008413355742537459e-02	6.834976263002712216e-02	-4.934940425282018095e-02	6.515518558563648810e-02	-6.896740449869502576e-02	5.205786992206479918e-02
-1.354626603986548161e-01	1.171680634137573784e-01	-1.764218327542619313e-01	1.507752131408474916e-01	-1.740866408186782233e-01	1.917430267356893536e-01	-1.843172935849133609e-01	2.224615412127488867e-01	-2.544050650593071561e-01	1.674450627344755971e-01	-1.638204482665965300e-01	1.542131742238503633e-01	-5.818383794413956034e-01	1.000000000000000666e+00	-6.089990252284042116e-01	1.223602110727011055e-01	-1.271596795273350067e-01	9.996640506323087316e-02	-1.443833525891485836e-01	2.773799591095864603e-01	-7.328921499168118692e-02	8.799043231032034618e-02	-9.555820569645630258e-02	1.228631276171321812e-01	-1.333171191980643266e-01	8.108844347658052121e-02	-8.269546700254565286e-02	1.084101239643717601e-01	-9.577758051268460415e-02	8.936605894347990353e-02	-7.602487690466336323e-02	8.852230844293233758e-02	-1.244726899932236674e-01	7.280949916604018135e-02	-8.450651423906611892e-02	5.448193663144523802e-02	-5.438637467992728236e-02	6.342322942151300269e-02	-5.856153250487466239e-02	5.216706013032900574e-02	-5.830194801547809030e-02	4.191583650307208198e-02	-5.576930599389486043e-02	5.944177136239809506e-02	-4.544939466364214531e-02
1.174290946073150016e-01	-1.020446337057032415e-01	1.501010564771168010e-01	-1.358115713012975900e-01	1.682404607110051242e-01	-1.810230755588225771e-01	1.460261190799169440e-01	-1.843565806131294005e-01	1.939995148074237508e-01	-1.973815476094489541e-01	1.259996147982211934e-01	-1.235460476702511939e-01	2.685784761021809963e-01	-6.089990252284042116e-01	1.000000000000000888e+00	-1.382903067695869792e-01	1.331780020531935227e-01	-1.151352694395376547e-01	1.654755829754538665e-01	-6.047184800784008996e-01	8.217043327768265570e-02	-9.962645956258606161e-02	1.098829639933801144e-01	-1.555065068796021854e-01	1.686943898912034445e-01	-9.224506856255437759e-02	9.317177992783455542e-02	-1.275347058970085767e-01	1.131158944185022136e-01	-1.147773205535986552e-01	8.544216730625006639e-02	-1.009555046775243436e-01	1.378890714987075494e-01	-8.723849305250462594e-02	1.000540529022917458e-01	-6.187181271208086475e-02	6.162115883037843495e-02	-7.264861758120760848e-02	6.846551106876544446e-02	-6.164747737522081883e-02	6.569139475779046944e-02	-4.758093958154751418e-02	6.324954246648395451e-02	-7.000784028696373229e-02	5.295468874382028984e-02
-1.037146196522589076e-01	8.243226482664887944e-02	-1.266061307131683689e-01	9.144485618109113312e-02	-1.136233766743256074e-01	1.412702241433712036e-01	-1.151706136207408387e-01	1.157565231402803985e-01	-1.215657128661789821e-01	8.752013140952634440e-02	-1.753312586243299109e-01	1.446947909927416565e-01	-1.539066583754266915e-01	1.223602110727011055e-01	-1.382903067695869792e-01	1.000000000000001332e+00	-3.943655227425701959e-01	2.218200102096412052e-01	-2.906531350717346251e-01	1.802395889108507621e-01	-5.691725578379244199e-01	2.617456486467436005e-01	-2.366964746408605214e-01	2.045756624648769340e-01	-1.818584365397565017e-01	2.999515627494631076e-01	-2.618207535654568652e-01	2.340066875333143281e-01	-1.810017704650029591e-01	1.384546983124160524e-01	-2.968266026048245187e-01	2.439361474346872505e-01	-3.011747446243945858e-01	1.353982632403674669e-01	-1.495473851219859263e-01	1.617364492358435990e-01	-1.613478766758640326e-01	1.585851666800537629e-01	-1.209999485014945780e-01	1.029574288620007244e-01	-1.698588435138429220e-01	1.151165488303072526e-01	-1.494200045493776496e-01	1.211907174571170975e-01	-9.379788677366586447e-02
9.445484677515586514e-02	-7.750776286908232782e-02	1.113504549619159928e-01	-8.355829771311425180e-02	9.957325920591632296e-02	-1.474279983372722702e-01	1.128356461547525280e-01	-1.175674983938474194e-01	1.089634949219428356e-01	-8.105222472547685131e-02	1.826341199864729703e-01	-2.213224806854285631e-01	1.489322806064110327e-01	-1.271596795273350067e-01	1.331780020531935227e-01	-3.943655227425701959e-01	1.000000000000000000e+00	-5.933073820928145281e-01	3.068855431592260041e-01	-2.031234245840283781e-01	2.105337162011180763e-01	-3.599197896004340813e-01	2.691657714323733575e-01	-2.416765909964492254e-01	1.746582927221721482e-01	-2.181440712413378058e-01	2.330042260940274612e-01	-2.840772318304537469e-01	1.677045643419232124e-01	-1.359865993273954854e-01	1.818717885356067043e-01	-2.237474256795209948e-01	2.195897407824058956e-01	-1.251306442142099684e-01	1.332340077456811711e-01	-1.206630921537070467e-01	1.182087080148754854e-01	-1.261394406007517732e-01	1.033109467508675355e-01	-9.112925380227532290e-02	1.180949997840005650e-01	-8.549603377860430509e-02	1.093259256387560108e-01	-1.061209269759146867e-01	7.934523897982133367e-02
-7.230897140658291977e-02	5.881899168813442547e-02	-8.708200078558851753e-02	6.512091388104214451e-02	-7.933874886263486692e-02	1.067763244504804920e-01	-8.465555242540029335e-02	8.755149763228470272e-02	-8.635041751956140654e-02	6.415886121128171193e-02	-1.279000374514786265e-01	1.228396506328062743e-01	-1.169445404345207801e-01	9.996640506323087316e-02	-1.151352694395376547e-01	2.218200102096412052e-01	-5.933073820928145281e-01	1.000000000000001776e+00	-6.144668295968234162e-01	1.736852364558483519e-01	-1.438811171161267222e-01	2.202240699809261126e-01	-3.558420995370471518e-01	2.238954814211489563e-01	-1.616586320748722161e-01	1.461297153759993639e-01	-1.802985083048943282e-01	2.390490693674507117e-01	-1.497350204677781182e-01	1.173346169791754656e-01	-1.325011981668126060e-01	1.570397880090234344e-01	-1.746711858921162208e-01	1.053365938856901107e-01	-1.152595519259998896e-01	8.830135076615697187e-02	-8.800247008702877238e-02	9.573336325347570064e-02	-8.404454025237605153e-02	7.355506378828376157e-02	-8.956302761667452039e-02	6.444350473222759668e-02	-8.382253267709739719e-02	8.460115384932710703e-02	-6.405211303368499309e-02
9.540919817898339816e-02	-7.794484969087757398e-02	1.157678139779732412e-01	-8.808322422298449361e-02	1.071280230809747158e-01	-1.438809055406554405e-01	1.090891783093236450e-01	-1.164959052629738062e-01	1.166324612664302179e-01	-8.863350975775952101e-02	1.310247697032381753e-01	-1.273259692130772613e-01	1.510590325717496296e-01	-1.443833525891485836e-01	1.654755829754538665e-01	-2.906531350717346251e-01	3.068855431592260041e-01	-6.144668295968234162e-01	1.000000000000000666e+00	-3.101698357640211845e-01	1.680344735583736426e-01	-2.313488303399219848e-01	2.665260165418619764e-01	-3.899363097885377161e-01	2.259703109117581210e-01	-1.871416428118038155e-01	1.936437924167934699e-01	-2.897717897483685356e-01	1.976080823697811684e-01	-1.671856965759384306e-01	1.622601527670236021e-01	-2.003412292237044257e-01	2.209541546212752949e-01	-1.442490120594696612e-01	1.552076799785928329e-01	-1.134633573014177249e-01	1.116692207715126589e-01	-1.260316240662946730e-01	1.127167570093197679e-01	-1.005256680996483160e-01	1.141230779957548430e-01	-8.331527794832456479e-02	1.082547857869573943e-01	-1.154171955849801617e-01	8.616676046300277003e-02
-1.461014141172561343e-01	1.197584456121649210e-01	-1.898455470090483488e-01	1.468375776723690185e-01	-1.932766853954000774e-01	1.905821570700773071e-01	-1.707243596634770988e-01	1.825902287962989923e-01	-2.109680635207514254e-01	1.620904400142379465e-01	-1.607242094481995953e-01	1.430528191075570998e-01	-3.022796046050121865e-01	2.773799591095864603e-01	-6.047184800784008996e-01	1.802395889108507621e-01	-2.031234245840283781e-01	1.736852364558483519e-01	-3.101698357640211845e-01	1.000000000000000222e+00	-1.127537970729493855e-01	1.407699102724529749e-01	-1.651714008576446457e-01	2.321825629493308452e-01	-3.553925346727972445e-01	1.237606292827558296e-01	-1.332816469600884846e-01	1.782895659690319767e-01	-1.790305017635350215e-01	1.781914466539199493e-01	-1.191626573851255061e-01	1.380586348265103458e-01	-1.988913336198725734e-01	1.316720702562321210e-01	-1.634950325375375546e-01	8.588472281058653901e-02	-8.649310360858449009e-02	1.022429856983262247e-01	-1.016161980440435653e-01	8.997643047222361745e-02	-9.313747851116839505e-02	6.701960166366197069e-02	-9.013514496770334838e-02	1.007742906027436214e-01	-7.811294755005043777e-02
6.028551377119584220e-02	-4.820735848206545576e-02	7.329186462823840398e-02	-5.349175911566232677e-02	6.600374988991367098e-02	-8.502916027621544581e-02	6.706807490123231630e-02	-6.839355974644613367e-02	7.076612713635782592e-02	-5.148119313497070970e-02	9.363052081243261604e-02	-8.302898649708674583e-02	8.897871585420019658e-02	-7.328921499168118692e-02	8.217043327768265570e-02	-5.691725578379244199e-01	2.105337162011180763e-01	-1.438811171161267222e-01	1.680344735583736426e-01	-1.127537970729493855e-01	1.000000000000000666e+00	-3.276594545187386798e-01	1.788307558764575256e-01	-1.402849434981816024e-01	1.157924954868450179e-01	-6.433085469241019982e-01	2.311469466627477098e-01	-1.865564231322543731e-01	1.188415941493867201e-01	-9.106344248989668710e-02	2.489344648990642339e-01	-2.248053903294935374e-01	1.861092361571533293e-01	-9.002065669724139407e-02	9.625918028942070936e-02	-1.358339636830317443e-01	1.239087828630927035e-01	-1.159978885699936013e-01	8.144815155070909973e-02	-6.962341372435791598e-02	1.186192955169021179e-01	-8.378176085289038011e-02	1.033407389370573082e-01	-8.294585504284708588e-02	6.250876273576712328e-02
-6.962957252493187643e-02	5.594576062590030097e-02	-8.451532140624706813e-02	6.213223323074789500e-02	-7.645294202847047194e-02	9.930302760679522722e-02	-7.856454680570622295e-02	8.046547235661043185e-02	-8.228945827316307138e-02	6.025732120866204161e-02	-1.106077502290661041e-01	1.014373342751788420e-01	-1.056204762565850080e-01	8.799043231032034618e-02	-9.962645956258606161e-02	2.617456486467436005e-01	-3.599197896004340813e-01	2.202240699809261126e-01	-2.313488303399219848e-01	1.407699102724529749e-01	-3.276594545187386798e-01	1.000000000000001110e+00	-4.391360081413071548e-01	1.981499705144936230e-01	-1.546794710318739885e-01	2.391196667799010134e-01	-6.226767580075067698e-01	2.903891154239998662e-01	-1.589014367373475789e-01	1.179099734334681931e-01	-2.198988597767284892e-01	2.569834093173818945e-01	-2.177655869354442331e-01	1.134344461595318820e-01	-1.217739671738919116e-01	1.282517546471873271e-01	-1.311907794185577236e-01	1.243237428761904267e-01	-9.633224567403061989e-02	8.244087356265818178e-02	-1.238491418852031151e-01	8.771089786260506671e-02	-1.111479220554414948e-01	9.662928438803643216e-02	-7.321314321741548281e-02
7.213659320031533262e-02	-5.819694648036289469e-02	8.781889089778020796e-02	-6.520686628793830042e-02	8.019516465700733676e-02	-1.042643376827774582e-01	8.116233834631272903e-02	-8.431087007503135222e-02	8.642066300693947156e-02	-6.399985468157692869e-02	1.043053207806284022e-01	-9.721251590746646243e-02	1.101415233957006995e-01	-9.555820569645630258e-02	1.098829639933801144e-01	-2.366964746408605214e-01	2.691657714323733575e-01	-3.558420995370471518e-01	2.665260165418619764e-01	-1.651714008576446457e-01	1.788307558764575256e-01	-4.391360081413071548e-01	1.000000000000003553e+00	-3.579523372550995619e-01	1.990081362424160893e-01	-1.846146918905801904e-01	2.679975070070582110e-01	-6.305087606675854328e-01	2.060120426781830993e-01	-1.521614833927845134e-01	1.659504627353085571e-01	-2.093967862980613548e-01	2.156181543095131437e-01	-1.400833186452419277e-01	1.459747622505025155e-01	-1.102821680232907303e-01	1.105706930947225469e-01	-1.191827303814322753e-01	1.066256153917319177e-01	-9.290368892208727969e-02	1.099625767949398009e-01	-7.969642103603412353e-02	1.033115211439427084e-01	-1.067019297834432695e-01	8.003873993602104997e-02
-8.759161028125907189e-02	7.063572720996880161e-02	-1.086359951474144409e-01	8.099348984269165441e-02	-1.013719622612625076e-01	1.220519558574860025e-01	-9.805846189949556091e-02	1.023254156493704353e-01	-1.090602798267814311e-01	8.112681477794352058e-02	-1.134493420810903375e-01	1.023317883968316994e-01	-1.400965499361850053e-01	1.228631276171321812e-01	-1.555065068796021854e-01	2.045756624648769340e-01	-2.416765909964492254e-01	2.238954814211489563e-01	-3.899363097885377161e-01	2.321825629493308452e-01	-1.402849434981816024e-01	1.981499705144936230e-01	-3.579523372550995619e-01	9.999999999999997780e-01	-5.623599141789552558e-01	1.497079728035039803e-01	-1.852425453748571538e-01	2.700353351749315567e-01	-4.058178401214562192e-01	2.700291998988622044e-01	-1.471711351571685367e-01	1.716232274372594402e-01	-2.334298839433508743e-01	2.157137313339728968e-01	-2.597739249230013314e-01	1.060914267516785137e-01	-1.081257482550397608e-01	1.303232903142680643e-01	-1.496225317922688092e-01	1.282090288055436622e-01	-1.148384574188436313e-01	8.355885587335855347e-02	-1.136305031701912438e-01	1.407211361460113941e-01	-1.095319942194980800e-01
8.259874583410402316e-02	-6.733008462082269718e-02	1.025257104845452433e-01	-7.838120898668976544e-02	9.728335830182537058e-02	-1.188095010851482197e-01	9.328089590497085082e-02	-1.003261963930635048e-01	1.055319011295366705e-01	-8.101437569769426306e-02	9.840764020443068527e-02	-8.984823254214227561e-02	1.360340792142624711e-01	-1.333171191980643266e-01	1.686943898912034445e-01	-1.818584365397565017e-01	1.746582927221721482e-01	-1.616586320748722161e-01	2.259703109117581210e-01	-3.553925346727972445e-01	1.157924954868450179e-01	-1.546794710318739885e-01	1.990081362424160893e-01	-5.623599141789552558e-01	1.000000000000001110e+00	-1.300844761007217409e-01	1.433662225284023373e-01	-2.291393237142097528e-01	2.732096008391162734e-01	-5.396512173705213522e-01	1.241139562705190491e-01	-1.493238008721102239e-01	1.975439438052219165e-01	-2.164554710047904285e-01	2.578832132270807431e-01	-9.395563943992527034e-02	9.487978751552625378e-02	-1.203150000819651483e-01	1.405297809020762678e-01	-1.310297503041714939e-01	1.007135949357637339e-01	-7.489017534934695741e-02	1.018358459069784311e-01	-1.416779847731704511e-01	1.050288884680940782e-01
-6.797741879576531254e-02	5.408421930132344818e-02	-8.325248751507115241e-02	6.040118354306648479e-02	-7.511008708591389305e-02	9.340825803541803751e-02	-7.462494595755395088e-02	7.573962765125603902e-02	-8.019482572668958087e-02	5.805669294073428216e-02	-9.900692287419554649e-02	8.601950152433963936e-02	-9.934733834574238642e-02	8.108844347658052121e-02	-9.224506856255437759e-02	2.999515627494631076e-01	-2.181440712413378058e-01	1.461297153759993639e-01	-1.871416428118038155e-01	1.237606292827558296e-01	-6.433085469241019982e-01	2.391196667799010134e-01	-1.846146918905801904e-01	1.497079728035039803e-01	-1.300844761007217409e-01	1.000000000000003775e+00	-2.877470904223258796e-01	1.914112214148149249e-01	-1.350492322631084152e-01	1.022817467636730066e-01	-4.962941401420836729e-01	2.611559834704324512e-01	-2.257795881977243124e-01	1.032880575858338423e-01	-1.109810062446683065e-01	1.828162361914822676e-01	-1.697261335870494936e-01	1.446531429375857714e-01	-9.718527614756372612e-02	8.185623595755620041e-02	-1.604871649796590360e-01	1.090615281737903342e-01	-1.341469039526027307e-01	9.838936829292289910e-02	-7.457631704637848746e-02
6.589059481457500145e-02	-5.289926488644756258e-02	8.009492010163786480e-02	-5.894114535944609129e-02	7.253444470833711466e-02	-9.454845813043295799e-02	7.337026527613049742e-02	-7.560565931209244084e-02	7.787762352038594960e-02	-5.714707551702426225e-02	9.545402458256452283e-02	-8.769003998230831542e-02	9.763376261764815378e-02	-8.269546700254565286e-02	9.317177992783455542e-02	-2.618207535654568652e-01	2.330042260940274612e-01	-1.802985083048943282e-01	1.936437924167934699e-01	-1.332816469600884846e-01	2.311469466627477098e-01	-6.226767580075067698e-01	2.679975070070582110e-01	-1.852425453748571538e-01	1.433662225284023373e-01	-2.877470904223258796e-01	9.999999999999993339e-01	-3.753585505659649546e-01	1.555511524823036396e-01	-1.157765288314043101e-01	2.431443612711931546e-01	-4.834849455359424009e-01	2.216413473505216003e-01	-1.148519998648957069e-01	1.189830723354501907e-01	-1.516828493294545555e-01	1.537577467752136440e-01	-1.399189242189235183e-01	9.946115096726167171e-02	-8.526417925686989585e-02	1.338143816345258030e-01	-9.814243775445695428e-02	1.199178695260674499e-01	-1.011293112668298078e-01	7.530071897669526892e-02
-8.530453038916797903e-02	6.829525082233467437e-02	-1.048458022823417907e-01	7.695371802144261586e-02	-9.578450737270495507e-02	1.185725974918692416e-01	-9.455284188961017577e-02	9.710144933790046395e-02	-1.025983456609922406e-01	7.511873717974178188e-02	-1.190056110118509064e-01	1.064535690774452703e-01	-1.291057024195376712e-01	1.084101239643717601e-01	-1.275347058970085767e-01	2.340066875333143281e-01	-2.840772318304537469e-01	2.390490693674507117e-01	-2.897717897483685356e-01	1.782895659690319767e-01	-1.865564231322543731e-01	2.903891154239998662e-01	-6.305087606675854328e-01	2.700353351749315567e-01	-2.291393237142097528e-01	1.914112214148149249e-01	-3.753585505659649546e-01	1.000000000000004219e+00	-3.103572755210123879e-01	1.792974105901105897e-01	-1.984492319324323018e-01	2.316193287935782996e-01	-3.116493700988769988e-01	1.776013445903142363e-01	-1.871983033319837564e-01	1.301856199116842028e-01	-1.343153314152974731e-01	1.452700709465984119e-01	-1.356498286051413538e-01	1.143444890551355841e-01	-1.364902285139608096e-01	9.730271404032565796e-02	-1.287813271323638709e-01	1.306241834328780438e-01	-1.002902010309144748e-01
6.988804590298201835e-02	-5.635306106480331839e-02	8.594301218726815850e-02	-6.417949875581449581e-02	7.944527343855010970e-02	-1.002669908430369738e-01	7.730955308132489434e-02	-8.123753648668952110e-02	8.535881947835015360e-02	-6.379109736925964169e-02	8.625409106918976998e-02	-7.807258596641060422e-02	1.061922355171504850e-01	-9.577758051268460415e-02	1.131158944185022136e-01	-1.810017704650029591e-01	1.677045643419232124e-01	-1.497350204677781182e-01	1.976080823697811684e-01	-1.790305017635350215e-01	1.188415941493867201e-01	-1.589014367373475789e-01	2.060120426781830993e-01	-4.058178401214562192e-01	2.732096008391162734e-01	-1.350492322631084152e-01	1.555511524823036396e-01	-3.103572755210123879e-01	1.000000000000001554e+00	-4.330666653772042296e-01	1.339472097894728042e-01	-1.626365973652800778e-01	2.235148237445856723e-01	-5.668188409451592191e-01	3.126972443319449568e-01	-1.079613283912513877e-01	1.109202963240286388e-01	-1.550335186757252071e-01	2.236034881267636720e-01	-1.951963553189439426e-01	1.179469679604926158e-01	-9.016680586213660087e-02	1.262245619324995627e-01	-2.179929896218541219e-01	1.480654532503737353e-01
-6.232099532032304295e-02	5.030151141662600467e-02	-7.755414557514947460e-02	5.808018028058096333e-02	-7.278819917716260190e-02	8.708663038820017854e-02	-6.931678819639283673e-02	7.289588089332656173e-02	-7.827313968725518878e-02	5.858447225324611013e-02	-7.481749534493144227e-02	6.716348922450447734e-02	-9.950626865311919256e-02	8.936605894347990353e-02	-1.147773205535986552e-01	1.384546983124160524e-01	-1.359865993273954854e-01	1.173346169791754656e-01	-1.671856965759384306e-01	1.781914466539199493e-01	-9.106344248989668710e-02	1.179099734334681931e-01	-1.521614833927845134e-01	2.700291998988622044e-01	-5.396512173705213522e-01	1.022817467636730066e-01	-1.157765288314043101e-01	1.792974105901105897e-01	-4.330666653772042296e-01	1.000000000000002442e+00	-1.031226767042712072e-01	1.215240793588051316e-01	-1.804617998517627775e-01	2.749999409780131687e-01	-5.936477994782887180e-01	8.177609203557999196e-02	-8.451055931981564517e-02	1.136902661107473123e-01	-1.665537237240775625e-01	1.477133419238341738e-01	-9.173821579673950566e-02	6.859598856608624395e-02	-9.678716323590581816e-02	1.491873108832941774e-01	-1.203729691572389404e-01
6.280494410254980342e-02	-5.017493893338562799e-02	7.656701065002609330e-02	-5.598590438108831668e-02	6.917366252070274169e-02	-8.907746287439435862e-02	6.885501484970950326e-02	-7.064761475439972072e-02	7.393025316269467850e-02	-5.396237143549186682e-02	8.659760878025506148e-02	-7.712981511890432129e-02	9.061223500628858007e-02	-7.602487690466336323e-02	8.544216730625006639e-02	-2.968266026048245187e-01	1.818717885356067043e-01	-1.325011981668126060e-01	1.622601527670236021e-01	-1.191626573851255061e-01	2.489344648990642339e-01	-2.198988597767284892e-01	1.659504627353085571e-01	-1.471711351571685367e-01	1.241139562705190491e-01	-4.962941401420836729e-01	2.431443612711931546e-01	-1.984492319324323018e-01	1.339472097894728042e-01	-1.031226767042712072e-01	1.000000000000002665e+00	-5.347048644015157670e-01	2.271091647982038941e-01	-1.091056925077851930e-01	1.119386122157955965e-01	-4.260603711490936196e-01	2.552126571611333383e-01	-2.054768433048773102e-01	1.114726000308068760e-01	-9.385989082771660497e-02	2.061882532927657163e-01	-1.542877617780080979e-01	1.683004529698780838e-01	-1.163936693025726943e-01	8.427429710884420944e-02
-7.351122796916637059e-02	5.856192184010609175e-02	-9.010977157311622632e-02	6.561136673792639096e-02	-8.156954060884866187e-02	1.019606492634205080e-01	-8.033379717911173779e-02	8.203190237101617988e-02	-8.702793200110507665e-02	6.326433707822307073e-02	-1.011432100024761555e-01	8.917986142056877341e-02	-1.067406516521029747e-01	8.852230844293233758e-02	-1.009555046775243436e-01	2.439361474346872505e-01	-2.237474256795209948e-01	1.570397880090234344e-01	-2.003412292237044257e-01	1.380586348265103458e-01	-2.248053903294935374e-01	2.569834093173818945e-01	-2.093967862980613548e-01	1.716232274372594402e-01	-1.493238008721102239e-01	2.611559834704324512e-01	-4.834849455359424009e-01	2.316193287935782996e-01	-1.626365973652800778e-01	1.215240793588051316e-01	-5.347048644015157670e-01	1.000000000000003109e+00	-3.359222484620550953e-01	1.289082150721541364e-01	-1.342481986069666011e-01	2.547232384444296782e-01	-3.293473259322701741e-01	2.099855271654776923e-01	-1.272329346378793524e-01	1.049557779038586131e-01	-2.236123981372860614e-01	1.586516712366480009e-01	-1.910566437275292018e-01	1.280598112673048961e-01	-9.595105024228405000e-02
1.051754593005270744e-01	-8.387487118295637589e-02	1.282597086450543711e-01	-9.395198249880887253e-02	1.159661832091068157e-01	-1.524142590006300202e-01	1.123198560186284695e-01	-1.164737050353493869e-01	1.232198469053608081e-01	-9.042169733034766121e-02	1.212441606040119413e-01	-1.085094143938851313e-01	1.435747184268496568e-01	-1.244726899932236674e-01	1.378890714987075494e-01	-3.011747446243945858e-01	2.195897407824058956e-01	-1.746711858921162208e-01	2.209541546212752949e-01	-1.988913336198725734e-01	1.861092361571533293e-01	-2.177655869354442331e-01	2.156181543095131437e-01	-2.334298839433508743e-01	1.975439438052219165e-01	-2.257795881977243124e-01	2.216413473505216003e-01	-3.116493700988769988e-01	2.235148237445856723e-01	-1.804617998517627775e-01	2.271091647982038941e-01	-3.359222484620550953e-01	1.000000000000002887e+00	-2.288066172285394273e-01	1.937326831547774297e-01	-1.867465712989455351e-01	1.872444543274488227e-01	-2.716715900973125652e-01	1.789906927979678097e-01	-1.591542346936513641e-01	1.882562670762432944e-01	-1.452915406229346729e-01	1.903417187249012432e-01	-1.901371291196650992e-01	1.348949355661567262e-01
-5.457824222347389120e-02	4.384157494312235920e-02	-6.739034611449667977e-02	4.999818732742360855e-02	-6.226180106803482633e-02	7.694767395666755883e-02	-5.992910971516814123e-02	6.257828703074969079e-02	-6.667545624184087472e-02	4.948630089748990574e-02	-6.624139804321159397e-02	5.936081655421772407e-02	-8.243056390313419080e-02	7.280949916604018135e-02	-8.723849305250462594e-02	1.353982632403674669e-01	-1.251306442142099684e-01	1.053365938856901107e-01	-1.442490120594696612e-01	1.316720702562321210e-01	-9.002065669724139407e-02	1.134344461595318820e-01	-1.400833186452419277e-01	2.157137313339728968e-01	-2.164554710047904285e-01	1.032880575858338423e-01	-1.148519998648957069e-01	1.776013445903142363e-01	-5.668188409451592191e-01	2.749999409780131687e-01	-1.091056925077851930e-01	1.289082150721541364e-01	-2.288066172285394273e-01	1.000000000000003109e+00	-5.559654467299288694e-01	9.450755451070132207e-02	-1.013895260521386205e-01	1.523876302562831020e-01	-4.081291997670591920e-01	2.120881213888388961e-01	-1.099724953440482933e-01	8.436909675098124006e-02	-1.255062597949206105e-01	2.252516946422314925e-01	-1.709422947132506754e-01
