1.000000000000000000e+00	-6.798149486422746524e-01	2.783964298500489765e-01	-2.770685678031598737e-02	2.689482578993531922e-02	-3.831915127469113780e-01	3.012010525062475685e-01	-3.629287988386094010e-01	1.544715352989664559e-01	-1.553861378924963899e-01	1.840328139026735088e-01	-2.293457478123781812e-01	1.567324632685666019e-01	-1.319436864758865291e-01	1.495836355852424859e-01	-1.626677772096335461e-01	1.496615254905474535e-01	-8.614794213067851480e-02	8.565381406133663889e-02	-9.526275931023921173e-02	1.300537929723754316e-01	-1.305212429150344744e-01	8.210101114268648914e-02	-7.045076126955032714e-02	7.952379642779755509e-02	-1.227819126269828198e-01	1.036257455336859618e-01	-7.690524278064383989e-02	7.892685588483112913e-02	-6.843165971107253998e-02	1.050684923843670793e-01	-7.707692698884259508e-02	7.252694341140386580e-02	-6.229240625494554540e-02	5.557496345947680189e-02	-5.533293682319523343e-02	5.244336179103546713e-02	-5.842535860491127053e-02	6.362531551757620585e-02	-5.176267271723945795e-02	4.439777121301095864e-02	-5.033381405358608451e-02	5.858511429346214411e-02	-5.441798019078780690e-02	3.494916372380412611e-02
-6.798149486422746524e-01	9.999999999999998890e-01	-5.035771389474400506e-01	2.499524139752538898e-02	-2.464633690725976517e-02	2.178758162257264652e-01	-3.982889310472194633e-01	2.995192579522988341e-01	-1.139290612576554645e-01	1.046048625902652879e-01	-1.284663920534075687e-01	1.657707606609072626e-01	-1.132485163402232042e-01	9.209115472053827633e-02	-1.012003440351401246e-01	1.079506712745486596e-01	-1.072623549597770537e-01	5.868539045225904666e-02	-5.757879998682994410e-02	6.320783660444666274e-02	-8.705286152566624192e-02	8.636051393787405606e-02	-5.590885975946826431e-02	4.706147977768053436e-02	-5.299355557895643609e-02	7.943516430305863629e-02	-6.918799075403510301e-02	5.054796533030354172e-02	-5.226793272404142016e-02	4.494211940163944652e-02	-6.909349555788017738e-02	5.050007013910949583e-02	-4.766298150723758537e-02	4.081623382278851131e-02	-3.655758645601888540e-02	3.602781844652209325e-02	-3.430014684808870701e-02	3.819598962109283652e-02	-4.169294873361323317e-02	3.362293513939230982e-02	-2.898974236125384171e-02	3.280761211728428633e-02	-3.826017549843876986e-02	3.533513614319877538e-02	-2.274925468315608032e-02
2.783964298500489765e-01	-5.035771389474400506e-01	1.000000000000000000e+00	-3.953214481656366908e-02	3.750381759138061988e-02	-1.904401290306507455e-01	2.493663478024558122e-01	-7.606486137353621890e-01	1.341070578230751653e-01	-1.236941598114102286e-01	1.097092765342269627e-01	-1.441108041733562273e-01	1.193344622677658118e-01	-1.031321090636944798e-01	1.057061653243405175e-01	-9.672769555066905445e-02	9.422009759441452026e-02	-5.905483273222581625e-02	5.811956674100890452e-02	-6.441068300603802754e-02	8.008949908775359061e-02	-8.072975585973284074e-02	5.556460254335953558e-02	-4.710222502170715447e-02	5.288590398049232422e-02	-7.452956239579613951e-02	6.479575990804041508e-02	-4.985664330332147814e-02	5.167904616183714023e-02	-4.470377284945384333e-02	6.679851164161887400e-02	-4.888467953676722821e-02	4.664268349504253897e-02	-4.032872616303264518e-02	3.619095908876238110e-02	-3.516245142215145003e-02	3.339126094248864862e-02	-3.749068507152704399e-02	4.101013479976285681e-02	-3.320612292027846219e-02	2.826409613247843344e-02	-3.202148651202331442e-02	3.756958148082170657e-02	-3.485521482444870617e-02	2.243387281531471905e-02
-2.770685678031598737e-02	2.499524139752538898e-02	-3.953214481656366908e-02	9.999999999999997780e-01	-9.933477777072692305e-01	2.348053899053397647e-02	-2.688174810669562501e-02	3.704491778337543062e-02	-6.259442217355512539e-02	7.088719489118761041e-02	-1.568700785972674747e-02	1.952630745359527561e-02	-3.002586318706275056e-02	3.026648626986233603e-02	-4.414485951549149134e-02	1.452029781311258393e-02	-1.486297680089172096e-02	1.377220256416764564e-02	-1.528501326104058852e-02	1.701963989891316226e-02	-1.432157079025398079e-02	1.444029335301553682e-02	-1.330271143054656546e-02	1.155926528352615307e-02	-1.326734181744312728e-02	1.330517845734214590e-02	-1.225629697986165001e-02	1.133922776137140029e-02	-1.226847395405449015e-02	1.052702323527311516e-02	-1.448944265231310626e-02	1.035024192902269172e-02	-1.046196592202577533e-02	9.258425654435662594e-03	-8.519749061928321918e-03	7.595783938466917073e-03	-7.234088350989750782e-03	8.376592117284418701e-03	-9.351789388888901225e-03	7.448354101241100485e-03	-6.154386146023411649e-03	6.939622138816495082e-03	-8.433144326103239954e-03	7.776565910736280701e-03	-5.049866109329944480e-03
2.689482578993531922e-02	-2.464633690725976517e-02	3.750381759138061988e-02	-9.933477777072692305e-01	1.000000000000000000e+00	-2.318190942543723806e-02	2.624422869035512515e-02	-3.700909981962151318e-02	5.913686038463188827e-02	-7.639584392871130725e-02	1.538728650462477948e-02	-1.917284172121618002e-02	2.906728514789405984e-02	-2.953013123400391807e-02	4.267708110601282218e-02	-1.426462230863266220e-02	1.455943557134909208e-02	-1.343425765457480214e-02	1.488680205257801592e-02	-1.662711778633420984e-02	1.403190311647504844e-02	-1.416770779344326235e-02	1.295733262228969916e-02	-1.128045027821218162e-02	1.293765023654969669e-02	-1.306424077797427655e-02	1.200651046537288234e-02	-1.109333107993254811e-02	1.198043096526230783e-02	-1.029587856942940083e-02	1.417584921438061994e-02	-1.013717133061026003e-02	1.023359701344016444e-02	-9.058430973059465596e-03	8.327469350756934452e-03	-7.441998672067000158e-03	7.083778073048369213e-03	-8.199564526401611000e-03	9.147879330973478912e-03	-7.296937208404017869e-03	6.026713614909212473e-03	-6.798000995160165434e-03	8.254406061262374236e-03	-7.619258760600211566e-03	4.945224036082686118e-03
-3.831915127469113780e-01	2.178758162257264652e-01	-1.904401290306507455e-01	2.348053899053397647e-02	-2.318190942543723806e-02	9.999999999999997780e-01	-4.723642131819113521e-01	1.996970828968598621e-01	-1.705397408442335394e-01	1.507298279003051189e-01	-5.701488833703697301e-01	3.057601148336028252e-01	-2.061509827487458535e-01	1.504643731013564356e-01	-1.843900547987918914e-01	2.599644818595206464e-01	-2.654545250496044284e-01	1.136788097327860875e-01	-1.111235917652186461e-01	1.171051068261454581e-01	-2.217603824677366608e-01	1.809261312449912118e-01	-1.116909949858582718e-01	9.162276731097958316e-02	-1.042635222034174469e-01	1.672356694716194137e-01	-1.556498820811293426e-01	9.994621764509351025e-02	-1.045557303829686008e-01	8.709844077581997690e-02	-1.477697992500667523e-01	1.042171528671242131e-01	-9.692402010053725869e-02	8.034819775113029305e-02	-7.224715795346201008e-02	7.241292655592003469e-02	-7.001574068519289540e-02	7.632124801544627746e-02	-8.351611239806572273e-02	6.529235662421259412e-02	-5.901360590095022784e-02	6.605543162276743263e-02	-7.659116815780736554e-02	6.879852291733387637e-02	-4.461885907645786464e-02
3.012010525062475685e-01	-3.982889310472194633e-01	2.493663478024558122e-01	-2.688174810669562501e-02	2.624422869035512515e-02	-4.723642131819113521e-01	1.000000000000000444e+00	-3.751265408150473712e-01	1.687029353250929786e-01	-1.654742569607252356e-01	2.617398507916597894e-01	-4.723737601296239541e-01	1.944931379520088988e-01	-1.584817233985087448e-01	1.691393196506165153e-01	-2.311588438695223735e-01	2.212412586654869395e-01	-1.075637836501344147e-01	1.023082222155685811e-01	-1.125547534176396941e-01	1.670120129114926466e-01	-1.732079398800449310e-01	1.012426485931227499e-01	-8.478941111583719603e-02	9.482000698273435058e-02	-1.552282709041029884e-01	1.329032597664427662e-01	-9.233655147021198328e-02	9.443936442284325827e-02	-8.132945959763535071e-02	1.265457829985859317e-01	-9.378962104975514802e-02	8.714225697079443222e-02	-7.420116846377490527e-02	6.609851027919659561e-02	-6.631913044581172478e-02	6.316314782561556485e-02	-6.980280679047951020e-02	7.578027571205787905e-02	-6.124171501441702525e-02	5.321852059326575429e-02	-6.036878943363442607e-02	6.969435875995977359e-02	-6.443231820214201377e-02	4.140573086827896432e-02
-3.629287988386094010e-01	2.995192579522988341e-01	-7.606486137353621890e-01	3.704491778337543062e-02	-3.700909981962151318e-02	1.996970828968598621e-01	-3.751265408150473712e-01	1.000000000000000444e+00	-1.930255231506569080e-01	1.440383734008723882e-01	-1.286032008381306768e-01	1.646195169355802457e-01	-1.584049835408232743e-01	1.265944723579699449e-01	-1.273808134033334871e-01	1.091180096893213380e-01	-1.118273767059938667e-01	7.046552547745653372e-02	-6.894429673957470917e-02	7.524810397087255964e-02	-9.259749108547986329e-02	9.180767650171697825e-02	-6.657126798739522455e-02	5.536442023370972965e-02	-6.212220656939142216e-02	8.391162085844015850e-02	-7.474596546756810678e-02	5.756249378685571183e-02	-6.022866011281063914e-02	5.167267082172640608e-02	-7.700937736632935959e-02	5.604319135082980186e-02	-5.381668337658356005e-02	4.647868049031546323e-02	-4.190952031146344403e-02	4.018688179840947811e-02	-3.829862084083707902e-02	4.306947277672189961e-02	-4.726712557945043219e-02	3.796427817138405686e-02	-3.239504655112992321e-02	3.663297756149161422e-02	-4.314891523728858758e-02	3.982675658282261444e-02	-2.569924124550992950e-02
1.544715352989664559e-01	-1.139290612576554645e-01	1.341070578230751653e-01	-6.259442217355512539e-02	5.913686038463188827e-02	-1.705397408442335394e-01	1.687029353250929786e-01	-1.930255231506569080e-01	1.000000000000000666e+00	-6.923426151500460257e-01	1.182929840133072202e-01	-1.502536607174262684e-01	2.702747672952497959e-01	-4.545136037405366758e-01	3.120593843734252859e-01	-1.144377997794808061e-01	1.168400366856533618e-01	-1.255101147702970266e-01	1.356865495239545083e-01	-1.555859281944160510e-01	1.167404380879258352e-01	-1.220339191152775560e-01	1.162275933875275974e-01	-1.031346007257455261e-01	1.152705722308904057e-01	-1.119512205136596328e-01	1.027608248606319552e-01	-1.007511660810792020e-01	1.070082937724081418e-01	-9.413076259371029597e-02	1.242432183057848027e-01	-9.023330343309653168e-02	9.138166508936355903e-02	-8.218957907587320921e-02	7.492818740201169503e-02	-6.702768275830756073e-02	6.334475244995947663e-02	-7.391904987229819257e-02	8.207943828632047190e-02	-6.675067513303077626e-02	5.393534962867965743e-02	-6.116197592332660304e-02	7.425304992162165552e-02	-6.964049125190255318e-02	4.495970419571919396e-02
-1.553861378924963899e-01	1.046048625902652879e-01	-1.236941598114102286e-01	7.088719489118761041e-02	-7.639584392871130725e-02	1.507298279003051189e-01	-1.654742569607252356e-01	1.440383734008723882e-01	-6.923426151500460257e-01	1.000000000000001332e+00	-1.122487905311954637e-01	1.376069036849634775e-01	-2.815812694891434709e-01	2.801643845935003485e-01	-5.378236820585439171e-01	1.061088343046766580e-01	-1.123489690097978916e-01	1.231250609464172863e-01	-1.440937507159836262e-01	1.600834751669726885e-01	-1.134404770282409908e-01	1.143812116223622694e-01	-1.204848397781714681e-01	1.051723712714293102e-01	-1.222614696247496524e-01	1.045041108461498836e-01	-9.956017136007942747e-02	9.924575412766421800e-02	-1.099427775282391245e-01	9.346345401378580720e-02	-1.243106880969639949e-01	8.779674923132219089e-02	-9.114832017072049819e-02	8.126829658029018078e-02	-7.582867190416275882e-02	6.473625717328938822e-02	-6.189939098836221704e-02	7.261647887012204206e-02	-8.192151412873391325e-02	6.438056817100797080e-02	-5.271832880017059131e-02	5.926924648920289806e-02	-7.320222000749458668e-02	6.704704638558464658e-02	-4.378631461586343643e-02
1.840328139026735088e-01	-1.284663920534075687e-01	1.097092765342269627e-01	-1.568700785972674747e-02	1.538728650462477948e-02	-5.701488833703697301e-01	2.617398507916597894e-01	-1.286032008381306768e-01	1.182929840133072202e-01	-1.122487905311954637e-01	1.000000000000000888e+00	-5.168651095256812100e-01	1.631352193114837257e-01	-1.232246926221258476e-01	1.297094273843892864e-01	-5.035289867430760014e-01	2.904696481192508006e-01	-9.704724788966041793e-02	8.665803710022879081e-02	-9.236644932425068510e-02	1.911647605210695933e-01	-1.772372879244324684e-01	9.125628645930988769e-02	-7.289428781216703013e-02	8.077263933885586722e-02	-1.578025322214388071e-01	1.355932424961140415e-01	-7.996265071189520568e-02	8.155929718668007700e-02	-6.867371185840494274e-02	1.137138056594186458e-01	-8.478542305447378524e-02	7.648988267640889627e-02	-6.333936169187411036e-02	5.630205848804345492e-02	-5.780923355745447995e-02	5.584397887938194471e-02	-6.030463426666029386e-02	6.511615739697501626e-02	-5.149847625891643133e-02	4.659157399994091203e-02	-5.271251646648240918e-02	5.979564456102008652e-02	-5.431896800186700874e-02	3.501644329483954987e-02
-2.293457478123781812e-01	1.657707606609072626e-01	-1.441108041733562273e-01	1.952630745359527561e-02	-1.917284172121618002e-02	3.057601148336028252e-01	-4.723737601296239541e-01	1.646195169355802457e-01	-1.502536607174262684e-01	1.376069036849634775e-01	-5.168651095256812100e-01	1.000000000000000444e+00	-2.696808940587463455e-01	1.636708533179121461e-01	-1.602988369222219101e-01	2.973031869170571495e-01	-4.821142825102047724e-01	1.228263775011261272e-01	-1.062672741984282271e-01	1.107122100207750259e-01	-1.965800237535466621e-01	1.959356783655119005e-01	-1.152876366935451785e-01	8.791260130364531022e-02	-9.683344665937144990e-02	1.588559203580001133e-01	-1.559696455514899271e-01	9.260300560648045132e-02	-9.607383071174063760e-02	8.015737297589084487e-02	-1.296698397039728889e-01	9.598265498779322280e-02	-8.813616555388109619e-02	7.326842587697349196e-02	-6.564932473536382040e-02	6.543362350558816487e-02	-6.355022034787688456e-02	6.911789846577882923e-02	-7.509561181774118688e-02	5.895128952072153927e-02	-5.296822317029988708e-02	5.976785929418045734e-02	-6.856198682338973671e-02	6.207030530126506074e-02	-4.014051710184424193e-02
1.567324632685666019e-01	-1.132485163402232042e-01	1.193344622677658118e-01	-3.002586318706275056e-02	2.906728514789405984e-02	-2.061509827487458535e-01	1.944931379520088988e-01	-1.584049835408232743e-01	2.702747672952497959e-01	-2.815812694891434709e-01	1.631352193114837257e-01	-2.696808940587463455e-01	1.000000000000000000e+00	-6.849804522921487671e-01	2.779507034154374279e-01	-1.566092986168441115e-01	1.663617530869892225e-01	-2.700603471128428801e-01	1.815993681755120603e-01	-1.960719732269514959e-01	1.435379236232016964e-01	-1.602430947042323972e-01	1.899741567916815033e-01	-1.444767908273552337e-01	1.482866739970801484e-01	-1.370634506994302393e-01	1.290637817165440904e-01	-1.281892449752774776e-01	1.355808241849006945e-01	-1.181027773621565469e-01	1.453863210776866199e-01	-1.090594128993163797e-01	1.114671003466471549e-01	-1.012050013623797817e-01	9.228768092568451209e-02	-7.975889020284389341e-02	7.586443656000406432e-02	-8.931625804399717650e-02	9.894662384998355320e-02	-7.980239286096749152e-02	6.398829058357086152e-02	-7.297219269569715783e-02	8.843368579058082102e-02	-8.305068425284439781e-02	5.368670230510275837e-02
-1.319436864758865291e-01	9.209115472053827633e-02	-1.031321090636944798e-01	3.026648626986233603e-02	-2.953013123400391807e-02	1.504643731013564356e-01	-1.584817233985087448e-01	1.265944723579699449e-01	-4.545136037405366758e-01	2.801643845935003485e-01	-1.232246926221258476e-01	1.636708533179121461e-01	-6.849804522921487671e-01	1.000000000000000222e+00	-4.079151527253113141e-01	1.137944027900770899e-01	-1.254817005768420202e-01	1.673370634504340870e-01	-1.809855769092940936e-01	1.721176408691421911e-01	-1.126176591559576445e-01	1.195558435878684850e-01	-1.553955220585734875e-01	1.211186765934092469e-01	-1.297772292808989647e-01	1.046392665976657449e-01	-1.011320930384878580e-01	1.031123855194691630e-01	-1.145185672790350606e-01	9.651643885887041530e-02	-1.181620906065174309e-01	8.672323037244786259e-02	-9.084227373889930401e-02	8.225969988235376507e-02	-7.658553887956073836e-02	6.343824139712476995e-02	-6.078507071946639972e-02	7.207645348457765444e-02	-8.093926502557284575e-02	6.381675241212088345e-02	-5.132295306443863947e-02	5.817105923357038244e-02	-7.163480734849780873e-02	6.629660188259695053e-02	-4.320488087820975598e-02
1.495836355852424859e-01	-1.012003440351401246e-01	1.057061653243405175e-01	-4.414485951549149134e-02	4.267708110601282218e-02	-1.843900547987918914e-01	1.691393196506165153e-01	-1.273808134033334871e-01	3.120593843734252859e-01	-5.378236820585439171e-01	1.297094273843892864e-01	-1.602988369222219101e-01	2.779507034154374279e-01	-4.079151527253113141e-01	1.000000000000000222e+00	-1.300010303678835744e-01	1.328564148266876133e-01	-1.577325441651905580e-01	1.956838504098378229e-01	-2.892539873932615246e-01	1.414171047878285403e-01	-1.497481234758049062e-01	1.476114918885230165e-01	-1.435690115597861305e-01	1.650413775384316217e-01	-1.384306302993776050e-01	1.281739051443401556e-01	-1.370028743938273008e-01	1.460606547579221259e-01	-1.326854792168870867e-01	1.634616833253575707e-01	-1.193816770966971974e-01	1.231238376520072536e-01	-1.132996162376937455e-01	1.039067601608152369e-01	-8.975916688244182928e-02	8.458159254206672195e-02	-1.002229931743703617e-01	1.117524550902877917e-01	-9.160986261398859631e-02	7.208993307499063363e-02	-8.195680477117912865e-02	1.006116130777093554e-01	-9.528242056155065975e-02	6.149119333790024899e-02
-1.626677772096335461e-01	1.079506712745486596e-01	-9.672769555066905445e-02	1.452029781311258393e-02	-1.426462230863266220e-02	2.599644818595206464e-01	-2.311588438695223735e-01	1.091180096893213380e-01	-1.144377997794808061e-01	1.061088343046766580e-01	-5.035289867430760014e-01	2.973031869170571495e-01	-1.566092986168441115e-01	1.137944027900770899e-01	-1.300010303678835744e-01	1.000000000000000666e+00	-6.447287653227322668e-01	1.129362871061327378e-01	-9.655168156503403376e-02	9.941272074661922087e-02	-3.454212949133750876e-01	2.316495161301713457e-01	-1.089791212769969653e-01	8.236646647682324685e-02	-9.098568066899301310e-02	2.061962458497513806e-01	-1.888793486770863617e-01	9.206873769200223101e-02	-9.365631062190664380e-02	7.705243397369461456e-02	-1.375939134544817144e-01	1.027386366093943765e-01	-8.998054824521785344e-02	7.214457047103627063e-02	-6.387050932192948893e-02	6.756688682645055344e-02	-6.634495238484343360e-02	6.977864108282874622e-02	-7.486985937446465067e-02	5.812383478149749788e-02	-5.476697185215331082e-02	6.171380756556953118e-02	-6.881974791526640489e-02	6.149396962703008312e-02	-3.972640595804736302e-02
1.496615254905474535e-01	-1.072623549597770537e-01	9.422009759441452026e-02	-1.486297680089172096e-02	1.455943557134909208e-02	-2.654545250496044284e-01	2.212412586654869395e-01	-1.118273767059938667e-01	1.168400366856533618e-01	-1.123489690097978916e-01	2.904696481192508006e-01	-4.821142825102047724e-01	1.663617530869892225e-01	-1.254817005768420202e-01	1.328564148266876133e-01	-6.447287653227322668e-01	9.999999999999992228e-01	-1.461885386058389691e-01	1.052848087343103145e-01	-1.089842280051093321e-01	2.365337392269043770e-01	-3.661629241773834420e-01	1.259752543459750074e-01	-9.131949779208482776e-02	9.765813479983372070e-02	-2.082279186420155082e-01	2.011179312390967144e-01	-9.913502114996186609e-02	9.951090747384866431e-02	-8.266919796010314958e-02	1.393050650780879030e-01	-1.095337667341847454e-01	9.468574324848215429e-02	-7.670235991365358108e-02	6.766892512754614508e-02	-7.123890644270508554e-02	6.972377519285639924e-02	-7.365002470005474478e-02	7.856814703646715359e-02	-6.149100987606361673e-02	5.720827690710710706e-02	-6.510472968991912190e-02	7.201398200456772536e-02	-6.499532806113772487e-02	4.186147173816504030e-02
-8.614794213067851480e-02	5.868539045225904666e-02	-5.905483273222581625e-02	1.377220256416764564e-02	-1.343425765457480214e-02	1.136788097327860875e-01	-1.075637836501344147e-01	7.046552547745653372e-02	-1.255101147702970266e-01	1.231250609464172863e-01	-9.704724788966041793e-02	1.228263775011261272e-01	-2.700603471128428801e-01	1.673370634504340870e-01	-1.577325441651905580e-01	1.129362871061327378e-01	-1.461885386058389691e-01	9.999999999999987788e-01	-3.486572375384639488e-01	2.295131220575901132e-01	-1.169519812651741847e-01	1.485886061080429754e-01	-7.876518088249185867e-01	2.562721494441889125e-01	-2.339807798979803288e-01	1.083229297769754546e-01	-1.228600308383855089e-01	1.546630679343262149e-01	-1.898236427715579433e-01	1.399053293997930825e-01	-1.362069730057611783e-01	1.044299139449012537e-01	-1.225206794646241243e-01	1.123802654805346607e-01	-1.093639056458893533e-01	7.414380852585418513e-02	-7.336156846444920332e-02	9.174900554092017824e-02	-1.054730465475889056e-01	7.765602794153191046e-02	-6.047878347514996922e-02	6.885811340331918218e-02	-8.817599849092386255e-02	7.969508797235694275e-02	-5.303681552893144135e-02
8.565381406133663889e-02	-5.757879998682994410e-02	5.811956674100890452e-02	-1.528501326104058852e-02	1.488680205257801592e-02	-1.111235917652186461e-01	1.023082222155685811e-01	-6.894429673957470917e-02	1.356865495239545083e-01	-1.440937507159836262e-01	8.665803710022879081e-02	-1.062672741984282271e-01	1.815993681755120603e-01	-1.809855769092940936e-01	1.956838504098378229e-01	-9.655168156503403376e-02	1.052848087343103145e-01	-3.486572375384639488e-01	1.000000000000000222e+00	-6.851672457922038939e-01	1.092887682870736232e-01	-1.318643931553615256e-01	2.568763355814609461e-01	-4.511704265344702591e-01	2.913376096234570611e-01	-1.088191499673246271e-01	1.147215890097965096e-01	-1.909606044631902144e-01	2.203203132027777011e-01	-1.894124101687245099e-01	1.506708833381209811e-01	-1.185866517537522979e-01	1.416035377293055897e-01	-1.432281477748948151e-01	1.362336251614198745e-01	-8.734508364928035562e-02	8.515698069207569554e-02	-1.111920151159244141e-01	1.270824682019428553e-01	-9.711781568136798604e-02	7.047166048602433730e-02	-8.115977538551563675e-02	1.055644553668552699e-01	-9.899662200163864001e-02	6.536438710628103554e-02
-9.526275931023921173e-02	6.320783660444666274e-02	-6.441068300603802754e-02	1.701963989891316226e-02	-1.662711778633420984e-02	1.171051068261454581e-01	-1.125547534176396941e-01	7.524810397087255964e-02	-1.555859281944160510e-01	1.600834751669726885e-01	-9.236644932425068510e-02	1.107122100207750259e-01	-1.960719732269514959e-01	1.721176408691421911e-01	-2.892539873932615246e-01	9.941272074661922087e-02	-1.089842280051093321e-01	2.295131220575901132e-01	-6.851672457922038939e-01	9.999999999999998890e-01	-1.197630127379048781e-01	1.348768754883218068e-01	-2.446730499727944319e-01	2.934395035365590099e-01	-4.366697712540015264e-01	1.157121215551261961e-01	-1.242201081639877358e-01	1.858761267662255856e-01	-2.455361559212528022e-01	2.030814191540491198e-01	-1.781095311663838665e-01	1.301578026395844301e-01	-1.600023978983255435e-01	1.542718700107543472e-01	-1.640356725756698109e-01	9.564187984102123785e-02	-9.478357142059025409e-02	1.222514622969448628e-01	-1.473632013719872180e-01	1.048331072737372360e-01	-7.908393368873753437e-02	8.915011403456710171e-02	-1.199316708101015039e-01	1.064362291287859058e-01	-7.244391481933962207e-02
1.300537929723754316e-01	-8.705286152566624192e-02	8.008949908775359061e-02	-1.432157079025398079e-02	1.403190311647504844e-02	-2.217603824677366608e-01	1.670120129114926466e-01	-9.259749108547986329e-02	1.167404380879258352e-01	-1.134404770282409908e-01	1.911647605210695933e-01	-1.965800237535466621e-01	1.435379236232016964e-01	-1.126176591559576445e-01	1.414171047878285403e-01	-3.454212949133750876e-01	2.365337392269043770e-01	-1.169519812651741847e-01	1.092887682870736232e-01	-1.197630127379048781e-01	9.999999999999980016e-01	-3.944369498233999405e-01	1.155331962769873128e-01	-9.828182113037590983e-02	1.091267559759421107e-01	-7.173434132735507784e-01	2.845272390749110092e-01	-1.265687401492504305e-01	1.195921176714157819e-01	-1.018830068124215588e-01	1.910067333781023113e-01	-1.544913716547051952e-01	1.245345100591003923e-01	-9.840769013920915020e-02	8.414047351527460805e-02	-1.000894424472407035e-01	9.630227469851730671e-02	-9.828585735744636842e-02	1.020729204600829970e-01	-8.198448671115898811e-02	7.890501914618815171e-02	-9.083934805974749893e-02	9.560422534591778154e-02	-8.731433993820141015e-02	5.552346389560697260e-02
-1.305212429150344744e-01	8.636051393787405606e-02	-8.072975585973284074e-02	1.444029335301553682e-02	-1.416770779344326235e-02	1.809261312449912118e-01	-1.732079398800449310e-01	9.180767650171697825e-02	-1.220339191152775560e-01	1.143812116223622694e-01	-1.772372879244324684e-01	1.959356783655119005e-01	-1.602430947042323972e-01	1.195558435878684850e-01	-1.497481234758049062e-01	2.316495161301713457e-01	-3.661629241773834420e-01	1.485886061080429754e-01	-1.318643931553615256e-01	1.348768754883218068e-01	-3.944369498233999405e-01	1.000000000000004219e+00	-1.726920438764731891e-01	1.216610991064949326e-01	-1.329567521609544833e-01	2.948828891157383447e-01	-6.645224230258806042e-01	1.541917320082087373e-01	-1.499995715877363023e-01	1.177418837171101823e-01	-2.549055498455189417e-01	2.058719151882154597e-01	-1.617707937822041031e-01	1.162528986143235854e-01	-1.001567423353054154e-01	1.180073158135621636e-01	-1.236520720546883390e-01	1.187100979341770696e-01	-1.236043714653527470e-01	9.223718951282414147e-02	-9.687214083887921157e-02	1.086700350748614069e-01	-1.145797672717415172e-01	9.855632335724873183e-02	-6.368975205212222546e-02
8.210101114268648914e-02	-5.590885975946826431e-02	5.556460254335953558e-02	-1.330271143054656546e-02	1.295733262228969916e-02	-1.116909949858582718e-01	1.012426485931227499e-01	-6.657126798739522455e-02	1.162275933875275974e-01	-1.204848397781714681e-01	9.125628645930988769e-02	-1.152876366935451785e-01	1.899741567916815033e-01	-1.553955220585734875e-01	1.476114918885230165e-01	-1.089791212769969653e-01	1.259752543459750074e-01	-7.876518088249185867e-01	2.568763355814609461e-01	-2.446730499727944319e-01	1.155331962769873128e-01	-1.726920438764731891e-01	1.000000000000002887e+00	-3.823026415806744516e-01	2.251953676393357862e-01	-1.112314133879535039e-01	1.264757197817286405e-01	-1.810884986796341412e-01	1.933278434983191074e-01	-1.514200620162974853e-01	1.362420678730043300e-01	-1.091346067180211238e-01	1.270138035863472847e-01	-1.194572111703220557e-01	1.113846419720941477e-01	-7.725693928167216840e-02	7.596522803313740524e-02	-9.614836583345615084e-02	1.080045315467518252e-01	-8.177969455056931236e-02	6.229291617240177020e-02	-7.173695463583296128e-02	9.071686405789275431e-02	-8.392634525569724058e-02	5.523530905265952584e-02
-7.045076126955032714e-02	4.706147977768053436e-02	-4.710222502170715447e-02	1.155926528352615307e-02	-1.128045027821218162e-02	9.162276731097958316e-02	-8.478941111583719603e-02	5.536442023370972965e-02	-1.031346007257455261e-01	1.051723712714293102e-01	-7.289428781216703013e-02	8.791260130364531022e-02	-1.444767908273552337e-01	1.211186765934092469e-01	-1.435690115597861305e-01	8.236646647682324685e-02	-9.131949779208482776e-02	2.562721494441889125e-01	-4.511704265344702591e-01	2.934395035365590099e-01	-9.828182113037590983e-02	1.216610991064949326e-01	-3.823026415806744516e-01	9.999999999999990008e-01	-5.903421543376682346e-01	9.837026665746163856e-02	-1.101397817102385546e-01	2.198985817500865858e-01	-4.022348277931895866e-01	2.222024702507149063e-01	-1.495910515518135697e-01	1.193594182979435397e-01	-1.570418903787624831e-01	1.608439357701484107e-01	-1.635314198390680485e-01	8.642720120420938068e-02	-8.631858019657207004e-02	1.169817140412297701e-01	-1.380284611306122344e-01	9.869804723660041690e-02	-7.035067829285879260e-02	8.100596524790043551e-02	-1.089172672398204811e-01	9.949738745004485518e-02	-6.713486061816117956e-02
7.952379642779755509e-02	-5.299355557895643609e-02	5.288590398049232422e-02	-1.326734181744312728e-02	1.293765023654969669e-02	-1.042635222034174469e-01	9.482000698273435058e-02	-6.212220656939142216e-02	1.152705722308904057e-01	-1.222614696247496524e-01	8.077263933885586722e-02	-9.683344665937144990e-02	1.482866739970801484e-01	-1.297772292808989647e-01	1.650413775384316217e-01	-9.098568066899301310e-02	9.765813479983372070e-02	-2.339807798979803288e-01	2.913376096234570611e-01	-4.366697712540015264e-01	1.091267559759421107e-01	-1.329567521609544833e-01	2.251953676393357862e-01	-5.903421543376682346e-01	1.000000000000001554e+00	-1.120479947990664360e-01	1.204161440819440376e-01	-2.327396268249471156e-01	2.674788378431649516e-01	-4.316278787323137855e-01	1.694457893796544878e-01	-1.377518945499124348e-01	1.738143503223568143e-01	-2.099931935338287536e-01	2.167791929313569455e-01	-1.028826301148712541e-01	1.011841749703304427e-01	-1.405904775220672420e-01	1.654643619547441491e-01	-1.259329859868767443e-01	8.281084149956760565e-02	-9.635528860371361803e-02	1.300541660314515624e-01	-1.246936037472344272e-01	8.370795322986258891e-02
-1.227819126269828198e-01	7.943516430305863629e-02	-7.452956239579613951e-02	1.330517845734214590e-02	-1.306424077797427655e-02	1.672356694716194137e-01	-1.552282709041029884e-01	8.391162085844015850e-02	-1.119512205136596328e-01	1.045041108461498836e-01	-1.578025322214388071e-01	1.588559203580001133e-01	-1.370634506994302393e-01	1.046392665976657449e-01	-1.384306302993776050e-01	2.061962458497513806e-01	-2.082279186420155082e-01	1.083229297769754546e-01	-1.088191499673246271e-01	1.157121215551261961e-01	-7.173434132735507784e-01	2.948828891157383447e-01	-1.112314133879535039e-01	9.837026665746163856e-02	-1.120479947990664360e-01	1.000000000000000444e+00	-4.801627768164868360e-01	1.354800149857336988e-01	-1.293544288649884633e-01	1.048222900925558504e-01	-2.534021216163179213e-01	1.834483770574997230e-01	-1.439891222424118655e-01	1.048486018563400679e-01	-8.963082565347246788e-02	1.105355678284097726e-01	-1.121569996511607437e-01	1.082816921945545380e-01	-1.126120448193534823e-01	8.561608974660660232e-02	-9.006767909235272040e-02	1.008627999744372561e-01	-1.057217775810341542e-01	9.166628862424430757e-02	-5.898643443045181733e-02
1.036257455336859618e-01	-6.918799075403510301e-02	6.479575990804041508e-02	-1.225629697986165001e-02	1.200651046537288234e-02	-1.556498820811293426e-01	1.329032597664427662e-01	-7.474596546756810678e-02	1.027608248606319552e-01	-9.956017136007942747e-02	1.355932424961140415e-01	-1.559696455514899271e-01	1.290637817165440904e-01	-1.011320930384878580e-01	1.281739051443401556e-01	-1.888793486770863617e-01	2.011179312390967144e-01	-1.228600308383855089e-01	1.147215890097965096e-01	-1.242201081639877358e-01	2.845272390749110092e-01	-6.645224230258806042e-01	1.264757197817286405e-01	-1.101397817102385546e-01	1.204161440819440376e-01	-4.801627768164868360e-01	1.000000000000000222e+00	-1.801379442912175999e-01	1.470807713583649756e-01	-1.192558847296699004e-01	2.487348990517425085e-01	-3.288586499550407161e-01	1.781229326746472941e-01	-1.233946236961372955e-01	1.006654522962449061e-01	-1.393006385076453191e-01	1.452615246449270037e-01	-1.324481743085804131e-01	1.284168284373937430e-01	-9.823230622901157894e-02	1.074202008132628672e-01	-1.294551879671434202e-01	1.204375028230361966e-01	-1.059556185074530255e-01	6.710747329080726797e-02
-7.690524278064383989e-02	5.054796533030354172e-02	-4.985664330332147814e-02	1.133922776137140029e-02	-1.109333107993254811e-02	9.994621764509351025e-02	-9.233655147021198328e-02	5.756249378685571183e-02	-1.007511660810792020e-01	9.924575412766421800e-02	-7.996265071189520568e-02	9.260300560648045132e-02	-1.281892449752774776e-01	1.031123855194691630e-01	-1.370028743938273008e-01	9.206873769200223101e-02	-9.913502114996186609e-02	1.546630679343262149e-01	-1.909606044631902144e-01	1.858761267662255856e-01	-1.265687401492504305e-01	1.541917320082087373e-01	-1.810884986796341412e-01	2.198985817500865858e-01	-2.327396268249471156e-01	1.354800149857336988e-01	-1.801379442912175999e-01	1.000000000000000000e+00	-6.342300132598714946e-01	2.170024505179262986e-01	-2.674297696781761657e-01	2.266283043129355690e-01	-5.150317400608073193e-01	2.358575670610223995e-01	-1.979025929604525946e-01	1.452569628811137825e-01	-1.581529181591622424e-01	2.184339410691186478e-01	-2.363407427166666908e-01	1.464152789214222816e-01	-1.211554748363068423e-01	1.384421907256624951e-01	-1.919407153170312741e-01	1.539882601419602648e-01	-1.032642448946189950e-01
7.892685588483112913e-02	-5.226793272404142016e-02	5.167904616183714023e-02	-1.226847395405449015e-02	1.198043096526230783e-02	-1.045557303829686008e-01	9.443936442284325827e-02	-6.022866011281063914e-02	1.070082937724081418e-01	-1.099427775282391245e-01	8.155929718668007700e-02	-9.607383071174063760e-02	1.355808241849006945e-01	-1.145185672790350606e-01	1.460606547579221259e-01	-9.365631062190664380e-02	9.951090747384866431e-02	-1.898236427715579433e-01	2.203203132027777011e-01	-2.455361559212528022e-01	1.195921176714157819e-01	-1.499995715877363023e-01	1.933278434983191074e-01	-4.022348277931895866e-01	2.674788378431649516e-01	-1.293544288649884633e-01	1.470807713583649756e-01	-6.342300132598714946e-01	1.000000000000001332e+00	-3.155261037998770557e-01	2.092861945120713940e-01	-1.903009955314218793e-01	2.675914832291766965e-01	-3.048971664315366370e-01	2.179333409439258296e-01	-1.343640869757512513e-01	1.345917967320324760e-01	-1.970581284587441528e-01	2.126641171631486193e-01	-1.554986422349360353e-01	1.066402728249960796e-01	-1.266727817118632471e-01	1.668206943591500346e-01	-1.590148458513381546e-01	1.032200427736556236e-01
-6.843165971107253998e-02	4.494211940163944652e-02	-4.470377284945384333e-02	1.052702323527311516e-02	-1.029587856942940083e-02	8.709844077581997690e-02	-8.132945959763535071e-02	5.167267082172640608e-02	-9.413076259371029597e-02	9.346345401378580720e-02	-6.867371185840494274e-02	8.015737297589084487e-02	-1.181027773621565469e-01	9.651643885887041530e-02	-1.326854792168870867e-01	7.705243397369461456e-02	-8.266919796010314958e-02	1.399053293997930825e-01	-1.894124101687245099e-01	2.030814191540491198e-01	-1.018830068124215588e-01	1.177418837171101823e-01	-1.514200620162974853e-01	2.222024702507149063e-01	-4.316278787323137855e-01	1.048222900925558504e-01	-1.192558847296699004e-01	2.170024505179262986e-01	-3.155261037998770557e-01	1.000000000000001554e+00	-2.041835101368376093e-01	1.550535858694695734e-01	-2.255212254114426496e-01	2.894688204829898859e-01	-6.598954757229729129e-01	1.149890434155157737e-01	-1.194314921247325439e-01	1.735206475736010001e-01	-2.526681192156026712e-01	1.547510639138023059e-01	-9.678497281046677392e-02	1.096809976077251503e-01	-1.663673697117638572e-01	1.426392399972827296e-01	-1.101050565789424007e-01
1.050684923843670793e-01	-6.909349555788017738e-02	6.679851164161887400e-02	-1.448944265231310626e-02	1.417584921438061994e-02	-1.477697992500667523e-01	1.265457829985859317e-01	-7.700937736632935959e-02	1.242432183057848027e-01	-1.243106880969639949e-01	1.137138056594186458e-01	-1.296698397039728889e-01	1.453863210776866199e-01	-1.181620906065174309e-01	1.634616833253575707e-01	-1.375939134544817144e-01	1.393050650780879030e-01	-1.362069730057611783e-01	1.506708833381209811e-01	-1.781095311663838665e-01	1.910067333781023113e-01	-2.549055498455189417e-01	1.362420678730043300e-01	-1.495910515518135697e-01	1.694457893796544878e-01	-2.534021216163179213e-01	2.487348990517425085e-01	-2.674297696781761657e-01	2.092861945120713940e-01	-2.041835101368376093e-01	1.000000000000000888e+00	-5.894384190633157328e-01	2.793042868272805901e-01	-2.161363934010590848e-01	1.651538698629775592e-01	-3.274431309021841319e-01	2.677458496146138400e-01	-2.396824761205883503e-01	2.161827456872814357e-01	-1.907442263339617083e-01	2.099620282197438847e-01	-2.705200133339273338e-01	2.113292173284497255e-01	-2.078882322909887392e-01	1.254435674749132812e-01
-7.707692698884259508e-02	5.050007013910949583e-02	-4.888467953676722821e-02	1.035024192902269172e-02	-1.013717133061026003e-02	1.042171528671242131e-01	-9.378962104975514802e-02	5.604319135082980186e-02	-9.023330343309653168e-02	8.779674923132219089e-02	-8.478542305447378524e-02	9.598265498779322280e-02	-1.090594128993163797e-01	8.672323037244786259e-02	-1.193816770966971974e-01	1.027386366093943765e-01	-1.095337667341847454e-01	1.044299139449012537e-01	-1.185866517537522979e-01	1.301578026395844301e-01	-1.544913716547051952e-01	2.058719151882154597e-01	-1.091346067180211238e-01	1.193594182979435397e-01	-1.377518945499124348e-01	1.834483770574997230e-01	-3.288586499550407161e-01	2.266283043129355690e-01	-1.903009955314218793e-01	1.550535858694695734e-01	-5.894384190633157328e-01	1.000000000000002442e+00	-4.425612979164662009e-01	1.836709153989784515e-01	-1.416240487776274926e-01	2.405401015313827773e-01	-4.119949459903707867e-01	2.303903957237503353e-01	-2.068522210671253914e-01	1.410305088959624698e-01	-1.988204847448728219e-01	2.309084593044924139e-01	-1.980278365307425181e-01	1.555606952128037457e-01	-9.876211672517910822e-02
7.252694341140386580e-02	-4.766298150723758537e-02	4.664268349504253897e-02	-1.046196592202577533e-02	1.023359701344016444e-02	-9.692402010053725869e-02	8.714225697079443222e-02	-5.381668337658356005e-02	9.138166508936355903e-02	-9.114832017072049819e-02	7.648988267640889627e-02	-8.813616555388109619e-02	1.114671003466471549e-01	-9.084227373889930401e-02	1.231238376520072536e-01	-8.998054824521785344e-02	9.468574324848215429e-02	-1.225206794646241243e-01	1.416035377293055897e-01	-1.600023978983255435e-01	1.245345100591003923e-01	-1.617707937822041031e-01	1.270138035863472847e-01	-1.570418903787624831e-01	1.738143503223568143e-01	-1.439891222424118655e-01	1.781229326746472941e-01	-5.150317400608073193e-01	2.675914832291766965e-01	-2.255212254114426496e-01	2.793042868272805901e-01	-4.425612979164662009e-01	1.000000000000002442e+00	-3.387395187583048806e-01	2.000488704797379891e-01	-1.961750418780918992e-01	2.189318784405438756e-01	-4.242673746816218450e-01	2.726811301166253698e-01	-1.824468530144170431e-01	1.506772388551702035e-01	-1.907984362642519416e-01	2.311323688209332983e-01	-2.001182392315400405e-01	1.237602412696350435e-01
-6.229240625494554540e-02	4.081623382278851131e-02	-4.032872616303264518e-02	9.258425654435662594e-03	-9.058430973059465596e-03	8.034819775113029305e-02	-7.420116846377490527e-02	4.647868049031546323e-02	-8.218957907587320921e-02	8.126829658029018078e-02	-6.333936169187411036e-02	7.326842587697349196e-02	-1.012050013623797817e-01	8.225969988235376507e-02	-1.132996162376937455e-01	7.214457047103627063e-02	-7.670235991365358108e-02	1.123802654805346607e-01	-1.432281477748948151e-01	1.542718700107543472e-01	-9.840769013920915020e-02	1.162528986143235854e-01	-1.194572111703220557e-01	1.608439357701484107e-01	-2.099931935338287536e-01	1.048486018563400679e-01	-1.233946236961372955e-01	2.358575670610223995e-01	-3.048971664315366370e-01	2.894688204829898859e-01	-2.161363934010590848e-01	1.836709153989784515e-01	-3.387395187583048806e-01	1.000000000000001332e+00	-5.732443490484288029e-01	1.337095428445334577e-01	-1.459338940980304256e-01	2.470554593296369894e-01	-5.160189106939520043e-01	1.843807830551667248e-01	-1.112854530444089413e-01	1.297511907139904941e-01	-2.044698291421984115e-01	1.723926410872230197e-01	-1.279846312336535563e-01
