1.000000000000000222e+00	-8.997773820422565461e-01	1.711531099365684594e-01	-1.324510810085156587e-01	1.188005314010831190e-02	-2.836417600319853238e-01	2.007325187772365238e-01	-1.555835368701302401e-01	9.231794000540395617e-02	-1.327078842077193122e-01	1.854247357139859886e-01	-1.143984106310751703e-01	1.097338964628807312e-01	-8.782494172355610751e-02	6.966435628585705697e-02	-6.294016803044183428e-02	5.235148661834432976e-02	-5.442462402256206810e-02	7.826347553487482400e-02	-5.691116287041003696e-02	4.805719859228407137e-02	-4.476915349252066217e-02	5.797425143912351975e-02	-9.715055937656469354e-02	6.518189452895865876e-02	-2.883657462809205776e-02	3.425294489855026242e-02	-3.659916809265873622e-02	4.155766026970376253e-02	-4.786093030719103941e-02	2.898938780988380079e-02	-3.270487822945571110e-02	3.003062015103562243e-02	-2.027287458048425070e-02	2.038298920391637056e-02	-1.255964830771793585e-02	1.640707117554751626e-02	-1.981852102480922626e-02	2.281042677675244879e-02	-1.011093833239682521e-02	1.806485550880136681e-02	-1.847518090730729604e-02	1.207560659766457843e-02	-1.390072827832228818e-02	8.700978157058301965e-03
-8.997773820422565461e-01	1.000000000000000666e+00	-2.218061054252379316e-01	1.239796843485438949e-01	-1.101391636415525663e-02	2.151214322705064519e-01	-2.378179268660872148e-01	1.597801866856768116e-01	-8.992398208402224702e-02	1.220398313700742088e-01	-2.018431026942850426e-01	1.156293351177029305e-01	-1.168420110430552911e-01	8.385984621387217175e-02	-6.638244323112243994e-02	6.096268336263745841e-02	-5.166335964013823306e-02	5.268458069674934047e-02	-7.579929482528613427e-02	5.367098269145817446e-02	-4.753616033462959578e-02	4.359203824110058356e-02	-5.662793604894139632e-02	8.978628649116474070e-02	-6.196029281944456096e-02	2.742941524252252503e-02	-3.279007269578693845e-02	3.476389393465799393e-02	-3.899888300441216316e-02	4.466433788754059497e-02	-2.765629437595351625e-02	3.104874694388631839e-02	-2.857768945568663413e-02	1.903386505598413450e-02	-1.918834908824723282e-02	1.190077486888877108e-02	-1.556082106596435970e-02	1.878641897869427757e-02	-2.166291710333481668e-02	9.547824007407057501e-03	-1.711327531963027782e-02	1.743190469478789542e-02	-1.142108804657389690e-02	1.312848699984323249e-02	-8.224774646881934104e-03
1.711531099365684594e-01	-2.218061054252379316e-01	1.000000000000000222e+00	-3.518501636079177652e-01	2.321342129063510423e-02	-2.068348185078817403e-01	2.660087117260496736e-01	-7.558505266671827760e-01	2.363346409295617179e-01	-2.835988060155315016e-01	2.076966139291604729e-01	-1.878206254649789075e-01	2.000936404530413160e-01	-1.922751657047944707e-01	1.460979248306626954e-01	-1.032271738527223010e-01	9.178112715807271171e-02	-1.015323598108420211e-01	1.635259399758166310e-01	-1.166029483105982950e-01	8.098152697119323506e-02	-7.902854908349746244e-02	1.074066592163310241e-01	-1.878301168636224427e-01	1.321040479591290839e-01	-5.352673517735748177e-02	6.362134567283639353e-02	-6.876785404007854097e-02	8.087223280665811753e-02	-9.302991182947471793e-02	5.426166516017627561e-02	-6.102616772493012903e-02	5.664704953057338871e-02	-3.900347242014817750e-02	3.932488639083411841e-02	-2.361971154781765045e-02	3.089901919220362086e-02	-3.741926979924464769e-02	4.318130380466675411e-02	-1.911390274684677398e-02	3.410005070347742195e-02	-3.474418810927337731e-02	2.278978296078875559e-02	-2.620071329587057504e-02	1.646579637946386787e-02
-1.324510810085156587e-01	1.239796843485438949e-01	-3.518501636079177652e-01	1.000000000000000444e+00	-3.099036771236035603e-02	1.719869841162143809e-01	-2.605343540332333285e-01	2.501672894466334673e-01	-6.671819360754439598e-01	3.079485770422341062e-01	-2.709167895047641106e-01	1.805582192294017119e-01	-2.420977050076230652e-01	2.764849765214691946e-01	-2.378659392272415851e-01	1.246464588268773044e-01	-1.242940917577976118e-01	1.384898854604306451e-01	-2.905085254128454975e-01	1.660535844102928871e-01	-1.094452177870185450e-01	1.033425617358981335e-01	-1.582458520675660563e-01	2.107139029884839143e-01	-2.074048725811713234e-01	6.925402845052656964e-02	-8.520910550385643600e-02	8.981733893140980696e-02	-1.055525747475428988e-01	1.157205822820674551e-01	-7.332648135554531432e-02	7.884604007078620247e-02	-7.618060770390944203e-02	5.003731520851379538e-02	-5.186433482486475094e-02	3.101327378588505587e-02	-4.099584812720507426e-02	4.937311737023948599e-02	-5.814395171404131840e-02	2.481546294162216212e-02	-4.533035143694148783e-02	4.448042976903436585e-02	-2.983660960451074359e-02	3.386824245246033288e-02	-2.157661462054336760e-02
1.188005314010831190e-02	-1.101391636415525663e-02	2.321342129063510423e-02	-3.099036771236035603e-02	1.000000000000000444e+00	-1.609012750946537534e-02	2.338056846579409168e-02	-1.842809233376466876e-02	2.282613211939651943e-02	-4.118791769375351047e-02	2.679757194858800595e-02	-1.681204854418176173e-02	2.190835401161170606e-02	-2.219473804069326678e-02	2.287256634325734658e-02	-1.375806567437913748e-02	1.292078438923474799e-02	-1.415841274147199014e-02	2.252735883403369707e-02	-1.760278330008065856e-02	1.199803448523256363e-02	-1.126844766911700400e-02	1.652331572638757878e-02	-2.752183639797288126e-02	2.222981695086184706e-02	-8.874948175731893138e-03	1.043902984235257903e-02	-1.117269657715821117e-02	1.289586827344128654e-02	-1.447837834627445190e-02	9.385864902987168384e-03	-1.014470010322037798e-02	9.566938167131576465e-03	-6.403392655256690859e-03	6.561868563407726070e-03	-4.127758838423128268e-03	5.444708033965769793e-03	-6.384317482185336394e-03	7.478090451121482789e-03	-3.319559095240004389e-03	6.111879494039549471e-03	-6.090154774705719247e-03	3.995400351973422276e-03	-4.569913245268012597e-03	2.868795225457662461e-03
-2.836417600319853238e-01	2.151214322705064519e-01	-2.068348185078817403e-01	1.719869841162143809e-01	-1.609012750946537534e-02	1.000000000000000222e+00	-5.844085286109758082e-01	2.049932887472935561e-01	-1.258333275464768031e-01	1.787577200551799528e-01	-6.450862374088193185e-01	2.197351488989175428e-01	-1.996934251246775260e-01	1.244838852911124283e-01	-9.682264509771999761e-02	1.068664501127380706e-01	-8.620792636469803982e-02	8.337834605345592620e-02	-1.119767566341532683e-01	7.911868114848974454e-02	-8.116755042184553570e-02	7.147578462397576049e-02	-8.907885521661486339e-02	1.349266450435609999e-01	-9.084942210330065882e-02	4.230740130366159035e-02	-5.078319957170934068e-02	5.331610062968251962e-02	-5.837337325938159183e-02	6.688736237788588113e-02	-4.233367037500199853e-02	4.766768277085271094e-02	-4.359170934704437173e-02	2.859078287725106207e-02	-2.877150834586424469e-02	1.807353455578712340e-02	-2.360470817830277040e-02	2.854868119966282383e-02	-3.285337991599056318e-02	1.443897357491827349e-02	-2.585897184229383680e-02	2.639723798493816276e-02	-1.728546669263982330e-02	1.987804316551594619e-02	-1.243399673187972447e-02
2.007325187772365238e-01	-2.378179268660872148e-01	2.660087117260496736e-01	-2.605343540332333285e-01	2.338056846579409168e-02	-5.844085286109758082e-01	1.000000000000000666e+00	-4.145515466869683086e-01	1.866052872153892428e-01	-2.692439831049185384e-01	3.159767828366160103e-01	-3.565852686815462746e-01	2.503337579259764523e-01	-1.819072997140001591e-01	1.387865109906658290e-01	-1.257361160323302585e-01	1.075794648189914576e-01	-1.113478892618834926e-01	1.568140755568650235e-01	-1.141067697184795504e-01	9.388361476452264376e-02	-9.117432572442912830e-02	1.153147786981647410e-01	-1.959307049354006292e-01	1.291249360384281730e-01	-5.743361611211040413e-02	6.816362436088423127e-02	-7.300697189467146575e-02	8.302133343635263729e-02	-9.588727070962620169e-02	5.744171037615491970e-02	-6.515056510542734103e-02	5.964593442358991776e-02	-4.042376520447590188e-02	4.056923226858251408e-02	-2.491010910154891136e-02	3.250979488140088441e-02	-3.936522767818724511e-02	4.522517230041112751e-02	-2.006816046930015932e-02	3.574822127999961741e-02	-3.666039395225013930e-02	2.394450999781176301e-02	-2.758447293915599133e-02	1.726082038190268619e-02
-1.555835368701302401e-01	1.597801866856768116e-01	-7.558505266671827760e-01	2.501672894466334673e-01	-1.842809233376466876e-02	2.049932887472935561e-01	-4.145515466869683086e-01	1.000000000000000888e+00	-2.638185318309971827e-01	2.198980533492723710e-01	-2.261851643077858187e-01	1.980750339622241174e-01	-2.537641628515178716e-01	1.674948480187948008e-01	-1.254692350347852703e-01	9.105997737612595011e-02	-8.367509572165597598e-02	8.930918633722527422e-02	-1.471172184875428890e-01	9.697385457743239179e-02	-7.279776604901386228e-02	6.995597456921678892e-02	-9.519996843729565394e-02	1.486956532396167541e-01	-1.116890403975768359e-01	4.481608868287494801e-02	-5.395964390118486442e-02	5.748548086404666607e-02	-6.616992339507854481e-02	7.520942797693087878e-02	-4.564034556396193848e-02	5.090736723476024794e-02	-4.747584621065682742e-02	3.186582230295509355e-02	-3.230764964736405898e-02	1.960012849874797139e-02	-2.568372048922949388e-02	3.110562814799200035e-02	-3.601931977871721674e-02	1.575870548036160598e-02	-2.826625710703709049e-02	2.858041318024524477e-02	-1.884248948461212519e-02	2.160140287599433481e-02	-1.360327598478891162e-02
9.231794000540395617e-02	-8.992398208402224702e-02	2.363346409295617179e-01	-6.671819360754439598e-01	2.282613211939651943e-02	-1.258333275464768031e-01	1.866052872153892428e-01	-2.638185318309971827e-01	1.000000000000001332e+00	-4.649700383312226348e-01	1.830477688036012407e-01	-1.399984948535144269e-01	1.790992100255935637e-01	-4.237990606687960793e-01	2.106279323183686270e-01	-9.521213987255092159e-02	9.540046947737970684e-02	-1.134394939723097767e-01	2.498304791259819968e-01	-1.502267632757855464e-01	8.156498404882978059e-02	-7.984935979187306188e-02	1.214925237110656975e-01	-1.824180508927053801e-01	1.649659129286272785e-01	-5.339690082811004296e-02	6.561294392212820015e-02	-7.043413451024525818e-02	8.593676826508626909e-02	-9.608202689583082712e-02	5.582600349760118152e-02	-6.103363056759296412e-02	5.886535228604757031e-02	-4.009099822510190508e-02	4.121213960502044527e-02	-2.372556084742421384e-02	3.126925432741090027e-02	-3.818621409380568849e-02	4.470253445031018014e-02	-1.914993179487086902e-02	3.444020945728368949e-02	-3.411827079032451332e-02	2.288339149786424234e-02	-2.604060810925599295e-02	1.662418613471136619e-02
-1.327078842077193122e-01	1.220398313700742088e-01	-2.835988060155315016e-01	3.079485770422341062e-01	-4.118791769375351047e-02	1.787577200551799528e-01	-2.692439831049185384e-01	2.198980533492723710e-01	-4.649700383312226348e-01	1.000000000000001332e+00	-2.962408727780963535e-01	1.895056617087180761e-01	-2.556121664363271151e-01	2.834290634948350984e-01	-4.568184664459051247e-01	1.401870079924380785e-01	-1.394862588244299428e-01	1.548961709165556089e-01	-3.055340923306185119e-01	2.466099225915916737e-01	-1.248021898447315842e-01	1.174614319960721326e-01	-1.807501695088915006e-01	2.571772355151530354e-01	-3.049032694904993956e-01	8.283297198534954331e-02	-1.021994123796989007e-01	1.088994109054948339e-01	-1.360794356602411381e-01	1.501261585184860137e-01	-8.859518483509841447e-02	9.479425827642617985e-02	-9.290757992302708934e-02	6.321779026356572073e-02	-6.592426254905367489e-02	3.759772955624623991e-02	-4.979275965280033356e-02	6.026787307783831871e-02	-7.124323960877422535e-02	3.033674927146047182e-02	-5.518007764921464137e-02	5.384806060922439630e-02	-3.634695238887125646e-02	4.117492466011322266e-02	-2.642214340180922688e-02
1.854247357139859886e-01	-2.018431026942850426e-01	2.076966139291604729e-01	-2.709167895047641106e-01	2.679757194858800595e-02	-6.450862374088193185e-01	3.159767828366160103e-01	-2.261851643077858187e-01	1.830477688036012407e-01	-2.962408727780963535e-01	9.999999999999996669e-01	-3.578278747802857707e-01	2.470163732120875533e-01	-1.934435125058385496e-01	1.517188051728761700e-01	-1.921786433474513278e-01	1.336935043153006375e-01	-1.318733583065055670e-01	1.704680996617400079e-01	-1.268716805162165839e-01	1.280131526866847558e-01	-1.143951053054146627e-01	1.380464703096177248e-01	-2.266053045499243912e-01	1.441729501409667602e-01	-6.871231258414377263e-02	8.150416068015139959e-02	-8.643186644873220026e-02	9.552822261255640435e-02	-1.104795799308804366e-01	6.816858652396014240e-02	-7.750829538491219028e-02	7.032114625623513138e-02	-4.689092029109669102e-02	4.694803152305521143e-02	-2.939021448791930349e-02	3.830620843212010490e-02	-4.634133868321178851e-02	5.311304411554707006e-02	-2.357283039052948670e-02	4.200881507690284317e-02	-4.321781038977526301e-02	2.815918800586878629e-02	-3.247175673922149397e-02	2.025906509969620933e-02
-1.143984106310751703e-01	1.156293351177029305e-01	-1.878206254649789075e-01	1.805582192294017119e-01	-1.681204854418176173e-02	2.197351488989175428e-01	-3.565852686815462746e-01	1.980750339622241174e-01	-1.399984948535144269e-01	1.895056617087180761e-01	-3.578278747802857707e-01	1.000000000000001554e+00	-7.835625686534205547e-01	1.662854189870852373e-01	-1.142801345610519603e-01	1.230399253011113941e-01	-1.425508009995728742e-01	1.185459287156392233e-01	-1.480169718980789140e-01	9.211054100290023972e-02	-9.583190081747833267e-02	9.944607709383478100e-02	-1.172308350910186564e-01	1.496230209897786989e-01	-1.046707968062530608e-01	5.021787594408527733e-02	-6.175126089597988976e-02	6.347893445522947986e-02	-6.644423410503426386e-02	7.520701856121179973e-02	-4.986329476249003190e-02	5.633699172796045179e-02	-5.140120609095125137e-02	3.240565698132025912e-02	-3.272230887743946687e-02	2.086322109490346480e-02	-2.724505332294833299e-02	3.316822152123838352e-02	-3.816906439086044378e-02	1.649126895880706489e-02	-2.956986591892921123e-02	3.005098897365596558e-02	-1.979400859280364133e-02	2.270850468043313780e-02	-1.422704191660209387e-02
1.097338964628807312e-01	-1.168420110430552911e-01	2.000936404530413160e-01	-2.420977050076230652e-01	2.190835401161170606e-02	-1.996934251246775260e-01	2.503337579259764523e-01	-2.537641628515178716e-01	1.790992100255935637e-01	-2.556121664363271151e-01	2.470163732120875533e-01	-7.835625686534205547e-01	9.999999999999997780e-01	-2.461375854684633435e-01	1.451263701684137319e-01	-1.334365012370580805e-01	1.330371346374593922e-01	-1.395046350467745166e-01	1.815108470084434156e-01	-1.191822931178020684e-01	1.010166602960698712e-01	-1.072193508262617584e-01	1.315279026792031403e-01	-1.966902753105642110e-01	1.319434244751097052e-01	-6.008624348143238453e-02	7.242849309541238290e-02	-7.661153691564208390e-02	8.437913346784239876e-02	-9.666188978210292493e-02	5.969036583345981029e-02	-6.789695593281995512e-02	6.205680177324304075e-02	-4.090278051452528318e-02	4.113657534082582057e-02	-2.548132609062253237e-02	3.324769392015447522e-02	-4.050283560901234842e-02	4.651714095469622334e-02	-2.037210908723772335e-02	3.629517667008915621e-02	-3.710272694074007171e-02	2.434773357812632794e-02	-2.799891461185695721e-02	1.754611145284645790e-02
-8.782494172355610751e-02	8.385984621387217175e-02	-1.922751657047944707e-01	2.764849765214691946e-01	-2.219473804069326678e-02	1.244838852911124283e-01	-1.819072997140001591e-01	1.674948480187948008e-01	-4.237990606687960793e-01	2.834290634948350984e-01	-1.934435125058385496e-01	1.662854189870852373e-01	-2.461375854684633435e-01	9.999999999999998890e-01	-3.284878549846090845e-01	1.209889860410448270e-01	-1.354761804144683501e-01	1.740532808193011316e-01	-6.721154109031194368e-01	2.154377415053477518e-01	-1.054401816597959202e-01	1.081913939075411640e-01	-1.790776660892255401e-01	2.396302382561183997e-01	-2.179228503657456573e-01	6.737582873854784660e-02	-8.468394356178236826e-02	9.109315504977093247e-02	-1.128550169843824807e-01	1.235922520917175083e-01	-7.008597156651522053e-02	7.708939514004226057e-02	-7.530394711443388900e-02	5.099046463232248527e-02	-5.253502805925388403e-02	2.934402522981122835e-02	-3.864825739464607807e-02	4.810409147852701128e-02	-5.628338617697587615e-02	2.371241967994321478e-02	-4.217358000595372580e-02	4.174746982272399543e-02	-2.826365285923776796e-02	3.210148187363176531e-02	-2.062138266555549673e-02
6.966435628585705697e-02	-6.638244323112243994e-02	1.460979248306626954e-01	-2.378659392272415851e-01	2.287256634325734658e-02	-9.682264509771999761e-02	1.387865109906658290e-01	-1.254692350347852703e-01	2.106279323183686270e-01	-4.568184664459051247e-01	1.517188051728761700e-01	-1.142801345610519603e-01	1.451263701684137319e-01	-3.284878549846090845e-01	9.999999999999986677e-01	-9.976763380990004426e-02	9.951038275367732333e-02	-1.240526903103837397e-01	2.589432387757361620e-01	-6.595704540918365666e-01	8.532981830686148239e-02	-8.673445085864446569e-02	1.321580674464915284e-01	-3.026275409972724595e-01	2.973664370155513770e-01	-6.668012193101582885e-02	8.189101324326635012e-02	-9.396673330317099893e-02	1.370752001151079036e-01	-1.731144213971645973e-01	6.919559139833843242e-02	-7.778590753634478938e-02	7.666206834923457170e-02	-6.162170067545975211e-02	6.212344928082326467e-02	-3.000973887612405633e-02	3.941340038680597735e-02	-5.020418634125552865e-02	5.826206547532440660e-02	-2.521071998765001335e-02	4.325056174136934772e-02	-4.340995259751045249e-02	2.942715572349176301e-02	-3.358873557819801181e-02	2.185198329548915935e-02
-6.294016803044183428e-02	6.096268336263745841e-02	-1.032271738527223010e-01	1.246464588268773044e-01	-1.375806567437913748e-02	1.068664501127380706e-01	-1.257361160323302585e-01	9.105997737612595011e-02	-9.521213987255092159e-02	1.401870079924380785e-01	-1.921786433474513278e-01	1.230399253011113941e-01	-1.334365012370580805e-01	1.209889860410448270e-01	-9.976763380990004426e-02	9.999999999999984457e-01	-4.661893470545256379e-01	2.383261456528979472e-01	-1.424875102547943084e-01	8.473133171373160855e-02	-7.122894838321354172e-01	3.183945512967356617e-01	-3.098696376189062907e-01	1.517768088532995274e-01	-1.067972088647302781e-01	1.055826430697058560e-01	-1.393978752424995526e-01	1.207727823558592956e-01	-8.161379360772787195e-02	8.632458032976907114e-02	-1.020752391847547513e-01	1.092875396225546497e-01	-9.645346615338258600e-02	4.338048839396936585e-02	-4.426360698466379195e-02	3.645579973105892574e-02	-4.758858063219282425e-02	5.800714047291657266e-02	-6.693816022291890211e-02	2.646540392361256336e-02	-4.916348214038360198e-02	4.876765027665858065e-02	-3.271786212958546769e-02	3.710245148735172305e-02	-2.301068205191264537e-02
5.235148661834432976e-02	-5.166335964013823306e-02	9.178112715807271171e-02	-1.242940917577976118e-01	1.292078438923474799e-02	-8.620792636469803982e-02	1.075794648189914576e-01	-8.367509572165597598e-02	9.540046947737970684e-02	-1.394862588244299428e-01	1.336935043153006375e-01	-1.425508009995728742e-01	1.330371346374593922e-01	-1.354761804144683501e-01	9.951038275367732333e-02	-4.661893470545256379e-01	9.999999999999994449e-01	-5.183996598966963409e-01	1.594325269346523466e-01	-8.783251423928416235e-02	2.951625988024939584e-01	-5.769204937587203430e-01	3.110277402520015833e-01	-1.581199871372996613e-01	1.046640075337817999e-01	-1.064778714153492706e-01	1.435028711189441641e-01	-1.279307193369268458e-01	8.205967764249606777e-02	-8.768274865264612250e-02	9.442761384745651521e-02	-1.137555439078637848e-01	9.410691392568895641e-02	-4.271537479599620685e-02	4.313725589627814133e-02	-3.532727592153211277e-02	4.562503811414111987e-02	-5.649726051776028657e-02	6.356262277548167805e-02	-2.541836001783211521e-02	4.629014109836117330e-02	-4.703881574656711140e-02	3.122893730545459046e-02	-3.568087078811607582e-02	2.198693715753554864e-02
-5.442462402256206810e-02	5.268458069674934047e-02	-1.015323598108420211e-01	1.384898854604306451e-01	-1.415841274147199014e-02	8.337834605345592620e-02	-1.113478892618834926e-01	8.930918633722527422e-02	-1.134394939723097767e-01	1.548961709165556089e-01	-1.318733583065055670e-01	1.185459287156392233e-01	-1.395046350467745166e-01	1.740532808193011316e-01	-1.240526903103837397e-01	2.383261456528979472e-01	-5.183996598966963409e-01	9.999999999999978906e-01	-2.855382169166640893e-01	1.099450989246133353e-01	-2.208185715982844410e-01	2.752660743872657467e-01	-6.868343972765371674e-01	1.848879465755409734e-01	-1.292607117138481754e-01	9.730440073870368078e-02	-1.358267895362590960e-01	1.362343056744449721e-01	-9.519856327736470059e-02	9.947575849099013490e-02	-9.528184506691797506e-02	1.081602684179863577e-01	-1.040720165810849890e-01	4.778696046352844118e-02	-4.876119039741317468e-02	3.620311134243398010e-02	-4.733013988859913201e-02	6.080092374018983975e-02	-6.999682082412425621e-02	2.711233094841269606e-02	-4.895656628288175272e-02	4.868828051344517571e-02	-3.324095374829177246e-02	3.762048218586215576e-02	-2.362472390927209537e-02
7.826347553487482400e-02	-7.579929482528613427e-02	1.635259399758166310e-01	-2.905085254128454975e-01	2.252735883403369707e-02	-1.119767566341532683e-01	1.568140755568650235e-01	-1.471172184875428890e-01	2.498304791259819968e-01	-3.055340923306185119e-01	1.704680996617400079e-01	-1.480169718980789140e-01	1.815108470084434156e-01	-6.721154109031194368e-01	2.589432387757361620e-01	-1.424875102547943084e-01	1.594325269346523466e-01	-2.855382169166640893e-01	9.999999999999985567e-01	-2.851103630567487501e-01	1.188835308163762872e-01	-1.311062438764433180e-01	2.090681836222586243e-01	-3.686789329775666535e-01	2.329659830331053394e-01	-7.874972330066387638e-02	9.856938567325972123e-02	-1.090052396785285149e-01	1.394700131049986525e-01	-1.555976791529156411e-01	8.026462009912788131e-02	-9.036759314353663697e-02	8.764934133120788617e-02	-6.168805858516614865e-02	6.257149900110370311e-02	-3.372071710524859184e-02	4.423476533175339093e-02	-5.605356169324371418e-02	6.496912175143629287e-02	-2.744280440745305860e-02	4.794534523639901180e-02	-4.797679790438637293e-02	3.248844903764345343e-02	-3.700682390664127019e-02	2.381903540365932354e-02
-5.691116287041003696e-02	5.367098269145817446e-02	-1.166029483105982950e-01	1.660535844102928871e-01	-1.760278330008065856e-02	7.911868114848974454e-02	-1.141067697184795504e-01	9.697385457743239179e-02	-1.502267632757855464e-01	2.466099225915916737e-01	-1.268716805162165839e-01	9.211054100290023972e-02	-1.191822931178020684e-01	2.154377415053477518e-01	-6.595704540918365666e-01	8.473133171373160855e-02	-8.783251423928416235e-02	1.099450989246133353e-01	-2.851103630567487501e-01	9.999999999999978906e-01	-7.412680387790809844e-02	7.550931073561757689e-02	-1.192940535135324637e-01	2.489601355840034558e-01	-5.818029299166165291e-01	5.830276709709560773e-02	-7.352259165276897601e-02	8.453893474526752438e-02	-1.387268238743185333e-01	1.669845528215274377e-01	-6.138648157298203650e-02	6.830417275916111919e-02	-6.967659489931614381e-02	5.721679930687428167e-02	-5.943626974246665057e-02	2.628878309775528263e-02	-3.464179385731228078e-02	4.485184719465347414e-02	-5.255662195597556041e-02	2.232102057081375088e-02	-3.788039954930089159e-02	3.758068772635046045e-02	-2.591327981940493713e-02	2.941114990883258312e-02	-1.944571250745581042e-02
4.805719859228407137e-02	-4.753616033462959578e-02	8.098152697119323506e-02	-1.094452177870185450e-01	1.199803448523256363e-02	-8.116755042184553570e-02	9.388361476452264376e-02	-7.279776604901386228e-02	8.156498404882978059e-02	-1.248021898447315842e-01	1.280131526866847558e-01	-9.583190081747833267e-02	1.010166602960698712e-01	-1.054401816597959202e-01	8.532981830686148239e-02	-7.122894838321354172e-01	2.951625988024939584e-01	-2.208185715982844410e-01	1.188835308163762872e-01	-7.412680387790809844e-02	9.999999999999958922e-01	-5.601518907653771917e-01	2.363660191872749283e-01	-1.401193370650113401e-01	9.189526963038038843e-02	-1.154820967199659820e-01	1.418058014465228833e-01	-1.208214861264255008e-01	7.468346206801383669e-02	-7.998457107798540022e-02	9.793370831310403701e-02	-1.132710075484413131e-01	9.031584650582374918e-02	-3.996933267504925585e-02	4.030096272636979338e-02	-3.491211788559822615e-02	4.496447029723857347e-02	-5.463420627905870436e-02	6.134440213364629468e-02	-2.471508056141267021e-02	4.542897561323672867e-02	-4.629804853562145134e-02	3.047552965988838472e-02	-3.488412423797115913e-02	2.134346289120755968e-02
-4.476915349252066217e-02	4.359203824110058356e-02	-7.902854908349746244e-02	1.033425617358981335e-01	-1.126844766911700400e-02	7.147578462397576049e-02	-9.117432572442912830e-02	6.995597456921678892e-02	-7.984935979187306188e-02	1.174614319960721326e-01	-1.143951053054146627e-01	9.944607709383478100e-02	-1.072193508262617584e-01	1.081913939075411640e-01	-8.673445085864446569e-02	3.183945512967356617e-01	-5.769204937587203430e-01	2.752660743872657467e-01	-1.311062438764433180e-01	7.550931073561757689e-02	-5.601518907653771917e-01	9.999999999999973355e-01	-4.158969429444531740e-01	1.406409539728043778e-01	-9.516789687419500987e-02	1.239204759306422043e-01	-2.147656837768278926e-01	1.454571805126597395e-01	-8.075026644361686656e-02	8.357027585086772292e-02	-1.093023017511055989e-01	1.290465998197363739e-01	-1.067194531396411517e-01	4.292538129953851062e-02	-4.352461678714253379e-02	3.834650833809937626e-02	-4.969685543841159681e-02	6.151205326839445653e-02	-6.940353180195528437e-02	2.678423255160375036e-02	-4.931753508152844634e-02	4.958012616357147795e-02	-3.321087121891325156e-02	3.776256734952476712e-02	-2.324628538870378291e-02
5.797425143912351975e-02	-5.662793604894139632e-02	1.074066592163310241e-01	-1.582458520675660563e-01	1.652331572638757878e-02	-8.907885521661486339e-02	1.153147786981647410e-01	-9.519996843729565394e-02	1.214925237110656975e-01	-1.807501695088915006e-01	1.380464703096177248e-01	-1.172308350910186564e-01	1.315279026792031403e-01	-1.790776660892255401e-01	1.321580674464915284e-01	-3.098696376189062907e-01	3.110277402520015833e-01	-6.868343972765371674e-01	2.090681836222586243e-01	-1.192940535135324637e-01	2.363660191872749283e-01	-4.158969429444531740e-01	9.999999999999987788e-01	-2.421081580666344657e-01	1.434421940021908259e-01	-1.281438728221091783e-01	1.701407475769617650e-01	-2.059248732387461700e-01	1.188498611434018609e-01	-1.255824371794715399e-01	1.181320834445967055e-01	-1.443518734691814909e-01	1.326959388303095844e-01	-6.007764243389796671e-02	6.034279240700282654e-02	-4.623308716706548555e-02	5.980548823609041498e-02	-7.851631771783670888e-02	8.729956443250377895e-02	-3.439968511271442736e-02	6.117888702523831268e-02	-6.237537300495352155e-02	4.199881764725491018e-02	-4.796039407301927460e-02	2.977720807027291194e-02
-9.715055937656469354e-02	8.978628649116474070e-02	-1.878301168636224427e-01	2.107139029884839143e-01	-2.752183639797288126e-02	1.349266450435609999e-01	-1.959307049354006292e-01	1.486956532396167541e-01	-1.824180508927053801e-01	2.571772355151530354e-01	-2.266053045499243912e-01	1.496230209897786989e-01	-1.966902753105642110e-01	2.396302382561183997e-01	-3.026275409972724595e-01	1.517768088532995274e-01	-1.581199871372996613e-01	1.848879465755409734e-01	-3.686789329775666535e-01	2.489601355840034558e-01	-1.401193370650113401e-01	1.406409539728043778e-01	-2.421081580666344657e-01	9.999999999999988898e-01	-4.795735182676488240e-01	1.190379453676198573e-01	-1.581336303420896039e-01	1.801831370840558666e-01	-4.165285250900204184e-01	2.833290523564635510e-01	-1.319055671780510197e-01	1.406863088086389435e-01	-1.553296615692053295e-01	1.231446656100296522e-01	-1.331666093807994944e-01	5.532572094704450022e-02	-7.375569266089331000e-02	9.633005853529208462e-02	-1.162604657494988314e-01	4.714576853119009647e-02	-8.079233514748584977e-02	7.725296445498749942e-02	-5.500434399549927050e-02	6.148041839056271607e-02	-4.159504603966575342e-02
6.518189452895865876e-02	-6.196029281944456096e-02	1.321040479591290839e-01	-2.074048725811713234e-01	2.222981695086184706e-02	-9.084942210330065882e-02	1.291249360384281730e-01	-1.116890403975768359e-01	1.649659129286272785e-01	-3.049032694904993956e-01	1.441729501409667602e-01	-1.046707968062530608e-01	1.319434244751097052e-01	-2.179228503657456573e-01	2.973664370155513770e-01	-1.067972088647302781e-01	1.046640075337817999e-01	-1.292607117138481754e-01	2.329659830331053394e-01	-5.818029299166165291e-01	9.189526963038038843e-02	-9.516789687419500987e-02	1.434421940021908259e-01	-4.795735182676488240e-01	9.999999999999972244e-01	-8.470449691506745649e-02	1.059943975688631690e-01	-1.302937764255858999e-01	2.359048604096363466e-01	-3.762223910761415824e-01	8.807208925205674277e-02	-1.008583494267318720e-01	1.036480335155941512e-01	-9.785537554119953796e-02	9.824140413846116360e-02	-3.853602595073445797e-02	5.057436188586862669e-02	-6.763492214131747171e-02	7.824492669242039122e-02	-3.379343881161925300e-02	5.516029509513586948e-02	-5.554327908629867055e-02	3.844212926272475711e-02	-4.384964097785785248e-02	2.932814733558933296e-02
-2.883657462809205776e-02	2.742941524252252503e-02	-5.352673517735748177e-02	6.925402845052656964e-02	-8.874948175731893138e-03	4.230740130366159035e-02	-5.743361611211040413e-02	4.481608868287494801e-02	-5.339690082811004296e-02	8.283297198534954331e-02	-6.871231258414377263e-02	5.021787594408527733e-02	-6.008624348143238453e-02	6.737582873854784660e-02	-6.668012193101582885e-02	1.055826430697058560e-01	-1.064778714153492706e-01	9.730440073870368078e-02	-7.874972330066387638e-02	5.830276709709560773e-02	-1.154820967199659820e-01	1.239204759306422043e-01	-1.281438728221091783e-01	1.190379453676198573e-01	-8.470449691506745649e-02	9.999999999999996669e-01	-5.005490650594198732e-01	2.300114905235527696e-01	-9.770032690381107165e-02	9.543700123094524257e-02	-7.489841232053796594e-01	2.919176124668260153e-01	-2.179152060664804880e-01	6.370489516948651953e-02	-6.550906420511426465e-02	9.003464989993900658e-02	-1.144175812892952171e-01	1.196339289228406794e-01	-1.403905084916472201e-01	5.094446196190313692e-02	-1.050916854367822395e-01	9.933994673006449339e-02	-6.594036991396268199e-02	7.384436299159495565e-02	-4.459370961888155932e-02
3.425294489855026242e-02	-3.279007269578693845e-02	6.362134567283639353e-02	-8.520910550385643600e-02	1.043902984235257903e-02	-5.078319957170934068e-02	6.816362436088423127e-02	-5.395964390118486442e-02	6.561294392212820015e-02	-1.021994123796989007e-01	8.150416068015139959e-02	-6.175126089597988976e-02	7.242849309541238290e-02	-8.468394356178236826e-02	8.189101324326635012e-02	-1.393978752424995526e-01	1.435028711189441641e-01	-1.358267895362590960e-01	9.856938567325972123e-02	-7.352259165276897601e-02	1.418058014465228833e-01	-2.147656837768278926e-01	1.701407475769617650e-01	-1.581336303420896039e-01	1.059943975688631690e-01	-5.005490650594198732e-01	9.999999999999992228e-01	-5.330330548090684850e-01	1.410963074281779694e-01	-1.396858899570678769e-01	2.974380083013741238e-01	-4.854033614524015938e-01	2.761059131966377977e-01	-8.090858813163857854e-02	8.028126321460964110e-02	-9.745495265328958656e-02	1.230305293126323085e-01	-1.495988054582275961e-01	1.570448665675055755e-01	-5.831934220353182652e-02	1.085774079908609357e-01	-1.124381220035566287e-01	7.355418920075745826e-02	-8.436939384851971369e-02	5.027358554022853115e-02
-3.659916809265873622e-02	3.476389393465799393e-02	-6.876785404007854097e-02	8.981733893140980696e-02	-1.117269657715821117e-02	5.331610062968251962e-02	-7.300697189467146575e-02	5.748548086404666607e-02	-7.043413451024525818e-02	1.088994109054948339e-01	-8.643186644873220026e-02	6.347893445522947986e-02	-7.661153691564208390e-02	9.109315504977093247e-02	-9.396673330317099893e-02	1.207727823558592956e-01	-1.279307193369268458e-01	1.362343056744449721e-01	-1.090052396785285149e-01	8.453893474526752438e-02	-1.208214861264255008e-01	1.454571805126597395e-01	-2.059248732387461700e-01	1.801831370840558666e-01	-1.302937764255858999e-01	2.300114905235527696e-01	-5.330330548090684850e-01	1.000000000000000222e+00	-2.496604432415684971e-01	1.813516863305600635e-01	-2.499844042997743931e-01	2.980837596899001962e-01	-5.888539876749535606e-01	1.109763055955464428e-01	-1.135426066164018921e-01	9.080831275123914248e-02	-1.215932244794344780e-01	2.077455721798359689e-01	-2.394549958393090983e-01	6.937739671140152886e-02	-1.174840251860058693e-01	1.127212914830091200e-01	-8.769961606466782078e-02	9.597215970063545376e-02	-6.205104705212301230e-02
4.155766026970376253e-02	-3.899888300441216316e-02	8.087223280665811753e-02	-1.055525747475428988e-01	1.289586827344128654e-02	-5.837337325938159183e-02	8.302133343635263729e-02	-6.616992339507854481e-02	8.593676826508626909e-02	-1.360794356602411381e-01	9.552822261255640435e-02	-6.644423410503426386e-02	8.437913346784239876e-02	-1.128550169843824807e-01	1.370752001151079036e-01	-8.161379360772787195e-02	8.205967764249606777e-02	-9.519856327736470059e-02	1.394700131049986525e-01	-1.387268238743185333e-01	7.468346206801383669e-02	-8.075026644361686656e-02	1.188498611434018609e-01	-4.165285250900204184e-01	2.359048604096363466e-01	-9.770032690381107165e-02	1.410963074281779694e-01	-2.496604432415684971e-01	9.999999999999988898e-01	-7.742888454364112993e-01	1.025484011350785429e-01	-1.224505725803059358e-01	1.509164473382858807e-01	-2.035841737560150633e-01	1.741871038265245253e-01	-4.352333647552439344e-02	5.737307460501998857e-02	-9.037206063821535962e-02	1.035100795753102348e-01	-4.144375399576163965e-02	6.026382370388027460e-02	-5.963747523826007368e-02	4.470577483959337767e-02	-5.037952818839521590e-02	3.636450072561556168e-02
-4.786093030719103941e-02	4.466433788754059497e-02	-9.302991182947471793e-02	1.157205822820674551e-01	-1.447837834627445190e-02	6.688736237788588113e-02	-9.588727070962620169e-02	7.520942797693087878e-02	-9.608202689583082712e-02	1.501261585184860137e-01	-1.104795799308804366e-01	7.520701856121179973e-02	-9.666188978210292493e-02	1.235922520917175083e-01	-1.731144213971645973e-01	8.632458032976907114e-02	-8.768274865264612250e-02	9.947575849099013490e-02	-1.555976791529156411e-01	1.669845528215274377e-01	-7.998457107798540022e-02	8.357027585086772292e-02	-1.255824371794715399e-01	2.833290523564635510e-01	-3.762223910761415824e-01	9.543700123094524257e-02	-1.396858899570678769e-01	1.813516863305600635e-01	-7.742888454364112993e-01	1.000000000000000000e+00	-1.054659572864579398e-01	1.184855215696498515e-01	-1.496996156432624236e-01	1.717943621225307693e-01	-2.063429473669754211e-01	4.433888207183310504e-02	-5.896049724950865739e-02	8.846591210672588579e-02	-1.065198548336761530e-01	4.299646651983995288e-02	-6.288009710338871017e-02	6.095400740154176267e-02	-4.617814533392242127e-02	5.151030840084902529e-02	-3.812326492472477291e-02
2.898938780988380079e-02	-2.765629437595351625e-02	5.426166516017627561e-02	-7.332648135554531432e-02	9.385864902987168384e-03	-4.233367037500199853e-02	5.744171037615491970e-02	-4.564034556396193848e-02	5.582600349760118152e-02	-8.859518483509841447e-02	6.816858652396014240e-02	-4.986329476249003190e-02	5.969036583345981029e-02	-7.008597156651522053e-02	6.919559139833843242e-02	-1.020752391847547513e-01	9.442761384745651521e-02	-9.528184506691797506e-02	8.026462009912788131e-02	-6.138648157298203650e-02	9.793370831310403701e-02	-1.093023017511055989e-01	1.181320834445967055e-01	-1.319055671780510197e-01	8.807208925205674277e-02	-7.489841232053796594e-01	2.974380083013741238e-01	-2.499844042997743931e-01	1.025484011350785429e-01	-1.054659572864579398e-01	9.999999999999996669e-01	-4.814690531660685280e-01	2.133299794844570885e-01	-6.713539009606436792e-02	6.692725935277625549e-02	-1.185406150932204195e-01	1.353260879130522565e-01	-1.279532974082672747e-01	1.365357237390300849e-01	-5.744187888723021468e-02	1.167914371321125966e-01	-1.233416138051700167e-01	7.361383673344015777e-02	-8.583986541628417510e-02	4.880667811523772825e-02
-3.270487822945571110e-02	3.104874694388631839e-02	-6.102616772493012903e-02	7.884604007078620247e-02	-1.014470010322037798e-02	4.766768277085271094e-02	-6.515056510542734103e-02	5.090736723476024794e-02	-6.103363056759296412e-02	9.479425827642617985e-02	-7.750829538491219028e-02	5.633699172796045179e-02	-6.789695593281995512e-02	7.708939514004226057e-02	-7.778590753634478938e-02	1.092875396225546497e-01	-1.137555439078637848e-01	1.081602684179863577e-01	-9.036759314353663697e-02	6.830417275916111919e-02	-1.132710075484413131e-01	1.290465998197363739e-01	-1.443518734691814909e-01	1.406863088086389435e-01	-1.008583494267318720e-01	2.919176124668260153e-01	-4.854033614524015938e-01	2.980837596899001962e-01	-1.224505725803059358e-01	1.184855215696498515e-01	-4.814690531660685280e-01	9.999999999999985567e-01	-4.853431056410460465e-01	9.205326886003364906e-02	-9.504593256281242131e-02	1.542649817149438218e-01	-2.399184502405158625e-01	2.048091673074495245e-01	-2.397692944750961785e-01	7.862473542966076645e-02	-1.704242856425045582e-01	1.535916876849737212e-01	-1.040567260207232170e-01	1.149082581943155768e-01	-6.939393285208189655e-02
3.003062015103562243e-02	-2.857768945568663413e-02	5.664704953057338871e-02	-7.618060770390944203e-02	9.566938167131576465e-03	-4.359170934704437173e-02	5.964593442358991776e-02	-4.747584621065682742e-02	5.886535228604757031e-02	-9.290757992302708934e-02	7.032114625623513138e-02	-5.140120609095125137e-02	6.205680177324304075e-02	-7.530394711443388900e-02	7.666206834923457170e-02	-9.645346615338258600e-02	9.410691392568895641e-02	-1.040720165810849890e-01	8.764934133120788617e-02	-6.967659489931614381e-02	9.031584650582374918e-02	-1.067194531396411517e-01	1.326959388303095844e-01	-1.553296615692053295e-01	1.036480335155941512e-01	-2.179152060664804880e-01	2.761059131966377977e-01	-5.888539876749535606e-01	1.509164473382858807e-01	-1.496996156432624236e-01	2.133299794844570885e-01	-4.853431056410460465e-01	9.999999999999984457e-01	-1.201292500235470739e-01	1.101270699713194218e-01	-1.095210123249907019e-01	1.405144220343574890e-01	-4.230818017697229316e-01	2.648652156306787742e-01	-8.224083484218289164e-02	1.269582308211954502e-01	-1.358834976460307487e-01	1.015407303334242839e-01	-1.171088397990964758e-01	7.054774059163185229e-02
-2.027287458048425070e-02	1.903386505598413450e-02	-3.900347242014817750e-02	5.003731520851379538e-02	-6.403392655256690859e-03	2.859078287725106207e-02	-4.042376520447590188e-02	3.186582230295509355e-02	-4.009099822510190508e-02	6.321779026356572073e-02	-4.689092029109669102e-02	3.240565698132025912e-02	-4.090278051452528318e-02	5.099046463232248527e-02	-6.162170067545975211e-02	4.338048839396936585e-02	-4.271537479599620685e-02	4.778696046352844118e-02	-6.168805858516614865e-02	5.721679930687428167e-02	-3.996933267504925585e-02	4.292538129953851062e-02	-6.007764243389796671e-02	1.231446656100296522e-01	-9.785537554119953796e-02	6.370489516948651953e-02	-8.090858813163857854e-02	1.109763055955464428e-01	-2.035841737560150633e-01	1.717943621225307693e-01	-6.713539009606436792e-02	9.205326886003364906e-02	-1.201292500235470739e-01	9.999999999999968914e-01	-9.347267209166060242e-01	3.903897608187725105e-02	-5.133014926534375938e-02	1.063496473853032809e-01	-1.413516723688052201e-01	6.975677005294758648e-02	-5.681002118372791010e-02	5.814532012260056892e-02	-5.203144226048340981e-02	5.947514374339722687e-02	-6.236934038647889283e-02
