1.000000000000000000e+00	-2.295680577361470243e-01	6.224663169035362514e-02	-5.456136052580792123e-02	1.027324513837618580e-01	-4.394672128269315747e-01	1.611389948711587361e-01	-1.620063719053050910e-01	9.263894152485101230e-02	-7.299626011888130095e-02	2.875689038354129479e-01	-1.955518159971000591e-01	1.301956293235533579e-01	-1.066076264121106898e-01	1.365914147702834980e-01	-8.245417102548383004e-02	1.643671708520275943e-01	-1.201116645953696632e-01	1.349289346929840594e-01	-1.210201510722284518e-01	7.356068903091926570e-02	-1.262323180164382774e-01	1.185114396181014551e-01	-1.140611581257189866e-01	1.099792279513997911e-01	-1.312166863656622495e-01	9.551866390719276900e-02	-1.183502146003143352e-01	7.977224372137167729e-02	-8.867480073227249071e-02	8.976293318448330671e-02	-8.207884319544868357e-02	8.970307553534438705e-02	-7.212974009298431244e-02	5.758991179559509732e-02	-8.685745459996541129e-02	7.596883161374214100e-02	-9.263178094898148751e-02	6.460202280848466316e-02	-5.708849787076204774e-02	1.452890407696987296e-01	-7.454896769860382133e-02	8.230491599674767678e-02	-6.884657214321199259e-02	7.928712671932952594e-02
-2.295680577361470243e-01	9.999999999999995559e-01	-8.696915606674351928e-02	7.319589397167541867e-02	-1.339098446414101473e-01	1.497802048714670375e-01	-7.632573153583419590e-01	2.098152279841300760e-01	-1.340873296330600262e-01	9.293672621988267879e-02	-1.825095110593548398e-01	3.002957993516667257e-01	-2.092808132033915081e-01	1.370351221282576637e-01	-1.796152090616291441e-01	7.844862416820604090e-02	-3.224207451033378469e-01	1.729483143620195174e-01	-2.002953104591958799e-01	1.459309943672212617e-01	-7.507145514426698252e-02	1.530765876678426840e-01	-1.577698490820826638e-01	1.272227418997344817e-01	-1.341008559157103597e-01	1.057970340243497148e-01	-8.874622899200301784e-02	1.054088831390228576e-01	-8.160811917281012018e-02	8.567245656468135129e-02	-7.990437546595630103e-02	7.166195298640737343e-02	-8.192236172281112949e-02	5.633076388340833851e-02	-4.742684019783473953e-02	7.067124499720393860e-02	-6.440002238832577552e-02	7.646771499219949531e-02	-5.418913035586164079e-02	4.627514578473577306e-02	-1.218856480997283914e-01	6.142696572892617640e-02	-7.004489491558850423e-02	5.587522782538362209e-02	-6.525840259315018876e-02
6.224663169035362514e-02	-8.696915606674351928e-02	9.999999999999993339e-01	-9.091701945121556383e-01	1.510657275547221401e-01	-3.437408596181194820e-02	6.777239296165978033e-02	-2.213517814839363052e-01	2.138528435555467067e-01	-1.279474939906081188e-01	4.305481778092277306e-02	-8.302135864321037728e-02	1.203423456994681673e-01	-2.129576708197181978e-01	1.216815307196471158e-01	-2.995315551019057596e-02	8.163308205368033366e-02	-9.743561160684256761e-02	1.141059285514597482e-01	-1.084649261810289450e-01	2.736634495548079596e-02	-6.110648171726612565e-02	5.939079875099158301e-02	-7.064780909478984849e-02	6.881598540793516794e-02	-4.714040550935404139e-02	3.710220140742227085e-02	-4.687684420997138834e-02	4.006947658454733385e-02	-4.565811556888452194e-02	3.310986509406274592e-02	-3.052452168165258398e-02	3.456417893918125456e-02	-2.588535378895346836e-02	2.130990196784636470e-02	-3.021283027929873646e-02	2.697646985037981116e-02	-3.324178565158667636e-02	2.309579580078395533e-02	-2.029570111457639631e-02	4.851169959944153648e-02	-2.582088035144679272e-02	2.910092783937024558e-02	-2.411629725265729274e-02	2.775192603158300672e-02
-5.456136052580792123e-02	7.319589397167541867e-02	-9.091701945121556383e-01	9.999999999999995559e-01	-1.781469354552390194e-01	2.985571048546260819e-02	-5.822138856706135512e-02	1.768706653385714034e-01	-2.731973193931733768e-01	1.214846739588504865e-01	-3.759388956496867440e-02	7.139253400392138460e-02	-1.095039303965452543e-01	1.836152907335770745e-01	-1.179718125967771786e-01	2.609248237522155539e-02	-7.216709105543188396e-02	8.541700683357422719e-02	-1.054043389777789830e-01	9.643700086003251237e-02	-2.391672825660890248e-02	5.335311512192100758e-02	-5.239986453366107105e-02	6.193783398503791698e-02	-6.154508542454383002e-02	4.093498262127335391e-02	-3.240587988363260313e-02	4.087564696087990501e-02	-3.520207887368967392e-02	3.988785042069228903e-02	-2.897147451588720848e-02	2.664779099161491624e-02	-3.024474561292257377e-02	2.255062575501658173e-02	-1.861944999374461410e-02	2.636830851356479488e-02	-2.359166296232327251e-02	2.899941709675037463e-02	-2.019357769847882761e-02	1.772712288975282144e-02	-4.259988473549566196e-02	2.257480482298135360e-02	-2.547954100956868057e-02	2.105618155075071607e-02	-2.429252080555186280e-02
1.027324513837618580e-01	-1.339098446414101473e-01	1.510657275547221401e-01	-1.781469354552390194e-01	9.999999999999998890e-01	-5.462258043143305986e-02	9.510951856871417698e-02	-2.111647730966429992e-01	1.492674906458694994e-01	-8.090532582700566966e-01	6.875627911282716775e-02	-1.270269905819981227e-01	1.398905939393382258e-01	-1.783636730568484985e-01	2.917101769776933029e-01	-5.280603982483598330e-02	1.227786193191313241e-01	-1.382839358799172469e-01	1.645834070168961105e-01	-2.585667294651247117e-01	4.764511658399765009e-02	-1.085572968347115613e-01	1.035652055691583667e-01	-1.458243848182836921e-01	1.363628356472821324e-01	-8.731142455148503678e-02	6.739171320970450962e-02	-8.714532613384837201e-02	7.826245350371992260e-02	-9.272299634102680599e-02	5.987361584442336959e-02	-5.575553490800060769e-02	6.308103305613017853e-02	-4.890481973828836315e-02	3.992893548705523515e-02	-5.520517890593872046e-02	4.894339320010105548e-02	-6.120475342662921175e-02	4.224489806896333799e-02	-3.758196489153009523e-02	8.607963158128917325e-02	-4.688691885660037362e-02	5.264544829111057755e-02	-4.429378323597885081e-02	5.068830584235246850e-02
-4.394672128269315747e-01	1.497802048714670375e-01	-3.437408596181194820e-02	2.985571048546260819e-02	-5.462258043143305986e-02	9.999999999999995559e-01	-1.563328204680480837e-01	9.081415744426540870e-02	-5.260530401715571985e-02	3.876986046654742890e-02	-8.315256422207555342e-01	1.465141944370620675e-01	-8.035932076263213597e-02	5.875812598430583955e-02	-7.328379087555134119e-02	6.104274875528971356e-02	-1.163248900531623498e-01	7.155503279406846828e-02	-7.792615290233878556e-02	6.455606717098776037e-02	-5.635010254217913406e-02	7.308972250563630646e-02	-6.946369977156774400e-02	6.042716251343700079e-02	-5.953510681957759065e-02	6.357998770721309811e-02	-4.856644397424116077e-02	5.789108360045392560e-02	-4.058351164374713466e-02	4.410310977082502332e-02	-4.411515680943194073e-02	4.005364035522249178e-02	-4.419180864996245794e-02	3.306817738530071910e-02	-2.689842215606820172e-02	4.082768383636765919e-02	-3.626019722421143510e-02	4.371619211194886084e-02	-3.053875426946726576e-02	2.654976485835861683e-02	-6.830077709351144166e-02	3.505483679372576461e-02	-3.912913337570959188e-02	3.214724796077982755e-02	-3.698985442352059616e-02
1.611389948711587361e-01	-7.632573153583419590e-01	6.777239296165978033e-02	-5.822138856706135512e-02	9.510951856871417698e-02	-1.563328204680480837e-01	1.000000000000000888e+00	-2.263266114004784113e-01	1.117435500114220132e-01	-6.773765989867185089e-02	1.548392834791256223e-01	-4.893551682419292614e-01	1.736403809334357562e-01	-1.151578165883074406e-01	1.278923108798158403e-01	-6.241921199469503689e-02	2.473928354997537160e-01	-1.443085579058244472e-01	1.498130500761107320e-01	-1.111356475790501730e-01	5.821667592088088095e-02	-1.235902548854991706e-01	1.168586603842103749e-01	-9.733888120299669100e-02	9.818350020908223064e-02	-8.087776933037207905e-02	6.662875795852721272e-02	-7.951963415638597932e-02	6.065616728876439823e-02	-6.458484079347963369e-02	5.876280488054887868e-02	-5.343227121187314049e-02	6.047747191149857593e-02	-4.169781686482079003e-02	3.485228494202026461e-02	-5.219701399430353578e-02	4.724802634802929141e-02	-5.671807988422056246e-02	3.971669009683580914e-02	-3.397006349498361832e-02	8.740842465255951876e-02	-4.498192845302612791e-02	5.104467628519864658e-02	-4.111234742929206071e-02	4.745056495890968840e-02
-1.620063719053050910e-01	2.098152279841300760e-01	-2.213517814839363052e-01	1.768706653385714034e-01	-2.111647730966429992e-01	9.081415744426540870e-02	-2.263266114004784113e-01	9.999999999999997780e-01	-4.805558232382464712e-01	1.505526123325733601e-01	-1.152659592716792358e-01	2.169676573965646782e-01	-5.275515390292937479e-01	3.078396738461727788e-01	-2.719923854679781594e-01	7.120096889905025428e-02	-2.351351200303219147e-01	2.692060389198704939e-01	-3.391329225283098991e-01	2.131649326679320444e-01	-6.661518927780751831e-02	1.457455706166898013e-01	-1.490544865661032892e-01	1.495566868016405537e-01	-1.585820911993161830e-01	1.054952129062991378e-01	-8.642639961918423264e-02	1.063522754282009708e-01	-8.942577069303755954e-02	9.675406296028733755e-02	-7.776524482214312861e-02	7.053357601530163556e-02	-8.063425733553516994e-02	5.767589206845010613e-02	-4.832308217547355567e-02	6.964796083041027708e-02	-6.302411488053469291e-02	7.605772225313320312e-02	-5.355952413879626339e-02	4.641358502484794341e-02	-1.169296613076246522e-01	6.020145005103240410e-02	-6.842130075542209033e-02	5.544330984425394765e-02	-6.465428411670814945e-02
9.263894152485101230e-02	-1.340873296330600262e-01	2.138528435555467067e-01	-2.731973193931733768e-01	1.492674906458694994e-01	-5.260530401715571985e-02	1.117435500114220132e-01	-4.805558232382464712e-01	9.999999999999998890e-01	-1.295943422059272487e-01	6.571667156557448042e-02	-1.332303161573976935e-01	2.345876390991909755e-01	-7.375048700575139726e-01	1.828807055920666780e-01	-4.467401557842561738e-02	1.332792481274923668e-01	-1.745723077664969036e-01	2.079620478380660442e-01	-1.559533337259513819e-01	4.110772589661213644e-02	-9.233551471523185339e-02	9.093365434290222316e-02	-1.013412529881803498e-01	1.019315830700902731e-01	-6.760477271898546192e-02	5.421102329021477290e-02	-6.784335016645760830e-02	5.780486166855807600e-02	-6.445980479639666638e-02	4.824224074500552129e-02	-4.428808856207090000e-02	5.036304777985644437e-02	-3.672013073885787432e-02	3.048734572450990943e-02	-4.356510704824539948e-02	3.912747453501620037e-02	-4.787296340388712962e-02	3.337006567171915683e-02	-2.911196103562280896e-02	7.090873081557248769e-02	-3.736043441243090679e-02	4.226697901463560142e-02	-3.469653048864781292e-02	4.005546519346915579e-02
-7.299626011888130095e-02	9.293672621988267879e-02	-1.279474939906081188e-01	1.214846739588504865e-01	-8.090532582700566966e-01	3.876986046654742890e-02	-6.773765989867185089e-02	1.505526123325733601e-01	-1.295943422059272487e-01	1.000000000000003775e+00	-4.898946552303436175e-02	9.029463201284099183e-02	-1.074550975854420692e-01	1.401276349667440191e-01	-4.700390810706908673e-01	3.764730770178666142e-02	-9.066386044611754458e-02	1.030265647377346383e-01	-1.339689454250676537e-01	2.016538356514393782e-01	-3.417682220072220528e-02	7.809951506836709800e-02	-7.632318256507020227e-02	1.061028057021863868e-01	-1.088015185735029811e-01	6.145868438901449377e-02	-4.811105810201277144e-02	6.203618574645342748e-02	-5.720825344428645542e-02	6.660703886183418077e-02	-4.280421712841946807e-02	3.969462684148809123e-02	-4.519036949731158881e-02	3.456956117483186985e-02	-2.845518721899828810e-02	3.918247493814161486e-02	-3.490879986877199609e-02	4.344297725060550230e-02	-3.011765038170897274e-02	2.672295764571031018e-02	-6.181829215075582140e-02	3.339491220300739444e-02	-3.763385344244248032e-02	3.146144407489147310e-02	-3.619767626385471393e-02
2.875689038354129479e-01	-1.825095110593548398e-01	4.305481778092277306e-02	-3.759388956496867440e-02	6.875627911282716775e-02	-8.315256422207555342e-01	1.548392834791256223e-01	-1.152659592716792358e-01	6.571667156557448042e-02	-4.898946552303436175e-02	1.000000000000001110e+00	-2.009714720468690208e-01	9.912752176303268881e-02	-7.457227111323885826e-02	9.218986623804897862e-02	-8.317614214594637456e-02	1.400893376240855415e-01	-9.009625868987433672e-02	9.692121624498711840e-02	-8.231955723412988368e-02	7.151695282529463293e-02	-9.405039707900618440e-02	8.732500718570489207e-02	-7.775330115749851112e-02	7.555566498898247385e-02	-8.422994696419271177e-02	6.324968243350720387e-02	-7.582839102049757085e-02	5.241986700056557730e-02	-5.734430909350054367e-02	5.752783147760752447e-02	-5.243808036867245170e-02	5.756483622817151757e-02	-4.361615511679665935e-02	3.530404439164069180e-02	-5.369053844776774942e-02	4.747967261690159285e-02	-5.746881773763540951e-02	4.002215210361806386e-02	-3.489104694607050861e-02	8.924960523608704843e-02	-4.600305891633710981e-02	5.118339284384189336e-02	-4.226335635376601840e-02	4.849431426748443408e-02
-1.955518159971000591e-01	3.002957993516667257e-01	-8.302135864321037728e-02	7.139253400392138460e-02	-1.270269905819981227e-01	1.465141944370620675e-01	-4.893551682419292614e-01	2.169676573965646782e-01	-1.332303161573976935e-01	9.029463201284099183e-02	-2.009714720468690208e-01	9.999999999999998890e-01	-2.829064883726496449e-01	1.475705954498729433e-01	-1.743530260523154241e-01	9.489931142769653105e-02	-6.259812969931459747e-01	2.259065542895456191e-01	-2.189325902241411048e-01	1.551492505255000487e-01	-9.105157828524312880e-02	1.998941079545970834e-01	-1.946833160996082057e-01	1.419081331653688771e-01	-1.446340037450769556e-01	1.149159758839887607e-01	-9.883492873662513833e-02	1.151552430724065990e-01	-8.797214042286556623e-02	9.194302473490773009e-02	-8.482262586733851917e-02	7.711370422068884734e-02	-8.801618136755232080e-02	5.802857915850288123e-02	-4.891093115572230088e-02	7.377553651534986268e-02	-6.730630251804749220e-02	8.036012258639151085e-02	-5.628174336935568706e-02	4.765072235629722042e-02	-1.233374333074891416e-01	6.357558293852244580e-02	-7.254040859209280601e-02	5.788652371827192333e-02	-6.664211601874557578e-02
1.301956293235533579e-01	-2.092808132033915081e-01	1.203423456994681673e-01	-1.095039303965452543e-01	1.398905939393382258e-01	-8.035932076263213597e-02	1.736403809334357562e-01	-5.275515390292937479e-01	2.345876390991909755e-01	-1.074550975854420692e-01	9.912752176303268881e-02	-2.829064883726496449e-01	9.999999999999978906e-01	-3.336980295756719617e-01	1.942135678310988323e-01	-7.096053376049031580e-02	2.451998334312029404e-01	-5.980744436825089494e-01	2.962380021188921186e-01	-2.045903063965373581e-01	6.500509441199858740e-02	-1.544560198264108286e-01	1.471926232411528979e-01	-1.451896349076122195e-01	1.407206175054102060e-01	-9.905443271655939297e-02	8.061907952370386821e-02	-9.993144420864599753e-02	8.173321486103148070e-02	-9.002876507683600649e-02	6.996940714356293667e-02	-6.468147982159964948e-02	7.339824720563188631e-02	-5.139919804228894329e-02	4.282367224506857667e-02	-6.243215811386548797e-02	5.620733024609358974e-02	-6.875831223730652364e-02	4.759690674470180849e-02	-4.108696890429774928e-02	1.006258091021738355e-01	-5.336076341697804787e-02	6.043198625861834206e-02	-4.936033482531174132e-02	5.649778770684008716e-02
-1.066076264121106898e-01	1.370351221282576637e-01	-2.129576708197181978e-01	1.836152907335770745e-01	-1.783636730568484985e-01	5.875812598430583955e-02	-1.151578165883074406e-01	3.078396738461727788e-01	-7.375048700575139726e-01	1.401276349667440191e-01	-7.457227111323885826e-02	1.475705954498729433e-01	-3.336980295756719617e-01	9.999999999999971134e-01	-2.618177309270433017e-01	5.184006976734849975e-02	-1.595512512392567861e-01	2.119133842298855930e-01	-3.222995533761502385e-01	1.918302445058558681e-01	-4.799036329548024560e-02	1.081267064313404386e-01	-1.089348676699023188e-01	1.207747142650930083e-01	-1.263209487500467354e-01	7.810187624633321835e-02	-6.332514663304511515e-02	7.908607617728437289e-02	-6.879088768020144573e-02	7.588998802731929116e-02	-5.643714026954332191e-02	5.164123078585309418e-02	-5.901395106454389305e-02	4.270557589785792252e-02	-3.564624004609692753e-02	5.072173655602316839e-02	-4.571397345134425166e-02	5.573631242426720089e-02	-3.899267991696047514e-02	3.397384662988168352e-02	-8.326379910383460703e-02	4.361399533493125202e-02	-4.947095728628292388e-02	4.043868154761819100e-02	-4.688121584898914673e-02
1.365914147702834980e-01	-1.796152090616291441e-01	1.216815307196471158e-01	-1.179718125967771786e-01	2.917101769776933029e-01	-7.328379087555134119e-02	1.278923108798158403e-01	-2.719923854679781594e-01	1.828807055920666780e-01	-4.700390810706908673e-01	9.218986623804897862e-02	-1.743530260523154241e-01	1.942135678310988323e-01	-2.618177309270433017e-01	1.000000000000002220e+00	-7.391689631234581170e-02	1.715404665061465994e-01	-2.024535947262171842e-01	2.542748814360414333e-01	-5.679391119288992318e-01	6.672758118391353133e-02	-1.556553245296338484e-01	1.498823542696693656e-01	-2.263057115092488858e-01	2.210086876882058626e-01	-1.204957617144978427e-01	9.405329023067109107e-02	-1.224615914041022047e-01	1.153605219814181071e-01	-1.372983198135463712e-01	8.303051071311620679e-02	-7.743662622074706792e-02	8.818558522377671627e-02	-6.766668102231705728e-02	5.562491441569186734e-02	-7.602846892140667501e-02	6.762630118841757298e-02	-8.467373213292690715e-02	5.844326337393144360e-02	-5.198945057336502168e-02	1.183869763800016323e-01	-6.461216372686620635e-02	7.275643230380485216e-02	-6.108171743470985210e-02	6.997656007999666916e-02
-8.245417102548383004e-02	7.844862416820604090e-02	-2.995315551019057596e-02	2.609248237522155539e-02	-5.280603982483598330e-02	6.104274875528971356e-02	-6.241921199469503689e-02	7.120096889905025428e-02	-4.467401557842561738e-02	3.764730770178666142e-02	-8.317614214594637456e-02	9.489931142769653105e-02	-7.096053376049031580e-02	5.184006976734849975e-02	-7.391689631234581170e-02	1.000000000000000222e+00	-1.375548314753441415e-01	7.361504634065786645e-02	-7.894110432193654492e-02	6.959102189956194173e-02	-9.382437032065973348e-01	1.731396655920275640e-01	-1.564526307796051952e-01	8.770703159978297803e-02	-8.599073643895305263e-02	1.391860584641206044e-01	-1.124389320878403375e-01	9.367125312294617701e-02	-6.014049380053861776e-02	6.022220769312108812e-02	-8.594302535564826706e-02	7.338021753105071487e-02	-7.655731302922588744e-02	4.259538092538618648e-02	-3.660193576829180034e-02	6.386433938863653181e-02	-5.975919832510662166e-02	6.585330624084367868e-02	-4.587832559946053435e-02	3.672191242413130885e-02	-1.035675415786120879e-01	5.351038017731023916e-02	-6.098038805869045176e-02	4.652540089312894034e-02	-5.172478520055762141e-02
1.643671708520275943e-01	-3.224207451033378469e-01	8.163308205368033366e-02	-7.216709105543188396e-02	1.227786193191313241e-01	-1.163248900531623498e-01	2.473928354997537160e-01	-2.351351200303219147e-01	1.332792481274923668e-01	-9.066386044611754458e-02	1.400893376240855415e-01	-6.259812969931459747e-01	2.451998334312029404e-01	-1.595512512392567861e-01	1.715404665061465994e-01	-1.375548314753441415e-01	9.999999999999996669e-01	-3.557421074650007342e-01	2.305306114978770415e-01	-1.779371254261770119e-01	1.209425900719567210e-01	-3.733692531897411238e-01	2.340572421865666497e-01	-1.768364478609678880e-01	1.597334344080155732e-01	-1.429683690398235729e-01	1.209371954998925691e-01	-1.399039050652176874e-01	1.014431894979536536e-01	-1.081630477278284069e-01	9.700479174281845252e-02	-9.161644760502744844e-02	1.014885022884782079e-01	-6.511445469845253409e-02	5.449594639141559782e-02	-8.406688402174153363e-02	7.599779516990000372e-02	-9.242629941484462042e-02	6.302991655828558970e-02	-5.308480113792843347e-02	1.323364766265064940e-01	-7.116043133314270408e-02	8.058511321279800133e-02	-6.508327012066773831e-02	7.299922475995850035e-02
-1.201116645953696632e-01	1.729483143620195174e-01	-9.743561160684256761e-02	8.541700683357422719e-02	-1.382839358799172469e-01	7.155503279406846828e-02	-1.443085579058244472e-01	2.692060389198704939e-01	-1.745723077664969036e-01	1.030265647377346383e-01	-9.009625868987433672e-02	2.259065542895456191e-01	-5.980744436825089494e-01	2.119133842298855930e-01	-2.024535947262171842e-01	7.361504634065786645e-02	-3.557421074650007342e-01	9.999999999999987788e-01	-5.701044128720188509e-01	2.164333731073485312e-01	-6.865930792726936127e-02	1.699218967385007772e-01	-1.805511385168824257e-01	1.518610421630152141e-01	-1.542480214877787192e-01	9.789023914781148916e-02	-8.241397183061612008e-02	1.012176556778577735e-01	-8.423431508720727323e-02	9.053633077186774847e-02	-7.008421337039701104e-02	6.482981080955647901e-02	-7.436997548907028910e-02	5.025545932927359682e-02	-4.222572000854388913e-02	6.156366391519762366e-02	-5.579415200830607074e-02	6.801649996655613484e-02	-4.711887394759806114e-02	4.040159738241751869e-02	-9.923775191160205678e-02	5.265884142078711833e-02	-5.992029704314427718e-02	4.859589662033483165e-02	-5.562455832418941593e-02
1.349289346929840594e-01	-2.002953104591958799e-01	1.141059285514597482e-01	-1.054043389777789830e-01	1.645834070168961105e-01	-7.792615290233878556e-02	1.498130500761107320e-01	-3.391329225283098991e-01	2.079620478380660442e-01	-1.339689454250676537e-01	9.692121624498711840e-02	-2.189325902241411048e-01	2.962380021188921186e-01	-3.222995533761502385e-01	2.542748814360414333e-01	-7.894110432193654492e-02	2.305306114978770415e-01	-5.701044128720188509e-01	9.999999999999995559e-01	-4.632392798391786193e-01	7.170920004577034657e-02	-1.745953648310749340e-01	1.684437810133255220e-01	-2.198195261010658375e-01	2.089922070485656369e-01	-1.157056952636265346e-01	9.342836863134955372e-02	-1.190929692295728537e-01	1.081232193041108264e-01	-1.219669976591481186e-01	8.098852649845114660e-02	-7.535572652532623872e-02	8.609184646079015568e-02	-6.166626962492352537e-02	5.143727913947832020e-02	-7.257432124805512919e-02	6.518189583837676049e-02	-8.064448447685233778e-02	5.565919409337434509e-02	-4.856215563462487617e-02	1.149048170868763874e-01	-6.186371834203523851e-02	7.005299460971496639e-02	-5.774352337419583203e-02	6.607481993828445699e-02
-1.210201510722284518e-01	1.459309943672212617e-01	-1.084649261810289450e-01	9.643700086003251237e-02	-2.585667294651247117e-01	6.455606717098776037e-02	-1.111356475790501730e-01	2.131649326679320444e-01	-1.559533337259513819e-01	2.016538356514393782e-01	-8.231955723412988368e-02	1.551492505255000487e-01	-2.045903063965373581e-01	1.918302445058558681e-01	-5.679391119288992318e-01	6.959102189956194173e-02	-1.779371254261770119e-01	2.164333731073485312e-01	-4.632392798391786193e-01	1.000000000000001332e+00	-6.424399079133567836e-02	1.534879548208147315e-01	-1.651095528679071001e-01	2.483102968938383781e-01	-4.387610486398249021e-01	1.091732549550057108e-01	-9.011970522502062153e-02	1.170289492217849864e-01	-1.283572886159317639e-01	1.417263082354943415e-01	-7.957897306377965940e-02	7.328735818068772556e-02	-8.588631895903670044e-02	6.278619669150418969e-02	-5.339903185320592910e-02	7.084426512160323097e-02	-6.416158500186512625e-02	7.920938135408844838e-02	-5.552663225480378162e-02	4.907123510106987246e-02	-1.140557511215556652e-01	6.088759085942843652e-02	-6.954413132483905358e-02	5.718382738589088132e-02	-6.679717766096279763e-02
7.356068903091926570e-02	-7.507145514426698252e-02	2.736634495548079596e-02	-2.391672825660890248e-02	4.764511658399765009e-02	-5.635010254217913406e-02	5.821667592088088095e-02	-6.661518927780751831e-02	4.110772589661213644e-02	-3.417682220072220528e-02	7.151695282529463293e-02	-9.105157828524312880e-02	6.500509441199858740e-02	-4.799036329548024560e-02	6.672758118391353133e-02	-9.382437032065973348e-01	1.209425900719567210e-01	-6.865930792726936127e-02	7.170920004577034657e-02	-6.424399079133567836e-02	9.999999999999996669e-01	-2.088140338597501144e-01	1.427433028677140558e-01	-8.340619209103013187e-02	7.779236565677762061e-02	-1.590698931538950534e-01	1.080346143018524191e-01	-8.996026355246468376e-02	5.567449953050997158e-02	-5.640279656034852956e-02	7.937959364622473868e-02	-6.998963291349322158e-02	7.103773077575575856e-02	-3.927532423284818552e-02	3.356473099247960640e-02	-5.941755677284744908e-02	5.508947800396011424e-02	-6.143557144228553590e-02	4.211701568010307178e-02	-3.369563699066222690e-02	9.299872960093151508e-02	-4.921408307037445501e-02	5.571084330335229762e-02	-4.289368700856636268e-02	4.705514601357038001e-02
-1.262323180164382774e-01	1.530765876678426840e-01	-6.110648171726612565e-02	5.335311512192100758e-02	-1.085572968347115613e-01	7.308972250563630646e-02	-1.235902548854991706e-01	1.457455706166898013e-01	-9.233551471523185339e-02	7.809951506836709800e-02	-9.405039707900618440e-02	1.998941079545970834e-01	-1.544560198264108286e-01	1.081267064313404386e-01	-1.556553245296338484e-01	1.731396655920275640e-01	-3.733692531897411238e-01	1.699218967385007772e-01	-1.745953648310749340e-01	1.534879548208147315e-01	-2.088140338597501144e-01	1.000000000000002442e+00	-7.325558304551770261e-01	2.294313389710363194e-01	-2.177685824219947330e-01	1.851504580988516113e-01	-2.148797855354091235e-01	1.969017887829678237e-01	-1.353478375447892956e-01	1.298793351524768769e-01	-1.337576275824872707e-01	1.290774823426708573e-01	-1.462382794362152572e-01	7.543869140667015805e-02	-6.512900692536821579e-02	1.054849263826655448e-01	-9.871047899753764010e-02	1.166735889923175701e-01	-7.937944804201772786e-02	6.371362684744374949e-02	-1.631490005587030723e-01	8.891006903132411821e-02	-1.027550811829748556e-01	7.977311496201713870e-02	-8.812194495235661784e-02
1.185114396181014551e-01	-1.577698490820826638e-01	5.939079875099158301e-02	-5.239986453366107105e-02	1.035652055691583667e-01	-6.946369977156774400e-02	1.168586603842103749e-01	-1.490544865661032892e-01	9.093365434290222316e-02	-7.632318256507020227e-02	8.732500718570489207e-02	-1.946833160996082057e-01	1.471926232411528979e-01	-1.089348676699023188e-01	1.498823542696693656e-01	-1.564526307796051952e-01	2.340572421865666497e-01	-1.805511385168824257e-01	1.684437810133255220e-01	-1.651095528679071001e-01	1.427433028677140558e-01	-7.325558304551770261e-01	9.999999999999998890e-01	-3.843510550335071940e-01	2.248391665022766162e-01	-1.848138364046900683e-01	1.739809491086549420e-01	-2.595094909054690424e-01	1.507411162860833320e-01	-1.503793329964606684e-01	1.260331013352191387e-01	-1.259750506876576859e-01	1.499887286704935652e-01	-7.739837327965919112e-02	6.618411574083910009e-02	-1.043644765624093529e-01	9.610605153690912617e-02	-1.214655090968598805e-01	7.935323887189055236e-02	-6.418146766516581725e-02	1.547179222590956416e-01	-8.763154649384391481e-02	1.007286552961342563e-01	-8.028886102459611984e-02	8.688157007828549439e-02
-1.140611581257189866e-01	1.272227418997344817e-01	-7.064780909478984849e-02	6.193783398503791698e-02	-1.458243848182836921e-01	6.042716251343700079e-02	-9.733888120299669100e-02	1.495566868016405537e-01	-1.013412529881803498e-01	1.061028057021863868e-01	-7.775330115749851112e-02	1.419081331653688771e-01	-1.451896349076122195e-01	1.207747142650930083e-01	-2.263057115092488858e-01	8.770703159978297803e-02	-1.768364478609678880e-01	1.518610421630152141e-01	-2.198195261010658375e-01	2.483102968938383781e-01	-8.340619209103013187e-02	2.294313389710363194e-01	-3.843510550335071940e-01	9.999999999999996669e-01	-7.027769140078481414e-01	1.359483560651610912e-01	-1.237182368299332563e-01	1.708207020499000195e-01	-3.056514541075266989e-01	2.361540233189311777e-01	-1.046621709800862610e-01	9.710702731690505629e-02	-1.219467778171114264e-01	8.038905107356889013e-02	-7.113423079820714590e-02	8.916865631765609479e-02	-8.263323164547477229e-02	1.026644117401551565e-01	-7.199072903738282236e-02	6.307812043161512006e-02	-1.424217040888999253e-01	7.701738089529022724e-02	-8.973404092995762582e-02	7.254533730740038433e-02	-8.503015044530480571e-02
1.099792279513997911e-01	-1.341008559157103597e-01	6.881598540793516794e-02	-6.154508542454383002e-02	1.363628356472821324e-01	-5.953510681957759065e-02	9.818350020908223064e-02	-1.585820911993161830e-01	1.019315830700902731e-01	-1.088015185735029811e-01	7.555566498898247385e-02	-1.446340037450769556e-01	1.407206175054102060e-01	-1.263209487500467354e-01	2.210086876882058626e-01	-8.599073643895305263e-02	1.597334344080155732e-01	-1.542480214877787192e-01	2.089922070485656369e-01	-4.387610486398249021e-01	7.779236565677762061e-02	-2.177685824219947330e-01	2.248391665022766162e-01	-7.027769140078481414e-01	1.000000000000001332e+00	-1.335876491501177266e-01	1.129531184081726952e-01	-1.583822703763368700e-01	2.204850826348146720e-01	-2.882465898114537906e-01	9.572967078947099140e-02	-9.053783249006609746e-02	1.089264122530886197e-01	-8.020241780297139578e-02	6.963033875706158005e-02	-8.400890236891417340e-02	7.643591679531910876e-02	-9.708853467241899959e-02	6.724978997161576433e-02	-6.078842958287783427e-02	1.292966611390612142e-01	-7.179605024332086360e-02	8.254114701061154857e-02	-6.868751254901077352e-02	7.978772977687217938e-02
-1.312166863656622495e-01	1.057970340243497148e-01	-4.714040550935404139e-02	4.093498262127335391e-02	-8.731142455148503678e-02	6.357998770721309811e-02	-8.087776933037207905e-02	1.054952129062991378e-01	-6.760477271898546192e-02	6.145868438901449377e-02	-8.422994696419271177e-02	1.149159758839887607e-01	-9.905443271655939297e-02	7.810187624633321835e-02	-1.204957617144978427e-01	1.391860584641206044e-01	-1.429683690398235729e-01	9.789023914781148916e-02	-1.157056952636265346e-01	1.091732549550057108e-01	-1.590698931538950534e-01	1.851504580988516113e-01	-1.848138364046900683e-01	1.359483560651610912e-01	-1.335876491501177266e-01	9.999999999999996669e-01	-6.728389271582478903e-01	2.715464655028979601e-01	-1.326089264256274103e-01	1.310446892877030756e-01	-3.796630596078343634e-01	2.920594601527097267e-01	-2.563616639989057533e-01	1.211125600414565823e-01	-1.056313523507734636e-01	2.247630109308315915e-01	-2.166949733082959573e-01	2.092342685467026842e-01	-1.458107414298674409e-01	1.101712451574209245e-01	-3.485460978113582020e-01	1.796626564375468360e-01	-2.019890368156214699e-01	1.463626111212318892e-01	-1.569614065520944512e-01
9.551866390719276900e-02	-8.874622899200301784e-02	3.710220140742227085e-02	-3.240587988363260313e-02	6.739171320970450962e-02	-4.856644397424116077e-02	6.662875795852721272e-02	-8.642639961918423264e-02	5.421102329021477290e-02	-4.811105810201277144e-02	6.324968243350720387e-02	-9.883492873662513833e-02	8.061907952370386821e-02	-6.332514663304511515e-02	9.405329023067109107e-02	-1.124389320878403375e-01	1.209371954998925691e-01	-8.241397183061612008e-02	9.342836863134955372e-02	-9.011970522502062153e-02	1.080346143018524191e-01	-2.148797855354091235e-01	1.739809491086549420e-01	-1.237182368299332563e-01	1.129531184081726952e-01	-6.728389271582478903e-01	1.000000000000000666e+00	-3.866734634572413509e-01	1.236054686952423598e-01	-1.254112097759706168e-01	2.789875271999324724e-01	-4.662199439593704975e-01	2.486611667051765173e-01	-9.908030985804362756e-02	8.417504200078107512e-02	-1.991702377239015220e-01	1.804145566597973593e-01	-1.970328251087895277e-01	1.190640276409634379e-01	-8.815203864548466772e-02	2.310021678250732124e-01	-1.486271651111535641e-01	1.580890733062131903e-01	-1.219042629371723391e-01	1.182187984429547284e-01
-1.183502146003143352e-01	1.054088831390228576e-01	-4.687684420997138834e-02	4.087564696087990501e-02	-8.714532613384837201e-02	5.789108360045392560e-02	-7.951963415638597932e-02	1.063522754282009708e-01	-6.784335016645760830e-02	6.203618574645342748e-02	-7.582839102049757085e-02	1.151552430724065990e-01	-9.993144420864599753e-02	7.908607617728437289e-02	-1.224615914041022047e-01	9.367125312294617701e-02	-1.399039050652176874e-01	1.012176556778577735e-01	-1.190929692295728537e-01	1.170289492217849864e-01	-8.996026355246468376e-02	1.969017887829678237e-01	-2.595094909054690424e-01	1.708207020499000195e-01	-1.583822703763368700e-01	2.715464655028979601e-01	-3.866734634572413509e-01	1.000000000000000222e+00	-2.660350352178286193e-01	2.020871997995956071e-01	-2.716465563079647483e-01	2.658940854510228879e-01	-5.996321629111247553e-01	1.372062389362951884e-01	-1.231519636049772382e-01	2.033063144787613519e-01	-2.051764341721565021e-01	2.698637725287020839e-01	-1.771159202216374406e-01	1.243507683054904944e-01	-3.123977152632691490e-01	1.788450966585632962e-01	-2.246341180841905649e-01	1.640943285566116849e-01	-1.719655227081598459e-01
7.977224372137167729e-02	-8.160811917281012018e-02	4.006947658454733385e-02	-3.520207887368967392e-02	7.826245350371992260e-02	-4.058351164374713466e-02	6.065616728876439823e-02	-8.942577069303755954e-02	5.780486166855807600e-02	-5.720825344428645542e-02	5.241986700056557730e-02	-8.797214042286556623e-02	8.173321486103148070e-02	-6.879088768020144573e-02	1.153605219814181071e-01	-6.014049380053861776e-02	1.014431894979536536e-01	-8.423431508720727323e-02	1.081232193041108264e-01	-1.283572886159317639e-01	5.567449953050997158e-02	-1.353478375447892956e-01	1.507411162860833320e-01	-3.056514541075266989e-01	2.204850826348146720e-01	-1.326089264256274103e-01	1.236054686952423598e-01	-2.660350352178286193e-01	1.000000000000000222e+00	-8.499201358236693205e-01	1.076754693985558925e-01	-1.036457366996652030e-01	1.462644642169711184e-01	-1.149108382180825116e-01	1.057387634478598737e-01	-9.276353757910456299e-02	8.706779456452086452e-02	-1.178861601869535952e-01	8.277921255877777884e-02	-8.117275322373168622e-02	1.420461567723407259e-01	-8.117708293852440860e-02	9.664060002258709203e-02	-8.185461608492841656e-02	9.953700074400799458e-02
-8.867480073227249071e-02	8.567245656468135129e-02	-4.565811556888452194e-02	3.988785042069228903e-02	-9.272299634102680599e-02	4.410310977082502332e-02	-6.458484079347963369e-02	9.675406296028733755e-02	-6.445980479639666638e-02	6.660703886183418077e-02	-5.734430909350054367e-02	9.194302473490773009e-02	-9.002876507683600649e-02	7.588998802731929116e-02	-1.372983198135463712e-01	6.022220769312108812e-02	-1.081630477278284069e-01	9.053633077186774847e-02	-1.219669976591481186e-01	1.417263082354943415e-01	-5.640279656034852956e-02	1.298793351524768769e-01	-1.503793329964606684e-01	2.361540233189311777e-01	-2.882465898114537906e-01	1.310446892877030756e-01	-1.254112097759706168e-01	2.020871997995956071e-01	-8.499201358236693205e-01	1.000000000000000222e+00	-1.157952868428128307e-01	1.056133026086493037e-01	-1.514084858643592879e-01	1.231956962714351317e-01	-1.336178060249249566e-01	9.845689151490288893e-02	-9.397583110018337127e-02	1.198640695493120578e-01	-9.112635147067528474e-02	9.121530717454266746e-02	-1.628138829434946644e-01	8.807119102880817119e-02	-1.067075939018087005e-01	8.847902843939281503e-02	-1.153050786622552421e-01
8.976293318448330671e-02	-7.990437546595630103e-02	3.310986509406274592e-02	-2.897147451588720848e-02	5.987361584442336959e-02	-4.411515680943194073e-02	5.876280488054887868e-02	-7.776524482214312861e-02	4.824224074500552129e-02	-4.280421712841946807e-02	5.752783147760752447e-02	-8.482262586733851917e-02	6.996940714356293667e-02	-5.643714026954332191e-02	8.303051071311620679e-02	-8.594302535564826706e-02	9.700479174281845252e-02	-7.008421337039701104e-02	8.098852649845114660e-02	-7.957897306377965940e-02	7.937959364622473868e-02	-1.337576275824872707e-01	1.260331013352191387e-01	-1.046621709800862610e-01	9.572967078947099140e-02	-3.796630596078343634e-01	2.789875271999324724e-01	-2.716465563079647483e-01	1.076754693985558925e-01	-1.157952868428128307e-01	1.000000000000001332e+00	-6.331200997509568440e-01	2.484630123327380147e-01	-1.102940569796023451e-01	9.072922540624314691e-02	-4.781927852618619301e-01	2.634328826767756704e-01	-2.398565313324642623e-01	1.359365757671411878e-01	-9.877948950527465355e-02	2.598884518347098771e-01	-1.997967387884788948e-01	1.876224247406666490e-01	-1.469704420974061732e-01	1.268570208269179656e-01
-8.207884319544868357e-02	7.166195298640737343e-02	-3.052452168165258398e-02	2.664779099161491624e-02	-5.575553490800060769e-02	4.005364035522249178e-02	-5.343227121187314049e-02	7.053357601530163556e-02	-4.428808856207090000e-02	3.969462684148809123e-02	-5.243808036867245170e-02	7.711370422068884734e-02	-6.468147982159964948e-02	5.164123078585309418e-02	-7.743662622074706792e-02	7.338021753105071487e-02	-9.161644760502744844e-02	6.482981080955647901e-02	-7.535572652532623872e-02	7.328735818068772556e-02	-6.998963291349322158e-02	1.290774823426708573e-01	-1.259750506876576859e-01	9.710702731690505629e-02	-9.053783249006609746e-02	2.920594601527097267e-01	-4.662199439593704975e-01	2.658940854510228879e-01	-1.036457366996652030e-01	1.056133026086493037e-01	-6.331200997509568440e-01	1.000000000000001554e+00	-3.863935273762978406e-01	1.002579111729929445e-01	-8.546873506946044141e-02	2.632952536979711877e-01	-2.960180766033416178e-01	2.262730357458586639e-01	-1.328858262744266883e-01	9.192763957197290503e-02	-2.517736956643077395e-01	1.813552926121680398e-01	-1.861995245124653253e-01	1.341894965163387132e-01	-1.216087451983627749e-01
8.970307553534438705e-02	-8.192236172281112949e-02	3.456417893918125456e-02	-3.024474561292257377e-02	6.308103305613017853e-02	-4.419180864996245794e-02	6.047747191149857593e-02	-8.063425733553516994e-02	5.036304777985644437e-02	-4.519036949731158881e-02	5.756483622817151757e-02	-8.801618136755232080e-02	7.339824720563188631e-02	-5.901395106454389305e-02	8.818558522377671627e-02	-7.655731302922588744e-02	1.014885022884782079e-01	-7.436997548907028910e-02	8.609184646079015568e-02	-8.588631895903670044e-02	7.103773077575575856e-02	-1.462382794362152572e-01	1.499887286704935652e-01	-1.219467778171114264e-01	1.089264122530886197e-01	-2.563616639989057533e-01	2.486611667051765173e-01	-5.996321629111247553e-01	1.462644642169711184e-01	-1.514084858643592879e-01	2.484630123327380147e-01	-3.863935273762978406e-01	1.000000000000001110e+00	-1.374376537425545663e-01	1.131266172541552373e-01	-2.137468673287355181e-01	2.063051325652487666e-01	-5.157696624701549881e-01	1.860547959903784132e-01	-1.227224008175791109e-01	2.429047767620873266e-01	-1.819204259578671712e-01	2.143411657501836931e-01	-1.800658363960880304e-01	1.519856276640036974e-01
-7.212974009298431244e-02	5.633076388340833851e-02	-2.588535378895346836e-02	2.255062575501658173e-02	-4.890481973828836315e-02	3.306817738530071910e-02	-4.169781686482079003e-02	5.767589206845010613e-02	-3.672013073885787432e-02	3.456956117483186985e-02	-4.361615511679665935e-02	5.802857915850288123e-02	-5.139919804228894329e-02	4.270557589785792252e-02	-6.766668102231705728e-02	4.259538092538618648e-02	-6.511445469845253409e-02	5.025545932927359682e-02	-6.166626962492352537e-02	6.278619669150418969e-02	-3.927532423284818552e-02	7.543869140667015805e-02	-7.739837327965919112e-02	8.038905107356889013e-02	-8.020241780297139578e-02	1.211125600414565823e-01	-9.908030985804362756e-02	1.372062389362951884e-01	-1.149108382180825116e-01	1.231956962714351317e-01	-1.102940569796023451e-01	1.002579111729929445e-01	-1.374376537425545663e-01	1.000000000000002220e+00	-7.704190894424802760e-01	1.121172224130932565e-01	-1.081773330278406747e-01	1.580822555073743696e-01	-2.015033653739854436e-01	3.052578924262172588e-01	-1.828707935868873202e-01	1.114006279635885721e-01	-1.443612838659104058e-01	1.732950114848897938e-01	-4.675102007428121320e-01
