1.000000000000000000e+00	-1.689420571753164901e-01	8.900694728071936734e-02	-7.608964874482418428e-02	1.069459287094207817e-01	-7.794280951883475472e-01	1.237976298256011770e-01	-1.502657276002183906e-01	1.463396348081577591e-01	-8.820236660989576316e-02	2.484055598894493733e-01	-2.344726506041429626e-01	1.435818814137606869e-01	-1.357086619841851305e-01	1.321006598997395420e-01	-1.887766049177491134e-01	1.702862226534018475e-01	-1.453559693700072208e-01	1.230435850777936990e-01	-1.104049506464791219e-01	1.657749347150676011e-01	-1.405857115991435424e-01	1.269028830073910263e-01	-1.369904939859662718e-01	1.652767746388140446e-01	-9.949376712556697033e-02	1.016202095051481763e-01	-1.333464875144430017e-01	1.026624742744975810e-01	-1.244639387248830942e-01	8.026210677650087721e-02	-8.116809064603733304e-02	1.206901400268300534e-01	-8.160415912987779852e-02	1.037712692942255321e-01	-7.308029317704192729e-02	7.314737028962241261e-02	-7.502116061036989692e-02	6.369890224375866772e-02	-1.927456574928699054e-02	8.543254300001440482e-02	-7.088644128442789238e-02	7.813376974899778615e-02	-5.908218413971058625e-02	1.976484818151866274e-02
-1.689420571753164901e-01	9.999999999999998890e-01	-1.863322795419272704e-01	1.347457253812055500e-01	-1.469386520870970547e-01	1.331565377648976090e-01	-8.152273942619135960e-01	2.737675895765561696e-01	-2.074543440846523257e-01	1.174191056466396960e-01	-1.499429842866844831e-01	1.980731604801571066e-01	-2.710407943682899279e-01	1.541598678841850090e-01	-1.268511962416080663e-01	1.089502349608406639e-01	-1.454122137168827877e-01	1.282410732689708566e-01	-1.255931036561069580e-01	1.023315222843633465e-01	-1.266958297967392677e-01	1.029292595595268228e-01	-1.079948072650849106e-01	1.104539535331487549e-01	-1.318439125910261800e-01	7.022486255385132492e-02	-7.541240513145390512e-02	1.009295815805882207e-01	-8.038440445629831121e-02	9.429087692379567454e-02	-5.816325621919843369e-02	5.834071843319148937e-02	-9.041614845546709633e-02	6.099425996955731843e-02	-7.804766885768400775e-02	5.190246280487078451e-02	-5.288639591787445277e-02	5.464996330781538708e-02	-4.673687146062383002e-02	1.398227181975953554e-02	-6.166708750423814667e-02	5.062613311973224867e-02	-5.699374763726361426e-02	4.279276699351531460e-02	-1.436232511647811232e-02
8.900694728071936734e-02	-1.863322795419272704e-01	9.999999999999998890e-01	-8.826390619874138199e-01	2.196871685280941122e-01	-8.216334726324499294e-02	1.253270476850652515e-01	-1.474517775899850391e-01	1.866806999958658675e-01	-2.083244374498284812e-01	8.406702139123907458e-02	-1.264582351771985913e-01	1.206035645073438994e-01	-1.450591463749244803e-01	9.790542774751984090e-02	-6.777428431997577218e-02	8.533556953416185364e-02	-1.078837173683988293e-01	1.007884751087018832e-01	-8.724398512455142085e-02	7.710969796139115207e-02	-6.813425636403963592e-02	8.311618202135440114e-02	-9.367807952930404247e-02	9.976536040930122917e-02	-5.009193703648815582e-02	5.228670705736025021e-02	-8.293932758583819065e-02	6.461461136219347201e-02	-7.783388178784818312e-02	4.221971344279527166e-02	-4.315153860833899346e-02	6.808608031901065838e-02	-4.732682215444860424e-02	5.921116744223350881e-02	-3.840751076065122144e-02	3.896409955166013628e-02	-4.185793982914898237e-02	3.541779521670047892e-02	-1.069599074525798277e-02	4.532690832100015610e-02	-3.790375162148465482e-02	4.272611069345425006e-02	-3.272786530952213890e-02	1.094121815464532341e-02
-7.608964874482418428e-02	1.347457253812055500e-01	-8.826390619874138199e-01	1.000000000000000000e+00	-3.104202736865115941e-01	6.826996625816680875e-02	-1.076165956864076345e-01	1.190813407662261181e-01	-2.099924861940837550e-01	1.963570551358773952e-01	-7.225162900123623111e-02	1.038221868940881615e-01	-1.056512452093636978e-01	1.271042215129443431e-01	-8.817471953201430623e-02	5.741756944117421685e-02	-7.303238991028822291e-02	9.097830941991788545e-02	-9.012974055284737884e-02	7.587281749463614666e-02	-6.624659200804253190e-02	5.774778531236882811e-02	-7.122948129503832437e-02	7.893369163884995932e-02	-8.636289951006015375e-02	4.232804316369604553e-02	-4.445967695936151043e-02	6.966226981247222727e-02	-5.482729226312482024e-02	6.560531933965409179e-02	-3.589283699021125762e-02	3.658231042675456901e-02	-5.809927094772428247e-02	4.019313204881472951e-02	-5.056660403352054856e-02	3.253479185447788469e-02	-3.312082742362659066e-02	3.549867687142180261e-02	-3.013353461181773885e-02	9.077707570741886875e-03	-3.859005029724264790e-02	3.212902017175643665e-02	-3.637945233514641719e-02	2.774983425415779303e-02	-9.294881249373474624e-03
1.069459287094207817e-01	-1.469386520870970547e-01	2.196871685280941122e-01	-3.104202736865115941e-01	9.999999999999997780e-01	-1.010454137907129124e-01	1.082256206776891355e-01	-1.600290932464964178e-01	2.811251161290378997e-01	-7.884833415308271087e-01	1.019846428725852544e-01	-1.541529125801427702e-01	1.366661794671600039e-01	-2.136255626594768808e-01	1.353873278232629596e-01	-8.419392772331812935e-02	1.051893695830058012e-01	-1.480476646205435287e-01	1.395609762335454640e-01	-1.233461034363507042e-01	9.595781931046383495e-02	-8.638648163055188955e-02	1.111527582784995888e-01	-1.278608239194302387e-01	1.317863186779559825e-01	-6.464092845893210093e-02	6.717581133853434139e-02	-1.114406394114588333e-01	8.663715772338186072e-02	-1.046946334159959136e-01	5.474602195437856117e-02	-5.620193318450676656e-02	8.931330536692005939e-02	-6.257021454708068531e-02	7.783291985462910401e-02	-4.996856570892541788e-02	5.068558511056035776e-02	-5.501912386028547097e-02	4.644414265760044014e-02	-1.404491576398593164e-02	5.888796445913550837e-02	-4.945978046502357700e-02	5.583803240696857961e-02	-4.297681692134779075e-02	1.435289640680334836e-02
-7.794280951883475472e-01	1.331565377648976090e-01	-8.216334726324499294e-02	6.826996625816680875e-02	-1.010454137907129124e-01	9.999999999999988898e-01	-1.130567419639179338e-01	1.284053363424737804e-01	-1.381371655261407760e-01	8.086966241897311503e-02	-4.167209521893918689e-01	2.051456139999940087e-01	-1.337549831327398409e-01	1.225089235600320403e-01	-1.252073207544220634e-01	2.062228065657701337e-01	-1.888583499031590840e-01	1.336270679473499923e-01	-1.151894031278477698e-01	1.013619400925012126e-01	-1.955488263999970444e-01	1.448783831083489959e-01	-1.214048530087199346e-01	1.244082415611821590e-01	-1.564194896885740538e-01	9.674061546123396971e-02	-1.021331024363161255e-01	1.214475896905277269e-01	-9.481509444222156746e-02	1.124479853689731718e-01	-7.759918970433835050e-02	7.729008161914592556e-02	-1.147320423382590243e-01	7.619035291483121364e-02	-9.812199056100159855e-02	6.923601317351571471e-02	-6.986824984758670254e-02	7.008047031905449697e-02	-5.994747309225937487e-02	1.797086341356332259e-02	-8.162418980144295344e-02	6.675832427147851411e-02	-7.391065992991426026e-02	5.512046341917277437e-02	-1.848062462662031918e-02
1.237976298256011770e-01	-8.152273942619135960e-01	1.253270476850652515e-01	-1.076165956864076345e-01	1.082256206776891355e-01	-1.130567419639179338e-01	1.000000000000000000e+00	-4.329173594129520630e-01	1.607846307777325012e-01	-9.432788408103810751e-02	1.176823891683428241e-01	-2.029843437500649383e-01	2.340219694612060419e-01	-1.322015281450545365e-01	9.829147569481387625e-02	-8.917562375797701002e-02	1.183292552350540400e-01	-1.071472758136226139e-01	1.011349534064830274e-01	-8.226612853363726718e-02	9.940049536122953777e-02	-8.430521334510873710e-02	8.684427677507020049e-02	-8.974678965349087989e-02	1.020838684017698755e-01	-5.641895799701446279e-02	5.998774272880415259e-02	-8.118153859691937257e-02	6.406026932911428051e-02	-7.521926397788444851e-02	4.574499092734179290e-02	-4.608345039673131943e-02	7.058043397517377304e-02	-4.794561957430944210e-02	6.081704460628905434e-02	-4.093855557345712354e-02	4.144366263311225623e-02	-4.287474542478120210e-02	3.648853696178414041e-02	-1.093107667169241140e-02	4.804246244806109623e-02	-3.975679892638701168e-02	4.439689027052323017e-02	-3.354418774411330184e-02	1.121164488233855269e-02
-1.502657276002183906e-01	2.737675895765561696e-01	-1.474517775899850391e-01	1.190813407662261181e-01	-1.600290932464964178e-01	1.284053363424737804e-01	-4.329173594129520630e-01	9.999999999999998890e-01	-3.050131922575016752e-01	1.384093105378627897e-01	-1.659450297307757116e-01	2.582658100713476901e-01	-6.859861976593658595e-01	2.145226463269857553e-01	-1.488361449792105773e-01	1.233144595179543612e-01	-1.733432400515217686e-01	1.596443437264975784e-01	-1.608936090103836314e-01	1.225377348773858815e-01	-1.427864711029758482e-01	1.188266646503982477e-01	-1.291840018827628278e-01	1.295627573661956577e-01	-1.474152371564717290e-01	7.923704975158447905e-02	-8.522224609983840293e-02	1.155127197041355830e-01	-9.212824960321887302e-02	1.069766026186859259e-01	-6.463698902738145013e-02	6.499797495631443045e-02	-1.004966842173932312e-01	6.816499823171576211e-02	-8.664500577097036804e-02	5.760466617059570305e-02	-5.852851082565563995e-02	6.064067535624968752e-02	-5.170170194143018649e-02	1.545024698209514387e-02	-6.782173084139049568e-02	5.600430242520063051e-02	-6.283206089464875299e-02	4.738916439066336722e-02	-1.585374745140464073e-02
1.463396348081577591e-01	-2.074543440846523257e-01	1.866806999958658675e-01	-2.099924861940837550e-01	2.811251161290378997e-01	-1.381371655261407760e-01	1.607846307777325012e-01	-3.050131922575016752e-01	9.999999999999998890e-01	-4.629736717989756944e-01	1.462400364176252021e-01	-2.303956255640369766e-01	2.318228481140434394e-01	-5.321475809644877764e-01	2.050834509373480885e-01	-1.214089134664071978e-01	1.554033342758310565e-01	-2.376566777372755290e-01	2.442634664368676656e-01	-1.956573708253316057e-01	1.387425977106855335e-01	-1.259651363983824990e-01	1.695014076802159597e-01	-1.938644267791778120e-01	1.899502664839599064e-01	-9.225805290956477778e-02	9.631900278401184234e-02	-1.616256218333770311e-01	1.268670274605621096e-01	-1.505283351314191664e-01	7.740143474175605054e-02	-7.947443386412293698e-02	1.268633312749723185e-01	-8.911595781597962673e-02	1.104981367148004795e-01	-7.033043108795242193e-02	7.137841862929908410e-02	-7.757671956681591596e-02	6.546490971192296671e-02	-1.972310884079584575e-02	8.255346687137882222e-02	-6.943805100101387018e-02	7.847602059744558656e-02	-6.044189544958959021e-02	2.015263477727639169e-02
-8.820236660989576316e-02	1.174191056466396960e-01	-2.083244374498284812e-01	1.963570551358773952e-01	-7.884833415308271087e-01	8.086966241897311503e-02	-9.432788408103810751e-02	1.384093105378627897e-01	-4.629736717989756944e-01	9.999999999999995559e-01	-8.597500158196075271e-02	1.248513974833821705e-01	-1.245032196276125852e-01	1.932924616924583672e-01	-1.320021500088094102e-01	6.980292143088560886e-02	-8.889416994103420400e-02	1.229432976772101282e-01	-1.324187543067511796e-01	1.098603620847969226e-01	-8.111367313803670431e-02	7.184318815039572592e-02	-9.494763492021920936e-02	1.054700362460779528e-01	-1.138952559858333602e-01	5.329707498017904888e-02	-5.594389749420892316e-02	9.106459725387743009e-02	-7.224083240898475367e-02	8.613333148096105618e-02	-4.549844171018625066e-02	4.651396155358532986e-02	-7.479531692784881225e-02	5.200607275380677436e-02	-6.528945989618918644e-02	4.127015494119753991e-02	-4.209397010194292771e-02	4.554590045056471775e-02	-3.865322235996986044e-02	1.163479453005107460e-02	-4.898558815973882985e-02	4.087591677682374941e-02	-4.649875734629699275e-02	3.555247815032063635e-02	-1.190852652862632415e-02
2.484055598894493733e-01	-1.499429842866844831e-01	8.406702139123907458e-02	-7.225162900123623111e-02	1.019846428725852544e-01	-4.167209521893918689e-01	1.176823891683428241e-01	-1.659450297307757116e-01	1.462400364176252021e-01	-8.597500158196075271e-02	1.000000000000001332e+00	-3.769522003816797029e-01	1.697233312544398909e-01	-1.442183268903125815e-01	1.290703940276051453e-01	-6.422304567901701011e-01	2.781521466207565463e-01	-1.699027694155175461e-01	1.314650877995590106e-01	-1.119349951856832420e-01	2.594021971031447715e-01	-2.257084439443710622e-01	1.446208755250139311e-01	-1.475373780781550070e-01	1.566031673560176474e-01	-1.310180390631194292e-01	1.299558806856229431e-01	-1.422376883348621390e-01	1.065855086746766850e-01	-1.256189047370449285e-01	8.934513690381179485e-02	-9.043622502215253878e-02	1.199726757395550153e-01	-8.140806308061093732e-02	1.007035496165520350e-01	-8.035757631988731109e-02	7.739440350199076890e-02	-7.516549281398622606e-02	6.263464178114623582e-02	-1.882017296253013852e-02	8.676635333246997261e-02	-7.410790471236385069e-02	7.683146901345541679e-02	-5.892730800521641527e-02	1.921592987934602273e-02
-2.344726506041429626e-01	1.980731604801571066e-01	-1.264582351771985913e-01	1.038221868940881615e-01	-1.541529125801427702e-01	2.051456139999940087e-01	-2.029843437500649383e-01	2.582658100713476901e-01	-2.303956255640369766e-01	1.248513974833821705e-01	-3.769522003816797029e-01	1.000000000000000222e+00	-4.614707966747899626e-01	2.051612248199057853e-01	-1.819853798681060064e-01	2.603309922753106465e-01	-4.982734141866836386e-01	2.094149161338343113e-01	-1.867500789298332242e-01	1.473819899324247951e-01	-2.879652225441628466e-01	2.375450966460176949e-01	-1.840114345644652261e-01	1.739943576977416306e-01	-2.013826719819576394e-01	1.365787527377826382e-01	-1.510235621869030764e-01	1.632218235276498008e-01	-1.280718779883437686e-01	1.470556089137662059e-01	-1.027348327611300599e-01	1.019215677039704698e-01	-1.462567767777254168e-01	9.749862009813872743e-02	-1.238363566109768055e-01	9.001553446442235595e-02	-9.006174515314986639e-02	8.857323233130427742e-02	-7.520046226563620317e-02	2.238411553526939088e-02	-1.027939653555520749e-01	8.503863018774633631e-02	-9.227616033463544032e-02	6.930036196329433795e-02	-2.297101016481584504e-02
1.435818814137606869e-01	-2.710407943682899279e-01	1.206035645073438994e-01	-1.056512452093636978e-01	1.366661794671600039e-01	-1.337549831327398409e-01	2.340219694612060419e-01	-6.859861976593658595e-01	2.318228481140434394e-01	-1.245032196276125852e-01	1.697233312544398909e-01	-4.614707966747899626e-01	9.999999999999988898e-01	-2.900848986313475097e-01	1.514367540478221419e-01	-1.364726518847589609e-01	1.912053122531661709e-01	-1.946279759509635943e-01	1.761792572603637363e-01	-1.323380331772737173e-01	1.478139135098027468e-01	-1.327194823240051835e-01	1.407077754385605561e-01	-1.419278017670998482e-01	1.497956254316705760e-01	-8.490266099029177005e-02	9.007534789946670950e-02	-1.238943012663212412e-01	9.759752901282861548e-02	-1.128640500534171115e-01	6.705637031194615350e-02	-6.782031440758201635e-02	1.032042241884698064e-01	-7.061288229145060158e-02	8.870174165342840922e-02	-5.991881093873487746e-02	6.034892764791679326e-02	-6.255715659908193949e-02	5.300056291285787369e-02	-1.584786143520814164e-02	6.932493208677838192e-02	-5.784790361266373832e-02	6.420588646346273021e-02	-4.880261310340174019e-02	1.623183063496775463e-02
-1.357086619841851305e-01	1.541598678841850090e-01	-1.450591463749244803e-01	1.271042215129443431e-01	-2.136255626594768808e-01	1.225089235600320403e-01	-1.322015281450545365e-01	2.145226463269857553e-01	-5.321475809644877764e-01	1.932924616924583672e-01	-1.442183268903125815e-01	2.051612248199057853e-01	-2.900848986313475097e-01	9.999999999999990008e-01	-3.179061955295333641e-01	1.175819195128637029e-01	-1.590727628885786338e-01	2.546876415761596402e-01	-5.542806773490465133e-01	2.466536810113678924e-01	-1.414672313859032526e-01	1.256563312675459121e-01	-1.982387462747970119e-01	2.015889833112499696e-01	-2.154609127588051620e-01	9.073703142591023341e-02	-9.708895679008776314e-02	1.600311293150138703e-01	-1.346485254281745980e-01	1.515916960098935007e-01	-7.786355712819806318e-02	7.937790626830583396e-02	-1.314582122985023804e-01	9.106703035299341942e-02	-1.150848413999109726e-01	6.978249158383058315e-02	-7.178415138298663289e-02	7.800432530074423443e-02	-6.660178200534409843e-02	1.984098169456789684e-02	-8.314601608653554576e-02	6.911894372512614182e-02	-7.967846211682515223e-02	6.060796896563565989e-02	-2.033569766794127848e-02
1.321006598997395420e-01	-1.268511962416080663e-01	9.790542774751984090e-02	-8.817471953201430623e-02	1.353873278232629596e-01	-1.252073207544220634e-01	9.829147569481387625e-02	-1.488361449792105773e-01	2.050834509373480885e-01	-1.320021500088094102e-01	1.290703940276051453e-01	-1.819853798681060064e-01	1.514367540478221419e-01	-3.179061955295333641e-01	9.999999999999997780e-01	-1.101145214394705779e-01	1.390473169173115364e-01	-2.495298340790795821e-01	2.822775522866374787e-01	-7.710670327576522043e-01	1.294701982909849114e-01	-1.197700796943017287e-01	1.813093904230352327e-01	-2.184987068400930654e-01	2.438610312101441580e-01	-9.260710955649244236e-02	9.637050505058299132e-02	-1.798772491695451170e-01	1.443412409406520658e-01	-1.862846163897441676e-01	7.970422332485943562e-02	-8.265286573454021235e-02	1.357272399521390061e-01	-9.819531177362887664e-02	1.204392202723210126e-01	-7.282071986516931716e-02	7.424727194721091050e-02	-8.320425788537963441e-02	7.000639349306243819e-02	-2.114885279645627864e-02	8.571198009836086817e-02	-7.269953022063603554e-02	8.301420044999648085e-02	-6.470313947961948975e-02	2.156061425071366042e-02
-1.887766049177491134e-01	1.089502349608406639e-01	-6.777428431997577218e-02	5.741756944117421685e-02	-8.419392772331812935e-02	2.062228065657701337e-01	-8.917562375797701002e-02	1.233144595179543612e-01	-1.214089134664071978e-01	6.980292143088560886e-02	-6.422304567901701011e-01	2.603309922753106465e-01	-1.364726518847589609e-01	1.175819195128637029e-01	-1.101145214394705779e-01	9.999999999999985567e-01	-4.678440515609114669e-01	1.530126502442668290e-01	-1.152174264159552403e-01	9.422545761656177243e-02	-4.595681856426714895e-01	2.640033197140241317e-01	-1.386882137414605087e-01	1.279329107046648373e-01	-1.351582567177825045e-01	1.314699526619625969e-01	-1.387032958378404401e-01	1.241780503874788111e-01	-9.339015455672876331e-02	1.067327873164668622e-01	-8.470129921037262977e-02	8.400611988231815319e-02	-1.065233086331674184e-01	7.104167912737918700e-02	-8.800827115508667864e-02	7.367554921155435033e-02	-7.084083831122300889e-02	6.585382818243395997e-02	-5.485921053308983469e-02	1.631834240406173850e-02	-7.817236014377389186e-02	6.644382573481637244e-02	-6.765865170898655023e-02	5.149743774329583468e-02	-1.667702876343322982e-02
1.702862226534018475e-01	-1.454122137168827877e-01	8.533556953416185364e-02	-7.303238991028822291e-02	1.051893695830058012e-01	-1.888583499031590840e-01	1.183292552350540400e-01	-1.733432400515217686e-01	1.554033342758310565e-01	-8.889416994103420400e-02	2.781521466207565463e-01	-4.982734141866836386e-01	1.912053122531661709e-01	-1.590727628885786338e-01	1.390473169173115364e-01	-4.678440515609114669e-01	9.999999999999958922e-01	-2.491730068984053525e-01	1.560790963765412986e-01	-1.229051554241169936e-01	3.138539632938743273e-01	-5.072107063738832133e-01	1.897239554388928939e-01	-1.708028876512521776e-01	1.665282919006391971e-01	-1.729426584555352198e-01	1.781407817552988215e-01	-1.615444457146223978e-01	1.196665902495541584e-01	-1.351182908724261333e-01	1.046009467959555933e-01	-1.058081795388682994e-01	1.308434112598285681e-01	-8.810480742479288863e-02	1.078172831204522314e-01	-9.168603047227538716e-02	8.701827867740588585e-02	-8.099499774563320709e-02	6.704224377027526161e-02	-1.991478154534749231e-02	9.485394689521803313e-02	-8.176886558951536321e-02	8.230263790037656291e-02	-6.314054765585090656e-02	2.031709671350092131e-02
-1.453559693700072208e-01	1.282410732689708566e-01	-1.078837173683988293e-01	9.097830941991788545e-02	-1.480476646205435287e-01	1.336270679473499923e-01	-1.071472758136226139e-01	1.596443437264975784e-01	-2.376566777372755290e-01	1.229432976772101282e-01	-1.699027694155175461e-01	2.094149161338343113e-01	-1.946279759509635943e-01	2.546876415761596402e-01	-2.495298340790795821e-01	1.530126502442668290e-01	-2.491730068984053525e-01	9.999999999999980016e-01	-4.928873066284766291e-01	2.204461392121937757e-01	-1.949723124679551556e-01	1.879316384534278628e-01	-5.896292215979849205e-01	2.875964941019618082e-01	-2.684585728740387367e-01	1.215652975898587340e-01	-1.344709037712277511e-01	2.293531581772254024e-01	-1.916819128512079473e-01	1.918256015495989342e-01	-1.022061729603110786e-01	1.040444491390603576e-01	-1.783108715479519157e-01	1.203645410369664631e-01	-1.521312054855954443e-01	8.999871388984712062e-02	-9.316687792870434470e-02	1.013222360576494369e-01	-8.672129394523614421e-02	2.540921947733370059e-02	-1.064481950727485388e-01	8.856366334809492868e-02	-1.030457494102137439e-01	7.795613851173244235e-02	-2.607160388740951962e-02
1.230435850777936990e-01	-1.255931036561069580e-01	1.007884751087018832e-01	-9.012974055284737884e-02	1.395609762335454640e-01	-1.151894031278477698e-01	1.011349534064830274e-01	-1.608936090103836314e-01	2.442634664368676656e-01	-1.324187543067511796e-01	1.314650877995590106e-01	-1.867500789298332242e-01	1.761792572603637363e-01	-5.542806773490465133e-01	2.822775522866374787e-01	-1.152174264159552403e-01	1.560790963765412986e-01	-4.928873066284766291e-01	1.000000000000002887e+00	-4.213865958546355039e-01	1.379429697215047157e-01	-1.316757948323296346e-01	2.485208561735294253e-01	-2.993530139529788081e-01	2.270316343875332932e-01	-9.391051258242702482e-02	9.978411143675290640e-02	-1.882734916337933662e-01	1.584530616612578047e-01	-1.726039789521277845e-01	7.933968582198487607e-02	-8.183133300846723301e-02	1.373212448381697648e-01	-9.780994793646088925e-02	1.203023082182989728e-01	-7.127457684675977956e-02	7.309984177029342500e-02	-8.125049033146257427e-02	6.877615799662076257e-02	-2.043740112235382586e-02	8.374811704220463948e-02	-7.058299405692664008e-02	8.131091699739011192e-02	-6.270577849914585333e-02	2.088601219069559020e-02
-1.104049506464791219e-01	1.023315222843633465e-01	-8.724398512455142085e-02	7.587281749463614666e-02	-1.233461034363507042e-01	1.013619400925012126e-01	-8.226612853363726718e-02	1.225377348773858815e-01	-1.956573708253316057e-01	1.098603620847969226e-01	-1.119349951856832420e-01	1.473819899324247951e-01	-1.323380331772737173e-01	2.466536810113678924e-01	-7.710670327576522043e-01	9.422545761656177243e-02	-1.229051554241169936e-01	2.204461392121937757e-01	-4.213865958546355039e-01	1.000000000000002665e+00	-1.152021260535423253e-01	1.045200713049395935e-01	-1.759314192525175402e-01	1.952024656505636502e-01	-3.039501301334144867e-01	8.015419127431434865e-02	-8.504479137875464723e-02	1.551147161704494737e-01	-1.334421977099995993e-01	1.670335489696454234e-01	-7.053691678342317861e-02	7.264929558700071455e-02	-1.233534252529326358e-01	8.816122258933496714e-02	-1.106258718774488503e-01	6.368029930624789781e-02	-6.573819817032032498e-02	7.355067587139772767e-02	-6.265950538150098781e-02	1.873614348459730697e-02	-7.606092190903505912e-02	6.375535759780587286e-02	-7.418692114866479170e-02	5.709874539140915445e-02	-1.916180123922277267e-02
1.657749347150676011e-01	-1.266958297967392677e-01	7.710969796139115207e-02	-6.624659200804253190e-02	9.595781931046383495e-02	-1.955488263999970444e-01	9.940049536122953777e-02	-1.427864711029758482e-01	1.387425977106855335e-01	-8.111367313803670431e-02	2.594021971031447715e-01	-2.879652225441628466e-01	1.478139135098027468e-01	-1.414672313859032526e-01	1.294701982909849114e-01	-4.595681856426714895e-01	3.138539632938743273e-01	-1.949723124679551556e-01	1.379429697215047157e-01	-1.152021260535423253e-01	9.999999999999987788e-01	-6.449942040235144836e-01	1.843757654596229756e-01	-1.744518144484705491e-01	1.648545741935871223e-01	-2.490731438759739291e-01	2.238146540555340513e-01	-1.734829016346034203e-01	1.241098883123786245e-01	-1.415700171751163583e-01	1.278686091697940619e-01	-1.286128900386027119e-01	1.396389423855937950e-01	-9.377428530675910312e-02	1.124042051273068804e-01	-1.116318823668412258e-01	1.014121966867764513e-01	-8.871081141591274921e-02	7.214304785764617811e-02	-2.142079316067771119e-02	1.074378217397426172e-01	-9.489289982510662469e-02	8.938091297030177629e-02	-6.926930372262452007e-02	2.177736667094827896e-02
-1.405857115991435424e-01	1.029292595595268228e-01	-6.813425636403963592e-02	5.774778531236882811e-02	-8.638648163055188955e-02	1.448783831083489959e-01	-8.430521334510873710e-02	1.188266646503982477e-01	-1.259651363983824990e-01	7.184318815039572592e-02	-2.257084439443710622e-01	2.375450966460176949e-01	-1.327194823240051835e-01	1.256563312675459121e-01	-1.197700796943017287e-01	2.640033197140241317e-01	-5.072107063738832133e-01	1.879316384534278628e-01	-1.316757948323296346e-01	1.045200713049395935e-01	-6.449942040235144836e-01	9.999999999999965583e-01	-2.308349067397475196e-01	1.641098393499055841e-01	-1.548905770572577834e-01	2.228629224787002094e-01	-3.361081686180408812e-01	1.625049540494858946e-01	-1.186625595372699515e-01	1.278589378594050530e-01	-1.244056601683177637e-01	1.217287891307297781e-01	-1.337843122046701305e-01	8.736278658465249092e-02	-1.059911874016545991e-01	1.021928506721536817e-01	-9.676956993883713276e-02	8.189508840778302046e-02	-6.720339065640298926e-02	1.969288132881277104e-02	-1.012684862514543621e-01	8.726107261535172299e-02	-8.348859036511675769e-02	6.364498247116640028e-02	-2.007920416709120179e-02
1.269028830073910263e-01	-1.079948072650849106e-01	8.311618202135440114e-02	-7.122948129503832437e-02	1.111527582784995888e-01	-1.214048530087199346e-01	8.684427677507020049e-02	-1.291840018827628278e-01	1.695014076802159597e-01	-9.494763492021920936e-02	1.446208755250139311e-01	-1.840114345644652261e-01	1.407077754385605561e-01	-1.982387462747970119e-01	1.813093904230352327e-01	-1.386882137414605087e-01	1.897239554388928939e-01	-5.896292215979849205e-01	2.485208561735294253e-01	-1.759314192525175402e-01	1.843757654596229756e-01	-2.308349067397475196e-01	9.999999999999995559e-01	-5.403456149653668161e-01	2.508782400716336736e-01	-1.293627846765871559e-01	1.403583871538358063e-01	-3.668214657941881174e-01	2.416981352763861168e-01	-2.250932012533903848e-01	1.028341276630974216e-01	-1.075745069632779716e-01	1.861615654550760335e-01	-1.314464144404626778e-01	1.556192151124710932e-01	-9.110230219821670306e-02	9.325982619880317237e-02	-1.056757506002696662e-01	8.811365993355126103e-02	-2.566145355175324105e-02	1.041812409335005629e-01	-8.917695492922679545e-02	1.026340091475647504e-01	-7.980057393732573057e-02	2.617078081690164815e-02
-1.369904939859662718e-01	1.104539535331487549e-01	-9.367807952930404247e-02	7.893369163884995932e-02	-1.278608239194302387e-01	1.244082415611821590e-01	-8.974678965349087989e-02	1.295627573661956577e-01	-1.938644267791778120e-01	1.054700362460779528e-01	-1.475373780781550070e-01	1.739943576977416306e-01	-1.419278017670998482e-01	2.015889833112499696e-01	-2.184987068400930654e-01	1.279329107046648373e-01	-1.708028876512521776e-01	2.875964941019618082e-01	-2.993530139529788081e-01	1.952024656505636502e-01	-1.744518144484705491e-01	1.641098393499055841e-01	-5.403456149653668161e-01	1.000000000000000222e+00	-4.165452679615122000e-01	1.247320289933786935e-01	-1.381293107274663978e-01	2.993621537524981946e-01	-4.628173813401001979e-01	2.850881981363231343e-01	-1.133381287403397858e-01	1.173961883042346360e-01	-2.229772630973991254e-01	1.642830506731714768e-01	-2.040916153120343191e-01	1.000358989722908154e-01	-1.057532138673732691e-01	1.227689592585463341e-01	-1.063707596831537233e-01	3.082823369054872933e-02	-1.204701224307980489e-01	1.009047107970237611e-01	-1.222421933384097159e-01	9.388952083177312669e-02	-3.158840171947971398e-02
1.652767746388140446e-01	-1.318439125910261800e-01	9.976536040930122917e-02	-8.636289951006015375e-02	1.317863186779559825e-01	-1.564194896885740538e-01	1.020838684017698755e-01	-1.474152371564717290e-01	1.899502664839599064e-01	-1.138952559858333602e-01	1.566031673560176474e-01	-2.013826719819576394e-01	1.497956254316705760e-01	-2.154609127588051620e-01	2.438610312101441580e-01	-1.351582567177825045e-01	1.665282919006391971e-01	-2.684585728740387367e-01	2.270316343875332932e-01	-3.039501301334144867e-01	1.648545741935871223e-01	-1.548905770572577834e-01	2.508782400716336736e-01	-4.165452679615122000e-01	1.000000000000002220e+00	-1.327959619518088441e-01	1.375914735639839626e-01	-3.167578325531237859e-01	2.850787447886847237e-01	-5.518268339292612401e-01	1.187027976857640554e-01	-1.259452376649210781e-01	2.183221113262124313e-01	-1.756878033334962341e-01	2.090554209312647793e-01	-1.092910249100759040e-01	1.123001359539023136e-01	-1.344213709840513804e-01	1.124247632854586260e-01	-3.411998976636636954e-02	1.283448652347710384e-01	-1.111905731404393971e-01	1.293221898490252708e-01	-1.041526114138007081e-01	3.456676389882046285e-02
-9.949376712556697033e-02	7.022486255385132492e-02	-5.009193703648815582e-02	4.232804316369604553e-02	-6.464092845893210093e-02	9.674061546123396971e-02	-5.641895799701446279e-02	7.923704975158447905e-02	-9.225805290956477778e-02	5.329707498017904888e-02	-1.310180390631194292e-01	1.365787527377826382e-01	-8.490266099029177005e-02	9.073703142591023341e-02	-9.260710955649244236e-02	1.314699526619625969e-01	-1.729426584555352198e-01	1.215652975898587340e-01	-9.391051258242702482e-02	8.015419127431434865e-02	-2.490731438759739291e-01	2.228629224787002094e-01	-1.293627846765871559e-01	1.247320289933786935e-01	-1.327959619518088441e-01	1.000000000000000888e+00	-7.840176407921576329e-01	1.652253635661422027e-01	-1.118715775108343052e-01	1.198333916243735642e-01	-3.747945841869590455e-01	2.270037288974063039e-01	-1.650347343122979538e-01	9.790788745511619373e-02	-1.143123384699550327e-01	1.920508614471774789e-01	-1.720499024120316633e-01	1.030486628558239942e-01	-8.142177143060586042e-02	2.311206211372567390e-02	-1.661773199991850025e-01	1.366345023904802780e-01	-1.074460798771398190e-01	8.028492935924289031e-02	-2.346914061879810942e-02
1.016202095051481763e-01	-7.541240513145390512e-02	5.228670705736025021e-02	-4.445967695936151043e-02	6.717581133853434139e-02	-1.021331024363161255e-01	5.998774272880415259e-02	-8.522224609983840293e-02	9.631900278401184234e-02	-5.594389749420892316e-02	1.299558806856229431e-01	-1.510235621869030764e-01	9.007534789946670950e-02	-9.708895679008776314e-02	9.637050505058299132e-02	-1.387032958378404401e-01	1.781407817552988215e-01	-1.344709037712277511e-01	9.978411143675290640e-02	-8.504479137875464723e-02	2.238146540555340513e-01	-3.361081686180408812e-01	1.403583871538358063e-01	-1.381293107274663978e-01	1.375914735639839626e-01	-7.840176407921576329e-01	1.000000000000000222e+00	-2.054326918594954476e-01	1.218319320210810158e-01	-1.309560851168881657e-01	2.396657463774397867e-01	-2.613927671166210165e-01	1.630206569001471095e-01	-1.012275038972751950e-01	1.143336003174590804e-01	-1.896814646850567831e-01	1.610308216804046677e-01	-1.052421759841628834e-01	8.130255202218149291e-02	-2.332955075108016432e-02	1.489027474675246321e-01	-1.378415203216245555e-01	1.052077187290670762e-01	-8.150288487309068075e-02	2.357079695298477592e-02
-1.333464875144430017e-01	1.009295815805882207e-01	-8.293932758583819065e-02	6.966226981247222727e-02	-1.114406394114588333e-01	1.214475896905277269e-01	-8.118153859691937257e-02	1.155127197041355830e-01	-1.616256218333770311e-01	9.106459725387743009e-02	-1.422376883348621390e-01	1.632218235276498008e-01	-1.238943012663212412e-01	1.600311293150138703e-01	-1.798772491695451170e-01	1.241780503874788111e-01	-1.615444457146223978e-01	2.293531581772254024e-01	-1.882734916337933662e-01	1.551147161704494737e-01	-1.734829016346034203e-01	1.625049540494858946e-01	-3.668214657941881174e-01	2.993621537524981946e-01	-3.167578325531237859e-01	1.652253635661422027e-01	-2.054326918594954476e-01	9.999999999999987788e-01	-5.455342634651223488e-01	2.977049782884790829e-01	-1.584249021998715423e-01	1.678488711099488662e-01	-4.296354522745000626e-01	2.265975800292437392e-01	-2.739202914444454073e-01	1.345296832108301421e-01	-1.475781068846425681e-01	1.802014233495064510e-01	-1.521988935811287302e-01	4.146255698163199555e-02	-1.619420747934847693e-01	1.366585950403773619e-01	-1.731623869723208919e-01	1.298857779382234789e-01	-4.255194025538575064e-02
1.026624742744975810e-01	-8.038440445629831121e-02	6.461461136219347201e-02	-5.482729226312482024e-02	8.663715772338186072e-02	-9.481509444222156746e-02	6.406026932911428051e-02	-9.212824960321887302e-02	1.268670274605621096e-01	-7.224083240898475367e-02	1.065855086746766850e-01	-1.280718779883437686e-01	9.759752901282861548e-02	-1.346485254281745980e-01	1.443412409406520658e-01	-9.339015455672876331e-02	1.196665902495541584e-01	-1.916819128512079473e-01	1.584530616612578047e-01	-1.334421977099995993e-01	1.241098883123786245e-01	-1.186625595372699515e-01	2.416981352763861168e-01	-4.628173813401001979e-01	2.850787447886847237e-01	-1.118715775108343052e-01	1.218319320210810158e-01	-5.455342634651223488e-01	9.999999999999998890e-01	-5.679655731819929221e-01	1.030282551672426078e-01	-1.117427878445696049e-01	2.318831887086512944e-01	-2.328143179681775310e-01	2.246112486451468104e-01	-9.157322070394437186e-02	9.743819886076207637e-02	-1.261505177342308603e-01	1.073682587331386273e-01	-3.048511293280238912e-02	1.082366957541686936e-01	-9.392092745614308291e-02	1.161702765043947927e-01	-9.439887349851214249e-02	3.091087606003780838e-02
-1.244639387248830942e-01	9.429087692379567454e-02	-7.783388178784818312e-02	6.560531933965409179e-02	-1.046946334159959136e-01	1.124479853689731718e-01	-7.521926397788444851e-02	1.069766026186859259e-01	-1.505283351314191664e-01	8.613333148096105618e-02	-1.256189047370449285e-01	1.470556089137662059e-01	-1.128640500534171115e-01	1.515916960098935007e-01	-1.862846163897441676e-01	1.067327873164668622e-01	-1.351182908724261333e-01	1.918256015495989342e-01	-1.726039789521277845e-01	1.670335489696454234e-01	-1.415700171751163583e-01	1.278589378594050530e-01	-2.250932012533903848e-01	2.850881981363231343e-01	-5.518268339292612401e-01	1.198333916243735642e-01	-1.309560851168881657e-01	2.977049782884790829e-01	-5.679655731819929221e-01	1.000000000000000222e+00	-1.215520504885918979e-01	1.277837315869900514e-01	-2.684448627094851991e-01	2.204695033756335354e-01	-3.290933435714897826e-01	1.076345701975339048e-01	-1.167613438962538247e-01	1.444054945961571468e-01	-1.284683415602675960e-01	3.759409590811703394e-02	-1.334559554344501853e-01	1.119438739535819349e-01	-1.425811978662541168e-01	1.110034589350213097e-01	-3.850242752310234495e-02
8.026210677650087721e-02	-5.816325621919843369e-02	4.221971344279527166e-02	-3.589283699021125762e-02	5.474602195437856117e-02	-7.759918970433835050e-02	4.574499092734179290e-02	-6.463698902738145013e-02	7.740143474175605054e-02	-4.549844171018625066e-02	8.934513690381179485e-02	-1.027348327611300599e-01	6.705637031194615350e-02	-7.786355712819806318e-02	7.970422332485943562e-02	-8.470129921037262977e-02	1.046009467959555933e-01	-1.022061729603110786e-01	7.933968582198487607e-02	-7.053691678342317861e-02	1.278686091697940619e-01	-1.244056601683177637e-01	1.028341276630974216e-01	-1.133381287403397858e-01	1.187027976857640554e-01	-3.747945841869590455e-01	2.396657463774397867e-01	-1.584249021998715423e-01	1.030282551672426078e-01	-1.215520504885918979e-01	1.000000000000000222e+00	-5.844523990584299389e-01	1.899530503631002287e-01	-1.127311310113149473e-01	1.168500975655894364e-01	-5.500738338323439836e-01	2.895478798010987509e-01	-1.359921357358301330e-01	9.830198273844610590e-02	-2.775301110654610631e-02	2.503609525202741271e-01	-2.334048116643122617e-01	1.363700961923101085e-01	-1.062208742028335623e-01	2.776585438106306258e-02
-8.116809064603733304e-02	5.834071843319148937e-02	-4.315153860833899346e-02	3.658231042675456901e-02	-5.620193318450676656e-02	7.729008161914592556e-02	-4.608345039673131943e-02	6.499797495631443045e-02	-7.947443386412293698e-02	4.651396155358532986e-02	-9.043622502215253878e-02	1.019215677039704698e-01	-6.782031440758201635e-02	7.937790626830583396e-02	-8.265286573454021235e-02	8.400611988231815319e-02	-1.058081795388682994e-01	1.040444491390603576e-01	-8.183133300846723301e-02	7.264929558700071455e-02	-1.286128900386027119e-01	1.217287891307297781e-01	-1.075745069632779716e-01	1.173961883042346360e-01	-1.259452376649210781e-01	2.270037288974063039e-01	-2.613927671166210165e-01	1.678488711099488662e-01	-1.117427878445696049e-01	1.277837315869900514e-01	-5.844523990584299389e-01	1.000000000000000888e+00	-3.021039604216150809e-01	1.348388866135803721e-01	-1.407730983299248506e-01	3.008242749629705948e-01	-5.520299571964690788e-01	1.565558329649987535e-01	-1.151076062202417982e-01	3.098869395000426394e-02	-2.741175618816867887e-01	2.460292959999567375e-01	-1.609194865643022165e-01	1.168250458900804700e-01	-3.122516637095336736e-02
1.206901400268300534e-01	-9.041614845546709633e-02	6.808608031901065838e-02	-5.809927094772428247e-02	8.931330536692005939e-02	-1.147320423382590243e-01	7.058043397517377304e-02	-1.004966842173932312e-01	1.268633312749723185e-01	-7.479531692784881225e-02	1.199726757395550153e-01	-1.462567767777254168e-01	1.032042241884698064e-01	-1.314582122985023804e-01	1.357272399521390061e-01	-1.065233086331674184e-01	1.308434112598285681e-01	-1.783108715479519157e-01	1.373212448381697648e-01	-1.233534252529326358e-01	1.396389423855937950e-01	-1.337843122046701305e-01	1.861615654550760335e-01	-2.229772630973991254e-01	2.183221113262124313e-01	-1.650347343122979538e-01	1.630206569001471095e-01	-4.296354522745000626e-01	2.318831887086512944e-01	-2.684448627094851991e-01	1.899530503631002287e-01	-3.021039604216150809e-01	1.000000000000000888e+00	-4.499273338525269228e-01	2.864292830193203021e-01	-1.734333946635923662e-01	1.919283650931415397e-01	-4.139816501952945926e-01	2.210215032600236773e-01	-5.592029918669190469e-02	1.856350605186991576e-01	-1.880129756541722985e-01	2.319065389890065110e-01	-2.010603730135024914e-01	5.534793536650933765e-02
-8.160415912987779852e-02	6.099425996955731843e-02	-4.732682215444860424e-02	4.019313204881472951e-02	-6.257021454708068531e-02	7.619035291483121364e-02	-4.794561957430944210e-02	6.816499823171576211e-02	-8.911595781597962673e-02	5.200607275380677436e-02	-8.140806308061093732e-02	9.749862009813872743e-02	-7.061288229145060158e-02	9.106703035299341942e-02	-9.819531177362887664e-02	7.104167912737918700e-02	-8.810480742479288863e-02	1.203645410369664631e-01	-9.780994793646088925e-02	8.816122258933496714e-02	-9.377428530675910312e-02	8.736278658465249092e-02	-1.314464144404626778e-01	1.642830506731714768e-01	-1.756878033334962341e-01	9.790788745511619373e-02	-1.012275038972751950e-01	2.265975800292437392e-01	-2.328143179681775310e-01	2.204695033756335354e-01	-1.127311310113149473e-01	1.348388866135803721e-01	-4.499273338525269228e-01	1.000000000000000222e+00	-7.660388491125142973e-01	1.011540557492509179e-01	-1.144053492591332738e-01	1.986480459313514912e-01	-2.181955134050305722e-01	5.043523426807866583e-02	-1.200863392057321816e-01	1.123242431251153528e-01	-1.607048048455523293e-01	1.551871384416181332e-01	-5.034583294565968259e-02
