1.000000000000000000e+00	-2.988617354591250885e-01	1.757197109932421841e-01	-9.121081557053321853e-02	9.855433277878974940e-02	-8.236917252655548971e-01	2.165131693119547174e-01	-1.677173904967859674e-01	9.087796059240095536e-02	-8.034298789413681086e-02	2.273772674759004797e-01	-2.598134351762854677e-01	1.696366894428270045e-01	-9.877756112784888409e-02	9.300858586739307876e-02	-1.985253122697120398e-01	1.890815622980041022e-01	-1.410987073522455559e-01	1.317788355752012031e-01	-1.627185075015951110e-01	1.366767711777997774e-01	-1.252101179330515346e-01	1.203562286035764622e-01	-1.214186011656244596e-01	1.236036609526679209e-01	-1.370034696910026328e-01	9.752885682850385984e-02	-1.037709276075106657e-01	1.087591134294135092e-01	-9.905745327987691695e-02	1.104907301369488504e-01	-8.395783993862471206e-02	9.943795712347208715e-02	-7.112643771534543635e-02	5.739530122863222006e-02	-6.484228105767265993e-02	7.832736142086560438e-02	-6.814283681896014799e-02	3.713650398989527118e-02	-2.983182910824081976e-02	5.812815559525980058e-02	-4.862030403975451526e-02	7.321711025960045416e-02	-3.074116593307428535e-02	2.159496744827714768e-02
-2.988617354591250885e-01	1.000000000000000000e+00	-4.980686750776544547e-01	1.548849060667336630e-01	-1.377848724385697943e-01	2.189774073719262804e-01	-6.481284061440906186e-01	3.014940233529160851e-01	-1.634786923072225617e-01	1.085840595663718766e-01	-1.705704505136127203e-01	2.902229424685776049e-01	-2.622865059054522163e-01	1.231986234962359344e-01	-1.203918368995987864e-01	1.351941202614777293e-01	-2.071488528304940013e-01	1.649338040694086349e-01	-1.541700402872686615e-01	1.582066039390657153e-01	-1.340014031007232265e-01	1.221965654883165331e-01	-1.292803799474440962e-01	1.269125092471737881e-01	-1.286710046985236056e-01	1.258428712548546602e-01	-9.770637749250278559e-02	1.044467429624925253e-01	-1.126645784978814041e-01	9.791304709313243537e-02	-1.108776542040728202e-01	8.315971290809720529e-02	-1.011105952219713694e-01	7.016392763283672840e-02	-5.739471334613382991e-02	6.421103208910593219e-02	-7.884963103802940243e-02	6.819386330406637664e-02	-3.681357473748972375e-02	2.937293818297602790e-02	-5.827244589058499374e-02	4.858798479269781784e-02	-7.369955488749629913e-02	3.026299051595161133e-02	-2.134346779406023908e-02
1.757197109932421841e-01	-4.980686750776544547e-01	1.000000000000000222e+00	-3.017917570169582064e-01	1.482224972257107920e-01	-1.717358346440643058e-01	2.979257359697885521e-01	-6.223797876114101069e-01	2.115711479174502141e-01	-1.301325786602861856e-01	1.399874643026360888e-01	-3.068865838806449364e-01	2.662880962942798524e-01	-1.398043656241588495e-01	1.261825286933128953e-01	-1.211834436092333045e-01	1.802246764488287800e-01	-1.837285998572182333e-01	1.555171485993170066e-01	-1.754555422367256590e-01	1.245783997479637251e-01	-1.191076204488814988e-01	1.277227085506259519e-01	-1.317411748053203269e-01	1.292137632690955051e-01	-1.271393132879668209e-01	9.607545234817446711e-02	-1.052853660811159109e-01	1.124363432726392248e-01	-1.013930134947394063e-01	1.080608806687104878e-01	-8.245007357270710269e-02	9.930771845783391283e-02	-7.227730044660599096e-02	5.850417217928919472e-02	-6.382082843141197170e-02	7.752737746497297133e-02	-6.762533565158224125e-02	3.727570486202674144e-02	-2.995926345392311771e-02	5.736361100371568933e-02	-4.801722281219113209e-02	7.242584835347930239e-02	-3.078877524059555476e-02	2.166758429976386319e-02
-9.121081557053321853e-02	1.548849060667336630e-01	-3.017917570169582064e-01	1.000000000000000000e+00	-2.647547221362732128e-01	8.384039578454041686e-02	-1.225696709845854049e-01	1.729811960652956615e-01	-8.558068605047163269e-01	2.142107950758041501e-01	-7.928092996566399320e-02	1.434873403548253545e-01	-1.455118907602115375e-01	1.269887672440150883e-01	-1.323379402445195308e-01	6.818732754532634555e-02	-1.057630309683825903e-01	1.018515525546244693e-01	-1.021655628550323797e-01	1.129935063525270983e-01	-7.688626630434783338e-02	7.185218563857748153e-02	-7.938847085479515397e-02	8.242556233116581088e-02	-8.524840257045999958e-02	7.860829211819400641e-02	-6.088533328089053287e-02	6.607388811933877226e-02	-7.234567680247210031e-02	6.471932499195619248e-02	-6.976487637845797674e-02	5.246273274339077752e-02	-6.422905941891579595e-02	4.613394379060069272e-02	-3.759703736393750495e-02	4.107367164562352596e-02	-5.018284541719208319e-02	4.350286425919742961e-02	-2.400589707348560822e-02	1.923089584758639822e-02	-3.728561306426268762e-02	3.108984946551416814e-02	-4.718082325137697153e-02	1.977748767792218698e-02	-1.394162713985543436e-02
9.855433277878974940e-02	-1.377848724385697943e-01	1.482224972257107920e-01	-2.647547221362732128e-01	1.000000000000000000e+00	-9.385306447372010474e-02	1.102212940184246620e-01	-1.348699028756758789e-01	2.288779440929916142e-01	-8.102406206189828319e-01	9.722979074733988092e-02	-1.713115017729123779e-01	1.570230429380019554e-01	-2.668338840297584391e-01	2.432760030478252344e-01	-8.640420923146190091e-02	1.337510350630370937e-01	-1.340931335233042920e-01	1.469460701904243549e-01	-1.891904783408738522e-01	1.047911712149276059e-01	-9.922214824147175538e-02	1.104109461194334452e-01	-1.216304852692658700e-01	1.281308983516452615e-01	-1.147901144841227822e-01	8.760434963571270273e-02	-9.578706293440210351e-02	1.057112961937190093e-01	-9.859669471277943131e-02	1.012542308675314362e-01	-7.637036842553587834e-02	9.350633643866303191e-02	-6.994588033231323443e-02	5.658921589337611441e-02	-6.056045889383222802e-02	7.338685458822773178e-02	-6.380192662756878352e-02	3.605761620169158771e-02	-2.904386775588380099e-02	5.484375554162936733e-02	-4.575707991829752047e-02	6.935909651851601687e-02	-2.981909210166324917e-02	2.098964584351880464e-02
-8.236917252655548971e-01	2.189774073719262804e-01	-1.717358346440643058e-01	8.384039578454041686e-02	-9.385306447372010474e-02	9.999999999999996669e-01	-2.413534108530547562e-01	1.539644337688693132e-01	-8.707821820746826369e-02	7.438440000618717907e-02	-3.363624412812988296e-01	2.204234489323255997e-01	-1.664364387462436423e-01	9.143839175347712178e-02	-8.812606149771771979e-02	1.979396593057666520e-01	-2.032192968623534046e-01	1.328995617066984214e-01	-1.255796371455024374e-01	1.415703669343173488e-01	-1.382843513432442661e-01	1.205621086871070113e-01	-1.151141436499924509e-01	1.123810358983341612e-01	-1.137044326148846929e-01	1.239438213310422449e-01	-9.120028871527662007e-02	9.596973313926827898e-02	-1.011063279603822973e-01	8.920376955039709121e-02	-1.030637133132244476e-01	7.759374114589941140e-02	-9.248455195404435558e-02	6.415979610830445379e-02	-5.215712165852880167e-02	5.946565138745765061e-02	-7.254249670810110351e-02	6.282435070551188605e-02	-3.372188362810157186e-02	2.695647801392142898e-02	-5.361408389048294421e-02	4.476556706115131928e-02	-6.762763401761162640e-02	2.780542912613048756e-02	-1.956856476900883240e-02
2.165131693119547174e-01	-6.481284061440906186e-01	2.979257359697885521e-01	-1.225696709845854049e-01	1.102212940184246620e-01	-2.413534108530547562e-01	1.000000000000000000e+00	-4.443152378460356600e-01	1.220149152152230215e-01	-8.989158566113251980e-02	1.564346764007137625e-01	-4.724465215726888490e-01	2.455384983697805612e-01	-1.105765977768659314e-01	1.035399136708216039e-01	-1.268722492730721130e-01	1.873230076128679922e-01	-1.570946633217450428e-01	1.375006178147769875e-01	-1.439640083367307866e-01	1.185213653607808254e-01	-1.107881441127861882e-01	1.154258974441657037e-01	-1.147035317071259247e-01	1.130752668106247694e-01	-1.129891298659504023e-01	8.636005708534207070e-02	-9.319288466102584878e-02	9.955189271657773065e-02	-8.744059931138750685e-02	9.702835165327143574e-02	-7.348954009955831201e-02	8.863404881420072767e-02	-6.254637383086837643e-02	5.092793397043978570e-02	-5.649992195224361191e-02	6.908934348872913800e-02	-6.000881578864866034e-02	3.255243756659410848e-02	-2.604850977801526773e-02	5.098399315742932481e-02	-4.261025148985796152e-02	6.441098163506496499e-02	-2.681052621447566411e-02	1.888981133677078428e-02
-1.677173904967859674e-01	3.014940233529160851e-01	-6.223797876114101069e-01	1.729811960652956615e-01	-1.348699028756758789e-01	1.539644337688693132e-01	-4.443152378460356600e-01	1.000000000000000222e+00	-1.832343581559041368e-01	1.121798972229078456e-01	-1.382928593038136034e-01	2.762415837426447363e-01	-4.744091840932451176e-01	1.386744304957454321e-01	-1.288729803376170435e-01	1.164425241416044143e-01	-1.864537643892228147e-01	1.959792903111717000e-01	-1.665015640510981165e-01	1.596796205930657853e-01	-1.221843869805207816e-01	1.161557311685359473e-01	-1.299398421586826502e-01	1.287917103265976693e-01	-1.234672446397676315e-01	1.187812817382450786e-01	-9.219625173193196632e-02	1.011135774324394970e-01	-1.087970738208092342e-01	9.497279473938642635e-02	-1.026911371141121243e-01	7.826312067380403192e-02	-9.487453579976171114e-02	6.770959128090335566e-02	-5.514910310673807464e-02	6.010624676443687003e-02	-7.358137179876389489e-02	6.408946723767679210e-02	-3.496730350677203919e-02	2.801172173594741743e-02	-5.417732156137933242e-02	4.533891023368007145e-02	-6.849239538907661573e-02	2.878819383604976773e-02	-2.029242522386940500e-02
9.087796059240095536e-02	-1.634786923072225617e-01	2.115711479174502141e-01	-8.558068605047163269e-01	2.288779440929916142e-01	-8.707821820746826369e-02	1.220149152152230215e-01	-1.832343581559041368e-01	1.000000000000000666e+00	-3.031946369781371442e-01	8.040318565574224030e-02	-1.546910930855925903e-01	1.413953402301294238e-01	-1.473016903597471339e-01	1.400572586352707427e-01	-7.022491327645265236e-02	1.069838415042041746e-01	-1.058698530887912381e-01	1.048135760802637595e-01	-1.214587736619649749e-01	7.858056588647308049e-02	-7.425707069555237405e-02	8.144281362785668610e-02	-8.608318536552082845e-02	8.815091669747232572e-02	-8.219131800591726600e-02	6.283086547677438349e-02	-6.855363318103442627e-02	7.469461869856650060e-02	-6.782254039550840441e-02	7.178401025517665290e-02	-5.428107179717688718e-02	6.611407306676166107e-02	-4.827733919144548691e-02	3.917886649426080559e-02	-4.251811913953960215e-02	5.171832606496033768e-02	-4.496118480563563585e-02	2.498417107047480948e-02	-2.006832229741655274e-02	3.844730639917270931e-02	-3.210328873659340498e-02	4.860773418861039086e-02	-2.062347994022799974e-02	1.452422065202647015e-02
-8.034298789413681086e-02	1.085840595663718766e-01	-1.301325786602861856e-01	2.142107950758041501e-01	-8.102406206189828319e-01	7.438440000618717907e-02	-8.989158566113251980e-02	1.121798972229078456e-01	-3.031946369781371442e-01	1.000000000000000888e+00	-7.912762461950879900e-02	1.318342633287994115e-01	-1.373779694889057379e-01	2.273240097960153305e-01	-3.526918433363723238e-01	6.942384956083628988e-02	-1.101246689929447631e-01	1.102548239429942817e-01	-1.262304738220758893e-01	1.417835465249692450e-01	-8.467854410625938466e-02	7.935668909809544258e-02	-9.001073470204727645e-02	9.733409854878383172e-02	-1.027388852250588069e-01	8.905411349439798507e-02	-6.959290425335663832e-02	7.589863524290513253e-02	-8.474163263867925955e-02	7.649461525751824476e-02	-8.023679947889846009e-02	6.023818525684177666e-02	-7.433009584570959838e-02	5.428293535097507283e-02	-4.428962146150022816e-02	4.751501877738675134e-02	-5.805942465714686307e-02	5.032349946546092745e-02	-2.812107287347391515e-02	2.255246377919197659e-02	-4.324110917243369212e-02	3.603175829799649954e-02	-5.477143965237390999e-02	2.316349163372505293e-02	-1.633865815802029720e-02
2.273772674759004797e-01	-1.705704505136127203e-01	1.399874643026360888e-01	-7.928092996566399320e-02	9.722979074733988092e-02	-3.363624412812988296e-01	1.564346764007137625e-01	-1.382928593038136034e-01	8.040318565574224030e-02	-7.912762461950879900e-02	1.000000000000000888e+00	-2.994475545424047924e-01	1.733736673951124241e-01	-1.051313697985490347e-01	9.760912152343509396e-02	-7.497411516937217968e-01	2.835597216916339591e-01	-1.748323599194704370e-01	1.528536800550042152e-01	-1.861256410653534810e-01	2.039117151711987430e-01	-1.871412118932756774e-01	1.510093716985180801e-01	-1.498914612548625236e-01	1.408354797756076193e-01	-1.832148786449111499e-01	1.211157475462515398e-01	-1.283514783144028004e-01	1.289165680497830757e-01	-1.166442229273929876e-01	1.314485176980181858e-01	-1.025046235493934088e-01	1.167793125591915643e-01	-8.376432534270922270e-02	6.717288194147967573e-02	-7.638577361205485527e-02	9.180518206130348913e-02	-8.054002529043409464e-02	4.320512207283198902e-02	-3.479402094300173415e-02	6.734792252594434814e-02	-5.670160869022951300e-02	8.448174917815862162e-02	-3.583327775177746338e-02	2.512644220956549920e-02
-2.598134351762854677e-01	2.902229424685776049e-01	-3.068865838806449364e-01	1.434873403548253545e-01	-1.713115017729123779e-01	2.204234489323255997e-01	-4.724465215726888490e-01	2.762415837426447363e-01	-1.546910930855925903e-01	1.318342633287994115e-01	-2.994475545424047924e-01	1.000000000000000222e+00	-4.297052752374057594e-01	1.710177724653568487e-01	-1.696487745558907800e-01	2.211888103448442777e-01	-4.081697237299544145e-01	2.507725831327407562e-01	-2.344637383495227767e-01	2.247273556686726903e-01	-2.141056077369953292e-01	1.949477213277231724e-01	-2.002376661474428166e-01	1.901242170098507711e-01	-1.905212037117604285e-01	1.883054968597842327e-01	-1.482904091325141227e-01	1.571463466000749820e-01	-1.690542245216523076e-01	1.437842973165948113e-01	-1.667915678589434736e-01	1.248968080652991253e-01	-1.516525634926363386e-01	1.032016288381790298e-01	-8.474225243325045343e-02	9.555545606431667394e-02	-1.179212567069614082e-01	1.018212712512631124e-01	-5.432392786834481374e-02	4.322728786902529236e-02	-8.679471111588576981e-02	7.236259015383350590e-02	-1.097972374052171018e-01	4.456560486022947964e-02	-3.145604464742217388e-02
1.696366894428270045e-01	-2.622865059054522163e-01	2.662880962942798524e-01	-1.455118907602115375e-01	1.570230429380019554e-01	-1.664364387462436423e-01	2.455384983697805612e-01	-4.744091840932451176e-01	1.413953402301294238e-01	-1.373779694889057379e-01	1.733736673951124241e-01	-4.297052752374057594e-01	9.999999999999993339e-01	-2.598004781584871692e-01	1.894338335645400773e-01	-1.601188761004706251e-01	2.557700886968727882e-01	-4.904911199391957521e-01	2.648544441498772439e-01	-2.585959095635461114e-01	1.729038779514117663e-01	-1.766403577187545260e-01	2.019135922216150625e-01	-2.105365300153382857e-01	1.825663475448279227e-01	-1.773525352627393359e-01	1.355051002394198345e-01	-1.550265397582067661e-01	1.625617245116637299e-01	-1.448286359868008188e-01	1.473378835414996813e-01	-1.151041099088526837e-01	1.377188773907964126e-01	-1.025771833968047442e-01	8.274607052182066103e-02	-8.755528666465237086e-02	1.063751423941009522e-01	-9.372699083492899708e-02	5.179922171059536673e-02	-4.175937836891456534e-02	7.799795531853795372e-02	-6.563983690556143835e-02	9.844959427951185948e-02	-4.278550840588134230e-02	3.011255924693817532e-02
-9.877756112784888409e-02	1.231986234962359344e-01	-1.398043656241588495e-01	1.269887672440150883e-01	-2.668338840297584391e-01	9.143839175347712178e-02	-1.105765977768659314e-01	1.386744304957454321e-01	-1.473016903597471339e-01	2.273240097960153305e-01	-1.051313697985490347e-01	1.710177724653568487e-01	-2.598004781584871692e-01	1.000000000000000888e+00	-8.103682852903600908e-01	9.420097200560542672e-02	-1.569417711456677633e-01	1.892721727498666018e-01	-2.851302557473585075e-01	2.000474542588031590e-01	-1.171644189448183548e-01	1.129018807867190194e-01	-1.370569411104563817e-01	1.545906459860405813e-01	-1.454745549291829310e-01	1.192402560473861395e-01	-9.531872741595899534e-02	1.068578944857526830e-01	-1.221089521348198009e-01	1.055897071590472663e-01	-1.058793553715044466e-01	8.103880110517040769e-02	-9.990672314639405249e-02	7.430414127422943493e-02	-6.090219768046061660e-02	6.262022981481370210e-02	-7.691436595811283750e-02	6.717813090649218943e-02	-3.767963518943755891e-02	3.024900694891272807e-02	-5.658152787531768591e-02	4.738721690778993634e-02	-7.171096146860651832e-02	3.094490787022037559e-02	-2.187072325227357172e-02
9.300858586739307876e-02	-1.203918368995987864e-01	1.261825286933128953e-01	-1.323379402445195308e-01	2.432760030478252344e-01	-8.812606149771771979e-02	1.035399136708216039e-01	-1.288729803376170435e-01	1.400572586352707427e-01	-3.526918433363723238e-01	9.760912152343509396e-02	-1.696487745558907800e-01	1.894338335645400773e-01	-8.103682852903600908e-01	9.999999999999980016e-01	-8.847587709264473355e-02	1.412590777168329925e-01	-1.687696849552040856e-01	2.002040737608286602e-01	-2.224442829527038257e-01	1.089328947853328011e-01	-1.064057415510744481e-01	1.235992889297423958e-01	-1.455146655283313939e-01	1.390706732930117595e-01	-1.164547828115133632e-01	9.043811908498042285e-02	-1.017548269736821415e-01	1.138422434179064135e-01	-1.038972031419113790e-01	1.011488828169167103e-01	-7.776180545290069246e-02	9.494815938650394416e-02	-7.290677379404418568e-02	5.914687088235037749e-02	-6.048630949167677767e-02	7.360077656663112367e-02	-6.449585372844421349e-02	3.671016619775616108e-02	-2.962417927862927985e-02	5.439242549950647210e-02	-4.560516494813628835e-02	6.882162019156295996e-02	-3.028631022843245035e-02	2.135674871849801287e-02
-1.985253122697120398e-01	1.351941202614777293e-01	-1.211834436092333045e-01	6.818732754532634555e-02	-8.640420923146190091e-02	1.979396593057666520e-01	-1.268722492730721130e-01	1.164425241416044143e-01	-7.022491327645265236e-02	6.942384956083628988e-02	-7.497411516937217968e-01	2.211888103448442777e-01	-1.601188761004706251e-01	9.420097200560542672e-02	-8.847587709264473355e-02	9.999999999999988898e-01	-4.624312861262054875e-01	1.694633046027743117e-01	-1.482991278626260012e-01	1.605837588025426643e-01	-2.766281212647526133e-01	1.999664389033334044e-01	-1.526539435953160606e-01	1.410015932708890973e-01	-1.282188104166032405e-01	1.692909188412454191e-01	-1.166499346298431605e-01	1.207089396684769556e-01	-1.207702698786972118e-01	1.047892842693664978e-01	-1.237897458178563587e-01	9.582855480046573171e-02	-1.089852386384408955e-01	7.540119503474608520e-02	-6.085537494824510424e-02	6.993162867165636509e-02	-8.507122981666494221e-02	7.433209102982937799e-02	-3.902517428388391219e-02	3.128330684278660123e-02	-6.182102616768794801e-02	5.202802929631980544e-02	-7.760007859817608100e-02	3.224448154210758644e-02	-2.264275136269834621e-02
1.890815622980041022e-01	-2.071488528304940013e-01	1.802246764488287800e-01	-1.057630309683825903e-01	1.337510350630370937e-01	-2.032192968623534046e-01	1.873230076128679922e-01	-1.864537643892228147e-01	1.069838415042041746e-01	-1.101246689929447631e-01	2.835597216916339591e-01	-4.081697237299544145e-01	2.557700886968727882e-01	-1.569417711456677633e-01	1.412590777168329925e-01	-4.624312861262054875e-01	1.000000000000001110e+00	-3.827134237099336089e-01	2.479579476026212148e-01	-2.757064014507066840e-01	2.719919756688205514e-01	-3.724494862995834654e-01	2.455811800741893869e-01	-2.403172617043403403e-01	2.040477471642776763e-01	-2.492332218044513437e-01	1.768897374350246465e-01	-1.932579244465904844e-01	1.905778164806769537e-01	-1.703191579123549682e-01	1.842581282266770593e-01	-1.474937811969959101e-01	1.670269119349851727e-01	-1.216745786473237417e-01	9.736620007356457107e-02	-1.078605806062790662e-01	1.299934328549081919e-01	-1.149349172181181600e-01	6.170156577172928453e-02	-4.978434756994679772e-02	9.457769678760503951e-02	-7.996204287827246571e-02	1.186977446960507110e-01	-5.114519527261096599e-02	3.587638044388996583e-02
-1.410987073522455559e-01	1.649338040694086349e-01	-1.837285998572182333e-01	1.018515525546244693e-01	-1.340931335233042920e-01	1.328995617066984214e-01	-1.570946633217450428e-01	1.959792903111717000e-01	-1.058698530887912381e-01	1.102548239429942817e-01	-1.748323599194704370e-01	2.507725831327407562e-01	-4.904911199391957521e-01	1.892721727498666018e-01	-1.687696849552040856e-01	1.694633046027743117e-01	-3.827134237099336089e-01	9.999999999999988898e-01	-5.741023450789406457e-01	2.550022974199234183e-01	-2.001175442608401911e-01	2.109552294652736748e-01	-3.381346316057040613e-01	2.655852714716053220e-01	-2.008753438736855246e-01	1.842870407740906102e-01	-1.522539488650779260e-01	1.792199896516025459e-01	-1.911314404376172615e-01	1.533848514599135959e-01	-1.556745015491436956e-01	1.237196094449427297e-01	-1.507421641198339046e-01	1.083629760011226989e-01	-8.849942456942685998e-02	9.126838157670107143e-02	-1.129940760510629860e-01	9.996324266916428725e-02	-5.411018342109993884e-02	4.341643705680484078e-02	-8.121907295195021637e-02	6.863202327527966051e-02	-1.028427680580139558e-01	4.438555333320594321e-02	-3.134426818207072807e-02
1.317788355752012031e-01	-1.541700402872686615e-01	1.555171485993170066e-01	-1.021655628550323797e-01	1.469460701904243549e-01	-1.255796371455024374e-01	1.375006178147769875e-01	-1.665015640510981165e-01	1.048135760802637595e-01	-1.262304738220758893e-01	1.528536800550042152e-01	-2.344637383495227767e-01	2.648544441498772439e-01	-2.851302557473585075e-01	2.002040737608286602e-01	-1.482991278626260012e-01	2.479579476026212148e-01	-5.741023450789406457e-01	1.000000000000001554e+00	-4.169909268374880629e-01	1.894742524611777446e-01	-2.027924628210014402e-01	2.673772074131042786e-01	-4.515620053281297341e-01	2.428549365394475357e-01	-1.962437212600376124e-01	1.577751398604203825e-01	-1.922429285705122559e-01	2.189554140811207916e-01	-1.863759063767389257e-01	1.649433673674820244e-01	-1.321522220333314623e-01	1.600786729014685716e-01	-1.287455653444440351e-01	1.039098469119392326e-01	-9.892594879117444506e-02	1.210970993949130881e-01	-1.080042434747959940e-01	6.176221179241323661e-02	-5.003059752707383206e-02	8.770911435334709239e-02	-7.425481440519404730e-02	1.110383807379630439e-01	-5.080244973611154624e-02	3.589056974231406849e-02
-1.627185075015951110e-01	1.582066039390657153e-01	-1.754555422367256590e-01	1.129935063525270983e-01	-1.891904783408738522e-01	1.415703669343173488e-01	-1.439640083367307866e-01	1.596796205930657853e-01	-1.214587736619649749e-01	1.417835465249692450e-01	-1.861256410653534810e-01	2.247273556686726903e-01	-2.585959095635461114e-01	2.000474542588031590e-01	-2.224442829527038257e-01	1.605837588025426643e-01	-2.757064014507066840e-01	2.550022974199234183e-01	-4.169909268374880629e-01	9.999999999999992228e-01	-2.257970412562943785e-01	2.041251312418715935e-01	-2.520933070242940000e-01	2.744744755304339701e-01	-5.855049642393581610e-01	2.260396641984074584e-01	-1.962808885952461446e-01	2.135724940263822869e-01	-2.733977055472688877e-01	2.500096454545441826e-01	-2.276518409977574264e-01	1.681589800034714310e-01	-2.187656186175090389e-01	1.653625006343750758e-01	-1.456247045570922549e-01	1.336007951972602859e-01	-1.679630743154557349e-01	1.442337386174173397e-01	-8.485986228760325489e-02	6.742161960903675366e-02	-1.244088539140230654e-01	1.031836015978763732e-01	-1.591145707937053899e-01	6.838250222889299956e-02	-4.909706334986933124e-02
1.366767711777997774e-01	-1.340014031007232265e-01	1.245783997479637251e-01	-7.688626630434783338e-02	1.047911712149276059e-01	-1.382843513432442661e-01	1.185213653607808254e-01	-1.221843869805207816e-01	7.858056588647308049e-02	-8.467854410625938466e-02	2.039117151711987430e-01	-2.141056077369953292e-01	1.729038779514117663e-01	-1.171644189448183548e-01	1.089328947853328011e-01	-2.766281212647526133e-01	2.719919756688205514e-01	-2.001175442608401911e-01	1.894742524611777446e-01	-2.257970412562943785e-01	1.000000000000000888e+00	-6.575317059656139440e-01	2.648692357635246686e-01	-2.379551377605879925e-01	1.876288226928280456e-01	-4.587922909679404970e-01	2.225408146159562339e-01	-2.200383911325464181e-01	1.936094677946028630e-01	-1.656342348464794612e-01	2.166454523659382680e-01	-1.761718527295225434e-01	1.789265787346269454e-01	-1.200517374370758811e-01	9.569147283187985631e-02	-1.168881478360361409e-01	1.406914514472875632e-01	-1.243572798508548322e-01	6.163612310895121710e-02	-4.948934384963081523e-02	9.996371708736707939e-02	-8.507610500587751978e-02	1.241001074812437266e-01	-5.113832342329197728e-02	3.573909954850379433e-02
-1.252101179330515346e-01	1.221965654883165331e-01	-1.191076204488814988e-01	7.185218563857748153e-02	-9.922214824147175538e-02	1.205621086871070113e-01	-1.107881441127861882e-01	1.161557311685359473e-01	-7.425707069555237405e-02	7.935668909809544258e-02	-1.871412118932756774e-01	1.949477213277231724e-01	-1.766403577187545260e-01	1.129018807867190194e-01	-1.064057415510744481e-01	1.999664389033334044e-01	-3.724494862995834654e-01	2.109552294652736748e-01	-2.027924628210014402e-01	2.041251312418715935e-01	-6.575317059656139440e-01	9.999999999999996669e-01	-4.582928424799558864e-01	2.415551850844914195e-01	-1.846194173076698974e-01	2.689169653878143995e-01	-2.453741409064191803e-01	2.211095765034272742e-01	-2.011688767681126810e-01	1.549294060787174132e-01	-2.014803077836861689e-01	1.649233016055768331e-01	-1.777633632377015327e-01	1.122377335226036749e-01	-9.103427551483511682e-02	1.074533506270310412e-01	-1.345908628525747108e-01	1.178778667041632811e-01	-5.756812110010237071e-02	4.587102002134833129e-02	-9.348593264331486741e-02	7.948055469034256970e-02	-1.170988080099525652e-01	4.732248476346981314e-02	-3.323192109321767423e-02
1.203562286035764622e-01	-1.292803799474440962e-01	1.277227085506259519e-01	-7.938847085479515397e-02	1.104109461194334452e-01	-1.151141436499924509e-01	1.154258974441657037e-01	-1.299398421586826502e-01	8.144281362785668610e-02	-9.001073470204727645e-02	1.510093716985180801e-01	-2.002376661474428166e-01	2.019135922216150625e-01	-1.370569411104563817e-01	1.235992889297423958e-01	-1.526539435953160606e-01	2.455811800741893869e-01	-3.381346316057040613e-01	2.673772074131042786e-01	-2.520933070242940000e-01	2.648692357635246686e-01	-4.582928424799558864e-01	1.000000000000000666e+00	-5.532474066810734170e-01	2.229494602733660402e-01	-2.561255363209674618e-01	2.242599121726477907e-01	-3.915383813860144335e-01	2.651038024734124199e-01	-2.004558241299238264e-01	1.950831848715774697e-01	-1.739464261963914460e-01	2.030511922978214534e-01	-1.420624443046896446e-01	1.129948774445070359e-01	-1.167094487917326867e-01	1.444918212470653052e-01	-1.349216206822266839e-01	6.781761695956198266e-02	-5.472356995872405816e-02	1.000682509913942697e-01	-8.649917734173329098e-02	1.263786925734911581e-01	-5.583681528527073556e-02	3.923532460709763109e-02
-1.214186011656244596e-01	1.269125092471737881e-01	-1.317411748053203269e-01	8.242556233116581088e-02	-1.216304852692658700e-01	1.123810358983341612e-01	-1.147035317071259247e-01	1.287917103265976693e-01	-8.608318536552082845e-02	9.733409854878383172e-02	-1.498914612548625236e-01	1.901242170098507711e-01	-2.105365300153382857e-01	1.545906459860405813e-01	-1.455146655283313939e-01	1.410015932708890973e-01	-2.403172617043403403e-01	2.655852714716053220e-01	-4.515620053281297341e-01	2.744744755304339701e-01	-2.379551377605879925e-01	2.415551850844914195e-01	-5.532474066810734170e-01	1.000000000000000444e+00	-3.266635391840471692e-01	2.183289956884652550e-01	-2.026881350919484681e-01	2.598353821811906772e-01	-4.307826601708808489e-01	2.324084201777394942e-01	-1.929810600054182590e-01	1.583866722974188457e-01	-2.010624507154459006e-01	1.600485246630651559e-01	-1.335709885905275729e-01	1.140050069226398732e-01	-1.439284547682182225e-01	1.293684705278997094e-01	-7.389948920267562504e-02	5.935433369084593125e-02	-1.009376195585650615e-01	8.609104081459391378e-02	-1.286548383163930720e-01	5.972877168883929111e-02	-4.263544055947232625e-02
1.236036609526679209e-01	-1.286710046985236056e-01	1.292137632690955051e-01	-8.524840257045999958e-02	1.281308983516452615e-01	-1.137044326148846929e-01	1.130752668106247694e-01	-1.234672446397676315e-01	8.815091669747232572e-02	-1.027388852250588069e-01	1.408354797756076193e-01	-1.905212037117604285e-01	1.825663475448279227e-01	-1.454745549291829310e-01	1.390706732930117595e-01	-1.282188104166032405e-01	2.040477471642776763e-01	-2.008753438736855246e-01	2.428549365394475357e-01	-5.855049642393581610e-01	1.876288226928280456e-01	-1.846194173076698974e-01	2.229494602733660402e-01	-3.266635391840471692e-01	1.000000000000003553e+00	-2.222683100371960763e-01	1.789148783916364727e-01	-2.158416762579190018e-01	2.809151596832455411e-01	-4.939280629971195546e-01	1.952172141892780932e-01	-1.555850496265536176e-01	1.956312220023718185e-01	-2.438194988698322019e-01	2.000068588652142709e-01	-1.225219985529140410e-01	1.483316410894544302e-01	-1.339359443089752910e-01	1.004567601968187479e-01	-8.517540898451454734e-02	1.086746561652131710e-01	-9.244176911970020116e-02	1.384667815329701512e-01	-8.328170527320236105e-02	5.933086977646231247e-02
-1.370034696910026328e-01	1.258428712548546602e-01	-1.271393132879668209e-01	7.860829211819400641e-02	-1.147901144841227822e-01	1.239438213310422449e-01	-1.129891298659504023e-01	1.187812817382450786e-01	-8.219131800591726600e-02	8.905411349439798507e-02	-1.832148786449111499e-01	1.883054968597842327e-01	-1.773525352627393359e-01	1.192402560473861395e-01	-1.164547828115133632e-01	1.692909188412454191e-01	-2.492332218044513437e-01	1.842870407740906102e-01	-1.962437212600376124e-01	2.260396641984074584e-01	-4.587922909679404970e-01	2.689169653878143995e-01	-2.561255363209674618e-01	2.183289956884652550e-01	-2.222683100371960763e-01	1.000000000000002220e+00	-4.558511385445852548e-01	2.700464742263075646e-01	-2.455918149446579823e-01	1.881944596516434420e-01	-4.792639047763999627e-01	2.864388141919182451e-01	-2.732136572408258024e-01	1.416015232388158906e-01	-1.160960267660413464e-01	1.794849354015786158e-01	-2.252200740484721075e-01	1.841581453872797869e-01	-7.999361615904304612e-02	6.229759568923737972e-02	-1.578023157601882442e-01	1.303807359195656157e-01	-1.927279946627951102e-01	6.564492993433440615e-02	-4.591786256351100548e-02
9.752885682850385984e-02	-9.770637749250278559e-02	9.607545234817446711e-02	-6.088533328089053287e-02	8.760434963571270273e-02	-9.120028871527662007e-02	8.636005708534207070e-02	-9.219625173193196632e-02	6.283086547677438349e-02	-6.959290425335663832e-02	1.211157475462515398e-01	-1.482904091325141227e-01	1.355051002394198345e-01	-9.531872741595899534e-02	9.043811908498042285e-02	-1.166499346298431605e-01	1.768897374350246465e-01	-1.522539488650779260e-01	1.577751398604203825e-01	-1.962808885952461446e-01	2.225408146159562339e-01	-2.453741409064191803e-01	2.242599121726477907e-01	-2.026881350919484681e-01	1.789148783916364727e-01	-4.558511385445852548e-01	1.000000000000002442e+00	-5.034856752199664554e-01	2.296806718095121547e-01	-1.822071822726704371e-01	3.027912250597340482e-01	-5.515702439869596407e-01	2.577461511757430657e-01	-1.364080181075516540e-01	1.066371386142425243e-01	-1.638036380587257201e-01	2.100114071414447281e-01	-1.876679749722129642e-01	7.123275344560409117e-02	-5.667344418884995988e-02	1.286863217735791098e-01	-1.153440703495381137e-01	1.569141165297647800e-01	-5.929541570057134808e-02	4.095043976106328698e-02
-1.037709276075106657e-01	1.044467429624925253e-01	-1.052853660811159109e-01	6.607388811933877226e-02	-9.578706293440210351e-02	9.596973313926827898e-02	-9.319288466102584878e-02	1.011135774324394970e-01	-6.855363318103442627e-02	7.589863524290513253e-02	-1.283514783144028004e-01	1.571463466000749820e-01	-1.550265397582067661e-01	1.068578944857526830e-01	-1.017548269736821415e-01	1.207089396684769556e-01	-1.932579244465904844e-01	1.792199896516025459e-01	-1.922429285705122559e-01	2.135724940263822869e-01	-2.200383911325464181e-01	2.211095765034272742e-01	-3.915383813860144335e-01	2.598353821811906772e-01	-2.158416762579190018e-01	2.700464742263075646e-01	-5.034856752199664554e-01	1.000000000000000888e+00	-4.523385525232033189e-01	2.214098569714564313e-01	-2.596349369047777911e-01	2.571428438433487895e-01	-4.187121039751150464e-01	1.662543157741578903e-01	-1.348390891594550833e-01	1.546280196623160130e-01	-2.135322928634509621e-01	2.045494439471743087e-01	-8.212928025286202194e-02	6.457525091927227012e-02	-1.323813372905733032e-01	1.170916053901583931e-01	-1.716603460445929041e-01	6.662754357280040174e-02	-4.672767040487193352e-02
1.087591134294135092e-01	-1.126645784978814041e-01	1.124363432726392248e-01	-7.234567680247210031e-02	1.057112961937190093e-01	-1.011063279603822973e-01	9.955189271657773065e-02	-1.087970738208092342e-01	7.469461869856650060e-02	-8.474163263867925955e-02	1.289165680497830757e-01	-1.690542245216523076e-01	1.625617245116637299e-01	-1.221089521348198009e-01	1.138422434179064135e-01	-1.207702698786972118e-01	1.905778164806769537e-01	-1.911314404376172615e-01	2.189554140811207916e-01	-2.733977055472688877e-01	1.936094677946028630e-01	-2.011688767681126810e-01	2.651038024734124199e-01	-4.307826601708808489e-01	2.809151596832455411e-01	-2.455918149446579823e-01	2.296806718095121547e-01	-4.523385525232033189e-01	1.000000000000003775e+00	-5.004717558066372751e-01	2.058231164639912625e-01	-1.892656620433117443e-01	2.326100047122751646e-01	-3.219724559746711123e-01	2.288833415878097077e-01	-1.319550397811573572e-01	1.623611417264350376e-01	-1.565719554933353019e-01	1.078030506337798872e-01	-8.961981077083894243e-02	1.126461246803967670e-01	-9.851479192920918615e-02	1.437384200209180229e-01	-8.730965399631047952e-02	6.231293014020831966e-02
-9.905745327987691695e-02	9.791304709313243537e-02	-1.013930134947394063e-01	6.471932499195619248e-02	-9.859669471277943131e-02	8.920376955039709121e-02	-8.744059931138750685e-02	9.497279473938642635e-02	-6.782254039550840441e-02	7.649461525751824476e-02	-1.166442229273929876e-01	1.437842973165948113e-01	-1.448286359868008188e-01	1.055897071590472663e-01	-1.038972031419113790e-01	1.047892842693664978e-01	-1.703191579123549682e-01	1.533848514599135959e-01	-1.863759063767389257e-01	2.500096454545441826e-01	-1.656342348464794612e-01	1.549294060787174132e-01	-2.004558241299238264e-01	2.324084201777394942e-01	-4.939280629971195546e-01	1.881944596516434420e-01	-1.822071822726704371e-01	2.214098569714564313e-01	-5.004717558066372751e-01	1.000000000000000444e+00	-1.882992661569521387e-01	1.508694196643816932e-01	-2.131393903048851013e-01	2.956218445249815807e-01	-4.787478779063589207e-01	1.175600226746089660e-01	-1.510343016550756701e-01	1.355206534526145756e-01	-1.239557943280688856e-01	1.025326983407010284e-01	-1.071795520143027231e-01	9.133593562195917170e-02	-1.396071934622924171e-01	9.294122328582724024e-02	-7.364526144084707071e-02
1.104907301369488504e-01	-1.108776542040728202e-01	1.080608806687104878e-01	-6.976487637845797674e-02	1.012542308675314362e-01	-1.030637133132244476e-01	9.702835165327143574e-02	-1.026911371141121243e-01	7.178401025517665290e-02	-8.023679947889846009e-02	1.314485176980181858e-01	-1.667915678589434736e-01	1.473378835414996813e-01	-1.058793553715044466e-01	1.011488828169167103e-01	-1.237897458178563587e-01	1.842581282266770593e-01	-1.556745015491436956e-01	1.649433673674820244e-01	-2.276518409977574264e-01	2.166454523659382680e-01	-2.014803077836861689e-01	1.950831848715774697e-01	-1.929810600054182590e-01	1.952172141892780932e-01	-4.792639047763999627e-01	3.027912250597340482e-01	-2.596349369047777911e-01	2.058231164639912625e-01	-1.882992661569521387e-01	1.000000000000000666e+00	-5.882469853636959067e-01	2.550329473668235813e-01	-1.434825536377285216e-01	1.118975490465655420e-01	-2.777678496828905330e-01	2.496438302006768195e-01	-2.121899478332049394e-01	8.139783740032299764e-02	-6.498405518572349104e-02	1.784565526750057085e-01	-1.533518652765178125e-01	1.953020268898245093e-01	-6.912333980057726313e-02	4.723308060564958277e-02
-8.395783993862471206e-02	8.315971290809720529e-02	-8.245007357270710269e-02	5.246273274339077752e-02	-7.637036842553587834e-02	7.759374114589941140e-02	-7.348954009955831201e-02	7.826312067380403192e-02	-5.428107179717688718e-02	6.023818525684177666e-02	-1.025046235493934088e-01	1.248968080652991253e-01	-1.151041099088526837e-01	8.103880110517040769e-02	-7.776180545290069246e-02	9.582855480046573171e-02	-1.474937811969959101e-01	1.237196094449427297e-01	-1.321522220333314623e-01	1.681589800034714310e-01	-1.761718527295225434e-01	1.649233016055768331e-01	-1.739464261963914460e-01	1.583866722974188457e-01	-1.555850496265536176e-01	2.864388141919182451e-01	-5.515702439869596407e-01	2.571428438433487895e-01	-1.892656620433117443e-01	1.508694196643816932e-01	-5.882469853636959067e-01	1.000000000000000888e+00	-3.250787897969793505e-01	1.185740109306844814e-01	-9.397366438896288809e-02	2.008460031380614186e-01	-3.478566349900777399e-01	2.215348761032624458e-01	-6.957684648168592501e-02	5.398690607757329618e-02	-1.564463918664169007e-01	1.393971484638696356e-01	-1.848922988999719130e-01	5.788161324156790299e-02	-3.960579996659895768e-02
9.943795712347208715e-02	-1.011105952219713694e-01	9.930771845783391283e-02	-6.422905941891579595e-02	9.350633643866303191e-02	-9.248455195404435558e-02	8.863404881420072767e-02	-9.487453579976171114e-02	6.611407306676166107e-02	-7.433009584570959838e-02	1.167793125591915643e-01	-1.516525634926363386e-01	1.377188773907964126e-01	-9.990672314639405249e-02	9.494815938650394416e-02	-1.089852386384408955e-01	1.670269119349851727e-01	-1.507421641198339046e-01	1.600786729014685716e-01	-2.187656186175090389e-01	1.789265787346269454e-01	-1.777633632377015327e-01	2.030511922978214534e-01	-2.010624507154459006e-01	1.956312220023718185e-01	-2.732136572408258024e-01	2.577461511757430657e-01	-4.187121039751150464e-01	2.326100047122751646e-01	-2.131393903048851013e-01	2.550329473668235813e-01	-3.250787897969793505e-01	1.000000000000001332e+00	-1.943448299855574934e-01	1.389936432532130894e-01	-2.298396827664746511e-01	2.925071968233249331e-01	-5.807654171868701365e-01	1.041209269601714865e-01	-8.163565641540715401e-02	1.732397658810287122e-01	-1.744560663491274699e-01	2.321900289437498488e-01	-8.705316000876772708e-02	5.818521741812821002e-02
-7.112643771534543635e-02	7.016392763283672840e-02	-7.227730044660599096e-02	4.613394379060069272e-02	-6.994588033231323443e-02	6.415979610830445379e-02	-6.254637383086837643e-02	6.770959128090335566e-02	-4.827733919144548691e-02	5.428293535097507283e-02	-8.376432534270922270e-02	1.032016288381790298e-01	-1.025771833968047442e-01	7.430414127422943493e-02	-7.290677379404418568e-02	7.540119503474608520e-02	-1.216745786473237417e-01	1.083629760011226989e-01	-1.287455653444440351e-01	1.653625006343750758e-01	-1.200517374370758811e-01	1.122377335226036749e-01	-1.420624443046896446e-01	1.600485246630651559e-01	-2.438194988698322019e-01	1.416015232388158906e-01	-1.364080181075516540e-01	1.662543157741578903e-01	-3.219724559746711123e-01	2.956218445249815807e-01	-1.434825536377285216e-01	1.185740109306844814e-01	-1.943448299855574934e-01	9.999999999999996669e-01	-7.820077678221855066e-01	9.588172995977140012e-02	-1.236392515828832056e-01	1.192885954411902899e-01	-2.207406472641230410e-01	1.502133764617968603e-01	-8.635933542702750598e-02	7.564429096271223230e-02	-1.153213778852769239e-01	1.336246061459332168e-01	-1.062260610838133557e-01
