1.000000000000000000e+00	-4.903654797636702867e-01	2.646192314286801572e-01	-1.869630168273711812e-01	1.887437909612799392e-01	-5.782176249689643388e-01	2.988214106007334170e-01	-2.869587340961968769e-01	1.563547728869586484e-01	-1.911311275935333176e-01	2.312521969066233807e-01	-2.191686590724091221e-01	2.014704989872827257e-01	-1.940341316635046942e-01	1.823606062092424651e-01	-1.709545160007898690e-01	1.656027708504483054e-01	-2.309860329339293028e-01	1.674721507881468396e-01	-1.256658017993488030e-01	1.284801760180556973e-01	-1.409872470004830958e-01	1.399283069094226228e-01	-1.505528436453463792e-01	9.127925684456469901e-02	-1.111388973762519050e-01	1.882066350116643749e-01	-1.312800986627296052e-01	1.103333334896404450e-01	-1.520138848394380626e-01	9.542548189198692132e-02	-9.569744666553872681e-02	1.017998008888475192e-01	-1.092247739064903939e-01	9.413569463181478691e-02	-8.141610407602030419e-02	9.718094646275798887e-02	-7.623770305743585163e-02	7.745424167414576011e-02	-1.002530747007484291e-01	6.810149217542033062e-02	-8.825774924743669259e-02	9.178402562284526667e-02	-7.390620259873383058e-02	9.981273411672854368e-02
-4.903654797636702867e-01	1.000000000000000000e+00	-6.222531059303085810e-01	2.126928567513489410e-01	-2.442735117918641841e-01	2.737625636988105793e-01	-3.977991369225429841e-01	2.540511641154317157e-01	-1.383284295077865655e-01	1.464338168561467590e-01	-2.062464305299287204e-01	1.915677224521262489e-01	-1.757636334138981959e-01	1.433911081384920683e-01	-1.473448853239825440e-01	1.229830341603375121e-01	-1.324038433166460083e-01	1.639936078322346835e-01	-1.193565148191618880e-01	8.269031102358885554e-02	-9.590623349482729765e-02	1.044224509368339160e-01	-1.007568520051872751e-01	1.028147638914986700e-01	-6.076706266973066345e-02	7.632860546757808118e-02	-1.287851812475269697e-01	8.959049492298534756e-02	-7.671887313531360053e-02	9.772607139576081070e-02	-6.638060717487380413e-02	6.433439924925314635e-02	-6.905597304523777846e-02	7.196718827900691617e-02	-6.254589083674448602e-02	5.441946872447436107e-02	-6.558562623065222752e-02	5.083182498811214534e-02	-5.179502302723747870e-02	6.582365196762975101e-02	-4.602805756065293796e-02	5.844074305545728099e-02	-6.171549532927506077e-02	4.918666080045656919e-02	-6.704830791213284291e-02
2.646192314286801572e-01	-6.222531059303085810e-01	9.999999999999997780e-01	-4.046883487178374872e-01	2.669012053677505270e-01	-2.253511608057111870e-01	2.304281569067614388e-01	-4.341031591003306489e-01	1.674160592772207523e-01	-1.862553569662659114e-01	1.634120444797609872e-01	-1.614755596468415433e-01	1.978332671779425844e-01	-1.628670811399909601e-01	1.554938390874380794e-01	-1.149440461931687391e-01	1.190010384397199444e-01	-1.908241857486316362e-01	1.227024202369723510e-01	-8.702155816018085355e-02	8.907043590808927380e-02	-9.913567942766896013e-02	1.069579467342044315e-01	-1.105289163254969537e-01	6.337215481536188910e-02	-7.454010963930605971e-02	1.265705277686743346e-01	-9.547022589689027616e-02	8.049555153446288913e-02	-1.025692655227587319e-01	6.449999374444793931e-02	-6.428468574941502423e-02	6.917607402631953395e-02	-7.334410465170153326e-02	6.356778461673996683e-02	-5.402274723101427312e-02	6.522109423259406236e-02	-5.095028268979168856e-02	5.188636692165495001e-02	-6.672695183530846785e-02	4.546042616221254024e-02	-5.840255023850478289e-02	6.133220280405262542e-02	-4.922622111757249397e-02	6.682413660375188802e-02
-1.869630168273711812e-01	2.126928567513489410e-01	-4.046883487178374872e-01	9.999999999999996669e-01	-8.392366594234546007e-01	1.405061831576885356e-01	-1.407339519227304436e-01	1.873295720439464296e-01	-1.229134685547164790e-01	1.342037047435455654e-01	-1.121488078171729019e-01	1.007737874158985136e-01	-1.242464400588325357e-01	1.106962267569640418e-01	-1.134568889441068956e-01	7.926558295007481159e-02	-8.205274503776109618e-02	1.209504987484605470e-01	-8.754233840196026795e-02	6.160710329817439823e-02	-6.218816574910860512e-02	6.792418632276824020e-02	-7.237592845106320671e-02	7.511430106670702322e-02	-4.500435139676084439e-02	5.292557831454355877e-02	-9.262347749763825966e-02	6.528004880062239501e-02	-5.569731223381751972e-02	7.279317300667922930e-02	-4.605812577869583535e-02	4.599798057432320786e-02	-4.949246244886858215e-02	5.236429112652611628e-02	-4.552345977129444721e-02	3.879986514507791778e-02	-4.696070171969894680e-02	3.663849302257843332e-02	-3.736381434115575856e-02	4.790488921283004436e-02	-3.272009619468071312e-02	4.205326304502501888e-02	-4.433477214648691433e-02	3.551387873868886574e-02	-4.836044018757960916e-02
1.887437909612799392e-01	-2.442735117918641841e-01	2.669012053677505270e-01	-8.392366594234546007e-01	9.999999999999995559e-01	-1.706730796274836537e-01	1.536174332466824222e-01	-2.288356771072231344e-01	1.420364053012662942e-01	-1.839187107885211503e-01	1.276137524846229221e-01	-1.193803785400464890e-01	1.458929288152864545e-01	-1.411652883551198778e-01	1.352642162863750830e-01	-9.908326442410982093e-02	9.890884666622286325e-02	-1.579823003358637734e-01	1.097703967358364396e-01	-8.061331138848047695e-02	7.653815855540448132e-02	-8.450870545869949846e-02	9.201546619432242335e-02	-9.797496851408073193e-02	5.844224738037068906e-02	-6.728026941314216303e-02	1.164559199964989161e-01	-8.492389857083677829e-02	7.146518480700821130e-02	-9.614229094567615375e-02	5.812923451374921863e-02	-5.899283365291915771e-02	6.324659240464300392e-02	-6.795738197797811242e-02	5.879822047324129858e-02	-4.978435037086690468e-02	5.996318874290944984e-02	-4.708946999151279733e-02	4.793400870446781065e-02	-6.210961623036244383e-02	4.173619672181307083e-02	-5.415871155667483644e-02	5.660459834633954634e-02	-4.561343695302944035e-02	6.175769842910280166e-02
-5.782176249689643388e-01	2.737625636988105793e-01	-2.253511608057111870e-01	1.405061831576885356e-01	-1.706730796274836537e-01	9.999999999999996669e-01	-5.815567589219899913e-01	2.166005222700098654e-01	-1.258320600846205284e-01	1.374038284981019820e-01	-3.653399997721341608e-01	2.695586166274072659e-01	-1.747670906914715883e-01	1.494320542748672764e-01	-1.570948957138992574e-01	1.670761046842721143e-01	-1.826335667581036049e-01	1.736269147586352313e-01	-1.366007184824097331e-01	9.343746341583290815e-02	-1.311970147942271570e-01	1.369753582068503062e-01	-1.141688537734674574e-01	1.161670858785881638e-01	-6.930782928804928023e-02	9.671220524932837292e-02	-1.587820859041495225e-01	1.021743412123142236e-01	-8.807447771372425849e-02	1.110762719024034340e-01	-8.469961026707406582e-02	7.858751862867512095e-02	-8.395920370206107208e-02	8.538813699708779070e-02	-7.428849506775560274e-02	6.700907620531884601e-02	-8.041674355151015585e-02	6.162187169112749024e-02	-6.277646726240654340e-02	7.848970058007896655e-02	-5.707770605392803454e-02	7.111822654427731039e-02	-7.557073136279218728e-02	5.964539411329279617e-02	-8.164511590551599973e-02
2.988214106007334170e-01	-3.977991369225429841e-01	2.304281569067614388e-01	-1.407339519227304436e-01	1.536174332466824222e-01	-5.815567589219899913e-01	9.999999999999997780e-01	-2.878766305619809840e-01	1.335717897861564973e-01	-1.494521918373630520e-01	2.917400975207770641e-01	-4.917933845578838503e-01	1.879727511712250554e-01	-1.536090995128931436e-01	1.486666199179091929e-01	-1.664196460495519780e-01	1.783588899847690923e-01	-1.867449417526172717e-01	1.276840527327132990e-01	-8.988976755173289090e-02	1.223315342945025530e-01	-1.412398239567122515e-01	1.142580876445896954e-01	-1.168404211159068257e-01	6.611025044081149382e-02	-9.095520514843180582e-02	1.407539691065975429e-01	-1.016738120117300775e-01	8.591435109545866866e-02	-1.067717311472054370e-01	7.772205674537811804e-02	-7.296727033028978238e-02	7.763066769457592498e-02	-8.019727844020690943e-02	6.924804312051827115e-02	-6.195994721661019639e-02	7.365824612958528361e-02	-5.684722061759125977e-02	5.770818556296856278e-02	-7.306840893420116223e-02	5.225273672802500935e-02	-6.564951771614106757e-02	6.881928969388395601e-02	-5.474167887560548590e-02	7.425410531217617460e-02
-2.869587340961968769e-01	2.540511641154317157e-01	-4.341031591003306489e-01	1.873295720439464296e-01	-2.288356771072231344e-01	2.166005222700098654e-01	-2.878766305619809840e-01	1.000000000000000222e+00	-4.003887897983288702e-01	2.624691145615720700e-01	-2.077320921749862825e-01	1.886016803172571865e-01	-4.892880438502704710e-01	2.326499059211225851e-01	-2.487284342557651018e-01	1.350324782226035303e-01	-1.519207625403494188e-01	2.546648217476733533e-01	-1.667064995783301973e-01	1.064917005766554819e-01	-1.099886154289500401e-01	1.213579918155691939e-01	-1.464625300624503856e-01	1.374714803882446934e-01	-7.851476675899979329e-02	8.935269338543497253e-02	-1.583692151481982668e-01	1.186721775700051440e-01	-1.037286366868614973e-01	1.214964704885028585e-01	-7.864355605350467626e-02	7.763984649098776281e-02	-8.485707507908085701e-02	8.794651886235234362e-02	-7.713305412019766383e-02	6.462030624662436218e-02	-7.934115276134535988e-02	6.147786143382702462e-02	-6.290616787265485010e-02	7.973572194168360161e-02	-5.494784558608870745e-02	6.978316830641367874e-02	-7.455994811443007741e-02	5.940190060989156834e-02	-8.151244394219112066e-02
1.563547728869586484e-01	-1.383284295077865655e-01	1.674160592772207523e-01	-1.229134685547164790e-01	1.420364053012662942e-01	-1.258320600846205284e-01	1.335717897861564973e-01	-4.003887897983288702e-01	9.999999999999996669e-01	-8.225324394025838037e-01	1.152529921808438801e-01	-1.046720800943217178e-01	1.887976659770118915e-01	-2.317278849921370620e-01	2.163648356683489371e-01	-8.260719688438848685e-02	8.894631908593950143e-02	-1.574109890068253192e-01	1.058234935454703818e-01	-7.166614353146370797e-02	6.657709711917254858e-02	-7.374091408921955304e-02	8.768950506813397161e-02	-8.790480302616154873e-02	5.192247694744928088e-02	-5.634028311731403837e-02	1.000731338695188405e-01	-7.559926833265297186e-02	6.495353162008189740e-02	-8.127411166827516742e-02	4.940473245518770679e-02	-4.963747832424977163e-02	5.405719570998734208e-02	-5.701907132075347689e-02	4.995833560232256637e-02	-4.135226837071044603e-02	5.069617011953764935e-02	-3.952139989825567690e-02	4.042682394841195376e-02	-5.177267872176414404e-02	3.503110377747120641e-02	-4.488737408092291492e-02	4.774747081793599690e-02	-3.822685771957506917e-02	5.229733037762415021e-02
-1.911311275935333176e-01	1.464338168561467590e-01	-1.862553569662659114e-01	1.342037047435455654e-01	-1.839187107885211503e-01	1.374038284981019820e-01	-1.494521918373630520e-01	2.624691145615720700e-01	-8.225324394025838037e-01	1.000000000000000666e+00	-1.339009906942268124e-01	1.141468293785486837e-01	-1.956663668242087650e-01	2.179995852237530396e-01	-3.088459786960237041e-01	9.266511056017495696e-02	-1.010176959703790733e-01	1.568778059815476300e-01	-1.210311883044680875e-01	8.018077445257992819e-02	-7.564390367122256209e-02	8.212666767103767029e-02	-9.489197094734590221e-02	9.425470106388375569e-02	-5.846956508446170264e-02	6.390669299780823986e-02	-1.164819040598268213e-01	8.160618125550374302e-02	-7.142301436853025487e-02	9.032174276423263204e-02	-5.643041101921578845e-02	5.631650463764659165e-02	-6.140516265479854102e-02	6.416977280825683638e-02	-5.653324808777116656e-02	4.706705373852726471e-02	-5.792247119170799985e-02	4.496644009428713007e-02	-4.608787661288889226e-02	5.857961464487531494e-02	-4.004492063199032587e-02	5.109266709809855145e-02	-5.473070191188819655e-02	4.362414324379614017e-02	-5.999073808410106817e-02
2.312521969066233807e-01	-2.062464305299287204e-01	1.634120444797609872e-01	-1.121488078171729019e-01	1.276137524846229221e-01	-3.653399997721341608e-01	2.917400975207770641e-01	-2.077320921749862825e-01	1.152529921808438801e-01	-1.339009906942268124e-01	9.999999999999996669e-01	-6.870148638918118777e-01	1.869428589818872555e-01	-1.586848851276373984e-01	1.500920267776541805e-01	-3.468659553233674475e-01	2.467238683046273640e-01	-2.052787242097466602e-01	1.439797914221624953e-01	-1.033671448942574123e-01	1.937057027914673990e-01	-2.134900734761514818e-01	1.359245427057367561e-01	-1.397337127261678857e-01	7.648882198709076874e-02	-1.263870947656904054e-01	1.687945187671386904e-01	-1.221647649666532665e-01	1.022090967234704634e-01	-1.243886075206639130e-01	1.052085748674449067e-01	-9.261564794162589764e-02	9.679621364337843981e-02	-9.786072812856448644e-02	8.372373410780198366e-02	-7.948659426487990343e-02	9.219056777002157532e-02	-7.041240175276719526e-02	7.103103884081024555e-02	-8.897623915366595360e-02	6.681472499681946620e-02	-8.213641852088349182e-02	8.515278580669111141e-02	-6.732550281153640293e-02	9.067864842009991377e-02
-2.191686590724091221e-01	1.915677224521262489e-01	-1.614755596468415433e-01	1.007737874158985136e-01	-1.193803785400464890e-01	2.695586166274072659e-01	-4.917933845578838503e-01	1.886016803172571865e-01	-1.046720800943217178e-01	1.141468293785486837e-01	-6.870148638918118777e-01	1.000000000000000888e+00	-2.071744159223154191e-01	1.371547196640770516e-01	-1.356151340942224337e-01	2.138706739556816006e-01	-3.140090166528534121e-01	1.766923488118304075e-01	-1.224648563558242143e-01	8.373248383039870457e-02	-1.611452245832115659e-01	1.859583038254794818e-01	-1.177392483713535498e-01	1.149106224780440388e-01	-6.236104436391441685e-02	1.001923126908627615e-01	-1.407607356589486991e-01	1.004755420973495045e-01	-8.547164001783560949e-02	9.938124637684905838e-02	-8.584996691804078206e-02	7.460302001604586508e-02	-7.894687007357263642e-02	7.861752703478322446e-02	-6.778668665131880322e-02	6.361383989235240566e-02	-7.485845263999234278e-02	5.684139322847111403e-02	-5.754804530497686921e-02	7.142800172334864972e-02	-5.406102746010413296e-02	6.580011916796182914e-02	-6.917243366994034470e-02	5.438833298368900282e-02	-7.383161337480018127e-02
2.014704989872827257e-01	-1.757636334138981959e-01	1.978332671779425844e-01	-1.242464400588325357e-01	1.458929288152864545e-01	-1.747670906914715883e-01	1.879727511712250554e-01	-4.892880438502704710e-01	1.887976659770118915e-01	-1.956663668242087650e-01	1.869428589818872555e-01	-2.071744159223154191e-01	1.000000000000001998e+00	-3.862437426089443959e-01	2.575898560723739461e-01	-1.379537068119933430e-01	1.572267057245616273e-01	-5.990269442906805963e-01	1.849564739409954028e-01	-1.214120395781411732e-01	1.126745801193409641e-01	-1.342667430844616816e-01	2.007823693824189459e-01	-1.883329486638180839e-01	8.792149226607212653e-02	-9.194862581493130904e-02	1.564807213559155641e-01	-1.578456322199461304e-01	1.291894959484327643e-01	-1.359597704914589089e-01	8.012904342874932473e-02	-8.135467007996349809e-02	8.979561117867176923e-02	-9.471234006354142809e-02	8.216899916160469441e-02	-6.614547329161854505e-02	8.154876678885161767e-02	-6.380113470948764465e-02	6.511000098311742201e-02	-8.380874532456833448e-02	5.588898367525919897e-02	-7.155812256960454587e-02	7.581854641624838353e-02	-6.101312005555072082e-02	8.304844485802412302e-02
-1.940341316635046942e-01	1.433911081384920683e-01	-1.628670811399909601e-01	1.106962267569640418e-01	-1.411652883551198778e-01	1.494320542748672764e-01	-1.536090995128931436e-01	2.326499059211225851e-01	-2.317278849921370620e-01	2.179995852237530396e-01	-1.586848851276373984e-01	1.371547196640770516e-01	-3.862437426089443959e-01	1.000000000000002665e+00	-7.796250942169649090e-01	1.184118580581423191e-01	-1.304734239103055027e-01	2.344197915736964122e-01	-1.981822546689407383e-01	1.251860501733743081e-01	-9.800056922562583317e-02	1.080302676935790268e-01	-1.394949150363692103e-01	1.360728510365321609e-01	-8.928647655738920774e-02	8.503314623946502115e-02	-1.565696922075993647e-01	1.161541800504989758e-01	-1.028908534251510853e-01	1.337133078692932797e-01	-7.525347608912370811e-02	7.675295425725059406e-02	-8.436789806536236502e-02	8.952951963258605483e-02	-7.952459770174218068e-02	6.352179579300523682e-02	-7.888231966410978735e-02	6.161125315715017953e-02	-6.329583911903109705e-02	8.134573639522242605e-02	-5.399262787298678146e-02	6.942403960415093056e-02	-7.446989603296658156e-02	5.970057914437709723e-02	-8.209117954440751930e-02
1.823606062092424651e-01	-1.473448853239825440e-01	1.554938390874380794e-01	-1.134568889441068956e-01	1.352642162863750830e-01	-1.570948957138992574e-01	1.486666199179091929e-01	-2.487284342557651018e-01	2.163648356683489371e-01	-3.088459786960237041e-01	1.500920267776541805e-01	-1.356151340942224337e-01	2.575898560723739461e-01	-7.796250942169649090e-01	1.000000000000001110e+00	-1.265490035087163401e-01	1.300322438223495969e-01	-2.575682715970603609e-01	1.882726120442839435e-01	-1.505601898349455958e-01	1.013406503186994323e-01	-1.134373314637804192e-01	1.427251096379945905e-01	-1.519115156531043176e-01	1.017814585138313715e-01	-9.241248061340640030e-02	1.630032014587555755e-01	-1.293771503857427119e-01	1.098170923549469519e-01	-1.601845390187784379e-01	8.057814184758103904e-02	-8.437410997735010632e-02	9.173118769313419463e-02	-1.011270199118338431e-01	8.897216912727773375e-02	-6.994232188201660039e-02	8.581368324150799587e-02	-6.798899764417937197e-02	6.955670871413828504e-02	-9.176877847416882450e-02	5.874873364186880553e-02	-7.687949725523396394e-02	8.090781885117012684e-02	-6.572766175243120734e-02	8.916347803605649547e-02
-1.709545160007898690e-01	1.229830341603375121e-01	-1.149440461931687391e-01	7.926558295007481159e-02	-9.908326442410982093e-02	1.670761046842721143e-01	-1.664196460495519780e-01	1.350324782226035303e-01	-8.260719688438848685e-02	9.266511056017495696e-02	-3.468659553233674475e-01	2.138706739556816006e-01	-1.379537068119933430e-01	1.184118580581423191e-01	-1.265490035087163401e-01	9.999999999999993339e-01	-4.293223565593143887e-01	1.614091209874412847e-01	-1.433713846726077101e-01	9.567296474456306321e-02	-6.701187266261484643e-01	3.019269394805960682e-01	-1.420600306697466508e-01	1.336593256624480086e-01	-7.413648570400487026e-02	2.144525306996144798e-01	-2.140526138938760869e-01	1.217808562035855857e-01	-1.061479166658731293e-01	1.170935559803133325e-01	-1.969936308108726497e-01	1.275974507827331017e-01	-1.322560313545729227e-01	1.141607562823910987e-01	-9.872722065874244002e-02	1.117313602411193207e-01	-1.278065293647633882e-01	9.090980922006258735e-02	-9.131301622595804079e-02	1.048919002274405488e-01	-9.905040351998786741e-02	1.063832305948306522e-01	-1.139694728639357724e-01	8.541217429548413065e-02	-1.165774868941394926e-01
1.656027708504483054e-01	-1.324038433166460083e-01	1.190010384397199444e-01	-8.205274503776109618e-02	9.890884666622286325e-02	-1.826335667581036049e-01	1.783588899847690923e-01	-1.519207625403494188e-01	8.894631908593950143e-02	-1.010176959703790733e-01	2.467238683046273640e-01	-3.140090166528534121e-01	1.572267057245616273e-01	-1.304734239103055027e-01	1.300322438223495969e-01	-4.293223565593143887e-01	9.999999999999987788e-01	-2.135276464038978195e-01	1.459147872271787383e-01	-1.013189940337105160e-01	2.945149629652426548e-01	-6.923402455839355873e-01	1.833378003387076682e-01	-1.721260284446338718e-01	7.691592440755264104e-02	-1.634562169462359382e-01	1.843818964628962942e-01	-1.492765786097767222e-01	1.215734451024351598e-01	-1.219904200030834940e-01	1.283914792571461128e-01	-1.045130214632451204e-01	1.077271125030304644e-01	-1.045465281026819321e-01	8.823482851554093065e-02	-8.944090942157892354e-02	1.013182511202342234e-01	-7.610438387985440922e-02	7.620124007362445717e-02	-9.341669029181702555e-02	7.492313056532937110e-02	-8.904142676288195890e-02	9.161846798106076939e-02	-7.171990349614890126e-02	9.608620881363921784e-02
-2.309860329339293028e-01	1.639936078322346835e-01	-1.908241857486316362e-01	1.209504987484605470e-01	-1.579823003358637734e-01	1.736269147586352313e-01	-1.867449417526172717e-01	2.546648217476733533e-01	-1.574109890068253192e-01	1.568778059815476300e-01	-2.052787242097466602e-01	1.766923488118304075e-01	-5.990269442906805963e-01	2.344197915736964122e-01	-2.575682715970603609e-01	1.614091209874412847e-01	-2.135276464038978195e-01	1.000000000000001110e+00	-2.903951057908958355e-01	1.524837432496030654e-01	-1.440405002395141465e-01	1.725290421690626186e-01	-4.254831742568484509e-01	2.457182690921801693e-01	-1.136753832303676742e-01	1.134887123766235573e-01	-2.049206829830216847e-01	2.082276909746179905e-01	-1.893031177623340777e-01	1.653653344727357144e-01	-1.008619916844033931e-01	1.020996142998837064e-01	-1.158953567598597356e-01	1.183604170415388651e-01	-1.039757958956155220e-01	8.181361518614947703e-02	-1.030034498706113855e-01	7.991594106055535662e-02	-8.198214805118510251e-02	1.037977773899311229e-01	-6.980171195039946985e-02	8.855811297077811894e-02	-9.535617681929073330e-02	7.626742727232477259e-02	-1.048528730337491000e-01
1.674721507881468396e-01	-1.193565148191618880e-01	1.227024202369723510e-01	-8.754233840196026795e-02	1.097703967358364396e-01	-1.366007184824097331e-01	1.276840527327132990e-01	-1.667064995783301973e-01	1.058234935454703818e-01	-1.210311883044680875e-01	1.439797914221624953e-01	-1.224648563558242143e-01	1.849564739409954028e-01	-1.981822546689407383e-01	1.882726120442839435e-01	-1.433713846726077101e-01	1.459147872271787383e-01	-2.903951057908958355e-01	9.999999999999996669e-01	-5.830080019677716940e-01	1.206145768309505595e-01	-1.357597399784530035e-01	2.031960878761852607e-01	-2.918032449306244835e-01	2.881504149633612455e-01	-1.260246992947411937e-01	2.105701242745536550e-01	-1.911752837119639059e-01	1.800094305261692174e-01	-4.578111815679525853e-01	1.114383107682497542e-01	-1.291828905345822620e-01	1.434486936709377380e-01	-1.835994819594453098e-01	1.724352603489496538e-01	-1.024355602891363487e-01	1.310081486803316431e-01	-1.085575144293293298e-01	1.128937790181443052e-01	-1.642506356914734400e-01	8.566760660761571500e-02	-1.162509681795565741e-01	1.230683514015271512e-01	-1.042247055489792518e-01	1.404162165769505255e-01
-1.256658017993488030e-01	8.269031102358885554e-02	-8.702155816018085355e-02	6.160710329817439823e-02	-8.061331138848047695e-02	9.343746341583290815e-02	-8.988976755173289090e-02	1.064917005766554819e-01	-7.166614353146370797e-02	8.018077445257992819e-02	-1.033671448942574123e-01	8.373248383039870457e-02	-1.214120395781411732e-01	1.251860501733743081e-01	-1.505601898349455958e-01	9.567296474456306321e-02	-1.013189940337105160e-01	1.524837432496030654e-01	-5.830080019677716940e-01	9.999999999999997780e-01	-8.348636489914777747e-02	8.953550834729787078e-02	-1.313222568639873522e-01	1.585487585487529161e-01	-6.576268896844796874e-01	8.699895519004030575e-02	-1.614590624071029212e-01	1.176027667222090678e-01	-1.231419539451929918e-01	3.161838914272097623e-01	-7.997590500937673541e-02	9.076406247065677002e-02	-1.050948054213489413e-01	1.246747972450568120e-01	-1.374715535945158218e-01	7.222840900745206016e-02	-9.707670969615274370e-02	7.818442776572276376e-02	-8.389185182982723810e-02	1.146670026209254817e-01	-6.216739866319166002e-02	8.245872522106707792e-02	-9.310657140067848947e-02	7.667715765385660354e-02	-1.094089482095504662e-01
1.284801760180556973e-01	-9.590623349482729765e-02	8.907043590808927380e-02	-6.218816574910860512e-02	7.653815855540448132e-02	-1.311970147942271570e-01	1.223315342945025530e-01	-1.099886154289500401e-01	6.657709711917254858e-02	-7.564390367122256209e-02	1.937057027914673990e-01	-1.611452245832115659e-01	1.126745801193409641e-01	-9.800056922562583317e-02	1.013406503186994323e-01	-6.701187266261484643e-01	2.945149629652426548e-01	-1.440405002395141465e-01	1.206145768309505595e-01	-8.348636489914777747e-02	1.000000000000001332e+00	-5.138051394751929069e-01	1.393537580849471547e-01	-1.308849979127246210e-01	6.460520684808764014e-02	-3.205380397857693353e-01	1.767095631082100660e-01	-1.173584847293458466e-01	9.781176164697809317e-02	-1.030463232016236574e-01	1.903978190821150884e-01	-1.208401977763102625e-01	1.169041040927833869e-01	-1.022754915924230373e-01	8.597088782997425183e-02	-1.057848048497453536e-01	1.120768674904883272e-01	-8.018482498915308065e-02	7.911787407960818586e-02	-9.213397471528028682e-02	8.828121500918673092e-02	-9.563657418260096410e-02	9.742774556544103737e-02	-7.392552540585567433e-02	9.838572434675951772e-02
-1.409872470004830958e-01	1.044224509368339160e-01	-9.913567942766896013e-02	6.792418632276824020e-02	-8.450870545869949846e-02	1.369753582068503062e-01	-1.412398239567122515e-01	1.213579918155691939e-01	-7.374091408921955304e-02	8.212666767103767029e-02	-2.134900734761514818e-01	1.859583038254794818e-01	-1.342667430844616816e-01	1.080302676935790268e-01	-1.134373314637804192e-01	3.019269394805960682e-01	-6.923402455839355873e-01	1.725290421690626186e-01	-1.357597399784530035e-01	8.953550834729787078e-02	-5.138051394751929069e-01	9.999999999999995559e-01	-2.316500852449410730e-01	1.624666573790069513e-01	-6.950951417077932959e-02	1.671849001565462733e-01	-1.930108825416979590e-01	1.427209672839105936e-01	-1.213195408125582464e-01	1.074519971890178505e-01	-1.399907379272471719e-01	1.012634625046997805e-01	-1.056483266593582215e-01	9.689808506487328221e-02	-8.242618691446772228e-02	8.573055059987837179e-02	-9.823840111782182472e-02	7.209745724176296056e-02	-7.224645159864444277e-02	8.628566771206187813e-02	-7.354049535039795804e-02	8.357180251983620245e-02	-8.741897760261259365e-02	6.740157952856634660e-02	-9.090494653197389585e-02
1.399283069094226228e-01	-1.007568520051872751e-01	1.069579467342044315e-01	-7.237592845106320671e-02	9.201546619432242335e-02	-1.141688537734674574e-01	1.142580876445896954e-01	-1.464625300624503856e-01	8.768950506813397161e-02	-9.489197094734590221e-02	1.359245427057367561e-01	-1.177392483713535498e-01	2.007823693824189459e-01	-1.394949150363692103e-01	1.427251096379945905e-01	-1.420600306697466508e-01	1.833378003387076682e-01	-4.254831742568484509e-01	2.031960878761852607e-01	-1.313222568639873522e-01	1.393537580849471547e-01	-2.316500852449410730e-01	1.000000000000001332e+00	-6.123982963500905763e-01	1.049138266245038253e-01	-1.045303504772182590e-01	1.707994506845491312e-01	-4.789134867212342384e-01	2.980778020577429244e-01	-1.496285155409451950e-01	9.073572413089639466e-02	-9.801958945659004774e-02	1.151098876295724577e-01	-1.178939638471823842e-01	9.683631841191704670e-02	-7.252777075456125211e-02	9.228791654422170698e-02	-7.280645510094300998e-02	7.366190388253522625e-02	-9.407554133315464140e-02	6.112195788178524658e-02	-7.811745160417156442e-02	8.262410578174939069e-02	-6.709882408020204081e-02	9.060575605896586948e-02
-1.505528436453463792e-01	1.028147638914986700e-01	-1.105289163254969537e-01	7.511430106670702322e-02	-9.797496851408073193e-02	1.161670858785881638e-01	-1.168404211159068257e-01	1.374714803882446934e-01	-8.790480302616154873e-02	9.425470106388375569e-02	-1.397337127261678857e-01	1.149106224780440388e-01	-1.883329486638180839e-01	1.360728510365321609e-01	-1.519115156531043176e-01	1.336593256624480086e-01	-1.721260284446338718e-01	2.457182690921801693e-01	-2.918032449306244835e-01	1.585487585487529161e-01	-1.308849979127246210e-01	1.624666573790069513e-01	-6.123982963500905763e-01	9.999999999999985567e-01	-1.419144538039707193e-01	1.052377599890246818e-01	-1.871468596169193754e-01	3.200229530060895722e-01	-5.451345883347024079e-01	1.746407970223491646e-01	-9.455477017166009912e-02	1.028729363446164446e-01	-1.240933251513473418e-01	1.325645650852146640e-01	-1.126363058174762455e-01	7.710845143322228590e-02	-1.009217490919219751e-01	7.928643351421789387e-02	-8.183447794552188570e-02	1.041799572745642638e-01	-6.566174600759815128e-02	8.423027343389941080e-02	-9.102170201205357636e-02	7.391380314137077634e-02	-1.013836035763026888e-01
9.127925684456469901e-02	-6.076706266973066345e-02	6.337215481536188910e-02	-4.500435139676084439e-02	5.844224738037068906e-02	-6.930782928804928023e-02	6.611025044081149382e-02	-7.851476675899979329e-02	5.192247694744928088e-02	-5.846956508446170264e-02	7.648882198709076874e-02	-6.236104436391441685e-02	8.792149226607212653e-02	-8.928647655738920774e-02	1.017814585138313715e-01	-7.413648570400487026e-02	7.691592440755264104e-02	-1.136753832303676742e-01	2.881504149633612455e-01	-6.576268896844796874e-01	6.460520684808764014e-02	-6.950951417077932959e-02	1.049138266245038253e-01	-1.419144538039707193e-01	9.999999999999966693e-01	-7.053380307442873309e-02	1.223886086015647523e-01	-9.849009335327282844e-02	1.041450566963260382e-01	-6.434618665707628749e-01	6.460448767943158255e-02	-7.737756523976158096e-02	8.974598429263228039e-02	-1.222468016576576527e-01	1.379732469867818445e-01	-5.952581621038144366e-02	8.092365287216150838e-02	-6.756756453241365146e-02	7.277081697343272537e-02	-1.110211384653749800e-01	5.075232380248382441e-02	-6.863054515476246786e-02	7.644802675356149324e-02	-6.507807300418866348e-02	9.084159093527843787e-02
-1.111388973762519050e-01	7.632860546757808118e-02	-7.454010963930605971e-02	5.292557831454355877e-02	-6.728026941314216303e-02	9.671220524932837292e-02	-9.095520514843180582e-02	8.935269338543497253e-02	-5.634028311731403837e-02	6.390669299780823986e-02	-1.263870947656904054e-01	1.001923126908627615e-01	-9.194862581493130904e-02	8.503314623946502115e-02	-9.241248061340640030e-02	2.144525306996144798e-01	-1.634562169462359382e-01	1.134887123766235573e-01	-1.260246992947411937e-01	8.699895519004030575e-02	-3.205380397857693353e-01	1.671849001565462733e-01	-1.045303504772182590e-01	1.052377599890246818e-01	-7.053380307442873309e-02	9.999999999999984457e-01	-2.634100096677127190e-01	1.060928083621191509e-01	-9.384753819332131153e-02	1.139268388003520649e-01	-7.517634889610890214e-01	2.376934678891370611e-01	-2.259119406466461033e-01	1.536624282943177544e-01	-1.305485575955598609e-01	2.081058984239438636e-01	-2.153571866517148825e-01	1.377195378154335847e-01	-1.335358810173281896e-01	1.400185768249725404e-01	-1.869283524435843558e-01	1.633518534992410842e-01	-1.695806612636105992e-01	1.209584564973547050e-01	-1.602067251809875525e-01
1.882066350116643749e-01	-1.287851812475269697e-01	1.265705277686743346e-01	-9.262347749763825966e-02	1.164559199964989161e-01	-1.587820859041495225e-01	1.407539691065975429e-01	-1.583692151481982668e-01	1.000731338695188405e-01	-1.164819040598268213e-01	1.687945187671386904e-01	-1.407607356589486991e-01	1.564807213559155641e-01	-1.565696922075993647e-01	1.630032014587555755e-01	-2.140526138938760869e-01	1.843818964628962942e-01	-2.049206829830216847e-01	2.105701242745536550e-01	-1.614590624071029212e-01	1.767095631082100660e-01	-1.930108825416979590e-01	1.707994506845491312e-01	-1.871468596169193754e-01	1.223886086015647523e-01	-2.634100096677127190e-01	1.000000000000001110e+00	-2.120557241836778517e-01	1.626736659838544652e-01	-2.084494971805525843e-01	1.958485313157186658e-01	-2.227097924027206244e-01	1.985254544157045997e-01	-2.049799553427275878e-01	1.647985520612365584e-01	-1.733815605404097904e-01	1.940599158230496279e-01	-1.510777299693721598e-01	1.482531184118741074e-01	-1.876149523808972042e-01	1.380326402780023276e-01	-1.839205917495499165e-01	1.778198764791939779e-01	-1.439247909508469814e-01	1.874067792956742307e-01
-1.312800986627296052e-01	8.959049492298534756e-02	-9.547022589689027616e-02	6.528004880062239501e-02	-8.492389857083677829e-02	1.021743412123142236e-01	-1.016738120117300775e-01	1.186721775700051440e-01	-7.559926833265297186e-02	8.160618125550374302e-02	-1.221647649666532665e-01	1.004755420973495045e-01	-1.578456322199461304e-01	1.161541800504989758e-01	-1.293771503857427119e-01	1.217808562035855857e-01	-1.492765786097767222e-01	2.082276909746179905e-01	-1.911752837119639059e-01	1.176027667222090678e-01	-1.173584847293458466e-01	1.427209672839105936e-01	-4.789134867212342384e-01	3.200229530060895722e-01	-9.849009335327282844e-02	1.060928083621191509e-01	-2.120557241836778517e-01	9.999999999999998890e-01	-7.227044368569598420e-01	1.429511206209274077e-01	-9.611922169842314345e-02	1.176471342293692185e-01	-1.630071221618917543e-01	1.443273301552254473e-01	-1.137304086799457714e-01	7.854229489332523184e-02	-1.060916985307682886e-01	8.401830740339791270e-02	-8.467573870266073555e-02	1.050088673899136626e-01	-6.628195223363925193e-02	8.589697688357937622e-02	-9.160693237961323176e-02	7.481503237401518347e-02	-1.009517567135006372e-01
1.103333334896404450e-01	-7.671887313531360053e-02	8.049555153446288913e-02	-5.569731223381751972e-02	7.146518480700821130e-02	-8.807447771372425849e-02	8.591435109545866866e-02	-1.037286366868614973e-01	6.495353162008189740e-02	-7.142301436853025487e-02	1.022090967234704634e-01	-8.547164001783560949e-02	1.291894959484327643e-01	-1.028908534251510853e-01	1.098170923549469519e-01	-1.061479166658731293e-01	1.215734451024351598e-01	-1.893031177623340777e-01	1.800094305261692174e-01	-1.231419539451929918e-01	9.781176164697809317e-02	-1.213195408125582464e-01	2.980778020577429244e-01	-5.451345883347024079e-01	1.041450566963260382e-01	-9.384753819332131153e-02	1.626736659838544652e-01	-7.227044368569598420e-01	9.999999999999991118e-01	-1.574039041229421954e-01	8.385572528918533441e-02	-1.054963276564249430e-01	1.322549776751919814e-01	-1.607405499202546606e-01	1.132755847208521266e-01	-7.107688509285914336e-02	9.550811357363249432e-02	-7.739766026593006276e-02	7.875595157584006079e-02	-1.016847762502096769e-01	5.957760828409608411e-02	-7.856168114970465965e-02	8.338347404074272773e-02	-6.930982433818223820e-02	9.312029992387087229e-02
-1.520138848394380626e-01	9.772607139576081070e-02	-1.025692655227587319e-01	7.279317300667922930e-02	-9.614229094567615375e-02	1.110762719024034340e-01	-1.067717311472054370e-01	1.214964704885028585e-01	-8.127411166827516742e-02	9.032174276423263204e-02	-1.243886075206639130e-01	9.938124637684905838e-02	-1.359597704914589089e-01	1.337133078692932797e-01	-1.601845390187784379e-01	1.170935559803133325e-01	-1.219904200030834940e-01	1.653653344727357144e-01	-4.578111815679525853e-01	3.161838914272097623e-01	-1.030463232016236574e-01	1.074519971890178505e-01	-1.496285155409451950e-01	1.746407970223491646e-01	-6.434618665707628749e-01	1.139268388003520649e-01	-2.084494971805525843e-01	1.429511206209274077e-01	-1.574039041229421954e-01	9.999999999999990008e-01	-1.066685271822171710e-01	1.259911980078751714e-01	-1.509233529060221013e-01	1.920892878270247794e-01	-2.833187873202932527e-01	9.784648641505912237e-02	-1.368299340396566255e-01	1.119009865638346396e-01	-1.236724061527741669e-01	1.779446337674526479e-01	-8.474654372311909989e-02	1.133214170727661479e-01	-1.308760761448475862e-01	1.094792567863889510e-01	-1.587252395471960287e-01
9.542548189198692132e-02	-6.638060717487380413e-02	6.449999374444793931e-02	-4.605812577869583535e-02	5.812923451374921863e-02	-8.469961026707406582e-02	7.772205674537811804e-02	-7.864355605350467626e-02	4.940473245518770679e-02	-5.643041101921578845e-02	1.052085748674449067e-01	-8.584996691804078206e-02	8.012904342874932473e-02	-7.525347608912370811e-02	8.057814184758103904e-02	-1.969936308108726497e-01	1.283914792571461128e-01	-1.008619916844033931e-01	1.114383107682497542e-01	-7.997590500937673541e-02	1.903978190821150884e-01	-1.399907379272471719e-01	9.073572413089639466e-02	-9.455477017166009912e-02	6.460448767943158255e-02	-7.517634889610890214e-01	1.958485313157186658e-01	-9.611922169842314345e-02	8.385572528918533441e-02	-1.066685271822171710e-01	9.999999999999988898e-01	-3.696931594578084512e-01	2.163423792534853729e-01	-1.576019351256983392e-01	1.229163376161104271e-01	-3.081791657217566871e-01	2.123026425693922969e-01	-1.393994554752485682e-01	1.270534823373143107e-01	-1.376205443529872063e-01	1.893644761674562471e-01	-1.753474728395992277e-01	1.570909355949761665e-01	-1.160107926818966101e-01	1.442935408843508960e-01
-9.569744666553872681e-02	6.433439924925314635e-02	-6.428468574941502423e-02	4.599798057432320786e-02	-5.899283365291915771e-02	7.858751862867512095e-02	-7.296727033028978238e-02	7.763984649098776281e-02	-4.963747832424977163e-02	5.631650463764659165e-02	-9.261564794162589764e-02	7.460302001604586508e-02	-8.135467007996349809e-02	7.675295425725059406e-02	-8.437410997735010632e-02	1.275974507827331017e-01	-1.045130214632451204e-01	1.020996142998837064e-01	-1.291828905345822620e-01	9.076406247065677002e-02	-1.208401977763102625e-01	1.012634625046997805e-01	-9.801958945659004774e-02	1.028729363446164446e-01	-7.737756523976158096e-02	2.376934678891370611e-01	-2.227097924027206244e-01	1.176471342293692185e-01	-1.054963276564249430e-01	1.259911980078751714e-01	-3.696931594578084512e-01	9.999999999999980016e-01	-6.440418788309573150e-01	2.432415519816508165e-01	-1.914558534761512387e-01	1.921221792796455885e-01	-4.633645728422068899e-01	2.236970216781040133e-01	-1.960479809382061622e-01	1.924934174641777240e-01	-1.593934025840558766e-01	1.981569601040101547e-01	-1.959937888122092742e-01	1.541685266952697864e-01	-1.905655710756062327e-01
1.017998008888475192e-01	-6.905597304523777846e-02	6.917607402631953395e-02	-4.949246244886858215e-02	6.324659240464300392e-02	-8.395920370206107208e-02	7.763066769457592498e-02	-8.485707507908085701e-02	5.405719570998734208e-02	-6.140516265479854102e-02	9.679621364337843981e-02	-7.894687007357263642e-02	8.979561117867176923e-02	-8.436789806536236502e-02	9.173118769313419463e-02	-1.322560313545729227e-01	1.077271125030304644e-01	-1.158953567598597356e-01	1.434486936709377380e-01	-1.050948054213489413e-01	1.169041040927833869e-01	-1.056483266593582215e-01	1.151098876295724577e-01	-1.240933251513473418e-01	8.974598429263228039e-02	-2.259119406466461033e-01	1.985254544157045997e-01	-1.630071221618917543e-01	1.322549776751919814e-01	-1.509233529060221013e-01	2.163423792534853729e-01	-6.440418788309573150e-01	9.999999999999971134e-01	-4.719311420230664633e-01	2.337798316803457455e-01	-1.793984647475739547e-01	2.787560493021831176e-01	-2.704738784018928532e-01	2.057564730408128484e-01	-2.456133331152098864e-01	1.411390782288269863e-01	-1.985679762329739806e-01	1.909443231951123698e-01	-1.662724352156904062e-01	1.950258245161213266e-01
-1.092247739064903939e-01	7.196718827900691617e-02	-7.334410465170153326e-02	5.236429112652611628e-02	-6.795738197797811242e-02	8.538813699708779070e-02	-8.019727844020690943e-02	8.794651886235234362e-02	-5.701907132075347689e-02	6.416977280825683638e-02	-9.786072812856448644e-02	7.861752703478322446e-02	-9.471234006354142809e-02	8.952951963258605483e-02	-1.011270199118338431e-01	1.141607562823910987e-01	-1.045465281026819321e-01	1.183604170415388651e-01	-1.835994819594453098e-01	1.246747972450568120e-01	-1.022754915924230373e-01	9.689808506487328221e-02	-1.178939638471823842e-01	1.325645650852146640e-01	-1.222468016576576527e-01	1.536624282943177544e-01	-2.049799553427275878e-01	1.443273301552254473e-01	-1.607405499202546606e-01	1.920892878270247794e-01	-1.576019351256983392e-01	2.432415519816508165e-01	-4.719311420230664633e-01	9.999999999999978906e-01	-6.306280321576880343e-01	1.449597027497303570e-01	-2.519728904998254637e-01	2.056204171378521184e-01	-2.514318968092786322e-01	2.923528941277037108e-01	-1.257064031928949721e-01	1.726039590990454398e-01	-2.046433290329937038e-01	1.787586557421635136e-01	-2.562440532128394954e-01
