1.000000000000000000e+00	-4.239047109874153896e-01	1.432018529239487692e-01	-1.078301820244803033e-01	1.233118342516960897e-01	-8.149537726275616345e-01	2.191107858812822995e-01	-1.488883573626821333e-01	1.473896537476884760e-01	-9.772640833358062218e-02	2.310342244587894611e-01	-1.720663334723245286e-01	1.344067149619264379e-01	-1.459196810311737813e-01	9.399078115665325528e-02	-1.464725594845488199e-01	1.182900007556796640e-01	-1.234783624220837511e-01	1.033396179913861623e-01	-8.327338807044462610e-02	1.236101208037236610e-01	-1.075242214738311025e-01	1.044859854406143124e-01	-9.038977208012274889e-02	8.577212077655374523e-02	-7.562051172068033622e-02	8.438692125718415260e-02	-8.643424209917940915e-02	7.312772069635413430e-02	-8.787220933244836718e-02	6.028969825822880213e-02	-5.984249198160532246e-02	7.652869742899717775e-02	-7.403046263236243152e-02	6.915025067726873753e-02	-4.338721953103404777e-02	4.489600774770926422e-02	-5.059237656281446310e-02	5.351275283968107838e-02	-4.420092627834384252e-02	5.077509089164806283e-02	-5.275947922166193682e-02	5.125019882709816454e-02	-5.563258394432586684e-02	6.352926811921830175e-02
-4.239047109874153896e-01	9.999999999999997780e-01	-3.669545998797679731e-01	2.149197109456492949e-01	-2.447760392793050244e-01	2.716750465512670076e-01	-5.436396406275835202e-01	2.565780154493649268e-01	-2.912744455857763648e-01	1.716315098559142160e-01	-3.018622209576126703e-01	2.542205673716202985e-01	-2.315097742798090386e-01	2.311121564875870393e-01	-1.645690318034702393e-01	1.809010286653864319e-01	-1.787744502592018003e-01	1.828330568758746444e-01	-1.656639135085550829e-01	1.355322320647258660e-01	-1.870456728902286925e-01	1.558877520285525120e-01	-1.618994933374987288e-01	1.400533867868579418e-01	-1.417401408343726688e-01	1.108964696042711862e-01	-1.284509254993055627e-01	1.296448084768369036e-01	-1.134358572545253324e-01	1.336335613964824420e-01	-9.127850054651154288e-02	8.935029983315158353e-02	-1.171358001819695904e-01	1.109540539648837115e-01	-1.066239272066255295e-01	6.505591437520211184e-02	-6.763292040851986986e-02	7.624308951323666150e-02	-8.141445735586007315e-02	6.745176843876155015e-02	-7.723837617226916863e-02	7.865263763548048515e-02	-7.804976347818205762e-02	8.362401114053980011e-02	-9.770121441495027703e-02
1.432018529239487692e-01	-3.669545998797679731e-01	9.999999999999996669e-01	-7.373866766517067628e-01	2.863328899614783762e-01	-1.463938436296309542e-01	2.005564634914650535e-01	-2.056408250995706288e-01	2.400530319798007128e-01	-2.345239445298423486e-01	1.765513546568583669e-01	-1.839943665239371362e-01	1.677409077905586410e-01	-2.283300540474283991e-01	1.662597002578803107e-01	-1.346508166780568116e-01	1.329209716881063208e-01	-1.596200222004110214e-01	1.433997491853577222e-01	-1.462374941620905588e-01	1.381476542369673433e-01	-1.264832825191887777e-01	1.346365791571514647e-01	-1.326254532528355901e-01	1.331643451761542474e-01	-9.188116407756857784e-02	1.041740488353796179e-01	-1.155847453796802621e-01	1.049072042730986171e-01	-1.319733861626356808e-01	7.702426744209993348e-02	-7.715720470873180248e-02	1.020473186185068687e-01	-1.024602010989340423e-01	9.543104736858767922e-02	-5.679294669584790400e-02	5.897569179912193899e-02	-6.798219190654614108e-02	7.349050085739972094e-02	-6.105854058957967817e-02	6.694867293512608841e-02	-6.974913225038043008e-02	6.881953624535573633e-02	-7.659776636602753930e-02	8.740526205469555110e-02
-1.078301820244803033e-01	2.149197109456492949e-01	-7.373866766517067628e-01	9.999999999999997780e-01	-4.869720028563681025e-01	1.062196483104805300e-01	-1.635875095036786464e-01	1.719439991399816514e-01	-2.944768155963991552e-01	2.145229462976761814e-01	-1.427008195106219401e-01	1.448501390519902343e-01	-1.423965390901812123e-01	1.927612636369656351e-01	-1.588958462667430793e-01	1.059527723589823583e-01	-1.068674705355519283e-01	1.269685415445502841e-01	-1.192908662661230634e-01	1.228425409194717904e-01	-1.110534935829269321e-01	1.002770880638884088e-01	-1.086187559867951014e-01	1.073772578094918245e-01	-1.149761685758029506e-01	7.264853634296437879e-02	-8.314795122750970324e-02	9.146545697236534156e-02	-8.464418323380014375e-02	1.046470398228703663e-01	-6.111505787739528878e-02	6.089868767888555190e-02	-8.116758329885842560e-02	8.038301689755952828e-02	-7.545025309403088909e-02	4.471938185336417348e-02	-4.652478187273518390e-02	5.355352737766179427e-02	-5.797477714516050679e-02	4.808041444425795868e-02	-5.289783312379152391e-02	5.473971281818795082e-02	-5.441484695094739310e-02	6.001508431472535321e-02	-6.900180936377735275e-02
1.233118342516960897e-01	-2.447760392793050244e-01	2.863328899614783762e-01	-4.869720028563681025e-01	1.000000000000000222e+00	-1.315337797775337492e-01	1.788824691671600797e-01	-1.903679040193811400e-01	2.403369746196546419e-01	-5.692265113701064916e-01	1.847759905649955237e-01	-1.909162209512040020e-01	1.772631828683491062e-01	-2.665365005467316695e-01	2.653761928531885861e-01	-1.488766410091504344e-01	1.489577761148275781e-01	-1.872972877733026231e-01	1.758078254556860176e-01	-2.204526893387648290e-01	1.565811373734206091e-01	-1.455853024314656130e-01	1.600200094033072673e-01	-1.699588337640503544e-01	1.816949228772063440e-01	-1.073354120074502954e-01	1.217488879826014586e-01	-1.398613085853659954e-01	1.322828815505381894e-01	-1.703209486582624443e-01	9.112181082128452403e-02	-9.169253438359380171e-02	1.227674472492927271e-01	-1.250582282791831146e-01	1.155121188422904843e-01	-6.766028112985626730e-02	7.037173057836905443e-02	-8.186363252750122887e-02	8.917026208862656456e-02	-7.402339993479907509e-02	7.978565672384507756e-02	-8.340830650347091924e-02	8.274534583407634758e-02	-9.290901810945281780e-02	1.055888836616041271e-01
-8.149537726275616345e-01	2.716750465512670076e-01	-1.463938436296309542e-01	1.062196483104805300e-01	-1.315337797775337492e-01	9.999999999999992228e-01	-2.643696336403677516e-01	1.535976461691906936e-01	-1.613789750695682201e-01	1.005012697892638945e-01	-3.550806846484256263e-01	1.793491883599061809e-01	-1.457273301042485147e-01	1.490399877158961606e-01	-9.925556855286875313e-02	1.588964760221843742e-01	-1.298187393449057037e-01	1.285288500586357630e-01	-1.096525461249005795e-01	8.624438898029297695e-02	-1.392900132050071127e-01	1.142184338889838807e-01	-1.116204813855989353e-01	9.413372257863394932e-02	-9.048600508956257393e-02	8.045475797645539051e-02	-9.083047779247586939e-02	9.046349560496784459e-02	-7.647255409105226109e-02	9.061949418655101951e-02	-6.409897842895907749e-02	6.305465356870597338e-02	-8.073718476659379195e-02	7.681953573698631355e-02	-7.245067989396757058e-02	4.559190244560418909e-02	-4.722937970528029439e-02	5.293469268040201098e-02	-5.589916157046780770e-02	4.613676042756421208e-02	-5.354293274635187755e-02	5.517179590815093210e-02	-5.383502301060988371e-02	5.780814277855253480e-02	-6.653557627015160847e-02
2.191107858812822995e-01	-5.436396406275835202e-01	2.005564634914650535e-01	-1.635875095036786464e-01	1.788824691671600797e-01	-2.643696336403677516e-01	9.999999999999990008e-01	-5.152421588959986698e-01	2.749628517711272258e-01	-1.507959804942263504e-01	2.424611955250992879e-01	-4.333383903242910562e-01	2.766179350951017968e-01	-2.593307397550672633e-01	1.430120818240228908e-01	-1.721002696598525616e-01	1.797650799485001061e-01	-1.888261245229949647e-01	1.557163343706408631e-01	-1.233050695056879947e-01	1.633142033591555853e-01	-1.533191436711312805e-01	1.494752816688052766e-01	-1.317201765336480368e-01	1.252249487009989559e-01	-1.013445766573194268e-01	1.156666062827755581e-01	-1.199763988060756487e-01	1.038963302126303112e-01	-1.239117161510907561e-01	8.174533256949126359e-02	-8.104690648811307963e-02	1.054567402838444412e-01	-1.009563444937276178e-01	9.410901065448401548e-02	-5.853172250587165143e-02	6.079076956439720403e-02	-6.884411882436083929e-02	7.298628359603175075e-02	-6.004851803728502441e-02	6.869843003500683554e-02	-7.111288835522529272e-02	6.985619979017934633e-02	-7.538080426444959681e-02	8.629260070968766683e-02
-1.488883573626821333e-01	2.565780154493649268e-01	-2.056408250995706288e-01	1.719439991399816514e-01	-1.903679040193811400e-01	1.535976461691906936e-01	-5.152421588959986698e-01	9.999999999999988898e-01	-5.763005058502556066e-01	1.589410042055347250e-01	-2.139205876339244361e-01	2.800063336791462354e-01	-4.643745440113260514e-01	2.882373885372757627e-01	-1.536991531529608435e-01	1.492393966430255459e-01	-1.636965148751126087e-01	1.827752810760044644e-01	-1.602935748871162080e-01	1.239567466461466011e-01	-1.521874968707312703e-01	1.382026745085577768e-01	-1.446535281926216721e-01	1.289335322948446383e-01	-1.268750173086270749e-01	9.387792043410253529e-02	-1.087792579630901535e-01	1.135303854424656589e-01	-1.010963106652534721e-01	1.188588577727503620e-01	-7.705675750487440967e-02	7.602424135727872678e-02	-1.005719364419714323e-01	9.543338614060960234e-02	-8.981536817103497050e-02	5.501173219022743865e-02	-5.729074123290488207e-02	6.506802942566811132e-02	-6.936386021366303112e-02	5.706562687629948560e-02	-6.495935168764777057e-02	6.672943217540383554e-02	-6.631359925958545121e-02	7.119876018505355564e-02	-8.221682128156761193e-02
1.473896537476884760e-01	-2.912744455857763648e-01	2.400530319798007128e-01	-2.944768155963991552e-01	2.403369746196546419e-01	-1.613789750695682201e-01	2.749628517711272258e-01	-5.763005058502556066e-01	1.000000000000000000e+00	-2.504098802106095034e-01	2.140602531262157104e-01	-2.706974591055659740e-01	2.903769306463270805e-01	-5.056350906292013114e-01	2.032528025272317407e-01	-1.648841382422280566e-01	1.711397954264628762e-01	-2.095023320538887124e-01	1.899213260658960400e-01	-1.645645201572875915e-01	1.665156790454729030e-01	-1.561085724351749249e-01	1.641501981099806051e-01	-1.604886112668837128e-01	1.571396772876320069e-01	-1.082781204396522645e-01	1.236766453436265456e-01	-1.351053213994621305e-01	1.230326373850220978e-01	-1.492680628416264421e-01	8.953801191652843716e-02	-8.930753057255227945e-02	1.183573056165490300e-01	-1.157316201081297624e-01	1.073093951960627096e-01	-6.498554106899945282e-02	6.761412109163657258e-02	-7.755507139245142179e-02	8.319544450344462660e-02	-6.854360992449980150e-02	7.647788982829989424e-02	-7.940260973851351323e-02	7.861797447193626109e-02	-8.597344878699592075e-02	9.819565763464645214e-02
-9.772640833358062218e-02	1.716315098559142160e-01	-2.345239445298423486e-01	2.145229462976761814e-01	-5.692265113701064916e-01	1.005012697892638945e-01	-1.507959804942263504e-01	1.589410042055347250e-01	-2.504098802106095034e-01	9.999999999999991118e-01	-1.578380013244933822e-01	1.539857753522506645e-01	-1.589221701348786098e-01	2.314375159720178654e-01	-6.159995932881677794e-01	1.221779602621968913e-01	-1.274278108027128154e-01	1.573100498085013288e-01	-1.714942982837723007e-01	2.412853460252771531e-01	-1.341538444634768623e-01	1.217003561399733202e-01	-1.417801067852663965e-01	1.553768059141361069e-01	-2.251366725751828002e-01	8.924209155803207449e-02	-1.036399817258534389e-01	1.177480689252432822e-01	-1.207152828827329077e-01	1.462698910566705979e-01	-7.672430137751411194e-02	7.624256753135623399e-02	-1.049111345258637168e-01	1.030193045773609567e-01	-9.738696888492479053e-02	5.588288871513492906e-02	-5.846784697731369912e-02	6.796999893300666173e-02	-7.466045923287743802e-02	6.161321295619900246e-02	-6.651501807029107372e-02	6.831979207954443079e-02	-6.944691500271873985e-02	7.611544195478361918e-02	-8.850313260647948987e-02
2.310342244587894611e-01	-3.018622209576126703e-01	1.765513546568583669e-01	-1.427008195106219401e-01	1.847759905649955237e-01	-3.550806846484256263e-01	2.424611955250992879e-01	-2.139205876339244361e-01	2.140602531262157104e-01	-1.578380013244933822e-01	9.999999999999988898e-01	-3.928479254669533516e-01	2.359200646544432900e-01	-2.623004107587780243e-01	1.589147917800627918e-01	-5.264394813681371188e-01	2.680363703270504661e-01	-2.614284443058684793e-01	1.979810969802902887e-01	-1.509980590395369748e-01	2.769154473405362471e-01	-2.440255354486200734e-01	2.116738519836863786e-01	-1.768006570735450866e-01	1.565023628275685752e-01	-1.662894180868420557e-01	1.766991698961045132e-01	-1.779519705865823254e-01	1.431809435911255979e-01	-1.731981701233223925e-01	1.247485077922876051e-01	-1.250593975689516524e-01	1.538738303665898588e-01	-1.495820016115234630e-01	1.353061131228926739e-01	-8.943916937584875382e-02	9.201421772607383531e-02	-1.027368713718479348e-01	1.066591889719722547e-01	-8.741395773164274685e-02	1.026822781248185601e-01	-1.088511568716549610e-01	1.029332124801393411e-01	-1.119298182060840807e-01	1.246940426959934900e-01
-1.720663334723245286e-01	2.542205673716202985e-01	-1.839943665239371362e-01	1.448501390519902343e-01	-1.909162209512040020e-01	1.793491883599061809e-01	-4.333383903242910562e-01	2.800063336791462354e-01	-2.706974591055659740e-01	1.539857753522506645e-01	-3.928479254669533516e-01	1.000000000000001332e+00	-5.629749127018194299e-01	2.784093686036461790e-01	-1.635995567984790400e-01	2.360693268444289394e-01	-3.506816166089689046e-01	2.471200288820935009e-01	-2.013171608956509928e-01	1.399089006783960643e-01	-2.270841575247743438e-01	2.122609686135285001e-01	-2.008321391330293582e-01	1.594405387606675772e-01	-1.498543632293392047e-01	1.310548714334704434e-01	-1.538956073398371482e-01	1.498464888278541463e-01	-1.267561060675288231e-01	1.458122886954478503e-01	-1.038494929797187799e-01	1.017510114574763092e-01	-1.320817677779884125e-01	1.215542388378329092e-01	-1.136503922328425814e-01	7.247033892533960575e-02	-7.542675784518941551e-02	8.446968212129224440e-02	-8.852224557749494016e-02	7.229599375905113035e-02	-8.500921787356370551e-02	8.729583994633632882e-02	-8.601355212604552825e-02	9.064152635795923174e-02	-1.042302217623855554e-01
1.344067149619264379e-01	-2.315097742798090386e-01	1.677409077905586410e-01	-1.423965390901812123e-01	1.772631828683491062e-01	-1.457273301042485147e-01	2.766179350951017968e-01	-4.643745440113260514e-01	2.903769306463270805e-01	-1.589221701348786098e-01	2.359200646544432900e-01	-5.629749127018194299e-01	1.000000000000000222e+00	-4.924936556007805666e-01	1.679151773742313392e-01	-1.835128307801602299e-01	2.145445542331813615e-01	-2.909607841638711112e-01	2.016545273115448178e-01	-1.418766097719085240e-01	1.765971444035734639e-01	-1.754837614660699208e-01	1.763042108419978493e-01	-1.572570205532418941e-01	1.437966278179227397e-01	-1.107386051328723420e-01	1.276428010521578893e-01	-1.355606506067464079e-01	1.190392554760669880e-01	-1.394396723284480055e-01	8.928898542390643900e-02	-8.867631123243457925e-02	1.170201323883207634e-01	-1.105905801793724275e-01	1.017611518025206829e-01	-6.351373606246918380e-02	6.617197582308341486e-02	-7.531229551976138803e-02	7.962203968001499432e-02	-6.498610704998795951e-02	7.440858764442383200e-02	-7.712400763816870675e-02	7.632629241341697124e-02	-8.175765903862129702e-02	9.317242987516835551e-02
-1.459196810311737813e-01	2.311121564875870393e-01	-2.283300540474283991e-01	1.927612636369656351e-01	-2.665365005467316695e-01	1.490399877158961606e-01	-2.593307397550672633e-01	2.882373885372757627e-01	-5.056350906292013114e-01	2.314375159720178654e-01	-2.623004107587780243e-01	2.784093686036461790e-01	-4.924936556007805666e-01	9.999999999999986677e-01	-3.206238659951728409e-01	1.873917615315688900e-01	-2.092798881631844909e-01	2.491251008905215891e-01	-3.106797096648308276e-01	2.042465204377182098e-01	-2.044424613133781210e-01	1.818128421648800841e-01	-2.063624304635276741e-01	2.040181989884510549e-01	-2.128375412332088601e-01	1.272475035981288916e-01	-1.496711682359024576e-01	1.600225325700112833e-01	-1.544522563295200601e-01	1.756989914084473858e-01	-1.069472789445722882e-01	1.051014423471584719e-01	-1.428030114863313160e-01	1.346728503427973289e-01	-1.278829355496340636e-01	7.620099128712123915e-02	-7.970064782669879222e-02	9.119386301551346552e-02	-9.839521694227153226e-02	8.076612411608953546e-02	-9.064571547991012723e-02	9.232269054561709209e-02	-9.344615844756409828e-02	9.987470770923045915e-02	-1.165909344708358775e-01
9.399078115665325528e-02	-1.645690318034702393e-01	1.662597002578803107e-01	-1.588958462667430793e-01	2.653761928531885861e-01	-9.925556855286875313e-02	1.430120818240228908e-01	-1.536991531529608435e-01	2.032528025272317407e-01	-6.159995932881677794e-01	1.589147917800627918e-01	-1.635995567984790400e-01	1.679151773742313392e-01	-3.206238659951728409e-01	9.999999999999981126e-01	-1.295791156360501517e-01	1.358731949049949705e-01	-1.793836654267882413e-01	1.939962560656792456e-01	-5.142315581808719616e-01	1.399482030067757676e-01	-1.320877905689886445e-01	1.537779426344862976e-01	-1.922708597684377185e-01	2.589079578954774918e-01	-9.601237279868307661e-02	1.105030630284781074e-01	-1.318114937255110697e-01	1.396086623876471866e-01	-1.808978522138647294e-01	8.215488081169014523e-02	-8.254901287936827758e-02	1.138892942025737237e-01	-1.147413733118568535e-01	1.041503233216436453e-01	-6.020557401046675722e-02	6.302935873206896855e-02	-7.404707154898516885e-02	8.133131449387996648e-02	-6.657792906998347138e-02	7.105458909732496886e-02	-7.403175341496087691e-02	7.496599450169519341e-02	-8.325238679541746567e-02	9.452397941972842665e-02
-1.464725594845488199e-01	1.809010286653864319e-01	-1.346508166780568116e-01	1.059527723589823583e-01	-1.488766410091504344e-01	1.588964760221843742e-01	-1.721002696598525616e-01	1.492393966430255459e-01	-1.648841382422280566e-01	1.221779602621968913e-01	-5.264394813681371188e-01	2.360693268444289394e-01	-1.835128307801602299e-01	1.873917615315688900e-01	-1.295791156360501517e-01	1.000000000000001554e+00	-4.621243465673414708e-01	2.415124842834012187e-01	-1.870217234396666373e-01	1.238911397247501184e-01	-5.586865331455503902e-01	2.802701473802191035e-01	-2.243662043534386530e-01	1.562167590248483562e-01	-1.359200983163530718e-01	1.871782040812948467e-01	-2.057664944126656459e-01	1.684418282977521164e-01	-1.285661899043518130e-01	1.469646939928256069e-01	-1.313478213442890175e-01	1.245243792008810940e-01	-1.478020576432438893e-01	1.314006447293306068e-01	-1.193298385621969770e-01	8.578487142365738560e-02	-8.845016379968473341e-02	9.462115744884333490e-02	-9.518176407310582898e-02	7.664903356000578316e-02	-9.816588545455595671e-02	1.014382393634921664e-01	-9.558720203380546843e-02	9.797827020550271826e-02	-1.100624734308557617e-01
1.182900007556796640e-01	-1.787744502592018003e-01	1.329209716881063208e-01	-1.068674705355519283e-01	1.489577761148275781e-01	-1.298187393449057037e-01	1.797650799485001061e-01	-1.636965148751126087e-01	1.711397954264628762e-01	-1.274278108027128154e-01	2.680363703270504661e-01	-3.506816166089689046e-01	2.145445542331813615e-01	-2.092798881631844909e-01	1.358731949049949705e-01	-4.621243465673414708e-01	9.999999999999970024e-01	-4.559897496156272712e-01	2.233389209131236564e-01	-1.360378355670822936e-01	2.946276303781326100e-01	-5.386240246215736605e-01	2.642891856081763247e-01	-1.847043069457197928e-01	1.467192150363666181e-01	-1.757538022994614424e-01	2.012745349068211786e-01	-1.878913373683711308e-01	1.409482496389129202e-01	-1.614157871796636501e-01	1.239084627216280876e-01	-1.240063172973047412e-01	1.522545524327252320e-01	-1.363968863314269919e-01	1.194866056188110537e-01	-8.410878305702014501e-02	8.726209393703429629e-02	-9.635956197250493405e-02	9.687373339392982285e-02	-7.725280999385036873e-02	9.536974382842663966e-02	-1.009410480296577817e-01	9.621622354848291536e-02	-9.962463527406953401e-02	1.099575519035583815e-01
-1.234783624220837511e-01	1.828330568758746444e-01	-1.596200222004110214e-01	1.269685415445502841e-01	-1.872972877733026231e-01	1.285288500586357630e-01	-1.888261245229949647e-01	1.827752810760044644e-01	-2.095023320538887124e-01	1.573100498085013288e-01	-2.614284443058684793e-01	2.471200288820935009e-01	-2.909607841638711112e-01	2.491251008905215891e-01	-1.793836654267882413e-01	2.415124842834012187e-01	-4.559897496156272712e-01	9.999999999999992228e-01	-5.296737308076637785e-01	1.816250234148734377e-01	-2.651563947592691650e-01	2.755686668557002506e-01	-4.018172989277186691e-01	2.642441017025395911e-01	-2.080971361589580015e-01	1.630522132357551390e-01	-1.989190637693591113e-01	2.207892977897660258e-01	-1.927875957683060637e-01	2.019978896124385304e-01	-1.339382284638435672e-01	1.317952226343361566e-01	-1.861680070080684035e-01	1.608696352746608327e-01	-1.460253225262638788e-01	9.223516321362178194e-02	-9.733140476633546367e-02	1.118905442527493854e-01	-1.165177244743146184e-01	9.284875578842814725e-02	-1.083512877010254921e-01	1.111976007528881344e-01	-1.140685888045507856e-01	1.167989125737433354e-01	-1.333622337985364004e-01
1.033396179913861623e-01	-1.656639135085550829e-01	1.433997491853577222e-01	-1.192908662661230634e-01	1.758078254556860176e-01	-1.096525461249005795e-01	1.557163343706408631e-01	-1.602935748871162080e-01	1.899213260658960400e-01	-1.714942982837723007e-01	1.979810969802902887e-01	-2.013171608956509928e-01	2.016545273115448178e-01	-3.106797096648308276e-01	1.939962560656792456e-01	-1.870217234396666373e-01	2.233389209131236564e-01	-5.296737308076637785e-01	9.999999999999984457e-01	-2.681003936090946560e-01	1.952151998280052536e-01	-2.110357114196471651e-01	2.587567184928585284e-01	-5.685117636941307007e-01	2.551140663131858388e-01	-1.358874318646224599e-01	1.575967616069749999e-01	-2.054391329336481553e-01	2.339824276834569505e-01	-2.666308494491975156e-01	1.134982793747025681e-01	-1.151555662253665457e-01	1.632869856692402699e-01	-1.616082533477734839e-01	1.359500174164626762e-01	-8.136560020407468397e-02	8.581502187818020044e-02	-1.021549030893425386e-01	1.108049150789113257e-01	-8.772258800797498590e-02	9.476433837721751074e-02	-9.988235107811600788e-02	1.023233420261988186e-01	-1.114098279023722909e-01	1.229617679581907486e-01
-8.327338807044462610e-02	1.355322320647258660e-01	-1.462374941620905588e-01	1.228425409194717904e-01	-2.204526893387648290e-01	8.624438898029297695e-02	-1.233050695056879947e-01	1.239567466461466011e-01	-1.645645201572875915e-01	2.412853460252771531e-01	-1.509980590395369748e-01	1.399089006783960643e-01	-1.418766097719085240e-01	2.042465204377182098e-01	-5.142315581808719616e-01	1.238911397247501184e-01	-1.360378355670822936e-01	1.816250234148734377e-01	-2.681003936090946560e-01	1.000000000000000444e+00	-1.409280799631072723e-01	1.323134939811871913e-01	-1.711327369471595805e-01	2.391515278422650936e-01	-6.681543225458304036e-01	9.643992045910765309e-02	-1.138519581286837334e-01	1.388679635033113202e-01	-1.743237136895364470e-01	2.043373476297483671e-01	-8.445355644431083719e-02	8.411219653354572168e-02	-1.215047226281258386e-01	1.185305501478159940e-01	-1.096115445383769871e-01	6.089345058467288130e-02	-6.430899254758967731e-02	7.616514229288376403e-02	-8.531136588533466680e-02	6.904565227262500493e-02	-7.247474032623159312e-02	7.447087064898134934e-02	-7.794996700852781235e-02	8.480038486559367261e-02	-9.843601147455997846e-02
1.236101208037236610e-01	-1.870456728902286925e-01	1.381476542369673433e-01	-1.110534935829269321e-01	1.565811373734206091e-01	-1.392900132050071127e-01	1.633142033591555853e-01	-1.521874968707312703e-01	1.665156790454729030e-01	-1.341538444634768623e-01	2.769154473405362471e-01	-2.270841575247743438e-01	1.765971444035734639e-01	-2.044424613133781210e-01	1.399482030067757676e-01	-5.586865331455503902e-01	2.946276303781326100e-01	-2.651563947592691650e-01	1.952151998280052536e-01	-1.409280799631072723e-01	9.999999999999987788e-01	-4.545359963757202304e-01	2.544958462618274186e-01	-1.830907126764768911e-01	1.516111763396411627e-01	-3.628008129115776192e-01	2.695997450142937901e-01	-2.195429521133942519e-01	1.531608904372145641e-01	-1.814678389942916970e-01	1.820182836018579275e-01	-1.785856651369067960e-01	1.837417084203672446e-01	-1.689230601258153164e-01	1.439755123572290518e-01	-1.179308821534097440e-01	1.187006279491164412e-01	-1.228033402622311226e-01	1.187413854544627778e-01	-9.453649661687546502e-02	1.271626918446729093e-01	-1.385819230722281914e-01	1.207103199527538584e-01	-1.250334901666946830e-01	1.335974170226547630e-01
-1.075242214738311025e-01	1.558877520285525120e-01	-1.264832825191887777e-01	1.002770880638884088e-01	-1.455853024314656130e-01	1.142184338889838807e-01	-1.533191436711312805e-01	1.382026745085577768e-01	-1.561085724351749249e-01	1.217003561399733202e-01	-2.440255354486200734e-01	2.122609686135285001e-01	-1.754837614660699208e-01	1.818128421648800841e-01	-1.320877905689886445e-01	2.802701473802191035e-01	-5.386240246215736605e-01	2.755686668557002506e-01	-2.110357114196471651e-01	1.323134939811871913e-01	-4.545359963757202304e-01	9.999999999999993339e-01	-4.594401711850422121e-01	1.869019179095334771e-01	-1.501767319649709720e-01	2.319186845777078676e-01	-3.527582226978275282e-01	2.327984494641479329e-01	-1.545226462154847547e-01	1.684794766491596874e-01	-1.587381810963898465e-01	1.550514721450244604e-01	-1.889133131200676496e-01	1.533911361859177924e-01	-1.337131079316007387e-01	1.010058966064405206e-01	-1.056260877676292453e-01	1.133738611817778491e-01	-1.101733269284282529e-01	8.636594771805104764e-02	-1.137641564393532811e-01	1.191952575779676726e-01	-1.136254378665412235e-01	1.119891809952715811e-01	-1.234016797080383226e-01
1.044859854406143124e-01	-1.618994933374987288e-01	1.346365791571514647e-01	-1.086187559867951014e-01	1.600200094033072673e-01	-1.116204813855989353e-01	1.494752816688052766e-01	-1.446535281926216721e-01	1.641501981099806051e-01	-1.417801067852663965e-01	2.116738519836863786e-01	-2.008321391330293582e-01	1.763042108419978493e-01	-2.063624304635276741e-01	1.537779426344862976e-01	-2.243662043534386530e-01	2.642891856081763247e-01	-4.018172989277186691e-01	2.587567184928585284e-01	-1.711327369471595805e-01	2.544958462618274186e-01	-4.594401711850422121e-01	9.999999999999985567e-01	-3.221231663775973586e-01	1.937943547408691736e-01	-2.005632780177108998e-01	2.337689815856373032e-01	-5.119051688757234597e-01	2.251000780418802583e-01	-2.461612161536702037e-01	1.588664967474820722e-01	-1.697933897984079676e-01	2.506133541348592453e-01	-2.105097628185521874e-01	1.619114432288948913e-01	-1.120620474282372769e-01	1.191894772386064560e-01	-1.473685007586265916e-01	1.403970313666684788e-01	-1.071748468182121966e-01	1.258733792701240972e-01	-1.383618560222093785e-01	1.398596900070440685e-01	-1.438579603975614907e-01	1.491028750621307963e-01
-9.038977208012274889e-02	1.400533867868579418e-01	-1.326254532528355901e-01	1.073772578094918245e-01	-1.699588337640503544e-01	9.413372257863394932e-02	-1.317201765336480368e-01	1.289335322948446383e-01	-1.604886112668837128e-01	1.553768059141361069e-01	-1.768006570735450866e-01	1.594405387606675772e-01	-1.572570205532418941e-01	2.040181989884510549e-01	-1.922708597684377185e-01	1.562167590248483562e-01	-1.847043069457197928e-01	2.642441017025395911e-01	-5.685117636941307007e-01	2.391515278422650936e-01	-1.830907126764768911e-01	1.869019179095334771e-01	-3.221231663775973586e-01	9.999999999999991118e-01	-4.225374490377763470e-01	1.291115836179039245e-01	-1.558532709478881173e-01	2.177289574107387771e-01	-4.462979563511477177e-01	2.927091697199165066e-01	-1.137097710906906367e-01	1.142618207966360211e-01	-1.775451077235461472e-01	1.695463070648774162e-01	-1.441969976280754462e-01	8.046989400525669800e-02	-8.603257892149675234e-02	1.043816283947275464e-01	-1.186824088729433735e-01	9.125929028699589218e-02	-9.500480103149722133e-02	9.847797913435590855e-02	-1.062100229854532341e-01	1.133476160274054373e-01	-1.285733094174946745e-01
8.577212077655374523e-02	-1.417401408343726688e-01	1.331643451761542474e-01	-1.149761685758029506e-01	1.816949228772063440e-01	-9.048600508956257393e-02	1.252249487009989559e-01	-1.268750173086270749e-01	1.571396772876320069e-01	-2.251366725751828002e-01	1.565023628275685752e-01	-1.498543632293392047e-01	1.437966278179227397e-01	-2.128375412332088601e-01	2.589079578954774918e-01	-1.359200983163530718e-01	1.467192150363666181e-01	-2.080971361589580015e-01	2.551140663131858388e-01	-6.681543225458304036e-01	1.516111763396411627e-01	-1.501767319649709720e-01	1.937943547408691736e-01	-4.225374490377763470e-01	9.999999999999993339e-01	-1.090567692037198166e-01	1.268903276494270094e-01	-1.707084502781568147e-01	2.326276863087561597e-01	-3.467786100103807390e-01	9.506916553531459535e-02	-9.645650202192167233e-02	1.404672571666983616e-01	-1.445804679185659636e-01	1.243642702170618536e-01	-6.926105284281015850e-02	7.325190870896018669e-02	-8.846937810783957190e-02	9.963298262907890890e-02	-7.964695133995298992e-02	8.142803357178587942e-02	-8.546338306716241839e-02	8.916023550565227440e-02	-9.930181274133398350e-02	1.110031961511322024e-01
-7.562051172068033622e-02	1.108964696042711862e-01	-9.188116407756857784e-02	7.264853634296437879e-02	-1.073354120074502954e-01	8.045475797645539051e-02	-1.013445766573194268e-01	9.387792043410253529e-02	-1.082781204396522645e-01	8.924209155803207449e-02	-1.662894180868420557e-01	1.310548714334704434e-01	-1.107386051328723420e-01	1.272475035981288916e-01	-9.601237279868307661e-02	1.871782040812948467e-01	-1.757538022994614424e-01	1.630522132357551390e-01	-1.358874318646224599e-01	9.643992045910765309e-02	-3.628008129115776192e-01	2.319186845777078676e-01	-2.005632780177108998e-01	1.291115836179039245e-01	-1.090567692037198166e-01	9.999999999999990008e-01	-6.963424505582792579e-01	2.027664224469880871e-01	-1.215787820966927890e-01	1.344815787458096268e-01	-4.399100855243649466e-01	2.580867198941660945e-01	-1.979738503406765215e-01	1.455579385503120438e-01	-1.234898499645650793e-01	1.532067879580017167e-01	-1.528559155490001320e-01	1.244497092940855254e-01	-1.064660731799810384e-01	8.098600129258631819e-02	-1.598671238620800739e-01	1.569634625237376624e-01	-1.241609968331237879e-01	1.089375750787332786e-01	-1.158394462474333086e-01
8.438692125718415260e-02	-1.284509254993055627e-01	1.041740488353796179e-01	-8.314795122750970324e-02	1.217488879826014586e-01	-9.083047779247586939e-02	1.156666062827755581e-01	-1.087792579630901535e-01	1.236766453436265456e-01	-1.036399817258534389e-01	1.766991698961045132e-01	-1.538956073398371482e-01	1.276428010521578893e-01	-1.496711682359024576e-01	1.105030630284781074e-01	-2.057664944126656459e-01	2.012745349068211786e-01	-1.989190637693591113e-01	1.575967616069749999e-01	-1.138519581286837334e-01	2.695997450142937901e-01	-3.527582226978275282e-01	2.337689815856373032e-01	-1.558532709478881173e-01	1.268903276494270094e-01	-6.963424505582792579e-01	1.000000000000001110e+00	-2.934552141419837223e-01	1.460091859841158302e-01	-1.654573234261655923e-01	2.675332005041790584e-01	-3.072502995636444134e-01	2.166489407967212566e-01	-1.715898974876694794e-01	1.364903662860137423e-01	-1.552972590921780360e-01	1.573447359735241913e-01	-1.409248484384720557e-01	1.198718199648553112e-01	-9.103755206235343567e-02	1.532789107132346840e-01	-1.764125158821407136e-01	1.346694154445439717e-01	-1.249988701187489393e-01	1.278729651325803407e-01
-8.643424209917940915e-02	1.296448084768369036e-01	-1.155847453796802621e-01	9.146545697236534156e-02	-1.398613085853659954e-01	9.046349560496784459e-02	-1.199763988060756487e-01	1.135303854424656589e-01	-1.351053213994621305e-01	1.177480689252432822e-01	-1.779519705865823254e-01	1.498464888278541463e-01	-1.355606506067464079e-01	1.600225325700112833e-01	-1.318114937255110697e-01	1.684418282977521164e-01	-1.878913373683711308e-01	2.207892977897660258e-01	-2.054391329336481553e-01	1.388679635033113202e-01	-2.195429521133942519e-01	2.327984494641479329e-01	-5.119051688757234597e-01	2.177289574107387771e-01	-1.707084502781568147e-01	2.027664224469880871e-01	-2.934552141419837223e-01	9.999999999999986677e-01	-3.068979644640882909e-01	2.346553221940465561e-01	-1.968359095662528258e-01	2.052279514003821359e-01	-5.614165367293627584e-01	2.391489982640640499e-01	-1.873815882345774841e-01	1.277075026927236845e-01	-1.448598921669608519e-01	1.907446426165442521e-01	-1.704960467014220715e-01	1.210672122737333073e-01	-1.473469112496460232e-01	1.557910933532903885e-01	-1.899828801338286355e-01	1.605224602944004819e-01	-1.721651594608213098e-01
7.312772069635413430e-02	-1.134358572545253324e-01	1.049072042730986171e-01	-8.464418323380014375e-02	1.322828815505381894e-01	-7.647255409105226109e-02	1.038963302126303112e-01	-1.010963106652534721e-01	1.230326373850220978e-01	-1.207152828827329077e-01	1.431809435911255979e-01	-1.267561060675288231e-01	1.190392554760669880e-01	-1.544522563295200601e-01	1.396086623876471866e-01	-1.285661899043518130e-01	1.409482496389129202e-01	-1.927875957683060637e-01	2.339824276834569505e-01	-1.743237136895364470e-01	1.531608904372145641e-01	-1.545226462154847547e-01	2.251000780418802583e-01	-4.462979563511477177e-01	2.326276863087561597e-01	-1.215787820966927890e-01	1.460091859841158302e-01	-3.068979644640882909e-01	9.999999999999997780e-01	-7.221783540001057711e-01	1.119656059061895775e-01	-1.163621264082483897e-01	1.991202551864407755e-01	-2.487179116183192706e-01	1.584592237607882759e-01	-8.017997391418293929e-02	8.718461090950796466e-02	-1.134360955167639240e-01	1.411369034012936174e-01	-1.021059714043265343e-01	9.379987463450308038e-02	-9.965948614846684150e-02	1.128676140676315304e-01	-1.279014201218062197e-01	1.371460038523944491e-01
-8.787220933244836718e-02	1.336335613964824420e-01	-1.319733861626356808e-01	1.046470398228703663e-01	-1.703209486582624443e-01	9.061949418655101951e-02	-1.239117161510907561e-01	1.188588577727503620e-01	-1.492680628416264421e-01	1.462698910566705979e-01	-1.731981701233223925e-01	1.458122886954478503e-01	-1.394396723284480055e-01	1.756989914084473858e-01	-1.808978522138647294e-01	1.469646939928256069e-01	-1.614157871796636501e-01	2.019978896124385304e-01	-2.666308494491975156e-01	2.043373476297483671e-01	-1.814678389942916970e-01	1.684794766491596874e-01	-2.461612161536702037e-01	2.927091697199165066e-01	-3.467786100103807390e-01	1.344815787458096268e-01	-1.654573234261655923e-01	2.346553221940465561e-01	-7.221783540001057711e-01	9.999999999999996669e-01	-1.271898456442309977e-01	1.266295965657653899e-01	-2.115789280949771090e-01	2.098214489528389681e-01	-2.006783051786909244e-01	9.038921547604857054e-02	-9.791851537358005342e-02	1.219269378568521023e-01	-1.536672154446973859e-01	1.199762881124596253e-01	-1.087216856627329781e-01	1.108740838106960225e-01	-1.269390021580137917e-01	1.387471746607246703e-01	-1.661657250525654383e-01
6.028969825822880213e-02	-9.127850054651154288e-02	7.702426744209993348e-02	-6.111505787739528878e-02	9.112181082128452403e-02	-6.409897842895907749e-02	8.174533256949126359e-02	-7.705675750487440967e-02	8.953801191652843716e-02	-7.672430137751411194e-02	1.247485077922876051e-01	-1.038494929797187799e-01	8.928898542390643900e-02	-1.069472789445722882e-01	8.215488081169014523e-02	-1.313478213442890175e-01	1.239084627216280876e-01	-1.339382284638435672e-01	1.134982793747025681e-01	-8.445355644431083719e-02	1.820182836018579275e-01	-1.587381810963898465e-01	1.588664967474820722e-01	-1.137097710906906367e-01	9.506916553531459535e-02	-4.399100855243649466e-01	2.675332005041790584e-01	-1.968359095662528258e-01	1.119656059061895775e-01	-1.271898456442309977e-01	9.999999999999991118e-01	-6.884173847173233884e-01	2.202557400162190870e-01	-1.610010661033149104e-01	1.207216080372223443e-01	-3.111874939848473520e-01	2.460759790102375055e-01	-1.588321759225881091e-01	1.132267828443848517e-01	-8.251102424005146707e-02	2.216214014126051957e-01	-2.498128508775548928e-01	1.473835681984160817e-01	-1.196922663234160633e-01	1.153913947288294772e-01
-5.984249198160532246e-02	8.935029983315158353e-02	-7.715720470873180248e-02	6.089868767888555190e-02	-9.169253438359380171e-02	6.305465356870597338e-02	-8.104690648811307963e-02	7.602424135727872678e-02	-8.930753057255227945e-02	7.624256753135623399e-02	-1.250593975689516524e-01	1.017510114574763092e-01	-8.867631123243457925e-02	1.051014423471584719e-01	-8.254901287936827758e-02	1.245243792008810940e-01	-1.240063172973047412e-01	1.317952226343361566e-01	-1.151555662253665457e-01	8.411219653354572168e-02	-1.785856651369067960e-01	1.550514721450244604e-01	-1.697933897984079676e-01	1.142618207966360211e-01	-9.645650202192167233e-02	2.580867198941660945e-01	-3.072502995636444134e-01	2.052279514003821359e-01	-1.163621264082483897e-01	1.266295965657653899e-01	-6.884173847173233884e-01	9.999999999999995559e-01	-3.371420349828892493e-01	1.691963087766508167e-01	-1.308738301398680859e-01	2.383705383109593623e-01	-3.792080587587600138e-01	1.763979513697624679e-01	-1.244246551344088403e-01	8.791094983338576530e-02	-2.377124147956674594e-01	2.447664837869787113e-01	-1.711532108676689923e-01	1.252625574991746982e-01	-1.249698865654492869e-01
7.652869742899717775e-02	-1.171358001819695904e-01	1.020473186185068687e-01	-8.116758329885842560e-02	1.227674472492927271e-01	-8.073718476659379195e-02	1.054567402838444412e-01	-1.005719364419714323e-01	1.183573056165490300e-01	-1.049111345258637168e-01	1.538738303665898588e-01	-1.320817677779884125e-01	1.170201323883207634e-01	-1.428030114863313160e-01	1.138892942025737237e-01	-1.478020576432438893e-01	1.522545524327252320e-01	-1.861680070080684035e-01	1.632869856692402699e-01	-1.215047226281258386e-01	1.837417084203672446e-01	-1.889133131200676496e-01	2.506133541348592453e-01	-1.775451077235461472e-01	1.404672571666983616e-01	-1.979738503406765215e-01	2.166489407967212566e-01	-5.614165367293627584e-01	1.991202551864407755e-01	-2.115789280949771090e-01	2.202557400162190870e-01	-3.371420349828892493e-01	9.999999999999992228e-01	-4.080776666302775579e-01	1.964653996735018227e-01	-1.565640714128843369e-01	1.844612655386531075e-01	-3.597206109792111528e-01	2.119805423308598336e-01	-1.379440276695335643e-01	1.662779752146605339e-01	-2.024308776960022094e-01	2.410634849506980149e-01	-2.087921132548606895e-01	1.843374269619041383e-01
-7.403046263236243152e-02	1.109540539648837115e-01	-1.024602010989340423e-01	8.038301689755952828e-02	-1.250582282791831146e-01	7.681953573698631355e-02	-1.009563444937276178e-01	9.543338614060960234e-02	-1.157316201081297624e-01	1.030193045773609567e-01	-1.495820016115234630e-01	1.215542388378329092e-01	-1.105905801793724275e-01	1.346728503427973289e-01	-1.147413733118568535e-01	1.314006447293306068e-01	-1.363968863314269919e-01	1.608696352746608327e-01	-1.616082533477734839e-01	1.185305501478159940e-01	-1.689230601258153164e-01	1.533911361859177924e-01	-2.105097628185521874e-01	1.695463070648774162e-01	-1.445804679185659636e-01	1.455579385503120438e-01	-1.715898974876694794e-01	2.391489982640640499e-01	-2.487179116183192706e-01	2.098214489528389681e-01	-1.610010661033149104e-01	1.691963087766508167e-01	-4.080776666302775579e-01	9.999999999999961142e-01	-3.948266131612996888e-01	1.185253133994361024e-01	-1.365557211667229875e-01	2.056726386885658897e-01	-5.657462264574468769e-01	2.387568070810509591e-01	-1.415095169572833655e-01	1.527041819982182247e-01	-2.152543999409511910e-01	2.931983274291840025e-01	-3.156474351273345635e-01
