1.000000000000000222e+00	-8.965653977016092568e-01	1.776816882930723762e-01	-1.119138837370118461e-01	9.945607778133759569e-02	-2.012944057520265895e-01	1.554997607542918103e-01	-1.544187945611826263e-01	1.202933381331735413e-01	-1.341308296594237170e-01	1.630708407406222249e-01	-1.158420656340128085e-01	1.303615502395627512e-01	-7.439584110448474452e-02	9.459507532744859670e-02	-9.943453236915987536e-02	8.069003471501744185e-02	-9.111443662288964962e-02	7.034942410121194922e-02	-1.041255969706872536e-01	7.007662913131984528e-02	-5.979223405953149051e-02	7.189460041957913827e-02	-6.744447947734374949e-02	6.331371454414759514e-02	-5.535341793727874271e-02	6.166923145805608408e-02	-6.621318742761436726e-02	6.448092745692082794e-02	-5.062246265090735581e-02	4.710922919382140583e-02	-5.887041801029460619e-02	5.512688945554814618e-02	-5.364404047278866633e-02	5.194713700723779803e-02	-6.221770929531976468e-02	5.421870069413479293e-02	-4.963716681218909715e-02	5.128451418289824149e-02	-6.422714866415213386e-02	4.209408121584578416e-02	-3.133130055875738701e-02	4.803458142292676286e-02	-4.200850324949854941e-02	5.813988170248056420e-02
-8.965653977016092568e-01	1.000000000000000666e+00	-2.342216880997205763e-01	1.116065601544297542e-01	-1.013703273219233175e-01	1.509868691741999558e-01	-1.858763865511675051e-01	1.550437294561318180e-01	-1.226164151315800727e-01	1.216391784217359245e-01	-1.702839873056461450e-01	1.192221057114832561e-01	-1.399680069591551224e-01	7.015152493713000537e-02	-8.743729547407293190e-02	8.905808850393454046e-02	-7.624957299319500004e-02	8.458607407409401979e-02	-6.641738990148772503e-02	9.362859203491080695e-02	-6.417898559247074697e-02	5.503362792550119120e-02	-6.645171285623971413e-02	6.180986000946565168e-02	-5.786425639503141316e-02	4.998967908745959032e-02	-5.621158050592942740e-02	5.999816969908843695e-02	-5.887269495904811495e-02	4.590385750206030235e-02	-4.253643893988817704e-02	5.313568176600396570e-02	-4.998389313432114595e-02	4.854095139516600987e-02	-4.713392062053733955e-02	5.573870780360869887e-02	-4.888540356673455600e-02	4.465315907948645691e-02	-4.629796283097567522e-02	5.770511284879950575e-02	-3.786429511791326863e-02	2.816123289454705581e-02	-4.323370276793397221e-02	3.777160348578377513e-02	-5.231377892529071733e-02
1.776816882930723762e-01	-2.342216880997205763e-01	1.000000000000000000e+00	-4.293567238820415466e-01	2.383530489357361948e-01	-6.625119318850626604e-02	2.010068805064835484e-01	-6.774908539755839509e-01	2.904072318613460379e-01	-2.831792590357957162e-01	7.075161637133522974e-02	-1.665110690892928624e-01	2.362212003604252097e-01	-1.505776960834830924e-01	1.706120727507091095e-01	-1.530524128423299268e-01	1.270221944560470106e-01	-1.496059997902499106e-01	1.325978063785426819e-01	-1.818066290590418244e-01	1.106513657008516005e-01	-9.553586951708546715e-02	1.173835362850875336e-01	-1.152717122018367540e-01	1.064397812041815577e-01	-8.821795639096613462e-02	9.868771314864888122e-02	-1.077244286266856310e-01	1.069421755774113830e-01	-8.403737575446008912e-02	7.529198839517911579e-02	-9.448926980162977718e-02	8.941390248332332924e-02	-8.765273135104577340e-02	8.545339908352658775e-02	-9.906847446045778660e-02	8.701107424492399156e-02	-7.981693454647351138e-02	8.313300099726735060e-02	-1.042780103091832250e-01	6.726561330996003174e-02	-5.011568894832910126e-02	7.693587344392953387e-02	-6.743511181348516015e-02	9.304794066817868858e-02
-1.119138837370118461e-01	1.116065601544297542e-01	-4.293567238820415466e-01	1.000000000000000222e+00	-6.322242567536061619e-01	4.320273004634849617e-02	-1.502855167905116918e-01	2.531028817015344989e-01	-5.004698365452560083e-01	2.950982709996021192e-01	-4.753662731707532924e-02	1.091366107725961904e-01	-1.693802785932326527e-01	1.616494163488454150e-01	-1.746905814792748257e-01	1.182421212990582976e-01	-1.010415791165876903e-01	1.143015596357252056e-01	-1.423120984193798066e-01	1.627497743404528463e-01	-8.999463179128555645e-02	7.742687625469459045e-02	-9.805216419129389460e-02	1.027793297664283262e-01	-9.453453210433929166e-02	7.153913212223644846e-02	-8.120314149843325946e-02	8.958223382578273108e-02	-9.317937910765368426e-02	7.239415900690000794e-02	-6.165143351842952701e-02	7.750719410366194162e-02	-7.490712864114022762e-02	7.400173094100585824e-02	-7.333110206306903134e-02	8.025792449083829494e-02	-7.200500118336905508e-02	6.596597030761720826e-02	-6.973573764130139296e-02	8.678296414157897487e-02	-5.555338183900692534e-02	4.132159581271682702e-02	-6.376946342485202701e-02	5.589355205752717659e-02	-7.734827626632075070e-02
9.945607778133759569e-02	-1.013703273219233175e-01	2.383530489357361948e-01	-6.322242567536061619e-01	1.000000000000000444e+00	-4.195154304644302390e-02	1.470484537293664795e-01	-2.106706669342475469e-01	2.848425762179585541e-01	-6.062032171694483607e-01	4.595823564523836974e-02	-1.057056579915539724e-01	1.586896887396575528e-01	-1.610766164363829078e-01	2.091425523539481857e-01	-1.341306930204614334e-01	1.104306532420440828e-01	-1.241093993761847869e-01	1.383769232026005325e-01	-2.006914838504902654e-01	1.011966296900739665e-01	-8.628646478151695554e-02	1.082296759395846297e-01	-1.133887419400111396e-01	1.061552225386730441e-01	-8.146003427726787594e-02	9.177261695203130232e-02	-1.014574095166712459e-01	1.039183468007520567e-01	-8.241460267259066719e-02	7.035815292716370017e-02	-8.841492306538689672e-02	8.501580274578791896e-02	-8.417744284185631198e-02	8.328152531241098111e-02	-9.225452449315657555e-02	8.246915303336285752e-02	-7.568222178475905726e-02	7.969626325664175281e-02	-9.986786115344191417e-02	6.389461434965135189e-02	-4.752550129322737071e-02	7.330346262248166322e-02	-6.426476769033845349e-02	8.904043478414057355e-02
-2.012944057520265895e-01	1.509868691741999558e-01	-6.625119318850626604e-02	4.320273004634849617e-02	-4.195154304644302390e-02	1.000000000000000222e+00	-1.066104363847336645e-01	6.301733769893806680e-02	-5.311740332177811164e-02	5.523150505292579587e-02	-9.544177654187950832e-01	9.859981098431719326e-02	-8.892313585537783838e-02	3.381020759622623689e-02	-4.313625312381598464e-02	5.238417392755824464e-02	-4.639080342294663734e-02	4.880028182513625884e-02	-3.282228179673189750e-02	4.721321044125524613e-02	-3.713193010999839977e-02	3.156841520698482756e-02	-3.717573783042248808e-02	3.271008320167217293e-02	-3.058795767289387499e-02	2.758651611160518533e-02	-3.130091985576838320e-02	3.260091136688690605e-02	-3.152067438902526886e-02	2.438336093452534922e-02	-2.330953682880063452e-02	2.901131765111046590e-02	-2.711759789378320393e-02	2.607479549137105279e-02	-2.517156822725297519e-02	3.025129190941730495e-02	-2.649458641868260300e-02	2.409314112428291577e-02	-2.489101225612342511e-02	3.085412223811414070e-02	-2.046428749155934645e-02	1.520756003642663445e-02	-2.333029639312183753e-02	2.033089317505255150e-02	-2.816475996414113947e-02
1.554997607542918103e-01	-1.858763865511675051e-01	2.010068805064835484e-01	-1.502855167905116918e-01	1.470484537293664795e-01	-1.066104363847336645e-01	1.000000000000000666e+00	-2.730318918753599222e-01	1.927540033867834179e-01	-2.109952185841458272e-01	1.076646662003440946e-01	-6.903901882738917584e-01	3.235684342780004163e-01	-1.362130632379129069e-01	1.721239290549667345e-01	-2.194618917987158635e-01	1.895270646853426111e-01	-2.185845294046112608e-01	1.310029938326332244e-01	-1.976523195695065183e-01	1.495381165848668203e-01	-1.331306361749377276e-01	1.540565593501309893e-01	-1.371222023900479647e-01	1.267323443412697315e-01	-1.174736178057361330e-01	1.302357725117593013e-01	-1.387670825843592970e-01	1.312439792398502059e-01	-1.026271139815212591e-01	9.856941113738450222e-02	-1.234017582631138366e-01	1.140537311426057659e-01	-1.101367033061526196e-01	1.054170635046082216e-01	-1.299023247657930258e-01	1.118064894180187951e-01	-1.022965532341435918e-01	1.049731141616385283e-01	-1.316294114973414198e-01	8.629184345358706376e-02	-6.435541983535025823e-02	9.827542058274404968e-02	-8.596789626790088401e-02	1.182893732958765765e-01
-1.544187945611826263e-01	1.550437294561318180e-01	-6.774908539755839509e-01	2.531028817015344989e-01	-2.106706669342475469e-01	6.301733769893806680e-02	-2.730318918753599222e-01	9.999999999999997780e-01	-4.070828219277136117e-01	2.216428272462849514e-01	-6.881358653573631246e-02	2.032197704235361169e-01	-4.018400838362736760e-01	1.507231353091521286e-01	-1.580637675082952609e-01	1.419694912373183349e-01	-1.286746948935307278e-01	1.488191221191375868e-01	-1.359531737528787421e-01	1.629097506180866572e-01	-1.054282109361103920e-01	9.217196820464983176e-02	-1.144539881754985944e-01	1.098018022332337834e-01	-1.004960228780791276e-01	8.221371342678174265e-02	-9.324322904278886659e-02	1.008135379894046224e-01	-1.012513685045245970e-01	7.832835921123550149e-02	-7.002343299388774644e-02	8.784188204087961527e-02	-8.362364159969701283e-02	8.163177860241206674e-02	-7.978551426524430057e-02	9.106648587138158057e-02	-8.057463860186581117e-02	7.366941138177726667e-02	-7.708785509812968173e-02	9.594883026784069291e-02	-6.200428107876396200e-02	4.616270619131741110e-02	-7.096520527187147320e-02	6.212590101544572530e-02	-8.571677363698473884e-02
1.202933381331735413e-01	-1.226164151315800727e-01	2.904072318613460379e-01	-5.004698365452560083e-01	2.848425762179585541e-01	-5.311740332177811164e-02	1.927540033867834179e-01	-4.070828219277136117e-01	9.999999999999997780e-01	-3.989355601467429180e-01	5.780737652838457280e-02	-1.468897507828939852e-01	2.174726957664693261e-01	-3.742315661272384020e-01	2.448276693641589785e-01	-1.817297790593035423e-01	1.494812954800913418e-01	-1.743294263019196932e-01	2.314318770291294569e-01	-2.653786057423095923e-01	1.359692884845117855e-01	-1.179662869804788405e-01	1.497214106761406704e-01	-1.681877519870474402e-01	1.471517953137894685e-01	-1.100897299366596777e-01	1.237781158485313504e-01	-1.398036638712993607e-01	1.444119023302941895e-01	-1.139236396310860239e-01	9.462140012399408717e-02	-1.197042461484481013e-01	1.154668737445238985e-01	-1.152660831599264524e-01	1.135265652439104850e-01	-1.239770393461691878e-01	1.104222272339698135e-01	-1.018263060219381649e-01	1.076195827463979626e-01	-1.356749824973354501e-01	8.484897089151180460e-02	-6.333680284958040363e-02	9.748095953721791496e-02	-8.585771435100947313e-02	1.178401074736361992e-01
-1.341308296594237170e-01	1.216391784217359245e-01	-2.831792590357957162e-01	2.950982709996021192e-01	-6.062032171694483607e-01	5.523150505292579587e-02	-2.109952185841458272e-01	2.216428272462849514e-01	-3.989355601467429180e-01	1.000000000000000888e+00	-6.207129865546628239e-02	1.397146017315015198e-01	-2.215646944768411841e-01	2.048954162136875645e-01	-4.209894381217130221e-01	1.657266982895344576e-01	-1.474074300345921962e-01	1.581855196689083976e-01	-1.977395846032863891e-01	2.546367255328529366e-01	-1.340735304233617586e-01	1.132713207200776173e-01	-1.447151575871642726e-01	1.490223848307379029e-01	-1.444354922718785461e-01	1.050793256349612514e-01	-1.214483723247794800e-01	1.316708830315070355e-01	-1.403284053376100127e-01	1.084660981265500868e-01	-9.186366583990496215e-02	1.146728928025469302e-01	-1.125340245239578457e-01	1.105906104475577190e-01	-1.115003445487630779e-01	1.180519098915180087e-01	-1.089036476321337266e-01	9.887623312225080063e-02	-1.054000254725324381e-01	1.286057064090207203e-01	-8.485713580797646372e-02	6.266122310241178939e-02	-9.753428146516682218e-02	8.485773881796154772e-02	-1.194474926825140199e-01
1.630708407406222249e-01	-1.702839873056461450e-01	7.075161637133522974e-02	-4.753662731707532924e-02	4.595823564523836974e-02	-9.544177654187950832e-01	1.076646662003440946e-01	-6.881358653573631246e-02	5.780737652838457280e-02	-6.207129865546628239e-02	1.000000000000000222e+00	-1.152623569884634464e-01	9.213134835771691344e-02	-3.749918939809321339e-02	4.808286642537567407e-02	-5.917252394513494718e-02	5.058601816543233098e-02	-5.408587178519835142e-02	3.633854650833114042e-02	-5.308681044676551164e-02	4.111519504524213664e-02	-3.498358455419487562e-02	4.110444748310881913e-02	-3.644175634676945913e-02	3.408578259952730477e-02	-3.082385587826257101e-02	3.478970963827310303e-02	-3.641531779374019423e-02	3.511505371760514221e-02	-2.725091384872372138e-02	2.604270480880455096e-02	-3.243580330792992378e-02	3.026364653164435523e-02	-2.914565024439484675e-02	2.810878670526924944e-02	-3.393336479824051594e-02	2.962994988102408619e-02	-2.698049550444311939e-02	2.783825678495928727e-02	-3.459333132088259627e-02	2.290660900024122509e-02	-1.703092153265579889e-02	2.611043416446307344e-02	-2.276910404563346757e-02	3.152340581080655818e-02
-1.158420656340128085e-01	1.192221057114832561e-01	-1.665110690892928624e-01	1.091366107725961904e-01	-1.057056579915539724e-01	9.859981098431719326e-02	-6.903901882738917584e-01	2.032197704235361169e-01	-1.468897507828939852e-01	1.397146017315015198e-01	-1.152623569884634464e-01	1.000000000000000444e+00	-5.981364431989145691e-01	9.539513827868859042e-02	-1.163127800882070018e-01	1.525979730285261238e-01	-1.843401504789071443e-01	1.741763532138518311e-01	-9.294473516351038633e-02	1.297357880976094391e-01	-1.104046885942469719e-01	1.027363512209132634e-01	-1.170522941451318244e-01	9.624173077765992013e-02	-8.796070473972147918e-02	8.200845058018355060e-02	-9.388683000932858402e-02	9.657477873405621860e-02	-9.168029697200907879e-02	7.026697791063617193e-02	-6.823905627634722915e-02	8.529077455612781022e-02	-7.917776630168602003e-02	7.554027685243520918e-02	-7.234250549187792867e-02	8.766571928801594749e-02	-7.635167966272743412e-02	6.933190093300052592e-02	-7.151737383960578287e-02	8.854060562492341302e-02	-5.838517840490838745e-02	4.347701577518207211e-02	-6.651413216376721171e-02	5.799816494369049169e-02	-7.978932857392664890e-02
1.303615502395627512e-01	-1.399680069591551224e-01	2.362212003604252097e-01	-1.693802785932326527e-01	1.586896887396575528e-01	-8.892313585537783838e-02	3.235684342780004163e-01	-4.018400838362736760e-01	2.174726957664693261e-01	-2.215646944768411841e-01	9.213134835771691344e-02	-5.981364431989145691e-01	1.000000000000000000e+00	-1.490130602004273164e-01	1.791246319975001444e-01	-2.222550700458639228e-01	2.067652219714870843e-01	-2.865604919692621433e-01	1.414121393580698438e-01	-2.037601436696040991e-01	1.570488690167381740e-01	-1.418024028611251375e-01	1.708557399533574550e-01	-1.462002801344591540e-01	1.332165586093118914e-01	-1.215831484242512750e-01	1.364978703379515212e-01	-1.455991801131489016e-01	1.380814645058444645e-01	-1.070666768449197587e-01	1.019615701508279626e-01	-1.278142669130777898e-01	1.190105895508332401e-01	-1.145603746526753508e-01	1.097510796426114515e-01	-1.331006224424531870e-01	1.153590112592128708e-01	-1.053703806306359320e-01	1.085926533036284947e-01	-1.355887324014159734e-01	8.864266276817038548e-02	-6.609352138234868279e-02	1.010494157677536975e-01	-8.836751076681720329e-02	1.214696453512075225e-01
-7.439584110448474452e-02	7.015152493713000537e-02	-1.505776960834830924e-01	1.616494163488454150e-01	-1.610766164363829078e-01	3.381020759622623689e-02	-1.362130632379129069e-01	1.507231353091521286e-01	-3.742315661272384020e-01	2.048954162136875645e-01	-3.749918939809321339e-02	9.539513827868859042e-02	-1.490130602004273164e-01	1.000000000000000444e+00	-3.382106911810487948e-01	1.490107749981193497e-01	-1.359867442089334744e-01	1.550331951064642666e-01	-7.545292210561442836e-01	2.606516099465639447e-01	-1.259080209781299475e-01	1.121268774191465922e-01	-1.613551558578677492e-01	2.168980913236808472e-01	-1.794679223798004708e-01	9.969311223563102897e-02	-1.172757249251858563e-01	1.379312106700813778e-01	-1.709860547822030230e-01	1.219920483474114109e-01	-8.691145490455128020e-02	1.111653191111392630e-01	-1.146663198652651400e-01	1.169378479649918756e-01	-1.202394874547844245e-01	1.097445998996513516e-01	-1.029544460628671748e-01	9.475804915314103849e-02	-1.052934264890842408e-01	1.286028391045756503e-01	-7.743368364937866510e-02	5.779398352323097260e-02	-8.998386748078127106e-02	7.959211716962372174e-02	-1.087475802177390038e-01
9.459507532744859670e-02	-8.743729547407293190e-02	1.706120727507091095e-01	-1.746905814792748257e-01	2.091425523539481857e-01	-4.313625312381598464e-02	1.721239290549667345e-01	-1.580637675082952609e-01	2.448276693641589785e-01	-4.209894381217130221e-01	4.808286642537567407e-02	-1.163127800882070018e-01	1.791246319975001444e-01	-3.382106911810487948e-01	9.999999999999998890e-01	-2.039923097317919154e-01	1.645830693482023821e-01	-1.833515870882560239e-01	2.535728988178160836e-01	-6.602323258996046773e-01	1.583701501635476350e-01	-1.360398085887346287e-01	1.749021566540537032e-01	-2.052569081962818953e-01	2.026948747094093894e-01	-1.314101187792501013e-01	1.478017994166357651e-01	-1.701740156871433263e-01	1.793272344619631642e-01	-1.530755927387885962e-01	1.143661256279188687e-01	-1.454517330184877943e-01	1.423905329035666245e-01	-1.451364353695531184e-01	1.475081519284518750e-01	-1.501709976406860325e-01	1.358457791258875780e-01	-1.260263170532150701e-01	1.351451219578723439e-01	-1.738696600477287468e-01	1.043945044521261689e-01	-7.801309735518578703e-02	1.205039343711345884e-01	-1.066258534396493374e-01	1.461589557348346724e-01
-9.943453236915987536e-02	8.905808850393454046e-02	-1.530524128423299268e-01	1.182421212990582976e-01	-1.341306930204614334e-01	5.238417392755824464e-02	-2.194618917987158635e-01	1.419694912373183349e-01	-1.817297790593035423e-01	1.657266982895344576e-01	-5.917252394513494718e-02	1.525979730285261238e-01	-2.222550700458639228e-01	1.490107749981193497e-01	-2.039923097317919154e-01	9.999999999999993339e-01	-4.637057883078022358e-01	2.898686356222764937e-01	-1.643477352441615746e-01	2.069058809523961762e-01	-5.937081572913308625e-01	3.026761755654893693e-01	-3.096569730028039258e-01	2.072050887209571091e-01	-1.987114468967595970e-01	2.153300052486019911e-01	-2.755687346861172005e-01	2.233750989535499831e-01	-2.172330729944841610e-01	1.537825648455753702e-01	-1.807046484755452376e-01	2.087251890120934983e-01	-1.957511612120401145e-01	1.742416774915559186e-01	-1.674398623909937878e-01	2.022592198153408682e-01	-1.912004475246849300e-01	1.634662611968961676e-01	-1.692590054928377052e-01	1.911542891621929030e-01	-1.465738719493724085e-01	1.061692914828335221e-01	-1.658222834265488665e-01	1.390561682266421850e-01	-1.999475653036443812e-01
8.069003471501744185e-02	-7.624957299319500004e-02	1.270221944560470106e-01	-1.010415791165876903e-01	1.104306532420440828e-01	-4.639080342294663734e-02	1.895270646853426111e-01	-1.286746948935307278e-01	1.494812954800913418e-01	-1.474074300345921962e-01	5.058601816543233098e-02	-1.843401504789071443e-01	2.067652219714870843e-01	-1.359867442089334744e-01	1.645830693482023821e-01	-4.637057883078022358e-01	1.000000000000001110e+00	-6.187695620562875254e-01	1.471415528509106008e-01	-1.879072813793989383e-01	2.928462401454330344e-01	-4.290113306841418783e-01	2.972532905815348792e-01	-1.961420972733314561e-01	1.658009179896074714e-01	-1.961013583461661824e-01	2.302108356460093042e-01	-2.118537822856598474e-01	1.831406646727911092e-01	-1.338594501815649485e-01	1.489522971728632905e-01	-1.886327187614244283e-01	1.649512921514376951e-01	-1.499582958664166521e-01	1.382065011360851248e-01	-1.780402706011461056e-01	1.526082151848661417e-01	-1.355656513543750941e-01	1.380382223330458014e-01	-1.661226064147078019e-01	1.118858974137517392e-01	-8.349078570618456707e-02	1.265744124948719740e-01	-1.093488798716119176e-01	1.477850658437151188e-01
-9.111443662288964962e-02	8.458607407409401979e-02	-1.496059997902499106e-01	1.143015596357252056e-01	-1.241093993761847869e-01	4.880028182513625884e-02	-2.185845294046112608e-01	1.488191221191375868e-01	-1.743294263019196932e-01	1.581855196689083976e-01	-5.408587178519835142e-02	1.741763532138518311e-01	-2.865604919692621433e-01	1.550331951064642666e-01	-1.833515870882560239e-01	2.898686356222764937e-01	-6.187695620562875254e-01	9.999999999999993339e-01	-1.856572856626569068e-01	1.971043082783404954e-01	-2.861941612213150798e-01	2.816292018756541005e-01	-4.870626024159823708e-01	2.225862357395394231e-01	-1.948326575955163786e-01	1.768699594375162387e-01	-2.302726058858905189e-01	2.183212311660611415e-01	-2.112024552943018718e-01	1.455365510101793991e-01	-1.460535808300832683e-01	1.807086510596307150e-01	-1.776479826405701623e-01	1.589250509354455387e-01	-1.526240419435099249e-01	1.698941234153983626e-01	-1.571573954717277732e-01	1.383352246244972938e-01	-1.466265554309957031e-01	1.705966408297349690e-01	-1.159552636076276039e-01	8.568743716815063749e-02	-1.325258026706922498e-01	1.139935205984952543e-01	-1.571919181537306531e-01
7.034942410121194922e-02	-6.641738990148772503e-02	1.325978063785426819e-01	-1.423120984193798066e-01	1.383769232026005325e-01	-3.282228179673189750e-02	1.310029938326332244e-01	-1.359531737528787421e-01	2.314318770291294569e-01	-1.977395846032863891e-01	3.633854650833114042e-02	-9.294473516351038633e-02	1.414121393580698438e-01	-7.545292210561442836e-01	2.535728988178160836e-01	-1.643477352441615746e-01	1.471415528509106008e-01	-1.856572856626569068e-01	1.000000000000003109e+00	-3.401237076265047898e-01	1.357031680583162259e-01	-1.259863791091563878e-01	1.803544579417469540e-01	-3.509390981269145393e-01	1.985475398496562571e-01	-1.100792401289911321e-01	1.277252406670310036e-01	-1.585441956547428421e-01	1.881101203190824189e-01	-1.414905455557280423e-01	9.505790174320394303e-02	-1.233021586762138300e-01	1.263508483436714402e-01	-1.323489480282660780e-01	1.318558489596419747e-01	-1.206704679741106429e-01	1.119439838737339710e-01	-1.042898724504794650e-01	1.154723803220727846e-01	-1.446613315304354497e-01	8.352759295504158521e-02	-6.270797912319742151e-02	9.720158420155265711e-02	-8.671071526613979841e-02	1.166558870679136745e-01
-1.041255969706872536e-01	9.362859203491080695e-02	-1.818066290590418244e-01	1.627497743404528463e-01	-2.006914838504902654e-01	4.721321044125524613e-02	-1.976523195695065183e-01	1.629097506180866572e-01	-2.653786057423095923e-01	2.546367255328529366e-01	-5.308681044676551164e-02	1.297357880976094391e-01	-2.037601436696040991e-01	2.606516099465639447e-01	-6.602323258996046773e-01	2.069058809523961762e-01	-1.879072813793989383e-01	1.971043082783404954e-01	-3.401237076265047898e-01	9.999999999999997780e-01	-1.823524677220226264e-01	1.543036766466513443e-01	-2.084924764115766160e-01	2.383108502810040163e-01	-3.210145324321740934e-01	1.447538195012247342e-01	-1.712983714402417368e-01	1.912216355997647110e-01	-2.248042437480729239e-01	1.886180614905418051e-01	-1.296290835272405351e-01	1.628237909235832614e-01	-1.687365666349756044e-01	1.700723160297150094e-01	-1.911288104299187773e-01	1.633687223721849158e-01	-1.588660453063890921e-01	1.440091959533018329e-01	-1.605361893470751422e-01	1.927736443204903782e-01	-1.233823364285793478e-01	9.079235153352201160e-02	-1.433173256572705945e-01	1.248643090875776740e-01	-1.773442463022625037e-01
7.007662913131984528e-02	-6.417898559247074697e-02	1.106513657008516005e-01	-8.999463179128555645e-02	1.011966296900739665e-01	-3.713193010999839977e-02	1.495381165848668203e-01	-1.054282109361103920e-01	1.359692884845117855e-01	-1.340735304233617586e-01	4.111519504524213664e-02	-1.104046885942469719e-01	1.570488690167381740e-01	-1.259080209781299475e-01	1.583701501635476350e-01	-5.937081572913308625e-01	2.928462401454330344e-01	-2.861941612213150798e-01	1.357031680583162259e-01	-1.823524677220226264e-01	1.000000000000000222e+00	-5.611829618202258674e-01	2.767447540651302718e-01	-1.962206906867755285e-01	1.655002435061652399e-01	-2.786022791523982134e-01	2.696864859468252607e-01	-2.251190935008205996e-01	1.867740483598587520e-01	-1.372596843197727290e-01	1.812340168501108129e-01	-2.167746935347983628e-01	1.764636563111622869e-01	-1.582841753901431947e-01	1.425318051728744206e-01	-2.069643011722162862e-01	1.678653492286939775e-01	-1.470611702195097903e-01	1.460259401315955607e-01	-1.749727781227542467e-01	1.218479506453771649e-01	-9.097766526110348528e-02	1.360709892924355791e-01	-1.166835954031825440e-01	1.562240146321321188e-01
-5.979223405953149051e-02	5.503362792550119120e-02	-9.553586951708546715e-02	7.742687625469459045e-02	-8.628646478151695554e-02	3.156841520698482756e-02	-1.331306361749377276e-01	9.217196820464983176e-02	-1.179662869804788405e-01	1.132713207200776173e-01	-3.498358455419487562e-02	1.027363512209132634e-01	-1.418024028611251375e-01	1.121268774191465922e-01	-1.360398085887346287e-01	3.026761755654893693e-01	-4.290113306841418783e-01	2.816292018756541005e-01	-1.259863791091563878e-01	1.543036766466513443e-01	-5.611829618202258674e-01	1.000000000000002220e+00	-4.776772143169445983e-01	1.939892444223609014e-01	-1.582915982770949082e-01	2.210574519727183662e-01	-4.054268260203309771e-01	2.132931136912216974e-01	-1.806801900456840582e-01	1.243115745688555818e-01	-1.595607317546324788e-01	1.976326149143081967e-01	-1.671293847310098557e-01	1.428496932932710739e-01	-1.293554509647314721e-01	1.697219160526146353e-01	-1.482938255863817112e-01	1.273726209274801957e-01	-1.294637077528725810e-01	1.506307444240503890e-01	-1.042903711605015771e-01	7.756657845614271796e-02	-1.174154447363414122e-01	1.003435066152097016e-01	-1.345473619817386113e-01
7.189460041957913827e-02	-6.645171285623971413e-02	1.173835362850875336e-01	-9.805216419129389460e-02	1.082296759395846297e-01	-3.717573783042248808e-02	1.540565593501309893e-01	-1.144539881754985944e-01	1.497214106761406704e-01	-1.447151575871642726e-01	4.110444748310881913e-02	-1.170522941451318244e-01	1.708557399533574550e-01	-1.613551558578677492e-01	1.749021566540537032e-01	-3.096569730028039258e-01	2.972532905815348792e-01	-4.870626024159823708e-01	1.803544579417469540e-01	-2.084924764115766160e-01	2.767447540651302718e-01	-4.776772143169445983e-01	1.000000000000000222e+00	-4.082091594927271805e-01	2.229412579347284096e-01	-2.054224260004377245e-01	2.491892578827170912e-01	-3.513136016770377346e-01	2.539531634414257666e-01	-1.761617008747328184e-01	1.601334742529385846e-01	-2.136447990238999062e-01	2.100423746047381524e-01	-1.902487155581142619e-01	1.702493935998168895e-01	-1.894715507848979408e-01	1.688725858536652691e-01	-1.535917654121912446e-01	1.621250626546923979e-01	-1.959340180119258645e-01	1.202941189941080791e-01	-9.062444753757754878e-02	1.381951694464435831e-01	-1.215866505434399641e-01	1.600794520699712342e-01
-6.744447947734374949e-02	6.180986000946565168e-02	-1.152717122018367540e-01	1.027793297664283262e-01	-1.133887419400111396e-01	3.271008320167217293e-02	-1.371222023900479647e-01	1.098018022332337834e-01	-1.681877519870474402e-01	1.490223848307379029e-01	-3.644175634676945913e-02	9.624173077765992013e-02	-1.462002801344591540e-01	2.168980913236808472e-01	-2.052569081962818953e-01	2.072050887209571091e-01	-1.961420972733314561e-01	2.225862357395394231e-01	-3.509390981269145393e-01	2.383108502810040163e-01	-1.962206906867755285e-01	1.939892444223609014e-01	-4.082091594927271805e-01	1.000000000000000000e+00	-5.051226922668554664e-01	1.538698979745579953e-01	-1.899725316249011864e-01	2.551547392299244321e-01	-4.839315722431452582e-01	2.484904134117133789e-01	-1.341695150080377263e-01	1.778400602707222722e-01	-2.020974137857395880e-01	2.198331580903027382e-01	-2.269167518919449622e-01	1.628637489288557449e-01	-1.594985684870312559e-01	1.491399616380519322e-01	-1.785084072305434810e-01	2.117988903968221759e-01	-1.144490823826880277e-01	8.633378861208088062e-02	-1.354350378077518735e-01	1.221840503089331731e-01	-1.611611265694865014e-01
6.331371454414759514e-02	-5.786425639503141316e-02	1.064397812041815577e-01	-9.453453210433929166e-02	1.061552225386730441e-01	-3.058795767289387499e-02	1.267323443412697315e-01	-1.004960228780791276e-01	1.471517953137894685e-01	-1.444354922718785461e-01	3.408578259952730477e-02	-8.796070473972147918e-02	1.332165586093118914e-01	-1.794679223798004708e-01	2.026948747094093894e-01	-1.987114468967595970e-01	1.658009179896074714e-01	-1.948326575955163786e-01	1.985475398496562571e-01	-3.210145324321740934e-01	1.655002435061652399e-01	-1.582915982770949082e-01	2.229412579347284096e-01	-5.051226922668554664e-01	1.000000000000000666e+00	-1.472487816265292127e-01	1.674913366371861834e-01	-2.325086617445805692e-01	2.775333660938069658e-01	-5.817536157100787753e-01	1.290818676855500224e-01	-1.757235669956818958e-01	1.878067360911631622e-01	-2.303858725684915787e-01	2.795415282096224141e-01	-1.652851857846958095e-01	1.583338075598544892e-01	-1.552353845314018432e-01	1.854274782648514530e-01	-2.754642057423174473e-01	1.141954480586769571e-01	-8.748931279528097960e-02	1.362919994734897722e-01	-1.268662844335362583e-01	1.618837344990681770e-01
-5.535341793727874271e-02	4.998967908745959032e-02	-8.821795639096613462e-02	7.153913212223644846e-02	-8.146003427726787594e-02	2.758651611160518533e-02	-1.174736178057361330e-01	8.221371342678174265e-02	-1.100897299366596777e-01	1.050793256349612514e-01	-3.082385587826257101e-02	8.200845058018355060e-02	-1.215831484242512750e-01	9.969311223563102897e-02	-1.314101187792501013e-01	2.153300052486019911e-01	-1.961013583461661824e-01	1.768699594375162387e-01	-1.100792401289911321e-01	1.447538195012247342e-01	-2.786022791523982134e-01	2.210574519727183662e-01	-2.054224260004377245e-01	1.538698979745579953e-01	-1.472487816265292127e-01	1.000000000000004441e+00	-5.585191185804103675e-01	2.100632744008130437e-01	-1.785391891120427510e-01	1.236802441800648883e-01	-6.081127005948030462e-01	2.881900777267237812e-01	-2.053712801704026258e-01	1.597471575831966029e-01	-1.384838806428965174e-01	2.773371566104010366e-01	-2.263996737029930761e-01	1.679990628339239345e-01	-1.565604270871389092e-01	1.675244994246470331e-01	-1.589686122791362510e-01	1.113317258755776445e-01	-1.655368202399160882e-01	1.295045381149855512e-01	-1.767999841596180899e-01
6.166923145805608408e-02	-5.621158050592942740e-02	9.868771314864888122e-02	-8.120314149843325946e-02	9.177261695203130232e-02	-3.130091985576838320e-02	1.302357725117593013e-01	-9.324322904278886659e-02	1.237781158485313504e-01	-1.214483723247794800e-01	3.478970963827310303e-02	-9.388683000932858402e-02	1.364978703379515212e-01	-1.172757249251858563e-01	1.478017994166357651e-01	-2.755687346861172005e-01	2.302108356460093042e-01	-2.302726058858905189e-01	1.277252406670310036e-01	-1.712983714402417368e-01	2.696864859468252607e-01	-4.054268260203309771e-01	2.491892578827170912e-01	-1.899725316249011864e-01	1.674913366371861834e-01	-5.585191185804103675e-01	9.999999999999977796e-01	-3.149718478477531169e-01	2.082869890382388900e-01	-1.456617353051176122e-01	2.840318560150289495e-01	-4.330913630012763194e-01	2.388960661754847836e-01	-1.895377261018430792e-01	1.561237515575303880e-01	-2.793683589550144952e-01	2.213031273392315201e-01	-1.824644377062900891e-01	1.699854191858086172e-01	-1.942847555289795858e-01	1.449636841018299149e-01	-1.088318717413213482e-01	1.587534997077078847e-01	-1.331317231269538992e-01	1.725762842965138655e-01
-6.621318742761436726e-02	5.999816969908843695e-02	-1.077244286266856310e-01	8.958223382578273108e-02	-1.014574095166712459e-01	3.260091136688690605e-02	-1.387670825843592970e-01	1.008135379894046224e-01	-1.398036638712993607e-01	1.316708830315070355e-01	-3.641531779374019423e-02	9.657477873405621860e-02	-1.455991801131489016e-01	1.379312106700813778e-01	-1.701740156871433263e-01	2.233750989535499831e-01	-2.118537822856598474e-01	2.183212311660611415e-01	-1.585441956547428421e-01	1.912216355997647110e-01	-2.251190935008205996e-01	2.132931136912216974e-01	-3.513136016770377346e-01	2.551547392299244321e-01	-2.325086617445805692e-01	2.100632744008130437e-01	-3.149718478477531169e-01	1.000000000000003553e+00	-4.833886617851161915e-01	1.988356692116654556e-01	-1.978019775662694935e-01	2.741098492981644541e-01	-5.554365878282186975e-01	2.854897618251464597e-01	-2.234991835160640428e-01	2.115034155278559813e-01	-2.253616590526696939e-01	1.987294501898671517e-01	-2.269509043404862592e-01	2.316570369982874911e-01	-1.495161338084051716e-01	1.116986454783710919e-01	-1.768647623071921693e-01	1.533419319223175981e-01	-2.021491866000241500e-01
6.448092745692082794e-02	-5.887269495904811495e-02	1.069421755774113830e-01	-9.317937910765368426e-02	1.039183468007520567e-01	-3.152067438902526886e-02	1.312439792398502059e-01	-1.012513685045245970e-01	1.444119023302941895e-01	-1.403284053376100127e-01	3.511505371760514221e-02	-9.168029697200907879e-02	1.380814645058444645e-01	-1.709860547822030230e-01	1.793272344619631642e-01	-2.172330729944841610e-01	1.831406646727911092e-01	-2.112024552943018718e-01	1.881101203190824189e-01	-2.248042437480729239e-01	1.867740483598587520e-01	-1.806801900456840582e-01	2.539531634414257666e-01	-4.839315722431452582e-01	2.775333660938069658e-01	-1.785391891120427510e-01	2.082869890382388900e-01	-4.833886617851161915e-01	1.000000000000000666e+00	-3.101301299042427129e-01	1.584017882474499372e-01	-2.294077108637727069e-01	2.814097452976166425e-01	-4.417685721643195840e-01	2.559260949990113110e-01	-1.969289680771543205e-01	1.928835256833704992e-01	-1.944709786758958003e-01	2.361938200967362012e-01	-2.823934938470431533e-01	1.333026416516267521e-01	-1.032762490921848297e-01	1.609589201369434619e-01	-1.530189325548780288e-01	1.860470738138079727e-01
-5.062246265090735581e-02	4.590385750206030235e-02	-8.403737575446008912e-02	7.239415900690000794e-02	-8.241460267259066719e-02	2.438336093452534922e-02	-1.026271139815212591e-01	7.832835921123550149e-02	-1.139236396310860239e-01	1.084660981265500868e-01	-2.725091384872372138e-02	7.026697791063617193e-02	-1.070666768449197587e-01	1.219920483474114109e-01	-1.530755927387885962e-01	1.537825648455753702e-01	-1.338594501815649485e-01	1.455365510101793991e-01	-1.414905455557280423e-01	1.886180614905418051e-01	-1.372596843197727290e-01	1.243115745688555818e-01	-1.761617008747328184e-01	2.484904134117133789e-01	-5.817536157100787753e-01	1.236802441800648883e-01	-1.456617353051176122e-01	1.988356692116654556e-01	-3.101301299042427129e-01	9.999999999999991118e-01	-1.136536554082698686e-01	1.539460233831018710e-01	-1.868054027049634858e-01	2.345234810159904093e-01	-6.205290974538663074e-01	1.422171820633483241e-01	-1.486656784021279931e-01	1.435848726890335825e-01	-1.940284857072935298e-01	2.556712262760459931e-01	-1.062934567739842739e-01	8.077665783551968293e-02	-1.294840319341638846e-01	1.200923858434278652e-01	-1.571870314863898777e-01
4.710922919382140583e-02	-4.253643893988817704e-02	7.529198839517911579e-02	-6.165143351842952701e-02	7.035815292716370017e-02	-2.330953682880063452e-02	9.856941113738450222e-02	-7.002343299388774644e-02	9.462140012399408717e-02	-9.186366583990496215e-02	2.604270480880455096e-02	-6.823905627634722915e-02	1.019615701508279626e-01	-8.691145490455128020e-02	1.143661256279188687e-01	-1.807046484755452376e-01	1.489522971728632905e-01	-1.460535808300832683e-01	9.505790174320394303e-02	-1.296290835272405351e-01	1.812340168501108129e-01	-1.595607317546324788e-01	1.601334742529385846e-01	-1.341695150080377263e-01	1.290818676855500224e-01	-6.081127005948030462e-01	2.840318560150289495e-01	-1.978019775662694935e-01	1.584017882474499372e-01	-1.136536554082698686e-01	1.000000000000002442e+00	-4.346860474257688289e-01	2.010018879882254639e-01	-1.564165227190660035e-01	1.271889192910850008e-01	-5.300209281993706334e-01	2.358996238202185902e-01	-1.754462931448746987e-01	1.500931996194204976e-01	-1.625780591108042517e-01	1.626337487876140242e-01	-1.180348437322985694e-01	1.592035481122879292e-01	-1.249620674517950142e-01	1.613376055836350242e-01
-5.887041801029460619e-02	5.313568176600396570e-02	-9.448926980162977718e-02	7.750719410366194162e-02	-8.841492306538689672e-02	2.901131765111046590e-02	-1.234017582631138366e-01	8.784188204087961527e-02	-1.197042461484481013e-01	1.146728928025469302e-01	-3.243580330792992378e-02	8.529077455612781022e-02	-1.278142669130777898e-01	1.111653191111392630e-01	-1.454517330184877943e-01	2.087251890120934983e-01	-1.886327187614244283e-01	1.807086510596307150e-01	-1.233021586762138300e-01	1.628237909235832614e-01	-2.167746935347983628e-01	1.976326149143081967e-01	-2.136447990238999062e-01	1.778400602707222722e-01	-1.757235669956818958e-01	2.881900777267237812e-01	-4.330913630012763194e-01	2.741098492981644541e-01	-2.294077108637727069e-01	1.539460233831018710e-01	-4.346860474257688289e-01	1.000000000000000666e+00	-4.683929888463415625e-01	2.331195786179983687e-01	-1.814323727438544309e-01	2.888977759069714657e-01	-4.106211978860992429e-01	2.401430300116756400e-01	-2.175714787884198143e-01	2.134143018134312952e-01	-1.766779896114517023e-01	1.305713755263224751e-01	-2.001820791069802430e-01	1.595480271988281573e-01	-2.072806337998435167e-01
5.512688945554814618e-02	-4.998389313432114595e-02	8.941390248332332924e-02	-7.490712864114022762e-02	8.501580274578791896e-02	-2.711759789378320393e-02	1.140537311426057659e-01	-8.362364159969701283e-02	1.154668737445238985e-01	-1.125340245239578457e-01	3.026364653164435523e-02	-7.917776630168602003e-02	1.190105895508332401e-01	-1.146663198652651400e-01	1.423905329035666245e-01	-1.957511612120401145e-01	1.649512921514376951e-01	-1.776479826405701623e-01	1.263508483436714402e-01	-1.687365666349756044e-01	1.764636563111622869e-01	-1.671293847310098557e-01	2.100423746047381524e-01	-2.020974137857395880e-01	1.878067360911631622e-01	-2.053712801704026258e-01	2.388960661754847836e-01	-5.554365878282186975e-01	2.814097452976166425e-01	-1.868054027049634858e-01	2.010018879882254639e-01	-4.683929888463415625e-01	9.999999999999983347e-01	-4.783762792783456952e-01	2.135143599505750778e-01	-2.230921420926844090e-01	2.345524350159961247e-01	-2.415626553862343651e-01	2.416707035767633460e-01	-2.501155750083001728e-01	1.415391512923052653e-01	-1.105467986121858454e-01	1.717416468326757040e-01	-1.563422180915331472e-01	1.857367065080537116e-01
-5.364404047278866633e-02	4.854095139516600987e-02	-8.765273135104577340e-02	7.400173094100585824e-02	-8.417744284185631198e-02	2.607479549137105279e-02	-1.101367033061526196e-01	8.163177860241206674e-02	-1.152660831599264524e-01	1.105906104475577190e-01	-2.914565024439484675e-02	7.554027685243520918e-02	-1.145603746526753508e-01	1.169378479649918756e-01	-1.451364353695531184e-01	1.742416774915559186e-01	-1.499582958664166521e-01	1.589250509354455387e-01	-1.323489480282660780e-01	1.700723160297150094e-01	-1.582841753901431947e-01	1.428496932932710739e-01	-1.902487155581142619e-01	2.198331580903027382e-01	-2.303858725684915787e-01	1.597471575831966029e-01	-1.895377261018430792e-01	2.854897618251464597e-01	-4.417685721643195840e-01	2.345234810159904093e-01	-1.564165227190660035e-01	2.331195786179983687e-01	-4.783762792783456952e-01	1.000000000000000444e+00	-3.939266864683573233e-01	1.888747936313123765e-01	-2.204695791099306190e-01	2.259679192393901914e-01	-4.826107990880273424e-01	2.987441650539128801e-01	-1.419178412895541475e-01	1.108100027806447757e-01	-1.836746322319029456e-01	1.804683434820177901e-01	-2.135288446673827834e-01
