1.000000000000000000e+00	-4.981837731600687880e-01	2.109600724573752195e-01	-1.381525347942186288e-01	1.364897758635313929e-01	-6.198737632530059161e-01	3.166139340205191832e-01	-2.574817207906368033e-01	8.309766314722798197e-02	-7.570516444580625837e-02	1.773854718366331129e-01	-1.766818907092580493e-01	2.422062266384491236e-01	-9.819131181161276645e-02	9.331076706894864126e-02	-1.868366896200897576e-01	1.432090042204935687e-01	-1.966742264183710953e-01	1.170418268797651790e-01	-8.777367880208353235e-02	1.526335057614044699e-01	-1.597251884718928205e-01	1.322390968643067932e-01	-1.060938000288293298e-01	8.656030173645604120e-02	-2.361821923862122974e-01	1.116167230503135877e-01	-9.969979127589331802e-02	1.102356908412941844e-01	-1.021649118655148930e-01	5.632743585369773959e-02	-9.823696703786805040e-02	1.070685604589338424e-01	-8.681304207745178803e-02	7.156622067304671542e-02	-5.499757629021233274e-02	7.674905384705119071e-02	-1.092553981956759374e-01	8.096679634392565938e-02	-7.834827723316621639e-02	4.336965173856321965e-02	-9.555044841399777666e-02	7.366842140629767388e-02	-8.611289726044205062e-02	7.211842279661140331e-02
-4.981837731600687880e-01	9.999999999999998890e-01	-4.364327833603897089e-01	1.697828083339798511e-01	-1.910554307382091310e-01	2.970093410495195929e-01	-5.484509820472507347e-01	2.815720592570692404e-01	-8.865654241059751917e-02	8.078977817295920905e-02	-1.909442466441272357e-01	1.735666053576050138e-01	-2.798773674725421046e-01	9.526954683727330286e-02	-9.781291550318983730e-02	1.361223717830218061e-01	-1.161375985059956983e-01	1.532482973159293993e-01	-9.837931431302894547e-02	7.309228995888474023e-02	-1.133679583830331655e-01	1.187189210046678128e-01	-1.050976831423762192e-01	8.485125587347444598e-02	-7.314370561377553370e-02	1.516002776580121780e-01	-7.760021101067748894e-02	7.490536210408403617e-02	-8.448341191604474831e-02	7.124746864965758597e-02	-3.826370063530956656e-02	6.580128203046417545e-02	-7.960257614485453936e-02	6.241056098275240410e-02	-5.111334225752694332e-02	3.687647082344912286e-02	-5.225659435944021713e-02	7.414167518945520563e-02	-5.766148351760105178e-02	5.464299259142722104e-02	-2.836198129550390051e-02	6.372966822425854549e-02	-5.055823859827632272e-02	5.925074013682488788e-02	-5.078436764667526582e-02
2.109600724573752195e-01	-4.364327833603897089e-01	9.999999999999997780e-01	-3.325807608661289771e-01	2.292499327043417690e-01	-1.657079806048719905e-01	2.084992819894595784e-01	-7.248824242889512215e-01	9.371284709571946203e-02	-8.828678115982779850e-02	1.091111674128772135e-01	-1.080736846625155040e-01	2.337484297729202909e-01	-9.675253780997267183e-02	9.549006381453103987e-02	-1.140220281267309566e-01	9.239571247030652079e-02	-1.381745144830569816e-01	8.371206420915602853e-02	-6.543680779306737527e-02	9.238269656324257784e-02	-1.006438685940537342e-01	8.753074977878118335e-02	-7.321005983641719339e-02	6.332609244228579182e-02	-1.313670216168065785e-01	6.471698043596020578e-02	-6.279012669668615487e-02	6.959182991380796768e-02	-6.035244498883953618e-02	3.209129484035927460e-02	-5.579256363247143968e-02	6.558115586089892368e-02	-5.226899684752778219e-02	4.277659256533580812e-02	-3.111289908596601150e-02	4.391198850097600276e-02	-6.267448332171285386e-02	4.803001793648180306e-02	-4.593500576747259340e-02	2.231510049948390306e-02	-5.403702099139316706e-02	4.248858753781575848e-02	-4.990147510516688978e-02	4.235393832180621432e-02
-1.381525347942186288e-01	1.697828083339798511e-01	-3.325807608661289771e-01	1.000000000000000222e+00	-8.590218645640498307e-01	9.602723467122083190e-02	-1.116474355471516744e-01	2.120185669704810205e-01	-1.487045285993931487e-01	1.623207501318175150e-01	-7.242867880733122599e-02	6.877988061056061753e-02	-1.651159353867867052e-01	1.260818710258768682e-01	-1.634655731417652691e-01	8.297781949288221548e-02	-6.824194529888451266e-02	1.000715959074634925e-01	-8.114153828491006692e-02	7.156224201142236119e-02	-7.050918104698843114e-02	7.709649321312331272e-02	-7.001482092999046503e-02	6.713945985874793243e-02	-6.796386581522188830e-02	9.846038327621443875e-02	-5.078539233485072912e-02	5.126144536888139341e-02	-5.815467896357664340e-02	4.968661691110085044e-02	-2.520073638164955013e-02	4.344660202414012823e-02	-5.375093333110969596e-02	4.283714768935792394e-02	-3.537707604631477876e-02	2.433447457430092456e-02	-3.463321648142426296e-02	4.982214686557606687e-02	-3.917195105671311683e-02	3.729915394199603829e-02	-1.747372811579226901e-02	4.243199239979503906e-02	-3.390634143651066745e-02	4.010894280215357433e-02	-3.442700340611730414e-02
1.364897758635313929e-01	-1.910554307382091310e-01	2.292499327043417690e-01	-8.590218645640498307e-01	1.000000000000000000e+00	-1.039815637507228718e-01	1.140296897668556797e-01	-2.388877097099155744e-01	1.527482259520022423e-01	-2.253394259278272693e-01	7.582064818822450980e-02	-7.370083117847313348e-02	1.628651864965168228e-01	-1.461055064974097206e-01	1.649680077486386509e-01	-9.653583738708880480e-02	7.705244264041571922e-02	-1.145479478045571264e-01	8.885690664223784563e-02	-8.014183586151425731e-02	8.090438120590451310e-02	-8.892701442706758830e-02	7.869280174409945539e-02	-7.548922133893258557e-02	7.344216425653346536e-02	-1.176774552823202785e-01	5.902850278915040133e-02	-5.842496420930996109e-02	6.558030469544404162e-02	-5.775448598453115229e-02	2.946723164913913479e-02	-5.109115623899615488e-02	6.116210447066284389e-02	-4.931934578943256153e-02	4.073177797176342346e-02	-2.857637589838384409e-02	4.047772010433433459e-02	-5.831757404373979353e-02	4.513963123881465506e-02	-4.330297864715850625e-02	2.032689865510970903e-02	-4.992341170390886956e-02	3.952709106369221154e-02	-4.674663553166234081e-02	3.979467954836106436e-02
-6.198737632530059161e-01	2.970093410495195929e-01	-1.657079806048719905e-01	9.602723467122083190e-02	-1.039815637507228718e-01	1.000000000000000000e+00	-6.458334698293852760e-01	1.799920707210007631e-01	-5.901590077469849593e-02	5.290329384953119246e-02	-2.283823243029729499e-01	1.895708029950936568e-01	-1.978183019108923357e-01	6.707334387979835277e-02	-6.586324865681889018e-02	1.203860004354527086e-01	-1.020445602268004737e-01	1.262035521384347325e-01	-7.721777425750153689e-02	5.633890615096862065e-02	-9.671324585877928703e-02	1.007820364784653144e-01	-8.632020265217696386e-02	6.784551551096058841e-02	-5.652947427334257396e-02	1.303023649577918497e-01	-6.518104342579296440e-02	6.159858886961790819e-02	-6.894447760706318151e-02	5.908611459732401872e-02	-3.218502977691799216e-02	5.558015022409738132e-02	-6.545073974527536309e-02	5.156394891985854878e-02	-4.220180012923870072e-02	3.109761398688816805e-02	-4.388872057341988014e-02	6.215095573147755986e-02	-4.773912420961472225e-02	4.541656956102838039e-02	-2.391760784055536188e-02	5.371379392387039958e-02	-4.228076511824401668e-02	4.944857522123981275e-02	-4.213968777317890491e-02
3.166139340205191832e-01	-5.484509820472507347e-01	2.084992819894595784e-01	-1.116474355471516744e-01	1.140296897668556797e-01	-6.458334698293852760e-01	1.000000000000000666e+00	-2.641946675146579770e-01	6.258683144148327604e-02	-5.643118594894721424e-02	2.089133361777710807e-01	-2.618809259592822514e-01	1.991494911444929294e-01	-7.059397354801116853e-02	6.826368009859551389e-02	-1.268738671495273918e-01	1.071732613692067126e-01	-1.335072653021820988e-01	7.827755059174312802e-02	-5.763950678948881468e-02	9.786620566035982016e-02	-1.049786146214734955e-01	8.817845751071205773e-02	-6.930781461884012729e-02	5.732564725401965294e-02	-1.329911152795144047e-01	6.549048158688317023e-02	-6.237107724828590966e-02	6.917794042730621151e-02	-5.938760358007764972e-02	3.228828839559684527e-02	-5.603748649094991707e-02	6.553553294364625192e-02	-5.179819617895185108e-02	4.229122979764436685e-02	-3.124707876046109098e-02	4.405687947076146471e-02	-6.245490982431037980e-02	4.778719979602105011e-02	-4.555424959280784947e-02	2.309485415348949341e-02	-5.402090140869332535e-02	4.241343684627764399e-02	-4.961880996603869332e-02	4.215585836706997602e-02
-2.574817207906368033e-01	2.815720592570692404e-01	-7.248824242889512215e-01	2.120185669704810205e-01	-2.388877097099155744e-01	1.799920707210007631e-01	-2.641946675146579770e-01	1.000000000000000444e+00	-1.166417767878613759e-01	9.872843567695054057e-02	-1.348812323029185967e-01	1.297637153865218995e-01	-4.068923099870723203e-01	1.134528867074961894e-01	-1.112064939765541050e-01	1.277582508893992386e-01	-1.081987985765580085e-01	1.605049014934772089e-01	-9.825385879993203675e-02	7.467946511104596452e-02	-1.051377066085383005e-01	1.140102067094131838e-01	-1.025612796385760722e-01	8.433420379344717943e-02	-7.325101436819980716e-02	1.428765224187913963e-01	-7.222189490680126778e-02	7.163624739255750051e-02	-7.995693864173404608e-02	6.719879562658934158e-02	-3.556895737120818052e-02	6.156725202067337560e-02	-7.467125725340283127e-02	5.882002382798044021e-02	-4.800566401095562180e-02	3.435304658682464263e-02	-4.869660819640801719e-02	6.941642866214010887e-02	-5.392379739037865549e-02	5.122884888970546252e-02	-2.474614505104882900e-02	5.956249436236220329e-02	-4.721386446057810465e-02	5.546820722169532036e-02	-4.738308176884686862e-02
8.309766314722798197e-02	-8.865654241059751917e-02	9.371284709571946203e-02	-1.487045285993931487e-01	1.527482259520022423e-01	-5.901590077469849593e-02	6.258683144148327604e-02	-1.166417767878613759e-01	1.000000000000000000e+00	-6.216024406910490852e-01	5.346931188849476241e-02	-5.171782090954899630e-02	1.325081836482698283e-01	-6.632702811598186754e-01	3.248547559460115419e-01	-8.010962603573139329e-02	6.726298995802307279e-02	-1.039612153144014867e-01	1.359684788180166581e-01	-1.262484456179538972e-01	6.986722459697353171e-02	-8.372180071106545551e-02	8.049382923292183745e-02	-1.067768457986746633e-01	1.060090258453524059e-01	-9.476515183029544931e-02	5.190562096119853697e-02	-5.979461152066539720e-02	6.844825698117573687e-02	-5.653385173918169804e-02	2.565544681467833016e-02	-4.422152940374136920e-02	5.976710180923016508e-02	-4.856095826796458931e-02	4.000431795219015069e-02	-2.471152620862639843e-02	3.570831743650438456e-02	-5.270881970564778030e-02	4.306795405405033916e-02	-4.102079223681950187e-02	1.617813946285245538e-02	-4.368911736341876684e-02	3.585195023241688483e-02	-4.326627898912113052e-02	3.739947747778654685e-02
-7.570516444580625837e-02	8.078977817295920905e-02	-8.828678115982779850e-02	1.623207501318175150e-01	-2.253394259278272693e-01	5.290329384953119246e-02	-5.643118594894721424e-02	9.872843567695054057e-02	-6.216024406910490852e-01	1.000000000000000222e+00	-4.733605811647791095e-02	4.526435427829166719e-02	-1.145012874380292034e-01	3.201913324649819370e-01	-6.503502360198629706e-01	6.882769527814623645e-02	-5.826849522140472443e-02	8.851296740013096798e-02	-1.207040850944911814e-01	1.305284764654561780e-01	-6.078724049912781480e-02	7.192248748249677193e-02	-7.055126069661335486e-02	9.177965852290718984e-02	-1.158970839573648104e-01	8.143848475705300904e-02	-4.531879261804696440e-02	5.229505374213913593e-02	-6.082636031771519736e-02	4.999219771187086991e-02	-2.237091634666878159e-02	3.839308940425058964e-02	-5.293124122303154849e-02	4.267463451708022881e-02	-3.564363844136134857e-02	2.149339097133969728e-02	-3.114857930243761230e-02	4.591670366755881000e-02	-3.799393860243967247e-02	3.601451950959826814e-02	-1.417821472731976840e-02	3.796740889399435187e-02	-3.134997654064480832e-02	3.782080001538384167e-02	-3.299397065906015808e-02
1.773854718366331129e-01	-1.909442466441272357e-01	1.091111674128772135e-01	-7.242867880733122599e-02	7.582064818822450980e-02	-2.283823243029729499e-01	2.089133361777710807e-01	-1.348812323029185967e-01	5.346931188849476241e-02	-4.733605811647791095e-02	9.999999999999983347e-01	-8.699296313916269341e-01	2.059115211598925299e-01	-6.588668621665083602e-02	6.115469680528615865e-02	-2.211943379664196296e-01	1.803883725583235453e-01	-1.758445154392434817e-01	9.025614149734322023e-02	-6.263098402119440800e-02	1.319851708463418982e-01	-1.456614947366904056e-01	1.129161695952780042e-01	-8.142739854248291775e-02	6.341639616350178144e-02	-1.548890709871924565e-01	7.522490245898040551e-02	-7.395428370140307017e-02	8.050359310598952101e-02	-6.499301433588661192e-02	3.600286443744935005e-02	-6.288150170204959144e-02	7.515896623268999988e-02	-5.820537225189203329e-02	4.678959808029926892e-02	-3.465913117648013186e-02	4.901617014949002232e-02	-6.870154598475104735e-02	5.312049544133704004e-02	-5.012386110791595961e-02	2.310278469439791885e-02	-5.938368224733879541e-02	4.681314416741868406e-02	-5.450939306416819480e-02	4.649493214620174786e-02
-1.766818907092580493e-01	1.735666053576050138e-01	-1.080736846625155040e-01	6.877988061056061753e-02	-7.370083117847313348e-02	1.895708029950936568e-01	-2.618809259592822514e-01	1.297637153865218995e-01	-5.171782090954899630e-02	4.526435427829166719e-02	-8.699296313916269341e-01	1.000000000000000222e+00	-2.465824372251306518e-01	6.303737126042366357e-02	-5.889014123775698079e-02	1.815962407254289313e-01	-2.057771174733426800e-01	1.624010488985956346e-01	-8.580818965154567157e-02	5.840850264391084234e-02	-1.225035824249339489e-01	1.332941843891799205e-01	-1.077013887763329236e-01	7.588193809707222126e-02	-5.977534491007486378e-02	1.346269321578144051e-01	-6.818533861299798382e-02	6.834709519030654490e-02	-7.518988915402700923e-02	5.889093022274922290e-02	-3.238779957219204558e-02	5.621495985670534740e-02	-6.962885975710274289e-02	5.324909130956234637e-02	-4.272447472731769058e-02	3.103990858524348362e-02	-4.414149920670722149e-02	6.181092974430504872e-02	-4.850803121486075425e-02	4.546426045831808427e-02	-2.087945940726259123e-02	5.312610085947862965e-02	-4.227230503593719380e-02	4.925656554410438870e-02	-4.230720183417650826e-02
2.422062266384491236e-01	-2.798773674725421046e-01	2.337484297729202909e-01	-1.651159353867867052e-01	1.628651864965168228e-01	-1.978183019108923357e-01	1.991494911444929294e-01	-4.068923099870723203e-01	1.325081836482698283e-01	-1.145012874380292034e-01	2.059115211598925299e-01	-2.465824372251306518e-01	1.000000000000001332e+00	-1.849107446221605888e-01	1.457321357468804590e-01	-3.019330973979209021e-01	2.414061154423217115e-01	-4.695276747093449221e-01	1.921030054354818106e-01	-1.404769121594750536e-01	2.284139858349424901e-01	-2.639297280170981308e-01	2.261949533543839985e-01	-1.755650995353376098e-01	1.362824213384530303e-01	-3.301053280524332556e-01	1.565218926414905509e-01	-1.553281358310353855e-01	1.660990578530899819e-01	-1.436509496352136317e-01	7.726935926689022793e-02	-1.360327184011828339e-01	1.565341697261334597e-01	-1.251728521050326226e-01	1.012326602412469412e-01	-7.521391842870185640e-02	1.057504486266797744e-01	-1.509612622252501646e-01	1.140738437077662565e-01	-1.095459874404427214e-01	4.991716653930057535e-02	-1.306816384358462368e-01	1.018545058417703875e-01	-1.194373796343333183e-01	1.004151604150839427e-01
-9.819131181161276645e-02	9.526954683727330286e-02	-9.675253780997267183e-02	1.260818710258768682e-01	-1.461055064974097206e-01	6.707334387979835277e-02	-7.059397354801116853e-02	1.134528867074961894e-01	-6.632702811598186754e-01	3.201913324649819370e-01	-6.588668621665083602e-02	6.303737126042366357e-02	-1.849107446221605888e-01	9.999999999999987788e-01	-5.700632111169280369e-01	9.733829869560538250e-02	-8.461596318731701150e-02	1.308589291857061299e-01	-2.279714874328554464e-01	1.696344412135688262e-01	-8.685386185841195705e-02	1.046245312248435672e-01	-1.061523220861986805e-01	1.451295357519833684e-01	-1.577707137778536217e-01	1.124900764862259012e-01	-6.429046389974488185e-02	7.722073022600772774e-02	-9.056146886927110562e-02	7.108195478096249187e-02	-3.152191187781644421e-02	5.401022086581012266e-02	-7.707962006769900065e-02	6.176098409710869402e-02	-5.104302364620927346e-02	3.020217452119775339e-02	-4.399721139735822406e-02	6.505279323348504839e-02	-5.455365131935087375e-02	5.139294318469134898e-02	-1.956013976862657627e-02	5.339277524064100361e-02	-4.448290928904069519e-02	5.379335955434259853e-02	-4.708756279820105334e-02
9.331076706894864126e-02	-9.781291550318983730e-02	9.549006381453103987e-02	-1.634655731417652691e-01	1.649680077486386509e-01	-6.586324865681889018e-02	6.826368009859551389e-02	-1.112064939765541050e-01	3.248547559460115419e-01	-6.503502360198629706e-01	6.115469680528615865e-02	-5.889014123775698079e-02	1.457321357468804590e-01	-5.700632111169280369e-01	9.999999999999992228e-01	-9.607622538156625203e-02	8.070805324340435405e-02	-1.241361336630909529e-01	1.697800329652495166e-01	-2.376889512857184583e-01	8.456298078421406461e-02	-1.023048755080477323e-01	9.934969266435891844e-02	-1.371180967083384661e-01	1.631494478297403350e-01	-1.146443096862479055e-01	6.356140211650912475e-02	-7.440118270549636592e-02	8.561707703286471072e-02	-7.173367694326407418e-02	3.145200738757937542e-02	-5.414752899357454935e-02	7.434479349492417732e-02	-6.070634349563292648e-02	5.057408674469901499e-02	-3.027500944839093405e-02	4.388214020481964045e-02	-6.508299430139113939e-02	5.369288044965674078e-02	-5.121145860767256641e-02	1.958399606787263048e-02	-5.368164306017954995e-02	4.430782806463786500e-02	-5.369534860257390435e-02	4.661590975102523210e-02
-1.868366896200897576e-01	1.361223717830218061e-01	-1.140220281267309566e-01	8.297781949288221548e-02	-9.653583738708880480e-02	1.203860004354527086e-01	-1.268738671495273918e-01	1.277582508893992386e-01	-8.010962603573139329e-02	6.882769527814623645e-02	-2.211943379664196296e-01	1.815962407254289313e-01	-3.019330973979209021e-01	9.733829869560538250e-02	-9.607622538156625203e-02	9.999999999999984457e-01	-6.436565571877496117e-01	2.835413675935165578e-01	-1.748221955386649873e-01	1.070781266704633056e-01	-4.799625747069469206e-01	2.863958358542417759e-01	-2.383083835976070874e-01	1.482532357811701396e-01	-1.167739382089642286e-01	2.620439083605046182e-01	-1.396094241599914743e-01	1.362801625483308632e-01	-1.543372147246136472e-01	1.047052317516523612e-01	-6.151168626509435911e-02	1.043930992083062503e-01	-1.398341748096830206e-01	1.004768656932913951e-01	-7.937270300671904477e-02	5.730547978044995411e-02	-8.277084532490712465e-02	1.106170088691707243e-01	-9.131536097270773200e-02	8.248102982747063106e-02	-3.603908026937265030e-02	9.476246824548859027e-02	-7.741394772976797900e-02	8.871363852822997109e-02	-7.856815669399047630e-02
1.432090042204935687e-01	-1.161375985059956983e-01	9.239571247030652079e-02	-6.824194529888451266e-02	7.705244264041571922e-02	-1.020445602268004737e-01	1.071732613692067126e-01	-1.081987985765580085e-01	6.726298995802307279e-02	-5.826849522140472443e-02	1.803883725583235453e-01	-2.057771174733426800e-01	2.414061154423217115e-01	-8.461596318731701150e-02	8.070805324340435405e-02	-6.436565571877496117e-01	1.000000000000002220e+00	-4.719760548273027045e-01	1.634363439785682381e-01	-9.991028071214352879e-02	2.638513213501748611e-01	-4.435928190266644755e-01	2.514656488964389647e-01	-1.486701692963582622e-01	1.061042939410628411e-01	-2.230317470383873513e-01	1.171195510990193922e-01	-1.319042527307963120e-01	1.391531399583560424e-01	-9.393790610333861701e-02	5.211233380908558005e-02	-9.151005364790855412e-02	1.239956802788872992e-01	-9.030815211357871852e-02	7.007892378830084257e-02	-4.930223615023460876e-02	7.103583152925989352e-02	-9.791478468688104286e-02	7.997249121423112561e-02	-7.300583700807586340e-02	2.914148139108625399e-02	-8.312449724144402308e-02	6.755693581415166127e-02	-7.835320546554155885e-02	6.827681901484612681e-02
-1.966742264183710953e-01	1.532482973159293993e-01	-1.381745144830569816e-01	1.000715959074634925e-01	-1.145479478045571264e-01	1.262035521384347325e-01	-1.335072653021820988e-01	1.605049014934772089e-01	-1.039612153144014867e-01	8.851296740013096798e-02	-1.758445154392434817e-01	1.624010488985956346e-01	-4.695276747093449221e-01	1.308589291857061299e-01	-1.241361336630909529e-01	2.835413675935165578e-01	-4.719760548273027045e-01	9.999999999999988898e-01	-2.986169501087956868e-01	1.530455650070646212e-01	-2.591169063376126402e-01	3.055523549948134798e-01	-4.572988262177761221e-01	2.264990589495705364e-01	-1.655329613822890400e-01	2.359773966883594587e-01	-1.439752545599104483e-01	1.880059519017157343e-01	-2.078198176009200815e-01	1.296606539107650891e-01	-6.579533957942382272e-02	1.127802012752464056e-01	-1.789413924403016609e-01	1.266443092853949959e-01	-9.773922103904979231e-02	6.199419872994725578e-02	-9.105813023861691891e-02	1.297142188962479015e-01	-1.106696097349644109e-01	9.993449493682667051e-02	-3.871389322380703463e-02	1.066399045803673451e-01	-8.964411592331113232e-02	1.056617868533152732e-01	-9.316780029197044288e-02
1.170418268797651790e-01	-9.837931431302894547e-02	8.371206420915602853e-02	-8.114153828491006692e-02	8.885690664223784563e-02	-7.721777425750153689e-02	7.827755059174312802e-02	-9.825385879993203675e-02	1.359684788180166581e-01	-1.207040850944911814e-01	9.025614149734322023e-02	-8.580818965154567157e-02	1.921030054354818106e-01	-2.279714874328554464e-01	1.697800329652495166e-01	-1.748221955386649873e-01	1.634363439785682381e-01	-2.986169501087956868e-01	1.000000000000000000e+00	-4.134179075977734152e-01	1.571459944014721166e-01	-2.342858733188502018e-01	2.509245630331435883e-01	-6.797871319001116408e-01	2.908735951222458094e-01	-1.872621384281577539e-01	1.154099207644404823e-01	-1.783464519668812032e-01	1.985695504316985494e-01	-1.393725588062041665e-01	5.569012922715770031e-02	-9.664715508566107394e-02	1.521295563895136704e-01	-1.277859883235933081e-01	9.833915829565426092e-02	-5.331657983044457705e-02	7.904268781405054956e-02	-1.214567808125553289e-01	1.046703042166585718e-01	-9.899832449908381460e-02	3.007493402697355642e-02	-9.594882119886921634e-02	8.214252984600539653e-02	-1.020984782221245057e-01	8.796737649993136010e-02
-8.777367880208353235e-02	7.309228995888474023e-02	-6.543680779306737527e-02	7.156224201142236119e-02	-8.014183586151425731e-02	5.633890615096862065e-02	-5.763950678948881468e-02	7.467946511104596452e-02	-1.262484456179538972e-01	1.305284764654561780e-01	-6.263098402119440800e-02	5.840850264391084234e-02	-1.404769121594750536e-01	1.696344412135688262e-01	-2.376889512857184583e-01	1.070781266704633056e-01	-9.991028071214352879e-02	1.530455650070646212e-01	-4.134179075977734152e-01	1.000000000000001554e+00	-1.023170914552742478e-01	1.339249797995563929e-01	-1.561513154754181065e-01	2.764474873328056082e-01	-7.969370786465922452e-01	1.201093640917831745e-01	-7.848537750855982820e-02	1.115125316197336930e-01	-1.377032149233605451e-01	1.068804942612426034e-01	-3.801847986104022609e-02	6.434444799004250537e-02	-1.085248935380226515e-01	8.734319452678045159e-02	-7.807058995948924773e-02	3.601763786262812683e-02	-5.398014432843593197e-02	8.191627194127200362e-02	-7.524692462608974231e-02	6.988200596673690979e-02	-2.123523370628572701e-02	6.455166018326080613e-02	-5.671132859667939868e-02	7.007214873648441589e-02	-6.418310607912608434e-02
1.526335057614044699e-01	-1.133679583830331655e-01	9.238269656324257784e-02	-7.050918104698843114e-02	8.090438120590451310e-02	-9.671324585877928703e-02	9.786620566035982016e-02	-1.051377066085383005e-01	6.986722459697353171e-02	-6.078724049912781480e-02	1.319851708463418982e-01	-1.225035824249339489e-01	2.284139858349424901e-01	-8.685386185841195705e-02	8.456298078421406461e-02	-4.799625747069469206e-01	2.638513213501748611e-01	-2.591169063376126402e-01	1.571459944014721166e-01	-1.023170914552742478e-01	9.999999999999992228e-01	-4.068585636926879689e-01	2.255664303460465925e-01	-1.467560332437983506e-01	1.088113608356021389e-01	-6.412991958834280970e-01	1.801688534341600034e-01	-1.429582985571849207e-01	1.519639358894123160e-01	-1.122905133002634337e-01	7.864640020050168989e-02	-1.403572480752922347e-01	1.424750756005136454e-01	-1.061200872758372854e-01	8.365578390333376635e-02	-7.464918078990030736e-02	1.017122589207127420e-01	-1.293839350815341460e-01	9.771234513406312772e-02	-8.971231901621437577e-02	3.821443158209037599e-02	-1.179936603731474437e-01	8.962507401347269420e-02	-9.951063341413712848e-02	8.539031033640059887e-02
-1.597251884718928205e-01	1.187189210046678128e-01	-1.006438685940537342e-01	7.709649321312331272e-02	-8.892701442706758830e-02	1.007820364784653144e-01	-1.049786146214734955e-01	1.140102067094131838e-01	-8.372180071106545551e-02	7.192248748249677193e-02	-1.456614947366904056e-01	1.332941843891799205e-01	-2.639297280170981308e-01	1.046245312248435672e-01	-1.023048755080477323e-01	2.863958358542417759e-01	-4.435928190266644755e-01	3.055523549948134798e-01	-2.342858733188502018e-01	1.339249797995563929e-01	-4.068585636926879689e-01	1.000000000000000222e+00	-5.851037444612027238e-01	2.144117848195399023e-01	-1.540384525245435399e-01	2.560191815953733463e-01	-1.695583591980442117e-01	2.008978012388038803e-01	-2.149518244081403129e-01	1.254190197858499334e-01	-6.859619195516505896e-02	1.219248477934202907e-01	-1.861437402173705680e-01	1.268332202532383990e-01	-9.604293437069506834e-02	6.416113847485635513e-02	-9.459462771114263147e-02	1.294594373428742395e-01	-1.100764789297120211e-01	9.803941548823724705e-02	-3.582312399094325639e-02	1.081250022157380086e-01	-9.005212751488461675e-02	1.042370571838643345e-01	-9.200389141186174347e-02
1.322390968643067932e-01	-1.050976831423762192e-01	8.753074977878118335e-02	-7.001482092999046503e-02	7.869280174409945539e-02	-8.632020265217696386e-02	8.817845751071205773e-02	-1.025612796385760722e-01	8.049382923292183745e-02	-7.055126069661335486e-02	1.129161695952780042e-01	-1.077013887763329236e-01	2.261949533543839985e-01	-1.061523220861986805e-01	9.934969266435891844e-02	-2.383083835976070874e-01	2.514656488964389647e-01	-4.572988262177761221e-01	2.509245630331435883e-01	-1.561513154754181065e-01	2.255664303460465925e-01	-5.851037444612027238e-01	9.999999999999991118e-01	-3.716599034728330642e-01	1.691758958099772447e-01	-2.306481649142067547e-01	1.447021836234903824e-01	-3.402989664013681415e-01	2.397607318498712337e-01	-1.390459318916566211e-01	6.493163016784699038e-02	-1.166140905315667109e-01	2.004775876628667186e-01	-1.433334007170957991e-01	1.030378346445831456e-01	-6.185837451822963351e-02	9.161699845311775670e-02	-1.366312454118839559e-01	1.158821699911938008e-01	-1.055117240154012787e-01	3.294987114831800235e-02	-1.087184375435880646e-01	9.223365846140826885e-02	-1.106761261189171675e-01	9.532546169640596090e-02
-1.060938000288293298e-01	8.485125587347444598e-02	-7.321005983641719339e-02	6.713945985874793243e-02	-7.548922133893258557e-02	6.784551551096058841e-02	-6.930781461884012729e-02	8.433420379344717943e-02	-1.067768457986746633e-01	9.177965852290718984e-02	-8.142739854248291775e-02	7.588193809707222126e-02	-1.755650995353376098e-01	1.451295357519833684e-01	-1.371180967083384661e-01	1.482532357811701396e-01	-1.486701692963582622e-01	2.264990589495705364e-01	-6.797871319001116408e-01	2.764474873328056082e-01	-1.467560332437983506e-01	2.144117848195399023e-01	-3.716599034728330642e-01	9.999999999999988898e-01	-4.220063640149351869e-01	1.592452927012527331e-01	-1.082727718363243885e-01	1.918209707817807586e-01	-2.703024372489113980e-01	1.305018057413907251e-01	-5.094855839790244506e-02	8.775283587673031460e-02	-1.601698591316216835e-01	1.282310084390983762e-01	-9.661520239954488054e-02	4.829496887144180822e-02	-7.278856992081553234e-02	1.121646609338960709e-01	-1.029273737861516741e-01	9.336831179580962203e-02	-2.677688354140417976e-02	8.681645858372412372e-02	-7.656965363170926964e-02	9.507514988532532463e-02	-8.371835358083468126e-02
8.656030173645604120e-02	-7.314370561377553370e-02	6.332609244228579182e-02	-6.796386581522188830e-02	7.344216425653346536e-02	-5.652947427334257396e-02	5.732564725401965294e-02	-7.325101436819980716e-02	1.060090258453524059e-01	-1.158970839573648104e-01	6.341639616350178144e-02	-5.977534491007486378e-02	1.362824213384530303e-01	-1.577707137778536217e-01	1.631494478297403350e-01	-1.167739382089642286e-01	1.061042939410628411e-01	-1.655329613822890400e-01	2.908735951222458094e-01	-7.969370786465922452e-01	1.088113608356021389e-01	-1.540384525245435399e-01	1.691758958099772447e-01	-4.220063640149351869e-01	9.999999999999984457e-01	-1.323044651356068968e-01	8.449252932976476782e-02	-1.256315316170019680e-01	1.467386373427281288e-01	-1.299710588914814446e-01	4.123565240921387570e-02	-7.048361935546210155e-02	1.157861959256751422e-01	-9.785753156403736996e-02	8.719019007233602681e-02	-3.929598324175467144e-02	5.878089979343265048e-02	-9.055609584715687554e-02	8.212500044738531291e-02	-7.810832003107445742e-02	2.239517624930472545e-02	-7.105306046807349785e-02	6.212691890983408627e-02	-7.773030207884661091e-02	7.012094459241302591e-02
-2.361821923862122974e-01	1.516002776580121780e-01	-1.313670216168065785e-01	9.846038327621443875e-02	-1.176774552823202785e-01	1.303023649577918497e-01	-1.329911152795144047e-01	1.428765224187913963e-01	-9.476515183029544931e-02	8.143848475705300904e-02	-1.548890709871924565e-01	1.346269321578144051e-01	-3.301053280524332556e-01	1.124900764862259012e-01	-1.146443096862479055e-01	2.620439083605046182e-01	-2.230317470383873513e-01	2.359773966883594587e-01	-1.872621384281577539e-01	1.201093640917831745e-01	-6.412991958834280970e-01	2.560191815953733463e-01	-2.306481649142067547e-01	1.592452927012527331e-01	-1.323044651356068968e-01	9.999999999999983347e-01	-3.379581823159654719e-01	1.656960953007971804e-01	-1.915883118318519318e-01	1.371161968244255513e-01	-1.210298140685810292e-01	1.937321722600638951e-01	-1.850209028563503666e-01	1.322866233494144894e-01	-1.063294133001406599e-01	1.056623752040530273e-01	-1.468086162950564821e-01	1.637638845612858218e-01	-1.270525994909096623e-01	1.132249232410848377e-01	-5.727011328024187581e-02	1.531888476733153370e-01	-1.186413627517764746e-01	1.263502698124523149e-01	-1.126100439673422826e-01
1.116167230503135877e-01	-7.760021101067748894e-02	6.471698043596020578e-02	-5.078539233485072912e-02	5.902850278915040133e-02	-6.518104342579296440e-02	6.549048158688317023e-02	-7.222189490680126778e-02	5.190562096119853697e-02	-4.531879261804696440e-02	7.522490245898040551e-02	-6.818533861299798382e-02	1.565218926414905509e-01	-6.429046389974488185e-02	6.356140211650912475e-02	-1.396094241599914743e-01	1.171195510990193922e-01	-1.439752545599104483e-01	1.154099207644404823e-01	-7.848537750855982820e-02	1.801688534341600034e-01	-1.695583591980442117e-01	1.447021836234903824e-01	-1.082727718363243885e-01	8.449252932976476782e-02	-3.379581823159654719e-01	1.000000000000000666e+00	-1.804903520568326980e-01	1.675805905781288518e-01	-1.443661805221153338e-01	1.881199076686892735e-01	-7.203854803987285171e-01	1.841843006212159073e-01	-1.407854027601754543e-01	1.092857629587227347e-01	-1.924821877819545557e-01	2.700301338070803525e-01	-2.581479825044618592e-01	1.430306360385696363e-01	-1.302959789167508486e-01	4.881286698953797576e-02	-3.048952145361522592e-01	1.785409559864610807e-01	-1.675494874549152691e-01	1.305650457350414073e-01
-9.969979127589331802e-02	7.490536210408403617e-02	-6.279012669668615487e-02	5.126144536888139341e-02	-5.842496420930996109e-02	6.159858886961790819e-02	-6.237107724828590966e-02	7.163624739255750051e-02	-5.979461152066539720e-02	5.229505374213913593e-02	-7.395428370140307017e-02	6.834709519030654490e-02	-1.553281358310353855e-01	7.722073022600772774e-02	-7.440118270549636592e-02	1.362801625483308632e-01	-1.319042527307963120e-01	1.880059519017157343e-01	-1.783464519668812032e-01	1.115125316197336930e-01	-1.429582985571849207e-01	2.008978012388038803e-01	-3.402989664013681415e-01	1.918209707817807586e-01	-1.256315316170019680e-01	1.656960953007971804e-01	-1.804903520568326980e-01	9.999999999999987788e-01	-6.520249122396546415e-01	1.891460659252233723e-01	-7.393469738888304443e-02	1.340341980111294795e-01	-5.341365129597099859e-01	2.465477375207480171e-01	-1.522940436741619663e-01	6.943565383222316534e-02	-1.108102312179900101e-01	1.829951266927394571e-01	-1.768021553569783244e-01	1.476445847129539413e-01	-3.110930810245334660e-02	1.280058341180117520e-01	-1.224338803882163151e-01	1.496763925542716200e-01	-1.301981939958189449e-01
1.102356908412941844e-01	-8.448341191604474831e-02	6.959182991380796768e-02	-5.815467896357664340e-02	6.558030469544404162e-02	-6.894447760706318151e-02	6.917794042730621151e-02	-7.995693864173404608e-02	6.844825698117573687e-02	-6.082636031771519736e-02	8.050359310598952101e-02	-7.518988915402700923e-02	1.660990578530899819e-01	-9.056146886927110562e-02	8.561707703286471072e-02	-1.543372147246136472e-01	1.391531399583560424e-01	-2.078198176009200815e-01	1.985695504316985494e-01	-1.377032149233605451e-01	1.519639358894123160e-01	-2.149518244081403129e-01	2.397607318498712337e-01	-2.703024372489113980e-01	1.467386373427281288e-01	-1.915883118318519318e-01	1.675805905781288518e-01	-6.520249122396546415e-01	1.000000000000001110e+00	-2.798826537232308453e-01	8.245056563644385939e-02	-1.435584411351712719e-01	3.188999276960159390e-01	-3.892213033818637258e-01	2.004582271158437123e-01	-7.879632514280653088e-02	1.243341319692117947e-01	-2.216666799357824569e-01	2.186605961183019919e-01	-2.014466770259912831e-01	3.654451366925709488e-02	-1.527090550431411398e-01	1.452387747644112159e-01	-1.984602273301643849e-01	1.639312354960304474e-01
-1.021649118655148930e-01	7.124746864965758597e-02	-6.035244498883953618e-02	4.968661691110085044e-02	-5.775448598453115229e-02	5.908611459732401872e-02	-5.938760358007764972e-02	6.719879562658934158e-02	-5.653385173918169804e-02	4.999219771187086991e-02	-6.499301433588661192e-02	5.889093022274922290e-02	-1.436509496352136317e-01	7.108195478096249187e-02	-7.173367694326407418e-02	1.047052317516523612e-01	-9.393790610333861701e-02	1.296606539107650891e-01	-1.393725588062041665e-01	1.068804942612426034e-01	-1.122905133002634337e-01	1.254190197858499334e-01	-1.390459318916566211e-01	1.305018057413907251e-01	-1.299710588914814446e-01	1.371161968244255513e-01	-1.443661805221153338e-01	1.891460659252233723e-01	-2.798826537232308453e-01	9.999999999999981126e-01	-7.658934609177729669e-02	1.141675049416860238e-01	-3.109698387079661841e-01	2.850563208723607134e-01	-7.511932847866792384e-01	6.925374054589059081e-02	-1.160505968466552518e-01	1.871008868297156236e-01	-2.760031754110375823e-01	2.604275203023967977e-01	-3.512018622210178603e-02	1.325871427464140051e-01	-1.473595487699068673e-01	1.950985387469690580e-01	-2.597841648256943303e-01
5.632743585369773959e-02	-3.826370063530956656e-02	3.209129484035927460e-02	-2.520073638164955013e-02	2.946723164913913479e-02	-3.218502977691799216e-02	3.228828839559684527e-02	-3.556895737120818052e-02	2.565544681467833016e-02	-2.237091634666878159e-02	3.600286443744935005e-02	-3.238779957219204558e-02	7.726935926689022793e-02	-3.152191187781644421e-02	3.145200738757937542e-02	-6.151168626509435911e-02	5.211233380908558005e-02	-6.579533957942382272e-02	5.569012922715770031e-02	-3.801847986104022609e-02	7.864640020050168989e-02	-6.859619195516505896e-02	6.493163016784699038e-02	-5.094855839790244506e-02	4.123565240921387570e-02	-1.210298140685810292e-01	1.881199076686892735e-01	-7.393469738888304443e-02	8.245056563644385939e-02	-7.658934609177729669e-02	1.000000000000000222e+00	-2.818211235871649900e-01	9.745439362794305893e-02	-7.553290025935027741e-02	6.018004244454822765e-02	-8.771653453204112383e-01	2.513585115201886211e-01	-1.685525659650578267e-01	8.494179668349016721e-02	-7.475931459245625799e-02	4.942972388740052986e-02	-2.253670879229956181e-01	1.235817558329572186e-01	-1.034285779306027969e-01	8.004494544138061884e-02
-9.823696703786805040e-02	6.580128203046417545e-02	-5.579256363247143968e-02	4.344660202414012823e-02	-5.109115623899615488e-02	5.558015022409738132e-02	-5.603748649094991707e-02	6.156725202067337560e-02	-4.422152940374136920e-02	3.839308940425058964e-02	-6.288150170204959144e-02	5.621495985670534740e-02	-1.360327184011828339e-01	5.401022086581012266e-02	-5.414752899357454935e-02	1.043930992083062503e-01	-9.151005364790855412e-02	1.127802012752464056e-01	-9.664715508566107394e-02	6.434444799004250537e-02	-1.403572480752922347e-01	1.219248477934202907e-01	-1.166140905315667109e-01	8.775283587673031460e-02	-7.048361935546210155e-02	1.937321722600638951e-01	-7.203854803987285171e-01	1.340341980111294795e-01	-1.435584411351712719e-01	1.141675049416860238e-01	-2.818211235871649900e-01	1.000000000000003997e+00	-1.699708862502129214e-01	1.169959481819175667e-01	-9.127161212498750842e-02	2.154769874541020147e-01	-4.568027338080223321e-01	2.060316800440951390e-01	-1.241454790698225535e-01	1.066445055449490587e-01	-4.459131194598358466e-02	2.531493692959978503e-01	-1.653936413557134943e-01	1.368657747793950996e-01	-1.146901964232108773e-01
1.070685604589338424e-01	-7.960257614485453936e-02	6.558115586089892368e-02	-5.375093333110969596e-02	6.116210447066284389e-02	-6.545073974527536309e-02	6.553553294364625192e-02	-7.467125725340283127e-02	5.976710180923016508e-02	-5.293124122303154849e-02	7.515896623268999988e-02	-6.962885975710274289e-02	1.565341697261334597e-01	-7.707962006769900065e-02	7.434479349492417732e-02	-1.398341748096830206e-01	1.239956802788872992e-01	-1.789413924403016609e-01	1.521295563895136704e-01	-1.085248935380226515e-01	1.424750756005136454e-01	-1.861437402173705680e-01	2.004775876628667186e-01	-1.601698591316216835e-01	1.157861959256751422e-01	-1.850209028563503666e-01	1.841843006212159073e-01	-5.341365129597099859e-01	3.188999276960159390e-01	-3.109698387079661841e-01	9.745439362794305893e-02	-1.699708862502129214e-01	9.999999999999990008e-01	-4.876311804823810769e-01	2.286819669418782008e-01	-9.265708368282159213e-02	1.533315909355783269e-01	-3.358760896026600773e-01	2.620786739797723586e-01	-2.381128962180111552e-01	3.896169290066890667e-02	-1.845932648333648562e-01	1.891909287151410102e-01	-2.432591283556961304e-01	1.952846402857196795e-01
-8.681304207745178803e-02	6.241056098275240410e-02	-5.226899684752778219e-02	4.283714768935792394e-02	-4.931934578943256153e-02	5.156394891985854878e-02	-5.179819617895185108e-02	5.882002382798044021e-02	-4.856095826796458931e-02	4.267463451708022881e-02	-5.820537225189203329e-02	5.324909130956234637e-02	-1.251728521050326226e-01	6.176098409710869402e-02	-6.070634349563292648e-02	1.004768656932913951e-01	-9.030815211357871852e-02	1.266443092853949959e-01	-1.277859883235933081e-01	8.734319452678045159e-02	-1.061200872758372854e-01	1.268332202532383990e-01	-1.433334007170957991e-01	1.282310084390983762e-01	-9.785753156403736996e-02	1.322866233494144894e-01	-1.407854027601754543e-01	2.465477375207480171e-01	-3.892213033818637258e-01	2.850563208723607134e-01	-7.553290025935027741e-02	1.169959481819175667e-01	-4.876311804823810769e-01	9.999999999999988898e-01	-4.144245844015381763e-01	6.949680392919990735e-02	-1.189391479862903361e-01	2.193659287432931371e-01	-5.335934053776376640e-01	2.587886151341882712e-01	-3.096906391710099044e-02	1.396430877214824839e-01	-1.604373396226478898e-01	2.248762148408386397e-01	-2.166902537046604960e-01
