1.000000000000000000e+00	-8.571831439311667911e-01	2.029241886047392640e-01	-1.686491277258760912e-01	1.427346478026888521e-01	-2.422310095815656816e-01	1.923599515286317785e-01	-1.584288176373867540e-01	1.343877561279764876e-01	-1.657395553580593706e-01	1.667744377864274763e-01	-1.642384918075478484e-01	1.475761128275644984e-01	-1.214142385965205628e-01	1.438733563482253730e-01	-7.199988657651024138e-02	7.540257714454171034e-02	-5.764381930163796353e-02	8.710606223846913132e-02	-7.036074574023182260e-02	5.097973457233847400e-02	-4.741014500551237604e-02	5.453897591785368537e-02	-8.047101611738659288e-02	6.738849359783383175e-02	-7.014661843048962397e-02	5.448563454502039494e-02	-9.105392797329898980e-02	6.372241701990954965e-02	-7.084774077759588284e-02	4.847258623357167395e-02	-4.331598998825367253e-02	4.631334306390556127e-02	-5.644560060652554362e-02	5.693232807224090503e-02	-2.432379859178863263e-02	3.781865903191076322e-02	-4.790307922497425569e-02	5.092259918363747223e-02	-4.205778902130161145e-02	2.880525727695004701e-02	-2.992847157377732936e-02	4.982508293712299696e-02	-4.304383474109839403e-02	5.100539317891508717e-02
-8.571831439311667911e-01	1.000000000000000444e+00	-2.838878363705699681e-01	1.671535190619805877e-01	-1.552194143613989663e-01	1.795336098550933956e-01	-2.284365521001667509e-01	1.566300878978106326e-01	-1.368519761084551201e-01	1.521503537178971743e-01	-1.649859906093558426e-01	1.562750968928294792e-01	-1.515654339818313379e-01	1.165513861473292251e-01	-1.414305475929066302e-01	6.491886670942681459e-02	-7.070900069725365167e-02	5.229381617336611304e-02	-8.226270546745628742e-02	6.463466317763162661e-02	-4.624365084953698662e-02	4.275887980260015264e-02	-5.003629214780105222e-02	7.368174278430082713e-02	-6.254171337368791272e-02	6.158734659271400402e-02	-4.900806880022128692e-02	7.998384757680736257e-02	-5.721285020357504830e-02	6.275908997390021449e-02	-4.301528647116991538e-02	3.829493022344219316e-02	-4.111675124856976199e-02	5.003668317223081835e-02	-5.079058666338310407e-02	2.149391425631999933e-02	-3.345438080185200030e-02	4.228812822219735895e-02	-4.524687227225104857e-02	3.727245616905756898e-02	-2.547629608969106257e-02	2.644020404247228451e-02	-4.411677780132866600e-02	3.801003173132011526e-02	-4.530034832880822093e-02
2.029241886047392640e-01	-2.838878363705699681e-01	1.000000000000000666e+00	-6.926129770616327175e-01	2.894566842096849002e-01	-1.020830900857568196e-01	1.443968642079296316e-01	-3.902259707495389085e-01	2.478208295462318300e-01	-3.213697208776911673e-01	9.428674639581326178e-02	-1.238574758848457330e-01	2.014774635938563485e-01	-1.734105999410927856e-01	1.759567941686597525e-01	-5.766125969554374009e-02	6.277460800012596431e-02	-6.671344054982911165e-02	1.089769946706862502e-01	-8.492757850407907372e-02	4.450143580023988021e-02	-4.288966671501114047e-02	6.241246267981478968e-02	-9.935161455938554265e-02	7.949132407336466366e-02	-6.504951403901174101e-02	5.151534433729852008e-02	-1.037129316274438551e-01	7.372635109937830666e-02	-8.094731856958761740e-02	5.124381156729083953e-02	-4.582853703705283555e-02	5.123044557477449135e-02	-6.361951780085819963e-02	6.403370583628066603e-02	-2.628802450624146553e-02	4.133229623794426599e-02	-5.294784050388270241e-02	5.672875709099149677e-02	-4.697396624338056464e-02	3.113357614827207132e-02	-3.276157952336301860e-02	5.474468668115187175e-02	-4.763762990194242430e-02	5.652672780796681729e-02
-1.686491277258760912e-01	1.671535190619805877e-01	-6.926129770616327175e-01	1.000000000000000666e+00	-5.529512678826573602e-01	8.031881457135089941e-02	-1.173684161782229812e-01	2.319176274637803070e-01	-2.546027070866800357e-01	2.754472164899814945e-01	-7.690603165195394886e-02	9.734253169050088861e-02	-1.715812621441506480e-01	1.441030550256257592e-01	-1.547969649899176847e-01	4.564580543539439872e-02	-5.032399642702748560e-02	5.362702160781657179e-02	-9.158355200670613427e-02	6.941571949040099831e-02	-3.529648686044119243e-02	3.398653866595827827e-02	-5.078376329544043166e-02	8.050933335672931512e-02	-6.574987589170930291e-02	5.101659641565994135e-02	-4.085021854935625557e-02	8.183996124246296910e-02	-5.925305509607795701e-02	6.437777434599675774e-02	-4.072032602287807557e-02	3.630444460537169543e-02	-4.081964671140424217e-02	5.061971803637496659e-02	-5.126049815202376320e-02	2.087832427227785670e-02	-3.289047371849148499e-02	4.202525944640798233e-02	-4.527240154014786772e-02	3.741412593900786399e-02	-2.474971800862204099e-02	2.604038845850181402e-02	-4.360886282162966532e-02	3.785368095715267028e-02	-4.512740700045357600e-02
1.427346478026888521e-01	-1.552194143613989663e-01	2.894566842096849002e-01	-5.529512678826573602e-01	1.000000000000000888e+00	-8.559529703570732673e-02	1.224317400736000816e-01	-2.540336020470942979e-01	2.562892992669747461e-01	-6.485226589227973681e-01	8.063158912739169792e-02	-1.066991534674465308e-01	1.825225680932117678e-01	-1.729057065984672958e-01	1.884907192095191530e-01	-5.571208658997105906e-02	6.098336184208549143e-02	-6.856952343381587933e-02	1.123018261701493603e-01	-8.942204836129048762e-02	4.420873225220832425e-02	-4.286951181673225725e-02	6.432923555127104120e-02	-1.025902025500770587e-01	8.367191162830187046e-02	-6.584206566340167210e-02	5.224356167538652534e-02	-1.084192615612713240e-01	7.692327212647039059e-02	-8.487094250301750742e-02	5.336612634876666122e-02	-4.767687091742202343e-02	5.359667318330212094e-02	-6.656841408275976368e-02	6.716012153023019626e-02	-2.751471003370955723e-02	4.334999766494271323e-02	-5.546654233914392884e-02	5.946929222823902489e-02	-4.927479626446809591e-02	3.260026199966559873e-02	-3.435764724943506793e-02	5.745532163726582708e-02	-4.998654403709899829e-02	5.933414750560134232e-02
-2.422310095815656816e-01	1.795336098550933956e-01	-1.020830900857568196e-01	8.031881457135089941e-02	-8.559529703570732673e-02	1.000000000000001110e+00	-4.152762436687091885e-01	1.240511343145723755e-01	-1.025236399868496712e-01	9.616250594255737472e-02	-8.029359116888388215e-01	2.866459803558174535e-01	-1.545543385282116822e-01	1.045940689282278402e-01	-1.115457131434483412e-01	1.035915944059657978e-01	-1.072618636470652198e-01	4.764185903995329235e-02	-7.047673242814980754e-02	5.333237491396999180e-02	-6.444325730096520100e-02	5.419684418304580170e-02	-4.535834779019190521e-02	6.344063384444634246e-02	-5.096824633411591726e-02	6.974180319411615869e-02	-5.664821519858695420e-02	6.859404679871615451e-02	-4.885964892309460628e-02	5.284658847522904351e-02	-3.979305439163194347e-02	3.572878567181084902e-02	-3.568274025876125299e-02	4.283453172066333664e-02	-4.278402195537562430e-02	1.888061948674771284e-02	-2.865122531718819129e-02	3.642474574459794029e-02	-3.844404906690405965e-02	3.153090630985231485e-02	-2.228048073774650112e-02	2.266762853593254010e-02	-3.742642768546571713e-02	3.226110255774458646e-02	-3.819165688416965854e-02
1.923599515286317785e-01	-2.284365521001667509e-01	1.443968642079296316e-01	-1.173684161782229812e-01	1.224317400736000816e-01	-4.152762436687091885e-01	1.000000000000000888e+00	-2.374929747200885954e-01	1.599464889055726147e-01	-1.475442185043624177e-01	2.892822658030049232e-01	-7.315637397055662072e-01	2.360385920276174554e-01	-1.736064970654801476e-01	1.587111763391360342e-01	-1.094836271265368366e-01	1.144447897456920826e-01	-6.974987084677587712e-02	1.056618887470519158e-01	-8.046555044729335193e-02	6.860679244930335818e-02	-6.488094371615812928e-02	6.465724528248875669e-02	-9.792496848750480154e-02	7.502532183723190085e-02	-8.894856364968416196e-02	6.786127314546915035e-02	-1.024926070729782618e-01	7.243421591791424086e-02	-7.872454017837177132e-02	5.425429592763415798e-02	-4.898590750407017663e-02	5.125054893338479994e-02	-6.283117290171008618e-02	6.246555607663089454e-02	-2.661024068247027155e-02	4.095899782317832111e-02	-5.264607615162979898e-02	5.576623900112809978e-02	-4.599357573128051713e-02	3.140149016709041507e-02	-3.248333210231767187e-02	5.382508329506630745e-02	-4.680053100048243986e-02	5.526751048683459233e-02
-1.584288176373867540e-01	1.566300878978106326e-01	-3.902259707495389085e-01	2.319176274637803070e-01	-2.540336020470942979e-01	1.240511343145723755e-01	-2.374929747200885954e-01	1.000000000000001110e+00	-6.064452495163485946e-01	2.697664566782347340e-01	-1.222282461045783031e-01	1.846679166824293505e-01	-4.792874994810325529e-01	2.704656956840466586e-01	-2.348836580589832579e-01	6.662917901860788972e-02	-7.380292012559730441e-02	8.142062019235025982e-02	-1.489665016835256262e-01	1.027246921215682479e-01	-5.019350346565707582e-02	4.858364197546161112e-02	-7.655286132444112657e-02	1.254034179799073945e-01	-9.599603278771014214e-02	7.140189080959266632e-02	-5.743558866201791541e-02	1.172245023237544204e-01	-8.673650147070134653e-02	9.192412053188625531e-02	-5.675540465403652174e-02	5.075791780853664698e-02	-5.763536373300624099e-02	7.214778772572867649e-02	-7.259503172996061016e-02	2.904437799721326999e-02	-4.578884226406559899e-02	5.902738949525664081e-02	-6.381303313979676262e-02	5.268949956564503156e-02	-3.439626279726498009e-02	3.628372951448430306e-02	-6.078400807562674146e-02	5.296892855516080467e-02	-6.319437825669871334e-02
1.343877561279764876e-01	-1.368519761084551201e-01	2.478208295462318300e-01	-2.546027070866800357e-01	2.562892992669747461e-01	-1.025236399868496712e-01	1.599464889055726147e-01	-6.064452495163485946e-01	1.000000000000000888e+00	-4.901677523664281222e-01	9.762307291112576335e-02	-1.454476134040826596e-01	2.879316728307148021e-01	-3.961485843189233025e-01	2.380656313331651619e-01	-6.349325394837945780e-02	6.961666653379161573e-02	-8.673768093127069700e-02	1.613854514669181006e-01	-1.127660100906837659e-01	4.959911318591289642e-02	-4.851493760405207328e-02	7.993699806417597920e-02	-1.429744813824781746e-01	1.024350085408407829e-01	-7.291629396447767142e-02	5.861794599669560568e-02	-1.290237905984616407e-01	9.458092325665225231e-02	-1.005103986239313102e-01	6.021219541236183526e-02	-5.402485940139746534e-02	6.204700302466899242e-02	-7.848530730885006079e-02	7.827587261838228616e-02	-3.104043518826742759e-02	4.903969371085864504e-02	-6.369372929487299162e-02	6.872455139775142385e-02	-5.689552883305387665e-02	3.672866862113866038e-02	-3.892179893278636255e-02	6.516250729776941475e-02	-5.707098829447013189e-02	6.784731617113115565e-02
-1.657395553580593706e-01	1.521503537178971743e-01	-3.213697208776911673e-01	2.754472164899814945e-01	-6.485226589227973681e-01	9.616250594255737472e-02	-1.475442185043624177e-01	2.697664566782347340e-01	-4.901677523664281222e-01	1.000000000000001332e+00	-9.452155163851666542e-02	1.233042816292272414e-01	-2.382312851336627624e-01	2.150128474109310739e-01	-2.639802585047145156e-01	5.990155538555980846e-02	-6.683240662225709006e-02	7.579219486460987698e-02	-1.379115669554933088e-01	1.032704367932582162e-01	-4.715427113015323302e-02	4.568309414076474062e-02	-7.267099381377602196e-02	1.163865284390367405e-01	-9.879306576821576813e-02	6.834585877916452001e-02	-5.544666652700292603e-02	1.141741445742143479e-01	-8.464414587970561787e-02	9.098668596332605552e-02	-5.677890237623623576e-02	5.042584635511385138e-02	-5.751333491715315133e-02	7.133749117741915169e-02	-7.291190092443826376e-02	2.922895285075080216e-02	-4.625532760727293913e-02	5.895866940678366058e-02	-6.402690697312420076e-02	5.282445518891260017e-02	-3.469410986793729917e-02	3.657548639609711078e-02	-6.146447079113253470e-02	5.323229598041227806e-02	-6.385815007095452245e-02
1.667744377864274763e-01	-1.649859906093558426e-01	9.428674639581326178e-02	-7.690603165195394886e-02	8.063158912739169792e-02	-8.029359116888388215e-01	2.892822658030049232e-01	-1.222282461045783031e-01	9.762307291112576335e-02	-9.452155163851666542e-02	1.000000000000001998e+00	-4.438676896286597451e-01	1.528538694311779578e-01	-1.084562359501857337e-01	1.075310445030672607e-01	-1.259808172377741564e-01	1.116200365645672599e-01	-4.872364856808438643e-02	7.038884189855319773e-02	-5.368464052555524391e-02	6.827352221234130047e-02	-5.758711147428259569e-02	4.583028271718252167e-02	-6.469952797993695770e-02	5.079390725527354461e-02	-7.402918871507076226e-02	5.851004125119023402e-02	-7.030510935533972050e-02	4.960044034124980877e-02	-5.380172278667196689e-02	4.055997732322011440e-02	-3.659546194083605070e-02	3.627787824924295218e-02	-4.361623866009853995e-02	4.331651709206311984e-02	-1.919773248091181939e-02	2.905640401970774334e-02	-3.708229552674022905e-02	3.898257556069727875e-02	-3.200287306153876826e-02	2.262787245304432107e-02	-2.301189349190351993e-02	3.791794343553637342e-02	-3.276421454202231576e-02	3.865904340497570979e-02
-1.642384918075478484e-01	1.562750968928294792e-01	-1.238574758848457330e-01	9.734253169050088861e-02	-1.066991534674465308e-01	2.866459803558174535e-01	-7.315637397055662072e-01	1.846679166824293505e-01	-1.454476134040826596e-01	1.233042816292272414e-01	-4.438676896286597451e-01	1.000000000000000444e+00	-3.255076389139571758e-01	1.638740828505599323e-01	-1.505615539618911092e-01	1.086805505017733320e-01	-1.292887732853642835e-01	6.283235189453804936e-02	-9.847678145299661179e-02	7.124716129358864281e-02	-6.690169831237202658e-02	6.278068321707931665e-02	-5.888475405342153551e-02	8.711545628982200751e-02	-6.696519555215441066e-02	8.153821108895763226e-02	-6.374844335059046130e-02	8.857443125474007140e-02	-6.372845994679419979e-02	6.824672102095391546e-02	-4.815197864073091083e-02	4.343984736717970696e-02	-4.486324896145559710e-02	5.473267932745966985e-02	-5.450107908103105775e-02	2.330888977345991001e-02	-3.571926080079378119e-02	4.583532565926614483e-02	-4.863162036161380181e-02	3.999022473877288097e-02	-2.750214629848122747e-02	2.830146424021064144e-02	-4.687179464073008839e-02	4.065000099055431082e-02	-4.813167753634244039e-02
1.475761128275644984e-01	-1.515654339818313379e-01	2.014774635938563485e-01	-1.715812621441506480e-01	1.825225680932117678e-01	-1.545543385282116822e-01	2.360385920276174554e-01	-4.792874994810325529e-01	2.879316728307148021e-01	-2.382312851336627624e-01	1.528538694311779578e-01	-3.255076389139571758e-01	9.999999999999991118e-01	-5.627561597640138302e-01	2.767046258741129305e-01	-8.998084221067684241e-02	9.755484440456044237e-02	-1.228990630549029184e-01	2.063255583708155372e-01	-1.442785253345564844e-01	6.750180144726544706e-02	-6.617083568285474227e-02	1.088149604345472199e-01	-1.907285109281495750e-01	1.285819159953595081e-01	-9.803116320308088993e-02	7.807411114814857833e-02	-1.697999079867789640e-01	1.230521021063045312e-01	-1.307013156073602578e-01	7.803418922115520906e-02	-7.037262438321773006e-02	8.029930425677335448e-02	-1.020867211468933777e-01	1.007632185772161099e-01	-4.005671148864366204e-02	6.308092604537079984e-02	-8.250094711807574865e-02	8.860671518593064844e-02	-7.344527256097892198e-02	4.732049989143593399e-02	-5.014285132363722336e-02	8.373200313620464408e-02	-7.363449906974653403e-02	8.714644156989448387e-02
-1.214142385965205628e-01	1.165513861473292251e-01	-1.734105999410927856e-01	1.441030550256257592e-01	-1.729057065984672958e-01	1.045940689282278402e-01	-1.736064970654801476e-01	2.704656956840466586e-01	-3.961485843189233025e-01	2.150128474109310739e-01	-1.084562359501857337e-01	1.638740828505599323e-01	-5.627561597640138302e-01	9.999999999999994449e-01	-4.882662587143144495e-01	7.107647453783257074e-02	-7.922123940328990033e-02	1.171687439662528057e-01	-3.604103697423391983e-01	1.600389715005610114e-01	-5.659790699468542768e-02	5.612177442088741447e-02	-1.095778262037104128e-01	2.153254323638829071e-01	-1.453266441124990982e-01	8.314555083976549188e-02	-6.852056075147436309e-02	1.631052434777836846e-01	-1.296953460252696089e-01	1.286424661269950920e-01	-7.311764774860099458e-02	6.556125440938063986e-02	-7.809014064370857489e-02	1.002297085559597511e-01	-9.989661210118808143e-02	3.784765419518416885e-02	-6.023472729651623003e-02	7.902382689005962857e-02	-8.660895718152337996e-02	7.137309985887220487e-02	-4.479381464039890876e-02	4.778938407412324646e-02	-8.039936469960425047e-02	7.061538833435455909e-02	-8.462478888381808062e-02
1.438733563482253730e-01	-1.414305475929066302e-01	1.759567941686597525e-01	-1.547969649899176847e-01	1.884907192095191530e-01	-1.115457131434483412e-01	1.587111763391360342e-01	-2.348836580589832579e-01	2.380656313331651619e-01	-2.639802585047145156e-01	1.075310445030672607e-01	-1.505615539618911092e-01	2.767046258741129305e-01	-4.882662587143144495e-01	9.999999999999992228e-01	-9.704740919597756865e-02	1.061212225459349373e-01	-1.452761191503488813e-01	2.439986425609088905e-01	-3.226074015532464645e-01	8.176865975717970136e-02	-8.110959247557066043e-02	1.332543750028710727e-01	-2.404725460902075174e-01	2.264911214740541190e-01	-1.273341431590574446e-01	1.019268707842624355e-01	-2.431792724096442093e-01	1.720815990259838835e-01	-1.993454309439079419e-01	1.119078773075314337e-01	-1.008518175364264274e-01	1.164818552678615893e-01	-1.480176840711359965e-01	1.498955893811061146e-01	-5.858472210826164150e-02	9.280100927466804206e-02	-1.211358886512806099e-01	1.300238538534282118e-01	-1.090266875012096126e-01	6.924137598997076593e-02	-7.387998914981888654e-02	1.234485307623185146e-01	-1.091062374343242936e-01	1.289256444274226310e-01
-7.199988657651024138e-02	6.491886670942681459e-02	-5.766125969554374009e-02	4.564580543539439872e-02	-5.571208658997105906e-02	1.035915944059657978e-01	-1.094836271265368366e-01	6.662917901860788972e-02	-6.349325394837945780e-02	5.990155538555980846e-02	-1.259808172377741564e-01	1.086805505017733320e-01	-8.998084221067684241e-02	7.107647453783257074e-02	-9.704740919597756865e-02	1.000000000000001332e+00	-7.528318830294685737e-01	8.245711264495855786e-02	-7.190255960392247236e-02	5.384808310187316760e-02	-5.002883671257084552e-01	2.715802234484635536e-01	-8.268131071663652187e-02	6.751416359070429307e-02	-5.494377024860587488e-02	2.720996973319453338e-01	-2.498122211546206506e-01	9.793011076289122319e-02	-6.680663005154116596e-02	7.015562542779127386e-02	-9.734095057027779274e-02	8.811330874199434227e-02	-6.213818372119749023e-02	6.512251292458662300e-02	-6.190636459057335256e-02	3.696390338142187953e-02	-4.923553693956746191e-02	6.099998258274372948e-02	-5.965345742525480360e-02	4.726373695804148012e-02	-4.305162320701421547e-02	3.876690952912469068e-02	-6.066775479776195107e-02	5.058540099488627317e-02	-5.850083322952170234e-02
7.540257714454171034e-02	-7.070900069725365167e-02	6.277460800012596431e-02	-5.032399642702748560e-02	6.098336184208549143e-02	-1.072618636470652198e-01	1.144447897456920826e-01	-7.380292012559730441e-02	6.961666653379161573e-02	-6.683240662225709006e-02	1.116200365645672599e-01	-1.292887732853642835e-01	9.755484440456044237e-02	-7.922123940328990033e-02	1.061212225459349373e-01	-7.528318830294685737e-01	1.000000000000000222e+00	-1.068013729800483258e-01	8.088481489491096410e-02	-6.097440510428065591e-02	3.089957778583383163e-01	-3.943762501823279143e-01	9.633228817216457629e-02	-7.729300924292728525e-02	6.162663221374806155e-02	-3.681520357334081006e-01	2.472560329233622345e-01	-1.141335138161110041e-01	7.564295210159259486e-02	-8.031409073660848719e-02	1.020067583230873237e-01	-9.765457892171312826e-02	6.890973339402783893e-02	-7.375145268759183970e-02	6.929165840289519540e-02	-4.006689912979056328e-02	5.392074421766443471e-02	-6.851526902619167747e-02	6.647766562019290226e-02	-5.302798348683232521e-02	4.638932028380741285e-02	-4.270341972793638419e-02	6.685602413033324420e-02	-5.656131218260383037e-02	6.487625808154856566e-02
-5.764381930163796353e-02	5.229381617336611304e-02	-6.671344054982911165e-02	5.362702160781657179e-02	-6.856952343381587933e-02	4.764185903995329235e-02	-6.974987084677587712e-02	8.142062019235025982e-02	-8.673768093127069700e-02	7.579219486460987698e-02	-4.872364856808438643e-02	6.283235189453804936e-02	-1.228990630549029184e-01	1.171687439662528057e-01	-1.452761191503488813e-01	8.245711264495855786e-02	-1.068013729800483258e-01	1.000000000000000444e+00	-2.321757763515066575e-01	1.009543477976719422e-01	-6.832194307765840358e-02	7.559242712145268495e-02	-9.144168580729189477e-01	1.850069196620088285e-01	-1.049470877832159865e-01	8.976564609268913864e-02	-8.179559616819438717e-02	1.635282089115523418e-01	-1.266937642239709949e-01	1.114745938824552030e-01	-7.400289925209398156e-02	6.512889959167260379e-02	-7.651208740878751025e-02	9.389850449426059842e-02	-9.426074748254299751e-02	3.703482861265410681e-02	-5.885156836926841439e-02	7.487148209984080538e-02	-8.375524799890128602e-02	6.703424941358047950e-02	-4.408802113558768498e-02	4.619166345381544442e-02	-7.849446939890057651e-02	6.676784684715421359e-02	-8.196596500071756664e-02
8.710606223846913132e-02	-8.226270546745628742e-02	1.089769946706862502e-01	-9.158355200670613427e-02	1.123018261701493603e-01	-7.047673242814980754e-02	1.056618887470519158e-01	-1.489665016835256262e-01	1.613854514669181006e-01	-1.379115669554933088e-01	7.038884189855319773e-02	-9.847678145299661179e-02	2.063255583708155372e-01	-3.604103697423391983e-01	2.439986425609088905e-01	-7.190255960392247236e-02	8.088481489491096410e-02	-2.321757763515066575e-01	9.999999999999986677e-01	-2.452351623635092848e-01	6.270852537165305662e-02	-6.572070919040949588e-02	1.907150831425334647e-01	-7.151915511121512692e-01	2.086302934698805733e-01	-9.545007969835946071e-02	8.374733209642525045e-02	-2.787581726805473670e-01	2.392271374982030685e-01	-2.055631862620526662e-01	9.872358900094035938e-02	-8.992606730937448278e-02	1.169766824579718950e-01	-1.641245186240326559e-01	1.495926270725915774e-01	-5.153327121175314829e-02	8.309101125881253325e-02	-1.153054066478143985e-01	1.280410610953491846e-01	-1.050081145424879014e-01	6.076040109706471598e-02	-6.619891642164779655e-02	1.118290573316563508e-01	-1.003013634020975958e-01	1.200873453159816140e-01
-7.036074574023182260e-02	6.463466317763162661e-02	-8.492757850407907372e-02	6.941571949040099831e-02	-8.942204836129048762e-02	5.333237491396999180e-02	-8.046555044729335193e-02	1.027246921215682479e-01	-1.127660100906837659e-01	1.032704367932582162e-01	-5.368464052555524391e-02	7.124716129358864281e-02	-1.442785253345564844e-01	1.600389715005610114e-01	-3.226074015532464645e-01	5.384808310187316760e-02	-6.097440510428065591e-02	1.009543477976719422e-01	-2.452351623635092848e-01	9.999999999999970024e-01	-4.813872183638343710e-02	4.924332225320116052e-02	-1.024094262845582498e-01	2.070160664754685242e-01	-8.416023026169590082e-01	7.366749786848134085e-02	-6.446506845008365127e-02	1.700952599602923165e-01	-1.519820235607306780e-01	1.930105002647561907e-01	-8.388694096286498925e-02	7.365166232087481946e-02	-9.471508018122061501e-02	1.200887222832868473e-01	-1.508215557372726556e-01	4.519060874111930498e-02	-7.438995106862397733e-02	9.510453600129537000e-02	-1.121228940583823414e-01	9.511203722963630647e-02	-5.392020998912525065e-02	5.864496850996041288e-02	-1.013059965989657613e-01	8.879280816948581512e-02	-1.136359057487340007e-01
5.097973457233847400e-02	-4.624365084953698662e-02	4.450143580023988021e-02	-3.529648686044119243e-02	4.420873225220832425e-02	-6.444325730096520100e-02	6.860679244930335818e-02	-5.019350346565707582e-02	4.959911318591289642e-02	-4.715427113015323302e-02	6.827352221234130047e-02	-6.690169831237202658e-02	6.750180144726544706e-02	-5.659790699468542768e-02	8.176865975717970136e-02	-5.002883671257084552e-01	3.089957778583383163e-01	-6.832194307765840358e-02	6.270852537165305662e-02	-4.813872183638343710e-02	1.000000000000000000e+00	-5.452463961817551885e-01	6.826225371293484501e-02	-6.066491513034975858e-02	4.959874171935550052e-02	-5.683526881817709819e-01	3.024117539270509969e-01	-9.950275733301838788e-02	6.538090106436239557e-02	-6.862972197485711634e-02	1.062851575400909493e-01	-1.017761300361583049e-01	6.483305199826248921e-02	-6.610288764792834892e-02	6.100739005161373574e-02	-3.895062308928415318e-02	5.021645763021771042e-02	-6.330482630416717216e-02	5.987767977303229405e-02	-4.715813430780129573e-02	4.492802736731259239e-02	-3.968663185951223915e-02	6.097549069472021910e-02	-5.099312054091657831e-02	5.805696551653050097e-02
-4.741014500551237604e-02	4.275887980260015264e-02	-4.288966671501114047e-02	3.398653866595827827e-02	-4.286951181673225725e-02	5.419684418304580170e-02	-6.488094371615812928e-02	4.858364197546161112e-02	-4.851493760405207328e-02	4.568309414076474062e-02	-5.758711147428259569e-02	6.278068321707931665e-02	-6.617083568285474227e-02	5.612177442088741447e-02	-8.110959247557066043e-02	2.715802234484635536e-01	-3.943762501823279143e-01	7.559242712145268495e-02	-6.572070919040949588e-02	4.924332225320116052e-02	-5.452463961817551885e-01	1.000000000000001776e+00	-7.961244759952773586e-02	6.381864008971425972e-02	-5.114095635809553370e-02	3.259533077476975960e-01	-6.432022157870008749e-01	1.087979919639499027e-01	-7.189568855568061190e-02	7.240518854068764276e-02	-1.319627094812761414e-01	1.259661872848434061e-01	-7.444264590370680557e-02	7.211245370492168349e-02	-6.555926934451679344e-02	4.435334521053092838e-02	-5.521465368565284942e-02	6.974050367312262244e-02	-6.513701542706182290e-02	5.065216220995500535e-02	-5.095120293608519646e-02	4.351644934888159594e-02	-6.597731729633860009e-02	5.484393384361424539e-02	-6.229259142496999108e-02
5.453897591785368537e-02	-5.003629214780105222e-02	6.241246267981478968e-02	-5.078376329544043166e-02	6.432923555127104120e-02	-4.535834779019190521e-02	6.465724528248875669e-02	-7.655286132444112657e-02	7.993699806417597920e-02	-7.267099381377602196e-02	4.583028271718252167e-02	-5.888475405342153551e-02	1.088149604345472199e-01	-1.095778262037104128e-01	1.332543750028710727e-01	-8.268131071663652187e-02	9.633228817216457629e-02	-9.144168580729189477e-01	1.907150831425334647e-01	-1.024094262845582498e-01	6.826225371293484501e-02	-7.961244759952773586e-02	9.999999999999998890e-01	-2.175576663980068881e-01	1.024014372595569849e-01	-9.336818427994365843e-02	8.234222350380908384e-02	-1.966864925880432990e-01	1.328336712042030854e-01	-1.183090299118864791e-01	7.358949736021881682e-02	-6.622759981318961098e-02	7.776956919132346768e-02	-9.856851988483490701e-02	9.499860316449239284e-02	-3.683827067326719135e-02	5.822714034735063798e-02	-7.663451067626385338e-02	8.426634904356188061e-02	-6.803618731822469456e-02	4.358714091657861500e-02	-4.601922189236794247e-02	7.756662775912422092e-02	-6.731404519091427341e-02	8.123299541068272622e-02
-8.047101611738659288e-02	7.368174278430082713e-02	-9.935161455938554265e-02	8.050933335672931512e-02	-1.025902025500770587e-01	6.344063384444634246e-02	-9.792496848750480154e-02	1.254034179799073945e-01	-1.429744813824781746e-01	1.163865284390367405e-01	-6.469952797993695770e-02	8.711545628982200751e-02	-1.907285109281495750e-01	2.153254323638829071e-01	-2.404725460902075174e-01	6.751416359070429307e-02	-7.729300924292728525e-02	1.850069196620088285e-01	-7.151915511121512692e-01	2.070160664754685242e-01	-6.066491513034975858e-02	6.381864008971425972e-02	-2.175576663980068881e-01	9.999999999999998890e-01	-2.589492485878986394e-01	9.108031922507088540e-02	-8.334414350470648047e-02	2.606540350304523690e-01	-4.014964059666947249e-01	2.106326436429125371e-01	-1.054813478904523538e-01	9.369793828751317444e-02	-1.313374062916035923e-01	1.777557760069259918e-01	-1.687601951032086101e-01	5.500764216387919736e-02	-8.999906895626494374e-02	1.220975748584272602e-01	-1.437230670381692277e-01	1.133294609187976143e-01	-6.527044529653186489e-02	7.103201864306085689e-02	-1.219678539024168229e-01	1.070886058482957287e-01	-1.323630169653984279e-01
6.738849359783383175e-02	-6.254171337368791272e-02	7.949132407336466366e-02	-6.574987589170930291e-02	8.367191162830187046e-02	-5.096824633411591726e-02	7.502532183723190085e-02	-9.599603278771014214e-02	1.024350085408407829e-01	-9.879306576821576813e-02	5.079390725527354461e-02	-6.696519555215441066e-02	1.285819159953595081e-01	-1.453266441124990982e-01	2.264911214740541190e-01	-5.494377024860587488e-02	6.162663221374806155e-02	-1.049470877832159865e-01	2.086302934698805733e-01	-8.416023026169590082e-01	4.959874171935550052e-02	-5.114095635809553370e-02	1.024014372595569849e-01	-2.589492485878986394e-01	9.999999999999997780e-01	-7.734196026854021910e-02	6.712172938108995623e-02	-1.952890051446797559e-01	1.676110955953810933e-01	-2.662911741259505471e-01	8.605257921189854442e-02	-7.732045040565949101e-02	9.949730356800881581e-02	-1.321166246027871138e-01	1.575624477207117624e-01	-4.626091883085131640e-02	7.550992664902637930e-02	-1.010426301610433258e-01	1.163766686209882911e-01	-1.016135880297233257e-01	5.477255911101705510e-02	-6.012814386455966192e-02	1.025863921830466874e-01	-9.280292960107035249e-02	1.151318249792085552e-01
-7.014661843048962397e-02	6.158734659271400402e-02	-6.504951403901174101e-02	5.101659641565994135e-02	-6.584206566340167210e-02	6.974180319411615869e-02	-8.894856364968416196e-02	7.140189080959266632e-02	-7.291629396447767142e-02	6.834585877916452001e-02	-7.402918871507076226e-02	8.153821108895763226e-02	-9.803116320308088993e-02	8.314555083976549188e-02	-1.273341431590574446e-01	2.720996973319453338e-01	-3.681520357334081006e-01	8.976564609268913864e-02	-9.545007969835946071e-02	7.366749786848134085e-02	-5.683526881817709819e-01	3.259533077476975960e-01	-9.336818427994365843e-02	9.108031922507088540e-02	-7.734196026854021910e-02	9.999999999999992228e-01	-5.793684146646539412e-01	1.499890895673395008e-01	-1.030837483002516874e-01	1.072006834407699949e-01	-1.976111027043239432e-01	1.666963016139165754e-01	-1.075541510312962162e-01	1.056179258221117689e-01	-9.950618215770831720e-02	6.854355551595521512e-02	-8.649506229444546557e-02	1.032704833711931280e-01	-9.888765760004432359e-02	7.702320810138968410e-02	-8.004053843081149200e-02	6.763308778204003835e-02	-1.035466841435410679e-01	8.420902015586292921e-02	-9.703509933679838051e-02
5.448563454502039494e-02	-4.900806880022128692e-02	5.151534433729852008e-02	-4.085021854935625557e-02	5.224356167538652534e-02	-5.664821519858695420e-02	6.786127314546915035e-02	-5.743558866201791541e-02	5.861794599669560568e-02	-5.544666652700292603e-02	5.851004125119023402e-02	-6.374844335059046130e-02	7.807411114814857833e-02	-6.852056075147436309e-02	1.019268707842624355e-01	-2.498122211546206506e-01	2.472560329233622345e-01	-8.179559616819438717e-02	8.374733209642525045e-02	-6.446506845008365127e-02	3.024117539270509969e-01	-6.432022157870008749e-01	8.234222350380908384e-02	-8.334414350470648047e-02	6.712172938108995623e-02	-5.793684146646539412e-01	9.999999999999981126e-01	-1.687392082272111959e-01	1.010180886742388096e-01	-1.015558286123265236e-01	1.817569720459460691e-01	-2.286864879667106776e-01	1.087925395129091255e-01	-1.046521195546718935e-01	9.081298184283669028e-02	-6.214746835285518689e-02	7.643913266240097426e-02	-1.022799016893112395e-01	9.123113538749180740e-02	-7.088761767209189602e-02	7.005746438018999045e-02	-6.079902875754270714e-02	9.106376649792474742e-02	-7.686026053148670156e-02	8.574603857534170148e-02
-9.105392797329898980e-02	7.998384757680736257e-02	-1.037129316274438551e-01	8.183996124246296910e-02	-1.084192615612713240e-01	6.859404679871615451e-02	-1.024926070729782618e-01	1.172245023237544204e-01	-1.290237905984616407e-01	1.141741445742143479e-01	-7.030510935533972050e-02	8.857443125474007140e-02	-1.697999079867789640e-01	1.631052434777836846e-01	-2.431792724096442093e-01	9.793011076289122319e-02	-1.141335138161110041e-01	1.635282089115523418e-01	-2.787581726805473670e-01	1.700952599602923165e-01	-9.950275733301838788e-02	1.087979919639499027e-01	-1.966864925880432990e-01	2.606540350304523690e-01	-1.952890051446797559e-01	1.499890895673395008e-01	-1.687392082272111959e-01	9.999999999999980016e-01	-6.012603328659157365e-01	2.892671902647024895e-01	-2.058585185168816112e-01	1.723870054635881499e-01	-2.554545312349886799e-01	2.814428642418934090e-01	-2.929133386483719348e-01	1.064434951485347530e-01	-1.779734935731410728e-01	2.182824901991926858e-01	-2.656309151389044665e-01	1.984246426300170230e-01	-1.286692381448972522e-01	1.367998643658538682e-01	-2.420272553638027069e-01	1.953998754776435642e-01	-2.541833247295463005e-01
6.372241701990954965e-02	-5.721285020357504830e-02	7.372635109937830666e-02	-5.925305509607795701e-02	7.692327212647039059e-02	-4.885964892309460628e-02	7.243421591791424086e-02	-8.673650147070134653e-02	9.458092325665225231e-02	-8.464414587970561787e-02	4.960044034124980877e-02	-6.372845994679419979e-02	1.230521021063045312e-01	-1.296953460252696089e-01	1.720815990259838835e-01	-6.680663005154116596e-02	7.564295210159259486e-02	-1.266937642239709949e-01	2.392271374982030685e-01	-1.519820235607306780e-01	6.538090106436239557e-02	-7.189568855568061190e-02	1.328336712042030854e-01	-4.014964059666947249e-01	1.676110955953810933e-01	-1.030837483002516874e-01	1.010180886742388096e-01	-6.012603328659157365e-01	9.999999999999988898e-01	-4.238851996358461993e-01	1.406998139074450982e-01	-1.308831252855798266e-01	2.048622454032960338e-01	-4.102268653968594858e-01	2.518979672959826277e-01	-7.334714030145897401e-02	1.208958895709665027e-01	-1.842162384262459041e-01	2.139939986098036706e-01	-1.686911833366414315e-01	8.620485643523310981e-02	-9.631996146180463181e-02	1.647037668686608392e-01	-1.505259281248809422e-01	1.814064569702667495e-01
-7.084774077759588284e-02	6.275908997390021449e-02	-8.094731856958761740e-02	6.437777434599675774e-02	-8.487094250301750742e-02	5.284658847522904351e-02	-7.872454017837177132e-02	9.192412053188625531e-02	-1.005103986239313102e-01	9.098668596332605552e-02	-5.380172278667196689e-02	6.824672102095391546e-02	-1.307013156073602578e-01	1.286424661269950920e-01	-1.993454309439079419e-01	7.015562542779127386e-02	-8.031409073660848719e-02	1.114745938824552030e-01	-2.055631862620526662e-01	1.930105002647561907e-01	-6.862972197485711634e-02	7.240518854068764276e-02	-1.183090299118864791e-01	2.106326436429125371e-01	-2.662911741259505471e-01	1.072006834407699949e-01	-1.015558286123265236e-01	2.892671902647024895e-01	-4.238851996358461993e-01	9.999999999999986677e-01	-1.617374019047423395e-01	1.407283373116455238e-01	-2.082039678882962874e-01	2.707257639879552258e-01	-6.213156009627820442e-01	9.043244759067926852e-02	-1.549076546311782265e-01	2.016777564403082756e-01	-2.762789019319942252e-01	2.547046644102122226e-01	-1.082088746009460256e-01	1.222078787356090102e-01	-2.179998290081802681e-01	1.992385263194455247e-01	-2.852956342534217482e-01
4.847258623357167395e-02	-4.301528647116991538e-02	5.124381156729083953e-02	-4.072032602287807557e-02	5.336612634876666122e-02	-3.979305439163194347e-02	5.425429592763415798e-02	-5.675540465403652174e-02	6.021219541236183526e-02	-5.677890237623623576e-02	4.055997732322011440e-02	-4.815197864073091083e-02	7.803418922115520906e-02	-7.311764774860099458e-02	1.119078773075314337e-01	-9.734095057027779274e-02	1.020067583230873237e-01	-7.400289925209398156e-02	9.872358900094035938e-02	-8.388694096286498925e-02	1.062851575400909493e-01	-1.319627094812761414e-01	7.358949736021881682e-02	-1.054813478904523538e-01	8.605257921189854442e-02	-1.976111027043239432e-01	1.817569720459460691e-01	-2.058585185168816112e-01	1.406998139074450982e-01	-1.617374019047423395e-01	9.999999999999994449e-01	-8.102047356548920387e-01	2.363293181775191487e-01	-2.072705659437778791e-01	1.419351993603210071e-01	-2.277590223256165669e-01	1.574133267484439935e-01	-2.354740841375317084e-01	1.594912205347948086e-01	-1.220427631823845505e-01	1.807360178602628042e-01	-1.329240936364426418e-01	1.587549634959378730e-01	-1.429222119963328430e-01	1.361918459563201123e-01
-4.331598998825367253e-02	3.829493022344219316e-02	-4.582853703705283555e-02	3.630444460537169543e-02	-4.767687091742202343e-02	3.572878567181084902e-02	-4.898590750407017663e-02	5.075791780853664698e-02	-5.402485940139746534e-02	5.042584635511385138e-02	-3.659546194083605070e-02	4.343984736717970696e-02	-7.037262438321773006e-02	6.556125440938063986e-02	-1.008518175364264274e-01	8.811330874199434227e-02	-9.765457892171312826e-02	6.512889959167260379e-02	-8.992606730937448278e-02	7.365166232087481946e-02	-1.017761300361583049e-01	1.259661872848434061e-01	-6.622759981318961098e-02	9.369793828751317444e-02	-7.732045040565949101e-02	1.666963016139165754e-01	-2.286864879667106776e-01	1.723870054635881499e-01	-1.308831252855798266e-01	1.407283373116455238e-01	-8.102047356548920387e-01	9.999999999999986677e-01	-3.434280887734800225e-01	1.909692118290824969e-01	-1.371951770979883967e-01	1.590260392243087184e-01	-1.544477225999229819e-01	2.136769309792294347e-01	-1.591591680883146787e-01	1.142609409221191641e-01	-1.732230140532144691e-01	1.207745548168398381e-01	-1.586741783542605089e-01	1.305812577608098934e-01	-1.332010695209996098e-01
4.631334306390556127e-02	-4.111675124856976199e-02	5.123044557477449135e-02	-4.081964671140424217e-02	5.359667318330212094e-02	-3.568274025876125299e-02	5.125054893338479994e-02	-5.763536373300624099e-02	6.204700302466899242e-02	-5.751333491715315133e-02	3.627787824924295218e-02	-4.486324896145559710e-02	8.029930425677335448e-02	-7.809014064370857489e-02	1.164818552678615893e-01	-6.213818372119749023e-02	6.890973339402783893e-02	-7.651208740878751025e-02	1.169766824579718950e-01	-9.471508018122061501e-02	6.483305199826248921e-02	-7.444264590370680557e-02	7.776956919132346768e-02	-1.313374062916035923e-01	9.949730356800881581e-02	-1.075541510312962162e-01	1.087925395129091255e-01	-2.554545312349886799e-01	2.048622454032960338e-01	-2.082039678882962874e-01	2.363293181775191487e-01	-3.434280887734800225e-01	9.999999999999984457e-01	-5.221943155204658016e-01	2.020367711044371573e-01	-1.069753294117471443e-01	1.684993006079454625e-01	-6.224384998005654257e-01	2.618114838349452911e-01	-1.780278104718573395e-01	1.161687700673024043e-01	-1.394073458819028721e-01	2.112261627785823881e-01	-1.884825193712399150e-01	1.823733142633764959e-01
-5.644560060652554362e-02	5.003668317223081835e-02	-6.361951780085819963e-02	5.061971803637496659e-02	-6.656841408275976368e-02	4.283453172066333664e-02	-6.283117290171008618e-02	7.214778772572867649e-02	-7.848530730885006079e-02	7.133749117741915169e-02	-4.361623866009853995e-02	5.473267932745966985e-02	-1.020867211468933777e-01	1.002297085559597511e-01	-1.480176840711359965e-01	6.512251292458662300e-02	-7.375145268759183970e-02	9.389850449426059842e-02	-1.641245186240326559e-01	1.200887222832868473e-01	-6.610288764792834892e-02	7.211245370492168349e-02	-9.856851988483490701e-02	1.777557760069259918e-01	-1.321166246027871138e-01	1.056179258221117689e-01	-1.046521195546718935e-01	2.814428642418934090e-01	-4.102268653968594858e-01	2.707257639879552258e-01	-2.072705659437778791e-01	1.909692118290824969e-01	-5.221943155204658016e-01	9.999999999999978906e-01	-3.569077509645325330e-01	1.013818109203614426e-01	-1.701983031828491755e-01	2.949328219746774060e-01	-4.504643627722400567e-01	2.411107569571292741e-01	-1.180969266422063624e-01	1.346212413495395666e-01	-2.334961441198014354e-01	2.130935916073339875e-01	-2.460036281692312699e-01
