1.000000000000000000e+00	-6.613674860901757047e-01	1.961101121457028695e-01	-2.355320971767752569e-01	1.471635527809590505e-01	-5.975806201611458812e-01	2.060853508998606587e-01	-1.577632944369642132e-01	1.408841523701382936e-01	-1.099077792234080392e-01	9.705545246651024749e-02	-1.706016610658577792e-01	1.620667389916078394e-01	-1.322811252433207796e-01	1.655077821093043078e-01	-9.846130863059178451e-02	7.615755638616773793e-02	-7.662587211072080517e-02	1.469399447413722859e-01	-1.165063360457196939e-01	5.733980641042405596e-02	-5.930836736068378218e-02	6.531044269535982161e-02	-6.094447703902383662e-02	6.148769307933921874e-02	-4.455150970830505652e-02	5.441379314916676424e-02	-5.322182126777957878e-02	5.364139742265421756e-02	-5.077574844644400925e-02	4.957566276877694439e-02	-4.969321439438447591e-02	5.225934580595394813e-02	-5.552153376409652008e-02	6.472867735409883194e-02	-6.402156664236881289e-02	6.448721732144495344e-02	-5.185744731522432677e-02	4.996049508371112197e-02	-4.478807857042144125e-02	6.509386789675504492e-02	-4.718865043318658248e-02	5.073429834466046395e-02	-4.335324265847052827e-02	5.932753968748673279e-02
-6.613674860901757047e-01	9.999999999999995559e-01	-3.813281656099993255e-01	2.617218748364898984e-01	-2.208014887798234183e-01	2.975619388960194511e-01	-2.386660465953066856e-01	1.954556075567956686e-01	-1.936489108083521427e-01	1.537456527360524239e-01	-1.058784137754184146e-01	1.765299794245092646e-01	-2.171967594218340569e-01	1.737092469116765514e-01	-2.449245253123526478e-01	1.019070974418690573e-01	-9.684503742838206086e-02	9.514543286581134129e-02	-2.119120451142215145e-01	1.595797440520758947e-01	-7.679002051865406464e-02	7.864016098956939926e-02	-8.827454419315633460e-02	8.401779733149701557e-02	-8.561211840429802655e-02	5.936700754709932359e-02	-7.369630362848289540e-02	7.189401841416857841e-02	-7.416022638215535867e-02	6.994572444464941530e-02	-6.691815556803247522e-02	6.742979346355620907e-02	-7.142312574866983843e-02	7.622985853630256936e-02	-8.996137699165890345e-02	8.505438148696936596e-02	-8.894322630081923087e-02	7.103281846241593644e-02	-6.903039468467801754e-02	6.183921627294965140e-02	-9.022230254075985778e-02	6.482985917941976040e-02	-7.013185984086134361e-02	5.964817967334939269e-02	-8.255667375774472516e-02
1.961101121457028695e-01	-3.813281656099993255e-01	9.999999999999991118e-01	-8.414783442006594782e-01	1.349383861370828108e-01	-1.493759801432865686e-01	1.223830259973311685e-01	-2.400076569194772858e-01	1.813192851274411377e-01	-1.071310556797265973e-01	5.756539884997407402e-02	-1.055920185564659386e-01	1.431791461030201273e-01	-1.255592890518550109e-01	1.369341977065434424e-01	-5.770821279071940840e-02	5.527112377478096694e-02	-5.611258624932879274e-02	1.209804325349114751e-01	-9.703240828604953183e-02	4.036391476121306554e-02	-4.248442774385748771e-02	4.718004801301219769e-02	-4.582663542212184193e-02	4.590839749133560771e-02	-3.144116078438866091e-02	3.882947268508232797e-02	-3.824814720513178973e-02	3.938094578088729286e-02	-3.735891689756547923e-02	3.486381553697845415e-02	-3.538378955470689036e-02	3.723958837605235994e-02	-4.011534138213482259e-02	4.652345579315997348e-02	-4.507128750920738613e-02	4.535683487759390592e-02	-3.674647869936815969e-02	3.544831146651411524e-02	-3.184355307260952617e-02	4.538847642995429144e-02	-3.318212047548756843e-02	3.572812618554989383e-02	-3.072066693128047699e-02	4.181660495741727768e-02
-2.355320971767752569e-01	2.617218748364898984e-01	-8.414783442006594782e-01	9.999999999999990008e-01	-1.808958372148712079e-01	1.657003487761247729e-01	-1.436467532478671871e-01	2.123989245461814224e-01	-2.355292783696810444e-01	1.326060950976123698e-01	-6.895364593225361549e-02	1.205319488756045332e-01	-1.721497909172697571e-01	1.491488578941550514e-01	-1.774182108068742825e-01	6.803581929714820620e-02	-6.750873597122597491e-02	6.764476295280733020e-02	-1.548823660647005718e-01	1.202673101515368409e-01	-5.048982114674227528e-02	5.281199900215936133e-02	-5.906168861865237346e-02	5.762527499595655744e-02	-5.802948779537515922e-02	3.923691091844701967e-02	-4.867559928456988844e-02	4.786751373341176230e-02	-4.967642460799239629e-02	4.702025644191831777e-02	-4.371093482842295513e-02	4.437857932105943731e-02	-4.683150028597673348e-02	5.047696804415895133e-02	-5.884694241334501724e-02	5.617572643892698031e-02	-5.725549545973644683e-02	4.624862006699684974e-02	-4.475483194177441726e-02	4.018542257726658712e-02	-5.741077923107298919e-02	4.182083749871551293e-02	-4.512973628398540826e-02	3.872409850823158722e-02	-5.294731330294642074e-02
1.471635527809590505e-01	-2.208014887798234183e-01	1.349383861370828108e-01	-1.808958372148712079e-01	9.999999999999994449e-01	-2.310070869232813684e-01	1.487615960090729050e-01	-2.455565284595503106e-01	2.290314240613517405e-01	-7.997372942790919037e-01	8.517035158330540923e-02	-1.547483878904453991e-01	1.810879497892871615e-01	-2.025800749624500074e-01	2.725602773075839202e-01	-9.362119151902677239e-02	8.023307464978711445e-02	-8.549452276213018176e-02	1.864078334593496644e-01	-2.279674348425949348e-01	6.399480482297499606e-02	-6.812885405057875210e-02	7.450055239351215108e-02	-7.601963583164396410e-02	7.530663498246423226e-02	-5.115708987832250781e-02	6.194141548205501363e-02	-6.202060375704177703e-02	6.388444793355389784e-02	-6.227821481932339920e-02	5.628541393625524636e-02	-5.751571714091172766e-02	5.982219573508885252e-02	-6.598009540403566853e-02	7.435955105949665356e-02	-7.627922489603879141e-02	7.253282547984714335e-02	-5.982490539767427312e-02	5.709430631352132440e-02	-5.162886511073290496e-02	7.258466344013522753e-02	-5.394693264360565094e-02	5.734203316759869939e-02	-4.999083974190334650e-02	6.649639663492704078e-02
-5.975806201611458812e-01	2.975619388960194511e-01	-1.493759801432865686e-01	1.657003487761247729e-01	-2.310070869232813684e-01	9.999999999999988898e-01	-4.368220958094126694e-01	2.000674481909260338e-01	-1.951899811753856073e-01	1.622785560630332913e-01	-1.613289694618854631e-01	2.505240653870008938e-01	-2.599610140904665134e-01	1.950563533725393206e-01	-2.698245594133342751e-01	1.431950486718394366e-01	-1.201992143342801994e-01	1.166768044485785166e-01	-2.384215354424231992e-01	1.774478494951024221e-01	-8.953074468064343983e-02	9.188944942667856552e-02	-1.023758452844938521e-01	9.557774477648817157e-02	-9.715645326048950869e-02	6.884271164053291925e-02	-8.500388365702317428e-02	8.276306642469156982e-02	-8.434210970675894148e-02	7.940608708435550889e-02	-7.703749315367414141e-02	7.720731549352873035e-02	-8.163762622057256502e-02	8.657745272846815998e-02	-1.018850648834331296e-01	9.765506173928513445e-02	-1.007968349656060691e-01	8.066235463531817862e-02	-7.813015516867104215e-02	6.994684245408810952e-02	-1.016497507333529032e-01	7.335994267700637894e-02	-7.928369021383738224e-02	6.752639438971302921e-02	-9.309718906960941232e-02
2.060853508998606587e-01	-2.386660465953066856e-01	1.223830259973311685e-01	-1.436467532478671871e-01	1.487615960090729050e-01	-4.368220958094126694e-01	9.999999999999991118e-01	-2.550073002688044155e-01	1.804416961763443128e-01	-1.235487554239888125e-01	1.662922069084554755e-01	-7.247539230224492313e-01	2.627103595010735204e-01	-1.986988145836866282e-01	1.786280453921093025e-01	-1.735594210858910913e-01	1.177088590349893438e-01	-1.219937965317656053e-01	1.695925353600625241e-01	-1.411931626986647481e-01	6.763609248394421292e-02	-7.391165142655777009e-02	7.809811997812987627e-02	-7.041921264070545583e-02	6.917594918364934620e-02	-5.255822982043660552e-02	6.307374598557033418e-02	-6.222319701467722564e-02	6.022852420883344909e-02	-5.714012141606715500e-02	5.612746242156022025e-02	-5.637235403826740265e-02	5.853069950912916097e-02	-6.170899893538328573e-02	7.004359102121139602e-02	-7.350173104204975327e-02	6.905609326744997778e-02	-5.668493466470646974e-02	5.368537650882614781e-02	-4.818161511610443565e-02	6.772916922370998682e-02	-5.055328020281642937e-02	5.393541750251196198e-02	-4.677321025083863715e-02	6.225608770500583311e-02
-1.577632944369642132e-01	1.954556075567956686e-01	-2.400076569194772858e-01	2.123989245461814224e-01	-2.455565284595503106e-01	2.000674481909260338e-01	-2.550073002688044155e-01	9.999999999999990008e-01	-6.956461413549640538e-01	2.096775629964667265e-01	-1.009041438773218835e-01	2.131030082669774506e-01	-4.259478802418742993e-01	2.952527598796499952e-01	-2.502549434942423212e-01	1.011440849583332136e-01	-1.080633768328506522e-01	1.109265345350807924e-01	-2.326061822286049074e-01	1.812210526204079963e-01	-6.489387395412467285e-02	7.142926060875001704e-02	-7.869258019849234564e-02	7.798695147230247371e-02	-7.647727450407003358e-02	5.060892012099110771e-02	-6.265701683142366196e-02	6.238493300373065820e-02	-6.437505625946302046e-02	6.112230362979974990e-02	-5.466294670621222457e-02	5.617646746518391992e-02	-5.876887836985324187e-02	6.392812058486090077e-02	-7.261060454025893007e-02	7.139836667798706016e-02	-6.865926139609090928e-02	5.678239946432007967e-02	-5.430479924453045226e-02	4.891289260743186124e-02	-6.684552531921171548e-02	5.023257631434321219e-02	-5.391714705927972556e-02	4.710188063256936369e-02	-6.264927443249002081e-02
1.408841523701382936e-01	-1.936489108083521427e-01	1.813192851274411377e-01	-2.355292783696810444e-01	2.290314240613517405e-01	-1.951899811753856073e-01	1.804416961763443128e-01	-6.956461413549640538e-01	9.999999999999986677e-01	-2.966446722046191531e-01	8.763938284191717665e-02	-1.851912256137842605e-01	2.829128450873884537e-01	-4.580417130334096809e-01	2.358542111543270314e-01	-9.219362307464151751e-02	9.037897473298132922e-02	-9.690599409969871680e-02	2.181068935257204633e-01	-1.926895498830044628e-01	5.928754686415155239e-02	-6.533582633575772680e-02	7.161454266052477702e-02	-7.426696519119332929e-02	7.162989048160724181e-02	-4.680728405858699398e-02	5.752987574614626398e-02	-5.781021468569352145e-02	6.013619193019154041e-02	-5.775875938384891078e-02	5.053999489201067147e-02	-5.221170648732976344e-02	5.441497430784975747e-02	-6.007046562127290462e-02	6.750154976609933077e-02	-6.710126406383175313e-02	6.378302193401975961e-02	-5.303844287769911986e-02	5.064122152828472861e-02	-4.574310071081534590e-02	6.230503379854070156e-02	-4.697048089739822713e-02	5.023224049462630958e-02	-4.407282101535434787e-02	5.827787742537032800e-02
-1.099077792234080392e-01	1.537456527360524239e-01	-1.071310556797265973e-01	1.326060950976123698e-01	-7.997372942790919037e-01	1.622785560630332913e-01	-1.235487554239888125e-01	2.096775629964667265e-01	-2.966446722046191531e-01	9.999999999999987788e-01	-6.741063053471300914e-02	1.241787901698470364e-01	-1.715856249752636398e-01	1.936793431811415500e-01	-4.006376038239523596e-01	7.193208552049401572e-02	-6.779836250793409846e-02	7.118782985955844633e-02	-1.826254632834078129e-01	2.003429648210799108e-01	-5.107792780969880320e-02	5.511595192819403882e-02	-6.107440058976869313e-02	6.449611766370025312e-02	-6.421873187737231481e-02	4.057038174894859323e-02	-4.981445590618407276e-02	5.006047470469394967e-02	-5.309713601169614022e-02	5.141778369416431793e-02	-4.433642937758529301e-02	4.576960906119965922e-02	-4.781195645433592573e-02	5.325707315163196592e-02	-6.023698064604898067e-02	5.930835427027635054e-02	-5.683098051398034756e-02	4.713562431327739805e-02	-4.520017272571128647e-02	4.088749474227182379e-02	-5.601165714655266525e-02	4.200188223282310535e-02	-4.491966899206530084e-02	3.935515784814625634e-02	-5.227978784560848025e-02
9.705545246651024749e-02	-1.058784137754184146e-01	5.756539884997407402e-02	-6.895364593225361549e-02	8.517035158330540923e-02	-1.613289694618854631e-01	1.662922069084554755e-01	-1.009041438773218835e-01	8.763938284191717665e-02	-6.741063053471300914e-02	9.999999999999996669e-01	-2.384423818637214365e-01	1.388255802309235065e-01	-1.000674489896336838e-01	1.052695766163648378e-01	-9.118493664206188676e-01	1.479954246869960299e-01	-1.513963842287784078e-01	1.032946577406830546e-01	-8.338698851353916475e-02	7.834939132101791104e-02	-7.984254323213108018e-02	7.632769015889284692e-02	-5.660457916404090101e-02	5.475661645639447184e-02	-5.859247644469735283e-02	6.117874386430129097e-02	-5.928079166535019096e-02	4.973154563109327686e-02	-4.647227748786836310e-02	5.635822076092445593e-02	-5.225653969907876478e-02	5.282831555303724169e-02	-5.166878818093307429e-02	5.715086688047040647e-02	-7.375762769620887449e-02	5.910284553408170355e-02	-4.902388371506438691e-02	4.466044347015503402e-02	-3.968400330771906098e-02	5.564979574977688831e-02	-4.288001300800309973e-02	4.495573676926509221e-02	-3.917543239090572754e-02	5.029971892956831142e-02
-1.706016610658577792e-01	1.765299794245092646e-01	-1.055920185564659386e-01	1.205319488756045332e-01	-1.547483878904453991e-01	2.505240653870008938e-01	-7.247539230224492313e-01	2.131030082669774506e-01	-1.851912256137842605e-01	1.241787901698470364e-01	-2.384423818637214365e-01	9.999999999999980016e-01	-4.361597972189514283e-01	2.111718651540109570e-01	-1.963418672247943808e-01	1.853858771234707103e-01	-1.501341890731834050e-01	1.400211092277627301e-01	-1.913360947234228615e-01	1.456634048844924756e-01	-7.143397545774546331e-02	7.902953091056320878e-02	-8.379030724883654302e-02	7.403823281111576726e-02	-7.277049300285089173e-02	5.461782218604745859e-02	-6.625428150727137588e-02	6.503674215506533018e-02	-6.285881658483395695e-02	5.917040636476630922e-02	-5.788462205640693137e-02	5.813128541949668521e-02	-6.050612290121749892e-02	6.332844750696266234e-02	-7.195739074335016916e-02	7.457874969428489320e-02	-7.008602233539922011e-02	5.764327655291596325e-02	-5.456767187131575381e-02	4.888709926633653252e-02	-6.784564275104792985e-02	5.095743742134119930e-02	-5.454047458026476530e-02	4.737628628613665960e-02	-6.289842747876306372e-02
1.620667389916078394e-01	-2.171967594218340569e-01	1.431791461030201273e-01	-1.721497909172697571e-01	1.810879497892871615e-01	-2.599610140904665134e-01	2.627103595010735204e-01	-4.259478802418742993e-01	2.829128450873884537e-01	-1.715856249752636398e-01	1.388255802309235065e-01	-4.361597972189514283e-01	9.999999999999998890e-01	-5.598423701093880878e-01	2.392821675998954012e-01	-1.474486868792245775e-01	1.611543272641940694e-01	-2.032148323435833681e-01	2.474196092720124251e-01	-2.159823548322128139e-01	8.000782232463139743e-02	-9.252875718206546307e-02	9.847524370565730045e-02	-9.268890111161869061e-02	8.810807044839211177e-02	-6.269067073271120116e-02	7.676312640286431233e-02	-7.700447813326838364e-02	7.532211393607969596e-02	-7.199311087174418977e-02	6.602991543835984301e-02	-6.812019889567179354e-02	7.044950624674881090e-02	-7.569418020131071789e-02	8.410601644282647560e-02	-8.745886126374619041e-02	8.062866238214867753e-02	-6.738666158499517778e-02	6.352196378191414528e-02	-5.721582649433237799e-02	7.763992857570262140e-02	-5.915867057194248990e-02	6.300620940302556483e-02	-5.539934892789227794e-02	7.240822290965387431e-02
-1.322811252433207796e-01	1.737092469116765514e-01	-1.255592890518550109e-01	1.491488578941550514e-01	-2.025800749624500074e-01	1.950563533725393206e-01	-1.986988145836866282e-01	2.952527598796499952e-01	-4.580417130334096809e-01	1.936793431811415500e-01	-1.000674489896336838e-01	2.111718651540109570e-01	-5.598423701093880878e-01	9.999999999999972244e-01	-3.645946544604409811e-01	1.025560081812604274e-01	-1.168422301520229550e-01	1.237134710564537637e-01	-4.464801462760076278e-01	2.590238244731196127e-01	-6.949573632975403203e-02	7.866238185574565833e-02	-8.798681382816542218e-02	9.847505788422165895e-02	-9.306402306923163004e-02	5.467915788635849261e-02	-6.829532682722939951e-02	6.933417380592758750e-02	-7.580327246996672319e-02	7.168488216232538068e-02	-5.828080071554896102e-02	6.122969052096443460e-02	-6.402262935894595386e-02	7.203217556806383592e-02	-8.050114583531622903e-02	7.695645003325109201e-02	-7.284128601385092550e-02	6.129675516801073171e-02	-5.875162250401029518e-02	5.312035983866645467e-02	-6.972700663214589922e-02	5.338957623685155335e-02	-5.738142663173503855e-02	5.084395391202536224e-02	-6.666686841085850412e-02
1.655077821093043078e-01	-2.449245253123526478e-01	1.369341977065434424e-01	-1.774182108068742825e-01	2.725602773075839202e-01	-2.698245594133342751e-01	1.786280453921093025e-01	-2.502549434942423212e-01	2.358542111543270314e-01	-4.006376038239523596e-01	1.052695766163648378e-01	-1.963418672247943808e-01	2.392821675998954012e-01	-3.645946544604409811e-01	9.999999999999975575e-01	-1.162413368337961439e-01	1.047318758655970822e-01	-1.133665407230887573e-01	3.081685400113210460e-01	-5.856659425835230026e-01	8.282009386383658300e-02	-9.056609381576027906e-02	1.000077315786700588e-01	-1.127555218022964073e-01	1.123160128656982976e-01	-6.654959624502422566e-02	8.147281226765878959e-02	-8.299893659279837521e-02	8.970857876898243044e-02	-8.938057991610588726e-02	7.221516849981292341e-02	-7.544537056835294575e-02	7.848714818546526084e-02	-8.959241819783253513e-02	9.963943070156922044e-02	-9.807183180420277202e-02	9.240684293040743458e-02	-7.756708290754105173e-02	7.426180709055818507e-02	-6.748358754456522390e-02	9.059603508578123465e-02	-6.869856722865640142e-02	7.326550432500446297e-02	-6.482087546180695381e-02	8.510741559594948991e-02
-9.846130863059178451e-02	1.019070974418690573e-01	-5.770821279071940840e-02	6.803581929714820620e-02	-9.362119151902677239e-02	1.431950486718394366e-01	-1.735594210858910913e-01	1.011440849583332136e-01	-9.219362307464151751e-02	7.193208552049401572e-02	-9.118493664206188676e-01	1.853858771234707103e-01	-1.474486868792245775e-01	1.025560081812604274e-01	-1.162413368337961439e-01	9.999999999999991118e-01	-1.871211734408931848e-01	1.495098221995793120e-01	-1.134675439895989207e-01	8.809931017069988490e-02	-8.975131080661455374e-02	8.571199665304311821e-02	-8.341586228209657561e-02	6.076692052126916183e-02	-5.942782651052186393e-02	6.274001990684616170e-02	-6.660356616622400971e-02	6.335461263773170537e-02	-5.370296751023074383e-02	4.986309841826368910e-02	-6.134494103578401469e-02	5.588569088181935540e-02	-5.701935424687470944e-02	5.528911280380446880e-02	-6.181205928443948838e-02	7.683441723802719725e-02	-6.367009750361120324e-02	5.238220875875152643e-02	-4.800815969131663752e-02	4.254705129832112714e-02	-5.975358232878050235e-02	4.577387809921922013e-02	-4.831115933053253819e-02	4.190058019781753990e-02	-5.423490756713107708e-02
7.615755638616773793e-02	-9.684503742838206086e-02	5.527112377478096694e-02	-6.750873597122597491e-02	8.023307464978711445e-02	-1.201992143342801994e-01	1.177088590349893438e-01	-1.080633768328506522e-01	9.037897473298132922e-02	-6.779836250793409846e-02	1.479954246869960299e-01	-1.501341890731834050e-01	1.611543272641940694e-01	-1.168422301520229550e-01	1.047318758655970822e-01	-1.871211734408931848e-01	1.000000000000000888e+00	-8.881536353936299033e-01	1.194895025933440380e-01	-9.864448963181514374e-02	1.246244247798524302e-01	-2.252155440944826614e-01	1.717053293108203871e-01	-9.369327526987139554e-02	8.464976689430160628e-02	-9.291460653862596009e-02	1.164207647060575973e-01	-1.148426778550978161e-01	7.891789927170922425e-02	-7.182985563419992669e-02	8.413044290992886809e-02	-8.888693670997066532e-02	8.806945042123129341e-02	-7.901551394110199744e-02	8.302848518253121146e-02	-1.071343600504321147e-01	8.535097237755440158e-02	-7.340934222184172797e-02	6.404487978313316843e-02	-5.623965303934199550e-02	7.344785223835642585e-02	-6.014922671482531707e-02	6.307154524794186812e-02	-5.599779501043666147e-02	6.818234000127137984e-02
-7.662587211072080517e-02	9.514543286581134129e-02	-5.611258624932879274e-02	6.764476295280733020e-02	-8.549452276213018176e-02	1.166768044485785166e-01	-1.219937965317656053e-01	1.109265345350807924e-01	-9.690599409969871680e-02	7.118782985955844633e-02	-1.513963842287784078e-01	1.400211092277627301e-01	-2.032148323435833681e-01	1.237134710564537637e-01	-1.133665407230887573e-01	1.495098221995793120e-01	-8.881536353936299033e-01	1.000000000000001776e+00	-1.358812522891223729e-01	1.031274858337120626e-01	-1.268051907319554250e-01	1.820443742992377822e-01	-2.019628231891188730e-01	9.798769486288601283e-02	-9.082517826542171879e-02	9.018281547667583720e-02	-1.204837949495808358e-01	1.158131584663267960e-01	-8.321530707819535522e-02	7.462095048987045509e-02	-8.537206121116244772e-02	8.924962863498485388e-02	-9.155960816495761767e-02	8.120239812761291531e-02	-8.705984416638183621e-02	1.042184546128555600e-01	-8.797535243115187087e-02	7.475992554180559135e-02	-6.609863438574734018e-02	5.788586045937825497e-02	-7.514634239175742303e-02	6.115251950232530875e-02	-6.487869258186551580e-02	5.729761358880554323e-02	-7.063529787041701591e-02
1.469399447413722859e-01	-2.119120451142215145e-01	1.209804325349114751e-01	-1.548823660647005718e-01	1.864078334593496644e-01	-2.384215354424231992e-01	1.695925353600625241e-01	-2.326061822286049074e-01	2.181068935257204633e-01	-1.826254632834078129e-01	1.032946577406830546e-01	-1.913360947234228615e-01	2.474196092720124251e-01	-4.464801462760076278e-01	3.081685400113210460e-01	-1.134675439895989207e-01	1.194895025933440380e-01	-1.358812522891223729e-01	1.000000000000000666e+00	-6.527541565047455530e-01	9.342110839308610803e-02	-1.088999419019136272e-01	1.245103775831589432e-01	-1.979097074660876032e-01	1.558962413657948021e-01	-7.571961489239181775e-02	9.547548947904561933e-02	-1.014883398213455995e-01	1.226078333145657756e-01	-1.187431174875566570e-01	7.980896037193697945e-02	-8.762687885530984211e-02	9.141412554801836565e-02	-1.119297151824214520e-01	1.199465517804255144e-01	-1.082012159590900469e-01	1.011352460619483334e-01	-8.775300466533934862e-02	8.476870093026349362e-02	-7.740707247718781048e-02	9.510706642972156788e-02	-7.481482087728716368e-02	8.059365961605691187e-02	-7.326673430067522086e-02	9.389506806310926601e-02
-1.165063360457196939e-01	1.595797440520758947e-01	-9.703240828604953183e-02	1.202673101515368409e-01	-2.279674348425949348e-01	1.774478494951024221e-01	-1.411931626986647481e-01	1.812210526204079963e-01	-1.926895498830044628e-01	2.003429648210799108e-01	-8.338698851353916475e-02	1.456634048844924756e-01	-2.159823548322128139e-01	2.590238244731196127e-01	-5.856659425835230026e-01	8.809931017069988490e-02	-9.864448963181514374e-02	1.031274858337120626e-01	-6.527541565047455530e-01	9.999999999999998890e-01	-7.989347483592591781e-02	9.030155806027641285e-02	-1.063863152270641543e-01	1.433264669148429649e-01	-1.574614630913493685e-01	6.377836870142954140e-02	-8.181330218253260456e-02	8.529547194080705497e-02	-1.068776582233695177e-01	1.047749391308664124e-01	-6.814284453975712197e-02	7.441875467010679313e-02	-7.875502640299776591e-02	9.528807636356563526e-02	-1.079437086297641429e-01	9.032115276394379888e-02	-8.738561067951651495e-02	7.507876893484569103e-02	-7.369972185204226589e-02	6.725259471225902841e-02	-8.176072391672198347e-02	6.397241763638174261e-02	-6.975853656933356239e-02	6.301062518895021725e-02	-8.250602661920730663e-02
5.733980641042405596e-02	-7.679002051865406464e-02	4.036391476121306554e-02	-5.048982114674227528e-02	6.399480482297499606e-02	-8.953074468064343983e-02	6.763609248394421292e-02	-6.489387395412467285e-02	5.928754686415155239e-02	-5.107792780969880320e-02	7.834939132101791104e-02	-7.143397545774546331e-02	8.000782232463139743e-02	-6.949573632975403203e-02	8.282009386383658300e-02	-8.975131080661455374e-02	1.246244247798524302e-01	-1.268051907319554250e-01	9.342110839308610803e-02	-7.989347483592591781e-02	9.999999999999992228e-01	-4.859616455711804339e-01	2.442696550035510228e-01	-1.387699454131428589e-01	1.242629985351782207e-01	-6.355649203674298420e-01	2.385015237782603381e-01	-2.116723696054087500e-01	1.259398137014133001e-01	-1.146048096012644985e-01	2.843782231753603229e-01	-1.855753165782303982e-01	1.652191463384830583e-01	-1.365743587427388772e-01	1.372252607203917896e-01	-3.645362565347863848e-01	1.657134331296959973e-01	-1.412744797194184776e-01	1.143761109008304550e-01	-9.882511093413567926e-02	1.434708379506685616e-01	-1.198515047858624699e-01	1.163893611721329990e-01	-1.029568187645404087e-01	1.175317245278694328e-01
-5.930836736068378218e-02	7.864016098956939926e-02	-4.248442774385748771e-02	5.281199900215936133e-02	-6.812885405057875210e-02	9.188944942667856552e-02	-7.391165142655777009e-02	7.142926060875001704e-02	-6.533582633575772680e-02	5.511595192819403882e-02	-7.984254323213108018e-02	7.902953091056320878e-02	-9.252875718206546307e-02	7.866238185574565833e-02	-9.056609381576027906e-02	8.571199665304311821e-02	-2.252155440944826614e-01	1.820443742992377822e-01	-1.088999419019136272e-01	9.030155806027641285e-02	-4.859616455711804339e-01	9.999999999999980016e-01	-5.861320853971053735e-01	1.855617494752897501e-01	-1.700142870860011646e-01	2.421845301751261170e-01	-3.974143246609213587e-01	2.766320374336496135e-01	-1.631612429930882346e-01	1.385019478142320570e-01	-2.030737481847682824e-01	2.074060608867917821e-01	-2.064136256863738084e-01	1.544394671276299591e-01	-1.601326829697619358e-01	2.194458169201783382e-01	-1.732380319238044086e-01	1.468561236238598855e-01	-1.230268969986611782e-01	1.048679617147298820e-01	-1.336420145450417374e-01	1.141595970256107373e-01	-1.202637151091965617e-01	1.060437008830754646e-01	-1.242308540245188053e-01
6.531044269535982161e-02	-8.827454419315633460e-02	4.718004801301219769e-02	-5.906168861865237346e-02	7.450055239351215108e-02	-1.023758452844938521e-01	7.809811997812987627e-02	-7.869258019849234564e-02	7.161454266052477702e-02	-6.107440058976869313e-02	7.632769015889284692e-02	-8.379030724883654302e-02	9.847524370565730045e-02	-8.798681382816542218e-02	1.000077315786700588e-01	-8.341586228209657561e-02	1.717053293108203871e-01	-2.019628231891188730e-01	1.245103775831589432e-01	-1.063863152270641543e-01	2.442696550035510228e-01	-5.861320853971053735e-01	1.000000000000001998e+00	-3.325382502013722319e-01	2.079287369716682210e-01	-2.100062692735891468e-01	2.881845674601146712e-01	-4.863373866068352314e-01	2.057683718489288494e-01	-1.803561077477136010e-01	1.722893596753848344e-01	-2.237916290936069474e-01	2.215897891917957552e-01	-1.904281193709491948e-01	1.801351603055160455e-01	-2.337839070619960324e-01	1.777953990839067633e-01	-1.659394388312252222e-01	1.370663014959222770e-01	-1.190917502537860995e-01	1.405285176841924444e-01	-1.240946727943593730e-01	1.302600147988124957e-01	-1.194657442026489380e-01	1.353291788244229965e-01
-6.094447703902383662e-02	8.401779733149701557e-02	-4.582663542212184193e-02	5.762527499595655744e-02	-7.601963583164396410e-02	9.557774477648817157e-02	-7.041921264070545583e-02	7.798695147230247371e-02	-7.426696519119332929e-02	6.449611766370025312e-02	-5.660457916404090101e-02	7.403823281111576726e-02	-9.268890111161869061e-02	9.847505788422165895e-02	-1.127555218022964073e-01	6.076692052126916183e-02	-9.369327526987139554e-02	9.798769486288601283e-02	-1.979097074660876032e-01	1.433264669148429649e-01	-1.387699454131428589e-01	1.855617494752897501e-01	-3.325382502013722319e-01	9.999999999999996669e-01	-6.586451275454630050e-01	1.123559902289095885e-01	-1.662380747049451712e-01	1.988276613889364830e-01	-4.802110274879637375e-01	3.049164297960815784e-01	-1.107953964886416037e-01	1.432581285010635086e-01	-1.595379339118173923e-01	2.330972327484325535e-01	-2.501007762764821951e-01	1.447378996954462038e-01	-1.429241416305801482e-01	1.345757580252573693e-01	-1.419926028413042163e-01	1.275141334500634049e-01	-1.164436228731093037e-01	1.016998461723906122e-01	-1.166841276264295457e-01	1.133992312240785505e-01	-1.405342692315510456e-01
6.148769307933921874e-02	-8.561211840429802655e-02	4.590839749133560771e-02	-5.802948779537515922e-02	7.530663498246423226e-02	-9.715645326048950869e-02	6.917594918364934620e-02	-7.647727450407003358e-02	7.162989048160724181e-02	-6.421873187737231481e-02	5.475661645639447184e-02	-7.277049300285089173e-02	8.810807044839211177e-02	-9.306402306923163004e-02	1.123160128656982976e-01	-5.942782651052186393e-02	8.464976689430160628e-02	-9.082517826542171879e-02	1.558962413657948021e-01	-1.574614630913493685e-01	1.242629985351782207e-01	-1.700142870860011646e-01	2.079287369716682210e-01	-6.586451275454630050e-01	9.999999999999983347e-01	-1.072374270283023151e-01	1.465130053659142451e-01	-1.803752019471722978e-01	3.055340757480028979e-01	-5.577294023392573852e-01	1.051010118086111861e-01	-1.382720140683871557e-01	1.459506318338768815e-01	-2.406400988910792904e-01	2.406984825797162386e-01	-1.466507306377319853e-01	1.371259169947937895e-01	-1.339165369214050383e-01	1.368947312616820566e-01	-1.319440050994058200e-01	1.146232870318393271e-01	-1.017929084229037273e-01	1.138208320960442388e-01	-1.147504614671294165e-01	1.360531190748001662e-01
-4.455150970830505652e-02	5.936700754709932359e-02	-3.144116078438866091e-02	3.923691091844701967e-02	-5.115708987832250781e-02	6.884271164053291925e-02	-5.255822982043660552e-02	5.060892012099110771e-02	-4.680728405858699398e-02	4.057038174894859323e-02	-5.859247644469735283e-02	5.461782218604745859e-02	-6.269067073271120116e-02	5.467915788635849261e-02	-6.654959624502422566e-02	6.274001990684616170e-02	-9.291460653862596009e-02	9.018281547667583720e-02	-7.571961489239181775e-02	6.377836870142954140e-02	-6.355649203674298420e-01	2.421845301751261170e-01	-2.100062692735891468e-01	1.123559902289095885e-01	-1.072374270283023151e-01	9.999999999999993339e-01	-2.734647680551820503e-01	1.800141319279874308e-01	-1.085917211236942514e-01	9.592026631463017317e-02	-5.815615058255317882e-01	1.704426908193005519e-01	-1.547281749956042896e-01	1.153904348297517951e-01	-1.200945243833577147e-01	2.921897470626622084e-01	-1.521033966870609377e-01	1.218562324863450980e-01	-9.960220986553422473e-02	8.437143146327751031e-02	-1.276610272715351657e-01	1.030611269201208713e-01	-1.021354104916594729e-01	8.800398261866457239e-02	-1.022559354300476009e-01
5.441379314916676424e-02	-7.369630362848289540e-02	3.882947268508232797e-02	-4.867559928456988844e-02	6.194141548205501363e-02	-8.500388365702317428e-02	6.307374598557033418e-02	-6.265701683142366196e-02	5.752987574614626398e-02	-4.981445590618407276e-02	6.117874386430129097e-02	-6.625428150727137588e-02	7.676312640286431233e-02	-6.829532682722939951e-02	8.147281226765878959e-02	-6.660356616622400971e-02	1.164207647060575973e-01	-1.204837949495808358e-01	9.547548947904561933e-02	-8.181330218253260456e-02	2.385015237782603381e-01	-3.974143246609213587e-01	2.881845674601146712e-01	-1.662380747049451712e-01	1.465130053659142451e-01	-2.734647680551820503e-01	9.999999999999961142e-01	-5.835698625605036938e-01	1.694033450072376656e-01	-1.449110620228394597e-01	1.953594030019640826e-01	-4.875802376460696697e-01	2.937403250258265874e-01	-1.810799293756762685e-01	1.663951210046662743e-01	-2.351601138032316796e-01	2.110587002434916037e-01	-1.902224448607392204e-01	1.401744122845531848e-01	-1.164033159790954924e-01	1.450128277351988015e-01	-1.353210331921274323e-01	1.385438176896648943e-01	-1.232304873549850965e-01	1.333241462631234997e-01
-5.322182126777957878e-02	7.189401841416857841e-02	-3.824814720513178973e-02	4.786751373341176230e-02	-6.202060375704177703e-02	8.276306642469156982e-02	-6.222319701467722564e-02	6.238493300373065820e-02	-5.781021468569352145e-02	5.006047470469394967e-02	-5.928079166535019096e-02	6.503674215506533018e-02	-7.700447813326838364e-02	6.933417380592758750e-02	-8.299893659279837521e-02	6.335461263773170537e-02	-1.148426778550978161e-01	1.158131584663267960e-01	-1.014883398213455995e-01	8.529547194080705497e-02	-2.116723696054087500e-01	2.766320374336496135e-01	-4.863373866068352314e-01	1.988276613889364830e-01	-1.803752019471722978e-01	1.800141319279874308e-01	-5.835698625605036938e-01	9.999999999999966693e-01	-2.447318501387102663e-01	1.691675946019158550e-01	-1.658021958712232735e-01	2.911646609287179555e-01	-4.336599686040267243e-01	2.014511300451346520e-01	-1.911994648474733549e-01	1.931240749761906073e-01	-2.078840785155397219e-01	1.904377776225986141e-01	-1.508650889614918944e-01	1.224638684025810692e-01	-1.414145721937016265e-01	1.287642174377225668e-01	-1.439569015667648555e-01	1.260003343125605801e-01	-1.411527504569274338e-01
5.364139742265421756e-02	-7.416022638215535867e-02	3.938094578088729286e-02	-4.967642460799239629e-02	6.388444793355389784e-02	-8.434210970675894148e-02	6.022852420883344909e-02	-6.437505625946302046e-02	6.013619193019154041e-02	-5.309713601169614022e-02	4.973154563109327686e-02	-6.285881658483395695e-02	7.532211393607969596e-02	-7.580327246996672319e-02	8.970857876898243044e-02	-5.370296751023074383e-02	7.891789927170922425e-02	-8.321530707819535522e-02	1.226078333145657756e-01	-1.068776582233695177e-01	1.259398137014133001e-01	-1.631612429930882346e-01	2.057683718489288494e-01	-4.802110274879637375e-01	3.055340757480028979e-01	-1.085917211236942514e-01	1.694033450072376656e-01	-2.447318501387102663e-01	9.999999999999981126e-01	-5.591802134716447048e-01	1.082021894252699623e-01	-1.620240440489110756e-01	1.830914785123293753e-01	-4.902326293057633344e-01	2.929566158200892501e-01	-1.465698599450258321e-01	1.534430822793054483e-01	-1.576259523687718322e-01	1.757811922556006545e-01	-1.543191021603674551e-01	1.223054339163353599e-01	-1.120021227829113702e-01	1.312429674747201958e-01	-1.387478098264704751e-01	1.553600720632003218e-01
-5.077574844644400925e-02	6.994572444464941530e-02	-3.735891689756547923e-02	4.702025644191831777e-02	-6.227821481932339920e-02	7.940608708435550889e-02	-5.714012141606715500e-02	6.112230362979974990e-02	-5.775875938384891078e-02	5.141778369416431793e-02	-4.647227748786836310e-02	5.917040636476630922e-02	-7.199311087174418977e-02	7.168488216232538068e-02	-8.938057991610588726e-02	4.986309841826368910e-02	-7.182985563419992669e-02	7.462095048987045509e-02	-1.187431174875566570e-01	1.047749391308664124e-01	-1.146048096012644985e-01	1.385019478142320570e-01	-1.803561077477136010e-01	3.049164297960815784e-01	-5.577294023392573852e-01	9.592026631463017317e-02	-1.449110620228394597e-01	1.691675946019158550e-01	-5.591802134716447048e-01	9.999999999999974465e-01	-9.889920904875244834e-02	1.361113493195509894e-01	-1.551541855352252530e-01	2.819725557747220224e-01	-4.561648726166798729e-01	1.320663713101323244e-01	-1.428483845688803267e-01	1.399539060440707083e-01	-1.618245717584866072e-01	1.598678621646158760e-01	-1.162776484583575437e-01	1.038530385413095614e-01	-1.234007309383057249e-01	1.257625490948461877e-01	-1.656146542436582048e-01
4.957566276877694439e-02	-6.691815556803247522e-02	3.486381553697845415e-02	-4.371093482842295513e-02	5.628541393625524636e-02	-7.703749315367414141e-02	5.612746242156022025e-02	-5.466294670621222457e-02	5.053999489201067147e-02	-4.433642937758529301e-02	5.635822076092445593e-02	-5.788462205640693137e-02	6.602991543835984301e-02	-5.828080071554896102e-02	7.221516849981292341e-02	-6.134494103578401469e-02	8.413044290992886809e-02	-8.537206121116244772e-02	7.980896037193697945e-02	-6.814284453975712197e-02	2.843782231753603229e-01	-2.030737481847682824e-01	1.722893596753848344e-01	-1.107953964886416037e-01	1.051010118086111861e-01	-5.815615058255317882e-01	1.953594030019640826e-01	-1.658021958712232735e-01	1.082021894252699623e-01	-9.889920904875244834e-02	9.999999999999951150e-01	-1.942374224233594515e-01	1.571024554588976718e-01	-1.240099656134248662e-01	1.270169674431994578e-01	-6.607060718490770368e-01	1.752219721301198352e-01	-1.401097000702053175e-01	1.110248687391821726e-01	-9.458356037626683421e-02	1.586042661986550861e-01	-1.274983879010573307e-01	1.171026705212191710e-01	-1.010862813918431830e-01	1.146684759324588937e-01
-4.969321439438447591e-02	6.742979346355620907e-02	-3.538378955470689036e-02	4.437857932105943731e-02	-5.751571714091172766e-02	7.720731549352873035e-02	-5.637235403826740265e-02	5.617646746518391992e-02	-5.221170648732976344e-02	4.576960906119965922e-02	-5.225653969907876478e-02	5.813128541949668521e-02	-6.812019889567179354e-02	6.122969052096443460e-02	-7.544537056835294575e-02	5.588569088181935540e-02	-8.888693670997066532e-02	8.924962863498485388e-02	-8.762687885530984211e-02	7.441875467010679313e-02	-1.855753165782303982e-01	2.074060608867917821e-01	-2.237916290936069474e-01	1.432581285010635086e-01	-1.382720140683871557e-01	1.704426908193005519e-01	-4.875802376460696697e-01	2.911646609287179555e-01	-1.620240440489110756e-01	1.361113493195509894e-01	-1.942374224233594515e-01	9.999999999999987788e-01	-6.462514051806068638e-01	1.972500206071330087e-01	-1.872537296426483588e-01	2.049763382938502021e-01	-3.689696217132206746e-01	2.480118255143414496e-01	-1.707962576754329664e-01	1.309830733157393567e-01	-1.680667126737348527e-01	1.644434213542670942e-01	-1.746634267934542573e-01	1.446223048912182174e-01	-1.529877684271643834e-01
5.225934580595394813e-02	-7.142312574866983843e-02	3.723958837605235994e-02	-4.683150028597673348e-02	5.982219573508885252e-02	-8.163762622057256502e-02	5.853069950912916097e-02	-5.876887836985324187e-02	5.441497430784975747e-02	-4.781195645433592573e-02	5.282831555303724169e-02	-6.050612290121749892e-02	7.044950624674881090e-02	-6.402262935894595386e-02	7.848714818546526084e-02	-5.701935424687470944e-02	8.806945042123129341e-02	-9.155960816495761767e-02	9.141412554801836565e-02	-7.875502640299776591e-02	1.652191463384830583e-01	-2.064136256863738084e-01	2.215897891917957552e-01	-1.595379339118173923e-01	1.459506318338768815e-01	-1.547281749956042896e-01	2.937403250258265874e-01	-4.336599686040267243e-01	1.830914785123293753e-01	-1.551541855352252530e-01	1.571024554588976718e-01	-6.462514051806068638e-01	9.999999999999976685e-01	-2.860311367638801450e-01	2.020239215633367058e-01	-2.035175055157727453e-01	2.671826328429242614e-01	-3.647585371332382476e-01	1.917043923273588080e-01	-1.463185431148987248e-01	1.622811246432342147e-01	-1.647607447401703007e-01	1.858962869149635710e-01	-1.642064100205138377e-01	1.601857628472462269e-01
-5.552153376409652008e-02	7.622985853630256936e-02	-4.011534138213482259e-02	5.047696804415895133e-02	-6.598009540403566853e-02	8.657745272846815998e-02	-6.170899893538328573e-02	6.392812058486090077e-02	-6.007046562127290462e-02	5.325707315163196592e-02	-5.166878818093307429e-02	6.332844750696266234e-02	-7.569418020131071789e-02	7.203217556806383592e-02	-8.959241819783253513e-02	5.528911280380446880e-02	-7.901551394110199744e-02	8.120239812761291531e-02	-1.119297151824214520e-01	9.528807636356563526e-02	-1.365743587427388772e-01	1.544394671276299591e-01	-1.904281193709491948e-01	2.330972327484325535e-01	-2.406400988910792904e-01	1.153904348297517951e-01	-1.810799293756762685e-01	2.014511300451346520e-01	-4.902326293057633344e-01	2.819725557747220224e-01	-1.240099656134248662e-01	1.972500206071330087e-01	-2.860311367638801450e-01	9.999999999999974465e-01	-5.753923795876315639e-01	1.639820347293642344e-01	-2.094349396978795741e-01	2.184826093945227421e-01	-3.621675847283551963e-01	2.312871542222289800e-01	-1.609701421147775591e-01	1.482456811090608895e-01	-1.948121782710593441e-01	2.058463044697574351e-01	-2.396443390595244805e-01
