1.000000000000000000e+00	-7.347940197401794382e-01	2.672714905423610454e-01	-9.360648826358419772e-02	9.395664855018390216e-02	-3.312346505717762568e-01	2.607475060302185121e-01	-2.288657639898753204e-01	1.545695689592135602e-01	-1.180655768857604565e-01	1.551708611957414718e-01	-1.111484412447636683e-01	1.183717286327379825e-01	-1.522059278098753243e-01	9.292416304081456413e-02	-1.092212079737848313e-01	1.561047330460513249e-01	-1.056116133992570927e-01	1.103095863106642871e-01	-9.882387144145864111e-02	6.537398881514880356e-02	-6.514422173994958987e-02	1.163496568512736862e-01	-1.213043667813510362e-01	8.010623316240272906e-02	-5.156603104943637689e-02	5.768941257378532722e-02	-1.036791849653504599e-01	9.062216469008430031e-02	-8.848876775577488307e-02	5.860630164738683118e-02	-6.106474544894532203e-02	7.733913247572449245e-02	-8.656790885485908527e-02	8.728673435874122200e-02	-4.751792228910960841e-02	7.152760672925943808e-02	-7.215762769965024248e-02	8.159473716205334348e-02	-1.116343179607418717e-01	5.256182972389795982e-02	-6.799969293040325491e-02	1.120658335581228987e-01	-4.721205228949058169e-02	4.758092844281364142e-02
-7.347940197401794382e-01	1.000000000000000000e+00	-4.492797069329882431e-01	1.044926151047304019e-01	-1.099673101570804307e-01	2.398896672506342920e-01	-3.520445627470284999e-01	2.396835573284646081e-01	-1.547849297863263807e-01	1.036839059544441277e-01	-1.273047287109481118e-01	9.030937771431905847e-02	-9.877940889085420895e-02	1.344779161590232142e-01	-8.430136255448082705e-02	8.635030231534292222e-02	-1.273286841467344277e-01	8.443305467436537648e-02	-9.072016966893815815e-02	7.763725258022537157e-02	-5.113984493220868899e-02	5.067899475340465615e-02	-9.353546849402501195e-02	9.514597427967899645e-02	-6.290726530951946949e-02	3.942213217852622020e-02	-4.438970304637235992e-02	7.636926130669149937e-02	-6.978330427574297445e-02	6.750345470222852973e-02	-4.349122980252423387e-02	4.510370882721906338e-02	-5.754135594398063908e-02	6.452953782485947032e-02	-6.546898088053695886e-02	3.500915713571033094e-02	-5.280304021768287420e-02	5.317500488985396623e-02	-6.055171071124333670e-02	8.049801862152039522e-02	-3.865282757713881662e-02	4.956736720030647386e-02	-8.242534199536855066e-02	3.448864885950968934e-02	-3.487402295398861485e-02
2.672714905423610454e-01	-4.492797069329882431e-01	1.000000000000000222e+00	-2.293542369299743644e-01	1.800579412687955683e-01	-2.803845667681669207e-01	2.877242683486793684e-01	-6.149764805904546217e-01	2.447318126115146653e-01	-1.788060112554197556e-01	1.383683070754578859e-01	-1.075517921922604925e-01	1.155136917488686632e-01	-2.355858284427870819e-01	1.354460527459181718e-01	-9.753916759951043736e-02	1.386468383525471804e-01	-1.079792897633075621e-01	1.291038266275760238e-01	-1.108861827142663403e-01	6.052634132572377867e-02	-6.076795513629070639e-02	1.149106612221784535e-01	-1.359061744894902446e-01	8.621235964381415706e-02	-4.767781320917691135e-02	5.350273361670587757e-02	-9.755364955767703572e-02	9.370765906790538835e-02	-9.240252990140759848e-02	5.399790954927703723e-02	-5.658892615476621840e-02	7.312277644560363776e-02	-8.452241110020375370e-02	8.560229207904783422e-02	-4.366082075062997780e-02	6.597218136013899281e-02	-6.747437046813008210e-02	7.712668943335544702e-02	-1.049069625728526189e-01	4.805420199658701208e-02	-6.205300426171638656e-02	1.025559058334121199e-01	-4.409291166758413927e-02	4.444335827285333940e-02
-9.360648826358419772e-02	1.044926151047304019e-01	-2.293542369299743644e-01	1.000000000000000000e+00	-9.319961790994180095e-01	9.110609344232638296e-02	-9.881729506291471454e-02	1.380062370752490886e-01	-1.529855802247137575e-01	1.378427172762506370e-01	-5.256922317208567036e-02	4.123503326611147046e-02	-4.572129934861104972e-02	1.190077617555812817e-01	-1.162681296062481467e-01	3.710122925930350868e-02	-5.461993606445177812e-02	4.578436340514571018e-02	-6.099405069267201801e-02	4.976913797352665314e-02	-2.470440311577984382e-02	2.479716868631719889e-02	-4.905228521341841591e-02	6.028491920326503606e-02	-3.885435161087653216e-02	1.947541849548430765e-02	-2.200332848846439995e-02	4.040391860311563083e-02	-4.118260568585487003e-02	4.022891689431843526e-02	-2.238372952332873950e-02	2.346162683692246120e-02	-3.066969035060867349e-02	3.588221499865411335e-02	-3.669608235684308079e-02	1.805287231880975743e-02	-2.744422535189770807e-02	2.819455360114686560e-02	-3.253620459395444031e-02	4.342593059195101746e-02	-1.989362254366300320e-02	2.554463838542855858e-02	-4.281452283100763145e-02	1.838168107144605434e-02	-1.858515738583979213e-02
9.395664855018390216e-02	-1.099673101570804307e-01	1.800579412687955683e-01	-9.319961790994180095e-01	9.999999999999997780e-01	-9.931411093692345260e-02	1.004990644319063015e-01	-1.435766695470259424e-01	1.409112337176628982e-01	-1.739777366001912517e-01	5.636563153673918719e-02	-4.454725087918295912e-02	4.900278669690061317e-02	-1.312486561158125453e-01	1.202652125691057033e-01	-4.005559814242461159e-02	5.859996797991480488e-02	-4.987864475970762990e-02	6.617739539074907196e-02	-5.507539219745981318e-02	2.679023677787228941e-02	-2.695253210796647383e-02	5.305214655040269706e-02	-6.691940864948450751e-02	4.255858319595392375e-02	-2.123055589526327835e-02	2.394696045141194232e-02	-4.453043463637397503e-02	4.522845055801968245e-02	-4.450686345036960340e-02	2.452139371140440657e-02	-2.575984149360016628e-02	3.367819374304543284e-02	-3.956335157930074287e-02	4.034779713420517250e-02	-1.980891996049888651e-02	3.009172155108235866e-02	-3.098874154659279553e-02	3.571205577221787247e-02	-4.814430400652988662e-02	2.181376717072577159e-02	-2.808527818231519591e-02	4.688369358232867545e-02	-2.025600271293694077e-02	2.045056534383953017e-02
-3.312346505717762568e-01	2.398896672506342920e-01	-2.803845667681669207e-01	9.110609344232638296e-02	-9.931411093692345260e-02	1.000000000000000666e+00	-6.268596750815502716e-01	2.451256113620810806e-01	-1.784305303953090671e-01	1.108509961264775856e-01	-3.932312887273414770e-01	1.823140460423557652e-01	-1.963081041808322491e-01	1.498603200690129811e-01	-9.449040848177603369e-02	2.013326248551644271e-01	-2.860244358354988581e-01	1.407327052066976447e-01	-1.238587121149554299e-01	1.037623319871945060e-01	-9.332967240147220511e-02	9.059514495944785695e-02	-1.577191802500212958e-01	1.280558325729681812e-01	-8.591504247037962116e-02	6.705308507452095723e-02	-7.520892369345147377e-02	1.106559684920828401e-01	-9.643637670712645882e-02	9.149096195207735704e-02	-6.478919881153845373e-02	6.613323314408910136e-02	-8.309084259467332256e-02	8.986889788477614438e-02	-9.058838652386110024e-02	5.139517634574269911e-02	-7.650317768166442489e-02	7.550547211050272212e-02	-8.545239520554688550e-02	1.094407624134477869e-01	-5.618101198353576964e-02	7.138271147805984318e-02	-1.168665289959140291e-01	4.794644291405300573e-02	-4.858401928858083196e-02
2.607475060302185121e-01	-3.520445627470284999e-01	2.877242683486793684e-01	-9.881729506291471454e-02	1.004990644319063015e-01	-6.268596750815502716e-01	1.000000000000000222e+00	-4.808761087241659737e-01	2.026689564491934437e-01	-1.328966100930723260e-01	1.925296632101281546e-01	-1.420135767980336416e-01	1.381627487575016466e-01	-1.850174332665918964e-01	1.056251808462344982e-01	-1.307235120241627968e-01	1.701464949888087941e-01	-1.142403619894863664e-01	1.178850258300127574e-01	-1.011612777736309310e-01	6.784816669024387736e-02	-6.772992764817326039e-02	1.217595824036377811e-01	-1.244432755900944099e-01	8.052123571568405025e-02	-5.194714259919309962e-02	5.784997645654323811e-02	-9.826078029546707338e-02	8.909095896459751085e-02	-8.672957668619100946e-02	5.515784671433997255e-02	-5.736005985854603084e-02	7.310251107755656730e-02	-8.222729000711122282e-02	8.283933139712092164e-02	-4.439019477800555669e-02	6.653716949910681855e-02	-6.718230566901584044e-02	7.623466210314930325e-02	-1.022448891970162976e-01	4.868180186845331298e-02	-6.273387234701892357e-02	1.025993798998995343e-01	-4.346895052529509140e-02	4.384011756856284053e-02
-2.288657639898753204e-01	2.396835573284646081e-01	-6.149764805904546217e-01	1.380062370752490886e-01	-1.435766695470259424e-01	2.451256113620810806e-01	-4.808761087241659737e-01	1.000000000000000666e+00	-4.306417648895766170e-01	1.578284845608668996e-01	-1.312109430473991090e-01	1.023257577682499114e-01	-1.162627785113874573e-01	2.282218680869403105e-01	-1.338833018402253161e-01	8.892840656012689082e-02	-1.290315619986490692e-01	9.897357094277131617e-02	-1.227696760933329329e-01	9.727443133635678418e-02	-5.424783717177660697e-02	5.416408743209740612e-02	-1.060562661558122344e-01	1.184815668580915804e-01	-7.681792880311461014e-02	4.179995374471004443e-02	-4.718842188733817639e-02	8.241508595305169216e-02	-8.203552214274308085e-02	7.938332802367863150e-02	-4.611168675335091532e-02	4.806278415745756510e-02	-6.245336931633951177e-02	7.191108027333246999e-02	-7.342264186826621963e-02	3.703869618986550816e-02	-5.608768626485207548e-02	5.716750103903846247e-02	-6.577840376075273776e-02	8.667104824098639804e-02	-4.073517900844755152e-02	5.215130111197883306e-02	-8.710515042997428459e-02	3.701282625813324956e-02	-3.745695228162301826e-02
1.545695689592135602e-01	-1.547849297863263807e-01	2.447318126115146653e-01	-1.529855802247137575e-01	1.409112337176628982e-01	-1.784305303953090671e-01	2.026689564491934437e-01	-4.306417648895766170e-01	1.000000000000000888e+00	-3.352295921615517926e-01	1.093106327165308811e-01	-9.368823421043896704e-02	1.045368485842811945e-01	-6.734819638532483221e-01	2.475474160334567020e-01	-7.858958066618557115e-02	1.151675140343587228e-01	-1.230458087034107528e-01	1.975602321826578356e-01	-1.524469065108659260e-01	5.665778092471497607e-02	-5.763844880252526337e-02	1.229794647196981727e-01	-1.853285953808659903e-01	1.095517947527678143e-01	-4.495984279324759247e-02	5.096270855180089210e-02	-9.737770958554549383e-02	1.116293604883532992e-01	-1.108756011800976077e-01	5.223141305446153682e-02	-5.529409017434969847e-02	7.424379428761669619e-02	-9.105890172285900641e-02	9.296378761611483188e-02	-4.206655507291853086e-02	6.430732344940466583e-02	-6.746807645616455240e-02	7.883917321657898936e-02	-1.052282139997565424e-01	4.608607299465939527e-02	-5.916280476255240256e-02	9.956518305041357764e-02	-4.399812471932036673e-02	4.444420540726667923e-02
-1.180655768857604565e-01	1.036839059544441277e-01	-1.788060112554197556e-01	1.378427172762506370e-01	-1.739777366001912517e-01	1.108509961264775856e-01	-1.328966100930723260e-01	1.578284845608668996e-01	-3.352295921615517926e-01	1.000000000000000666e+00	-7.774265906443185437e-02	6.296572486094974275e-02	-7.286771212594445046e-02	2.749263097981682336e-01	-8.382677945430926369e-01	5.506028422432369257e-02	-8.404037878353179392e-02	7.991765009892780325e-02	-1.273702663619220576e-01	9.335951496091501878e-02	-4.013729383186956379e-02	4.027571459229218470e-02	-8.610679485580174930e-02	1.086893375107934878e-01	-7.374354328502299993e-02	3.145877999577235268e-02	-3.590102883821544300e-02	6.573182196860734294e-02	-7.418031797882401746e-02	7.064367858789666332e-02	-3.658675478741031661e-02	3.830567283119596517e-02	-5.106418936613817128e-02	6.069683461716578882e-02	-6.324734732536874127e-02	2.934332469598641482e-02	-4.504915974375336973e-02	4.656167407155090143e-02	-5.464288807277888071e-02	6.994507194527752048e-02	-3.238055137220022250e-02	4.113332102836579629e-02	-7.070448801528878002e-02	3.013003131799380993e-02	-3.066259034908710990e-02
1.551708611957414718e-01	-1.273047287109481118e-01	1.383683070754578859e-01	-5.256922317208567036e-02	5.636563153673918719e-02	-3.932312887273414770e-01	1.925296632101281546e-01	-1.312109430473991090e-01	1.093106327165308811e-01	-7.774265906443185437e-02	1.000000000000000444e+00	-3.986783836624694377e-01	2.416948495453614676e-01	-1.090156144624978424e-01	6.598116730109580830e-02	-6.055371340862792939e-01	3.145012297905106502e-01	-1.674461692903969345e-01	1.158553560876136312e-01	-1.018350839151215687e-01	1.168944976714334366e-01	-1.166302362783649821e-01	1.620431469045153228e-01	-1.272067058358461733e-01	8.285247287412990380e-02	-8.310477996908745280e-02	8.595488917900166725e-02	-1.204243263135060804e-01	9.511802290740578592e-02	-9.158022579478312941e-02	6.852954208087747023e-02	-7.043578120710471124e-02	8.615571744754603467e-02	-9.224573675714749232e-02	9.072269755617073939e-02	-5.456831551554427312e-02	7.889429027359101676e-02	-7.778183989225513628e-02	8.625493071320353144e-02	-1.149850951716563791e-01	5.827478347623223781e-02	-7.566921731830157649e-02	1.161118851800742868e-01	-4.914109613330151088e-02	4.931832024815011040e-02
-1.111484412447636683e-01	9.030937771431905847e-02	-1.075517921922604925e-01	4.123503326611147046e-02	-4.454725087918295912e-02	1.823140460423557652e-01	-1.420135767980336416e-01	1.023257577682499114e-01	-9.368823421043896704e-02	6.296572486094974275e-02	-3.986783836624694377e-01	1.000000000000001110e+00	-7.866706630867185135e-01	9.363609683696116903e-02	-5.608012011654842088e-02	1.980767136788689486e-01	-2.424783191088992484e-01	2.160056477247092044e-01	-1.227049822465821755e-01	9.483372154170711943e-02	-9.344301927333333035e-02	9.420439561136384476e-02	-2.213952286952463044e-01	1.195250509885011636e-01	-7.794679059607650951e-02	6.504392275468963425e-02	-7.349696016605550275e-02	1.033397171210829885e-01	-8.685224139388009190e-02	8.115824845493546658e-02	-5.733090473589141228e-02	5.868784465763465796e-02	-7.524950539276774319e-02	7.919018888248240129e-02	-7.866036894592941253e-02	4.505768684901372695e-02	-6.638504542877758652e-02	6.568788255906463092e-02	-7.383241084692847289e-02	9.291286580810137474e-02	-4.840662091900103242e-02	6.161030647394996618e-02	-9.794373738687879583e-02	4.075139510284254279e-02	-4.117048075597713741e-02
1.183717286327379825e-01	-9.877940889085420895e-02	1.155136917488686632e-01	-4.572129934861104972e-02	4.900278669690061317e-02	-1.963081041808322491e-01	1.381627487575016466e-01	-1.162627785113874573e-01	1.045368485842811945e-01	-7.286771212594445046e-02	2.416948495453614676e-01	-7.866706630867185135e-01	1.000000000000000888e+00	-1.107996315652667041e-01	6.410643463756261762e-02	-1.814547672589071903e-01	1.978282463242204692e-01	-3.476550186468640447e-01	1.439621686090751529e-01	-1.153336507871346311e-01	9.348728502359378301e-02	-9.940150937965254452e-02	2.265944442563339878e-01	-1.453274883269223550e-01	9.065752670833586435e-02	-6.891979074100909597e-02	7.683063648468721474e-02	-1.208718200580059937e-01	1.006780810802973825e-01	-9.613672676337324530e-02	6.386108930677887596e-02	-6.645903704049652139e-02	8.562336046786082899e-02	-9.231949630750660440e-02	9.087432675350763656e-02	-5.080616336557870760e-02	7.495478504111019458e-02	-7.538190879361929275e-02	8.438890849739795474e-02	-1.097262934684010288e-01	5.457066675625488889e-02	-7.035670815142766599e-02	1.107672241278138819e-01	-4.715378251524786346e-02	4.742859588919895453e-02
-1.522059278098753243e-01	1.344779161590232142e-01	-2.355858284427870819e-01	1.190077617555812817e-01	-1.312486561158125453e-01	1.498603200690129811e-01	-1.850174332665918964e-01	2.282218680869403105e-01	-6.734819638532483221e-01	2.749263097981682336e-01	-1.090156144624978424e-01	9.363609683696116903e-02	-1.107996315652667041e-01	1.000000000000001554e+00	-4.171814079404844722e-01	7.822275947314463740e-02	-1.186742612570234612e-01	1.358552698099460554e-01	-3.228317808538077038e-01	1.633688343587148262e-01	-5.978727975090487173e-02	6.053476609835495292e-02	-1.402218189730017883e-01	1.917561649574553717e-01	-1.253218872014939811e-01	4.670629111808155542e-02	-5.350409711813906843e-02	9.912660417418582559e-02	-1.223345613924244624e-01	1.147285989982802373e-01	-5.416923607113964534e-02	5.699770556438518709e-02	-7.734386686813081446e-02	9.421615660029260264e-02	-9.831609200277213745e-02	4.336219634958117519e-02	-6.674669375685325645e-02	6.979626477356856706e-02	-8.263698626519612456e-02	1.050848224500160327e-01	-4.763692604156217342e-02	6.051223375394559900e-02	-1.041054841808339154e-01	4.505270242638707845e-02	-4.585119631910319904e-02
9.292416304081456413e-02	-8.430136255448082705e-02	1.354460527459181718e-01	-1.162681296062481467e-01	1.202652125691057033e-01	-9.449040848177603369e-02	1.056251808462344982e-01	-1.338833018402253161e-01	2.475474160334567020e-01	-8.382677945430926369e-01	6.598116730109580830e-02	-5.608012011654842088e-02	6.410643463756261762e-02	-4.171814079404844722e-01	1.000000000000001554e+00	-4.756053092323948850e-02	7.155823394682596372e-02	-7.744219077589212241e-02	1.305781982168848498e-01	-9.890820289208120120e-02	3.581774226894511581e-02	-3.631047789121957803e-02	7.916948453476083114e-02	-1.142098858215574997e-01	7.238907763306225152e-02	-2.835341471509914002e-02	3.229525893461649561e-02	-6.116732961751185360e-02	7.171283480015917811e-02	-6.992988566504088066e-02	3.322507598820319263e-02	-3.505790696139292340e-02	4.720405009871027346e-02	-5.763318957085330346e-02	5.951520441745885431e-02	-2.669945471913792723e-02	4.099003120028776176e-02	-4.289355479408988453e-02	5.041036809846897310e-02	-6.573497487419903418e-02	2.934105716190072918e-02	-3.745029877287811559e-02	6.389793431630563791e-02	-2.785668402723545656e-02	2.825622669577530083e-02
-1.092212079737848313e-01	8.635030231534292222e-02	-9.753916759951043736e-02	3.710122925930350868e-02	-4.005559814242461159e-02	2.013326248551644271e-01	-1.307235120241627968e-01	8.892840656012689082e-02	-7.858958066618557115e-02	5.506028422432369257e-02	-6.055371340862792939e-01	1.980767136788689486e-01	-1.814547672589071903e-01	7.822275947314463740e-02	-4.756053092323948850e-02	9.999999999999992228e-01	-6.779244509361328497e-01	1.393214418522975007e-01	-9.065270898707268599e-02	7.719246815731800604e-02	-1.528229437723568618e-01	1.295297892710554621e-01	-1.417878791711914277e-01	9.697208603881446454e-02	-6.335841623240059950e-02	8.743179116461873013e-02	-8.884967736805027272e-02	9.416215335977447254e-02	-7.296546951077499676e-02	6.930155510972473010e-02	-5.787822302696228605e-02	5.762275086769694937e-02	-6.791576753301818703e-02	7.050876993659276060e-02	-6.901397061452473058e-02	4.480137495753334920e-02	-6.295736800786387588e-02	6.019020148096457939e-02	-6.642308604626202817e-02	8.566735078843956686e-02	-4.680963302221623906e-02	5.998580533564436268e-02	-8.916223892860003497e-02	3.724594970244328451e-02	-3.742091686457073990e-02
1.561047330460513249e-01	-1.273286841467344277e-01	1.386468383525471804e-01	-5.461993606445177812e-02	5.859996797991480488e-02	-2.860244358354988581e-01	1.701464949888087941e-01	-1.290315619986490692e-01	1.151675140343587228e-01	-8.404037878353179392e-02	3.145012297905106502e-01	-2.424783191088992484e-01	1.978282463242204692e-01	-1.186742612570234612e-01	7.155823394682596372e-02	-6.779244509361328497e-01	1.000000000000001776e+00	-2.165163497551178817e-01	1.347501570437788232e-01	-1.196544962288695335e-01	1.525497442384528834e-01	-1.695597397903821912e-01	1.901679277331367046e-01	-1.499025695781934508e-01	9.687798801561460504e-02	-1.082449096935912680e-01	1.123962675510734588e-01	-1.458946321141827152e-01	1.120213378183144287e-01	-1.081316227848199141e-01	8.363615248802498681e-02	-8.577667740086260262e-02	1.033148223991860876e-01	-1.099151926648345295e-01	1.073941677347714785e-01	-6.647819955945927228e-02	9.497231369047580418e-02	-9.309090781778987800e-02	1.026120578817064088e-01	-1.375103658120393202e-01	7.037539685018301405e-02	-9.176802243966852846e-02	1.378379399331993715e-01	-5.859914317284431462e-02	5.868620425364752535e-02
-1.056116133992570927e-01	8.443305467436537648e-02	-1.079792897633075621e-01	4.578436340514571018e-02	-4.987864475970762990e-02	1.407327052066976447e-01	-1.142403619894863664e-01	9.897357094277131617e-02	-1.230458087034107528e-01	7.991765009892780325e-02	-1.674461692903969345e-01	2.160056477247092044e-01	-3.476550186468640447e-01	1.358552698099460554e-01	-7.744219077589212241e-02	1.393214418522975007e-01	-2.165163497551178817e-01	9.999999999999998890e-01	-3.350826333823990200e-01	1.733506975988599319e-01	-1.393291354202574328e-01	1.495619589666039306e-01	-7.442283437977622595e-01	2.221461690573789394e-01	-1.379188396633546920e-01	9.302701957640439889e-02	-1.126413392428966542e-01	1.588526488003769999e-01	-1.454197690708277646e-01	1.313198090210437874e-01	-8.135767151369360795e-02	8.370797474682187267e-02	-1.153354659625205059e-01	1.196684050079066530e-01	-1.192415401665910951e-01	6.302429580543178478e-02	-9.422619589308062205e-02	9.484661890830574371e-02	-1.081998358973855073e-01	1.289897618851323091e-01	-6.726734759627431282e-02	8.441063122413136610e-02	-1.372955342700616921e-01	5.743491670564958296e-02	-5.824113160247575832e-02
1.103095863106642871e-01	-9.072016966893815815e-02	1.291038266275760238e-01	-6.099405069267201801e-02	6.617739539074907196e-02	-1.238587121149554299e-01	1.178850258300127574e-01	-1.227696760933329329e-01	1.975602321826578356e-01	-1.273702663619220576e-01	1.158553560876136312e-01	-1.227049822465821755e-01	1.439621686090751529e-01	-3.228317808538077038e-01	1.305781982168848498e-01	-9.065270898707268599e-02	1.347501570437788232e-01	-3.350826333823990200e-01	9.999999999999983347e-01	-4.904745399943600259e-01	8.431611829412452574e-02	-8.887135795945276528e-02	2.392890321443423840e-01	-5.708004865699927155e-01	2.541374505976989884e-01	-6.677819995977653245e-02	7.687971915691108049e-02	-1.545660936667156427e-01	2.331854184232553528e-01	-2.271541335006495577e-01	7.865059685872179129e-02	-8.451432956735220603e-02	1.202677418628248784e-01	-1.610443628345152034e-01	1.633427773284374385e-01	-6.291487986426763657e-02	9.757483445073207584e-02	-1.063081546121420196e-01	1.279916377425519836e-01	-1.638541338489483412e-01	6.830659017576537484e-02	-8.706779032878461666e-02	1.497288248089317930e-01	-6.838367574801734738e-02	6.933277293302735067e-02
-9.882387144145864111e-02	7.763725258022537157e-02	-1.108861827142663403e-01	4.976913797352665314e-02	-5.507539219745981318e-02	1.037623319871945060e-01	-1.011612777736309310e-01	9.727443133635678418e-02	-1.524469065108659260e-01	9.335951496091501878e-02	-1.018350839151215687e-01	9.483372154170711943e-02	-1.153336507871346311e-01	1.633688343587148262e-01	-9.890820289208120120e-02	7.719246815731800604e-02	-1.196544962288695335e-01	1.733506975988599319e-01	-4.904745399943600259e-01	9.999999999999995559e-01	-7.528690935122801797e-02	7.633597623179787239e-02	-1.901549962878034961e-01	2.793106532400434494e-01	-6.735609047210908695e-01	6.164247948271105865e-02	-7.111361888103744089e-02	1.478770901371952440e-01	-2.630931337685293303e-01	2.704120232487829401e-01	-8.088828909870009187e-02	8.629242667652775589e-02	-1.245976329362560309e-01	1.672506017228337361e-01	-2.047566841650183822e-01	6.464956985570002868e-02	-1.026418744683279538e-01	1.119803260690460933e-01	-1.405688353936258295e-01	1.693955271330973567e-01	-7.134558345621248854e-02	8.949943106648899915e-02	-1.646454175539367182e-01	7.279010586155054696e-02	-7.562721318470658205e-02
6.537398881514880356e-02	-5.113984493220868899e-02	6.052634132572377867e-02	-2.470440311577984382e-02	2.679023677787228941e-02	-9.332967240147220511e-02	6.784816669024387736e-02	-5.424783717177660697e-02	5.665778092471497607e-02	-4.013729383186956379e-02	1.168944976714334366e-01	-9.344301927333333035e-02	9.348728502359378301e-02	-5.978727975090487173e-02	3.581774226894511581e-02	-1.528229437723568618e-01	1.525497442384528834e-01	-1.393291354202574328e-01	8.431611829412452574e-02	-7.528690935122801797e-02	9.999999999999982236e-01	-7.529012355835253967e-01	1.645570698370207308e-01	-9.844203921329695850e-02	6.251684563777713810e-02	-4.918544820976469834e-01	3.089086652596831351e-01	-1.320720206366827187e-01	7.782478329124421779e-02	-7.183250785931122318e-02	1.203515627597718379e-01	-1.070433746975983647e-01	9.308241611814610517e-02	-8.218951394076119688e-02	7.487258774085538138e-02	-8.502351219301350349e-02	9.556269104818927718e-02	-7.684466768372301415e-02	7.918541710486731722e-02	-9.136850287397765835e-02	7.453337804276102818e-02	-9.406065928098195084e-02	1.039507268376382992e-01	-4.216568147127613270e-02	4.190407962432279865e-02
-6.514422173994958987e-02	5.067899475340465615e-02	-6.076795513629070639e-02	2.479716868631719889e-02	-2.695253210796647383e-02	9.059514495944785695e-02	-6.772992764817326039e-02	5.416408743209740612e-02	-5.763844880252526337e-02	4.027571459229218470e-02	-1.166302362783649821e-01	9.420439561136384476e-02	-9.940150937965254452e-02	6.053476609835495292e-02	-3.631047789121957803e-02	1.295297892710554621e-01	-1.695597397903821912e-01	1.495619589666039306e-01	-8.887135795945276528e-02	7.633597623179787239e-02	-7.529012355835253967e-01	9.999999999999987788e-01	-2.319174694830885008e-01	1.003296814828640443e-01	-6.406076672053993837e-02	3.010192700793947740e-01	-4.773372455689820493e-01	1.329812941251022895e-01	-7.973740365106901651e-02	7.228248808346511567e-02	-1.104512783708399004e-01	9.819158321282842050e-02	-9.549651786145303689e-02	8.212947405304132920e-02	-7.575100478279907235e-02	7.621286151232341266e-02	-9.355643200705759943e-02	7.646897424366183582e-02	-8.022289627588202743e-02	8.970852455421572669e-02	-7.138872574756312261e-02	8.712309243643782952e-02	-1.058175797810433361e-01	4.207019488594464229e-02	-4.209129927991248771e-02
1.163496568512736862e-01	-9.353546849402501195e-02	1.149106612221784535e-01	-4.905228521341841591e-02	5.305214655040269706e-02	-1.577191802500212958e-01	1.217595824036377811e-01	-1.060562661558122344e-01	1.229794647196981727e-01	-8.610679485580174930e-02	1.620431469045153228e-01	-2.213952286952463044e-01	2.265944442563339878e-01	-1.402218189730017883e-01	7.916948453476083114e-02	-1.417878791711914277e-01	1.901679277331367046e-01	-7.442283437977622595e-01	2.392890321443423840e-01	-1.901549962878034961e-01	1.645570698370207308e-01	-2.319174694830885008e-01	1.000000000000000666e+00	-2.780064717185455336e-01	1.441128618721982113e-01	-1.175652888334246110e-01	1.367021468859979938e-01	-2.285213993671739163e-01	1.640510999806083503e-01	-1.533138027140994730e-01	9.762369157639208539e-02	-1.026755939639895088e-01	1.415094259952648093e-01	-1.446780648174399997e-01	1.373388037057294009e-01	-7.624923524083244974e-02	1.123040682313481559e-01	-1.148779760458233101e-01	1.273399096607926995e-01	-1.565231467157809364e-01	8.010281462662409424e-02	-1.022642064536791462e-01	1.593457406579624758e-01	-6.843550760151055623e-02	6.869172077459134718e-02
-1.213043667813510362e-01	9.514597427967899645e-02	-1.359061744894902446e-01	6.028491920326503606e-02	-6.691940864948450751e-02	1.280558325729681812e-01	-1.244432755900944099e-01	1.184815668580915804e-01	-1.853285953808659903e-01	1.086893375107934878e-01	-1.272067058358461733e-01	1.195250509885011636e-01	-1.453274883269223550e-01	1.917561649574553717e-01	-1.142098858215574997e-01	9.697208603881446454e-02	-1.499025695781934508e-01	2.221461690573789394e-01	-5.708004865699927155e-01	2.793106532400434494e-01	-9.844203921329695850e-02	1.003296814828640443e-01	-2.780064717185455336e-01	1.000000000000000666e+00	-3.112318697480556118e-01	7.920069208018480633e-02	-9.209974506593220089e-02	1.886886634159791187e-01	-4.928156576019423474e-01	2.623323333942259028e-01	-1.016057061919964921e-01	1.085931117820614078e-01	-1.615481274020839630e-01	2.198154581857910406e-01	-2.205076908690180304e-01	8.073620958263731662e-02	-1.284146322197766699e-01	1.407846613758793608e-01	-1.792817798937323681e-01	1.962089653670673894e-01	-8.859870385275944726e-02	1.109376999354575455e-01	-2.017433688477520137e-01	8.825147626486815056e-02	-9.110315255651647848e-02
8.010623316240272906e-02	-6.290726530951946949e-02	8.621235964381415706e-02	-3.885435161087653216e-02	4.255858319595392375e-02	-8.591504247037962116e-02	8.052123571568405025e-02	-7.681792880311461014e-02	1.095517947527678143e-01	-7.374354328502299993e-02	8.285247287412990380e-02	-7.794679059607650951e-02	9.065752670833586435e-02	-1.253218872014939811e-01	7.238907763306225152e-02	-6.335841623240059950e-02	9.687798801561460504e-02	-1.379188396633546920e-01	2.541374505976989884e-01	-6.735609047210908695e-01	6.251684563777713810e-02	-6.406076672053993837e-02	1.441128618721982113e-01	-3.112318697480556118e-01	1.000000000000000666e+00	-5.377666259238492868e-02	6.116844311630256076e-02	-1.440065819679602066e-01	2.529531534539503634e-01	-5.334410283163993904e-01	7.346759291566569428e-02	-8.052546861813519863e-02	1.176676178417428442e-01	-1.757550492086097926e-01	2.084139957979382618e-01	-5.937122722925515517e-02	9.373660703915437375e-02	-1.064056612245080358e-01	1.315153425839682977e-01	-1.885165017203085658e-01	6.475266706897693514e-02	-8.288371702867297630e-02	1.468497563360710023e-01	-7.188154937699968439e-02	7.307281757903397179e-02
-5.156603104943637689e-02	3.942213217852622020e-02	-4.767781320917691135e-02	1.947541849548430765e-02	-2.123055589526327835e-02	6.705308507452095723e-02	-5.194714259919309962e-02	4.179995374471004443e-02	-4.495984279324759247e-02	3.145877999577235268e-02	-8.310477996908745280e-02	6.504392275468963425e-02	-6.891979074100909597e-02	4.670629111808155542e-02	-2.835341471509914002e-02	8.743179116461873013e-02	-1.082449096935912680e-01	9.302701957640439889e-02	-6.677819995977653245e-02	6.164247948271105865e-02	-4.918544820976469834e-01	3.010192700793947740e-01	-1.175652888334246110e-01	7.920069208018480633e-02	-5.377666259238492868e-02	1.000000000000000888e+00	-7.620568903442280773e-01	1.416989319012280091e-01	-7.201852363241371957e-02	6.400128205274001336e-02	-2.088484966155784162e-01	1.398203701127945786e-01	-1.071889149179128115e-01	8.209287215475197241e-02	-7.235849631832616535e-02	1.132985128505684114e-01	-1.186276314748707233e-01	8.351834522476617173e-02	-8.348857098631631835e-02	8.683996417737058215e-02	-9.514104461621050723e-02	1.100849208293131903e-01	-1.106828763739612642e-01	4.256813535649353608e-02	-4.228467885804459980e-02
5.768941257378532722e-02	-4.438970304637235992e-02	5.350273361670587757e-02	-2.200332848846439995e-02	2.394696045141194232e-02	-7.520892369345147377e-02	5.784997645654323811e-02	-4.718842188733817639e-02	5.096270855180089210e-02	-3.590102883821544300e-02	8.595488917900166725e-02	-7.349696016605550275e-02	7.683063648468721474e-02	-5.350409711813906843e-02	3.229525893461649561e-02	-8.884967736805027272e-02	1.123962675510734588e-01	-1.126413392428966542e-01	7.687971915691108049e-02	-7.111361888103744089e-02	3.089086652596831351e-01	-4.773372455689820493e-01	1.367021468859979938e-01	-9.209974506593220089e-02	6.116844311630256076e-02	-7.620568903442280773e-01	9.999999999999973355e-01	-1.829478376734667844e-01	8.135788458739498519e-02	-7.287834011421134850e-02	1.604944394373321315e-01	-1.483482177626049003e-01	1.182358493994019460e-01	-9.219167941882938644e-02	8.067146249351990484e-02	-1.113519769413950922e-01	1.199756446479599836e-01	-9.133548586526660240e-02	9.100648373491893039e-02	-9.761206648083839421e-02	9.279709080115547404e-02	-1.165818224930248170e-01	1.186728701935079316e-01	-4.689856476190396029e-02	4.644609329839649581e-02
-1.036791849653504599e-01	7.636926130669149937e-02	-9.755364955767703572e-02	4.040391860311563083e-02	-4.453043463637397503e-02	1.106559684920828401e-01	-9.826078029546707338e-02	8.241508595305169216e-02	-9.737770958554549383e-02	6.573182196860734294e-02	-1.204243263135060804e-01	1.033397171210829885e-01	-1.208718200580059937e-01	9.912660417418582559e-02	-6.116732961751185360e-02	9.416215335977447254e-02	-1.458946321141827152e-01	1.588526488003769999e-01	-1.545660936667156427e-01	1.478770901371952440e-01	-1.320720206366827187e-01	1.329812941251022895e-01	-2.285213993671739163e-01	1.886886634159791187e-01	-1.440065819679602066e-01	1.416989319012280091e-01	-1.829478376734667844e-01	9.999999999999995559e-01	-2.440577254908783411e-01	1.799463304933899555e-01	-2.262346276987654281e-01	2.405684338722015869e-01	-6.471840765504530690e-01	2.726251912439479064e-01	-2.358216091305976314e-01	1.623110591753594567e-01	-2.749857651249399404e-01	2.776689643981180566e-01	-2.970956532114644721e-01	2.339600047253651283e-01	-1.759360602971680732e-01	2.033090404251417238e-01	-3.743734187792246981e-01	1.304834042276989403e-01	-1.334083766454171593e-01
9.062216469008430031e-02	-6.978330427574297445e-02	9.370765906790538835e-02	-4.118260568585487003e-02	4.522845055801968245e-02	-9.643637670712645882e-02	8.909095896459751085e-02	-8.203552214274308085e-02	1.116293604883532992e-01	-7.418031797882401746e-02	9.511802290740578592e-02	-8.685224139388009190e-02	1.006780810802973825e-01	-1.223345613924244624e-01	7.171283480015917811e-02	-7.296546951077499676e-02	1.120213378183144287e-01	-1.454197690708277646e-01	2.331854184232553528e-01	-2.630931337685293303e-01	7.782478329124421779e-02	-7.973740365106901651e-02	1.640510999806083503e-01	-4.928156576019423474e-01	2.529531534539503634e-01	-7.201852363241371957e-02	8.135788458739498519e-02	-2.440577254908783411e-01	9.999999999999956701e-01	-5.319679087084555613e-01	1.067415909453471035e-01	-1.228121716715389472e-01	1.978371100718379350e-01	-4.554343083566952388e-01	2.751028858728077897e-01	-8.628283398644361057e-02	1.376017889724049648e-01	-1.711721377698874058e-01	2.122453160189227417e-01	-2.511334312700741478e-01	9.221109987404217667e-02	-1.191812779329135680e-01	2.054168986125357865e-01	-1.043150097729113185e-01	1.034383843232871553e-01
-8.848876775577488307e-02	6.750345470222852973e-02	-9.240252990140759848e-02	4.022891689431843526e-02	-4.450686345036960340e-02	9.149096195207735704e-02	-8.672957668619100946e-02	7.938332802367863150e-02	-1.108756011800976077e-01	7.064367858789666332e-02	-9.158022579478312941e-02	8.115824845493546658e-02	-9.613672676337324530e-02	1.147285989982802373e-01	-6.992988566504088066e-02	6.930155510972473010e-02	-1.081316227848199141e-01	1.313198090210437874e-01	-2.271541335006495577e-01	2.704120232487829401e-01	-7.183250785931122318e-02	7.228248808346511567e-02	-1.533138027140994730e-01	2.623323333942259028e-01	-5.334410283163993904e-01	6.400128205274001336e-02	-7.287834011421134850e-02	1.799463304933899555e-01	-5.319679087084555613e-01	9.999999999999973355e-01	-9.521280500342543807e-02	1.043948418722806387e-01	-1.611148540895822601e-01	2.538852672600792060e-01	-4.347888241831692202e-01	7.652151932831960379e-02	-1.237293154866667272e-01	1.429279710163897377e-01	-1.871936679663551151e-01	2.401667911517463838e-01	-8.405008094839470922e-02	1.060769196350326710e-01	-1.983672403231133696e-01	9.512779045583324988e-02	-9.928680047655213947e-02
5.860630164738683118e-02	-4.349122980252423387e-02	5.399790954927703723e-02	-2.238372952332873950e-02	2.452139371140440657e-02	-6.478919881153845373e-02	5.515784671433997255e-02	-4.611168675335091532e-02	5.223141305446153682e-02	-3.658675478741031661e-02	6.852954208087747023e-02	-5.733090473589141228e-02	6.386108930677887596e-02	-5.416923607113964534e-02	3.322507598820319263e-02	-5.787822302696228605e-02	8.363615248802498681e-02	-8.135767151369360795e-02	7.865059685872179129e-02	-8.088828909870009187e-02	1.203515627597718379e-01	-1.104512783708399004e-01	9.762369157639208539e-02	-1.016057061919964921e-01	7.346759291566569428e-02	-2.088484966155784162e-01	1.604944394373321315e-01	-2.262346276987654281e-01	1.067415909453471035e-01	-9.521280500342543807e-02	9.999999999999981126e-01	-6.026264628130892920e-01	1.987684138906370412e-01	-1.452944900119203242e-01	1.151613604966089249e-01	-5.529416686198838082e-01	3.067424122326244951e-01	-1.689457681997871552e-01	1.478476081958630395e-01	-1.492514194497525370e-01	2.644466112842301375e-01	-3.173001388369928732e-01	1.929447246917612158e-01	-7.499708595264410749e-02	7.223151292667570611e-02
-6.106474544894532203e-02	4.510370882721906338e-02	-5.658892615476621840e-02	2.346162683692246120e-02	-2.575984149360016628e-02	6.613323314408910136e-02	-5.736005985854603084e-02	4.806278415745756510e-02	-5.529409017434969847e-02	3.830567283119596517e-02	-7.043578120710471124e-02	5.868784465763465796e-02	-6.645903704049652139e-02	5.699770556438518709e-02	-3.505790696139292340e-02	5.762275086769694937e-02	-8.577667740086260262e-02	8.370797474682187267e-02	-8.451432956735220603e-02	8.629242667652775589e-02	-1.070433746975983647e-01	9.819158321282842050e-02	-1.026755939639895088e-01	1.085931117820614078e-01	-8.052546861813519863e-02	1.398203701127945786e-01	-1.483482177626049003e-01	2.405684338722015869e-01	-1.228121716715389472e-01	1.043948418722806387e-01	-6.026264628130892920e-01	9.999999999999960032e-01	-3.382379808682633993e-01	1.700621284621531282e-01	-1.327653949636597441e-01	2.752590192719391871e-01	-5.627840520886042697e-01	2.109506483376117070e-01	-1.872880344858506851e-01	1.579597511481221628e-01	-2.419719013736684743e-01	2.508447961091547773e-01	-2.272389625714012484e-01	8.487720116038052764e-02	-8.286644953527839974e-02
7.733913247572449245e-02	-5.754135594398063908e-02	7.312277644560363776e-02	-3.066969035060867349e-02	3.367819374304543284e-02	-8.309084259467332256e-02	7.310251107755656730e-02	-6.245336931633951177e-02	7.424379428761669619e-02	-5.106418936613817128e-02	8.615571744754603467e-02	-7.524950539276774319e-02	8.562336046786082899e-02	-7.734386686813081446e-02	4.720405009871027346e-02	-6.791576753301818703e-02	1.033148223991860876e-01	-1.153354659625205059e-01	1.202677418628248784e-01	-1.245976329362560309e-01	9.308241611814610517e-02	-9.549651786145303689e-02	1.415094259952648093e-01	-1.615481274020839630e-01	1.176676178417428442e-01	-1.071889149179128115e-01	1.182358493994019460e-01	-6.471840765504530690e-01	1.978371100718379350e-01	-1.611148540895822601e-01	1.987684138906370412e-01	-3.382379808682633993e-01	9.999999999999990008e-01	-3.900174039250799973e-01	2.037297219656739600e-01	-1.507690888710981614e-01	2.449584534424741611e-01	-4.125876063527979531e-01	2.752937350895186541e-01	-2.236144871210973273e-01	1.448942486178749212e-01	-1.858018616877626927e-01	2.737710583541366760e-01	-1.172996570979126796e-01	1.125190636551896273e-01
-8.656790885485908527e-02	6.452953782485947032e-02	-8.452241110020375370e-02	3.588221499865411335e-02	-3.956335157930074287e-02	8.986889788477614438e-02	-8.222729000711122282e-02	7.191108027333246999e-02	-9.105890172285900641e-02	6.069683461716578882e-02	-9.224573675714749232e-02	7.919018888248240129e-02	-9.231949630750660440e-02	9.421615660029260264e-02	-5.763318957085330346e-02	7.050876993659276060e-02	-1.099151926648345295e-01	1.196684050079066530e-01	-1.610443628345152034e-01	1.672506017228337361e-01	-8.218951394076119688e-02	8.212947405304132920e-02	-1.446780648174399997e-01	2.198154581857910406e-01	-1.757550492086097926e-01	8.209287215475197241e-02	-9.219167941882938644e-02	2.726251912439479064e-01	-4.554343083566952388e-01	2.538852672600792060e-01	-1.452944900119203242e-01	1.700621284621531282e-01	-3.900174039250799973e-01	9.999999999999968914e-01	-4.590827383471391410e-01	1.149609328390882867e-01	-1.956223491700877226e-01	2.635461702087958380e-01	-4.641681752018375628e-01	2.843500082229635240e-01	-1.223149531837123688e-01	1.552760890888193468e-01	-2.890439668584188215e-01	1.433817605951958896e-01	-1.461395143247651573e-01
