1.000000000000000000e+00	-5.286525103500390177e-01	1.173958397805915793e-01	-7.811174221658737093e-02	6.265692916368112431e-02	-7.543606868663729204e-01	3.003748824045352483e-01	-1.075807316295086941e-01	7.475083517226088770e-02	-5.682312399654929069e-02	2.204362340813712795e-01	-1.623240528117788350e-01	1.208051932452506583e-01	-8.025976726183961518e-02	6.882628754990881281e-02	-1.035486841482769899e-01	1.046391798839761966e-01	-1.184161295176529433e-01	6.662839058594376140e-02	-7.185333161442619687e-02	8.759176478605625038e-02	-8.506672905085548020e-02	8.553728627385343009e-02	-8.255990545651821499e-02	6.867553120497391084e-02	-6.190629137612922023e-02	7.569900344182167728e-02	-7.497702372337468335e-02	7.676185570454489848e-02	-7.401404151011059529e-02	5.273396124120470485e-02	-6.716991632430062420e-02	6.476707514525080478e-02	-6.473191820992363343e-02	8.055959852981775526e-02	-4.436609822615286691e-02	5.918096469468153709e-02	-5.570849502040367551e-02	5.174619019140406367e-02	-6.093752547853261564e-02	4.886378005895367083e-02	-4.540973494610997530e-02	5.710114307563321501e-02	-3.558671312167183132e-02	3.751047398743165284e-02
-5.286525103500390177e-01	1.000000000000000000e+00	-1.945231654162056789e-01	1.074858443506510192e-01	-8.829731963246859050e-02	3.144069394800572681e-01	-6.829741447604784632e-01	1.610298168708577116e-01	-1.086593794694128146e-01	7.872569335076562425e-02	-2.871954357847255057e-01	2.205479288145007766e-01	-1.822464760242920867e-01	1.086064157734185354e-01	-9.549348113715007413e-02	1.292644264650095465e-01	-1.475829305064297603e-01	1.550902965117191001e-01	-8.888276197827364722e-02	9.358684699597701051e-02	-1.175139260640352956e-01	1.109995698047450546e-01	-1.147455502879988348e-01	1.059541662653800953e-01	-9.067254812461686408e-02	7.866099497668774254e-02	-1.004439328004086696e-01	9.696446768639975511e-02	-1.007476953770763545e-01	9.389823255497435628e-02	-6.853806627880396074e-02	8.629611983253364371e-02	-8.453986730258940263e-02	8.278727309129711720e-02	-1.046941983027161738e-01	5.683416561689588059e-02	-7.704503783274656292e-02	7.146821797111439778e-02	-6.647382460970560625e-02	7.672728577522423821e-02	-6.347443612962706816e-02	5.824246030554425246e-02	-7.412936139300685401e-02	4.468668149403552670e-02	-4.761643229989148685e-02
1.173958397805915793e-01	-1.945231654162056789e-01	1.000000000000000222e+00	-3.327332887167447351e-01	1.809447302314620976e-01	-1.269525640427056901e-01	1.842823932980529877e-01	-7.458766200754676223e-01	2.656389499907395590e-01	-1.796519810201988032e-01	2.131082314633241936e-01	-2.334042652589747024e-01	2.580588785167406973e-01	-2.036467597774523353e-01	1.676434609542318821e-01	-1.543292121539645845e-01	1.662024874020656129e-01	-2.399314139461946604e-01	1.417070747380896334e-01	-1.570678283747997672e-01	1.381600463314908434e-01	-1.414754043786180249e-01	1.508651323934975252e-01	-1.649461149125941717e-01	1.366827523556355395e-01	-1.021339668066781753e-01	1.280899178782350378e-01	-1.326295087093787017e-01	1.394702270543833333e-01	-1.433767673856081726e-01	8.765218988184732274e-02	-1.141120101496953532e-01	1.116804571533584756e-01	-1.155555400595971727e-01	1.449434127316289456e-01	-7.463189146433664434e-02	1.009516615477831641e-01	-9.588727653195899814e-02	9.148472831070185440e-02	-1.081090676021535663e-01	8.218006895966746550e-02	-7.724228148090538093e-02	9.714498154072515046e-02	-6.112421269464818341e-02	6.437694168845195519e-02
-7.811174221658737093e-02	1.074858443506510192e-01	-3.327332887167447351e-01	1.000000000000000000e+00	-4.900888222605864208e-01	8.036698788685030237e-02	-1.165904947329117897e-01	2.496177567710264333e-01	-6.758974763543653674e-01	2.915824637612909886e-01	-1.726504901494383959e-01	1.475111624903163443e-01	-1.829940410733358891e-01	2.268113565116374186e-01	-2.329177412479091491e-01	1.109970302225574690e-01	-1.191878934125407963e-01	1.541915114485425675e-01	-1.476468709946957281e-01	1.602356341182811228e-01	-1.075499676627102302e-01	1.075864956058404515e-01	-1.239790772691240356e-01	1.466694461696415319e-01	-1.392291158705413201e-01	7.960467152143026193e-02	-1.040522506238996531e-01	1.077407878193182150e-01	-1.234314219348466579e-01	1.272421960826804477e-01	-7.035559630759102845e-02	9.113511870397277004e-02	-9.303127742111023946e-02	9.743352899286475410e-02	-1.308908593140765964e-01	6.017615671031754931e-02	-8.396667147816616605e-02	7.848584232697120022e-02	-7.781838206128476043e-02	8.940071262010497455e-02	-6.759962121733234519e-02	6.327015292288371007e-02	-8.134061970275013875e-02	4.966486373308180019e-02	-5.325572962676516225e-02
6.265692916368112431e-02	-8.829731963246859050e-02	1.809447302314620976e-01	-4.900888222605864208e-01	1.000000000000000000e+00	-6.538581552057702584e-02	9.157359385901719939e-02	-1.724839275818027817e-01	2.952118028692123919e-01	-7.218406411487648944e-01	1.403635548363443564e-01	-1.287618989557988980e-01	1.490714728289024849e-01	-2.610922273568002661e-01	2.538744633642583959e-01	-9.943599133507538546e-02	1.041989170716729890e-01	-1.405984725277328318e-01	1.486771081265240435e-01	-1.873255972977173611e-01	9.445589275323201806e-02	-9.775195569557927622e-02	1.126514390674649979e-01	-1.525836578152745260e-01	1.344967167069234526e-01	-7.222032698909088000e-02	9.329903322487211048e-02	-1.003186920719294911e-01	1.141272824105229733e-01	-1.306283621127563022e-01	6.300038920246991969e-02	-8.311706221449778609e-02	8.404492137551049236e-02	-9.119614772469963881e-02	1.184885257251679369e-01	-5.419767078516829484e-02	7.510717965518094730e-02	-7.157089121102003237e-02	7.153530304836953901e-02	-8.409610544263394771e-02	6.011051507270742666e-02	-5.697706947373149672e-02	7.222759625186657428e-02	-4.546704687196083394e-02	4.814032348158471530e-02
-7.543606868663729204e-01	3.144069394800572681e-01	-1.269525640427056901e-01	8.036698788685030237e-02	-6.538581552057702584e-02	9.999999999999997780e-01	-4.587528637365013706e-01	1.146721321102429497e-01	-7.902136038925165751e-02	5.900595032830233122e-02	-3.234229833103850482e-01	1.773219090530345765e-01	-1.335700325162716140e-01	8.347008861099798616e-02	-7.201511646932297339e-02	1.096406444276530751e-01	-1.143871380886727074e-01	1.236017719150463295e-01	-6.906204906845979374e-02	7.374005460021100522e-02	-9.361869874893430366e-02	8.903579433527751552e-02	-8.966567818109318078e-02	8.462993060263493406e-02	-7.070512611975400541e-02	6.381841373630425807e-02	-7.902243708637625430e-02	7.738454460942095769e-02	-7.924628823235552177e-02	7.536605546317144688e-02	-5.465410388387604429e-02	6.924074216390666003e-02	-6.686629293534172847e-02	6.625321034592004943e-02	-8.253152986523490386e-02	4.558306206813542150e-02	-6.098170666503881232e-02	5.717631713870103410e-02	-5.298140620152110014e-02	6.201232991938328276e-02	-5.036563216811214966e-02	4.656079810893640897e-02	-5.867448715244527602e-02	3.618075013193081807e-02	-3.823038818676718908e-02
3.003748824045352483e-01	-6.829741447604784632e-01	1.842823932980529877e-01	-1.165904947329117897e-01	9.157359385901719939e-02	-4.587528637365013706e-01	1.000000000000000444e+00	-2.028588743307290221e-01	1.154804055077256197e-01	-8.408196411087166811e-02	2.573132303059713077e-01	-3.463806501954779238e-01	1.982548970915479492e-01	-1.190179140204327551e-01	1.004558142581443575e-01	-1.449064975259770072e-01	1.646917697668300040e-01	-1.796360297204930012e-01	9.463303722331732615e-02	-1.005587991073490367e-01	1.235035744267680563e-01	-1.224421951165632350e-01	1.214892824457893539e-01	-1.146096001054240782e-01	9.470031752128739433e-02	-8.403611208891320628e-02	1.056629182540176487e-01	-1.037459019925727199e-01	1.055114648224467905e-01	-1.000742325183901771e-01	7.196013806627034326e-02	-9.192702611162199833e-02	8.838763385593170763e-02	-8.749504623080829602e-02	1.084364001724701515e-01	-5.974895265753180779e-02	8.014690342354739705e-02	-7.528768152624071286e-02	6.968250419160459952e-02	-8.133850873486368760e-02	6.594691508307419514e-02	-6.095596947390331116e-02	7.669166644303371250e-02	-4.706681735696622432e-02	4.973209909020025188e-02
-1.075807316295086941e-01	1.610298168708577116e-01	-7.458766200754676223e-01	2.496177567710264333e-01	-1.724839275818027817e-01	1.146721321102429497e-01	-2.028588743307290221e-01	1.000000000000000444e+00	-3.732970004665285280e-01	1.638369991598017383e-01	-1.987739409986841732e-01	2.111962010370957987e-01	-3.630108027919405900e-01	1.873447016165026568e-01	-1.613880960330376646e-01	1.306049166127712935e-01	-1.522125532396401970e-01	2.051685718086146692e-01	-1.266638206750017315e-01	1.333517415300645159e-01	-1.211894746703514186e-01	1.208752031000094318e-01	-1.321406143678015566e-01	1.373782223989900020e-01	-1.182588887063769634e-01	8.495967518660144102e-02	-1.101963123704196024e-01	1.113944664726120581e-01	-1.189668957466661903e-01	1.171742828791690755e-01	-7.404365031806792175e-02	9.541855258838972953e-02	-9.440085893646917026e-02	9.579345030362380886e-02	-1.220634482836371187e-01	6.211373869627006411e-02	-8.503687316966267173e-02	7.978772658565437548e-02	-7.613803394779047884e-02	8.822338612081255527e-02	-6.911130157557571208e-02	6.422830206370382100e-02	-8.152281955934834179e-02	4.983072500544790534e-02	-5.296207854643742580e-02
7.475083517226088770e-02	-1.086593794694128146e-01	2.656389499907395590e-01	-6.758974763543653674e-01	2.952118028692123919e-01	-7.902136038925165751e-02	1.154804055077256197e-01	-3.732970004665285280e-01	1.000000000000000888e+00	-4.021152389359145540e-01	1.576380430123495158e-01	-1.536180634507345877e-01	1.898437095893649451e-01	-3.154363425696762313e-01	2.348490120875061649e-01	-1.093254731242553068e-01	1.182763475706429257e-01	-1.615031337633369979e-01	1.529443774693964031e-01	-1.692490979602833678e-01	1.030756521110108848e-01	-1.055411804735151421e-01	1.201908566927271521e-01	-1.528143940631733477e-01	1.320646183488792258e-01	-7.646793971631071773e-02	9.928654124493850597e-02	-1.047412495303410296e-01	1.177333469953143891e-01	-1.252102465998248260e-01	6.680329373752358357e-02	-8.744708182219987358e-02	8.801671064243733744e-02	-9.328858256570816965e-02	1.212315437355988151e-01	-5.696002811607980137e-02	7.881821895554189106e-02	-7.457989597475070398e-02	7.356974190817830439e-02	-8.557759036607891223e-02	6.334614498541502048e-02	-5.958720942296217432e-02	7.572659034808784662e-02	-4.695722335411674914e-02	4.989742208712595606e-02
-5.682312399654929069e-02	7.872569335076562425e-02	-1.796519810201988032e-01	2.915824637612909886e-01	-7.218406411487648944e-01	5.900595032830233122e-02	-8.408196411087166811e-02	1.638369991598017383e-01	-4.021152389359145540e-01	9.999999999999990008e-01	-1.283479281233859959e-01	1.156276312675146578e-01	-1.432323764409310363e-01	2.480137268976185805e-01	-4.170983282718188079e-01	8.826031570272767357e-02	-9.428720703509797796e-02	1.247682323117959707e-01	-1.465108467064687725e-01	1.760212261796225974e-01	-8.522695367545399248e-02	8.739289202335071005e-02	-1.026647571987672203e-01	1.359504712322172626e-01	-1.315548544533564346e-01	6.404378143751986163e-02	-8.414654534906466921e-02	8.968360976911055049e-02	-1.043513846368563647e-01	1.152251011914534051e-01	-5.631885100256140558e-02	7.402424128554614680e-02	-7.552339815944193735e-02	8.130733596085031045e-02	-1.080671558249630959e-01	4.820688456129315624e-02	-6.735247525173888861e-02	6.373700262066954447e-02	-6.406033241241856913e-02	7.418638733730796575e-02	-5.377229277142712982e-02	5.073164895045654404e-02	-6.470546153047301852e-02	4.009250657959986808e-02	-4.271964768948988134e-02
2.204362340813712795e-01	-2.871954357847255057e-01	2.131082314633241936e-01	-1.726504901494383959e-01	1.403635548363443564e-01	-3.234229833103850482e-01	2.573132303059713077e-01	-1.987739409986841732e-01	1.576380430123495158e-01	-1.283479281233859959e-01	9.999999999999996669e-01	-4.128080933563879618e-01	2.584558977717145156e-01	-1.902471351165620495e-01	1.597961537826338430e-01	-3.212825757519046088e-01	2.547576047068436100e-01	-2.983869230588198640e-01	1.638931511198046531e-01	-1.804555215650872901e-01	2.300061528565780222e-01	-2.229016465238891631e-01	2.143866898580470970e-01	-2.125796457440349285e-01	1.718113435326899530e-01	-1.666910222354558435e-01	1.929884506748373862e-01	-1.946586216992143015e-01	1.953485449281006370e-01	-1.932026532744916536e-01	1.381720752794725893e-01	-1.767849553929585205e-01	1.669558597697868574e-01	-1.693035812067060497e-01	2.069768769395306796e-01	-1.171987793401569888e-01	1.531103551848996547e-01	-1.461254159300885702e-01	1.348302774801682091e-01	-1.617593782401801628e-01	1.271584628994510968e-01	-1.192979980544583291e-01	1.480253391417807318e-01	-9.513970897166056095e-02	9.921176591723795957e-02
-1.623240528117788350e-01	2.205479288145007766e-01	-2.334042652589747024e-01	1.475111624903163443e-01	-1.287618989557988980e-01	1.773219090530345765e-01	-3.463806501954779238e-01	2.111962010370957987e-01	-1.536180634507345877e-01	1.156276312675146578e-01	-4.128080933563879618e-01	1.000000000000002887e+00	-5.423709762529685952e-01	1.824993643396788934e-01	-1.558217035463180800e-01	2.349890908173050130e-01	-4.556622172554332106e-01	3.095360059685617893e-01	-1.450835695628898137e-01	1.453721136521567425e-01	-2.147443599240511924e-01	2.073127427550366664e-01	-2.044092707088745464e-01	1.677492613292029255e-01	-1.385884629339508012e-01	1.263582965400378844e-01	-1.727087446774575596e-01	1.590810354638375890e-01	-1.593504281062106953e-01	1.411682729232088818e-01	-1.104475853089828402e-01	1.394295049488723515e-01	-1.339623897234525907e-01	1.272084422168609230e-01	-1.561725481389776848e-01	8.806162938104399041e-02	-1.196719935004096902e-01	1.109414616453976710e-01	-1.010813101700517302e-01	1.151986235930311658e-01	-9.810468114609016688e-02	8.896439182382828714e-02	-1.124133140366387479e-01	6.616279147359645230e-02	-7.041241209290430292e-02
1.208051932452506583e-01	-1.822464760242920867e-01	2.580588785167406973e-01	-1.829940410733358891e-01	1.490714728289024849e-01	-1.335700325162716140e-01	1.982548970915479492e-01	-3.630108027919405900e-01	1.898437095893649451e-01	-1.432323764409310363e-01	2.584558977717145156e-01	-5.423709762529685952e-01	1.000000000000002887e+00	-2.991801000232732211e-01	1.911622437050758683e-01	-2.090923563322450440e-01	2.739067019168842654e-01	-5.193050635067195664e-01	1.697722246399181456e-01	-1.710534728046710085e-01	1.813032042228083229e-01	-1.899185707029400483e-01	1.976738554957741534e-01	-1.885797076061811184e-01	1.476476194690542754e-01	-1.193876173533654217e-01	1.573829044531688259e-01	-1.592322137851967523e-01	1.594055445760093059e-01	-1.497953558384352568e-01	1.026919288251953027e-01	-1.335984530303888085e-01	1.282655865333964529e-01	-1.273146441887212654e-01	1.554283580087929273e-01	-8.398837011518768547e-02	1.139103408783671556e-01	-1.076737536046831478e-01	9.993904418387743183e-02	-1.155127468655479939e-01	9.255367358244334652e-02	-8.551790144481141720e-02	1.071801229334848338e-01	-6.490885289311665307e-02	6.859742880834152068e-02
-8.025976726183961518e-02	1.086064157734185354e-01	-2.036467597774523353e-01	2.268113565116374186e-01	-2.610922273568002661e-01	8.347008861099798616e-02	-1.190179140204327551e-01	1.873447016165026568e-01	-3.154363425696762313e-01	2.480137268976185805e-01	-1.902471351165620495e-01	1.824993643396788934e-01	-2.991801000232732211e-01	1.000000000000003109e+00	-6.506197145797740777e-01	1.329937121004073353e-01	-1.491562256770273542e-01	1.980643169389478542e-01	-3.884937225711945774e-01	2.786527649227327763e-01	-1.309492533258947156e-01	1.353616258459272026e-01	-1.676738649332340514e-01	2.358489582062430201e-01	-2.100949616133327424e-01	9.578446734291012898e-02	-1.301100060075881526e-01	1.398173966940983726e-01	-1.694718480366695645e-01	1.709393512842068696e-01	-8.483424469982851768e-02	1.120525389367190428e-01	-1.152832133447604240e-01	1.239258991729177417e-01	-1.644668912875638100e-01	7.180654906639473423e-02	-1.014134938310392864e-01	9.583886396981795841e-02	-9.716069722146018772e-02	1.102291199299208768e-01	-8.027584991945235782e-02	7.549228154199377760e-02	-9.640444230373687584e-02	5.874797392678060559e-02	-6.283072404683315293e-02
6.882628754990881281e-02	-9.549348113715007413e-02	1.676434609542318821e-01	-2.329177412479091491e-01	2.538744633642583959e-01	-7.201511646932297339e-02	1.004558142581443575e-01	-1.613880960330376646e-01	2.348490120875061649e-01	-4.170983282718188079e-01	1.597961537826338430e-01	-1.558217035463180800e-01	1.911622437050758683e-01	-6.506197145797740777e-01	9.999999999999998890e-01	-1.176699910592870074e-01	1.259953628821062210e-01	-1.734959375645576951e-01	2.549121483677856403e-01	-4.149602389081766818e-01	1.131328849345360765e-01	-1.195231098717958740e-01	1.435588751119020456e-01	-2.223716968159123730e-01	2.022757587960571091e-01	-8.575609886784792135e-02	1.138630287085345000e-01	-1.255269039697587685e-01	1.481418016863210729e-01	-1.763738629156139937e-01	7.512136216232372099e-02	-1.003045240154775419e-01	1.022912992697962847e-01	-1.132148254359257727e-01	1.482090049309082724e-01	-6.418780368463616881e-02	8.995428323013919536e-02	-8.614073731859939187e-02	8.768627346940724432e-02	-1.020233798222324462e-01	7.116263134958454584e-02	-6.755385272517465400e-02	8.554410379118780605e-02	-5.347729354206039870e-02	5.670514319715501406e-02
-1.035486841482769899e-01	1.292644264650095465e-01	-1.543292121539645845e-01	1.109970302225574690e-01	-9.943599133507538546e-02	1.096406444276530751e-01	-1.449064975259770072e-01	1.306049166127712935e-01	-1.093254731242553068e-01	8.826031570272767357e-02	-3.212825757519046088e-01	2.349890908173050130e-01	-2.090923563322450440e-01	1.329937121004073353e-01	-1.176699910592870074e-01	9.999999999999994449e-01	-4.664744265182500516e-01	2.581973421281000269e-01	-1.284543814487451863e-01	1.287568675696055265e-01	-6.759503177009575925e-01	2.799726256497483412e-01	-2.386501116910440534e-01	1.640554478180679954e-01	-1.300490963666528776e-01	1.852223044697706988e-01	-2.165451457599983642e-01	1.803601698855656910e-01	-1.700960856068124971e-01	1.377513239195867212e-01	-1.613552228945590583e-01	1.695830188321691412e-01	-1.549831064359853683e-01	1.362514394059353984e-01	-1.591819967915527045e-01	1.099200360507535390e-01	-1.393322372343878401e-01	1.265773977060233313e-01	-1.080769771243123428e-01	1.211288539064976078e-01	-1.233269108710660783e-01	1.026430368511781765e-01	-1.279907455893909418e-01	7.105480876318147343e-02	-7.561409949961488131e-02
1.046391798839761966e-01	-1.475829305064297603e-01	1.662024874020656129e-01	-1.191878934125407963e-01	1.041989170716729890e-01	-1.143871380886727074e-01	1.646917697668300040e-01	-1.522125532396401970e-01	1.182763475706429257e-01	-9.428720703509797796e-02	2.547576047068436100e-01	-4.556622172554332106e-01	2.739067019168842654e-01	-1.491562256770273542e-01	1.259953628821062210e-01	-4.664744265182500516e-01	1.000000000000002220e+00	-5.335585318521902654e-01	1.357380042314884072e-01	-1.346365040107695699e-01	2.793087045798076096e-01	-3.833124225577744792e-01	2.407940018145546535e-01	-1.717869271100973816e-01	1.288382390709480463e-01	-1.469262000428783188e-01	2.029138295836296901e-01	-1.829176372502525905e-01	1.630909749501646966e-01	-1.364778545303836632e-01	1.231920200474949240e-01	-1.610310470218022372e-01	1.419557317144532482e-01	-1.305963739373393051e-01	1.501078326316328260e-01	-9.367243836936925416e-02	1.241689012411017340e-01	-1.170836538977316488e-01	1.015749749966039089e-01	-1.156715922551773551e-01	1.021498542228924528e-01	-9.170233902746582899e-02	1.129835549788161947e-01	-6.563870884133832240e-02	6.919410842932213757e-02
-1.184161295176529433e-01	1.550902965117191001e-01	-2.399314139461946604e-01	1.541915114485425675e-01	-1.405984725277328318e-01	1.236017719150463295e-01	-1.796360297204930012e-01	2.051685718086146692e-01	-1.615031337633369979e-01	1.247682323117959707e-01	-2.983869230588198640e-01	3.095360059685617893e-01	-5.193050635067195664e-01	1.980643169389478542e-01	-1.734959375645576951e-01	2.581973421281000269e-01	-5.335585318521902654e-01	1.000000000000003331e+00	-1.877141489773793415e-01	1.694466766037509009e-01	-2.603853945326007335e-01	2.561646998439230383e-01	-3.269795021561607284e-01	2.059690220099830993e-01	-1.636669174649996727e-01	1.483080279180130634e-01	-2.158779573450689826e-01	2.044922164362644179e-01	-1.993391028745572224e-01	1.631296507853925992e-01	-1.320298748160608215e-01	1.677168289056047146e-01	-1.639109317208020944e-01	1.516261317996553115e-01	-1.832433613692655006e-01	1.036572699173238937e-01	-1.434973955434594162e-01	1.323250108334997621e-01	-1.198270628544557126e-01	1.337737374344421803e-01	-1.162786178910806406e-01	1.047771906887489668e-01	-1.329554972129257662e-01	7.601061232461459038e-02	-8.135069349873857991e-02
6.662839058594376140e-02	-8.888276197827364722e-02	1.417070747380896334e-01	-1.476468709946957281e-01	1.486771081265240435e-01	-6.906204906845979374e-02	9.463303722331732615e-02	-1.266638206750017315e-01	1.529443774693964031e-01	-1.465108467064687725e-01	1.638931511198046531e-01	-1.450835695628898137e-01	1.697722246399181456e-01	-3.884937225711945774e-01	2.549121483677856403e-01	-1.284543814487451863e-01	1.357380042314884072e-01	-1.877141489773793415e-01	9.999999999999981126e-01	-5.340675686931223298e-01	1.283559761375012709e-01	-1.457570914088222869e-01	1.958321670788699120e-01	-6.112122890803013409e-01	2.446834566162008617e-01	-9.848453272823515237e-02	1.371388393081318657e-01	-1.652878642396233555e-01	2.039311299233659003e-01	-2.083918507351767702e-01	8.665859820896749943e-02	-1.193813354152970241e-01	1.230641806407906103e-01	-1.422592533037756179e-01	1.744855897726543259e-01	-7.357879606042901088e-02	1.048514180248446281e-01	-1.019243099918018952e-01	1.057248696048630199e-01	-1.209679838882847941e-01	8.128326423988947724e-02	-7.767723871826311133e-02	9.787333226258823626e-02	-6.071978660089778768e-02	6.438669490162440834e-02
-7.185333161442619687e-02	9.358684699597701051e-02	-1.570678283747997672e-01	1.602356341182811228e-01	-1.873255972977173611e-01	7.374005460021100522e-02	-1.005587991073490367e-01	1.333517415300645159e-01	-1.692490979602833678e-01	1.760212261796225974e-01	-1.804555215650872901e-01	1.453721136521567425e-01	-1.710534728046710085e-01	2.786527649227327763e-01	-4.149602389081766818e-01	1.287568675696055265e-01	-1.346365040107695699e-01	1.694466766037509009e-01	-5.340675686931223298e-01	9.999999999999996669e-01	-1.320549407040957079e-01	1.395448447954008575e-01	-1.845655162947961447e-01	2.834391448469741337e-01	-5.129169591178394105e-01	1.020990000694836780e-01	-1.416346179007349770e-01	1.579652547423437969e-01	-2.099141506206163854e-01	2.547811237286248254e-01	-9.137739586092943900e-02	1.228626267921445608e-01	-1.305956553830441569e-01	1.483454297142449141e-01	-2.150456112791812591e-01	7.853811422778127216e-02	-1.134583668787360888e-01	1.079120020160151960e-01	-1.158753877586087000e-01	1.306581629683381263e-01	-8.806153489667496725e-02	8.388378438909474544e-02	-1.076762195962245039e-01	6.627408375127830098e-02	-7.117376132334372885e-02
8.759176478605625038e-02	-1.175139260640352956e-01	1.381600463314908434e-01	-1.075499676627102302e-01	9.445589275323201806e-02	-9.361869874893430366e-02	1.235035744267680563e-01	-1.211894746703514186e-01	1.030756521110108848e-01	-8.522695367545399248e-02	2.300061528565780222e-01	-2.147443599240511924e-01	1.813032042228083229e-01	-1.309492533258947156e-01	1.131328849345360765e-01	-6.759503177009575925e-01	2.793087045798076096e-01	-2.603853945326007335e-01	1.283559761375012709e-01	-1.320549407040957079e-01	1.000000000000003775e+00	-4.487846019127662012e-01	2.412250165819014025e-01	-1.766992044232945924e-01	1.295367031713717532e-01	-2.859383558390112268e-01	2.323310118801341362e-01	-2.028277161558454389e-01	1.733876441652898448e-01	-1.437212445266755900e-01	1.866249921546230817e-01	-2.002409132662660851e-01	1.624470014938751705e-01	-1.449614652771988033e-01	1.591992705763040916e-01	-1.242334833220072321e-01	1.452285879203060459e-01	-1.370997807986557571e-01	1.121223499678351970e-01	-1.287179458713254010e-01	1.306601313609739301e-01	-1.092028062533277194e-01	1.300230690384201748e-01	-7.430925293999299241e-02	7.739389125259421576e-02
-8.506672905085548020e-02	1.109995698047450546e-01	-1.414754043786180249e-01	1.075864956058404515e-01	-9.775195569557927622e-02	8.903579433527751552e-02	-1.224421951165632350e-01	1.208752031000094318e-01	-1.055411804735151421e-01	8.739289202335071005e-02	-2.229016465238891631e-01	2.073127427550366664e-01	-1.899185707029400483e-01	1.353616258459272026e-01	-1.195231098717958740e-01	2.799726256497483412e-01	-3.833124225577744792e-01	2.561646998439230383e-01	-1.457570914088222869e-01	1.395448447954008575e-01	-4.487846019127662012e-01	1.000000000000000444e+00	-5.117932711712712690e-01	2.015367807319063953e-01	-1.412022325561937408e-01	1.871263281250093446e-01	-4.565944798888034728e-01	2.651227767516865508e-01	-2.121415347267259222e-01	1.517768350528557464e-01	-1.628922773618070030e-01	2.311341331699943991e-01	-1.945082839047945211e-01	1.603253234809710326e-01	-1.726853865030256174e-01	1.159997746718933326e-01	-1.608731120689905203e-01	1.496514065994216935e-01	-1.228094030332321646e-01	1.354818699811501659e-01	-1.258843470928766584e-01	1.127028708473225282e-01	-1.374396386656411284e-01	7.589424226570527787e-02	-8.002304418227998428e-02
8.553728627385343009e-02	-1.147455502879988348e-01	1.508651323934975252e-01	-1.239790772691240356e-01	1.126514390674649979e-01	-8.966567818109318078e-02	1.214892824457893539e-01	-1.321406143678015566e-01	1.201908566927271521e-01	-1.026647571987672203e-01	2.143866898580470970e-01	-2.044092707088745464e-01	1.976738554957741534e-01	-1.676738649332340514e-01	1.435588751119020456e-01	-2.386501116910440534e-01	2.407940018145546535e-01	-3.269795021561607284e-01	1.958321670788699120e-01	-1.845655162947961447e-01	2.412250165819014025e-01	-5.117932711712712690e-01	9.999999999999970024e-01	-3.621250945613778138e-01	1.740844499954229130e-01	-1.735223506231260149e-01	2.789119686721535096e-01	-5.177837613542550788e-01	2.714186905078135870e-01	-1.922920318812001428e-01	1.464105135728664131e-01	-2.243903517121886015e-01	2.071906257295034748e-01	-1.971523372806260888e-01	1.989191606129303846e-01	-1.164811293339934190e-01	1.627895101700410907e-01	-1.654082898021750625e-01	1.421753536139897245e-01	-1.607303577601398026e-01	1.241201229241071513e-01	-1.179304527020451077e-01	1.421477167104904515e-01	-8.384124394147046688e-02	8.746891468020040472e-02
-8.255990545651821499e-02	1.059541662653800953e-01	-1.649461149125941717e-01	1.466694461696415319e-01	-1.525836578152745260e-01	8.462993060263493406e-02	-1.146096001054240782e-01	1.373782223989900020e-01	-1.528143940631733477e-01	1.359504712322172626e-01	-2.125796457440349285e-01	1.677492613292029255e-01	-1.885797076061811184e-01	2.358489582062430201e-01	-2.223716968159123730e-01	1.640554478180679954e-01	-1.717869271100973816e-01	2.059690220099830993e-01	-6.112122890803013409e-01	2.834391448469741337e-01	-1.766992044232945924e-01	2.015367807319063953e-01	-3.621250945613778138e-01	9.999999999999994449e-01	-2.976346179099287337e-01	1.324286818446984426e-01	-1.987199001128258091e-01	2.416449972313827743e-01	-3.761599556758791763e-01	2.297538189342961112e-01	-1.190079158833463185e-01	1.643232164619839175e-01	-1.757864254799550718e-01	1.976855317354422603e-01	-2.411817284882099566e-01	9.991717117623287459e-02	-1.461479561149982287e-01	1.403266771425435711e-01	-1.490558368121209787e-01	1.597470519906662445e-01	-1.114915326087660141e-01	1.059542700091320316e-01	-1.349050059517755695e-01	8.069452497335610763e-02	-8.662367737318289740e-02
6.867553120497391084e-02	-9.067254812461686408e-02	1.366827523556355395e-01	-1.392291158705413201e-01	1.344967167069234526e-01	-7.070512611975400541e-02	9.470031752128739433e-02	-1.182588887063769634e-01	1.320646183488792258e-01	-1.315548544533564346e-01	1.718113435326899530e-01	-1.385884629339508012e-01	1.476476194690542754e-01	-2.100949616133327424e-01	2.022757587960571091e-01	-1.300490963666528776e-01	1.288382390709480463e-01	-1.636669174649996727e-01	2.446834566162008617e-01	-5.129169591178394105e-01	1.295367031713717532e-01	-1.412022325561937408e-01	1.740844499954229130e-01	-2.976346179099287337e-01	9.999999999999985567e-01	-1.078256013266709612e-01	1.431343829492200959e-01	-1.698379551817353061e-01	2.166079362256851104e-01	-6.500451107413433016e-01	9.471635114017928903e-02	-1.308416066252336696e-01	1.380335685026934378e-01	-1.749155218593456407e-01	2.512704841548445978e-01	-8.318819781825001480e-02	1.188653315879033834e-01	-1.174447864670823682e-01	1.307358400548106758e-01	-1.606448403913128542e-01	9.157712551111198140e-02	-8.949970026966404257e-02	1.125815630958599961e-01	-7.474023557688000419e-02	7.842339372858127267e-02
-6.190629137612922023e-02	7.866099497668774254e-02	-1.021339668066781753e-01	7.960467152143026193e-02	-7.222032698909088000e-02	6.381841373630425807e-02	-8.403611208891320628e-02	8.495967518660144102e-02	-7.646793971631071773e-02	6.404378143751986163e-02	-1.666910222354558435e-01	1.263582965400378844e-01	-1.193876173533654217e-01	9.578446734291012898e-02	-8.575609886784792135e-02	1.852223044697706988e-01	-1.469262000428783188e-01	1.483080279180130634e-01	-9.848453272823515237e-02	1.020990000694836780e-01	-2.859383558390112268e-01	1.871263281250093446e-01	-1.735223506231260149e-01	1.324286818446984426e-01	-1.078256013266709612e-01	9.999999999999965583e-01	-2.674807868587661952e-01	1.702035154325433064e-01	-1.590041462677123651e-01	1.211150910584151141e-01	-7.728408243968987179e-01	2.506129757061065222e-01	-1.952158435414890481e-01	1.395351254759547854e-01	-1.502012786454330062e-01	2.375211747644473681e-01	-1.982296558083414262e-01	1.613761821567976096e-01	-1.133909076264657950e-01	1.235614067813188555e-01	-2.716439218197912453e-01	1.493289796023329619e-01	-1.748903650845100022e-01	8.150852170540962005e-02	-8.619146758713099044e-02
7.569900344182167728e-02	-1.004439328004086696e-01	1.280899178782350378e-01	-1.040522506238996531e-01	9.329903322487211048e-02	-7.902243708637625430e-02	1.056629182540176487e-01	-1.101963123704196024e-01	9.928654124493850597e-02	-8.414654534906466921e-02	1.929884506748373862e-01	-1.727087446774575596e-01	1.573829044531688259e-01	-1.301100060075881526e-01	1.138630287085345000e-01	-2.165451457599983642e-01	2.029138295836296901e-01	-2.158779573450689826e-01	1.371388393081318657e-01	-1.416346179007349770e-01	2.323310118801341362e-01	-4.565944798888034728e-01	2.789119686721535096e-01	-1.987199001128258091e-01	1.431343829492200959e-01	-2.674807868587661952e-01	9.999999999999983347e-01	-4.069332708584201264e-01	2.354387562697524972e-01	-1.680140486493767460e-01	2.151172806089247103e-01	-5.690381369873070971e-01	2.609984038088820624e-01	-2.013777326130944956e-01	1.887613498294815340e-01	-1.511071115651068664e-01	2.076225738133571364e-01	-2.074038121415936742e-01	1.463196975738980388e-01	-1.644008173344174983e-01	1.522320310379375319e-01	-1.442000292884380308e-01	1.624783145070702317e-01	-9.008017689370663439e-02	9.242956717847494730e-02
-7.497702372337468335e-02	9.696446768639975511e-02	-1.326295087093787017e-01	1.077407878193182150e-01	-1.003186920719294911e-01	7.738454460942095769e-02	-1.037459019925727199e-01	1.113944664726120581e-01	-1.047412495303410296e-01	8.968360976911055049e-02	-1.946586216992143015e-01	1.590810354638375890e-01	-1.592322137851967523e-01	1.398173966940983726e-01	-1.255269039697587685e-01	1.803601698855656910e-01	-1.829176372502525905e-01	2.044922164362644179e-01	-1.652878642396233555e-01	1.579652547423437969e-01	-2.028277161558454389e-01	2.651227767516865508e-01	-5.177837613542550788e-01	2.416449972313827743e-01	-1.698379551817353061e-01	1.702035154325433064e-01	-4.069332708584201264e-01	9.999999999999991118e-01	-5.288332827994173257e-01	1.936228063794520615e-01	-1.559032289922564762e-01	2.513543248649231510e-01	-3.244655789865456552e-01	2.402951192042490913e-01	-2.229144992935646330e-01	1.244377172998692715e-01	-1.960483803591932250e-01	1.980643394542021818e-01	-1.716367859264777695e-01	1.756867957843228911e-01	-1.352587745043813128e-01	1.314252881834394315e-01	-1.621364592478637401e-01	8.953891966149145343e-02	-9.478713012316092312e-02
7.676185570454489848e-02	-1.007476953770763545e-01	1.394702270543833333e-01	-1.234314219348466579e-01	1.141272824105229733e-01	-7.924628823235552177e-02	1.055114648224467905e-01	-1.189668957466661903e-01	1.177333469953143891e-01	-1.043513846368563647e-01	1.953485449281006370e-01	-1.593504281062106953e-01	1.594055445760093059e-01	-1.694718480366695645e-01	1.481418016863210729e-01	-1.700960856068124971e-01	1.630909749501646966e-01	-1.993391028745572224e-01	2.039311299233659003e-01	-2.099141506206163854e-01	1.733876441652898448e-01	-2.121415347267259222e-01	2.714186905078135870e-01	-3.761599556758791763e-01	2.166079362256851104e-01	-1.590041462677123651e-01	2.354387562697524972e-01	-5.288332827994173257e-01	9.999999999999972244e-01	-3.138826776433611410e-01	1.386834704182102473e-01	-2.195394376081621080e-01	2.407425606187496014e-01	-4.651613700629084747e-01	2.765131122998550905e-01	-1.198501958818140867e-01	1.776012512935848942e-01	-1.942632162714613420e-01	2.217587552618696112e-01	-2.457086875823170091e-01	1.278297450465771812e-01	-1.292812235536464349e-01	1.559967577102486236e-01	-1.013083785117783742e-01	1.050430152484460450e-01
-7.401404151011059529e-02	9.389823255497435628e-02	-1.433767673856081726e-01	1.272421960826804477e-01	-1.306283621127563022e-01	7.536605546317144688e-02	-1.000742325183901771e-01	1.171742828791690755e-01	-1.252102465998248260e-01	1.152251011914534051e-01	-1.932026532744916536e-01	1.411682729232088818e-01	-1.497953558384352568e-01	1.709393512842068696e-01	-1.763738629156139937e-01	1.377513239195867212e-01	-1.364778545303836632e-01	1.631296507853925992e-01	-2.083918507351767702e-01	2.547811237286248254e-01	-1.437212445266755900e-01	1.517768350528557464e-01	-1.922920318812001428e-01	2.297538189342961112e-01	-6.500451107413433016e-01	1.211150910584151141e-01	-1.680140486493767460e-01	1.936228063794520615e-01	-3.138826776433611410e-01	9.999999999999938938e-01	-1.095733621397686902e-01	1.507221012322182419e-01	-1.698425427070163751e-01	2.214338500902044704e-01	-4.844189823078504653e-01	9.702023610347149107e-02	-1.446449558943073699e-01	1.399843736790699344e-01	-1.710306442663070969e-01	1.952939878618264735e-01	-1.089989496071052666e-01	1.064315296409591854e-01	-1.374811046147597637e-01	8.822621409121222946e-02	-9.537524777885253435e-02
5.273396124120470485e-02	-6.853806627880396074e-02	8.765218988184732274e-02	-7.035559630759102845e-02	6.300038920246991969e-02	-5.465410388387604429e-02	7.196013806627034326e-02	-7.404365031806792175e-02	6.680329373752358357e-02	-5.631885100256140558e-02	1.381720752794725893e-01	-1.104475853089828402e-01	1.026919288251953027e-01	-8.483424469982851768e-02	7.512136216232372099e-02	-1.613552228945590583e-01	1.231920200474949240e-01	-1.320298748160608215e-01	8.665859820896749943e-02	-9.137739586092943900e-02	1.866249921546230817e-01	-1.628922773618070030e-01	1.464105135728664131e-01	-1.190079158833463185e-01	9.471635114017928903e-02	-7.728408243968987179e-01	2.151172806089247103e-01	-1.559032289922564762e-01	1.386834704182102473e-01	-1.095733621397686902e-01	9.999999999999994449e-01	-3.383013554957532421e-01	1.815916087701384407e-01	-1.299512687777133468e-01	1.315773132350190056e-01	-3.552216568609374847e-01	1.852784235902470156e-01	-1.600962078136577427e-01	1.027709770800639549e-01	-1.148467019426242935e-01	2.385660375334638095e-01	-1.426430424350070836e-01	1.506808220122928810e-01	-7.396789596874382700e-02	7.572400472473092559e-02
-6.716991632430062420e-02	8.629611983253364371e-02	-1.141120101496953532e-01	9.113511870397277004e-02	-8.311706221449778609e-02	6.924074216390666003e-02	-9.192702611162199833e-02	9.541855258838972953e-02	-8.744708182219987358e-02	7.402424128554614680e-02	-1.767849553929585205e-01	1.394295049488723515e-01	-1.335984530303888085e-01	1.120525389367190428e-01	-1.003045240154775419e-01	1.695830188321691412e-01	-1.610310470218022372e-01	1.677168289056047146e-01	-1.193813354152970241e-01	1.228626267921445608e-01	-2.002409132662660851e-01	2.311341331699943991e-01	-2.243903517121886015e-01	1.643232164619839175e-01	-1.308416066252336696e-01	2.506129757061065222e-01	-5.690381369873070971e-01	2.513543248649231510e-01	-2.195394376081621080e-01	1.507221012322182419e-01	-3.383013554957532421e-01	9.999999999999968914e-01	-4.788450064216589475e-01	2.026658341502635408e-01	-1.917722499171619910e-01	1.817764632054866270e-01	-3.332146552083799507e-01	2.616313093868611883e-01	-1.580701672178752570e-01	1.623314713983659563e-01	-1.882158235489058140e-01	1.756762782079833440e-01	-2.026037213229009981e-01	9.565971938029020627e-02	-9.997877928740146747e-02
6.476707514525080478e-02	-8.453986730258940263e-02	1.116804571533584756e-01	-9.303127742111023946e-02	8.404492137551049236e-02	-6.686629293534172847e-02	8.838763385593170763e-02	-9.440085893646917026e-02	8.801671064243733744e-02	-7.552339815944193735e-02	1.669558597697868574e-01	-1.339623897234525907e-01	1.282655865333964529e-01	-1.152832133447604240e-01	1.022912992697962847e-01	-1.549831064359853683e-01	1.419557317144532482e-01	-1.639109317208020944e-01	1.230641806407906103e-01	-1.305956553830441569e-01	1.624470014938751705e-01	-1.945082839047945211e-01	2.071906257295034748e-01	-1.757864254799550718e-01	1.380335685026934378e-01	-1.952158435414890481e-01	2.609984038088820624e-01	-3.244655789865456552e-01	2.407425606187496014e-01	-1.698425427070163751e-01	1.815916087701384407e-01	-4.788450064216589475e-01	9.999999999999971134e-01	-3.470380306210594235e-01	2.165461448916829179e-01	-1.606405298159969686e-01	2.843331215785493415e-01	-5.704537494701623634e-01	2.067632232058413677e-01	-2.097852616700229822e-01	1.593968439433811612e-01	-1.833037399298003134e-01	1.998829703206958519e-01	-1.054635157737685014e-01	1.065495446103414817e-01
-6.473191820992363343e-02	8.278727309129711720e-02	-1.155555400595971727e-01	9.743352899286475410e-02	-9.119614772469963881e-02	6.625321034592004943e-02	-8.749504623080829602e-02	9.579345030362380886e-02	-9.328858256570816965e-02	8.130733596085031045e-02	-1.693035812067060497e-01	1.272084422168609230e-01	-1.273146441887212654e-01	1.239258991729177417e-01	-1.132148254359257727e-01	1.362514394059353984e-01	-1.305963739373393051e-01	1.516261317996553115e-01	-1.422592533037756179e-01	1.483454297142449141e-01	-1.449614652771988033e-01	1.603253234809710326e-01	-1.971523372806260888e-01	1.976855317354422603e-01	-1.749155218593456407e-01	1.395351254759547854e-01	-2.013777326130944956e-01	2.402951192042490913e-01	-4.651613700629084747e-01	2.214338500902044704e-01	-1.299512687777133468e-01	2.026658341502635408e-01	-3.470380306210594235e-01	9.999999999999958922e-01	-4.510353418117608593e-01	1.167227393224519877e-01	-1.969423942758294355e-01	2.191310283195876119e-01	-5.231353797899972458e-01	3.036631664210233117e-01	-1.279233782015429810e-01	1.332607336381631258e-01	-1.672155241452886187e-01	1.078216842532749992e-01	-1.172858626768785439e-01
