1.000000000000000000e+00	-6.550953867761935001e-01	2.714379742257951311e-01	-1.436818643327830991e-01	1.351857606428225611e-01	-3.472979113051902211e-01	2.454984475703232971e-01	-2.525481219268539412e-01	1.227614108647532842e-01	-8.245314730961469940e-02	2.099833457695299277e-01	-1.837221287763209365e-01	1.836773870363634098e-01	-1.096804870036046514e-01	9.405305770795149845e-02	-1.572769161575778563e-01	1.549882205498586130e-01	-1.859778056452219830e-01	1.002853531620774702e-01	-8.549404456518401585e-02	1.641524960395698562e-01	-1.601875746525203703e-01	1.271100379240090728e-01	-9.911019815595653593e-02	8.128650595603943707e-02	-1.517792278763901159e-01	1.242336793329817113e-01	-9.432000015355029854e-02	1.216197517344391604e-01	-1.170329899214299918e-01	9.105601899237864005e-02	-9.461535648442404023e-02	1.218460260924376232e-01	-9.508119195308498139e-02	6.986013588488057535e-02	-1.167641755591830588e-01	8.060416825683934527e-02	-7.144793653378445075e-02	5.921505716865440444e-02	-1.574524226674757152e-02	6.405139432678767786e-02	-5.212695018252236356e-02	1.019974617463980937e-01	-5.156194053606247968e-02	1.561473751608779409e-02
-6.550953867761935001e-01	9.999999999999997780e-01	-4.330541861096175449e-01	1.465932915331500386e-01	-1.464857889613806197e-01	1.831954201539472971e-01	-4.398731130326777872e-01	2.769186095763664923e-01	-1.261892646670791651e-01	7.865076076996886656e-02	-1.612999819493338427e-01	1.869938236127530740e-01	-1.986271251611106126e-01	1.083020321763005361e-01	-9.159520031418147412e-02	1.103997805493829865e-01	-1.466485517526922577e-01	1.493621142053376816e-01	-8.265441353386124290e-02	6.711488653018053696e-02	-1.298935033815970252e-01	1.325986050014656692e-01	-1.047160170389750539e-01	7.963593168494069452e-02	-6.424990488554574442e-02	1.103322860202890776e-01	-9.567897957979765167e-02	7.247523679479125902e-02	-9.370662117859719642e-02	8.708490834290255611e-02	-6.725235343714830449e-02	6.987064908594946278e-02	-9.239090328507854055e-02	7.055137901159579117e-02	-5.251982124377566757e-02	8.407576717882839223e-02	-5.953496443575052866e-02	5.277188677180050941e-02	-4.376165293007076851e-02	1.160887550188802707e-02	-4.692316252388958886e-02	3.811705150532761210e-02	-7.536329325552133807e-02	3.797253147396210948e-02	-1.152885178121015181e-02
2.714379742257951311e-01	-4.330541861096175449e-01	1.000000000000000000e+00	-3.840712861941955047e-01	2.417678603089026268e-01	-1.521475485008434991e-01	2.765654602020407027e-01	-4.765300983404930912e-01	1.518136367677265508e-01	-1.257155076290835116e-01	1.275972914727938889e-01	-1.931642762915893596e-01	2.045329749083650284e-01	-1.355006296427976598e-01	1.355903546693450756e-01	-1.085382519740766410e-01	1.560265800197238317e-01	-1.892159433910935717e-01	1.039027508357836527e-01	-8.979391344424005050e-02	1.225935691916904546e-01	-1.564564917134327326e-01	1.271184224746754465e-01	-1.017349790451043956e-01	8.438722273120356776e-02	-1.425500470824389021e-01	1.204354220660479452e-01	-9.320638693182345391e-02	1.208840689865453427e-01	-1.198853527552844050e-01	8.925916607450308515e-02	-9.371656501937630779e-02	1.214636908913720031e-01	-9.650469630022857903e-02	7.110063212743718275e-02	-1.163802110188953132e-01	8.053550343377080534e-02	-7.152964628706467987e-02	5.959591458309495410e-02	-1.594248885667650870e-02	6.460431229536839348e-02	-5.250414724326631088e-02	1.025677326405002726e-01	-5.189744249371427282e-02	1.580965459100281550e-02
-1.436818643327830991e-01	1.465932915331500386e-01	-3.840712861941955047e-01	9.999999999999995559e-01	-8.195130492481381701e-01	7.355974347434481031e-02	-1.226396994145917824e-01	1.517244003318932721e-01	-1.100402805596981670e-01	1.943389519978913349e-01	-6.608662035169755866e-02	9.496530669501444810e-02	-1.130672843126376698e-01	9.094860250372586996e-02	-2.278379761040234819e-01	5.498040886648034031e-02	-8.216029819342368645e-02	9.849201227876523690e-02	-6.098290847289196404e-02	5.498064828848905211e-02	-6.453470327643716364e-02	8.155067263035821468e-02	-6.881461928124738003e-02	5.733928486768950783e-02	-5.087654459903467874e-02	7.385653807411293736e-02	-6.435568838967112293e-02	5.005035699054585785e-02	-6.572255863243509078e-02	6.533508792182515790e-02	-4.705085234654767662e-02	4.944364968515231606e-02	-6.554442262222442972e-02	5.184004101344126536e-02	-3.895948016734577385e-02	6.044439294936338608e-02	-4.269801970754747572e-02	3.793648078211771246e-02	-3.174175322288375761e-02	8.514556127075646394e-03	-3.417391422695793823e-02	2.770828785835172808e-02	-5.457977855761071001e-02	2.755101316677466272e-02	-8.455029438274145465e-03
1.351857606428225611e-01	-1.464857889613806197e-01	2.417678603089026268e-01	-8.195130492481381701e-01	9.999999999999995559e-01	-7.649201455046825138e-02	1.153267204103392007e-01	-1.497061251821073247e-01	1.074803604573914689e-01	-3.020950020788988333e-01	6.724445654244755322e-02	-9.744094382271811794e-02	1.119163420483570842e-01	-9.476955372352448281e-02	2.210794323205858836e-01	-5.881890764771655067e-02	8.664789960242252898e-02	-1.102724946712276277e-01	6.674945880997988634e-02	-6.178667090552328323e-02	6.802758876342571148e-02	-8.909360797624808759e-02	7.575697808992420956e-02	-6.385504589142591836e-02	5.662603354854062881e-02	-8.493311177369596010e-02	7.272803879451321396e-02	-5.681833471723109902e-02	7.453626841301531913e-02	-7.607918960118674467e-02	5.442599106609170151e-02	-5.732735176717553005e-02	7.502034927635693740e-02	-6.036920581657322094e-02	4.495130176346189693e-02	-7.115291927841110864e-02	4.961181956798958737e-02	-4.410272280302030001e-02	3.693276966635582886e-02	-9.932327190309815992e-03	3.998902197244937756e-02	-3.244568390620132525e-02	6.350156712010954219e-02	-3.212478858451644353e-02	9.853890177063995975e-03
-3.472979113051902211e-01	1.831954201539472971e-01	-1.521475485008434991e-01	7.355974347434481031e-02	-7.649201455046825138e-02	9.999999999999998890e-01	-1.548044132048093657e-01	1.334189353463543504e-01	-8.299735729427284991e-02	4.763690767971005130e-02	-7.897517619244566189e-01	1.341377779173419660e-01	-1.383230039137493816e-01	7.192873043366188046e-02	-5.583769359606854249e-02	2.514878499990678140e-01	-1.263607293346048766e-01	1.254772976142163599e-01	-7.245345371905313747e-02	5.746413062467538996e-02	-3.048127529560489823e-01	1.271438009534375524e-01	-9.755389317899382240e-02	7.021522024106024995e-02	-5.616610032202398739e-02	1.191150135978954472e-01	-9.981296546789336643e-02	7.069432897633123880e-02	-9.103852864106047604e-02	7.654852696215104502e-02	-6.719949272363893999e-02	6.687774624318693073e-02	-8.866001842364232277e-02	6.338479044456134248e-02	-4.722421518979769139e-02	7.753864972224751295e-02	-5.610746383310427632e-02	4.936212077241106111e-02	-4.048875533244195718e-02	1.049724998312778074e-02	-4.312652678817598811e-02	3.501479591100059574e-02	-7.012193249945816720e-02	3.498384173143043174e-02	-1.043971256652624809e-02
2.454984475703232971e-01	-4.398731130326777872e-01	2.765654602020407027e-01	-1.226396994145917824e-01	1.153267204103392007e-01	-1.548044132048093657e-01	1.000000000000000000e+00	-6.768793238152434055e-01	1.531661739451112558e-01	-7.304292315599805741e-02	1.261282972121410551e-01	-3.772300637737856510e-01	2.513102258634147823e-01	-1.401576129233807755e-01	8.227628584754866081e-02	-9.701405615457447951e-02	1.793109301206383399e-01	-1.717822087243721374e-01	8.682280086125968022e-02	-6.848325143158995321e-02	1.088026744779907184e-01	-1.562701493080667081e-01	1.132126541558532012e-01	-8.468010369997631959e-02	6.519088496665431665e-02	-1.064490813324686508e-01	9.387872010593072136e-02	-7.211253197989901664e-02	9.178109104927924256e-02	-8.625172099025010808e-02	6.450909342689345460e-02	-6.761150464614623656e-02	8.969354056243750151e-02	-6.932623504942651838e-02	5.173003239041496643e-02	-8.080185891164816392e-02	5.709769660655267948e-02	-5.073633569908738566e-02	4.196902193486994753e-02	-1.121751241386771854e-02	4.461898252955247973e-02	-3.635642508771761566e-02	7.189636381903773132e-02	-3.646578506788413637e-02	1.113553342051812334e-02
-2.525481219268539412e-01	2.769186095763664923e-01	-4.765300983404930912e-01	1.517244003318932721e-01	-1.497061251821073247e-01	1.334189353463543504e-01	-6.768793238152434055e-01	9.999999999999996669e-01	-2.157817606369480112e-01	8.763319571743145853e-02	-1.210917495751598072e-01	2.440204944334593007e-01	-3.039233796958991651e-01	1.643036354873100846e-01	-1.000432113690726682e-01	9.215339931569725695e-02	-1.702204848982171725e-01	1.613310527547289486e-01	-8.970147950093233791e-02	6.987283311881509196e-02	-1.077707221837558155e-01	1.435871523891111834e-01	-1.111770946220397294e-01	8.503208033548277645e-02	-6.646113232284019123e-02	1.046875568437310444e-01	-9.358634453247002827e-02	7.182022204264956744e-02	-9.236269189493735710e-02	8.626990851704625929e-02	-6.437019944984428976e-02	6.740654813542304447e-02	-9.018353729906257443e-02	6.926143541375386070e-02	-5.194027957279302721e-02	8.030672663416993373e-02	-5.723984927622503133e-02	5.083886722748745535e-02	-4.215879373608671238e-02	1.124937541646585729e-02	-4.485131729989090543e-02	3.647333577750109385e-02	-7.233264123036217685e-02	3.657205334139732728e-02	-1.117402198804323676e-02
1.227614108647532842e-01	-1.261892646670791651e-01	1.518136367677265508e-01	-1.100402805596981670e-01	1.074803604573914689e-01	-8.299735729427284991e-02	1.531661739451112558e-01	-2.157817606369480112e-01	1.000000000000000888e+00	-1.478071763342714839e-01	7.455554903428203428e-02	-2.051991560077471022e-01	2.475217127788409688e-01	-8.611396437613326738e-01	1.357632633083920293e-01	-6.820095441040874285e-02	1.368396133573647755e-01	-1.692636424208440737e-01	1.197444225226236975e-01	-8.526471351358956563e-02	7.742802077793795035e-02	-1.404423202187687070e-01	1.104331700193066923e-01	-1.082394519266923760e-01	7.417359583827524971e-02	-9.335210045752348473e-02	8.396531087105706115e-02	-6.691682939215277959e-02	8.528606983349412696e-02	-8.650796587608043653e-02	5.731455809568016674e-02	-6.086285490450239061e-02	8.214882058926352426e-02	-6.664710285520826505e-02	5.075398834973522677e-02	-7.180294625569121070e-02	5.107671304610098689e-02	-4.560322453924858105e-02	3.786973254503814279e-02	-1.035972863807778713e-02	3.944602786905503089e-02	-3.225885149081299252e-02	6.407025385673784101e-02	-3.292536218623674793e-02	1.028203459820140053e-02
-8.245314730961469940e-02	7.865076076996886656e-02	-1.257155076290835116e-01	1.943389519978913349e-01	-3.020950020788988333e-01	4.763690767971005130e-02	-7.304292315599805741e-02	8.763319571743145853e-02	-1.478071763342714839e-01	9.999999999999980016e-01	-4.323526247352967034e-02	7.318314325561149636e-02	-9.202245638263073513e-02	1.170301287852255762e-01	-8.984741020045795556e-01	3.838963356219724649e-02	-6.387236355676860489e-02	8.041699847977880344e-02	-6.163411375084134475e-02	6.534587375651755570e-02	-4.502704362660795573e-02	6.554204751740989876e-02	-5.779203694436538946e-02	5.419094959739068074e-02	-5.732681717122505710e-02	5.708256714795369863e-02	-5.127903638980458451e-02	4.084750454049588392e-02	-5.439718616460711975e-02	5.764591382028983607e-02	-3.697161823147208232e-02	3.916290370343795957e-02	-5.355211585301597466e-02	4.357259448737299534e-02	-3.430770069895081043e-02	4.692062682509029470e-02	-3.383215083607284818e-02	3.016486789271752289e-02	-2.541701196348779279e-02	6.960873403972459017e-03	-2.685218758376146583e-02	2.178053744591933183e-02	-4.329681943548197021e-02	2.199472746412170499e-02	-6.922606546089628797e-03
2.099833457695299277e-01	-1.612999819493338427e-01	1.275972914727938889e-01	-6.608662035169755866e-02	6.724445654244755322e-02	-7.897517619244566189e-01	1.261282972121410551e-01	-1.210917495751598072e-01	7.455554903428203428e-02	-4.323526247352967034e-02	1.000000000000000000e+00	-1.389972771497528792e-01	1.250489581799655581e-01	-6.617142157856156781e-02	5.020665455211788947e-02	-4.205941839148954475e-01	1.182566985163899798e-01	-1.224853673943518823e-01	6.731138455573076884e-02	-5.438374340799328327e-02	2.604666940528429508e-01	-1.243033564971075811e-01	9.122361473853152214e-02	-6.647725774171547863e-02	5.270872035187496030e-02	-1.172478102696959401e-01	9.224309265231517285e-02	-6.607141820529016663e-02	8.402838319749807161e-02	-7.314690227206879780e-02	6.317908401707504618e-02	-6.330816080412847435e-02	8.228412885431382606e-02	-6.027682223313477611e-02	4.463862227150377365e-02	-7.444645363028748464e-02	5.263863255417788878e-02	-4.638423193926675264e-02	3.793766360756489070e-02	-9.909757000849840972e-03	4.038212325620851167e-02	-3.291807135543437651e-02	6.544447025601468626e-02	-3.289684476913002503e-02	9.842966423468008791e-03
-1.837221287763209365e-01	1.869938236127530740e-01	-1.931642762915893596e-01	9.496530669501444810e-02	-9.744094382271811794e-02	1.341377779173419660e-01	-3.772300637737856510e-01	2.440204944334593007e-01	-2.051991560077471022e-01	7.318314325561149636e-02	-1.389972771497528792e-01	1.000000000000000444e+00	-6.542013572925942100e-01	1.845206774152321483e-01	-8.376540112279372285e-02	1.076182686314102743e-01	-4.601163613057560609e-01	2.321591193481786497e-01	-1.117544626033389887e-01	8.119413368028147171e-02	-1.218838806537279745e-01	2.302415539880978690e-01	-1.590861210787513635e-01	1.076133756680972553e-01	-7.873490143360487026e-02	1.188888005834122519e-01	-1.131747851317170261e-01	8.662963064492544552e-02	-1.084409534467875996e-01	9.676968801439227164e-02	-7.153540020897937446e-02	7.538079514513509882e-02	-1.030184664953992663e-01	7.757682602301382846e-02	-5.871792679259212749e-02	8.682035292154732797e-02	-6.283729182424548088e-02	5.593452088480124762e-02	-4.601295332352409173e-02	1.230930275937963843e-02	-4.804405906333944487e-02	3.922353829508744977e-02	-7.846301259239468751e-02	3.988314060433517660e-02	-1.223340934577934677e-02
1.836773870363634098e-01	-1.986271251611106126e-01	2.045329749083650284e-01	-1.130672843126376698e-01	1.119163420483570842e-01	-1.383230039137493816e-01	2.513102258634147823e-01	-3.039233796958991651e-01	2.475217127788409688e-01	-9.202245638263073513e-02	1.250489581799655581e-01	-6.542013572925942100e-01	1.000000000000000000e+00	-3.564108770269299176e-01	1.008640651179208425e-01	-1.135011324132313704e-01	2.654029998619534259e-01	-2.886503465364377852e-01	1.307119629248560122e-01	-9.918470928282439869e-02	1.252044138156708786e-01	-2.550948832769628916e-01	1.715571955598778064e-01	-1.289649878338753608e-01	9.299370942895848757e-02	-1.413582146319507515e-01	1.275322023881207134e-01	-9.966530164938021408e-02	1.243203274149128068e-01	-1.184635081596464162e-01	8.462558421925445162e-02	-8.959435817978693428e-02	1.197373575894918052e-01	-9.403311580556283911e-02	7.048816484178570263e-02	-1.052980607878675756e-01	7.452809191399122068e-02	-6.643887430723337262e-02	5.473511735302661468e-02	-1.479180630466300599e-02	5.722106298223415821e-02	-4.685086137963463682e-02	9.295259282312617888e-02	-4.762702280703320912e-02	1.467710851884915235e-02
-1.096804870036046514e-01	1.083020321763005361e-01	-1.355006296427976598e-01	9.094860250372586996e-02	-9.476955372352448281e-02	7.192873043366188046e-02	-1.401576129233807755e-01	1.643036354873100846e-01	-8.611396437613326738e-01	1.170301287852255762e-01	-6.617142157856156781e-02	1.845206774152321483e-01	-3.564108770269299176e-01	1.000000000000000888e+00	-1.323417267402533515e-01	5.911523925782980610e-02	-1.274708165278460037e-01	1.424880588315476371e-01	-1.293956133667428787e-01	7.807693989917879884e-02	-6.805588021751694805e-02	1.210445225611865572e-01	-9.948987330085688752e-02	1.005548424180792155e-01	-6.842982465444037710e-02	7.969377693902922333e-02	-7.323563593222182089e-02	5.846435462600391153e-02	-7.495301149847645450e-02	7.474230543383532377e-02	-4.924412714447293227e-02	5.227908589183159066e-02	-7.156996570314549944e-02	5.733092636968985939e-02	-4.422155744067512301e-02	6.103446877779643981e-02	-4.396002104495396606e-02	3.924831258570146697e-02	-3.262533902184680534e-02	8.917530047658141223e-03	-3.388257789445101031e-02	2.767042962351369539e-02	-5.522095437465678047e-02	2.830239101720322809e-02	-8.859502093323600586e-03
9.405305770795149845e-02	-9.159520031418147412e-02	1.355903546693450756e-01	-2.278379761040234819e-01	2.210794323205858836e-01	-5.583769359606854249e-02	8.227628584754866081e-02	-1.000432113690726682e-01	1.357632633083920293e-01	-8.984741020045795556e-01	5.020665455211788947e-02	-8.376540112279372285e-02	1.008640651179208425e-01	-1.323417267402533515e-01	9.999999999999975575e-01	-4.536032040505548479e-02	7.391700788917204834e-02	-9.648977170980820028e-02	7.123575823904088056e-02	-8.148381965750016442e-02	5.287034567400829277e-02	-7.749404012498385674e-02	6.814186892788963446e-02	-6.432741116332742204e-02	6.697262935968810449e-02	-6.934881801712941551e-02	6.143964127896780342e-02	-4.902372145464767295e-02	6.507238728508063508e-02	-7.092918228319217144e-02	4.491083210124756364e-02	-4.762600293598608786e-02	6.443592998978116271e-02	-5.341455225973271853e-02	4.157183438908989420e-02	-5.762652126751290071e-02	4.111820034689737946e-02	-3.667928365483796860e-02	3.090765662134042913e-02	-8.488710373843095375e-03	3.273190560449855402e-02	-2.658184943033307240e-02	5.258914819850184219e-02	-2.680306413423281034e-02	8.433328614842149767e-03
-1.572769161575778563e-01	1.103997805493829865e-01	-1.085382519740766410e-01	5.498040886648034031e-02	-5.881890764771655067e-02	2.514878499990678140e-01	-9.701405615457447951e-02	9.215339931569725695e-02	-6.820095441040874285e-02	3.838963356219724649e-02	-4.205941839148954475e-01	1.076182686314102743e-01	-1.135011324132313704e-01	5.911523925782980610e-02	-4.536032040505548479e-02	1.000000000000000000e+00	-1.392223928522557663e-01	1.248935136847672406e-01	-7.429492514060241637e-02	5.719262874219566140e-02	-8.120729771792121188e-01	1.515983127324216917e-01	-1.081933898778477537e-01	7.252240869594021866e-02	-5.676187290290048842e-02	1.451678971005176955e-01	-1.167596698150920181e-01	7.765381077009954336e-02	-9.854427042039176632e-02	7.647396380488541423e-02	-7.507216397803959107e-02	7.138262415984661380e-02	-9.454314796694932022e-02	6.428272577568923396e-02	-4.798343726832591388e-02	7.978141557370192760e-02	-5.859603389560165410e-02	5.121790897784830182e-02	-4.147524898132576993e-02	1.057967507062638687e-02	-4.370616945282846527e-02	3.555854215503687771e-02	-7.195625875807049043e-02	3.574338764362591792e-02	-1.053021816111798965e-02
1.549882205498586130e-01	-1.466485517526922577e-01	1.560265800197238317e-01	-8.216029819342368645e-02	8.664789960242252898e-02	-1.263607293346048766e-01	1.793109301206383399e-01	-1.702204848982171725e-01	1.368396133573647755e-01	-6.387236355676860489e-02	1.182566985163899798e-01	-4.601163613057560609e-01	2.654029998619534259e-01	-1.274708165278460037e-01	7.391700788917204834e-02	-1.392223928522557663e-01	1.000000000000001110e+00	-4.804226264516058276e-01	1.526461922269394533e-01	-1.079696618024676147e-01	1.523763959737061968e-01	-5.961237822939531306e-01	2.660701645907641022e-01	-1.600644863959276298e-01	1.067717039457328626e-01	-1.617523278819353316e-01	1.601301742720794008e-01	-1.244323651725096486e-01	1.471259747435130216e-01	-1.276052104452951586e-01	9.345336086099216566e-02	-9.967438582228146937e-02	1.368592393247807515e-01	-1.022578190243730728e-01	7.755008871530137682e-02	-1.112609097405373587e-01	8.093860116581776121e-02	-7.230135877391349886e-02	5.882816211726690780e-02	-1.579895266267088844e-02	6.033072831984133411e-02	-4.954696802012760470e-02	9.956954623031896712e-02	-5.105446174080578020e-02	1.569819287701033905e-02
-1.859778056452219830e-01	1.493621142053376816e-01	-1.892159433910935717e-01	9.849201227876523690e-02	-1.102724946712276277e-01	1.254772976142163599e-01	-1.717822087243721374e-01	1.613310527547289486e-01	-1.692636424208440737e-01	8.041699847977880344e-02	-1.224853673943518823e-01	2.321591193481786497e-01	-2.886503465364377852e-01	1.424880588315476371e-01	-9.648977170980820028e-02	1.248935136847672406e-01	-4.804226264516058276e-01	1.000000000000001554e+00	-2.744827594976235186e-01	1.634441204024423278e-01	-1.555035826919226316e-01	3.232186791052863439e-01	-5.496766668212615947e-01	2.435342948509847949e-01	-1.757348044310216573e-01	1.953202218151625369e-01	-2.143636937145789456e-01	1.805633148571863522e-01	-2.293215375700350944e-01	1.770028046369167829e-01	-1.278156589772547758e-01	1.365748776101555484e-01	-2.073431989543857712e-01	1.422454772390493172e-01	-1.133895209381490521e-01	1.477062220176048324e-01	-1.159380548039590925e-01	1.035968098085591482e-01	-8.559158530957942934e-02	2.268464446028605613e-02	-8.798017178563098672e-02	7.123084970982762609e-02	-1.465159643943806655e-01	7.327475538085674589e-02	-2.266847733690330324e-02
1.002853531620774702e-01	-8.265441353386124290e-02	1.039027508357836527e-01	-6.098290847289196404e-02	6.674945880997988634e-02	-7.245345371905313747e-02	8.682280086125968022e-02	-8.970147950093233791e-02	1.197444225226236975e-01	-6.163411375084134475e-02	6.731138455573076884e-02	-1.117544626033389887e-01	1.307119629248560122e-01	-1.293956133667428787e-01	7.123575823904088056e-02	-7.429492514060241637e-02	1.526461922269394533e-01	-2.744827594976235186e-01	9.999999999999991118e-01	-4.439883175676763716e-01	8.825128070371887623e-02	-2.124256277164330575e-01	2.585863080372752809e-01	-7.130077388494866497e-01	2.662536774019921837e-01	-1.403564984234587087e-01	1.378951378582277953e-01	-1.264687047138686737e-01	1.626663185466082073e-01	-1.997923935718634580e-01	8.952907124247558301e-02	-9.808061352704300351e-02	1.446218730166005384e-01	-1.319832489076388782e-01	1.106319569408394377e-01	-1.076335470953654755e-01	8.127776165777339523e-02	-7.366747180551520835e-02	6.229029281419227321e-02	-1.828317752273872845e-02	6.042619427480757505e-02	-4.972003801195573613e-02	1.013872352383402842e-01	-5.384552725783233601e-02	1.819126418141709875e-02
-8.549404456518401585e-02	6.711488653018053696e-02	-8.979391344424005050e-02	5.498064828848905211e-02	-6.178667090552328323e-02	5.746413062467538996e-02	-6.848325143158995321e-02	6.987283311881509196e-02	-8.526471351358956563e-02	6.534587375651755570e-02	-5.438374340799328327e-02	8.119413368028147171e-02	-9.918470928282439869e-02	7.807693989917879884e-02	-8.148381965750016442e-02	5.719262874219566140e-02	-1.079696618024676147e-01	1.634441204024423278e-01	-4.439883175676763716e-01	1.000000000000001554e+00	-6.983276917559888552e-02	1.328081981482879814e-01	-1.702809355790054768e-01	2.537673708542353967e-01	-7.667850828784479322e-01	1.218214821493917854e-01	-1.289623148424302312e-01	1.143120770547464971e-01	-1.683112216342699530e-01	2.331607817275474503e-01	-8.761146369474598350e-02	9.540325903934090968e-02	-1.561619304852642776e-01	1.367713033816360391e-01	-1.462410831290498481e-01	1.013526084221794410e-01	-8.388835498637356447e-02	7.587130628024858769e-02	-6.693613174096389729e-02	2.041044359397477248e-02	-6.400063316841747563e-02	5.166733938617615318e-02	-1.089465229266026597e-01	5.634412619387479254e-02	-2.056733127477952672e-02
1.641524960395698562e-01	-1.298935033815970252e-01	1.225935691916904546e-01	-6.453470327643716364e-02	6.802758876342571148e-02	-3.048127529560489823e-01	1.088026744779907184e-01	-1.077707221837558155e-01	7.742802077793795035e-02	-4.502704362660795573e-02	2.604666940528429508e-01	-1.218838806537279745e-01	1.252044138156708786e-01	-6.805588021751694805e-02	5.287034567400829277e-02	-8.120729771792121188e-01	1.523763959737061968e-01	-1.555035826919226316e-01	8.825128070371887623e-02	-6.983276917559888552e-02	9.999999999999992228e-01	-2.149010869510853128e-01	1.295442787105417770e-01	-8.901166243480963802e-02	6.847446828108454120e-02	-2.153321573699591984e-01	1.409131588882160946e-01	-9.468564188883302202e-02	1.170283232755886527e-01	-9.460811884689507290e-02	9.270823164008759609e-02	-8.865417300747019391e-02	1.131297990237727508e-01	-7.914380064775393409e-02	5.856049185067619539e-02	-1.004906244565153123e-01	7.122229796150965353e-02	-6.233169828792851225e-02	5.012720866396342539e-02	-1.288862862601576273e-02	5.268798250739246958e-02	-4.313357049901238999e-02	8.650339537910495258e-02	-4.340818149814240634e-02	1.280767860437592026e-02
-1.601875746525203703e-01	1.325986050014656692e-01	-1.564564917134327326e-01	8.155067263035821468e-02	-8.909360797624808759e-02	1.271438009534375524e-01	-1.562701493080667081e-01	1.435871523891111834e-01	-1.404423202187687070e-01	6.554204751740989876e-02	-1.243033564971075811e-01	2.302415539880978690e-01	-2.550948832769628916e-01	1.210445225611865572e-01	-7.749404012498385674e-02	1.515983127324216917e-01	-5.961237822939531306e-01	3.232186791052863439e-01	-2.124256277164330575e-01	1.328081981482879814e-01	-2.149010869510853128e-01	9.999999999999992228e-01	-5.082480700129010653e-01	2.080631512568570096e-01	-1.380416926953444701e-01	1.935891333745862475e-01	-2.430725552138767731e-01	1.680579559488115937e-01	-1.948675055806057266e-01	1.501646006974666492e-01	-1.132924454560917116e-01	1.209602872600906709e-01	-1.741285290475689806e-01	1.215264044702141916e-01	-9.392034421454450999e-02	1.292873104725443256e-01	-9.741262502077226160e-02	8.701665728486811247e-02	-7.020715316799497341e-02	1.867418607644160539e-02	-7.124757134023682048e-02	5.849067034839159490e-02	-1.189628441552387506e-01	6.065131909687910411e-02	-1.859157227322058917e-02
1.271100379240090728e-01	-1.047160170389750539e-01	1.271184224746754465e-01	-6.881461928124738003e-02	7.575697808992420956e-02	-9.755389317899382240e-02	1.132126541558532012e-01	-1.111770946220397294e-01	1.104331700193066923e-01	-5.779203694436538946e-02	9.122361473853152214e-02	-1.590861210787513635e-01	1.715571955598778064e-01	-9.948987330085688752e-02	6.814186892788963446e-02	-1.081933898778477537e-01	2.660701645907641022e-01	-5.496766668212615947e-01	2.585863080372752809e-01	-1.702809355790054768e-01	1.295442787105417770e-01	-5.082480700129010653e-01	1.000000000000000222e+00	-4.585214945201873671e-01	1.651208762268970009e-01	-1.839738900349147388e-01	1.934779428757593123e-01	-2.163615505962942498e-01	2.021244556448623664e-01	-1.739417701013833140e-01	1.095247902051890154e-01	-1.210658722392006503e-01	1.761449519473216041e-01	-1.343439957545671803e-01	1.032153528890749905e-01	-1.293706583386280973e-01	9.611904122123129945e-02	-8.725771895220625629e-02	7.025781529879079890e-02	-1.933499733001171894e-02	6.964827891582990593e-02	-5.770519031855156356e-02	1.166374990846050785e-01	-6.110953783489264657e-02	1.920231487362042411e-02
-9.911019815595653593e-02	7.963593168494069452e-02	-1.017349790451043956e-01	5.733928486768950783e-02	-6.385504589142591836e-02	7.021522024106024995e-02	-8.468010369997631959e-02	8.503208033548277645e-02	-1.082394519266923760e-01	5.419094959739068074e-02	-6.647725774171547863e-02	1.076133756680972553e-01	-1.289649878338753608e-01	1.005548424180792155e-01	-6.432741116332742204e-02	7.252240869594021866e-02	-1.600644863959276298e-01	2.435342948509847949e-01	-7.130077388494866497e-01	2.537673708542353967e-01	-8.901166243480963802e-02	2.080631512568570096e-01	-4.585214945201873671e-01	9.999999999999992228e-01	-3.000650313601169739e-01	1.384496167051876558e-01	-1.482749260550182135e-01	1.398170625557639546e-01	-1.884747021361476704e-01	1.766432593756666614e-01	-9.041035933286305226e-02	9.888745170502584447e-02	-1.533652200679905819e-01	1.226450912687495759e-01	-1.075356221050628308e-01	1.057122460043988521e-01	-8.256489307826243851e-02	7.470554450168194471e-02	-6.260878212066968429e-02	1.790339836876806215e-02	-6.131876213362608130e-02	5.015718932436467187e-02	-1.034209318550542295e-01	5.367478627292301269e-02	-1.789367695598311978e-02
8.128650595603943707e-02	-6.424990488554574442e-02	8.438722273120356776e-02	-5.087654459903467874e-02	5.662603354854062881e-02	-5.616610032202398739e-02	6.519088496665431665e-02	-6.646113232284019123e-02	7.417359583827524971e-02	-5.732681717122505710e-02	5.270872035187496030e-02	-7.873490143360487026e-02	9.299370942895848757e-02	-6.842982465444037710e-02	6.697262935968810449e-02	-5.676187290290048842e-02	1.067717039457328626e-01	-1.757348044310216573e-01	2.662536774019921837e-01	-7.667850828784479322e-01	6.847446828108454120e-02	-1.380416926953444701e-01	1.651208762268970009e-01	-3.000650313601169739e-01	9.999999999999991118e-01	-1.221419575729485868e-01	1.239744550857410504e-01	-1.128702048504207356e-01	1.610578482229117758e-01	-3.928686232112918453e-01	8.506028767074857999e-02	-9.382054378067637701e-02	1.491555668146991587e-01	-1.647541363682061277e-01	1.630723367393118461e-01	-1.004584835978369478e-01	8.049785989234858885e-02	-7.340835433486253558e-02	6.534858059461251534e-02	-2.098868452797749556e-02	6.034398244620181595e-02	-4.928950585237475840e-02	1.028638956538846100e-01	-5.573223479181292628e-02	2.095433717907031063e-02
-1.517792278763901159e-01	1.103322860202890776e-01	-1.425500470824389021e-01	7.385653807411293736e-02	-8.493311177369596010e-02	1.191150135978954472e-01	-1.064490813324686508e-01	1.046875568437310444e-01	-9.335210045752348473e-02	5.708256714795369863e-02	-1.172478102696959401e-01	1.188888005834122519e-01	-1.413582146319507515e-01	7.969377693902922333e-02	-6.934881801712941551e-02	1.451678971005176955e-01	-1.617523278819353316e-01	1.953202218151625369e-01	-1.403564984234587087e-01	1.218214821493917854e-01	-2.153321573699591984e-01	1.935891333745862475e-01	-1.839738900349147388e-01	1.384496167051876558e-01	-1.221419575729485868e-01	9.999999999999985567e-01	-6.185481683395053221e-01	2.752459400574612802e-01	-3.458697120072916076e-01	1.954166316856814356e-01	-3.810491890369442913e-01	2.611338983274325565e-01	-3.280496040505315181e-01	1.805728015414654886e-01	-1.317100032969865941e-01	2.606610805088706018e-01	-2.003718917835423940e-01	1.678994681337948602e-01	-1.299380023974983089e-01	3.039681154021369944e-02	-1.353818237431244631e-01	1.102390684858094994e-01	-2.303520815880816808e-01	1.107440791827380699e-01	-3.032884425123549138e-02
1.242336793329817113e-01	-9.567897957979765167e-02	1.204354220660479452e-01	-6.435568838967112293e-02	7.272803879451321396e-02	-9.981296546789336643e-02	9.387872010593072136e-02	-9.358634453247002827e-02	8.396531087105706115e-02	-5.127903638980458451e-02	9.224309265231517285e-02	-1.131747851317170261e-01	1.275322023881207134e-01	-7.323563593222182089e-02	6.143964127896780342e-02	-1.167596698150920181e-01	1.601301742720794008e-01	-2.143636937145789456e-01	1.378951378582277953e-01	-1.289623148424302312e-01	1.409131588882160946e-01	-2.430725552138767731e-01	1.934779428757593123e-01	-1.482749260550182135e-01	1.239744550857410504e-01	-6.185481683395053221e-01	9.999999999999986677e-01	-5.100427092590748002e-01	3.015858976064723085e-01	-2.163980282502780683e-01	2.232482530329581438e-01	-2.644169043101222694e-01	2.804610085463357105e-01	-1.942847392091872627e-01	1.325858277547770636e-01	-2.401285925927462428e-01	1.643217777983854988e-01	-1.469667320688378409e-01	1.067461556207137119e-01	-2.754143124936278900e-02	1.047525223754789125e-01	-8.997111860693685070e-02	1.772561638631453551e-01	-9.477276304614692948e-02	2.716321453035074399e-02
-9.432000015355029854e-02	7.247523679479125902e-02	-9.320638693182345391e-02	5.005035699054585785e-02	-5.681833471723109902e-02	7.069432897633123880e-02	-7.211253197989901664e-02	7.182022204264956744e-02	-6.691682939215277959e-02	4.084750454049588392e-02	-6.607141820529016663e-02	8.662963064492544552e-02	-9.966530164938021408e-02	5.846435462600391153e-02	-4.902372145464767295e-02	7.765381077009954336e-02	-1.244323651725096486e-01	1.805633148571863522e-01	-1.264687047138686737e-01	1.143120770547464971e-01	-9.468564188883302202e-02	1.680579559488115937e-01	-2.163615505962942498e-01	1.398170625557639546e-01	-1.128702048504207356e-01	2.752459400574612802e-01	-5.100427092590748002e-01	9.999999999999993339e-01	-6.383066879950242134e-01	1.983335233816359011e-01	-1.604635352497551515e-01	1.949741576870567261e-01	-4.329471495229320066e-01	1.902661106286284987e-01	-1.306993481549958702e-01	1.775214655984027334e-01	-1.375253960252420249e-01	1.305521305348763261e-01	-9.196390961530750974e-02	2.391457122883539413e-02	-8.532161207989136242e-02	7.360953911196314869e-02	-1.497883065767762201e-01	8.098691148419967512e-02	-2.361857046538656801e-02
1.216197517344391604e-01	-9.370662117859719642e-02	1.208840689865453427e-01	-6.572255863243509078e-02	7.453626841301531913e-02	-9.103852864106047604e-02	9.178109104927924256e-02	-9.236269189493735710e-02	8.528606983349412696e-02	-5.439718616460711975e-02	8.402838319749807161e-02	-1.084409534467875996e-01	1.243203274149128068e-01	-7.495301149847645450e-02	6.507238728508063508e-02	-9.854427042039176632e-02	1.471259747435130216e-01	-2.293215375700350944e-01	1.626663185466082073e-01	-1.683112216342699530e-01	1.170283232755886527e-01	-1.948675055806057266e-01	2.021244556448623664e-01	-1.884747021361476704e-01	1.610578482229117758e-01	-3.458697120072916076e-01	3.015858976064723085e-01	-6.383066879950242134e-01	1.000000000000000000e+00	-3.349275177963225714e-01	1.858969474139189615e-01	-2.221788794550051682e-01	3.020699949507286153e-01	-3.046921272688954963e-01	1.927808871214608255e-01	-2.310278307833882327e-01	1.584784027795853034e-01	-1.500547891216120755e-01	1.150241577051242109e-01	-3.272989663876509081e-02	1.054596910371751739e-01	-9.125247999840842283e-02	1.792644029457007848e-01	-1.030511278913355117e-01	3.215126899907697067e-02
-1.170329899214299918e-01	8.708490834290255611e-02	-1.198853527552844050e-01	6.533508792182515790e-02	-7.607918960118674467e-02	7.654852696215104502e-02	-8.625172099025010808e-02	8.626990851704625929e-02	-8.650796587608043653e-02	5.764591382028983607e-02	-7.314690227206879780e-02	9.676968801439227164e-02	-1.184635081596464162e-01	7.474230543383532377e-02	-7.092918228319217144e-02	7.647396380488541423e-02	-1.276052104452951586e-01	1.770028046369167829e-01	-1.997923935718634580e-01	2.331607817275474503e-01	-9.460811884689507290e-02	1.501646006974666492e-01	-1.739417701013833140e-01	1.766432593756666614e-01	-3.928686232112918453e-01	1.954166316856814356e-01	-2.163980282502780683e-01	1.983335233816359011e-01	-3.349275177963225714e-01	9.999999999999987788e-01	-1.527649155294777683e-01	1.680747458514786630e-01	-3.039184899624048364e-01	3.076669186188688565e-01	-5.695781016156497012e-01	1.718680153341212991e-01	-1.517068167761481123e-01	1.382805776958856703e-01	-1.287442266514069455e-01	4.437534466284697582e-02	-1.145909847071185095e-01	9.222174682136147217e-02	-1.997126451168999284e-01	1.057842192916443602e-01	-4.509357940569864998e-02
9.105601899237864005e-02	-6.725235343714830449e-02	8.925916607450308515e-02	-4.705085234654767662e-02	5.442599106609170151e-02	-6.719949272363893999e-02	6.450909342689345460e-02	-6.437019944984428976e-02	5.731455809568016674e-02	-3.697161823147208232e-02	6.317908401707504618e-02	-7.153540020897937446e-02	8.462558421925445162e-02	-4.924412714447293227e-02	4.491083210124756364e-02	-7.507216397803959107e-02	9.345336086099216566e-02	-1.278156589772547758e-01	8.952907124247558301e-02	-8.761146369474598350e-02	9.270823164008759609e-02	-1.132924454560917116e-01	1.095247902051890154e-01	-9.041035933286305226e-02	8.506028767074857999e-02	-3.810491890369442913e-01	2.232482530329581438e-01	-1.604635352497551515e-01	1.858969474139189615e-01	-1.527649155294777683e-01	9.999999999999980016e-01	-5.967419498714566783e-01	2.528901070832411113e-01	-1.445978635947365865e-01	9.954218590825876511e-02	-5.957851105092588639e-01	2.461517038675241353e-01	-1.887338189731822546e-01	1.214483509484013263e-01	-2.641709895247015827e-02	1.257555579363810183e-01	-1.096878951517899770e-01	2.146087355586999701e-01	-1.067725973156013752e-01	2.614096827771317938e-02
-9.461535648442404023e-02	6.987064908594946278e-02	-9.371656501937630779e-02	4.944364968515231606e-02	-5.732735176717553005e-02	6.687774624318693073e-02	-6.761150464614623656e-02	6.740654813542304447e-02	-6.086285490450239061e-02	3.916290370343795957e-02	-6.330816080412847435e-02	7.538079514513509882e-02	-8.959435817978693428e-02	5.227908589183159066e-02	-4.762600293598608786e-02	7.138262415984661380e-02	-9.967438582228146937e-02	1.365748776101555484e-01	-9.808061352704300351e-02	9.540325903934090968e-02	-8.865417300747019391e-02	1.209602872600906709e-01	-1.210658722392006503e-01	9.888745170502584447e-02	-9.382054378067637701e-02	2.611338983274325565e-01	-2.644169043101222694e-01	1.949741576870567261e-01	-2.221788794550051682e-01	1.680747458514786630e-01	-5.967419498714566783e-01	1.000000000000000000e+00	-4.350864213912900014e-01	1.675714452515358055e-01	-1.170445555562149020e-01	3.203748109466357796e-01	-4.290416433035408317e-01	2.458178463176308726e-01	-1.534874506271471095e-01	3.093941091161822241e-02	-1.542757827958652905e-01	1.329963867552229062e-01	-2.783810781157768366e-01	1.307802745582106740e-01	-3.071521330197574812e-02
1.218460260924376232e-01	-9.239090328507854055e-02	1.214636908913720031e-01	-6.554442262222442972e-02	7.502034927635693740e-02	-8.866001842364232277e-02	8.969354056243750151e-02	-9.018353729906257443e-02	8.214882058926352426e-02	-5.355211585301597466e-02	8.228412885431382606e-02	-1.030184664953992663e-01	1.197373575894918052e-01	-7.156996570314549944e-02	6.443592998978116271e-02	-9.454314796694932022e-02	1.368592393247807515e-01	-2.073431989543857712e-01	1.446218730166005384e-01	-1.561619304852642776e-01	1.131297990237727508e-01	-1.741285290475689806e-01	1.761449519473216041e-01	-1.533652200679905819e-01	1.491555668146991587e-01	-3.280496040505315181e-01	2.804610085463357105e-01	-4.329471495229320066e-01	3.020699949507286153e-01	-3.039184899624048364e-01	2.528901070832411113e-01	-4.350864213912900014e-01	9.999999999999978906e-01	-3.598969452337119623e-01	2.037158043505867822e-01	-3.057170850625841596e-01	2.451583701040599139e-01	-2.868947022228452437e-01	1.541555884123836651e-01	-3.896736159189349152e-02	1.354846385167515765e-01	-1.236176293512061125e-01	2.428128738853343460e-01	-1.410478317218918087e-01	3.814859960408185230e-02
-9.508119195308498139e-02	7.055137901159579117e-02	-9.650469630022857903e-02	5.184004101344126536e-02	-6.036920581657322094e-02	6.338479044456134248e-02	-6.932623504942651838e-02	6.926143541375386070e-02	-6.664710285520826505e-02	4.357259448737299534e-02	-6.027682223313477611e-02	7.757682602301382846e-02	-9.403311580556283911e-02	5.733092636968985939e-02	-5.341455225973271853e-02	6.428272577568923396e-02	-1.022578190243730728e-01	1.422454772390493172e-01	-1.319832489076388782e-01	1.367713033816360391e-01	-7.914380064775393409e-02	1.215264044702141916e-01	-1.343439957545671803e-01	1.226450912687495759e-01	-1.647541363682061277e-01	1.805728015414654886e-01	-1.942847392091872627e-01	1.902661106286284987e-01	-3.046921272688954963e-01	3.076669186188688565e-01	-1.445978635947365865e-01	1.675714452515358055e-01	-3.598969452337119623e-01	9.999999999999982236e-01	-7.215836263724778599e-01	1.640972481384505577e-01	-1.466483419761940021e-01	1.392575619338612680e-01	-1.542933002280175159e-01	4.741064504339947278e-02	-1.027865090170762552e-01	8.511463463884215430e-02	-1.868106738081993790e-01	1.197593860891271872e-01	-4.786263747073353503e-02
