1.000000000000000000e+00	-1.166840010578977516e-01	9.185143032555129206e-02	-9.203933252200577342e-02	7.099493436923057232e-02	-8.184741711881980963e-01	1.185556815654475321e-01	-1.081911701489905314e-01	1.092379541991096437e-01	-2.308553562107869550e-01	2.475079212930748895e-01	-1.769474341897877834e-01	1.492955109562341121e-01	-8.991607224188309655e-02	1.094086753999782974e-01	-2.337568093105680811e-01	1.721024115538087040e-01	-1.840487284721519234e-01	1.477132176917821949e-01	-1.153017839340205325e-01	1.333214856487371924e-01	-1.381989422347607299e-01	1.470790122857068005e-01	-1.197878784024646454e-01	1.319500822293761533e-01	-1.065872550018292370e-01	1.043915260204153206e-01	-1.233421554882994237e-01	1.208842580849612963e-01	-8.137531834447025991e-02	8.941399202197512774e-02	-1.099370473093734674e-01	7.972830485909608578e-02	-8.461599858336166236e-02	1.052948511687399474e-01	-7.099731526261361669e-02	7.359761951894490395e-02	-8.708796101221805142e-02	6.892921058167471304e-02	-6.918784623426324498e-02	1.231155525088317715e-01	-9.671997921879441074e-02	6.809080043378203106e-02	-6.788734431876956854e-02	6.788727510454793668e-02
-1.166840010578977516e-01	1.000000000000000444e+00	-8.612928390158982594e-01	4.010860416606588930e-02	-3.350915229744230034e-02	9.395781804584653341e-02	-3.946351107423047289e-01	2.774920324984042064e-01	-6.865571562249486726e-02	6.453501305745132366e-02	-5.875832276859853376e-02	8.942284642531400651e-02	-8.903725871112505574e-02	5.512935285193300977e-02	-3.537407436707493830e-02	5.178148653340541169e-02	-6.414533582641859799e-02	6.450044762189006964e-02	-4.831247199603731779e-02	3.523411852219771739e-02	-3.489145792705955484e-02	3.513203025320915662e-02	-4.422267846158574323e-02	3.580146909900219082e-02	-3.672370987597346065e-02	2.774792072830419010e-02	-2.817920335348418626e-02	3.397509696388294892e-02	-3.494150202641568143e-02	2.270795211581597833e-02	-2.381891548444364445e-02	2.880409205612643672e-02	-2.156125332610552697e-02	2.300634980701449575e-02	-2.914433709288848443e-02	1.863769315300294049e-02	-1.955059304312159116e-02	2.320667549448453618e-02	-1.879300293348132311e-02	1.868758199130739206e-02	-3.268697062116952823e-02	2.535306113733135081e-02	-1.818698061191251214e-02	1.807896252112185798e-02	-1.836151540596601614e-02
9.185143032555129206e-02	-8.612928390158982594e-01	1.000000000000000444e+00	-4.080660076861579444e-02	3.303209384078194255e-02	-8.338693367416125102e-02	2.745983140216393670e-01	-4.082318031354785215e-01	6.437376810906120239e-02	-6.127294882491190336e-02	5.169955891098980405e-02	-8.236380218980780821e-02	8.134232921463820098e-02	-5.393891848723558757e-02	3.282126950125028447e-02	-4.664942103448647265e-02	5.703505384343840467e-02	-6.019076982641312357e-02	4.410858272536067465e-02	-3.282745641052811636e-02	3.147850451676921513e-02	-3.195229441379485169e-02	4.017859035112154864e-02	-3.280151074987969900e-02	3.352509401257210142e-02	-2.531119161497896383e-02	2.567475003948735401e-02	-3.110393918246748962e-02	3.187243770261313780e-02	-2.075330326734715555e-02	2.168814532945039300e-02	-2.635472447950763797e-02	1.972153225193356771e-02	-2.106771329890002459e-02	2.661146036039101215e-02	-1.703193194611466246e-02	1.784505365163504068e-02	-2.126496414669140633e-02	1.718965559847672117e-02	-1.711039957439775341e-02	2.988104566849034138e-02	-2.324707549422026440e-02	1.664944630173352882e-02	-1.656481255380711642e-02	1.679648615809947731e-02
-9.203933252200577342e-02	4.010860416606588930e-02	-4.080660076861579444e-02	1.000000000000000444e+00	-9.178024025007954778e-01	6.617598289590717608e-02	-4.349833933975711525e-02	4.108351199324831310e-02	-1.111953021763417149e-01	2.310127411215730786e-01	-7.177510900737041344e-02	7.932779846231291510e-02	-9.788638515935030315e-02	7.788968503672806520e-02	-1.266609763176966830e-01	6.207482842679537538e-02	-8.224584997791142826e-02	9.167083879818625769e-02	-1.218594398225368580e-01	9.257330663872935517e-02	-6.200853343967211578e-02	6.086269448715193875e-02	-9.901965579251416349e-02	7.977401505385380009e-02	-1.026213771053939849e-01	5.421386360301858054e-02	-5.935743542256319283e-02	7.247784298899098698e-02	-8.449007030722907596e-02	5.874233856754004779e-02	-5.005605504752902446e-02	5.923653819203376220e-02	-4.901808825108443235e-02	5.346701811679931138e-02	-7.791384506357962314e-02	3.944616677796333043e-02	-4.251397352303220439e-02	5.157037363282530873e-02	-4.510345672735586314e-02	4.477375714524586131e-02	-8.386231076332435752e-02	5.818110469610605906e-02	-4.308464442424782270e-02	4.224041108628841246e-02	-4.487564042823512928e-02
7.099493436923057232e-02	-3.350915229744230034e-02	3.303209384078194255e-02	-9.178024025007954778e-01	1.000000000000000222e+00	-5.196838692585791647e-02	3.483510413215434864e-02	-3.339272184107740238e-02	8.599778339372959879e-02	-3.115116783111842036e-01	5.595238567082824049e-02	-6.376593971993081700e-02	7.660308945990471075e-02	-6.471682367322673102e-02	1.084573986828446801e-01	-4.885540371862211878e-02	6.458071757722139150e-02	-7.348736792661463013e-02	9.621806768530574705e-02	-8.194386426434586979e-02	4.840527054560073844e-02	-4.779128526420497319e-02	7.721702071605267281e-02	-6.318794905197289147e-02	7.916807901743559694e-02	-4.248463380821318469e-02	4.637207598894100419e-02	-5.692163342467936732e-02	6.589095756912927149e-02	-4.557758297848587409e-02	3.904713165644149026e-02	-4.644198912479141628e-02	3.825548514792068144e-02	-4.174209210381327889e-02	6.019276485469328419e-02	-3.082739211505765298e-02	3.315847788520805833e-02	-4.033544399947122661e-02	3.509935165273714991e-02	-3.485634616650589573e-02	6.479154697849510980e-02	-4.537644309919555002e-02	3.352553884348478952e-02	-3.292306788908444526e-02	3.485703765316444658e-02
-8.184741711881980963e-01	9.395781804584653341e-02	-8.338693367416125102e-02	6.617598289590717608e-02	-5.196838692585791647e-02	1.000000000000001110e+00	-1.255581138088514570e-01	9.994444288802481480e-02	-1.031410996027821159e-01	1.630257052055658906e-01	-3.889870014087507544e-01	1.580989039543433394e-01	-1.447259377199820174e-01	8.156457847865526689e-02	-8.935512688116413471e-02	2.177627740836550474e-01	-1.745844569553471337e-01	1.573769378015632547e-01	-1.319684376813930748e-01	9.132528948268575641e-02	-1.276610384218844763e-01	1.199331775169833053e-01	-1.333880316657226062e-01	1.029270060408276344e-01	-1.099003053650930289e-01	9.034582013697080305e-02	-8.978768337718351367e-02	1.027900888896113585e-01	-1.040798710562058083e-01	6.779625281486464927e-02	-7.700945705285761056e-02	9.014763677291906530e-02	-6.578103067667025183e-02	6.919892823643768176e-02	-8.765473080423652474e-02	5.873690387363884879e-02	-6.166187394961420570e-02	7.047940669682183079e-02	-5.675178180886152057e-02	5.629814818880454069e-02	-9.996040423165571120e-02	7.691395240413455292e-02	-5.522530630216942321e-02	5.465989286108934031e-02	-5.556771018471669960e-02
1.185556815654475321e-01	-3.946351107423047289e-01	2.745983140216393670e-01	-4.349833933975711525e-02	3.483510413215434864e-02	-1.255581138088514570e-01	1.000000000000001776e+00	-8.330070306629305810e-01	1.079077211093395078e-01	-8.905340484418552971e-02	8.337748848343229380e-02	-1.741424481715018735e-01	1.438483554707452872e-01	-9.378705693881758676e-02	4.888210239452243228e-02	-7.434438611606282443e-02	9.948158130818154921e-02	-1.010935487047566195e-01	6.809468954169332899e-02	-5.000640582765580183e-02	4.861483072568750785e-02	-4.924057011725207350e-02	6.167765527193563163e-02	-5.049271012229906291e-02	4.911881256072257035e-02	-3.838221051996009575e-02	3.880677311417446429e-02	-4.718066777351108410e-02	4.805856720267158433e-02	-3.076621381304777553e-02	3.266038466128288326e-02	-3.963290584014737827e-02	2.949270395791518326e-02	-3.146285831029327351e-02	3.917173644993569154e-02	-2.553196430344701132e-02	2.672146850728146159e-02	-3.177414729879981387e-02	2.557532398288152320e-02	-2.540406503885197717e-02	4.377599007720538865e-02	-3.442725805069071776e-02	2.468190697924932397e-02	-2.457930520965370680e-02	2.487831936749478057e-02
-1.081911701489905314e-01	2.774920324984042064e-01	-4.082318031354785215e-01	4.108351199324831310e-02	-3.339272184107740238e-02	9.994444288802481480e-02	-8.330070306629305810e-01	1.000000000000001110e+00	-1.208816856612855983e-01	8.042581822696957816e-02	-7.492981551054120337e-02	1.402451647608403684e-01	-1.567345100501443544e-01	9.501653219461719813e-02	-4.542885454854166810e-02	6.559761521656834460e-02	-9.128021452489729071e-02	9.205520954603145511e-02	-6.325968519201610740e-02	4.584589788453121567e-02	-4.412569789354799099e-02	4.440555360154370412e-02	-5.682912671687953554e-02	4.627488714671951220e-02	-4.497430472882303631e-02	3.475252182915269245e-02	-3.532355049984540335e-02	4.293307580964087627e-02	-4.408412060290149703e-02	2.812776795634833182e-02	-2.970364988508313042e-02	3.591647461142723208e-02	-2.684148815309207736e-02	2.863851727794214722e-02	-3.582396803014823577e-02	2.316225681313835785e-02	-2.428813911618777840e-02	2.885041774256296571e-02	-2.330872038766488089e-02	2.312284317439934622e-02	-3.986814296907936067e-02	3.122905082244778474e-02	-2.244612015362019986e-02	2.233457625794591991e-02	-2.266343809847780680e-02
1.092379541991096437e-01	-6.865571562249486726e-02	6.437376810906120239e-02	-1.111953021763417149e-01	8.599778339372959879e-02	-1.031410996027821159e-01	1.079077211093395078e-01	-1.208816856612855983e-01	1.000000000000001332e+00	-2.195639299041822756e-01	1.117859511617060042e-01	-2.632956202833235393e-01	2.766399828874324673e-01	-8.392136334913714579e-01	1.213989054070050561e-01	-1.095485712891509367e-01	1.554737365260346615e-01	-2.078010207618683769e-01	1.390870172235854629e-01	-1.198281376811217575e-01	8.178947398083262488e-02	-8.547591636866867792e-02	1.160413750888260598e-01	-1.006370335087758972e-01	9.436060200440968271e-02	-6.955136098986509918e-02	7.134742532598857545e-02	-9.008664410618116847e-02	9.231027643677029715e-02	-5.928135671454658195e-02	5.952546633387292840e-02	-7.384546380233486529e-02	5.594160631436670417e-02	-6.033621872605748199e-02	7.493071362458755824e-02	-4.733576524291090160e-02	4.952365179634437425e-02	-6.051538185024250838e-02	4.884428731923802502e-02	-4.864487522620132565e-02	8.291961841699549418e-02	-6.559960795165059588e-02	4.698472969075086214e-02	-4.694801477237345311e-02	4.745126531847843748e-02
-2.308553562107869550e-01	6.453501305745132366e-02	-6.127294882491190336e-02	2.310127411215730786e-01	-3.115116783111842036e-01	1.630257052055658906e-01	-8.905340484418552971e-02	8.042581822696957816e-02	-2.195639299041822756e-01	1.000000000000000888e+00	-1.809023091902912661e-01	1.847201016276921459e-01	-2.311580145529031349e-01	1.553309983634937053e-01	-4.581860132313598788e-01	1.554271582553518050e-01	-2.060929599611532326e-01	2.289380062025367091e-01	-3.354159594939826183e-01	2.705321162941747848e-01	-1.601515896008096351e-01	1.568380357348757304e-01	-2.612861703365349508e-01	2.119182118625839994e-01	-2.697860649809872280e-01	1.402240575647859255e-01	-1.544606004829224832e-01	1.891662916279198969e-01	-2.235578804512851903e-01	1.542261131216131897e-01	-1.298337305878785597e-01	1.533621088753389927e-01	-1.276890132345255002e-01	1.394663114591255249e-01	-2.041007254807828408e-01	1.021545011109173395e-01	-1.102829542638011778e-01	1.339522589573154121e-01	-1.177441167288554441e-01	1.166729424579965868e-01	-2.177853190495618319e-01	1.507705816874141402e-01	-1.120172464242270849e-01	1.097732670033691599e-01	-1.169540990529145952e-01
2.475079212930748895e-01	-5.875832276859853376e-02	5.169955891098980405e-02	-7.177510900737041344e-02	5.595238567082824049e-02	-3.889870014087507544e-01	8.337748848343229380e-02	-7.492981551054120337e-02	1.117859511617060042e-01	-1.809023091902912661e-01	1.000000000000000666e+00	-2.676227385369570055e-01	1.745912832593277120e-01	-9.469227423056093829e-02	9.709572928364612610e-02	-7.308358750971396534e-01	2.612022551828886430e-01	-2.334496778978374099e-01	1.485700452909902436e-01	-1.052231591027539825e-01	1.916832506458503727e-01	-1.924730243362111071e-01	1.551125164883410956e-01	-1.229570972387964006e-01	1.108247450323172900e-01	-1.213345919279898988e-01	1.095205923761872896e-01	-1.232967423102292043e-01	1.162177703422722225e-01	-7.170034671284496175e-02	9.254239453150357730e-02	-1.085431900997896049e-01	7.374235923288555150e-02	-7.647053294998790163e-02	9.011387209435851864e-02	-6.954268353020708060e-02	7.129740475378157361e-02	-7.926993684001114315e-02	6.153926328161502673e-02	-6.068766935290364345e-02	1.020364537340315986e-01	-8.311012719144103555e-02	5.948001766507457488e-02	-5.911886057360237617e-02	5.921159411768339709e-02
-1.769474341897877834e-01	8.942284642531400651e-02	-8.236380218980780821e-02	7.932779846231291510e-02	-6.376593971993081700e-02	1.580989039543433394e-01	-1.741424481715018735e-01	1.402451647608403684e-01	-2.632956202833235393e-01	1.847201016276921459e-01	-2.676227385369570055e-01	9.999999999999986677e-01	-6.213610918134212513e-01	2.105243186888255680e-01	-1.144529809353275196e-01	2.220744027857128322e-01	-5.246879955827150610e-01	2.915686785581924068e-01	-1.811661093950091006e-01	1.169835568113229279e-01	-1.319075767468715354e-01	1.285640343535419672e-01	-1.609375870184985846e-01	1.273949180462698172e-01	-1.118268176277917997e-01	9.397150023981555578e-02	-9.480892582508702870e-02	1.140806302734965333e-01	-1.175487027211931518e-01	7.144513628638521352e-02	-7.899787659974109866e-02	9.361284114042045523e-02	-6.909249374622949968e-02	7.320871437050779917e-02	-8.977131975696209243e-02	6.017319507948074020e-02	-6.312737817588645606e-02	7.358784272156605744e-02	-5.933587559593058586e-02	5.832721282356617687e-02	-9.802078151468149314e-02	7.780511711007920272e-02	-5.641842062981385075e-02	5.607236045948457009e-02	-5.704528420748778555e-02
1.492955109562341121e-01	-8.903725871112505574e-02	8.134232921463820098e-02	-9.788638515935030315e-02	7.660308945990471075e-02	-1.447259377199820174e-01	1.438483554707452872e-01	-1.567345100501443544e-01	2.766399828874324673e-01	-2.311580145529031349e-01	1.745912832593277120e-01	-6.213610918134212513e-01	1.000000000000001332e+00	-4.224716169783298558e-01	1.289298645024780365e-01	-1.744744479620047861e-01	2.735052980489783292e-01	-4.010817493517821464e-01	1.880345857376001795e-01	-1.384075323073410135e-01	1.165897282456513362e-01	-1.219661325965524928e-01	1.611824221004539148e-01	-1.369111884446461425e-01	1.178122372667383816e-01	-9.436764413583020872e-02	9.560014085582922705e-02	-1.206970678009285924e-01	1.215378187385911801e-01	-7.558095460640303076e-02	7.932222434713805115e-02	-9.784088303787048801e-02	7.287737093275753475e-02	-7.813351722471204019e-02	9.454341446659790538e-02	-6.239827828830190465e-02	6.506375489963386882e-02	-7.866176957819524806e-02	6.287581389458229975e-02	-6.234592057683512739e-02	1.043037454441170381e-01	-8.390685905739128647e-02	6.018981391523062913e-02	-6.017910275188372016e-02	6.062437372752052522e-02
-8.991607224188309655e-02	5.512935285193300977e-02	-5.393891848723558757e-02	7.788968503672806520e-02	-6.471682367322673102e-02	8.156457847865526689e-02	-9.378705693881758676e-02	9.501653219461719813e-02	-8.392136334913714579e-01	1.553309983634937053e-01	-9.469227423056093829e-02	2.105243186888255680e-01	-4.224716169783298558e-01	9.999999999999990008e-01	-1.105205346563834928e-01	8.938581590519195652e-02	-1.362287941323786222e-01	1.674688908530449771e-01	-1.217364431968442073e-01	9.894861180016507884e-02	-6.693185486495659142e-02	6.878522765236308456e-02	-9.665687995171391711e-02	8.255451857993464926e-02	-7.511924206450562580e-02	5.526743374848063634e-02	-5.711730981229705406e-02	7.182730416820211350e-02	-7.517834784509971890e-02	4.725412380380126370e-02	-4.744881741475241027e-02	5.817291517695229175e-02	-4.428902039550329517e-02	4.768750863409394747e-02	-5.956714036726116351e-02	3.733453199472817202e-02	-3.920075902233476073e-02	4.755286057864510640e-02	-3.867855697900357548e-02	3.831563415587030397e-02	-6.502595409339088917e-02	5.114677452553405973e-02	-3.691376601626805698e-02	3.680521161965889798e-02	-3.742999328440546614e-02
1.094086753999782974e-01	-3.537407436707493830e-02	3.282126950125028447e-02	-1.266609763176966830e-01	1.084573986828446801e-01	-8.935512688116413471e-02	4.888210239452243228e-02	-4.542885454854166810e-02	1.213989054070050561e-01	-4.581860132313598788e-01	9.709572928364612610e-02	-1.144529809353275196e-01	1.289298645024780365e-01	-1.105205346563834928e-01	9.999999999999993339e-01	-9.130910235187103541e-02	1.199222956438388971e-01	-1.681499714981689597e-01	2.492764202684046027e-01	-7.793504322424951170e-01	9.104148459237909607e-02	-9.547780516780310367e-02	1.529743508276782404e-01	-1.602918268124645662e-01	1.366970344323751863e-01	-8.365348391773412551e-02	8.978411494679816585e-02	-1.192194864538718008e-01	1.316242622573699783e-01	-8.503008820881238772e-02	7.366002976932414792e-02	-9.204809440849366642e-02	7.356694889372770996e-02	-8.139643614134603467e-02	1.042231718584264444e-01	-5.898398024383798982e-02	6.238324926438037349e-02	-7.887025358198061775e-02	6.577458107364048123e-02	-6.537347171531183998e-02	1.094344467849906466e-01	-8.496007719697047655e-02	6.186877160494481942e-02	-6.190157311576156146e-02	6.350923080416365218e-02
-2.337568093105680811e-01	5.178148653340541169e-02	-4.664942103448647265e-02	6.207482842679537538e-02	-4.885540371862211878e-02	2.177627740836550474e-01	-7.434438611606282443e-02	6.559761521656834460e-02	-1.095485712891509367e-01	1.554271582553518050e-01	-7.308358750971396534e-01	2.220744027857128322e-01	-1.744744479620047861e-01	8.938581590519195652e-02	-9.130910235187103541e-02	9.999999999999983347e-01	-4.236572260273195334e-01	2.219960133239109734e-01	-1.509348734226538813e-01	9.656420737613403971e-02	-2.845149910503557145e-01	1.973435718681811335e-01	-1.624807689237562636e-01	1.204047528022967051e-01	-1.053734011071790627e-01	1.228399530563326209e-01	-1.115421609336167963e-01	1.186072329709625117e-01	-1.144787395129052143e-01	6.838346356227124889e-02	-9.497633910958869219e-02	1.041738906502019113e-01	-7.049983336065475392e-02	7.231976347411928074e-02	-8.581402680913349790e-02	6.746855333603329896e-02	-6.999054931350648379e-02	7.459297158036952424e-02	-5.846420672798808421e-02	5.710913492346227083e-02	-9.597623253853101999e-02	7.730400990058078348e-02	-5.598924503752186754e-02	5.533058699530308405e-02	-5.595731894084244457e-02
1.721024115538087040e-01	-6.414533582641859799e-02	5.703505384343840467e-02	-8.224584997791142826e-02	6.458071757722139150e-02	-1.745844569553471337e-01	9.948158130818154921e-02	-9.128021452489729071e-02	1.554737365260346615e-01	-2.060929599611532326e-01	2.612022551828886430e-01	-5.246879955827150610e-01	2.735052980489783292e-01	-1.362287941323786222e-01	1.199222956438388971e-01	-4.236572260273195334e-01	9.999999999999982236e-01	-5.582630019255937492e-01	2.066439762336078900e-01	-1.339056435825573821e-01	1.643630274511735101e-01	-1.726739297049668942e-01	1.856877284902086200e-01	-1.530413802767395526e-01	1.208804206658485730e-01	-1.132222114923714246e-01	1.102002803536831360e-01	-1.340629260562113123e-01	1.321172133621300593e-01	-7.911283324476019174e-02	9.102161695136486153e-02	-1.090045603063271723e-01	7.835895393991849922e-02	-8.286495051172308723e-02	9.797736575486205857e-02	-6.940779171436048389e-02	7.202939775314148863e-02	-8.391715424665543988e-02	6.639993333795912722e-02	-6.531864064577715123e-02	1.075280368755974769e-01	-8.750752610336892667e-02	6.314517671836580859e-02	-6.297588633777922995e-02	6.345152008496982021e-02
-1.840487284721519234e-01	6.450044762189006964e-02	-6.019076982641312357e-02	9.167083879818625769e-02	-7.348736792661463013e-02	1.573769378015632547e-01	-1.010935487047566195e-01	9.205520954603145511e-02	-2.078010207618683769e-01	2.289380062025367091e-01	-2.334496778978374099e-01	2.915686785581924068e-01	-4.010817493517821464e-01	1.674688908530449771e-01	-1.681499714981689597e-01	2.219960133239109734e-01	-5.582630019255937492e-01	9.999999999999990008e-01	-4.237126010675615895e-01	1.781529564268117261e-01	-1.672570457376266473e-01	1.688050683870672142e-01	-3.055843477732687608e-01	2.217528002674992449e-01	-1.525055629727671280e-01	1.249151915448852151e-01	-1.312619534163566304e-01	1.693571144812438534e-01	-1.827164569197945732e-01	1.008733121432197344e-01	-1.055309811966184397e-01	1.267565140491180298e-01	-9.630876758995091103e-02	1.027327359155960768e-01	-1.232782459059139080e-01	8.042663599917847239e-02	-8.467531400183504753e-02	1.012292022399254310e-01	-8.252326217803039599e-02	8.004192717743544017e-02	-1.287078256872310478e-01	1.036843944847664206e-01	-7.635223990732767363e-02	7.599292948141977977e-02	-7.782131870234382243e-02
1.477132176917821949e-01	-4.831247199603731779e-02	4.410858272536067465e-02	-1.218594398225368580e-01	9.621806768530574705e-02	-1.319684376813930748e-01	6.809468954169332899e-02	-6.325968519201610740e-02	1.390870172235854629e-01	-3.354159594939826183e-01	1.485700452909902436e-01	-1.811661093950091006e-01	1.880345857376001795e-01	-1.217364431968442073e-01	2.492764202684046027e-01	-1.509348734226538813e-01	2.066439762336078900e-01	-4.237126010675615895e-01	9.999999999999992228e-01	-4.241323845806678761e-01	1.496070391796573140e-01	-1.675518681869478110e-01	2.816307648991686063e-01	-5.155780607028603857e-01	1.840703074581367116e-01	-1.386739271955935437e-01	1.479651055426201844e-01	-2.179255230373738084e-01	2.391175169804129752e-01	-1.300745831152288201e-01	1.167196705263195550e-01	-1.505682917194876569e-01	1.179627529990367740e-01	-1.326580619015365892e-01	1.492851239929092466e-01	-9.331603793178086526e-02	9.748283016456819883e-02	-1.262890720654405163e-01	1.025576472324144645e-01	-1.003675301901410521e-01	1.526267996738710497e-01	-1.275146682754422778e-01	9.337072686138618571e-02	-9.438130111924433741e-02	9.530057743263342651e-02
-1.153017839340205325e-01	3.523411852219771739e-02	-3.282745641052811636e-02	9.257330663872935517e-02	-8.194386426434586979e-02	9.132528948268575641e-02	-5.000640582765580183e-02	4.584589788453121567e-02	-1.198281376811217575e-01	2.705321162941747848e-01	-1.052231591027539825e-01	1.169835568113229279e-01	-1.384075323073410135e-01	9.894861180016507884e-02	-7.793504322424951170e-01	9.656420737613403971e-02	-1.339056435825573821e-01	1.781529564268117261e-01	-4.241323845806678761e-01	1.000000000000001998e+00	-9.963551961362164533e-02	1.026726925719584904e-01	-1.810798281114568975e-01	1.827299058967726819e-01	-1.525365774857551093e-01	8.840290164311528920e-02	-9.671807347104104113e-02	1.282740643520108303e-01	-1.533376158366913655e-01	9.281026105168853346e-02	-7.814702075967573658e-02	9.609986144575052847e-02	-7.799891151876248152e-02	8.619669402750809728e-02	-1.125404973070445874e-01	6.160460395312582910e-02	-6.553130097591441938e-02	8.226103846700065503e-02	-7.004463037205406473e-02	6.873190564772702071e-02	-1.127866480013079015e-01	8.718296651550520859e-02	-6.450447149473514941e-02	6.433000289096169055e-02	-6.689070516310874348e-02
1.333214856487371924e-01	-3.489145792705955484e-02	3.147850451676921513e-02	-6.200853343967211578e-02	4.840527054560073844e-02	-1.276610384218844763e-01	4.861483072568750785e-02	-4.412569789354799099e-02	8.178947398083262488e-02	-1.601515896008096351e-01	1.916832506458503727e-01	-1.319075767468715354e-01	1.165897282456513362e-01	-6.693185486495659142e-02	9.104148459237909607e-02	-2.845149910503557145e-01	1.643630274511735101e-01	-1.672570457376266473e-01	1.496070391796573140e-01	-9.963551961362164533e-02	9.999999999999995559e-01	-7.728877685962427524e-01	2.364418321318695060e-01	-1.660574896092460728e-01	1.275598207512166071e-01	-3.376197458920290329e-01	2.142526524966432422e-01	-1.913447306689223248e-01	1.574008404674621386e-01	-8.779942553609504374e-02	1.813538395237559719e-01	-1.837437713490912561e-01	1.037142109796875405e-01	-9.988830386459951471e-02	1.076932095032573505e-01	-1.189776401472931178e-01	1.180163852361389570e-01	-1.083764017081475933e-01	7.944981183019411697e-02	-7.624248334098540636e-02	1.236810258485440267e-01	-1.052349839973992229e-01	7.630191183117231157e-02	-7.470209444060327275e-02	7.444791444830645144e-02
-1.381989422347607299e-01	3.513203025320915662e-02	-3.195229441379485169e-02	6.086269448715193875e-02	-4.779128526420497319e-02	1.199331775169833053e-01	-4.924057011725207350e-02	4.440555360154370412e-02	-8.547591636866867792e-02	1.568380357348757304e-01	-1.924730243362111071e-01	1.285640343535419672e-01	-1.219661325965524928e-01	6.878522765236308456e-02	-9.547780516780310367e-02	1.973435718681811335e-01	-1.726739297049668942e-01	1.688050683870672142e-01	-1.675518681869478110e-01	1.026726925719584904e-01	-7.728877685962427524e-01	9.999999999999964473e-01	-3.750612493070417108e-01	1.830959413412336090e-01	-1.360972090309598703e-01	2.320234339156195258e-01	-2.505741948950487852e-01	1.970950216566721147e-01	-1.769319932962020725e-01	9.340662792142746806e-02	-1.808271354356908722e-01	1.754438195006143841e-01	-1.068469495075628217e-01	1.029158870717007956e-01	-1.144710373793414171e-01	1.125764748844927665e-01	-1.195888311722464181e-01	1.085691939188265648e-01	-8.274920682441792852e-02	7.846424088791245643e-02	-1.276826550219806733e-01	1.055126752685550950e-01	-7.796358880406807634e-02	7.593131256994273270e-02	-7.710520117965170839e-02
1.470790122857068005e-01	-4.422267846158574323e-02	4.017859035112154864e-02	-9.901965579251416349e-02	7.721702071605267281e-02	-1.333880316657226062e-01	6.167765527193563163e-02	-5.682912671687953554e-02	1.160413750888260598e-01	-2.612861703365349508e-01	1.551125164883410956e-01	-1.609375870184985846e-01	1.611824221004539148e-01	-9.665687995171391711e-02	1.529743508276782404e-01	-1.624807689237562636e-01	1.856877284902086200e-01	-3.055843477732687608e-01	2.816307648991686063e-01	-1.810798281114568975e-01	2.364418321318695060e-01	-3.750612493070417108e-01	9.999999999999967804e-01	-5.542088071836190899e-01	1.968966599839898080e-01	-2.078008079101332783e-01	2.196954918718080074e-01	-3.952672812590110052e-01	2.918978712281710131e-01	-1.461755014125618035e-01	1.605507065107885378e-01	-2.095877274686445413e-01	1.545736088058320412e-01	-1.603318202512629131e-01	1.666152816077069165e-01	-1.250483466345043981e-01	1.284460193336705025e-01	-1.622617705433018753e-01	1.225293946917804522e-01	-1.173243911086570557e-01	1.715416567239890222e-01	-1.490883938398739061e-01	1.109795101092435343e-01	-1.112107971030377729e-01	1.113521735697914627e-01
-1.197878784024646454e-01	3.580146909900219082e-02	-3.280151074987969900e-02	7.977401505385380009e-02	-6.318794905197289147e-02	1.029270060408276344e-01	-5.049271012229906291e-02	4.627488714671951220e-02	-1.006370335087758972e-01	2.119182118625839994e-01	-1.229570972387964006e-01	1.273949180462698172e-01	-1.369111884446461425e-01	8.255451857993464926e-02	-1.602918268124645662e-01	1.204047528022967051e-01	-1.530413802767395526e-01	2.217528002674992449e-01	-5.155780607028603857e-01	1.827299058967726819e-01	-1.660574896092460728e-01	1.830959413412336090e-01	-5.542088071836190899e-01	9.999999999999990008e-01	-2.013452687053857992e-01	1.455968801091288567e-01	-1.687674878712110971e-01	2.635778145372665859e-01	-4.820556949781927281e-01	1.515999616725541843e-01	-1.224033637385803924e-01	1.550201299313085368e-01	-1.296481869139406717e-01	1.474054228111426057e-01	-1.642008754811203342e-01	9.452001928579613355e-02	-9.996393025492610052e-02	1.308356887952145664e-01	-1.140165910167724173e-01	1.045028872400386166e-01	-1.442280917163237808e-01	1.225823459844192637e-01	-9.432382826217675098e-02	9.476500310998572929e-02	-9.909768971309206032e-02
1.319500822293761533e-01	-3.672370987597346065e-02	3.352509401257210142e-02	-1.026213771053939849e-01	7.916807901743559694e-02	-1.099003053650930289e-01	4.911881256072257035e-02	-4.497430472882303631e-02	9.436060200440968271e-02	-2.697860649809872280e-01	1.108247450323172900e-01	-1.118268176277917997e-01	1.178122372667383816e-01	-7.511924206450562580e-02	1.366970344323751863e-01	-1.053734011071790627e-01	1.208804206658485730e-01	-1.525055629727671280e-01	1.840703074581367116e-01	-1.525365774857551093e-01	1.275598207512166071e-01	-1.360972090309598703e-01	1.968966599839898080e-01	-2.013452687053857992e-01	9.999999999999981126e-01	-1.497977493435899699e-01	1.604592641998276170e-01	-2.283496819479607365e-01	2.427301864366723516e-01	-5.788941592559887495e-01	1.352120030336096401e-01	-1.851283355761742799e-01	1.654246925488103426e-01	-2.134240840269752137e-01	3.192223647378181761e-01	-1.193604934425942371e-01	1.255475292059294867e-01	-1.916524881430868577e-01	1.645173575984550940e-01	-1.919198287773643818e-01	2.370877668278396633e-01	-2.280662629494063232e-01	1.550746579973567574e-01	-1.692357239103675082e-01	1.627378762373650756e-01
-1.065872550018292370e-01	2.774792072830419010e-02	-2.531119161497896383e-02	5.421386360301858054e-02	-4.248463380821318469e-02	9.034582013697080305e-02	-3.838221051996009575e-02	3.475252182915269245e-02	-6.955136098986509918e-02	1.402240575647859255e-01	-1.213345919279898988e-01	9.397150023981555578e-02	-9.436764413583020872e-02	5.526743374848063634e-02	-8.365348391773412551e-02	1.228399530563326209e-01	-1.132222114923714246e-01	1.249151915448852151e-01	-1.386739271955935437e-01	8.840290164311528920e-02	-3.376197458920290329e-01	2.320234339156195258e-01	-2.078008079101332783e-01	1.455968801091288567e-01	-1.497977493435899699e-01	1.000000000000000666e+00	-5.342122746375561615e-01	2.308940222812049248e-01	-1.943060167854147313e-01	1.030398337010529075e-01	-5.901156138010403840e-01	2.968562989158713417e-01	-1.414802143870385331e-01	1.220202252584678543e-01	-1.297757395325876140e-01	2.210548114549288901e-01	-2.314075243636360968e-01	1.387798685051717384e-01	-9.983845515276149052e-02	9.291464142620362021e-02	-1.639473113557009532e-01	1.352835848184293643e-01	-9.857541858959660563e-02	9.271509054379699355e-02	-9.347895442945475253e-02
1.043915260204153206e-01	-2.817920335348418626e-02	2.567475003948735401e-02	-5.935743542256319283e-02	4.637207598894100419e-02	-8.978768337718351367e-02	3.880677311417446429e-02	-3.532355049984540335e-02	7.134742532598857545e-02	-1.544606004829224832e-01	1.095205923761872896e-01	-9.480892582508702870e-02	9.560014085582922705e-02	-5.711730981229705406e-02	8.978411494679816585e-02	-1.115421609336167963e-01	1.102002803536831360e-01	-1.312619534163566304e-01	1.479651055426201844e-01	-9.671807347104104113e-02	2.142526524966432422e-01	-2.505741948950487852e-01	2.196954918718080074e-01	-1.687674878712110971e-01	1.604592641998276170e-01	-5.342122746375561615e-01	9.999999999999970024e-01	-4.657572401974493514e-01	2.299009429936379190e-01	-1.172874403626758405e-01	2.824651138916721704e-01	-5.084076965188574215e-01	1.770754977714807943e-01	-1.475094846891435718e-01	1.420308290278622931e-01	-2.037886315010139227e-01	2.050159413659851104e-01	-1.730083049604433931e-01	1.150752319629621406e-01	-1.064181523801105006e-01	1.661070790535182362e-01	-1.467214845487549157e-01	1.095929223494883226e-01	-1.049817641329251067e-01	1.042324517278482299e-01
-1.233421554882994237e-01	3.397509696388294892e-02	-3.110393918246748962e-02	7.247784298899098698e-02	-5.692163342467936732e-02	1.027900888896113585e-01	-4.718066777351108410e-02	4.293307580964087627e-02	-9.008664410618116847e-02	1.891662916279198969e-01	-1.232967423102292043e-01	1.140806302734965333e-01	-1.206970678009285924e-01	7.182730416820211350e-02	-1.192194864538718008e-01	1.186072329709625117e-01	-1.340629260562113123e-01	1.693571144812438534e-01	-2.179255230373738084e-01	1.282740643520108303e-01	-1.913447306689223248e-01	1.970950216566721147e-01	-3.952672812590110052e-01	2.635778145372665859e-01	-2.283496819479607365e-01	2.308940222812049248e-01	-4.657572401974493514e-01	9.999999999999971134e-01	-5.633879497893585775e-01	1.782322324596849472e-01	-1.974718910868886179e-01	2.497668407689367098e-01	-2.614981791955440227e-01	1.997700043718874385e-01	-2.070325797507719390e-01	1.419519025604564499e-01	-1.562600326963461961e-01	2.034998628164825796e-01	-1.584904743440793684e-01	1.376270157065992428e-01	-1.906157855726121619e-01	1.602549251872802949e-01	-1.322859013237632497e-01	1.269661662199661201e-01	-1.348957176268199554e-01
1.208842580849612963e-01	-3.494150202641568143e-02	3.187243770261313780e-02	-8.449007030722907596e-02	6.589095756912927149e-02	-1.040798710562058083e-01	4.805856720267158433e-02	-4.408412060290149703e-02	9.231027643677029715e-02	-2.235578804512851903e-01	1.162177703422722225e-01	-1.175487027211931518e-01	1.215378187385911801e-01	-7.517834784509971890e-02	1.316242622573699783e-01	-1.144787395129052143e-01	1.321172133621300593e-01	-1.827164569197945732e-01	2.391175169804129752e-01	-1.533376158366913655e-01	1.574008404674621386e-01	-1.769319932962020725e-01	2.918978712281710131e-01	-4.820556949781927281e-01	2.427301864366723516e-01	-1.943060167854147313e-01	2.299009429936379190e-01	-5.633879497893585775e-01	1.000000000000002887e+00	-2.858680979801252464e-01	1.572766635909015054e-01	-2.229044326228145356e-01	1.973280221768194675e-01	-2.777113942791729628e-01	2.304154354569320218e-01	-1.276290526572923245e-01	1.332843445594375231e-01	-1.998163010112438964e-01	1.748077946015305639e-01	-1.583439137587484835e-01	1.855796662583453494e-01	-1.685457150255548209e-01	1.330813955339986976e-01	-1.370642703171468246e-01	1.414121266788499476e-01
-8.137531834447025991e-02	2.270795211581597833e-02	-2.075330326734715555e-02	5.874233856754004779e-02	-4.557758297848587409e-02	6.779625281486464927e-02	-3.076621381304777553e-02	2.812776795634833182e-02	-5.928135671454658195e-02	1.542261131216131897e-01	-7.170034671284496175e-02	7.144513628638521352e-02	-7.558095460640303076e-02	4.725412380380126370e-02	-8.503008820881238772e-02	6.838346356227124889e-02	-7.911283324476019174e-02	1.008733121432197344e-01	-1.300745831152288201e-01	9.281026105168853346e-02	-8.779942553609504374e-02	9.340662792142746806e-02	-1.461755014125618035e-01	1.515999616725541843e-01	-5.788941592559887495e-01	1.030398337010529075e-01	-1.172874403626758405e-01	1.782322324596849472e-01	-2.858680979801252464e-01	9.999999999999951150e-01	-9.281320129073551695e-02	1.256364735239696717e-01	-1.246314561306999108e-01	1.678122104806425985e-01	-6.792053926885858184e-01	7.932024637558036939e-02	-8.465212887065511060e-02	1.334927706117883806e-01	-1.395767377130543996e-01	1.618594607444092948e-01	-1.512492913085894952e-01	1.414931646581021329e-01	-1.100580390496663508e-01	1.187889065758689910e-01	-1.365669391040417180e-01
8.941399202197512774e-02	-2.381891548444364445e-02	2.168814532945039300e-02	-5.005605504752902446e-02	3.904713165644149026e-02	-7.700945705285761056e-02	3.266038466128288326e-02	-2.970364988508313042e-02	5.952546633387292840e-02	-1.298337305878785597e-01	9.254239453150357730e-02	-7.899787659974109866e-02	7.932222434713805115e-02	-4.744881741475241027e-02	7.366002976932414792e-02	-9.497633910958869219e-02	9.102161695136486153e-02	-1.055309811966184397e-01	1.167196705263195550e-01	-7.814702075967573658e-02	1.813538395237559719e-01	-1.808271354356908722e-01	1.605507065107885378e-01	-1.224033637385803924e-01	1.352120030336096401e-01	-5.901156138010403840e-01	2.824651138916721704e-01	-1.974718910868886179e-01	1.572766635909015054e-01	-9.281320129073551695e-02	9.999999999999945599e-01	-4.685252431625139269e-01	1.479611267592405577e-01	-1.222108185918885787e-01	1.186206120056961105e-01	-4.782878807138729038e-01	2.855837153768481795e-01	-1.543067869592464336e-01	9.821350897789953016e-02	-9.282308860125462746e-02	1.664329531445148391e-01	-1.510197069719914909e-01	1.032432848390368307e-01	-9.683933961549025249e-02	9.296623721005675689e-02
-1.099370473093734674e-01	2.880409205612643672e-02	-2.635472447950763797e-02	5.923653819203376220e-02	-4.644198912479141628e-02	9.014763677291906530e-02	-3.963290584014737827e-02	3.591647461142723208e-02	-7.384546380233486529e-02	1.533621088753389927e-01	-1.085431900997896049e-01	9.361284114042045523e-02	-9.784088303787048801e-02	5.817291517695229175e-02	-9.204809440849366642e-02	1.041738906502019113e-01	-1.090045603063271723e-01	1.267565140491180298e-01	-1.505682917194876569e-01	9.609986144575052847e-02	-1.837437713490912561e-01	1.754438195006143841e-01	-2.095877274686445413e-01	1.550201299313085368e-01	-1.851283355761742799e-01	2.968562989158713417e-01	-5.084076965188574215e-01	2.497668407689367098e-01	-2.229044326228145356e-01	1.256364735239696717e-01	-4.685252431625139269e-01	9.999999999999995559e-01	-2.637342854420424709e-01	1.662891813296312193e-01	-1.637265682680901502e-01	2.796792352816854788e-01	-4.440487293697369942e-01	2.069938006468139691e-01	-1.376864068950019171e-01	1.229162661546656099e-01	-2.169072769722982519e-01	1.808588870660269854e-01	-1.377388104132715729e-01	1.244390362940615696e-01	-1.263699274762912217e-01
7.972830485909608578e-02	-2.156125332610552697e-02	1.972153225193356771e-02	-4.901808825108443235e-02	3.825548514792068144e-02	-6.578103067667025183e-02	2.949270395791518326e-02	-2.684148815309207736e-02	5.594160631436670417e-02	-1.276890132345255002e-01	7.374235923288555150e-02	-6.909249374622949968e-02	7.287737093275753475e-02	-4.428902039550329517e-02	7.356694889372770996e-02	-7.049983336065475392e-02	7.835895393991849922e-02	-9.630876758995091103e-02	1.179627529990367740e-01	-7.799891151876248152e-02	1.037142109796875405e-01	-1.068469495075628217e-01	1.545736088058320412e-01	-1.296481869139406717e-01	1.654246925488103426e-01	-1.414802143870385331e-01	1.770754977714807943e-01	-2.614981791955440227e-01	1.973280221768194675e-01	-1.246314561306999108e-01	1.479611267592405577e-01	-2.637342854420424709e-01	9.999999999999960032e-01	-4.004190592478805710e-01	1.663454341518025847e-01	-1.273732335896915757e-01	1.500096103878146570e-01	-7.489018274822075716e-01	2.307694441258653084e-01	-1.799855318798025683e-01	1.841424027008937425e-01	-1.904096377660316475e-01	1.965595282076367245e-01	-1.801786831373271003e-01	1.680581868022548997e-01
-8.461599858336166236e-02	2.300634980701449575e-02	-2.106771329890002459e-02	5.346701811679931138e-02	-4.174209210381327889e-02	6.919892823643768176e-02	-3.146285831029327351e-02	2.863851727794214722e-02	-6.033621872605748199e-02	1.394663114591255249e-01	-7.647053294998790163e-02	7.320871437050779917e-02	-7.813351722471204019e-02	4.768750863409394747e-02	-8.139643614134603467e-02	7.231976347411928074e-02	-8.286495051172308723e-02	1.027327359155960768e-01	-1.326580619015365892e-01	8.619669402750809728e-02	-9.988830386459951471e-02	1.029158870717007956e-01	-1.603318202512629131e-01	1.474054228111426057e-01	-2.134240840269752137e-01	1.220202252584678543e-01	-1.475094846891435718e-01	1.997700043718874385e-01	-2.777113942791729628e-01	1.678122104806425985e-01	-1.222108185918885787e-01	1.662891813296312193e-01	-4.004190592478805710e-01	9.999999999999958922e-01	-2.585570028557007682e-01	1.032396839504367975e-01	-1.180868218426198851e-01	2.682221548170854453e-01	-6.688155555065506963e-01	2.706555499603136017e-01	-2.081839090364264455e-01	1.840419476219539996e-01	-1.964589844897248194e-01	1.960219309718091996e-01	-2.594837270121104766e-01
