1.000000000000000222e+00	-5.960778670529603973e-01	2.563052995486920227e-01	-1.700200025168851492e-01	1.549542947234751611e-01	-5.142361476745909155e-01	3.004269371197008098e-01	-2.752713917620476791e-01	1.692120894583958313e-01	-1.409449989653757951e-01	1.894304994608709269e-01	-2.007202840264486476e-01	1.825892801980749658e-01	-1.605722188632584257e-01	1.183017114352993143e-01	-1.743627316656900239e-01	1.559132736147011145e-01	-1.488820140258787783e-01	1.502962423098730960e-01	-1.329697306002489976e-01	1.035562218439148308e-01	-1.210246030794318445e-01	1.368655756843415450e-01	-1.081767870595795461e-01	1.032310823821310092e-01	-9.145172805242492153e-02	1.051576135046064092e-01	-1.227617143285774232e-01	1.089412704298751006e-01	-1.501327934311178225e-01	1.198832458735327594e-01	-1.005574303812124537e-01	8.916161893006885331e-02	-1.236855603750385835e-01	1.122290226919595013e-01	-7.376175705788959314e-02	8.889085659902204450e-02	-9.105340312404541780e-02	1.246241508034527101e-01	-7.792675534836412954e-02	8.356514603481191017e-02	-6.899888191118597192e-02	6.837572823677369460e-02	-8.739493952670582266e-02	6.068379566384213275e-02
-5.960778670529603973e-01	1.000000000000000666e+00	-5.806975486926730934e-01	1.618881465400086594e-01	-1.596346456036474848e-01	2.365863400690476903e-01	-3.060516038329416100e-01	2.746325681977707656e-01	-1.836599348455572323e-01	1.245717041647902007e-01	-1.564314002307483908e-01	1.634386967138985181e-01	-1.915840140900040567e-01	1.513598572856311997e-01	-1.092805595387651707e-01	1.316008702730447344e-01	-1.358537165064095942e-01	1.364928372302862403e-01	-1.465063321810471941e-01	1.110564072472491198e-01	-8.780744294207996903e-02	9.978705628695594410e-02	-1.233043986186925511e-01	9.356270082380509223e-02	-8.872350178682802957e-02	7.495504356017762548e-02	-8.922810232685361720e-02	1.013844313614483406e-01	-9.386934039622989168e-02	1.199638076201633291e-01	-9.968189364953405907e-02	8.198545073439907072e-02	-7.403878084205811616e-02	1.010696450192513085e-01	-9.399579224198864602e-02	6.034963545724156969e-02	-7.325316362229650213e-02	7.443452539507433574e-02	-1.032467187566936950e-01	6.313541972637878863e-02	-6.880396748590089651e-02	5.601239186708062423e-02	-5.589246072145705874e-02	7.023599955336870537e-02	-4.962974546897602757e-02
2.563052995486920227e-01	-5.806975486926730934e-01	1.000000000000000444e+00	-2.295921836209346978e-01	1.703260151772744146e-01	-1.608347999443021370e-01	1.885186434809581202e-01	-6.308492517788194531e-01	2.216120750971627418e-01	-1.432322213393182608e-01	1.260151523569958687e-01	-1.508655669151714174e-01	2.113813584056664641e-01	-1.809511690913106208e-01	1.196462666645337070e-01	-1.160521625297093323e-01	1.220798764341270159e-01	-1.543957627999036630e-01	1.541940288449821783e-01	-1.234299495855628037e-01	8.147053885475633028e-02	-9.588267378409758013e-02	1.235399131375044396e-01	-9.698135358866580291e-02	9.443485791652642125e-02	-7.130386411453515372e-02	8.456253484464261450e-02	-1.025602362281227142e-01	9.455408840729002951e-02	-1.299848747341825483e-01	9.779034959109314529e-02	-8.228100472633964602e-02	7.382274299066610146e-02	-1.044747480706470083e-01	9.595759006632685606e-02	-6.003388202205221097e-02	7.268502384700814556e-02	-7.453626749422970210e-02	1.023093772442025123e-01	-6.430265091090285601e-02	6.807866514306024075e-02	-5.616997157220320058e-02	5.589896736339775019e-02	-7.123628538388007692e-02	5.018507083680921743e-02
-1.700200025168851492e-01	1.618881465400086594e-01	-2.295921836209346978e-01	1.000000000000000444e+00	-6.084930351897551715e-01	1.093968282724103319e-01	-1.462595003561071028e-01	2.333062527484965898e-01	-5.979606739167065976e-01	2.422599977123075787e-01	-1.158022631818487191e-01	1.338925421965475593e-01	-2.132939132067697419e-01	2.438009225636035837e-01	-1.971715787123212993e-01	1.050599742977469248e-01	-1.197611935126883798e-01	1.594426947588301058e-01	-2.024741650285607208e-01	1.635234853675923972e-01	-8.408743847641084179e-02	9.640586496964596852e-02	-1.388879096013360126e-01	1.080649394010661374e-01	-1.275485051143548654e-01	7.239361694774375244e-02	-8.771484622079792071e-02	1.093806428434998534e-01	-1.070853515105660569e-01	1.540393533534551163e-01	-1.070547827150273301e-01	8.786712134197074975e-02	-8.008754505413236136e-02	1.162566354455273204e-01	-1.128461758379124963e-01	6.528616109000301426e-02	-7.965375899032366147e-02	8.090260774345015005e-02	-1.137832806172011796e-01	7.135460751826025461e-02	-7.474291497969785814e-02	6.112682862532674288e-02	-6.138641839435859948e-02	7.757431064341716032e-02	-5.612563093068794612e-02
1.549542947234751611e-01	-1.596346456036474848e-01	1.703260151772744146e-01	-6.084930351897551715e-01	1.000000000000000666e+00	-1.083648988932961604e-01	1.393474381622314962e-01	-2.109424229294193098e-01	2.864636386597976259e-01	-5.030660186414427359e-01	1.190014242120901872e-01	-1.418234377115291933e-01	1.965415943108072550e-01	-2.493681172731098128e-01	2.554848549824063064e-01	-1.138070233894249716e-01	1.249938876666574772e-01	-1.654940705586240290e-01	1.917382290697187408e-01	-2.454438977172523906e-01	9.404560039129025717e-02	-1.092080201832580227e-01	1.513395720286603019e-01	-1.242763344149971361e-01	1.696968368884020917e-01	-8.302394372602256434e-02	9.861265211503643380e-02	-1.300809862403246864e-01	1.246253201824993190e-01	-2.250030244298736049e-01	1.277347536929817617e-01	-1.063066549983716635e-01	9.551968495753214439e-02	-1.484426423582620447e-01	1.421916793384083166e-01	-7.946506285748190790e-02	9.645208278865365081e-02	-9.866850491912942944e-02	1.380625848538944711e-01	-9.055094399135371619e-02	9.060836812821046471e-02	-7.552835589465078936e-02	7.551378847752698853e-02	-9.785937808791371484e-02	7.022596167625194674e-02
-5.142361476745909155e-01	2.365863400690476903e-01	-1.608347999443021370e-01	1.093968282724103319e-01	-1.083648988932961604e-01	1.000000000000000888e+00	-7.147879352651437257e-01	1.650504643550084194e-01	-1.164420547888247448e-01	9.488215231646134062e-02	-2.951347179757062844e-01	2.165244560872724433e-01	-1.427871966861165298e-01	1.144703651189253046e-01	-8.256833537218730146e-02	1.870315822297796415e-01	-1.641326106185586053e-01	1.133462449487117607e-01	-1.137153215455614652e-01	9.002915663794813783e-02	-9.134829558090470925e-02	1.042247387055630498e-01	-1.053861364722278315e-01	8.051627522734494669e-02	-7.150968776887581257e-02	7.734598407130580111e-02	-9.088230476937153579e-02	9.195362122101218005e-02	-8.128182664130019497e-02	1.013819996184198435e-01	-8.840207390705742685e-02	7.399192485930480845e-02	-6.639566267287762280e-02	8.800897134557995882e-02	-7.999515739480546339e-02	5.350632511635144278e-02	-6.469186759273631848e-02	6.613080538464835567e-02	-9.011696957711755329e-02	5.518481428094183794e-02	-6.057489804863595145e-02	4.952495565385882370e-02	-4.918975044739732488e-02	6.196300094265112801e-02	-4.323635796607361304e-02
3.004269371197008098e-01	-3.060516038329416100e-01	1.885186434809581202e-01	-1.462595003561071028e-01	1.393474381622314962e-01	-7.147879352651437257e-01	1.000000000000000444e+00	-2.318740085622011948e-01	1.504704319418365688e-01	-1.276872550538507289e-01	2.424270412577951561e-01	-3.357241052985232010e-01	1.831053922072134466e-01	-1.521664061171845994e-01	1.091954809403164334e-01	-2.218140855177301030e-01	1.976608883405762684e-01	-1.494790111096942486e-01	1.460142634732436717e-01	-1.223785487781664516e-01	1.130223558587653693e-01	-1.351824398086521883e-01	1.359789993985454915e-01	-1.061844902487690534e-01	9.585732164022418844e-02	-9.903354768081286397e-02	1.145112337437481503e-01	-1.219508165279799272e-01	1.065844622065205277e-01	-1.389013804749437420e-01	1.165720346186990553e-01	-9.859405270469741300e-02	8.770807844619431248e-02	-1.183984421707268697e-01	1.067037074452817369e-01	-7.127565432358250186e-02	8.592573053928302673e-02	-8.821445482417024364e-02	1.196815974356188195e-01	-7.428557681625584663e-02	8.049780514568696810e-02	-6.632086824953964399e-02	6.569899646877341848e-02	-8.352153476056649317e-02	5.794600488788745341e-02
-2.752713917620476791e-01	2.746325681977707656e-01	-6.308492517788194531e-01	2.333062527484965898e-01	-2.109424229294193098e-01	1.650504643550084194e-01	-2.318740085622011948e-01	1.000000000000000888e+00	-3.941777050673352933e-01	1.659712602645229684e-01	-1.500549685933785793e-01	1.781311821005218676e-01	-3.852909226368370632e-01	2.374890508047161342e-01	-1.485115870647325531e-01	1.318532878028712552e-01	-1.499165271027729507e-01	1.991287961855582878e-01	-2.115810215025922814e-01	1.393820031963925454e-01	-9.529944326647474262e-02	1.110911591939707926e-01	-1.545777240768896055e-01	1.161562528123839810e-01	-1.096128117342298758e-01	8.176067559904852400e-02	-9.938070060423903618e-02	1.177080562831353261e-01	-1.121150459088368218e-01	1.420927410511651778e-01	-1.116378485865775483e-01	9.303068381705850709e-02	-8.467952163117421771e-02	1.178511915501971041e-01	-1.096473639193008276e-01	6.776336857971208827e-02	-8.244972531556551965e-02	8.419736117986623136e-02	-1.163026741529665509e-01	7.188417495548693470e-02	-7.709755328795682428e-02	6.300865688657539265e-02	-6.298128096788242758e-02	7.927276790765462600e-02	-5.648214843801629970e-02
1.692120894583958313e-01	-1.836599348455572323e-01	2.216120750971627418e-01	-5.979606739167065976e-01	2.864636386597976259e-01	-1.164420547888247448e-01	1.504704319418365688e-01	-3.941777050673352933e-01	1.000000000000001332e+00	-2.696598394497844997e-01	1.237189429823955661e-01	-1.536119971284296282e-01	2.516921015602087697e-01	-4.608141543977736232e-01	2.048906205171431016e-01	-1.164210569236389520e-01	1.308336292452658145e-01	-1.978241273507295450e-01	2.302659366564500376e-01	-1.841570920541169554e-01	9.023923534537171831e-02	-1.068233531148264498e-01	1.511181288152497748e-01	-1.223195141844381495e-01	1.338670369620423017e-01	-7.912554322372736260e-02	9.522482673107995899e-02	-1.212775229288449858e-01	1.162002127395112411e-01	-1.725520144211590279e-01	1.141103475276971924e-01	-9.624474443367937726e-02	8.701445782121133843e-02	-1.287438197323901024e-01	1.204499634278521913e-01	-7.031965631149723894e-02	8.544179658915893039e-02	-8.774138241235245050e-02	1.211673674416413743e-01	-7.750886681628367525e-02	7.986748288681155827e-02	-6.612816422852900444e-02	6.607201318913129284e-02	-8.450844864082135421e-02	6.045670702212301018e-02
-1.409449989653757951e-01	1.245717041647902007e-01	-1.432322213393182608e-01	2.422599977123075787e-01	-5.030660186414427359e-01	9.488215231646134062e-02	-1.276872550538507289e-01	1.659712602645229684e-01	-2.696598394497844997e-01	1.000000000000000222e+00	-1.088684360078535501e-01	1.249520315437755158e-01	-1.966231962450718518e-01	2.377108684620334311e-01	-6.576091107688080140e-01	9.952643697649579679e-02	-1.150020608857653670e-01	1.536483195981906413e-01	-2.026148678680878557e-01	2.607682492870863067e-01	-8.511763112638982831e-02	9.627120181352970263e-02	-1.449254723657094901e-01	1.138270908889001537e-01	-2.145895349485538450e-01	7.302639205246931609e-02	-8.899995985750373817e-02	1.144605882173256178e-01	-1.165847188461976019e-01	1.912148405856939903e-01	-1.161147632605861041e-01	9.301915953114477109e-02	-8.560600982793602209e-02	1.287586950312475387e-01	-1.377180126172423136e-01	7.074687125097366136e-02	-8.694341905319015462e-02	8.743457497422459090e-02	-1.267329487687315903e-01	8.014314821064981442e-02	-8.187998815520501628e-02	6.651518163504932524e-02	-6.753487315681366843e-02	8.485835811152533936e-02	-6.366224510057350017e-02
1.894304994608709269e-01	-1.564314002307483908e-01	1.260151523569958687e-01	-1.158022631818487191e-01	1.190014242120901872e-01	-2.951347179757062844e-01	2.424270412577951561e-01	-1.500549685933785793e-01	1.237189429823955661e-01	-1.088684360078535501e-01	1.000000000000002442e+00	-4.904642133711113461e-01	1.818130286037565602e-01	-1.407516909784321535e-01	9.667905895704292929e-02	-6.897851831984292970e-01	3.032112759687271564e-01	-1.552519049151430131e-01	1.433489844426195647e-01	-1.070695235768572146e-01	1.509256089246475974e-01	-1.742899717506221358e-01	1.401026620656982968e-01	-1.065637350289400653e-01	8.555636946477523930e-02	-1.297642385737474979e-01	1.421553557983602223e-01	-1.259169931591464509e-01	1.063889510498883251e-01	-1.222563857315697167e-01	1.147013544071183722e-01	-9.879476994275683543e-02	8.863084513050024926e-02	-1.122225171620914869e-01	9.989063532723277405e-02	-6.897956253530412862e-02	8.325220229158643293e-02	-8.589794594758906610e-02	1.141584061417833668e-01	-6.961436153668029703e-02	7.732172708864226696e-02	-6.332077902911774359e-02	6.271354196343627285e-02	-7.860766552420762887e-02	5.454520486985642291e-02
-2.007202840264486476e-01	1.634386967138985181e-01	-1.508655669151714174e-01	1.338925421965475593e-01	-1.418234377115291933e-01	2.165244560872724433e-01	-3.357241052985232010e-01	1.781311821005218676e-01	-1.536119971284296282e-01	1.249520315437755158e-01	-4.904642133711113461e-01	9.999999999999976685e-01	-3.224051384428763267e-01	1.782544977435438494e-01	-1.156729819266951176e-01	3.106607326276535908e-01	-5.849602429880440546e-01	2.047084569363703810e-01	-1.907458291882528634e-01	1.203634439659428956e-01	-1.683097776389024802e-01	2.075710445750572064e-01	-1.759500843721568675e-01	1.264331437017156834e-01	-9.749207712886082122e-02	1.347046798574457749e-01	-1.821096075061470199e-01	1.434641814049417152e-01	-1.256923665395601464e-01	1.334048081335417191e-01	-1.293069680703743674e-01	1.100408033580289879e-01	-1.011278959162472124e-01	1.251202364418831092e-01	-1.127132503153312204e-01	7.652250540583525884e-02	-9.300955407136113351e-02	9.546150818086776568e-02	-1.275595333599127690e-01	7.654860955037048886e-02	-8.609347556448176952e-02	6.978209742562813123e-02	-6.946380734531479306e-02	8.590506552247313687e-02	-6.035557068046930318e-02
1.825892801980749658e-01	-1.915840140900040567e-01	2.113813584056664641e-01	-2.132939132067697419e-01	1.965415943108072550e-01	-1.427871966861165298e-01	1.831053922072134466e-01	-3.852909226368370632e-01	2.516921015602087697e-01	-1.966231962450718518e-01	1.818130286037565602e-01	-3.224051384428763267e-01	1.000000000000000444e+00	-4.693914777483219614e-01	1.839184614904639525e-01	-1.729825989495223371e-01	2.103525764512433893e-01	-5.226223916285014370e-01	3.106543110088322290e-01	-1.808589078552791107e-01	1.193760424741622111e-01	-1.520728129514540838e-01	2.184395108218468717e-01	-1.704320205788838749e-01	1.343129952367918267e-01	-1.051279736991892061e-01	1.296617793136804753e-01	-1.596917211764763700e-01	1.478910022679473524e-01	-1.796168607969645670e-01	1.360094158650393403e-01	-1.199446627529379139e-01	1.087707460938408810e-01	-1.533837804015278916e-01	1.357224122295881963e-01	-8.358066568509008032e-02	1.014184393666499873e-01	-1.057887860760311632e-01	1.411198467580528915e-01	-8.943559986376194149e-02	9.374246940412725437e-02	-7.789357352897008369e-02	7.746880532743996572e-02	-9.854729048994906315e-02	6.969582926721931693e-02
-1.605722188632584257e-01	1.513598572856311997e-01	-1.809511690913106208e-01	2.438009225636035837e-01	-2.493681172731098128e-01	1.144703651189253046e-01	-1.521664061171845994e-01	2.374890508047161342e-01	-4.608141543977736232e-01	2.377108684620334311e-01	-1.407516909784321535e-01	1.782544977435438494e-01	-4.693914777483219614e-01	9.999999999999992228e-01	-3.289705595125378412e-01	1.289926742516668001e-01	-1.581739282818699910e-01	2.818092649637273794e-01	-5.109494406539479838e-01	2.021169829093762693e-01	-1.002976504575444211e-01	1.202408775249202283e-01	-1.915873816238076732e-01	1.505341096322083960e-01	-1.516414978444983186e-01	8.672665103827803534e-02	-1.077564407731135265e-01	1.351270002834583650e-01	-1.367480982148025770e-01	1.732768866618507042e-01	-1.219066787527168516e-01	1.034963544988760364e-01	-9.529417178635510299e-02	1.375384129342725748e-01	-1.295437456788274544e-01	7.438137823153938288e-02	-9.085607007923844625e-02	9.343139680445730622e-02	-1.286089462427715269e-01	8.107576424784244951e-02	-8.443416896134202376e-02	6.943404873091617302e-02	-6.964586466820855970e-02	8.794060352381660728e-02	-6.368489833773036124e-02
1.183017114352993143e-01	-1.092805595387651707e-01	1.196462666645337070e-01	-1.971715787123212993e-01	2.554848549824063064e-01	-8.256833537218730146e-02	1.091954809403164334e-01	-1.485115870647325531e-01	2.048906205171431016e-01	-6.576091107688080140e-01	9.667905895704292929e-02	-1.156729819266951176e-01	1.839184614904639525e-01	-3.289705595125378412e-01	9.999999999999992228e-01	-9.061392930045278349e-02	1.040397710893000705e-01	-1.516178006763707897e-01	1.948149877739378255e-01	-4.977624871719588118e-01	7.669500326732048290e-02	-8.882176654106048452e-02	1.329785599290816134e-01	-1.095441602591873537e-01	2.280695753831870343e-01	-6.676848976261275104e-02	8.116914561802530959e-02	-1.074121948277433902e-01	1.091076257293419755e-01	-2.259253081467822166e-01	1.049451307645263842e-01	-8.633394207691762190e-02	7.904806072258901972e-02	-1.264462086526885742e-01	1.318531341143662217e-01	-6.480666980869753679e-02	7.940449949482687730e-02	-8.077156594935326617e-02	1.153385783417847643e-01	-7.644002915394446096e-02	7.446468694870900240e-02	-6.156052981011585906e-02	6.229216796069849543e-02	-7.993468868525048510e-02	5.972360286787534167e-02
-1.743627316656900239e-01	1.316008702730447344e-01	-1.160521625297093323e-01	1.050599742977469248e-01	-1.138070233894249716e-01	1.870315822297796415e-01	-2.218140855177301030e-01	1.318532878028712552e-01	-1.164210569236389520e-01	9.952643697649579679e-02	-6.897851831984292970e-01	3.106607326276535908e-01	-1.729825989495223371e-01	1.289926742516668001e-01	-9.061392930045278349e-02	9.999999999999984457e-01	-5.236042723114611164e-01	1.524085254906673847e-01	-1.459511024601576890e-01	9.789563063535712539e-02	-2.097406350194795654e-01	2.007591546708441532e-01	-1.484029246509989686e-01	1.070454469200246422e-01	-8.046271292011281107e-02	1.504711540802793901e-01	-1.783767303612523447e-01	1.289595423289834064e-01	-1.092896592140881196e-01	1.121146090796705519e-01	-1.180165077536875495e-01	9.961978188010989221e-02	-9.145239055254643368e-02	1.086714446063268280e-01	-9.765997133859589951e-02	6.904126704341878584e-02	-8.378807069674926167e-02	8.571681039963489901e-02	-1.140934230840001812e-01	6.741765640019783956e-02	-7.758351438858543392e-02	6.246871728049709777e-02	-6.212333945911439892e-02	7.621941497568802959e-02	-5.328086833587832027e-02
1.559132736147011145e-01	-1.358537165064095942e-01	1.220798764341270159e-01	-1.197611935126883798e-01	1.249938876666574772e-01	-1.641326106185586053e-01	1.976608883405762684e-01	-1.499165271027729507e-01	1.308336292452658145e-01	-1.150020608857653670e-01	3.032112759687271564e-01	-5.849602429880440546e-01	2.103525764512433893e-01	-1.581739282818699910e-01	1.040397710893000705e-01	-5.236042723114611164e-01	1.000000000000002887e+00	-2.270714074004815397e-01	1.739576581252162135e-01	-1.143866602226346341e-01	1.855172921329183988e-01	-3.716658732783937880e-01	1.750514373078461139e-01	-1.294247291315195336e-01	9.208326633900586200e-02	-1.631728934077013859e-01	2.134091060421712538e-01	-1.558562126441513651e-01	1.258381030838547909e-01	-1.302073013974016924e-01	1.295384298637003717e-01	-1.158468964520055905e-01	1.051953391785711844e-01	-1.261638314354881774e-01	1.103588378482112803e-01	-7.706939046855487696e-02	9.330633585366146510e-02	-9.733278196815847716e-02	1.259806060416235329e-01	-7.626596787715227144e-02	8.561415360274086950e-02	-7.006305022200659538e-02	6.938445605212283096e-02	-8.611219481762588668e-02	5.988519077982437655e-02
-1.488820140258787783e-01	1.364928372302862403e-01	-1.543957627999036630e-01	1.594426947588301058e-01	-1.654940705586240290e-01	1.133462449487117607e-01	-1.494790111096942486e-01	1.991287961855582878e-01	-1.978241273507295450e-01	1.536483195981906413e-01	-1.552519049151430131e-01	2.047084569363703810e-01	-5.226223916285014370e-01	2.818092649637273794e-01	-1.516178006763707897e-01	1.524085254906673847e-01	-2.270714074004815397e-01	1.000000000000003109e+00	-6.153801792226734069e-01	1.519894410933411988e-01	-1.148694136616534717e-01	1.503052200314618503e-01	-3.733907888494198968e-01	2.058411695815498543e-01	-1.200995270837365292e-01	1.000235380814345348e-01	-1.303016768170143502e-01	1.656542890522724465e-01	-1.676522332341463806e-01	1.548180832743596413e-01	-1.305086103808536790e-01	1.164529889119084172e-01	-1.097814914935077713e-01	1.494514623166573186e-01	-1.293851714787866702e-01	7.914260451047472333e-02	-9.682439826855043785e-02	1.014377949215923280e-01	-1.339347822401690258e-01	8.330439526474146816e-02	-8.852580523969338921e-02	7.311494751397475123e-02	-7.297313726571541537e-02	9.147303212014568086e-02	-6.532002923613579315e-02
1.502962423098730960e-01	-1.465063321810471941e-01	1.541940288449821783e-01	-2.024741650285607208e-01	1.917382290697187408e-01	-1.137153215455614652e-01	1.460142634732436717e-01	-2.115810215025922814e-01	2.302659366564500376e-01	-2.026148678680878557e-01	1.433489844426195647e-01	-1.907458291882528634e-01	3.106543110088322290e-01	-5.109494406539479838e-01	1.948149877739378255e-01	-1.459511024601576890e-01	1.739576581252162135e-01	-6.153801792226734069e-01	1.000000000000001332e+00	-2.122111795596573758e-01	1.129227116065888575e-01	-1.450368543219233419e-01	2.485890911887268517e-01	-2.409815542597709970e-01	1.485953314872237585e-01	-1.012182528568496137e-01	1.253222186666916038e-01	-1.732826579643629294e-01	1.739036552206418007e-01	-1.945622147614466668e-01	1.393915515055892951e-01	-1.255619926319776480e-01	1.149320962891129949e-01	-1.705953081544431815e-01	1.460799595460098577e-01	-8.619600165495086563e-02	1.048640384485375887e-01	-1.104388701357319896e-01	1.461552199711727840e-01	-9.393444186598576273e-02	9.631621701479778364e-02	-8.057732241948692420e-02	8.023344226617697139e-02	-1.024476468919966465e-01	7.301453537611093947e-02
-1.329697306002489976e-01	1.110564072472491198e-01	-1.234299495855628037e-01	1.635234853675923972e-01	-2.454438977172523906e-01	9.002915663794813783e-02	-1.223785487781664516e-01	1.393820031963925454e-01	-1.841570920541169554e-01	2.607682492870863067e-01	-1.070695235768572146e-01	1.203634439659428956e-01	-1.808589078552791107e-01	2.021169829093762693e-01	-4.977624871719588118e-01	9.789563063535712539e-02	-1.143866602226346341e-01	1.519894410933411988e-01	-2.122111795596573758e-01	1.000000000000002665e+00	-8.889384261139077203e-02	9.946017033651875783e-02	-1.583707608746363071e-01	1.281701205040261249e-01	-6.290901894224949498e-01	7.598827779629818702e-02	-9.359667553249165217e-02	1.247060142598115651e-01	-1.354963040518163686e-01	2.853700363758172043e-01	-1.290460996186922615e-01	1.016900970547153504e-01	-9.489547626610803088e-02	1.520734259518364828e-01	-1.864074186694678059e-01	7.882842381465969550e-02	-9.769473230390000873e-02	9.759105004576755504e-02	-1.455337449409362660e-01	9.544923660317239378e-02	-9.209775304138148599e-02	7.471375116178276266e-02	-7.693126042794991293e-02	9.662197528086181875e-02	-7.638125603270776165e-02
1.035562218439148308e-01	-8.780744294207996903e-02	8.147053885475633028e-02	-8.408743847641084179e-02	9.404560039129025717e-02	-9.134829558090470925e-02	1.130223558587653693e-01	-9.529944326647474262e-02	9.023923534537171831e-02	-8.511763112638982831e-02	1.509256089246475974e-01	-1.683097776389024802e-01	1.193760424741622111e-01	-1.002976504575444211e-01	7.669500326732048290e-02	-2.097406350194795654e-01	1.855172921329183988e-01	-1.148694136616534717e-01	1.129227116065888575e-01	-8.889384261139077203e-02	1.000000000000000888e+00	-3.669004942903809630e-01	1.495805998227635880e-01	-1.140716688246054961e-01	7.493665167728802423e-02	-8.059955665002395131e-01	2.881007446638719216e-01	-1.710253402031385317e-01	1.192892140389540528e-01	-1.099232581025075123e-01	1.429820826439935355e-01	-1.294583644107767384e-01	1.139678912633465546e-01	-1.195263123618868634e-01	1.021994763460723210e-01	-8.245401171006294661e-02	9.722519566896242749e-02	-1.025146471851048624e-01	1.259299271942258824e-01	-7.477892312205834668e-02	8.864234224530297135e-02	-7.236083824899303130e-02	7.080087602656093271e-02	-8.673265078755465485e-02	5.883087463437262910e-02
-1.210246030794318445e-01	9.978705628695594410e-02	-9.588267378409758013e-02	9.640586496964596852e-02	-1.092080201832580227e-01	1.042247387055630498e-01	-1.351824398086521883e-01	1.110911591939707926e-01	-1.068233531148264498e-01	9.627120181352970263e-02	-1.742899717506221358e-01	2.075710445750572064e-01	-1.520728129514540838e-01	1.202408775249202283e-01	-8.882176654106048452e-02	2.007591546708441532e-01	-3.716658732783937880e-01	1.503052200314618503e-01	-1.450368543219233419e-01	9.946017033651875783e-02	-3.669004942903809630e-01	1.000000000000000888e+00	-2.396527225318214327e-01	1.493599203023791566e-01	-8.554239040164760000e-02	2.707381383151136744e-01	-7.000070147835242285e-01	2.147068194296488375e-01	-1.587059758532815834e-01	1.209646323591112155e-01	-1.630744222284437051e-01	1.469835595096367908e-01	-1.444594711884295557e-01	1.373478781050189168e-01	-1.192709963911581517e-01	9.097685531348499721e-02	-1.117519814733831801e-01	1.160026134049259999e-01	-1.448614610725041107e-01	8.269636743806267620e-02	-1.001515795105410722e-01	7.997536544630481914e-02	-7.949376279598990847e-02	9.448189905235097885e-02	-6.582025189096185613e-02
1.368655756843415450e-01	-1.233043986186925511e-01	1.235399131375044396e-01	-1.388879096013360126e-01	1.513395720286603019e-01	-1.053861364722278315e-01	1.359789993985454915e-01	-1.545777240768896055e-01	1.511181288152497748e-01	-1.449254723657094901e-01	1.401026620656982968e-01	-1.759500843721568675e-01	2.184395108218468717e-01	-1.915873816238076732e-01	1.329785599290816134e-01	-1.484029246509989686e-01	1.750514373078461139e-01	-3.733907888494198968e-01	2.485890911887268517e-01	-1.583707608746363071e-01	1.495805998227635880e-01	-2.396527225318214327e-01	9.999999999999985567e-01	-6.025897108393696300e-01	1.358488716372716620e-01	-1.405880045373531229e-01	1.894440297781647964e-01	-3.578040919611548687e-01	3.002551130453192108e-01	-1.960089712848887278e-01	1.914639242404824471e-01	-1.980111052655914305e-01	1.875978370437473564e-01	-2.566845368886988554e-01	1.861914515490427358e-01	-1.186256702549130931e-01	1.449957982649060229e-01	-1.612746526470961450e-01	1.934525252895903935e-01	-1.230116942957728277e-01	1.282292066641200490e-01	-1.090074867125261082e-01	1.076893590139086088e-01	-1.358432542434619417e-01	9.522318367026896824e-02
-1.081767870595795461e-01	9.356270082380509223e-02	-9.698135358866580291e-02	1.080649394010661374e-01	-1.242763344149971361e-01	8.051627522734494669e-02	-1.061844902487690534e-01	1.161562528123839810e-01	-1.223195141844381495e-01	1.138270908889001537e-01	-1.065637350289400653e-01	1.264331437017156834e-01	-1.704320205788838749e-01	1.505341096322083960e-01	-1.095441602591873537e-01	1.070454469200246422e-01	-1.294247291315195336e-01	2.058411695815498543e-01	-2.409815542597709970e-01	1.281701205040261249e-01	-1.140716688246054961e-01	1.493599203023791566e-01	-6.025897108393696300e-01	1.000000000000001998e+00	-1.261797684803483699e-01	1.021143317517429067e-01	-1.428380646913588181e-01	2.464699903592209029e-01	-6.272918708242030128e-01	1.619942199019779039e-01	-1.584035611948913236e-01	1.472287877151233215e-01	-1.538856491992877940e-01	2.324221310315049416e-01	-1.843657506683536729e-01	9.527657709590549306e-02	-1.193093682413468998e-01	1.272660350544500552e-01	-1.676629067408329787e-01	1.036506253211194467e-01	-1.057974475277889542e-01	8.780743442151789369e-02	-8.871111275966153675e-02	1.096485847229445726e-01	-8.197701603197431186e-02
1.032310823821310092e-01	-8.872350178682802957e-02	9.443485791652642125e-02	-1.275485051143548654e-01	1.696968368884020917e-01	-7.150968776887581257e-02	9.585732164022418844e-02	-1.096128117342298758e-01	1.338670369620423017e-01	-2.145895349485538450e-01	8.555636946477523930e-02	-9.749207712886082122e-02	1.343129952367918267e-01	-1.516414978444983186e-01	2.280695753831870343e-01	-8.046271292011281107e-02	9.208326633900586200e-02	-1.200995270837365292e-01	1.485953314872237585e-01	-6.290901894224949498e-01	7.493665167728802423e-02	-8.554239040164760000e-02	1.358488716372716620e-01	-1.261797684803483699e-01	9.999999999999992228e-01	-6.540371525283432408e-02	8.027623398246809538e-02	-1.145511851144438431e-01	1.278751076212723270e-01	-6.208144205773095115e-01	1.129999891044543431e-01	-9.238086930847362599e-02	8.583209507340094913e-02	-1.644057814466562129e-01	1.939814523096802801e-01	-7.094283655253552645e-02	8.764439412134651664e-02	-8.913049362445876755e-02	1.309376865996206285e-01	-9.724594564769890870e-02	8.213902533970868225e-02	-6.903447403669692173e-02	7.088404534587328110e-02	-9.356226776420889513e-02	7.408507088228760695e-02
-9.145172805242492153e-02	7.495504356017762548e-02	-7.130386411453515372e-02	7.239361694774375244e-02	-8.302394372602256434e-02	7.734598407130580111e-02	-9.903354768081286397e-02	8.176067559904852400e-02	-7.912554322372736260e-02	7.302639205246931609e-02	-1.297642385737474979e-01	1.347046798574457749e-01	-1.051279736991892061e-01	8.672665103827803534e-02	-6.676848976261275104e-02	1.504711540802793901e-01	-1.631728934077013859e-01	1.000235380814345348e-01	-1.012182528568496137e-01	7.598827779629818702e-02	-8.059955665002395131e-01	2.707381383151136744e-01	-1.405880045373531229e-01	1.021143317517429067e-01	-6.540371525283432408e-02	1.000000000000002887e+00	-4.460920998424929840e-01	1.609037655607520600e-01	-1.133944207337279908e-01	9.405318376923255119e-02	-1.461099778787967041e-01	1.204208622480851393e-01	-1.122055121210426276e-01	1.057732768813131052e-01	-9.249715613038886342e-02	7.741656303363325664e-02	-9.182658802197285475e-02	9.442973886415700902e-02	-1.174134570078678996e-01	6.677772933891518159e-02	-8.372466697368154132e-02	6.624571556631202174e-02	-6.527406740969417254e-02	7.749929048195489112e-02	-5.313349309810364712e-02
1.051576135046064092e-01	-8.922810232685361720e-02	8.456253484464261450e-02	-8.771484622079792071e-02	9.861265211503643380e-02	-9.088230476937153579e-02	1.145112337437481503e-01	-9.938070060423903618e-02	9.522482673107995899e-02	-8.899995985750373817e-02	1.421553557983602223e-01	-1.821096075061470199e-01	1.296617793136804753e-01	-1.077564407731135265e-01	8.116914561802530959e-02	-1.783767303612523447e-01	2.134091060421712538e-01	-1.303016768170143502e-01	1.253222186666916038e-01	-9.359667553249165217e-02	2.881007446638719216e-01	-7.000070147835242285e-01	1.894440297781647964e-01	-1.428380646913588181e-01	8.027623398246809538e-02	-4.460920998424929840e-01	9.999999999999997780e-01	-3.086583369992024761e-01	1.540514861288239112e-01	-1.166224045732439790e-01	1.627724190127531889e-01	-1.749375619517811453e-01	1.608400259659421017e-01	-1.375708893911959385e-01	1.146824681652281741e-01	-9.219750287496192298e-02	1.127278566953501954e-01	-1.226176014391394536e-01	1.413582774623026728e-01	-8.177261451621485600e-02	9.870164093432913510e-02	-8.044014753114844818e-02	7.923766520543931713e-02	-9.444010862569637843e-02	6.470459305278798701e-02
-1.227617143285774232e-01	1.013844313614483406e-01	-1.025602362281227142e-01	1.093806428434998534e-01	-1.300809862403246864e-01	9.195362122101218005e-02	-1.219508165279799272e-01	1.177080562831353261e-01	-1.212775229288449858e-01	1.144605882173256178e-01	-1.259169931591464509e-01	1.434641814049417152e-01	-1.596917211764763700e-01	1.351270002834583650e-01	-1.074121948277433902e-01	1.289595423289834064e-01	-1.558562126441513651e-01	1.656542890522724465e-01	-1.732826579643629294e-01	1.247060142598115651e-01	-1.710253402031385317e-01	2.147068194296488375e-01	-3.578040919611548687e-01	2.464699903592209029e-01	-1.145511851144438431e-01	1.609037655607520600e-01	-3.086583369992024761e-01	1.000000000000001332e+00	-4.064488346016458808e-01	1.641740517949279998e-01	-2.930726177415161060e-01	2.818296003532483329e-01	-5.396675358551603630e-01	2.312969709853930911e-01	-1.934827561907286608e-01	1.564752221783020925e-01	-2.086879698510161751e-01	2.253754040133552627e-01	-2.502692772098328855e-01	1.316343315882116394e-01	-1.699059389831349687e-01	1.351709426324518848e-01	-1.367713373340421201e-01	1.517635810513793260e-01	-1.062578461839756711e-01
1.089412704298751006e-01	-9.386934039622989168e-02	9.455408840729002951e-02	-1.070853515105660569e-01	1.246253201824993190e-01	-8.128182664130019497e-02	1.065844622065205277e-01	-1.121150459088368218e-01	1.162002127395112411e-01	-1.165847188461976019e-01	1.063889510498883251e-01	-1.256923665395601464e-01	1.478910022679473524e-01	-1.367480982148025770e-01	1.091076257293419755e-01	-1.092896592140881196e-01	1.258381030838547909e-01	-1.676522332341463806e-01	1.739036552206418007e-01	-1.354963040518163686e-01	1.192892140389540528e-01	-1.587059758532815834e-01	3.002551130453192108e-01	-6.272918708242030128e-01	1.278751076212723270e-01	-1.133944207337279908e-01	1.540514861288239112e-01	-4.064488346016458808e-01	9.999999999999995559e-01	-1.963069674031347744e-01	1.833322970762412407e-01	-1.904582562614851593e-01	1.946231965450026247e-01	-4.391948839443858832e-01	2.252293169243832494e-01	-1.133506245173639543e-01	1.412507764896946683e-01	-1.586763195535599302e-01	1.964975967418109426e-01	-1.283700443241848621e-01	1.232182246516955459e-01	-1.052555212139287266e-01	1.055411448841482025e-01	-1.336094955238913973e-01	9.870070439223388448e-02
-1.501327934311178225e-01	1.199638076201633291e-01	-1.299848747341825483e-01	1.540393533534551163e-01	-2.250030244298736049e-01	1.013819996184198435e-01	-1.389013804749437420e-01	1.420927410511651778e-01	-1.725520144211590279e-01	1.912148405856939903e-01	-1.222563857315697167e-01	1.334048081335417191e-01	-1.796168607969645670e-01	1.732768866618507042e-01	-2.259253081467822166e-01	1.121146090796705519e-01	-1.302073013974016924e-01	1.548180832743596413e-01	-1.945622147614466668e-01	2.853700363758172043e-01	-1.099232581025075123e-01	1.209646323591112155e-01	-1.960089712848887278e-01	1.619942199019779039e-01	-6.208144205773095115e-01	9.405318376923255119e-02	-1.166224045732439790e-01	1.641740517949279998e-01	-1.963069674031347744e-01	9.999999999999991118e-01	-1.749768883504457251e-01	1.357704132785642892e-01	-1.288326969757158658e-01	2.402194383408384759e-01	-4.262844852106098537e-01	1.084644212863472984e-01	-1.358757602602002346e-01	1.350599396026575250e-01	-2.097622285048131585e-01	1.541298272644208989e-01	-1.281778098470394422e-01	1.050267599211468089e-01	-1.105403969747643933e-01	1.409525329114069692e-01	-1.232480075683856369e-01
1.198832458735327594e-01	-9.968189364953405907e-02	9.779034959109314529e-02	-1.070547827150273301e-01	1.277347536929817617e-01	-8.840207390705742685e-02	1.165720346186990553e-01	-1.116378485865775483e-01	1.141103475276971924e-01	-1.161147632605861041e-01	1.147013544071183722e-01	-1.293069680703743674e-01	1.360094158650393403e-01	-1.219066787527168516e-01	1.049451307645263842e-01	-1.180165077536875495e-01	1.295384298637003717e-01	-1.305086103808536790e-01	1.393915515055892951e-01	-1.290460996186922615e-01	1.429820826439935355e-01	-1.630744222284437051e-01	1.914639242404824471e-01	-1.584035611948913236e-01	1.129999891044543431e-01	-1.461099778787967041e-01	1.627724190127531889e-01	-2.930726177415161060e-01	1.833322970762412407e-01	-1.749768883504457251e-01	1.000000000000001332e+00	-5.569600109465874249e-01	2.723219757963472598e-01	-2.157253800172855562e-01	1.804186851213470388e-01	-4.103049257953055307e-01	2.637728178531358880e-01	-2.744406423175440590e-01	2.600331629743497519e-01	-1.651115157213812745e-01	2.593048686501194799e-01	-2.048550047051439227e-01	1.773406058268786334e-01	-2.132537968872274259e-01	1.291974926599214757e-01
-1.005574303812124537e-01	8.198545073439907072e-02	-8.228100472633964602e-02	8.786712134197074975e-02	-1.063066549983716635e-01	7.399192485930480845e-02	-9.859405270469741300e-02	9.303068381705850709e-02	-9.624474443367937726e-02	9.301915953114477109e-02	-9.879476994275683543e-02	1.100408033580289879e-01	-1.199446627529379139e-01	1.034963544988760364e-01	-8.633394207691762190e-02	9.961978188010989221e-02	-1.158468964520055905e-01	1.164529889119084172e-01	-1.255619926319776480e-01	1.016900970547153504e-01	-1.294583644107767384e-01	1.469835595096367908e-01	-1.980111052655914305e-01	1.472287877151233215e-01	-9.238086930847362599e-02	1.204208622480851393e-01	-1.749375619517811453e-01	2.818296003532483329e-01	-1.904582562614851593e-01	1.357704132785642892e-01	-5.569600109465874249e-01	1.000000000000004219e+00	-6.124956125725686817e-01	1.797736300842235346e-01	-1.581518430983882839e-01	2.052714045794586384e-01	-2.633393878882319683e-01	2.511028220113334375e-01	-2.480015832056076119e-01	1.266988770252988061e-01	-2.018158589617966847e-01	1.531674034809588358e-01	-1.484548743283871375e-01	1.565799230406119125e-01	-1.030367632710689901e-01
8.916161893006885331e-02	-7.403878084205811616e-02	7.382274299066610146e-02	-8.008754505413236136e-02	9.551968495753214439e-02	-6.639566267287762280e-02	8.770807844619431248e-02	-8.467952163117421771e-02	8.701445782121133843e-02	-8.560600982793602209e-02	8.863084513050024926e-02	-1.011278959162472124e-01	1.087707460938408810e-01	-9.529417178635510299e-02	7.904806072258901972e-02	-9.145239055254643368e-02	1.051953391785711844e-01	-1.097814914935077713e-01	1.149320962891129949e-01	-9.489547626610803088e-02	1.139678912633465546e-01	-1.444594711884295557e-01	1.875978370437473564e-01	-1.538856491992877940e-01	8.583209507340094913e-02	-1.122055121210426276e-01	1.608400259659421017e-01	-5.396675358551603630e-01	1.946231965450026247e-01	-1.288326969757158658e-01	2.723219757963472598e-01	-6.124956125725686817e-01	9.999999999999992228e-01	-1.951427669239022833e-01	1.490517010492332928e-01	-1.616574681824441417e-01	2.210281827786441944e-01	-3.730512812490789920e-01	2.253185055077589483e-01	-1.182611869522435105e-01	1.570519073365095053e-01	-1.370937214856312869e-01	1.347927792183171436e-01	-1.452149670472135112e-01	9.439561549527006323e-02
-1.236855603750385835e-01	1.010696450192513085e-01	-1.044747480706470083e-01	1.162566354455273204e-01	-1.484426423582620447e-01	8.800897134557995882e-02	-1.183984421707268697e-01	1.178511915501971041e-01	-1.287438197323901024e-01	1.287586950312475387e-01	-1.122225171620914869e-01	1.251202364418831092e-01	-1.533837804015278916e-01	1.375384129342725748e-01	-1.264462086526885742e-01	1.086714446063268280e-01	-1.261638314354881774e-01	1.494514623166573186e-01	-1.705953081544431815e-01	1.520734259518364828e-01	-1.195263123618868634e-01	1.373478781050189168e-01	-2.566845368886988554e-01	2.324221310315049416e-01	-1.644057814466562129e-01	1.057732768813131052e-01	-1.375708893911959385e-01	2.312969709853930911e-01	-4.391948839443858832e-01	2.402194383408384759e-01	-2.157253800172855562e-01	1.797736300842235346e-01	-1.951427669239022833e-01	9.999999999999997780e-01	-6.336360391375857049e-01	1.363368712943628658e-01	-1.756758690394516487e-01	1.837201702762398525e-01	-3.187194856001644427e-01	2.052683857634569065e-01	-1.575034485030623044e-01	1.336365982282927134e-01	-1.417952515884020048e-01	1.822105987846574515e-01	-1.647941880543136450e-01
