1.000000000000000000e+00	-6.331830179429427385e-01	2.382735782653628842e-01	-3.107334373219353685e-01	1.565491161783720830e-01	-4.825086923651061843e-01	2.153233288284494562e-01	-2.186497685669990532e-01	1.755670165315913744e-01	-1.205038919358945582e-01	2.506363599890160110e-01	-2.200527849157610516e-01	1.923968571323052268e-01	-1.421060215005015837e-01	1.700574001925849732e-01	-1.485702383921821690e-01	1.511377417062244322e-01	-1.537728495369037607e-01	1.244825120859087558e-01	-1.360677582123244467e-01	1.233531269366580085e-01	-1.223407079242684048e-01	1.121629926657353032e-01	-1.231794086758772194e-01	1.008626674064870832e-01	-1.607225035865567087e-01	1.069224241099095141e-01	-9.854382742256073691e-02	8.333423651353417949e-02	-6.454002105175635218e-02	9.251443462978126142e-02	-6.840148960736085193e-02	6.878549192084626451e-02	-8.684266460416670275e-02	5.762482221284994516e-02	-6.037969492757253032e-02	6.577408670148836289e-02	-6.285842215101852815e-02	7.101984108417383479e-02	-5.507986732695870080e-02	4.587871120577316497e-02	-6.554513156529606643e-02	8.614758504004343953e-02	-9.961520191685321879e-02	7.044436417586980026e-02
-6.331830179429427385e-01	1.000000000000000222e+00	-4.765222490722093585e-01	2.874444952063258119e-01	-1.749249948100195517e-01	2.314063453338409126e-01	-3.150927993861024068e-01	2.163016315422710001e-01	-1.910368454817318040e-01	1.237993882256043232e-01	-2.128257502591959227e-01	1.784640304564078239e-01	-1.948503420857251311e-01	1.395736877706884316e-01	-1.727328799515911173e-01	1.186169256329124427e-01	-1.316583917770323409e-01	1.375052601522707973e-01	-1.172201703167656400e-01	1.224380783213140506e-01	-1.045448953432654982e-01	1.018704957507490932e-01	-9.752159366585670675e-02	1.084337356752733683e-01	-9.181885952448395893e-02	1.281532502464341472e-01	-9.044793856199952187e-02	8.322763327758996021e-02	-7.147860737378354534e-02	5.522677485206980985e-02	-7.956368564951729616e-02	5.769062514112897888e-02	-5.859763752199252662e-02	7.313791357384805125e-02	-4.981014660741812927e-02	5.089827913914322932e-02	-5.594906295418196340e-02	5.331439600752079649e-02	-6.074666903811832414e-02	4.692168329241887259e-02	-3.892568370829500163e-02	5.515851820230087410e-02	-7.408843266665357530e-02	8.286899785595630563e-02	-6.070598900339278098e-02
2.382735782653628842e-01	-4.765222490722093585e-01	1.000000000000000000e+00	-7.953964657851808617e-01	1.428371860026112772e-01	-1.362055660938204515e-01	1.419165604507512113e-01	-1.358079655262235397e-01	1.492727780024911410e-01	-1.103788904373269458e-01	1.185848888709177262e-01	-1.132169190534818015e-01	1.244733394971311441e-01	-1.050090206997113945e-01	1.195502526848740699e-01	-8.026096260085832657e-02	8.468333221686581702e-02	-9.930275095319249234e-02	8.337050178508031983e-02	-9.058971527990433703e-02	7.099031384739049044e-02	-7.162336018796601478e-02	6.852223015506857251e-02	-7.942169806062748805e-02	6.561777833560045181e-02	-9.206342262554231826e-02	6.357604756482401753e-02	-5.943757471320602892e-02	5.069448035994466445e-02	-3.976820185512076195e-02	5.629523148687071848e-02	-4.103699523064888166e-02	4.149261482781754773e-02	-5.261178101121171541e-02	3.554222067389360001e-02	-3.641795882416171831e-02	3.964195699774928500e-02	-3.791433166248504155e-02	4.326253515291528934e-02	-3.357243596984126055e-02	2.771803569211488474e-02	-3.949512257446392838e-02	5.225401294433472399e-02	-6.026601829201225224e-02	4.304058565373235223e-02
-3.107334373219353685e-01	2.874444952063258119e-01	-7.953964657851808617e-01	1.000000000000000000e+00	-2.271362578882123728e-01	1.579706728368095725e-01	-1.577868856155306421e-01	1.416345720544369413e-01	-2.300259498990481211e-01	1.514487115419924368e-01	-1.532024817208467171e-01	1.365918254105937257e-01	-1.627821923693310024e-01	1.389733083359601939e-01	-1.642839234858520514e-01	9.805037592925884560e-02	-1.060137718150591518e-01	1.247060259794796483e-01	-1.087313896361436216e-01	1.150364476362581712e-01	-8.866422027596559952e-02	8.872082531687715268e-02	-8.628974949822321161e-02	1.000188661083724895e-01	-8.424882138698797096e-02	1.122965726246017842e-01	-7.935421392534783291e-02	7.398612384049718660e-02	-6.358965510908647090e-02	4.978101612384026875e-02	-7.090926600261598933e-02	5.115838296319613621e-02	-5.195188233717721454e-02	6.544545169546976682e-02	-4.472599982272679880e-02	4.541368013846598661e-02	-4.962430305866787072e-02	4.738887028936906304e-02	-5.425193293409580342e-02	4.201230574920365030e-02	-3.466964372080607454e-02	4.920461190310310151e-02	-6.576235098923453870e-02	7.462088425905269440e-02	-5.418121154833611952e-02
1.565491161783720830e-01	-1.749249948100195517e-01	1.428371860026112772e-01	-2.271362578882123728e-01	1.000000000000000444e+00	-1.551211018621797277e-01	1.309229911132775148e-01	-1.513086339088740295e-01	2.916464266697279539e-01	-7.754338702160152863e-01	1.356721970880921391e-01	-1.667236607095027301e-01	1.903788694134769255e-01	-2.158243877248556541e-01	2.264744919623173924e-01	-1.379070968666572250e-01	1.338818788142661365e-01	-1.971354176931321422e-01	1.603860707795042029e-01	-1.945848042186049676e-01	1.255033162796107549e-01	-1.355696139898198704e-01	1.303436557924513850e-01	-1.653208588548131797e-01	1.300805279110312795e-01	-1.808432408123021029e-01	1.207246152194801775e-01	-1.167177127297702732e-01	9.841349795468262718e-02	-7.982999290633954748e-02	1.090335063671910160e-01	-7.998413274678546625e-02	8.020959677380451458e-02	-1.050787782836130196e-01	7.001379398542580124e-02	-7.199854388606398425e-02	7.675290382113240939e-02	-7.395403059179712912e-02	8.481792919012705323e-02	-6.645499693494288929e-02	5.427656224493285914e-02	-7.816901076489174427e-02	1.003259966837226069e-01	-1.232636562846615436e-01	8.364670616894941124e-02
-4.825086923651061843e-01	2.314063453338409126e-01	-1.362055660938204515e-01	1.579706728368095725e-01	-1.551211018621797277e-01	1.000000000000000666e+00	-2.089723288239195009e-01	1.779966852072930872e-01	-1.805259681383776516e-01	1.133521436546279654e-01	-6.937569188918264462e-01	2.621899746519633090e-01	-2.271953731983796798e-01	1.459745399401103649e-01	-1.827321012713528925e-01	1.574084120938207265e-01	-1.875180770362313565e-01	1.525341292345570587e-01	-1.282685531477611163e-01	1.309897750958550489e-01	-1.336810243108483287e-01	1.214446767514641284e-01	-1.133771533017179228e-01	1.183954077274222971e-01	-1.007723239216900268e-01	1.489099938827341263e-01	-1.060061372419437153e-01	9.526611282564757810e-02	-8.142318063784148574e-02	6.148465963412984292e-02	-8.853084320533217977e-02	6.580075570180859978e-02	-6.684744172835148379e-02	8.228747895314178495e-02	-5.572926998324730791e-02	5.698405820007605010e-02	-6.360728196562900894e-02	6.037777319402336251e-02	-6.815295033596423246e-02	5.243152403907013620e-02	-4.370994093986864393e-02	6.186457341475138511e-02	-8.374319774727509436e-02	9.142225352841665265e-02	-6.795982236402231536e-02
2.153233288284494562e-01	-3.150927993861024068e-01	1.419165604507512113e-01	-1.577868856155306421e-01	1.309229911132775148e-01	-2.089723288239195009e-01	1.000000000000000888e+00	-8.087878197567777150e-01	1.655134147220337082e-01	-1.045130379607725341e-01	1.853762343890679731e-01	-2.805428818598780794e-01	2.406086794108488469e-01	-1.483341718680891708e-01	1.597938073898080846e-01	-1.354145198333830402e-01	1.523072581719195351e-01	-1.552441029944116591e-01	1.218415349246537022e-01	-1.254876839109092257e-01	1.092932199818556216e-01	-1.073345372522451630e-01	9.982623859760268725e-02	-1.116036017032811800e-01	9.197651258114349082e-02	-1.325282219492679436e-01	9.153894779109127133e-02	-8.461720842206860160e-02	7.100702806796242716e-02	-5.469100033496164526e-02	7.461021801262622544e-02	-5.719340986407106531e-02	5.770517550565180259e-02	-7.280547346212379312e-02	4.896932837677606815e-02	-4.925268397376653812e-02	5.469471919314823627e-02	-5.222799574898084191e-02	5.895865766888017806e-02	-4.566900255002411674e-02	3.755162296391030552e-02	-5.363051029933602054e-02	7.120471048471591069e-02	-8.054290932154520299e-02	5.825299243616781364e-02
-2.186497685669990532e-01	2.163016315422710001e-01	-1.358079655262235397e-01	1.416345720544369413e-01	-1.513086339088740295e-01	1.779966852072930872e-01	-8.087878197567777150e-01	1.000000000000001110e+00	-2.052368356466552357e-01	1.179985375301790401e-01	-1.865137131488007194e-01	2.255768892517371060e-01	-3.544994139113644138e-01	1.720983994635260361e-01	-1.880453352124306643e-01	1.293199938648414427e-01	-1.542536582986953619e-01	1.658773313478629219e-01	-1.378491107991496045e-01	1.344649693411424374e-01	-1.117266206025265829e-01	1.085138683877631960e-01	-1.050966634205073164e-01	1.180015146839556717e-01	-9.986644622172956287e-02	1.317157836905924750e-01	-9.441484711007437636e-02	8.731947991959995714e-02	-7.415314828739122399e-02	5.708731788209379238e-02	-7.810373166162522252e-02	5.904090894200187539e-02	-5.994993614425015577e-02	7.523112563251053986e-02	-5.142986172594530420e-02	5.096911578331613651e-02	-5.679234832547206541e-02	5.414697635979997398e-02	-6.154090397495953074e-02	4.756410051014838686e-02	-3.898744918244079205e-02	5.543839800189403338e-02	-7.442900682957262481e-02	8.298691389421733455e-02	-6.105465142342172968e-02
1.755670165315913744e-01	-1.910368454817318040e-01	1.492727780024911410e-01	-2.300259498990481211e-01	2.916464266697279539e-01	-1.805259681383776516e-01	1.655134147220337082e-01	-2.052368356466552357e-01	1.000000000000000000e+00	-4.806075120720721405e-01	1.619266390929389454e-01	-2.135674953310578161e-01	2.697693376309305835e-01	-5.366867959549990186e-01	2.962459896898536060e-01	-1.648940654816044571e-01	1.638330978301201502e-01	-2.698526481656457476e-01	2.298195043386385417e-01	-2.505860961152251432e-01	1.475679722456059717e-01	-1.599983570370037689e-01	1.569510345643755633e-01	-2.082946410338932797e-01	1.637174334346772619e-01	-2.049097582549550267e-01	1.399388839505063264e-01	-1.364233769112218331e-01	1.139768015694811454e-01	-9.250852365798009624e-02	1.198336738264099838e-01	-9.101661934467838999e-02	9.146880223241901642e-02	-1.201701677620916897e-01	8.122501626660748320e-02	-8.011988617770786358e-02	8.680061060291448249e-02	-8.367199087062202056e-02	9.591061826265637191e-02	-7.515335125481878431e-02	6.054197845438893250e-02	-8.724524167481967352e-02	1.127908723148302456e-01	-1.362452646978255522e-01	9.421835180223725459e-02
-1.205038919358945582e-01	1.237993882256043232e-01	-1.103788904373269458e-01	1.514487115419924368e-01	-7.754338702160152863e-01	1.133521436546279654e-01	-1.045130379607725341e-01	1.179985375301790401e-01	-4.806075120720721405e-01	1.000000000000001554e+00	-1.049381139571159832e-01	1.285392150004539269e-01	-1.723574355859411600e-01	2.103083361824218400e-01	-2.503001471262857880e-01	1.018085207014324534e-01	-1.033139843083011045e-01	1.566824157322780908e-01	-1.407625306413680943e-01	1.561170132116326825e-01	-9.340288154091498651e-02	1.000133950843232339e-01	-9.904167684139147942e-02	1.279406139666330322e-01	-1.052026249441395112e-01	1.282103425124021256e-01	-8.873164544750776483e-02	8.576206420726083246e-02	-7.262010593943646342e-02	5.879643531165924808e-02	-7.770918682971961200e-02	5.789850605162912001e-02	-5.839662808018473289e-02	7.615085963946105485e-02	-5.195123474786626783e-02	5.132194167487182102e-02	-5.554380952858726378e-02	5.344023607375176371e-02	-6.152209821394074435e-02	4.809830772792689918e-02	-3.885992815886423618e-02	5.579454395018929730e-02	-7.264014280950410740e-02	8.699550977579487143e-02	-6.071928658358444891e-02
2.506363599890160110e-01	-2.128257502591959227e-01	1.185848888709177262e-01	-1.532024817208467171e-01	1.356721970880921391e-01	-6.937569188918264462e-01	1.853762343890679731e-01	-1.865137131488007194e-01	1.619266390929389454e-01	-1.049381139571159832e-01	1.000000000000000888e+00	-4.907801466935694523e-01	2.226099689545607274e-01	-1.459531477021515644e-01	1.694863503032551788e-01	-2.126205020721951555e-01	2.176667825712680637e-01	-1.656502703366922180e-01	1.298612485817005613e-01	-1.360600229462058941e-01	1.480758741965540748e-01	-1.385438090028540126e-01	1.205043534833504376e-01	-1.250424376431066853e-01	1.027300627207110018e-01	-1.729022330780969896e-01	1.147472928615361348e-01	-1.034435256302511236e-01	8.581588611358194341e-02	-6.477980044071109111e-02	8.958474173688653341e-02	-7.032516709445631176e-02	7.051845150390687045e-02	-8.806027254247375535e-02	5.805345530878916471e-02	-5.976912707829508398e-02	6.682897471792281774e-02	-6.367040068962080690e-02	7.082077904235725696e-02	-5.475014822302289030e-02	4.555222912358291437e-02	-6.518452398435842232e-02	8.629187544090059780e-02	-9.668340856794099825e-02	6.974747928782845663e-02
-2.200527849157610516e-01	1.784640304564078239e-01	-1.132169190534818015e-01	1.365918254105937257e-01	-1.667236607095027301e-01	2.621899746519633090e-01	-2.805428818598780794e-01	2.255768892517371060e-01	-2.135674953310578161e-01	1.285392150004539269e-01	-4.907801466935694523e-01	1.000000000000000666e+00	-4.380574444579292681e-01	1.991531460194820025e-01	-2.242564837763839913e-01	2.516853837588611253e-01	-4.878031372079431605e-01	2.136779740605272149e-01	-1.729094822052153202e-01	1.646649448944026151e-01	-1.943756938327479145e-01	1.677931595274066157e-01	-1.503049843557625331e-01	1.500085222958726650e-01	-1.269630623968455163e-01	1.925446095271229341e-01	-1.380460407193432049e-01	1.219928385816831939e-01	-1.017696644894765801e-01	7.530760494127212989e-02	-1.024998748950107785e-01	8.181266995382543983e-02	-8.272485227281045628e-02	1.016374820202284590e-01	-6.813925152383105976e-02	6.816150720926081319e-02	-7.789263361259719798e-02	7.378749612563502425e-02	-8.208842029720365974e-02	6.310827275005313763e-02	-5.228614496478052598e-02	7.442348767019170419e-02	-1.004287765008520655e-01	1.086890708991922194e-01	-8.082611644493430114e-02
1.923968571323052268e-01	-1.948503420857251311e-01	1.244733394971311441e-01	-1.627821923693310024e-01	1.903788694134769255e-01	-2.271953731983796798e-01	2.406086794108488469e-01	-3.544994139113644138e-01	2.697693376309305835e-01	-1.723574355859411600e-01	2.226099689545607274e-01	-4.380574444579292681e-01	9.999999999999993339e-01	-4.584694805444714527e-01	2.850999668200054349e-01	-2.111213964140418731e-01	2.289885402853533147e-01	-4.082178459882846444e-01	2.604132382168263260e-01	-2.481937633085227746e-01	1.714088209331093571e-01	-1.794283781038512882e-01	1.748871724827981144e-01	-2.130539193546158172e-01	1.701828702995664133e-01	-2.139087705169815390e-01	1.500867275752094665e-01	-1.445027830597162000e-01	1.186400907749986661e-01	-9.292467638862156321e-02	1.173773627695678390e-01	-9.357637227486699516e-02	9.428975350975583869e-02	-1.218277560638658108e-01	8.245960596994485192e-02	-7.933394200332581636e-02	8.855434980809485934e-02	-8.502725760515035536e-02	9.631939106484184443e-02	-7.501336130700941851e-02	6.031791609331567383e-02	-8.670018259122622140e-02	1.140794921583573873e-01	-1.314435538592092223e-01	9.427013366541625583e-02
-1.421060215005015837e-01	1.395736877706884316e-01	-1.050090206997113945e-01	1.389733083359601939e-01	-2.158243877248556541e-01	1.459745399401103649e-01	-1.483341718680891708e-01	1.720983994635260361e-01	-5.366867959549990186e-01	2.103083361824218400e-01	-1.459531477021515644e-01	1.991531460194820025e-01	-4.584694805444714527e-01	9.999999999999980016e-01	-5.052601766236355374e-01	1.412294445179036462e-01	-1.537626294377719416e-01	2.778123518444713391e-01	-3.674078499343944593e-01	2.499879116204873908e-01	-1.286414300998479365e-01	1.381036357206302245e-01	-1.446418571761545202e-01	1.979295521435514571e-01	-1.675739961093095087e-01	1.651685514595577775e-01	-1.200628134235829786e-01	1.174870215504140863e-01	-9.861294799777406417e-02	7.978629906544906780e-02	-9.718209135343792993e-02	7.606979626505711023e-02	-7.715371873069397368e-02	1.008474597985769272e-01	-7.089365035176047047e-02	6.523321267621814967e-02	-7.241877818226981345e-02	6.966342434083025448e-02	-8.038784497043964528e-02	6.280086184331193366e-02	-4.960581640698696892e-02	7.121841262686109952e-02	-9.394569675010547294e-02	1.095535975888442537e-01	-7.890412554341341700e-02
1.700574001925849732e-01	-1.727328799515911173e-01	1.195502526848740699e-01	-1.642839234858520514e-01	2.264744919623173924e-01	-1.827321012713528925e-01	1.597938073898080846e-01	-1.880453352124306643e-01	2.962459896898536060e-01	-2.503001471262857880e-01	1.694863503032551788e-01	-2.242564837763839913e-01	2.850999668200054349e-01	-5.052601766236355374e-01	1.000000000000001554e+00	-1.845298222089624685e-01	1.837116082673920792e-01	-3.292303218908990692e-01	2.866801013394956743e-01	-4.822484453945012906e-01	1.724915639292235736e-01	-1.938744012322829169e-01	1.966153418623329263e-01	-2.969701644225641868e-01	2.418745356174027417e-01	-2.400227780365809804e-01	1.692258501313946284e-01	-1.691272385409647028e-01	1.413330092505200863e-01	-1.193594313124749645e-01	1.413612801040796674e-01	-1.101339139526725797e-01	1.109682759288666692e-01	-1.489116677148711876e-01	1.037765607082797581e-01	-9.583710049804863851e-02	1.045404046284229282e-01	-1.011672530519215074e-01	1.173310414569806864e-01	-9.249489572686525607e-02	7.241147308064264931e-02	-1.046392523930656515e-01	1.353410512057869886e-01	-1.647389924223603974e-01	1.147715555183156100e-01
-1.485702383921821690e-01	1.186169256329124427e-01	-8.026096260085832657e-02	9.805037592925884560e-02	-1.379070968666572250e-01	1.574084120938207265e-01	-1.354145198333830402e-01	1.293199938648414427e-01	-1.648940654816044571e-01	1.018085207014324534e-01	-2.126205020721951555e-01	2.516853837588611253e-01	-2.111213964140418731e-01	1.412294445179036462e-01	-1.845298222089624685e-01	9.999999999999997780e-01	-6.566489746583730192e-01	1.782877516481764790e-01	-1.456328257504552193e-01	1.406431039127796490e-01	-5.328340364481164437e-01	2.347876328002199420e-01	-1.810765369248249490e-01	1.403611222505012635e-01	-1.191444394049439859e-01	2.510292578680169417e-01	-1.792616399749710487e-01	1.415561910922313038e-01	-1.142239955138828339e-01	7.777322644804170182e-02	-1.062900651748542452e-01	9.443337801100669393e-02	-9.467136624294113234e-02	1.102521006842403506e-01	-7.112497548045858264e-02	7.306004108512441364e-02	-8.824829106086273800e-02	8.218032227409750867e-02	-8.716030565212720682e-02	6.620823601888173315e-02	-5.646227942813061840e-02	8.033895795993875599e-02	-1.100031960076128523e-01	1.110013611241147113e-01	-8.464389899746332935e-02
1.511377417062244322e-01	-1.316583917770323409e-01	8.468333221686581702e-02	-1.060137718150591518e-01	1.338818788142661365e-01	-1.875180770362313565e-01	1.523072581719195351e-01	-1.542536582986953619e-01	1.638330978301201502e-01	-1.033139843083011045e-01	2.176667825712680637e-01	-4.878031372079431605e-01	2.289885402853533147e-01	-1.537626294377719416e-01	1.837116082673920792e-01	-6.566489746583730192e-01	1.000000000000000444e+00	-2.332730625943993663e-01	1.599183373895626259e-01	-1.547866830649619330e-01	2.684806785362676695e-01	-2.522981203145910900e-01	1.737173275136354167e-01	-1.520313052088536065e-01	1.235658518444076592e-01	-2.621095151282931135e-01	1.682680225146939434e-01	-1.436738309169575123e-01	1.123816381184175733e-01	-7.991789767430984570e-02	1.042951614424409423e-01	-9.362928966696010269e-02	9.243634081506642286e-02	-1.128408761007837074e-01	7.177444676593081052e-02	-7.336436451000179215e-02	8.615170248811587772e-02	-8.152261856529000039e-02	8.686686560755656206e-02	-6.681619703342862870e-02	5.604663755948661313e-02	-8.077744494514943474e-02	1.069770740799875358e-01	-1.145869524910431564e-01	8.387490043471988732e-02
-1.537728495369037607e-01	1.375052601522707973e-01	-9.930275095319249234e-02	1.247060259794796483e-01	-1.971354176931321422e-01	1.525341292345570587e-01	-1.552441029944116591e-01	1.658773313478629219e-01	-2.698526481656457476e-01	1.566824157322780908e-01	-1.656502703366922180e-01	2.136779740605272149e-01	-4.082178459882846444e-01	2.778123518444713391e-01	-3.292303218908990692e-01	1.782877516481764790e-01	-2.332730625943993663e-01	1.000000000000000444e+00	-6.576498176561761388e-01	2.725186715714352226e-01	-1.733684180323992463e-01	1.874449057104273786e-01	-2.563378785445111219e-01	2.482351962416753377e-01	-2.265313704857608301e-01	1.956035030055640056e-01	-1.620501326398890996e-01	1.622490939753700734e-01	-1.336923787237016825e-01	9.976896493421237577e-02	-1.165740145990027676e-01	9.687669829510639485e-02	-1.000567233785521204e-01	1.276246693127177367e-01	-9.106086488723577621e-02	7.891205600532086306e-02	-9.175068255626339653e-02	8.780009167416598370e-02	-1.010962286466836058e-01	7.790407965355879150e-02	-6.068265372607841573e-02	8.656232011792401593e-02	-1.181193674097761048e-01	1.286956950993541349e-01	-9.856338174217667281e-02
1.244825120859087558e-01	-1.172201703167656400e-01	8.337050178508031983e-02	-1.087313896361436216e-01	1.603860707795042029e-01	-1.282685531477611163e-01	1.218415349246537022e-01	-1.378491107991496045e-01	2.298195043386385417e-01	-1.407625306413680943e-01	1.298612485817005613e-01	-1.729094822052153202e-01	2.604132382168263260e-01	-3.674078499343944593e-01	2.866801013394956743e-01	-1.456328257504552193e-01	1.599183373895626259e-01	-6.576498176561761388e-01	9.999999999999974465e-01	-4.320320231323165894e-01	1.384951891836058990e-01	-1.602093046007372901e-01	1.898811664476874050e-01	-3.559517026201485246e-01	2.479444978917590414e-01	-1.710075903829607336e-01	1.349847192667638640e-01	-1.403803747520110112e-01	1.141399841018906625e-01	-9.340864850777907957e-02	9.904724047482708904e-02	-8.302552112992685196e-02	8.490347203253732766e-02	-1.130389786834137544e-01	8.303323810234954083e-02	-6.806989202508130499e-02	7.797440758466224475e-02	-7.530662532299724210e-02	8.753809286361423359e-02	-6.854312510456950225e-02	5.198834658815948417e-02	-7.475044599025580661e-02	9.993447449844380936e-02	-1.137591722086229301e-01	8.505348666358197862e-02
-1.360677582123244467e-01	1.224380783213140506e-01	-9.058971527990433703e-02	1.150364476362581712e-01	-1.945848042186049676e-01	1.309897750958550489e-01	-1.254876839109092257e-01	1.344649693411424374e-01	-2.505860961152251432e-01	1.561170132116326825e-01	-1.360600229462058941e-01	1.646649448944026151e-01	-2.481937633085227746e-01	2.499879116204873908e-01	-4.822484453945012906e-01	1.406431039127796490e-01	-1.547866830649619330e-01	2.725186715714352226e-01	-4.320320231323165894e-01	9.999999999999981126e-01	-1.456292657292861115e-01	1.604318873028222070e-01	-1.927266674911859712e-01	3.103838875190781388e-01	-5.631536813085467053e-01	1.771978248463136896e-01	-1.455156492406027291e-01	1.447723329277442461e-01	-1.293389365804512858e-01	1.203773172949774567e-01	-1.135433620945460048e-01	9.092425125416840614e-02	-9.437674988814340193e-02	1.259227717978218253e-01	-1.099461725572749293e-01	7.602703815477401816e-02	-8.707719758031495783e-02	8.376853422757572776e-02	-1.023763574951249145e-01	8.077082108573503672e-02	-5.842996880694812517e-02	8.325339252898984743e-02	-1.139953516431902875e-01	1.283490340615341396e-01	-1.013452025879130192e-01
1.233531269366580085e-01	-1.045448953432654982e-01	7.099031384739049044e-02	-8.866422027596559952e-02	1.255033162796107549e-01	-1.336810243108483287e-01	1.092932199818556216e-01	-1.117266206025265829e-01	1.475679722456059717e-01	-9.340288154091498651e-02	1.480758741965540748e-01	-1.943756938327479145e-01	1.714088209331093571e-01	-1.286414300998479365e-01	1.724915639292235736e-01	-5.328340364481164437e-01	2.684806785362676695e-01	-1.733684180323992463e-01	1.384951891836058990e-01	-1.456292657292861115e-01	9.999999999999992228e-01	-4.849493143180049759e-01	2.342518171585016018e-01	-1.610248049946101934e-01	1.285433837406014246e-01	-5.184351403745792730e-01	2.549453562012896635e-01	-1.974494129686374944e-01	1.432161044215293222e-01	-9.433232046102744961e-02	1.208033405829489065e-01	-1.261140324263723411e-01	1.210360695374260998e-01	-1.416480663003253371e-01	8.492077732017909442e-02	-8.964448102958146036e-02	1.114153314739430578e-01	-1.040639215805618800e-01	1.040556106982425816e-01	-7.947496811708408548e-02	6.867491926925924084e-02	-9.962078445846092589e-02	1.317983968207594170e-01	-1.331907304181561280e-01	9.842946472217087295e-02
-1.223407079242684048e-01	1.018704957507490932e-01	-7.162336018796601478e-02	8.872082531687715268e-02	-1.355696139898198704e-01	1.214446767514641284e-01	-1.073345372522451630e-01	1.085138683877631960e-01	-1.599983570370037689e-01	1.000133950843232339e-01	-1.385438090028540126e-01	1.677931595274066157e-01	-1.794283781038512882e-01	1.381036357206302245e-01	-1.938744012322829169e-01	2.347876328002199420e-01	-2.522981203145910900e-01	1.874449057104273786e-01	-1.602093046007372901e-01	1.604318873028222070e-01	-4.849493143180049759e-01	9.999999999999973355e-01	-5.409541526305206016e-01	1.969740765042742592e-01	-1.638994380992281064e-01	3.052431561970726515e-01	-4.509567529477933601e-01	2.747803178157680049e-01	-1.923728526422406049e-01	1.109961903717698456e-01	-1.323290536234502657e-01	1.611715674191933623e-01	-1.581352189782757878e-01	1.705215200004280007e-01	-1.019166061869136719e-01	1.020767770035145988e-01	-1.402891579160891744e-01	1.267321901006224771e-01	-1.223215216250143761e-01	9.180819353809532846e-02	-7.941199009663883757e-02	1.145582691304872502e-01	-1.569319338924594631e-01	1.472457400863643184e-01	-1.131295015120054315e-01
1.121629926657353032e-01	-9.752159366585670675e-02	6.852223015506857251e-02	-8.628974949822321161e-02	1.303436557924513850e-01	-1.133771533017179228e-01	9.982623859760268725e-02	-1.050966634205073164e-01	1.569510345643755633e-01	-9.904167684139147942e-02	1.205043534833504376e-01	-1.503049843557625331e-01	1.748871724827981144e-01	-1.446418571761545202e-01	1.966153418623329263e-01	-1.810765369248249490e-01	1.737173275136354167e-01	-2.563378785445111219e-01	1.898811664476874050e-01	-1.927266674911859712e-01	2.342518171585016018e-01	-5.409541526305206016e-01	9.999999999999998890e-01	-3.364133570116564220e-01	2.006910123936352097e-01	-2.803375537664566930e-01	2.895861804814175988e-01	-5.311988665148075217e-01	2.290144451020877103e-01	-1.351799395313283692e-01	1.287762543760298251e-01	-1.568982022268116949e-01	1.587494104885122659e-01	-2.196743287820251134e-01	1.181017506811990886e-01	-1.031227623619598160e-01	1.314648396040775102e-01	-1.318042418761764534e-01	1.345442959519115855e-01	-1.038039613240259867e-01	7.850329846489183250e-02	-1.162912017223236838e-01	1.520405732434575996e-01	-1.645590350473156993e-01	1.201797583791894969e-01
-1.231794086758772194e-01	1.084337356752733683e-01	-7.942169806062748805e-02	1.000188661083724895e-01	-1.653208588548131797e-01	1.183954077274222971e-01	-1.116036017032811800e-01	1.180015146839556717e-01	-2.082946410338932797e-01	1.279406139666330322e-01	-1.250424376431066853e-01	1.500085222958726650e-01	-2.130539193546158172e-01	1.979295521435514571e-01	-2.969701644225641868e-01	1.403611222505012635e-01	-1.520313052088536065e-01	2.482351962416753377e-01	-3.559517026201485246e-01	3.103838875190781388e-01	-1.610248049946101934e-01	1.969740765042742592e-01	-3.364133570116564220e-01	1.000000000000001110e+00	-6.833235427204331636e-01	1.872812371260818565e-01	-1.734317430934466109e-01	1.865387352493361739e-01	-1.630919408693522199e-01	1.363653294920282033e-01	-1.147856711568066013e-01	1.023533080605454892e-01	-1.074173826171410800e-01	1.464061056444439790e-01	-1.253497609005548574e-01	8.019428158471267332e-02	-9.576706769514975459e-02	9.252427090920277430e-02	-1.125680128041106620e-01	8.836399044400583547e-02	-6.179678665610879862e-02	8.857822067127756049e-02	-1.219989517023997994e-01	1.348592792854299283e-01	-1.084578462403844590e-01
1.008626674064870832e-01	-9.181885952448395893e-02	6.561777833560045181e-02	-8.424882138698797096e-02	1.300805279110312795e-01	-1.007723239216900268e-01	9.197651258114349082e-02	-9.986644622172956287e-02	1.637174334346772619e-01	-1.052026249441395112e-01	1.027300627207110018e-01	-1.269630623968455163e-01	1.701828702995664133e-01	-1.675739961093095087e-01	2.418745356174027417e-01	-1.191444394049439859e-01	1.235658518444076592e-01	-2.265313704857608301e-01	2.479444978917590414e-01	-5.631536813085467053e-01	1.285433837406014246e-01	-1.638994380992281064e-01	2.006910123936352097e-01	-6.833235427204331636e-01	1.000000000000000666e+00	-1.639142984495864652e-01	1.383645164502535496e-01	-1.540193216162657475e-01	1.315134747420952377e-01	-1.648964043815174252e-01	9.629130451307509053e-02	-8.616375884338883795e-02	8.890762187502754266e-02	-1.312940159226795023e-01	1.269912109523539390e-01	-6.859842013700087615e-02	7.985065051842410444e-02	-7.830458775753332268e-02	9.843888400332269362e-02	-8.091362211871248877e-02	5.234955764078337570e-02	-7.586162891064612834e-02	1.015823813122441188e-01	-1.209424267062058911e-01	9.518556017583813811e-02
-1.607225035865567087e-01	1.281532502464341472e-01	-9.206342262554231826e-02	1.122965726246017842e-01	-1.808432408123021029e-01	1.489099938827341263e-01	-1.325282219492679436e-01	1.317157836905924750e-01	-2.049097582549550267e-01	1.282103425124021256e-01	-1.729022330780969896e-01	1.925446095271229341e-01	-2.139087705169815390e-01	1.651685514595577775e-01	-2.400227780365809804e-01	2.510292578680169417e-01	-2.621095151282931135e-01	1.956035030055640056e-01	-1.710075903829607336e-01	1.771978248463136896e-01	-5.184351403745792730e-01	3.052431561970726515e-01	-2.803375537664566930e-01	1.872812371260818565e-01	-1.639142984495864652e-01	9.999999999999974465e-01	-5.081517466010219142e-01	2.491027447751935076e-01	-2.032408738839486806e-01	1.232177437971906930e-01	-1.884696849918914563e-01	1.880942530652831013e-01	-1.864336099175870065e-01	1.836804192532990043e-01	-1.159108427397013003e-01	1.299046048739581072e-01	-1.755056546410667662e-01	1.532565783738766285e-01	-1.478938822132832009e-01	1.095399070009274584e-01	-1.026171669485699267e-01	1.434269461838015292e-01	-2.057386303738186206e-01	1.769715127379412611e-01	-1.427764646525446213e-01
1.069224241099095141e-01	-9.044793856199952187e-02	6.357604756482401753e-02	-7.935421392534783291e-02	1.207246152194801775e-01	-1.060061372419437153e-01	9.153894779109127133e-02	-9.441484711007437636e-02	1.399388839505063264e-01	-8.873164544750776483e-02	1.147472928615361348e-01	-1.380460407193432049e-01	1.500867275752094665e-01	-1.200628134235829786e-01	1.692258501313946284e-01	-1.792616399749710487e-01	1.682680225146939434e-01	-1.620501326398890996e-01	1.349847192667638640e-01	-1.455156492406027291e-01	2.549453562012896635e-01	-4.509567529477933601e-01	2.895861804814175988e-01	-1.734317430934466109e-01	1.383645164502535496e-01	-5.081517466010219142e-01	1.000000000000000666e+00	-4.753814059560770300e-01	2.265863642650624288e-01	-1.295404563451466040e-01	1.495549124344926206e-01	-3.256916145264678319e-01	2.186971763558070991e-01	-2.256639423687124002e-01	1.152177846972540359e-01	-1.347410138074270902e-01	1.953326413883620105e-01	-1.771841740851062552e-01	1.418118102078493592e-01	-1.078046591537659693e-01	1.020780084410005950e-01	-1.541584291351442149e-01	1.899843063815063737e-01	-1.747639458257272127e-01	1.267036490903638846e-01
-9.854382742256073691e-02	8.322763327758996021e-02	-5.943757471320602892e-02	7.398612384049718660e-02	-1.167177127297702732e-01	9.526611282564757810e-02	-8.461720842206860160e-02	8.731947991959995714e-02	-1.364233769112218331e-01	8.576206420726083246e-02	-1.034435256302511236e-01	1.219928385816831939e-01	-1.445027830597162000e-01	1.174870215504140863e-01	-1.691272385409647028e-01	1.415561910922313038e-01	-1.436738309169575123e-01	1.622490939753700734e-01	-1.403803747520110112e-01	1.447723329277442461e-01	-1.974494129686374944e-01	2.747803178157680049e-01	-5.311988665148075217e-01	1.865387352493361739e-01	-1.540193216162657475e-01	2.491027447751935076e-01	-4.753814059560770300e-01	9.999999999999994449e-01	-4.780319939056628109e-01	1.435292585011750666e-01	-1.321103123957243775e-01	1.909946543543707409e-01	-2.339950554893514001e-01	2.581032949587173664e-01	-1.329492080546183230e-01	1.101754779049561039e-01	-1.579410562311971133e-01	1.571509040572291738e-01	-1.563887042148347783e-01	1.131213778257859348e-01	-8.545246367717490577e-02	1.256985500578351456e-01	-1.747815178645354128e-01	1.684372447193716593e-01	-1.313496315711327467e-01
8.333423651353417949e-02	-7.147860737378354534e-02	5.069448035994466445e-02	-6.358965510908647090e-02	9.841349795468262718e-02	-8.142318063784148574e-02	7.100702806796242716e-02	-7.415314828739122399e-02	1.139768015694811454e-01	-7.262010593943646342e-02	8.581588611358194341e-02	-1.017696644894765801e-01	1.186400907749986661e-01	-9.861294799777406417e-02	1.413330092505200863e-01	-1.142239955138828339e-01	1.123816381184175733e-01	-1.336923787237016825e-01	1.141399841018906625e-01	-1.293389365804512858e-01	1.432161044215293222e-01	-1.923728526422406049e-01	2.290144451020877103e-01	-1.630919408693522199e-01	1.315134747420952377e-01	-2.032408738839486806e-01	2.265863642650624288e-01	-4.780319939056628109e-01	1.000000000000000666e+00	-2.572840449721564560e-01	1.231700617204330439e-01	-1.569217367325741186e-01	1.752867744014243445e-01	-6.780648025771589538e-01	2.053312237182020050e-01	-1.034819983469131288e-01	1.315601712109019938e-01	-1.431960163049179335e-01	2.161231115106294898e-01	-1.663264340635568217e-01	7.855070015468662570e-02	-1.180422343529844431e-01	1.579654811917184098e-01	-2.248773394829103045e-01	1.622059997228105510e-01
-6.454002105175635218e-02	5.522677485206980985e-02	-3.976820185512076195e-02	4.978101612384026875e-02	-7.982999290633954748e-02	6.148465963412984292e-02	-5.469100033496164526e-02	5.708731788209379238e-02	-9.250852365798009624e-02	5.879643531165924808e-02	-6.477980044071109111e-02	7.530760494127212989e-02	-9.292467638862156321e-02	7.978629906544906780e-02	-1.193594313124749645e-01	7.777322644804170182e-02	-7.991789767430984570e-02	9.976896493421237577e-02	-9.340864850777907957e-02	1.203773172949774567e-01	-9.433232046102744961e-02	1.109961903717698456e-01	-1.351799395313283692e-01	1.363653294920282033e-01	-1.648964043815174252e-01	1.232177437971906930e-01	-1.295404563451466040e-01	1.435292585011750666e-01	-2.572840449721564560e-01	1.000000000000000888e+00	-9.133741125810057593e-02	8.883553522193672614e-02	-1.008843664881327734e-01	2.294396262438255507e-01	-8.631457327204722363e-01	6.861249926097856555e-02	-8.391928936172730891e-02	8.645293222746897044e-02	-1.973008993539789035e-01	1.931612444444026633e-01	-5.303833967820730660e-02	7.715082715780843814e-02	-1.118103330039168508e-01	1.699950192196125198e-01	-2.028000259283311846e-01
9.251443462978126142e-02	-7.956368564951729616e-02	5.629523148687071848e-02	-7.090926600261598933e-02	1.090335063671910160e-01	-8.853084320533217977e-02	7.461021801262622544e-02	-7.810373166162522252e-02	1.198336738264099838e-01	-7.770918682971961200e-02	8.958474173688653341e-02	-1.024998748950107785e-01	1.173773627695678390e-01	-9.718209135343792993e-02	1.413612801040796674e-01	-1.062900651748542452e-01	1.042951614424409423e-01	-1.165740145990027676e-01	9.904724047482708904e-02	-1.135433620945460048e-01	1.208033405829489065e-01	-1.323290536234502657e-01	1.287762543760298251e-01	-1.147856711568066013e-01	9.629130451307509053e-02	-1.884696849918914563e-01	1.495549124344926206e-01	-1.321103123957243775e-01	1.231700617204330439e-01	-9.133741125810057593e-02	1.000000000000001110e+00	-1.621238079323963910e-01	1.515838631427560979e-01	-1.334695378431303425e-01	8.453548569658068945e-02	-3.842845229558344844e-01	1.894782971139161998e-01	-1.611467580708944580e-01	1.268417864981375709e-01	-9.576485817955869562e-02	2.090579861542103679e-01	-2.647147859753345434e-01	2.356647825387820361e-01	-1.956689021538387530e-01	1.319620761734707770e-01
-6.840148960736085193e-02	5.769062514112897888e-02	-4.103699523064888166e-02	5.115838296319613621e-02	-7.998413274678546625e-02	6.580075570180859978e-02	-5.719340986407106531e-02	5.904090894200187539e-02	-9.101661934467838999e-02	5.789850605162912001e-02	-7.032516709445631176e-02	8.181266995382543983e-02	-9.357637227486699516e-02	7.606979626505711023e-02	-1.101339139526725797e-01	9.443337801100669393e-02	-9.362928966696010269e-02	9.687669829510639485e-02	-8.302552112992685196e-02	9.092425125416840614e-02	-1.261140324263723411e-01	1.611715674191933623e-01	-1.568982022268116949e-01	1.023533080605454892e-01	-8.616375884338883795e-02	1.880942530652831013e-01	-3.256916145264678319e-01	1.909946543543707409e-01	-1.569217367325741186e-01	8.883553522193672614e-02	-1.621238079323963910e-01	1.000000000000003109e+00	-5.905738522193942908e-01	1.609454186829404609e-01	-8.467658871917495278e-02	1.839454857842776625e-01	-5.791550465143782134e-01	2.979073946432914122e-01	-1.187688983735509241e-01	8.485138796705182784e-02	-1.505221404787975281e-01	2.167360909370177058e-01	-2.775077409814306062e-01	1.428818097330836756e-01	-1.049671558974260427e-01
6.878549192084626451e-02	-5.859763752199252662e-02	4.149261482781754773e-02	-5.195188233717721454e-02	8.020959677380451458e-02	-6.684744172835148379e-02	5.770517550565180259e-02	-5.994993614425015577e-02	9.146880223241901642e-02	-5.839662808018473289e-02	7.051845150390687045e-02	-8.272485227281045628e-02	9.428975350975583869e-02	-7.715371873069397368e-02	1.109682759288666692e-01	-9.467136624294113234e-02	9.243634081506642286e-02	-1.000567233785521204e-01	8.490347203253732766e-02	-9.437674988814340193e-02	1.210360695374260998e-01	-1.581352189782757878e-01	1.587494104885122659e-01	-1.074173826171410800e-01	8.890762187502754266e-02	-1.864336099175870065e-01	2.186971763558070991e-01	-2.339950554893514001e-01	1.752867744014243445e-01	-1.008843664881327734e-01	1.515838631427560979e-01	-5.905738522193942908e-01	1.000000000000000444e+00	-2.210720628530492560e-01	9.531159960707821788e-02	-1.818414819340964661e-01	3.028280963544148774e-01	-5.868623778784954892e-01	1.342628026491513860e-01	-9.648327830935188310e-02	1.353538258362843860e-01	-2.205662153882173571e-01	2.738776673826233132e-01	-1.625799642743832596e-01	1.129558876122429278e-01
-8.684266460416670275e-02	7.313791357384805125e-02	-5.261178101121171541e-02	6.544545169546976682e-02	-1.050787782836130196e-01	8.228747895314178495e-02	-7.280547346212379312e-02	7.523112563251053986e-02	-1.201701677620916897e-01	7.615085963946105485e-02	-8.806027254247375535e-02	1.016374820202284590e-01	-1.218277560638658108e-01	1.008474597985769272e-01	-1.489116677148711876e-01	1.102521006842403506e-01	-1.128408761007837074e-01	1.276246693127177367e-01	-1.130389786834137544e-01	1.259227717978218253e-01	-1.416480663003253371e-01	1.705215200004280007e-01	-2.196743287820251134e-01	1.464061056444439790e-01	-1.312940159226795023e-01	1.836804192532990043e-01	-2.256639423687124002e-01	2.581032949587173664e-01	-6.780648025771589538e-01	2.294396262438255507e-01	-1.334695378431303425e-01	1.609454186829404609e-01	-2.210720628530492560e-01	1.000000000000000000e+00	-2.887995216955511757e-01	1.078165001282053864e-01	-1.447412349289393663e-01	1.552507177082775025e-01	-3.821888681595764781e-01	2.035818833687464691e-01	-8.387186101634437618e-02	1.230591403127826999e-01	-1.818896152086615370e-01	2.382733643810072965e-01	-2.084956869632476062e-01
