1.000000000000000222e+00	-6.961605027933583933e-01	3.249056473447464732e-01	-1.824583763544697368e-01	1.619531946112801046e-01	-4.110258081112779238e-01	1.982506651974229872e-01	-2.277187202831274515e-01	1.688645973046810078e-01	-9.015295320295775572e-02	1.867660119198833457e-01	-1.915108461624120684e-01	1.597157974184846563e-01	-1.519666904307146182e-01	8.317680423297858783e-02	-1.777840171945215264e-01	1.581035448667720555e-01	-1.616314713757972532e-01	1.220714891067737062e-01	-1.711077150952901860e-01	1.078385441655581728e-01	-1.018020407180633552e-01	1.138111999679803643e-01	-1.538168295143668152e-01	1.175583861070685909e-01	-1.121507340412756237e-01	1.029443878845311411e-01	-9.105733810304325604e-02	1.079850979883168888e-01	-1.630828789565780534e-01	8.831024511318920356e-02	-9.270960022047358695e-02	1.422448344439364853e-01	-9.333429327152785449e-02	7.034140036668592999e-02	-1.432886270713058623e-02	3.131778330699987178e-02	-3.722434083230350549e-02	8.227529627318359851e-02	-6.726886068523355022e-02	1.555350935145087023e-02	-3.010945049539566834e-02	3.706154949940125565e-02	-6.243896105977665700e-02	1.349144171195545139e-01
-6.961605027933583933e-01	1.000000000000000000e+00	-6.042234109810210585e-01	1.437283144294392578e-01	-1.301226099860249286e-01	2.300450740836742780e-01	-2.028014569483047314e-01	1.757167271386809448e-01	-1.236893458590059280e-01	6.288972411454524236e-02	-1.279553311695684203e-01	1.420556097125494077e-01	-1.165342588434988141e-01	1.066866173180805732e-01	-5.835072441873715571e-02	1.169904528864162685e-01	-1.122101217307624327e-01	1.092041524612681891e-01	-8.294885989351388766e-02	1.129740655600583593e-01	-7.242143766911533775e-02	6.975319266086031644e-02	-7.771063655695026329e-02	1.016337803388940864e-01	-7.803555712236824593e-02	7.427130304121044857e-02	-7.006237764046134575e-02	6.140816304871624803e-02	-7.106176874383746123e-02	1.057313036940014939e-01	-5.869671660952744535e-02	6.122522790595218145e-02	-9.400249212026738632e-02	6.118521258771786320e-02	-4.588435490973560849e-02	9.377627265398395459e-03	-2.051136953476114660e-02	2.433114222928154866e-02	-5.343037932187876676e-02	4.380865871907382164e-02	-1.017599559666765817e-02	1.970107053558019933e-02	-2.421553146368628923e-02	4.054064792539027046e-02	-8.732628209339748926e-02
3.249056473447464732e-01	-6.042234109810210585e-01	9.999999999999998890e-01	-3.056689860475159115e-01	2.206150751234204344e-01	-3.808644692007248089e-01	2.103697342335456300e-01	-2.681746306541497038e-01	2.063639773819345713e-01	-1.099781118222515341e-01	1.907041041636904355e-01	-2.014463340502547217e-01	1.836643002574345485e-01	-1.801589975208998384e-01	1.006576364995213357e-01	-1.882887827529000357e-01	1.690647172636167705e-01	-1.868753077977296229e-01	1.415040823324678065e-01	-1.994765435151899247e-01	1.156001760496100511e-01	-1.095475395629880166e-01	1.231743485955043016e-01	-1.774869190009280007e-01	1.357717419987978513e-01	-1.209706384430090931e-01	1.113162483743545816e-01	-9.896623685968770900e-02	1.220714516820533280e-01	-1.856844324021677817e-01	9.619823986297225404e-02	-1.012272903076409658e-01	1.583732158409957014e-01	-1.048494174592778105e-01	7.887185601418936209e-02	-1.586932859100746371e-02	3.467969806557594237e-02	-4.144530291870332506e-02	9.196437305211269120e-02	-7.542685056169481927e-02	1.724041873323372415e-02	-3.335095095413640603e-02	4.127285009821812789e-02	-6.980229024143555505e-02	1.507121538138664341e-01
-1.824583763544697368e-01	1.437283144294392578e-01	-3.056689860475159115e-01	9.999999999999996669e-01	-7.846911769163313899e-01	1.812651559217118569e-01	-1.230773964748926030e-01	1.526314336504505931e-01	-3.850176822427761048e-01	1.579665232822370924e-01	-1.116688665309278627e-01	1.163942288876628484e-01	-1.626552858145936253e-01	1.947421859565342528e-01	-1.461223062700363062e-01	1.088825744803865736e-01	-1.085153427414339705e-01	1.546093577795200069e-01	-1.280761931801270848e-01	1.769833587294345201e-01	-7.264653384716905637e-02	7.033031804526654329e-02	-8.248959929300705984e-02	1.474591595113803888e-01	-1.184221380968555615e-01	7.476537570304631064e-02	-7.347223828120399980e-02	6.570697189109478420e-02	-9.437182943096332488e-02	1.394658216347581525e-01	-6.415957725506900300e-02	6.631737187034128511e-02	-1.169895307796991607e-01	7.776090072713306989e-02	-5.767968223461909100e-02	1.102635370881676832e-02	-2.415439309129372922e-02	2.956227785254776641e-02	-6.584159047041028556e-02	5.468296397324147462e-02	-1.203636646379357619e-02	2.315448112121250637e-02	-2.948731858745359813e-02	4.986251700653272778e-02	-1.068609115826633510e-01
1.619531946112801046e-01	-1.301226099860249286e-01	2.206150751234204344e-01	-7.846911769163313899e-01	9.999999999999995559e-01	-2.141816058272928980e-01	1.306577458209933207e-01	-1.688569270266142841e-01	2.683307425646017097e-01	-2.325856617639867063e-01	1.261708355580598295e-01	-1.308940571027549793e-01	1.714322039070914627e-01	-2.125450873175763200e-01	1.724205219965539992e-01	-1.271644445757390829e-01	1.226064237635619975e-01	-1.905586677083578317e-01	1.520672103370346862e-01	-2.383593963204965749e-01	8.429410713629004182e-02	-8.112609843429884060e-02	9.517116770475433918e-02	-1.890181693635646087e-01	1.489999456845856329e-01	-8.780573900968696721e-02	8.499786409133237852e-02	-7.683479227539156964e-02	1.162069632126133401e-01	-1.801282642835158876e-01	7.546272396873542065e-02	-7.865447728155908202e-02	1.399798683695867574e-01	-9.562211397709731442e-02	7.039427029536511615e-02	-1.324616800625697671e-02	2.898517863946852707e-02	-3.564366059452433316e-02	7.973368492710747324e-02	-6.703503281280444315e-02	1.446241280748895852e-02	-2.783715262516750499e-02	3.552314681951272701e-02	-6.052394059620885836e-02	1.291624695839942438e-01
-4.110258081112779238e-01	2.300450740836742780e-01	-3.808644692007248089e-01	1.812651559217118569e-01	-2.141816058272928980e-01	9.999999999999997780e-01	-2.714227640866941349e-01	2.387105752729810904e-01	-2.248869535062061609e-01	1.022847955627255584e-01	-5.239721863334206864e-01	2.690930334427182324e-01	-2.085398539914605220e-01	1.758803753485990995e-01	-9.824317006684121778e-02	2.701058524615718714e-01	-2.769619448844720111e-01	1.760912640978245236e-01	-1.400316842238749915e-01	1.794151709353066504e-01	-1.799201731559668116e-01	1.648245618711779714e-01	-1.922356688814103043e-01	1.677427051314906159e-01	-1.325302875143316017e-01	1.656517475100412473e-01	-1.703462085329311149e-01	1.421248573873135634e-01	-1.377052229173441056e-01	1.832188013597273457e-01	-1.375048108918713874e-01	1.345822574222708401e-01	-2.052371650528618530e-01	1.214856661090622375e-01	-9.321205597133540299e-02	2.007568715380018270e-02	-4.412922333640190153e-02	5.155877305704707064e-02	-1.113955113735508456e-01	8.795753473232773012e-02	-2.180534853820229046e-02	4.201319996427399506e-02	-5.149051305354186703e-02	8.394849167509856047e-02	-1.831615235828156496e-01
1.982506651974229872e-01	-2.028014569483047314e-01	2.103697342335456300e-01	-1.230773964748926030e-01	1.306577458209933207e-01	-2.714227640866941349e-01	9.999999999999998890e-01	-6.528441794849104696e-01	1.732962021173092559e-01	-7.874487691520269672e-02	2.368726840716462168e-01	-5.429164019510608341e-01	2.300659097530244335e-01	-1.751906628685468981e-01	7.469449759587395987e-02	-2.033899245667193934e-01	2.230952276209328677e-01	-1.712915214217095583e-01	1.241230735252936840e-01	-1.469368292245756547e-01	1.207984385935638172e-01	-1.273554312684604672e-01	1.296347722677305692e-01	-1.383147041141256639e-01	1.047050891631285396e-01	-1.208313391387216551e-01	1.175331009012613726e-01	-1.009522008233507684e-01	9.526417619201317522e-02	-1.346526730233121583e-01	8.941074181250791009e-02	-9.308971341384651710e-02	1.297320651860027763e-01	-8.214877665976932919e-02	5.965568086161177758e-02	-1.286457789034360817e-02	2.817704682875604022e-02	-3.239230983937800568e-02	6.782520565460377349e-02	-5.692171185570502057e-02	1.386181436236884335e-02	-2.704471717112968965e-02	3.205776017869318983e-02	-5.161545969689391999e-02	1.087277510890275606e-01
-2.277187202831274515e-01	1.757167271386809448e-01	-2.681746306541497038e-01	1.526314336504505931e-01	-1.688569270266142841e-01	2.387105752729810904e-01	-6.528441794849104696e-01	1.000000000000000444e+00	-2.542756964076414161e-01	9.718650755088903415e-02	-2.352801820529076271e-01	2.815205362672030254e-01	-4.320193201946170292e-01	2.252697420146299034e-01	-9.408659724878522257e-02	1.876934468475112971e-01	-2.349839972125325471e-01	2.049994707388825832e-01	-1.576464562338293351e-01	1.692603597472740196e-01	-1.259788501489270962e-01	1.293392615646821731e-01	-1.455122180809209076e-01	1.599845880103449858e-01	-1.242363064797348121e-01	1.219736871396335104e-01	-1.290952874446686938e-01	1.084963713886884090e-01	-1.118138115460506066e-01	1.523530562860017923e-01	-9.793720337389102970e-02	9.926295803939035045e-02	-1.522113252757812396e-01	9.483024948169561930e-02	-6.986425697457122885e-02	1.457496516780165327e-02	-3.199464080572217428e-02	3.755475662379213764e-02	-8.007868746112599412e-02	6.611918775638014889e-02	-1.579330149543267670e-02	3.058411469398876828e-02	-3.732869672611874301e-02	6.064947209546943385e-02	-1.291133306770591849e-01
1.688645973046810078e-01	-1.236893458590059280e-01	2.063639773819345713e-01	-3.850176822427761048e-01	2.683307425646017097e-01	-2.248869535062061609e-01	1.732962021173092559e-01	-2.542756964076414161e-01	9.999999999999997780e-01	-2.321382705069097163e-01	1.513774200985971152e-01	-1.699316174751273056e-01	2.875742161275433584e-01	-5.988378168634904686e-01	1.854730413926550248e-01	-1.499025378190591284e-01	1.522192306656131588e-01	-2.906977527624358681e-01	2.363192312192370914e-01	-2.997718977043362654e-01	1.009056137216837457e-01	-9.908357356325969700e-02	1.160275816710355096e-01	-2.609959919769864745e-01	1.924274514909050382e-01	-1.041815670870699095e-01	1.031376053258116626e-01	-9.315447587581747457e-02	1.442196882863590324e-01	-2.159116504237581780e-01	8.997206205590639605e-02	-9.339711628050893777e-02	1.689371154842694844e-01	-1.162136911460408678e-01	8.349770674686281258e-02	-1.553234540037865333e-02	3.402879051782527892e-02	-4.188969444642165474e-02	9.244482689253190333e-02	-7.928713058104618072e-02	1.694900121945420654e-02	-3.265280212287764022e-02	4.167648413570750054e-02	-7.022973871420505609e-02	1.478108438577628303e-01
-9.015295320295775572e-02	6.288972411454524236e-02	-1.099781118222515341e-01	1.579665232822370924e-01	-2.325856617639867063e-01	1.022847955627255584e-01	-7.874487691520269672e-02	9.718650755088903415e-02	-2.321382705069097163e-01	9.999999999999996669e-01	-7.211409970434932981e-02	7.512348501150439839e-02	-1.264132590216413277e-01	1.532661659424251477e-01	-8.876727329028496483e-01	7.083244944919243891e-02	-7.560558045879628430e-02	1.224488746172589376e-01	-1.205812853658185108e-01	2.134892268969607876e-01	-5.080171960202940068e-02	4.987232936383733523e-02	-6.086177659341022311e-02	1.288830163778140470e-01	-1.426667350618672503e-01	5.175776569718931741e-02	-5.363514872450950849e-02	4.857462981441970640e-02	-8.323620079037918895e-02	1.155128567499109915e-01	-4.803897676759184832e-02	4.884903178779179816e-02	-9.848618203420343720e-02	6.463182730361093087e-02	-4.751885993852586476e-02	8.589757202917953222e-03	-1.889074803255663682e-02	2.373454484341450121e-02	-5.298805681454090560e-02	4.428569905239255339e-02	-9.421781213663259560e-03	1.802846392308924545e-02	-2.372608941291864254e-02	3.991761365613712143e-02	-8.499706939448181675e-02
1.867660119198833457e-01	-1.279553311695684203e-01	1.907041041636904355e-01	-1.116688665309278627e-01	1.261708355580598295e-01	-5.239721863334206864e-01	2.368726840716462168e-01	-2.352801820529076271e-01	1.513774200985971152e-01	-7.211409970434932981e-02	1.000000000000001332e+00	-4.847848049858562436e-01	1.668967706637170811e-01	-1.393245115555905578e-01	6.861568785709108720e-02	-5.351071162123391955e-01	2.786704563478500929e-01	-1.441649801436872547e-01	1.084896333870505741e-01	-1.368876273296722179e-01	1.949158323173467711e-01	-1.672524451714928750e-01	1.658986980489313701e-01	-1.296798466685586126e-01	9.973099979643548774e-02	-1.868085674940659080e-01	1.539484776332415983e-01	-1.292229841683957547e-01	1.000164263692840394e-01	-1.389886420232953335e-01	1.200036570083822529e-01	-1.237894862167985832e-01	1.468471845755091598e-01	-8.954517057809951996e-02	6.453147636848105551e-02	-1.526505876262772288e-02	3.344402678269651347e-02	-3.668974650126559378e-02	7.361265013894165155e-02	-6.183645104407313464e-02	1.630129849062221872e-02	-3.211100485376701397e-02	3.613466730751353079e-02	-5.618234244331078708e-02	1.172847339917095361e-01
-1.915108461624120684e-01	1.420556097125494077e-01	-2.014463340502547217e-01	1.163942288876628484e-01	-1.308940571027549793e-01	2.690930334427182324e-01	-5.429164019510608341e-01	2.815205362672030254e-01	-1.699316174751273056e-01	7.512348501150439839e-02	-4.847848049858562436e-01	1.000000000000000222e+00	-2.325230021150085369e-01	1.567751076233993290e-01	-7.208767803727031409e-02	2.713067775207946286e-01	-4.504994416299937243e-01	1.557528864102035171e-01	-1.178579296728128195e-01	1.388300873665894997e-01	-1.657643615156897399e-01	1.842624165571101202e-01	-1.821704022820955782e-01	1.321931061686993092e-01	-1.020384716659156060e-01	1.543314624293860848e-01	-1.652983510358288777e-01	1.332733327983679772e-01	-9.972559011060290468e-02	1.366633006635460945e-01	-1.107426319898577871e-01	1.132568557805841702e-01	-1.449045114326372730e-01	8.820231384124206653e-02	-6.338925428660030503e-02	1.450150411590936383e-02	-3.181774431289337984e-02	3.554473504735519013e-02	-7.196118641921314674e-02	6.055031214012190910e-02	-1.554481598014156689e-02	3.047960952743693913e-02	-3.506026800499247031e-02	5.484343679517122983e-02	-1.145541007317705112e-01
1.597157974184846563e-01	-1.165342588434988141e-01	1.836643002574345485e-01	-1.626552858145936253e-01	1.714322039070914627e-01	-2.085398539914605220e-01	2.300659097530244335e-01	-4.320193201946170292e-01	2.875742161275433584e-01	-1.264132590216413277e-01	1.668967706637170811e-01	-2.325230021150085369e-01	9.999999999999965583e-01	-5.669599493381859423e-01	1.217538034059629931e-01	-1.547589776126329641e-01	1.691675675178376248e-01	-4.599598428378119386e-01	2.610540279066475566e-01	-2.357437091876803115e-01	1.022948600620093434e-01	-1.037736004518462485e-01	1.178176082839156175e-01	-2.316368868771425671e-01	1.665302538606226734e-01	-1.035249480939853250e-01	1.044880882108932679e-01	-9.261780166653704738e-02	1.276340946899439943e-01	-1.773929711879255189e-01	8.635836902388452363e-02	-8.906991853704281092e-02	1.535408470272524584e-01	-1.024434326330634359e-01	7.325606541496736124e-02	-1.405232393603242022e-02	3.083348568795250128e-02	-3.740117132378865950e-02	8.106416206320202211e-02	-6.921994824863916818e-02	1.529142983979512628e-02	-2.953323412305651138e-02	3.717232247852644833e-02	-6.149394622937910670e-02	1.290772360788076112e-01
-1.519666904307146182e-01	1.066866173180805732e-01	-1.801589975208998384e-01	1.947421859565342528e-01	-2.125450873175763200e-01	1.758803753485990995e-01	-1.751906628685468981e-01	2.252697420146299034e-01	-5.988378168634904686e-01	1.532661659424251477e-01	-1.393245115555905578e-01	1.567751076233993290e-01	-5.669599493381859423e-01	9.999999999999924505e-01	-1.628348188121797324e-01	1.287532603945305831e-01	-1.443804059577420695e-01	2.808737755212301623e-01	-3.292790655298111213e-01	2.217968901860765951e-01	-8.967152215199676590e-02	8.967857296224036878e-02	-1.061853491008626638e-01	2.135285618816499531e-01	-1.674893459409449170e-01	9.014990722561731784e-02	-9.352868495608335220e-02	8.298102952101958640e-02	-1.247333519736588264e-01	1.665071812769811643e-01	-7.916286536760371029e-02	8.072718086960919970e-02	-1.492314999098529327e-01	9.812777569847649928e-02	-7.116070770998876582e-02	1.334058010490680665e-02	-2.931293305141377883e-02	3.609012649287254848e-02	-7.924272240389024224e-02	6.672212415844150368e-02	-1.457044810968872312e-02	2.801221447583664495e-02	-3.597582981090634985e-02	5.987446141560091167e-02	-1.267217740460371833e-01
8.317680423297858783e-02	-5.835072441873715571e-02	1.006576364995213357e-01	-1.461223062700363062e-01	1.724205219965539992e-01	-9.824317006684121778e-02	7.469449759587395987e-02	-9.408659724878522257e-02	1.854730413926550248e-01	-8.876727329028496483e-01	6.861568785709108720e-02	-7.208767803727031409e-02	1.217538034059629931e-01	-1.628348188121797324e-01	1.000000000000002220e+00	-6.788615081926560602e-02	7.181472658210341642e-02	-1.285037256639705860e-01	1.237282159657420305e-01	-2.983769880627449300e-01	4.843167529333164412e-02	-4.757323479541706451e-02	5.790429438905874554e-02	-1.367910779755714679e-01	1.446527928211031599e-01	-4.953478049525029264e-02	5.106065136157117434e-02	-4.645042739952661565e-02	8.190457338019335731e-02	-1.190286452026644848e-01	4.578682715404054637e-02	-4.676821340428058416e-02	9.418702706346385178e-02	-6.330120732745767032e-02	4.579956592663095294e-02	-8.187882113361362457e-03	1.800033989687262539e-02	-2.263881788960363239e-02	5.037829790233019217e-02	-4.282154202824024064e-02	8.975480401179545403e-03	-1.719738692433062099e-02	2.259632054516953759e-02	-3.804054835813311386e-02	8.032611322469337956e-02
-1.777840171945215264e-01	1.169904528864162685e-01	-1.882887827529000357e-01	1.088825744803865736e-01	-1.271644445757390829e-01	2.701058524615718714e-01	-2.033899245667193934e-01	1.876934468475112971e-01	-1.499025378190591284e-01	7.083244944919243891e-02	-5.351071162123391955e-01	2.713067775207946286e-01	-1.547589776126329641e-01	1.287532603945305831e-01	-6.788615081926560602e-02	1.000000000000005551e+00	-4.791650485639734613e-01	1.366469628198478392e-01	-1.063056890763867668e-01	1.347725430786259337e-01	-4.263413960893597254e-01	2.471191046689002468e-01	-2.514753616345881126e-01	1.300639811715771088e-01	-1.015052695524777254e-01	2.575707952509830312e-01	-2.341955787897033736e-01	1.797938180328442215e-01	-1.113172606966157802e-01	1.480165325429996792e-01	-1.724592350857969969e-01	1.614669483043776887e-01	-1.776278902450777186e-01	1.022943857892315705e-01	-7.206063825382842680e-02	1.837644471121871112e-02	-4.044447090389551719e-02	4.272868578712482601e-02	-8.128677893568744817e-02	6.906136162707104953e-02	-1.952116881253351810e-02	3.859355621354114418e-02	-4.191385282982372507e-02	6.218368639824688182e-02	-1.274920767205683925e-01
1.581035448667720555e-01	-1.122101217307624327e-01	1.690647172636167705e-01	-1.085153427414339705e-01	1.226064237635619975e-01	-2.769619448844720111e-01	2.230952276209328677e-01	-2.349839972125325471e-01	1.522192306656131588e-01	-7.560558045879628430e-02	2.786704563478500929e-01	-4.504994416299937243e-01	1.691675675178376248e-01	-1.443804059577420695e-01	7.181472658210341642e-02	-4.791650485639734613e-01	1.000000000000003553e+00	-1.627610131707799279e-01	1.192860009912216496e-01	-1.508060989799738238e-01	2.487837543335145452e-01	-4.802307816247254335e-01	2.560459606103209773e-01	-1.458110480880999704e-01	1.111966912948667563e-01	-2.567866488773186684e-01	2.467965625403088226e-01	-2.191731238487404643e-01	1.147590980125160059e-01	-1.622379210184443088e-01	1.543463308213515739e-01	-1.708368152358560599e-01	1.722766011859379887e-01	-1.063979589547920240e-01	7.285377251139116273e-02	-1.859411767161582227e-02	4.064699349193733047e-02	-4.268482146587224135e-02	8.037620213931090385e-02	-7.084773782532756414e-02	1.961108324302903230e-02	-3.927631960029874525e-02	4.152809209701971427e-02	-6.204652589429830722e-02	1.247866960308758599e-01
-1.616314713757972532e-01	1.092041524612681891e-01	-1.868753077977296229e-01	1.546093577795200069e-01	-1.905586677083578317e-01	1.760912640978245236e-01	-1.712915214217095583e-01	2.049994707388825832e-01	-2.906977527624358681e-01	1.224488746172589376e-01	-1.441649801436872547e-01	1.557528864102035171e-01	-4.599598428378119386e-01	2.808737755212301623e-01	-1.285037256639705860e-01	1.366469628198478392e-01	-1.627610131707799279e-01	1.000000000000004219e+00	-6.620588754252836328e-01	2.495279092497284801e-01	-9.959571125121711999e-02	1.014144071613648224e-01	-1.242916978819793017e-01	2.706204509712967776e-01	-2.210315567680541105e-01	9.961840304372739097e-02	-1.069691245319922268e-01	9.608742922784441198e-02	-1.588277576895969767e-01	1.906280184095311414e-01	-9.135644613512641787e-02	9.228346030782703935e-02	-1.842932175258285288e-01	1.192504101883542222e-01	-8.629893201569033279e-02	1.571003275936072932e-02	-3.461634340588377184e-02	4.326751102265107007e-02	-9.522349804143979968e-02	7.986214416554467121e-02	-1.720619854890881664e-02	3.297661013344574399e-02	-4.320675034396367908e-02	7.161586576050929520e-02	-1.515064914198291646e-01
1.220714891067737062e-01	-8.294885989351388766e-02	1.415040823324678065e-01	-1.280761931801270848e-01	1.520672103370346862e-01	-1.400316842238749915e-01	1.241230735252936840e-01	-1.576464562338293351e-01	2.363192312192370914e-01	-1.205812853658185108e-01	1.084896333870505741e-01	-1.178579296728128195e-01	2.610540279066475566e-01	-3.292790655298111213e-01	1.237282159657420305e-01	-1.063056890763867668e-01	1.192860009912216496e-01	-6.620588754252836328e-01	1.000000000000005551e+00	-3.539037642042799914e-01	7.746609056115540126e-02	-7.822015038065929793e-02	9.601251232404357794e-02	-4.729318411885524154e-01	2.447208046310869467e-01	-7.866681204631376101e-02	8.331714249859782651e-02	-7.662281450611156675e-02	1.513982206682892573e-01	-1.892937299292383746e-01	7.340441207691696113e-02	-7.493755322270506669e-02	1.558999246771913261e-01	-1.109714661205501024e-01	7.506624872250702851e-02	-1.295530287977839437e-02	2.854015086605701107e-02	-3.613225085079124071e-02	7.927612928002722437e-02	-6.989947583200313563e-02	1.418996180294534830e-02	-2.724841606036194214e-02	3.595148298653109975e-02	-5.994049088756848304e-02	1.237303521272454798e-01
-1.711077150952901860e-01	1.129740655600583593e-01	-1.994765435151899247e-01	1.769833587294345201e-01	-2.383593963204965749e-01	1.794151709353066504e-01	-1.469368292245756547e-01	1.692603597472740196e-01	-2.997718977043362654e-01	2.134892268969607876e-01	-1.368876273296722179e-01	1.388300873665894997e-01	-2.357437091876803115e-01	2.217968901860765951e-01	-2.983769880627449300e-01	1.347725430786259337e-01	-1.508060989799738238e-01	2.495279092497284801e-01	-3.539037642042799914e-01	1.000000000000000000e+00	-1.024149057400981083e-01	1.012320955753412827e-01	-1.276753291623270725e-01	3.119236167132610205e-01	-5.895453001541854920e-01	1.034782837666707311e-01	-1.116053049148332671e-01	1.020998992327295518e-01	-2.032412710585573545e-01	2.649651494678412211e-01	-1.021724770996926684e-01	1.025623724873568204e-01	-2.282993200932574018e-01	1.481184005294277073e-01	-1.081384878211113509e-01	1.869161836456863582e-02	-4.126003247784743727e-02	5.283809665405279909e-02	-1.180017687008322047e-01	9.896494032372665783e-02	-2.056426055465436498e-02	3.923226794783801069e-02	-5.289573653108019247e-02	8.840378678334515072e-02	-1.872440746122223665e-01
1.078385441655581728e-01	-7.242143766911533775e-02	1.156001760496100511e-01	-7.264653384716905637e-02	8.429410713629004182e-02	-1.799201731559668116e-01	1.207984385935638172e-01	-1.259788501489270962e-01	1.009056137216837457e-01	-5.080171960202940068e-02	1.949158323173467711e-01	-1.657643615156897399e-01	1.022948600620093434e-01	-8.967152215199676590e-02	4.843167529333164412e-02	-4.263413960893597254e-01	2.487837543335145452e-01	-9.959571125121711999e-02	7.746609056115540126e-02	-1.024149057400981083e-01	1.000000000000001110e+00	-3.417008693314181889e-01	2.211548804397335810e-01	-1.007377311469801057e-01	7.817496315309589716e-02	-7.183632967212062459e-01	2.371727615377338394e-01	-1.908360163523659114e-01	8.983249006347476806e-02	-1.235156954287485592e-01	2.076860062996726264e-01	-2.150173637383751835e-01	1.485416162852679633e-01	-8.741393608581007890e-02	5.777047035819102283e-02	-1.816060942868839151e-02	3.989129719689898240e-02	-3.732235469606775408e-02	6.289960768714129846e-02	-5.657060484370451947e-02	1.870771634221102958e-02	-3.849340007351750165e-02	3.584099849963544304e-02	-4.895526753584276969e-02	9.499219642805678543e-02
-1.018020407180633552e-01	6.975319266086031644e-02	-1.095475395629880166e-01	7.033031804526654329e-02	-8.112609843429884060e-02	1.648245618711779714e-01	-1.273554312684604672e-01	1.293392615646821731e-01	-9.908357356325969700e-02	4.987232936383733523e-02	-1.672524451714928750e-01	1.842624165571101202e-01	-1.037736004518462485e-01	8.967857296224036878e-02	-4.757323479541706451e-02	2.471191046689002468e-01	-4.802307816247254335e-01	1.014144071613648224e-01	-7.822015038065929793e-02	1.012320955753412827e-01	-3.417008693314181889e-01	1.000000000000001776e+00	-5.198002982413828521e-01	1.008354369290600377e-01	-7.766823642246274695e-02	2.503187142429627032e-01	-5.157585094671086612e-01	2.952711510052393185e-01	-8.978103202186350773e-02	1.212513833714625872e-01	-1.517407468208794019e-01	1.604035517038898961e-01	-1.508734747457201597e-01	8.739543330317456338e-02	-5.631592143276981099e-02	1.544098989285182418e-02	-3.402991315644696146e-02	3.450305747839575721e-02	-6.009710964260021188e-02	5.514415812275585971e-02	-1.615261459019735890e-02	3.262527401644747110e-02	-3.322107464185079795e-02	4.676052541122683454e-02	-9.049900870414176457e-02
1.138111999679803643e-01	-7.771063655695026329e-02	1.231743485955043016e-01	-8.248959929300705984e-02	9.517116770475433918e-02	-1.922356688814103043e-01	1.296347722677305692e-01	-1.455122180809209076e-01	1.160275816710355096e-01	-6.086177659341022311e-02	1.658986980489313701e-01	-1.821704022820955782e-01	1.178176082839156175e-01	-1.061853491008626638e-01	5.790429438905874554e-02	-2.514753616345881126e-01	2.560459606103209773e-01	-1.242916978819793017e-01	9.601251232404357794e-02	-1.276753291623270725e-01	2.211548804397335810e-01	-5.198002982413828521e-01	1.000000000000002665e+00	-1.305698863767868201e-01	9.904638400738333126e-02	-2.548090007852486516e-01	3.293532370428751133e-01	-6.357246896224717503e-01	1.163151838365758806e-01	-1.613615209857121591e-01	1.553994865339853038e-01	-1.805638733518497574e-01	1.918390566001170194e-01	-1.175493658542935277e-01	7.238569962671950742e-02	-1.862609194862444029e-02	4.076824971415620585e-02	-4.319813077796315348e-02	7.517847791583304184e-02	-7.201677854251918587e-02	1.952727959787648598e-02	-3.953182473385800921e-02	4.126221500921986585e-02	-5.902671712718376984e-02	1.117789216005430353e-01
-1.538168295143668152e-01	1.016337803388940864e-01	-1.774869190009280007e-01	1.474591595113803888e-01	-1.890181693635646087e-01	1.677427051314906159e-01	-1.383147041141256639e-01	1.599845880103449858e-01	-2.609959919769864745e-01	1.288830163778140470e-01	-1.296798466685586126e-01	1.321931061686993092e-01	-2.316368868771425671e-01	2.135285618816499531e-01	-1.367910779755714679e-01	1.300639811715771088e-01	-1.458110480880999704e-01	2.706204509712967776e-01	-4.729318411885524154e-01	3.119236167132610205e-01	-1.007377311469801057e-01	1.008354369290600377e-01	-1.305698863767868201e-01	1.000000000000002887e+00	-5.667670196006253658e-01	1.024803453231699080e-01	-1.121184464853889756e-01	1.055375173014676260e-01	-3.067214975825486856e-01	2.836503362295065278e-01	-1.033349981988429395e-01	1.047800658536262586e-01	-2.505036679390982290e-01	1.820527357248268308e-01	-1.186498565557784352e-01	1.892710769296730364e-02	-4.187462131715273539e-02	5.448077814235721683e-02	-1.191680186344722392e-01	1.075622954036597606e-01	-2.078866537919475677e-02	3.986732678403653862e-02	-5.417472511675359981e-02	8.959089111682469464e-02	-1.814276790261589722e-01
1.175583861070685909e-01	-7.803555712236824593e-02	1.357717419987978513e-01	-1.184221380968555615e-01	1.489999456845856329e-01	-1.325302875143316017e-01	1.047050891631285396e-01	-1.242363064797348121e-01	1.924274514909050382e-01	-1.426667350618672503e-01	9.973099979643548774e-02	-1.020384716659156060e-01	1.665302538606226734e-01	-1.674893459409449170e-01	1.446527928211031599e-01	-1.015052695524777254e-01	1.111966912948667563e-01	-2.210315567680541105e-01	2.447208046310869467e-01	-5.895453001541854920e-01	7.817496315309589716e-02	-7.766823642246274695e-02	9.904638400738333126e-02	-5.667670196006253658e-01	1.000000000000006217e+00	-8.015015103888006864e-02	8.648516027619054802e-02	-8.180231909973473270e-02	2.119341281648738917e-01	-4.279799453535370057e-01	8.097850906178528929e-02	-8.264706939137571318e-02	1.948236183026997026e-01	-1.469445334707553952e-01	9.620163803126952073e-02	-1.507580467747741959e-02	3.329575599790249307e-02	-4.337653390772630568e-02	9.509523868910652045e-02	-8.876797704375388731e-02	1.655628282868136167e-02	-3.176983671147779603e-02	4.306397366379965952e-02	-7.201959302309043909e-02	1.444476941980143703e-01
-1.121507340412756237e-01	7.427130304121044857e-02	-1.209706384430090931e-01	7.476537570304631064e-02	-8.780573900968696721e-02	1.656517475100412473e-01	-1.208313391387216551e-01	1.219736871396335104e-01	-1.041815670870699095e-01	5.175776569718931741e-02	-1.868085674940659080e-01	1.543314624293860848e-01	-1.035249480939853250e-01	9.014990722561731784e-02	-4.953478049525029264e-02	2.575707952509830312e-01	-2.567866488773186684e-01	9.961840304372739097e-02	-7.866681204631376101e-02	1.034782837666707311e-01	-7.183632967212062459e-01	2.503187142429627032e-01	-2.548090007852486516e-01	1.024803453231699080e-01	-8.015015103888006864e-02	1.000000000000003997e+00	-3.141005971907334104e-01	1.988070159765314149e-01	-9.682012401446915550e-02	1.269138243827916679e-01	-3.630322211702412538e-01	2.394103882887390344e-01	-1.706135688308922371e-01	9.397279564999647117e-02	-6.206041025570067926e-02	2.006565239594988725e-02	-4.457152795339412027e-02	4.098878779960075935e-02	-6.757816094790795869e-02	6.024311222493334422e-02	-2.073271681391338633e-02	4.227859591472717810e-02	-3.949315695827164407e-02	5.240772227506022146e-02	-1.014634660304032654e-01
1.029443878845311411e-01	-7.006237764046134575e-02	1.113162483743545816e-01	-7.347223828120399980e-02	8.499786409133237852e-02	-1.703462085329311149e-01	1.175331009012613726e-01	-1.290952874446686938e-01	1.031376053258116626e-01	-5.363514872450950849e-02	1.539484776332415983e-01	-1.652983510358288777e-01	1.044880882108932679e-01	-9.352868495608335220e-02	5.106065136157117434e-02	-2.341955787897033736e-01	2.467965625403088226e-01	-1.069691245319922268e-01	8.331714249859782651e-02	-1.116053049148332671e-01	2.371727615377338394e-01	-5.157585094671086612e-01	3.293532370428751133e-01	-1.121184464853889756e-01	8.648516027619054802e-02	-3.141005971907334104e-01	1.000000000000002220e+00	-6.224770341952404751e-01	1.054625695684343473e-01	-1.426191269670319672e-01	1.858588380296093689e-01	-2.379916483822839268e-01	1.836567829008349528e-01	-1.076615738483184259e-01	6.571611110956640522e-02	-1.892377359757600047e-02	4.191874894631170828e-02	-4.132498945381388872e-02	6.837979968523462404e-02	-6.517452864736303364e-02	1.955915079577669191e-02	-4.015192101615183001e-02	3.929906905458502298e-02	-5.370283293734981478e-02	1.008529286595207242e-01
-9.105733810304325604e-02	6.140816304871624803e-02	-9.896623685968770900e-02	6.570697189109478420e-02	-7.683479227539156964e-02	1.421248573873135634e-01	-1.009522008233507684e-01	1.084963713886884090e-01	-9.315447587581747457e-02	4.857462981441970640e-02	-1.292229841683957547e-01	1.332733327983679772e-01	-9.261780166653704738e-02	8.298102952101958640e-02	-4.645042739952661565e-02	1.797938180328442215e-01	-2.191731238487404643e-01	9.608742922784441198e-02	-7.662281450611156675e-02	1.020998992327295518e-01	-1.908360163523659114e-01	2.952711510052393185e-01	-6.357246896224717503e-01	1.055375173014676260e-01	-8.180231909973473270e-02	1.988070159765314149e-01	-6.224770341952404751e-01	1.000000000000002442e+00	-1.133657179660096798e-01	1.381917073253206008e-01	-1.507117195774630436e-01	1.636507719526211213e-01	-2.373372551543997400e-01	1.154930217547191634e-01	-6.664508146563027924e-02	1.673470444125651352e-02	-3.716107490777523226e-02	4.074884334793036494e-02	-6.650721143306745353e-02	6.552688164144068739e-02	-1.759821887474921978e-02	3.548674588433806121e-02	-3.875039613428914870e-02	5.221992512629135275e-02	-9.584871272055429936e-02
1.079850979883168888e-01	-7.106176874383746123e-02	1.220714516820533280e-01	-9.437182943096332488e-02	1.162069632126133401e-01	-1.377052229173441056e-01	9.526417619201317522e-02	-1.118138115460506066e-01	1.442196882863590324e-01	-8.323620079037918895e-02	1.000164263692840394e-01	-9.972559011060290468e-02	1.276340946899439943e-01	-1.247333519736588264e-01	8.190457338019335731e-02	-1.113172606966157802e-01	1.147590980125160059e-01	-1.588277576895969767e-01	1.513982206682892573e-01	-2.032412710585573545e-01	8.983249006347476806e-02	-8.978103202186350773e-02	1.163151838365758806e-01	-3.067214975825486856e-01	2.119341281648738917e-01	-9.682012401446915550e-02	1.054625695684343473e-01	-1.133657179660096798e-01	1.000000000000002442e+00	-5.216161248553230489e-01	1.031285981318360578e-01	-1.155255872595180172e-01	2.993293214774374045e-01	-6.478572368350886679e-01	1.906679218810769239e-01	-2.098915205079066731e-02	4.628430749689751988e-02	-6.468297203184741884e-02	1.400594105140754442e-01	-1.890963029020857611e-01	2.287596793496466871e-02	-4.500082081186219940e-02	6.170543197154880477e-02	-1.119404945716924726e-01	1.776628697831805770e-01
-1.630828789565780534e-01	1.057313036940014939e-01	-1.856844324021677817e-01	1.394658216347581525e-01	-1.801282642835158876e-01	1.832188013597273457e-01	-1.346526730233121583e-01	1.523530562860017923e-01	-2.159116504237581780e-01	1.155128567499109915e-01	-1.389886420232953335e-01	1.366633006635460945e-01	-1.773929711879255189e-01	1.665071812769811643e-01	-1.190286452026644848e-01	1.480165325429996792e-01	-1.622379210184443088e-01	1.906280184095311414e-01	-1.892937299292383746e-01	2.649651494678412211e-01	-1.235156954287485592e-01	1.212513833714625872e-01	-1.613615209857121591e-01	2.836503362295065278e-01	-4.279799453535370057e-01	1.269138243827916679e-01	-1.426191269670319672e-01	1.381917073253206008e-01	-5.216161248553230489e-01	1.000000000000003553e+00	-1.434290733456488054e-01	1.438437567971689313e-01	-4.079213304407882101e-01	2.780871505412329525e-01	-1.946697460888368592e-01	2.758295239721589645e-02	-6.136342347606902475e-02	8.243086614314935889e-02	-1.789725568901526787e-01	1.662645596918811142e-01	-3.041726859023000454e-02	5.818327832913017250e-02	-8.201610401103777426e-02	1.332501303530189418e-01	-2.646506951468391988e-01
8.831024511318920356e-02	-5.869671660952744535e-02	9.619823986297225404e-02	-6.415957725506900300e-02	7.546272396873542065e-02	-1.375048108918713874e-01	8.941074181250791009e-02	-9.793720337389102970e-02	8.997206205590639605e-02	-4.803897676759184832e-02	1.200036570083822529e-01	-1.107426319898577871e-01	8.635836902388452363e-02	-7.916286536760371029e-02	4.578682715404054637e-02	-1.724592350857969969e-01	1.543463308213515739e-01	-9.135644613512641787e-02	7.340441207691696113e-02	-1.021724770996926684e-01	2.076860062996726264e-01	-1.517407468208794019e-01	1.553994865339853038e-01	-1.033349981988429395e-01	8.097850906178528929e-02	-3.630322211702412538e-01	1.858588380296093689e-01	-1.507117195774630436e-01	1.031285981318360578e-01	-1.434290733456488054e-01	1.000000000000004885e+00	-8.289323459418488360e-01	1.935557048417291814e-01	-1.117055907282193117e-01	6.777978463972032797e-02	-3.607245214965235786e-02	8.062200872151947806e-02	-5.703394894206119392e-02	7.217433313389144678e-02	-6.810296030023275937e-02	3.478643937303822764e-02	-7.751498682241182714e-02	5.265139599069972032e-02	-5.771036505957495566e-02	1.015115458058533648e-01
-9.270960022047358695e-02	6.122522790595218145e-02	-1.012272903076409658e-01	6.631737187034128511e-02	-7.865447728155908202e-02	1.345822574222708401e-01	-9.308971341384651710e-02	9.926295803939035045e-02	-9.339711628050893777e-02	4.884903178779179816e-02	-1.237894862167985832e-01	1.132568557805841702e-01	-8.906991853704281092e-02	8.072718086960919970e-02	-4.676821340428058416e-02	1.614669483043776887e-01	-1.708368152358560599e-01	9.228346030782703935e-02	-7.493755322270506669e-02	1.025623724873568204e-01	-2.150173637383751835e-01	1.604035517038898961e-01	-1.805638733518497574e-01	1.047800658536262586e-01	-8.264706939137571318e-02	2.394103882887390344e-01	-2.379916483822839268e-01	1.636507719526211213e-01	-1.155255872595180172e-01	1.438437567971689313e-01	-8.289323459418488360e-01	1.000000000000004885e+00	-2.728126021417658920e-01	1.229405933567035009e-01	-7.423430140948691913e-02	4.114898317153178192e-02	-1.027915527780717819e-01	6.491109891915128327e-02	-7.885229586500913657e-02	7.261313600101436394e-02	-4.047076655234725651e-02	8.568262919354623086e-02	-6.085793188842448381e-02	6.228575734677226083e-02	-1.091879100019811366e-01
1.422448344439364853e-01	-9.400249212026738632e-02	1.583732158409957014e-01	-1.169895307796991607e-01	1.399798683695867574e-01	-2.052371650528618530e-01	1.297320651860027763e-01	-1.522113252757812396e-01	1.689371154842694844e-01	-9.848618203420343720e-02	1.468471845755091598e-01	-1.449045114326372730e-01	1.535408470272524584e-01	-1.492314999098529327e-01	9.418702706346385178e-02	-1.776278902450777186e-01	1.722766011859379887e-01	-1.842932175258285288e-01	1.558999246771913261e-01	-2.282993200932574018e-01	1.485416162852679633e-01	-1.508734747457201597e-01	1.918390566001170194e-01	-2.505036679390982290e-01	1.948236183026997026e-01	-1.706135688308922371e-01	1.836567829008349528e-01	-2.373372551543997400e-01	2.993293214774374045e-01	-4.079213304407882101e-01	1.935557048417291814e-01	-2.728126021417658920e-01	1.000000000000004885e+00	-5.348365664930111452e-01	1.981216180458023057e-01	-3.697599618328185900e-02	8.212084343600091485e-02	-1.264924950142918003e-01	1.698944132389003381e-01	-2.100845114212839815e-01	3.953468597067162638e-02	-8.051352815970898302e-02	1.076086461570011504e-01	-1.404982333094228486e-01	2.195469018012791151e-01
-9.333429327152785449e-02	6.118521258771786320e-02	-1.048494174592778105e-01	7.776090072713306989e-02	-9.562211397709731442e-02	1.214856661090622375e-01	-8.214877665976932919e-02	9.483024948169561930e-02	-1.162136911460408678e-01	6.463182730361093087e-02	-8.954517057809951996e-02	8.820231384124206653e-02	-1.024434326330634359e-01	9.812777569847649928e-02	-6.330120732745767032e-02	1.022943857892315705e-01	-1.063979589547920240e-01	1.192504101883542222e-01	-1.109714661205501024e-01	1.481184005294277073e-01	-8.741393608581007890e-02	8.739543330317456338e-02	-1.175493658542935277e-01	1.820527357248268308e-01	-1.469445334707553952e-01	9.397279564999647117e-02	-1.076615738483184259e-01	1.154930217547191634e-01	-6.478572368350886679e-01	2.780871505412329525e-01	-1.117055907282193117e-01	1.229405933567035009e-01	-5.348365664930111452e-01	1.000000000000004885e+00	-3.166914196372075385e-01	2.249454150790750062e-02	-5.058466014764285285e-02	7.571008176651651544e-02	-1.718835502662110770e-01	2.167668606312386226e-01	-2.456728915776776323e-02	4.856621269828603066e-02	-7.209461972806299745e-02	1.247298279926023767e-01	-1.864663379049465441e-01
