1.000000000000000000e+00	-7.976704276650435910e-01	2.060809573827516727e-01	-9.162223254315916832e-02	7.733941117426844369e-02	-4.262895282451567569e-01	2.111048020779661138e-01	-1.416795761882388149e-01	8.700677849074144043e-02	-1.004482248054126142e-01	2.530728755713905764e-01	-1.700297144603522825e-01	1.049033097320361957e-01	-6.981018278629010088e-02	8.875626462524191518e-02	-8.293909690546373559e-02	6.268802014040605886e-02	-6.282455021801172657e-02	6.541423334423915326e-02	-7.543501748288240771e-02	5.605980175322791692e-02	-6.395501240598058801e-02	5.647787034541467549e-02	-4.230917609822966441e-02	4.590317137551912924e-02	-6.576307842550264959e-02	3.700371774008794773e-02	-3.580325489912350445e-02	4.875497966441692116e-02	-3.770869277325469143e-02	8.266828344056495470e-02	-3.517659624429023829e-02	3.513231181051660462e-02	-3.246048677103255398e-02	3.889780379352452550e-02	-2.469790275711631136e-02	2.587524879857214591e-02	-2.815413600815873385e-02	3.148989968321956601e-02	-2.801623660484247116e-02	2.227600932161604569e-02	-2.937886648903078810e-02	3.402728940634174026e-02	-4.084118413628419486e-02	2.491575941901834346e-02
-7.976704276650435910e-01	1.000000000000000000e+00	-3.254524471550309106e-01	1.074947446263702366e-01	-9.207737181327173281e-02	2.667220493527580061e-01	-2.537006895803276540e-01	1.416371500714375953e-01	-9.978861102055436305e-02	1.082425352988162087e-01	-3.019976287335657261e-01	1.670010058328005587e-01	-1.116886044308168513e-01	7.651524908913440171e-02	-9.824965326008429367e-02	8.637347043499872534e-02	-6.666116778115124819e-02	6.609199170454162220e-02	-7.075047475209675363e-02	7.992768642175644700e-02	-6.051533192668783617e-02	6.689974466208255255e-02	-5.997142369441492427e-02	4.458516603956740043e-02	-4.859887088850738807e-02	6.823937245080473335e-02	-3.904044820343544053e-02	3.762557405281190953e-02	-5.146129416705414600e-02	3.962352632120708096e-02	-8.996085034316518569e-02	3.702536699895238315e-02	-3.704843702137899930e-02	3.402676810581330841e-02	-4.087306788961905107e-02	2.607817239978063584e-02	-2.722858048044211193e-02	2.951466164200631723e-02	-3.304338166064917093e-02	2.926263574953036004e-02	-2.361271389392685660e-02	3.081271911596851487e-02	-3.578200458395329464e-02	4.240519903273463204e-02	-2.602445643342762155e-02
2.060809573827516727e-01	-3.254524471550309106e-01	1.000000000000000000e+00	-4.178555933236418607e-01	2.504310050181388636e-01	-1.669485635809699331e-01	1.607017586865559788e-01	-1.702924404193681407e-01	2.444211925951074449e-01	-3.317853349088539239e-01	1.947901176784808674e-01	-1.551419502715548349e-01	1.210567628682117092e-01	-1.965599717544433411e-01	2.387838668997319946e-01	-1.259494821790940189e-01	1.160710622919713109e-01	-1.237171542243519079e-01	1.582435346806100873e-01	-1.898780149514629201e-01	8.618480481501245016e-02	-1.258023735977926438e-01	1.138759979006605250e-01	-8.990338028481349719e-02	9.851933677539095879e-02	-1.143655349039712360e-01	7.457617561013794860e-02	-7.397559793093402836e-02	1.033984170875068137e-01	-8.158760249920443686e-02	1.436743236159979398e-01	-7.151889114816137316e-02	7.247699553473453682e-02	-6.927068326644658658e-02	8.412457879343364364e-02	-4.962042930092103177e-02	5.335853891024068540e-02	-5.934250388337471843e-02	6.723882006241703457e-02	-6.115062225929309564e-02	4.438064059676050110e-02	-6.116948525486937127e-02	7.153677602352688514e-02	-9.052388317306395149e-02	5.448342975538932736e-02
-9.162223254315916832e-02	1.074947446263702366e-01	-4.178555933236418607e-01	1.000000000000000000e+00	-6.643120915504123758e-01	7.363272650714540457e-02	-7.881862042357759557e-02	8.483669374788822826e-02	-4.538355079869185738e-01	3.077712068601817785e-01	-9.540495797600472005e-02	7.393221699608418240e-02	-6.574265107725878188e-02	2.114915468002442622e-01	-2.414186549756286437e-01	6.526966315170371069e-02	-7.443836696342226444e-02	8.221621046488947204e-02	-1.386516158014406419e-01	1.468855238779415984e-01	-4.575579712338814775e-02	7.545317227102329993e-02	-7.266290445427525668e-02	5.625039487748496880e-02	-6.224152754979447172e-02	5.842247446793084192e-02	-4.283698448281791221e-02	4.262641979834728978e-02	-6.148415455897517090e-02	4.888742487412661014e-02	-7.558766746333803188e-02	4.038631033860159980e-02	-4.135415419766914208e-02	3.942099446782990069e-02	-4.873324729307562664e-02	2.675969957812001157e-02	-2.954831101800675999e-02	3.276744165332665104e-02	-3.806132313340210988e-02	3.465857948052969428e-02	-2.396999786057565224e-02	3.359608518741961924e-02	-3.930989410321961142e-02	5.019945460281874383e-02	-3.064461565740310769e-02
7.733941117426844369e-02	-9.207737181327173281e-02	2.504310050181388636e-01	-6.643120915504123758e-01	1.000000000000000222e+00	-6.635592851047787677e-02	6.994548957098255249e-02	-7.471774291938725054e-02	2.624929238252775576e-01	-6.013503838053559925e-01	8.630456923985470319e-02	-6.757393122368603178e-02	5.767338433965871897e-02	-1.957422759392869749e-01	2.280367764554107335e-01	-6.340061195984739162e-02	7.125345624499311581e-02	-7.902469967363864867e-02	1.269766022073078038e-01	-1.477300663239151934e-01	4.434313813902239498e-02	-7.386461064634196327e-02	7.032913852744979155e-02	-5.526937079463718760e-02	6.111877575006705726e-02	-5.735219485181512061e-02	4.213893369703611974e-02	-4.203861875838155876e-02	6.052200111039261754e-02	-4.834160339494102121e-02	7.395186151899092730e-02	-3.985405183429114456e-02	4.079204858406988710e-02	-3.904128598926538685e-02	4.821351062476631616e-02	-2.647692922611805805e-02	2.923070961823289599e-02	-3.248281447223261287e-02	3.769190081866042458e-02	-3.442103751876715578e-02	2.369179157569499539e-02	-3.329347090503239487e-02	3.894839134723306062e-02	-5.003467918794013425e-02	3.044111894364789905e-02
-4.262895282451567569e-01	2.667220493527580061e-01	-1.669485635809699331e-01	7.363272650714540457e-02	-6.635592851047787677e-02	1.000000000000000222e+00	-4.599439034327195697e-01	1.928375657768005846e-01	-8.162276144120561572e-02	8.300988325806026025e-02	-6.713349187241093308e-01	2.498104672793654002e-01	-1.533988065761963948e-01	6.519920808552293057e-02	-8.236023372884587745e-02	1.102765588248019873e-01	-7.435466064524452745e-02	7.088883365432901984e-02	-6.584134771267184660e-02	7.319343854684620676e-02	-7.682791989251659681e-02	7.138072945704199146e-02	-6.283419764366181270e-02	4.517518171345309697e-02	-4.882411316209402108e-02	7.742818430300152377e-02	-4.079003009121483919e-02	3.870238325404564556e-02	-5.198120405469526528e-02	3.960109185384799724e-02	-1.013127075144520245e-01	3.845836535178630278e-02	-3.809908821785262800e-02	3.427171990963024523e-02	-4.075562031287586345e-02	2.723715889037145454e-02	-2.800756138184619382e-02	2.994880277964005397e-02	-3.324480506839055244e-02	2.905145444247720157e-02	-2.476317288235497377e-02	3.151739465835354248e-02	-3.632291106285356203e-02	4.170731697850173919e-02	-2.578748314796458149e-02
2.111048020779661138e-01	-2.537006895803276540e-01	1.607017586865559788e-01	-7.881862042357759557e-02	6.994548957098255249e-02	-4.599439034327195697e-01	1.000000000000000444e+00	-4.495076614562969475e-01	9.388186292568737046e-02	-9.042914935047080549e-02	3.007240204783284132e-01	-6.092634084218334634e-01	2.799772591628738039e-01	-7.553887750239744736e-02	8.936088404482228631e-02	-9.354522464193042175e-02	8.541046389500703273e-02	-8.605422124924050342e-02	7.446851913888222207e-02	-8.227580918177264391e-02	6.389880024483966803e-02	-7.857419516905822521e-02	7.008635732803740470e-02	-4.937981359024502803e-02	5.278173601061787040e-02	-7.155980696583821854e-02	4.216710550434487476e-02	-4.045795612180901751e-02	5.502422391549603026e-02	-4.222266581352449033e-02	9.106674776928466719e-02	-3.942937350578512579e-02	3.925814588544816047e-02	-3.570856716485116406e-02	4.277006744290350743e-02	-2.681710421638389824e-02	2.840157243680131727e-02	-3.061413272564815144e-02	3.449449931736556230e-02	-3.043947278190249628e-02	2.423274014913393698e-02	-3.201820988862922462e-02	3.684103053670613470e-02	-4.368161019416767765e-02	2.693201935055082250e-02
-1.416795761882388149e-01	1.416371500714375953e-01	-1.702924404193681407e-01	8.483669374788822826e-02	-7.471774291938725054e-02	1.928375657768005846e-01	-4.495076614562969475e-01	1.000000000000000666e+00	-1.204547983609715878e-01	9.373444763852731287e-02	-2.648021162721707067e-01	3.198235630491041981e-01	-7.515987027912793828e-01	8.798291057214975563e-02	-9.721292698531140697e-02	8.531657161678980750e-02	-9.478130153924348156e-02	1.010662231215838786e-01	-8.469553496171984552e-02	8.765118193828919102e-02	-6.092065082288042333e-02	8.056879250524089098e-02	-7.908187390311213760e-02	5.270769772386486168e-02	-5.656293759589728354e-02	6.678511920976479277e-02	-4.311407694488653825e-02	4.136030139892134944e-02	-5.762953605233724075e-02	4.389758035036676886e-02	-8.966206044110602846e-02	3.984602151341849058e-02	-4.008935758429239132e-02	3.634986776331220609e-02	-4.403239228260823201e-02	2.659737854199885343e-02	-2.854529438004815844e-02	3.074221255536606009e-02	-3.510306379115160635e-02	3.090164757183529870e-02	-2.410222073199608586e-02	3.201299476651666559e-02	-3.703782641359595895e-02	4.381915067685064613e-02	-2.728935526629283972e-02
8.700677849074144043e-02	-9.978861102055436305e-02	2.444211925951074449e-01	-4.538355079869185738e-01	2.624929238252775576e-01	-8.162276144120561572e-02	9.388186292568737046e-02	-1.204547983609715878e-01	1.000000000000001554e+00	-3.914591479743828595e-01	1.079159781351688857e-01	-9.262347127950722181e-02	8.860248223041659876e-02	-6.043605015437762962e-01	3.034620518549048795e-01	-8.666555085782380596e-02	1.074894702676298802e-01	-1.275978867810416417e-01	2.246215354184819268e-01	-2.534935488910416979e-01	6.069994136869595602e-02	-1.094450615717355441e-01	1.048388010842997708e-01	-8.261729233800206573e-02	9.033019384816905195e-02	-7.742846158890173691e-02	5.974366287014367533e-02	-5.979757201754835189e-02	8.637222291719882927e-02	-7.008012678348297941e-02	9.884166206246455810e-02	-5.612900707157408853e-02	5.737175659834486269e-02	-5.499461043464061449e-02	6.799786280881896239e-02	-3.625180142329660626e-02	4.058284679806239276e-02	-4.504271253666065900e-02	5.276404364542393310e-02	-4.843451341679355648e-02	3.236040596049034879e-02	-4.613859339607769700e-02	5.358350234779606092e-02	-6.997799216260323918e-02	4.255609084572177514e-02
-1.004482248054126142e-01	1.082425352988162087e-01	-3.317853349088539239e-01	3.077712068601817785e-01	-6.013503838053559925e-01	8.300988325806026025e-02	-9.042914935047080549e-02	9.373444763852731287e-02	-3.914591479743828595e-01	1.000000000000000666e+00	-1.134485764205155622e-01	8.449444165824587794e-02	-7.514236986535546836e-02	2.503972673782632885e-01	-4.789749197607063858e-01	8.040843436578525016e-02	-9.766815978725426617e-02	1.063086136997416081e-01	-1.854411351021840459e-01	1.960271697731388874e-01	-5.715944932561076858e-02	9.716723216794366513e-02	-9.634166492239634727e-02	7.396703020068982892e-02	-8.301464074096322199e-02	7.211301305610712253e-02	-5.544189982108704839e-02	5.518490930724490734e-02	-8.106226908366467865e-02	6.405502492109231560e-02	-9.585111715073720007e-02	5.195629877095109955e-02	-5.363895797650445468e-02	5.100388078143611170e-02	-6.377858148254290926e-02	3.404071693327949399e-02	-3.791742913442544549e-02	4.201678896914619321e-02	-4.930214432598294116e-02	4.475925522364200548e-02	-3.057836316511338554e-02	4.292644171547529974e-02	-5.054382676817775755e-02	6.413766744712764978e-02	-3.956824371632634146e-02
2.530728755713905764e-01	-3.019976287335657261e-01	1.947901176784808674e-01	-9.540495797600472005e-02	8.630456923985470319e-02	-6.713349187241093308e-01	3.007240204783284132e-01	-2.648021162721707067e-01	1.079159781351688857e-01	-1.134485764205155622e-01	9.999999999999997780e-01	-3.845521630823769410e-01	1.917067880038890448e-01	-8.920351161532610873e-02	1.118774301726949277e-01	-1.974447476911922184e-01	1.070911353210798472e-01	-1.025755587615084508e-01	9.167324400358257963e-02	-1.041436274664059164e-01	1.160752665259607019e-01	-1.057570175017050335e-01	8.965698863192915480e-02	-6.504527785413367902e-02	6.970588715117721768e-02	-1.229489588859298821e-01	5.925205057651734830e-02	-5.628867527692558298e-02	7.454471235777748728e-02	-5.709072585455375604e-02	1.437825392500213795e-01	-5.598373957489328340e-02	5.505138348660587599e-02	-4.965436197136808422e-02	5.863605536117202921e-02	-3.947815043077135960e-02	4.059882201452284789e-02	-4.346502546696430491e-02	4.804527487538336195e-02	-4.211892916260551872e-02	3.568817958340902985e-02	-4.585079452712956943e-02	5.241418981479109562e-02	-6.081726235358769772e-02	3.734834718648120250e-02
-1.700297144603522825e-01	1.670010058328005587e-01	-1.551419502715548349e-01	7.393221699608418240e-02	-6.757393122368603178e-02	2.498104672793654002e-01	-6.092634084218334634e-01	3.198235630491041981e-01	-9.262347127950722181e-02	8.449444165824587794e-02	-3.845521630823769410e-01	1.000000000000000888e+00	-5.482749155283113129e-01	7.495448002116897324e-02	-8.983983037312980036e-02	9.880822069798349261e-02	-1.052255747043828460e-01	9.982971837428147865e-02	-7.940548704969022098e-02	8.361025946931978370e-02	-7.001480623001686554e-02	8.588275397357904295e-02	-7.911758884855668583e-02	5.318305433603983529e-02	-5.684577249407104377e-02	7.403841318380983971e-02	-4.519903639179197880e-02	4.299628659423521820e-02	-5.881725080561520103e-02	4.463642092736863631e-02	-9.878311389363134132e-02	4.181836640924531390e-02	-4.172349379201231723e-02	3.750019152727714078e-02	-4.503345615234803645e-02	2.820897882968536816e-02	-2.991798658531055408e-02	3.203634335868367489e-02	-3.623175426988914372e-02	3.170916115518319228e-02	-2.560423926759799670e-02	3.352762449212829537e-02	-3.863677090973773737e-02	4.499355303198403211e-02	-2.802289351804733777e-02
1.049033097320361957e-01	-1.116886044308168513e-01	1.210567628682117092e-01	-6.574265107725878188e-02	5.767338433965871897e-02	-1.533988065761963948e-01	2.799772591628738039e-01	-7.515987027912793828e-01	8.860248223041659876e-02	-7.514236986535546836e-02	1.917067880038890448e-01	-5.482749155283113129e-01	9.999999999999988898e-01	-7.416767940645599411e-02	7.814519935626937364e-02	-7.096166567233662403e-02	9.003049273978100397e-02	-1.091362053446724156e-01	7.361669722570686469e-02	-7.600376617748114128e-02	4.978450054589256962e-02	-7.352602197478645685e-02	7.196942250529947405e-02	-4.671654548101653037e-02	4.909708289407235804e-02	-5.516973840975589877e-02	3.708812718056606061e-02	-3.564125669301639737e-02	4.946130081708513537e-02	-3.782778586394898446e-02	7.179325180731109535e-02	-3.402834353319700994e-02	3.412961979278356095e-02	-3.095662229557135173e-02	3.741253808513723272e-02	-2.211356807801816843e-02	2.407346004816929980e-02	-2.593508928461299434e-02	2.976565151906353582e-02	-2.627838219540630862e-02	1.996308704705725828e-02	-2.699734442727821232e-02	3.102897580761343824e-02	-3.720863303329696725e-02	2.312295071427837231e-02
-6.981018278629010088e-02	7.651524908913440171e-02	-1.965599717544433411e-01	2.114915468002442622e-01	-1.957422759392869749e-01	6.519920808552293057e-02	-7.553887750239744736e-02	8.798291057214975563e-02	-6.043605015437762962e-01	2.503972673782632885e-01	-8.920351161532610873e-02	7.495448002116897324e-02	-7.416767940645599411e-02	1.000000000000001554e+00	-5.360976906714629564e-01	7.919300260309156125e-02	-1.208432748852865252e-01	1.434133531239823733e-01	-4.187769907706653250e-01	2.755101790537510809e-01	-5.655107372617818734e-02	1.101200027589245706e-01	-1.139520010528981692e-01	8.518653259557895652e-02	-9.415755135694808819e-02	6.940741538408999600e-02	-5.822349637834223907e-02	5.812700773729017473e-02	-8.615651753494399379e-02	6.951087344877775187e-02	-9.034887895742378661e-02	5.373688643572511331e-02	-5.541281685718602024e-02	5.272584993190713998e-02	-6.612919173738472656e-02	3.349088223896912880e-02	-3.824915246363899679e-02	4.227713337070550248e-02	-5.044343075113786462e-02	4.614658967782334087e-02	-2.995268136549935484e-02	4.313938903879203923e-02	-5.017088001264444208e-02	6.542241813247710869e-02	-4.035619965743025839e-02
8.875626462524191518e-02	-9.824965326008429367e-02	2.387838668997319946e-01	-2.414186549756286437e-01	2.280367764554107335e-01	-8.236023372884587745e-02	8.936088404482228631e-02	-9.721292698531140697e-02	3.034620518549048795e-01	-4.789749197607063858e-01	1.118774301726949277e-01	-8.983983037312980036e-02	7.814519935626937364e-02	-5.360976906714629564e-01	1.000000000000000666e+00	-1.022432302068960741e-01	1.299166116630824097e-01	-1.517346302204803377e-01	2.704465188717919966e-01	-4.075773859969513691e-01	7.192271886952093796e-02	-1.346021374865623010e-01	1.296373497302866773e-01	-1.054110037714690168e-01	1.173596276564149304e-01	-9.260139733211225632e-02	7.410708666514966014e-02	-7.470059574492406151e-02	1.090087435240134767e-01	-9.017736604909111497e-02	1.185057797315217237e-01	-6.975343960113652986e-02	7.157456435385166349e-02	-6.929734417304568572e-02	8.618430161294982073e-02	-4.472821827021186691e-02	5.045498219464395612e-02	-5.623497496094434500e-02	6.634678943461753964e-02	-6.143304937580890135e-02	3.985925363670370092e-02	-5.742658782477276513e-02	6.670650850769886675e-02	-8.879418476386269354e-02	5.382898490463501606e-02
-8.293909690546373559e-02	8.637347043499872534e-02	-1.259494821790940189e-01	6.526966315170371069e-02	-6.340061195984739162e-02	1.102765588248019873e-01	-9.354522464193042175e-02	8.531657161678980750e-02	-8.666555085782380596e-02	8.040843436578525016e-02	-1.974447476911922184e-01	9.880822069798349261e-02	-7.096166567233662403e-02	7.919300260309156125e-02	-1.022432302068960741e-01	1.000000000000001554e+00	-2.552183936617123949e-01	1.623415780591307145e-01	-1.119054510308373912e-01	1.176246700126399175e-01	-7.252372598097438505e-01	1.959008979088085467e-01	-1.553657855524049058e-01	1.025739180357422564e-01	-1.101815036464149911e-01	3.072199712411163852e-01	-1.145323612478184594e-01	9.964619630875515277e-02	-1.229309003053064009e-01	8.936183312931036959e-02	-4.271698020838133880e-01	1.060626479134523376e-01	-1.007621945773549271e-01	8.241567981276445853e-02	-9.340947630487721198e-02	8.085003982184266191e-02	-7.577129086375311573e-02	7.610435575746797576e-02	-8.021645542495567383e-02	6.575307199498965638e-02	-7.518841179770581473e-02	8.310027105660922064e-02	-9.358898354477447612e-02	9.115783064128357704e-02	-5.815743663046687301e-02
6.268802014040605886e-02	-6.666116778115124819e-02	1.160710622919713109e-01	-7.443836696342226444e-02	7.125345624499311581e-02	-7.435466064524452745e-02	8.541046389500703273e-02	-9.478130153924348156e-02	1.074894702676298802e-01	-9.766815978725426617e-02	1.070911353210798472e-01	-1.052255747043828460e-01	9.003049273978100397e-02	-1.208432748852865252e-01	1.299166116630824097e-01	-2.552183936617123949e-01	1.000000000000002220e+00	-6.640310800989978057e-01	2.029615468092706154e-01	-2.155591627584620695e-01	1.570975756729603434e-01	-5.342351069452692114e-01	2.867984148076177520e-01	-1.685500097910985762e-01	1.586047704583074258e-01	-1.511982420103245572e-01	1.420870626644510082e-01	-1.290824749641909797e-01	1.570051376844595337e-01	-1.199408410069742192e-01	1.767610959098617485e-01	-1.207812428948365630e-01	1.125430419594086601e-01	-9.594989290616549871e-02	1.107128406651657210e-01	-6.252192286752315808e-02	7.485032460967092072e-02	-7.785771470158343865e-02	8.974336050179941571e-02	-7.779245479810334429e-02	5.568888853705992320e-02	-8.253667314246761200e-02	8.893246085423756053e-02	-1.071115692804031350e-01	6.688988334272515102e-02
-6.282455021801172657e-02	6.609199170454162220e-02	-1.237171542243519079e-01	8.221621046488947204e-02	-7.902469967363864867e-02	7.088883365432901984e-02	-8.605422124924050342e-02	1.010662231215838786e-01	-1.275978867810416417e-01	1.063086136997416081e-01	-1.025755587615084508e-01	9.982971837428147865e-02	-1.091362053446724156e-01	1.434133531239823733e-01	-1.517346302204803377e-01	1.623415780591307145e-01	-6.640310800989978057e-01	1.000000000000002442e+00	-3.471882935723543118e-01	2.330649561885786980e-01	-1.224054105979874019e-01	3.027747894246017313e-01	-4.590325205384384599e-01	1.939977641608008618e-01	-1.929436275237026155e-01	1.213185468011582641e-01	-1.258384418419562778e-01	1.196699246664312266e-01	-1.756034770882118068e-01	1.299613940480086605e-01	-1.601260632199018596e-01	1.065245887607951386e-01	-1.091511709361470267e-01	9.646573884129462650e-02	-1.190774307160113454e-01	5.808881657323496789e-02	-7.005323272280172819e-02	7.468389185042131895e-02	-9.117950478073652554e-02	7.989713863265797411e-02	-5.217981524123537634e-02	7.676513080525652899e-02	-8.714953324470517404e-02	1.076546959175648105e-01	-6.888775276797151625e-02
6.541423334423915326e-02	-7.075047475209675363e-02	1.582435346806100873e-01	-1.386516158014406419e-01	1.269766022073078038e-01	-6.584134771267184660e-02	7.446851913888222207e-02	-8.469553496171984552e-02	2.246215354184819268e-01	-1.854411351021840459e-01	9.167324400358257963e-02	-7.940548704969022098e-02	7.361669722570686469e-02	-4.187769907706653250e-01	2.704465188717919966e-01	-1.119054510308373912e-01	2.029615468092706154e-01	-3.471882935723543118e-01	1.000000000000003331e+00	-7.072218799234653019e-01	7.956852618453190418e-02	-1.835162428186162820e-01	1.881666964458761360e-01	-1.459724458130624292e-01	1.539359726638842574e-01	-9.435446408164369081e-02	8.728081252314674743e-02	-8.765331148884139556e-02	1.301950206564730095e-01	-1.090861356515915037e-01	1.199151803114717751e-01	-7.940791351907609819e-02	8.138725257934345536e-02	-7.749392374862468236e-02	9.731833418487069454e-02	-4.652032394743570859e-02	5.468183671381834227e-02	-6.013480948025360512e-02	7.310418931415717247e-02	-6.747115422596433598e-02	4.144036521749732555e-02	-6.134526288621436341e-02	7.019570102177780102e-02	-9.408910890198668442e-02	5.814439459671293109e-02
-7.543501748288240771e-02	7.992768642175644700e-02	-1.898780149514629201e-01	1.468855238779415984e-01	-1.477300663239151934e-01	7.319343854684620676e-02	-8.227580918177264391e-02	8.765118193828919102e-02	-2.534935488910416979e-01	1.960271697731388874e-01	-1.041436274664059164e-01	8.361025946931978370e-02	-7.600376617748114128e-02	2.755101790537510809e-01	-4.075773859969513691e-01	1.176246700126399175e-01	-2.155591627584620695e-01	2.330649561885786980e-01	-7.072218799234653019e-01	1.000000000000002442e+00	-8.693496455425872571e-02	1.840632749354932929e-01	-2.162603240739170152e-01	1.646839180879524633e-01	-2.223700053386274689e-01	1.028400587427238805e-01	-9.997096403551568311e-02	1.006793495490285045e-01	-1.625661414742311794e-01	1.335412162352483945e-01	-1.403595796808747576e-01	9.034842384397671899e-02	-9.617813894778970418e-02	9.185914999271477255e-02	-1.226111286777934462e-01	5.370234309266590234e-02	-6.353692569957081204e-02	7.031011533104901401e-02	-8.785112381426518624e-02	8.054165287525659467e-02	-4.826633806343034322e-02	7.065160624602928596e-02	-8.359313308106929019e-02	1.093247878282823521e-01	-7.002357234567578581e-02
5.605980175322791692e-02	-6.051533192668783617e-02	8.618480481501245016e-02	-4.575579712338814775e-02	4.434313813902239498e-02	-7.682791989251659681e-02	6.389880024483966803e-02	-6.092065082288042333e-02	6.069994136869595602e-02	-5.715944932561076858e-02	1.160752665259607019e-01	-7.001480623001686554e-02	4.978450054589256962e-02	-5.655107372617818734e-02	7.192271886952093796e-02	-7.252372598097438505e-01	1.570975756729603434e-01	-1.224054105979874019e-01	7.956852618453190418e-02	-8.693496455425872571e-02	1.000000000000002220e+00	-1.790728189399976855e-01	1.163650346890922893e-01	-7.688136568117225067e-02	8.044072656941086974e-02	-5.602635921620052750e-01	8.972284509657944829e-02	-7.710154298864368982e-02	8.975711465728695992e-02	-6.592755283481993578e-02	2.909197443490469381e-01	-8.165094853181797951e-02	7.472760834254972562e-02	-6.095251964861839872e-02	6.766049783084250591e-02	-5.862296058470509164e-02	5.574112708930632765e-02	-5.590674281411606161e-02	5.862199415240182399e-02	-4.832377860137978404e-02	5.309363740723119229e-02	-6.157897710440002337e-02	6.700030387906086293e-02	-6.745966384502581625e-02	4.246408483701197278e-02
-6.395501240598058801e-02	6.689974466208255255e-02	-1.258023735977926438e-01	7.545317227102329993e-02	-7.386461064634196327e-02	7.138072945704199146e-02	-7.857419516905822521e-02	8.056879250524089098e-02	-1.094450615717355441e-01	9.716723216794366513e-02	-1.057570175017050335e-01	8.588275397357904295e-02	-7.352602197478645685e-02	1.101200027589245706e-01	-1.346021374865623010e-01	1.959008979088085467e-01	-5.342351069452692114e-01	3.027747894246017313e-01	-1.835162428186162820e-01	1.840632749354932929e-01	-1.790728189399976855e-01	1.000000000000004663e+00	-5.456936684217942313e-01	2.369771292039491717e-01	-2.473405324943838413e-01	1.627171178496160386e-01	-2.796646820721802595e-01	1.942538998356668212e-01	-2.490233168857001744e-01	1.720091400365883483e-01	-2.161623367721505762e-01	1.794934797162277829e-01	-1.758276115793372674e-01	1.389918798610415007e-01	-1.633453252190366078e-01	8.407356715197142338e-02	-1.093366414051699376e-01	1.104926996551338220e-01	-1.321420244514689979e-01	1.093448106065387226e-01	-7.594468575682419842e-02	1.151098876325250125e-01	-1.282651215431672154e-01	1.449394491573393340e-01	-9.462773847093373936e-02
5.647787034541467549e-02	-5.997142369441492427e-02	1.138759979006605250e-01	-7.266290445427525668e-02	7.032913852744979155e-02	-6.283419764366181270e-02	7.008635732803740470e-02	-7.908187390311213760e-02	1.048388010842997708e-01	-9.634166492239634727e-02	8.965698863192915480e-02	-7.911758884855668583e-02	7.196942250529947405e-02	-1.139520010528981692e-01	1.296373497302866773e-01	-1.553657855524049058e-01	2.867984148076177520e-01	-4.590325205384384599e-01	1.881666964458761360e-01	-2.162603240739170152e-01	1.163650346890922893e-01	-5.456936684217942313e-01	1.000000000000003775e+00	-4.820169753719595884e-01	2.575807767121993108e-01	-1.305901391409600709e-01	1.693571034643714113e-01	-1.792495415328378694e-01	2.325412451824828697e-01	-1.896470749875784900e-01	1.568167621774430032e-01	-1.464099540040991743e-01	1.441916597515764953e-01	-1.307148297247068824e-01	1.526931094405361289e-01	-7.122969050259644885e-02	9.032957832849781987e-02	-9.672506103380296150e-02	1.183038197015462978e-01	-1.076008882060209004e-01	6.265469905762939551e-02	-1.001197511165293208e-01	1.077379922801489087e-01	-1.466654777615301608e-01	9.015212449389825577e-02
-4.230917609822966441e-02	4.458516603956740043e-02	-8.990338028481349719e-02	5.625039487748496880e-02	-5.526937079463718760e-02	4.517518171345309697e-02	-4.937981359024502803e-02	5.270769772386486168e-02	-8.261729233800206573e-02	7.396703020068982892e-02	-6.504527785413367902e-02	5.318305433603983529e-02	-4.671654548101653037e-02	8.518653259557895652e-02	-1.054110037714690168e-01	1.025739180357422564e-01	-1.685500097910985762e-01	1.939977641608008618e-01	-1.459724458130624292e-01	1.646839180879524633e-01	-7.688136568117225067e-02	2.369771292039491717e-01	-4.820169753719595884e-01	1.000000000000003775e+00	-6.442180063184667071e-01	9.373014208769134270e-02	-1.411695191587198084e-01	1.602047438383900624e-01	-4.169892241269204658e-01	2.656903639345057355e-01	-1.201823460924491133e-01	1.235656143167063736e-01	-1.415614406474264564e-01	1.457813077856353889e-01	-1.978518707337767746e-01	6.224272850446758987e-02	-8.195542061453311988e-02	9.242675767184081737e-02	-1.313103593884618336e-01	1.232700883767430672e-01	-5.502958017999701884e-02	8.969342823290706035e-02	-1.041816914790187343e-01	1.575285539781231536e-01	-1.017398349443647820e-01
4.590317137551912924e-02	-4.859887088850738807e-02	9.851933677539095879e-02	-6.224152754979447172e-02	6.111877575006705726e-02	-4.882411316209402108e-02	5.278173601061787040e-02	-5.656293759589728354e-02	9.033019384816905195e-02	-8.301464074096322199e-02	6.970588715117721768e-02	-5.684577249407104377e-02	4.909708289407235804e-02	-9.415755135694808819e-02	1.173596276564149304e-01	-1.101815036464149911e-01	1.586047704583074258e-01	-1.929436275237026155e-01	1.539359726638842574e-01	-2.223700053386274689e-01	8.044072656941086974e-02	-2.473405324943838413e-01	2.575807767121993108e-01	-6.442180063184667071e-01	1.000000000000004441e+00	-1.016455776797853122e-01	1.379737688007618701e-01	-1.598928989104634601e-01	2.969315289939354896e-01	-5.027956182241788419e-01	1.256565688291292893e-01	-1.304638667364757809e-01	1.410841926488912434e-01	-1.612879951507429355e-01	2.309942874284952319e-01	-6.851043860711028555e-02	8.812125827099971664e-02	-1.019233043557610796e-01	1.418493721605107172e-01	-1.560203036960432221e-01	5.978746450224609044e-02	-9.901943888910524905e-02	1.120633467333865263e-01	-2.013133046024045969e-01	1.215280476689521438e-01
-6.576307842550264959e-02	6.823937245080473335e-02	-1.143655349039712360e-01	5.842247446793084192e-02	-5.735219485181512061e-02	7.742818430300152377e-02	-7.155980696583821854e-02	6.678511920976479277e-02	-7.742846158890173691e-02	7.211301305610712253e-02	-1.229489588859298821e-01	7.403841318380983971e-02	-5.516973840975589877e-02	6.940741538408999600e-02	-9.260139733211225632e-02	3.072199712411163852e-01	-1.511982420103245572e-01	1.213185468011582641e-01	-9.435446408164369081e-02	1.028400587427238805e-01	-5.602635921620052750e-01	1.627171178496160386e-01	-1.305901391409600709e-01	9.373014208769134270e-02	-1.016455776797853122e-01	1.000000000000003997e+00	-1.330306644541624506e-01	1.076796039091349050e-01	-1.209591061495800673e-01	8.732391982009449216e-02	-6.884627462991840252e-01	1.227822285789874068e-01	-1.107743083858771516e-01	8.666918908211938832e-02	-9.385079614137462056e-02	9.944353877391677587e-02	-8.651887576463748730e-02	8.404876850381252928e-02	-8.442631186048296654e-02	6.740513498378246371e-02	-9.182879962560401566e-02	9.435928419230603381e-02	-1.030617918481489814e-01	9.399487816651044825e-02	-5.970215059008664865e-02
3.700371774008794773e-02	-3.904044820343544053e-02	7.457617561013794860e-02	-4.283698448281791221e-02	4.213893369703611974e-02	-4.079003009121483919e-02	4.216710550434487476e-02	-4.311407694488653825e-02	5.974366287014367533e-02	-5.544189982108704839e-02	5.925205057651734830e-02	-4.519903639179197880e-02	3.708812718056606061e-02	-5.822349637834223907e-02	7.410708666514966014e-02	-1.145323612478184594e-01	1.420870626644510082e-01	-1.258384418419562778e-01	8.728081252314674743e-02	-9.997096403551568311e-02	8.972284509657944829e-02	-2.796646820721802595e-01	1.693571034643714113e-01	-1.411695191587198084e-01	1.379737688007618701e-01	-1.330306644541624506e-01	1.000000000000003553e+00	-5.783743949332189604e-01	2.139080302954277091e-01	-1.461672196133965151e-01	1.576841430339177008e-01	-6.105929466922991322e-01	3.106949670450282475e-01	-1.799874466344968116e-01	1.435998496912050948e-01	-1.136001949723152438e-01	1.890950287216470738e-01	-1.635005479837289555e-01	1.553076376181095342e-01	-1.112007985913123498e-01	9.743964626516400662e-02	-1.932051769589702983e-01	1.583284493724186615e-01	-1.495666715164684912e-01	9.338385630338341681e-02
-3.580325489912350445e-02	3.762557405281190953e-02	-7.397559793093402836e-02	4.262641979834728978e-02	-4.203861875838155876e-02	3.870238325404564556e-02	-4.045795612180901751e-02	4.136030139892134944e-02	-5.979757201754835189e-02	5.518490930724490734e-02	-5.628867527692558298e-02	4.299628659423521820e-02	-3.564125669301639737e-02	5.812700773729017473e-02	-7.470059574492406151e-02	9.964619630875515277e-02	-1.290824749641909797e-01	1.196699246664312266e-01	-8.765331148884139556e-02	1.006793495490285045e-01	-7.710154298864368982e-02	1.942538998356668212e-01	-1.792495415328378694e-01	1.602047438383900624e-01	-1.598928989104634601e-01	1.076796039091349050e-01	-5.783743949332189604e-01	1.000000000000002887e+00	-3.577965104013073327e-01	1.751028101363596989e-01	-1.427039091836304896e-01	3.076635996344057600e-01	-5.831977554988974077e-01	2.194519195959337698e-01	-1.765437473613199193e-01	9.392514158384082656e-02	-1.524556964503104850e-01	1.443711102133047597e-01	-1.934422495762211924e-01	1.273729559520024035e-01	-8.366179299081837051e-02	1.489016791277303353e-01	-1.554344355612032602e-01	1.630300723450637534e-01	-1.075756143978096047e-01
4.875497966441692116e-02	-5.146129416705414600e-02	1.033984170875068137e-01	-6.148415455897517090e-02	6.052200111039261754e-02	-5.198120405469526528e-02	5.502422391549603026e-02	-5.762953605233724075e-02	8.637222291719882927e-02	-8.106226908366467865e-02	7.454471235777748728e-02	-5.881725080561520103e-02	4.946130081708513537e-02	-8.615651753494399379e-02	1.090087435240134767e-01	-1.229309003053064009e-01	1.570051376844595337e-01	-1.756034770882118068e-01	1.301950206564730095e-01	-1.625661414742311794e-01	8.975711465728695992e-02	-2.490233168857001744e-01	2.325412451824828697e-01	-4.169892241269204658e-01	2.969315289939354896e-01	-1.209591061495800673e-01	2.139080302954277091e-01	-3.577965104013073327e-01	1.000000000000003997e+00	-5.090311519132504348e-01	1.500486092494033585e-01	-2.050612330485488410e-01	2.365037946680927095e-01	-3.134883274844338930e-01	2.774054590658650565e-01	-9.644627841927572165e-02	1.304152433491641006e-01	-1.522813905724348382e-01	2.222139234779170192e-01	-2.147097850421262610e-01	8.343588965474299513e-02	-1.455360820161551993e-01	1.598756857217666361e-01	-2.887376558386130498e-01	1.662049280049582300e-01
-3.770869277325469143e-02	3.962352632120708096e-02	-8.158760249920443686e-02	4.888742487412661014e-02	-4.834160339494102121e-02	3.960109185384799724e-02	-4.222266581352449033e-02	4.389758035036676886e-02	-7.008012678348297941e-02	6.405502492109231560e-02	-5.709072585455375604e-02	4.463642092736863631e-02	-3.782778586394898446e-02	6.951087344877775187e-02	-9.017736604909111497e-02	8.936183312931036959e-02	-1.199408410069742192e-01	1.299613940480086605e-01	-1.090861356515915037e-01	1.335412162352483945e-01	-6.592755283481993578e-02	1.720091400365883483e-01	-1.896470749875784900e-01	2.656903639345057355e-01	-5.027956182241788419e-01	8.732391982009449216e-02	-1.461672196133965151e-01	1.751028101363596989e-01	-5.090311519132504348e-01	1.000000000000003331e+00	-1.140673899869437680e-01	1.348441617914588053e-01	-1.662895565948914745e-01	1.978131792098395125e-01	-5.434623558901070517e-01	6.906257468073946637e-02	-9.419289793475300876e-02	1.121953307716416076e-01	-1.823907341727036835e-01	2.048639757456020838e-01	-6.100920008630604519e-02	1.025664247454154965e-01	-1.261210487596905183e-01	2.208404690677849003e-01	-1.646329320845623112e-01
8.266828344056495470e-02	-8.996085034316518569e-02	1.436743236159979398e-01	-7.558766746333803188e-02	7.395186151899092730e-02	-1.013127075144520245e-01	9.106674776928466719e-02	-8.966206044110602846e-02	9.884166206246455810e-02	-9.585111715073720007e-02	1.437825392500213795e-01	-9.878311389363134132e-02	7.179325180731109535e-02	-9.034887895742378661e-02	1.185057797315217237e-01	-4.271698020838133880e-01	1.767610959098617485e-01	-1.601260632199018596e-01	1.199151803114717751e-01	-1.403595796808747576e-01	2.909197443490469381e-01	-2.161623367721505762e-01	1.568167621774430032e-01	-1.201823460924491133e-01	1.256565688291292893e-01	-6.884627462991840252e-01	1.576841430339177008e-01	-1.427039091836304896e-01	1.500486092494033585e-01	-1.140673899869437680e-01	1.000000000000003997e+00	-1.826779156010348848e-01	1.422004170200366624e-01	-1.175283818875559189e-01	1.201564329268470649e-01	-1.668583598122388989e-01	1.207300916772412053e-01	-1.183443088036638113e-01	1.114842253780747861e-01	-9.175348969798383103e-02	1.280660815216951576e-01	-1.397662100171326860e-01	1.349046567928242624e-01	-1.335014002130316957e-01	8.032277673607531032e-02
-3.517659624429023829e-02	3.702536699895238315e-02	-7.151889114816137316e-02	4.038631033860159980e-02	-3.985405183429114456e-02	3.845836535178630278e-02	-3.942937350578512579e-02	3.984602151341849058e-02	-5.612900707157408853e-02	5.195629877095109955e-02	-5.598373957489328340e-02	4.181836640924531390e-02	-3.402834353319700994e-02	5.373688643572511331e-02	-6.975343960113652986e-02	1.060626479134523376e-01	-1.207812428948365630e-01	1.065245887607951386e-01	-7.940791351907609819e-02	9.034842384397671899e-02	-8.165094853181797951e-02	1.794934797162277829e-01	-1.464099540040991743e-01	1.235656143167063736e-01	-1.304638667364757809e-01	1.227822285789874068e-01	-6.105929466922991322e-01	3.076635996344057600e-01	-2.050612330485488410e-01	1.348441617914588053e-01	-1.826779156010348848e-01	1.000000000000000666e+00	-5.245162298514043364e-01	1.996073754316190774e-01	-1.524660670605461621e-01	1.287542313161154084e-01	-3.409844985436683573e-01	1.936069496213670416e-01	-1.878706913981185722e-01	1.148217082017691099e-01	-1.178193577197637620e-01	2.195089688537083528e-01	-1.995850337194278179e-01	1.482842943576438421e-01	-9.863827745872427721e-02
3.513231181051660462e-02	-3.704843702137899930e-02	7.247699553473453682e-02	-4.135415419766914208e-02	4.079204858406988710e-02	-3.809908821785262800e-02	3.925814588544816047e-02	-4.008935758429239132e-02	5.737175659834486269e-02	-5.363895797650445468e-02	5.505138348660587599e-02	-4.172349379201231723e-02	3.412961979278356095e-02	-5.541281685718602024e-02	7.157456435385166349e-02	-1.007621945773549271e-01	1.125430419594086601e-01	-1.091511709361470267e-01	8.138725257934345536e-02	-9.617813894778970418e-02	7.472760834254972562e-02	-1.758276115793372674e-01	1.441916597515764953e-01	-1.415614406474264564e-01	1.410841926488912434e-01	-1.107743083858771516e-01	3.106949670450282475e-01	-5.831977554988974077e-01	2.365037946680927095e-01	-1.662895565948914745e-01	1.422004170200366624e-01	-5.245162298514043364e-01	1.000000000000004219e+00	-3.835829093206000184e-01	1.763760059313951578e-01	-1.152491170607108234e-01	1.888231327089301692e-01	-1.840952753561006239e-01	2.268291403212854829e-01	-1.441522110567929060e-01	9.882405475770032754e-02	-1.953435130022572186e-01	1.745031456474780140e-01	-1.878105042295574734e-01	1.176843264427998859e-01
-3.246048677103255398e-02	3.402676810581330841e-02	-6.927068326644658658e-02	3.942099446782990069e-02	-3.904128598926538685e-02	3.427171990963024523e-02	-3.570856716485116406e-02	3.634986776331220609e-02	-5.499461043464061449e-02	5.100388078143611170e-02	-4.965436197136808422e-02	3.750019152727714078e-02	-3.095662229557135173e-02	5.272584993190713998e-02	-6.929734417304568572e-02	8.241567981276445853e-02	-9.594989290616549871e-02	9.646573884129462650e-02	-7.749392374862468236e-02	9.185914999271477255e-02	-6.095251964861839872e-02	1.389918798610415007e-01	-1.307148297247068824e-01	1.457813077856353889e-01	-1.612879951507429355e-01	8.666918908211938832e-02	-1.799874466344968116e-01	2.194519195959337698e-01	-3.134883274844338930e-01	1.978131792098395125e-01	-1.175283818875559189e-01	1.996073754316190774e-01	-3.835829093206000184e-01	1.000000000000002665e+00	-3.077307654956655814e-01	9.166051571419478461e-02	-1.505505076676252052e-01	1.963029700329185778e-01	-7.040671211581900346e-01	2.210053265111619480e-01	-8.248187245464649875e-02	1.466432492472558580e-01	-2.076255932450405406e-01	2.399983831726139605e-01	-1.837462185105624701e-01
