1.000000000000000000e+00	-6.808300853238410388e-01	2.281410905541058354e-01	-1.064522888485567448e-01	1.352998290075651255e-01	-5.402951811649829850e-01	2.918941406063619293e-01	-2.375044272998983741e-01	1.231389528705619241e-01	-7.133089443109243144e-02	2.089168753983967342e-01	-1.878325603609149741e-01	1.625281474471919618e-01	-1.448707512775858630e-01	6.820006143363611939e-02	-1.926819257102639904e-01	1.417529409544731889e-01	-1.331343044766325201e-01	1.028647303585380202e-01	-1.124052307803430351e-01	1.196791150756104372e-01	-1.134506826640206828e-01	9.694441937707212742e-02	-9.235492433737416129e-02	7.797047801623371854e-02	-6.286218010631898501e-02	8.132291413280022530e-02	-9.163437145930929117e-02	7.607073893439821044e-02	-6.947216230574412843e-02	6.492973238591656648e-02	-7.441609971469015372e-02	7.229242424767773345e-02	-8.907916251269490382e-02	6.841223748728175735e-02	-3.936015066591667944e-02	5.911562504250425509e-02	-6.085345045324375146e-02	5.304179609049035349e-02	-8.156300335564728443e-02	2.946641879798915856e-02	-5.437023644132198824e-02	4.516737369039865169e-02	-4.880131484666420938e-02	8.680370962871226947e-02
-6.808300853238410388e-01	9.999999999999997780e-01	-4.403084363773600018e-01	1.291231162275454092e-01	-1.665023736254910569e-01	2.810067628206425749e-01	-3.712061365346746022e-01	2.567452795538229249e-01	-1.488951254554081727e-01	7.759912995041795547e-02	-2.175344066878940608e-01	1.850694956218384701e-01	-1.908532680542687765e-01	1.542815811571499329e-01	-7.547923888673273296e-02	1.777445871323537763e-01	-1.473144852259173909e-01	1.330066275916435836e-01	-1.081269390348692516e-01	1.138918117465162611e-01	-1.268521756363475694e-01	1.132708504069106226e-01	-9.924712106640357079e-02	9.439070307551697403e-02	-8.067028361738982911e-02	6.452968185548153823e-02	-8.358752719206916093e-02	9.244223786301425383e-02	-7.864553260940802815e-02	7.093562173732360920e-02	-6.718286431768601130e-02	7.554587391450373612e-02	-7.369978175114083596e-02	8.986825499465320166e-02	-6.984055131013076900e-02	3.985421631239927792e-02	-6.040673054481499049e-02	6.157809333570396504e-02	-5.381402097330331702e-02	8.231664092698719182e-02	-2.993199652315323145e-02	5.505375133508986357e-02	-4.588246242040984468e-02	4.935969380843473198e-02	-8.987446605627322227e-02
2.281410905541058354e-01	-4.403084363773600018e-01	1.000000000000000000e+00	-2.228931306872930784e-01	1.937588089171565775e-01	-1.790843126133575269e-01	2.145908518356846872e-01	-7.305507168164114828e-01	1.891631062481866077e-01	-9.927215599679656277e-02	1.613807314407175175e-01	-1.628343787391457465e-01	2.408833829678244109e-01	-2.148801305084469260e-01	9.314808991062825672e-02	-1.775109397620344975e-01	1.389309800364283698e-01	-1.494621800640146825e-01	1.219329476629808229e-01	-1.348053751158649338e-01	1.313164779617386480e-01	-1.217681022252272843e-01	1.073336868074255129e-01	-1.081961121293884692e-01	9.156181451431479046e-02	-6.919918317453863099e-02	8.911921895708053987e-02	-1.030345313183198552e-01	8.784495392594118823e-02	-8.082323969749576065e-02	7.173828913202269508e-02	-8.260117533835067971e-02	8.109964846303241437e-02	-1.018818236793969101e-01	7.815768225880137532e-02	-4.462575267840199894e-02	6.659269239186932365e-02	-6.910560992255275481e-02	6.033877478589640825e-02	-9.359097362812210386e-02	3.335848775414056167e-02	-6.161317183734719288e-02	5.124228206263088670e-02	-5.559795407475807971e-02	9.915614184152124477e-02
-1.064522888485567448e-01	1.291231162275454092e-01	-2.228931306872930784e-01	1.000000000000000000e+00	-6.313488589034821352e-01	9.301331084566120955e-02	-1.195832165079567938e-01	1.767225375218668404e-01	-6.443970573887759512e-01	1.473148549011284725e-01	-1.139067860636618218e-01	1.134610656493614672e-01	-1.872962518784601071e-01	2.254336855726621347e-01	-1.329493541554288838e-01	1.449547925488850753e-01	-1.145386086676379450e-01	1.351257431917128882e-01	-1.220264466238571016e-01	1.469619390280068050e-01	-1.279282112193126930e-01	1.117325357267658636e-01	-1.006560131922311641e-01	1.081645216851584296e-01	-9.580916348929870152e-02	6.693024497067463774e-02	-8.520498309112101154e-02	1.016923963456949492e-01	-8.968627664462672233e-02	8.343943729848973812e-02	-6.978554046796264787e-02	8.060855773430644633e-02	-8.028667356616152329e-02	1.048266531663781254e-01	-8.012184607363286026e-02	4.554737259362656027e-02	-6.700960801238957376e-02	7.041881656952100887e-02	-6.167788111386366540e-02	9.736018759654917198e-02	-3.393264988392309667e-02	6.275739424057842630e-02	-5.216145895150654799e-02	5.708386457774007605e-02	-1.032346888228725806e-01
1.352998290075651255e-01	-1.665023736254910569e-01	1.937588089171565775e-01	-6.313488589034821352e-01	1.000000000000000000e+00	-1.277657974003060803e-01	1.590003485872757139e-01	-2.069745399699612354e-01	3.189906582273461244e-01	-2.187990536606206071e-01	1.610858015248946562e-01	-1.629825507498789683e-01	2.182424383088259756e-01	-2.860101124611537649e-01	1.725110973895299660e-01	-2.400436793241854105e-01	1.775408357717862817e-01	-2.210353683656914037e-01	1.845173582352710728e-01	-2.582291939215637377e-01	2.138505724413295728e-01	-1.878183477491034425e-01	1.647931320805038347e-01	-1.770432352013618094e-01	1.587145373001902227e-01	-1.141978081356757463e-01	1.438329746257709929e-01	-1.772248595967610973e-01	1.499023897239687431e-01	-1.431488592632351176e-01	1.185909654871230429e-01	-1.395302606261001332e-01	1.391263352123397745e-01	-1.885651316663476407e-01	1.411883672694272118e-01	-8.187214933136835460e-02	1.179371119290124614e-01	-1.260230723049099166e-01	1.102101591393109259e-01	-1.770774665891069466e-01	6.062224877855249688e-02	-1.125477066234203405e-01	9.293583924882575786e-02	-1.028214313347340370e-01	1.841541830312637407e-01
-5.402951811649829850e-01	2.810067628206425749e-01	-1.790843126133575269e-01	9.301331084566120955e-02	-1.277657974003060803e-01	1.000000000000000000e+00	-6.347249382065672796e-01	1.794858904711821301e-01	-1.149166251268537303e-01	6.548651257866519582e-02	-3.876500137219112685e-01	2.494421983452736191e-01	-1.643804413290124722e-01	1.342242040627538713e-01	-6.366888423266328645e-02	2.049365611759562944e-01	-1.659151383411191227e-01	1.312798406328612999e-01	-1.007855700404896443e-01	1.036003676071221846e-01	-1.190722767830024592e-01	1.137872627830347344e-01	-9.710832563487653557e-02	8.848777938076952954e-02	-7.422401811293011242e-02	6.152826030100619348e-02	-8.072745002160981731e-02	8.750488470656715700e-02	-7.285841362905504104e-02	6.555606811462541539e-02	-6.367336067746165451e-02	7.192207757281501856e-02	-6.956143801225976586e-02	8.316608968093844312e-02	-6.456842731477542563e-02	3.698682449335959077e-02	-5.635085079939262248e-02	5.724411353067562769e-02	-4.991222100493489244e-02	7.577257081038202280e-02	-2.779789993148329072e-02	5.115728870568039821e-02	-4.262383681000965485e-02	4.570432179413560364e-02	-8.200616799498254561e-02
2.918941406063619293e-01	-3.712061365346746022e-01	2.145908518356846872e-01	-1.195832165079567938e-01	1.590003485872757139e-01	-6.347249382065672796e-01	1.000000000000000000e+00	-2.742929462022677956e-01	1.456109092832581497e-01	-8.715242018757246578e-02	2.953338499834501363e-01	-4.118182565178665766e-01	2.115051253910161522e-01	-1.833591510285025872e-01	8.366954209919928720e-02	-2.701771084949935453e-01	2.095960707626564057e-01	-1.802710067167826724e-01	1.330530056123244986e-01	-1.408111793973345904e-01	1.526361867445924503e-01	-1.550308243187422108e-01	1.291063378705029352e-01	-1.193034084406150303e-01	9.895378716424646504e-02	-8.144021125697639696e-02	1.064776896326277700e-01	-1.180493111981313625e-01	9.683097464642932695e-02	-8.809397681419577075e-02	8.367741290995822645e-02	-9.628164938925057315e-02	9.285035443545375244e-02	-1.122162132519326644e-01	8.632008946983286968e-02	-4.965490329151475701e-02	7.504297577513498185e-02	-7.695127897817372054e-02	6.696180773557246224e-02	-1.021701047235797633e-01	3.721706863166203416e-02	-6.868672644609430389e-02	5.710125841919853895e-02	-6.146835361678710391e-02	1.083855363391857257e-01
-2.375044272998983741e-01	2.567452795538229249e-01	-7.305507168164114828e-01	1.767225375218668404e-01	-2.069745399699612354e-01	1.794858904711821301e-01	-2.742929462022677956e-01	9.999999999999997780e-01	-2.090876410976768573e-01	1.017987912474984658e-01	-1.846161677240535648e-01	1.835814827960481066e-01	-4.097624180376003289e-01	2.261655793857824115e-01	-1.005543390367471118e-01	1.766672744396138584e-01	-1.511879892923868873e-01	1.523111892707590953e-01	-1.296898786251612645e-01	1.324369305410530162e-01	-1.362645221061405676e-01	1.230315311906081260e-01	-1.110711460421974772e-01	1.098938817240524835e-01	-9.325189585570400896e-02	7.017414525129493652e-02	-9.100522113646197786e-02	1.025603616437340548e-01	-8.950342069940436796e-02	8.093342691931493249e-02	-7.314957779706073027e-02	8.281621197214777963e-02	-8.144170662910628355e-02	1.001257280625399287e-01	-7.787299639653919026e-02	4.401546915496652029e-02	-6.653926969133129588e-02	6.823111887281062271e-02	-5.968674575164881896e-02	9.166489545517809978e-02	-3.303424159511667707e-02	6.082264069029749698e-02	-5.078841609476916763e-02	5.474206761936380172e-02	-9.927194481079956723e-02
1.231389528705619241e-01	-1.488951254554081727e-01	1.891631062481866077e-01	-6.443970573887759512e-01	3.189906582273461244e-01	-1.149166251268537303e-01	1.456109092832581497e-01	-2.090876410976768573e-01	9.999999999999991118e-01	-2.374598213811426883e-01	1.456569474185758495e-01	-1.506973539337607693e-01	2.417129230959781383e-01	-4.371258271654768768e-01	1.861723415163408502e-01	-1.985596295807938172e-01	1.538636026484521135e-01	-1.904120268500116564e-01	1.716294880534868783e-01	-2.115800854837510403e-01	1.724952777435820872e-01	-1.553372381795627144e-01	1.394751044398990780e-01	-1.552268643880507504e-01	1.341935806247896990e-01	-9.188552827345408680e-02	1.170330618000649109e-01	-1.417431519018330921e-01	1.246084658899818121e-01	-1.173947712825412493e-01	9.550537393863200997e-02	-1.114912735511339320e-01	1.111309296744869973e-01	-1.461138752899068527e-01	1.110667120255111051e-01	-6.312447376223222217e-02	9.246134398755656569e-02	-9.780564821263584840e-02	8.558260717431805109e-02	-1.355386312350209677e-01	4.695655848941487909e-02	-8.700271797118157291e-02	7.228359600327993739e-02	-7.929539220408227118e-02	1.414071958978259380e-01
-7.133089443109243144e-02	7.759912995041795547e-02	-9.927215599679656277e-02	1.473148549011284725e-01	-2.187990536606206071e-01	6.548651257866519582e-02	-8.715242018757246578e-02	1.017987912474984658e-01	-2.374598213811426883e-01	1.000000000000000000e+00	-8.891539737735248972e-02	8.790230165413240315e-02	-1.632548744196665735e-01	2.083321516034387644e-01	-8.942536477330452760e-01	1.078338838832228613e-01	-9.216608542587818864e-02	1.096465534771502853e-01	-1.179912379612250289e-01	1.661103844410679042e-01	-1.093700384392852776e-01	8.947179356899868929e-02	-8.595864413589580921e-02	9.917860138774491074e-02	-1.128090184437230969e-01	5.497363346421829666e-02	-7.056390833124957795e-02	8.262586372070204743e-02	-8.996416480987927400e-02	7.964225269526178930e-02	-5.811866023651594826e-02	6.516371069320361920e-02	-6.628153108228830581e-02	8.362151006415427523e-02	-6.801068855806571833e-02	3.543846986538897598e-02	-5.402555686902407034e-02	5.568816671167509808e-02	-4.929707320960266537e-02	7.616360010514000578e-02	-2.671150991455513088e-02	4.906128730096414453e-02	-4.163557654870581048e-02	4.481809678499076854e-02	-8.369552233689434018e-02
2.089168753983967342e-01	-2.175344066878940608e-01	1.613807314407175175e-01	-1.139067860636618218e-01	1.610858015248946562e-01	-3.876500137219112685e-01	2.953338499834501363e-01	-1.846161677240535648e-01	1.456569474185758495e-01	-8.891539737735248972e-02	1.000000000000000666e+00	-6.341951740284198502e-01	2.216905651599874738e-01	-1.912380463068898140e-01	8.601241532089760888e-02	-4.727361972791028766e-01	2.794718786939529021e-01	-2.064349326447664779e-01	1.470971616867864373e-01	-1.476320638762212700e-01	1.730979419065246383e-01	-1.811578766908138738e-01	1.480744909003826049e-01	-1.304500390145639510e-01	1.066723317870840460e-01	-9.134339247200237710e-02	1.208440762172626054e-01	-1.293206502717520467e-01	1.051337781883782130e-01	-9.457378298354901514e-02	9.355035134942317476e-02	-1.067070525083922555e-01	1.020765328389942467e-01	-1.196954327029089021e-01	9.270548002664835696e-02	-5.328480160195099569e-02	8.152159839472188085e-02	-8.270375648472493013e-02	7.189547940488950906e-02	-1.083257159442256867e-01	4.005665703593638133e-02	-7.381759466357899757e-02	6.147706820504711400e-02	-6.573039900354779586e-02	1.159088755244371827e-01
-1.878325603609149741e-01	1.850694956218384701e-01	-1.628343787391457465e-01	1.134610656493614672e-01	-1.629825507498789683e-01	2.494421983452736191e-01	-4.118182565178665766e-01	1.835814827960481066e-01	-1.506973539337607693e-01	8.790230165413240315e-02	-6.341951740284198502e-01	9.999999999999995559e-01	-3.257394585669657339e-01	1.972724743038828110e-01	-8.713572124421682663e-02	3.022152301687758280e-01	-4.269608181452301254e-01	2.046231660025324972e-01	-1.503162239580872195e-01	1.393164361742774415e-01	-1.668093899911498312e-01	1.804019828614079612e-01	-1.518828822152200886e-01	1.272280831178722871e-01	-1.038099219428545439e-01	8.790318462614214734e-02	-1.203540775960375286e-01	1.232595458250456133e-01	-1.021863618497422660e-01	9.051070601701427520e-02	-9.082205126539448503e-02	1.022557923597219587e-01	-9.832966225294698104e-02	1.121721016709206348e-01	-8.797656376341828066e-02	5.004070396836114015e-02	-7.762730928522307283e-02	7.790222049122301484e-02	-6.783796319844276335e-02	1.011724397351316668e-01	-3.776334141886141665e-02	6.942100494568419211e-02	-5.810488161676377605e-02	6.170702551749401854e-02	-1.098901915326332274e-01
1.625281474471919618e-01	-1.908532680542687765e-01	2.408833829678244109e-01	-1.872962518784601071e-01	2.182424383088259756e-01	-1.643804413290124722e-01	2.115051253910161522e-01	-4.097624180376003289e-01	2.417129230959781383e-01	-1.632548744196665735e-01	2.216905651599874738e-01	-3.257394585669657339e-01	1.000000000000000888e+00	-6.298158180180984944e-01	1.567700301591504752e-01	-2.478738109860360306e-01	2.106558409462280235e-01	-2.561459543076660128e-01	2.015298851462840046e-01	-1.947800649985924615e-01	1.793079692889076593e-01	-1.802345204225519748e-01	1.639279480614798112e-01	-1.699045781159372326e-01	1.348293924360662865e-01	-9.659402123343074908e-02	1.264905792248740279e-01	-1.460836578983061296e-01	1.273170234757540764e-01	-1.167002549896933167e-01	9.989560033686968599e-02	-1.157071006364568666e-01	1.139026379167299152e-01	-1.394775365582589244e-01	1.078178984036014254e-01	-6.046059344919142708e-02	9.126235347343919502e-02	-9.452750041823010374e-02	8.248760566834559271e-02	-1.266223757248693960e-01	4.531638435551009481e-02	-8.373248896610478720e-02	7.005652782076265961e-02	-7.558613314652751214e-02	1.329681677448112109e-01
-1.448707512775858630e-01	1.542815811571499329e-01	-2.148801305084469260e-01	2.254336855726621347e-01	-2.860101124611537649e-01	1.342242040627538713e-01	-1.833591510285025872e-01	2.261655793857824115e-01	-4.371258271654768768e-01	2.083321516034387644e-01	-1.912380463068898140e-01	1.972724743038828110e-01	-6.298158180180984944e-01	1.000000000000001554e+00	-2.657729837288719810e-01	2.000821077649355961e-01	-1.824023369625514812e-01	2.114336705035420871e-01	-2.722370584357990952e-01	1.958052817028910486e-01	-1.757280387826445078e-01	1.586128616160479565e-01	-1.546594290210327183e-01	1.779775457399756511e-01	-1.437124627813702871e-01	9.077102258704185245e-02	-1.187854909115312746e-01	1.359418485783402408e-01	-1.317082077071092538e-01	1.172750116809722493e-01	-9.520513218539554401e-02	1.076044899731090077e-01	-1.077903705019446767e-01	1.316429633166961433e-01	-1.042994353257934159e-01	5.669142226047943489e-02	-8.657534329557921293e-02	8.884413159264184512e-02	-7.804063689740205201e-02	1.193715253427549555e-01	-4.268435658329995663e-02	7.852955699449362670e-02	-6.622513761525034015e-02	7.110366657471614560e-02	-1.290420611926341998e-01
6.820006143363611939e-02	-7.547923888673273296e-02	9.314808991062825672e-02	-1.329493541554288838e-01	1.725110973895299660e-01	-6.366888423266328645e-02	8.366954209919928720e-02	-1.005543390367471118e-01	1.861723415163408502e-01	-8.942536477330452760e-01	8.601241532089760888e-02	-8.713572124421682663e-02	1.567700301591504752e-01	-2.657729837288719810e-01	1.000000000000000888e+00	-1.083175730940760390e-01	9.101958485525929454e-02	-1.117127355271790023e-01	1.182309069656890949e-01	-2.057356753061838628e-01	1.062156239894077175e-01	-9.017920949318822266e-02	8.610894039815554513e-02	-1.026859446894715505e-01	1.150211200629314978e-01	-5.443787566460710214e-02	7.001289313991530816e-02	-8.315051300032558212e-02	8.983700845790598688e-02	-8.198160123911339692e-02	5.734002171323072244e-02	-6.503028208445837954e-02	6.612750655584298531e-02	-8.403297132401153779e-02	6.779497119754174239e-02	-3.533486051568904274e-02	5.363362572452982924e-02	-5.570209760326302190e-02	4.923778184191688473e-02	-7.635622527104028723e-02	2.658829842678285538e-02	-4.894809494605245614e-02	4.152195085911443428e-02	-4.481764372943175534e-02	8.210634599254901245e-02
-1.926819257102639904e-01	1.777445871323537763e-01	-1.775109397620344975e-01	1.449547925488850753e-01	-2.400436793241854105e-01	2.049365611759562944e-01	-2.701771084949935453e-01	1.766672744396138584e-01	-1.985596295807938172e-01	1.078338838832228613e-01	-4.727361972791028766e-01	3.022152301687758280e-01	-2.478738109860360306e-01	2.000821077649355961e-01	-1.083175730940760390e-01	1.000000000000000222e+00	-5.731683101379533296e-01	2.606693914387400723e-01	-2.086266613235557010e-01	1.872433929863354940e-01	-3.100889132761144307e-01	2.435695690389308166e-01	-2.164756793030189197e-01	1.729203891811900151e-01	-1.474979945103761791e-01	1.387503500544155222e-01	-1.856116045553160010e-01	1.771087752201843390e-01	-1.489988162800762461e-01	1.280903049008585703e-01	-1.454581127664054396e-01	1.526177134306681837e-01	-1.465211486423900200e-01	1.627048582754633266e-01	-1.304515112724369541e-01	7.457789367088218935e-02	-1.180989571627080459e-01	1.148042649446692903e-01	-1.004484151166225164e-01	1.476104069820842468e-01	-5.669749515876349594e-02	1.032337431300842934e-01	-8.655411250233875642e-02	9.092685014686874290e-02	-1.706914074778433099e-01
1.417529409544731889e-01	-1.473144852259173909e-01	1.389309800364283698e-01	-1.145386086676379450e-01	1.775408357717862817e-01	-1.659151383411191227e-01	2.095960707626564057e-01	-1.511879892923868873e-01	1.538636026484521135e-01	-9.216608542587818864e-02	2.794718786939529021e-01	-4.269608181452301254e-01	2.106558409462280235e-01	-1.824023369625514812e-01	9.101958485525929454e-02	-5.731683101379533296e-01	1.000000000000001332e+00	-4.157941403107905387e-01	2.065943193421826418e-01	-1.772548138619501890e-01	2.197939981723870395e-01	-3.960350604546336029e-01	2.495191892256548305e-01	-1.821159182106343588e-01	1.370062790449974865e-01	-1.280267891798300972e-01	1.823219319795682802e-01	-1.788076145683512586e-01	1.367998478408491425e-01	-1.204998919194062990e-01	1.279208205199226511e-01	-1.502502423187358493e-01	1.389660410575518368e-01	-1.476867998060734377e-01	1.156433982470698729e-01	-6.610482217381190295e-02	1.043811012979459218e-01	-1.041072009510587565e-01	8.984966934967866803e-02	-1.303863017198323426e-01	4.999435873875194419e-02	-9.227527061616802584e-02	7.729935047742106380e-02	-8.116353469132142617e-02	1.390257693430683728e-01
-1.331343044766325201e-01	1.330066275916435836e-01	-1.494621800640146825e-01	1.351257431917128882e-01	-2.210353683656914037e-01	1.312798406328612999e-01	-1.802710067167826724e-01	1.523111892707590953e-01	-1.904120268500116564e-01	1.096465534771502853e-01	-2.064349326447664779e-01	2.046231660025324972e-01	-2.561459543076660128e-01	2.114336705035420871e-01	-1.117127355271790023e-01	2.606693914387400723e-01	-4.157941403107905387e-01	1.000000000000002665e+00	-4.716937004288826452e-01	2.235818357640417253e-01	-2.637589981496692992e-01	2.943178495338562017e-01	-5.094543380488367745e-01	2.772989840507530390e-01	-1.970580171880261522e-01	1.418132478051757073e-01	-2.054565876241025157e-01	2.190402971431529289e-01	-1.926996563830177256e-01	1.606442505035720336e-01	-1.506676036405453223e-01	1.668692276360115301e-01	-1.745246827857305505e-01	1.748010883773486457e-01	-1.432747470949354285e-01	7.624415515510668540e-02	-1.243425850663986143e-01	1.228562069581548982e-01	-1.074958659029740665e-01	1.529751025019543409e-01	-5.836163844500441567e-02	1.067392934863603815e-01	-9.231672565052637114e-02	9.535880464015171476e-02	-1.686975472999303893e-01
1.028647303585380202e-01	-1.081269390348692516e-01	1.219329476629808229e-01	-1.220264466238571016e-01	1.845173582352710728e-01	-1.007855700404896443e-01	1.330530056123244986e-01	-1.296898786251612645e-01	1.716294880534868783e-01	-1.179912379612250289e-01	1.470971616867864373e-01	-1.503162239580872195e-01	2.015298851462840046e-01	-2.722370584357990952e-01	1.182309069656890949e-01	-2.086266613235557010e-01	2.065943193421826418e-01	-4.716937004288826452e-01	9.999999999999995559e-01	-3.222908843896549747e-01	2.027628645641886551e-01	-2.315201024480396663e-01	2.659135297188238711e-01	-6.456316673222403102e-01	2.491826372479888640e-01	-1.145382315335666951e-01	1.562691185816443562e-01	-1.938683794813041150e-01	2.166038760722177325e-01	-2.048542042977637978e-01	1.193906099236934359e-01	-1.398944364987091404e-01	1.446913791836445806e-01	-1.689812099401936385e-01	1.361182501451531912e-01	-6.676130678583930278e-02	1.057024799243737739e-01	-1.101488798092982307e-01	9.679705595804513618e-02	-1.443367940304010888e-01	5.071394269371959362e-02	-9.375803687170379541e-02	8.150349923935795715e-02	-8.627683981568648464e-02	1.449280040356342447e-01
-1.124052307803430351e-01	1.138918117465162611e-01	-1.348053751158649338e-01	1.469619390280068050e-01	-2.582291939215637377e-01	1.036003676071221846e-01	-1.408111793973345904e-01	1.324369305410530162e-01	-2.115800854837510403e-01	1.661103844410679042e-01	-1.476320638762212700e-01	1.393164361742774415e-01	-1.947800649985924615e-01	1.958052817028910486e-01	-2.057356753061838628e-01	1.872433929863354940e-01	-1.772548138619501890e-01	2.235818357640417253e-01	-3.222908843896549747e-01	9.999999999999985567e-01	-2.605685697567232673e-01	1.885577410944167531e-01	-2.059588356383594832e-01	2.808034987907399582e-01	-6.500262808620943522e-01	1.245038402215606077e-01	-1.616654541184261440e-01	1.904464374010016725e-01	-3.201307568669090053e-01	2.680178836780577889e-01	-1.352418784566607191e-01	1.457239988168589628e-01	-1.573559511642680930e-01	1.933018884239994239e-01	-1.790859314284558579e-01	7.573536776009666405e-02	-1.223150840228966751e-01	1.239119313987352700e-01	-1.126579325743761323e-01	1.696921305656689249e-01	-5.822976879253342203e-02	1.058801612379472179e-01	-9.409537606460580128e-02	9.879711660046190669e-02	-1.932917820811738407e-01
1.196791150756104372e-01	-1.268521756363475694e-01	1.313164779617386480e-01	-1.279282112193126930e-01	2.138505724413295728e-01	-1.190722767830024592e-01	1.526361867445924503e-01	-1.362645221061405676e-01	1.724952777435820872e-01	-1.093700384392852776e-01	1.730979419065246383e-01	-1.668093899911498312e-01	1.793079692889076593e-01	-1.757280387826445078e-01	1.062156239894077175e-01	-3.100889132761144307e-01	2.197939981723870395e-01	-2.637589981496692992e-01	2.027628645641886551e-01	-2.605685697567232673e-01	1.000000000000000888e+00	-2.890421567168155459e-01	2.243220279623167335e-01	-2.035315109004740552e-01	1.799173563837858369e-01	-3.699263455065650574e-01	2.632377756386767298e-01	-2.874288439100075032e-01	1.922108548970119235e-01	-1.793256251223582509e-01	2.552425990180595683e-01	-2.702204351822585782e-01	2.302883147902351768e-01	-3.088075362832863879e-01	2.174455111713529121e-01	-1.464603339260071579e-01	2.000813194865309896e-01	-2.130315050165867696e-01	1.819061057693084626e-01	-2.901119287118327783e-01	1.063178232745048413e-01	-1.983603269236472455e-01	1.552778879040666027e-01	-1.731813068032057312e-01	2.778641527740401962e-01
-1.134506826640206828e-01	1.132708504069106226e-01	-1.217681022252272843e-01	1.117325357267658636e-01	-1.878183477491034425e-01	1.137872627830347344e-01	-1.550308243187422108e-01	1.230315311906081260e-01	-1.553372381795627144e-01	8.947179356899868929e-02	-1.811578766908138738e-01	1.804019828614079612e-01	-1.802345204225519748e-01	1.586128616160479565e-01	-9.017920949318822266e-02	2.435695690389308166e-01	-3.960350604546336029e-01	2.943178495338562017e-01	-2.315201024480396663e-01	1.885577410944167531e-01	-2.890421567168155459e-01	1.000000000000002220e+00	-5.880978546933907092e-01	2.159639782489522486e-01	-1.645287616222987359e-01	1.933153103203688050e-01	-4.229016393043691924e-01	2.461294719679999465e-01	-1.710757165190172624e-01	1.421526766123544505e-01	-1.959774470900787491e-01	2.242345500164939498e-01	-2.041314315256539114e-01	1.779565660229321111e-01	-1.427316228987939029e-01	8.249319499845532422e-02	-1.391212355638268283e-01	1.318263280908765489e-01	-1.130180819976841916e-01	1.535213580094347829e-01	-6.317277252499778339e-02	1.162710194246215495e-01	-9.851479025465660622e-02	9.995131956268067663e-02	-1.650078665833874247e-01
9.694441937707212742e-02	-9.924712106640357079e-02	1.073336868074255129e-01	-1.006560131922311641e-01	1.647931320805038347e-01	-9.710832563487653557e-02	1.291063378705029352e-01	-1.110711460421974772e-01	1.394751044398990780e-01	-8.595864413589580921e-02	1.480744909003826049e-01	-1.518828822152200886e-01	1.639279480614798112e-01	-1.546594290210327183e-01	8.610894039815554513e-02	-2.164756793030189197e-01	2.495191892256548305e-01	-5.094543380488367745e-01	2.659135297188238711e-01	-2.059588356383594832e-01	2.243220279623167335e-01	-5.880978546933907092e-01	9.999999999999996669e-01	-3.513261755107118245e-01	1.795077241512655353e-01	-1.520089794264156968e-01	2.309793365413152499e-01	-3.357537949083869155e-01	1.812366901173008693e-01	-1.565978620498718332e-01	1.519690013057534705e-01	-1.917291707871928153e-01	1.975214913375779036e-01	-1.740314726483637719e-01	1.362908976333778444e-01	-7.384564468265526760e-02	1.215975644754400398e-01	-1.251123995520326271e-01	1.060511880667407980e-01	-1.452439502871339660e-01	5.633722184302841079e-02	-1.048164737125144991e-01	9.122772919642876954e-02	-9.340243622511487653e-02	1.475759535084993357e-01
-9.235492433737416129e-02	9.439070307551697403e-02	-1.081961121293884692e-01	1.081645216851584296e-01	-1.770432352013618094e-01	8.848777938076952954e-02	-1.193034084406150303e-01	1.098938817240524835e-01	-1.552268643880507504e-01	9.917860138774491074e-02	-1.304500390145639510e-01	1.272280831178722871e-01	-1.699045781159372326e-01	1.779775457399756511e-01	-1.026859446894715505e-01	1.729203891811900151e-01	-1.821159182106343588e-01	2.772989840507530390e-01	-6.456316673222403102e-01	2.808034987907399582e-01	-2.035315109004740552e-01	2.159639782489522486e-01	-3.513261755107118245e-01	9.999999999999981126e-01	-4.181915296820569727e-01	1.113428711882578775e-01	-1.567842657290028641e-01	1.904223296219194894e-01	-3.286157184910215578e-01	2.389997222880122230e-01	-1.186492287654294236e-01	1.348970189167541522e-01	-1.467940093924567924e-01	1.651287553219351334e-01	-1.412078077378571828e-01	6.350593282506271364e-02	-1.032666485748569979e-01	1.062217414662799120e-01	-9.464770399239717802e-02	1.389513845294577943e-01	-4.865890235389566665e-02	8.942571180665714881e-02	-7.938539077275022504e-02	8.287157343998152736e-02	-1.425445601774057436e-01
7.797047801623371854e-02	-8.067028361738982911e-02	9.156181451431479046e-02	-9.580916348929870152e-02	1.587145373001902227e-01	-7.422401811293011242e-02	9.895378716424646504e-02	-9.325189585570400896e-02	1.341935806247896990e-01	-1.128090184437230969e-01	1.066723317870840460e-01	-1.038099219428545439e-01	1.348293924360662865e-01	-1.437124627813702871e-01	1.150211200629314978e-01	-1.474979945103761791e-01	1.370062790449974865e-01	-1.970580171880261522e-01	2.491826372479888640e-01	-6.500262808620943522e-01	1.799173563837858369e-01	-1.645287616222987359e-01	1.795077241512655353e-01	-4.181915296820569727e-01	1.000000000000001554e+00	-9.629350833656692699e-02	1.280311599478844709e-01	-1.686663667266483646e-01	2.901761732267678640e-01	-4.723094919073663744e-01	1.027743540093977587e-01	-1.184449249433358192e-01	1.295356438560566203e-01	-1.700581090255428307e-01	1.519759523023961612e-01	-5.940542551600398735e-02	9.518874219978722129e-02	-1.017725049740549059e-01	9.226418503127066517e-02	-1.440929503561958480e-01	4.544825274791240016e-02	-8.387423489020617851e-02	7.560919008845282119e-02	-8.058202607280796903e-02	1.364772689015565643e-01
-6.286218010631898501e-02	6.452968185548153823e-02	-6.919918317453863099e-02	6.693024497067463774e-02	-1.141978081356757463e-01	6.152826030100619348e-02	-8.144021125697639696e-02	7.017414525129493652e-02	-9.188552827345408680e-02	5.497363346421829666e-02	-9.134339247200237710e-02	8.790318462614214734e-02	-9.659402123343074908e-02	9.077102258704185245e-02	-5.443787566460710214e-02	1.387503500544155222e-01	-1.280267891798300972e-01	1.418132478051757073e-01	-1.145382315335666951e-01	1.245038402215606077e-01	-3.699263455065650574e-01	1.933153103203688050e-01	-1.520089794264156968e-01	1.113428711882578775e-01	-9.629350833656692699e-02	1.000000000000001110e+00	-4.591374495355199925e-01	1.944911166488321463e-01	-1.090156637342315632e-01	9.488095033213596319e-02	-7.260473609299565867e-01	2.889039323636908851e-01	-1.820670049015162273e-01	1.549413090176906260e-01	-1.159033248134097860e-01	8.526500672016776305e-02	-1.364601285030699052e-01	1.208041183691382636e-01	-1.000928248026290573e-01	1.338010293151675745e-01	-6.446509382395736176e-02	1.150321114932632838e-01	-8.907306964744987621e-02	9.075209667350511711e-02	-1.322759888719870491e-01
8.132291413280022530e-02	-8.358752719206916093e-02	8.911921895708053987e-02	-8.520498309112101154e-02	1.438329746257709929e-01	-8.072745002160981731e-02	1.064776896326277700e-01	-9.100522113646197786e-02	1.170330618000649109e-01	-7.056390833124957795e-02	1.208440762172626054e-01	-1.203540775960375286e-01	1.264905792248740279e-01	-1.187854909115312746e-01	7.001289313991530816e-02	-1.856116045553160010e-01	1.823219319795682802e-01	-2.054565876241025157e-01	1.562691185816443562e-01	-1.616654541184261440e-01	2.632377756386767298e-01	-4.229016393043691924e-01	2.309793365413152499e-01	-1.567842657290028641e-01	1.280311599478844709e-01	-4.591374495355199925e-01	9.999999999999973355e-01	-3.329758764986050501e-01	1.471576568624797521e-01	-1.275657443307541827e-01	3.016204344165804296e-01	-5.520898547522617994e-01	2.544203425773926552e-01	-2.013719935887803569e-01	1.475891677869463348e-01	-1.035656909789264418e-01	1.725274065420511482e-01	-1.593617929359905927e-01	1.281413225109319098e-01	-1.657649920375701136e-01	7.744976995477638460e-02	-1.488767804436222364e-01	1.140259875707115844e-01	-1.155864724368898255e-01	1.583534063896110955e-01
-9.163437145930929117e-02	9.244223786301425383e-02	-1.030345313183198552e-01	1.016923963456949492e-01	-1.772248595967610973e-01	8.750488470656715700e-02	-1.180493111981313625e-01	1.025603616437340548e-01	-1.417431519018330921e-01	8.262586372070204743e-02	-1.293206502717520467e-01	1.232595458250456133e-01	-1.460836578983061296e-01	1.359418485783402408e-01	-8.315051300032558212e-02	1.771087752201843390e-01	-1.788076145683512586e-01	2.190402971431529289e-01	-1.938683794813041150e-01	1.904464374010016725e-01	-2.874288439100075032e-01	2.461294719679999465e-01	-3.357537949083869155e-01	1.904223296219194894e-01	-1.686663667266483646e-01	1.944911166488321463e-01	-3.329758764986050501e-01	1.000000000000000888e+00	-2.584277986315208220e-01	1.794828972971010128e-01	-2.308060597983209172e-01	2.803400924239676240e-01	-6.468508504655944291e-01	2.527631673712286142e-01	-2.077474513605413742e-01	1.023172710914006661e-01	-1.894556338889309133e-01	2.080274779782724792e-01	-1.757599664577580434e-01	1.968427140422187860e-01	-8.068678865169603975e-02	1.493796820461427699e-01	-1.526274543172363163e-01	1.414312261649671443e-01	-2.035646431053253769e-01
7.607073893439821044e-02	-7.864553260940802815e-02	8.784495392594118823e-02	-8.968627664462672233e-02	1.499023897239687431e-01	-7.285841362905504104e-02	9.683097464642932695e-02	-8.950342069940436796e-02	1.246084658899818121e-01	-8.996416480987927400e-02	1.051337781883782130e-01	-1.021863618497422660e-01	1.273170234757540764e-01	-1.317082077071092538e-01	8.983700845790598688e-02	-1.489988162800762461e-01	1.367998478408491425e-01	-1.926996563830177256e-01	2.166038760722177325e-01	-3.201307568669090053e-01	1.922108548970119235e-01	-1.710757165190172624e-01	1.812366901173008693e-01	-3.286157184910215578e-01	2.901761732267678640e-01	-1.090156637342315632e-01	1.471576568624797521e-01	-2.584277986315208220e-01	1.000000000000001554e+00	-7.400757766022693085e-01	1.179739878268357273e-01	-1.417968566874714120e-01	1.728875902483776317e-01	-2.589865677125033905e-01	2.031188540307105050e-01	-6.908750233009684771e-02	1.128721935307637342e-01	-1.279344526143235961e-01	1.177270421346795909e-01	-1.813481689262301799e-01	5.314905024377758469e-02	-9.893190998658878132e-02	9.351074939687385734e-02	-9.978774411372931530e-02	1.521487748563919440e-01
-6.947216230574412843e-02	7.093562173732360920e-02	-8.082323969749576065e-02	8.343943729848973812e-02	-1.431488592632351176e-01	6.555606811462541539e-02	-8.809397681419577075e-02	8.093342691931493249e-02	-1.173947712825412493e-01	7.964225269526178930e-02	-9.457378298354901514e-02	9.051070601701427520e-02	-1.167002549896933167e-01	1.172750116809722493e-01	-8.198160123911339692e-02	1.280903049008585703e-01	-1.204998919194062990e-01	1.606442505035720336e-01	-2.048542042977637978e-01	2.680178836780577889e-01	-1.793256251223582509e-01	1.421526766123544505e-01	-1.565978620498718332e-01	2.389997222880122230e-01	-4.723094919073663744e-01	9.488095033213596319e-02	-1.275657443307541827e-01	1.794828972971010128e-01	-7.400757766022693085e-01	1.000000000000001554e+00	-1.043248298220350173e-01	1.188614391951488963e-01	-1.447322014110488386e-01	2.012441948429211924e-01	-2.372062563967361759e-01	5.993173531371399215e-02	-9.938441267848659166e-02	1.086353755263587961e-01	-1.032658090877626028e-01	1.638518064803138607e-01	-4.642930973595124633e-02	8.549608082643103679e-02	-8.154576112441622171e-02	8.605499370083374844e-02	-1.427952239663630996e-01
6.492973238591656648e-02	-6.718286431768601130e-02	7.173828913202269508e-02	-6.978554046796264787e-02	1.185909654871230429e-01	-6.367336067746165451e-02	8.367741290995822645e-02	-7.314957779706073027e-02	9.550537393863200997e-02	-5.811866023651594826e-02	9.355035134942317476e-02	-9.082205126539448503e-02	9.989560033686968599e-02	-9.520513218539554401e-02	5.734002171323072244e-02	-1.454581127664054396e-01	1.279208205199226511e-01	-1.506676036405453223e-01	1.193906099236934359e-01	-1.352418784566607191e-01	2.552425990180595683e-01	-1.959774470900787491e-01	1.519690013057534705e-01	-1.186492287654294236e-01	1.027743540093977587e-01	-7.260473609299565867e-01	3.016204344165804296e-01	-2.308060597983209172e-01	1.179739878268357273e-01	-1.043248298220350173e-01	1.000000000000001554e+00	-4.774697885471473335e-01	2.080702761905308951e-01	-1.810445935547295437e-01	1.295141606092460318e-01	-1.058005315362493259e-01	1.574555203364183531e-01	-1.425528734559195765e-01	1.146187065816454825e-01	-1.524351493600547836e-01	7.725928510896616641e-02	-1.398324382518473241e-01	1.025496787394486881e-01	-1.055167668400766312e-01	1.422637549356961795e-01
-7.441609971469015372e-02	7.554587391450373612e-02	-8.260117533835067971e-02	8.060855773430644633e-02	-1.395302606261001332e-01	7.192207757281501856e-02	-9.628164938925057315e-02	8.281621197214777963e-02	-1.114912735511339320e-01	6.516371069320361920e-02	-1.067070525083922555e-01	1.022557923597219587e-01	-1.157071006364568666e-01	1.076044899731090077e-01	-6.503028208445837954e-02	1.526177134306681837e-01	-1.502502423187358493e-01	1.668692276360115301e-01	-1.398944364987091404e-01	1.457239988168589628e-01	-2.702204351822585782e-01	2.242345500164939498e-01	-1.917291707871928153e-01	1.348970189167541522e-01	-1.184449249433358192e-01	2.889039323636908851e-01	-5.520898547522617994e-01	2.803400924239676240e-01	-1.417968566874714120e-01	1.188614391951488963e-01	-4.774697885471473335e-01	1.000000000000002220e+00	-4.433181972327456810e-01	2.057490512754301670e-01	-1.574316313540510270e-01	1.153076533739550852e-01	-2.584280605759958216e-01	1.819426958263459793e-01	-1.450328830490275334e-01	1.663858187134872324e-01	-8.896553277026343631e-02	1.706339190092348579e-01	-1.319221061061547073e-01	1.252794967635953161e-01	-1.636319970704209203e-01
7.229242424767773345e-02	-7.369978175114083596e-02	8.109964846303241437e-02	-8.028667356616152329e-02	1.391263352123397745e-01	-6.956143801225976586e-02	9.285035443545375244e-02	-8.144170662910628355e-02	1.111309296744869973e-01	-6.628153108228830581e-02	1.020765328389942467e-01	-9.832966225294698104e-02	1.139026379167299152e-01	-1.077903705019446767e-01	6.612750655584298531e-02	-1.465211486423900200e-01	1.389660410575518368e-01	-1.745246827857305505e-01	1.446913791836445806e-01	-1.573559511642680930e-01	2.302883147902351768e-01	-2.041314315256539114e-01	1.975214913375779036e-01	-1.467940093924567924e-01	1.295356438560566203e-01	-1.820670049015162273e-01	2.544203425773926552e-01	-6.468508504655944291e-01	1.728875902483776317e-01	-1.447322014110488386e-01	2.080702761905308951e-01	-4.433181972327456810e-01	1.000000000000002665e+00	-3.476798404342274496e-01	2.027387119191046694e-01	-1.033974193315904261e-01	1.897378887533419656e-01	-3.112344576863418921e-01	1.936283872115119598e-01	-2.041056674632384937e-01	8.050193242403355653e-02	-1.570968994104604555e-01	1.644258118979982364e-01	-1.572898093886093418e-01	1.747935451742400614e-01
-8.907916251269490382e-02	8.986825499465320166e-02	-1.018818236793969101e-01	1.048266531663781254e-01	-1.885651316663476407e-01	8.316608968093844312e-02	-1.122162132519326644e-01	1.001257280625399287e-01	-1.461138752899068527e-01	8.362151006415427523e-02	-1.196954327029089021e-01	1.121721016709206348e-01	-1.394775365582589244e-01	1.316429633166961433e-01	-8.403297132401153779e-02	1.627048582754633266e-01	-1.476867998060734377e-01	1.748010883773486457e-01	-1.689812099401936385e-01	1.933018884239994239e-01	-3.088075362832863879e-01	1.779565660229321111e-01	-1.740314726483637719e-01	1.651287553219351334e-01	-1.700581090255428307e-01	1.549413090176906260e-01	-2.013719935887803569e-01	2.527631673712286142e-01	-2.589865677125033905e-01	2.012441948429211924e-01	-1.810445935547295437e-01	2.057490512754301670e-01	-3.476798404342274496e-01	1.000000000000001554e+00	-6.183427668257103216e-01	1.092897845764709136e-01	-1.981743053510874319e-01	2.306009378467384907e-01	-2.912237010512198077e-01	3.141873368156181123e-01	-8.774444351672114339e-02	1.603629547281035794e-01	-1.821346783535259806e-01	1.859838628956637097e-01	-2.859463890966797983e-01
