1.000000000000000222e+00	-4.928735874520887572e-01	2.121824468132130215e-01	-1.779934214966809591e-01	1.953697855058341704e-01	-6.044971298458695630e-01	2.998272619350138557e-01	-2.012335618697577433e-01	1.750159244268561232e-01	-1.425112324920562445e-01	3.136660231265430698e-01	-2.747317044448993606e-01	1.602111560909668386e-01	-1.688507682437717372e-01	1.550625706393224112e-01	-2.286284033796369131e-01	1.996829238389479233e-01	-1.885583030210117583e-01	1.579051628128547990e-01	-1.401952532360443426e-01	1.566675209908918176e-01	-1.854359996909992203e-01	1.429719715149956327e-01	-2.081728669996033010e-01	1.393371891940372309e-01	-1.502044543304237867e-01	1.333672440420571037e-01	-1.257125399188229742e-01	1.153378967209106737e-01	-1.068683258977999179e-01	9.606135803907489557e-02	-9.839978605027055458e-02	1.131994869222282124e-01	-1.094996816711678034e-01	1.101314306517194586e-01	-1.049432327186091696e-01	1.058475361602436299e-01	-8.422828272457226484e-02	1.002989079344340784e-01	-1.420187142633068667e-01	9.350044838235832545e-02	-7.125212742299612267e-02	9.828983645013808501e-02	-9.381754049501479786e-02	1.437617865829269315e-01
-4.928735874520887572e-01	1.000000000000000222e+00	-4.432625230115897486e-01	2.403927589390346675e-01	-2.633705434049615213e-01	2.869192739874877329e-01	-5.014621172760027612e-01	2.260377744825483592e-01	-2.294473728071515506e-01	1.635660804184193018e-01	-3.092382385359720987e-01	2.580930314349873522e-01	-1.725478354986434426e-01	1.668938260312497479e-01	-1.782119038355555740e-01	1.786331024784216792e-01	-2.059055038443491359e-01	1.626982830451585427e-01	-1.561300198059062394e-01	1.372779320753509391e-01	-1.362198148691387556e-01	1.603831040467870450e-01	-1.276556288603431510e-01	1.734077740087138220e-01	-1.288352552939845685e-01	1.242216038539119272e-01	-1.156239826632481926e-01	1.055751768132092011e-01	-9.916265351809019912e-02	9.481116458381787238e-02	-8.286454977958118695e-02	8.399159551181881178e-02	-9.794765331769750283e-02	9.406163322077983058e-02	-9.675904154739835283e-02	8.863588764826990651e-02	-9.127817651145385403e-02	7.241259559126322909e-02	-8.619757468097714870e-02	1.193662737188881384e-01	-8.056374725524859115e-02	6.119855325361934356e-02	-8.486633179997196685e-02	7.991305810011652133e-02	-1.229563154543922010e-01
2.121824468132130215e-01	-4.432625230115897486e-01	1.000000000000000444e+00	-6.979330536592400769e-01	2.761531927157572230e-01	-1.729033694353540318e-01	2.121514843149245322e-01	-2.608427598204601239e-01	2.362721065183804869e-01	-1.975316553300658362e-01	1.914883719516017047e-01	-1.930222246083118098e-01	1.442264949237922755e-01	-1.594103615642593341e-01	1.679008646702814245e-01	-1.521704265738561823e-01	1.471978634687154674e-01	-1.440411997289242629e-01	1.391688092845258240e-01	-1.376169956454388055e-01	1.118516547997824434e-01	-1.348504536047365199e-01	1.087776329406905385e-01	-1.635399199153266536e-01	1.154019638698160072e-01	-1.086493342779649846e-01	9.864508865099787249e-02	-9.595304990047223703e-02	8.880017918155190537e-02	-8.780963454949969327e-02	7.212195102665461266e-02	-7.383824133298085013e-02	8.641340074939812821e-02	-8.467392183839675401e-02	8.672632325407339526e-02	-7.894203829151519303e-02	7.995078820889027493e-02	-6.399436855282661374e-02	7.648626002691308323e-02	-1.105958318804913659e-01	7.046806399279147148e-02	-5.384996808912644040e-02	7.446342316859255739e-02	-7.146473620351376232e-02	1.085902612200172895e-01
-1.779934214966809591e-01	2.403927589390346675e-01	-6.979330536592400769e-01	9.999999999999997780e-01	-4.797459896252772582e-01	1.368734097939378336e-01	-1.743582039275578810e-01	2.311343183471467333e-01	-3.373210606526762523e-01	2.056256683567853349e-01	-1.627451223167452332e-01	1.529838121541464702e-01	-1.319745970485599329e-01	1.425852827497461339e-01	-1.807300857876912026e-01	1.218772359386599974e-01	-1.222173401507446466e-01	1.174671047855561090e-01	-1.263319750809927255e-01	1.236267664311050257e-01	-9.147408441587856487e-02	1.091304238532663229e-01	-8.963220766951561502e-02	1.333178254903031323e-01	-9.998136777702937295e-02	8.794954170035441943e-02	-8.074492804206000185e-02	7.823794671452505289e-02	-7.308904607016207533e-02	7.397052600857170757e-02	-5.931339542434217044e-02	6.052812459853754851e-02	-7.139929703748296164e-02	6.991798606792121173e-02	-7.253597076899249985e-02	6.460054897876668645e-02	-6.589387906884253132e-02	5.273784602388408016e-02	-6.308893210157794085e-02	9.067595245256430958e-02	-5.805615748085043992e-02	4.433466930206363815e-02	-6.144249109436548950e-02	5.876140553195395577e-02	-8.944995255899723663e-02
1.953697855058341704e-01	-2.633705434049615213e-01	2.761531927157572230e-01	-4.797459896252772582e-01	1.000000000000000666e+00	-1.634773325169572855e-01	1.850901542509507391e-01	-2.306675422855334057e-01	2.284127166329917025e-01	-5.430428870359814697e-01	2.035517562181876627e-01	-2.033598247284745808e-01	1.666358975627278416e-01	-1.968420291204360795e-01	2.827695277762778403e-01	-1.845728093320299634e-01	1.656942731136849534e-01	-1.807629409868279358e-01	1.932759931803068321e-01	-2.181203023722751710e-01	1.356259468762568143e-01	-1.627141394913703687e-01	1.351890363410990781e-01	-2.176081728333236209e-01	1.563442364186840572e-01	-1.358649530340841627e-01	1.228568636373248146e-01	-1.244856620842145767e-01	1.150181145047968895e-01	-1.197920817642702807e-01	9.149933301762140647e-02	-9.400330027466989591e-02	1.111767878958849348e-01	-1.105618414764395763e-01	1.141497256202489291e-01	-1.012621156871233719e-01	1.020776908075902989e-01	-8.223778902584159833e-02	9.867369844626637521e-02	-1.465596251844972220e-01	8.984047684249155119e-02	-6.890843712719754710e-02	9.529620456508854087e-02	-9.244547277098413840e-02	1.393561798969802923e-01
-6.044971298458695630e-01	2.869192739874877329e-01	-1.729033694353540318e-01	1.368734097939378336e-01	-1.634773325169572855e-01	9.999999999999998890e-01	-4.653225227326090452e-01	1.781742204541988117e-01	-1.639155877253812288e-01	1.146318413310460776e-01	-5.303505554819017975e-01	2.454261908794050373e-01	-1.417286317028088050e-01	1.387543407119710970e-01	-1.283375702426315101e-01	1.778815569704117749e-01	-1.816416095485196835e-01	1.467083328139984766e-01	-1.259399552835199776e-01	1.091843052182538132e-01	-1.269441768465503773e-01	1.474879459243698121e-01	-1.138438117776535835e-01	1.548075517270796897e-01	-1.081369795015943297e-01	1.149343888186928897e-01	-1.046298950169931713e-01	9.485713267568757212e-02	-8.811641683803433933e-02	8.128206756784643605e-02	-7.386272610474015066e-02	7.521206957745706079e-02	-8.645392129111138801e-02	8.292183676588477104e-02	-8.397542738891521086e-02	7.923323772124560294e-02	-8.083344584636398267e-02	6.407566937982907274e-02	-7.606563445673270030e-02	1.055323049901228383e-01	-7.135856034142215587e-02	5.424002834642836779e-02	-7.497280343945308956e-02	7.075247546584016722e-02	-1.085796889323250580e-01
2.998272619350138557e-01	-5.014621172760027612e-01	2.121514843149245322e-01	-1.743582039275578810e-01	1.850901542509507391e-01	-4.653225227326090452e-01	1.000000000000000000e+00	-3.366736886635976478e-01	2.230480642465155205e-01	-1.350378302286771859e-01	2.780980271465385290e-01	-4.910476799094792844e-01	1.806913783447913757e-01	-1.768579215936668114e-01	1.446204674806131907e-01	-1.761224669330409276e-01	2.217010392092547966e-01	-1.664477100247899466e-01	1.360085660993347878e-01	-1.192406915538843371e-01	1.305274568604509466e-01	-1.704364476851344679e-01	1.265289915535212917e-01	-1.616424664105796660e-01	1.123701903254902407e-01	-1.191759895628331650e-01	1.100920494841522990e-01	-9.832006637236445634e-02	9.169098093796233806e-02	-8.404227820551907202e-02	7.561030322896944433e-02	-7.721801581409409865e-02	8.823934694371751708e-02	-8.464730561114897078e-02	8.587820872311842380e-02	-8.027817336952711158e-02	8.205441053945002061e-02	-6.508230187042893244e-02	7.701216125739172857e-02	-1.065150241774904666e-01	7.227092253702285807e-02	-5.498596798703416638e-02	7.600132911852004736e-02	-7.147034619542314005e-02	1.089167506560233256e-01
-2.012335618697577433e-01	2.260377744825483592e-01	-2.608427598204601239e-01	2.311343183471467333e-01	-2.306675422855334057e-01	1.781742204541988117e-01	-3.366736886635976478e-01	1.000000000000000888e+00	-7.819347247329340167e-01	1.764813719396710057e-01	-1.976136195317983180e-01	2.029635192826040602e-01	-2.295719160053245056e-01	2.032140647634195774e-01	-1.769162755505883089e-01	1.311113202352537088e-01	-1.509764574230746115e-01	1.297941521842222168e-01	-1.319038839923805662e-01	1.199700756913331945e-01	-1.005027825950315923e-01	1.221402109994956936e-01	-9.980758605717304777e-02	1.355000309444019113e-01	-1.024858692464654247e-01	9.327426403732072546e-02	-8.689688940461438860e-02	8.081770124280443501e-02	-7.611918021789498834e-02	7.469992562744069697e-02	-6.229585265041166775e-02	6.333991621189773158e-02	-7.419496831613955901e-02	7.183893270172182766e-02	-7.448064067482730588e-02	6.678682358939216912e-02	-6.865506083560041217e-02	5.468058022656708400e-02	-6.514789198965546813e-02	9.137036573493401148e-02	-6.048723627199114466e-02	4.606186375558650459e-02	-6.388852106574804957e-02	6.041275543462365505e-02	-9.228838485128960933e-02
1.750159244268561232e-01	-2.294473728071515506e-01	2.362721065183804869e-01	-3.373210606526762523e-01	2.284127166329917025e-01	-1.639155877253812288e-01	2.230480642465155205e-01	-7.819347247329340167e-01	9.999999999999997780e-01	-2.257589076026994823e-01	1.740859718282663782e-01	-1.954187371346980395e-01	1.963921075803190808e-01	-2.444219702477875011e-01	1.779495252195801847e-01	-1.306513600822591104e-01	1.391347322978056522e-01	-1.300956496982624555e-01	1.300920540745854059e-01	-1.249475222078447467e-01	9.807196295657076568e-02	-1.209536379595782807e-01	9.808492780614724849e-02	-1.379714623494468217e-01	1.013898122054808643e-01	-9.306138900955154836e-02	8.568056833903241187e-02	-8.125963089293000707e-02	7.602015710276437133e-02	-7.509982809167327356e-02	6.158864396102970568e-02	-6.289445504813714893e-02	7.354865787673250943e-02	-7.170001866061430362e-02	7.402410500917526448e-02	-6.651657167409716354e-02	6.790514297665808940e-02	-5.424089856671247822e-02	6.466430396898796562e-02	-9.201815844322989990e-02	5.979168734738908586e-02	-4.563060996810464065e-02	6.319540206868896892e-02	-6.014220284948623013e-02	9.139436334358660985e-02
-1.425112324920562445e-01	1.635660804184193018e-01	-1.975316553300658362e-01	2.056256683567853349e-01	-5.430428870359814697e-01	1.146318413310460776e-01	-1.350378302286771859e-01	1.764813719396710057e-01	-2.257589076026994823e-01	1.000000000000000444e+00	-1.498570476736215684e-01	1.420222037735697496e-01	-1.495750998513882546e-01	1.676392826448465656e-01	-6.820015747639744941e-01	1.250870259477017687e-01	-1.206623942185896387e-01	1.293474826018394530e-01	-2.018225890841462422e-01	2.153535703081721764e-01	-9.578916788295666063e-02	1.138407879761173941e-01	-9.883961027867972648e-02	1.555553367685996169e-01	-1.388464876771601519e-01	9.445215691555715332e-02	-8.759100511064284167e-02	8.846696290939116969e-02	-8.414473053315359163e-02	9.494863144661397358e-02	-6.597762938323677162e-02	6.739092188037475173e-02	-8.162643158011954891e-02	8.141872194436271248e-02	-8.794929358968257838e-02	7.216755933486047880e-02	-7.402829722828060954e-02	5.978471839023224987e-02	-7.194286603865217289e-02	1.055974415265632377e-01	-6.499378173558344185e-02	4.984850678908070432e-02	-6.936676296292676458e-02	6.680199003539255553e-02	-1.008283018889514632e-01
3.136660231265430698e-01	-3.092382385359720987e-01	1.914883719516017047e-01	-1.627451223167452332e-01	2.035517562181876627e-01	-5.303505554819017975e-01	2.780980271465385290e-01	-1.976136195317983180e-01	1.740859718282663782e-01	-1.498570476736215684e-01	9.999999999999998890e-01	-3.440888829651077563e-01	1.814396146933554554e-01	-1.929258247440113483e-01	1.706657247645053388e-01	-3.459644523775166070e-01	2.414515584373374824e-01	-2.334451241407930477e-01	1.855243848037609888e-01	-1.611096146957843034e-01	2.106396430576925882e-01	-2.357575551240021217e-01	1.771240469631277237e-01	-2.564026461187578487e-01	1.673935583908582603e-01	-1.953582663975447220e-01	1.697287888842348436e-01	-1.569811781599918799e-01	1.432719389506654784e-01	-1.292447578851595724e-01	1.203088228295861317e-01	-1.234263741961694194e-01	1.403109489920627839e-01	-1.351643656135888549e-01	1.347079664357599127e-01	-1.309728608963394991e-01	1.315985183602951802e-01	-1.044957311937788486e-01	1.240253758903467063e-01	-1.743602764445718600e-01	1.162607714454754609e-01	-8.855245167371855741e-02	1.219166693155286640e-01	-1.160809671557095774e-01	1.777173162689338337e-01
-2.747317044448993606e-01	2.580930314349873522e-01	-1.930222246083118098e-01	1.529838121541464702e-01	-2.033598247284745808e-01	2.454261908794050373e-01	-4.910476799094792844e-01	2.029635192826040602e-01	-1.954187371346980395e-01	1.420222037735697496e-01	-3.440888829651077563e-01	1.000000000000000000e+00	-3.130299671685955465e-01	2.221760708262126571e-01	-1.698824930771798136e-01	2.120736126811638700e-01	-5.388769563894270087e-01	2.181302944955989531e-01	-1.701777056445209768e-01	1.397798102349928628e-01	-1.763112492335119075e-01	2.362898737130688931e-01	-1.778102849720611667e-01	1.924583666203873999e-01	-1.369883609969824445e-01	1.490106817876608036e-01	-1.460231274296811821e-01	1.202730240177953824e-01	-1.143643708425536309e-01	1.006007858164161689e-01	-9.481819544270535249e-02	9.607062922839275376e-02	-1.087423200258948591e-01	1.026141989225338308e-01	-1.042407294926060018e-01	9.748347782183831856e-02	-1.011693709189546153e-01	7.969281051815579886e-02	-9.366462483364661196e-02	1.253255848796606398e-01	-8.895769489582790179e-02	6.743024223166593778e-02	-9.337472810581262661e-02	8.625108736976701274e-02	-1.315677661520909258e-01
1.602111560909668386e-01	-1.725478354986434426e-01	1.442264949237922755e-01	-1.319745970485599329e-01	1.666358975627278416e-01	-1.417286317028088050e-01	1.806913783447913757e-01	-2.295719160053245056e-01	1.963921075803190808e-01	-1.495750998513882546e-01	1.814396146933554554e-01	-3.130299671685955465e-01	1.000000000000001776e+00	-8.281992868783125683e-01	1.779075942636502150e-01	-1.452311258771488145e-01	1.838811180074503837e-01	-1.964412440198162746e-01	1.564810086367972586e-01	-1.388963398022494133e-01	1.143550361249134478e-01	-1.511033203742435937e-01	1.329591117817682244e-01	-1.601519288085257176e-01	1.119184869987276676e-01	-1.061372900134521652e-01	9.993430030357679239e-02	-9.250366717075664269e-02	8.752902358643033232e-02	-8.268408717184860812e-02	6.922469226317093383e-02	-7.069261582094853169e-02	8.197528979999713084e-02	-7.937226133323638244e-02	8.164405210105647737e-02	-7.339995671626624307e-02	7.538929365049924780e-02	-6.008512516082978316e-02	7.121318631118650488e-02	-9.946888340454596023e-02	6.624075928052944318e-02	-5.051368618774996350e-02	6.998291869756834149e-02	-6.593352649324454862e-02	9.970889322678354316e-02
-1.688507682437717372e-01	1.668938260312497479e-01	-1.594103615642593341e-01	1.425852827497461339e-01	-1.968420291204360795e-01	1.387543407119710970e-01	-1.768579215936668114e-01	2.032140647634195774e-01	-2.444219702477875011e-01	1.676392826448465656e-01	-1.929258247440113483e-01	2.221760708262126571e-01	-8.281992868783125683e-01	1.000000000000001110e+00	-2.432237852076486739e-01	1.393788571993382353e-01	-1.767210303151138251e-01	1.650743340552199012e-01	-1.868579685806001645e-01	1.526609982895328899e-01	-1.129373839822435110e-01	1.386870447531685646e-01	-1.262030961777036719e-01	1.564537559012028900e-01	-1.208451638275248458e-01	1.033194253246985383e-01	-9.865125993062268117e-02	9.135413293578729943e-02	-8.758113822352009414e-02	8.631940592798746648e-02	-7.012465304101728192e-02	7.107429275077964403e-02	-8.381504594492460158e-02	8.106993658488406695e-02	-8.492305553941993657e-02	7.433779372588759926e-02	-7.710921838137153872e-02	6.141907053231379643e-02	-7.309566282174759233e-02	1.016028575334680939e-01	-6.782484281749637245e-02	5.163154898902109352e-02	-7.178347792823630558e-02	6.747296311380367173e-02	-1.028401792402572207e-01
1.550625706393224112e-01	-1.782119038355555740e-01	1.679008646702814245e-01	-1.807300857876912026e-01	2.827695277762778403e-01	-1.283375702426315101e-01	1.446204674806131907e-01	-1.769162755505883089e-01	1.779495252195801847e-01	-6.820015747639744941e-01	1.706657247645053388e-01	-1.698824930771798136e-01	1.779075942636502150e-01	-2.432237852076486739e-01	9.999999999999987788e-01	-1.560684465020386602e-01	1.445606069324059384e-01	-1.663868731088143649e-01	2.451827775914271201e-01	-4.147099451899606826e-01	1.183577435535124456e-01	-1.424802787569707241e-01	1.244253027091562491e-01	-2.058085694210049499e-01	1.739900952156983593e-01	-1.192476877685972741e-01	1.096813300001080876e-01	-1.139132625140411026e-01	1.073072329822993415e-01	-1.259613631204342110e-01	8.248455518068872894e-02	-8.474936667590196593e-02	1.023600263025781915e-01	-1.036657181463484789e-01	1.108379582231854704e-01	-9.091095613536169517e-02	9.239925714467883688e-02	-7.501292483258464872e-02	9.030976060561841934e-02	-1.362258863550815102e-01	8.100696992535275087e-02	-6.235626146385399304e-02	8.656428640758971615e-02	-8.423677119520338319e-02	1.256721811973788849e-01
-2.286284033796369131e-01	1.786331024784216792e-01	-1.521704265738561823e-01	1.218772359386599974e-01	-1.845728093320299634e-01	1.778815569704117749e-01	-1.761224669330409276e-01	1.311113202352537088e-01	-1.306513600822591104e-01	1.250870259477017687e-01	-3.459644523775166070e-01	2.120736126811638700e-01	-1.452311258771488145e-01	1.393788571993382353e-01	-1.560684465020386602e-01	1.000000000000001554e+00	-3.042580527087577758e-01	2.109593699920724597e-01	-1.836123803075462857e-01	1.454232906650771151e-01	-6.830813725278259696e-01	2.652678757826932854e-01	-1.941103183501910467e-01	2.241659101189471259e-01	-1.733919473558267199e-01	2.635047172778556823e-01	-2.470846297768869992e-01	1.655015135442253205e-01	-1.593642044420055803e-01	1.279372244292347749e-01	-1.493673795027040674e-01	1.459736027957119486e-01	-1.579220873359639954e-01	1.420378923712909136e-01	-1.407123356456352614e-01	1.415337620879636993e-01	-1.511742838887088769e-01	1.158081694702720599e-01	-1.331646261506919116e-01	1.635837362796258854e-01	-1.332705852342062347e-01	9.945462018274212057e-02	-1.374519138732792911e-01	1.210342314990104223e-01	-1.855520515420786554e-01
1.996829238389479233e-01	-2.059055038443491359e-01	1.471978634687154674e-01	-1.222173401507446466e-01	1.656942731136849534e-01	-1.816416095485196835e-01	2.217010392092547966e-01	-1.509764574230746115e-01	1.391347322978056522e-01	-1.206623942185896387e-01	2.414515584373374824e-01	-5.388769563894270087e-01	1.838811180074503837e-01	-1.767210303151138251e-01	1.445606069324059384e-01	-3.042580527087577758e-01	1.000000000000000222e+00	-3.811230101362040878e-01	1.738728390266357227e-01	-1.390000176634098861e-01	2.286257619346526437e-01	-5.246713385044409206e-01	2.610629005387100632e-01	-2.341007076385133723e-01	1.403521408664197279e-01	-1.988000075165298475e-01	1.904483184690993758e-01	-1.465386894471751300e-01	1.360797843966022602e-01	-1.059476332769245521e-01	1.085332123575167979e-01	-1.132654317066109223e-01	1.199975518154080961e-01	-1.124494494710107512e-01	1.104127730825522069e-01	-1.081743843318195702e-01	1.105858753936128369e-01	-8.700566945107349182e-02	1.002489823607141534e-01	-1.316222445330319790e-01	9.651800321268691474e-02	-7.346366994547620655e-02	1.008976041279150831e-01	-9.220942920811277255e-02	1.367975189763022681e-01
-1.885583030210117583e-01	1.626982830451585427e-01	-1.440411997289242629e-01	1.174671047855561090e-01	-1.807629409868279358e-01	1.467083328139984766e-01	-1.664477100247899466e-01	1.297941521842222168e-01	-1.300956496982624555e-01	1.293474826018394530e-01	-2.334451241407930477e-01	2.181302944955989531e-01	-1.964412440198162746e-01	1.650743340552199012e-01	-1.663868731088143649e-01	2.109593699920724597e-01	-3.811230101362040878e-01	1.000000000000001998e+00	-2.705453950861911872e-01	1.731230157465940833e-01	-2.102196182685958648e-01	3.035129435188260172e-01	-6.912890638048979630e-01	2.733360301683880889e-01	-1.711336349167481841e-01	1.740044879908620445e-01	-1.847345408606430039e-01	1.532935152267809464e-01	-1.593542387581278474e-01	1.219945631362071015e-01	-1.157558022144716814e-01	1.161816414793147290e-01	-1.341109504229573146e-01	1.244297701719108140e-01	-1.274319596523427744e-01	1.150114832748482391e-01	-1.225151941102752273e-01	9.637686247053907362e-02	-1.126116442123814010e-01	1.441986332451153652e-01	-1.071752289438792916e-01	8.112594459149538584e-02	-1.131331624490257148e-01	1.022362417630906239e-01	-1.553218812426109263e-01
1.579051628128547990e-01	-1.561300198059062394e-01	1.391688092845258240e-01	-1.263319750809927255e-01	1.932759931803068321e-01	-1.259399552835199776e-01	1.360085660993347878e-01	-1.319038839923805662e-01	1.300920540745854059e-01	-2.018225890841462422e-01	1.855243848037609888e-01	-1.701777056445209768e-01	1.564810086367972586e-01	-1.868579685806001645e-01	2.451827775914271201e-01	-1.836123803075462857e-01	1.738728390266357227e-01	-2.705453950861911872e-01	1.000000000000000000e+00	-6.945783883702867367e-01	1.485512314202953599e-01	-1.842056723302037125e-01	1.893143061900842139e-01	-3.953430338383400189e-01	2.420038674506307386e-01	-1.539062822707603639e-01	1.462481599052358472e-01	-1.672497700321956826e-01	1.641003028481018977e-01	-1.846711662012072708e-01	1.077950663932052827e-01	-1.112682342023943588e-01	1.368960621524437649e-01	-1.417954593810323294e-01	1.511208932386897963e-01	-1.172321725388737329e-01	1.200547216889878838e-01	-9.856447513183874687e-02	1.183086752561856997e-01	-1.801334362307291936e-01	1.044764244886640103e-01	-8.093085646876738148e-02	1.126723371947154217e-01	-1.097591905060592288e-01	1.595685168820594746e-01
-1.401952532360443426e-01	1.372779320753509391e-01	-1.376169956454388055e-01	1.236267664311050257e-01	-2.181203023722751710e-01	1.091843052182538132e-01	-1.192406915538843371e-01	1.199700756913331945e-01	-1.249475222078447467e-01	2.153535703081721764e-01	-1.611096146957843034e-01	1.397798102349928628e-01	-1.388963398022494133e-01	1.526609982895328899e-01	-4.147099451899606826e-01	1.454232906650771151e-01	-1.390000176634098861e-01	1.731230157465940833e-01	-6.945783883702867367e-01	9.999999999999998890e-01	-1.183511069761067208e-01	1.385899671684698298e-01	-1.361993607887121427e-01	2.318616794776324763e-01	-3.628375654989542953e-01	1.200796944346293610e-01	-1.155280665219848013e-01	1.242262112318322370e-01	-1.254043800860605296e-01	1.829842634604111062e-01	-9.086715350541366143e-02	9.275413138818115744e-02	-1.191435603393930787e-01	1.238104166886306173e-01	-1.480882265481734961e-01	9.914531003490649474e-02	-1.036051961000859362e-01	8.528824642089359587e-02	-1.038313018141995697e-01	1.577888457136623068e-01	-9.012991900649518218e-02	6.975381072151023987e-02	-9.806270396483147966e-02	9.533067607296621948e-02	-1.410913484698980702e-01
1.566675209908918176e-01	-1.362198148691387556e-01	1.118516547997824434e-01	-9.147408441587856487e-02	1.356259468762568143e-01	-1.269441768465503773e-01	1.305274568604509466e-01	-1.005027825950315923e-01	9.807196295657076568e-02	-9.578916788295666063e-02	2.106396430576925882e-01	-1.763112492335119075e-01	1.143550361249134478e-01	-1.129373839822435110e-01	1.183577435535124456e-01	-6.830813725278259696e-01	2.286257619346526437e-01	-2.102196182685958648e-01	1.485512314202953599e-01	-1.183511069761067208e-01	1.000000000000000222e+00	-3.622226461786269280e-01	1.891232718225097920e-01	-2.184707830390180128e-01	1.362751599944429515e-01	-4.614052971107167056e-01	2.571174469686294817e-01	-1.677919899501855439e-01	1.486625296210143388e-01	-1.056190403248091769e-01	1.313870381030685375e-01	-1.376362834294764803e-01	1.324467740226243917e-01	-1.209561950026306620e-01	1.136810379829102241e-01	-1.230846282664292413e-01	1.235360464461285057e-01	-9.572778527066418131e-02	1.069967152191952237e-01	-1.345156635603979578e-01	1.072520460452752178e-01	-8.146262316948486848e-02	1.103464433838968195e-01	-9.824291101296123152e-02	1.415994846624328840e-01
-1.854359996909992203e-01	1.603831040467870450e-01	-1.348504536047365199e-01	1.091304238532663229e-01	-1.627141394913703687e-01	1.474879459243698121e-01	-1.704364476851344679e-01	1.221402109994956936e-01	-1.209536379595782807e-01	1.138407879761173941e-01	-2.357575551240021217e-01	2.362898737130688931e-01	-1.511033203742435937e-01	1.386870447531685646e-01	-1.424802787569707241e-01	2.652678757826932854e-01	-5.246713385044409206e-01	3.035129435188260172e-01	-1.842056723302037125e-01	1.385899671684698298e-01	-3.622226461786269280e-01	1.000000000000003553e+00	-4.928804892939195326e-01	2.480289970558194057e-01	-1.526565481575966055e-01	2.450509024049561113e-01	-3.269610125900000441e-01	1.723790984085364353e-01	-1.668602973461712491e-01	1.140568314683003265e-01	-1.335906575650566697e-01	1.379751892652255618e-01	-1.393238205174976707e-01	1.258073362513493221e-01	-1.221266447838402908e-01	1.220816289456800874e-01	-1.276779092549457095e-01	9.907260445035173668e-02	-1.121238105988495715e-01	1.400578745188338081e-01	-1.103349133341651050e-01	8.367279929121539117e-02	-1.149098717995565011e-01	1.018898248950409063e-01	-1.498282639875408162e-01
1.429719715149956327e-01	-1.276556288603431510e-01	1.087776329406905385e-01	-8.963220766951561502e-02	1.351890363410990781e-01	-1.138438117776535835e-01	1.265289915535212917e-01	-9.980758605717304777e-02	9.808492780614724849e-02	-9.883961027867972648e-02	1.771240469631277237e-01	-1.778102849720611667e-01	1.329591117817682244e-01	-1.262030961777036719e-01	1.244253027091562491e-01	-1.941103183501910467e-01	2.610629005387100632e-01	-6.912890638048979630e-01	1.893143061900842139e-01	-1.361993607887121427e-01	1.891232718225097920e-01	-4.928804892939195326e-01	1.000000000000001332e+00	-3.742660433393652508e-01	1.362633972049556996e-01	-1.707813735260780008e-01	1.773997066027740710e-01	-1.564389206091927886e-01	1.567896513299621430e-01	-1.015155828022839962e-01	1.002332368229879866e-01	-1.040519463843359582e-01	1.147697409764792814e-01	-1.072788876072612169e-01	1.054480078849287239e-01	-9.835844503815931172e-02	1.027987182209046391e-01	-8.143662848521648900e-02	9.372638909966383991e-02	-1.198326187648636881e-01	8.925382492954991864e-02	-6.806407116964245663e-02	9.424886707458962620e-02	-8.526267582417647317e-02	1.258740100120197547e-01
-2.081728669996033010e-01	1.734077740087138220e-01	-1.635399199153266536e-01	1.333178254903031323e-01	-2.176081728333236209e-01	1.548075517270796897e-01	-1.616424664105796660e-01	1.355000309444019113e-01	-1.379714623494468217e-01	1.555553367685996169e-01	-2.564026461187578487e-01	1.924583666203873999e-01	-1.601519288085257176e-01	1.564537559012028900e-01	-2.058085694210049499e-01	2.241659101189471259e-01	-2.341007076385133723e-01	2.733360301683880889e-01	-3.953430338383400189e-01	2.318616794776324763e-01	-2.184707830390180128e-01	2.480289970558194057e-01	-3.742660433393652508e-01	9.999999999999995559e-01	-2.621497243513513653e-01	2.109365778705203642e-01	-2.376515088698438749e-01	2.703844171035564847e-01	-4.394896392320693512e-01	1.852288536500920901e-01	-1.629919622944042690e-01	1.619366687861245602e-01	-2.082243381226109025e-01	1.926773722175273984e-01	-1.970022804515843828e-01	1.628450022363794325e-01	-1.791870251871580111e-01	1.434714706280831864e-01	-1.686710063398616233e-01	2.068498086235288080e-01	-1.554963170263577166e-01	1.183855761492355330e-01	-1.679292335598943919e-01	1.500936574086860764e-01	-2.268540402961489177e-01
1.393371891940372309e-01	-1.288352552939845685e-01	1.154019638698160072e-01	-9.998136777702937295e-02	1.563442364186840572e-01	-1.081369795015943297e-01	1.123701903254902407e-01	-1.024858692464654247e-01	1.013898122054808643e-01	-1.388464876771601519e-01	1.673935583908582603e-01	-1.369883609969824445e-01	1.119184869987276676e-01	-1.208451638275248458e-01	1.739900952156983593e-01	-1.733919473558267199e-01	1.403521408664197279e-01	-1.711336349167481841e-01	2.420038674506307386e-01	-3.628375654989542953e-01	1.362751599944429515e-01	-1.526565481575966055e-01	1.362633972049556996e-01	-2.621497243513513653e-01	1.000000000000001776e+00	-1.527926237093900352e-01	1.430931777772458668e-01	-1.708125247702686478e-01	1.655224881177782270e-01	-6.531837345690784113e-01	1.269151604468957140e-01	-1.336869818438052027e-01	1.818174312154284544e-01	-2.272652812359098051e-01	2.861764815691292263e-01	-1.476527864691192793e-01	1.491877438150976121e-01	-1.301485066680930225e-01	1.636352284609221830e-01	-3.155257529031343378e-01	1.279091249421948073e-01	-1.022283045427863357e-01	1.433139767482201621e-01	-1.532731937540354750e-01	2.089026032014038303e-01
-1.502044543304237867e-01	1.242216038539119272e-01	-1.086493342779649846e-01	8.794954170035441943e-02	-1.358649530340841627e-01	1.149343888186928897e-01	-1.191759895628331650e-01	9.327426403732072546e-02	-9.306138900955154836e-02	9.445215691555715332e-02	-1.953582663975447220e-01	1.490106817876608036e-01	-1.061372900134521652e-01	1.033194253246985383e-01	-1.192476877685972741e-01	2.635047172778556823e-01	-1.988000075165298475e-01	1.740044879908620445e-01	-1.539062822707603639e-01	1.200796944346293610e-01	-4.614052971107167056e-01	2.450509024049561113e-01	-1.707813735260780008e-01	2.109365778705203642e-01	-1.527926237093900352e-01	1.000000000000000888e+00	-6.833956386366337732e-01	2.215347313592290479e-01	-2.112459089699449677e-01	1.198913138027799946e-01	-2.103960787229037510e-01	2.034137619752419968e-01	-1.752923871801289890e-01	1.481805416868325898e-01	-1.341932453181272356e-01	1.557499444996450766e-01	-1.627297162321710566e-01	1.216854635642228011e-01	-1.299628188399041817e-01	1.507226155419811031e-01	-1.378477532071679112e-01	1.038260991404776068e-01	-1.397069791213944034e-01	1.168072095688723194e-01	-1.617407894491739440e-01
1.333672440420571037e-01	-1.156239826632481926e-01	9.864508865099787249e-02	-8.074492804206000185e-02	1.228568636373248146e-01	-1.046298950169931713e-01	1.100920494841522990e-01	-8.689688940461438860e-02	8.568056833903241187e-02	-8.759100511064284167e-02	1.697287888842348436e-01	-1.460231274296811821e-01	9.993430030357679239e-02	-9.865125993062268117e-02	1.096813300001080876e-01	-2.470846297768869992e-01	1.904483184690993758e-01	-1.847345408606430039e-01	1.462481599052358472e-01	-1.155280665219848013e-01	2.571174469686294817e-01	-3.269610125900000441e-01	1.773997066027740710e-01	-2.376515088698438749e-01	1.430931777772458668e-01	-6.833956386366337732e-01	1.000000000000000444e+00	-3.617549355478908990e-01	2.256258937035166834e-01	-1.187000605672705600e-01	2.022813070935628177e-01	-2.922656721320439632e-01	1.774677449437415955e-01	-1.540123180013527604e-01	1.292601150766573836e-01	-1.606797213786899658e-01	1.563898862829542769e-01	-1.210905585781741761e-01	1.243407590602316759e-01	-1.478034225459016193e-01	1.293047347271008007e-01	-1.006948860657802952e-01	1.321077231005248487e-01	-1.135595208360603153e-01	1.486558624955164887e-01
-1.257125399188229742e-01	1.055751768132092011e-01	-9.595304990047223703e-02	7.823794671452505289e-02	-1.244856620842145767e-01	9.485713267568757212e-02	-9.832006637236445634e-02	8.081770124280443501e-02	-8.125963089293000707e-02	8.846696290939116969e-02	-1.569811781599918799e-01	1.202730240177953824e-01	-9.250366717075664269e-02	9.135413293578729943e-02	-1.139132625140411026e-01	1.655015135442253205e-01	-1.465386894471751300e-01	1.532935152267809464e-01	-1.672497700321956826e-01	1.242262112318322370e-01	-1.677919899501855439e-01	1.723790984085364353e-01	-1.564389206091927886e-01	2.703844171035564847e-01	-1.708125247702686478e-01	2.215347313592290479e-01	-3.617549355478908990e-01	1.000000000000002220e+00	-7.653686800460949291e-01	1.461780643563984072e-01	-1.509855514186752012e-01	1.610479545013381586e-01	-2.344818911532188799e-01	1.881787002380071183e-01	-1.586672680632497667e-01	1.383184987094909779e-01	-1.509950356820581041e-01	1.296614345305755756e-01	-1.389240956523571102e-01	1.577089363816139844e-01	-1.246266900869458100e-01	9.860132652737835235e-02	-1.401850874725920626e-01	1.211689304968410763e-01	-1.603907781469704752e-01
1.153378967209106737e-01	-9.916265351809019912e-02	8.880017918155190537e-02	-7.308904607016207533e-02	1.150181145047968895e-01	-8.811641683803433933e-02	9.169098093796233806e-02	-7.611918021789498834e-02	7.602015710276437133e-02	-8.414473053315359163e-02	1.432719389506654784e-01	-1.143643708425536309e-01	8.752902358643033232e-02	-8.758113822352009414e-02	1.073072329822993415e-01	-1.593642044420055803e-01	1.360797843966022602e-01	-1.593542387581278474e-01	1.641003028481018977e-01	-1.254043800860605296e-01	1.486625296210143388e-01	-1.668602973461712491e-01	1.567896513299621430e-01	-4.394896392320693512e-01	1.655224881177782270e-01	-2.112459089699449677e-01	2.256258937035166834e-01	-7.653686800460949291e-01	1.000000000000001332e+00	-1.652815910619754303e-01	1.280009661274647270e-01	-1.411790503539874508e-01	1.866650121434622889e-01	-2.086011336437322006e-01	1.551278066295979363e-01	-1.263538327426114438e-01	1.323182280852604753e-01	-1.161110617638015929e-01	1.284205308281803903e-01	-1.542667836052146468e-01	1.104747619934546704e-01	-8.816267688624371268e-02	1.235383634050744445e-01	-1.140078868501870346e-01	1.471834762047739553e-01
-1.068683258977999179e-01	9.481116458381787238e-02	-8.780963454949969327e-02	7.397052600857170757e-02	-1.197920817642702807e-01	8.128206756784643605e-02	-8.404227820551907202e-02	7.469992562744069697e-02	-7.509982809167327356e-02	9.494863144661397358e-02	-1.292447578851595724e-01	1.006007858164161689e-01	-8.268408717184860812e-02	8.631940592798746648e-02	-1.259613631204342110e-01	1.279372244292347749e-01	-1.059476332769245521e-01	1.219945631362071015e-01	-1.846711662012072708e-01	1.829842634604111062e-01	-1.056190403248091769e-01	1.140568314683003265e-01	-1.015155828022839962e-01	1.852288536500920901e-01	-6.531837345690784113e-01	1.198913138027799946e-01	-1.187000605672705600e-01	1.461780643563984072e-01	-1.652815910619754303e-01	9.999999999999998890e-01	-1.153936737973740717e-01	1.186227131811929958e-01	-1.915211208200701121e-01	2.256581426475504637e-01	-5.787255694663133720e-01	1.272170905133154506e-01	-1.396311457290032310e-01	1.235052934176348871e-01	-1.588477023011808931e-01	2.509016387388877112e-01	-1.172338489113795290e-01	9.395571980462077977e-02	-1.370038604461514264e-01	1.370901042166937089e-01	-1.937632924083210195e-01
9.606135803907489557e-02	-8.286454977958118695e-02	7.212195102665461266e-02	-5.931339542434217044e-02	9.149933301762140647e-02	-7.386272610474015066e-02	7.561030322896944433e-02	-6.229585265041166775e-02	6.158864396102970568e-02	-6.597762938323677162e-02	1.203088228295861317e-01	-9.481819544270535249e-02	6.922469226317093383e-02	-7.012465304101728192e-02	8.248455518068872894e-02	-1.493673795027040674e-01	1.085332123575167979e-01	-1.157558022144716814e-01	1.077950663932052827e-01	-9.086715350541366143e-02	1.313870381030685375e-01	-1.335906575650566697e-01	1.002332368229879866e-01	-1.629919622944042690e-01	1.269151604468957140e-01	-2.103960787229037510e-01	2.022813070935628177e-01	-1.509855514186752012e-01	1.280009661274647270e-01	-1.153936737973740717e-01	1.000000000000000222e+00	-7.323842448160249319e-01	2.273300055991401558e-01	-1.932116907255127802e-01	1.344780996344520918e-01	-4.733442324394023792e-01	2.409274950082275213e-01	-1.725780451118369141e-01	1.499884581897007740e-01	-1.675218949756285824e-01	2.048951908983275005e-01	-1.602648067567803425e-01	1.777478295602132330e-01	-1.426836789506076286e-01	1.538235203677658924e-01
-9.839978605027055458e-02	8.399159551181881178e-02	-7.383824133298085013e-02	6.052812459853754851e-02	-9.400330027466989591e-02	7.521206957745706079e-02	-7.721801581409409865e-02	6.333991621189773158e-02	-6.289445504813714893e-02	6.739092188037475173e-02	-1.234263741961694194e-01	9.607062922839275376e-02	-7.069261582094853169e-02	7.107429275077964403e-02	-8.474936667590196593e-02	1.459736027957119486e-01	-1.132654317066109223e-01	1.161816414793147290e-01	-1.112682342023943588e-01	9.275413138818115744e-02	-1.376362834294764803e-01	1.379751892652255618e-01	-1.040519463843359582e-01	1.619366687861245602e-01	-1.336869818438052027e-01	2.034137619752419968e-01	-2.922656721320439632e-01	1.610479545013381586e-01	-1.411790503539874508e-01	1.186227131811929958e-01	-7.323842448160249319e-01	1.000000000000000222e+00	-3.446334089702336456e-01	2.034489307225468557e-01	-1.456111642283109409e-01	2.783703198692816794e-01	-3.084538672539570703e-01	1.946578593552817094e-01	-1.646314440433629678e-01	1.669171851256925077e-01	-2.109445636504047594e-01	1.647476547108726597e-01	-2.005899570184352387e-01	1.471886171385873576e-01	-1.610345255731352454e-01
1.131994869222282124e-01	-9.794765331769750283e-02	8.641340074939812821e-02	-7.139929703748296164e-02	1.111767878958849348e-01	-8.645392129111138801e-02	8.823934694371751708e-02	-7.419496831613955901e-02	7.354865787673250943e-02	-8.162643158011954891e-02	1.403109489920627839e-01	-1.087423200258948591e-01	8.197528979999713084e-02	-8.381504594492460158e-02	1.023600263025781915e-01	-1.579220873359639954e-01	1.199975518154080961e-01	-1.341109504229573146e-01	1.368960621524437649e-01	-1.191435603393930787e-01	1.324467740226243917e-01	-1.393238205174976707e-01	1.147697409764792814e-01	-2.082243381226109025e-01	1.818174312154284544e-01	-1.752923871801289890e-01	1.774677449437415955e-01	-2.344818911532188799e-01	1.866650121434622889e-01	-1.915211208200701121e-01	2.273300055991401558e-01	-3.446334089702336456e-01	9.999999999999998890e-01	-5.986345970169363317e-01	2.377631101947293712e-01	-2.488610435838496671e-01	2.604379887680590699e-01	-4.227127820498675081e-01	2.522758680848922186e-01	-2.604819822157920517e-01	1.923410808717470610e-01	-1.820444739418109192e-01	2.564527951254365612e-01	-2.301654587385251194e-01	2.130458417067121191e-01
-1.094996816711678034e-01	9.406163322077983058e-02	-8.467392183839675401e-02	6.991798606792121173e-02	-1.105618414764395763e-01	8.292183676588477104e-02	-8.464730561114897078e-02	7.183893270172182766e-02	-7.170001866061430362e-02	8.141872194436271248e-02	-1.351643656135888549e-01	1.026141989225338308e-01	-7.937226133323638244e-02	8.106993658488406695e-02	-1.036657181463484789e-01	1.420378923712909136e-01	-1.124494494710107512e-01	1.244297701719108140e-01	-1.417954593810323294e-01	1.238104166886306173e-01	-1.209561950026306620e-01	1.258073362513493221e-01	-1.072788876072612169e-01	1.926773722175273984e-01	-2.272652812359098051e-01	1.481805416868325898e-01	-1.540123180013527604e-01	1.881787002380071183e-01	-2.086011336437322006e-01	2.256581426475504637e-01	-1.932116907255127802e-01	2.034489307225468557e-01	-5.986345970169363317e-01	1.000000000000003553e+00	-4.644262522098600576e-01	1.968309658928629746e-01	-2.376618014391397027e-01	2.447087130479821404e-01	-3.557875276542534770e-01	2.679861718386465363e-01	-1.822272483488118489e-01	1.559208767594851552e-01	-2.435572428974703829e-01	2.290158141747625775e-01	-2.387566365546564540e-01
