1.000000000000000000e+00	-7.041255266197827822e-01	1.117308799667195429e-01	-6.063134956545845888e-02	6.448233710795531204e-02	-6.209946707455500370e-01	3.192370994690373887e-01	-1.219866475235557163e-01	6.350083394272787451e-02	-4.980265317825000038e-02	3.354455630172314962e-02	-3.575390017588473551e-02	3.209661404088856584e-02	-1.918322330077317645e-02	1.804900973669902944e-02	-2.931580051681980173e-02	1.933289284947832531e-02	-2.095126414218964270e-02	1.824243475393312261e-02	-1.482947673154949748e-02	1.611946997850120106e-02	-1.565487600433963788e-02	1.565101874215362246e-02	-1.620136263634258666e-02	1.199707262840541203e-02	-1.274723725314652265e-02	1.482733757535923888e-02	-1.596735045027420849e-02	1.418171229386126775e-02	-1.281706640146269664e-02	1.368745135770462959e-02	-1.188607870891572431e-02	1.516175152985761894e-02	-9.661187354031059576e-03	1.102250739138986753e-02	-1.344034979994237003e-02	1.086876197575188316e-02	-1.224075293363162224e-02	1.113127614305482217e-02	-8.834336183239508561e-03	1.293295194120704095e-02	-8.646473577973826791e-03	9.646061182150849136e-03	-7.909156985222114480e-03	8.293490900548608491e-03
-7.041255266197827822e-01	1.000000000000000000e+00	-1.851701655780988720e-01	9.214952425952467607e-02	-1.026419435728170293e-01	3.298801484903620129e-01	-5.748264806288649886e-01	1.717862069646470258e-01	-9.920930584475261271e-02	7.397801742036042016e-02	-3.166506445017239213e-02	4.826053886715148816e-02	-4.467407090389783481e-02	2.602316067752914047e-02	-2.448354974763848266e-02	2.685698741507289850e-02	-2.277044115987322467e-02	2.500331833701160966e-02	-2.492752115842495828e-02	1.984029718583521507e-02	-1.846709691165382070e-02	1.833790906958157260e-02	-1.899948696570368314e-02	2.051358518291623162e-02	-1.549964492597536575e-02	1.444428053392324968e-02	-1.784193876219259192e-02	1.911867569856003438e-02	-1.791796215141810977e-02	1.632344783873220656e-02	-1.616682139972805410e-02	1.420204113167245971e-02	-1.838641178181885105e-02	1.196836248784752255e-02	-1.371507269988573273e-02	1.572719754001853862e-02	-1.300296507247670867e-02	1.459779152507647594e-02	-1.358853991134168458e-02	1.076307850252603525e-02	-1.554153809514017062e-02	1.037835374570100777e-02	-1.164616360307586980e-02	9.585842291246631647e-03	-1.010211391618732329e-02
1.117308799667195429e-01	-1.851701655780988720e-01	9.999999999999994449e-01	-4.512483082889090502e-01	2.380621800829988699e-01	-1.570205689385469616e-01	1.830192824722901568e-01	-7.667394931924073065e-01	2.575496312793187359e-01	-2.197978066981502165e-01	2.806859801484766839e-02	-9.964544155634054434e-02	9.056082077889043846e-02	-4.933382895106003946e-02	4.208338767045545492e-02	-2.455662358834312040e-02	3.097901532346559669e-02	-3.721719092134444934e-02	4.398734392944408239e-02	-3.495113938670346004e-02	2.239880813490081890e-02	-2.466570490198660009e-02	2.709586327272819894e-02	-3.154608887543478707e-02	2.434989824118630186e-02	-1.756169305253283200e-02	2.387174583041432388e-02	-2.607103792572670192e-02	2.642149923404641873e-02	-2.522622921015650263e-02	2.017012807945888636e-02	-1.857395231121637333e-02	2.422786362062503626e-02	-1.672061813782209014e-02	1.905545013244937941e-02	-1.973960906133463700e-02	1.677558537237585495e-02	-1.890313952297335495e-02	1.799333363915056952e-02	-1.434405716487792935e-02	1.954696053434776259e-02	-1.328218945057916753e-02	1.490125593287577876e-02	-1.253715246871140235e-02	1.324812355154632651e-02
-6.063134956545845888e-02	9.214952425952467607e-02	-4.512483082889090502e-01	9.999999999999995559e-01	-6.223193640277421279e-01	7.770874477476254205e-02	-9.639455708858833682e-02	2.751606370325473949e-01	-5.273521507277157960e-01	3.105926810730867960e-01	-1.815165445845300790e-02	5.497575296375935977e-02	-5.089275744893690528e-02	3.881215155053197030e-02	-3.881474032806608854e-02	1.577752941092484817e-02	-2.070237693427337197e-02	2.425400441513279187e-02	-3.523194844828704542e-02	3.159665251360017912e-02	-1.579811599277369458e-02	1.710140752764408023e-02	-1.880795142692037736e-02	2.450492559611842924e-02	-1.978956972233779366e-02	1.238548074864787366e-02	-1.704876809019417391e-02	1.872129935620332752e-02	-2.029388513929344245e-02	2.045530030294027274e-02	-1.452281962418290780e-02	1.340753763451755544e-02	-1.761461661805053744e-02	1.262544830431150227e-02	-1.438471891353994975e-02	1.423527759327516094e-02	-1.219426540385853269e-02	1.378590408794793006e-02	-1.337275305152788030e-02	1.067814529470430610e-02	-1.432258398769138685e-02	9.734789782445922926e-03	-1.096373858653064068e-02	9.277377110338543703e-03	-9.832375388973151401e-03
6.448233710795531204e-02	-1.026419435728170293e-01	2.380621800829988699e-01	-6.223193640277421279e-01	9.999999999999995559e-01	-8.501006074588431105e-02	9.798451347714945414e-02	-2.753993316093280574e-01	3.280763231697637061e-01	-6.358164768479371842e-01	2.050572778255264905e-02	-6.056861232001816558e-02	5.364749229012179266e-02	-4.176476394455262697e-02	4.954106814782082563e-02	-1.792591001865896996e-02	2.334040782721345797e-02	-2.743512669704428752e-02	3.748916156154485230e-02	-4.142704580259699843e-02	1.817952340831874639e-02	-1.961138577020540494e-02	2.147331777144300541e-02	-2.900748042463394127e-02	2.389937251535554849e-02	-1.430624810747075336e-02	1.960711457539146899e-02	-2.170281899072567730e-02	2.368497660618173670e-02	-2.511273466689349990e-02	1.679971525252243678e-02	-1.552539886324563224e-02	2.035558332866666681e-02	-1.475875941617686878e-02	1.673398986852096121e-02	-1.655144244361690317e-02	1.414991284411561828e-02	-1.605322479674595529e-02	1.556846151097865047e-02	-1.246719245789813107e-02	1.666609691002799570e-02	-1.133464485535001787e-02	1.276188885608612288e-02	-1.081667395109153253e-02	1.145240586377879732e-02
-6.209946707455500370e-01	3.298801484903620129e-01	-1.570205689385469616e-01	7.770874477476254205e-02	-8.501006074588431105e-02	9.999999999999997780e-01	-6.771547951555416667e-01	1.583491838794431894e-01	-8.547805256671693608e-02	6.251092001721827995e-02	-4.368853585452941307e-02	4.454275874993845336e-02	-4.117645568322039068e-02	2.327170793911761959e-02	-2.140634673903256055e-02	3.621184375362521829e-02	-2.299217866107991157e-02	2.480843716304373392e-02	-2.227682100612099481e-02	1.746583417414709904e-02	-1.866165293170611583e-02	1.833203701802578814e-02	-1.837976986191313875e-02	1.886170815667841116e-02	-1.400425381015013744e-02	1.474274189848286468e-02	-1.714267129419140209e-02	1.845320610812690998e-02	-1.647406122547803720e-02	1.483381518639927121e-02	-1.561080084718356915e-02	1.362754702591008858e-02	-1.734704324465155892e-02	1.109170974529909842e-02	-1.264924862760212661e-02	1.533043799727829004e-02	-1.239221813525947201e-02	1.395071933566704829e-02	-1.266176762571469966e-02	1.005716489498249995e-02	-1.457475838351076497e-02	9.796387415458157610e-03	-1.090349052052680748e-02	8.977708040974384518e-03	-9.409088415133222416e-03
3.192370994690373887e-01	-5.748264806288649886e-01	1.830192824722901568e-01	-9.639455708858833682e-02	9.798451347714945414e-02	-6.771547951555416667e-01	1.000000000000000222e+00	-2.736871812385761604e-01	1.033398333527928148e-01	-7.838922129047533327e-02	3.695224953312477301e-02	-6.025244074387983012e-02	5.386063045464655613e-02	-2.880125822633082533e-02	2.534398157019890699e-02	-3.221988504574661155e-02	2.482498671065454937e-02	-2.766595636297401045e-02	2.717859681737941346e-02	-2.072109387462260296e-02	1.945480629060961086e-02	-1.974263214442155412e-02	2.042115008377700172e-02	-2.160864103575309281e-02	1.618718836871502545e-02	-1.533223720647285300e-02	1.872543517272503774e-02	-2.019437866774263443e-02	1.871120969400696596e-02	-1.699317650318830919e-02	1.669790068889529314e-02	-1.479053137652706386e-02	1.899685328844856469e-02	-1.238532790017547562e-02	1.414130109810875918e-02	-1.635987647556986710e-02	1.343649044977211944e-02	-1.511716933507623040e-02	1.393148744125169945e-02	-1.106695463650562809e-02	1.580428328527863635e-02	-1.063766238269745791e-02	1.187832830477224266e-02	-9.827501710072383476e-03	1.033024057588155867e-02
-1.219866475235557163e-01	1.717862069646470258e-01	-7.667394931924073065e-01	2.751606370325473949e-01	-2.753993316093280574e-01	1.583491838794431894e-01	-2.736871812385761604e-01	9.999999999999993339e-01	-3.628154729692230629e-01	2.093537769602982490e-01	-3.040533100405633932e-02	1.080017537599519684e-01	-1.187196057372386787e-01	5.600716353867163377e-02	-4.624522067761506483e-02	2.626290813973693877e-02	-3.470986514642529497e-02	4.133529992672938663e-02	-5.111394240587029125e-02	3.755710880160872261e-02	-2.449230615598655889e-02	2.713819025222743639e-02	-3.017493569518085381e-02	3.452893130554295087e-02	-2.670793255828072046e-02	1.910830939928637867e-02	-2.627900586826778517e-02	2.849206433547063141e-02	-2.916162611308272326e-02	2.732812852226550182e-02	-2.200430598669262522e-02	2.029951458643176540e-02	-2.657782300520369900e-02	1.832268614732753334e-02	-2.095037248639809377e-02	2.142133896332950801e-02	-1.829941635406400965e-02	2.055991944059461576e-02	-1.966386793653312690e-02	1.564503203645235471e-02	-2.125373122165936934e-02	1.444962574492498694e-02	-1.622580217359021609e-02	1.366217400664404211e-02	-1.445822982900037655e-02
6.350083394272787451e-02	-9.920930584475261271e-02	2.575496312793187359e-01	-5.273521507277157960e-01	3.280763231697637061e-01	-8.547805256671693608e-02	1.033398333527928148e-01	-3.628154729692230629e-01	9.999999999999993339e-01	-6.708136229888314039e-01	2.017383514500348946e-02	-6.409585122517717781e-02	5.896139738889050880e-02	-5.205538743792147149e-02	5.019358703066612720e-02	-1.760214694429123802e-02	2.355334658047675972e-02	-2.784864511195434683e-02	4.499549990548559752e-02	-4.150705718248035025e-02	1.788321045014034869e-02	-1.960659715731643063e-02	2.170883928374222130e-02	-2.970848252000445402e-02	2.432737538031879559e-02	-1.405007140629189848e-02	1.952008505805653826e-02	-2.159977281197639903e-02	2.418971461031422729e-02	-2.507619456413012760e-02	1.644285533479103098e-02	-1.532230558820115059e-02	2.013378305245867861e-02	-1.478897689341432571e-02	1.680047369692806020e-02	-1.617123496128199805e-02	1.390382388882316182e-02	-1.575781275964373632e-02	1.539108535251764234e-02	-1.232122323968095831e-02	1.622430255983201355e-02	-1.108804175427676592e-02	1.248301796653112153e-02	-1.064041040980387952e-02	1.128249735749404029e-02
-4.980265317825000038e-02	7.397801742036042016e-02	-2.197978066981502165e-01	3.105926810730867960e-01	-6.358164768479371842e-01	6.251092001721827995e-02	-7.838922129047533327e-02	2.093537769602982490e-01	-6.708136229888314039e-01	9.999999999999996669e-01	-1.764948264960946103e-02	5.007072941762242407e-02	-4.614157452098394813e-02	4.383700334676236821e-02	-5.874945527714808824e-02	1.534833825635037452e-02	-2.089374640258960178e-02	2.436333326130728574e-02	-3.976168760985814010e-02	4.555788141261854496e-02	-1.643446560314803032e-02	1.780999150649782703e-02	-1.969739885409514668e-02	2.862813548532986904e-02	-2.444565069621203873e-02	1.292535109204539720e-02	-1.800553632149594699e-02	2.001819983662127267e-02	-2.316343301240192040e-02	2.534240778648311904e-02	-1.527957723883466117e-02	1.424804312336531986e-02	-1.877890959660574385e-02	1.408991137052061776e-02	-1.597541610927667027e-02	1.505988038171287256e-02	-1.298787849477173878e-02	1.475889406121202486e-02	-1.454817056889539349e-02	1.166571095875200414e-02	-1.524134422328564040e-02	1.041538178126327069e-02	-1.174893460719862552e-02	1.004401902747124875e-02	-1.066158010265547823e-02
3.354455630172314962e-02	-3.166506445017239213e-02	2.806859801484766839e-02	-1.815165445845300790e-02	2.050572778255264905e-02	-4.368853585452941307e-02	3.695224953312477301e-02	-3.040533100405633932e-02	2.017383514500348946e-02	-1.764948264960946103e-02	9.999999999999995559e-01	-9.216295233044313751e-02	7.499470413649271527e-02	-5.988409134335287431e-02	6.225028743750192495e-02	-8.935031332461673692e-01	2.069911074621423042e-01	-2.003465089347697681e-01	5.797210316245931389e-02	-5.522174773039628670e-02	1.836074594975063146e-01	-1.651716721007867872e-01	1.340268587223474583e-01	-9.955746047180288882e-02	6.414574166846789827e-02	-1.522936674035471893e-01	1.282665720376872653e-01	-1.406359181125103608e-01	8.912634300266780718e-02	-7.402545070506279246e-02	1.265907808249587263e-01	-1.038713053159440319e-01	1.204265238759854861e-01	-6.684626780101841914e-02	7.409610723263156118e-02	-1.294471026827489490e-01	9.243645865666866301e-02	-1.053035464332055388e-01	8.256779052713747458e-02	-6.624225687183663003e-02	1.028143273731393775e-01	-7.036470937550713678e-02	7.516347666825418106e-02	-6.085838725394086823e-02	6.174683356641572085e-02
-3.575390017588473551e-02	4.826053886715148816e-02	-9.964544155634054434e-02	5.497575296375935977e-02	-6.056861232001816558e-02	4.454275874993845336e-02	-6.025244074387983012e-02	1.080017537599519684e-01	-6.409585122517717781e-02	5.007072941762242407e-02	-9.216295233044313751e-02	1.000000000000000222e+00	-8.848377725769596136e-01	2.147301103903755115e-01	-1.431478343804547249e-01	7.651277182491825202e-02	-1.496695847727103623e-01	1.676647845382288615e-01	-2.338735394609726126e-01	1.093064916595778702e-01	-8.304161191660690278e-02	1.015164071585209216e-01	-1.225476356828976432e-01	1.189148291208803193e-01	-9.058566538754082853e-02	6.326103360804136155e-02	-9.538704821580920590e-02	9.955612950397929595e-02	-1.045439469271567945e-01	8.654336911652070474e-02	-7.227961790154578681e-02	6.910971457369485815e-02	-9.170837669283347926e-02	6.243241841847632645e-02	-7.235406300132880830e-02	6.871069143850441763e-02	-6.060084969412808664e-02	6.697651362201074987e-02	-6.495019850135737294e-02	5.129799339390303525e-02	-6.698168393547299093e-02	4.632688342773975954e-02	-5.192857411322292921e-02	4.432261696059736078e-02	-4.714916102847617474e-02
3.209661404088856584e-02	-4.467407090389783481e-02	9.056082077889043846e-02	-5.089275744893690528e-02	5.364749229012179266e-02	-4.117645568322039068e-02	5.386063045464655613e-02	-1.187196057372386787e-01	5.896139738889050880e-02	-4.614157452098394813e-02	7.499470413649271527e-02	-8.848377725769596136e-01	9.999999999999995559e-01	-2.854842393279414248e-01	1.155867497895485124e-01	-6.604640810808259932e-02	1.290555559433002597e-01	-1.945508182580908130e-01	1.968794494310032173e-01	-9.632775078217729881e-02	6.999517062849051896e-02	-9.136739325325340944e-02	1.101273885815440279e-01	-1.066440428159946135e-01	7.699411263203777278e-02	-5.415791212434929031e-02	8.126269670780017496e-02	-8.841787612664772644e-02	8.779733127569845641e-02	-7.523236032308210086e-02	6.058155901786357878e-02	-5.890384833149599209e-02	7.681013025163732633e-02	-5.257627957489283826e-02	5.996613031291993939e-02	-5.844918697221448967e-02	5.109742586505209433e-02	-5.688408611170571449e-02	5.412715843937659227e-02	-4.306178668799866271e-02	5.582494563483049455e-02	-3.889502418565865538e-02	4.331955123753045145e-02	-3.713068796399958404e-02	3.926827920331633220e-02
-1.918322330077317645e-02	2.602316067752914047e-02	-4.933382895106003946e-02	3.881215155053197030e-02	-4.176476394455262697e-02	2.327170793911761959e-02	-2.880125822633082533e-02	5.600716353867163377e-02	-5.205538743792147149e-02	4.383700334676236821e-02	-5.988409134335287431e-02	2.147301103903755115e-01	-2.854842393279414248e-01	1.000000000000000000e+00	-2.698620701311914005e-01	5.190073355520807841e-02	-9.339868819645411047e-02	1.091178623060101993e-01	-8.430461234508951351e-01	2.066643099427213082e-01	-6.965720621320049821e-02	8.102800320018667402e-02	-9.843404313176448706e-02	1.833467973108663107e-01	-1.435041141437515266e-01	5.436024971556436408e-02	-8.392364194412398060e-02	9.379723642546282381e-02	-1.451430641777812225e-01	1.247929952725646829e-01	-6.491892708641637533e-02	6.390523211577224527e-02	-8.630978008732805018e-02	7.525567028081520116e-02	-8.699977615682283338e-02	6.360769649063058306e-02	-5.737417432372293735e-02	6.513856198557543831e-02	-6.979638125946817373e-02	5.571792800341018176e-02	-6.402457274461938186e-02	4.527986852712662103e-02	-5.139321704027863258e-02	4.610785998999827884e-02	-4.975424202202269330e-02
1.804900973669902944e-02	-2.448354974763848266e-02	4.208338767045545492e-02	-3.881474032806608854e-02	4.954106814782082563e-02	-2.140634673903256055e-02	2.534398157019890699e-02	-4.624522067761506483e-02	5.019358703066612720e-02	-5.874945527714808824e-02	6.225028743750192495e-02	-1.431478343804547249e-01	1.155867497895485124e-01	-2.698620701311914005e-01	9.999999999999993339e-01	-5.556190685823790554e-02	9.153198517553713665e-02	-1.091400794378663552e-01	2.253900027303158415e-01	-8.333023842782604218e-01	7.910056735386260252e-02	-9.137983251738465706e-02	1.043583618979467276e-01	-2.337487912157671099e-01	2.420838984349080181e-01	-6.379461081375727149e-02	9.491139954479442531e-02	-1.139140398714936636e-01	1.659593763879460837e-01	-2.592812303729915002e-01	7.653488472887096106e-02	-7.607624216224004310e-02	1.001822758429670723e-01	-9.236192021022886223e-02	1.006509472132266353e-01	-7.806965166815904578e-02	6.893623016569640216e-02	-8.056829594615887158e-02	8.376026555036925059e-02	-6.899338997909283677e-02	7.824313245838421249e-02	-5.566810632485696964e-02	6.269384473263547863e-02	-5.675051570573540205e-02	6.024486160041153671e-02
-2.931580051681980173e-02	2.685698741507289850e-02	-2.455662358834312040e-02	1.577752941092484817e-02	-1.792591001865896996e-02	3.621184375362521829e-02	-3.221988504574661155e-02	2.626290813973693877e-02	-1.760214694429123802e-02	1.534833825635037452e-02	-8.935031332461673692e-01	7.651277182491825202e-02	-6.604640810808259932e-02	5.190073355520807841e-02	-5.556190685823790554e-02	9.999999999999995559e-01	-2.688196772253259592e-01	1.755014579001982211e-01	-5.120835562244128308e-02	4.842470364794328186e-02	-2.210697128001157530e-01	1.579728984089772970e-01	-1.290427459652783992e-01	8.763745267730896349e-02	-5.727883922915519288e-02	1.411665923043320114e-01	-1.226796324130775412e-01	1.247046908820660521e-01	-8.036507486571946302e-02	6.479631217020007106e-02	-1.221667341280127106e-01	9.444274254446283212e-02	-1.114094617649231678e-01	5.961086575065111665e-02	-6.666571945167799884e-02	1.126379629967604323e-01	-8.314443541940975957e-02	9.190591620299173869e-02	-7.352254796211296628e-02	5.825883902216830168e-02	-9.171668868516452688e-02	6.214333633089700465e-02	-6.681016458675975711e-02	5.368291582263415296e-02	-5.478351753147715775e-02
1.933289284947832531e-02	-2.277044115987322467e-02	3.097901532346559669e-02	-2.070237693427337197e-02	2.334040782721345797e-02	-2.299217866107991157e-02	2.482498671065454937e-02	-3.470986514642529497e-02	2.355334658047675972e-02	-2.089374640258960178e-02	2.069911074621423042e-01	-1.496695847727103623e-01	1.290555559433002597e-01	-9.339868819645411047e-02	9.153198517553713665e-02	-2.688196772253259592e-01	9.999999999999996669e-01	-6.446984182233638228e-01	9.043791475500459476e-02	-8.113771165480718195e-02	1.988390949990533896e-01	-5.338945781430138871e-01	3.063714519544980530e-01	-1.630365341249019051e-01	1.004182714961161654e-01	-1.612055878551944266e-01	2.219976773866199904e-01	-2.474766925096622827e-01	1.398918586345398729e-01	-1.107903235953614091e-01	1.473006489843148581e-01	-1.525370097487296073e-01	1.731793941297865291e-01	-9.472360891749853629e-02	1.039576950051686877e-01	-1.466369060582519146e-01	1.201273134578354218e-01	-1.337456627016582189e-01	1.064415394898630268e-01	-8.516586454080669888e-02	1.204347262905247767e-01	-8.567972274145312095e-02	9.135354123723746222e-02	-7.618360850829833386e-02	7.770104046121933949e-02
-2.095126414218964270e-02	2.500331833701160966e-02	-3.721719092134444934e-02	2.425400441513279187e-02	-2.743512669704428752e-02	2.480843716304373392e-02	-2.766595636297401045e-02	4.133529992672938663e-02	-2.784864511195434683e-02	2.436333326130728574e-02	-2.003465089347697681e-01	1.676647845382288615e-01	-1.945508182580908130e-01	1.091178623060101993e-01	-1.091400794378663552e-01	1.755014579001982211e-01	-6.446984182233638228e-01	9.999999999999988898e-01	-1.114188570442325721e-01	9.243667934181416801e-02	-1.948876726328010178e-01	3.136994906534016359e-01	-5.282796064070650610e-01	1.799554345791584409e-01	-1.183258951477004634e-01	1.446674928199485899e-01	-2.399966647856366098e-01	2.428204404192609578e-01	-1.641191246900764455e-01	1.205883305126742716e-01	-1.516391576219056903e-01	1.526430003095605448e-01	-1.958152695299608670e-01	1.046360061748778103e-01	-1.183818496462085007e-01	1.412380419634412798e-01	-1.245321078420626032e-01	1.336460140136930541e-01	-1.149769721001059064e-01	9.024500906568909409e-02	-1.258395465350173326e-01	8.821968158252779801e-02	-9.619583575791643137e-02	8.014400606783982084e-02	-8.333327800565930310e-02
1.824243475393312261e-02	-2.492752115842495828e-02	4.398734392944408239e-02	-3.523194844828704542e-02	3.748916156154485230e-02	-2.227682100612099481e-02	2.717859681737941346e-02	-5.111394240587029125e-02	4.499549990548559752e-02	-3.976168760985814010e-02	5.797210316245931389e-02	-2.338735394609726126e-01	1.968794494310032173e-01	-8.430461234508951351e-01	2.253900027303158415e-01	-5.120835562244128308e-02	9.043791475500459476e-02	-1.114188570442325721e-01	1.000000000000000222e+00	-2.743604402623822103e-01	6.808189328903328785e-02	-8.265325385881519549e-02	1.000029933474832905e-01	-2.495858498091215738e-01	1.526069428094151970e-01	-5.380522670607302410e-02	8.283423800310080187e-02	-9.626635345310717573e-02	1.463982141984744856e-01	-1.378026077843247654e-01	6.341970121611296973e-02	-6.334036616921218110e-02	8.439332553310152640e-02	-7.617236136837762794e-02	8.509223943280963542e-02	-6.296887811043379302e-02	5.644650199035988053e-02	-6.465443132516487945e-02	6.840154958121050233e-02	-5.521546485982178204e-02	6.242040780629910801e-02	-4.449993790308881536e-02	5.022549487355780495e-02	-4.542785077453045245e-02	4.869033917496550651e-02
-1.482947673154949748e-02	1.984029718583521507e-02	-3.495113938670346004e-02	3.159665251360017912e-02	-4.142704580259699843e-02	1.746583417414709904e-02	-2.072109387462260296e-02	3.755710880160872261e-02	-4.150705718248035025e-02	4.555788141261854496e-02	-5.522174773039628670e-02	1.093064916595778702e-01	-9.632775078217729881e-02	2.066643099427213082e-01	-8.333023842782604218e-01	4.842470364794328186e-02	-8.113771165480718195e-02	9.243667934181416801e-02	-2.743604402623822103e-01	1.000000000000000666e+00	-7.099638630449590926e-02	7.972598916510174882e-02	-9.355221722629063208e-02	2.044763602585560336e-01	-3.422490314364647901e-01	5.637846176904631745e-02	-8.593863198926685043e-02	9.970332085666126776e-02	-1.630690953292589507e-01	2.174454194639642568e-01	-6.870723300575323766e-02	6.798224385009928039e-02	-9.173466103303229424e-02	8.567862945677033604e-02	-9.700181441758522205e-02	6.874826620381471742e-02	-6.188263542080197493e-02	7.143563381026221681e-02	-7.760497432740025292e-02	6.272205625011366414e-02	-7.030310105518035313e-02	4.987332162999659479e-02	-5.675204580089447670e-02	5.145146799064972964e-02	-5.538645127395745021e-02
1.611946997850120106e-02	-1.846709691165382070e-02	2.239880813490081890e-02	-1.579811599277369458e-02	1.817952340831874639e-02	-1.866165293170611583e-02	1.945480629060961086e-02	-2.449230615598655889e-02	1.788321045014034869e-02	-1.643446560314803032e-02	1.836074594975063146e-01	-8.304161191660690278e-02	6.999517062849051896e-02	-6.965720621320049821e-02	7.910056735386260252e-02	-2.210697128001157530e-01	1.988390949990533896e-01	-1.948876726328010178e-01	6.808189328903328785e-02	-7.099638630449590926e-02	9.999999999999985567e-01	-3.018130045010256057e-01	1.891204210369227257e-01	-1.391319531481922667e-01	8.778757386505561811e-02	-7.217193003167766685e-01	2.179449601533038627e-01	-2.180087785517148824e-01	1.272034232444867741e-01	-1.035078795559836173e-01	2.880401078979187846e-01	-1.872962297291991818e-01	1.938039613660225147e-01	-1.009424496672768623e-01	1.104201722096894572e-01	-2.788242504044936010e-01	1.643936431372657048e-01	-1.834287022702773273e-01	1.300477995493013739e-01	-1.044856193591767735e-01	1.703025251639797011e-01	-1.191240693427933900e-01	1.216141719758148387e-01	-9.785638807425259267e-02	9.685116500815448004e-02
-1.565487600433963788e-02	1.833790906958157260e-02	-2.466570490198660009e-02	1.710140752764408023e-02	-1.961138577020540494e-02	1.833203701802578814e-02	-1.974263214442155412e-02	2.713819025222743639e-02	-1.960659715731643063e-02	1.780999150649782703e-02	-1.651716721007867872e-01	1.015164071585209216e-01	-9.136739325325340944e-02	8.102800320018667402e-02	-9.137983251738465706e-02	1.579728984089772970e-01	-5.338945781430138871e-01	3.136994906534016359e-01	-8.265325385881519549e-02	7.972598916510174882e-02	-3.018130045010256057e-01	1.000000000000004441e+00	-5.607868796907210518e-01	1.743634928354119984e-01	-1.095003161130423813e-01	1.899317502580205319e-01	-3.843440603374143061e-01	2.792779797431832467e-01	-1.582115980920814347e-01	1.154267776923319083e-01	-1.726103547113761183e-01	1.844994944080071420e-01	-2.093599687470184545e-01	1.036802884774660066e-01	-1.146930559381279524e-01	1.585364826608194888e-01	-1.387427786765665916e-01	1.454093934119406462e-01	-1.155639533142109876e-01	9.110059227763014911e-02	-1.291950908209694160e-01	9.252446479465756268e-02	-9.837567320238649327e-02	8.165210250252481761e-02	-8.344089036341159615e-02
1.565101874215362246e-02	-1.899948696570368314e-02	2.709586327272819894e-02	-1.880795142692037736e-02	2.147331777144300541e-02	-1.837976986191313875e-02	2.042115008377700172e-02	-3.017493569518085381e-02	2.170883928374222130e-02	-1.969739885409514668e-02	1.340268587223474583e-01	-1.225476356828976432e-01	1.101273885815440279e-01	-9.843404313176448706e-02	1.043583618979467276e-01	-1.290427459652783992e-01	3.063714519544980530e-01	-5.282796064070650610e-01	1.000029933474832905e-01	-9.355221722629063208e-02	1.891204210369227257e-01	-5.607868796907210518e-01	1.000000000000001776e+00	-2.738284182247550658e-01	1.341374052716128307e-01	-1.531669874324076142e-01	2.640537322172814005e-01	-4.326918734345974737e-01	1.892226100258894428e-01	-1.393511610437163095e-01	1.472660674705009443e-01	-1.670214568681472056e-01	1.992679016485565946e-01	-1.132038605476920062e-01	1.221708851285410041e-01	-1.447895229913838400e-01	1.268549140775815653e-01	-1.394299999733713824e-01	1.156089094012725943e-01	-9.231712808880261634e-02	1.217108622002124746e-01	-8.815278340477304686e-02	9.444862149664660922e-02	-8.063725476446842455e-02	8.289410789687953751e-02
-1.620136263634258666e-02	2.051358518291623162e-02	-3.154608887543478707e-02	2.450492559611842924e-02	-2.900748042463394127e-02	1.886170815667841116e-02	-2.160864103575309281e-02	3.452893130554295087e-02	-2.970848252000445402e-02	2.862813548532986904e-02	-9.955746047180288882e-02	1.189148291208803193e-01	-1.066440428159946135e-01	1.833467973108663107e-01	-2.337487912157671099e-01	8.763745267730896349e-02	-1.630365341249019051e-01	1.799554345791584409e-01	-2.495858498091215738e-01	2.044763602585560336e-01	-1.391319531481922667e-01	1.743634928354119984e-01	-2.738284182247550658e-01	9.999999999999998890e-01	-4.876490510182935889e-01	1.091539890634730670e-01	-1.852202817646905753e-01	2.183234729637127391e-01	-5.757250696845002125e-01	3.112457353064460586e-01	-1.305429900214035710e-01	1.365978641425240336e-01	-1.880104438215468021e-01	2.064649314044003925e-01	-2.354674858953347827e-01	1.293704875954102829e-01	-1.209837971762752484e-01	1.386866543140715946e-01	-1.637844306819309093e-01	1.296327997316625569e-01	-1.287049331335447799e-01	9.459395682540039374e-02	-1.078225362472971655e-01	1.025234582937537137e-01	-1.119689011731618555e-01
1.199707262840541203e-02	-1.549964492597536575e-02	2.434989824118630186e-02	-1.978956972233779366e-02	2.389937251535554849e-02	-1.400425381015013744e-02	1.618718836871502545e-02	-2.670793255828072046e-02	2.432737538031879559e-02	-2.444565069621203873e-02	6.414574166846789827e-02	-9.058566538754082853e-02	7.699411263203777278e-02	-1.435041141437515266e-01	2.420838984349080181e-01	-5.727883922915519288e-02	1.004182714961161654e-01	-1.183258951477004634e-01	1.526069428094151970e-01	-3.422490314364647901e-01	8.778757386505561811e-02	-1.095003161130423813e-01	1.341374052716128307e-01	-4.876490510182935889e-01	1.000000000000001554e+00	-7.084599169123889650e-02	1.137009950203601988e-01	-1.425608290810860823e-01	2.795165907282202156e-01	-7.031868762932613759e-01	8.441823562874749276e-02	-8.830861751298073326e-02	1.181907241729028973e-01	-1.326007709498367437e-01	1.406917701455251135e-01	-8.596000817847716802e-02	7.855009353390973725e-02	-9.199990334779209467e-02	1.034173400438434393e-01	-8.506240061559028343e-02	8.498702612229119824e-02	-6.251817866458123096e-02	7.066362358705337299e-02	-6.722182663264394953e-02	7.209283717157130567e-02
-1.274723725314652265e-02	1.444428053392324968e-02	-1.756169305253283200e-02	1.238548074864787366e-02	-1.430624810747075336e-02	1.474274189848286468e-02	-1.533223720647285300e-02	1.910830939928637867e-02	-1.405007140629189848e-02	1.292535109204539720e-02	-1.522936674035471893e-01	6.326103360804136155e-02	-5.415791212434929031e-02	5.436024971556436408e-02	-6.379461081375727149e-02	1.411665923043320114e-01	-1.612055878551944266e-01	1.446674928199485899e-01	-5.380522670607302410e-02	5.637846176904631745e-02	-7.217193003167766685e-01	1.899317502580205319e-01	-1.531669874324076142e-01	1.091539890634730670e-01	-7.084599169123889650e-02	9.999999999999958922e-01	-2.261109015194430749e-01	1.768943997293575265e-01	-1.052873167535583604e-01	8.260052252174897303e-02	-5.172460011274460090e-01	1.756236637758896713e-01	-1.818395658794328407e-01	8.510283731919024430e-02	-9.412561286750940892e-02	2.405686250750332655e-01	-1.526164144786388843e-01	1.543584758267543822e-01	-1.122879329555697692e-01	8.788506619020866606e-02	-1.553466321556515872e-01	1.039467559154846898e-01	-1.071472159367738430e-01	8.363340887009297620e-02	-8.328547884924292211e-02
1.482733757535923888e-02	-1.784193876219259192e-02	2.387174583041432388e-02	-1.704876809019417391e-02	1.960711457539146899e-02	-1.714267129419140209e-02	1.872543517272503774e-02	-2.627900586826778517e-02	1.952008505805653826e-02	-1.800553632149594699e-02	1.282665720376872653e-01	-9.538704821580920590e-02	8.126269670780017496e-02	-8.392364194412398060e-02	9.491139954479442531e-02	-1.226796324130775412e-01	2.219976773866199904e-01	-2.399966647856366098e-01	8.283423800310080187e-02	-8.593863198926685043e-02	2.179449601533038627e-01	-3.843440603374143061e-01	2.640537322172814005e-01	-1.852202817646905753e-01	1.137009950203601988e-01	-2.261109015194430749e-01	9.999999999999991118e-01	-5.876580509301866373e-01	1.800568199153562698e-01	-1.372445110065017848e-01	2.148844662656927695e-01	-4.766732887568026489e-01	3.014977949355999165e-01	-1.315706331742022839e-01	1.376087741781098217e-01	-2.200252903663385273e-01	2.164986064329977866e-01	-2.276178970812614555e-01	1.502395662890156913e-01	-1.197544023330063268e-01	1.676915950190397686e-01	-1.294485800879159876e-01	1.306833274339552764e-01	-1.087830960706880346e-01	1.075037044418962473e-01
-1.596735045027420849e-02	1.911867569856003438e-02	-2.607103792572670192e-02	1.872129935620332752e-02	-2.170281899072567730e-02	1.845320610812690998e-02	-2.019437866774263443e-02	2.849206433547063141e-02	-2.159977281197639903e-02	2.001819983662127267e-02	-1.406359181125103608e-01	9.955612950397929595e-02	-8.841787612664772644e-02	9.379723642546282381e-02	-1.139140398714936636e-01	1.247046908820660521e-01	-2.474766925096622827e-01	2.428204404192609578e-01	-9.626635345310717573e-02	9.970332085666126776e-02	-2.180087785517148824e-01	2.792779797431832467e-01	-4.326918734345974737e-01	2.183234729637127391e-01	-1.425608290810860823e-01	1.768943997293575265e-01	-5.876580509301866373e-01	9.999999999999986677e-01	-2.844663075916552541e-01	1.627980359443879643e-01	-2.044246161181066113e-01	2.695298756953308783e-01	-4.071704530886572915e-01	1.592356663280055651e-01	-1.710793506785224238e-01	1.920545252261331159e-01	-1.952754466235192277e-01	2.008983858197722072e-01	-1.631140071549171677e-01	1.270829073823609712e-01	-1.689613104564816615e-01	1.237421388566108810e-01	-1.328003497367906682e-01	1.119615675214641476e-01	-1.150471544189444750e-01
1.418171229386126775e-02	-1.791796215141810977e-02	2.642149923404641873e-02	-2.029388513929344245e-02	2.368497660618173670e-02	-1.647406122547803720e-02	1.871120969400696596e-02	-2.916162611308272326e-02	2.418971461031422729e-02	-2.316343301240192040e-02	8.912634300266780718e-02	-1.045439469271567945e-01	8.779733127569845641e-02	-1.451430641777812225e-01	1.659593763879460837e-01	-8.036507486571946302e-02	1.398918586345398729e-01	-1.641191246900764455e-01	1.463982141984744856e-01	-1.630690953292589507e-01	1.272034232444867741e-01	-1.582115980920814347e-01	1.892226100258894428e-01	-5.757250696845002125e-01	2.795165907282202156e-01	-1.052873167535583604e-01	1.800568199153562698e-01	-2.844663075916552541e-01	1.000000000000002887e+00	-4.820285748132143722e-01	1.257840206178035825e-01	-1.417294340788806395e-01	1.881531338314523238e-01	-3.890504006373756152e-01	2.538428952257242854e-01	-1.323618487877462058e-01	1.232221846970184553e-01	-1.499151694411591518e-01	1.770607887853866691e-01	-1.507164543027583181e-01	1.277956450750831197e-01	-9.845753564931755686e-02	1.102106287129893114e-01	-1.130968122401566217e-01	1.179572219423061230e-01
-1.281706640146269664e-02	1.632344783873220656e-02	-2.522622921015650263e-02	2.045530030294027274e-02	-2.511273466689349990e-02	1.483381518639927121e-02	-1.699317650318830919e-02	2.732812852226550182e-02	-2.507619456413012760e-02	2.534240778648311904e-02	-7.402545070506279246e-02	8.654336911652070474e-02	-7.523236032308210086e-02	1.247929952725646829e-01	-2.592812303729915002e-01	6.479631217020007106e-02	-1.107903235953614091e-01	1.205883305126742716e-01	-1.378026077843247654e-01	2.174454194639642568e-01	-1.035078795559836173e-01	1.154267776923319083e-01	-1.393511610437163095e-01	3.112457353064460586e-01	-7.031868762932613759e-01	8.260052252174897303e-02	-1.372445110065017848e-01	1.627980359443879643e-01	-4.820285748132143722e-01	9.999999999999994449e-01	-1.023005522904166936e-01	1.068674034138084317e-01	-1.491999720036804589e-01	1.805544647166254235e-01	-2.097079584727180035e-01	1.031200412994888599e-01	-9.698165254290373738e-02	1.129664122454286795e-01	-1.392075832209992148e-01	1.114382911801792692e-01	-1.055520148111990797e-01	7.793798622778096152e-02	-8.960120552041203612e-02	8.669315126173819663e-02	-9.524636435051425654e-02
1.368745135770462959e-02	-1.616682139972805410e-02	2.017012807945888636e-02	-1.452281962418290780e-02	1.679971525252243678e-02	-1.561080084718356915e-02	1.669790068889529314e-02	-2.200430598669262522e-02	1.644285533479103098e-02	-1.527957723883466117e-02	1.265907808249587263e-01	-7.227961790154578681e-02	6.058155901786357878e-02	-6.491892708641637533e-02	7.653488472887096106e-02	-1.221667341280127106e-01	1.473006489843148581e-01	-1.516391576219056903e-01	6.341970121611296973e-02	-6.870723300575323766e-02	2.880401078979187846e-01	-1.726103547113761183e-01	1.472660674705009443e-01	-1.305429900214035710e-01	8.441823562874749276e-02	-5.172460011274460090e-01	2.148844662656927695e-01	-2.044246161181066113e-01	1.257840206178035825e-01	-1.023005522904166936e-01	9.999999999999982236e-01	-2.894606121208966876e-01	2.344831177846030956e-01	-1.117045602658794795e-01	1.217220009865260383e-01	-5.875145627566298323e-01	2.372508117170989972e-01	-2.448060639501013491e-01	1.564394828204160870e-01	-1.242992067577650545e-01	2.272126012245272997e-01	-1.590811610030407885e-01	1.537211722597494057e-01	-1.205727070368211029e-01	1.163494969326373113e-01
-1.188607870891572431e-02	1.420204113167245971e-02	-1.857395231121637333e-02	1.340753763451755544e-02	-1.552539886324563224e-02	1.362754702591008858e-02	-1.479053137652706386e-02	2.029951458643176540e-02	-1.532230558820115059e-02	1.424804312336531986e-02	-1.038713053159440319e-01	6.910971457369485815e-02	-5.890384833149599209e-02	6.390523211577224527e-02	-7.607624216224004310e-02	9.444274254446283212e-02	-1.525370097487296073e-01	1.526430003095605448e-01	-6.334036616921218110e-02	6.798224385009928039e-02	-1.872962297291991818e-01	1.844994944080071420e-01	-1.670214568681472056e-01	1.365978641425240336e-01	-8.830861751298073326e-02	1.756236637758896713e-01	-4.766732887568026489e-01	2.695298756953308783e-01	-1.417294340788806395e-01	1.068674034138084317e-01	-2.894606121208966876e-01	9.999999999999981126e-01	-5.910081795767802015e-01	1.325012949311615562e-01	-1.392712126077907397e-01	2.488015242091788926e-01	-4.515727720743335505e-01	2.775451425765830815e-01	-1.672864196313141594e-01	1.265142209021486441e-01	-1.930737409326747089e-01	1.549477259770503934e-01	-1.529655536137169425e-01	1.195767792210814806e-01	-1.166174346064307726e-01
1.516175152985761894e-02	-1.838641178181885105e-02	2.422786362062503626e-02	-1.761461661805053744e-02	2.035558332866666681e-02	-1.734704324465155892e-02	1.899685328844856469e-02	-2.657782300520369900e-02	2.013378305245867861e-02	-1.877890959660574385e-02	1.204265238759854861e-01	-9.170837669283347926e-02	7.681013025163732633e-02	-8.630978008732805018e-02	1.001822758429670723e-01	-1.114094617649231678e-01	1.731793941297865291e-01	-1.958152695299608670e-01	8.439332553310152640e-02	-9.173466103303229424e-02	1.938039613660225147e-01	-2.093599687470184545e-01	1.992679016485565946e-01	-1.880104438215468021e-01	1.181907241729028973e-01	-1.818395658794328407e-01	3.014977949355999165e-01	-4.071704530886572915e-01	1.881531338314523238e-01	-1.491999720036804589e-01	2.344831177846030956e-01	-5.910081795767802015e-01	9.999999999999995559e-01	-2.079220288178953158e-01	1.845407350002182256e-01	-2.739594518658252098e-01	2.845334759557174298e-01	-3.811757069416644161e-01	2.063142277150555592e-01	-1.688987490775619438e-01	2.124633026947742309e-01	-1.728493727449367801e-01	1.728793318797785528e-01	-1.499172334819079133e-01	1.442158599972896416e-01
-9.661187354031059576e-03	1.196836248784752255e-02	-1.672061813782209014e-02	1.262544830431150227e-02	-1.475875941617686878e-02	1.109170974529909842e-02	-1.238532790017547562e-02	1.832268614732753334e-02	-1.478897689341432571e-02	1.408991137052061776e-02	-6.684626780101841914e-02	6.243241841847632645e-02	-5.257627957489283826e-02	7.525567028081520116e-02	-9.236192021022886223e-02	5.961086575065111665e-02	-9.472360891749853629e-02	1.046360061748778103e-01	-7.617236136837762794e-02	8.567862945677033604e-02	-1.009424496672768623e-01	1.036802884774660066e-01	-1.132038605476920062e-01	2.064649314044003925e-01	-1.326007709498367437e-01	8.510283731919024430e-02	-1.315706331742022839e-01	1.592356663280055651e-01	-3.890504006373756152e-01	1.805544647166254235e-01	-1.117045602658794795e-01	1.325012949311615562e-01	-2.079220288178953158e-01	1.000000000000000000e+00	-7.588666303668075708e-01	1.251559823895248280e-01	-1.261848340806273339e-01	1.654292850827324413e-01	-3.383550611434182898e-01	2.300829642429627897e-01	-1.297563698469198501e-01	1.093786559009825438e-01	-1.286089079342206121e-01	1.564420312624907328e-01	-1.699741976527401610e-01
