1.000000000000000000e+00	-4.367272160629972338e-02	4.045083489657423648e-02	-3.806973557158918609e-02	3.409882728089271009e-02	-9.503266372743659485e-01	1.539046348760235994e-01	-1.501052032748186327e-01	4.720008826186445489e-02	-3.733106419587002567e-02	1.286012538243061776e-01	-1.116822817866964801e-01	9.479885901838967788e-02	-6.030840346853969663e-02	5.165900281577869013e-02	-1.278111146214045701e-01	9.294058873471518212e-02	-7.766245196305274212e-02	5.547368489237636258e-02	-6.846128455075295438e-02	6.774033776920351801e-02	-6.111171923664446975e-02	5.845136538795224490e-02	-4.853290243246784208e-02	3.553235193868330838e-02	-4.901725376432347625e-02	4.968068004081851313e-02	-6.198676051946526433e-02	4.160880378297352605e-02	-3.763176385074064323e-02	4.106427446382373420e-02	-3.208825785457260216e-02	3.772379665230458229e-02	-2.831101224081040979e-02	2.442289930187999808e-02	-1.292163264899860720e-02	3.744542005254849343e-02	-3.135503984522310800e-02	2.516878469246021030e-02	-2.414842041103527903e-02	1.338362269161825005e-02	-2.203034075459284549e-02	2.634387000700564446e-02	-1.702667525706574869e-02	1.789906447985811777e-02
-4.367272160629972338e-02	9.999999999999996669e-01	-9.805899042850823033e-01	9.881769530090304954e-02	-8.546289860791776716e-02	3.837846330901594633e-02	-7.395571761242859810e-02	8.306576669090259823e-02	-7.248696346603243634e-02	5.451254812432120012e-02	-2.754106834259515899e-02	5.173952381057116828e-02	-6.532600150694474472e-02	5.627782583081840373e-02	-6.336615740547343889e-02	2.482296020529356148e-02	-5.032758427134460116e-02	4.242750856394463671e-02	-3.840289273126755443e-02	4.497751001233715046e-02	-3.318649333402166890e-02	2.951204802419047160e-02	-3.302443150330901939e-02	2.912887202364693867e-02	-2.263791677022704632e-02	2.405743159700416897e-02	-2.648365416851250140e-02	3.298031374930730092e-02	-2.541623581723950059e-02	2.274110911453847139e-02	-2.333080606418644690e-02	1.769526999274450424e-02	-2.163640421478333492e-02	1.593881487035138725e-02	-1.416887442790006404e-02	7.378558197805000149e-03	-2.183327320002624930e-02	1.759219878895379105e-02	-1.445091441408184220e-02	1.360514346964620223e-02	-7.745218826470765851e-03	1.255226594309510717e-02	-1.549252631928804691e-02	9.624512818568617400e-03	-1.030826368680260070e-02
4.045083489657423648e-02	-9.805899042850823033e-01	1.000000000000000000e+00	-1.095254305989844523e-01	7.975999068452946372e-02	-3.733026575561823601e-02	7.001785506774058088e-02	-8.945988099957609407e-02	6.875843567002710988e-02	-5.270827265162317948e-02	2.618962143963368683e-02	-5.056374922717202930e-02	6.253825288018405315e-02	-5.483021328571761194e-02	5.929540112933957829e-02	-2.383828060166368751e-02	4.782566149939677241e-02	-4.120451305537704834e-02	3.696815403455080973e-02	-4.382597218039370468e-02	3.162397903377030944e-02	-2.834278751601280316e-02	3.173737183084274910e-02	-2.824437611477124271e-02	2.186321160006017908e-02	-2.313514422124873793e-02	2.536765345327856788e-02	-3.195992210028111846e-02	2.450741302476686784e-02	-2.206961883075564748e-02	2.234948358254061629e-02	-1.700227726779967100e-02	2.080701901568877618e-02	-1.538579679223901243e-02	1.364532335262053087e-02	-7.088012155057693553e-03	2.093917101869689074e-02	-1.695313893839266173e-02	1.391257464033570680e-02	-1.313048062295126168e-02	7.433963675162642837e-03	-1.207170082375353878e-02	1.487106856454341146e-02	-9.284803140583330894e-03	9.929115935487967115e-03
-3.806973557158918609e-02	9.881769530090304954e-02	-1.095254305989844523e-01	9.999999999999998890e-01	-7.292101858259520952e-01	3.411235221263243800e-02	-8.203519334677292218e-02	9.163058680711337611e-02	-4.994013942778312010e-01	3.045574458491013270e-01	-5.421862679044884420e-02	9.405149277097892002e-02	-1.251389326648910394e-01	2.324482279180656585e-01	-2.958091649912685250e-01	4.838541218739905031e-02	-1.118111120932857167e-01	1.086674850543109111e-01	-1.241955409691708756e-01	1.449397129413028396e-01	-7.927623876962894278e-02	7.012385372582143062e-02	-8.499940396351757244e-02	8.419254417588910300e-02	-6.768896952444264370e-02	5.845116206950584647e-02	-6.526831662865911765e-02	8.488139311360268224e-02	-7.255595025431216261e-02	6.600039498321118303e-02	-5.842005457094615051e-02	4.429430277713303221e-02	-5.541270559748434632e-02	4.112374993263697570e-02	-3.683590151395638862e-02	1.858662628227499697e-02	-5.523042912243437963e-02	4.479301769637387964e-02	-3.703365556179467194e-02	3.496257097485176019e-02	-1.953793330264663730e-02	3.165611874237169582e-02	-3.917736466491297809e-02	2.446591270618853065e-02	-2.623471722335404821e-02
3.409882728089271009e-02	-8.546289860791776716e-02	7.975999068452946372e-02	-7.292101858259520952e-01	9.999999999999997780e-01	-3.092059879424045171e-02	7.376739979355492749e-02	-8.589867365697191615e-02	2.918534647798319837e-01	-5.354197748656167599e-01	4.905991770701350480e-02	-8.874418800208644376e-02	1.118630994220061181e-01	-2.281519925556314832e-01	2.549845349509429204e-01	-4.443513784185425947e-02	1.009017302820465756e-01	-1.050031055569331379e-01	1.159487219140879766e-01	-1.500881119532705421e-01	7.272785812981472087e-02	-6.553351073214910838e-02	7.989240693254198722e-02	-8.254993770440692546e-02	6.565900466783657075e-02	-5.507174649268083838e-02	6.084383302069566041e-02	-8.225493745608780660e-02	6.927945327332886427e-02	-6.561786549122673728e-02	5.467378817518959294e-02	-4.181920918754476052e-02	5.254498571441898469e-02	-3.956446063736785562e-02	3.519558036675116131e-02	-1.756294500708159220e-02	5.193944991790675619e-02	-4.278062787953696572e-02	3.529704967869396609e-02	-3.361422624376139007e-02	1.841813615154113543e-02	-3.003367375074602122e-02	3.697216923003510125e-02	-2.347530981223855048e-02	2.505193449201436121e-02
-9.503266372743659485e-01	3.837846330901594633e-02	-3.733026575561823601e-02	3.411235221263243800e-02	-3.092059879424045171e-02	1.000000000000000222e+00	-1.819005315205417250e-01	1.326946107435488242e-01	-4.305753240401616333e-02	3.359476997267680370e-02	-1.476857354339249084e-01	1.033099327612490570e-01	-9.011538420198290933e-02	5.433209854632375241e-02	-4.707224286920259210e-02	1.171015669699151801e-01	-8.857029828019277740e-02	6.941436659144667454e-02	-4.984248139928786764e-02	6.029716988179529419e-02	-6.303497843723507299e-02	5.570684347387400842e-02	-5.294462867883606427e-02	4.301652366352484019e-02	-3.159133684823639543e-02	4.413606496643658617e-02	-4.516857169911918379e-02	5.502596373326412715e-02	-3.712682742733108832e-02	3.324963575047329423e-02	-3.690429871055257716e-02	2.869643001905923183e-02	-3.365276020979436622e-02	2.508623862432551171e-02	-2.169702607673838074e-02	1.151426010414195560e-02	-3.346346654658434450e-02	2.786194581303166190e-02	-2.235949603293721152e-02	2.138666088101172022e-02	-1.193484751979430152e-02	1.957778959858176571e-02	-2.344195238693209254e-02	1.504940842884924281e-02	-1.584469091741587399e-02
1.539046348760235994e-01	-7.395571761242859810e-02	7.001785506774058088e-02	-8.203519334677292218e-02	7.376739979355492749e-02	-1.819005315205417250e-01	1.000000000000000666e+00	-7.404128562183072138e-01	1.102245494906649997e-01	-8.295164232582163955e-02	1.000806616012997474e-01	-4.896073882548553913e-01	3.006666173562979050e-01	-1.465646630835061581e-01	1.167695116818572160e-01	-9.573822621947412903e-02	2.141337725214581267e-01	-1.711459918732903263e-01	1.187475405567316594e-01	-1.402191008040732101e-01	1.125881859161991655e-01	-1.128064816294418599e-01	1.162256417283914073e-01	-9.606629088202893463e-02	7.051635881291554164e-02	-8.350089507725155791e-02	8.989923630238223773e-02	-1.179368014971488299e-01	8.180060105329965692e-02	-7.346427480292877510e-02	7.212312002195919725e-02	-5.639228626400163286e-02	6.853772685956646682e-02	-5.118961482706422400e-02	4.428176894038763495e-02	-2.272335858164477654e-02	6.635507757248065852e-02	-5.633714962795410841e-02	4.516698274400243046e-02	-4.338221653420154533e-02	2.356477535259099421e-02	-3.871333506530866969e-02	4.636520168426924021e-02	-3.005780602891534176e-02	3.162975408732552479e-02
-1.501052032748186327e-01	8.306576669090259823e-02	-8.945988099957609407e-02	9.163058680711337611e-02	-8.589867365697191615e-02	1.326946107435488242e-01	-7.404128562183072138e-01	1.000000000000000444e+00	-1.363829693636054441e-01	9.409542363023114253e-02	-1.003896492613109426e-01	3.019087541637327510e-01	-4.968511761246661163e-01	1.658364083709865655e-01	-1.394010273373063324e-01	9.096185711551992015e-02	-2.211102944755548860e-01	1.656926768146941842e-01	-1.252062361904102417e-01	1.375364886312954726e-01	-1.162655478581662988e-01	1.097424970615051565e-01	-1.185714668317058296e-01	9.469868666408753910e-02	-7.087566209964268893e-02	8.223174589853077254e-02	-9.089898487161182650e-02	1.136775175648887526e-01	-8.229493494078173044e-02	7.203015757137752606e-02	-7.266779682600391088e-02	5.604349705900429912e-02	-6.820534049623741546e-02	5.018226163774620191e-02	-4.386999928762101708e-02	2.261476097415633657e-02	-6.655049399177596914e-02	5.545715867142197303e-02	-4.468967830190367918e-02	4.253099323457583403e-02	-2.353739398047278303e-02	3.835256486381465046e-02	-4.629804758951562571e-02	2.946896585667255902e-02	-3.119538504146590965e-02
4.720008826186445489e-02	-7.248696346603243634e-02	6.875843567002710988e-02	-4.994013942778312010e-01	2.918534647798319837e-01	-4.305753240401616333e-02	1.102245494906649997e-01	-1.363829693636054441e-01	1.000000000000000666e+00	-4.775900108674379640e-01	6.787375505147906496e-02	-1.383559287041259689e-01	1.783942031711523712e-01	-5.574357958438229677e-01	3.111102738677496427e-01	-6.206753795341136276e-02	1.442748303349910832e-01	-1.564016468353840450e-01	1.803037752423266304e-01	-2.161386841405011083e-01	1.000681443947414040e-01	-9.208119033997885783e-02	1.133729335243608832e-01	-1.201030940774532735e-01	9.277726930090335333e-02	-7.568544877537763949e-02	8.368185498429828173e-02	-1.155621080930227113e-01	9.839266232330418083e-02	-9.235824467697588414e-02	7.293723119827552615e-02	-5.616337143565250378e-02	7.090960234670325157e-02	-5.346614377247319028e-02	4.738809410604297168e-02	-2.331532441929461130e-02	6.891887881353631062e-02	-5.761817144086676251e-02	4.726434963230399106e-02	-4.522306326113231800e-02	2.438215293021903096e-02	-3.982360897393119603e-02	4.865706496750231425e-02	-3.119125379258588793e-02	3.316175453793423350e-02
-3.733106419587002567e-02	5.451254812432120012e-02	-5.270827265162317948e-02	3.045574458491013270e-01	-5.354197748656167599e-01	3.359476997267680370e-02	-8.295164232582163955e-02	9.409542363023114253e-02	-4.775900108674379640e-01	1.000000000000000666e+00	-5.567606579644126391e-02	9.977390329054977580e-02	-1.322403536719637396e-01	2.739856447131939765e-01	-5.849669489240438836e-01	5.001126642908298309e-02	-1.169585007287869544e-01	1.183910043507181986e-01	-1.413637500356870469e-01	1.726963661938313299e-01	-8.243940041282034337e-02	7.381385242086088705e-02	-9.095113024576274852e-02	9.311367424070020327e-02	-7.607060929836502450e-02	6.116683892243384574e-02	-6.829631851155870681e-02	9.095654201441003006e-02	-7.951870906323377231e-02	7.332781875128312199e-02	-6.023421868839758109e-02	4.594032302594179551e-02	-5.787775580139108839e-02	4.322611088298073528e-02	-3.864168742382589200e-02	1.917039861243574270e-02	-5.691297489796084269e-02	4.677438609798317132e-02	-3.858342328291394091e-02	3.663092169756104743e-02	-2.011022904534507522e-02	3.266909762853631438e-02	-4.021312607592831406e-02	2.539200976532447057e-02	-2.713773527660719512e-02
1.286012538243061776e-01	-2.754106834259515899e-02	2.618962143963368683e-02	-5.421862679044884420e-02	4.905991770701350480e-02	-1.476857354339249084e-01	1.000806616012997474e-01	-1.003896492613109426e-01	6.787375505147906496e-02	-5.567606579644126391e-02	1.000000000000001332e+00	-1.359531179225312025e-01	1.134734803903375139e-01	-8.937379263303782406e-02	7.821928714983875097e-02	-9.034211152029706371e-01	1.894580521261355066e-01	-1.467655643225373452e-01	9.759964031975994214e-02	-1.215017452528211889e-01	1.816676812952838782e-01	-1.538646074936785013e-01	1.176351141034318870e-01	-9.185684963894753807e-02	6.548195528122495446e-02	-1.209893063826461279e-01	1.112134391591012711e-01	-1.274701796240125806e-01	7.913482488299448947e-02	-7.049685759205179258e-02	8.534076445500908548e-02	-6.780633119712357881e-02	7.477957571116769508e-02	-5.609948725897850874e-02	4.765077898074768920e-02	-2.604348205033903130e-02	7.440805758482076093e-02	-6.291170147300928495e-02	4.952289210681479897e-02	-4.778328534512347320e-02	2.668863314066781053e-02	-4.407280473171529267e-02	5.138556140790476179e-02	-3.350256188483272807e-02	3.484958491586508111e-02
-1.116822817866964801e-01	5.173952381057116828e-02	-5.056374922717202930e-02	9.405149277097892002e-02	-8.874418800208644376e-02	1.033099327612490570e-01	-4.896073882548553913e-01	3.019087541637327510e-01	-1.383559287041259689e-01	9.977390329054977580e-02	-1.359531179225312025e-01	1.000000000000000444e+00	-5.836371862593264792e-01	1.840102898083920691e-01	-1.509277683191410646e-01	1.248427678656225809e-01	-4.790509157092771586e-01	2.240670288212505412e-01	-1.540535620562530628e-01	1.668568999058533953e-01	-1.573462507322495874e-01	1.579274503743720304e-01	-1.558014269995000312e-01	1.174081090457664567e-01	-8.635144011547382648e-02	1.075724420755557881e-01	-1.202968438485376157e-01	1.459797385798951297e-01	-1.018623000191258982e-01	8.839478525489778693e-02	-8.957683465886602525e-02	6.963453604139274722e-02	-8.391400528773450274e-02	6.163385525681061572e-02	-5.344321328387408726e-02	2.755826717580845200e-02	-8.085218683644522508e-02	6.828962866232736462e-02	-5.447338456614098795e-02	5.206780170661267498e-02	-2.855998752886399622e-02	4.662661572928603754e-02	-5.568391804845255338e-02	3.574777992947564265e-02	-3.764799578490065496e-02
9.479885901838967788e-02	-6.532600150694474472e-02	6.253825288018405315e-02	-1.251389326648910394e-01	1.118630994220061181e-01	-9.011538420198290933e-02	3.006666173562979050e-01	-4.968511761246661163e-01	1.783942031711523712e-01	-1.322403536719637396e-01	1.134734803903375139e-01	-5.836371862593264792e-01	1.000000000000000222e+00	-3.305818458841723873e-01	1.891002980374626719e-01	-1.094015375744026020e-01	2.741782018004315646e-01	-2.937793491340323082e-01	1.900795590993443196e-01	-2.151449822510222432e-01	1.495202847838225380e-01	-1.521098056619461514e-01	1.705307811478851410e-01	-1.432044637525845543e-01	1.042320933247094239e-01	-1.128111114329542752e-01	1.224199740887917248e-01	-1.698242066658098293e-01	1.200045370224195607e-01	-1.076421104045943850e-01	9.806363335972645423e-02	-7.695576967054416906e-02	9.518691348619259807e-02	-7.115069485885906764e-02	6.152327430110086232e-02	-3.097441604270212423e-02	9.067763932292025042e-02	-7.792167246202832964e-02	6.234361599701437190e-02	-6.004441355458668694e-02	3.211025544664202619e-02	-5.279620108725217864e-02	6.313817064843536830e-02	-4.115839473512744595e-02	4.327512589992271730e-02
-6.030840346853969663e-02	5.627782583081840373e-02	-5.483021328571761194e-02	2.324482279180656585e-01	-2.281519925556314832e-01	5.433209854632375241e-02	-1.465646630835061581e-01	1.658364083709865655e-01	-5.574357958438229677e-01	2.739856447131939765e-01	-8.937379263303782406e-02	1.840102898083920691e-01	-3.305818458841723873e-01	1.000000000000000444e+00	-5.248005459300373321e-01	8.052112024978672067e-02	-2.020202882346986972e-01	2.048284944108856587e-01	-3.238883980216127889e-01	2.552990474671336663e-01	-1.303583283352785782e-01	1.189070563193098395e-01	-1.502389752291986569e-01	1.524604317908236084e-01	-1.184032097396408023e-01	9.476189782337737788e-02	-1.068539457948962657e-01	1.429829641137082552e-01	-1.291171272119311930e-01	1.120335017317868886e-01	-8.980693170887601995e-02	6.881022900602871972e-02	-8.711604353991726779e-02	6.455080388686899873e-02	-5.755938619957090552e-02	2.823053133839755618e-02	-8.394302994932403839e-02	6.987888481002951790e-02	-5.719359597879065948e-02	5.439464569115255027e-02	-2.952906913261089256e-02	4.793926317717210617e-02	-5.852902831647056187e-02	3.714700306943938268e-02	-3.957773097417396913e-02
5.165900281577869013e-02	-6.336615740547343889e-02	5.929540112933957829e-02	-2.958091649912685250e-01	2.549845349509429204e-01	-4.707224286920259210e-02	1.167695116818572160e-01	-1.394010273373063324e-01	3.111102738677496427e-01	-5.849669489240438836e-01	7.821928714983875097e-02	-1.509277683191410646e-01	1.891002980374626719e-01	-5.248005459300373321e-01	1.000000000000001554e+00	-7.150035807493564100e-02	1.659206876108976492e-01	-1.851328871178928026e-01	2.197579052861216020e-01	-3.330404173143148849e-01	1.175735525516823921e-01	-1.081038000155172263e-01	1.351978746858257530e-01	-1.479556752975659251e-01	1.202962632058831860e-01	-8.951766375339613446e-02	9.905030198021379240e-02	-1.389391952689370546e-01	1.214380769278142758e-01	-1.185329861153240349e-01	8.650998171153712057e-02	-6.674243266167696753e-02	8.480882038563204717e-02	-6.442159269503412722e-02	5.719260404922590912e-02	-2.771299575217861869e-02	8.194853848003161301e-02	-6.892176086367424181e-02	5.662962199924240908e-02	-5.438991727387651465e-02	2.897066653027087837e-02	-4.737835122193936876e-02	5.782624286001753627e-02	-3.728461580236650669e-02	3.960246802898206159e-02
-1.278111146214045701e-01	2.482296020529356148e-02	-2.383828060166368751e-02	4.838541218739905031e-02	-4.443513784185425947e-02	1.171015669699151801e-01	-9.573822621947412903e-02	9.096185711551992015e-02	-6.206753795341136276e-02	5.001126642908298309e-02	-9.034211152029706371e-01	1.248427678656225809e-01	-1.094015375744026020e-01	8.052112024978672067e-02	-7.150035807493564100e-02	1.000000000000001554e+00	-2.296630931294958433e-01	1.345403029508622228e-01	-8.949904695677116107e-02	1.063975144020693625e-01	-2.287506241516785443e-01	1.518995356951199360e-01	-1.134760386613056504e-01	8.189181005181074557e-02	-5.871361077954717622e-02	1.141132010068515584e-01	-1.096958415384286928e-01	1.147336704543436697e-01	-7.182577785327054487e-02	6.236370460086814588e-02	-8.014760914981072792e-02	6.229396710170928553e-02	-6.805927933953515030e-02	5.003347428418979809e-02	-4.274843174425364128e-02	2.361229425108911026e-02	-6.812627883851227195e-02	5.660833551392422530e-02	-4.445603043698584389e-02	4.254457714117592521e-02	-2.424827104715029241e-02	3.959100974952993457e-02	-4.629093508470836366e-02	2.961912940575916336e-02	-3.091394093756494668e-02
9.294058873471518212e-02	-5.032758427134460116e-02	4.782566149939677241e-02	-1.118111120932857167e-01	1.009017302820465756e-01	-8.857029828019277740e-02	2.141337725214581267e-01	-2.211102944755548860e-01	1.442748303349910832e-01	-1.169585007287869544e-01	1.894580521261355066e-01	-4.790509157092771586e-01	2.741782018004315646e-01	-2.020202882346986972e-01	1.659206876108976492e-01	-2.296630931294958433e-01	1.000000000000002887e+00	-4.762881915408934130e-01	2.286691458477751460e-01	-2.700555274630954128e-01	2.508057006829188529e-01	-3.572523172267104696e-01	2.590677382757484160e-01	-1.927634718613534526e-01	1.356766122818952869e-01	-1.863575245183096973e-01	1.991642350440770148e-01	-2.572642957927105400e-01	1.622046731955092136e-01	-1.438669141358259740e-01	1.415835577761413722e-01	-1.131812577715615997e-01	1.347903277844026138e-01	-1.004535870519879803e-01	8.546617900659589373e-02	-4.386202455199135486e-02	1.271614944975284767e-01	-1.112226085831682226e-01	8.727854540272417250e-02	-8.452769132135924679e-02	4.509174550580268004e-02	-7.441176135725520446e-02	8.727174893613645623e-02	-5.745425763256836738e-02	5.990160115025081056e-02
-7.766245196305274212e-02	4.242750856394463671e-02	-4.120451305537704834e-02	1.086674850543109111e-01	-1.050031055569331379e-01	6.941436659144667454e-02	-1.711459918732903263e-01	1.656926768146941842e-01	-1.564016468353840450e-01	1.183910043507181986e-01	-1.467655643225373452e-01	2.240670288212505412e-01	-2.937793491340323082e-01	2.048284944108856587e-01	-1.851328871178928026e-01	1.345403029508622228e-01	-4.762881915408934130e-01	1.000000000000005107e+00	-4.539917391772412825e-01	2.757583402870111278e-01	-2.360512475239489316e-01	2.347466952065404011e-01	-4.932659967981995464e-01	2.153930334133549451e-01	-1.548927253476271026e-01	1.608327323851132529e-01	-1.911445890796211466e-01	2.650826943360892751e-01	-1.945649501051843755e-01	1.482683390415548974e-01	-1.378542788022524557e-01	1.066552055671407678e-01	-1.388042755800952266e-01	9.654728865825056017e-02	-8.455544716827755047e-02	4.167486204540562372e-02	-1.249787206116514948e-01	1.072490628355988601e-01	-8.493853974098009019e-02	8.031351161759117674e-02	-4.329496192783217901e-02	6.996484527944363263e-02	-8.370185494102280743e-02	5.318835267499152919e-02	-5.626873955998611121e-02
5.547368489237636258e-02	-3.840289273126755443e-02	3.696815403455080973e-02	-1.241955409691708756e-01	1.159487219140879766e-01	-4.984248139928786764e-02	1.187475405567316594e-01	-1.252062361904102417e-01	1.803037752423266304e-01	-1.413637500356870469e-01	9.759964031975994214e-02	-1.540535620562530628e-01	1.900795590993443196e-01	-3.238883980216127889e-01	2.197579052861216020e-01	-8.949904695677116107e-02	2.286691458477751460e-01	-4.539917391772412825e-01	1.000000000000002220e+00	-6.422741655074515332e-01	1.567192248279933309e-01	-1.506816239181220374e-01	2.228222191008351893e-01	-3.539645388366143286e-01	2.033670022497885421e-01	-1.166083985895962905e-01	1.333891521793619250e-01	-2.078527817118617227e-01	2.173398318022942421e-01	-1.882880740686851961e-01	1.060146140038731449e-01	-8.269742243039626683e-02	1.093385729206213242e-01	-8.203583554757347407e-02	7.314447467903306688e-02	-3.307102354125995153e-02	9.894611152352585093e-02	-8.648756496296244878e-02	7.010352922335072456e-02	-6.773400776168189696e-02	3.441128402286749294e-02	-5.600074631589638946e-02	6.734652640598552675e-02	-4.385934337828176210e-02	4.642783157086955576e-02
-6.846128455075295438e-02	4.497751001233715046e-02	-4.382597218039370468e-02	1.449397129413028396e-01	-1.500881119532705421e-01	6.029716988179529419e-02	-1.402191008040732101e-01	1.375364886312954726e-01	-2.161386841405011083e-01	1.726963661938313299e-01	-1.215017452528211889e-01	1.668568999058533953e-01	-2.151449822510222432e-01	2.552990474671336663e-01	-3.330404173143148849e-01	1.063975144020693625e-01	-2.700555274630954128e-01	2.757583402870111278e-01	-6.422741655074515332e-01	9.999999999999992228e-01	-1.901436060465963862e-01	1.661443884183433084e-01	-2.305859718494759347e-01	2.574460749014900185e-01	-3.195771737166376858e-01	1.341685592711176211e-01	-1.568440523506026418e-01	2.064397154317337280e-01	-2.390219298418232996e-01	2.164964717946361306e-01	-1.310349155445772740e-01	9.926872135362296845e-02	-1.295686217595068135e-01	9.557258056086269382e-02	-8.848420821723171348e-02	4.057312793487237446e-02	-1.225435120014680274e-01	1.012415522013546815e-01	-8.430133733461589451e-02	7.979903249290040690e-02	-4.259411858312793508e-02	6.841106346996796150e-02	-8.406631354387006372e-02	5.273889931773678708e-02	-5.664315114608262092e-02
6.774033776920351801e-02	-3.318649333402166890e-02	3.162397903377030944e-02	-7.927623876962894278e-02	7.272785812981472087e-02	-6.303497843723507299e-02	1.125881859161991655e-01	-1.162655478581662988e-01	1.000681443947414040e-01	-8.243940041282034337e-02	1.816676812952838782e-01	-1.573462507322495874e-01	1.495202847838225380e-01	-1.303583283352785782e-01	1.175735525516823921e-01	-2.287506241516785443e-01	2.508057006829188529e-01	-2.360512475239489316e-01	1.567192248279933309e-01	-1.901436060465963862e-01	1.000000000000002442e+00	-6.537915687348744287e-01	2.487889531662993425e-01	-1.647958227757976568e-01	1.126294875084264541e-01	-4.347338493003964910e-01	3.022460302032988211e-01	-2.694409201862533187e-01	1.454913879933381060e-01	-1.228509027323889391e-01	1.901240992396175666e-01	-1.540377523499679990e-01	1.454995184335597658e-01	-1.072245316324841186e-01	8.908107414547113134e-02	-5.231806970452045069e-02	1.463280987197314587e-01	-1.241726545693637718e-01	9.382657905572050483e-02	-9.071557740419589067e-02	5.254404374007314721e-02	-8.639743088434725937e-02	9.622516972348915676e-02	-6.231517913488329730e-02	6.391359669547436173e-02
-6.111171923664446975e-02	2.951204802419047160e-02	-2.834278751601280316e-02	7.012385372582143062e-02	-6.553351073214910838e-02	5.570684347387400842e-02	-1.128064816294418599e-01	1.097424970615051565e-01	-9.208119033997885783e-02	7.381385242086088705e-02	-1.538646074936785013e-01	1.579274503743720304e-01	-1.521098056619461514e-01	1.189070563193098395e-01	-1.081038000155172263e-01	1.518995356951199360e-01	-3.572523172267104696e-01	2.347466952065404011e-01	-1.506816239181220374e-01	1.661443884183433084e-01	-6.537915687348744287e-01	9.999999999999991118e-01	-3.759078514810311189e-01	1.490885683385705096e-01	-1.025555436300372991e-01	2.754888597483212687e-01	-4.253221648015453882e-01	2.518264217448881181e-01	-1.382627499634903057e-01	1.083049484741357843e-01	-1.608352034676972242e-01	1.252868426132184021e-01	-1.291520570432803938e-01	8.998034942784569057e-02	-7.588756637392517213e-02	4.293859717776443014e-02	-1.251239047585312181e-01	1.046317839134939254e-01	-7.925943467161133960e-02	7.541798724563683609e-02	-4.367420717199450853e-02	7.028826750708144777e-02	-7.998618844326998989e-02	5.052992804980600827e-02	-5.236669061777023820e-02
5.845136538795224490e-02	-3.302443150330901939e-02	3.173737183084274910e-02	-8.499940396351757244e-02	7.989240693254198722e-02	-5.294462867883606427e-02	1.162256417283914073e-01	-1.185714668317058296e-01	1.133729335243608832e-01	-9.095113024576274852e-02	1.176351141034318870e-01	-1.558014269995000312e-01	1.705307811478851410e-01	-1.502389752291986569e-01	1.351978746858257530e-01	-1.134760386613056504e-01	2.590677382757484160e-01	-4.932659967981995464e-01	2.228222191008351893e-01	-2.305859718494759347e-01	2.487889531662993425e-01	-3.759078514810311189e-01	1.000000000000001554e+00	-2.605574473934729185e-01	1.514419649902147280e-01	-1.970595061340597032e-01	2.274733153741946012e-01	-5.983704173654783576e-01	2.224839433070319727e-01	-1.628691097845003655e-01	1.465589684191109243e-01	-1.208539597565435469e-01	1.673307355801682828e-01	-1.153237415097161656e-01	9.427970728683809920e-02	-4.467367312333467289e-02	1.330090225411578453e-01	-1.305900553235791461e-01	9.580863600004610459e-02	-9.296075508650013253e-02	4.565565821640055200e-02	-7.534849436459153948e-02	8.655366113434426190e-02	-5.823150626261732604e-02	6.029186565269828435e-02
-4.853290243246784208e-02	2.912887202364693867e-02	-2.824437611477124271e-02	8.419254417588910300e-02	-8.254993770440692546e-02	4.301652366352484019e-02	-9.606629088202893463e-02	9.469868666408753910e-02	-1.201030940774532735e-01	9.311367424070020327e-02	-9.185684963894753807e-02	1.174081090457664567e-01	-1.432044637525845543e-01	1.524604317908236084e-01	-1.479556752975659251e-01	8.189181005181074557e-02	-1.927634718613534526e-01	2.153930334133549451e-01	-3.539645388366143286e-01	2.574460749014900185e-01	-1.647958227757976568e-01	1.490885683385705096e-01	-2.605574473934729185e-01	1.000000000000003775e+00	-4.063037414901202182e-01	1.222082755371405594e-01	-1.483677461254890029e-01	2.514385149626778282e-01	-6.828552375584260314e-01	2.884615850180203278e-01	-1.140386847238391427e-01	8.908322518750444452e-02	-1.277673218133325295e-01	9.630368930873142719e-02	-8.822474945816680125e-02	3.515805243699588606e-02	-1.072425776443459433e-01	9.625537677623234589e-02	-7.946439904847561742e-02	7.684921976140209054e-02	-3.659659059339148007e-02	5.922947346830265830e-02	-7.101293917692942659e-02	4.697479883563281111e-02	-4.986337407887359019e-02
3.553235193868330838e-02	-2.263791677022704632e-02	2.186321160006017908e-02	-6.768896952444264370e-02	6.565900466783657075e-02	-3.159133684823639543e-02	7.051635881291554164e-02	-7.087566209964268893e-02	9.277726930090335333e-02	-7.607060929836502450e-02	6.548195528122495446e-02	-8.635144011547382648e-02	1.042320933247094239e-01	-1.184032097396408023e-01	1.202962632058831860e-01	-5.871361077954717622e-02	1.356766122818952869e-01	-1.548927253476271026e-01	2.033670022497885421e-01	-3.195771737166376858e-01	1.126294875084264541e-01	-1.025555436300372991e-01	1.514419649902147280e-01	-4.063037414901202182e-01	1.000000000000001998e+00	-8.740057482997805327e-02	1.012460266808713205e-01	-1.743156235610076044e-01	2.861250191044826252e-01	-7.831401044179950865e-01	8.391032924928147618e-02	-6.677762590342238569e-02	9.599286411424237664e-02	-8.800377374334653058e-02	8.666181328914170090e-02	-2.673464701210193778e-02	8.108825414287441913e-02	-7.643518480808086935e-02	6.643419208352922822e-02	-7.104069543790532404e-02	2.775277413872317619e-02	-4.551753517398847426e-02	5.425886699411605618e-02	-3.849621897101781348e-02	4.048339166245630560e-02
-4.901725376432347625e-02	2.405743159700416897e-02	-2.313514422124873793e-02	5.845116206950584647e-02	-5.507174649268083838e-02	4.413606496643658617e-02	-8.350089507725155791e-02	8.223174589853077254e-02	-7.568544877537763949e-02	6.116683892243384574e-02	-1.209893063826461279e-01	1.075724420755557881e-01	-1.128111114329542752e-01	9.476189782337737788e-02	-8.951766375339613446e-02	1.141132010068515584e-01	-1.863575245183096973e-01	1.608327323851132529e-01	-1.166083985895962905e-01	1.341685592711176211e-01	-4.347338493003964910e-01	2.754888597483212687e-01	-1.970595061340597032e-01	1.222082755371405594e-01	-8.740057482997805327e-02	1.000000000000003109e+00	-7.002292603307105345e-01	2.160205002260134344e-01	-1.192002774288299372e-01	9.313641837517541711e-02	-3.714744197201557685e-01	2.044481055161701810e-01	-1.484924031410956580e-01	9.964079281016165190e-02	-8.398182959070575604e-02	6.086660232920689667e-02	-1.741461345024592766e-01	1.250013293689236638e-01	-9.138142226167725313e-02	8.491525841752713133e-02	-6.110648683416008975e-02	9.137752572562120312e-02	-1.001915914184423051e-01	5.786691149891158570e-02	-5.942670201568155119e-02
4.968068004081851313e-02	-2.648365416851250140e-02	2.536765345327856788e-02	-6.526831662865911765e-02	6.084383302069566041e-02	-4.516857169911918379e-02	8.989923630238223773e-02	-9.089898487161182650e-02	8.368185498429828173e-02	-6.829631851155870681e-02	1.112134391591012711e-01	-1.202968438485376157e-01	1.224199740887917248e-01	-1.068539457948962657e-01	9.905030198021379240e-02	-1.096958415384286928e-01	1.991642350440770148e-01	-1.911445890796211466e-01	1.333891521793619250e-01	-1.568440523506026418e-01	3.022460302032988211e-01	-4.253221648015453882e-01	2.274733153741946012e-01	-1.483677461254890029e-01	1.012460266808713205e-01	-7.002292603307105345e-01	1.000000000000001998e+00	-3.254542110918593467e-01	1.414097775581008853e-01	-1.110300592420793292e-01	2.306198803692746102e-01	-2.042219168500792603e-01	1.530685621146694320e-01	-1.074240149772540814e-01	8.817716230476826955e-02	-5.648529968115586358e-02	1.594433150052901316e-01	-1.309197368314125864e-01	9.446296940508491780e-02	-9.041200802271349979e-02	5.585005674957013028e-02	-9.048084076957943478e-02	9.710144214740937252e-02	-6.076998231040152409e-02	6.187319363074390843e-02
-6.198676051946526433e-02	3.298031374930730092e-02	-3.195992210028111846e-02	8.488139311360268224e-02	-8.225493745608780660e-02	5.502596373326412715e-02	-1.179368014971488299e-01	1.136775175648887526e-01	-1.155621080930227113e-01	9.095654201441003006e-02	-1.274701796240125806e-01	1.459797385798951297e-01	-1.698242066658098293e-01	1.429829641137082552e-01	-1.389391952689370546e-01	1.147336704543436697e-01	-2.572642957927105400e-01	2.650826943360892751e-01	-2.078527817118617227e-01	2.064397154317337280e-01	-2.694409201862533187e-01	2.518264217448881181e-01	-5.983704173654783576e-01	2.514385149626778282e-01	-1.743156235610076044e-01	2.160205002260134344e-01	-3.254542110918593467e-01	1.000000000000004441e+00	-3.827298040824123060e-01	1.825497701169045972e-01	-1.847811167417915401e-01	1.490396160103124590e-01	-2.823057312166756261e-01	1.450723543593087084e-01	-1.211663543079624372e-01	5.447797773479762240e-02	-1.712036011179812189e-01	1.683213394079586256e-01	-1.230536461820926214e-01	1.142036707398824680e-01	-5.617774133590072022e-02	9.078762525834885300e-02	-1.057466361955736733e-01	6.929242194281277911e-02	-7.258823264381353280e-02
4.160880378297352605e-02	-2.541623581723950059e-02	2.450741302476686784e-02	-7.255595025431216261e-02	6.927945327332886427e-02	-3.712682742733108832e-02	8.180060105329965692e-02	-8.229493494078173044e-02	9.839266232330418083e-02	-7.951870906323377231e-02	7.913482488299448947e-02	-1.018623000191258982e-01	1.200045370224195607e-01	-1.291171272119311930e-01	1.214380769278142758e-01	-7.182577785327054487e-02	1.622046731955092136e-01	-1.945649501051843755e-01	2.173398318022942421e-01	-2.390219298418232996e-01	1.454913879933381060e-01	-1.382627499634903057e-01	2.224839433070319727e-01	-6.828552375584260314e-01	2.861250191044826252e-01	-1.192002774288299372e-01	1.414097775581008853e-01	-3.827298040824123060e-01	1.000000000000004885e+00	-4.479928680790377094e-01	1.062117172596886011e-01	-8.622350011769662481e-02	1.300662003606030681e-01	-1.051638921223411460e-01	9.163165124262231953e-02	-3.328048123917283496e-02	1.012276993023163013e-01	-9.917921125674301897e-02	7.975683842358533004e-02	-7.978338900099250786e-02	3.435109950979341187e-02	-5.640239668869213158e-02	6.622449050623128997e-02	-4.602191765176102956e-02	4.821030545638516074e-02
-3.763176385074064323e-02	2.274110911453847139e-02	-2.206961883075564748e-02	6.600039498321118303e-02	-6.561786549122673728e-02	3.324963575047329423e-02	-7.346427480292877510e-02	7.203015757137752606e-02	-9.235824467697588414e-02	7.332781875128312199e-02	-7.049685759205179258e-02	8.839478525489778693e-02	-1.076421104045943850e-01	1.120335017317868886e-01	-1.185329861153240349e-01	6.236370460086814588e-02	-1.438669141358259740e-01	1.482683390415548974e-01	-1.882880740686851961e-01	2.164964717946361306e-01	-1.228509027323889391e-01	1.083049484741357843e-01	-1.628691097845003655e-01	2.884615850180203278e-01	-7.831401044179950865e-01	9.313641837517541711e-02	-1.110300592420793292e-01	1.825497701169045972e-01	-4.479928680790377094e-01	1.000000000000002442e+00	-9.181828387881812992e-02	7.231573265471011314e-02	-1.066862473588073151e-01	9.688693681794786905e-02	-1.068471249222746750e-01	2.897142032964373712e-02	-8.889809191037112424e-02	8.263339577730523244e-02	-7.377652865424542961e-02	7.805313766664610797e-02	-3.017547357094261737e-02	4.912908917320940594e-02	-5.896713154369127852e-02	4.151179631321974539e-02	-4.404076929188788236e-02
4.106427446382373420e-02	-2.333080606418644690e-02	2.234948358254061629e-02	-5.842005457094615051e-02	5.467378817518959294e-02	-3.690429871055257716e-02	7.212312002195919725e-02	-7.266779682600391088e-02	7.293723119827552615e-02	-6.023421868839758109e-02	8.534076445500908548e-02	-8.957683465886602525e-02	9.806363335972645423e-02	-8.980693170887601995e-02	8.650998171153712057e-02	-8.014760914981072792e-02	1.415835577761413722e-01	-1.378542788022524557e-01	1.060146140038731449e-01	-1.310349155445772740e-01	1.901240992396175666e-01	-1.608352034676972242e-01	1.465589684191109243e-01	-1.140386847238391427e-01	8.391032924928147618e-02	-3.714744197201557685e-01	2.306198803692746102e-01	-1.847811167417915401e-01	1.062117172596886011e-01	-9.181828387881812992e-02	1.000000000000001998e+00	-6.889381239159028114e-01	2.064545063286435389e-01	-1.482477248817712645e-01	1.177499027148916910e-01	-1.244490726982758894e-01	2.853643150596104072e-01	-2.069337449241827886e-01	1.350643993588686309e-01	-1.289187486210055245e-01	1.101805133073614912e-01	-1.664644239827911265e-01	1.543830466789969658e-01	-9.022899284216831517e-02	8.867491978182429069e-02
-3.208825785457260216e-02	1.769526999274450424e-02	-1.700227726779967100e-02	4.429430277713303221e-02	-4.181920918754476052e-02	2.869643001905923183e-02	-5.639228626400163286e-02	5.604349705900429912e-02	-5.616337143565250378e-02	4.594032302594179551e-02	-6.780633119712357881e-02	6.963453604139274722e-02	-7.695576967054416906e-02	6.881022900602871972e-02	-6.674243266167696753e-02	6.229396710170928553e-02	-1.131812577715615997e-01	1.066552055671407678e-01	-8.269742243039626683e-02	9.926872135362296845e-02	-1.540377523499679990e-01	1.252868426132184021e-01	-1.208539597565435469e-01	8.908322518750444452e-02	-6.677762590342238569e-02	2.044481055161701810e-01	-2.042219168500792603e-01	1.490396160103124590e-01	-8.622350011769662481e-02	7.231573265471011314e-02	-6.889381239159028114e-01	1.000000000000003331e+00	-2.631771671792768053e-01	1.397105459761972812e-01	-1.141590702622277548e-01	1.075032051167417735e-01	-5.275312550140224266e-01	2.177100501144671740e-01	-1.372847099333107113e-01	1.196614125484990604e-01	-1.056957902416792994e-01	1.604823085732603183e-01	-1.608735910529608959e-01	7.788920224671380677e-02	-7.818581656119655277e-02
3.772379665230458229e-02	-2.163640421478333492e-02	2.080701901568877618e-02	-5.541270559748434632e-02	5.254498571441898469e-02	-3.365276020979436622e-02	6.853772685956646682e-02	-6.820534049623741546e-02	7.090960234670325157e-02	-5.787775580139108839e-02	7.477957571116769508e-02	-8.391400528773450274e-02	9.518691348619259807e-02	-8.711604353991726779e-02	8.480882038563204717e-02	-6.805927933953515030e-02	1.347903277844026138e-01	-1.388042755800952266e-01	1.093385729206213242e-01	-1.295686217595068135e-01	1.454995184335597658e-01	-1.291520570432803938e-01	1.673307355801682828e-01	-1.277673218133325295e-01	9.599286411424237664e-02	-1.484924031410956580e-01	1.530685621146694320e-01	-2.823057312166756261e-01	1.300662003606030681e-01	-1.066862473588073151e-01	2.064545063286435389e-01	-2.631771671792768053e-01	1.000000000000002220e+00	-4.406318430934463293e-01	2.412743115669703786e-01	-7.737913171860318073e-02	2.645716797104413209e-01	-6.174761430310277133e-01	2.658757192263258018e-01	-2.610771832774422818e-01	7.586774195229746554e-02	-1.365821901302229913e-01	1.389517429128512838e-01	-1.204919468038040675e-01	1.180191501397672843e-01
-2.831101224081040979e-02	1.593881487035138725e-02	-1.538579679223901243e-02	4.112374993263697570e-02	-3.956446063736785562e-02	2.508623862432551171e-02	-5.118961482706422400e-02	5.018226163774620191e-02	-5.346614377247319028e-02	4.322611088298073528e-02	-5.609948725897850874e-02	6.163385525681061572e-02	-7.115069485885906764e-02	6.455080388686899873e-02	-6.442159269503412722e-02	5.003347428418979809e-02	-1.004535870519879803e-01	9.654728865825056017e-02	-8.203583554757347407e-02	9.557258056086269382e-02	-1.072245316324841186e-01	8.998034942784569057e-02	-1.153237415097161656e-01	9.630368930873142719e-02	-8.800377374334653058e-02	9.964079281016165190e-02	-1.074240149772540814e-01	1.450723543593087084e-01	-1.051638921223411460e-01	9.688693681794786905e-02	-1.482477248817712645e-01	1.397105459761972812e-01	-4.406318430934463293e-01	1.000000000000003109e+00	-6.956113719365127901e-01	5.406085089819978595e-02	-1.853746349377796143e-01	2.527690863082331374e-01	-3.758256429179411828e-01	2.986243796225512837e-01	-5.529645282115767946e-02	9.516429971206646909e-02	-1.078323091372058451e-01	1.238559194689363707e-01	-1.357440473683974858e-01
