1.000000000000000000e+00	-3.901715017028194454e-01	2.379626659867803418e-01	-2.132859323827444864e-01	1.625609176932657218e-01	-7.094386157911197754e-01	3.099989313502624078e-01	-2.500782112679598157e-01	1.812787222353516026e-01	-1.958409513994638085e-01	1.626606744920699454e-01	-1.722910355004504401e-01	1.938310012950862360e-01	-1.990179999880892225e-01	1.682014491181294813e-01	-1.113728179742835417e-01	1.235826384979087228e-01	-1.705940186856250151e-01	1.379098216257384490e-01	-2.005298332788162663e-01	1.013431624528538660e-01	-1.017829058942669590e-01	9.844268641780239137e-02	-6.960631230189066876e-02	5.543437903865054694e-02	-7.841490071683503149e-02	1.053002859426374477e-01	-8.038961934451271940e-02	4.566641252089513603e-02	-5.362281984396045226e-02	8.418696306770658000e-02	-6.757879361349429514e-02	7.500457491057245518e-02	-4.457925928614801803e-02	6.372721577208463606e-02	-7.761305313978449083e-02	9.328339407446936682e-02	-6.618840720969512703e-02	8.299137487430641169e-02	-9.952593423263321470e-02	5.349045725939026441e-02	-6.041276668293016350e-02	8.582562071246808977e-02	-4.480543624007292391e-02	5.204814751605235656e-02
-3.901715017028194454e-01	9.999999999999996669e-01	-5.683344273121533341e-01	2.043846890985228648e-01	-1.722780019836315790e-01	2.777480462478231216e-01	-5.877163858640938043e-01	2.783687579515635724e-01	-1.884616134584055636e-01	1.681888047641583728e-01	-1.599985533456558529e-01	1.634214151434703610e-01	-2.079808359223941083e-01	1.719727509360512163e-01	-1.482723928684696879e-01	9.473553194906356167e-02	-1.084810333341970079e-01	1.286508131271971445e-01	-1.114424168881064381e-01	1.459651557957672430e-01	-8.132527294143469809e-02	7.989563696579282670e-02	-7.546787153154647931e-02	5.147491134140357028e-02	-4.159406716010222160e-02	5.983751161856514650e-02	-8.052983453764567257e-02	6.053853390077127555e-02	-3.341729396302994121e-02	3.901843067825662426e-02	-6.377960269873923782e-02	4.998805384944800950e-02	-5.531725586392412936e-02	3.245575742312089423e-02	-4.712275571418717002e-02	5.650775113246734455e-02	-6.755599137153400768e-02	4.781951529757966224e-02	-5.928437680909838525e-02	6.916850467596256935e-02	-3.893916791335852445e-02	4.358035296138966508e-02	-6.184216823291377452e-02	3.190553897255314630e-02	-3.699150874219471474e-02
2.379626659867803418e-01	-5.683344273121533341e-01	9.999999999999995559e-01	-3.741276795105096253e-01	2.198430332412042720e-01	-2.216785254714393472e-01	2.787025554185707521e-01	-5.334778537043006752e-01	2.486176636038718857e-01	-2.366128747513710773e-01	1.632302910225867931e-01	-1.857318200474600833e-01	2.391431670286003897e-01	-2.280606648591916863e-01	1.775174388916467560e-01	-1.045479326207851695e-01	1.166625858478437250e-01	-1.569213384176625370e-01	1.325348667413381032e-01	-1.824148067624588032e-01	8.776110226256185476e-02	-8.832493727045348519e-02	8.370171249964933335e-02	-5.968661773716351510e-02	4.800637956310564031e-02	-6.550546619505631663e-02	8.747542657233814412e-02	-6.779819769785319639e-02	3.715117180294937038e-02	-4.443274365260454356e-02	6.887106945982525430e-02	-5.446453327216345397e-02	5.990527323558140355e-02	-3.616265520504865355e-02	5.311883058674263941e-02	-6.199996751184529142e-02	7.296100032063586316e-02	-5.194493043916566244e-02	6.455502358573424193e-02	-7.664473290330706123e-02	4.231273555821984250e-02	-4.763987557625175978e-02	6.681654111792349748e-02	-3.473373132770846833e-02	4.016398577114272533e-02
-2.132859323827444864e-01	2.043846890985228648e-01	-3.741276795105096253e-01	9.999999999999996669e-01	-6.785478478814390702e-01	1.513917254432255444e-01	-1.853644134620567041e-01	2.488547951617179899e-01	-4.162500431868691453e-01	3.121529582912909162e-01	-1.640475786003530168e-01	1.526266593997583909e-01	-2.174071987443876863e-01	2.338521183081246624e-01	-2.235499273475196058e-01	9.997068249944221496e-02	-1.169067167108766570e-01	1.471689016959082108e-01	-1.399991513441183055e-01	1.814266220239850458e-01	-8.863165389996691124e-02	8.694039441819555181e-02	-8.489097959055798281e-02	6.034732946675913645e-02	-4.934973297782983825e-02	6.539621440112525219e-02	-8.924181479062938405e-02	6.743652063912056183e-02	-3.762883645563212809e-02	4.492168189673357431e-02	-6.999073462278816715e-02	5.505299730069800057e-02	-6.102526282818173525e-02	3.643068534391976504e-02	-5.461282703819055756e-02	6.166288746342337562e-02	-7.418131844446497480e-02	5.252830942659476865e-02	-6.525357295729182494e-02	7.556406017252621787e-02	-4.259926722150490092e-02	4.760592752727070553e-02	-6.778090709125875191e-02	3.497896473632165770e-02	-4.056103351388496564e-02
1.625609176932657218e-01	-1.722780019836315790e-01	2.198430332412042720e-01	-6.785478478814390702e-01	9.999999999999997780e-01	-1.290130646063609998e-01	1.441449702673558986e-01	-2.135502150816508404e-01	2.873951052304150044e-01	-5.724328231089279573e-01	1.365408728483879230e-01	-1.351255615294189860e-01	1.787078020122247757e-01	-2.304949626591214218e-01	2.143485528362664705e-01	-8.950252877936820672e-02	1.024763813518809186e-01	-1.462998440082220186e-01	1.324314118815415886e-01	-1.975001540318686299e-01	7.927926344739485987e-02	-7.938311258111176161e-02	7.817785349166610220e-02	-5.848992396721704873e-02	4.739536530415090765e-02	-5.967991180327808509e-02	8.095226057176686807e-02	-6.290923452489366463e-02	3.519197182912825461e-02	-4.301885957050682191e-02	6.339930606350840936e-02	-5.045316857822455120e-02	5.571538390910783789e-02	-3.418847331265388589e-02	5.146814572980753372e-02	-5.698989424256009628e-02	6.788852512545112683e-02	-4.831002347336088576e-02	6.029911985956065007e-02	-7.124745251692943260e-02	3.910702379568357923e-02	-4.398470298062991113e-02	6.212466994494579564e-02	-3.233578421742953901e-02	3.743945945117364837e-02
-7.094386157911197754e-01	2.777480462478231216e-01	-2.216785254714393472e-01	1.513917254432255444e-01	-1.290130646063609998e-01	9.999999999999992228e-01	-5.643495921816623628e-01	2.062383956442073174e-01	-1.480087031179791734e-01	1.387796471868011638e-01	-1.456482183784969797e-01	1.445286975280042907e-01	-1.725127733744452885e-01	1.462186623338437574e-01	-1.279464206749203747e-01	8.710994843306628377e-02	-9.959997843521348204e-02	1.176554502598896740e-01	-1.000157138368700793e-01	1.332660587667455210e-01	-7.672502945723885803e-02	7.512678490295689182e-02	-7.136390786986404611e-02	4.820456623194651485e-02	-3.881805348166097319e-02	5.699170878909901039e-02	-7.688337864313914138e-02	5.735690145258612316e-02	-3.200514682470691902e-02	3.700996059019273643e-02	-6.125501173222876183e-02	4.816496987045594536e-02	-5.349161217514768196e-02	3.110636355140107556e-02	-4.464281798022754627e-02	5.454297447857565234e-02	-6.577868303863046440e-02	4.646962932275369718e-02	-5.773214785759423623e-02	6.736907712423002847e-02	-3.775341756824154849e-02	4.225433699539710153e-02	-6.030174746814029318e-02	3.110738081502735161e-02	-3.613087271438440717e-02
3.099989313502624078e-01	-5.877163858640938043e-01	2.787025554185707521e-01	-1.853644134620567041e-01	1.441449702673558986e-01	-5.643495921816623628e-01	1.000000000000000222e+00	-3.566365141420579921e-01	1.773373782602647164e-01	-1.656556906484390190e-01	1.568104271855032539e-01	-1.983813306359119288e-01	2.020608251805177114e-01	-1.738288382416355859e-01	1.390350855416416231e-01	-9.486923452079878971e-02	1.058148324373887478e-01	-1.294064301959336194e-01	1.082200279907893498e-01	-1.459958376484762899e-01	7.789837087071475874e-02	-7.780423533013830495e-02	7.220817340969212794e-02	-5.000918466582192357e-02	4.017896136790698181e-02	-5.754328258105993049e-02	7.650863738528958236e-02	-5.846527105744871861e-02	3.198424301503503125e-02	-3.767016595681926122e-02	6.054255803366486582e-02	-4.760662433917669384e-02	5.240316286885854380e-02	-3.113758398687938717e-02	4.512994593048494374e-02	-5.424136193394156480e-02	6.392771759244476881e-02	-4.542902603287950203e-02	5.634945608738060191e-02	-6.667977424906681994e-02	3.707621938665243283e-02	-4.167756381247574027e-02	5.856363715220863631e-02	-3.036129482141360428e-02	3.512961991411375773e-02
-2.500782112679598157e-01	2.783687579515635724e-01	-5.334778537043006752e-01	2.488547951617179899e-01	-2.135502150816508404e-01	2.062383956442073174e-01	-3.566365141420579921e-01	1.000000000000000000e+00	-4.188179328157516368e-01	2.351700129814408569e-01	-2.028705901496043185e-01	2.192117365744428448e-01	-4.631510431152359719e-01	2.613459264858817854e-01	-2.003239332162526642e-01	1.163746117229842725e-01	-1.334119011989389758e-01	1.631952735938156374e-01	-1.450590930416194857e-01	1.812883501131065389e-01	-9.497892624264681061e-02	9.405089691513958405e-02	-8.819605612885390855e-02	6.134089119233854248e-02	-4.973621251511868568e-02	6.888477345174065514e-02	-9.214222232535772272e-02	7.056944313675127256e-02	-3.823244348120914682e-02	4.539538675919206623e-02	-7.230251632401367423e-02	5.648003556316753826e-02	-6.208467781945498087e-02	3.710931342210499473e-02	-5.477483562701065956e-02	6.380676172844343408e-02	-7.505998969181752745e-02	5.335358991415357910e-02	-6.598578360365839335e-02	7.738199724984558270e-02	-4.359435099239417077e-02	4.885875532901148843e-02	-6.858996791819724215e-02	3.546128765300039787e-02	-4.098578645407484344e-02
1.812787222353516026e-01	-1.884616134584055636e-01	2.486176636038718857e-01	-4.162500431868691453e-01	2.873951052304150044e-01	-1.480087031179791734e-01	1.773373782602647164e-01	-4.188179328157516368e-01	1.000000000000000000e+00	-5.408974261338952427e-01	1.642219774548713818e-01	-1.713281122663089517e-01	2.534457812434808832e-01	-4.758615278950903971e-01	2.578170990573854238e-01	-1.032449465037220820e-01	1.187718121157122636e-01	-1.681117360027851171e-01	1.607715959199230438e-01	-2.119554607922800038e-01	8.797831505708748889e-02	-8.799218495636465520e-02	8.597965078430497288e-02	-6.428682025808153677e-02	5.221694471455138459e-02	-6.509673889934719515e-02	8.814253120196570424e-02	-6.876318447127496847e-02	3.790718543747575997e-02	-4.641635083732744554e-02	6.863192345115161352e-02	-5.426614378193821142e-02	5.975383366161681614e-02	-3.675167947187003847e-02	5.581155146303875408e-02	-6.102402286577996576e-02	7.227094011566052856e-02	-5.145903167497845737e-02	6.400451402727284911e-02	-7.519754763263684916e-02	4.176786191540298593e-02	-4.689105875765510467e-02	6.601983147826631648e-02	-3.428330852780507587e-02	3.964368889006746055e-02
-1.958409513994638085e-01	1.681888047641583728e-01	-2.366128747513710773e-01	3.121529582912909162e-01	-5.724328231089279573e-01	1.387796471868011638e-01	-1.656556906484390190e-01	2.351700129814408569e-01	-5.408974261338952427e-01	1.000000000000001332e+00	-1.678495615968937094e-01	1.547510168419445609e-01	-2.246604604729753041e-01	2.766454962127859463e-01	-3.777150299061065031e-01	1.037312155243588913e-01	-1.221214737808703765e-01	1.609371694668823016e-01	-1.618726427589410877e-01	2.215803682888322912e-01	-9.242924219415740716e-02	9.091414600164694770e-02	-9.034413502607201163e-02	6.656411867286210482e-02	-5.491270690164928164e-02	6.829599616505467596e-02	-9.373187179927927604e-02	7.143816878694578265e-02	-4.010385557651608562e-02	4.876114410853705367e-02	-7.303912196764909825e-02	5.762796258361405077e-02	-6.387054094582293728e-02	3.876418485620406612e-02	-5.931364133877289196e-02	6.428734014502247851e-02	-7.740881959494244624e-02	5.488301270963794054e-02	-6.830139847074162551e-02	7.904279240030745446e-02	-4.440120798450707118e-02	4.963009186252130556e-02	-7.066622945187377158e-02	3.652787588775748689e-02	-4.234396949154804746e-02
1.626606744920699454e-01	-1.599985533456558529e-01	1.632302910225867931e-01	-1.640475786003530168e-01	1.365408728483879230e-01	-1.456482183784969797e-01	1.568104271855032539e-01	-2.028705901496043185e-01	1.642219774548713818e-01	-1.678495615968937094e-01	1.000000000000000222e+00	-6.567649532665902345e-01	2.713761148766745124e-01	-2.354353140337408223e-01	1.772334236836093646e-01	-4.443062695441210574e-01	2.775349442154383950e-01	-2.319280388087151812e-01	1.700569144309992398e-01	-2.189804444095685421e-01	1.797662169062336501e-01	-1.827097438217496761e-01	1.299826004065389173e-01	-8.082667262425373422e-02	6.406874175509355562e-02	-1.213257580225479554e-01	1.424146172577813452e-01	-1.089821182458265564e-01	5.362766643639684666e-02	-6.099057315237986499e-02	1.143040510348559136e-01	-8.558469052541262112e-02	9.065569007506672772e-02	-5.261070012487265718e-02	7.223178550464827430e-02	-1.011414451968080525e-01	1.074256739003047467e-01	-7.733055034549884965e-02	9.325053212444715800e-02	-1.132134899335124484e-01	6.580817407316097434e-02	-7.442597164949936450e-02	9.823658483342868897e-02	-5.076176262769576536e-02	5.788617950487827402e-02
-1.722910355004504401e-01	1.634214151434703610e-01	-1.857318200474600833e-01	1.526266593997583909e-01	-1.351255615294189860e-01	1.445286975280042907e-01	-1.983813306359119288e-01	2.192117365744428448e-01	-1.713281122663089517e-01	1.547510168419445609e-01	-6.567649532665902345e-01	9.999999999999991118e-01	-5.243228655027690754e-01	2.209205839729723453e-01	-1.749292091160851437e-01	2.336901870980939155e-01	-2.824379445593430127e-01	1.885644317511422363e-01	-1.547112160667216130e-01	1.782494740310635872e-01	-1.470205925143187597e-01	1.424491052574576866e-01	-1.098733940688617905e-01	6.728693520402294348e-02	-5.421402543059133244e-02	9.492930930756959818e-02	-1.195466984176175446e-01	8.869661316242948013e-02	-4.425916205949419202e-02	5.030881617557934893e-02	-9.438715441249471982e-02	6.998211864765944978e-02	-7.516884063566894869e-02	4.310263514818202246e-02	-6.058496614122081680e-02	7.997876013018186125e-02	-8.851258413248019874e-02	6.322823579046597808e-02	-7.632671301222246352e-02	9.008717782988177880e-02	-5.324627975125750812e-02	5.946909995297303131e-02	-8.058284872425633405e-02	4.128717563913466421e-02	-4.726896061960847439e-02
1.938310012950862360e-01	-2.079808359223941083e-01	2.391431670286003897e-01	-2.174071987443876863e-01	1.787078020122247757e-01	-1.725127733744452885e-01	2.020608251805177114e-01	-4.631510431152359719e-01	2.534457812434808832e-01	-2.246604604729753041e-01	2.713761148766745124e-01	-5.243228655027690754e-01	9.999999999999978906e-01	-4.443913470487918516e-01	2.313600250614676612e-01	-1.677044913767818668e-01	1.802282751568621000e-01	-2.543600885346429252e-01	1.942844218363767583e-01	-2.415439590051944585e-01	1.219872408857100854e-01	-1.253006700084520475e-01	1.134334554688610636e-01	-7.921208091078907332e-02	6.351694701470110560e-02	-8.845489794038326192e-02	1.155056909228956985e-01	-9.202313593785947654e-02	4.790072287073413038e-02	-5.741858694957369114e-02	9.000642181413770482e-02	-7.045319374180120109e-02	7.647024260565708775e-02	-4.665202319211408932e-02	6.847685609343909241e-02	-8.044620852450197479e-02	9.166621363857427318e-02	-6.564062349806304431e-02	8.088392871618126090e-02	-9.668246588506995698e-02	5.402491036270238439e-02	-6.094072322656413077e-02	8.375214333105121534e-02	-4.354691922373399304e-02	5.008064440948228196e-02
-1.990179999880892225e-01	1.719727509360512163e-01	-2.280606648591916863e-01	2.338521183081246624e-01	-2.304949626591214218e-01	1.462186623338437574e-01	-1.738288382416355859e-01	2.613459264858817854e-01	-4.758615278950903971e-01	2.766454962127859463e-01	-2.354353140337408223e-01	2.209205839729723453e-01	-4.443913470487918516e-01	9.999999999999976685e-01	-5.069064479429212788e-01	1.388543803431169232e-01	-1.661058212973536008e-01	2.294957003837210241e-01	-2.889269125751242617e-01	2.823431933602917887e-01	-1.176989735179105739e-01	1.164490554461686533e-01	-1.160618795605494469e-01	8.873433832847117675e-02	-7.331142631890701089e-02	8.538239113236539835e-02	-1.168627914513355320e-01	9.101241708182701562e-02	-5.017134119276366738e-02	6.207328940538847650e-02	-8.993686655142783815e-02	7.072718099798068481e-02	-7.788144391214640860e-02	4.836097371408394630e-02	-7.571466624963905934e-02	7.862472077315624253e-02	-9.331608899414525760e-02	6.644428126269170953e-02	-8.253116497707117805e-02	9.587521854080936767e-02	-5.387898477329846475e-02	6.027480594538238423e-02	-8.499802839477565986e-02	4.403503081866763647e-02	-5.089321550087564511e-02
1.682014491181294813e-01	-1.482723928684696879e-01	1.775174388916467560e-01	-2.235499273475196058e-01	2.143485528362664705e-01	-1.279464206749203747e-01	1.390350855416416231e-01	-2.003239332162526642e-01	2.578170990573854238e-01	-3.777150299061065031e-01	1.772334236836093646e-01	-1.749292091160851437e-01	2.313600250614676612e-01	-5.069064479429212788e-01	9.999999999999993339e-01	-1.236656306067519806e-01	1.433766051241452399e-01	-2.507904271193354129e-01	2.513183909245956804e-01	-6.141496921278915000e-01	1.091105186564454710e-01	-1.111782571945823528e-01	1.149355891120333456e-01	-1.005226970543074971e-01	8.332547972810039338e-02	-8.252077350968617386e-02	1.131394727206483930e-01	-9.209008419830197467e-02	5.223881422370042771e-02	-6.909669282685566849e-02	8.680931601950217513e-02	-6.986416612840708196e-02	7.681950432553030783e-02	-5.063493218327367457e-02	8.088704917686924400e-02	-7.808429535208552541e-02	9.259766254955673070e-02	-6.634027431847228096e-02	8.333274647932471801e-02	-9.901150895632783444e-02	5.332375109085609605e-02	-6.012486989958112926e-02	8.451093775225804183e-02	-4.435390659741839797e-02	5.123414206385673575e-02
-1.113728179742835417e-01	9.473553194906356167e-02	-1.045479326207851695e-01	9.997068249944221496e-02	-8.950252877936820672e-02	8.710994843306628377e-02	-9.486923452079878971e-02	1.163746117229842725e-01	-1.032449465037220820e-01	1.037312155243588913e-01	-4.443062695441210574e-01	2.336901870980939155e-01	-1.677044913767818668e-01	1.388543803431169232e-01	-1.236656306067519806e-01	9.999999999999998890e-01	-7.234660811229802757e-01	1.919589592469603256e-01	-1.461593545024812701e-01	1.461457679290790457e-01	-3.407565561189733194e-01	2.449240248910987128e-01	-1.380075280143642225e-01	6.766749477954482617e-02	-5.405776875313443586e-02	1.501936427811356722e-01	-1.645769492350967755e-01	1.129221302453900649e-01	-4.955083192506237050e-02	5.179434917172581754e-02	-1.361481924033868252e-01	8.888935691285695939e-02	-9.195624594788991135e-02	4.847403419164531685e-02	-6.223484627537535091e-02	1.032413274127247510e-01	-1.037938411353712814e-01	7.446173806972265774e-02	-8.601728565484249855e-02	1.015282394497507568e-01	-6.633035852938723442e-02	7.293075915324412350e-02	-9.386183429799214994e-02	4.703235828013178216e-02	-5.305403149206765895e-02
1.235826384979087228e-01	-1.084810333341970079e-01	1.166625858478437250e-01	-1.169067167108766570e-01	1.024763813518809186e-01	-9.959997843521348204e-02	1.058148324373887478e-01	-1.334119011989389758e-01	1.187718121157122636e-01	-1.221214737808703765e-01	2.775349442154383950e-01	-2.824379445593430127e-01	1.802282751568621000e-01	-1.661058212973536008e-01	1.433766051241452399e-01	-7.234660811229802757e-01	9.999999999999985567e-01	-2.939966264451133737e-01	1.769504975976339267e-01	-1.832548845061785503e-01	2.546116392409853435e-01	-3.507262971682554853e-01	1.577405588409125925e-01	-8.052561786179533720e-02	6.359579264882653238e-02	-1.541647323989344953e-01	1.790958223758125911e-01	-1.326724757306935176e-01	5.663210051732242567e-02	-6.053823352779140465e-02	1.358782976395268294e-01	-9.860308762959901774e-02	1.008257685056493519e-01	-5.561747551883580720e-02	7.201286224809196057e-02	-1.135930835292943974e-01	1.142225529139122425e-01	-8.268408561463515272e-02	9.641891574029287648e-02	-1.161994969226492619e-01	7.213401945074730814e-02	-8.101307275213906478e-02	1.034171588902157851e-01	-5.270882739842729092e-02	5.943478719406615485e-02
-1.705940186856250151e-01	1.286508131271971445e-01	-1.569213384176625370e-01	1.471689016959082108e-01	-1.462998440082220186e-01	1.176554502598896740e-01	-1.294064301959336194e-01	1.631952735938156374e-01	-1.681117360027851171e-01	1.609371694668823016e-01	-2.319280388087151812e-01	1.885644317511422363e-01	-2.543600885346429252e-01	2.294957003837210241e-01	-2.507904271193354129e-01	1.919589592469603256e-01	-2.939966264451133737e-01	9.999999999999996669e-01	-7.027852133428076353e-01	2.815449758014206272e-01	-1.677141167276224309e-01	1.749574524502645889e-01	-2.506686779665936449e-01	1.379424732143295085e-01	-1.151659947001173467e-01	1.212902150530004858e-01	-1.790776525249094253e-01	1.621453772228188817e-01	-7.435522469674236967e-02	8.940869466695054724e-02	-1.251047793849940082e-01	1.006644742731053616e-01	-1.096155184585348719e-01	7.069426706976060515e-02	-1.118417008412541935e-01	1.068861904551146186e-01	-1.253504843130227864e-01	9.005024739839435910e-02	-1.107100095539217954e-01	1.275600863970934862e-01	-7.251292716143160899e-02	8.108517410103505130e-02	-1.128971350684581793e-01	5.853855947351951916e-02	-6.716068411982242803e-02
1.379098216257384490e-01	-1.114424168881064381e-01	1.325348667413381032e-01	-1.399991513441183055e-01	1.324314118815415886e-01	-1.000157138368700793e-01	1.082200279907893498e-01	-1.450590930416194857e-01	1.607715959199230438e-01	-1.618726427589410877e-01	1.700569144309992398e-01	-1.547112160667216130e-01	1.942844218363767583e-01	-2.889269125751242617e-01	2.513183909245956804e-01	-1.461593545024812701e-01	1.769504975976339267e-01	-7.027852133428076353e-01	1.000000000000000000e+00	-4.892277183538527030e-01	1.235097435945159278e-01	-1.329825977146660843e-01	1.567889741165917616e-01	-1.775867224815205758e-01	1.256407118263906941e-01	-9.353519112747270270e-02	1.311605364100165427e-01	-1.243210829471286111e-01	6.596006239182988784e-02	-9.159273641951609646e-02	9.551819445192555325e-02	-7.870776852921844424e-02	8.525325173850245575e-02	-6.319042877184277707e-02	1.081858376985664061e-01	-8.559978990245356578e-02	9.994729247555524110e-02	-7.259644125348399535e-02	9.169930528457724550e-02	-1.094452389478824672e-01	5.772397930351067658e-02	-6.534843291013113509e-02	9.063434947273543707e-02	-4.817873858123244285e-02	5.533612326803979964e-02
-2.005298332788162663e-01	1.459651557957672430e-01	-1.824148067624588032e-01	1.814266220239850458e-01	-1.975001540318686299e-01	1.332660587667455210e-01	-1.459958376484762899e-01	1.812883501131065389e-01	-2.119554607922800038e-01	2.215803682888322912e-01	-2.189804444095685421e-01	1.782494740310635872e-01	-2.415439590051944585e-01	2.823431933602917887e-01	-6.141496921278915000e-01	1.461457679290790457e-01	-1.832548845061785503e-01	2.815449758014206272e-01	-4.892277183538527030e-01	1.000000000000000888e+00	-1.388913403407502078e-01	1.366913231244253069e-01	-1.518780559803006025e-01	1.388894426435020035e-01	-1.302670051877484747e-01	1.032945822411774212e-01	-1.478809118825942237e-01	1.150671018524134781e-01	-6.924212943077635851e-02	9.362208834260644930e-02	-1.114378042620059600e-01	8.930178456871060155e-02	-9.953115146113554468e-02	6.590942575056672748e-02	-1.148515716422678912e-01	9.678618498177982143e-02	-1.191331989487895010e-01	8.476616884584593781e-02	-1.069539541123159798e-01	1.217264604535133465e-01	-6.735398820775877204e-02	7.508696253527617770e-02	-1.082039249567680189e-01	5.631549873395515216e-02	-6.536042797867666621e-02
1.013431624528538660e-01	-8.132527294143469809e-02	8.776110226256185476e-02	-8.863165389996691124e-02	7.927926344739485987e-02	-7.672502945723885803e-02	7.789837087071475874e-02	-9.497892624264681061e-02	8.797831505708748889e-02	-9.242924219415740716e-02	1.797662169062336501e-01	-1.470205925143187597e-01	1.219872408857100854e-01	-1.176989735179105739e-01	1.091105186564454710e-01	-3.407565561189733194e-01	2.546116392409853435e-01	-1.677141167276224309e-01	1.235097435945159278e-01	-1.388913403407502078e-01	1.000000000000000222e+00	-6.422437382349134305e-01	1.976079043592270379e-01	-8.120966427748609051e-02	6.320010058642812345e-02	-4.506289334708624139e-01	2.688094975170597367e-01	-1.809409043394354655e-01	7.005625947525018216e-02	-6.666862196973365184e-02	2.485232808667283966e-01	-1.478181857930932486e-01	1.415531333054570184e-01	-6.970085803075899700e-02	7.856456439934550451e-02	-1.924762686142066637e-01	1.574723104540751151e-01	-1.150542906348669403e-01	1.266863636704556040e-01	-1.547250012059017688e-01	1.116162626216848225e-01	-1.243108792681421743e-01	1.432116242073082635e-01	-7.101766406203348370e-02	7.850835767749619887e-02
-1.017829058942669590e-01	7.989563696579282670e-02	-8.832493727045348519e-02	8.694039441819555181e-02	-7.938311258111176161e-02	7.512678490295689182e-02	-7.780423533013830495e-02	9.405089691513958405e-02	-8.799218495636465520e-02	9.091414600164694770e-02	-1.827097438217496761e-01	1.424491052574576866e-01	-1.253006700084520475e-01	1.164490554461686533e-01	-1.111782571945823528e-01	2.449240248910987128e-01	-3.507262971682554853e-01	1.749574524502645889e-01	-1.329825977146660843e-01	1.366913231244253069e-01	-6.422437382349134305e-01	9.999999999999983347e-01	-3.090294200469341779e-01	8.543557235407409078e-02	-6.755097665715988076e-02	2.582071567651279542e-01	-4.308701950437562878e-01	2.251315117100143870e-01	-7.637550843682310020e-02	6.803244661538003502e-02	-2.350009302411012191e-01	1.613463327737924002e-01	-1.617859272537285897e-01	7.457884157415121951e-02	-8.149869812592711038e-02	1.627713535768173236e-01	-1.634648654788047051e-01	1.174582971372757217e-01	-1.280709167645142643e-01	1.478186309781244490e-01	-1.039941167951889400e-01	1.127025993848467383e-01	-1.428226033070061352e-01	6.996965729582932392e-02	-7.763430754391657806e-02
9.844268641780239137e-02	-7.546787153154647931e-02	8.370171249964933335e-02	-8.489097959055798281e-02	7.817785349166610220e-02	-7.136390786986404611e-02	7.220817340969212794e-02	-8.819605612885390855e-02	8.597965078430497288e-02	-9.034413502607201163e-02	1.299826004065389173e-01	-1.098733940688617905e-01	1.134334554688610636e-01	-1.160618795605494469e-01	1.149355891120333456e-01	-1.380075280143642225e-01	1.577405588409125925e-01	-2.506686779665936449e-01	1.567889741165917616e-01	-1.518780559803006025e-01	1.976079043592270379e-01	-3.090294200469341779e-01	9.999999999999975575e-01	-1.321305025363111729e-01	9.569193541675644066e-02	-1.812908254345014514e-01	2.936222848757147896e-01	-7.632004734716665295e-01	1.118209860235407777e-01	-9.007785611207039245e-02	1.585129031672198319e-01	-1.560293081874637444e-01	1.514609090005260283e-01	-1.110528383997114454e-01	1.039677057227934021e-01	-1.496714829581882455e-01	1.527232745721386065e-01	-1.163312685068046276e-01	1.332101707142672453e-01	-1.651842851985705629e-01	9.296108071142607232e-02	-1.085957370965746072e-01	1.350291159023025711e-01	-7.174598947147792227e-02	7.912371184236814681e-02
-6.960631230189066876e-02	5.147491134140357028e-02	-5.968661773716351510e-02	6.034732946675913645e-02	-5.848992396721704873e-02	4.820456623194651485e-02	-5.000918466582192357e-02	6.134089119233854248e-02	-6.428682025808153677e-02	6.656411867286210482e-02	-8.082667262425373422e-02	6.728693520402294348e-02	-7.921208091078907332e-02	8.873433832847117675e-02	-1.005226970543074971e-01	6.766749477954482617e-02	-8.052561786179533720e-02	1.379424732143295085e-01	-1.775867224815205758e-01	1.388894426435020035e-01	-8.120966427748609051e-02	8.543557235407409078e-02	-1.321305025363111729e-01	9.999999999999992228e-01	-8.105278801684939749e-01	6.914203426698749266e-02	-1.036759405357001868e-01	9.985077939981291950e-02	-1.626376186282290082e-01	2.808558793456863989e-01	-7.531568006808538052e-02	7.256768918297901161e-02	-8.246016005304941665e-02	1.330570968336275972e-01	-3.709080020762213770e-01	7.349799455472516563e-02	-1.012552991839949790e-01	7.797689503726326632e-02	-1.202039407598587684e-01	1.436656238600469149e-01	-5.209659577738567915e-02	6.045662418127718818e-02	-9.179504416707752468e-02	5.613821379047075760e-02	-6.576159371506305751e-02
5.543437903865054694e-02	-4.159406716010222160e-02	4.800637956310564031e-02	-4.934973297782983825e-02	4.739536530415090765e-02	-3.881805348166097319e-02	4.017896136790698181e-02	-4.973621251511868568e-02	5.221694471455138459e-02	-5.491270690164928164e-02	6.406874175509355562e-02	-5.421402543059133244e-02	6.351694701470110560e-02	-7.331142631890701089e-02	8.332547972810039338e-02	-5.405776875313443586e-02	6.359579264882653238e-02	-1.151659947001173467e-01	1.256407118263906941e-01	-1.302670051877484747e-01	6.320010058642812345e-02	-6.755097665715988076e-02	9.569193541675644066e-02	-8.105278801684939749e-01	9.999999999999972244e-01	-5.422726823425912113e-02	7.956163408717922825e-02	-7.922957032624951268e-02	1.193219040587144980e-01	-4.495133823157933528e-01	5.834172914512392866e-02	-5.656625733911086612e-02	6.354206901426309728e-02	-1.140709105807568707e-01	2.741114391687169971e-01	-5.776574569853532709e-02	7.759597387709693539e-02	-6.042236353540755139e-02	9.189207217649911219e-02	-1.198844232249874769e-01	4.049782126449578273e-02	-4.727420717996175248e-02	7.057906808592961934e-02	-4.362682252519432813e-02	5.046188761105324661e-02
-7.841490071683503149e-02	5.983751161856514650e-02	-6.550546619505631663e-02	6.539621440112525219e-02	-5.967991180327808509e-02	5.699170878909901039e-02	-5.754328258105993049e-02	6.888477345174065514e-02	-6.509673889934719515e-02	6.829599616505467596e-02	-1.213257580225479554e-01	9.492930930756959818e-02	-8.845489794038326192e-02	8.538239113236539835e-02	-8.252077350968617386e-02	1.501936427811356722e-01	-1.541647323989344953e-01	1.212902150530004858e-01	-9.353519112747270270e-02	1.032945822411774212e-01	-4.506289334708624139e-01	2.582071567651279542e-01	-1.812908254345014514e-01	6.914203426698749266e-02	-5.422726823425912113e-02	1.000000000000002220e+00	-3.663625828300673959e-01	1.675963831342215660e-01	-6.732092661432091674e-02	5.883411715071733966e-02	-6.852014852023499136e-01	1.709672840678370942e-01	-1.641175467637842889e-01	6.661816623072054633e-02	-7.006296221152681636e-02	2.280896615976046038e-01	-1.775835872258363368e-01	1.247734684677032080e-01	-1.295612496150043980e-01	1.466038822252799523e-01	-1.421726002641504338e-01	1.352543263882984292e-01	-1.610224386745796044e-01	7.306102174819571748e-02	-8.041195216010260660e-02
1.053002859426374477e-01	-8.052983453764567257e-02	8.747542657233814412e-02	-8.924181479062938405e-02	8.095226057176686807e-02	-7.688337864313914138e-02	7.650863738528958236e-02	-9.214222232535772272e-02	8.814253120196570424e-02	-9.373187179927927604e-02	1.424146172577813452e-01	-1.195466984176175446e-01	1.155056909228956985e-01	-1.168627914513355320e-01	1.131394727206483930e-01	-1.645769492350967755e-01	1.790958223758125911e-01	-1.790776525249094253e-01	1.311605364100165427e-01	-1.478809118825942237e-01	2.688094975170597367e-01	-4.308701950437562878e-01	2.936222848757147896e-01	-1.036759405357001868e-01	7.956163408717922825e-02	-3.663625828300673959e-01	9.999999999999952260e-01	-4.825516437288683291e-01	1.050135049166648488e-01	-8.651686058641663846e-02	2.464203899741479464e-01	-3.340650823908656863e-01	2.330184937877184670e-01	-1.057959601781656017e-01	1.006792131809043783e-01	-2.189537070575192923e-01	2.129648592397283269e-01	-1.622513140493761219e-01	1.670050052652271855e-01	-2.058956374954734603e-01	1.301244192516097242e-01	-1.517803339175118338e-01	1.795629501952903384e-01	-9.219225800945750338e-02	1.000965646813022081e-01
-8.038961934451271940e-02	6.053853390077127555e-02	-6.779819769785319639e-02	6.743652063912056183e-02	-6.290923452489366463e-02	5.735690145258612316e-02	-5.846527105744871861e-02	7.056944313675127256e-02	-6.876318447127496847e-02	7.143816878694578265e-02	-1.089821182458265564e-01	8.869661316242948013e-02	-9.202313593785947654e-02	9.101241708182701562e-02	-9.209008419830197467e-02	1.129221302453900649e-01	-1.326724757306935176e-01	1.621453772228188817e-01	-1.243210829471286111e-01	1.150671018524134781e-01	-1.809409043394354655e-01	2.251315117100143870e-01	-7.632004734716665295e-01	9.985077939981291950e-02	-7.922957032624951268e-02	1.675963831342215660e-01	-4.825516437288683291e-01	9.999999999999981126e-01	-1.276301402285948683e-01	7.511127432043075702e-02	-1.548825909623090524e-01	1.619520331627702925e-01	-1.703918468263368735e-01	1.106108883580929070e-01	-8.953734064431621842e-02	1.294325365908333136e-01	-1.455064105261474339e-01	1.098328100849062933e-01	-1.220985818152512670e-01	1.400716767417133912e-01	-8.289492846354828970e-02	9.479506680196768398e-02	-1.230370617646957543e-01	6.380165231389287039e-02	-6.996381295581555193e-02
4.566641252089513603e-02	-3.341729396302994121e-02	3.715117180294937038e-02	-3.762883645563212809e-02	3.519197182912825461e-02	-3.200514682470691902e-02	3.198424301503503125e-02	-3.823244348120914682e-02	3.790718543747575997e-02	-4.010385557651608562e-02	5.362766643639684666e-02	-4.425916205949419202e-02	4.790072287073413038e-02	-5.017134119276366738e-02	5.223881422370042771e-02	-4.955083192506237050e-02	5.663210051732242567e-02	-7.435522469674236967e-02	6.596006239182988784e-02	-6.924212943077635851e-02	7.005625947525018216e-02	-7.637550843682310020e-02	1.118209860235407777e-01	-1.626376186282290082e-01	1.193219040587144980e-01	-6.732092661432091674e-02	1.050135049166648488e-01	-1.276301402285948683e-01	9.999999999999970024e-01	-1.592141408095802124e-01	7.228357452233061253e-02	-9.352721753589766929e-02	1.056621392423386374e-01	-9.191133579575601065e-01	1.568685179646069627e-01	-7.896892863910606741e-02	1.076902080385284399e-01	-1.020230887939197056e-01	1.644442957365926106e-01	-1.718352877649357568e-01	5.432240288898716740e-02	-6.697364455256667182e-02	9.756625057905084220e-02	-7.059350481374643271e-02	7.122873558485764978e-02
-5.362281984396045226e-02	3.901843067825662426e-02	-4.443274365260454356e-02	4.492168189673357431e-02	-4.301885957050682191e-02	3.700996059019273643e-02	-3.767016595681926122e-02	4.539538675919206623e-02	-4.641635083732744554e-02	4.876114410853705367e-02	-6.099057315237986499e-02	5.030881617557934893e-02	-5.741858694957369114e-02	6.207328940538847650e-02	-6.909669282685566849e-02	5.179434917172581754e-02	-6.053823352779140465e-02	8.940869466695054724e-02	-9.159273641951609646e-02	9.362208834260644930e-02	-6.666862196973365184e-02	6.803244661538003502e-02	-9.007785611207039245e-02	2.808558793456863989e-01	-4.495133823157933528e-01	5.883411715071733966e-02	-8.651686058641663846e-02	7.511127432043075702e-02	-1.592141408095802124e-01	9.999999999999983347e-01	-6.620936972645281859e-02	6.677853672275428643e-02	-7.734436293970581300e-02	1.365757418426439551e-01	-7.947167916679529487e-01	6.754449042876121967e-02	-9.930910698429164241e-02	7.765038931151455048e-02	-1.282139623027181152e-01	1.653873525777888043e-01	-4.900104369081801498e-02	5.738498161964476763e-02	-9.048043182295895104e-02	5.817620369637014482e-02	-6.925600322809512266e-02
8.418696306770658000e-02	-6.377960269873923782e-02	6.887106945982525430e-02	-6.999073462278816715e-02	6.339930606350840936e-02	-6.125501173222876183e-02	6.054255803366486582e-02	-7.230251632401367423e-02	6.863192345115161352e-02	-7.303912196764909825e-02	1.143040510348559136e-01	-9.438715441249471982e-02	9.000642181413770482e-02	-8.993686655142783815e-02	8.680931601950217513e-02	-1.361481924033868252e-01	1.358782976395268294e-01	-1.251047793849940082e-01	9.551819445192555325e-02	-1.114378042620059600e-01	2.485232808667283966e-01	-2.350009302411012191e-01	1.585129031672198319e-01	-7.531568006808538052e-02	5.834172914512392866e-02	-6.852014852023499136e-01	2.464203899741479464e-01	-1.548825909623090524e-01	7.228357452233061253e-02	-6.620936972645281859e-02	9.999999999999976685e-01	-2.104607367884792912e-01	1.759213774155065635e-01	-7.282261274567131126e-02	7.788790000020956450e-02	-4.410098358402752550e-01	2.021201806602154760e-01	-1.465595678580407790e-01	1.488322923430131783e-01	-1.782574792007700637e-01	1.880479623412300572e-01	-1.916327118988730427e-01	1.875448109855304690e-01	-8.641346026791631163e-02	9.365779833559434442e-02
-6.757879361349429514e-02	4.998805384944800950e-02	-5.446453327216345397e-02	5.505299730069800057e-02	-5.045316857822455120e-02	4.816496987045594536e-02	-4.760662433917669384e-02	5.648003556316753826e-02	-5.426614378193821142e-02	5.762796258361405077e-02	-8.558469052541262112e-02	6.998211864765944978e-02	-7.045319374180120109e-02	7.072718099798068481e-02	-6.986416612840708196e-02	8.888935691285695939e-02	-9.860308762959901774e-02	1.006644742731053616e-01	-7.870776852921844424e-02	8.930178456871060155e-02	-1.478181857930932486e-01	1.613463327737924002e-01	-1.560293081874637444e-01	7.256768918297901161e-02	-5.656625733911086612e-02	1.709672840678370942e-01	-3.340650823908656863e-01	1.619520331627702925e-01	-9.352721753589766929e-02	6.677853672275428643e-02	-2.104607367884792912e-01	9.999999999999980016e-01	-7.720594110148337741e-01	9.528614612339464385e-02	-7.900712865865001933e-02	1.809452450379379074e-01	-3.703193095740907048e-01	2.423074178747073315e-01	-1.904918448118576024e-01	1.940281652492106823e-01	-1.187360047861983625e-01	1.438015299153750648e-01	-2.016790431655975935e-01	9.583272884578945827e-02	-9.910928870426456705e-02
7.500457491057245518e-02	-5.531725586392412936e-02	5.990527323558140355e-02	-6.102526282818173525e-02	5.571538390910783789e-02	-5.349161217514768196e-02	5.240316286885854380e-02	-6.208467781945498087e-02	5.975383366161681614e-02	-6.387054094582293728e-02	9.065569007506672772e-02	-7.516884063566894869e-02	7.647024260565708775e-02	-7.788144391214640860e-02	7.681950432553030783e-02	-9.195624594788991135e-02	1.008257685056493519e-01	-1.096155184585348719e-01	8.525325173850245575e-02	-9.953115146113554468e-02	1.415531333054570184e-01	-1.617859272537285897e-01	1.514609090005260283e-01	-8.246016005304941665e-02	6.354206901426309728e-02	-1.641175467637842889e-01	2.330184937877184670e-01	-1.703918468263368735e-01	1.056621392423386374e-01	-7.734436293970581300e-02	1.759213774155065635e-01	-7.720594110148337741e-01	9.999999999999991118e-01	-1.179901808451593453e-01	9.019860346523370098e-02	-1.945548265564049917e-01	2.836305552099293026e-01	-3.537535824389988481e-01	2.081828574383053909e-01	-2.356094489516014079e-01	1.243208278990977494e-01	-1.605918683143863768e-01	2.130927795935790847e-01	-1.099575542086418389e-01	1.103772595178987431e-01
-4.457925928614801803e-02	3.245575742312089423e-02	-3.616265520504865355e-02	3.643068534391976504e-02	-3.418847331265388589e-02	3.110636355140107556e-02	-3.113758398687938717e-02	3.710931342210499473e-02	-3.675167947187003847e-02	3.876418485620406612e-02	-5.261070012487265718e-02	4.310263514818202246e-02	-4.665202319211408932e-02	4.836097371408394630e-02	-5.063493218327367457e-02	4.847403419164531685e-02	-5.561747551883580720e-02	7.069426706976060515e-02	-6.319042877184277707e-02	6.590942575056672748e-02	-6.970085803075899700e-02	7.457884157415121951e-02	-1.110528383997114454e-01	1.330570968336275972e-01	-1.140709105807568707e-01	6.661816623072054633e-02	-1.057959601781656017e-01	1.106108883580929070e-01	-9.191133579575601065e-01	1.365757418426439551e-01	-7.282261274567131126e-02	9.528614612339464385e-02	-1.179901808451593453e-01	1.000000000000002220e+00	-1.713682029625431535e-01	7.872514800586041805e-02	-1.140255953847866960e-01	1.074347440922562014e-01	-2.070524396125204003e-01	1.622689739825316502e-01	-5.502750746378480551e-02	6.753431285675176587e-02	-1.022377769127306157e-01	7.261562828643554346e-02	-7.480586872541955534e-02
