1.000000000000000000e+00	-9.316954010260086738e-01	9.330983514131302448e-02	-8.033377678592326654e-02	6.362853665195045139e-02	-2.659977645734469265e-01	1.852889186528962340e-01	-9.461120787029395074e-02	7.785527649226155200e-02	-5.592133235037090311e-02	6.614708214018606702e-02	-8.478310338231349885e-02	6.686747895775749240e-02	-5.657582567535866802e-02	6.024655075037437663e-02	-4.080907441650005046e-02	7.645960329197699912e-02	-6.026299815433196205e-02	4.713979895933503167e-02	-4.495613207693741759e-02	5.295220184251774043e-02	-4.248584951876377414e-02	4.063567743818512212e-02	-4.340108523747754354e-02	4.683476496827482238e-02	-5.668876597938363876e-02	3.825575814983540185e-02	-3.767104004241713516e-02	3.293112640043140138e-02	-2.835120189271771868e-02	3.191287449812184318e-02	-3.325916206171308787e-02	3.471527268979742592e-02	-2.909218643503293580e-02	3.415357756350730078e-02	-2.790809054891825111e-02	3.768441044805959095e-02	-2.528150516350786275e-02	2.555393662367353574e-02	-2.599038590199780410e-02	1.641715218364910023e-02	-1.769119598609118077e-02	2.552871313017171517e-02	-2.005852176486058736e-02	2.528968028684141015e-02
-9.316954010260086738e-01	1.000000000000000000e+00	-1.139705332256603643e-01	8.711653532652034737e-02	-7.433986258778674250e-02	2.054058841441582517e-01	-2.213693457894379824e-01	1.030324850249873664e-01	-8.959151229914884274e-02	6.261251732896015720e-02	-7.160903185210322486e-02	9.223206220916523035e-02	-7.593872175445334771e-02	6.344031599278553146e-02	-6.919721798244209132e-02	4.319035196481642302e-02	-8.803459417490674954e-02	6.707572106070207318e-02	-5.346719726044679710e-02	5.042410971907376055e-02	-5.875351174454866016e-02	4.714221195786336832e-02	-4.545829128960853643e-02	4.824782770315431263e-02	-5.279056893228183112e-02	6.063401716243392581e-02	-4.268148442452198571e-02	4.171944687100711396e-02	-3.679083022443296186e-02	3.173066820740799709e-02	-3.515325633178439935e-02	3.667236090405378429e-02	-3.856968553313060155e-02	3.233230009599457472e-02	-3.836271057078761287e-02	3.065907695737506850e-02	-4.180063511144779809e-02	2.800469528134668512e-02	-2.847478620967499804e-02	2.887697361951104685e-02	-1.810694490878560561e-02	1.946362416098048817e-02	-2.835692105657194872e-02	2.226202340358578863e-02	-2.813946808504831643e-02
9.330983514131302448e-02	-1.139705332256603643e-01	9.999999999999998890e-01	-8.171167425978085319e-01	1.577271239957677429e-01	-1.401241160378683681e-01	1.345285198851397246e-01	-4.180630520861607913e-01	2.856227657399650899e-01	-1.602323428835269459e-01	6.689824973526607710e-02	-1.121164163757097793e-01	1.444187429667893041e-01	-1.458284694314651853e-01	1.282803751326163921e-01	-4.247107492215995705e-02	9.794083537336950585e-02	-1.197135090380359035e-01	8.720329013262839712e-02	-8.842538476173082695e-02	6.004820814341534779e-02	-5.895206129729513300e-02	5.957212147196639523e-02	-6.744308810860122350e-02	7.165948157649848493e-02	-6.972610335351885069e-02	5.211603944094993224e-02	-5.340574075198305237e-02	4.681199601752895900e-02	-4.248625094663050633e-02	4.183650797766758078e-02	-4.505943084112187108e-02	4.749339811695463265e-02	-4.152082287015768786e-02	4.935185007335782942e-02	-3.697097199793299843e-02	4.977176366136065733e-02	-3.436809857463509615e-02	3.574519337440127537e-02	-3.694830837298359455e-02	2.180753663253274729e-02	-2.361670459021018853e-02	3.441238343261132648e-02	-2.749838814723414709e-02	3.437406878810631006e-02
-8.033377678592326654e-02	8.711653532652034737e-02	-8.171167425978085319e-01	9.999999999999997780e-01	-1.929407171503839391e-01	1.117463856916833947e-01	-1.162086768283911026e-01	2.828858655945188927e-01	-4.287755686207053163e-01	1.655346120547054600e-01	-6.089462206957536872e-02	9.892484106645442477e-02	-1.390402258906458521e-01	1.446877279659045668e-01	-1.368239162874815840e-01	3.832949497170382719e-02	-9.078714235176942038e-02	1.079905681616988022e-01	-8.531707741371005738e-02	8.427952673296569552e-02	-5.532197232635945039e-02	5.435656713094694920e-02	-5.568885968933274394e-02	6.292344498709638578e-02	-6.846840392685636656e-02	6.310570304978425915e-02	-4.841623630734780831e-02	4.941222069104325015e-02	-4.392947521132942179e-02	4.006177950882598704e-02	-3.863304685858018339e-02	4.159901629308302567e-02	-4.415376208491272186e-02	3.872652760481733875e-02	-4.674151189111607624e-02	3.406976021136857991e-02	-4.621195673216765137e-02	3.189031133024964465e-02	-3.343704950210157900e-02	3.446347093118103111e-02	-2.015916152568147587e-02	2.178804180153840614e-02	-3.201509051659351401e-02	2.558456278754406288e-02	-3.205973898397976307e-02
6.362853665195045139e-02	-7.433986258778674250e-02	1.577271239957677429e-01	-1.929407171503839391e-01	9.999999999999993339e-01	-1.277277338042150379e-01	1.166487535730611202e-01	-2.435654026829339736e-01	2.344549720573863016e-01	-8.783119426077526937e-01	8.193308266028037634e-02	-1.255507283665141804e-01	1.442373280064910834e-01	-1.623065625230546427e-01	1.625196876741978602e-01	-5.202282421283411368e-02	1.105326512883164775e-01	-1.367965435711373245e-01	1.045842521713179624e-01	-1.125101996179264235e-01	7.692692650225102513e-02	-7.512398454879340437e-02	7.611261396132328050e-02	-8.730939564449796686e-02	9.341163043338295002e-02	-9.208515569029369907e-02	6.738592206767358983e-02	-7.001265106546142314e-02	6.224697569766101529e-02	-5.613074192840452475e-02	5.580467004153248645e-02	-5.972756011306244728e-02	6.301830396510244015e-02	-5.540779768667913885e-02	6.559053555246446843e-02	-4.958731622010054824e-02	6.723294177321224863e-02	-4.623379607502349498e-02	4.805229905257672740e-02	-4.967071265913217820e-02	2.939565031482660462e-02	-3.183287125403982953e-02	4.647256234082125514e-02	-3.718482933397227602e-02	4.665024528676445237e-02
-2.659977645734469265e-01	2.054058841441582517e-01	-1.401241160378683681e-01	1.117463856916833947e-01	-1.277277338042150379e-01	9.999999999999992228e-01	-8.289745667963235309e-01	1.941921524538855470e-01	-1.681424299180913351e-01	1.054634989850221638e-01	-1.788689032092546649e-01	2.001484789728115166e-01	-1.485520097358719316e-01	1.167179543756119431e-01	-1.284956938533858839e-01	9.944867150064846950e-02	-1.902876723407877224e-01	1.275979855450631306e-01	-1.002125199214105727e-01	9.287461269912920814e-02	-1.203608105352967222e-01	9.085237133345581972e-02	-8.534622710824769920e-02	8.923600077581869683e-02	-9.594009274845682889e-02	1.187111744253982748e-01	-8.086724724159725930e-02	7.775548558137795885e-02	-6.689363768525299903e-02	5.756294768906206061e-02	-6.562194024746749454e-02	6.843171277958227938e-02	-7.120939818010481315e-02	5.893767260185528434e-02	-6.915796185517666950e-02	5.694842984240146982e-02	-7.639744742807558220e-02	5.121881196456119778e-02	-5.151246872332902044e-02	5.231972496801132883e-02	-3.332127420314216770e-02	3.588244628667888736e-02	-5.158013643656209068e-02	4.036961487028603579e-02	-5.076984122546825129e-02
1.852889186528962340e-01	-2.213693457894379824e-01	1.345285198851397246e-01	-1.162086768283911026e-01	1.166487535730611202e-01	-8.289745667963235309e-01	9.999999999999998890e-01	-2.662776896968346296e-01	1.650128084575268050e-01	-1.055954262967130075e-01	1.383941755879176672e-01	-2.687623811926235784e-01	1.486399314252092319e-01	-1.190965154128300479e-01	1.214100290598083415e-01	-8.801256131909374059e-02	1.812837886626142425e-01	-1.310837611775123590e-01	9.611435949777237531e-02	-9.127014172501567157e-02	1.033542868868710385e-01	-8.701537062967143465e-02	8.088477600690550939e-02	-8.604250172153954379e-02	9.007056014793902998e-02	-1.138364800485224676e-01	7.600421966876774738e-02	-7.425599688417253152e-02	6.294351744161608142e-02	-5.444720176793967081e-02	6.178452825395611137e-02	-6.500783229060171087e-02	6.707530074199649639e-02	-5.589058122129961226e-02	6.472842435487649593e-02	-5.399741166794856662e-02	7.152316163669959759e-02	-4.834843122623604800e-02	4.849210360913302348e-02	-4.957130818584629117e-02	3.146082324215893761e-02	-3.403015211005507717e-02	4.842603201794558332e-02	-3.806555352774049217e-02	4.763925698513402085e-02
-9.461120787029395074e-02	1.030324850249873664e-01	-4.180630520861607913e-01	2.828858655945188927e-01	-2.435654026829339736e-01	1.941921524538855470e-01	-2.662776896968346296e-01	1.000000000000000000e+00	-6.666504701848412484e-01	2.084936090318645907e-01	-9.558959855422180518e-02	1.653113390300604835e-01	-3.016785145876595409e-01	2.272486888893785195e-01	-2.133772830359427497e-01	5.990413475539874827e-02	-1.516468307913595159e-01	1.819499220104393022e-01	-1.376451996289153878e-01	1.319348409705948522e-01	-8.504424884878855617e-02	8.426979013466114055e-02	-8.661521870514617139e-02	9.685335476584840120e-02	-1.049164425835542730e-01	9.553001890984760824e-02	-7.455788025027236532e-02	7.552092008536284706e-02	-6.664227633022823394e-02	6.096081850774626859e-02	-5.846965781082749669e-02	6.317131589903715594e-02	-6.709043240285567089e-02	5.863690312786442455e-02	-7.087654487230997391e-02	5.141511349607089110e-02	-6.960113822335751987e-02	4.811049215189346084e-02	-5.045244189909708216e-02	5.199591221849810679e-02	-3.036543310178939706e-02	3.281026227106695337e-02	-4.822900814540718312e-02	3.850521583695321048e-02	-4.818735895061607155e-02
7.785527649226155200e-02	-8.959151229914884274e-02	2.856227657399650899e-01	-4.287755686207053163e-01	2.344549720573863016e-01	-1.681424299180913351e-01	1.650128084575268050e-01	-6.666504701848412484e-01	9.999999999999994449e-01	-3.138282593989196734e-01	8.290473261788901260e-02	-1.468476994656908730e-01	2.163572581926711536e-01	-3.120379424706161697e-01	2.060764134325540342e-01	-5.281422897118463050e-02	1.282338082775898447e-01	-1.686218249270019232e-01	1.244313614773631671e-01	-1.285582157660004887e-01	7.490025498410388116e-02	-7.620868396061009076e-02	7.800638467540602083e-02	-8.936659488379462835e-02	9.504316882044665238e-02	-8.721788030259781943e-02	6.694697474834918061e-02	-6.887701592128160633e-02	6.035851510653105628e-02	-5.570671753171280854e-02	5.292710203552072196e-02	-5.742726477827994613e-02	6.069037752756172716e-02	-5.348390076732239401e-02	6.396875678544629296e-02	-4.676041406680777474e-02	6.287397234182472150e-02	-4.369354623091910306e-02	4.577726807163382677e-02	-4.746435093398541222e-02	2.756899683534685952e-02	-2.987080752991794902e-02	4.365381197051792367e-02	-3.498656587597257644e-02	4.363714207438868647e-02
-5.592133235037090311e-02	6.261251732896015720e-02	-1.602323428835269459e-01	1.655346120547054600e-01	-8.783119426077526937e-01	1.054634989850221638e-01	-1.055954262967130075e-01	2.084936090318645907e-01	-3.138282593989196734e-01	1.000000000000000000e+00	-7.290830233609622846e-02	1.091636677698199914e-01	-1.411014321642174718e-01	1.574547925387033975e-01	-1.874905973886974164e-01	4.574183880140521297e-02	-1.016709201624552417e-01	1.218990696031397730e-01	-1.013976610529799954e-01	1.052990086451906782e-01	-6.843612389851352895e-02	6.656329037904923362e-02	-6.871606761770003569e-02	7.819242292867766009e-02	-8.699270296459127305e-02	7.873990598953577169e-02	-6.013401733091999768e-02	6.182412776167311996e-02	-5.600511652393031642e-02	5.096107815035352123e-02	-4.900712581945818047e-02	5.245831054337069671e-02	-5.594493120695592792e-02	4.929936366525102670e-02	-5.993012152325866843e-02	4.331007560143059626e-02	-5.934374622408788991e-02	4.076316352629068968e-02	-4.289932877872792288e-02	4.410614375941526721e-02	-2.576586843600819215e-02	2.780291486799134001e-02	-4.112605625279192739e-02	3.287097523411219857e-02	-4.138515694494415698e-02
6.614708214018606702e-02	-7.160903185210322486e-02	6.689824973526607710e-02	-6.089462206957536872e-02	8.193308266028037634e-02	-1.788689032092546649e-01	1.383941755879176672e-01	-9.558959855422180518e-02	8.290473261788901260e-02	-7.290830233609622846e-02	1.000000000000000000e+00	-2.027091678397351660e-01	1.153671705904923406e-01	-9.198626380834422356e-02	1.036782525633605234e-01	-7.061239380121083764e-01	1.621283823074555208e-01	-1.216229279277403069e-01	1.001156879536457545e-01	-9.576135336112939767e-02	3.223678183301165179e-01	-1.638730252266898668e-01	1.331239870467972597e-01	-1.379727350018077336e-01	1.347652555182963507e-01	-3.718051275953164203e-01	1.404839115273509853e-01	-1.393347880561243979e-01	1.100173791941928547e-01	-8.778561822517731705e-02	1.422745821784588971e-01	-1.382456624073863938e-01	1.306504156709539233e-01	-1.009829057946219494e-01	1.063891915138943933e-01	-1.232763689320281048e-01	1.489775635897639672e-01	-9.681075733569986796e-02	8.811717754790053536e-02	-8.972761698183924495e-02	6.846604122301290507e-02	-7.483559233143546874e-02	9.579815947308145674e-02	-7.347482429285126515e-02	9.097009921560234025e-02
-8.478310338231349885e-02	9.223206220916523035e-02	-1.121164163757097793e-01	9.892484106645442477e-02	-1.255507283665141804e-01	2.001484789728115166e-01	-2.687623811926235784e-01	1.653113390300604835e-01	-1.468476994656908730e-01	1.091636677698199914e-01	-2.027091678397351660e-01	1.000000000000000222e+00	-3.320247150402793057e-01	1.802102266379725093e-01	-2.039050829154677447e-01	1.199585417420819256e-01	-7.562083834855484188e-01	2.658043033785374432e-01	-1.807298753727639984e-01	1.579856733314648209e-01	-1.579754639369488622e-01	1.701606029678917886e-01	-1.515605636245404841e-01	1.484981098247566966e-01	-1.549193235488412201e-01	1.602553219060649237e-01	-1.440371078085133927e-01	1.281551194947828098e-01	-1.050153681249442056e-01	9.102840109543523794e-02	-9.798885935868380248e-02	1.070481865730851939e-01	-1.125468212046911165e-01	9.188430939231022332e-02	-1.077778570925296137e-01	8.448973954448683876e-02	-1.136484053703617908e-01	7.771165950373712383e-02	-7.870092833653448416e-02	8.012640339528492861e-02	-4.936914374005362677e-02	5.314593039883191289e-02	-7.758086213313292179e-02	6.072828770362406758e-02	-7.580761298967499118e-02
6.686747895775749240e-02	-7.593872175445334771e-02	1.444187429667893041e-01	-1.390402258906458521e-01	1.442373280064910834e-01	-1.485520097358719316e-01	1.486399314252092319e-01	-3.016785145876595409e-01	2.163572581926711536e-01	-1.411014321642174718e-01	1.153671705904923406e-01	-3.320247150402793057e-01	9.999999999999983347e-01	-4.926151265271184188e-01	2.835495708174036178e-01	-7.521242374519024332e-02	2.519769485092196448e-01	-5.879884135718337346e-01	2.368676291869402373e-01	-2.418387120047370276e-01	1.073105499507345656e-01	-1.294231745897823360e-01	1.356261820485823999e-01	-1.537943087249545593e-01	1.522390569669438143e-01	-1.274027885261384274e-01	1.081356024093488438e-01	-1.123710528774389400e-01	9.366595653997278337e-02	-8.861562563768508871e-02	7.958890420014202993e-02	-8.918200546826536568e-02	9.424350666186732950e-02	-8.332698505186972304e-02	9.831129978314855078e-02	-7.028345607926525518e-02	9.331497006309114051e-02	-6.621351554535173656e-02	6.960069055298623297e-02	-7.291126096193509265e-02	4.116172439401230565e-02	-4.474540628891868210e-02	6.540142312845495520e-02	-5.265002929941684645e-02	6.498741686635883807e-02
-5.657582567535866802e-02	6.344031599278553146e-02	-1.458284694314651853e-01	1.446877279659045668e-01	-1.623065625230546427e-01	1.167179543756119431e-01	-1.190965154128300479e-01	2.272486888893785195e-01	-3.120379424706161697e-01	1.574547925387033975e-01	-9.198626380834422356e-02	1.802102266379725093e-01	-4.926151265271184188e-01	1.000000000000000666e+00	-6.779250983174741618e-01	5.890926902732822323e-02	-1.722328125790783815e-01	2.546978503215351353e-01	-2.343884306403674900e-01	2.302619321926467622e-01	-8.721583697365151155e-02	9.925140988316412394e-02	-1.073138749586101115e-01	1.269104406651484496e-01	-1.406884920522850357e-01	1.020007904328579657e-01	-8.652505053582229544e-02	8.965064266474809251e-02	-8.001654444189278126e-02	7.786423028826493231e-02	-6.514810959440880955e-02	7.222524096564637841e-02	-7.740935163316284284e-02	7.021236023875024324e-02	-8.709696312912298954e-02	5.747097219158410486e-02	-7.735960437100293519e-02	5.484160824716836913e-02	-5.926502258952373592e-02	6.185117341012361797e-02	-3.391440552717993329e-02	3.676051304935251673e-02	-5.453406963658820328e-02	4.415230416759755028e-02	-5.479146716306011050e-02
6.024655075037437663e-02	-6.919721798244209132e-02	1.282803751326163921e-01	-1.368239162874815840e-01	1.625196876741978602e-01	-1.284956938533858839e-01	1.214100290598083415e-01	-2.133772830359427497e-01	2.060764134325540342e-01	-1.874905973886974164e-01	1.036782525633605234e-01	-2.039050829154677447e-01	2.835495708174036178e-01	-6.779250983174741618e-01	9.999999999999965583e-01	-6.753132134715991719e-02	1.782482990318391136e-01	-3.034182241746832820e-01	2.572187937058615925e-01	-4.345395919600997803e-01	1.001139746349195975e-01	-1.183026122908250877e-01	1.256216954673399777e-01	-1.591149906442448358e-01	1.693843890408483488e-01	-1.231490323174699031e-01	1.013515583751096877e-01	-1.085745363060108687e-01	9.530299433028251166e-02	-9.698420135424593025e-02	7.747325746760171106e-02	-8.674513181001358708e-02	9.195398585281037984e-02	-8.527786841671738949e-02	1.028185294180658516e-01	-6.894870716381998332e-02	9.154894402917938823e-02	-6.567850700927439778e-02	7.087151402346393569e-02	-7.526526402679425964e-02	4.053651058497376169e-02	-4.417515009548973748e-02	6.480617074148670165e-02	-5.294117367216142483e-02	6.515902939481617306e-02
-4.080907441650005046e-02	4.319035196481642302e-02	-4.247107492215995705e-02	3.832949497170382719e-02	-5.202282421283411368e-02	9.944867150064846950e-02	-8.801256131909374059e-02	5.990413475539874827e-02	-5.281422897118463050e-02	4.574183880140521297e-02	-7.061239380121083764e-01	1.199585417420819256e-01	-7.521242374519024332e-02	5.890926902732822323e-02	-6.753132134715991719e-02	9.999999999999992228e-01	-1.140027313952734489e-01	7.943216777908498893e-02	-6.608486731686025184e-02	6.241050611536718556e-02	-6.092450406761669157e-01	1.229382276901644505e-01	-9.578772195087700836e-02	9.162841867597210088e-02	-9.012905310693040961e-02	2.355386358483594067e-01	-1.037247421275516446e-01	9.419692351061005609e-02	-7.314628902065324623e-02	5.785729138847159336e-02	-9.600636000941858983e-02	9.172091393951599392e-02	-8.849041681218652866e-02	6.627856514975967450e-02	-7.035029109437757056e-02	7.999921176736053685e-02	-9.957578319324487948e-02	6.369854982980945046e-02	-5.782126944072404906e-02	5.838035888300121407e-02	-4.477774821237141128e-02	4.829337152075997841e-02	-6.342591363765061330e-02	4.798554681021748730e-02	-5.969698804305505202e-02
7.645960329197699912e-02	-8.803459417490674954e-02	9.794083537336950585e-02	-9.078714235176942038e-02	1.105326512883164775e-01	-1.902876723407877224e-01	1.812837886626142425e-01	-1.516468307913595159e-01	1.282338082775898447e-01	-1.016709201624552417e-01	1.621283823074555208e-01	-7.562083834855484188e-01	2.519769485092196448e-01	-1.722328125790783815e-01	1.782482990318391136e-01	-1.140027313952734489e-01	1.000000000000002887e+00	-3.954719739902148312e-01	1.846570991174559251e-01	-1.711912373398958020e-01	1.457263233028902871e-01	-2.284307910938915831e-01	1.644803959482003530e-01	-1.654633170600985914e-01	1.551046238518074827e-01	-1.687455504701767528e-01	1.544964148414066096e-01	-1.423102322840376632e-01	1.075540704931907260e-01	-9.339031324078296559e-02	1.012345509554817280e-01	-1.153071875976113825e-01	1.176189176135730291e-01	-9.608284589043952773e-02	1.076833482823652127e-01	-8.839693998753382631e-02	1.153675143081604459e-01	-8.064942471077436725e-02	8.032260037645171102e-02	-8.287674219745071180e-02	5.099688774659817680e-02	-5.540444729877472274e-02	7.923368619417628378e-02	-6.236659642206706516e-02	7.687285517441004579e-02
-6.026299815433196205e-02	6.707572106070207318e-02	-1.197135090380359035e-01	1.079905681616988022e-01	-1.367965435711373245e-01	1.275979855450631306e-01	-1.310837611775123590e-01	1.819499220104393022e-01	-1.686218249270019232e-01	1.218990696031397730e-01	-1.216229279277403069e-01	2.658043033785374432e-01	-5.879884135718337346e-01	2.546978503215351353e-01	-3.034182241746832820e-01	7.943216777908498893e-02	-3.954719739902148312e-01	9.999999999999992228e-01	-4.556585657550191182e-01	2.624397225935038436e-01	-1.177510151022658630e-01	1.538283143033843114e-01	-1.874452625241578296e-01	1.836378004361319538e-01	-1.850594395962974203e-01	1.350995631095431304e-01	-1.293541542827106039e-01	1.301766827228263979e-01	-1.089025744069680862e-01	1.021667118603840907e-01	-8.891001692833287728e-02	1.005247776174268276e-01	-1.087908936735010879e-01	9.464863649582622163e-02	-1.152081624156453266e-01	7.767006262579380371e-02	-1.043694574930134483e-01	7.425411927370545451e-02	-7.903803118598652644e-02	8.192787663414702326e-02	-4.560453858780410402e-02	4.934568828552939740e-02	-7.354060247364530012e-02	5.890509812184322597e-02	-7.291777572009204567e-02
4.713979895933503167e-02	-5.346719726044679710e-02	8.720329013262839712e-02	-8.531707741371005738e-02	1.045842521713179624e-01	-1.002125199214105727e-01	9.611435949777237531e-02	-1.376451996289153878e-01	1.244313614773631671e-01	-1.013976610529799954e-01	1.001156879536457545e-01	-1.807298753727639984e-01	2.368676291869402373e-01	-2.343884306403674900e-01	2.572187937058615925e-01	-6.608486731686025184e-02	1.846570991174559251e-01	-4.556585657550191182e-01	9.999999999999997780e-01	-7.147375203089233464e-01	1.011369163535622978e-01	-1.378444679308860610e-01	1.619446870587498422e-01	-2.607594676387828825e-01	2.198541391373160236e-01	-1.254464391670764012e-01	1.150615742413318293e-01	-1.265708612538213040e-01	1.117937523210568995e-01	-1.196190091628598767e-01	8.293402679584864490e-02	-9.560093959253916640e-02	1.029689956320319622e-01	-9.865559610119604972e-02	1.207837413932202758e-01	-7.359718968417240659e-02	9.740538962802380851e-02	-7.162988875558998214e-02	7.957475267583248579e-02	-8.523317726816542761e-02	4.316441750010625161e-02	-4.707446024370049581e-02	7.012579068556414053e-02	-5.781953309639409344e-02	7.060841720230781604e-02
-4.495613207693741759e-02	5.042410971907376055e-02	-8.842538476173082695e-02	8.427952673296569552e-02	-1.125101996179264235e-01	9.287461269912920814e-02	-9.127014172501567157e-02	1.319348409705948522e-01	-1.285582157660004887e-01	1.052990086451906782e-01	-9.576135336112939767e-02	1.579856733314648209e-01	-2.418387120047370276e-01	2.302619321926467622e-01	-4.345395919600997803e-01	6.241050611536718556e-02	-1.711912373398958020e-01	2.624397225935038436e-01	-7.147375203089233464e-01	9.999999999999956701e-01	-9.675499588406111240e-02	1.245638264561076958e-01	-1.478894695362147071e-01	2.053400987120485022e-01	-3.065907466228227629e-01	1.179452059246933887e-01	-1.084407119087133498e-01	1.170904552164235973e-01	-1.133436639863759920e-01	1.305632821368494234e-01	-7.931505141316073926e-02	9.038755783575261327e-02	-9.872919227665601094e-02	9.782847735126137811e-02	-1.338671850341929814e-01	7.024174221159251719e-02	-9.412416836304485224e-02	6.932981423255379916e-02	-8.046018576292100766e-02	8.575266458462811603e-02	-4.149257504432502658e-02	4.512579712027331436e-02	-6.835849127826691685e-02	5.691866100904828529e-02	-6.992943177195978799e-02
5.295220184251774043e-02	-5.875351174454866016e-02	6.004820814341534779e-02	-5.532197232635945039e-02	7.692692650225102513e-02	-1.203608105352967222e-01	1.033542868868710385e-01	-8.504424884878855617e-02	7.490025498410388116e-02	-6.843612389851352895e-02	3.223678183301165179e-01	-1.579754639369488622e-01	1.073105499507345656e-01	-8.721583697365151155e-02	1.001139746349195975e-01	-6.092450406761669157e-01	1.457263233028902871e-01	-1.177510151022658630e-01	1.011369163535622978e-01	-9.675499588406111240e-02	9.999999999999957812e-01	-2.357376356754747326e-01	1.589906373134954698e-01	-1.551893867413116634e-01	1.469861123291937854e-01	-5.057500125580228767e-01	1.747530790632250697e-01	-1.629140078255963964e-01	1.224246564048895453e-01	-9.599044540609742715e-02	1.703215212071370610e-01	-1.621639492018364104e-01	1.509125540050291203e-01	-1.122679658854765644e-01	1.162817925674900082e-01	-1.424516864313003783e-01	1.701912698800645829e-01	-1.091628003157059379e-01	9.727751675943552279e-02	-9.857178379053840866e-02	7.789434583653905009e-02	-8.452242829585852879e-02	1.077224208436999286e-01	-8.146951281590947280e-02	1.006765398803615985e-01
-4.248584951876377414e-02	4.714221195786336832e-02	-5.895206129729513300e-02	5.435656713094694920e-02	-7.512398454879340437e-02	9.085237133345581972e-02	-8.701537062967143465e-02	8.426979013466114055e-02	-7.620868396061009076e-02	6.656329037904923362e-02	-1.638730252266898668e-01	1.701606029678917886e-01	-1.294231745897823360e-01	9.925140988316412394e-02	-1.183026122908250877e-01	1.229382276901644505e-01	-2.284307910938915831e-01	1.538283143033843114e-01	-1.378444679308860610e-01	1.245638264561076958e-01	-2.357376356754747326e-01	9.999999999999971134e-01	-5.130468497607513223e-01	2.507194703892917653e-01	-2.199854391972271284e-01	2.151517870695168200e-01	-6.293126093213875505e-01	2.875068838050021669e-01	-1.701026812518053322e-01	1.294747329745769004e-01	-1.701968608448103382e-01	2.152756024482659625e-01	-2.232966044058620203e-01	1.456771029351904556e-01	-1.536077045702501365e-01	1.364317467893263192e-01	-1.810087949789166428e-01	1.263997954681932157e-01	-1.176417253215319009e-01	1.174107833600705753e-01	-7.709476920833216451e-02	8.234347628871677149e-02	-1.224283984973558032e-01	9.109421801706868438e-02	-1.112478748077751489e-01
4.063567743818512212e-02	-4.545829128960853643e-02	5.957212147196639523e-02	-5.568885968933274394e-02	7.611261396132328050e-02	-8.534622710824769920e-02	8.088477600690550939e-02	-8.661521870514617139e-02	7.800638467540602083e-02	-6.871606761770003569e-02	1.331239870467972597e-01	-1.515605636245404841e-01	1.356261820485823999e-01	-1.073138749586101115e-01	1.256216954673399777e-01	-9.578772195087700836e-02	1.644803959482003530e-01	-1.874452625241578296e-01	1.619446870587498422e-01	-1.478894695362147071e-01	1.589906373134954698e-01	-5.130468497607513223e-01	9.999999999999992228e-01	-5.755849325247316406e-01	2.477652272048656290e-01	-1.979266253180538560e-01	2.825722267993375780e-01	-4.118968634814075824e-01	1.823738342300356696e-01	-1.495630780215950473e-01	1.470105484863550305e-01	-1.955348644370957512e-01	2.155578041578629922e-01	-1.610106647745672692e-01	1.606335542688211993e-01	-1.275823068539577998e-01	1.622543201662592083e-01	-1.252111440536952391e-01	1.206227325575563447e-01	-1.252337691646298046e-01	7.210082284026997357e-02	-7.878827229093908480e-02	1.173157145785779509e-01	-9.125719469186203969e-02	1.090341584235291206e-01
-4.340108523747754354e-02	4.824782770315431263e-02	-6.744308810860122350e-02	6.292344498709638578e-02	-8.730939564449796686e-02	8.923600077581869683e-02	-8.604250172153954379e-02	9.685335476584840120e-02	-8.936659488379462835e-02	7.819242292867766009e-02	-1.379727350018077336e-01	1.484981098247566966e-01	-1.537943087249545593e-01	1.269104406651484496e-01	-1.591149906442448358e-01	9.162841867597210088e-02	-1.654633170600985914e-01	1.836378004361319538e-01	-2.607594676387828825e-01	2.053400987120485022e-01	-1.551893867413116634e-01	2.507194703892917653e-01	-5.755849325247316406e-01	9.999999999999991118e-01	-5.262920209810146854e-01	1.842022043584889412e-01	-2.279028080498514963e-01	2.405325637238949765e-01	-2.482996574718474014e-01	2.165246721154125698e-01	-1.416478005043917132e-01	1.661008750521761057e-01	-1.971492027072904440e-01	1.858396956864944438e-01	-2.402065078099702711e-01	1.216316713902962920e-01	-1.661506856543937816e-01	1.242241560302379255e-01	-1.457802768174710495e-01	1.491885936960014036e-01	-7.186198703509430463e-02	7.743006735506025029e-02	-1.224731134852567183e-01	9.975722224430705332e-02	-1.223479818804471680e-01
4.683476496827482238e-02	-5.279056893228183112e-02	7.165948157649848493e-02	-6.846840392685636656e-02	9.341163043338295002e-02	-9.594009274845682889e-02	9.007056014793902998e-02	-1.049164425835542730e-01	9.504316882044665238e-02	-8.699270296459127305e-02	1.347652555182963507e-01	-1.549193235488412201e-01	1.522390569669438143e-01	-1.406884920522850357e-01	1.693843890408483488e-01	-9.012905310693040961e-02	1.551046238518074827e-01	-1.850594395962974203e-01	2.198541391373160236e-01	-3.065907466228227629e-01	1.469861123291937854e-01	-2.199854391972271284e-01	2.477652272048656290e-01	-5.262920209810146854e-01	9.999999999999966693e-01	-2.008919228692395142e-01	1.819288925140034874e-01	-2.226172744831499961e-01	2.261629342386191344e-01	-4.853924401980419523e-01	1.364214811052276155e-01	-1.632219652621861861e-01	1.755990634257119098e-01	-2.093316470333759227e-01	2.806899014956816263e-01	-1.240351159256549429e-01	1.604339577404797490e-01	-1.268190897912916670e-01	1.583143383740852617e-01	-1.861905834497492307e-01	7.278583952852087091e-02	-8.043006398287336212e-02	1.215582914523198887e-01	-1.075281990195999238e-01	1.276915903381735107e-01
-5.668876597938363876e-02	6.063401716243392581e-02	-6.972610335351885069e-02	6.310570304978425915e-02	-9.208515569029369907e-02	1.187111744253982748e-01	-1.138364800485224676e-01	9.553001890984760824e-02	-8.721788030259781943e-02	7.873990598953577169e-02	-3.718051275953164203e-01	1.602553219060649237e-01	-1.274027885261384274e-01	1.020007904328579657e-01	-1.231490323174699031e-01	2.355386358483594067e-01	-1.687455504701767528e-01	1.350995631095431304e-01	-1.254464391670764012e-01	1.179452059246933887e-01	-5.057500125580228767e-01	2.151517870695168200e-01	-1.979266253180538560e-01	1.842022043584889412e-01	-2.008919228692395142e-01	9.999999999999961142e-01	-2.420343380364343988e-01	2.125474898549168379e-01	-1.776501326479358878e-01	1.313392723313864530e-01	-4.058661663457129309e-01	2.480580369591623147e-01	-2.461687127838967648e-01	1.577425259665054258e-01	-1.661544705932863630e-01	2.366008530234981200e-01	-3.228904628853887515e-01	1.746099729621289343e-01	-1.453851453490948020e-01	1.404987786582571063e-01	-1.354256508219116584e-01	1.345366858809199373e-01	-1.818919928971488020e-01	1.265478375978519032e-01	-1.624384518496562180e-01
3.825575814983540185e-02	-4.268148442452198571e-02	5.211603944094993224e-02	-4.841623630734780831e-02	6.738592206767358983e-02	-8.086724724159725930e-02	7.600421966876774738e-02	-7.455788025027236532e-02	6.694697474834918061e-02	-6.013401733091999768e-02	1.404839115273509853e-01	-1.440371078085133927e-01	1.081356024093488438e-01	-8.652505053582229544e-02	1.013515583751096877e-01	-1.037247421275516446e-01	1.544964148414066096e-01	-1.293541542827106039e-01	1.150615742413318293e-01	-1.084407119087133498e-01	1.747530790632250697e-01	-6.293126093213875505e-01	2.825722267993375780e-01	-2.279028080498514963e-01	1.819288925140034874e-01	-2.420343380364343988e-01	9.999999999999983347e-01	-4.938268884182542284e-01	1.715715009140253433e-01	-1.214536318410590482e-01	1.971378417950203910e-01	-3.638581210610078442e-01	2.671492822017738633e-01	-1.591532280844859815e-01	1.402413916924532544e-01	-1.636634458285196880e-01	1.939875167303955483e-01	-1.443916577512958099e-01	1.197006686254129398e-01	-1.212100887733036508e-01	8.620116704567562516e-02	-9.414518093750115502e-02	1.315035527400867932e-01	-9.678276549298585330e-02	1.144366415364325013e-01
-3.767104004241713516e-02	4.171944687100711396e-02	-5.340574075198305237e-02	4.941222069104325015e-02	-7.001265106546142314e-02	7.775548558137795885e-02	-7.425599688417253152e-02	7.552092008536284706e-02	-6.887701592128160633e-02	6.182412776167311996e-02	-1.393347880561243979e-01	1.281551194947828098e-01	-1.123710528774389400e-01	8.965064266474809251e-02	-1.085745363060108687e-01	9.419692351061005609e-02	-1.423102322840376632e-01	1.301766827228263979e-01	-1.265708612538213040e-01	1.170904552164235973e-01	-1.629140078255963964e-01	2.875068838050021669e-01	-4.118968634814075824e-01	2.405325637238949765e-01	-2.226172744831499961e-01	2.125474898549168379e-01	-4.938268884182542284e-01	9.999999999999982236e-01	-2.695643664115232041e-01	1.493331838895888275e-01	-2.024126616896809172e-01	2.759936410825835074e-01	-5.385588347060946690e-01	2.097336617525643876e-01	-1.757805616515721037e-01	1.630198365630816937e-01	-2.191299926480699267e-01	1.801144443458801425e-01	-1.519337309046747408e-01	1.467028774278982817e-01	-9.350759520783896717e-02	9.999370058815132412e-02	-1.706304150426019850e-01	1.173889459889631559e-01	-1.411008041777367383e-01
3.293112640043140138e-02	-3.679083022443296186e-02	4.681199601752895900e-02	-4.392947521132942179e-02	6.224697569766101529e-02	-6.689363768525299903e-02	6.294351744161608142e-02	-6.664227633022823394e-02	6.035851510653105628e-02	-5.600511652393031642e-02	1.100173791941928547e-01	-1.050153681249442056e-01	9.366595653997278337e-02	-8.001654444189278126e-02	9.530299433028251166e-02	-7.314628902065324623e-02	1.075540704931907260e-01	-1.089025744069680862e-01	1.117937523210568995e-01	-1.133436639863759920e-01	1.224246564048895453e-01	-1.701026812518053322e-01	1.823738342300356696e-01	-2.482996574718474014e-01	2.261629342386191344e-01	-1.776501326479358878e-01	1.715715009140253433e-01	-2.695643664115232041e-01	9.999999999999982236e-01	-3.193223081134105024e-01	1.355683380956514139e-01	-1.749830854450831197e-01	2.183612098679506286e-01	-7.428023106805663467e-01	2.577417347064572262e-01	-1.241920531209365630e-01	1.602065889129044018e-01	-1.482839920174614801e-01	2.372266232977977285e-01	-2.590705620899406147e-01	7.345568312205089101e-02	-8.163889748417396675e-02	1.369086900597528689e-01	-1.343084941113828479e-01	1.482486768577510883e-01
-2.835120189271771868e-02	3.173066820740799709e-02	-4.248625094663050633e-02	4.006177950882598704e-02	-5.613074192840452475e-02	5.756294768906206061e-02	-5.444720176793967081e-02	6.096081850774626859e-02	-5.570671753171280854e-02	5.096107815035352123e-02	-8.778561822517731705e-02	9.102840109543523794e-02	-8.861562563768508871e-02	7.786423028826493231e-02	-9.698420135424593025e-02	5.785729138847159336e-02	-9.339031324078296559e-02	1.021667118603840907e-01	-1.196190091628598767e-01	1.305632821368494234e-01	-9.599044540609742715e-02	1.294747329745769004e-01	-1.495630780215950473e-01	2.165246721154125698e-01	-4.853924401980419523e-01	1.313392723313864530e-01	-1.214536318410590482e-01	1.493331838895888275e-01	-3.193223081134105024e-01	1.000000000000001998e+00	-9.587171564507472599e-02	1.138735614133747631e-01	-1.331795802963768871e-01	2.237809993107293671e-01	-7.199161686431631013e-01	8.746986518419583301e-02	-1.167007523942514696e-01	1.006360558486115997e-01	-1.765918512617175584e-01	1.973821804425150983e-01	-5.283671419581981166e-02	5.818051184692408367e-02	-9.820335839322938409e-02	9.564195187107102369e-02	-1.163481130392097912e-01
3.191287449812184318e-02	-3.515325633178439935e-02	4.183650797766758078e-02	-3.863304685858018339e-02	5.580467004153248645e-02	-6.562194024746749454e-02	6.178452825395611137e-02	-5.846965781082749669e-02	5.292710203552072196e-02	-4.900712581945818047e-02	1.422745821784588971e-01	-9.798885935868380248e-02	7.958890420014202993e-02	-6.514810959440880955e-02	7.747325746760171106e-02	-9.600636000941858983e-02	1.012345509554817280e-01	-8.891001692833287728e-02	8.293402679584864490e-02	-7.931505141316073926e-02	1.703215212071370610e-01	-1.701968608448103382e-01	1.470105484863550305e-01	-1.416478005043917132e-01	1.364214811052276155e-01	-4.058661663457129309e-01	1.971378417950203910e-01	-2.024126616896809172e-01	1.355683380956514139e-01	-9.587171564507472599e-02	9.999999999999991118e-01	-5.183776616473433352e-01	2.414261155836701367e-01	-1.340024686236788165e-01	1.164934935738370092e-01	-5.814174144859989291e-01	3.010012371238869888e-01	-1.686112591463767296e-01	1.127699627761037798e-01	-1.121280603086224903e-01	1.665489960633121380e-01	-1.779797540628932362e-01	1.518475746811536742e-01	-1.040211060367641216e-01	1.208615332022735245e-01
-3.325916206171308787e-02	3.667236090405378429e-02	-4.505943084112187108e-02	4.159901629308302567e-02	-5.972756011306244728e-02	6.843171277958227938e-02	-6.500783229060171087e-02	6.317131589903715594e-02	-5.742726477827994613e-02	5.245831054337069671e-02	-1.382456624073863938e-01	1.070481865730851939e-01	-8.918200546826536568e-02	7.222524096564637841e-02	-8.674513181001358708e-02	9.172091393951599392e-02	-1.153071875976113825e-01	1.005247776174268276e-01	-9.560093959253916640e-02	9.038755783575261327e-02	-1.621639492018364104e-01	2.152756024482659625e-01	-1.955348644370957512e-01	1.661008750521761057e-01	-1.632219652621861861e-01	2.480580369591623147e-01	-3.638581210610078442e-01	2.759936410825835074e-01	-1.749830854450831197e-01	1.138735614133747631e-01	-5.183776616473433352e-01	9.999999999999977796e-01	-5.457862931331242118e-01	1.677011973006558299e-01	-1.394450107496665037e-01	2.583773792283689530e-01	-3.414316344917183721e-01	1.960290820310354176e-01	-1.344020627334353846e-01	1.283055609867537472e-01	-1.277784991909191870e-01	1.310077585417540880e-01	-1.792976202287571152e-01	1.158641244918542090e-01	-1.374478762528752451e-01
3.471527268979742592e-02	-3.856968553313060155e-02	4.749339811695463265e-02	-4.415376208491272186e-02	6.301830396510244015e-02	-7.120939818010481315e-02	6.707530074199649639e-02	-6.709043240285567089e-02	6.069037752756172716e-02	-5.594493120695592792e-02	1.306504156709539233e-01	-1.125468212046911165e-01	9.424350666186732950e-02	-7.740935163316284284e-02	9.195398585281037984e-02	-8.849041681218652866e-02	1.176189176135730291e-01	-1.087908936735010879e-01	1.029689956320319622e-01	-9.872919227665601094e-02	1.509125540050291203e-01	-2.232966044058620203e-01	2.155578041578629922e-01	-1.971492027072904440e-01	1.755990634257119098e-01	-2.461687127838967648e-01	2.671492822017738633e-01	-5.385588347060946690e-01	2.183612098679506286e-01	-1.331795802963768871e-01	2.414261155836701367e-01	-5.457862931331242118e-01	9.999999999999967804e-01	-2.687238847013631027e-01	1.571492840619154452e-01	-2.105832365121914629e-01	2.436602615157682228e-01	-3.029611799066722067e-01	1.617915977908079839e-01	-1.569644940009279344e-01	1.104217329177656359e-01	-1.232323476295986153e-01	2.046380780606744665e-01	-1.370577823941164231e-01	1.517839207650326094e-01
-2.909218643503293580e-02	3.233230009599457472e-02	-4.152082287015768786e-02	3.872652760481733875e-02	-5.540779768667913885e-02	5.893767260185528434e-02	-5.589058122129961226e-02	5.863690312786442455e-02	-5.348390076732239401e-02	4.929936366525102670e-02	-1.009829057946219494e-01	9.188430939231022332e-02	-8.332698505186972304e-02	7.021236023875024324e-02	-8.527786841671738949e-02	6.627856514975967450e-02	-9.608284589043952773e-02	9.464863649582622163e-02	-9.865559610119604972e-02	9.782847735126137811e-02	-1.122679658854765644e-01	1.456771029351904556e-01	-1.610106647745672692e-01	1.858396956864944438e-01	-2.093316470333759227e-01	1.577425259665054258e-01	-1.591532280844859815e-01	2.097336617525643876e-01	-7.428023106805663467e-01	2.237809993107293671e-01	-1.340024686236788165e-01	1.677011973006558299e-01	-2.687238847013631027e-01	1.000000000000000222e+00	-2.969547990320425823e-01	1.189571311080513255e-01	-1.622776276562801490e-01	1.532912264196348018e-01	-3.737202089320887377e-01	2.500419689149190883e-01	-7.229232187100562146e-02	7.900990611844292688e-02	-1.479799522321396110e-01	1.426271736751224539e-01	-1.634576798786145369e-01
