1.000000000000000222e+00	-6.848972842649908577e-01	2.557275005164828530e-01	-6.747484681786666827e-02	6.179289767933075772e-02	-4.886759935512408615e-01	3.024190730941834215e-01	-3.333466693026178596e-01	5.298241643198833145e-02	-4.630132300076352653e-02	1.811848510232060838e-01	-1.758046118452319673e-01	1.865124465677099608e-01	-6.381331664069009313e-02	5.647984070984839178e-02	-1.398611425837677780e-01	1.212287623366701678e-01	-1.050318934472510846e-01	6.994907660258226079e-02	-9.453206892808413420e-02	1.124138002922558943e-01	-9.075494752748929084e-02	7.589754001349356682e-02	-6.416260658833171371e-02	6.772549442938619046e-02	-8.922005098381599608e-02	8.102570587752450093e-02	-9.270051936649349733e-02	6.246842203443889879e-02	-5.888392810463489307e-02	4.667866874143857675e-02	-4.841142822025847059e-02	6.951241054905393790e-02	-5.364196572209838088e-02	4.927708238912427430e-02	-4.481861165510356987e-02	4.576128314835747196e-02	-4.533768037115184363e-02	5.203647913197342184e-02	-4.819631426846997940e-02	4.418878798986233813e-02	-4.421350179102271488e-02	5.524834649349825294e-02	-3.653303613767755476e-02	5.161159341881212115e-02
-6.848972842649908577e-01	9.999999999999996669e-01	-4.591120795784192632e-01	6.556949813062444565e-02	-5.786130074879029805e-02	2.778302204258388253e-01	-3.965597404815902061e-01	2.870510229345559772e-01	-5.299872179827693625e-02	4.220129684286170330e-02	-1.688130384458733924e-01	1.567108716888645503e-01	-1.822831211697171772e-01	5.521499058712182884e-02	-4.992479517698787672e-02	1.168204490247452959e-01	-1.106486249846500708e-01	8.840822825446693900e-02	-5.981113738911338767e-02	7.875413541771845993e-02	-9.740729016596606782e-02	7.728094186399329935e-02	-6.461111385886546266e-02	5.401921734257627422e-02	-5.745712056842947751e-02	7.447302326290268504e-02	-6.944798604315584323e-02	7.731673290808172005e-02	-5.305452718501998954e-02	4.942866755624242270e-02	-3.931685600514802509e-02	4.074322388098968600e-02	-5.878144279016041945e-02	4.503867843165482165e-02	-4.155909827140387425e-02	3.757837842330096628e-02	-3.860539216535411461e-02	3.817647782815362240e-02	-4.391107687591263437e-02	4.043887200728309150e-02	-3.715085886600293097e-02	3.694567932566168722e-02	-4.667332644571199618e-02	3.078773979557003493e-02	-4.360722926904033597e-02
2.557275005164828530e-01	-4.591120795784192632e-01	9.999999999999997780e-01	-1.014727915681177262e-01	6.978420238998178649e-02	-1.767378431104066616e-01	1.980457653898032855e-01	-7.991116240708717733e-01	7.368943715755048307e-02	-5.080019443869497608e-02	1.271579560295190148e-01	-1.261828908391893489e-01	1.769891245815018166e-01	-5.963662656421776787e-02	5.434523687273227349e-02	-1.004142678596465776e-01	8.965520198472824720e-02	-8.528386879193149139e-02	5.864838088322782417e-02	-7.852256597954890283e-02	8.664783212058776996e-02	-6.965868283025455909e-02	5.972979509406044218e-02	-5.082935320040156413e-02	5.441221248672804128e-02	-6.873924780520787592e-02	6.268312059787564672e-02	-7.265269050062758693e-02	4.959464638743448645e-02	-4.698634615891681549e-02	3.633897443392935384e-02	-3.773356796662231949e-02	5.478923001604657506e-02	-4.230069104431279092e-02	3.903327777109705243e-02	-3.488694942625894524e-02	3.576381161042908874e-02	-3.569654314353012253e-02	4.111016093345081640e-02	-3.809055564048934722e-02	3.463803712894489989e-02	-3.458136900134999026e-02	4.358059557805257778e-02	-2.884555477816701241e-02	4.080937888842973288e-02
-6.747484681786666827e-02	6.556949813062444565e-02	-1.014727915681177262e-01	9.999999999999997780e-01	-4.328254507426836928e-01	5.059728618097990294e-02	-5.423246055871623617e-02	9.086980635452494848e-02	-8.115231185349501830e-01	2.843951654686725505e-01	-8.552768006963999692e-02	6.939491129784740309e-02	-1.155601882993448487e-01	2.017364758874393982e-01	-2.160902105190052880e-01	7.276531976933722778e-02	-6.704501471728996354e-02	1.031224040294261152e-01	-1.077838866391217787e-01	1.291520847860821164e-01	-8.639470825863793113e-02	6.571917498909322919e-02	-6.612660343181689382e-02	5.931316026271050285e-02	-7.275305382904381779e-02	6.562775123065797689e-02	-6.260298821982829276e-02	7.561734648078752286e-02	-5.983083446990592608e-02	5.805391024952201440e-02	-3.741815911964031793e-02	3.910690553983339063e-02	-6.155807410752232867e-02	4.729584166813695367e-02	-4.556682786437627614e-02	3.568566051535767419e-02	-3.782565216534333752e-02	3.953610775445397241e-02	-4.680105352823363263e-02	4.321744511911945058e-02	-3.701796307839930189e-02	3.606003331591257910e-02	-4.909431468404687471e-02	3.257067434507693315e-02	-4.667893402792930302e-02
6.179289767933075772e-02	-5.786130074879029805e-02	6.978420238998178649e-02	-4.328254507426836928e-01	9.999999999999996669e-01	-5.072880038386151647e-02	5.318074183410983341e-02	-7.590628095452826851e-02	2.928475365417955723e-01	-7.425136112511314668e-01	9.700933989041253536e-02	-8.030570293299736651e-02	1.259344583343460777e-01	-3.072294604258043460e-01	2.644457869398300631e-01	-8.906486603299412774e-02	8.109217923791139926e-02	-1.434277720002946621e-01	1.441812010742457573e-01	-1.986657207977033657e-01	1.041623841324259836e-01	-8.349528654816151807e-02	8.554598148853241601e-02	-7.850431627270386403e-02	9.460658490585259484e-02	-8.306806276238259956e-02	7.835809536304870482e-02	-9.923754741295981452e-02	7.671659763753907457e-02	-7.772063928563374691e-02	4.661263441072895086e-02	-4.892812416751756571e-02	7.626393164612964293e-02	-5.990579465951868798e-02	5.742878503485101399e-02	-4.466262083673933070e-02	4.696472733837860764e-02	-4.903555531103324927e-02	5.777611863623088873e-02	-5.490858875936645289e-02	4.561927457218604987e-02	-4.504500405541680963e-02	6.010319493608833052e-02	-4.015067118897069215e-02	5.692490044207294819e-02
-4.886759935512408615e-01	2.778302204258388253e-01	-1.767378431104066616e-01	5.059728618097990294e-02	-5.072880038386151647e-02	9.999999999999996669e-01	-7.486017850060626699e-01	1.933470285668235367e-01	-4.136772689373587053e-02	3.781249392818882005e-02	-2.577633771552503283e-01	2.075957301924509224e-01	-1.793935504498562483e-01	5.470242960531101345e-02	-4.873382287217579989e-02	1.441943055682984587e-01	-1.412528826221657319e-01	9.632731230467155015e-02	-6.383795615443847715e-02	8.304691934124705521e-02	-1.099365885425918898e-01	8.857684138951352204e-02	-7.200972905844793548e-02	5.911371110871714574e-02	-6.208605300367120439e-02	8.275134009807151581e-02	-7.849491388500169642e-02	8.496509924814704684e-02	-5.798019717046866417e-02	5.340666002534875251e-02	-4.330985039649102447e-02	4.485279529644507074e-02	-6.397045590635340451e-02	4.885649767326091797e-02	-4.496323545703926478e-02	4.128310512164296009e-02	-4.235777453934534698e-02	4.142929689247257241e-02	-4.748375441499817773e-02	4.372869455375411746e-02	-4.041282513252034830e-02	4.021042346491781466e-02	-5.053284772838333855e-02	3.326911920219274149e-02	-4.703581266921962739e-02
3.024190730941834215e-01	-3.965597404815902061e-01	1.980457653898032855e-01	-5.423246055871623617e-02	5.318074183410983341e-02	-7.486017850060626699e-01	9.999999999999998890e-01	-2.639913007946430579e-01	4.390691009331857547e-02	-3.984398776604021475e-02	2.139235639143590995e-01	-2.969354695633825703e-01	1.840785649593453532e-01	-5.779108078366559237e-02	5.123463732457418651e-02	-1.540726829260858355e-01	1.511840528707433240e-01	-1.030497644856760847e-01	6.734222428740595234e-02	-8.794125512775828601e-02	1.130621469212873820e-01	-9.474847124871173254e-02	7.581915748965163682e-02	-6.216701417379914135e-02	6.483029668196059470e-02	-8.679296175124680268e-02	8.193720770736877268e-02	-8.959397969328269928e-02	6.055101300052196517e-02	-5.592283292806342343e-02	4.514879683986294107e-02	-4.682363059935266275e-02	6.653162220140616812e-02	-5.094252705112349566e-02	4.680087530549293523e-02	-4.309242082492843046e-02	4.410417300814874902e-02	-4.309495401398988346e-02	4.932403449370075660e-02	-4.557679294538016096e-02	4.201194260913450329e-02	-4.191122319341641922e-02	5.244756214287290413e-02	-3.455873029985045974e-02	4.877821050059175795e-02
-3.333466693026178596e-01	2.870510229345559772e-01	-7.991116240708717733e-01	9.086980635452494848e-02	-7.590628095452826851e-02	1.933470285668235367e-01	-2.639913007946430579e-01	9.999999999999992228e-01	-7.500357299151985679e-02	5.415993291816352528e-02	-1.588735750905050370e-01	1.496808257793638408e-01	-2.690062257005783053e-01	6.590281094781133553e-02	-6.041436239301790911e-02	1.173019004654867609e-01	-1.084914814649037829e-01	9.879352529396547011e-02	-6.759239314158660417e-02	8.910463647465419190e-02	-1.027871631770749528e-01	8.144617265710840659e-02	-6.976605080504962031e-02	5.892519656255865157e-02	-6.320836265117200925e-02	7.974141738892022435e-02	-7.365653002765036594e-02	8.396185735253433591e-02	-5.781211078285775767e-02	5.431047925330053511e-02	-4.234444899893699543e-02	4.393079434133517064e-02	-6.390669479896088356e-02	4.911014015465902521e-02	-4.540485515581014347e-02	4.054968152612856147e-02	-4.169740322846925834e-02	4.155150914772708093e-02	-4.789962687726299906e-02	4.419057173960110746e-02	-4.032183590782175558e-02	4.011301140535097204e-02	-5.083605439106023138e-02	3.359146256495935262e-02	-4.760411709777816192e-02
5.298241643198833145e-02	-5.299872179827693625e-02	7.368943715755048307e-02	-8.115231185349501830e-01	2.928475365417955723e-01	-4.136772689373587053e-02	4.390691009331857547e-02	-7.500357299151985679e-02	9.999999999999994449e-01	-4.182809089410912118e-01	7.087982626407836328e-02	-5.868121527823187689e-02	9.422035678723959806e-02	-2.601631444282374028e-01	2.096814131132785919e-01	-6.245418118539863145e-02	5.778569119761962219e-02	-9.789231000991624465e-02	1.056094199433372655e-01	-1.271890113602939798e-01	7.327063233815310495e-02	-5.744791348359957334e-02	5.889383186209356386e-02	-5.289297512164189974e-02	6.465570864632552706e-02	-5.656037689367971605e-02	5.417315842312998841e-02	-6.673520401818565373e-02	5.258181254341285499e-02	-5.170142750209335419e-02	3.205883621472702810e-02	-3.358736578486982288e-02	5.274791370878655766e-02	-4.082038978200568102e-02	3.932991040233817931e-02	-3.059216237737746175e-02	3.236828173874956721e-02	-3.378571772357615716e-02	3.993054835053290452e-02	-3.732659694781616938e-02	3.147833422268365294e-02	-3.080889645576831773e-02	4.171995494415597916e-02	-2.774723329407992323e-02	3.958571912741722099e-02
-4.630132300076352653e-02	4.220129684286170330e-02	-5.080019443869497608e-02	2.843951654686725505e-01	-7.425136112511314668e-01	3.781249392818882005e-02	-3.984398776604021475e-02	5.415993291816352528e-02	-4.182809089410912118e-01	9.999999999999992228e-01	-7.515515511389825321e-02	6.103633708199153463e-02	-9.899203507084483600e-02	2.526357119273749952e-01	-3.964320417361608118e-01	6.719457043609805558e-02	-6.242286609486085575e-02	1.088165929742716254e-01	-1.202258748598295096e-01	1.532656108831260133e-01	-8.125558929429962940e-02	6.358990523824255281e-02	-6.608661627180127673e-02	6.010023511753204845e-02	-7.521613958315255533e-02	6.275171645515303931e-02	-6.029069134348637171e-02	7.462657494568045169e-02	-5.988539102844425005e-02	5.947402159385897086e-02	-3.576644841059489766e-02	3.751294304716720068e-02	-5.930563810569232375e-02	4.603308558161593039e-02	-4.457868012070844571e-02	3.412909669711064464e-02	-3.619373920020702018e-02	3.795037086031157608e-02	-4.496507703748748447e-02	4.219512870767008761e-02	-3.519889840347908971e-02	3.442978145417917302e-02	-4.686497010124793250e-02	3.120928803642702629e-02	-4.451934337609239623e-02
1.811848510232060838e-01	-1.688130384458733924e-01	1.271579560295190148e-01	-8.552768006963999692e-02	9.700933989041253536e-02	-2.577633771552503283e-01	2.139235639143590995e-01	-1.588735750905050370e-01	7.087982626407836328e-02	-7.515515511389825321e-02	1.000000000000001554e+00	-5.321131847647389002e-01	3.004060824347131176e-01	-1.220932232267233353e-01	1.055404152899618586e-01	-5.212599182433201861e-01	3.082215340908766033e-01	-2.320049008665661938e-01	1.480249278832552473e-01	-2.001546527199908887e-01	2.622665344853792324e-01	-2.180067156785439608e-01	1.715619581496816426e-01	-1.426854886733781025e-01	1.460087248367192003e-01	-2.100412753371296570e-01	1.859270709999207016e-01	-2.100309222573219503e-01	1.368686764889392449e-01	-1.281708685716875240e-01	1.055758555819273359e-01	-1.093134805084103461e-01	1.518437059558396529e-01	-1.175068325966946714e-01	1.068126988579207043e-01	-1.015245352079045815e-01	1.021519991739876648e-01	-9.903784728426373585e-02	1.124981656138658720e-01	-1.049281681412033984e-01	9.725253089240132320e-02	-9.823953923020346812e-02	1.195851053943988024e-01	-7.895961781040283789e-02	1.107444699927922216e-01
-1.758046118452319673e-01	1.567108716888645503e-01	-1.261828908391893489e-01	6.939491129784740309e-02	-8.030570293299736651e-02	2.075957301924509224e-01	-2.969354695633825703e-01	1.496808257793638408e-01	-5.868121527823187689e-02	6.103633708199153463e-02	-5.321131847647389002e-01	1.000000000000000222e+00	-4.092916580997508214e-01	9.849839873290101855e-02	-8.744082386953110075e-02	3.077732947367375349e-01	-5.574817879713734881e-01	1.994052115111789591e-01	-1.295372107104475756e-01	1.566722916634693819e-01	-2.295053152532809948e-01	2.007126420082112617e-01	-1.546659093619609515e-01	1.184106434875770580e-01	-1.222244020999899983e-01	1.641506356573352865e-01	-1.711935107830580283e-01	1.689951788763671692e-01	-1.165221823840124488e-01	1.037041542189294507e-01	-8.588904784708702167e-02	8.910910866219205750e-02	-1.253748654554937836e-01	9.452437080865969121e-02	-8.706517901395563475e-02	8.097747217098366646e-02	-8.375714550431224981e-02	8.020248918147625250e-02	-9.156217719435282010e-02	8.408385715260956184e-02	-7.812080172080834717e-02	7.731579130950594347e-02	-9.762151498493443214e-02	6.394607325571764755e-02	-9.027382508120554427e-02
1.865124465677099608e-01	-1.822831211697171772e-01	1.769891245815018166e-01	-1.155601882993448487e-01	1.259344583343460777e-01	-1.793935504498562483e-01	1.840785649593453532e-01	-2.690062257005783053e-01	9.422035678723959806e-02	-9.899203507084483600e-02	3.004060824347131176e-01	-4.092916580997508214e-01	1.000000000000000666e+00	-1.633557539662287283e-01	1.373921510849027972e-01	-3.033235542528163742e-01	2.578479956872932743e-01	-3.186294210369173263e-01	1.904131117287435337e-01	-2.652131935967658727e-01	2.645215026853982576e-01	-2.254921573659667833e-01	1.972922463982381691e-01	-1.688610475882942608e-01	1.761757336571244947e-01	-2.251775080423630560e-01	1.988761227966562573e-01	-2.455909529139721492e-01	1.610267866590715524e-01	-1.553165120325724902e-01	1.178178908210836262e-01	-1.228101805928352996e-01	1.776059174165907362e-01	-1.388877026221289335e-01	1.271077752705196684e-01	-1.139548059529135599e-01	1.158621615109980824e-01	-1.162895116847569160e-01	1.334201989710864233e-01	-1.251922133848897833e-01	1.127735831203730554e-01	-1.138318937700488476e-01	1.409896241318020493e-01	-9.381293950229357970e-02	1.320029517278820952e-01
-6.381331664069009313e-02	5.521499058712182884e-02	-5.963662656421776787e-02	2.017364758874393982e-01	-3.072294604258043460e-01	5.470242960531101345e-02	-5.779108078366559237e-02	6.590281094781133553e-02	-2.601631444282374028e-01	2.526357119273749952e-01	-1.220932232267233353e-01	9.849839873290101855e-02	-1.633557539662287283e-01	9.999999999999998890e-01	-7.444420591332742143e-01	1.091130895140957069e-01	-1.074770798763417107e-01	2.058382681944786741e-01	-3.600964357683669737e-01	2.673746628091112632e-01	-1.376479534471563848e-01	1.077282272234700716e-01	-1.194684297618778535e-01	1.037350251223702474e-01	-1.333141935965009017e-01	1.024569853690324717e-01	-1.027653726905560228e-01	1.242662962470161281e-01	-1.051402818141779910e-01	1.003189256482029112e-01	-5.943686757736239140e-02	6.238775336660510457e-02	-1.004626287400019885e-01	7.669328691292483235e-02	-7.523886414341987572e-02	5.629310865323078339e-02	-6.040738926458923130e-02	6.337650625148144590e-02	-7.546965598888197291e-02	7.014231721540634124e-02	-5.825483428968629418e-02	5.643181187991495873e-02	-7.867076060489044953e-02	5.219112518646890075e-02	-7.476569726122875292e-02
5.647984070984839178e-02	-4.992479517698787672e-02	5.434523687273227349e-02	-2.160902105190052880e-01	2.644457869398300631e-01	-4.873382287217579989e-02	5.123463732457418651e-02	-6.041436239301790911e-02	2.096814131132785919e-01	-3.964320417361608118e-01	1.055404152899618586e-01	-8.744082386953110075e-02	1.373921510849027972e-01	-7.444420591332742143e-01	1.000000000000001110e+00	-9.829518812059469257e-02	9.404565862818460575e-02	-1.942332416717531818e-01	2.351139951858476351e-01	-3.419303857109602385e-01	1.189216952461382704e-01	-9.723668412682688611e-02	1.058157131590735933e-01	-9.657240414642559445e-02	1.234524243576865937e-01	-9.228667235160060989e-02	9.085748737878585057e-02	-1.149522805079485344e-01	9.425441321197480793e-02	-9.617086446413729284e-02	5.265401877346269355e-02	-5.546736304024580538e-02	8.831222566534424612e-02	-6.908496364439779824e-02	6.752893973760812352e-02	-5.010845653817537493e-02	5.333285540104001216e-02	-5.597742708594213856e-02	6.644995200743485098e-02	-6.350615366474045287e-02	5.118011723291210346e-02	-5.013281208945954970e-02	6.870950222460447954e-02	-4.590626227343282129e-02	6.515749893351652222e-02
-1.398611425837677780e-01	1.168204490247452959e-01	-1.004142678596465776e-01	7.276531976933722778e-02	-8.906486603299412774e-02	1.441943055682984587e-01	-1.540726829260858355e-01	1.173019004654867609e-01	-6.245418118539863145e-02	6.719457043609805558e-02	-5.212599182433201861e-01	3.077732947367375349e-01	-3.033235542528163742e-01	1.091130895140957069e-01	-9.829518812059469257e-02	1.000000000000001554e+00	-5.750039920441232244e-01	2.179502723206101777e-01	-1.460004864226161214e-01	1.744717883699628547e-01	-4.190350286802904667e-01	2.416463217111612383e-01	-1.836455581784576518e-01	1.404262241672717404e-01	-1.461105414528555968e-01	2.126183356907958566e-01	-2.152681593800962190e-01	2.006937150079609600e-01	-1.404479794341151888e-01	1.230466965909641219e-01	-1.090204665775983128e-01	1.114505505008136776e-01	-1.544458674996768144e-01	1.149371540327805558e-01	-1.059661587459567594e-01	1.016840581772009700e-01	-1.050404679183797041e-01	9.865413911535858560e-02	-1.123454216874116701e-01	1.018501283920630052e-01	-9.720756032783151035e-02	9.534564523142233239e-02	-1.205631519678244529e-01	7.839878723123204496e-02	-1.109780766676007613e-01
1.212287623366701678e-01	-1.106486249846500708e-01	8.965520198472824720e-02	-6.704501471728996354e-02	8.109217923791139926e-02	-1.412528826221657319e-01	1.511840528707433240e-01	-1.084914814649037829e-01	5.778569119761962219e-02	-6.242286609486085575e-02	3.082215340908766033e-01	-5.574817879713734881e-01	2.578479956872932743e-01	-1.074770798763417107e-01	9.404565862818460575e-02	-5.750039920441232244e-01	1.000000000000000666e+00	-2.827950830334938215e-01	1.521951703759081287e-01	-1.762435363343959616e-01	2.581923416763140522e-01	-3.451310662719000444e-01	1.935864402632883341e-01	-1.399230486494951464e-01	1.352952232378478725e-01	-1.921475884562125480e-01	2.051845035009579321e-01	-2.013397588009386563e-01	1.317591808883488980e-01	-1.146360688060332200e-01	9.619996606362976599e-02	-1.008134290560366159e-01	1.366673805952150766e-01	-1.027484472093974227e-01	9.392756755692972803e-02	-9.038085849231933255e-02	9.271968229784076365e-02	-8.648068396700968330e-02	9.771054609919693767e-02	-9.048617717019917517e-02	8.385128446716139106e-02	-8.337063599090510646e-02	1.040870913727891811e-01	-6.800099176414409197e-02	9.528358143404824787e-02
-1.050318934472510846e-01	8.840822825446693900e-02	-8.528386879193149139e-02	1.031224040294261152e-01	-1.434277720002946621e-01	9.632731230467155015e-02	-1.030497644856760847e-01	9.879352529396547011e-02	-9.789231000991624465e-02	1.088165929742716254e-01	-2.320049008665661938e-01	1.994052115111789591e-01	-3.186294210369173263e-01	2.058382681944786741e-01	-1.942332416717531818e-01	2.179502723206101777e-01	-2.827950830334938215e-01	1.000000000000001110e+00	-5.847743860438634478e-01	3.036820601746467174e-01	-2.684602627386108442e-01	2.345959244301726310e-01	-3.736944271888653635e-01	2.056297028642096458e-01	-2.293405797991593664e-01	1.927737177874458696e-01	-2.152631027353994753e-01	2.524228925711781146e-01	-2.082040274740289687e-01	1.699654674384117048e-01	-1.115162241636256935e-01	1.173276419990536973e-01	-1.890013013515819684e-01	1.381020329200421115e-01	-1.339436655985623281e-01	1.041971265423796422e-01	-1.128388129414395480e-01	1.149695702577406553e-01	-1.354801647387952890e-01	1.235633879303156962e-01	-1.054275867657683552e-01	1.016484571469244702e-01	-1.423269574324200759e-01	9.334775166102902977e-02	-1.335501697056515058e-01
6.994907660258226079e-02	-5.981113738911338767e-02	5.864838088322782417e-02	-1.077838866391217787e-01	1.441812010742457573e-01	-6.383795615443847715e-02	6.734222428740595234e-02	-6.759239314158660417e-02	1.056094199433372655e-01	-1.202258748598295096e-01	1.480249278832552473e-01	-1.295372107104475756e-01	1.904131117287435337e-01	-3.600964357683669737e-01	2.351139951858476351e-01	-1.460004864226161214e-01	1.521951703759081287e-01	-5.847743860438634478e-01	1.000000000000002665e+00	-6.037472677287988310e-01	1.711102678565391277e-01	-1.539990154094171559e-01	1.858124324126151916e-01	-1.558308974371611089e-01	1.833062965349260831e-01	-1.312326503677882505e-01	1.367957543799661613e-01	-1.787818291171436869e-01	1.436895772953085682e-01	-1.390473281764691149e-01	7.478515472446853329e-02	-7.912700286294253871e-02	1.265061834707895960e-01	-9.754569603632586017e-02	9.554447866938808875e-02	-7.065070666806308464e-02	7.566071162071620615e-02	-7.853579665540438848e-02	9.298301069661693563e-02	-8.884463864817508660e-02	7.111016326177463376e-02	-6.943396247791182307e-02	9.605344595458795154e-02	-6.395113403709729027e-02	9.058290737970053907e-02
-9.453206892808413420e-02	7.875413541771845993e-02	-7.852256597954890283e-02	1.291520847860821164e-01	-1.986657207977033657e-01	8.304691934124705521e-02	-8.794125512775828601e-02	8.910463647465419190e-02	-1.271890113602939798e-01	1.532656108831260133e-01	-2.001546527199908887e-01	1.566722916634693819e-01	-2.652131935967658727e-01	2.673746628091112632e-01	-3.419303857109602385e-01	1.744717883699628547e-01	-1.762435363343959616e-01	3.036820601746467174e-01	-6.037472677287988310e-01	1.000000000000001554e+00	-2.356802570936743502e-01	1.791150260956011486e-01	-2.059670198920755813e-01	1.901576286082390654e-01	-3.406665914375023863e-01	1.704977297754204923e-01	-1.748516304154934253e-01	2.058182180681357165e-01	-1.994240995059738952e-01	1.997102703450733818e-01	-1.018181771650707723e-01	1.071071123588058643e-01	-1.782466782854993381e-01	1.364560840606109937e-01	-1.398545876463178073e-01	9.602801555801135369e-02	-1.044821197500785531e-01	1.115841915432961573e-01	-1.350486195593120498e-01	1.263573763284654705e-01	-1.004569561054906440e-01	9.652249780928268130e-02	-1.392978234170184626e-01	9.269017232595511135e-02	-1.333009034393785042e-01
1.124138002922558943e-01	-9.740729016596606782e-02	8.664783212058776996e-02	-8.639470825863793113e-02	1.041623841324259836e-01	-1.099365885425918898e-01	1.130621469212873820e-01	-1.027871631770749528e-01	7.327063233815310495e-02	-8.125558929429962940e-02	2.622665344853792324e-01	-2.295053152532809948e-01	2.645215026853982576e-01	-1.376479534471563848e-01	1.189216952461382704e-01	-4.190350286802904667e-01	2.581923416763140522e-01	-2.684602627386108442e-01	1.711102678565391277e-01	-2.356802570936743502e-01	1.000000000000000888e+00	-3.992111969914585168e-01	2.411890728655219363e-01	-1.957928388044128942e-01	1.855939186783910899e-01	-4.971699079922422548e-01	2.980385825449776704e-01	-3.092004054215558018e-01	1.807194587616483827e-01	-1.676786341164658856e-01	1.841220200080453395e-01	-1.811013141554905226e-01	2.099919504086604771e-01	-1.628725730797584148e-01	1.420852079892763464e-01	-1.761358612780748456e-01	1.609459172092468637e-01	-1.387479365646330509e-01	1.502132199467018092e-01	-1.415546448944249580e-01	1.440155036125868038e-01	-1.497171248637540475e-01	1.621789003039502408e-01	-1.053951534480674912e-01	1.441511308024414628e-01
-9.075494752748929084e-02	7.728094186399329935e-02	-6.965868283025455909e-02	6.571917498909322919e-02	-8.349528654816151807e-02	8.857684138951352204e-02	-9.474847124871173254e-02	8.144617265710840659e-02	-5.744791348359957334e-02	6.358990523824255281e-02	-2.180067156785439608e-01	2.007126420082112617e-01	-2.254921573659667833e-01	1.077282272234700716e-01	-9.723668412682688611e-02	2.416463217111612383e-01	-3.451310662719000444e-01	2.345959244301726310e-01	-1.539990154094171559e-01	1.791150260956011486e-01	-3.992111969914585168e-01	1.000000000000003331e+00	-4.679958143426398709e-01	2.050164291880521850e-01	-1.783215921783630198e-01	2.746470956389663320e-01	-5.636391826041066144e-01	2.970025789290933749e-01	-1.968418038462457498e-01	1.485542928268255569e-01	-1.422289856499991123e-01	1.526668815451330263e-01	-1.899593939533982256e-01	1.357044404169571450e-01	-1.227328652355555161e-01	1.269160038230784382e-01	-1.371958599819636804e-01	1.151776488296219758e-01	-1.271311140377711091e-01	1.165555171951642571e-01	-1.114588201011167679e-01	1.090402398231553327e-01	-1.368024196114536184e-01	8.768176503550551004e-02	-1.217383367559344565e-01
7.589754001349356682e-02	-6.461111385886546266e-02	5.972979509406044218e-02	-6.612660343181689382e-02	8.554598148853241601e-02	-7.200972905844793548e-02	7.581915748965163682e-02	-6.976605080504962031e-02	5.889383186209356386e-02	-6.608661627180127673e-02	1.715619581496816426e-01	-1.546659093619609515e-01	1.972922463982381691e-01	-1.194684297618778535e-01	1.058157131590735933e-01	-1.836455581784576518e-01	1.935864402632883341e-01	-3.736944271888653635e-01	1.858124324126151916e-01	-2.059670198920755813e-01	2.411890728655219363e-01	-4.679958143426398709e-01	1.000000000000001332e+00	-4.209234814062607910e-01	2.091736791223172409e-01	-2.075628159096391534e-01	2.616960648945659829e-01	-5.544402825760236242e-01	2.504277448081554391e-01	-1.776982130715905328e-01	1.120508211765043755e-01	-1.225174269861663279e-01	1.914124733335306472e-01	-1.398388495544885535e-01	1.262420041911773427e-01	-1.043369092848206586e-01	1.115817549862597874e-01	-1.091707145874236118e-01	1.230629689356217138e-01	-1.183841504002986073e-01	9.641301846610575432e-02	-9.570332099102622780e-02	1.277232633136604345e-01	-8.408834364330144973e-02	1.158251113918246367e-01
-6.416260658833171371e-02	5.401921734257627422e-02	-5.082935320040156413e-02	5.931316026271050285e-02	-7.850431627270386403e-02	5.911371110871714574e-02	-6.216701417379914135e-02	5.892519656255865157e-02	-5.289297512164189974e-02	6.010023511753204845e-02	-1.426854886733781025e-01	1.184106434875770580e-01	-1.688610475882942608e-01	1.037350251223702474e-01	-9.657240414642559445e-02	1.404262241672717404e-01	-1.399230486494951464e-01	2.056297028642096458e-01	-1.558308974371611089e-01	1.901576286082390654e-01	-1.957928388044128942e-01	2.050164291880521850e-01	-4.209234814062607910e-01	1.000000000000000888e+00	-4.033603149630228257e-01	1.597472221632527667e-01	-1.836775256949639279e-01	2.563774283473977955e-01	-6.895228356113759505e-01	2.793169481539731769e-01	-9.266219226219994665e-02	1.000419855569754796e-01	-1.672800075768423045e-01	1.367891961871222917e-01	-1.439102083027737344e-01	8.727783603444537464e-02	-9.474269215021720314e-02	1.003467562938010621e-01	-1.208411098086357993e-01	1.269231827527897427e-01	-8.524898120296778292e-02	8.456080788770652112e-02	-1.188894863015429598e-01	8.119930683227984114e-02	-1.118767442143438484e-01
6.772549442938619046e-02	-5.745712056842947751e-02	5.441221248672804128e-02	-7.275305382904381779e-02	9.460658490585259484e-02	-6.208605300367120439e-02	6.483029668196059470e-02	-6.320836265117200925e-02	6.465570864632552706e-02	-7.521613958315255533e-02	1.460087248367192003e-01	-1.222244020999899983e-01	1.761757336571244947e-01	-1.333141935965009017e-01	1.234524243576865937e-01	-1.461105414528555968e-01	1.352952232378478725e-01	-2.293405797991593664e-01	1.833062965349260831e-01	-3.406665914375023863e-01	1.855939186783910899e-01	-1.783215921783630198e-01	2.091736791223172409e-01	-4.033603149630228257e-01	1.000000000000001110e+00	-1.671224224866350305e-01	1.615262989320968290e-01	-2.392405251142692424e-01	3.033856048939149730e-01	-6.769451887096873399e-01	9.699107068489688788e-02	-1.062319041822844534e-01	1.792927962790296925e-01	-1.809688256695740904e-01	2.032988457449087516e-01	-9.408950450880666783e-02	1.004654426633945774e-01	-1.163005081535272989e-01	1.459173739762397726e-01	-1.868031905412949056e-01	9.246875273784910254e-02	-9.485808154653518898e-02	1.325354271132083706e-01	-9.678035919672692278e-02	1.281996241401488490e-01
-8.922005098381599608e-02	7.447302326290268504e-02	-6.873924780520787592e-02	6.562775123065797689e-02	-8.306806276238259956e-02	8.275134009807151581e-02	-8.679296175124680268e-02	7.974141738892022435e-02	-5.656037689367971605e-02	6.275171645515303931e-02	-2.100412753371296570e-01	1.641506356573352865e-01	-2.251775080423630560e-01	1.024569853690324717e-01	-9.228667235160060989e-02	2.126183356907958566e-01	-1.921475884562125480e-01	1.927737177874458696e-01	-1.312326503677882505e-01	1.704977297754204923e-01	-4.971699079922422548e-01	2.746470956389663320e-01	-2.075628159096391534e-01	1.597472221632527667e-01	-1.671224224866350305e-01	1.000000000000000666e+00	-5.296861220709913054e-01	2.558117635448841076e-01	-1.643658024309415100e-01	1.458052654739390996e-01	-3.791328140540836666e-01	2.384757791340106348e-01	-2.440731353080224098e-01	1.670592564935287627e-01	-1.472779217722123279e-01	2.301689042916751082e-01	-2.281018304332461388e-01	1.571522631058582808e-01	-1.659940042170903740e-01	1.424329984850502551e-01	-1.852805229659806319e-01	1.659151002910858874e-01	-1.899724771651740418e-01	1.154117649172810844e-01	-1.607739659251048447e-01
8.102570587752450093e-02	-6.944798604315584323e-02	6.268312059787564672e-02	-6.260298821982829276e-02	7.835809536304870482e-02	-7.849491388500169642e-02	8.193720770736877268e-02	-7.365653002765036594e-02	5.417315842312998841e-02	-6.029069134348637171e-02	1.859270709999207016e-01	-1.711935107830580283e-01	1.988761227966562573e-01	-1.027653726905560228e-01	9.085748737878585057e-02	-2.152681593800962190e-01	2.051845035009579321e-01	-2.152631027353994753e-01	1.367957543799661613e-01	-1.748516304154934253e-01	2.980385825449776704e-01	-5.636391826041066144e-01	2.616960648945659829e-01	-1.836775256949639279e-01	1.615262989320968290e-01	-5.296861220709913054e-01	1.000000000000003109e+00	-3.895527728925461952e-01	1.686320427095833463e-01	-1.435299347435477768e-01	2.010520716612571313e-01	-2.524618132710100826e-01	2.077303964879820830e-01	-1.509055452390279384e-01	1.271982818029469275e-01	-1.805181639272445127e-01	1.817542634653660227e-01	-1.317875403081393837e-01	1.356322157842833054e-01	-1.249748148412620913e-01	1.322925479524893200e-01	-1.337133884273077611e-01	1.491128880190203954e-01	-9.406622370673138611e-02	1.269794807613848775e-01
-9.270051936649349733e-02	7.731673290808172005e-02	-7.265269050062758693e-02	7.561734648078752286e-02	-9.923754741295981452e-02	8.496509924814704684e-02	-8.959397969328269928e-02	8.396185735253433591e-02	-6.673520401818565373e-02	7.462657494568045169e-02	-2.100309222573219503e-01	1.689951788763671692e-01	-2.455909529139721492e-01	1.242662962470161281e-01	-1.149522805079485344e-01	2.006937150079609600e-01	-2.013397588009386563e-01	2.524228925711781146e-01	-1.787818291171436869e-01	2.058182180681357165e-01	-3.092004054215558018e-01	2.970025789290933749e-01	-5.544402825760236242e-01	2.563774283473977955e-01	-2.392405251142692424e-01	2.558117635448841076e-01	-3.895527728925461952e-01	9.999999999999986677e-01	-2.875876033741694981e-01	1.992649064454649621e-01	-1.583836625664072073e-01	1.745267345094426714e-01	-3.639023211855622608e-01	2.052903846077850647e-01	-1.809682751098070641e-01	1.441179839723580880e-01	-1.638909500756366433e-01	1.649145422488227652e-01	-1.847068502588893324e-01	1.649141877372489462e-01	-1.383861634636422422e-01	1.339751445842728983e-01	-1.958298530260448589e-01	1.247051493859947652e-01	-1.738106225250232173e-01
6.246842203443889879e-02	-5.305452718501998954e-02	4.959464638743448645e-02	-5.983083446990592608e-02	7.671659763753907457e-02	-5.798019717046866417e-02	6.055101300052196517e-02	-5.781211078285775767e-02	5.258181254341285499e-02	-5.988539102844425005e-02	1.368686764889392449e-01	-1.165221823840124488e-01	1.610267866590715524e-01	-1.051402818141779910e-01	9.425441321197480793e-02	-1.404479794341151888e-01	1.317591808883488980e-01	-2.082040274740289687e-01	1.436895772953085682e-01	-1.994240995059738952e-01	1.807194587616483827e-01	-1.968418038462457498e-01	2.504277448081554391e-01	-6.895228356113759505e-01	3.033856048939149730e-01	-1.643658024309415100e-01	1.686320427095833463e-01	-2.875876033741694981e-01	9.999999999999977796e-01	-4.844014520048354200e-01	9.316283874284704558e-02	-1.020011610223915399e-01	1.695508112331733930e-01	-1.596935495787494275e-01	1.682435645428821402e-01	-8.951448799873146234e-02	9.537652114198374997e-02	-1.054831988407397697e-01	1.286675475864168527e-01	-1.525376532343084568e-01	8.604865559645298589e-02	-8.770535414070777802e-02	1.207338170939099981e-01	-8.576950067892524787e-02	1.146094105653137907e-01
-5.888392810463489307e-02	4.942866755624242270e-02	-4.698634615891681549e-02	5.805391024952201440e-02	-7.772063928563374691e-02	5.340666002534875251e-02	-5.592283292806342343e-02	5.431047925330053511e-02	-5.170142750209335419e-02	5.947402159385897086e-02	-1.281708685716875240e-01	1.037041542189294507e-01	-1.553165120325724902e-01	1.003189256482029112e-01	-9.617086446413729284e-02	1.230466965909641219e-01	-1.146360688060332200e-01	1.699654674384117048e-01	-1.390473281764691149e-01	1.997102703450733818e-01	-1.676786341164658856e-01	1.485542928268255569e-01	-1.776982130715905328e-01	2.793169481539731769e-01	-6.769451887096873399e-01	1.458052654739390996e-01	-1.435299347435477768e-01	1.992649064454649621e-01	-4.844014520048354200e-01	9.999999999999987788e-01	-9.100941232870440878e-02	1.004503375076646332e-01	-1.887262033350446400e-01	1.884877816861506572e-01	-3.227266438804397564e-01	8.774371920614428000e-02	-9.707998539473990107e-02	1.183261286267939805e-01	-1.598959609472593024e-01	1.958643987732897607e-01	-8.869178623688200869e-02	8.939879081271588646e-02	-1.379300033978397289e-01	1.011830843397353297e-01	-1.373119924021515281e-01
4.667866874143857675e-02	-3.931685600514802509e-02	3.633897443392935384e-02	-3.741815911964031793e-02	4.661263441072895086e-02	-4.330985039649102447e-02	4.514879683986294107e-02	-4.234444899893699543e-02	3.205883621472702810e-02	-3.576644841059489766e-02	1.055758555819273359e-01	-8.588904784708702167e-02	1.178178908210836262e-01	-5.943686757736239140e-02	5.265401877346269355e-02	-1.090204665775983128e-01	9.619996606362976599e-02	-1.115162241636256935e-01	7.478515472446853329e-02	-1.018181771650707723e-01	1.841220200080453395e-01	-1.422289856499991123e-01	1.120508211765043755e-01	-9.266219226219994665e-02	9.699107068489688788e-02	-3.791328140540836666e-01	2.010520716612571313e-01	-1.583836625664072073e-01	9.316283874284704558e-02	-9.100941232870440878e-02	9.999999999999997780e-01	-5.072553415709901703e-01	1.845090155110403474e-01	-1.330371814551448428e-01	1.001257174884774004e-01	-6.571813721150651100e-01	3.126542206094072296e-01	-1.395920018752286051e-01	1.183322578697783428e-01	-1.044030109255987410e-01	1.863613849033372016e-01	-1.891914892298046103e-01	1.447621984931865280e-01	-8.282824147036495221e-02	1.047210954423926921e-01
-4.841142822025847059e-02	4.074322388098968600e-02	-3.773356796662231949e-02	3.910690553983339063e-02	-4.892812416751756571e-02	4.485279529644507074e-02	-4.682363059935266275e-02	4.393079434133517064e-02	-3.358736578486982288e-02	3.751294304716720068e-02	-1.093134805084103461e-01	8.910910866219205750e-02	-1.228101805928352996e-01	6.238775336660510457e-02	-5.546736304024580538e-02	1.114505505008136776e-01	-1.008134290560366159e-01	1.173276419990536973e-01	-7.912700286294253871e-02	1.071071123588058643e-01	-1.811013141554905226e-01	1.526668815451330263e-01	-1.225174269861663279e-01	1.000419855569754796e-01	-1.062319041822844534e-01	2.384757791340106348e-01	-2.524618132710100826e-01	1.745267345094426714e-01	-1.020011610223915399e-01	1.004503375076646332e-01	-5.072553415709901703e-01	9.999999999999992228e-01	-2.971977546029636597e-01	1.644342504858461451e-01	-1.197136061926551143e-01	3.123779571001672473e-01	-6.645776750473812999e-01	1.785484043213829419e-01	-1.449767178711386661e-01	1.220579015655366001e-01	-1.718212194075227073e-01	1.657143240504458381e-01	-1.801916654951420116e-01	9.786158201740161044e-02	-1.218907661087722943e-01
6.951241054905393790e-02	-5.878144279016041945e-02	5.478923001604657506e-02	-6.155807410752232867e-02	7.626393164612964293e-02	-6.397045590635340451e-02	6.653162220140616812e-02	-6.390669479896088356e-02	5.274791370878655766e-02	-5.930563810569232375e-02	1.518437059558396529e-01	-1.253748654554937836e-01	1.776059174165907362e-01	-1.004626287400019885e-01	8.831222566534424612e-02	-1.544458674996768144e-01	1.366673805952150766e-01	-1.890013013515819684e-01	1.265061834707895960e-01	-1.782466782854993381e-01	2.099919504086604771e-01	-1.899593939533982256e-01	1.914124733335306472e-01	-1.672800075768423045e-01	1.792927962790296925e-01	-2.440731353080224098e-01	2.077303964879820830e-01	-3.639023211855622608e-01	1.695508112331733930e-01	-1.887262033350446400e-01	1.845090155110403474e-01	-2.971977546029636597e-01	1.000000000000000666e+00	-5.913290355396356723e-01	2.525815955892075082e-01	-1.838103354836547187e-01	2.122365961275925195e-01	-3.224708254903974058e-01	2.545394158985139210e-01	-2.591669530391495502e-01	1.520469813491200362e-01	-1.688039085740360157e-01	2.463210218263304219e-01	-1.676768653167780010e-01	1.935000889359428100e-01
-5.364196572209838088e-02	4.503867843165482165e-02	-4.230069104431279092e-02	4.729584166813695367e-02	-5.990579465951868798e-02	4.885649767326091797e-02	-5.094252705112349566e-02	4.911014015465902521e-02	-4.082038978200568102e-02	4.603308558161593039e-02	-1.175068325966946714e-01	9.452437080865969121e-02	-1.388877026221289335e-01	7.669328691292483235e-02	-6.908496364439779824e-02	1.149371540327805558e-01	-1.027484472093974227e-01	1.381020329200421115e-01	-9.754569603632586017e-02	1.364560840606109937e-01	-1.628725730797584148e-01	1.357044404169571450e-01	-1.398388495544885535e-01	1.367891961871222917e-01	-1.809688256695740904e-01	1.670592564935287627e-01	-1.509055452390279384e-01	2.052903846077850647e-01	-1.596935495787494275e-01	1.884877816861506572e-01	-1.330371814551448428e-01	1.644342504858461451e-01	-5.913290355396356723e-01	9.999999999999964473e-01	-5.187219166207422960e-01	1.276395750796610606e-01	-1.578774129687096073e-01	2.245789901847378978e-01	-3.766265650937032361e-01	2.931681290787435112e-01	-1.223554086880837832e-01	1.274371733764765591e-01	-2.354447251228952986e-01	1.830024878898744711e-01	-2.320515354480802150e-01
