1.000000000000000222e+00	-6.333994457030652780e-01	2.994917876440495452e-01	-1.357995471468649296e-01	1.007400128889825996e-01	-5.409702722165971034e-01	2.246404886646997945e-01	-2.087057572471361921e-01	1.354088487132065755e-01	-1.337048817745296048e-01	2.174027189374524716e-01	-1.830807693300812167e-01	1.993540642276521169e-01	-1.462032522077572616e-01	1.169910165923300355e-01	-1.687659906527326503e-01	1.540860229090958988e-01	-1.744119308440701122e-01	1.262166402067497473e-01	-1.501251833255270451e-01	1.577342433446051184e-01	-1.630647231058623692e-01	1.360442440101600481e-01	-1.684867297717731471e-01	9.742017228619689884e-02	-1.654061294173817254e-01	1.335755213185687851e-01	-1.107856585304430735e-01	1.239389558764348587e-01	-8.297147165298997262e-02	5.339865748660805461e-02	-6.438104702792556144e-02	1.275758413334420471e-01	-9.059742526757098846e-02	1.308080382374456063e-01	-5.813680919419855070e-02	5.734463105099146807e-02	-5.328857648760888799e-02	3.154818439667825269e-02	-6.664694100077241286e-03	1.540609077183384759e-02	-1.606060321458341322e-02	7.207449984973608725e-02	-2.926661672558441077e-02	6.684806767841814171e-03
-6.333994457030652780e-01	1.000000000000000444e+00	-6.323151556649707627e-01	1.258094065740364975e-01	-9.669859962447294177e-02	2.551584245393420658e-01	-2.318196661891359645e-01	2.049101697751875562e-01	-1.279417077346542420e-01	1.169971428922994272e-01	-1.639625810491296687e-01	1.523769862037968326e-01	-1.910260733174712899e-01	1.248953687480681279e-01	-1.014717542708497011e-01	1.205208499049077869e-01	-1.270764630511075077e-01	1.387991054915424793e-01	-1.037107655244745297e-01	1.217880114038853573e-01	-1.241464263530051848e-01	1.279747868879532735e-01	-1.097886304242814554e-01	1.329983812657354048e-01	-7.938665580083954787e-02	1.229664539013856084e-01	-1.066449938417748794e-01	8.830798007076905154e-02	-1.002609861853354378e-01	6.695193053950816708e-02	-4.246701758948746852e-02	5.097825496271051610e-02	-1.035351173973619310e-01	7.317450007923677335e-02	-1.066311235499555754e-01	4.591752115077954444e-02	-4.571536023512410424e-02	4.241967901337191649e-02	-2.527476410476826515e-02	5.353558392072052356e-03	-1.221857434334359428e-02	1.272033556101687460e-02	-5.769169840799276416e-02	2.340123515661626449e-02	-5.371131213680387095e-03
2.994917876440495452e-01	-6.323151556649707627e-01	1.000000000000000444e+00	-2.254276298208778839e-01	1.527657308603319886e-01	-3.081075162668523992e-01	2.585859232257550211e-01	-3.917452300444034807e-01	2.001504107411807010e-01	-1.920860761000692252e-01	1.860630391198907496e-01	-2.094795699608865414e-01	2.577220776871252395e-01	-1.988418287407427709e-01	1.566679541837974476e-01	-1.573647845150477897e-01	1.706034816131023757e-01	-2.072790978984270227e-01	1.564456590745576803e-01	-1.894996829456586651e-01	1.592962088981592639e-01	-1.834316619587203490e-01	1.562662420469013158e-01	-2.011356219770506770e-01	1.157965636385430430e-01	-1.741806702130408169e-01	1.489193544369997735e-01	-1.263427979549394953e-01	1.436858965459494597e-01	-9.799949534480718871e-02	6.020771704379834083e-02	-7.263023283596205248e-02	1.474167572706557849e-01	-1.050510403847035729e-01	1.529051719238502804e-01	-6.592847585271108257e-02	6.509635677939128173e-02	-6.080831297631766191e-02	3.622637666947258611e-02	-7.689234728895246763e-03	1.752320057876651654e-02	-1.826939660348535222e-02	8.231197430696844675e-02	-3.360158436765431356e-02	7.712088997421843659e-03
-1.357995471468649296e-01	1.258094065740364975e-01	-2.254276298208778839e-01	1.000000000000000444e+00	-7.670817427454029724e-01	1.291863745901157823e-01	-1.794907296218709869e-01	2.032630069487545710e-01	-3.760289550997332197e-01	3.036800181374662011e-01	-1.128771374897507146e-01	1.326481311507162753e-01	-2.311244397895770852e-01	2.183748109505008750e-01	-2.262260780272692673e-01	9.292849663208019306e-02	-1.200936920191958968e-01	1.522143606355884915e-01	-1.479064878001156991e-01	1.742601353487526206e-01	-1.070322193700396635e-01	1.231681510754674830e-01	-1.195957085429835975e-01	1.508752386632654097e-01	-1.004687803936941126e-01	1.097187463950470426e-01	-1.111433206081762354e-01	9.537622024788480757e-02	-1.157397423470422071e-01	8.054384203596637315e-02	-4.477610354047592556e-02	5.348326887137390406e-02	-1.192395978449241473e-01	8.431147914082459671e-02	-1.281658325708141533e-01	4.822713834462190319e-02	-4.885469781697911879e-02	4.567372553144964653e-02	-2.790593874962250115e-02	6.015460033689652881e-03	-1.296898792553496590e-02	1.347112715381868636e-02	-6.263784963659299598e-02	2.573883491825916178e-02	-6.036993588383711591e-03
1.007400128889825996e-01	-9.669859962447294177e-02	1.527657308603319886e-01	-7.670817427454029724e-01	1.000000000000000222e+00	-1.021377143861641190e-01	1.365056625439218241e-01	-1.680131956714104036e-01	2.596517534342641653e-01	-5.066864817234627560e-01	8.791627132048852877e-02	-1.068802594212950319e-01	1.728456235241468963e-01	-2.072162697703547052e-01	2.040222795169538972e-01	-7.393197319243330345e-02	9.619274060800697690e-02	-1.308257456061505120e-01	1.273913996138990590e-01	-1.681544939969281116e-01	8.434027789428706623e-02	-1.004413157559862352e-01	9.685397090607485160e-02	-1.294827503135740632e-01	8.173015673650543822e-02	-8.822983362057634782e-02	8.845086632157292406e-02	-7.690702891059955637e-02	9.291904105696217886e-02	-6.615249537332351659e-02	3.561047090578556978e-02	-4.266201853502430558e-02	9.449277601245188729e-02	-6.741683020002217641e-02	1.014363076860886198e-01	-3.849081984293657721e-02	3.879903812829359200e-02	-3.633743765978568463e-02	2.217356735011006760e-02	-4.778915978328747774e-03	1.032345603924664755e-02	-1.073203415410410762e-02	4.959926649937559939e-02	-2.048372118302788092e-02	4.794250300722321945e-03
-5.409702722165971034e-01	2.551584245393420658e-01	-3.081075162668523992e-01	1.291863745901157823e-01	-1.021377143861641190e-01	1.000000000000000222e+00	-3.473553627245313247e-01	2.121786150510535374e-01	-1.418171394688627074e-01	1.316611410822843553e-01	-5.190079065970863992e-01	2.164674811304327928e-01	-2.387711490871308739e-01	1.478935686782801573e-01	-1.211910625836057076e-01	2.410099645241512156e-01	-1.995948465110375658e-01	1.866625610294879722e-01	-1.340972527763219235e-01	1.521867055522627410e-01	-2.393746759309919037e-01	1.858182720524778064e-01	-1.581393508572688511e-01	1.759293555541106002e-01	-1.080529406645518997e-01	1.932550364527194087e-01	-1.617949985074382258e-01	1.274410439484761903e-01	-1.421931370737053446e-01	9.152988913146717365e-02	-6.242007820878264085e-02	7.445992660427917798e-02	-1.475945998292750305e-01	1.032693535644280958e-01	-1.489292384024232252e-01	6.605575977594714543e-02	-6.632173832477449016e-02	6.072659819890804944e-02	-3.595987852235444510e-02	7.561577711966520343e-03	-1.753820334821967405e-02	1.822634079317363154e-02	-8.290151371257761803e-02	3.323894799832776553e-02	-7.588706667892505808e-03
2.246404886646997945e-01	-2.318196661891359645e-01	2.585859232257550211e-01	-1.794907296218709869e-01	1.365056625439218241e-01	-3.473553627245313247e-01	1.000000000000000666e+00	-5.011469254656593098e-01	2.141306653567267571e-01	-1.947024464852752379e-01	2.157965120324610853e-01	-5.313784127163450055e-01	3.050624265033328175e-01	-2.155784135015388903e-01	1.659809611327707213e-01	-1.886880811409454295e-01	2.617734724136079882e-01	-2.535522040318550219e-01	1.768374557765717281e-01	-2.041672387278735123e-01	1.857026984084525489e-01	-2.432346212912190608e-01	1.892347547106645045e-01	-2.204942327186180107e-01	1.272550304346649064e-01	-1.909688748668958436e-01	1.700062330264454913e-01	-1.450962550012243613e-01	1.617080169271424284e-01	-1.076217994753236318e-01	6.689427310928414139e-02	-8.063594456187410386e-02	1.646897672451738681e-01	-1.171305018042788221e-01	1.685005191208864828e-01	-7.225361135693621206e-02	7.176889305808595299e-02	-6.666366924973483876e-02	3.975319722145539969e-02	-8.426851603979650107e-03	1.916400731342377678e-02	-1.995911467271972023e-02	9.013308691095976710e-02	-3.685124026249800289e-02	8.450858747113329864e-03
-2.087057572471361921e-01	2.049101697751875562e-01	-3.917452300444034807e-01	2.032630069487545710e-01	-1.680131956714104036e-01	2.121786150510535374e-01	-5.011469254656593098e-01	1.000000000000001110e+00	-4.211247941750318469e-01	2.245898365163858379e-01	-1.668797875055765823e-01	2.423544997541996759e-01	-5.133421041909810301e-01	2.399968511404972360e-01	-1.891869567760675608e-01	1.384705348053822949e-01	-1.870837077901144063e-01	2.064144917378241684e-01	-1.684869309176740826e-01	1.923869294647237160e-01	-1.497298293361931376e-01	1.783279363165149178e-01	-1.574695215874322984e-01	1.920302936985335551e-01	-1.170544242269112439e-01	1.530527877926586844e-01	-1.445527917416593866e-01	1.232019048211320383e-01	-1.429591556638112049e-01	9.697490523021140563e-02	-5.772329703152086905e-02	6.926208376398150512e-02	-1.466947466355125185e-01	1.039116542206742627e-01	-1.532140544397419535e-01	6.240272557623734867e-02	-6.249217783666955600e-02	5.823927403966012994e-02	-3.507567613837025977e-02	7.483709776028881627e-03	-1.666593698500121873e-02	1.733899745451846289e-02	-7.932623999866389441e-02	3.244198375432478382e-02	-7.507986833835151447e-03
1.354088487132065755e-01	-1.279417077346542420e-01	2.001504107411807010e-01	-3.760289550997332197e-01	2.596517534342641653e-01	-1.418171394688627074e-01	2.141306653567267571e-01	-4.211247941750318469e-01	1.000000000000001554e+00	-5.156223237254942138e-01	1.211649165104941861e-01	-1.597641577935155210e-01	2.605126013591322343e-01	-5.136458722993983983e-01	2.791085010947776390e-01	-1.027137556509987032e-01	1.375417644093238911e-01	-1.888915388977107646e-01	1.931009988635900843e-01	-2.291054239681244165e-01	1.159010225404685512e-01	-1.409529890900105553e-01	1.348270202702867571e-01	-1.825683425299969020e-01	1.108808330910404233e-01	-1.210973645148945288e-01	1.210192673500063570e-01	-1.057187566065560386e-01	1.271515168256689143e-01	-8.976172207286177429e-02	4.845243689426534384e-02	-5.810804173063158912e-02	1.282635481972280722e-01	-9.172075190161545211e-02	1.370098084803338945e-01	-5.231388323669648038e-02	5.266708889954604955e-02	-4.929714903700035261e-02	3.004959097317529138e-02	-6.469661536198719788e-03	1.400744421349756422e-02	-1.456443024057328152e-02	6.714479931054441464e-02	-2.777337677114700282e-02	6.489457641694682324e-03
-1.337048817745296048e-01	1.169971428922994272e-01	-1.920860761000692252e-01	3.036800181374662011e-01	-5.066864817234627560e-01	1.316611410822843553e-01	-1.947024464852752379e-01	2.245898365163858379e-01	-5.156223237254942138e-01	9.999999999999976685e-01	-1.193875306823475452e-01	1.437148728085440585e-01	-2.540890084568107610e-01	2.925324221413274084e-01	-4.657055151497533907e-01	9.919827663562184872e-02	-1.323215803967020543e-01	1.743033887899481105e-01	-1.877984238534364803e-01	2.341999160390166590e-01	-1.153560651608395160e-01	1.350360900545610476e-01	-1.341484894446751119e-01	1.723530863579468830e-01	-1.167843115575342011e-01	1.185124313705387816e-01	-1.223942204038546699e-01	1.060238784771820597e-01	-1.299310592318169977e-01	9.223211733630570786e-02	-4.910683391733017961e-02	5.867789310187514207e-02	-1.325153629859913140e-01	9.414357218522838300e-02	-1.433681895238124171e-01	5.280060143509059806e-02	-5.354802338781178978e-02	5.011411915472050588e-02	-3.073377749112763888e-02	6.645144748323537215e-03	-1.419341102597374005e-02	1.474142869746997153e-02	-6.861223133846382216e-02	2.834955637838114037e-02	-6.667719284224247339e-03
2.174027189374524716e-01	-1.639625810491296687e-01	1.860630391198907496e-01	-1.128771374897507146e-01	8.791627132048852877e-02	-5.190079065970863992e-01	2.157965120324610853e-01	-1.668797875055765823e-01	1.211649165104941861e-01	-1.193875306823475452e-01	1.000000000000002665e+00	-2.336222822590131309e-01	1.988831417804662882e-01	-1.395949213333657346e-01	1.136625724116485658e-01	-6.151424793166138105e-01	2.240785554177926187e-01	-2.041725191993755406e-01	1.363731772896125960e-01	-1.540992649652540569e-01	2.823239353884414715e-01	-2.191017202632908611e-01	1.678360499933135574e-01	-1.866217162417797282e-01	1.081537283385544806e-01	-2.704473632493951674e-01	1.745208301750531543e-01	-1.377707188022224971e-01	1.455970776662865729e-01	-9.320155094753204694e-02	6.651954284585702426e-02	-8.044469670438553210e-02	1.489093260853933121e-01	-1.055843611524216047e-01	1.479401602063435406e-01	-7.082840333741625971e-02	6.947822639412223888e-02	-6.352203244965522189e-02	3.695074443404917919e-02	-7.715695955991704047e-03	1.850201627435751200e-02	-1.928600612733341602e-02	8.510856926231454012e-02	-3.432297149667142694e-02	7.736694650559251991e-03
-1.830807693300812167e-01	1.523769862037968326e-01	-2.094795699608865414e-01	1.326481311507162753e-01	-1.068802594212950319e-01	2.164674811304327928e-01	-5.313784127163450055e-01	2.423544997541996759e-01	-1.597641577935155210e-01	1.437148728085440585e-01	-2.336222822590131309e-01	1.000000000000001110e+00	-3.446641094085154955e-01	1.685828686988319336e-01	-1.387105297065454601e-01	2.070520262597885519e-01	-6.017552013082914097e-01	2.481696760174056937e-01	-1.683137888545649663e-01	1.742048725201770787e-01	-2.104295477235675338e-01	2.583141873578597703e-01	-2.151291356799917287e-01	2.008603684041947446e-01	-1.247888834931882573e-01	1.855843637374050836e-01	-1.808264828011156844e-01	1.504825564748631106e-01	-1.666708062394164913e-01	1.048328669025299087e-01	-6.836789828343976805e-02	8.170943832889546177e-02	-1.707974701091444225e-01	1.192058314768658922e-01	-1.709737963035304342e-01	7.195380457844040289e-02	-7.272245900242028938e-02	6.680078837512025414e-02	-3.996540474175724889e-02	8.449503922925771099e-03	-1.912267390965359526e-02	1.985898259577828506e-02	-9.091269296715154269e-02	3.692159569315452139e-02	-8.477006718614569364e-03
1.993540642276521169e-01	-1.910260733174712899e-01	2.577220776871252395e-01	-2.311244397895770852e-01	1.728456235241468963e-01	-2.387711490871308739e-01	3.050624265033328175e-01	-5.133421041909810301e-01	2.605126013591322343e-01	-2.540890084568107610e-01	1.988831417804662882e-01	-3.446641094085154955e-01	9.999999999999993339e-01	-3.123642841905044931e-01	2.213042610959533862e-01	-1.796197722487789250e-01	2.417145861061492096e-01	-3.290637234394560573e-01	2.324129686528295935e-01	-2.808187085706451702e-01	1.941189514804454175e-01	-2.623708039777571388e-01	2.208818161728197949e-01	-2.939632171681508255e-01	1.623813436754664719e-01	-2.155521924222990604e-01	1.990124735977250869e-01	-1.742629225522175362e-01	1.990737061346178061e-01	-1.377078980021907151e-01	8.101204035870868125e-02	-9.794348766762212000e-02	2.023187080442618857e-01	-1.451621601293707764e-01	2.108072244664855321e-01	-8.926048857534613079e-02	8.806563677877309038e-02	-8.269482884802162315e-02	4.949131640007270461e-02	-1.053817592846344534e-02	2.376319661865673033e-02	-2.478544924059637722e-02	1.117726588465424165e-01	-4.593622293161862130e-02	1.056705526820285110e-02
-1.462032522077572616e-01	1.248953687480681279e-01	-1.988418287407427709e-01	2.183748109505008750e-01	-2.072162697703547052e-01	1.478935686782801573e-01	-2.155784135015388903e-01	2.399968511404972360e-01	-5.136458722993983983e-01	2.925324221413274084e-01	-1.395949213333657346e-01	1.685828686988319336e-01	-3.123642841905044931e-01	1.000000000000007327e+00	-5.530724826728425914e-01	1.174870738037214479e-01	-1.631159662565404289e-01	2.329439617252485606e-01	-3.591861029581918663e-01	2.967742984619658464e-01	-1.381841986183116600e-01	1.650453620440885394e-01	-1.715587906788919037e-01	2.269215318295158823e-01	-1.475601578748017839e-01	1.424282761238929995e-01	-1.509610781197047724e-01	1.325215241480180162e-01	-1.647617620052009568e-01	1.153376132571846124e-01	-6.008454157838560850e-02	7.181435230511498680e-02	-1.648381276305174725e-01	1.175604951953510557e-01	-1.784486255535207844e-01	6.437105015941368968e-02	-6.540739763542688379e-02	6.124358368602608044e-02	-3.771155002297501418e-02	8.172032219635524258e-03	-1.729012743840356581e-02	1.795365629530589618e-02	-8.366528775120139760e-02	3.478421889099723996e-02	-8.198135938109517643e-03
1.169910165923300355e-01	-1.014717542708497011e-01	1.566679541837974476e-01	-2.262260780272692673e-01	2.040222795169538972e-01	-1.211910625836057076e-01	1.659809611327707213e-01	-1.891869567760675608e-01	2.791085010947776390e-01	-4.657055151497533907e-01	1.136625724116485658e-01	-1.387105297065454601e-01	2.213042610959533862e-01	-5.530724826728425914e-01	1.000000000000000888e+00	-9.714905781940191831e-02	1.341231991654919797e-01	-2.121490659741899210e-01	2.565304397172216144e-01	-5.379348508783997618e-01	1.135409952087645113e-01	-1.398771730267645841e-01	1.432843404994999792e-01	-2.086690268187074981e-01	1.334968581372095731e-01	-1.193056820064778978e-01	1.251052635907157762e-01	-1.117118430150908920e-01	1.381213615313385268e-01	-1.061805275880950139e-01	4.990371831182018048e-02	-5.985120268036290408e-02	1.365310607726574754e-01	-9.895748617959015947e-02	1.488467930429593911e-01	-5.371319309881042448e-02	5.429208361656727433e-02	-5.097908171360221452e-02	3.140097408490755138e-02	-6.816751498445591459e-03	1.439157759908190823e-02	-1.495730147768716684e-02	6.928440957472700723e-02	-2.902258852365804942e-02	6.834989919420702414e-03
-1.687659906527326503e-01	1.205208499049077869e-01	-1.573647845150477897e-01	9.292849663208019306e-02	-7.393197319243330345e-02	2.410099645241512156e-01	-1.886880811409454295e-01	1.384705348053822949e-01	-1.027137556509987032e-01	9.919827663562184872e-02	-6.151424793166138105e-01	2.070520262597885519e-01	-1.796197722487789250e-01	1.174870738037214479e-01	-9.714905781940191831e-02	1.000000000000002442e+00	-3.173518236247361846e-01	1.830573462224547587e-01	-1.210061224812462172e-01	1.302396396466865836e-01	-5.732216493472416241e-01	2.085813013203752786e-01	-1.629084820551270074e-01	1.602015589847018695e-01	-9.717590358935193628e-02	2.495251237125668542e-01	-1.748662260669512081e-01	1.289637872677272534e-01	-1.359379549296167444e-01	8.343991840339998189e-02	-6.281977026853002855e-02	7.490046043287583444e-02	-1.391205634810254999e-01	9.726321634372737945e-02	-1.353860190666193175e-01	6.444370915278713197e-02	-6.458428738985741435e-02	5.798794268190068935e-02	-3.376114900471337277e-02	7.013601677857471059e-03	-1.686106439811694419e-02	1.751241585454712743e-02	-7.839192251278552515e-02	3.124649658590605839e-02	-7.035662512853414069e-03
1.540860229090958988e-01	-1.270764630511075077e-01	1.706034816131023757e-01	-1.200936920191958968e-01	9.619274060800697690e-02	-1.995948465110375658e-01	2.617734724136079882e-01	-1.870837077901144063e-01	1.375417644093238911e-01	-1.323215803967020543e-01	2.240785554177926187e-01	-6.017552013082914097e-01	2.417145861061492096e-01	-1.631159662565404289e-01	1.341231991654919797e-01	-3.173518236247361846e-01	9.999999999999995559e-01	-3.805543337418711980e-01	1.867157179327456895e-01	-1.848355488909958488e-01	2.255370706534243763e-01	-4.631032198367966424e-01	2.485112575553038439e-01	-2.173825656832104325e-01	1.249853093798034137e-01	-2.051528277910504849e-01	1.894934200004384783e-01	-1.652010001082058754e-01	1.710511797258922329e-01	-1.062105970803649546e-01	6.961951286309546461e-02	-8.415717342621772956e-02	1.710078576847526566e-01	-1.211463756736049502e-01	1.681098041575136426e-01	-7.313699166057946455e-02	7.318105799070410977e-02	-6.712275366264262855e-02	3.987092822920920709e-02	-8.398774195288213895e-03	1.923671542058206368e-02	-2.000422300875236495e-02	9.014133661379714058e-02	-3.695439395530483728e-02	8.419168444398933762e-03
-1.744119308440701122e-01	1.387991054915424793e-01	-2.072790978984270227e-01	1.522143606355884915e-01	-1.308257456061505120e-01	1.866625610294879722e-01	-2.535522040318550219e-01	2.064144917378241684e-01	-1.888915388977107646e-01	1.743033887899481105e-01	-2.041725191993755406e-01	2.481696760174056937e-01	-3.290637234394560573e-01	2.329439617252485606e-01	-2.121490659741899210e-01	1.830573462224547587e-01	-3.805543337418711980e-01	1.000000000000004441e+00	-5.194124474903892841e-01	2.754477473052219239e-01	-2.137543419280358015e-01	2.839359518999601262e-01	-3.964775621059999366e-01	3.033650766473244276e-01	-1.906902532840988040e-01	2.107817064775570626e-01	-2.381016415132423958e-01	2.199875580176923473e-01	-2.499993894884279533e-01	1.535227245490644599e-01	-8.924693746664343064e-02	1.068747994467496853e-01	-2.460811328443090751e-01	1.723629497857395443e-01	-2.481045610645800092e-01	9.356934210703812815e-02	-9.554433950993870828e-02	8.859764849600981762e-02	-5.417110377575275887e-02	1.159748192593853047e-02	-2.495249816069938786e-02	2.588534302334814449e-02	-1.201748636223875788e-01	4.997449915107140400e-02	-1.163000812377387727e-02
1.262166402067497473e-01	-1.037107655244745297e-01	1.564456590745576803e-01	-1.479064878001156991e-01	1.273913996138990590e-01	-1.340972527763219235e-01	1.768374557765717281e-01	-1.684869309176740826e-01	1.931009988635900843e-01	-1.877984238534364803e-01	1.363731772896125960e-01	-1.683137888545649663e-01	2.324129686528295935e-01	-3.591861029581918663e-01	2.565304397172216144e-01	-1.210061224812462172e-01	1.867157179327456895e-01	-5.194124474903892841e-01	1.000000000000002442e+00	-5.356675453786816643e-01	1.420148454447733299e-01	-1.888356331394858423e-01	2.124729238825963651e-01	-4.532035714100961510e-01	1.700053228408808514e-01	-1.497595011863228354e-01	1.641766296933745983e-01	-1.550399342830003913e-01	1.941112688015492194e-01	-1.342946053865609057e-01	6.377660051429875909e-02	-7.675632850352062664e-02	1.791475712216941962e-01	-1.321989298154699899e-01	1.915608902019250159e-01	-6.800252745747147054e-02	6.889322779030550292e-02	-6.467110445792600970e-02	4.008143679771582896e-02	-8.697545383386540499e-03	1.814011186899860267e-02	-1.884732134818834642e-02	8.721861313514972514e-02	-3.707613977033945296e-02	8.715001333100240097e-03
-1.501251833255270451e-01	1.217880114038853573e-01	-1.894996829456586651e-01	1.742601353487526206e-01	-1.681544939969281116e-01	1.521867055522627410e-01	-2.041672387278735123e-01	1.923869294647237160e-01	-2.291054239681244165e-01	2.341999160390166590e-01	-1.540992649652540569e-01	1.742048725201770787e-01	-2.808187085706451702e-01	2.967742984619658464e-01	-5.379348508783997618e-01	1.302396396466865836e-01	-1.848355488909958488e-01	2.754477473052219239e-01	-5.356675453786816643e-01	1.000000000000002665e+00	-1.579534671504606302e-01	1.885184199559737650e-01	-2.088087052258242315e-01	2.763581098170911354e-01	-2.350771233180271591e-01	1.634475003498698231e-01	-1.811095196768418847e-01	1.612500238910310746e-01	-2.073774508244028703e-01	1.636988677168771389e-01	-7.186409784869911277e-02	8.585001777835210568e-02	-2.043441102765991002e-01	1.476537686783956638e-01	-2.291978390015028677e-01	7.672952211426435631e-02	-7.830040961974285563e-02	7.357481222046918790e-02	-4.585728625941888625e-02	1.005438850527591924e-02	-2.062501893112862403e-02	2.140630748476447798e-02	-1.002979088287721809e-01	4.228742260852555446e-02	-1.008296491817063309e-02
1.577342433446051184e-01	-1.241464263530051848e-01	1.592962088981592639e-01	-1.070322193700396635e-01	8.434027789428706623e-02	-2.393746759309919037e-01	1.857026984084525489e-01	-1.497298293361931376e-01	1.159010225404685512e-01	-1.153560651608395160e-01	2.823239353884414715e-01	-2.104295477235675338e-01	1.941189514804454175e-01	-1.381841986183116600e-01	1.135409952087645113e-01	-5.732216493472416241e-01	2.255370706534243763e-01	-2.137543419280358015e-01	1.420148454447733299e-01	-1.579534671504606302e-01	1.000000000000001998e+00	-2.749676270614095364e-01	1.961069813891878899e-01	-2.030115454770979044e-01	1.182168089030111863e-01	-5.657644312390692765e-01	2.378354760079846308e-01	-1.713269137178230206e-01	1.688896542076561980e-01	-1.034197432001868200e-01	8.405976881550229762e-02	-1.018815656972196365e-01	1.714151007489879142e-01	-1.215282209426648413e-01	1.644988102895088844e-01	-8.621494614547753343e-02	8.421129064478508064e-02	-7.515156410354693894e-02	4.276772222418175756e-02	-8.801909938773040329e-03	2.210741736015261333e-02	-2.302519018463550574e-02	9.972625712043026169e-02	-3.975750310754585376e-02	8.823833975432982327e-03
-1.630647231058623692e-01	1.279747868879532735e-01	-1.834316619587203490e-01	1.231681510754674830e-01	-1.004413157559862352e-01	1.858182720524778064e-01	-2.432346212912190608e-01	1.783279363165149178e-01	-1.409529890900105553e-01	1.350360900545610476e-01	-2.191017202632908611e-01	2.583141873578597703e-01	-2.623708039777571388e-01	1.650453620440885394e-01	-1.398771730267645841e-01	2.085813013203752786e-01	-4.631032198367966424e-01	2.839359518999601262e-01	-1.888356331394858423e-01	1.885184199559737650e-01	-2.749676270614095364e-01	1.000000000000000444e+00	-5.857189931413628869e-01	2.526103940373406465e-01	-1.583086695038195268e-01	2.424818177524408758e-01	-3.087290530172097647e-01	2.588517181551966417e-01	-2.501489295562114856e-01	1.367179918565333552e-01	-9.842205358048113084e-02	1.183905570271931440e-01	-2.469113012543077412e-01	1.699388337393006321e-01	-2.254437787775140922e-01	9.884809895440248295e-02	-1.010013730108662855e-01	9.087882358231275104e-02	-5.386686294181467632e-02	1.123534437222850450e-02	-2.586871406709392168e-02	2.681374222722357828e-02	-1.216311105502205503e-01	4.981967052454625011e-02	-1.125967264142637043e-02
1.360442440101600481e-01	-1.097886304242814554e-01	1.562662420469013158e-01	-1.195957085429835975e-01	9.685397090607485160e-02	-1.581393508572688511e-01	1.892347547106645045e-01	-1.574695215874322984e-01	1.348270202702867571e-01	-1.341484894446751119e-01	1.678360499933135574e-01	-2.151291356799917287e-01	2.208818161728197949e-01	-1.715587906788919037e-01	1.432843404994999792e-01	-1.629084820551270074e-01	2.485112575553038439e-01	-3.964775621059999366e-01	2.124729238825963651e-01	-2.088087052258242315e-01	1.961069813891878899e-01	-5.857189931413628869e-01	1.000000000000002442e+00	-3.303037248397285297e-01	1.588745011554416886e-01	-2.386238629766898600e-01	2.691352583540614907e-01	-4.671111814935010598e-01	2.617283860487757408e-01	-1.437998683727597926e-01	9.225716677163452173e-02	-1.165713308659739045e-01	2.401282458851110024e-01	-1.817722548642863034e-01	2.134850898984481937e-01	-9.724414720992129169e-02	9.538398161704182698e-02	-8.870444325181046918e-02	5.248265518049322759e-02	-1.096351376309931576e-02	2.498865891669539707e-02	-2.606796738114223674e-02	1.140119752615028625e-01	-4.919404644706432128e-02	1.095485173192693902e-02
-1.684867297717731471e-01	1.329983812657354048e-01	-2.011356219770506770e-01	1.508752386632654097e-01	-1.294827503135740632e-01	1.759293555541106002e-01	-2.204942327186180107e-01	1.920302936985335551e-01	-1.825683425299969020e-01	1.723530863579468830e-01	-1.866217162417797282e-01	2.008603684041947446e-01	-2.939632171681508255e-01	2.269215318295158823e-01	-2.086690268187074981e-01	1.602015589847018695e-01	-2.173825656832104325e-01	3.033650766473244276e-01	-4.532035714100961510e-01	2.763581098170911354e-01	-2.030115454770979044e-01	2.526103940373406465e-01	-3.303037248397285297e-01	1.000000000000001998e+00	-3.136132037255202065e-01	2.210517022665329512e-01	-2.667543430928792092e-01	2.554226787631553308e-01	-4.146493383766707286e-01	2.248420887442527938e-01	-1.025728896514694899e-01	1.231065440613910850e-01	-3.151226202028599710e-01	2.374786916611662246e-01	-3.452179025126335676e-01	1.084844557551453148e-01	-1.110831986964013612e-01	1.049576842674302957e-01	-6.685957776761423943e-02	1.468082225011206610e-02	-2.900068446025448610e-02	3.009654262200894825e-02	-1.411077768915731390e-01	6.164882008934084723e-02	-1.470615848411900052e-02
9.742017228619689884e-02	-7.938665580083954787e-02	1.157965636385430430e-01	-1.004687803936941126e-01	8.173015673650543822e-02	-1.080529406645518997e-01	1.272550304346649064e-01	-1.170544242269112439e-01	1.108808330910404233e-01	-1.167843115575342011e-01	1.081537283385544806e-01	-1.247888834931882573e-01	1.623813436754664719e-01	-1.475601578748017839e-01	1.334968581372095731e-01	-9.717590358935193628e-02	1.249853093798034137e-01	-1.906902532840988040e-01	1.700053228408808514e-01	-2.350771233180271591e-01	1.182168089030111863e-01	-1.583086695038195268e-01	1.588745011554416886e-01	-3.136132037255202065e-01	1.000000000000002220e+00	-1.450074365666619847e-01	1.502699456400704292e-01	-1.556891286549646203e-01	2.134747321450408131e-01	-8.083631253677086015e-01	6.301503947107101045e-02	-7.790190693127428678e-02	1.854066823874638281e-01	-1.751493828180048229e-01	2.671761645740209912e-01	-7.142824928860981581e-02	6.914840121106620441e-02	-6.809654190731757872e-02	4.435559291519444031e-02	-1.040188250114714580e-02	1.878673495164806875e-02	-1.968706863088946768e-02	8.725545773783621728e-02	-4.208838019193548996e-02	1.034166519018281730e-02
-1.654061294173817254e-01	1.229664539013856084e-01	-1.741806702130408169e-01	1.097187463950470426e-01	-8.822983362057634782e-02	1.932550364527194087e-01	-1.909688748668958436e-01	1.530527877926586844e-01	-1.210973645148945288e-01	1.185124313705387816e-01	-2.704473632493951674e-01	1.855843637374050836e-01	-2.155521924222990604e-01	1.424282761238929995e-01	-1.193056820064778978e-01	2.495251237125668542e-01	-2.051528277910504849e-01	2.107817064775570626e-01	-1.497595011863228354e-01	1.634475003498698231e-01	-5.657644312390692765e-01	2.424818177524408758e-01	-2.386238629766898600e-01	2.210517022665329512e-01	-1.450074365666619847e-01	1.000000000000003553e+00	-5.278000485671319186e-01	2.391660281493238893e-01	-2.367160880025186986e-01	1.276919303447403009e-01	-1.379414355183051777e-01	1.564894986690961720e-01	-2.406287980255483183e-01	1.632118175124044612e-01	-2.145509566968842319e-01	1.218928675853181015e-01	-1.269729005539879385e-01	1.048602515770692550e-01	-5.868867825496747875e-02	1.174759685940207632e-02	-3.117983240790827421e-02	3.209820048853405383e-02	-1.430387409263566278e-01	5.400721723732378882e-02	-1.179233779878400591e-02
1.335755213185687851e-01	-1.066449938417748794e-01	1.489193544369997735e-01	-1.111433206081762354e-01	8.845086632157292406e-02	-1.617949985074382258e-01	1.700062330264454913e-01	-1.445527917416593866e-01	1.210192673500063570e-01	-1.223942204038546699e-01	1.745208301750531543e-01	-1.808264828011156844e-01	1.990124735977250869e-01	-1.509610781197047724e-01	1.251052635907157762e-01	-1.748662260669512081e-01	1.894934200004384783e-01	-2.381016415132423958e-01	1.641766296933745983e-01	-1.811095196768418847e-01	2.378354760079846308e-01	-3.087290530172097647e-01	2.691352583540614907e-01	-2.667543430928792092e-01	1.502699456400704292e-01	-5.278000485671319186e-01	1.000000000000001554e+00	-5.082957419080478267e-01	2.617969514406922604e-01	-1.417702966798383146e-01	1.685637768317221896e-01	-2.713591956042918363e-01	2.495164033565700212e-01	-1.892160391775649098e-01	2.119762970820901482e-01	-1.578508754188247543e-01	1.502327258647041530e-01	-1.244613707042960815e-01	6.417687589721537966e-02	-1.266667112602660149e-02	3.700728389974215771e-02	-3.857221079552267118e-02	1.528220096873477984e-01	-6.030684994692214751e-02	1.266551342130182306e-02
-1.107856585304430735e-01	8.830798007076905154e-02	-1.263427979549394953e-01	9.537622024788480757e-02	-7.690702891059955637e-02	1.274410439484761903e-01	-1.450962550012243613e-01	1.232019048211320383e-01	-1.057187566065560386e-01	1.060238784771820597e-01	-1.377707188022224971e-01	1.504825564748631106e-01	-1.742629225522175362e-01	1.325215241480180162e-01	-1.117118430150908920e-01	1.289637872677272534e-01	-1.652010001082058754e-01	2.199875580176923473e-01	-1.550399342830003913e-01	1.612500238910310746e-01	-1.713269137178230206e-01	2.588517181551966417e-01	-4.671111814935010598e-01	2.554226787631553308e-01	-1.556891286549646203e-01	2.391660281493238893e-01	-5.082957419080478267e-01	1.000000000000002665e+00	-5.029473826084328580e-01	1.512758542258294814e-01	-1.078786112904794869e-01	1.376417147999501323e-01	-3.796361552030652065e-01	2.413682739790467546e-01	-2.325575148104777057e-01	1.043275770737546043e-01	-1.053385755873200852e-01	9.608780961983313940e-02	-5.689225137873932941e-02	1.155752254500753973e-02	-2.619995919445181759e-02	2.724764375005846867e-02	-1.189582957294147980e-01	5.324235999581339307e-02	-1.151969594867952723e-02
1.239389558764348587e-01	-1.002609861853354378e-01	1.436858965459494597e-01	-1.157397423470422071e-01	9.291904105696217886e-02	-1.421931370737053446e-01	1.617080169271424284e-01	-1.429591556638112049e-01	1.271515168256689143e-01	-1.299310592318169977e-01	1.455970776662865729e-01	-1.666708062394164913e-01	1.990737061346178061e-01	-1.647617620052009568e-01	1.381213615313385268e-01	-1.359379549296167444e-01	1.710511797258922329e-01	-2.499993894884279533e-01	1.941112688015492194e-01	-2.073774508244028703e-01	1.688896542076561980e-01	-2.501489295562114856e-01	2.617283860487757408e-01	-4.146493383766707286e-01	2.134747321450408131e-01	-2.367160880025186986e-01	2.617969514406922604e-01	-5.029473826084328580e-01	1.000000000000003331e+00	-2.561240118806137889e-01	9.802340541627749260e-02	-1.266656677220127647e-01	3.187375822629071043e-01	-4.837954963989874457e-01	2.966352802583754888e-01	-1.082930816664907508e-01	1.040930959985744836e-01	-1.030961014203626430e-01	6.964206860614162442e-02	-1.438290693340826126e-02	2.766875777101927142e-02	-2.901138467016587535e-02	1.260696849518857521e-01	-6.655271989816544109e-02	1.424856244066049354e-02
-8.297147165298997262e-02	6.695193053950816708e-02	-9.799949534480718871e-02	8.054384203596637315e-02	-6.615249537332351659e-02	9.152988913146717365e-02	-1.076217994753236318e-01	9.697490523021140563e-02	-8.976172207286177429e-02	9.223211733630570786e-02	-9.320155094753204694e-02	1.048328669025299087e-01	-1.377078980021907151e-01	1.153376132571846124e-01	-1.061805275880950139e-01	8.343991840339998189e-02	-1.062105970803649546e-01	1.535227245490644599e-01	-1.342946053865609057e-01	1.636988677168771389e-01	-1.034197432001868200e-01	1.367179918565333552e-01	-1.437998683727597926e-01	2.248420887442527938e-01	-8.083631253677086015e-01	1.276919303447403009e-01	-1.417702966798383146e-01	1.512758542258294814e-01	-2.561240118806137889e-01	1.000000000000001554e+00	-5.794613203190457362e-02	7.160133325149248273e-02	-1.989270370354620232e-01	1.912039143073275826e-01	-4.089517774508024117e-01	6.452395499356167186e-02	-6.345774840964679697e-02	6.293586484062049791e-02	-4.271209941984781266e-02	1.074112632181653711e-02	-1.695953982984102493e-02	1.773948127810476977e-02	-8.000323299340610095e-02	4.017520350112738226e-02	-1.069021692718643765e-02
5.339865748660805461e-02	-4.246701758948746852e-02	6.020771704379834083e-02	-4.477610354047592556e-02	3.561047090578556978e-02	-6.242007820878264085e-02	6.689427310928414139e-02	-5.772329703152086905e-02	4.845243689426534384e-02	-4.910683391733017961e-02	6.651954284585702426e-02	-6.836789828343976805e-02	8.101204035870868125e-02	-6.008454157838560850e-02	4.990371831182018048e-02	-6.281977026853002855e-02	6.961951286309546461e-02	-8.924693746664343064e-02	6.377660051429875909e-02	-7.186409784869911277e-02	8.405976881550229762e-02	-9.842205358048113084e-02	9.225716677163452173e-02	-1.025728896514694899e-01	6.301503947107101045e-02	-1.379414355183051777e-01	1.685637768317221896e-01	-1.078786112904794869e-01	9.802340541627749260e-02	-5.794613203190457362e-02	1.000000000000000444e+00	-7.296643324135342334e-01	1.178095339518344109e-01	-8.016534331814005598e-02	9.491627227320575955e-02	-5.550789594351654976e-01	2.737747610677761512e-01	-1.632352553864176437e-01	6.021766718779848759e-02	-1.005181796225568247e-02	7.528046936341377393e-02	-7.816172597437327785e-02	1.871295746626449874e-01	-5.555056308515395752e-02	1.011488768968039388e-02
-6.438104702792556144e-02	5.097825496271051610e-02	-7.263023283596205248e-02	5.348326887137390406e-02	-4.266201853502430558e-02	7.445992660427917798e-02	-8.063594456187410386e-02	6.926208376398150512e-02	-5.810804173063158912e-02	5.867789310187514207e-02	-8.044469670438553210e-02	8.170943832889546177e-02	-9.794348766762212000e-02	7.181435230511498680e-02	-5.985120268036290408e-02	7.490046043287583444e-02	-8.415717342621772956e-02	1.068747994467496853e-01	-7.675632850352062664e-02	8.585001777835210568e-02	-1.018815656972196365e-01	1.183905570271931440e-01	-1.165713308659739045e-01	1.231065440613910850e-01	-7.790190693127428678e-02	1.564894986690961720e-01	-2.713591956042918363e-01	1.376417147999501323e-01	-1.266656677220127647e-01	7.160133325149248273e-02	-7.296643324135342334e-01	1.000000000000001332e+00	-1.593239893436374233e-01	1.019639758885278191e-01	-1.199306289693207600e-01	3.114786166845424087e-01	-4.199318817225372591e-01	1.972966887959891891e-01	-7.830311980390018689e-02	1.280840085988120720e-02	-6.636950286239920449e-02	6.610424140114826153e-02	-2.545165828236350958e-01	7.075888335234237214e-02	-1.292454905817848332e-02
1.275758413334420471e-01	-1.035351173973619310e-01	1.474167572706557849e-01	-1.192395978449241473e-01	9.449277601245188729e-02	-1.475945998292750305e-01	1.646897672451738681e-01	-1.466947466355125185e-01	1.282635481972280722e-01	-1.325153629859913140e-01	1.489093260853933121e-01	-1.707974701091444225e-01	2.023187080442618857e-01	-1.648381276305174725e-01	1.365310607726574754e-01	-1.391205634810254999e-01	1.710078576847526566e-01	-2.460811328443090751e-01	1.791475712216941962e-01	-2.043441102765991002e-01	1.714151007489879142e-01	-2.469113012543077412e-01	2.401282458851110024e-01	-3.151226202028599710e-01	1.854066823874638281e-01	-2.406287980255483183e-01	2.495164033565700212e-01	-3.796361552030652065e-01	3.187375822629071043e-01	-1.989270370354620232e-01	1.178095339518344109e-01	-1.593239893436374233e-01	1.000000000000001554e+00	-6.035846950029087887e-01	3.065490358208941557e-01	-1.354852571882035339e-01	1.321737640066237285e-01	-1.548816282284432300e-01	8.702934429300937524e-02	-1.725747203625266693e-02	3.434369492242304867e-02	-3.612547646849618987e-02	1.610092561056820637e-01	-8.427098408725969270e-02	1.705176230728617029e-02
-9.059742526757098846e-02	7.317450007923677335e-02	-1.050510403847035729e-01	8.431147914082459671e-02	-6.741683020002217641e-02	1.032693535644280958e-01	-1.171305018042788221e-01	1.039116542206742627e-01	-9.172075190161545211e-02	9.414357218522838300e-02	-1.055843611524216047e-01	1.192058314768658922e-01	-1.451621601293707764e-01	1.175604951953510557e-01	-9.895748617959015947e-02	9.726321634372737945e-02	-1.211463756736049502e-01	1.723629497857395443e-01	-1.321989298154699899e-01	1.476537686783956638e-01	-1.215282209426648413e-01	1.699388337393006321e-01	-1.817722548642863034e-01	2.374786916611662246e-01	-1.751493828180048229e-01	1.632118175124044612e-01	-1.892160391775649098e-01	2.413682739790467546e-01	-4.837954963989874457e-01	1.912039143073275826e-01	-8.016534331814005598e-02	1.019639758885278191e-01	-6.035846950029087887e-01	1.000000000000001554e+00	-5.300919230569095530e-01	8.934059063452541583e-02	-8.941157661330222106e-02	9.621669882107386496e-02	-8.517764845625480641e-02	1.619667302410992063e-02	-2.315823544076276233e-02	2.426846097287342630e-02	-1.124946348761141912e-01	7.591926377583334273e-02	-1.595039374325299061e-02
