1.000000000000000000e+00	-8.935967693837982839e-01	1.709832111472036342e-01	-9.858656499004123108e-02	4.797291074833257701e-02	-2.827040793245688688e-01	2.165858121323283592e-01	-1.916886333850190416e-01	8.390104402335191169e-02	-4.304268025037760043e-02	6.209857540512464524e-02	-7.727554231642624893e-02	5.510241086032592606e-02	-6.080877168481498701e-02	1.361874287635408617e-02	-4.976780233289303940e-02	6.294834272837371292e-02	-3.904364129762655927e-02	4.060685920145385569e-02	-1.321641002809315762e-02	4.452682785576746877e-02	-3.783205810824035592e-02	3.445546684265344412e-02	-2.701042378538767719e-02	2.927990122833907388e-02	-3.883831122385659335e-02	3.279192793951314633e-02	-2.962281040468268262e-02	1.839449617633545642e-02	-1.782504512879110742e-02	2.772942856729443406e-02	-2.747797741230598861e-02	3.247713913876870695e-02	-1.916994024520050216e-02	2.261558937780242667e-02	-1.357412730001419585e-02	1.534776860051803409e-02	-1.060625928661246102e-02	1.334191435863925010e-02	-1.307173849265281726e-02	1.257958489710175876e-02	-1.081089764745073352e-02	1.077221276714912523e-02	-1.191416495043627274e-02	1.058695386569593819e-02
-8.935967693837982839e-01	9.999999999999992228e-01	-2.168797367612808058e-01	9.460922098872734387e-02	-4.770069958917941971e-02	2.136228104572693021e-01	-2.730279229356756820e-01	1.666910390721724200e-01	-8.544904633503128122e-02	4.138392036796722379e-02	-6.053951110627629750e-02	7.437265686703130319e-02	-5.047499198808980125e-02	5.377897559778366948e-02	-1.262186866300281374e-02	4.659303167914365107e-02	-6.180162842328093542e-02	3.557340918375740541e-02	-3.748453117614008318e-02	1.220933121041946866e-02	-4.287742078132422002e-02	3.557279232688831394e-02	-3.231715547501864266e-02	2.514197318528802946e-02	-2.741607765335449601e-02	3.637679640482315707e-02	-3.101206428814230406e-02	2.769817295142339847e-02	-1.721814338661965815e-02	1.666172877819031492e-02	-2.620359954233666619e-02	2.581458813110226735e-02	-3.053481679692914355e-02	1.793699547026723906e-02	-2.119181644925375446e-02	1.278927572033425678e-02	-1.446975915550779805e-02	9.965097086819967032e-03	-1.249754690162530567e-02	1.223180186002656260e-02	-1.186054939897871613e-02	1.017525115143988468e-02	-1.012868484687674472e-02	1.114932826073313996e-02	-9.913848329009107563e-03
1.709832111472036342e-01	-2.168797367612808058e-01	9.999999999999997780e-01	-4.247626258597282378e-01	1.355041026118626035e-01	-7.251278799787169715e-02	7.551184257960905089e-02	-7.982604405042622586e-01	2.645896150005015990e-01	-1.199056506377174647e-01	3.478173077726393753e-02	-4.389378979575284806e-02	1.217113456280135980e-01	-1.279842462942090142e-01	2.624915155163615177e-02	-3.360146112543071356e-02	4.886217761295368056e-02	-7.395219571373692902e-02	7.056315766155250857e-02	-2.566794097586315784e-02	3.404269144627025678e-02	-3.964914382003727894e-02	4.315440493851303849e-02	-3.494942924542173562e-02	3.633209782457022530e-02	-3.479787995081016355e-02	3.390769016323711554e-02	-3.489957224315567291e-02	2.168477336291695437e-02	-2.113315620508656942e-02	2.731093885498275114e-02	-2.840980129249696950e-02	3.622143124446536300e-02	-2.211333450913583604e-02	2.596058605111215348e-02	-1.379182466580972447e-02	1.573797656360423000e-02	-1.136675518251487570e-02	1.514568178580888436e-02	-1.488482678139222727e-02	1.286241907468824337e-02	-1.120975375489344228e-02	1.148539721252589407e-02	-1.351850376775221019e-02	1.198761394850424156e-02
-9.858656499004123108e-02	9.460922098872734387e-02	-4.247626258597282378e-01	1.000000000000000000e+00	-3.128767698474124170e-01	4.198289467306805939e-02	-4.381698698040440570e-02	2.788677629297514060e-01	-7.703807309984369578e-01	2.313465158688975121e-01	-2.339583784821923362e-02	2.907095843339426930e-02	-7.757786513044531707e-02	8.379410004901623188e-02	-2.858607273738730456e-02	2.334948099834479804e-02	-3.473171306864443475e-02	4.808663323622999058e-02	-5.184793728015147513e-02	2.781432339246521501e-02	-2.437326836626909146e-02	2.846145670314245701e-02	-3.123129373313008814e-02	2.549394710925643667e-02	-2.702869586776627392e-02	2.514992574107319245e-02	-2.472902636525360284e-02	2.523581490404408142e-02	-1.598719129796133398e-02	1.557014391355720541e-02	-2.001906237117838730e-02	2.070511478900842819e-02	-2.672154477420163321e-02	1.625694906743163290e-02	-1.922107891523036974e-02	1.011718354819590888e-02	-1.157581227728597499e-02	8.357338590823030003e-03	-1.116098093392911030e-02	1.095107181655578972e-02	-9.456653184393083028e-03	8.232761656032231909e-03	-8.455485190619775604e-03	9.939597011864458737e-03	-8.834184565121371707e-03
4.797291074833257701e-02	-4.770069958917941971e-02	1.355041026118626035e-01	-3.128767698474124170e-01	9.999999999999995559e-01	-2.523561627947128183e-02	2.514236444190007247e-02	-1.755477520643120848e-01	2.565146561065464459e-01	-8.917003907513743055e-01	1.755346113875966285e-02	-2.184645223292459512e-02	5.677543682276336295e-02	-6.836739113583378824e-02	5.707020228826658464e-02	-1.867567772438774587e-02	2.809419696919442447e-02	-4.030798562014694525e-02	4.510974146514291211e-02	-5.783264498948705035e-02	1.995102106601921027e-02	-2.444800126540151025e-02	2.695157213588618428e-02	-2.279171988482705039e-02	2.418777621780855008e-02	-2.139527738367442283e-02	2.125717066233247243e-02	-2.203722385488902230e-02	1.411044244556694006e-02	-1.381775016231821286e-02	1.720835804615067008e-02	-1.791215068216916659e-02	2.329304266915940488e-02	-1.432710972509816834e-02	1.693040463308036550e-02	-8.750042135130423754e-03	1.002705398781675826e-02	-7.289893972013096295e-03	9.816359910244527517e-03	-9.646240261016634024e-03	8.187405361466441878e-03	-7.146248511524511127e-03	7.369762563574010564e-03	-8.750550237018922886e-03	7.773348641860586619e-03
-2.827040793245688688e-01	2.136228104572693021e-01	-7.251278799787169715e-02	4.198289467306805939e-02	-2.523561627947128183e-02	9.999999999999995559e-01	-8.901201573709560666e-01	7.557599740385555209e-02	-4.161927230912788184e-02	2.190012542864287065e-02	-1.701975430020097602e-01	1.781954299186755963e-01	-4.634957449898389342e-02	4.870313547734343024e-02	-1.302889267066935190e-02	1.054668452650846106e-01	-1.366801548590305948e-01	4.068370743644217358e-02	-4.459345104375143226e-02	1.244778167810711884e-02	-9.387127000340265981e-02	6.481179495177182004e-02	-5.255764979491530514e-02	3.940892857711838365e-02	-4.399404193089012649e-02	7.066168279578684264e-02	-5.705607834262053230e-02	4.665197186723894773e-02	-2.866451425071334796e-02	2.759770523675087600e-02	-4.918685797277561056e-02	4.693981146545986999e-02	-5.286899074313497482e-02	3.029188569856867963e-02	-3.576517428345162009e-02	2.350363581398061397e-02	-2.645563285502834650e-02	1.769226323337287979e-02	-2.130910653690116022e-02	2.080625157158921476e-02	-2.172504634630863934e-02	1.845941439678360982e-02	-1.804078425442755262e-02	1.901782607827371893e-02	-1.691777724098572633e-02
2.165858121323283592e-01	-2.730279229356756820e-01	7.551184257960905089e-02	-4.381698698040440570e-02	2.514236444190007247e-02	-8.901201573709560666e-01	9.999999999999992228e-01	-8.231834230884145509e-02	4.193417388680389934e-02	-2.202277111680431623e-02	1.469428207861188940e-01	-2.204063808543321734e-01	4.534278855789999896e-02	-4.816720274905460925e-02	1.241709217185798901e-02	-1.021539031881864568e-01	1.229559188725286717e-01	-3.901239074624075764e-02	4.210397693139314446e-02	-1.189711281621669454e-02	8.398000563940345720e-02	-6.068925225190847234e-02	4.856240838640255714e-02	-3.679877526650063985e-02	4.061009554787320397e-02	-6.674529485811660223e-02	5.219999446032588114e-02	-4.337768467461831923e-02	2.653664338026141822e-02	-2.561737302457875107e-02	4.508701781475969728e-02	-4.359122494027792977e-02	4.862016364405827989e-02	-2.810458520420790543e-02	3.305059903685566430e-02	-2.164545048836646543e-02	2.429255554623785743e-02	-1.633302995188395598e-02	1.973360662593801398e-02	-1.931275806202133183e-02	1.995257175744894959e-02	-1.701090309627090180e-02	1.662599899219058958e-02	-1.765562792793262323e-02	1.567838723705717099e-02
-1.916886333850190416e-01	1.666910390721724200e-01	-7.982604405042622586e-01	2.788677629297514060e-01	-1.755477520643120848e-01	7.557599740385555209e-02	-8.231834230884145509e-02	9.999999999999996669e-01	-3.747338011784378531e-01	1.387967062160117560e-01	-4.054972411365117407e-02	5.051792555236700455e-02	-1.817018242159623986e-01	1.453312878328111568e-01	-3.212066141761134308e-02	3.931425362460804623e-02	-5.884709308787809678e-02	9.081885418217804096e-02	-9.061942148140479658e-02	3.102967004886365843e-02	-4.060745580992822235e-02	4.779198523451615166e-02	-5.331157557170252553e-02	4.273683050999472349e-02	-4.481842617397440581e-02	4.144256070094737288e-02	-4.117444539971060191e-02	4.230642773504412341e-02	-2.649203530285810376e-02	2.576504696579803161e-02	-3.302764459635459254e-02	3.428899096760367610e-02	-4.422720004754594064e-02	2.689772562438323689e-02	-3.168877471841368559e-02	1.668046823345245219e-02	-1.906916299195264217e-02	1.378390303073707621e-02	-1.842819836699653366e-02	1.808370422156736421e-02	-1.558021915993629963e-02	1.356990348021985295e-02	-1.393604084695925990e-02	1.641580973780315533e-02	-1.457517654991357693e-02
8.390104402335191169e-02	-8.544904633503128122e-02	2.645896150005015990e-01	-7.703807309984369578e-01	2.565146561065464459e-01	-4.161927230912788184e-02	4.193417388680389934e-02	-3.747338011784378531e-01	9.999999999999991118e-01	-3.570924683853337611e-01	2.563443620816794125e-02	-3.213097093645183450e-02	9.314347189766507273e-02	-1.093945805505093793e-01	3.590309692309415907e-02	-2.639765522883912377e-02	3.931232849149215308e-02	-5.910564992056552280e-02	6.207630936253490800e-02	-3.539041135068426297e-02	2.765262971390110291e-02	-3.344195989700655264e-02	3.689684363248709603e-02	-3.037224929560673053e-02	3.190658629438104799e-02	-2.919851944220770365e-02	2.887046602558974648e-02	-2.989326532942800096e-02	1.885928227600718737e-02	-1.839979614928161089e-02	2.328499755366639223e-02	-2.425114152180051982e-02	3.133408705737210365e-02	-1.917731670290529628e-02	2.261048234146536065e-02	-1.180898233747290117e-02	1.350965924629155684e-02	-9.797753772389021856e-03	1.313991006208557570e-02	-1.290849025441544520e-02	1.103500834494421101e-02	-9.626074079059698113e-03	9.903166499281482182e-03	-1.171533783485135052e-02	1.040157102803081039e-02
-4.304268025037760043e-02	4.138392036796722379e-02	-1.199056506377174647e-01	2.313465158688975121e-01	-8.917003907513743055e-01	2.190012542864287065e-02	-2.202277111680431623e-02	1.387967062160117560e-01	-3.570924683853337611e-01	9.999999999999996669e-01	-1.537200853810593432e-02	1.904630718004451592e-02	-4.934381205136369186e-02	5.811679330641313090e-02	-6.268064606214834855e-02	1.630699641680966733e-02	-2.473269020727750581e-02	3.521152892683591246e-02	-4.082370616596988494e-02	5.726866723151691208e-02	-1.752215172379694569e-02	2.145808593972729772e-02	-2.383079576288207532e-02	2.020970119917628663e-02	-2.154583506703930396e-02	1.870661714219505264e-02	-1.872390869315882292e-02	1.938442613474289714e-02	-1.248034524540314778e-02	1.222080306049044308e-02	-1.513888176845648581e-02	1.574173272792604716e-02	-2.056250769359907124e-02	1.264452354100287571e-02	-1.496036714679165221e-02	7.698268073155400439e-03	-8.828697106795350275e-03	6.421893595934848042e-03	-8.662790626179528441e-03	8.508651079010685903e-03	-7.208001142327190303e-03	6.290096642465692854e-03	-6.493486988397040999e-03	7.716832587900981227e-03	-6.857688104759384999e-03
6.209857540512464524e-02	-6.053951110627629750e-02	3.478173077726393753e-02	-2.339583784821923362e-02	1.755346113875966285e-02	-1.701975430020097602e-01	1.469428207861188940e-01	-4.054972411365117407e-02	2.563443620816794125e-02	-1.537200853810593432e-02	9.999999999999985567e-01	-6.788641329170519434e-01	7.101217874343011827e-02	-7.502263813050619179e-02	2.071854879124143678e-02	-5.698986012085626163e-01	2.700957443102678934e-01	-7.094394612133433919e-02	7.638350641892995008e-02	-1.976074050892067877e-02	2.400652266740717911e-01	-1.430168817274135029e-01	1.034805685009939358e-01	-7.793298185698113723e-02	8.491418111748391673e-02	-1.889640851575790370e-01	1.190687934148501048e-01	-9.657354940217330319e-02	5.773356508313595703e-02	-5.585397277103462677e-02	1.083069293956768764e-01	-1.050963196150592610e-01	1.076854754807006764e-01	-6.236396602232784081e-02	7.236360208851200237e-02	-5.155712967677823083e-02	5.688805464388574373e-02	-3.770261697541945484e-02	4.398084113993495220e-02	-4.323062363954606468e-02	4.685656897339997295e-02	-3.998467344962838843e-02	3.829096963176530088e-02	-3.966716284085669564e-02	3.504142446765977359e-02
-7.727554231642624893e-02	7.437265686703130319e-02	-4.389378979575284806e-02	2.907095843339426930e-02	-2.184645223292459512e-02	1.781954299186755963e-01	-2.204063808543321734e-01	5.051792555236700455e-02	-3.213097093645183450e-02	1.904630718004451592e-02	-6.788641329170519434e-01	9.999999999999986677e-01	-9.645599659727124853e-02	9.382297569617416289e-02	-2.609793383909335407e-02	2.909979542820882448e-01	-4.993628261012910130e-01	9.120779514815385847e-02	-9.831607914409050408e-02	2.481208599422614000e-02	-2.601556963409282219e-01	1.761791313659279712e-01	-1.317853710927084643e-01	9.477061878208585533e-02	-1.051215061824177649e-01	1.809413639376536154e-01	-1.477791103462459121e-01	1.162095692879395181e-01	-6.954306607455629230e-02	6.675659806864454870e-02	-1.255416796770169874e-01	1.193315360965372524e-01	-1.304738302073409073e-01	7.395578868320880350e-02	-8.669679527989226919e-02	5.942302419426846033e-02	-6.663482446107119039e-02	4.405194084736805543e-02	-5.208645504374601748e-02	5.084692053487500224e-02	-5.477640727421227707e-02	4.638826667757089267e-02	-4.493198241414933514e-02	4.655625907323701629e-02	-4.134202454386214087e-02
5.510241086032592606e-02	-5.047499198808980125e-02	1.217113456280135980e-01	-7.757786513044531707e-02	5.677543682276336295e-02	-4.634957449898389342e-02	4.534278855789999896e-02	-1.817018242159623986e-01	9.314347189766507273e-02	-4.934381205136369186e-02	7.101217874343011827e-02	-9.645599659727124853e-02	9.999999999999988898e-01	-7.430077089608712049e-01	7.650741094489975358e-02	-7.777379899208090863e-02	1.240294096645260385e-01	-5.073396814743941219e-01	3.056229001516750365e-01	-7.524374401898688280e-02	8.262329398507893552e-02	-1.298416935997892541e-01	1.614289544489267147e-01	-1.255887909382133183e-01	1.183043132190013530e-01	-9.336105799294819318e-02	1.024973593124233334e-01	-1.200173774466567062e-01	6.897480366755526227e-02	-6.746732903182320329e-02	7.623339173464728502e-02	-8.464124339386143447e-02	1.102028753677749690e-01	-6.945287507520846171e-02	7.897406746457145965e-02	-3.929754667541976443e-02	4.472657641079803154e-02	-3.356637051173090580e-02	4.645449426597543507e-02	-4.595620690256010249e-02	3.652503261372156557e-02	-3.231787347810225614e-02	3.360989004852277251e-02	-4.172016751052799038e-02	3.662295457305635160e-02
-6.080877168481498701e-02	5.377897559778366948e-02	-1.279842462942090142e-01	8.379410004901623188e-02	-6.836739113583378824e-02	4.870313547734343024e-02	-4.816720274905460925e-02	1.453312878328111568e-01	-1.093945805505093793e-01	5.811679330641313090e-02	-7.502263813050619179e-02	9.382297569617416289e-02	-7.430077089608712049e-01	9.999999999999987788e-01	-1.166665517032087207e-01	8.171712098537863012e-02	-1.379037622458871570e-01	3.095801107094385829e-01	-4.857066093038294730e-01	1.030330840945210824e-01	-9.139990589116335495e-02	1.308836952128263342e-01	-1.688114378030387830e-01	1.407203844436141771e-01	-1.463137798795480227e-01	1.000428358588468652e-01	-1.120314070592965255e-01	1.225552473280473592e-01	-7.983016841970597133e-02	7.737260906503161395e-02	-8.542182994172679844e-02	9.167588866103483503e-02	-1.259832831873382297e-01	7.833191618412897739e-02	-9.230260520723213014e-02	4.403003389965723380e-02	-5.068407288052891035e-02	3.788041935004828054e-02	-5.302661520748737367e-02	5.198996702415607796e-02	-4.132184310546897082e-02	3.633536354061285556e-02	-3.815551090027761993e-02	4.704890174961115501e-02	-4.174478064065877125e-02
1.361874287635408617e-02	-1.262186866300281374e-02	2.624915155163615177e-02	-2.858607273738730456e-02	5.707020228826658464e-02	-1.302889267066935190e-02	1.241709217185798901e-02	-3.212066141761134308e-02	3.590309692309415907e-02	-6.268064606214834855e-02	2.071854879124143678e-02	-2.609793383909335407e-02	7.650741094489975358e-02	-1.166665517032087207e-01	9.999999999999996669e-01	-2.504732455784719133e-02	3.973662228842918948e-02	-9.469018395012869516e-02	1.262753283090342349e-01	-9.740437149470869693e-01	2.772817623146554139e-02	-4.359801145709520792e-02	5.164537901786035723e-02	-5.617892070906577162e-02	5.809502015143244019e-02	-3.291546473378086091e-02	3.560414520268333910e-02	-4.131377162145588589e-02	2.809125893427126541e-02	-2.896361580136676619e-02	2.715325812326121677e-02	-3.027409600745631715e-02	3.988913920045564915e-02	-2.764038432290549449e-02	3.134286170510098418e-02	-1.430203500494783668e-02	1.639750612786416983e-02	-1.267083513173195529e-02	1.827165471607133940e-02	-1.826085098001171622e-02	1.336531153268035420e-02	-1.195224806041285392e-02	1.263763432227157403e-02	-1.652257295567834128e-02	1.443177367169426809e-02
-4.976780233289303940e-02	4.659303167914365107e-02	-3.360146112543071356e-02	2.334948099834479804e-02	-1.867567772438774587e-02	1.054668452650846106e-01	-1.021539031881864568e-01	3.931425362460804623e-02	-2.639765522883912377e-02	1.630699641680966733e-02	-5.698986012085626163e-01	2.909979542820882448e-01	-7.777379899208090863e-02	8.171712098537863012e-02	-2.504732455784719133e-02	9.999999999999995559e-01	-3.761979406715700303e-01	8.367181727427276672e-02	-9.349373515003092661e-02	2.375472420742937019e-02	-5.774640360622234070e-01	1.752490291309593551e-01	-1.336254602199438424e-01	9.745882582026625662e-02	-1.094383430326109768e-01	2.456943104592441418e-01	-1.616534734445956301e-01	1.232319835551552445e-01	-7.407252537120322111e-02	7.091565326903720434e-02	-1.533559899269570925e-01	1.358377787343986176e-01	-1.429990360595008170e-01	7.956862903833210321e-02	-9.335830044894299906e-02	7.063298377588160537e-02	-7.885915449488879736e-02	5.030274563866159870e-02	-5.665008642972624991e-02	5.512541900711291631e-02	-6.494596553116770143e-02	5.432729328999119645e-02	-5.156470973430026666e-02	5.062776289583650891e-02	-4.501715522129093316e-02
6.294834272837371292e-02	-6.180162842328093542e-02	4.886217761295368056e-02	-3.473171306864443475e-02	2.809419696919442447e-02	-1.366801548590305948e-01	1.229559188725286717e-01	-5.884709308787809678e-02	3.931232849149215308e-02	-2.473269020727750581e-02	2.700957443102678934e-01	-4.993628261012910130e-01	1.240294096645260385e-01	-1.379037622458871570e-01	3.973662228842918948e-02	-3.761979406715700303e-01	1.000000000000000222e+00	-1.499723987039281725e-01	1.496214995053374575e-01	-3.811696606839107271e-02	2.604111517262898134e-01	-4.385784663489383783e-01	2.215613859394894303e-01	-1.646191185491292230e-01	1.673160312822464246e-01	-2.967434571756504824e-01	2.395556092294404416e-01	-2.038929837396889766e-01	1.137175006109763797e-01	-1.109122167364217648e-01	1.849360522542113361e-01	-2.051091872257584658e-01	2.053262426544472385e-01	-1.231930534771041863e-01	1.393081404176741700e-01	-9.157599915680970926e-02	1.003524782692607614e-01	-6.981276694401720995e-02	8.522866450165728081e-02	-8.468019111466379423e-02	8.260118303136178286e-02	-7.208027885147726133e-02	7.012526984159857257e-02	-7.762776046012113962e-02	6.793898068122000700e-02
-3.904364129762655927e-02	3.557340918375740541e-02	-7.395219571373692902e-02	4.808663323622999058e-02	-4.030798562014694525e-02	4.068370743644217358e-02	-3.901239074624075764e-02	9.081885418217804096e-02	-5.910564992056552280e-02	3.521152892683591246e-02	-7.094394612133433919e-02	9.120779514815385847e-02	-5.073396814743941219e-01	3.095801107094385829e-01	-9.469018395012869516e-02	8.367181727427276672e-02	-1.499723987039281725e-01	1.000000000000000000e+00	-6.993523635546718964e-01	8.993972309735756565e-02	-9.170953423591542142e-02	1.660734148504277030e-01	-3.012661968881972796e-01	1.709851418225040998e-01	-1.571566180250924261e-01	1.068073290690471078e-01	-1.303326491517365904e-01	1.575108069070398631e-01	-8.696543063160135090e-02	8.348415088351324176e-02	-8.948768972862945759e-02	1.014083598701829292e-01	-1.387751521499523688e-01	8.495150716395509505e-02	-9.549606370449431614e-02	4.583286577979710924e-02	-5.213172726579563127e-02	3.967465278266750495e-02	-5.596327479081934092e-02	5.506678688778504638e-02	-4.255100500305809136e-02	3.772269046746293264e-02	-3.962478199482542124e-02	4.995703555546157637e-02	-4.379520646073663259e-02
4.060685920145385569e-02	-3.748453117614008318e-02	7.056315766155250857e-02	-5.184793728015147513e-02	4.510974146514291211e-02	-4.459345104375143226e-02	4.210397693139314446e-02	-9.061942148140479658e-02	6.207630936253490800e-02	-4.082370616596988494e-02	7.638350641892995008e-02	-9.831607914409050408e-02	3.056229001516750365e-01	-4.857066093038294730e-01	1.262753283090342349e-01	-9.349373515003092661e-02	1.496214995053374575e-01	-6.993523635546718964e-01	1.000000000000000222e+00	-1.461754318981330902e-01	1.016472644317855528e-01	-1.781236936314311015e-01	2.220532446553275530e-01	-2.244825018682821138e-01	1.744657456702151110e-01	-1.222697306437328657e-01	1.367387365061087379e-01	-1.682658361602075714e-01	9.898769781324257000e-02	-9.753159309573049274e-02	9.970574608596884103e-02	-1.137269395588261234e-01	1.473777118843078160e-01	-9.797515292829131472e-02	1.087686361621028330e-01	-5.195579555191299354e-02	5.904605440268949346e-02	-4.538717106647500998e-02	6.438443641171938403e-02	-6.420317842177876433e-02	4.819708917694850298e-02	-4.308365508438793262e-02	4.516706298961596644e-02	-5.826405358994035666e-02	5.072016475374251793e-02
-1.321641002809315762e-02	1.220933121041946866e-02	-2.566794097586315784e-02	2.781432339246521501e-02	-5.783264498948705035e-02	1.244778167810711884e-02	-1.189711281621669454e-02	3.102967004886365843e-02	-3.539041135068426297e-02	5.726866723151691208e-02	-1.976074050892067877e-02	2.481208599422614000e-02	-7.524374401898688280e-02	1.030330840945210824e-01	-9.740437149470869693e-01	2.375472420742937019e-02	-3.811696606839107271e-02	8.993972309735756565e-02	-1.461754318981330902e-01	1.000000000000000444e+00	-2.641411526667770612e-02	4.141912775925787188e-02	-5.017000610892410201e-02	5.479007628638653954e-02	-5.974631665346576831e-02	3.116250292883357767e-02	-3.406186869641729398e-02	3.936612805831227885e-02	-2.730006772085095609e-02	2.809100299612940846e-02	-2.588750042763054288e-02	2.877814783443802607e-02	-3.836633315609096900e-02	2.654119859587186422e-02	-3.029467682162226630e-02	1.362719775744122841e-02	-1.564821714263477451e-02	1.210159987616102675e-02	-1.754631873378205073e-02	1.749375511407689696e-02	-1.275045958647884163e-02	1.139159786155173083e-02	-1.207960547033963203e-02	1.581488869533913960e-02	-1.384042731354219458e-02
4.452682785576746877e-02	-4.287742078132422002e-02	3.404269144627025678e-02	-2.437326836626909146e-02	1.995102106601921027e-02	-9.387127000340265981e-02	8.398000563940345720e-02	-4.060745580992822235e-02	2.765262971390110291e-02	-1.752215172379694569e-02	2.400652266740717911e-01	-2.601556963409282219e-01	8.262329398507893552e-02	-9.139990589116335495e-02	2.772817623146554139e-02	-5.774640360622234070e-01	2.604111517262898134e-01	-9.170953423591542142e-02	1.016472644317855528e-01	-2.641411526667770612e-02	1.000000000000000444e+00	-2.162479105028843607e-01	1.514306339795424838e-01	-1.152360731444344449e-01	1.251426704303393034e-01	-5.808403891605133929e-01	1.956524485806303282e-01	-1.521864834048732296e-01	8.853155889846450743e-02	-8.553727560186914769e-02	2.056019942607244799e-01	-1.898649174850464139e-01	1.703876680238189389e-01	-9.740738622573255623e-02	1.113052953349281393e-01	-9.446640746676701617e-02	9.954043454102572130e-02	-6.386336646618900881e-02	6.931600106620475210e-02	-6.817152903508286177e-02	8.256535566783460012e-02	-7.047847415092461931e-02	6.454577162032146265e-02	-6.298949266524715707e-02	5.523005105499863288e-02
-3.783205810824035592e-02	3.557279232688831394e-02	-3.964914382003727894e-02	2.846145670314245701e-02	-2.444800126540151025e-02	6.481179495177182004e-02	-6.068925225190847234e-02	4.779198523451615166e-02	-3.344195989700655264e-02	2.145808593972729772e-02	-1.430168817274135029e-01	1.761791313659279712e-01	-1.298416935997892541e-01	1.308836952128263342e-01	-4.359801145709520792e-02	1.752490291309593551e-01	-4.385784663489383783e-01	1.660734148504277030e-01	-1.781236936314311015e-01	4.141912775925787188e-02	-2.162479105028843607e-01	1.000000000000000666e+00	-4.991045189794460213e-01	2.069343865174818331e-01	-2.207133142128059888e-01	2.296082106012467816e-01	-5.337511344205800867e-01	2.849382856148909293e-01	-1.351083281905525180e-01	1.257940315907320195e-01	-2.050520289228938697e-01	2.343242800903764800e-01	-2.651796380853895796e-01	1.376132989288086639e-01	-1.532348460015928171e-01	9.468374790217272408e-02	-1.051174241309666274e-01	7.294086661981409592e-02	-9.200719193622369785e-02	8.881449089339282787e-02	-8.638280897537921332e-02	7.382517294973695021e-02	-7.346327364332783105e-02	8.119990591586151440e-02	-7.142998914697951118e-02
3.445546684265344412e-02	-3.231715547501864266e-02	4.315440493851303849e-02	-3.123129373313008814e-02	2.695157213588618428e-02	-5.255764979491530514e-02	4.856240838640255714e-02	-5.331157557170252553e-02	3.689684363248709603e-02	-2.383079576288207532e-02	1.034805685009939358e-01	-1.317853710927084643e-01	1.614289544489267147e-01	-1.688114378030387830e-01	5.164537901786035723e-02	-1.336254602199438424e-01	2.215613859394894303e-01	-3.012661968881972796e-01	2.220532446553275530e-01	-5.017000610892410201e-02	1.514306339795424838e-01	-4.991045189794460213e-01	9.999999999999991118e-01	-3.992685640361822164e-01	2.546864806170028861e-01	-1.912151502663969327e-01	2.748825175516171337e-01	-5.051929161537631607e-01	1.566537228826186123e-01	-1.485729613735655152e-01	1.599794573233968287e-01	-2.003551382827525873e-01	2.637386830121709602e-01	-1.568131510301301601e-01	1.603356526756943568e-01	-8.071968909005378112e-02	8.995403610752215895e-02	-6.958641446436313049e-02	9.791280371308015706e-02	-9.651879873797937492e-02	7.360101808611843599e-02	-6.574218745823785792e-02	6.865250481345884503e-02	-8.809706371400898017e-02	7.567361914216337582e-02
-2.701042378538767719e-02	2.514197318528802946e-02	-3.494942924542173562e-02	2.549394710925643667e-02	-2.279171988482705039e-02	3.940892857711838365e-02	-3.679877526650063985e-02	4.273683050999472349e-02	-3.037224929560673053e-02	2.020970119917628663e-02	-7.793298185698113723e-02	9.477061878208585533e-02	-1.255887909382133183e-01	1.407203844436141771e-01	-5.617892070906577162e-02	9.745882582026625662e-02	-1.646191185491292230e-01	1.709851418225040998e-01	-2.244825018682821138e-01	5.479007628638653954e-02	-1.152360731444344449e-01	2.069343865174818331e-01	-3.992685640361822164e-01	1.000000000000000000e+00	-7.499133783125807584e-01	1.389496860913147502e-01	-1.767177053952583288e-01	2.138920755658311745e-01	-2.580229451421819920e-01	2.172792684696666088e-01	-1.238896050324284487e-01	1.401836156439750514e-01	-2.132164337022017520e-01	1.779832140410746166e-01	-2.055790894682112679e-01	6.520646296875863557e-02	-7.590278815681156255e-02	6.397137792679255530e-02	-1.098537784871314454e-01	1.069268959903479782e-01	-6.145971069372067885e-02	5.569723519873201467e-02	-6.346433139421728264e-02	9.534647871914257722e-02	-8.401140558571734696e-02
2.927990122833907388e-02	-2.741607765335449601e-02	3.633209782457022530e-02	-2.702869586776627392e-02	2.418777621780855008e-02	-4.399404193089012649e-02	4.061009554787320397e-02	-4.481842617397440581e-02	3.190658629438104799e-02	-2.154583506703930396e-02	8.491418111748391673e-02	-1.051215061824177649e-01	1.183043132190013530e-01	-1.463137798795480227e-01	5.809502015143244019e-02	-1.094383430326109768e-01	1.673160312822464246e-01	-1.571566180250924261e-01	1.744657456702151110e-01	-5.974631665346576831e-02	1.251426704303393034e-01	-2.207133142128059888e-01	2.546864806170028861e-01	-7.499133783125807584e-01	9.999999999999992228e-01	-1.586068676661088195e-01	1.753383305826075877e-01	-2.219499570071947481e-01	2.290509066872840893e-01	-3.194305963940716198e-01	1.325880271022033818e-01	-1.537475300349581131e-01	2.068667974614077643e-01	-2.004484929011306482e-01	2.194211614953009426e-01	-7.191720166564434524e-02	8.321001791909971024e-02	-7.154410055110459188e-02	1.215065181575470943e-01	-1.248743664528355474e-01	6.749061679779097545e-02	-6.216499215758922170e-02	6.999113940531367928e-02	-1.114309956268431934e-01	9.475242849863549366e-02
-3.883831122385659335e-02	3.637679640482315707e-02	-3.479787995081016355e-02	2.514992574107319245e-02	-2.139527738367442283e-02	7.066168279578684264e-02	-6.674529485811660223e-02	4.144256070094737288e-02	-2.919851944220770365e-02	1.870661714219505264e-02	-1.889640851575790370e-01	1.809413639376536154e-01	-9.336105799294819318e-02	1.000428358588468652e-01	-3.291546473378086091e-02	2.456943104592441418e-01	-2.967434571756504824e-01	1.068073290690471078e-01	-1.222697306437328657e-01	3.116250292883357767e-02	-5.808403891605133929e-01	2.296082106012467816e-01	-1.912151502663969327e-01	1.389496860913147502e-01	-1.586068676661088195e-01	9.999999999999997780e-01	-3.250164939819307763e-01	1.976348977061880285e-01	-1.146887954990008368e-01	1.077264344668624751e-01	-4.576885517139402393e-01	2.680979631410566055e-01	-2.467185242072478801e-01	1.253474606591239993e-01	-1.445424780283142419e-01	1.595196338423864879e-01	-1.710868344961631871e-01	9.480397611362227639e-02	-9.093339618829732185e-02	8.667323685029219849e-02	-1.424632242753361699e-01	1.120531362610005244e-01	-9.859525092451956740e-02	8.027842832707371423e-02	-7.112854466392859454e-02
3.279192793951314633e-02	-3.101206428814230406e-02	3.390769016323711554e-02	-2.472902636525360284e-02	2.125717066233247243e-02	-5.705607834262053230e-02	5.219999446032588114e-02	-4.117444539971060191e-02	2.887046602558974648e-02	-1.872390869315882292e-02	1.190687934148501048e-01	-1.477791103462459121e-01	1.024973593124233334e-01	-1.120314070592965255e-01	3.560414520268333910e-02	-1.616534734445956301e-01	2.395556092294404416e-01	-1.303326491517365904e-01	1.367387365061087379e-01	-3.406186869641729398e-02	1.956524485806303282e-01	-5.337511344205800867e-01	2.748825175516171337e-01	-1.767177053952583288e-01	1.753383305826075877e-01	-3.250164939819307763e-01	9.999999999999998890e-01	-4.507405779188202177e-01	1.314166292869039521e-01	-1.229396346304023890e-01	2.528861984077377945e-01	-4.712088629085283142e-01	2.848291554417780591e-01	-1.446113363345429004e-01	1.479348273051775964e-01	-1.145718726602093090e-01	1.185261237343373242e-01	-8.095783643346393665e-02	9.443758496738620389e-02	-9.161719116969299637e-02	9.839522181014327684e-02	-8.494829886666190044e-02	8.016207660873653218e-02	-8.476367772156348512e-02	7.282290211285433190e-02
-2.962281040468268262e-02	2.769817295142339847e-02	-3.489957224315567291e-02	2.523581490404408142e-02	-2.203722385488902230e-02	4.665197186723894773e-02	-4.337768467461831923e-02	4.230642773504412341e-02	-2.989326532942800096e-02	1.938442613474289714e-02	-9.657354940217330319e-02	1.162095692879395181e-01	-1.200173774466567062e-01	1.225552473280473592e-01	-4.131377162145588589e-02	1.232319835551552445e-01	-2.038929837396889766e-01	1.575108069070398631e-01	-1.682658361602075714e-01	3.936612805831227885e-02	-1.521864834048732296e-01	2.849382856148909293e-01	-5.051929161537631607e-01	2.138920755658311745e-01	-2.219499570071947481e-01	1.976348977061880285e-01	-4.507405779188202177e-01	1.000000000000000000e+00	-1.895657604522554551e-01	1.536002369538345125e-01	-1.913827911508240998e-01	2.435432008426512696e-01	-5.679084103804284966e-01	1.871583186698988766e-01	-1.815196246053809026e-01	9.226827061967897425e-02	-1.036874123879764215e-01	8.356424194710689035e-02	-1.144836606035960214e-01	1.061744594805899555e-01	-8.450529804652480437e-02	7.466527009620343991e-02	-8.222817150840033840e-02	9.763241787820310658e-02	-8.451026348236952146e-02
1.839449617633545642e-02	-1.721814338661965815e-02	2.168477336291695437e-02	-1.598719129796133398e-02	1.411044244556694006e-02	-2.866451425071334796e-02	2.653664338026141822e-02	-2.649203530285810376e-02	1.885928227600718737e-02	-1.248034524540314778e-02	5.773356508313595703e-02	-6.954306607455629230e-02	6.897480366755526227e-02	-7.983016841970597133e-02	2.809125893427126541e-02	-7.407252537120322111e-02	1.137175006109763797e-01	-8.696543063160135090e-02	9.898769781324257000e-02	-2.730006772085095609e-02	8.853155889846450743e-02	-1.351083281905525180e-01	1.566537228826186123e-01	-2.580229451421819920e-01	2.290509066872840893e-01	-1.146887954990008368e-01	1.314166292869039521e-01	-1.895657604522554551e-01	9.999999999999995559e-01	-6.439874787266229861e-01	1.041078799596856508e-01	-1.235810976225576313e-01	2.078018316037386071e-01	-5.556266528845058561e-01	3.111952816879325345e-01	-6.081954832370110170e-02	7.343038487842888651e-02	-7.864763247204568930e-02	1.974343239962613183e-01	-1.870585729438520584e-01	5.855554134395572069e-02	-5.617397890156325402e-02	7.467579747443958693e-02	-1.695712734850313708e-01	1.323379024176462027e-01
-1.782504512879110742e-02	1.666172877819031492e-02	-2.113315620508656942e-02	1.557014391355720541e-02	-1.381775016231821286e-02	2.759770523675087600e-02	-2.561737302457875107e-02	2.576504696579803161e-02	-1.839979614928161089e-02	1.222080306049044308e-02	-5.585397277103462677e-02	6.675659806864454870e-02	-6.746732903182320329e-02	7.737260906503161395e-02	-2.896361580136676619e-02	7.091565326903720434e-02	-1.109122167364217648e-01	8.348415088351324176e-02	-9.753159309573049274e-02	2.809100299612940846e-02	-8.553727560186914769e-02	1.257940315907320195e-01	-1.485729613735655152e-01	2.172792684696666088e-01	-3.194305963940716198e-01	1.077264344668624751e-01	-1.229396346304023890e-01	1.536002369538345125e-01	-6.439874787266229861e-01	9.999999999999993339e-01	-9.958994666210017888e-02	1.126607837635113518e-01	-1.907083746933927459e-01	2.934899574622774066e-01	-5.685799670492377444e-01	5.794670985261055757e-02	-7.061991747011353571e-02	7.268893048485090824e-02	-1.790732134347361448e-01	1.746279346597756355e-01	-5.631545644462718214e-02	5.350605835489984086e-02	-7.122173585998350931e-02	1.437520019159799212e-01	-1.336261624025491535e-01
2.772942856729443406e-02	-2.620359954233666619e-02	2.731093885498275114e-02	-2.001906237117838730e-02	1.720835804615067008e-02	-4.918685797277561056e-02	4.508701781475969728e-02	-3.302764459635459254e-02	2.328499755366639223e-02	-1.513888176845648581e-02	1.083069293956768764e-01	-1.255416796770169874e-01	7.623339173464728502e-02	-8.542182994172679844e-02	2.715325812326121677e-02	-1.533559899269570925e-01	1.849360522542113361e-01	-8.948768972862945759e-02	9.970574608596884103e-02	-2.588750042763054288e-02	2.056019942607244799e-01	-2.050520289228938697e-01	1.599794573233968287e-01	-1.238896050324284487e-01	1.325880271022033818e-01	-4.576885517139402393e-01	2.528861984077377945e-01	-1.913827911508240998e-01	1.041078799596856508e-01	-9.958994666210017888e-02	9.999999999999996669e-01	-6.251787985971407613e-01	2.286102123435123923e-01	-1.225808077480399494e-01	1.280859638771637832e-01	-3.485981832393493796e-01	2.139159698578344260e-01	-1.150204484983964326e-01	8.913139309583688330e-02	-8.576316449179623158e-02	1.883731941133159338e-01	-1.584302649755453818e-01	1.123298497649035388e-01	-8.091613214969153867e-02	6.835387528260372658e-02
-2.747797741230598861e-02	2.581458813110226735e-02	-2.840980129249696950e-02	2.070511478900842819e-02	-1.791215068216916659e-02	4.693981146545986999e-02	-4.359122494027792977e-02	3.428899096760367610e-02	-2.425114152180051982e-02	1.574173272792604716e-02	-1.050963196150592610e-01	1.193315360965372524e-01	-8.464124339386143447e-02	9.167588866103483503e-02	-3.027409600745631715e-02	1.358377787343986176e-01	-2.051091872257584658e-01	1.014083598701829292e-01	-1.137269395588261234e-01	2.877814783443802607e-02	-1.898649174850464139e-01	2.343242800903764800e-01	-2.003551382827525873e-01	1.401836156439750514e-01	-1.537475300349581131e-01	2.680979631410566055e-01	-4.712088629085283142e-01	2.435432008426512696e-01	-1.235810976225576313e-01	1.126607837635113518e-01	-6.251787985971407613e-01	9.999999999999994449e-01	-3.843625461311651614e-01	1.428966216228215458e-01	-1.475780385922335070e-01	1.834368789672445876e-01	-1.869022696139564232e-01	1.030017821734822148e-01	-9.798447287574627018e-02	9.125981148705107626e-02	-1.569935816927582883e-01	1.215926763583316805e-01	-1.048469946530235508e-01	8.514068223055740181e-02	-7.367406328318674980e-02
3.247713913876870695e-02	-3.053481679692914355e-02	3.622143124446536300e-02	-2.672154477420163321e-02	2.329304266915940488e-02	-5.286899074313497482e-02	4.862016364405827989e-02	-4.422720004754594064e-02	3.133408705737210365e-02	-2.056250769359907124e-02	1.076854754807006764e-01	-1.304738302073409073e-01	1.102028753677749690e-01	-1.259832831873382297e-01	3.988913920045564915e-02	-1.429990360595008170e-01	2.053262426544472385e-01	-1.387751521499523688e-01	1.473777118843078160e-01	-3.836633315609096900e-02	1.703876680238189389e-01	-2.651796380853895796e-01	2.637386830121709602e-01	-2.132164337022017520e-01	2.068667974614077643e-01	-2.467185242072478801e-01	2.848291554417780591e-01	-5.679084103804284966e-01	2.078018316037386071e-01	-1.907083746933927459e-01	2.286102123435123923e-01	-3.843625461311651614e-01	9.999999999999997780e-01	-3.376525761177312512e-01	2.248466883352853163e-01	-1.201413818566955949e-01	1.321508985341280085e-01	-1.266725222557348596e-01	1.629026523252167513e-01	-1.532614682199425760e-01	1.074966724549587527e-01	-1.001083514831298954e-01	1.139160767549456665e-01	-1.448284365648157546e-01	1.171868064019629396e-01
-1.916994024520050216e-02	1.793699547026723906e-02	-2.211333450913583604e-02	1.625694906743163290e-02	-1.432710972509816834e-02	3.029188569856867963e-02	-2.810458520420790543e-02	2.689772562438323689e-02	-1.917731670290529628e-02	1.264452354100287571e-02	-6.236396602232784081e-02	7.395578868320880350e-02	-6.945287507520846171e-02	7.833191618412897739e-02	-2.764038432290549449e-02	7.956862903833210321e-02	-1.231930534771041863e-01	8.495150716395509505e-02	-9.797515292829131472e-02	2.654119859587186422e-02	-9.740738622573255623e-02	1.376132989288086639e-01	-1.568131510301301601e-01	1.779832140410746166e-01	-2.004484929011306482e-01	1.253474606591239993e-01	-1.446113363345429004e-01	1.871583186698988766e-01	-5.556266528845058561e-01	2.934899574622774066e-01	-1.225808077480399494e-01	1.428966216228215458e-01	-3.376525761177312512e-01	1.000000000000001332e+00	-4.653855202027930571e-01	7.390972155702590918e-02	-9.260578777744107870e-02	1.086473217448533507e-01	-4.223260862240165725e-01	2.360324428381220530e-01	-7.273968485458434663e-02	7.057455882850695306e-02	-1.050352936513045121e-01	2.205024520253211495e-01	-1.905974805338621347e-01
