1.000000000000000000e+00	-8.591131803746898665e-01	1.810510412718517870e-01	-1.166405094750296856e-01	1.197103442279517649e-01	-3.225902000841000539e-01	2.474206500902497718e-01	-1.776305439056022617e-01	1.165535009531076388e-01	-1.086624475220580033e-01	1.717371776197679223e-01	-1.597609886756800601e-01	1.130174366275263770e-01	-9.381912497743534474e-02	7.950568149723871714e-02	-1.363435726414095606e-01	1.153713778696277559e-01	-8.624531357162316947e-02	6.197376255013731933e-02	-6.285034521387489193e-02	8.822821281028202234e-02	-8.220546722164580322e-02	9.985081937339444769e-02	-5.721799801720237055e-02	5.326628092827800226e-02	-9.050767975913495689e-02	6.424547722959206286e-02	-5.289010558093067832e-02	5.081459087006846148e-02	-2.565153108907330601e-02	6.505946985685245876e-02	-6.736348589039416190e-02	4.821142757919173738e-02	-5.045757027911074166e-02	2.650006270124416127e-02	-4.467331108590151534e-02	5.007993225952397237e-02	-4.398053695953864362e-02	4.120600053445053895e-02	-8.692099251824502229e-03	3.669033009563181513e-02	-3.253417445648558448e-02	4.454857919761813501e-02	-3.393211866169753427e-02	8.416062092604079115e-03
-8.591131803746898665e-01	1.000000000000000444e+00	-2.428782738178812961e-01	1.220696215640987015e-01	-1.267781446558447211e-01	2.301330281312242154e-01	-3.257522288619219553e-01	1.856874751681739932e-01	-1.240450014978206478e-01	1.042544415110980144e-01	-1.598861151870740183e-01	1.413329108557102309e-01	-1.072902544252404833e-01	9.164812680527326116e-02	-7.855830697854961076e-02	1.161710152918970645e-01	-1.081804172449095103e-01	7.978053183199487752e-02	-5.818837175755071922e-02	5.854229206595289864e-02	-7.923881424893797210e-02	7.308226575173350226e-02	-9.212765272188179477e-02	5.292088593334806634e-02	-4.964743649249902385e-02	7.915010083154427889e-02	-5.754997775819255257e-02	4.817779824363929014e-02	-4.655285370201223821e-02	2.350975251416944842e-02	-5.863747492893194718e-02	6.005679418735977715e-02	-4.380419609973709716e-02	4.571873855410497206e-02	-2.433715797096258279e-02	4.003597233123153826e-02	-4.515547714906979065e-02	3.969594465502636338e-02	-3.732743786157029925e-02	7.863667177698258418e-03	-3.312447414467874218e-02	2.928231312392318153e-02	-4.035528331250589490e-02	3.059879211416709904e-02	-7.619917285403191021e-03
1.810510412718517870e-01	-2.428782738178812961e-01	9.999999999999996669e-01	-4.510388203854481248e-01	2.481028735492134540e-01	-2.068320200406414400e-01	2.597938347549894056e-01	-6.940337428971482536e-01	2.714613312287203484e-01	-2.105072465003151316e-01	1.503572229881010858e-01	-1.757122720352871093e-01	1.450139963113572239e-01	-1.835387225934330679e-01	1.456696010728016355e-01	-1.412531556131924326e-01	1.408450061701820577e-01	-1.112626046474766150e-01	8.929368428278913750e-02	-9.169430235729296441e-02	9.632853322709349075e-02	-9.672851825910254442e-02	1.229082370387356432e-01	-8.008810938954982750e-02	7.467732363806821316e-02	-1.040335722266309548e-01	7.551314451971744002e-02	-6.693348053396183661e-02	6.496910738582294120e-02	-3.382572977785434226e-02	7.730771304378686315e-02	-8.083596710294409238e-02	6.032009961732524850e-02	-6.398971107539418168e-02	3.488042319144191161e-02	-5.381280775083124857e-02	6.054055701081306751e-02	-5.459104656950342777e-02	5.138159469595082046e-02	-1.097867396702585652e-02	4.458989582626294440e-02	-3.963713256936672591e-02	5.523479144134603447e-02	-4.230282266561301296e-02	1.063261915125116031e-02
-1.166405094750296856e-01	1.220696215640987015e-01	-4.510388203854481248e-01	9.999999999999997780e-01	-5.805899574877582126e-01	1.312280521732866190e-01	-1.766006673314924891e-01	2.651080065364894711e-01	-5.490120229673818297e-01	2.518280266249247612e-01	-1.133147637299472127e-01	1.349370574882616525e-01	-1.314700113173402074e-01	2.258915533683099053e-01	-1.911571240655750015e-01	1.082197733245812005e-01	-1.255302575948632482e-01	1.002433563150657292e-01	-9.140793914234766893e-02	9.273392281082321054e-02	-7.813123938862860662e-02	8.090729012281309973e-02	-1.091629534089923609e-01	7.801807369318554397e-02	-7.418920185003874401e-02	8.454468972840435692e-02	-6.347758578562071041e-02	5.979378223460358327e-02	-5.893304513638449038e-02	3.141619679881237776e-02	-6.559397639287173343e-02	6.827522269282856882e-02	-5.332580730324454343e-02	5.688309028957592994e-02	-3.246286142078280007e-02	4.573811405299569449e-02	-5.188020587412107976e-02	4.755816669324832574e-02	-4.501664806620465226e-02	9.696755125717210558e-03	-3.835181091208474113e-02	3.403707356947165141e-02	-4.825447397396611521e-02	3.685626941133091083e-02	-9.402560916910156219e-03
1.197103442279517649e-01	-1.267781446558447211e-01	2.481028735492134540e-01	-5.805899574877582126e-01	9.999999999999997780e-01	-1.566626363460372484e-01	1.850771156298988418e-01	-2.477606811012415533e-01	3.046708807807854691e-01	-5.209523853001523097e-01	1.421630847185869073e-01	-1.789228026630514667e-01	1.724535086453085342e-01	-2.987821194001717973e-01	2.463260386168169558e-01	-1.497004150989501292e-01	1.727389090253636239e-01	-1.382357691853182136e-01	1.254698803398330287e-01	-1.325147954118705562e-01	1.087805594289733974e-01	-1.157078240303265476e-01	1.546274405912200778e-01	-1.123781872097684709e-01	1.050722440136154096e-01	-1.215731752721832537e-01	9.097763494636587622e-02	-8.664732731293399437e-02	8.518259301972881670e-02	-4.558410478971978291e-02	9.488442455530415875e-02	-9.932082215721538265e-02	7.766259325180722983e-02	-8.329791984014706108e-02	4.696712414353939463e-02	-6.674885658091943286e-02	7.558543318323622529e-02	-6.986875559909232203e-02	6.632222404635122748e-02	-1.431446113717758754e-02	5.605869991247913742e-02	-4.984924635406432630e-02	7.085433323562013996e-02	-5.447694153027513031e-02	1.387040751024816616e-02
-3.225902000841000539e-01	2.301330281312242154e-01	-2.068320200406414400e-01	1.312280521732866190e-01	-1.566626363460372484e-01	9.999999999999995559e-01	-5.611036080880802412e-01	2.062498206623384900e-01	-1.527113402481108662e-01	1.315525682568645938e-01	-5.919392212242763351e-01	2.531779513530419967e-01	-1.829056526619259881e-01	1.204796115218774999e-01	-1.049950005834768829e-01	2.215535565937991891e-01	-1.841319010453299487e-01	1.304457947305290022e-01	-8.892962853201685780e-02	8.794843442541024070e-02	-1.523417683933306066e-01	1.219400062301958382e-01	-1.527737590820591462e-01	8.068902835049003575e-02	-7.575673590328799167e-02	1.322800838741597096e-01	-9.712613116903771882e-02	7.698695768039109932e-02	-7.418735776788158709e-02	3.662583712093542970e-02	-9.809443038044803054e-02	9.788465375104628274e-02	-7.023014966055349251e-02	7.230428510527360519e-02	-3.800497613912037775e-02	6.535557660922157452e-02	-7.403471129101625581e-02	6.343410620072842399e-02	-5.948501781318431963e-02	1.238565110156814378e-02	-5.402921465627348596e-02	4.746562283671004745e-02	-6.473041335160881204e-02	4.853323233586474134e-02	-1.200953305566316263e-02
2.474206500902497718e-01	-3.257522288619219553e-01	2.597938347549894056e-01	-1.766006673314924891e-01	1.850771156298988418e-01	-5.611036080880802412e-01	9.999999999999998890e-01	-4.446301332653674332e-01	1.926561158495263826e-01	-1.729378858246208295e-01	2.742855431474087724e-01	-3.239911064625098369e-01	1.951790377935398169e-01	-1.556424087458113670e-01	1.286936897786408740e-01	-2.261344145421533280e-01	1.920848532333152003e-01	-1.464174347122102204e-01	1.025675622673239001e-01	-1.040335079114188405e-01	1.432334356025449229e-01	-1.351131357712733461e-01	1.627051978463905646e-01	-9.434670952199980531e-02	8.728636981067038059e-02	-1.487226785408469198e-01	1.048517728533378407e-01	-8.644249860850022893e-02	8.280279766634841832e-02	-4.188171009724450666e-02	1.055493619191029686e-01	-1.100961870496999506e-01	7.847822702094005287e-02	-8.235913127589607197e-02	4.320336771387870561e-02	-7.270744319732155847e-02	8.130936396136413669e-02	-7.155640311322782054e-02	6.683977882892983002e-02	-1.413121875624990739e-02	5.950851174516620656e-02	-5.286859984136930979e-02	7.227208794371263456e-02	-5.515726099364103019e-02	1.367800652763251704e-02
-1.776305439056022617e-01	1.856874751681739932e-01	-6.940337428971482536e-01	2.651080065364894711e-01	-2.477606811012415533e-01	2.062498206623384900e-01	-4.446301332653674332e-01	1.000000000000000222e+00	-3.566824590488513191e-01	1.851465267312678853e-01	-1.594551133682934885e-01	1.724980540801498152e-01	-1.540575974492499611e-01	1.770174798042353503e-01	-1.472561521980970956e-01	1.323893116511420942e-01	-1.406075201485244008e-01	1.098344022425406519e-01	-8.735376856284982061e-02	8.773830107982207027e-02	-9.263445918017607084e-02	9.100839928290976877e-02	-1.191851831593002814e-01	7.633104394464763909e-02	-7.198071264549014969e-02	9.646991475890101531e-02	-7.130279206092278443e-02	6.346833477150558289e-02	-6.186303713233243934e-02	3.207170394086303333e-02	-7.293112785298329348e-02	7.547855218969848345e-02	-5.697428115391495185e-02	6.012845473592844797e-02	-3.316302360115889331e-02	5.034137902584114033e-02	-5.692078949774822400e-02	5.112951678228253027e-02	-4.817760295150820549e-02	1.026651169523767719e-02	-4.189123944015762241e-02	3.712209700401059020e-02	-5.187965308760873751e-02	3.947758669613300048e-02	-9.951385494628315828e-03
1.165535009531076388e-01	-1.240450014978206478e-01	2.714613312287203484e-01	-5.490120229673818297e-01	3.046708807807854691e-01	-1.527113402481108662e-01	1.926561158495263826e-01	-3.566824590488513191e-01	9.999999999999994449e-01	-3.618613685093202137e-01	1.325822002730181193e-01	-1.705209377509676605e-01	1.698403709976693821e-01	-4.964067247408172068e-01	2.591666540114203610e-01	-1.320989481244890518e-01	1.558407576020617025e-01	-1.321066993827422487e-01	1.275890918328388413e-01	-1.305058816905333152e-01	9.507907739134635605e-02	-1.004859990042628742e-01	1.355026221433984213e-01	-1.067485231040083693e-01	9.870221040774956878e-02	-1.043068222960027158e-01	7.834180463913689718e-02	-7.582526108599074721e-02	7.484078672849228675e-02	-4.051019811748438060e-02	8.068286116234085759e-02	-8.472797374993783215e-02	6.686502980240698057e-02	-7.204429741301193735e-02	4.167790523204291386e-02	-5.655227753740579844e-02	6.408301013224201870e-02	-5.931570766049950455e-02	5.594210581737769222e-02	-1.214825402556839531e-02	4.735482844717211343e-02	-4.213463701820370499e-02	5.991447679717970543e-02	-4.590554858258358295e-02	1.177652781285221453e-02
-1.086624475220580033e-01	1.042544415110980144e-01	-2.105072465003151316e-01	2.518280266249247612e-01	-5.209523853001523097e-01	1.315525682568645938e-01	-1.729378858246208295e-01	1.851465267312678853e-01	-3.618613685093202137e-01	1.000000000000000222e+00	-1.327706227285568863e-01	1.622040428753709906e-01	-1.848682072242888441e-01	3.072164716615335411e-01	-6.069104964699569837e-01	1.300816012744792638e-01	-1.823997507865991741e-01	1.413318063387314361e-01	-1.442108192798521038e-01	1.478739838708592880e-01	-1.003291228924114292e-01	1.070513842178903025e-01	-1.574131411272142733e-01	1.173926034312656325e-01	-1.213287501215446901e-01	1.076959557953823532e-01	-8.481486366317547709e-02	8.504613530028602708e-02	-8.593376980644694407e-02	4.707872731312742753e-02	-8.874552873636179506e-02	9.090255701921709508e-02	-7.544842311189629835e-02	8.012726274212299271e-02	-4.916011012648123513e-02	6.159597592568826635e-02	-7.085905011994526881e-02	6.580602673277163861e-02	-6.304525440864881813e-02	1.365243675014390229e-02	-5.263273683222211008e-02	4.644208156320396574e-02	-6.743134368661267419e-02	5.091273622236866525e-02	-1.327627881623232725e-02
1.717371776197679223e-01	-1.598861151870740183e-01	1.503572229881010858e-01	-1.133147637299472127e-01	1.421630847185869073e-01	-5.919392212242763351e-01	2.742855431474087724e-01	-1.594551133682934885e-01	1.325822002730181193e-01	-1.327706227285568863e-01	9.999999999999997780e-01	-4.550776880619121223e-01	2.186189146004191008e-01	-1.227498247385486185e-01	1.052715109336010701e-01	-4.457334183018430984e-01	2.183934991454568320e-01	-1.607961857926396010e-01	1.021625629925635714e-01	-1.018591323040355934e-01	2.055864881868637584e-01	-1.614846590234487178e-01	1.810471283575682266e-01	-9.431628359968027842e-02	8.699379334370466177e-02	-1.832393942200268855e-01	1.246008188083521651e-01	-9.255139751240601398e-02	8.785291847617227035e-02	-4.317895115856778404e-02	1.216733288888535852e-01	-1.243373811154779990e-01	8.442199295859954822e-02	-8.715021071352353765e-02	4.462175265275541980e-02	-8.142355956170976850e-02	9.088332630504139531e-02	-7.689890706080819427e-02	7.113442315972022534e-02	-1.482453127012620282e-02	6.581472112414024633e-02	-5.817760319195493246e-02	7.770477144886336895e-02	-5.854349680777790749e-02	1.435439619260202304e-02
-1.597609886756800601e-01	1.413329108557102309e-01	-1.757122720352871093e-01	1.349370574882616525e-01	-1.789228026630514667e-01	2.531779513530419967e-01	-3.239911064625098369e-01	1.724980540801498152e-01	-1.705209377509676605e-01	1.622040428753709906e-01	-4.550776880619121223e-01	1.000000000000000222e+00	-5.610645419424444835e-01	1.684435620523219712e-01	-1.450588555480825936e-01	2.414230113871625172e-01	-4.032050165535568387e-01	2.674820899088092840e-01	-1.537358887401402141e-01	1.445152073810785642e-01	-1.785199118195068269e-01	1.695481421600229799e-01	-2.401748285331986588e-01	1.299350740532476955e-01	-1.204598729426727272e-01	1.681457717359817750e-01	-1.308981509009216060e-01	1.154475449317617919e-01	-1.108895994496187226e-01	5.495036144310767173e-02	-1.296096222677174392e-01	1.332401267150400415e-01	-1.010738604293400650e-01	1.050742667663303320e-01	-5.692387259154804702e-02	8.777995537112906477e-02	-1.000317699478163458e-01	8.872584086075238630e-02	-8.271738500822682638e-02	1.744816600500398093e-02	-7.301558459137783008e-02	6.448397950068315843e-02	-8.976679291561601159e-02	6.746412281829684832e-02	-1.692304835813897984e-02
1.130174366275263770e-01	-1.072902544252404833e-01	1.450139963113572239e-01	-1.314700113173402074e-01	1.724535086453085342e-01	-1.829056526619259881e-01	1.951790377935398169e-01	-1.540575974492499611e-01	1.698403709976693821e-01	-1.848682072242888441e-01	2.186189146004191008e-01	-5.610645419424444835e-01	1.000000000000000666e+00	-2.397807079561238564e-01	1.666016139259810236e-01	-2.206986966211583467e-01	3.166592305310672595e-01	-5.503100368602017456e-01	1.995500623480081503e-01	-1.979768627137833137e-01	1.555726670517706134e-01	-1.793085345395694641e-01	2.443476817811073842e-01	-1.676893871995333019e-01	1.429193909286367581e-01	-1.719047248933331662e-01	1.305114349295568854e-01	-1.288003155355779417e-01	1.195268186877234129e-01	-6.190565530780204467e-02	1.272203404465946097e-01	-1.400206210180229283e-01	1.070606922388521176e-01	-1.159847307592299093e-01	6.303223111390943156e-02	-8.974466261915373111e-02	1.008468511901140785e-01	-9.383145653829995381e-02	8.583175719687929917e-02	-1.863352073269185227e-02	7.357838631460594803e-02	-6.612096062500520677e-02	9.259461494781874580e-02	-7.126939736612042386e-02	1.802218412270327128e-02
-9.381912497743534474e-02	9.164812680527326116e-02	-1.835387225934330679e-01	2.258915533683099053e-01	-2.987821194001717973e-01	1.204796115218774999e-01	-1.556424087458113670e-01	1.770174798042353503e-01	-4.964067247408172068e-01	3.072164716615335411e-01	-1.227498247385486185e-01	1.684435620523219712e-01	-2.397807079561238564e-01	9.999999999999980016e-01	-6.471833260642093633e-01	1.213310436408604198e-01	-1.751813601470824655e-01	1.588619460250668969e-01	-2.029900001882844474e-01	1.727126087278347821e-01	-9.145704303604662577e-02	9.993145094728485278e-02	-1.461481070778371805e-01	1.312810875574708658e-01	-1.272652749265303640e-01	9.911957495340584234e-02	-7.742094632385411457e-02	8.090115679808912441e-02	-8.179822290203975221e-02	4.567967334141100066e-02	-7.909233077389404842e-02	8.311823502625946547e-02	-6.945744216427332529e-02	7.535960079342948759e-02	-4.720220298902746275e-02	5.535502656543114797e-02	-6.328177077021185370e-02	5.964571080716239010e-02	-5.617615813621457815e-02	1.239766210023268873e-02	-4.672460953159090352e-02	4.154410950949272152e-02	-6.016605847764820714e-02	4.575757011989430023e-02	-1.204211903776791076e-02
7.950568149723871714e-02	-7.855830697854961076e-02	1.456696010728016355e-01	-1.911571240655750015e-01	2.463260386168169558e-01	-1.049950005834768829e-01	1.286936897786408740e-01	-1.472561521980970956e-01	2.591666540114203610e-01	-6.069104964699569837e-01	1.052715109336010701e-01	-1.450588555480825936e-01	1.666016139259810236e-01	-6.471833260642093633e-01	9.999999999999978906e-01	-1.088153778333727367e-01	1.486320610315726154e-01	-1.347672766374602427e-01	1.597548173419542916e-01	-1.926359286220481193e-01	8.148913831510638806e-02	-8.963742836558816207e-02	1.274454830105527792e-01	-1.233357955722172022e-01	1.205593339069165049e-01	-8.985519096412787621e-02	6.955822769112876558e-02	-7.352429641075079736e-02	7.415563957468317147e-02	-4.272992812846375388e-02	7.151647485872106302e-02	-7.549444150800559139e-02	6.318132911909946081e-02	-6.929096662264788709e-02	4.384703942084145628e-02	-5.034210950765310999e-02	5.743189350203834614e-02	-5.451303379425607998e-02	5.132428037555342160e-02	-1.141662974674855294e-02	4.247171268277822459e-02	-3.783629117920679630e-02	5.486120713998061255e-02	-4.194164968333217308e-02	1.108348560671598010e-02
-1.363435726414095606e-01	1.161710152918970645e-01	-1.412531556131924326e-01	1.082197733245812005e-01	-1.497004150989501292e-01	2.215535565937991891e-01	-2.261344145421533280e-01	1.323893116511420942e-01	-1.320989481244890518e-01	1.300816012744792638e-01	-4.457334183018430984e-01	2.414230113871625172e-01	-2.206986966211583467e-01	1.213310436408604198e-01	-1.088153778333727367e-01	1.000000000000000000e+00	-2.947864998097516898e-01	1.808912168944119270e-01	-1.167286976818445315e-01	1.132195023599274625e-01	-6.117454877531666169e-01	2.375271549332211019e-01	-2.668708649840655922e-01	1.092628719134118159e-01	-1.034452559817502643e-01	2.684359807483708282e-01	-2.007958159731459968e-01	1.237462017382815749e-01	-1.184496615517222212e-01	5.481133098173490703e-02	-1.947039839636400538e-01	1.760134939057033110e-01	-1.164830230528343669e-01	1.146749264104296867e-01	-5.727526735319946050e-02	1.187300010706761749e-01	-1.360119414177013708e-01	1.057161315154725584e-01	-9.831373518752549445e-02	1.968665597520814770e-02	-9.746347076382792796e-02	8.384509634972049652e-02	-1.093417438042951495e-01	7.925135984725678595e-02	-1.911887289355954783e-02
1.153713778696277559e-01	-1.081804172449095103e-01	1.408450061701820577e-01	-1.255302575948632482e-01	1.727389090253636239e-01	-1.841319010453299487e-01	1.920848532333152003e-01	-1.406075201485244008e-01	1.558407576020617025e-01	-1.823997507865991741e-01	2.183934991454568320e-01	-4.032050165535568387e-01	3.166592305310672595e-01	-1.751813601470824655e-01	1.486320610315726154e-01	-2.947864998097516898e-01	1.000000000000001110e+00	-5.680218539574258818e-01	2.142138217582045812e-01	-2.218335932850236114e-01	1.990923729377042928e-01	-2.539051330095485892e-01	2.872320347440279753e-01	-1.930560470851216404e-01	1.618944357435742609e-01	-2.241821210283392318e-01	1.715725181232605756e-01	-1.562282446805966230e-01	1.433647102995331268e-01	-7.382567111730288512e-02	1.611555721189999735e-01	-1.823463679295850293e-01	1.316357996472170555e-01	-1.429137727037967098e-01	7.490150657886700258e-02	-1.141584113934753647e-01	1.274174162563471713e-01	-1.171114826906071438e-01	1.062832624778204393e-01	-2.301456513312413743e-02	9.243631127085684407e-02	-8.342886140637599535e-02	1.148930786564667239e-01	-8.892282740330273438e-02	2.222826824115979594e-02
-8.624531357162316947e-02	7.978053183199487752e-02	-1.112626046474766150e-01	1.002433563150657292e-01	-1.382357691853182136e-01	1.304457947305290022e-01	-1.464174347122102204e-01	1.098344022425406519e-01	-1.321066993827422487e-01	1.413318063387314361e-01	-1.607961857926396010e-01	2.674820899088092840e-01	-5.503100368602017456e-01	1.588619460250668969e-01	-1.347672766374602427e-01	1.808912168944119270e-01	-5.680218539574258818e-01	1.000000000000001332e+00	-3.314141687621728893e-01	2.156113140651858551e-01	-1.401839964616863055e-01	1.811157426779097801e-01	-3.695790662458870446e-01	1.819827148250099114e-01	-1.595663082610569439e-01	1.526093985051930613e-01	-1.272810373621676983e-01	1.376366767839464766e-01	-1.275736978152017809e-01	6.334261256878129243e-02	-1.172410249014017164e-01	1.309720478800713017e-01	-1.076814404906994566e-01	1.147115687390944522e-01	-6.488842530270545750e-02	8.246430087365889949e-02	-9.387322104417814006e-02	8.911899272164698627e-02	-8.076111516712602967e-02	1.760382256273951632e-02	-6.802594652366807104e-02	6.117131070876791199e-02	-8.744668662360345623e-02	6.644586447992846534e-02	-1.705694219415519741e-02
6.197376255013731933e-02	-5.818837175755071922e-02	8.929368428278913750e-02	-9.140793914234766893e-02	1.254698803398330287e-01	-8.892962853201685780e-02	1.025675622673239001e-01	-8.735376856284982061e-02	1.275890918328388413e-01	-1.442108192798521038e-01	1.021625629925635714e-01	-1.537358887401402141e-01	1.995500623480081503e-01	-2.029900001882844474e-01	1.597548173419542916e-01	-1.167286976818445315e-01	2.142138217582045812e-01	-3.314141687621728893e-01	9.999999999999985567e-01	-6.954137100234499824e-01	9.136878276539997512e-02	-1.130366971259993830e-01	1.774590413473578210e-01	-4.695067797990870595e-01	3.003095154482736673e-01	-1.031728225322722375e-01	8.426674228566881364e-02	-1.227290125795103964e-01	1.326282092918648348e-01	-8.141390393076954057e-02	8.376100873226068055e-02	-9.269904655079341804e-02	9.276756327919351286e-02	-1.107567122289961209e-01	8.133447286652055463e-02	-6.041477127087655635e-02	6.956669829783478087e-02	-7.239633284158775162e-02	6.612167710837070500e-02	-1.596719919361531612e-02	5.108412382781422900e-02	-4.615436266832657897e-02	7.045651378628255135e-02	-5.399286076525620925e-02	1.552945020118747486e-02
-6.285034521387489193e-02	5.854229206595289864e-02	-9.169430235729296441e-02	9.273392281082321054e-02	-1.325147954118705562e-01	8.794843442541024070e-02	-1.040335079114188405e-01	8.773830107982207027e-02	-1.305058816905333152e-01	1.478739838708592880e-01	-1.018591323040355934e-01	1.445152073810785642e-01	-1.979768627137833137e-01	1.727126087278347821e-01	-1.926359286220481193e-01	1.132195023599274625e-01	-2.218335932850236114e-01	2.156113140651858551e-01	-6.954137100234499824e-01	1.000000000000001998e+00	-9.055741962893763819e-02	1.092859999749227345e-01	-1.793778789713063593e-01	3.115021790749945008e-01	-5.142169854812183027e-01	1.006033146961393815e-01	-8.348666154976315534e-02	1.164624685675546417e-01	-1.302218123717245046e-01	9.817888714804060002e-02	-8.385030132934435942e-02	9.102902600025875035e-02	-9.323944013629852090e-02	1.084606690430887643e-01	-1.017902085020161856e-01	6.012891723963790375e-02	-6.973966477142302944e-02	7.236610651563347985e-02	-6.726968948142132698e-02	1.712064796638853442e-02	-5.140559535549132919e-02	4.621597618714606837e-02	-7.147545699805959996e-02	5.436863527486354014e-02	-1.673269403375887004e-02
8.822821281028202234e-02	-7.923881424893797210e-02	9.632853322709349075e-02	-7.813123938862860662e-02	1.087805594289733974e-01	-1.523417683933306066e-01	1.432334356025449229e-01	-9.263445918017607084e-02	9.507907739134635605e-02	-1.003291228924114292e-01	2.055864881868637584e-01	-1.785199118195068269e-01	1.555726670517706134e-01	-9.145704303604662577e-02	8.148913831510638806e-02	-6.117454877531666169e-01	1.990923729377042928e-01	-1.401839964616863055e-01	9.136878276539997512e-02	-9.055741962893763819e-02	1.000000000000003775e+00	-3.875937417295645671e-01	2.284948108518696785e-01	-8.978219531175989088e-02	8.348219646549547013e-02	-5.353273181498572342e-01	2.483760773765906205e-01	-1.128564930191665594e-01	1.030839176601709567e-01	-4.754720189948696135e-02	2.024468617435067896e-01	-2.047190627522938178e-01	1.075123285203986451e-01	-1.061217369779950265e-01	4.923275939845955795e-02	-1.262670247094290488e-01	1.360394916606684212e-01	-1.001884101211935330e-01	8.877542026592043223e-02	-1.783874257166461266e-02	9.431540225760802476e-02	-8.313361170372561559e-02	1.001990372585361000e-01	-7.341927031171927021e-02	1.726292493124534366e-02
-8.220546722164580322e-02	7.308226575173350226e-02	-9.672851825910254442e-02	8.090729012281309973e-02	-1.157078240303265476e-01	1.219400062301958382e-01	-1.351131357712733461e-01	9.100839928290976877e-02	-1.004859990042628742e-01	1.070513842178903025e-01	-1.614846590234487178e-01	1.695481421600229799e-01	-1.793085345395694641e-01	9.993145094728485278e-02	-8.963742836558816207e-02	2.375271549332211019e-01	-2.539051330095485892e-01	1.811157426779097801e-01	-1.130366971259993830e-01	1.092859999749227345e-01	-3.875937417295645671e-01	1.000000000000001110e+00	-4.701128782465645584e-01	1.113071044047389685e-01	-1.037889826566694151e-01	3.005986660448873860e-01	-5.960473987081733593e-01	1.611862672471588431e-01	-1.445646585461825284e-01	6.143197918532406626e-02	-2.385043203267489254e-01	2.660265814086092417e-01	-1.476858847409724396e-01	1.384646574626295368e-01	-6.398063169018347596e-02	1.464599772901077901e-01	-1.767618576922794504e-01	1.273367421462910376e-01	-1.123639706011307776e-01	2.222024683728639205e-02	-1.171858868577945467e-01	1.022589609895865337e-01	-1.277524002690861027e-01	9.134161355181368014e-02	-2.154579840723767903e-02
9.985081937339444769e-02	-9.212765272188179477e-02	1.229082370387356432e-01	-1.091629534089923609e-01	1.546274405912200778e-01	-1.527737590820591462e-01	1.627051978463905646e-01	-1.191851831593002814e-01	1.355026221433984213e-01	-1.574131411272142733e-01	1.810471283575682266e-01	-2.401748285331986588e-01	2.443476817811073842e-01	-1.461481070778371805e-01	1.274454830105527792e-01	-2.668708649840655922e-01	2.872320347440279753e-01	-3.695790662458870446e-01	1.774590413473578210e-01	-1.793778789713063593e-01	2.284948108518696785e-01	-4.701128782465645584e-01	1.000000000000002442e+00	-1.840736502418194587e-01	1.572441687061398585e-01	-2.768626748406705640e-01	2.447071265438525989e-01	-3.518790589874999375e-01	2.226206690188814730e-01	-9.452647322089563486e-02	2.030149392877077241e-01	-2.579090071648479920e-01	2.015609097891025436e-01	-2.127986590921083221e-01	9.501120024859793789e-02	-1.470961520513576481e-01	1.655334036730361225e-01	-1.638152864888487437e-01	1.387328693806065827e-01	-2.945772988995795649e-02	1.174872432972901976e-01	-1.080852409264455999e-01	1.519697094877864307e-01	-1.166809744058410481e-01	2.839289158505740873e-02
-5.721799801720237055e-02	5.292088593334806634e-02	-8.008810938954982750e-02	7.801807369318554397e-02	-1.123781872097684709e-01	8.068902835049003575e-02	-9.434670952199980531e-02	7.633104394464763909e-02	-1.067485231040083693e-01	1.173926034312656325e-01	-9.431628359968027842e-02	1.299350740532476955e-01	-1.676893871995333019e-01	1.312810875574708658e-01	-1.233357955722172022e-01	1.092628719134118159e-01	-1.930560470851216404e-01	1.819827148250099114e-01	-4.695067797990870595e-01	3.115021790749945008e-01	-8.978219531175989088e-02	1.113071044047389685e-01	-1.840736502418194587e-01	1.000000000000000444e+00	-7.214258330005899333e-01	1.023264242328685292e-01	-8.671348766184165668e-02	1.649535298771683256e-01	-2.432507021321205498e-01	1.349525541557060615e-01	-8.914477760525957306e-02	9.804861763604731661e-02	-1.229765590562312688e-01	1.507727649067437115e-01	-1.406398864074857591e-01	6.542399007804325373e-02	-7.695157247205063056e-02	8.703044139336790774e-02	-8.022927653915377932e-02	2.112757405456369350e-02	-5.689411706365465893e-02	5.154125490014159483e-02	-8.472324225511632112e-02	6.412506472658804912e-02	-2.069535205277510739e-02
5.326628092827800226e-02	-4.964743649249902385e-02	7.467732363806821316e-02	-7.418920185003874401e-02	1.050722440136154096e-01	-7.575673590328799167e-02	8.728636981067038059e-02	-7.198071264549014969e-02	9.870221040774956878e-02	-1.213287501215446901e-01	8.699379334370466177e-02	-1.204598729426727272e-01	1.429193909286367581e-01	-1.272652749265303640e-01	1.205593339069165049e-01	-1.034452559817502643e-01	1.618944357435742609e-01	-1.595663082610569439e-01	3.003095154482736673e-01	-5.142169854812183027e-01	8.348219646549547013e-02	-1.037889826566694151e-01	1.572441687061398585e-01	-7.214258330005899333e-01	9.999999999999988898e-01	-9.737853709797637813e-02	8.045425930378539980e-02	-1.538733550952725015e-01	1.741006319135398328e-01	-1.797495122082712893e-01	8.325233707213068601e-02	-9.324001399633656539e-02	1.125356722393956732e-01	-1.480886901388900057e-01	1.473081243462630585e-01	-6.188486886637805523e-02	7.204834999214546065e-02	-8.272220957866036062e-02	7.501406296238108395e-02	-2.111790986168799594e-02	5.325863453824408039e-02	-4.860439009656460779e-02	7.889170580314844305e-02	-6.132991958711583869e-02	2.054323284131565064e-02
-9.050767975913495689e-02	7.915010083154427889e-02	-1.040335722266309548e-01	8.454468972840435692e-02	-1.215731752721832537e-01	1.322800838741597096e-01	-1.487226785408469198e-01	9.646991475890101531e-02	-1.043068222960027158e-01	1.076959557953823532e-01	-1.832393942200268855e-01	1.681457717359817750e-01	-1.719047248933331662e-01	9.911957495340584234e-02	-8.985519096412787621e-02	2.684359807483708282e-01	-2.241821210283392318e-01	1.526093985051930613e-01	-1.031728225322722375e-01	1.006033146961393815e-01	-5.353273181498572342e-01	3.005986660448873860e-01	-2.768626748406705640e-01	1.023264242328685292e-01	-9.737853709797637813e-02	9.999999999999984457e-01	-4.691464833710898841e-01	1.377575403921471042e-01	-1.289583483574932299e-01	5.809415621873921520e-02	-4.121417912974401077e-01	2.817580884294268451e-01	-1.417419907518882582e-01	1.338180912474361273e-01	-6.066929391178157299e-02	1.945805629234938494e-01	-2.150201300749058075e-01	1.364597216373295285e-01	-1.212294123923973177e-01	2.341788587092989704e-02	-1.464127716352032760e-01	1.232960810966926002e-01	-1.403719552706846341e-01	9.870267160823364971e-02	-2.271763758576672912e-02
6.424547722959206286e-02	-5.754997775819255257e-02	7.551314451971744002e-02	-6.347758578562071041e-02	9.097763494636587622e-02	-9.712613116903771882e-02	1.048517728533378407e-01	-7.130279206092278443e-02	7.834180463913689718e-02	-8.481486366317547709e-02	1.246008188083521651e-01	-1.308981509009216060e-01	1.305114349295568854e-01	-7.742094632385411457e-02	6.955822769112876558e-02	-2.007958159731459968e-01	1.715725181232605756e-01	-1.272810373621676983e-01	8.426674228566881364e-02	-8.348666154976315534e-02	2.483760773765906205e-01	-5.960473987081733593e-01	2.447071265438525989e-01	-8.671348766184165668e-02	8.045425930378539980e-02	-4.691464833710898841e-01	1.000000000000000000e+00	-1.324496434229727182e-01	1.144831358103902130e-01	-5.110408988239178302e-02	2.522291968708984533e-01	-5.107769462726257093e-01	1.352257828789488747e-01	-1.267795501347797615e-01	5.271379882577867382e-02	-1.621602402225384432e-01	1.868863294304178024e-01	-1.229748791649480644e-01	1.016114252960902270e-01	-1.999516384572129837e-02	1.168284639483694737e-01	-1.063846648359722813e-01	1.179285543645157003e-01	-8.487416228743975555e-02	1.932198310237411357e-02
-5.289010558093067832e-02	4.817779824363929014e-02	-6.693348053396183661e-02	5.979378223460358327e-02	-8.664732731293399437e-02	7.698695768039109932e-02	-8.644249860850022893e-02	6.346833477150558289e-02	-7.582526108599074721e-02	8.504613530028602708e-02	-9.255139751240601398e-02	1.154475449317617919e-01	-1.288003155355779417e-01	8.090115679808912441e-02	-7.352429641075079736e-02	1.237462017382815749e-01	-1.562282446805966230e-01	1.376366767839464766e-01	-1.227290125795103964e-01	1.164624685675546417e-01	-1.128564930191665594e-01	1.611862672471588431e-01	-3.518790589874999375e-01	1.649535298771683256e-01	-1.538733550952725015e-01	1.377575403921471042e-01	-1.324496434229727182e-01	1.000000000000001332e+00	-6.848540266453313485e-01	1.310313206550449971e-01	-1.362424171350259949e-01	1.601474174522302674e-01	-4.529183720552376613e-01	3.085659785490927898e-01	-1.386256474408570638e-01	1.056001599903260563e-01	-1.317143683656918363e-01	1.866616808426926899e-01	-1.560244447334534490e-01	3.079372086455861579e-02	-9.580703798893037970e-02	8.865886081545051867e-02	-1.737976861837276232e-01	1.180122304789095466e-01	-3.004199177205852528e-02
5.081459087006846148e-02	-4.655285370201223821e-02	6.496910738582294120e-02	-5.893304513638449038e-02	8.518259301972881670e-02	-7.418735776788158709e-02	8.280279766634841832e-02	-6.186303713233243934e-02	7.484078672849228675e-02	-8.593376980644694407e-02	8.785291847617227035e-02	-1.108895994496187226e-01	1.195268186877234129e-01	-8.179822290203975221e-02	7.415563957468317147e-02	-1.184496615517222212e-01	1.433647102995331268e-01	-1.275736978152017809e-01	1.326282092918648348e-01	-1.302218123717245046e-01	1.030839176601709567e-01	-1.445646585461825284e-01	2.226206690188814730e-01	-2.432507021321205498e-01	1.741006319135398328e-01	-1.289583483574932299e-01	1.144831358103902130e-01	-6.848540266453313485e-01	1.000000000000003553e+00	-1.963684592777996396e-01	1.212251230500025478e-01	-1.463345936760843402e-01	2.895566880132710574e-01	-5.017169456389366511e-01	1.681324864823981746e-01	-9.582715103217216701e-02	1.155410248008251484e-01	-1.675525674416483146e-01	1.381622929960730772e-01	-3.097189339600669999e-02	8.441479856192302123e-02	-7.913276912136199548e-02	1.457620169224015938e-01	-1.104562023208540689e-01	2.994440561896645828e-02
-2.565153108907330601e-02	2.350975251416944842e-02	-3.382572977785434226e-02	3.141619679881237776e-02	-4.558410478971978291e-02	3.662583712093542970e-02	-4.188171009724450666e-02	3.207170394086303333e-02	-4.051019811748438060e-02	4.707872731312742753e-02	-4.317895115856778404e-02	5.495036144310767173e-02	-6.190565530780204467e-02	4.567967334141100066e-02	-4.272992812846375388e-02	5.481133098173490703e-02	-7.382567111730288512e-02	6.334261256878129243e-02	-8.141390393076954057e-02	9.817888714804060002e-02	-4.754720189948696135e-02	6.143197918532406626e-02	-9.452647322089563486e-02	1.349525541557060615e-01	-1.797495122082712893e-01	5.809415621873921520e-02	-5.110408988239178302e-02	1.310313206550449971e-01	-1.963684592777996396e-01	1.000000000000001554e+00	-5.707041487787940792e-02	6.452001374973197201e-02	-1.219455215965376121e-01	1.666878374228381032e-01	-9.312390323571004824e-01	4.465202205960327325e-02	-5.438616423886231954e-02	7.409103383205480065e-02	-7.142731108030646314e-02	4.340860183742340644e-02	-4.085211102720935628e-02	3.767737971475442621e-02	-7.232264502539770268e-02	5.585986766565866068e-02	-4.350907175488900880e-02
6.505946985685245876e-02	-5.863747492893194718e-02	7.730771304378686315e-02	-6.559397639287173343e-02	9.488442455530415875e-02	-9.809443038044803054e-02	1.055493619191029686e-01	-7.293112785298329348e-02	8.068286116234085759e-02	-8.874552873636179506e-02	1.216733288888535852e-01	-1.296096222677174392e-01	1.272203404465946097e-01	-7.909233077389404842e-02	7.151647485872106302e-02	-1.947039839636400538e-01	1.611555721189999735e-01	-1.172410249014017164e-01	8.376100873226068055e-02	-8.385030132934435942e-02	2.024468617435067896e-01	-2.385043203267489254e-01	2.030149392877077241e-01	-8.914477760525957306e-02	8.325233707213068601e-02	-4.121417912974401077e-01	2.522291968708984533e-01	-1.362424171350259949e-01	1.212251230500025478e-01	-5.707041487787940792e-02	1.000000000000000444e+00	-5.091204216751029632e-01	1.556897844694404565e-01	-1.517980008573406037e-01	5.845272772243347709e-02	-5.530114617386288067e-01	2.957462176491325589e-01	-1.727480526265588734e-01	1.325841085355080606e-01	-2.644996711402341008e-02	2.045133683733814101e-01	-1.927352502687622315e-01	1.607143147075610623e-01	-1.184016539166008047e-01	2.539132023037719496e-02
-6.736348589039416190e-02	6.005679418735977715e-02	-8.083596710294409238e-02	6.827522269282856882e-02	-9.932082215721538265e-02	9.788465375104628274e-02	-1.100961870496999506e-01	7.547855218969848345e-02	-8.472797374993783215e-02	9.090255701921709508e-02	-1.243373811154779990e-01	1.332401267150400415e-01	-1.400206210180229283e-01	8.311823502625946547e-02	-7.549444150800559139e-02	1.760134939057033110e-01	-1.823463679295850293e-01	1.309720478800713017e-01	-9.269904655079341804e-02	9.102902600025875035e-02	-2.047190627522938178e-01	2.660265814086092417e-01	-2.579090071648479920e-01	9.804861763604731661e-02	-9.324001399633656539e-02	2.817580884294268451e-01	-5.107769462726257093e-01	1.601474174522302674e-01	-1.463345936760843402e-01	6.452001374973197201e-02	-5.091204216751029632e-01	1.000000000000002442e+00	-2.262445955693319910e-01	1.728894456943891877e-01	-6.733720443708279824e-02	2.677283214250265053e-01	-4.110011111735775158e-01	1.885554278072957002e-01	-1.520445435240722620e-01	2.818794208609417748e-02	-2.028683068509651299e-01	1.773413207020715088e-01	-1.842982045323975915e-01	1.243251457050640607e-01	-2.730677204993675958e-02
4.821142757919173738e-02	-4.380419609973709716e-02	6.032009961732524850e-02	-5.332580730324454343e-02	7.766259325180722983e-02	-7.023014966055349251e-02	7.847822702094005287e-02	-5.697428115391495185e-02	6.686502980240698057e-02	-7.544842311189629835e-02	8.442199295859954822e-02	-1.010738604293400650e-01	1.070606922388521176e-01	-6.945744216427332529e-02	6.318132911909946081e-02	-1.164830230528343669e-01	1.316357996472170555e-01	-1.076814404906994566e-01	9.276756327919351286e-02	-9.323944013629852090e-02	1.075123285203986451e-01	-1.476858847409724396e-01	2.015609097891025436e-01	-1.229765590562312688e-01	1.125356722393956732e-01	-1.417419907518882582e-01	1.352257828789488747e-01	-4.529183720552376613e-01	2.895566880132710574e-01	-1.219455215965376121e-01	1.556897844694404565e-01	-2.262445955693319910e-01	9.999999999999991118e-01	-6.399581632606005099e-01	1.228412844879557819e-01	-1.323424965531865283e-01	1.680816813969851220e-01	-4.086018289265079262e-01	1.995263859760915692e-01	-3.706060415677289027e-02	1.158574149479415921e-01	-1.134793821173998435e-01	2.277033980645812306e-01	-1.627389227040397512e-01	3.564825917266574440e-02
-5.045757027911074166e-02	4.571873855410497206e-02	-6.398971107539418168e-02	5.688309028957592994e-02	-8.329791984014706108e-02	7.230428510527360519e-02	-8.235913127589607197e-02	6.012845473592844797e-02	-7.204429741301193735e-02	8.012726274212299271e-02	-8.715021071352353765e-02	1.050742667663303320e-01	-1.159847307592299093e-01	7.535960079342948759e-02	-6.929096662264788709e-02	1.146749264104296867e-01	-1.429137727037967098e-01	1.147115687390944522e-01	-1.107567122289961209e-01	1.084606690430887643e-01	-1.061217369779950265e-01	1.384646574626295368e-01	-2.127986590921083221e-01	1.507727649067437115e-01	-1.480886901388900057e-01	1.338180912474361273e-01	-1.267795501347797615e-01	3.085659785490927898e-01	-5.017169456389366511e-01	1.666878374228381032e-01	-1.517980008573406037e-01	1.728894456943891877e-01	-6.399581632606005099e-01	1.000000000000000000e+00	-2.065784494128659055e-01	1.217607041672178342e-01	-1.573966862694664570e-01	2.420132433253544546e-01	-2.365401843398338144e-01	4.132544786474505460e-02	-1.169295461024162514e-01	1.082005770354096674e-01	-2.373754383551697211e-01	1.614202224362684956e-01	-4.039541254714189289e-02
