1.000000000000000222e+00	-6.625464166863562765e-01	1.482314919699661837e-01	-8.397701484959331497e-02	9.677175652802859351e-02	-5.851700099611008010e-01	2.729873049528426243e-01	-1.503792696261716244e-01	9.087557803778532894e-02	-1.239471791401579315e-01	2.833708170096106427e-01	-2.391356810748738460e-01	1.684762701608683022e-01	-1.026963420652157039e-01	1.105643991440334456e-01	-9.876491220171158825e-02	8.285588716367259243e-02	-8.074587523818978207e-02	8.048580210425290704e-02	-8.026605785461594922e-02	6.406018345564655492e-02	-5.242110998382042836e-02	4.919468428656853520e-02	-7.666081251990128353e-02	6.107022422606076667e-02	-9.712916967967237525e-02	6.152278390747863840e-02	-7.058091131054149148e-02	6.802717736617373834e-02	-8.491537798894015221e-02	6.924637683304249447e-02	-5.855496918360230535e-02	5.720163424477417435e-02	-6.703379330585991502e-02	6.724936588551354288e-02	-4.709545819032513736e-02	6.707968422252760798e-02	-6.074900227325084889e-02	6.016518814496148171e-02	-4.974764746844329011e-02	4.860386714695889149e-02	-5.898442004994005478e-02	7.804156390145305933e-02	-5.902267444916462630e-02	8.689983487489288949e-02
-6.625464166863562765e-01	1.000000000000000222e+00	-2.622093505916103240e-01	1.230930236598037075e-01	-1.504941715051704432e-01	3.046042563411860415e-01	-4.076121134220804798e-01	1.980792204028476722e-01	-1.216945973487050386e-01	1.501547075158503053e-01	-3.786033696389856651e-01	2.564602035881752840e-01	-2.390019037826585924e-01	1.301821442129275086e-01	-1.442065877620736236e-01	1.092761454796741805e-01	-1.024379961026486013e-01	9.742515511476108891e-02	-1.001590474485870574e-01	9.746997619894411102e-02	-7.310394436780197347e-02	6.094977282751615211e-02	-5.798284062580354864e-02	8.940918524804238043e-02	-7.239141477833690996e-02	1.061761855660295906e-01	-7.055082613309739126e-02	7.977357278386940087e-02	-7.967207967715700390e-02	9.662513328218513831e-02	-8.052351604386406847e-02	6.656984700167892233e-02	-6.561376729361120819e-02	7.666811467212243658e-02	-7.883745855117545165e-02	5.409129289216501463e-02	-7.781335030085646809e-02	6.990633600031154193e-02	-7.020857122275171724e-02	5.761752556678504528e-02	-5.624358257995384913e-02	6.700935824419813891e-02	-9.120502636065797031e-02	6.825727949316084953e-02	-1.018094497052652453e-01
1.482314919699661837e-01	-2.622093505916103240e-01	9.999999999999997780e-01	-4.017495020410272177e-01	2.649463210812685876e-01	-1.062713913936909893e-01	1.497923381504965568e-01	-7.303519229958513881e-01	1.701700155822531146e-01	-2.133914918418845230e-01	1.368081242018184818e-01	-1.359051489404171087e-01	2.585442858700280344e-01	-1.828008073684806722e-01	1.502939908403104763e-01	-9.924283814060469444e-02	9.384090769706647517e-02	-9.715398215440008978e-02	1.049653582288064407e-01	-1.060680850258794578e-01	6.500278169198456246e-02	-5.998963361075302508e-02	5.648130148160147163e-02	-9.340051317588364543e-02	7.414344123581560753e-02	-1.009525260324969920e-01	6.540087418246787188e-02	-7.689066113471182407e-02	7.756528213026162022e-02	-1.000134300977742197e-01	7.260803990044355227e-02	-6.246981043068460665e-02	6.213389605569752394e-02	-7.481946259016111767e-02	7.306368233397039780e-02	-4.973289308572753642e-02	7.101737582888492661e-02	-6.499089422034948216e-02	6.464101404444572152e-02	-5.382949930914383146e-02	5.116706877258772601e-02	-6.259694741964516584e-02	8.246511183572194370e-02	-6.295065269087048165e-02	9.119825793129449076e-02
-8.397701484959331497e-02	1.230930236598037075e-01	-4.017495020410272177e-01	9.999999999999993339e-01	-8.261579786977042428e-01	6.146034488729152506e-02	-8.832987388269322726e-02	2.341554448130503396e-01	-2.162910056918642410e-01	1.939130104597479032e-01	-8.352556190689179594e-02	8.133874448133655843e-02	-1.751586293893395430e-01	1.608799390250032768e-01	-1.308771675618967401e-01	6.542347434335464562e-02	-6.635408077728421894e-02	6.747393342237587022e-02	-8.247617906098536622e-02	8.201262400535198893e-02	-4.338436589007311356e-02	4.149903816820416785e-02	-3.948145531345184645e-02	6.701356788675681686e-02	-5.412253291672881189e-02	6.646226958104191340e-02	-4.418664651381553482e-02	5.185958023093343444e-02	-5.451835024021624981e-02	6.943959643589016351e-02	-4.911292817116877374e-02	4.205645954385947571e-02	-4.224942506482908672e-02	5.121832470189543324e-02	-5.035577672618880146e-02	3.351361790042724914e-02	-4.814010448138597575e-02	4.402715710025830592e-02	-4.422904275467107876e-02	3.674739817099113154e-02	-3.456000806388791202e-02	4.201983104720995177e-02	-5.607819654408387200e-02	4.272482882433004808e-02	-6.202996035579962097e-02
9.677175652802859351e-02	-1.504941715051704432e-01	2.649463210812685876e-01	-8.261579786977042428e-01	9.999999999999993339e-01	-7.235014324110247697e-02	1.017112902323117629e-01	-2.827050497213390301e-01	1.944466380189526222e-01	-2.773959871107380959e-01	9.685566693453787068e-02	-9.571511605061326644e-02	1.883177417802601727e-01	-1.844590849595703630e-01	1.555905136887015539e-01	-8.355008554161615086e-02	7.988324769097257527e-02	-8.209275224562043172e-02	9.867154843650306761e-02	-1.014232684188151323e-01	5.496919687582543790e-02	-5.214630379118373460e-02	4.924646981338305640e-02	-8.428345355101332648e-02	6.746095739200330677e-02	-8.573508082047498480e-02	5.622128259183319793e-02	-6.653083705623971666e-02	6.876442540861484043e-02	-8.893655410116575732e-02	6.236284556510855726e-02	-5.373404877154533410e-02	5.388713114212748817e-02	-6.546029996810610874e-02	6.376866282355200810e-02	-4.275354251355396179e-02	6.121557516763505985e-02	-5.616633193629586712e-02	5.614958341011443838e-02	-4.679065516890781179e-02	4.399873821039948507e-02	-5.383697929917381775e-02	7.121940109410540565e-02	-5.446826619366247624e-02	7.879412595017655507e-02
-5.851700099611008010e-01	3.046042563411860415e-01	-1.062713913936909893e-01	6.146034488729152506e-02	-7.235014324110247697e-02	9.999999999999987788e-01	-4.640240513662789446e-01	1.124727470866630219e-01	-7.160655347599058362e-02	9.480928128605131677e-02	-5.653785825714460200e-01	2.815105168677987657e-01	-1.471581906322435018e-01	8.231546673052861363e-02	-8.546639872009736960e-02	8.135964649490230738e-02	-7.031677721485338206e-02	6.711260283170013274e-02	-6.355449011149082172e-02	6.265247780993396520e-02	-5.326905177076846076e-02	4.122050000318134427e-02	-3.881428153019370747e-02	5.901641424081393444e-02	-4.702135908734178527e-02	7.476827961126351896e-02	-4.758602727099437574e-02	5.341810848979441917e-02	-5.180337025202928075e-02	6.432194064855967230e-02	-5.333326912779907253e-02	4.481052624845970056e-02	-4.347788439560753421e-02	5.066759836148523877e-02	-5.085330885870841672e-02	3.593929950994222133e-02	-5.120572247865829568e-02	4.603130739331322968e-02	-4.546748613955174656e-02	3.752612584822705849e-02	-3.711940905678497854e-02	4.465648081596677171e-02	-5.912749871037480121e-02	4.443652641492289168e-02	-6.515231236702123674e-02
2.729873049528426243e-01	-4.076121134220804798e-01	1.497923381504965568e-01	-8.832987388269322726e-02	1.017112902323117629e-01	-4.640240513662789446e-01	9.999999999999988898e-01	-1.801955065752818552e-01	1.043007733083910066e-01	-1.402921118916981846e-01	3.288915138814159089e-01	-6.520056873802114739e-01	2.162147992987983602e-01	-1.241988943076829943e-01	1.210301662618968183e-01	-1.088177960084927010e-01	1.026771281673298092e-01	-1.000915717287692852e-01	9.157903633296177182e-02	-9.100635188768534112e-02	7.045537272885885050e-02	-5.932657173128483286e-02	5.557293865292750601e-02	-8.532489648048881270e-02	6.752551845225296390e-02	-1.045444371538283429e-01	6.625628274007905327e-02	-7.564402795599715901e-02	7.354962343094766097e-02	-9.269515720350496313e-02	7.378858098290344558e-02	-6.281015346580635927e-02	6.123808594254134124e-02	-7.200277451886774593e-02	7.143631583265011575e-02	-5.011613749661440048e-02	7.131844484352849178e-02	-6.456833462887279218e-02	6.374575843977800527e-02	-5.281005485421048917e-02	5.162267527543740880e-02	-6.264488046516525355e-02	8.243254274391748071e-02	-6.235330260250240147e-02	9.098257382731041176e-02
-1.503792696261716244e-01	1.980792204028476722e-01	-7.303519229958513881e-01	2.341554448130503396e-01	-2.827050497213390301e-01	1.124727470866630219e-01	-1.801955065752818552e-01	9.999999999999997780e-01	-1.934381117620950497e-01	1.947483965794349070e-01	-1.522435523329580542e-01	1.556544283763236225e-01	-4.491694286559275717e-01	1.906652938483207882e-01	-1.555611106316117931e-01	9.572584486408250437e-02	-1.037322557261417394e-01	1.054495814020231514e-01	-1.093484494317035483e-01	1.060427670289407209e-01	-6.361887505956077826e-02	5.956673721511114572e-02	-5.686324873453310613e-02	9.104253495407332863e-02	-7.307988113216754011e-02	9.519782851113692268e-02	-6.305128373553882393e-02	7.292944177775521897e-02	-7.520904925423918530e-02	9.488293381281900918e-02	-7.010888288934136181e-02	5.973553960959111786e-02	-5.944502150243746036e-02	7.122509032953340535e-02	-7.046485843602592891e-02	4.761829659845936980e-02	-6.830630371675001922e-02	6.212578952680029853e-02	-6.214958684195465849e-02	5.151899901353025613e-02	-4.914284742887603530e-02	5.947808431554541669e-02	-7.934637814087061591e-02	6.015476829885055277e-02	-8.756671118853412428e-02
9.087557803778532894e-02	-1.216945973487050386e-01	1.701700155822531146e-01	-2.162910056918642410e-01	1.944466380189526222e-01	-7.160655347599058362e-02	1.043007733083910066e-01	-1.934381117620950497e-01	9.999999999999988898e-01	-4.939866970140368574e-01	1.018655350836412815e-01	-1.066898341872561384e-01	2.578360167152918270e-01	-7.290870783027167956e-01	2.330772521999268376e-01	-9.627249987710563561e-02	1.056089110072452181e-01	-1.114930043287789552e-01	1.616402317990462134e-01	-1.586237314543943178e-01	6.407252377077141126e-02	-6.571298171232035912e-02	6.291564820516540313e-02	-1.150700914484004689e-01	9.178252176055386180e-02	-9.688947063101241430e-02	6.570792012334759902e-02	-7.723320501243925718e-02	8.569014525654759795e-02	-1.102682998959800126e-01	7.226866902999459774e-02	-6.231207616882544070e-02	6.325538561576385388e-02	-7.792945636427610345e-02	7.575437358839472168e-02	-4.923748797238380881e-02	7.104677095890367389e-02	-6.513183304209953228e-02	6.586446216599781134e-02	-5.480684942342993471e-02	5.073351119937494214e-02	-6.152978067570108456e-02	8.260451447399862202e-02	-6.301106079714684227e-02	9.083827920631420971e-02
-1.239471791401579315e-01	1.501547075158503053e-01	-2.133914918418845230e-01	1.939130104597479032e-01	-2.773959871107380959e-01	9.480928128605131677e-02	-1.402921118916981846e-01	1.947483965794349070e-01	-4.939866970140368574e-01	9.999999999999991118e-01	-1.398979351889653444e-01	1.318924304437965045e-01	-3.211589052422288981e-01	2.894286029558107431e-01	-5.766501622733805066e-01	1.258158943016386699e-01	-1.474524210660793921e-01	1.444269292052593190e-01	-2.197542643478038182e-01	2.193763409041465384e-01	-8.581244403742528670e-02	8.807323282494811112e-02	-8.574010059626659130e-02	1.521549756042047952e-01	-1.304062130473749026e-01	1.269796030964653044e-01	-8.988883221018625913e-02	1.048417948464106242e-01	-1.218304911560132153e-01	1.492126741207487339e-01	-1.004198047678454414e-01	8.481775387438518499e-02	-8.732282242627907587e-02	1.073898025863887912e-01	-1.080333113562637753e-01	6.785684318270787663e-02	-9.897307379407956074e-02	9.033227881329165820e-02	-9.322034751746098580e-02	7.691498272762256616e-02	-7.040673749041775897e-02	8.419862827420404594e-02	-1.163887153001025437e-01	8.821084306543980347e-02	-1.290889703594371163e-01
2.833708170096106427e-01	-3.786033696389856651e-01	1.368081242018184818e-01	-8.352556190689179594e-02	9.685566693453787068e-02	-5.653785825714460200e-01	3.288915138814159089e-01	-1.522435523329580542e-01	1.018655350836412815e-01	-1.398979351889653444e-01	9.999999999999994449e-01	-5.721174443390142361e-01	2.054718389944130141e-01	-1.210633620828464041e-01	1.230623045675786481e-01	-1.343873484073623559e-01	1.060212974850919532e-01	-1.023431033019778502e-01	9.361079241621593494e-02	-9.302372553756009521e-02	8.357351022018735809e-02	-6.247511265040295997e-02	5.847405665111490153e-02	-8.856622651190185214e-02	7.010739000297482038e-02	-1.169062809894310384e-01	7.233468294835686263e-02	-8.085201354668940243e-02	7.739713521155067166e-02	-9.688123458169467517e-02	8.039667323351022687e-02	-6.811095365700595150e-02	6.553002001286961642e-02	-7.621246157489773576e-02	7.584713777122992218e-02	-5.426315006496697235e-02	7.697912903473123902e-02	-6.922310837376488557e-02	6.792727340711908479e-02	-5.617246683902527016e-02	5.586026318202549912e-02	-6.745864136802418032e-02	8.837672348225614205e-02	-6.651505010682247365e-02	9.693472195741703601e-02
-2.391356810748738460e-01	2.564602035881752840e-01	-1.359051489404171087e-01	8.133874448133655843e-02	-9.571511605061326644e-02	2.815105168677987657e-01	-6.520056873802114739e-01	1.556544283763236225e-01	-1.066898341872561384e-01	1.318924304437965045e-01	-5.721174443390142361e-01	9.999999999999994449e-01	-3.058918919365202216e-01	1.272355194610829965e-01	-1.179592911161460866e-01	1.058486782242984009e-01	-1.200684116503487053e-01	1.077485221977007163e-01	-9.194559252226965074e-02	8.869380773359665515e-02	-6.967902797859600039e-02	5.787253395782166604e-02	-5.476961500075271799e-02	8.088876775068669367e-02	-6.428844336589821518e-02	9.630230484580876160e-02	-6.211675333549905587e-02	6.936094654090065037e-02	-6.860299395390458133e-02	8.545063123310274456e-02	-6.888525526636481155e-02	5.819488964481450005e-02	-5.653456741865660329e-02	6.614504970783845195e-02	-6.589673050514908981e-02	4.631318308251446136e-02	-6.607390218691028272e-02	5.936952749600298701e-02	-5.865603970039788562e-02	4.845276744388019030e-02	-4.778894524021988499e-02	5.737776360235126438e-02	-7.594787403030894835e-02	5.704039150361178007e-02	-8.307831316695993285e-02
1.684762701608683022e-01	-2.390019037826585924e-01	2.585442858700280344e-01	-1.751586293893395430e-01	1.883177417802601727e-01	-1.471581906322435018e-01	2.162147992987983602e-01	-4.491694286559275717e-01	2.578360167152918270e-01	-3.211589052422288981e-01	2.054718389944130141e-01	-3.058918919365202216e-01	9.999999999999986677e-01	-4.347434752822039727e-01	2.349884768798688461e-01	-1.752743535342926040e-01	1.826299938598377748e-01	-2.226626435754187339e-01	1.876065141327963592e-01	-1.860678760150401567e-01	1.131454697692965555e-01	-1.082985116547183352e-01	1.017237116498640875e-01	-1.631543420793760135e-01	1.269475118631053778e-01	-1.731133797377956141e-01	1.107568737315049040e-01	-1.291937971768206961e-01	1.300270949786978547e-01	-1.697816768148248667e-01	1.210475718239571868e-01	-1.054081432180098005e-01	1.040066216493636814e-01	-1.252589550027748411e-01	1.205345601062214889e-01	-8.287449409512556708e-02	1.179783664758430606e-01	-1.079204935731167408e-01	1.065640791621748629e-01	-8.896986422828977170e-02	8.495241576266973627e-02	-1.040890968412571671e-01	1.357558523054399613e-01	-1.036632933513951665e-01	1.486057073678599405e-01
-1.026963420652157039e-01	1.301821442129275086e-01	-1.828008073684806722e-01	1.608799390250032768e-01	-1.844590849595703630e-01	8.231546673052861363e-02	-1.241988943076829943e-01	1.906652938483207882e-01	-7.290870783027167956e-01	2.894286029558107431e-01	-1.210633620828464041e-01	1.272355194610829965e-01	-4.347434752822039727e-01	9.999999999999998890e-01	-2.678529867756817562e-01	1.050483811339155832e-01	-1.290508320327320713e-01	1.334514046244819341e-01	-2.281313911082175072e-01	1.757833399332214275e-01	-7.085022471574189962e-02	7.372933854693587696e-02	-7.187036009769877387e-02	1.292913475536592860e-01	-1.050767538623551683e-01	1.040749128256513029e-01	-7.208673750511639111e-02	8.362096882833415512e-02	-9.566884667592920333e-02	1.191580511652012564e-01	-7.932331603704842471e-02	6.789196099711525267e-02	-6.912004970757242017e-02	8.486087697005777197e-02	-8.360816043504556982e-02	5.370407618926576615e-02	-7.784954857535544837e-02	7.104756870811280989e-02	-7.236757847716400460e-02	5.995773581335941266e-02	-5.547177167084791499e-02	6.671324783933643698e-02	-9.060546027596312613e-02	6.876591024881259506e-02	-9.954604362763519454e-02
1.105643991440334456e-01	-1.442065877620736236e-01	1.502939908403104763e-01	-1.308771675618967401e-01	1.555905136887015539e-01	-8.546639872009736960e-02	1.210301662618968183e-01	-1.555611106316117931e-01	2.330772521999268376e-01	-5.766501622733805066e-01	1.230623045675786481e-01	-1.179592911161460866e-01	2.349884768798688461e-01	-2.678529867756817562e-01	1.000000000000000222e+00	-1.644767952826060864e-01	1.658374594565638349e-01	-1.793316869459373186e-01	2.705189317698536988e-01	-4.833184693399267262e-01	1.084257353459678608e-01	-1.173997066884378687e-01	1.107337769932397187e-01	-2.241529196180021832e-01	1.822230523732816521e-01	-1.690307183740637764e-01	1.143823821181300104e-01	-1.391736725099269323e-01	1.580991096252169215e-01	-2.251408589579617370e-01	1.239623335214343480e-01	-1.093608737649270773e-01	1.128635418603058799e-01	-1.446134261235315632e-01	1.334152040038407427e-01	-8.532132327962398122e-02	1.229538365815526918e-01	-1.143490696579208127e-01	1.151570918640194563e-01	-9.714739131607083578e-02	8.741838994556910825e-02	-1.074337266092270926e-01	1.422620367612268399e-01	-1.100587146262491378e-01	1.550592321472051838e-01
-9.876491220171158825e-02	1.092761454796741805e-01	-9.924283814060469444e-02	6.542347434335464562e-02	-8.355008554161615086e-02	8.135964649490230738e-02	-1.088177960084927010e-01	9.572584486408250437e-02	-9.627249987710563561e-02	1.258158943016386699e-01	-1.343873484073623559e-01	1.058486782242984009e-01	-1.752743535342926040e-01	1.050483811339155832e-01	-1.644767952826060864e-01	9.999999999999991118e-01	-2.935336105031171039e-01	1.916790028802608237e-01	-1.435496990469258827e-01	1.275606236106665015e-01	-7.204512724833513904e-01	1.239200583285724189e-01	-1.210944123221714824e-01	1.291039636899464216e-01	-1.055073717797790633e-01	3.074049986788126576e-01	-1.965301648783921162e-01	1.478570298482835832e-01	-1.292640709439314695e-01	1.352811948304940837e-01	-2.157001937270007774e-01	1.554533198140723993e-01	-1.297402209407866047e-01	1.267941273153419257e-01	-1.375901578834524408e-01	1.256873847462897653e-01	-1.773831959667023783e-01	1.386308406027224049e-01	-1.279403056472734335e-01	1.008699507366473680e-01	-1.321399342011122247e-01	1.382230121418778768e-01	-1.835840087922928632e-01	1.225524329574348842e-01	-1.765529976126552214e-01
8.285588716367259243e-02	-1.024379961026486013e-01	9.384090769706647517e-02	-6.635408077728421894e-02	7.988324769097257527e-02	-7.031677721485338206e-02	1.026771281673298092e-01	-1.037322557261417394e-01	1.056089110072452181e-01	-1.474524210660793921e-01	1.060212974850919532e-01	-1.200684116503487053e-01	1.826299938598377748e-01	-1.290508320327320713e-01	1.658374594565638349e-01	-2.935336105031171039e-01	1.000000000000001776e+00	-8.131654326073221029e-01	2.208283434102073506e-01	-2.038222210599198170e-01	1.598657111942147491e-01	-1.873989288378865303e-01	1.641947287193955829e-01	-1.690413648662319746e-01	1.250434346869128965e-01	-1.767091018700199800e-01	1.149053404816136742e-01	-1.140199183117572568e-01	1.154599206881332385e-01	-1.431743460908178056e-01	1.146345318174599726e-01	-1.018248712740209005e-01	9.328423254274786913e-02	-1.051356236201913125e-01	1.012250321029213446e-01	-7.459997999407674829e-02	1.061595909158784407e-01	-9.285682415588250582e-02	8.923497181965725500e-02	-7.340161828052704784e-02	7.605479882080770637e-02	-8.862342854473721776e-02	1.157308917897805628e-01	-8.457532634638594005e-02	1.186117066745044357e-01
-8.074587523818978207e-02	9.742515511476108891e-02	-9.715398215440008978e-02	6.747393342237587022e-02	-8.209275224562043172e-02	6.711260283170013274e-02	-1.000915717287692852e-01	1.054495814020231514e-01	-1.114930043287789552e-01	1.444269292052593190e-01	-1.023431033019778502e-01	1.077485221977007163e-01	-2.226626435754187339e-01	1.334514046244819341e-01	-1.793316869459373186e-01	1.916790028802608237e-01	-8.131654326073221029e-01	9.999999999999994449e-01	-3.252765813428125652e-01	2.002303729819275568e-01	-1.385171496441379158e-01	1.650440934999292675e-01	-1.907054549574363767e-01	1.652865219223458859e-01	-1.285450240002428690e-01	1.444195531841250824e-01	-1.069665794698938244e-01	1.059999473685430127e-01	-1.138057492341058713e-01	1.345724966135860567e-01	-1.087979213960450914e-01	9.345143257102418721e-02	-8.844327144004010544e-02	9.960830803833420344e-02	-9.828670563079053291e-02	7.005212082148776220e-02	-1.012429968749274239e-01	8.799088205293642551e-02	-8.607106901949126976e-02	7.034453683200958540e-02	-7.227223475814417708e-02	8.295145137508301569e-02	-1.115379750438123957e-01	8.093487210948659138e-02	-1.148618770062649341e-01
8.048580210425290704e-02	-1.001590474485870574e-01	1.049653582288064407e-01	-8.247617906098536622e-02	9.867154843650306761e-02	-6.355449011149082172e-02	9.157903633296177182e-02	-1.093484494317035483e-01	1.616402317990462134e-01	-2.197542643478038182e-01	9.361079241621593494e-02	-9.194559252226965074e-02	1.876065141327963592e-01	-2.281313911082175072e-01	2.705189317698536988e-01	-1.435496990469258827e-01	2.208283434102073506e-01	-3.252765813428125652e-01	9.999999999999985567e-01	-6.902479386699327257e-01	9.670106594238961351e-02	-1.330066649775898113e-01	1.315012978713995806e-01	-3.830404045642880617e-01	2.336571194118531036e-01	-1.354734979338654277e-01	9.959458296012921319e-02	-1.162486473545695231e-01	1.588378348867019174e-01	-2.127755801705188132e-01	1.039539115001237579e-01	-9.263236271294363056e-02	9.710979119845593310e-02	-1.275082974980187300e-01	1.164698172060044806e-01	-7.023352439992956719e-02	1.028866934138618350e-01	-9.496077937234766175e-02	9.772293047080986284e-02	-8.188217004743633676e-02	7.201547402285357613e-02	-8.637389960096403252e-02	1.181218055653944221e-01	-9.031592033728624846e-02	1.265523192147191278e-01
-8.026605785461594922e-02	9.746997619894411102e-02	-1.060680850258794578e-01	8.201262400535198893e-02	-1.014232684188151323e-01	6.265247780993396520e-02	-9.100635188768534112e-02	1.060427670289407209e-01	-1.586237314543943178e-01	2.193763409041465384e-01	-9.302372553756009521e-02	8.869380773359665515e-02	-1.860678760150401567e-01	1.757833399332214275e-01	-4.833184693399267262e-01	1.275606236106665015e-01	-2.038222210599198170e-01	2.002303729819275568e-01	-6.902479386699327257e-01	9.999999999999991118e-01	-8.933465780476497475e-02	1.115961956573265218e-01	-1.141397658971080864e-01	2.542924475025399866e-01	-2.837886354876513750e-01	1.241771142080299178e-01	-9.427667011451026924e-02	1.097339069434844355e-01	-1.588161681269772973e-01	1.996267852137195709e-01	-1.010944977570232828e-01	8.759575725798708634e-02	-9.361702977542903092e-02	1.213473367887142051e-01	-1.173141778403369584e-01	6.800308696612637760e-02	-1.005777771234735996e-01	9.250688595085360122e-02	-9.754965280137511963e-02	8.089355868613784528e-02	-7.024802879582542348e-02	8.353342283907304322e-02	-1.171831719700265895e-01	8.924144531999586571e-02	-1.273181234679520712e-01
6.406018345564655492e-02	-7.310394436780197347e-02	6.500278169198456246e-02	-4.338436589007311356e-02	5.496919687582543790e-02	-5.326905177076846076e-02	7.045537272885885050e-02	-6.361887505956077826e-02	6.407252377077141126e-02	-8.581244403742528670e-02	8.357351022018735809e-02	-6.967902797859600039e-02	1.131454697692965555e-01	-7.085022471574189962e-02	1.084257353459678608e-01	-7.204512724833513904e-01	1.598657111942147491e-01	-1.385171496441379158e-01	9.670106594238961351e-02	-8.933465780476497475e-02	9.999999999999996669e-01	-1.051135878000676455e-01	9.452490405533871265e-02	-9.391007530818364091e-02	7.506690981309745159e-02	-5.723773279274381176e-01	1.673433843137927812e-01	-1.169685799006544846e-01	9.217482226358716946e-02	-9.816407333481376452e-02	1.587254011096834172e-01	-1.369057691929026488e-01	9.869475148432615974e-02	-9.291256664267226462e-02	9.616316697234335298e-02	-9.584691552963955918e-02	1.277474196436900189e-01	-1.017259623096207072e-01	8.968087562797219525e-02	-7.137870887099433126e-02	9.471870454046302235e-02	-1.039631101729363710e-01	1.268414111977558545e-01	-8.603020697789223736e-02	1.199718547713658351e-01
-5.242110998382042836e-02	6.094977282751615211e-02	-5.998963361075302508e-02	4.149903816820416785e-02	-5.214630379118373460e-02	4.122050000318134427e-02	-5.932657173128483286e-02	5.956673721511114572e-02	-6.571298171232035912e-02	8.807323282494811112e-02	-6.247511265040295997e-02	5.787253395782166604e-02	-1.082985116547183352e-01	7.372933854693587696e-02	-1.173997066884378687e-01	1.239200583285724189e-01	-1.873989288378865303e-01	1.650440934999292675e-01	-1.330066649775898113e-01	1.115961956573265218e-01	-1.051135878000676455e-01	9.999999999999986677e-01	-8.980028633086294398e-01	1.776879360860775803e-01	-1.392759131769578940e-01	1.343360732411555403e-01	-1.850011029216168945e-01	1.373493168141242948e-01	-1.229860666443584605e-01	1.269729696938051156e-01	-1.114916015342462402e-01	1.312239126478990936e-01	-1.120869026191241152e-01	1.039525067742728542e-01	-1.010052158531680178e-01	7.295744868699048646e-02	-1.084812440954221607e-01	9.452052045309586314e-02	-8.779608848626288542e-02	7.095236140295139993e-02	-7.242145870413035924e-02	8.471864216865571118e-02	-1.121362559871702802e-01	7.991916310138649782e-02	-1.091147372224689077e-01
4.919468428656853520e-02	-5.798284062580354864e-02	5.648130148160147163e-02	-3.948145531345184645e-02	4.924646981338305640e-02	-3.881428153019370747e-02	5.557293865292750601e-02	-5.686324873453310613e-02	6.291564820516540313e-02	-8.574010059626659130e-02	5.847405665111490153e-02	-5.476961500075271799e-02	1.017237116498640875e-01	-7.187036009769877387e-02	1.107337769932397187e-01	-1.210944123221714824e-01	1.641947287193955829e-01	-1.907054549574363767e-01	1.315012978713995806e-01	-1.141397658971080864e-01	9.452490405533871265e-02	-8.980028633086294398e-01	9.999999999999994449e-01	-2.268470398620793804e-01	1.377287162518039676e-01	-1.303054193312576103e-01	1.470310916789929478e-01	-1.479839720696523586e-01	1.180668205178087432e-01	-1.320493436826691847e-01	1.016621528382504469e-01	-1.253660976178471442e-01	1.081357958697381771e-01	-1.024572477772742324e-01	9.443317117836826091e-02	-6.816923666819713068e-02	9.999941479592928950e-02	-8.991993542328033384e-02	8.206926549382517755e-02	-6.711751769937909784e-02	6.705281095347923048e-02	-8.012925848688381980e-02	1.040307498112051643e-01	-7.513040901635549551e-02	1.010866079368752946e-01
-7.666081251990128353e-02	8.940918524804238043e-02	-9.340051317588364543e-02	6.701356788675681686e-02	-8.428345355101332648e-02	5.901641424081393444e-02	-8.532489648048881270e-02	9.104253495407332863e-02	-1.150700914484004689e-01	1.521549756042047952e-01	-8.856622651190185214e-02	8.088876775068669367e-02	-1.631543420793760135e-01	1.292913475536592860e-01	-2.241529196180021832e-01	1.291039636899464216e-01	-1.690413648662319746e-01	1.652865219223458859e-01	-3.830404045642880617e-01	2.542924475025399866e-01	-9.391007530818364091e-02	1.776879360860775803e-01	-2.268470398620793804e-01	1.000000000000000222e+00	-6.669279091950041094e-01	1.365726823506357157e-01	-1.208796121448410671e-01	1.446298391173199693e-01	-3.138258092536350685e-01	3.038307293972226097e-01	-1.240298685619363739e-01	1.112316212597961734e-01	-1.295852857416876502e-01	1.826667417491558698e-01	-1.696413493973853159e-01	8.387249698536568265e-02	-1.280198115258856240e-01	1.203512978503475522e-01	-1.338231806412540359e-01	1.109596528005658278e-01	-8.648984592281612482e-02	1.024878039105972388e-01	-1.508031780887737205e-01	1.163157184093169538e-01	-1.634807486395266629e-01
6.107022422606076667e-02	-7.239141477833690996e-02	7.414344123581560753e-02	-5.412253291672881189e-02	6.746095739200330677e-02	-4.702135908734178527e-02	6.752551845225296390e-02	-7.307988113216754011e-02	9.178252176055386180e-02	-1.304062130473749026e-01	7.010739000297482038e-02	-6.428844336589821518e-02	1.269475118631053778e-01	-1.050767538623551683e-01	1.822230523732816521e-01	-1.055073717797790633e-01	1.250434346869128965e-01	-1.285450240002428690e-01	2.336571194118531036e-01	-2.837886354876513750e-01	7.506690981309745159e-02	-1.392759131769578940e-01	1.377287162518039676e-01	-6.669279091950041094e-01	9.999999999999966693e-01	-1.123745220333077638e-01	9.565498907705456688e-02	-1.211842251307293089e-01	2.359383239230304352e-01	-5.699393710120899126e-01	9.849418541530306770e-02	-9.015566404598855665e-02	1.055875663524110247e-01	-1.596258681115849398e-01	1.356094200612635026e-01	-6.741198068204920513e-02	1.021114381035164997e-01	-9.772013318994632325e-02	1.067233865848945112e-01	-9.102747013650389074e-02	6.911893985474466817e-02	-8.313958813609513554e-02	1.198623849438126276e-01	-9.405596246876987698e-02	1.291694581686543553e-01
-9.712916967967237525e-02	1.061761855660295906e-01	-1.009525260324969920e-01	6.646226958104191340e-02	-8.573508082047498480e-02	7.476827961126351896e-02	-1.045444371538283429e-01	9.519782851113692268e-02	-9.688947063101241430e-02	1.269796030964653044e-01	-1.169062809894310384e-01	9.630230484580876160e-02	-1.731133797377956141e-01	1.040749128256513029e-01	-1.690307183740637764e-01	3.074049986788126576e-01	-1.767091018700199800e-01	1.444195531841250824e-01	-1.354734979338654277e-01	1.241771142080299178e-01	-5.723773279274381176e-01	1.343360732411555403e-01	-1.303054193312576103e-01	1.365726823506357157e-01	-1.123745220333077638e-01	9.999999999999988898e-01	-3.853609008232681821e-01	1.952954314597084295e-01	-1.509902492425647114e-01	1.511824859502703122e-01	-3.294556134968236183e-01	2.427628033784925421e-01	-1.737292558703061873e-01	1.540405437045563319e-01	-1.659059601688349372e-01	1.770521100374768675e-01	-2.393219052788446155e-01	1.795509586989587070e-01	-1.570913347517929048e-01	1.229274217073058617e-01	-1.782563541882325742e-01	1.844148727013829037e-01	-2.293834534764365440e-01	1.500743683661415750e-01	-2.108726410710223820e-01
6.152278390747863840e-02	-7.055082613309739126e-02	6.540087418246787188e-02	-4.418664651381553482e-02	5.622128259183319793e-02	-4.758602727099437574e-02	6.625628274007905327e-02	-6.305128373553882393e-02	6.570792012334759902e-02	-8.988883221018625913e-02	7.233468294835686263e-02	-6.211675333549905587e-02	1.107568737315049040e-01	-7.208673750511639111e-02	1.143823821181300104e-01	-1.965301648783921162e-01	1.149053404816136742e-01	-1.069665794698938244e-01	9.959458296012921319e-02	-9.427667011451026924e-02	1.673433843137927812e-01	-1.850011029216168945e-01	1.470310916789929478e-01	-1.208796121448410671e-01	9.565498907705456688e-02	-3.853609008232681821e-01	9.999999999999983347e-01	-3.057146955563245228e-01	1.370754898823310086e-01	-1.344490089161250457e-01	2.399479936849568673e-01	-7.363568451583245578e-01	2.256261390300808301e-01	-1.581201287954072388e-01	1.397508311432455463e-01	-1.646028660188713355e-01	2.249795273479716362e-01	-1.872978810047372933e-01	1.334981929148505442e-01	-1.075742720859377971e-01	1.425264422204049197e-01	-1.782946046490746506e-01	1.829661488119045942e-01	-1.263283368816157382e-01	1.561607574051948055e-01
-7.058091131054149148e-02	7.977357278386940087e-02	-7.689066113471182407e-02	5.185958023093343444e-02	-6.653083705623971666e-02	5.341810848979441917e-02	-7.564402795599715901e-02	7.292944177775521897e-02	-7.723320501243925718e-02	1.048417948464106242e-01	-8.085201354668940243e-02	6.936094654090065037e-02	-1.291937971768206961e-01	8.362096882833415512e-02	-1.391736725099269323e-01	1.478570298482835832e-01	-1.140199183117572568e-01	1.059999473685430127e-01	-1.162486473545695231e-01	1.097339069434844355e-01	-1.169685799006544846e-01	1.373493168141242948e-01	-1.479839720696523586e-01	1.446298391173199693e-01	-1.211842251307293089e-01	1.952954314597084295e-01	-3.057146955563245228e-01	9.999999999999992228e-01	-2.383878183689882857e-01	1.750501642497220844e-01	-2.238912720396697698e-01	2.511805842635706498e-01	-7.138158209413562050e-01	2.585412454896587886e-01	-2.324216036304119770e-01	1.519236488274984531e-01	-2.649054952379505390e-01	2.630382899810800312e-01	-2.100352255155458758e-01	1.615627257592161803e-01	-1.516219819500548016e-01	1.775566628872209118e-01	-2.871474597685172436e-01	1.809435347406148920e-01	-2.282686124219584778e-01
6.802717736617373834e-02	-7.967207967715700390e-02	7.756528213026162022e-02	-5.451835024021624981e-02	6.876442540861484043e-02	-5.180337025202928075e-02	7.354962343094766097e-02	-7.520904925423918530e-02	8.569014525654759795e-02	-1.218304911560132153e-01	7.739713521155067166e-02	-6.860299395390458133e-02	1.300270949786978547e-01	-9.566884667592920333e-02	1.580991096252169215e-01	-1.292640709439314695e-01	1.154599206881332385e-01	-1.138057492341058713e-01	1.588378348867019174e-01	-1.588161681269772973e-01	9.217482226358716946e-02	-1.229860666443584605e-01	1.180668205178087432e-01	-3.138258092536350685e-01	2.359383239230304352e-01	-1.509902492425647114e-01	1.370754898823310086e-01	-2.383878183689882857e-01	9.999999999999978906e-01	-5.119974874920243391e-01	1.392113333688894117e-01	-1.396798091729898883e-01	2.116551962306132961e-01	-6.240593505518560180e-01	2.336647671209768351e-01	-9.961993256868732771e-02	1.543561187915406530e-01	-1.662316838954432940e-01	1.762280943929108445e-01	-1.669154129819745702e-01	9.996767765622899260e-02	-1.256346200518151379e-01	1.797286988153351805e-01	-1.528628784511727734e-01	1.831341987484292055e-01
-8.491537798894015221e-02	9.662513328218513831e-02	-1.000134300977742197e-01	6.943959643589016351e-02	-8.893655410116575732e-02	6.432194064855967230e-02	-9.269515720350496313e-02	9.488293381281900918e-02	-1.102682998959800126e-01	1.492126741207487339e-01	-9.688123458169467517e-02	8.545063123310274456e-02	-1.697816768148248667e-01	1.191580511652012564e-01	-2.251408589579617370e-01	1.352811948304940837e-01	-1.431743460908178056e-01	1.345724966135860567e-01	-2.127755801705188132e-01	1.996267852137195709e-01	-9.816407333481376452e-02	1.269729696938051156e-01	-1.320493436826691847e-01	3.038307293972226097e-01	-5.699393710120899126e-01	1.511824859502703122e-01	-1.344490089161250457e-01	1.750501642497220844e-01	-5.119974874920243391e-01	9.999999999999973355e-01	-1.482562253138456354e-01	1.281725574306391002e-01	-1.652625452722653043e-01	2.506384919497756103e-01	-2.432483246792292442e-01	1.013064524267824201e-01	-1.581131389771623097e-01	1.522615226431177360e-01	-1.805233812541619798e-01	1.506690202324353356e-01	-1.051280795293389053e-01	1.247750274120729280e-01	-1.923805988440843995e-01	1.513942403670180403e-01	-2.133277668159774543e-01
6.924637683304249447e-02	-8.052351604386406847e-02	7.260803990044355227e-02	-4.911292817116877374e-02	6.236284556510855726e-02	-5.333326912779907253e-02	7.378858098290344558e-02	-7.010888288934136181e-02	7.226866902999459774e-02	-1.004198047678454414e-01	8.039667323351022687e-02	-6.888525526636481155e-02	1.210475718239571868e-01	-7.932331603704842471e-02	1.239623335214343480e-01	-2.157001937270007774e-01	1.146345318174599726e-01	-1.087979213960450914e-01	1.039539115001237579e-01	-1.010944977570232828e-01	1.587254011096834172e-01	-1.114916015342462402e-01	1.016621528382504469e-01	-1.240298685619363739e-01	9.849418541530306770e-02	-3.294556134968236183e-01	2.399479936849568673e-01	-2.238912720396697698e-01	1.392113333688894117e-01	-1.482562253138456354e-01	1.000000000000000888e+00	-3.509697852685692010e-01	1.832966186741321057e-01	-1.604675459273143812e-01	1.510510768647363167e-01	-6.089309151785718965e-01	2.836999763928294560e-01	-2.169605863800322387e-01	1.501627492469909675e-01	-1.219765581746749122e-01	2.866147341202917587e-01	-3.644816717877588097e-01	2.116276741081905000e-01	-1.489930933586072481e-01	1.794625503790600041e-01
-5.855496918360230535e-02	6.656984700167892233e-02	-6.246981043068460665e-02	4.205645954385947571e-02	-5.373404877154533410e-02	4.481052624845970056e-02	-6.281015346580635927e-02	5.973553960959111786e-02	-6.231207616882544070e-02	8.481775387438518499e-02	-6.811095365700595150e-02	5.819488964481450005e-02	-1.054081432180098005e-01	6.789196099711525267e-02	-1.093608737649270773e-01	1.554533198140723993e-01	-1.018248712740209005e-01	9.345143257102418721e-02	-9.263236271294363056e-02	8.759575725798708634e-02	-1.369057691929026488e-01	1.312239126478990936e-01	-1.253660976178471442e-01	1.112316212597961734e-01	-9.015566404598855665e-02	2.427628033784925421e-01	-7.363568451583245578e-01	2.511805842635706498e-01	-1.396798091729898883e-01	1.281725574306391002e-01	-3.509697852685692010e-01	9.999999999999955591e-01	-2.973514311188190651e-01	1.601890333642261577e-01	-1.458414091404166557e-01	1.907167086878589768e-01	-3.211630325828123689e-01	2.042860374174913229e-01	-1.419728627474371174e-01	1.110863856829468754e-01	-1.658366613075755724e-01	1.915119479206106312e-01	-2.003627671122752418e-01	1.310349914116479275e-01	-1.606806814596168920e-01
5.720163424477417435e-02	-6.561376729361120819e-02	6.213389605569752394e-02	-4.224942506482908672e-02	5.388713114212748817e-02	-4.347788439560753421e-02	6.123808594254134124e-02	-5.944502150243746036e-02	6.325538561576385388e-02	-8.732282242627907587e-02	6.553002001286961642e-02	-5.653456741865660329e-02	1.040066216493636814e-01	-6.912004970757242017e-02	1.128635418603058799e-01	-1.297402209407866047e-01	9.328423254274786913e-02	-8.844327144004010544e-02	9.710979119845593310e-02	-9.361702977542903092e-02	9.869475148432615974e-02	-1.120869026191241152e-01	1.081357958697381771e-01	-1.295852857416876502e-01	1.055875663524110247e-01	-1.737292558703061873e-01	2.256261390300808301e-01	-7.138158209413562050e-01	2.116551962306132961e-01	-1.652625452722653043e-01	1.832966186741321057e-01	-2.973514311188190651e-01	9.999999999999986677e-01	-3.780148272234167828e-01	1.982573919800183215e-01	-1.348321250639784030e-01	2.300850152001607807e-01	-3.594523897313132710e-01	1.840774289430960609e-01	-1.496681677986129166e-01	1.269198893484733970e-01	-1.611556635681168637e-01	2.348487679688054386e-01	-1.604800318798927372e-01	1.805285699329943483e-01
-6.703379330585991502e-02	7.666811467212243658e-02	-7.481946259016111767e-02	5.121832470189543324e-02	-6.546029996810610874e-02	5.066759836148523877e-02	-7.200277451886774593e-02	7.122509032953340535e-02	-7.792945636427610345e-02	1.073898025863887912e-01	-7.621246157489773576e-02	6.614504970783845195e-02	-1.252589550027748411e-01	8.486087697005777197e-02	-1.446134261235315632e-01	1.267941273153419257e-01	-1.051356236201913125e-01	9.960830803833420344e-02	-1.275082974980187300e-01	1.213473367887142051e-01	-9.291256664267226462e-02	1.039525067742728542e-01	-1.024572477772742324e-01	1.826667417491558698e-01	-1.596258681115849398e-01	1.540405437045563319e-01	-1.581201287954072388e-01	2.585412454896587886e-01	-6.240593505518560180e-01	2.506384919497756103e-01	-1.604675459273143812e-01	1.601890333642261577e-01	-3.780148272234167828e-01	9.999999999999965583e-01	-4.203159953913194746e-01	1.136986501053446758e-01	-1.883209654064529615e-01	2.038046778245757862e-01	-2.573834340988249703e-01	2.195525370686410849e-01	-1.144780254338819692e-01	1.406833360662296806e-01	-2.228578560514286877e-01	1.837955163871867470e-01	-2.230134680042648032e-01
