1.000000000000000000e+00	-8.069311669902502482e-01	2.863356697111170135e-01	-1.001047558779652735e-01	6.144864614395438573e-02	-2.746035932911033983e-01	2.072249373147087292e-01	-3.438006456261752941e-01	9.043350332396080105e-02	-6.395575602481461119e-02	1.458796617548681618e-01	-1.657959704138645129e-01	1.176554736487892966e-01	-8.837990595283484740e-02	9.992756241899748704e-02	-1.106610452833896724e-01	8.658375342455910950e-02	-9.334881933605858328e-02	8.924142356246576868e-02	-6.505832808819360380e-02	1.187211869239720441e-01	-8.996082595382194624e-02	7.769440905055237379e-02	-8.672883628196506600e-02	7.104081854411545272e-02	-6.551779595160760195e-02	5.781753481705793896e-02	-7.742065680203603917e-02	4.879434812915522252e-02	-4.544958569405282978e-02	5.761713765458352510e-02	-8.942798344446802050e-02	6.880253294509129647e-02	-5.038646540977061855e-02	4.237375230745504123e-02	-4.764834850546902090e-02	5.873836760678460139e-02	-5.212376969446752550e-02	4.666502545116587436e-02	-4.867687160764544441e-02	8.324666195803803737e-02	-4.725703799836588476e-02	4.706073548933391998e-02	-3.454548451784540675e-02	3.826073714594042940e-02
-8.069311669902502482e-01	9.999999999999997780e-01	-4.615382604586324988e-01	8.725307978152287147e-02	-5.372070695853262134e-02	1.790724689998514363e-01	-1.921319011639811281e-01	2.594245290335176479e-01	-7.888182429073176127e-02	5.341491826739171861e-02	-1.181888033713914959e-01	1.282718764301394865e-01	-9.446711950917030531e-02	7.163403943232714288e-02	-8.272428407510544479e-02	8.479973498439861979e-02	-6.869080667651200622e-02	7.306716033109585118e-02	-7.127613709752925186e-02	5.130948168424757233e-02	-9.665069404213824655e-02	6.961480999427699379e-02	-6.087376211786707514e-02	6.732956176195864506e-02	-5.648692946740171278e-02	5.047271833484123088e-02	-4.494096568085011872e-02	5.957697197636570990e-02	-3.773748874175546220e-02	3.507522990819113978e-02	-4.431334781478538792e-02	6.785637253738817376e-02	-5.326479530172444771e-02	3.876080028092058344e-02	-3.278075117333507926e-02	3.655136055668402328e-02	-4.526506432499055599e-02	4.008499273681944558e-02	-3.597527990669424636e-02	3.737901742435170704e-02	-6.402506789397799380e-02	3.627523830851100972e-02	-3.627096728836118333e-02	2.657402141426975020e-02	-2.950720264190427600e-02
2.863356697111170135e-01	-4.615382604586324988e-01	1.000000000000000000e+00	-2.049440583162419061e-01	1.076361930380277249e-01	-2.021750700569907577e-01	2.094083423807599209e-01	-7.073517972672719312e-01	1.616948774366619435e-01	-1.090809548402217194e-01	1.460920457646469606e-01	-1.880397134723678365e-01	1.621547209876669782e-01	-1.352510614124496635e-01	1.501744581442067128e-01	-1.181978158672686297e-01	1.034929722222070886e-01	-1.286347945983879748e-01	1.245505064837185011e-01	-9.068812228572918632e-02	1.347594189539468301e-01	-1.084617033516030726e-01	1.036533757138923956e-01	-1.176949546115834133e-01	9.774657088038070374e-02	-8.234412698843324163e-02	7.294741913666326349e-02	-1.023571038284593337e-01	6.476478654062521600e-02	-6.061376637018277974e-02	7.525548892637706766e-02	-1.165637562589009607e-01	9.076710151430478213e-02	-6.676493199679447987e-02	5.637033617925534673e-02	-6.244734949625062315e-02	7.724144964469695229e-02	-6.875421085568655943e-02	6.176484845645888178e-02	-6.453823661865229488e-02	1.094990476980969574e-01	-6.226129977731219983e-02	6.205216727825398071e-02	-4.566903146058368113e-02	5.058902043018973643e-02
-1.001047558779652735e-01	8.725307978152287147e-02	-2.049440583162419061e-01	1.000000000000000222e+00	-4.658776835410544659e-01	7.928010130752648210e-02	-9.060600317246397806e-02	1.778223847769136168e-01	-7.203931907608887020e-01	2.942515192435524174e-01	-7.791871698674417146e-02	1.039818929427401006e-01	-1.401008001716765317e-01	2.398038246235178750e-01	-2.911465281417149331e-01	6.444173165649889901e-02	-6.721607956297821762e-02	1.142987651904601998e-01	-1.434450374657149085e-01	9.874424331374560826e-02	-8.176751309655697075e-02	6.941557186184063588e-02	-8.954946351208170618e-02	1.075981258242107164e-01	-1.019101104781873351e-01	5.652828798014691153e-02	-5.121744529362566578e-02	8.041807145486969122e-02	-5.179835760501586700e-02	4.936523280781056344e-02	-5.410573383481195875e-02	8.227128736800552733e-02	-7.051217475480087149e-02	5.197071594788189863e-02	-4.536103046922902032e-02	4.515729364043057775e-02	-5.749504991101041240e-02	5.201524624352520804e-02	-4.778596415384977342e-02	4.989443148211179790e-02	-7.839547742679420228e-02	4.615514602935004429e-02	-4.660449343120761506e-02	3.469992304198288302e-02	-3.858126507331122168e-02
6.144864614395438573e-02	-5.372070695853262134e-02	1.076361930380277249e-01	-4.658776835410544659e-01	1.000000000000000666e+00	-5.492221204215434055e-02	6.154275200544973706e-02	-1.182695399747957371e-01	2.769199836413793192e-01	-8.048937179104245221e-01	5.514688168256477036e-02	-7.634173665547479282e-02	9.720245166785720925e-02	-1.819187099853183942e-01	2.075779922162543645e-01	-4.702326736267505025e-02	4.927970382506983299e-02	-8.496462439543377154e-02	1.006802680295751651e-01	-7.565668060022914809e-02	5.912631635451363887e-02	-5.204572632189573278e-02	6.675084035265486937e-02	-8.367126447520426002e-02	7.379986653943468311e-02	-4.365870628414434546e-02	3.919648782245538365e-02	-6.242105475398125602e-02	3.958461351825801056e-02	-3.797241965675485220e-02	4.165506142506171516e-02	-6.479539161025010818e-02	5.373171109707574472e-02	-4.016602182465520837e-02	3.461031805114792026e-02	-3.490560167083976706e-02	4.411507248744545723e-02	-4.014513724579464593e-02	3.670681292987946348e-02	-3.867928452458706950e-02	6.013848564466579838e-02	-3.568319804940058709e-02	3.575286058937071632e-02	-2.675120822655345162e-02	2.957837879774445969e-02
-2.746035932911033983e-01	1.790724689998514363e-01	-2.021750700569907577e-01	7.928010130752648210e-02	-5.492221204215434055e-02	1.000000000000000444e+00	-7.035326696535468827e-01	2.210000755674684236e-01	-7.977140749998674896e-02	5.630220851972016216e-02	-4.733529361304776861e-01	2.819306197720198304e-01	-1.505786156509472395e-01	9.159851631939336380e-02	-1.068507666537933526e-01	2.104752726095196202e-01	-1.383156143808531580e-01	1.110282875552789095e-01	-1.039932067716885650e-01	7.269213583060196715e-02	-2.272987295277908437e-01	1.314252232912471174e-01	-9.411284587996622542e-02	9.968900946040448741e-02	-8.139875453205548672e-02	8.671590628906307441e-02	-7.753523346606501498e-02	9.043688292249905947e-02	-5.633222855813248275e-02	5.163071659374735695e-02	-6.725970879343874664e-02	1.021481620765321702e-01	-8.069207096215086361e-02	5.750890704119281799e-02	-4.845870155592878203e-02	5.477436981162844137e-02	-6.789032136125358607e-02	5.983451365116056880e-02	-5.343420270714650117e-02	5.505328122187340412e-02	-9.431041415170392239e-02	5.382601581724937023e-02	-5.403221126169575894e-02	3.931938940472902433e-02	-4.371737557264446933e-02
2.072249373147087292e-01	-1.921319011639811281e-01	2.094083423807599209e-01	-9.060600317246397806e-02	6.154275200544973706e-02	-7.035326696535468827e-01	1.000000000000000666e+00	-3.311799014578644118e-01	9.116202230854009159e-02	-6.405676198369657237e-02	2.793127555056933997e-01	-4.440164823457096732e-01	1.742530535721056317e-01	-1.054652111631310674e-01	1.183532375807735126e-01	-1.968114702967989071e-01	1.509322277486685182e-01	-1.326048913578213306e-01	1.172594098140080643e-01	-8.235105029591634207e-02	1.913733422280353147e-01	-1.520206194684763645e-01	1.055942177966777695e-01	-1.143240027068863768e-01	9.003805695009287069e-02	-9.032164140147116993e-02	7.968843899876768000e-02	-1.013199616782500811e-01	6.235392678475130956e-02	-5.751890855482062054e-02	7.277182859586704688e-02	-1.130193530265892615e-01	8.863316245878082034e-02	-6.391781098333100541e-02	5.360498781085473036e-02	-5.982814605431525934e-02	7.419407927201814024e-02	-6.604557243929271015e-02	5.900567115790104206e-02	-6.124207964317342906e-02	1.025408012696609333e-01	-5.926968268536671886e-02	5.926499388025893711e-02	-4.341713290616103227e-02	4.808755503507172735e-02
-3.438006456261752941e-01	2.594245290335176479e-01	-7.073517972672719312e-01	1.778223847769136168e-01	-1.182695399747957371e-01	2.210000755674684236e-01	-3.311799014578644118e-01	1.000000000000000666e+00	-2.009461144188364745e-01	1.161398856842058153e-01	-1.818028950190733184e-01	2.131166283959435304e-01	-2.280295847346365257e-01	1.565073784081365826e-01	-1.862326912751277319e-01	1.350330632304279632e-01	-1.236724227725467806e-01	1.528247793623649375e-01	-1.535552180945080891e-01	1.057650932830710849e-01	-1.674678169138410222e-01	1.221413383640491679e-01	-1.220326977234796051e-01	1.327093338981675807e-01	-1.186797908874070856e-01	9.065902821589194582e-02	-8.211970923102757114e-02	1.132592600645837000e-01	-7.294114604559405468e-02	6.766217560168839851e-02	-8.336566911045587003e-02	1.235286566390304125e-01	-1.027401573865063533e-01	7.392088743958914743e-02	-6.355164793702110237e-02	6.868928798105077005e-02	-8.621285259644399790e-02	7.616398828167113277e-02	-6.893929802801641860e-02	7.105739351532452952e-02	-1.219081065192258451e-01	6.863268019572581202e-02	-6.933096922666678874e-02	5.065509035794930892e-02	-5.661152416957484362e-02
9.043350332396080105e-02	-7.888182429073176127e-02	1.616948774366619435e-01	-7.203931907608887020e-01	2.769199836413793192e-01	-7.977140749998674896e-02	9.116202230854009159e-02	-2.009461144188364745e-01	9.999999999999998890e-01	-3.860415158900842858e-01	7.875276273317768916e-02	-1.097280084109676507e-01	1.466916221477624627e-01	-3.965670890793110415e-01	2.679347324486694992e-01	-6.609812125262524984e-02	6.953370935545158393e-02	-1.279799319672225988e-01	1.550205017047685263e-01	-1.053251100884504687e-01	8.283819132896350079e-02	-7.287494863608741380e-02	9.490652522175145600e-02	-1.199497341373826631e-01	1.024062286768894908e-01	-5.940043684104574784e-02	5.355430067082280615e-02	-8.589071000188717997e-02	5.404703742535358485e-02	-5.163025858774630827e-02	5.622517320388521062e-02	-8.694586603868084684e-02	7.355639662864869865e-02	-5.454508170941084477e-02	4.708757699089115289e-02	-4.706500404523242254e-02	5.976780916061692067e-02	-5.445645376971366969e-02	4.982555585141015125e-02	-5.233020182026661832e-02	8.095297525034365893e-02	-4.819749393659451819e-02	4.844987170286305100e-02	-3.620510807735986131e-02	4.007803666222857497e-02
-6.395575602481461119e-02	5.341491826739171861e-02	-1.090809548402217194e-01	2.942515192435524174e-01	-8.048937179104245221e-01	5.630220851972016216e-02	-6.405676198369657237e-02	1.161398856842058153e-01	-3.860415158900842858e-01	1.000000000000000444e+00	-5.783111072987876661e-02	7.937391790398268254e-02	-1.071533964309600850e-01	2.008291274047622477e-01	-3.091710642658654362e-01	4.887362751450029241e-02	-5.192050360581548091e-02	9.131609308961292915e-02	-1.127296149767118560e-01	8.367394248694108583e-02	-6.217511526934554889e-02	5.429001759515681563e-02	-7.142670382117261019e-02	8.836866860444247962e-02	-8.305212496050229376e-02	4.522297631868704010e-02	-4.082042086338276421e-02	6.525164379922311630e-02	-4.181804444388106945e-02	4.015468289743077956e-02	-4.334038434745265261e-02	6.671961476249382850e-02	-5.654448998876947241e-02	4.209978858370089227e-02	-3.665658139932670423e-02	3.628190656851908863e-02	-4.612333482371273191e-02	4.194532232901934665e-02	-3.854675109015201495e-02	4.047662157986472303e-02	-6.261150909201149140e-02	3.718176314667454019e-02	-3.741856352776463945e-02	2.798994282805780665e-02	-3.103147237763397709e-02
1.458796617548681618e-01	-1.181888033713914959e-01	1.460920457646469606e-01	-7.791871698674417146e-02	5.514688168256477036e-02	-4.733529361304776861e-01	2.793127555056933997e-01	-1.818028950190733184e-01	7.875276273317768916e-02	-5.783111072987876661e-02	1.000000000000001110e+00	-4.859777970009636627e-01	1.768194714439310089e-01	-1.031170826746919816e-01	1.160431459561403061e-01	-5.519438979899464748e-01	1.817732717000882237e-01	-1.383297234725943958e-01	1.211852617748568756e-01	-8.563483657464013299e-02	2.900461030480884217e-01	-1.866641950704029107e-01	1.152521109464356985e-01	-1.232398317910634172e-01	9.386655718861908193e-02	-1.157660733085511123e-01	9.853641841872443075e-02	-1.136195200038778719e-01	6.879484098253678404e-02	-6.309868150522647545e-02	8.252769370494544843e-02	-1.306904061138133566e-01	9.865584731771263882e-02	-7.078566626550855667e-02	5.879312413668454779e-02	-6.743676696806419346e-02	8.284605104415466992e-02	-7.359696940086235539e-02	6.524227850199620926e-02	-6.766925171336789224e-02	1.133834703798701632e-01	-6.601310743030958106e-02	6.575611059906869005e-02	-4.803996476096154128e-02	5.306515035945520709e-02
-1.657959704138645129e-01	1.282718764301394865e-01	-1.880397134723678365e-01	1.039818929427401006e-01	-7.634173665547479282e-02	2.819306197720198304e-01	-4.440164823457096732e-01	2.131166283959435304e-01	-1.097280084109676507e-01	7.937391790398268254e-02	-4.859777970009636627e-01	9.999999999999990008e-01	-3.758193068609905763e-01	1.501997418607589063e-01	-1.721337164628491401e-01	2.511094310297131149e-01	-3.340807451582394338e-01	2.077772254800864804e-01	-1.844763934806575301e-01	1.189299779663078732e-01	-3.161209993986020539e-01	2.362827781135425076e-01	-1.617770727500812133e-01	1.644529279958862056e-01	-1.337749672065426110e-01	1.263538109946422683e-01	-1.159601756701483799e-01	1.419781212003058124e-01	-8.772019098503035239e-02	7.988782800518889893e-02	-1.002694302394415010e-01	1.499110465796072988e-01	-1.258965330595789578e-01	8.833606741838162524e-02	-7.499271553073293128e-02	8.169783522310541946e-02	-1.029716693392981608e-01	9.126196911108289123e-02	-8.193150094285694962e-02	8.393134344463668017e-02	-1.400910148117409659e-01	8.114707631692630319e-02	-8.217886486324277318e-02	5.979582305671275050e-02	-6.666488644679924302e-02
1.176554736487892966e-01	-9.446711950917030531e-02	1.621547209876669782e-01	-1.401008001716765317e-01	9.720245166785720925e-02	-1.505786156509472395e-01	1.742530535721056317e-01	-2.280295847346365257e-01	1.466916221477624627e-01	-1.071533964309600850e-01	1.768194714439310089e-01	-3.758193068609905763e-01	1.000000000000002442e+00	-2.926113657227246700e-01	2.257145517501998877e-01	-1.447866284137383219e-01	1.663726117740728372e-01	-6.588259107478193766e-01	2.872848956379990826e-01	-1.800361419300205990e-01	1.731221163973397648e-01	-1.712810005457724161e-01	2.178574374673109826e-01	-2.558073150224736692e-01	1.693480912503110003e-01	-1.212201238853646279e-01	1.089994653277031045e-01	-1.863466201796537269e-01	1.055404137993958685e-01	-9.869209757879328360e-02	1.071936431233804499e-01	-1.706599240734074929e-01	1.463413774597076000e-01	-1.070067237687191558e-01	8.918117759775988362e-02	-9.000873592232916387e-02	1.147245620373878588e-01	-1.066919606494131645e-01	9.603099532002451477e-02	-1.011059229470852028e-01	1.501426347429096753e-01	-9.271094070597324377e-02	9.288768026081957452e-02	-6.950097882229799851e-02	7.629302520087410944e-02
-8.837990595283484740e-02	7.163403943232714288e-02	-1.352510614124496635e-01	2.398038246235178750e-01	-1.819187099853183942e-01	9.159851631939336380e-02	-1.054652111631310674e-01	1.565073784081365826e-01	-3.965670890793110415e-01	2.008291274047622477e-01	-1.031170826746919816e-01	1.501997418607589063e-01	-2.926113657227246700e-01	9.999999999999976685e-01	-6.831799114826307973e-01	8.680523180648906656e-02	-9.912931792782306295e-02	2.225253662739255511e-01	-3.753553307563033958e-01	1.784826047395324800e-01	-1.113828777383411156e-01	1.023307099109852375e-01	-1.543322854152700263e-01	1.929903995259307226e-01	-1.721644837987276744e-01	8.274341128920863209e-02	-7.547965533569291063e-02	1.270336619875234996e-01	-7.983866869887787376e-02	7.644836819217522283e-02	-7.848459881065512900e-02	1.207482441506841642e-01	-1.078629848407430120e-01	7.917293498391678175e-02	-6.935379930587654007e-02	6.582921767782191902e-02	-8.492337870986263471e-02	7.807998385094866434e-02	-7.205290970316508004e-02	7.543002344993630925e-02	-1.120410846517063408e-01	6.817941584617043249e-02	-6.906483711392194524e-02	5.178649034196022849e-02	-5.741632504203283277e-02
9.992756241899748704e-02	-8.272428407510544479e-02	1.501744581442067128e-01	-2.911465281417149331e-01	2.075779922162543645e-01	-1.068507666537933526e-01	1.183532375807735126e-01	-1.862326912751277319e-01	2.679347324486694992e-01	-3.091710642658654362e-01	1.160431459561403061e-01	-1.721337164628491401e-01	2.257145517501998877e-01	-6.831799114826307973e-01	1.000000000000003775e+00	-1.027281412455156306e-01	1.117070429742399729e-01	-2.187774636002111639e-01	2.557543341366220746e-01	-2.320023585990752812e-01	1.287350948815809970e-01	-1.209034205525959804e-01	1.633774551246932605e-01	-2.205599428524383787e-01	1.874448169519771779e-01	-1.042816380746706267e-01	9.303858099333867093e-02	-1.549867074934339339e-01	9.635857759101991438e-02	-9.413464866975043699e-02	9.853634973128405639e-02	-1.573294963959845361e-01	1.288251371418016600e-01	-9.820866673492907595e-02	8.416279506552698519e-02	-8.309524543452136147e-02	1.049586363475350087e-01	-9.691517985439668248e-02	8.870574705108329183e-02	-9.463869022080446947e-02	1.406500596279618431e-01	-8.559064304839426873e-02	8.523459342099576341e-02	-6.447682419773836937e-02	7.081201248830515382e-02
-1.106610452833896724e-01	8.479973498439861979e-02	-1.181978158672686297e-01	6.444173165649889901e-02	-4.702326736267505025e-02	2.104752726095196202e-01	-1.968114702967989071e-01	1.350330632304279632e-01	-6.609812125262524984e-02	4.887362751450029241e-02	-5.519438979899464748e-01	2.511094310297131149e-01	-1.447866284137383219e-01	8.680523180648906656e-02	-1.027281412455156306e-01	1.000000000000000222e+00	-2.070836311829276910e-01	1.117715351996410450e-01	-1.064622662374216516e-01	7.492474428702163014e-02	-6.952099426427337248e-01	1.868249426903531851e-01	-1.068978126724816208e-01	1.087576174865396844e-01	-8.521415498850384851e-02	1.373858106925801015e-01	-1.212296814226281466e-01	1.067888521277393366e-01	-6.500515914693577590e-02	5.851733799883242215e-02	-8.316506313897577274e-02	1.256375156557383022e-01	-9.532675469359006004e-02	6.633671816056149750e-02	-5.521498871593349955e-02	6.601389439411824156e-02	-8.061286328956765446e-02	7.012116190205067157e-02	-6.179484545891229114e-02	6.309014619914556088e-02	-1.103975852067486801e-01	6.302277425266168687e-02	-6.317975749001662755e-02	4.544318287892699232e-02	-5.048269720087518453e-02
8.658375342455910950e-02	-6.869080667651200622e-02	1.034929722222070886e-01	-6.721607956297821762e-02	4.927970382506983299e-02	-1.383156143808531580e-01	1.509322277486685182e-01	-1.236724227725467806e-01	6.953370935545158393e-02	-5.192050360581548091e-02	1.817732717000882237e-01	-3.340807451582394338e-01	1.663726117740728372e-01	-9.912931792782306295e-02	1.117070429742399729e-01	-2.070836311829276910e-01	9.999999999999994449e-01	-1.537813749792394658e-01	1.307035735604274440e-01	-8.776595243104147459e-02	2.182303860865625889e-01	-8.447636915250030798e-01	1.627871742704372071e-01	-1.569927740147386841e-01	9.636214470937005949e-02	-1.129626429356826861e-01	1.037060398470777411e-01	-1.320191740571433070e-01	7.370079005621688051e-02	-6.580803002135349189e-02	8.124902712400582094e-02	-1.268649983978332452e-01	1.067493340160550197e-01	-7.432501131310800813e-02	6.111586165781963259e-02	-6.653619890949194482e-02	8.400755089735732761e-02	-7.616929999736782309e-02	6.757493172504176748e-02	-6.948052159331974398e-02	1.105327420059108584e-01	-6.648791003335891014e-02	6.707783516780960187e-02	-4.904397887828729208e-02	5.419064245937350865e-02
-9.334881933605858328e-02	7.306716033109585118e-02	-1.286347945983879748e-01	1.142987651904601998e-01	-8.496462439543377154e-02	1.110282875552789095e-01	-1.326048913578213306e-01	1.528247793623649375e-01	-1.279799319672225988e-01	9.131609308961292915e-02	-1.383297234725943958e-01	2.077772254800864804e-01	-6.588259107478193766e-01	2.225253662739255511e-01	-2.187774636002111639e-01	1.117715351996410450e-01	-1.537813749792394658e-01	1.000000000000001998e+00	-5.187980023572352772e-01	1.825974940346175579e-01	-1.459452412544821331e-01	1.457094442774804488e-01	-3.070596162704180565e-01	2.628830791054805327e-01	-1.883739055730919987e-01	1.023158133695508260e-01	-9.624149016075808638e-02	1.755794866359912665e-01	-1.005259121018643453e-01	9.112537739428451522e-02	-9.375465105907455909e-02	1.420168384330535161e-01	-1.423175502377538038e-01	9.735006602398051101e-02	-8.344098274735690934e-02	7.843587399498778978e-02	-1.037779859771730678e-01	9.650915265646030361e-02	-8.796715841936351976e-02	9.031902056376873988e-02	-1.313812249254397158e-01	8.205216807461206130e-02	-8.437319060251005642e-02	6.244161408311868500e-02	-6.933107051879812410e-02
8.924142356246576868e-02	-7.127613709752925186e-02	1.245505064837185011e-01	-1.434450374657149085e-01	1.006802680295751651e-01	-1.039932067716885650e-01	1.172594098140080643e-01	-1.535552180945080891e-01	1.550205017047685263e-01	-1.127296149767118560e-01	1.211852617748568756e-01	-1.844763934806575301e-01	2.872848956379990826e-01	-3.753553307563033958e-01	2.557543341366220746e-01	-1.064622662374216516e-01	1.307035735604274440e-01	-5.187980023572352772e-01	9.999999999999975575e-01	-3.563572661011886189e-01	1.362058115291095994e-01	-1.401752601063648296e-01	2.570407576797244520e-01	-4.639360827725401148e-01	2.444941004290197006e-01	-1.113787986785762518e-01	1.022742550813600937e-01	-1.935671589757578526e-01	1.121000049736965848e-01	-1.074930778439723983e-01	1.032034001011135488e-01	-1.616067817609513346e-01	1.514282386742659969e-01	-1.103218558382786652e-01	9.530815278170823301e-02	-8.710209722630281315e-02	1.138275366182233961e-01	-1.072349677746568392e-01	9.855882248895109221e-02	-1.036450654491456180e-01	1.445311412888700409e-01	-9.154014281568387257e-02	9.285595520193030972e-02	-7.010270526748937914e-02	7.724218124720265422e-02
-6.505832808819360380e-02	5.130948168424757233e-02	-9.068812228572918632e-02	9.874424331374560826e-02	-7.565668060022914809e-02	7.269213583060196715e-02	-8.235105029591634207e-02	1.057650932830710849e-01	-1.053251100884504687e-01	8.367394248694108583e-02	-8.563483657464013299e-02	1.189299779663078732e-01	-1.800361419300205990e-01	1.784826047395324800e-01	-2.320023585990752812e-01	7.492474428702163014e-02	-8.776595243104147459e-02	1.825974940346175579e-01	-3.563572661011886189e-01	9.999999999999975575e-01	-9.926005215108525681e-02	9.173527803057086871e-02	-1.514515594840014079e-01	1.909197754856093998e-01	-8.304439929108090590e-01	8.204221426836130759e-02	-7.570738097149468104e-02	1.334321361914401760e-01	-1.136026036170551534e-01	1.308438844679997159e-01	-8.216696136489722024e-02	1.235809637089987367e-01	-1.179910765009289236e-01	1.011607511290209954e-01	-1.114101103603880594e-01	6.959111164887757384e-02	-9.327179216187662936e-02	8.778612260381099541e-02	-9.195161337218520081e-02	9.825434581399927758e-02	-1.165622784934284423e-01	7.503021651909340395e-02	-7.744616426351136340e-02	6.221671351963680568e-02	-7.016908545955798104e-02
1.187211869239720441e-01	-9.665069404213824655e-02	1.347594189539468301e-01	-8.176751309655697075e-02	5.912631635451363887e-02	-2.272987295277908437e-01	1.913733422280353147e-01	-1.674678169138410222e-01	8.283819132896350079e-02	-6.217511526934554889e-02	2.900461030480884217e-01	-3.161209993986020539e-01	1.731221163973397648e-01	-1.113828777383411156e-01	1.287350948815809970e-01	-6.952099426427337248e-01	2.182303860865625889e-01	-1.459452412544821331e-01	1.362058115291095994e-01	-9.926005215108525681e-02	1.000000000000000222e+00	-2.840915995203266431e-01	1.437295788388863182e-01	-1.503560257983926618e-01	1.104822921332446473e-01	-2.492740225609658411e-01	1.731684593320229337e-01	-1.543857390398269414e-01	9.088780149877689896e-02	-8.234328159288059612e-02	1.178959936610557285e-01	-1.930572341505359391e-01	1.330053535745154558e-01	-9.418060421066350163e-02	7.690685186678170027e-02	-9.476517168502399113e-02	1.132329137495249605e-01	-9.957762209373341444e-02	8.680829856034513736e-02	-8.968092628697611757e-02	1.530162184075419818e-01	-8.951895016221808610e-02	8.847829607619137060e-02	-6.407112264058620332e-02	7.049364243271634412e-02
-8.996082595382194624e-02	6.961480999427699379e-02	-1.084617033516030726e-01	6.941557186184063588e-02	-5.204572632189573278e-02	1.314252232912471174e-01	-1.520206194684763645e-01	1.221413383640491679e-01	-7.287494863608741380e-02	5.429001759515681563e-02	-1.866641950704029107e-01	2.362827781135425076e-01	-1.712810005457724161e-01	1.023307099109852375e-01	-1.209034205525959804e-01	1.868249426903531851e-01	-8.447636915250030798e-01	1.457094442774804488e-01	-1.401752601063648296e-01	9.173527803057086871e-02	-2.840915995203266431e-01	9.999999999999996669e-01	-2.089542992389878950e-01	1.605132428193059568e-01	-1.049347635832786202e-01	1.221074978388313470e-01	-1.214437095020268337e-01	1.402818508820746490e-01	-8.014937558829626774e-02	6.999817633636878922e-02	-8.821446623315418178e-02	1.317236679871716110e-01	-1.184296608892712738e-01	7.927462784542718688e-02	-6.593399066531224761e-02	7.145483077579117825e-02	-9.139881428456980705e-02	8.188576712851720896e-02	-7.288208968771794916e-02	7.370567656079014818e-02	-1.200337010607198107e-01	7.125415595992047602e-02	-7.284319349675558164e-02	5.261825810292290739e-02	-5.861916915199909262e-02
7.769440905055237379e-02	-6.087376211786707514e-02	1.036533757138923956e-01	-8.954946351208170618e-02	6.675084035265486937e-02	-9.411284587996622542e-02	1.055942177966777695e-01	-1.220326977234796051e-01	9.490652522175145600e-02	-7.142670382117261019e-02	1.152521109464356985e-01	-1.617770727500812133e-01	2.178574374673109826e-01	-1.543322854152700263e-01	1.633774551246932605e-01	-1.068978126724816208e-01	1.627871742704372071e-01	-3.070596162704180565e-01	2.570407576797244520e-01	-1.514515594840014079e-01	1.437295788388863182e-01	-2.089542992389878950e-01	9.999999999999965583e-01	-6.612358276216958597e-01	1.598307793639083818e-01	-1.413007217580659891e-01	1.372591973654243569e-01	-4.755229521360659350e-01	1.512533164740197389e-01	-1.241101773922120288e-01	1.193876988016334961e-01	-1.870602555718723081e-01	2.232207472672060877e-01	-1.440214848196729736e-01	1.102842390413086016e-01	-1.012838323400210155e-01	1.387953315249156605e-01	-1.404016553402305245e-01	1.214402023926471202e-01	-1.233169071251542653e-01	1.600917864810970370e-01	-1.099124080451448632e-01	1.136412554808134134e-01	-8.406745949266944407e-02	9.162459930885659409e-02
-8.672883628196506600e-02	6.732956176195864506e-02	-1.176949546115834133e-01	1.075981258242107164e-01	-8.367126447520426002e-02	9.968900946040448741e-02	-1.143240027068863768e-01	1.327093338981675807e-01	-1.199497341373826631e-01	8.836866860444247962e-02	-1.232398317910634172e-01	1.644529279958862056e-01	-2.558073150224736692e-01	1.929903995259307226e-01	-2.205599428524383787e-01	1.087576174865396844e-01	-1.569927740147386841e-01	2.628830791054805327e-01	-4.639360827725401148e-01	1.909197754856093998e-01	-1.503560257983926618e-01	1.605132428193059568e-01	-6.612358276216958597e-01	9.999999999999990008e-01	-2.226018629458803300e-01	1.256442428726140814e-01	-1.254614368392918122e-01	2.580284870258908181e-01	-1.455338087669706681e-01	1.206306514193528356e-01	-1.229846730018335915e-01	1.760134397079239632e-01	-2.214717280960478152e-01	1.340624331269794356e-01	-1.134628875477058235e-01	1.028577245973912452e-01	-1.437023838978128132e-01	1.343622279577468825e-01	-1.218346953388821929e-01	1.202072264071717272e-01	-1.717165611685063098e-01	1.102769306370091490e-01	-1.173727985121641448e-01	8.465790881350973573e-02	-9.491811675958601591e-02
7.104081854411545272e-02	-5.648692946740171278e-02	9.774657088038070374e-02	-1.019101104781873351e-01	7.379986653943468311e-02	-8.139875453205548672e-02	9.003805695009287069e-02	-1.186797908874070856e-01	1.024062286768894908e-01	-8.305212496050229376e-02	9.386655718861908193e-02	-1.337749672065426110e-01	1.693480912503110003e-01	-1.721644837987276744e-01	1.874448169519771779e-01	-8.521415498850384851e-02	9.636214470937005949e-02	-1.883739055730919987e-01	2.444941004290197006e-01	-8.304439929108090590e-01	1.104822921332446473e-01	-1.049347635832786202e-01	1.598307793639083818e-01	-2.226018629458803300e-01	9.999999999999987788e-01	-9.949745739512980136e-02	8.992492409589813995e-02	-1.607048040906649544e-01	1.342241526857571865e-01	-1.866696030087577618e-01	9.780641562303639402e-02	-1.538030456881661623e-01	1.363627800133153378e-01	-1.252207860354617175e-01	1.311800365325948292e-01	-8.353458316042099152e-02	1.099481212861950774e-01	-1.053945624309898937e-01	1.095701246606652357e-01	-1.234349979384059270e-01	1.376854043138561468e-01	-9.027841156940585865e-02	9.139277509751067563e-02	-7.497175671934025454e-02	8.285942738564913701e-02
-6.551779595160760195e-02	5.047271833484123088e-02	-8.234412698843324163e-02	5.652828798014691153e-02	-4.365870628414434546e-02	8.671590628906307441e-02	-9.032164140147116993e-02	9.065902821589194582e-02	-5.940043684104574784e-02	4.522297631868704010e-02	-1.157660733085511123e-01	1.263538109946422683e-01	-1.212201238853646279e-01	8.274341128920863209e-02	-1.042816380746706267e-01	1.373858106925801015e-01	-1.129626429356826861e-01	1.023158133695508260e-01	-1.113787986785762518e-01	8.204221426836130759e-02	-2.492740225609658411e-01	1.221074978388313470e-01	-1.413007217580659891e-01	1.256442428726140814e-01	-9.949745739512980136e-02	9.999999999999995559e-01	-8.387371957386257071e-01	1.947462362753660803e-01	-1.102471232662582679e-01	9.002427836477014389e-02	-2.065650220122971503e-01	2.536759133723859305e-01	-1.811606965653000390e-01	1.088073638357975326e-01	-8.787394946465336421e-02	1.367977591591431341e-01	-1.549215159778930540e-01	1.242070670907157448e-01	-1.040531531716361729e-01	1.001464629357125824e-01	-2.024890898829325991e-01	1.110173380234062285e-01	-1.122666278035888698e-01	7.554427571040875367e-02	-8.441045588541890021e-02
5.781753481705793896e-02	-4.494096568085011872e-02	7.294741913666326349e-02	-5.121744529362566578e-02	3.919648782245538365e-02	-7.753523346606501498e-02	7.968843899876768000e-02	-8.211970923102757114e-02	5.355430067082280615e-02	-4.082042086338276421e-02	9.853641841872443075e-02	-1.159601756701483799e-01	1.089994653277031045e-01	-7.547965533569291063e-02	9.303858099333867093e-02	-1.212296814226281466e-01	1.037060398470777411e-01	-9.624149016075808638e-02	1.022742550813600937e-01	-7.570738097149468104e-02	1.731684593320229337e-01	-1.214437095020268337e-01	1.372591973654243569e-01	-1.254614368392918122e-01	8.992492409589813995e-02	-8.387371957386257071e-01	9.999999999999991118e-01	-2.477266648600502108e-01	1.073634825084646832e-01	-8.787857585890615497e-02	1.702186023467104903e-01	-3.511055658409645286e-01	1.760877484513341806e-01	-1.073181830218096489e-01	8.320141520531661172e-02	-1.243234015050458663e-01	1.420232982955854650e-01	-1.200344714284071190e-01	9.847686412129422195e-02	-9.633950578600909698e-02	1.734592774943076732e-01	-1.036637102956887158e-01	1.034130833965736518e-01	-7.091563377956262848e-02	7.799546070578317059e-02
-7.742065680203603917e-02	5.957697197636570990e-02	-1.023571038284593337e-01	8.041807145486969122e-02	-6.242105475398125602e-02	9.043688292249905947e-02	-1.013199616782500811e-01	1.132592600645837000e-01	-8.589071000188717997e-02	6.525164379922311630e-02	-1.136195200038778719e-01	1.419781212003058124e-01	-1.863466201796537269e-01	1.270336619875234996e-01	-1.549867074934339339e-01	1.067888521277393366e-01	-1.320191740571433070e-01	1.755794866359912665e-01	-1.935671589757578526e-01	1.334321361914401760e-01	-1.543857390398269414e-01	1.402818508820746490e-01	-4.755229521360659350e-01	2.580284870258908181e-01	-1.607048040906649544e-01	1.947462362753660803e-01	-2.477266648600502108e-01	9.999999999999980016e-01	-3.125665167243703024e-01	1.837237232412418375e-01	-1.707322068397875425e-01	2.457120023068852799e-01	-5.536213518814140366e-01	2.303592419652938372e-01	-1.705565767013848266e-01	1.437058285015231085e-01	-2.195693596218270816e-01	2.262650594344378097e-01	-1.940278946929857029e-01	1.800161466194459547e-01	-2.223355195508030790e-01	1.620490750950783765e-01	-1.801990732750491375e-01	1.256517374207566928e-01	-1.385848533256914816e-01
4.879434812915522252e-02	-3.773748874175546220e-02	6.476478654062521600e-02	-5.179835760501586700e-02	3.958461351825801056e-02	-5.633222855813248275e-02	6.235392678475130956e-02	-7.294114604559405468e-02	5.404703742535358485e-02	-4.181804444388106945e-02	6.879484098253678404e-02	-8.772019098503035239e-02	1.055404137993958685e-01	-7.983866869887787376e-02	9.635857759101991438e-02	-6.500515914693577590e-02	7.370079005621688051e-02	-1.005259121018643453e-01	1.121000049736965848e-01	-1.136026036170551534e-01	9.088780149877689896e-02	-8.014937558829626774e-02	1.512533164740197389e-01	-1.455338087669706681e-01	1.342241526857571865e-01	-1.102471232662582679e-01	1.073634825084646832e-01	-3.125665167243703024e-01	9.999999999999988898e-01	-5.483739102927115416e-01	1.159853450625761700e-01	-1.714919219574143061e-01	2.307914697844760110e-01	-6.085979500160568767e-01	2.833875538219564061e-01	-1.029287365618652972e-01	1.567950556585630262e-01	-1.774070120514752991e-01	2.519509312736553097e-01	-2.826759518483222267e-01	1.537873004024604418e-01	-1.299743836016622744e-01	1.393080921709004549e-01	-1.411244912189119349e-01	1.475086306474776565e-01
-4.544958569405282978e-02	3.507522990819113978e-02	-6.061376637018277974e-02	4.936523280781056344e-02	-3.797241965675485220e-02	5.163071659374735695e-02	-5.751890855482062054e-02	6.766217560168839851e-02	-5.163025858774630827e-02	4.015468289743077956e-02	-6.309868150522647545e-02	7.988782800518889893e-02	-9.869209757879328360e-02	7.644836819217522283e-02	-9.413464866975043699e-02	5.851733799883242215e-02	-6.580803002135349189e-02	9.112537739428451522e-02	-1.074930778439723983e-01	1.308438844679997159e-01	-8.234328159288059612e-02	6.999817633636878922e-02	-1.241101773922120288e-01	1.206306514193528356e-01	-1.866696030087577618e-01	9.002427836477014389e-02	-8.787857585890615497e-02	1.837237232412418375e-01	-5.483739102927115416e-01	9.999999999999968914e-01	-1.063649269731966607e-01	1.456910223122996895e-01	-1.875617083821601860e-01	2.778990516311675152e-01	-6.595596179824316785e-01	9.347095302520522231e-02	-1.464058753638523003e-01	1.514923776168058678e-01	-2.419871439754973930e-01	2.691432643331725938e-01	-1.452373892011754875e-01	1.169889433672155754e-01	-1.304683350002439624e-01	1.298761860241013089e-01	-1.539201168018098642e-01
5.761713765458352510e-02	-4.431334781478538792e-02	7.525548892637706766e-02	-5.410573383481195875e-02	4.165506142506171516e-02	-6.725970879343874664e-02	7.277182859586704688e-02	-8.336566911045587003e-02	5.622517320388521062e-02	-4.334038434745265261e-02	8.252769370494544843e-02	-1.002694302394415010e-01	1.071936431233804499e-01	-7.848459881065512900e-02	9.853634973128405639e-02	-8.316506313897577274e-02	8.124902712400582094e-02	-9.375465105907455909e-02	1.032034001011135488e-01	-8.216696136489722024e-02	1.178959936610557285e-01	-8.821446623315418178e-02	1.193876988016334961e-01	-1.229846730018335915e-01	9.780641562303639402e-02	-2.065650220122971503e-01	1.702186023467104903e-01	-1.707322068397875425e-01	1.159853450625761700e-01	-1.063649269731966607e-01	9.999999999999988898e-01	-4.659395773724490097e-01	1.879397347855591982e-01	-1.333064191480647087e-01	1.024228452283325042e-01	-7.159095231889228694e-01	2.622445215455345147e-01	-1.930803929816899411e-01	1.331105843997730798e-01	-1.338375171961955490e-01	2.945928150356273423e-01	-1.945676724743791164e-01	1.592014049231048056e-01	-1.034894782550043468e-01	1.078059664694169251e-01
-8.942798344446802050e-02	6.785637253738817376e-02	-1.165637562589009607e-01	8.227128736800552733e-02	-6.479539161025010818e-02	1.021481620765321702e-01	-1.130193530265892615e-01	1.235286566390304125e-01	-8.694586603868084684e-02	6.671961476249382850e-02	-1.306904061138133566e-01	1.499110465796072988e-01	-1.706599240734074929e-01	1.207482441506841642e-01	-1.573294963959845361e-01	1.256375156557383022e-01	-1.268649983978332452e-01	1.420168384330535161e-01	-1.616067817609513346e-01	1.235809637089987367e-01	-1.930572341505359391e-01	1.317236679871716110e-01	-1.870602555718723081e-01	1.760134397079239632e-01	-1.538030456881661623e-01	2.536759133723859305e-01	-3.511055658409645286e-01	2.457120023068852799e-01	-1.714919219574143061e-01	1.456910223122996895e-01	-4.659395773724490097e-01	9.999999999999991118e-01	-3.480305926248006831e-01	1.824509750897238269e-01	-1.474416472358473784e-01	2.773623971038401415e-01	-3.503012545835824110e-01	2.375609725823313867e-01	-1.868885141777089642e-01	1.731559794234263649e-01	-4.215311475013945319e-01	2.184115713137599890e-01	-2.194344052944361412e-01	1.381260750442386276e-01	-1.551683716686895198e-01
6.880253294509129647e-02	-5.326479530172444771e-02	9.076710151430478213e-02	-7.051217475480087149e-02	5.373171109707574472e-02	-8.069207096215086361e-02	8.863316245878082034e-02	-1.027401573865063533e-01	7.355639662864869865e-02	-5.654448998876947241e-02	9.865584731771263882e-02	-1.258965330595789578e-01	1.463413774597076000e-01	-1.078629848407430120e-01	1.288251371418016600e-01	-9.532675469359006004e-02	1.067493340160550197e-01	-1.423175502377538038e-01	1.514282386742659969e-01	-1.179910765009289236e-01	1.330053535745154558e-01	-1.184296608892712738e-01	2.232207472672060877e-01	-2.214717280960478152e-01	1.363627800133153378e-01	-1.811606965653000390e-01	1.760877484513341806e-01	-5.536213518814140366e-01	2.307914697844760110e-01	-1.875617083821601860e-01	1.879397347855591982e-01	-3.480305926248006831e-01	9.999999999999975575e-01	-3.191799643218460880e-01	1.743885679052933069e-01	-1.731265726445500863e-01	2.604982228298948210e-01	-4.695528074468042212e-01	2.372358761371914093e-01	-2.208867771983859807e-01	2.289265811416844043e-01	-2.163255911612798343e-01	2.201783900601591015e-01	-1.558287187785351025e-01	1.570051634625972414e-01
-5.038646540977061855e-02	3.876080028092058344e-02	-6.676493199679447987e-02	5.197071594788189863e-02	-4.016602182465520837e-02	5.750890704119281799e-02	-6.391781098333100541e-02	7.392088743958914743e-02	-5.454508170941084477e-02	4.209978858370089227e-02	-7.078566626550855667e-02	8.833606741838162524e-02	-1.070067237687191558e-01	7.917293498391678175e-02	-9.820866673492907595e-02	6.633671816056149750e-02	-7.432501131310800813e-02	9.735006602398051101e-02	-1.103218558382786652e-01	1.011607511290209954e-01	-9.418060421066350163e-02	7.927462784542718688e-02	-1.440214848196729736e-01	1.340624331269794356e-01	-1.252207860354617175e-01	1.088073638357975326e-01	-1.073181830218096489e-01	2.303592419652938372e-01	-6.085979500160568767e-01	2.778990516311675152e-01	-1.333064191480647087e-01	1.824509750897238269e-01	-3.191799643218460880e-01	9.999999999999973355e-01	-3.309849945335143762e-01	1.188789700817915046e-01	-1.971241972249307695e-01	2.235161987883055312e-01	-4.926823431342495230e-01	2.816193664543334418e-01	-1.771540338195312647e-01	1.540775061463070250e-01	-1.769364004465728279e-01	1.753488250427782669e-01	-1.951126515932517513e-01
