1.000000000000000000e+00	-2.087335006677612237e-01	1.341882343097672015e-01	-6.309127245793846872e-02	6.706114391507246586e-02	-9.195164328673682830e-01	1.834930028325303386e-01	-1.030419870900661505e-01	6.644465490428864973e-02	-8.044806513505743661e-02	1.786867583770823387e-01	-8.765969640632521875e-02	8.309579329586655461e-02	-6.025380748969241113e-02	5.003956327000049636e-02	-8.544448180674908688e-02	8.053683367788463943e-02	-8.513169003527938650e-02	5.945524352218321817e-02	-8.219588268077875071e-02	7.912605798654627487e-02	-7.563477090482284559e-02	6.355577412025702200e-02	-5.871750023548426289e-02	4.946439272814988353e-02	-6.944901034952630225e-02	5.296746315395539639e-02	-5.403902276764250417e-02	5.684923485864552123e-02	-4.918865794975786632e-02	5.700932776940233898e-02	-4.901373280793699244e-02	4.822442680511917351e-02	-4.043474614107206433e-02	4.577197572323220276e-02	-3.873919993943741175e-02	3.455281429492258749e-02	-4.162692549680313547e-02	4.258183365909729012e-02	-2.290233941800959641e-02	1.434311327128359737e-02	-1.342516179405088550e-02	1.704474270297508254e-02	-1.718202279900872542e-02	2.747494330215391467e-02
-2.087335006677612237e-01	9.999999999999998890e-01	-3.493912269836209061e-01	1.001867559855004891e-01	-9.844519689356201475e-02	1.724116269552855019e-01	-8.614903751164372236e-01	1.550934578324253132e-01	-1.010432229145644401e-01	1.033838444198776907e-01	-1.328331921851384767e-01	1.241589686618158189e-01	-1.232385698749707548e-01	7.893388383296344457e-02	-6.346516772065924350e-02	6.806198569338529902e-02	-8.905971782366599310e-02	8.679185383190564373e-02	-7.742689140756600641e-02	1.014091894237787589e-01	-7.230169907554946651e-02	7.269727044377415071e-02	-6.466696647639620654e-02	6.354340987540388341e-02	-5.468394952873583542e-02	6.510473833336485883e-02	-5.232037868828986332e-02	5.389244739601229545e-02	-5.846864409160937998e-02	5.140401324036858455e-02	-5.671337579299293857e-02	4.814408986267326718e-02	-4.919652107663839702e-02	4.144920312455382949e-02	-4.814519518629211542e-02	3.808684810789499803e-02	-3.435639764953087039e-02	4.182122341437944507e-02	-4.393401420073706626e-02	2.364391770563829473e-02	-1.438124559148944853e-02	1.341699679546004553e-02	-1.732852827742156071e-02	1.740098832383596417e-02	-2.855134969847357429e-02
1.341882343097672015e-01	-3.493912269836209061e-01	9.999999999999996669e-01	-3.217817372657375552e-01	2.527905332330629973e-01	-1.282312598165913642e-01	2.474846527244366212e-01	-4.054110024382189259e-01	2.464021490510689139e-01	-2.979488929381240436e-01	2.448212095093069418e-01	-1.873627893914728559e-01	1.959721311111104758e-01	-1.956726654410205490e-01	1.745211650189431862e-01	-1.314697533604787805e-01	1.686666828787699024e-01	-1.833108743894314718e-01	1.844226658928739548e-01	-2.853103780626695118e-01	1.477646345382227500e-01	-1.551547861153109720e-01	1.423340347039029619e-01	-1.566958202771558673e-01	1.351057558714211515e-01	-1.500270058476217139e-01	1.192879124789545525e-01	-1.235083730529440288e-01	1.356158273508553946e-01	-1.242647272322548180e-01	1.325989066185251364e-01	-1.115741700501469980e-01	1.158887410368275583e-01	-9.858490109875263363e-02	1.150891396543030354e-01	-8.939127096421518870e-02	8.045634401892971799e-02	-9.893778493795560292e-02	1.043350552752757010e-01	-5.646871521539258837e-02	3.395002165388741333e-02	-3.166809109647064635e-02	4.113206259266743992e-02	-4.132612489823032920e-02	6.814472483341221798e-02
-6.309127245793846872e-02	1.001867559855004891e-01	-3.217817372657375552e-01	9.999999999999995559e-01	-6.845127142161533396e-01	5.717188228678851680e-02	-1.094573130974131198e-01	2.801939214686243185e-01	-5.240305049870866982e-01	2.214807682575724579e-01	-1.392994002958862221e-01	1.076007452276189214e-01	-1.298249259256661903e-01	1.759675330465713117e-01	-1.384601299716813616e-01	7.408464600218293838e-02	-9.962665772125746388e-02	1.046039773879759716e-01	-1.699631126780089541e-01	1.765918045472413545e-01	-8.452864983933314202e-02	8.707183354795305918e-02	-8.301067655052771221e-02	9.453210141584617032e-02	-8.489370061354967190e-02	7.938439116181596200e-02	-6.649191076099811304e-02	6.959366361218288777e-02	-7.866319996960688399e-02	7.195501542605453604e-02	-7.286073396613852726e-02	6.121044356542990061e-02	-6.576991813299809531e-02	5.603050697292479704e-02	-6.792470783567754189e-02	4.847661222811781856e-02	-4.429507976452785878e-02	5.486519279806745253e-02	-5.977490741035450250e-02	3.218450620813272101e-02	-1.873186226090170492e-02	1.741454461553801347e-02	-2.305863968856757679e-02	2.304648843546011627e-02	-3.916392733060222731e-02
6.706114391507246586e-02	-9.844519689356201475e-02	2.527905332330629973e-01	-6.845127142161533396e-01	9.999999999999994449e-01	-6.111148376083062883e-02	1.071695040476771943e-01	-3.240191316127480348e-01	2.840389819494537615e-01	-4.215373594347191499e-01	1.567972903085854963e-01	-1.209059916583475752e-01	1.391773173861018953e-01	-1.907205658304569340e-01	2.007408597527607641e-01	-8.526884195654890752e-02	1.136836933884621675e-01	-1.232815208347061986e-01	1.718528801430019848e-01	-2.733788212202517554e-01	9.725038029650831528e-02	-1.034008474593275245e-01	9.870486872021536073e-02	-1.212296223150568231e-01	1.084143957458123531e-01	-9.530627670243653482e-02	7.940582140811518197e-02	-8.395872180575414401e-02	9.450950338629690584e-02	-8.983408833889099110e-02	8.654350481088807223e-02	-7.349363539346213947e-02	7.889029066707782534e-02	-6.805006905308121079e-02	8.270528386192249615e-02	-5.827074261178245840e-02	5.307279321816559675e-02	-6.618753961996165502e-02	7.186570283549142957e-02	-3.882241620193806891e-02	2.244789661564153271e-02	-2.089754127869136724e-02	2.771514005908001094e-02	-2.775381288401815305e-02	4.702701449270479950e-02
-9.195164328673682830e-01	1.724116269552855019e-01	-1.282312598165913642e-01	5.717188228678851680e-02	-6.111148376083062883e-02	9.999999999999992228e-01	-2.163383933406578252e-01	9.290180328055915038e-02	-6.083622472518793178e-02	7.121673021587469898e-02	-2.213291231686436433e-01	8.424308384760260948e-02	-8.069236494153993189e-02	5.466026630443816814e-02	-4.459846844111171188e-02	8.444948396955406777e-02	-7.729118459794206975e-02	7.843791160549019870e-02	-5.426916415428788970e-02	7.280264418945704696e-02	-7.930456502298273425e-02	7.026245115094739702e-02	-5.897138758437722728e-02	5.294370093845179176e-02	-4.473930919865499317e-02	6.252005972404627021e-02	-4.833810715399389918e-02	4.920141739157116861e-02	-5.188519716784844443e-02	4.436400540218669863e-02	-5.164045617154568862e-02	4.435380634384544773e-02	-4.367583840111015359e-02	3.651831406033540645e-02	-4.145751039200502169e-02	3.489163511714808708e-02	-3.122453308061675509e-02	3.752198992236301794e-02	-3.851506051201825792e-02	2.067043445772942176e-02	-1.293861395081305488e-02	1.210300911137679458e-02	-1.537765358603000732e-02	1.548684080160280668e-02	-2.483122400265272423e-02
1.834930028325303386e-01	-8.614903751164372236e-01	2.474846527244366212e-01	-1.094573130974131198e-01	1.071695040476771943e-01	-2.163383933406578252e-01	9.999999999999995559e-01	-1.935184429658638183e-01	1.131295015332153125e-01	-1.217544787244389665e-01	1.475754289846598066e-01	-1.628713591818767015e-01	1.385806361715087864e-01	-9.171504495532058210e-02	7.415084461932805460e-02	-7.835351202688983774e-02	1.026267167866321967e-01	-1.024153878079710339e-01	8.863274308991657413e-02	-1.200770597991282079e-01	8.244718424194032169e-02	-8.501608715599620614e-02	7.523984369909614278e-02	-7.452361468378405907e-02	6.387059826518179384e-02	-7.628165882141509091e-02	6.099135581800593092e-02	-6.296199236229513274e-02	6.802128225919740201e-02	-6.012496481111865437e-02	6.608107361544919567e-02	-5.626873213554915015e-02	5.731494039508960164e-02	-4.837742846395494400e-02	5.607326878963476979e-02	-4.454345144211222657e-02	4.010678258883129677e-02	-4.885574343491464605e-02	5.116990749101343189e-02	-2.756198643949317115e-02	1.678622339786676326e-02	-1.566887762619759844e-02	2.021398580938776890e-02	-2.031288947668732220e-02	3.323938144104687797e-02
-1.030419870900661505e-01	1.550934578324253132e-01	-4.054110024382189259e-01	2.801939214686243185e-01	-3.240191316127480348e-01	9.290180328055915038e-02	-1.935184429658638183e-01	9.999999999999994449e-01	-6.227045277414857694e-01	2.100947263656260944e-01	-2.317496746268118968e-01	2.001688290986231855e-01	-3.029261003996109869e-01	2.294740986944023564e-01	-1.417847336545679515e-01	1.203454152300436619e-01	-1.681693970250560666e-01	1.629213694473038987e-01	-2.415031397254719936e-01	1.974897861035201652e-01	-1.362380397817033184e-01	1.347654998712159713e-01	-1.263418045164627079e-01	1.283187958056961064e-01	-1.142181272616368398e-01	1.182805301430632505e-01	-9.994683250415180298e-02	1.033372458962815432e-01	-1.164592875453498572e-01	1.013763608304451141e-01	-1.092694582153179161e-01	9.103538216524324767e-02	-9.703323640032027186e-02	8.143038125024749940e-02	-9.771220717838242920e-02	7.174060283761377055e-02	-6.576711664378243061e-02	8.053848969737495422e-02	-8.762506167901436271e-02	4.696407646381504930e-02	-2.771201164798800520e-02	2.573547806522331893e-02	-3.388934590247365264e-02	3.381790188252331575e-02	-5.735108345848916045e-02
6.644465490428864973e-02	-1.010432229145644401e-01	2.464021490510689139e-01	-5.240305049870866982e-01	2.840389819494537615e-01	-6.083622472518793178e-02	1.131295015332153125e-01	-6.227045277414857694e-01	1.000000000000000000e+00	-2.281684459030927647e-01	1.536310223955388576e-01	-1.399357239512124540e-01	1.689122572265020494e-01	-3.424087511824248087e-01	1.392236475884036095e-01	-8.471799416386865955e-02	1.179380188078806985e-01	-1.264738666163357783e-01	2.284570753342276828e-01	-2.001935067026324733e-01	9.542412186392908169e-02	-1.012199560661072029e-01	9.624156443208049805e-02	-1.116961683619040330e-01	9.732693324335653373e-02	-8.943107240482581211e-02	7.523108250385548978e-02	-7.946292018575998317e-02	8.889850855390019069e-02	-8.186527197571906445e-02	8.104627793114226042e-02	-6.899123079127285341e-02	7.351659250265486778e-02	-6.294918540694774411e-02	7.631889418857917828e-02	-5.433509536735485479e-02	4.958198503930474205e-02	-6.145298154654416783e-02	6.666453829577047296e-02	-3.589478023773811505e-02	2.089361797434649559e-02	-1.944612816641145409e-02	2.571507054682258681e-02	-2.573329308475398591e-02	4.353682156446464502e-02
-8.044806513505743661e-02	1.033838444198776907e-01	-2.979488929381240436e-01	2.214807682575724579e-01	-4.215373594347191499e-01	7.121673021587469898e-02	-1.217544787244389665e-01	2.100947263656260944e-01	-2.281684459030927647e-01	9.999999999999993339e-01	-1.983012055130352058e-01	1.224338786533186035e-01	-1.474215194612139845e-01	1.729262771283892330e-01	-6.462353018468274257e-01	1.011986972623922093e-01	-1.309775839406237541e-01	1.341104078407144018e-01	-2.007756597125218423e-01	3.157023868018957735e-01	-1.189095302705138746e-01	1.182332914672309665e-01	-1.170030369114397478e-01	1.373360007346442757e-01	-1.402013565847830268e-01	1.101006136576128946e-01	-9.513256692455876462e-02	9.934265268923184178e-02	-1.173307969988312965e-01	1.081707985261697730e-01	-1.061797828397433446e-01	8.746594774599934785e-02	-9.846938119490981911e-02	8.376924784774984756e-02	-1.056547324142152328e-01	6.937476969548904415e-02	-6.427107413150989768e-02	8.043134051201170087e-02	-9.088418971147806114e-02	4.880358968336036968e-02	-2.745825387842300291e-02	2.541552562299733559e-02	-3.437947130275134655e-02	3.415552155405602447e-02	-6.006591285045334572e-02
1.786867583770823387e-01	-1.328331921851384767e-01	2.448212095093069418e-01	-1.392994002958862221e-01	1.567972903085854963e-01	-2.213291231686436433e-01	1.475754289846598066e-01	-2.317496746268118968e-01	1.536310223955388576e-01	-1.983012055130352058e-01	1.000000000000000888e+00	-2.768345222025873631e-01	2.222837338826782194e-01	-1.557779798013451678e-01	1.263342183107752092e-01	-4.548462730315253610e-01	2.598836284446665590e-01	-2.795094677707447017e-01	1.547549028141970706e-01	-2.099183181140246990e-01	2.823007889714009844e-01	-2.601285622532317210e-01	2.021605710135718770e-01	-1.725853807071141555e-01	1.424258965326260784e-01	-2.242377853633875928e-01	1.666624096493260210e-01	-1.698392936602504122e-01	1.726015451408584589e-01	-1.464215824004377609e-01	1.742561246150425569e-01	-1.532532422173220610e-01	1.452298119560064549e-01	-1.213623592729986683e-01	1.351807956515004572e-01	-1.195778442843878492e-01	1.059997910700083840e-01	-1.263854684491722280e-01	1.267342833492992038e-01	-6.794169466954126657e-02	4.350861169014139107e-02	-4.083602035048110312e-02	5.115791469653285795e-02	-5.171092641746138918e-02	8.103728356021616674e-02
-8.765969640632521875e-02	1.241589686618158189e-01	-1.873627893914728559e-01	1.076007452276189214e-01	-1.209059916583475752e-01	8.424308384760260948e-02	-1.628713591818767015e-01	2.001688290986231855e-01	-1.399357239512124540e-01	1.224338786533186035e-01	-2.768345222025873631e-01	9.999999999999992228e-01	-7.911445162853421031e-01	1.452618998186031296e-01	-8.316926241511912732e-02	1.606651882827850319e-01	-3.702916800462013880e-01	2.217629718648077009e-01	-1.461020478573440695e-01	1.294236635075075026e-01	-1.597040858878442660e-01	1.687283528739212113e-01	-1.432821162391808845e-01	1.084810648678736361e-01	-9.263352889349077413e-02	1.169308209926463865e-01	-1.008928531740463930e-01	1.041520685233843641e-01	-1.097607534443436061e-01	8.853385897938427507e-02	-1.001484423022598741e-01	8.824631060864356058e-02	-8.718140830362962335e-02	7.241903691117212993e-02	-8.393538003649270163e-02	6.718182687369989026e-02	-6.114780799389579052e-02	7.307214925505245429e-02	-7.640111725080411809e-02	4.056961993903112490e-02	-2.509142070221721810e-02	2.342243106521293278e-02	-3.000216707436932639e-02	3.009696490168995570e-02	-4.895950450466814152e-02
8.309579329586655461e-02	-1.232385698749707548e-01	1.959721311111104758e-01	-1.298249259256661903e-01	1.391773173861018953e-01	-8.069236494153993189e-02	1.385806361715087864e-01	-3.029261003996109869e-01	1.689122572265020494e-01	-1.474215194612139845e-01	2.222837338826782194e-01	-7.911445162853421031e-01	9.999999999999992228e-01	-2.004548606427103141e-01	9.827235491434678505e-02	-1.494126610384992615e-01	2.435407667380722896e-01	-2.433921428997413705e-01	1.667698647737342055e-01	-1.549845074232853448e-01	1.469788920478790062e-01	-1.739892851124320572e-01	1.453027561427178982e-01	-1.214898249025244820e-01	1.018831392316222051e-01	-1.265398429746665832e-01	1.056391020262416880e-01	-1.111270807676969091e-01	1.153007012181510721e-01	-9.689082137606581935e-02	1.062599545394847522e-01	-9.462368476484518676e-02	9.293027501704823057e-02	-7.810361557491687923e-02	9.015635282281476981e-02	-7.252383232055235884e-02	6.544931765090863940e-02	-7.883374713685953328e-02	8.175858961868995300e-02	-4.364577404636070523e-02	2.693110734185664989e-02	-2.518967524900445065e-02	3.224235694642726274e-02	-3.242974905151767978e-02	5.243677397407597862e-02
-6.025380748969241113e-02	7.893388383296344457e-02	-1.956726654410205490e-01	1.759675330465713117e-01	-1.907205658304569340e-01	5.466026630443816814e-02	-9.171504495532058210e-02	2.294740986944023564e-01	-3.424087511824248087e-01	1.729262771283892330e-01	-1.557779798013451678e-01	1.452618998186031296e-01	-2.004548606427103141e-01	1.000000000000000666e+00	-1.560711065969154487e-01	9.017878927299782799e-02	-1.365112638915928767e-01	1.507458977715496196e-01	-8.150855742838216678e-01	2.060173147439303687e-01	-1.025395738637932402e-01	1.119724516050481927e-01	-1.144196466667718320e-01	1.442485484597171297e-01	-1.271655342741322969e-01	9.378756295266978127e-02	-8.242927596731788875e-02	8.888500279695014938e-02	-1.016434559619040223e-01	9.415827257047706955e-02	-8.615032268241842872e-02	7.438625561326471514e-02	-8.119109718454514679e-02	7.016201028568856690e-02	-8.879291955865083186e-02	5.787438287485251881e-02	-5.331786297918678086e-02	6.675973790507851169e-02	-7.414219674028593721e-02	3.977776003574257091e-02	-2.246270667954730627e-02	2.088233220035915633e-02	-2.805994607425699866e-02	2.801032588643957710e-02	-4.837383559908951802e-02
5.003956327000049636e-02	-6.346516772065924350e-02	1.745211650189431862e-01	-1.384601299716813616e-01	2.007408597527607641e-01	-4.459846844111171188e-02	7.415084461932805460e-02	-1.417847336545679515e-01	1.392236475884036095e-01	-6.462353018468274257e-01	1.263342183107752092e-01	-8.316926241511912732e-02	9.827235491434678505e-02	-1.560711065969154487e-01	9.999999999999995559e-01	-6.801046888227313403e-02	8.999208430502254885e-02	-9.721814709921886011e-02	1.638256601798029621e-01	-6.548257352002421205e-01	7.945435305486436839e-02	-8.515304986288391165e-02	8.598257027068037517e-02	-1.284448833439041648e-01	1.305105160739488401e-01	-7.720529289025657160e-02	6.734694638063014327e-02	-7.288524723860262400e-02	8.547614369027486947e-02	-8.944391708980654887e-02	7.273154081839507124e-02	-6.197495453826521589e-02	6.975939509613320044e-02	-6.168002932474468680e-02	7.956450335050531397e-02	-4.877670741587470521e-02	4.504500811916323233e-02	-5.735846045657395226e-02	6.472264575113104157e-02	-3.495593453830551922e-02	1.917159913241849728e-02	-1.779936220300732189e-02	2.426899314870253552e-02	-2.420996018398796981e-02	4.249405588874280437e-02
-8.544448180674908688e-02	6.806198569338529902e-02	-1.314697533604787805e-01	7.408464600218293838e-02	-8.526884195654890752e-02	8.444948396955406777e-02	-7.835351202688983774e-02	1.203454152300436619e-01	-8.471799416386865955e-02	1.011986972623922093e-01	-4.548462730315253610e-01	1.606651882827850319e-01	-1.494126610384992615e-01	9.017878927299782799e-02	-6.801046888227313403e-02	1.000000000000001110e+00	-3.468126766562661389e-01	2.248385998799503072e-01	-9.417872480460638684e-02	1.106502646997728073e-01	-7.366840482079961561e-01	2.427854552672658595e-01	-1.835918913693941890e-01	1.132522440504498684e-01	-9.573136995634499991e-02	1.517293789406192472e-01	-1.283951207173548992e-01	1.249499502961644165e-01	-1.282049963927585079e-01	9.655056858971272638e-02	-1.222360104227085548e-01	1.065989901682712210e-01	-9.983688682073919851e-02	8.113181595769933252e-02	-9.195838423762195402e-02	7.907676969266039246e-02	-7.227296282036756170e-02	8.341917495578940467e-02	-8.525615352351549603e-02	4.474253563174055565e-02	-2.896172605401776262e-02	2.705837456954686415e-02	-3.381326018480369094e-02	3.394517541579952086e-02	-5.377906227218345880e-02
8.053683367788463943e-02	-8.905971782366599310e-02	1.686666828787699024e-01	-9.962665772125746388e-02	1.136836933884621675e-01	-7.729118459794206975e-02	1.026267167866321967e-01	-1.681693970250560666e-01	1.179380188078806985e-01	-1.309775839406237541e-01	2.598836284446665590e-01	-3.702916800462013880e-01	2.435407667380722896e-01	-1.365112638915928767e-01	8.999208430502254885e-02	-3.468126766562661389e-01	1.000000000000001554e+00	-6.252881064333162264e-01	1.421885942332320740e-01	-1.453507400819397388e-01	2.601860608657036167e-01	-3.952430624424599359e-01	2.694368428625266709e-01	-1.576123405302858604e-01	1.295204686517096582e-01	-1.780550703145445390e-01	1.630902394133958710e-01	-1.735404989289871802e-01	1.683268301249407628e-01	-1.278491797981590461e-01	1.445752893451364429e-01	-1.372995231044841224e-01	1.265662623179576451e-01	-1.047065560140344048e-01	1.192447321048909770e-01	-9.925109763715109223e-02	9.029529878998797388e-02	-1.061051614554214539e-01	1.083771419757603438e-01	-5.697882505477563919e-02	3.617469899241922138e-02	-3.389854251867712581e-02	4.272866900134243695e-02	-4.298319936088287885e-02	6.821313859762453968e-02
-8.513169003527938650e-02	8.679185383190564373e-02	-1.833108743894314718e-01	1.046039773879759716e-01	-1.232815208347061986e-01	7.843791160549019870e-02	-1.024153878079710339e-01	1.629213694473038987e-01	-1.264738666163357783e-01	1.341104078407144018e-01	-2.795094677707447017e-01	2.217629718648077009e-01	-2.433921428997413705e-01	1.507458977715496196e-01	-9.721814709921886011e-02	2.248385998799503072e-01	-6.252881064333162264e-01	9.999999999999971134e-01	-1.868629134516022194e-01	1.530310913557861030e-01	-2.624343179692426586e-01	3.041076369208720043e-01	-4.770118798069733490e-01	1.860191254292627716e-01	-1.635478729332564829e-01	1.827764800285865687e-01	-1.842663421498693666e-01	2.078837141473725558e-01	-2.218258676193987644e-01	1.508569083917117026e-01	-1.651543003189445413e-01	1.491402318328677867e-01	-1.514145699944442480e-01	1.240395452028796586e-01	-1.478686213103936054e-01	1.092728223497043266e-01	-1.021623685275368648e-01	1.216541388105598087e-01	-1.310880818683903826e-01	6.831955690102903267e-02	-4.145714309678200094e-02	3.856354830173040760e-02	-5.014808563876885228e-02	5.000751439679607113e-02	-8.300062340632781421e-02
5.945524352218321817e-02	-7.742689140756600641e-02	1.844226658928739548e-01	-1.699631126780089541e-01	1.718528801430019848e-01	-5.426916415428788970e-02	8.863274308991657413e-02	-2.415031397254719936e-01	2.284570753342276828e-01	-2.007756597125218423e-01	1.547549028141970706e-01	-1.461020478573440695e-01	1.667698647737342055e-01	-8.150855742838216678e-01	1.638256601798029621e-01	-9.417872480460638684e-02	1.421885942332320740e-01	-1.868629134516022194e-01	1.000000000000000666e+00	-2.882735236812029589e-01	1.063285227975605401e-01	-1.237674842918916884e-01	1.275044884013731283e-01	-1.949515652116517173e-01	1.471130102683114171e-01	-1.015254573491537193e-01	8.907412653321110374e-02	-9.862910569091276614e-02	1.103741738815282730e-01	-1.075304797923012923e-01	9.139908099476820591e-02	-8.059989840951903295e-02	8.706283430573578952e-02	-7.660327725571157431e-02	9.682551846198675372e-02	-6.242299100494914932e-02	5.725375139668827801e-02	-7.216182526577785694e-02	7.949501128941788286e-02	-4.281481685992922365e-02	2.404654110598494071e-02	-2.240542617628100974e-02	3.009733424784990369e-02	-3.013621692339826103e-02	5.166059126129318030e-02
-8.219588268077875071e-02	1.014091894237787589e-01	-2.853103780626695118e-01	1.765918045472413545e-01	-2.733788212202517554e-01	7.280264418945704696e-02	-1.200770597991282079e-01	1.974897861035201652e-01	-2.001935067026324733e-01	3.157023868018957735e-01	-2.099183181140246990e-01	1.294236635075075026e-01	-1.549845074232853448e-01	2.060173147439303687e-01	-6.548257352002421205e-01	1.106502646997728073e-01	-1.453507400819397388e-01	1.530310913557861030e-01	-2.882735236812029589e-01	1.000000000000001110e+00	-1.306184346656422690e-01	1.361417861023949682e-01	-1.403613407802607183e-01	1.974984380594551336e-01	-2.539058468318466377e-01	1.245739852010881027e-01	-1.100906367684547776e-01	1.181499639516664923e-01	-1.422758548905714016e-01	1.446043174812594867e-01	-1.197780504213612068e-01	1.009299712305030960e-01	-1.158701246651192424e-01	1.015811979414663196e-01	-1.349855254412220817e-01	7.949611514335663820e-02	-7.388228110604533327e-02	9.414024569469874038e-02	-1.081031645229111465e-01	5.811281686440248478e-02	-3.154956221903194163e-02	2.922978886615264921e-02	-4.015962877395866382e-02	3.993084976533699954e-02	-7.115435329701841338e-02
7.912605798654627487e-02	-7.230169907554946651e-02	1.477646345382227500e-01	-8.452864983933314202e-02	9.725038029650831528e-02	-7.930456502298273425e-02	8.244718424194032169e-02	-1.362380397817033184e-01	9.542412186392908169e-02	-1.189095302705138746e-01	2.823007889714009844e-01	-1.597040858878442660e-01	1.469788920478790062e-01	-1.025395738637932402e-01	7.945435305486436839e-02	-7.366840482079961561e-01	2.601860608657036167e-01	-2.624343179692426586e-01	1.063285227975605401e-01	-1.306184346656422690e-01	9.999999999999997780e-01	-3.978233641903208828e-01	2.148622292292937941e-01	-1.372507792825846951e-01	1.124849330540335091e-01	-2.074178082457396044e-01	1.594949774460503455e-01	-1.545954050252208445e-01	1.501496120675773205e-01	-1.156076759768584067e-01	1.478922339798605656e-01	-1.336857142641733054e-01	1.187151836203827054e-01	-9.680849503117203159e-02	1.078443617971373419e-01	-9.720304072540093820e-02	8.791669625445247549e-02	-1.006871567473904688e-01	1.005631707689283311e-01	-5.280978508865002280e-02	3.487955398300437992e-02	-3.270382216111950707e-02	4.030213309993860987e-02	-4.060294312231291919e-02	6.304422442755133749e-02
-7.563477090482284559e-02	7.269727044377415071e-02	-1.551547861153109720e-01	8.707183354795305918e-02	-1.034008474593275245e-01	7.026245115094739702e-02	-8.501608715599620614e-02	1.347654998712159713e-01	-1.012199560661072029e-01	1.182332914672309665e-01	-2.601285622532317210e-01	1.687283528739212113e-01	-1.739892851124320572e-01	1.119724516050481927e-01	-8.515304986288391165e-02	2.427854552672658595e-01	-3.952430624424599359e-01	3.041076369208720043e-01	-1.237674842918916884e-01	1.361417861023949682e-01	-3.978233641903208828e-01	1.000000000000000222e+00	-5.992416146588912529e-01	1.910177913364906610e-01	-1.660017142276815072e-01	2.144296709408438084e-01	-2.970649594313917730e-01	2.426597911216617498e-01	-2.411505940406905024e-01	1.567616786025522735e-01	-1.855818568476823027e-01	1.850857385330151039e-01	-1.661745247119262303e-01	1.313912840906670820e-01	-1.521982430225462257e-01	1.234006117559017651e-01	-1.174937764700042658e-01	1.320982028293383737e-01	-1.369110847343232573e-01	7.031258757053629460e-02	-4.540994377949965355e-02	4.237782302005454332e-02	-5.311896492038386403e-02	5.306560933899232002e-02	-8.471538459949848332e-02
6.355577412025702200e-02	-6.466696647639620654e-02	1.423340347039029619e-01	-8.301067655052771221e-02	9.870486872021536073e-02	-5.897138758437722728e-02	7.523984369909614278e-02	-1.263418045164627079e-01	9.624156443208049805e-02	-1.170030369114397478e-01	2.021605710135718770e-01	-1.432821162391808845e-01	1.453027561427178982e-01	-1.144196466667718320e-01	8.598257027068037517e-02	-1.835918913693941890e-01	2.694368428625266709e-01	-4.770118798069733490e-01	1.275044884013731283e-01	-1.403613407802607183e-01	2.148622292292937941e-01	-5.992416146588912529e-01	1.000000000000001998e+00	-2.917236556576848772e-01	1.898952497656979654e-01	-1.990876694120340962e-01	2.187243106840573437e-01	-3.862726827085372072e-01	2.497212675191416709e-01	-1.732823045241479176e-01	1.623554458355397634e-01	-1.712255085074182448e-01	1.547670419089861582e-01	-1.315881298733683202e-01	1.521261108030448062e-01	-1.151841882717386939e-01	1.064240499066173018e-01	-1.268797739252143508e-01	1.303664396595149433e-01	-6.791249736340573828e-02	4.179674671022036436e-02	-3.926895762291560121e-02	5.020884956918444941e-02	-5.057039192579786124e-02	8.051574494493232703e-02
-5.871750023548426289e-02	6.354340987540388341e-02	-1.566958202771558673e-01	9.453210141584617032e-02	-1.212296223150568231e-01	5.294370093845179176e-02	-7.452361468378405907e-02	1.283187958056961064e-01	-1.116961683619040330e-01	1.373360007346442757e-01	-1.725853807071141555e-01	1.084810648678736361e-01	-1.214898249025244820e-01	1.442485484597171297e-01	-1.284448833439041648e-01	1.132522440504498684e-01	-1.576123405302858604e-01	1.860191254292627716e-01	-1.949515652116517173e-01	1.974984380594551336e-01	-1.372507792825846951e-01	1.910177913364906610e-01	-2.917236556576848772e-01	1.000000000000001332e+00	-7.673978108288881383e-01	1.508774880269929675e-01	-1.501934279668511729e-01	1.827031139057833931e-01	-2.366295282600132388e-01	2.606034706067600903e-01	-1.409619632091985153e-01	1.324732196933986472e-01	-1.617091266595974963e-01	1.535008273580955596e-01	-2.394465426937333330e-01	1.001631400542147693e-01	-9.430330305043049810e-02	1.275948280481218611e-01	-1.549334817249139740e-01	8.301162511777655795e-02	-3.995935920834766536e-02	3.717653391292236043e-02	-5.395988519326611749e-02	5.375265681153145597e-02	-1.002761117347337888e-01
4.946439272814988353e-02	-5.468394952873583542e-02	1.351057558714211515e-01	-8.489370061354967190e-02	1.084143957458123531e-01	-4.473930919865499317e-02	6.387059826518179384e-02	-1.142181272616368398e-01	9.732693324335653373e-02	-1.402013565847830268e-01	1.424258965326260784e-01	-9.263352889349077413e-02	1.018831392316222051e-01	-1.271655342741322969e-01	1.305105160739488401e-01	-9.573136995634499991e-02	1.295204686517096582e-01	-1.635478729332564829e-01	1.471130102683114171e-01	-2.539058468318466377e-01	1.124849330540335091e-01	-1.660017142276815072e-01	1.898952497656979654e-01	-7.673978108288881383e-01	9.999999999999997780e-01	-1.344329949307731531e-01	1.267323871431035309e-01	-1.619907645858696399e-01	1.937287193305910760e-01	-4.131756938836451121e-01	1.198077604000813146e-01	-1.167496604442992830e-01	1.378352322157475329e-01	-1.465002450307577309e-01	2.168585679299525892e-01	-8.871629247158170639e-02	8.197463806037458278e-02	-1.138689649820351507e-01	1.329781672095239342e-01	-7.360424395260270480e-02	3.459828825620973186e-02	-3.240968898087054351e-02	4.679954891988188925e-02	-4.726978455301586446e-02	8.526231319036610412e-02
-6.944901034952630225e-02	6.510473833336485883e-02	-1.500270058476217139e-01	7.938439116181596200e-02	-9.530627670243653482e-02	6.252005972404627021e-02	-7.628165882141509091e-02	1.182805301430632505e-01	-8.943107240482581211e-02	1.101006136576128946e-01	-2.242377853633875928e-01	1.169308209926463865e-01	-1.265398429746665832e-01	9.378756295266978127e-02	-7.720529289025657160e-02	1.517293789406192472e-01	-1.780550703145445390e-01	1.827764800285865687e-01	-1.015254573491537193e-01	1.245739852010881027e-01	-2.074178082457396044e-01	2.144296709408438084e-01	-1.990876694120340962e-01	1.508774880269929675e-01	-1.344329949307731531e-01	9.999999999999987788e-01	-4.861248103306680113e-01	2.309130643998713872e-01	-2.602411457861585342e-01	1.675575802514559232e-01	-6.326055821770134591e-01	2.983319689289880561e-01	-2.447431720012234746e-01	1.689943952224070844e-01	-1.748240543534348990e-01	2.302457618170471176e-01	-2.232805022714468013e-01	1.965065816912211216e-01	-1.892641498817342061e-01	9.327440095202495229e-02	-8.072650728217845018e-02	7.378751222421832401e-02	-7.931222854912731157e-02	7.832555591294926289e-02	-1.135087809277849358e-01
5.296746315395539639e-02	-5.232037868828986332e-02	1.192879124789545525e-01	-6.649191076099811304e-02	7.940582140811518197e-02	-4.833810715399389918e-02	6.099135581800593092e-02	-9.994683250415180298e-02	7.523108250385548978e-02	-9.513256692455876462e-02	1.666624096493260210e-01	-1.008928531740463930e-01	1.056391020262416880e-01	-8.242927596731788875e-02	6.734694638063014327e-02	-1.283951207173548992e-01	1.630902394133958710e-01	-1.842663421498693666e-01	8.907412653321110374e-02	-1.100906367684547776e-01	1.594949774460503455e-01	-2.970649594313917730e-01	2.187243106840573437e-01	-1.501934279668511729e-01	1.267323871431035309e-01	-4.861248103306680113e-01	9.999999999999981126e-01	-4.007044947576352545e-01	2.551828550830851916e-01	-1.655365889984542760e-01	2.872785892272016195e-01	-5.792887527677292869e-01	2.287554546840500913e-01	-1.626441459349767249e-01	1.551267363700800372e-01	-2.170674490942067492e-01	2.037869491467781125e-01	-1.919595980914000910e-01	1.616655100832685432e-01	-7.930251205779650925e-02	6.722059650000325459e-02	-6.453573930760486688e-02	6.866339709243385325e-02	-6.949595208219490339e-02	9.254522983214731602e-02
-5.403902276764250417e-02	5.389244739601229545e-02	-1.235083730529440288e-01	6.959366361218288777e-02	-8.395872180575414401e-02	4.920141739157116861e-02	-6.296199236229513274e-02	1.033372458962815432e-01	-7.946292018575998317e-02	9.934265268923184178e-02	-1.698392936602504122e-01	1.041520685233843641e-01	-1.111270807676969091e-01	8.888500279695014938e-02	-7.288524723860262400e-02	1.249499502961644165e-01	-1.735404989289871802e-01	2.078837141473725558e-01	-9.862910569091276614e-02	1.181499639516664923e-01	-1.545954050252208445e-01	2.426597911216617498e-01	-3.862726827085372072e-01	1.827031139057833931e-01	-1.619907645858696399e-01	2.309130643998713872e-01	-4.007044947576352545e-01	9.999999999999992228e-01	-6.857350729965490110e-01	2.119320374071978208e-01	-1.996841611610054301e-01	2.236055404838876715e-01	-2.200560035376128432e-01	1.753311683553422651e-01	-1.951126038359929371e-01	1.414339754975530161e-01	-1.366322077057355033e-01	1.625619048995327887e-01	-1.695861852743096310e-01	8.426335000393235519e-02	-5.188225648563747627e-02	4.864804836031003804e-02	-6.317412832971085190e-02	6.332461584031968960e-02	-9.990282509902544128e-02
5.684923485864552123e-02	-5.846864409160937998e-02	1.356158273508553946e-01	-7.866319996960688399e-02	9.450950338629690584e-02	-5.188519716784844443e-02	6.802128225919740201e-02	-1.164592875453498572e-01	8.889850855390019069e-02	-1.173307969988312965e-01	1.726015451408584589e-01	-1.097607534443436061e-01	1.153007012181510721e-01	-1.016434559619040223e-01	8.547614369027486947e-02	-1.282049963927585079e-01	1.683268301249407628e-01	-2.218258676193987644e-01	1.103741738815282730e-01	-1.422758548905714016e-01	1.501496120675773205e-01	-2.411505940406905024e-01	2.497212675191416709e-01	-2.366295282600132388e-01	1.937287193305910760e-01	-2.602411457861585342e-01	2.551828550830851916e-01	-6.857350729965490110e-01	1.000000000000000444e+00	-3.672201757985378845e-01	1.967479462557161773e-01	-2.318136389272293096e-01	2.129202851052146295e-01	-2.400227139315422864e-01	2.330117490911725597e-01	-1.572176976478406041e-01	1.405760442282602274e-01	-1.848978358742462691e-01	1.868661867492367734e-01	-9.692241002508431014e-02	5.529515118155822750e-02	-5.261042462881802828e-02	6.971353122365514521e-02	-7.171020570653725834e-02	1.091746531645650664e-01
-4.918865794975786632e-02	5.140401324036858455e-02	-1.242647272322548180e-01	7.195501542605453604e-02	-8.983408833889099110e-02	4.436400540218669863e-02	-6.012496481111865437e-02	1.013763608304451141e-01	-8.186527197571906445e-02	1.081707985261697730e-01	-1.464215824004377609e-01	8.853385897938427507e-02	-9.689082137606581935e-02	9.415827257047706955e-02	-8.944391708980654887e-02	9.655056858971272638e-02	-1.278491797981590461e-01	1.508569083917117026e-01	-1.075304797923012923e-01	1.446043174812594867e-01	-1.156076759768584067e-01	1.567616786025522735e-01	-1.732823045241479176e-01	2.606034706067600903e-01	-4.131756938836451121e-01	1.675575802514559232e-01	-1.655365889984542760e-01	2.119320374071978208e-01	-3.672201757985378845e-01	9.999999999999986677e-01	-1.577598560441697273e-01	1.577433075554762476e-01	-2.271995297361373567e-01	2.592558166781400164e-01	-6.476334989491674410e-01	1.212935864239883671e-01	-1.151773468896713365e-01	1.755118443206200030e-01	-2.373201950093263013e-01	1.289184346084187582e-01	-4.992416595118104317e-02	4.660303113116361085e-02	-7.415450750302099436e-02	7.420689407940621318e-02	-1.510597147342560287e-01
5.700932776940233898e-02	-5.671337579299293857e-02	1.325989066185251364e-01	-7.286073396613852726e-02	8.654350481088807223e-02	-5.164045617154568862e-02	6.608107361544919567e-02	-1.092694582153179161e-01	8.104627793114226042e-02	-1.061797828397433446e-01	1.742561246150425569e-01	-1.001484423022598741e-01	1.062599545394847522e-01	-8.615032268241842872e-02	7.273154081839507124e-02	-1.222360104227085548e-01	1.445752893451364429e-01	-1.651543003189445413e-01	9.139908099476820591e-02	-1.197780504213612068e-01	1.478922339798605656e-01	-1.855818568476823027e-01	1.623554458355397634e-01	-1.409619632091985153e-01	1.198077604000813146e-01	-6.326055821770134591e-01	2.872785892272016195e-01	-1.996841611610054301e-01	1.967479462557161773e-01	-1.577598560441697273e-01	9.999999999999990008e-01	-4.209086324432964044e-01	2.319244686899329388e-01	-1.674651362376345654e-01	1.531610905967147884e-01	-4.279082271624945477e-01	2.641767268715680683e-01	-2.298205008937278804e-01	1.763931777796535760e-01	-8.671186357219490271e-02	9.039654095959331892e-02	-8.726761491847193075e-02	8.213136374263163564e-02	-8.409755211647632067e-02	1.003422826756272951e-01
-4.901373280793699244e-02	4.814408986267326718e-02	-1.115741700501469980e-01	6.121044356542990061e-02	-7.349363539346213947e-02	4.435380634384544773e-02	-5.626873213554915015e-02	9.103538216524324767e-02	-6.899123079127285341e-02	8.746594774599934785e-02	-1.532532422173220610e-01	8.824631060864356058e-02	-9.462368476484518676e-02	7.438625561326471514e-02	-6.197495453826521589e-02	1.065989901682712210e-01	-1.372995231044841224e-01	1.491402318328677867e-01	-8.059989840951903295e-02	1.009299712305030960e-01	-1.336857142641733054e-01	1.850857385330151039e-01	-1.712255085074182448e-01	1.324732196933986472e-01	-1.167496604442992830e-01	2.983319689289880561e-01	-5.792887527677292869e-01	2.236055404838876715e-01	-2.318136389272293096e-01	1.577433075554762476e-01	-4.209086324432964044e-01	9.999999999999994449e-01	-3.865421335161577376e-01	1.847501718770165335e-01	-1.663865147531929933e-01	2.688191681419770940e-01	-3.908616919688496227e-01	2.405347327433279281e-01	-1.949568726812970221e-01	8.950102368871609704e-02	-9.265782564887074801e-02	8.708918929233087913e-02	-8.469277425022958550e-02	8.373191831754890624e-02	-1.052064098920301310e-01
4.822442680511917351e-02	-4.919652107663839702e-02	1.158887410368275583e-01	-6.576991813299809531e-02	7.889029066707782534e-02	-4.367583840111015359e-02	5.731494039508960164e-02	-9.703323640032027186e-02	7.351659250265486778e-02	-9.846938119490981911e-02	1.452298119560064549e-01	-8.718140830362962335e-02	9.293027501704823057e-02	-8.119109718454514679e-02	6.975939509613320044e-02	-9.983688682073919851e-02	1.265662623179576451e-01	-1.514145699944442480e-01	8.706283430573578952e-02	-1.158701246651192424e-01	1.187151836203827054e-01	-1.661745247119262303e-01	1.547670419089861582e-01	-1.617091266595974963e-01	1.378352322157475329e-01	-2.447431720012234746e-01	2.287554546840500913e-01	-2.200560035376128432e-01	2.129202851052146295e-01	-2.271995297361373567e-01	2.319244686899329388e-01	-3.865421335161577376e-01	9.999999999999988898e-01	-4.397348125981500599e-01	2.300921599962624797e-01	-2.387858058566836583e-01	2.298126448546537193e-01	-5.969170201249531793e-01	3.005982460750600271e-01	-1.314829534488538565e-01	8.498237608131209431e-02	-8.292392991828276272e-02	1.261816382059272601e-01	-1.326457774012177737e-01	1.405236567745940246e-01
-4.043474614107206433e-02	4.144920312455382949e-02	-9.858490109875263363e-02	5.603050697292479704e-02	-6.805006905308121079e-02	3.651831406033540645e-02	-4.837742846395494400e-02	8.143038125024749940e-02	-6.294918540694774411e-02	8.376924784774984756e-02	-1.213623592729986683e-01	7.241903691117212993e-02	-7.810361557491687923e-02	7.016201028568856690e-02	-6.168002932474468680e-02	8.113181595769933252e-02	-1.047065560140344048e-01	1.240395452028796586e-01	-7.660327725571157431e-02	1.015811979414663196e-01	-9.680849503117203159e-02	1.313912840906670820e-01	-1.315881298733683202e-01	1.535008273580955596e-01	-1.465002450307577309e-01	1.689943952224070844e-01	-1.626441459349767249e-01	1.753311683553422651e-01	-2.400227139315422864e-01	2.592558166781400164e-01	-1.674651362376345654e-01	1.847501718770165335e-01	-4.397348125981500599e-01	9.999999999999978906e-01	-5.168427559606565413e-01	1.463494551795909426e-01	-1.448989834831031220e-01	2.804739019200974681e-01	-5.619594543528473318e-01	1.685672162993424317e-01	-6.379501446405320964e-02	5.993801472925861656e-02	-1.131102498448748744e-01	1.145974846284497084e-01	-1.842357060868544671e-01
