1.000000000000000222e+00	-3.807239838387704856e-01	1.736561090822981712e-01	-8.526053694250322612e-02	8.239603961064655147e-02	-8.170134209540047543e-01	2.931227216399349134e-01	-2.355496352460388909e-01	4.904040585347198278e-02	-4.498495841578453724e-02	1.479362941320341573e-01	-1.721850522170610409e-01	1.139696346862751480e-01	-5.651019500574169796e-02	3.325802361282752945e-02	-1.392287119242827387e-01	1.356769407190842880e-01	-1.214391239909628217e-01	5.982233531654577302e-02	-3.161913728946946084e-02	6.463890038870939714e-02	-6.210837280437310481e-02	5.644775712075319335e-02	-2.939856345015779207e-02	3.971006096691412357e-02	-4.879552295351510111e-02	4.285973702327573048e-02	-4.967851946715409056e-02	3.360822161853373874e-02	-1.988794653719533692e-02	2.987023687207818884e-02	-2.862965993537414447e-02	2.215014717100028882e-02	-2.095190878047046429e-02	2.418478005302745690e-02	-1.011970543659672372e-02	9.533803003543509652e-03	-1.718420562955002423e-02	1.631616764564755226e-02	-1.190694847520260176e-02	1.546337200095029146e-03	-1.510921757598692253e-03	1.128393482230768789e-02	-1.358356221248227871e-02	1.263549554236311975e-02
-3.807239838387704856e-01	1.000000000000000222e+00	-4.974709113864429488e-01	1.459424859098659433e-01	-1.559625728983914106e-01	2.579308954262294895e-01	-6.270352852451434034e-01	3.073178153944419178e-01	-8.322688849349345330e-02	7.158129990744400983e-02	-1.358809983978950808e-01	1.983646704316377740e-01	-1.525143952493190347e-01	7.060751951951216299e-02	-4.268505181995691650e-02	1.124087567213319372e-01	-1.808663671275452522e-01	1.378366553379127835e-01	-7.823321553370921055e-02	3.978907545019028796e-02	-7.278112947226485219e-02	6.914665608625697457e-02	-6.593944087834503753e-02	3.458701510543082253e-02	-4.702587182592942588e-02	5.225321683042226384e-02	-4.842811230969077535e-02	5.455683759702124880e-02	-3.955175191057474365e-02	2.320707329659282142e-02	-3.350903905676472921e-02	3.156340260298678979e-02	-2.481309591527312147e-02	2.341555308934919685e-02	-2.818153619023763129e-02	1.121558250247796720e-02	-1.060897510328629063e-02	1.914322467180619783e-02	-1.833595302689249376e-02	1.351573366848785041e-02	-1.722305247062002947e-03	1.682133171669457231e-03	-1.262839020383429989e-02	1.513884091761042924e-02	-1.437694897343991599e-02
1.736561090822981712e-01	-4.974709113864429488e-01	1.000000000000000000e+00	-2.768141491737365345e-01	1.985750101706167392e-01	-1.468906628667479008e-01	2.629187263622615456e-01	-7.274540188330721469e-01	1.135341247710925788e-01	-9.849086110143293049e-02	8.779964299104421610e-02	-1.472099809954534599e-01	1.417062231739880107e-01	-6.512546057952564582e-02	3.976396003707644705e-02	-7.730122337591360804e-02	1.222481321710200408e-01	-1.341886977805430703e-01	6.729317402430955164e-02	-3.753502435978256502e-02	5.139782992375881154e-02	-4.984315233641496007e-02	4.797575381281025259e-02	-2.737056339444772501e-02	3.788427415438611751e-02	-3.809648194781711794e-02	3.508319994939250452e-02	-4.052294848616680434e-02	3.101909461552128724e-02	-1.850521458699084035e-02	2.464053348142808408e-02	-2.333679382176249983e-02	1.869744171448909156e-02	-1.776611042551501374e-02	2.232748970652383147e-02	-8.434546917250531836e-03	7.971592809991510931e-03	-1.449081360504134511e-02	1.394724921200235328e-02	-1.046451390286170374e-02	1.299593276798625182e-03	-1.269209614979327320e-03	9.598354592569562777e-03	-1.150672251328891359e-02	1.113196409562383291e-02
-8.526053694250322612e-02	1.459424859098659433e-01	-2.768141491737365345e-01	1.000000000000000000e+00	-8.164087988963193432e-01	6.857173524434612144e-02	-1.135404181407011215e-01	1.957025884028901208e-01	-3.770126365283512082e-01	2.630373843495406039e-01	-4.746252723541744684e-02	7.298266141419020026e-02	-6.939993328503669956e-02	4.303025729558703633e-02	-4.933987228140512132e-02	4.187346592669987516e-02	-6.531282037758998071e-02	6.784988837867192424e-02	-4.552835537431307311e-02	4.615296427646314176e-02	-3.170174980065102593e-02	3.047163952396587591e-02	-3.137658562535880491e-02	2.136130678092587956e-02	-3.348821808541049827e-02	2.428693766971084383e-02	-2.258149883529773222e-02	2.692391807215766680e-02	-2.442840902396047759e-02	1.570865848943072199e-02	-1.664781631613534291e-02	1.570533673946881287e-02	-1.340391208754856782e-02	1.291247930903389324e-02	-1.890344126424196511e-02	5.966972940974391362e-03	-5.651957541845529370e-03	1.045951749260255227e-02	-1.028618454169668260e-02	8.165982712820138434e-03	-9.323656377696559836e-04	9.099606766725984019e-04	-7.045404364957954385e-03	8.404232828408788811e-03	-8.727805776507125898e-03
8.239603961064655147e-02	-1.559625728983914106e-01	1.985750101706167392e-01	-8.164087988963193432e-01	1.000000000000000222e+00	-7.035985108859207915e-02	1.108343583096088603e-01	-2.194379840971834861e-01	2.739895373997867090e-01	-3.948304638980108527e-01	4.890384399124113324e-02	-7.808370528845029468e-02	7.340374899507766393e-02	-4.706821835883677474e-02	5.852700594655667332e-02	-4.415860726305361611e-02	6.737470182293420207e-02	-7.508048036443443207e-02	4.869437097074171689e-02	-5.694563321882864515e-02	3.348925828274339905e-02	-3.246743938653352118e-02	3.348237763811209855e-02	-2.362165347890583453e-02	3.751941369747516242e-02	-2.609087284759603609e-02	2.413992869243008696e-02	-2.913994591686409202e-02	2.688496346147641394e-02	-1.758814863128268027e-02	1.793462731301810262e-02	-1.698146289744097148e-02	1.462005942009689773e-02	-1.413805112056037809e-02	2.103755983040420802e-02	-6.512100847904887628e-03	6.163628983027640180e-03	-1.144610749247117025e-02	1.127509531350650088e-02	-9.032622182540453806e-03	1.019298863149163768e-03	-9.948008229906685641e-04	7.725876339733008663e-03	-9.220440356791145126e-03	9.648017086632215342e-03
-8.170134209540047543e-01	2.579308954262294895e-01	-1.468906628667479008e-01	6.857173524434612144e-02	-7.035985108859207915e-02	1.000000000000000222e+00	-4.400887311923838419e-01	1.785912544457946838e-01	-4.065945887541850406e-02	3.664607258556718677e-02	-1.779291404364900520e-01	1.618523279896130762e-01	-1.050499582305406410e-01	4.993870708894995042e-02	-2.896548681626337843e-02	1.330753801186111973e-01	-1.370201895756000543e-01	1.050962555313865870e-01	-5.417622630593553479e-02	2.729084143812558413e-02	-6.091578473330093446e-02	5.746363127517406522e-02	-5.224965097725587510e-02	2.621368607775537846e-02	-3.486449665490588823e-02	4.441742743984670311e-02	-3.948170792008244556e-02	4.485543211924927082e-02	-2.997461838302184489e-02	1.751271498898117340e-02	-2.719068521444734793e-02	2.589929827689379724e-02	-1.989408976426012762e-02	1.874380808332354667e-02	-2.128097154346599712e-02	9.071712733300565240e-03	-8.557113305185883381e-03	1.537577592522287352e-02	-1.458607675235333405e-02	1.056390064657551121e-02	-1.384965718516014636e-03	1.353203312459405443e-03	-1.008062187706329840e-02	1.212581223884783184e-02	-1.120999236183078777e-02
2.931227216399349134e-01	-6.270352852451434034e-01	2.629187263622615456e-01	-1.135404181407011215e-01	1.108343583096088603e-01	-4.400887311923838419e-01	9.999999999999998890e-01	-3.969458510173902166e-01	6.581455549078366052e-02	-5.907391565880999729e-02	1.490543785955829315e-01	-3.186136300157771384e-01	1.666756534443010751e-01	-7.536238383430905741e-02	4.134382279474846378e-02	-1.310297328757240309e-01	1.911738682284521706e-01	-1.605955393592780334e-01	7.973844232477554639e-02	-3.899230342934891652e-02	7.463282946575448829e-02	-7.266238382314421651e-02	6.677383350906195003e-02	-3.464413655337359593e-02	4.598237966690633949e-02	-5.476132057273012249e-02	4.972617942721062334e-02	-5.661165047009506651e-02	3.930899585001176172e-02	-2.295211431309844563e-02	3.420922170934618395e-02	-3.253171500422653156e-02	2.527051563345299873e-02	-2.386565480477710263e-02	2.774636855670212926e-02	-1.148629059356374993e-02	1.083954366305815362e-02	-1.954282124140658064e-02	1.860387658002517555e-02	-1.359049617850410438e-02	1.757690575270212663e-03	-1.717212110336348426e-03	1.284167761157809472e-02	-1.543741550693795463e-02	1.442193717986342029e-02
-2.355496352460388909e-01	3.073178153944419178e-01	-7.274540188330721469e-01	1.957025884028901208e-01	-2.194379840971834861e-01	1.785912544457946838e-01	-3.969458510173902166e-01	9.999999999999998890e-01	-1.292952930576598547e-01	1.039674174763398212e-01	-1.181874423066803653e-01	1.861739582069651955e-01	-2.264726080554223253e-01	8.683470358154568580e-02	-5.050643817724054241e-02	1.000843114919961058e-01	-1.697864809230625605e-01	1.677325894946372076e-01	-9.344934940671352497e-02	4.684811793811439334e-02	-6.896477689870365857e-02	6.614632312577714557e-02	-6.419009014284374204e-02	3.610649500213509999e-02	-4.944814623298415118e-02	5.007221477725427167e-02	-4.666154064077030622e-02	5.319161216796056135e-02	-4.094464679256529932e-02	2.413858454754509719e-02	-3.258886019742954915e-02	3.069674983315497444e-02	-2.455387095411361298e-02	2.327553628701448801e-02	-2.915077466866013503e-02	1.105037585719828054e-02	-1.045620134818775644e-02	1.897679651226270511e-02	-1.827822710228799510e-02	1.367020594626502938e-02	-1.702788525734172127e-03	1.662853255221408188e-03	-1.256635288434767087e-02	1.505005781037806883e-02	-1.454848520549373997e-02
4.904040585347198278e-02	-8.322688849349345330e-02	1.135341247710925788e-01	-3.770126365283512082e-01	2.739895373997867090e-01	-4.065945887541850406e-02	6.581455549078366052e-02	-1.292952930576598547e-01	1.000000000000000222e+00	-8.681857027661692428e-01	2.993475210751457907e-02	-4.727148021682765072e-02	4.721015258660201525e-02	-4.176256776729594250e-02	7.245843155717338058e-02	-2.684049914895039746e-02	4.189911297876724311e-02	-4.682782568652950339e-02	4.160272292352187873e-02	-7.040697925472796936e-02	2.177710374251119740e-02	-2.105405844969899382e-02	2.277025042041021588e-02	-1.910194961882086609e-02	3.167464465993681533e-02	-1.730506818644774250e-02	1.618082644709097420e-02	-2.005188874912069985e-02	2.117774988937429562e-02	-1.466456081689892881e-02	1.238719768555746580e-02	-1.172996587702891495e-02	1.062327059215745911e-02	-1.042718799766874892e-02	1.697398327161186299e-02	-4.694148819555401392e-03	4.443631892539118972e-03	-8.390036117336121743e-03	8.380135359648965485e-03	-7.008304789597448979e-03	7.427057491533704944e-04	-7.246286952842486339e-04	5.728612824050067880e-03	-6.829891947301901245e-03	7.468133834916331447e-03
-4.498495841578453724e-02	7.158129990744400983e-02	-9.849086110143293049e-02	2.630373843495406039e-01	-3.948304638980108527e-01	3.664607258556718677e-02	-5.907391565880999729e-02	1.039674174763398212e-01	-8.681857027661692428e-01	1.000000000000000000e+00	-2.775680526087937264e-02	4.300445050008051134e-02	-4.319572402721220256e-02	4.025928273936540958e-02	-8.581785561929414219e-02	2.479839614941432846e-02	-3.884191934519345274e-02	4.260309239196760633e-02	-4.106152452537433634e-02	7.325269123969289919e-02	-2.072921180061482876e-02	1.999104575459033015e-02	-2.198479352944493134e-02	1.910351908913052871e-02	-3.224413433844900562e-02	1.655712733759492905e-02	-1.553855098479232054e-02	1.936357020062263665e-02	-2.121153187523613232e-02	1.480612210708858248e-02	-1.201724518874126846e-02	1.135934363731307822e-02	-1.043189351920559976e-02	1.026413820982480588e-02	-1.714052979158686013e-02	4.591753589751969983e-03	-4.349726727151801385e-03	8.244248209325101551e-03	-8.271180918853596881e-03	6.981921746953787325e-03	-7.285547670888894425e-04	7.107241074586998506e-04	-5.646366933773318969e-03	6.723953801729617118e-03	-7.446353348176183370e-03
1.479362941320341573e-01	-1.358809983978950808e-01	8.779964299104421610e-02	-4.746252723541744684e-02	4.890384399124113324e-02	-1.779291404364900520e-01	1.490543785955829315e-01	-1.181874423066803653e-01	2.993475210751457907e-02	-2.775680526087937264e-02	9.999999999999992228e-01	-3.342100959874101940e-01	1.510895338081466033e-01	-7.242257703581951589e-02	3.909909820519081453e-02	-8.421128754325887256e-01	2.638355467105013563e-01	-1.848288912495657244e-01	7.660589353991004158e-02	-3.728761619791531173e-02	1.503603528646144938e-01	-1.340612334953514284e-01	1.021120079668317304e-01	-4.440040784946370361e-02	5.502552560771400980e-02	-1.092063894154600007e-01	8.513235974449456789e-02	-9.640961594996684536e-02	5.036427188914056885e-02	-2.872077416483075074e-02	5.657329048177546504e-02	-5.550167983203963679e-02	3.944943874838183900e-02	-3.691045706155462319e-02	3.463025038270175354e-02	-1.832144038654788878e-02	1.715737032534406584e-02	-3.049932054806859041e-02	2.810274548323759072e-02	-1.918217825070094376e-02	2.743836038295816102e-03	-2.684505520895705700e-03	1.956677340708736640e-02	-2.376029195408805791e-02	2.018279453830803746e-02
-1.721850522170610409e-01	1.983646704316377740e-01	-1.472099809954534599e-01	7.298266141419020026e-02	-7.808370528845029468e-02	1.618523279896130762e-01	-3.186136300157771384e-01	1.861739582069651955e-01	-4.727148021682765072e-02	4.300445050008051134e-02	-3.342100959874101940e-01	9.999999999999992228e-01	-4.323567813338301535e-01	1.373584611650489895e-01	-6.340873919595357844e-02	2.437408339808764257e-01	-6.330574866399745204e-01	2.964440356033798407e-01	-1.536277627688219516e-01	5.856127877912520319e-02	-1.494356815326384758e-01	1.497703350223807128e-01	-1.301192007582239740e-01	5.910107013763336858e-02	-7.282872161395322064e-02	1.001630527189603520e-01	-9.569906185961181422e-02	1.018823689482298150e-01	-6.624930328755990194e-02	3.672721957404194437e-02	-6.171539002122075623e-02	5.798112919170222979e-02	-4.366152502480615677e-02	4.074018355252721768e-02	-4.389448356612565133e-02	1.971812222894647054e-02	-1.865335459292598308e-02	3.336866417095401410e-02	-3.153917051019425322e-02	2.235035397642728267e-02	-3.000959566489448758e-03	2.932411755352800058e-03	-2.173129395096858041e-02	2.611243913061780594e-02	-2.366107511854772388e-02
1.139696346862751480e-01	-1.525143952493190347e-01	1.417062231739880107e-01	-6.939993328503669956e-02	7.340374899507766393e-02	-1.050499582305406410e-01	1.666756534443010751e-01	-2.264726080554223253e-01	4.721015258660201525e-02	-4.319572402721220256e-02	1.510895338081466033e-01	-4.323567813338301535e-01	9.999999999999990008e-01	-2.934460976071615601e-01	8.003776146666996549e-02	-1.428294823354734899e-01	2.772443543565298318e-01	-7.301028825132866995e-01	2.210503874230871635e-01	-7.521182197484235776e-02	9.388663492408023947e-02	-9.775363926980927542e-02	9.212825856107485778e-02	-5.703011447571313536e-02	6.832968835152944398e-02	-6.953206136995451758e-02	6.498068079677506159e-02	-7.621911019101891560e-02	6.100871114286718355e-02	-3.374867979350638231e-02	4.421161019646277501e-02	-4.219420095688591194e-02	3.384353655636978403e-02	-3.229136012466845423e-02	3.928793397627327461e-02	-1.516372765812454282e-02	1.430756813368103120e-02	-2.620583416857625442e-02	2.514755620002077918e-02	-1.872058742713159432e-02	2.331192844560692375e-03	-2.277569896848222111e-03	1.726180941482497247e-02	-2.075067522469459247e-02	1.979281900396330160e-02
-5.651019500574169796e-02	7.060751951951216299e-02	-6.512546057952564582e-02	4.303025729558703633e-02	-4.706821835883677474e-02	4.993870708894995042e-02	-7.536238383430905741e-02	8.683470358154568580e-02	-4.176256776729594250e-02	4.025928273936540958e-02	-7.242257703581951589e-02	1.373584611650489895e-01	-2.934460976071615601e-01	9.999999999999993339e-01	-2.062772295521772825e-01	6.682848445122889502e-02	-1.234356154662503147e-01	2.053566959648956414e-01	-8.797842741305129666e-01	1.622098915569477329e-01	-5.953524355338514484e-02	5.967937693742728783e-02	-6.877815056630443014e-02	9.444517225769988311e-02	-1.005698417019902507e-01	4.786696801930397788e-02	-4.599351744479211745e-02	5.960968631980833460e-02	-9.372016907826362375e-02	4.686091801142757557e-02	-3.471807786402329732e-02	3.308747420745529466e-02	-3.177410727827465614e-02	3.185580274234314779e-02	-5.108109364787583734e-02	1.357153781928139430e-02	-1.284301792410089127e-02	2.493370288694717746e-02	-2.526644105068912710e-02	2.096837866187602206e-02	-2.154148298389137444e-03	2.102444731399023999e-03	-1.693875139180843481e-02	2.020898916755074076e-02	-2.211927074536408980e-02
3.325802361282752945e-02	-4.268505181995691650e-02	3.976396003707644705e-02	-4.933987228140512132e-02	5.852700594655667332e-02	-2.896548681626337843e-02	4.134382279474846378e-02	-5.050643817724054241e-02	7.245843155717338058e-02	-8.581785561929414219e-02	3.909909820519081453e-02	-6.340873919595357844e-02	8.003776146666996549e-02	-2.062772295521772825e-01	9.999999999999995559e-01	-3.705875658306199971e-02	5.922314315958952802e-02	-8.220466359011080471e-02	1.708818767125730720e-01	-9.109990936491739744e-01	4.798466221750370686e-02	-4.696637268212255911e-02	6.129681606560308249e-02	-9.410499835765000209e-02	1.745098825026453748e-01	-4.336628064736114396e-02	4.172621807123675503e-02	-5.848609216422760021e-02	9.286965515420431139e-02	-7.940395348474416082e-02	3.571766822927846530e-02	-3.432912161486613434e-02	3.748367714179016985e-02	-3.906809089600985635e-02	8.025231782984167117e-02	-1.626443960792345669e-02	1.533338976967498629e-02	-3.083098375260352741e-02	3.198853943637224723e-02	-3.069068893314042673e-02	2.669919096492437936e-03	-2.603501389320142783e-03	2.181933619884611139e-02	-2.609467253138310350e-02	3.214836351355210287e-02
-1.392287119242827387e-01	1.124087567213319372e-01	-7.730122337591360804e-02	4.187346592669987516e-02	-4.415860726305361611e-02	1.330753801186111973e-01	-1.310297328757240309e-01	1.000843114919961058e-01	-2.684049914895039746e-02	2.479839614941432846e-02	-8.421128754325887256e-01	2.437408339808764257e-01	-1.428294823354734899e-01	6.682848445122889502e-02	-3.705875658306199971e-02	9.999999999999998890e-01	-3.708987547099396598e-01	1.628104051649959250e-01	-7.376723001892508680e-02	3.504258074631072528e-02	-1.946120600741462203e-01	1.418820454320690594e-01	-1.087167799796735917e-01	4.394417459226383771e-02	-5.381967510017742623e-02	1.111144803200166536e-01	-9.003475222021914415e-02	9.600072246470053861e-02	-5.001290867586169475e-02	2.809607333075892638e-02	-5.829721378995731534e-02	5.591471095096287036e-02	-3.941109689787977710e-02	3.652285149968644007e-02	-3.387631455313009493e-02	1.816764608303829062e-02	-1.708926133999921770e-02	3.017081628528598541e-02	-2.786675167286223331e-02	1.885583493431939456e-02	-2.723233845076541981e-03	2.663574812882912608e-03	-1.935060304120081801e-02	2.341105731337347895e-02	-1.987366275751445421e-02
1.356769407190842880e-01	-1.808663671275452522e-01	1.222481321710200408e-01	-6.531282037758998071e-02	6.737470182293420207e-02	-1.370201895756000543e-01	1.911738682284521706e-01	-1.697864809230625605e-01	4.189911297876724311e-02	-3.884191934519345274e-02	2.638355467105013563e-01	-6.330574866399745204e-01	2.772443543565298318e-01	-1.234356154662503147e-01	5.922314315958952802e-02	-3.708987547099396598e-01	9.999999999999995559e-01	-4.517680011154329156e-01	1.290209592700878038e-01	-5.641730317892072744e-02	1.756223592150096824e-01	-2.370984674307099471e-01	1.513976522627554777e-01	-6.286084968473173995e-02	7.577855335465874531e-02	-1.255961344895254739e-01	1.161313115568497201e-01	-1.262635655302096205e-01	7.012327837905914241e-02	-3.910623221828462420e-02	7.222451593702515493e-02	-6.982064964698991849e-02	5.088419905515811914e-02	-4.743097008639799578e-02	4.669890081318222447e-02	-2.316993578181571201e-02	2.179897021462621001e-02	-3.899994322352600545e-02	3.625813402684265746e-02	-2.502509351790847825e-02	3.491384377347633329e-03	-3.414514112277600415e-03	2.510207916356615998e-02	-3.035542172248782006e-02	2.636466175681586449e-02
-1.214391239909628217e-01	1.378366553379127835e-01	-1.341886977805430703e-01	6.784988837867192424e-02	-7.508048036443443207e-02	1.050962555313865870e-01	-1.605955393592780334e-01	1.677325894946372076e-01	-4.682782568652950339e-02	4.260309239196760633e-02	-1.848288912495657244e-01	2.964440356033798407e-01	-7.301028825132866995e-01	2.053566959648956414e-01	-8.220466359011080471e-02	1.628104051649959250e-01	-4.517680011154329156e-01	9.999999999999988898e-01	-2.547074243385932246e-01	7.487544706150517371e-02	-1.215706358223262451e-01	1.247465624382371741e-01	-1.223057212546648786e-01	6.629314383368496710e-02	-7.915280051380466086e-02	8.552198065136765170e-02	-8.271165632977309223e-02	9.346131246054936725e-02	-7.230010681809230511e-02	3.910139749586910574e-02	-5.484853154756465926e-02	5.167826590803976244e-02	-4.093443143983734045e-02	3.870532411456819449e-02	-4.592276358598425950e-02	1.824035263893350467e-02	-1.726165772560436448e-02	3.142796377254402501e-02	-3.012584495855569200e-02	2.209727310944004444e-02	-2.800294135176827678e-03	2.735557487377869405e-03	-2.064386522921533851e-02	2.476084973211964760e-02	-2.339908251866618452e-02
5.982233531654577302e-02	-7.823321553370921055e-02	6.729317402430955164e-02	-4.552835537431307311e-02	4.869437097074171689e-02	-5.417622630593553479e-02	7.973844232477554639e-02	-9.344934940671352497e-02	4.160272292352187873e-02	-4.106152452537433634e-02	7.660589353991004158e-02	-1.536277627688219516e-01	2.210503874230871635e-01	-8.797842741305129666e-01	1.708818767125730720e-01	-7.376723001892508680e-02	1.290209592700878038e-01	-2.547074243385932246e-01	9.999999999999992228e-01	-1.896215832196998241e-01	6.511167486330038390e-02	-6.633002902813149582e-02	7.578138357546244930e-02	-1.179918569552195901e-01	1.099907652239470873e-01	-5.379366248685432672e-02	5.113787015601391900e-02	-6.770494278562719237e-02	1.023561451866215888e-01	-5.281032766211644219e-02	3.883023657284494917e-02	-3.731474252807833597e-02	3.574111121263305602e-02	-3.597718583800085801e-02	5.669135360437183024e-02	-1.544785331130488389e-02	1.457358421930606343e-02	-2.827160462727837734e-02	2.849485876050937908e-02	-2.375194041238348069e-02	2.450915686987875132e-03	-2.392533771183056289e-03	1.921183300463255930e-02	-2.300530897793510651e-02	2.496881601136146864e-02
-3.161913728946946084e-02	3.978907545019028796e-02	-3.753502435978256502e-02	4.615296427646314176e-02	-5.694563321882864515e-02	2.729084143812558413e-02	-3.899230342934891652e-02	4.684811793811439334e-02	-7.040697925472796936e-02	7.325269123969289919e-02	-3.728761619791531173e-02	5.856127877912520319e-02	-7.521182197484235776e-02	1.622098915569477329e-01	-9.109990936491739744e-01	3.504258074631072528e-02	-5.641730317892072744e-02	7.487544706150517371e-02	-1.896215832196998241e-01	9.999999999999998890e-01	-4.658186343156354992e-02	4.546536039488915937e-02	-6.093145824646210157e-02	9.948329559778021358e-02	-2.305585041196418217e-01	4.178197928656206955e-02	-4.067101425018276872e-02	5.703369629147452685e-02	-1.018158844500686999e-01	8.475668887199834522e-02	-3.481873647393433913e-02	3.330106488958346073e-02	-3.742893379848762081e-02	3.909347229420485209e-02	-8.883766914272719917e-02	1.562536953146729038e-02	-1.478891198992935731e-02	3.039135333263347921e-02	-3.204815173568867359e-02	3.106815611083498657e-02	-2.567718096947714697e-03	2.503740294127331824e-03	-2.149457372081668011e-02	2.551980451443789516e-02	-3.281214317639535166e-02
6.463890038870939714e-02	-7.278112947226485219e-02	5.139782992375881154e-02	-3.170174980065102593e-02	3.348925828274339905e-02	-6.091578473330093446e-02	7.463282946575448829e-02	-6.896477689870365857e-02	2.177710374251119740e-02	-2.072921180061482876e-02	1.503603528646144938e-01	-1.494356815326384758e-01	9.388663492408023947e-02	-5.953524355338514484e-02	4.798466221750370686e-02	-1.946120600741462203e-01	1.756223592150096824e-01	-1.215706358223262451e-01	6.511167486330038390e-02	-4.658186343156354992e-02	9.999999999999990008e-01	-6.100985286959803577e-01	2.815011437876798195e-01	-9.686927021299171492e-02	1.073244243316061747e-01	-5.629234673486815943e-01	2.965054505425548936e-01	-3.121939758568954004e-01	1.097401986553997316e-01	-6.069197731893661435e-02	1.843101080672659986e-01	-1.862146770322939404e-01	1.134307862587860816e-01	-1.043898680372726678e-01	7.257158942732627738e-02	-5.314973716296828021e-02	4.934898566478557874e-02	-8.659806692829673247e-02	7.631668616609568745e-02	-4.712378302169951960e-02	7.680971569274808695e-03	-7.534650864124765174e-03	5.329044911457814920e-02	-6.548133738582449792e-02	4.886999439258157829e-02
-6.210837280437310481e-02	6.914665608625697457e-02	-4.984315233641496007e-02	3.047163952396587591e-02	-3.246743938653352118e-02	5.746363127517406522e-02	-7.266238382314421651e-02	6.614632312577714557e-02	-2.105405844969899382e-02	1.999104575459033015e-02	-1.340612334953514284e-01	1.497703350223807128e-01	-9.775363926980927542e-02	5.967937693742728783e-02	-4.696637268212255911e-02	1.418820454320690594e-01	-2.370984674307099471e-01	1.247465624382371741e-01	-6.633002902813149582e-02	4.546536039488915937e-02	-6.100985286959803577e-01	9.999999999999986677e-01	-5.325341770966762756e-01	1.044762657006543527e-01	-1.070724282008319872e-01	2.916818457507253659e-01	-3.875400377200751700e-01	2.896210985237596125e-01	-1.167175706043677985e-01	5.866708972318523951e-02	-1.652771639851774998e-01	1.552146646598638879e-01	-1.024020532138081307e-01	9.076839342913974040e-02	-6.932772304291379140e-02	4.460950540484957122e-02	-4.243821514023357611e-02	7.461422975539321045e-02	-6.774641748492310489e-02	4.220506972755113523e-02	-6.604696576828820130e-03	6.464680575665876505e-03	-4.646854937065985486e-02	5.596524284148970962e-02	-4.416581203331867295e-02
5.644775712075319335e-02	-6.593944087834503753e-02	4.797575381281025259e-02	-3.137658562535880491e-02	3.348237763811209855e-02	-5.224965097725587510e-02	6.677383350906195003e-02	-6.419009014284374204e-02	2.277025042041021588e-02	-2.198479352944493134e-02	1.021120079668317304e-01	-1.301192007582239740e-01	9.212825856107485778e-02	-6.877815056630443014e-02	6.129681606560308249e-02	-1.087167799796735917e-01	1.513976522627554777e-01	-1.223057212546648786e-01	7.578138357546244930e-02	-6.093145824646210157e-02	2.815011437876798195e-01	-5.325341770966762756e-01	9.999999999999993339e-01	-1.937315394478079655e-01	1.545619481383271876e-01	-3.016844251079288108e-01	2.907298664920640596e-01	-6.267674347587616213e-01	1.796838527737383562e-01	-8.761320047611539930e-02	1.696091392750706528e-01	-1.777282088843978869e-01	1.458894119744700291e-01	-1.354547068731489778e-01	9.952764944997267993e-02	-5.902182558496370940e-02	5.496009137975562536e-02	-1.095836905564797764e-01	9.725981785248873079e-02	-6.110735142194930608e-02	8.778402517756056164e-03	-8.610810254956590554e-03	6.680090757167606030e-02	-8.210698443983234507e-02	6.307891057624832876e-02
-2.939856345015779207e-02	3.458701510543082253e-02	-2.737056339444772501e-02	2.136130678092587956e-02	-2.362165347890583453e-02	2.621368607775537846e-02	-3.464413655337359593e-02	3.610649500213509999e-02	-1.910194961882086609e-02	1.910351908913052871e-02	-4.440040784946370361e-02	5.910107013763336858e-02	-5.703011447571313536e-02	9.444517225769988311e-02	-9.410499835765000209e-02	4.394417459226383771e-02	-6.286084968473173995e-02	6.629314383368496710e-02	-1.179918569552195901e-01	9.948329559778021358e-02	-9.686927021299171492e-02	1.044762657006543527e-01	-1.937315394478079655e-01	9.999999999999972244e-01	-4.405928119521335673e-01	9.320663439147351681e-02	-9.787594763550362675e-02	1.582381170203981113e-01	-8.014684797780838865e-01	1.731978918151899638e-01	-7.776380567450844050e-02	7.536609076007583230e-02	-9.589510170646360632e-02	1.050520758909652130e-01	-1.637317566548006642e-01	3.270850915007041809e-02	-3.113173602449680749e-02	7.085316208333651555e-02	-7.833316771898714281e-02	6.097881218048678553e-02	-5.241712940167152397e-03	5.126876540742340491e-03	-4.657363072948999400e-02	5.489082683334278734e-02	-6.296019539346231486e-02
3.971006096691412357e-02	-4.702587182592942588e-02	3.788427415438611751e-02	-3.348821808541049827e-02	3.751941369747516242e-02	-3.486449665490588823e-02	4.598237966690633949e-02	-4.944814623298415118e-02	3.167464465993681533e-02	-3.224413433844900562e-02	5.502552560771400980e-02	-7.282872161395322064e-02	6.832968835152944398e-02	-1.005698417019902507e-01	1.745098825026453748e-01	-5.381967510017742623e-02	7.577855335465874531e-02	-7.915280051380466086e-02	1.099907652239470873e-01	-2.305585041196418217e-01	1.073244243316061747e-01	-1.070724282008319872e-01	1.545619481383271876e-01	-4.405928119521335673e-01	9.999999999999978906e-01	-1.064105112118265833e-01	1.034787301649371660e-01	-1.580221466483996973e-01	2.875920627300826427e-01	-4.167824162841793911e-01	9.322492290767203649e-02	-9.129629309175567309e-02	1.073686640689120869e-01	-1.179149103318261477e-01	2.696316680931819532e-01	-4.541000708108766659e-02	4.261053065951153629e-02	-9.054125383016509154e-02	9.449400215221875898e-02	-9.981083676987757836e-02	7.515034885383886296e-03	-7.337736516749768061e-03	6.414307672429732377e-02	-7.757664326877566907e-02	9.932256403034439574e-02
-4.879552295351510111e-02	5.225321683042226384e-02	-3.809648194781711794e-02	2.428693766971084383e-02	-2.609087284759603609e-02	4.441742743984670311e-02	-5.476132057273012249e-02	5.007221477725427167e-02	-1.730506818644774250e-02	1.655712733759492905e-02	-1.092063894154600007e-01	1.001630527189603520e-01	-6.953206136995451758e-02	4.786696801930397788e-02	-4.336628064736114396e-02	1.111144803200166536e-01	-1.255961344895254739e-01	8.552198065136765170e-02	-5.379366248685432672e-02	4.178197928656206955e-02	-5.629234673486815943e-01	2.916818457507253659e-01	-3.016844251079288108e-01	9.320663439147351681e-02	-1.064105112118265833e-01	9.999999999999980016e-01	-5.911495083100587467e-01	2.770798731681353155e-01	-1.116345912206938296e-01	5.998158798169919009e-02	-3.391577575024627977e-01	2.386642675172472305e-01	-1.266419178883821661e-01	1.079734138914023450e-01	-7.279306543167304855e-02	5.883337545229364723e-02	-5.657595663297212973e-02	8.970304646265736537e-02	-8.070879668117073025e-02	4.769295899502873359e-02	-8.475738346481881402e-03	8.298861699159242045e-03	-5.524293826189020234e-02	6.583271253583089511e-02	-5.003939766062254213e-02
4.285973702327573048e-02	-4.842811230969077535e-02	3.508319994939250452e-02	-2.258149883529773222e-02	2.413992869243008696e-02	-3.948170792008244556e-02	4.972617942721062334e-02	-4.666154064077030622e-02	1.618082644709097420e-02	-1.553855098479232054e-02	8.513235974449456789e-02	-9.569906185961181422e-02	6.498068079677506159e-02	-4.599351744479211745e-02	4.172621807123675503e-02	-9.003475222021914415e-02	1.161313115568497201e-01	-8.271165632977309223e-02	5.113787015601391900e-02	-4.067101425018276872e-02	2.965054505425548936e-01	-3.875400377200751700e-01	2.907298664920640596e-01	-9.787594763550362675e-02	1.034787301649371660e-01	-5.911495083100587467e-01	9.999999999999976685e-01	-5.244885285516688311e-01	1.150708617692284552e-01	-6.056085969469388042e-02	2.442314793723632249e-01	-3.134277680108533137e-01	1.434065509265331217e-01	-1.225252445877888924e-01	7.201696436785808009e-02	-6.075207935412024057e-02	5.776924161064278529e-02	-1.000410079157446619e-01	8.698514165824530742e-02	-4.960029628106694954e-02	8.561412168254720068e-03	-8.414549023879109094e-03	5.873374298774068636e-02	-7.082840542152613050e-02	5.135944449118093336e-02
-4.967851946715409056e-02	5.455683759702124880e-02	-4.052294848616680434e-02	2.692391807215766680e-02	-2.913994591686409202e-02	4.485543211924927082e-02	-5.661165047009506651e-02	5.319161216796056135e-02	-2.005188874912069985e-02	1.936357020062263665e-02	-9.640961594996684536e-02	1.018823689482298150e-01	-7.621911019101891560e-02	5.960968631980833460e-02	-5.848609216422760021e-02	9.600072246470053861e-02	-1.262635655302096205e-01	9.346131246054936725e-02	-6.770494278562719237e-02	5.703369629147452685e-02	-3.121939758568954004e-01	2.896210985237596125e-01	-6.267674347587616213e-01	1.582381170203981113e-01	-1.580221466483996973e-01	2.770798731681353155e-01	-5.244885285516688311e-01	9.999999999999983347e-01	-2.069567975675895288e-01	8.898232631087057976e-02	-2.118675692132796773e-01	1.964766850728706382e-01	-2.046822962924227107e-01	1.495198608128267548e-01	-1.052285319496509552e-01	6.179178537642263797e-02	-6.018133199406468931e-02	1.206974205763212959e-01	-1.119299219127887490e-01	6.476364795877384561e-02	-9.434378795895441774e-03	9.222845367927105797e-03	-7.379421002998909351e-02	8.577030268005617075e-02	-6.824688030759551438e-02
3.360822161853373874e-02	-3.955175191057474365e-02	3.101909461552128724e-02	-2.442840902396047759e-02	2.688496346147641394e-02	-2.997461838302184489e-02	3.930899585001176172e-02	-4.094464679256529932e-02	2.117774988937429562e-02	-2.121153187523613232e-02	5.036427188914056885e-02	-6.624930328755990194e-02	6.100871114286718355e-02	-9.372016907826362375e-02	9.286965515420431139e-02	-5.001290867586169475e-02	7.012327837905914241e-02	-7.230010681809230511e-02	1.023561451866215888e-01	-1.018158844500686999e-01	1.097401986553997316e-01	-1.167175706043677985e-01	1.796838527737383562e-01	-8.014684797780838865e-01	2.875920627300826427e-01	-1.116345912206938296e-01	1.150708617692284552e-01	-2.069567975675895288e-01	9.999999999999988898e-01	-2.103448436449913972e-01	9.338026340682833992e-02	-9.279572468828579945e-02	1.175084342121486547e-01	-1.442405093004878180e-01	1.724409838216617585e-01	-4.107201735917705848e-02	3.879404939282108528e-02	-8.963265382506795109e-02	9.644948964856268903e-02	-7.405250369701892044e-02	6.568772150516443559e-03	-6.430717246783297647e-03	5.795226788017427549e-02	-6.935571402873172420e-02	7.484623576817273083e-02
-1.988794653719533692e-02	2.320707329659282142e-02	-1.850521458699084035e-02	1.570865848943072199e-02	-1.758814863128268027e-02	1.751271498898117340e-02	-2.295211431309844563e-02	2.413858454754509719e-02	-1.466456081689892881e-02	1.480612210708858248e-02	-2.872077416483075074e-02	3.672721957404194437e-02	-3.374867979350638231e-02	4.686091801142757557e-02	-7.940395348474416082e-02	2.809607333075892638e-02	-3.910623221828462420e-02	3.910139749586910574e-02	-5.281032766211644219e-02	8.475668887199834522e-02	-6.069197731893661435e-02	5.866708972318523951e-02	-8.761320047611539930e-02	1.731978918151899638e-01	-4.167824162841793911e-01	5.998158798169919009e-02	-6.056085969469388042e-02	8.898232631087057976e-02	-2.103448436449913972e-01	9.999999999999982236e-01	-6.080137941449074990e-02	5.841396468277722936e-02	-8.905163987373992951e-02	1.023210002968340665e-01	-8.211634350620061751e-01	2.992221845396580635e-02	-2.859032621318240847e-02	7.206227729948512517e-02	-8.520627984885917328e-02	1.164110127963325358e-01	-4.879788571437794140e-03	4.776030396768717393e-03	-5.201128000285665243e-02	6.043872929817759032e-02	-1.206907017258704307e-01
2.987023687207818884e-02	-3.350903905676472921e-02	2.464053348142808408e-02	-1.664781631613534291e-02	1.793462731301810262e-02	-2.719068521444734793e-02	3.420922170934618395e-02	-3.258886019742954915e-02	1.238719768555746580e-02	-1.201724518874126846e-02	5.657329048177546504e-02	-6.171539002122075623e-02	4.421161019646277501e-02	-3.471807786402329732e-02	3.571766822927846530e-02	-5.829721378995731534e-02	7.222451593702515493e-02	-5.484853154756465926e-02	3.883023657284494917e-02	-3.481873647393433913e-02	1.843101080672659986e-01	-1.652771639851774998e-01	1.696091392750706528e-01	-7.776380567450844050e-02	9.322492290767203649e-02	-3.391577575024627977e-01	2.442314793723632249e-01	-2.118675692132796773e-01	9.338026340682833992e-02	-6.080137941449074990e-02	9.999999999999990008e-01	-8.207522830672978609e-01	2.058921222086577962e-01	-1.882081104211901501e-01	7.393695650609749537e-02	-1.190639066004048618e-01	1.063549375398149255e-01	-1.547711765037822207e-01	1.245324904812680905e-01	-6.474418909683155032e-02	1.475556640072884194e-02	-1.461525833234267151e-02	8.480302925284828597e-02	-1.055571944968926035e-01	6.539328661456773883e-02
-2.862965993537414447e-02	3.156340260298678979e-02	-2.333679382176249983e-02	1.570533673946881287e-02	-1.698146289744097148e-02	2.589929827689379724e-02	-3.253171500422653156e-02	3.069674983315497444e-02	-1.172996587702891495e-02	1.135934363731307822e-02	-5.550167983203963679e-02	5.798112919170222979e-02	-4.219420095688591194e-02	3.308747420745529466e-02	-3.432912161486613434e-02	5.591471095096287036e-02	-6.982064964698991849e-02	5.167826590803976244e-02	-3.731474252807833597e-02	3.330106488958346073e-02	-1.862146770322939404e-01	1.552146646598638879e-01	-1.777282088843978869e-01	7.536609076007583230e-02	-9.129629309175567309e-02	2.386642675172472305e-01	-3.134277680108533137e-01	1.964766850728706382e-01	-9.279572468828579945e-02	5.841396468277722936e-02	-8.207522830672978609e-01	9.999999999999992228e-01	-2.836326305727316921e-01	1.756594651618258451e-01	-7.234776485461501261e-02	1.078616486605064179e-01	-1.153923517988671987e-01	1.458418421251808095e-01	-1.268623914065686031e-01	6.152410668648890940e-02	-1.458897448708097906e-02	1.438304291546747306e-02	-8.222505142937888700e-02	9.489142569621186740e-02	-6.381873163322802911e-02
2.215014717100028882e-02	-2.481309591527312147e-02	1.869744171448909156e-02	-1.340391208754856782e-02	1.462005942009689773e-02	-1.989408976426012762e-02	2.527051563345299873e-02	-2.455387095411361298e-02	1.062327059215745911e-02	-1.043189351920559976e-02	3.944943874838183900e-02	-4.366152502480615677e-02	3.384353655636978403e-02	-3.177410727827465614e-02	3.748367714179016985e-02	-3.941109689787977710e-02	5.088419905515811914e-02	-4.093443143983734045e-02	3.574111121263305602e-02	-3.742893379848762081e-02	1.134307862587860816e-01	-1.024020532138081307e-01	1.458894119744700291e-01	-9.589510170646360632e-02	1.073686640689120869e-01	-1.266419178883821661e-01	1.434065509265331217e-01	-2.046822962924227107e-01	1.175084342121486547e-01	-8.905163987373992951e-02	2.058921222086577962e-01	-2.836326305727316921e-01	9.999999999999998890e-01	-6.782212991205497365e-01	1.072427738853876794e-01	-9.980700691852639750e-02	9.531539047711275192e-02	-4.751366081799425212e-01	3.064896747459957549e-01	-1.205275418262343190e-01	1.384796668228108728e-02	-1.378707273012746461e-02	1.756776242305165547e-01	-2.113323830975139817e-01	1.180683773888218518e-01
-2.095190878047046429e-02	2.341555308934919685e-02	-1.776611042551501374e-02	1.291247930903389324e-02	-1.413805112056037809e-02	1.874380808332354667e-02	-2.386565480477710263e-02	2.327553628701448801e-02	-1.042718799766874892e-02	1.026413820982480588e-02	-3.691045706155462319e-02	4.074018355252721768e-02	-3.229136012466845423e-02	3.185580274234314779e-02	-3.906809089600985635e-02	3.652285149968644007e-02	-4.743097008639799578e-02	3.870532411456819449e-02	-3.597718583800085801e-02	3.909347229420485209e-02	-1.043898680372726678e-01	9.076839342913974040e-02	-1.354547068731489778e-01	1.050520758909652130e-01	-1.179149103318261477e-01	1.079734138914023450e-01	-1.225252445877888924e-01	1.495198608128267548e-01	-1.442405093004878180e-01	1.023210002968340665e-01	-1.882081104211901501e-01	1.756594651618258451e-01	-6.782212991205497365e-01	1.000000000000000666e+00	-1.367463112011991500e-01	7.991447094929080008e-02	-8.040165080093927830e-02	3.013425849708845083e-01	-5.543528857544248734e-01	1.362512431613620290e-01	-1.192761300506770331e-02	1.177152378752883630e-02	-1.569307010113174805e-01	1.670361271062095754e-01	-1.422269988637439031e-01
