1.000000000000000000e+00	-6.544617697475604290e-01	1.631199367674136258e-01	-1.074058148750876296e-01	6.939193257412257232e-02	-6.569167593397422511e-01	3.130252451322127483e-01	-1.675680678701526871e-01	1.257840976507460240e-01	-7.385157649004178704e-02	9.017250771609594540e-02	-1.218147338681074138e-01	1.432501014621199442e-01	-9.822896948271084283e-02	6.804593115727744501e-02	-9.241383256161370130e-02	7.948900238488348924e-02	-6.857389945301642364e-02	7.275604253516107511e-02	-5.619597610197937104e-02	7.756741983475921864e-02	-6.600255765834778243e-02	5.790207973251267765e-02	-6.851338231244392951e-02	4.776858455582682489e-02	-6.283934253273876225e-02	5.205197447989308446e-02	-5.399878973088328288e-02	7.299649959863131754e-02	-6.645691804759000509e-02	4.923386665449278748e-02	-3.883659398692321935e-02	3.891820877557249092e-02	-3.163356426686132067e-02	3.139812344043669406e-02	-4.248595425781240276e-02	3.804033399932836568e-02	-4.037056550239171565e-02	3.311991780747789577e-02	-2.216750635362185404e-02	6.275451014693114726e-02	-3.139326031827718855e-02	2.331593497748011765e-02	-8.172451995091797872e-03	8.179838055105179140e-03
-6.544617697475604290e-01	1.000000000000000000e+00	-2.671563695992648091e-01	1.418430509544253149e-01	-9.336792137934700475e-02	3.308216070129186281e-01	-5.705328517060462845e-01	2.216210252926661128e-01	-1.767823979181979699e-01	9.474799409748230206e-02	-1.011176146038530593e-01	1.425939625210580763e-01	-1.931442827151233776e-01	1.244438177992830130e-01	-8.849128042383966330e-02	1.017990718458326865e-01	-9.794568002559027320e-02	8.394738907424009744e-02	-9.331095522041404910e-02	7.105844768285768387e-02	-9.511163110469719739e-02	7.984303145222301779e-02	-7.185072882066877165e-02	8.537162034272890998e-02	-6.069973618091425993e-02	7.570708636949240178e-02	-6.395484587126351594e-02	6.592747869405474193e-02	-9.259721861946189347e-02	8.272891595064003900e-02	-6.049605865984318542e-02	4.749296750912725129e-02	-4.778702715774581222e-02	3.991842548259613016e-02	-3.975987941510736312e-02	5.191630668173445595e-02	-4.670222569667834001e-02	4.932556311481646472e-02	-4.191332013150779467e-02	2.796139249549663142e-02	-7.747738217436705987e-02	3.830713215242980557e-02	-2.854458014599471974e-02	1.026625368641401366e-02	-1.028597626395795668e-02
1.631199367674136258e-01	-2.671563695992648091e-01	9.999999999999997780e-01	-5.317638942021097881e-01	2.208199753434597623e-01	-2.019680081761551227e-01	2.268258548007902886e-01	-5.846361234835483200e-01	3.064386463410625483e-01	-2.418990597116724428e-01	1.020731754471071451e-01	-1.587382409709559017e-01	2.475589232253724015e-01	-2.318281044782215250e-01	1.689550588102573803e-01	-1.261939060735054463e-01	1.205484239374606248e-01	-1.304002691201731623e-01	1.537710106673688404e-01	-1.412364085809873770e-01	1.207243399740178941e-01	-1.110519139133276795e-01	1.074625516273157860e-01	-1.412906450326835983e-01	1.114568216409396184e-01	-1.074666677036332785e-01	8.986710802442955670e-02	-9.689508255516854351e-02	1.416494280670948791e-01	-1.591308896508840665e-01	8.521684861333586603e-02	-6.885312651415742558e-02	6.931890990959400922e-02	-6.174556686421007329e-02	6.114728172357718899e-02	-7.526204383869555814e-02	6.740051983403926028e-02	-7.303877975494670050e-02	6.381054713193422268e-02	-4.322001295673112004e-02	1.114487288676600379e-01	-5.707229526662181002e-02	4.212644617749923548e-02	-1.572781136488684769e-02	1.571796793113362789e-02
-1.074058148750876296e-01	1.418430509544253149e-01	-5.317638942021097881e-01	9.999999999999995559e-01	-5.217357451994324435e-01	1.224197288198586725e-01	-1.477487406779629253e-01	2.677293968655390932e-01	-4.570867803280389552e-01	2.780533864192459848e-01	-8.007567646335225775e-02	1.206106495931970335e-01	-2.247142006382973900e-01	2.200396295907832700e-01	-2.124561738528314425e-01	9.867689873193463690e-02	-1.029686943011081379e-01	1.149659448547752372e-01	-1.586528219582037380e-01	1.446656916502105095e-01	-1.036316652848281589e-01	9.442974475506946130e-02	-9.838439049051131424e-02	1.312210977705337289e-01	-1.175852439794284887e-01	9.000902686865487612e-02	-7.879766133802806882e-02	8.421903170611803879e-02	-1.403170751310051090e-01	1.491494298910362171e-01	-7.385865871204010114e-02	5.959865652774243988e-02	-6.071470459098293054e-02	6.002634223271253316e-02	-6.015172940184868033e-02	6.456457080585929764e-02	-5.873620269398951294e-02	6.306207508081211610e-02	-6.260703792766010578e-02	4.194057659396914495e-02	-9.722844166126196064e-02	4.896827107921914585e-02	-3.648978572965226597e-02	1.503802544976138786e-02	-1.507888349171430074e-02
6.939193257412257232e-02	-9.336792137934700475e-02	2.208199753434597623e-01	-5.217357451994324435e-01	9.999999999999990008e-01	-8.312910475812469724e-02	9.400770316474153787e-02	-1.657893497917843351e-01	2.236916203908199119e-01	-7.176258402692303751e-01	5.995064540822442334e-02	-9.082229487216965380e-02	1.540649071393823122e-01	-1.811937785832903325e-01	2.304674554430585776e-01	-7.641493401010257536e-02	8.038639289762419815e-02	-9.577168753869645668e-02	1.278314717208445805e-01	-1.748573564164570548e-01	8.110573195620682241e-02	-7.592076359038145428e-02	8.037182095182572594e-02	-1.122595907456994113e-01	1.203547311272139403e-01	-7.228576755188770298e-02	6.333483898738241635e-02	-6.873248160780869032e-02	1.150790585945249550e-01	-1.654572483515183157e-01	5.915233738304733618e-02	-4.828231851199232816e-02	4.919773102668733439e-02	-5.020770683970798842e-02	5.010485057394570285e-02	-5.213166738919949167e-02	4.744602982431737892e-02	-5.144453927717505121e-02	5.146306958683789790e-02	-3.520122272651346473e-02	7.804645006387617157e-02	-4.000710954098253558e-02	2.971384944278055579e-02	-1.251963398388184281e-02	1.251517041673788286e-02
-6.569167593397422511e-01	3.308216070129186281e-01	-2.019680081761551227e-01	1.224197288198586725e-01	-8.312910475812469724e-02	9.999999999999995559e-01	-5.953655873706936719e-01	2.038915613062978194e-01	-1.650831638514581312e-01	8.520078447134697697e-02	-1.280565734090154673e-01	1.530622179068275024e-01	-1.904211359440674822e-01	1.176105001716155479e-01	-8.233255155871133102e-02	1.136681655359515625e-01	-1.018078870010376002e-01	8.283332721767126816e-02	-8.956972163597994030e-02	6.644412571084674923e-02	-9.850213170985533395e-02	8.100128914273778402e-02	-7.115227252499059518e-02	8.265534321086744074e-02	-5.727291031597439575e-02	7.659728281772157366e-02	-6.430761013089220102e-02	6.573431458544536088e-02	-9.024496864012844510e-02	7.803610049803597071e-02	-6.068305613391678649e-02	4.744153326589154590e-02	-4.765414112280759451e-02	3.889870296010190798e-02	-3.872752958693811975e-02	5.184216656545462959e-02	-4.661023743121751883e-02	4.903666016230709412e-02	-4.090107468750505543e-02	2.725154859973792990e-02	-7.704742359287720943e-02	3.803485848407787973e-02	-2.836876877556730042e-02	1.003435766375014755e-02	-1.005416435812624132e-02
3.130252451322127483e-01	-5.705328517060462845e-01	2.268258548007902886e-01	-1.477487406779629253e-01	9.400770316474153787e-02	-5.953655873706936719e-01	9.999999999999995559e-01	-3.653976382471818551e-01	1.869477787762418852e-01	-9.974628134253354927e-02	1.249587003332091606e-01	-2.058032977117383033e-01	2.025130135509286278e-01	-1.379293692039472996e-01	9.139387014582572855e-02	-1.233099270760121824e-01	1.116278557316948278e-01	-9.297926345546612958e-02	9.925636262121208253e-02	-7.527745790865618403e-02	1.042887117862885266e-01	-9.019198248791160388e-02	7.847636842529256973e-02	-9.262465315838394608e-02	6.377029238720707816e-02	-8.373143964693473273e-02	7.021549555758156702e-02	-7.250909045928169427e-02	9.773369986314618674e-02	-8.837453986060635203e-02	6.562540922775021712e-02	-5.196990289765034826e-02	5.207869678777127254e-02	-4.228795983102346528e-02	4.193800603221381484e-02	-5.656188459058594797e-02	5.080474745161928790e-02	-5.388194325181351607e-02	4.423837735614766231e-02	-2.960294746939304278e-02	8.325872884521065553e-02	-4.183367747316293211e-02	3.109004466580538723e-02	-1.090530624679771077e-02	1.091508306795941144e-02
-1.675680678701526871e-01	2.216210252926661128e-01	-5.846361234835483200e-01	2.677293968655390932e-01	-1.657893497917843351e-01	2.038915613062978194e-01	-3.653976382471818551e-01	1.000000000000000222e+00	-4.991872977814787449e-01	1.661074839851081619e-01	-1.064773528299343130e-01	1.639488993418894425e-01	-3.651565201630024293e-01	2.267289517397992893e-01	-1.452573749528702496e-01	1.234806705526594328e-01	-1.205612765744628334e-01	1.229469137727122047e-01	-1.534073319684462755e-01	1.155005315211292405e-01	-1.185419672781111572e-01	1.068407928373861226e-01	-1.032640835182628142e-01	1.321387342645279073e-01	-9.586652323926475594e-02	1.020268951318040601e-01	-8.636842958633082767e-02	9.171773078567317661e-02	-1.357900889276898171e-01	1.304352442671962431e-01	-8.135633370162181910e-02	6.531034372452944325e-02	-6.585865777444405156e-02	5.845479567387366210e-02	-5.806727218502185511e-02	7.120096692381487624e-02	-6.403742925618063908e-02	6.879551095314261067e-02	-6.091612924078845109e-02	4.082536644000934328e-02	-1.057314270854581850e-01	5.358697835809807242e-02	-3.971830161474171339e-02	1.487150755184639753e-02	-1.488910882027651497e-02
1.257840976507460240e-01	-1.767823979181979699e-01	3.064386463410625483e-01	-4.570867803280389552e-01	2.236916203908199119e-01	-1.650831638514581312e-01	1.869477787762418852e-01	-4.991872977814787449e-01	9.999999999999997780e-01	-2.666697398681600606e-01	1.020896384739738982e-01	-1.577992355869301533e-01	2.621449390205413121e-01	-4.839846631347661798e-01	1.987885225169304104e-01	-1.287055104799562644e-01	1.310618201646693570e-01	-1.580133150021793553e-01	2.178277011338385083e-01	-1.641865460025482004e-01	1.292858120950985956e-01	-1.225940879968759334e-01	1.297411300049577665e-01	-1.840839099727608896e-01	1.289687155670533880e-01	-1.151137774868304653e-01	9.959781100732512105e-02	-1.073828587070624202e-01	1.686548087620443059e-01	-1.784664028485704601e-01	9.248613020447911393e-02	-7.553641224193333170e-02	7.649805477373666784e-02	-7.267049677208442526e-02	7.168738464177601410e-02	-8.158919746590995170e-02	7.389851539725829366e-02	-8.007748021504451641e-02	7.472455034127935269e-02	-5.047174886634617219e-02	1.207651778515547031e-01	-6.231414615423720715e-02	4.615562613670825404e-02	-1.819136792658612722e-02	1.819172135026611570e-02
-7.385157649004178704e-02	9.474799409748230206e-02	-2.418990597116724428e-01	2.780533864192459848e-01	-7.176258402692303751e-01	8.520078447134697697e-02	-9.974628134253354927e-02	1.661074839851081619e-01	-2.666697398681600606e-01	9.999999999999990008e-01	-6.507978340693834629e-02	9.733319215199252861e-02	-1.782145886274232316e-01	1.893081283289489436e-01	-4.357215189377444120e-01	8.194938843875998469e-02	-8.883676785502772622e-02	1.039616212100256953e-01	-1.487373248257486680e-01	2.013735971579117823e-01	-8.985295009272901978e-02	8.290228621285668231e-02	-8.953674666038560770e-02	1.231786916922272823e-01	-1.503672038682849488e-01	7.857245597142308025e-02	-7.020304111215955323e-02	7.554328903127453809e-02	-1.341434423325589542e-01	1.735537264221425346e-01	-6.532103771708587525e-02	5.308400902352763268e-02	-5.439325831378860610e-02	5.764168876992608465e-02	-5.801888086742005429e-02	5.715496303148577539e-02	-5.237949721186805491e-02	5.637344422544431771e-02	-5.974711193223661287e-02	4.037090681289193239e-02	-8.641079085923353276e-02	4.368190871701853328e-02	-3.262928407138634967e-02	1.430271145117791021e-02	-1.433628397175666647e-02
9.017250771609594540e-02	-1.011176146038530593e-01	1.020731754471071451e-01	-8.007567646335225775e-02	5.995064540822442334e-02	-1.280565734090154673e-01	1.249587003332091606e-01	-1.064773528299343130e-01	1.020896384739738982e-01	-6.507978340693834629e-02	1.000000000000001776e+00	-6.091238883612475341e-01	2.144089783978303798e-01	-1.098657434581522263e-01	7.394385438360694118e-02	-6.845360238994320223e-01	2.252475376429708687e-01	-1.259309610660283851e-01	9.706403646475743330e-02	-6.379899477138124830e-02	2.028268309844358797e-01	-1.575860116874838734e-01	1.072160664263115126e-01	-1.018976839111047639e-01	5.766213360118114389e-02	-1.432281387704401332e-01	1.086686452227549893e-01	-1.059545217611636420e-01	1.121955204856028149e-01	-8.049164866186085676e-02	9.781229606674138322e-02	-7.613735773047168587e-02	7.464684684513439583e-02	-4.870499030374433880e-02	4.789463399917938402e-02	-8.213141418551578310e-02	7.295405833582352395e-02	-7.556304194990007272e-02	5.128639352994725231e-02	-3.412877632425031366e-02	1.122776958133794162e-01	-5.783763743071783370e-02	4.317124718384439397e-02	-1.291120285344619575e-02	1.291013162970732972e-02
-1.218147338681074138e-01	1.425939625210580763e-01	-1.587382409709559017e-01	1.206106495931970335e-01	-9.082229487216965380e-02	1.530622179068275024e-01	-2.058032977117383033e-01	1.639488993418894425e-01	-1.577992355869301533e-01	9.733319215199252861e-02	-6.091238883612475341e-01	1.000000000000000000e+00	-4.117692407370255880e-01	1.634288514582403207e-01	-1.111681853211672621e-01	3.187146419618598348e-01	-3.926724684271120647e-01	1.765491988501985965e-01	-1.451671069238660849e-01	9.439762467929331546e-02	-2.653173052654309028e-01	2.145138561217594941e-01	-1.569803896613225225e-01	1.475526543047525063e-01	-8.559743365249181113e-02	1.752683632414349657e-01	-1.561035453862934519e-01	1.463177698865791576e-01	-1.673803798781468288e-01	1.178365358247898814e-01	-1.362947554479226053e-01	1.056128156079882141e-01	-1.052440653773019513e-01	7.200974964349632357e-02	-7.128141617600249058e-02	1.123340500942139747e-01	-1.026138673930663131e-01	1.046777498399112383e-01	-7.618160212162466971e-02	5.043206179907962911e-02	-1.620807563631534443e-01	8.004964583691653868e-02	-6.031027438870539825e-02	1.892228978076301513e-02	-1.895647812997060949e-02
1.432501014621199442e-01	-1.931442827151233776e-01	2.475589232253724015e-01	-2.247142006382973900e-01	1.540649071393823122e-01	-1.904211359440674822e-01	2.025130135509286278e-01	-3.651565201630024293e-01	2.621449390205413121e-01	-1.782145886274232316e-01	2.144089783978303798e-01	-4.117692407370255880e-01	9.999999999999981126e-01	-3.458046240856910147e-01	1.825321047538527863e-01	-2.859336692396425295e-01	2.378136766299948079e-01	-2.417689115181992088e-01	2.241892495058046553e-01	-1.643027780663778858e-01	2.350489191994192539e-01	-2.237381188399300280e-01	1.899295863201804768e-01	-2.314487257897936689e-01	1.402848260036090866e-01	-2.211639158098997748e-01	1.725232222688604655e-01	-1.886312459354587967e-01	2.240744861460085280e-01	-2.070877008883492409e-01	1.661887314114521563e-01	-1.347892087575971731e-01	1.333710724985436580e-01	-9.900555629271734492e-02	9.672127089905974140e-02	-1.493988933295349042e-01	1.306378693116312384e-01	-1.434559368906020982e-01	1.024891430726643099e-01	-6.942661094342553185e-02	2.156535610682167592e-01	-1.130252308420129220e-01	8.232487933138941949e-02	-2.609434073930705367e-02	2.600440553705620286e-02
-9.822896948271084283e-02	1.244438177992830130e-01	-2.318281044782215250e-01	2.200396295907832700e-01	-1.811937785832903325e-01	1.176105001716155479e-01	-1.379293692039472996e-01	2.267289517397992893e-01	-4.839846631347661798e-01	1.893081283289489436e-01	-1.098657434581522263e-01	1.634288514582403207e-01	-3.458046240856910147e-01	1.000000000000000444e+00	-2.800737176137103601e-01	1.384022945839455676e-01	-1.636895352251559466e-01	2.084080882239111310e-01	-5.556187145587554443e-01	2.003618748892619095e-01	-1.566870862724254188e-01	1.507831555482523067e-01	-1.889508778010736412e-01	2.623085793751565031e-01	-1.675668910237573528e-01	1.343717857188203857e-01	-1.267927422353191114e-01	1.338379521573551667e-01	-2.574625587069834798e-01	2.005039760934362592e-01	-1.127550771309742128e-01	9.284978334589265303e-02	-9.582545545543597054e-02	1.051977839551807709e-01	-1.050087322348679103e-01	9.795591231914309305e-02	-9.140459956051298629e-02	9.761644523170516508e-02	-1.098081344804031911e-01	7.226533978981000694e-02	-1.467850609331364242e-01	7.496463507914510882e-02	-5.639549138150817820e-02	2.552829296299540321e-02	-2.567349721865934062e-02
6.804593115727744501e-02	-8.849128042383966330e-02	1.689550588102573803e-01	-2.124561738528314425e-01	2.304674554430585776e-01	-8.233255155871133102e-02	9.139387014582572855e-02	-1.452573749528702496e-01	1.987885225169304104e-01	-4.357215189377444120e-01	7.394385438360694118e-02	-1.111681853211672621e-01	1.825321047538527863e-01	-2.800737176137103601e-01	1.000000000000003331e+00	-9.687561243200448757e-02	1.078421622611113323e-01	-1.412166194724607249e-01	2.052974716389768250e-01	-6.256983340011069705e-01	1.077410341780752623e-01	-1.047549457730482664e-01	1.180207679238069463e-01	-1.774424810018060683e-01	2.700712512650814690e-01	-9.748061396455584560e-02	8.815267690244285581e-02	-9.701959416775073064e-02	1.753094057890699220e-01	-3.580158110920788617e-01	8.052505592244871280e-02	-6.699744639809003532e-02	6.873461745016189173e-02	-7.773032848220617907e-02	7.760093909979866311e-02	-7.127805807875657595e-02	6.565827519905595433e-02	-7.179509845084156017e-02	7.787644115940756118e-02	-5.469678536919760081e-02	1.059569550642593533e-01	-5.562088379936240556e-02	4.136854027739779449e-02	-1.904298534022736203e-02	1.898036523422420851e-02
-9.241383256161370130e-02	1.017990718458326865e-01	-1.261939060735054463e-01	9.867689873193463690e-02	-7.641493401010257536e-02	1.136681655359515625e-01	-1.233099270760121824e-01	1.234806705526594328e-01	-1.287055104799562644e-01	8.194938843875998469e-02	-6.845360238994320223e-01	3.187146419618598348e-01	-2.859336692396425295e-01	1.384022945839455676e-01	-9.687561243200448757e-02	1.000000000000002665e+00	-3.507391318828916305e-01	1.624180376422115768e-01	-1.290035247432524124e-01	8.260225120841663271e-02	-3.755634455962432727e-01	2.059311680085999519e-01	-1.460649509334804586e-01	1.338842497358936345e-01	-7.590724186107797311e-02	1.977348173058052216e-01	-1.520867027349734890e-01	1.414586047211579267e-01	-1.550822856915271553e-01	1.043752271117695807e-01	-1.403668517297129159e-01	1.040289632211744697e-01	-1.027588406907315038e-01	6.686560385059490963e-02	-6.613724844194038277e-02	1.135368670029182209e-01	-1.012682745739837548e-01	1.022424080320800538e-01	-7.092188628362289249e-02	4.689722610108625067e-02	-1.587948004280389791e-01	7.804580678030019480e-02	-5.884716772187878475e-02	1.772177723917930589e-02	-1.775049801475070410e-02
7.948900238488348924e-02	-9.794568002559027320e-02	1.205484239374606248e-01	-1.029686943011081379e-01	8.038639289762419815e-02	-1.018078870010376002e-01	1.116278557316948278e-01	-1.205612765744628334e-01	1.310618201646693570e-01	-8.883676785502772622e-02	2.252475376429708687e-01	-3.926724684271120647e-01	2.378136766299948079e-01	-1.636895352251559466e-01	1.078421622611113323e-01	-3.507391318828916305e-01	9.999999999999998890e-01	-3.462965362655144874e-01	1.665327488932326905e-01	-9.705194977804156020e-02	2.430913952458090832e-01	-6.192107684526753086e-01	2.491378834681656218e-01	-1.910024269195218782e-01	8.851693830243283212e-02	-2.026268499464017880e-01	2.334984954057451600e-01	-2.292103292662379388e-01	1.855412395388101321e-01	-1.238835556140018140e-01	1.478134846381158607e-01	-1.440696839861146938e-01	1.378915303913799684e-01	-8.041623963675535725e-02	7.729239761200379366e-02	-1.288216948010116325e-01	1.259098009840854404e-01	-1.345475563356912929e-01	8.302180300771716537e-02	-5.562723567125452129e-02	1.651844970973901927e-01	-9.962422088602035375e-02	7.432925358803291194e-02	-2.106593134574894638e-02	2.100228776464942854e-02
-6.857389945301642364e-02	8.394738907424009744e-02	-1.304002691201731623e-01	1.149659448547752372e-01	-9.577168753869645668e-02	8.283332721767126816e-02	-9.297926345546612958e-02	1.229469137727122047e-01	-1.580133150021793553e-01	1.039616212100256953e-01	-1.259309610660283851e-01	1.765491988501985965e-01	-2.417689115181992088e-01	2.084080882239111310e-01	-1.412166194724607249e-01	1.624180376422115768e-01	-3.462965362655144874e-01	9.999999999999967804e-01	-3.411070054199033530e-01	1.271359882392298912e-01	-1.959737656267080963e-01	2.642465367173414958e-01	-7.147142736336749014e-01	2.890716457312485499e-01	-1.175148582810357639e-01	1.553656635534378105e-01	-1.781439752202973181e-01	1.669647647457058182e-01	-2.507757696370316314e-01	1.484749343778024866e-01	-1.291664626589324183e-01	1.125278423491837959e-01	-1.148708359991038874e-01	1.018072541602356856e-01	-9.971407713211645485e-02	1.097674613789188097e-01	-1.073016269984644333e-01	1.112329418646925416e-01	-1.054733661452321031e-01	6.922586381740269967e-02	-1.566350929878812526e-01	8.356392359670447578e-02	-6.353361736326293419e-02	2.483558035057016264e-02	-2.493879575370716584e-02
7.275604253516107511e-02	-9.331095522041404910e-02	1.537710106673688404e-01	-1.586528219582037380e-01	1.278314717208445805e-01	-8.956972163597994030e-02	9.925636262121208253e-02	-1.534073319684462755e-01	2.178277011338385083e-01	-1.487373248257486680e-01	9.706403646475743330e-02	-1.451671069238660849e-01	2.241892495058046553e-01	-5.556187145587554443e-01	2.052974716389768250e-01	-1.290035247432524124e-01	1.665327488932326905e-01	-3.411070054199033530e-01	1.000000000000002887e+00	-2.454021599309124946e-01	1.445702551330222130e-01	-1.655273161986760277e-01	2.468597005572134018e-01	-5.626663821997003323e-01	1.670459815262413938e-01	-1.287680253779283079e-01	1.266512628387234940e-01	-1.366408677826541629e-01	2.484932524965841050e-01	-2.105717260720102180e-01	1.051665534234572236e-01	-9.104729023533611465e-02	9.331064817395812172e-02	-1.041338149008044639e-01	9.738159820485721430e-02	-9.275721469237586947e-02	8.756771034063921821e-02	-9.547632174545746253e-02	1.012534934965137606e-01	-6.885667511671351992e-02	1.329642500839721131e-01	-7.294662044129548994e-02	5.446483035230519076e-02	-2.416494560715115592e-02	2.409946292989553068e-02
-5.619597610197937104e-02	7.105844768285768387e-02	-1.412364085809873770e-01	1.446656916502105095e-01	-1.748573564164570548e-01	6.644412571084674923e-02	-7.527745790865618403e-02	1.155005315211292405e-01	-1.641865460025482004e-01	2.013735971579117823e-01	-6.379899477138124830e-02	9.439762467929331546e-02	-1.643027780663778858e-01	2.003618748892619095e-01	-6.256983340011069705e-01	8.260225120841663271e-02	-9.705194977804156020e-02	1.271359882392298912e-01	-2.454021599309124946e-01	1.000000000000004219e+00	-9.603354142724614129e-02	9.293191265932261580e-02	-1.116378738114042618e-01	1.676775744457031092e-01	-5.732967369247435885e-01	8.466289598228103619e-02	-7.993010301966795017e-02	8.681526637189705686e-02	-1.781670989229088564e-01	3.007139079924361913e-01	-7.161581390517419987e-02	5.959962273309252212e-02	-6.185314446622280915e-02	7.582938833668964596e-02	-7.698210835922859874e-02	6.272761243101374062e-02	-5.869383546941884383e-02	6.349377330453616353e-02	-7.740232812784200722e-02	5.299516390811326999e-02	-9.421054221277526397e-02	4.877869291741206842e-02	-3.666444094510357132e-02	1.827808950893462098e-02	-1.831768635708391421e-02
7.756741983475921864e-02	-9.511163110469719739e-02	1.207243399740178941e-01	-1.036316652848281589e-01	8.110573195620682241e-02	-9.850213170985533395e-02	1.042887117862885266e-01	-1.185419672781111572e-01	1.292858120950985956e-01	-8.985295009272901978e-02	2.028268309844358797e-01	-2.653173052654309028e-01	2.350489191994192539e-01	-1.566870862724254188e-01	1.077410341780752623e-01	-3.755634455962432727e-01	2.430913952458090832e-01	-1.959737656267080963e-01	1.445702551330222130e-01	-9.603354142724614129e-02	1.000000000000001332e+00	-2.941675268730372661e-01	1.689932040127128388e-01	-1.647876304156802585e-01	8.841016886706892786e-02	-6.420997027210072483e-01	2.163193992075286842e-01	-2.161676729040677702e-01	1.837843125365810626e-01	-1.269694036715011964e-01	2.472607706501029345e-01	-1.685968794316176633e-01	1.558824874111754966e-01	-8.212015795464287782e-02	7.958042144717966671e-02	-2.099397620315588131e-01	1.601888769193781370e-01	-1.655844935353404657e-01	8.639112380753551090e-02	-5.803433163412420603e-02	2.307556736732328528e-01	-1.269778812476526075e-01	9.303119565787634770e-02	-2.283547987411984476e-02	2.272674758959860458e-02
-6.600255765834778243e-02	7.984303145222301779e-02	-1.110519139133276795e-01	9.442974475506946130e-02	-7.592076359038145428e-02	8.100128914273778402e-02	-9.019198248791160388e-02	1.068407928373861226e-01	-1.225940879968759334e-01	8.290228621285668231e-02	-1.575860116874838734e-01	2.145138561217594941e-01	-2.237381188399300280e-01	1.507831555482523067e-01	-1.047549457730482664e-01	2.059311680085999519e-01	-6.192107684526753086e-01	2.642465367173414958e-01	-1.655273161986760277e-01	9.293191265932261580e-02	-2.941675268730372661e-01	1.000000000000000444e+00	-3.655696807660444581e-01	1.941110163647522258e-01	-8.723495049588722572e-02	2.071867839669614686e-01	-4.358215004556978966e-01	2.474786824273466634e-01	-2.057346390534902369e-01	1.193933966333157043e-01	-1.621380338456230863e-01	1.626578279681537564e-01	-1.598165865559481036e-01	8.647909067405755434e-02	-8.366601244713979535e-02	1.353774092733152912e-01	-1.439631676595283238e-01	1.411539910742052595e-01	-9.006118762380620202e-02	5.955466068839558591e-02	-1.745717880380137643e-01	1.020740313800203025e-01	-7.864717410750293736e-02	2.238765017382754463e-02	-2.238593347117227850e-02
5.790207973251267765e-02	-7.185072882066877165e-02	1.074625516273157860e-01	-9.838439049051131424e-02	8.037182095182572594e-02	-7.115227252499059518e-02	7.847636842529256973e-02	-1.032640835182628142e-01	1.297411300049577665e-01	-8.953674666038560770e-02	1.072160664263115126e-01	-1.569803896613225225e-01	1.899295863201804768e-01	-1.889508778010736412e-01	1.180207679238069463e-01	-1.460649509334804586e-01	2.491378834681656218e-01	-7.147142736336749014e-01	2.468597005572134018e-01	-1.116378738114042618e-01	1.689932040127128388e-01	-3.655696807660444581e-01	1.000000000000000222e+00	-4.368335709749515683e-01	1.019781277028350419e-01	-1.455716771108536423e-01	1.740174544577197668e-01	-1.732836018353945406e-01	2.184770228045981588e-01	-1.356276153877568336e-01	1.149343910162404780e-01	-1.089247115773830793e-01	1.085399743858352362e-01	-9.082619677809627978e-02	8.504291158245687321e-02	-1.003483099079465340e-01	9.901297252894834811e-02	-1.060706770292405149e-01	8.991168328469534288e-02	-6.036336268834149865e-02	1.351058912859880168e-01	-7.899757631769808996e-02	5.933324480164306469e-02	-2.173297940917312890e-02	2.168560407737567947e-02
-6.851338231244392951e-02	8.537162034272890998e-02	-1.412906450326835983e-01	1.312210977705337289e-01	-1.122595907456994113e-01	8.265534321086744074e-02	-9.262465315838394608e-02	1.321387342645279073e-01	-1.840839099727608896e-01	1.231786916922272823e-01	-1.018976839111047639e-01	1.475526543047525063e-01	-2.314487257897936689e-01	2.623085793751565031e-01	-1.774424810018060683e-01	1.338842497358936345e-01	-1.910024269195218782e-01	2.890716457312485499e-01	-5.626663821997003323e-01	1.676775744457031092e-01	-1.647876304156802585e-01	1.941110163647522258e-01	-4.368335709749515683e-01	1.000000000000003997e+00	-1.664278631792840968e-01	1.422106320465824358e-01	-1.571430227060824913e-01	1.655380201472626545e-01	-4.654990858907453455e-01	1.960542340574842890e-01	-1.201661828585760400e-01	1.066071870699469293e-01	-1.123488284688751726e-01	1.540611237294972902e-01	-1.439822460867788978e-01	1.047098767544624442e-01	-1.027775307212375755e-01	1.109230646968804440e-01	-1.499938941990577035e-01	9.780182538722692609e-02	-1.494535955856505782e-01	8.316449434887145109e-02	-6.318215716166049323e-02	3.304200642371110663e-02	-3.315962963067387026e-02
4.776858455582682489e-02	-6.069973618091425993e-02	1.114568216409396184e-01	-1.175852439794284887e-01	1.203547311272139403e-01	-5.727291031597439575e-02	6.377029238720707816e-02	-9.586652323926475594e-02	1.289687155670533880e-01	-1.503672038682849488e-01	5.766213360118114389e-02	-8.559743365249181113e-02	1.402848260036090866e-01	-1.675668910237573528e-01	2.700712512650814690e-01	-7.590724186107797311e-02	8.851693830243283212e-02	-1.175148582810357639e-01	1.670459815262413938e-01	-5.732967369247435885e-01	8.841016886706892786e-02	-8.723495049588722572e-02	1.019781277028350419e-01	-1.664278631792840968e-01	1.000000000000000444e+00	-7.986817873869740680e-02	7.541661011129523196e-02	-8.421952425722645241e-02	1.759714321252051072e-01	-7.005412219346736080e-01	6.717423794312692154e-02	-5.685664056788176934e-02	5.908938422562472204e-02	-7.957796841050973624e-02	8.078337108719137183e-02	-5.938935864677748894e-02	5.571371125229815369e-02	-6.121601531241439159e-02	7.709889455742569009e-02	-5.649478285055287152e-02	8.804293277411771868e-02	-4.701313730970024807e-02	3.520512916083198829e-02	-1.880365316644724838e-02	1.869072771124179189e-02
-6.283934253273876225e-02	7.570708636949240178e-02	-1.074666677036332785e-01	9.000902686865487612e-02	-7.228576755188770298e-02	7.659728281772157366e-02	-8.373143964693473273e-02	1.020268951318040601e-01	-1.151137774868304653e-01	7.857245597142308025e-02	-1.432281387704401332e-01	1.752683632414349657e-01	-2.211639158098997748e-01	1.343717857188203857e-01	-9.748061396455584560e-02	1.977348173058052216e-01	-2.026268499464017880e-01	1.553656635534378105e-01	-1.287680253779283079e-01	8.466289598228103619e-02	-6.420997027210072483e-01	2.071867839669614686e-01	-1.455716771108536423e-01	1.422106320465824358e-01	-7.986817873869740680e-02	1.000000000000000888e+00	-2.623626572355896025e-01	2.065448857373866909e-01	-1.834159469077206450e-01	1.119282224150471294e-01	-4.835657832074244933e-01	1.847235170330956411e-01	-1.726007214196298989e-01	8.100295235963166085e-02	-7.953045863519410397e-02	2.458305710408477396e-01	-1.897165167397629193e-01	1.678307949001062449e-01	-8.687178904460632345e-02	5.751622056141952183e-02	-2.930801397192891455e-01	1.260392482202450648e-01	-9.703490836264215547e-02	2.277787487742560096e-02	-2.276012244318010441e-02
5.205197447989308446e-02	-6.395484587126351594e-02	8.986710802442955670e-02	-7.879766133802806882e-02	6.333483898738241635e-02	-6.430761013089220102e-02	7.021549555758156702e-02	-8.636842958633082767e-02	9.959781100732512105e-02	-7.020304111215955323e-02	1.086686452227549893e-01	-1.561035453862934519e-01	1.725232222688604655e-01	-1.267927422353191114e-01	8.815267690244285581e-02	-1.520867027349734890e-01	2.334984954057451600e-01	-1.781439752202973181e-01	1.266512628387234940e-01	-7.993010301966795017e-02	2.163193992075286842e-01	-4.358215004556978966e-01	1.740174544577197668e-01	-1.571430227060824913e-01	7.541661011129523196e-02	-2.623626572355896025e-01	9.999999999999990008e-01	-6.626221043032844982e-01	1.946624917921069009e-01	-1.092623437857677265e-01	1.910205324807077165e-01	-3.350211861380289480e-01	2.583680825530765834e-01	-8.623974924502654515e-02	7.895170025026430893e-02	-1.710302258630104766e-01	2.067541736255055773e-01	-2.139822959245776812e-01	8.684904811997984364e-02	-5.886247993605251555e-02	1.836538358169144680e-01	-1.415293411511619748e-01	1.084764569042188098e-01	-2.315948140905475447e-02	2.294729580014501225e-02
-5.399878973088328288e-02	6.592747869405474193e-02	-9.689508255516854351e-02	8.421903170611803879e-02	-6.873248160780869032e-02	6.573431458544536088e-02	-7.250909045928169427e-02	9.171773078567317661e-02	-1.073828587070624202e-01	7.554328903127453809e-02	-1.059545217611636420e-01	1.463177698865791576e-01	-1.886312459354587967e-01	1.338379521573551667e-01	-9.701959416775073064e-02	1.414586047211579267e-01	-2.292103292662379388e-01	1.669647647457058182e-01	-1.366408677826541629e-01	8.681526637189705686e-02	-2.161676729040677702e-01	2.474786824273466634e-01	-1.732836018353945406e-01	1.655380201472626545e-01	-8.421952425722645241e-02	2.065448857373866909e-01	-6.626221043032844982e-01	1.000000000000003997e+00	-2.845937721734329573e-01	1.207917778290194949e-01	-2.006963656397759144e-01	2.628090861340325879e-01	-4.385664180851682192e-01	1.096782171952492835e-01	-1.006105894507621640e-01	1.708990465562821859e-01	-2.248922742794053908e-01	2.269592232075867688e-01	-1.099752457441848102e-01	7.282719623840056000e-02	-2.066862104588474969e-01	1.456553665613613546e-01	-1.218696054340630830e-01	2.777542726250196298e-02	-2.766710993681275807e-02
7.299649959863131754e-02	-9.259721861946189347e-02	1.416494280670948791e-01	-1.403170751310051090e-01	1.150790585945249550e-01	-9.024496864012844510e-02	9.773369986314618674e-02	-1.357900889276898171e-01	1.686548087620443059e-01	-1.341434423325589542e-01	1.121955204856028149e-01	-1.673803798781468288e-01	2.240744861460085280e-01	-2.574625587069834798e-01	1.753094057890699220e-01	-1.550822856915271553e-01	1.855412395388101321e-01	-2.507757696370316314e-01	2.484932524965841050e-01	-1.781670989229088564e-01	1.837843125365810626e-01	-2.057346390534902369e-01	2.184770228045981588e-01	-4.654990858907453455e-01	1.759714321252051072e-01	-1.834159469077206450e-01	1.946624917921069009e-01	-2.845937721734329573e-01	1.000000000000000444e+00	-3.133230711548999348e-01	1.501427636340834093e-01	-1.464850065378749677e-01	1.567760802387803409e-01	-4.125694661182577883e-01	2.201979783155584569e-01	-1.383942190424809482e-01	1.363806071966108535e-01	-1.627464971816888761e-01	2.245122585630902889e-01	-1.731575795237136617e-01	1.840345234589563228e-01	-1.208595081383325581e-01	8.950677258111072732e-02	-5.463197844480893739e-02	5.276804313831729570e-02
-6.645691804759000509e-02	8.272891595064003900e-02	-1.591308896508840665e-01	1.491494298910362171e-01	-1.654572483515183157e-01	7.803610049803597071e-02	-8.837453986060635203e-02	1.304352442671962431e-01	-1.784664028485704601e-01	1.735537264221425346e-01	-8.049164866186085676e-02	1.178365358247898814e-01	-2.070877008883492409e-01	2.005039760934362592e-01	-3.580158110920788617e-01	1.043752271117695807e-01	-1.238835556140018140e-01	1.484749343778024866e-01	-2.105717260720102180e-01	3.007139079924361913e-01	-1.269694036715011964e-01	1.193933966333157043e-01	-1.356276153877568336e-01	1.960542340574842890e-01	-7.005412219346736080e-01	1.119282224150471294e-01	-1.092623437857677265e-01	1.207917778290194949e-01	-3.133230711548999348e-01	1.000000000000003553e+00	-9.709182683226025290e-02	8.151242230642309627e-02	-8.615472621342831760e-02	1.292670328590873607e-01	-1.400720455228968708e-01	8.485858679990467002e-02	-8.074021559095706513e-02	8.760583975839086879e-02	-1.298888327798204678e-01	9.153327866682285652e-02	-1.284365639976366158e-01	6.672566637264468192e-02	-5.064323237437451386e-02	3.007206874128317067e-02	-3.017908884904230843e-02
4.923386665449278748e-02	-6.049605865984318542e-02	8.521684861333586603e-02	-7.385865871204010114e-02	5.915233738304733618e-02	-6.068305613391678649e-02	6.562540922775021712e-02	-8.135633370162181910e-02	9.248613020447911393e-02	-6.532103771708587525e-02	9.781229606674138322e-02	-1.362947554479226053e-01	1.661887314114521563e-01	-1.127550771309742128e-01	8.052505592244871280e-02	-1.403668517297129159e-01	1.478134846381158607e-01	-1.291664626589324183e-01	1.051665534234572236e-01	-7.161581390517419987e-02	2.472607706501029345e-01	-1.621380338456230863e-01	1.149343910162404780e-01	-1.201661828585760400e-01	6.717423794312692154e-02	-4.835657832074244933e-01	1.910205324807077165e-01	-2.006963656397759144e-01	1.501427636340834093e-01	-9.709182683226025290e-02	1.000000000000003775e+00	-2.817144988817267826e-01	1.955193331678970192e-01	-7.044072051284303027e-02	6.754383583086906451e-02	-6.376605757084188308e-01	2.577425338030587820e-01	-2.242289677210120291e-01	7.569097547683185934e-02	-5.111684868090025230e-02	2.833822855483879022e-01	-1.622992742502357977e-01	1.189865373373755614e-01	-2.150693187583447435e-02	2.130181077160922878e-02
-3.883659398692321935e-02	4.749296750912725129e-02	-6.885312651415742558e-02	5.959865652774243988e-02	-4.828231851199232816e-02	4.744153326589154590e-02	-5.196990289765034826e-02	6.531034372452944325e-02	-7.553641224193333170e-02	5.308400902352763268e-02	-7.613735773047168587e-02	1.056128156079882141e-01	-1.347892087575971731e-01	9.284978334589265303e-02	-6.699744639809003532e-02	1.040289632211744697e-01	-1.440696839861146938e-01	1.125278423491837959e-01	-9.104729023533611465e-02	5.959962273309252212e-02	-1.685968794316176633e-01	1.626578279681537564e-01	-1.089247115773830793e-01	1.066071870699469293e-01	-5.685664056788176934e-02	1.847235170330956411e-01	-3.350211861380289480e-01	2.628090861340325879e-01	-1.464850065378749677e-01	8.151242230642309627e-02	-2.817144988817267826e-01	1.000000000000002665e+00	-5.497860770182070311e-01	6.995981929816813549e-02	-6.552391744482381764e-02	2.410941414623312684e-01	-5.996129792665862990e-01	2.900891614334161206e-01	-7.545860551598561339e-02	5.045930071301685943e-02	-2.095353172692583366e-01	1.686543468489146713e-01	-1.438569251486749856e-01	2.155739135347509855e-02	-2.135665248166695659e-02
3.891820877557249092e-02	-4.778702715774581222e-02	6.931890990959400922e-02	-6.071470459098293054e-02	4.919773102668733439e-02	-4.765414112280759451e-02	5.207869678777127254e-02	-6.585865777444405156e-02	7.649805477373666784e-02	-5.439325831378860610e-02	7.464684684513439583e-02	-1.052440653773019513e-01	1.333710724985436580e-01	-9.582545545543597054e-02	6.873461745016189173e-02	-1.027588406907315038e-01	1.378915303913799684e-01	-1.148708359991038874e-01	9.331064817395812172e-02	-6.185314446622280915e-02	1.558824874111754966e-01	-1.598165865559481036e-01	1.085399743858352362e-01	-1.123488284688751726e-01	5.908938422562472204e-02	-1.726007214196298989e-01	2.583680825530765834e-01	-4.385664180851682192e-01	1.567760802387803409e-01	-8.615472621342831760e-02	1.955193331678970192e-01	-5.497860770182070311e-01	1.000000000000001110e+00	-8.095847925260099553e-02	7.213518221711247291e-02	-1.980412226190308989e-01	2.966723193339115827e-01	-5.370367349951001845e-01	8.572444081198564436e-02	-5.831117200073135387e-02	1.874236534180290792e-01	-2.395765642171697463e-01	1.906461517675853146e-01	-2.535018339925364239e-02	2.489095660791375980e-02
-3.163356426686132067e-02	3.991842548259613016e-02	-6.174556686421007329e-02	6.002634223271253316e-02	-5.020770683970798842e-02	3.889870296010190798e-02	-4.228795983102346528e-02	5.845479567387366210e-02	-7.267049677208442526e-02	5.764168876992608465e-02	-4.870499030374433880e-02	7.200974964349632357e-02	-9.900555629271734492e-02	1.051977839551807709e-01	-7.773032848220617907e-02	6.686560385059490963e-02	-8.041623963675535725e-02	1.018072541602356856e-01	-1.041338149008044639e-01	7.582938833668964596e-02	-8.212015795464287782e-02	8.647909067405755434e-02	-9.082619677809627978e-02	1.540611237294972902e-01	-7.957796841050973624e-02	8.100295235963166085e-02	-8.623974924502654515e-02	1.096782171952492835e-01	-4.125694661182577883e-01	1.292670328590873607e-01	-7.044072051284303027e-02	6.995981929816813549e-02	-8.095847925260099553e-02	1.000000000000001554e+00	-5.942697617985978065e-01	6.491806292541758838e-02	-6.935415659399325750e-02	8.831177548730069493e-02	-5.759154937861837853e-01	3.079877118715433904e-01	-8.587801242153768333e-02	6.103977949033877193e-02	-4.880061721059791857e-02	7.822432581018140541e-02	-7.801863382714895045e-02
