1.000000000000000222e+00	-7.868210462961540141e-01	1.986513784750864042e-01	-1.783317987918157654e-01	1.236996365655532448e-01	-4.369395493587378554e-01	2.764892820099013604e-01	-1.918276565006880874e-01	1.301529363348172541e-01	-9.815948369368515669e-02	1.537267764737332287e-01	-1.229192172451928217e-01	1.344566041878231255e-01	-1.028374590900064250e-01	9.614570648085163374e-02	-1.730486360699084458e-01	1.143174725529219338e-01	-9.768745038329537667e-02	9.468524329982860865e-02	-5.924445088495772921e-02	6.938434337937081364e-02	-9.116952377696956045e-02	7.837131088292492720e-02	-7.351510452433628051e-02	7.775575873061586762e-02	-7.743304195675039525e-02	8.446580283031265846e-02	-6.004187732829303903e-02	6.160416535270956534e-02	-2.185160971845257968e-02	4.893918848255303378e-02	-4.224498748376976504e-02	6.489169751395551522e-02	-5.604397050004722436e-02	2.069443439902877296e-02	-1.775163498357621231e-02	3.493617060441334826e-02	-4.425021610250529092e-02	2.263726991186091816e-02	-1.506772039996418996e-02	1.909915391595619349e-02	-3.400657434211899754e-02	4.609453357605013124e-02	-2.334210824807729859e-02	1.353952328843727876e-02
-7.868210462961540141e-01	1.000000000000000000e+00	-3.164801195871964623e-01	1.857020391341276666e-01	-1.453382194154610452e-01	2.680743726192215681e-01	-3.579305093513063807e-01	2.116078958353444228e-01	-1.543654326798907794e-01	1.106257852527132296e-01	-1.370394121082866290e-01	1.297169156135784818e-01	-1.533454449788047569e-01	1.140583613738527374e-01	-1.101253305182370579e-01	1.431693121091823784e-01	-1.244374378510416379e-01	1.053206158205441945e-01	-1.058128861809925908e-01	6.686972376545931296e-02	-7.235079681764909620e-02	9.584273984922767053e-02	-8.587694879336695009e-02	7.994261894253182343e-02	-8.904223239260382339e-02	8.025129830785271423e-02	-9.241710942769967851e-02	6.514984073324242564e-02	-6.778066691088918683e-02	2.389453105158129489e-02	-5.303147821641750193e-02	4.537713899411364993e-02	-7.127663373027329219e-02	6.084999586093472329e-02	-2.270637423099427718e-02	1.925643035257646948e-02	-3.800026807114539190e-02	4.800921128152978168e-02	-2.457251870265471372e-02	1.632237009890812746e-02	-2.077807426741411917e-02	3.685189297726151891e-02	-5.047781299015677292e-02	2.526189429684135013e-02	-1.468841085895095967e-02
1.986513784750864042e-01	-3.164801195871964623e-01	1.000000000000000666e+00	-4.068457858383474068e-01	2.035136881253112873e-01	-1.701927548818796543e-01	2.091052791028325808e-01	-7.511544308018627270e-01	2.350758337185334945e-01	-1.699548113745842637e-01	1.044585728498161753e-01	-1.478822146132236504e-01	1.847775446369427088e-01	-1.524535561929773464e-01	1.392755940128674319e-01	-1.223458950092112252e-01	1.322360757614831628e-01	-1.249652868429479424e-01	1.239731753989185697e-01	-8.402765916826757109e-02	7.617574306223430514e-02	-1.061088822904828338e-01	9.603187378908376037e-02	-9.241202738473409950e-02	1.070022604135377475e-01	-8.754459219017372840e-02	9.961738961516032609e-02	-7.207667631638021988e-02	7.557581692675696683e-02	-2.718636794909113502e-02	5.762744350490047601e-02	-4.986534118380882979e-02	7.802819555410886454e-02	-6.864183927767718296e-02	2.570932857031503482e-02	-2.112627205128802740e-02	4.172119772158158768e-02	-5.305164766542289773e-02	2.742903558479675014e-02	-1.826151807925488826e-02	2.275170952699794719e-02	-4.064203310979416783e-02	5.529064372730829735e-02	-2.829208960458402464e-02	1.640102246422449339e-02
-1.783317987918157654e-01	1.857020391341276666e-01	-4.068457858383474068e-01	1.000000000000000666e+00	-5.827529906493935652e-01	1.620641385799169720e-01	-2.261376967573061336e-01	2.743481163349263952e-01	-4.188176609599134070e-01	2.887159118766537413e-01	-1.185028664340574828e-01	1.625810179411466827e-01	-2.176480903800953048e-01	2.266765053917301209e-01	-2.524871992057882708e-01	1.342868356108408989e-01	-1.844825213846299772e-01	1.691416888509715555e-01	-1.932400859174795704e-01	1.471842886609008583e-01	-1.100764329331493374e-01	1.493659501582947913e-01	-1.478693681560987738e-01	1.393631908812806297e-01	-1.998568868183283054e-01	1.249238104585951303e-01	-1.584820842801810126e-01	1.116982110058674232e-01	-1.208221175344386250e-01	4.342188801307769741e-02	-9.102251029317180719e-02	7.704376711810265177e-02	-1.256747336776666557e-01	1.063118612252281769e-01	-4.149531537901175043e-02	3.346418139664627395e-02	-6.635879742366826428e-02	8.356865843773070290e-02	-4.299908148751825643e-02	2.850998906983337466e-02	-3.630731814322397943e-02	6.413554785850229811e-02	-8.964354216566734757e-02	4.402580752318634855e-02	-2.573149998300014799e-02
1.236996365655532448e-01	-1.453382194154610452e-01	2.035136881253112873e-01	-5.827529906493935652e-01	1.000000000000000666e+00	-1.330943412725965891e-01	1.642284914917648830e-01	-2.209820990430845511e-01	3.076964760156028489e-01	-5.693153173313169058e-01	9.768789899955716838e-02	-1.369644750787030463e-01	1.697700875301597356e-01	-2.234674434423016276e-01	2.393897020174911572e-01	-1.167595110465858566e-01	1.514484465557554560e-01	-1.514869132715430944e-01	1.647600803662835067e-01	-1.475374020551670495e-01	9.701843007984219114e-02	-1.359486909891141071e-01	1.282273144165282652e-01	-1.266568352814891052e-01	1.703299224431464032e-01	-1.157135771675298630e-01	1.357615264690480439e-01	-9.930051094872190121e-02	1.054224981399135425e-01	-3.944875671999172051e-02	8.078373183619855236e-02	-7.023745466109095059e-02	1.088835433008498443e-01	-9.681390007799343944e-02	3.720771876487908442e-02	-3.005564855381022416e-02	5.924990962855059690e-02	-7.543711723151380610e-02	3.913396702371447350e-02	-2.616086862447500674e-02	3.239066482141311765e-02	-5.808436542677288678e-02	7.910402491435308825e-02	-4.049126319162024007e-02	2.351325353559054199e-02
-4.369395493587378554e-01	2.680743726192215681e-01	-1.701927548818796543e-01	1.620641385799169720e-01	-1.330943412725965891e-01	1.000000000000001110e+00	-6.824518681445004287e-01	1.716256055711858908e-01	-1.408288016938129550e-01	1.043110746419646101e-01	-3.804671789889843558e-01	1.805962723196289921e-01	-1.880191435885376072e-01	1.212867235706889396e-01	-1.122679323878359448e-01	2.586429178835151221e-01	-1.628235031936980381e-01	1.256528288826758710e-01	-1.196001707624268634e-01	6.894000376652097140e-02	-9.288653362338041009e-02	1.170368224105423349e-01	-9.947270980989288136e-02	9.123278057543590669e-02	-9.147135112727101947e-02	9.805812056605586746e-02	-1.073574408183167045e-01	7.492469194232484475e-02	-7.645231495421980772e-02	2.657319749704812467e-02	-6.102770715016792719e-02	5.218612431855546713e-02	-8.093335998523479291e-02	6.885671783887215014e-02	-2.521790108317095366e-02	2.186831043809420519e-02	-4.307633034200070155e-02	5.439221698070308142e-02	-2.771071529487805288e-02	1.838922715411936762e-02	-2.354540177179954494e-02	4.170760100219515071e-02	-5.668667108176620589e-02	2.849137044345458059e-02	-1.652789281731729953e-02
2.764892820099013604e-01	-3.579305093513063807e-01	2.091052791028325808e-01	-2.261376967573061336e-01	1.642284914917648830e-01	-6.824518681445004287e-01	1.000000000000000666e+00	-2.657920051203748191e-01	1.744290850201226650e-01	-1.337411286072633099e-01	2.448888038047489224e-01	-2.444380337228522215e-01	2.131328542930388537e-01	-1.529867177906666653e-01	1.364584912408567385e-01	-3.030563819513155677e-01	1.858734413273776254e-01	-1.566630403266116578e-01	1.429834066606827936e-01	-8.524539284947987849e-02	1.105938569221511514e-01	-1.467929303327746848e-01	1.203006740324190915e-01	-1.132867802741551883e-01	1.107370645443120083e-01	-1.239180028704864739e-01	1.288315780693188584e-01	-9.227005887333594725e-02	9.322879098228896433e-02	-3.308416262892124871e-02	7.488091403344787622e-02	-6.515209179556667729e-02	9.825699783153427069e-02	-8.579382971762893051e-02	3.123198267576817247e-02	-2.708641572228619177e-02	5.320212926373295986e-02	-6.756403886156768512e-02	3.455344731201072384e-02	-2.302874551846305004e-02	2.905898865356191380e-02	-5.191765547469863462e-02	6.965312236552378966e-02	-3.571504093410312469e-02	2.065922457840553214e-02
-1.918276565006880874e-01	2.116078958353444228e-01	-7.511544308018627270e-01	2.743481163349263952e-01	-2.209820990430845511e-01	1.716256055711858908e-01	-2.657920051203748191e-01	1.000000000000001998e+00	-3.541728693026902630e-01	1.859774068381417067e-01	-1.124940920904817510e-01	1.694962102432807094e-01	-2.660103492299435435e-01	1.728652332492469079e-01	-1.584149924446313917e-01	1.273871102010666057e-01	-1.523979186297363952e-01	1.397931086486042529e-01	-1.421596259074018320e-01	9.254967048166327925e-02	-8.228636799485522513e-02	1.143635788493766042e-01	-1.057069931796438267e-01	1.008567460726581821e-01	-1.186322230673576145e-01	9.292652709669239897e-02	-1.075514520033366422e-01	7.750648185816305658e-02	-8.196902660102399485e-02	2.921194055661421873e-02	-6.140580338712849778e-02	5.291417088530512430e-02	-8.401042842107397934e-02	7.369497605658903439e-02	-2.766361598048631965e-02	2.245040221492152280e-02	-4.443394197604603330e-02	5.647645604244780349e-02	-2.925558347732008097e-02	1.943868481814763766e-02	-2.419818638723504611e-02	4.314880534284286362e-02	-5.890926731004331868e-02	3.011737235036077848e-02	-1.745885950819341809e-02
1.301529363348172541e-01	-1.543654326798907794e-01	2.350758337185334945e-01	-4.188176609599134070e-01	3.076964760156028489e-01	-1.408288016938129550e-01	1.744290850201226650e-01	-3.541728693026902630e-01	1.000000000000000888e+00	-5.811315758824877609e-01	1.041251923504718374e-01	-1.572542786227026923e-01	1.969339346915058853e-01	-3.844642032684338906e-01	2.717498561156788672e-01	-1.242988047015971959e-01	1.663723733389474990e-01	-1.804467186638149812e-01	2.011696797723866725e-01	-1.563665507107201702e-01	9.996031700471388892e-02	-1.430918504970692950e-01	1.373971164872828943e-01	-1.407196337283353194e-01	1.779040266453176811e-01	-1.178965961385011058e-01	1.350848917096742208e-01	-1.007728100074749694e-01	1.083854682902460759e-01	-4.011391650483325105e-02	7.878487004504272639e-02	-6.883150919207212115e-02	1.082969644983347995e-01	-9.937584596006519833e-02	3.769743775059076346e-02	-2.920401558685923812e-02	5.780621700380719763e-02	-7.407631951469063891e-02	3.896011896337114866e-02	-2.598790243192955485e-02	3.140639945383712217e-02	-5.652664733671260155e-02	7.650045495654840544e-02	-4.030949849006393304e-02	2.328477298314805474e-02
-9.815948369368515669e-02	1.106257852527132296e-01	-1.699548113745842637e-01	2.887159118766537413e-01	-5.693153173313169058e-01	1.043110746419646101e-01	-1.337411286072633099e-01	1.859774068381417067e-01	-5.811315758824877609e-01	9.999999999999990008e-01	-7.985629954391118557e-02	1.186723818124954810e-01	-1.539148138938424837e-01	2.492144414576257516e-01	-4.108669266834177880e-01	9.392186441984987089e-02	-1.337698973131949409e-01	1.385653137435025606e-01	-1.657873181306848132e-01	1.693804750463649700e-01	-7.987870814401352992e-02	1.129769390799891943e-01	-1.124244374979836980e-01	1.128577109608963347e-01	-2.002601128400486319e-01	9.326008862538803790e-02	-1.100862019301223071e-01	8.148454001422529569e-02	-8.930347246651378079e-02	3.407507211024735777e-02	-6.372705393949007480e-02	5.535433775424240116e-02	-8.855316881165001264e-02	8.052858976062955698e-02	-3.217833150442415968e-02	2.361655848405937175e-02	-4.684704416071253791e-02	5.990836047568246642e-02	-3.156160260717589400e-02	2.101270842248839643e-02	-2.544340107129029055e-02	4.566916013634593485e-02	-6.224137506485617061e-02	3.256044916675695372e-02	-1.884803195441405940e-02
1.537267764737332287e-01	-1.370394121082866290e-01	1.044585728498161753e-01	-1.185028664340574828e-01	9.768789899955716838e-02	-3.804671789889843558e-01	2.448888038047489224e-01	-1.124940920904817510e-01	1.041251923504718374e-01	-7.985629954391118557e-02	1.000000000000002665e+00	-2.562300669590532598e-01	1.865160974605602762e-01	-1.071766610379553120e-01	9.151779366292321638e-02	-8.210593401246413237e-01	1.807075670261231171e-01	-1.298362453062879840e-01	1.097768821158473379e-01	-5.699014511323581555e-02	1.098981633382749706e-01	-1.272088135411256204e-01	9.401400872653534191e-02	-8.571605386148735406e-02	7.414332620037542010e-02	-1.091388020247142931e-01	1.004560588772911989e-01	-6.997689081533751965e-02	6.874010095972500622e-02	-2.367521812137583087e-02	5.673355897043360491e-02	-4.888409207969625359e-02	7.301943571070459993e-02	-6.277041485466355875e-02	2.236540103716715480e-02	-1.988372004078860569e-02	3.898811183085851978e-02	-4.929986632579556188e-02	2.496969120939637743e-02	-1.655818983924391488e-02	2.127685413081987359e-02	-3.773721282340194300e-02	5.026548669323473856e-02	-2.572041540688326661e-02	1.483231745902357374e-02
-1.229192172451928217e-01	1.297169156135784818e-01	-1.478822146132236504e-01	1.625810179411466827e-01	-1.369644750787030463e-01	1.805962723196289921e-01	-2.444380337228522215e-01	1.694962102432807094e-01	-1.572542786227026923e-01	1.186723818124954810e-01	-2.562300669590532598e-01	1.000000000000001554e+00	-6.908226232821369495e-01	1.864469008298235975e-01	-1.454997850859066355e-01	2.177530562662615410e-01	-5.009444172475842061e-01	2.469266922473940806e-01	-1.968235165334869252e-01	8.796988580658768320e-02	-1.267817298648729885e-01	1.850295659323466790e-01	-1.485459846648564952e-01	1.343396839110051755e-01	-1.119478507940792900e-01	1.291349895008481463e-01	-1.418239705250464444e-01	1.005270737397693931e-01	-1.019809276621666816e-01	3.455868683558084575e-02	-7.594907538138867542e-02	6.548333363750789837e-02	-1.042556875183452275e-01	9.177304261960171627e-02	-3.258247883548590768e-02	2.710146934040026656e-02	-5.372984632907673586e-02	6.861139764979740097e-02	-3.548413017516848650e-02	2.348146670740145631e-02	-2.907788598886956039e-02	5.186752565941459003e-02	-6.973494128714921581e-02	3.650422934256176283e-02	-2.100157711414742459e-02
1.344566041878231255e-01	-1.533454449788047569e-01	1.847775446369427088e-01	-2.176480903800953048e-01	1.697700875301597356e-01	-1.880191435885376072e-01	2.131328542930388537e-01	-2.660103492299435435e-01	1.969339346915058853e-01	-1.539148138938424837e-01	1.865160974605602762e-01	-6.908226232821369495e-01	1.000000000000001776e+00	-2.831313218516878782e-01	1.802682752381936648e-01	-2.191934034566592193e-01	2.991029580337374316e-01	-3.262188689344677206e-01	2.242707883954692394e-01	-1.115202891406762986e-01	1.320759086322040587e-01	-2.027472591838863081e-01	1.659867425258804985e-01	-1.610350076211446990e-01	1.356312886639023108e-01	-1.500586682370993741e-01	1.552783830473823679e-01	-1.160712116161731339e-01	1.178354003103975339e-01	-4.133419103765932634e-02	8.721409619941207503e-02	-7.671745674145437344e-02	1.188248539058541497e-01	-1.090753435936407806e-01	3.871417259892003665e-02	-3.164849403194638228e-02	6.259076969688365244e-02	-8.051689942281804735e-02	4.204509227510637437e-02	-2.797192744189750530e-02	3.384879605277735237e-02	-6.101224396571133801e-02	8.110261442283937805e-02	-4.352086008921246529e-02	2.497132704606972245e-02
-1.028374590900064250e-01	1.140583613738527374e-01	-1.524535561929773464e-01	2.266765053917301209e-01	-2.234674434423016276e-01	1.212867235706889396e-01	-1.529867177906666653e-01	1.728652332492469079e-01	-3.844642032684338906e-01	2.492144414576257516e-01	-1.071766610379553120e-01	1.864469008298235975e-01	-2.831313218516878782e-01	1.000000000000004885e+00	-5.357346103810265436e-01	1.239335967881982775e-01	-2.242351695468667583e-01	2.523951303693703907e-01	-4.942594322903288151e-01	2.071677129363960201e-01	-1.135129394435587108e-01	1.638014298618030162e-01	-1.837971839497180571e-01	1.889926715715816719e-01	-2.499439444162287749e-01	1.274108451963380795e-01	-1.519329926116307627e-01	1.152157817563782133e-01	-1.338765445899404161e-01	4.674386723804221933e-02	-8.399707635149566975e-02	7.297599821236108730e-02	-1.228655099193752404e-01	1.152518495282289501e-01	-4.408152468190999068e-02	3.093588818737009680e-02	-6.198998094485475702e-02	7.988469514918171421e-02	-4.301815673141815011e-02	2.843529803187767532e-02	-3.329475857516017712e-02	5.990923499401361318e-02	-8.161220337594447816e-02	4.418147220827990662e-02	-2.541630939619680257e-02
9.614570648085163374e-02	-1.101253305182370579e-01	1.392755940128674319e-01	-2.524871992057882708e-01	2.393897020174911572e-01	-1.122679323878359448e-01	1.364584912408567385e-01	-1.584149924446313917e-01	2.717498561156788672e-01	-4.108669266834177880e-01	9.151779366292321638e-02	-1.454997850859066355e-01	1.802682752381936648e-01	-5.357346103810265436e-01	1.000000000000002665e+00	-1.099742065981712674e-01	1.639157061746850941e-01	-1.942415813689830628e-01	2.275539358857053829e-01	-4.624455715589864679e-01	9.967842196895343454e-02	-1.462586131647584109e-01	1.449020271604549437e-01	-1.569159033230878297e-01	2.869855067357199307e-01	-1.191634750940919890e-01	1.344363353927056082e-01	-1.032504476964293955e-01	1.134125697734932325e-01	-4.546769972317441649e-02	7.841386400827390912e-02	-6.919044125541549961e-02	1.094047715520762853e-01	-1.051156217988455932e-01	4.229295465962342598e-02	-2.923049387700324409e-02	5.801546088101110915e-02	-7.498521512825333246e-02	4.017577294650916120e-02	-2.682777118419079135e-02	3.135814524626370781e-02	-5.686363868329072369e-02	7.632299036843748219e-02	-4.167085953059483650e-02	2.396186612323441406e-02
-1.730486360699084458e-01	1.431693121091823784e-01	-1.223458950092112252e-01	1.342868356108408989e-01	-1.167595110465858566e-01	2.586429178835151221e-01	-3.030563819513155677e-01	1.273871102010666057e-01	-1.242988047015971959e-01	9.392186441984987089e-02	-8.210593401246413237e-01	2.177530562662615410e-01	-2.191934034566592193e-01	1.239335967881982775e-01	-1.099742065981712674e-01	1.000000000000000666e+00	-2.341771080253202686e-01	1.482565594952406640e-01	-1.329146039608931351e-01	6.779131099430621421e-02	-1.476730018057277050e-01	1.486237340272349994e-01	-1.140459594774771018e-01	1.013911716637899835e-01	-8.960670315004860831e-02	1.275560908740762112e-01	-1.241278195333200274e-01	8.419901919357032638e-02	-8.325226112271162660e-02	2.826343423744741984e-02	-6.910462317194318582e-02	5.855147464066614432e-02	-8.913954687787142839e-02	7.485594302112770493e-02	-2.680752084969544036e-02	2.399885535412114856e-02	-4.711561822616567446e-02	5.926544653895821774e-02	-2.988781313695082834e-02	1.976533942312170763e-02	-2.575956847648089298e-02	4.534532555727113778e-02	-6.099182118015632204e-02	3.067423392496151924e-02	-1.773399262723227704e-02
1.143174725529219338e-01	-1.244374378510416379e-01	1.322360757614831628e-01	-1.844825213846299772e-01	1.514484465557554560e-01	-1.628235031936980381e-01	1.858734413273776254e-01	-1.523979186297363952e-01	1.663723733389474990e-01	-1.337698973131949409e-01	1.807075670261231171e-01	-5.009444172475842061e-01	2.991029580337374316e-01	-2.242351695468667583e-01	1.639157061746850941e-01	-2.341771080253202686e-01	1.000000000000001776e+00	-5.330986319080307512e-01	2.580266887442948520e-01	-1.052463060134669476e-01	1.834781130663973026e-01	-3.722743513473321664e-01	2.107919702772766135e-01	-1.950079878573411640e-01	1.303644925572502999e-01	-1.926346457024727121e-01	1.918135780273105551e-01	-1.404599473961286038e-01	1.356262742557688139e-01	-4.609658588244185118e-02	1.014020484925633875e-01	-8.886857141117143755e-02	1.382468382760805581e-01	-1.256933765864410579e-01	4.312246393578388765e-02	-3.606453250720464965e-02	7.140319292734385870e-02	-9.199412391046704607e-02	4.770215491750346565e-02	-3.161432472958995710e-02	3.847845103577375581e-02	-6.918298317708861112e-02	9.133440124270830740e-02	-4.928196705359257079e-02	2.816257557709191464e-02
-9.768745038329537667e-02	1.053206158205441945e-01	-1.249652868429479424e-01	1.691416888509715555e-01	-1.514869132715430944e-01	1.256528288826758710e-01	-1.566630403266116578e-01	1.397931086486042529e-01	-1.804467186638149812e-01	1.385653137435025606e-01	-1.298362453062879840e-01	2.469266922473940806e-01	-3.262188689344677206e-01	2.523951303693703907e-01	-1.942415813689830628e-01	1.482565594952406640e-01	-5.330986319080307512e-01	1.000000000000002220e+00	-5.882155052405055873e-01	1.169202677962110498e-01	-1.454142957627013732e-01	2.215010200236177951e-01	-2.918838045013750770e-01	2.330432602580840562e-01	-1.482668849259951571e-01	1.507552429644347103e-01	-1.787990115298377092e-01	1.382212646708931569e-01	-1.506451985845138342e-01	4.756090820625697574e-02	-9.226950992753746306e-02	8.010798493921887642e-02	-1.394487950961665612e-01	1.294975639311748972e-01	-4.470603450298079456e-02	3.344955693152484866e-02	-6.743051565984051199e-02	8.739799755159992356e-02	-4.700144410362164238e-02	3.089651481937115765e-02	-3.591631436042892755e-02	6.463072241737156942e-02	-8.749104946146711581e-02	4.815243381639897763e-02	-2.752743611824307046e-02
9.468524329982860865e-02	-1.058128861809925908e-01	1.239731753989185697e-01	-1.932400859174795704e-01	1.647600803662835067e-01	-1.196001707624268634e-01	1.429834066606827936e-01	-1.421596259074018320e-01	2.011696797723866725e-01	-1.657873181306848132e-01	1.097768821158473379e-01	-1.968235165334869252e-01	2.242707883954692394e-01	-4.942594322903288151e-01	2.275539358857053829e-01	-1.329146039608931351e-01	2.580266887442948520e-01	-5.882155052405055873e-01	1.000000000000002442e+00	-1.489478747712451312e-01	1.311009787812927041e-01	-2.068803269417354151e-01	2.479416062211826088e-01	-3.622157070420105041e-01	1.652031632083156287e-01	-1.508072683683131798e-01	1.688819299332812718e-01	-1.398798719776021549e-01	1.651386362333329971e-01	-5.339555556202082304e-02	9.272799814107253458e-02	-8.227823592194521973e-02	1.402934503804159350e-01	-1.469607464220194504e-01	4.943386266340557555e-02	-3.435770975844975456e-02	6.929049804786482913e-02	-9.105548017218023649e-02	5.083178616645148140e-02	-3.359035066105034439e-02	3.676744534730622127e-02	-6.710372339297476785e-02	8.977506063931187108e-02	-5.249634107590327864e-02	2.977379065978138367e-02
-5.924445088495772921e-02	6.686972376545931296e-02	-8.402765916826757109e-02	1.471842886609008583e-01	-1.475374020551670495e-01	6.894000376652097140e-02	-8.524539284947987849e-02	9.254967048166327925e-02	-1.563665507107201702e-01	1.693804750463649700e-01	-5.699014511323581555e-02	8.796988580658768320e-02	-1.115202891406762986e-01	2.071677129363960201e-01	-4.624455715589864679e-01	6.779131099430621421e-02	-1.052463060134669476e-01	1.169202677962110498e-01	-1.489478747712451312e-01	1.000000000000000666e+00	-6.459976942952701251e-02	9.337970871607702283e-02	-1.012867680702905088e-01	1.090340158502819817e-01	-8.086849574935288665e-01	7.622575542518585101e-02	-8.922386149610439521e-02	6.886311035423278715e-02	-8.053186325550587554e-02	4.180322089069810065e-02	-5.141437867835448039e-02	4.516181896133980578e-02	-7.394783682038301442e-02	7.236685987138957721e-02	-3.950870374051943662e-02	1.919770098918446508e-02	-3.833114546475722972e-02	4.959370367269600594e-02	-2.711972662666665632e-02	1.805589450888139477e-02	-2.063135864361805363e-02	3.738003559065686265e-02	-5.057867931272622825e-02	2.796543591315169344e-02	-1.613602764456764996e-02
6.938434337937081364e-02	-7.235079681764909620e-02	7.617574306223430514e-02	-1.100764329331493374e-01	9.701843007984219114e-02	-9.288653362338041009e-02	1.105938569221511514e-01	-8.228636799485522513e-02	9.996031700471388892e-02	-7.987870814401352992e-02	1.098981633382749706e-01	-1.267817298648729885e-01	1.320759086322040587e-01	-1.135129394435587108e-01	9.967842196895343454e-02	-1.476730018057277050e-01	1.834781130663973026e-01	-1.454142957627013732e-01	1.311009787812927041e-01	-6.459976942952701251e-02	1.000000000000003109e+00	-5.616486423035390585e-01	1.806781428555911395e-01	-1.483479223172602390e-01	8.558453326497582336e-02	-7.068483345445670807e-01	2.463142342890945191e-01	-1.521940679611660796e-01	1.189507788215823508e-01	-3.951702758319865921e-02	1.444013800906261968e-01	-1.234825242038329746e-01	1.428206829789727128e-01	-1.130037642981924217e-01	3.729376059496633533e-02	-4.348531602144524444e-02	8.162458018437723783e-02	-9.986870913353590451e-02	4.625023308365908137e-02	-3.042049711479152124e-02	4.522648779765067045e-02	-7.818440228524570212e-02	9.602963546415846374e-02	-4.756986673494518342e-02	2.707890822951194987e-02
-9.116952377696956045e-02	9.584273984922767053e-02	-1.061088822904828338e-01	1.493659501582947913e-01	-1.359486909891141071e-01	1.170368224105423349e-01	-1.467929303327746848e-01	1.143635788493766042e-01	-1.430918504970692950e-01	1.129769390799891943e-01	-1.272088135411256204e-01	1.850295659323466790e-01	-2.027472591838863081e-01	1.638014298618030162e-01	-1.462586131647584109e-01	1.486237340272349994e-01	-3.722743513473321664e-01	2.215010200236177951e-01	-2.068803269417354151e-01	9.337970871607702283e-02	-5.616486423035390585e-01	1.000000000000003331e+00	-3.583686579649427717e-01	2.222006200103624762e-01	-1.252136981300834284e-01	3.065973083473270133e-01	-3.929267599875269634e-01	2.115167854012010018e-01	-1.791725201447260107e-01	5.564298052551787388e-02	-1.560888245243890748e-01	1.277432362812751521e-01	-2.073236036254250125e-01	1.583481647848055951e-01	-5.293991480306973335e-02	5.104772250433653458e-02	-1.010297476672513961e-01	1.269070621603287097e-01	-6.190736328079287504e-02	4.039328738019389714e-02	-5.476922151542992778e-02	9.489520903555545561e-02	-1.272677618750053252e-01	6.292115984828530739e-02	-3.612007240878464115e-02
7.837131088292492720e-02	-8.587694879336695009e-02	9.603187378908376037e-02	-1.478693681560987738e-01	1.282273144165282652e-01	-9.947270980989288136e-02	1.203006740324190915e-01	-1.057069931796438267e-01	1.373971164872828943e-01	-1.124244374979836980e-01	9.401400872653534191e-02	-1.485459846648564952e-01	1.659867425258804985e-01	-1.837971839497180571e-01	1.449020271604549437e-01	-1.140459594774771018e-01	2.107919702772766135e-01	-2.918838045013750770e-01	2.479416062211826088e-01	-1.012867680702905088e-01	1.806781428555911395e-01	-3.583686579649427717e-01	1.000000000000002887e+00	-6.895490205555454555e-01	1.289940858790966094e-01	-2.056941492423817741e-01	2.413009937858522358e-01	-2.998406761432326206e-01	2.403795997095421744e-01	-7.524881251440092289e-02	1.179646991527491945e-01	-1.072535545975301374e-01	2.139699805718728032e-01	-2.334273115704388890e-01	6.853155871148340628e-02	-4.411627168120727666e-02	9.182822119753920875e-02	-1.257754569526025601e-01	7.252104500826232758e-02	-4.746886445708004693e-02	4.698438982753094795e-02	-8.753701062532545651e-02	1.161575304539638476e-01	-7.485732517463428159e-02	4.156240986722044978e-02
-7.351510452433628051e-02	7.994261894253182343e-02	-9.241202738473409950e-02	1.393631908812806297e-01	-1.266568352814891052e-01	9.123278057543590669e-02	-1.132867802741551883e-01	1.008567460726581821e-01	-1.407196337283353194e-01	1.128577109608963347e-01	-8.571605386148735406e-02	1.343396839110051755e-01	-1.610350076211446990e-01	1.889926715715816719e-01	-1.569159033230878297e-01	1.013911716637899835e-01	-1.950079878573411640e-01	2.330432602580840562e-01	-3.622157070420105041e-01	1.090340158502819817e-01	-1.483479223172602390e-01	2.222006200103624762e-01	-6.895490205555454555e-01	1.000000000000001776e+00	-1.484160928186054051e-01	1.595980036923061451e-01	-2.161197341130866867e-01	2.016418443673312910e-01	-3.971505720170871445e-01	7.750295539135440559e-02	-1.081455242260467992e-01	9.525627172655441732e-02	-2.077030614438733214e-01	2.312873792942965745e-01	-7.278775632812956031e-02	4.079043554153603812e-02	-8.602874128457646541e-02	1.151491010058950243e-01	-7.037082327173438401e-02	4.514565497699066926e-02	-4.391479707524405252e-02	8.072502082455187966e-02	-1.118844750052657988e-01	7.071381374194772584e-02	-3.990920686921668736e-02
7.775575873061586762e-02	-8.904223239260382339e-02	1.070022604135377475e-01	-1.998568868183283054e-01	1.703299224431464032e-01	-9.147135112727101947e-02	1.107370645443120083e-01	-1.186322230673576145e-01	1.779040266453176811e-01	-2.002601128400486319e-01	7.414332620037542010e-02	-1.119478507940792900e-01	1.356312886639023108e-01	-2.499439444162287749e-01	2.869855067357199307e-01	-8.960670315004860831e-02	1.303644925572502999e-01	-1.482668849259951571e-01	1.652031632083156287e-01	-8.086849574935288665e-01	8.558453326497582336e-02	-1.252136981300834284e-01	1.289940858790966094e-01	-1.484160928186054051e-01	1.000000000000001998e+00	-1.038000161466158533e-01	1.177303728676511729e-01	-9.203472953461444561e-02	1.049423091650390216e-01	-5.838402521032453468e-02	6.947475207739604863e-02	-6.159868877402897847e-02	9.792402058788064745e-02	-9.807034584175443326e-02	5.255070027265582033e-02	-2.608968078231576476e-02	5.187906769556055453e-02	-6.735467676531776970e-02	3.683767035947402291e-02	-2.464972777452847583e-02	2.797630908497845958e-02	-5.094695204264487742e-02	6.828366869770985392e-02	-3.821317186462405702e-02	2.199501606900285816e-02
-7.743304195675039525e-02	8.025129830785271423e-02	-8.754459219017372840e-02	1.249238104585951303e-01	-1.157135771675298630e-01	9.805812056605586746e-02	-1.239180028704864739e-01	9.292652709669239897e-02	-1.178965961385011058e-01	9.326008862538803790e-02	-1.091388020247142931e-01	1.291349895008481463e-01	-1.500586682370993741e-01	1.274108451963380795e-01	-1.191634750940919890e-01	1.275560908740762112e-01	-1.926346457024727121e-01	1.507552429644347103e-01	-1.508072683683131798e-01	7.622575542518585101e-02	-7.068483345445670807e-01	3.065973083473270133e-01	-2.056941492423817741e-01	1.595980036923061451e-01	-1.038000161466158533e-01	1.000000000000002220e+00	-4.094666544267329678e-01	1.972632273935278624e-01	-1.525553580369364559e-01	4.867687888214895092e-02	-2.476742115441092906e-01	1.693634117153031138e-01	-2.011822786887418057e-01	1.388423818682195943e-01	-4.668896959767091653e-02	6.217789605883455861e-02	-1.142924616389027204e-01	1.344581370950424515e-01	-5.977717734798648069e-02	3.896589922399200379e-02	-6.557527529545112421e-02	1.062119467251258081e-01	-1.344029901684550277e-01	6.072450903257683302e-02	-3.491213342711482759e-02
8.446580283031265846e-02	-9.241710942769967851e-02	9.961738961516032609e-02	-1.584820842801810126e-01	1.357615264690480439e-01	-1.073574408183167045e-01	1.288315780693188584e-01	-1.075514520033366422e-01	1.350848917096742208e-01	-1.100862019301223071e-01	1.004560588772911989e-01	-1.418239705250464444e-01	1.552783830473823679e-01	-1.519329926116307627e-01	1.344363353927056082e-01	-1.241278195333200274e-01	1.918135780273105551e-01	-1.787990115298377092e-01	1.688819299332812718e-01	-8.922386149610439521e-02	2.463142342890945191e-01	-3.929267599875269634e-01	2.413009937858522358e-01	-2.161197341130866867e-01	1.177303728676511729e-01	-4.094666544267329678e-01	1.000000000000003997e+00	-5.653907977762849812e-01	1.914571058770610512e-01	-6.890620312696017769e-02	1.840324010521912912e-01	-1.908741078123712687e-01	2.846889140678703356e-01	-2.112388876100394497e-01	6.431006694715028782e-02	-6.650941364210123663e-02	1.365275355134229762e-01	-1.905804051479730588e-01	8.436144802386695563e-02	-5.564838281558802391e-02	6.936437795014621654e-02	-1.321044705949558362e-01	1.602051614924604184e-01	-8.767562637838546835e-02	4.894033674933033484e-02
-6.004187732829303903e-02	6.514984073324242564e-02	-7.207667631638021988e-02	1.116982110058674232e-01	-9.930051094872190121e-02	7.492469194232484475e-02	-9.227005887333594725e-02	7.750648185816305658e-02	-1.007728100074749694e-01	8.148454001422529569e-02	-6.997689081533751965e-02	1.005270737397693931e-01	-1.160712116161731339e-01	1.152157817563782133e-01	-1.032504476964293955e-01	8.419901919357032638e-02	-1.404599473961286038e-01	1.382212646708931569e-01	-1.398798719776021549e-01	6.886311035423278715e-02	-1.521940679611660796e-01	2.115167854012010018e-01	-2.998406761432326206e-01	2.016418443673312910e-01	-9.203472953461444561e-02	1.972632273935278624e-01	-5.653907977762849812e-01	1.000000000000000888e+00	-2.183594025639987168e-01	6.576758999729981348e-02	-1.470073660279428707e-01	1.369901798143137173e-01	-6.269190827992031645e-01	2.167869434279814933e-01	-6.411487021948909792e-02	5.830942953033711046e-02	-1.361793625221214554e-01	1.929033160093670540e-01	-8.308413965119622324e-02	5.208527254721122962e-02	-6.271214194121739471e-02	1.194978442504484040e-01	-1.697731835892126173e-01	8.164883163869439409e-02	-4.624709882013264273e-02
6.160416535270956534e-02	-6.778066691088918683e-02	7.557581692675696683e-02	-1.208221175344386250e-01	1.054224981399135425e-01	-7.645231495421980772e-02	9.322879098228896433e-02	-8.196902660102399485e-02	1.083854682902460759e-01	-8.930347246651378079e-02	6.874010095972500622e-02	-1.019809276621666816e-01	1.178354003103975339e-01	-1.338765445899404161e-01	1.134125697734932325e-01	-8.325226112271162660e-02	1.356262742557688139e-01	-1.506451985845138342e-01	1.651386362333329971e-01	-8.053186325550587554e-02	1.189507788215823508e-01	-1.791725201447260107e-01	2.403795997095421744e-01	-3.971505720170871445e-01	1.049423091650390216e-01	-1.525553580369364559e-01	1.914571058770610512e-01	-2.183594025639987168e-01	1.000000000000001110e+00	-1.831928411385108646e-01	1.113706432639024468e-01	-1.053651841327565425e-01	2.398017033434114431e-01	-7.348421884998765918e-01	1.548391449869891967e-01	-4.544729893725219655e-02	9.909300057121965544e-02	-1.456111863361115311e-01	1.315744334903951318e-01	-8.370762051601565723e-02	4.836063489296653362e-02	-9.433254763329999848e-02	1.258830271647180532e-01	-1.348847207019496230e-01	7.050285401302036625e-02
-2.185160971845257968e-02	2.389453105158129489e-02	-2.718636794909113502e-02	4.342188801307769741e-02	-3.944875671999172051e-02	2.657319749704812467e-02	-3.308416262892124871e-02	2.921194055661421873e-02	-4.011391650483325105e-02	3.407507211024735777e-02	-2.367521812137583087e-02	3.455868683558084575e-02	-4.133419103765932634e-02	4.674386723804221933e-02	-4.546769972317441649e-02	2.826343423744741984e-02	-4.609658588244185118e-02	4.756090820625697574e-02	-5.339555556202082304e-02	4.180322089069810065e-02	-3.951702758319865921e-02	5.564298052551787388e-02	-7.524881251440092289e-02	7.750295539135440559e-02	-5.838402521032453468e-02	4.867687888214895092e-02	-6.890620312696017769e-02	6.576758999729981348e-02	-1.831928411385108646e-01	1.000000000000002442e+00	-4.033289125611511095e-02	3.639892034114832614e-02	-8.804144146769975199e-02	1.690810989912417683e-01	-9.585469386373520750e-01	1.641233947493470069e-02	-3.593124495474398633e-02	5.014963282551424678e-02	-4.512523277728895665e-02	3.140771646136570477e-02	-1.771223667429743312e-02	3.362084554764775690e-02	-4.755656444415976014e-02	4.273643627220052171e-02	-2.805375774206635142e-02
4.893918848255303378e-02	-5.303147821641750193e-02	5.762744350490047601e-02	-9.102251029317180719e-02	8.078373183619855236e-02	-6.102770715016792719e-02	7.488091403344787622e-02	-6.140580338712849778e-02	7.878487004504272639e-02	-6.372705393949007480e-02	5.673355897043360491e-02	-7.594907538138867542e-02	8.721409619941207503e-02	-8.399707635149566975e-02	7.841386400827390912e-02	-6.910462317194318582e-02	1.014020484925633875e-01	-9.226950992753746306e-02	9.272799814107253458e-02	-5.141437867835448039e-02	1.444013800906261968e-01	-1.560888245243890748e-01	1.179646991527491945e-01	-1.081455242260467992e-01	6.947475207739604863e-02	-2.476742115441092906e-01	1.840324010521912912e-01	-1.470073660279428707e-01	1.113706432639024468e-01	-4.033289125611511095e-02	1.000000000000001332e+00	-8.061140095322519850e-01	1.663021293697901082e-01	-1.196047293508978732e-01	3.820908532943272096e-02	-1.833780864771934194e-01	2.501494535865986801e-01	-2.422788683850892189e-01	7.664904978251854684e-02	-5.040166647259828464e-02	1.552685004382132750e-01	-2.424482209747123029e-01	1.973544149315221707e-01	-8.030237068346210427e-02	4.414902244398095921e-02
-4.224498748376976504e-02	4.537713899411364993e-02	-4.986534118380882979e-02	7.704376711810265177e-02	-7.023745466109095059e-02	5.218612431855546713e-02	-6.515209179556667729e-02	5.291417088530512430e-02	-6.883150919207212115e-02	5.535433775424240116e-02	-4.888409207969625359e-02	6.548333363750789837e-02	-7.671745674145437344e-02	7.297599821236108730e-02	-6.919044125541549961e-02	5.855147464066614432e-02	-8.886857141117143755e-02	8.010798493921887642e-02	-8.227823592194521973e-02	4.516181896133980578e-02	-1.234825242038329746e-01	1.277432362812751521e-01	-1.072535545975301374e-01	9.525627172655441732e-02	-6.159868877402897847e-02	1.693634117153031138e-01	-1.908741078123712687e-01	1.369901798143137173e-01	-1.053651841327565425e-01	3.639892034114832614e-02	-8.061140095322519850e-01	1.000000000000002887e+00	-1.748056771349885408e-01	1.084760715334823072e-01	-3.501361101350373289e-02	1.501289899966015140e-01	-3.791855413123757512e-01	2.220562926389185454e-01	-7.142593705303959539e-02	4.539827355658837549e-02	-1.599902370518254957e-01	2.208723351583299632e-01	-2.199346954198320159e-01	7.153458460847890443e-02	-4.054007506637906377e-02
6.489169751395551522e-02	-7.127663373027329219e-02	7.802819555410886454e-02	-1.256747336776666557e-01	1.088835433008498443e-01	-8.093335998523479291e-02	9.825699783153427069e-02	-8.401042842107397934e-02	1.082969644983347995e-01	-8.855316881165001264e-02	7.301943571070459993e-02	-1.042556875183452275e-01	1.188248539058541497e-01	-1.228655099193752404e-01	1.094047715520762853e-01	-8.913954687787142839e-02	1.382468382760805581e-01	-1.394487950961665612e-01	1.402934503804159350e-01	-7.394783682038301442e-02	1.428206829789727128e-01	-2.073236036254250125e-01	2.139699805718728032e-01	-2.077030614438733214e-01	9.792402058788064745e-02	-2.011822786887418057e-01	2.846889140678703356e-01	-6.269190827992031645e-01	2.398017033434114431e-01	-8.804144146769975199e-02	1.663021293697901082e-01	-1.748056771349885408e-01	1.000000000000000888e+00	-3.824729600021679610e-01	8.382034883716019125e-02	-7.341506266530274660e-02	1.780392559831823207e-01	-3.635296828713781014e-01	1.194697411980741447e-01	-7.440112468290507874e-02	7.682928692385310177e-02	-1.616713000076494267e-01	2.068294935437093862e-01	-1.188421276821245431e-01	6.406452510793983479e-02
-5.604397050004722436e-02	6.084999586093472329e-02	-6.864183927767718296e-02	1.063118612252281769e-01	-9.681390007799343944e-02	6.885671783887215014e-02	-8.579382971762893051e-02	7.369497605658903439e-02	-9.937584596006519833e-02	8.052858976062955698e-02	-6.277041485466355875e-02	9.177304261960171627e-02	-1.090753435936407806e-01	1.152518495282289501e-01	-1.051156217988455932e-01	7.485594302112770493e-02	-1.256933765864410579e-01	1.294975639311748972e-01	-1.469607464220194504e-01	7.236685987138957721e-02	-1.130037642981924217e-01	1.583481647848055951e-01	-2.334273115704388890e-01	2.312873792942965745e-01	-9.807034584175443326e-02	1.388423818682195943e-01	-2.112388876100394497e-01	2.167869434279814933e-01	-7.348421884998765918e-01	1.690810989912417683e-01	-1.196047293508978732e-01	1.084760715334823072e-01	-3.824729600021679610e-01	1.000000000000003331e+00	-2.045204855599130622e-01	4.950804870693596010e-02	-1.138560821161875569e-01	1.630870686467276454e-01	-1.853007266476112969e-01	9.365189767511281071e-02	-5.354010650971613439e-02	1.026532106007468081e-01	-1.483963112118702465e-01	1.457265419854376909e-01	-8.290666863143981991e-02
