1.000000000000000000e+00	-3.692282789341286842e-01	1.849688839692088804e-01	-1.038476897524016340e-01	1.243629370475084484e-01	-8.323135687040467134e-01	1.850335348783300471e-01	-1.652477999644502427e-01	1.168493250414796569e-01	-1.047270139595922883e-01	2.291517466511915624e-01	-1.529073441386983312e-01	1.246058467809457171e-01	-9.855594955052353334e-02	7.537229028805132736e-02	-9.212843034210248250e-02	1.040169102922279959e-01	-1.202783168652405144e-01	8.320650727194783824e-02	-9.113909466212451183e-02	7.968088630306346953e-02	-8.829628905921574344e-02	9.423539102739318662e-02	-5.996042618749706371e-02	7.351351911889170143e-02	-5.644642557182731613e-02	8.342986496620147241e-02	-7.007195156041615136e-02	4.830516412874871768e-02	-4.759129572339323294e-02	4.286981390789414148e-02	-4.257402865944679565e-02	5.297836680468339526e-02	-3.675793397113649719e-02	4.158969556105421295e-02	-4.383984845558584753e-02	4.272180696833315083e-02	-3.597830923832669170e-02	4.102017920967369197e-02	-2.501494216834245637e-02	2.024603498602642326e-02	-1.831164295864181474e-02	4.692850362614697790e-02	-5.897252795553385718e-02	2.168620519748381062e-02
-3.692282789341286842e-01	1.000000000000000222e+00	-6.575360795122049407e-01	2.360419603707425706e-01	-3.162319745355257616e-01	2.377285534809683021e-01	-2.966751695631431596e-01	2.666062531422013215e-01	-1.952580565731409923e-01	1.400356848320790659e-01	-2.665886527375228576e-01	1.868071666481406212e-01	-1.915944460899884905e-01	1.425035427908384611e-01	-1.076680305751268191e-01	1.141857112904989535e-01	-1.394152501523247822e-01	1.611447709412093809e-01	-1.177209768031014930e-01	1.209028414736807167e-01	-1.060890025655846919e-01	1.136742942177398352e-01	-1.300779631841731676e-01	7.905036496069092755e-02	-9.897148343946235438e-02	7.144578241417359754e-02	-1.136195560862539311e-01	9.248490797062570989e-02	-6.341416667213206626e-02	6.137755111438168709e-02	-5.530477006922027150e-02	5.518950271447203848e-02	-6.937581997105785048e-02	4.676448140534419234e-02	-5.315861215244119947e-02	5.563803589476572220e-02	-5.498700999333758915e-02	4.564509413155579814e-02	-5.187815458374589461e-02	3.111405613290335603e-02	-2.555166710427242416e-02	2.304931354033690205e-02	-5.958673458623402197e-02	7.259212443811212390e-02	-2.700721085746642103e-02
1.849688839692088804e-01	-6.575360795122049407e-01	1.000000000000000666e+00	-4.136641819339522685e-01	2.762718578677818559e-01	-1.835984067520522733e-01	2.158383595522073706e-01	-4.226774000559979649e-01	1.841372733493156499e-01	-1.389723113935393828e-01	1.900208161786563210e-01	-1.558910600206988573e-01	1.808423942780826299e-01	-1.425386070989456411e-01	1.022865375247237057e-01	-9.861570983893414022e-02	1.176619869467562113e-01	-1.565620898869558852e-01	1.088136367144550143e-01	-1.165718766524900668e-01	9.007099944737541330e-02	-9.956394210011157431e-02	1.130649252520273679e-01	-6.950660007130157747e-02	8.526329517984332362e-02	-6.306935597001180061e-02	9.728689683154308210e-02	-8.143220110433926906e-02	5.541510101981295122e-02	-5.412554304466631744e-02	4.827922243224890692e-02	-4.826482554878017139e-02	6.028315152797793230e-02	-4.127001340988364214e-02	4.674614945423396367e-02	-4.908900799449297109e-02	4.809635159202232946e-02	-4.022592017598330266e-02	4.579305326203915449e-02	-2.773656884436068865e-02	2.253420370537150344e-02	-2.036768003184667025e-02	5.239660365096355382e-02	-6.508642078872840797e-02	2.404988825949725545e-02
-1.038476897524016340e-01	2.360419603707425706e-01	-4.136641819339522685e-01	1.000000000000000666e+00	-8.491206856779435208e-01	1.001695519865136164e-01	-1.291148236610780431e-01	1.702915091992541485e-01	-1.249147184641110908e-01	9.523637492434423868e-02	-1.198402265571021780e-01	9.246985991403479377e-02	-1.066044791038303630e-01	9.107353947404994710e-02	-7.005899860792345890e-02	6.151808719462543290e-02	-7.375135032067028917e-02	9.301734722546979584e-02	-7.046263402456617864e-02	7.496457027665769102e-02	-5.744994811320740941e-02	6.256405012307256208e-02	-7.187676296288884881e-02	4.459508007405162816e-02	-5.538623915640225603e-02	4.051337938534835259e-02	-6.306856235069950578e-02	5.198591440251026236e-02	-3.578960903789521475e-02	3.489021619670398117e-02	-3.115312321287821637e-02	3.117729433503941411e-02	-3.904273946588732169e-02	2.668307182990700341e-02	-3.028165125831053586e-02	3.166357991387215576e-02	-3.112855199361626996e-02	2.603758234231640448e-02	-2.965597114122806022e-02	1.791160890678058712e-02	-1.460793398317953261e-02	1.319109888771064290e-02	-3.398733843230052759e-02	4.196813042336666744e-02	-1.553941900514285018e-02
1.243629370475084484e-01	-3.162319745355257616e-01	2.762718578677818559e-01	-8.491206856779435208e-01	1.000000000000000444e+00	-1.311505037344547764e-01	1.470840814108770045e-01	-1.999688447981608497e-01	1.351673979801540915e-01	-1.240052423441556223e-01	1.409846933012060821e-01	-1.106479489966449153e-01	1.221757403730261982e-01	-1.100752927824319577e-01	8.585611724972684600e-02	-7.567642977454445974e-02	8.864736300142292413e-02	-1.146267182585057193e-01	8.598989269661391766e-02	-9.464137077697369616e-02	6.992016107950153880e-02	-7.706371684777230113e-02	8.722346308247812263e-02	-5.536016140230178711e-02	6.831751956084004818e-02	-5.099963033497086767e-02	7.730290595365282846e-02	-6.439566778412519898e-02	4.455548406503877928e-02	-4.375180797769721852e-02	3.894755548338781070e-02	-3.897640683333538497e-02	4.862698891955941072e-02	-3.366055320970053055e-02	3.814197054816612781e-02	-3.991728440588023646e-02	3.903894197077861089e-02	-3.287868698395026573e-02	3.751292031159744050e-02	-2.280821084636951157e-02	1.849348501392695382e-02	-1.671570257807275528e-02	4.292289921357045346e-02	-5.366378512223000247e-02	1.977922390223725915e-02
-8.323135687040467134e-01	2.377285534809683021e-01	-1.835984067520522733e-01	1.001695519865136164e-01	-1.311505037344547764e-01	9.999999999999997780e-01	-2.308572218103150664e-01	1.600122760320845661e-01	-1.198396234333207050e-01	1.014343902570021272e-01	-3.493102021389176692e-01	1.729452272362479170e-01	-1.321295177813750499e-01	9.829729395616994270e-02	-7.503812195733480794e-02	9.729366274192885466e-02	-1.134326175542108711e-01	1.221772872295836532e-01	-8.401835572156755860e-02	8.944714900632672050e-02	-8.405787347457895076e-02	9.164776735735717661e-02	-9.777182461005694269e-02	6.085567326255958420e-02	-7.507870577879206808e-02	5.674059943351351942e-02	-8.577404962704215929e-02	7.130929072360295273e-02	-4.889784203416618763e-02	4.783010484090169379e-02	-4.338033777198727764e-02	4.297085433932924803e-02	-5.366974372230219614e-02	3.673531580450270506e-02	-4.162541428217779449e-02	4.390272774186296939e-02	-4.300604823774870772e-02	3.593656990380532379e-02	-4.088760474732577865e-02	2.476153533798198039e-02	-2.016743522674080760e-02	1.822268481356626932e-02	-4.686412548618075491e-02	5.812583912561690436e-02	-2.147569460850079492e-02
1.850335348783300471e-01	-2.966751695631431596e-01	2.158383595522073706e-01	-1.291148236610780431e-01	1.470840814108770045e-01	-2.308572218103150664e-01	1.000000000000000666e+00	-4.238481666706114259e-01	2.229441156034181193e-01	-2.025949915257747591e-01	3.168010673828203227e-01	-5.985958269496541861e-01	2.732355345160264459e-01	-2.014651182139103602e-01	1.449362580432544678e-01	-1.973671618457334687e-01	2.270037556300180115e-01	-2.610410735573819863e-01	1.600693838908860134e-01	-1.773405334681107115e-01	1.586409312062347921e-01	-1.850710869815914983e-01	1.827580217846602739e-01	-1.132368742990147309e-01	1.346059645013407968e-01	-1.066904462059156816e-01	1.536625044085428715e-01	-1.339417639597552112e-01	8.958787842871970830e-02	-8.855008995196955723e-02	8.017425240811425213e-02	-7.896972096899257387e-02	9.769088063013697809e-02	-6.772774591273088285e-02	7.627981008064217694e-02	-8.150676692278148450e-02	7.885692014063387656e-02	-6.611315008054463593e-02	7.518737605140964064e-02	-4.604677486684696786e-02	3.701228957160501015e-02	-3.354100759618360017e-02	8.575426777298737757e-02	-1.087617790241404980e-01	3.986869770504097160e-02
-1.652477999644502427e-01	2.666062531422013215e-01	-4.226774000559979649e-01	1.702915091992541485e-01	-1.999688447981608497e-01	1.600122760320845661e-01	-4.238481666706114259e-01	1.000000000000000666e+00	-4.370855201070529827e-01	2.021502278122948026e-01	-2.765323319670324187e-01	2.504705311416769442e-01	-4.447851438363889520e-01	2.443169261925071944e-01	-1.648917048172538757e-01	1.472871605285271945e-01	-1.886987898671972363e-01	2.525440697444596427e-01	-1.777586599535705969e-01	1.750352848859500210e-01	-1.376374721416049329e-01	1.502465856382045328e-01	-1.809427427680596334e-01	1.033830700948957237e-01	-1.271505569585913431e-01	9.005597674555598786e-02	-1.476395289518227516e-01	1.221024444016276522e-01	-8.133934786106424009e-02	7.816540178270356409e-02	-6.980533860298142323e-02	6.993820994732168062e-02	-8.790818313537665518e-02	5.853013030139118944e-02	-6.639429297109981920e-02	6.975802825641938543e-02	-6.895605875703052223e-02	5.680283619828807584e-02	-6.438773019676027887e-02	3.852411820819503369e-02	-3.157831430435820846e-02	2.850996790736970779e-02	-7.378653819482228204e-02	8.967098898743330881e-02	-3.341543375770714142e-02
1.168493250414796569e-01	-1.952580565731409923e-01	1.841372733493156499e-01	-1.249147184641110908e-01	1.351673979801540915e-01	-1.198396234333207050e-01	2.229441156034181193e-01	-4.370855201070529827e-01	9.999999999999998890e-01	-3.858797596805714769e-01	2.016968418135399177e-01	-1.800201290756416328e-01	2.543277029736745742e-01	-6.329953377080831389e-01	2.712657869626061702e-01	-1.239376443387567722e-01	1.486111347362418511e-01	-2.256337616060086204e-01	2.377994560003369451e-01	-2.712806842347638692e-01	1.150250761691576223e-01	-1.288666824500157293e-01	1.511452356152337417e-01	-9.410675948015878589e-02	1.145704997219737231e-01	-8.173554783149901415e-02	1.281517166941093799e-01	-1.084748178468187829e-01	7.382450442229636367e-02	-7.213543497602048493e-02	6.264182014042006530e-02	-6.311712142089838384e-02	7.881487263745476368e-02	-5.413688657151140976e-02	6.128656213200513181e-02	-6.387217509637331536e-02	6.261875583000665879e-02	-5.238567243539663659e-02	5.969390584238627034e-02	-3.612565839700091624e-02	2.923979892327812496e-02	-2.643545112420422200e-02	6.811237538953622550e-02	-8.464486071861482275e-02	3.131074403929180738e-02
-1.047270139595922883e-01	1.400356848320790659e-01	-1.389723113935393828e-01	9.523637492434423868e-02	-1.240052423441556223e-01	1.014343902570021272e-01	-2.025949915257747591e-01	2.021502278122948026e-01	-3.858797596805714769e-01	9.999999999999995559e-01	-2.018688837719038731e-01	1.514398548260411925e-01	-2.037768036448771303e-01	3.016834847420593602e-01	-7.484922127902084998e-01	1.103053839851456802e-01	-1.380016694427909363e-01	1.776471800186077421e-01	-2.723770672024655726e-01	2.472562677255412122e-01	-1.096881678392525872e-01	1.162940608646605700e-01	-1.453563091900827164e-01	9.025903969348281208e-02	-1.163994157608666119e-01	7.604934993523246312e-02	-1.302776667877507399e-01	1.024483771279781491e-01	-7.199007348251862393e-02	6.881383989882361440e-02	-6.007968013203689867e-02	6.095360381841463671e-02	-7.742494474223968193e-02	5.154647903138664250e-02	-5.897719913593790081e-02	6.028534731723238921e-02	-6.050193875377116864e-02	4.996913111394833684e-02	-5.686209494395395858e-02	3.356506429084619297e-02	-2.790362074733904185e-02	2.509114375273484993e-02	-6.546980866985693814e-02	7.749050473303735476e-02	-2.918115249289486915e-02
2.291517466511915624e-01	-2.665886527375228576e-01	1.900208161786563210e-01	-1.198402265571021780e-01	1.409846933012060821e-01	-3.493102021389176692e-01	3.168010673828203227e-01	-2.765323319670324187e-01	2.016968418135399177e-01	-2.018688837719038731e-01	9.999999999999994449e-01	-5.411169303498483130e-01	2.492018932707730505e-01	-1.877838527051762241e-01	1.423472030025662027e-01	-2.397274126427709207e-01	2.397857527174216963e-01	-2.592692445969422832e-01	1.598496048492008270e-01	-1.795311024844435666e-01	1.783062327952235071e-01	-2.024287366652843256e-01	1.932382618504547289e-01	-1.238071734856989597e-01	1.471776148542255913e-01	-1.206942219550757867e-01	1.670486315509903119e-01	-1.460076761163434655e-01	9.897614347919814204e-02	-9.865217386736593874e-02	9.009794016999399247e-02	-8.822900438417481672e-02	1.087637098821181147e-01	-7.640955553545049350e-02	8.596925696331998712e-02	-9.213852652539865351e-02	8.869414828900597236e-02	-7.488390806701694657e-02	8.529999662275157546e-02	-5.258956586126605631e-02	4.210878858918317563e-02	-3.818539799433156440e-02	9.726097324383019271e-02	-1.247751578632554370e-01	4.552633916087443777e-02
-1.529073441386983312e-01	1.868071666481406212e-01	-1.558910600206988573e-01	9.246985991403479377e-02	-1.106479489966449153e-01	1.729452272362479170e-01	-5.985958269496541861e-01	2.504705311416769442e-01	-1.800201290756416328e-01	1.514398548260411925e-01	-5.411169303498483130e-01	1.000000000000000222e+00	-3.535387293750956172e-01	1.616856805809506470e-01	-1.161769489871744415e-01	2.018241880664186916e-01	-3.332579077165133130e-01	2.421055995651185400e-01	-1.350344186796912094e-01	1.396364715070385065e-01	-1.619624592412187980e-01	1.817038048895844304e-01	-1.745242699625163818e-01	9.875819860343065804e-02	-1.170500511704655189e-01	9.194260671629390924e-02	-1.370654349553765694e-01	1.186593371079090048e-01	-7.702814503624189069e-02	7.483480774287883108e-02	-6.982194087261422988e-02	6.766231653679960489e-02	-8.417246313543771952e-02	5.635040647216046222e-02	-6.349515689360744897e-02	6.871958526220596497e-02	-6.701485305836607509e-02	5.497300933757910679e-02	-6.206819866179971029e-02	3.750839810315258205e-02	-3.052114634731637952e-02	2.762774980900471397e-02	-7.104077874172064211e-02	8.786250715992666160e-02	-3.248578531271678616e-02
1.246058467809457171e-01	-1.915944460899884905e-01	1.808423942780826299e-01	-1.066044791038303630e-01	1.221757403730261982e-01	-1.321295177813750499e-01	2.732355345160264459e-01	-4.447851438363889520e-01	2.543277029736745742e-01	-2.037768036448771303e-01	2.492018932707730505e-01	-3.535387293750956172e-01	9.999999999999998890e-01	-3.116705151908199523e-01	1.673575204436827946e-01	-1.745250348491653170e-01	2.201112259252703263e-01	-6.124737715566936913e-01	1.972284767519590365e-01	-1.973034951747291155e-01	1.520389224354163904e-01	-1.827753077941349225e-01	2.188895918637915050e-01	-1.190143413983217879e-01	1.338163650732078769e-01	-9.774880152973774994e-02	1.556124695431605198e-01	-1.455940836819764883e-01	8.844057098214540280e-02	-8.572726729513806265e-02	7.407657648458815247e-02	-7.482277357376905524e-02	9.271404557296526738e-02	-6.229052729085921697e-02	6.998719288318179521e-02	-7.458036955649696709e-02	7.254023049995525496e-02	-5.971817984144950353e-02	6.753635812351339862e-02	-4.084323732677162117e-02	3.284874656600626081e-02	-2.978827722591309915e-02	7.666159838223862710e-02	-9.549746432259843820e-02	3.532635871550981327e-02
-9.855594955052353334e-02	1.425035427908384611e-01	-1.425386070989456411e-01	9.107353947404994710e-02	-1.100752927824319577e-01	9.829729395616994270e-02	-2.014651182139103602e-01	2.443169261925071944e-01	-6.329953377080831389e-01	3.016834847420593602e-01	-1.877838527051762241e-01	1.616856805809506470e-01	-3.116705151908199523e-01	1.000000000000001110e+00	-4.624032034975626426e-01	1.106255523188600931e-01	-1.395570194321075208e-01	2.112618915434320843e-01	-3.568916402583505176e-01	2.653250222349152199e-01	-1.058312187114523878e-01	1.162064780984900930e-01	-1.443377791586809289e-01	8.635296463095738784e-02	-1.064426008818958463e-01	7.154289773385984208e-02	-1.189764996878574788e-01	9.862816011390018733e-02	-6.705292233763798793e-02	6.452389259851404324e-02	-5.559204473436229338e-02	5.629194877871538522e-02	-7.082559960465636961e-02	4.764000081348142984e-02	-5.410556061121594984e-02	5.597162012551558374e-02	-5.545393026896840161e-02	4.588565796714792061e-02	-5.217170286376240917e-02	3.117209468066677383e-02	-2.548337184117201171e-02	2.299771393272122960e-02	-5.964659816989108243e-02	7.243153226582396687e-02	-2.703878260132411282e-02
7.537229028805132736e-02	-1.076680305751268191e-01	1.022865375247237057e-01	-7.005899860792345890e-02	8.585611724972684600e-02	-7.503812195733480794e-02	1.449362580432544678e-01	-1.648917048172538757e-01	2.712657869626061702e-01	-7.484922127902084998e-01	1.423472030025662027e-01	-1.161769489871744415e-01	1.673575204436827946e-01	-4.624032034975626426e-01	1.000000000000000444e+00	-8.459607103558317021e-02	1.039200884953278003e-01	-1.528130249766914139e-01	2.466029574074335151e-01	-3.389506048731119603e-01	8.153512603438620165e-02	-8.921213093902849445e-02	1.092557556437122879e-01	-6.923256995224524868e-02	8.644090002637311310e-02	-5.702553652205791246e-02	9.425898907314023134e-02	-7.744094761219950940e-02	5.399127025572601074e-02	-5.229838748647613195e-02	4.441548919942151646e-02	-4.510973695012912565e-02	5.679411421510704994e-02	-3.863717025481592376e-02	4.394507840905958335e-02	-4.500706687120457211e-02	4.465463457205740005e-02	-3.716807354345023906e-02	4.238009613664002473e-02	-2.533476203588135370e-02	2.069798211943057673e-02	-1.866726272604151901e-02	4.844708710798546758e-02	-5.888175988844166625e-02	2.198249527289748706e-02
-9.212843034210248250e-02	1.141857112904989535e-01	-9.861570983893414022e-02	6.151808719462543290e-02	-7.567642977454445974e-02	9.729366274192885466e-02	-1.973671618457334687e-01	1.472871605285271945e-01	-1.239376443387567722e-01	1.103053839851456802e-01	-2.397274126427709207e-01	2.018241880664186916e-01	-1.745250348491653170e-01	1.106255523188600931e-01	-8.459607103558317021e-02	1.000000000000000222e+00	-6.179513029921934741e-01	2.050127668070143017e-01	-1.070462338756350551e-01	1.081981141720834150e-01	-6.124975882249144021e-01	3.057473435544552087e-01	-2.117815646761087300e-01	1.080994773934356445e-01	-1.254726459161848995e-01	1.387514202911170336e-01	-1.575139299409082649e-01	1.363466439743095671e-01	-8.361343594847966965e-02	7.967803334503155421e-02	-1.082107888134869744e-01	8.269752257123035022e-02	-1.035569174680982529e-01	6.133750954120016641e-02	-6.862396756768246453e-02	8.595102076886373954e-02	-8.514210127813749696e-02	6.288564889272829639e-02	-6.797371134377457047e-02	3.944285173835725133e-02	-3.442373775450316420e-02	3.101468740333792468e-02	-8.058307370327773278e-02	9.050346030842784661e-02	-3.420879085080640036e-02
1.040169102922279959e-01	-1.394152501523247822e-01	1.176619869467562113e-01	-7.375135032067028917e-02	8.864736300142292413e-02	-1.134326175542108711e-01	2.270037556300180115e-01	-1.886987898671972363e-01	1.486111347362418511e-01	-1.380016694427909363e-01	2.397857527174216963e-01	-3.332579077165133130e-01	2.201112259252703263e-01	-1.395570194321075208e-01	1.039200884953278003e-01	-6.179513029921934741e-01	1.000000000000001110e+00	-3.324072602066445170e-01	1.315475094844272552e-01	-1.371178312056768045e-01	3.067226841265330850e-01	-4.568925487827496523e-01	2.375097768806029297e-01	-1.244669418530418153e-01	1.366958811286811959e-01	-1.285607923364158744e-01	1.652977621236345895e-01	-1.567626598298249296e-01	9.245387222869939914e-02	-8.962255543169002359e-02	9.459403683680198127e-02	-8.422405568551372124e-02	1.035952732355850392e-01	-6.624721750351346417e-02	7.388045136282188341e-02	-8.645730122121891847e-02	8.329701331940120301e-02	-6.524698323300649749e-02	7.214364676660506293e-02	-4.314762889526709000e-02	3.562914502917031295e-02	-3.230806206897716276e-02	8.310423865911152619e-02	-1.004199747936026094e-01	3.730665657660514611e-02
-1.202783168652405144e-01	1.611447709412093809e-01	-1.565620898869558852e-01	9.301734722546979584e-02	-1.146267182585057193e-01	1.221772872295836532e-01	-2.610410735573819863e-01	2.525440697444596427e-01	-2.256337616060086204e-01	1.776471800186077421e-01	-2.592692445969422832e-01	2.421055995651185400e-01	-6.124737715566936913e-01	2.112618915434320843e-01	-1.528130249766914139e-01	2.050127668070143017e-01	-3.324072602066445170e-01	1.000000000000001110e+00	-2.597296753114151091e-01	2.021745196215980478e-01	-1.997415071976067213e-01	2.304762749105508379e-01	-4.095037682502870036e-01	1.524483054759898093e-01	-1.735836930223073060e-01	1.144309925426424263e-01	-2.114895329119078904e-01	1.889246649754529606e-01	-1.117872824869830112e-01	1.031897701634024861e-01	-8.874376379082882238e-02	9.101905453084356556e-02	-1.144898451327699823e-01	7.288803363285342729e-02	-8.213056204484407707e-02	8.701102222386621066e-02	-8.607015965125520973e-02	6.921116870091685580e-02	-7.777951552619753739e-02	4.615641966764624099e-02	-3.752425076778927171e-02	3.399092428751304684e-02	-8.828973340984283547e-02	1.065490487090066524e-01	-3.993326042899189576e-02
8.320650727194783824e-02	-1.177209768031014930e-01	1.088136367144550143e-01	-7.046263402456617864e-02	8.598989269661391766e-02	-8.401835572156755860e-02	1.600693838908860134e-01	-1.777586599535705969e-01	2.377994560003369451e-01	-2.723770672024655726e-01	1.598496048492008270e-01	-1.350344186796912094e-01	1.972284767519590365e-01	-3.568916402583505176e-01	2.466029574074335151e-01	-1.070462338756350551e-01	1.315475094844272552e-01	-2.597296753114151091e-01	1.000000000000001110e+00	-8.026908440030559033e-01	1.015713752078535870e-01	-1.151673894808682291e-01	1.437335380216741010e-01	-9.569855078462718989e-02	1.127159152319091584e-01	-7.048099378758990174e-02	1.155555479047156997e-01	-9.976905687644509191e-02	6.997971437443627207e-02	-6.816265127389038725e-02	5.435866220463056453e-02	-5.551264707610305965e-02	6.942948548530618325e-02	-4.827280777956771685e-02	5.459185653896805185e-02	-5.532844996802926268e-02	5.448393737297786699e-02	-4.554368998180997191e-02	5.206230171406734525e-02	-3.135458752576176372e-02	2.514423309849779520e-02	-2.273853222655472517e-02	5.891605712691887209e-02	-7.301087889319007873e-02	2.714435208115096448e-02
-9.113909466212451183e-02	1.209028414736807167e-01	-1.165718766524900668e-01	7.496457027665769102e-02	-9.464137077697369616e-02	8.944714900632672050e-02	-1.773405334681107115e-01	1.750352848859500210e-01	-2.712806842347638692e-01	2.472562677255412122e-01	-1.795311024844435666e-01	1.396364715070385065e-01	-1.973034951747291155e-01	2.653250222349152199e-01	-3.389506048731119603e-01	1.081981141720834150e-01	-1.371178312056768045e-01	2.021745196215980478e-01	-8.026908440030559033e-01	1.000000000000000888e+00	-1.076164183715049988e-01	1.162729979513631162e-01	-1.503455946229939610e-01	9.842343751450097211e-02	-1.274264808140490313e-01	7.362652968242110185e-02	-1.268385469243337726e-01	1.026926371286114581e-01	-7.458371762455746901e-02	7.158071498484358530e-02	-5.782529258388525301e-02	5.911438012263039998e-02	-7.478466698434664550e-02	5.105020728105391647e-02	-5.815987396461077402e-02	5.828197378056934608e-02	-5.822258841183033939e-02	4.836830154655737818e-02	-5.527451090533756772e-02	3.281719435799260176e-02	-2.677641147486480369e-02	2.413062928363194498e-02	-6.295566229640241207e-02	7.581134029711925071e-02	-2.847156357950818978e-02
7.968088630306346953e-02	-1.060890025655846919e-01	9.007099944737541330e-02	-5.744994811320740941e-02	6.992016107950153880e-02	-8.405787347457895076e-02	1.586409312062347921e-01	-1.376374721416049329e-01	1.150250761691576223e-01	-1.096881678392525872e-01	1.783062327952235071e-01	-1.619624592412187980e-01	1.520389224354163904e-01	-1.058312187114523878e-01	8.153512603438620165e-02	-6.124975882249144021e-01	3.067226841265330850e-01	-1.997415071976067213e-01	1.015713752078535870e-01	-1.076164183715049988e-01	1.000000000000001332e+00	-6.003144021903117356e-01	2.303136405570311851e-01	-1.214458802359219547e-01	1.298210459851429910e-01	-2.150565212611677268e-01	1.637157213584071735e-01	-1.589007995951571273e-01	9.039523954597251942e-02	-8.802327820653110813e-02	1.341964090859961711e-01	-9.520986837455076846e-02	1.152948331415749456e-01	-6.801563446599591389e-02	7.499201951501856256e-02	-1.041621598822369821e-01	9.819083052766908182e-02	-7.080543285927393127e-02	7.516730422824344227e-02	-4.389786691904208615e-02	3.833338265241748033e-02	-3.471929999800861533e-02	8.923782879100504439e-02	-1.011638052384816328e-01	3.796738808024852779e-02
-8.829628905921574344e-02	1.136742942177398352e-01	-9.956394210011157431e-02	6.256405012307256208e-02	-7.706371684777230113e-02	9.164776735735717661e-02	-1.850710869815914983e-01	1.502465856382045328e-01	-1.288666824500157293e-01	1.162940608646605700e-01	-2.024287366652843256e-01	1.817038048895844304e-01	-1.827753077941349225e-01	1.162064780984900930e-01	-8.921213093902849445e-02	3.057473435544552087e-01	-4.568925487827496523e-01	2.304762749105508379e-01	-1.151673894808682291e-01	1.162729979513631162e-01	-6.003144021903117356e-01	1.000000000000001332e+00	-4.522577271192850801e-01	1.524017656766046558e-01	-1.670148862665518930e-01	1.507379278599051686e-01	-2.147507555097631082e-01	1.967183939634137568e-01	-1.109225369745594214e-01	1.016415566473640036e-01	-1.168040352408157984e-01	9.883344993855007476e-02	-1.237636480835377500e-01	7.336402124978361194e-02	-8.191281387996278418e-02	9.767482480398764766e-02	-9.654226899807291651e-02	7.233582945377735329e-02	-7.880221817187109401e-02	4.591601974515121393e-02	-3.885855446132573804e-02	3.516588924149595397e-02	-9.143814017198452493e-02	1.051390693629848105e-01	-3.971915853006185992e-02
9.423539102739318662e-02	-1.300779631841731676e-01	1.130649252520273679e-01	-7.187676296288884881e-02	8.722346308247812263e-02	-9.777182461005694269e-02	1.827580217846602739e-01	-1.809427427680596334e-01	1.511452356152337417e-01	-1.453563091900827164e-01	1.932382618504547289e-01	-1.745242699625163818e-01	2.188895918637915050e-01	-1.443377791586809289e-01	1.092557556437122879e-01	-2.117815646761087300e-01	2.375097768806029297e-01	-4.095037682502870036e-01	1.437335380216741010e-01	-1.503455946229939610e-01	2.303136405570311851e-01	-4.522577271192850801e-01	1.000000000000000666e+00	-3.203109143623142363e-01	2.319871680562246574e-01	-1.478934829010807306e-01	2.789672438090358697e-01	-4.687931658321621842e-01	1.658423373985550286e-01	-1.535413052332791906e-01	1.093304823757973443e-01	-1.235537234635068760e-01	1.495968088908748994e-01	-9.715479077612426684e-02	1.067860215924221479e-01	-1.123314222035884519e-01	1.074357609385278856e-01	-8.719014733330411604e-02	9.781829680592336873e-02	-5.918716893116190980e-02	4.544092158932827585e-02	-4.167112560997918852e-02	1.072434228889681262e-01	-1.371040496991146052e-01	5.081352251756893895e-02
-5.996042618749706371e-02	7.905036496069092755e-02	-6.950660007130157747e-02	4.459508007405162816e-02	-5.536016140230178711e-02	6.085567326255958420e-02	-1.132368742990147309e-01	1.033830700948957237e-01	-9.410675948015878589e-02	9.025903969348281208e-02	-1.238071734856989597e-01	9.875819860343065804e-02	-1.190143413983217879e-01	8.635296463095738784e-02	-6.923256995224524868e-02	1.080994773934356445e-01	-1.244669418530418153e-01	1.524483054759898093e-01	-9.569855078462718989e-02	9.842343751450097211e-02	-1.214458802359219547e-01	1.524017656766046558e-01	-3.203109143623142363e-01	1.000000000000001332e+00	-7.322859739486464736e-01	9.782345070932529918e-02	-1.722927337533239900e-01	1.701561911329391719e-01	-4.507029894194860553e-01	2.686090516376648529e-01	-7.533757150963242555e-02	8.537923706439404237e-02	-1.059732717164921373e-01	1.211921351080029186e-01	-1.412042623079078907e-01	8.315838148153267828e-02	-8.188259777981195253e-02	7.973051921445592494e-02	-1.026154251044670840e-01	6.240907951797507874e-02	-3.904619161581586451e-02	3.590720435766706770e-02	-9.743072465887389622e-02	1.402141108445817408e-01	-5.317019398424662618e-02
7.351351911889170143e-02	-9.897148343946235438e-02	8.526329517984332362e-02	-5.538623915640225603e-02	6.831751956084004818e-02	-7.507870577879206808e-02	1.346059645013407968e-01	-1.271505569585913431e-01	1.145704997219737231e-01	-1.163994157608666119e-01	1.471776148542255913e-01	-1.170500511704655189e-01	1.338163650732078769e-01	-1.064426008818958463e-01	8.644090002637311310e-02	-1.254726459161848995e-01	1.366958811286811959e-01	-1.735836930223073060e-01	1.127159152319091584e-01	-1.274264808140490313e-01	1.298210459851429910e-01	-1.670148862665518930e-01	2.319871680562246574e-01	-7.322859739486464736e-01	1.000000000000000888e+00	-1.203861980329189035e-01	1.753840624844455742e-01	-1.780390944681050081e-01	2.880839266162024126e-01	-3.699513318285955754e-01	9.045858989411834084e-02	-1.009528861250801046e-01	1.220308000280183602e-01	-1.563567295023923776e-01	1.682431096252516578e-01	-1.036649164849950261e-01	9.947606666781987073e-02	-1.010923865749779882e-01	1.292941272710000367e-01	-8.502283685958618442e-02	4.971052719371750472e-02	-4.606012625180207209e-02	1.221629481830769914e-01	-1.986084289722029883e-01	7.157844295190714246e-02
-5.644642557182731613e-02	7.144578241417359754e-02	-6.306935597001180061e-02	4.051337938534835259e-02	-5.099963033497086767e-02	5.674059943351351942e-02	-1.066904462059156816e-01	9.005597674555598786e-02	-8.173554783149901415e-02	7.604934993523246312e-02	-1.206942219550757867e-01	9.194260671629390924e-02	-9.774880152973774994e-02	7.154289773385984208e-02	-5.702553652205791246e-02	1.387514202911170336e-01	-1.285607923364158744e-01	1.144309925426424263e-01	-7.048099378758990174e-02	7.362652968242110185e-02	-2.150565212611677268e-01	1.507379278599051686e-01	-1.478934829010807306e-01	9.782345070932529918e-02	-1.203861980329189035e-01	1.000000000000000666e+00	-2.129197982653975862e-01	1.527945316386158658e-01	-9.571830141181529583e-02	9.408387521565692024e-02	-7.675446414746006640e-01	2.223471610542788468e-01	-2.774630038371273533e-01	1.077933117494711823e-01	-1.162629993637989551e-01	2.772722737525080139e-01	-2.864075000735760712e-01	1.503679204388992108e-01	-1.370998146607897428e-01	6.866580838083209681e-02	-8.201970950647120839e-02	7.234744070777460179e-02	-1.923688512833667819e-01	1.480123657199705067e-01	-6.014684729595359824e-02
8.342986496620147241e-02	-1.136195560862539311e-01	9.728689683154308210e-02	-6.306856235069950578e-02	7.730290595365282846e-02	-8.577404962704215929e-02	1.536625044085428715e-01	-1.476395289518227516e-01	1.281517166941093799e-01	-1.302776667877507399e-01	1.670486315509903119e-01	-1.370654349553765694e-01	1.556124695431605198e-01	-1.189764996878574788e-01	9.425898907314023134e-02	-1.575139299409082649e-01	1.652977621236345895e-01	-2.114895329119078904e-01	1.155555479047156997e-01	-1.268385469243337726e-01	1.637157213584071735e-01	-2.147507555097631082e-01	2.789672438090358697e-01	-1.722927337533239900e-01	1.753840624844455742e-01	-2.129197982653975862e-01	1.000000000000000666e+00	-7.337255431673741501e-01	1.465663567034749537e-01	-1.473976415275141394e-01	1.508006219750170351e-01	-2.454889801626563006e-01	2.274721850333674411e-01	-1.128848885803311330e-01	1.189704072499226106e-01	-1.683179295605691239e-01	1.566454190949256864e-01	-1.149995226861012937e-01	1.186117337590717191e-01	-7.104046811552400253e-02	5.766120007983872170e-02	-5.367867749803551664e-02	1.341647970263236678e-01	-1.652290491536205219e-01	6.085432961068022728e-02
-7.007195156041615136e-02	9.248490797062570989e-02	-8.143220110433926906e-02	5.198591440251026236e-02	-6.439566778412519898e-02	7.130929072360295273e-02	-1.339417639597552112e-01	1.221024444016276522e-01	-1.084748178468187829e-01	1.024483771279781491e-01	-1.460076761163434655e-01	1.186593371079090048e-01	-1.455940836819764883e-01	9.862816011390018733e-02	-7.744094761219950940e-02	1.363466439743095671e-01	-1.567626598298249296e-01	1.889246649754529606e-01	-9.976905687644509191e-02	1.026926371286114581e-01	-1.589007995951571273e-01	1.967183939634137568e-01	-4.687931658321621842e-01	1.701561911329391719e-01	-1.780390944681050081e-01	1.527945316386158658e-01	-7.337255431673741501e-01	1.000000000000001110e+00	-1.595683900301899383e-01	1.340325743180088014e-01	-1.204711730595770386e-01	1.790215937391133327e-01	-2.468840091690306660e-01	9.703980812914737852e-02	-1.048437413015382430e-01	1.278446461874238049e-01	-1.289765754457421476e-01	9.444213535928173975e-02	-9.935641390712902921e-02	5.699752679089304525e-02	-4.659526426005437122e-02	4.295807943100885679e-02	-1.116042278024929613e-01	1.290406694794931641e-01	-4.903229767581888943e-02
4.830516412874871768e-02	-6.341416667213206626e-02	5.541510101981295122e-02	-3.578960903789521475e-02	4.455548406503877928e-02	-4.889784203416618763e-02	8.958787842871970830e-02	-8.133934786106424009e-02	7.382450442229636367e-02	-7.199007348251862393e-02	9.897614347919814204e-02	-7.702814503624189069e-02	8.844057098214540280e-02	-6.705292233763798793e-02	5.399127025572601074e-02	-8.361343594847966965e-02	9.245387222869939914e-02	-1.117872824869830112e-01	6.997971437443627207e-02	-7.458371762455746901e-02	9.039523954597251942e-02	-1.109225369745594214e-01	1.658423373985550286e-01	-4.507029894194860553e-01	2.880839266162024126e-01	-9.571830141181529583e-02	1.465663567034749537e-01	-1.595683900301899383e-01	1.000000000000001110e+00	-7.502510783698135288e-01	7.334630606341546732e-02	-8.799167901099980149e-02	1.070127859006346216e-01	-2.092995982467890093e-01	2.183020557483023039e-01	-8.841530315197736190e-02	8.635592549085854830e-02	-9.849747409642582718e-02	1.355246660893259514e-01	-8.534366981617939885e-02	4.327981157284930408e-02	-4.037959149398057113e-02	1.126052873790439751e-01	-1.864882521186398967e-01	7.077271895302494897e-02
-4.759129572339323294e-02	6.137755111438168709e-02	-5.412554304466631744e-02	3.489021619670398117e-02	-4.375180797769721852e-02	4.783010484090169379e-02	-8.855008995196955723e-02	7.816540178270356409e-02	-7.213543497602048493e-02	6.881383989882361440e-02	-9.865217386736593874e-02	7.483480774287883108e-02	-8.572726729513806265e-02	6.452389259851404324e-02	-5.229838748647613195e-02	7.967803334503155421e-02	-8.962255543169002359e-02	1.031897701634024861e-01	-6.816265127389038725e-02	7.158071498484358530e-02	-8.802327820653110813e-02	1.016415566473640036e-01	-1.535413052332791906e-01	2.686090516376648529e-01	-3.699513318285955754e-01	9.408387521565692024e-02	-1.473976415275141394e-01	1.340325743180088014e-01	-7.502510783698135288e-01	1.000000000000001332e+00	-7.406869512092799368e-02	8.870196614271988467e-02	-1.112661051182595728e-01	2.105876527981579704e-01	-3.650845473043747291e-01	8.885945561796876335e-02	-8.978222440171780561e-02	1.038627318073221256e-01	-1.530486148798322898e-01	8.807228274091995213e-02	-4.566979780947213324e-02	4.218276476984288148e-02	-1.231348404712323263e-01	1.786287148878368813e-01	-7.511125902556700651e-02
4.286981390789414148e-02	-5.530477006922027150e-02	4.827922243224890692e-02	-3.115312321287821637e-02	3.894755548338781070e-02	-4.338033777198727764e-02	8.017425240811425213e-02	-6.980533860298142323e-02	6.264182014042006530e-02	-6.007968013203689867e-02	9.009794016999399247e-02	-6.982194087261422988e-02	7.407657648458815247e-02	-5.559204473436229338e-02	4.441548919942151646e-02	-1.082107888134869744e-01	9.459403683680198127e-02	-8.874376379082882238e-02	5.435866220463056453e-02	-5.782529258388525301e-02	1.341964090859961711e-01	-1.168040352408157984e-01	1.093304823757973443e-01	-7.533757150963242555e-02	9.045858989411834084e-02	-7.675446414746006640e-01	1.508006219750170351e-01	-1.204711730595770386e-01	7.334630606341546732e-02	-7.406869512092799368e-02	1.000000000000000666e+00	-2.533167967037387447e-01	2.158388599654145479e-01	-8.722419421005064843e-02	9.003395739527217390e-02	-4.630640265450413628e-01	2.524097756026841832e-01	-1.291462494096766167e-01	1.094057734982762514e-01	-5.667018879929901221e-02	6.644648988135209988e-02	-6.108912705985448249e-02	1.468565465926653935e-01	-1.246799307590301525e-01	4.899840924216815330e-02
-4.257402865944679565e-02	5.518950271447203848e-02	-4.826482554878017139e-02	3.117729433503941411e-02	-3.897640683333538497e-02	4.297085433932924803e-02	-7.896972096899257387e-02	6.993820994732168062e-02	-6.311712142089838384e-02	6.095360381841463671e-02	-8.822900438417481672e-02	6.766231653679960489e-02	-7.482277357376905524e-02	5.629194877871538522e-02	-4.510973695012912565e-02	8.269752257123035022e-02	-8.422405568551372124e-02	9.101905453084356556e-02	-5.551264707610305965e-02	5.911438012263039998e-02	-9.520986837455076846e-02	9.883344993855007476e-02	-1.235537234635068760e-01	8.537923706439404237e-02	-1.009528861250801046e-01	2.223471610542788468e-01	-2.454889801626563006e-01	1.790215937391133327e-01	-8.799167901099980149e-02	8.870196614271988467e-02	-2.533167967037387447e-01	1.000000000000001332e+00	-7.644247853458441266e-01	1.213714657485167325e-01	-1.180448598647313579e-01	2.607729488600055712e-01	-4.250275962610696734e-01	1.672898106143708707e-01	-1.394751361264158496e-01	6.776170927952179790e-02	-6.787121911454215006e-02	6.379854064749354570e-02	-1.722028865323352864e-01	1.454984663959789926e-01	-5.829597547449741346e-02
5.297836680468339526e-02	-6.937581997105785048e-02	6.028315152797793230e-02	-3.904273946588732169e-02	4.862698891955941072e-02	-5.366974372230219614e-02	9.769088063013697809e-02	-8.790818313537665518e-02	7.881487263745476368e-02	-7.742494474223968193e-02	1.087637098821181147e-01	-8.417246313543771952e-02	9.271404557296526738e-02	-7.082559960465636961e-02	5.679411421510704994e-02	-1.035569174680982529e-01	1.035952732355850392e-01	-1.144898451327699823e-01	6.942948548530618325e-02	-7.478466698434664550e-02	1.152948331415749456e-01	-1.237636480835377500e-01	1.495968088908748994e-01	-1.059732717164921373e-01	1.220308000280183602e-01	-2.774630038371273533e-01	2.274721850333674411e-01	-2.468840091690306660e-01	1.070127859006346216e-01	-1.112661051182595728e-01	2.158388599654145479e-01	-7.644247853458441266e-01	1.000000000000001554e+00	-1.647342911929269849e-01	1.404746249501653554e-01	-2.956716898636065349e-01	2.710805666136652525e-01	-1.918569271095481032e-01	1.568617270828155941e-01	-8.340657776690535430e-02	7.459565065692536079e-02	-7.213309870299403070e-02	1.789558369768036172e-01	-1.839828419312034002e-01	7.071604863277480835e-02
-3.675793397113649719e-02	4.676448140534419234e-02	-4.127001340988364214e-02	2.668307182990700341e-02	-3.366055320970053055e-02	3.673531580450270506e-02	-6.772774591273088285e-02	5.853013030139118944e-02	-5.413688657151140976e-02	5.154647903138664250e-02	-7.640955553545049350e-02	5.635040647216046222e-02	-6.229052729085921697e-02	4.764000081348142984e-02	-3.863717025481592376e-02	6.133750954120016641e-02	-6.624721750351346417e-02	7.288803363285342729e-02	-4.827280777956771685e-02	5.105020728105391647e-02	-6.801563446599591389e-02	7.336402124978361194e-02	-9.715479077612426684e-02	1.211921351080029186e-01	-1.563567295023923776e-01	1.077933117494711823e-01	-1.128848885803311330e-01	9.703980812914737852e-02	-2.092995982467890093e-01	2.105876527981579704e-01	-8.722419421005064843e-02	1.213714657485167325e-01	-1.647342911929269849e-01	1.000000000000001776e+00	-7.335699814642109295e-01	1.192059415302569592e-01	-1.279117401603072357e-01	1.954100117074022425e-01	-4.759634695484763478e-01	1.482053314970710189e-01	-6.484028574111252996e-02	6.072781668193889815e-02	-2.066775893507991624e-01	2.575635746615233534e-01	-1.263846678080468577e-01
