1.000000000000000222e+00	-4.868058830736763376e-01	2.889136362047083906e-01	-1.230862764557567601e-01	1.296202185660454420e-01	-1.882294907941348128e-01	1.509272568114538582e-01	-1.722527703351957040e-01	1.170937416153101929e-01	-1.518976848910267852e-01	1.274336845407267049e-01	-1.362721622831612189e-01	1.337104005715859800e-01	-1.791786570801795209e-01	1.043497036465013961e-01	-9.315979262164326979e-02	1.286207950694358004e-01	-1.291453072124128520e-01	1.356300868293787709e-01	-1.093846240671416670e-01	1.159970617416997279e-01	-1.068187389599876275e-01	1.181434699945781430e-01	-1.235958962510505937e-01	1.260037991970232030e-01	-5.593409034908046473e-02	1.213660448759737998e-01	-1.147837053377938205e-01	1.108224020275815069e-01	-8.348976054812430603e-02	4.719531887716797713e-02	-7.869211801115943983e-02	8.863880266948662157e-02	-8.544477472020929609e-02	8.446034809817699884e-02	-5.441597410503177384e-02	6.759210593321655913e-02	-9.565733826999293921e-02	6.804117431876827160e-02	-7.392908052655730589e-02	5.524260345970702368e-02	-6.167449825238642547e-02	7.763584315772957545e-02	-6.469527141094680300e-02	9.018841962145471292e-02
-4.868058830736763376e-01	9.999999999999998890e-01	-7.764421874594351625e-01	1.630731261243262287e-01	-1.860903890438871111e-01	1.248862614597314319e-01	-1.310049091329696935e-01	1.210574074343156586e-01	-8.170895801392077940e-02	9.593611641385405009e-02	-7.948339691155317799e-02	8.954440878090347278e-02	-9.412926758091888502e-02	1.064188443308076992e-01	-6.501355334311562095e-02	5.651004141129063740e-02	-8.286478788408574436e-02	7.978220967155458254e-02	-8.500468033854891026e-02	6.502740668681469827e-02	-6.989014422562049578e-02	6.340637469985820063e-02	-7.000773030664586560e-02	7.038960210182217125e-02	-7.170606420765804345e-02	3.081276840669590691e-02	-6.971889359649756368e-02	6.405761446428177852e-02	-6.270194480825456995e-02	4.695098317909429664e-02	-2.610591103622508444e-02	4.359613886618551176e-02	-4.904747764870746873e-02	4.680559845789800805e-02	-4.660202336431432807e-02	2.930921245843263329e-02	-3.703252537050651105e-02	5.163753763271517611e-02	-3.686046262642717758e-02	3.981549366441355237e-02	-2.984899399753236995e-02	3.351944038773092827e-02	-4.216357914641597621e-02	3.482315057948736498e-02	-4.846524573040009165e-02
2.889136362047083906e-01	-7.764421874594351625e-01	9.999999999999998890e-01	-2.683816545671936504e-01	2.041540567211070634e-01	-1.395650669560374868e-01	1.260774765517259088e-01	-1.682864471032089193e-01	1.056197271853378528e-01	-1.269939133488627303e-01	9.507514563086827408e-02	-1.074279718483753393e-01	1.169521082231885778e-01	-1.394413868779240118e-01	8.246894298801622780e-02	-6.869837318200118503e-02	9.962158667392166655e-02	-1.001057835717861499e-01	1.055300402001477511e-01	-8.329882953678309498e-02	8.491275791930780192e-02	-7.796218977995142407e-02	8.638473161573892445e-02	-8.814686173900494748e-02	8.921903389770077797e-02	-3.857033400183369071e-02	8.609719252501946141e-02	-8.011819974510545062e-02	7.801782751296169882e-02	-5.869083328876669586e-02	3.261325230202113262e-02	-5.447292125122715073e-02	6.127148714269714525e-02	-5.873506602704509777e-02	5.828289802088977567e-02	-3.686341010682320229e-02	4.634593061859366980e-02	-6.500253592390205226e-02	4.625883625804634580e-02	-5.010601284746776102e-02	3.746246022253831021e-02	-4.206002878952594393e-02	5.284688681431527757e-02	-4.379741832341106644e-02	6.084748264212545832e-02
-1.230862764557567601e-01	1.630731261243262287e-01	-2.683816545671936504e-01	9.999999999999991118e-01	-9.246445219241663516e-01	6.222814647811079902e-02	-5.808895375973826408e-02	8.725181248366296882e-02	-1.072721179513828338e-01	1.085014475379768167e-01	-5.201331837128966851e-02	5.614486479619695825e-02	-6.761118353547027060e-02	9.032872022725017824e-02	-5.840100199936763825e-02	3.710779374937152320e-02	-5.551274292059406312e-02	5.634067810244421104e-02	-6.560249061715045515e-02	5.299697735131227161e-02	-4.693823687149343421e-02	4.269993705208342122e-02	-4.835847383514543796e-02	4.819377045668521431e-02	-5.093441159092737536e-02	2.060107056734706427e-02	-4.737341024715306659e-02	4.330583423715061997e-02	-4.340127940660066380e-02	3.276775083340322664e-02	-1.751137321744241498e-02	2.927390861119046062e-02	-3.309580878755066097e-02	3.173408732224779205e-02	-3.184720728669390710e-02	1.947827367635796350e-02	-2.481922688150571543e-02	3.436998214839083465e-02	-2.479040587664260373e-02	2.675241435808809951e-02	-1.989943179897745232e-02	2.238756325201692390e-02	-2.822866624500751376e-02	2.330493881416495147e-02	-3.249034020076706220e-02
1.296202185660454420e-01	-1.860903890438871111e-01	2.041540567211070634e-01	-9.246445219241663516e-01	9.999999999999988898e-01	-7.189293651664185880e-02	6.521140521848323157e-02	-9.801183994578084591e-02	1.067280016145805560e-01	-1.293553834823800708e-01	5.833885931561699073e-02	-6.368328782901776230e-02	7.435891240892253395e-02	-1.036771814260565999e-01	6.507236876433249162e-02	-4.195027618647380330e-02	6.216627788036066526e-02	-6.380611434800946558e-02	7.292833576515762861e-02	-6.060725317314433203e-02	5.273725937345279807e-02	-4.828186912917722950e-02	5.446991542087341320e-02	-5.491622474754890432e-02	5.734381835546765310e-02	-2.351734817555744400e-02	5.351059702863308898e-02	-4.935456471575687398e-02	4.906016687090147821e-02	-3.714145754443307079e-02	1.995078384734618945e-02	-3.335435266738535215e-02	3.765800280101817138e-02	-3.618108315908344363e-02	3.616784895999158173e-02	-2.229922674996060589e-02	2.829478527080998493e-02	-3.937736000917092805e-02	2.827337083182136085e-02	-3.057324115515607649e-02	2.273152008069374841e-02	-2.557687210268970099e-02	3.219825024256778995e-02	-2.663850681400076886e-02	3.705577137620109929e-02
-1.882294907941348128e-01	1.248862614597314319e-01	-1.395650669560374868e-01	6.222814647811079902e-02	-7.189293651664185880e-02	9.999999999999986677e-01	-8.206979336188537921e-01	1.992375897274730467e-01	-1.229137605614977757e-01	1.405556312829304433e-01	-2.537393594316427192e-01	2.561982307176852158e-01	-1.920241785627316844e-01	1.757309506616031303e-01	-1.150117409326432416e-01	1.547092424598503768e-01	-2.340800298762642506e-01	1.731839007092735028e-01	-1.776850545105107815e-01	1.166677171946230995e-01	-1.838882584238203943e-01	1.525699221392415039e-01	-1.583863999176371995e-01	1.467160747115951458e-01	-1.433769071560218600e-01	6.297583843772110168e-02	-1.551575912090300824e-01	1.318960279671192448e-01	-1.286491055995993837e-01	9.365966196470563998e-02	-5.374597936034068019e-02	8.980757558457921896e-02	-9.991155673364376932e-02	9.182696275063557956e-02	-9.206722260610387953e-02	5.709517967474692784e-02	-7.451057979139306953e-02	1.006450560750271755e-01	-7.148349295565750716e-02	7.602272752599609218e-02	-5.845470481083748365e-02	6.631707591024556259e-02	-8.308427302201745746e-02	6.690822149589882584e-02	-9.266042289142895072e-02
1.509272568114538582e-01	-1.310049091329696935e-01	1.260774765517259088e-01	-5.808895375973826408e-02	6.521140521848323157e-02	-8.206979336188537921e-01	9.999999999999990008e-01	-2.414759177462907636e-01	1.248707630998570350e-01	-1.448589033179764896e-01	1.956536327005324039e-01	-3.639815389568201165e-01	1.940220018173489935e-01	-1.796628818493704038e-01	1.081314324315462150e-01	-1.364155280295977213e-01	2.124445069723795154e-01	-1.724519980518403328e-01	1.592572246245976264e-01	-1.112761078143758853e-01	1.477799367222739080e-01	-1.351334277218890767e-01	1.359784880319586109e-01	-1.319502854224994248e-01	1.196108310593493457e-01	-5.439077306426933628e-02	1.290386159596596527e-01	-1.150970713422661829e-01	1.082879305766268202e-01	-7.993703423541898001e-02	4.587749418675723251e-02	-7.702811611814959492e-02	8.476458687878178633e-02	-7.857094086482362127e-02	7.743617240850220185e-02	-4.888831142040965527e-02	6.316409370360982767e-02	-8.710435805922861485e-02	6.018539575223930127e-02	-6.455117006257940493e-02	4.939212637198110017e-02	-5.662365472317637538e-02	6.995993883240428368e-02	-5.674057437277822691e-02	7.710291698614145373e-02
-1.722527703351957040e-01	1.210574074343156586e-01	-1.682864471032089193e-01	8.725181248366296882e-02	-9.801183994578084591e-02	1.992375897274730467e-01	-2.414759177462907636e-01	9.999999999999986677e-01	-3.969343132579523648e-01	2.607779479148223944e-01	-2.151165795346448029e-01	2.534095558039929919e-01	-6.545256657682189116e-01	2.966016318650523953e-01	-1.948380762436499880e-01	1.455389339933131354e-01	-2.547860698487692255e-01	2.520571026743971821e-01	-2.713557716929384522e-01	1.737410319856200480e-01	-1.849175942179156207e-01	1.649920231720834463e-01	-1.904172217125085220e-01	1.726680466882972720e-01	-1.775908118944326819e-01	7.004534738030125662e-02	-1.729545466804990883e-01	1.497252478512245133e-01	-1.527313087278645842e-01	1.127092819805924490e-01	-5.997276311711524643e-02	1.005214200717344242e-01	-1.132579775843522152e-01	1.062471436049779033e-01	-1.077939250549315303e-01	6.397192615148858397e-02	-8.376229529160886256e-02	1.130597874736434111e-01	-8.196693925462336661e-02	8.749664314997640524e-02	-6.572968330772048506e-02	7.454472081541729800e-02	-9.392535969448262412e-02	7.630976395549492197e-02	-1.062947958812411609e-01
1.170937416153101929e-01	-8.170895801392077940e-02	1.056197271853378528e-01	-1.072721179513828338e-01	1.067280016145805560e-01	-1.229137605614977757e-01	1.248707630998570350e-01	-3.969343132579523648e-01	9.999999999999983347e-01	-7.138943796864732905e-01	1.324078611106932757e-01	-1.500656512244135099e-01	2.354874435584085879e-01	-4.623560478962245313e-01	2.201173867430503417e-01	-9.327436984054023050e-02	1.528417897063008013e-01	-1.649554551202500052e-01	2.068739835219838286e-01	-1.809553705570726145e-01	1.190942489013109978e-01	-1.087386388835587248e-01	1.263412200989889878e-01	-1.215860888246882293e-01	1.319085809586454106e-01	-4.864845749964967492e-02	1.171674771994278969e-01	-1.049670422185222940e-01	1.085093281300952839e-01	-8.302311959872632485e-02	4.156936453200336251e-02	-6.975433425871460646e-02	7.908663767949712653e-02	-7.595491711260736467e-02	7.707333579767594589e-02	-4.479593167456220881e-02	5.835918486354459145e-02	-7.951475448231674903e-02	5.802057665508264517e-02	-6.242413231394763895e-02	4.594890428889637779e-02	-5.215625115683964613e-02	6.575801806069134225e-02	-5.401754279696786842e-02	7.510315405316803083e-02
-1.518976848910267852e-01	9.593611641385405009e-02	-1.269939133488627303e-01	1.085014475379768167e-01	-1.293553834823800708e-01	1.405556312829304433e-01	-1.448589033179764896e-01	2.607779479148223944e-01	-7.138943796864732905e-01	9.999999999999988898e-01	-1.673466373936695895e-01	1.680612586451561974e-01	-2.392699277374230049e-01	3.089031358810438999e-01	-3.616978809310396614e-01	1.162454091976754672e-01	-1.852057555058117810e-01	1.881849507953364808e-01	-2.660556051981128878e-01	2.245387423355076351e-01	-1.532608004196363838e-01	1.369392384645445604e-01	-1.612884452510807975e-01	1.531633644339130962e-01	-1.796817793448653722e-01	6.304418620958672503e-02	-1.534006870359408969e-01	1.355178556357760633e-01	-1.443590185028527650e-01	1.098719747731279617e-01	-5.415834229782833659e-02	9.071800500299244396e-02	-1.036946653439040217e-01	9.976742089869414243e-02	-1.025644534417461534e-01	5.848878655785250819e-02	-7.647345920231864158e-02	1.032912421632647682e-01	-7.678923335532694683e-02	8.233778921906517723e-02	-6.041343949228868138e-02	6.819311850723419610e-02	-8.667828889363655975e-02	7.116516315056305164e-02	-1.000955643601730699e-01
1.274336845407267049e-01	-7.948339691155317799e-02	9.507514563086827408e-02	-5.201331837128966851e-02	5.833885931561699073e-02	-2.537393594316427192e-01	1.956536327005324039e-01	-2.151165795346448029e-01	1.324078611106932757e-01	-1.673466373936695895e-01	9.999999999999994449e-01	-3.787621877120902480e-01	1.939828014891077090e-01	-2.148987877638879884e-01	1.244784063106730843e-01	-6.837124650906700740e-01	2.459030899180005281e-01	-2.085650189483485850e-01	1.817418619204136943e-01	-1.350840169386759160e-01	2.937662264645306553e-01	-2.516634051811735273e-01	1.940671096613042490e-01	-2.025658206068793876e-01	1.490397081727413420e-01	-8.366422314369148516e-02	1.881402275331035268e-01	-1.764787687348909340e-01	1.454018788296048970e-01	-1.072918426898539085e-01	6.845168344589061538e-02	-1.162514919202838615e-01	1.213567776075058918e-01	-1.096550450223661016e-01	1.031066732171808525e-01	-7.064142328066122523e-02	9.049784727065648959e-02	-1.286249474162889372e-01	8.114029024259991618e-02	-8.753803029921100598e-02	6.901875166629158065e-02	-8.184523538897416073e-02	9.674494081940984702e-02	-7.788479599783713903e-02	1.002388370158410758e-01
-1.362721622831612189e-01	8.954440878090347278e-02	-1.074279718483753393e-01	5.614486479619695825e-02	-6.368328782901776230e-02	2.561982307176852158e-01	-3.639815389568201165e-01	2.534095558039929919e-01	-1.500656512244135099e-01	1.680612586451561974e-01	-3.787621877120902480e-01	1.000000000000000888e+00	-3.859618022219531430e-01	2.236355919679305915e-01	-1.404104430513681279e-01	2.130415475877687481e-01	-6.024108704277603143e-01	2.734870977614332621e-01	-2.380243739567633743e-01	1.444439168781046778e-01	-2.307488967514375600e-01	2.102580225288744054e-01	-2.002567915628328810e-01	1.787125391455558487e-01	-1.530411485613331068e-01	7.126771292375652656e-02	-1.808795789219357075e-01	1.521665849737339482e-01	-1.413266208424244219e-01	1.028729085144733935e-01	-6.024294593193005309e-02	1.016885999254147632e-01	-1.103626636824857066e-01	1.001701179126829738e-01	-9.846198932516328495e-02	6.215268512718720439e-02	-8.163041860426371865e-02	1.111409907503759648e-01	-7.581461531056876701e-02	8.096622937804430487e-02	-6.265069462941286194e-02	7.254989983410177479e-02	-8.891444624014684106e-02	7.134906324682467604e-02	-9.601477194802360282e-02
1.337104005715859800e-01	-9.412926758091888502e-02	1.169521082231885778e-01	-6.761118353547027060e-02	7.435891240892253395e-02	-1.920241785627316844e-01	1.940220018173489935e-01	-6.545256657682189116e-01	2.354874435584085879e-01	-2.392699277374230049e-01	1.939828014891077090e-01	-3.859618022219531430e-01	9.999999999999981126e-01	-3.812314332372249148e-01	1.754476995765658354e-01	-1.404821171483106590e-01	2.649905028610403113e-01	-3.850931397148416035e-01	2.559523619725032062e-01	-1.716267360407713882e-01	1.630247115312274397e-01	-1.587199383185860513e-01	1.770762139749928743e-01	-1.663909365260152207e-01	1.490942091696173533e-01	-6.241488775735144073e-02	1.506127916925261156e-01	-1.355193286752852388e-01	1.316166568383295155e-01	-9.813686921046124723e-02	5.282445858386262960e-02	-8.906971448337723529e-02	9.879462144574192861e-02	-9.279632289337383377e-02	9.212760217457122147e-02	-5.599640124094244775e-02	7.289229676284497694e-02	-1.001440496254481782e-01	7.018748857232166849e-02	-7.546993145818202409e-02	5.672280412012475209e-02	-6.518771762219117971e-02	8.077108712647813882e-02	-6.583214577289935032e-02	8.960836861121204699e-02
-1.791786570801795209e-01	1.064188443308076992e-01	-1.394413868779240118e-01	9.032872022725017824e-02	-1.036771814260565999e-01	1.757309506616031303e-01	-1.796628818493704038e-01	2.966016318650523953e-01	-4.623560478962245313e-01	3.089031358810438999e-01	-2.148987877638879884e-01	2.236355919679305915e-01	-3.812314332372249148e-01	9.999999999999987788e-01	-3.895047823525977782e-01	1.496709656863096372e-01	-2.490528549350865817e-01	2.598310840041406777e-01	-4.076557068925548699e-01	2.633731147604480571e-01	-1.963485522241339154e-01	1.771302074899686330e-01	-2.100425542628146514e-01	1.980265102603494254e-01	-2.235207840384300648e-01	7.985555128271910885e-02	-1.953092864401380913e-01	1.719457351180969928e-01	-1.824199451641580205e-01	1.375519128362663046e-01	-6.857075243357940719e-02	1.149311236224094951e-01	-1.310740504921313609e-01	1.255376480854261123e-01	-1.288356252123596946e-01	7.377400764926683729e-02	-9.659103502629615146e-02	1.303641905296487324e-01	-9.653500448806658085e-02	1.034041207188796385e-01	-7.613345252706914257e-02	8.606422015873123332e-02	-1.092048804893925029e-01	8.948626381928409534e-02	-1.256169524343954125e-01
1.043497036465013961e-01	-6.501355334311562095e-02	8.246894298801622780e-02	-5.840100199936763825e-02	6.507236876433249162e-02	-1.150117409326432416e-01	1.081314324315462150e-01	-1.948380762436499880e-01	2.201173867430503417e-01	-3.616978809310396614e-01	1.244784063106730843e-01	-1.404104430513681279e-01	1.754476995765658354e-01	-3.895047823525977782e-01	1.000000000000001554e+00	-9.201871183585054459e-02	1.489932679525637071e-01	-1.881328397971932243e-01	2.672125911242955176e-01	-7.529529354665542851e-01	1.162287993055436119e-01	-1.120209616777122497e-01	1.324963281893406508e-01	-1.401311744826769234e-01	1.650522301925170798e-01	-5.207493035422286476e-02	1.199432278338461444e-01	-1.168250138665375276e-01	1.199051209106393873e-01	-1.063187281957374136e-01	4.406333032034229907e-02	-7.447805836846296823e-02	8.463520820005228373e-02	-8.634283299792054611e-02	8.588245831184952717e-02	-4.766510907193410168e-02	6.171750663289359007e-02	-8.654574274174922643e-02	6.259539106044766099e-02	-6.929072914155984253e-02	4.821017141806489825e-02	-5.562870577300997599e-02	6.927231519314103192e-02	-5.851834045105296089e-02	7.907912691732782440e-02
-9.315979262164326979e-02	5.651004141129063740e-02	-6.869837318200118503e-02	3.710779374937152320e-02	-4.195027618647380330e-02	1.547092424598503768e-01	-1.364155280295977213e-01	1.455389339933131354e-01	-9.327436984054023050e-02	1.162454091976754672e-01	-6.837124650906700740e-01	2.130415475877687481e-01	-1.404821171483106590e-01	1.496709656863096372e-01	-9.201871183585054459e-02	1.000000000000001110e+00	-2.194364306037684398e-01	1.581536465833753846e-01	-1.428711176767159807e-01	9.923055197421115636e-02	-5.734754731398210570e-01	2.381267134976006727e-01	-1.822639744436262976e-01	1.612642256190739143e-01	-1.220416629107094475e-01	6.865766277180641863e-02	-1.802059025541495885e-01	1.427854079428800826e-01	-1.208620970550312312e-01	8.633439837944456574e-02	-5.743909754854369110e-02	9.658603556851856620e-02	-1.006579986964723505e-01	8.739348678801292514e-02	-8.345681177925823313e-02	5.632078262715526501e-02	-7.462612363496337609e-02	1.015669834836004926e-01	-6.515655793131336360e-02	6.932979601538151460e-02	-5.580099497567621303e-02	6.597893687211184299e-02	-7.867270251891345101e-02	6.194769058029687275e-02	-8.056743779888971002e-02
1.286207950694358004e-01	-8.286478788408574436e-02	9.962158667392166655e-02	-5.551274292059406312e-02	6.216627788036066526e-02	-2.340800298762642506e-01	2.124445069723795154e-01	-2.547860698487692255e-01	1.528417897063008013e-01	-1.852057555058117810e-01	2.459030899180005281e-01	-6.024108704277603143e-01	2.649905028610403113e-01	-2.490528549350865817e-01	1.489932679525637071e-01	-2.194364306037684398e-01	1.000000000000000222e+00	-4.980132499004245594e-01	2.565461079202982497e-01	-1.667582060649659137e-01	2.245668204369743737e-01	-3.134390874112485958e-01	2.276331719937928488e-01	-2.124242129055476380e-01	1.575655565858114782e-01	-7.865865570947226659e-02	1.950789940005362988e-01	-1.718488861580396154e-01	1.500162586277196675e-01	-1.100204436922179035e-01	6.547091171587988978e-02	-1.123433383786276857e-01	1.187267738416818430e-01	-1.075998144140879326e-01	1.034328435434719029e-01	-6.696964515951432662e-02	8.753323923928339745e-02	-1.212562435948840722e-01	7.973285018828349391e-02	-8.567902821080751463e-02	6.645769904651646631e-02	-7.826827934194496850e-02	9.399971048431615683e-02	-7.559480878259622338e-02	9.937665200162001944e-02
-1.291453072124128520e-01	7.978220967155458254e-02	-1.001057835717861499e-01	5.634067810244421104e-02	-6.380611434800946558e-02	1.731839007092735028e-01	-1.724519980518403328e-01	2.520571026743971821e-01	-1.649554551202500052e-01	1.881849507953364808e-01	-2.085650189483485850e-01	2.734870977614332621e-01	-3.850931397148416035e-01	2.598310840041406777e-01	-1.881328397971932243e-01	1.581536465833753846e-01	-4.980132499004245594e-01	9.999999999999963363e-01	-5.654468124096785342e-01	2.046988998443788621e-01	-1.994050782469401206e-01	2.115434373540764912e-01	-3.088337629208999235e-01	2.229570010620386677e-01	-1.741730023069832378e-01	7.355276100876466383e-02	-1.868133636121921959e-01	1.643795469577827573e-01	-1.599686728034610261e-01	1.161259778677314336e-01	-6.235516218435237235e-02	1.058291351228596161e-01	-1.168162835947356010e-01	1.082758434110158707e-01	-1.070546189392764802e-01	6.461230117121810612e-02	-8.519573992025317177e-02	1.162765291769129600e-01	-8.064450232503471427e-02	8.656451332712335189e-02	-6.525651581118084577e-02	7.570391995397141027e-02	-9.315746627917925737e-02	7.550828390221184239e-02	-1.017140350253562253e-01
1.356300868293787709e-01	-8.500468033854891026e-02	1.055300402001477511e-01	-6.560249061715045515e-02	7.292833576515762861e-02	-1.776850545105107815e-01	1.592572246245976264e-01	-2.713557716929384522e-01	2.068739835219838286e-01	-2.660556051981128878e-01	1.817418619204136943e-01	-2.380243739567633743e-01	2.559523619725032062e-01	-4.076557068925548699e-01	2.672125911242955176e-01	-1.428711176767159807e-01	2.565461079202982497e-01	-5.654468124096785342e-01	9.999999999999984457e-01	-4.396700465597225826e-01	1.717971135652037740e-01	-1.811007949323551747e-01	2.202914480687341581e-01	-2.527302603090978428e-01	1.888891503211939382e-01	-7.432456868073597511e-02	1.721381750353369600e-01	-1.677279376952673373e-01	1.642303267842244174e-01	-1.288217747605073793e-01	6.238858228541013101e-02	-1.058320390111737730e-01	1.178048140793903908e-01	-1.150753635846881590e-01	1.122203244134121480e-01	-6.651689000054182566e-02	8.602930749810865085e-02	-1.210051480715679251e-01	8.390070354533135655e-02	-9.180250009257724664e-02	6.661676941736958957e-02	-7.749335389893420578e-02	9.506276297972358902e-02	-7.897325925349088505e-02	1.051835722287702002e-01
-1.093846240671416670e-01	6.502740668681469827e-02	-8.329882953678309498e-02	5.299697735131227161e-02	-6.060725317314433203e-02	1.166677171946230995e-01	-1.112761078143758853e-01	1.737410319856200480e-01	-1.809553705570726145e-01	2.245387423355076351e-01	-1.350840169386759160e-01	1.444439168781046778e-01	-1.716267360407713882e-01	2.633731147604480571e-01	-7.529529354665542851e-01	9.923055197421115636e-02	-1.667582060649659137e-01	2.046988998443788621e-01	-4.396700465597225826e-01	9.999999999999996669e-01	-1.282438743895592537e-01	1.230199202856729623e-01	-1.497337887769130960e-01	1.547537661125303055e-01	-2.270952296197645826e-01	5.717192525615063387e-02	-1.338473676049496963e-01	1.292990996393812153e-01	-1.401659721464700026e-01	1.254297448594027253e-01	-4.858585693181433768e-02	8.220064409316914233e-02	-9.421004380220983354e-02	9.712216078031257749e-02	-9.877126488210720423e-02	5.228481293421382431e-02	-6.818362123651504347e-02	9.492127588477747291e-02	-6.995593717700114567e-02	7.737261944792421520e-02	-5.309731458500377421e-02	6.128021824952884639e-02	-7.666202905526665889e-02	6.494998688328308678e-02	-8.830446405707306767e-02
1.159970617416997279e-01	-6.989014422562049578e-02	8.491275791930780192e-02	-4.693823687149343421e-02	5.273725937345279807e-02	-1.838882584238203943e-01	1.477799367222739080e-01	-1.849175942179156207e-01	1.190942489013109978e-01	-1.532608004196363838e-01	2.937662264645306553e-01	-2.307488967514375600e-01	1.630247115312274397e-01	-1.963485522241339154e-01	1.162287993055436119e-01	-5.734754731398210570e-01	2.245668204369743737e-01	-1.994050782469401206e-01	1.717971135652037740e-01	-1.282438743895592537e-01	9.999999999999993339e-01	-5.493033936248794546e-01	2.423034169496326440e-01	-2.407702197388379983e-01	1.552967555153283996e-01	-1.001838013873804917e-01	2.382034324676551296e-01	-2.082359209766723174e-01	1.597360989830299838e-01	-1.154369895632075677e-01	8.091338966163254265e-02	-1.387477572766348255e-01	1.376151117022925419e-01	-1.193268405295792034e-01	1.105484477273984967e-01	-7.817094767678330058e-02	1.021460090192984616e-01	-1.428433013492227399e-01	8.702669814058809628e-02	-9.320507945421915852e-02	7.570840057281726099e-02	-9.161630305210896608e-02	1.059770411173576177e-01	-8.371759052659590028e-02	1.058052554262600004e-01
-1.068187389599876275e-01	6.340637469985820063e-02	-7.796218977995142407e-02	4.269993705208342122e-02	-4.828186912917722950e-02	1.525699221392415039e-01	-1.351334277218890767e-01	1.649920231720834463e-01	-1.087386388835587248e-01	1.369392384645445604e-01	-2.516634051811735273e-01	2.102580225288744054e-01	-1.587199383185860513e-01	1.771302074899686330e-01	-1.120209616777122497e-01	2.381267134976006727e-01	-3.134390874112485958e-01	2.115434373540764912e-01	-1.811007949323551747e-01	1.230199202856729623e-01	-5.493033936248794546e-01	1.000000000000001332e+00	-4.584393696604096013e-01	2.601140972686427077e-01	-1.691893387804617455e-01	1.065634327878134113e-01	-4.482091690433564479e-01	2.301243369843227471e-01	-1.815986035422320344e-01	1.233135693231275087e-01	-9.070778176782504088e-02	1.606248527259473424e-01	-1.569555767561482129e-01	1.253827050437684443e-01	-1.185133808132406430e-01	8.202694797963475115e-02	-1.149962053169285847e-01	1.484118324221928298e-01	-9.192513674798558077e-02	9.647069429590997280e-02	-8.093534266050947390e-02	9.823766898241431678e-02	-1.144893104577536236e-01	8.720852898262244912e-02	-1.113302223898786913e-01
1.181434699945781430e-01	-7.000773030664586560e-02	8.638473161573892445e-02	-4.835847383514543796e-02	5.446991542087341320e-02	-1.583863999176371995e-01	1.359784880319586109e-01	-1.904172217125085220e-01	1.263412200989889878e-01	-1.612884452510807975e-01	1.940671096613042490e-01	-2.002567915628328810e-01	1.770762139749928743e-01	-2.100425542628146514e-01	1.324963281893406508e-01	-1.822639744436262976e-01	2.276331719937928488e-01	-3.088337629208999235e-01	2.202914480687341581e-01	-1.497337887769130960e-01	2.423034169496326440e-01	-4.584393696604096013e-01	1.000000000000001998e+00	-6.483767952900393317e-01	2.015658347050569288e-01	-1.013506447946812411e-01	2.519319120428516467e-01	-2.766120479641526186e-01	2.337809290075083257e-01	-1.563230732171859427e-01	8.411651200214549651e-02	-1.476380514702838875e-01	1.596991575391496221e-01	-1.454420054142552821e-01	1.364834700186956795e-01	-8.415548608451635382e-02	1.117712983132684024e-01	-1.570144035126859183e-01	1.015616375928967141e-01	-1.096150400937695446e-01	8.276166499419490563e-02	-9.970037335491852004e-02	1.182618847389449723e-01	-9.580126688772466759e-02	1.226584536975707657e-01
-1.235958962510505937e-01	7.038960210182217125e-02	-8.814686173900494748e-02	4.819377045668521431e-02	-5.491622474754890432e-02	1.467160747115951458e-01	-1.319502854224994248e-01	1.726680466882972720e-01	-1.215860888246882293e-01	1.531633644339130962e-01	-2.025658206068793876e-01	1.787125391455558487e-01	-1.663909365260152207e-01	1.980265102603494254e-01	-1.401311744826769234e-01	1.612642256190739143e-01	-2.124242129055476380e-01	2.229570010620386677e-01	-2.527302603090978428e-01	1.547537661125303055e-01	-2.407702197388379983e-01	2.601140972686427077e-01	-6.483767952900393317e-01	1.000000000000000666e+00	-3.014249313928930585e-01	1.030481437341109752e-01	-2.695945749620969334e-01	2.606278961365410818e-01	-4.195467349100500676e-01	2.135564950308153909e-01	-8.851794640446887519e-02	1.515144794538208495e-01	-1.773194631214901340e-01	1.751825523918055516e-01	-1.771735783110682527e-01	9.020970037122275076e-02	-1.219045218218883647e-01	1.658686180776602070e-01	-1.217625619546644639e-01	1.308441265827990918e-01	-9.141745718505883689e-02	1.074818798259739444e-01	-1.333245989088488737e-01	1.110317103504882275e-01	-1.484374209592351779e-01
1.260037991970232030e-01	-7.170606420765804345e-02	8.921903389770077797e-02	-5.093441159092737536e-02	5.734381835546765310e-02	-1.433769071560218600e-01	1.196108310593493457e-01	-1.775908118944326819e-01	1.319085809586454106e-01	-1.796817793448653722e-01	1.490397081727413420e-01	-1.530411485613331068e-01	1.490942091696173533e-01	-2.235207840384300648e-01	1.650522301925170798e-01	-1.220416629107094475e-01	1.575655565858114782e-01	-1.741730023069832378e-01	1.888891503211939382e-01	-2.270952296197645826e-01	1.552967555153283996e-01	-1.691893387804617455e-01	2.015658347050569288e-01	-3.014249313928930585e-01	1.000000000000000000e+00	-1.079906679595543095e-01	2.052092062314981036e-01	-2.916342174132862675e-01	3.106909857751818382e-01	-6.679562253884339107e-01	8.886194831765056867e-02	-1.554668335222860742e-01	1.838223029253970020e-01	-2.585184976854617567e-01	2.441868707935228866e-01	-9.829377529904675947e-02	1.256501495998959550e-01	-1.960597320809115141e-01	1.477230061381110127e-01	-1.881650401346715296e-01	9.510027995567506276e-02	-1.172581695057960116e-01	1.413523034747298512e-01	-1.384594731740730611e-01	1.691034128961750871e-01
-5.593409034908046473e-02	3.081276840669590691e-02	-3.857033400183369071e-02	2.060107056734706427e-02	-2.351734817555744400e-02	6.297583843772110168e-02	-5.439077306426933628e-02	7.004534738030125662e-02	-4.864845749964967492e-02	6.304418620958672503e-02	-8.366422314369148516e-02	7.126771292375652656e-02	-6.241488775735144073e-02	7.985555128271910885e-02	-5.207493035422286476e-02	6.865766277180641863e-02	-7.865865570947226659e-02	7.355276100876466383e-02	-7.432456868073597511e-02	5.717192525615063387e-02	-1.001838013873804917e-01	1.065634327878134113e-01	-1.013506447946812411e-01	1.030481437341109752e-01	-1.079906679595543095e-01	1.000000000000001554e+00	-2.225950335203012997e-01	1.543892133516971965e-01	-1.122386179979348308e-01	8.111653874784711948e-02	-8.768631286018737647e-01	2.558269317340503002e-01	-2.183615312997386759e-01	1.109841954584552121e-01	-1.029344387233614710e-01	1.103501941826146027e-01	-1.804226581893274284e-01	1.623168412799586291e-01	-9.202008862794684718e-02	8.543211136289548258e-02	-1.156142144963824836e-01	1.271841978154232555e-01	-1.490832838947392103e-01	8.772744984677316449e-02	-1.070497318990835944e-01
1.213660448759737998e-01	-6.971889359649756368e-02	8.609719252501946141e-02	-4.737341024715306659e-02	5.351059702863308898e-02	-1.551575912090300824e-01	1.290386159596596527e-01	-1.729545466804990883e-01	1.171674771994278969e-01	-1.534006870359408969e-01	1.881402275331035268e-01	-1.808795789219357075e-01	1.506127916925261156e-01	-1.953092864401380913e-01	1.199432278338461444e-01	-1.802059025541495885e-01	1.950789940005362988e-01	-1.868133636121921959e-01	1.721381750353369600e-01	-1.338473676049496963e-01	2.382034324676551296e-01	-4.482091690433564479e-01	2.519319120428516467e-01	-2.695945749620969334e-01	2.052092062314981036e-01	-2.225950335203012997e-01	1.000000000000001776e+00	-4.995595527432679650e-01	2.358735747558782236e-01	-1.648548238879087302e-01	1.750622891870522169e-01	-3.986042041970397354e-01	2.737624967457851777e-01	-1.907429333991213782e-01	1.673395810921445015e-01	-1.427401473613601202e-01	2.042866721291305976e-01	-2.611059633211318398e-01	1.363667947582715423e-01	-1.401242632330015059e-01	1.335633945829133307e-01	-1.767549935659542826e-01	1.848684799577236526e-01	-1.330039369915591019e-01	1.582987267774493279e-01
-1.147837053377938205e-01	6.405761446428177852e-02	-8.011819974510545062e-02	4.330583423715061997e-02	-4.935456471575687398e-02	1.318960279671192448e-01	-1.150970713422661829e-01	1.497252478512245133e-01	-1.049670422185222940e-01	1.355178556357760633e-01	-1.764787687348909340e-01	1.521665849737339482e-01	-1.355193286752852388e-01	1.719457351180969928e-01	-1.168250138665375276e-01	1.427854079428800826e-01	-1.718488861580396154e-01	1.643795469577827573e-01	-1.677279376952673373e-01	1.292990996393812153e-01	-2.082359209766723174e-01	2.301243369843227471e-01	-2.766120479641526186e-01	2.606278961365410818e-01	-2.916342174132862675e-01	1.543892133516971965e-01	-4.995595527432679650e-01	1.000000000000001998e+00	-4.694824913970248037e-01	2.277677075403979623e-01	-1.397412937392388532e-01	2.519867869950569439e-01	-4.286479307745193479e-01	2.271455067993217447e-01	-2.200575609014049916e-01	1.279407449205924863e-01	-1.912420284194528697e-01	2.489741204637204164e-01	-1.594991130470059526e-01	1.608809817622567917e-01	-1.313762250438906820e-01	1.582015177200166434e-01	-1.965630737419405971e-01	1.447416193106820514e-01	-1.866444604217644687e-01
1.108224020275815069e-01	-6.270194480825456995e-02	7.801782751296169882e-02	-4.340127940660066380e-02	4.906016687090147821e-02	-1.286491055995993837e-01	1.082879305766268202e-01	-1.527313087278645842e-01	1.085093281300952839e-01	-1.443590185028527650e-01	1.454018788296048970e-01	-1.413266208424244219e-01	1.316166568383295155e-01	-1.824199451641580205e-01	1.199051209106393873e-01	-1.208620970550312312e-01	1.500162586277196675e-01	-1.599686728034610261e-01	1.642303267842244174e-01	-1.401659721464700026e-01	1.597360989830299838e-01	-1.815986035422320344e-01	2.337809290075083257e-01	-4.195467349100500676e-01	3.106909857751818382e-01	-1.122386179979348308e-01	2.358735747558782236e-01	-4.694824913970248037e-01	9.999999999999977796e-01	-5.345712931909654131e-01	9.396555013975706194e-02	-1.681128498962297380e-01	2.117434947403441792e-01	-2.943995219063987867e-01	2.417035183614457128e-01	-9.843475064964146704e-02	1.313418322485561951e-01	-1.983778278269579531e-01	1.485104318268192503e-01	-1.710781518335313112e-01	9.644337865073707161e-02	-1.193860605828842847e-01	1.445223808384429875e-01	-1.348627868700111032e-01	1.657815801705371239e-01
-8.348976054812430603e-02	4.695098317909429664e-02	-5.869083328876669586e-02	3.276775083340322664e-02	-3.714145754443307079e-02	9.365966196470563998e-02	-7.993703423541898001e-02	1.127092819805924490e-01	-8.302311959872632485e-02	1.098719747731279617e-01	-1.072918426898539085e-01	1.028729085144733935e-01	-9.813686921046124723e-02	1.375519128362663046e-01	-1.063187281957374136e-01	8.633439837944456574e-02	-1.100204436922179035e-01	1.161259778677314336e-01	-1.288217747605073793e-01	1.254297448594027253e-01	-1.154369895632075677e-01	1.233135693231275087e-01	-1.563230732171859427e-01	2.135564950308153909e-01	-6.679562253884339107e-01	8.111653874784711948e-02	-1.648548238879087302e-01	2.277677075403979623e-01	-5.345712931909654131e-01	1.000000000000000222e+00	-6.843589560325727406e-02	1.204292249812829174e-01	-1.542957380485674435e-01	2.363497273949478061e-01	-3.561618036524129560e-01	7.393304662461619436e-02	-9.802999198251109714e-02	1.466851325417270202e-01	-1.303432522222327250e-01	1.620655344199454506e-01	-7.307288329528358051e-02	9.022360502166282270e-02	-1.122297331391575448e-01	1.137493195723759676e-01	-1.478117828017709856e-01
4.719531887716797713e-02	-2.610591103622508444e-02	3.261325230202113262e-02	-1.751137321744241498e-02	1.995078384734618945e-02	-5.374597936034068019e-02	4.587749418675723251e-02	-5.997276311711524643e-02	4.156936453200336251e-02	-5.415834229782833659e-02	6.845168344589061538e-02	-6.024294593193005309e-02	5.282445858386262960e-02	-6.857075243357940719e-02	4.406333032034229907e-02	-5.743909754854369110e-02	6.547091171587988978e-02	-6.235516218435237235e-02	6.238858228541013101e-02	-4.858585693181433768e-02	8.091338966163254265e-02	-9.070778176782504088e-02	8.411651200214549651e-02	-8.851794640446887519e-02	8.886194831765056867e-02	-8.768631286018737647e-01	1.750622891870522169e-01	-1.397412937392388532e-01	9.396555013975706194e-02	-6.843589560325727406e-02	1.000000000000000222e+00	-3.611409476972755606e-01	1.840255276727409961e-01	-9.694008036363446768e-02	8.541438779026261363e-02	-1.060090035152831678e-01	1.602683368314947732e-01	-1.517102728472973783e-01	7.651243628219596415e-02	-7.207413285243960410e-02	9.995979829235143721e-02	-1.197417786874098167e-01	1.237519125163463324e-01	-7.460011727576937313e-02	8.747342480935654807e-02
-7.869211801115943983e-02	4.359613886618551176e-02	-5.447292125122715073e-02	2.927390861119046062e-02	-3.335435266738535215e-02	8.980757558457921896e-02	-7.702811611814959492e-02	1.005214200717344242e-01	-6.975433425871460646e-02	9.071800500299244396e-02	-1.162514919202838615e-01	1.016885999254147632e-01	-8.906971448337723529e-02	1.149311236224094951e-01	-7.447805836846296823e-02	9.658603556851856620e-02	-1.123433383786276857e-01	1.058291351228596161e-01	-1.058320390111737730e-01	8.220064409316914233e-02	-1.387477572766348255e-01	1.606248527259473424e-01	-1.476380514702838875e-01	1.515144794538208495e-01	-1.554668335222860742e-01	2.558269317340503002e-01	-3.986042041970397354e-01	2.519867869950569439e-01	-1.681128498962297380e-01	1.204292249812829174e-01	-3.611409476972755606e-01	9.999999999999987788e-01	-5.224833900260277275e-01	1.774485125595493817e-01	-1.566193642311484169e-01	1.683417440830657918e-01	-4.573675122429560203e-01	2.808315727803079032e-01	-1.388185730950458885e-01	1.268412818009101717e-01	-1.694393246972173417e-01	2.294166772240391894e-01	-2.399078892222790693e-01	1.333712291964095353e-01	-1.549423181714442155e-01
8.863880266948662157e-02	-4.904747764870746873e-02	6.127148714269714525e-02	-3.309580878755066097e-02	3.765800280101817138e-02	-9.991155673364376932e-02	8.476458687878178633e-02	-1.132579775843522152e-01	7.908663767949712653e-02	-1.036946653439040217e-01	1.213567776075058918e-01	-1.103626636824857066e-01	9.879462144574192861e-02	-1.310740504921313609e-01	8.463520820005228373e-02	-1.006579986964723505e-01	1.187267738416818430e-01	-1.168162835947356010e-01	1.178048140793903908e-01	-9.421004380220983354e-02	1.376151117022925419e-01	-1.569555767561482129e-01	1.596991575391496221e-01	-1.773194631214901340e-01	1.838223029253970020e-01	-2.183615312997386759e-01	2.737624967457851777e-01	-4.286479307745193479e-01	2.117434947403441792e-01	-1.542957380485674435e-01	1.840255276727409961e-01	-5.224833900260277275e-01	9.999999999999978906e-01	-3.149196420935127527e-01	2.057142255655477481e-01	-1.588006357868756990e-01	2.540772730462909079e-01	-4.950188677333674514e-01	1.668170729318749212e-01	-1.587808046744242918e-01	1.513964758773868324e-01	-2.138902907313602608e-01	2.347591493715048827e-01	-1.566481006939866583e-01	1.776013564365837294e-01
-8.544477472020929609e-02	4.680559845789800805e-02	-5.873506602704509777e-02	3.173408732224779205e-02	-3.618108315908344363e-02	9.182696275063557956e-02	-7.857094086482362127e-02	1.062471436049779033e-01	-7.595491711260736467e-02	9.976742089869414243e-02	-1.096550450223661016e-01	1.001701179126829738e-01	-9.279632289337383377e-02	1.255376480854261123e-01	-8.634283299792054611e-02	8.739348678801292514e-02	-1.075998144140879326e-01	1.082758434110158707e-01	-1.150753635846881590e-01	9.712216078031257749e-02	-1.193268405295792034e-01	1.253827050437684443e-01	-1.454420054142552821e-01	1.751825523918055516e-01	-2.585184976854617567e-01	1.109841954584552121e-01	-1.907429333991213782e-01	2.271455067993217447e-01	-2.943995219063987867e-01	2.363497273949478061e-01	-9.694008036363446768e-02	1.774485125595493817e-01	-3.149196420935127527e-01	9.999999999999986677e-01	-6.827442237585976681e-01	1.046605144356112793e-01	-1.468095806043974993e-01	2.169722623002861284e-01	-3.555521691120452910e-01	2.735631786137882049e-01	-1.054104660510826186e-01	1.354738564090850472e-01	-1.797489669417068059e-01	2.189528417924987702e-01	-2.802179991291503525e-01
