1.000000000000000000e+00	-4.981788313009429814e-01	2.109569116745286521e-01	-1.381497723375219033e-01	1.364868338822532168e-01	-6.198709851500441292e-01	3.166111226678635648e-01	-2.574778521014041144e-01	8.309483776687098810e-02	-7.570269928127471015e-02	1.773823270302245236e-01	-1.766785650612119341e-01	2.422008262828172775e-01	-9.818785521951328699e-02	9.330744620893832719e-02	-1.868276401121186647e-01	1.432029243375050609e-01	-1.966652631484827329e-01	1.170355933226495254e-01	-8.776886198313124665e-02	1.526257928790401008e-01	-1.597160028836444035e-01	1.322309094742004643e-01	-1.060878416122385676e-01	8.655563865060934836e-02	-2.361656801627015079e-01	1.116093461031613387e-01	-9.969513217066910959e-02	1.102295557410425814e-01	-1.021635229526652311e-01	5.631561084234439768e-02	-9.823022453548006794e-02	1.070761894188065610e-01	-8.681476559519576974e-02	7.156494466501606144e-02	-5.498214602748797281e-02	7.674967151764158779e-02	-1.092683959731128862e-01	8.097804884875672848e-02	-7.836407555841262695e-02	4.269462985182478215e-02	-9.555210092901311736e-02	7.369096120765988855e-02	-8.613729555651276903e-02	7.216504805268629530e-02
-4.981788313009429814e-01	9.999999999999998890e-01	-4.364318519597885082e-01	1.697815150638697090e-01	-1.910539948542946120e-01	2.970077423218340784e-01	-5.484497494544192664e-01	2.815707150493249600e-01	-8.865498593710613440e-02	8.078836787340376580e-02	-1.909425353738845865e-01	1.735648089894974433e-01	-2.798746512725783786e-01	9.526765697903681607e-02	-9.781106106101165876e-02	1.361183211537967119e-01	-1.161347311018523093e-01	1.532440602895427939e-01	-9.837615300113035366e-02	7.308974582267718789e-02	-1.133649171875777545e-01	1.187142634341002145e-01	-1.050936782949660198e-01	8.484829447677787184e-02	-7.314128781372990218e-02	1.515946581595832843e-01	-7.759722051558143319e-02	7.490086596798244123e-02	-8.447881290143519073e-02	7.124509987746430184e-02	-3.825616168616392115e-02	6.579912128694932749e-02	-7.960306677050979496e-02	6.240779849545205482e-02	-5.111067421475062184e-02	3.686630895749201664e-02	-5.225786058317787031e-02	7.415027010444789901e-02	-5.766555348618707805e-02	5.464781421093994201e-02	-2.797534474733543580e-02	6.373792277291093211e-02	-5.057339568530941354e-02	5.926933498773173659e-02	-5.081101754887989291e-02
2.109569116745286521e-01	-4.364318519597885082e-01	9.999999999999997780e-01	-3.325802195450441867e-01	2.292491616646621100e-01	-1.657067338132224565e-01	2.084981638136046700e-01	-7.248818407936112873e-01	9.371177214718362514e-02	-8.828585334410625485e-02	1.091098550540219869e-01	-1.080723526233681453e-01	2.337469390789991275e-01	-9.675122073525180277e-02	9.548877351608280051e-02	-1.140189995227502417e-01	9.239352402802218645e-02	-1.381713934954403311e-01	8.370961154185682651e-02	-6.543508670835793128e-02	9.237980104343884724e-02	-1.006409874741516774e-01	8.752856896754089566e-02	-7.320786811116555826e-02	6.332429672129624709e-02	-1.313606707398526086e-01	6.471146986216297359e-02	-6.278773679866730961e-02	6.959001565422061331e-02	-6.034870389296588533e-02	3.208134103907668566e-02	-5.578684467812364267e-02	6.557463821989076291e-02	-5.226447840186053406e-02	4.277293879975974100e-02	-3.110316810419339398e-02	4.390461533562976804e-02	-6.266757619962250170e-02	4.802309783967349116e-02	-4.592969884460139374e-02	2.213296324528625514e-02	-5.403194599835406398e-02	4.248597986969851470e-02	-4.989928078478099438e-02	4.235361319042436901e-02
-1.381497723375219033e-01	1.697815150638697090e-01	-3.325802195450441867e-01	1.000000000000000222e+00	-8.590213644777937585e-01	9.602599541881372269e-02	-1.116463164520680451e-01	2.120176686188223747e-01	-1.487037164319983673e-01	1.623200180483856947e-01	-7.242750318130472542e-02	6.877873273980500413e-02	-1.651142874496163704e-01	1.260808487587665727e-01	-1.634645614543131231e-01	8.297549569632317601e-02	-6.824024027402654513e-02	1.000690865305082777e-01	-8.113968932847953619e-02	7.156081932027447134e-02	-7.050605321018561800e-02	7.709473041587057429e-02	-7.001369189600609166e-02	6.713802230930916715e-02	-6.796245095191860708e-02	9.845361430645391265e-02	-5.077689098826150549e-02	5.126222716529234974e-02	-5.815619115905413389e-02	4.968505817377499162e-02	-2.518911319175929503e-02	4.343780996962346569e-02	-5.374385541136583733e-02	4.283451435498162457e-02	-3.537393008372147901e-02	2.432372734448247018e-02	-3.462162147140943752e-02	4.980957335771471484e-02	-3.916242296138717355e-02	3.729197451071226271e-02	-1.737553430316698608e-02	4.242069696283611718e-02	-3.389888273498782578e-02	4.010203827003765154e-02	-3.442188681611166312e-02
1.364868338822532168e-01	-1.910539948542946120e-01	2.292491616646621100e-01	-8.590213644777937585e-01	1.000000000000000000e+00	-1.039802326476892275e-01	1.140284379340709420e-01	-2.388866191584753940e-01	1.527473271974364166e-01	-2.253387691726153053e-01	7.581929463620830367e-02	-7.369950393168635261e-02	1.628632817688885348e-01	-1.461043735636778362e-01	1.649668907423561814e-01	-9.653283605160624392e-02	7.705023737965274733e-02	-1.145449145780832456e-01	8.885468365153902093e-02	-8.014021931080128613e-02	8.090059667715215896e-02	-8.892444204888783066e-02	7.869117072918643818e-02	-7.548736103009678899e-02	7.344052546833276796e-02	-1.176698966402900254e-01	5.901939188572401934e-02	-5.842408728845081833e-02	6.558071326161826753e-02	-5.775145890041278457e-02	2.945454576186392823e-02	-5.108221784501940782e-02	6.115219271446153959e-02	-4.931455355444927524e-02	4.072750376146332812e-02	-2.856518454536386906e-02	4.046489748524736280e-02	-5.830344497324233682e-02	4.512755594404174730e-02	-4.329398115991295315e-02	2.022837777699938028e-02	-4.991123340601444358e-02	3.951784391134306046e-02	-4.673730216737831400e-02	3.978667232522586916e-02
-6.198709851500441292e-01	2.970077423218340784e-01	-1.657067338132224565e-01	9.602599541881372269e-02	-1.039802326476892275e-01	1.000000000000000000e+00	-6.458326861518661755e-01	1.799906224265838683e-01	-5.901476804480953325e-02	5.290240344587327642e-02	-2.283811746270881238e-01	1.895694802516753041e-01	-1.978159769280764813e-01	6.707188799162044912e-02	-6.586186167129710889e-02	1.203824676047602626e-01	-1.020421125661932077e-01	1.261998080505236097e-01	-7.721482683373109834e-02	5.633652832892178941e-02	-9.670954826738602239e-02	1.007780480080154167e-01	-8.631670644181810292e-02	6.784270510040266156e-02	-5.652711602183638218e-02	1.302952799129322159e-01	-6.517717734703935839e-02	6.159726904563922467e-02	-6.894292941110903572e-02	5.908625087954939847e-02	-3.217806874301287062e-02	5.557670613191408038e-02	-6.545338665228794817e-02	5.156378266190960596e-02	-4.220096438399129068e-02	3.108846727791561917e-02	-4.388879866021797721e-02	6.215733085576979899e-02	-4.774368608422042970e-02	4.542225004797707105e-02	-2.358410256157478929e-02	5.371776056977333597e-02	-4.229275137826423586e-02	4.946320462273003093e-02	-4.216264334294445026e-02
3.166111226678635648e-01	-5.484497494544192664e-01	2.084981638136046700e-01	-1.116463164520680451e-01	1.140284379340709420e-01	-6.458326861518661755e-01	1.000000000000000666e+00	-2.641934011744004884e-01	6.258559372781620500e-02	-5.643010661539143991e-02	2.089120290208946462e-01	-2.618797708364989374e-01	1.991472005139035828e-01	-7.059245359548708965e-02	6.826218484536651643e-02	-1.268704058331123763e-01	1.071708077838876144e-01	-1.335036332635049783e-01	7.827485485911431229e-02	-5.763722692165234446e-02	9.786266939939274045e-02	-1.049745850177586232e-01	8.817502666134839628e-02	-6.930554365887048318e-02	5.732349365296278421e-02	-1.329843476528915491e-01	6.548586261141574327e-02	-6.236931455508685357e-02	6.917660561290489563e-02	-5.938594254877579970e-02	3.228006586792097482e-02	-5.603286244942586036e-02	6.553425622700378983e-02	-5.179620421229087779e-02	4.228926188210883896e-02	-3.123782684480045507e-02	4.405359081863390730e-02	-6.245513613222322680e-02	4.778661187761070600e-02	-4.555495046925219643e-02	2.283134156763707082e-02	-5.402046412501940176e-02	4.241834097582674462e-02	-4.962518127234361726e-02	4.216738912570613951e-02
-2.574778521014041144e-01	2.815707150493249600e-01	-7.248818407936112873e-01	2.120176686188223747e-01	-2.388866191584753940e-01	1.799906224265838683e-01	-2.641934011744004884e-01	1.000000000000000444e+00	-1.166406563607028102e-01	9.872742968045600254e-02	-1.348797490434620605e-01	1.297621591575336686e-01	-4.068908781671008446e-01	1.134514950834595304e-01	-1.112050881380873962e-01	1.277550562146232138e-01	-1.081964798265783317e-01	1.605017072059488070e-01	-9.825119731073488072e-02	7.467755325555418267e-02	-1.051346183326049566e-01	1.140066528521432310e-01	-1.025583621191157035e-01	8.433169937652086612e-02	-7.324911576327790275e-02	1.428704696504510541e-01	-7.221642269736869291e-02	7.163392075040071749e-02	-7.995495593650452093e-02	6.719617924757008420e-02	-3.555898876052108332e-02	6.156133010979542020e-02	-7.466768917384430937e-02	5.881751880135876326e-02	-4.800307041917989404e-02	3.434258231615543860e-02	-4.869026717513058600e-02	6.941160919776384608e-02	-5.391946110811835641e-02	5.122554764037760833e-02	-2.452231696407484660e-02	5.955877332128256540e-02	-4.721387488263772969e-02	5.546955032283121950e-02	-4.738698440165923370e-02
8.309483776687098810e-02	-8.865498593710613440e-02	9.371177214718362514e-02	-1.487037164319983673e-01	1.527473271974364166e-01	-5.901476804480953325e-02	6.258559372781620500e-02	-1.166406563607028102e-01	1.000000000000000000e+00	-6.216021190465467194e-01	5.346803659059822661e-02	-5.171654453134277157e-02	1.325063043335268365e-01	-6.632697781729010034e-01	3.248541469209584309e-01	-8.010755547873656124e-02	6.726143196269981916e-02	-1.039590775496644637e-01	1.359671008555033422e-01	-1.262474435309125786e-01	6.986525788277209159e-02	-8.371955539054734552e-02	8.049178902908538102e-02	-1.067753614574898091e-01	1.060079069480559383e-01	-9.476194488106844116e-02	5.190278491801483818e-02	-5.979291558331303186e-02	6.844589973152957751e-02	-5.653255790081129772e-02	2.565135642450813366e-02	-4.421860548233758070e-02	5.976565535127810469e-02	-4.855979725074450332e-02	4.000388047493635274e-02	-2.470743281131468697e-02	3.570563566265731043e-02	-5.270551049548106298e-02	4.306794913220302057e-02	-4.102011483918627938e-02	1.607515769556748519e-02	-4.368561261710311727e-02	3.584948239806436121e-02	-4.326434877934310502e-02	3.739730394848964773e-02
-7.570269928127471015e-02	8.078836787340376580e-02	-8.828585334410625485e-02	1.623200180483856947e-01	-2.253387691726153053e-01	5.290240344587327642e-02	-5.643010661539143991e-02	9.872742968045600254e-02	-6.216021190465467194e-01	1.000000000000000222e+00	-4.733479998624229301e-02	4.526302979366888385e-02	-1.144996106689571969e-01	3.201907636387552603e-01	-6.503498298471626082e-01	6.882587486771431229e-02	-5.826711326340956731e-02	8.851099791632374703e-02	-1.207028704849311823e-01	1.305276303742592126e-01	-6.078551749798853654e-02	7.192054665935690427e-02	-7.054952778124304325e-02	9.177844214700205117e-02	-1.158961125651345458e-01	8.143567632987616656e-02	-4.531652279577996767e-02	5.229357738387442611e-02	-6.082504738544310119e-02	4.999047386086872408e-02	-2.236594868250000104e-02	3.839003973010342990e-02	-5.292959508387129475e-02	4.267420791553739462e-02	-3.564266049030672540e-02	2.148912223129814669e-02	-3.114413198783197098e-02	4.591141455231891738e-02	-3.799124425907311753e-02	3.601214122356163894e-02	-1.409496071619928577e-02	3.796165391847466930e-02	-3.134526885720653744e-02	3.781589872203022090e-02	-3.298872391738632420e-02
1.773823270302245236e-01	-1.909425353738845865e-01	1.091098550540219869e-01	-7.242750318130472542e-02	7.581929463620830367e-02	-2.283811746270881238e-01	2.089120290208946462e-01	-1.348797490434620605e-01	5.346803659059822661e-02	-4.733479998624229301e-02	9.999999999999983347e-01	-8.699290051938223245e-01	2.059095500106729870e-01	-6.588523540851796978e-02	6.115318272522244497e-02	-2.211920740133601071e-01	1.803867513835860359e-01	-1.758419369840266422e-01	9.025388378800590361e-02	-6.262914730419850973e-02	1.319827378182858446e-01	-1.456587581988244562e-01	1.129136553117716102e-01	-8.142530142237568158e-02	6.341460075318372525e-02	-1.548844062650184261e-01	7.522090262925308635e-02	-7.395242792356103434e-02	8.050105317053478371e-02	-6.499139910407326914e-02	3.599543448701665593e-02	-6.287608988266685239e-02	7.515762391804237108e-02	-5.820302478763659387e-02	4.678884598664284633e-02	-3.465114668834791412e-02	4.901215544450161776e-02	-6.869790167433569017e-02	5.311837770523790414e-02	-5.012088466338754378e-02	2.291590655858706527e-02	-5.938176579812221023e-02	4.681172471760919329e-02	-5.450893653867851935e-02	4.649383452446847337e-02
-1.766785650612119341e-01	1.735648089894974433e-01	-1.080723526233681453e-01	6.877873273980500413e-02	-7.369950393168635261e-02	1.895694802516753041e-01	-2.618797708364989374e-01	1.297621591575336686e-01	-5.171654453134277157e-02	4.526302979366888385e-02	-8.699290051938223245e-01	1.000000000000000222e+00	-2.465806243120801933e-01	6.303594560023431659e-02	-5.888864602274207494e-02	1.815941466067849119e-01	-2.057757682519396059e-01	1.623987104222132383e-01	-8.580614752323868777e-02	5.840678749969467620e-02	-1.225014740838357569e-01	1.332916623147776536e-01	-1.076990773019574216e-01	7.588008507754419318e-02	-5.977369820297048775e-02	1.346229856271706216e-01	-6.818162881922155971e-02	6.834556794813487213e-02	-7.518780867173631421e-02	5.888939807540263111e-02	-3.238062485603689783e-02	5.621011463416136777e-02	-6.962826997023241482e-02	5.324794893120021744e-02	-4.272378025274459895e-02	3.103228702852364046e-02	-4.413725579316661596e-02	6.180708578767252215e-02	-4.850573647016812734e-02	4.546156042881676490e-02	-2.070784734534405341e-02	5.312338437174404793e-02	-4.227084777333894178e-02	4.925602355510071140e-02	-4.230654160083449633e-02
2.422008262828172775e-01	-2.798746512725783786e-01	2.337469390789991275e-01	-1.651142874496163704e-01	1.628632817688885348e-01	-1.978159769280764813e-01	1.991472005139035828e-01	-4.068908781671008446e-01	1.325063043335268365e-01	-1.144996106689571969e-01	2.059095500106729870e-01	-2.465806243120801933e-01	1.000000000000001332e+00	-1.849085028554026677e-01	1.457296785359865621e-01	-3.019269900479260582e-01	2.414018074646220313e-01	-4.695224819054878429e-01	1.920980875317047087e-01	-1.404730253501665083e-01	2.284077713334314308e-01	-2.639232706463202627e-01	2.261892623527677337e-01	-1.755605026592605422e-01	1.362784749163989673e-01	-3.300932107068242916e-01	1.565130148197858562e-01	-1.553225839632623173e-01	1.660926612606344055e-01	-1.436452840812868503e-01	7.725559711252541484e-02	-1.360226886078482744e-01	1.565303055219406658e-01	-1.251683517649170019e-01	1.012297219376505353e-01	-7.519881708118206221e-02	1.057429752281589252e-01	-1.509523457049808948e-01	1.140709787479866066e-01	-1.095393373766924694e-01	4.956758138224350713e-02	-1.306770029139148470e-01	1.018488895894854585e-01	-1.194330125957562966e-01	1.004068252498943464e-01
-9.818785521951328699e-02	9.526765697903681607e-02	-9.675122073525180277e-02	1.260808487587665727e-01	-1.461043735636778362e-01	6.707188799162044912e-02	-7.059245359548708965e-02	1.134514950834595304e-01	-6.632697781729010034e-01	3.201907636387552603e-01	-6.588523540851796978e-02	6.303594560023431659e-02	-1.849085028554026677e-01	9.999999999999987788e-01	-5.700624901977020542e-01	9.733593013014035789e-02	-8.461417206985231976e-02	1.308564360404427251e-01	-2.279700745077918589e-01	1.696332637604501814e-01	-8.685156933174680016e-02	1.046219995994096957e-01	-1.061501061730664996e-01	1.451279061293041517e-01	-1.577694473888311411e-01	1.124860703457936373e-01	-6.428710287522197697e-02	7.721841737376340664e-02	-9.055841401255933232e-02	7.107986027344449786e-02	-3.151821904880161562e-02	5.400715509163730305e-02	-7.707818237193446442e-02	6.175944280766714617e-02	-5.104258873923459700e-02	3.019870872386053173e-02	-4.399516895545470957e-02	6.505002146990961076e-02	-5.455455153384803496e-02	5.139305689511538405e-02	-1.943639375142241360e-02	5.338893013690037409e-02	-4.447989798816872481e-02	5.379045566278330831e-02	-4.708385983323166990e-02
9.330744620893832719e-02	-9.781106106101165876e-02	9.548877351608280051e-02	-1.634645614543131231e-01	1.649668907423561814e-01	-6.586186167129710889e-02	6.826218484536651643e-02	-1.112050881380873962e-01	3.248541469209584309e-01	-6.503498298471626082e-01	6.115318272522244497e-02	-5.888864602274207494e-02	1.457296785359865621e-01	-5.700624901977020542e-01	9.999999999999992228e-01	-9.607374345053752707e-02	8.070617754961612045e-02	-1.241334880482632685e-01	1.697783721129499102e-01	-2.376879917259188957e-01	8.456058049260352372e-02	-1.023023336361037483e-01	9.934744834557585058e-02	-1.371164864175699050e-01	1.631482609426799513e-01	-1.146401366544488182e-01	6.355783846808180093e-02	-7.439909038143517617e-02	8.561472389744159694e-02	-7.173103898326453620e-02	3.144690172892355973e-02	-5.414377990500175708e-02	7.434334243282067489e-02	-6.070546139649316691e-02	5.057248956234774301e-02	-3.027034795875084214e-02	4.387831561656660440e-02	-6.507858277679828829e-02	5.369130826513084792e-02	-5.120956285984371026e-02	1.946641869081804088e-02	-5.367635557702027382e-02	4.430373810823678982e-02	-5.369128870382065821e-02	4.661146907954905050e-02
-1.868276401121186647e-01	1.361183211537967119e-01	-1.140189995227502417e-01	8.297549569632317601e-02	-9.653283605160624392e-02	1.203824676047602626e-01	-1.268704058331123763e-01	1.277550562146232138e-01	-8.010755547873656124e-02	6.882587486771431229e-02	-2.211920740133601071e-01	1.815941466067849119e-01	-3.019269900479260582e-01	9.733593013014035789e-02	-9.607374345053752707e-02	9.999999999999984457e-01	-6.436550883645431043e-01	2.835381730310956860e-01	-1.748189053331140330e-01	1.070753265268033216e-01	-4.799606751841175023e-01	2.863924040037641450e-01	-2.383048857069456072e-01	1.482501782818735625e-01	-1.167711636245717943e-01	2.620400441347623954e-01	-1.396045344020958590e-01	1.362768684665958407e-01	-1.543335817170072843e-01	1.047018301296058218e-01	-6.150354868487444004e-02	1.043880671308359126e-01	-1.398316786256756650e-01	1.004747432209274205e-01	-7.937040249533112990e-02	5.729649885498077494e-02	-8.276664611924373915e-02	1.106129744247102004e-01	-9.131390084995695544e-02	8.247853136961952325e-02	-3.579603071540532477e-02	9.475927500999666020e-02	-7.741271148992800999e-02	8.871392669879303583e-02	-7.856759932199780527e-02
1.432029243375050609e-01	-1.161347311018523093e-01	9.239352402802218645e-02	-6.824024027402654513e-02	7.705023737965274733e-02	-1.020421125661932077e-01	1.071708077838876144e-01	-1.081964798265783317e-01	6.726143196269981916e-02	-5.826711326340956731e-02	1.803867513835860359e-01	-2.057757682519396059e-01	2.414018074646220313e-01	-8.461417206985231976e-02	8.070617754961612045e-02	-6.436550883645431043e-01	1.000000000000002220e+00	-4.719741716399309395e-01	1.634338814189801037e-01	-9.990820720981796743e-02	2.638493763966364702e-01	-4.435908367332482838e-01	2.514632132484528881e-01	-1.486679350652030940e-01	1.061022475900782330e-01	-2.230279420291154391e-01	1.171157955542820456e-01	-1.319017742054519327e-01	1.391505476669393782e-01	-9.393488168088023893e-02	5.210557734450110834e-02	-9.150635714976360080e-02	1.239935405164709487e-01	-9.030665443864061004e-02	7.007647845648369567e-02	-4.929488827639501303e-02	7.103259711214947314e-02	-9.791152220671825446e-02	7.997174334676171448e-02	-7.300375036224664160e-02	2.895284860241541247e-02	-8.312143872414078094e-02	6.755520263051258134e-02	-7.835271063157336902e-02	6.827624563652892609e-02
-1.966652631484827329e-01	1.532440602895427939e-01	-1.381713934954403311e-01	1.000690865305082777e-01	-1.145449145780832456e-01	1.261998080505236097e-01	-1.335036332635049783e-01	1.605017072059488070e-01	-1.039590775496644637e-01	8.851099791632374703e-02	-1.758419369840266422e-01	1.623987104222132383e-01	-4.695224819054878429e-01	1.308564360404427251e-01	-1.241334880482632685e-01	2.835381730310956860e-01	-4.719741716399309395e-01	9.999999999999988898e-01	-2.986137532903066494e-01	1.530419886994048018e-01	-2.591135794383420676e-01	3.055481213667948226e-01	-4.572959695150736192e-01	2.264960550460531075e-01	-1.655297348651449119e-01	2.359718888071098142e-01	-1.439702063086405470e-01	1.880025847162345165e-01	-2.078160160337329254e-01	1.296566035578722575e-01	-6.578669177429213866e-02	1.127750327875045588e-01	-1.789384448732112831e-01	1.266412610872558742e-01	-9.773672447040070155e-02	6.198544618475876344e-02	-9.105307197681003495e-02	1.297097869012232563e-01	-1.106679856435368037e-01	9.993252307445833760e-02	-3.846054595897259454e-02	1.066342827282429073e-01	-8.964093322791882867e-02	1.056588867478927274e-01	-9.316521707199912350e-02
1.170355933226495254e-01	-9.837615300113035366e-02	8.370961154185682651e-02	-8.113968932847953619e-02	8.885468365153902093e-02	-7.721482683373109834e-02	7.827485485911431229e-02	-9.825119731073488072e-02	1.359671008555033422e-01	-1.207028704849311823e-01	9.025388378800590361e-02	-8.580614752323868777e-02	1.920980875317047087e-01	-2.279700745077918589e-01	1.697783721129499102e-01	-1.748189053331140330e-01	1.634338814189801037e-01	-2.986137532903066494e-01	1.000000000000000000e+00	-4.134165556683540022e-01	1.571429721993264361e-01	-2.342827271915449150e-01	2.509219898102369450e-01	-6.797857928065296207e-01	2.908720932726846509e-01	-1.872573056689531279e-01	1.154058482948137065e-01	-1.783441626952302905e-01	1.985671448480400281e-01	-1.393698918843263024e-01	5.568396110708530300e-02	-9.664317133976071950e-02	1.521274599861343613e-01	-1.277839527879496284e-01	9.833721839988231184e-02	-5.331027000043681713e-02	7.903826042040798527e-02	-1.214530770469862270e-01	1.046685537783056119e-01	-9.899575415620139041e-02	2.990672630170307378e-02	-9.594455744590252300e-02	8.214063817872277462e-02	-1.020972051820805415e-01	8.796548143232812977e-02
-8.776886198313124665e-02	7.308974582267718789e-02	-6.543508670835793128e-02	7.156081932027447134e-02	-8.014021931080128613e-02	5.633652832892178941e-02	-5.763722692165234446e-02	7.467755325555418267e-02	-1.262474435309125786e-01	1.305276303742592126e-01	-6.262914730419850973e-02	5.840678749969467620e-02	-1.404730253501665083e-01	1.696332637604501814e-01	-2.376879917259188957e-01	1.070753265268033216e-01	-9.990820720981796743e-02	1.530419886994048018e-01	-4.134165556683540022e-01	1.000000000000001554e+00	-1.023148400467154828e-01	1.339224049003746864e-01	-1.561491337953280767e-01	2.764461103956112886e-01	-7.969363431709423073e-01	1.201060190655692389e-01	-7.848268823025719709e-02	1.115106873359532208e-01	-1.377013424205787429e-01	1.068789248528769359e-01	-3.801427294816266816e-02	6.434178853467094339e-02	-1.085233509124015061e-01	8.734175338556936230e-02	-7.806941896950357618e-02	3.601394852576143141e-02	-5.397761296309184359e-02	8.191483033865407104e-02	-7.524549201974289891e-02	6.988168744774096719e-02	-2.111558998819022814e-02	6.454690653814440515e-02	-5.670834051519767216e-02	7.006747399459326009e-02	-6.418079700101876617e-02
1.526257928790401008e-01	-1.133649171875777545e-01	9.237980104343884724e-02	-7.050605321018561800e-02	8.090059667715215896e-02	-9.670954826738602239e-02	9.786266939939274045e-02	-1.051346183326049566e-01	6.986525788277209159e-02	-6.078551749798853654e-02	1.319827378182858446e-01	-1.225014740838357569e-01	2.284077713334314308e-01	-8.685156933174680016e-02	8.456058049260352372e-02	-4.799606751841175023e-01	2.638493763966364702e-01	-2.591135794383420676e-01	1.571429721993264361e-01	-1.023148400467154828e-01	9.999999999999992228e-01	-4.068562367820963699e-01	2.255634216396127378e-01	-1.467534030843301307e-01	1.088090195384468079e-01	-6.412960658845218154e-01	1.801644579315680728e-01	-1.429553797242711644e-01	1.519604689791312913e-01	-1.122874691797015462e-01	7.863917769175653161e-02	-1.403525271193282187e-01	1.424727602646818636e-01	-1.061179153192639002e-01	8.365359076614055367e-02	-7.464162561584976319e-02	1.017068851992424527e-01	-1.293801262274427988e-01	9.771064314871839851e-02	-8.971026882169734484e-02	3.798852400563916543e-02	-1.179878222098460355e-01	8.962298188637175811e-02	-9.951113582641087085e-02	8.539050730730379790e-02
-1.597160028836444035e-01	1.187142634341002145e-01	-1.006409874741516774e-01	7.709473041587057429e-02	-8.892444204888783066e-02	1.007780480080154167e-01	-1.049745850177586232e-01	1.140066528521432310e-01	-8.371955539054734552e-02	7.192054665935690427e-02	-1.456587581988244562e-01	1.332916623147776536e-01	-2.639232706463202627e-01	1.046219995994096957e-01	-1.023023336361037483e-01	2.863924040037641450e-01	-4.435908367332482838e-01	3.055481213667948226e-01	-2.342827271915449150e-01	1.339224049003746864e-01	-4.068562367820963699e-01	1.000000000000000222e+00	-5.851014155385528825e-01	2.144090240432655337e-01	-1.540358998388907941e-01	2.560149737832403960e-01	-1.695543385864255181e-01	2.008950819135190413e-01	-2.149486944019644019e-01	1.254160851342544514e-01	-6.858907378895927331e-02	1.219206786080621746e-01	-1.861414566058751385e-01	1.268311464594057414e-01	-9.604082858433943271e-02	6.415434507635486838e-02	-9.459050769615671983e-02	1.294559742329888241e-01	-1.100753274807321491e-01	9.803824240666854373e-02	-3.560697021752387559e-02	1.081192691598683586e-01	-9.004841306720431926e-02	1.042336803876569712e-01	-9.200238344254085820e-02
1.322309094742004643e-01	-1.050936782949660198e-01	8.752856896754089566e-02	-7.001369189600609166e-02	7.869117072918643818e-02	-8.631670644181810292e-02	8.817502666134839628e-02	-1.025583621191157035e-01	8.049178902908538102e-02	-7.054952778124304325e-02	1.129136553117716102e-01	-1.076990773019574216e-01	2.261892623527677337e-01	-1.061501061730664996e-01	9.934744834557585058e-02	-2.383048857069456072e-01	2.514632132484528881e-01	-4.572959695150736192e-01	2.509219898102369450e-01	-1.561491337953280767e-01	2.255634216396127378e-01	-5.851014155385528825e-01	9.999999999999991118e-01	-3.716581430279604081e-01	1.691738297613270825e-01	-2.306430984858226785e-01	1.446981358156579911e-01	-3.402971558047187539e-01	2.397579632234388969e-01	-1.390432393316380355e-01	6.492545954419516596e-02	-1.166100724108343617e-01	2.004758368884093089e-01	-1.433314695900182179e-01	1.030361154672770480e-01	-6.185236976605371084e-02	9.161268990075352447e-02	-1.366284400803622345e-01	1.158807011536591158e-01	-1.055109815421084035e-01	3.276084018956180316e-02	-1.087129702068320991e-01	9.223102795243898200e-02	-1.106735919547288671e-01	9.532483303687805387e-02
-1.060878416122385676e-01	8.484829447677787184e-02	-7.320786811116555826e-02	6.713802230930916715e-02	-7.548736103009678899e-02	6.784270510040266156e-02	-6.930554365887048318e-02	8.433169937652086612e-02	-1.067753614574898091e-01	9.177844214700205117e-02	-8.142530142237568158e-02	7.588008507754419318e-02	-1.755605026592605422e-01	1.451279061293041517e-01	-1.371164864175699050e-01	1.482501782818735625e-01	-1.486679350652030940e-01	2.264960550460531075e-01	-6.797857928065296207e-01	2.764461103956112886e-01	-1.467534030843301307e-01	2.144090240432655337e-01	-3.716581430279604081e-01	9.999999999999988898e-01	-4.220052316338248066e-01	1.592411457743271030e-01	-1.082694245352682355e-01	1.918190536790460032e-01	-2.703006396768516395e-01	1.304996681260900404e-01	-5.094324882098757307e-02	8.774956962448290931e-02	-1.601681771732352821e-01	1.282293530452104646e-01	-9.661372485129196552e-02	4.828915589777157263e-02	-7.278466133741097466e-02	1.121625249274285918e-01	-1.029258512200387499e-01	9.336677323699203723e-02	-2.662661613941262953e-02	8.681347991165140610e-02	-7.656930224392739792e-02	9.507440156751853499e-02	-8.371806733043254956e-02
8.655563865060934836e-02	-7.314128781372990218e-02	6.332429672129624709e-02	-6.796245095191860708e-02	7.344052546833276796e-02	-5.652711602183638218e-02	5.732349365296278421e-02	-7.324911576327790275e-02	1.060079069480559383e-01	-1.158961125651345458e-01	6.341460075318372525e-02	-5.977369820297048775e-02	1.362784749163989673e-01	-1.577694473888311411e-01	1.631482609426799513e-01	-1.167711636245717943e-01	1.061022475900782330e-01	-1.655297348651449119e-01	2.908720932726846509e-01	-7.969363431709423073e-01	1.088090195384468079e-01	-1.540358998388907941e-01	1.691738297613270825e-01	-4.220052316338248066e-01	9.999999999999984457e-01	-1.323008443390637223e-01	8.448973728736190736e-02	-1.256297794966992898e-01	1.467367374298774452e-01	-1.299696138041879223e-01	4.123127825353393311e-02	-7.048085553965299788e-02	1.157846823607819459e-01	-9.785609432077550796e-02	8.718908546372002022e-02	-3.929181854869575469e-02	5.877799242296522647e-02	-9.055502543830318274e-02	8.212354119929726748e-02	-7.810820365962284351e-02	2.226909724585571237e-02	-7.104875847247896226e-02	6.212502000550555736e-02	-7.772678508420856336e-02	7.012003608409347888e-02
-2.361656801627015079e-01	1.515946581595832843e-01	-1.313606707398526086e-01	9.845361430645391265e-02	-1.176698966402900254e-01	1.302952799129322159e-01	-1.329843476528915491e-01	1.428704696504510541e-01	-9.476194488106844116e-02	8.143567632987616656e-02	-1.548844062650184261e-01	1.346229856271706216e-01	-3.300932107068242916e-01	1.124860703457936373e-01	-1.146401366544488182e-01	2.620400441347623954e-01	-2.230279420291154391e-01	2.359718888071098142e-01	-1.872573056689531279e-01	1.201060190655692389e-01	-6.412960658845218154e-01	2.560149737832403960e-01	-2.306430984858226785e-01	1.592411457743271030e-01	-1.323008443390637223e-01	9.999999999999983347e-01	-3.379530872033398303e-01	1.656918897064142415e-01	-1.915834771525115332e-01	1.371129254763851502e-01	-1.210192026383009045e-01	1.937263352456961574e-01	-1.850178343352039956e-01	1.322838956419690737e-01	-1.063270491749706975e-01	1.056512014514245229e-01	-1.468018829592281915e-01	1.637601154735874032e-01	-1.270507998651843606e-01	1.132239998793866109e-01	-5.691257744558980008e-02	1.531817650711783940e-01	-1.186393425008600983e-01	1.263496480290468571e-01	-1.126112163292712215e-01
1.116093461031613387e-01	-7.759722051558143319e-02	6.471146986216297359e-02	-5.077689098826150549e-02	5.901939188572401934e-02	-6.517717734703935839e-02	6.548586261141574327e-02	-7.221642269736869291e-02	5.190278491801483818e-02	-4.531652279577996767e-02	7.522090262925308635e-02	-6.818162881922155971e-02	1.565130148197858562e-01	-6.428710287522197697e-02	6.355783846808180093e-02	-1.396045344020958590e-01	1.171157955542820456e-01	-1.439702063086405470e-01	1.154058482948137065e-01	-7.848268823025719709e-02	1.801644579315680728e-01	-1.695543385864255181e-01	1.446981358156579911e-01	-1.082694245352682355e-01	8.448973728736190736e-02	-3.379530872033398303e-01	1.000000000000000666e+00	-1.804876163607147810e-01	1.675769750176759887e-01	-1.443630939850711337e-01	1.881143001125637759e-01	-7.203830134884445791e-01	1.841816168329565573e-01	-1.407831389169341973e-01	1.092836579187096840e-01	-1.924763696847193450e-01	2.700268109386544935e-01	-2.581446835465739387e-01	1.430287721453575855e-01	-1.302943798700035571e-01	4.863315649849533212e-02	-3.048911703755722291e-01	1.785387174100733221e-01	-1.675474054071722507e-01	1.305641592129588024e-01
-9.969513217066910959e-02	7.490086596798244123e-02	-6.278773679866730961e-02	5.126222716529234974e-02	-5.842408728845081833e-02	6.159726904563922467e-02	-6.236931455508685357e-02	7.163392075040071749e-02	-5.979291558331303186e-02	5.229357738387442611e-02	-7.395242792356103434e-02	6.834556794813487213e-02	-1.553225839632623173e-01	7.721841737376340664e-02	-7.439909038143517617e-02	1.362768684665958407e-01	-1.319017742054519327e-01	1.880025847162345165e-01	-1.783441626952302905e-01	1.115106873359532208e-01	-1.429553797242711644e-01	2.008950819135190413e-01	-3.402971558047187539e-01	1.918190536790460032e-01	-1.256297794966992898e-01	1.656918897064142415e-01	-1.804876163607147810e-01	9.999999999999987788e-01	-6.520234065821589597e-01	1.891440983647473817e-01	-7.393000043386475928e-02	1.340314181743550159e-01	-5.341355109936333223e-01	2.465465328313950211e-01	-1.522927489624039121e-01	6.943087463660677083e-02	-1.108073891659742544e-01	1.829927758431114937e-01	-1.768010837514292222e-01	1.476434992359706710e-01	-3.096424704250868437e-02	1.280026157684040211e-01	-1.224315633027160122e-01	1.496747266727015413e-01	-1.301977008119135637e-01
1.102295557410425814e-01	-8.447881290143519073e-02	6.959001565422061331e-02	-5.815619115905413389e-02	6.558071326161826753e-02	-6.894292941110903572e-02	6.917660561290489563e-02	-7.995495593650452093e-02	6.844589973152957751e-02	-6.082504738544310119e-02	8.050105317053478371e-02	-7.518780867173631421e-02	1.660926612606344055e-01	-9.055841401255933232e-02	8.561472389744159694e-02	-1.543335817170072843e-01	1.391505476669393782e-01	-2.078160160337329254e-01	1.985671448480400281e-01	-1.377013424205787429e-01	1.519604689791312913e-01	-2.149486944019644019e-01	2.397579632234388969e-01	-2.703006396768516395e-01	1.467367374298774452e-01	-1.915834771525115332e-01	1.675769750176759887e-01	-6.520234065821589597e-01	1.000000000000001110e+00	-2.798803798651660069e-01	8.244494207713431999e-02	-1.435549840191809590e-01	3.188982176380232847e-01	-3.892200515404431460e-01	2.004567266451269814e-01	-7.879060763390272060e-02	1.243306315786340543e-01	-2.216638351974583032e-01	2.186593674078406990e-01	-2.014454570094357244e-01	3.637370244049304563e-02	-1.527051444944854119e-01	1.452363470355594044e-01	-1.984584482650212645e-01	1.639306952049382482e-01
-1.021635229526652311e-01	7.124509987746430184e-02	-6.034870389296588533e-02	4.968505817377499162e-02	-5.775145890041278457e-02	5.908625087954939847e-02	-5.938594254877579970e-02	6.719617924757008420e-02	-5.653255790081129772e-02	4.999047386086872408e-02	-6.499139910407326914e-02	5.888939807540263111e-02	-1.436452840812868503e-01	7.107986027344449786e-02	-7.173103898326453620e-02	1.047018301296058218e-01	-9.393488168088023893e-02	1.296566035578722575e-01	-1.393698918843263024e-01	1.068789248528769359e-01	-1.122874691797015462e-01	1.254160851342544514e-01	-1.390432393316380355e-01	1.304996681260900404e-01	-1.299696138041879223e-01	1.371129254763851502e-01	-1.443630939850711337e-01	1.891440983647473817e-01	-2.798803798651660069e-01	9.999999999999981126e-01	-7.658425284973970071e-02	1.141647812815914931e-01	-3.109682726707376776e-01	2.850554745507962728e-01	-7.511926056142368413e-01	6.924859820672003841e-02	-1.160476637124183558e-01	1.870984730426293596e-01	-2.760021911708961384e-01	2.604267016655907319e-01	-3.496321549792626160e-02	1.325839721733277077e-01	-1.473580258341754823e-01	1.950974418365801211e-01	-2.597838326674559717e-01
5.631561084234439768e-02	-3.825616168616392115e-02	3.208134103907668566e-02	-2.518911319175929503e-02	2.945454576186392823e-02	-3.217806874301287062e-02	3.228006586792097482e-02	-3.555898876052108332e-02	2.565135642450813366e-02	-2.236594868250000104e-02	3.599543448701665593e-02	-3.238062485603689783e-02	7.725559711252541484e-02	-3.151821904880161562e-02	3.144690172892355973e-02	-6.150354868487444004e-02	5.210557734450110834e-02	-6.578669177429213866e-02	5.568396110708530300e-02	-3.801427294816266816e-02	7.863917769175653161e-02	-6.858907378895927331e-02	6.492545954419516596e-02	-5.094324882098757307e-02	4.123127825353393311e-02	-1.210192026383009045e-01	1.881143001125637759e-01	-7.393000043386475928e-02	8.244494207713431999e-02	-7.658425284973970071e-02	1.000000000000000222e+00	-2.818170900903870235e-01	9.744930974778684418e-02	-7.552894382260950945e-02	6.017640085083154206e-02	-8.771627541358383295e-01	2.513543970872588740e-01	-1.685475329135481537e-01	8.493812118039244241e-02	-7.475589794269138499e-02	4.933908405621615506e-02	-2.253623657857162510e-01	1.235783156249853215e-01	-1.034245722551368346e-01	8.004201467252100577e-02
-9.823022453548006794e-02	6.579912128694932749e-02	-5.578684467812364267e-02	4.343780996962346569e-02	-5.108221784501940782e-02	5.557670613191408038e-02	-5.603286244942586036e-02	6.156133010979542020e-02	-4.421860548233758070e-02	3.839003973010342990e-02	-6.287608988266685239e-02	5.621011463416136777e-02	-1.360226886078482744e-01	5.400715509163730305e-02	-5.414377990500175708e-02	1.043880671308359126e-01	-9.150635714976360080e-02	1.127750327875045588e-01	-9.664317133976071950e-02	6.434178853467094339e-02	-1.403525271193282187e-01	1.219206786080621746e-01	-1.166100724108343617e-01	8.774956962448290931e-02	-7.048085553965299788e-02	1.937263352456961574e-01	-7.203830134884445791e-01	1.340314181743550159e-01	-1.435549840191809590e-01	1.141647812815914931e-01	-2.818170900903870235e-01	1.000000000000003997e+00	-1.699684016117982976e-01	1.169939109609172134e-01	-9.126976543308944201e-02	2.154723327569795233e-01	-4.568006579655131127e-01	2.060289087723657098e-01	-1.241438636307642396e-01	1.066430810494215092e-01	-4.443592488673185625e-02	2.531461194305603679e-01	-1.653917858531288865e-01	1.368639327311676479e-01	-1.146892861391551055e-01
1.070761894188065610e-01	-7.960306677050979496e-02	6.557463821989076291e-02	-5.374385541136583733e-02	6.115219271446153959e-02	-6.545338665228794817e-02	6.553425622700378983e-02	-7.466768917384430937e-02	5.976565535127810469e-02	-5.292959508387129475e-02	7.515762391804237108e-02	-6.962826997023241482e-02	1.565303055219406658e-01	-7.707818237193446442e-02	7.434334243282067489e-02	-1.398316786256756650e-01	1.239935405164709487e-01	-1.789384448732112831e-01	1.521274599861343613e-01	-1.085233509124015061e-01	1.424727602646818636e-01	-1.861414566058751385e-01	2.004758368884093089e-01	-1.601681771732352821e-01	1.157846823607819459e-01	-1.850178343352039956e-01	1.841816168329565573e-01	-5.341355109936333223e-01	3.188982176380232847e-01	-3.109682726707376776e-01	9.744930974778684418e-02	-1.699684016117982976e-01	9.999999999999990008e-01	-4.876304554000963076e-01	2.286809703568586372e-01	-9.265191732323618812e-02	1.533289306162445020e-01	-3.358744352924739052e-01	2.620780974066366231e-01	-2.381123468176466196e-01	3.879480785988288077e-02	-1.845905021167398019e-01	1.891896275594202592e-01	-2.432581444782766500e-01	1.952846552316706841e-01
-8.681476559519576974e-02	6.240779849545205482e-02	-5.226447840186053406e-02	4.283451435498162457e-02	-4.931455355444927524e-02	5.156378266190960596e-02	-5.179620421229087779e-02	5.881751880135876326e-02	-4.855979725074450332e-02	4.267420791553739462e-02	-5.820302478763659387e-02	5.324794893120021744e-02	-1.251683517649170019e-01	6.175944280766714617e-02	-6.070546139649316691e-02	1.004747432209274205e-01	-9.030665443864061004e-02	1.266412610872558742e-01	-1.277839527879496284e-01	8.734175338556936230e-02	-1.061179153192639002e-01	1.268311464594057414e-01	-1.433314695900182179e-01	1.282293530452104646e-01	-9.785609432077550796e-02	1.322838956419690737e-01	-1.407831389169341973e-01	2.465465328313950211e-01	-3.892200515404431460e-01	2.850554745507962728e-01	-7.552894382260950945e-02	1.169939109609172134e-01	-4.876304554000963076e-01	9.999999999999988898e-01	-4.144241166257659481e-01	6.949276310145877100e-02	-1.189370094211274209e-01	2.193644509013467359e-01	-5.335930816975068547e-01	2.587882638172525063e-01	-3.083750787625229653e-02	1.396408685127353277e-01	-1.604364700311518011e-01	2.248757864936488104e-01	-2.166903649424671285e-01
