1.000000000000000000e+00	-6.521636330496890510e-01	1.639950223630965709e-01	-1.329879315747207469e-01	1.255002002359801583e-01	-5.893856142139265453e-01	3.228902742945493620e-01	-1.586012100068935060e-01	1.131329956645306528e-01	-1.281707949468530727e-01	2.721071810077048680e-01	-2.281188002448282237e-01	1.432761457460538790e-01	-1.707158517487290805e-01	6.852969077608429826e-02	-1.033822740384904709e-01	1.040847502482305648e-01	-1.141075891332857112e-01	1.078402902955934023e-01	-8.659812988462441130e-02	7.569859667296725825e-02	-8.435500893919600784e-02	9.163992737782032660e-02	-9.358455898906112291e-02	7.742239711723937490e-02	-6.466155178939204939e-02	6.336398152467816181e-02	-7.022047364435184125e-02	9.028420802745570906e-02	-6.884970368070424118e-02	5.896220682353947584e-02	-6.081380684787614926e-02	8.256425845629959681e-02	-7.739085354510286119e-02	7.181640654255481981e-02	-4.923229244258020554e-02	4.995366166459521556e-02	-4.849354432392202069e-02	4.964554403762438950e-02	-5.850865848521051571e-02	4.773384832861381211e-02	-4.297043981226326970e-02	6.344128721555343520e-02	-3.663232831742042894e-02	4.891105288321012656e-02
-6.521636330496890510e-01	9.999999999999997780e-01	-2.605508604106411830e-01	1.420175488457526558e-01	-1.350402394836726638e-01	3.165611861889376377e-01	-5.489789173732650962e-01	1.873578812632662183e-01	-1.276300717219247260e-01	1.247192542460387882e-01	-3.200016855130505822e-01	2.228974360144536371e-01	-1.559779503308211246e-01	1.671939251663521475e-01	-6.778265734832916722e-02	1.023814760472005481e-01	-1.098637051128893982e-01	1.152626923245965440e-01	-1.126966904870540798e-01	8.427978466076957442e-02	-7.775571104425350877e-02	8.439018584873997364e-02	-9.444700312788395502e-02	9.402885463259226528e-02	-7.896039732845860915e-02	6.475694687484331857e-02	-6.463268487140973184e-02	7.161431490313537040e-02	-9.339522333093865092e-02	6.903228367609817728e-02	-6.023573014351274457e-02	6.164399215753113559e-02	-8.483786810998962535e-02	7.726465536206485185e-02	-7.303631642107602517e-02	4.981039969841451198e-02	-5.081604467588694135e-02	4.904337047641937203e-02	-5.006996938684067644e-02	5.840013618656763467e-02	-4.863189932961295425e-02	4.349965809531651517e-02	-6.461443927104350282e-02	3.698414702584739561e-02	-4.953080345753153868e-02
1.639950223630965709e-01	-2.605508604106411830e-01	9.999999999999995559e-01	-3.621764434454781134e-01	1.661397479880048489e-01	-1.286574092485909815e-01	1.872443449296150586e-01	-7.848688533073270301e-01	2.661875471114619751e-01	-1.558023983272864843e-01	1.829442788198242242e-01	-2.043748452375964419e-01	2.133309622108072179e-01	-2.402295091863224930e-01	8.344539945501620870e-02	-8.584961796675198709e-02	9.501350530460681010e-02	-1.431902813578168898e-01	1.369260470788897233e-01	-1.021138626223321855e-01	7.095946517604839743e-02	-7.920127457678190208e-02	1.016512944021620707e-01	-1.031089784299536322e-01	8.325485926846099005e-02	-6.051352970212627025e-02	6.118311354258119256e-02	-7.380677690055598150e-02	9.480876697860481095e-02	-7.234054214836097008e-02	5.858056700375074283e-02	-6.042051853191127142e-02	8.433415611961468661e-02	-7.785579362008082649e-02	7.375131775019026781e-02	-4.863595259493153772e-02	4.964491580252911040e-02	-4.811157259565960326e-02	4.957624709556508052e-02	-5.823948615368676474e-02	4.736107191120730864e-02	-4.249450526899675729e-02	6.304604629140456162e-02	-3.644281687801857739e-02	4.871002885497097146e-02
-1.329879315747207469e-01	1.420175488457526558e-01	-3.621764434454781134e-01	9.999999999999997780e-01	-3.083061977364651152e-01	1.063897249465665384e-01	-1.546612823431183226e-01	2.667175640177928408e-01	-7.653875660071910447e-01	1.915469581466787419e-01	-1.907965642321686750e-01	1.688649798394996626e-01	-1.978694663608311644e-01	2.458377594399433763e-01	-9.894279177340531417e-02	8.287892930370668876e-02	-9.476297636765321220e-02	1.348216343088121660e-01	-1.535931038695134698e-01	1.164472581148887353e-01	-7.316191007704721250e-02	7.992390516099513731e-02	-1.076310424355863410e-01	1.068307550730252659e-01	-9.204328126360150630e-02	6.247115424677434498e-02	-6.449851778269556635e-02	7.902752931856914242e-02	-1.047706894041847275e-01	7.786179643209972800e-02	-6.406420742138260738e-02	6.516393520268201622e-02	-9.282987946797183199e-02	8.367640994780893571e-02	-8.146227796429193757e-02	5.280147926213273751e-02	-5.441159006694352984e-02	5.243271803980171369e-02	-5.426532357300771492e-02	6.293695757912159960e-02	-5.215038230610873765e-02	4.642507099203341953e-02	-6.973687933565225761e-02	3.995688192994749366e-02	-5.373373966458285661e-02
1.255002002359801583e-01	-1.350402394836726638e-01	1.661397479880048489e-01	-3.083061977364651152e-01	1.000000000000000222e+00	-1.054299840294125740e-01	1.447773731625137117e-01	-1.603335767542113932e-01	2.044598065384813090e-01	-6.902902944865261237e-01	1.976899661768687366e-01	-1.865122841391594066e-01	1.655204600013845673e-01	-2.331590026265976390e-01	2.415670597831050259e-01	-1.009967591857477559e-01	1.106972745760485682e-01	-1.490718985776046390e-01	1.560323317205550842e-01	-3.220280548363388395e-01	9.578199593421832247e-02	-1.066749852061326942e-01	1.395867504254230396e-01	-1.459684320906772803e-01	1.507580112443729359e-01	-8.873639331512817030e-02	9.149138833866848897e-02	-1.160104031313739514e-01	1.570032594983544749e-01	-1.306237711922336175e-01	1.017342840645996116e-01	-1.018868246485835904e-01	1.449693388413773876e-01	-1.408787571999676469e-01	1.358240227170910697e-01	-8.538158147983627988e-02	8.886528720049498287e-02	-8.622752526676968898e-02	9.228961539872576614e-02	-1.079565456986179284e-01	8.608763936425682661e-02	-7.672043850834853185e-02	1.173339477246852086e-01	-6.802943542385764264e-02	9.214698543423155419e-02
-5.893856142139265453e-01	3.165611861889376377e-01	-1.286574092485909815e-01	1.063897249465665384e-01	-1.054299840294125740e-01	9.999999999999998890e-01	-5.670258808137152995e-01	1.252277100835862134e-01	-9.405503164303470609e-02	1.059996759146831918e-01	-4.695495544958400158e-01	2.239621304209573893e-01	-1.326243634387531678e-01	1.476924131691519371e-01	-5.784270286093817770e-02	1.026083210382275901e-01	-1.035717208373023168e-01	1.013127204134441489e-01	-9.576261900658974979e-02	7.263657744230352098e-02	-7.115699094133794145e-02	7.743077926819617873e-02	-8.128230228353502951e-02	8.201062950165173560e-02	-6.712280519299475279e-02	5.844767022150538366e-02	-5.717195605840826728e-02	6.144457897142596020e-02	-7.876178567048032486e-02	5.948857960243948695e-02	-5.149705284147124834e-02	5.319184320241995834e-02	-7.189732190748113205e-02	6.668969490398589384e-02	-6.196043025402121762e-02	4.278799289016140678e-02	-4.333481110744838438e-02	4.198172246879811748e-02	-4.273101796089863458e-02	5.028841280349073684e-02	-4.134193506524688755e-02	3.718847628507628705e-02	-5.475092629295649077e-02	3.153253332719142821e-02	-4.205657152447556113e-02
3.228902742945493620e-01	-5.489789173732650962e-01	1.872443449296150586e-01	-1.546612823431183226e-01	1.447773731625137117e-01	-5.670258808137152995e-01	9.999999999999995559e-01	-2.007404211969129604e-01	1.361057878696087520e-01	-1.461955986194999613e-01	3.053974749885578488e-01	-3.710963486193867844e-01	1.914612324076734318e-01	-2.140300637462017597e-01	8.027057947211056754e-02	-1.280719350317228999e-01	1.321085372380629008e-01	-1.435502063322880162e-01	1.337661252685214963e-01	-1.005337218219495427e-01	9.173936017723730019e-02	-1.024695765234346773e-01	1.110884031701637326e-01	-1.127771069884268840e-01	9.145697792776302792e-02	-7.727574666401455794e-02	7.564547578932016847e-02	-8.344675357862733900e-02	1.066492220744365144e-01	-8.107060705155716418e-02	6.909192269232485029e-02	-7.146658451978980808e-02	9.697967771168533591e-02	-9.032444999287439491e-02	8.391029875414235395e-02	-5.752757991679402494e-02	5.828344798902795193e-02	-5.653803379458671036e-02	5.769663418473496702e-02	-6.800600504672690838e-02	5.558825602771105823e-02	-5.004477063051952779e-02	7.369372559094652941e-02	-4.253879440735046369e-02	5.672450691859501348e-02
-1.586012100068935060e-01	1.873578812632662183e-01	-7.848688533073270301e-01	2.667175640177928408e-01	-1.603335767542113932e-01	1.252277100835862134e-01	-2.007404211969129604e-01	1.000000000000000444e+00	-3.692310387993229526e-01	1.373277652127547210e-01	-1.900484907753561548e-01	1.961806400134961659e-01	-2.895729111058553684e-01	2.298488447637845600e-01	-7.756236361865354034e-02	8.385922729348176119e-02	-9.563797271464272165e-02	1.435034482091269159e-01	-1.440447778425751335e-01	9.219174459636554630e-02	-7.008364178783317577e-02	7.719135466561140302e-02	-1.024240611015605484e-01	1.005925913296431273e-01	-8.103701196854388999e-02	5.874138403004292019e-02	-5.992208819593480840e-02	7.228145479567274490e-02	-9.350873106878818120e-02	6.940671391696165426e-02	-5.692873238678386461e-02	5.857100039080732207e-02	-8.245175962651964119e-02	7.445579758571815865e-02	-7.130111083367812741e-02	4.695976242745508733e-02	-4.802729433592217018e-02	4.638342363541071017e-02	-4.760246652711832421e-02	5.559721845601577755e-02	-4.580297944134826410e-02	4.096499288180539822e-02	-6.086884435638017371e-02	3.500271455421700983e-02	-4.682587362694261290e-02
1.131329956645306528e-01	-1.276300717219247260e-01	2.661875471114619751e-01	-7.653875660071910447e-01	2.044598065384813090e-01	-9.405503164303470609e-02	1.361057878696087520e-01	-3.692310387993229526e-01	9.999999999999993339e-01	-1.858744687305121102e-01	1.643934304600139229e-01	-1.705602992574419274e-01	2.016718984203724196e-01	-3.657374140695419662e-01	9.696280015573313649e-02	-7.721960336607515407e-02	8.760582498619461089e-02	-1.381410567895128561e-01	1.501894179474619062e-01	-1.132313338893878168e-01	6.711373169916765025e-02	-7.433693320053830211e-02	1.010880653896279180e-01	-1.029011226063017426e-01	8.459437911005739108e-02	-5.728660219236834245e-02	5.876717960915325140e-02	-7.281183253031883740e-02	9.473171404683979058e-02	-7.214135356781523067e-02	5.754548341943694495e-02	-5.902306354342868461e-02	8.358523469151883656e-02	-7.636910272906710651e-02	7.359869510596331321e-02	-4.758970330428142353e-02	4.884015544365048062e-02	-4.721543630845527473e-02	4.888075533921035914e-02	-5.710378338580187479e-02	4.666862377198065237e-02	-4.171110251495507154e-02	6.229844385311759936e-02	-3.591536813415653617e-02	4.814608860188020201e-02
-1.281707949468530727e-01	1.247192542460387882e-01	-1.558023983272864843e-01	1.915469581466787419e-01	-6.902902944865261237e-01	1.059996759146831918e-01	-1.461955986194999613e-01	1.373277652127547210e-01	-1.858744687305121102e-01	1.000000000000000444e+00	-2.115587564628919892e-01	1.655474968992693696e-01	-1.568052103533335018e-01	1.973120762759504043e-01	-4.358328040039284312e-01	9.753426241104912187e-02	-1.096931749983044019e-01	1.392848210041732482e-01	-1.550741957182333042e-01	2.846159739416074808e-01	-9.667745331587676572e-02	1.049031311456000287e-01	-1.427885639980357724e-01	1.426502703236106340e-01	-1.633081929348783878e-01	8.864525623662912468e-02	-9.361402697244733395e-02	1.199086417267121313e-01	-1.693050574008873876e-01	1.297136535011965686e-01	-1.078108827044315654e-01	1.054849529158293636e-01	-1.551683387997831454e-01	1.389078161155383739e-01	-1.454438390329834963e-01	8.858238880617962108e-02	-9.361205024767413341e-02	8.946926311644481933e-02	-9.526580349384748680e-02	1.071706311568604852e-01	-9.135454817354010659e-02	7.997827196597033506e-02	-1.249862563155258455e-01	7.053696489651833934e-02	-9.680831074527848634e-02
2.721071810077048680e-01	-3.200016855130505822e-01	1.829442788198242242e-01	-1.907965642321686750e-01	1.976899661768687366e-01	-4.695495544958400158e-01	3.053974749885578488e-01	-1.900484907753561548e-01	1.643934304600139229e-01	-2.115587564628919892e-01	9.999999999999995559e-01	-4.842172014682170622e-01	2.441910763623379998e-01	-2.980216439883082713e-01	1.148827619937890926e-01	-2.427916173286055190e-01	2.085744271934148186e-01	-2.016234303083987156e-01	1.844514625244477457e-01	-1.458373674197579462e-01	1.462095791443410731e-01	-1.620169850750507456e-01	1.599086345538049125e-01	-1.642781251202915516e-01	1.323411445420384636e-01	-1.213159728498312134e-01	1.158205774700169360e-01	-1.218777077041069967e-01	1.541100273465412507e-01	-1.188950815650187259e-01	1.023839804615983839e-01	-1.065552384861730428e-01	1.416803440880671505e-01	-1.339252840342244066e-01	1.225806456749453793e-01	-8.559572714504616597e-02	8.616385248145191911e-02	-8.379539501063043572e-02	8.516161436598949919e-02	-1.009596541382228457e-01	8.204912659831360700e-02	-7.418209125800376280e-02	1.084869615939292875e-01	-6.281844282281377756e-02	8.354040448757218962e-02
-2.281188002448282237e-01	2.228974360144536371e-01	-2.043748452375964419e-01	1.688649798394996626e-01	-1.865122841391594066e-01	2.239621304209573893e-01	-3.710963486193867844e-01	1.961806400134961659e-01	-1.705602992574419274e-01	1.655474968992693696e-01	-4.842172014682170622e-01	9.999999999999984457e-01	-5.361737538843496242e-01	2.824053224918992022e-01	-1.006133245574236806e-01	2.004112119971345474e-01	-2.882317890511274516e-01	2.235404802887770992e-01	-2.209557979552747020e-01	1.200383267938651688e-01	-1.439500892650203423e-01	1.527325503182008770e-01	-1.714803482596305440e-01	1.596909900941778371e-01	-1.275714026815011892e-01	1.102110494052860323e-01	-1.111050117831036133e-01	1.185458731465222904e-01	-1.530172758452256754e-01	1.089087616016798238e-01	-9.565300552880866281e-02	9.845192386137334439e-02	-1.359969152058288777e-01	1.188036167118184938e-01	-1.135718558314298687e-01	7.776660521540997018e-02	-7.908484848405160361e-02	7.583872956068747617e-02	-7.626198847638092360e-02	8.854973076934065379e-02	-7.519360685418373380e-02	6.705290529537066835e-02	-9.885659002824692676e-02	5.622021148858946660e-02	-7.501757550404344888e-02
1.432761457460538790e-01	-1.559779503308211246e-01	2.133309622108072179e-01	-1.978694663608311644e-01	1.655204600013845673e-01	-1.326243634387531678e-01	1.914612324076734318e-01	-2.895729111058553684e-01	2.016718984203724196e-01	-1.568052103533335018e-01	2.441910763623379998e-01	-5.361737538843496242e-01	9.999999999999997780e-01	-5.569691311764418673e-01	1.060137703062129788e-01	-1.348153960575807775e-01	1.576956330879709656e-01	-3.933057430524937725e-01	2.652779224231368582e-01	-1.235913761601698108e-01	1.069142918409100723e-01	-1.211957540962071145e-01	1.731668234486177238e-01	-1.686428012618249039e-01	1.174887086265753444e-01	-8.686892722246827847e-02	8.807732050999593498e-02	-1.104828293530750183e-01	1.349241078657202331e-01	-1.010896097678766203e-01	7.877977616554650286e-02	-8.287179960785882871e-02	1.160559124780663337e-01	-1.042602850420030064e-01	9.839454901879782223e-02	-6.488408790966035400e-02	6.571060474424156306e-02	-6.367155304283593498e-02	6.467453151931666644e-02	-7.629046250553533914e-02	6.204015124381407481e-02	-5.583999936285866106e-02	8.167881320908398912e-02	-4.732243549385609094e-02	6.278363514244847399e-02
-1.707158517487290805e-01	1.671939251663521475e-01	-2.402295091863224930e-01	2.458377594399433763e-01	-2.331590026265976390e-01	1.476924131691519371e-01	-2.140300637462017597e-01	2.298488447637845600e-01	-3.657374140695419662e-01	1.973120762759504043e-01	-2.980216439883082713e-01	2.824053224918992022e-01	-5.569691311764418673e-01	1.000000000000002442e+00	-1.669793173739724523e-01	1.339381263878846873e-01	-1.602616940230540410e-01	2.776362453206336900e-01	-4.082409982613233179e-01	1.633657058224437242e-01	-1.189879970256043640e-01	1.299282731258208090e-01	-1.948270831210792697e-01	1.915353698387800008e-01	-1.475369743644239784e-01	9.789116408467984920e-02	-1.018229533353535443e-01	1.283088208464472357e-01	-1.665348355199411379e-01	1.215483769832953059e-01	-9.606578768673251778e-02	9.916994997125343214e-02	-1.424135865074191709e-01	1.253558750692548296e-01	-1.225206191314836129e-01	7.860575094762299597e-02	-8.052532016133515103e-02	7.757279683337835186e-02	-7.946978255340862718e-02	9.252865629318400564e-02	-7.649140345830335308e-02	6.826848083508491039e-02	-1.013323875822236403e-01	5.823141329640618008e-02	-7.781047265181378902e-02
6.852969077608429826e-02	-6.778265734832916722e-02	8.344539945501620870e-02	-9.894279177340531417e-02	2.415670597831050259e-01	-5.784270286093817770e-02	8.027057947211056754e-02	-7.756236361865354034e-02	9.696280015573313649e-02	-4.358328040039284312e-01	1.148827619937890926e-01	-1.006133245574236806e-01	1.060137703062129788e-01	-1.669793173739724523e-01	1.000000000000003553e+00	-5.681684763002393945e-02	6.413350018170094202e-02	-9.563804949066721794e-02	1.104760779664531178e-01	-8.300624255459874146e-01	5.594342062808423804e-02	-6.201472648047361841e-02	8.976642718445422553e-02	-9.861058770227031089e-02	1.255331391392714158e-01	-5.057285215819293245e-02	5.293672832757829322e-02	-7.102802863049247073e-02	9.619994380291899128e-02	-1.001296716532512066e-01	5.781488374757330628e-02	-5.850885661409199745e-02	8.510210632918858986e-02	-8.502772055529779494e-02	8.678628663812937294e-02	-4.803349147175244721e-02	5.005061421371237440e-02	-4.854647943173996671e-02	5.306886506766157058e-02	-6.269755879153994516e-02	4.804235611265922357e-02	-4.280308279654360115e-02	6.527200539950919755e-02	-3.849367838516744300e-02	5.190526308949316991e-02
-1.033822740384904709e-01	1.023814760472005481e-01	-8.584961796675198709e-02	8.287892930370668876e-02	-1.009967591857477559e-01	1.026083210382275901e-01	-1.280719350317228999e-01	8.385922729348176119e-02	-7.721960336607515407e-02	9.753426241104912187e-02	-2.427916173286055190e-01	2.004112119971345474e-01	-1.348153960575807775e-01	1.339381263878846873e-01	-5.681684763002393945e-02	9.999999999999995559e-01	-7.933915864286915642e-01	1.362885246269901485e-01	-1.265345667221665360e-01	7.098961655232212398e-02	-4.077243672864115376e-01	2.577611363910298770e-01	-1.381620736578391684e-01	1.222201237980004435e-01	-9.031812666366134668e-02	1.678054438520484026e-01	-1.597500669172992604e-01	9.571188035977702679e-02	-1.152183646293752917e-01	7.989328478493300245e-02	-8.822310154016674288e-02	9.258926863603879343e-02	-1.092442523031025570e-01	9.050049989067072975e-02	-8.192862364456048041e-02	6.783967413964166193e-02	-6.626432485559956287e-02	6.206371883430299163e-02	-5.726564024085146337e-02	6.657331743884363495e-02	-6.172186244135830641e-02	5.502245197177681180e-02	-7.697019277544565885e-02	4.254250158796006598e-02	-5.561902916722337442e-02
1.040847502482305648e-01	-1.098637051128893982e-01	9.501350530460681010e-02	-9.476297636765321220e-02	1.106972745760485682e-01	-1.035717208373023168e-01	1.321085372380629008e-01	-9.563797271464272165e-02	8.760582498619461089e-02	-1.096931749983044019e-01	2.085744271934148186e-01	-2.882317890511274516e-01	1.576956330879709656e-01	-1.602616940230540410e-01	6.413350018170094202e-02	-7.933915864286915642e-01	1.000000000000005329e+00	-1.739107672242798108e-01	1.431921900844051743e-01	-8.039002327702940431e-02	2.652836729301089047e-01	-3.311447193790367227e-01	1.524081529149010350e-01	-1.415454242483411285e-01	9.911561381864832099e-02	-1.776056022963590497e-01	1.563707030957669497e-01	-1.051397648083394754e-01	1.228941974538153570e-01	-8.907438003935216897e-02	9.123650242343037120e-02	-9.817410097545382908e-02	1.153731489038776759e-01	-9.947725861586975693e-02	8.884197317642354708e-02	-7.216479793302871260e-02	6.984937301983161484e-02	-6.634103824001259808e-02	6.181682543136934188e-02	-7.275011234195498389e-02	6.493275835261952400e-02	-5.860057293303556902e-02	8.142279198546049923e-02	-4.575407141743618317e-02	5.966791820329778173e-02
-1.141075891332857112e-01	1.152626923245965440e-01	-1.431902813578168898e-01	1.348216343088121660e-01	-1.490718985776046390e-01	1.013127204134441489e-01	-1.435502063322880162e-01	1.435034482091269159e-01	-1.381410567895128561e-01	1.392848210041732482e-01	-2.016234303083987156e-01	2.235404802887770992e-01	-3.933057430524937725e-01	2.776362453206336900e-01	-9.563804949066721794e-02	1.362885246269901485e-01	-1.739107672242798108e-01	1.000000000000000888e+00	-6.975404879428054317e-01	1.149783365472527158e-01	-1.318436504873499726e-01	1.513945187638218448e-01	-3.796475700428084687e-01	2.654377351912591831e-01	-1.571967035438262550e-01	1.030043487461840129e-01	-1.090864129605014221e-01	1.608947060970235543e-01	-1.877777609593387631e-01	1.298317190724829484e-01	-9.398933744387182043e-02	1.016076320765672281e-01	-1.496780421928046723e-01	1.260243974977942882e-01	-1.189495199722860191e-01	7.662319266747870394e-02	-7.724657598953225957e-02	7.496619205639963590e-02	-7.518635739447240840e-02	8.925288505694457808e-02	-7.173721651855081982e-02	6.487382478722925061e-02	-9.338338726640933729e-02	5.452559975508860374e-02	-7.162210660723417055e-02
1.078402902955934023e-01	-1.126966904870540798e-01	1.369260470788897233e-01	-1.535931038695134698e-01	1.560323317205550842e-01	-9.576261900658974979e-02	1.337661252685214963e-01	-1.440447778425751335e-01	1.501894179474619062e-01	-1.550741957182333042e-01	1.844514625244477457e-01	-2.209557979552747020e-01	2.652779224231368582e-01	-4.082409982613233179e-01	1.104760779664531178e-01	-1.265345667221665360e-01	1.431921900844051743e-01	-6.975404879428054317e-01	1.000000000000002220e+00	-1.389843929889226781e-01	1.191544050257501985e-01	-1.425401683861075575e-01	2.664019290924607430e-01	-3.832498523115822620e-01	1.686499224447128575e-01	-9.922834524540696810e-02	1.023248835392697037e-01	-1.535663946153702775e-01	1.756768642672794922e-01	-1.455088708477500492e-01	9.173564655078955687e-02	-9.999900890020681221e-02	1.422261860164583946e-01	-1.322542575325563463e-01	1.229386654574850107e-01	-7.633442333361356580e-02	7.658582679975192709e-02	-7.516819547426042969e-02	7.709289675123781604e-02	-9.333865319149289852e-02	7.121175687048705849e-02	-6.497746179015434498e-02	9.328307716388360704e-02	-5.562671811365926811e-02	7.287640628014607769e-02
-8.659812988462441130e-02	8.427978466076957442e-02	-1.021138626223321855e-01	1.164472581148887353e-01	-3.220280548363388395e-01	7.263657744230352098e-02	-1.005337218219495427e-01	9.219174459636554630e-02	-1.132313338893878168e-01	2.846159739416074808e-01	-1.458373674197579462e-01	1.200383267938651688e-01	-1.235913761601698108e-01	1.633657058224437242e-01	-8.300624255459874146e-01	7.098961655232212398e-02	-8.039002327702940431e-02	1.149783365472527158e-01	-1.389843929889226781e-01	9.999999999999993339e-01	-7.133324975449366334e-02	7.844343920180629759e-02	-1.152391093504147174e-01	1.237301430636274652e-01	-1.843413722987063408e-01	6.464888189297744725e-02	-6.815677840825376532e-02	9.161892180464759061e-02	-1.266258734584174706e-01	1.260539316626496376e-01	-7.575218171809880441e-02	7.599079913674820774e-02	-1.117868305957614716e-01	1.087020790879824478e-01	-1.156772250805625651e-01	6.259864924583018186e-02	-6.556588884453805333e-02	6.332009492982856869e-02	-6.923224353987510182e-02	8.070039689212579748e-02	-6.311724374794008829e-02	5.594651392396646217e-02	-8.595504645684243217e-02	5.028682703509168572e-02	-6.815559484880415186e-02
7.569859667296725825e-02	-7.775571104425350877e-02	7.095946517604839743e-02	-7.316191007704721250e-02	9.578199593421832247e-02	-7.115699094133794145e-02	9.173936017723730019e-02	-7.008364178783317577e-02	6.711373169916765025e-02	-9.667745331587676572e-02	1.462095791443410731e-01	-1.439500892650203423e-01	1.069142918409100723e-01	-1.189879970256043640e-01	5.594342062808423804e-02	-4.077243672864115376e-01	2.652836729301089047e-01	-1.318436504873499726e-01	1.191544050257501985e-01	-7.133324975449366334e-02	9.999999999999998890e-01	-6.877652368670341687e-01	1.786253906415078696e-01	-1.584516527672013841e-01	1.037976091688350838e-01	-4.224318411668809836e-01	2.746409596610593362e-01	-1.235919208846888578e-01	1.350409740488884014e-01	-9.525685239388234637e-02	1.214961385360213975e-01	-1.324779222078001362e-01	1.347893049630124185e-01	-1.094648716684309547e-01	9.417825208610815235e-02	-9.105396431311180150e-02	8.453406445634492616e-02	-7.844933399041700839e-02	6.756571647008714765e-02	-7.911768705821682623e-02	7.715640339403659342e-02	-6.948416411566292472e-02	9.230777321961734783e-02	-5.038585988081314276e-02	6.463874625215498826e-02
-8.435500893919600784e-02	8.439018584873997364e-02	-7.920127457678190208e-02	7.992390516099513731e-02	-1.066749852061326942e-01	7.743077926819617873e-02	-1.024695765234346773e-01	7.719135466561140302e-02	-7.433693320053830211e-02	1.049031311456000287e-01	-1.620169850750507456e-01	1.527325503182008770e-01	-1.211957540962071145e-01	1.299282731258208090e-01	-6.201472648047361841e-02	2.577611363910298770e-01	-3.311447193790367227e-01	1.513945187638218448e-01	-1.425401683861075575e-01	7.844343920180629759e-02	-6.877652368670341687e-01	9.999999999999960032e-01	-2.832627225818146188e-01	1.827733064040867328e-01	-1.238517182275170742e-01	2.848765687169908523e-01	-4.007174340846381133e-01	1.497542057856842412e-01	-1.673830038509861451e-01	1.088407498467710705e-01	-1.373633346557293911e-01	1.503903564402625792e-01	-1.635150557512955460e-01	1.232463862715193342e-01	-1.090297733702743632e-01	1.001577460293197330e-01	-9.691518347356446739e-02	8.849548702558114599e-02	-7.672132888323501820e-02	8.872844091446126236e-02	-8.789302580159055744e-02	7.794660695687498364e-02	-1.056679250982122398e-01	5.710868058177830803e-02	-7.356534776620547722e-02
9.163992737782032660e-02	-9.444700312788395502e-02	1.016512944021620707e-01	-1.076310424355863410e-01	1.395867504254230396e-01	-8.128230228353502951e-02	1.110884031701637326e-01	-1.024240611015605484e-01	1.010880653896279180e-01	-1.427885639980357724e-01	1.599086345538049125e-01	-1.714803482596305440e-01	1.731668234486177238e-01	-1.948270831210792697e-01	8.976642718445422553e-02	-1.381620736578391684e-01	1.524081529149010350e-01	-3.796475700428084687e-01	2.664019290924607430e-01	-1.152391093504147174e-01	1.786253906415078696e-01	-2.832627225818146188e-01	1.000000000000000888e+00	-6.279491907980153664e-01	2.195439092030217754e-01	-1.436838671315258942e-01	1.529273212991828224e-01	-3.856186457231778331e-01	2.707689396576229424e-01	-1.996801873098138502e-01	1.244935755149953610e-01	-1.469625515750080935e-01	2.142679880032504203e-01	-1.809039919740741686e-01	1.577537987227359273e-01	-1.036064739594013545e-01	1.018416846167604639e-01	-1.011566095119684344e-01	9.905267741309728424e-02	-1.211127209410990252e-01	9.210145674085214174e-02	-8.534013640243354182e-02	1.181756419507185574e-01	-7.102591003085535759e-02	9.129908529421140728e-02
-9.358455898906112291e-02	9.402885463259226528e-02	-1.031089784299536322e-01	1.068307550730252659e-01	-1.459684320906772803e-01	8.201062950165173560e-02	-1.127771069884268840e-01	1.005925913296431273e-01	-1.029011226063017426e-01	1.426502703236106340e-01	-1.642781251202915516e-01	1.596909900941778371e-01	-1.686428012618249039e-01	1.915353698387800008e-01	-9.861058770227031089e-02	1.222201237980004435e-01	-1.415454242483411285e-01	2.654377351912591831e-01	-3.832498523115822620e-01	1.237301430636274652e-01	-1.584516527672013841e-01	1.827733064040867328e-01	-6.279491907980153664e-01	1.000000000000000666e+00	-4.013218155916103980e-01	1.250456635074954359e-01	-1.382444020492984982e-01	2.389265892895099663e-01	-3.112821075654024772e-01	2.306944202549764400e-01	-1.219324197601403953e-01	1.348036912003939269e-01	-2.086392805535683959e-01	1.804905877210236098e-01	-1.836849719977205198e-01	9.950460080997196310e-02	-1.003819234590506149e-01	9.827877390473439834e-02	-1.019221334628803294e-01	1.235219497962682378e-01	-9.180431588648817198e-02	8.375360485760413587e-02	-1.195262490499600094e-01	7.232130214749418751e-02	-9.423758377807953113e-02
7.742239711723937490e-02	-7.896039732845860915e-02	8.325485926846099005e-02	-9.204328126360150630e-02	1.507580112443729359e-01	-6.712280519299475279e-02	9.145697792776302792e-02	-8.103701196854388999e-02	8.459437911005739108e-02	-1.633081929348783878e-01	1.323411445420384636e-01	-1.275714026815011892e-01	1.174887086265753444e-01	-1.475369743644239784e-01	1.255331391392714158e-01	-9.031812666366134668e-02	9.911561381864832099e-02	-1.571967035438262550e-01	1.686499224447128575e-01	-1.843413722987063408e-01	1.037976091688350838e-01	-1.238517182275170742e-01	2.195439092030217754e-01	-4.013218155916103980e-01	1.000000000000000666e+00	-9.835933285844791762e-02	1.021844713345674144e-01	-1.740186234460388559e-01	2.190552733990766276e-01	-7.215645189596390230e-01	1.095375166912001680e-01	-1.211924256119433496e-01	1.741790732151644039e-01	-2.575695008344862647e-01	2.607549057286570049e-01	-9.532275464279174604e-02	9.680380852231869337e-02	-9.889855377876417830e-02	1.244836226233497212e-01	-1.694392625886194659e-01	8.873847363927753196e-02	-8.342692138135478219e-02	1.207685365666076038e-01	-8.421141710667418012e-02	1.082839255147523272e-01
-6.466155178939204939e-02	6.475694687484331857e-02	-6.051352970212627025e-02	6.247115424677434498e-02	-8.873639331512817030e-02	5.844767022150538366e-02	-7.727574666401455794e-02	5.874138403004292019e-02	-5.728660219236834245e-02	8.864525623662912468e-02	-1.213159728498312134e-01	1.102110494052860323e-01	-8.686892722246827847e-02	9.789116408467984920e-02	-5.057285215819293245e-02	1.678054438520484026e-01	-1.776056022963590497e-01	1.030043487461840129e-01	-9.922834524540696810e-02	6.464888189297744725e-02	-4.224318411668809836e-01	2.848765687169908523e-01	-1.436838671315258942e-01	1.250456635074954359e-01	-9.835933285844791762e-02	9.999999999999981126e-01	-7.733936892139519070e-01	1.292577476987955831e-01	-1.472065077516186427e-01	9.026941738284242900e-02	-2.199922602742966915e-01	2.062540272455659351e-01	-1.750068122377191060e-01	1.187230386542191957e-01	-9.956949298163128570e-02	1.318828347044809779e-01	-1.211030712888897104e-01	1.033660893838675987e-01	-7.835211786519878652e-02	8.772674366874749774e-02	-1.090493439552102650e-01	9.340054754422061345e-02	-1.205468033259753102e-01	6.000003626828295800e-02	-7.597748582209722101e-02
6.336398152467816181e-02	-6.463268487140973184e-02	6.118311354258119256e-02	-6.449851778269556635e-02	9.149138833866848897e-02	-5.717195605840826728e-02	7.564547578932016847e-02	-5.992208819593480840e-02	5.876717960915325140e-02	-9.361402697244733395e-02	1.158205774700169360e-01	-1.111050117831036133e-01	8.807732050999593498e-02	-1.018229533353535443e-01	5.293672832757829322e-02	-1.597500669172992604e-01	1.563707030957669497e-01	-1.090864129605014221e-01	1.023248835392697037e-01	-6.815677840825376532e-02	2.746409596610593362e-01	-4.007174340846381133e-01	1.529273212991828224e-01	-1.382444020492984982e-01	1.021844713345674144e-01	-7.733936892139519070e-01	9.999999999999994449e-01	-1.456971113419165964e-01	1.486877985600823515e-01	-9.607317305301082966e-02	1.926835076990688622e-01	-2.828908611305411269e-01	1.789456550599268780e-01	-1.275145616955479788e-01	1.028931715050122597e-01	-1.357486103325574178e-01	1.220358284335339716e-01	-1.084806470799022093e-01	8.041924050450252603e-02	-9.195948296649339437e-02	1.056701647450684900e-01	-9.527292052036298586e-02	1.186071667513280414e-01	-6.111718501808535708e-02	7.669256306258878664e-02
-7.022047364435184125e-02	7.161431490313537040e-02	-7.380677690055598150e-02	7.902752931856914242e-02	-1.160104031313739514e-01	6.144457897142596020e-02	-8.344675357862733900e-02	7.228145479567274490e-02	-7.281183253031883740e-02	1.199086417267121313e-01	-1.218777077041069967e-01	1.185458731465222904e-01	-1.104828293530750183e-01	1.283088208464472357e-01	-7.102802863049247073e-02	9.571188035977702679e-02	-1.051397648083394754e-01	1.608947060970235543e-01	-1.535663946153702775e-01	9.161892180464759061e-02	-1.235919208846888578e-01	1.497542057856842412e-01	-3.856186457231778331e-01	2.389265892895099663e-01	-1.740186234460388559e-01	1.292577476987955831e-01	-1.456971113419165964e-01	1.000000000000001776e+00	-6.746227307827851183e-01	1.684362014367274674e-01	-1.550994500861382075e-01	1.944603592363125522e-01	-4.833370213844995211e-01	1.989869872176780741e-01	-1.603871500243161941e-01	1.228784154861722044e-01	-1.231240370447688748e-01	1.215915897014881175e-01	-1.068355524625856368e-01	1.242220996177780534e-01	-1.059991471371123511e-01	9.801039884187601192e-02	-1.332253829297999903e-01	7.670467178595255509e-02	-9.717478992877040533e-02
9.028420802745570906e-02	-9.339522333093865092e-02	9.480876697860481095e-02	-1.047706894041847275e-01	1.570032594983544749e-01	-7.876178567048032486e-02	1.066492220744365144e-01	-9.350873106878818120e-02	9.473171404683979058e-02	-1.693050574008873876e-01	1.541100273465412507e-01	-1.530172758452256754e-01	1.349241078657202331e-01	-1.665348355199411379e-01	9.619994380291899128e-02	-1.152183646293752917e-01	1.228941974538153570e-01	-1.877777609593387631e-01	1.756768642672794922e-01	-1.266258734584174706e-01	1.350409740488884014e-01	-1.673830038509861451e-01	2.707689396576229424e-01	-3.112821075654024772e-01	2.190552733990766276e-01	-1.472065077516186427e-01	1.486877985600823515e-01	-6.746227307827851183e-01	1.000000000000001554e+00	-2.651932204965984918e-01	1.622652068636477041e-01	-2.090446048248507938e-01	2.929918577161642057e-01	-2.672298093359518623e-01	2.047221756952683769e-01	-1.454426588814642929e-01	1.386904027462481093e-01	-1.441865540959622882e-01	1.359502936641248938e-01	-1.675549852097532044e-01	1.235188253166235456e-01	-1.187075928175565231e-01	1.582024423055067852e-01	-9.745852959107512148e-02	1.229168124100423476e-01
-6.884970368070424118e-02	6.903228367609817728e-02	-7.234054214836097008e-02	7.786179643209972800e-02	-1.306237711922336175e-01	5.948857960243948695e-02	-8.107060705155716418e-02	6.940671391696165426e-02	-7.214135356781523067e-02	1.297136535011965686e-01	-1.188950815650187259e-01	1.089087616016798238e-01	-1.010896097678766203e-01	1.215483769832953059e-01	-1.001296716532512066e-01	7.989328478493300245e-02	-8.907438003935216897e-02	1.298317190724829484e-01	-1.455088708477500492e-01	1.260539316626496376e-01	-9.525685239388234637e-02	1.088407498467710705e-01	-1.996801873098138502e-01	2.306944202549764400e-01	-7.215645189596390230e-01	9.026941738284242900e-02	-9.607317305301082966e-02	1.684362014367274674e-01	-2.651932204965984918e-01	1.000000000000001998e+00	-1.075998052701966495e-01	1.165309964078567462e-01	-1.786954508816870346e-01	2.461436682685979316e-01	-4.680416573126177648e-01	9.165168172316146000e-02	-9.497290009331382787e-02	9.602324980650590869e-02	-1.284088635703209691e-01	1.656737213194641178e-01	-8.688421311387289903e-02	8.076556524040662266e-02	-1.196594418996379805e-01	8.424072117086239819e-02	-1.108965727171788429e-01
5.896220682353947584e-02	-6.023573014351274457e-02	5.858056700375074283e-02	-6.406420742138260738e-02	1.017342840645996116e-01	-5.149705284147124834e-02	6.909192269232485029e-02	-5.692873238678386461e-02	5.754548341943694495e-02	-1.078108827044315654e-01	1.023839804615983839e-01	-9.565300552880866281e-02	7.877977616554650286e-02	-9.606578768673251778e-02	5.781488374757330628e-02	-8.822310154016674288e-02	9.123650242343037120e-02	-9.398933744387182043e-02	9.173564655078955687e-02	-7.575218171809880441e-02	1.214961385360213975e-01	-1.373633346557293911e-01	1.244935755149953610e-01	-1.219324197601403953e-01	1.095375166912001680e-01	-2.199922602742966915e-01	1.926835076990688622e-01	-1.550994500861382075e-01	1.622652068636477041e-01	-1.075998052701966495e-01	1.000000000000002442e+00	-6.092230575654370428e-01	2.485562366719794303e-01	-1.793914080538281386e-01	1.303752819548742448e-01	-5.590547219449858440e-01	2.463655873853443923e-01	-2.099909405220484748e-01	1.202296679318151651e-01	-1.346939058535503997e-01	2.304256304266753541e-01	-2.099816496625074858e-01	2.030433436208752829e-01	-9.562909811944100835e-02	1.142277141691767639e-01
-6.081380684787614926e-02	6.164399215753113559e-02	-6.042051853191127142e-02	6.516393520268201622e-02	-1.018868246485835904e-01	5.319184320241995834e-02	-7.146658451978980808e-02	5.857100039080732207e-02	-5.902306354342868461e-02	1.054849529158293636e-01	-1.065552384861730428e-01	9.845192386137334439e-02	-8.287179960785882871e-02	9.916994997125343214e-02	-5.850885661409199745e-02	9.258926863603879343e-02	-9.817410097545382908e-02	1.016076320765672281e-01	-9.999900890020681221e-02	7.599079913674820774e-02	-1.324779222078001362e-01	1.503903564402625792e-01	-1.469625515750080935e-01	1.348036912003939269e-01	-1.211924256119433496e-01	2.062540272455659351e-01	-2.828908611305411269e-01	1.944603592363125522e-01	-2.090446048248507938e-01	1.165309964078567462e-01	-6.092230575654370428e-01	1.000000000000003109e+00	-4.839085218381280473e-01	1.889786094646405401e-01	-1.436260827496926018e-01	2.699350307940395766e-01	-3.099698238315861110e-01	2.092699263164118639e-01	-1.273745776782518047e-01	1.358547851815123941e-01	-2.106706886255018119e-01	1.767678373739889897e-01	-2.166102974407374537e-01	9.886660373937661284e-02	-1.208578571432651072e-01
8.256425845629959681e-02	-8.483786810998962535e-02	8.433415611961468661e-02	-9.282987946797183199e-02	1.449693388413773876e-01	-7.189732190748113205e-02	9.697967771168533591e-02	-8.245175962651964119e-02	8.358523469151883656e-02	-1.551683387997831454e-01	1.416803440880671505e-01	-1.359969152058288777e-01	1.160559124780663337e-01	-1.424135865074191709e-01	8.510210632918858986e-02	-1.092442523031025570e-01	1.153731489038776759e-01	-1.496780421928046723e-01	1.422261860164583946e-01	-1.117868305957614716e-01	1.347893049630124185e-01	-1.635150557512955460e-01	2.142679880032504203e-01	-2.086392805535683959e-01	1.741790732151644039e-01	-1.750068122377191060e-01	1.789456550599268780e-01	-4.833370213844995211e-01	2.929918577161642057e-01	-1.786954508816870346e-01	2.485562366719794303e-01	-4.839085218381280473e-01	1.000000000000002442e+00	-3.648190003434714779e-01	2.122611334055965193e-01	-2.138626964925686991e-01	2.035258730222670176e-01	-2.225481772397812641e-01	1.612092263754950072e-01	-1.834895519957178145e-01	1.642097292497257111e-01	-1.594904485868315069e-01	2.018215321765003401e-01	-1.162379134639467682e-01	1.420145068215933615e-01
-7.739085354510286119e-02	7.726465536206485185e-02	-7.785579362008082649e-02	8.367640994780893571e-02	-1.408787571999676469e-01	6.668969490398589384e-02	-9.032444999287439491e-02	7.445579758571815865e-02	-7.636910272906710651e-02	1.389078161155383739e-01	-1.339252840342244066e-01	1.188036167118184938e-01	-1.042602850420030064e-01	1.253558750692548296e-01	-8.502772055529779494e-02	9.050049989067072975e-02	-9.947725861586975693e-02	1.260243974977942882e-01	-1.322542575325563463e-01	1.087020790879824478e-01	-1.094648716684309547e-01	1.232463862715193342e-01	-1.809039919740741686e-01	1.804905877210236098e-01	-2.575695008344862647e-01	1.187230386542191957e-01	-1.275145616955479788e-01	1.989869872176780741e-01	-2.672298093359518623e-01	2.461436682685979316e-01	-1.793914080538281386e-01	1.889786094646405401e-01	-3.648190003434714779e-01	1.000000000000002665e+00	-6.292957375192493874e-01	1.502393297605590372e-01	-1.655843323678908574e-01	1.691915197505441393e-01	-3.436383135825887836e-01	2.810190157290878288e-01	-1.465681752828002504e-01	1.369905111555674848e-01	-2.145941286175206963e-01	1.772778396140331503e-01	-2.330375474197128871e-01
