1.000000000000000222e+00	-9.207465853828360469e-01	1.485141765365350919e-01	-1.139937109664437426e-01	7.942670775178908849e-02	-2.479074699147233718e-01	1.586631624239169813e-01	-8.869769306483440974e-02	8.364287714509743843e-02	-6.548096993923922804e-02	1.338730431513753816e-01	-1.095161933108257934e-01	8.847458317144678286e-02	-7.164947164473581265e-02	6.802198912568983846e-02	-1.136775017573693480e-01	1.039735401876302201e-01	-8.239570233868270810e-02	6.486835566251365759e-02	-7.380869940219818293e-02	9.065325221960238156e-02	-7.031806959278857905e-02	7.498539353600069957e-02	-7.531679363050139409e-02	7.682389921796133059e-02	-2.407702438636529288e-02	2.078194652804348647e-02	-3.493036145397804965e-02	5.352065245219772560e-02	-2.271862710523056550e-02	2.537684383170811867e-02	-2.132960914513279405e-02	2.890860712959891429e-02	-3.721614543142683085e-02	2.593809806110831603e-02	-1.494970795596626580e-02	1.529696068600325080e-02	-2.397469963104635962e-02	2.956275555803129784e-02	-3.634871709537063067e-02	1.272083043559874699e-02	-1.284077279984931728e-02	2.740601431206321145e-02	-4.275916581107905290e-02	2.194008347669103298e-02
-9.207465853828360469e-01	1.000000000000000000e+00	-1.907270432819426209e-01	1.166902715888984421e-01	-8.504003724689190857e-02	1.894577944833353844e-01	-1.813535582172408345e-01	9.430606221808394973e-02	-8.942866369960325579e-02	6.788381301207790930e-02	-1.380329313467421604e-01	1.114729871855840160e-01	-9.649814788435240320e-02	7.441348268717523640e-02	-7.152132249426300381e-02	1.100493788255642730e-01	-1.113597549407459170e-01	8.536111845053817593e-02	-6.722206885044668123e-02	7.543105171549467636e-02	-9.646222001519316747e-02	7.266722587033493108e-02	-7.941294635082032927e-02	7.661409401336240210e-02	-7.940318267354545823e-02	2.467644936237161496e-02	-2.138086335026377974e-02	3.568477018232954490e-02	-5.480047035302411385e-02	2.319652206174573419e-02	-2.606099106718544334e-02	2.182879186031380647e-02	-2.962734676396361691e-02	3.770089746186782581e-02	-2.651329946719771860e-02	1.523942611836455290e-02	-1.560699692351600124e-02	2.427289647504771511e-02	-2.994937736744178805e-02	3.644391701189924476e-02	-1.295341895641164212e-02	1.306606818109842111e-02	-2.780760132961856632e-02	4.287531873723423453e-02	-2.203318991911419611e-02
1.485141765365350919e-01	-1.907270432819426209e-01	9.999999999999995559e-01	-7.038835185838947517e-01	2.604543975151724644e-01	-1.437444315889308544e-01	1.558233924844622253e-01	-3.154909956558551443e-01	2.656820747323581644e-01	-2.211990608489013410e-01	1.114501968380632591e-01	-1.249491946121403657e-01	2.322504419624965566e-01	-2.197879632798918625e-01	1.959890576819297847e-01	-1.340895011109506929e-01	1.407019333048951659e-01	-1.605034437483855159e-01	1.603715733188689208e-01	-1.986349939623637262e-01	1.283733871339939880e-01	-1.117731864586958279e-01	1.324132857877917124e-01	-1.912408186170188873e-01	1.925185869407755324e-01	-4.941594627095242942e-02	4.209849487652567862e-02	-7.935575078668315185e-02	1.290368424139757275e-01	-5.554499795253169808e-02	5.454223311720567818e-02	-4.596365751840186809e-02	6.531946544980349323e-02	-9.030486063422996090e-02	6.305925760163617888e-02	-3.381115560515909890e-02	3.454785550703539515e-02	-5.803227008533032305e-02	7.191889025644568334e-02	-9.213641180083205484e-02	2.941943762679614244e-02	-2.971147509528539871e-02	6.604061687799787916e-02	-1.082387851438255943e-01	5.528712304655780674e-02
-1.139937109664437426e-01	1.166902715888984421e-01	-7.038835185838947517e-01	1.000000000000000000e+00	-4.331981888973766015e-01	1.086295989399271023e-01	-1.274298944047912163e-01	2.150384456445460502e-01	-3.810537396599009141e-01	2.367422310956560638e-01	-8.854846036220440086e-02	9.922283356419844824e-02	-2.133203378579861531e-01	2.175264144192573523e-01	-2.162893230124908750e-01	1.047982911937831857e-01	-1.170196095520037727e-01	1.333264152328138552e-01	-1.457788334207782699e-01	1.723098593454577554e-01	-1.062038385084361491e-01	9.104138430045113917e-02	-1.123315464547714332e-01	1.583607027533978084e-01	-1.682357536505169338e-01	3.875004606686646702e-02	-3.327173291059826871e-02	6.283546722600807932e-02	-1.049439061206864088e-01	4.495855686959573244e-02	-4.284606473863322718e-02	3.604284360881102045e-02	-5.193617711460443015e-02	7.060538537797696190e-02	-5.095769611382303110e-02	2.632713380023984570e-02	-2.695364250864758227e-02	4.494984229286536070e-02	-5.596584898839439964e-02	7.000065388254922416e-02	-2.289193433636667677e-02	2.309487272817088363e-02	-5.128468734401091245e-02	8.223776986832716240e-02	-4.214629662573814856e-02
7.942670775178908849e-02	-8.504003724689190857e-02	2.604543975151724644e-01	-4.331981888973766015e-01	1.000000000000000666e+00	-1.070718159432858807e-01	1.206421242183999404e-01	-1.747114901668795073e-01	2.606268215919850251e-01	-6.596153401254359894e-01	8.867597933674034594e-02	-1.007429314710436563e-01	1.764354464557949531e-01	-2.501020183757055593e-01	2.825730502241833864e-01	-1.121684362937611784e-01	1.226700559376522476e-01	-1.479283699999678348e-01	1.722694696287519200e-01	-2.385739165999456179e-01	1.144796923333338962e-01	-1.002894047969522667e-01	1.227217772430182208e-01	-2.003410239386828606e-01	2.050775465202956949e-01	-4.705025758352604504e-02	4.009332995442100450e-02	-7.771138694293619475e-02	1.298863932890277351e-01	-5.617934820636389520e-02	5.255152382466453387e-02	-4.428057053064681642e-02	6.398365553819965190e-02	-8.961901806436103901e-02	6.347310299213505813e-02	-3.287365867655581836e-02	3.360914681969200124e-02	-5.726033641370667504e-02	7.118657688325064070e-02	-9.126478530937008615e-02	2.874608406171338948e-02	-2.902576031458022759e-02	6.510669302215586762e-02	-1.071807763408108571e-01	5.475256815692279566e-02
-2.479074699147233718e-01	1.894577944833353844e-01	-1.437444315889308544e-01	1.086295989399271023e-01	-1.070718159432858807e-01	9.999999999999997780e-01	-5.431110524420725838e-01	1.473231575978104224e-01	-1.246402088986160173e-01	8.814488662420172371e-02	-6.194785431785616581e-01	2.882273554794660964e-01	-1.600723311302661711e-01	1.074518780316155997e-01	-1.024563058921128117e-01	2.776951238343278172e-01	-2.686732371120149065e-01	1.677060782471026523e-01	-1.116448351188605720e-01	1.159662441689495033e-01	-2.278053024163189666e-01	1.571756621916313434e-01	-1.641081847472813382e-01	1.227739691217870632e-01	-1.238456575163586343e-01	4.515044769070222785e-02	-3.959279731407791547e-02	6.099720145603738930e-02	-8.861644023678935667e-02	3.703197044460660586e-02	-4.598616236957609599e-02	3.854916821237699964e-02	-5.077629049748762918e-02	6.070398085319692050e-02	-4.238273443671473212e-02	2.588316820223315190e-02	-2.654997475622968700e-02	3.899838109874295689e-02	-4.794650987741994053e-02	5.618080695523593876e-02	-2.159371336633125402e-02	2.178069800740455031e-02	-4.476257159807159325e-02	6.618952055858626227e-02	-3.414680855233837020e-02
1.586631624239169813e-01	-1.813535582172408345e-01	1.558233924844622253e-01	-1.274298944047912163e-01	1.206421242183999404e-01	-5.431110524420725838e-01	1.000000000000000000e+00	-2.370775744059417378e-01	1.476013493110290009e-01	-1.045069086301945588e-01	2.958368760817032816e-01	-5.900242540488681575e-01	1.949178553047611062e-01	-1.314923922440397464e-01	1.188976708469230009e-01	-2.956878640818702553e-01	2.828484722849226030e-01	-2.093166533672297380e-01	1.324514345472588839e-01	-1.409428740450984485e-01	1.986220762145917418e-01	-1.773230633032913672e-01	1.694466218141968128e-01	-1.508560607115850272e-01	1.418712120873216742e-01	-5.026488747059677797e-02	4.364424497943399095e-02	-6.991657126761283148e-02	1.020897355869620077e-01	-4.302906724631926083e-02	5.080540428913011414e-02	-4.336742711660526717e-02	5.738196512981154351e-02	-7.142397273459522022e-02	4.887870505424045386e-02	-2.944864375984075286e-02	3.011738146470600494e-02	-4.558972063786835560e-02	5.609294500359945229e-02	-6.765240020977567048e-02	2.465684690844887825e-02	-2.494266484449048776e-02	5.186448648380327653e-02	-7.967932719919794404e-02	4.091848068979715008e-02
-8.869769306483440974e-02	9.430606221808394973e-02	-3.154909956558551443e-01	2.150384456445460502e-01	-1.747114901668795073e-01	1.473231575978104224e-01	-2.370775744059417378e-01	1.000000000000000000e+00	-3.663048295744009142e-01	1.581170746171305097e-01	-1.167515300212807750e-01	1.506960686971406116e-01	-7.692226339427855608e-01	2.203947724124413476e-01	-1.732014265763605620e-01	1.344599190669870936e-01	-1.591826745970822410e-01	1.854188669469685191e-01	-1.540901971804060910e-01	1.628030719692688810e-01	-1.308593715765647703e-01	1.155358154601301146e-01	-1.464834283267834047e-01	1.606132205688361181e-01	-1.571846143465706613e-01	4.135029825213480670e-02	-3.587421531762501059e-02	6.546661889091451303e-02	-1.039013234995607160e-01	4.397412523070622775e-02	-4.445799167992149636e-02	3.766193436051595844e-02	-5.393259060074404726e-02	7.009573817351029412e-02	-4.976221040632944348e-02	2.675080034222670350e-02	-2.740620118700116958e-02	4.430356830249744526e-02	-5.511314464551408249e-02	6.758793197374035611e-02	-2.296578297768015961e-02	2.318903474532479567e-02	-5.044571036314762780e-02	7.948310397306690422e-02	-4.078698571745593970e-02
8.364287714509743843e-02	-8.942866369960325579e-02	2.656820747323581644e-01	-3.810537396599009141e-01	2.606268215919850251e-01	-1.246402088986160173e-01	1.476013493110290009e-01	-3.663048295744009142e-01	1.000000000000001110e+00	-3.259992489661629467e-01	1.019047111003900247e-01	-1.214900077093318681e-01	2.630235004448311931e-01	-5.985948308349381408e-01	2.869559400807286109e-01	-1.276381683455242722e-01	1.432033860514492496e-01	-1.836469040922274198e-01	2.234725766006703529e-01	-2.504252784436344914e-01	1.287893251816233930e-01	-1.152343892684117993e-01	1.432595542189757376e-01	-2.367438793714543299e-01	2.132927308360666463e-01	-4.879896581068152855e-02	4.190932208844250217e-02	-8.132793329567719609e-02	1.361067664554466428e-01	-5.816253676881315282e-02	5.373370869022973950e-02	-4.555088282815489970e-02	6.659807360857948610e-02	-9.152312272129878301e-02	6.513134777408383091e-02	-3.327499067777544423e-02	3.406287386199573219e-02	-5.737002589414244569e-02	7.161061749155667178e-02	-8.982792873010272960e-02	2.890635402629767453e-02	-2.920668044312771730e-02	6.497153704614942737e-02	-1.055642666380771505e-01	5.401515990322667410e-02
-6.548096993923922804e-02	6.788381301207790930e-02	-2.211990608489013410e-01	2.367422310956560638e-01	-6.596153401254359894e-01	8.814488662420172371e-02	-1.045069086301945588e-01	1.581170746171305097e-01	-3.259992489661629467e-01	1.000000000000000888e+00	-7.461718476470036165e-02	8.547181272825617182e-02	-1.709422635961155568e-01	2.565937022462445039e-01	-5.443854625817200477e-01	9.278351093742080724e-02	-1.068294805476638631e-01	1.291086037191339908e-01	-1.662487490582676697e-01	2.159236007466881213e-01	-9.844440969814512166e-02	8.523474969320879446e-02	-1.085335570437496733e-01	1.688344860226988764e-01	-1.923290938518855409e-01	3.742046749097502345e-02	-3.219788343595288149e-02	6.240111162501306430e-02	-1.077143787938729114e-01	4.643975306557348443e-02	-4.169999333383010709e-02	3.512555970966323854e-02	-5.158943365619343691e-02	7.066938004115801142e-02	-5.233626753597981490e-02	2.578994149394475688e-02	-2.643014069737546767e-02	4.457353678552452431e-02	-5.575319243111288153e-02	6.929405583845087147e-02	-2.250963776519034065e-02	2.270477010965572806e-02	-5.081395979631136289e-02	8.138176533805425994e-02	-4.175121687037313539e-02
1.338730431513753816e-01	-1.380329313467421604e-01	1.114501968380632591e-01	-8.854846036220440086e-02	8.867597933674034594e-02	-6.194785431785616581e-01	2.958368760817032816e-01	-1.167515300212807750e-01	1.019047111003900247e-01	-7.461718476470036165e-02	1.000000000000002442e+00	-4.002831081827434301e-01	1.258196824835707550e-01	-9.245172561131283218e-02	8.727321576744810627e-02	-5.442042053516338296e-01	2.582603058163843723e-01	-1.651177385182452662e-01	1.011636922538204364e-01	-1.046821541522734850e-01	2.209600539002225805e-01	-1.660673152913799688e-01	1.510236046339253901e-01	-1.131374893326796277e-01	1.083440524317008380e-01	-4.281440734200925996e-02	3.739513947177294101e-02	-5.600901816323941573e-02	7.921073446156981501e-02	-3.314310221146931495e-02	4.217182261973969476e-02	-3.588718800691243632e-02	4.618298055583137940e-02	-5.525950536272231789e-02	3.777897491931821172e-02	-2.376155863012745229e-02	2.433541570125204168e-02	-3.538983701483303795e-02	4.339251648219531049e-02	-5.112753512401017192e-02	1.966328428154347913e-02	-1.988106227076892607e-02	4.038113601626898419e-02	-6.026548466807925969e-02	3.103140968684460141e-02
-1.095161933108257934e-01	1.114729871855840160e-01	-1.249491946121403657e-01	9.922283356419844824e-02	-1.007429314710436563e-01	2.882273554794660964e-01	-5.900242540488681575e-01	1.506960686971406116e-01	-1.214900077093318681e-01	8.547181272825617182e-02	-4.002831081827434301e-01	1.000000000000002887e+00	-1.669014766017209994e-01	1.088097729341611364e-01	-1.011963823850750843e-01	2.698059265588335087e-01	-5.664480309061391550e-01	2.078631687657193083e-01	-1.221697552804929809e-01	1.202225202279025157e-01	-2.120730932494689913e-01	1.760570491431804607e-01	-1.806508884524974656e-01	1.292136851497866223e-01	-1.235629928741138611e-01	4.536843012672137077e-02	-4.006514359176840956e-02	6.237413859779099984e-02	-8.911551762574747293e-02	3.713698850179363714e-02	-4.551634859345270179e-02	3.873451522042403034e-02	-5.155191790481809117e-02	6.118176205733522749e-02	-4.229034068963991033e-02	2.579392210578694555e-02	-2.645393987219141554e-02	3.893675755247721221e-02	-4.796952082780328586e-02	5.623506844176322239e-02	-2.145513541906080707e-02	2.167708480578676988e-02	-4.446878031351593485e-02	6.627198883868601342e-02	-3.415449870897588336e-02
8.847458317144678286e-02	-9.649814788435240320e-02	2.322504419624965566e-01	-2.133203378579861531e-01	1.764354464557949531e-01	-1.600723311302661711e-01	1.949178553047611062e-01	-7.692226339427855608e-01	2.630235004448311931e-01	-1.709422635961155568e-01	1.258196824835707550e-01	-1.669014766017209994e-01	1.000000000000000000e+00	-2.677349656995690053e-01	1.847679978531854283e-01	-1.556925667002186930e-01	1.753061438211004630e-01	-2.682182223927327414e-01	1.815673133765313418e-01	-1.973078289474163860e-01	1.473704365680688633e-01	-1.386971584988380968e-01	1.700389825023356505e-01	-1.994345380261793588e-01	1.822924722896936967e-01	-4.977620270904214300e-02	4.297093375663654097e-02	-7.957429775017271778e-02	1.241053881576577173e-01	-5.276340572089383008e-02	5.332774792410273357e-02	-4.543562755482994514e-02	6.493759856019942767e-02	-8.558660461220302107e-02	5.948696770264337574e-02	-3.238348335601312633e-02	3.313114915376141889e-02	-5.400801398100174566e-02	6.708453204544551074e-02	-8.338207183953839918e-02	2.779858630786801593e-02	-2.810567647787115542e-02	6.122116481201647642e-02	-9.806805179471425604e-02	5.020505461194192665e-02
-7.164947164473581265e-02	7.441348268717523640e-02	-2.197879632798918625e-01	2.175264144192573523e-01	-2.501020183757055593e-01	1.074518780316155997e-01	-1.314923922440397464e-01	2.203947724124413476e-01	-5.985948308349381408e-01	2.565937022462445039e-01	-9.245172561131283218e-02	1.088097729341611364e-01	-2.677349656995690053e-01	1.000000000000001776e+00	-5.153943292327118897e-01	1.155167416014067777e-01	-1.408281924500805471e-01	1.848639066654372831e-01	-3.577682696110183747e-01	2.652001808346376444e-01	-1.254522149330783154e-01	1.105187873912820973e-01	-1.487865816290998289e-01	2.348817753804291752e-01	-2.310555730132835273e-01	4.488557259227030777e-02	-3.896403209565298814e-02	7.631640579533950641e-02	-1.353305626589326183e-01	5.667685016548455051e-02	-4.959352661472406221e-02	4.199845630082087861e-02	-6.296503830932238810e-02	8.471707143557033470e-02	-6.344710854818670642e-02	3.046319954419323545e-02	-3.127656244319258760e-02	5.242116298729330298e-02	-6.597295474749495514e-02	8.013266933560138361e-02	-2.648353783567942987e-02	2.672250565390884777e-02	-5.958760059935141323e-02	9.415412531453093425e-02	-4.840572682770828000e-02
6.802198912568983846e-02	-7.152132249426300381e-02	1.959890576819297847e-01	-2.162893230124908750e-01	2.825730502241833864e-01	-1.024563058921128117e-01	1.188976708469230009e-01	-1.732014265763605620e-01	2.869559400807286109e-01	-5.443854625817200477e-01	8.727321576744810627e-02	-1.011963823850750843e-01	1.847679978531854283e-01	-5.153943292327118897e-01	1.000000000000001110e+00	-1.114342084860669019e-01	1.285238272728039255e-01	-1.686693606423349812e-01	2.399857086595234001e-01	-4.156207320733588118e-01	1.180483728182081249e-01	-1.049367619746020136e-01	1.341613357192493472e-01	-2.389522176625055172e-01	2.408052819880188988e-01	-4.630874609908731260e-02	3.981615485403780519e-02	-7.873340316123494942e-02	1.358235120383973205e-01	-5.871462194694896525e-02	5.148180150419140455e-02	-4.359922319524628387e-02	6.462571086307115908e-02	-8.953142188226999310e-02	6.540116271301509021e-02	-3.205633785333148605e-02	3.284281933616307880e-02	-5.587239749112559578e-02	6.996609248366250644e-02	-8.750762819409090010e-02	2.796366486251480876e-02	-2.824203908913887687e-02	6.330239448882045428e-02	-1.027892767577846533e-01	5.264204575422922611e-02
-1.136775017573693480e-01	1.100493788255642730e-01	-1.340895011109506929e-01	1.047982911937831857e-01	-1.121684362937611784e-01	2.776951238343278172e-01	-2.956878640818702553e-01	1.344599190669870936e-01	-1.276381683455242722e-01	9.278351093742080724e-02	-5.442042053516338296e-01	2.698059265588335087e-01	-1.556925667002186930e-01	1.155167416014067777e-01	-1.114342084860669019e-01	9.999999999999992228e-01	-4.141428604066231811e-01	2.187274774859027660e-01	-1.329600135520383475e-01	1.326920600853629395e-01	-5.135841613253437909e-01	2.504045190814562782e-01	-2.406646210465303304e-01	1.438054018214653118e-01	-1.417775027441391944e-01	6.173771521684100205e-02	-5.461724929329556805e-02	7.671616075884851726e-02	-1.051215818585922029e-01	4.356154210080499106e-02	-5.992787711473098605e-02	5.035261060000206096e-02	-6.394169876534633312e-02	7.258529726114909542e-02	-4.987707483599808367e-02	3.256175768650252517e-02	-3.346887577935278579e-02	4.665769406958099330e-02	-5.710256691228344367e-02	6.527037516391082095e-02	-2.669307040897366673e-02	2.693502690387835491e-02	-5.354438898576410755e-02	7.699382972303367434e-02	-3.980259846198722085e-02
1.039735401876302201e-01	-1.113597549407459170e-01	1.407019333048951659e-01	-1.170196095520037727e-01	1.226700559376522476e-01	-2.686732371120149065e-01	2.828484722849226030e-01	-1.591826745970822410e-01	1.432033860514492496e-01	-1.068294805476638631e-01	2.582603058163843723e-01	-5.664480309061391550e-01	1.753061438211004630e-01	-1.408281924500805471e-01	1.285238272728039255e-01	-4.141428604066231811e-01	9.999999999999985567e-01	-4.278094145795113268e-01	1.758437732191142078e-01	-1.695936307590654446e-01	2.611291079681366534e-01	-3.069752432764937811e-01	2.557235888045125138e-01	-1.875660501785389733e-01	1.618441155252389740e-01	-6.248798254770915328e-02	5.546365698604897171e-02	-8.586173570182999149e-02	1.188016663088114350e-01	-4.957086372269889352e-02	6.072008537595696004e-02	-5.297512432941472310e-02	6.980833188231898301e-02	-8.280053389942056141e-02	5.600411672671348068e-02	-3.471994208052713721e-02	3.555696621294111154e-02	-5.217095712078959058e-02	6.424895223725141102e-02	-7.560579072946127521e-02	2.867527476292313846e-02	-2.905695159555744117e-02	5.912875379319199737e-02	-8.914808393389776764e-02	4.585413604143501187e-02
-8.239570233868270810e-02	8.536111845053817593e-02	-1.605034437483855159e-01	1.333264152328138552e-01	-1.479283699999678348e-01	1.677060782471026523e-01	-2.093166533672297380e-01	1.854188669469685191e-01	-1.836469040922274198e-01	1.291086037191339908e-01	-1.651177385182452662e-01	2.078631687657193083e-01	-2.682182223927327414e-01	1.848639066654372831e-01	-1.686693606423349812e-01	2.187274774859027660e-01	-4.278094145795113268e-01	1.000000000000000000e+00	-3.743731091065343186e-01	2.187502254340212282e-01	-2.746940885253543185e-01	2.672111237595756750e-01	-5.884569122171047217e-01	2.393683331685354798e-01	-2.108051523698342977e-01	6.566873396190898993e-02	-5.963706469833673224e-02	1.085674831137216356e-01	-1.498028549239595331e-01	6.057964597273440832e-02	-6.732151334921332442e-02	5.819630737637442042e-02	-8.955354408987521719e-02	9.742408030938128072e-02	-6.843680123303007290e-02	3.852232123488275733e-02	-3.974352707982718030e-02	5.972066710758980324e-02	-7.503522449296959329e-02	8.474010725226494012e-02	-3.224304119689441750e-02	3.256369658258875116e-02	-6.800128094717575178e-02	9.991099433460606805e-02	-5.168044129476794674e-02
6.486835566251365759e-02	-6.722206885044668123e-02	1.603715733188689208e-01	-1.457788334207782699e-01	1.722694696287519200e-01	-1.116448351188605720e-01	1.324514345472588839e-01	-1.540901971804060910e-01	2.234725766006703529e-01	-1.662487490582676697e-01	1.011636922538204364e-01	-1.221697552804929809e-01	1.815673133765313418e-01	-3.577682696110183747e-01	2.399857086595234001e-01	-1.329600135520383475e-01	1.758437732191142078e-01	-3.743731091065343186e-01	9.999999999999996669e-01	-5.073250289727032625e-01	1.505747841811339860e-01	-1.430569280594482517e-01	2.046451962025124249e-01	-5.784303464180583498e-01	2.881284691212943061e-01	-5.321132647945894800e-02	4.669404233027818485e-02	-9.728143150547877149e-02	1.786144835839602873e-01	-7.293655919811077581e-02	5.823250794048417944e-02	-5.006128033599461374e-02	7.860963797448919377e-02	-1.064477081549565773e-01	7.868016400101514318e-02	-3.590428647425376874e-02	3.694793931190624298e-02	-6.264603035469536174e-02	7.964223280173557407e-02	-9.459053431148185809e-02	3.108337130306403420e-02	-3.143412364032528716e-02	7.013866220540261598e-02	-1.112522882742503771e-01	5.719434830594467140e-02
-7.380869940219818293e-02	7.543105171549467636e-02	-1.986349939623637262e-01	1.723098593454577554e-01	-2.385739165999456179e-01	1.159662441689495033e-01	-1.409428740450984485e-01	1.628030719692688810e-01	-2.504252784436344914e-01	2.159236007466881213e-01	-1.046821541522734850e-01	1.202225202279025157e-01	-1.973078289474163860e-01	2.652001808346376444e-01	-4.156207320733588118e-01	1.326920600853629395e-01	-1.695936307590654446e-01	2.187502254340212282e-01	-5.073250289727032625e-01	1.000000000000001110e+00	-1.548965023340594105e-01	1.334965907382681394e-01	-1.886749767100088793e-01	3.079419270953524523e-01	-5.521514917151685298e-01	5.655427698723893004e-02	-4.936728404257866715e-02	9.932261642181035299e-02	-1.878116666393707113e-01	8.344529828831513674e-02	-6.341333344313900000e-02	5.359264704851780803e-02	-8.258139327562021015e-02	1.116239313002728717e-01	-9.227495732491858282e-02	3.911881072772912388e-02	-4.026777054121780108e-02	6.832906138908696747e-02	-8.676823770796479596e-02	1.034004846223764151e-01	-3.422861810383204945e-02	3.449383297860746100e-02	-7.790634652445890818e-02	1.213057455012754304e-01	-6.265143010724777417e-02
9.065325221960238156e-02	-9.646222001519316747e-02	1.283733871339939880e-01	-1.062038385084361491e-01	1.144796923333338962e-01	-2.278053024163189666e-01	1.986220762145917418e-01	-1.308593715765647703e-01	1.287893251816233930e-01	-9.844440969814512166e-02	2.209600539002225805e-01	-2.120730932494689913e-01	1.473704365680688633e-01	-1.254522149330783154e-01	1.180483728182081249e-01	-5.135841613253437909e-01	2.611291079681366534e-01	-2.746940885253543185e-01	1.505747841811339860e-01	-1.548965023340594105e-01	9.999999999999996669e-01	-6.302756556683201117e-01	2.793348517845982704e-01	-1.749388875736260507e-01	1.541278047889104719e-01	-9.452241034463737535e-02	8.063465275424466783e-02	-9.570959296364536795e-02	1.205566185229255544e-01	-5.032342958220215046e-02	7.834584288296986276e-02	-6.939640753843574761e-02	7.711360721854482181e-02	-8.821985446452797197e-02	5.708730181035991114e-02	-4.210387750294795201e-02	4.309379196469115963e-02	-5.670291624334384412e-02	6.840465846084770041e-02	-7.930352617622800360e-02	3.340589617654714238e-02	-3.396960842027407085e-02	6.398690566974907235e-02	-9.370131818010238312e-02	4.817935647415347994e-02
-7.031806959278857905e-02	7.266722587033493108e-02	-1.117731864586958279e-01	9.104138430045113917e-02	-1.002894047969522667e-01	1.571756621916313434e-01	-1.773230633032913672e-01	1.155358154601301146e-01	-1.152343892684117993e-01	8.523474969320879446e-02	-1.660673152913799688e-01	1.760570491431804607e-01	-1.386971584988380968e-01	1.105187873912820973e-01	-1.049367619746020136e-01	2.504045190814562782e-01	-3.069752432764937811e-01	2.672111237595756750e-01	-1.430569280594482517e-01	1.334965907382681394e-01	-6.302756556683201117e-01	1.000000000000000000e+00	-5.786183274398365439e-01	1.499320188888153271e-01	-1.374010974354946957e-01	8.594916179000282319e-02	-8.895803014324724090e-02	9.593207906238482297e-02	-1.102728781704325894e-01	4.493508336718562285e-02	-7.371291518218492378e-02	6.792607758768128001e-02	-7.958904009872011520e-02	7.861784755622854004e-02	-5.129238300391805727e-02	3.893138415620846227e-02	-4.028955767474170363e-02	5.023915128785542278e-02	-6.115785404645256162e-02	6.678294465226186638e-02	-3.058245800101137141e-02	3.104215510205163633e-02	-5.726207209778662321e-02	7.898422629957016494e-02	-4.092478390702129765e-02
7.498539353600069957e-02	-7.941294635082032927e-02	1.324132857877917124e-01	-1.123315464547714332e-01	1.227217772430182208e-01	-1.641081847472813382e-01	1.694466218141968128e-01	-1.464834283267834047e-01	1.432595542189757376e-01	-1.085335570437496733e-01	1.510236046339253901e-01	-1.806508884524974656e-01	1.700389825023356505e-01	-1.487865816290998289e-01	1.341613357192493472e-01	-2.406646210465303304e-01	2.557235888045125138e-01	-5.884569122171047217e-01	2.046451962025124249e-01	-1.886749767100088793e-01	2.793348517845982704e-01	-5.786183274398365439e-01	9.999999999999974465e-01	-2.209159968458455636e-01	1.741379099306574751e-01	-7.804031512200167164e-02	7.245547963426841875e-02	-1.440249023325791411e-01	1.412087824145706882e-01	-5.765371296593330835e-02	7.394859386170930804e-02	-6.772703560503519349e-02	1.048828350870552178e-01	-1.027133533123574388e-01	6.492926373956039998e-02	-4.195304213753860839e-02	4.323700682628697084e-02	-6.181075782241420707e-02	7.728833398964955748e-02	-8.532686859299967730e-02	3.418598552921302269e-02	-3.472153507554554680e-02	6.954505854374244678e-02	-1.009279039948023093e-01	5.211608169828421677e-02
-7.531679363050139409e-02	7.661409401336240210e-02	-1.912408186170188873e-01	1.583607027533978084e-01	-2.003410239386828606e-01	1.227739691217870632e-01	-1.508560607115850272e-01	1.606132205688361181e-01	-2.367438793714543299e-01	1.688344860226988764e-01	-1.131374893326796277e-01	1.292136851497866223e-01	-1.994345380261793588e-01	2.348817753804291752e-01	-2.389522176625055172e-01	1.438054018214653118e-01	-1.875660501785389733e-01	2.393683331685354798e-01	-5.784303464180583498e-01	3.079419270953524523e-01	-1.749388875736260507e-01	1.499320188888153271e-01	-2.209159968458455636e-01	9.999999999999995559e-01	-4.734384980302061563e-01	6.806906517761397712e-02	-6.011675345384668440e-02	1.338337980256412429e-01	-3.545863252232585583e-01	1.179095053127085374e-01	-7.757085845851242889e-02	6.619336163232375503e-02	-1.110297835179864384e-01	1.535045116724538805e-01	-1.286925822319940904e-01	4.845564194367350808e-02	-5.015279369848518048e-02	8.771496223805808068e-02	-1.146845048304656611e-01	1.282461562471335637e-01	-4.264353573621731952e-02	4.299613577828541311e-02	-9.911069035555515605e-02	1.505700690918124196e-01	-7.823463178541109619e-02
7.682389921796133059e-02	-7.940318267354545823e-02	1.925185869407755324e-01	-1.682357536505169338e-01	2.050775465202956949e-01	-1.238456575163586343e-01	1.418712120873216742e-01	-1.571846143465706613e-01	2.132927308360666463e-01	-1.923290938518855409e-01	1.083440524317008380e-01	-1.235629928741138611e-01	1.822924722896936967e-01	-2.310555730132835273e-01	2.408052819880188988e-01	-1.417775027441391944e-01	1.618441155252389740e-01	-2.108051523698342977e-01	2.881284691212943061e-01	-5.521514917151685298e-01	1.541278047889104719e-01	-1.374010974354946957e-01	1.741379099306574751e-01	-4.734384980302061563e-01	9.999999999999994449e-01	-7.334564692473131975e-02	6.267693126399777326e-02	-1.343922629662780421e-01	2.320591580404889054e-01	-1.281054517890622135e-01	8.308783706478224673e-02	-7.101539695383218831e-02	1.088639888986403653e-01	-1.621612084030203405e-01	1.271208015915523681e-01	-5.368350675655410298e-02	5.497565942901610353e-02	-9.857967528333969054e-02	1.240094987052123426e-01	-1.621308568497986380e-01	4.724029788909708816e-02	-4.785621069965818181e-02	1.095458105575434216e-01	-1.898724167442556454e-01	9.676961780161257021e-02
-2.407702438636529288e-02	2.467644936237161496e-02	-4.941594627095242942e-02	3.875004606686646702e-02	-4.705025758352604504e-02	4.515044769070222785e-02	-5.026488747059677797e-02	4.135029825213480670e-02	-4.879896581068152855e-02	3.742046749097502345e-02	-4.281440734200925996e-02	4.536843012672137077e-02	-4.977620270904214300e-02	4.488557259227030777e-02	-4.630874609908731260e-02	6.173771521684100205e-02	-6.248798254770915328e-02	6.566873396190898993e-02	-5.321132647945894800e-02	5.655427698723893004e-02	-9.452241034463737535e-02	8.594916179000282319e-02	-7.804031512200167164e-02	6.806906517761397712e-02	-7.334564692473131975e-02	9.999999999999987788e-01	-7.437682246419247134e-01	1.222750083013228323e-01	-1.054433762764360044e-01	4.165832214248877535e-02	-5.325543758609934120e-01	3.139814814631090578e-01	-1.177264760702039503e-01	9.580431319755464137e-02	-4.958527683398537833e-02	1.550112232242912835e-01	-1.690729882479655721e-01	8.978083474366675698e-02	-8.292913361693733665e-02	7.150273097582131310e-02	-1.044958104229043450e-01	1.020793502067876279e-01	-1.048952535881687020e-01	8.623148640063946213e-02	-4.555931071559976564e-02
2.078194652804348647e-02	-2.138086335026377974e-02	4.209849487652567862e-02	-3.327173291059826871e-02	4.009332995442100450e-02	-3.959279731407791547e-02	4.364424497943399095e-02	-3.587421531762501059e-02	4.190932208844250217e-02	-3.219788343595288149e-02	3.739513947177294101e-02	-4.006514359176840956e-02	4.297093375663654097e-02	-3.896403209565298814e-02	3.981615485403780519e-02	-5.461724929329556805e-02	5.546365698604897171e-02	-5.963706469833673224e-02	4.669404233027818485e-02	-4.936728404257866715e-02	8.063465275424466783e-02	-8.895803014324724090e-02	7.245547963426841875e-02	-6.011675345384668440e-02	6.267693126399777326e-02	-7.437682246419247134e-01	1.000000000000000222e+00	-1.404508766661935748e-01	9.326302350013632170e-02	-3.701853413623438366e-02	3.119441897166866373e-01	-5.409559056751561679e-01	1.226138154139482517e-01	-9.191793976077419770e-02	4.349517372208309279e-02	-1.531583718306695485e-01	1.589820446687431055e-01	-8.234184268611730029e-02	7.527560739653568755e-02	-6.423539554333904111e-02	9.157674422676012616e-02	-9.851424703110722714e-02	9.073600017798531814e-02	-7.768690617678340737e-02	4.082306446167563441e-02
-3.493036145397804965e-02	3.568477018232954490e-02	-7.935575078668315185e-02	6.283546722600807932e-02	-7.771138694293619475e-02	6.099720145603738930e-02	-6.991657126761283148e-02	6.546661889091451303e-02	-8.132793329567719609e-02	6.240111162501306430e-02	-5.600901816323941573e-02	6.237413859779099984e-02	-7.957429775017271778e-02	7.631640579533950641e-02	-7.873340316123494942e-02	7.671616075884851726e-02	-8.586173570182999149e-02	1.085674831137216356e-01	-9.728143150547877149e-02	9.932261642181035299e-02	-9.570959296364536795e-02	9.593207906238482297e-02	-1.440249023325791411e-01	1.338337980256412429e-01	-1.343922629662780421e-01	1.222750083013228323e-01	-1.404508766661935748e-01	9.999999999999988898e-01	-3.404503053485055664e-01	1.094901131596896920e-01	-1.594276501527198686e-01	1.539976472853565592e-01	-8.109109669962434319e-01	2.654700357526716403e-01	-1.292989127292200890e-01	8.532762053485803966e-02	-9.392152395755283545e-02	1.311400833203428540e-01	-1.948595740151355671e-01	1.295452965294310588e-01	-7.094189427501959577e-02	7.105839650133162488e-02	-1.524729421782302641e-01	1.560247771527153993e-01	-8.555145265056279813e-02
5.352065245219772560e-02	-5.480047035302411385e-02	1.290368424139757275e-01	-1.049439061206864088e-01	1.298863932890277351e-01	-8.861644023678935667e-02	1.020897355869620077e-01	-1.039013234995607160e-01	1.361067664554466428e-01	-1.077143787938729114e-01	7.921073446156981501e-02	-8.911551762574747293e-02	1.241053881576577173e-01	-1.353305626589326183e-01	1.358235120383973205e-01	-1.051215818585922029e-01	1.188016663088114350e-01	-1.498028549239595331e-01	1.786144835839602873e-01	-1.878116666393707113e-01	1.205566185229255544e-01	-1.102728781704325894e-01	1.412087824145706882e-01	-3.545863252232585583e-01	2.320591580404889054e-01	-1.054433762764360044e-01	9.326302350013632170e-02	-3.404503053485055664e-01	1.000000000000000444e+00	-3.474469967777455981e-01	1.236213843462510981e-01	-1.136180635104324932e-01	2.347589407424007235e-01	-4.444059001288346855e-01	2.504501776836878246e-01	-8.587998553543577107e-02	8.900466073903220976e-02	-1.841220351288895274e-01	2.438009902817873942e-01	-2.779787543754571044e-01	7.554825283167676542e-02	-7.748010578534056392e-02	1.843680418293375811e-01	-3.285092619531992941e-01	1.663725948205961036e-01
-2.271862710523056550e-02	2.319652206174573419e-02	-5.554499795253169808e-02	4.495855686959573244e-02	-5.617934820636389520e-02	3.703197044460660586e-02	-4.302906724631926083e-02	4.397412523070622775e-02	-5.816253676881315282e-02	4.643975306557348443e-02	-3.314310221146931495e-02	3.713698850179363714e-02	-5.276340572089383008e-02	5.667685016548455051e-02	-5.871462194694896525e-02	4.356154210080499106e-02	-4.957086372269889352e-02	6.057964597273440832e-02	-7.293655919811077581e-02	8.344529828831513674e-02	-5.032342958220215046e-02	4.493508336718562285e-02	-5.765371296593330835e-02	1.179095053127085374e-01	-1.281054517890622135e-01	4.165832214248877535e-02	-3.701853413623438366e-02	1.094901131596896920e-01	-3.474469967777455981e-01	1.000000000000000000e+00	-5.074389587174276545e-02	4.503691910680108351e-02	-9.150051614703892666e-02	1.565121908746786861e-01	-8.927876143055983871e-01	3.502805715750701571e-02	-3.665217891291464719e-02	7.451969505163472118e-02	-1.051463937545308452e-01	1.192502573737317384e-01	-3.184221097271569545e-02	3.226263503309684949e-02	-8.072246694589707561e-02	1.272956054471943155e-01	-7.416007384667192004e-02
2.537684383170811867e-02	-2.606099106718544334e-02	5.454223311720567818e-02	-4.284606473863322718e-02	5.255152382466453387e-02	-4.598616236957609599e-02	5.080540428913011414e-02	-4.445799167992149636e-02	5.373370869022973950e-02	-4.169999333383010709e-02	4.217182261973969476e-02	-4.551634859345270179e-02	5.332774792410273357e-02	-4.959352661472406221e-02	5.148180150419140455e-02	-5.992787711473098605e-02	6.072008537595696004e-02	-6.732151334921332442e-02	5.823250794048417944e-02	-6.341333344313900000e-02	7.834584288296986276e-02	-7.371291518218492378e-02	7.394859386170930804e-02	-7.757085845851242889e-02	8.308783706478224673e-02	-5.325543758609934120e-01	3.119441897166866373e-01	-1.594276501527198686e-01	1.236213843462510981e-01	-5.074389587174276545e-02	9.999999999999994449e-01	-6.339528355015329186e-01	1.452998751511635211e-01	-1.300568949681027708e-01	5.949224222371382598e-02	-3.263580941097686816e-01	2.486786121885688206e-01	-1.310511646933308627e-01	1.101903999397176454e-01	-1.012335927391733170e-01	1.578664258795590691e-01	-1.734181153342859993e-01	1.392779570122663901e-01	-1.225278950293010316e-01	6.353563338396533977e-02
-2.132960914513279405e-02	2.182879186031380647e-02	-4.596365751840186809e-02	3.604284360881102045e-02	-4.428057053064681642e-02	3.854916821237699964e-02	-4.336742711660526717e-02	3.766193436051595844e-02	-4.555088282815489970e-02	3.512555970966323854e-02	-3.588718800691243632e-02	3.873451522042403034e-02	-4.543562755482994514e-02	4.199845630082087861e-02	-4.359922319524628387e-02	5.035261060000206096e-02	-5.297512432941472310e-02	5.819630737637442042e-02	-5.006128033599461374e-02	5.359264704851780803e-02	-6.939640753843574761e-02	6.792607758768128001e-02	-6.772703560503519349e-02	6.619336163232375503e-02	-7.101539695383218831e-02	3.139814814631090578e-01	-5.409559056751561679e-01	1.539976472853565592e-01	-1.136180635104324932e-01	4.503691910680108351e-02	-6.339528355015329186e-01	9.999999999999994449e-01	-1.803808276564177471e-01	1.172649822863382485e-01	-5.330650543548205722e-02	2.317025391961267389e-01	-3.431063606610952887e-01	1.151859604583469893e-01	-1.002215955282340643e-01	8.042667940770097113e-02	-1.455879671076273640e-01	1.485302687073778993e-01	-1.292036056641674424e-01	9.764865074078458995e-02	-5.158585093911838976e-02
2.890860712959891429e-02	-2.962734676396361691e-02	6.531946544980349323e-02	-5.193617711460443015e-02	6.398365553819965190e-02	-5.077629049748762918e-02	5.738196512981154351e-02	-5.393259060074404726e-02	6.659807360857948610e-02	-5.158943365619343691e-02	4.618298055583137940e-02	-5.155191790481809117e-02	6.493759856019942767e-02	-6.296503830932238810e-02	6.462571086307115908e-02	-6.394169876534633312e-02	6.980833188231898301e-02	-8.955354408987521719e-02	7.860963797448919377e-02	-8.258139327562021015e-02	7.711360721854482181e-02	-7.958904009872011520e-02	1.048828350870552178e-01	-1.110297835179864384e-01	1.088639888986403653e-01	-1.177264760702039503e-01	1.226138154139482517e-01	-8.109109669962434319e-01	2.347589407424007235e-01	-9.150051614703892666e-02	1.452998751511635211e-01	-1.803808276564177471e-01	9.999999999999997780e-01	-4.054429103588731986e-01	1.035703456471981226e-01	-8.382956960360213317e-02	9.116007831533545769e-02	-1.351130245183940481e-01	1.900673653738594038e-01	-1.305212162044641355e-01	6.624621089693645548e-02	-6.810453724676518439e-02	1.378820615749231648e-01	-1.597729701478734221e-01	8.440886694477243990e-02
-3.721614543142683085e-02	3.770089746186782581e-02	-9.030486063422996090e-02	7.060538537797696190e-02	-8.961901806436103901e-02	6.070398085319692050e-02	-7.142397273459522022e-02	7.009573817351029412e-02	-9.152312272129878301e-02	7.066938004115801142e-02	-5.525950536272231789e-02	6.118176205733522749e-02	-8.558660461220302107e-02	8.471707143557033470e-02	-8.953142188226999310e-02	7.258529726114909542e-02	-8.280053389942056141e-02	9.742408030938128072e-02	-1.064477081549565773e-01	1.116239313002728717e-01	-8.821985446452797197e-02	7.861784755622854004e-02	-1.027133533123574388e-01	1.535045116724538805e-01	-1.621612084030203405e-01	9.580431319755464137e-02	-9.191793976077419770e-02	2.654700357526716403e-01	-4.444059001288346855e-01	1.565121908746786861e-01	-1.300568949681027708e-01	1.172649822863382485e-01	-4.054429103588731986e-01	9.999999999999985567e-01	-1.998662146384443672e-01	9.194678259631941519e-02	-1.018246699741463118e-01	2.296976050356388521e-01	-5.855004271122806747e-01	1.962909264406767773e-01	-8.857398705231368796e-02	8.870441657169206295e-02	-2.584651517658821396e-01	2.419375663216453143e-01	-1.397299434371692406e-01
