1.000000000000000000e+00	-9.574753153712862730e-01	3.697913035302297091e-02	-1.643496944077756095e-02	1.901714355818100166e-02	-2.090303349480132356e-01	1.792959041995339786e-01	-3.802368293169139379e-02	2.250822946896527746e-02	-2.403285008888793664e-02	5.391392077050607967e-02	-3.664085006175289011e-02	3.275207163351522704e-02	-1.981824425945466830e-02	2.179854516118428023e-02	-5.756601545464646447e-02	2.806235683389437727e-02	-2.537179794816784434e-02	1.937033739009420483e-02	-1.341101184814380738e-02	3.354414760194661393e-02	-2.563663512940779141e-02	2.164738769775621102e-02	-1.674850324747972213e-02	1.589216998401804526e-02	-1.876706654973407662e-02	2.076157955187903428e-02	-2.176850920286191315e-02	1.364185909852995253e-02	-1.994425143835188916e-02	1.652686818071771521e-02	-1.826400853372898286e-02	1.817593073623547176e-02	-1.125274411959232938e-02	1.211553050305535367e-02	-7.766616317510906080e-03	2.164808031338193509e-02	-1.594110218489685343e-02	8.323429006102434774e-03	-9.226538068178377280e-03	8.737741704757639657e-03	-1.600058050679029759e-02	1.266170677861609174e-02	-8.869989181178225199e-03	1.009022372351150304e-02
-9.574753153712862730e-01	9.999999999999996669e-01	-3.541931052172238303e-02	1.548608672104635590e-02	-1.792789478473532164e-02	1.720910846475345590e-01	-2.207388297464913385e-01	3.605060793820487330e-02	-2.142220717018376852e-02	2.228185640118800562e-02	-4.702793007137016923e-02	3.276998350475623933e-02	-3.032351973878416249e-02	1.822460371963728967e-02	-2.017271685697177158e-02	4.825638915146160390e-02	-2.521462360217407647e-02	2.272777520901784684e-02	-1.755723675309969409e-02	1.214103772692550279e-02	-3.003782899130844064e-02	2.276221660933290883e-02	-1.946697828495278990e-02	1.502589077848392844e-02	-1.436029670635744111e-02	1.667333146295268964e-02	-1.857008287521025314e-02	1.945182805402781087e-02	-1.224366769814004205e-02	1.787947423823400828e-02	-1.478038330828354389e-02	1.626470890912842110e-02	-1.630758418787100691e-02	1.008961795394615509e-02	-1.088047834302014426e-02	6.959402502761675990e-03	-1.944924031326351194e-02	1.425041876767615609e-02	-7.455067662921440949e-03	8.256630928480919798e-03	-7.840956138534426606e-03	1.428900582579246611e-02	-1.134402950387996059e-02	7.941679323315662536e-03	-9.048169596114078242e-03
3.697913035302297091e-02	-3.541931052172238303e-02	9.999999999999996669e-01	-3.878633447466962592e-01	2.703880031018396357e-01	-8.860200360192910241e-02	8.670762239504968549e-02	-5.679340482203069085e-01	2.774114577788840408e-01	-3.479813099198633686e-01	8.216009299047725978e-02	-1.756866122474809444e-01	2.498886197709628276e-01	-1.892374117928577737e-01	1.984323382158545146e-01	-8.459987884584643791e-02	1.314348189212184437e-01	-1.673173128862898429e-01	1.504827118416717791e-01	-1.095777409315546735e-01	1.609712515596518068e-01	-1.324577968716519061e-01	1.368651724780701739e-01	-1.252550833631739524e-01	1.231968584737991451e-01	-9.742617105378026388e-02	1.134626726258559509e-01	-1.483413839944677515e-01	1.002811479222066177e-01	-1.579763612561743968e-01	9.258398702356306076e-02	-1.033994959663387114e-01	1.213582756111405703e-01	-8.146565241479140906e-02	8.705244203141851433e-02	-5.037303865223882043e-02	1.437873618627064087e-01	-1.098541285046512883e-01	5.894846943588135518e-02	-6.603564660212105086e-02	5.749580295650490169e-02	-1.102169692361118364e-01	8.709431536354628189e-02	-6.278459680189946157e-02	7.152338245416878237e-02
-1.643496944077756095e-02	1.548608672104635590e-02	-3.878633447466962592e-01	9.999999999999995559e-01	-8.300664401929817027e-01	3.873505434085029731e-02	-3.903809993273946177e-02	2.240488609383716467e-01	-2.898042267594940768e-01	2.406919212641941974e-01	-3.731720502814903084e-02	7.912541564847311304e-02	-1.298386360307118292e-01	1.069722466244529685e-01	-1.205785101763451744e-01	3.789377497407254297e-02	-6.040604044851948656e-02	7.536451157368397047e-02	-7.166177855684298381e-02	5.236233911562450383e-02	-7.316865449098948482e-02	5.932305312135813941e-02	-6.259884369698594242e-02	5.594741083209434085e-02	-5.713268548491984983e-02	4.348378008025524655e-02	-5.106211379566169550e-02	6.521888509306318638e-02	-4.474693959180424396e-02	6.971208673818984902e-02	-4.144407955265923260e-02	4.591458877051247944e-02	-5.398763545496129690e-02	3.598143432723060336e-02	-3.864020842166493441e-02	2.217938709972041775e-02	-6.348467616135979041e-02	4.789988972079672891e-02	-2.578375249475120881e-02	2.873899910809090893e-02	-2.534064262951236587e-02	4.776308003001948632e-02	-3.817646546260818757e-02	2.737365203208026038e-02	-3.127773433934132041e-02
1.901714355818100166e-02	-1.792789478473532164e-02	2.703880031018396357e-01	-8.300664401929817027e-01	9.999999999999995559e-01	-4.566237038879818882e-02	4.532126875950108491e-02	-2.546682254871774909e-01	2.399054283086976269e-01	-3.347438038999771548e-01	4.481294234315888469e-02	-9.634927763751120755e-02	1.471963060382364963e-01	-1.280563621558635790e-01	1.389412984790777128e-01	-4.579870421175391559e-02	7.281907963812121742e-02	-9.194664412928817143e-02	8.660578095048952763e-02	-6.392566879334808660e-02	8.859073026454225563e-02	-7.246720284667595990e-02	7.581680211224396670e-02	-6.906872834167418485e-02	6.965170301873185865e-02	-5.316576691837408136e-02	6.220747874691041207e-02	-8.056316872172909760e-02	5.516595457398220520e-02	-8.665690673048744019e-02	5.059943763606786910e-02	-5.630009635020458841e-02	6.624791861372154866e-02	-4.445580856177331480e-02	4.760455249163750291e-02	-2.729031462924354223e-02	7.799403466635937421e-02	-5.931561721257155168e-02	3.190533224267513152e-02	-3.564456659667128435e-02	3.116036668010768382e-02	-5.927779984302825045e-02	4.713443545151950465e-02	-3.390406016089907160e-02	3.866879823474478339e-02
-2.090303349480132356e-01	1.720910846475345590e-01	-8.860200360192910241e-02	3.873505434085029731e-02	-4.566237038879818882e-02	1.000000000000000000e+00	-9.160946561038755265e-01	9.682703223101300771e-02	-5.792151916098521591e-02	5.566772718286604194e-02	-1.967570084400034336e-01	9.079990363496029393e-02	-8.101406707791063144e-02	4.669845726454792401e-02	-5.202342909809549304e-02	1.518892338400087694e-01	-7.086844607718105482e-02	5.851126341373262540e-02	-4.335870232616036157e-02	2.988620965422713466e-02	-8.034728551332211144e-02	5.993062229100726973e-02	-5.027236182594624347e-02	3.702507860450175714e-02	-3.524299127958380878e-02	4.328070079476391968e-02	-4.846200206305304597e-02	4.858643311066077053e-02	-3.023438158047007246e-02	4.343272271563797943e-02	-3.803320567407759284e-02	4.154797661459711661e-02	-4.081593855124725917e-02	2.484357279601734358e-02	-2.682827486044088786e-02	1.736568981134226086e-02	-4.839592274759645096e-02	3.523476986943959582e-02	-1.835561861069710116e-02	2.027247880323463161e-02	-1.952849541679202439e-02	3.521525109379430862e-02	-2.805492488100886153e-02	1.953531667437679448e-02	-2.225778927983558531e-02
1.792959041995339786e-01	-2.207388297464913385e-01	8.670762239504968549e-02	-3.903809993273946177e-02	4.532126875950108491e-02	-9.160946561038755265e-01	9.999999999999997780e-01	-1.111950078485283988e-01	5.938103642506901980e-02	-5.811499105769537404e-02	1.529880956674186387e-01	-9.738779671234609747e-02	8.105356345356068415e-02	-4.759341107933189735e-02	5.210796215533056164e-02	-1.621953514760822723e-01	7.146935547366563279e-02	-6.008459468237099116e-02	4.360588832959997468e-02	-3.025138278824037602e-02	7.874384865775151121e-02	-6.137897486265513763e-02	5.077894274292663046e-02	-3.771763736364017183e-02	3.554471151349166552e-02	-4.385409007146166133e-02	4.869827071585301759e-02	-4.961247719901380748e-02	3.071730339709813004e-02	-4.434409294709779764e-02	3.811000061381922960e-02	-4.215951310122133255e-02	4.120421384170684653e-02	-2.521439357233442799e-02	2.713133736724986783e-02	-1.748403469909923236e-02	4.853794378190127295e-02	-3.582012854309787192e-02	1.861309832162706332e-02	-2.059621249391715633e-02	1.961671204598760404e-02	-3.582169036741020274e-02	2.837976213703873388e-02	-1.981364991251325508e-02	2.250650918992166266e-02
-3.802368293169139379e-02	3.605060793820487330e-02	-5.679340482203069085e-01	2.240488609383716467e-01	-2.546682254871774909e-01	9.682703223101300771e-02	-1.111950078485283988e-01	1.000000000000000000e+00	-5.351272923138221671e-01	3.025592990450257092e-01	-7.767610824626194899e-02	1.578039250422800244e-01	-3.778686049772563837e-01	2.011671056257494650e-01	-2.318792079872798451e-01	7.704259663123748381e-02	-1.227599839712481683e-01	1.471988398976686874e-01	-1.308822112116354297e-01	9.312220617987700122e-02	-1.405241156425314220e-01	1.126530690867337814e-01	-1.229214276705803133e-01	9.893980076668373869e-02	-1.023334170557917283e-01	8.103614490927966985e-02	-9.671150069050314657e-02	1.174994345573485560e-01	-7.957358915835274771e-02	1.194897990008225164e-01	-7.719230433613651077e-02	8.451879784913923777e-02	-9.864671193997300025e-02	6.358539752760226926e-02	-6.883529453074042903e-02	3.985251758624105967e-02	-1.143540025219371981e-01	8.461098647182632715e-02	-4.541819494319133260e-02	5.021402467455703816e-02	-4.554915133729330046e-02	8.351448898949478949e-02	-6.788934167015192589e-02	4.806604729771046802e-02	-5.516061306510630646e-02
2.250822946896527746e-02	-2.142220717018376852e-02	2.774114577788840408e-01	-2.898042267594940768e-01	2.399054283086976269e-01	-5.792151916098521591e-02	5.938103642506901980e-02	-5.351272923138221671e-01	9.999999999999996669e-01	-6.895950715344365545e-01	5.070338451699849674e-02	-1.093480354353997819e-01	2.035394574390537448e-01	-2.080878470718072193e-01	2.100657002535147311e-01	-5.119890910720713284e-02	8.248044025219813946e-02	-1.027634166727513371e-01	9.824798208767787644e-02	-7.357381021732720128e-02	9.536425384015562168e-02	-7.832744421183336636e-02	8.396553439792450724e-02	-7.296047268631314364e-02	7.610616919990079166e-02	-5.626809373148378146e-02	6.668381360006184200e-02	-8.407250716846402516e-02	5.803859542053342591e-02	-8.955951362526186343e-02	5.342644270753984376e-02	-5.909420092867821023e-02	6.939071284339856649e-02	-4.601830224457708479e-02	4.947663386561437782e-02	-2.799647093924337651e-02	8.008232954296250206e-02	-6.045885697935874520e-02	3.253465777744307674e-02	-3.610704966086196455e-02	3.195100631376700251e-02	-5.975065126438049157e-02	4.817659228990284204e-02	-3.440374727144171474e-02	3.931059886141434478e-02
-2.403285008888793664e-02	2.228185640118800562e-02	-3.479813099198633686e-01	2.406919212641941974e-01	-3.347438038999771548e-01	5.566772718286604194e-02	-5.811499105769537404e-02	3.025592990450257092e-01	-6.895950715344365545e-01	9.999999999999995559e-01	-5.815773737249665953e-02	1.239725980577554287e-01	-2.454856531246019935e-01	2.234398751726170695e-01	-3.538638671269370151e-01	5.792580841155850480e-02	-9.704708479778888230e-02	1.182056892159814993e-01	-1.223300988276739693e-01	9.093669917607326292e-02	-1.150280309593098710e-01	9.167205056893044934e-02	-9.994360945822729214e-02	8.632099216829652866e-02	-9.435372471328487554e-02	6.666750050943646977e-02	-7.932189817762033690e-02	9.812726881071094642e-02	-6.891638498729334150e-02	1.054700202541308807e-01	-6.378806337777129243e-02	6.988897689082995690e-02	-8.253951371971231243e-02	5.446929088604485908e-02	-5.892449493240677766e-02	3.332536925541810385e-02	-9.577943142529082854e-02	7.103294728571492300e-02	-3.842028951212802385e-02	4.249482683654991905e-02	-3.812979845233063769e-02	7.010970163964735935e-02	-5.704007236885830917e-02	4.057985559066147607e-02	-4.657321680186909951e-02
5.391392077050607967e-02	-4.702793007137016923e-02	8.216009299047725978e-02	-3.731720502814903084e-02	4.481294234315888469e-02	-1.967570084400034336e-01	1.529880956674186387e-01	-7.767610824626194899e-02	5.070338451699849674e-02	-5.815773737249665953e-02	9.999999999999992228e-01	-2.176344629095973982e-01	1.133869977767460874e-01	-6.251467305151971188e-02	6.561615804566628407e-02	-9.045608784251292223e-01	1.615369142339771191e-01	-1.120020246667662034e-01	6.741809552598243549e-02	-4.627451634521468488e-02	1.706606179149061653e-01	-1.326980769721506082e-01	9.290233618995667741e-02	-6.337357232054828537e-02	5.591948085592085560e-02	-9.329382556889567746e-02	9.698113102049860101e-02	-8.910184203395536684e-02	5.183269159308430407e-02	-7.238014323983960052e-02	7.444851733947022154e-02	-8.363563166402043780e-02	7.249579483880981556e-02	-4.276099307828430673e-02	4.567285867564490481e-02	-3.126143239542280433e-02	8.439109552933742042e-02	-6.307142399422216439e-02	3.196597669965010186e-02	-3.535848229391680420e-02	3.451835009109074925e-02	-6.325825007547261625e-02	4.927453207794067758e-02	-3.408288318145274998e-02	3.832590682295174134e-02
-3.664085006175289011e-02	3.276998350475623933e-02	-1.756866122474809444e-01	7.912541564847311304e-02	-9.634927763751120755e-02	9.079990363496029393e-02	-9.738779671234609747e-02	1.578039250422800244e-01	-1.093480354353997819e-01	1.239725980577554287e-01	-2.176344629095973982e-01	9.999999999999988898e-01	-3.959423954409752588e-01	1.585159721726129012e-01	-1.669786862081626688e-01	1.835281131920528386e-01	-6.797372886876894560e-01	2.578190534003036993e-01	-1.486421193394636686e-01	9.967978393784263091e-02	-3.047921797998949800e-01	2.721252308578456236e-01	-2.260175713266225628e-01	1.301243440038163390e-01	-1.192168787420036097e-01	1.602646573332403568e-01	-2.200023458608253712e-01	1.800777109859621750e-01	-1.077723113434033014e-01	1.435091841947581659e-01	-1.480097638896471501e-01	1.573014129432995234e-01	-1.533283818508456853e-01	8.699916576335066376e-02	-9.482939810794510649e-02	6.247026439751197924e-02	-1.753998125486935789e-01	1.238360347628355979e-01	-6.392149115133859139e-02	6.966039893409399497e-02	-7.029556508535639292e-02	1.210961064966250555e-01	-9.921001346656488362e-02	6.763220004900254156e-02	-7.739918862105357733e-02
3.275207163351522704e-02	-3.032351973878416249e-02	2.498886197709628276e-01	-1.298386360307118292e-01	1.471963060382364963e-01	-8.101406707791063144e-02	8.105356345356068415e-02	-3.778686049772563837e-01	2.035394574390537448e-01	-2.454856531246019935e-01	1.133869977767460874e-01	-3.959423954409752588e-01	1.000000000000000222e+00	-4.604205613021788990e-01	2.801574030566648110e-01	-1.159252717868397009e-01	2.313872523417473959e-01	-3.455681611200349668e-01	1.848654011208836767e-01	-1.369814590313661595e-01	2.086989145001857116e-01	-2.008458979642853692e-01	2.156132196545248736e-01	-1.581290573577530945e-01	1.453125522896403787e-01	-1.284447025787250618e-01	1.558653455523315023e-01	-2.014255497183048693e-01	1.249191388248541562e-01	-1.837290339149127427e-01	1.185170468686525397e-01	-1.345137942577555590e-01	1.542842136126868768e-01	-9.837031332248655224e-02	1.045192002280647264e-01	-5.941720443477057495e-02	1.675185546344688803e-01	-1.328752596464671532e-01	6.945407076198550911e-02	-7.695619639578402116e-02	6.713524209137505805e-02	-1.286661131413103509e-01	1.033074761166833666e-01	-7.326926060242502925e-02	8.277830531876956277e-02
-1.981824425945466830e-02	1.822460371963728967e-02	-1.892374117928577737e-01	1.069722466244529685e-01	-1.280563621558635790e-01	4.669845726454792401e-02	-4.759341107933189735e-02	2.011671056257494650e-01	-2.080878470718072193e-01	2.234398751726170695e-01	-6.251467305151971188e-02	1.585159721726129012e-01	-4.604205613021788990e-01	9.999999999999987788e-01	-7.677332834948318308e-01	6.243875039148118894e-02	-1.190090737315031288e-01	1.508935809409263085e-01	-1.898671094351899458e-01	1.348213841090586396e-01	-1.242192123838132406e-01	1.063257405545278561e-01	-1.209269407426605408e-01	1.074537482242867575e-01	-1.207254743120739771e-01	7.369896457885007079e-02	-8.915430438759254506e-02	1.137579037947593769e-01	-8.342157906685040980e-02	1.293812775848273700e-01	-6.973161908077983584e-02	7.741833197146780199e-02	-9.258742446254052127e-02	6.316304325363979177e-02	-6.769001066034442682e-02	3.580619453118041168e-02	-1.022236115520081257e-01	7.877802879627014698e-02	-4.276192311852757694e-02	4.723285162428349920e-02	-4.076356619475558773e-02	7.661286377396360481e-02	-6.244772391946540324e-02	4.476926657195541559e-02	-5.097838827177673948e-02
2.179854516118428023e-02	-2.017271685697177158e-02	1.984323382158545146e-01	-1.205785101763451744e-01	1.389412984790777128e-01	-5.202342909809549304e-02	5.210796215533056164e-02	-2.318792079872798451e-01	2.100657002535147311e-01	-3.538638671269370151e-01	6.561615804566628407e-02	-1.669786862081626688e-01	2.801574030566648110e-01	-7.677332834948318308e-01	1.000000000000000000e+00	-6.703017713294197322e-02	1.191663120241999024e-01	-1.583965113898660459e-01	1.772831277626555346e-01	-1.676466371128770283e-01	1.307484726420274912e-01	-1.144440461792559094e-01	1.232473026779693226e-01	-1.194451201070917679e-01	1.339423150949872465e-01	-7.994652647106385845e-02	9.492643922468953221e-02	-1.267805754738030311e-01	9.238531753258151513e-02	-1.483051653841079842e-01	7.521451067602825946e-02	-8.464591495379507335e-02	1.009711968619341066e-01	-7.061500525950595297e-02	7.502549452281583042e-02	-3.953840471368146037e-02	1.123591745905748035e-01	-8.850531229214736451e-02	4.792768577141252179e-02	-5.328074246530938030e-02	4.493249494004322719e-02	-8.659088554025025364e-02	6.953954119130299760e-02	-5.030099746447355691e-02	5.697806381572102785e-02
-5.756601545464646447e-02	4.825638915146160390e-02	-8.459987884584643791e-02	3.789377497407254297e-02	-4.579870421175391559e-02	1.518892338400087694e-01	-1.621953514760822723e-01	7.704259663123748381e-02	-5.119890910720713284e-02	5.792580841155850480e-02	-9.045608784251292223e-01	1.835281131920528386e-01	-1.159252717868397009e-01	6.243875039148118894e-02	-6.703017713294197322e-02	9.999999999999987788e-01	-1.871890226512027966e-01	1.118532046848630251e-01	-6.878124704598689854e-02	4.672649025548698820e-02	-2.191585748333929051e-01	1.357430033467045549e-01	-9.661538531003273367e-02	6.363676124050629546e-02	-5.681201675150487906e-02	9.790932170358893072e-02	-1.037010364980078675e-01	8.959169635925968989e-02	-5.238299088462097797e-02	7.218667519296251278e-02	-7.988322782232422370e-02	8.613318771757952352e-02	-7.453070136565155546e-02	4.325824635017554848e-02	-4.648697243670534690e-02	3.238059310408987479e-02	-8.776940804858525402e-02	6.378930339524392645e-02	-3.240822715137469529e-02	3.570418360886749159e-02	-3.586893336390482856e-02	6.389712259816174300e-02	-5.025725977756362317e-02	3.453569995716068014e-02	-3.901780468195822915e-02
2.806235683389437727e-02	-2.521462360217407647e-02	1.314348189212184437e-01	-6.040604044851948656e-02	7.281907963812121742e-02	-7.086844607718105482e-02	7.146935547366563279e-02	-1.227599839712481683e-01	8.248044025219813946e-02	-9.704708479778888230e-02	1.615369142339771191e-01	-6.797372886876894560e-01	2.313872523417473959e-01	-1.190090737315031288e-01	1.191663120241999024e-01	-1.871890226512027966e-01	9.999999999999978906e-01	-3.671486725375511795e-01	1.256401912139047949e-01	-8.525799348118261178e-02	2.512203074372806322e-01	-4.607640240899197881e-01	2.308411900097430969e-01	-1.224883192750774452e-01	1.025840393223315938e-01	-1.566015941140386503e-01	2.120940409160997631e-01	-1.811270674971645067e-01	9.967469294442868333e-02	-1.300265969058897464e-01	1.339483102833775030e-01	-1.567430918721580135e-01	1.403275256401840532e-01	-7.918021088491113135e-02	8.483517519638576754e-02	-5.536475172862648231e-02	1.521802374880516506e-01	-1.144929295152911086e-01	5.763407896318632762e-02	-6.298408369768314363e-02	6.136763386129835685e-02	-1.105614459711705966e-01	8.902273586891665258e-02	-6.086188378501487806e-02	6.866683964543127128e-02
-2.537179794816784434e-02	2.272777520901784684e-02	-1.673173128862898429e-01	7.536451157368397047e-02	-9.194664412928817143e-02	5.851126341373262540e-02	-6.008459468237099116e-02	1.471988398976686874e-01	-1.027634166727513371e-01	1.182056892159814993e-01	-1.120020246667662034e-01	2.578190534003036993e-01	-3.455681611200349668e-01	1.508935809409263085e-01	-1.583965113898660459e-01	1.118532046848630251e-01	-3.671486725375511795e-01	1.000000000000000000e+00	-1.968874818764915213e-01	1.229607391422156554e-01	-2.498332868688681596e-01	2.487976976522993933e-01	-6.774227802240810892e-01	1.836598160108161293e-01	-1.503874856872482457e-01	1.471979492879950391e-01	-1.978749902236106306e-01	2.605636189129325597e-01	-1.533053454477173450e-01	1.760410076427421366e-01	-1.401319017967423697e-01	1.549198861673078964e-01	-2.133271967564988048e-01	1.122216123247669201e-01	-1.236213029811010222e-01	6.683790578787759951e-02	-1.938702344295590019e-01	1.495148159345812133e-01	-7.780237997604202982e-02	8.315941281105702909e-02	-7.612460840224127834e-02	1.361588857634033478e-01	-1.196722689676990303e-01	8.066733688125270196e-02	-9.279016501119505267e-02
1.937033739009420483e-02	-1.755723675309969409e-02	1.504827118416717791e-01	-7.166177855684298381e-02	8.660578095048952763e-02	-4.335870232616036157e-02	4.360588832959997468e-02	-1.308822112116354297e-01	9.824798208767787644e-02	-1.223300988276739693e-01	6.741809552598243549e-02	-1.486421193394636686e-01	1.848654011208836767e-01	-1.898671094351899458e-01	1.772831277626555346e-01	-6.878124704598689854e-02	1.256401912139047949e-01	-1.968874818764915213e-01	1.000000000000001998e+00	-6.471403570252253212e-01	1.581257211113193950e-01	-1.339065716212384516e-01	1.715767036656221656e-01	-3.508935419175471249e-01	3.257160910465438097e-01	-9.941883322966109382e-02	1.184019723755164732e-01	-1.913020818604154738e-01	2.217488061965975366e-01	-4.093644286939455146e-01	9.612586349599090696e-02	-1.088893207707600230e-01	1.520039405476897310e-01	-1.443432320634347732e-01	1.481344269583889095e-01	-5.380777174785526112e-02	1.546803386799954771e-01	-1.299352671767324829e-01	7.890585115442812214e-02	-8.735376872942841875e-02	6.143997358458659630e-02	-1.229822334578904719e-01	1.020865024902051499e-01	-7.918730895034573058e-02	8.883037716712059717e-02
-1.341101184814380738e-02	1.214103772692550279e-02	-1.095777409315546735e-01	5.236233911562450383e-02	-6.392566879334808660e-02	2.988620965422713466e-02	-3.025138278824037602e-02	9.312220617987700122e-02	-7.357381021732720128e-02	9.093669917607326292e-02	-4.627451634521468488e-02	9.967978393784263091e-02	-1.369814590313661595e-01	1.348213841090586396e-01	-1.676466371128770283e-01	4.672649025548698820e-02	-8.525799348118261178e-02	1.229607391422156554e-01	-6.471403570252253212e-01	1.000000000000001554e+00	-1.097034952787274004e-01	8.957358756484906648e-02	-1.153214999445856537e-01	2.054720807801719562e-01	-6.499027170936375608e-01	6.736451919553315681e-02	-8.070137920336330206e-02	1.243236730373607352e-01	-1.537204662521122478e-01	2.591762370160696216e-01	-6.582347604668269125e-02	7.357353955465477380e-02	-1.035552229446226186e-01	9.603406958155512319e-02	-1.043136061504258416e-01	3.669284241258075063e-02	-1.065429476028561806e-01	8.612808139195665680e-02	-5.291652609993096473e-02	5.789414772604659781e-02	-4.210241172409782962e-02	8.140002050184334814e-02	-6.891162260201347256e-02	5.289789880412915091e-02	-6.022227658979617537e-02
3.354414760194661393e-02	-3.003782899130844064e-02	1.609712515596518068e-01	-7.316865449098948482e-02	8.859073026454225563e-02	-8.034728551332211144e-02	7.874384865775151121e-02	-1.405241156425314220e-01	9.536425384015562168e-02	-1.150280309593098710e-01	1.706606179149061653e-01	-3.047921797998949800e-01	2.086989145001857116e-01	-1.242192123838132406e-01	1.307484726420274912e-01	-2.191585748333929051e-01	2.512203074372806322e-01	-2.498332868688681596e-01	1.581257211113193950e-01	-1.097034952787274004e-01	9.999999999999991118e-01	-4.816017369386069169e-01	2.208036071920078669e-01	-1.622305630877470539e-01	1.353302614826399630e-01	-4.713982336021205199e-01	3.022192270588894281e-01	-2.428608060350820330e-01	1.326175456276020015e-01	-1.873983912313070821e-01	2.577567056153165503e-01	-2.955973055658546178e-01	1.926864889582518559e-01	-1.122751086859443276e-01	1.174872268140334658e-01	-9.201705123589840052e-02	2.292757714389041246e-01	-1.771627586653813369e-01	8.645789090602608307e-02	-9.649196099386399272e-02	9.762602752440038834e-02	-1.829747615156974150e-01	1.347102396757230980e-01	-9.297588283464994219e-02	1.023216011781282464e-01
-2.563663512940779141e-02	2.276221660933290883e-02	-1.324577968716519061e-01	5.932305312135813941e-02	-7.246720284667595990e-02	5.993062229100726973e-02	-6.137897486265513763e-02	1.126530690867337814e-01	-7.832744421183336636e-02	9.167205056893044934e-02	-1.326980769721506082e-01	2.721252308578456236e-01	-2.008458979642853692e-01	1.063257405545278561e-01	-1.144440461792559094e-01	1.357430033467045549e-01	-4.607640240899197881e-01	2.487976976522993933e-01	-1.339065716212384516e-01	8.957358756484906648e-02	-4.816017369386069169e-01	1.000000000000000888e+00	-3.045900552920808857e-01	1.351613742518774364e-01	-1.120165627417468585e-01	2.483139830995312602e-01	-5.258903731670769854e-01	2.116455746739776267e-01	-1.131178811582249782e-01	1.424093446535666385e-01	-2.149154600403815341e-01	2.378839504379702541e-01	-1.735388849791033028e-01	9.137499678270884218e-02	-9.821560847741360456e-02	7.388993499990056946e-02	-2.011450917327483878e-01	1.388528635527246091e-01	-6.851477364438231243e-02	7.449646764992913506e-02	-8.093512108301928465e-02	1.365898888582765813e-01	-1.086242703889282318e-01	7.265273124303067709e-02	-8.174837322941147510e-02
2.164738769775621102e-02	-1.946697828495278990e-02	1.368651724780701739e-01	-6.259884369698594242e-02	7.581680211224396670e-02	-5.027236182594624347e-02	5.077894274292663046e-02	-1.229214276705803133e-01	8.396553439792450724e-02	-9.994360945822729214e-02	9.290233618995667741e-02	-2.260175713266225628e-01	2.156132196545248736e-01	-1.209269407426605408e-01	1.232473026779693226e-01	-9.661538531003273367e-02	2.308411900097430969e-01	-6.774227802240810892e-01	1.715767036656221656e-01	-1.153214999445856537e-01	2.208036071920078669e-01	-3.045900552920808857e-01	1.000000000000000666e+00	-2.512692296287559190e-01	1.455388068526883849e-01	-1.455213485054535072e-01	1.929174413045591785e-01	-4.515856087634657623e-01	1.778925928312883875e-01	-1.888075349679052828e-01	1.330177417965272835e-01	-1.569526582181580143e-01	2.225209587963928315e-01	-1.212516228245847649e-01	1.270320203846144747e-01	-6.376670409739733369e-02	1.812906426856724096e-01	-1.623186352871005544e-01	7.978192006649946488e-02	-8.559545894953515810e-02	7.172019676575408509e-02	-1.390413961083581396e-01	1.195870974264840181e-01	-8.190757682696192532e-02	9.170314761729997377e-02
-1.674850324747972213e-02	1.502589077848392844e-02	-1.252550833631739524e-01	5.594741083209434085e-02	-6.906872834167418485e-02	3.702507860450175714e-02	-3.771763736364017183e-02	9.893980076668373869e-02	-7.296047268631314364e-02	8.632099216829652866e-02	-6.337357232054828537e-02	1.301243440038163390e-01	-1.581290573577530945e-01	1.074537482242867575e-01	-1.194451201070917679e-01	6.363676124050629546e-02	-1.224883192750774452e-01	1.836598160108161293e-01	-3.508935419175471249e-01	2.054720807801719562e-01	-1.622305630877470539e-01	1.351613742518774364e-01	-2.512692296287559190e-01	1.000000000000000444e+00	-3.378711528968312283e-01	1.004787010631809502e-01	-1.255322220483054141e-01	2.233184900542356799e-01	-7.001522923336835902e-01	3.156384123279870613e-01	-1.000830949105451229e-01	1.119413755839465119e-01	-1.874827091650395072e-01	2.055051061532791323e-01	-2.346196081100035413e-01	5.544608056711214372e-02	-1.635793255963669257e-01	1.370459678913330814e-01	-9.322541136435263942e-02	9.637253522486499691e-02	-6.384971931820425384e-02	1.218609310524108313e-01	-1.105219565665312986e-01	8.669705980875150320e-02	-9.904434987719282213e-02
1.589216998401804526e-02	-1.436029670635744111e-02	1.231968584737991451e-01	-5.713268548491984983e-02	6.965170301873185865e-02	-3.524299127958380878e-02	3.554471151349166552e-02	-1.023334170557917283e-01	7.610616919990079166e-02	-9.435372471328487554e-02	5.591948085592085560e-02	-1.192168787420036097e-01	1.453125522896403787e-01	-1.207254743120739771e-01	1.339423150949872465e-01	-5.681201675150487906e-02	1.025840393223315938e-01	-1.503874856872482457e-01	3.257160910465438097e-01	-6.499027170936375608e-01	1.353302614826399630e-01	-1.120165627417468585e-01	1.455388068526883849e-01	-3.378711528968312283e-01	1.000000000000002887e+00	-8.500108393834127085e-02	1.014070688084058453e-01	-1.687222995504976397e-01	2.270315333826807280e-01	-5.042466369882834254e-01	8.299859694166257518e-02	-9.379003534940363873e-02	1.362706117614622126e-01	-1.399064293192353037e-01	1.455757935819545212e-01	-4.703942612379343607e-02	1.360254953023077584e-01	-1.147152648359571203e-01	7.221862135704679164e-02	-7.941675963842664832e-02	5.384962582210359172e-02	-1.074946160192540023e-01	9.061470990518563640e-02	-7.139125881883859326e-02	8.022460927465135949e-02
-1.876706654973407662e-02	1.667333146295268964e-02	-9.742617105378026388e-02	4.348378008025524655e-02	-5.316576691837408136e-02	4.328070079476391968e-02	-4.385409007146166133e-02	8.103614490927966985e-02	-5.626809373148378146e-02	6.666750050943646977e-02	-9.329382556889567746e-02	1.602646573332403568e-01	-1.284447025787250618e-01	7.369896457885007079e-02	-7.994652647106385845e-02	9.790932170358893072e-02	-1.566015941140386503e-01	1.471979492879950391e-01	-9.941883322966109382e-02	6.736451919553315681e-02	-4.713982336021205199e-01	2.483139830995312602e-01	-1.455213485054535072e-01	1.004787010631809502e-01	-8.500108393834127085e-02	1.000000000000004441e+00	-4.616687608773851759e-01	1.648227240616195188e-01	-8.544074653175648404e-02	1.132664098413993653e-01	-6.372970670646828095e-01	3.111471254093403638e-01	-1.490534510158953441e-01	7.495701152395027600e-02	-7.952454672477934916e-02	9.227948868335494881e-02	-2.045021806088344607e-01	1.270288997673474363e-01	-6.007084540623465474e-02	6.564547827463911023e-02	-9.740025043021124929e-02	1.322717485773867441e-01	-9.900335023852943617e-02	6.469774551271553764e-02	-7.171934549822098215e-02
2.076157955187903428e-02	-1.857008287521025314e-02	1.134626726258559509e-01	-5.106211379566169550e-02	6.220747874691041207e-02	-4.846200206305304597e-02	4.869827071585301759e-02	-9.671150069050314657e-02	6.668381360006184200e-02	-7.932189817762033690e-02	9.698113102049860101e-02	-2.200023458608253712e-01	1.558653455523315023e-01	-8.915430438759254506e-02	9.492643922468953221e-02	-1.037010364980078675e-01	2.120940409160997631e-01	-1.978749902236106306e-01	1.184019723755164732e-01	-8.070137920336330206e-02	3.022192270588894281e-01	-5.258903731670769854e-01	1.929174413045591785e-01	-1.255322220483054141e-01	1.014070688084058453e-01	-4.616687608773851759e-01	1.000000000000001998e+00	-2.399989648707230860e-01	1.064574849841340987e-01	-1.370990295280626881e-01	2.918969501178632631e-01	-5.113711582123132704e-01	1.811778784357507555e-01	-9.070032985918853596e-02	9.485907629787031226e-02	-8.566695019961412250e-02	2.171182819923911100e-01	-1.532416406861307756e-01	7.075234953689238382e-02	-7.740171125665851193e-02	8.892941113034324996e-02	-1.540600931923349071e-01	1.145034958140409842e-01	-7.574094495100065771e-02	8.308406635401360818e-02
-2.176850920286191315e-02	1.945182805402781087e-02	-1.483413839944677515e-01	6.521888509306318638e-02	-8.056316872172909760e-02	4.858643311066077053e-02	-4.961247719901380748e-02	1.174994345573485560e-01	-8.407250716846402516e-02	9.812726881071094642e-02	-8.910184203395536684e-02	1.800777109859621750e-01	-2.014255497183048693e-01	1.137579037947593769e-01	-1.267805754738030311e-01	8.959169635925968989e-02	-1.811270674971645067e-01	2.605636189129325597e-01	-1.913020818604154738e-01	1.243236730373607352e-01	-2.428608060350820330e-01	2.116455746739776267e-01	-4.515856087634657623e-01	2.233184900542356799e-01	-1.687222995504976397e-01	1.648227240616195188e-01	-2.399989648707230860e-01	1.000000000000000888e+00	-2.616545521225743798e-01	2.163339574384381125e-01	-1.689307612935628256e-01	1.954848874631941458e-01	-5.884513468634178235e-01	1.746591350910720042e-01	-1.884993017728849585e-01	8.894441133721958659e-02	-2.690010090023255418e-01	2.516071740980383997e-01	-1.200757894880109672e-01	1.223022799997377924e-01	-1.022881984281444195e-01	1.919786960091173222e-01	-1.939146305823656602e-01	1.208857873022907425e-01	-1.382378215426551815e-01
1.364185909852995253e-02	-1.224366769814004205e-02	1.002811479222066177e-01	-4.474693959180424396e-02	5.516595457398220520e-02	-3.023438158047007246e-02	3.071730339709813004e-02	-7.957358915835274771e-02	5.803859542053342591e-02	-6.891638498729334150e-02	5.183269159308430407e-02	-1.077723113434033014e-01	1.249191388248541562e-01	-8.342157906685040980e-02	9.238531753258151513e-02	-5.238299088462097797e-02	9.967469294442868333e-02	-1.533053454477173450e-01	2.217488061965975366e-01	-1.537204662521122478e-01	1.326175456276020015e-01	-1.131178811582249782e-01	1.778925928312883875e-01	-7.001522923336835902e-01	2.270315333826807280e-01	-8.544074653175648404e-02	1.064574849841340987e-01	-2.616545521225743798e-01	1.000000000000004441e+00	-4.931117065814351608e-01	8.485201530334089692e-02	-9.713694343525845765e-02	1.760114497693270885e-01	-3.010613596345821374e-01	2.321429723218252916e-01	-4.774114864400023223e-02	1.400886140612621344e-01	-1.291551339108223118e-01	9.327779791301828161e-02	-9.575862723484641903e-02	5.474774310703438285e-02	-1.096451216016468416e-01	1.000119340440119020e-01	-8.325967306087031505e-02	9.133294168748842812e-02
-1.994425143835188916e-02	1.787947423823400828e-02	-1.579763612561743968e-01	6.971208673818984902e-02	-8.665690673048744019e-02	4.343272271563797943e-02	-4.434409294709779764e-02	1.194897990008225164e-01	-8.955951362526186343e-02	1.054700202541308807e-01	-7.238014323983960052e-02	1.435091841947581659e-01	-1.837290339149127427e-01	1.293812775848273700e-01	-1.483051653841079842e-01	7.218667519296251278e-02	-1.300265969058897464e-01	1.760410076427421366e-01	-4.093644286939455146e-01	2.591762370160696216e-01	-1.873983912313070821e-01	1.424093446535666385e-01	-1.888075349679052828e-01	3.156384123279870613e-01	-5.042466369882834254e-01	1.132664098413993653e-01	-1.370990295280626881e-01	2.163339574384381125e-01	-4.931117065814351608e-01	9.999999999999982236e-01	-1.145359543540802466e-01	1.260069286448484982e-01	-1.998980727717198924e-01	2.153137537399012758e-01	-2.764586889991558216e-01	6.581885097179125677e-02	-1.960106936402062627e-01	1.533931682948359576e-01	-1.049068351208950617e-01	1.104147457492932194e-01	-7.639167058699372626e-02	1.411383359513535274e-01	-1.273424149619691859e-01	9.997974870383913304e-02	-1.166410895038190038e-01
1.652686818071771521e-02	-1.478038330828354389e-02	9.258398702356306076e-02	-4.144407955265923260e-02	5.059943763606786910e-02	-3.803320567407759284e-02	3.811000061381922960e-02	-7.719230433613651077e-02	5.342644270753984376e-02	-6.378806337777129243e-02	7.444851733947022154e-02	-1.480097638896471501e-01	1.185170468686525397e-01	-6.973161908077983584e-02	7.521451067602825946e-02	-7.988322782232422370e-02	1.339483102833775030e-01	-1.401319017967423697e-01	9.612586349599090696e-02	-6.582347604668269125e-02	2.577567056153165503e-01	-2.149154600403815341e-01	1.330177417965272835e-01	-1.000830949105451229e-01	8.299859694166257518e-02	-6.372970670646828095e-01	2.918969501178632631e-01	-1.689307612935628256e-01	8.485201530334089692e-02	-1.145359543540802466e-01	1.000000000000001554e+00	-6.106431690657897482e-01	1.539193730803886384e-01	-7.677436056058162261e-02	7.971466897229724513e-02	-1.222578902802249207e-01	2.136789820525134831e-01	-1.404503912644206043e-01	6.321311782243639599e-02	-6.961786998720367881e-02	1.113627019687172398e-01	-1.506421021087486489e-01	1.052138292878199433e-01	-6.865485490534693758e-02	7.436750672352371305e-02
-1.826400853372898286e-02	1.626470890912842110e-02	-1.033994959663387114e-01	4.591458877051247944e-02	-5.630009635020458841e-02	4.154797661459711661e-02	-4.215951310122133255e-02	8.451879784913923777e-02	-5.909420092867821023e-02	6.988897689082995690e-02	-8.363563166402043780e-02	1.573014129432995234e-01	-1.345137942577555590e-01	7.741833197146780199e-02	-8.464591495379507335e-02	8.613318771757952352e-02	-1.567430918721580135e-01	1.549198861673078964e-01	-1.088893207707600230e-01	7.357353955465477380e-02	-2.955973055658546178e-01	2.378839504379702541e-01	-1.569526582181580143e-01	1.119413755839465119e-01	-9.379003534940363873e-02	3.111471254093403638e-01	-5.113711582123132704e-01	1.954848874631941458e-01	-9.713694343525845765e-02	1.260069286448484982e-01	-6.106431690657897482e-01	1.000000000000001332e+00	-2.199501182906566099e-01	8.992859739951025722e-02	-9.440212505015704858e-02	1.157621343927505153e-01	-3.554779087422575423e-01	1.687196923568290707e-01	-7.469126534047253185e-02	8.064511891780834496e-02	-1.191564721664427062e-01	1.740255183543873152e-01	-1.280825098223747349e-01	8.047858494834686516e-02	-8.808817436571400594e-02
1.817593073623547176e-02	-1.630758418787100691e-02	1.213582756111405703e-01	-5.398763545496129690e-02	6.624791861372154866e-02	-4.081593855124725917e-02	4.120421384170684653e-02	-9.864671193997300025e-02	6.939071284339856649e-02	-8.253951371971231243e-02	7.249579483880981556e-02	-1.533283818508456853e-01	1.542842136126868768e-01	-9.258742446254052127e-02	1.009711968619341066e-01	-7.453070136565155546e-02	1.403275256401840532e-01	-2.133271967564988048e-01	1.520039405476897310e-01	-1.035552229446226186e-01	1.926864889582518559e-01	-1.735388849791033028e-01	2.225209587963928315e-01	-1.874827091650395072e-01	1.362706117614622126e-01	-1.490534510158953441e-01	1.811778784357507555e-01	-5.884513468634178235e-01	1.760114497693270885e-01	-1.998980727717198924e-01	1.539193730803886384e-01	-2.199501182906566099e-01	1.000000000000000666e+00	-2.191861688022310184e-01	1.862276709479691317e-01	-8.761672718380605906e-02	2.505416235374239853e-01	-5.358161715075260290e-01	1.473943347421464434e-01	-1.521445659145917173e-01	9.723524269813534071e-02	-2.465739519390426349e-01	2.313981242816707251e-01	-1.476971042049854965e-01	1.507719777664209837e-01
-1.125274411959232938e-02	1.008961795394615509e-02	-8.146565241479140906e-02	3.598143432723060336e-02	-4.445580856177331480e-02	2.484357279601734358e-02	-2.521439357233442799e-02	6.358539752760226926e-02	-4.601830224457708479e-02	5.446929088604485908e-02	-4.276099307828430673e-02	8.699916576335066376e-02	-9.837031332248655224e-02	6.316304325363979177e-02	-7.061500525950595297e-02	4.325824635017554848e-02	-7.918021088491113135e-02	1.122216123247669201e-01	-1.443432320634347732e-01	9.603406958155512319e-02	-1.122751086859443276e-01	9.137499678270884218e-02	-1.212516228245847649e-01	2.055051061532791323e-01	-1.399064293192353037e-01	7.495701152395027600e-02	-9.070032985918853596e-02	1.746591350910720042e-01	-3.010613596345821374e-01	2.153137537399012758e-01	-7.677436056058162261e-02	8.992859739951025722e-02	-2.191861688022310184e-01	1.000000000000001776e+00	-8.420577008766486626e-01	4.711694482172060910e-02	-1.380413413591123906e-01	1.541966404520947187e-01	-2.106017751848595354e-01	1.704002816136706011e-01	-5.389712406765396341e-02	1.224158323898575929e-01	-1.205640742421665301e-01	1.334461805716250504e-01	-1.387192135134537874e-01
