1.000000000000000000e+00	-7.073934315277816687e-01	1.514172573967715318e-01	-7.886623909295979729e-02	5.495309848721530860e-02	-6.046704138735607970e-01	2.230000528912515489e-01	-1.237426707064817749e-01	8.979495293000518130e-02	-7.019916414355982515e-02	1.429005251267041476e-01	-1.588262994564371144e-01	1.182473167455230373e-01	-1.069897308263223074e-01	1.241358824428950014e-01	-1.021036360917876029e-01	1.403886365358281429e-01	-1.052636691552152198e-01	1.116858358015158925e-01	-8.688182540384280228e-02	1.179859981843657812e-01	-1.108756215548598184e-01	9.481379478943333106e-02	-9.967297500532298904e-02	9.084281075828619378e-02	-8.278731482495969851e-02	8.091889203527979912e-02	-8.792648877621435377e-02	8.163044879191265479e-02	-9.810191258950717863e-02	7.344222567272963575e-02	-6.469284732322774789e-02	7.797005226967906877e-02	-5.936526304396914228e-02	6.524340026564062756e-02	-5.587980808173880626e-02	6.405063841666251701e-02	-6.378160818611482152e-02	6.213173531565788915e-02	-4.754692272535594733e-02	9.490061390827696230e-02	-7.207762802740733110e-02	4.850400324777746908e-02	-4.807428722721521913e-02	5.434122489353708507e-02
-7.073934315277816687e-01	1.000000000000000444e+00	-2.323428060020558961e-01	1.099711526575703618e-01	-7.753952076160217088e-02	3.213923921663274230e-01	-4.155956676181340459e-01	1.796262335471967286e-01	-1.290758350724716119e-01	9.730509124339975502e-02	-1.984949218368116941e-01	2.154846925794464130e-01	-1.708561392992098416e-01	1.483536369388307186e-01	-1.733602203388549534e-01	1.380831054332481433e-01	-2.045584193882915292e-01	1.463070113092299618e-01	-1.576895037337514294e-01	1.186440360667992966e-01	-1.626241348847852763e-01	1.490061224056223876e-01	-1.309563878184141494e-01	1.344085145958274219e-01	-1.250623274515652028e-01	1.111684539896683199e-01	-1.096736960664403265e-01	1.175788983077813710e-01	-1.098548686989680445e-01	1.293955249493762838e-01	-9.877556812969125188e-02	8.663926499099022793e-02	-1.047415875865707058e-01	7.950281062991056136e-02	-8.724961550018030254e-02	7.480341988893587923e-02	-8.580141583698761010e-02	8.476413678752940661e-02	-8.316171393478458129e-02	6.344791609572149327e-02	-1.270802063802940474e-01	9.530437973104494143e-02	-6.452662350852639284e-02	6.409057173305571231e-02	-7.262390689799103072e-02
1.514172573967715318e-01	-2.323428060020558961e-01	1.000000000000000666e+00	-3.473503813217136971e-01	1.858850097861963202e-01	-2.723503004712451436e-01	2.587703705518524799e-01	-6.609637803074182028e-01	2.771234917666598463e-01	-2.522307719432924089e-01	1.660707883454632938e-01	-2.246906395401941647e-01	2.707365546785091559e-01	-2.804049170640354749e-01	2.005906871692590132e-01	-1.340580612892867118e-01	1.949973988610522457e-01	-2.134994326400486420e-01	2.056640169475447699e-01	-1.581912527985252781e-01	1.497625541444373709e-01	-1.875308361322941819e-01	1.568898792230821737e-01	-1.784146615453182094e-01	1.473268677439124597e-01	-1.160287447618780637e-01	1.135223647549344905e-01	-1.326430216559570385e-01	1.170648163994137542e-01	-1.565682721398017618e-01	1.009150234319719369e-01	-9.162931673474999927e-02	1.099225087913362070e-01	-8.583798782001007821e-02	9.460844806982666999e-02	-7.786527677836566075e-02	8.936687549028378419e-02	-9.317948267172494747e-02	8.908561241373241790e-02	-6.941657088893848915e-02	1.288137165362034375e-01	-1.073520894629973049e-01	7.042551568935526141e-02	-6.989491360134109099e-02	7.796266946408689225e-02
-7.886623909295979729e-02	1.099711526575703618e-01	-3.473503813217136971e-01	1.000000000000000444e+00	-6.235160656326510509e-01	1.320453667599037206e-01	-1.500886683067690075e-01	2.251779539925613527e-01	-5.475988147201615863e-01	3.295476796126259322e-01	-1.035073467183850598e-01	1.217477496364411382e-01	-1.946213463596876414e-01	2.047455973071690138e-01	-1.625304654366871993e-01	8.111170215297400232e-02	-1.242062595151470217e-01	1.340248926390006368e-01	-1.599403595144987533e-01	1.095681314199068862e-01	-9.415264793706502877e-02	1.124675411448071705e-01	-1.016118033940548726e-01	1.136733671571397847e-01	-1.023040057971065508e-01	7.034959975424072420e-02	-7.018963909529586653e-02	8.030077581489068750e-02	-7.246671990868792934e-02	9.353661479514734090e-02	-6.185284810263649152e-02	5.574269013908405429e-02	-6.758453642192671640e-02	5.251916994749602358e-02	-5.805573662039904825e-02	4.733077837999858511e-02	-5.446635982894906108e-02	5.592454684543742699e-02	-5.458008316141623600e-02	4.227399111312635238e-02	-7.849182839608716267e-02	6.374715368634661927e-02	-4.240250843806410430e-02	4.239316764428577300e-02	-4.763126348614409034e-02
5.495309848721530860e-02	-7.753952076160217088e-02	1.858850097861963202e-01	-6.235160656326510509e-01	1.000000000000000888e+00	-9.473319670912595802e-02	9.943815615585968604e-02	-1.505503516081564963e-01	2.942308648588737863e-01	-6.933334995001290135e-01	7.066644741475419655e-02	-8.371966869465713446e-02	1.258335523738736139e-01	-1.458327870710652008e-01	1.132414816665823776e-01	-5.584544165886168310e-02	8.416630131063201903e-02	-9.174325208971040313e-02	1.061215956963450224e-01	-7.877408131849468476e-02	6.479993314169314733e-02	-7.880961332533338581e-02	6.993229329016220630e-02	-8.026079092134029425e-02	7.089277010119411637e-02	-4.902249902915524482e-02	4.880141229810783937e-02	-5.626683636666145183e-02	5.062025562148861346e-02	-6.646032065406987099e-02	4.317039715321224769e-02	-3.900875806122380135e-02	4.723299084164987033e-02	-3.679606262387240256e-02	4.074189337133507505e-02	-3.312482371192515540e-02	3.811584788936882989e-02	-3.934706979618100148e-02	3.825283827148879406e-02	-2.970304883693118680e-02	5.492816428645338339e-02	-4.499434003778214619e-02	2.981755316084623575e-02	-2.978587109621428503e-02	3.341507071433133524e-02
-6.046704138735607970e-01	3.213923921663274230e-01	-2.723503004712451436e-01	1.320453667599037206e-01	-9.473319670912595802e-02	1.000000000000000888e+00	-3.446978215670200574e-01	1.976328619281379761e-01	-1.549050476439042534e-01	1.177211234372861487e-01	-2.807568396351499129e-01	2.308900504445580981e-01	-2.084498427020750055e-01	1.836836197825389705e-01	-2.375544602348148571e-01	1.845732936438429783e-01	-2.494589407035388839e-01	1.817961573207753367e-01	-2.026775529237941076e-01	1.568072414778391432e-01	-2.286718094363225373e-01	1.889366253475827651e-01	-1.694519832394970615e-01	1.750182918148583122e-01	-1.682372647095925766e-01	1.533167484319261087e-01	-1.524231428151613943e-01	1.605292791568188882e-01	-1.542471971823308474e-01	1.768365816385259470e-01	-1.404972169325586773e-01	1.219195835327362698e-01	-1.481505338246182080e-01	1.115402489193717678e-01	-1.230407479443026281e-01	1.062789207698648791e-01	-1.220163076872110008e-01	1.187578271706753036e-01	-1.174602954289552803e-01	8.915556723919623727e-02	-1.837763825686432317e-01	1.328096542486156273e-01	-9.073307413426248691e-02	9.011558684024201238e-02	-1.027482211458610045e-01
2.230000528912515489e-01	-4.155956676181340459e-01	2.587703705518524799e-01	-1.500886683067690075e-01	9.943815615585968604e-02	-3.446978215670200574e-01	1.000000000000001110e+00	-3.703375665480002077e-01	1.703974556860038403e-01	-1.333986171619325756e-01	2.207205715622949371e-01	-5.919660646576526686e-01	2.212719073514033130e-01	-1.998349490978357512e-01	1.816717412170129609e-01	-1.753276980457651735e-01	2.649504378284169848e-01	-1.990747613241199421e-01	1.857824837385329553e-01	-1.401024307523288936e-01	1.704639816518091766e-01	-2.032269114905339291e-01	1.600062666178566073e-01	-1.676994822035832167e-01	1.400477682741543828e-01	-1.264713997702832105e-01	1.200425140051035178e-01	-1.361444995115377310e-01	1.184094072517965224e-01	-1.500616193949257660e-01	1.042147686841234516e-01	-9.399943539831552564e-02	1.116621751170057547e-01	-8.649825369625754878e-02	9.387964017190879307e-02	-7.967659080114701531e-02	9.099017577748699792e-02	-9.343610261526037741e-02	8.921044968696589805e-02	-6.901449585860501557e-02	1.304072706704043350e-01	-1.067477927902163309e-01	7.049613105079879927e-02	-6.977153518288933820e-02	7.780526980245636159e-02
-1.237426707064817749e-01	1.796262335471967286e-01	-6.609637803074182028e-01	2.251779539925613527e-01	-1.505503516081564963e-01	1.976328619281379761e-01	-3.703375665480002077e-01	1.000000000000001110e+00	-3.557279023569308585e-01	1.927857577625491092e-01	-1.485838499752628883e-01	2.120863678536662744e-01	-4.141140642991008036e-01	2.533909555035127048e-01	-1.774786652672455389e-01	1.169374058006217021e-01	-1.869410007135164087e-01	2.019187056571550842e-01	-1.973904580921803653e-01	1.324135953446278768e-01	-1.270472992596316242e-01	1.573389442585543807e-01	-1.394677889627040923e-01	1.477078425346807500e-01	-1.256243344202872536e-01	9.498957867331010718e-02	-9.339299966288247545e-02	1.073399133315624254e-01	-9.444736829527466959e-02	1.217162974148303795e-01	-8.109979277734451208e-02	7.333350682990166791e-02	-8.818418620181360523e-02	6.860511832842926261e-02	-7.508293424871270716e-02	6.204864172258914984e-02	-7.120448125263305339e-02	7.338185648042089282e-02	-7.087934363543209326e-02	5.494879298831154002e-02	-1.019753577947882239e-01	8.381370669931037520e-02	-5.548198923163902979e-02	5.526126257575898065e-02	-6.179247844831306513e-02
8.979495293000518130e-02	-1.290758350724716119e-01	2.771234917666598463e-01	-5.475988147201615863e-01	2.942308648588737863e-01	-1.549050476439042534e-01	1.703974556860038403e-01	-3.557279023569308585e-01	1.000000000000000666e+00	-5.344462751893284125e-01	1.147157279998974877e-01	-1.442721531197537488e-01	2.323502344146400889e-01	-3.639807785266074847e-01	1.783466844053138156e-01	-9.182241431768684015e-02	1.400987230803445727e-01	-1.637586939695543642e-01	1.865395062863229314e-01	-1.287718449189575176e-01	1.042898533082473322e-01	-1.316852426548637545e-01	1.166844898239809275e-01	-1.336493678774598459e-01	1.150387535341594186e-01	-7.936016740645682188e-02	7.882523666224655612e-02	-9.144232862420556551e-02	8.133240168456860875e-02	-1.069757358901794742e-01	6.914564796321331919e-02	-6.264199468961605122e-02	7.571603247827478345e-02	-5.909719806389853586e-02	6.522655476411376441e-02	-5.305093816130181800e-02	6.100839815331037669e-02	-6.310841146106115074e-02	6.125812080158154344e-02	-4.760338586650891129e-02	8.757017488505128289e-02	-7.217318527518190585e-02	4.777718960792656788e-02	-4.773239026699136606e-02	5.346886087516227598e-02
-7.019916414355982515e-02	9.730509124339975502e-02	-2.522307719432924089e-01	3.295476796126259322e-01	-6.933334995001290135e-01	1.177211234372861487e-01	-1.333986171619325756e-01	1.927857577625491092e-01	-5.344462751893284125e-01	9.999999999999998890e-01	-9.372247080780450601e-02	1.088366873348765446e-01	-1.759636146880412255e-01	1.905370850843006447e-01	-1.634057382238567335e-01	7.344827573502735185e-02	-1.125747319627611459e-01	1.219337268387184758e-01	-1.478119693651460675e-01	1.052449516666546375e-01	-8.563099929187108217e-02	1.026391089154584241e-01	-9.304627375026064406e-02	1.053580324196850548e-01	-9.564394240955780002e-02	6.403401367101566044e-02	-6.401276516953413598e-02	7.329403225635679198e-02	-6.628806665535375009e-02	8.589131286788384556e-02	-5.641547947250110523e-02	5.086116736954617717e-02	-6.174219899867591094e-02	4.801496148737580127e-02	-5.316492228466682818e-02	4.317084018841059467e-02	-4.970112277584248089e-02	5.105398613448314943e-02	-4.991828399642408293e-02	3.868038786814810559e-02	-7.159045464936708569e-02	5.818264908139028635e-02	-3.871979700425573490e-02	3.875319075544466502e-02	-4.356247108378887012e-02
1.429005251267041476e-01	-1.984949218368116941e-01	1.660707883454632938e-01	-1.035073467183850598e-01	7.066644741475419655e-02	-2.807568396351499129e-01	2.207205715622949371e-01	-1.485838499752628883e-01	1.147157279998974877e-01	-9.372247080780450601e-02	9.999999999999997780e-01	-3.582719137379891117e-01	1.662434099988681913e-01	-1.575159428023217845e-01	1.716679461477225721e-01	-6.898604403494670301e-01	2.813181227742491686e-01	-1.811515245482324676e-01	1.693018060557829330e-01	-1.361021644828302180e-01	2.877016458351335237e-01	-2.196000573008282664e-01	1.665924696150670459e-01	-1.724332921325863466e-01	1.419021323197839080e-01	-2.216174265858535941e-01	1.666431303223080973e-01	-1.891880107829083391e-01	1.473267116681219735e-01	-1.867052360327969840e-01	1.385609071016567218e-01	-1.270092886463610460e-01	1.411036612468197227e-01	-1.100405494078784963e-01	1.143502464081863346e-01	-1.056948472648113341e-01	1.172768793341537469e-01	-1.227647255342261545e-01	1.105977113634418613e-01	-8.600163697215236491e-02	1.594511747421122894e-01	-1.411366295714404639e-01	9.094391106752022780e-02	-8.825358158413533494e-02	9.602189941982282317e-02
-1.588262994564371144e-01	2.154846925794464130e-01	-2.246906395401941647e-01	1.217477496364411382e-01	-8.371966869465713446e-02	2.308900504445580981e-01	-5.919660646576526686e-01	2.120863678536662744e-01	-1.442721531197537488e-01	1.088366873348765446e-01	-3.582719137379891117e-01	1.000000000000000222e+00	-2.355707046980045072e-01	1.843636700095293846e-01	-1.821778029884410788e-01	2.312725796441317816e-01	-5.308497303502465181e-01	2.160718209833288328e-01	-2.027791676079992444e-01	1.376584639105201402e-01	-2.021966092069214516e-01	2.176746604913214755e-01	-1.800607093959925575e-01	1.671817291896532665e-01	-1.435419050477039771e-01	1.371446174974617904e-01	-1.279526330738900430e-01	1.400955385662581432e-01	-1.194564112586508769e-01	1.453758923927892521e-01	-1.059262755763952513e-01	9.510751558091136426e-02	-1.121009272319690164e-01	8.649301890023515516e-02	-9.228572358920079932e-02	7.982594021370811865e-02	-9.082327775028696537e-02	9.232214674673927535e-02	-8.825637190891202910e-02	6.796446765650725197e-02	-1.275832160580641639e-01	1.046061792394001322e-01	-6.944841070094102953e-02	6.876902246406893515e-02	-7.650448018897046398e-02
1.182473167455230373e-01	-1.708561392992098416e-01	2.707365546785091559e-01	-1.946213463596876414e-01	1.258335523738736139e-01	-2.084498427020750055e-01	2.212719073514033130e-01	-4.141140642991008036e-01	2.323502344146400889e-01	-1.759636146880412255e-01	1.662434099988681913e-01	-2.355707046980045072e-01	1.000000000000002220e+00	-5.670848302984504707e-01	2.299136583979257409e-01	-1.409581055952585649e-01	2.304334132303444971e-01	-4.778059198813567887e-01	3.014508520084674403e-01	-1.872364312416473497e-01	1.499850773779995983e-01	-2.217986125833557032e-01	2.002941816091847460e-01	-2.113630299528783119e-01	1.673409051211961207e-01	-1.161825244194799739e-01	1.154981069027925522e-01	-1.372887230928364621e-01	1.166755468566083448e-01	-1.524526145596567794e-01	9.787630884850767599e-02	-8.942893229454070003e-02	1.076472608835575412e-01	-8.446880043886154099e-02	9.191917098092361460e-02	-7.496813654535174065e-02	8.609278331529011952e-02	-8.947517404449296941e-02	8.655039405863247659e-02	-6.733353917747873785e-02	1.218313424233981590e-01	-1.021936703882785208e-01	6.752186627721923351e-02	-6.751646941403328939e-02	7.526694185592378017e-02
-1.069897308263223074e-01	1.483536369388307186e-01	-2.804049170640354749e-01	2.047455973071690138e-01	-1.458327870710652008e-01	1.836836197825389705e-01	-1.998349490978357512e-01	2.533909555035127048e-01	-3.639807785266074847e-01	1.905370850843006447e-01	-1.575159428023217845e-01	1.843636700095293846e-01	-5.670848302984504707e-01	1.000000000000002665e+00	-3.560412713646060601e-01	1.275506462682071684e-01	-2.096975229947355135e-01	2.880897596615774048e-01	-4.763164560126794123e-01	2.159163480801940260e-01	-1.452685742887138698e-01	1.934807262686891738e-01	-1.868579117859175964e-01	2.104750005105651689e-01	-1.883819382622614058e-01	1.097941781492961788e-01	-1.109026582897452567e-01	1.288448196400145962e-01	-1.143559880688892055e-01	1.487321015490937204e-01	-9.514974024683400811e-02	8.636778526743758844e-02	-1.051184789115243018e-01	8.226136077010474945e-02	-9.074010558622974676e-02	7.265925829368626021e-02	-8.372093757572457440e-02	8.634551294415933331e-02	-8.493381343889130908e-02	6.592365109449886684e-02	-1.190661702326770710e-01	9.815833347917390928e-02	-6.540899168683561582e-02	6.580427036802566354e-02	-7.388937465899850232e-02
1.241358824428950014e-01	-1.733602203388549534e-01	2.005906871692590132e-01	-1.625304654366871993e-01	1.132414816665823776e-01	-2.375544602348148571e-01	1.816717412170129609e-01	-1.774786652672455389e-01	1.783466844053138156e-01	-1.634057382238567335e-01	1.716679461477225721e-01	-1.821778029884410788e-01	2.299136583979257409e-01	-3.560412713646060601e-01	1.000000000000003331e+00	-1.406663427873915684e-01	2.009826790495078397e-01	-2.285015945556800598e-01	2.697494437456651184e-01	-6.318964318838979910e-01	1.721813409514821869e-01	-2.425186025587624250e-01	2.070303035792786794e-01	-3.226445641517345364e-01	2.940833770143092551e-01	-1.397089669398930700e-01	1.413251821555737142e-01	-1.706565360847915047e-01	1.555141290924655362e-01	-2.393069239292716921e-01	1.270888428699838146e-01	-1.168538048186563982e-01	1.426633217442711821e-01	-1.139974705538201599e-01	1.305545542159164407e-01	-9.879135366244427841e-02	1.142159647924781141e-01	-1.216330685304363862e-01	1.192125099110909331e-01	-9.461745786029597538e-02	1.636451280257317786e-01	-1.406436428169920982e-01	9.225840311057878496e-02	-9.334840182183024027e-02	1.046465823976357318e-01
-1.021036360917876029e-01	1.380831054332481433e-01	-1.340580612892867118e-01	8.111170215297400232e-02	-5.584544165886168310e-02	1.845732936438429783e-01	-1.753276980457651735e-01	1.169374058006217021e-01	-9.182241431768684015e-02	7.344827573502735185e-02	-6.898604403494670301e-01	2.312725796441317816e-01	-1.409581055952585649e-01	1.275506462682071684e-01	-1.406663427873915684e-01	1.000000000000001998e+00	-3.653957723859848072e-01	1.585019482625961429e-01	-1.475528635624472618e-01	1.097978346721678322e-01	-4.949863887628340731e-01	1.856145527425580588e-01	-1.458120829829835097e-01	1.392515662367112828e-01	-1.168306959868630202e-01	2.026620170586039826e-01	-1.567661191060576442e-01	1.553233105964018368e-01	-1.221143580226035086e-01	1.443769072308221380e-01	-1.201840364859741578e-01	1.058994352231140967e-01	-1.167625540306052312e-01	8.955917611186958727e-02	-9.116136974360347645e-02	8.743165380662427932e-02	-9.687627935886031216e-02	9.756972495130895873e-02	-8.900722150022159773e-02	6.850386893546411837e-02	-1.290208385299371208e-01	1.101978323504100576e-01	-7.226095810628373195e-02	7.024135086164777497e-02	-7.656435492420131383e-02
1.403886365358281429e-01	-2.045584193882915292e-01	1.949973988610522457e-01	-1.242062595151470217e-01	8.416630131063201903e-02	-2.494589407035388839e-01	2.649504378284169848e-01	-1.869410007135164087e-01	1.400987230803445727e-01	-1.125747319627611459e-01	2.813181227742491686e-01	-5.308497303502465181e-01	2.304334132303444971e-01	-2.096975229947355135e-01	2.009826790495078397e-01	-3.653957723859848072e-01	1.000000000000000222e+00	-3.822049860044303693e-01	2.418144914636981557e-01	-1.671817280385143878e-01	2.283481161001474635e-01	-4.096703236582226459e-01	2.477221734450458790e-01	-2.226680870638201859e-01	1.721193344754805288e-01	-1.675208671657051340e-01	1.535696104852894150e-01	-1.747278464649743845e-01	1.406396288832684194e-01	-1.741191504218470576e-01	1.226561054462453892e-01	-1.120368246708258186e-01	1.308160282815316877e-01	-1.020025403912781375e-01	1.075247060923676806e-01	-9.290919707161397756e-02	1.053736325464250945e-01	-1.086348480953612250e-01	1.028676273402627656e-01	-7.960747375055833575e-02	1.456105367734215617e-01	-1.234733565192399352e-01	8.135045423746486981e-02	-8.055597105816823811e-02	8.896834436383115052e-02
-1.052636691552152198e-01	1.463070113092299618e-01	-2.134994326400486420e-01	1.340248926390006368e-01	-9.174325208971040313e-02	1.817961573207753367e-01	-1.990747613241199421e-01	2.019187056571550842e-01	-1.637586939695543642e-01	1.219337268387184758e-01	-1.811515245482324676e-01	2.160718209833288328e-01	-4.778059198813567887e-01	2.880897596615774048e-01	-2.285015945556800598e-01	1.585019482625961429e-01	-3.822049860044303693e-01	1.000000000000000222e+00	-5.831870277201162134e-01	1.928389692228291985e-01	-1.645493006472218411e-01	2.631387158206038301e-01	-3.518833703024136228e-01	2.401017499926453858e-01	-1.915473464399163328e-01	1.225078458814590487e-01	-1.260779287510954139e-01	1.483515017527804458e-01	-1.233247224096318401e-01	1.504462844793953424e-01	-1.008068333112717013e-01	9.201600985728054793e-02	-1.117204259279698936e-01	8.729264829462284048e-02	-9.322115237191354320e-02	7.626444802375342835e-02	-8.772247933396602748e-02	8.999383967959641295e-02	-8.831617450529331836e-02	6.816318952081033833e-02	-1.222182111054573167e-01	1.015757154193551171e-01	-6.788685079708536851e-02	6.825572713615221665e-02	-7.616790904236117599e-02
1.116858358015158925e-01	-1.576895037337514294e-01	2.056640169475447699e-01	-1.599403595144987533e-01	1.061215956963450224e-01	-2.026775529237941076e-01	1.857824837385329553e-01	-1.973904580921803653e-01	1.865395062863229314e-01	-1.478119693651460675e-01	1.693018060557829330e-01	-2.027791676079992444e-01	3.014508520084674403e-01	-4.763164560126794123e-01	2.697494437456651184e-01	-1.475528635624472618e-01	2.418144914636981557e-01	-5.831870277201162134e-01	1.000000000000002887e+00	-3.112623439668446013e-01	1.606575439636295788e-01	-2.600673157154995141e-01	2.453208784653520547e-01	-3.425661968197102891e-01	2.332834914800171189e-01	-1.267914923909169711e-01	1.283583756867406889e-01	-1.553442667529159604e-01	1.319482412476154776e-01	-1.739682611501935927e-01	1.072800188633832447e-01	-9.859900929105704093e-02	1.195945352041125481e-01	-9.472769745041514922e-02	1.032776933474373743e-01	-8.211399066000003855e-02	9.453558699781655639e-02	-9.853374137425391366e-02	9.657753050949123563e-02	-7.528687692820069943e-02	1.327716443744065833e-01	-1.121215094463842710e-01	7.440223452184344111e-02	-7.502866302592919867e-02	8.378934720796371582e-02
-8.688182540384280228e-02	1.186440360667992966e-01	-1.581912527985252781e-01	1.095681314199068862e-01	-7.877408131849468476e-02	1.568072414778391432e-01	-1.401024307523288936e-01	1.324135953446278768e-01	-1.287718449189575176e-01	1.052449516666546375e-01	-1.361021644828302180e-01	1.376584639105201402e-01	-1.872364312416473497e-01	2.159163480801940260e-01	-6.318964318838979910e-01	1.097978346721678322e-01	-1.671817280385143878e-01	1.928389692228291985e-01	-3.112623439668446013e-01	9.999999999999984457e-01	-1.366080699675776278e-01	1.848824572535208155e-01	-1.858384473600003250e-01	2.800590037628764017e-01	-5.817762021958668983e-01	1.066048047463619003e-01	-1.108695933859784877e-01	1.304142030721686385e-01	-1.241264205371663959e-01	1.785888497878569958e-01	-9.752048171728139314e-02	8.902752412539458038e-02	-1.111742170772291871e-01	8.862817280809068277e-02	-1.043632059527252187e-01	7.480029173760263661e-02	-8.690375708246854403e-02	9.041728882355820618e-02	-9.341511832065577114e-02	7.327750927064194397e-02	-1.235798560169750621e-01	1.022445127630102896e-01	-6.906764759544872789e-02	7.139578149595456058e-02	-8.168857160614845236e-02
1.179859981843657812e-01	-1.626241348847852763e-01	1.497625541444373709e-01	-9.415264793706502877e-02	6.479993314169314733e-02	-2.286718094363225373e-01	1.704639816518091766e-01	-1.270472992596316242e-01	1.042898533082473322e-01	-8.563099929187108217e-02	2.877016458351335237e-01	-2.021966092069214516e-01	1.499850773779995983e-01	-1.452685742887138698e-01	1.721813409514821869e-01	-4.949863887628340731e-01	2.283481161001474635e-01	-1.645493006472218411e-01	1.606575439636295788e-01	-1.366080699675776278e-01	1.000000000000001332e+00	-2.279943248150065049e-01	1.730621084512603547e-01	-1.775907142449253961e-01	1.467934977958581799e-01	-5.396507034487907362e-01	2.618644758388673499e-01	-2.717358210178815181e-01	1.872594551765902060e-01	-2.239988419350451010e-01	1.979709553993626858e-01	-1.790070774125676889e-01	1.819585187903085544e-01	-1.412704604014022591e-01	1.383518017916440246e-01	-1.457308369744154397e-01	1.545284944253643711e-01	-1.581072712789077794e-01	1.369074688600576961e-01	-1.060818537289502927e-01	1.962528837486760269e-01	-1.788256994381725584e-01	1.150079641848013867e-01	-1.100984337265433211e-01	1.175009267497534038e-01
-1.108756215548598184e-01	1.490061224056223876e-01	-1.875308361322941819e-01	1.124675411448071705e-01	-7.880961332533338581e-02	1.889366253475827651e-01	-2.032269114905339291e-01	1.573389442585543807e-01	-1.316852426548637545e-01	1.026391089154584241e-01	-2.196000573008282664e-01	2.176746604913214755e-01	-2.217986125833557032e-01	1.934807262686891738e-01	-2.425186025587624250e-01	1.856145527425580588e-01	-4.096703236582226459e-01	2.631387158206038301e-01	-2.600673157154995141e-01	1.848824572535208155e-01	-2.279943248150065049e-01	1.000000000000000222e+00	-6.720718415721605998e-01	2.749363939125983314e-01	-2.393683454071436345e-01	1.695119710733362928e-01	-2.075040946933252861e-01	2.102629009143308636e-01	-1.693529658240181535e-01	1.822380985545737075e-01	-1.357596227932993949e-01	1.241079419624837865e-01	-1.513847294890434403e-01	1.163139707462779171e-01	-1.197292504973558741e-01	1.003618196482045921e-01	-1.160470120512694520e-01	1.156984124829182059e-01	-1.154125071225103466e-01	8.768558260609699007e-02	-1.572703056156654622e-01	1.280391730050497168e-01	-8.717029437812601200e-02	8.796618981737090726e-02	-9.814618188092102957e-02
9.481379478943333106e-02	-1.309563878184141494e-01	1.568898792230821737e-01	-1.016118033940548726e-01	6.993229329016220630e-02	-1.694519832394970615e-01	1.600062666178566073e-01	-1.394677889627040923e-01	1.166844898239809275e-01	-9.304627375026064406e-02	1.665924696150670459e-01	-1.800607093959925575e-01	2.002941816091847460e-01	-1.868579117859175964e-01	2.070303035792786794e-01	-1.458120829829835097e-01	2.477221734450458790e-01	-3.518833703024136228e-01	2.453208784653520547e-01	-1.858384473600003250e-01	1.730621084512603547e-01	-6.720718415721605998e-01	1.000000000000002442e+00	-4.598977233817528876e-01	2.280857992522979938e-01	-1.452029516454217684e-01	1.682576683097888604e-01	-2.459362612419695171e-01	1.550513351362135528e-01	-1.707212809059118208e-01	1.159694872545685568e-01	-1.090375012951914913e-01	1.342775131410111622e-01	-1.062758332908904646e-01	1.062785391773788390e-01	-8.696771927383992185e-02	1.005272299758613319e-01	-1.030678240224385672e-01	1.023006446160388411e-01	-7.846455269520857811e-02	1.350692963757196274e-01	-1.144821516903671149e-01	7.725140524973600487e-02	-7.847302129371321044e-02	8.664525593946387216e-02
-9.967297500532298904e-02	1.344085145958274219e-01	-1.784146615453182094e-01	1.136733671571397847e-01	-8.026079092134029425e-02	1.750182918148583122e-01	-1.676994822035832167e-01	1.477078425346807500e-01	-1.336493678774598459e-01	1.053580324196850548e-01	-1.724332921325863466e-01	1.671817291896532665e-01	-2.113630299528783119e-01	2.104750005105651689e-01	-3.226445641517345364e-01	1.392515662367112828e-01	-2.226680870638201859e-01	2.401017499926453858e-01	-3.425661968197102891e-01	2.800590037628764017e-01	-1.775907142449253961e-01	2.749363939125983314e-01	-4.598977233817528876e-01	1.000000000000000888e+00	-5.998407601457844684e-01	1.375362667772491443e-01	-1.515296125012121076e-01	1.792408153416471528e-01	-1.738551759521146378e-01	2.034997248433583206e-01	-1.234040544714433418e-01	1.131671293819786206e-01	-1.438887105416770396e-01	1.158061144587818198e-01	-1.270723496339173364e-01	9.329754115336191811e-02	-1.087664380317212298e-01	1.115022363697639601e-01	-1.171090628279943952e-01	9.013186647971010990e-02	-1.511909204335049606e-01	1.239801809447157732e-01	-8.495730815493129917e-02	8.828614967331201158e-02	-1.003760186049033748e-01
9.084281075828619378e-02	-1.250623274515652028e-01	1.473268677439124597e-01	-1.023040057971065508e-01	7.089277010119411637e-02	-1.682372647095925766e-01	1.400477682741543828e-01	-1.256243344202872536e-01	1.150387535341594186e-01	-9.564394240955780002e-02	1.419021323197839080e-01	-1.435419050477039771e-01	1.673409051211961207e-01	-1.883819382622614058e-01	2.940833770143092551e-01	-1.168306959868630202e-01	1.721193344754805288e-01	-1.915473464399163328e-01	2.332834914800171189e-01	-5.817762021958668983e-01	1.467934977958581799e-01	-2.393683454071436345e-01	2.280857992522979938e-01	-5.998407601457844684e-01	1.000000000000003553e+00	-1.196890705111303410e-01	1.258455116544885677e-01	-1.546050253078169456e-01	1.459368869110873879e-01	-2.592591899463401184e-01	1.089435621207487381e-01	-1.010931744589765174e-01	1.267995026815986193e-01	-1.042061579230694202e-01	1.255277751185831514e-01	-8.393030528563941162e-02	9.773981997007699651e-02	-1.035723773396266950e-01	1.089579745369442521e-01	-8.731644180179666537e-02	1.369254771633169332e-01	-1.169800580941034729e-01	7.905376722978799120e-02	-8.325037888487824000e-02	9.521961439001003225e-02
-8.278731482495969851e-02	1.111684539896683199e-01	-1.160287447618780637e-01	7.034959975424072420e-02	-4.902249902915524482e-02	1.533167484319261087e-01	-1.264713997702832105e-01	9.498957867331010718e-02	-7.936016740645682188e-02	6.403401367101566044e-02	-2.216174265858535941e-01	1.371446174974617904e-01	-1.161825244194799739e-01	1.097941781492961788e-01	-1.397089669398930700e-01	2.026620170586039826e-01	-1.675208671657051340e-01	1.225078458814590487e-01	-1.267914923909169711e-01	1.066048047463619003e-01	-5.396507034487907362e-01	1.695119710733362928e-01	-1.452029516454217684e-01	1.375362667772491443e-01	-1.196890705111303410e-01	1.000000000000002887e+00	-5.981347189799220976e-01	2.754608197271009584e-01	-2.039376036776787693e-01	1.876068723553677986e-01	-3.180406548830753133e-01	2.127968284613805383e-01	-2.024213170235625303e-01	1.448126884691764982e-01	-1.298243314817027205e-01	1.692886288452405130e-01	-1.778451164831787445e-01	1.526254674042515636e-01	-1.345369445999927971e-01	1.001711840482419624e-01	-2.045322459262815529e-01	1.620611377142105736e-01	-1.105319480579896041e-01	1.045300374435247370e-01	-1.113902284989564118e-01
8.091889203527979912e-02	-1.096736960664403265e-01	1.135223647549344905e-01	-7.018963909529586653e-02	4.880141229810783937e-02	-1.524231428151613943e-01	1.200425140051035178e-01	-9.339299966288247545e-02	7.882523666224655612e-02	-6.401276516953413598e-02	1.666431303223080973e-01	-1.279526330738900430e-01	1.154981069027925522e-01	-1.109026582897452567e-01	1.413251821555737142e-01	-1.567661191060576442e-01	1.535696104852894150e-01	-1.260779287510954139e-01	1.283583756867406889e-01	-1.108695933859784877e-01	2.618644758388673499e-01	-2.075040946933252861e-01	1.682576683097888604e-01	-1.515296125012121076e-01	1.258455116544885677e-01	-5.981347189799220976e-01	1.000000000000002665e+00	-5.795623798136577687e-01	2.288595783545827045e-01	-2.074255885719628600e-01	2.215310832333459712e-01	-2.579444166578542252e-01	2.159976149452216276e-01	-1.670919784864759450e-01	1.370154844475967582e-01	-1.556392012895878862e-01	1.727024596531659406e-01	-1.623257095156888374e-01	1.429728282014346152e-01	-1.081155135755366425e-01	1.893242810918895069e-01	-1.719966078155998057e-01	1.155196820588838824e-01	-1.124399667344799791e-01	1.169587264609947830e-01
-8.792648877621435377e-02	1.175788983077813710e-01	-1.326430216559570385e-01	8.030077581489068750e-02	-5.626683636666145183e-02	1.605292791568188882e-01	-1.361444995115377310e-01	1.073399133315624254e-01	-9.144232862420556551e-02	7.329403225635679198e-02	-1.891880107829083391e-01	1.400955385662581432e-01	-1.372887230928364621e-01	1.288448196400145962e-01	-1.706565360847915047e-01	1.553233105964018368e-01	-1.747278464649743845e-01	1.483515017527804458e-01	-1.553442667529159604e-01	1.304142030721686385e-01	-2.717358210178815181e-01	2.102629009143308636e-01	-2.459362612419695171e-01	1.792408153416471528e-01	-1.546050253078169456e-01	2.754608197271009584e-01	-5.795623798136577687e-01	1.000000000000000888e+00	-4.645577692849658380e-01	2.413502458501793624e-01	-2.233371331538973881e-01	2.207543052878795375e-01	-3.297422188093383499e-01	2.374073489328414055e-01	-1.785361591648997881e-01	1.567684717360102731e-01	-1.877514023371457397e-01	1.836670278239189991e-01	-1.937639103531672846e-01	1.384523995720577660e-01	-2.208473846146718489e-01	1.898684434064621951e-01	-1.354711400275249444e-01	1.401522261154963811e-01	-1.485594733005196344e-01
8.163044879191265479e-02	-1.098548686989680445e-01	1.170648163994137542e-01	-7.246671990868792934e-02	5.062025562148861346e-02	-1.542471971823308474e-01	1.184094072517965224e-01	-9.444736829527466959e-02	8.133240168456860875e-02	-6.628806665535375009e-02	1.473267116681219735e-01	-1.194564112586508769e-01	1.166755468566083448e-01	-1.143559880688892055e-01	1.555141290924655362e-01	-1.221143580226035086e-01	1.406396288832684194e-01	-1.233247224096318401e-01	1.319482412476154776e-01	-1.241264205371663959e-01	1.872594551765902060e-01	-1.693529658240181535e-01	1.550513351362135528e-01	-1.738551759521146378e-01	1.459368869110873879e-01	-2.039376036776787693e-01	2.288595783545827045e-01	-4.645577692849658380e-01	1.000000000000001332e+00	-3.746731287897259732e-01	1.910994365746561119e-01	-2.188680225206582619e-01	3.010527620242950397e-01	-5.808079221487301158e-01	2.262673418760325905e-01	-1.510979283575694387e-01	1.802538595874257910e-01	-2.217562855796326726e-01	2.561211616751865594e-01	-1.974921056891905391e-01	2.132575275846066432e-01	-2.339376189036612985e-01	1.604829469603502590e-01	-1.951858365326749611e-01	1.844991746032159652e-01
-9.810191258950717863e-02	1.293955249493762838e-01	-1.565682721398017618e-01	9.353661479514734090e-02	-6.646032065406987099e-02	1.768365816385259470e-01	-1.500616193949257660e-01	1.217162974148303795e-01	-1.069757358901794742e-01	8.589131286788384556e-02	-1.867052360327969840e-01	1.453758923927892521e-01	-1.524526145596567794e-01	1.487321015490937204e-01	-2.393069239292716921e-01	1.443769072308221380e-01	-1.741191504218470576e-01	1.504462844793953424e-01	-1.739682611501935927e-01	1.785888497878569958e-01	-2.239988419350451010e-01	1.822380985545737075e-01	-1.707212809059118208e-01	2.034997248433583206e-01	-2.592591899463401184e-01	1.876068723553677986e-01	-2.074255885719628600e-01	2.413502458501793624e-01	-3.746731287897259732e-01	1.000000000000002220e+00	-2.165099796724642145e-01	2.022983019766450841e-01	-2.902689164781447340e-01	2.567115475545778125e-01	-5.170567570701048998e-01	1.686063055605208916e-01	-2.043200674450056098e-01	2.201998016318593432e-01	-3.212346622772351834e-01	2.669668858887579432e-01	-2.856985489446854376e-01	2.345939809799131859e-01	-1.785838367635511070e-01	2.215506693366603719e-01	-2.912830281741140004e-01
7.344222567272963575e-02	-9.877556812969125188e-02	1.009150234319719369e-01	-6.185284810263649152e-02	4.317039715321224769e-02	-1.404972169325586773e-01	1.042147686841234516e-01	-8.109979277734451208e-02	6.914564796321331919e-02	-5.641547947250110523e-02	1.385609071016567218e-01	-1.059262755763952513e-01	9.787630884850767599e-02	-9.514974024683400811e-02	1.270888428699838146e-01	-1.201840364859741578e-01	1.226561054462453892e-01	-1.008068333112717013e-01	1.072800188633832447e-01	-9.752048171728139314e-02	1.979709553993626858e-01	-1.357596227932993949e-01	1.159694872545685568e-01	-1.234040544714433418e-01	1.089435621207487381e-01	-3.180406548830753133e-01	2.215310832333459712e-01	-2.233371331538973881e-01	1.910994365746561119e-01	-2.165099796724642145e-01	1.000000000000003775e+00	-5.489319610631212543e-01	2.497662692130576123e-01	-1.727020149397607840e-01	1.476867895584398072e-01	-5.437472925112712963e-01	3.145536989881509982e-01	-2.364357774597155848e-01	1.580678995584044177e-01	-1.195030798050493864e-01	2.842325029481610477e-01	-2.385973385705231209e-01	1.563823240989128116e-01	-1.323803291571407359e-01	1.339031707825105444e-01
-6.469284732322774789e-02	8.663926499099022793e-02	-9.162931673474999927e-02	5.574269013908405429e-02	-3.900875806122380135e-02	1.219195835327362698e-01	-9.399943539831552564e-02	7.333350682990166791e-02	-6.264199468961605122e-02	5.086116736954617717e-02	-1.270092886463610460e-01	9.510751558091136426e-02	-8.942893229454070003e-02	8.636778526743758844e-02	-1.168538048186563982e-01	1.058994352231140967e-01	-1.120368246708258186e-01	9.201600985728054793e-02	-9.859900929105704093e-02	8.902752412539458038e-02	-1.790070774125676889e-01	1.241079419624837865e-01	-1.090375012951914913e-01	1.131671293819786206e-01	-1.010931744589765174e-01	2.127968284613805383e-01	-2.579444166578542252e-01	2.207543052878795375e-01	-2.188680225206582619e-01	2.022983019766450841e-01	-5.489319610631212543e-01	1.000000000000002442e+00	-4.566895309450619278e-01	2.042506541363278694e-01	-1.548139595565527493e-01	2.889618031982182922e-01	-5.052994936806525228e-01	2.363974748297985318e-01	-1.754469404064457339e-01	1.245657866502988820e-01	-2.709101269660420530e-01	2.143470412333229880e-01	-1.607660110337974235e-01	1.354691089642284241e-01	-1.387970422201069975e-01
7.797005226967906877e-02	-1.047415875865707058e-01	1.099225087913362070e-01	-6.758453642192671640e-02	4.723299084164987033e-02	-1.481505338246182080e-01	1.116621751170057547e-01	-8.818418620181360523e-02	7.571603247827478345e-02	-6.174219899867591094e-02	1.411036612468197227e-01	-1.121009272319690164e-01	1.076472608835575412e-01	-1.051184789115243018e-01	1.426633217442711821e-01	-1.167625540306052312e-01	1.308160282815316877e-01	-1.117204259279698936e-01	1.195945352041125481e-01	-1.111742170772291871e-01	1.819585187903085544e-01	-1.513847294890434403e-01	1.342775131410111622e-01	-1.438887105416770396e-01	1.267995026815986193e-01	-2.024213170235625303e-01	2.159976149452216276e-01	-3.297422188093383499e-01	3.010527620242950397e-01	-2.902689164781447340e-01	2.497662692130576123e-01	-4.566895309450619278e-01	1.000000000000002442e+00	-5.223586149719267047e-01	2.106250178061784273e-01	-1.996139612848249478e-01	2.478100918016279686e-01	-3.272146132154276077e-01	2.510166985549982521e-01	-1.860187446922461074e-01	2.401667087694182579e-01	-2.752067635905408038e-01	1.967779450179100165e-01	-1.970894449564107032e-01	1.843126230155586742e-01
-5.936526304396914228e-02	7.950281062991056136e-02	-8.583798782001007821e-02	5.251916994749602358e-02	-3.679606262387240256e-02	1.115402489193717678e-01	-8.649825369625754878e-02	6.860511832842926261e-02	-5.909719806389853586e-02	4.801496148737580127e-02	-1.100405494078784963e-01	8.649301890023515516e-02	-8.446880043886154099e-02	8.226136077010474945e-02	-1.139974705538201599e-01	8.955917611186958727e-02	-1.020025403912781375e-01	8.729264829462284048e-02	-9.472769745041514922e-02	8.862817280809068277e-02	-1.412704604014022591e-01	1.163139707462779171e-01	-1.062758332908904646e-01	1.158061144587818198e-01	-1.042061579230694202e-01	1.448126884691764982e-01	-1.670919784864759450e-01	2.374073489328414055e-01	-5.808079221487301158e-01	2.567115475545778125e-01	-1.727020149397607840e-01	2.042506541363278694e-01	-5.223586149719267047e-01	1.000000000000002887e+00	-2.656552647982066140e-01	1.319630656176805361e-01	-1.680395987120746892e-01	2.034775637013208627e-01	-4.369465829551743563e-01	2.126620294925890831e-01	-1.807151516591219698e-01	1.951809916774636389e-01	-1.516744510161001647e-01	1.995793901854647778e-01	-1.930191970687274439e-01
