1.000000000000000000e+00	-7.998804343925514093e-01	7.469829643237327343e-02	-6.834837199691842780e-02	2.166991184635904191e-02	-4.108730644385182873e-01	2.911886835437760834e-01	-5.473232715556596711e-02	6.068070309370263843e-02	-2.339493013430058582e-02	2.460621602894857152e-01	-3.151884765106612307e-01	6.548768336080913743e-02	-3.965665479166698149e-02	3.920983899059669875e-02	-7.138578377380763729e-02	6.230357567097150051e-02	-4.123743852159931361e-02	3.712828100497003042e-02	-2.927839862029780679e-02	2.211263660842306689e-02	-2.324277381544627777e-02	2.724730972388041822e-02	-3.281317022028877595e-02	3.608375968401429656e-02	-1.563876184115097975e-02	2.668672876115369547e-02	-2.351761387485301613e-02	2.126434823639999569e-02	-2.146383261775711149e-02	1.696952925390581707e-02	-1.238787691650425869e-02	1.362518495472250270e-02	-1.489249443449621596e-02	1.600859940870228565e-02	-1.355440017239180686e-02	1.734912278946925540e-02	-1.220949845336314656e-02	1.055630343369995741e-02	-1.440165132681939068e-02	1.067352510709699415e-02	-1.118330821192455721e-02	9.902078993303871368e-03	-1.377535977205974344e-02	2.117552579246160388e-02
-7.998804343925514093e-01	9.999999999999997780e-01	-8.363451133606158994e-02	6.855990262700137339e-02	-2.196909223337709799e-02	2.719428160502974645e-01	-4.488993916712221699e-01	5.907695314174280649e-02	-6.407432286494209317e-02	2.356640889685288412e-02	-2.673569458798156218e-01	2.565197077130129122e-01	-6.931413100628704138e-02	3.986339068662073104e-02	-3.938741835583119133e-02	6.533291329562554428e-02	-6.046135907437059920e-02	3.958931944842785516e-02	-3.650256957057407270e-02	2.878000439070247177e-02	-2.140993357293817512e-02	2.236029723471935626e-02	-2.639126744699212337e-02	3.157304508253457737e-02	-3.558521365944541937e-02	1.508996765053243275e-02	-2.595016434474089334e-02	2.272041896992293281e-02	-2.071763436870038139e-02	2.087140891977246754e-02	-1.644760197632187324e-02	1.198539871015132444e-02	-1.320220819094423091e-02	1.443798365889496782e-02	-1.556667851133755262e-02	1.308871378089584460e-02	-1.680058229981904599e-02	1.172899119372309770e-02	-1.015952476693141211e-02	1.382764773367525790e-02	-1.032161862497635307e-02	1.079340267044262905e-02	-9.529838337435495021e-03	1.321091244324838765e-02	-2.038127155687441405e-02
7.469829643237327343e-02	-8.363451133606158994e-02	1.000000000000000222e+00	-8.277282049063514613e-01	1.583861660046574915e-01	-4.427278923650298376e-02	5.265140499194435886e-02	-2.905323366165410981e-01	2.535485259035177297e-01	-1.774146088916702113e-01	4.309574432393624421e-02	-5.037110029636140962e-02	2.327383884885362575e-01	-1.456007338844566290e-01	1.277357381676948733e-01	-5.659637242873440111e-02	4.750553908254741275e-02	-7.567935554077565019e-02	7.504424660789113521e-02	-7.404922001381213092e-02	4.487442401042529561e-02	-4.839229594623793013e-02	5.619747910689077558e-02	-7.397361340027892862e-02	8.538655166983129263e-02	-3.397119252726576305e-02	5.894491949469281289e-02	-5.281294860021133741e-02	4.945724668372878524e-02	-5.121085390288510758e-02	3.670545010643123940e-02	-2.892492656872260037e-02	3.160052326771795039e-02	-3.569746910448619998e-02	3.813492818238280874e-02	-3.120381572988695923e-02	3.992652668893692525e-02	-3.170332146399373885e-02	2.742795460552398604e-02	-3.835825588167405403e-02	2.462486298909047355e-02	-2.648581317404700985e-02	2.522478385931632705e-02	-3.699054171185468809e-02	5.632758660294542863e-02
-6.834837199691842780e-02	6.855990262700137339e-02	-8.277282049063514613e-01	1.000000000000000000e+00	-2.300305727957674962e-01	3.922206690838282023e-02	-4.671837710007938071e-02	2.284725273027901626e-01	-3.235755094469022763e-01	1.821775786721036017e-01	-3.889629011173096479e-02	4.425332272549243467e-02	-2.600744766853014256e-01	1.440456440790270631e-01	-1.371480221255193810e-01	5.064260928849546178e-02	-4.333905077640216874e-02	6.994201429170875117e-02	-7.279607432373443043e-02	7.241239305880582677e-02	-4.056155163653940576e-02	4.326584588371974738e-02	-5.144347537960886063e-02	6.652544934923450282e-02	-8.414143166760097714e-02	3.017842771484342129e-02	-5.361506573216606730e-02	4.746773745333329741e-02	-4.596742110254585512e-02	4.734761544897572033e-02	-3.285025006426043476e-02	2.570101113854885572e-02	-2.819749516503285841e-02	3.224147904275291576e-02	-3.481103003108733385e-02	2.744126396030838883e-02	-3.530421694992979392e-02	2.687965828921815015e-02	-2.347227282021503020e-02	3.245770448246430850e-02	-2.168164420194543945e-02	2.313799408155323839e-02	-2.156147396527167970e-02	3.103910653099481443e-02	-4.758960323407651627e-02
2.166991184635904191e-02	-2.196909223337709799e-02	1.583861660046574915e-01	-2.300305727957674962e-01	9.999999999999997780e-01	-1.392693143080230705e-02	1.632135749547751480e-02	-9.182169850942147049e-02	1.376626966140504782e-01	-9.437789176858688567e-01	1.390236397880097695e-02	-1.617581171111047780e-02	9.460280751728167292e-02	-8.443945342833129863e-02	8.050123214721480180e-02	-2.459828315358229128e-02	2.064494404271782768e-02	-3.569228472162704752e-02	3.693810310974860595e-02	-4.015167663117000241e-02	1.982492064340775698e-02	-2.147158508563723131e-02	2.556616102761345016e-02	-3.375607672749537241e-02	4.214832182688756784e-02	-1.480912748087529276e-02	2.609995141753429157e-02	-2.357795390645468434e-02	2.281115945250175928e-02	-2.394657896533246982e-02	1.598450761316806343e-02	-1.263472493427486576e-02	1.381034696939916796e-02	-1.603175466485349740e-02	1.719334103998608476e-02	-1.344588210445153698e-02	1.718601499577069799e-02	-1.327280372677496628e-02	1.159153452011940817e-02	-1.608770590601666522e-02	1.058444580692252668e-02	-1.134548177154991178e-02	1.061172857100901867e-02	-1.535503456573225622e-02	2.321385354207371188e-02
-4.108730644385182873e-01	2.719428160502974645e-01	-4.427278923650298376e-02	3.922206690838282023e-02	-1.392693143080230705e-02	1.000000000000000000e+00	-4.908251518560237669e-01	4.516199780445403350e-02	-4.604964683268070180e-02	1.489612587856612574e-02	-6.896586502068617897e-01	3.223419687525907462e-01	-5.078121072836990629e-02	2.982237266692997629e-02	-2.958640575379161211e-02	7.545584875196410801e-02	-6.967825585639411679e-02	3.628094904094610745e-02	-3.257695580258503087e-02	2.377968453103817409e-02	-1.853993930746648811e-02	1.918903641504385651e-02	-2.291964782756761645e-02	2.638453463202421537e-02	-2.962442994374370892e-02	1.267737925365232388e-02	-2.160632430995090836e-02	1.889672349239406718e-02	-1.711496607392279379e-02	1.713950350729937303e-02	-1.380394019440123882e-02	9.794551820906851475e-03	-1.080610274137486053e-02	1.175262088042037210e-02	-1.269545060041013702e-02	1.074266523655478985e-02	-1.375607488398790899e-02	9.256073265904279576e-03	-8.014249290470945239e-03	1.082127248155305421e-02	-8.457762865732770807e-03	8.769197942778023461e-03	-7.562224167148360460e-03	1.030414452554449106e-02	-1.585037750461888717e-02
2.911886835437760834e-01	-4.488993916712221699e-01	5.265140499194435886e-02	-4.671837710007938071e-02	1.632135749547751480e-02	-4.908251518560237669e-01	1.000000000000000666e+00	-6.517567694018203128e-02	5.671370150956816375e-02	-1.754488428937316449e-02	3.130939791384531601e-01	-6.604179183832847855e-01	6.264739209086338245e-02	-3.389019682373251713e-02	3.216252951527527604e-02	-7.022215092428997496e-02	6.483785244638286260e-02	-3.650079703912988138e-02	3.204851873174158206e-02	-2.442233900806402985e-02	1.831709082261042190e-02	-1.920092137625048836e-02	2.283494739579406546e-02	-2.677561218517372776e-02	2.983246547712510230e-02	-1.269109228448359224e-02	2.160918969077236379e-02	-1.906366712016250783e-02	1.727656254083644385e-02	-1.741331780243799213e-02	1.375791055024551922e-02	-9.900894875767108499e-03	1.090105266420050671e-02	-1.193908295621817078e-02	1.285925792529105105e-02	-1.083323240478707185e-02	1.384477421983414114e-02	-9.524208242915881140e-03	8.246037235640287996e-03	-1.119120031687422488e-02	8.520482228869630942e-03	-8.881352015442760262e-03	7.751064898742027198e-03	-1.066936376063559386e-02	1.635326200278851283e-02
-5.473232715556596711e-02	5.907695314174280649e-02	-2.905323366165410981e-01	2.284725273027901626e-01	-9.182169850942147049e-02	4.516199780445403350e-02	-6.517567694018203128e-02	1.000000000000000666e+00	-6.109030277081002325e-01	9.898234631551504348e-02	-4.221454607627136979e-02	5.554130160530780513e-02	-6.556940700590853099e-01	1.927888755118107589e-01	-1.496789119730652096e-01	5.590390344245199650e-02	-4.748524642969772364e-02	7.972579813189631381e-02	-7.979905886844280982e-02	7.950661006104468853e-02	-4.336557314566106408e-02	4.703024001222496503e-02	-5.594156237179335328e-02	7.294018081929762309e-02	-8.816217635410740494e-02	3.245462364967400398e-02	-5.669481358251701741e-02	5.123355923472343310e-02	-4.881663360399280532e-02	5.090075914510871352e-02	-3.497824304726949302e-02	2.754546536030795870e-02	-3.008818294405572399e-02	3.458195599284205612e-02	-3.701550238201467558e-02	2.949352104146660269e-02	-3.763651918524592993e-02	2.938917036849479983e-02	-2.555223500397844211e-02	3.558551820400648186e-02	-2.321450617115222714e-02	2.491445881938766232e-02	-2.343916319957449479e-02	3.409838700188191907e-02	-5.145769431816754613e-02
6.068070309370263843e-02	-6.407432286494209317e-02	2.535485259035177297e-01	-3.235755094469022763e-01	1.376626966140504782e-01	-4.604964683268070180e-02	5.671370150956816375e-02	-6.109030277081002325e-01	1.000000000000000888e+00	-1.691641526913769122e-01	4.456472739189060173e-02	-5.553063370303442520e-02	3.267466210690398443e-01	-3.605566136243965603e-01	2.175213547085849686e-01	-8.183761625075448853e-02	6.780168300260765168e-02	-1.175201739647476623e-01	1.168970431418864669e-01	-1.209852583893746975e-01	6.580958651996314523e-02	-7.187481474043734553e-02	8.414843454489480401e-02	-1.120582892692626870e-01	1.301763866514659695e-01	-4.979221956212179223e-02	8.619724163289381458e-02	-7.852297483745124262e-02	7.393855237871253816e-02	-7.769575813955169330e-02	5.343890927522235851e-02	-4.238334627466015109e-02	4.618735907064908802e-02	-5.304418824936653343e-02	5.646323770940007980e-02	-4.549223091735282026e-02	5.789861704213787597e-02	-4.598837910452428096e-02	3.987167268889060118e-02	-5.577738147879483799e-02	3.576958968587608256e-02	-3.854464834625231928e-02	3.656093465029572331e-02	-5.355930936984226731e-02	8.046691727840010744e-02
-2.339493013430058582e-02	2.356640889685288412e-02	-1.774146088916702113e-01	1.821775786721036017e-01	-9.437789176858688567e-01	1.489612587856612574e-02	-1.754488428937316449e-02	9.898234631551504348e-02	-1.691641526913769122e-01	1.000000000000001110e+00	-1.487881514697503987e-02	1.726752177338200869e-02	-1.059068340061978392e-01	8.955512414827995760e-02	-9.272309982487270119e-02	2.566753302624248667e-02	-2.167876851458793580e-02	3.747508473896063452e-02	-3.955936515523298530e-02	4.297873786348199027e-02	-2.070436079122576004e-02	2.234441297792011047e-02	-2.679762135590516361e-02	3.516676486651372502e-02	-4.543565486207236381e-02	1.539065324255628475e-02	-2.730632497844477646e-02	2.457064908529196789e-02	-2.404721680579377172e-02	2.518255315328610591e-02	-1.664886144321937878e-02	1.313757807566273521e-02	-1.437855101805292010e-02	1.675494751744978014e-02	-1.803347561816966843e-02	1.393945849235095867e-02	-1.784590495747631275e-02	1.364590450194540575e-02	-1.195049542764438019e-02	1.653711401110429316e-02	-1.097858949587807859e-02	1.174401718154318916e-02	-1.093228478042460039e-02	1.575003485916309093e-02	-2.386599739250826191e-02
2.460621602894857152e-01	-2.673569458798156218e-01	4.309574432393624421e-02	-3.889629011173096479e-02	1.390236397880097695e-02	-6.896586502068617897e-01	3.130939791384531601e-01	-4.221454607627136979e-02	4.456472739189060173e-02	-1.487881514697503987e-02	1.000000000000000222e+00	-5.894656121209842503e-01	4.953770328765106506e-02	-3.126629725448318298e-02	3.149494954837133570e-02	-1.086715396876763023e-01	8.985255371909214861e-02	-4.364219619937907690e-02	3.799099425523419504e-02	-2.685635071255544626e-02	2.160684970914548281e-02	-2.234994178041506060e-02	2.667645758928477093e-02	-3.028186284568569475e-02	3.351589444583700367e-02	-1.457906879605598560e-02	2.460990528014158490e-02	-2.158812403494768384e-02	1.940465832373276453e-02	-1.939047313739943740e-02	1.581378024792143289e-02	-1.107846828622961917e-02	1.222397616321820903e-02	-1.325389477336509636e-02	1.431188254761666181e-02	-1.219099617160003535e-02	1.556834787347461703e-02	-1.030628926511424105e-02	8.915408896575903464e-03	-1.199643956037295227e-02	9.581721463018595328e-03	-9.899730409855962351e-03	8.439843984587819953e-03	-1.140840420086615403e-02	1.751349185434343536e-02
-3.151884765106612307e-01	2.565197077130129122e-01	-5.037110029636140962e-02	4.425332272549243467e-02	-1.617581171111047780e-02	3.223419687525907462e-01	-6.604179183832847855e-01	5.554130160530780513e-02	-5.553063370303442520e-02	1.726752177338200869e-02	-5.894656121209842503e-01	1.000000000000000888e+00	-6.293668339271293877e-02	3.599910714639290715e-02	-3.557278316512802602e-02	9.504272058359553021e-02	-9.724355649061211526e-02	4.624901076089721341e-02	-4.022110709758831837e-02	2.900680477439071189e-02	-2.262442689134263815e-02	2.353130785851854923e-02	-2.822959968408545947e-02	3.220304445316120312e-02	-3.593818626592151788e-02	1.538531219653367990e-02	-2.615166380958543202e-02	2.295271573123539716e-02	-2.072929155646293167e-02	2.076204006650500880e-02	-1.671597786273621225e-02	1.181135674118335109e-02	-1.302998661619974435e-02	1.418216277188238429e-02	-1.531478664044241995e-02	1.295766407721207943e-02	-1.656740951492124969e-02	1.107404125808946101e-02	-9.589649496548866697e-03	1.292837057742396781e-02	-1.019148630431101002e-02	1.055300284486702239e-02	-9.055981361592906065e-03	1.229822869638058300e-02	-1.889037230420603092e-02
6.548768336080913743e-02	-6.931413100628704138e-02	2.327383884885362575e-01	-2.600744766853014256e-01	9.460280751728167292e-02	-5.078121072836990629e-02	6.264739209086338245e-02	-6.556940700590853099e-01	3.267466210690398443e-01	-1.059068340061978392e-01	4.953770328765106506e-02	-6.293668339271293877e-02	1.000000000000001776e+00	-2.919266858188276359e-01	1.967480022058836764e-01	-8.831166135132412220e-02	7.342758705429454358e-02	-1.297367365576082288e-01	1.204828853323186844e-01	-1.191559046606677774e-01	7.022823552526047397e-02	-7.691211925194110788e-02	8.978591304727204236e-02	-1.186801881907100786e-01	1.312961226264244274e-01	-5.330131876191643303e-02	9.151121202244964781e-02	-8.346340157630469103e-02	7.712466592817378286e-02	-8.073553670685676420e-02	5.713151846255817151e-02	-4.519152005873408595e-02	4.921241799438542952e-02	-5.592416896329559239e-02	5.934004109685298706e-02	-4.878120503378399753e-02	6.201896354297717351e-02	-4.970991824782673013e-02	4.292348388342402676e-02	-6.021804565112859331e-02	3.835756218606278800e-02	-4.138246327916872414e-02	3.944546296458389945e-02	-5.803133986982197956e-02	8.721445992968018812e-02
-3.965665479166698149e-02	3.986339068662073104e-02	-1.456007338844566290e-01	1.440456440790270631e-01	-8.443945342833129863e-02	2.982237266692997629e-02	-3.389019682373251713e-02	1.927888755118107589e-01	-3.605566136243965603e-01	8.955512414827995760e-02	-3.126629725448318298e-02	3.599910714639290715e-02	-2.919266858188276359e-01	1.000000000000000888e+00	-7.548431186234521029e-01	9.220959295325407978e-02	-8.040206970072838466e-02	1.564508907641064261e-01	-2.093128893518537426e-01	2.243467170469336802e-01	-7.712674247199322042e-02	8.224238695212812700e-02	-1.063838969715105026e-01	1.351703561729543923e-01	-2.325521930508254731e-01	5.492899297619486393e-02	-1.027512138556702231e-01	9.174975501515732212e-02	-1.004570282899137079e-01	1.053396213156876093e-01	-5.995574615555841758e-02	4.724333566963954956e-02	-5.206767304257765849e-02	6.464039393601855865e-02	-7.135135414011602173e-02	4.835476211298959937e-02	-6.222586105421874098e-02	4.405899774715688055e-02	-3.981093159077239707e-02	5.373805116763299972e-02	-3.805007453400720274e-02	4.014829616734054418e-02	-3.585331656005599776e-02	4.978604512264470094e-02	-7.530409746984251251e-02
3.920983899059669875e-02	-3.938741835583119133e-02	1.277357381676948733e-01	-1.371480221255193810e-01	8.050123214721480180e-02	-2.958640575379161211e-02	3.216252951527527604e-02	-1.496789119730652096e-01	2.175213547085849686e-01	-9.272309982487270119e-02	3.149494954837133570e-02	-3.557278316512802602e-02	1.967480022058836764e-01	-7.548431186234521029e-01	1.000000000000000666e+00	-1.080138928427926692e-01	8.977977500053048454e-02	-1.869288741135032295e-01	2.087995991678125995e-01	-3.749521385223414938e-01	8.410505042364598005e-02	-9.319736729282451781e-02	1.178329728754202721e-01	-1.591245264426302541e-01	2.329370358599930635e-01	-6.097203608440183303e-02	1.101908071317410504e-01	-1.033546784586260731e-01	1.074171299844732114e-01	-1.203738667666588574e-01	6.526795384314505732e-02	-5.224829276478332174e-02	5.698694286742511661e-02	-7.164363194100326071e-02	7.677593359052140021e-02	-5.361975938935021474e-02	6.802011374556432566e-02	-4.981974969975465350e-02	4.465134350558624260e-02	-6.102473213869664959e-02	4.187247765913074127e-02	-4.462628520658155906e-02	4.020694999702055517e-02	-5.661038504599266719e-02	8.355196269590067781e-02
-7.138578377380763729e-02	6.533291329562554428e-02	-5.659637242873440111e-02	5.064260928849546178e-02	-2.459828315358229128e-02	7.545584875196410801e-02	-7.022215092428997496e-02	5.590390344245199650e-02	-8.183761625075448853e-02	2.566753302624248667e-02	-1.086715396876763023e-01	9.504272058359553021e-02	-8.831166135132412220e-02	9.220959295325407978e-02	-1.080138928427926692e-01	1.000000000000000666e+00	-8.842395310750961190e-01	2.388460423643593289e-01	-2.185571332297149283e-01	1.249126070350629059e-01	-1.170799286971709735e-01	1.123366548408188809e-01	-1.399811005793831498e-01	1.399553913609722366e-01	-1.645845540772209181e-01	7.119887490881211811e-02	-1.183187345481234998e-01	1.008258966033391546e-01	-9.129041528909553893e-02	8.892931448824969998e-02	-7.783707039259192551e-02	5.022612406914243877e-02	-5.591249626084732194e-02	5.942893296991658830e-02	-6.512350091748908554e-02	5.595605059950169852e-02	-7.157221077649567054e-02	4.200906550634470049e-02	-3.639916080506350876e-02	4.751485281611070310e-02	-4.402737373139431476e-02	4.418122625615569787e-02	-3.513432723751497289e-02	4.470900882856285175e-02	-6.909245003551395259e-02
6.230357567097150051e-02	-6.046135907437059920e-02	4.750553908254741275e-02	-4.333905077640216874e-02	2.064494404271782768e-02	-6.967825585639411679e-02	6.483785244638286260e-02	-4.748524642969772364e-02	6.780168300260765168e-02	-2.167876851458793580e-02	8.985255371909214861e-02	-9.724355649061211526e-02	7.342758705429454358e-02	-8.040206970072838466e-02	8.977977500053048454e-02	-8.842395310750961190e-01	1.000000000000000444e+00	-3.336670857502851972e-01	1.839807138104347373e-01	-1.113177508497872337e-01	9.719407837702918884e-02	-1.066710777882177996e-01	1.296659793555099693e-01	-1.335539488968040256e-01	1.321265501824938071e-01	-6.131911712994815578e-02	9.900728303491654336e-02	-9.071501231152490075e-02	7.718977417743957958e-02	-7.672792791857488415e-02	6.458386309709382433e-02	-4.254619178495253062e-02	4.690776530414761392e-02	-5.064698025348657318e-02	5.439507676859083735e-02	-4.729616402063757663e-02	5.922702914497635779e-02	-3.548536801189721562e-02	3.063471721242554124e-02	-4.023136608112458379e-02	3.669461893835862520e-02	-3.720531251031271303e-02	2.949950388968175172e-02	-3.778428466713108780e-02	5.702566793845218612e-02
-4.123743852159931361e-02	3.958931944842785516e-02	-7.567935554077565019e-02	6.994201429170875117e-02	-3.569228472162704752e-02	3.628094904094610745e-02	-3.650079703912988138e-02	7.972579813189631381e-02	-1.175201739647476623e-01	3.747508473896063452e-02	-4.364219619937907690e-02	4.624901076089721341e-02	-1.297367365576082288e-01	1.564508907641064261e-01	-1.869288741135032295e-01	2.388460423643593289e-01	-3.336670857502851972e-01	1.000000000000000666e+00	-6.498719342510338448e-01	2.531601261850578988e-01	-1.657371135914334215e-01	1.777618317353061028e-01	-3.620274566254653714e-01	2.569352149690862230e-01	-3.051831428222708253e-01	1.023447425739271305e-01	-1.931560051000076050e-01	1.730817475434920649e-01	-1.565825011973598913e-01	1.525719201162613892e-01	-1.125760875519900978e-01	7.735488458562650438e-02	-8.614497428847041338e-02	9.670304479008542953e-02	-1.058350160634680265e-01	8.148122209776072211e-02	-1.041068384487147808e-01	6.171977055974276621e-02	-5.466375997041336698e-02	7.105955988169589121e-02	-6.387070050774495966e-02	6.458043705132507362e-02	-5.156335804936582057e-02	6.567365701393346189e-02	-9.952481399018692221e-02
3.712828100497003042e-02	-3.650256957057407270e-02	7.504424660789113521e-02	-7.279607432373443043e-02	3.693810310974860595e-02	-3.257695580258503087e-02	3.204851873174158206e-02	-7.979905886844280982e-02	1.168970431418864669e-01	-3.955936515523298530e-02	3.799099425523419504e-02	-4.022110709758831837e-02	1.204828853323186844e-01	-2.093128893518537426e-01	2.087995991678125995e-01	-2.185571332297149283e-01	1.839807138104347373e-01	-6.498719342510338448e-01	1.000000000000001332e+00	-5.078141335655451671e-01	1.242310329545909947e-01	-1.457417627044617636e-01	2.118874559005941571e-01	-2.652144138190882239e-01	2.827293432139283968e-01	-8.357999880223652978e-02	1.504861148956362360e-01	-1.487937922811706226e-01	1.407659991209149197e-01	-1.569379812181789513e-01	8.831701166972011352e-02	-6.648273961569584056e-02	7.260840397921859701e-02	-9.016650732820002956e-02	9.522181067021384671e-02	-6.812088888587128355e-02	8.529947156790518292e-02	-5.512822195385464613e-02	4.957033648179959978e-02	-6.576475451364477420e-02	5.264142545887229990e-02	-5.480101653661000743e-02	4.536177469209390356e-02	-6.000071057675161745e-02	8.792077440154377754e-02
-2.927839862029780679e-02	2.878000439070247177e-02	-7.404922001381213092e-02	7.241239305880582677e-02	-4.015167663117000241e-02	2.377968453103817409e-02	-2.442233900806402985e-02	7.950661006104468853e-02	-1.209852583893746975e-01	4.297873786348199027e-02	-2.685635071255544626e-02	2.900680477439071189e-02	-1.191559046606677774e-01	2.243467170469336802e-01	-3.749521385223414938e-01	1.249126070350629059e-01	-1.113177508497872337e-01	2.531601261850578988e-01	-5.078141335655451671e-01	1.000000000000000000e+00	-9.934495108239363437e-02	1.073445990164949848e-01	-1.533944469786719944e-01	1.950504363352796589e-01	-6.454120223405036549e-01	6.784559973396234178e-02	-1.319713667019895842e-01	1.214877505488980713e-01	-1.563282347468731570e-01	1.739088340828167101e-01	-7.377788070439647572e-02	5.930862372058801762e-02	-6.552926792223491559e-02	9.084308259037718325e-02	-1.024044451328087052e-01	5.785385028996894302e-02	-7.415386044024768752e-02	4.947744797071490508e-02	-4.680183239247621280e-02	6.165561324807140170e-02	-4.523720393894729158e-02	4.737321272280262813e-02	-4.081371669414806530e-02	5.483463350415600235e-02	-8.147449575916737574e-02
2.211263660842306689e-02	-2.140993357293817512e-02	4.487442401042529561e-02	-4.056155163653940576e-02	1.982492064340775698e-02	-1.853993930746648811e-02	1.831709082261042190e-02	-4.336557314566106408e-02	6.580958651996314523e-02	-2.070436079122576004e-02	2.160684970914548281e-02	-2.262442689134263815e-02	7.022823552526047397e-02	-7.712674247199322042e-02	8.410505042364598005e-02	-1.170799286971709735e-01	9.719407837702918884e-02	-1.657371135914334215e-01	1.242310329545909947e-01	-9.934495108239363437e-02	9.999999999999993339e-01	-7.022579192367506273e-01	2.434265565860790903e-01	-2.744649096523497089e-01	1.260730321809120646e-01	-4.664492299274613507e-01	1.784636026495637906e-01	-1.785739035103445504e-01	1.142596259797748620e-01	-1.120207529053053042e-01	2.528837317889407466e-01	-9.311402460341175469e-02	9.778062278859248058e-02	-8.273367085424783440e-02	8.294104099722900136e-02	-1.582391090664057864e-01	1.526060510217422672e-01	-7.348783138460497633e-02	5.408668650221493124e-02	-6.896385677061182828e-02	1.055990540449396192e-01	-1.022217266987881928e-01	6.207108620630331919e-02	-6.930316343837879256e-02	9.511205457388179074e-02
-2.324277381544627777e-02	2.236029723471935626e-02	-4.839229594623793013e-02	4.326584588371974738e-02	-2.147158508563723131e-02	1.918903641504385651e-02	-1.920092137625048836e-02	4.703024001222496503e-02	-7.187481474043734553e-02	2.234441297792011047e-02	-2.234994178041506060e-02	2.353130785851854923e-02	-7.691211925194110788e-02	8.224238695212812700e-02	-9.319736729282451781e-02	1.123366548408188809e-01	-1.066710777882177996e-01	1.777618317353061028e-01	-1.457417627044617636e-01	1.073445990164949848e-01	-7.022579192367506273e-01	1.000000000000001110e+00	-4.475950314203761549e-01	2.619315918314850666e-01	-1.432071575790166140e-01	2.421147514056939953e-01	-2.368163544823995992e-01	1.995984763515557814e-01	-1.268365540815458992e-01	1.176669167268128424e-01	-2.599242429007418975e-01	1.004880609574683170e-01	-1.109079553990035549e-01	8.848905579870847138e-02	-9.136611579338595190e-02	1.436991858913352904e-01	-1.712067067156221312e-01	7.619483696425767560e-02	-5.740411079579070541e-02	7.218942117583669604e-02	-1.110333477318828643e-01	1.013629127545698089e-01	-6.561973775330359748e-02	7.214297943362081578e-02	-1.049173547326546219e-01
2.724730972388041822e-02	-2.639126744699212337e-02	5.619747910689077558e-02	-5.144347537960886063e-02	2.556616102761345016e-02	-2.291964782756761645e-02	2.283494739579406546e-02	-5.594156237179335328e-02	8.414843454489480401e-02	-2.679762135590516361e-02	2.667645758928477093e-02	-2.822959968408545947e-02	8.978591304727204236e-02	-1.063838969715105026e-01	1.178329728754202721e-01	-1.399811005793831498e-01	1.296659793555099693e-01	-3.620274566254653714e-01	2.118874559005941571e-01	-1.533944469786719944e-01	2.434265565860790903e-01	-4.475950314203761549e-01	1.000000000000000222e+00	-6.196022540099518361e-01	1.953403674384558975e-01	-1.463708919882009130e-01	2.580556652018310970e-01	-3.503455732850750959e-01	1.780104075874295866e-01	-1.636727666633062961e-01	1.456621490171305100e-01	-9.655224220253967593e-02	1.058522162666429983e-01	-1.091930841543425901e-01	1.097737742835908636e-01	-1.026622105465399559e-01	1.241447573123620474e-01	-6.868839366598435137e-02	5.803197253477842404e-02	-7.459843030846889655e-02	7.757850462132283298e-02	-7.811402137356673880e-02	5.748402287076963962e-02	-6.986032272012791811e-02	1.011313546832542098e-01
-3.281317022028877595e-02	3.157304508253457737e-02	-7.397361340027892862e-02	6.652544934923450282e-02	-3.375607672749537241e-02	2.638453463202421537e-02	-2.677561218517372776e-02	7.294018081929762309e-02	-1.120582892692626870e-01	3.516676486651372502e-02	-3.028186284568569475e-02	3.220304445316120312e-02	-1.186801881907100786e-01	1.351703561729543923e-01	-1.591245264426302541e-01	1.399553913609722366e-01	-1.335539488968040256e-01	2.569352149690862230e-01	-2.652144138190882239e-01	1.950504363352796589e-01	-2.744649096523497089e-01	2.619315918314850666e-01	-6.196022540099518361e-01	1.000000000000000888e+00	-3.159906752771409200e-01	1.595765816515138658e-01	-3.133332207885864973e-01	2.613408542798004719e-01	-3.000735677120318634e-01	2.207602061384684178e-01	-1.840292130374109603e-01	1.192631431024014366e-01	-1.355413805303436192e-01	1.495573832131893155e-01	-1.594398299630034876e-01	1.261818063200896844e-01	-1.648437160068614571e-01	8.915932382262602152e-02	-7.846092215659310198e-02	9.941558101367463374e-02	-1.002306763598096451e-01	9.871907980811009398e-02	-7.564229474933206743e-02	9.205766051910588277e-02	-1.401222794310322539e-01
3.608375968401429656e-02	-3.558521365944541937e-02	8.538655166983129263e-02	-8.414143166760097714e-02	4.214832182688756784e-02	-2.962442994374370892e-02	2.983246547712510230e-02	-8.816217635410740494e-02	1.301763866514659695e-01	-4.543565486207236381e-02	3.351589444583700367e-02	-3.593818626592151788e-02	1.312961226264244274e-01	-2.325521930508254731e-01	2.329370358599930635e-01	-1.645845540772209181e-01	1.321265501824938071e-01	-3.051831428222708253e-01	2.827293432139283968e-01	-6.454120223405036549e-01	1.260730321809120646e-01	-1.432071575790166140e-01	1.953403674384558975e-01	-3.159906752771409200e-01	1.000000000000001110e+00	-8.877183398584820306e-02	1.691281720818004486e-01	-1.697134728172070006e-01	2.210455425434069143e-01	-3.518451231503051946e-01	9.424571739627556066e-02	-8.112172424110032642e-02	8.814632767311079975e-02	-1.356693815480636001e-01	1.443260668836067462e-01	-7.635151038090418063e-02	9.642276854617000403e-02	-6.743159669201220785e-02	6.482116370722333654e-02	-8.671210175351225236e-02	5.910205914388955151e-02	-6.297523960012513244e-02	5.515909447402780885e-02	-7.550366540940041393e-02	1.081812221426545900e-01
-1.563876184115097975e-02	1.508996765053243275e-02	-3.397119252726576305e-02	3.017842771484342129e-02	-1.480912748087529276e-02	1.267737925365232388e-02	-1.269109228448359224e-02	3.245462364967400398e-02	-4.979221956212179223e-02	1.539065324255628475e-02	-1.457906879605598560e-02	1.538531219653367990e-02	-5.330131876191643303e-02	5.492899297619486393e-02	-6.097203608440183303e-02	7.119887490881211811e-02	-6.131911712994815578e-02	1.023447425739271305e-01	-8.357999880223652978e-02	6.784559973396234178e-02	-4.664492299274613507e-01	2.421147514056939953e-01	-1.463708919882009130e-01	1.595765816515138658e-01	-8.877183398584820306e-02	9.999999999999985567e-01	-1.564027526684151070e-01	1.309064054910495656e-01	-8.436777658967115068e-02	8.158376192974015062e-02	-7.371067122484372680e-01	1.046944469866886579e-01	-1.128267742132367801e-01	6.950722804678018119e-02	-7.073914873474852760e-02	2.268674946874472687e-01	-2.258768652229147522e-01	8.091053552042556940e-02	-5.298313877405245315e-02	6.451845296122947493e-02	-1.645680995017087256e-01	1.333530381724624125e-01	-7.169363536672010428e-02	6.906205458526187835e-02	-9.510581404586046506e-02
2.668672876115369547e-02	-2.595016434474089334e-02	5.894491949469281289e-02	-5.361506573216606730e-02	2.609995141753429157e-02	-2.160632430995090836e-02	2.160918969077236379e-02	-5.669481358251701741e-02	8.619724163289381458e-02	-2.730632497844477646e-02	2.460990528014158490e-02	-2.615166380958543202e-02	9.151121202244964781e-02	-1.027512138556702231e-01	1.101908071317410504e-01	-1.183187345481234998e-01	9.900728303491654336e-02	-1.931560051000076050e-01	1.504861148956362360e-01	-1.319713667019895842e-01	1.784636026495637906e-01	-2.368163544823995992e-01	2.580556652018310970e-01	-3.133332207885864973e-01	1.691281720818004486e-01	-1.564027526684151070e-01	9.999999999999974465e-01	-7.911758016805232607e-01	2.068471232011017125e-01	-2.056257653485319969e-01	1.422475319057663057e-01	-1.827733430110108082e-01	1.683580794250985058e-01	-1.447020454238696074e-01	1.357330388732120308e-01	-1.220359490328729174e-01	1.459305015797209837e-01	-8.977233636587508836e-02	7.371823663117761660e-02	-9.581109335561854845e-02	8.836570948545839632e-02	-9.827154755670450270e-02	7.288655656767656366e-02	-8.932137938597017879e-02	1.208899310489930379e-01
-2.351761387485301613e-02	2.272041896992293281e-02	-5.281294860021133741e-02	4.746773745333329741e-02	-2.357795390645468434e-02	1.889672349239406718e-02	-1.906366712016250783e-02	5.123355923472343310e-02	-7.852297483745124262e-02	2.457064908529196789e-02	-2.158812403494768384e-02	2.295271573123539716e-02	-8.346340157630469103e-02	9.174975501515732212e-02	-1.033546784586260731e-01	1.008258966033391546e-01	-9.071501231152490075e-02	1.730817475434920649e-01	-1.487937922811706226e-01	1.214877505488980713e-01	-1.785739035103445504e-01	1.995984763515557814e-01	-3.503455732850750959e-01	2.613408542798004719e-01	-1.697134728172070006e-01	1.309064054910495656e-01	-7.911758016805232607e-01	9.999999999999988898e-01	-2.633711196308303748e-01	1.903711889225764564e-01	-1.366935099292859168e-01	1.534969710365572948e-01	-1.841819409127994911e-01	1.393962838249337699e-01	-1.393348942193505802e-01	1.082373399740922670e-01	-1.409215487194157845e-01	8.027687372606615024e-02	-6.826925066007490106e-02	8.614805659909952062e-02	-8.222394199803617632e-02	8.764955355133126347e-02	-6.680079713424254273e-02	7.955551006207392528e-02	-1.143758944620688334e-01
2.126434823639999569e-02	-2.071763436870038139e-02	4.945724668372878524e-02	-4.596742110254585512e-02	2.281115945250175928e-02	-1.711496607392279379e-02	1.727656254083644385e-02	-4.881663360399280532e-02	7.393855237871253816e-02	-2.404721680579377172e-02	1.940465832373276453e-02	-2.072929155646293167e-02	7.712466592817378286e-02	-1.004570282899137079e-01	1.074171299844732114e-01	-9.129041528909553893e-02	7.718977417743957958e-02	-1.565825011973598913e-01	1.407659991209149197e-01	-1.563282347468731570e-01	1.142596259797748620e-01	-1.268365540815458992e-01	1.780104075874295866e-01	-3.000735677120318634e-01	2.210455425434069143e-01	-8.436777658967115068e-02	2.068471232011017125e-01	-2.633711196308303748e-01	9.999999999999981126e-01	-7.357080729790302920e-01	8.985640886868365151e-02	-1.133164248592156004e-01	1.234661876456157742e-01	-3.808421838954000882e-01	2.694096546897586930e-01	-7.841044529416890674e-02	1.014574144936092465e-01	-7.424497858972253783e-02	8.633417634190897194e-02	-1.091060386429428819e-01	6.025818166480127747e-02	-6.684499294234562405e-02	6.143313646051709598e-02	-8.453159377291158405e-02	1.159243286161027592e-01
-2.146383261775711149e-02	2.087140891977246754e-02	-5.121085390288510758e-02	4.734761544897572033e-02	-2.394657896533246982e-02	1.713950350729937303e-02	-1.741331780243799213e-02	5.090075914510871352e-02	-7.769575813955169330e-02	2.518255315328610591e-02	-1.939047313739943740e-02	2.076204006650500880e-02	-8.073553670685676420e-02	1.053396213156876093e-01	-1.203738667666588574e-01	8.892931448824969998e-02	-7.672792791857488415e-02	1.525719201162613892e-01	-1.569379812181789513e-01	1.739088340828167101e-01	-1.120207529053053042e-01	1.176669167268128424e-01	-1.636727666633062961e-01	2.207602061384684178e-01	-3.518451231503051946e-01	8.158376192974015062e-02	-2.056257653485319969e-01	1.903711889225764564e-01	-7.357080729790302920e-01	9.999999999999980016e-01	-8.913984289759951940e-02	1.021778551563104070e-01	-1.158921115842677790e-01	2.618311684464448286e-01	-3.667287953581586102e-01	7.601935928826450417e-02	-1.006072574864122354e-01	7.277658583370855139e-02	-8.781484356378067846e-02	1.098307852874262913e-01	-5.944168879879475897e-02	6.491570099805554772e-02	-6.116683408234878383e-02	8.353673319872052805e-02	-1.224378405106528039e-01
1.696952925390581707e-02	-1.644760197632187324e-02	3.670545010643123940e-02	-3.285025006426043476e-02	1.598450761316806343e-02	-1.380394019440123882e-02	1.375791055024551922e-02	-3.497824304726949302e-02	5.343890927522235851e-02	-1.664886144321937878e-02	1.581378024792143289e-02	-1.671597786273621225e-02	5.713151846255817151e-02	-5.995574615555841758e-02	6.526795384314505732e-02	-7.783707039259192551e-02	6.458386309709382433e-02	-1.125760875519900978e-01	8.831701166972011352e-02	-7.377788070439647572e-02	2.528837317889407466e-01	-2.599242429007418975e-01	1.456621490171305100e-01	-1.840292130374109603e-01	9.424571739627556066e-02	-7.371067122484372680e-01	1.422475319057663057e-01	-1.366935099292859168e-01	8.985640886868365151e-02	-8.913984289759951940e-02	9.999999999999996669e-01	-1.172636691278166193e-01	1.146141840194863648e-01	-7.488866694351595243e-02	7.462721747171394138e-02	-4.179438726908162316e-01	2.243498120864420853e-01	-9.099559238867895028e-02	5.762325419665475373e-02	-7.103580486922854431e-02	1.824072508296892825e-01	-1.660893081918360381e-01	7.834642319346071804e-02	-7.674241723391021786e-02	9.886643454028733180e-02
-1.238787691650425869e-02	1.198539871015132444e-02	-2.892492656872260037e-02	2.570101113854885572e-02	-1.263472493427486576e-02	9.794551820906851475e-03	-9.900894875767108499e-03	2.754546536030795870e-02	-4.238334627466015109e-02	1.313757807566273521e-02	-1.107846828622961917e-02	1.181135674118335109e-02	-4.519152005873408595e-02	4.724333566963954956e-02	-5.224829276478332174e-02	5.022612406914243877e-02	-4.254619178495253062e-02	7.735488458562650438e-02	-6.648273961569584056e-02	5.930862372058801762e-02	-9.311402460341175469e-02	1.004880609574683170e-01	-9.655224220253967593e-02	1.192631431024014366e-01	-8.112172424110032642e-02	1.046944469866886579e-01	-1.827733430110108082e-01	1.534969710365572948e-01	-1.133164248592156004e-01	1.021778551563104070e-01	-1.172636691278166193e-01	9.999999999999973355e-01	-8.692358353849505281e-01	1.525768066547973922e-01	-1.514241939152924932e-01	1.542761837348154141e-01	-3.098369391206294288e-01	1.153572289215994140e-01	-7.534244668645138920e-02	8.685309286357338621e-02	-1.095749949271519197e-01	1.404968452943261836e-01	-9.508914958012754104e-02	8.605992864349279459e-02	-1.127796294647692987e-01
1.362518495472250270e-02	-1.320220819094423091e-02	3.160052326771795039e-02	-2.819749516503285841e-02	1.381034696939916796e-02	-1.080610274137486053e-02	1.090105266420050671e-02	-3.008818294405572399e-02	4.618735907064908802e-02	-1.437855101805292010e-02	1.222397616321820903e-02	-1.302998661619974435e-02	4.921241799438542952e-02	-5.206767304257765849e-02	5.698694286742511661e-02	-5.591249626084732194e-02	4.690776530414761392e-02	-8.614497428847041338e-02	7.260840397921859701e-02	-6.552926792223491559e-02	9.778062278859248058e-02	-1.109079553990035549e-01	1.058522162666429983e-01	-1.355413805303436192e-01	8.814632767311079975e-02	-1.128267742132367801e-01	1.683580794250985058e-01	-1.841819409127994911e-01	1.234661876456157742e-01	-1.158921115842677790e-01	1.146141840194863648e-01	-8.692358353849505281e-01	9.999999999999978906e-01	-2.068253720604491253e-01	1.563987488703976469e-01	-1.638844550873994610e-01	2.189258872571895886e-01	-1.354798742109505350e-01	8.209598493782187256e-02	-9.728543446723399157e-02	1.095164117257487330e-01	-1.499560093741260092e-01	1.011814498076994001e-01	-9.557684061403588782e-02	1.175036141592415567e-01
-1.489249443449621596e-02	1.443798365889496782e-02	-3.569746910448619998e-02	3.224147904275291576e-02	-1.603175466485349740e-02	1.175262088042037210e-02	-1.193908295621817078e-02	3.458195599284205612e-02	-5.304418824936653343e-02	1.675494751744978014e-02	-1.325389477336509636e-02	1.418216277188238429e-02	-5.592416896329559239e-02	6.464039393601855865e-02	-7.164363194100326071e-02	5.942893296991658830e-02	-5.064698025348657318e-02	9.670304479008542953e-02	-9.016650732820002956e-02	9.084308259037718325e-02	-8.273367085424783440e-02	8.848905579870847138e-02	-1.091930841543425901e-01	1.495573832131893155e-01	-1.356693815480636001e-01	6.950722804678018119e-02	-1.447020454238696074e-01	1.393962838249337699e-01	-3.808421838954000882e-01	2.618311684464448286e-01	-7.488866694351595243e-02	1.525768066547973922e-01	-2.068253720604491253e-01	9.999999999999986677e-01	-8.108514275382715519e-01	7.762495181185784243e-02	-1.067964696497093052e-01	9.138344751311867908e-02	-1.536571636895129045e-01	1.642606794428825845e-01	-6.015074081257795746e-02	7.118539982526997378e-02	-7.768056558763007657e-02	1.112514251375304741e-01	-1.523421105799861175e-01
