1.000000000000000222e+00	-2.363570304303672098e-01	2.767801930512624464e-01	-1.041978678845154604e-01	1.299086816436781644e-01	-3.679514891969492552e-01	1.964111306106254562e-01	-1.343211615947388360e-01	1.318376465470781633e-01	-1.825125353626215752e-01	2.464716895003981612e-01	-2.348518392623855922e-01	1.772562378439777875e-01	-1.732044084197948697e-01	1.495788260742107467e-01	-2.313762337066235797e-01	1.886944703885665153e-01	-1.921147375329503859e-01	1.535305323595750060e-01	-1.184783976267999306e-01	1.939605442582587325e-01	-1.739994260792145642e-01	1.685699706404437670e-01	-1.758052018809355688e-01	1.079147799182758188e-01	-1.569223869505571023e-01	1.849106937860905131e-01	-1.873653812754080827e-01	1.834467021983151591e-01	-3.282614827235424415e-01	1.841368455883832245e-01	-3.196275182496213230e-01	1.598767882621295877e-01	-1.914494119480230072e-01	1.526576802030966684e-01	-9.266331260897518740e-02	1.021319738185515191e-01	-1.294189608893853427e-01	1.315976091277332449e-01	-1.266515822350509080e-01	6.809141271424476449e-02	-7.799416036843337396e-02	1.941519240290918991e-01	-1.141897380433365972e-01	1.147188681577405722e-01
-2.363570304303672098e-01	1.000000000000000222e+00	-2.616484910270722164e-01	8.867449755445973303e-02	-9.699696797293469452e-02	1.581494233364909852e-01	-8.778000991430471300e-01	1.712594547398035016e-01	-1.734579756844621956e-01	1.063419045595266760e-01	-1.474981142958116664e-01	1.280260935999134597e-01	-1.033276376859875723e-01	8.550202250321595199e-02	-8.972923509611173409e-02	1.029380832467131635e-01	-9.778279877409436216e-02	9.326264878857357110e-02	-7.741360564013070877e-02	5.397485458412579901e-02	-9.567566622475931482e-02	8.144825544118319827e-02	-8.149806722264929526e-02	7.700134603808582445e-02	-5.061940968495138443e-02	6.954749214450660355e-02	-8.744270949587949759e-02	8.369117185539000359e-02	-8.225265546426305252e-02	1.198956943063223396e-01	-8.482659431399104666e-02	1.150230178319661262e-01	-6.191230394762313460e-02	7.188789572401982353e-02	-5.873252315549543079e-02	3.734059776905687689e-02	-4.119740263870391023e-02	4.979592483732251523e-02	-5.120500691647590641e-02	4.817071880150174817e-02	-2.774746597906561918e-02	3.084853749546004331e-02	-7.748425462906016747e-02	4.411141599236148569e-02	-4.475189417378160062e-02
2.767801930512624464e-01	-2.616484910270722164e-01	1.000000000000000444e+00	-3.665052367709444314e-01	2.599416087406652975e-01	-1.410363782015169598e-01	2.002125644334514509e-01	-2.378577921907902848e-01	1.969384132111748065e-01	-2.260715971718969541e-01	1.371750828233088970e-01	-1.725981256406782516e-01	1.437807954352021411e-01	-1.608750528233929555e-01	1.658408609628584662e-01	-1.490666497721899186e-01	1.392962224899492729e-01	-1.504469411817986879e-01	1.389768287078706199e-01	-1.054021357040172968e-01	1.415549946504510159e-01	-1.292309249104864333e-01	1.337965016022323872e-01	-1.520555511468729137e-01	9.615179217314294424e-02	-1.190909998735733832e-01	1.441194305960725452e-01	-1.473072772158876276e-01	1.575495874037732003e-01	-2.780492997497910901e-01	1.458125156920915266e-01	-2.526414600759929741e-01	1.305990674672404261e-01	-1.569745523351525895e-01	1.279936047148461653e-01	-7.421507050994854970e-02	8.280869473885943410e-02	-1.064251127351241027e-01	1.091549386452072695e-01	-1.058318351869666080e-01	5.515954343790932524e-02	-6.318338400571721358e-02	1.641337165133041065e-01	-9.541826831099645134e-02	9.630534387184697120e-02
-1.041978678845154604e-01	8.867449755445973303e-02	-3.665052367709444314e-01	1.000000000000000000e+00	-8.784936500208880839e-01	5.346557321878993990e-02	-8.157044678699500173e-02	1.269846949973023331e-01	-1.459259019210150388e-01	1.257323419131132491e-01	-5.286301389353980501e-02	6.763330027913998233e-02	-5.978908292954260295e-02	7.046036634569610713e-02	-9.633639131787753718e-02	5.703600200640014661e-02	-5.489337352433829031e-02	6.021853209538965968e-02	-6.169743922611149733e-02	4.328393490396423293e-02	-5.497798689184085763e-02	5.006466437631086619e-02	-5.308932816614268108e-02	6.024594334039658217e-02	-4.036396707147731078e-02	4.538790816616544710e-02	-5.595011609625378385e-02	5.714240327100326283e-02	-6.317357685931747346e-02	9.902569019660686922e-02	-5.590344035791283001e-02	8.988031184066294643e-02	-4.772353188346960956e-02	5.674791226364145347e-02	-4.665076034484546413e-02	2.736970033068488600e-02	-3.054334815526199565e-02	3.875526855971323653e-02	-3.992133039149109441e-02	3.833760307179333998e-02	-2.040666617673420058e-02	2.317317194692975618e-02	-6.049592731617682573e-02	3.476366826545573829e-02	-3.524114854530702168e-02
1.299086816436781644e-01	-9.699696797293469452e-02	2.599416087406652975e-01	-8.784936500208880839e-01	1.000000000000000000e+00	-6.525435964378355214e-02	8.698633937990880860e-02	-1.336041122712711970e-01	1.322618319521659536e-01	-1.689172507596753692e-01	6.458132124725962653e-02	-8.401814754177210076e-02	7.309589923018648683e-02	-8.828775734397105446e-02	1.141841253476806178e-01	-7.150007229322832836e-02	6.828908178526127415e-02	-7.516806927336844302e-02	7.603339355964842949e-02	-5.463948631486671009e-02	6.870362250322675779e-02	-6.286379786868197261e-02	6.641774888841502078e-02	-7.656394800265334255e-02	5.045780548284162226e-02	-5.738698944034788252e-02	7.029767889144034054e-02	-7.218392048600341671e-02	7.954608609180256751e-02	-1.292940087489787837e-01	7.051170545238469312e-02	-1.168832298849703522e-01	6.152756131296126252e-02	-7.351260169309335735e-02	6.028222615723574651e-02	-3.509377836135609691e-02	3.917299853598708165e-02	-5.002618941603886177e-02	5.146179910064315605e-02	-4.962798453268586069e-02	2.613790151911976611e-02	-2.978959053042151001e-02	7.773454985896138814e-02	-4.488137087477866993e-02	4.543363717109283328e-02
-3.679514891969492552e-01	1.581494233364909852e-01	-1.410363782015169598e-01	5.346557321878993990e-02	-6.525435964378355214e-02	1.000000000000000222e+00	-1.953810950075685060e-01	8.147729516458412924e-02	-8.001036189434923562e-02	9.170050469725390951e-02	-8.233483177244863560e-01	1.723120559055600909e-01	-1.340347652876688889e-01	9.493108825518614680e-02	-8.100054458551607384e-02	2.078211043177672912e-01	-1.611574064358118341e-01	1.254404661897583206e-01	-8.856988864111033088e-02	6.202221394730134119e-02	-1.784662441987074077e-01	1.266659629739312065e-01	-1.130501359568023417e-01	9.091998591815488029e-02	-5.825297817928459104e-02	1.020508555457458888e-01	-1.279952923769915873e-01	1.125789384071215898e-01	-9.850395240171966327e-02	1.354719199973747623e-01	-1.216915952225884473e-01	1.376134484592802243e-01	-7.476360690352687466e-02	8.477471249868485936e-02	-6.867101084802709754e-02	4.790911104838942169e-02	-5.209532854855372652e-02	5.954344209816193195e-02	-6.102647171173328222e-02	5.628038423498454845e-02	-3.540727602218846776e-02	3.845758701467864166e-02	-9.188930123846703046e-02	5.198631248623469814e-02	-5.270873956217654588e-02
1.964111306106254562e-01	-8.778000991430471300e-01	2.002125644334514509e-01	-8.157044678699500173e-02	8.698633937990880860e-02	-1.953810950075685060e-01	1.000000000000000000e+00	-2.199880216977495861e-01	1.664632936346907566e-01	-1.105226960547887882e-01	1.476617953662953120e-01	-1.478011642898328093e-01	1.074893673198862309e-01	-8.902069405568813210e-02	8.985216215050015331e-02	-1.089519076113766027e-01	1.013636536476665434e-01	-9.828791938745973233e-02	7.925454790744364264e-02	-5.579905922203989149e-02	9.695447704091510188e-02	-8.448442805708097914e-02	8.365736547501573250e-02	-7.977878579426368744e-02	5.188675436225806403e-02	-7.127932824229851749e-02	8.891140135650463239e-02	-8.678277563533010053e-02	8.415257156196240262e-02	-1.246711968049970115e-01	8.546116780226327425e-02	-1.194718385298728508e-01	6.374771049999615469e-02	-7.433552171054266799e-02	6.045684571870605512e-02	-3.820072168792293388e-02	4.208305194517880654e-02	-5.124683930804536242e-02	5.258275266243354201e-02	-4.963566157040816273e-02	2.830761510540900222e-02	-3.159806022700868688e-02	7.910847205934121162e-02	-4.531211952258940023e-02	4.590375381220497542e-02
-1.343211615947388360e-01	1.712594547398035016e-01	-2.378577921907902848e-01	1.269846949973023331e-01	-1.336041122712711970e-01	8.147729516458412924e-02	-2.199880216977495861e-01	1.000000000000000888e+00	-8.860301561344189336e-01	1.759117363051251326e-01	-7.956480686297093263e-02	1.075602498355987119e-01	-1.147569976257433871e-01	1.047456453115646891e-01	-1.523257378869962153e-01	7.921829402574455392e-02	-8.138950222335301909e-02	9.305008848649583275e-02	-9.334132547519087553e-02	5.868012748859013916e-02	-7.654426360075480829e-02	6.962670275716044410e-02	-7.621982435858080940e-02	7.877846950302884454e-02	-5.625045561779191960e-02	5.933518037151427199e-02	-7.607972371364221664e-02	7.748125391518281835e-02	-8.414954806645164043e-02	1.065698379491188813e-01	-7.287442689740654400e-02	9.840042293701023457e-02	-5.503211014571892518e-02	6.369555238116671181e-02	-5.288475458162746057e-02	3.248114438235036316e-02	-3.608916879479893286e-02	4.420940289533773632e-02	-4.579850607479160618e-02	4.298150292942196776e-02	-2.428846916235077869e-02	2.702001040043304492e-02	-7.009077225896220842e-02	3.945725492995241085e-02	-4.028843546344504367e-02
1.318376465470781633e-01	-1.734579756844621956e-01	1.969384132111748065e-01	-1.459259019210150388e-01	1.322618319521659536e-01	-8.001036189434923562e-02	1.664632936346907566e-01	-8.860301561344189336e-01	1.000000000000000444e+00	-2.368993844137891325e-01	7.679328639884824836e-02	-1.086060092758745627e-01	1.055273240587808331e-01	-1.131336309970420589e-01	1.544879477472046181e-01	-8.041574684592725508e-02	8.106975866320072222e-02	-9.422119203892992401e-02	9.476813010957607641e-02	-6.125219027112364933e-02	7.659882113517940683e-02	-7.053191466523893449e-02	7.654646010842615367e-02	-8.232855707596430095e-02	5.760406693118445831e-02	-6.040128512420903095e-02	7.665815219283374227e-02	-7.940237993591166277e-02	8.582464037134740487e-02	-1.131485130034065451e-01	7.354669853121949263e-02	-1.036311847346426951e-01	5.723381393304077802e-02	-6.675640123104460699e-02	5.516980790866295864e-02	-3.349497428994518272e-02	3.720084025799454130e-02	-4.602985343759413706e-02	4.757633862504380418e-02	-4.493198089073080492e-02	2.499041016216964339e-02	-2.794836636119402140e-02	7.235373530303990108e-02	-4.105768237748594340e-02	4.183791224633516548e-02
-1.825125353626215752e-01	1.063419045595266760e-01	-2.260715971718969541e-01	1.257323419131132491e-01	-1.689172507596753692e-01	9.170050469725390951e-02	-1.105226960547887882e-01	1.759117363051251326e-01	-2.368993844137891325e-01	9.999999999999985567e-01	-9.666796558356934022e-02	1.393422883391882139e-01	-1.485876162211093865e-01	2.464370574169351957e-01	-7.962286729083563053e-01	1.122194027287096163e-01	-1.204555063628303391e-01	1.412515463688641948e-01	-2.276197868756789922e-01	1.237676646344410408e-01	-1.155526739047190998e-01	1.054258073837631704e-01	-1.239348420798453421e-01	1.503025981855763693e-01	-1.245675302908194476e-01	9.133257643296828487e-02	-1.205174041621650538e-01	1.239764222484572714e-01	-1.654600974274500758e-01	1.567422727767735779e-01	-1.154587843520052809e-01	1.389429116469993175e-01	-8.444783397590809038e-02	9.595395969174221051e-02	-8.240874385284797932e-02	4.963069993265768753e-02	-5.563775923693981690e-02	6.760068821601238065e-02	-7.118400187859134920e-02	6.564984613377172762e-02	-3.758411291759161665e-02	4.129918238354590015e-02	-1.118924338863176854e-01	6.104371071522110559e-02	-6.321797292102179777e-02
2.464716895003981612e-01	-1.474981142958116664e-01	1.371750828233088970e-01	-5.286301389353980501e-02	6.458132124725962653e-02	-8.233483177244863560e-01	1.476617953662953120e-01	-7.956480686297093263e-02	7.679328639884824836e-02	-9.666796558356934022e-02	1.000000000000000444e+00	-2.243085436234346086e-01	1.454217173925236861e-01	-1.033427260390430563e-01	8.413712058942508787e-02	-3.136244958234503666e-01	1.787094155768719772e-01	-1.419749739161181579e-01	9.466856166018287888e-02	-6.677161742975498693e-02	1.851755993085417995e-01	-1.413398363027610904e-01	1.205170504609533455e-01	-9.811784765032244282e-02	6.204008663367133192e-02	-1.095218711630240593e-01	1.336995835434481861e-01	-1.229119798738589342e-01	1.043151225943333288e-01	-1.455496377011911702e-01	1.236090997016281307e-01	-1.485259311662491533e-01	7.941006890517246508e-02	-9.064762313113500225e-02	7.276356639410939964e-02	-5.024933901646884415e-02	5.440046490112707134e-02	-6.315189175171845304e-02	6.444692362613506365e-02	-5.971128164712228431e-02	3.689013568982162788e-02	-4.040845585919743133e-02	9.607561903550172755e-02	-5.489618192330910501e-02	5.553292337619571140e-02
-2.348518392623855922e-01	1.280260935999134597e-01	-1.725981256406782516e-01	6.763330027913998233e-02	-8.401814754177210076e-02	1.723120559055600909e-01	-1.478011642898328093e-01	1.075602498355987119e-01	-1.086060092758745627e-01	1.393422883391882139e-01	-2.243085436234346086e-01	9.999999999999986677e-01	-6.409311203489324038e-01	1.896277258701843105e-01	-1.394505225067717846e-01	2.461093865118347268e-01	-4.611530841316532903e-01	3.026156810318308410e-01	-1.831123915273177027e-01	1.078251584953810183e-01	-2.454442355252092478e-01	2.309628074655715457e-01	-2.394624892848893072e-01	1.527613356163937397e-01	-1.043527147568887592e-01	1.589132052465762057e-01	-2.319335255025051779e-01	2.040115057591362357e-01	-1.686267888390994285e-01	1.710478841026729369e-01	-1.922768777378855987e-01	1.752535211579594743e-01	-1.050141976567382923e-01	1.135013264989627735e-01	-9.343838812783471226e-02	6.843638768916408821e-02	-7.433513138740049930e-02	8.173676787612034478e-02	-8.443286309662743905e-02	7.532981839198800433e-02	-5.092175280991777242e-02	5.384475313222703008e-02	-1.286988334300279146e-01	7.076881277656527081e-02	-7.248128937585979203e-02
1.772562378439777875e-01	-1.033276376859875723e-01	1.437807954352021411e-01	-5.978908292954260295e-02	7.309589923018648683e-02	-1.340347652876688889e-01	1.074893673198862309e-01	-1.147569976257433871e-01	1.055273240587808331e-01	-1.485876162211093865e-01	1.454217173925236861e-01	-6.409311203489324038e-01	1.000000000000001332e+00	-2.751111383249965070e-01	1.431803394711296806e-01	-2.041082009975573874e-01	2.677410760715080995e-01	-5.518920254548799198e-01	2.079139921978365169e-01	-1.170903290450450301e-01	1.839433717881630848e-01	-1.962056104651382360e-01	2.331556899124561377e-01	-1.614616680405476790e-01	1.079082666776870619e-01	-1.313975358610098010e-01	1.836010252990758207e-01	-2.161814629484412054e-01	1.627302327347174005e-01	-1.578122112433712199e-01	1.492123563152817634e-01	-1.551343851402658680e-01	9.349591158638310973e-02	-1.025219933724189070e-01	8.322923744002308499e-02	-5.716482153490560353e-02	6.214674481452870519e-02	-7.228218732640817601e-02	7.417080655922092536e-02	-6.692796024982079761e-02	4.227981042744117374e-02	-4.558814645143982602e-02	1.109975406845579160e-01	-6.214849894787828621e-02	6.355957776487985988e-02
-1.732044084197948697e-01	8.550202250321595199e-02	-1.608750528233929555e-01	7.046036634569610713e-02	-8.828775734397105446e-02	9.493108825518614680e-02	-8.902069405568813210e-02	1.047456453115646891e-01	-1.131336309970420589e-01	2.464370574169351957e-01	-1.033427260390430563e-01	1.896277258701843105e-01	-2.751111383249965070e-01	9.999999999999990008e-01	-4.039550276786403327e-01	1.330171481197558736e-01	-1.595885254601968339e-01	2.191731553671443233e-01	-6.963775323587310107e-01	2.000119059205542338e-01	-1.375939408899527761e-01	1.312967507624371311e-01	-1.715664670244364254e-01	2.261618908639634051e-01	-2.027724325038129938e-01	1.054849946853916171e-01	-1.463927623538067435e-01	1.600551887261717487e-01	-2.332223617063909071e-01	1.651754523110824102e-01	-1.302375335112497534e-01	1.426855257045163694e-01	-9.140094276345935020e-02	1.025124199265263908e-01	-8.818845298229124885e-02	5.304984266317682579e-02	-5.916275716230755266e-02	7.170267219052721408e-02	-7.567336824827061714e-02	6.904399370522128210e-02	-4.005453611355520860e-02	4.360755454825541305e-02	-1.171058646739761705e-01	6.406661586659286034e-02	-6.671149681738686166e-02
1.495788260742107467e-01	-8.972923509611173409e-02	1.658408609628584662e-01	-9.633639131787753718e-02	1.141841253476806178e-01	-8.100054458551607384e-02	8.985216215050015331e-02	-1.523257378869962153e-01	1.544879477472046181e-01	-7.962286729083563053e-01	8.413712058942508787e-02	-1.394505225067717846e-01	1.431803394711296806e-01	-4.039550276786403327e-01	9.999999999999975575e-01	-1.046514161763770628e-01	1.114866850975814172e-01	-1.419727478473988835e-01	2.209708264508566111e-01	-1.349693032909469181e-01	1.034708327348997786e-01	-9.809670332419663519e-02	1.151761255164750752e-01	-1.571428906193307329e-01	1.195252622491109473e-01	-8.290289997409436284e-02	1.082636228779529086e-01	-1.182740712716816162e-01	1.486546271136687802e-01	-1.516685767921044370e-01	1.011836657669617778e-01	-1.295627746785218415e-01	7.695715611186018656e-02	-8.906367341037296770e-02	7.517469884985199247e-02	-4.450786110154700964e-02	4.960905044956254173e-02	-6.142263006180673224e-02	6.417777449084033359e-02	-6.011210188062366538e-02	3.341467434038519757e-02	-3.701961936696666899e-02	9.837453941296442350e-02	-5.506068182754678131e-02	5.670350408649153101e-02
-2.313762337066235797e-01	1.029380832467131635e-01	-1.490666497721899186e-01	5.703600200640014661e-02	-7.150007229322832836e-02	2.078211043177672912e-01	-1.089519076113766027e-01	7.921829402574455392e-02	-8.041574684592725508e-02	1.122194027287096163e-01	-3.136244958234503666e-01	2.461093865118347268e-01	-2.041082009975573874e-01	1.330171481197558736e-01	-1.046514161763770628e-01	1.000000000000000666e+00	-5.066722531475909008e-01	2.197591563154598915e-01	-1.307923355610099148e-01	8.723677122271919493e-02	-6.151252271694042095e-01	2.907179467826362940e-01	-2.063033301897612137e-01	1.299259067232212683e-01	-8.310988013226676407e-02	1.980504653123967562e-01	-2.516642396988104102e-01	1.921504654438398463e-01	-1.442286055735219064e-01	1.620336649613305646e-01	-2.200666495731698202e-01	1.770836062690563650e-01	-1.014059765647318118e-01	1.092518742816000060e-01	-8.841233417728361355e-02	7.166191569648285020e-02	-7.610696278624903832e-02	7.910863737752259206e-02	-8.100160521412842762e-02	7.187706717205677442e-02	-5.258328867571347015e-02	5.473207334169209737e-02	-1.219790153676143102e-01	6.760345522104910243e-02	-6.878625341001382010e-02
1.886944703885665153e-01	-9.778279877409436216e-02	1.392962224899492729e-01	-5.489337352433829031e-02	6.828908178526127415e-02	-1.611574064358118341e-01	1.013636536476665434e-01	-8.138950222335301909e-02	8.106975866320072222e-02	-1.204555063628303391e-01	1.787094155768719772e-01	-4.611530841316532903e-01	2.677410760715080995e-01	-1.595885254601968339e-01	1.114866850975814172e-01	-5.066722531475909008e-01	1.000000000000000000e+00	-3.900495475578318327e-01	1.532524727347634730e-01	-9.812693247273743258e-02	3.009859493726734780e-01	-4.621088061471080866e-01	2.393334489511422802e-01	-1.450198571103969436e-01	9.136473119694631106e-02	-1.801888543648311469e-01	2.499548651424363943e-01	-2.289731449296087684e-01	1.531805708271418154e-01	-1.623724700098557461e-01	1.824921297110813079e-01	-1.747574926680620921e-01	1.004503018102946843e-01	-1.087715277250285439e-01	8.687666976470678759e-02	-6.569957004119414412e-02	6.990377480259987730e-02	-7.749657293747726217e-02	7.885999144578051401e-02	-7.043859274935575232e-02	4.788426930686640742e-02	-5.103185099846030415e-02	1.170064295867750820e-01	-6.571895956330590927e-02	6.682222819111993672e-02
-1.921147375329503859e-01	9.326264878857357110e-02	-1.504469411817986879e-01	6.021853209538965968e-02	-7.516806927336844302e-02	1.254404661897583206e-01	-9.828791938745973233e-02	9.305008848649583275e-02	-9.422119203892992401e-02	1.412515463688641948e-01	-1.419749739161181579e-01	3.026156810318308410e-01	-5.518920254548799198e-01	2.191731553671443233e-01	-1.419727478473988835e-01	2.197591563154598915e-01	-3.900495475578318327e-01	9.999999999999972244e-01	-2.793833672287804881e-01	1.292269202794832095e-01	-2.264412669570105840e-01	2.366994951005757519e-01	-4.818909237844710702e-01	1.820902049258241173e-01	-1.241728351308494654e-01	1.554050482095903074e-01	-2.380358085153150283e-01	2.642256209035311887e-01	-1.960067029620911894e-01	1.685071025428847014e-01	-1.825164150859520384e-01	1.683703361223867490e-01	-1.064296053302086764e-01	1.129370456121613492e-01	-9.230277115567650514e-02	6.544383723618464599e-02	-7.116968605441813256e-02	8.080584215240779744e-02	-8.321398059697453220e-02	7.377026929596232352e-02	-4.860104984027894398e-02	5.161040548412981072e-02	-1.248821787706734104e-01	6.908434247746225720e-02	-7.089700263933906843e-02
1.535305323595750060e-01	-7.741360564013070877e-02	1.389768287078706199e-01	-6.169743922611149733e-02	7.603339355964842949e-02	-8.856988864111033088e-02	7.925454790744364264e-02	-9.334132547519087553e-02	9.476813010957607641e-02	-2.276197868756789922e-01	9.466856166018287888e-02	-1.831123915273177027e-01	2.079139921978365169e-01	-6.963775323587310107e-01	2.209708264508566111e-01	-1.307923355610099148e-01	1.532524727347634730e-01	-2.793833672287804881e-01	9.999999999999997780e-01	-3.372957712492336002e-01	1.297934706754452772e-01	-1.302558451338769463e-01	1.737898880353469511e-01	-3.506607139147493446e-01	2.341302309322214059e-01	-1.016954270550756989e-01	1.395987014379955760e-01	-1.694581023157903932e-01	2.319919455243405482e-01	-1.712473345504717248e-01	1.209839402998764829e-01	-1.398364780166057308e-01	8.880744947752565455e-02	-1.016103125761187859e-01	8.591003340555637691e-02	-5.045300347385101025e-02	5.604645001648658059e-02	-6.945318361744044766e-02	7.280805374962263932e-02	-6.734935666519309416e-02	3.783984714261028753e-02	-4.151292568667529909e-02	1.103361582556331988e-01	-6.163585046035746640e-02	6.393268016683295585e-02
-1.184783976267999306e-01	5.397485458412579901e-02	-1.054021357040172968e-01	4.328393490396423293e-02	-5.463948631486671009e-02	6.202221394730134119e-02	-5.579905922203989149e-02	5.868012748859013916e-02	-6.125219027112364933e-02	1.237676646344410408e-01	-6.677161742975498693e-02	1.078251584953810183e-01	-1.170903290450450301e-01	2.000119059205542338e-01	-1.349693032909469181e-01	8.723677122271919493e-02	-9.812693247273743258e-02	1.292269202794832095e-01	-3.372957712492336002e-01	9.999999999999946709e-01	-9.168577811755711238e-02	8.816190838484082304e-02	-1.206597578770908785e-01	2.544344329521607828e-01	-8.433710221745009950e-01	7.348151070221269066e-02	-1.017445847783609858e-01	1.198600101944862356e-01	-2.323007792598134058e-01	1.337685778207597098e-01	-9.077115417139391962e-02	1.036940608417186022e-01	-6.993210838209373836e-02	7.977949171715449650e-02	-7.030792773980000521e-02	3.850360457520418667e-02	-4.335142545884410059e-02	5.470943724929616669e-02	-5.845272129432144831e-02	5.377981642514560040e-02	-2.923412989697277836e-02	3.209857997452023048e-02	-9.034299442620007115e-02	4.946154636368949031e-02	-5.205684885737416751e-02
1.939605442582587325e-01	-9.567566622475931482e-02	1.415549946504510159e-01	-5.497798689184085763e-02	6.870362250322675779e-02	-1.784662441987074077e-01	9.695447704091510188e-02	-7.654426360075480829e-02	7.659882113517940683e-02	-1.155526739047190998e-01	1.851755993085417995e-01	-2.454442355252092478e-01	1.839433717881630848e-01	-1.375939408899527761e-01	1.034708327348997786e-01	-6.151252271694042095e-01	3.009859493726734780e-01	-2.264412669570105840e-01	1.297934706754452772e-01	-9.168577811755711238e-02	9.999999999999947820e-01	-5.120295352030769243e-01	2.124070979641975720e-01	-1.398862271132991220e-01	8.514716571564484582e-02	-3.061047803932636091e-01	2.772117089617782693e-01	-2.263800512348204397e-01	1.492880433993162836e-01	-1.772792304895170756e-01	2.288759512678465724e-01	-2.047877412317805623e-01	1.100919107406554132e-01	-1.200480888252024037e-01	9.427450577688772926e-02	-7.873206366299766168e-02	8.098636259760201572e-02	-8.565765384244559966e-02	8.636906743740778436e-02	-7.709721266672407702e-02	5.595359629745855212e-02	-5.929158743327409692e-02	1.266669936281178410e-01	-7.189020108815810661e-02	7.260143627704959690e-02
-1.739994260792145642e-01	8.144825544118319827e-02	-1.292309249104864333e-01	5.006466437631086619e-02	-6.286379786868197261e-02	1.266659629739312065e-01	-8.448442805708097914e-02	6.962670275716044410e-02	-7.053191466523893449e-02	1.054258073837631704e-01	-1.413398363027610904e-01	2.309628074655715457e-01	-1.962056104651382360e-01	1.312967507624371311e-01	-9.809670332419663519e-02	2.907179467826362940e-01	-4.621088061471080866e-01	2.366994951005757519e-01	-1.302558451338769463e-01	8.816190838484082304e-02	-5.120295352030769243e-01	9.999999999999947820e-01	-3.270104930229741913e-01	1.377809848444023488e-01	-8.380808310395194971e-02	2.329269919872550554e-01	-5.260615729368369742e-01	2.579137339808602047e-01	-1.541200806970799697e-01	1.558332901774505674e-01	-2.265436672839557797e-01	1.788819091832244135e-01	-1.039031936617647173e-01	1.085479320743242271e-01	-8.625559757090768553e-02	7.135966024778878092e-02	-7.485093943233947500e-02	7.870647333088884312e-02	-7.986136184701668472e-02	6.988393326222543112e-02	-5.170519119935662600e-02	5.379201504442367165e-02	-1.179219986098184875e-01	6.576645727278898623e-02	-6.683302633144652671e-02
1.685699706404437670e-01	-8.149806722264929526e-02	1.337965016022323872e-01	-5.308932816614268108e-02	6.641774888841502078e-02	-1.130501359568023417e-01	8.365736547501573250e-02	-7.621982435858080940e-02	7.654646010842615367e-02	-1.239348420798453421e-01	1.205170504609533455e-01	-2.394624892848893072e-01	2.331556899124561377e-01	-1.715664670244364254e-01	1.151761255164750752e-01	-2.063033301897612137e-01	2.393334489511422802e-01	-4.818909237844710702e-01	1.737898880353469511e-01	-1.206597578770908785e-01	2.124070979641975720e-01	-3.270104930229741913e-01	9.999999999999961142e-01	-2.199769492750032751e-01	1.130080865660387512e-01	-1.702398413088918594e-01	2.659482937530167623e-01	-6.554672927642242186e-01	2.174765340609467745e-01	-1.779300262834416502e-01	1.753879027288468839e-01	-1.795031706163917884e-01	1.196431472369739735e-01	-1.240545702900938824e-01	9.568629826049114551e-02	-6.593403585857514349e-02	7.125999112392790436e-02	-8.750129424059067962e-02	8.713527290171303730e-02	-7.670211610203901686e-02	4.829770759152539339e-02	-5.212921792517402619e-02	1.251071198419993202e-01	-7.120679599782468727e-02	7.246268507716510654e-02
-1.758052018809355688e-01	7.700134603808582445e-02	-1.520555511468729137e-01	6.024594334039658217e-02	-7.656394800265334255e-02	9.091998591815488029e-02	-7.977878579426368744e-02	7.877846950302884454e-02	-8.232855707596430095e-02	1.503025981855763693e-01	-9.811784765032244282e-02	1.527613356163937397e-01	-1.614616680405476790e-01	2.261618908639634051e-01	-1.571428906193307329e-01	1.299259067232212683e-01	-1.450198571103969436e-01	1.820902049258241173e-01	-3.506607139147493446e-01	2.544344329521607828e-01	-1.398862271132991220e-01	1.377809848444023488e-01	-2.199769492750032751e-01	9.999999999999968914e-01	-3.743331390065952058e-01	1.142657850316245033e-01	-1.642792299560490998e-01	2.137847230821894318e-01	-6.951618415609405188e-01	2.178759650436960793e-01	-1.402909091830044364e-01	1.590423503245962378e-01	-1.142681358162139782e-01	1.313428191101019271e-01	-1.157712846098177956e-01	5.967144459535145967e-02	-6.749801531407469135e-02	8.753712893088957947e-02	-9.433017015196377975e-02	8.628865707155344844e-02	-4.539739278599350114e-02	4.993830773794197264e-02	-1.435423472609214934e-01	7.886525846427286379e-02	-8.369781466609080289e-02
1.079147799182758188e-01	-5.061940968495138443e-02	9.615179217314294424e-02	-4.036396707147731078e-02	5.045780548284162226e-02	-5.825297817928459104e-02	5.188675436225806403e-02	-5.625045561779191960e-02	5.760406693118445831e-02	-1.245675302908194476e-01	6.204008663367133192e-02	-1.043527147568887592e-01	1.079082666776870619e-01	-2.027724325038129938e-01	1.195252622491109473e-01	-8.310988013226676407e-02	9.136473119694631106e-02	-1.241728351308494654e-01	2.341302309322214059e-01	-8.433710221745009950e-01	8.514716571564484582e-02	-8.380808310395194971e-02	1.130080865660387512e-01	-3.743331390065952058e-01	9.999999999999983347e-01	-6.937561739024135365e-02	9.469202318118341566e-02	-1.183047195499397075e-01	2.123981296855754486e-01	-1.378673676089129940e-01	8.382002189574065676e-02	-1.004754559048620793e-01	6.655151249890642329e-02	-7.761040817619946353e-02	6.730498524986720799e-02	-3.629228122758514780e-02	4.073051792323742482e-02	-5.215044741049478655e-02	5.535359445042350307e-02	-5.175461840991581186e-02	2.740890204259848265e-02	-3.027800106026470872e-02	8.419392959717532376e-02	-4.697257114773466247e-02	4.919327126104640346e-02
-1.569223869505571023e-01	6.954749214450660355e-02	-1.190909998735733832e-01	4.538790816616544710e-02	-5.738698944034788252e-02	1.020508555457458888e-01	-7.127932824229851749e-02	5.933518037151427199e-02	-6.040128512420903095e-02	9.133257643296828487e-02	-1.095218711630240593e-01	1.589132052465762057e-01	-1.313975358610098010e-01	1.054849946853916171e-01	-8.290289997409436284e-02	1.980504653123967562e-01	-1.801888543648311469e-01	1.554050482095903074e-01	-1.016954270550756989e-01	7.348151070221269066e-02	-3.061047803932636091e-01	2.329269919872550554e-01	-1.702398413088918594e-01	1.142657850316245033e-01	-6.937561739024135365e-02	9.999999999999970024e-01	-4.625402973590980182e-01	1.991558695841631754e-01	-1.303090552230914967e-01	1.518166597404509710e-01	-7.372013694180289400e-01	2.011789391087298595e-01	-1.087231413881511177e-01	1.114332498750137818e-01	-8.790137587673414743e-02	1.186632051268323301e-01	-1.134987718916471572e-01	8.519825265142735859e-02	-8.546272257863152255e-02	7.228935140654871305e-02	-8.295748203475969418e-02	7.636499654149468685e-02	-1.254694134605681965e-01	6.937898518035751083e-02	-6.971089225952513402e-02
1.849106937860905131e-01	-8.744270949587949759e-02	1.441194305960725452e-01	-5.595011609625378385e-02	7.029767889144034054e-02	-1.279952923769915873e-01	8.891140135650463239e-02	-7.607972371364221664e-02	7.665815219283374227e-02	-1.205174041621650538e-01	1.336995835434481861e-01	-2.319335255025051779e-01	1.836010252990758207e-01	-1.463927623538067435e-01	1.082636228779529086e-01	-2.516642396988104102e-01	2.499548651424363943e-01	-2.380358085153150283e-01	1.395987014379955760e-01	-1.017445847783609858e-01	2.772117089617782693e-01	-5.260615729368369742e-01	2.659482937530167623e-01	-1.642792299560490998e-01	9.469202318118341566e-02	-4.625402973590980182e-01	9.999999999999967804e-01	-4.342615709415975633e-01	1.817882032608903464e-01	-1.942787508755312587e-01	2.777983162475967660e-01	-2.573367230485330559e-01	1.342653914710709717e-01	-1.391219244162306690e-01	1.068594977355766112e-01	-9.236914685351575727e-02	9.410402556105146310e-02	-1.004331161123615812e-01	9.998617406615947778e-02	-8.709746262170674214e-02	6.481592880894632147e-02	-6.846056974424240271e-02	1.440907695821009304e-01	-8.171819296576256220e-02	8.245219390396132941e-02
-1.873653812754080827e-01	8.369117185539000359e-02	-1.473072772158876276e-01	5.714240327100326283e-02	-7.218392048600341671e-02	1.125789384071215898e-01	-8.678277563533010053e-02	7.748125391518281835e-02	-7.940237993591166277e-02	1.239764222484572714e-01	-1.229119798738589342e-01	2.040115057591362357e-01	-2.161814629484412054e-01	1.600551887261717487e-01	-1.182740712716816162e-01	1.921504654438398463e-01	-2.289731449296087684e-01	2.642256209035311887e-01	-1.694581023157903932e-01	1.198600101944862356e-01	-2.263800512348204397e-01	2.579137339808602047e-01	-6.554672927642242186e-01	2.137847230821894318e-01	-1.183047195499397075e-01	1.991558695841631754e-01	-4.342615709415975633e-01	9.999999999999975575e-01	-3.286487373984991467e-01	1.949067666066675864e-01	-2.242806250036560312e-01	1.993717813990693311e-01	-1.593809677454890716e-01	1.444725381846458656e-01	-1.116692808475015092e-01	7.768609987988631116e-02	-8.473113451961171438e-02	1.044629981366334837e-01	-1.042463755629337019e-01	8.845979525864419712e-02	-5.741217421873200805e-02	6.098460893419898471e-02	-1.478356474954466981e-01	8.306435895181676909e-02	-8.490380558819372869e-02
1.834467021983151591e-01	-8.225265546426305252e-02	1.575495874037732003e-01	-6.317357685931747346e-02	7.954608609180256751e-02	-9.850395240171966327e-02	8.415257156196240262e-02	-8.414954806645164043e-02	8.582464037134740487e-02	-1.654600974274500758e-01	1.043151225943333288e-01	-1.686267888390994285e-01	1.627302327347174005e-01	-2.332223617063909071e-01	1.486546271136687802e-01	-1.442286055735219064e-01	1.531805708271418154e-01	-1.960067029620911894e-01	2.319919455243405482e-01	-2.323007792598134058e-01	1.492880433993162836e-01	-1.541200806970799697e-01	2.174765340609467745e-01	-6.951618415609405188e-01	2.123981296855754486e-01	-1.303090552230914967e-01	1.817882032608903464e-01	-3.286487373984991467e-01	9.999999999999976685e-01	-3.575238560743013716e-01	1.518140011897272934e-01	-1.933727373887256518e-01	1.394488855516218262e-01	-1.795990080650614884e-01	1.454295538020952960e-01	-6.856389907379800697e-02	7.739897149616292715e-02	-1.066630428945139347e-01	1.136170619170263213e-01	-1.085110916907688489e-01	5.168635229482952675e-02	-5.779204279806698236e-02	1.649222752766341948e-01	-9.515515476140033735e-02	1.002254340966898943e-01
-3.282614827235424415e-01	1.198956943063223396e-01	-2.780492997497910901e-01	9.902569019660686922e-02	-1.292940087489787837e-01	1.354719199973747623e-01	-1.246711968049970115e-01	1.065698379491188813e-01	-1.131485130034065451e-01	1.567422727767735779e-01	-1.455496377011911702e-01	1.710478841026729369e-01	-1.578122112433712199e-01	1.651754523110824102e-01	-1.516685767921044370e-01	1.620336649613305646e-01	-1.623724700098557461e-01	1.685071025428847014e-01	-1.712473345504717248e-01	1.337685778207597098e-01	-1.772792304895170756e-01	1.558332901774505674e-01	-1.779300262834416502e-01	2.178759650436960793e-01	-1.378673676089129940e-01	1.518166597404509710e-01	-1.942787508755312587e-01	1.949067666066675864e-01	-3.575238560743013716e-01	9.999999999999964473e-01	-2.057744746596758822e-01	2.819581641393848481e-01	-2.296022631713965645e-01	2.622892509863565258e-01	-4.425138610208632084e-01	1.116792053524920808e-01	-1.340648139902390068e-01	1.949391818469408677e-01	-2.272042007195762547e-01	2.429450452682646866e-01	-8.966393004562847602e-02	1.022285123093751302e-01	-3.906097346573386142e-01	2.061461156777302794e-01	-2.434463208808327339e-01
1.841368455883832245e-01	-8.482659431399104666e-02	1.458125156920915266e-01	-5.590344035791283001e-02	7.051170545238469312e-02	-1.216915952225884473e-01	8.546116780226327425e-02	-7.287442689740654400e-02	7.354669853121949263e-02	-1.154587843520052809e-01	1.236090997016281307e-01	-1.922768777378855987e-01	1.492123563152817634e-01	-1.302375335112497534e-01	1.011836657669617778e-01	-2.200666495731698202e-01	1.824921297110813079e-01	-1.825164150859520384e-01	1.209839402998764829e-01	-9.077115417139391962e-02	2.288759512678465724e-01	-2.265436672839557797e-01	1.753879027288468839e-01	-1.402909091830044364e-01	8.382002189574065676e-02	-7.372013694180289400e-01	2.777983162475967660e-01	-2.242806250036560312e-01	1.518140011897272934e-01	-2.057744746596758822e-01	9.999999999999978906e-01	-3.106766828202952579e-01	1.431723080768068368e-01	-1.517652045519958803e-01	1.154099172280536045e-01	-1.982527299861275294e-01	1.517753533236505248e-01	-1.145330194078784669e-01	1.121878298256828860e-01	-9.616480243446157150e-02	1.130034909685163347e-01	-1.094667800991004081e-01	1.603764737659799655e-01	-9.146620746061076557e-02	9.075540932489173374e-02
-3.196275182496213230e-01	1.150230178319661262e-01	-2.526414600759929741e-01	8.988031184066294643e-02	-1.168832298849703522e-01	1.376134484592802243e-01	-1.194718385298728508e-01	9.840042293701023457e-02	-1.036311847346426951e-01	1.389429116469993175e-01	-1.485259311662491533e-01	1.752535211579594743e-01	-1.551343851402658680e-01	1.426855257045163694e-01	-1.295627746785218415e-01	1.770836062690563650e-01	-1.747574926680620921e-01	1.683703361223867490e-01	-1.398364780166057308e-01	1.036940608417186022e-01	-2.047877412317805623e-01	1.788819091832244135e-01	-1.795031706163917884e-01	1.590423503245962378e-01	-1.004754559048620793e-01	2.011789391087298595e-01	-2.573367230485330559e-01	1.993717813990693311e-01	-1.933727373887256518e-01	2.819581641393848481e-01	-3.106766828202952579e-01	9.999999999999986677e-01	-4.584928613226815219e-01	2.878396315878064549e-01	-2.409358249929074158e-01	1.583935055854072405e-01	-2.127595388015233457e-01	2.472611697583596835e-01	-2.633652696832362583e-01	1.914937579920938104e-01	-1.233220829150984688e-01	1.389199056336670179e-01	-3.989737767743130603e-01	1.972490676154603217e-01	-2.050442686873852061e-01
1.598767882621295877e-01	-6.191230394762313460e-02	1.305990674672404261e-01	-4.772353188346960956e-02	6.152756131296126252e-02	-7.476360690352687466e-02	6.374771049999615469e-02	-5.503211014571892518e-02	5.723381393304077802e-02	-8.444783397590809038e-02	7.941006890517246508e-02	-1.050141976567382923e-01	9.349591158638310973e-02	-9.140094276345935020e-02	7.695715611186018656e-02	-1.014059765647318118e-01	1.004503018102946843e-01	-1.064296053302086764e-01	8.880744947752565455e-02	-6.993210838209373836e-02	1.100919107406554132e-01	-1.039031936617647173e-01	1.196431472369739735e-01	-1.142681358162139782e-01	6.655151249890642329e-02	-1.087231413881511177e-01	1.342653914710709717e-01	-1.593809677454890716e-01	1.394488855516218262e-01	-2.296022631713965645e-01	1.431723080768068368e-01	-4.584928613226815219e-01	9.999999999999977796e-01	-6.025694768062057616e-01	2.216594339547318382e-01	-1.082343214642824542e-01	1.339625048852740030e-01	-4.936839172197685643e-01	2.872375263837420589e-01	-1.918604021648569746e-01	7.829800760978647411e-02	-9.809260109909927194e-02	2.631129599929913909e-01	-1.845712827715167426e-01	1.681886696190260655e-01
-1.914494119480230072e-01	7.188789572401982353e-02	-1.569745523351525895e-01	5.674791226364145347e-02	-7.351260169309335735e-02	8.477471249868485936e-02	-7.433552171054266799e-02	6.369555238116671181e-02	-6.675640123104460699e-02	9.595395969174221051e-02	-9.064762313113500225e-02	1.135013264989627735e-01	-1.025219933724189070e-01	1.025124199265263908e-01	-8.906367341037296770e-02	1.092518742816000060e-01	-1.087715277250285439e-01	1.129370456121613492e-01	-1.016103125761187859e-01	7.977949171715449650e-02	-1.200480888252024037e-01	1.085479320743242271e-01	-1.240545702900938824e-01	1.313428191101019271e-01	-7.761040817619946353e-02	1.114332498750137818e-01	-1.391219244162306690e-01	1.444725381846458656e-01	-1.795990080650614884e-01	2.622892509863565258e-01	-1.517652045519958803e-01	2.878396315878064549e-01	-6.025694768062057616e-01	9.999999999999978906e-01	-4.253239247112594046e-01	1.039951052714469110e-01	-1.315305626645751347e-01	2.878760369821651843e-01	-3.818636578093525524e-01	2.457310290465399838e-01	-8.046027929124890954e-02	9.645215598919443245e-02	-3.290095737345434812e-01	2.158141572064716518e-01	-2.319208803648689088e-01
