1.000000000000000000e+00	-3.043468020225715831e-01	1.710240764771979172e-01	-1.167934493604137203e-01	1.068076138547741916e-01	-8.521000651514234470e-01	2.724879760414679053e-01	-1.842553223727283196e-01	9.212792772342466574e-02	-8.169466225137080040e-02	8.240807505269243105e-02	-7.845899436816962391e-02	1.218157195197867304e-01	-9.025615898443052620e-02	8.260811064647054225e-02	-8.099002860024070993e-02	7.652442667539995080e-02	-9.418543173807511493e-02	7.908767116915117745e-02	-5.197143733765050705e-02	7.008849073151128539e-02	-5.634127305663679669e-02	5.175727836586670877e-02	-1.122111723349965562e-01	5.111562982513866843e-02	-5.703280617470258412e-02	5.102974069347546854e-02	-4.859131583615240724e-02	5.640461659458681498e-02	-5.415987315020573400e-02	4.215573588412954709e-02	-5.173949936671988492e-02	5.132252117679201447e-02	-4.883464393201712717e-02	5.600744286468047756e-02	-4.284137833520592492e-02	4.802029143122325122e-02	-3.846732046799002797e-02	3.821800224902287269e-02	-3.437843625205864312e-02	6.009825092433827148e-02	-4.610858779260883222e-02	4.077008550695044448e-02	-3.193387189252954589e-02	2.930071024598003560e-02
-3.043468020225715831e-01	1.000000000000000000e+00	-4.590043589178475769e-01	1.747417071170981606e-01	-1.577176578058467893e-01	2.341215296737239326e-01	-7.341441947207988372e-01	2.277680497136567173e-01	-1.267854190021538152e-01	1.026009677279827725e-01	-6.403874586313682005e-02	9.912503622156199068e-02	-1.608486460939761442e-01	1.127408788016899255e-01	-1.052910929239570526e-01	5.937452388967621314e-02	-1.006866032268793065e-01	1.083820473984106331e-01	-9.425317676100626596e-02	5.934684434758369376e-02	-7.041876235898852920e-02	5.875787320132869196e-02	-5.467769764137433292e-02	1.177059912231168681e-01	-5.909397226553157051e-02	5.639091717670310921e-02	-5.308563539662095043e-02	5.045053551425005001e-02	-5.938939616879818084e-02	5.632067686417432245e-02	-4.252288320966443602e-02	5.306864809900831148e-02	-5.342802979684018599e-02	5.054734759899512375e-02	-5.866357047537497371e-02	4.278430917610923090e-02	-4.941220739719964783e-02	3.938447124453555576e-02	-3.937508798143165428e-02	3.526880562451976259e-02	-6.138171271809585161e-02	4.691590113361573944e-02	-4.188595917482495351e-02	3.268758970662843932e-02	-3.019658300911765014e-02
1.710240764771979172e-01	-4.590043589178475769e-01	9.999999999999996669e-01	-4.864504477828948126e-01	2.628592721648957964e-01	-1.506746202376822441e-01	2.578416184866398897e-01	-4.539809576348580733e-01	2.248113354957330390e-01	-1.900149908565783030e-01	7.833202588761045693e-02	-1.190951711941559410e-01	2.405583628906616256e-01	-2.102614510174930784e-01	1.774443772159451371e-01	-7.471604474277629415e-02	1.185798883544945254e-01	-1.878021705772040528e-01	1.587305908689233547e-01	-1.032969587288436603e-01	1.119125704714568625e-01	-9.419292482808641620e-02	8.880834504357151826e-02	-2.087317605111052021e-01	1.006608142818405799e-01	-9.187167568763886238e-02	8.685025556407237335e-02	-8.372354661799152886e-02	1.010924404668286508e-01	-9.688987182544060717e-02	7.006533171359664858e-02	-8.902246587022205615e-02	8.934406850939358158e-02	-8.571321032057380163e-02	9.882397727802767762e-02	-7.084300574657978466e-02	8.261009719665603213e-02	-6.647501956592882788e-02	6.624421782113086576e-02	-5.974211678174598528e-02	1.023770061506148465e-01	-7.889913032301586193e-02	7.040959867564469676e-02	-5.521592030558032660e-02	5.090661229694717904e-02
-1.167934493604137203e-01	1.747417071170981606e-01	-4.864504477828948126e-01	1.000000000000000000e+00	-6.171015736269841456e-01	9.018382378915305864e-02	-1.592692847181176319e-01	2.302402673286324808e-01	-4.214301603713630495e-01	2.361637363141657897e-01	-5.911649633239102197e-02	8.753940568295424940e-02	-1.915991652548990898e-01	2.430665436588089479e-01	-2.279426712711347947e-01	5.534869709316284081e-02	-9.227427209740675373e-02	1.573297808631726469e-01	-1.527401655587292684e-01	1.003924488621433103e-01	-8.837495312226424649e-02	7.381994336341925200e-02	-7.109829068343871683e-02	1.678438425806476342e-01	-1.004217159909552709e-01	7.140216098388126043e-02	-6.900965198818398427e-02	6.649076017840592490e-02	-8.229641201324534860e-02	7.766114550068226041e-02	-5.501797670671943613e-02	7.009172004813846169e-02	-7.165559270004993875e-02	6.827793462784431666e-02	-8.010298250270897480e-02	5.516985859726639130e-02	-6.549753726525461839e-02	5.239656666312206279e-02	-5.261462716961890634e-02	4.721344205911227193e-02	-8.085891978862609630e-02	6.189521279807324444e-02	-5.580971803033447920e-02	4.354427360593395024e-02	-4.047413639171394684e-02
1.068076138547741916e-01	-1.577176578058467893e-01	2.628592721648957964e-01	-6.171015736269841456e-01	1.000000000000000444e+00	-8.592302632535554763e-02	1.358553419260964956e-01	-2.415788662130214370e-01	2.624091829950869759e-01	-4.768394648625400856e-01	6.956835092881255567e-02	-9.560964030562488225e-02	1.920932837303805651e-01	-2.594555599688818659e-01	2.713912288732953093e-01	-6.598269050323521401e-02	9.885246463104267745e-02	-1.832061803830709601e-01	1.664411486689165443e-01	-1.284772302503844887e-01	1.125461991039860971e-01	-9.437415406239509086e-02	9.035083521728268230e-02	-2.248141101404768083e-01	1.224897682929468878e-01	-9.297471590792308338e-02	8.864420885010364237e-02	-8.609373817961422926e-02	1.065909398434763955e-01	-1.026753244204609700e-01	7.149568949916303151e-02	-9.185806010261583776e-02	9.259901981697209183e-02	-8.948756842220295660e-02	1.033741265445399238e-01	-7.229879091003257874e-02	8.521953405283734517e-02	-6.886000438059947104e-02	6.865510886908805788e-02	-6.209718434930647929e-02	1.052434640728013848e-01	-8.139240695465194131e-02	7.285147637305010304e-02	-5.722593186065269566e-02	5.284882414795488703e-02
-8.521000651514234470e-01	2.341215296737239326e-01	-1.506746202376822441e-01	9.018382378915305864e-02	-8.592302632535554763e-02	9.999999999999995559e-01	-4.097096508543090487e-01	1.405755624917132129e-01	-7.244077749383120990e-02	6.198187060331340759e-02	-7.873405424876159242e-02	6.680951799887281661e-02	-9.989855267233381519e-02	6.872032843969773375e-02	-6.401705947730998436e-02	6.990076802893521735e-02	-6.652623289899690928e-02	7.092454673350018224e-02	-6.054895627699451166e-02	3.881248504951679418e-02	-5.368170532124422883e-02	4.267993001609007853e-02	-3.904781989207802700e-02	8.149699015372158240e-02	-3.851362518547915559e-02	4.292344729655379193e-02	-3.830158359442624449e-02	3.624469029620126098e-02	-4.167047410413583786e-02	3.973117869418654052e-02	-3.147657747797322214e-02	3.828677434953759590e-02	-3.810286198742693364e-02	3.600625037899587294e-02	-4.147460481590788811e-02	3.188856912164395041e-02	-3.557062751181159360e-02	2.834670509732346508e-02	-2.822533924363551661e-02	2.529290804320572655e-02	-4.449080065006674745e-02	3.401603660705662668e-02	-3.009238373606586137e-02	2.351363351923569517e-02	-2.161452061463041419e-02
2.724879760414679053e-01	-7.341441947207988372e-01	2.578416184866398897e-01	-1.592692847181176319e-01	1.358553419260964956e-01	-4.097096508543090487e-01	1.000000000000000444e+00	-2.893549966307064070e-01	1.195011063354526476e-01	-1.007622505819206760e-01	6.976001084655483742e-02	-1.216243510083432899e-01	1.664185670517637217e-01	-1.140465083067458141e-01	1.012506890435206641e-01	-6.646685819257862338e-02	1.094946174961723417e-01	-1.169924311851874704e-01	9.786833932201248476e-02	-6.172671084499228161e-02	7.593355583263800002e-02	-6.413420274087529294e-02	5.910946540878357636e-02	-1.288556265143672996e-01	6.077287256789810910e-02	-6.149955933494556659e-02	5.749559281285265833e-02	-5.479994415989256074e-02	6.417661132777396915e-02	-6.124391227909094237e-02	4.609072633449020490e-02	-5.774900667974670887e-02	5.771148031074616047e-02	-5.487432928963808382e-02	6.321038226579531183e-02	-4.659600109783909594e-02	5.349414787662036541e-02	-4.280422740568836509e-02	4.264535369711114354e-02	-3.831593220659250398e-02	6.636425710961475766e-02	-5.101780855177109886e-02	4.534764702410067766e-02	-3.550519803956994624e-02	3.269724994029300780e-02
-1.842553223727283196e-01	2.277680497136567173e-01	-4.539809576348580733e-01	2.302402673286324808e-01	-2.415788662130214370e-01	1.405755624917132129e-01	-2.893549966307064070e-01	9.999999999999996669e-01	-2.647146484597203697e-01	1.661225940237630316e-01	-8.938052007067343041e-02	1.700970450652304622e-01	-6.239435799766859247e-01	2.147856676340138826e-01	-1.849343193893686066e-01	8.236081264756132947e-02	-1.820236900689301274e-01	2.278704416531796562e-01	-2.041891245978898206e-01	1.050848384910791078e-01	-1.166777369447631052e-01	9.864593154310861978e-02	-9.374884307936666439e-02	1.976201102474281213e-01	-1.067141145613417219e-01	9.149051834977101061e-02	-8.956350037547340659e-02	8.489414580380005848e-02	-1.017703648169261399e-01	9.405533663437143366e-02	-7.006408894702227663e-02	8.796669910897600420e-02	-9.048941396458851094e-02	8.457452367307563557e-02	-1.000676922893489473e-01	6.964795047059926802e-02	-8.256306891295901729e-02	6.517089152322126655e-02	-6.578839515401239957e-02	5.844508619422126433e-02	-1.020139771044718258e-01	7.722827015722205646e-02	-6.980990865549828450e-02	5.409157903328522254e-02	-5.045246127639099742e-02
9.212792772342466574e-02	-1.267854190021538152e-01	2.248113354957330390e-01	-4.214301603713630495e-01	2.624091829950869759e-01	-7.244077749383120990e-02	1.195011063354526476e-01	-2.647146484597203697e-01	1.000000000000000000e+00	-2.802702847163435207e-01	6.011030519980512660e-02	-9.476487305172216769e-02	2.143970188743075933e-01	-7.053722958116328545e-01	2.438762149170897453e-01	-5.669485292211685207e-02	9.803912913976800536e-02	-2.320887319839957941e-01	2.237706630228263882e-01	-1.198393408391337372e-01	9.501243266630143847e-02	-8.158572562084871749e-02	7.974913432970107130e-02	-2.052738055654057536e-01	1.148154551758121950e-01	-7.708605329739047496e-02	7.612302601319412276e-02	-7.434466325602534509e-02	9.440649118139489426e-02	-8.815855279912535036e-02	5.910475202797532690e-02	-7.697907824465682891e-02	7.921058612960346634e-02	-7.609132601824247777e-02	8.915923917616830341e-02	-5.929315453424963828e-02	7.129313030854951549e-02	-5.719540437075083111e-02	5.749795885145075197e-02	-5.166406953695226734e-02	8.678771258776526998e-02	-6.706456735672637615e-02	6.057358539571573719e-02	-4.741513587804545293e-02	4.421529089940437474e-02
-8.169466225137080040e-02	1.026009677279827725e-01	-1.900149908565783030e-01	2.361637363141657897e-01	-4.768394648625400856e-01	6.198187060331340759e-02	-1.007622505819206760e-01	1.661225940237630316e-01	-2.802702847163435207e-01	9.999999999999982236e-01	-5.351932822185754418e-02	7.463149961132377330e-02	-1.607439178902509980e-01	2.346380980041448683e-01	-7.290796651558779651e-01	4.987521336475909256e-02	-7.990330143977043831e-02	1.490244719173046128e-01	-1.517386223930064226e-01	1.633351591757375987e-01	-8.775319136324204183e-02	7.286881761945239455e-02	-7.160827692988591675e-02	1.746302609161305142e-01	-1.684776892423423822e-01	7.057235279306653397e-02	-6.953102519088241729e-02	6.729226297219148556e-02	-8.660003529137111355e-02	8.178470693467806973e-02	-5.493801620739078434e-02	7.073226507455571133e-02	-7.357221552761490646e-02	7.018051594074668775e-02	-8.393342523039371006e-02	5.482476320988224905e-02	-6.636913268248346986e-02	5.307029134938371501e-02	-5.361900457705919693e-02	4.810404312273197647e-02	-8.143200129519777286e-02	6.224601015694592593e-02	-5.671201831175992636e-02	4.415277108955777130e-02	-4.137960159140907646e-02
8.240807505269243105e-02	-6.403874586313682005e-02	7.833202588761045693e-02	-5.911649633239102197e-02	6.956835092881255567e-02	-7.873405424876159242e-02	6.976001084655483742e-02	-8.938052007067343041e-02	6.011030519980512660e-02	-5.351932822185754418e-02	9.999999999999986677e-01	-1.371719589069608780e-01	9.507986707866859788e-02	-6.114012604268834195e-02	6.093156551145673810e-02	-9.332191670562517416e-01	1.310019152131685627e-01	-7.656647381384658335e-02	6.538801978566448347e-02	-4.363901176289362166e-02	1.718698456305416677e-01	-1.007480502784803278e-01	7.941744802511319090e-02	-1.074982677582090873e-01	4.419011447760499978e-02	-1.310931625034766623e-01	8.099797343720099851e-02	-7.307342624842261269e-02	6.653159314448260642e-02	-6.324444087279876281e-02	7.580121307809221942e-02	-7.444022949909001596e-02	6.852059029089516140e-02	-6.243189000744045480e-02	6.866114277134649502e-02	-8.019722632194879741e-02	6.657227788124182866e-02	-5.186914514628424011e-02	5.033224958982829289e-02	-4.454665991932380692e-02	8.524179317354999008e-02	-6.603774792505909264e-02	5.373742361081720181e-02	-4.235424093821922586e-02	3.775837889971730976e-02
-7.845899436816962391e-02	9.912503622156199068e-02	-1.190951711941559410e-01	8.753940568295424940e-02	-9.560964030562488225e-02	6.680951799887281661e-02	-1.216243510083432899e-01	1.700970450652304622e-01	-9.476487305172216769e-02	7.463149961132377330e-02	-1.371719589069608780e-01	9.999999999999981126e-01	-2.851748949985029591e-01	9.938793563040757006e-02	-8.428462418542478907e-02	1.229773490014349907e-01	-8.948391601073395485e-01	1.480743344876851164e-01	-1.136317087780164131e-01	5.784215846719754223e-02	-1.076544656197921668e-01	1.162579508200621559e-01	-9.533534861969195084e-02	1.257706342423632329e-01	-5.826318100545189310e-02	7.884598129782832698e-02	-8.400512948378265066e-02	7.417361672268581174e-02	-7.104374807424307381e-02	6.514196866282813414e-02	-5.426382375193501695e-02	6.912915664657612314e-02	-6.795320308702268441e-02	6.115537368086339243e-02	-6.949554863541783367e-02	5.406997760077436599e-02	-6.119037295048295605e-02	4.716677518312127615e-02	-4.697210836237723092e-02	4.120389199293118115e-02	-7.217539294823017981e-02	5.638115313451912136e-02	-4.903724572523801561e-02	3.837152800694884625e-02	-3.530799745603081796e-02
1.218157195197867304e-01	-1.608486460939761442e-01	2.405583628906616256e-01	-1.915991652548990898e-01	1.920932837303805651e-01	-9.989855267233381519e-02	1.664185670517637217e-01	-6.239435799766859247e-01	2.143970188743075933e-01	-1.607439178902509980e-01	9.507986707866859788e-02	-2.851748949985029591e-01	9.999999999999988898e-01	-2.592985315422651205e-01	1.741724037668693492e-01	-9.200979034475227636e-02	2.149176853391543407e-01	-4.261021655164410893e-01	2.475309266017874932e-01	-1.213038741730617098e-01	1.293340885608110780e-01	-1.179063772640545349e-01	1.097884387760341418e-01	-2.562036496531212570e-01	1.176624457754120584e-01	-1.049676065767435051e-01	1.032876988647467437e-01	-1.001221918650193193e-01	1.199055501351424663e-01	-1.124640783967445073e-01	7.836460377702465785e-02	-1.021202972555252664e-01	1.031430538757248938e-01	-9.863567489804769828e-02	1.138523098869107519e-01	-7.901374013594003598e-02	9.323885690161967665e-02	-7.466317368785525821e-02	7.462267117144497086e-02	-6.700902945671001476e-02	1.128694534724293264e-01	-8.794829310436531877e-02	7.850152440682475752e-02	-6.166531400877972580e-02	5.715343543590116482e-02
-9.025615898443052620e-02	1.127408788016899255e-01	-2.102614510174930784e-01	2.430665436588089479e-01	-2.594555599688818659e-01	6.872032843969773375e-02	-1.140465083067458141e-01	2.147856676340138826e-01	-7.053722958116328545e-01	2.346380980041448683e-01	-6.114012604268834195e-02	9.938793563040757006e-02	-2.592985315422651205e-01	1.000000000000000444e+00	-3.418168896997699213e-01	5.701120268748587766e-02	-1.064638138030994385e-01	2.434344215334292849e-01	-3.716406407050937277e-01	1.346309369382948373e-01	-9.696601940538748798e-02	8.260573297205975329e-02	-8.232675878206811848e-02	2.040428445488512987e-01	-1.341667537781965902e-01	7.720581039879478857e-02	-7.776051995540209094e-02	7.548518332755846383e-02	-9.808367691198216498e-02	8.872463999716262428e-02	-5.967113211762265640e-02	7.743020472246962826e-02	-8.123514861569358647e-02	7.699836220196995540e-02	-9.207379462822475047e-02	5.936396860848974083e-02	-7.236450530681678983e-02	5.756023450683796922e-02	-5.834850369585018598e-02	5.205658621229022898e-02	-8.793311799045552823e-02	6.731252488898442632e-02	-6.140715779592576667e-02	4.775421942132511421e-02	-4.488566635541441086e-02
8.260811064647054225e-02	-1.052910929239570526e-01	1.774443772159451371e-01	-2.279426712711347947e-01	2.713912288732953093e-01	-6.401705947730998436e-02	1.012506890435206641e-01	-1.849343193893686066e-01	2.438762149170897453e-01	-7.290796651558779651e-01	6.093156551145673810e-02	-8.428462418542478907e-02	1.741724037668693492e-01	-3.418168896997699213e-01	1.000000000000003109e+00	-5.741963118286538825e-02	8.855997958546638071e-02	-1.871477032347992064e-01	1.824953150998226414e-01	-2.662329617949888982e-01	1.036181473202982400e-01	-8.828464849865801101e-02	8.641387069597057657e-02	-2.317374521377141838e-01	1.964111026117564829e-01	-8.510761151057236185e-02	8.376347243681651900e-02	-8.223383093048319825e-02	1.067318297299030272e-01	-1.028116529002591206e-01	6.548577462090535151e-02	-8.617243089199722039e-02	8.848227748968713613e-02	-8.611458484789648316e-02	1.009423849459715333e-01	-6.594144374526510199e-02	7.957458461310934483e-02	-6.437116414912008588e-02	6.454896296687973045e-02	-5.843545555238804923e-02	9.662494361332815695e-02	-7.521447744113465839e-02	6.793188910861189256e-02	-5.341600451067100852e-02	4.979222569111800556e-02
-8.099002860024070993e-02	5.937452388967621314e-02	-7.471604474277629415e-02	5.534869709316284081e-02	-6.598269050323521401e-02	6.990076802893521735e-02	-6.646685819257862338e-02	8.236081264756132947e-02	-5.669485292211685207e-02	4.987521336475909256e-02	-9.332191670562517416e-01	1.229773490014349907e-01	-9.200979034475227636e-02	5.701120268748587766e-02	-5.741963118286538825e-02	9.999999999999983347e-01	-1.453425613856159093e-01	7.125588778875083240e-02	-6.164941902895165055e-02	4.039656567136563209e-02	-2.129941026969815465e-01	9.858736338395855670e-02	-7.918799283412901457e-02	9.799395179719795623e-02	-4.122545815100843447e-02	1.221173445499464105e-01	-7.910731053078903785e-02	6.986489607777503219e-02	-6.273335222925739696e-02	5.886952196102358814e-02	-7.336334203420998012e-02	6.995956399277701576e-02	-6.538697436051175982e-02	5.856595394080876815e-02	-6.508306603787175626e-02	7.376485581235144029e-02	-6.321030674371977409e-02	4.849268443299962345e-02	-4.745272840888129645e-02	4.156892359359041361e-02	-8.147868158609745948e-02	6.164802626631891297e-02	-5.067992845374361122e-02	3.958950078202128769e-02	-3.550179253673942104e-02
7.652442667539995080e-02	-1.006866032268793065e-01	1.185798883544945254e-01	-9.227427209740675373e-02	9.885246463104267745e-02	-6.652623289899690928e-02	1.094946174961723417e-01	-1.820236900689301274e-01	9.803912913976800536e-02	-7.990330143977043831e-02	1.310019152131685627e-01	-8.948391601073395485e-01	2.149176853391543407e-01	-1.064638138030994385e-01	8.855997958546638071e-02	-1.453425613856159093e-01	9.999999999999994449e-01	-1.720655441006505859e-01	1.196392409730727135e-01	-6.349254306566734507e-02	1.155671567976499364e-01	-1.459635205114059031e-01	1.037118717151482988e-01	-1.435077592629983856e-01	6.306603231747733018e-02	-8.796608984689675836e-02	9.196656349798383590e-02	-8.312327230677007961e-02	7.848881788286599104e-02	-7.281892950038522383e-02	5.946110112704187239e-02	-7.717681340622618846e-02	7.445814651044095622e-02	-6.788178341607045696e-02	7.612787404387451329e-02	-5.989567535384665575e-02	6.712030153820418288e-02	-5.218958531908302056e-02	5.164570119758839228e-02	-4.556301580378077642e-02	7.881657169173329758e-02	-6.237408614434247767e-02	5.382438205370974893e-02	-4.237548599074601741e-02	3.882239804111789483e-02
-9.418543173807511493e-02	1.083820473984106331e-01	-1.878021705772040528e-01	1.573297808631726469e-01	-1.832061803830709601e-01	7.092454673350018224e-02	-1.169924311851874704e-01	2.278704416531796562e-01	-2.320887319839957941e-01	1.490244719173046128e-01	-7.656647381384658335e-02	1.480743344876851164e-01	-4.261021655164410893e-01	2.434344215334292849e-01	-1.871477032347992064e-01	7.125588778875083240e-02	-1.720655441006505859e-01	9.999999999999967804e-01	-7.259505763740808915e-01	1.441079613131455439e-01	-1.227663444109573926e-01	1.086489993896414402e-01	-1.157201766104802437e-01	2.491760148947597397e-01	-1.503796488759534533e-01	9.521938904901174061e-02	-1.006684338162314313e-01	9.831568866251277905e-02	-1.275938548574561959e-01	1.083462826880607216e-01	-7.358934856564479376e-02	9.611609243282606685e-02	-1.036199797808508849e-01	9.586751338237618769e-02	-1.172817089631873616e-01	7.236203463653473333e-02	-9.016096847613341847e-02	7.066784279983027994e-02	-7.245164359580345825e-02	6.384222606715410364e-02	-1.082222821098636212e-01	8.220775977466074358e-02	-7.584612122437678350e-02	5.851807979209404376e-02	-5.561032950824669474e-02
7.908767116915117745e-02	-9.425317676100626596e-02	1.587305908689233547e-01	-1.527401655587292684e-01	1.664411486689165443e-01	-6.054895627699451166e-02	9.786833932201248476e-02	-2.041891245978898206e-01	2.237706630228263882e-01	-1.517386223930064226e-01	6.538801978566448347e-02	-1.136317087780164131e-01	2.475309266017874932e-01	-3.716406407050937277e-01	1.824953150998226414e-01	-6.164941902895165055e-02	1.196392409730727135e-01	-7.259505763740808915e-01	9.999999999999990008e-01	-1.898284186288908271e-01	1.118792013135158220e-01	-1.016571677413850849e-01	1.060899348028085248e-01	-3.714496455465233771e-01	1.648482110735368933e-01	-8.939340220980239449e-02	9.486716250423145314e-02	-9.567647724947331289e-02	1.330785983691397112e-01	-1.150523301760965900e-01	6.834851390818943995e-02	-9.279355258708928134e-02	9.920680312849596005e-02	-9.577478829022695317e-02	1.139304267826982964e-01	-6.790307433414979887e-02	8.510338949382166562e-02	-6.790004536875951513e-02	6.915100364886520024e-02	-6.169022843869111788e-02	1.004287963760926855e-01	-7.814029673164776812e-02	7.163524929480125092e-02	-5.600232345984672289e-02	5.308186293527597521e-02
-5.197143733765050705e-02	5.934684434758369376e-02	-1.032969587288436603e-01	1.003924488621433103e-01	-1.284772302503844887e-01	3.881248504951679418e-02	-6.172671084499228161e-02	1.050848384910791078e-01	-1.198393408391337372e-01	1.633351591757375987e-01	-4.363901176289362166e-02	5.784215846719754223e-02	-1.213038741730617098e-01	1.346309369382948373e-01	-2.662329617949888982e-01	4.039656567136563209e-02	-6.349254306566734507e-02	1.441079613131455439e-01	-1.898284186288908271e-01	9.999999999999993339e-01	-8.250309142908010540e-02	7.025302561646738775e-02	-7.416174931164158657e-02	2.062163116049670619e-01	-8.880519868578078402e-01	6.538758703152056095e-02	-7.021640801065243132e-02	6.946831443082812640e-02	-1.061663995618746942e-01	9.982617487525984046e-02	-5.128120394503508234e-02	6.990813519661694120e-02	-7.737077929162845813e-02	7.473396791637948455e-02	-9.645429865540289249e-02	5.061087883248124170e-02	-6.524981483780409319e-02	5.221609279853258595e-02	-5.384766870345800843e-02	4.850050815939777743e-02	-7.674241203788598198e-02	5.937778934824827770e-02	-5.575352405576865233e-02	4.341852361008594757e-02	-4.200379577679209941e-02
7.008849073151128539e-02	-7.041876235898852920e-02	1.119125704714568625e-01	-8.837495312226424649e-02	1.125461991039860971e-01	-5.368170532124422883e-02	7.593355583263800002e-02	-1.166777369447631052e-01	9.501243266630143847e-02	-8.775319136324204183e-02	1.718698456305416677e-01	-1.076544656197921668e-01	1.293340885608110780e-01	-9.696601940538748798e-02	1.036181473202982400e-01	-2.129941026969815465e-01	1.155671567976499364e-01	-1.227663444109573926e-01	1.118792013135158220e-01	-8.250309142908010540e-02	9.999999999999983347e-01	-4.165021708664316535e-01	2.355836765880427452e-01	-2.302967172692525488e-01	8.453633018689596379e-02	-6.168414690530321653e-01	2.492235385962782435e-01	-2.218727123509837140e-01	1.612105327339903305e-01	-1.531197549447049222e-01	2.398256206450851136e-01	-2.074533844315943065e-01	1.758193686470137795e-01	-1.577974554215795244e-01	1.638622118715041542e-01	-2.569344187065932816e-01	1.717177454805302317e-01	-1.314741905929925070e-01	1.245268438374140807e-01	-1.092979086885048912e-01	2.168821229772659731e-01	-1.735496715382347233e-01	1.310702096665124772e-01	-1.050493032252375752e-01	9.140460422221978465e-02
-5.634127305663679669e-02	5.875787320132869196e-02	-9.419292482808641620e-02	7.381994336341925200e-02	-9.437415406239509086e-02	4.267993001609007853e-02	-6.413420274087529294e-02	9.864593154310861978e-02	-8.158572562084871749e-02	7.286881761945239455e-02	-1.007480502784803278e-01	1.162579508200621559e-01	-1.179063772640545349e-01	8.260573297205975329e-02	-8.828464849865801101e-02	9.858736338395855670e-02	-1.459635205114059031e-01	1.086489993896414402e-01	-1.016571677413850849e-01	7.025302561646738775e-02	-4.165021708664316535e-01	9.999999999999992228e-01	-6.452393913917567891e-01	1.975147269127525973e-01	-7.475369997973388414e-02	2.354087113027726608e-01	-4.482208491892318292e-01	3.036534025889052191e-01	-1.730841373291477081e-01	1.465888801648772277e-01	-1.410316840849195341e-01	2.092637408274027333e-01	-1.959148939827720926e-01	1.538022090110766349e-01	-1.627130978895072189e-01	1.350778748773829863e-01	-1.634872482593464627e-01	1.145516391469542927e-01	-1.128883195959149155e-01	9.386274543706699114e-02	-1.645395192405339768e-01	1.363317773761161533e-01	-1.120338182278942801e-01	8.836542463611091192e-02	-8.026036092334731809e-02
5.175727836586670877e-02	-5.467769764137433292e-02	8.880834504357151826e-02	-7.109829068343871683e-02	9.035083521728268230e-02	-3.904781989207802700e-02	5.910946540878357636e-02	-9.374884307936666439e-02	7.974913432970107130e-02	-7.160827692988591675e-02	7.941744802511319090e-02	-9.533534861969195084e-02	1.097884387760341418e-01	-8.232675878206811848e-02	8.641387069597057657e-02	-7.918799283412901457e-02	1.037118717151482988e-01	-1.157201766104802437e-01	1.060899348028085248e-01	-7.416174931164158657e-02	2.355836765880427452e-01	-6.452393913917567891e-01	9.999999999999980016e-01	-2.440035268080196496e-01	7.838606942459122595e-02	-2.093985361832998993e-01	3.041155654990529977e-01	-5.698856602905489899e-01	1.908098354883547565e-01	-1.661911310082709314e-01	1.207409961094632056e-01	-2.050566001779116077e-01	1.889603318793849074e-01	-1.629797278779018532e-01	1.596594586525928172e-01	-1.228951062919586001e-01	1.459641848399226838e-01	-1.108353505490926733e-01	1.067835906673540031e-01	-9.180496502901280831e-02	1.458146655818653992e-01	-1.285671346696674044e-01	1.045348418674962726e-01	-8.477155358197327462e-02	7.665709474200674278e-02
-1.122111723349965562e-01	1.177059912231168681e-01	-2.087317605111052021e-01	1.678438425806476342e-01	-2.248141101404768083e-01	8.149699015372158240e-02	-1.288556265143672996e-01	1.976201102474281213e-01	-2.052738055654057536e-01	1.746302609161305142e-01	-1.074982677582090873e-01	1.257706342423632329e-01	-2.562036496531212570e-01	2.040428445488512987e-01	-2.317374521377141838e-01	9.799395179719795623e-02	-1.435077592629983856e-01	2.491760148947597397e-01	-3.714496455465233771e-01	2.062163116049670619e-01	-2.302967172692525488e-01	1.975147269127525973e-01	-2.440035268080196496e-01	9.999999999999971134e-01	-2.780261531883639892e-01	1.755341892221753408e-01	-2.063055817437504658e-01	2.070631383290657546e-01	-4.166945909110257307e-01	2.498492314219382393e-01	-1.399514510717671245e-01	1.935457068211952070e-01	-2.292159924962958450e-01	2.131905159423621854e-01	-2.735991728263153511e-01	1.353548360575626275e-01	-1.831564322420014546e-01	1.429225394603188815e-01	-1.509578557628508677e-01	1.312390229625952087e-01	-2.111722496294173301e-01	1.607393580996664129e-01	-1.537078552485215133e-01	1.180287085112522449e-01	-1.157987988625618081e-01
5.111562982513866843e-02	-5.909397226553157051e-02	1.006608142818405799e-01	-1.004217159909552709e-01	1.224897682929468878e-01	-3.851362518547915559e-02	6.077287256789810910e-02	-1.067141145613417219e-01	1.148154551758121950e-01	-1.684776892423423822e-01	4.419011447760499978e-02	-5.826318100545189310e-02	1.176624457754120584e-01	-1.341667537781965902e-01	1.964111026117564829e-01	-4.122545815100843447e-02	6.306603231747733018e-02	-1.503796488759534533e-01	1.648482110735368933e-01	-8.880519868578078402e-01	8.453633018689596379e-02	-7.475369997973388414e-02	7.838606942459122595e-02	-2.780261531883639892e-01	9.999999999999991118e-01	-6.845672216770425089e-02	7.379337644883561531e-02	-7.484890654211499850e-02	1.162241967244865143e-01	-1.181909081522460880e-01	5.281488052803828825e-02	-7.416559204092906810e-02	8.078785793962391104e-02	-8.074992381188585144e-02	1.009802445417992134e-01	-5.261135800426834652e-02	6.767525622072473324e-02	-5.493481174432338077e-02	5.616052457605106435e-02	-5.121028126853223450e-02	7.847242505137592972e-02	-6.204334531407590392e-02	5.768390060896581850e-02	-4.549319520595833388e-02	4.376089674291212123e-02
-5.703280617470258412e-02	5.639091717670310921e-02	-9.187167568763886238e-02	7.140216098388126043e-02	-9.297471590792308338e-02	4.292344729655379193e-02	-6.149955933494556659e-02	9.149051834977101061e-02	-7.708605329739047496e-02	7.057235279306653397e-02	-1.310931625034766623e-01	7.884598129782832698e-02	-1.049676065767435051e-01	7.720581039879478857e-02	-8.510761151057236185e-02	1.221173445499464105e-01	-8.796608984689675836e-02	9.521938904901174061e-02	-8.939340220980239449e-02	6.538758703152056095e-02	-6.168414690530321653e-01	2.354087113027726608e-01	-2.093985361832998993e-01	1.755341892221753408e-01	-6.845672216770425089e-02	1.000000000000000000e+00	-3.050225928241522277e-01	1.931542099183504446e-01	-1.441728578208641698e-01	1.304869062049351380e-01	-4.955309575098298391e-01	1.900740522929570131e-01	-1.702661993482650071e-01	1.408995189428127459e-01	-1.533700509963489833e-01	2.690406352931852818e-01	-1.785129410997942367e-01	1.229246014682002230e-01	-1.209950245092831222e-01	1.001771627193493580e-01	-2.638895280914886898e-01	1.690916871633592611e-01	-1.299305023134627035e-01	9.880310476478616766e-02	-8.680718995057712384e-02
5.102974069347546854e-02	-5.308563539662095043e-02	8.685025556407237335e-02	-6.900965198818398427e-02	8.864420885010364237e-02	-3.830158359442624449e-02	5.749559281285265833e-02	-8.956350037547340659e-02	7.612302601319412276e-02	-6.953102519088241729e-02	8.099797343720099851e-02	-8.400512948378265066e-02	1.032876988647467437e-01	-7.776051995540209094e-02	8.376347243681651900e-02	-7.910731053078903785e-02	9.196656349798383590e-02	-1.006684338162314313e-01	9.486716250423145314e-02	-7.021640801065243132e-02	2.492235385962782435e-01	-4.482208491892318292e-01	3.041155654990529977e-01	-2.063055817437504658e-01	7.379337644883561531e-02	-3.050225928241522277e-01	9.999999999999984457e-01	-5.853138402570482457e-01	1.985930450726044461e-01	-1.773941248984782226e-01	1.518392198164159879e-01	-4.232762810909851958e-01	2.411135102293699706e-01	-1.927706035375294225e-01	1.794152506754511378e-01	-1.479756344869017359e-01	2.029012299978472655e-01	-1.397538178387254526e-01	1.301995071789676939e-01	-1.076762944694921731e-01	1.753040797293357322e-01	-1.667057866193490945e-01	1.255639891036309241e-01	-1.019669890476923718e-01	8.983350512259880016e-02
-4.859131583615240724e-02	5.045053551425005001e-02	-8.372354661799152886e-02	6.649076017840592490e-02	-8.609373817961422926e-02	3.624469029620126098e-02	-5.479994415989256074e-02	8.489414580380005848e-02	-7.434466325602534509e-02	6.729226297219148556e-02	-7.307342624842261269e-02	7.417361672268581174e-02	-1.001221918650193193e-01	7.548518332755846383e-02	-8.223383093048319825e-02	6.986489607777503219e-02	-8.312327230677007961e-02	9.831568866251277905e-02	-9.567647724947331289e-02	6.946831443082812640e-02	-2.218727123509837140e-01	3.036534025889052191e-01	-5.698856602905489899e-01	2.070631383290657546e-01	-7.484890654211499850e-02	1.931542099183504446e-01	-5.853138402570482457e-01	9.999999999999993339e-01	-2.953189715013877503e-01	1.922152090352086395e-01	-1.227361871570286644e-01	2.426797363845848154e-01	-2.851944754786526204e-01	1.967352446609007266e-01	-1.944508201119782842e-01	1.179264567232645167e-01	-1.716613440100295818e-01	1.231744542264992665e-01	-1.218350944857112400e-01	1.010888670811918716e-01	-1.544234354944036269e-01	1.374433543285155934e-01	-1.149237390483368454e-01	9.251072619142629294e-02	-8.546474994363408018e-02
5.640461659458681498e-02	-5.938939616879818084e-02	1.010924404668286508e-01	-8.229641201324534860e-02	1.065909398434763955e-01	-4.167047410413583786e-02	6.417661132777396915e-02	-1.017703648169261399e-01	9.440649118139489426e-02	-8.660003529137111355e-02	6.653159314448260642e-02	-7.104374807424307381e-02	1.199055501351424663e-01	-9.808367691198216498e-02	1.067318297299030272e-01	-6.273335222925739696e-02	7.848881788286599104e-02	-1.275938548574561959e-01	1.330785983691397112e-01	-1.061663995618746942e-01	1.612105327339903305e-01	-1.730841373291477081e-01	1.908098354883547565e-01	-4.166945909110257307e-01	1.162241967244865143e-01	-1.441728578208641698e-01	1.985930450726044461e-01	-2.953189715013877503e-01	1.000000000000000888e+00	-6.659140728601640191e-01	1.028726467786740262e-01	-2.010040309414315995e-01	2.309104344553929711e-01	-3.516796587589052225e-01	3.021319408226875169e-01	-1.054489350780747764e-01	1.550412159927529454e-01	-1.380242773545067303e-01	1.408837365898260308e-01	-1.315763186877294821e-01	1.498345132807091806e-01	-1.385189318411698123e-01	1.274727357034085573e-01	-1.084481377981038608e-01	1.054729301114285811e-01
-5.415987315020573400e-02	5.632067686417432245e-02	-9.688987182544060717e-02	7.766114550068226041e-02	-1.026753244204609700e-01	3.973117869418654052e-02	-6.124391227909094237e-02	9.405533663437143366e-02	-8.815855279912535036e-02	8.178470693467806973e-02	-6.324444087279876281e-02	6.514196866282813414e-02	-1.124640783967445073e-01	8.872463999716262428e-02	-1.028116529002591206e-01	5.886952196102358814e-02	-7.281892950038522383e-02	1.083462826880607216e-01	-1.150523301760965900e-01	9.982617487525984046e-02	-1.531197549447049222e-01	1.465888801648772277e-01	-1.661911310082709314e-01	2.498492314219382393e-01	-1.181909081522460880e-01	1.304869062049351380e-01	-1.773941248984782226e-01	1.922152090352086395e-01	-6.659140728601640191e-01	9.999999999999990008e-01	-9.854260287669501517e-02	1.773576111798601251e-01	-2.278691841767438719e-01	2.677636061919556054e-01	-5.631129322098639145e-01	9.946975457687409761e-02	-1.515386777254230377e-01	1.329119882477667325e-01	-1.430904585526422967e-01	1.474250031182738896e-01	-1.487347428694226759e-01	1.327653792756368634e-01	-1.355803600667962738e-01	1.120146405730796935e-01	-1.239167233186931338e-01
4.215573588412954709e-02	-4.252288320966443602e-02	7.006533171359664858e-02	-5.501797670671943613e-02	7.149568949916303151e-02	-3.147657747797322214e-02	4.609072633449020490e-02	-7.006408894702227663e-02	5.910475202797532690e-02	-5.493801620739078434e-02	7.580121307809221942e-02	-5.426382375193501695e-02	7.836460377702465785e-02	-5.967113211762265640e-02	6.548577462090535151e-02	-7.336334203420998012e-02	5.946110112704187239e-02	-7.358934856564479376e-02	6.834851390818943995e-02	-5.128120394503508234e-02	2.398256206450851136e-01	-1.410316840849195341e-01	1.207409961094632056e-01	-1.399514510717671245e-01	5.281488052803828825e-02	-4.955309575098298391e-01	1.518392198164159879e-01	-1.227361871570286644e-01	1.028726467786740262e-01	-9.854260287669501517e-02	9.999999999999964473e-01	-1.463093391653797481e-01	1.201908130919251277e-01	-1.071680400306591618e-01	1.125776136877766065e-01	-7.337161098605819998e-01	1.432406517935461421e-01	-1.035087966494160766e-01	9.638159009717982284e-02	-8.364430742227696447e-02	2.513219415542887192e-01	-1.709635545479424312e-01	1.081704991188882636e-01	-8.501477962718442805e-02	7.037655157820163487e-02
-5.173949936671988492e-02	5.306864809900831148e-02	-8.902246587022205615e-02	7.009172004813846169e-02	-9.185806010261583776e-02	3.828677434953759590e-02	-5.774900667974670887e-02	8.796669910897600420e-02	-7.697907824465682891e-02	7.073226507455571133e-02	-7.444022949909001596e-02	6.912915664657612314e-02	-1.021202972555252664e-01	7.743020472246962826e-02	-8.617243089199722039e-02	6.995956399277701576e-02	-7.717681340622618846e-02	9.611609243282606685e-02	-9.279355258708928134e-02	6.990813519661694120e-02	-2.074533844315943065e-01	2.092637408274027333e-01	-2.050566001779116077e-01	1.935457068211952070e-01	-7.416559204092906810e-02	1.900740522929570131e-01	-4.232762810909851958e-01	2.426797363845848154e-01	-2.010040309414315995e-01	1.773576111798601251e-01	-1.463093391653797481e-01	9.999999999999972244e-01	-5.138226700000491087e-01	2.539719232211469224e-01	-2.390453970622317126e-01	1.476023625154329333e-01	-5.057081810082219020e-01	2.073524651822963583e-01	-1.982335669376737441e-01	1.412094424845084795e-01	-2.351573707655152945e-01	2.383487812328685396e-01	-1.788830696756112115e-01	1.390488312290652784e-01	-1.221433540031073989e-01
5.132252117679201447e-02	-5.342802979684018599e-02	8.934406850939358158e-02	-7.165559270004993875e-02	9.259901981697209183e-02	-3.810286198742693364e-02	5.771148031074616047e-02	-9.048941396458851094e-02	7.921058612960346634e-02	-7.357221552761490646e-02	6.852059029089516140e-02	-6.795320308702268441e-02	1.031430538757248938e-01	-8.123514861569358647e-02	8.848227748968713613e-02	-6.538697436051175982e-02	7.445814651044095622e-02	-1.036199797808508849e-01	9.920680312849596005e-02	-7.737077929162845813e-02	1.758193686470137795e-01	-1.959148939827720926e-01	1.889603318793849074e-01	-2.292159924962958450e-01	8.078785793962391104e-02	-1.702661993482650071e-01	2.411135102293699706e-01	-2.851944754786526204e-01	2.309104344553929711e-01	-2.278691841767438719e-01	1.201908130919251277e-01	-5.138226700000491087e-01	9.999999999999967804e-01	-6.070600094536434677e-01	2.670338294741774199e-01	-1.280226587446184616e-01	2.376365258973831551e-01	-2.125983068850358648e-01	1.925568814357976888e-01	-1.511729808829302413e-01	1.803455339982755479e-01	-1.952197269426284021e-01	1.575042130166163235e-01	-1.369454411483939371e-01	1.203856492295741903e-01
-4.883464393201712717e-02	5.054734759899512375e-02	-8.571321032057380163e-02	6.827793462784431666e-02	-8.948756842220295660e-02	3.600625037899587294e-02	-5.487432928963808382e-02	8.457452367307563557e-02	-7.609132601824247777e-02	7.018051594074668775e-02	-6.243189000744045480e-02	6.115537368086339243e-02	-9.863567489804769828e-02	7.699836220196995540e-02	-8.611458484789648316e-02	5.856595394080876815e-02	-6.788178341607045696e-02	9.586751338237618769e-02	-9.577478829022695317e-02	7.473396791637948455e-02	-1.577974554215795244e-01	1.538022090110766349e-01	-1.629797278779018532e-01	2.131905159423621854e-01	-8.074992381188585144e-02	1.408995189428127459e-01	-1.927706035375294225e-01	1.967352446609007266e-01	-3.516796587589052225e-01	2.677636061919556054e-01	-1.071680400306591618e-01	2.539719232211469224e-01	-6.070600094536434677e-01	9.999999999999988898e-01	-5.147109411538177692e-01	1.107816249416307547e-01	-2.060633656062627328e-01	1.972705144026292157e-01	-2.558807487753216869e-01	1.663748817279750991e-01	-1.682514914739900724e-01	1.634390273265876048e-01	-1.621282905120269013e-01	1.409236220861975475e-01	-1.384434579666579124e-01
