1.000000000000000000e+00	-4.968262729381786036e-01	2.049291590870523372e-01	-1.884355254138529445e-01	8.479641919378157200e-02	-7.302084545351844591e-01	2.993601432103012994e-01	-2.500289233652319143e-01	1.891009696558707820e-01	-9.140403813117435605e-02	2.262051433144911805e-01	-2.287968193970177366e-01	1.040197503767858883e-01	-9.662898356521164300e-02	5.676794630386139406e-02	-6.170056077419885238e-02	6.100477427839919031e-02	-6.631926659064776852e-02	6.016046181791953606e-02	-5.911485363906517770e-02	3.071878665689896371e-02	-3.616127882394431364e-02	5.111488071549684375e-02	-6.094182007367869580e-02	5.143264922855807220e-02	-2.550465756972109671e-02	2.208054606016248214e-02	-5.380722643919754605e-02	4.976346474676687087e-02	-4.499692841448600655e-02	2.261614631718917093e-02	-1.946510991203767235e-02	5.612560114874361877e-02	-2.616250518077334331e-02	2.679556156987187784e-02	-1.800318974686966958e-02	2.950037114561031640e-02	-2.493888652939529535e-02	2.683929206776253587e-02	-3.911251159768844299e-02	2.274772032473278138e-02	-2.065476576975976142e-02	2.787411865333194391e-02	-1.074267388519717370e-02	1.107833278064843455e-02
-4.968262729381786036e-01	9.999999999999996669e-01	-4.353140110132864837e-01	2.307748495469127414e-01	-1.048402253054382255e-01	2.919898049562059672e-01	-5.994168264125409040e-01	2.766480732893932259e-01	-2.503999203471371504e-01	1.036575682803932974e-01	-2.230061256050767660e-01	2.057917016969521562e-01	-1.063151423372230703e-01	9.363424187813382260e-02	-5.799941987942268395e-02	5.622156182536763164e-02	-5.819706841618731835e-02	6.347491455231439594e-02	-5.894969812322471692e-02	5.871591521063626584e-02	-2.894870418875945470e-02	3.384800731223136516e-02	-4.950170966832932729e-02	5.846013575101492027e-02	-5.089707991630519623e-02	2.405068761153657600e-02	-2.100371811238300329e-02	5.139115146279300134e-02	-4.849706542929049791e-02	4.370031577641259740e-02	-2.151987939025338734e-02	1.849153867475319957e-02	-5.448921462818111933e-02	2.525430678080755470e-02	-2.593349416661111864e-02	1.718188441378954226e-02	-2.843757339527142047e-02	2.401866392632674707e-02	-2.590102464216252620e-02	3.735991790191071915e-02	-2.178612862483245496e-02	1.985806103242724122e-02	-2.687403609552518891e-02	1.032305528321094193e-02	-1.065532049324359465e-02
2.049291590870523372e-01	-4.353140110132864837e-01	9.999999999999996669e-01	-6.642350540657622204e-01	1.648079081938417234e-01	-1.908106536113824969e-01	2.497781935275491250e-01	-4.447398821481687858e-01	2.993049017202514261e-01	-1.732708876758344285e-01	1.566734101339719298e-01	-1.563515726958023544e-01	1.003024701157824439e-01	-9.482873188748844329e-02	6.648064087195988681e-02	-4.817438700663728007e-02	4.911217460736235635e-02	-6.214517793905278975e-02	5.857533109116655479e-02	-6.753727183991160843e-02	2.618325444724641654e-02	-3.084054508829823377e-02	4.834561796676368345e-02	-5.876667301600000531e-02	5.246842488128779236e-02	-2.229444160251103924e-02	1.959681966243244713e-02	-5.095233128927210281e-02	4.847932214946985147e-02	-4.530190813766899610e-02	2.007333256425672396e-02	-1.736472228493805836e-02	5.342326983921102251e-02	-2.510752233285334228e-02	2.575470065929995681e-02	-1.631210011309872435e-02	2.778698669274714747e-02	-2.360805342887309366e-02	2.552963912638370886e-02	-3.699504216007455659e-02	2.065582904768549499e-02	-1.942669591689224345e-02	2.634965606678640188e-02	-1.017145059297650672e-02	1.049680021608913674e-02
-1.884355254138529445e-01	2.307748495469127414e-01	-6.642350540657622204e-01	9.999999999999997780e-01	-3.050103069483073859e-01	1.570885329595993474e-01	-2.156619850464199795e-01	2.923718016116412799e-01	-5.180221434679092019e-01	2.203176556485904880e-01	-1.562950459536838199e-01	1.417144830436909420e-01	-1.078887068509888914e-01	1.039810409876288921e-01	-7.865514062297555842e-02	4.863828859320981635e-02	-5.001057264157473398e-02	6.646029020879896942e-02	-6.441686013894777629e-02	7.716942446141097922e-02	-2.735916158025446243e-02	3.217969643356992371e-02	-5.236140817400841002e-02	6.381727938784777232e-02	-5.885431354604072490e-02	2.350400068257804675e-02	-2.079505046162469575e-02	5.498683487187231572e-02	-5.323190160115678221e-02	5.008143251940211371e-02	-2.130324153208504323e-02	1.845605860466302886e-02	-5.822978066691727322e-02	2.737027716404481434e-02	-2.812100583059141262e-02	1.744029846670282560e-02	-3.013804172934623701e-02	2.562707146918909856e-02	-2.777019579040911762e-02	4.003202963980952156e-02	-2.211769556238966233e-02	2.104277494129166634e-02	-2.861169463631036552e-02	1.103455790747200072e-02	-1.139370391791883624e-02
8.479641919378157200e-02	-1.048402253054382255e-01	1.648079081938417234e-01	-3.050103069483073859e-01	9.999999999999997780e-01	-8.117198859462491922e-02	9.775352034957232594e-02	-1.600141533312015585e-01	2.108876597618863924e-01	-8.921111058848811837e-01	8.775615592284420619e-02	-8.387085434144003759e-02	8.163686946174253389e-02	-8.810699576386343823e-02	1.241440305454001997e-01	-3.440324327400243187e-02	3.510072005656381805e-02	-5.719774866152095572e-02	5.712593346548012346e-02	-1.240635140396406100e-01	2.079823932998089986e-02	-2.470034058752063749e-02	4.488396819514506308e-02	-5.921066013374032960e-02	6.171303410974807863e-02	-1.816024738708918451e-02	1.617623320372931633e-02	-4.898505105941446114e-02	4.876315652739030698e-02	-5.364220512716348643e-02	1.653910522058222102e-02	-1.443964853451316400e-02	4.713706630147045107e-02	-2.401776761220917808e-02	2.452205775117710651e-02	-1.373612789591112382e-02	2.451838936009789749e-02	-2.127657828847429392e-02	2.326692290116862821e-02	-3.393273308878756722e-02	1.734125515027013995e-02	-1.716937686491642676e-02	2.320324036898328834e-02	-9.163117144315075652e-03	9.441947996093390943e-03
-7.302084545351844591e-01	2.919898049562059672e-01	-1.908106536113824969e-01	1.570885329595993474e-01	-8.117198859462491922e-02	9.999999999999998890e-01	-4.277147806306171307e-01	2.241765049555181633e-01	-2.087325332201619421e-01	8.358503038812427344e-02	-3.654816472899499735e-01	2.406753346533195004e-01	-1.125386055016334014e-01	9.967197252893017501e-02	-5.800440308354090635e-02	6.792210110324582717e-02	-6.861706768288623748e-02	6.933938217667649784e-02	-6.332006029421935467e-02	5.951859553547482473e-02	-3.349915520509487432e-02	3.898492006465704984e-02	-5.406124654583503025e-02	6.328136233084283302e-02	-5.393120637325204275e-02	2.745147306605525903e-02	-2.381395668995477805e-02	5.614720285813697143e-02	-5.235993523413495776e-02	4.659519314148805741e-02	-2.440784509090858020e-02	2.090475925178551103e-02	-5.965529485834616258e-02	2.750525301684879007e-02	-2.823057367320179825e-02	1.928652044268300628e-02	-3.130178219746246326e-02	2.635695756414163302e-02	-2.835355602963305841e-02	4.098139946361521735e-02	-2.444079259298501117e-02	2.186876755754273149e-02	-2.952761933051705270e-02	1.132593453460242067e-02	-1.168729960415722594e-02
2.993601432103012994e-01	-5.994168264125409040e-01	2.497781935275491250e-01	-2.156619850464199795e-01	9.775352034957232594e-02	-4.277147806306171307e-01	9.999999999999993339e-01	-4.320587938644968595e-01	2.395483855613449731e-01	-1.033773084450249902e-01	2.584009393446052294e-01	-3.612818545804293291e-01	1.304210639948250039e-01	-1.141096995557972643e-01	6.518890693828041649e-02	-6.995136345856500792e-02	7.190193467802183380e-02	-7.635514971784231053e-02	6.950123011235723181e-02	-6.700284910103752878e-02	3.468974725364575712e-02	-4.075409089228305970e-02	5.820212351370698811e-02	-6.873461063468280785e-02	5.818076983212670111e-02	-2.842895392611043820e-02	2.466295445723764440e-02	-6.033258198446680987e-02	5.619625930920425089e-02	-5.039604690195183256e-02	2.524377283079441009e-02	-2.166659805338619349e-02	6.211039379224292389e-02	-2.908092170299389143e-02	2.980070925570712376e-02	-1.997140902276831748e-02	3.257008759993804820e-02	-2.754759796643073758e-02	2.968570164602114814e-02	-4.297101866101568635e-02	2.527506267518969327e-02	-2.276721853574235205e-02	3.068924131440766215e-02	-1.182926136559714347e-02	1.220143918100793229e-02
-2.500289233652319143e-01	2.766480732893932259e-01	-4.447398821481687858e-01	2.923718016116412799e-01	-1.600141533312015585e-01	2.241765049555181633e-01	-4.320587938644968595e-01	1.000000000000000000e+00	-6.149252506467363100e-01	1.559222441320757269e-01	-2.470166261705415700e-01	2.155920979234990376e-01	-1.720346998762926627e-01	1.462291862548071864e-01	-8.999854131185278105e-02	7.166817892898547093e-02	-7.469733162560644735e-02	9.475524358638745537e-02	-9.054694525451036091e-02	8.926245243704106214e-02	-3.985721235935323764e-02	4.666793958192110015e-02	-7.443702756250858421e-02	8.806844068725941388e-02	-7.828728420753271189e-02	3.400391221549621534e-02	-3.009572504386691036e-02	7.680938810333501343e-02	-7.389438058910684226e-02	6.623904709324709983e-02	-3.084172647851641039e-02	2.663591848530258085e-02	-8.341250748819105387e-02	3.829390575197694907e-02	-3.942809975505397885e-02	2.510985534605189584e-02	-4.300617375892185068e-02	3.635818353939723052e-02	-3.931564295011697602e-02	5.623923178885299745e-02	-3.191998715437605744e-02	2.997046717287361883e-02	-4.082845697711953714e-02	1.562748938272988386e-02	-1.614954026479767379e-02
1.891009696558707820e-01	-2.503999203471371504e-01	2.993049017202514261e-01	-5.180221434679092019e-01	2.108876597618863924e-01	-2.087325332201619421e-01	2.395483855613449731e-01	-6.149252506467363100e-01	1.000000000000000444e+00	-2.713433937088312042e-01	1.933619006507542870e-01	-2.055040050755893855e-01	1.666109916081502385e-01	-1.896215406786980473e-01	1.133740381125933755e-01	-7.335799382482825759e-02	7.368625246885696090e-02	-1.077943745176603574e-01	1.031209601457208219e-01	-1.175244309701895667e-01	4.183479294179050928e-02	-4.968354010350994887e-02	8.265305513370162227e-02	-1.035921106029233790e-01	8.976065224707037438e-02	-3.637051512021811234e-02	3.209830380543189643e-02	-8.828421306857793527e-02	8.348135861753164244e-02	-7.871851389809486621e-02	3.286533205488740422e-02	-2.861828158492412191e-02	9.087724160904203652e-02	-4.324753819180217340e-02	4.425111369193801547e-02	-2.713034905673738020e-02	4.728162511946169128e-02	-4.039073151335105527e-02	4.372823489980343786e-02	-6.401615455012935052e-02	3.426571228317722845e-02	-3.314437663335875056e-02	4.500238560507317798e-02	-1.747012609831852248e-02	1.801759501964353416e-02
-9.140403813117435605e-02	1.036575682803932974e-01	-1.732708876758344285e-01	2.203176556485904880e-01	-8.921111058848811837e-01	8.358503038812427344e-02	-1.033773084450249902e-01	1.559222441320757269e-01	-2.713433937088312042e-01	1.000000000000000444e+00	-9.666776317245083516e-02	8.821287470287861310e-02	-9.092941878432816982e-02	9.522915805972832770e-02	-1.600550776329933977e-01	3.670315442212827850e-02	-3.777198819263536539e-02	6.096307278142304442e-02	-6.208649854536404944e-02	1.266067410852111663e-01	-2.233687101530330149e-02	2.644187385431103279e-02	-4.831088056599748548e-02	6.269445514505968264e-02	-6.742213332032592765e-02	1.948254691719742207e-02	-1.740297929788509404e-02	5.196301334895208485e-02	-5.252359690316504848e-02	5.630024202495936131e-02	-1.779633453584912595e-02	1.551891871131989668e-02	-5.101086149420095556e-02	2.571412245475605124e-02	-2.633725132080556516e-02	1.477376823200163974e-02	-2.640615969402144644e-02	2.285131634079666865e-02	-2.500855751712491304e-02	3.614177282635788746e-02	-1.868891591539526345e-02	1.845087630473825346e-02	-2.498871080006979939e-02	9.822393682186795344e-03	-1.012989589573520810e-02
2.262051433144911805e-01	-2.230061256050767660e-01	1.566734101339719298e-01	-1.562950459536838199e-01	8.775615592284420619e-02	-3.654816472899499735e-01	2.584009393446052294e-01	-2.470166261705415700e-01	1.933619006507542870e-01	-9.666776317245083516e-02	1.000000000000000000e+00	-7.471837170091227831e-01	2.135276443298529114e-01	-2.052839439555224077e-01	1.011234422489875467e-01	-1.711213185177105911e-01	1.520620894777210685e-01	-1.418189907810837314e-01	1.226076373442411688e-01	-1.091342293954051107e-01	7.217139046257069201e-02	-8.466655439663907379e-02	1.054213948552472357e-01	-1.248776541477985141e-01	9.817368188191821776e-02	-5.700050163935654196e-02	4.809183443520782114e-02	-1.111253900725575200e-01	9.882400377715346018e-02	-8.799017482596210860e-02	4.919658529028356209e-02	-4.205788129264821651e-02	1.084017765630809482e-01	-5.171050590477021397e-02	5.267081824903176168e-02	-3.782917859179999592e-02	5.821457926869616495e-02	-4.920431743331175195e-02	5.271231578820148589e-02	-7.779307926264633632e-02	4.751756842331286701e-02	-4.090186568383767651e-02	5.444615931795035446e-02	-2.115060542063422477e-02	2.176230386368033926e-02
-2.287968193970177366e-01	2.057917016969521562e-01	-1.563515726958023544e-01	1.417144830436909420e-01	-8.387085434144003759e-02	2.406753346533195004e-01	-3.612818545804293291e-01	2.155920979234990376e-01	-2.055040050755893855e-01	8.821287470287861310e-02	-7.471837170091227831e-01	1.000000000000000888e+00	-3.081502437334883715e-01	1.954245640653508864e-01	-9.842373054612853223e-02	1.442427196424898861e-01	-1.699283833925362142e-01	1.353976948930018798e-01	-1.215979639143251606e-01	9.962939673965956477e-02	-6.695976315500351550e-02	7.756905108593686871e-02	-1.020687849477601300e-01	1.143520528437368539e-01	-9.399494643260328242e-02	5.170361975542603350e-02	-4.450087829778599097e-02	1.011639095130777710e-01	-9.371843422483858155e-02	8.049594784321609242e-02	-4.549288033451743402e-02	3.849094325488924134e-02	-1.007185543522046839e-01	4.739571413327033078e-02	-4.855557395900572670e-02	3.462207122303459506e-02	-5.327133467761614033e-02	4.484290822883540278e-02	-4.821603919823068407e-02	6.914486058449086092e-02	-4.391906395613866948e-02	3.715303731652608993e-02	-4.960192723091562395e-02	1.910218339984188357e-02	-1.969379265669554679e-02
1.040197503767858883e-01	-1.063151423372230703e-01	1.003024701157824439e-01	-1.078887068509888914e-01	8.163686946174253389e-02	-1.125386055016334014e-01	1.304210639948250039e-01	-1.720346998762926627e-01	1.666109916081502385e-01	-9.092941878432816982e-02	2.135276443298529114e-01	-3.081502437334883715e-01	9.999999999999996669e-01	-7.382753517080524741e-01	1.963230752028912729e-01	-1.115961691924374222e-01	1.151408404779926259e-01	-3.339023820481120675e-01	2.547884775345734543e-01	-2.122995616883662784e-01	6.751098100419926362e-02	-8.170249804159575302e-02	1.787511619255439110e-01	-2.222205195728879090e-01	1.548751102262085899e-01	-5.531553189902233686e-02	4.881693651521912258e-02	-1.790521060919321727e-01	1.572396360886668121e-01	-1.383380522388905354e-01	4.949723712187448221e-02	-4.291800778021184759e-02	1.299740085931163913e-01	-7.006929297722135075e-02	7.053792858426201351e-02	-3.939035646165793547e-02	6.698150083733951654e-02	-5.934341503115789923e-02	6.495736426176798584e-02	-9.418598667302152672e-02	4.944743672024456277e-02	-4.698914851531939968e-02	6.218934383305986524e-02	-2.511240419268112589e-02	2.580228119522991193e-02
-9.662898356521164300e-02	9.363424187813382260e-02	-9.482873188748844329e-02	1.039810409876288921e-01	-8.810699576386343823e-02	9.967197252893017501e-02	-1.141096995557972643e-01	1.462291862548071864e-01	-1.896215406786980473e-01	9.522915805972832770e-02	-2.052839439555224077e-01	1.954245640653508864e-01	-7.382753517080524741e-01	9.999999999999990008e-01	-3.049857796569788726e-01	9.540244388677499021e-02	-1.030943534164423941e-01	2.463561604852906040e-01	-3.604301935532067680e-01	2.184627836266370138e-01	-6.188277913949013359e-02	7.337393727082044959e-02	-1.709975857158025359e-01	2.108757601009268456e-01	-1.698594711746742592e-01	5.071792612750996437e-02	-4.554810274259591535e-02	1.573710830667029992e-01	-1.623632313476992550e-01	1.352841715973234771e-01	-4.622399242605284425e-02	3.990944517887246717e-02	-1.260354029686194810e-01	6.828473080717642474e-02	-6.971814011908632203e-02	3.694154977325986994e-02	-6.426348342649312873e-02	5.673287216308191966e-02	-6.285158071710768291e-02	8.801403310554670179e-02	-4.672038655417854597e-02	4.468867378180451516e-02	-5.956829485834468085e-02	2.387319919038329019e-02	-2.460094835705913668e-02
5.676794630386139406e-02	-5.799941987942268395e-02	6.648064087195988681e-02	-7.865514062297555842e-02	1.241440305454001997e-01	-5.800440308354090635e-02	6.518890693828041649e-02	-8.999854131185278105e-02	1.133740381125933755e-01	-1.600550776329933977e-01	1.011234422489875467e-01	-9.842373054612853223e-02	1.963230752028912729e-01	-3.049857796569788726e-01	9.999999999999992228e-01	-5.904504668578233056e-02	6.101722483352860216e-02	-1.445439266488717511e-01	1.599088779023924156e-01	-8.579253883817843374e-01	4.002873262100264951e-02	-4.811642116082148757e-02	1.074846641186325280e-01	-1.591343036618866891e-01	1.931869075387561974e-01	-3.461695583359758466e-02	3.114637080385274440e-02	-1.192863742652097020e-01	1.252749199590188489e-01	-1.682059562103484229e-01	3.164715691149632554e-02	-2.778546863893360114e-02	9.222089210376512025e-02	-5.542252673918566380e-02	5.588023190516556993e-02	-2.626962110337743503e-02	4.839466934060089598e-02	-4.367631789434994055e-02	4.868590571480370388e-02	-7.098687399900986683e-02	3.295933610173008149e-02	-3.393043003945736547e-02	4.509776797622944838e-02	-1.860849534744564437e-02	1.911135372986862840e-02
-6.170056077419885238e-02	5.622156182536763164e-02	-4.817438700663728007e-02	4.863828859320981635e-02	-3.440324327400243187e-02	6.792210110324582717e-02	-6.995136345856500792e-02	7.166817892898547093e-02	-7.335799382482825759e-02	3.670315442212827850e-02	-1.711213185177105911e-01	1.442427196424898861e-01	-1.115961691924374222e-01	9.540244388677499021e-02	-5.904504668578233056e-02	1.000000000000000222e+00	-8.674596237379251784e-01	1.429017663892186984e-01	-1.122717198477638095e-01	5.968050891989481327e-02	-2.970436849618932618e-01	2.333218977942771166e-01	-1.248768737852720828e-01	1.037150731708941925e-01	-8.101963918877358450e-02	1.387054603572527023e-01	-1.124182569333812970e-01	1.057653325047957227e-01	-9.236225868656325333e-02	6.860040130013758675e-02	-1.173490000039877079e-01	8.795494306112162930e-02	-1.037056803155272239e-01	4.870457703921262510e-02	-4.963053018057984878e-02	6.987202839267457610e-02	-6.668537302904749275e-02	5.124256748834915554e-02	-5.256133343220979054e-02	7.341791902347849508e-02	-9.048920527765161315e-02	4.602823843465785741e-02	-5.636349349951848969e-02	2.090951951802688669e-02	-2.142153342982908160e-02
6.100477427839919031e-02	-5.819706841618731835e-02	4.911217460736235635e-02	-5.001057264157473398e-02	3.510072005656381805e-02	-6.861706768288623748e-02	7.190193467802183380e-02	-7.469733162560644735e-02	7.368625246885696090e-02	-3.777198819263536539e-02	1.520620894777210685e-01	-1.699283833925362142e-01	1.151408404779926259e-01	-1.030943534164423941e-01	6.101722483352860216e-02	-8.674596237379251784e-01	1.000000000000000000e+00	-1.795593227904023759e-01	1.177909892569171946e-01	-6.291229678420715010e-02	2.208909754208936149e-01	-2.922459188238854533e-01	1.309273150304768318e-01	-1.134419684596757599e-01	8.207945406778743846e-02	-1.345744400198205237e-01	1.037647823958208482e-01	-1.155372541441541251e-01	9.475536562123411388e-02	-7.164400603816269142e-02	1.036608931396655886e-01	-8.551825193791139090e-02	1.018390503313551382e-01	-4.931676826267038932e-02	4.986636492170762325e-02	-6.475884687432646725e-02	6.429756532229534416e-02	-5.058418398191667775e-02	5.199069550181299737e-02	-7.435937943790102422e-02	8.050303037048502086e-02	-4.482127357322664152e-02	5.482283977197567604e-02	-2.074666221192107696e-02	2.121599823825882219e-02
-6.631926659064776852e-02	6.347491455231439594e-02	-6.214517793905278975e-02	6.646029020879896942e-02	-5.719774866152095572e-02	6.933938217667649784e-02	-7.635514971784231053e-02	9.475524358638745537e-02	-1.077943745176603574e-01	6.096307278142304442e-02	-1.418189907810837314e-01	1.353976948930018798e-01	-3.339023820481120675e-01	2.463561604852906040e-01	-1.445439266488717511e-01	1.429017663892186984e-01	-1.795593227904023759e-01	1.000000000000000666e+00	-5.998185993275648720e-01	1.419719185253625338e-01	-1.025375679194322764e-01	1.221692837871661413e-01	-5.087005473213600526e-01	2.931720066308715622e-01	-1.969827915947623409e-01	7.427115259270077041e-02	-6.740472284849653717e-02	2.640421742688249807e-01	-2.461863163286769907e-01	1.590188059713780744e-01	-6.741234696998170406e-02	5.717853204792886640e-02	-1.705156411868937738e-01	9.207642334688710684e-02	-9.363339762197760152e-02	5.060984170875604260e-02	-8.307546252214209614e-02	7.430663534817469329e-02	-8.244563511165890757e-02	1.116477894817356209e-01	-6.415047146180932747e-02	5.745553040968740671e-02	-7.525787337265728294e-02	3.044687320919419599e-02	-3.134847295103432296e-02
6.016046181791953606e-02	-5.894969812322471692e-02	5.857533109116655479e-02	-6.441686013894777629e-02	5.712593346548012346e-02	-6.332006029421935467e-02	6.950123011235723181e-02	-9.054694525451036091e-02	1.031209601457208219e-01	-6.208649854536404944e-02	1.226076373442411688e-01	-1.215979639143251606e-01	2.547884775345734543e-01	-3.604301935532067680e-01	1.599088779023924156e-01	-1.122717198477638095e-01	1.177909892569171946e-01	-5.998185993275648720e-01	1.000000000000001998e+00	-1.783645887900078553e-01	7.632578590012323305e-02	-9.348649902641992249e-02	2.623341855943537859e-01	-5.518556594172419061e-01	1.899606088240539392e-01	-6.047824352307268336e-02	5.416113571466396603e-02	-2.454424001264670918e-01	2.311877179286763728e-01	-1.666238625163392884e-01	5.447706749757978001e-02	-4.721979859955036107e-02	1.457194057492328942e-01	-8.732747307279677129e-02	8.630932136297986279e-02	-4.281460319741448028e-02	7.398761670258680034e-02	-6.734438342476549433e-02	7.490201241093613627e-02	-1.049487670487912333e-01	5.372437898987972998e-02	-5.166108508342810712e-02	6.769194342250046958e-02	-2.791150495937216869e-02	2.866578527484688749e-02
-5.911485363906517770e-02	5.871591521063626584e-02	-6.753727183991160843e-02	7.716942446141097922e-02	-1.240635140396406100e-01	5.951859553547482473e-02	-6.700284910103752878e-02	8.926245243704106214e-02	-1.175244309701895667e-01	1.266067410852111663e-01	-1.091342293954051107e-01	9.962939673965956477e-02	-2.122995616883662784e-01	2.184627836266370138e-01	-8.579253883817843374e-01	5.968050891989481327e-02	-6.291229678420715010e-02	1.419719185253625338e-01	-1.783645887900078553e-01	1.000000000000000222e+00	-4.113481223735999948e-02	4.901702610041212133e-02	-1.116618748443624076e-01	1.572475453915342103e-01	-2.787748148354524114e-01	3.539109912380274114e-02	-3.205691869581845516e-02	1.183987910933969601e-01	-1.352537770710450504e-01	1.697697413864365512e-01	-3.257792423160444512e-02	2.851520134937785347e-02	-9.589611111544694977e-02	5.735099346230172063e-02	-5.857703991643926911e-02	2.698263573841419571e-02	-4.995408425440872602e-02	4.488027256900337797e-02	-5.038736890232484861e-02	7.156406208361774934e-02	-3.398648452591194330e-02	3.480681399998297731e-02	-4.644898072121523419e-02	1.902355258881783390e-02	-1.957939904049156576e-02
3.071878665689896371e-02	-2.894870418875945470e-02	2.618325444724641654e-02	-2.735916158025446243e-02	2.079823932998089986e-02	-3.349915520509487432e-02	3.468974725364575712e-02	-3.985721235935323764e-02	4.183479294179050928e-02	-2.233687101530330149e-02	7.217139046257069201e-02	-6.695976315500351550e-02	6.751098100419926362e-02	-6.188277913949013359e-02	4.002873262100264951e-02	-2.970436849618932618e-01	2.208909754208936149e-01	-1.025375679194322764e-01	7.632578590012323305e-02	-4.113481223735999948e-02	9.999999999999986677e-01	-7.849231073184069762e-01	1.242076785331712452e-01	-8.706122135389565697e-02	6.137637851288027524e-02	-3.986314545305916224e-01	1.972760852272841814e-01	-1.072067270057371624e-01	7.547046474103086267e-02	-5.532199071812661517e-02	2.024978807080444476e-01	-1.581648654611740312e-01	9.416431059324144315e-02	-4.476521389986433397e-02	4.482852563747316554e-02	-1.055639705995101707e-01	7.380291510031936064e-02	-5.310872570565784018e-02	5.121493318153321622e-02	-7.278028751601048341e-02	1.261513863520187240e-01	-5.104671556307183167e-02	5.697529177493815267e-02	-2.078171279108872310e-02	2.106187022669997466e-02
-3.616127882394431364e-02	3.384800731223136516e-02	-3.084054508829823377e-02	3.217969643356992371e-02	-2.470034058752063749e-02	3.898492006465704984e-02	-4.075409089228305970e-02	4.666793958192110015e-02	-4.968354010350994887e-02	2.644187385431103279e-02	-8.466655439663907379e-02	7.756905108593686871e-02	-8.170249804159575302e-02	7.337393727082044959e-02	-4.811642116082148757e-02	2.333218977942771166e-01	-2.922459188238854533e-01	1.221692837871661413e-01	-9.348649902641992249e-02	4.901702610041212133e-02	-7.849231073184069762e-01	9.999999999999987788e-01	-1.784601828595300255e-01	1.027561512606682131e-01	-7.454374383745546173e-02	2.612590877591495775e-01	-2.677358693426584169e-01	1.264289200370797561e-01	-9.214801480901932407e-02	6.598604551954735664e-02	-2.349259810926793701e-01	1.729236378403934959e-01	-1.146619031536879607e-01	5.323591187667572888e-02	-5.359866610427571620e-02	1.190838544645713148e-01	-8.790882553383259912e-02	6.274964578108042923e-02	-6.108958426800958214e-02	8.504638498916124167e-02	-1.564516173004035504e-01	6.011048833492123322e-02	-6.817583427520579331e-02	2.459428574622112701e-02	-2.499417259951546011e-02
5.111488071549684375e-02	-4.950170966832932729e-02	4.834561796676368345e-02	-5.236140817400841002e-02	4.488396819514506308e-02	-5.406124654583503025e-02	5.820212351370698811e-02	-7.443702756250858421e-02	8.265305513370162227e-02	-4.831088056599748548e-02	1.054213948552472357e-01	-1.020687849477601300e-01	1.787511619255439110e-01	-1.709975857158025359e-01	1.074846641186325280e-01	-1.248768737852720828e-01	1.309273150304768318e-01	-5.087005473213600526e-01	2.623341855943537859e-01	-1.116618748443624076e-01	1.242076785331712452e-01	-1.784601828595300255e-01	1.000000000000002887e+00	-3.546835461936718170e-01	1.786887841936653232e-01	-8.710217384148197239e-02	7.857893993461451121e-02	-6.465121084562195364e-01	2.596274172811023906e-01	-1.706346418408208332e-01	7.704389554679864915e-02	-6.617925394865867283e-02	1.876407073615122545e-01	-9.989857494924005155e-02	9.748408842970711363e-02	-5.642296404522337272e-02	8.861532186815079815e-02	-8.173230841537726388e-02	8.773172125193741400e-02	-1.239664638018274645e-01	7.058084291251388864e-02	-6.229759535307002188e-02	7.977780587234950538e-02	-3.289463490881808228e-02	3.364834317183852674e-02
-6.094182007367869580e-02	5.846013575101492027e-02	-5.876667301600000531e-02	6.381727938784777232e-02	-5.921066013374032960e-02	6.328136233084283302e-02	-6.873461063468280785e-02	8.806844068725941388e-02	-1.035921106029233790e-01	6.269445514505968264e-02	-1.248776541477985141e-01	1.143520528437368539e-01	-2.222205195728879090e-01	2.108757601009268456e-01	-1.591343036618866891e-01	1.037150731708941925e-01	-1.134419684596757599e-01	2.931720066308715622e-01	-5.518556594172419061e-01	1.572475453915342103e-01	-8.706122135389565697e-02	1.027561512606682131e-01	-3.546835461936718170e-01	9.999999999999995559e-01	-3.371567149431271004e-01	6.990753499535870552e-02	-6.477733541301136655e-02	2.761044996192568712e-01	-4.991851405300496425e-01	2.470728994838977954e-01	-6.524165564332441714e-02	5.650404337633536250e-02	-1.906904063591332854e-01	1.319174410849168200e-01	-1.335342770949753677e-01	5.253574624699711149e-02	-9.814121567491805587e-02	9.015133356176856239e-02	-1.055251325479713981e-01	1.366887861713915187e-01	-6.642110466976276772e-02	6.734678731499102455e-02	-8.914931840302875443e-02	3.707725725293870012e-02	-3.827592913162772281e-02
5.143264922855807220e-02	-5.089707991630519623e-02	5.246842488128779236e-02	-5.885431354604072490e-02	6.171303410974807863e-02	-5.393120637325204275e-02	5.818076983212670111e-02	-7.828728420753271189e-02	8.976065224707037438e-02	-6.742213332032592765e-02	9.817368188191821776e-02	-9.399494643260328242e-02	1.548751102262085899e-01	-1.698594711746742592e-01	1.931869075387561974e-01	-8.101963918877358450e-02	8.207945406778743846e-02	-1.969827915947623409e-01	1.899606088240539392e-01	-2.787748148354524114e-01	6.137637851288027524e-02	-7.454374383745546173e-02	1.786887841936653232e-01	-3.371567149431271004e-01	9.999999999999987788e-01	-5.531094588933743728e-02	5.038850056753429313e-02	-2.372045597657191640e-01	2.889413947324289134e-01	-7.548940986955342547e-01	5.108566730795558591e-02	-4.565217164127965271e-02	1.602204218142738723e-01	-1.217264571536549184e-01	1.203225878944698263e-01	-4.399672220659107957e-02	8.736629115338188922e-02	-8.250610826804498366e-02	9.404797211460343143e-02	-1.394827650002513353e-01	5.472531770609580237e-02	-6.152963663373928194e-02	8.090389699654836064e-02	-3.509261886261905161e-02	3.589402923350926145e-02
-2.550465756972109671e-02	2.405068761153657600e-02	-2.229444160251103924e-02	2.350400068257804675e-02	-1.816024738708918451e-02	2.745147306605525903e-02	-2.842895392611043820e-02	3.400391221549621534e-02	-3.637051512021811234e-02	1.948254691719742207e-02	-5.700050163935654196e-02	5.170361975542603350e-02	-5.531553189902233686e-02	5.071792612750996437e-02	-3.461695583359758466e-02	1.387054603572527023e-01	-1.345744400198205237e-01	7.427115259270077041e-02	-6.047824352307268336e-02	3.539109912380274114e-02	-3.986314545305916224e-01	2.612590877591495775e-01	-8.710217384148197239e-02	6.990753499535870552e-02	-5.531094588933743728e-02	1.000000000000000444e+00	-4.438251359101045290e-01	8.232916651391965213e-02	-6.629927096034161915e-02	4.960718885328082445e-02	-6.343543177197116245e-01	2.886871176832752628e-01	-1.134963515195678008e-01	5.224055970322770415e-02	-5.232756867648484522e-02	2.158306416448915466e-01	-1.162718590027183169e-01	7.456136534238440305e-02	-6.802195094587143442e-02	9.430534108592439346e-02	-2.757508611219372519e-01	7.827094094554334913e-02	-8.193531206554384438e-02	2.810612035550993926e-02	-2.832072542811648469e-02
2.208054606016248214e-02	-2.100371811238300329e-02	1.959681966243244713e-02	-2.079505046162469575e-02	1.617623320372931633e-02	-2.381395668995477805e-02	2.466295445723764440e-02	-3.009572504386691036e-02	3.209830380543189643e-02	-1.740297929788509404e-02	4.809183443520782114e-02	-4.450087829778599097e-02	4.881693651521912258e-02	-4.554810274259591535e-02	3.114637080385274440e-02	-1.124182569333812970e-01	1.037647823958208482e-01	-6.740472284849653717e-02	5.416113571466396603e-02	-3.205691869581845516e-02	1.972760852272841814e-01	-2.677358693426584169e-01	7.857893993461451121e-02	-6.477733541301136655e-02	5.038850056753429313e-02	-4.438251359101045290e-01	9.999999999999963363e-01	-7.909979085966631351e-02	6.125864478483435127e-02	-4.610928470606237561e-02	2.964626552379651669e-01	-7.682943071061315576e-01	1.104435034859184706e-01	-5.116447813112186271e-02	5.034239351570576199e-02	-1.528408548852071558e-01	1.157463198022849471e-01	-7.705506835118215714e-02	6.588010669830758614e-02	-9.534327427798573729e-02	1.597852150541135552e-01	-7.823130390432708747e-02	7.575560128086425427e-02	-2.733499614567586750e-02	2.723940708912196002e-02
-5.380722643919754605e-02	5.139115146279300134e-02	-5.095233128927210281e-02	5.498683487187231572e-02	-4.898505105941446114e-02	5.614720285813697143e-02	-6.033258198446680987e-02	7.680938810333501343e-02	-8.828421306857793527e-02	5.196301334895208485e-02	-1.111253900725575200e-01	1.011639095130777710e-01	-1.790521060919321727e-01	1.573710830667029992e-01	-1.192863742652097020e-01	1.057653325047957227e-01	-1.155372541441541251e-01	2.640421742688249807e-01	-2.454424001264670918e-01	1.183987910933969601e-01	-1.072067270057371624e-01	1.264289200370797561e-01	-6.465121084562195364e-01	2.761044996192568712e-01	-2.372045597657191640e-01	8.232916651391965213e-02	-7.909979085966631351e-02	9.999999999999985567e-01	-4.736800689133290332e-01	2.084601265292612693e-01	-7.711354388873228882e-02	6.821237659656861907e-02	-3.030428369503109232e-01	1.336423500185052460e-01	-1.330823003394349946e-01	6.031998792034992674e-02	-1.097727183641441645e-01	1.051312057131316563e-01	-1.149413310855628145e-01	1.509732467924239929e-01	-7.583646767562145230e-02	7.584704393763663788e-02	-9.827376985383248775e-02	4.080750542078440124e-02	-4.187947247847076393e-02
4.976346474676687087e-02	-4.849706542929049791e-02	4.847932214946985147e-02	-5.323190160115678221e-02	4.876315652739030698e-02	-5.235993523413495776e-02	5.619625930920425089e-02	-7.389438058910684226e-02	8.348135861753164244e-02	-5.252359690316504848e-02	9.882400377715346018e-02	-9.371843422483858155e-02	1.572396360886668121e-01	-1.623632313476992550e-01	1.252749199590188489e-01	-9.236225868656325333e-02	9.475536562123411388e-02	-2.461863163286769907e-01	2.311877179286763728e-01	-1.352537770710450504e-01	7.547046474103086267e-02	-9.214801480901932407e-02	2.596274172811023906e-01	-4.991851405300496425e-01	2.889413947324289134e-01	-6.629927096034161915e-02	6.125864478483435127e-02	-4.736800689133290332e-01	9.999999999999990008e-01	-4.861237876178908235e-01	6.155341042679488006e-02	-5.534382129318879406e-02	1.986646181216298601e-01	-2.314831657769195750e-01	1.764298364857148915e-01	-5.282835763968208448e-02	1.084799429625809553e-01	-1.086790573417826394e-01	1.292155831602471716e-01	-1.715025851037719484e-01	6.547275667283053435e-02	-7.559291605720316887e-02	9.801533389145009045e-02	-4.371239412981461903e-02	4.467007590074784096e-02
-4.499692841448600655e-02	4.370031577641259740e-02	-4.530190813766899610e-02	5.008143251940211371e-02	-5.364220512716348643e-02	4.659519314148805741e-02	-5.039604690195183256e-02	6.623904709324709983e-02	-7.871851389809486621e-02	5.630024202495936131e-02	-8.799017482596210860e-02	8.049594784321609242e-02	-1.383380522388905354e-01	1.352841715973234771e-01	-1.682059562103484229e-01	6.860040130013758675e-02	-7.164400603816269142e-02	1.590188059713780744e-01	-1.666238625163392884e-01	1.697697413864365512e-01	-5.532199071812661517e-02	6.598604551954735664e-02	-1.706346418408208332e-01	2.470728994838977954e-01	-7.548940986955342547e-01	4.960718885328082445e-02	-4.610928470606237561e-02	2.084601265292612693e-01	-4.861237876178908235e-01	9.999999999999973355e-01	-4.668434413553684825e-02	4.168510209791592702e-02	-1.540459529023400498e-01	1.340521326687028614e-01	-1.458104235953850414e-01	4.046146679484578790e-02	-8.427295906202138254e-02	8.004218169050006382e-02	-9.647160234724946881e-02	1.280435861402083597e-01	-5.060520487172109894e-02	5.799260292938931971e-02	-7.684597834637049707e-02	3.331246976728014647e-02	-3.431481910496975152e-02
2.261614631718917093e-02	-2.151987939025338734e-02	2.007333256425672396e-02	-2.130324153208504323e-02	1.653910522058222102e-02	-2.440784509090858020e-02	2.524377283079441009e-02	-3.084172647851641039e-02	3.286533205488740422e-02	-1.779633453584912595e-02	4.919658529028356209e-02	-4.549288033451743402e-02	4.949723712187448221e-02	-4.622399242605284425e-02	3.164715691149632554e-02	-1.173490000039877079e-01	1.036608931396655886e-01	-6.741234696998170406e-02	5.447706749757978001e-02	-3.257792423160444512e-02	2.024978807080444476e-01	-2.349259810926793701e-01	7.704389554679864915e-02	-6.524165564332441714e-02	5.108566730795558591e-02	-6.343543177197116245e-01	2.964626552379651669e-01	-7.711354388873228882e-02	6.155341042679488006e-02	-4.668434413553684825e-02	9.999999999999990008e-01	-4.841846875760504876e-01	1.095018052142491816e-01	-5.272917425660950119e-02	5.213166196798055263e-02	-3.804790186533678620e-01	1.237403109040802196e-01	-7.987461674815497792e-02	6.904059797334519133e-02	-9.912913422966886101e-02	2.594378340610892231e-01	-8.464641074143022803e-02	8.199704213909728145e-02	-2.885453743695256396e-02	2.879727041823296196e-02
-1.946510991203767235e-02	1.849153867475319957e-02	-1.736472228493805836e-02	1.845605860466302886e-02	-1.443964853451316400e-02	2.090475925178551103e-02	-2.166659805338619349e-02	2.663591848530258085e-02	-2.861828158492412191e-02	1.551891871131989668e-02	-4.205788129264821651e-02	3.849094325488924134e-02	-4.291800778021184759e-02	3.990944517887246717e-02	-2.778546863893360114e-02	8.795494306112162930e-02	-8.551825193791139090e-02	5.717853204792886640e-02	-4.721979859955036107e-02	2.851520134937785347e-02	-1.581648654611740312e-01	1.729236378403934959e-01	-6.617925394865867283e-02	5.650404337633536250e-02	-4.565217164127965271e-02	2.886871176832752628e-01	-7.682943071061315576e-01	6.821237659656861907e-02	-5.534382129318879406e-02	4.168510209791592702e-02	-4.841846875760504876e-01	9.999999999999974465e-01	-1.174990447816537664e-01	5.058243245155205625e-02	-4.972649225515515803e-02	1.720721260398957453e-01	-1.409731007796244939e-01	8.162631027553926555e-02	-6.867768148001748840e-02	9.476549168835605996e-02	-1.987489800784360827e-01	8.333370565686358533e-02	-7.999926702550123891e-02	2.790063179913785524e-02	-2.780955494600223510e-02
5.612560114874361877e-02	-5.448921462818111933e-02	5.342326983921102251e-02	-5.822978066691727322e-02	4.713706630147045107e-02	-5.965529485834616258e-02	6.211039379224292389e-02	-8.341250748819105387e-02	9.087724160904203652e-02	-5.101086149420095556e-02	1.084017765630809482e-01	-1.007185543522046839e-01	1.299740085931163913e-01	-1.260354029686194810e-01	9.222089210376512025e-02	-1.037056803155272239e-01	1.018390503313551382e-01	-1.705156411868937738e-01	1.457194057492328942e-01	-9.589611111544694977e-02	9.416431059324144315e-02	-1.146619031536879607e-01	1.876407073615122545e-01	-1.906904063591332854e-01	1.602204218142738723e-01	-1.134963515195678008e-01	1.104435034859184706e-01	-3.030428369503109232e-01	1.986646181216298601e-01	-1.540459529023400498e-01	1.095018052142491816e-01	-1.174990447816537664e-01	9.999999999999976685e-01	-1.976166880217240518e-01	1.831214974446342125e-01	-1.062500784983707314e-01	2.335990643586933757e-01	-2.969150599546233615e-01	2.284393447005153566e-01	-3.659200344429285323e-01	1.260708091424268817e-01	-1.765868733670929724e-01	2.153735253446253384e-01	-9.239504100931389408e-02	9.235187776292813622e-02
-2.616250518077334331e-02	2.525430678080755470e-02	-2.510752233285334228e-02	2.737027716404481434e-02	-2.401776761220917808e-02	2.750525301684879007e-02	-2.908092170299389143e-02	3.829390575197694907e-02	-4.324753819180217340e-02	2.571412245475605124e-02	-5.171050590477021397e-02	4.739571413327033078e-02	-7.006929297722135075e-02	6.828473080717642474e-02	-5.542252673918566380e-02	4.870457703921262510e-02	-4.931676826267038932e-02	9.207642334688710684e-02	-8.732747307279677129e-02	5.735099346230172063e-02	-4.476521389986433397e-02	5.323591187667572888e-02	-9.989857494924005155e-02	1.319174410849168200e-01	-1.217264571536549184e-01	5.224055970322770415e-02	-5.116447813112186271e-02	1.336423500185052460e-01	-2.314831657769195750e-01	1.340521326687028614e-01	-5.272917425660950119e-02	5.058243245155205625e-02	-1.976166880217240518e-01	9.999999999999985567e-01	-7.929130297490633028e-01	5.677648015040051566e-02	-1.762591884273998488e-01	1.997243932928454702e-01	-3.841180053934056815e-01	2.803936720723518294e-01	-6.870687372859750341e-02	1.121697748624334717e-01	-1.459600840198017613e-01	7.469900554241920565e-02	-7.734920183147611650e-02
