1.000000000000000222e+00	-9.207468018345308369e-01	1.485151136831208418e-01	-1.139945748908712947e-01	7.942808559604234986e-02	-2.479078446204209529e-01	1.586638691603474705e-01	-8.869849391735823430e-02	8.364405005975789065e-02	-6.548192442525140045e-02	1.338734893313376362e-01	-1.095167571293169106e-01	8.847560617534144800e-02	-7.165053552212741206e-02	6.802310050178690670e-02	-1.136780086030186876e-01	1.039742542457491870e-01	-8.239688209800208329e-02	6.486935075639850556e-02	-7.380945796278672033e-02	9.065408533111778133e-02	-7.031928807634997558e-02	7.498715944876066519e-02	-7.531966919034650820e-02	7.682987920243956881e-02	-2.407710819775695302e-02	2.078265593029570216e-02	-3.493100024635870104e-02	5.351962428139613731e-02	-2.271686334122996476e-02	2.537843137748000202e-02	-2.133084378574620632e-02	2.890982182889460100e-02	-3.721673053486335148e-02	2.593561311654607113e-02	-1.495054771095862337e-02	1.529742530546504033e-02	-2.397343382942349749e-02	2.956014577715611671e-02	-3.634096904862943456e-02	1.272040965321095951e-02	-1.284067682446761102e-02	2.740088718189947342e-02	-4.274548115646402413e-02	2.193615550535894798e-02
-9.207468018345308369e-01	1.000000000000000000e+00	-1.907279347572688188e-01	1.166910775086569541e-01	-8.504138767825875078e-02	1.894582102626368725e-01	-1.813542324480084955e-01	9.430684031262664968e-02	-8.942978523027969584e-02	6.788467357707184124e-02	-1.380333614726126923e-01	1.114735237392079914e-01	-9.649913237045014414e-02	7.441446233518807241e-02	-7.152234324125653075e-02	1.100498672074506357e-01	-1.113605781367097147e-01	8.536229313199608648e-02	-6.722306392505193740e-02	7.543097190673703212e-02	-9.646312252493398354e-02	7.266855193556356896e-02	-7.941460317307058592e-02	7.661594624589455893e-02	-7.940729467534192454e-02	2.467795955127802948e-02	-2.138258050685425821e-02	3.568565819586079491e-02	-5.479962633783234255e-02	2.319454741095121342e-02	-2.606320024125253002e-02	2.183106445563040218e-02	-2.962863344680201003e-02	3.770126893400429363e-02	-2.651069575160177119e-02	1.524065186815242758e-02	-1.560764898035445214e-02	2.427020362890166746e-02	-2.994563207189853554e-02	3.643384562336409588e-02	-1.295281999392136965e-02	1.306588819029325457e-02	-2.779990625778815810e-02	4.285901044442434749e-02	-2.202813011061315052e-02
1.485151136831208418e-01	-1.907279347572688188e-01	9.999999999999995559e-01	-7.038847825009151293e-01	2.604568791125497218e-01	-1.437464751030690935e-01	1.558259127530358112e-01	-3.154925913797735904e-01	2.656846273052791418e-01	-2.212012693478737635e-01	1.114521204518678227e-01	-1.249513377955204368e-01	2.322527744092281743e-01	-2.197907061171872900e-01	1.959919926376969268e-01	-1.340920563689915468e-01	1.407049805116591390e-01	-1.605068405995292158e-01	1.603760756174207602e-01	-1.986397462773198397e-01	1.283766984381901899e-01	-1.117760289256478634e-01	1.324169156997428709e-01	-1.912452940720682504e-01	1.925283085548426532e-01	-4.942195751474599830e-02	4.210295938402594529e-02	-7.936612827989941721e-02	1.290448033325233834e-01	-5.554554389342985371e-02	5.455340172952817535e-02	-4.597150346917448782e-02	6.532895344789145520e-02	-9.031875292039877323e-02	6.306040527773972004e-02	-3.381939915060289820e-02	3.455611287680101368e-02	-5.805182459122209399e-02	7.192949722072509988e-02	-9.214382236380495861e-02	2.942608518315960320e-02	-2.971888348459586493e-02	6.606339473105957150e-02	-1.082348523525707429e-01	5.528958051667720586e-02
-1.139945748908712947e-01	1.166910775086569541e-01	-7.038847825009151293e-01	1.000000000000000000e+00	-4.331995547597715102e-01	1.086310620458025705e-01	-1.274316481782914734e-01	2.150397642509079554e-01	-3.810551156006047324e-01	2.367435654332806783e-01	-8.854980577536505915e-02	9.922429199430954361e-02	-2.133220801635003216e-01	2.175280640142435995e-01	-2.162911405645933371e-01	1.047999903509299058e-01	-1.170215148927190446e-01	1.333285031834279821e-01	-1.457815184086755922e-01	1.723136514887994297e-01	-1.062058127932677259e-01	9.104286749420248404e-02	-1.123336431172928113e-01	1.583637862025641663e-01	-1.682430219366610191e-01	3.875433170128643467e-02	-3.327496908331567527e-02	6.284249624438173476e-02	-1.049460324688306495e-01	4.495576807270722924e-02	-4.285433904591273713e-02	3.604876979297546441e-02	-5.194354239679160185e-02	7.061180010571643795e-02	-5.095411098755004559e-02	2.633166983650819110e-02	-2.695777661623448979e-02	4.495365885380763621e-02	-5.596844518632168586e-02	6.999781800541406140e-02	-2.289406111380782455e-02	2.309760104730154001e-02	-5.128542411911929388e-02	8.222480390644432147e-02	-4.214427620888062942e-02
7.942808559604234986e-02	-8.504138767825875078e-02	2.604568791125497218e-01	-4.331995547597715102e-01	1.000000000000000666e+00	-1.070740504252813974e-01	1.206449085441577834e-01	-1.747137019411217351e-01	2.606295817737558362e-01	-6.596165861443368250e-01	8.867805185203940510e-02	-1.007451937212721083e-01	1.764383348793833461e-01	-2.501045093625631766e-01	2.825750014245907993e-01	-1.121710532201592309e-01	1.226731651204284596e-01	-1.479317162277221376e-01	1.722733247053946926e-01	-2.385781029882973470e-01	1.144829981954351289e-01	-1.002922394800177530e-01	1.227250397412541216e-01	-2.003468649767516097e-01	2.050869873523981091e-01	-4.705485673932047891e-02	4.009737026173831875e-02	-7.771511661791710712e-02	1.298998143072899458e-01	-5.618994575281418408e-02	5.255436608229127615e-02	-4.428315910318623289e-02	6.398800262316092780e-02	-8.962828668935760024e-02	6.348317164613891117e-02	-3.287631570952002230e-02	3.361194140525822216e-02	-5.727225673578377474e-02	7.119377812000664274e-02	-9.127342092235518622e-02	2.874764695378433099e-02	-2.902815047760275158e-02	6.511868056331837629e-02	-1.071777435748204471e-01	5.475503772788264945e-02
-2.479078446204209529e-01	1.894582102626368725e-01	-1.437464751030690935e-01	1.086310620458025705e-01	-1.070740504252813974e-01	9.999999999999997780e-01	-5.431116770282051753e-01	1.473243483850249225e-01	-1.246419893554135822e-01	8.814635354320009275e-02	-6.194788919989473452e-01	2.882279423762781345e-01	-1.600738640844057703e-01	1.074533852663560884e-01	-1.024581697786312029e-01	2.776957254101218853e-01	-2.686740237321889602e-01	1.677072649081388367e-01	-1.116464753478544208e-01	1.159682382104420262e-01	-2.278062945619169222e-01	1.571766699907635179e-01	-1.641094242570561856e-01	1.227761282994681291e-01	-1.238501502377585828e-01	4.515173375424293839e-02	-3.959368253343576588e-02	6.099766897439762303e-02	-8.861950551454954306e-02	3.703579042353023071e-02	-4.598847924367298334e-02	3.855120080571683427e-02	-5.077728187357820333e-02	6.070720468257499031e-02	-4.238800957455751001e-02	2.588545695662296600e-02	-2.655119087195694991e-02	3.899823468866424336e-02	-4.794735381071855984e-02	5.618103627129156230e-02	-2.159533688163511184e-02	2.178237426331877669e-02	-4.475676997096054294e-02	6.618361080849172184e-02	-3.415005570014612024e-02
1.586638691603474705e-01	-1.813542324480084955e-01	1.558259127530358112e-01	-1.274316481782914734e-01	1.206449085441577834e-01	-5.431116770282051753e-01	1.000000000000000000e+00	-2.370788222910147625e-01	1.476035479483140123e-01	-1.045087379335347538e-01	2.958375438575088778e-01	-5.900247944080269091e-01	1.949197285955098780e-01	-1.314942709247577945e-01	1.189000331005611311e-01	-2.956887990064298588e-01	2.828494130996395683e-01	-2.093181947729624570e-01	1.324534253138484330e-01	-1.409454872494527444e-01	1.986233893412280294e-01	-1.773241704293714860e-01	1.694481284303631097e-01	-1.508587252836028625e-01	1.418772708681822758e-01	-5.026701351002193369e-02	4.364571191168078318e-02	-6.991937207064537196e-02	1.020937624211293721e-01	-4.302876596708823248e-02	5.080904895140323646e-02	-4.336932383761585297e-02	5.738527269327581976e-02	-7.142611154357891845e-02	4.888020259358657332e-02	-2.944951726460021818e-02	3.011772222490664494e-02	-4.558838096414610797e-02	5.609478042711527057e-02	-6.765677702983338704e-02	2.465753398693190657e-02	-2.494322774050940911e-02	5.185706363763285809e-02	-7.967660236674134477e-02	4.092352792046166643e-02
-8.869849391735823430e-02	9.430684031262664968e-02	-3.154925913797735904e-01	2.150397642509079554e-01	-1.747137019411217351e-01	1.473243483850249225e-01	-2.370788222910147625e-01	1.000000000000000000e+00	-3.663061477421820644e-01	1.581185941686669427e-01	-1.167526485422551719e-01	1.506971985760601485e-01	-7.692236087087805929e-01	2.203963195860809687e-01	-1.732034004741659361e-01	1.344614069956255320e-01	-1.591843336153683508e-01	1.854206539398868259e-01	-1.540923874829178697e-01	1.628055990027421907e-01	-1.308612302801993033e-01	1.155373508063434196e-01	-1.464854115477148833e-01	1.606161453287603125e-01	-1.571905154309653774e-01	4.135198601063524992e-02	-3.587530193014742269e-02	6.547143211910265437e-02	-1.039061840346780785e-01	4.397316668690146729e-02	-4.446189279213630385e-02	3.766418807468866620e-02	-5.393435248211878724e-02	7.010036851475627551e-02	-4.976389181057293970e-02	2.675316414583513158e-02	-2.740802002684270683e-02	4.430784596032508876e-02	-5.511721291749374640e-02	6.759326581635516362e-02	-2.296813603373987211e-02	2.319140336078719805e-02	-5.044828918603712353e-02	7.948102107646044800e-02	-4.079071620444960078e-02
8.364405005975789065e-02	-8.942978523027969584e-02	2.656846273052791418e-01	-3.810551156006047324e-01	2.606295817737558362e-01	-1.246419893554135822e-01	1.476035479483140123e-01	-3.663061477421820644e-01	1.000000000000001110e+00	-3.260008867929350407e-01	1.019063823784440714e-01	-1.214917845323210260e-01	2.630255268770392285e-01	-5.985962949018878154e-01	2.869582971467836696e-01	-1.276402793460519602e-01	1.432058615796329704e-01	-1.836494417939197876e-01	2.234753452969941157e-01	-2.504286118957916307e-01	1.287919575830199226e-01	-1.152365688534805338e-01	1.432622670159631184e-01	-2.367478283380199666e-01	2.133004174718178547e-01	-4.880171555011316581e-02	4.191090805635676320e-02	-8.133247451316041876e-02	1.361143707656422008e-01	-5.816664208704880323e-02	5.374089480408327651e-02	-4.555556213415731803e-02	6.660231431542439073e-02	-9.152649256829134550e-02	6.513577048583527040e-02	-3.327798828972410028e-02	3.406553130198337886e-02	-5.737484391695365366e-02	7.161551191480670930e-02	-8.983699244639570258e-02	2.890858238564687765e-02	-2.920916243231903853e-02	6.497543193676420803e-02	-1.055642710565934950e-01	5.401948433876863076e-02
-6.548192442525140045e-02	6.788467357707184124e-02	-2.212012693478737635e-01	2.367435654332806783e-01	-6.596165861443368250e-01	8.814635354320009275e-02	-1.045087379335347538e-01	1.581185941686669427e-01	-3.260008867929350407e-01	1.000000000000000888e+00	-7.461854830978065234e-02	8.547327818318320447e-02	-1.709442224545592859e-01	2.565952020842098835e-01	-5.443864693110216368e-01	9.278521555916915964e-02	-1.068314695349785737e-01	1.291106438146406021e-01	-1.662509408450850712e-01	2.159259932292653950e-01	-9.844651819536902326e-02	8.523656331182580259e-02	-1.085355329568424981e-01	1.688378272508881950e-01	-1.923344170573782486e-01	3.742255162439151600e-02	-3.219921147543756274e-02	6.240143582686576845e-02	-1.077220609239760984e-01	4.645480633954132688e-02	-4.170208048332545853e-02	3.512613690549750561e-02	-5.159187630348727877e-02	7.067580123263310365e-02	-5.234955322178232867e-02	2.579121859655561164e-02	-2.643126232188951555e-02	4.457716238712310791e-02	-5.575930103594186477e-02	6.930147885316161049e-02	-2.251102848339244650e-02	2.270626135152761099e-02	-5.081626739145157778e-02	8.138018233639432442e-02	-4.175554231660592863e-02
1.338734893313376362e-01	-1.380333614726126923e-01	1.114521204518678227e-01	-8.854980577536505915e-02	8.867805185203940510e-02	-6.194788919989473452e-01	2.958375438575088778e-01	-1.167526485422551719e-01	1.019063823784440714e-01	-7.461854830978065234e-02	1.000000000000002442e+00	-4.002835375472102997e-01	1.258211355924051811e-01	-9.245312502841422642e-02	8.727495957417175099e-02	-5.442046047857794777e-01	2.582610373801516590e-01	-1.651188179827657865e-01	1.011651411234153891e-01	-1.046839659820845980e-01	2.209608204197500148e-01	-1.660680927766873261e-01	1.510246079122764817e-01	-1.131394683708626253e-01	1.083480613758247973e-01	-4.281604825756951671e-02	3.739673181578021671e-02	-5.600979457780016352e-02	7.921367742709252424e-02	-3.314402731798841290e-02	4.217170139489141711e-02	-3.588740032299793381e-02	4.618312951033561736e-02	-5.526091070029613000e-02	3.778066359018029952e-02	-2.376206207026614753e-02	2.433537686980477913e-02	-3.539122303477153231e-02	4.339440520959238906e-02	-5.113188317090625046e-02	1.966506745809665224e-02	-1.988245309249700443e-02	4.038128897476524898e-02	-6.026538970141048779e-02	3.103676636119370724e-02
-1.095167571293169106e-01	1.114735237392079914e-01	-1.249513377955204368e-01	9.922429199430954361e-02	-1.007451937212721083e-01	2.882279423762781345e-01	-5.900247944080269091e-01	1.506971985760601485e-01	-1.214917845323210260e-01	8.547327818318320447e-02	-4.002835375472102997e-01	1.000000000000002887e+00	-1.669029622197727158e-01	1.088112509892780050e-01	-1.011982467423954146e-01	2.698066203116654127e-01	-5.664485787622989266e-01	2.078642306841183285e-01	-1.221712404806026692e-01	1.202244417517741720e-01	-2.120740482393826121e-01	1.760578636326872448e-01	-1.806519921288774755e-01	1.292156682929610223e-01	-1.235672668798546286e-01	4.537012983451498699e-02	-4.006707636048892351e-02	6.237624897888739001e-02	-8.911846228554962113e-02	3.713584751291532787e-02	-4.551682645570367253e-02	3.873466087222784265e-02	-5.155403706763927313e-02	6.118272921995236008e-02	-4.229007704658824252e-02	2.579428501833078147e-02	-2.645379620574536683e-02	3.893796530812541901e-02	-4.797147154436098848e-02	5.624074898898450553e-02	-2.145675513255497491e-02	2.167832291720485360e-02	-4.446808745905056481e-02	6.627297144256287520e-02	-3.416052339320330145e-02
8.847560617534144800e-02	-9.649913237045014414e-02	2.322527744092281743e-01	-2.133220801635003216e-01	1.764383348793833461e-01	-1.600738640844057703e-01	1.949197285955098780e-01	-7.692236087087805929e-01	2.630255268770392285e-01	-1.709442224545592859e-01	1.258211355924051811e-01	-1.669029622197727158e-01	1.000000000000000000e+00	-2.677369235013933868e-01	1.847706035894737808e-01	-1.556944003602423465e-01	1.753082798221596850e-01	-2.682202188918220709e-01	1.815700849827108221e-01	-1.973111146658804993e-01	1.473727802035253998e-01	-1.386990441759834436e-01	1.700413886662400786e-01	-1.994382562505548906e-01	1.822999422396816560e-01	-4.977858072700735298e-02	4.297288983105021498e-02	-7.957900660242878121e-02	1.241124291975345129e-01	-5.276556834308428895e-02	5.333225499166854150e-02	-4.543921039703785469e-02	6.494072159836050684e-02	-8.559081124842761457e-02	5.949079225636107887e-02	-3.238611515613492448e-02	3.313330679747225616e-02	-5.401359516829366131e-02	6.708993676933784622e-02	-8.339105659082834965e-02	2.780143676441786116e-02	-2.810849842049879810e-02	6.122623615580265188e-02	-9.806870825634403377e-02	5.021037752157334055e-02
-7.165053552212741206e-02	7.441446233518807241e-02	-2.197907061171872900e-01	2.175280640142435995e-01	-2.501045093625631766e-01	1.074533852663560884e-01	-1.314942709247577945e-01	2.203963195860809687e-01	-5.985962949018878154e-01	2.565952020842098835e-01	-9.245312502841422642e-02	1.088112509892780050e-01	-2.677369235013933868e-01	1.000000000000001776e+00	-5.153957889803386649e-01	1.155184742339775972e-01	-1.408301781108992901e-01	1.848658819303806711e-01	-3.577699370770047738e-01	2.652026101895314514e-01	-1.254543260251463899e-01	1.105204959315088942e-01	-1.487886550496446969e-01	2.348846412455123656e-01	-2.310611549775422047e-01	4.488746451571929558e-02	-3.896558948104720393e-02	7.631914430657013582e-02	-1.353366364207970463e-01	5.668027667416478121e-02	-4.959681281569607025e-02	4.200067356127936552e-02	-6.296694358713710027e-02	8.471983451460550485e-02	-6.345052148658485158e-02	3.046468408087568691e-02	-3.127749947960258015e-02	5.242469221085415548e-02	-6.597713042368633096e-02	8.014177650129537811e-02	-2.648625225094498881e-02	2.672491639652548046e-02	-5.959179065663296193e-02	9.415540671895798741e-02	-4.841165361835089720e-02
6.802310050178690670e-02	-7.152234324125653075e-02	1.959919926376969268e-01	-2.162911405645933371e-01	2.825750014245907993e-01	-1.024581697786312029e-01	1.189000331005611311e-01	-1.732034004741659361e-01	2.869582971467836696e-01	-5.443864693110216368e-01	8.727495957417175099e-02	-1.011982467423954146e-01	1.847706035894737808e-01	-5.153957889803386649e-01	1.000000000000001110e+00	-1.114363505595406950e-01	1.285263675428118813e-01	-1.686719226115192816e-01	2.399883602270644345e-01	-4.156231445857069828e-01	1.180510471049791982e-01	-1.049389495211794643e-01	1.341640317727525455e-01	-2.389559274682677426e-01	2.408119484360684015e-01	-4.631137564196713408e-02	3.981861774777618185e-02	-7.873642593444481197e-02	1.358312564132682088e-01	-5.872272865428909000e-02	5.148534536950503948e-02	-4.360160077605507861e-02	6.462905165201901503e-02	-8.953793145463373460e-02	6.540948972125622263e-02	-3.205807458972049356e-02	3.284441217448123146e-02	-5.587720032396454456e-02	6.997391268891405003e-02	-8.751844079859463776e-02	2.796573228062086691e-02	-2.824414285369356709e-02	6.330760705748855743e-02	-1.027916445496308562e-01	5.264803843692036911e-02
-1.136780086030186876e-01	1.100498672074506357e-01	-1.340920563689915468e-01	1.047999903509299058e-01	-1.121710532201592309e-01	2.776957254101218853e-01	-2.956887990064298588e-01	1.344614069956255320e-01	-1.276402793460519602e-01	9.278521555916915964e-02	-5.442046047857794777e-01	2.698066203116654127e-01	-1.556944003602423465e-01	1.155184742339775972e-01	-1.114363505595406950e-01	9.999999999999992228e-01	-4.141436997704542877e-01	2.187287427550261565e-01	-1.329617087833992739e-01	1.326941994665830626e-01	-5.135848507184260781e-01	2.504052702937102914e-01	-2.406657206730888621e-01	1.438076574715251577e-01	-1.417821091087121121e-01	6.173893018165380053e-02	-5.461806664363139108e-02	7.671808701076227033e-02	-1.051250453233781162e-01	4.356198867701671640e-02	-5.992882690026422182e-02	5.035342973078122536e-02	-6.394316750126066706e-02	7.258671633632110543e-02	-4.987790522932137455e-02	3.256234038496676891e-02	-3.346842971767075015e-02	4.666045761125466040e-02	-5.710493611407062992e-02	6.527625861250778427e-02	-2.669545670664540127e-02	2.693696955457675762e-02	-5.354582488512930893e-02	7.699510155060169947e-02	-3.981051248877223725e-02
1.039742542457491870e-01	-1.113605781367097147e-01	1.407049805116591390e-01	-1.170215148927190446e-01	1.226731651204284596e-01	-2.686740237321889602e-01	2.828494130996395683e-01	-1.591843336153683508e-01	1.432058615796329704e-01	-1.068314695349785737e-01	2.582610373801516590e-01	-5.664485787622989266e-01	1.753082798221596850e-01	-1.408301781108992901e-01	1.285263675428118813e-01	-4.141436997704542877e-01	9.999999999999985567e-01	-4.278105634030211490e-01	1.758456809046802516e-01	-1.695961220691000748e-01	2.611303196032176421e-01	-3.069761627470022902e-01	2.557249226705636813e-01	-1.875686920581300099e-01	1.618496653504975236e-01	-6.248940141124364328e-02	5.546492602972846048e-02	-8.586384801714880277e-02	1.188063779895146971e-01	-4.957266892755883558e-02	6.072109696205144069e-02	-5.297626539955782587e-02	6.980988915679975371e-02	-8.280361990148037143e-02	5.600661251131810320e-02	-3.472129035196696439e-02	3.555808457661258082e-02	-5.217360825861536155e-02	6.425157256330794875e-02	-7.561282036789991612e-02	2.867845864474307532e-02	-2.905952069634537560e-02	5.913157908032325161e-02	-8.915038808413913718e-02	4.586143089045746635e-02
-8.239688209800208329e-02	8.536229313199608648e-02	-1.605068405995292158e-01	1.333285031834279821e-01	-1.479317162277221376e-01	1.677072649081388367e-01	-2.093181947729624570e-01	1.854206539398868259e-01	-1.836494417939197876e-01	1.291106438146406021e-01	-1.651188179827657865e-01	2.078642306841183285e-01	-2.682202188918220709e-01	1.848658819303806711e-01	-1.686719226115192816e-01	2.187287427550261565e-01	-4.278105634030211490e-01	1.000000000000000000e+00	-3.743745416290617523e-01	2.187526387356108215e-01	-2.746955896939841657e-01	2.672121900996455302e-01	-5.884579793199057329e-01	2.393708804591500039e-01	-2.108105937035432975e-01	6.567027823481630389e-02	-5.963837243435279878e-02	1.085698192464705641e-01	-1.498076082021320143e-01	6.058139734517538344e-02	-6.732385755817980877e-02	5.819817238245585805e-02	-8.955612671936276359e-02	9.742680852504032041e-02	-6.843911294412276247e-02	3.852453075072628796e-02	-3.974508056521183774e-02	5.972385328739420601e-02	-7.503712303969456432e-02	8.474651493766284516e-02	-3.224620260342560274e-02	3.256644700149305405e-02	-6.800473481438901180e-02	9.991330141827124700e-02	-5.168643567212825862e-02
6.486935075639850556e-02	-6.722306392505193740e-02	1.603760756174207602e-01	-1.457815184086755922e-01	1.722733247053946926e-01	-1.116464753478544208e-01	1.324534253138484330e-01	-1.540923874829178697e-01	2.234753452969941157e-01	-1.662509408450850712e-01	1.011651411234153891e-01	-1.221712404806026692e-01	1.815700849827108221e-01	-3.577699370770047738e-01	2.399883602270644345e-01	-1.329617087833992739e-01	1.758456809046802516e-01	-3.743745416290617523e-01	9.999999999999996669e-01	-5.073268249261689844e-01	1.505768458181291070e-01	-1.430585083509380295e-01	2.046470856731136267e-01	-5.784322136948807369e-01	2.881337689973290095e-01	-5.321311875674065994e-02	4.669549075967534268e-02	-9.728404343714582014e-02	1.786193067745979746e-01	-7.293869129728378087e-02	5.823504260619002254e-02	-5.006319498191703216e-02	7.861259109486364027e-02	-1.064514898568335727e-01	7.868271317303492107e-02	-3.590624962947369658e-02	3.694967240532441577e-02	-6.264722541661940647e-02	7.964458138539416698e-02	-9.459443383530828642e-02	3.108545797068857502e-02	-3.143603912336306871e-02	7.014190221780478018e-02	-1.112558177817430799e-01	5.719680342953395447e-02
-7.380945796278672033e-02	7.543097190673703212e-02	-1.986397462773198397e-01	1.723136514887994297e-01	-2.385781029882973470e-01	1.159682382104420262e-01	-1.409454872494527444e-01	1.628055990027421907e-01	-2.504286118957916307e-01	2.159259932292653950e-01	-1.046839659820845980e-01	1.202244417517741720e-01	-1.973111146658804993e-01	2.652026101895314514e-01	-4.156231445857069828e-01	1.326941994665830626e-01	-1.695961220691000748e-01	2.187526387356108215e-01	-5.073268249261689844e-01	1.000000000000001110e+00	-1.548991065705062065e-01	1.334986508562584773e-01	-1.886774960552871361e-01	3.079449979207267152e-01	-5.521561913149327649e-01	5.655636328238391325e-02	-4.936906810469980644e-02	9.932569476347540005e-02	-1.878175447637877027e-01	8.344777853266131806e-02	-6.341615043299526910e-02	5.359486502872209263e-02	-8.258433072106322048e-02	1.116286650514587975e-01	-9.227815875640739407e-02	3.912077291262013728e-02	-4.026940093678066379e-02	6.832730425511307493e-02	-8.677114082272159579e-02	1.034135961383888941e-01	-3.423364077301821462e-02	3.449815674342961158e-02	-7.790700508162359816e-02	1.213088617232890853e-01	-6.266269219727287065e-02
9.065408533111778133e-02	-9.646312252493398354e-02	1.283766984381901899e-01	-1.062058127932677259e-01	1.144829981954351289e-01	-2.278062945619169222e-01	1.986233893412280294e-01	-1.308612302801993033e-01	1.287919575830199226e-01	-9.844651819536902326e-02	2.209608204197500148e-01	-2.120740482393826121e-01	1.473727802035253998e-01	-1.254543260251463899e-01	1.180510471049791982e-01	-5.135848507184260781e-01	2.611303196032176421e-01	-2.746955896939841657e-01	1.505768458181291070e-01	-1.548991065705062065e-01	9.999999999999996669e-01	-6.302762533331743855e-01	2.793358559452557288e-01	-1.749416559028267593e-01	1.541334757530465616e-01	-9.452377768242264944e-02	8.063578860139553051e-02	-9.571168263875985682e-02	1.205612744413753767e-01	-5.032547601994722536e-02	7.834785710783918888e-02	-6.939780012136669007e-02	7.711570987172487734e-02	-8.822324107091947254e-02	5.708994641421558103e-02	-4.210480909704729380e-02	4.309487766635457934e-02	-5.670371724405524200e-02	6.840615906334679419e-02	-7.930988415291539972e-02	3.340724387344631147e-02	-3.397071089380817449e-02	6.398797120719015852e-02	-9.370500435204877354e-02	4.818710440306400722e-02
-7.031928807634997558e-02	7.266855193556356896e-02	-1.117760289256478634e-01	9.104286749420248404e-02	-1.002922394800177530e-01	1.571766699907635179e-01	-1.773241704293714860e-01	1.155373508063434196e-01	-1.152365688534805338e-01	8.523656331182580259e-02	-1.660680927766873261e-01	1.760578636326872448e-01	-1.386990441759834436e-01	1.105204959315088942e-01	-1.049389495211794643e-01	2.504052702937102914e-01	-3.069761627470022902e-01	2.672121900996455302e-01	-1.430585083509380295e-01	1.334986508562584773e-01	-6.302762533331743855e-01	1.000000000000000000e+00	-5.786189469091079784e-01	1.499341520325835064e-01	-1.374055726918040621e-01	8.595019200835425643e-02	-8.895894329176058657e-02	9.593372477646788798e-02	-1.102764252209547657e-01	4.493658074933257196e-02	-7.371453963658274045e-02	6.792729914393064172e-02	-7.959064572148881467e-02	7.862059533742385420e-02	-5.129426749559388293e-02	3.893265103536841520e-02	-4.029168825948406529e-02	5.023979643176129661e-02	-6.116009678920146519e-02	6.678765135189257407e-02	-3.058149771408615741e-02	3.104189897174421814e-02	-5.726270891381309708e-02	7.898715355312649344e-02	-4.093028339392371096e-02
7.498715944876066519e-02	-7.941460317307058592e-02	1.324169156997428709e-01	-1.123336431172928113e-01	1.227250397412541216e-01	-1.641094242570561856e-01	1.694481284303631097e-01	-1.464854115477148833e-01	1.432622670159631184e-01	-1.085355329568424981e-01	1.510246079122764817e-01	-1.806519921288774755e-01	1.700413886662400786e-01	-1.487886550496446969e-01	1.341640317727525455e-01	-2.406657206730888621e-01	2.557249226705636813e-01	-5.884579793199057329e-01	2.046470856731136267e-01	-1.886774960552871361e-01	2.793358559452557288e-01	-5.786189469091079784e-01	9.999999999999974465e-01	-2.209186178152245383e-01	1.741435935673591173e-01	-7.804174439910657735e-02	7.245672211510513494e-02	-1.440268264289444877e-01	1.412134922361427958e-01	-5.765574704281862389e-02	7.395068079252990756e-02	-6.772862154450853822e-02	1.048847450737396686e-01	-1.027164260244977922e-01	6.493179473450820527e-02	-4.195557056188364831e-02	4.323915221848216583e-02	-6.181191521587076770e-02	7.729240888828384226e-02	-8.533254718147485762e-02	3.418820992659772628e-02	-3.472361966827902657e-02	6.954630058981661755e-02	-1.009308652603800177e-01	5.212034303524124002e-02
-7.531966919034650820e-02	7.661594624589455893e-02	-1.912452940720682504e-01	1.583637862025641663e-01	-2.003468649767516097e-01	1.227761282994681291e-01	-1.508587252836028625e-01	1.606161453287603125e-01	-2.367478283380199666e-01	1.688378272508881950e-01	-1.131394683708626253e-01	1.292156682929610223e-01	-1.994382562505548906e-01	2.348846412455123656e-01	-2.389559274682677426e-01	1.438076574715251577e-01	-1.875686920581300099e-01	2.393708804591500039e-01	-5.784322136948807369e-01	3.079449979207267152e-01	-1.749416559028267593e-01	1.499341520325835064e-01	-2.209186178152245383e-01	9.999999999999995559e-01	-4.734443946004274761e-01	6.807099995864603070e-02	-6.011835041437860183e-02	1.338364998535314099e-01	-3.545905900806017308e-01	1.179116246929815537e-01	-7.757356955806415932e-02	6.619529339709326332e-02	-1.110322802814589643e-01	1.535080949405996653e-01	-1.286951604089903722e-01	4.845659064987226095e-02	-5.015430790558197960e-02	8.772121908258966039e-02	-1.146896255793633940e-01	1.282482865256690252e-01	-4.264349512118460750e-02	4.299641103722038477e-02	-9.911637975826817493e-02	1.505750028667858509e-01	-7.823633516523176290e-02
7.682987920243956881e-02	-7.940729467534192454e-02	1.925283085548426532e-01	-1.682430219366610191e-01	2.050869873523981091e-01	-1.238501502377585828e-01	1.418772708681822758e-01	-1.571905154309653774e-01	2.133004174718178547e-01	-1.923344170573782486e-01	1.083480613758247973e-01	-1.235672668798546286e-01	1.822999422396816560e-01	-2.310611549775422047e-01	2.408119484360684015e-01	-1.417821091087121121e-01	1.618496653504975236e-01	-2.108105937035432975e-01	2.881337689973290095e-01	-5.521561913149327649e-01	1.541334757530465616e-01	-1.374055726918040621e-01	1.741435935673591173e-01	-4.734443946004274761e-01	9.999999999999994449e-01	-7.334989397063775007e-02	6.268048576660245619e-02	-1.343984120186906273e-01	2.320712197044414726e-01	-1.281092724491749157e-01	8.309364955855484680e-02	-7.101973592979293759e-02	1.088696621347767374e-01	-1.621693547727550422e-01	1.271261390803901103e-01	-5.368762696489925296e-02	5.497949048501939856e-02	-9.858068524568712465e-02	1.240175646681679483e-01	-1.621328968520663605e-01	4.724657928493328218e-02	-4.786228171051830349e-02	1.095514409803370059e-01	-1.898976513055653792e-01	9.678099704172565820e-02
-2.407710819775695302e-02	2.467795955127802948e-02	-4.942195751474599830e-02	3.875433170128643467e-02	-4.705485673932047891e-02	4.515173375424293839e-02	-5.026701351002193369e-02	4.135198601063524992e-02	-4.880171555011316581e-02	3.742255162439151600e-02	-4.281604825756951671e-02	4.537012983451498699e-02	-4.977858072700735298e-02	4.488746451571929558e-02	-4.631137564196713408e-02	6.173893018165380053e-02	-6.248940141124364328e-02	6.567027823481630389e-02	-5.321311875674065994e-02	5.655636328238391325e-02	-9.452377768242264944e-02	8.595019200835425643e-02	-7.804174439910657735e-02	6.807099995864603070e-02	-7.334989397063775007e-02	9.999999999999987788e-01	-7.437684938890616326e-01	1.222759188031277561e-01	-1.054454120615831575e-01	4.165921131681623452e-02	-5.325549565715341771e-01	3.139818988414787571e-01	-1.177272563678296163e-01	9.580547079657654452e-02	-4.958636876192094867e-02	1.550117520436057883e-01	-1.690735118452217078e-01	8.978148770743984985e-02	-8.293014980107114853e-02	7.150376121348334113e-02	-1.044962322747250844e-01	1.020798690567504552e-01	-1.048963890117625142e-01	8.623274641777041449e-02	-4.555968067930835086e-02
2.078265593029570216e-02	-2.138258050685425821e-02	4.210295938402594529e-02	-3.327496908331567527e-02	4.009737026173831875e-02	-3.959368253343576588e-02	4.364571191168078318e-02	-3.587530193014742269e-02	4.191090805635676320e-02	-3.219921147543756274e-02	3.739673181578021671e-02	-4.006707636048892351e-02	4.297288983105021498e-02	-3.896558948104720393e-02	3.981861774777618185e-02	-5.461806664363139108e-02	5.546492602972846048e-02	-5.963837243435279878e-02	4.669549075967534268e-02	-4.936906810469980644e-02	8.063578860139553051e-02	-8.895894329176058657e-02	7.245672211510513494e-02	-6.011835041437860183e-02	6.268048576660245619e-02	-7.437684938890616326e-01	1.000000000000000222e+00	-1.404515770201786584e-01	9.326472857392177629e-02	-3.701929970032510897e-02	3.119447144933256144e-01	-5.409561737464824160e-01	1.226144495268348261e-01	-9.191891778186639383e-02	4.349610742546142911e-02	-1.531587692438421966e-01	1.589824118543625986e-01	-8.234250884694077621e-02	7.527649797571574208e-02	-6.423633281222103364e-02	9.157709415028228439e-02	-9.851455324769090027e-02	9.073694104719438880e-02	-7.768808665107920786e-02	4.082348379818104972e-02
-3.493100024635870104e-02	3.568565819586079491e-02	-7.936612827989941721e-02	6.284249624438173476e-02	-7.771511661791710712e-02	6.099766897439762303e-02	-6.991937207064537196e-02	6.547143211910265437e-02	-8.133247451316041876e-02	6.240143582686576845e-02	-5.600979457780016352e-02	6.237624897888739001e-02	-7.957900660242878121e-02	7.631914430657013582e-02	-7.873642593444481197e-02	7.671808701076227033e-02	-8.586384801714880277e-02	1.085698192464705641e-01	-9.728404343714582014e-02	9.932569476347540005e-02	-9.571168263875985682e-02	9.593372477646788798e-02	-1.440268264289444877e-01	1.338364998535314099e-01	-1.343984120186906273e-01	1.222759188031277561e-01	-1.404515770201786584e-01	9.999999999999988898e-01	-3.404524928938459372e-01	1.094912243476554026e-01	-1.594288360929664861e-01	1.539984818799932653e-01	-8.109115498532301070e-01	2.654711339396831349e-01	-1.293002840083689875e-01	8.532830969488107431e-02	-9.392225020031789995e-02	1.311413563361138179e-01	-1.948608571113884524e-01	1.295468208485075212e-01	-7.094269488996454709e-02	7.105901487882673728e-02	-1.524744907635483815e-01	1.560255368470884751e-01	-8.555118502239156264e-02
5.351962428139613731e-02	-5.479962633783234255e-02	1.290448033325233834e-01	-1.049460324688306495e-01	1.298998143072899458e-01	-8.861950551454954306e-02	1.020937624211293721e-01	-1.039061840346780785e-01	1.361143707656422008e-01	-1.077220609239760984e-01	7.921367742709252424e-02	-8.911846228554962113e-02	1.241124291975345129e-01	-1.353366364207970463e-01	1.358312564132682088e-01	-1.051250453233781162e-01	1.188063779895146971e-01	-1.498076082021320143e-01	1.786193067745979746e-01	-1.878175447637877027e-01	1.205612744413753767e-01	-1.102764252209547657e-01	1.412134922361427958e-01	-3.545905900806017308e-01	2.320712197044414726e-01	-1.054454120615831575e-01	9.326472857392177629e-02	-3.404524928938459372e-01	1.000000000000000444e+00	-3.474480773201287231e-01	1.236240158884956419e-01	-1.136199859196426742e-01	2.347610624682559821e-01	-4.444085690335651262e-01	2.504516963333524582e-01	-8.588154488001457920e-02	8.900623693019289739e-02	-1.841245879227830229e-01	2.438040383124810695e-01	-2.779835311436348322e-01	7.554944002815819348e-02	-7.748124461402108865e-02	1.843714387318239056e-01	-3.285150666504863537e-01	1.663759843055255261e-01
-2.271686334122996476e-02	2.319454741095121342e-02	-5.554554389342985371e-02	4.495576807270722924e-02	-5.618994575281418408e-02	3.703579042353023071e-02	-4.302876596708823248e-02	4.397316668690146729e-02	-5.816664208704880323e-02	4.645480633954132688e-02	-3.314402731798841290e-02	3.713584751291532787e-02	-5.276556834308428895e-02	5.668027667416478121e-02	-5.872272865428909000e-02	4.356198867701671640e-02	-4.957266892755883558e-02	6.058139734517538344e-02	-7.293869129728378087e-02	8.344777853266131806e-02	-5.032547601994722536e-02	4.493658074933257196e-02	-5.765574704281862389e-02	1.179116246929815537e-01	-1.281092724491749157e-01	4.165921131681623452e-02	-3.701929970032510897e-02	1.094912243476554026e-01	-3.474480773201287231e-01	1.000000000000000000e+00	-5.074507611509399690e-02	4.503778931775277716e-02	-9.150154180664253623e-02	1.565135111377865540e-01	-8.927880890538483216e-01	3.502878700471161871e-02	-3.665291621006529221e-02	7.452057978372916835e-02	-1.051477512176959977e-01	1.192517896751023043e-01	-3.184295248198119876e-02	3.226332881838858690e-02	-8.072393182558909586e-02	1.272984239634804560e-01	-7.416138564129645672e-02
2.537843137748000202e-02	-2.606320024125253002e-02	5.455340172952817535e-02	-4.285433904591273713e-02	5.255436608229127615e-02	-4.598847924367298334e-02	5.080904895140323646e-02	-4.446189279213630385e-02	5.374089480408327651e-02	-4.170208048332545853e-02	4.217170139489141711e-02	-4.551682645570367253e-02	5.333225499166854150e-02	-4.959681281569607025e-02	5.148534536950503948e-02	-5.992882690026422182e-02	6.072109696205144069e-02	-6.732385755817980877e-02	5.823504260619002254e-02	-6.341615043299526910e-02	7.834785710783918888e-02	-7.371453963658274045e-02	7.395068079252990756e-02	-7.757356955806415932e-02	8.309364955855484680e-02	-5.325549565715341771e-01	3.119447144933256144e-01	-1.594288360929664861e-01	1.236240158884956419e-01	-5.074507611509399690e-02	9.999999999999994449e-01	-6.339533340003056239e-01	1.453008989062542222e-01	-1.300583693586985778e-01	5.949367847350722771e-02	-3.263585493530059001e-01	2.486791365411153421e-01	-1.310522194427733988e-01	1.101917654371015742e-01	-1.012353923334943367e-01	1.578670071657041762e-01	-1.734187075757925300e-01	1.392793395577354154e-01	-1.225300125235772863e-01	6.353677852257705316e-02
-2.133084378574620632e-02	2.183106445563040218e-02	-4.597150346917448782e-02	3.604876979297546441e-02	-4.428315910318623289e-02	3.855120080571683427e-02	-4.336932383761585297e-02	3.766418807468866620e-02	-4.555556213415731803e-02	3.512613690549750561e-02	-3.588740032299793381e-02	3.873466087222784265e-02	-4.543921039703785469e-02	4.200067356127936552e-02	-4.360160077605507861e-02	5.035342973078122536e-02	-5.297626539955782587e-02	5.819817238245585805e-02	-5.006319498191703216e-02	5.359486502872209263e-02	-6.939780012136669007e-02	6.792729914393064172e-02	-6.772862154450853822e-02	6.619529339709326332e-02	-7.101973592979293759e-02	3.139818988414787571e-01	-5.409561737464824160e-01	1.539984818799932653e-01	-1.136199859196426742e-01	4.503778931775277716e-02	-6.339533340003056239e-01	9.999999999999994449e-01	-1.803814550335608169e-01	1.172660281713584635e-01	-5.330757513972723266e-02	2.317029013557576900e-01	-3.431066736455601895e-01	1.151866410104202820e-01	-1.002225495407869649e-01	8.042791604133052441e-02	-1.455884027285962445e-01	1.485307304566632625e-01	-1.292046210391733230e-01	9.765009230944128593e-02	-5.158653033066715188e-02
2.890982182889460100e-02	-2.962863344680201003e-02	6.532895344789145520e-02	-5.194354239679160185e-02	6.398800262316092780e-02	-5.077728187357820333e-02	5.738527269327581976e-02	-5.393435248211878724e-02	6.660231431542439073e-02	-5.159187630348727877e-02	4.618312951033561736e-02	-5.155403706763927313e-02	6.494072159836050684e-02	-6.296694358713710027e-02	6.462905165201901503e-02	-6.394316750126066706e-02	6.980988915679975371e-02	-8.955612671936276359e-02	7.861259109486364027e-02	-8.258433072106322048e-02	7.711570987172487734e-02	-7.959064572148881467e-02	1.048847450737396686e-01	-1.110322802814589643e-01	1.088696621347767374e-01	-1.177272563678296163e-01	1.226144495268348261e-01	-8.109115498532301070e-01	2.347610624682559821e-01	-9.150154180664253623e-02	1.453008989062542222e-01	-1.803814550335608169e-01	9.999999999999997780e-01	-4.054436903918302026e-01	1.035716114019021583e-01	-8.383016217043538776e-02	9.116071488993478245e-02	-1.351139498486441382e-01	1.900683984858451414e-01	-1.305228335330741174e-01	6.624694847881641702e-02	-6.810525455129416705e-02	1.378833989697050844e-01	-1.597740594125521274e-01	8.440906903543457518e-02
-3.721673053486335148e-02	3.770126893400429363e-02	-9.031875292039877323e-02	7.061180010571643795e-02	-8.962828668935760024e-02	6.070720468257499031e-02	-7.142611154357891845e-02	7.010036851475627551e-02	-9.152649256829134550e-02	7.067580123263310365e-02	-5.526091070029613000e-02	6.118272921995236008e-02	-8.559081124842761457e-02	8.471983451460550485e-02	-8.953793145463373460e-02	7.258671633632110543e-02	-8.280361990148037143e-02	9.742680852504032041e-02	-1.064514898568335727e-01	1.116286650514587975e-01	-8.822324107091947254e-02	7.862059533742385420e-02	-1.027164260244977922e-01	1.535080949405996653e-01	-1.621693547727550422e-01	9.580547079657654452e-02	-9.191891778186639383e-02	2.654711339396831349e-01	-4.444085690335651262e-01	1.565135111377865540e-01	-1.300583693586985778e-01	1.172660281713584635e-01	-4.054436903918302026e-01	9.999999999999985567e-01	-1.998677799780069486e-01	9.194763818184047144e-02	-1.018255298163963374e-01	2.296986944556495547e-01	-5.855013255540649775e-01	1.962928011513033755e-01	-8.857480395601891043e-02	8.870519786436013854e-02	-2.584669353012123416e-01	2.419398376146567609e-01	-1.397311786951383195e-01
