1.000000000000000000e+00	-8.451510461851781397e-02	4.621206650938653598e-02	-9.165631917879276530e-03	8.829288773346263136e-03	-9.916865190431862764e-01	5.221763440477650287e-02	-3.431927940408256716e-02	9.973336444582840341e-03	-7.545517861508165870e-03	6.063167332567841183e-02	-4.731376336443243735e-02	3.962647955201282352e-02	-1.566138616838624528e-02	1.423175442574927015e-02	-3.861302726015491960e-02	2.992442529494138831e-02	-2.750052146750396262e-02	1.699857570239690294e-02	-1.319712401171255385e-02	2.143869162031809134e-02	-2.158305379502349977e-02	2.193930749760720708e-02	-1.508455088994054352e-02	9.409354154443494433e-03	-1.752356981437282191e-02	1.508630860594543065e-02	-1.903373571201759026e-02	1.511617770781331811e-02	-9.969272752904836943e-03	1.104124085128834094e-02	-1.210123481526914450e-02	1.688232273757898916e-02	-1.352459027636108459e-02	8.851816578760260401e-03	-1.032073034375687211e-02	9.627589226156750210e-03	-1.356150348521934293e-02	1.259704631344537272e-02	-7.806308080903174434e-03	1.360531335324578414e-02	-1.129518842801902762e-02	1.060002484238235267e-02	-1.035404341706177775e-02	1.695783144501442768e-02
-8.451510461851781397e-02	9.999999999999998890e-01	-5.167133352946590152e-01	7.031393479191609674e-02	-6.790803025396831283e-02	7.764182962460801363e-02	-5.916954123907328666e-01	3.095843680952597432e-01	-7.757443940082968392e-02	5.809031017202644087e-02	-3.237812878503230074e-01	3.053626704050129148e-01	-3.391200455054801943e-01	1.230163845498473130e-01	-1.093782875630292806e-01	2.018557046331786176e-01	-2.089450755471247700e-01	1.918024606013676858e-01	-1.341274451275556168e-01	9.868166168771803914e-02	-1.421952776460602974e-01	1.400218409370836692e-01	-1.529966226140927199e-01	1.019548266082984656e-01	-6.796838404881987150e-02	1.135213360033133084e-01	-1.008941759441783492e-01	1.261503185695035667e-01	-1.041143644282234715e-01	7.139018061397268966e-02	-7.397993556432097551e-02	8.043476882730320188e-02	-1.147001347201905969e-01	9.023324833265516931e-02	-6.189365386545823966e-02	6.853405626538058848e-02	-6.429981363904330172e-02	9.032472985152001366e-02	-8.540947619886422870e-02	5.446600657526243228e-02	-9.208879167785855024e-02	7.490013149941993076e-02	-7.202445862212290828e-02	6.992327671368150921e-02	-1.170727705025025045e-01
4.621206650938653598e-02	-5.167133352946590152e-01	1.000000000000000000e+00	-6.869926903825637754e-02	5.916580554218955207e-02	-4.792328036759983118e-02	3.037843331979442896e-01	-6.973288962812281833e-01	7.026431834976004653e-02	-5.176413645356293947e-02	2.015692406790626223e-01	-2.907727981558069219e-01	2.754000360745597065e-01	-1.114311755694921968e-01	9.028696994064233650e-02	-1.765223851978112435e-01	1.637685300472973282e-01	-1.861949160814788951e-01	1.077036861818948393e-01	-8.690769833352189611e-02	1.158697142972267696e-01	-1.232286278574339367e-01	1.300288353082798554e-01	-9.197428661894922752e-02	5.764154449592390900e-02	-1.023699929348995119e-01	8.702608988745365315e-02	-1.147313088247594870e-01	8.897451328918495883e-02	-6.221706408064416743e-02	6.355488152103269672e-02	-7.050174468739356382e-02	9.741039886210889343e-02	-7.989177021751257823e-02	5.171610137905672394e-02	-5.997282177973434214e-02	5.580743067837712346e-02	-7.973103240816886705e-02	7.277454267396506193e-02	-4.615495218704610686e-02	7.744848270203397167e-02	-6.579453141736647803e-02	6.098907159822516966e-02	-6.025434056892633311e-02	9.638299784027223871e-02
-9.165631917879276530e-03	7.031393479191609674e-02	-6.869926903825637754e-02	9.999999999999997780e-01	-5.935161714181054204e-01	9.393414212687932474e-03	-5.282879595866455530e-02	5.842898614569649873e-02	-7.041693807563947916e-01	3.204250452799921600e-01	-6.619552813331230912e-02	6.556874445903206061e-02	-9.088807155851362507e-02	1.266777846843982203e-01	-2.129715362617554952e-01	5.870949425792759691e-02	-5.418278010658927196e-02	6.137727894725082678e-02	-1.234438480408426020e-01	1.636125132461877518e-01	-4.544259290444879057e-02	4.617428116179799619e-02	-5.294636083604217780e-02	4.291236445060787885e-02	-7.656737728290430312e-02	4.304734347893365842e-02	-3.786258229604270997e-02	4.963668117595800011e-02	-4.451811155522719665e-02	8.287161456117565772e-02	-3.088693046846546428e-02	3.420438992508257475e-02	-4.825383532207060816e-02	4.073917111827815574e-02	-4.670828047054472604e-02	2.968857508061149841e-02	-2.807056963331950455e-02	4.330354676275818132e-02	-3.927747404940718640e-02	4.327508686850419645e-02	-4.005558856300844850e-02	3.343092560843086147e-02	-3.623847015254320209e-02	3.701810418622783483e-02	-6.604015721301155495e-02
8.829288773346263136e-03	-6.790803025396831283e-02	5.916580554218955207e-02	-5.935161714181054204e-01	1.000000000000000222e+00	-9.069192831091758139e-03	4.908489890965768432e-02	-5.187753469607638696e-02	3.292835759025892206e-01	-6.695225073697109730e-01	6.406180166042012292e-02	-6.455525538947069764e-02	8.625090474666431695e-02	-1.425148457522027456e-01	2.283839693741508969e-01	-5.907595406566189256e-02	5.357732668103384194e-02	-6.174584622751445873e-02	1.239905768279166709e-01	-2.191449149026304388e-01	4.562742314442464614e-02	-4.683785566385678667e-02	5.340600988452520043e-02	-4.527116070966713535e-02	9.000934039435819212e-02	-4.429885506749636076e-02	3.869758829262367333e-02	-5.130049868177924410e-02	4.670812906039017998e-02	-1.034019496580055042e-01	3.166349364905000213e-02	-3.529928575370255839e-02	4.932183439361931959e-02	-4.247853807302359730e-02	5.190210915066161002e-02	-3.065247369500178828e-02	2.895771405959235781e-02	-4.531388083380989695e-02	4.045574718361441557e-02	-4.954255574906837184e-02	4.084113512790187028e-02	-3.464740351427339493e-02	3.735366234952339909e-02	-3.889172161597964639e-02	6.791384297155733663e-02
-9.916865190431862764e-01	7.764182962460801363e-02	-4.792328036759983118e-02	9.393414212687932474e-03	-9.069192831091758139e-03	9.999999999999996669e-01	-5.411786830324924469e-02	3.496203661303443067e-02	-1.024408320027499035e-02	7.747104524137469854e-03	-6.550307346739671355e-02	4.743077450131553269e-02	-4.095990443985392249e-02	1.608755567905421902e-02	-1.462794299355881303e-02	3.897210438059632576e-02	-3.062023853715016217e-02	2.799305509857860641e-02	-1.750601484753644410e-02	1.352195274374397814e-02	-2.189122443798434403e-02	2.193551798507824280e-02	-2.240864926816635641e-02	1.535376560448368198e-02	-9.628955861132670185e-03	1.779657693532989832e-02	-1.536904482825904653e-02	1.934715483872550754e-02	-1.542634181380926270e-02	1.019006972709543372e-02	-1.124765937022820239e-02	1.231380938366406601e-02	-1.721737534092005611e-02	1.376010388440977034e-02	-9.044153192508458047e-03	1.050134835239720232e-02	-9.801730855370633516e-03	1.379619565660273640e-02	-1.284250593374565430e-02	7.971972871320263249e-03	-1.387442372201196789e-02	1.148975481336964033e-02	-1.080862445782134265e-02	1.054835755380545415e-02	-1.732014055063314101e-02
5.221763440477650287e-02	-5.916954123907328666e-01	3.037843331979442896e-01	-5.282879595866455530e-02	4.908489890965768432e-02	-5.411786830324924469e-02	1.000000000000000000e+00	-4.593828869767753176e-01	5.716428410138654770e-02	-4.293519011749857839e-02	2.321625987967458338e-01	-5.456866027762762306e-01	2.560852850283572568e-01	-9.463296750900149212e-02	7.912554847505733069e-02	-1.745263698247782602e-01	1.792538246533066926e-01	-1.693056364842196182e-01	9.694302286958041137e-02	-7.397989789198471111e-02	1.122425082890030484e-01	-1.175164911684872943e-01	1.217662900142279514e-01	-8.232474517349902543e-02	5.046739878188883505e-02	-9.202036241300755315e-02	7.961777682637610765e-02	-1.022004096204756629e-01	8.114062827899203023e-02	-5.382155977883427284e-02	5.707943973207321720e-02	-6.275609062414569395e-02	8.794535954923471399e-02	-7.059511813861327201e-02	4.571855546232151540e-02	-5.320085897337076264e-02	4.965505129398571638e-02	-7.007634294971591682e-02	6.501428937115795448e-02	-4.054245385875180491e-02	6.939110018942160063e-02	-5.802469881128362317e-02	5.419436838703967085e-02	-5.312379931263068455e-02	8.595527467152733192e-02
-3.431927940408256716e-02	3.095843680952597432e-01	-6.973288962812281833e-01	5.842898614569649873e-02	-5.187753469607638696e-02	3.496203661303443067e-02	-4.593828869767753176e-01	9.999999999999997780e-01	-6.482317912571099183e-02	4.670805055760227781e-02	-1.823575942140843453e-01	2.511663792930731165e-01	-4.198136362323685034e-01	1.080334118576022767e-01	-8.299371313863530830e-02	1.476967383681832280e-01	-1.522336668025208728e-01	1.704471594619512975e-01	-1.050836206249906590e-01	7.674253069466029087e-02	-1.001053468697488541e-01	1.053072381175633454e-01	-1.167372302070910361e-01	7.820584063471817948e-02	-4.951344477451622567e-02	8.484712185326735712e-02	-7.341993341753984270e-02	9.604031821631563159e-02	-7.641112038111816385e-02	5.302030135689141804e-02	-5.258636066066946224e-02	5.806938536496613484e-02	-8.147336828788305507e-02	6.584484354889098834e-02	-4.305969852172274875e-02	4.914958209410440898e-02	-4.587685835312356464e-02	6.519934022284830377e-02	-6.020332193742931187e-02	3.840238078000206279e-02	-6.366086635402259941e-02	5.365377879089257285e-02	-5.010097432669563533e-02	4.934520270500242223e-02	-7.929633800762961315e-02
9.973336444582840341e-03	-7.757443940082968392e-02	7.026431834976004653e-02	-7.041693807563947916e-01	3.292835759025892206e-01	-1.024408320027499035e-02	5.716428410138654770e-02	-6.482317912571099183e-02	1.000000000000001110e+00	-5.497547449301839473e-01	7.098683874839047114e-02	-7.274520703817141665e-02	9.697306558161727930e-02	-1.588991637420000547e-01	2.226206002015460872e-01	-6.502147521186311951e-02	5.920017840546363402e-02	-6.809933978020543677e-02	1.342043866210531622e-01	-2.132106212744099283e-01	4.981202558796352792e-02	-5.115824627561348092e-02	5.815507587358483693e-02	-4.848215272489393018e-02	9.054109082886095672e-02	-4.800942099240684130e-02	4.191010281695350947e-02	-5.544288916761168362e-02	4.988811089180051478e-02	-1.035047810357010017e-01	3.413470945495262338e-02	-3.801303954736180712e-02	5.311124794477491834e-02	-4.551430538907886431e-02	5.363398242218718470e-02	-3.299159678713073363e-02	3.114240988310752398e-02	-4.841560361964622472e-02	4.334828772395349361e-02	-5.092377218725011034e-02	4.399691465482100800e-02	-3.723881462751928856e-02	3.987094185719108203e-02	-4.129644638054241756e-02	7.208931124872421103e-02
-7.545517861508165870e-03	5.809031017202644087e-02	-5.176413645356293947e-02	3.204250452799921600e-01	-6.695225073697109730e-01	7.747104524137469854e-03	-4.293519011749857839e-02	4.670805055760227781e-02	-5.497547449301839473e-01	9.999999999999998890e-01	-5.478572172127363360e-02	5.575282804031082146e-02	-7.828559413958023627e-02	1.408880449042543004e-01	-3.570576250877739444e-01	5.064470342688540822e-02	-4.647867946642346426e-02	5.417721581837064981e-02	-1.237837872697913483e-01	2.012992705888066725e-01	-3.912443169132535925e-02	4.024462572816288330e-02	-4.619792687228496675e-02	3.901847964867809215e-02	-8.210503941937634387e-02	3.777068950556414922e-02	-3.304947792140103952e-02	4.388678150635184211e-02	-4.028501582301723810e-02	9.002182976705409845e-02	-2.682380086317718432e-02	2.989946846213424603e-02	-4.193750631547293883e-02	3.607431707574198371e-02	-4.478728235726722046e-02	2.590098802189432295e-02	-2.448761263311874034e-02	3.835033772645780881e-02	-3.430786127742110198e-02	4.244339496766641462e-02	-3.440695753770489640e-02	2.921327398101830272e-02	-3.162227728289855599e-02	3.294239924434165523e-02	-5.765701068171708021e-02
6.063167332567841183e-02	-3.237812878503230074e-01	2.015692406790626223e-01	-6.619552813331230912e-02	6.406180166042012292e-02	-6.550307346739671355e-02	2.321625987967458338e-01	-1.823575942140843453e-01	7.098683874839047114e-02	-5.478572172127363360e-02	1.000000000000000888e+00	-4.808860451373998535e-01	2.557853151472651021e-01	-1.122816741512233651e-01	1.047459653934993268e-01	-5.995335355802385857e-01	2.871403068679342918e-01	-2.525355371996146348e-01	1.213568002601728701e-01	-1.012823937733313279e-01	2.138186426463077328e-01	-2.202512181858839180e-01	1.980614667988178645e-01	-1.398867712209595771e-01	7.661435196930876934e-02	-1.741806206124675571e-01	1.428126247495765111e-01	-1.814640750218128318e-01	1.359330133261603124e-01	-8.218661455125390869e-02	1.020453082913163195e-01	-1.130451646467059285e-01	1.528828019271972483e-01	-1.252834088989552008e-01	7.524276497117339535e-02	-9.612496961029932951e-02	8.889482840054190038e-02	-1.251643523427035665e-01	1.134252216665716517e-01	-6.659039778298890544e-02	1.223069591913153314e-01	-1.048813147383989147e-01	9.447315018638446915e-02	-9.314020747136611544e-02	1.465178279818887541e-01
-4.731376336443243735e-02	3.053626704050129148e-01	-2.907727981558069219e-01	6.556874445903206061e-02	-6.455525538947069764e-02	4.743077450131553269e-02	-5.456866027762762306e-01	2.511663792930731165e-01	-7.274520703817141665e-02	5.575282804031082146e-02	-4.808860451373998535e-01	1.000000000000001110e+00	-3.680794531888337273e-01	1.248777631498734775e-01	-1.082887417880046277e-01	2.677585401607771032e-01	-3.588821586345466441e-01	2.361234176502872151e-01	-1.360833899792126545e-01	9.878283299436385612e-02	-1.747841844592664118e-01	1.753304275983475768e-01	-1.812519680812660350e-01	1.157802989444286917e-01	-6.931703728251371877e-02	1.303188619018115502e-01	-1.153623686788986247e-01	1.430700215443892753e-01	-1.169052319189786138e-01	7.315136672191406564e-02	-8.080919320287731356e-02	8.797890686972786867e-02	-1.251713312759996921e-01	9.816850811498196994e-02	-6.331550147627057479e-02	7.428125061210903712e-02	-6.955849036115920037e-02	9.685454225454249999e-02	-9.135135987371337252e-02	5.585151485157170692e-02	-9.768502950922071382e-02	8.049862397036511297e-02	-7.556686351810298907e-02	7.352280608568034781e-02	-1.199198791889916071e-01
3.962647955201282352e-02	-3.391200455054801943e-01	2.754000360745597065e-01	-9.088807155851362507e-02	8.625090474666431695e-02	-4.095990443985392249e-02	2.560852850283572568e-01	-4.198136362323685034e-01	9.697306558161727930e-02	-7.828559413958023627e-02	2.557853151472651021e-01	-3.680794531888337273e-01	1.000000000000001332e+00	-2.777306849245528841e-01	1.549052047339305183e-01	-2.712687020392812176e-01	2.633988982049276228e-01	-4.611376469143684820e-01	2.054034019798449129e-01	-1.492734504177306298e-01	1.797798501914029123e-01	-2.018333150289808031e-01	2.266661982797608665e-01	-1.565852549547325223e-01	9.200280828227488938e-02	-1.628421893749537885e-01	1.376637197486937358e-01	-1.900950854113246102e-01	1.446777608717469965e-01	-1.000271970272442190e-01	9.690391831218442276e-02	-1.084239658164874859e-01	1.503436869723261404e-01	-1.244337982328362208e-01	7.782917399689651128e-02	-9.118245872447676426e-02	8.480303736064800924e-02	-1.217727233774532902e-01	1.104685289935586762e-01	-7.007942262823747825e-02	1.149325381095461507e-01	-9.936363682246703022e-02	9.095662231084369886e-02	-9.052685110237886079e-02	1.409057882947356566e-01
-1.566138616838624528e-02	1.230163845498473130e-01	-1.114311755694921968e-01	1.266777846843982203e-01	-1.425148457522027456e-01	1.608755567905421902e-02	-9.463296750900149212e-02	1.080334118576022767e-01	-1.588991637420000547e-01	1.408880449042543004e-01	-1.122816741512233651e-01	1.248777631498734775e-01	-2.777306849245528841e-01	1.000000000000000000e+00	-4.117887949010536341e-01	1.083921407435042145e-01	-1.071701125540331506e-01	1.389509458176373391e-01	-7.785013827487425875e-01	2.708019134186359089e-01	-8.065651458696648790e-02	8.512482503591946303e-02	-1.008843199820332603e-01	7.727661720850047267e-02	-1.161747177119693136e-01	7.414786023145419902e-02	-6.472195211576846352e-02	8.672107225692207710e-02	-7.692129640200837115e-02	1.194965034764210454e-01	-4.889233537476049551e-02	5.442952261438815942e-02	-7.695961654982817757e-02	6.454772448579362831e-02	-6.493521828914104732e-02	4.641546841225117209e-02	-4.369360948400206890e-02	6.596647824890781997e-02	-5.987301472232439692e-02	6.012022835399682269e-02	-6.039372186142780846e-02	5.145273766292900175e-02	-5.255584688469325944e-02	5.375430413365872573e-02	-9.077004732093493788e-02
1.423175442574927015e-02	-1.093782875630292806e-01	9.028696994064233650e-02	-2.129715362617554952e-01	2.283839693741508969e-01	-1.462794299355881303e-02	7.912554847505733069e-02	-8.299371313863530830e-02	2.226206002015460872e-01	-3.570576250877739444e-01	1.047459653934993268e-01	-1.082887417880046277e-01	1.549052047339305183e-01	-4.117887949010536341e-01	1.000000000000001776e+00	-9.998754859179419252e-02	9.158414476835156914e-02	-1.102555061041012863e-01	2.815816643654151519e-01	-6.524315054904845645e-01	7.732521138969741803e-02	-8.035016484945171900e-02	9.259161717127366298e-02	-8.135097384818883171e-02	1.977091496409353055e-01	-7.565367204228046205e-02	6.602870843516922550e-02	-8.875684645631791436e-02	8.367247641232240796e-02	-2.230412913236278494e-01	5.326373380709642502e-02	-5.966557801037702946e-02	8.352937850070160652e-02	-7.292562593224898027e-02	9.786768395439528201e-02	-5.155344013874509773e-02	4.876769437627852949e-02	-7.737602780831341620e-02	6.858274401621985983e-02	-9.470494296742386353e-02	6.767326245491876724e-02	-5.814919641742477552e-02	6.310061194129321094e-02	-6.689384481209316446e-02	1.152533593471692930e-01
-3.861302726015491960e-02	2.018557046331786176e-01	-1.765223851978112435e-01	5.870949425792759691e-02	-5.907595406566189256e-02	3.897210438059632576e-02	-1.745263698247782602e-01	1.476967383681832280e-01	-6.502147521186311951e-02	5.064470342688540822e-02	-5.995335355802385857e-01	2.677585401607771032e-01	-2.712687020392812176e-01	1.083921407435042145e-01	-9.998754859179419252e-02	1.000000000000001776e+00	-5.276192678252918933e-01	2.632861579973609367e-01	-1.217358589304585181e-01	9.354699465805314806e-02	-3.431019621559933674e-01	2.540451237327664424e-01	-2.289311508813496876e-01	1.385074755012372372e-01	-7.200268689673634814e-02	1.752493279085441114e-01	-1.544168420903930805e-01	1.750864645354419658e-01	-1.421419604175151175e-01	7.600463813936388091e-02	-1.000296273791250745e-01	1.069642967234907538e-01	-1.522122642471675225e-01	1.156234225102604207e-01	-6.916860605093798353e-02	8.919852276027810667e-02	-8.348430910020451789e-02	1.122819864234964049e-01	-1.074574690158884849e-01	6.074567769771169884e-02	-1.156656075029204173e-01	9.475266968050756466e-02	-8.673381785564024393e-02	8.366154622031315991e-02	-1.341860094923157387e-01
2.992442529494138831e-02	-2.089450755471247700e-01	1.637685300472973282e-01	-5.418278010658927196e-02	5.357732668103384194e-02	-3.062023853715016217e-02	1.792538246533066926e-01	-1.522336668025208728e-01	5.920017840546363402e-02	-4.647867946642346426e-02	2.871403068679342918e-01	-3.588821586345466441e-01	2.633988982049276228e-01	-1.071701125540331506e-01	9.158414476835156914e-02	-5.276192678252918933e-01	1.000000000000003997e+00	-5.474421228270641704e-01	1.148644714772241726e-01	-8.848674077054780041e-02	2.466698342240520314e-01	-3.521364902647468598e-01	2.557348094242873349e-01	-1.525759863129519944e-01	6.634769758052964927e-02	-1.686540326111530264e-01	1.449564650409003730e-01	-1.852383971049774425e-01	1.422382910689574675e-01	-7.129828556064067568e-02	9.076230605203165769e-02	-9.987868912586987669e-02	1.406888475356544432e-01	-1.108268184876783219e-01	6.144065032047226621e-02	-8.217325574915083919e-02	7.653228843202390663e-02	-1.048991371100261444e-01	9.810734806971339872e-02	-5.452035949634527479e-02	1.022954505379665840e-01	-8.709559538658297184e-02	7.767984712606665343e-02	-7.604944541036345873e-02	1.166280295536372413e-01
-2.750052146750396262e-02	1.918024606013676858e-01	-1.861949160814788951e-01	6.137727894725082678e-02	-6.174584622751445873e-02	2.799305509857860641e-02	-1.693056364842196182e-01	1.704471594619512975e-01	-6.809933978020543677e-02	5.417721581837064981e-02	-2.525355371996146348e-01	2.361234176502872151e-01	-4.611376469143684820e-01	1.389509458176373391e-01	-1.102555061041012863e-01	2.632861579973609367e-01	-5.474421228270641704e-01	9.999999999999975575e-01	-1.556058287951638253e-01	1.046961896637512018e-01	-2.198057403226270912e-01	2.432338689728849035e-01	-4.822574582262323384e-01	1.848290365017112025e-01	-7.663558070682614798e-02	1.643558055966268805e-01	-1.546573838720119443e-01	2.081596454314043054e-01	-1.809831258398348075e-01	8.165985172076289933e-02	-9.596705895858605173e-02	1.055121342946673951e-01	-1.602512822088551780e-01	1.209422527701189548e-01	-6.768697901047039667e-02	8.596890934894382830e-02	-8.112834260612732107e-02	1.120160711238367135e-01	-1.082186840514113291e-01	5.995020618075714430e-02	-1.084773036895506776e-01	9.116593027221507606e-02	-8.381896047552349349e-02	8.150647076363021215e-02	-1.260829090693104670e-01
1.699857570239690294e-02	-1.341274451275556168e-01	1.077036861818948393e-01	-1.234438480408426020e-01	1.239905768279166709e-01	-1.750601484753644410e-02	9.694302286958041137e-02	-1.050836206249906590e-01	1.342043866210531622e-01	-1.237837872697913483e-01	1.213568002601728701e-01	-1.360833899792126545e-01	2.054034019798449129e-01	-7.785013827487425875e-01	2.815816643654151519e-01	-1.217358589304585181e-01	1.148644714772241726e-01	-1.556058287951638253e-01	1.000000000000001776e+00	-4.135961547384048864e-01	8.944195863499371235e-02	-9.548036477983250225e-02	1.102730020406289674e-01	-9.070726133110179612e-02	1.454412507503583252e-01	-8.477977235126267497e-02	7.326654242825730856e-02	-9.932182596126586105e-02	8.844151113419773669e-02	-1.598603010025789473e-01	5.597142789861878076e-02	-6.264699444226927427e-02	8.763475504755256773e-02	-7.487331158018621646e-02	7.931563935903726548e-02	-5.354722067356298965e-02	5.035296772251323522e-02	-7.694110247453683771e-02	6.896566780533934515e-02	-7.513457626661400324e-02	6.927995126535348158e-02	-5.961092107934456291e-02	6.089510680229895390e-02	-6.308198810762294384e-02	1.054368934357744481e-01
-1.319712401171255385e-02	9.868166168771803914e-02	-8.690769833352189611e-02	1.636125132461877518e-01	-2.191449149026304388e-01	1.352195274374397814e-02	-7.397989789198471111e-02	7.674253069466029087e-02	-2.132106212744099283e-01	2.012992705888066725e-01	-1.012823937733313279e-01	9.878283299436385612e-02	-1.492734504177306298e-01	2.708019134186359089e-01	-6.524315054904845645e-01	9.354699465805314806e-02	-8.848674077054780041e-02	1.046961896637512018e-01	-4.135961547384048864e-01	9.999999999999997780e-01	-7.546250206413039618e-02	7.710715905272953752e-02	-9.210754586687290579e-02	8.122254844401671781e-02	-3.744666311611462017e-01	7.274756755229352945e-02	-6.474190936939973329e-02	8.643725448994638016e-02	-8.697892824419738156e-02	2.380353482163792556e-01	-5.243469180151971026e-02	5.837381803519200996e-02	-8.388779265943534236e-02	7.235761630525575083e-02	-1.125381265908599049e-01	5.029752001260266725e-02	-4.794799333326067031e-02	7.691449221119540935e-02	-6.958404582228942814e-02	9.932841725649006748e-02	-6.669865178231816627e-02	5.652877814483354274e-02	-6.536114444903450005e-02	6.853263311674888392e-02	-1.259334536920956038e-01
2.143869162031809134e-02	-1.421952776460602974e-01	1.158697142972267696e-01	-4.544259290444879057e-02	4.562742314442464614e-02	-2.189122443798434403e-02	1.122425082890030484e-01	-1.001053468697488541e-01	4.981202558796352792e-02	-3.912443169132535925e-02	2.138186426463077328e-01	-1.747841844592664118e-01	1.797798501914029123e-01	-8.065651458696648790e-02	7.732521138969741803e-02	-3.431019621559933674e-01	2.466698342240520314e-01	-2.198057403226270912e-01	8.944195863499371235e-02	-7.546250206413039618e-02	1.000000000000001776e+00	-7.101619534140244383e-01	2.516038385901053775e-01	-1.635813323154304277e-01	6.322541388598584833e-02	-3.905695828562989469e-01	2.311176165295494300e-01	-2.338145848291733608e-01	1.548520419749181976e-01	-6.834730097823589479e-02	1.226997597793440808e-01	-1.312938184092216076e-01	1.655040522335415321e-01	-1.283064722128867685e-01	6.203979096377706254e-02	-1.058025991322516651e-01	9.552192605878853660e-02	-1.201780309024007287e-01	1.103580426658819086e-01	-5.512370491826905361e-02	1.204323636671277842e-01	-1.053168746161197433e-01	8.510124058108088640e-02	-8.323262322301454297e-02	1.206645287807639466e-01
-2.158305379502349977e-02	1.400218409370836692e-01	-1.232286278574339367e-01	4.617428116179799619e-02	-4.683785566385678667e-02	2.193551798507824280e-02	-1.175164911684872943e-01	1.053072381175633454e-01	-5.115824627561348092e-02	4.024462572816288330e-02	-2.202512181858839180e-01	1.753304275983475768e-01	-2.018333150289808031e-01	8.512482503591946303e-02	-8.035016484945171900e-02	2.540451237327664424e-01	-3.521364902647468598e-01	2.432338689728849035e-01	-9.548036477983250225e-02	7.710715905272953752e-02	-7.101619534140244383e-01	1.000000000000001332e+00	-3.992903142856489285e-01	1.726230161635396165e-01	-6.505024216526410219e-02	2.382180776010688894e-01	-2.303701706224685897e-01	2.182218529050393707e-01	-1.753582776041727187e-01	6.949319106638283949e-02	-1.120123723607484578e-01	1.188260150812104621e-01	-1.656234948316782918e-01	1.216944332221792102e-01	-6.178905702142448858e-02	9.471580193675756265e-02	-8.862245519953035333e-02	1.121454060679909631e-01	-1.080667757016458563e-01	5.450204249043909960e-02	-1.152415382356422602e-01	9.634434977330849637e-02	-8.210444318016821286e-02	7.921510957938450448e-02	-1.189385205999364814e-01
2.193930749760720708e-02	-1.529966226140927199e-01	1.300288353082798554e-01	-5.294636083604217780e-02	5.340600988452520043e-02	-2.240864926816635641e-02	1.217662900142279514e-01	-1.167372302070910361e-01	5.815507587358483693e-02	-4.619792687228496675e-02	1.980614667988178645e-01	-1.812519680812660350e-01	2.266661982797608665e-01	-1.008843199820332603e-01	9.259161717127366298e-02	-2.289311508813496876e-01	2.557348094242873349e-01	-4.822574582262323384e-01	1.102730020406289674e-01	-9.210754586687290579e-02	2.516038385901053775e-01	-3.992903142856489285e-01	9.999999999999988898e-01	-4.180599132799026063e-01	8.042952538267798823e-02	-2.332951771014744879e-01	2.123802598083742721e-01	-4.211675454617901382e-01	2.695519524669041100e-01	-8.855789542557171434e-02	1.193842280816035384e-01	-1.366601926984393756e-01	2.080152222001584728e-01	-1.645794216271997956e-01	7.294186848491483743e-02	-1.070088414596408050e-01	1.005907087116529874e-01	-1.410170440509491696e-01	1.329784597792413037e-01	-6.501243154522490242e-02	1.263440161930370620e-01	-1.114121580639021725e-01	9.760970031816446069e-02	-9.629482631018354555e-02	1.363289735599277908e-01
-1.508455088994054352e-02	1.019548266082984656e-01	-9.197428661894922752e-02	4.291236445060787885e-02	-4.527116070966713535e-02	1.535376560448368198e-02	-8.232474517349902543e-02	7.820584063471817948e-02	-4.848215272489393018e-02	3.901847964867809215e-02	-1.398867712209595771e-01	1.157802989444286917e-01	-1.565852549547325223e-01	7.727661720850047267e-02	-8.135097384818883171e-02	1.385074755012372372e-01	-1.525759863129519944e-01	1.848290365017112025e-01	-9.070726133110179612e-02	8.122254844401671781e-02	-1.635813323154304277e-01	1.726230161635396165e-01	-4.180599132799026063e-01	9.999999999999996669e-01	-9.677634835034611138e-02	1.519391351960084902e-01	-1.571523166377444269e-01	2.453998059435607282e-01	-8.001875282271864176e-01	1.044108872372130209e-01	-9.328646853616652523e-02	1.049022201292686696e-01	-1.808927442817253872e-01	1.537842615120856848e-01	-7.021930554431701776e-02	8.229447701202192988e-02	-7.959602772595812670e-02	1.154854780037450762e-01	-1.278123434202941000e-01	6.091795530153966409e-02	-1.013103249474324175e-01	8.635135870413108983e-02	-8.292739822214245660e-02	8.055559009190760289e-02	-1.174983513508446598e-01
9.409354154443494433e-03	-6.796838404881987150e-02	5.764154449592390900e-02	-7.656737728290430312e-02	9.000934039435819212e-02	-9.628955861132670185e-03	5.046739878188883505e-02	-4.951344477451622567e-02	9.054109082886095672e-02	-8.210503941937634387e-02	7.661435196930876934e-02	-6.931703728251371877e-02	9.200280828227488938e-02	-1.161747177119693136e-01	1.977091496409353055e-01	-7.200268689673634814e-02	6.634769758052964927e-02	-7.663558070682614798e-02	1.454412507503583252e-01	-3.744666311611462017e-01	6.322541388598584833e-02	-6.505024216526410219e-02	8.042952538267798823e-02	-9.677634835034611138e-02	9.999999999999972244e-01	-6.608329979152423317e-02	5.929487398053363140e-02	-8.377440054849842610e-02	1.052276268750014926e-01	-8.285093329912747162e-01	4.887942651203090738e-02	-5.546048491103946348e-02	7.981410098986251034e-02	-7.490884914417586526e-02	1.803625277018049422e-01	-4.766163076517686975e-02	4.582939049661540615e-02	-7.957731773145815257e-02	6.930971888295681116e-02	-1.781604925169611164e-01	6.151000845188002442e-02	-5.415105525095943034e-02	6.569249310582621348e-02	-7.550684584104810915e-02	1.308362928021222227e-01
-1.752356981437282191e-02	1.135213360033133084e-01	-1.023699929348995119e-01	4.304734347893365842e-02	-4.429885506749636076e-02	1.779657693532989832e-02	-9.202036241300755315e-02	8.484712185326735712e-02	-4.800942099240684130e-02	3.777068950556414922e-02	-1.741806206124675571e-01	1.303188619018115502e-01	-1.628421893749537885e-01	7.414786023145419902e-02	-7.565367204228046205e-02	1.752493279085441114e-01	-1.686540326111530264e-01	1.643558055966268805e-01	-8.477977235126267497e-02	7.274756755229352945e-02	-3.905695828562989469e-01	2.382180776010688894e-01	-2.332951771014744879e-01	1.519391351960084902e-01	-6.608329979152423317e-02	1.000000000000000222e+00	-7.168021329437572753e-01	2.796998710108092867e-01	-1.778631950575128851e-01	7.033272471652103619e-02	-2.361590551396431092e-01	2.007903661274149931e-01	-2.287498803365901889e-01	1.475895825560381291e-01	-6.832719350505288280e-02	1.540953583912063607e-01	-1.402504301239728690e-01	1.382710820349980219e-01	-1.339329631864094872e-01	6.005689240929805439e-02	-1.681830700364105313e-01	1.368324912610859034e-01	-9.991395136529247767e-02	9.366624499986381247e-02	-1.369482377393941852e-01
1.508630860594543065e-02	-1.008941759441783492e-01	8.702608988745365315e-02	-3.786258229604270997e-02	3.869758829262367333e-02	-1.536904482825904653e-02	7.961777682637610765e-02	-7.341993341753984270e-02	4.191010281695350947e-02	-3.304947792140103952e-02	1.428126247495765111e-01	-1.153623686788986247e-01	1.376637197486937358e-01	-6.472195211576846352e-02	6.602870843516922550e-02	-1.544168420903930805e-01	1.449564650409003730e-01	-1.546573838720119443e-01	7.326654242825730856e-02	-6.474190936939973329e-02	2.311176165295494300e-01	-2.303701706224685897e-01	2.123802598083742721e-01	-1.571523166377444269e-01	5.929487398053363140e-02	-7.168021329437572753e-01	9.999999999999998890e-01	-4.862326968125854076e-01	1.697179428128346435e-01	-6.436266990386149689e-02	1.811285229893461191e-01	-2.337452578946654647e-01	2.209120824327429899e-01	-1.511540454671896072e-01	6.098780837547494033e-02	-1.434147401688397883e-01	1.335838236556616543e-01	-1.363972576337090792e-01	1.256845871775767731e-01	-5.418153850597699772e-02	1.469949908494909974e-01	-1.324745828225643574e-01	9.217882648920444622e-02	-8.825575148482293908e-02	1.210782123114973047e-01
-1.903373571201759026e-02	1.261503185695035667e-01	-1.147313088247594870e-01	4.963668117595800011e-02	-5.130049868177924410e-02	1.934715483872550754e-02	-1.022004096204756629e-01	9.604031821631563159e-02	-5.544288916761168362e-02	4.388678150635184211e-02	-1.814640750218128318e-01	1.430700215443892753e-01	-1.900950854113246102e-01	8.672107225692207710e-02	-8.875684645631791436e-02	1.750864645354419658e-01	-1.852383971049774425e-01	2.081596454314043054e-01	-9.932182596126586105e-02	8.643725448994638016e-02	-2.338145848291733608e-01	2.182218529050393707e-01	-4.211675454617901382e-01	2.453998059435607282e-01	-8.377440054849842610e-02	2.796998710108092867e-01	-4.862326968125854076e-01	1.000000000000001554e+00	-3.481842827260970274e-01	9.038269262138189097e-02	-1.654866486323259556e-01	1.908113831219489520e-01	-4.528082706952789027e-01	2.148994807048995315e-01	-8.231537536010111178e-02	1.353508925036581989e-01	-1.345246914614953437e-01	1.738536432421613209e-01	-1.791934200258198939e-01	7.241651861107241406e-02	-1.603573391801464409e-01	1.362252241028611421e-01	-1.208619081088429387e-01	1.141096958628585456e-01	-1.600720626617202491e-01
1.511617770781331811e-02	-1.041143644282234715e-01	8.897451328918495883e-02	-4.451811155522719665e-02	4.670812906039017998e-02	-1.542634181380926270e-02	8.114062827899203023e-02	-7.641112038111816385e-02	4.988811089180051478e-02	-4.028501582301723810e-02	1.359330133261603124e-01	-1.169052319189786138e-01	1.446777608717469965e-01	-7.692129640200837115e-02	8.367247641232240796e-02	-1.421419604175151175e-01	1.422382910689574675e-01	-1.809831258398348075e-01	8.844151113419773669e-02	-8.697892824419738156e-02	1.548520419749181976e-01	-1.753582776041727187e-01	2.695519524669041100e-01	-8.001875282271864176e-01	1.052276268750014926e-01	-1.778631950575128851e-01	1.697179428128346435e-01	-3.481842827260970274e-01	1.000000000000000000e+00	-1.327406815123531036e-01	1.023120034981720577e-01	-1.190531797148039889e-01	1.973425572646730075e-01	-2.067596570500100650e-01	7.700311187970768079e-02	-9.241483591582493051e-02	8.869028035445641889e-02	-1.347865869820380758e-01	1.421206744897935970e-01	-6.802566190920428246e-02	1.094572573678322669e-01	-9.718354766713116488e-02	9.143860154582639233e-02	-9.097723838578691824e-02	1.252894249004287697e-01
-9.969272752904836943e-03	7.139018061397268966e-02	-6.221706408064416743e-02	8.287161456117565772e-02	-1.034019496580055042e-01	1.019006972709543372e-02	-5.382155977883427284e-02	5.302030135689141804e-02	-1.035047810357010017e-01	9.002182976705409845e-02	-8.218661455125390869e-02	7.315136672191406564e-02	-1.000271970272442190e-01	1.194965034764210454e-01	-2.230412913236278494e-01	7.600463813936388091e-02	-7.129828556064067568e-02	8.165985172076289933e-02	-1.598603010025789473e-01	2.380353482163792556e-01	-6.834730097823589479e-02	6.949319106638283949e-02	-8.855789542557171434e-02	1.044108872372130209e-01	-8.285093329912747162e-01	7.033272471652103619e-02	-6.436266990386149689e-02	9.038269262138189097e-02	-1.327406815123531036e-01	1.000000000000002887e+00	-5.253762411067245536e-02	5.918602156309776124e-02	-8.793275145891796263e-02	8.085634307861237768e-02	-2.786716326515756292e-01	5.060298362986313109e-02	-4.896346647877155428e-02	8.466122691131582056e-02	-7.647024667098425987e-02	1.848437817874691858e-01	-6.587562189535028923e-02	5.710349593835148396e-02	-7.319400461520199352e-02	8.160820090685418082e-02	-1.562551612194701678e-01
1.104124085128834094e-02	-7.397993556432097551e-02	6.355488152103269672e-02	-3.088693046846546428e-02	3.166349364905000213e-02	-1.124765937022820239e-02	5.707943973207321720e-02	-5.258636066066946224e-02	3.413470945495262338e-02	-2.682380086317718432e-02	1.020453082913163195e-01	-8.080919320287731356e-02	9.690391831218442276e-02	-4.889233537476049551e-02	5.326373380709642502e-02	-1.000296273791250745e-01	9.076230605203165769e-02	-9.596705895858605173e-02	5.597142789861878076e-02	-5.243469180151971026e-02	1.226997597793440808e-01	-1.120123723607484578e-01	1.193842280816035384e-01	-9.328646853616652523e-02	4.887942651203090738e-02	-2.361590551396431092e-01	1.811285229893461191e-01	-1.654866486323259556e-01	1.023120034981720577e-01	-5.253762411067245536e-02	1.000000000000000888e+00	-6.087302725307476292e-01	2.047743232095101396e-01	-1.482816570246837384e-01	5.830872927952886892e-02	-6.101407393857161132e-01	2.964030530326949298e-01	-1.670175642237467784e-01	1.331350899021128409e-01	-5.216689857076855369e-02	2.650727620958346353e-01	-2.685795381957430950e-01	1.060730214689048628e-01	-9.783777394773507385e-02	1.241286691407710585e-01
-1.210123481526914450e-02	8.043476882730320188e-02	-7.050174468739356382e-02	3.420438992508257475e-02	-3.529928575370255839e-02	1.231380938366406601e-02	-6.275609062414569395e-02	5.806938536496613484e-02	-3.801303954736180712e-02	2.989946846213424603e-02	-1.130451646467059285e-01	8.797890686972786867e-02	-1.084239658164874859e-01	5.442952261438815942e-02	-5.966557801037702946e-02	1.069642967234907538e-01	-9.987868912586987669e-02	1.055121342946673951e-01	-6.264699444226927427e-02	5.837381803519200996e-02	-1.312938184092216076e-01	1.188260150812104621e-01	-1.366601926984393756e-01	1.049022201292686696e-01	-5.546048491103946348e-02	2.007903661274149931e-01	-2.337452578946654647e-01	1.908113831219489520e-01	-1.190531797148039889e-01	5.918602156309776124e-02	-6.087302725307476292e-01	1.000000000000001332e+00	-3.339858268173204192e-01	1.752837956447943490e-01	-6.734554670430643875e-02	3.141295301636271020e-01	-4.926247041462859522e-01	1.891837309056715877e-01	-1.659658130907787632e-01	5.979352267819713906e-02	-3.192973952852499742e-01	2.649293378177312031e-01	-1.255749505440727498e-01	1.107032774585663543e-01	-1.448029650174070537e-01
1.688232273757898916e-02	-1.147001347201905969e-01	9.741039886210889343e-02	-4.825383532207060816e-02	4.932183439361931959e-02	-1.721737534092005611e-02	8.794535954923471399e-02	-8.147336828788305507e-02	5.311124794477491834e-02	-4.193750631547293883e-02	1.528828019271972483e-01	-1.251713312759996921e-01	1.503436869723261404e-01	-7.695961654982817757e-02	8.352937850070160652e-02	-1.522122642471675225e-01	1.406888475356544432e-01	-1.602512822088551780e-01	8.763475504755256773e-02	-8.388779265943534236e-02	1.655040522335415321e-01	-1.656234948316782918e-01	2.080152222001584728e-01	-1.808927442817253872e-01	7.981410098986251034e-02	-2.287498803365901889e-01	2.209120824327429899e-01	-4.528082706952789027e-01	1.973425572646730075e-01	-8.793275145891796263e-02	2.047743232095101396e-01	-3.339858268173204192e-01	1.000000000000000000e+00	-5.341684590914651531e-01	9.495054460799948193e-02	-1.864163724600940431e-01	1.905638597225569053e-01	-3.260547814894145247e-01	2.791172588438478042e-01	-8.649358744017178469e-02	1.989594645628845471e-01	-1.944771094625165342e-01	1.743688173547679188e-01	-1.733238196804749998e-01	1.926636537587396725e-01
-1.352459027636108459e-02	9.023324833265516931e-02	-7.989177021751257823e-02	4.073917111827815574e-02	-4.247853807302359730e-02	1.376010388440977034e-02	-7.059511813861327201e-02	6.584484354889098834e-02	-4.551430538907886431e-02	3.607431707574198371e-02	-1.252834088989552008e-01	9.816850811498196994e-02	-1.244337982328362208e-01	6.454772448579362831e-02	-7.292562593224898027e-02	1.156234225102604207e-01	-1.108268184876783219e-01	1.209422527701189548e-01	-7.487331158018621646e-02	7.235761630525575083e-02	-1.283064722128867685e-01	1.216944332221792102e-01	-1.645794216271997956e-01	1.537842615120856848e-01	-7.490884914417586526e-02	1.475895825560381291e-01	-1.511540454671896072e-01	2.148994807048995315e-01	-2.067596570500100650e-01	8.085634307861237768e-02	-1.482816570246837384e-01	1.752837956447943490e-01	-5.341684590914651531e-01	9.999999999999994449e-01	-1.031630307827590826e-01	1.306968530892270997e-01	-1.410108627137017234e-01	2.736521335635935803e-01	-6.623110511431237191e-01	8.971221925055040958e-02	-1.611245944239551031e-01	1.390348540166868041e-01	-1.824318855784334281e-01	1.681673111697667700e-01	-2.021169368643735420e-01
