1.000000000000000000e+00	-4.005759902114478521e-01	1.810179546246724058e-01	-1.220268379461917352e-01	8.690430223478917693e-02	-7.891856139233377476e-01	2.591955848553463282e-01	-1.946599128822839864e-01	1.189611779735442881e-01	-8.049176598977800245e-02	2.154202725954570130e-01	-2.679941888318839727e-01	1.142560414491428089e-01	-7.815959973552094597e-02	7.669230159395805380e-02	-1.357484978502153383e-01	1.240062150369738436e-01	-9.091917447826204646e-02	8.355816820204949036e-02	-6.770384225043353521e-02	7.558097413057865421e-02	-7.752351163721406258e-02	7.840395152533334577e-02	-7.249422072094488523e-02	7.941064282900622828e-02	-5.022717738905953938e-02	6.095137657766939304e-02	-5.033389403741098805e-02	5.155534517959229485e-02	-2.523684611258550370e-02	3.675588501621943754e-02	-3.905672852225552938e-02	3.735990180054202248e-02	-4.069334481312646135e-02	2.119446709168379059e-02	-2.760667983110441648e-02	2.802571947986085693e-02	-3.827518927075324040e-02	2.625157058280870592e-02	-3.990810557850296703e-02	3.328169635636359092e-02	-2.700166247660369667e-02	3.001899607846045953e-02	-2.731787005824011169e-02	4.457556854389653489e-02
-4.005759902114478521e-01	9.999999999999997780e-01	-4.759280319831677986e-01	1.980201285476105300e-01	-1.460427026986658716e-01	2.581400651145299152e-01	-6.466288122959600315e-01	3.078642730130862204e-01	-2.020445266385384187e-01	1.216075345578893491e-01	-1.281407494863179564e-01	1.504731669220215895e-01	-1.253160793073573032e-01	1.025544792683422829e-01	-9.920998977340143854e-02	8.674544712484895392e-02	-9.155723161006011634e-02	9.253454314093938204e-02	-1.051955141516173614e-01	8.114065672663953177e-02	-6.796658878719660790e-02	7.011721890842786964e-02	-7.890879037773673721e-02	7.775659281470785611e-02	-8.830139091400622531e-02	4.582007566198220694e-02	-5.687947338974089218e-02	4.970770601440257369e-02	-5.210240094485743545e-02	2.501257065989665948e-02	-3.465249456005322498e-02	3.682742016141952318e-02	-3.690296282699992436e-02	4.056181209427472956e-02	-2.102943990717994274e-02	2.629911700623038806e-02	-2.693463891845340741e-02	3.693471782476840520e-02	-2.562653452795208425e-02	3.886977960583853919e-02	-3.185779040023836717e-02	2.599761687459267723e-02	-2.904757069105791401e-02	2.659297140030681544e-02	-4.343610603313952101e-02
1.810179546246724058e-01	-4.759280319831677986e-01	9.999999999999994449e-01	-4.638297813780779544e-01	1.917024191277600376e-01	-1.823216141436339865e-01	2.928125059583425172e-01	-6.058988275564892723e-01	2.572845425719944012e-01	-1.758611017684346689e-01	9.675085059527946396e-02	-1.247285849430752602e-01	1.355942481234398977e-01	-1.261963824479437613e-01	1.141048851687306853e-01	-7.626933892173058671e-02	8.004764449207316113e-02	-1.037315334255067695e-01	1.185786808624095107e-01	-9.473794487327996672e-02	6.796092232217239293e-02	-7.235486923126505099e-02	8.357654939386774395e-02	-8.605507006660979841e-02	9.562143054717485435e-02	-4.709720563703691243e-02	5.815754681005518012e-02	-5.358383045573301973e-02	5.585993372819046676e-02	-2.735516233448870640e-02	3.618825238402118699e-02	-3.883182968873846036e-02	3.950508378493550188e-02	-4.393241049426633432e-02	2.289640231030396628e-02	-2.792967358437520309e-02	2.878034355882598191e-02	-3.986244264992441083e-02	2.780486672215033012e-02	-4.272890341177743717e-02	3.372432843596997326e-02	-2.795983098753856630e-02	3.119909775331585616e-02	-2.894736708634736838e-02	4.727051391423307825e-02
-1.220268379461917352e-01	1.980201285476105300e-01	-4.638297813780779544e-01	9.999999999999997780e-01	-4.850560147295183699e-01	1.142098686435892435e-01	-1.796120768472587448e-01	2.585855397428017399e-01	-5.841511767190655791e-01	2.924405805750156517e-01	-7.358598090690685045e-02	9.335434574250683903e-02	-1.360277201965553739e-01	1.840725051412633595e-01	-1.709050015200174466e-01	6.529695153330251911e-02	-7.162497486989019557e-02	1.042385219238457367e-01	-1.722912672264340916e-01	1.266499174381857107e-01	-7.097264092455882190e-02	7.510332466615200764e-02	-9.240128588657674225e-02	1.027127467845537073e-01	-1.201597470096317372e-01	4.925641312315747616e-02	-6.169084260897199357e-02	5.851343303964354203e-02	-6.280571825472062997e-02	2.983703288924106911e-02	-3.836896031446639793e-02	4.106889220876678431e-02	-4.328134026876816198e-02	4.846549895466688296e-02	-2.503846402585077971e-02	2.963979215828236105e-02	-3.070017099298165061e-02	4.250709745937365780e-02	-2.989664113306987267e-02	4.554549135452984343e-02	-3.592411524533565409e-02	2.977940972412980100e-02	-3.337431419949669908e-02	3.099126897056767027e-02	-5.049724777435389556e-02
8.690430223478917693e-02	-1.460427026986658716e-01	1.917024191277600376e-01	-4.850560147295183699e-01	9.999999999999997780e-01	-8.860330887206514794e-02	1.204428136820559492e-01	-1.911906023174531344e-01	2.997362203259091862e-01	-7.649511013718697239e-01	5.809096788511629306e-02	-7.615945705342035132e-02	1.058754503514051787e-01	-1.532993442891110170e-01	1.569892860185315986e-01	-5.371281560875647981e-02	5.821647202647855374e-02	-8.580207859723248953e-02	1.305386234708107440e-01	-1.258212126911809892e-01	5.957439175942585291e-02	-6.387366606661633306e-02	7.689279111358084118e-02	-8.884191854965134416e-02	1.019475809199935357e-01	-4.212595801786706007e-02	5.240488188871188224e-02	-5.093373089497790079e-02	5.406227655888984351e-02	-2.658113517909762094e-02	3.320749679650687736e-02	-3.581295152344143168e-02	3.754433730491792132e-02	-4.245083785786842728e-02	2.218876452315039771e-02	-2.600358943534659961e-02	2.701082654436036748e-02	-3.769143755422300901e-02	2.657279268967313590e-02	-4.110815328207301916e-02	3.142118941734024090e-02	-2.636726358406714030e-02	2.947846686278396411e-02	-2.766953666900621306e-02	4.520081725170201070e-02
-7.891856139233377476e-01	2.581400651145299152e-01	-1.823216141436339865e-01	1.142098686435892435e-01	-8.860330887206514794e-02	1.000000000000000222e+00	-3.356604650705821702e-01	1.812664804563133281e-01	-1.227779365015604779e-01	7.862728842768691717e-02	-3.250260201674308180e-01	2.378915562810961226e-01	-1.181936885782075702e-01	7.809631115377869970e-02	-7.797585353095290439e-02	1.417583293449403148e-01	-1.400194726905284737e-01	9.124570678541425728e-02	-8.539955339980503934e-02	6.749059855781769368e-02	-7.887297183448536975e-02	7.882238341692293648e-02	-8.015083624502665482e-02	7.264041026908386878e-02	-8.063624319534076768e-02	5.089348492686898012e-02	-6.238752209001417748e-02	4.995530059150066204e-02	-5.153033236266028883e-02	2.458472901176382563e-02	-3.688191472051716852e-02	3.885580568060118672e-02	-3.719435573194181804e-02	4.022315612898174492e-02	-2.072125301585847276e-02	2.731141654361323584e-02	-2.763674991208478482e-02	3.745886439866460971e-02	-2.562413511788503434e-02	3.844789943058952303e-02	-3.301620278807059633e-02	2.647194211615158319e-02	-2.947894208843229030e-02	2.656727821347452251e-02	-4.321073964404448242e-02
2.591955848553463282e-01	-6.466288122959600315e-01	2.928125059583425172e-01	-1.796120768472587448e-01	1.204428136820559492e-01	-3.356604650705821702e-01	9.999999999999996669e-01	-5.451365622739614558e-01	1.760253686989108057e-01	-1.126332407466402175e-01	1.409073697933860281e-01	-1.851961971174898025e-01	1.267340462123524303e-01	-9.656412841029940464e-02	9.005998467899387072e-02	-9.370028079701971102e-02	9.592125604469063649e-02	-9.612233126872647693e-02	9.643036165560238404e-02	-7.661533207481698027e-02	6.762387805037822774e-02	-7.076163432785326224e-02	7.769216155834662851e-02	-7.555910958133252309e-02	8.322579277738276216e-02	-4.575895982856618971e-02	5.621139375370611674e-02	-4.921477124060958525e-02	5.090018456776647382e-02	-2.476877275898480349e-02	3.434156482319642573e-02	-3.663989808740499704e-02	3.636599751280919501e-02	-4.001622502872881348e-02	2.077550857122293163e-02	-2.612019694551361362e-02	2.673049808446845144e-02	-3.675542171510382677e-02	2.543594038394887333e-02	-3.880132090006370438e-02	3.152888693954571803e-02	-2.584469119465841735e-02	2.880106036179302942e-02	-2.645622630579493734e-02	4.313042861165488490e-02
-1.946599128822839864e-01	3.078642730130862204e-01	-6.058988275564892723e-01	2.585855397428017399e-01	-1.911906023174531344e-01	1.812664804563133281e-01	-5.451365622739614558e-01	9.999999999999997780e-01	-3.354931854190700835e-01	1.656615434888801253e-01	-1.065801219655448939e-01	1.305706601064819117e-01	-1.868974603239228482e-01	1.388368569932053320e-01	-1.276029861842862545e-01	8.286178989513731663e-02	-8.990912113431148711e-02	1.223272233369845502e-01	-1.369163171707943605e-01	1.027930120076347986e-01	-7.607107483264602399e-02	8.080770876199713793e-02	-9.585716638885423413e-02	9.608952114784338749e-02	-1.073449093341797139e-01	5.216801840766908949e-02	-6.470886775870791918e-02	5.920334385108244613e-02	-6.197295654030869627e-02	2.972659491093084666e-02	-3.983229158983573465e-02	4.258380001954682054e-02	-4.364776107810829781e-02	4.832255079782472873e-02	-2.494359432391668463e-02	3.051946153182035631e-02	-3.142044089351457570e-02	4.336150172155124605e-02	-3.021329140739380248e-02	4.602295811402461884e-02	-3.689640245854793055e-02	3.041742530899559788e-02	-3.398349571559835386e-02	3.137317710436608731e-02	-5.106479463155844806e-02
1.189611779735442881e-01	-2.020445266385384187e-01	2.572845425719944012e-01	-5.841511767190655791e-01	2.997362203259091862e-01	-1.227779365015604779e-01	1.760253686989108057e-01	-3.354931854190700835e-01	9.999999999999995559e-01	-4.756470074827329753e-01	7.988121490576433059e-02	-1.047590862536095374e-01	1.506952300305083037e-01	-3.379618025849190355e-01	2.043962055815815582e-01	-7.404015683453930852e-02	8.028151904452329735e-02	-1.242171149933212065e-01	2.064804632352559288e-01	-1.631397532129093275e-01	8.128962109244923517e-02	-8.806697380346280302e-02	1.072260493738493303e-01	-1.256617223112755088e-01	1.387320932508457616e-01	-5.731547101838064401e-02	7.110517095312769709e-02	-6.953224516706556224e-02	7.380827418320147493e-02	-3.575356694660762613e-02	4.480304933516846000e-02	-4.831931501322909994e-02	5.104562125096932801e-02	-5.776710198327209694e-02	2.985962003455389438e-02	-3.495985687615812965e-02	3.631636219951911437e-02	-5.065167655541195912e-02	3.567878140234500423e-02	-5.492984672790476863e-02	4.219467483388454621e-02	-3.538796897699969524e-02	3.955869386897804818e-02	-3.710402556060123092e-02	6.029579379213816093e-02
-8.049176598977800245e-02	1.216075345578893491e-01	-1.758611017684346689e-01	2.924405805750156517e-01	-7.649511013718697239e-01	7.862728842768691717e-02	-1.126332407466402175e-01	1.656615434888801253e-01	-4.756470074827329753e-01	1.000000000000000000e+00	-5.521037164229926353e-02	7.128208813278402722e-02	-1.122378796830803133e-01	1.782185961283253850e-01	-2.196576082071145242e-01	5.285954857259812095e-02	-5.838510010303969017e-02	8.989915647643337282e-02	-1.580515551547780895e-01	1.402888016656346770e-01	-6.206523127235736431e-02	6.633675213449537200e-02	-8.240075789011380714e-02	9.671496739855703351e-02	-1.156203515249490527e-01	4.355526650237991071e-02	-5.449815307367238126e-02	5.315786738602491096e-02	-5.728444945760589185e-02	2.739881536009840593e-02	-3.421595167806532750e-02	3.677432063548018160e-02	-3.922696457832253875e-02	4.433439978348115151e-02	-2.294003345693938420e-02	2.663341706255542216e-02	-2.768915925718702653e-02	3.852273047022888169e-02	-2.721430498879587323e-02	4.167153847286427654e-02	-3.223843874240413937e-02	2.693634591074463291e-02	-3.018453988149538345e-02	2.823355274476928994e-02	-4.594258865783880375e-02
2.154202725954570130e-01	-1.281407494863179564e-01	9.675085059527946396e-02	-7.358598090690685045e-02	5.809096788511629306e-02	-3.250260201674308180e-01	1.409073697933860281e-01	-1.065801219655448939e-01	7.988121490576433059e-02	-5.521037164229926353e-02	1.000000000000001110e+00	-7.549893762276007614e-01	1.377087659481270043e-01	-7.008685806763401138e-02	7.085667124766256708e-02	-4.315627616310591108e-01	2.674708656028928488e-01	-1.182683120270779931e-01	8.235672961991678809e-02	-6.619364528866748809e-02	1.135551331668939040e-01	-1.150007694562674571e-01	1.003040500475705643e-01	-8.300847944444085524e-02	8.604978070031338300e-02	-7.030960268779365419e-02	8.182580275953496574e-02	-6.039894841255384617e-02	6.021586062933753647e-02	-2.829843773584029415e-02	4.662868247258721011e-02	-4.905832838683844149e-02	4.450065282950542433e-02	-4.745501055853813821e-02	2.386053031828304360e-02	-3.348100581673767867e-02	3.335594242021530653e-02	-4.476802851893425805e-02	2.995072007704966885e-02	-4.432892072860227656e-02	3.996874650066599421e-02	-3.164486047444708960e-02	3.492190860795401502e-02	-3.104650377912659964e-02	4.947486675576467235e-02
-2.679941888318839727e-01	1.504731669220215895e-01	-1.247285849430752602e-01	9.335434574250683903e-02	-7.615945705342035132e-02	2.378915562810961226e-01	-1.851961971174898025e-01	1.305706601064819117e-01	-1.047590862536095374e-01	7.128208813278402722e-02	-7.549893762276007614e-01	9.999999999999997780e-01	-2.004600437035096994e-01	9.176928409453855018e-02	-9.448986378885212978e-02	2.820380426981245470e-01	-3.715356172139790414e-01	1.521685341235233246e-01	-1.098949351947222791e-01	8.672289567931010246e-02	-1.453631381955872992e-01	1.419408225300268500e-01	-1.330663517541929852e-01	1.077902017392542711e-01	-1.153733785518298582e-01	8.798313525849038585e-02	-1.082868729184365969e-01	7.780958894169701101e-02	-7.900392250781711201e-02	3.623995603423824097e-02	-6.061943186332943712e-02	6.287519621243652101e-02	-5.791135781101550833e-02	6.123738792054538721e-02	-3.069549491392754501e-02	4.312713119917436361e-02	-4.299172894605103601e-02	5.723444360253555907e-02	-3.841403923173440649e-02	5.618250035711539608e-02	-5.200827682133085661e-02	4.059891117122212123e-02	-4.504365913559733869e-02	3.964783558418435994e-02	-6.343298181176632022e-02
1.142560414491428089e-01	-1.253160793073573032e-01	1.355942481234398977e-01	-1.360277201965553739e-01	1.058754503514051787e-01	-1.181936885782075702e-01	1.267340462123524303e-01	-1.868974603239228482e-01	1.506952300305083037e-01	-1.122378796830803133e-01	1.377087659481270043e-01	-2.004600437035096994e-01	9.999999999999994449e-01	-2.138772798625449278e-01	1.751548015700066796e-01	-1.799920288770635868e-01	1.937177953653747842e-01	-7.027895183483735542e-01	2.275771163853380352e-01	-1.823472498641849904e-01	1.825283959993212468e-01	-2.292616951599012742e-01	2.741584902410030278e-01	-2.416830573181786845e-01	2.120445071878857835e-01	-1.324364529648204558e-01	1.559509588420284476e-01	-1.582262922658682902e-01	1.511343626911412497e-01	-7.557513474085619798e-02	9.840544529472686208e-02	-1.081805519774240165e-01	1.112627820663376621e-01	-1.239689974250897803e-01	6.269082999411644541e-02	-7.702507989358292617e-02	7.960255255923187612e-02	-1.121212349998088470e-01	7.726001078327499050e-02	-1.202876611341320845e-01	9.128870986012800615e-02	-7.773002470824211252e-02	8.582936941276758658e-02	-8.099282536393767606e-02	1.292430207042822854e-01
-7.815959973552094597e-02	1.025544792683422829e-01	-1.261963824479437613e-01	1.840725051412633595e-01	-1.532993442891110170e-01	7.809631115377869970e-02	-9.656412841029940464e-02	1.388368569932053320e-01	-3.379618025849190355e-01	1.782185961283253850e-01	-7.008685806763401138e-02	9.176928409453855018e-02	-2.138772798625449278e-01	9.999999999999996669e-01	-5.022068088998437041e-01	7.996185906433657398e-02	-9.142692277900356379e-02	1.790776855460165518e-01	-6.579489911401716906e-01	2.786091068674318438e-01	-1.064843628197117142e-01	1.177801530961403997e-01	-1.605449022513451840e-01	2.055245862473007168e-01	-2.306577664794397520e-01	7.438212378062146468e-02	-9.282576399475322981e-02	9.522371922888332729e-02	-1.053042763699348211e-01	4.740106819979784947e-02	-5.759686115420625113e-02	6.207568983365467641e-02	-6.956272360323553783e-02	7.945846372870606078e-02	-3.972708332178501861e-02	4.460862351574407247e-02	-4.663414217072395923e-02	6.504133784160980036e-02	-4.617004618515494624e-02	6.972643562456833088e-02	-5.377255732163432195e-02	4.519293116317243258e-02	-5.068771856514707463e-02	4.765499970141653940e-02	-7.607448568374924891e-02
7.669230159395805380e-02	-9.920998977340143854e-02	1.141048851687306853e-01	-1.709050015200174466e-01	1.569892860185315986e-01	-7.797585353095290439e-02	9.005998467899387072e-02	-1.276029861842862545e-01	2.043962055815815582e-01	-2.196576082071145242e-01	7.085667124766256708e-02	-9.448986378885212978e-02	1.751548015700066796e-01	-5.022068088998437041e-01	1.000000000000000444e+00	-8.192703736560492944e-02	9.115953208100832650e-02	-1.612943311477701980e-01	2.998749881187087185e-01	-6.617996596673948462e-01	1.115282287337554662e-01	-1.259844123878376410e-01	1.562210520464835939e-01	-2.224411023953954125e-01	2.610065943143177747e-01	-8.126697985663688950e-02	1.000339755024117760e-01	-1.068129560469045086e-01	1.138547302020899293e-01	-5.632388420154081643e-02	6.461251867343524580e-02	-7.061292079320796722e-02	7.743110439093466024e-02	-9.053184486686251253e-02	4.660683082507727920e-02	-5.141655475808774856e-02	5.397770277035941061e-02	-7.637575370049569379e-02	5.443599868748009996e-02	-8.490066252521104306e-02	6.168160280657300487e-02	-5.298241096819451129e-02	5.913618260091400847e-02	-5.672049169398325763e-02	9.115105047903748758e-02
-1.357484978502153383e-01	8.674544712484895392e-02	-7.626933892173058671e-02	6.529695153330251911e-02	-5.371281560875647981e-02	1.417583293449403148e-01	-9.370028079701971102e-02	8.286178989513731663e-02	-7.404015683453930852e-02	5.285954857259812095e-02	-4.315627616310591108e-01	2.820380426981245470e-01	-1.799920288770635868e-01	7.996185906433657398e-02	-8.192703736560492944e-02	9.999999999999973355e-01	-7.793455660855661549e-01	1.659569763198788517e-01	-1.006605885772210718e-01	7.895774681707808107e-02	-2.060318644556092260e-01	1.840131599394082829e-01	-1.473552086383038695e-01	1.090262498938225771e-01	-1.092572126047351572e-01	1.072234056705951150e-01	-1.230885266387045651e-01	8.060228706719949066e-02	-7.920581651892019681e-02	3.555302520664390536e-02	-6.546408647820524396e-02	6.761200017459267908e-02	-5.922125638789907387e-02	6.182612171566560788e-02	-3.010203199540082905e-02	4.475374271641809759e-02	-4.391165768815647602e-02	5.791031742206509403e-02	-3.803381578860541568e-02	5.488021258180049433e-02	-5.303522848832984554e-02	4.103452213506506019e-02	-4.502963692938868195e-02	3.924376040073732086e-02	-6.116161885267341891e-02
1.240062150369738436e-01	-9.155723161006011634e-02	8.004764449207316113e-02	-7.162497486989019557e-02	5.821647202647855374e-02	-1.400194726905284737e-01	9.592125604469063649e-02	-8.990912113431148711e-02	8.028151904452329735e-02	-5.838510010303969017e-02	2.674708656028928488e-01	-3.715356172139790414e-01	1.937177953653747842e-01	-9.142692277900356379e-02	9.115953208100832650e-02	-7.793455660855661549e-01	9.999999999999983347e-01	-2.370007206532722954e-01	1.135841617194650877e-01	-9.035517736513597187e-02	1.902310775427888956e-01	-2.554045388228058377e-01	1.704713377812380193e-01	-1.287763757337963832e-01	1.217529691826335497e-01	-1.154682675547293313e-01	1.287718086519367700e-01	-9.279152825860102760e-02	8.937138945967054715e-02	-4.106232304398137883e-02	7.088614510074102426e-02	-7.509180832011785878e-02	6.697471745785699149e-02	-7.096553550003004140e-02	3.458551791633932698e-02	-4.992348165368701296e-02	4.935807962442353980e-02	-6.610178346486197953e-02	4.359318742605208796e-02	-6.386508853634358107e-02	5.874512740208952255e-02	-4.653342372137760086e-02	5.095829540760121734e-02	-4.516682570691796239e-02	7.037764280011611639e-02
-9.091917447826204646e-02	9.253454314093938204e-02	-1.037315334255067695e-01	1.042385219238457367e-01	-8.580207859723248953e-02	9.124570678541425728e-02	-9.612233126872647693e-02	1.223272233369845502e-01	-1.242171149933212065e-01	8.989915647643337282e-02	-1.182683120270779931e-01	1.521685341235233246e-01	-7.027895183483735542e-01	1.790776855460165518e-01	-1.612943311477701980e-01	1.659569763198788517e-01	-2.370007206532722954e-01	9.999999999999995559e-01	-2.732282023628965772e-01	1.621630597815482411e-01	-1.882067260994325641e-01	2.208686611133425237e-01	-4.588524505716109481e-01	2.340556690551492125e-01	-2.143555216309432909e-01	1.203143391669076051e-01	-1.485079111804671892e-01	1.402281086603228699e-01	-1.399294800437771158e-01	5.983477938914025934e-02	-8.528701061693831631e-02	9.085992269775207408e-02	-1.006903581013891685e-01	1.061739148625667900e-01	-5.048146758574691140e-02	6.299852757302941419e-02	-6.484807386168971177e-02	8.887249685872941618e-02	-6.108088411681845270e-02	8.962800917136812262e-02	-7.533287318304199287e-02	6.171570361142947325e-02	-6.880095193552279720e-02	6.284072270877377742e-02	-9.815688120178268916e-02
8.355816820204949036e-02	-1.051955141516173614e-01	1.185786808624095107e-01	-1.722912672264340916e-01	1.305386234708107440e-01	-8.539955339980503934e-02	9.643036165560238404e-02	-1.369163171707943605e-01	2.064804632352559288e-01	-1.580515551547780895e-01	8.235672961991678809e-02	-1.098949351947222791e-01	2.275771163853380352e-01	-6.579489911401716906e-01	2.998749881187087185e-01	-1.006605885772210718e-01	1.135841617194650877e-01	-2.732282023628965772e-01	9.999999999999974465e-01	-3.899420009545994659e-01	1.332892691144810515e-01	-1.566912601060453103e-01	2.100238940598827819e-01	-3.518465839644961402e-01	2.640742540405202621e-01	-9.522135528581233965e-02	1.166402861933918955e-01	-1.270146287053754430e-01	1.369206239191948504e-01	-6.191328189402396653e-02	7.336795161518615271e-02	-7.996201519586898510e-02	9.068675550109470129e-02	-1.063643389195965822e-01	5.143930765670649830e-02	-5.740745617975178544e-02	6.023922962402898651e-02	-8.483711407969031504e-02	6.020717377100689299e-02	-9.151581400356310902e-02	6.873333171785561690e-02	-5.860118622030860425e-02	6.548080239271238112e-02	-6.233933427926023618e-02	9.832813609964938251e-02
-6.770384225043353521e-02	8.114065672663953177e-02	-9.473794487327996672e-02	1.266499174381857107e-01	-1.258212126911809892e-01	6.749059855781769368e-02	-7.661533207481698027e-02	1.027930120076347986e-01	-1.631397532129093275e-01	1.402888016656346770e-01	-6.619364528866748809e-02	8.672289567931010246e-02	-1.823472498641849904e-01	2.786091068674318438e-01	-6.617996596673948462e-01	7.895774681707808107e-02	-9.035517736513597187e-02	1.621630597815482411e-01	-3.899420009545994659e-01	9.999999999999976685e-01	-1.157882941212100975e-01	1.273388205839476595e-01	-1.735107384036734812e-01	2.426231683748701629e-01	-4.969227061136088364e-01	8.148749982251814183e-02	-1.022109425160318136e-01	1.073357724161430327e-01	-1.209724635625997052e-01	5.620215696812250195e-02	-6.383084444268001534e-02	6.885382527157740684e-02	-7.862007910759633011e-02	9.083518355805235422e-02	-4.714630456573473682e-02	4.966961611735040694e-02	-5.216402335552612624e-02	7.291253618434587191e-02	-5.232660622272358036e-02	7.915042137165104186e-02	-5.994365467325984964e-02	5.062081644779385659e-02	-5.692640807581116069e-02	5.386297032682271779e-02	-8.618798671485790319e-02
7.558097413057865421e-02	-6.796658878719660790e-02	6.796092232217239293e-02	-7.097264092455882190e-02	5.957439175942585291e-02	-7.887297183448536975e-02	6.762387805037822774e-02	-7.607107483264602399e-02	8.128962109244923517e-02	-6.206523127235736431e-02	1.135551331668939040e-01	-1.453631381955872992e-01	1.825283959993212468e-01	-1.064843628197117142e-01	1.115282287337554662e-01	-2.060318644556092260e-01	1.902310775427888956e-01	-1.882067260994325641e-01	1.332892691144810515e-01	-1.157882941212100975e-01	9.999999999999994449e-01	-6.214540043139653580e-01	2.424410300552037878e-01	-1.920464874099652719e-01	1.642447895016507786e-01	-5.125222527102388792e-01	2.964134521579868675e-01	-1.650372172872875964e-01	1.438070069038073773e-01	-6.710779844098271885e-02	1.621166134558033323e-01	-1.726410338676453993e-01	1.157390010188863450e-01	-1.204294384323135042e-01	5.637795929912525761e-02	-1.031776972574760254e-01	9.466061562662209106e-02	-1.225583534427700932e-01	7.467519640875945608e-02	-1.063559669552725379e-01	1.124217896323291832e-01	-8.694992348407562521e-02	9.127389831701823719e-02	-7.782121424058309478e-02	1.146283535169760615e-01
-7.752351163721406258e-02	7.011721890842786964e-02	-7.235486923126505099e-02	7.510332466615200764e-02	-6.387366606661633306e-02	7.882238341692293648e-02	-7.076163432785326224e-02	8.080770876199713793e-02	-8.806697380346280302e-02	6.633675213449537200e-02	-1.150007694562674571e-01	1.419408225300268500e-01	-2.292616951599012742e-01	1.177801530961403997e-01	-1.259844123878376410e-01	1.840131599394082829e-01	-2.554045388228058377e-01	2.208686611133425237e-01	-1.566912601060453103e-01	1.273388205839476595e-01	-6.214540043139653580e-01	1.000000000000001110e+00	-4.810983710123082346e-01	2.190653400210348101e-01	-2.010902251044120737e-01	2.529751464224457846e-01	-3.297496494922260712e-01	1.642702650164007960e-01	-1.551942092432170850e-01	6.370351991834770355e-02	-1.396207377605892253e-01	1.411939972936538390e-01	-1.189347162834860222e-01	1.183968999367545211e-01	-5.425835860600998484e-02	8.787288895422351587e-02	-8.450097370190677581e-02	1.084592774218382377e-01	-6.919012185290211725e-02	9.575919598770783747e-02	-1.026343741089174033e-01	7.697964240257129664e-02	-8.357964796397183982e-02	7.083508616846449779e-02	-1.057946884816511057e-01
7.840395152533334577e-02	-7.890879037773673721e-02	8.357654939386774395e-02	-9.240128588657674225e-02	7.689279111358084118e-02	-8.015083624502665482e-02	7.769216155834662851e-02	-9.585716638885423413e-02	1.072260493738493303e-01	-8.240075789011380714e-02	1.003040500475705643e-01	-1.330663517541929852e-01	2.741584902410030278e-01	-1.605449022513451840e-01	1.562210520464835939e-01	-1.473552086383038695e-01	1.704713377812380193e-01	-4.588524505716109481e-01	2.100238940598827819e-01	-1.735107384036734812e-01	2.424410300552037878e-01	-4.810983710123082346e-01	1.000000000000000444e+00	-4.946701876196789027e-01	2.533751205518763316e-01	-1.642053025217486972e-01	1.896170397126092644e-01	-2.321603768515729527e-01	1.914482087604059690e-01	-7.713004881349748432e-02	1.080267956303964938e-01	-1.178814443963137060e-01	1.418068425099404672e-01	-1.494535948943855330e-01	6.466753166122303498e-02	-7.989688854120925721e-02	8.282610386544619896e-02	-1.150192929200900688e-01	7.823443839911382869e-02	-1.127487199988730648e-01	9.395193927347009200e-02	-7.843581632080307009e-02	8.704970870137229699e-02	-8.028212469018691788e-02	1.207925615018319437e-01
-7.249422072094488523e-02	7.775659281470785611e-02	-8.605507006660979841e-02	1.027127467845537073e-01	-8.884191854965134416e-02	7.264041026908386878e-02	-7.555910958133252309e-02	9.608952114784338749e-02	-1.256617223112755088e-01	9.671496739855703351e-02	-8.300847944444085524e-02	1.077902017392542711e-01	-2.416830573181786845e-01	2.055245862473007168e-01	-2.224411023953954125e-01	1.090262498938225771e-01	-1.287763757337963832e-01	2.340556690551492125e-01	-3.518465839644961402e-01	2.426231683748701629e-01	-1.920464874099652719e-01	2.190653400210348101e-01	-4.946701876196789027e-01	9.999999999999978906e-01	-5.845067111537824989e-01	1.271064286722400349e-01	-1.613844687362488706e-01	1.886412227583207368e-01	-2.750925671180108889e-01	8.301431112669099832e-02	-9.495126607340920177e-02	1.017676784382828270e-01	-1.365872828322549359e-01	1.614533875112679762e-01	-7.020292660508740956e-02	7.154474720060331749e-02	-7.611668667097615248e-02	1.057464401474691451e-01	-7.695018700533051703e-02	1.082628154657541836e-01	-8.607676658608320874e-02	7.236511385081671743e-02	-8.206770310388103451e-02	7.745414033097505757e-02	-1.169301554865060377e-01
7.941064282900622828e-02	-8.830139091400622531e-02	9.562143054717485435e-02	-1.201597470096317372e-01	1.019475809199935357e-01	-8.063624319534076768e-02	8.322579277738276216e-02	-1.073449093341797139e-01	1.387320932508457616e-01	-1.156203515249490527e-01	8.604978070031338300e-02	-1.153733785518298582e-01	2.120445071878857835e-01	-2.306577664794397520e-01	2.610065943143177747e-01	-1.092572126047351572e-01	1.217529691826335497e-01	-2.143555216309432909e-01	2.640742540405202621e-01	-4.969227061136088364e-01	1.642447895016507786e-01	-2.010902251044120737e-01	2.533751205518763316e-01	-5.845067111537824989e-01	9.999999999999992228e-01	-1.223538004219544700e-01	1.480086927303737310e-01	-1.752444547986775625e-01	1.885681977046265168e-01	-9.644995429591034231e-02	9.620648627362943239e-02	-1.063291720576202831e-01	1.235142363032251112e-01	-1.513383754080684929e-01	7.774306561468864729e-02	-7.698620955698760870e-02	8.157728881291760603e-02	-1.165663809321476202e-01	8.418835211257436058e-02	-1.309000710909393739e-01	9.169300131626119399e-02	-8.005713461329812264e-02	8.937356797759440918e-02	-8.732023922861752163e-02	1.371127789456925428e-01
-5.022717738905953938e-02	4.582007566198220694e-02	-4.709720563703691243e-02	4.925641312315747616e-02	-4.212595801786706007e-02	5.089348492686898012e-02	-4.575895982856618971e-02	5.216801840766908949e-02	-5.731547101838064401e-02	4.355526650237991071e-02	-7.030960268779365419e-02	8.798313525849038585e-02	-1.324364529648204558e-01	7.438212378062146468e-02	-8.126697985663688950e-02	1.072234056705951150e-01	-1.154682675547293313e-01	1.203143391669076051e-01	-9.522135528581233965e-02	8.148749982251814183e-02	-5.125222527102388792e-01	2.529751464224457846e-01	-1.642053025217486972e-01	1.271064286722400349e-01	-1.223538004219544700e-01	9.999999999999998890e-01	-7.038577328682313894e-01	1.536868806253319508e-01	-1.305460589885116540e-01	5.508556013186278327e-02	-2.892750201647970032e-01	2.262934642255470530e-01	-1.149537534814047135e-01	1.059332202143847962e-01	-4.727144070428754286e-02	1.245685507891736987e-01	-1.055247644630465803e-01	1.209545201928701325e-01	-6.735065589129549113e-02	8.647669108589879639e-02	-1.347041557825891800e-01	8.948030091285542886e-02	-9.161193960862740182e-02	6.918358835872089052e-02	-9.628452281580243688e-02
6.095137657766939304e-02	-5.687947338974089218e-02	5.815754681005518012e-02	-6.169084260897199357e-02	5.240488188871188224e-02	-6.238752209001417748e-02	5.621139375370611674e-02	-6.470886775870791918e-02	7.110517095312769709e-02	-5.449815307367238126e-02	8.182580275953496574e-02	-1.082868729184365969e-01	1.559509588420284476e-01	-9.282576399475322981e-02	1.000339755024117760e-01	-1.230885266387045651e-01	1.287718086519367700e-01	-1.485079111804671892e-01	1.166402861933918955e-01	-1.022109425160318136e-01	2.964134521579868675e-01	-3.297496494922260712e-01	1.896170397126092644e-01	-1.613844687362488706e-01	1.480086927303737310e-01	-7.038577328682313894e-01	9.999999999999996669e-01	-2.413033357876243623e-01	1.665406998994726773e-01	-7.297600479547027008e-02	2.365920158679510610e-01	-3.205257306247604188e-01	1.515083184506707537e-01	-1.435894654225478295e-01	6.196133771691396397e-02	-1.390610239231801215e-01	1.279479792535984095e-01	-1.565538616157342577e-01	8.691469827009754012e-02	-1.151791810410430772e-01	1.474932044946349330e-01	-1.114346789225548195e-01	1.131134993789627979e-01	-8.998498820194800185e-02	1.246268116340311094e-01
-5.033389403741098805e-02	4.970770601440257369e-02	-5.358383045573301973e-02	5.851343303964354203e-02	-5.093373089497790079e-02	4.995530059150066204e-02	-4.921477124060958525e-02	5.920334385108244613e-02	-6.953224516706556224e-02	5.315786738602491096e-02	-6.039894841255384617e-02	7.780958894169701101e-02	-1.582262922658682902e-01	9.522371922888332729e-02	-1.068129560469045086e-01	8.060228706719949066e-02	-9.279152825860102760e-02	1.402281086603228699e-01	-1.270146287053754430e-01	1.073357724161430327e-01	-1.650372172872875964e-01	1.642702650164007960e-01	-2.321603768515729527e-01	1.886412227583207368e-01	-1.752444547986775625e-01	1.536868806253319508e-01	-2.413033357876243623e-01	1.000000000000001110e+00	-5.238600531134617322e-01	1.125541334472120458e-01	-1.363993589825147346e-01	1.489763565956066793e-01	-6.436924517662875322e-01	3.205967984265730708e-01	-1.025019178784219720e-01	1.034708109201277204e-01	-1.289842392549004069e-01	1.773856322322154289e-01	-1.222789797183645305e-01	1.360492452389872875e-01	-1.286784208304947719e-01	1.097439340425171717e-01	-1.344696926640163714e-01	1.142559416175798481e-01	-1.543228007363677823e-01
5.155534517959229485e-02	-5.210240094485743545e-02	5.585993372819046676e-02	-6.280571825472062997e-02	5.406227655888984351e-02	-5.153033236266028883e-02	5.090018456776647382e-02	-6.197295654030869627e-02	7.380827418320147493e-02	-5.728444945760589185e-02	6.021586062933753647e-02	-7.900392250781711201e-02	1.511343626911412497e-01	-1.053042763699348211e-01	1.138547302020899293e-01	-7.920581651892019681e-02	8.937138945967054715e-02	-1.399294800437771158e-01	1.369206239191948504e-01	-1.209724635625997052e-01	1.438070069038073773e-01	-1.551942092432170850e-01	1.914482087604059690e-01	-2.750925671180108889e-01	1.885681977046265168e-01	-1.305460589885116540e-01	1.665406998994726773e-01	-5.238600531134617322e-01	9.999999999999994449e-01	-1.880987949217532984e-01	1.164222804715680237e-01	-1.331710077648432800e-01	3.131180901623418222e-01	-6.246887337423857600e-01	1.433740120120706729e-01	-9.600009806156868664e-02	1.150463587068172588e-01	-1.727298486184156157e-01	1.457499416528311997e-01	-1.753314442358310798e-01	1.151868751043038930e-01	-1.092909062827476796e-01	1.280728024824371036e-01	-1.409318895502965352e-01	1.713775784042490535e-01
-2.523684611258550370e-02	2.501257065989665948e-02	-2.735516233448870640e-02	2.983703288924106911e-02	-2.658113517909762094e-02	2.458472901176382563e-02	-2.476877275898480349e-02	2.972659491093084666e-02	-3.575356694660762613e-02	2.739881536009840593e-02	-2.829843773584029415e-02	3.623995603423824097e-02	-7.557513474085619798e-02	4.740106819979784947e-02	-5.632388420154081643e-02	3.555302520664390536e-02	-4.106232304398137883e-02	5.983477938914025934e-02	-6.191328189402396653e-02	5.620215696812250195e-02	-6.710779844098271885e-02	6.370351991834770355e-02	-7.713004881349748432e-02	8.301431112669099832e-02	-9.644995429591034231e-02	5.508556013186278327e-02	-7.297600479547027008e-02	1.125541334472120458e-01	-1.880987949217532984e-01	1.000000000000001110e+00	-5.766430177522054168e-02	6.205586029779606994e-02	-9.763806765344423821e-02	1.321530738538642946e-01	-8.894945401054640266e-01	5.218750964922648505e-02	-6.326488227110689533e-02	8.956347976070284933e-02	-1.220617227525654103e-01	2.405929124886558856e-01	-6.597980407085146659e-02	6.640310687870577822e-02	-8.538075735305034053e-02	1.038834776233726886e-01	-2.712097662550224664e-01
3.675588501621943754e-02	-3.465249456005322498e-02	3.618825238402118699e-02	-3.836896031446639793e-02	3.320749679650687736e-02	-3.688191472051716852e-02	3.434156482319642573e-02	-3.983229158983573465e-02	4.480304933516846000e-02	-3.421595167806532750e-02	4.662868247258721011e-02	-6.061943186332943712e-02	9.840544529472686208e-02	-5.759686115420625113e-02	6.461251867343524580e-02	-6.546408647820524396e-02	7.088614510074102426e-02	-8.528701061693831631e-02	7.336795161518615271e-02	-6.383084444268001534e-02	1.621166134558033323e-01	-1.396207377605892253e-01	1.080267956303964938e-01	-9.495126607340920177e-02	9.620648627362943239e-02	-2.892750201647970032e-01	2.365920158679510610e-01	-1.363993589825147346e-01	1.164222804715680237e-01	-5.766430177522054168e-02	9.999999999999992228e-01	-7.639206009273133979e-01	1.212088996985374451e-01	-1.122430667333832455e-01	4.970869191522388902e-02	-3.889862315531044112e-01	2.116056303748011513e-01	-2.112068126890346842e-01	8.882959933141608422e-02	-9.978376094753804715e-02	2.583657306563689748e-01	-1.666016460265242471e-01	1.457385165725306742e-01	-9.329350136346599431e-02	1.107324153329243277e-01
-3.905672852225552938e-02	3.682742016141952318e-02	-3.883182968873846036e-02	4.106889220876678431e-02	-3.581295152344143168e-02	3.885580568060118672e-02	-3.663989808740499704e-02	4.258380001954682054e-02	-4.831931501322909994e-02	3.677432063548018160e-02	-4.905832838683844149e-02	6.287519621243652101e-02	-1.081805519774240165e-01	6.207568983365467641e-02	-7.061292079320796722e-02	6.761200017459267908e-02	-7.509180832011785878e-02	9.085992269775207408e-02	-7.996201519586898510e-02	6.885382527157740684e-02	-1.726410338676453993e-01	1.411939972936538390e-01	-1.178814443963137060e-01	1.017676784382828270e-01	-1.063291720576202831e-01	2.262934642255470530e-01	-3.205257306247604188e-01	1.489763565956066793e-01	-1.331710077648432800e-01	6.205586029779606994e-02	-7.639206009273133979e-01	1.000000000000000222e+00	-1.487364425672262347e-01	1.229651518949203270e-01	-5.421735353776872823e-02	2.611296735091636068e-01	-2.764241525083108719e-01	2.116133894723331021e-01	-9.873106570461258336e-02	1.059872751866862695e-01	-3.098985140944699457e-01	1.749785005464503107e-01	-1.701560665093633240e-01	1.007365074487312495e-01	-1.238986323052135435e-01
3.735990180054202248e-02	-3.690296282699992436e-02	3.950508378493550188e-02	-4.328134026876816198e-02	3.754433730491792132e-02	-3.719435573194181804e-02	3.636599751280919501e-02	-4.364776107810829781e-02	5.104562125096932801e-02	-3.922696457832253875e-02	4.450065282950542433e-02	-5.791135781101550833e-02	1.112627820663376621e-01	-6.956272360323553783e-02	7.743110439093466024e-02	-5.922125638789907387e-02	6.697471745785699149e-02	-1.006903581013891685e-01	9.068675550109470129e-02	-7.862007910759633011e-02	1.157390010188863450e-01	-1.189347162834860222e-01	1.418068425099404672e-01	-1.365872828322549359e-01	1.235142363032251112e-01	-1.149537534814047135e-01	1.515083184506707537e-01	-6.436924517662875322e-01	3.131180901623418222e-01	-9.763806765344423821e-02	1.212088996985374451e-01	-1.487364425672262347e-01	1.000000000000002665e+00	-6.100105161468327708e-01	8.754680317939167455e-02	-9.744449767248841709e-02	1.318814490344295265e-01	-2.290492492914162903e-01	1.284901057217307518e-01	-1.264952252929565091e-01	1.175489494505642663e-01	-1.097938549534554775e-01	1.318827818784626960e-01	-1.207675291775319459e-01	1.325123603218327784e-01
-4.069334481312646135e-02	4.056181209427472956e-02	-4.393241049426633432e-02	4.846549895466688296e-02	-4.245083785786842728e-02	4.022315612898174492e-02	-4.001622502872881348e-02	4.832255079782472873e-02	-5.776710198327209694e-02	4.433439978348115151e-02	-4.745501055853813821e-02	6.123738792054538721e-02	-1.239689974250897803e-01	7.945846372870606078e-02	-9.053184486686251253e-02	6.182612171566560788e-02	-7.096553550003004140e-02	1.061739148625667900e-01	-1.063643389195965822e-01	9.083518355805235422e-02	-1.204294384323135042e-01	1.183968999367545211e-01	-1.494535948943855330e-01	1.614533875112679762e-01	-1.513383754080684929e-01	1.059332202143847962e-01	-1.435894654225478295e-01	3.205967984265730708e-01	-6.246887337423857600e-01	1.321530738538642946e-01	-1.122430667333832455e-01	1.229651518949203270e-01	-6.100105161468327708e-01	1.000000000000002887e+00	-1.302872464476462488e-01	9.194902405836380410e-02	-1.203385220558586405e-01	1.713875862790055771e-01	-1.856238324008215312e-01	1.511571373487294589e-01	-1.152151104410732707e-01	1.073798279715282022e-01	-1.360094307856298257e-01	1.445115287476992083e-01	-1.615583790439446554e-01
