1.000000000000000000e+00	-1.451599110780769364e-01	4.481006823610247242e-02	-2.986176862128130105e-02	3.984186452968917214e-02	-9.640305327284295345e-01	1.260527111039313475e-01	-4.749075399966896233e-02	3.386144794910153633e-02	-2.483685759213418928e-02	1.141537599456941970e-01	-1.150213182034142967e-01	5.515541200777282493e-02	-2.779853438103434965e-02	2.747702202691176473e-02	-3.517682207151145296e-02	3.973349485181176810e-02	-5.358804971356206232e-02	2.289778356974080803e-02	-2.707701170659726833e-02	3.539564333496996590e-02	-4.462864024215325298e-02	3.951366317579224630e-02	-3.028142327539395245e-02	2.579383667109204012e-02	-2.012217084211622917e-02	3.665046457684806996e-02	-2.911193907508895229e-02	2.602967995934224801e-02	-2.604172621022666709e-02	1.778719851145991321e-02	-2.532581967324929600e-02	1.909869451393181317e-02	-2.590141167455180943e-02	2.596647284488682456e-02	-1.123537236805597153e-02	1.468916180630220995e-02	-1.702647030318485064e-02	1.500422854342088087e-02	-1.338442979075294727e-02	1.037209903021231797e-02	-1.321532755220296458e-02	1.836221462666390997e-02	-1.352791513118294098e-02	1.436680581875793283e-02
-1.451599110780769364e-01	9.999999999999998890e-01	-1.123789797244305888e-01	5.111346285230115166e-02	-5.595239688376919818e-02	1.244029799270190695e-01	-9.662109948603253562e-01	1.012680737198496800e-01	-4.614656315535857478e-02	3.095386680800437523e-02	-6.292808994458737315e-02	6.386833344269371437e-02	-5.511816000888494077e-02	2.811577948946249184e-02	-2.962570522545989252e-02	1.950452800126323619e-02	-2.789210947607662777e-02	4.908804783168378011e-02	-2.185351123732189038e-02	2.547177687215937750e-02	-2.104090236074665499e-02	2.982345804759845703e-02	-3.413646895269447507e-02	2.662980723869646030e-02	-2.294687932835268174e-02	1.546439819571717757e-02	-2.988376037904927340e-02	2.457868740593725440e-02	-2.211314465411339317e-02	2.225649773414832208e-02	-1.373579761943221830e-02	2.052604836206160799e-02	-1.559898354791797864e-02	2.139045307480743133e-02	-2.162027077898992511e-02	9.043553025390751315e-03	-1.192711509591474518e-02	1.388583873420035260e-02	-1.233323031029236530e-02	1.105305898807712461e-02	-8.340779344279042329e-03	1.073550751566306957e-02	-1.493096999162395883e-02	1.110311211805002987e-02	-1.180466393993206964e-02
4.481006823610247242e-02	-1.123789797244305888e-01	1.000000000000000000e+00	-3.981579641624886090e-01	2.458680434665992953e-01	-4.439773429808490518e-02	1.017227992349128002e-01	-7.879488740454855256e-01	2.104295099169915806e-01	-1.421416727611777564e-01	7.609698487404055467e-02	-8.112198739598880382e-02	2.046701723991842803e-01	-1.145928598471443183e-01	1.191013804252264163e-01	-3.402258651244133292e-02	7.711561479263777386e-02	-2.003505849256334015e-01	8.444818053078018139e-02	-9.946740296729553177e-02	3.600870117474981591e-02	-8.645560344542679854e-02	1.215899850181292596e-01	-9.976335638980021736e-02	8.498153909688010987e-02	-5.143127480671851048e-02	1.026603428076033886e-01	-8.877370066704978746e-02	7.969300166534451502e-02	-8.151996086296396660e-02	4.544639795100893775e-02	-7.259456375713969900e-02	5.512779571756351582e-02	-7.695185731998090140e-02	7.706096146542167069e-02	-3.170217515505362182e-02	4.200867686862665845e-02	-4.930602363501768171e-02	4.384220809036794980e-02	-3.946222653757380100e-02	2.911563405628480802e-02	-3.795242907536733323e-02	5.257258610842233809e-02	-3.954158991529679867e-02	4.187519665236143218e-02
-2.986176862128130105e-02	5.111346285230115166e-02	-3.981579641624886090e-01	1.000000000000000000e+00	-6.487557664422501924e-01	2.924453997608897002e-02	-5.072505344089600632e-02	2.476944769771344812e-01	-5.241711459189315470e-01	2.296792543211863269e-01	-5.153605970223124749e-02	5.167546467146907213e-02	-1.223548616434896180e-01	1.414351477938959045e-01	-1.727636280336015129e-01	2.421815116336474907e-02	-5.218371509692867893e-02	1.144886217361310576e-01	-9.682442843711898395e-02	1.105791033906842608e-01	-2.595604821503843737e-02	5.726122462266981794e-02	-1.032757104492345729e-01	9.376206365377515173e-02	-8.677930754870899488e-02	4.735888826763271636e-02	-9.565655603734246615e-02	7.717045873819217139e-02	-7.498908998759125366e-02	7.812886611280882299e-02	-4.247395531557036918e-02	6.773169521301987406e-02	-5.224794214627628830e-02	7.321639683037951818e-02	-7.523336669685384837e-02	3.022047551422378520e-02	-4.017001638779294642e-02	4.687270015944509927e-02	-4.251021231951249146e-02	3.825893718022837370e-02	-2.787727299365039962e-02	3.632950496423662662e-02	-5.092332041501425322e-02	3.822419905601100176e-02	-4.083757551113006978e-02
3.984186452968917214e-02	-5.595239688376919818e-02	2.458680434665992953e-01	-6.487557664422501924e-01	9.999999999999994449e-01	-3.949289861217736980e-02	5.455581835905518734e-02	-2.822447960900853481e-01	3.164350871915669328e-01	-3.353785823044396208e-01	6.811762391555499507e-02	-6.858212682287152806e-02	1.492620080388673831e-01	-2.186429288492621470e-01	2.198758275575277421e-01	-3.390453896612588558e-02	7.179766905744863759e-02	-1.526224516265642928e-01	1.431486928036211081e-01	-1.729398015433424030e-01	3.620661421940638697e-02	-7.984909859651784236e-02	1.493033248478504438e-01	-1.434019195399316160e-01	1.310292019086420345e-01	-7.452111622042796590e-02	1.448658330202216571e-01	-1.161610517260489306e-01	1.143389424123767706e-01	-1.214718168778113339e-01	6.659433669432963943e-02	-1.068618544752289318e-01	8.205306519908979468e-02	-1.159536831231582771e-01	1.171932057400761062e-01	-4.809258944133753405e-02	6.353578629079616180e-02	-7.430917950738492872e-02	6.714857655596902231e-02	-6.038719101004678264e-02	4.426011570682335944e-02	-5.773421316294889000e-02	8.071855410326213287e-02	-6.061973880789425784e-02	6.447907600669791628e-02
-9.640305327284295345e-01	1.244029799270190695e-01	-4.439773429808490518e-02	2.924453997608897002e-02	-3.949289861217736980e-02	9.999999999999995559e-01	-1.396162809279750672e-01	4.602929969441883068e-02	-3.335189250273026818e-02	2.416673731460671284e-02	-1.333119205269792384e-01	1.082659184702551153e-01	-5.435844948653890951e-02	2.665880020106136186e-02	-2.678670844047417038e-02	3.609589467226203413e-02	-3.847370431546558861e-02	5.079214751531784672e-02	-2.208299898074056813e-02	2.591308930078688871e-02	-3.734670665760978642e-02	4.203861880717203042e-02	-3.839911849209039912e-02	2.897597806366569717e-02	-2.487962398890422935e-02	1.940333178118835641e-02	-3.565884668693206777e-02	2.799071140605962141e-02	-2.508742163879063361e-02	2.494854451330012421e-02	-1.726187751452079588e-02	2.420488041573698804e-02	-1.833243979732606180e-02	2.471620514281354722e-02	-2.501296427776058401e-02	1.076889545535685173e-02	-1.409882587506153251e-02	1.629078838773805049e-02	-1.440399004659498501e-02	1.283963428739827266e-02	-9.965113948406656430e-03	1.265921956588282084e-02	-1.765148940435554495e-02	1.296290720041190850e-02	-1.381103085910731151e-02
1.260527111039313475e-01	-9.662109948603253562e-01	1.017227992349128002e-01	-5.072505344089600632e-02	5.455581835905518734e-02	-1.396162809279750672e-01	1.000000000000000000e+00	-1.118269041670420239e-01	4.549422708413067284e-02	-3.119536809471103525e-02	6.422944550324369284e-02	-7.072535584838515743e-02	5.696048507444761294e-02	-2.888534561724119890e-02	2.991880691410805579e-02	-2.019137635123208901e-02	2.923056427900675575e-02	-5.214239948072835196e-02	2.245066064473339590e-02	-2.630836346494556249e-02	2.155778907268098357e-02	-3.158596251791451204e-02	3.532378904490700994e-02	-2.768331409266743676e-02	2.369222400648933469e-02	-1.609304808573119513e-02	3.088033860611576545e-02	-2.557463888532769680e-02	2.291793729603174012e-02	-2.311459337663702290e-02	1.425487286193424623e-02	-2.136711453980381925e-02	1.620092991659675963e-02	-2.225640500444045836e-02	2.239186207931151418e-02	-9.401872676098233308e-03	1.238684107378277763e-02	-1.443854649106173123e-02	1.279715537680899823e-02	-1.147109454620748835e-02	8.662988633472777644e-03	-1.115700063149692098e-02	1.549043769235428948e-02	-1.153035726630065663e-02	1.224012459752286952e-02
-4.749075399966896233e-02	1.012680737198496800e-01	-7.879488740454855256e-01	2.476944769771344812e-01	-2.822447960900853481e-01	4.602929969441883068e-02	-1.118269041670420239e-01	1.000000000000000000e+00	-2.330382309613537872e-01	1.371007831617673256e-01	-9.145911291816596900e-02	9.283617456531260970e-02	-3.329018666667380444e-01	1.112694764143874609e-01	-1.248924568447922767e-01	3.704474513452821888e-02	-8.311536555062720710e-02	2.040838020209619075e-01	-8.552864848000547859e-02	9.740297195278738163e-02	-3.985397171869286409e-02	8.786719426041340875e-02	-1.328867524486473384e-01	9.969918101303097691e-02	-8.669750059647428342e-02	5.111220984205274570e-02	-1.074019413819192192e-01	9.066589700321533996e-02	-8.138364939228316663e-02	8.130002922880448513e-02	-4.561389725059230432e-02	7.179906372544075932e-02	-5.506390802281571628e-02	7.582505937508245142e-02	-7.761836687706187565e-02	3.131993658955117138e-02	-4.177623341548293567e-02	4.876704965643771650e-02	-4.364835863675207983e-02	3.925261018145770331e-02	-2.888860706169484732e-02	3.754654845775365346e-02	-5.235737396343059097e-02	3.918924038645170416e-02	-4.178201599213643425e-02
3.386144794910153633e-02	-4.614656315535857478e-02	2.104295099169915806e-01	-5.241711459189315470e-01	3.164350871915669328e-01	-3.335189250273026818e-02	4.549422708413067284e-02	-2.330382309613537872e-01	1.000000000000000000e+00	-5.549170559497323962e-01	5.913190154577622343e-02	-5.894967794416504370e-02	1.294992212944589272e-01	-2.503426308634523756e-01	2.706855295603083911e-01	-2.944716478383403724e-02	6.231129662679366771e-02	-1.301692090724063944e-01	1.533943058063683418e-01	-1.808665663235093368e-01	3.155220564310939196e-02	-6.871324000169758139e-02	1.379420880178275910e-01	-1.389060624324695847e-01	1.298597574734054183e-01	-6.715384188889678141e-02	1.330585356794146412e-01	-1.068354738269741283e-01	1.075857523279426242e-01	-1.148788567860611343e-01	6.022255612345651238e-02	-9.695141406168911180e-02	7.488505663805598844e-02	-1.063386893198707828e-01	1.088470721494084331e-01	-4.350353187378253744e-02	5.773043136867059277e-02	-6.752590545129207034e-02	6.150246969680950998e-02	-5.549473689958263345e-02	4.007966354770751277e-02	-5.236743847731824969e-02	7.335030970508550630e-02	-5.537190804187709647e-02	5.906191116307893396e-02
-2.483685759213418928e-02	3.095386680800437523e-02	-1.421416727611777564e-01	2.296792543211863269e-01	-3.353785823044396208e-01	2.416673731460671284e-02	-3.119536809471103525e-02	1.371007831617673256e-01	-5.549170559497323962e-01	1.000000000000000000e+00	-4.500953840794651856e-02	4.376596136768851758e-02	-9.695265670543504188e-02	2.294365067748767584e-01	-6.465449789103839828e-01	2.227552101905829265e-02	-4.716010908405787738e-02	9.400838551726611869e-02	-1.589976046028734602e-01	1.578759686112382876e-01	-2.405137108523721853e-02	5.105307725951969272e-02	-1.150913248847393877e-01	1.136130005061320447e-01	-1.181489107756263091e-01	5.220470726114107007e-02	-1.099267977505366811e-01	8.628071568108915124e-02	-8.940543172853800125e-02	9.317458703788060459e-02	-4.743885013663506900e-02	7.563467783620007878e-02	-5.942928644873811395e-02	8.331378012144989575e-02	-8.963513034633073528e-02	3.393312353063104858e-02	-4.556717242910318655e-02	5.290587531338619004e-02	-4.912896782043123245e-02	4.437287174800382678e-02	-3.146390220550770306e-02	4.105706077004871862e-02	-5.819328338333214223e-02	4.383050818458687770e-02	-4.742036922232951979e-02
1.141537599456941970e-01	-6.292808994458737315e-02	7.609698487404055467e-02	-5.153605970223124749e-02	6.811762391555499507e-02	-1.333119205269792384e-01	6.422944550324369284e-02	-9.145911291816596900e-02	5.913190154577622343e-02	-4.500953840794651856e-02	1.000000000000000000e+00	-8.924792806100708686e-01	1.774510991707620444e-01	-5.594834654198817259e-02	5.053031702968582145e-02	-1.966708092688082277e-01	1.476321331260923853e-01	-1.754759763736380984e-01	4.704388176444390668e-02	-5.663346338144657072e-02	1.600015757891259383e-01	-1.657953494838324549e-01	9.374945267782393288e-02	-6.896950462725645603e-02	5.464693642217815367e-02	-4.793812824288067043e-02	7.893922084384187576e-02	-6.814311096825424741e-02	5.665069884971042635e-02	-5.651612493910109641e-02	4.142702526223407400e-02	-5.477614111676443187e-02	4.041535165555184411e-02	-5.469072892210600362e-02	5.316664447165838497e-02	-2.387127004037948794e-02	3.075195288253525921e-02	-3.584955972025737764e-02	3.077649104765536187e-02	-2.754394392707842226e-02	2.193094250633457684e-02	-2.762008086410351962e-02	3.767991275557680542e-02	-2.786423386577447509e-02	2.920182956215096326e-02
-1.150213182034142967e-01	6.386833344269371437e-02	-8.112198739598880382e-02	5.167546467146907213e-02	-6.858212682287152806e-02	1.082659184702551153e-01	-7.072535584838515743e-02	9.283617456531260970e-02	-5.894967794416504370e-02	4.376596136768851758e-02	-8.924792806100708686e-01	1.000000000000000222e+00	-2.350322527885374546e-01	5.295747779072955408e-02	-4.900230977193104770e-02	1.497900154320387367e-01	-1.730996654590817863e-01	1.677907672673724648e-01	-4.506714653159119011e-02	5.333575165591056960e-02	-1.676505976329463465e-01	1.520299530089683493e-01	-9.327830844043005776e-02	6.507282864701130487e-02	-5.232767606425979545e-02	4.541502284698494679e-02	-7.689844768795005281e-02	6.496653586830417049e-02	-5.423737224810111501e-02	5.332749895808622936e-02	-3.998316553954516656e-02	5.138629056809962403e-02	-3.824268508702166613e-02	5.121901802970688089e-02	-5.056817380699690778e-02	2.252272250044095800e-02	-2.907273524024176978e-02	3.371550688233192206e-02	-2.909299278501499900e-02	2.600851058274560035e-02	-2.077851603829805258e-02	2.602373412869033592e-02	-3.570232934176399003e-02	2.626318207710785085e-02	-2.765983464016522758e-02
5.515541200777282493e-02	-5.511816000888494077e-02	2.046701723991842803e-01	-1.223548616434896180e-01	1.492620080388673831e-01	-5.435844948653890951e-02	5.696048507444761294e-02	-3.329018666667380444e-01	1.294992212944589272e-01	-9.695265670543504188e-02	1.774510991707620444e-01	-2.350322527885374546e-01	1.000000000000000888e+00	-1.210870775261504023e-01	1.051382385118511953e-01	-6.989981310239071211e-02	1.765522327372816835e-01	-7.620236019416766204e-01	1.015054101075519299e-01	-1.200399099918873363e-01	7.305912333876307674e-02	-1.946313598286672497e-01	2.159164688147842681e-01	-1.530058275511753663e-01	1.141284795049256756e-01	-7.292770214980497101e-02	1.465142549614625034e-01	-1.486240797272544989e-01	1.162693092757080132e-01	-1.155937339410391118e-01	6.318719318074490776e-02	-1.013509526234709218e-01	7.569074427756956880e-02	-1.051489603357249614e-01	1.025233925061703605e-01	-4.253620611191086948e-02	5.644327901134844200e-02	-6.692461613619267446e-02	5.802896160596199282e-02	-5.244879893309681296e-02	3.886372767004992596e-02	-5.076585683841204621e-02	6.919477354203065755e-02	-5.241741460686120957e-02	5.490048686066664740e-02
-2.779853438103434965e-02	2.811577948946249184e-02	-1.145928598471443183e-01	1.414351477938959045e-01	-2.186429288492621470e-01	2.665880020106136186e-02	-2.888534561724119890e-02	1.112694764143874609e-01	-2.503426308634523756e-01	2.294365067748767584e-01	-5.594834654198817259e-02	5.295747779072955408e-02	-1.210870775261504023e-01	9.999999999999991118e-01	-4.810693354571174973e-01	2.783150071313432103e-02	-6.023856125228181646e-02	1.160911414620193066e-01	-6.498335096180469783e-01	2.837566678302043122e-01	-3.031542543178126700e-02	6.346280987478013225e-02	-1.751874167277105154e-01	1.784054731412715034e-01	-2.186909355357586349e-01	6.996920185939273229e-02	-1.607090424010412522e-01	1.253409416400921572e-01	-1.380756902472606851e-01	1.390815468667347399e-01	-6.463327187682996189e-02	1.025089151340559251e-01	-8.264901248425383928e-02	1.146943385689569578e-01	-1.334157518081824922e-01	4.570755314195275310e-02	-6.253635974702788369e-02	7.208106582969166232e-02	-6.910577754298626030e-02	6.275900073948881275e-02	-4.271365193677463534e-02	5.581679837713440090e-02	-8.026656940438786636e-02	6.077814841519279393e-02	-6.708576163858158414e-02
2.747702202691176473e-02	-2.962570522545989252e-02	1.191013804252264163e-01	-1.727636280336015129e-01	2.198758275575277421e-01	-2.678670844047417038e-02	2.991880691410805579e-02	-1.248924568447922767e-01	2.706855295603083911e-01	-6.465449789103839828e-01	5.053031702968582145e-02	-4.900230977193104770e-02	1.051382385118511953e-01	-4.810693354571174973e-01	1.000000000000000222e+00	-2.591250699768064825e-02	5.447097703141062786e-02	-1.060846128275835798e-01	2.324644468255460950e-01	-2.661586164112049180e-01	2.794395496691039898e-02	-5.917311135750705914e-02	1.424824550576707649e-01	-1.604117215228274829e-01	1.617254330184118294e-01	-6.667375618518289748e-02	1.364935998797641437e-01	-1.103858340375225289e-01	1.170520660122108259e-01	-1.267789593740749898e-01	6.015621002352630753e-02	-9.750774483502742951e-02	7.621824128837176304e-02	-1.092409144584800540e-01	1.150989410915421590e-01	-4.356355619428864401e-02	5.829566685273631504e-02	-6.821540883481128081e-02	6.313977331720932451e-02	-5.737934142009882416e-02	4.021410216997511888e-02	-5.272710806528441846e-02	7.413287881792987588e-02	-5.652995867464787050e-02	6.067190747821649133e-02
-3.517682207151145296e-02	1.950452800126323619e-02	-3.402258651244133292e-02	2.421815116336474907e-02	-3.390453896612588558e-02	3.609589467226203413e-02	-2.019137635123208901e-02	3.704474513452821888e-02	-2.944716478383403724e-02	2.227552101905829265e-02	-1.966708092688082277e-01	1.497900154320387367e-01	-6.989981310239071211e-02	2.783150071313432103e-02	-2.591250699768064825e-02	1.000000000000001776e+00	-1.148175676325045441e-01	6.938797666848695034e-02	-2.402840737665525722e-02	2.882348284118818951e-02	-9.530272067152686377e-01	1.130855885118965259e-01	-4.953759676515202132e-02	3.534694829353491469e-02	-2.907243682317454253e-02	6.080551816526130054e-02	-5.133729471178712089e-02	3.765470188651208472e-02	-3.186896802536640094e-02	3.118881267169311064e-02	-5.435955204388207007e-02	3.718568666571359094e-02	-2.695008956454316915e-02	3.265649268125427052e-02	-3.196156623602276065e-02	1.863431193084147050e-02	-2.148639629943489143e-02	2.355667298318658495e-02	-1.937053447646657975e-02	1.689831093859564190e-02	-1.755910295027355433e-02	1.901500288131086069e-02	-2.592652457959124246e-02	1.758347089029957747e-02	-1.845248761891407283e-02
3.973349485181176810e-02	-2.789210947607662777e-02	7.711561479263777386e-02	-5.218371509692867893e-02	7.179766905744863759e-02	-3.847370431546558861e-02	2.923056427900675575e-02	-8.311536555062720710e-02	6.231129662679366771e-02	-4.716010908405787738e-02	1.476321331260923853e-01	-1.730996654590817863e-01	1.765522327372816835e-01	-6.023856125228181646e-02	5.447097703141062786e-02	-1.148175676325045441e-01	1.000000000000000888e+00	-2.537003916134358272e-01	5.291919233821374552e-02	-6.342716529108183288e-02	1.116609239238239293e-01	-9.077960129933522193e-01	1.276754672413601965e-01	-8.290153357213375651e-02	6.433569418445950205e-02	-5.198250735830851899e-02	1.112532060503166748e-01	-9.076188976955995580e-02	6.959666977492706685e-02	-6.779053467306510317e-02	4.476823963232707398e-02	-6.624709135596179577e-02	4.795365405013037041e-02	-6.402648889703299595e-02	6.196645166455911485e-02	-2.712112625644353889e-02	3.573660174541416767e-02	-4.187065270682541890e-02	3.552010866438849723e-02	-3.183871106443744714e-02	2.486829958309055150e-02	-3.184435279042849287e-02	4.326936953614563680e-02	-3.208895484844297152e-02	3.354790305693197694e-02
-5.358804971356206232e-02	4.908804783168378011e-02	-2.003505849256334015e-01	1.144886217361310576e-01	-1.526224516265642928e-01	5.079214751531784672e-02	-5.214239948072835196e-02	2.040838020209619075e-01	-1.301692090724063944e-01	9.400838551726611869e-02	-1.754759763736380984e-01	1.677907672673724648e-01	-7.620236019416766204e-01	1.160911414620193066e-01	-1.060846128275835798e-01	6.938797666848695034e-02	-2.537003916134358272e-01	9.999999999999996669e-01	-1.088796553522061866e-01	1.195725511994862600e-01	-7.565614663830878828e-02	1.980327952205491737e-01	-3.419437316158914220e-01	1.596604486149669211e-01	-1.239613776565379188e-01	7.284300118826474157e-02	-1.672542186884957149e-01	1.625201934726840658e-01	-1.276485257730843037e-01	1.187291320608193645e-01	-6.434473844416735422e-02	1.015041232272567429e-01	-7.759627828844796460e-02	1.048411624055922142e-01	-1.064783234361636050e-01	4.241687428010679911e-02	-5.709049717971296373e-02	6.709197283688519975e-02	-5.881812915322241764e-02	5.310557527252768306e-02	-3.904165009015145293e-02	5.082432499937443449e-02	-7.008348241009203228e-02	5.268694222994835252e-02	-5.581395349407673734e-02
2.289778356974080803e-02	-2.185351123732189038e-02	8.444818053078018139e-02	-9.682442843711898395e-02	1.431486928036211081e-01	-2.208299898074056813e-02	2.245066064473339590e-02	-8.552864848000547859e-02	1.533943058063683418e-01	-1.589976046028734602e-01	4.704388176444390668e-02	-4.506714653159119011e-02	1.015054101075519299e-01	-6.498335096180469783e-01	2.324644468255460950e-01	-2.402840737665525722e-02	5.291919233821374552e-02	-1.088796553522061866e-01	1.000000000000001776e+00	-5.879338635048252382e-01	2.601620478425247657e-02	-5.642944541086048621e-02	1.582722455019208441e-01	-2.224091099128298332e-01	2.365478081486054318e-01	-6.334732496026650173e-02	1.382457572243098731e-01	-1.196253075842599461e-01	1.354439010159665946e-01	-1.485768671091735327e-01	5.733287490937695463e-02	-9.429252089634831968e-02	7.487371302349903057e-02	-1.089835638810140311e-01	1.205258171321056948e-01	-4.117355499292162102e-02	5.597124799466968170e-02	-6.576355519660090354e-02	6.224253378830651301e-02	-5.743426597190977312e-02	3.807763220619264644e-02	-5.026891407826648145e-02	7.078450102559200041e-02	-5.514991679326369800e-02	5.967785746251952350e-02
-2.707701170659726833e-02	2.547177687215937750e-02	-9.946740296729553177e-02	1.105791033906842608e-01	-1.729398015433424030e-01	2.591308930078688871e-02	-2.630836346494556249e-02	9.740297195278738163e-02	-1.808665663235093368e-01	1.578759686112382876e-01	-5.663346338144657072e-02	5.333575165591056960e-02	-1.200399099918873363e-01	2.837566678302043122e-01	-2.661586164112049180e-01	2.882348284118818951e-02	-6.342716529108183288e-02	1.195725511994862600e-01	-5.879338635048252382e-01	1.000000000000001110e+00	-3.140199223555154018e-02	6.670504213875899646e-02	-2.163766195637003842e-01	2.591319883962375781e-01	-5.414863347267653282e-01	7.793024439103725387e-02	-1.846324451236514008e-01	1.527493624529198679e-01	-1.851506816011941892e-01	1.906992831457431092e-01	-7.175151800668028157e-02	1.161719017284948280e-01	-9.455963355512859991e-02	1.342916293751689472e-01	-1.641944681296902964e-01	5.084819049853402800e-02	-7.015055264686197167e-02	8.147934748468815824e-02	-7.964015803432017426e-02	7.347810951511005162e-02	-4.742282536833878487e-02	6.245426500953050325e-02	-8.943628180097068503e-02	6.949037709667532647e-02	-7.703684592095372263e-02
3.539564333496996590e-02	-2.104090236074665499e-02	3.600870117474981591e-02	-2.595604821503843737e-02	3.620661421940638697e-02	-3.734670665760978642e-02	2.155778907268098357e-02	-3.985397171869286409e-02	3.155220564310939196e-02	-2.405137108523721853e-02	1.600015757891259383e-01	-1.676505976329463465e-01	7.305912333876307674e-02	-3.031542543178126700e-02	2.794395496691039898e-02	-9.530272067152686377e-01	1.116609239238239293e-01	-7.565614663830878828e-02	2.601620478425247657e-02	-3.140199223555154018e-02	1.000000000000001776e+00	-1.327100040149318261e-01	5.296096879032260313e-02	-3.845627180252560173e-02	3.140519046702738154e-02	-6.938495722427709400e-02	5.466494087265568597e-02	-4.074686602447733647e-02	3.432643716412903112e-02	-3.382214079796654060e-02	5.639201600974735884e-02	-4.020569604827033822e-02	2.891325635369211555e-02	-3.541106807983434440e-02	3.434712481258764272e-02	-1.988837948070574374e-02	2.298615240933181425e-02	-2.537039404845468568e-02	2.081724855317550540e-02	-1.819681867927167712e-02	1.862548967720024234e-02	-2.039764791583346948e-02	2.768220890012605337e-02	-1.892348448729044841e-02	1.979949293882840924e-02
-4.462864024215325298e-02	2.982345804759845703e-02	-8.645560344542679854e-02	5.726122462266981794e-02	-7.984909859651784236e-02	4.203861880717203042e-02	-3.158596251791451204e-02	8.786719426041340875e-02	-6.871324000169758139e-02	5.105307725951969272e-02	-1.657953494838324549e-01	1.520299530089683493e-01	-1.946313598286672497e-01	6.346280987478013225e-02	-5.917311135750705914e-02	1.130855885118965259e-01	-9.077960129933522193e-01	1.980327952205491737e-01	-5.642944541086048621e-02	6.670504213875899646e-02	-1.327100040149318261e-01	1.000000000000001554e+00	-1.446305217131111653e-01	8.689600261136762316e-02	-6.954050314880066974e-02	5.583019580860087289e-02	-1.335121180362417448e-01	9.711017351845636913e-02	-7.572557351502261225e-02	7.207239929053768646e-02	-4.892324667533011484e-02	7.067916183015598985e-02	-5.175393730297686568e-02	6.792420605255949928e-02	-6.707378725888599180e-02	2.906158789211742838e-02	-3.849647385042305470e-02	4.475475994375777145e-02	-3.819716791050017241e-02	3.416164306355982255e-02	-2.678571029219803043e-02	3.412183065211343846e-02	-4.672136751690839085e-02	3.437983313907385513e-02	-3.617043268146525464e-02
3.951366317579224630e-02	-3.413646895269447507e-02	1.215899850181292596e-01	-1.032757104492345729e-01	1.493033248478504438e-01	-3.839911849209039912e-02	3.532378904490700994e-02	-1.328867524486473384e-01	1.379420880178275910e-01	-1.150913248847393877e-01	9.374945267782393288e-02	-9.327830844043005776e-02	2.159164688147842681e-01	-1.751874167277105154e-01	1.424824550576707649e-01	-4.953759676515202132e-02	1.276754672413601965e-01	-3.419437316158914220e-01	1.582722455019208441e-01	-2.163766195637003842e-01	5.296096879032260313e-02	-1.446305217131111653e-01	1.000000000000002220e+00	-4.707401174036567326e-01	2.404536580979764193e-01	-1.274765024245982648e-01	2.841966897610232468e-01	-5.335274395975351247e-01	2.714612200413620280e-01	-2.532075113243333897e-01	1.086393412252396190e-01	-1.912030966690114742e-01	1.442477417483854496e-01	-2.004803159509070121e-01	1.926307852710111290e-01	-7.527949500539145300e-02	1.021116176741943687e-01	-1.241825238299480855e-01	1.054809753629488978e-01	-9.659146264957009509e-02	6.841254537438976047e-02	-9.115328710061046391e-02	1.226302671934301480e-01	-9.487811165289170012e-02	9.859195214702122512e-02
-3.028142327539395245e-02	2.662980723869646030e-02	-9.976335638980021736e-02	9.376206365377515173e-02	-1.434019195399316160e-01	2.897597806366569717e-02	-2.768331409266743676e-02	9.969918101303097691e-02	-1.389060624324695847e-01	1.136130005061320447e-01	-6.896950462725645603e-02	6.507282864701130487e-02	-1.530058275511753663e-01	1.784054731412715034e-01	-1.604117215228274829e-01	3.534694829353491469e-02	-8.290153357213375651e-02	1.596604486149669211e-01	-2.224091099128298332e-01	2.591319883962375781e-01	-3.845627180252560173e-02	8.689600261136762316e-02	-4.707401174036567326e-01	1.000000000000000222e+00	-5.970343829807726044e-01	9.789304607589535689e-02	-2.465245037661286664e-01	2.534127692772970009e-01	-3.978040733478545032e-01	2.683277029323083429e-01	-8.841419921976927110e-02	1.484128484697062322e-01	-1.207221387813435381e-01	1.738621413624797662e-01	-2.029585105594151062e-01	6.193722793827265150e-02	-8.606353329358158721e-02	1.016603257319912412e-01	-9.719234235106866127e-02	9.030453613467635809e-02	-5.735211089304376175e-02	7.619692827751288478e-02	-1.071050785939832994e-01	8.466885086917742831e-02	-9.236738254489135214e-02
2.579383667109204012e-02	-2.294687932835268174e-02	8.498153909688010987e-02	-8.677930754870899488e-02	1.310292019086420345e-01	-2.487962398890422935e-02	2.369222400648933469e-02	-8.669750059647428342e-02	1.298597574734054183e-01	-1.181489107756263091e-01	5.464693642217815367e-02	-5.232767606425979545e-02	1.141284795049256756e-01	-2.186909355357586349e-01	1.617254330184118294e-01	-2.907243682317454253e-02	6.433569418445950205e-02	-1.239613776565379188e-01	2.365478081486054318e-01	-5.414863347267653282e-01	3.140519046702738154e-02	-6.954050314880066974e-02	2.404536580979764193e-01	-5.970343829807726044e-01	1.000000000000000666e+00	-8.598463724069202452e-02	1.897178981050733904e-01	-1.918780301305310354e-01	2.464460275605363238e-01	-3.425636353133545420e-01	7.683956222746689269e-02	-1.319474728706313826e-01	1.054391395326803871e-01	-1.627208732899480537e-01	1.858489712645954028e-01	-5.571385464935102450e-02	7.639649834123495020e-02	-9.149512805262551007e-02	8.825918143885541634e-02	-8.431362848083845396e-02	5.119766194350669486e-02	-6.855539590645748360e-02	9.526656159319120409e-02	-7.773744544452694527e-02	8.365825105294896757e-02
-2.012217084211622917e-02	1.546439819571717757e-02	-5.143127480671851048e-02	4.735888826763271636e-02	-7.452111622042796590e-02	1.940333178118835641e-02	-1.609304808573119513e-02	5.111220984205274570e-02	-6.715384188889678141e-02	5.220470726114107007e-02	-4.793812824288067043e-02	4.541502284698494679e-02	-7.292770214980497101e-02	6.996920185939273229e-02	-6.667375618518289748e-02	6.080551816526130054e-02	-5.198250735830851899e-02	7.284300118826474157e-02	-6.334732496026650173e-02	7.793024439103725387e-02	-6.938495722427709400e-02	5.583019580860087289e-02	-1.274765024245982648e-01	9.789304607589535689e-02	-8.598463724069202452e-02	1.000000000000000444e+00	-2.600552877097299653e-01	1.301734690273909367e-01	-1.141305105252135299e-01	1.087358538380391454e-01	-8.760216557785541758e-01	2.262861046444757107e-01	-1.571919864559686297e-01	1.447952876812527157e-01	-1.399544929028895546e-01	1.457496963290809966e-01	-1.363116745775544980e-01	1.313790710288901264e-01	-9.651972728240709731e-02	7.917489212564085554e-02	-1.420936208173691206e-01	1.166243028917950536e-01	-1.565565964838759316e-01	8.845441575776312459e-02	-9.219338702601545532e-02
3.665046457684806996e-02	-2.988376037904927340e-02	1.026603428076033886e-01	-9.565655603734246615e-02	1.448658330202216571e-01	-3.565884668693206777e-02	3.088033860611576545e-02	-1.074019413819192192e-01	1.330585356794146412e-01	-1.099267977505366811e-01	7.893922084384187576e-02	-7.689844768795005281e-02	1.465142549614625034e-01	-1.607090424010412522e-01	1.364935998797641437e-01	-5.133729471178712089e-02	1.112532060503166748e-01	-1.672542186884957149e-01	1.382457572243098731e-01	-1.846324451236514008e-01	5.466494087265568597e-02	-1.335121180362417448e-01	2.841966897610232468e-01	-2.465245037661286664e-01	1.897178981050733904e-01	-2.600552877097299653e-01	9.999999999999991118e-01	-5.617679599841947091e-01	2.625168300950426747e-01	-2.693908738883532550e-01	1.945577403801049821e-01	-3.846025704082158270e-01	2.184177240182371138e-01	-2.740300781380527462e-01	2.295914746632710113e-01	-1.159735479321361840e-01	1.566046430058840588e-01	-1.864531427251961415e-01	1.400250627438875684e-01	-1.244584275225498748e-01	1.040994605751563440e-01	-1.368668941625269253e-01	1.757198414630783412e-01	-1.285304550372486643e-01	1.287893954660125073e-01
-2.911193907508895229e-02	2.457868740593725440e-02	-8.877370066704978746e-02	7.717045873819217139e-02	-1.161610517260489306e-01	2.799071140605962141e-02	-2.557463888532769680e-02	9.066589700321533996e-02	-1.068354738269741283e-01	8.628071568108915124e-02	-6.814311096825424741e-02	6.496653586830417049e-02	-1.486240797272544989e-01	1.253409416400921572e-01	-1.103858340375225289e-01	3.765470188651208472e-02	-9.076188976955995580e-02	1.625201934726840658e-01	-1.196253075842599461e-01	1.527493624529198679e-01	-4.074686602447733647e-02	9.711017351845636913e-02	-5.335274395975351247e-01	2.534127692772970009e-01	-1.918780301305310354e-01	1.301734690273909367e-01	-5.617679599841947091e-01	9.999999999999992228e-01	-4.598032792090649412e-01	2.504464426641997976e-01	-1.152438027259049952e-01	1.993677655413546301e-01	-1.706931448247402672e-01	1.958440667283440628e-01	-2.026485283240890001e-01	7.417756287530170856e-02	-1.059402377981252391e-01	1.270377443787799043e-01	-1.055542388608329135e-01	9.541514839057588238e-02	-6.848484011540612038e-02	9.069536177921212750e-02	-1.244506602490323410e-01	9.296712111109932397e-02	-9.841304087033719838e-02
2.602967995934224801e-02	-2.211314465411339317e-02	7.969300166534451502e-02	-7.498908998759125366e-02	1.143389424123767706e-01	-2.508742163879063361e-02	2.291793729603174012e-02	-8.138364939228316663e-02	1.075857523279426242e-01	-8.940543172853800125e-02	5.665069884971042635e-02	-5.423737224810111501e-02	1.162693092757080132e-01	-1.380756902472606851e-01	1.170520660122108259e-01	-3.186896802536640094e-02	6.959666977492706685e-02	-1.276485257730843037e-01	1.354439010159665946e-01	-1.851506816011941892e-01	3.432643716412903112e-02	-7.572557351502261225e-02	2.714612200413620280e-01	-3.978040733478545032e-01	2.464460275605363238e-01	-1.141305105252135299e-01	2.625168300950426747e-01	-4.598032792090649412e-01	1.000000000000000000e+00	-6.254821308404987512e-01	9.989262103882005916e-02	-1.847320513077568005e-01	1.503459330670249006e-01	-2.629243525100402601e-01	2.558765359132009753e-01	-7.267160542005171586e-02	1.016475451588222945e-01	-1.255387706418928384e-01	1.204195904010725848e-01	-1.164203663816304607e-01	6.630446119019997586e-02	-9.046287627273714993e-02	1.233562955511248171e-01	-1.049542033112090683e-01	1.101640958263048475e-01
-2.604172621022666709e-02	2.225649773414832208e-02	-8.151996086296396660e-02	7.812886611280882299e-02	-1.214718168778113339e-01	2.494854451330012421e-02	-2.311459337663702290e-02	8.130002922880448513e-02	-1.148788567860611343e-01	9.317458703788060459e-02	-5.651612493910109641e-02	5.332749895808622936e-02	-1.155937339410391118e-01	1.390815468667347399e-01	-1.267789593740749898e-01	3.118881267169311064e-02	-6.779053467306510317e-02	1.187291320608193645e-01	-1.485768671091735327e-01	1.906992831457431092e-01	-3.382214079796654060e-02	7.207239929053768646e-02	-2.532075113243333897e-01	2.683277029323083429e-01	-3.425636353133545420e-01	1.087358538380391454e-01	-2.693908738883532550e-01	2.504464426641997976e-01	-6.254821308404987512e-01	1.000000000000000000e+00	-9.967790077205601618e-02	1.744597004629165615e-01	-1.506329673937275571e-01	2.454699895008425337e-01	-4.808121749013882229e-01	7.379190772154872735e-02	-1.046615491168378098e-01	1.252719887789139619e-01	-1.417126305902470795e-01	1.435213298188170727e-01	-6.836307105934738559e-02	9.317617506534436878e-02	-1.325636230001658311e-01	1.177423947993450348e-01	-1.366782216584953025e-01
1.778719851145991321e-02	-1.373579761943221830e-02	4.544639795100893775e-02	-4.247395531557036918e-02	6.659433669432963943e-02	-1.726187751452079588e-02	1.425487286193424623e-02	-4.561389725059230432e-02	6.022255612345651238e-02	-4.743885013663506900e-02	4.142702526223407400e-02	-3.998316553954516656e-02	6.318719318074490776e-02	-6.463327187682996189e-02	6.015621002352630753e-02	-5.435955204388207007e-02	4.476823963232707398e-02	-6.434473844416735422e-02	5.733287490937695463e-02	-7.175151800668028157e-02	5.639201600974735884e-02	-4.892324667533011484e-02	1.086393412252396190e-01	-8.841419921976927110e-02	7.683956222746689269e-02	-8.760216557785541758e-01	1.945577403801049821e-01	-1.152438027259049952e-01	9.989262103882005916e-02	-9.967790077205601618e-02	1.000000000000000444e+00	-3.025900330283192718e-01	1.550708447234292742e-01	-1.455382104596116555e-01	1.249846070455641334e-01	-1.791564684266439278e-01	1.345983802024263432e-01	-1.358646282912073511e-01	8.900071727245666142e-02	-7.328518122007886271e-02	1.385824694165486148e-01	-1.183496477514739270e-01	1.422509048177418023e-01	-8.316893552926298006e-02	8.319297696908657669e-02
-2.532581967324929600e-02	2.052604836206160799e-02	-7.259456375713969900e-02	6.773169521301987406e-02	-1.068618544752289318e-01	2.420488041573698804e-02	-2.136711453980381925e-02	7.179906372544075932e-02	-9.695141406168911180e-02	7.563467783620007878e-02	-5.477614111676443187e-02	5.138629056809962403e-02	-1.013509526234709218e-01	1.025089151340559251e-01	-9.750774483502742951e-02	3.718568666571359094e-02	-6.624709135596179577e-02	1.015041232272567429e-01	-9.429252089634831968e-02	1.161719017284948280e-01	-4.020569604827033822e-02	7.067916183015598985e-02	-1.912030966690114742e-01	1.484128484697062322e-01	-1.319474728706313826e-01	2.262861046444757107e-01	-3.846025704082158270e-01	1.993677655413546301e-01	-1.847320513077568005e-01	1.744597004629165615e-01	-3.025900330283192718e-01	1.000000000000000000e+00	-5.720002586142174383e-01	2.751812050256976505e-01	-2.575898701543457570e-01	1.618830932733637262e-01	-3.338488768646963312e-01	2.911340097055616360e-01	-1.804985845298193725e-01	1.427072425868082806e-01	-1.586934134051112277e-01	2.094282971861378406e-01	-2.948774509814668932e-01	1.594786168533630921e-01	-1.664660624512330211e-01
1.909869451393181317e-02	-1.559898354791797864e-02	5.512779571756351582e-02	-5.224794214627628830e-02	8.205306519908979468e-02	-1.833243979732606180e-02	1.620092991659675963e-02	-5.506390802281571628e-02	7.488505663805598844e-02	-5.942928644873811395e-02	4.041535165555184411e-02	-3.824268508702166613e-02	7.569074427756956880e-02	-8.264901248425383928e-02	7.621824128837176304e-02	-2.695008956454316915e-02	4.795365405013037041e-02	-7.759627828844796460e-02	7.487371302349903057e-02	-9.455963355512859991e-02	2.891325635369211555e-02	-5.175393730297686568e-02	1.442477417483854496e-01	-1.207221387813435381e-01	1.054391395326803871e-01	-1.571919864559686297e-01	2.184177240182371138e-01	-1.706931448247402672e-01	1.503459330670249006e-01	-1.506329673937275571e-01	1.550708447234292742e-01	-5.720002586142174383e-01	1.000000000000002887e+00	-4.402527982180449717e-01	2.208415906895347947e-01	-1.358634799677387039e-01	2.517863893518046403e-01	-5.410785060853595674e-01	1.678944950438696904e-01	-1.313089672475556413e-01	1.238593029291531755e-01	-1.901804839533769720e-01	2.371525834301404234e-01	-1.477365200325127803e-01	1.398856039446383370e-01
-2.590141167455180943e-02	2.139045307480743133e-02	-7.695185731998090140e-02	7.321639683037951818e-02	-1.159536831231582771e-01	2.471620514281354722e-02	-2.225640500444045836e-02	7.582505937508245142e-02	-1.063386893198707828e-01	8.331378012144989575e-02	-5.469072892210600362e-02	5.121901802970688089e-02	-1.051489603357249614e-01	1.146943385689569578e-01	-1.092409144584800540e-01	3.265649268125427052e-02	-6.402648889703299595e-02	1.048411624055922142e-01	-1.089835638810140311e-01	1.342916293751689472e-01	-3.541106807983434440e-02	6.792420605255949928e-02	-2.004803159509070121e-01	1.738621413624797662e-01	-1.627208732899480537e-01	1.447952876812527157e-01	-2.740300781380527462e-01	1.958440667283440628e-01	-2.629243525100402601e-01	2.454699895008425337e-01	-1.455382104596116555e-01	2.751812050256976505e-01	-4.402527982180449717e-01	1.000000000000000000e+00	-5.545817881761989643e-01	1.223846946808074126e-01	-1.991566210589854613e-01	2.401747769230904161e-01	-3.450045204121484632e-01	2.330709394584625505e-01	-1.173314024644831755e-01	1.646482693835465971e-01	-2.522632661668612331e-01	2.179850572732096869e-01	-2.368915273986051118e-01
