1.000000000000000000e+00	-4.643213458797539328e-01	2.392355506500457307e-01	-2.909138147332295810e-01	2.131379201182411198e-01	-6.261861953163606609e-01	3.084623232086909361e-01	-3.767165922318069793e-01	9.560863218855142343e-02	-9.034110919640155057e-02	2.415515869070448685e-01	-2.412034843797871420e-01	1.572776823060659801e-01	-1.059583237672653416e-01	1.165383259747538591e-01	-2.084583141634487879e-01	1.899451701545813720e-01	-1.212147401720009843e-01	8.492193657671891216e-02	-1.052533638684029216e-01	4.669401703956781169e-02	-4.658382404079417644e-02	9.352042283380350429e-02	-9.798597192238947540e-02	6.456405999463257772e-02	-3.111629194784684693e-02	3.746216388060839841e-02	-8.617833087947245063e-02	9.418538583722961544e-02	-6.788174735162247342e-02	5.494244674835170594e-02	-7.466078956825047963e-02	7.580445575802435831e-02	-4.894547771391767610e-02	3.820630596363779746e-02	-4.604967054686295164e-02	4.753245755045999027e-02	-5.297613571928710963e-02	5.019563183417343616e-02	-3.471584532233783910e-02	8.779990400344628299e-02	-8.354723483912707138e-02	8.545388699243319786e-02	-3.418857453153487103e-02	4.111171162429634596e-02
-4.643213458797539328e-01	1.000000000000000000e+00	-6.040601478499749710e-01	2.973690339998057430e-01	-2.831634300179139974e-01	2.515834217505061865e-01	-3.945079261343699684e-01	2.947348612767888842e-01	-1.149832596113277566e-01	1.006815131596840301e-01	-1.946793405388768106e-01	1.966630553801197445e-01	-1.536707232776904908e-01	9.926486998639195980e-02	-1.228950062107971586e-01	1.447756907738373677e-01	-1.763810898768926050e-01	1.096078353126403448e-01	-8.134156045265772406e-02	1.019420140786662654e-01	-4.126116796579824830e-02	4.015788727777443862e-02	-9.209678741064215857e-02	9.433364760342800859e-02	-6.386208010429365867e-02	3.210681129871799377e-02	-3.911674773363483376e-02	8.293849985583276463e-02	-9.669955758370352150e-02	6.694608599139779959e-02	-5.850569789893291656e-02	7.555249178129036514e-02	-7.804187865503862953e-02	5.024196488261169213e-02	-3.956243914227779851e-02	4.872085410937958966e-02	-4.943366352383170292e-02	5.456187930042592782e-02	-5.251924344315533205e-02	3.585728472503234288e-02	-9.582783520944211653e-02	8.604207624298251811e-02	-9.266019757468141327e-02	3.622971050288088801e-02	-4.381629900915286202e-02
2.392355506500457307e-01	-6.040601478499749710e-01	9.999999999999998890e-01	-6.293263263793571483e-01	2.384004192625296947e-01	-1.687916024030052253e-01	2.146759957370354965e-01	-3.435792709601850348e-01	1.188232045176150775e-01	-1.073381908818293040e-01	1.303434098192371160e-01	-1.402204792019741686e-01	1.223752999838447902e-01	-8.334255381239039084e-02	1.023371591195098435e-01	-1.025355110348069587e-01	1.200564482725507420e-01	-8.930069837352035134e-02	6.745303710786097751e-02	-8.517740969713241683e-02	3.070858193680121861e-02	-3.000723707212765365e-02	7.502944316011538051e-02	-7.808850565905943453e-02	5.283913369165837981e-02	-2.622958052317195254e-02	3.198466804422652604e-02	-6.800170944579009280e-02	7.957802563343617519e-02	-5.541540400581178999e-02	4.812584736406522873e-02	-6.227550273814590198e-02	6.408627785099403618e-02	-4.137374828419221329e-02	3.259149352622159324e-02	-4.011086175244959334e-02	4.075784351373452213e-02	-4.500255128672051713e-02	4.324018180148465895e-02	-2.955786459635290422e-02	7.891358138129057898e-02	-7.143491754511087366e-02	7.654314140998086380e-02	-2.988165748853686965e-02	3.613026573946588604e-02
-2.909138147332295810e-01	2.973690339998057430e-01	-6.293263263793571483e-01	1.000000000000000000e+00	-4.602598031999122763e-01	1.774911953026941935e-01	-2.199108142339920580e-01	2.814752567703767694e-01	-2.415477535212002536e-01	1.821168524803643829e-01	-1.570680276517426588e-01	1.544779859238802067e-01	-1.670323256853035454e-01	1.216315238205580018e-01	-1.629214859996871712e-01	1.191525456176858178e-01	-1.457345247894526186e-01	1.220478125224731397e-01	-9.904398698384372923e-02	1.286096804636961133e-01	-4.093055725706893494e-02	3.965299917370176258e-02	-1.113447040072588906e-01	1.168283272699911640e-01	-8.036600620567822817e-02	4.098460126065889969e-02	-5.032360027043539241e-02	1.006553356067556998e-01	-1.235384874615340495e-01	8.436378080531808932e-02	-7.682683611464020956e-02	9.641481788452276047e-02	-9.960073723923823508e-02	6.447090035227040494e-02	-5.107038035387995167e-02	6.384038361543295514e-02	-6.421771596110265046e-02	7.050341874530498265e-02	-6.818590441630882626e-02	4.629548947408425319e-02	-1.279253840306677770e-01	1.127170774013808024e-01	-1.239781562353872851e-01	4.762608196694321366e-02	-5.776792302136897483e-02
2.131379201182411198e-01	-2.831634300179139974e-01	2.384004192625296947e-01	-4.602598031999122763e-01	1.000000000000000222e+00	-1.769811048866312131e-01	2.023623881736382468e-01	-4.275821421138521483e-01	2.249047268902889252e-01	-3.012493540676591808e-01	1.471210880990415915e-01	-1.660684343145690800e-01	1.949542760638700856e-01	-1.736603168180272383e-01	2.060807968990078232e-01	-1.256249086342035304e-01	1.404507927263711764e-01	-1.654171102416533423e-01	1.351470173499785266e-01	-1.928532286717398458e-01	4.688569929345032250e-02	-4.620442851167427811e-02	1.485935307263878957e-01	-1.747368901759968340e-01	1.154548908846816796e-01	-5.765942840736022063e-02	7.029611899788434926e-02	-1.433376786871211062e-01	1.683037343207071379e-01	-1.241859680172539004e-01	1.089137480952046128e-01	-1.429963610333467028e-01	1.387278060160750115e-01	-9.247419046279611865e-02	7.269374452168139711e-02	-9.168152663940373759e-02	9.468030508373061205e-02	-1.048261585292681458e-01	9.668759402107776624e-02	-6.669230672391229797e-02	1.797564567284812287e-01	-1.868225524109596303e-01	1.840376284454015854e-01	-6.923716355574284498e-02	8.344607966752863593e-02
-6.261861953163606609e-01	2.515834217505061865e-01	-1.687916024030052253e-01	1.774911953026941935e-01	-1.769811048866312131e-01	1.000000000000000444e+00	-5.085230584759069528e-01	2.634189136055012370e-01	-7.165419234031013274e-02	6.610140421042785819e-02	-4.193419990075344383e-01	2.549190219677925917e-01	-1.444384942259600291e-01	8.649855705229543557e-02	-9.588292071231939440e-02	2.205120922217702617e-01	-2.268686099514855559e-01	1.032252939106300949e-01	-7.069981152076708353e-02	8.460430839449348261e-02	-4.635671307882696657e-02	4.536901345230919674e-02	-7.903816352265390088e-02	7.927983453400738734e-02	-5.259231189353703179e-02	2.597247269480406837e-02	-3.126032667786590030e-02	7.108751609683984507e-02	-7.754763854595961292e-02	5.497313128519587533e-02	-4.525134430175004052e-02	6.080658968099889039e-02	-6.261634567986965050e-02	4.008857211826183375e-02	-3.131445655920522125e-02	3.780789672316837990e-02	-3.883172592821071412e-02	4.318692519482433823e-02	-4.121629856886283721e-02	2.838824860606378037e-02	-7.230379084483150309e-02	6.712613170430091480e-02	-6.983136276490656269e-02	2.797788577794842191e-02	-3.368648477998123503e-02
3.084623232086909361e-01	-3.945079261343699684e-01	2.146759957370354965e-01	-2.199108142339920580e-01	2.023623881736382468e-01	-5.085230584759069528e-01	1.000000000000000666e+00	-4.714631204988050661e-01	8.462535487729633266e-02	-7.796359261233608284e-02	2.583692121625091875e-01	-4.587385964044912723e-01	1.736090916110388238e-01	-1.022761790012624433e-01	1.102722854732638702e-01	-2.129512085376709385e-01	2.377633572492730274e-01	-1.249820716772533646e-01	8.299518120077328809e-02	-9.812579695153354764e-02	4.828771837264386052e-02	-4.795627641024732130e-02	9.113100252638700605e-02	-9.169843840018281067e-02	6.064595978856362340e-02	-2.939768290268646514e-02	3.540190995330100288e-02	-8.237629431206203168e-02	8.892405402685164828e-02	-6.330729109234119190e-02	5.154264317897123970e-02	-6.966287263618937964e-02	7.168264484007283444e-02	-4.591911714948850032e-02	3.583822215697345104e-02	-4.310254167882605209e-02	4.436679346014465314e-02	-4.939748538157121699e-02	4.711078834573406010e-02	-3.249457327372035770e-02	8.233080551432288285e-02	-7.664735951775221434e-02	7.958476433276769069e-02	-3.194666185936487213e-02	3.844738047765255268e-02
-3.767165922318069793e-01	2.947348612767888842e-01	-3.435792709601850348e-01	2.814752567703767694e-01	-4.275821421138521483e-01	2.634189136055012370e-01	-4.714631204988050661e-01	1.000000000000000222e+00	-1.544147182915114880e-01	1.356841029884840177e-01	-2.432495761030681047e-01	2.472453885079222424e-01	-2.810278362551634213e-01	1.551741489475027824e-01	-1.966210758853352003e-01	1.797111089683214313e-01	-2.333853078608445486e-01	1.764617217027963370e-01	-1.300492744832640879e-01	1.593001408845641786e-01	-5.868985836495503594e-02	5.670292416494173565e-02	-1.502056207474919691e-01	1.485802131201847953e-01	-1.015529785243046990e-01	5.123287952370431803e-02	-6.271859744614406706e-02	1.321994000541983627e-01	-1.561482743549031105e-01	1.060453856470942591e-01	-9.444824842967393386e-02	1.205051393757951006e-01	-1.263408210575112933e-01	8.073156846518733665e-02	-6.370202701794733247e-02	7.845502240782183112e-02	-7.931400538454698446e-02	8.730313058969192685e-02	-8.478783358550544269e-02	5.760221974185952831e-02	-1.554534907935296306e-01	1.362030596717256903e-01	-1.493665499596150692e-01	5.837351732548722028e-02	-7.071579616444853555e-02
9.560863218855142343e-02	-1.149832596113277566e-01	1.188232045176150775e-01	-2.415477535212002536e-01	2.249047268902889252e-01	-7.165419234031013274e-02	8.462535487729633266e-02	-1.544147182915114880e-01	9.999999999999997780e-01	-9.077151050435723345e-01	6.284174738280702555e-02	-6.857485119098648274e-02	9.458552764735904395e-02	-1.234929815052482199e-01	1.222313941809408389e-01	-5.134227076516501703e-02	6.044118778677914916e-02	-7.895846176478749090e-02	8.420636642141875183e-02	-1.000439241401523544e-01	1.976318918206241074e-02	-1.934992159883199003e-02	6.614121462905148130e-02	-7.815211695261999048e-02	5.372956581574941243e-02	-2.209235612933658013e-02	2.690908108527669332e-02	-6.036861197792228739e-02	7.380758419607301446e-02	-5.488453306260194370e-02	4.106190904042904266e-02	-5.492897973720466120e-02	5.570822470142377386e-02	-3.663475868488981491e-02	2.906020217613350387e-02	-3.444461993218848883e-02	3.567481703756058414e-02	-3.961015052476057896e-02	3.786208860262869902e-02	-2.639604810096307999e-02	6.674193979328457704e-02	-6.539673185462306637e-02	6.632318079545615475e-02	-2.612744841597384321e-02	3.146191979178504516e-02
-9.034110919640155057e-02	1.006815131596840301e-01	-1.073381908818293040e-01	1.821168524803643829e-01	-3.012493540676591808e-01	6.610140421042785819e-02	-7.796359261233608284e-02	1.356841029884840177e-01	-9.077151050435723345e-01	1.000000000000000666e+00	-5.911294743464567264e-02	6.364897016475450087e-02	-9.034176970819607355e-02	1.063365487531586773e-01	-1.314727492945112763e-01	4.789742442906681774e-02	-5.692790099394910014e-02	7.395271046642373780e-02	-7.972308583988738095e-02	9.623442539583097755e-02	-1.885918967706368826e-02	1.842550108350908544e-02	-6.370285553514981602e-02	7.473470310553899376e-02	-5.193350320365536926e-02	2.149841081032108359e-02	-2.622882690281884768e-02	5.791269652574573129e-02	-7.189108204087946152e-02	5.297568201648457376e-02	-4.010117655688594934e-02	5.319935366041762120e-02	-5.415111421777487472e-02	3.558149621944849128e-02	-2.827236269860377085e-02	3.359762790729234339e-02	-3.469412585874490779e-02	3.845920140274478038e-02	-3.689212100258951882e-02	2.566202673214561941e-02	-6.540547496833037933e-02	6.336382037430351999e-02	-6.484739964067728901e-02	2.548451021037451136e-02	-3.071783170335581209e-02
2.415515869070448685e-01	-1.946793405388768106e-01	1.303434098192371160e-01	-1.570680276517426588e-01	1.471210880990415915e-01	-4.193419990075344383e-01	2.583692121625091875e-01	-2.432495761030681047e-01	6.284174738280702555e-02	-5.911294743464567264e-02	9.999999999999995559e-01	-4.398043037104458208e-01	1.579731236466845046e-01	-9.603348537542021057e-02	9.478963136688173252e-02	-6.492940381114264969e-01	3.125966621892360964e-01	-1.219933568374899080e-01	7.720364947916064091e-02	-8.919377712690775006e-02	6.745443639352886878e-02	-6.812873617384519742e-02	8.456056763176181268e-02	-8.430472362379869133e-02	5.466343440127801462e-02	-2.696970774999245257e-02	3.192374475659720545e-02	-7.710581600184086837e-02	7.815797359943840728e-02	-5.704165707655909495e-02	4.431378109689382977e-02	-6.200908452246692987e-02	6.321752649057152396e-02	-4.039672572860376204e-02	3.126719876888930244e-02	-3.716884091675904528e-02	3.859416062431212519e-02	-4.328460951976625254e-02	4.078661095453621488e-02	-2.838189315058342252e-02	6.885575354923427482e-02	-6.637205394867377872e-02	6.651160418623758286e-02	-2.729380066900349844e-02	3.269721064632852975e-02
-2.412034843797871420e-01	1.966630553801197445e-01	-1.402204792019741686e-01	1.544779859238802067e-01	-1.660684343145690800e-01	2.549190219677925917e-01	-4.587385964044912723e-01	2.472453885079222424e-01	-6.857485119098648274e-02	6.364897016475450087e-02	-4.398043037104458208e-01	1.000000000000000666e+00	-2.696728631199850623e-01	1.140423194564361697e-01	-1.100158377817437305e-01	2.951248087133619413e-01	-5.966912831104840276e-01	1.556253224143467340e-01	-9.444116173472415221e-02	1.019326159734620929e-01	-6.866796250119273914e-02	6.722157656542629423e-02	-1.015062506947342624e-01	9.624476374784131372e-02	-6.281350054385853587e-02	3.000677536173633128e-02	-3.574512638987999147e-02	8.926606952935726980e-02	-8.998064906160403720e-02	6.489409869105677853e-02	-5.007576365515030437e-02	7.000858865902361006e-02	-7.264470844278488049e-02	4.598855497451250635e-02	-3.561927293715981546e-02	4.193831562385874623e-02	-4.361626076598214274e-02	4.887753681092570773e-02	-4.644750754470807624e-02	3.224946791506768523e-02	-7.795286162459665047e-02	7.406410300468341257e-02	-7.498974207099358413e-02	3.091587164970758042e-02	-3.706292029450540537e-02
1.572776823060659801e-01	-1.536707232776904908e-01	1.223752999838447902e-01	-1.670323256853035454e-01	1.949542760638700856e-01	-1.444384942259600291e-01	1.736090916110388238e-01	-2.810278362551634213e-01	9.458552764735904395e-02	-9.034176970819607355e-02	1.579731236466845046e-01	-2.696728631199850623e-01	1.000000000000000666e+00	-3.528221838314146153e-01	2.263489524576400014e-01	-1.379999969303034313e-01	1.739569343933969614e-01	-6.681656198256378243e-01	2.677249234074686735e-01	-2.454003600070697733e-01	5.657428185375341229e-02	-5.679445316478724803e-02	2.430404714888420026e-01	-2.292281247220019913e-01	1.420506522928580984e-01	-5.278994626452030575e-02	6.263379120816575663e-02	-2.242801765521988677e-01	1.866981263207363184e-01	-1.439003944200562268e-01	9.069433497394849275e-02	-1.439574303920866938e-01	1.488888702114541385e-01	-9.369744791823371444e-02	7.100632194218949034e-02	-7.713510558763367331e-02	8.412688663400828826e-02	-9.654536845002108236e-02	9.018806405158033557e-02	-6.435485948927904820e-02	1.349688247587376710e-01	-1.392839234225177747e-01	1.307814743363530374e-01	-5.773296235378539559e-02	6.835122107802639457e-02
-1.059583237672653416e-01	9.926486998639195980e-02	-8.334255381239039084e-02	1.216315238205580018e-01	-1.736603168180272383e-01	8.649855705229543557e-02	-1.022761790012624433e-01	1.551741489475027824e-01	-1.234929815052482199e-01	1.063365487531586773e-01	-9.603348537542021057e-02	1.140423194564361697e-01	-3.528221838314146153e-01	1.000000000000000888e+00	-4.059401593069566494e-01	7.826480679974820442e-02	-1.030570212842405187e-01	2.778894644771099376e-01	-7.229256383483291248e-01	2.827506651969510787e-01	-4.089344970837534982e-02	3.982138109775076179e-02	-1.962426947663676313e-01	2.116310683759805578e-01	-1.572572672133784044e-01	4.379419783377323794e-02	-5.305669589986138773e-02	1.532239694496728422e-01	-1.973229210764521069e-01	1.400625755535100381e-01	-7.860805750615967868e-02	1.136819192868083056e-01	-1.258932999599810532e-01	7.987931680470342077e-02	-6.401808576924468419e-02	6.590467649405716555e-02	-7.060458691138578324e-02	7.926009675393715093e-02	-8.011762473426146947e-02	5.701631056154680965e-02	-1.213255615040017138e-01	1.169850134395718638e-01	-1.170746476712677814e-01	5.125731075137384546e-02	-6.139394262698348592e-02
1.165383259747538591e-01	-1.228950062107971586e-01	1.023371591195098435e-01	-1.629214859996871712e-01	2.060807968990078232e-01	-9.588292071231939440e-02	1.102722854732638702e-01	-1.966210758853352003e-01	1.222313941809408389e-01	-1.314727492945112763e-01	9.478963136688173252e-02	-1.100158377817437305e-01	2.263489524576400014e-01	-4.059401593069566494e-01	1.000000000000001998e+00	-8.010426441635466743e-02	9.718101283436723914e-02	-2.263490683994849317e-01	2.728086865581754727e-01	-6.801728431236131467e-01	4.315483521714103682e-02	-4.244941255377879946e-02	1.941263809062837020e-01	-3.106955227135564934e-01	2.282163036417917124e-01	-5.646451952396749907e-02	6.793081060550204553e-02	-1.824258057373660535e-01	2.406670925223525492e-01	-2.266042696063269024e-01	1.030188999782485487e-01	-1.532343427862365437e-01	1.537397769560841787e-01	-1.057787234420502626e-01	8.629517057873048458e-02	-8.749714897974299188e-02	9.462450374955372334e-02	-1.070996227615082508e-01	1.046537835485043949e-01	-7.823585699756978318e-02	1.594488933099321715e-01	-1.732631222704452412e-01	1.600676889729192032e-01	-6.899302020626943421e-02	8.197992415295406177e-02
-2.084583141634487879e-01	1.447756907738373677e-01	-1.025355110348069587e-01	1.191525456176858178e-01	-1.256249086342035304e-01	2.205120922217702617e-01	-2.129512085376709385e-01	1.797111089683214313e-01	-5.134227076516501703e-02	4.789742442906681774e-02	-6.492940381114264969e-01	2.951248087133619413e-01	-1.379999969303034313e-01	7.826480679974820442e-02	-8.010426441635466743e-02	1.000000000000001332e+00	-6.217705253494703044e-01	1.010964378734944130e-01	-6.478496703895771092e-02	7.350430258844405096e-02	-9.407140625351784191e-02	8.642881939238539202e-02	-7.409044695069171016e-02	7.020324258052058897e-02	-4.583053791092868423e-02	2.473138106349005022e-02	-2.902985155339963055e-02	6.533665691626171224e-02	-6.633999552269451150e-02	4.765023178258630254e-02	-3.824454311250934102e-02	5.249225873175938917e-02	-5.403969422689188645e-02	3.423896747198850593e-02	-2.651260733606751116e-02	3.191373127278375466e-02	-3.280704315325674164e-02	3.668333122975001720e-02	-3.467403157892765680e-02	2.402199781275383972e-02	-5.889989196694397217e-02	5.575290058812475136e-02	-5.641166036197123312e-02	2.314978963336201956e-02	-2.776216765167296291e-02
1.899451701545813720e-01	-1.763810898768926050e-01	1.200564482725507420e-01	-1.457345247894526186e-01	1.404507927263711764e-01	-2.268686099514855559e-01	2.377633572492730274e-01	-2.333853078608445486e-01	6.044118778677914916e-02	-5.692790099394910014e-02	3.125966621892360964e-01	-5.966912831104840276e-01	1.739569343933969614e-01	-1.030570212842405187e-01	9.718101283436723914e-02	-6.217705253494703044e-01	9.999999999999998890e-01	-1.416484955328054796e-01	8.372938498731000156e-02	-9.310476507491441400e-02	9.229271048704369707e-02	-1.003718197430891190e-01	9.159664501623752952e-02	-8.857620681371883298e-02	5.700346141138320361e-02	-2.890677499369528891e-02	3.388698457885615245e-02	-8.260957749781148995e-02	8.072000035576212817e-02	-5.922884613970769846e-02	4.535465943279164830e-02	-6.413753479604690499e-02	6.549328457171313400e-02	-4.164395815782247212e-02	3.210136608773454803e-02	-3.803193664950089981e-02	3.953323242827405659e-02	-4.445358772117086188e-02	4.174422810429014030e-02	-2.912741962387346839e-02	6.941146169833435631e-02	-6.736950324317882155e-02	6.682305200367923137e-02	-2.772520459232995921e-02	3.315522880839207737e-02
-1.212147401720009843e-01	1.096078353126403448e-01	-8.930069837352035134e-02	1.220478125224731397e-01	-1.654171102416533423e-01	1.032252939106300949e-01	-1.249820716772533646e-01	1.764617217027963370e-01	-7.895846176478749090e-02	7.395271046642373780e-02	-1.219933568374899080e-01	1.556253224143467340e-01	-6.681656198256378243e-01	2.778894644771099376e-01	-2.263490683994849317e-01	1.010964378734944130e-01	-1.416484955328054796e-01	9.999999999999980016e-01	-4.281079378084801657e-01	2.163732240929747697e-01	-5.501750375500133461e-02	5.411145743423442789e-02	-3.888590686766446036e-01	2.090793521137087330e-01	-1.374865528217137089e-01	4.849499536169820518e-02	-5.825052828735050731e-02	2.161655977447299315e-01	-1.856110081009157142e-01	1.305996287235137721e-01	-8.327713736398197064e-02	1.280378625713089469e-01	-1.491872904068830552e-01	8.730916029910887333e-02	-6.671116232443906335e-02	6.996984818309665011e-02	-7.643758394882174678e-02	8.676019479335231321e-02	-8.502492278728991659e-02	5.949985205480003841e-02	-1.238127183679406246e-01	1.204645696716035025e-01	-1.176187737527139565e-01	5.296601810226800322e-02	-6.303612121010440661e-02
8.492193657671891216e-02	-8.134156045265772406e-02	6.745303710786097751e-02	-9.904398698384372923e-02	1.351470173499785266e-01	-7.069981152076708353e-02	8.299518120077328809e-02	-1.300492744832640879e-01	8.420636642141875183e-02	-7.972308583988738095e-02	7.720364947916064091e-02	-9.444116173472415221e-02	2.677249234074686735e-01	-7.229256383483291248e-01	2.728086865581754727e-01	-6.478496703895771092e-02	8.372938498731000156e-02	-4.281079378084801657e-01	1.000000000000000222e+00	-3.762422324531752849e-01	3.554770440971638523e-02	-3.501242014190628776e-02	1.864179281865722126e-01	-2.426382312262216345e-01	1.555951440689563592e-01	-3.774945081967411020e-02	4.543647941738816753e-02	-1.486590299510778534e-01	1.748033472843391056e-01	-1.343351009817186359e-01	6.671722183535795658e-02	-1.002038046976209545e-01	1.103537950019103514e-01	-7.037292547300910694e-02	5.624911269053323865e-02	-5.617885439584530127e-02	6.087184756014377141e-02	-6.890751383425583465e-02	6.921120991134883937e-02	-5.011132956061627869e-02	1.012984343989687536e-01	-9.992147858296335228e-02	9.797464803563421532e-02	-4.382895692885713235e-02	5.225044068244465156e-02
-1.052533638684029216e-01	1.019420140786662654e-01	-8.517740969713241683e-02	1.286096804636961133e-01	-1.928532286717398458e-01	8.460430839449348261e-02	-9.812579695153354764e-02	1.593001408845641786e-01	-1.000439241401523544e-01	9.623442539583097755e-02	-8.919377712690775006e-02	1.019326159734620929e-01	-2.454003600070697733e-01	2.827506651969510787e-01	-6.801728431236131467e-01	7.350430258844405096e-02	-9.310476507491441400e-02	2.163732240929747697e-01	-3.762422324531752849e-01	1.000000000000000000e+00	-4.241431314869979763e-02	4.120757016191100436e-02	-2.021071676277957641e-01	2.746948709453005955e-01	-3.480833433474782579e-01	5.336694738532996724e-02	-6.494208186847871822e-02	1.713871813178023673e-01	-2.894280511169547987e-01	2.277638375243352387e-01	-9.791677440346770178e-02	1.386178366484667746e-01	-1.519390038775158547e-01	1.023218005221851884e-01	-8.642650401331461452e-02	8.203501840707604076e-02	-8.760044397754399026e-02	9.799728645057328991e-02	-1.034153141657981750e-01	7.605502726015914150e-02	-1.531367925031508759e-01	1.473185699282455186e-01	-1.494707652965766020e-01	6.617298070189223114e-02	-7.944693158282185863e-02
4.669401703956781169e-02	-4.126116796579824830e-02	3.070858193680121861e-02	-4.093055725706893494e-02	4.688569929345032250e-02	-4.635671307882696657e-02	4.828771837264386052e-02	-5.868985836495503594e-02	1.976318918206241074e-02	-1.885918967706368826e-02	6.745443639352886878e-02	-6.866796250119273914e-02	5.657428185375341229e-02	-4.089344970837534982e-02	4.315483521714103682e-02	-9.407140625351784191e-02	9.229271048704369707e-02	-5.501750375500133461e-02	3.554770440971638523e-02	-4.241431314869979763e-02	9.999999999999992228e-01	-9.785737409681941612e-01	8.365060826409666250e-02	-5.329963677483361140e-02	3.135773104730565225e-02	-5.791473591869102100e-02	5.663674788333655785e-02	-6.886014917177843420e-02	4.570385139656907292e-02	-3.310789559403543025e-02	3.719423597722097685e-02	-4.576901093930015735e-02	4.415889381018986426e-02	-2.637363713231825196e-02	1.925502819256637299e-02	-2.962330775751172152e-02	2.654469465765781772e-02	-2.978594109271628584e-02	2.517543181206051070e-02	-1.749036042133566421e-02	4.177703469627765814e-02	-3.994614792056518093e-02	3.575551392818058366e-02	-1.588304972016693628e-02	1.871140886697716249e-02
-4.658382404079417644e-02	4.015788727777443862e-02	-3.000723707212765365e-02	3.965299917370176258e-02	-4.620442851167427811e-02	4.536901345230919674e-02	-4.795627641024732130e-02	5.670292416494173565e-02	-1.934992159883199003e-02	1.842550108350908544e-02	-6.812873617384519742e-02	6.722157656542629423e-02	-5.679445316478724803e-02	3.982138109775076179e-02	-4.244941255377879946e-02	8.642881939238539202e-02	-1.003718197430891190e-01	5.411145743423442789e-02	-3.501242014190628776e-02	4.120757016191100436e-02	-9.785737409681941612e-01	1.000000000000000444e+00	-9.132070936653605142e-02	5.158652219672679035e-02	-3.071795368848072999e-02	5.420036588503677338e-02	-5.796746575949327657e-02	6.663310553173087958e-02	-4.509879619600632578e-02	3.219250610971742532e-02	-3.670682858055600295e-02	4.433965852389380041e-02	-4.366067073525089354e-02	2.575348080859273664e-02	-1.886858258383024983e-02	2.893569623031886154e-02	-2.593592380099208825e-02	2.897336100942206338e-02	-2.470555158364411141e-02	1.709247469456454116e-02	-4.125725058902965370e-02	3.874086354225485251e-02	-3.499288757529551985e-02	1.554300525571269964e-02	-1.833787514167450547e-02
9.352042283380350429e-02	-9.209678741064215857e-02	7.502944316011538051e-02	-1.113447040072588906e-01	1.485935307263878957e-01	-7.903816352265390088e-02	9.113100252638700605e-02	-1.502056207474919691e-01	6.614121462905148130e-02	-6.370285553514981602e-02	8.456056763176181268e-02	-1.015062506947342624e-01	2.430404714888420026e-01	-1.962426947663676313e-01	1.941263809062837020e-01	-7.409044695069171016e-02	9.159664501623752952e-02	-3.888590686766446036e-01	1.864179281865722126e-01	-2.021071676277957641e-01	8.365060826409666250e-02	-9.132070936653605142e-02	9.999999999999990008e-01	-3.567121799376665736e-01	1.723312824722386394e-01	-7.284570262141182306e-02	8.471659154853056206e-02	-6.755301222516759685e-01	2.411745868708108087e-01	-1.764355805608793792e-01	1.135566784210748775e-01	-2.084661439733281330e-01	2.393726383264817292e-01	-1.354476152869607264e-01	9.393433944865611784e-02	-9.727656124383195213e-02	1.114175955426022491e-01	-1.318770145363413193e-01	1.193285192295253788e-01	-8.475271577423142133e-02	1.545849476530031796e-01	-1.623481927060324848e-01	1.462938853002437312e-01	-7.123458037162895551e-02	8.298430321108693497e-02
-9.798597192238947540e-02	9.433364760342800859e-02	-7.808850565905943453e-02	1.168283272699911640e-01	-1.747368901759968340e-01	7.927983453400738734e-02	-9.169843840018281067e-02	1.485802131201847953e-01	-7.815211695261999048e-02	7.473470310553899376e-02	-8.430472362379869133e-02	9.624476374784131372e-02	-2.292281247220019913e-01	2.116310683759805578e-01	-3.106955227135564934e-01	7.020324258052058897e-02	-8.857620681371883298e-02	2.090793521137087330e-01	-2.426382312262216345e-01	2.746948709453005955e-01	-5.329963677483361140e-02	5.158652219672679035e-02	-3.567121799376665736e-01	9.999999999999988898e-01	-5.427452809170824066e-01	6.184701840433887848e-02	-7.504354714869640453e-02	2.378670336366995319e-01	-4.979037792329289447e-01	3.061997059570314983e-01	-1.105345366451438577e-01	1.639018258541486972e-01	-1.930231326890552435e-01	1.270254422652450921e-01	-1.079234275826918554e-01	9.255055389859562220e-02	-1.012964431612208976e-01	1.140293317508841303e-01	-1.254914658989787768e-01	9.339448085462952187e-02	-1.670630680891436737e-01	1.606201340131066524e-01	-1.616510000116812007e-01	7.665791419709234999e-02	-9.169949091978241151e-02
6.456405999463257772e-02	-6.386208010429365867e-02	5.283913369165837981e-02	-8.036600620567822817e-02	1.154548908846816796e-01	-5.259231189353703179e-02	6.064595978856362340e-02	-1.015529785243046990e-01	5.372956581574941243e-02	-5.193350320365536926e-02	5.466343440127801462e-02	-6.281350054385853587e-02	1.420506522928580984e-01	-1.572572672133784044e-01	2.282163036417917124e-01	-4.583053791092868423e-02	5.700346141138320361e-02	-1.374865528217137089e-01	1.555951440689563592e-01	-3.480833433474782579e-01	3.135773104730565225e-02	-3.071795368848072999e-02	1.723312824722386394e-01	-5.427452809170824066e-01	9.999999999999990008e-01	-4.059258574411935688e-02	4.875740438616837924e-02	-1.557237847011097853e-01	3.097504911372739866e-01	-6.657884385161771945e-01	7.274379608293904398e-02	-1.131579487726083050e-01	1.238439858727414244e-01	-9.776618949200312214e-02	9.546174555261510708e-02	-6.163882756278351444e-02	6.854007195033119670e-02	-7.834164636901684575e-02	9.116041834925422971e-02	-8.288188841208839197e-02	1.088262079278779493e-01	-1.125397268697421599e-01	1.084448494499090920e-01	-5.536673613061605242e-02	6.506777860875863351e-02
-3.111629194784684693e-02	3.210681129871799377e-02	-2.622958052317195254e-02	4.098460126065889969e-02	-5.765942840736022063e-02	2.597247269480406837e-02	-2.939768290268646514e-02	5.123287952370431803e-02	-2.209235612933658013e-02	2.149841081032108359e-02	-2.696970774999245257e-02	3.000677536173633128e-02	-5.278994626452030575e-02	4.379419783377323794e-02	-5.646451952396749907e-02	2.473138106349005022e-02	-2.890677499369528891e-02	4.849499536169820518e-02	-3.774945081967411020e-02	5.336694738532996724e-02	-5.791473591869102100e-02	5.420036588503677338e-02	-7.284570262141182306e-02	6.184701840433887848e-02	-4.059258574411935688e-02	9.999999999999980016e-01	-9.067357436585796737e-01	8.525865072531696454e-02	-6.650246565778644703e-02	4.538428179744510155e-02	-3.050423461331359665e-01	1.515782159777443738e-01	-9.760053096586500387e-02	5.559584955434125619e-02	-3.971620194167467532e-02	1.691645374748404207e-01	-9.317569740009006007e-02	9.345683841426216665e-02	-5.604650995990857754e-02	3.653077879845108289e-02	-1.526600378926293022e-01	1.107396083877219550e-01	-8.514610916973558430e-02	3.578135653081322004e-02	-4.185202808620402254e-02
3.746216388060839841e-02	-3.911674773363483376e-02	3.198466804422652604e-02	-5.032360027043539241e-02	7.029611899788434926e-02	-3.126032667786590030e-02	3.540190995330100288e-02	-6.271859744614406706e-02	2.690908108527669332e-02	-2.622882690281884768e-02	3.192374475659720545e-02	-3.574512638987999147e-02	6.263379120816575663e-02	-5.305669589986138773e-02	6.793081060550204553e-02	-2.902985155339963055e-02	3.388698457885615245e-02	-5.825052828735050731e-02	4.543647941738816753e-02	-6.494208186847871822e-02	5.663674788333655785e-02	-5.796746575949327657e-02	8.471659154853056206e-02	-7.504354714869640453e-02	4.875740438616837924e-02	-9.067357436585796737e-01	1.000000000000000888e+00	-1.061956811896774960e-01	7.873871137983344537e-02	-5.474842234954682696e-02	2.236395690034465034e-01	-1.885209410898016913e-01	1.126401826553926344e-01	-6.617300308761511762e-02	4.682494682839082045e-02	-1.883632835765087776e-01	1.056104860939769130e-01	-1.116395997783411198e-01	6.573769864592089729e-02	-4.339453747323675226e-02	1.548671539569587141e-01	-1.380288823843166812e-01	1.016169188416062019e-01	-4.253305830223484685e-02	4.957183092808782610e-02
-8.617833087947245063e-02	8.293849985583276463e-02	-6.800170944579009280e-02	1.006553356067556998e-01	-1.433376786871211062e-01	7.108751609683984507e-02	-8.237629431206203168e-02	1.321994000541983627e-01	-6.036861197792228739e-02	5.791269652574573129e-02	-7.710581600184086837e-02	8.926606952935726980e-02	-2.242801765521988677e-01	1.532239694496728422e-01	-1.824258057373660535e-01	6.533665691626171224e-02	-8.260957749781148995e-02	2.161655977447299315e-01	-1.486590299510778534e-01	1.713871813178023673e-01	-6.886014917177843420e-02	6.663310553173087958e-02	-6.755301222516759685e-01	2.378670336366995319e-01	-1.557237847011097853e-01	8.525865072531696454e-02	-1.061956811896774960e-01	9.999999999999983347e-01	-3.036106752665223008e-01	1.662689453644384252e-01	-1.322856411625891182e-01	2.249327255754764443e-01	-4.542458682580433615e-01	1.636098158405425995e-01	-1.136081461523450187e-01	1.093199729077537347e-01	-1.295977816989806186e-01	1.475357947665138780e-01	-1.489127057359941886e-01	9.786892858881765522e-02	-1.762994863988622263e-01	1.665966965487619411e-01	-1.595578021512849554e-01	8.159768140934806069e-02	-9.610344003502020727e-02
9.418538583722961544e-02	-9.669955758370352150e-02	7.957802563343617519e-02	-1.235384874615340495e-01	1.683037343207071379e-01	-7.754763854595961292e-02	8.892405402685164828e-02	-1.561482743549031105e-01	7.380758419607301446e-02	-7.189108204087946152e-02	7.815797359943840728e-02	-8.998064906160403720e-02	1.866981263207363184e-01	-1.973229210764521069e-01	2.406670925223525492e-01	-6.633999552269451150e-02	8.072000035576212817e-02	-1.856110081009157142e-01	1.748033472843391056e-01	-2.894280511169547987e-01	4.570385139656907292e-02	-4.509879619600632578e-02	2.411745868708108087e-01	-4.979037792329289447e-01	3.097504911372739866e-01	-6.650246565778644703e-02	7.873871137983344537e-02	-3.036106752665223008e-01	9.999999999999988898e-01	-5.829387165775588020e-01	1.170554584038389079e-01	-1.957387547811767214e-01	2.004187040876335979e-01	-1.609492867906001934e-01	1.317756083604336992e-01	-1.006115200794835407e-01	1.137280421485261372e-01	-1.321852401351504835e-01	1.412495973128077842e-01	-1.194767556597196440e-01	1.706623018143158810e-01	-1.943367539573179759e-01	1.721401534858673643e-01	-8.674733075457224940e-02	1.006063703119708941e-01
-6.788174735162247342e-02	6.694608599139779959e-02	-5.541540400581178999e-02	8.436378080531808932e-02	-1.241859680172539004e-01	5.497313128519587533e-02	-6.330729109234119190e-02	1.060453856470942591e-01	-5.488453306260194370e-02	5.297568201648457376e-02	-5.704165707655909495e-02	6.489409869105677853e-02	-1.439003944200562268e-01	1.400625755535100381e-01	-2.266042696063269024e-01	4.765023178258630254e-02	-5.922884613970769846e-02	1.305996287235137721e-01	-1.343351009817186359e-01	2.277638375243352387e-01	-3.310789559403543025e-02	3.219250610971742532e-02	-1.764355805608793792e-01	3.061997059570314983e-01	-6.657884385161771945e-01	4.538428179744510155e-02	-5.474842234954682696e-02	1.662689453644384252e-01	-5.829387165775588020e-01	9.999999999999997780e-01	-8.229614807010024458e-02	1.264691591669088455e-01	-1.436793190878704329e-01	1.224018867973324098e-01	-1.432350569797121165e-01	6.955852789000499525e-02	-7.804302369219517921e-02	8.892572043128330050e-02	-1.157098065911619234e-01	1.083546000453397135e-01	-1.232905792614941154e-01	1.264309518960674006e-01	-1.248709726155842747e-01	6.770110528406454720e-02	-8.017330243188403038e-02
5.494244674835170594e-02	-5.850569789893291656e-02	4.812584736406522873e-02	-7.682683611464020956e-02	1.089137480952046128e-01	-4.525134430175004052e-02	5.154264317897123970e-02	-9.444824842967393386e-02	4.106190904042904266e-02	-4.010117655688594934e-02	4.431378109689382977e-02	-5.007576365515030437e-02	9.069433497394849275e-02	-7.860805750615967868e-02	1.030188999782485487e-01	-3.824454311250934102e-02	4.535465943279164830e-02	-8.327713736398197064e-02	6.671722183535795658e-02	-9.791677440346770178e-02	3.719423597722097685e-02	-3.670682858055600295e-02	1.135566784210748775e-01	-1.105345366451438577e-01	7.274379608293904398e-02	-3.050423461331359665e-01	2.236395690034465034e-01	-1.322856411625891182e-01	1.170554584038389079e-01	-8.229614807010024458e-02	1.000000000000000666e+00	-3.908769397982395644e-01	1.871401487792104246e-01	-1.092442051461341712e-01	7.661691017074585830e-02	-6.977853604367858509e-01	2.173724728647332405e-01	-2.200988143890824644e-01	1.096000646226663738e-01	-7.138464613971759465e-02	2.965323616228334735e-01	-2.351051458531165927e-01	1.703376201055114558e-01	-7.071373349520843066e-02	8.204922105245457398e-02
-7.466078956825047963e-02	7.555249178129036514e-02	-6.227550273814590198e-02	9.641481788452276047e-02	-1.429963610333467028e-01	6.080658968099889039e-02	-6.966287263618937964e-02	1.205051393757951006e-01	-5.492897973720466120e-02	5.319935366041762120e-02	-6.200908452246692987e-02	7.000858865902361006e-02	-1.439574303920866938e-01	1.136819192868083056e-01	-1.532343427862365437e-01	5.249225873175938917e-02	-6.413753479604690499e-02	1.280378625713089469e-01	-1.002038046976209545e-01	1.386178366484667746e-01	-4.576901093930015735e-02	4.433965852389380041e-02	-2.084661439733281330e-01	1.639018258541486972e-01	-1.131579487726083050e-01	1.515782159777443738e-01	-1.885209410898016913e-01	2.249327255754764443e-01	-1.957387547811767214e-01	1.264691591669088455e-01	-3.908769397982395644e-01	1.000000000000000888e+00	-5.373060689621852459e-01	2.038504312669458252e-01	-1.467566981130505044e-01	2.521120942516943408e-01	-3.725752874475076193e-01	2.757543672537699497e-01	-2.121619521987984092e-01	1.266553215076460792e-01	-3.613929523999632742e-01	2.527465882234459782e-01	-2.488606737024779414e-01	1.170815579160566638e-01	-1.390774106583609893e-01
7.580445575802435831e-02	-7.804187865503862953e-02	6.408627785099403618e-02	-9.960073723923823508e-02	1.387278060160750115e-01	-6.261634567986965050e-02	7.168264484007283444e-02	-1.263408210575112933e-01	5.570822470142377386e-02	-5.415111421777487472e-02	6.321752649057152396e-02	-7.264470844278488049e-02	1.488888702114541385e-01	-1.258932999599810532e-01	1.537397769560841787e-01	-5.403969422689188645e-02	6.549328457171313400e-02	-1.491872904068830552e-01	1.103537950019103514e-01	-1.519390038775158547e-01	4.415889381018986426e-02	-4.366067073525089354e-02	2.393726383264817292e-01	-1.930231326890552435e-01	1.238439858727414244e-01	-9.760053096586500387e-02	1.126401826553926344e-01	-4.542458682580433615e-01	2.004187040876335979e-01	-1.436793190878704329e-01	1.871401487792104246e-01	-5.373060689621852459e-01	9.999999999999987788e-01	-3.821480784526962160e-01	1.719207449070640492e-01	-1.627312446246543254e-01	2.217432560575328948e-01	-2.986439963568705558e-01	2.288763802475375919e-01	-1.546971635234020981e-01	2.208474295126954257e-01	-2.371228873648062452e-01	2.054725712163209261e-01	-1.193584180705511977e-01	1.335872873796616067e-01
-4.894547771391767610e-02	5.024196488261169213e-02	-4.137374828419221329e-02	6.447090035227040494e-02	-9.247419046279611865e-02	4.008857211826183375e-02	-4.591911714948850032e-02	8.073156846518733665e-02	-3.663475868488981491e-02	3.558149621944849128e-02	-4.039672572860376204e-02	4.598855497451250635e-02	-9.369744791823371444e-02	7.987931680470342077e-02	-1.057787234420502626e-01	3.423896747198850593e-02	-4.164395815782247212e-02	8.730916029910887333e-02	-7.037292547300910694e-02	1.023218005221851884e-01	-2.637363713231825196e-02	2.575348080859273664e-02	-1.354476152869607264e-01	1.270254422652450921e-01	-9.776618949200312214e-02	5.559584955434125619e-02	-6.617300308761511762e-02	1.636098158405425995e-01	-1.609492867906001934e-01	1.224018867973324098e-01	-1.092442051461341712e-01	2.038504312669458252e-01	-3.821480784526962160e-01	1.000000000000001110e+00	-4.843037428966030511e-01	9.398393021118491009e-02	-1.321995557810976829e-01	1.573007121084642468e-01	-6.368036139710788746e-01	2.980984393092227513e-01	-1.440743149941565160e-01	1.678402955940320740e-01	-1.742932180517698382e-01	1.857399329049366776e-01	-2.160757006704809025e-01
