1.000000000000000000e+00	-7.515224476796703579e-01	8.949750327335326272e-02	-8.423604420687286209e-02	4.750404627398061019e-02	-5.605374014775774683e-01	3.106773248448258529e-01	-8.626769062825338785e-02	6.449595819345209369e-02	-3.909832280977725005e-02	1.151338422223163460e-01	-1.207219030422117673e-01	7.640911631066137077e-02	-5.171621530616118956e-02	5.054058246588440800e-02	-4.739896221308410179e-02	3.212107372972951985e-02	-4.973317140991038304e-02	4.959222557984705598e-02	-3.817978080376341343e-02	5.523616993862242447e-02	-3.187536830752414618e-02	5.301293759958029816e-02	-3.846355996744089262e-02	3.462652178296449224e-02
-7.515224476796703579e-01	1.000000000000000000e+00	-1.236332965701963105e-01	9.888375701573680343e-02	-5.903910467201082396e-02	3.219642461550027424e-01	-5.201168706777393735e-01	1.031379087062829908e-01	-8.049620983335563362e-02	4.765994639401517630e-02	-1.562432315340601396e-01	1.501020829178978944e-01	-9.771140297555348797e-02	6.402113290049750438e-02	-6.312453925249059128e-02	6.053020712181218094e-02	-4.035307352785641455e-02	6.148895046872238784e-02	-6.185806824380236241e-02	4.709553816533551540e-02	-7.244168554130525628e-02	3.961370757542603815e-02	-6.606192760999529678e-02	4.714491122349039748e-02	-4.280622051660699923e-02
8.949750327335326272e-02	-1.236332965701963105e-01	9.999999999999995559e-01	-8.777954501451713520e-01	1.418581565590966431e-01	-7.798755599503355562e-02	9.005553982997352436e-02	-3.479755447220759801e-01	2.391340851561619685e-01	-1.315501684547318029e-01	7.647736463424693876e-02	-7.560966404956338816e-02	1.096172738475969938e-01	-9.897593364612239375e-02	8.992808871264168502e-02	-3.896350686530782037e-02	3.924203307406256419e-02	-7.529452573712466790e-02	8.449051557882948649e-02	-6.592277674815176514e-02	4.576191404921782502e-02	-3.964761112255724834e-02	7.979934666190055537e-02	-6.295008029435077146e-02	5.678629881932895085e-02
-8.423604420687286209e-02	9.888375701573680343e-02	-8.777954501451713520e-01	9.999999999999995559e-01	-1.710118649844505345e-01	6.944794438433482542e-02	-8.317986169640530225e-02	2.553208396159414306e-01	-3.308029784638601423e-01	1.414867544297264135e-01	-7.571154594823546746e-02	7.218210350311969614e-02	-1.107375543993720929e-01	1.030423851297866261e-01	-9.549314031097624889e-02	3.814861081123249731e-02	-3.899565116108300034e-02	7.480306330569322371e-02	-8.852666299829307917e-02	6.717853055192381240e-02	-4.536715544633732056e-02	3.905853523426302404e-02	-8.075903704522453819e-02	6.267773741625380646e-02	-5.776024873359977829e-02
4.750404627398061019e-02	-5.903910467201082396e-02	1.418581565590966431e-01	-1.710118649844505345e-01	9.999999999999996669e-01	-5.992258300337847260e-02	6.466489584146700720e-02	-3.552156947793985720e-01	2.825147811439311929e-01	-8.387485845775782822e-01	8.601272328697234792e-02	-8.407702980217449107e-02	1.380839796335496805e-01	-1.344151545886222154e-01	1.304508539578744797e-01	-4.791045746229432439e-02	5.290911086191985024e-02	-1.027530811755510837e-01	1.153990524682515922e-01	-9.720470923211292635e-02	5.616977520833889292e-02	-5.405989137002807643e-02	1.120231841482817459e-01	-9.336000259933935341e-02	8.245153169345419142e-02
-5.605374014775774683e-01	3.219642461550027424e-01	-7.798755599503355562e-02	6.944794438433482542e-02	-5.992258300337847260e-02	1.000000000000000000e+00	-7.083618647016077796e-01	1.013339147123231004e-01	-7.941799666943223646e-02	4.743717500102790502e-02	-1.984316080830673401e-01	1.846642056342539806e-01	-1.131283560126148807e-01	7.101887687161682894e-02	-7.015606590229550577e-02	7.328341101776859878e-02	-4.693613721088022578e-02	6.980750766383418682e-02	-6.918143378469442106e-02	5.245839198512421142e-02	-8.774434593417840267e-02	4.588369710577336336e-02	-7.461973808176472489e-02	5.270435990968395934e-02	-4.780694093519106264e-02
3.106773248448258529e-01	-5.201168706777393735e-01	9.005553982997352436e-02	-8.317986169640530225e-02	6.466489584146700720e-02	-7.083618647016077796e-01	1.000000000000000222e+00	-1.270361003067634331e-01	8.874524638194744575e-02	-5.244489922891241995e-02	1.944132207536965473e-01	-2.838681378877396244e-01	1.230932716875411392e-01	-7.876815807313826412e-02	7.413243285515841441e-02	-7.541493039248779728e-02	4.970467450793235320e-02	-7.662961155368537558e-02	7.360485190941588873e-02	-5.645500761547642132e-02	8.533907322177688992e-02	-4.924570485890599619e-02	7.807016747598805040e-02	-5.670285600248600733e-02	5.057066601906735903e-02
-8.626769062825338785e-02	1.031379087062829908e-01	-3.479755447220759801e-01	2.553208396159414306e-01	-3.552156947793985720e-01	1.013339147123231004e-01	-1.270361003067634331e-01	1.000000000000000000e+00	-6.857703651655268073e-01	2.575215195542336910e-01	-1.436772532327479368e-01	1.365955183070094725e-01	-2.749681792451743045e-01	2.124260341546641284e-01	-1.981089078657090607e-01	7.207331448880803515e-02	-7.863722893931616997e-02	1.567501852224317815e-01	-1.853431849908259987e-01	1.361986366297280315e-01	-8.596274887808781628e-02	7.795946916471543919e-02	-1.668008448896550477e-01	1.250795744475173277e-01	-1.171399068670203603e-01
6.449595819345209369e-02	-8.049620983335563362e-02	2.391340851561619685e-01	-3.308029784638601423e-01	2.825147811439311929e-01	-7.941799666943223646e-02	8.874524638194744575e-02	-6.857703651655268073e-01	1.000000000000000222e+00	-4.265324507343764560e-01	1.085330293091311266e-01	-1.098935603201823680e-01	1.960475228384530033e-01	-2.562373517369445630e-01	1.724982062747120737e-01	-5.793966742390645880e-02	6.487766923652628359e-02	-1.358204137182426052e-01	1.602019585198714291e-01	-1.253134208333144539e-01	6.733270024497517436e-02	-6.609325787861131118e-02	1.340980683787523497e-01	-1.120211432228401249e-01	9.974457323218489935e-02
-3.909832280977725005e-02	4.765994639401517630e-02	-1.315501684547318029e-01	1.414867544297264135e-01	-8.387485845775782822e-01	4.743717500102790502e-02	-5.244489922891241995e-02	2.575215195542336910e-01	-4.265324507343764560e-01	1.000000000000000000e+00	-7.293099327607831250e-02	6.990844075101830535e-02	-1.237222336361572944e-01	1.260842147551513859e-01	-1.288439796235426038e-01	3.947011508161830939e-02	-4.443574274497030796e-02	8.775193962653943247e-02	-1.063753357534458349e-01	8.608676033892330437e-02	-4.669155369122866828e-02	4.483170704299365567e-02	-9.584383581723304735e-02	7.809199319900328451e-02	-7.162416488193787401e-02
1.151338422223163460e-01	-1.562432315340601396e-01	7.647736463424693876e-02	-7.571154594823546746e-02	8.601272328697234792e-02	-1.984316080830673401e-01	1.944132207536965473e-01	-1.436772532327479368e-01	1.085330293091311266e-01	-7.293099327607831250e-02	1.000000000000000222e+00	-7.591335419557772024e-01	2.357443433977692848e-01	-1.585337510188002119e-01	1.391406026956081843e-01	-3.219586959745616705e-01	1.164801180744749476e-01	-1.687375166469451959e-01	1.434728707171910866e-01	-1.152281136088888491e-01	2.292002158060155448e-01	-1.213552832891418021e-01	1.565381980419271180e-01	-1.209231196284808046e-01	1.017556454735799032e-01
-1.207219030422117673e-01	1.501020829178978944e-01	-7.560966404956338816e-02	7.218210350311969614e-02	-8.407702980217449107e-02	1.846642056342539806e-01	-2.838681378877396244e-01	1.365955183070094725e-01	-1.098935603201823680e-01	6.990844075101830535e-02	-7.591335419557772024e-01	9.999999999999992228e-01	-3.652866358666346236e-01	1.635608498733824578e-01	-1.475693396535177060e-01	1.886597115248588030e-01	-1.176795554685091533e-01	1.669512850405242554e-01	-1.508200463849128647e-01	1.126433859768045803e-01	-2.166139709544792902e-01	1.108946306184538516e-01	-1.598937151305737103e-01	1.123988207969701392e-01	-9.908167388402239206e-02
7.640911631066137077e-02	-9.771140297555348797e-02	1.096172738475969938e-01	-1.107375543993720929e-01	1.380839796335496805e-01	-1.131283560126148807e-01	1.230932716875411392e-01	-2.749681792451743045e-01	1.960475228384530033e-01	-1.237222336361572944e-01	2.357443433977692848e-01	-3.652866358666346236e-01	9.999999999999992228e-01	-5.025306605750328171e-01	2.654797583122888716e-01	-1.234801611845725150e-01	1.445748422022725133e-01	-4.547646401394243032e-01	2.901479569969304118e-01	-2.263841541137829316e-01	1.324862789198091861e-01	-1.507114614833193755e-01	2.651113593745521024e-01	-2.127386010080479506e-01	1.738439247757480322e-01
-5.171621530616118956e-02	6.402113290049750438e-02	-9.897593364612239375e-02	1.030423851297866261e-01	-1.344151545886222154e-01	7.101887687161682894e-02	-7.876815807313826412e-02	2.124260341546641284e-01	-2.562373517369445630e-01	1.260842147551513859e-01	-1.585337510188002119e-01	1.635608498733824578e-01	-5.025306605750328171e-01	9.999999999999992228e-01	-5.442928993165445650e-01	8.120443198787541395e-02	-1.048502765686626509e-01	2.577734160065275892e-01	-4.935963427275130710e-01	2.705604380686112420e-01	-9.308103821713206716e-02	1.049634459019480881e-01	-2.200441758174221385e-01	1.941296871684668746e-01	-1.829545448797290641e-01
5.054058246588440800e-02	-6.312453925249059128e-02	8.992808871264168502e-02	-9.549314031097624889e-02	1.304508539578744797e-01	-7.015606590229550577e-02	7.413243285515841441e-02	-1.981089078657090607e-01	1.724982062747120737e-01	-1.288439796235426038e-01	1.391406026956081843e-01	-1.475693396535177060e-01	2.654797583122888716e-01	-5.442928993165445650e-01	9.999999999999986677e-01	-8.248447709663082883e-02	1.054589690915348210e-01	-2.418918337518354833e-01	3.126645525216915078e-01	-5.674457083575613625e-01	9.308928024626642039e-02	-1.107867945118825581e-01	2.279377168183425173e-01	-2.900217400087786168e-01	2.492951780807534101e-01
-4.739896221308410179e-02	6.053020712181218094e-02	-3.896350686530782037e-02	3.814861081123249731e-02	-4.791045746229432439e-02	7.328341101776859878e-02	-7.541493039248779728e-02	7.207331448880803515e-02	-5.793966742390645880e-02	3.947011508161830939e-02	-3.219586959745616705e-01	1.886597115248588030e-01	-1.234801611845725150e-01	8.120443198787541395e-02	-8.248447709663082883e-02	9.999999999999992228e-01	-1.483086894680241685e-01	9.941201066747225312e-02	-8.656260546030260239e-02	6.612623681863226410e-02	-8.888076849194944673e-01	1.358992241487045616e-01	-1.065193897034432680e-01	7.148989104796492355e-02	-6.236361156014925966e-02
3.212107372972951985e-02	-4.035307352785641455e-02	3.924203307406256419e-02	-3.899565116108300034e-02	5.290911086191985024e-02	-4.693613721088022578e-02	4.970467450793235320e-02	-7.863722893931616997e-02	6.487766923652628359e-02	-4.443574274497030796e-02	1.164801180744749476e-01	-1.176795554685091533e-01	1.445748422022725133e-01	-1.048502765686626509e-01	1.054589690915348210e-01	-1.483086894680241685e-01	9.999999999999995559e-01	-2.539206095908535521e-01	1.354558928723373357e-01	-9.622619074976861142e-02	1.432761111055444458e-01	-9.091619445848595493e-01	1.970953388154654540e-01	-1.113260848556689997e-01	8.989884061344384503e-02
-4.973317140991038304e-02	6.148895046872238784e-02	-7.529452573712466790e-02	7.480306330569322371e-02	-1.027530811755510837e-01	6.980750766383418682e-02	-7.662961155368537558e-02	1.567501852224317815e-01	-1.358204137182426052e-01	8.775193962653943247e-02	-1.687375166469451959e-01	1.669512850405242554e-01	-4.547646401394243032e-01	2.577734160065275892e-01	-2.418918337518354833e-01	9.941201066747225312e-02	-2.539206095908535521e-01	9.999999999999996669e-01	-4.741889919429146949e-01	2.220981983796585235e-01	-1.133858495908610653e-01	2.022226182590612098e-01	-5.765019773337474174e-01	2.274315757091407708e-01	-1.970183873868205648e-01
4.959222557984705598e-02	-6.185806824380236241e-02	8.449051557882948649e-02	-8.852666299829307917e-02	1.153990524682515922e-01	-6.918143378469442106e-02	7.360485190941588873e-02	-1.853431849908259987e-01	1.602019585198714291e-01	-1.063753357534458349e-01	1.434728707171910866e-01	-1.508200463849128647e-01	2.901479569969304118e-01	-4.935963427275130710e-01	3.126645525216915078e-01	-8.656260546030260239e-02	1.354558928723373357e-01	-4.741889919429146949e-01	9.999999999999990008e-01	-4.834041635441390095e-01	9.729324713425129001e-02	-1.417512733034939632e-01	2.739208236740657831e-01	-2.878775382876738731e-01	2.380445396592051621e-01
-3.817978080376341343e-02	4.709553816533551540e-02	-6.592277674815176514e-02	6.717853055192381240e-02	-9.720470923211292635e-02	5.245839198512421142e-02	-5.645500761547642132e-02	1.361986366297280315e-01	-1.253134208333144539e-01	8.608676033892330437e-02	-1.152281136088888491e-01	1.126433859768045803e-01	-2.263841541137829316e-01	2.705604380686112420e-01	-5.674457083575613625e-01	6.612623681863226410e-02	-9.622619074976861142e-02	2.220981983796585235e-01	-4.834041635441390095e-01	9.999999999999985567e-01	-7.664676530441219549e-02	9.661878850214702941e-02	-2.384147958374162046e-01	2.835847417027454465e-01	-5.050869248557248170e-01
5.523616993862242447e-02	-7.244168554130525628e-02	4.576191404921782502e-02	-4.536715544633732056e-02	5.616977520833889292e-02	-8.774434593417840267e-02	8.533907322177688992e-02	-8.596274887808781628e-02	6.733270024497517436e-02	-4.669155369122866828e-02	2.292002158060155448e-01	-2.166139709544792902e-01	1.324862789198091861e-01	-9.308103821713206716e-02	9.308928024626642039e-02	-8.888076849194944673e-01	1.432761111055444458e-01	-1.133858495908610653e-01	9.729324713425129001e-02	-7.664676530441219549e-02	9.999999999999995559e-01	-1.673813590812019414e-01	1.192432537249147051e-01	-8.467521725689831913e-02	7.210979855530705307e-02
-3.187536830752414618e-02	3.961370757542603815e-02	-3.964761112255724834e-02	3.905853523426302404e-02	-5.405989137002807643e-02	4.588369710577336336e-02	-4.924570485890599619e-02	7.795946916471543919e-02	-6.609325787861131118e-02	4.483170704299365567e-02	-1.213552832891418021e-01	1.108946306184538516e-01	-1.507114614833193755e-01	1.049634459019480881e-01	-1.107867945118825581e-01	1.358992241487045616e-01	-9.091619445848595493e-01	2.022226182590612098e-01	-1.417512733034939632e-01	9.661878850214702941e-02	-1.673813590812019414e-01	1.000000000000000000e+00	-2.409997977896160548e-01	1.122500173204420415e-01	-9.520869052108618669e-02
5.301293759958029816e-02	-6.606192760999529678e-02	7.979934666190055537e-02	-8.075903704522453819e-02	1.120231841482817459e-01	-7.461973808176472489e-02	7.807016747598805040e-02	-1.668008448896550477e-01	1.340980683787523497e-01	-9.584383581723304735e-02	1.565381980419271180e-01	-1.598937151305737103e-01	2.651113593745521024e-01	-2.200441758174221385e-01	2.279377168183425173e-01	-1.065193897034432680e-01	1.970953388154654540e-01	-5.765019773337474174e-01	2.739208236740657831e-01	-2.384147958374162046e-01	1.192432537249147051e-01	-2.409997977896160548e-01	1.000000000000000000e+00	-4.290604674040519595e-01	2.430699525449304121e-01
-3.846355996744089262e-02	4.714491122349039748e-02	-6.295008029435077146e-02	6.267773741625380646e-02	-9.336000259933935341e-02	5.270435990968395934e-02	-5.670285600248600733e-02	1.250795744475173277e-01	-1.120211432228401249e-01	7.809199319900328451e-02	-1.209231196284808046e-01	1.123988207969701392e-01	-2.127386010080479506e-01	1.941296871684668746e-01	-2.900217400087786168e-01	7.148989104796492355e-02	-1.113260848556689997e-01	2.274315757091407708e-01	-2.878775382876738731e-01	2.835847417027454465e-01	-8.467521725689831913e-02	1.122500173204420415e-01	-4.290604674040519595e-01	9.999999999999998890e-01	-7.257247071644500336e-01
3.462652178296449224e-02	-4.280622051660699923e-02	5.678629881932895085e-02	-5.776024873359977829e-02	8.245153169345419142e-02	-4.780694093519106264e-02	5.057066601906735903e-02	-1.171399068670203603e-01	9.974457323218489935e-02	-7.162416488193787401e-02	1.017556454735799032e-01	-9.908167388402239206e-02	1.738439247757480322e-01	-1.829545448797290641e-01	2.492951780807534101e-01	-6.236361156014925966e-02	8.989884061344384503e-02	-1.970183873868205648e-01	2.380445396592051621e-01	-5.050869248557248170e-01	7.210979855530705307e-02	-9.520869052108618669e-02	2.430699525449304121e-01	-7.257247071644500336e-01	9.999999999999998890e-01
