1.000000000000000000e+00	-3.976856513944228011e-01	1.644714068705885324e-01	-1.535126780827971715e-01	1.208208260783903421e-01	-8.055414589409504167e-01	2.690106209835668172e-01	-1.791599804227584636e-01	1.354051163320540152e-01	-9.446250223320108719e-02	2.239061551599687838e-01	-2.461850308416329847e-01	1.679146304506624332e-01	-1.127769292386523459e-01	1.019474488357106218e-01	-2.078997990558155151e-01	1.419299957389625610e-01	-1.115334656353989817e-01	1.024554055453205520e-01	-1.097318196455163292e-01	1.413061258323965452e-01	-1.054535049663755525e-01	9.986292039940480869e-02	-6.745409158536344596e-02	7.795223207713292135e-02
-3.976856513944228011e-01	9.999999999999998890e-01	-4.185525612556506569e-01	2.460703246805852618e-01	-2.103207202666974029e-01	2.696227173357435003e-01	-5.826014281603794087e-01	2.865278965179670623e-01	-2.415853566931933649e-01	1.532486663202082267e-01	-2.451891441731858523e-01	2.800128142894721117e-01	-2.736875411100537780e-01	1.710638267453475636e-01	-1.645714728027234397e-01	2.001920089485467458e-01	-2.103643879254279425e-01	1.633381963191826436e-01	-1.567549009391629999e-01	1.579935552870600501e-01	-1.930754679915041017e-01	1.462517691621546545e-01	-1.485291729769550595e-01	9.764011868512820214e-02	-1.159780613690752638e-01
1.644714068705885324e-01	-4.185525612556506569e-01	1.000000000000000000e+00	-6.259252179361668444e-01	1.952872951485903619e-01	-1.539065112937573754e-01	2.464648286531685439e-01	-5.189251314209928356e-01	2.875261109177563723e-01	-1.657527011754762192e-01	1.494702809236059526e-01	-2.068335062084535603e-01	2.295364363816722042e-01	-1.778976760742675411e-01	1.547504307610629293e-01	-1.502043477517223391e-01	1.553443973940647760e-01	-1.428278442150217320e-01	1.344996598709617686e-01	-1.448496735903662958e-01	1.366307280238428234e-01	-1.180795668197529291e-01	1.164280216290238396e-01	-8.037722806919136986e-02	9.215571531091415469e-02
-1.535126780827971715e-01	2.460703246805852618e-01	-6.259252179361668444e-01	1.000000000000000000e+00	-3.086274906284717234e-01	1.341778636093071964e-01	-2.130349118293431154e-01	3.071566169886800757e-01	-5.377330274404169552e-01	2.259541546623955455e-01	-1.481864290807987650e-01	1.844395631905353661e-01	-2.441170655843001025e-01	2.154415421383551466e-01	-2.096257327345125987e-01	1.480010920666595953e-01	-1.749197667291041147e-01	1.512602322890949647e-01	-1.590519703962881559e-01	1.650238948267053196e-01	-1.491812616315428552e-01	1.280870620747786015e-01	-1.311267908181491249e-01	9.001675765697415843e-02	-1.058227583918278925e-01
1.208208260783903421e-01	-2.103207202666974029e-01	1.952872951485903619e-01	-3.086274906284717234e-01	9.999999999999998890e-01	-1.194583131540152415e-01	1.612467728838795356e-01	-2.389818474844389307e-01	2.878919238583348417e-01	-7.418009334955227851e-01	1.372621991871001146e-01	-1.848641583933310906e-01	2.062634239969252659e-01	-3.020249377972105131e-01	2.702998419334032842e-01	-1.638275965937960044e-01	1.750320255086846022e-01	-1.617068450102311927e-01	1.776764044684895349e-01	-2.388787874962338131e-01	1.572382838825008566e-01	-1.453148329777330106e-01	1.380016942756981946e-01	-1.054673143685860570e-01	1.183253601922871490e-01
-8.055414589409504167e-01	2.696227173357435003e-01	-1.539065112937573754e-01	1.341778636093071964e-01	-1.194583131540152415e-01	1.000000000000000222e+00	-3.657858499573962696e-01	1.684089006838917213e-01	-1.324719435047140292e-01	9.021165328994680543e-02	-3.066462327037786095e-01	2.341491687633362739e-01	-1.707667352625314161e-01	1.064875243740363298e-01	-9.903576539240457888e-02	1.921106998308891312e-01	-1.427974646059842201e-01	1.080196778302763838e-01	-9.992596670077699694e-02	1.035631992327328138e-01	-1.421536443371895220e-01	1.015595657069492258e-01	-9.854188427020624252e-02	6.517339397238781917e-02	-7.638251813255654554e-02
2.690106209835668172e-01	-5.826014281603794087e-01	2.464648286531685439e-01	-2.130349118293431154e-01	1.612467728838795356e-01	-3.657858499573962696e-01	9.999999999999996669e-01	-3.895127303531537577e-01	2.017425970215828146e-01	-1.295299359065222311e-01	2.393019336528578178e-01	-4.892184671910552729e-01	2.441343587247507552e-01	-1.507877728257952243e-01	1.347773662791227900e-01	-2.001218314898560724e-01	1.727115123912874861e-01	-1.460099700521765576e-01	1.318475273911600409e-01	-1.374620474015549876e-01	1.606257435506491804e-01	-1.260965548420367732e-01	1.236712312029789596e-01	-8.280048169925913193e-02	9.580104301334232964e-02
-1.791599804227584636e-01	2.865278965179670623e-01	-5.189251314209928356e-01	3.071566169886800757e-01	-2.389818474844389307e-01	1.684089006838917213e-01	-3.895127303531537577e-01	9.999999999999995559e-01	-4.667700675420194956e-01	1.958238289133235055e-01	-1.761342365831125301e-01	2.424685932643529940e-01	-4.186055379750117100e-01	2.117069430291349807e-01	-1.912279357319582596e-01	1.690597165042427019e-01	-1.911567955792697338e-01	1.858531792475197619e-01	-1.707375870735618195e-01	1.717380604929134580e-01	-1.575466917677878498e-01	1.410505989527517656e-01	-1.445115164538578467e-01	9.674710747283854495e-02	-1.110799689133945001e-01
1.354051163320540152e-01	-2.415853566931933649e-01	2.875261109177563723e-01	-5.377330274404169552e-01	2.878919238583348417e-01	-1.324719435047140292e-01	2.017425970215828146e-01	-4.667700675420194956e-01	9.999999999999993339e-01	-4.128766609940785481e-01	1.421636218092894310e-01	-1.963567746946740245e-01	2.404604052004763459e-01	-3.661389066788494628e-01	2.506390351807158412e-01	-1.539166571222391477e-01	1.703767572923478024e-01	-1.646392754809557768e-01	1.744712842285015275e-01	-1.945501755133550170e-01	1.448226740060682416e-01	-1.335093899855712696e-01	1.319895332683320155e-01	-9.506624840939423282e-02	1.083160298563385637e-01
-9.446250223320108719e-02	1.532486663202082267e-01	-1.657527011754762192e-01	2.259541546623955455e-01	-7.418009334955227851e-01	9.021165328994680543e-02	-1.295299359065222311e-01	1.958238289133235055e-01	-4.128766609940785481e-01	9.999999999999988898e-01	-1.055530644823631237e-01	1.375712416359027856e-01	-1.785275332897247602e-01	2.618800906038337151e-01	-3.974467527669813816e-01	1.191173907988317543e-01	-1.420322134455077601e-01	1.304608950862372052e-01	-1.549445928406713024e-01	1.898976647679123664e-01	-1.188789286406950613e-01	1.110762056711713519e-01	-1.116168995240750528e-01	8.298519629912304296e-02	-9.653548689275118222e-02
2.239061551599687838e-01	-2.451891441731858523e-01	1.494702809236059526e-01	-1.481864290807987650e-01	1.372621991871001146e-01	-3.066462327037786095e-01	2.393019336528578178e-01	-1.761342365831125301e-01	1.421636218092894310e-01	-1.055530644823631237e-01	9.999999999999997780e-01	-5.371426617538895831e-01	2.203223564759954345e-01	-1.344683890806695481e-01	1.216069150389519210e-01	-6.345179191360006410e-01	2.132614931462104291e-01	-1.529538835225233984e-01	1.331266329837677842e-01	-1.414517636478113405e-01	2.314599495222963432e-01	-1.552761105368703765e-01	1.386827015322797119e-01	-9.193127122509819893e-02	1.056099426228424287e-01
-2.461850308416329847e-01	2.800128142894721117e-01	-2.068335062084535603e-01	1.844395631905353661e-01	-1.848641583933310906e-01	2.341491687633362739e-01	-4.892184671910552729e-01	2.424685932643529940e-01	-1.963567746946740245e-01	1.375712416359027856e-01	-5.371426617538895831e-01	9.999999999999998890e-01	-3.982639561336793199e-01	1.716512031794503179e-01	-1.605138768802530647e-01	2.796148317277833972e-01	-2.560847337508288524e-01	1.973077001249574358e-01	-1.746088266528629251e-01	1.712198483849337871e-01	-2.415905627837595659e-01	1.726782756092866966e-01	-1.746600406145340512e-01	1.113264500380092004e-01	-1.314548283341651913e-01
1.679146304506624332e-01	-2.736875411100537780e-01	2.295364363816722042e-01	-2.441170655843001025e-01	2.062634239969252659e-01	-1.707667352625314161e-01	2.441343587247507552e-01	-4.186055379750117100e-01	2.404604052004763459e-01	-1.785275332897247602e-01	2.203223564759954345e-01	-3.982639561336793199e-01	9.999999999999996669e-01	-2.945968527453414754e-01	2.151692266491949668e-01	-2.551251673617310756e-01	2.768370536389408998e-01	-4.857455049132007319e-01	2.595233801138182028e-01	-2.742092376999933356e-01	2.158571945258865588e-01	-2.343699792234399115e-01	2.256121182818922599e-01	-1.546232818420108512e-01	1.627943960904889298e-01
-1.127769292386523459e-01	1.710638267453475636e-01	-1.778976760742675411e-01	2.154415421383551466e-01	-3.020249377972105131e-01	1.064875243740363298e-01	-1.507877728257952243e-01	2.117069430291349807e-01	-3.661389066788494628e-01	2.618800906038337151e-01	-1.344683890806695481e-01	1.716512031794503179e-01	-2.945968527453414754e-01	9.999999999999993339e-01	-6.812739863397895279e-01	1.511421644489812366e-01	-2.126828070779090141e-01	2.127009668242329232e-01	-3.516174418185227801e-01	2.870000378482912562e-01	-1.558917606629912911e-01	1.582766689019486639e-01	-1.703940606533672630e-01	1.244463157072013548e-01	-1.470496032043822066e-01
1.019474488357106218e-01	-1.645714728027234397e-01	1.547504307610629293e-01	-2.096257327345125987e-01	2.702998419334032842e-01	-9.903576539240457888e-02	1.347773662791227900e-01	-1.912279357319582596e-01	2.506390351807158412e-01	-3.974467527669813816e-01	1.216069150389519210e-01	-1.605138768802530647e-01	2.151692266491949668e-01	-6.812739863397895279e-01	9.999999999999995559e-01	-1.441983001040183787e-01	1.825760283817348117e-01	-1.855007197836468780e-01	2.529689254529066123e-01	-4.259508928274223227e-01	1.437352545314405372e-01	-1.479874026935801834e-01	1.497150955482802748e-01	-1.214221762603353155e-01	1.393212189607890006e-01
-2.078997990558155151e-01	2.001920089485467458e-01	-1.502043477517223391e-01	1.480010920666595953e-01	-1.638275965937960044e-01	1.921106998308891312e-01	-2.001218314898560724e-01	1.690597165042427019e-01	-1.539166571222391477e-01	1.191173907988317543e-01	-6.345179191360006410e-01	2.796148317277833972e-01	-2.551251673617310756e-01	1.511421644489812366e-01	-1.441983001040183787e-01	1.000000000000000222e+00	-3.572610187045942021e-01	1.876139861975935075e-01	-1.665643454700324322e-01	1.670597287937619080e-01	-4.534728535335237898e-01	2.113423252320412171e-01	-1.891185547910747000e-01	1.188622385382822333e-01	-1.407078314799256880e-01
1.419299957389625610e-01	-2.103643879254279425e-01	1.553443973940647760e-01	-1.749197667291041147e-01	1.750320255086846022e-01	-1.427974646059842201e-01	1.727115123912874861e-01	-1.911567955792697338e-01	1.703767572923478024e-01	-1.420322134455077601e-01	2.132614931462104291e-01	-2.560847337508288524e-01	2.768370536389408998e-01	-2.126828070779090141e-01	1.825760283817348117e-01	-3.572610187045942021e-01	1.000000000000000222e+00	-4.476116155108623151e-01	2.541014787655993534e-01	-2.906089406751192761e-01	2.809692376542043402e-01	-5.127776026975106038e-01	2.958543364633394734e-01	-1.947363314655795041e-01	1.986829147325956668e-01
-1.115334656353989817e-01	1.633381963191826436e-01	-1.428278442150217320e-01	1.512602322890949647e-01	-1.617068450102311927e-01	1.080196778302763838e-01	-1.460099700521765576e-01	1.858531792475197619e-01	-1.646392754809557768e-01	1.304608950862372052e-01	-1.529538835225233984e-01	1.973077001249574358e-01	-4.857455049132007319e-01	2.127009668242329232e-01	-1.855007197836468780e-01	1.876139861975935075e-01	-4.476116155108623151e-01	1.000000000000000444e+00	-5.161595421761532299e-01	2.782341000430060829e-01	-1.858641276279676680e-01	2.653333904171698010e-01	-3.938988357875455315e-01	1.799104913862041299e-01	-1.887859916514105785e-01
1.024554055453205520e-01	-1.567549009391629999e-01	1.344996598709617686e-01	-1.590519703962881559e-01	1.776764044684895349e-01	-9.992596670077699694e-02	1.318475273911600409e-01	-1.707375870735618195e-01	1.744712842285015275e-01	-1.549445928406713024e-01	1.331266329837677842e-01	-1.746088266528629251e-01	2.595233801138182028e-01	-3.516174418185227801e-01	2.529689254529066123e-01	-1.665643454700324322e-01	2.541014787655993534e-01	-5.161595421761532299e-01	1.000000000000000888e+00	-6.308447705750815926e-01	1.674804958508540886e-01	-2.172106145228747676e-01	2.273006559817572492e-01	-1.974245908545759487e-01	1.961148491018359086e-01
-1.097318196455163292e-01	1.579935552870600501e-01	-1.448496735903662958e-01	1.650238948267053196e-01	-2.388787874962338131e-01	1.035631992327328138e-01	-1.374620474015549876e-01	1.717380604929134580e-01	-1.945501755133550170e-01	1.898976647679123664e-01	-1.414517636478113405e-01	1.712198483849337871e-01	-2.742092376999933356e-01	2.870000378482912562e-01	-4.259508928274223227e-01	1.670597287937619080e-01	-2.906089406751192761e-01	2.782341000430060829e-01	-6.308447705750815926e-01	1.000000000000001332e+00	-1.844341467797210032e-01	2.100865553315364731e-01	-2.483657915569364993e-01	2.048497609289852139e-01	-2.970769911365818139e-01
1.413061258323965452e-01	-1.930754679915041017e-01	1.366307280238428234e-01	-1.491812616315428552e-01	1.572382838825008566e-01	-1.421536443371895220e-01	1.606257435506491804e-01	-1.575466917677878498e-01	1.448226740060682416e-01	-1.188789286406950613e-01	2.314599495222963432e-01	-2.415905627837595659e-01	2.158571945258865588e-01	-1.558917606629912911e-01	1.437352545314405372e-01	-4.534728535335237898e-01	2.809692376542043402e-01	-1.858641276279676680e-01	1.674804958508540886e-01	-1.844341467797210032e-01	1.000000000000000666e+00	-3.493938764864121804e-01	2.206732754684282982e-01	-1.456537799159234314e-01	1.630307850518223356e-01
-1.054535049663755525e-01	1.462517691621546545e-01	-1.180795668197529291e-01	1.280870620747786015e-01	-1.453148329777330106e-01	1.015595657069492258e-01	-1.260965548420367732e-01	1.410505989527517656e-01	-1.335093899855712696e-01	1.110762056711713519e-01	-1.552761105368703765e-01	1.726782756092866966e-01	-2.343699792234399115e-01	1.582766689019486639e-01	-1.479874026935801834e-01	2.113423252320412171e-01	-5.127776026975106038e-01	2.653333904171698010e-01	-2.172106145228747676e-01	2.100865553315364731e-01	-3.493938764864121804e-01	1.000000000000000666e+00	-6.301736611637678287e-01	2.292750874334549271e-01	-2.720556050970863726e-01
9.986292039940480869e-02	-1.485291729769550595e-01	1.164280216290238396e-01	-1.311267908181491249e-01	1.380016942756981946e-01	-9.854188427020624252e-02	1.236712312029789596e-01	-1.445115164538578467e-01	1.319895332683320155e-01	-1.116168995240750528e-01	1.386827015322797119e-01	-1.746600406145340512e-01	2.256121182818922599e-01	-1.703940606533672630e-01	1.497150955482802748e-01	-1.891185547910747000e-01	2.958543364633394734e-01	-3.938988357875455315e-01	2.273006559817572492e-01	-2.483657915569364993e-01	2.206732754684282982e-01	-6.301736611637678287e-01	1.000000000000000888e+00	-4.205996725697625505e-01	2.713262790762547283e-01
-6.745409158536344596e-02	9.764011868512820214e-02	-8.037722806919136986e-02	9.001675765697415843e-02	-1.054673143685860570e-01	6.517339397238781917e-02	-8.280048169925913193e-02	9.674710747283854495e-02	-9.506624840939423282e-02	8.298519629912304296e-02	-9.193127122509819893e-02	1.113264500380092004e-01	-1.546232818420108512e-01	1.244463157072013548e-01	-1.214221762603353155e-01	1.188622385382822333e-01	-1.947363314655795041e-01	1.799104913862041299e-01	-1.974245908545759487e-01	2.048497609289852139e-01	-1.456537799159234314e-01	2.292750874334549271e-01	-4.205996725697625505e-01	1.000000000000001332e+00	-8.177032184808831206e-01
7.795223207713292135e-02	-1.159780613690752638e-01	9.215571531091415469e-02	-1.058227583918278925e-01	1.183253601922871490e-01	-7.638251813255654554e-02	9.580104301334232964e-02	-1.110799689133945001e-01	1.083160298563385637e-01	-9.653548689275118222e-02	1.056099426228424287e-01	-1.314548283341651913e-01	1.627943960904889298e-01	-1.470496032043822066e-01	1.393212189607890006e-01	-1.407078314799256880e-01	1.986829147325956668e-01	-1.887859916514105785e-01	1.961148491018359086e-01	-2.970769911365818139e-01	1.630307850518223356e-01	-2.720556050970863726e-01	2.713262790762547283e-01	-8.177032184808831206e-01	1.000000000000001332e+00
