1.000000000000000000e+00	-4.736279307030210051e-01	2.736028406419171999e-01	-1.267933469740552543e-01	1.182020100347546121e-01	-5.169963628881621975e-01	2.513822292421801774e-01	-2.808288635772905883e-01	1.068866585928684998e-01	-1.349578547111260907e-01	2.889854074660646588e-01	-2.178934501432152893e-01	2.134962710200380420e-01	-1.069337608915752053e-01	1.196987333406647203e-01	-1.381950878292065588e-01	1.105401589743445073e-01	-1.197805407190425525e-01	1.239904507943333511e-01	-5.580993642466955396e-02	1.497799662184854108e-01	-1.124518117382631160e-01	7.893045371266604882e-02	-1.141093566484783356e-01	6.213188409341571794e-02
-4.736279307030210051e-01	1.000000000000000000e+00	-7.502681960920187798e-01	1.554748284314023954e-01	-1.601642200923822090e-01	2.034683149877099528e-01	-2.202122745334746390e-01	2.255107310479513572e-01	-8.665066302473427295e-02	1.032777021891626151e-01	-1.954932528435201211e-01	1.568408522704311248e-01	-1.860990669201133263e-01	8.153343095883443248e-02	-9.722301616126079182e-02	8.557060977892919085e-02	-7.299110232849777280e-02	8.182536890204787638e-02	-8.713940446068894896e-02	4.094325727289110234e-02	-9.490696926619621165e-02	7.027447246898316235e-02	-5.093088032059865655e-02	7.195517535791365327e-02	-4.619284984597438193e-02
2.736028406419171999e-01	-7.502681960920187798e-01	9.999999999999998890e-01	-2.533736669046096623e-01	1.848415856293171844e-01	-1.889838391333931722e-01	1.838371150279414779e-01	-3.465559734979952733e-01	1.056275548634291045e-01	-1.300916303386307760e-01	1.814619791382018621e-01	-1.589007127720374335e-01	1.989309786938247282e-01	-1.013053297084994114e-01	1.146275562680351412e-01	-9.582505978936156632e-02	8.119983315775425314e-02	-9.273746389250117628e-02	9.824768697469346557e-02	-4.787306468433268070e-02	1.071868958526788207e-01	-8.108343421383307215e-02	5.843671794277376097e-02	-8.372888001088808763e-02	5.369745492876262793e-02
-1.267933469740552543e-01	1.554748284314023954e-01	-2.533736669046096623e-01	9.999999999999997780e-01	-9.000547961689304710e-01	8.001317724730787340e-02	-8.213992445665656283e-02	1.220157369746970727e-01	-1.122027738856214152e-01	1.835013984786941221e-01	-9.269230552487371655e-02	7.009902453309763137e-02	-9.507533144032376260e-02	9.581342541244403099e-02	-1.775176017030478115e-01	5.433746817024389525e-02	-4.854804078944621737e-02	5.698419786877052806e-02	-6.612587108903809907e-02	5.281270230531510956e-02	-6.484880562182419872e-02	4.920080606450559502e-02	-3.748054680302222164e-02	5.398072576675649881e-02	-6.199701984175434721e-02
1.182020100347546121e-01	-1.601642200923822090e-01	1.848415856293171844e-01	-9.000547961689304710e-01	9.999999999999995559e-01	-8.001826812787056487e-02	8.021629307880018267e-02	-1.256163575564304413e-01	1.033770961199348692e-01	-2.513663066916228539e-01	9.049369856178579585e-02	-7.016270824761655645e-02	9.281938358103970776e-02	-9.671332697798122602e-02	1.682199414696126660e-01	-5.535997471300303091e-02	4.888258347008322957e-02	-5.753574341565598910e-02	6.570513441416857281e-02	-5.123896677241557979e-02	6.555573155000674057e-02	-5.034750756769046376e-02	3.791818281323299650e-02	-5.507617475919635019e-02	5.911333045629012239e-02
-5.169963628881621975e-01	2.034683149877099528e-01	-1.889838391333931722e-01	8.001317724730787340e-02	-8.001826812787056487e-02	9.999999999999998890e-01	-4.760714664089705783e-01	2.205285810453969653e-01	-8.133685932928345907e-02	8.949624112728994663e-02	-5.943505146592561461e-01	2.731354245473658349e-01	-2.158223222464741575e-01	8.024698339828330307e-02	-8.318535321498576884e-02	1.251214341712569011e-01	-1.001594285060060513e-01	1.009723146937358956e-01	-1.032258126142522187e-01	4.113546447080290713e-02	-1.252658780505331304e-01	8.927217668977169285e-02	-6.301630347064435256e-02	8.770501765039302733e-02	-4.573461428953848329e-02
2.513822292421801774e-01	-2.202122745334746390e-01	1.838371150279414779e-01	-8.213992445665656283e-02	8.021629307880018267e-02	-4.760714664089705783e-01	1.000000000000000222e+00	-3.411688754911091359e-01	9.804554966500274304e-02	-9.765509953148855671e-02	3.078255464378550910e-01	-6.650135595020197909e-01	2.785207430787874361e-01	-9.843752880164065300e-02	8.962378984568077078e-02	-1.222597065324676491e-01	1.037904696644125491e-01	-1.162417040170779098e-01	1.129017355170092302e-01	-4.451557371742324160e-02	1.226518776830323454e-01	-9.498300758953961975e-02	6.730828445445916075e-02	-9.463995744146452838e-02	4.916794897063007930e-02
-2.808288635772905883e-01	2.255107310479513572e-01	-3.465559734979952733e-01	1.220157369746970727e-01	-1.256163575564304413e-01	2.205285810453969653e-01	-3.411688754911091359e-01	9.999999999999995559e-01	-2.305250152317068757e-01	1.397441372509908575e-01	-2.823604067682934371e-01	2.745821746256808527e-01	-6.621171394198588356e-01	1.763803911661160351e-01	-1.382209706105389513e-01	1.378652148528547450e-01	-1.314245417212373257e-01	1.654619579725408740e-01	-1.775381741621001319e-01	6.478222823718735035e-02	-1.558094274339541230e-01	1.164162825514283711e-01	-8.844130375327510785e-02	1.199114088555928714e-01	-7.223063450445861566e-02
1.068866585928684998e-01	-8.665066302473427295e-02	1.056275548634291045e-01	-1.122027738856214152e-01	1.033770961199348692e-01	-8.133685932928345907e-02	9.804554966500274304e-02	-2.305250152317068757e-01	9.999999999999997780e-01	-2.525800471115656753e-01	1.056724232582604839e-01	-8.968833622951796758e-02	1.517404521044976862e-01	-8.817465074986824414e-01	2.088292365940109807e-01	-8.872783561230605798e-02	8.415217340431511983e-02	-1.251773409647540802e-01	1.508137739889956475e-01	-7.542578572219356403e-02	9.639988532908264074e-02	-8.636720707189354806e-02	6.636098140832137615e-02	-9.996547209488962360e-02	7.953854203449506333e-02
-1.349578547111260907e-01	1.032777021891626151e-01	-1.300916303386307760e-01	1.835013984786941221e-01	-2.513663066916228539e-01	8.949624112728994663e-02	-9.765509953148855671e-02	1.397441372509908575e-01	-2.525800471115656753e-01	9.999999999999995559e-01	-1.209331814032915398e-01	8.543300458379235462e-02	-1.266974419578178190e-01	2.088430028668911143e-01	-8.177859154081800197e-01	9.187878861525945740e-02	-8.712765054851855095e-02	1.054337622414951020e-01	-1.353615499802760525e-01	1.833226722059842495e-01	-1.174259275888443754e-01	9.111623368986535021e-02	-7.492959920447231359e-02	1.090601591527896458e-01	-2.189327250489729593e-01
2.889854074660646588e-01	-1.954932528435201211e-01	1.814619791382018621e-01	-9.269230552487371655e-02	9.049369856178579585e-02	-5.943505146592561461e-01	3.078255464378550910e-01	-2.823604067682934371e-01	1.056724232582604839e-01	-1.209331814032915398e-01	9.999999999999998890e-01	-4.288892528894036604e-01	2.506010452891145324e-01	-1.072519625102571900e-01	1.103695267816663522e-01	-2.223498444863961365e-01	1.485972056347036885e-01	-1.459464468328902920e-01	1.432926669687573928e-01	-5.722116796988175463e-02	1.830064173697440455e-01	-1.356299042984606684e-01	9.293975766973219810e-02	-1.313509400212583000e-01	6.315990561470608000e-02
-2.178934501432152893e-01	1.568408522704311248e-01	-1.589007127720374335e-01	7.009902453309763137e-02	-7.016270824761655645e-02	2.731354245473658349e-01	-6.650135595020197909e-01	2.745821746256808527e-01	-8.968833622951796758e-02	8.543300458379235462e-02	-4.288892528894036604e-01	1.000000000000000000e+00	-4.815168794054991985e-01	8.850707546160453687e-02	-8.048871553849229477e-02	1.226911098164078645e-01	-1.138026465136252469e-01	1.225415605331065250e-01	-1.174402238291505224e-01	4.187131683080628358e-02	-1.207154590139428302e-01	9.243726122701106940e-02	-6.646585802852887637e-02	9.053715560097569393e-02	-4.624677792287082423e-02
2.134962710200380420e-01	-1.860990669201133263e-01	1.989309786938247282e-01	-9.507533144032376260e-02	9.281938358103970776e-02	-2.158223222464741575e-01	2.785207430787874361e-01	-6.621171394198588356e-01	1.517404521044976862e-01	-1.266974419578178190e-01	2.506010452891145324e-01	-4.815168794054991985e-01	9.999999999999996669e-01	-1.575999232626597024e-01	1.174558851755760636e-01	-1.532182205403786746e-01	1.437360859964504634e-01	-2.295802470564235753e-01	1.793834436229711504e-01	-6.196659164012228993e-02	1.554873678208019694e-01	-1.292972706264191862e-01	9.551404368159521763e-02	-1.319182692944865232e-01	6.757800743012935818e-02
-1.069337608915752053e-01	8.153343095883443248e-02	-1.013053297084994114e-01	9.581342541244403099e-02	-9.671332697798122602e-02	8.024698339828330307e-02	-9.843752880164065300e-02	1.763803911661160351e-01	-8.817465074986824414e-01	2.088430028668911143e-01	-1.072519625102571900e-01	8.850707546160453687e-02	-1.575999232626597024e-01	1.000000000000000888e+00	-2.701891544954145852e-01	8.845049153908292328e-02	-8.704285498456090786e-02	1.272993284378373391e-01	-1.899122995667113789e-01	8.377170693464573714e-02	-9.894979296178020578e-02	8.589686242273510131e-02	-6.810281876709584070e-02	1.002334320992183947e-01	-9.019337600466104110e-02
1.196987333406647203e-01	-9.722301616126079182e-02	1.146275562680351412e-01	-1.775176017030478115e-01	1.682199414696126660e-01	-8.318535321498576884e-02	8.962378984568077078e-02	-1.382209706105389513e-01	2.088292365940109807e-01	-8.177859154081800197e-01	1.103695267816663522e-01	-8.048871553849229477e-02	1.174558851755760636e-01	-2.701891544954145852e-01	1.000000000000000222e+00	-9.327261913111070668e-02	8.682347710921252404e-02	-1.103195624368143168e-01	1.344584707749487962e-01	-2.620232756659579554e-01	1.127613952109773471e-01	-9.615030364814260155e-02	7.663493439730446888e-02	-1.179030480286850924e-01	2.021365348150303831e-01
-1.381950878292065588e-01	8.557060977892919085e-02	-9.582505978936156632e-02	5.433746817024389525e-02	-5.535997471300303091e-02	1.251214341712569011e-01	-1.222597065324676491e-01	1.378652148528547450e-01	-8.872783561230605798e-02	9.187878861525945740e-02	-2.223498444863961365e-01	1.226911098164078645e-01	-1.532182205403786746e-01	8.845049153908292328e-02	-9.327261913111070668e-02	1.000000000000000222e+00	-6.307015033311803576e-01	2.490831779902078769e-01	-2.648602218874608893e-01	7.184201147635915774e-02	-5.888232517983382763e-01	2.685399144640421287e-01	-1.793162562746725697e-01	2.118422695521020027e-01	-7.902518641948189093e-02
1.105401589743445073e-01	-7.299110232849777280e-02	8.119983315775425314e-02	-4.854804078944621737e-02	4.888258347008322957e-02	-1.001594285060060513e-01	1.037904696644125491e-01	-1.314245417212373257e-01	8.415217340431511983e-02	-8.712765054851855095e-02	1.485972056347036885e-01	-1.138026465136252469e-01	1.437360859964504634e-01	-8.704285498456090786e-02	8.682347710921252404e-02	-6.307015033311803576e-01	9.999999999999995559e-01	-4.662447154270735750e-01	2.709157595429595999e-01	-7.506633909829787954e-02	3.050483806552252153e-01	-4.255103290356827550e-01	2.129195955418477504e-01	-2.610729176207911006e-01	8.005275280255301495e-02
-1.197805407190425525e-01	8.182536890204787638e-02	-9.273746389250117628e-02	5.698419786877052806e-02	-5.753574341565598910e-02	1.009723146937358956e-01	-1.162417040170779098e-01	1.654619579725408740e-01	-1.251773409647540802e-01	1.054337622414951020e-01	-1.459464468328902920e-01	1.225415605331065250e-01	-2.295802470564235753e-01	1.272993284378373391e-01	-1.103195624368143168e-01	2.490831779902078769e-01	-4.662447154270735750e-01	1.000000000000000666e+00	-7.124269409399526243e-01	1.042573658867668868e-01	-2.563271524133878820e-01	2.358910230202416747e-01	-2.235533537988924069e-01	2.419189872791538964e-01	-1.121762512195318973e-01
1.239904507943333511e-01	-8.713940446068894896e-02	9.824768697469346557e-02	-6.612587108903809907e-02	6.570513441416857281e-02	-1.032258126142522187e-01	1.129017355170092302e-01	-1.775381741621001319e-01	1.508137739889956475e-01	-1.353615499802760525e-01	1.432926669687573928e-01	-1.174402238291505224e-01	1.793834436229711504e-01	-1.899122995667113789e-01	1.344584707749487962e-01	-2.648602218874608893e-01	2.709157595429595999e-01	-7.124269409399526243e-01	1.000000000000000222e+00	-1.601868754544842344e-01	2.369558119036639654e-01	-2.775311053948913420e-01	2.217099180305523998e-01	-3.836480603969961156e-01	1.436855069090547943e-01
-5.580993642466955396e-02	4.094325727289110234e-02	-4.787306468433268070e-02	5.281270230531510956e-02	-5.123896677241557979e-02	4.113546447080290713e-02	-4.451557371742324160e-02	6.478222823718735035e-02	-7.542578572219356403e-02	1.833226722059842495e-01	-5.722116796988175463e-02	4.187131683080628358e-02	-6.196659164012228993e-02	8.377170693464573714e-02	-2.620232756659579554e-01	7.184201147635915774e-02	-7.506633909829787954e-02	1.042573658867668868e-01	-1.601868754544842344e-01	9.999999999999997780e-01	-9.043975077392885087e-02	8.257919577533948119e-02	-8.363665268141999565e-02	1.267580378278151398e-01	-9.182771060260835894e-01
1.497799662184854108e-01	-9.490696926619621165e-02	1.071868958526788207e-01	-6.484880562182419872e-02	6.555573155000674057e-02	-1.252658780505331304e-01	1.226518776830323454e-01	-1.558094274339541230e-01	9.639988532908264074e-02	-1.174259275888443754e-01	1.830064173697440455e-01	-1.207154590139428302e-01	1.554873678208019694e-01	-9.894979296178020578e-02	1.127613952109773471e-01	-5.888232517983382763e-01	3.050483806552252153e-01	-2.563271524133878820e-01	2.369558119036639654e-01	-9.043975077392885087e-02	9.999999999999997780e-01	-4.842277662044965902e-01	2.472012305359912177e-01	-3.684164013079861411e-01	9.658506352062848355e-02
-1.124518117382631160e-01	7.027447246898316235e-02	-8.108343421383307215e-02	4.920080606450559502e-02	-5.034750756769046376e-02	8.927217668977169285e-02	-9.498300758953961975e-02	1.164162825514283711e-01	-8.636720707189354806e-02	9.111623368986535021e-02	-1.356299042984606684e-01	9.243726122701106940e-02	-1.292972706264191862e-01	8.589686242273510131e-02	-9.615030364814260155e-02	2.685399144640421287e-01	-4.255103290356827550e-01	2.358910230202416747e-01	-2.775311053948913420e-01	8.257919577533948119e-02	-4.842277662044965902e-01	9.999999999999996669e-01	-5.958841300609122316e-01	3.133468829816212775e-01	-9.420685693308133990e-02
7.893045371266604882e-02	-5.093088032059865655e-02	5.843671794277376097e-02	-3.748054680302222164e-02	3.791818281323299650e-02	-6.301630347064435256e-02	6.730828445445916075e-02	-8.844130375327510785e-02	6.636098140832137615e-02	-7.492959920447231359e-02	9.293975766973219810e-02	-6.646585802852887637e-02	9.551404368159521763e-02	-6.810281876709584070e-02	7.663493439730446888e-02	-1.793162562746725697e-01	2.129195955418477504e-01	-2.235533537988924069e-01	2.217099180305523998e-01	-8.363665268141999565e-02	2.472012305359912177e-01	-5.958841300609122316e-01	1.000000000000000222e+00	-6.918788931921776575e-01	9.151294817235719470e-02
-1.141093566484783356e-01	7.195517535791365327e-02	-8.372888001088808763e-02	5.398072576675649881e-02	-5.507617475919635019e-02	8.770501765039302733e-02	-9.463995744146452838e-02	1.199114088555928714e-01	-9.996547209488962360e-02	1.090601591527896458e-01	-1.313509400212583000e-01	9.053715560097569393e-02	-1.319182692944865232e-01	1.002334320992183947e-01	-1.179030480286850924e-01	2.118422695521020027e-01	-2.610729176207911006e-01	2.419189872791538964e-01	-3.836480603969961156e-01	1.267580378278151398e-01	-3.684164013079861411e-01	3.133468829816212775e-01	-6.918788931921776575e-01	1.000000000000000222e+00	-1.592199470824088581e-01
6.213188409341571794e-02	-4.619284984597438193e-02	5.369745492876262793e-02	-6.199701984175434721e-02	5.911333045629012239e-02	-4.573461428953848329e-02	4.916794897063007930e-02	-7.223063450445861566e-02	7.953854203449506333e-02	-2.189327250489729593e-01	6.315990561470608000e-02	-4.624677792287082423e-02	6.757800743012935818e-02	-9.019337600466104110e-02	2.021365348150303831e-01	-7.902518641948189093e-02	8.005275280255301495e-02	-1.121762512195318973e-01	1.436855069090547943e-01	-9.182771060260835894e-01	9.658506352062848355e-02	-9.420685693308133990e-02	9.151294817235719470e-02	-1.592199470824088581e-01	1.000000000000000222e+00
