1.000000000000000000e+00	-6.192445584164111283e-01	2.836383476959403738e-01	-1.612073105857033395e-01	1.679816412590082186e-01	-5.511970456089887449e-01	3.175878806233000118e-01	-2.867104886883917736e-01	1.568324147680911496e-01	-1.834677433140411706e-01	1.636732524725423854e-01	-1.712401803954808344e-01	1.743020016185755638e-01	-1.652281574477485748e-01	9.368395664729400885e-02	-1.586546867206853895e-01	1.350636985626263997e-01	-2.173245264045159386e-01	1.390200483911326057e-01	-1.175085444520272415e-01
-6.192445584164111283e-01	1.000000000000000222e+00	-5.309077990588488838e-01	1.650164897089654858e-01	-1.638075285471814746e-01	2.924184518850609371e-01	-4.448988475706723289e-01	2.545555880658579850e-01	-1.623074397652487233e-01	1.516922861787074195e-01	-1.212120295890959515e-01	1.322243812781209726e-01	-1.542511285949450528e-01	1.332277537657911293e-01	-7.708536082462176531e-02	1.079601777284741743e-01	-1.108380902687462338e-01	1.695032685095252956e-01	-1.166521065202334173e-01	9.460649203963465703e-02
2.836383476959403738e-01	-5.309077990588488838e-01	1.000000000000000000e+00	-3.719673019287432769e-01	2.424326653242153407e-01	-2.624250924581192912e-01	2.684396000526947379e-01	-4.770338239344732445e-01	2.579395542551066178e-01	-2.606054980110475983e-01	1.210000481048941895e-01	-1.473543130473017326e-01	2.329797190851101707e-01	-2.228484800249118658e-01	1.277560898911270504e-01	-1.164198622531703586e-01	1.203516317241210276e-01	-2.870259248975083333e-01	1.814178058546076500e-01	-1.593673663710020172e-01
-1.612073105857033395e-01	1.650164897089654858e-01	-3.719673019287432769e-01	1.000000000000000000e+00	-4.676387178129082223e-01	1.278227862321839048e-01	-1.424795358888816532e-01	2.231328577126892865e-01	-7.235498123226330458e-01	2.831819807404423184e-01	-6.723749669475599655e-02	8.089667330949641688e-02	-1.454911779026789864e-01	1.543978592947457817e-01	-1.174990225968413626e-01	6.285097181823989798e-02	-6.939117949315162792e-02	1.626673714103719082e-01	-1.342095868652135038e-01	1.407041518652089873e-01
1.679816412590082186e-01	-1.638075285471814746e-01	2.424326653242153407e-01	-4.676387178129082223e-01	9.999999999999995559e-01	-1.511727704054590671e-01	1.518721955586336825e-01	-2.457688074531199640e-01	3.096924094688170981e-01	-6.533228671847302049e-01	8.470612381434597382e-02	-1.053895885300782237e-01	1.832485027195347727e-01	-2.393723058105552692e-01	2.319000158762877517e-01	-8.190209162764819362e-02	8.964558753509785372e-02	-2.422968878211756716e-01	2.005565699243388456e-01	-3.113641462883914857e-01
-5.511970456089887449e-01	2.924184518850609371e-01	-2.624250924581192912e-01	1.278227862321839048e-01	-1.511727704054590671e-01	9.999999999999998890e-01	-6.447192738905002107e-01	2.390238355133995074e-01	-1.392772999888222674e-01	1.344920217263052276e-01	-2.818242685225623156e-01	1.925730419535607307e-01	-1.605062953039299301e-01	1.271481693776587985e-01	-7.168065262077537303e-02	1.843546638141207727e-01	-1.681465938085363043e-01	1.633251572600830370e-01	-1.170503757342382239e-01	8.684154058391667375e-02
3.175878806233000118e-01	-4.448988475706723289e-01	2.684396000526947379e-01	-1.424795358888816532e-01	1.518721955586336825e-01	-6.447192738905002107e-01	1.000000000000000222e+00	-4.096998504996368640e-01	1.504667597251772848e-01	-1.484684677515169249e-01	1.808584675953748278e-01	-2.266719934738597453e-01	1.908098744774414657e-01	-1.512737446824298504e-01	8.024159777252548587e-02	-1.639117672455442931e-01	1.593836729472598579e-01	-2.004642071653801594e-01	1.305541741912754072e-01	-9.762653477084642928e-02
-2.867104886883917736e-01	2.545555880658579850e-01	-4.770338239344732445e-01	2.231328577126892865e-01	-2.457688074531199640e-01	2.390238355133995074e-01	-4.096998504996368640e-01	1.000000000000000000e+00	-3.062586260684248551e-01	2.086677138575600277e-01	-1.296286988863459555e-01	1.570976862537477314e-01	-5.140654437262661691e-01	2.283781987073668640e-01	-1.200749926442102183e-01	1.135500014850039791e-01	-1.379513669140146892e-01	2.800312922788188441e-01	-2.150825337716807395e-01	1.378374587158011089e-01
1.568324147680911496e-01	-1.623074397652487233e-01	2.579395542551066178e-01	-7.235498123226330458e-01	3.096924094688170981e-01	-1.392772999888222674e-01	1.504667597251772848e-01	-3.062586260684248551e-01	1.000000000000000222e+00	-4.389847548071685868e-01	7.391814726905873711e-02	-9.120251962341975605e-02	1.730959951776183114e-01	-2.027650023083204800e-01	1.532519853259063369e-01	-6.982472292106149669e-02	7.751943787738796443e-02	-1.970740189185122837e-01	1.616868807117868845e-01	-1.831593878547304322e-01
-1.834677433140411706e-01	1.516922861787074195e-01	-2.606054980110475983e-01	2.831819807404423184e-01	-6.533228671847302049e-01	1.344920217263052276e-01	-1.484684677515169249e-01	2.086677138575600277e-01	-4.389847548071685868e-01	1.000000000000001332e+00	-7.836005351345765035e-02	9.312843317873878424e-02	-1.745285022472181924e-01	2.158140880091271030e-01	-3.803833908401234587e-01	7.200415847124452817e-02	-8.311601220936819245e-02	1.932464020057765575e-01	-2.192917905699961478e-01	2.683019962801459490e-01
1.636732524725423854e-01	-1.212120295890959515e-01	1.210000481048941895e-01	-6.723749669475599655e-02	8.470612381434597382e-02	-2.818242685225623156e-01	1.808584675953748278e-01	-1.296286988863459555e-01	7.391814726905873711e-02	-7.836005351345765035e-02	9.999999999999987788e-01	-4.538223334611480864e-01	1.131555483363045067e-01	-8.736676653526850855e-02	4.506239590935118972e-02	-7.672981703654622176e-01	3.026375839999928541e-01	-1.249787700920591271e-01	8.116019500286641986e-02	-5.444317484022317966e-02
-1.712401803954808344e-01	1.322243812781209726e-01	-1.473543130473017326e-01	8.089667330949641688e-02	-1.053895885300782237e-01	1.925730419535607307e-01	-2.266719934738597453e-01	1.570976862537477314e-01	-9.120251962341975605e-02	9.312843317873878424e-02	-4.538223334611480864e-01	1.000000000000001110e+00	-1.828318280585319033e-01	1.134615043742229490e-01	-5.653066489490538027e-02	3.047080056638012957e-01	-7.602507905645599084e-01	1.656611831422525327e-01	-1.113291761853376360e-01	6.687247908463048174e-02
1.743020016185755638e-01	-1.542511285949450528e-01	2.329797190851101707e-01	-1.454911779026789864e-01	1.832485027195347727e-01	-1.605062953039299301e-01	1.908098744774414657e-01	-5.140654437262661691e-01	1.730959951776183114e-01	-1.745285022472181924e-01	1.131555483363045067e-01	-1.828318280585319033e-01	1.000000000000000888e+00	-4.303638417634050861e-01	1.347316497106423316e-01	-1.035606759718789155e-01	1.427737372504904734e-01	-6.122219740881698069e-01	2.849026189031576006e-01	-1.521787796181506003e-01
-1.652281574477485748e-01	1.332277537657911293e-01	-2.228484800249118658e-01	1.543978592947457817e-01	-2.393723058105552692e-01	1.271481693776587985e-01	-1.512737446824298504e-01	2.283781987073668640e-01	-2.027650023083204800e-01	2.158140880091271030e-01	-8.736676653526850855e-02	1.134615043742229490e-01	-4.303638417634050861e-01	1.000000000000000666e+00	-2.995738499996175030e-01	7.863595081823179789e-02	-1.044583458006386051e-01	3.098723229580931937e-01	-6.971396779560339318e-01	2.394543250252746946e-01
9.368395664729400885e-02	-7.708536082462176531e-02	1.277560898911270504e-01	-1.174990225968413626e-01	2.319000158762877517e-01	-7.168065262077537303e-02	8.024159777252548587e-02	-1.200749926442102183e-01	1.532519853259063369e-01	-3.803833908401234587e-01	4.506239590935118972e-02	-5.653066489490538027e-02	1.347316497106423316e-01	-2.995738499996175030e-01	1.000000000000001332e+00	-4.146154230507059085e-02	5.080193466423417459e-02	-1.454876462583266361e-01	2.160552106026799313e-01	-8.237077134157755332e-01
-1.586546867206853895e-01	1.079601777284741743e-01	-1.164198622531703586e-01	6.285097181823989798e-02	-8.190209162764819362e-02	1.843546638141207727e-01	-1.639117672455442931e-01	1.135500014850039791e-01	-6.982472292106149669e-02	7.200415847124452817e-02	-7.672981703654622176e-01	3.047080056638012957e-01	-1.035606759718789155e-01	7.863595081823179789e-02	-4.146154230507059085e-02	1.000000000000001110e+00	-5.073331819547135524e-01	1.140185196659662670e-01	-7.748778626223648547e-02	4.977203816611214943e-02
1.350636985626263997e-01	-1.108380902687462338e-01	1.203516317241210276e-01	-6.939117949315162792e-02	8.964558753509785372e-02	-1.681465938085363043e-01	1.593836729472598579e-01	-1.379513669140146892e-01	7.751943787738796443e-02	-8.311601220936819245e-02	3.026375839999928541e-01	-7.602507905645599084e-01	1.427737372504904734e-01	-1.044583458006386051e-01	5.080193466423417459e-02	-5.073331819547135524e-01	1.000000000000001110e+00	-1.763900264266372031e-01	1.005419682925825092e-01	-6.084366541032519560e-02
-2.173245264045159386e-01	1.695032685095252956e-01	-2.870259248975083333e-01	1.626673714103719082e-01	-2.422968878211756716e-01	1.633251572600830370e-01	-2.004642071653801594e-01	2.800312922788188441e-01	-1.970740189185122837e-01	1.932464020057765575e-01	-1.249787700920591271e-01	1.656611831422525327e-01	-6.122219740881698069e-01	3.098723229580931937e-01	-1.454876462583266361e-01	1.140185196659662670e-01	-1.763900264266372031e-01	1.000000000000000888e+00	-5.192614022130659368e-01	1.641998670563470375e-01
1.390200483911326057e-01	-1.166521065202334173e-01	1.814178058546076500e-01	-1.342095868652135038e-01	2.005565699243388456e-01	-1.170503757342382239e-01	1.305541741912754072e-01	-2.150825337716807395e-01	1.616868807117868845e-01	-2.192917905699961478e-01	8.116019500286641986e-02	-1.113291761853376360e-01	2.849026189031576006e-01	-6.971396779560339318e-01	2.160552106026799313e-01	-7.748778626223648547e-02	1.005419682925825092e-01	-5.192614022130659368e-01	1.000000000000001110e+00	-2.883910357950913439e-01
-1.175085444520272415e-01	9.460649203963465703e-02	-1.593673663710020172e-01	1.407041518652089873e-01	-3.113641462883914857e-01	8.684154058391667375e-02	-9.762653477084642928e-02	1.378374587158011089e-01	-1.831593878547304322e-01	2.683019962801459490e-01	-5.444317484022317966e-02	6.687247908463048174e-02	-1.521787796181506003e-01	2.394543250252746946e-01	-8.237077134157755332e-01	4.977203816611214943e-02	-6.084366541032519560e-02	1.641998670563470375e-01	-2.883910357950913439e-01	1.000000000000001110e+00
