1.000000000000000000e+00	-8.429999947547912598e-01	4.169999957084655762e-01	-9.000000357627868652e-02	1.230000033974647522e-01	-1.770000010728836060e-01	1.110000014305114746e-01	-1.289999932050704956e-01	5.099999904632568359e-02	-9.899999946355819702e-02	9.899999946355819702e-02	-1.080000028014183044e-01	8.399999886751174927e-02	-1.230000033974647522e-01	1.439999938011169434e-01	-4.320000112056732178e-01	2.189999967813491821e-01	-1.469999998807907104e-01	1.770000010728836060e-01	-1.169999986886978149e-01
-8.429999947547912598e-01	1.000000000000000000e+00	-5.789999961853027344e-01	1.800000071525573730e-01	-1.829999983310699463e-01	1.679999977350234985e-01	-1.410000026226043701e-01	1.560000032186508179e-01	-1.650000065565109253e-01	2.129999995231628418e-01	-9.600000083446502686e-02	8.699999749660491943e-02	-2.249999940395355225e-01	5.999999865889549255e-02	-6.000000052154064178e-03	2.790000140666961670e-01	-8.100000023841857910e-02	1.799999922513961792e-02	-3.599999845027923584e-02	-1.799999922513961792e-02
4.169999957084655762e-01	-5.789999961853027344e-01	1.000000000000000000e+00	-2.339999973773956299e-01	1.829999983310699463e-01	-1.770000010728836060e-01	1.979999989271163940e-01	-3.689999878406524658e-01	2.339999973773956299e-01	-2.189999967813491821e-01	2.520000040531158447e-01	-1.860000044107437134e-01	3.300000131130218506e-01	-1.860000044107437134e-01	5.400000140070915222e-02	-6.779999732971191406e-01	1.439999938011169434e-01	-1.260000020265579224e-01	9.000000357627868652e-02	-8.699999749660491943e-02
-9.000000357627868652e-02	1.800000071525573730e-01	-2.339999973773956299e-01	1.000000000000000000e+00	-8.999999761581420898e-01	1.230000033974647522e-01	-1.529999971389770508e-01	2.399999946355819702e-01	-3.179999887943267822e-01	3.089999854564666748e-01	-1.169999986886978149e-01	1.200000010430812836e-02	-2.549999952316284180e-01	2.249999940395355225e-01	-2.879999876022338867e-01	1.679999977350234985e-01	-1.410000026226043701e-01	9.300000220537185669e-02	-1.529999971389770508e-01	1.529999971389770508e-01
1.230000033974647522e-01	-1.829999983310699463e-01	1.829999983310699463e-01	-8.999999761581420898e-01	1.000000000000000000e+00	-8.699999749660491943e-02	7.199999690055847168e-02	-2.820000052452087402e-01	3.449999988079071045e-01	-4.320000112056732178e-01	1.620000004768371582e-01	-8.699999749660491943e-02	2.189999967813491821e-01	-2.189999967813491821e-01	1.860000044107437134e-01	-2.700000107288360596e-01	2.129999995231628418e-01	-7.199999690055847168e-02	1.379999965429306030e-01	-1.140000000596046448e-01
-1.770000010728836060e-01	1.679999977350234985e-01	-1.770000010728836060e-01	1.230000033974647522e-01	-8.699999749660491943e-02	1.000000000000000000e+00	-1.029000043869018555e+00	2.700000070035457611e-02	-4.800000041723251343e-02	9.300000220537185669e-02	-3.449999988079071045e-01	2.939999997615814209e-01	-8.100000023841857910e-02	2.700000070035457611e-02	-6.599999964237213135e-02	2.099999934434890747e-01	-1.140000000596046448e-01	1.019999980926513672e-01	-1.589999943971633911e-01	-2.099999971687793732e-02
1.110000014305114746e-01	-1.410000026226043701e-01	1.979999989271163940e-01	-1.529999971389770508e-01	7.199999690055847168e-02	-1.029000043869018555e+00	1.000000000000000000e+00	-9.600000083446502686e-02	1.920000016689300537e-01	-1.230000033974647522e-01	2.129999995231628418e-01	-2.460000067949295044e-01	8.699999749660491943e-02	-2.400000020861625671e-02	1.289999932050704956e-01	-2.310000061988830566e-01	1.739999949932098389e-01	-9.600000083446502686e-02	1.260000020265579224e-01	-1.560000032186508179e-01
-1.289999932050704956e-01	1.560000032186508179e-01	-3.689999878406524658e-01	2.399999946355819702e-01	-2.820000052452087402e-01	2.700000070035457611e-02	-9.600000083446502686e-02	1.000000000000000000e+00	-4.889999926090240479e-01	1.770000010728836060e-01	-5.999999865889549255e-02	8.100000023841857910e-02	-7.110000252723693848e-01	2.939999997615814209e-01	-1.889999955892562866e-01	2.790000140666961670e-01	-1.589999943971633911e-01	1.560000032186508179e-01	-2.879999876022338867e-01	1.410000026226043701e-01
5.099999904632568359e-02	-1.650000065565109253e-01	2.339999973773956299e-01	-3.179999887943267822e-01	3.449999988079071045e-01	-4.800000041723251343e-02	1.920000016689300537e-01	-4.889999926090240479e-01	1.000000000000000000e+00	-6.840000152587890625e-01	3.299999982118606567e-02	-1.080000028014183044e-01	2.579999864101409912e-01	-3.959999978542327881e-01	2.730000019073486328e-01	-1.889999955892562866e-01	1.049999967217445374e-01	-1.319999992847442627e-01	2.820000052452087402e-01	-2.039999961853027344e-01
-9.899999946355819702e-02	2.129999995231628418e-01	-2.189999967813491821e-01	3.089999854564666748e-01	-4.320000112056732178e-01	9.300000220537185669e-02	-1.230000033974647522e-01	1.770000010728836060e-01	-6.840000152587890625e-01	1.000000000000000000e+00	-5.700000002980232239e-02	7.199999690055847168e-02	-1.920000016689300537e-01	2.639999985694885254e-01	-3.449999988079071045e-01	1.920000016689300537e-01	-9.300000220537185669e-02	1.169999986886978149e-01	-2.520000040531158447e-01	1.650000065565109253e-01
9.899999946355819702e-02	-9.600000083446502686e-02	2.520000040531158447e-01	-1.169999986886978149e-01	1.620000004768371582e-01	-3.449999988079071045e-01	2.129999995231628418e-01	-5.999999865889549255e-02	3.299999982118606567e-02	-5.700000002980232239e-02	1.000000000000000000e+00	-9.300000071525573730e-01	1.199999973177909851e-01	-1.019999980926513672e-01	1.710000038146972656e-01	-2.189999967813491821e-01	2.310000061988830566e-01	-1.410000026226043701e-01	7.500000298023223877e-02	-4.500000178813934326e-02
-1.080000028014183044e-01	8.699999749660491943e-02	-1.860000044107437134e-01	1.200000010430812836e-02	-8.699999749660491943e-02	2.939999997615814209e-01	-2.460000067949295044e-01	8.100000023841857910e-02	-1.080000028014183044e-01	7.199999690055847168e-02	-9.300000071525573730e-01	1.000000000000000000e+00	-2.310000061988830566e-01	2.399999946355819702e-01	-6.300000101327896118e-02	2.189999967813491821e-01	-2.160000056028366089e-01	8.100000023841857910e-02	-1.110000014305114746e-01	7.500000298023223877e-02
8.399999886751174927e-02	-2.249999940395355225e-01	3.300000131130218506e-01	-2.549999952316284180e-01	2.189999967813491821e-01	-8.100000023841857910e-02	8.699999749660491943e-02	-7.110000252723693848e-01	2.579999864101409912e-01	-1.920000016689300537e-01	1.199999973177909851e-01	-2.310000061988830566e-01	1.000000000000000000e+00	-3.330000042915344238e-01	8.399999886751174927e-02	-3.179999887943267822e-01	1.889999955892562866e-01	-2.160000056028366089e-01	1.800000071525573730e-01	-1.560000032186508179e-01
-1.230000033974647522e-01	5.999999865889549255e-02	-1.860000044107437134e-01	2.249999940395355225e-01	-2.189999967813491821e-01	2.700000070035457611e-02	-2.400000020861625671e-02	2.939999997615814209e-01	-3.959999978542327881e-01	2.639999985694885254e-01	-1.019999980926513672e-01	2.399999946355819702e-01	-3.330000042915344238e-01	1.000000000000000000e+00	-3.899999856948852539e-01	1.260000020265579224e-01	-2.399999946355819702e-01	2.639999985694885254e-01	-6.869999766349792480e-01	2.549999952316284180e-01
1.439999938011169434e-01	-6.000000052154064178e-03	5.400000140070915222e-02	-2.879999876022338867e-01	1.860000044107437134e-01	-6.599999964237213135e-02	1.289999932050704956e-01	-1.889999955892562866e-01	2.730000019073486328e-01	-3.449999988079071045e-01	1.710000038146972656e-01	-6.300000101327896118e-02	8.399999886751174927e-02	-3.899999856948852539e-01	1.000000000000000000e+00	-9.000000357627868652e-02	1.650000065565109253e-01	-1.019999980926513672e-01	2.939999997615814209e-01	-7.710000276565551758e-01
-4.320000112056732178e-01	2.790000140666961670e-01	-6.779999732971191406e-01	1.679999977350234985e-01	-2.700000107288360596e-01	2.099999934434890747e-01	-2.310000061988830566e-01	2.790000140666961670e-01	-1.889999955892562866e-01	1.920000016689300537e-01	-2.189999967813491821e-01	2.189999967813491821e-01	-3.179999887943267822e-01	1.260000020265579224e-01	-9.000000357627868652e-02	1.000000000000000000e+00	-3.030000030994415283e-01	2.099999934434890747e-01	-1.650000065565109253e-01	1.049999967217445374e-01
2.189999967813491821e-01	-8.100000023841857910e-02	1.439999938011169434e-01	-1.410000026226043701e-01	2.129999995231628418e-01	-1.140000000596046448e-01	1.739999949932098389e-01	-1.589999943971633911e-01	1.049999967217445374e-01	-9.300000220537185669e-02	2.310000061988830566e-01	-2.160000056028366089e-01	1.889999955892562866e-01	-2.399999946355819702e-01	1.650000065565109253e-01	-3.030000030994415283e-01	1.000000000000000000e+00	-7.350000143051147461e-01	3.210000097751617432e-01	-1.319999992847442627e-01
-1.469999998807907104e-01	1.799999922513961792e-02	-1.260000020265579224e-01	9.300000220537185669e-02	-7.199999690055847168e-02	1.019999980926513672e-01	-9.600000083446502686e-02	1.560000032186508179e-01	-1.319999992847442627e-01	1.169999986886978149e-01	-1.410000026226043701e-01	8.100000023841857910e-02	-2.160000056028366089e-01	2.639999985694885254e-01	-1.019999980926513672e-01	2.099999934434890747e-01	-7.350000143051147461e-01	1.000000000000000000e+00	-5.099999904632568359e-01	1.620000004768371582e-01
1.770000010728836060e-01	-3.599999845027923584e-02	9.000000357627868652e-02	-1.529999971389770508e-01	1.379999965429306030e-01	-1.589999943971633911e-01	1.260000020265579224e-01	-2.879999876022338867e-01	2.820000052452087402e-01	-2.520000040531158447e-01	7.500000298023223877e-02	-1.110000014305114746e-01	1.800000071525573730e-01	-6.869999766349792480e-01	2.939999997615814209e-01	-1.650000065565109253e-01	3.210000097751617432e-01	-5.099999904632568359e-01	1.000000000000000000e+00	-3.600000143051147461e-01
-1.169999986886978149e-01	-1.799999922513961792e-02	-8.699999749660491943e-02	1.529999971389770508e-01	-1.140000000596046448e-01	-2.099999971687793732e-02	-1.560000032186508179e-01	1.410000026226043701e-01	-2.039999961853027344e-01	1.650000065565109253e-01	-4.500000178813934326e-02	7.500000298023223877e-02	-1.560000032186508179e-01	2.549999952316284180e-01	-7.710000276565551758e-01	1.049999967217445374e-01	-1.319999992847442627e-01	1.620000004768371582e-01	-3.600000143051147461e-01	1.000000000000000000e+00
