1.000000000000000000e+00	-5.636565835630729104e-01	2.621834080474180206e-01	-1.708916306002876973e-01	1.843714291098520475e-01	-4.794308879433043513e-01	2.954135441563568443e-01	-3.287826131579298927e-01	2.535663971348627865e-01	-2.422795365275481061e-01	1.500098026380932148e-01	-2.144052476954560749e-01	1.907708388671084943e-01	-2.414491180821392302e-01	1.664427091094393962e-01	-1.503675809056123358e-01	1.643184363678920623e-01	-1.687226239518924975e-01	1.814806869935360611e-01	-2.885714308117232063e-01
-5.636565835630729104e-01	1.000000000000000000e+00	-4.789586852853616739e-01	1.875956084893847242e-01	-2.275470804592405749e-01	3.020293795303585216e-01	-4.749427801589739540e-01	2.820326781952676165e-01	-2.363006372887369033e-01	1.522735032737778660e-01	-1.344375377151133533e-01	1.800795497681898227e-01	-1.586674486255394700e-01	1.513779340809668361e-01	-1.131542612517829477e-01	1.139192291828256959e-01	-1.434573144689771096e-01	1.224012729331358240e-01	-1.189474061275182931e-01	1.583605835587875710e-01
2.621834080474180206e-01	-4.789586852853616739e-01	1.000000000000000222e+00	-3.887999094654038257e-01	2.645028847665003569e-01	-2.247395418014720425e-01	2.136179388858959749e-01	-6.360387971261568518e-01	2.521331764818769416e-01	-1.731455806185324409e-01	8.986236012086658287e-02	-1.279137918256148532e-01	1.209080343838352806e-01	-1.607212298555555363e-01	1.159390103740803452e-01	-8.371922301836678959e-02	9.985052453427202546e-02	-9.929634834810868727e-02	1.105742058792953258e-01	-1.562384237426207301e-01
-1.708916306002876973e-01	1.875956084893847242e-01	-3.887999094654038257e-01	9.999999999999997780e-01	-8.442611000733941662e-01	1.300317271526594265e-01	-1.157414446854215934e-01	2.324629330609898070e-01	-2.278155045613532714e-01	1.397258400029493530e-01	-5.794460663240343784e-02	7.979304112023813400e-02	-8.318735989405667830e-02	1.222587857939517325e-01	-9.438013452327470576e-02	5.543185215435714880e-02	-6.590395037488726293e-02	6.874142069021453583e-02	-8.323367265167712359e-02	1.161181188135460562e-01
1.843714291098520475e-01	-2.275470804592405749e-01	2.645028847665003569e-01	-8.442611000733941662e-01	1.000000000000000000e+00	-1.663676961797469489e-01	1.345074267858475114e-01	-2.767736331857422738e-01	2.130347283580613371e-01	-1.872701898868069093e-01	7.057206745866115294e-02	-9.924575098294384501e-02	1.016655964019583247e-01	-1.586276606889782392e-01	1.174661080556747006e-01	-6.940420155992772788e-02	8.064646138842063161e-02	-8.681884426485139694e-02	1.056520439550223123e-01	-1.561025752884644957e-01
-4.794308879433043513e-01	3.020293795303585216e-01	-2.247395418014720425e-01	1.300317271526594265e-01	-1.663676961797469489e-01	1.000000000000000222e+00	-7.087681061339254907e-01	2.171683618374041225e-01	-2.081698475086492250e-01	1.345491483687228929e-01	-1.947203771498559610e-01	2.328273238145658619e-01	-1.978452707569872404e-01	1.416462736126938848e-01	-1.057626935923535044e-01	1.468980974899662395e-01	-1.935587691944336830e-01	1.442757276225285490e-01	-1.203291677443593666e-01	1.502663184486003056e-01
2.954135441563568443e-01	-4.749427801589739540e-01	2.136179388858959749e-01	-1.157414446854215934e-01	1.345074267858475114e-01	-7.087681061339254907e-01	9.999999999999996669e-01	-2.559857069033383281e-01	1.693610670688568687e-01	-1.138583343979479717e-01	1.640559418241893663e-01	-3.178862152310280575e-01	1.633537384578925555e-01	-1.194692003244359757e-01	8.653486283409397850e-02	-1.330037784037113313e-01	1.664392441733227868e-01	-1.265852888623449912e-01	9.791728568992980053e-02	-1.249601890626623191e-01
-3.287826131579298927e-01	2.820326781952676165e-01	-6.360387971261568518e-01	2.324629330609898070e-01	-2.767736331857422738e-01	2.171683618374041225e-01	-2.559857069033383281e-01	9.999999999999993339e-01	-4.914055337146772118e-01	1.969224749389928697e-01	-1.019482473141308243e-01	1.382666177381104144e-01	-1.464679911605951679e-01	1.840327373359453567e-01	-1.424180774160998808e-01	9.277389498429503001e-02	-1.147024706712728159e-01	1.132628483385455520e-01	-1.300889692234680206e-01	1.676895066777208676e-01
2.535663971348627865e-01	-2.363006372887369033e-01	2.521331764818769416e-01	-2.278155045613532714e-01	2.130347283580613371e-01	-2.081698475086492250e-01	1.693610670688568687e-01	-4.914055337146772118e-01	9.999999999999986677e-01	-4.906441018119702124e-01	1.034863071601055257e-01	-1.456945084601876661e-01	1.739989171580194338e-01	-4.176198950509587005e-01	2.694013233803215224e-01	-1.054462630480107049e-01	1.250544396757369281e-01	-1.504877307310620027e-01	2.135509565651665387e-01	-3.000032799946088513e-01
-2.422795365275481061e-01	1.522735032737778660e-01	-1.731455806185324409e-01	1.397258400029493530e-01	-1.872701898868069093e-01	1.345491483687228929e-01	-1.138583343979479717e-01	1.969224749389928697e-01	-4.906441018119702124e-01	9.999999999999992228e-01	-8.193673844878064660e-02	1.090025030114702559e-01	-1.578632960437117705e-01	3.014436080288068753e-01	-6.988948957035695519e-01	8.154953211613415187e-02	-1.031324951535349393e-01	1.226171749550593326e-01	-2.059588664906225330e-01	2.169002546342633508e-01
1.500098026380932148e-01	-1.344375377151133533e-01	8.986236012086658287e-02	-5.794460663240343784e-02	7.057206745866115294e-02	-1.947203771498559610e-01	1.640559418241893663e-01	-1.019482473141308243e-01	1.034863071601055257e-01	-8.193673844878064660e-02	9.999999999999995559e-01	-5.326208293751831802e-01	2.139879209305318997e-01	-1.029512178371818354e-01	7.037148650592842114e-02	-7.315654856902653602e-01	2.970612681515917841e-01	-2.039434250603405774e-01	1.021641341347667986e-01	-1.195028206544170857e-01
-2.144052476954560749e-01	1.800795497681898227e-01	-1.279137918256148532e-01	7.979304112023813400e-02	-9.924575098294384501e-02	2.328273238145658619e-01	-3.178862152310280575e-01	1.382666177381104144e-01	-1.456945084601876661e-01	1.090025030114702559e-01	-5.326208293751831802e-01	9.999999999999987788e-01	-4.108722334308101964e-01	1.404093070837224566e-01	-9.694177010522569971e-02	3.071729438337203466e-01	-5.199742098431667792e-01	2.656259511530696393e-01	-1.383770479790074892e-01	1.507543729702438551e-01
1.907708388671084943e-01	-1.586674486255394700e-01	1.209080343838352806e-01	-8.318735989405667830e-02	1.016655964019583247e-01	-1.978452707569872404e-01	1.633537384578925555e-01	-1.464679911605951679e-01	1.739989171580194338e-01	-1.578632960437117705e-01	2.139879209305318997e-01	-4.108722334308101964e-01	9.999999999999996669e-01	-2.673970808362085561e-01	1.471697973261060777e-01	-2.637011904667450612e-01	3.014239774764083668e-01	-6.968927517400493876e-01	2.274991312173494651e-01	-2.578833235456912121e-01
-2.414491180821392302e-01	1.513779340809668361e-01	-1.607212298555555363e-01	1.222587857939517325e-01	-1.586276606889782392e-01	1.416462736126938848e-01	-1.194692003244359757e-01	1.840327373359453567e-01	-4.176198950509587005e-01	3.014436080288068753e-01	-1.029512178371818354e-01	1.404093070837224566e-01	-2.673970808362085561e-01	9.999999999999991118e-01	-5.578434357192005866e-01	1.061048260625523376e-01	-1.400217633730087008e-01	1.906440139407571954e-01	-4.711427365488670693e-01	2.993258539407038787e-01
1.664427091094393962e-01	-1.131542612517829477e-01	1.159390103740803452e-01	-9.438013452327470576e-02	1.174661080556747006e-01	-1.057626935923535044e-01	8.653486283409397850e-02	-1.424180774160998808e-01	2.694013233803215224e-01	-6.988948957035695519e-01	7.037148650592842114e-02	-9.694177010522569971e-02	1.471697973261060777e-01	-5.578434357192005866e-01	9.999999999999991118e-01	-7.369957878164584697e-02	9.216406332624767217e-02	-1.244690102934667697e-01	2.216391017021737964e-01	-2.795646046741823709e-01
-1.503675809056123358e-01	1.139192291828256959e-01	-8.371922301836678959e-02	5.543185215435714880e-02	-6.940420155992772788e-02	1.468980974899662395e-01	-1.330037784037113313e-01	9.277389498429503001e-02	-1.054462630480107049e-01	8.154953211613415187e-02	-7.315654856902653602e-01	3.071729438337203466e-01	-2.637011904667450612e-01	1.061048260625523376e-01	-7.369957878164584697e-02	9.999999999999990008e-01	-5.189367359711529737e-01	2.191050807882458651e-01	-1.120239880239917163e-01	1.189125713702496034e-01
1.643184363678920623e-01	-1.434573144689771096e-01	9.985052453427202546e-02	-6.590395037488726293e-02	8.064646138842063161e-02	-1.935587691944336830e-01	1.664392441733227868e-01	-1.147024706712728159e-01	1.250544396757369281e-01	-1.031324951535349393e-01	2.970612681515917841e-01	-5.199742098431667792e-01	3.014239774764083668e-01	-1.400217633730087008e-01	9.216406332624767217e-02	-5.189367359711529737e-01	9.999999999999992228e-01	-5.113458436254070261e-01	1.541151568022089136e-01	-1.700400148951569657e-01
-1.687226239518924975e-01	1.224012729331358240e-01	-9.929634834810868727e-02	6.874142069021453583e-02	-8.681884426485139694e-02	1.442757276225285490e-01	-1.265852888623449912e-01	1.132628483385455520e-01	-1.504877307310620027e-01	1.226171749550593326e-01	-2.039434250603405774e-01	2.656259511530696393e-01	-6.968927517400493876e-01	1.906440139407571954e-01	-1.244690102934667697e-01	2.191050807882458651e-01	-5.113458436254070261e-01	9.999999999999997780e-01	-2.935707768448586608e-01	2.154591531187309006e-01
1.814806869935360611e-01	-1.189474061275182931e-01	1.105742058792953258e-01	-8.323367265167712359e-02	1.056520439550223123e-01	-1.203291677443593666e-01	9.791728568992980053e-02	-1.300889692234680206e-01	2.135509565651665387e-01	-2.059588664906225330e-01	1.021641341347667986e-01	-1.383770479790074892e-01	2.274991312173494651e-01	-4.711427365488670693e-01	2.216391017021737964e-01	-1.120239880239917163e-01	1.541151568022089136e-01	-2.935707768448586608e-01	9.999999999999995559e-01	-7.409200694773194762e-01
-2.885714308117232063e-01	1.583605835587875710e-01	-1.562384237426207301e-01	1.161181188135460562e-01	-1.561025752884644957e-01	1.502663184486003056e-01	-1.249601890626623191e-01	1.676895066777208676e-01	-3.000032799946088513e-01	2.169002546342633508e-01	-1.195028206544170857e-01	1.507543729702438551e-01	-2.578833235456912121e-01	2.993258539407038787e-01	-2.795646046741823709e-01	1.189125713702496034e-01	-1.700400148951569657e-01	2.154591531187309006e-01	-7.409200694773194762e-01	9.999999999999995559e-01
