1.000000000000000000e+00	-7.003050329200278812e-01	7.497491722061452868e-02	-6.721619769962945690e-02	6.015729288907396138e-02	-4.025449938288075402e-01	3.126412157869477015e-01	-1.066520303296458888e-01	8.902341624074192050e-02	-5.005333775754484266e-02	2.510118893989937150e-01	-2.916283240728650972e-01	1.698670724053741588e-01	-9.069796521114413534e-02	9.800242736051831272e-02	-3.848024630118743739e-01	2.089684111636976316e-01	-1.593290034515848497e-01	8.663296260651343061e-02	-9.805003419229074701e-02
-7.003050329200278812e-01	1.000000000000000666e+00	-8.177895231262001519e-02	6.708919592628981299e-02	-5.443692013489903614e-02	2.510631639720948272e-01	-5.776698624056376685e-01	1.056387242351587430e-01	-9.269190374235282415e-02	4.483729654768624229e-02	-2.152253088602574249e-01	2.421690933690742731e-01	-1.552400571680485342e-01	7.827295190427048521e-02	-8.627864397335691105e-02	2.305043060056730098e-01	-1.887702499817208168e-01	1.285885510222948003e-01	-7.255039607107616195e-02	7.678416421604855602e-02
7.497491722061452868e-02	-8.177895231262001519e-02	1.000000000000000666e+00	-8.900902276979338890e-01	8.098252041944513369e-02	-6.058461177407215709e-02	7.952703165866138735e-02	-3.460305700375597704e-01	2.532260140714234220e-01	-7.472173241740887040e-02	5.327435031906860990e-02	-6.695256776521552045e-02	7.482759168402591810e-02	-9.298555385350340541e-02	9.266669756541068281e-02	-8.607465512346013092e-02	6.042922953301487626e-02	-6.304266006784516041e-02	6.807143647376368012e-02	-7.571813828430208615e-02
-6.721619769962945690e-02	6.708919592628981299e-02	-8.900902276979338890e-01	1.000000000000000888e+00	-8.960981849825420953e-02	5.146158725790432598e-02	-6.847184808203823914e-02	2.526593658001272114e-01	-3.519549149970278012e-01	7.870090042102634298e-02	-4.648323716170087161e-02	5.765585552274510306e-02	-6.984330140128804099e-02	9.392224386276999681e-02	-9.775898118027706585e-02	7.361910128403416353e-02	-5.394761728683853536e-02	5.691903108978191295e-02	-6.833923130092217635e-02	7.168820395529074130e-02
6.015729288907396138e-02	-5.443692013489903614e-02	8.098252041944513369e-02	-8.960981849825420953e-02	1.000000000000001554e+00	-5.561233899223259197e-02	6.180783271178920402e-02	-1.731480471969942814e-01	1.568530089178043208e-01	-9.006099152201716418e-01	5.315718606464333446e-02	-6.813485277204894830e-02	1.002626124016046255e-01	-2.041770460556251443e-01	2.292220542505666314e-01	-1.061938602890266231e-01	7.171978102988589565e-02	-9.248251655048667086e-02	1.320266513219450211e-01	-2.017834180687963497e-01
-4.025449938288075402e-01	2.510631639720948272e-01	-6.058461177407215709e-02	5.146158725790432598e-02	-5.561233899223259197e-02	1.000000000000000888e+00	-4.235998922815065737e-01	9.369838803354250956e-02	-8.371717251096091883e-02	4.533347230856799720e-02	-7.132065146238857345e-01	2.851097116848721469e-01	-1.743723791912423215e-01	8.218927356782233795e-02	-9.140231631117584632e-02	2.679740668706766527e-01	-2.177582906791576955e-01	1.429912076904406859e-01	-7.718548614263107122e-02	8.016325317891456748e-02
3.126412157869477015e-01	-5.776698624056376685e-01	7.952703165866138735e-02	-6.847184808203823914e-02	6.180783271178920402e-02	-4.235998922815065737e-01	1.000000000000001332e+00	-1.502059177823123204e-01	1.128451287751736087e-01	-5.172656105321444403e-02	2.727419155640466442e-01	-5.083744817075115385e-01	1.815922868329231665e-01	-9.281871751306436380e-02	9.770164069847765698e-02	-3.005173579460154176e-01	2.264139185648464669e-01	-1.657613102340064759e-01	8.365364461961756481e-02	-8.977844036770994685e-02
-1.066520303296458888e-01	1.056387242351587430e-01	-3.460305700375597704e-01	2.526593658001272114e-01	-1.731480471969942814e-01	9.369838803354250956e-02	-1.502059177823123204e-01	1.000000000000001332e+00	-8.229191969524426442e-01	1.467614914807268134e-01	-8.473464260680758919e-02	1.095731287938992299e-01	-1.426830576923634186e-01	1.798732089261583234e-01	-1.937603107535869340e-01	1.273979688529066068e-01	-9.924669842844299761e-02	1.079683480745895485e-01	-1.310570049802903814e-01	1.268670590470075688e-01
8.902341624074192050e-02	-9.269190374235282415e-02	2.532260140714234220e-01	-3.519549149970278012e-01	1.568530089178043208e-01	-8.371717251096091883e-02	1.128451287751736087e-01	-8.229191969524426442e-01	1.000000000000000888e+00	-1.723388276548758202e-01	7.365394179292969468e-02	-9.776329998300388457e-02	1.225254532663572760e-01	-2.250894055081957834e-01	1.783416244120479555e-01	-1.205314996899404800e-01	8.757533544799957215e-02	-1.018347786347598427e-01	1.252302338803546189e-01	-1.304330038489037169e-01
-5.005333775754484266e-02	4.483729654768624229e-02	-7.472173241740887040e-02	7.870090042102634298e-02	-9.006099152201716418e-01	4.533347230856799720e-02	-5.172656105321444403e-02	1.467614914807268134e-01	-1.723388276548758202e-01	1.000000000000001554e+00	-4.365835658128787433e-02	5.607779794236618376e-02	-8.688786192504950601e-02	1.766615871972498641e-01	-3.078700340607464780e-01	8.384018575626359104e-02	-5.927324408801375871e-02	7.594329713473133014e-02	-1.167384629701731652e-01	1.557225040893895629e-01
2.510118893989937150e-01	-2.152253088602574249e-01	5.327435031906860990e-02	-4.648323716170087161e-02	5.315718606464333446e-02	-7.132065146238857345e-01	2.727419155640466442e-01	-8.473464260680758919e-02	7.365394179292969468e-02	-4.365835658128787433e-02	1.000000000000001110e+00	-4.451801681309839331e-01	1.804526348095999710e-01	-8.354268320628997768e-02	9.001943045211971417e-02	-4.095553632031966318e-01	2.357471573652397123e-01	-1.635573963649007423e-01	7.857092016282332669e-02	-8.348565601003908598e-02
-2.916283240728650972e-01	2.421690933690742731e-01	-6.695256776521552045e-02	5.765585552274510306e-02	-6.813485277204894830e-02	2.851097116848721469e-01	-5.083744817075115385e-01	1.095731287938992299e-01	-9.776329998300388457e-02	5.607779794236618376e-02	-4.451801681309839331e-01	1.000000000000000888e+00	-3.312966237693145133e-01	1.145936726325576943e-01	-1.199780755258024467e-01	3.116609922245643371e-01	-4.913668876689214482e-01	2.433794870219225526e-01	-1.048828452981401538e-01	1.053386117314976389e-01
1.698670724053741588e-01	-1.552400571680485342e-01	7.482759168402591810e-02	-6.984330140128804099e-02	1.002626124016046255e-01	-1.743723791912423215e-01	1.815922868329231665e-01	-1.426830576923634186e-01	1.225254532663572760e-01	-8.688786192504950601e-02	1.804526348095999710e-01	-3.312966237693145133e-01	1.000000000000001554e+00	-2.818598267510300515e-01	2.012276507425079519e-01	-3.559672399441707324e-01	3.010037055273824258e-01	-7.248032723922310794e-01	1.910808282165646632e-01	-1.998860438067035505e-01
-9.069796521114413534e-02	7.827295190427048521e-02	-9.298555385350340541e-02	9.392224386276999681e-02	-2.041770460556251443e-01	8.218927356782233795e-02	-9.281871751306436380e-02	1.798732089261583234e-01	-2.250894055081957834e-01	1.766615871972498641e-01	-8.354268320628997768e-02	1.145936726325576943e-01	-2.818598267510300515e-01	1.000000000000001998e+00	-6.936279361417767575e-01	1.543405365013697794e-01	-1.270084422569954796e-01	1.861569889540020672e-01	-4.790496341620119614e-01	3.048468921926695829e-01
9.800242736051831272e-02	-8.627864397335691105e-02	9.266669756541068281e-02	-9.775898118027706585e-02	2.292220542505666314e-01	-9.140231631117584632e-02	9.770164069847765698e-02	-1.937603107535869340e-01	1.783416244120479555e-01	-3.078700340607464780e-01	9.001943045211971417e-02	-1.199780755258024467e-01	2.012276507425079519e-01	-6.936279361417767575e-01	1.000000000000002665e+00	-1.842166346034196656e-01	1.297725245559301355e-01	-1.871772980890746840e-01	2.918148038264153366e-01	-4.466984660055617895e-01
-3.848024630118743739e-01	2.305043060056730098e-01	-8.607465512346013092e-02	7.361910128403416353e-02	-1.061938602890266231e-01	2.679740668706766527e-01	-3.005173579460154176e-01	1.273979688529066068e-01	-1.205314996899404800e-01	8.384018575626359104e-02	-4.095553632031966318e-01	3.116609922245643371e-01	-3.559672399441707324e-01	1.543405365013697794e-01	-1.842166346034196656e-01	1.000000000000002665e+00	-5.648236770958184882e-01	2.682230988373056069e-01	-1.513157509555357882e-01	1.464384982178884576e-01
2.089684111636976316e-01	-1.887702499817208168e-01	6.042922953301487626e-02	-5.394761728683853536e-02	7.171978102988589565e-02	-2.177582906791576955e-01	2.264139185648464669e-01	-9.924669842844299761e-02	8.757533544799957215e-02	-5.927324408801375871e-02	2.357471573652397123e-01	-4.913668876689214482e-01	3.010037055273824258e-01	-1.270084422569954796e-01	1.297725245559301355e-01	-5.648236770958184882e-01	1.000000000000002220e+00	-5.150912599853980645e-01	1.246879878545032877e-01	-1.290315597862770058e-01
-1.593290034515848497e-01	1.285885510222948003e-01	-6.304266006784516041e-02	5.691903108978191295e-02	-9.248251655048667086e-02	1.429912076904406859e-01	-1.657613102340064759e-01	1.079683480745895485e-01	-1.018347786347598427e-01	7.594329713473133014e-02	-1.635573963649007423e-01	2.433794870219225526e-01	-7.248032723922310794e-01	1.861569889540020672e-01	-1.871772980890746840e-01	2.682230988373056069e-01	-5.150912599853980645e-01	1.000000000000001998e+00	-2.023783504282829770e-01	1.652879253004164162e-01
8.663296260651343061e-02	-7.255039607107616195e-02	6.807143647376368012e-02	-6.833923130092217635e-02	1.320266513219450211e-01	-7.718548614263107122e-02	8.365364461961756481e-02	-1.310570049802903814e-01	1.252302338803546189e-01	-1.167384629701731652e-01	7.857092016282332669e-02	-1.048828452981401538e-01	1.910808282165646632e-01	-4.790496341620119614e-01	2.918148038264153366e-01	-1.513157509555357882e-01	1.246879878545032877e-01	-2.023783504282829770e-01	1.000000000000001998e+00	-7.782721851268133983e-01
-9.805003419229074701e-02	7.678416421604855602e-02	-7.571813828430208615e-02	7.168820395529074130e-02	-2.017834180687963497e-01	8.016325317891456748e-02	-8.977844036770994685e-02	1.268670590470075688e-01	-1.304330038489037169e-01	1.557225040893895629e-01	-8.348565601003908598e-02	1.053386117314976389e-01	-1.998860438067035505e-01	3.048468921926695829e-01	-4.466984660055617895e-01	1.464384982178884576e-01	-1.290315597862770058e-01	1.652879253004164162e-01	-7.782721851268133983e-01	1.000000000000001998e+00
