1.000000000000000222e+00	-8.608444884949340015e-01	2.578948917738780322e-01	-9.749541472612717474e-02	8.715651072285035550e-02	-2.749534599728605810e-01	1.983608463317649284e-01	-2.656198625326098295e-01	8.010263534870232238e-02	-1.049138954358150438e-01	1.257075740247968476e-01	-1.170328321807909272e-01	9.586946708856476651e-02	-1.077857720785676682e-01	1.937974550489297149e-02	-1.090510566085866884e-01	1.161250581308025248e-01	-1.262184835400747829e-01	1.022642652564187404e-01	-1.894572569169821613e-02
-8.608444884949340015e-01	1.000000000000000222e+00	-3.748617180984619157e-01	9.155584067494829115e-02	-8.581812901129869109e-02	2.010021799010476562e-01	-2.049607373300665059e-01	2.248225906132256258e-01	-6.975305222834425611e-02	8.654928201714917613e-02	-1.059125125918945060e-01	9.470767652787326352e-02	-8.041111127243619205e-02	8.736371290493089026e-02	-1.624678760445097750e-02	8.616784251204398504e-02	-1.000151430886872944e-01	9.851539781738366530e-02	-8.764213731627343296e-02	1.578129541177648865e-02
2.578948917738780322e-01	-3.748617180984619157e-01	1.000000000000000000e+00	-2.219925124206254541e-01	1.647568477993459901e-01	-3.395664427199437951e-01	2.747290136787199910e-01	-7.109862351423413829e-01	1.334896963001491188e-01	-1.610452899940911509e-01	1.593413401007922614e-01	-1.525780688119051098e-01	1.278082592977150544e-01	-1.547161457667785567e-01	2.731832045827297523e-02	-1.352820863169896803e-01	1.484402442112176257e-01	-1.583489913986652065e-01	1.421702190977726654e-01	-2.657133981908614204e-02
-9.749541472612717474e-02	9.155584067494829115e-02	-2.219925124206254541e-01	1.000000000000000000e+00	-8.213555037277652238e-01	1.100403619951296486e-01	-9.506267772058736576e-02	1.467452169072817614e-01	-3.613588545434957000e-01	2.832571913578713629e-01	-1.030652555220336747e-01	1.014088952818945760e-01	-1.121568058282182700e-01	2.055276160535052521e-01	-3.969435697035793298e-02	8.430061831883509105e-02	-1.322757216317257956e-01	1.285939074975498420e-01	-2.045149294196736689e-01	3.754238571655198198e-02
8.715651072285035550e-02	-8.581812901129869109e-02	1.647568477993459901e-01	-8.213555037277652238e-01	9.999999999999997780e-01	-1.104023693574103654e-01	9.007116414363061652e-02	-1.446664784701215123e-01	2.641770814424204139e-01	-4.224437373012093766e-01	9.589174511915943278e-02	-9.988603365045858884e-02	1.055154144198061639e-01	-2.161354603154485299e-01	3.988210371163602302e-02	-8.080353438252696474e-02	1.198090007817128877e-01	-1.262106233197543281e-01	1.789465675117844767e-01	-3.848456362821224552e-02
-2.749534599728605810e-01	2.010021799010476562e-01	-3.395664427199437951e-01	1.100403619951296486e-01	-1.104023693574103654e-01	1.000000000000000666e+00	-7.373781525182573349e-01	2.855353076595330553e-01	-9.628302360342461119e-02	1.166680851333642271e-01	-3.220110164468395486e-01	1.892381510594200456e-01	-1.535275392823383100e-01	1.280035279682112948e-01	-2.432795154219620157e-02	1.798581890681174578e-01	-1.958365746522818807e-01	1.579894958922542503e-01	-1.375808223124659613e-01	2.353205512133253047e-02
1.983608463317649284e-01	-2.049607373300665059e-01	2.747290136787199910e-01	-9.506267772058736576e-02	9.007116414363061652e-02	-7.373781525182573349e-01	1.000000000000000444e+00	-4.976029129005083984e-01	8.566025753069443638e-02	-1.034559550644842951e-01	1.934342645897833834e-01	-2.008766950183537292e-01	1.365931941864413635e-01	-1.143958651119367648e-01	2.057704624966705600e-02	-1.459132542296643908e-01	1.462547097064831880e-01	-1.395740812930679753e-01	1.135180424170572216e-01	-1.997820490676075270e-02
-2.656198625326098295e-01	2.248225906132256258e-01	-7.109862351423413829e-01	1.467452169072817614e-01	-1.446664784701215123e-01	2.855353076595330553e-01	-4.976029129005083984e-01	1.000000000000000666e+00	-1.241090047836751475e-01	1.317084738480490125e-01	-1.632306414718197041e-01	1.430095891178830292e-01	-1.282977756868394770e-01	1.304177805025734105e-01	-2.448403320060482669e-02	1.212469006866594978e-01	-1.495407589861354192e-01	1.357364605722786166e-01	-1.342814442104137695e-01	2.359683029479562461e-02
8.010263534870232238e-02	-6.975305222834425611e-02	1.334896963001491188e-01	-3.613588545434957000e-01	2.641770814424204139e-01	-9.628302360342461119e-02	8.566025753069443638e-02	-1.241090047836751475e-01	1.000000000000000888e+00	-6.625347006839630293e-01	1.117260990929522385e-01	-1.267380433620466651e-01	1.503092505767270881e-01	-5.443658590798012842e-01	5.788816710669570514e-02	-9.112158116163278365e-02	1.476411099703039687e-01	-1.567797211551463232e-01	2.572968075583082492e-01	-5.524725866394224888e-02
-1.049138954358150438e-01	8.654928201714917613e-02	-1.610452899940911509e-01	2.832571913578713629e-01	-4.224437373012093766e-01	1.166680851333642271e-01	-1.034559550644842951e-01	1.317084738480490125e-01	-6.625347006839630293e-01	1.000000000000000222e+00	-1.517134782840803275e-01	1.453038828992589404e-01	-1.764332626748295330e-01	3.048657134685390235e-01	-8.025878415624637663e-02	1.218030420645211942e-01	-2.164213062560405576e-01	1.966535948671090939e-01	-3.800361176587813694e-01	7.244726866491067729e-02
1.257075740247968476e-01	-1.059125125918945060e-01	1.593413401007922614e-01	-1.030652555220336747e-01	9.589174511915943278e-02	-3.220110164468395486e-01	1.934342645897833834e-01	-1.632306414718197041e-01	1.117260990929522385e-01	-1.517134782840803275e-01	1.000000000000001332e+00	-4.229123068455403756e-01	2.367496517193639349e-01	-1.891177087053676209e-01	3.246628076763450471e-02	-6.641675974157907891e-01	3.089723391595192714e-01	-2.894382413797771392e-01	1.791439171180818080e-01	-3.186444686243648794e-02
-1.170328321807909272e-01	9.470767652787326352e-02	-1.525780688119051098e-01	1.014088952818945760e-01	-9.988603365045858884e-02	1.892381510594200456e-01	-2.008766950183537292e-01	1.430095891178830292e-01	-1.267380433620466651e-01	1.453038828992589404e-01	-4.229123068455403756e-01	1.000000000000000222e+00	-7.124442862491005002e-01	2.097079163122350653e-01	-3.786564736906994355e-02	2.338232105410654182e-01	-3.328127465724075584e-01	2.789505459214206562e-01	-2.293257542001900240e-01	3.632254884651549276e-02
9.586946708856476651e-02	-8.041111127243619205e-02	1.278082592977150544e-01	-1.121568058282182700e-01	1.055154144198061639e-01	-1.535275392823383100e-01	1.365931941864413635e-01	-1.282977756868394770e-01	1.503092505767270881e-01	-1.764332626748295330e-01	2.367496517193639349e-01	-7.124442862491005002e-01	9.999999999999998890e-01	-3.282368631401566539e-01	4.337505645180004393e-02	-1.973998973792182032e-01	2.471627764783956571e-01	-4.627994693915930546e-01	2.503921193350756580e-01	-4.206817703153921395e-02
-1.077857720785676682e-01	8.736371290493089026e-02	-1.547161457667785567e-01	2.055276160535052521e-01	-2.161354603154485299e-01	1.280035279682112948e-01	-1.143958651119367648e-01	1.304177805025734105e-01	-5.443658590798012842e-01	3.048657134685390235e-01	-1.891177087053676209e-01	2.097079163122350653e-01	-3.282368631401566539e-01	1.000000000000000444e+00	-9.824432849701948689e-02	1.485901313585861472e-01	-2.564423342813929030e-01	2.658573948456284253e-01	-5.594763090572443254e-01	8.858285787460280780e-02
1.937974550489297149e-02	-1.624678760445097750e-02	2.731832045827297523e-02	-3.969435697035793298e-02	3.988210371163602302e-02	-2.432795154219620157e-02	2.057704624966705600e-02	-2.448403320060482669e-02	5.788816710669570514e-02	-8.025878415624637663e-02	3.246628076763450471e-02	-3.786564736906994355e-02	4.337505645180004393e-02	-9.824432849701948689e-02	9.999999999999997780e-01	-2.798815897802234970e-02	4.465292185550557430e-02	-6.913141424061755580e-02	1.154100740665844615e-01	-9.827082494451040429e-01
-1.090510566085866884e-01	8.616784251204398504e-02	-1.352820863169896803e-01	8.430061831883509105e-02	-8.080353438252696474e-02	1.798581890681174578e-01	-1.459132542296643908e-01	1.212469006866594978e-01	-9.112158116163278365e-02	1.218030420645211942e-01	-6.641675974157907891e-01	2.338232105410654182e-01	-1.973998973792182032e-01	1.485901313585861472e-01	-2.798815897802234970e-02	9.999999999999997780e-01	-6.182255172913588837e-01	2.287366904007832602e-01	-1.618331695131706160e-01	2.725923419923673846e-02
1.161250581308025248e-01	-1.000151430886872944e-01	1.484402442112176257e-01	-1.322757216317257956e-01	1.198090007817128877e-01	-1.958365746522818807e-01	1.462547097064831880e-01	-1.495407589861354192e-01	1.476411099703039687e-01	-2.164213062560405576e-01	3.089723391595192714e-01	-3.328127465724075584e-01	2.471627764783956571e-01	-2.564423342813929030e-01	4.465292185550557430e-02	-6.182255172913588837e-01	9.999999999999996669e-01	-4.742013315225320769e-01	2.409758225959245659e-01	-4.426254609064606688e-02
-1.262184835400747829e-01	9.851539781738366530e-02	-1.583489913986652065e-01	1.285939074975498420e-01	-1.262106233197543281e-01	1.579894958922542503e-01	-1.395740812930679753e-01	1.357364605722786166e-01	-1.567797211551463232e-01	1.966535948671090939e-01	-2.894382413797771392e-01	2.789505459214206562e-01	-4.627994693915930546e-01	2.658573948456284253e-01	-6.913141424061755580e-02	2.287366904007832602e-01	-4.742013315225320769e-01	9.999999999999995559e-01	-5.544121597828655101e-01	6.608102940918386681e-02
1.022642652564187404e-01	-8.764213731627343296e-02	1.421702190977726654e-01	-2.045149294196736689e-01	1.789465675117844767e-01	-1.375808223124659613e-01	1.135180424170572216e-01	-1.342814442104137695e-01	2.572968075583082492e-01	-3.800361176587813694e-01	1.791439171180818080e-01	-2.293257542001900240e-01	2.503921193350756580e-01	-5.594763090572443254e-01	1.154100740665844615e-01	-1.618331695131706160e-01	2.409758225959245659e-01	-5.544121597828655101e-01	9.999999999999997780e-01	-1.310149895897582129e-01
-1.894572569169821613e-02	1.578129541177648865e-02	-2.657133981908614204e-02	3.754238571655198198e-02	-3.848456362821224552e-02	2.353205512133253047e-02	-1.997820490676075270e-02	2.359683029479562461e-02	-5.524725866394224888e-02	7.244726866491067729e-02	-3.186444686243648794e-02	3.632254884651549276e-02	-4.206817703153921395e-02	8.858285787460280780e-02	-9.827082494451040429e-01	2.725923419923673846e-02	-4.426254609064606688e-02	6.608102940918386681e-02	-1.310149895897582129e-01	9.999999999999997780e-01
