1.000000000000000000e+00	-5.721131684345629465e-01	2.419932874277331836e-01	-1.852314663805321726e-01	1.725051549382672911e-01	-6.769358868065110668e-01	2.840713718186848591e-01	-2.550959697335137832e-01	1.561553819916425279e-01	-9.856201505492262482e-02	7.540721103480657606e-02	-7.282032867283788624e-02	1.374188219789944931e-01	-1.081391258018592483e-01	1.085025826647372654e-01	-1.277442875195301114e-02	1.327755765705966422e-02	-1.116408925087254977e-01	9.733100572465043510e-02	-1.933490872530819193e-01
-5.721131684345629465e-01	1.000000000000000222e+00	-5.431033996556204890e-01	2.373472652452258136e-01	-2.632761400231144466e-01	2.978038021579301753e-01	-3.861783005234050714e-01	2.819912085451325989e-01	-1.842554528546418435e-01	1.214679085917236695e-01	-8.195726692418413284e-02	7.683151239361191154e-02	-1.569562536953631737e-01	1.194152988105869756e-01	-1.407345070264246489e-01	1.350961633589850726e-02	-1.416219055700224973e-02	1.169385079302141806e-01	-1.060004588757103572e-01	1.834320223276126594e-01
2.419932874277331836e-01	-5.431033996556204890e-01	1.000000000000000000e+00	-4.721453292326543982e-01	2.605491649364130025e-01	-2.506432134552656898e-01	2.742673313768991261e-01	-5.195103491266284124e-01	1.788822381818445384e-01	-1.269167797963096644e-01	7.137126189735981674e-02	-6.973115176560402972e-02	1.621443778250316881e-01	-1.253023901164959930e-01	1.333149380659004180e-01	-1.216226751970920367e-02	1.269676917940740224e-02	-1.274188548443080937e-01	1.074202337644533239e-01	-1.957058658226320802e-01
-1.852314663805321726e-01	2.373472652452258136e-01	-4.721453292326543982e-01	9.999999999999997780e-01	-7.216198847505761460e-01	1.764633764710795694e-01	-1.977516891152536482e-01	2.275009614202814223e-01	-2.251726473466643674e-01	2.043297997057119675e-01	-6.626208330988411777e-02	6.198715903091009394e-02	-1.560505104061647441e-01	1.372426873720122287e-01	-2.261353008324504255e-01	1.137109478169099144e-02	-1.191066246543632905e-02	1.197312826226048094e-01	-1.167359961959103104e-01	2.030419473416482656e-01
1.725051549382672911e-01	-2.632761400231144466e-01	2.605491649364130025e-01	-7.216198847505761460e-01	9.999999999999996669e-01	-2.057831621198471517e-01	1.827636983132366333e-01	-2.348960107666642205e-01	2.062218155472440306e-01	-3.728016761739044727e-01	6.724929557375677880e-02	-6.437530545059015619e-02	1.557982003390076808e-01	-1.497511715055843962e-01	2.446606541657979361e-01	-1.191552790544475604e-02	1.242355973845002057e-02	-1.342414363732774008e-01	1.266273787617107072e-01	-2.701386001080999244e-01
-6.769358868065110668e-01	2.978038021579301753e-01	-2.506432134552656898e-01	1.764633764710795694e-01	-2.057831621198471517e-01	1.000000000000000222e+00	-5.363601575087152407e-01	2.588004319327757985e-01	-1.836747457832139108e-01	1.079075981861916944e-01	-1.026506469403497546e-01	9.314773929704969757e-02	-1.589184940704056748e-01	1.176516307468922912e-01	-1.271060239541612347e-01	1.614766994542993564e-02	-1.689606846882294247e-02	1.167976699347892527e-01	-1.061939469983106121e-01	1.804424346346485963e-01
2.840713718186848591e-01	-3.861783005234050714e-01	2.742673313768991261e-01	-1.977516891152536482e-01	1.827636983132366333e-01	-5.363601575087152407e-01	1.000000000000000222e+00	-6.094751695323054053e-01	1.858745734002205940e-01	-1.074346899785684761e-01	1.123521127268238273e-01	-1.226903414108941187e-01	1.853144217316533560e-01	-1.369197151266668966e-01	1.183250326034858552e-01	-1.825331052229190246e-02	1.902592141070692799e-02	-1.484397720585629576e-01	1.187500174465382224e-01	-2.172413282748085206e-01
-2.550959697335137832e-01	2.819912085451325989e-01	-5.195103491266284124e-01	2.275009614202814223e-01	-2.348960107666642205e-01	2.588004319327757985e-01	-6.094751695323054053e-01	1.000000000000000000e+00	-2.558520353579319950e-01	1.243257498468298139e-01	-1.024597223997644468e-01	9.967912699036921009e-02	-2.867894385980054306e-01	1.644097584938557510e-01	-1.411125603794566308e-01	1.659996534989187020e-02	-1.742028317306516111e-02	1.709619128012484779e-01	-1.414045989699077854e-01	2.197470291435696943e-01
1.561553819916425279e-01	-1.842554528546418435e-01	1.788822381818445384e-01	-2.251726473466643674e-01	2.062218155472440306e-01	-1.836747457832139108e-01	1.858745734002205940e-01	-2.558520353579319950e-01	9.999999999999997780e-01	-2.279890899923892877e-01	1.018100642382258475e-01	-9.966349216634533270e-02	2.778386627427160138e-01	-5.638040307928052774e-01	2.191510211922477469e-01	-1.882360065908020297e-02	1.957903914135998222e-02	-2.892868421658426059e-01	2.895738311266731757e-01	-5.865646902466159496e-01
-9.856201505492262482e-02	1.214679085917236695e-01	-1.269167797963096644e-01	2.043297997057119675e-01	-3.728016761739044727e-01	1.079075981861916944e-01	-1.074346899785684761e-01	1.243257498468298139e-01	-2.279890899923892877e-01	1.000000000000000444e+00	-5.347611415840233112e-02	4.965485657701292771e-02	-1.418048475858458279e-01	1.706288831718896504e-01	-8.401723170546536723e-01	9.378584348241287075e-03	-9.822489556478922190e-03	1.166962916739860967e-01	-1.323694444639611223e-01	2.069597907441894646e-01
7.540721103480657606e-02	-8.195726692418413284e-02	7.137126189735981674e-02	-6.626208330988411777e-02	6.724929557375677880e-02	-1.026506469403497546e-01	1.123521127268238273e-01	-1.024597223997644468e-01	1.018100642382258475e-01	-5.347611415840233112e-02	1.000000000000000000e+00	-9.425487594237694777e-01	1.649563160753096391e-01	-9.970927507072341323e-02	5.944151836836753661e-02	-1.085067743003804569e-01	9.783248132471557279e-02	-1.342485418600049552e-01	8.903833815270172092e-02	-1.476394069032764267e-01
-7.282032867283788624e-02	7.683151239361191154e-02	-6.973115176560402972e-02	6.198715903091009394e-02	-6.437530545059015619e-02	9.314773929704969757e-02	-1.226903414108941187e-01	9.967912699036921009e-02	-9.966349216634533270e-02	4.965485657701292771e-02	-9.425487594237694777e-01	1.000000000000000444e+00	-2.003447956876900082e-01	9.353602780084727120e-02	-5.628511277032599569e-02	9.436689326845293380e-02	-1.041021125692823679e-01	1.219727410357521469e-01	-8.515335977870493178e-02	1.265387125680756675e-01
1.374188219789944931e-01	-1.569562536953631737e-01	1.621443778250316881e-01	-1.560505104061647441e-01	1.557982003390076808e-01	-1.589184940704056748e-01	1.853144217316533560e-01	-2.867894385980054306e-01	2.778386627427160138e-01	-1.418048475858458279e-01	1.649563160753096391e-01	-2.003447956876900082e-01	1.000000000000000888e+00	-4.156308078366853231e-01	1.566333461226781520e-01	-2.867481741612686041e-02	2.982548019485344037e-02	-6.512524971374509253e-01	3.090446814252200136e-01	-3.825518370917475597e-01
-1.081391258018592483e-01	1.194152988105869756e-01	-1.253023901164959930e-01	1.372426873720122287e-01	-1.497511715055843962e-01	1.176516307468922912e-01	-1.369197151266668966e-01	1.644097584938557510e-01	-5.638040307928052774e-01	1.706288831718896504e-01	-9.970927507072341323e-02	9.353602780084727120e-02	-4.156308078366853231e-01	1.000000000000000888e+00	-2.339219927672407939e-01	1.703463333512150388e-02	-1.790890052374619762e-02	2.974752941205350831e-01	-5.809404267549094225e-01	3.146336226445420881e-01
1.085025826647372654e-01	-1.407345070264246489e-01	1.333149380659004180e-01	-2.261353008324504255e-01	2.446606541657979361e-01	-1.271060239541612347e-01	1.183250326034858552e-01	-1.411125603794566308e-01	2.191510211922477469e-01	-8.401723170546536723e-01	5.944151836836753661e-02	-5.628511277032599569e-02	1.566333461226781520e-01	-2.339219927672407939e-01	1.000000000000000444e+00	-1.063750945879952253e-02	1.110833756137222066e-02	-1.419683036174463342e-01	1.528667615147985548e-01	-2.859305680091182023e-01
-1.277442875195301114e-02	1.350961633589850726e-02	-1.216226751970920367e-02	1.137109478169099144e-02	-1.191552790544475604e-02	1.614766994542993564e-02	-1.825331052229190246e-02	1.659996534989187020e-02	-1.882360065908020297e-02	9.378584348241287075e-03	-1.085067743003804569e-01	9.436689326845293380e-02	-2.867481741612686041e-02	1.703463333512150388e-02	-1.063750945879952253e-02	1.000000000000000444e+00	-9.890207272747519873e-01	2.391377884961296343e-02	-1.666596026378523027e-02	2.511269390914429300e-02
1.327755765705966422e-02	-1.416219055700224973e-02	1.269676917940740224e-02	-1.191066246543632905e-02	1.242355973845002057e-02	-1.689606846882294247e-02	1.902592141070692799e-02	-1.742028317306516111e-02	1.957903914135998222e-02	-9.822489556478922190e-03	9.783248132471557279e-02	-1.041021125692823679e-01	2.982548019485344037e-02	-1.790890052374619762e-02	1.110833756137222066e-02	-9.890207272747519873e-01	1.000000000000000444e+00	-2.537702860074533481e-02	1.742462551667649240e-02	-2.657330225332158943e-02
-1.116408925087254977e-01	1.169385079302141806e-01	-1.274188548443080937e-01	1.197312826226048094e-01	-1.342414363732774008e-01	1.167976699347892527e-01	-1.484397720585629576e-01	1.709619128012484779e-01	-2.892868421658426059e-01	1.166962916739860967e-01	-1.342485418600049552e-01	1.219727410357521469e-01	-6.512524971374509253e-01	2.974752941205350831e-01	-1.419683036174463342e-01	2.391377884961296343e-02	-2.537702860074533481e-02	1.000000000000000444e+00	-5.945062106203835572e-01	2.738929027389184201e-01
9.733100572465043510e-02	-1.060004588757103572e-01	1.074202337644533239e-01	-1.167359961959103104e-01	1.266273787617107072e-01	-1.061939469983106121e-01	1.187500174465382224e-01	-1.414045989699077854e-01	2.895738311266731757e-01	-1.323694444639611223e-01	8.903833815270172092e-02	-8.515335977870493178e-02	3.090446814252200136e-01	-5.809404267549094225e-01	1.528667615147985548e-01	-1.666596026378523027e-02	1.742462551667649240e-02	-5.945062106203835572e-01	1.000000000000000444e+00	-4.281064656753951203e-01
-1.933490872530819193e-01	1.834320223276126594e-01	-1.957058658226320802e-01	2.030419473416482656e-01	-2.701386001080999244e-01	1.804424346346485963e-01	-2.172413282748085206e-01	2.197470291435696943e-01	-5.865646902466159496e-01	2.069597907441894646e-01	-1.476394069032764267e-01	1.265387125680756675e-01	-3.825518370917475597e-01	3.146336226445420881e-01	-2.859305680091182023e-01	2.511269390914429300e-02	-2.657330225332158943e-02	2.738929027389184201e-01	-4.281064656753951203e-01	1.000000000000000666e+00
