1.000000000000000000e+00	-5.618304398992950421e-01	1.406662105639356897e-01	-1.343731810475319033e-01	6.889904082739796432e-02	-6.043986607212251672e-01	3.217752261191600405e-01	-1.377934564878686707e-01	1.166756130896644955e-01	-1.137579199389406603e-01	2.794000368006043789e-01	-3.833994546728234920e-01	1.504319813912015358e-01	-1.160360932647025445e-01	7.984279487172599166e-02	-6.877258131916560990e-02	6.488171051412847112e-02	-8.851379458703717562e-02	9.729565846482179925e-02	-1.109926907040493932e-01
-5.618304398992950421e-01	9.999999999999995559e-01	-1.618823041009057051e-01	9.442397873237774741e-02	-4.981971368052309779e-02	2.941497475976578291e-01	-7.133306115615075660e-01	1.434788710002170564e-01	-9.697915961192818401e-02	8.006575456982988059e-02	-2.443236023834804704e-01	2.509536599218769037e-01	-1.327662804313415879e-01	8.920382292388044643e-02	-6.183086881816231978e-02	5.202503371528921505e-02	-5.193607237807194854e-02	7.222497019130966200e-02	-8.275955513525518059e-02	8.093276934803311784e-02
1.406662105639356897e-01	-1.618823041009057051e-01	9.999999999999996669e-01	-2.847495312816301083e-01	1.389559849060714170e-01	-1.183659850915383810e-01	1.459788131326444915e-01	-8.079636774153512446e-01	2.255749832177824099e-01	-2.242281577700418471e-01	1.058180496390180719e-01	-1.401292085983782409e-01	2.606221133357727870e-01	-2.206914246403794966e-01	1.406089442997776606e-01	-5.653330143969107630e-02	5.395852235155693816e-02	-1.530190114722496109e-01	1.534708839284758541e-01	-1.980919035648704973e-01
-1.343731810475319033e-01	9.442397873237774741e-02	-2.847495312816301083e-01	9.999999999999998890e-01	-6.313790897581479378e-01	8.545532501419732252e-02	-8.824243795020519920e-02	1.915710476367061543e-01	-4.834081315418256586e-01	3.309724496589152576e-01	-8.983970376766924060e-02	1.044250745001008840e-01	-2.584011741012082752e-01	2.160605098003797464e-01	-1.639605697052769762e-01	5.012454709939796749e-02	-5.080819282080198396e-02	1.363772981176077925e-01	-1.918882027509937749e-01	1.676399841656081025e-01
6.889904082739796432e-02	-4.981971368052309779e-02	1.389559849060714170e-01	-6.313790897581479378e-01	9.999999999999998890e-01	-4.475860517849280379e-02	4.616780630671973862e-02	-1.022387913225076550e-01	2.513389703450080170e-01	-6.972357320132305247e-01	4.668228122748250414e-02	-5.504120131318316483e-02	1.340597891990592816e-01	-1.279329772736247095e-01	1.003212120427219162e-01	-2.669442031057863915e-02	2.684538881220449591e-02	-7.279871105316393365e-02	9.991557016427327076e-02	-1.052868019274856431e-01
-6.043986607212251672e-01	2.941497475976578291e-01	-1.183659850915383810e-01	8.545532501419732252e-02	-4.475860517849280379e-02	1.000000000000000222e+00	-4.525021393242135148e-01	1.123812713251187284e-01	-8.457034951168976300e-02	7.271407930803640285e-02	-5.436994754480912739e-01	3.124124243662204647e-01	-1.226366558845985721e-01	8.234871751781577820e-02	-5.648593708224047827e-02	6.423302312140896642e-02	-6.350282587205184626e-02	6.864548722654784108e-02	-7.663471740364934115e-02	7.521527604078655227e-02
3.217752261191600405e-01	-7.133306115615075660e-01	1.459788131326444915e-01	-8.824243795020519920e-02	4.616780630671973862e-02	-4.525021393242135148e-01	1.000000000000000222e+00	-1.705439401953725564e-01	8.862456377513208694e-02	-7.483592768566729725e-02	2.584443253476964020e-01	-3.893673106191856137e-01	1.300181968042036784e-01	-8.705378377382327892e-02	5.799927572983304414e-02	-5.253690973008878079e-02	5.131815263008509403e-02	-7.085078523717022736e-02	7.639378363063417665e-02	-7.745629739887427423e-02
-1.377934564878686707e-01	1.434788710002170564e-01	-8.079636774153512446e-01	1.915710476367061543e-01	-1.022387913225076550e-01	1.123812713251187284e-01	-1.705439401953725564e-01	1.000000000000000000e+00	-2.444561381482415197e-01	1.602538100744964888e-01	-1.077538210715764944e-01	1.352072891151822054e-01	-3.920068282239922430e-01	1.981931096164507022e-01	-1.258423253629654681e-01	5.278485394290069466e-02	-5.204065870272751859e-02	1.539871227200968751e-01	-1.665494558463657127e-01	1.593317173457993452e-01
1.166756130896644955e-01	-9.697915961192818401e-02	2.255749832177824099e-01	-4.834081315418256586e-01	2.513389703450080170e-01	-8.457034951168976300e-02	8.862456377513208694e-02	-2.444561381482415197e-01	1.000000000000000666e+00	-4.674611625764039102e-01	8.573164591847114158e-02	-1.084493450544696674e-01	2.599606116325244298e-01	-5.211670380734323427e-01	2.331031282679782157e-01	-5.329088646291343934e-02	5.197979277171410617e-02	-1.516245893679445678e-01	1.826694706515370747e-01	-2.842519793209644097e-01
-1.137579199389406603e-01	8.006575456982988059e-02	-2.242281577700418471e-01	3.309724496589152576e-01	-6.972357320132305247e-01	7.271407930803640285e-02	-7.483592768566729725e-02	1.602538100744964888e-01	-4.674611625764039102e-01	1.000000000000000444e+00	-7.675955328086879470e-02	8.951136388624666984e-02	-2.249134428581255618e-01	2.030939262231906128e-01	-1.703097837453223240e-01	4.352042543462605884e-02	-4.402847666468432536e-02	1.197262390667850340e-01	-1.679123522057873741e-01	1.615844605169455273e-01
2.794000368006043789e-01	-2.443236023834804704e-01	1.058180496390180719e-01	-8.983970376766924060e-02	4.668228122748250414e-02	-5.436994754480912739e-01	2.584443253476964020e-01	-1.077538210715764944e-01	8.573164591847114158e-02	-7.675955328086879470e-02	1.000000000000000666e+00	-7.277424843747527516e-01	1.399378027244401190e-01	-9.411654069104311016e-02	6.163138644460419702e-02	-1.010729834175063818e-01	9.022108151466491643e-02	-8.185348072866967251e-02	8.351237009933196176e-02	-8.421733455265548174e-02
-3.833994546728234920e-01	2.509536599218769037e-01	-1.401292085983782409e-01	1.044250745001008840e-01	-5.504120131318316483e-02	3.124124243662204647e-01	-3.893673106191856137e-01	1.352072891151822054e-01	-1.084493450544696674e-01	8.951136388624666984e-02	-7.277424843747527516e-01	1.000000000000000444e+00	-2.157002586770032093e-01	1.149768662326632468e-01	-7.633626030328388712e-02	9.351870410295783087e-02	-9.782356161547908768e-02	1.029775109905129438e-01	-1.097152024533513404e-01	9.972139456614856345e-02
1.504319813912015358e-01	-1.327662804313415879e-01	2.606221133357727870e-01	-2.584011741012082752e-01	1.340597891990592816e-01	-1.226366558845985721e-01	1.300181968042036784e-01	-3.920068282239922430e-01	2.599606116325244298e-01	-2.249134428581255618e-01	1.399378027244401190e-01	-2.157002586770032093e-01	9.999999999999998890e-01	-4.707991352052632306e-01	2.212099769437489705e-01	-9.737525091031092039e-02	9.291914059988179431e-02	-4.604890052775485465e-01	2.887970878403800512e-01	-3.028686689018201816e-01
-1.160360932647025445e-01	8.920382292388044643e-02	-2.206914246403794966e-01	2.160605098003797464e-01	-1.279329772736247095e-01	8.234871751781577820e-02	-8.705378377382327892e-02	1.981931096164507022e-01	-5.211670380734323427e-01	2.030939262231906128e-01	-9.411654069104311016e-02	1.149768662326632468e-01	-4.707991352052632306e-01	1.000000000000000666e+00	-5.037970149205514003e-01	6.019659800692270940e-02	-6.024524472027503047e-02	1.992338632595784809e-01	-2.638187134487952057e-01	3.023505524310079462e-01
7.984279487172599166e-02	-6.183086881816231978e-02	1.406089442997776606e-01	-1.639605697052769762e-01	1.003212120427219162e-01	-5.648593708224047827e-02	5.799927572983304414e-02	-1.258423253629654681e-01	2.331031282679782157e-01	-1.703097837453223240e-01	6.163138644460419702e-02	-7.633626030328388712e-02	2.212099769437489705e-01	-5.037970149205514003e-01	1.000000000000001110e+00	-4.504890860871138547e-02	4.391530164244841772e-02	-1.463024967440365587e-01	1.829401569039435516e-01	-7.716580118562319512e-01
-6.877258131916560990e-02	5.202503371528921505e-02	-5.653330143969107630e-02	5.012454709939796749e-02	-2.669442031057863915e-02	6.423302312140896642e-02	-5.253690973008878079e-02	5.278485394290069466e-02	-5.329088646291343934e-02	4.352042543462605884e-02	-1.010729834175063818e-01	9.351870410295783087e-02	-9.737525091031092039e-02	6.019659800692270940e-02	-4.504890860871138547e-02	1.000000000000000666e+00	-9.695052953133138640e-01	1.276536478434374677e-01	-1.314669556076141499e-01	5.824065985295293069e-02
6.488171051412847112e-02	-5.193607237807194854e-02	5.395852235155693816e-02	-5.080819282080198396e-02	2.684538881220449591e-02	-6.350282587205184626e-02	5.131815263008509403e-02	-5.204065870272751859e-02	5.197979277171410617e-02	-4.402847666468432536e-02	9.022108151466491643e-02	-9.782356161547908768e-02	9.291914059988179431e-02	-6.024524472027503047e-02	4.391530164244841772e-02	-9.695052953133138640e-01	1.000000000000000444e+00	-1.472982544786357872e-01	1.196571656513626958e-01	-5.850767392200562772e-02
-8.851379458703717562e-02	7.222497019130966200e-02	-1.530190114722496109e-01	1.363772981176077925e-01	-7.279871105316393365e-02	6.864548722654784108e-02	-7.085078523717022736e-02	1.539871227200968751e-01	-1.516245893679445678e-01	1.197262390667850340e-01	-8.185348072866967251e-02	1.029775109905129438e-01	-4.604890052775485465e-01	1.992338632595784809e-01	-1.463024967440365587e-01	1.276536478434374677e-01	-1.472982544786357872e-01	1.000000000000000444e+00	-7.951487754170221134e-01	1.870727649476016108e-01
9.729565846482179925e-02	-8.275955513525518059e-02	1.534708839284758541e-01	-1.918882027509937749e-01	9.991557016427327076e-02	-7.663471740364934115e-02	7.639378363063417665e-02	-1.665494558463657127e-01	1.826694706515370747e-01	-1.679123522057873741e-01	8.351237009933196176e-02	-1.097152024533513404e-01	2.887970878403800512e-01	-2.638187134487952057e-01	1.829401569039435516e-01	-1.314669556076141499e-01	1.196571656513626958e-01	-7.951487754170221134e-01	1.000000000000000444e+00	-2.987582170659267011e-01
-1.109926907040493932e-01	8.093276934803311784e-02	-1.980919035648704973e-01	1.676399841656081025e-01	-1.052868019274856431e-01	7.521527604078655227e-02	-7.745629739887427423e-02	1.593317173457993452e-01	-2.842519793209644097e-01	1.615844605169455273e-01	-8.421733455265548174e-02	9.972139456614856345e-02	-3.028686689018201816e-01	3.023505524310079462e-01	-7.716580118562319512e-01	5.824065985295293069e-02	-5.850767392200562772e-02	1.870727649476016108e-01	-2.987582170659267011e-01	1.000000000000000444e+00
