1.000000000000000000e+00	-5.333294317082227787e-01	1.148552200220938208e-01	-8.571631145921199124e-02	9.551604320269629911e-02	-7.687197319327879752e-01	2.868688179159606388e-01	-1.181119348146101034e-01	5.881858201051158586e-02	-5.907950808615888144e-02	1.086082353579122667e-01	-1.509016439853427261e-01	1.283742623929425841e-01	-6.759617069734671913e-02	7.344985194856824828e-02	-9.221335222593166070e-02	1.059135889239900541e-01	-1.000741663642165102e-01	4.984400122873117872e-02	-5.627723238107400910e-02	6.839804307943553319e-02	-6.619711741977446495e-02	8.015015124672157654e-02	-5.714496794380091726e-02	5.901569410086264511e-02	-4.520370938966784130e-02	6.348073322001666907e-02	-5.749835804549058293e-02	4.322010648056825305e-02	-4.976099285324903088e-02	4.986605454429368645e-02	-4.605933829115590322e-02	4.975085408768152584e-02	-4.522124071541803320e-02	4.574639444504693259e-02
-5.333294317082227787e-01	1.000000000000000222e+00	-2.281996429770960788e-01	1.379703497978559401e-01	-1.623692608469187726e-01	3.150718088739040690e-01	-6.494691411194556396e-01	1.872595213093014299e-01	-9.404652531508439495e-02	9.280069986452310626e-02	-1.299680804329306494e-01	2.321238986179616492e-01	-2.207315888688276273e-01	1.041404485884508541e-01	-1.174914975004762163e-01	1.041067015384069538e-01	-1.626242618641755566e-01	1.473533085698836009e-01	-7.473505311846184718e-02	8.289192467667744202e-02	-1.040480938334027716e-01	9.824001291512303446e-02	-1.223285012359110191e-01	8.470273928365021354e-02	-8.881899157261145816e-02	6.754211167512839953e-02	-9.612115125955426886e-02	8.458425175457266743e-02	-6.422835141379520940e-02	7.339216814195190230e-02	-7.518645423973761843e-02	6.842640700075119931e-02	-7.443676594228490484e-02	6.652439117479955200e-02	-6.806802160488145681e-02
1.148552200220938208e-01	-2.281996429770960788e-01	1.000000000000000222e+00	-5.227784601951310783e-01	2.840665764200563936e-01	-1.269480503408894623e-01	1.681340618029937284e-01	-6.933492990257236199e-01	1.528775616277039673e-01	-1.460454933737096450e-01	8.749566593716241736e-02	-1.909770269437458534e-01	2.118603871180386455e-01	-1.574408802600853474e-01	1.520267367040911699e-01	-7.606679716566666638e-02	1.257305388230673948e-01	-1.481208370917259098e-01	7.810219616253955000e-02	-8.886037678636582449e-02	9.152956259174029052e-02	-8.606516849449787065e-02	1.132751749441605893e-01	-8.407196891701959607e-02	8.634856441428409579e-02	-6.128244081451211106e-02	8.490349464287821890e-02	-8.223835602930824884e-02	6.265820715873046676e-02	-7.248955953486804771e-02	6.907704963245027419e-02	-6.382357543076698503e-02	7.048144091381808307e-02	-6.557514693034270647e-02	6.684498297881266704e-02
-8.571631145921199124e-02	1.379703497978559401e-01	-5.227784601951310783e-01	1.000000000000000444e+00	-7.113761889254330839e-01	9.540892477472984190e-02	-1.260434622749328493e-01	2.815311082165605772e-01	-2.107537400421328200e-01	2.010175440108584455e-01	-7.868440861218203852e-02	1.401252914697346530e-01	-1.639199118216786433e-01	1.803901101861910827e-01	-2.138316795633058709e-01	6.673334254865848081e-02	-1.122007969202725858e-01	1.239106049227037265e-01	-7.968653082746157690e-02	9.041552483556901387e-02	-9.296123891847232756e-02	8.204440492140309404e-02	-1.119448684375481257e-01	8.379891389140931013e-02	-9.002596437477616842e-02	6.157183475717860344e-02	-8.475455871648825135e-02	8.230686773477852158e-02	-6.345814818778734712e-02	7.350538513679073793e-02	-7.139681004881477666e-02	6.444133104821456182e-02	-7.275426619562988528e-02	6.725144675182599674e-02	-7.017440037955408050e-02
9.551604320269629911e-02	-1.623692608469187726e-01	2.840665764200563936e-01	-7.113761889254330839e-01	1.000000000000000222e+00	-1.190970404218112677e-01	1.399100641450861937e-01	-3.545620913734365276e-01	2.176090932835192393e-01	-3.403334368264154808e-01	9.359372212458406948e-02	-1.797444795287026775e-01	1.839157530036251986e-01	-2.410399720825319725e-01	2.405371013986476181e-01	-8.221591158539191813e-02	1.344339281346730308e-01	-1.578873257110858519e-01	9.997349282960631134e-02	-1.174785346388491913e-01	1.123439743254841250e-01	-1.012515049777911735e-01	1.352330769599049964e-01	-1.065456919533513402e-01	1.113211750650850429e-01	-7.620526142147095172e-02	1.034891626662313852e-01	-1.056064741570749282e-01	8.027526407742147097e-02	-9.425254605962349319e-02	8.761351597930577828e-02	-8.087565342488609033e-02	9.069661132898701461e-02	-8.686710007769846142e-02	8.882204333741279545e-02
-7.687197319327879752e-01	3.150718088739040690e-01	-1.269480503408894623e-01	9.540892477472984190e-02	-1.190970404218112677e-01	1.000000000000000222e+00	-4.534411679112994031e-01	1.300353536443412950e-01	-7.228967423296235595e-02	7.252621692005410681e-02	-1.609615914518383317e-01	1.863569933769383125e-01	-1.713605343001833869e-01	8.223588569714254670e-02	-9.364256866996999162e-02	1.179215370699902288e-01	-1.428740937375581332e-01	1.261311208345596013e-01	-6.320535596640035336e-02	7.045234721300155933e-02	-8.998633848294289306e-02	8.587374249110998892e-02	-1.043608705069409143e-01	7.258035655411612663e-02	-7.585391095561948294e-02	5.855688701722558398e-02	-8.317657591908912684e-02	7.300756750730258426e-02	-5.513536432479635568e-02	6.310050762259356016e-02	-6.481918606318354259e-02	5.920804151300986667e-02	-6.406670700062884471e-02	5.730685939705995602e-02	-5.839004509969390744e-02
2.868688179159606388e-01	-6.494691411194556396e-01	1.681340618029937284e-01	-1.260434622749328493e-01	1.399100641450861937e-01	-4.534411679112994031e-01	1.000000000000000666e+00	-1.990362717460824604e-01	9.074950941875857546e-02	-8.896227557702393596e-02	1.356505665506899105e-01	-4.260330433640026060e-01	2.302630352368535138e-01	-1.061714026294235114e-01	1.094434851415317239e-01	-1.182478446233242858e-01	1.717649789623883760e-01	-1.660000949076280985e-01	7.754440422263150778e-02	-8.728939718448124052e-02	1.031533863378163440e-01	-1.036492336232995998e-01	1.234729842420302648e-01	-8.795331892990847222e-02	8.915225217818607828e-02	-6.857809359365901747e-02	9.663456231994702050e-02	-8.764416645691203156e-02	6.584655649340620531e-02	-7.566022871568982289e-02	7.486389170275760396e-02	-6.982879945375132513e-02	7.490564724570042410e-02	-6.825143113607154421e-02	6.861143126260330072e-02
-1.181119348146101034e-01	1.872595213093014299e-01	-6.933492990257236199e-01	2.815311082165605772e-01	-3.545620913734365276e-01	1.300353536443412950e-01	-1.990362717460824604e-01	1.000000000000000888e+00	-2.058544500174022684e-01	1.687439350876339672e-01	-1.094985256358665671e-01	2.224844627455565826e-01	-3.859267393008771196e-01	1.823863369271861712e-01	-1.977118298057893575e-01	9.233286450657547662e-02	-1.619308914660681220e-01	1.815574878728329900e-01	-9.715486757214734925e-02	1.070276819028388587e-01	-1.162039404537369286e-01	1.073059959264501817e-01	-1.463453107056114644e-01	1.032953592675759646e-01	-1.081704299153263410e-01	7.640024770768347184e-02	-1.071704228399679992e-01	1.002824170104705398e-01	-7.731284416446657093e-02	8.853280942027773326e-02	-8.672199138503766669e-02	7.890033164925024101e-02	-8.765615135124384116e-02	7.977339684519535457e-02	-8.243094701903032340e-02
5.881858201051158586e-02	-9.404652531508439495e-02	1.528775616277039673e-01	-2.107537400421328200e-01	2.176090932835192393e-01	-7.228967423296235595e-02	9.074950941875857546e-02	-2.058544500174022684e-01	1.000000000000000444e+00	-4.729130459998159286e-01	6.943489080910963951e-02	-1.231680658344822682e-01	1.448579553046319413e-01	-7.652538925988051632e-01	2.949510028729552258e-01	-5.971127405724981074e-02	1.027213481398480677e-01	-1.203758385330641612e-01	1.075051263856483114e-01	-1.194470950450312041e-01	8.891219650506350380e-02	-7.861047524120452767e-02	1.112687525109240932e-01	-9.210806602424548295e-02	9.466041106490370727e-02	-5.956929672780398449e-02	8.185918692115770612e-02	-8.372956868180685130e-02	6.662069057127510685e-02	-7.653556977592289312e-02	6.932731518357343470e-02	-6.320094383681218453e-02	7.219619855240008710e-02	-6.769110849230414173e-02	7.053359285451729632e-02
-5.907950808615888144e-02	9.280069986452310626e-02	-1.460454933737096450e-01	2.010175440108584455e-01	-3.403334368264154808e-01	7.252621692005410681e-02	-8.896227557702393596e-02	1.687439350876339672e-01	-4.729130459998159286e-01	9.999999999999998890e-01	-7.244421054098612589e-02	1.146587679734017706e-01	-1.283517288598577666e-01	2.984913692302110233e-01	-7.213002084688925342e-01	6.162602704735577197e-02	-1.058455161970625613e-01	1.187528730789482734e-01	-1.081032134577968457e-01	1.250589924480642046e-01	-9.963545117430791520e-02	8.471524856114089064e-02	-1.208836638432778804e-01	9.795304373642324536e-02	-1.067047693069554798e-01	6.636051442335086370e-02	-9.060788867400683400e-02	9.220927807170410662e-02	-7.322038644584706601e-02	8.459388622281914516e-02	-7.864154844680507073e-02	7.057725374987294797e-02	-8.165104979088907977e-02	7.635943318725736673e-02	-8.090475243158004592e-02
1.086082353579122667e-01	-1.299680804329306494e-01	8.749566593716241736e-02	-7.868440861218203852e-02	9.359372212458406948e-02	-1.609615914518383317e-01	1.356505665506899105e-01	-1.094985256358665671e-01	6.943489080910963951e-02	-7.244421054098612589e-02	9.999999999999983347e-01	-2.123703031152137655e-01	1.573087217258834769e-01	-8.759004994940601529e-02	9.107838547724023126e-02	-8.637887613074112236e-01	2.585385946677101754e-01	-2.272010189905090682e-01	9.287259995620847364e-02	-1.082505131042175855e-01	1.274201049912642436e-01	-1.501516884282800279e-01	1.469845540906297154e-01	-1.099805545694622494e-01	1.044249064351587125e-01	-8.858333088807107680e-02	1.218738342396978452e-01	-1.126817377664432740e-01	8.145776048526340296e-02	-9.451203075905202644e-02	9.035241335304647348e-02	-8.929188898236431471e-02	9.096220634792726023e-02	-8.503611939640476347e-02	8.177340155851606229e-02
-1.509016439853427261e-01	2.321238986179616492e-01	-1.909770269437458534e-01	1.401252914697346530e-01	-1.797444795287026775e-01	1.863569933769383125e-01	-4.260330433640026060e-01	2.224844627455565826e-01	-1.231680658344822682e-01	1.146587679734017706e-01	-2.123703031152137655e-01	9.999999999999988898e-01	-6.393838922620070919e-01	1.417790206176784973e-01	-1.484746762722557456e-01	1.694941818655358035e-01	-3.713858761194244185e-01	2.708610262083609443e-01	-1.158191078379465361e-01	1.248686786644419566e-01	-1.571846920655886604e-01	1.639869298614613502e-01	-1.932390312734915128e-01	1.281311991953316409e-01	-1.279453906970556554e-01	1.011503597464601389e-01	-1.494181398279540440e-01	1.253387429419395571e-01	-9.502639023170622590e-02	1.072328633379796836e-01	-1.086788113518837029e-01	1.010612318786462405e-01	-1.072819768879137992e-01	9.528829791397655513e-02	-9.570851038910860309e-02
1.283742623929425841e-01	-2.207315888688276273e-01	2.118603871180386455e-01	-1.639199118216786433e-01	1.839157530036251986e-01	-1.713605343001833869e-01	2.302630352368535138e-01	-3.859267393008771196e-01	1.448579553046319413e-01	-1.283517288598577666e-01	1.573087217258834769e-01	-6.393838922620070919e-01	9.999999999999993339e-01	-1.892646707509699211e-01	1.562903071880739625e-01	-1.434813929596915616e-01	2.586796760785222693e-01	-4.264089224582632287e-01	1.313715483032295295e-01	-1.443298617969376585e-01	1.443160094384755565e-01	-1.534135017157643444e-01	1.973313382604798549e-01	-1.392541594573644403e-01	1.310987311453168658e-01	-9.715495550887226495e-02	1.379350682432360919e-01	-1.301638557709459687e-01	9.898076027249294584e-02	-1.125998972458654573e-01	1.046253974735202874e-01	-9.968754996495365894e-02	1.066370904547227494e-01	-9.818978277272216726e-02	9.745340069506271130e-02
-6.759617069734671913e-02	1.041404485884508541e-01	-1.574408802600853474e-01	1.803901101861910827e-01	-2.410399720825319725e-01	8.223588569714254670e-02	-1.061714026294235114e-01	1.823863369271861712e-01	-7.652538925988051632e-01	2.984913692302110233e-01	-8.759004994940601529e-02	1.417790206176784973e-01	-1.892646707509699211e-01	1.000000000000000000e+00	-4.253653267729927689e-01	7.371955058911579262e-02	-1.301415236267660092e-01	1.458486697066247728e-01	-1.528920629288067767e-01	1.481784534762018712e-01	-1.163862448948241868e-01	1.001353090470871038e-01	-1.462353260899536267e-01	1.177290226690978076e-01	-1.254917386264049473e-01	7.681909822627637496e-02	-1.062283459321259338e-01	1.058836716600541628e-01	-8.602605345881973731e-02	9.744902453287268562e-02	-9.054786433604296303e-02	8.106213984022020425e-02	-9.372046528644442653e-02	8.589402931086106974e-02	-9.139352590753851979e-02
7.344985194856824828e-02	-1.174914975004762163e-01	1.520267367040911699e-01	-2.138316795633058709e-01	2.405371013986476181e-01	-9.364256866996999162e-02	1.094434851415317239e-01	-1.977118298057893575e-01	2.949510028729552258e-01	-7.213002084688925342e-01	9.107838547724023126e-02	-1.484746762722557456e-01	1.562903071880739625e-01	-4.253653267729927689e-01	1.000000000000001998e+00	-7.924674856968680348e-02	1.343282656642821593e-01	-1.581948804174451162e-01	1.479421571220871923e-01	-1.990835187587266242e-01	1.274859136542119686e-01	-1.104168308987528851e-01	1.555149323606984102e-01	-1.354653074070516772e-01	1.399847541710909360e-01	-8.688070341317775946e-02	1.174001220904573733e-01	-1.268639135191770573e-01	9.936339049841538817e-02	-1.166101337646303915e-01	1.021338675076395863e-01	-9.396362217910528281e-02	1.080722129472070914e-01	-1.055456409780640703e-01	1.088663725649478831e-01
-9.221335222593166070e-02	1.041067015384069538e-01	-7.606679716566666638e-02	6.673334254865848081e-02	-8.221591158539191813e-02	1.179215370699902288e-01	-1.182478446233242858e-01	9.233286450657547662e-02	-5.971127405724981074e-02	6.162602704735577197e-02	-8.637887613074112236e-01	1.694941818655358035e-01	-1.434813929596915616e-01	7.371955058911579262e-02	-7.924674856968680348e-02	1.000000000000000000e+00	-3.746698737847161120e-01	1.921143105853527489e-01	-8.046245325104299517e-02	9.010741216686979360e-02	-1.243852161277873153e-01	1.418285679078193640e-01	-1.362310668369491329e-01	9.443622792376762942e-02	-9.135372035000249857e-02	8.061551620881540758e-02	-1.179127444244550821e-01	9.652018913189593097e-02	-7.055253894293742056e-02	8.046505048140469019e-02	-8.213110575235790800e-02	7.901310626540566928e-02	-8.039151953974860154e-02	7.228556886731049569e-02	-7.030695911056980552e-02
1.059135889239900541e-01	-1.626242618641755566e-01	1.257305388230673948e-01	-1.122007969202725858e-01	1.344339281346730308e-01	-1.428740937375581332e-01	1.717649789623883760e-01	-1.619308914660681220e-01	1.027213481398480677e-01	-1.058455161970625613e-01	2.585385946677101754e-01	-3.713858761194244185e-01	2.586796760785222693e-01	-1.301415236267660092e-01	1.343282656642821593e-01	-3.746698737847161120e-01	1.000000000000001554e+00	-5.522117038609418715e-01	1.584294791203424146e-01	-1.787736961224203613e-01	2.207419428717601884e-01	-3.897646842238363663e-01	2.583625259589962253e-01	-1.833789990104242595e-01	1.658514044090120543e-01	-1.518397780443047906e-01	2.220277179523650612e-01	-1.836843309159778836e-01	1.322089818607507239e-01	-1.503339700351951636e-01	1.474641534621000116e-01	-1.488213319481221930e-01	1.460870890146895307e-01	-1.325701027689318856e-01	1.265910136081436765e-01
-1.000741663642165102e-01	1.473533085698836009e-01	-1.481208370917259098e-01	1.239106049227037265e-01	-1.578873257110858519e-01	1.261311208345596013e-01	-1.660000949076280985e-01	1.815574878728329900e-01	-1.203758385330641612e-01	1.187528730789482734e-01	-2.272010189905090682e-01	2.708610262083609443e-01	-4.264089224582632287e-01	1.458486697066247728e-01	-1.581948804174451162e-01	1.921143105853527489e-01	-5.522117038609418715e-01	1.000000000000000222e+00	-2.545422344554110761e-01	2.121671569627619769e-01	-2.203049239815603744e-01	2.399912111122312897e-01	-4.391994711631285186e-01	2.197637894914572787e-01	-1.982132628572431388e-01	1.417933469181406891e-01	-2.153652473501651565e-01	1.873204147717532908e-01	-1.503940063848929198e-01	1.620665438074265219e-01	-1.505040867434625229e-01	1.426717164659222770e-01	-1.527212159971941263e-01	1.349685912679444710e-01	-1.344238564055099672e-01
4.984400122873117872e-02	-7.473505311846184718e-02	7.810219616253955000e-02	-7.968653082746157690e-02	9.997349282960631134e-02	-6.320535596640035336e-02	7.754440422263150778e-02	-9.715486757214734925e-02	1.075051263856483114e-01	-1.081032134577968457e-01	9.287259995620847364e-02	-1.158191078379465361e-01	1.313715483032295295e-01	-1.528920629288067767e-01	1.479421571220871923e-01	-8.046245325104299517e-02	1.584294791203424146e-01	-2.545422344554110761e-01	1.000000000000000888e+00	-8.168202849455348247e-01	1.341755007154493695e-01	-1.290057152741867219e-01	2.308328895250855162e-01	-3.771505019470205999e-01	2.116406684040489650e-01	-9.234616110069966688e-02	1.330322303979835641e-01	-1.648386746808746528e-01	1.636649041760865897e-01	-1.654240150259548847e-01	1.047823498900809225e-01	-1.014155229786946610e-01	1.197451053192479381e-01	-1.124773875333580642e-01	1.132137830712006688e-01
-5.627723238107400910e-02	8.289192467667744202e-02	-8.886037678636582449e-02	9.041552483556901387e-02	-1.174785346388491913e-01	7.045234721300155933e-02	-8.728939718448124052e-02	1.070276819028388587e-01	-1.194470950450312041e-01	1.250589924480642046e-01	-1.082505131042175855e-01	1.248686786644419566e-01	-1.443298617969376585e-01	1.481784534762018712e-01	-1.990835187587266242e-01	9.010741216686979360e-02	-1.787736961224203613e-01	2.121671569627619769e-01	-8.168202849455348247e-01	1.000000000000000222e+00	-1.606277064926029119e-01	1.445074585076541462e-01	-2.660425099941799987e-01	2.630959060649416537e-01	-2.693853439395607619e-01	1.073007443581930620e-01	-1.562585630819909588e-01	1.714024405047702704e-01	-1.736163264087207114e-01	1.734843994271340062e-01	-1.244833513914164608e-01	1.161194214972849359e-01	-1.395357645993536844e-01	1.254217773052720974e-01	-1.324030576797702585e-01
6.839804307943553319e-02	-1.040480938334027716e-01	9.152956259174029052e-02	-9.296123891847232756e-02	1.123439743254841250e-01	-8.998633848294289306e-02	1.031533863378163440e-01	-1.162039404537369286e-01	8.891219650506350380e-02	-9.963545117430791520e-02	1.274201049912642436e-01	-1.571846920655886604e-01	1.443160094384755565e-01	-1.163862448948241868e-01	1.274859136542119686e-01	-1.243852161277873153e-01	2.207419428717601884e-01	-2.203049239815603744e-01	1.341755007154493695e-01	-1.606277064926029119e-01	1.000000000000000888e+00	-5.083333333678052846e-01	2.440654652548934767e-01	-1.965408294502184183e-01	1.948089491157045661e-01	-5.337974689896280989e-01	3.154342350050293176e-01	-2.498082813215921349e-01	1.626921269286242533e-01	-1.921161325290627608e-01	2.874055678936152103e-01	-2.705731967555043971e-01	2.186563799348785753e-01	-2.002887525518578515e-01	1.777669561863407521e-01
-6.619711741977446495e-02	9.824001291512303446e-02	-8.606516849449787065e-02	8.204440492140309404e-02	-1.012515049777911735e-01	8.587374249110998892e-02	-1.036492336232995998e-01	1.073059959264501817e-01	-7.861047524120452767e-02	8.471524856114089064e-02	-1.501516884282800279e-01	1.639869298614613502e-01	-1.534135017157643444e-01	1.001353090470871038e-01	-1.104168308987528851e-01	1.418285679078193640e-01	-3.897646842238363663e-01	2.399912111122312897e-01	-1.290057152741867219e-01	1.445074585076541462e-01	-5.083333333678052846e-01	9.999999999999991118e-01	-3.457741874576541474e-01	1.876592202319695979e-01	-1.768404200405264970e-01	2.474844785777246814e-01	-5.764890735591969850e-01	2.182236081224608326e-01	-1.492647771057552530e-01	1.613259966331362094e-01	-2.185866666727452334e-01	2.124182335269737265e-01	-1.901380697366624739e-01	1.497818957826140829e-01	-1.406619989634069756e-01
8.015015124672157654e-02	-1.223285012359110191e-01	1.132751749441605893e-01	-1.119448684375481257e-01	1.352330769599049964e-01	-1.043608705069409143e-01	1.234729842420302648e-01	-1.463453107056114644e-01	1.112687525109240932e-01	-1.208836638432778804e-01	1.469845540906297154e-01	-1.932390312734915128e-01	1.973313382604798549e-01	-1.462353260899536267e-01	1.555149323606984102e-01	-1.362310668369491329e-01	2.583625259589962253e-01	-4.391994711631285186e-01	2.308328895250855162e-01	-2.660425099941799987e-01	2.440654652548934767e-01	-3.457741874576541474e-01	9.999999999999995559e-01	-5.069347314716650121e-01	2.743473958529740186e-01	-1.797372732262116635e-01	2.506179122032148321e-01	-3.256524949869253338e-01	2.452785036313602229e-01	-2.689087185741416697e-01	1.853571858228008074e-01	-1.944205444047674980e-01	2.078862265237002571e-01	-2.020336573986347140e-01	1.878955164870216299e-01
-5.714496794380091726e-02	8.470273928365021354e-02	-8.407196891701959607e-02	8.379891389140931013e-02	-1.065456919533513402e-01	7.258035655411612663e-02	-8.795331892990847222e-02	1.032953592675759646e-01	-9.210806602424548295e-02	9.795304373642324536e-02	-1.099805545694622494e-01	1.281311991953316409e-01	-1.392541594573644403e-01	1.177290226690978076e-01	-1.354653074070516772e-01	9.443622792376762942e-02	-1.833789990104242595e-01	2.197637894914572787e-01	-3.771505019470205999e-01	2.630959060649416537e-01	-1.965408294502184183e-01	1.876592202319695979e-01	-5.069347314716650121e-01	1.000000000000002220e+00	-4.592843258187154221e-01	1.363798113861637296e-01	-2.042502426937705950e-01	2.753388426234818498e-01	-4.523331040859400742e-01	2.903774256379623719e-01	-1.568692668665964685e-01	1.543347927331527036e-01	-1.936522026175160893e-01	1.764939016436761487e-01	-1.809352124272066153e-01
5.901569410086264511e-02	-8.881899157261145816e-02	8.634856441428409579e-02	-9.002596437477616842e-02	1.113211750650850429e-01	-7.585391095561948294e-02	8.915225217818607828e-02	-1.081704299153263410e-01	9.466041106490370727e-02	-1.067047693069554798e-01	1.044249064351587125e-01	-1.279453906970556554e-01	1.310987311453168658e-01	-1.254917386264049473e-01	1.399847541710909360e-01	-9.135372035000249857e-02	1.658514044090120543e-01	-1.982132628572431388e-01	2.116406684040489650e-01	-2.693853439395607619e-01	1.948089491157045661e-01	-1.768404200405264970e-01	2.743473958529740186e-01	-4.592843258187154221e-01	9.999999999999994449e-01	-1.445375839631637682e-01	1.991031773824811779e-01	-3.363626797728391238e-01	3.064207142922953930e-01	-6.102046604350678249e-01	1.677528780193241476e-01	-1.741147752280628180e-01	2.100542689896996995e-01	-2.335661297068321041e-01	2.189627737820019626e-01
-4.520370938966784130e-02	6.754211167512839953e-02	-6.128244081451211106e-02	6.157183475717860344e-02	-7.620526142147095172e-02	5.855688701722558398e-02	-6.857809359365901747e-02	7.640024770768347184e-02	-5.956929672780398449e-02	6.636051442335086370e-02	-8.858333088807107680e-02	1.011503597464601389e-01	-9.715495550887226495e-02	7.681909822627637496e-02	-8.688070341317775946e-02	8.061551620881540758e-02	-1.518397780443047906e-01	1.417933469181406891e-01	-9.234616110069966688e-02	1.073007443581930620e-01	-5.337974689896280989e-01	2.474844785777246814e-01	-1.797372732262116635e-01	1.363798113861637296e-01	-1.445375839631637682e-01	9.999999999999992228e-01	-3.849916990222443380e-01	1.887793335761080160e-01	-1.218827751170351303e-01	1.367786310423012852e-01	-6.550308340518875561e-01	2.584497514663693374e-01	-2.106982785130343261e-01	1.465894786093323576e-01	-1.344174048109512132e-01
6.348073322001666907e-02	-9.612115125955426886e-02	8.490349464287821890e-02	-8.475455871648825135e-02	1.034891626662313852e-01	-8.317657591908912684e-02	9.663456231994702050e-02	-1.071704228399679992e-01	8.185918692115770612e-02	-9.060788867400683400e-02	1.218738342396978452e-01	-1.494181398279540440e-01	1.379350682432360919e-01	-1.062283459321259338e-01	1.174001220904573733e-01	-1.179127444244550821e-01	2.220277179523650612e-01	-2.153652473501651565e-01	1.330322303979835641e-01	-1.562585630819909588e-01	3.154342350050293176e-01	-5.764890735591969850e-01	2.506179122032148321e-01	-2.042502426937705950e-01	1.991031773824811779e-01	-3.849916990222443380e-01	9.999999999999990008e-01	-3.450244236720459434e-01	1.847920394860391724e-01	-2.021505184030698288e-01	2.728813797438587319e-01	-3.926440182853279670e-01	2.558019141948911779e-01	-1.942033234545091358e-01	1.732111211534928530e-01
-5.749835804549058293e-02	8.458425175457266743e-02	-8.223835602930824884e-02	8.230686773477852158e-02	-1.056064741570749282e-01	7.300756750730258426e-02	-8.764416645691203156e-02	1.002824170104705398e-01	-8.372956868180685130e-02	9.220927807170410662e-02	-1.126817377664432740e-01	1.253387429419395571e-01	-1.301638557709459687e-01	1.058836716600541628e-01	-1.268639135191770573e-01	9.652018913189593097e-02	-1.836843309159778836e-01	1.873204147717532908e-01	-1.648386746808746528e-01	1.714024405047702704e-01	-2.498082813215921349e-01	2.182236081224608326e-01	-3.256524949869253338e-01	2.753388426234818498e-01	-3.363626797728391238e-01	1.887793335761080160e-01	-3.450244236720459434e-01	9.999999999999987788e-01	-5.554623176873707546e-01	2.942309651278669502e-01	-2.310234558471346289e-01	2.453198569380480587e-01	-4.194268485673236513e-01	2.298997835256086919e-01	-2.404920534941188959e-01
4.322010648056825305e-02	-6.422835141379520940e-02	6.265820715873046676e-02	-6.345814818778734712e-02	8.027526407742147097e-02	-5.513536432479635568e-02	6.584655649340620531e-02	-7.731284416446657093e-02	6.662069057127510685e-02	-7.322038644584706601e-02	8.145776048526340296e-02	-9.502639023170622590e-02	9.898076027249294584e-02	-8.602605345881973731e-02	9.936339049841538817e-02	-7.055253894293742056e-02	1.322089818607507239e-01	-1.503940063848929198e-01	1.636649041760865897e-01	-1.736163264087207114e-01	1.626921269286242533e-01	-1.492647771057552530e-01	2.452785036313602229e-01	-4.523331040859400742e-01	3.064207142922953930e-01	-1.218827751170351303e-01	1.847920394860391724e-01	-5.554623176873707546e-01	9.999999999999995559e-01	-5.679469990338988916e-01	1.432954963385255354e-01	-1.535644830713348563e-01	2.074728406020530103e-01	-2.171831572982257375e-01	1.931547133603544464e-01
-4.976099285324903088e-02	7.339216814195190230e-02	-7.248955953486804771e-02	7.350538513679073793e-02	-9.425254605962349319e-02	6.310050762259356016e-02	-7.566022871568982289e-02	8.853280942027773326e-02	-7.653556977592289312e-02	8.459388622281914516e-02	-9.451203075905202644e-02	1.072328633379796836e-01	-1.125998972458654573e-01	9.744902453287268562e-02	-1.166101337646303915e-01	8.046505048140469019e-02	-1.503339700351951636e-01	1.620665438074265219e-01	-1.654240150259548847e-01	1.734843994271340062e-01	-1.921161325290627608e-01	1.613259966331362094e-01	-2.689087185741416697e-01	2.903774256379623719e-01	-6.102046604350678249e-01	1.367786310423012852e-01	-2.021505184030698288e-01	2.942309651278669502e-01	-5.679469990338988916e-01	9.999999999999994449e-01	-1.683456550237586169e-01	1.639938895910471872e-01	-2.268568507593960448e-01	2.163685286893572979e-01	-2.663335013790070205e-01
4.986605454429368645e-02	-7.518645423973761843e-02	6.907704963245027419e-02	-7.139681004881477666e-02	8.761351597930577828e-02	-6.481918606318354259e-02	7.486389170275760396e-02	-8.672199138503766669e-02	6.932731518357343470e-02	-7.864154844680507073e-02	9.035241335304647348e-02	-1.086788113518837029e-01	1.046253974735202874e-01	-9.054786433604296303e-02	1.021338675076395863e-01	-8.213110575235790800e-02	1.474641534621000116e-01	-1.505040867434625229e-01	1.047823498900809225e-01	-1.244833513914164608e-01	2.874055678936152103e-01	-2.185866666727452334e-01	1.853571858228008074e-01	-1.568692668665964685e-01	1.677528780193241476e-01	-6.550308340518875561e-01	2.728813797438587319e-01	-2.310234558471346289e-01	1.432954963385255354e-01	-1.683456550237586169e-01	9.999999999999997780e-01	-4.841395551840610989e-01	2.567920836502944892e-01	-1.982328665188615169e-01	1.678169360619286010e-01
-4.605933829115590322e-02	6.842640700075119931e-02	-6.382357543076698503e-02	6.444133104821456182e-02	-8.087565342488609033e-02	5.920804151300986667e-02	-6.982879945375132513e-02	7.890033164925024101e-02	-6.320094383681218453e-02	7.057725374987294797e-02	-8.929188898236431471e-02	1.010612318786462405e-01	-9.968754996495365894e-02	8.106213984022020425e-02	-9.396362217910528281e-02	7.901310626540566928e-02	-1.488213319481221930e-01	1.426717164659222770e-01	-1.014155229786946610e-01	1.161194214972849359e-01	-2.705731967555043971e-01	2.124182335269737265e-01	-1.944205444047674980e-01	1.543347927331527036e-01	-1.741147752280628180e-01	2.584497514663693374e-01	-3.926440182853279670e-01	2.453198569380480587e-01	-1.535644830713348563e-01	1.639938895910471872e-01	-4.841395551840610989e-01	9.999999999999994449e-01	-6.377913527185892217e-01	2.051099189455763694e-01	-1.880020741948340846e-01
4.975085408768152584e-02	-7.443676594228490484e-02	7.048144091381808307e-02	-7.275426619562988528e-02	9.069661132898701461e-02	-6.406670700062884471e-02	7.490564724570042410e-02	-8.765615135124384116e-02	7.219619855240008710e-02	-8.165104979088907977e-02	9.096220634792726023e-02	-1.072819768879137992e-01	1.066370904547227494e-01	-9.372046528644442653e-02	1.080722129472070914e-01	-8.039151953974860154e-02	1.460870890146895307e-01	-1.527212159971941263e-01	1.197451053192479381e-01	-1.395357645993536844e-01	2.186563799348785753e-01	-1.901380697366624739e-01	2.078862265237002571e-01	-1.936522026175160893e-01	2.100542689896996995e-01	-2.106982785130343261e-01	2.558019141948911779e-01	-4.194268485673236513e-01	2.074728406020530103e-01	-2.268568507593960448e-01	2.567920836502944892e-01	-6.377913527185892217e-01	9.999999999999993339e-01	-3.644701293662458985e-01	2.409382750551649077e-01
-4.522124071541803320e-02	6.652439117479955200e-02	-6.557514693034270647e-02	6.725144675182599674e-02	-8.686710007769846142e-02	5.730685939705995602e-02	-6.825143113607154421e-02	7.977339684519535457e-02	-6.769110849230414173e-02	7.635943318725736673e-02	-8.503611939640476347e-02	9.528829791397655513e-02	-9.818978277272216726e-02	8.589402931086106974e-02	-1.055456409780640703e-01	7.228556886731049569e-02	-1.325701027689318856e-01	1.349685912679444710e-01	-1.124773875333580642e-01	1.254217773052720974e-01	-2.002887525518578515e-01	1.497818957826140829e-01	-2.020336573986347140e-01	1.764939016436761487e-01	-2.335661297068321041e-01	1.465894786093323576e-01	-1.942033234545091358e-01	2.298997835256086919e-01	-2.171831572982257375e-01	2.163685286893572979e-01	-1.982328665188615169e-01	2.051099189455763694e-01	-3.644701293662458985e-01	9.999999999999995559e-01	-7.844618670266134686e-01
4.574639444504693259e-02	-6.806802160488145681e-02	6.684498297881266704e-02	-7.017440037955408050e-02	8.882204333741279545e-02	-5.839004509969390744e-02	6.861143126260330072e-02	-8.243094701903032340e-02	7.053359285451729632e-02	-8.090475243158004592e-02	8.177340155851606229e-02	-9.570851038910860309e-02	9.745340069506271130e-02	-9.139352590753851979e-02	1.088663725649478831e-01	-7.030695911056980552e-02	1.265910136081436765e-01	-1.344238564055099672e-01	1.132137830712006688e-01	-1.324030576797702585e-01	1.777669561863407521e-01	-1.406619989634069756e-01	1.878955164870216299e-01	-1.809352124272066153e-01	2.189627737820019626e-01	-1.344174048109512132e-01	1.732111211534928530e-01	-2.404920534941188959e-01	1.931547133603544464e-01	-2.663335013790070205e-01	1.678169360619286010e-01	-1.880020741948340846e-01	2.409382750551649077e-01	-7.844618670266134686e-01	9.999999999999995559e-01
