1.000000000000000000e+00	-9.524875148355360643e-01	6.636506547048359739e-02	-6.807919587542263229e-02	2.995225781893334771e-02	-1.983254631662174361e-01	1.395478214148358764e-01	-7.762358946131114878e-02	7.054773431475233614e-02	-2.712178779464815420e-02	1.436036336694109239e-01	-1.015078252091699551e-01	7.428997113006291508e-02	-5.992874680778596114e-02	5.479059528950213503e-02	-5.418871281062014045e-02	5.918190389739193952e-02	-4.073352991714014604e-02	3.995765790877037205e-02	-3.499511855747503702e-02	3.716866972140702580e-02	-4.209493840855890040e-02	3.319789832194795787e-02	-4.167208972746328649e-02	3.187697976700390456e-02	-2.751830640355064708e-02	2.532600316681546046e-02	-3.243968426112466691e-02	3.077999110912089942e-02	-2.218491945847088018e-02	1.784016465878038304e-02	-1.519518518477720737e-02	3.354634384155044668e-02	-2.788946330983979593e-02	2.738736010312441127e-02
-9.524875148355360643e-01	9.999999999999997780e-01	-7.281371253423032930e-02	6.916709452277601533e-02	-3.098519939181788863e-02	1.615052866036564283e-01	-1.679556226295535470e-01	8.125120174299742259e-02	-7.513323493880247339e-02	2.785423235639577361e-02	-1.567240950758955476e-01	1.019079297348303437e-01	-7.865221228433083578e-02	6.141625193947853473e-02	-5.698206525249661231e-02	5.544107789413909443e-02	-6.191555247089147729e-02	4.182896351745989116e-02	-4.132013770315307033e-02	3.565451175485634394e-02	-3.864014760848397123e-02	4.299270744120645138e-02	-3.408736971917756403e-02	4.250099591596955689e-02	-3.275766878076460942e-02	2.817018439510837746e-02	-2.605422115583001449e-02	3.316276941242488757e-02	-3.157584168501546829e-02	2.268893321203793376e-02	-1.835969044509961484e-02	1.560724454886999908e-02	-3.448886351422130597e-02	2.850671010541803302e-02	-2.808979044626093435e-02
6.636506547048359739e-02	-7.281371253423032930e-02	1.000000000000000888e+00	-8.699316393861962204e-01	8.475684348812265179e-02	-9.084762903805344847e-02	1.965618957614305162e-01	-3.407294963590818404e-01	2.306352882099703960e-01	-7.910602059875351810e-02	8.721515016318898139e-02	-1.693524222183636907e-01	1.815995460119015081e-01	-1.605376363495267522e-01	1.264331611615452100e-01	-7.397321862445256635e-02	9.115029592769149924e-02	-8.302997882892954040e-02	8.211446433603097894e-02	-7.584268930570935152e-02	5.396071681105051726e-02	-7.075402723441720498e-02	6.137923068586041003e-02	-7.964017612804945301e-02	6.536553402098221888e-02	-4.598031975021528439e-02	4.235125602516118942e-02	-5.911990664342731822e-02	5.758558539029458301e-02	-4.373198957350903776e-02	3.050283396541386693e-02	-2.624771394161417443e-02	6.024553227243956144e-02	-5.234148962158298446e-02	5.335493154747560085e-02
-6.807919587542263229e-02	6.916709452277601533e-02	-8.699316393861962204e-01	1.000000000000000222e+00	-1.003212896553498101e-01	9.067406661312188421e-02	-2.226382738645071024e-01	2.498330560906193987e-01	-3.035435371086783740e-01	8.622526988009360238e-02	-9.110320288482137707e-02	1.617293157213249843e-01	-1.950666183877167725e-01	1.645741085455766362e-01	-1.414322454373549420e-01	7.400402859557181356e-02	-9.392342375559338541e-02	8.419808703582500053e-02	-8.607291615181537903e-02	7.816125731700568346e-02	-5.464112037274297673e-02	7.089837926891758013e-02	-6.257842219302625630e-02	8.032000785208834315e-02	-6.908036456194108221e-02	4.624873428254723529e-02	-4.292178162354078758e-02	5.976509686254029979e-02	-5.916585279236359629e-02	4.513638951012381717e-02	-3.104122574259659748e-02	2.664154924125285498e-02	-6.163606260137630133e-02	5.331760973723633640e-02	-5.547344178206251725e-02
2.995225781893334771e-02	-3.098519939181788863e-02	8.475684348812265179e-02	-1.003212896553498101e-01	1.000000000000000444e+00	-5.875226795351994741e-02	1.070212340272163193e-01	-9.287707176264778375e-02	1.311078362922257212e-01	-9.128864514580932177e-01	5.835539104124866372e-02	-9.607236954917383609e-02	9.483611371001471335e-02	-1.543830557992929009e-01	2.145677883541098896e-01	-7.260719374436210016e-02	9.071513176837023296e-02	-7.527065089996468061e-02	7.693597867081004849e-02	-1.219675968585719888e-01	5.380672161844018975e-02	-7.292404666321841700e-02	6.178623022586342273e-02	-8.355939007441266775e-02	9.169933261125785828e-02	-4.841733742913688354e-02	4.427709147325211564e-02	-6.337720659991936956e-02	6.698837287542368235e-02	-5.757631879592817192e-02	3.237155380884450262e-02	-2.798294957797701349e-02	6.538276749124745379e-02	-6.149387782239432165e-02	6.862403449261436639e-02
-1.983254631662174361e-01	1.615052866036564283e-01	-9.084762903805344847e-02	9.067406661312188421e-02	-5.875226795351994741e-02	1.000000000000000444e+00	-3.011791823847358440e-01	1.395313542435952514e-01	-1.391927823040113310e-01	5.189268476139475422e-02	-8.570028449046434016e-01	2.146881689016716943e-01	-1.644495608656799668e-01	1.150512767029785582e-01	-1.122204129724826277e-01	1.542599860358968289e-01	-1.582039760137921025e-01	8.913105658026625189e-02	-8.800036902642775771e-02	6.988119174093557207e-02	-1.053949877206055291e-01	1.011769427335772187e-01	-7.618892303839013003e-02	9.117330959776384636e-02	-6.639793831403795199e-02	6.681128386238542605e-02	-6.240769224747803878e-02	7.355714553087035201e-02	-6.867293561906351318e-02	4.706803476602365588e-02	-4.316640383875842979e-02	3.629664253928708423e-02	-7.786545456242165153e-02	6.149114858641492598e-02	-5.887414512315630039e-02
1.395478214148358764e-01	-1.679556226295535470e-01	1.965618957614305162e-01	-2.226382738645071024e-01	1.070212340272163193e-01	-3.011791823847358440e-01	1.000000000000000222e+00	-4.806181229724174053e-01	2.743530334303761475e-01	-1.008975215799639003e-01	2.296919466604131210e-01	-5.363719287395765090e-01	3.123522248807398816e-01	-2.523920424392933626e-01	1.998450836448210088e-01	-1.561056800285518520e-01	1.800755729409994066e-01	-1.510960557378520364e-01	1.448358306482195323e-01	-1.318409668752643371e-01	1.092734788810849622e-01	-1.398839594115977303e-01	1.154592638120821302e-01	-1.494168560086337194e-01	1.145955907965332254e-01	-9.061835855992562971e-02	8.265768240443328863e-02	-1.126479574118803562e-01	1.071630876771080820e-01	-7.948839755818781772e-02	5.891269027973040917e-02	-5.067274849500154332e-02	1.140636283151860164e-01	-9.804818915049505479e-02	9.691997132215987576e-02
-7.762358946131114878e-02	8.125120174299742259e-02	-3.407294963590818404e-01	2.498330560906193987e-01	-9.287707176264778375e-02	1.395313542435952514e-01	-4.806181229724174053e-01	1.000000000000000888e+00	-5.095486564122907458e-01	8.717704126968985057e-02	-1.368257715895166704e-01	2.929606201487403028e-01	-5.126834308192217415e-01	2.448387197077331878e-01	-1.825686697516903656e-01	1.034870658314108322e-01	-1.296149812298507675e-01	1.281478625264501625e-01	-1.269266179841151976e-01	1.028626292588288998e-01	-7.599870770248001728e-02	9.875251388167377575e-02	-8.941240757618343360e-02	1.129526790892608212e-01	-8.947515601761052428e-02	6.374815482528768673e-02	-5.912492092239677449e-02	8.290632263536974744e-02	-8.007256003440371694e-02	5.982076129093681638e-02	-4.256225175168123348e-02	3.658624227458347200e-02	-8.452426956586403528e-02	7.235330525620678466e-02	-7.315336418235501847e-02
7.054773431475233614e-02	-7.513323493880247339e-02	2.306352882099703960e-01	-3.035435371086783740e-01	1.311078362922257212e-01	-1.391927823040113310e-01	2.743530334303761475e-01	-5.095486564122907458e-01	1.000000000000001332e+00	-1.362842625157218157e-01	1.319732923039699246e-01	-2.709288169106415789e-01	2.770814853843902026e-01	-5.500261852924079875e-01	2.610582152965023051e-01	-1.335446000913795839e-01	1.632020884949009210e-01	-1.659334871781500687e-01	1.675619973837125798e-01	-1.577697430279160762e-01	9.817505942620827208e-02	-1.324079319733547089e-01	1.173942724824190431e-01	-1.573635539570010233e-01	1.267130416125450409e-01	-8.546312030533376181e-02	7.850506834605180950e-02	-1.127498367454096151e-01	1.093308411059393109e-01	-8.473129505302537390e-02	5.658905104016705156e-02	-4.893522002871301957e-02	1.129403098675535455e-01	-1.001753630102103498e-01	1.018523829799248132e-01
-2.712178779464815420e-02	2.785423235639577361e-02	-7.910602059875351810e-02	8.622526988009360238e-02	-9.128864514580932177e-01	5.189268476139475422e-02	-1.008975215799639003e-01	8.717704126968985057e-02	-1.362842625157218157e-01	9.999999999999998890e-01	-5.222843047370923086e-02	8.633432311436591011e-02	-9.037579484488710013e-02	1.472980519384149423e-01	-2.882385179105841910e-01	6.172177122985498393e-02	-7.884771318622171843e-02	6.723588591938411962e-02	-7.077269174890275794e-02	1.121184004368771941e-01	-4.629355300388959121e-02	6.228041405893814525e-02	-5.426494631141620673e-02	7.278354921092432261e-02	-8.935462284815635925e-02	4.140643917919485661e-02	-3.818264663296180861e-02	5.500869283616813959e-02	-6.005039675932358906e-02	5.247556965417458225e-02	-2.807530825519573975e-02	2.422752196791650228e-02	-5.750490140586571319e-02	5.427341453254454218e-02	-6.358604239078027853e-02
1.436036336694109239e-01	-1.567240950758955476e-01	8.721515016318898139e-02	-9.110320288482137707e-02	5.835539104124866372e-02	-8.570028449046434016e-01	2.296919466604131210e-01	-1.368257715895166704e-01	1.319732923039699246e-01	-5.222843047370923086e-02	1.000000000000000000e+00	-2.830798567759088002e-01	1.630270859845230624e-01	-1.178659154734577608e-01	1.109400404143436186e-01	-2.050740628925810938e-01	1.579637501180833625e-01	-9.296470205691223510e-02	8.981982040109551257e-02	-7.189076897966982516e-02	1.136309142715006409e-01	-1.118327125759361607e-01	8.011721476939454023e-02	-9.669202886581743095e-02	6.722462547224215823e-02	-7.266797385637867313e-02	6.610403967853456519e-02	-7.784375298842025059e-02	7.081801235518342397e-02	-4.837499097501203604e-02	4.514389604984694881e-02	-3.818305465326074510e-02	8.054050120714185967e-02	-6.416801074997906251e-02	6.007007329521073941e-02
-1.015078252091699551e-01	1.019079297348303437e-01	-1.693524222183636907e-01	1.617293157213249843e-01	-9.607236954917383609e-02	2.146881689016716943e-01	-5.363719287395765090e-01	2.929606201487403028e-01	-2.709288169106415789e-01	8.633432311436591011e-02	-2.830798567759088002e-01	1.000000000000000888e+00	-6.388687827908524630e-01	2.174504535691325346e-01	-1.954831216618134471e-01	1.358407728881273480e-01	-1.774285352506158597e-01	1.497609738616685338e-01	-1.481923630907777678e-01	1.098899863469438160e-01	-9.856928881440350787e-02	1.209713073457146931e-01	-1.079416558821302413e-01	1.310904459969622626e-01	-1.012710863963422053e-01	7.814367113553932764e-02	-7.310205739359314225e-02	9.870996706759524453e-02	-9.494457006280637712e-02	6.842060887976544881e-02	-5.239728353226411062e-02	4.471709236082631322e-02	-1.025787662695258895e-01	8.482376148574086172e-02	-8.487172718006574801e-02
7.428997113006291508e-02	-7.865221228433083578e-02	1.815995460119015081e-01	-1.950666183877167725e-01	9.483611371001471335e-02	-1.644495608656799668e-01	3.123522248807398816e-01	-5.126834308192217415e-01	2.770814853843902026e-01	-9.037579484488710013e-02	1.630270859845230624e-01	-6.388687827908524630e-01	1.000000000000002442e+00	-3.067522517488945888e-01	1.946667887473062242e-01	-1.268294451740015483e-01	1.587966778539230961e-01	-1.987340862953025644e-01	1.640551485316848745e-01	-1.169986626519832484e-01	9.330804270627601760e-02	-1.233350034175451221e-01	1.159259845815154150e-01	-1.432339955532164755e-01	1.007999233526402222e-01	-7.814989725546438171e-02	7.257101426857824611e-02	-1.035093991184654894e-01	9.627884171353605358e-02	-6.952636190720067055e-02	5.197777171243055799e-02	-4.482154072402708134e-02	1.034980525755208325e-01	-8.733704009732906615e-02	8.462939181284249990e-02
-5.992874680778596114e-02	6.141625193947853473e-02	-1.605376363495267522e-01	1.645741085455766362e-01	-1.543830557992929009e-01	1.150512767029785582e-01	-2.523920424392933626e-01	2.448387197077331878e-01	-5.500261852924079875e-01	1.472980519384149423e-01	-1.178659154734577608e-01	2.174504535691325346e-01	-3.067522517488945888e-01	1.000000000000001110e+00	-5.698117384615383196e-01	1.247775808504110462e-01	-1.657674030917015429e-01	1.870659426830807714e-01	-2.596147928980531705e-01	1.842138206724626970e-01	-9.618343002771771733e-02	1.291553024160907170e-01	-1.271460412246998850e-01	1.681468861726268804e-01	-1.575222803611150690e-01	8.335474259497187288e-02	-7.838662596343252964e-02	1.151402951689613763e-01	-1.179807450966130766e-01	9.441488668436702481e-02	-5.721509764049898666e-02	4.926627459334839698e-02	-1.182246686305921668e-01	1.049009594448238464e-01	-1.156122312910831812e-01
5.479059528950213503e-02	-5.698206525249661231e-02	1.264331611615452100e-01	-1.414322454373549420e-01	2.145677883541098896e-01	-1.122204129724826277e-01	1.998450836448210088e-01	-1.825686697516903656e-01	2.610582152965023051e-01	-2.882385179105841910e-01	1.109400404143436186e-01	-1.954831216618134471e-01	1.946667887473062242e-01	-5.698117384615383196e-01	1.000000000000001332e+00	-1.411042497820556296e-01	1.748962712461754054e-01	-1.667031935795367514e-01	1.735357053001584382e-01	-4.019727219521658235e-01	1.058164427733669921e-01	-1.452325577983122895e-01	1.282726408044924105e-01	-1.777187977704131339e-01	2.235782319577267196e-01	-9.553193635583792642e-02	8.767048318172343535e-02	-1.289542845815585814e-01	1.406935448417416801e-01	-1.321815636173077901e-01	6.407331718012938826e-02	-5.557998052804903610e-02	1.317636842546270337e-01	-1.303705052480424453e-01	1.510730842577854283e-01
-5.418871281062014045e-02	5.544107789413909443e-02	-7.397321862445256635e-02	7.400402859557181356e-02	-7.260719374436210016e-02	1.542599860358968289e-01	-1.561056800285518520e-01	1.034870658314108322e-01	-1.335446000913795839e-01	6.172177122985498393e-02	-2.050740628925810938e-01	1.358407728881273480e-01	-1.268294451740015483e-01	1.247775808504110462e-01	-1.411042497820556296e-01	1.000000000000002220e+00	-5.652132187631356830e-01	1.738588009156797065e-01	-1.673670981141767711e-01	1.000915150401162773e-01	-6.274391808329448095e-01	3.012298869693618708e-01	-1.856187865925548741e-01	1.924601977042201539e-01	-1.034482746596316477e-01	2.080975872975705798e-01	-1.983565146630404119e-01	1.724588762006350751e-01	-1.432979041458339320e-01	8.332405687689491136e-02	-1.252595250149280415e-01	1.019211107620573153e-01	-1.878256647528086520e-01	1.270292798999751449e-01	-1.054986517638673849e-01
5.918190389739193952e-02	-6.191555247089147729e-02	9.115029592769149924e-02	-9.392342375559338541e-02	9.071513176837023296e-02	-1.582039760137921025e-01	1.800755729409994066e-01	-1.296149812298507675e-01	1.632020884949009210e-01	-7.884771318622171843e-02	1.579637501180833625e-01	-1.774285352506158597e-01	1.587966778539230961e-01	-1.657674030917015429e-01	1.748962712461754054e-01	-5.652132187631356830e-01	1.000000000000001776e+00	-3.101353800314797793e-01	2.282444271275518022e-01	-1.321249343830394607e-01	2.951294563547301464e-01	-4.424698690103476828e-01	2.448529804259683140e-01	-3.031398988627757030e-01	1.300108478938537537e-01	-2.269030605025039726e-01	1.910127033500811922e-01	-2.323518889813883104e-01	1.781688722336688679e-01	-1.071520588392780721e-01	1.228933873500948626e-01	-1.074367944468952452e-01	2.126332894244952754e-01	-1.693669288328791822e-01	1.306463249131972482e-01
-4.073352991714014604e-02	4.182896351745989116e-02	-8.302997882892954040e-02	8.419808703582500053e-02	-7.527065089996468061e-02	8.913105658026625189e-02	-1.510960557378520364e-01	1.281478625264501625e-01	-1.659334871781500687e-01	6.723588591938411962e-02	-9.296470205691223510e-02	1.497609738616685338e-01	-1.987340862953025644e-01	1.870659426830807714e-01	-1.667031935795367514e-01	1.738588009156797065e-01	-3.101353800314797793e-01	1.000000000000002442e+00	-7.322228190647824819e-01	1.089364464026307405e-01	-1.553036191069644134e-01	2.161632098198084662e-01	-4.064321690335688242e-01	3.014923407677421729e-01	-1.072306391239318119e-01	1.255111720798711139e-01	-1.272116035419110225e-01	2.061216947993879112e-01	-1.629067602924940406e-01	8.816224801748873130e-02	-9.001138884266816909e-02	7.744669105271763387e-02	-2.020773721857946348e-01	1.369069104133753823e-01	-1.077090192248506967e-01
3.995765790877037205e-02	-4.132013770315307033e-02	8.211446433603097894e-02	-8.607291615181537903e-02	7.693597867081004849e-02	-8.800036902642775771e-02	1.448358306482195323e-01	-1.269266179841151976e-01	1.675619973837125798e-01	-7.077269174890275794e-02	8.981982040109551257e-02	-1.481923630907777678e-01	1.640551485316848745e-01	-2.596147928980531705e-01	1.735357053001584382e-01	-1.673670981141767711e-01	2.282444271275518022e-01	-7.322228190647824819e-01	1.000000000000002220e+00	-1.171758275613154349e-01	1.410963977789001234e-01	-2.118994270447254469e-01	2.734754091241801133e-01	-4.584558636359803985e-01	1.100191865372860817e-01	-1.211002591357368818e-01	1.175438480170035438e-01	-2.021187008303193533e-01	1.620109599855759364e-01	-9.083762409905321578e-02	8.255961127314009884e-02	-7.219148237054620609e-02	1.799512400673056178e-01	-1.418470647729589140e-01	1.074979354473973026e-01
-3.499511855747503702e-02	3.565451175485634394e-02	-7.584268930570935152e-02	7.816125731700568346e-02	-1.219675968585719888e-01	6.988119174093557207e-02	-1.318409668752643371e-01	1.028626292588288998e-01	-1.577697430279160762e-01	1.121184004368771941e-01	-7.189076897966982516e-02	1.098899863469438160e-01	-1.169986626519832484e-01	1.842138206724626970e-01	-4.019727219521658235e-01	1.000915150401162773e-01	-1.321249343830394607e-01	1.089364464026307405e-01	-1.171758275613154349e-01	1.000000000000001554e+00	-8.014781298503309559e-02	1.081523148304320697e-01	-1.022364029662750640e-01	1.398340379087102403e-01	-7.413150471527044649e-01	7.571902704477018187e-02	-7.173035315435938308e-02	1.126773712201334099e-01	-1.871112224692843273e-01	2.443006063740499612e-01	-5.506019263991172169e-02	4.777827727259700841e-02	-1.269362386358404982e-01	1.571347674672005923e-01	-2.986956376141174374e-01
3.716866972140702580e-02	-3.864014760848397123e-02	5.396071681105051726e-02	-5.464112037274297673e-02	5.380672161844018975e-02	-1.053949877206055291e-01	1.092734788810849622e-01	-7.599870770248001728e-02	9.817505942620827208e-02	-4.629355300388959121e-02	1.136309142715006409e-01	-9.856928881440350787e-02	9.330804270627601760e-02	-9.618343002771771733e-02	1.058164427733669921e-01	-6.274391808329448095e-01	2.951294563547301464e-01	-1.553036191069644134e-01	1.410963977789001234e-01	-8.014781298503309559e-02	1.000000000000002442e+00	-5.634644565486804924e-01	1.965395790673748755e-01	-1.988117589241918393e-01	8.180848180790850632e-02	-3.396879598932442401e-01	2.259293995051621373e-01	-1.803919798164742572e-01	1.266461182782628869e-01	-7.016813359551331286e-02	1.272792625804386457e-01	-1.088790351499148573e-01	1.700072204385469632e-01	-1.159656249674680117e-01	8.678395919124237690e-02
-4.209493840855890040e-02	4.299270744120645138e-02	-7.075402723441720498e-02	7.089837926891758013e-02	-7.292404666321841700e-02	1.011769427335772187e-01	-1.398839594115977303e-01	9.875251388167377575e-02	-1.324079319733547089e-01	6.228041405893814525e-02	-1.118327125759361607e-01	1.209713073457146931e-01	-1.233350034175451221e-01	1.291553024160907170e-01	-1.452325577983122895e-01	3.012298869693618708e-01	-4.424698690103476828e-01	2.161632098198084662e-01	-2.118994270447254469e-01	1.081523148304320697e-01	-5.634644565486804924e-01	1.000000000000002220e+00	-4.103700258106641185e-01	2.593176628894887648e-01	-1.132438868594796977e-01	2.473127708251928736e-01	-2.936066450179419252e-01	2.419228230879341690e-01	-1.818202632722542011e-01	9.669393686612705319e-02	-1.581777249107430838e-01	1.325241461591506187e-01	-2.502593601763672959e-01	1.565596405751514542e-01	-1.213251539541710389e-01
3.319789832194795787e-02	-3.408736971917756403e-02	6.137923068586041003e-02	-6.257842219302625630e-02	6.178623022586342273e-02	-7.618892303839013003e-02	1.154592638120821302e-01	-8.941240757618343360e-02	1.173942724824190431e-01	-5.426494631141620673e-02	8.011721476939454023e-02	-1.079416558821302413e-01	1.159259845815154150e-01	-1.271460412246998850e-01	1.282726408044924105e-01	-1.856187865925548741e-01	2.448529804259683140e-01	-4.064321690335688242e-01	2.734754091241801133e-01	-1.022364029662750640e-01	1.965395790673748755e-01	-4.103700258106641185e-01	1.000000000000003109e+00	-5.592196950454038085e-01	1.045311476283314750e-01	-1.635678397858593147e-01	1.710760734953586382e-01	-4.710662682962702963e-01	1.987251907719507216e-01	-9.737245303982292044e-02	1.116711318852080664e-01	-9.999706064191651866e-02	2.634184402536955405e-01	-1.732403769131451998e-01	1.157848092292090986e-01
-4.167208972746328649e-02	4.250099591596955689e-02	-7.964017612804945301e-02	8.032000785208834315e-02	-8.355939007441266775e-02	9.117330959776384636e-02	-1.494168560086337194e-01	1.129526790892608212e-01	-1.573635539570010233e-01	7.278354921092432261e-02	-9.669202886581743095e-02	1.310904459969622626e-01	-1.432339955532164755e-01	1.681468861726268804e-01	-1.777187977704131339e-01	1.924601977042201539e-01	-3.031398988627757030e-01	3.014923407677421729e-01	-4.584558636359803985e-01	1.398340379087102403e-01	-1.988117589241918393e-01	2.593176628894887648e-01	-5.592196950454038085e-01	1.000000000000003109e+00	-1.526438580574299708e-01	1.627857648309340988e-01	-1.731911652498462628e-01	2.791773770685691547e-01	-3.322378323755146301e-01	1.371642767594742629e-01	-1.287424259371759416e-01	1.094158559627445848e-01	-3.146960892124543996e-01	2.200614397903753461e-01	-1.637847326445860952e-01
3.187697976700390456e-02	-3.275766878076460942e-02	6.536553402098221888e-02	-6.908036456194108221e-02	9.169933261125785828e-02	-6.639793831403795199e-02	1.145955907965332254e-01	-8.947515601761052428e-02	1.267130416125450409e-01	-8.935462284815635925e-02	6.722462547224215823e-02	-1.012710863963422053e-01	1.007999233526402222e-01	-1.575222803611150690e-01	2.235782319577267196e-01	-1.034482746596316477e-01	1.300108478938537537e-01	-1.072306391239318119e-01	1.100191865372860817e-01	-7.413150471527044649e-01	8.180848180790850632e-02	-1.132438868594796977e-01	1.045311476283314750e-01	-1.526438580574299708e-01	1.000000000000002220e+00	-7.893011166867823503e-02	7.341241232096007430e-02	-1.188473268722062687e-01	1.860816692410445505e-01	-4.335202532211881454e-01	5.542426299731218614e-02	-4.865261422017062853e-02	1.267429774685726040e-01	-1.761000446066674219e-01	2.675134864084254271e-01
-2.751830640355064708e-02	2.817018439510837746e-02	-4.598031975021528439e-02	4.624873428254723529e-02	-4.841733742913688354e-02	6.681128386238542605e-02	-9.061835855992562971e-02	6.374815482528768673e-02	-8.546312030533376181e-02	4.140643917919485661e-02	-7.266797385637867313e-02	7.814367113553932764e-02	-7.814989725546438171e-02	8.335474259497187288e-02	-9.553193635583792642e-02	2.080975872975705798e-01	-2.269030605025039726e-01	1.255111720798711139e-01	-1.211002591357368818e-01	7.571902704477018187e-02	-3.396879598932442401e-01	2.473127708251928736e-01	-1.635678397858593147e-01	1.627857648309340988e-01	-7.893011166867823503e-02	1.000000000000003331e+00	-7.656385890881621803e-01	2.093234646426316015e-01	-1.376160648581668811e-01	7.164494355218836708e-02	-3.156398117294467176e-01	2.371453465644547953e-01	-2.262689003533285281e-01	1.263433725334878743e-01	-9.007533430625028203e-02
2.532600316681546046e-02	-2.605422115583001449e-02	4.235125602516118942e-02	-4.292178162354078758e-02	4.427709147325211564e-02	-6.240769224747803878e-02	8.265768240443328863e-02	-5.912492092239677449e-02	7.850506834605180950e-02	-3.818264663296180861e-02	6.610403967853456519e-02	-7.310205739359314225e-02	7.257101426857824611e-02	-7.838662596343252964e-02	8.767048318172343535e-02	-1.983565146630404119e-01	1.910127033500811922e-01	-1.272116035419110225e-01	1.175438480170035438e-01	-7.173035315435938308e-02	2.259293995051621373e-01	-2.936066450179419252e-01	1.710760734953586382e-01	-1.731911652498462628e-01	7.341241232096007430e-02	-7.656385890881621803e-01	1.000000000000003109e+00	-2.777157796141807022e-01	1.313693104721178617e-01	-6.858265562024523643e-02	2.555451912598328823e-01	-3.453285788927879518e-01	2.133888433034077936e-01	-1.275860927304191816e-01	8.420324972284812248e-02
-3.243968426112466691e-02	3.316276941242488757e-02	-5.911990664342731822e-02	5.976509686254029979e-02	-6.337720659991936956e-02	7.355714553087035201e-02	-1.126479574118803562e-01	8.290632263536974744e-02	-1.127498367454096151e-01	5.500869283616813959e-02	-7.784375298842025059e-02	9.870996706759524453e-02	-1.035093991184654894e-01	1.151402951689613763e-01	-1.289542845815585814e-01	1.724588762006350751e-01	-2.323518889813883104e-01	2.061216947993879112e-01	-2.021187008303193533e-01	1.126773712201334099e-01	-1.803919798164742572e-01	2.419228230879341690e-01	-4.710662682962702963e-01	2.791773770685691547e-01	-1.188473268722062687e-01	2.093234646426316015e-01	-2.777157796141807022e-01	1.000000000000001998e+00	-2.969100882956081100e-01	1.234184999507432212e-01	-1.742752984900906854e-01	1.589307331601405582e-01	-6.463113647058262856e-01	2.420001355974002455e-01	-1.523807699284864536e-01
3.077999110912089942e-02	-3.157584168501546829e-02	5.758558539029458301e-02	-5.916585279236359629e-02	6.698837287542368235e-02	-6.867293561906351318e-02	1.071630876771080820e-01	-8.007256003440371694e-02	1.093308411059393109e-01	-6.005039675932358906e-02	7.081801235518342397e-02	-9.494457006280637712e-02	9.627884171353605358e-02	-1.179807450966130766e-01	1.406935448417416801e-01	-1.432979041458339320e-01	1.781688722336688679e-01	-1.629067602924940406e-01	1.620109599855759364e-01	-1.871112224692843273e-01	1.266461182782628869e-01	-1.818202632722542011e-01	1.987251907719507216e-01	-3.322378323755146301e-01	1.860816692410445505e-01	-1.376160648581668811e-01	1.313693104721178617e-01	-2.969100882956081100e-01	1.000000000000002220e+00	-3.449783215239526912e-01	9.968676435177883932e-02	-9.143391516533684593e-02	2.731713095632172239e-01	-7.031721274818819589e-01	2.734533727750755316e-01
-2.218491945847088018e-02	2.268893321203793376e-02	-4.373198957350903776e-02	4.513638951012381717e-02	-5.757631879592817192e-02	4.706803476602365588e-02	-7.948839755818781772e-02	5.982076129093681638e-02	-8.473129505302537390e-02	5.247556965417458225e-02	-4.837499097501203604e-02	6.842060887976544881e-02	-6.952636190720067055e-02	9.441488668436702481e-02	-1.321815636173077901e-01	8.332405687689491136e-02	-1.071520588392780721e-01	8.816224801748873130e-02	-9.083762409905321578e-02	2.443006063740499612e-01	-7.016813359551331286e-02	9.669393686612705319e-02	-9.737245303982292044e-02	1.371642767594742629e-01	-4.335202532211881454e-01	7.164494355218836708e-02	-6.858265562024523643e-02	1.234184999507432212e-01	-3.449783215239526912e-01	1.000000000000002442e+00	-5.379880732441133517e-02	4.774055057463879453e-02	-1.408542064197829402e-01	2.438523203600179712e-01	-7.520502477910669947e-01
1.784016465878038304e-02	-1.835969044509961484e-02	3.050283396541386693e-02	-3.104122574259659748e-02	3.237155380884450262e-02	-4.316640383875842979e-02	5.891269027973040917e-02	-4.256225175168123348e-02	5.658905104016705156e-02	-2.807530825519573975e-02	4.514389604984694881e-02	-5.239728353226411062e-02	5.197777171243055799e-02	-5.721509764049898666e-02	6.407331718012938826e-02	-1.252595250149280415e-01	1.228933873500948626e-01	-9.001138884266816909e-02	8.255961127314009884e-02	-5.506019263991172169e-02	1.272792625804386457e-01	-1.581777249107430838e-01	1.116711318852080664e-01	-1.287424259371759416e-01	5.542426299731218614e-02	-3.156398117294467176e-01	2.555451912598328823e-01	-1.742752984900906854e-01	9.968676435177883932e-02	-5.379880732441133517e-02	1.000000000000002665e+00	-8.726548497377892843e-01	1.852812320321899076e-01	-1.131182029831446778e-01	6.527709411699450515e-02
-1.519518518477720737e-02	1.560724454886999908e-02	-2.624771394161417443e-02	2.664154924125285498e-02	-2.798294957797701349e-02	3.629664253928708423e-02	-5.067274849500154332e-02	3.658624227458347200e-02	-4.893522002871301957e-02	2.422752196791650228e-02	-3.818305465326074510e-02	4.471709236082631322e-02	-4.482154072402708134e-02	4.926627459334839698e-02	-5.557998052804903610e-02	1.019211107620573153e-01	-1.074367944468952452e-01	7.744669105271763387e-02	-7.219148237054620609e-02	4.777827727259700841e-02	-1.088790351499148573e-01	1.325241461591506187e-01	-9.999706064191651866e-02	1.094158559627445848e-01	-4.865261422017062853e-02	2.371453465644547953e-01	-3.453285788927879518e-01	1.589307331601405582e-01	-9.143391516533684593e-02	4.774055057463879453e-02	-8.726548497377892843e-01	1.000000000000002665e+00	-2.210288769679983334e-01	1.012848289264620116e-01	-5.869993856976181423e-02
3.354634384155044668e-02	-3.448886351422130597e-02	6.024553227243956144e-02	-6.163606260137630133e-02	6.538276749124745379e-02	-7.786545456242165153e-02	1.140636283151860164e-01	-8.452426956586403528e-02	1.129403098675535455e-01	-5.750490140586571319e-02	8.054050120714185967e-02	-1.025787662695258895e-01	1.034980525755208325e-01	-1.182246686305921668e-01	1.317636842546270337e-01	-1.878256647528086520e-01	2.126332894244952754e-01	-2.020773721857946348e-01	1.799512400673056178e-01	-1.269362386358404982e-01	1.700072204385469632e-01	-2.502593601763672959e-01	2.634184402536955405e-01	-3.146960892124543996e-01	1.267429774685726040e-01	-2.262689003533285281e-01	2.133888433034077936e-01	-6.463113647058262856e-01	2.731713095632172239e-01	-1.408542064197829402e-01	1.852812320321899076e-01	-2.210288769679983334e-01	1.000000000000002442e+00	-4.304168127004368571e-01	1.684177180443822697e-01
-2.788946330983979593e-02	2.850671010541803302e-02	-5.234148962158298446e-02	5.331760973723633640e-02	-6.149387782239432165e-02	6.149114858641492598e-02	-9.804818915049505479e-02	7.235330525620678466e-02	-1.001753630102103498e-01	5.427341453254454218e-02	-6.416801074997906251e-02	8.482376148574086172e-02	-8.733704009732906615e-02	1.049009594448238464e-01	-1.303705052480424453e-01	1.270292798999751449e-01	-1.693669288328791822e-01	1.369069104133753823e-01	-1.418470647729589140e-01	1.571347674672005923e-01	-1.159656249674680117e-01	1.565596405751514542e-01	-1.732403769131451998e-01	2.200614397903753461e-01	-1.761000446066674219e-01	1.263433725334878743e-01	-1.275860927304191816e-01	2.420001355974002455e-01	-7.031721274818819589e-01	2.438523203600179712e-01	-1.131182029831446778e-01	1.012848289264620116e-01	-4.304168127004368571e-01	1.000000000000002220e+00	-3.789915896017199692e-01
2.738736010312441127e-02	-2.808979044626093435e-02	5.335493154747560085e-02	-5.547344178206251725e-02	6.862403449261436639e-02	-5.887414512315630039e-02	9.691997132215987576e-02	-7.315336418235501847e-02	1.018523829799248132e-01	-6.358604239078027853e-02	6.007007329521073941e-02	-8.487172718006574801e-02	8.462939181284249990e-02	-1.156122312910831812e-01	1.510730842577854283e-01	-1.054986517638673849e-01	1.306463249131972482e-01	-1.077090192248506967e-01	1.074979354473973026e-01	-2.986956376141174374e-01	8.678395919124237690e-02	-1.213251539541710389e-01	1.157848092292090986e-01	-1.637847326445860952e-01	2.675134864084254271e-01	-9.007533430625028203e-02	8.420324972284812248e-02	-1.523807699284864536e-01	2.734533727750755316e-01	-7.520502477910669947e-01	6.527709411699450515e-02	-5.869993856976181423e-02	1.684177180443822697e-01	-3.789915896017199692e-01	1.000000000000002442e+00
