1.000000000000000000e+00	-5.994658911203506468e-01	1.908113358220025202e-01	-1.359802001785299641e-01	6.303822092973707103e-02	-6.477851360894626431e-01	2.641728573576503369e-01	-1.739647448121676709e-01	1.269605470979555950e-01	-6.568140907005877438e-02	2.255077750218742461e-01	-2.322184568132395766e-01	1.252481914621984271e-01	-1.117555315415042355e-01	1.160469989349793007e-01	-1.633338507012065122e-01	1.034772331055371641e-01	-1.095874438104293552e-01	9.386710005331122542e-02	-1.056603019184682857e-01	1.479067589098165547e-01	-1.165797243836743935e-01	1.166832674608332121e-01	-8.537095815934094001e-02	1.139791682145774171e-01	-1.094220647907133137e-01	7.700323904764073968e-02	-9.774780036863203736e-02	5.869501236594438370e-02	-5.168108404597912542e-02	9.079787051096767370e-02	-5.147458838525821589e-02	5.647916256450884187e-02	-5.260797980534882845e-02	4.524378243544449618e-02
-5.994658911203506468e-01	1.000000000000000000e+00	-3.648574532657444802e-01	1.935471536014654326e-01	-9.047007167678293438e-02	2.946414776704191496e-01	-5.233898498216770223e-01	2.580591141368752117e-01	-1.922855764673198076e-01	9.082192022089800865e-02	-1.926231893388205274e-01	1.893958338030551913e-01	-1.752426685271167572e-01	1.524737839397349304e-01	-1.608683625146578033e-01	1.335744606991534911e-01	-1.007802175430046604e-01	1.412564039036766639e-01	-1.238329501674929611e-01	1.352924702907032095e-01	-1.478098246075046085e-01	1.111674786496882061e-01	-1.463831419416551649e-01	1.084037050466356983e-01	-1.465821551988153448e-01	1.218005398259426469e-01	-8.737700897657554866e-02	1.143514362884637120e-01	-7.321770722121281882e-02	6.430510637622843806e-02	-1.068851168710985705e-01	6.008281076372076757e-02	-6.653213617396042112e-02	6.480661054761693851e-02	-5.633104725529624462e-02
1.908113358220025202e-01	-3.648574532657444802e-01	1.000000000000000000e+00	-5.579511575401264745e-01	1.509056484243893881e-01	-2.129216619813374400e-01	2.867316963108029193e-01	-5.247804577352003230e-01	2.827495258668867306e-01	-1.621935096818771516e-01	1.438656514832665489e-01	-1.901186114792801363e-01	2.197214261799751156e-01	-2.271596459755067243e-01	1.977874563748771020e-01	-1.194159020296904350e-01	1.045757624332289415e-01	-1.903040965530261863e-01	1.534774795332046748e-01	-1.789268674152105221e-01	1.281718753718740222e-01	-1.200610422324356885e-01	1.672063838307945860e-01	-1.362332245930801267e-01	1.654322794876679770e-01	-1.452058631351600682e-01	1.008163167576761055e-01	-1.389704117529228233e-01	8.741758924651903129e-02	-7.709011838066520683e-02	1.195484849365477248e-01	-6.977576066292569268e-02	7.639895747932799741e-02	-7.824496646201999084e-02	6.624659055647277861e-02
-1.359802001785299641e-01	1.935471536014654326e-01	-5.579511575401264745e-01	9.999999999999998890e-01	-2.851747016172239690e-01	1.410994202404920184e-01	-2.219001142344060595e-01	2.659200849129109145e-01	-5.780908071391482883e-01	2.159722960155066318e-01	-1.119746252545232718e-01	1.437557628375718821e-01	-2.138276046215129844e-01	2.584022427765481633e-01	-2.567878431935656236e-01	9.275773137331644325e-02	-8.777332711345847693e-02	1.668380478540570644e-01	-1.679324795216974586e-01	1.817334490811483017e-01	-1.080039482961297342e-01	9.862927477323989167e-02	-1.649918124578034773e-01	1.364063429576924669e-01	-1.767814992528811968e-01	1.272108983641214996e-01	-9.132991431062455201e-02	1.253262730521950696e-01	-8.759918726594763394e-02	7.653610620165866851e-02	-1.117402057124622511e-01	6.470900110877726708e-02	-7.180712853992560207e-02	7.647621350359602721e-02	-6.642768545964815308e-02
6.303822092973707103e-02	-9.047007167678293438e-02	1.509056484243893881e-01	-2.851747016172239690e-01	9.999999999999997780e-01	-7.007833383311243280e-02	9.557297456902844046e-02	-1.133618060163612412e-01	1.796439353073349954e-01	-9.124667616517115887e-01	5.705940908295704939e-02	-7.769285121574771857e-02	1.001268519441144283e-01	-1.378082646029957226e-01	1.567706622173308806e-01	-4.919950516578445315e-02	4.704900581244186863e-02	-8.748793304997522224e-02	8.861518498458938187e-02	-1.198878817748217085e-01	5.688786157519630515e-02	-5.385475488969016650e-02	8.631334006412323678e-02	-7.643895129259718757e-02	9.664162807673430666e-02	-7.321651584356973774e-02	5.107105262613941682e-02	-7.076950783212834772e-02	4.854843266135956681e-02	-4.311627580072051324e-02	6.285525207180917007e-02	-3.645852700399034030e-02	4.017253964079025436e-02	-4.313946704858400566e-02	3.697686850698993222e-02
-6.477851360894626431e-01	2.946414776704191496e-01	-2.129216619813374400e-01	1.410994202404920184e-01	-7.007833383311243280e-02	9.999999999999996669e-01	-3.648044893993347970e-01	1.892699596246742721e-01	-1.469279019635967853e-01	7.114059284459313404e-02	-4.526566771967531211e-01	2.455503835442255645e-01	-1.458610169704485648e-01	1.245691550528967018e-01	-1.353574233158325313e-01	1.960950452898602425e-01	-1.189951864741983917e-01	1.223103566430648048e-01	-1.076875068838443333e-01	1.175885413743716496e-01	-1.993098737936535025e-01	1.261589475900066204e-01	-1.353126852970438498e-01	9.631404287484687798e-02	-1.333042970075700995e-01	1.203533099664973460e-01	-8.661787998136456779e-02	1.082653909542881515e-01	-6.682640353202824735e-02	5.865975355083937609e-02	-1.040199657641948938e-01	5.805671042279287458e-02	-6.420446121661882444e-02	5.942703332449332521e-02	-5.171822707590533613e-02
2.641728573576503369e-01	-5.233898498216770223e-01	2.867316963108029193e-01	-2.219001142344060595e-01	9.557297456902844046e-02	-3.648044893993347970e-01	9.999999999999996669e-01	-5.725467100772192452e-01	2.078787006770134449e-01	-1.022024284450673559e-01	1.875646594556620861e-01	-2.303272578387066949e-01	2.092170239127318365e-01	-1.828310021313168110e-01	1.672381833005880392e-01	-1.461520755241901559e-01	1.148494171055015195e-01	-1.816903454457872158e-01	1.372341748632052993e-01	-1.553972530484083181e-01	1.472500337311985485e-01	-1.308857352935521301e-01	1.601271925949968589e-01	-1.238093227147974706e-01	1.534208128092512946e-01	-1.418883580429653180e-01	9.911063793610926098e-02	-1.333515630182704192e-01	8.119344196886044140e-02	-7.150680970825316896e-02	1.164907268188826173e-01	-6.746343251817990549e-02	7.383165339217684364e-02	-7.283551245454150669e-02	6.180209959251020679e-02
-1.739647448121676709e-01	2.580591141368752117e-01	-5.247804577352003230e-01	2.659200849129109145e-01	-1.133618060163612412e-01	1.892699596246742721e-01	-5.725467100772192452e-01	9.999999999999993339e-01	-3.386685197340669751e-01	1.160439473813790617e-01	-1.346405611694450610e-01	1.658997979287212543e-01	-3.541431486457775613e-01	2.202757240575677899e-01	-1.953278481040096881e-01	1.062009802230318850e-01	-9.802013636481060610e-02	2.077470118689035694e-01	-1.553309247327536724e-01	1.630039342329615004e-01	-1.188732206185912910e-01	1.089430674352818013e-01	-1.738325791193957581e-01	1.307100417958052818e-01	-1.590052453156672874e-01	1.309055584856141652e-01	-9.380203088382277343e-02	1.299449832854338294e-01	-8.339851346489579598e-02	7.256753531923294809e-02	-1.098872283269427125e-01	6.460426965751042694e-02	-7.119416290543736925e-02	7.353471128286423464e-02	-6.273277203389601708e-02
1.269605470979555950e-01	-1.922855764673198076e-01	2.827495258668867306e-01	-5.780908071391482883e-01	1.796439353073349954e-01	-1.469279019635967853e-01	2.078787006770134449e-01	-3.386685197340669751e-01	9.999999999999994449e-01	-2.122255757822158750e-01	1.131723711079613975e-01	-1.555915889992546264e-01	2.297833064722911156e-01	-5.417455843950427230e-01	2.591046634753078615e-01	-9.672879630010064456e-02	9.321291600314327019e-02	-1.941466260363194085e-01	1.875115948907394303e-01	-2.134229816012185588e-01	1.092305123105136999e-01	-1.065794789407408794e-01	1.692618847312797603e-01	-1.581214070719456632e-01	1.768246737730235496e-01	-1.392610725640396341e-01	9.764365752068325521e-02	-1.370675950693062695e-01	9.413510525475553281e-02	-8.249904881230406273e-02	1.160499536664353487e-01	-6.906590657443181791e-02	7.585196916712766413e-02	-8.353085458416648068e-02	7.021578410570412931e-02
-6.568140907005877438e-02	9.082192022089800865e-02	-1.621935096818771516e-01	2.159722960155066318e-01	-9.124667616517115887e-01	7.114059284459313404e-02	-1.022024284450673559e-01	1.160439473813790617e-01	-2.122255757822158750e-01	9.999999999999996669e-01	-5.931769846684518954e-02	7.911074363529713160e-02	-1.088859090262201679e-01	1.448773072806487372e-01	-1.987834102121991964e-01	5.073103463047209244e-02	-4.897752210864530359e-02	9.172469731982370311e-02	-9.651095982350044178e-02	1.248370671018303318e-01	-5.975350387834150317e-02	5.556823764827183154e-02	-9.302305933202605071e-02	8.098916107076495341e-02	-1.065282033918591026e-01	7.542744000978457430e-02	-5.340971070626324840e-02	7.359105000278363951e-02	-5.193966555150551084e-02	4.595438836933179311e-02	-6.640618916248232362e-02	3.830195077693510086e-02	-4.242904580343247190e-02	4.570838519319906507e-02	-3.967334248684577236e-02
2.255077750218742461e-01	-1.926231893388205274e-01	1.438656514832665489e-01	-1.119746252545232718e-01	5.705940908295704939e-02	-4.526566771967531211e-01	1.875646594556620861e-01	-1.346405611694450610e-01	1.131723711079613975e-01	-5.931769846684518954e-02	1.000000000000000222e+00	-5.675271914771279347e-01	1.290825420308854554e-01	-1.083830481730378020e-01	1.187372920139038585e-01	-5.047011801805688647e-01	1.859733170461813356e-01	-1.190061970933361662e-01	1.012389749373719394e-01	-1.116850986035130971e-01	2.918149269090494768e-01	-1.979307954017500426e-01	1.399515400882531124e-01	-9.449821140062823754e-02	1.300990293432241485e-01	-1.442799487512778922e-01	1.026613491022537045e-01	-1.206983470696375016e-01	6.785263190948752354e-02	-5.938298836262750902e-02	1.137009187257602832e-01	-6.512207377235609829e-02	7.114164626495450561e-02	-6.109533810414414373e-02	5.258009186311860678e-02
-2.322184568132395766e-01	1.893958338030551913e-01	-1.901186114792801363e-01	1.437557628375718821e-01	-7.769285121574771857e-02	2.455503835442255645e-01	-2.303272578387066949e-01	1.658997979287212543e-01	-1.555915889992546264e-01	7.911074363529713160e-02	-5.675271914771279347e-01	9.999999999999983347e-01	-1.960445676251748870e-01	1.491325169998815869e-01	-1.729195397865647410e-01	2.800036757438652546e-01	-3.972909575480674804e-01	1.703289227107936121e-01	-1.472949034398844392e-01	1.549777314612512114e-01	-3.914726524040371136e-01	2.638485701601043787e-01	-2.135026569679412956e-01	1.346712745294897928e-01	-1.962006984386971686e-01	1.861886814428139747e-01	-1.460881012100464227e-01	1.650429133839792784e-01	-9.804222537141088489e-02	8.533270909342234589e-02	-1.683859879197920628e-01	9.272277398255772407e-02	-1.033747119124821950e-01	8.716074262641183845e-02	-7.653211135709517277e-02
1.252481914621984271e-01	-1.752426685271167572e-01	2.197214261799751156e-01	-2.138276046215129844e-01	1.001268519441144283e-01	-1.458610169704485648e-01	2.092170239127318365e-01	-3.541431486457775613e-01	2.297833064722911156e-01	-1.088859090262201679e-01	1.290825420308854554e-01	-1.960445676251748870e-01	9.999999999999987788e-01	-3.681465294307836311e-01	2.318225392964216869e-01	-1.121203020220873509e-01	1.347324884944178514e-01	-6.740537138005489037e-01	2.318278139796416948e-01	-2.290652441921461058e-01	1.308534860622117268e-01	-1.489757737301799778e-01	2.636344832437448882e-01	-2.001633650732086434e-01	2.018517606341361237e-01	-1.857819195452019290e-01	1.323422433083147887e-01	-2.016594615865017481e-01	1.172585814371133184e-01	-1.010441156112359545e-01	1.416040333517528116e-01	-8.924596186757480232e-02	9.692446605028161299e-02	-1.043805935940041035e-01	8.559467044886509557e-02
-1.117555315415042355e-01	1.524737839397349304e-01	-2.271596459755067243e-01	2.584022427765481633e-01	-1.378082646029957226e-01	1.245691550528967018e-01	-1.828310021313168110e-01	2.202757240575677899e-01	-5.417455843950427230e-01	1.448773072806487372e-01	-1.083830481730378020e-01	1.491325169998815869e-01	-3.681465294307836311e-01	1.000000000000001776e+00	-5.274245607309494543e-01	9.368796059823733535e-02	-9.935128762624093057e-02	2.362120746824426243e-01	-3.200390467634370850e-01	2.695675988361953546e-01	-1.114899438924118330e-01	1.109972934176276932e-01	-2.104187999672507137e-01	2.029787848971384145e-01	-2.265093100773528934e-01	1.512211458083012883e-01	-1.094220356973047981e-01	1.546322784846930198e-01	-1.182318629747657335e-01	1.005719219974716416e-01	-1.296046258491538872e-01	7.848017770067866605e-02	-8.708711198991879454e-02	1.010625350380514320e-01	-8.620974136587888914e-02
1.160469989349793007e-01	-1.608683625146578033e-01	1.977874563748771020e-01	-2.567878431935656236e-01	1.567706622173308806e-01	-1.353574233158325313e-01	1.672381833005880392e-01	-1.953278481040096881e-01	2.591046634753078615e-01	-1.987834102121991964e-01	1.187372920139038585e-01	-1.729195397865647410e-01	2.318225392964216869e-01	-5.274245607309494543e-01	1.000000000000002442e+00	-1.072105175503597491e-01	1.094437841670553024e-01	-2.271439293248850855e-01	2.575308936760156153e-01	-5.899898017008670115e-01	1.251144535198140395e-01	-1.270442328111457131e-01	2.099647646057760109e-01	-2.228891992282279466e-01	2.623484839622461373e-01	-1.890865732346660444e-01	1.289309283746021828e-01	-1.838163598893577111e-01	1.319318558312072287e-01	-1.191204374757788703e-01	1.558236730836934369e-01	-9.357829102519904518e-02	1.023308068803268078e-01	-1.184280364840107347e-01	9.953098193785842041e-02
-1.633338507012065122e-01	1.335744606991534911e-01	-1.194159020296904350e-01	9.275773137331644325e-02	-4.919950516578445315e-02	1.960950452898602425e-01	-1.461520755241901559e-01	1.062009802230318850e-01	-9.672879630010064456e-02	5.073103463047209244e-02	-5.047011801805688647e-01	2.800036757438652546e-01	-1.121203020220873509e-01	9.368796059823733535e-02	-1.072105175503597491e-01	9.999999999999987788e-01	-1.847180912099387062e-01	1.044907536132924086e-01	-9.215770141074294819e-02	1.002505286329783279e-01	-7.459641510886489968e-01	1.769948781959010675e-01	-1.330827970996262821e-01	8.654825146337363773e-02	-1.238556238304381885e-01	1.481388535543236851e-01	-1.040882004289576668e-01	1.147739203963704935e-01	-6.407146055185573841e-02	5.583922673480290477e-02	-1.137010178003032834e-01	6.428772133876919925e-02	-7.077015620640644822e-02	5.765237099217971478e-02	-4.997279676532974391e-02
1.034772331055371641e-01	-1.007802175430046604e-01	1.045757624332289415e-01	-8.777332711345847693e-02	4.704900581244186863e-02	-1.189951864741983917e-01	1.148494171055015195e-01	-9.802013636481060610e-02	9.321291600314327019e-02	-4.897752210864530359e-02	1.859733170461813356e-01	-3.972909575480674804e-01	1.347324884944178514e-01	-9.935128762624093057e-02	1.094437841670553024e-01	-1.847180912099387062e-01	9.999999999999967804e-01	-1.633115253241562148e-01	1.055903191499417415e-01	-1.067789798332529350e-01	2.040345651203973043e-01	-8.272598922175538050e-01	1.736733644910254115e-01	-1.001080281826303015e-01	1.281479093798834346e-01	-1.648837657378669219e-01	1.440631458690595779e-01	-1.500594278266630111e-01	7.239035118390205192e-02	-6.179462785814847370e-02	1.154135848218233035e-01	-7.783705606274694822e-02	8.157892586116692601e-02	-6.524097918413590547e-02	5.494659142426590315e-02
-1.095874438104293552e-01	1.412564039036766639e-01	-1.903040965530261863e-01	1.668380478540570644e-01	-8.748793304997522224e-02	1.223103566430648048e-01	-1.816903454457872158e-01	2.077470118689035694e-01	-1.941466260363194085e-01	9.172469731982370311e-02	-1.190061970933361662e-01	1.703289227107936121e-01	-6.740537138005489037e-01	2.362120746824426243e-01	-2.271439293248850855e-01	1.044907536132924086e-01	-1.633115253241562148e-01	1.000000000000004441e+00	-3.266471298090574127e-01	2.124264032339124586e-01	-1.278614268426519207e-01	1.573879052570154313e-01	-4.639510785179677965e-01	2.190945076258945801e-01	-2.185322460800854794e-01	1.795957773778726618e-01	-1.407361040358590110e-01	2.097646774864841968e-01	-1.283149485118414146e-01	1.056558937056771702e-01	-1.439347280149654296e-01	9.206502153310286429e-02	-1.017905278804862312e-01	1.092647875120365542e-01	-9.105974286143644902e-02
9.386710005331122542e-02	-1.238329501674929611e-01	1.534774795332046748e-01	-1.679324795216974586e-01	8.861518498458938187e-02	-1.076875068838443333e-01	1.372341748632052993e-01	-1.553309247327536724e-01	1.875115948907394303e-01	-9.651095982350044178e-02	1.012389749373719394e-01	-1.472949034398844392e-01	2.318278139796416948e-01	-3.200390467634370850e-01	2.575308936760156153e-01	-9.215770141074294819e-02	1.055903191499417415e-01	-3.266471298090574127e-01	1.000000000000000222e+00	-4.193954124371467862e-01	1.112833947779233029e-01	-1.207150022504464848e-01	2.479202399603081530e-01	-6.543645752327051923e-01	2.871195362077703095e-01	-1.794761501904786061e-01	1.311599009660938675e-01	-1.941752198594619283e-01	2.037767449984675960e-01	-1.648408601425450093e-01	1.483685898806353098e-01	-1.014081813795789516e-01	1.116456550944724957e-01	-1.763209975396841933e-01	1.313141007147357042e-01
-1.056603019184682857e-01	1.352924702907032095e-01	-1.789268674152105221e-01	1.817334490811483017e-01	-1.198878817748217085e-01	1.175885413743716496e-01	-1.553972530484083181e-01	1.630039342329615004e-01	-2.134229816012185588e-01	1.248370671018303318e-01	-1.116850986035130971e-01	1.549777314612512114e-01	-2.290652441921461058e-01	2.695675988361953546e-01	-5.899898017008670115e-01	1.002505286329783279e-01	-1.067789798332529350e-01	2.124264032339124586e-01	-4.193954124371467862e-01	9.999999999999984457e-01	-1.242553381871372431e-01	1.206446631309008866e-01	-2.408176890790550417e-01	2.664006724371574819e-01	-4.911394463755648920e-01	1.823441441267353857e-01	-1.332714375211447311e-01	1.839961121670041500e-01	-1.712468187639366313e-01	1.540699297971876436e-01	-1.705446896632674680e-01	1.015255688933404676e-01	-1.143596965138310995e-01	1.427157208074812944e-01	-1.335399557939514481e-01
1.479067589098165547e-01	-1.478098246075046085e-01	1.281718753718740222e-01	-1.080039482961297342e-01	5.688786157519630515e-02	-1.993098737936535025e-01	1.472500337311985485e-01	-1.188732206185912910e-01	1.092305123105136999e-01	-5.975350387834150317e-02	2.918149269090494768e-01	-3.914726524040371136e-01	1.308534860622117268e-01	-1.114899438924118330e-01	1.251144535198140395e-01	-7.459641510886489968e-01	2.040345651203973043e-01	-1.278614268426519207e-01	1.112833947779233029e-01	-1.242553381871372431e-01	9.999999999999994449e-01	-2.601870811897982194e-01	1.635390707138894284e-01	-1.076088912796663993e-01	1.487677769610469269e-01	-2.319569070169341385e-01	1.415838604113485444e-01	-1.575600965629446182e-01	8.072009676248094456e-02	-7.041328083825112993e-02	1.453228399493266543e-01	-8.558497524990606176e-02	9.221342067808732668e-02	-7.358791268939351982e-02	6.266192904888612247e-02
-1.165797243836743935e-01	1.111674786496882061e-01	-1.200610422324356885e-01	9.862927477323989167e-02	-5.385475488969016650e-02	1.261589475900066204e-01	-1.308857352935521301e-01	1.089430674352818013e-01	-1.065794789407408794e-01	5.556823764827183154e-02	-1.979307954017500426e-01	2.638485701601043787e-01	-1.489757737301799778e-01	1.109972934176276932e-01	-1.270442328111457131e-01	1.769948781959010675e-01	-8.272598922175538050e-01	1.573879052570154313e-01	-1.207150022504464848e-01	1.206446631309008866e-01	-2.601870811897982194e-01	1.000000000000000222e+00	-2.259096141213728370e-01	1.139497165059814715e-01	-1.524865207992033012e-01	1.822143952954562440e-01	-1.970377347661591283e-01	1.707351388385266455e-01	-8.471641579415030432e-02	7.168322946534874673e-02	-1.390889335746468281e-01	9.282063829292799828e-02	-9.963080556148559697e-02	7.566472952482064529e-02	-6.456867043303313181e-02
1.166832674608332121e-01	-1.463831419416551649e-01	1.672063838307945860e-01	-1.649918124578034773e-01	8.631334006412323678e-02	-1.353126852970438498e-01	1.601271925949968589e-01	-1.738325791193957581e-01	1.692618847312797603e-01	-9.302305933202605071e-02	1.399515400882531124e-01	-2.135026569679412956e-01	2.636344832437448882e-01	-2.104187999672507137e-01	2.099647646057760109e-01	-1.330827970996262821e-01	1.736733644910254115e-01	-4.639510785179677965e-01	2.479202399603081530e-01	-2.408176890790550417e-01	1.635390707138894284e-01	-2.259096141213728370e-01	1.000000000000000444e+00	-3.120712670417419843e-01	2.576100533367036149e-01	-3.283566780784025751e-01	2.479737929245357797e-01	-5.273748256474549700e-01	1.774783522719872442e-01	-1.468500717012553580e-01	2.108369280391196310e-01	-1.505184873885497820e-01	1.592820575886691459e-01	-1.581621089181594053e-01	1.240868690127126667e-01
-8.537095815934094001e-02	1.084037050466356983e-01	-1.362332245930801267e-01	1.364063429576924669e-01	-7.643895129259718757e-02	9.631404287484687798e-02	-1.238093227147974706e-01	1.307100417958052818e-01	-1.581214070719456632e-01	8.098916107076495341e-02	-9.449821140062823754e-02	1.346712745294897928e-01	-2.001633650732086434e-01	2.029787848971384145e-01	-2.228891992282279466e-01	8.654825146337363773e-02	-1.001080281826303015e-01	2.190945076258945801e-01	-6.543645752327051923e-01	2.664006724371574819e-01	-1.076088912796663993e-01	1.139497165059814715e-01	-3.120712670417419843e-01	1.000000000000001554e+00	-4.186811412887916917e-01	1.778114879462175113e-01	-1.384874903259467604e-01	2.002613125101246339e-01	-3.709832459265137161e-01	1.989930949284786921e-01	-1.568605705124117844e-01	1.102687451176267291e-01	-1.267838126000812304e-01	2.113697372524361018e-01	-1.718513312940036786e-01
1.139791682145774171e-01	-1.465821551988153448e-01	1.654322794876679770e-01	-1.767814992528811968e-01	9.664162807673430666e-02	-1.333042970075700995e-01	1.534208128092512946e-01	-1.590052453156672874e-01	1.768246737730235496e-01	-1.065282033918591026e-01	1.300990293432241485e-01	-1.962006984386971686e-01	2.018517606341361237e-01	-2.265093100773528934e-01	2.623484839622461373e-01	-1.238556238304381885e-01	1.281479093798834346e-01	-2.185322460800854794e-01	2.871195362077703095e-01	-4.911394463755648920e-01	1.487677769610469269e-01	-1.524865207992033012e-01	2.576100533367036149e-01	-4.186811412887916917e-01	1.000000000000000222e+00	-2.797048818383402469e-01	1.840086189562183949e-01	-2.651059828724853240e-01	2.402815131074920174e-01	-3.215444206336967592e-01	2.287767058231263417e-01	-1.463141883688852674e-01	1.576436101336707862e-01	-2.332012846534567141e-01	2.052005137147674407e-01
-1.094220647907133137e-01	1.218005398259426469e-01	-1.452058631351600682e-01	1.272108983641214996e-01	-7.321651584356973774e-02	1.203533099664973460e-01	-1.418883580429653180e-01	1.309055584856141652e-01	-1.392610725640396341e-01	7.542744000978457430e-02	-1.442799487512778922e-01	1.861886814428139747e-01	-1.857819195452019290e-01	1.512211458083012883e-01	-1.890865732346660444e-01	1.481388535543236851e-01	-1.648837657378669219e-01	1.795957773778726618e-01	-1.794761501904786061e-01	1.823441441267353857e-01	-2.319569070169341385e-01	1.822143952954562440e-01	-3.283566780784025751e-01	1.778114879462175113e-01	-2.797048818383402469e-01	1.000000000000001776e+00	-6.286250588787265503e-01	3.131115731508883893e-01	-1.588106104373936678e-01	1.304752852977811295e-01	-3.651065784437339534e-01	2.269924080094814223e-01	-2.599828893235280325e-01	1.432955284942568630e-01	-1.250121296320694242e-01
7.700323904764073968e-02	-8.737700897657554866e-02	1.008163167576761055e-01	-9.132991431062455201e-02	5.107105262613941682e-02	-8.661787998136456779e-02	9.911063793610926098e-02	-9.380203088382277343e-02	9.764365752068325521e-02	-5.340971070626324840e-02	1.026613491022537045e-01	-1.460881012100464227e-01	1.323422433083147887e-01	-1.094220356973047981e-01	1.289309283746021828e-01	-1.040882004289576668e-01	1.440631458690595779e-01	-1.407361040358590110e-01	1.311599009660938675e-01	-1.332714375211447311e-01	1.415838604113485444e-01	-1.970377347661591283e-01	2.479737929245357797e-01	-1.384874903259467604e-01	1.840086189562183949e-01	-6.286250588787265503e-01	1.000000000000001998e+00	-5.688316971875055916e-01	1.339371971990460375e-01	-1.061978878949012134e-01	2.205182866180242229e-01	-3.200605694942562085e-01	2.351263128444533446e-01	-1.260828781570372259e-01	9.858798128463361343e-02
-9.774780036863203736e-02	1.143514362884637120e-01	-1.389704117529228233e-01	1.253262730521950696e-01	-7.076950783212834772e-02	1.082653909542881515e-01	-1.333515630182704192e-01	1.299449832854338294e-01	-1.370675950693062695e-01	7.359105000278363951e-02	-1.206983470696375016e-01	1.650429133839792784e-01	-2.016594615865017481e-01	1.546322784846930198e-01	-1.838163598893577111e-01	1.147739203963704935e-01	-1.500594278266630111e-01	2.097646774864841968e-01	-1.941752198594619283e-01	1.839961121670041500e-01	-1.575600965629446182e-01	1.707351388385266455e-01	-5.273748256474549700e-01	2.002613125101246339e-01	-2.651059828724853240e-01	3.131115731508883893e-01	-5.688316971875055916e-01	1.000000000000002220e+00	-2.107501947290242317e-01	1.448270808796436049e-01	-2.616351306707714319e-01	2.075395486670769396e-01	-2.451644415004986532e-01	1.627982201713249200e-01	-1.347197307453193438e-01
5.869501236594438370e-02	-7.321770722121281882e-02	8.741758924651903129e-02	-8.759918726594763394e-02	4.854843266135956681e-02	-6.682640353202824735e-02	8.119344196886044140e-02	-8.339851346489579598e-02	9.413510525475553281e-02	-5.193966555150551084e-02	6.785263190948752354e-02	-9.804222537141088489e-02	1.172585814371133184e-01	-1.182318629747657335e-01	1.319318558312072287e-01	-6.407146055185573841e-02	7.239035118390205192e-02	-1.283149485118414146e-01	2.037767449984675960e-01	-1.712468187639366313e-01	8.072009676248094456e-02	-8.471641579415030432e-02	1.774783522719872442e-01	-3.709832459265137161e-01	2.402815131074920174e-01	-1.588106104373936678e-01	1.339371971990460375e-01	-2.107501947290242317e-01	1.000000000000001554e+00	-4.640944116270450115e-01	1.378852697058474686e-01	-1.429355542371631427e-01	1.593108068960512880e-01	-6.637912197731434816e-01	3.020188175681672860e-01
-5.168108404597912542e-02	6.430510637622843806e-02	-7.709011838066520683e-02	7.653610620165866851e-02	-4.311627580072051324e-02	5.865975355083937609e-02	-7.150680970825316896e-02	7.256753531923294809e-02	-8.249904881230406273e-02	4.595438836933179311e-02	-5.938298836262750902e-02	8.533270909342234589e-02	-1.010441156112359545e-01	1.005719219974716416e-01	-1.191204374757788703e-01	5.583922673480290477e-02	-6.179462785814847370e-02	1.056558937056771702e-01	-1.648408601425450093e-01	1.540699297971876436e-01	-7.041328083825112993e-02	7.168322946534874673e-02	-1.468500717012553580e-01	1.989930949284786921e-01	-3.215444206336967592e-01	1.304752852977811295e-01	-1.061978878949012134e-01	1.448270808796436049e-01	-4.640944116270450115e-01	1.000000000000001776e+00	-1.221076462055854794e-01	1.047591504915839355e-01	-1.251421868479458133e-01	3.130948208898284291e-01	-7.326007141931971667e-01
9.079787051096767370e-02	-1.068851168710985705e-01	1.195484849365477248e-01	-1.117402057124622511e-01	6.285525207180917007e-02	-1.040199657641948938e-01	1.164907268188826173e-01	-1.098872283269427125e-01	1.160499536664353487e-01	-6.640618916248232362e-02	1.137009187257602832e-01	-1.683859879197920628e-01	1.416040333517528116e-01	-1.296046258491538872e-01	1.558236730836934369e-01	-1.137010178003032834e-01	1.154135848218233035e-01	-1.439347280149654296e-01	1.483685898806353098e-01	-1.705446896632674680e-01	1.453228399493266543e-01	-1.390889335746468281e-01	2.108369280391196310e-01	-1.568605705124117844e-01	2.287767058231263417e-01	-3.651065784437339534e-01	2.205182866180242229e-01	-2.616351306707714319e-01	1.378852697058474686e-01	-1.221076462055854794e-01	1.000000000000001332e+00	-3.044321170304316038e-01	2.310909209902475836e-01	-1.387709314980149211e-01	1.111914654808293934e-01
-5.147458838525821589e-02	6.008281076372076757e-02	-6.977576066292569268e-02	6.470900110877726708e-02	-3.645852700399034030e-02	5.805671042279287458e-02	-6.746343251817990549e-02	6.460426965751042694e-02	-6.906590657443181791e-02	3.830195077693510086e-02	-6.512207377235609829e-02	9.272277398255772407e-02	-8.924596186757480232e-02	7.848017770067866605e-02	-9.357829102519904518e-02	6.428772133876919925e-02	-7.783705606274694822e-02	9.206502153310286429e-02	-1.014081813795789516e-01	1.015255688933404676e-01	-8.558497524990606176e-02	9.282063829292799828e-02	-1.505184873885497820e-01	1.102687451176267291e-01	-1.463141883688852674e-01	2.269924080094814223e-01	-3.200605694942562085e-01	2.075395486670769396e-01	-1.429355542371631427e-01	1.047591504915839355e-01	-3.044321170304316038e-01	1.000000000000001776e+00	-8.323420996976919062e-01	1.565476475675502410e-01	-1.165546534909786686e-01
5.647916256450884187e-02	-6.653213617396042112e-02	7.639895747932799741e-02	-7.180712853992560207e-02	4.017253964079025436e-02	-6.420446121661882444e-02	7.383165339217684364e-02	-7.119416290543736925e-02	7.585196916712766413e-02	-4.242904580343247190e-02	7.114164626495450561e-02	-1.033747119124821950e-01	9.692446605028161299e-02	-8.708711198991879454e-02	1.023308068803268078e-01	-7.077015620640644822e-02	8.157892586116692601e-02	-1.017905278804862312e-01	1.116456550944724957e-01	-1.143596965138310995e-01	9.221342067808732668e-02	-9.963080556148559697e-02	1.592820575886691459e-01	-1.267838126000812304e-01	1.576436101336707862e-01	-2.599828893235280325e-01	2.351263128444533446e-01	-2.451644415004986532e-01	1.593108068960512880e-01	-1.251421868479458133e-01	2.310909209902475836e-01	-8.323420996976919062e-01	1.000000000000001332e+00	-2.273889124678038776e-01	1.306239132508320577e-01
-5.260797980534882845e-02	6.480661054761693851e-02	-7.824496646201999084e-02	7.647621350359602721e-02	-4.313946704858400566e-02	5.942703332449332521e-02	-7.283551245454150669e-02	7.353471128286423464e-02	-8.353085458416648068e-02	4.570838519319906507e-02	-6.109533810414414373e-02	8.716074262641183845e-02	-1.043805935940041035e-01	1.010625350380514320e-01	-1.184280364840107347e-01	5.765237099217971478e-02	-6.524097918413590547e-02	1.092647875120365542e-01	-1.763209975396841933e-01	1.427157208074812944e-01	-7.358791268939351982e-02	7.566472952482064529e-02	-1.581621089181594053e-01	2.113697372524361018e-01	-2.332012846534567141e-01	1.432955284942568630e-01	-1.260828781570372259e-01	1.627982201713249200e-01	-6.637912197731434816e-01	3.130948208898284291e-01	-1.387709314980149211e-01	1.565476475675502410e-01	-2.273889124678038776e-01	1.000000000000001776e+00	-5.479898425427494058e-01
4.524378243544449618e-02	-5.633104725529624462e-02	6.624659055647277861e-02	-6.642768545964815308e-02	3.697686850698993222e-02	-5.171822707590533613e-02	6.180209959251020679e-02	-6.273277203389601708e-02	7.021578410570412931e-02	-3.967334248684577236e-02	5.258009186311860678e-02	-7.653211135709517277e-02	8.559467044886509557e-02	-8.620974136587888914e-02	9.953098193785842041e-02	-4.997279676532974391e-02	5.494659142426590315e-02	-9.105974286143644902e-02	1.313141007147357042e-01	-1.335399557939514481e-01	6.266192904888612247e-02	-6.456867043303313181e-02	1.240868690127126667e-01	-1.718513312940036786e-01	2.052005137147674407e-01	-1.250121296320694242e-01	9.858798128463361343e-02	-1.347197307453193438e-01	3.020188175681672860e-01	-7.326007141931971667e-01	1.111914654808293934e-01	-1.165546534909786686e-01	1.306239132508320577e-01	-5.479898425427494058e-01	1.000000000000001776e+00
