1.000000000000000000e+00	-9.696024157439044888e-01	4.438377310906506390e-02	-2.519621054231528309e-02	2.885181280312061614e-02	-1.549880067903486314e-01	1.519941263258312303e-01	-5.007277242945833845e-02	2.730486639637210583e-02	-2.725496201892795012e-02	7.642223722125374152e-02	-8.559389059350831774e-02	5.213911167802336155e-02	-2.830526884301362914e-02	2.435874984104338670e-02	-4.973351773088042355e-02	5.144912403704329090e-02	-4.536356302829787357e-02	3.350988099811273019e-02	-3.314604142513944557e-02	3.682200914107749967e-02	-4.057045650772226481e-02	3.842286707924421479e-02	-3.145858166553672230e-02	2.942538142488947475e-02	-1.165112308524529627e-02	3.488479331661640398e-02	-3.036807580381897451e-02	2.525462441638963093e-02	-2.272177691529070342e-02	1.208656654706880690e-02	-2.610689980681140873e-02	2.345806708017626752e-02	-1.980728761316834230e-02	2.151617553329956273e-02
-9.696024157439044888e-01	1.000000000000000000e+00	-4.332953864387946441e-02	2.412297149752282155e-02	-2.772452607954178916e-02	1.329406825850581730e-01	-1.798920394721051086e-01	4.790914452509852095e-02	-2.607691242107742016e-02	2.580014586200404456e-02	-7.331633274523832733e-02	7.992415683449861918e-02	-5.006129688377003450e-02	2.661566133226505107e-02	-2.299521528308246660e-02	4.632003534543244899e-02	-4.922000174312222975e-02	4.257024706869943359e-02	-3.161179290761949312e-02	3.097698178613897055e-02	-3.480400428907412524e-02	3.765059624623644935e-02	-3.627348275356914037e-02	2.940188238836404303e-02	-2.761190586338086242e-02	1.088291029105907352e-02	-3.279573384709850298e-02	2.837833213214227546e-02	-2.370532588774101890e-02	2.120905271535470857e-02	-1.130978746617852977e-02	2.428258590947926857e-02	-2.194972382186241230e-02	1.851709398141936774e-02	-2.017073030700486380e-02
4.438377310906506390e-02	-4.332953864387946441e-02	1.000000000000000222e+00	-4.709551708114223523e-01	2.795819650325638284e-01	-1.385495322679463071e-01	1.556687424143212151e-01	-6.079655853963685797e-01	2.574718464940813356e-01	-2.686632257318841699e-01	1.254929562586448444e-01	-1.573103290826578238e-01	2.532105660478403686e-01	-2.157717102230107820e-01	1.758555070048654911e-01	-1.116527089003549189e-01	1.271781454537026790e-01	-2.353866602783882545e-01	1.932934465260766621e-01	-2.137142744746884926e-01	1.002664674216520585e-01	-1.148002687418660378e-01	1.777908691788535056e-01	-1.643433816246487322e-01	1.499435687684511631e-01	-5.185260046713793813e-02	1.577647265947856869e-01	-1.456929090045665232e-01	1.268476861193900962e-01	-1.179910926278612687e-01	5.364890659426027608e-02	-1.271626327461621297e-01	1.120930404388598561e-01	-9.984940246618509430e-02	1.069751202783556093e-01
-2.519621054231528309e-02	2.412297149752282155e-02	-4.709551708114223523e-01	9.999999999999998890e-01	-6.957373464410407937e-01	7.582275609855472498e-02	-8.981010247068399455e-02	2.384467890311371407e-01	-4.096303846821792716e-01	2.876990893441511710e-01	-7.246822084918878859e-02	8.681716058235866562e-02	-1.478996398076531660e-01	1.879666988697901164e-01	-1.666440172148396792e-01	6.330419072685897208e-02	-7.421197474212976042e-02	1.318689576072794023e-01	-1.445784447912320803e-01	1.508866450176336860e-01	-5.890923344236690534e-02	6.575737105692743001e-02	-1.093248521073255236e-01	1.031460378716471532e-01	-9.901665751057210640e-02	3.056893524508444426e-02	-9.585352261807482399e-02	8.551591818712582505e-02	-8.193359739703152955e-02	7.428743316527203211e-02	-3.186670462997603231e-02	7.458936947349675828e-02	-6.779396413674140809e-02	6.229335060835191479e-02	-6.817371057811116852e-02
2.885181280312061614e-02	-2.772452607954178916e-02	2.795819650325638284e-01	-6.957373464410407937e-01	9.999999999999995559e-01	-8.885961945752414437e-02	1.013161903075129461e-01	-2.609353884266660817e-01	3.003496179147544520e-01	-4.884206283863778419e-01	8.288165739706752910e-02	-9.999569036582156567e-02	1.588680298652654088e-01	-2.217589226495510490e-01	1.920678524978098045e-01	-7.446140840094794822e-02	8.612148709102675215e-02	-1.555915865569467982e-01	1.642747319415973073e-01	-1.915202710609312797e-01	6.951153453274137861e-02	-7.868025742024646607e-02	1.279395697332830761e-01	-1.247871238688695039e-01	1.186863030249159096e-01	-3.732186630614886536e-02	1.150895716076784370e-01	-1.035209451535340913e-01	9.751198009706739389e-02	-9.106116541056583080e-02	3.879269908947599599e-02	-9.188742391339192739e-02	8.207467667211199025e-02	-7.551690901108394638e-02	8.188995062062090491e-02
-1.549880067903486314e-01	1.329406825850581730e-01	-1.385495322679463071e-01	7.582275609855472498e-02	-8.885961945752414437e-02	1.000000000000000000e+00	-7.143187807391793154e-01	1.542846550845935472e-01	-8.353529639375903426e-02	8.075275895449009200e-02	-5.266781316095604515e-01	3.014184183697259933e-01	-1.806138954306827915e-01	8.392056666362443518e-02	-7.303421356164796485e-02	1.948192498612584533e-01	-2.135251698093958705e-01	1.438514518845260548e-01	-1.034377592534999890e-01	9.700042832018582195e-02	-1.385922730866398223e-01	1.348319331352518524e-01	-1.212127253897010287e-01	9.324272719191724346e-02	-8.586896561954138196e-02	3.461043301015252066e-02	-1.043073587015098669e-01	9.056835875246593837e-02	-7.521747918491258900e-02	6.555398527789861596e-02	-3.596474309198263719e-02	7.521141317098781198e-02	-6.916041178774254283e-02	5.794515643963699114e-02	-6.319082996240932282e-02
1.519941263258312303e-01	-1.798920394721051086e-01	1.556687424143212151e-01	-8.981010247068399455e-02	1.013161903075129461e-01	-7.143187807391793154e-01	1.000000000000000666e+00	-2.144086788991504400e-01	9.952393709456333615e-02	-9.840192884590984179e-02	3.041272889842027705e-01	-4.554386568774708710e-01	2.046790616957863407e-01	-1.025864976953367730e-01	8.712699763557865684e-02	-1.979988542329434442e-01	1.983927254286765585e-01	-1.741203121334140014e-01	1.206984462603095526e-01	-1.190714862841310284e-01	1.337379482775833406e-01	-1.507315985946963144e-01	1.366420374692383366e-01	-1.115917583189095647e-01	1.002904047084250821e-01	-4.006856178721195788e-02	1.185850763611126096e-01	-1.072533272696890722e-01	8.765879769237515384e-02	-7.846382895029817284e-02	4.130166932295811083e-02	-9.054663524095893368e-02	8.098857491060587610e-02	-6.870314245054628954e-02	7.385529394794194957e-02
-5.007277242945833845e-02	4.790914452509852095e-02	-6.079655853963685797e-01	2.384467890311371407e-01	-2.609353884266660817e-01	1.542846550845935472e-01	-2.144086788991504400e-01	1.000000000000000666e+00	-3.042347770704763033e-01	2.184676326565401783e-01	-1.552799421505169364e-01	1.890989781463643105e-01	-5.071766797290876427e-01	1.894636594357726744e-01	-1.656789807048898999e-01	1.203385683580324023e-01	-1.451806342796113647e-01	2.460852719954065571e-01	-1.990709386699189565e-01	1.820002686242003787e-01	-1.055538545782476051e-01	1.147087185427694556e-01	-1.925297300956385904e-01	1.513388887325375354e-01	-1.379619315556189496e-01	4.704022226775515098e-02	-1.515187892769649103e-01	1.361955259895249182e-01	-1.204226410221025945e-01	1.042006461996416028e-01	-4.911706304996556888e-02	1.116181704545892578e-01	-1.039521680965965200e-01	9.083645283953276084e-02	-9.903646615764166716e-02
2.730486639637210583e-02	-2.607691242107742016e-02	2.574718464940813356e-01	-4.096303846821792716e-01	3.003496179147544520e-01	-8.353529639375903426e-02	9.952393709456333615e-02	-3.042347770704763033e-01	1.000000000000002442e+00	-6.447494829748892098e-01	8.099877726727246208e-02	-9.744593368273442302e-02	1.695076999929460704e-01	-4.281978572945953077e-01	2.615324426418602632e-01	-7.122766639679456446e-02	8.410794098663705587e-02	-1.574642836726432293e-01	1.986960953303698874e-01	-2.130938301749566166e-01	6.634195373623898162e-02	-7.393897106721744605e-02	1.278134872177645320e-01	-1.270528462271672265e-01	1.192136253567138426e-01	-3.441631836620612922e-02	1.087555290302435473e-01	-9.814911975576195990e-02	9.865140248649617583e-02	-8.876927677638385417e-02	3.588856453010762920e-02	-8.480459667655101952e-02	7.789885442318847386e-02	-7.386676983894693849e-02	8.071080831726992755e-02
-2.725496201892795012e-02	2.580014586200404456e-02	-2.686632257318841699e-01	2.876990893441511710e-01	-4.884206283863778419e-01	8.075275895449009200e-02	-9.840192884590984179e-02	2.184676326565401783e-01	-6.447494829748892098e-01	9.999999999999996669e-01	-8.016151266081764093e-02	9.367170690533556388e-02	-1.628954576585416314e-01	2.807968835651915573e-01	-3.767954293542553623e-01	6.989746552486075792e-02	-8.371571654722786970e-02	1.483617475021598575e-01	-2.060094288168863030e-01	2.154187701288916845e-01	-6.686356039141884422e-02	7.333320177063114287e-02	-1.301630151970863403e-01	1.264310513188352525e-01	-1.288880369096025436e-01	3.502674203942938991e-02	-1.125572821636609544e-01	9.833587733588261548e-02	-1.030785057019681511e-01	9.178880424655914971e-02	-3.672494382666816048e-02	8.549588666070523368e-02	-7.984685009264830269e-02	7.596658953743404274e-02	-8.484111697798181473e-02
7.642223722125374152e-02	-7.331633274523832733e-02	1.254929562586448444e-01	-7.246822084918878859e-02	8.288165739706752910e-02	-5.266781316095604515e-01	3.041272889842027705e-01	-1.552799421505169364e-01	8.099877726727246208e-02	-8.016151266081764093e-02	1.000000000000000000e+00	-6.225723992078487923e-01	1.988642135526637322e-01	-8.686428272967923470e-02	7.379695075271287819e-02	-3.839792126724244636e-01	2.676641442860373532e-01	-1.702373242420144595e-01	1.075687121146784442e-01	-1.026449918140225209e-01	1.645883969523905255e-01	-1.735985232886939900e-01	1.264816203070933398e-01	-9.854857822978192738e-02	8.540463837196599073e-02	-3.585983995046210931e-02	1.038023820272820918e-01	-9.617020548497312582e-02	7.647132711168286301e-02	-6.698475420468623376e-02	3.672707528692029794e-02	-7.821872076017065412e-02	7.058588550159253239e-02	-5.945565958552700980e-02	6.357252101644184084e-02
-8.559389059350831774e-02	7.992415683449861918e-02	-1.573103290826578238e-01	8.681716058235866562e-02	-9.999569036582156567e-02	3.014184183697259933e-01	-4.554386568774708710e-01	1.890989781463643105e-01	-9.744593368273442302e-02	9.367170690533556388e-02	-6.225723992078487923e-01	9.999999999999992228e-01	-3.509369437082156540e-01	1.003786813017694957e-01	-8.613107688343860091e-02	2.549536878942075813e-01	-3.606311620513840133e-01	2.032311861270277020e-01	-1.283013135543976391e-01	1.165286919487169420e-01	-1.623150469583187483e-01	1.645023363455808962e-01	-1.500062398789366314e-01	1.113254574039768685e-01	-9.688194091249474615e-02	3.905021085259307440e-02	-1.174675876568369165e-01	1.077066559080607638e-01	-8.723289326892344486e-02	7.503417567351529371e-02	-4.030362303593365558e-02	8.634217710430192039e-02	-7.937623881995581332e-02	6.685940156727226968e-02	-7.195468922249798061e-02
5.213911167802336155e-02	-5.006129688377003450e-02	2.532105660478403686e-01	-1.478996398076531660e-01	1.588680298652654088e-01	-1.806138954306827915e-01	2.046790616957863407e-01	-5.071766797290876427e-01	1.695076999929460704e-01	-1.628954576585416314e-01	1.988642135526637322e-01	-3.509369437082156540e-01	9.999999999999982236e-01	-1.806040967397975483e-01	1.462237220945253879e-01	-1.652172190169124144e-01	1.929297889127899734e-01	-5.634500966205394645e-01	2.213254780609014427e-01	-2.064262012216176445e-01	1.282108745141396777e-01	-1.470611369050236761e-01	2.362196299286727086e-01	-1.849767000073335999e-01	1.461985828945188415e-01	-5.393020152876888684e-02	1.673384797742914487e-01	-1.746819543629798133e-01	1.347556882937009926e-01	-1.164849479345927002e-01	5.539363400482644195e-02	-1.317731171982816363e-01	1.193952544239615388e-01	-1.037968250839770706e-01	1.087832942765256106e-01
-2.830526884301362914e-02	2.661566133226505107e-02	-2.157717102230107820e-01	1.879666988697901164e-01	-2.217589226495510490e-01	8.392056666362443518e-02	-1.025864976953367730e-01	1.894636594357726744e-01	-4.281978572945953077e-01	2.807968835651915573e-01	-8.686428272967923470e-02	1.003786813017694957e-01	-1.806040967397975483e-01	1.000000000000000000e+00	-6.435767765528994655e-01	7.742929331902728696e-02	-9.486448360517714395e-02	1.848847161763880198e-01	-4.233559690988748514e-01	3.045719804128980690e-01	-7.499145929694409074e-02	8.193038917103027952e-02	-1.601559250702509485e-01	1.688318434954897140e-01	-1.609157649065477147e-01	3.967302037735622594e-02	-1.294101010955096831e-01	1.152061230783290591e-01	-1.350110975731503848e-01	1.125922985085628797e-01	-4.161801020257388517e-02	9.850345860391755692e-02	-9.407273099888502355e-02	9.424012814760404644e-02	-1.053193163560682821e-01
2.435874984104338670e-02	-2.299521528308246660e-02	1.758555070048654911e-01	-1.666440172148396792e-01	1.920678524978098045e-01	-7.303421356164796485e-02	8.712699763557865684e-02	-1.656789807048898999e-01	2.615324426418602632e-01	-3.767954293542553623e-01	7.379695075271287819e-02	-8.613107688343860091e-02	1.462237220945253879e-01	-6.435767765528994655e-01	1.000000000000000000e+00	-6.706220635834697630e-02	8.072821460087811762e-02	-1.594884456025337238e-01	2.798870872797986631e-01	-5.398612303266927537e-01	6.484025900206281945e-02	-7.182800823348692298e-02	1.353973127052083003e-01	-1.504842310943359518e-01	1.513704840236295701e-01	-3.535064409300944788e-02	1.129772363340024316e-01	-1.019570827951146175e-01	1.154182073433909772e-01	-1.094941514715295633e-01	3.694518107040005439e-02	-8.928215551339865885e-02	8.332332491824734344e-02	-8.506085316125111540e-02	9.355315823458268398e-02
-4.973351773088042355e-02	4.632003534543244899e-02	-1.116527089003549189e-01	6.330419072685897208e-02	-7.446140840094794822e-02	1.948192498612584533e-01	-1.979988542329434442e-01	1.203385683580324023e-01	-7.122766639679456446e-02	6.989746552486075792e-02	-3.839792126724244636e-01	2.549536878942075813e-01	-1.652172190169124144e-01	7.742929331902728696e-02	-6.706220635834697630e-02	1.000000000000000888e+00	-7.293939175015664578e-01	1.650296126258703755e-01	-1.046243766804700187e-01	9.265081031858905802e-02	-3.981091647248971577e-01	2.677511718459254508e-01	-1.350957441144959581e-01	9.478057099759369664e-02	-8.112034502955622894e-02	3.902798269270144060e-02	-1.057152402283798170e-01	9.537786947235132873e-02	-7.447425982411436107e-02	6.305382664482352129e-02	-3.975687120884673076e-02	7.545173399198722153e-02	-6.944884098768466796e-02	5.704626234494333814e-02	-6.123782496473166581e-02
5.144912403704329090e-02	-4.922000174312222975e-02	1.271781454537026790e-01	-7.421197474212976042e-02	8.612148709102675215e-02	-2.135251698093958705e-01	1.983927254286765585e-01	-1.451806342796113647e-01	8.410794098663705587e-02	-8.371571654722786970e-02	2.676641442860373532e-01	-3.606311620513840133e-01	1.929297889127899734e-01	-9.486448360517714395e-02	8.072821460087811762e-02	-7.293939175015664578e-01	1.000000000000003331e+00	-2.426273101504885787e-01	1.267877689934299723e-01	-1.150682250674421175e-01	2.640727421751228321e-01	-3.493034926166548870e-01	1.598698600031633332e-01	-1.163273689545495787e-01	9.603801989298965669e-02	-4.387868918629922454e-02	1.226117779980131633e-01	-1.163270803542515164e-01	8.867171860253400539e-02	-7.587818942866160488e-02	4.448830543900879342e-02	-9.089390425877906521e-02	8.244364396151124263e-02	-6.852184618053534793e-02	7.265942183549159439e-02
-4.536356302829787357e-02	4.257024706869943359e-02	-2.353866602783882545e-01	1.318689576072794023e-01	-1.555915865569467982e-01	1.438514518845260548e-01	-1.741203121334140014e-01	2.460852719954065571e-01	-1.574642836726432293e-01	1.483617475021598575e-01	-1.702373242420144595e-01	2.032311861270277020e-01	-5.634500966205394645e-01	1.848847161763880198e-01	-1.594884456025337238e-01	1.650296126258703755e-01	-2.426273101504885787e-01	1.000000000000004219e+00	-3.911668295945420759e-01	2.230222202979097179e-01	-1.419480144615599959e-01	1.569639556271073266e-01	-4.691465477086152469e-01	2.245918419409547451e-01	-1.665210545896350924e-01	5.999603960682954595e-02	-2.057605901373676383e-01	2.104514521467287236e-01	-1.666783348223687122e-01	1.284767953011377584e-01	-6.227243379638869314e-02	1.445942444835489615e-01	-1.422824646091622736e-01	1.196155268069698518e-01	-1.267376496952144493e-01
3.350988099811273019e-02	-3.161179290761949312e-02	1.932934465260766621e-01	-1.445784447912320803e-01	1.642747319415973073e-01	-1.034377592534999890e-01	1.206984462603095526e-01	-1.990709386699189565e-01	1.986960953303698874e-01	-2.060094288168863030e-01	1.075687121146784442e-01	-1.283013135543976391e-01	2.213254780609014427e-01	-4.233559690988748514e-01	2.798870872797986631e-01	-1.046243766804700187e-01	1.267877689934299723e-01	-3.911668295945420759e-01	1.000000000000001554e+00	-5.791059340470467998e-01	9.806075522815627110e-02	-1.111898450466401872e-01	2.339087138904823449e-01	-3.597581118054823390e-01	2.023705859420359687e-01	-5.242983693266333595e-02	1.681347082690908268e-01	-1.664358193211193382e-01	1.977393474406346774e-01	-1.592645817880340986e-01	5.442281782087791953e-02	-1.360747202025513469e-01	1.282639581368058834e-01	-1.387866532611954362e-01	1.423989986358323856e-01
-3.314604142513944557e-02	3.097698178613897055e-02	-2.137142744746884926e-01	1.508866450176336860e-01	-1.915202710609312797e-01	9.700042832018582195e-02	-1.190714862841310284e-01	1.820002686242003787e-01	-2.130938301749566166e-01	2.154187701288916845e-01	-1.026449918140225209e-01	1.165286919487169420e-01	-2.064262012216176445e-01	3.045719804128980690e-01	-5.398612303266927537e-01	9.265081031858905802e-02	-1.150682250674421175e-01	2.230222202979097179e-01	-5.791059340470467998e-01	1.000000000000001554e+00	-9.222021196425052303e-02	9.990111220649680601e-02	-2.049990339073060608e-01	2.203361195127247485e-01	-2.892896757265061569e-01	5.066265441203583048e-02	-1.666224363552634147e-01	1.462544088523344277e-01	-1.856155665744852190e-01	1.705797254290275788e-01	-5.329853084567914151e-02	1.276257974627821035e-01	-1.233916436443648901e-01	1.297289288220405401e-01	-1.494375921043597233e-01
3.682200914107749967e-02	-3.480400428907412524e-02	1.002664674216520585e-01	-5.890923344236690534e-02	6.951153453274137861e-02	-1.385922730866398223e-01	1.337379482775833406e-01	-1.055538545782476051e-01	6.634195373623898162e-02	-6.686356039141884422e-02	1.645883969523905255e-01	-1.623150469583187483e-01	1.282108745141396777e-01	-7.499145929694409074e-02	6.484025900206281945e-02	-3.981091647248971577e-01	2.640727421751228321e-01	-1.419480144615599959e-01	9.806075522815627110e-02	-9.222021196425052303e-02	9.999999999999992228e-01	-8.309189238689562718e-01	1.525993080519283673e-01	-1.054922352984271755e-01	8.686400490704664079e-02	-5.841854052448450935e-02	1.249334037493385896e-01	-1.148499092987008557e-01	8.126399400379706595e-02	-6.938925635599521580e-02	5.617965659433216130e-02	-9.027705728414599229e-02	8.026867493891462479e-02	-6.376377878039762859e-02	6.726135236083805036e-02
-4.057045650772226481e-02	3.765059624623644935e-02	-1.148002687418660378e-01	6.575737105692743001e-02	-7.868025742024646607e-02	1.348319331352518524e-01	-1.507315985946963144e-01	1.147087185427694556e-01	-7.393897106721744605e-02	7.333320177063114287e-02	-1.735985232886939900e-01	1.645023363455808962e-01	-1.470611369050236761e-01	8.193038917103027952e-02	-7.182800823348692298e-02	2.677511718459254508e-01	-3.493034926166548870e-01	1.569639556271073266e-01	-1.111898450466401872e-01	9.990111220649680601e-02	-8.309189238689562718e-01	1.000000000000000222e+00	-2.030547349371736865e-01	1.165625692359522486e-01	-9.762295267357146145e-02	5.905234320572095436e-02	-1.523454921713968957e-01	1.293192890870882295e-01	-9.290665064861629296e-02	7.613532963197354453e-02	-6.005282184534236484e-02	9.820008070741084727e-02	-9.122274666748036998e-02	7.092280774073339566e-02	-7.601367997419203326e-02
3.842286707924421479e-02	-3.627348275356914037e-02	1.777908691788535056e-01	-1.093248521073255236e-01	1.279395697332830761e-01	-1.212127253897010287e-01	1.366420374692383366e-01	-1.925297300956385904e-01	1.278134872177645320e-01	-1.301630151970863403e-01	1.264816203070933398e-01	-1.500062398789366314e-01	2.362196299286727086e-01	-1.601559250702509485e-01	1.353973127052083003e-01	-1.350957441144959581e-01	1.598698600031633332e-01	-4.691465477086152469e-01	2.339087138904823449e-01	-2.049990339073060608e-01	1.525993080519283673e-01	-2.030547349371736865e-01	1.000000000000001332e+00	-3.988126471263525041e-01	1.891986908874713491e-01	-8.312495187735632896e-02	2.760860007877331546e-01	-5.228648157799582474e-01	2.214191668893184528e-01	-1.626175182572181521e-01	8.342850862877619622e-02	-2.208502998639290671e-01	2.096469864532661265e-01	-1.673170136178297462e-01	1.610210982191983276e-01
-3.145858166553672230e-02	2.940188238836404303e-02	-1.643433816246487322e-01	1.031460378716471532e-01	-1.247871238688695039e-01	9.324272719191724346e-02	-1.115917583189095647e-01	1.513388887325375354e-01	-1.270528462271672265e-01	1.264310513188352525e-01	-9.854857822978192738e-02	1.113254574039768685e-01	-1.849767000073335999e-01	1.688318434954897140e-01	-1.504842310943359518e-01	9.478057099759369664e-02	-1.163273689545495787e-01	2.245918419409547451e-01	-3.597581118054823390e-01	2.203361195127247485e-01	-1.054922352984271755e-01	1.165625692359522486e-01	-3.988126471263525041e-01	1.000000000000001554e+00	-2.747634261576032411e-01	6.619762900276694728e-02	-2.250316972661174086e-01	2.203242996556453726e-01	-6.233636512142765040e-01	2.137759216887967495e-01	-6.933010259538295583e-02	1.811619612258106859e-01	-1.922116077988878791e-01	2.500196292921336161e-01	-2.637553993339501468e-01
2.942538142488947475e-02	-2.761190586338086242e-02	1.499435687684511631e-01	-9.901665751057210640e-02	1.186863030249159096e-01	-8.586896561954138196e-02	1.002904047084250821e-01	-1.379619315556189496e-01	1.192136253567138426e-01	-1.288880369096025436e-01	8.540463837196599073e-02	-9.688194091249474615e-02	1.461985828945188415e-01	-1.609157649065477147e-01	1.513704840236295701e-01	-8.112034502955622894e-02	9.603801989298965669e-02	-1.665210545896350924e-01	2.023705859420359687e-01	-2.892896757265061569e-01	8.686400490704664079e-02	-9.762295267357146145e-02	1.891986908874713491e-01	-2.747634261576032411e-01	1.000000000000001998e+00	-6.558335924215641377e-02	1.916331844590199174e-01	-1.711445046537538595e-01	2.288063704225948292e-01	-7.035371511588260907e-01	6.795251603176211130e-02	-1.970752801899664231e-01	1.698199335882578098e-01	-2.403137157811783553e-01	2.661846435721492710e-01
-1.165112308524529627e-02	1.088291029105907352e-02	-5.185260046713793813e-02	3.056893524508444426e-02	-3.732186630614886536e-02	3.461043301015252066e-02	-4.006856178721195788e-02	4.704022226775515098e-02	-3.441631836620612922e-02	3.502674203942938991e-02	-3.585983995046210931e-02	3.905021085259307440e-02	-5.393020152876888684e-02	3.967302037735622594e-02	-3.535064409300944788e-02	3.902798269270144060e-02	-4.387868918629922454e-02	5.999603960682954595e-02	-5.242983693266333595e-02	5.066265441203583048e-02	-5.841854052448450935e-02	5.905234320572095436e-02	-8.312495187735632896e-02	6.619762900276694728e-02	-6.558335924215641377e-02	1.000000000000002220e+00	-2.157100451841043043e-01	1.103264351422036521e-01	-6.099304743855495092e-02	5.283829751795310337e-02	-9.497842890028392882e-01	1.403551716172467823e-01	-1.103779228117107852e-01	5.449617511888738691e-02	-5.702941668581548718e-02
3.488479331661640398e-02	-3.279573384709850298e-02	1.577647265947856869e-01	-9.585352261807482399e-02	1.150895716076784370e-01	-1.043073587015098669e-01	1.185850763611126096e-01	-1.515187892769649103e-01	1.087555290302435473e-01	-1.125572821636609544e-01	1.038023820272820918e-01	-1.174675876568369165e-01	1.673384797742914487e-01	-1.294101010955096831e-01	1.129772363340024316e-01	-1.057152402283798170e-01	1.226117779980131633e-01	-2.057605901373676383e-01	1.681347082690908268e-01	-1.666224363552634147e-01	1.249334037493385896e-01	-1.523454921713968957e-01	2.760860007877331546e-01	-2.250316972661174086e-01	1.916331844590199174e-01	-2.157100451841043043e-01	1.000000000000002665e+00	-5.942833754607833585e-01	1.849431413190529006e-01	-1.644757120898719671e-01	1.740112955323961930e-01	-3.942834300546960713e-01	2.750914581022083638e-01	-1.638203913736061557e-01	1.620204547384048177e-01
-3.036807580381897451e-02	2.837833213214227546e-02	-1.456929090045665232e-01	8.551591818712582505e-02	-1.035209451535340913e-01	9.056835875246593837e-02	-1.072533272696890722e-01	1.361955259895249182e-01	-9.814911975576195990e-02	9.833587733588261548e-02	-9.617020548497312582e-02	1.077066559080607638e-01	-1.746819543629798133e-01	1.152061230783290591e-01	-1.019570827951146175e-01	9.537786947235132873e-02	-1.163270803542515164e-01	2.104514521467287236e-01	-1.664358193211193382e-01	1.462544088523344277e-01	-1.148499092987008557e-01	1.293192890870882295e-01	-5.228648157799582474e-01	2.203242996556453726e-01	-1.711445046537538595e-01	1.103264351422036521e-01	-5.942833754607833585e-01	1.000000000000002442e+00	-2.063371976486890746e-01	1.425170938882715788e-01	-1.137033432847398828e-01	2.768011204727076624e-01	-4.002180841932131417e-01	1.630271062804026783e-01	-1.607314085181371088e-01
2.525462441638963093e-02	-2.370532588774101890e-02	1.268476861193900962e-01	-8.193359739703152955e-02	9.751198009706739389e-02	-7.521747918491258900e-02	8.765879769237515384e-02	-1.204226410221025945e-01	9.865140248649617583e-02	-1.030785057019681511e-01	7.647132711168286301e-02	-8.723289326892344486e-02	1.347556882937009926e-01	-1.350110975731503848e-01	1.154182073433909772e-01	-7.447425982411436107e-02	8.867171860253400539e-02	-1.666783348223687122e-01	1.977393474406346774e-01	-1.856155665744852190e-01	8.126399400379706595e-02	-9.290665064861629296e-02	2.214191668893184528e-01	-6.233636512142765040e-01	2.288063704225948292e-01	-6.099304743855495092e-02	1.849431413190529006e-01	-2.063371976486890746e-01	1.000000000000002665e+00	-2.806688298551738292e-01	6.262578636582004366e-02	-1.992412754172043221e-01	1.924451570436854220e-01	-5.277333141187865451e-01	2.793253155248845432e-01
-2.272177691529070342e-02	2.120905271535470857e-02	-1.179910926278612687e-01	7.428743316527203211e-02	-9.106116541056583080e-02	6.555398527789861596e-02	-7.846382895029817284e-02	1.042006461996416028e-01	-8.876927677638385417e-02	9.178880424655914971e-02	-6.698475420468623376e-02	7.503417567351529371e-02	-1.164849479345927002e-01	1.125922985085628797e-01	-1.094941514715295633e-01	6.305382664482352129e-02	-7.587818942866160488e-02	1.284767953011377584e-01	-1.592645817880340986e-01	1.705797254290275788e-01	-6.938925635599521580e-02	7.613532963197354453e-02	-1.626175182572181521e-01	2.137759216887967495e-01	-7.035371511588260907e-01	5.283829751795310337e-02	-1.644757120898719671e-01	1.425170938882715788e-01	-2.806688298551738292e-01	1.000000000000002220e+00	-5.564962186264204441e-02	1.579999937784288822e-01	-1.613030633902197419e-01	2.524533273846420456e-01	-5.048962668385377217e-01
1.208656654706880690e-02	-1.130978746617852977e-02	5.364890659426027608e-02	-3.186670462997603231e-02	3.879269908947599599e-02	-3.596474309198263719e-02	4.130166932295811083e-02	-4.911706304996556888e-02	3.588856453010762920e-02	-3.672494382666816048e-02	3.672707528692029794e-02	-4.030362303593365558e-02	5.539363400482644195e-02	-4.161801020257388517e-02	3.694518107040005439e-02	-3.975687120884673076e-02	4.448830543900879342e-02	-6.227243379638869314e-02	5.442281782087791953e-02	-5.329853084567914151e-02	5.617965659433216130e-02	-6.005282184534236484e-02	8.342850862877619622e-02	-6.933010259538295583e-02	6.795251603176211130e-02	-9.497842890028392882e-01	1.740112955323961930e-01	-1.137033432847398828e-01	6.262578636582004366e-02	-5.564962186264204441e-02	1.000000000000001776e+00	-1.706782222792666559e-01	1.119241200871450015e-01	-5.680717904334164903e-02	5.864816411198817137e-02
-2.610689980681140873e-02	2.428258590947926857e-02	-1.271626327461621297e-01	7.458936947349675828e-02	-9.188742391339192739e-02	7.521141317098781198e-02	-9.054663524095893368e-02	1.116181704545892578e-01	-8.480459667655101952e-02	8.549588666070523368e-02	-7.821872076017065412e-02	8.634217710430192039e-02	-1.317731171982816363e-01	9.850345860391755692e-02	-8.928215551339865885e-02	7.545173399198722153e-02	-9.089390425877906521e-02	1.445942444835489615e-01	-1.360747202025513469e-01	1.276257974627821035e-01	-9.027705728414599229e-02	9.820008070741084727e-02	-2.208502998639290671e-01	1.811619612258106859e-01	-1.970752801899664231e-01	1.403551716172467823e-01	-3.942834300546960713e-01	2.768011204727076624e-01	-1.992412754172043221e-01	1.579999937784288822e-01	-1.706782222792666559e-01	1.000000000000002665e+00	-7.665367410049461760e-01	2.031002076839825421e-01	-2.101937886911727504e-01
2.345806708017626752e-02	-2.194972382186241230e-02	1.120930404388598561e-01	-6.779396413674140809e-02	8.207467667211199025e-02	-6.916041178774254283e-02	8.098857491060587610e-02	-1.039521680965965200e-01	7.789885442318847386e-02	-7.984685009264830269e-02	7.058588550159253239e-02	-7.937623881995581332e-02	1.193952544239615388e-01	-9.407273099888502355e-02	8.332332491824734344e-02	-6.944884098768466796e-02	8.244364396151124263e-02	-1.422824646091622736e-01	1.282639581368058834e-01	-1.233916436443648901e-01	8.026867493891462479e-02	-9.122274666748036998e-02	2.096469864532661265e-01	-1.922116077988878791e-01	1.698199335882578098e-01	-1.103779228117107852e-01	2.750914581022083638e-01	-4.002180841932131417e-01	1.924451570436854220e-01	-1.613030633902197419e-01	1.119241200871450015e-01	-7.665367410049461760e-01	1.000000000000002665e+00	-2.800663883505034035e-01	1.946175820865194139e-01
-1.980728761316834230e-02	1.851709398141936774e-02	-9.984940246618509430e-02	6.229335060835191479e-02	-7.551690901108394638e-02	5.794515643963699114e-02	-6.870314245054628954e-02	9.083645283953276084e-02	-7.386676983894693849e-02	7.596658953743404274e-02	-5.945565958552700980e-02	6.685940156727226968e-02	-1.037968250839770706e-01	9.424012814760404644e-02	-8.506085316125111540e-02	5.704626234494333814e-02	-6.852184618053534793e-02	1.196155268069698518e-01	-1.387866532611954362e-01	1.297289288220405401e-01	-6.376377878039762859e-02	7.092280774073339566e-02	-1.673170136178297462e-01	2.500196292921336161e-01	-2.403137157811783553e-01	5.449617511888738691e-02	-1.638203913736061557e-01	1.630271062804026783e-01	-5.277333141187865451e-01	2.524533273846420456e-01	-5.680717904334164903e-02	2.031002076839825421e-01	-2.800663883505034035e-01	1.000000000000002665e+00	-6.679912698220643597e-01
2.151617553329956273e-02	-2.017073030700486380e-02	1.069751202783556093e-01	-6.817371057811116852e-02	8.188995062062090491e-02	-6.319082996240932282e-02	7.385529394794194957e-02	-9.903646615764166716e-02	8.071080831726992755e-02	-8.484111697798181473e-02	6.357252101644184084e-02	-7.195468922249798061e-02	1.087832942765256106e-01	-1.053193163560682821e-01	9.355315823458268398e-02	-6.123782496473166581e-02	7.265942183549159439e-02	-1.267376496952144493e-01	1.423989986358323856e-01	-1.494375921043597233e-01	6.726135236083805036e-02	-7.601367997419203326e-02	1.610210982191983276e-01	-2.637553993339501468e-01	2.661846435721492710e-01	-5.702941668581548718e-02	1.620204547384048177e-01	-1.607314085181371088e-01	2.793253155248845432e-01	-5.048962668385377217e-01	5.864816411198817137e-02	-2.101937886911727504e-01	1.946175820865194139e-01	-6.679912698220643597e-01	1.000000000000002665e+00
