1.000000000000000000e+00	-5.994661127109844889e-01	1.908120451007001561e-01	-1.359808039177065053e-01	6.303871510500413944e-02	-6.477853611237085474e-01	2.641733714706304692e-01	-1.739652887139807591e-01	1.269612248056134762e-01	-6.568184735779369898e-02	2.255079321034000051e-01	-2.322192041753977088e-01	1.252489929208787101e-01	-1.117562352493792210e-01	1.160481609587643986e-01	-1.633333244784261895e-01	1.034773385354247621e-01	-1.095882028218661819e-01	9.386801229678323755e-02	-1.056612072980822881e-01	1.479064222425846564e-01	-1.165801361187363827e-01	1.166841990315651140e-01	-8.537191308486825891e-02	1.139808126126466009e-01	-1.094213835819583813e-01	7.700321058770441540e-02	-9.774819990578320628e-02	5.869608145247107861e-02	-5.167839838110072775e-02	9.082258271068290034e-02	-5.146608436279767607e-02	5.646415642866525059e-02	-5.260673904889458241e-02	4.524112073539519885e-02
-5.994661127109844889e-01	1.000000000000000000e+00	-3.648581462539414733e-01	1.935477381903202843e-01	-9.047052220031348568e-02	2.946418721523235140e-01	-5.233903942558928435e-01	2.580596437203286908e-01	-1.922862280517802780e-01	9.082226611807769912e-02	-1.926236412979009938e-01	1.893969471614609379e-01	-1.752434556163074419e-01	1.524741985360648644e-01	-1.608693864053576950e-01	1.335744005818060021e-01	-1.007808394856296585e-01	1.412572522775113470e-01	-1.238337952601716724e-01	1.352931098847949820e-01	-1.478097918196746574e-01	1.111689260276690211e-01	-1.463831982780406937e-01	1.084045161760899545e-01	-1.465833701626337859e-01	1.217938709566927652e-01	-8.737641312156513296e-02	1.143519105822353582e-01	-7.321642138550552015e-02	6.429917570083569511e-02	-1.069087774451522310e-01	6.007329287224418002e-02	-6.651996448307220811e-02	6.480315858990989830e-02	-5.632768289781298066e-02
1.908120451007001561e-01	-3.648581462539414733e-01	1.000000000000000000e+00	-5.579516170210713222e-01	1.509060979047072426e-01	-2.129225597972071449e-01	2.867324781921969379e-01	-5.247809462694164040e-01	2.827500921475129547e-01	-1.621939379131001058e-01	1.438666237088771227e-01	-1.901201598443267304e-01	2.197224678354687266e-01	-2.271605432588473250e-01	1.977888827671640815e-01	-1.194168915141413795e-01	1.045766091603712450e-01	-1.903049601370948307e-01	1.534788391120213424e-01	-1.789276690604986730e-01	1.281725055064509844e-01	-1.200622327930002536e-01	1.672069287804927029e-01	-1.362340535577797052e-01	1.654328614896046212e-01	-1.452095449937378102e-01	1.008187589771758069e-01	-1.389721862422969023e-01	8.741920439704722878e-02	-7.709293525328558827e-02	1.195795733564337521e-01	-6.977736870157003057e-02	7.639439911392248428e-02	-7.824612625696984736e-02	6.624959913869810091e-02
-1.359808039177065053e-01	1.935477381903202843e-01	-5.579516170210713222e-01	9.999999999999998890e-01	-2.851749287762082030e-01	1.411001417512948442e-01	-2.219007278284116369e-01	2.659205771896115400e-01	-5.780911693077342983e-01	2.159725337898552311e-01	-1.119754526177023091e-01	1.437570279677986840e-01	-2.138284135261518670e-01	2.584027359056160211e-01	-2.567887064679513220e-01	9.275860340294631023e-02	-8.777396494467022692e-02	1.668388399771103814e-01	-1.679334060075689805e-01	1.817343651278270911e-01	-1.080051215121822644e-01	9.862988013460669001e-02	-1.649932354815952795e-01	1.364068183042022875e-01	-1.767836171357692887e-01	1.272155321802386774e-01	-9.133116640583878454e-02	1.253279839475562596e-01	-8.760001952658430513e-02	7.653932038297188434e-02	-1.117575203995700706e-01	6.471407624439051709e-02	-7.180978456200307058e-02	7.647766509128950396e-02	-6.642921415441088717e-02
6.303871510500413944e-02	-9.047052220031348568e-02	1.509060979047072426e-01	-2.851749287762082030e-01	9.999999999999997780e-01	-7.007884886903445465e-02	9.557348072657081972e-02	-1.133622122302040125e-01	1.796442619409755470e-01	-9.124668728532517870e-01	5.705996597884113730e-02	-7.769371780996824073e-02	1.001273826032834796e-01	-1.378086225254147035e-01	1.567710096925380991e-01	-4.920011690835384560e-02	4.704952269010019561e-02	-8.748844833721686198e-02	8.861563608842301654e-02	-1.198882588583916886e-01	5.688863239261155585e-02	-5.385530017640467737e-02	8.631462812197857049e-02	-7.643975316122599006e-02	9.664165769395642591e-02	-7.321520878838691515e-02	5.106673762874655575e-02	-7.076897049492056335e-02	4.855094073714821823e-02	-4.311864730048553529e-02	6.287496669049122411e-02	-3.645674741110081774e-02	4.016642468574655594e-02	-4.313903244912929702e-02	3.697668601395415894e-02
-6.477853611237085474e-01	2.946418721523235140e-01	-2.129225597972071449e-01	1.411001417512948442e-01	-7.007884886903445465e-02	9.999999999999996669e-01	-3.648051384298828803e-01	1.892705990593121779e-01	-1.469287418733924433e-01	7.114105302450024482e-02	-4.526569214486666493e-01	2.455511786668331253e-01	-1.458619248382797828e-01	1.245699900990785147e-01	-1.353587270314905722e-01	1.960954742227076220e-01	-1.189956221316917084e-01	1.223111915697305263e-01	-1.076884319646833621e-01	1.175896048377575859e-01	-1.993106780982019099e-01	1.261593990663583686e-01	-1.353137566808334524e-01	9.631506981431181558e-02	-1.333063408414786322e-01	1.203564394751038547e-01	-8.661825072324344510e-02	1.082650105590405726e-01	-6.682658221493321948e-02	5.865549315183853085e-02	-1.040389606516739229e-01	5.804573306882142292e-02	-6.419160205541681041e-02	5.942604208658128218e-02	-5.171505779598276065e-02
2.641733714706304692e-01	-5.233903942558928435e-01	2.867324781921969379e-01	-2.219007278284116369e-01	9.557348072657081972e-02	-3.648051384298828803e-01	9.999999999999996669e-01	-5.725471474872260158e-01	2.078794441920248648e-01	-1.022028958525153519e-01	1.875654740760097083e-01	-2.303290599185254250e-01	2.092178833137657290e-01	-1.828314368027373071e-01	1.672390196928312256e-01	-1.461532998193862953e-01	1.148506020899609376e-01	-1.816914497191030597e-01	1.372350177982580854e-01	-1.553987753704685060e-01	1.472520037879152810e-01	-1.308873406573390352e-01	1.601287763442393319e-01	-1.238105339842656138e-01	1.534244818243517550e-01	-1.418886933513540671e-01	9.911281780051216239e-02	-1.333522178307071371e-01	8.119263755758023005e-02	-7.150647106067846426e-02	1.165096336088102813e-01	-6.745990616229471937e-02	7.382297437031634657e-02	-7.283474960965677369e-02	6.180425963304268799e-02
-1.739652887139807591e-01	2.580596437203286908e-01	-5.247809462694164040e-01	2.659205771896115400e-01	-1.133622122302040125e-01	1.892705990593121779e-01	-5.725471474872260158e-01	9.999999999999993339e-01	-3.386690426224991390e-01	1.160443421247881052e-01	-1.346413400062616006e-01	1.659011057171538850e-01	-3.541437151872466882e-01	2.202763746890745999e-01	-1.953289007406984745e-01	1.062018140138952793e-01	-9.802089042363459903e-02	2.077477261046917212e-01	-1.553318129859467822e-01	1.630050440890339070e-01	-1.188743165381844075e-01	1.089439742732281335e-01	-1.738339867284010853e-01	1.307109831326835614e-01	-1.590077269502691015e-01	1.309077858808914419e-01	-9.380336306462441764e-02	1.299463242750658609e-01	-8.339907835430401817e-02	7.257029115916185935e-02	-1.099012195499775718e-01	6.460954332200416483e-02	-7.119661368989237127e-02	7.353558018926321938e-02	-6.273588797522991478e-02
1.269612248056134762e-01	-1.922862280517802780e-01	2.827500921475129547e-01	-5.780911693077342983e-01	1.796442619409755470e-01	-1.469287418733924433e-01	2.078794441920248648e-01	-3.386690426224991390e-01	9.999999999999994449e-01	-2.122258858019735184e-01	1.131733078413476451e-01	-1.555930809897098366e-01	2.297841546392966339e-01	-5.417460214724980627e-01	2.591055815531760342e-01	-9.672977867257231965e-02	9.321380796289444048e-02	-1.941474832803271322e-01	1.875124914995353609e-01	-2.134239973658062506e-01	1.092317830010088586e-01	-1.065805394111043192e-01	1.692634273057963823e-01	-1.581222716096403746e-01	1.768271234686350502e-01	-1.392636973880864715e-01	9.764419104206999156e-02	-1.370695406456045318e-01	9.413577937392303419e-02	-8.249946429207993814e-02	1.160614064325206363e-01	-6.906979780334439323e-02	7.585735887796983545e-02	-8.353138132136599114e-02	7.021525664692282453e-02
-6.568184735779369898e-02	9.082226611807769912e-02	-1.621939379131001058e-01	2.159725337898552311e-01	-9.124668728532517870e-01	7.114105302450024482e-02	-1.022028958525153519e-01	1.160443421247881052e-01	-2.122258858019735184e-01	9.999999999999996669e-01	-5.931823869336766419e-02	7.911156217959831871e-02	-1.088864202957343374e-01	1.448776537974471867e-01	-1.987837416195728235e-01	5.073162000270010213e-02	-4.897807434232057805e-02	9.172516954339751671e-02	-9.651144204210103383e-02	1.248374075959099994e-01	-5.975423613553877689e-02	5.556882922971295019e-02	-9.302411560195224249e-02	8.099001388878067365e-02	-1.065277428755431882e-01	7.542649275632731798e-02	-5.340621722183023362e-02	7.359011622132315134e-02	-5.194241001177478390e-02	4.595760311951518906e-02	-6.642236710087669194e-02	3.830140423913463987e-02	-4.242584401491605872e-02	4.570851748347072585e-02	-3.967397224320692861e-02
2.255079321034000051e-01	-1.926236412979009938e-01	1.438666237088771227e-01	-1.119754526177023091e-01	5.705996597884113730e-02	-4.526569214486666493e-01	1.875654740760097083e-01	-1.346413400062616006e-01	1.131733078413476451e-01	-5.931823869336766419e-02	1.000000000000000222e+00	-5.675279258442880170e-01	1.290836174064746156e-01	-1.083840294874818533e-01	1.187387508441012374e-01	-5.047015243186343536e-01	1.859739026120371952e-01	-1.190071940081141866e-01	1.012401235138998684e-01	-1.116864067099615082e-01	2.918156006253179169e-01	-1.979314964473622429e-01	1.399529408780924855e-01	-9.449931003148902275e-02	1.301013309352355429e-01	-1.442819912194282517e-01	1.026606840888916738e-01	-1.206987560227386486e-01	6.785222098656891465e-02	-5.938076028347093888e-02	1.137083542149290583e-01	-6.511997510961856084e-02	7.114466935021916683e-02	-6.109615443001831930e-02	5.257940514927354064e-02
-2.322192041753977088e-01	1.893969471614609379e-01	-1.901201598443267304e-01	1.437570279677986840e-01	-7.769371780996824073e-02	2.455511786668331253e-01	-2.303290599185254250e-01	1.659011057171538850e-01	-1.555930809897098366e-01	7.911156217959831871e-02	-5.675279258442880170e-01	9.999999999999983347e-01	-1.960461456741129371e-01	1.491340200394671300e-01	-1.729217497599309650e-01	2.800045872462104124e-01	-3.972915324743681587e-01	1.703303770009678697e-01	-1.472966026842971177e-01	1.549796245672492856e-01	-3.914741118898972250e-01	2.638493967248799477e-01	-2.135048220530803842e-01	1.346729154727426270e-01	-1.962044472824421570e-01	1.861906610215680047e-01	-1.460895599325193195e-01	1.650446524711567942e-01	-9.804353172031125829e-02	8.533333259649508729e-02	-1.684024788552936358e-01	9.272592310554748918e-02	-1.033779165917249054e-01	8.716272916723355468e-02	-7.653315137747015995e-02
1.252489929208787101e-01	-1.752434556163074419e-01	2.197224678354687266e-01	-2.138284135261518670e-01	1.001273826032834796e-01	-1.458619248382797828e-01	2.092178833137657290e-01	-3.541437151872466882e-01	2.297841546392966339e-01	-1.088864202957343374e-01	1.290836174064746156e-01	-1.960461456741129371e-01	9.999999999999987788e-01	-3.681472230171188853e-01	2.318238327784124531e-01	-1.121214206592603818e-01	1.347334434394199809e-01	-6.740542917987076832e-01	2.318288728711597746e-01	-2.290665351709381126e-01	1.308549802804356843e-01	-1.489769451442100878e-01	2.636357668235735363e-01	-2.001645120935749422e-01	2.018543483662726679e-01	-1.857842510158599358e-01	1.323441632913427146e-01	-2.016613097641567487e-01	1.172597970564588504e-01	-1.010444772433789495e-01	1.416148391313893640e-01	-8.924892691376212772e-02	9.692744067139205666e-02	-1.043816926634407866e-01	8.559489638596362582e-02
-1.117562352493792210e-01	1.524741985360648644e-01	-2.271605432588473250e-01	2.584027359056160211e-01	-1.378086225254147035e-01	1.245699900990785147e-01	-1.828314368027373071e-01	2.202763746890745999e-01	-5.417460214724980627e-01	1.448776537974471867e-01	-1.083840294874818533e-01	1.491340200394671300e-01	-3.681472230171188853e-01	1.000000000000001776e+00	-5.274252859525292436e-01	9.368898327522277858e-02	-9.935220035722033827e-02	2.362128799482867136e-01	-3.200398150149439402e-01	2.695685674265924647e-01	-1.114912938299909284e-01	1.109984023219453136e-01	-2.104202246703681667e-01	2.029797038836144707e-01	-2.265113086368312212e-01	1.512235917430910792e-01	-1.094233344546205466e-01	1.546341275974779939e-01	-1.182330364996561495e-01	1.005719860748564704e-01	-1.296155569853587042e-01	7.848189881090485154e-02	-8.708948404482783068e-02	1.010628521666848412e-01	-8.620906083618919136e-02
1.160481609587643986e-01	-1.608693864053576950e-01	1.977888827671640815e-01	-2.567887064679513220e-01	1.567710096925380991e-01	-1.353587270314905722e-01	1.672390196928312256e-01	-1.953289007406984745e-01	2.591055815531760342e-01	-1.987837416195728235e-01	1.187387508441012374e-01	-1.729217497599309650e-01	2.318238327784124531e-01	-5.274252859525292436e-01	1.000000000000002442e+00	-1.072119988601449997e-01	1.094451138522666012e-01	-2.271452117016859729e-01	2.575321237225121629e-01	-5.899908002170703991e-01	1.251163710479712698e-01	-1.270458506524027587e-01	2.099668426007440525e-01	-2.228905172434546000e-01	2.623508987861407626e-01	-1.890901195706651827e-01	1.289329018129890536e-01	-1.838186750443992767e-01	1.319330515332853559e-01	-1.191216685448896750e-01	1.558388016853469171e-01	-9.358193832123788691e-02	1.023344596950562096e-01	-1.184286381845645053e-01	9.953160516659927126e-02
-1.633333244784261895e-01	1.335744005818060021e-01	-1.194168915141413795e-01	9.275860340294631023e-02	-4.920011690835384560e-02	1.960954742227076220e-01	-1.461532998193862953e-01	1.062018140138952793e-01	-9.672977867257231965e-02	5.073162000270010213e-02	-5.047015243186343536e-01	2.800045872462104124e-01	-1.121214206592603818e-01	9.368898327522277858e-02	-1.072119988601449997e-01	9.999999999999987788e-01	-1.847186951430203061e-01	1.044917769545703479e-01	-9.215885475527164916e-02	1.002518261670241467e-01	-7.459647063655655552e-01	1.769956323876252235e-01	-1.330843304980584563e-01	8.654934708721866155e-02	-1.238580749105226281e-01	1.481405443775128949e-01	-1.040889764500818743e-01	1.147752263440738885e-01	-6.407189356810442937e-02	5.583911038535585569e-02	-1.137105099269029168e-01	6.428824141586983454e-02	-7.077159493889788322e-02	5.765192655969608032e-02	-4.997228245376345024e-02
1.034773385354247621e-01	-1.007808394856296585e-01	1.045766091603712450e-01	-8.777396494467022692e-02	4.704952269010019561e-02	-1.189956221316917084e-01	1.148506020899609376e-01	-9.802089042363459903e-02	9.321380796289444048e-02	-4.897807434232057805e-02	1.859739026120371952e-01	-3.972915324743681587e-01	1.347334434394199809e-01	-9.935220035722033827e-02	1.094451138522666012e-01	-1.847186951430203061e-01	9.999999999999967804e-01	-1.633123266924351447e-01	1.055913696277331754e-01	-1.067801769000460421e-01	2.040355047916986853e-01	-8.272602864250128141e-01	1.736746005177065566e-01	-1.001090418359988216e-01	1.281501587668341657e-01	-1.648851796060868957e-01	1.440641607176665340e-01	-1.500606309169934260e-01	7.239114902775929672e-02	-6.179522619908939945e-02	1.154203287431057046e-01	-7.783957448325620754e-02	8.158271649539342030e-02	-6.524136633604300795e-02	5.494657105370952255e-02
-1.095882028218661819e-01	1.412572522775113470e-01	-1.903049601370948307e-01	1.668388399771103814e-01	-8.748844833721686198e-02	1.223111915697305263e-01	-1.816914497191030597e-01	2.077477261046917212e-01	-1.941474832803271322e-01	9.172516954339751671e-02	-1.190071940081141866e-01	1.703303770009678697e-01	-6.740542917987076832e-01	2.362128799482867136e-01	-2.271452117016859729e-01	1.044917769545703479e-01	-1.633123266924351447e-01	1.000000000000004441e+00	-3.266479669859264634e-01	2.124276164028191805e-01	-1.278628102730619831e-01	1.573889371721992059e-01	-4.639520218264307494e-01	2.190954914749195515e-01	-2.185345831611118506e-01	1.795980930127760722e-01	-1.407376752787504182e-01	2.097662438024051612e-01	-1.283159924817474651e-01	1.056569198368119550e-01	-1.439446688301384003e-01	9.206688030219722929e-02	-1.017917607573381594e-01	1.092655479455953149e-01	-9.106070935510164610e-02
9.386801229678323755e-02	-1.238337952601716724e-01	1.534788391120213424e-01	-1.679334060075689805e-01	8.861563608842301654e-02	-1.076884319646833621e-01	1.372350177982580854e-01	-1.553318129859467822e-01	1.875124914995353609e-01	-9.651144204210103383e-02	1.012401235138998684e-01	-1.472966026842971177e-01	2.318288728711597746e-01	-3.200398150149439402e-01	2.575321237225121629e-01	-9.215885475527164916e-02	1.055913696277331754e-01	-3.266479669859264634e-01	1.000000000000000222e+00	-4.193963527973643135e-01	1.112849614597583997e-01	-1.207162525422118549e-01	2.479218132653513984e-01	-6.543652230540729642e-01	2.871215958333307450e-01	-1.794787005538165670e-01	1.311616144062806300e-01	-1.941770025029939950e-01	2.037776171378114509e-01	-1.648416833520539582e-01	1.483783509425009306e-01	-1.014100337167715138e-01	1.116475449321973068e-01	-1.763215602801205817e-01	1.313145485231913268e-01
-1.056612072980822881e-01	1.352931098847949820e-01	-1.789276690604986730e-01	1.817343651278270911e-01	-1.198882588583916886e-01	1.175896048377575859e-01	-1.553987753704685060e-01	1.630050440890339070e-01	-2.134239973658062506e-01	1.248374075959099994e-01	-1.116864067099615082e-01	1.549796245672492856e-01	-2.290665351709381126e-01	2.695685674265924647e-01	-5.899908002170703991e-01	1.002518261670241467e-01	-1.067801769000460421e-01	2.124276164028191805e-01	-4.193963527973643135e-01	9.999999999999984457e-01	-1.242571208524041321e-01	1.206460829290444958e-01	-2.408195651155537464e-01	2.664017799126170982e-01	-4.911413313489285670e-01	1.823470127807859109e-01	-1.332733546631505728e-01	1.839982300938121096e-01	-1.712478949902922487e-01	1.540708556598606449e-01	-1.705565828581313559e-01	1.015279180268808951e-01	-1.143616109626096750e-01	1.427160365998859926e-01	-1.335404161275462742e-01
1.479064222425846564e-01	-1.478097918196746574e-01	1.281725055064509844e-01	-1.080051215121822644e-01	5.688863239261155585e-02	-1.993106780982019099e-01	1.472520037879152810e-01	-1.188743165381844075e-01	1.092317830010088586e-01	-5.975423613553877689e-02	2.918156006253179169e-01	-3.914741118898972250e-01	1.308549802804356843e-01	-1.114912938299909284e-01	1.251163710479712698e-01	-7.459647063655655552e-01	2.040355047916986853e-01	-1.278628102730619831e-01	1.112849614597583997e-01	-1.242571208524041321e-01	9.999999999999994449e-01	-2.601881809972821924e-01	1.635411585340602048e-01	-1.076104285996428850e-01	1.487709687541874659e-01	-2.319588541458384168e-01	1.415854670574736296e-01	-1.575620295268762572e-01	8.072123337779366081e-02	-7.041385428451595041e-02	1.453338681562451051e-01	-8.558690543205381418e-02	9.221597958848015697e-02	-7.358814950982645042e-02	6.266188063994770907e-02
-1.165801361187363827e-01	1.111689260276690211e-01	-1.200622327930002536e-01	9.862988013460669001e-02	-5.385530017640467737e-02	1.261593990663583686e-01	-1.308873406573390352e-01	1.089439742732281335e-01	-1.065805394111043192e-01	5.556882922971295019e-02	-1.979314964473622429e-01	2.638493967248799477e-01	-1.489769451442100878e-01	1.109984023219453136e-01	-1.270458506524027587e-01	1.769956323876252235e-01	-8.272602864250128141e-01	1.573889371721992059e-01	-1.207162525422118549e-01	1.206460829290444958e-01	-2.601881809972821924e-01	1.000000000000000222e+00	-2.259109927389127692e-01	1.139509223429763241e-01	-1.524891412048469674e-01	1.822160772093414649e-01	-1.970388048928024549e-01	1.707365571507338808e-01	-8.471741639789454048e-02	7.168408595119739324e-02	-1.390978990915895941e-01	9.282242158670449272e-02	-9.963281622504881196e-02	7.566538006411725747e-02	-6.456910874615739981e-02
1.166841990315651140e-01	-1.463831982780406937e-01	1.672069287804927029e-01	-1.649932354815952795e-01	8.631462812197857049e-02	-1.353137566808334524e-01	1.601287763442393319e-01	-1.738339867284010853e-01	1.692634273057963823e-01	-9.302411560195224249e-02	1.399529408780924855e-01	-2.135048220530803842e-01	2.636357668235735363e-01	-2.104202246703681667e-01	2.099668426007440525e-01	-1.330843304980584563e-01	1.736746005177065566e-01	-4.639520218264307494e-01	2.479218132653513984e-01	-2.408195651155537464e-01	1.635411585340602048e-01	-2.259109927389127692e-01	1.000000000000000444e+00	-3.120726265775686792e-01	2.576135295677918768e-01	-3.283595626066544981e-01	2.479756404614309462e-01	-5.273764712429063195e-01	1.774797384115094911e-01	-1.468512479587169850e-01	2.108487141873245929e-01	-1.505208791292818038e-01	1.592845770192750088e-01	-1.581632129970815814e-01	1.240878600644873819e-01
-8.537191308486825891e-02	1.084045161760899545e-01	-1.362340535577797052e-01	1.364068183042022875e-01	-7.643975316122599006e-02	9.631506981431181558e-02	-1.238105339842656138e-01	1.307109831326835614e-01	-1.581222716096403746e-01	8.099001388878067365e-02	-9.449931003148902275e-02	1.346729154727426270e-01	-2.001645120935749422e-01	2.029797038836144707e-01	-2.228905172434546000e-01	8.654934708721866155e-02	-1.001090418359988216e-01	2.190954914749195515e-01	-6.543652230540729642e-01	2.664017799126170982e-01	-1.076104285996428850e-01	1.139509223429763241e-01	-3.120726265775686792e-01	1.000000000000001554e+00	-4.186829099932346532e-01	1.778138984424380842e-01	-1.384890907449712050e-01	2.002629795534603130e-01	-3.709838651946953947e-01	1.989937787805222957e-01	-1.568694113655052236e-01	1.102705549794010254e-01	-1.267857086856254423e-01	2.113704190686181428e-01	-1.718519669243383230e-01
1.139808126126466009e-01	-1.465833701626337859e-01	1.654328614896046212e-01	-1.767836171357692887e-01	9.664165769395642591e-02	-1.333063408414786322e-01	1.534244818243517550e-01	-1.590077269502691015e-01	1.768271234686350502e-01	-1.065277428755431882e-01	1.301013309352355429e-01	-1.962044472824421570e-01	2.018543483662726679e-01	-2.265113086368312212e-01	2.623508987861407626e-01	-1.238580749105226281e-01	1.281501587668341657e-01	-2.185345831611118506e-01	2.871215958333307450e-01	-4.911413313489285670e-01	1.487709687541874659e-01	-1.524891412048469674e-01	2.576135295677918768e-01	-4.186829099932346532e-01	1.000000000000000222e+00	-2.797096890011829262e-01	1.840119612599755983e-01	-2.651095596060617510e-01	2.402833007055024950e-01	-3.215454813960620939e-01	2.287924515915902846e-01	-1.463178451151121995e-01	1.576476886742239070e-01	-2.332029108060189593e-01	2.052015961228549346e-01
-1.094213835819583813e-01	1.217938709566927652e-01	-1.452095449937378102e-01	1.272155321802386774e-01	-7.321520878838691515e-02	1.203564394751038547e-01	-1.418886933513540671e-01	1.309077858808914419e-01	-1.392636973880864715e-01	7.542649275632731798e-02	-1.442819912194282517e-01	1.861906610215680047e-01	-1.857842510158599358e-01	1.512235917430910792e-01	-1.890901195706651827e-01	1.481405443775128949e-01	-1.648851796060868957e-01	1.795980930127760722e-01	-1.794787005538165670e-01	1.823470127807859109e-01	-2.319588541458384168e-01	1.822160772093414649e-01	-3.283595626066544981e-01	1.778138984424380842e-01	-2.797096890011829262e-01	1.000000000000001776e+00	-6.286264208704195333e-01	3.131136971579603911e-01	-1.588125208668740573e-01	1.304770673856275320e-01	-3.651183919174166848e-01	2.269947794595455759e-01	-2.599852323515536301e-01	1.432974829144813833e-01	-1.250139371975109714e-01
7.700321058770441540e-02	-8.737641312156513296e-02	1.008187589771758069e-01	-9.133116640583878454e-02	5.106673762874655575e-02	-8.661825072324344510e-02	9.911281780051216239e-02	-9.380336306462441764e-02	9.764419104206999156e-02	-5.340621722183023362e-02	1.026606840888916738e-01	-1.460895599325193195e-01	1.323441632913427146e-01	-1.094233344546205466e-01	1.289329018129890536e-01	-1.040889764500818743e-01	1.440641607176665340e-01	-1.407376752787504182e-01	1.311616144062806300e-01	-1.332733546631505728e-01	1.415854670574736296e-01	-1.970388048928024549e-01	2.479756404614309462e-01	-1.384890907449712050e-01	1.840119612599755983e-01	-6.286264208704195333e-01	1.000000000000001998e+00	-5.688327496741072409e-01	1.339384171421709735e-01	-1.061989901654695062e-01	2.205257218335704428e-01	-3.200617988812334835e-01	2.351279348967449112e-01	-1.260839480479484520e-01	9.858893959318638933e-02
-9.774819990578320628e-02	1.143519105822353582e-01	-1.389721862422969023e-01	1.253279839475562596e-01	-7.076897049492056335e-02	1.082650105590405726e-01	-1.333522178307071371e-01	1.299463242750658609e-01	-1.370695406456045318e-01	7.359011622132315134e-02	-1.206987560227386486e-01	1.650446524711567942e-01	-2.016613097641567487e-01	1.546341275974779939e-01	-1.838186750443992767e-01	1.147752263440738885e-01	-1.500606309169934260e-01	2.097662438024051612e-01	-1.941770025029939950e-01	1.839982300938121096e-01	-1.575620295268762572e-01	1.707365571507338808e-01	-5.273764712429063195e-01	2.002629795534603130e-01	-2.651095596060617510e-01	3.131136971579603911e-01	-5.688327496741072409e-01	1.000000000000002220e+00	-2.107513384727183470e-01	1.448281314060375635e-01	-2.616449825545604790e-01	2.075414109598828216e-01	-2.451661272759813048e-01	1.627990131939686669e-01	-1.347205789538742371e-01
5.869608145247107861e-02	-7.321642138550552015e-02	8.741920439704722878e-02	-8.760001952658430513e-02	4.855094073714821823e-02	-6.682658221493321948e-02	8.119263755758023005e-02	-8.339907835430401817e-02	9.413577937392303419e-02	-5.194241001177478390e-02	6.785222098656891465e-02	-9.804353172031125829e-02	1.172597970564588504e-01	-1.182330364996561495e-01	1.319330515332853559e-01	-6.407189356810442937e-02	7.239114902775929672e-02	-1.283159924817474651e-01	2.037776171378114509e-01	-1.712478949902922487e-01	8.072123337779366081e-02	-8.471741639789454048e-02	1.774797384115094911e-01	-3.709838651946953947e-01	2.402833007055024950e-01	-1.588125208668740573e-01	1.339384171421709735e-01	-2.107513384727183470e-01	1.000000000000001554e+00	-4.640948848066381860e-01	1.378914331742936983e-01	-1.429368751455040443e-01	1.593121756924293086e-01	-6.637916313047310668e-01	3.020193611806904488e-01
-5.167839838110072775e-02	6.429917570083569511e-02	-7.709293525328558827e-02	7.653932038297188434e-02	-4.311864730048553529e-02	5.865549315183853085e-02	-7.150647106067846426e-02	7.257029115916185935e-02	-8.249946429207993814e-02	4.595760311951518906e-02	-5.938076028347093888e-02	8.533333259649508729e-02	-1.010444772433789495e-01	1.005719860748564704e-01	-1.191216685448896750e-01	5.583911038535585569e-02	-6.179522619908939945e-02	1.056569198368119550e-01	-1.648416833520539582e-01	1.540708556598606449e-01	-7.041385428451595041e-02	7.168408595119739324e-02	-1.468512479587169850e-01	1.989937787805222957e-01	-3.215454813960620939e-01	1.304770673856275320e-01	-1.061989901654695062e-01	1.448281314060375635e-01	-4.640948848066381860e-01	1.000000000000001776e+00	-1.221134766057035553e-01	1.047603767778161332e-01	-1.251434303209422449e-01	3.130952661619806343e-01	-7.326009818543075536e-01
9.082258271068290034e-02	-1.069087774451522310e-01	1.195795733564337521e-01	-1.117575203995700706e-01	6.287496669049122411e-02	-1.040389606516739229e-01	1.165096336088102813e-01	-1.099012195499775718e-01	1.160614064325206363e-01	-6.642236710087669194e-02	1.137083542149290583e-01	-1.684024788552936358e-01	1.416148391313893640e-01	-1.296155569853587042e-01	1.558388016853469171e-01	-1.137105099269029168e-01	1.154203287431057046e-01	-1.439446688301384003e-01	1.483783509425009306e-01	-1.705565828581313559e-01	1.453338681562451051e-01	-1.390978990915895941e-01	2.108487141873245929e-01	-1.568694113655052236e-01	2.287924515915902846e-01	-3.651183919174166848e-01	2.205257218335704428e-01	-2.616449825545604790e-01	1.378914331742936983e-01	-1.221134766057035553e-01	1.000000000000001332e+00	-3.044358793395062213e-01	2.310953783711426068e-01	-1.387763777778237007e-01	1.111964435204405022e-01
-5.146608436279767607e-02	6.007329287224418002e-02	-6.977736870157003057e-02	6.471407624439051709e-02	-3.645674741110081774e-02	5.804573306882142292e-02	-6.745990616229471937e-02	6.460954332200416483e-02	-6.906979780334439323e-02	3.830140423913463987e-02	-6.511997510961856084e-02	9.272592310554748918e-02	-8.924892691376212772e-02	7.848189881090485154e-02	-9.358193832123788691e-02	6.428824141586983454e-02	-7.783957448325620754e-02	9.206688030219722929e-02	-1.014100337167715138e-01	1.015279180268808951e-01	-8.558690543205381418e-02	9.282242158670449272e-02	-1.505208791292818038e-01	1.102705549794010254e-01	-1.463178451151121995e-01	2.269947794595455759e-01	-3.200617988812334835e-01	2.075414109598828216e-01	-1.429368751455040443e-01	1.047603767778161332e-01	-3.044358793395062213e-01	1.000000000000001776e+00	-8.323428204405282083e-01	1.565487277387752063e-01	-1.165557047939615315e-01
5.646415642866525059e-02	-6.651996448307220811e-02	7.639439911392248428e-02	-7.180978456200307058e-02	4.016642468574655594e-02	-6.419160205541681041e-02	7.382297437031634657e-02	-7.119661368989237127e-02	7.585735887796983545e-02	-4.242584401491605872e-02	7.114466935021916683e-02	-1.033779165917249054e-01	9.692744067139205666e-02	-8.708948404482783068e-02	1.023344596950562096e-01	-7.077159493889788322e-02	8.158271649539342030e-02	-1.017917607573381594e-01	1.116475449321973068e-01	-1.143616109626096750e-01	9.221597958848015697e-02	-9.963281622504881196e-02	1.592845770192750088e-01	-1.267857086856254423e-01	1.576476886742239070e-01	-2.599852323515536301e-01	2.351279348967449112e-01	-2.451661272759813048e-01	1.593121756924293086e-01	-1.251434303209422449e-01	2.310953783711426068e-01	-8.323428204405282083e-01	1.000000000000001332e+00	-2.273898408114803094e-01	1.306251101360007827e-01
-5.260673904889458241e-02	6.480315858990989830e-02	-7.824612625696984736e-02	7.647766509128950396e-02	-4.313903244912929702e-02	5.942604208658128218e-02	-7.283474960965677369e-02	7.353558018926321938e-02	-8.353138132136599114e-02	4.570851748347072585e-02	-6.109615443001831930e-02	8.716272916723355468e-02	-1.043816926634407866e-01	1.010628521666848412e-01	-1.184286381845645053e-01	5.765192655969608032e-02	-6.524136633604300795e-02	1.092655479455953149e-01	-1.763215602801205817e-01	1.427160365998859926e-01	-7.358814950982645042e-02	7.566538006411725747e-02	-1.581632129970815814e-01	2.113704190686181428e-01	-2.332029108060189593e-01	1.432974829144813833e-01	-1.260839480479484520e-01	1.627990131939686669e-01	-6.637916313047310668e-01	3.130952661619806343e-01	-1.387763777778237007e-01	1.565487277387752063e-01	-2.273898408114803094e-01	1.000000000000001776e+00	-5.479901692748654352e-01
4.524112073539519885e-02	-5.632768289781298066e-02	6.624959913869810091e-02	-6.642921415441088717e-02	3.697668601395415894e-02	-5.171505779598276065e-02	6.180425963304268799e-02	-6.273588797522991478e-02	7.021525664692282453e-02	-3.967397224320692861e-02	5.257940514927354064e-02	-7.653315137747015995e-02	8.559489638596362582e-02	-8.620906083618919136e-02	9.953160516659927126e-02	-4.997228245376345024e-02	5.494657105370952255e-02	-9.106070935510164610e-02	1.313145485231913268e-01	-1.335404161275462742e-01	6.266188063994770907e-02	-6.456910874615739981e-02	1.240878600644873819e-01	-1.718519669243383230e-01	2.052015961228549346e-01	-1.250139371975109714e-01	9.858893959318638933e-02	-1.347205789538742371e-01	3.020193611806904488e-01	-7.326009818543075536e-01	1.111964435204405022e-01	-1.165557047939615315e-01	1.306251101360007827e-01	-5.479901692748654352e-01	1.000000000000001776e+00
