1.000000000000000000e+00	-8.355563421822566061e-01	1.700522625202688654e-01	-1.111301584376302026e-01	1.004233374821068003e-01	-1.733704159705316550e-01	2.797111442904628431e-01	-1.669971148879924594e-01	1.160222287627380305e-01	-1.257623679650372028e-01	1.465243314990666845e-01	-2.917280177654454909e-01	1.624552344374632362e-01	-1.360250717683179622e-01	9.860419551622295886e-02	-1.114564665570762086e-01	9.922880774614252497e-02	-1.523230406172018658e-01	1.101074654839559464e-01	-1.004108274130852269e-01	1.044026629620044833e-01	-9.424797383574044785e-02	1.084580558270226841e-01	-8.204270089255469300e-02	8.400973498794334082e-02	-6.771833278541469769e-02	6.702376944300129924e-02	-7.506601856297992481e-02	5.145358491815692215e-02	-4.962503857061720952e-02	7.866740904499049114e-02	-7.844467212616151874e-02	7.401235898166093341e-02	-3.918755607521356293e-02	3.215253734010727060e-02
-8.355563421822566061e-01	1.000000000000000222e+00	-1.885499351932320988e-01	9.559056567095811086e-02	-8.599269701939360466e-02	1.423518598291202697e-01	-4.149878241544953661e-01	1.542553142979677661e-01	-1.025673385872655219e-01	9.905935513365730916e-02	-1.377940831345385864e-01	2.257816336181041328e-01	-1.386003136144462189e-01	1.097160780248536416e-01	-7.937617050952484876e-02	8.423076140762687791e-02	-7.823973991955444907e-02	1.169782572291224038e-01	-8.830189869744098363e-02	7.865993182467265199e-02	-7.962765396261864415e-02	7.112557305088648696e-02	-8.475455347386973148e-02	6.399411595724473212e-02	-6.636981948477176096e-02	5.117478465450451403e-02	-5.096037501755733973e-02	5.721065157548587549e-02	-3.946299374750475430e-02	3.771182010240270444e-02	-5.988170610641297548e-02	5.906530509448875560e-02	-5.689945966264298161e-02	2.978781598680975418e-02	-2.451889260482061419e-02
1.700522625202688654e-01	-1.885499351932320988e-01	9.999999999999997780e-01	-3.851732912362049177e-01	2.321895051614823458e-01	-1.024229248100089751e-01	2.123350545928395505e-01	-7.156552000557810933e-01	2.920894556864041536e-01	-2.536652956084730626e-01	1.048017469266565999e-01	-2.149870073287389605e-01	2.071567928718419660e-01	-2.791992237510554919e-01	1.732876041396138322e-01	-1.080879220558547682e-01	1.004210787299753549e-01	-1.895894779083100168e-01	1.773962407114320350e-01	-1.665179671085618984e-01	1.202860396318380515e-01	-1.101528247808635508e-01	1.351358052148655953e-01	-1.203971029307467216e-01	1.240667193941761282e-01	-7.873970997350231149e-02	7.878214518522959342e-02	-9.164062734453425063e-02	6.684326397546457021e-02	-6.408186592803256920e-02	9.219756652883925874e-02	-9.236655807696576848e-02	8.974316788326595906e-02	-5.013383657373324254e-02	4.111227755062935030e-02
-1.111301584376302026e-01	9.559056567095811086e-02	-3.851732912362049177e-01	9.999999999999996669e-01	-6.622743249644555963e-01	6.590211288471355122e-02	-1.370016852570115351e-01	2.535844437723252520e-01	-4.751744632995982265e-01	2.656591028409143740e-01	-7.349689053338522016e-02	1.321228111227571167e-01	-1.559742381296216895e-01	2.542558478528827437e-01	-2.004313736235670829e-01	7.630451926047399080e-02	-7.386118093150448316e-02	1.395605100012136668e-01	-1.762181145085688350e-01	1.541241524710933175e-01	-9.409017829918762954e-02	8.359253892231542638e-02	-1.095821858945251193e-01	1.062022220281277768e-01	-1.170344813075858276e-01	6.052628767349195471e-02	-6.098657183362114070e-02	7.172967528297617690e-02	-5.530052982653035215e-02	5.190631693433180732e-02	-7.218875292120648102e-02	7.061334293711668542e-02	-7.159333911232940162e-02	4.050406056564029300e-02	-3.350913874629717765e-02
1.004233374821068003e-01	-8.599269701939360466e-02	2.321895051614823458e-01	-6.622743249644555963e-01	9.999999999999995559e-01	-6.406284759084322766e-02	1.255253994083558033e-01	-2.125828807324377789e-01	2.608555520133045702e-01	-5.388558284571449697e-01	7.132259907253112041e-02	-1.311668206601639963e-01	1.501901899330126411e-01	-2.783343411771755371e-01	2.301295845816372920e-01	-8.131893196858114292e-02	7.744744685814586305e-02	-1.468564490812418188e-01	1.785995067496022604e-01	-1.903216473116430274e-01	1.023606904936566753e-01	-9.158749459274545535e-02	1.166406669766322096e-01	-1.186684042780895149e-01	1.262835199179530299e-01	-6.631757154449342828e-02	6.647539105644903468e-02	-7.823546932730715553e-02	6.099994052051267018e-02	-5.812362202547109030e-02	7.867764081312433877e-02	-7.766816846247584505e-02	7.747801220609036588e-02	-4.520363001033025907e-02	3.717552179633675652e-02
-1.733704159705316550e-01	1.423518598291202697e-01	-1.024229248100089751e-01	6.590211288471355122e-02	-6.406284759084322766e-02	1.000000000000000222e+00	-3.038148250587314747e-01	1.014057068197200956e-01	-7.513476999654497557e-02	7.603858132197095776e-02	-8.965046627376994648e-01	1.952126892653307799e-01	-1.201167259387702496e-01	8.471389490349431894e-02	-6.441996778865777262e-02	1.125353259359689051e-01	-1.041372241903814472e-01	1.031277355404658230e-01	-7.376080882410168682e-02	6.447435705966131358e-02	-7.702632912567639045e-02	6.762268726469115865e-02	-7.730797063429650784e-02	5.484126571209658324e-02	-5.712029608606707110e-02	4.841414085141548806e-02	-4.842948836576742994e-02	5.198821114911755109e-02	-3.506606922964847911e-02	3.334168764414372627e-02	-5.622487059047859281e-02	5.469094906046816085e-02	-5.242936222921840139e-02	2.645720961327049925e-02	-2.183509544111862308e-02
2.797111442904628431e-01	-4.149878241544953661e-01	2.123350545928395505e-01	-1.370016852570115351e-01	1.255253994083558033e-01	-3.038148250587314747e-01	9.999999999999998890e-01	-2.737246464485456610e-01	1.570809613665613558e-01	-1.508491492721724947e-01	2.254325568706647687e-01	-6.300841106626572374e-01	2.456977750707928509e-01	-1.760631654083189279e-01	1.240427536997258384e-01	-1.511279748211824259e-01	1.381328761161229046e-01	-2.101141984567439780e-01	1.436221386304862291e-01	-1.262411029880809721e-01	1.292855003735720321e-01	-1.194647934013542551e-01	1.405978744258058466e-01	-1.043312589792617651e-01	1.067967387420862418e-01	-8.438313523755548717e-02	8.443469907696229959e-02	-9.534392445526698734e-02	6.447850894123541288e-02	-6.179971061830080714e-02	9.766025613985447607e-02	-9.800854088958689536e-02	9.342941075300295606e-02	-4.878482342847448999e-02	4.002681688871992383e-02
-1.669971148879924594e-01	1.542553142979677661e-01	-7.156552000557810933e-01	2.535844437723252520e-01	-2.125828807324377789e-01	1.014057068197200956e-01	-2.737246464485456610e-01	1.000000000000000000e+00	-4.515250158438842698e-01	1.924311958154843183e-01	-1.077001200616972409e-01	2.065760300857596987e-01	-2.515305828385509535e-01	2.493318643590114736e-01	-1.584530225029456563e-01	9.658060290455680597e-02	-9.301208610838279656e-02	1.771668589743520261e-01	-1.724932913621212982e-01	1.432637331498987643e-01	-1.063792936052636445e-01	9.683597791001767596e-02	-1.252201153107210252e-01	1.077232638427071815e-01	-1.143174007734933662e-01	6.906528228450684037e-02	-6.977592936905897825e-02	8.161526391553949877e-02	-5.935237855187650013e-02	5.597262212137237014e-02	-8.149325851042625579e-02	8.075958870330970929e-02	-8.062093865760715239e-02	4.386669492268038123e-02	-3.616911530067509067e-02
1.160222287627380305e-01	-1.025673385872655219e-01	2.920894556864041536e-01	-4.751744632995982265e-01	2.608555520133045702e-01	-7.513476999654497557e-02	1.570809613665613558e-01	-4.515250158438842698e-01	1.000000000000000444e+00	-2.631504286147596239e-01	8.176245864467425462e-02	-1.589154232227492913e-01	1.857928408014953015e-01	-5.859264999021253084e-01	1.953069029982541505e-01	-8.888935467383048128e-02	8.526495173038815822e-02	-1.728693860439307617e-01	2.179747996787621822e-01	-1.856745885828376963e-01	1.049950515667437273e-01	-9.655267787658598777e-02	1.259350004333903150e-01	-1.282874610543475180e-01	1.315759242469536905e-01	-6.871475482829297876e-02	6.955112796871576464e-02	-8.286473785672854309e-02	6.358638440382312351e-02	-6.013057003607893275e-02	8.108695951699577964e-02	-8.091064214355496442e-02	8.119325317755013427e-02	-4.673269970628339542e-02	3.837810427976482558e-02
-1.257623679650372028e-01	9.905935513365730916e-02	-2.536652956084730626e-01	2.656591028409143740e-01	-5.388558284571449697e-01	7.603858132197095776e-02	-1.508491492721724947e-01	1.924311958154843183e-01	-2.631504286147596239e-01	1.000000000000000000e+00	-8.885544435899500604e-02	1.474212171544456162e-01	-1.875920343878597907e-01	2.484738294757339039e-01	-5.762901846625831936e-01	9.575472113822963705e-02	-9.479169386004369924e-02	1.760714478860369581e-01	-2.537655619970013432e-01	2.603258488268935245e-01	-1.304246181766958446e-01	1.117639389412219131e-01	-1.517268459261920110e-01	1.560791272132936724e-01	-1.889641111425845732e-01	8.231345068537147813e-02	-8.297270790957295139e-02	9.787868247202403948e-02	-7.883717389411346033e-02	7.295710092306834094e-02	-9.982271619206171953e-02	9.529763924291728694e-02	-9.942229406157315763e-02	5.686126336105867124e-02	-4.744943676600584664e-02
1.465243314990666845e-01	-1.377940831345385864e-01	1.048017469266565999e-01	-7.349689053338522016e-02	7.132259907253112041e-02	-8.965046627376994648e-01	2.254325568706647687e-01	-1.077001200616972409e-01	8.176245864467425462e-02	-8.885544435899500604e-02	9.999999999999996669e-01	-2.377482341630739460e-01	1.325927628796071678e-01	-9.784822130181930477e-02	7.394269627422496438e-02	-1.485744614919391471e-01	1.187701391263620981e-01	-1.232000870520433694e-01	8.503331089467373871e-02	-7.555430025761201984e-02	9.062666919642417551e-02	-8.102315679864589837e-02	9.007801801311006440e-02	-6.429150937016332723e-02	6.620211635830908214e-02	-5.770666374605151749e-02	5.742346008473619284e-02	-6.176817442097062155e-02	4.145060147246043547e-02	-3.971696365974793086e-02	6.642892125945200343e-02	-6.550393860806133506e-02	6.165613419828008812e-02	-3.149106323116735578e-02	2.590401834091255948e-02
-2.917280177654454909e-01	2.257816336181041328e-01	-2.149870073287389605e-01	1.321228111227571167e-01	-1.311668206601639963e-01	1.952126892653307799e-01	-6.300841106626572374e-01	2.065760300857596987e-01	-1.589154232227492913e-01	1.474212171544456162e-01	-2.377482341630739460e-01	9.999999999999988898e-01	-4.857503698425527094e-01	1.752848302423073712e-01	-1.340123488379616201e-01	1.655443122339604334e-01	-1.879377831797836573e-01	2.418509369589613156e-01	-1.638636123945220180e-01	1.327348414889628903e-01	-1.439885458411791497e-01	1.300176373060098756e-01	-1.691774269112327200e-01	1.144843469454693563e-01	-1.204093195295240920e-01	9.169582255419113370e-02	-9.362516304725165828e-02	1.055481456951133795e-01	-7.064254545057681300e-02	6.603401328009539384e-02	-1.081027091418590158e-01	1.053142549460351352e-01	-1.062107242311439020e-01	5.233973632834940798e-02	-4.331251444682519824e-02
1.624552344374632362e-01	-1.386003136144462189e-01	2.071567928718419660e-01	-1.559742381296216895e-01	1.501901899330126411e-01	-1.201167259387702496e-01	2.456977750707928509e-01	-2.515305828385509535e-01	1.857928408014953015e-01	-1.875920343878597907e-01	1.325927628796071678e-01	-4.857503698425527094e-01	9.999999999999987788e-01	-2.632105900655465347e-01	1.682406059384637387e-01	-1.781898635281246868e-01	1.717236456897099639e-01	-6.142700618174489202e-01	2.328951311972566052e-01	-1.889239451775246714e-01	1.656898857554447158e-01	-1.753022470563808111e-01	2.288687755913362820e-01	-1.603401880863727924e-01	1.560482941111738242e-01	-1.148837874042061419e-01	1.192364119271731998e-01	-1.483595861942234584e-01	9.278493947174569489e-02	-8.845992811422806468e-02	1.304304779959794269e-01	-1.392717534878140373e-01	1.347386762170592056e-01	-6.938020727579639890e-02	5.634791022726075294e-02
-1.360250717683179622e-01	1.097160780248536416e-01	-2.791992237510554919e-01	2.542558478528827437e-01	-2.783343411771755371e-01	8.471389490349431894e-02	-1.760631654083189279e-01	2.493318643590114736e-01	-5.859264999021253084e-01	2.484738294757339039e-01	-9.784822130181930477e-02	1.752848302423073712e-01	-2.632105900655465347e-01	9.999999999999997780e-01	-3.032837598531857859e-01	1.073076037854802517e-01	-1.074607087513761994e-01	2.252537327967588376e-01	-4.641819087673221267e-01	2.497226570906450893e-01	-1.328285499434163908e-01	1.213248739203354742e-01	-1.715939796497170378e-01	1.809851970940321575e-01	-1.979578690568122301e-01	8.629120010312202327e-02	-8.852407131259799888e-02	1.070742098234959971e-01	-8.513460503800565626e-02	7.813120793520465790e-02	-1.030266290728697742e-01	1.015495225729052681e-01	-1.061283112242357718e-01	6.064709620142967605e-02	-5.021707025628274756e-02
9.860419551622295886e-02	-7.937617050952484876e-02	1.732876041396138322e-01	-2.004313736235670829e-01	2.301295845816372920e-01	-6.441996778865777262e-02	1.240427536997258384e-01	-1.584530225029456563e-01	1.953069029982541505e-01	-5.762901846625831936e-01	7.394269627422496438e-02	-1.340123488379616201e-01	1.682406059384637387e-01	-3.032837598531857859e-01	1.000000000000000888e+00	-9.371405535263314934e-02	9.013903710635227939e-02	-1.876717794964364583e-01	2.715899241472358727e-01	-5.994168468698686247e-01	1.201338314115844852e-01	-1.129521583318708056e-01	1.483171488367943658e-01	-1.875627307818161227e-01	2.008360759114912741e-01	-7.984695331345231795e-02	8.116439986278344010e-02	-9.929240489571082573e-02	8.213073547799880358e-02	-7.870550627487879480e-02	9.397322937806242005e-02	-9.518333962490291289e-02	9.595256901178436659e-02	-6.029216486087826676e-02	4.910014319174868525e-02
-1.114564665570762086e-01	8.423076140762687791e-02	-1.080879220558547682e-01	7.630451926047399080e-02	-8.131893196858114292e-02	1.125353259359689051e-01	-1.511279748211824259e-01	9.658060290455680597e-02	-8.888935467383048128e-02	9.575472113822963705e-02	-1.485744614919391471e-01	1.655443122339604334e-01	-1.781898635281246868e-01	1.073076037854802517e-01	-9.371405535263314934e-02	1.000000000000003109e+00	-8.883367682770941798e-01	1.841090436350349135e-01	-1.184943232310807226e-01	9.463926200421583779e-02	-2.121317927941525905e-01	1.719831273576837571e-01	-1.617976541238523303e-01	9.210353369883983454e-02	-9.763744396407982029e-02	1.161891652397484542e-01	-1.222864927232530513e-01	1.036441088170245856e-01	-6.393214750640506538e-02	5.881838703939456375e-02	-1.273609946009361393e-01	1.170394598468473407e-01	-1.103409108540402001e-01	4.734784307204938786e-02	-3.938343894238498233e-02
9.922880774614252497e-02	-7.823973991955444907e-02	1.004210787299753549e-01	-7.386118093150448316e-02	7.744744685814586305e-02	-1.041372241903814472e-01	1.381328761161229046e-01	-9.301208610838279656e-02	8.526495173038815822e-02	-9.479169386004369924e-02	1.187701391263620981e-01	-1.879377831797836573e-01	1.717236456897099639e-01	-1.074607087513761994e-01	9.013903710635227939e-02	-8.883367682770941798e-01	9.999999999999996669e-01	-2.266632889054973621e-01	1.172270860372936901e-01	-9.538059841560517227e-02	1.741168542485433124e-01	-2.052308069113540634e-01	1.584197086799398191e-01	-9.202778973932346229e-02	9.402544593891391800e-02	-1.129862661469828861e-01	1.212507448665130216e-01	-1.044425293665346699e-01	6.258099639146473547e-02	-5.843313228427800959e-02	1.183448906388748639e-01	-1.185855968108645991e-01	1.061683052457169929e-01	-4.680642046109170784e-02	3.851788750897183755e-02
-1.523230406172018658e-01	1.169782572291224038e-01	-1.895894779083100168e-01	1.395605100012136668e-01	-1.468564490812418188e-01	1.031277355404658230e-01	-2.101141984567439780e-01	1.771668589743520261e-01	-1.728693860439307617e-01	1.760714478860369581e-01	-1.232000870520433694e-01	2.418509369589613156e-01	-6.142700618174489202e-01	2.252537327967588376e-01	-1.876717794964364583e-01	1.841090436350349135e-01	-2.266632889054973621e-01	1.000000000000002665e+00	-3.823610566669775057e-01	2.071439083972447248e-01	-1.843437630189305454e-01	1.941221673367800327e-01	-4.092057593871146204e-01	1.932989237590044540e-01	-1.949725413392421058e-01	1.249135443832874448e-01	-1.372452336656530825e-01	1.770236313323222122e-01	-1.077981423326573041e-01	9.728344283769253809e-02	-1.461835098144337597e-01	1.507542219302537290e-01	-1.674691732681181933e-01	7.665522222398085672e-02	-6.291604826478400248e-02
1.101074654839559464e-01	-8.830189869744098363e-02	1.773962407114320350e-01	-1.762181145085688350e-01	1.785995067496022604e-01	-7.376080882410168682e-02	1.436221386304862291e-01	-1.724932913621212982e-01	2.179747996787621822e-01	-2.537655619970013432e-01	8.503331089467373871e-02	-1.638636123945220180e-01	2.328951311972566052e-01	-4.641819087673221267e-01	2.715899241472358727e-01	-1.184943232310807226e-01	1.172270860372936901e-01	-3.823610566669775057e-01	1.000000000000000888e+00	-5.384814373568256318e-01	1.380937551841904531e-01	-1.415062876475634834e-01	2.065744883626281225e-01	-3.537636464635675049e-01	2.650176565497706638e-01	-9.473059356977181489e-02	9.937323537441854204e-02	-1.291587596473640076e-01	1.072907635746371685e-01	-9.969097400523942165e-02	1.100975076767612693e-01	-1.151815079572034994e-01	1.192911609932510719e-01	-7.557789635686172625e-02	6.079851405848638035e-02
-1.004108274130852269e-01	7.865993182467265199e-02	-1.665179671085618984e-01	1.541241524710933175e-01	-1.903216473116430274e-01	6.447435705966131358e-02	-1.262411029880809721e-01	1.432637331498987643e-01	-1.856745885828376963e-01	2.603258488268935245e-01	-7.555430025761201984e-02	1.327348414889628903e-01	-1.889239451775246714e-01	2.497226570906450893e-01	-5.994168468698686247e-01	9.463926200421583779e-02	-9.538059841560517227e-02	2.071439083972447248e-01	-5.384814373568256318e-01	1.000000000000000444e+00	-1.238365461639890780e-01	1.176861007589361241e-01	-1.737843723590361822e-01	2.440614689787450609e-01	-3.570963125382343728e-01	8.220524436291191950e-02	-8.548162768464381833e-02	1.076328361332293537e-01	-9.461232019250125080e-02	8.683681922525583741e-02	-9.775359846864613289e-02	9.836013692263557984e-02	-1.046754268372773744e-01	6.591935433091868080e-02	-5.416956048266338697e-02
1.044026629620044833e-01	-7.962765396261864415e-02	1.202860396318380515e-01	-9.409017829918762954e-02	1.023606904936566753e-01	-7.702632912567639045e-02	1.292855003735720321e-01	-1.063792936052636445e-01	1.049950515667437273e-01	-1.304246181766958446e-01	9.062666919642417551e-02	-1.439885458411791497e-01	1.656898857554447158e-01	-1.328285499434163908e-01	1.201338314115844852e-01	-2.121317927941525905e-01	1.741168542485433124e-01	-1.843437630189305454e-01	1.380937551841904531e-01	-1.238365461639890780e-01	1.000000000000001776e+00	-3.883210884505547966e-01	2.342933880437053085e-01	-1.322682889098507064e-01	1.351406491502512297e-01	-5.138062497271747020e-01	2.701754151402962489e-01	-1.940419963008244431e-01	1.105931289832918080e-01	-1.068570254472656772e-01	3.006551552841156272e-01	-2.922823707570977314e-01	2.010036798209519637e-01	-8.672935031792038119e-02	7.070425667961341420e-02
-9.424797383574044785e-02	7.112557305088648696e-02	-1.101528247808635508e-01	8.359253892231542638e-02	-9.158749459274545535e-02	6.762268726469115865e-02	-1.194647934013542551e-01	9.683597791001767596e-02	-9.655267787658598777e-02	1.117639389412219131e-01	-8.102315679864589837e-02	1.300176373060098756e-01	-1.753022470563808111e-01	1.213248739203354742e-01	-1.129521583318708056e-01	1.719831273576837571e-01	-2.052308069113540634e-01	1.941221673367800327e-01	-1.415062876475634834e-01	1.176861007589361241e-01	-3.883210884505547966e-01	1.000000000000000666e+00	-4.362648637973046140e-01	1.462647269436977704e-01	-1.521992321734533804e-01	2.743238526952696543e-01	-6.047682963524394495e-01	2.338598700276650066e-01	-1.174982788551571788e-01	1.040440742120346262e-01	-2.971639830115965220e-01	2.866181687399269040e-01	-2.623601596728439844e-01	8.511725405626706376e-02	-7.036626982606329628e-02
1.084580558270226841e-01	-8.475455347386973148e-02	1.351358052148655953e-01	-1.095821858945251193e-01	1.166406669766322096e-01	-7.730797063429650784e-02	1.405978744258058466e-01	-1.252201153107210252e-01	1.259350004333903150e-01	-1.517268459261920110e-01	9.007801801311006440e-02	-1.691774269112327200e-01	2.288687755913362820e-01	-1.715939796497170378e-01	1.483171488367943658e-01	-1.617976541238523303e-01	1.584197086799398191e-01	-4.092057593871146204e-01	2.065744883626281225e-01	-1.737843723590361822e-01	2.342933880437053085e-01	-4.362648637973046140e-01	1.000000000000003109e+00	-2.895161780921727823e-01	2.148541474566075249e-01	-1.967014755186546060e-01	2.350647689881956159e-01	-4.768582072783959513e-01	1.623630812478468743e-01	-1.504775622359232623e-01	2.084982804823738989e-01	-2.682514988036594494e-01	2.743801615446663789e-01	-1.177097053963459816e-01	9.230649694278279804e-02
-8.204270089255469300e-02	6.399411595724473212e-02	-1.203971029307467216e-01	1.062022220281277768e-01	-1.186684042780895149e-01	5.484126571209658324e-02	-1.043312589792617651e-01	1.077232638427071815e-01	-1.282874610543475180e-01	1.560791272132936724e-01	-6.429150937016332723e-02	1.144843469454693563e-01	-1.603401880863727924e-01	1.809851970940321575e-01	-1.875627307818161227e-01	9.210353369883983454e-02	-9.202778973932346229e-02	1.932989237590044540e-01	-3.537636464635675049e-01	2.440614689787450609e-01	-1.322682889098507064e-01	1.462647269436977704e-01	-2.895161780921727823e-01	1.000000000000001998e+00	-7.880006163245207862e-01	9.454322527146796773e-02	-1.041327235647080407e-01	1.514415742542027932e-01	-1.983534354529827848e-01	1.483136834641370916e-01	-1.103587956788462110e-01	1.191388653023123662e-01	-1.358971326883107178e-01	1.085713543628241823e-01	-8.735413720634879753e-02
8.400973498794334082e-02	-6.636981948477176096e-02	1.240667193941761282e-01	-1.170344813075858276e-01	1.262835199179530299e-01	-5.712029608606707110e-02	1.067967387420862418e-01	-1.143174007734933662e-01	1.315759242469536905e-01	-1.889641111425845732e-01	6.620211635830908214e-02	-1.204093195295240920e-01	1.560482941111738242e-01	-1.979578690568122301e-01	2.008360759114912741e-01	-9.763744396407982029e-02	9.402544593891391800e-02	-1.949725413392421058e-01	2.650176565497706638e-01	-3.570963125382343728e-01	1.351406491502512297e-01	-1.521992321734533804e-01	2.148541474566075249e-01	-7.880006163245207862e-01	1.000000000000002665e+00	-9.861472961077959176e-02	1.047239457284643432e-01	-1.484169781605781113e-01	1.601187106687023132e-01	-1.594093392660882458e-01	1.123195618444002286e-01	-1.250531711661970191e-01	1.291405141341539498e-01	-1.125439622484876306e-01	8.767051082985290178e-02
-6.771833278541469769e-02	5.117478465450451403e-02	-7.873970997350231149e-02	6.052628767349195471e-02	-6.631757154449342828e-02	4.841414085141548806e-02	-8.438313523755548717e-02	6.906528228450684037e-02	-6.871475482829297876e-02	8.231345068537147813e-02	-5.770666374605151749e-02	9.169582255419113370e-02	-1.148837874042061419e-01	8.629120010312202327e-02	-7.984695331345231795e-02	1.161891652397484542e-01	-1.129862661469828861e-01	1.249135443832874448e-01	-9.473059356977181489e-02	8.220524436291191950e-02	-5.138062497271747020e-01	2.743238526952696543e-01	-1.967014755186546060e-01	9.454322527146796773e-02	-9.861472961077959176e-02	1.000000000000003553e+00	-4.613133543473412757e-01	1.675349157657212151e-01	-8.560419816202056997e-02	7.874711352334438919e-02	-6.167229566447044453e-01	2.906863860127708032e-01	-1.936978367616490060e-01	6.481331060159477297e-02	-5.316938893903606911e-02
6.702376944300129924e-02	-5.096037501755733973e-02	7.878214518522959342e-02	-6.098657183362114070e-02	6.647539105644903468e-02	-4.842948836576742994e-02	8.443469907696229959e-02	-6.977592936905897825e-02	6.955112796871576464e-02	-8.297270790957295139e-02	5.742346008473619284e-02	-9.362516304725165828e-02	1.192364119271731998e-01	-8.852407131259799888e-02	8.116439986278344010e-02	-1.222864927232530513e-01	1.212507448665130216e-01	-1.372452336656530825e-01	9.937323537441854204e-02	-8.548162768464381833e-02	2.701754151402962489e-01	-6.047682963524394495e-01	2.350647689881956159e-01	-1.041327235647080407e-01	1.047239457284643432e-01	-4.613133543473412757e-01	1.000000000000000888e+00	-2.404123650478592333e-01	9.673577775051392380e-02	-8.851552122019938629e-02	2.960015195683708966e-01	-4.978611121725404209e-01	2.313163154239490926e-01	-7.246059415165084783e-02	5.824909687450935403e-02
-7.506601856297992481e-02	5.721065157548587549e-02	-9.164062734453425063e-02	7.172967528297617690e-02	-7.823546932730715553e-02	5.198821114911755109e-02	-9.534392445526698734e-02	8.161526391553949877e-02	-8.286473785672854309e-02	9.787868247202403948e-02	-6.176817442097062155e-02	1.055481456951133795e-01	-1.483595861942234584e-01	1.070742098234959971e-01	-9.929240489571082573e-02	1.036441088170245856e-01	-1.044425293665346699e-01	1.770236313323222122e-01	-1.291587596473640076e-01	1.076328361332293537e-01	-1.940419963008244431e-01	2.338598700276650066e-01	-4.768582072783959513e-01	1.514415742542027932e-01	-1.484169781605781113e-01	1.675349157657212151e-01	-2.404123650478592333e-01	1.000000000000000888e+00	-2.392479866523525289e-01	1.652871928987400263e-01	-2.088924195673504403e-01	2.586709652134167592e-01	-6.996862875836692419e-01	1.348859999712959667e-01	-1.071907390225329132e-01
5.145358491815692215e-02	-3.946299374750475430e-02	6.684326397546457021e-02	-5.530052982653035215e-02	6.099994052051267018e-02	-3.506606922964847911e-02	6.447850894123541288e-02	-5.935237855187650013e-02	6.358638440382312351e-02	-7.883717389411346033e-02	4.145060147246043547e-02	-7.064254545057681300e-02	9.278493947174569489e-02	-8.513460503800565626e-02	8.213073547799880358e-02	-6.393214750640506538e-02	6.258099639146473547e-02	-1.077981423326573041e-01	1.072907635746371685e-01	-9.461232019250125080e-02	1.105931289832918080e-01	-1.174982788551571788e-01	1.623630812478468743e-01	-1.983534354529827848e-01	1.601187106687023132e-01	-8.560419816202056997e-02	9.673577775051392380e-02	-2.392479866523525289e-01	1.000000000000001776e+00	-7.308649484829665699e-01	1.032019953233996867e-01	-1.190724401778723296e-01	1.733236058647496247e-01	-4.825284721594530479e-01	3.009592002854359905e-01
-4.962503857061720952e-02	3.771182010240270444e-02	-6.408186592803256920e-02	5.190631693433180732e-02	-5.812362202547109030e-02	3.334168764414372627e-02	-6.179971061830080714e-02	5.597262212137237014e-02	-6.013057003607893275e-02	7.295710092306834094e-02	-3.971696365974793086e-02	6.603401328009539384e-02	-8.845992811422806468e-02	7.813120793520465790e-02	-7.870550627487879480e-02	5.881838703939456375e-02	-5.843313228427800959e-02	9.728344283769253809e-02	-9.969097400523942165e-02	8.683681922525583741e-02	-1.068570254472656772e-01	1.040440742120346262e-01	-1.504775622359232623e-01	1.483136834641370916e-01	-1.594093392660882458e-01	7.874711352334438919e-02	-8.851552122019938629e-02	1.652871928987400263e-01	-7.308649484829665699e-01	1.000000000000001998e+00	-9.915873762586677187e-02	1.053839455768049993e-01	-1.631393683022275554e-01	3.148741330772162894e-01	-5.210562543059380491e-01
7.866740904499049114e-02	-5.988170610641297548e-02	9.219756652883925874e-02	-7.218875292120648102e-02	7.867764081312433877e-02	-5.622487059047859281e-02	9.766025613985447607e-02	-8.149325851042625579e-02	8.108695951699577964e-02	-9.982271619206171953e-02	6.642892125945200343e-02	-1.081027091418590158e-01	1.304304779959794269e-01	-1.030266290728697742e-01	9.397322937806242005e-02	-1.273609946009361393e-01	1.183448906388748639e-01	-1.461835098144337597e-01	1.100975076767612693e-01	-9.775359846864613289e-02	3.006551552841156272e-01	-2.971639830115965220e-01	2.084982804823738989e-01	-1.103587956788462110e-01	1.123195618444002286e-01	-6.167229566447044453e-01	2.960015195683708966e-01	-2.088924195673504403e-01	1.032019953233996867e-01	-9.915873762586677187e-02	1.000000000000002442e+00	-5.271392576083011594e-01	2.250883223343494999e-01	-8.134310982626456743e-02	6.525912635292353825e-02
-7.844467212616151874e-02	5.906530509448875560e-02	-9.236655807696576848e-02	7.061334293711668542e-02	-7.766816846247584505e-02	5.469094906046816085e-02	-9.800854088958689536e-02	8.075958870330970929e-02	-8.091064214355496442e-02	9.529763924291728694e-02	-6.550393860806133506e-02	1.053142549460351352e-01	-1.392717534878140373e-01	1.015495225729052681e-01	-9.518333962490291289e-02	1.170394598468473407e-01	-1.185855968108645991e-01	1.507542219302537290e-01	-1.151815079572034994e-01	9.836013692263557984e-02	-2.922823707570977314e-01	2.866181687399269040e-01	-2.682514988036594494e-01	1.191388653023123662e-01	-1.250531711661970191e-01	2.906863860127708032e-01	-4.978611121725404209e-01	2.586709652134167592e-01	-1.190724401778723296e-01	1.053839455768049993e-01	-5.271392576083011594e-01	1.000000000000002887e+00	-4.645035343472941891e-01	8.963957647135183116e-02	-7.350186428833896390e-02
7.401235898166093341e-02	-5.689945966264298161e-02	8.974316788326595906e-02	-7.159333911232940162e-02	7.747801220609036588e-02	-5.242936222921840139e-02	9.342941075300295606e-02	-8.062093865760715239e-02	8.119325317755013427e-02	-9.942229406157315763e-02	6.165613419828008812e-02	-1.062107242311439020e-01	1.347386762170592056e-01	-1.061283112242357718e-01	9.595256901178436659e-02	-1.103409108540402001e-01	1.061683052457169929e-01	-1.674691732681181933e-01	1.192911609932510719e-01	-1.046754268372773744e-01	2.010036798209519637e-01	-2.623601596728439844e-01	2.743801615446663789e-01	-1.358971326883107178e-01	1.291405141341539498e-01	-1.936978367616490060e-01	2.313163154239490926e-01	-6.996862875836692419e-01	1.733236058647496247e-01	-1.631393683022275554e-01	2.250883223343494999e-01	-4.645035343472941891e-01	1.000000000000003109e+00	-1.460333620714552583e-01	1.062870706545440969e-01
-3.918755607521356293e-02	2.978781598680975418e-02	-5.013383657373324254e-02	4.050406056564029300e-02	-4.520363001033025907e-02	2.645720961327049925e-02	-4.878482342847448999e-02	4.386669492268038123e-02	-4.673269970628339542e-02	5.686126336105867124e-02	-3.149106323116735578e-02	5.233973632834940798e-02	-6.938020727579639890e-02	6.064709620142967605e-02	-6.029216486087826676e-02	4.734784307204938786e-02	-4.680642046109170784e-02	7.665522222398085672e-02	-7.557789635686172625e-02	6.591935433091868080e-02	-8.672935031792038119e-02	8.511725405626706376e-02	-1.177097053963459816e-01	1.085713543628241823e-01	-1.125439622484876306e-01	6.481331060159477297e-02	-7.246059415165084783e-02	1.348859999712959667e-01	-4.825284721594530479e-01	3.148741330772162894e-01	-8.134310982626456743e-02	8.963957647135183116e-02	-1.460333620714552583e-01	1.000000000000003331e+00	-7.866948747614281867e-01
3.215253734010727060e-02	-2.451889260482061419e-02	4.111227755062935030e-02	-3.350913874629717765e-02	3.717552179633675652e-02	-2.183509544111862308e-02	4.002681688871992383e-02	-3.616911530067509067e-02	3.837810427976482558e-02	-4.744943676600584664e-02	2.590401834091255948e-02	-4.331251444682519824e-02	5.634791022726075294e-02	-5.021707025628274756e-02	4.910014319174868525e-02	-3.938343894238498233e-02	3.851788750897183755e-02	-6.291604826478400248e-02	6.079851405848638035e-02	-5.416956048266338697e-02	7.070425667961341420e-02	-7.036626982606329628e-02	9.230649694278279804e-02	-8.735413720634879753e-02	8.767051082985290178e-02	-5.316938893903606911e-02	5.824909687450935403e-02	-1.071907390225329132e-01	3.009592002854359905e-01	-5.210562543059380491e-01	6.525912635292353825e-02	-7.350186428833896390e-02	1.062870706545440969e-01	-7.866948747614281867e-01	1.000000000000003109e+00
