1.000000000000000000e+00	-5.135129806259776108e-01	2.386450526510626446e-01	-1.111481663086628796e-01	7.936370635564937714e-02	-6.391019613125111798e-01	2.919298825972925782e-01	-2.467557482206393371e-01	1.075601761127396444e-01	-6.624096226019904332e-02	2.628259125641930760e-01	-2.689675364073825237e-01	1.353237914957932386e-01	-8.832658627280523533e-02	6.383166934914441537e-02	-2.413222484811952395e-01	1.712308348466373698e-01	-1.455588747499321212e-01	7.296313223168002238e-02	-6.096423328859123386e-02	1.220142233239888407e-01	-9.288206787796514374e-02	1.006838071935589052e-01	-6.660588580017827443e-02	5.775708958928901793e-02	-5.196691010328584326e-02	4.744578688926550519e-02	-3.922527063015700255e-02	4.130826878871991792e-02	-4.521343392638505626e-02	6.394740244830177112e-02	-5.146703441991676287e-02	4.122379953364732619e-02	-4.227774518824910233e-02	4.661184264393008342e-02
-5.135129806259776108e-01	1.000000000000000000e+00	-5.497196423515449126e-01	1.343958798084485262e-01	-8.487055370126030118e-02	2.543567964818151395e-01	-5.300965300226002652e-01	2.981328429261815294e-01	-1.347230270368676708e-01	6.750477324315613814e-02	-1.782418878131473150e-01	1.840229940949595633e-01	-1.224339708629413603e-01	8.392175876710385174e-02	-6.177109787817948450e-02	1.481046951341205842e-01	-1.259124986330705520e-01	1.214238352728882059e-01	-6.117851672142993885e-02	5.207761426932271120e-02	-8.932940075199996555e-02	6.856706611376493787e-02	-7.656582825932602143e-02	5.437059864318589258e-02	-4.890778567452492426e-02	3.774107983478732636e-02	-3.542557526416995756e-02	2.966360979885689086e-02	-3.347054551955722101e-02	3.670226827751312676e-02	-4.707064480937450668e-02	3.822583131237638349e-02	-3.128714083940829782e-02	3.379642055645359910e-02	-3.766406891472224433e-02
2.386450526510626446e-01	-5.497196423515449126e-01	1.000000000000000222e+00	-2.583874833602370358e-01	1.180599294185095544e-01	-2.116564137673525581e-01	3.110263145605006718e-01	-6.440587563394727377e-01	2.023743724408888500e-01	-9.688776347125242772e-02	1.497041100514524548e-01	-1.790679006534026674e-01	1.562895594600696991e-01	-1.161471654398317510e-01	8.321535991774642316e-02	-1.462590382340252793e-01	1.223672355542040346e-01	-1.614035921587003708e-01	7.493319716972213218e-02	-6.575358731087277420e-02	9.309914342337657911e-02	-7.247692071476317943e-02	8.151989954006347294e-02	-6.594155558817732521e-02	5.997447440418633008e-02	-3.972760211885856263e-02	3.810272784271281910e-02	-3.251933143981886737e-02	3.978905209689573286e-02	-4.404100844500637851e-02	4.965269889076182053e-02	-4.152830242688079765e-02	3.427045476240497823e-02	-3.993448555438901953e-02	4.432281675923509939e-02
-1.111481663086628796e-01	1.343958798084485262e-01	-2.583874833602370358e-01	1.000000000000000444e+00	-3.494144373600355791e-01	9.053731434918317611e-02	-1.518672501959499876e-01	2.040319746168132442e-01	-8.274626122867727585e-01	2.094101596986060743e-01	-7.842181799154307464e-02	9.114315827610867948e-02	-9.656311033135288324e-02	1.959951819719059074e-01	-1.549990412063372291e-01	7.641986123231742090e-02	-6.965622975641347359e-02	9.467119572121428239e-02	-7.336130249205559395e-02	7.658065226681462501e-02	-6.251296326164620942e-02	4.851485812245434626e-02	-5.756321773540461206e-02	6.048916874313352288e-02	-6.872731097548445689e-02	2.667612241594885178e-02	-2.711116174835616691e-02	2.443947901141400175e-02	-3.792709408508249114e-02	4.269523187849259133e-02	-3.397549584570844217e-02	2.972237184765932558e-02	-2.598380116780723420e-02	3.668803057222924657e-02	-4.289905507990682265e-02
7.936370635564937714e-02	-8.487055370126030118e-02	1.180599294185095544e-01	-3.494144373600355791e-01	1.000000000000000444e+00	-7.004610306618402893e-02	1.003743770635890931e-01	-1.258596214827198689e-01	2.488852183005360041e-01	-7.456845760948481727e-01	6.833540195136951489e-02	-8.414064582410733795e-02	1.047034507224009620e-01	-4.064232382076954919e-01	2.837557153630428930e-01	-7.326037122887746333e-02	6.880886215514397941e-02	-1.099116160836642042e-01	1.080093462923309711e-01	-1.320666678660440962e-01	7.150250403799508769e-02	-5.715624359504497404e-02	6.920344876395145839e-02	-9.048315938672676917e-02	1.066220779299568849e-01	-3.088238627214203585e-02	3.333934006771197694e-02	-3.143101910374379582e-02	5.593380575316009296e-02	-6.465100695388417695e-02	3.950842343547299185e-02	-3.715862672107606707e-02	3.337459328482900167e-02	-5.399886902231357255e-02	6.236838468829519755e-02
-6.391019613125111798e-01	2.543567964818151395e-01	-2.116564137673525581e-01	9.053731434918317611e-02	-7.004610306618402893e-02	1.000000000000000666e+00	-3.573387049060854914e-01	1.944094816598469222e-01	-9.447147004887528066e-02	5.661299640424580226e-02	-5.345062964802810290e-01	2.501021136387178156e-01	-1.249505964340967279e-01	7.532596425481880020e-02	-5.597906110043369271e-02	2.261175641835800887e-01	-1.822768547767704139e-01	1.242837087411388791e-01	-6.586801862663164975e-02	5.374357742869088211e-02	-1.196966306286019882e-01	8.952641510206015008e-02	-9.846382266479894452e-02	5.973421463079976734e-02	-5.205360606338541724e-02	4.950108603876348518e-02	-4.499538812691614847e-02	3.677975201067998356e-02	-3.733605380960392656e-02	4.044998252605874756e-02	-6.130908741050845184e-02	4.792768886731221117e-02	-3.874922228249454148e-02	3.799362589622960751e-02	-4.228379171972962425e-02
2.919298825972925782e-01	-5.300965300226002652e-01	3.110263145605006718e-01	-1.518672501959499876e-01	1.003743770635890931e-01	-3.573387049060854914e-01	1.000000000000000222e+00	-5.320121051611872431e-01	1.496289079965667512e-01	-8.472794395329612260e-02	2.271428609962848622e-01	-3.237255112795859868e-01	1.768555403908768642e-01	-1.110096122701489940e-01	7.938161461020712406e-02	-2.171904770131362350e-01	1.813695423197132506e-01	-1.842566688603672898e-01	8.538311112090592181e-02	-7.191419094165524273e-02	1.239515886602181316e-01	-9.776638238442292295e-02	1.069988833096238989e-01	-7.667138453377882190e-02	6.697873899653768170e-02	-5.281333821832052272e-02	4.992841329309367915e-02	-4.175097973245808780e-02	4.664190460085314988e-02	-5.121277756407713322e-02	6.534357667982425288e-02	-5.415102674700023044e-02	4.387249961864055081e-02	-4.730159773436978798e-02	5.213388012201548849e-02
-2.467557482206393371e-01	2.981328429261815294e-01	-6.440587563394727377e-01	2.040319746168132442e-01	-1.258596214827198689e-01	1.944094816598469222e-01	-5.320121051611872431e-01	1.000000000000000000e+00	-2.606945190986980077e-01	1.003765642931657293e-01	-1.625547869037873294e-01	1.882597944914043420e-01	-2.375992026006540359e-01	1.233963946086086283e-01	-9.154437554139803479e-02	1.445079075529474566e-01	-1.360618249247673994e-01	1.826441078042355948e-01	-8.423113149435715319e-02	7.153413014666709646e-02	-9.965432372312620080e-02	7.807146282910144841e-02	-8.956411564994205821e-02	7.210929661569147331e-02	-6.614970066163869400e-02	4.212459948525486275e-02	-4.094315590870303140e-02	3.499491347156983428e-02	-4.341463954809111903e-02	4.773316668938628465e-02	-5.295984707427188465e-02	4.423456943711605999e-02	-3.697696978751550956e-02	4.316897708927427274e-02	-4.836519864514819689e-02
1.075601761127396444e-01	-1.347230270368676708e-01	2.023743724408888500e-01	-8.274626122867727585e-01	2.488852183005360041e-01	-9.447147004887528066e-02	1.496289079965667512e-01	-2.606945190986980077e-01	1.000000000000001332e+00	-2.545223584878749112e-01	8.127367829781388664e-02	-9.829705772172764311e-02	1.069666291579218220e-01	-2.703931618907847167e-01	1.689730381364511758e-01	-8.222669816285491096e-02	7.416508296890882146e-02	-1.082062411436434807e-01	8.008421294323166129e-02	-8.519059484146776495e-02	6.676372636057090193e-02	-5.236696259154103444e-02	6.180690256204453281e-02	-6.676515148789757825e-02	7.424895007964313343e-02	-2.860635847396735681e-02	2.926013935880072622e-02	-2.646000878625070357e-02	4.130462118857115145e-02	-4.674928934652374662e-02	3.634066473856283064e-02	-3.221663092635623782e-02	2.806711285124548205e-02	-4.012068428312405566e-02	4.633747883992701821e-02
-6.624096226019904332e-02	6.750477324315613814e-02	-9.688776347125242772e-02	2.094101596986060743e-01	-7.456845760948481727e-01	5.661299640424580226e-02	-8.472794395329612260e-02	1.003765642931657293e-01	-2.545223584878749112e-01	1.000000000000001110e+00	-5.662546974836465269e-02	6.822769648447986335e-02	-8.813460737646587606e-02	2.972693267442292342e-01	-4.939229164586698695e-01	5.952999189307799088e-02	-5.728003134714454436e-02	8.814569913544370583e-02	-1.090693438325168463e-01	1.350589655091926355e-01	-6.038667911536903937e-02	4.896250930457791972e-02	-6.053543181452299832e-02	8.489337391705516211e-02	-1.160306084602206189e-01	2.600469065444113367e-02	-2.878599077414015217e-02	2.757465441950943119e-02	-5.329195064504543833e-02	6.067209194859028709e-02	-3.324791658254661747e-02	3.191469222656784233e-02	-2.939075471231406694e-02	4.944720657393952834e-02	-5.951039078121143910e-02
2.628259125641930760e-01	-1.782418878131473150e-01	1.497041100514524548e-01	-7.842181799154307464e-02	6.833540195136951489e-02	-5.345062964802810290e-01	2.271428609962848622e-01	-1.625547869037873294e-01	8.127367829781388664e-02	-5.662546974836465269e-02	9.999999999999997780e-01	-5.188940495497693650e-01	1.552408225362562899e-01	-8.084153741215449607e-02	5.960886886896458320e-02	-4.970627140626260876e-01	2.798757003666196286e-01	-1.625092418297764962e-01	8.012222791682506451e-02	-6.389238550563679231e-02	1.559983372606960350e-01	-1.250032839092700687e-01	1.289094386958484217e-01	-7.409710092567040052e-02	6.205816495784716863e-02	-6.546030719342632587e-02	5.946191478333922448e-02	-4.792832235627141058e-02	4.582563186827647017e-02	-4.944422663437494925e-02	7.740848072974257366e-02	-6.352946505854559223e-02	4.993850241609234381e-02	-4.687145656396932841e-02	5.141027061990030567e-02
-2.689675364073825237e-01	1.840229940949595633e-01	-1.790679006534026674e-01	9.114315827610867948e-02	-8.414064582410733795e-02	2.501021136387178156e-01	-3.237255112795859868e-01	1.882597944914043420e-01	-9.829705772172764311e-02	6.822769648447986335e-02	-5.188940495497693650e-01	9.999999999999997780e-01	-2.791429214098428702e-01	9.922780520136741111e-02	-7.505455407887202945e-02	3.180863831655524887e-01	-5.549760543684731928e-01	2.157516861521081297e-01	-1.051187711603051994e-01	8.025039813602846683e-02	-1.830841083974976136e-01	1.654436722875038401e-01	-1.784381127485327456e-01	9.445319292170498149e-02	-7.924652725056251235e-02	7.479584859814591979e-02	-7.597582059892366013e-02	6.060639405766436033e-02	-5.768029048194601299e-02	6.138011317653685461e-02	-9.088006629148920323e-02	7.817635545350903881e-02	-6.329448884915341023e-02	5.794279676370340387e-02	-6.412220657293088433e-02
1.353237914957932386e-01	-1.224339708629413603e-01	1.562895594600696991e-01	-9.656311033135288324e-02	1.047034507224009620e-01	-1.249505964340967279e-01	1.768555403908768642e-01	-2.375992026006540359e-01	1.069666291579218220e-01	-8.813460737646587606e-02	1.552408225362562899e-01	-2.791429214098428702e-01	1.000000000000002665e+00	-1.704019454877736817e-01	1.135508479485202171e-01	-1.616064373943182086e-01	1.829273826451287832e-01	-8.427772563024773511e-01	1.666622569945027943e-01	-1.264629849880343770e-01	1.161863116556482861e-01	-1.093828398815497316e-01	1.242921474802881759e-01	-1.398522735118938598e-01	1.070526235200157383e-01	-5.001847250674953949e-02	5.498221062026500267e-02	-4.892551381058615062e-02	7.128183915859788444e-02	-7.832053355792988059e-02	6.111558883084565463e-02	-6.029496210847492405e-02	5.073631305954680315e-02	-6.912876185625656256e-02	7.281252289535823652e-02
-8.832658627280523533e-02	8.392175876710385174e-02	-1.161471654398317510e-01	1.959951819719059074e-01	-4.064232382076954919e-01	7.532596425481880020e-02	-1.110096122701489940e-01	1.233963946086086283e-01	-2.703931618907847167e-01	2.972693267442292342e-01	-8.084153741215449607e-02	9.922780520136741111e-02	-1.704019454877736817e-01	9.999999999999998890e-01	-7.246884656195411445e-01	8.482737504225457137e-02	-8.542753982062897822e-02	1.461244005150370562e-01	-1.929041234361076051e-01	2.068329092424305293e-01	-8.920713850287116664e-02	7.421478020735758352e-02	-9.319140687729514372e-02	1.381587940540847936e-01	-1.943089943597063052e-01	3.838153998602274186e-02	-4.379884782548816580e-02	4.252765934791465086e-02	-8.712466246690865612e-02	9.732123195234619606e-02	-4.891095744332051715e-02	4.838781216080990238e-02	-4.543158131300308045e-02	7.881475251621603006e-02	-9.786665175844941333e-02
6.383166934914441537e-02	-6.177109787817948450e-02	8.321535991774642316e-02	-1.549990412063372291e-01	2.837557153630428930e-01	-5.597906110043369271e-02	7.938161461020712406e-02	-9.154437554139803479e-02	1.689730381364511758e-01	-4.939229164586698695e-01	5.960886886896458320e-02	-7.505455407887202945e-02	1.135508479485202171e-01	-7.246884656195411445e-01	1.000000000000000222e+00	-6.493925597585939458e-02	6.425329582465055811e-02	-1.161064752059065286e-01	1.590007579863094433e-01	-2.781454791630160739e-01	6.766313791216413409e-02	-5.906183048291790277e-02	7.307614994207331516e-02	-1.244851932872363676e-01	1.720082620468003365e-01	-2.946608148076378109e-02	3.483429716313170277e-02	-3.446159414556410755e-02	7.393924695633261046e-02	-8.598977567441476455e-02	3.715449946120624736e-02	-3.896816751131709777e-02	3.647425658186685682e-02	-6.727539410988968294e-02	7.968598677308863509e-02
-2.413222484811952395e-01	1.481046951341205842e-01	-1.462590382340252793e-01	7.641986123231742090e-02	-7.326037122887746333e-02	2.261175641835800887e-01	-2.171904770131362350e-01	1.445079075529474566e-01	-8.222669816285491096e-02	5.952999189307799088e-02	-4.970627140626260876e-01	3.180863831655524887e-01	-1.616064373943182086e-01	8.482737504225457137e-02	-6.493925597585939458e-02	9.999999999999981126e-01	-6.401798710925300506e-01	1.606205535962496045e-01	-9.674828002163070317e-02	7.377137989636971260e-02	-2.794606062639044541e-01	1.951498209326002486e-01	-2.029427231367172124e-01	9.090775485454789806e-02	-7.572165001656487593e-02	1.012191372689892344e-01	-8.808215065389168874e-02	6.830894799242914761e-02	-5.750433023441042096e-02	6.057886377418074397e-02	-1.189415280797802982e-01	8.993625434682425701e-02	-7.106627587714769989e-02	5.849469522222442569e-02	-6.477090422909556611e-02
1.712308348466373698e-01	-1.259124986330705520e-01	1.223672355542040346e-01	-6.965622975641347359e-02	6.880886215514397941e-02	-1.822768547767704139e-01	1.813695423197132506e-01	-1.360618249247673994e-01	7.416508296890882146e-02	-5.728003134714454436e-02	2.798757003666196286e-01	-5.549760543684731928e-01	1.829273826451287832e-01	-8.542753982062897822e-02	6.425329582465055811e-02	-6.401798710925300506e-01	9.999999999999991118e-01	-2.147844575361424757e-01	1.011640529273200861e-01	-7.708835740918529300e-02	2.048339721987370576e-01	-2.776967891410788702e-01	2.042767160194614018e-01	-9.687019062566047667e-02	7.691196657489882127e-02	-8.642453489913935749e-02	9.308633066055915783e-02	-7.157666785191424408e-02	5.882818991149982996e-02	-6.223446221054870081e-02	9.749879080494099071e-02	-9.695197715818648643e-02	7.200851513655123770e-02	-5.998384754245152106e-02	6.471663960811634142e-02
-1.455588747499321212e-01	1.214238352728882059e-01	-1.614035921587003708e-01	9.467119572121428239e-02	-1.099116160836642042e-01	1.242837087411388791e-01	-1.842566688603672898e-01	1.826441078042355948e-01	-1.082062411436434807e-01	8.814569913544370583e-02	-1.625092418297764962e-01	2.157516861521081297e-01	-8.427772563024773511e-01	1.461244005150370562e-01	-1.161064752059065286e-01	1.606205535962496045e-01	-2.147844575361424757e-01	9.999999999999988898e-01	-2.328768686252301601e-01	1.328403506176469018e-01	-1.276306819176327156e-01	1.181040189877670399e-01	-1.455669581405485968e-01	1.496076891918106389e-01	-1.200552544294398727e-01	5.395179227971464569e-02	-5.967880559812283742e-02	5.305390315374135246e-02	-7.817967987176734079e-02	8.327142383271207704e-02	-6.656801420259882140e-02	6.415179382241938122e-02	-5.546723064228632760e-02	7.347328347571188689e-02	-8.003077897733035240e-02
7.296313223168002238e-02	-6.117851672142993885e-02	7.493319716972213218e-02	-7.336130249205559395e-02	1.080093462923309711e-01	-6.586801862663164975e-02	8.538311112090592181e-02	-8.423113149435715319e-02	8.008421294323166129e-02	-1.090693438325168463e-01	8.012222791682506451e-02	-1.051187711603051994e-01	1.666622569945027943e-01	-1.929041234361076051e-01	1.590007579863094433e-01	-9.674828002163070317e-02	1.011640529273200861e-01	-2.328768686252301601e-01	9.999999999999984457e-01	-5.044625029873133215e-01	1.119799394160018030e-01	-1.327343211356930008e-01	1.625490310875770117e-01	-6.698500847630803889e-01	3.085442118016497592e-01	-5.085891069787022017e-02	7.204631149732340645e-02	-7.644354640617517793e-02	1.962802956997220794e-01	-2.112691543780849113e-01	6.054659169095782945e-02	-8.258045254632392917e-02	7.770373232344104930e-02	-1.739256016652203918e-01	1.628621406331036137e-01
-6.096423328859123386e-02	5.207761426932271120e-02	-6.575358731087277420e-02	7.658065226681462501e-02	-1.320666678660440962e-01	5.374357742869088211e-02	-7.191419094165524273e-02	7.153413014666709646e-02	-8.519059484146776495e-02	1.350589655091926355e-01	-6.389238550563679231e-02	8.025039813602846683e-02	-1.264629849880343770e-01	2.068329092424305293e-01	-2.781454791630160739e-01	7.377137989636971260e-02	-7.708835740918529300e-02	1.328403506176469018e-01	-5.044625029873133215e-01	9.999999999999995559e-01	-8.887284208769825888e-02	9.111497865227970172e-02	-1.189736600149958329e-01	2.946760451173081607e-01	-6.928986786899888894e-01	3.946185613256938257e-02	-5.510549294389518321e-02	5.918264468628271074e-02	-1.713987336786503002e-01	1.936554297344603159e-01	-4.833412090388883309e-02	6.190960104785038498e-02	-6.247504835619155372e-02	1.373936783879140533e-01	-1.730813381309676824e-01
1.220142233239888407e-01	-8.932940075199996555e-02	9.309914342337657911e-02	-6.251296326164620942e-02	7.150250403799508769e-02	-1.196966306286019882e-01	1.239515886602181316e-01	-9.965432372312620080e-02	6.676372636057090193e-02	-6.038667911536903937e-02	1.559983372606960350e-01	-1.830841083974976136e-01	1.161863116556482861e-01	-8.920713850287116664e-02	6.766313791216413409e-02	-2.794606062639044541e-01	2.048339721987370576e-01	-1.276306819176327156e-01	1.119799394160018030e-01	-8.887284208769825888e-02	9.999999999999983347e-01	-3.914820905907400173e-01	2.647129421518502612e-01	-1.171876141360285589e-01	9.379670357998290409e-02	-4.185983748004604710e-01	1.521906609349972517e-01	-1.147289669191748490e-01	7.935324045109140578e-02	-8.468003603106928623e-02	2.774001273447998517e-01	-1.704706332733372243e-01	1.143611912251596974e-01	-8.584049107240164511e-02	9.222896947134970325e-02
-9.288206787796514374e-02	6.856706611376493787e-02	-7.247692071476317943e-02	4.851485812245434626e-02	-5.715624359504497404e-02	8.952641510206015008e-02	-9.776638238442292295e-02	7.807146282910144841e-02	-5.236696259154103444e-02	4.896250930457791972e-02	-1.250032839092700687e-01	1.654436722875038401e-01	-1.093828398815497316e-01	7.421478020735758352e-02	-5.906183048291790277e-02	1.951498209326002486e-01	-2.776967891410788702e-01	1.181040189877670399e-01	-1.327343211356930008e-01	9.111497865227970172e-02	-3.914820905907400173e-01	9.999999999999972244e-01	-7.454702237398393994e-01	1.442938858348190856e-01	-1.058327462459734414e-01	1.341294935536525845e-01	-2.565009308110262620e-01	1.529392172167548247e-01	-8.771308049790010886e-02	8.557491170734914110e-02	-1.426572852533430358e-01	1.978103832722847011e-01	-1.475535673177586771e-01	8.629933558090693846e-02	-9.180943262116991743e-02
1.006838071935589052e-01	-7.656582825932602143e-02	8.151989954006347294e-02	-5.756321773540461206e-02	6.920344876395145839e-02	-9.846382266479894452e-02	1.069988833096238989e-01	-8.956411564994205821e-02	6.180690256204453281e-02	-6.053543181452299832e-02	1.289094386958484217e-01	-1.784381127485327456e-01	1.242921474802881759e-01	-9.319140687729514372e-02	7.307614994207331516e-02	-2.029427231367172124e-01	2.042767160194614018e-01	-1.455669581405485968e-01	1.625490310875770117e-01	-1.189736600149958329e-01	2.647129421518502612e-01	-7.454702237398393994e-01	9.999999999999996669e-01	-2.289765611880859864e-01	1.318670856829779192e-01	-1.289622352115820381e-01	2.002427729907400866e-01	-1.935860514093252494e-01	1.114665490186467212e-01	-1.118998185377518828e-01	1.332996670690707319e-01	-2.220336322929418182e-01	1.596482230132251767e-01	-1.114998283667639201e-01	1.122327444090572002e-01
-6.660588580017827443e-02	5.437059864318589258e-02	-6.594155558817732521e-02	6.048916874313352288e-02	-9.048315938672676917e-02	5.973421463079976734e-02	-7.667138453377882190e-02	7.210929661569147331e-02	-6.676515148789757825e-02	8.489337391705516211e-02	-7.409710092567040052e-02	9.445319292170498149e-02	-1.398522735118938598e-01	1.381587940540847936e-01	-1.244851932872363676e-01	9.090775485454789806e-02	-9.687019062566047667e-02	1.496076891918106389e-01	-6.698500847630803889e-01	2.946760451173081607e-01	-1.171876141360285589e-01	1.442938858348190856e-01	-2.289765611880859864e-01	9.999999999999981126e-01	-4.677094873480977522e-01	5.233752042119018538e-02	-7.904525918690055719e-02	8.601691858215489150e-02	-3.253740721772669375e-01	2.327694768221825472e-01	-6.209112362609756075e-02	8.731256433345953305e-02	-8.871632618947256077e-02	1.926590070964566970e-01	-2.029429492212065922e-01
5.775708958928901793e-02	-4.890778567452492426e-02	5.997447440418633008e-02	-6.872731097548445689e-02	1.066220779299568849e-01	-5.205360606338541724e-02	6.697873899653768170e-02	-6.614970066163869400e-02	7.424895007964313343e-02	-1.160306084602206189e-01	6.205816495784716863e-02	-7.924652725056251235e-02	1.070526235200157383e-01	-1.943089943597063052e-01	1.720082620468003365e-01	-7.572165001656487593e-02	7.691196657489882127e-02	-1.200552544294398727e-01	3.085442118016497592e-01	-6.928986786899888894e-01	9.379670357998290409e-02	-1.058327462459734414e-01	1.318670856829779192e-01	-4.677094873480977522e-01	9.999999999999966693e-01	-4.265235505560065893e-02	6.275342488964928689e-02	-6.967629025141613974e-02	2.101863985787022771e-01	-3.258308696690682127e-01	5.128909463785361056e-02	-7.205936188938591447e-02	7.189460640121426993e-02	-1.765018265965346833e-01	1.928471527688914999e-01
-5.196691010328584326e-02	3.774107983478732636e-02	-3.972760211885856263e-02	2.667612241594885178e-02	-3.088238627214203585e-02	4.950108603876348518e-02	-5.281333821832052272e-02	4.212459948525486275e-02	-2.860635847396735681e-02	2.600469065444113367e-02	-6.546030719342632587e-02	7.479584859814591979e-02	-5.001847250674953949e-02	3.838153998602274186e-02	-2.946608148076378109e-02	1.012191372689892344e-01	-8.642453489913935749e-02	5.395179227971464569e-02	-5.085891069787022017e-02	3.946185613256938257e-02	-4.185983748004604710e-01	1.341294935536525845e-01	-1.289622352115820381e-01	5.233752042119018538e-02	-4.265235505560065893e-02	9.999999999999993339e-01	-1.072296338133460064e-01	6.553030032370026070e-02	-3.741763633297362501e-02	3.887148505887715738e-02	-8.491656796659198259e-01	1.040471240984241902e-01	-6.610411443650308916e-02	4.038708558680946525e-02	-4.348845361732281423e-02
4.744578688926550519e-02	-3.542557526416995756e-02	3.810272784271281910e-02	-2.711116174835616691e-02	3.333934006771197694e-02	-4.499538812691614847e-02	4.992841329309367915e-02	-4.094315590870303140e-02	2.926013935880072622e-02	-2.878599077414015217e-02	5.946191478333922448e-02	-7.597582059892366013e-02	5.498221062026500267e-02	-4.379884782548816580e-02	3.483429716313170277e-02	-8.808215065389168874e-02	9.308633066055915783e-02	-5.967880559812283742e-02	7.204631149732340645e-02	-5.510549294389518321e-02	1.521906609349972517e-01	-2.565009308110262620e-01	2.002427729907400866e-01	-7.904525918690055719e-02	6.275342488964928689e-02	-1.072296338133460064e-01	9.999999999999993339e-01	-4.259967819158096414e-01	7.751591672697938362e-02	-7.134719371172017210e-02	1.063537213001115866e-01	-7.938786959875256954e-01	2.846521904966146654e-01	-8.754253482211937776e-02	8.412954344334191981e-02
-3.922527063015700255e-02	2.966360979885689086e-02	-3.251933143981886737e-02	2.443947901141400175e-02	-3.143101910374379582e-02	3.677975201067998356e-02	-4.175097973245808780e-02	3.499491347156983428e-02	-2.646000878625070357e-02	2.757465441950943119e-02	-4.792832235627141058e-02	6.060639405766436033e-02	-4.892551381058615062e-02	4.252765934791465086e-02	-3.446159414556410755e-02	6.830894799242914761e-02	-7.157666785191424408e-02	5.305390315374135246e-02	-7.644354640617517793e-02	5.918264468628271074e-02	-1.147289669191748490e-01	1.529392172167548247e-01	-1.935860514093252494e-01	8.601691858215489150e-02	-6.967629025141613974e-02	6.553030032370026070e-02	-4.259967819158096414e-01	9.999999999999996669e-01	-1.220868953923691241e-01	9.451290611838576716e-02	-7.268851197508559292e-02	2.905783998514297473e-01	-8.158827929982275240e-01	1.301966205641851837e-01	-1.189462537687860089e-01
4.130826878871991792e-02	-3.347054551955722101e-02	3.978905209689573286e-02	-3.792709408508249114e-02	5.593380575316009296e-02	-3.733605380960392656e-02	4.664190460085314988e-02	-4.341463954809111903e-02	4.130462118857115145e-02	-5.329195064504543833e-02	4.582563186827647017e-02	-5.768029048194601299e-02	7.128183915859788444e-02	-8.712466246690865612e-02	7.393924695633261046e-02	-5.750433023441042096e-02	5.882818991149982996e-02	-7.817967987176734079e-02	1.962802956997220794e-01	-1.713987336786503002e-01	7.935324045109140578e-02	-8.771308049790010886e-02	1.114665490186467212e-01	-3.253740721772669375e-01	2.101863985787022771e-01	-3.741763633297362501e-02	7.751591672697938362e-02	-1.220868953923691241e-01	9.999999999999992228e-01	-6.169694179568073755e-01	4.481910352300504802e-02	-8.904597507914448207e-02	1.198107014217451582e-01	-5.974664761724065576e-01	3.254702391835345154e-01
-4.521343392638505626e-02	3.670226827751312676e-02	-4.404100844500637851e-02	4.269523187849259133e-02	-6.465100695388417695e-02	4.044998252605874756e-02	-5.121277756407713322e-02	4.773316668938628465e-02	-4.674928934652374662e-02	6.067209194859028709e-02	-4.944422663437494925e-02	6.138011317653685461e-02	-7.832053355792988059e-02	9.732123195234619606e-02	-8.598977567441476455e-02	6.057886377418074397e-02	-6.223446221054870081e-02	8.327142383271207704e-02	-2.112691543780849113e-01	1.936554297344603159e-01	-8.468003603106928623e-02	8.557491170734914110e-02	-1.118998185377518828e-01	2.327694768221825472e-01	-3.258308696690682127e-01	3.887148505887715738e-02	-7.134719371172017210e-02	9.451290611838576716e-02	-6.169694179568073755e-01	9.999999999999988898e-01	-4.754941991207020657e-02	8.055537993380448847e-02	-1.028861930668777402e-01	3.208971861635359080e-01	-5.883606529126943485e-01
6.394740244830177112e-02	-4.707064480937450668e-02	4.965269889076182053e-02	-3.397549584570844217e-02	3.950842343547299185e-02	-6.130908741050845184e-02	6.534357667982425288e-02	-5.295984707427188465e-02	3.634066473856283064e-02	-3.324791658254661747e-02	7.740848072974257366e-02	-9.088006629148920323e-02	6.111558883084565463e-02	-4.891095744332051715e-02	3.715449946120624736e-02	-1.189415280797802982e-01	9.749879080494099071e-02	-6.656801420259882140e-02	6.054659169095782945e-02	-4.833412090388883309e-02	2.774001273447998517e-01	-1.426572852533430358e-01	1.332996670690707319e-01	-6.209112362609756075e-02	5.128909463785361056e-02	-8.491656796659198259e-01	1.063537213001115866e-01	-7.268851197508559292e-02	4.481910352300504802e-02	-4.754941991207020657e-02	9.999999999999991118e-01	-1.205273853701034487e-01	7.345009270173474825e-02	-4.919514266948947501e-02	5.307387261210158580e-02
-5.146703441991676287e-02	3.822583131237638349e-02	-4.152830242688079765e-02	2.972237184765932558e-02	-3.715862672107606707e-02	4.792768886731221117e-02	-5.415102674700023044e-02	4.423456943711605999e-02	-3.221663092635623782e-02	3.191469222656784233e-02	-6.352946505854559223e-02	7.817635545350903881e-02	-6.029496210847492405e-02	4.838781216080990238e-02	-3.896816751131709777e-02	8.993625434682425701e-02	-9.695197715818648643e-02	6.415179382241938122e-02	-8.258045254632392917e-02	6.190960104785038498e-02	-1.704706332733372243e-01	1.978103832722847011e-01	-2.220336322929418182e-01	8.731256433345953305e-02	-7.205936188938591447e-02	1.040471240984241902e-01	-7.938786959875256954e-01	2.905783998514297473e-01	-8.904597507914448207e-02	8.055537993380448847e-02	-1.205273853701034487e-01	9.999999999999991118e-01	-4.248831625527256239e-01	1.022366747626596295e-01	-1.048132150707312971e-01
4.122379953364732619e-02	-3.128714083940829782e-02	3.427045476240497823e-02	-2.598380116780723420e-02	3.337459328482900167e-02	-3.874922228249454148e-02	4.387249961864055081e-02	-3.697696978751550956e-02	2.806711285124548205e-02	-2.939075471231406694e-02	4.993850241609234381e-02	-6.329448884915341023e-02	5.073631305954680315e-02	-4.543158131300308045e-02	3.647425658186685682e-02	-7.106627587714769989e-02	7.200851513655123770e-02	-5.546723064228632760e-02	7.770373232344104930e-02	-6.247504835619155372e-02	1.143611912251596974e-01	-1.475535673177586771e-01	1.596482230132251767e-01	-8.871632618947256077e-02	7.189460640121426993e-02	-6.610411443650308916e-02	2.846521904966146654e-01	-8.158827929982275240e-01	1.198107014217451582e-01	-1.028861930668777402e-01	7.345009270173474825e-02	-4.248831625527256239e-01	9.999999999999991118e-01	-1.684623396645528182e-01	1.258794075729936512e-01
-4.227774518824910233e-02	3.379642055645359910e-02	-3.993448555438901953e-02	3.668803057222924657e-02	-5.399886902231357255e-02	3.799362589622960751e-02	-4.730159773436978798e-02	4.316897708927427274e-02	-4.012068428312405566e-02	4.944720657393952834e-02	-4.687145656396932841e-02	5.794279676370340387e-02	-6.912876185625656256e-02	7.881475251621603006e-02	-6.727539410988968294e-02	5.849469522222442569e-02	-5.998384754245152106e-02	7.347328347571188689e-02	-1.739256016652203918e-01	1.373936783879140533e-01	-8.584049107240164511e-02	8.629933558090693846e-02	-1.114998283667639201e-01	1.926590070964566970e-01	-1.765018265965346833e-01	4.038708558680946525e-02	-8.754253482211937776e-02	1.301966205641851837e-01	-5.974664761724065576e-01	3.208971861635359080e-01	-4.919514266948947501e-02	1.022366747626596295e-01	-1.684623396645528182e-01	9.999999999999990008e-01	-6.732197407480542406e-01
4.661184264393008342e-02	-3.766406891472224433e-02	4.432281675923509939e-02	-4.289905507990682265e-02	6.236838468829519755e-02	-4.228379171972962425e-02	5.213388012201548849e-02	-4.836519864514819689e-02	4.633747883992701821e-02	-5.951039078121143910e-02	5.141027061990030567e-02	-6.412220657293088433e-02	7.281252289535823652e-02	-9.786665175844941333e-02	7.968598677308863509e-02	-6.477090422909556611e-02	6.471663960811634142e-02	-8.003077897733035240e-02	1.628621406331036137e-01	-1.730813381309676824e-01	9.222896947134970325e-02	-9.180943262116991743e-02	1.122327444090572002e-01	-2.029429492212065922e-01	1.928471527688914999e-01	-4.348845361732281423e-02	8.412954344334191981e-02	-1.189462537687860089e-01	3.254702391835345154e-01	-5.883606529126943485e-01	5.307387261210158580e-02	-1.048132150707312971e-01	1.258794075729936512e-01	-6.732197407480542406e-01	9.999999999999991118e-01
