1.000000000000000000e+00	-9.360113920928221365e-01	1.236900526482398038e-01	-1.022231687250659549e-01	5.391423730850456592e-02	-1.941282145629877609e-01	1.954064678145244760e-01	-9.599488149534816939e-02	8.458412266133691348e-02	-6.469728636598057192e-02	1.082907523821085849e-01	-1.245520723326910828e-01	7.687011961814826932e-02	-7.245929023747128828e-02	6.149476030533625875e-02	-9.564535542196415940e-02	7.405397589970930117e-02	-9.376304727696754826e-02	5.411123188872581091e-02	-5.675429448949123601e-02	6.592527704003327271e-02	-6.350583178233344672e-02	5.850303789723979020e-02	-5.673454794058221257e-02	7.188188806552557597e-02	-6.725591155037562163e-02	6.262700462291941050e-02	-4.558982750788272836e-02	3.554645057117718915e-02	-1.935147231425158112e-02	5.993872635897457696e-02	-4.866174907445097730e-02	6.513847810279235762e-02	-3.658697364780917616e-02	2.002502559492676942e-02
-9.360113920928221365e-01	1.000000000000000000e+00	-1.394298536373207997e-01	9.583828388769817519e-02	-5.115787050006163905e-02	1.611003211634584042e-01	-2.407112325897632354e-01	9.348007259097687593e-02	-8.307862590276618442e-02	5.987742126378663154e-02	-1.004025426207514754e-01	1.110362638848518685e-01	-7.266215343513039715e-02	6.725999846328432896e-02	-5.727161787083694111e-02	8.355718073099616117e-02	-6.777998088640962981e-02	8.441062234606988568e-02	-5.001170523796046735e-02	5.214160520706619117e-02	-5.971692791781080256e-02	5.700836425423527754e-02	-5.370657692927138793e-02	5.190084699209412261e-02	-6.625165566092686142e-02	5.976548573801215153e-02	-5.707854751576588170e-02	4.157983344564301215e-02	-3.256756043738941175e-02	1.772968067459702868e-02	-5.482145343647950447e-02	4.415310302767176676e-02	-5.985250879837349797e-02	3.335940428375185063e-02	-1.836993869441622823e-02
1.236900526482398038e-01	-1.394298536373207997e-01	9.999999999999998890e-01	-6.914903488748609384e-01	2.410324013604986937e-01	-1.329227234922591150e-01	1.651018609135144477e-01	-4.339174046452741185e-01	2.825724067491210412e-01	-2.925561028218557347e-01	1.130723923187730018e-01	-1.655415329494996646e-01	1.992371979226404966e-01	-2.003225459753887328e-01	1.806130909591091571e-01	-1.130274440141502273e-01	1.178068443120802583e-01	-1.992725069361599155e-01	1.363677578656535549e-01	-1.660528712754845426e-01	9.075183709092883577e-02	-9.880874066384288945e-02	1.157313147344239818e-01	-1.391969100389745806e-01	1.689121474601126272e-01	-9.693305670371990534e-02	1.010938912957217162e-01	-8.755424087045794723e-02	7.856303367696121365e-02	-4.430238003604715369e-02	1.000052745177701929e-01	-8.183682056913405001e-02	1.221767175809158334e-01	-8.084517329875817726e-02	4.553176381097748249e-02
-1.022231687250659549e-01	9.583828388769817519e-02	-6.914903488748609384e-01	9.999999999999998890e-01	-4.561573500938367332e-01	1.040485846435955652e-01	-1.391425876828958075e-01	2.513100490187876734e-01	-3.318579900159584484e-01	2.746401536167442092e-01	-9.479251534371480048e-02	1.324044943653414630e-01	-1.763767521103342395e-01	1.724044976061417933e-01	-1.917517577987653543e-01	9.175644663011935098e-02	-9.911603848545258444e-02	1.588096700551842877e-01	-1.245870708039039237e-01	1.485420856633371256e-01	-7.674545917532159256e-02	8.238308316059478331e-02	-1.024914133499159746e-01	1.208505994649587828e-01	-1.610789149185468949e-01	8.085730800029629350e-02	-8.681954206120560957e-02	7.619165921600458413e-02	-6.988536855818724969e-02	4.030362037140992892e-02	-8.747637543877168076e-02	7.066832956949140043e-02	-1.088316885882008450e-01	7.039454440180925587e-02	-4.178689920221456688e-02
5.391423730850456592e-02	-5.115787050006163905e-02	2.410324013604986937e-01	-4.561573500938367332e-01	1.000000000000000000e+00	-6.840507764393377599e-02	8.701331447607839331e-02	-1.459654118192359740e-01	1.720741282484180845e-01	-7.949336471027023121e-01	6.445305963326881937e-02	-9.397062710203991920e-02	1.147417468191705842e-01	-1.251705706493394799e-01	1.959437141692109974e-01	-6.513419131794438710e-02	7.086642525111636060e-02	-1.205203151018127139e-01	9.965656044665606450e-02	-1.648969038829634637e-01	5.446111204448834953e-02	-5.977626019301807841e-02	7.550625253305179307e-02	-9.966033562094825382e-02	1.264523114336422449e-01	-5.847275975663420583e-02	6.244026424496709055e-02	-5.681185304051702967e-02	5.447864173551774519e-02	-3.203970471142678078e-02	6.293198905567022605e-02	-5.139579149586138984e-02	7.920598010251791998e-02	-5.589433588328594771e-02	3.277915550160706570e-02
-1.941282145629877609e-01	1.611003211634584042e-01	-1.329227234922591150e-01	1.040485846435955652e-01	-6.840507764393377599e-02	1.000000000000000222e+00	-6.759471627589859200e-01	1.522098321389608322e-01	-1.462281348718282303e-01	7.809330403125236408e-02	-5.538367471943674847e-01	2.590267432400352732e-01	-1.412526222349525518e-01	1.226882291700186201e-01	-1.001119777633761587e-01	2.378864157938597457e-01	-1.649833458698372057e-01	1.672548821746791814e-01	-9.503294243225166027e-02	9.013119035015813851e-02	-1.733764714089704173e-01	1.343046070014790594e-01	-1.177880474631050195e-01	9.840334304200290538e-02	-1.278717505493967843e-01	1.472270577681567272e-01	-1.400851589409456699e-01	9.150649862004162083e-02	-6.608182121707767420e-02	3.472826225610214923e-02	-1.350969749904095130e-01	1.042759641349719629e-01	-1.365416982350531327e-01	6.703201111244597166e-02	-3.613915632248555776e-02
1.954064678145244760e-01	-2.407112325897632354e-01	1.651018609135144477e-01	-1.391425876828958075e-01	8.701331447607839331e-02	-6.759471627589859200e-01	1.000000000000000444e+00	-2.449202796843164553e-01	1.832772913962605887e-01	-1.021636240532781820e-01	2.917467418400125911e-01	-3.950656654646176880e-01	1.804399737749185773e-01	-1.636720883459813203e-01	1.232933228331973829e-01	-2.593738690052066476e-01	1.937555534917841937e-01	-2.210630129746881112e-01	1.186944656989129959e-01	-1.141721473446429408e-01	1.685873633450112596e-01	-1.638337290776965549e-01	1.360795318046972291e-01	-1.247187530098362307e-01	1.538651564117017312e-01	-1.715338645595728961e-01	1.560162920714690538e-01	-1.071317200277999149e-01	7.953600712161155994e-02	-4.218113806359311685e-02	1.452799745639838658e-01	-1.188014200222669015e-01	1.525489527812094737e-01	-8.189995847091045833e-02	4.365074871502340470e-02
-9.599488149534816939e-02	9.348007259097687593e-02	-4.339174046452741185e-01	2.513100490187876734e-01	-1.459654118192359740e-01	1.522098321389608322e-01	-2.449202796843164553e-01	1.000000000000000000e+00	-6.808632037232064116e-01	1.630125617426282092e-01	-1.284777656963930204e-01	1.833729626095460807e-01	-3.871654859145411964e-01	2.673427823439440965e-01	-1.605966915696197261e-01	1.188212002404089862e-01	-1.313276788161009123e-01	2.108107664837679252e-01	-1.530406991217431178e-01	1.415861885618298344e-01	-9.712851071367674394e-02	1.047740331139713627e-01	-1.240274495232397550e-01	1.439154641847008587e-01	-1.633682512017886612e-01	1.008378087147439039e-01	-1.083951317488742322e-01	9.164871835734633709e-02	-8.058832627434371620e-02	4.314618744213893214e-02	-1.059048334276768977e-01	8.600284101007846238e-02	-1.293935852319846869e-01	8.111544482959115454e-02	-4.453784635303612016e-02
8.458412266133691348e-02	-8.307862590276618442e-02	2.825724067491210412e-01	-3.318579900159584484e-01	1.720741282484180845e-01	-1.462281348718282303e-01	1.832772913962605887e-01	-6.808632037232064116e-01	1.000000000000001110e+00	-2.212272206825079413e-01	1.250451308156853014e-01	-1.911410166262821342e-01	2.856309431708496382e-01	-4.153354507188103395e-01	1.839313137628239836e-01	-1.238165711922588341e-01	1.351782210543440721e-01	-2.364184382669153039e-01	1.799899082816377727e-01	-1.725613535329649784e-01	1.001367075734196782e-01	-1.110534851462747358e-01	1.322216444791167733e-01	-1.775890441973580758e-01	1.803889333200312250e-01	-1.066346806955757731e-01	1.130090971165867014e-01	-9.938762574019420482e-02	9.134399593695399777e-02	-4.872594146565040890e-02	1.104687643799625030e-01	-9.092493439522081333e-02	1.362738534036617155e-01	-9.372787437995377946e-02	4.986207071993475903e-02
-6.469728636598057192e-02	5.987742126378663154e-02	-2.925561028218557347e-01	2.746401536167442092e-01	-7.949336471027023121e-01	7.809330403125236408e-02	-1.021636240532781820e-01	1.630125617426282092e-01	-2.212272206825079413e-01	9.999999999999987788e-01	-7.451632012483656864e-02	1.062134735807621078e-01	-1.365997258181182727e-01	1.447979074439333935e-01	-3.218353422031816069e-01	7.399611304116898713e-02	-8.137336467181936761e-02	1.342944512513505328e-01	-1.189195412937991136e-01	1.863631696471016175e-01	-6.274165614158834503e-02	6.827881214008237054e-02	-8.823324446090688444e-02	1.141121559556395881e-01	-1.558415729424120766e-01	6.685275645894842023e-02	-7.221107321817853142e-02	6.575837221002295285e-02	-6.362311965919272005e-02	3.800436543317566723e-02	-7.327893694779077927e-02	5.948224703788976275e-02	-9.280754564264834250e-02	6.430095414691723577e-02	-3.917277347083378269e-02
1.082907523821085849e-01	-1.004025426207514754e-01	1.130723923187730018e-01	-9.479251534371480048e-02	6.445305963326881937e-02	-5.538367471943674847e-01	2.917467418400125911e-01	-1.284777656963930204e-01	1.250451308156853014e-01	-7.451632012483656864e-02	1.000000000000000666e+00	-4.106747642034151990e-01	1.458874971633558337e-01	-1.282175268181622585e-01	1.021412953191184053e-01	-5.503179169029236428e-01	2.041004296588036226e-01	-1.959603269869763520e-01	1.005487726938253112e-01	-9.387837738193098580e-02	2.344574887298145338e-01	-1.768277554579702482e-01	1.305716843489882484e-01	-1.063844467087324830e-01	1.343750962025547779e-01	-2.123496459371168599e-01	1.703440008593864186e-01	-1.045897294835848729e-01	7.205191535469251951e-02	-3.733122089413398043e-02	1.583230124296319263e-01	-1.264594731611221601e-01	1.515641246654191865e-01	-7.399936083919292362e-02	3.871443054804668549e-02
-1.245520723326910828e-01	1.110362638848518685e-01	-1.655415329494996646e-01	1.324044943653414630e-01	-9.397062710203991920e-02	2.590267432400352732e-01	-3.950656654646176880e-01	1.833729626095460807e-01	-1.911410166262821342e-01	1.062134735807621078e-01	-4.106747642034151990e-01	9.999999999999987788e-01	-2.877166729093479369e-01	1.972002046201631609e-01	-1.562634364358602979e-01	2.575867507455985028e-01	-5.128834380162766715e-01	2.844758731178344546e-01	-1.556592849523241451e-01	1.382682677911292735e-01	-2.345454300104867773e-01	2.580823445747283396e-01	-2.005396365266200187e-01	1.557166592291975571e-01	-2.027387676869499833e-01	2.117407803377605591e-01	-2.649397192853558125e-01	1.529157716314630266e-01	-1.066973517057583781e-01	5.494322397272165259e-02	-2.196132988463848912e-01	1.732398677193976444e-01	-2.271753521550800015e-01	1.067170028254132153e-01	-5.732473210521069062e-02
7.687011961814826932e-02	-7.266215343513039715e-02	1.992371979226404966e-01	-1.763767521103342395e-01	1.147417468191705842e-01	-1.412526222349525518e-01	1.804399737749185773e-01	-3.871654859145411964e-01	2.856309431708496382e-01	-1.365997258181182727e-01	1.458874971633558337e-01	-2.877166729093479369e-01	1.000000000000000888e+00	-6.377162410733731024e-01	1.898816326949009092e-01	-1.403272789109693552e-01	1.894934762594810695e-01	-4.336982409613247547e-01	2.268796983857581662e-01	-1.825772763366977636e-01	1.198755294057253645e-01	-1.427928349264980801e-01	1.697099727199762043e-01	-2.187546910551078361e-01	2.012564884404891286e-01	-1.260899871617785217e-01	1.424935482475919446e-01	-1.247140730258806673e-01	1.089962314564653645e-01	-5.546932309932481320e-02	1.343256575468166347e-01	-1.112104231483703048e-01	1.674672012326670623e-01	-1.108535987478612428e-01	5.674664275851598605e-02
-7.245929023747128828e-02	6.725999846328432896e-02	-2.003225459753887328e-01	1.724044976061417933e-01	-1.251705706493394799e-01	1.226882291700186201e-01	-1.636720883459813203e-01	2.673427823439440965e-01	-4.153354507188103395e-01	1.447979074439333935e-01	-1.282175268181622585e-01	1.972002046201631609e-01	-6.377162410733731024e-01	1.000000000000002220e+00	-2.608182974329431580e-01	1.229070007321318991e-01	-1.567868098403426280e-01	2.654468655067495630e-01	-3.893478494437372373e-01	2.123115342635181479e-01	-1.084104520597023030e-01	1.221528695834952077e-01	-1.681829244326142059e-01	2.397205798023399892e-01	-2.300139290073131837e-01	1.139372028931914110e-01	-1.298256536347173751e-01	1.201083734514382384e-01	-1.195363277605739349e-01	6.000083033487815104e-02	-1.283715780645598992e-01	1.047347461491864445e-01	-1.668894630957835357e-01	1.151117430242240003e-01	-6.179518390340296707e-02
6.149476030533625875e-02	-5.727161787083694111e-02	1.806130909591091571e-01	-1.917517577987653543e-01	1.959437141692109974e-01	-1.001119777633761587e-01	1.232933228331973829e-01	-1.605966915696197261e-01	1.839313137628239836e-01	-3.218353422031816069e-01	1.021412953191184053e-01	-1.562634364358602979e-01	1.898816326949009092e-01	-2.608182974329431580e-01	9.999999999999994449e-01	-1.076183436881920780e-01	1.219250208721937428e-01	-2.232387545491245906e-01	2.367415586309286057e-01	-7.306529751792677496e-01	9.169753531098026600e-02	-1.039210487875996958e-01	1.397610560900627019e-01	-2.335644456154802595e-01	2.650746555790398085e-01	-1.004535102450379719e-01	1.083308507725062181e-01	-1.060340012763193451e-01	1.119731676432970668e-01	-6.758665691506794693e-02	1.095005958563615989e-01	-9.076115148233337981e-02	1.420914383429550676e-01	-1.166135010739622335e-01	6.729777674568493406e-02
-9.564535542196415940e-02	8.355718073099616117e-02	-1.130274440141502273e-01	9.175644663011935098e-02	-6.513419131794438710e-02	2.378864157938597457e-01	-2.593738690052066476e-01	1.188212002404089862e-01	-1.238165711922588341e-01	7.399611304116898713e-02	-5.503179169029236428e-01	2.575867507455985028e-01	-1.403272789109693552e-01	1.229070007321318991e-01	-1.076183436881920780e-01	9.999999999999982236e-01	-2.401376035852271218e-01	1.959880910912737417e-01	-1.053950954562049291e-01	9.713014334791601756e-02	-5.754754020296810602e-01	2.045192347294385038e-01	-1.571586869779712792e-01	1.114128995659679211e-01	-1.467796659440204210e-01	2.718232771268262460e-01	-2.296920266186918969e-01	1.252959533368766532e-01	-8.139456295371612360e-02	4.103728348397572834e-02	-2.265503149816948392e-01	1.616192702369727840e-01	-1.933807528499302542e-01	8.246161101594645659e-02	-4.276152661948012801e-02
7.405397589970930117e-02	-6.777998088640962981e-02	1.178068443120802583e-01	-9.911603848545258444e-02	7.086642525111636060e-02	-1.649833458698372057e-01	1.937555534917841937e-01	-1.313276788161009123e-01	1.351782210543440721e-01	-8.137336467181936761e-02	2.041004296588036226e-01	-5.128834380162766715e-01	1.894934762594810695e-01	-1.567868098403426280e-01	1.219250208721937428e-01	-2.401376035852271218e-01	9.999999999999992228e-01	-4.103362384869511659e-01	1.295959366166187510e-01	-1.125617516731726858e-01	2.037687710552866516e-01	-5.880785179570467980e-01	1.845470139349008054e-01	-1.347899953988550836e-01	1.608134294719388291e-01	-2.212007549281256036e-01	2.740269189576639564e-01	-1.488816514909029887e-01	9.150962375257752635e-02	-4.565157384762177223e-02	1.906454155382937554e-01	-1.771755706877748693e-01	1.963950398363310534e-01	-9.380613484924492373e-02	4.721449549332513984e-02
-9.376304727696754826e-02	8.441062234606988568e-02	-1.992725069361599155e-01	1.588096700551842877e-01	-1.205203151018127139e-01	1.672548821746791814e-01	-2.210630129746881112e-01	2.108107664837679252e-01	-2.364184382669153039e-01	1.342944512513505328e-01	-1.959603269869763520e-01	2.844758731178344546e-01	-4.336982409613247547e-01	2.654468655067495630e-01	-2.232387545491245906e-01	1.959880910912737417e-01	-4.103362384869511659e-01	1.000000000000002665e+00	-2.629100961334541742e-01	1.941197579045233212e-01	-1.892924434382859400e-01	2.394663139228461468e-01	-3.603938908226827498e-01	2.286859244072215192e-01	-2.871730425317432500e-01	1.977141388022856661e-01	-2.562699943315588369e-01	2.222641774216432553e-01	-1.539693469214266919e-01	7.668994712712148831e-02	-2.355556197311335920e-01	1.923341681281061644e-01	-3.141351727481829226e-01	1.485002729794750176e-01	-8.023506125971238689e-02
5.411123188872581091e-02	-5.001170523796046735e-02	1.363677578656535549e-01	-1.245870708039039237e-01	9.965656044665606450e-02	-9.503294243225166027e-02	1.186944656989129959e-01	-1.530406991217431178e-01	1.799899082816377727e-01	-1.189195412937991136e-01	1.005487726938253112e-01	-1.556592849523241451e-01	2.268796983857581662e-01	-3.893478494437372373e-01	2.367415586309286057e-01	-1.053950954562049291e-01	1.295959366166187510e-01	-2.629100961334541742e-01	1.000000000000001776e+00	-3.606290036255736520e-01	9.236081970593512658e-02	-1.088175486635179906e-01	1.748566209082866307e-01	-7.051801290415684598e-01	2.567221233170018380e-01	-1.018067494998894373e-01	1.139371561923531728e-01	-1.309675768184535849e-01	1.686524037711931434e-01	-7.444737284507674246e-02	1.137007654090459452e-01	-9.696658392269166815e-02	1.572626744572088731e-01	-1.703064260884575298e-01	7.380389047030118388e-02
-5.675429448949123601e-02	5.214160520706619117e-02	-1.660528712754845426e-01	1.485420856633371256e-01	-1.648969038829634637e-01	9.013119035015813851e-02	-1.141721473446429408e-01	1.415861885618298344e-01	-1.725613535329649784e-01	1.863631696471016175e-01	-9.387837738193098580e-02	1.382682677911292735e-01	-1.825772763366977636e-01	2.123115342635181479e-01	-7.306529751792677496e-01	9.713014334791601756e-02	-1.125617516731726858e-01	1.941197579045233212e-01	-3.606290036255736520e-01	9.999999999999966693e-01	-8.504144685277380267e-02	9.549552948870651536e-02	-1.406129382884081236e-01	2.420829492631028645e-01	-3.985317983255485808e-01	9.253849575928592419e-02	-1.022594687183626255e-01	1.036050265937329823e-01	-1.200779340794557171e-01	7.799845931173787772e-02	-1.049118747091279114e-01	8.647882280091687135e-02	-1.403918715066338474e-01	1.175595979133990943e-01	-7.924815206504627618e-02
6.592527704003327271e-02	-5.971692791781080256e-02	9.075183709092883577e-02	-7.674545917532159256e-02	5.446111204448834953e-02	-1.733764714089704173e-01	1.685873633450112596e-01	-9.712851071367674394e-02	1.001367075734196782e-01	-6.274165614158834503e-02	2.344574887298145338e-01	-2.345454300104867773e-01	1.198755294057253645e-01	-1.084104520597023030e-01	9.169753531098026600e-02	-5.754754020296810602e-01	2.037687710552866516e-01	-1.892924434382859400e-01	9.236081970593512658e-02	-8.504144685277380267e-02	9.999999999999970024e-01	-2.726156759420293452e-01	1.398330232589617972e-01	-1.005423009224657299e-01	1.257255912056392533e-01	-6.209192061844456267e-01	2.441532550828260928e-01	-1.202037355349973441e-01	7.292051558478537809e-02	-3.636239393898905298e-02	2.250598071232464692e-01	-1.787386777111447111e-01	1.717015392032520404e-01	-7.591131999313216472e-02	3.760416681367903524e-02
-6.350583178233344672e-02	5.700836425423527754e-02	-9.880874066384288945e-02	8.238308316059478331e-02	-5.977626019301807841e-02	1.343046070014790594e-01	-1.638337290776965549e-01	1.047740331139713627e-01	-1.110534851462747358e-01	6.827881214008237054e-02	-1.768277554579702482e-01	2.580823445747283396e-01	-1.427928349264980801e-01	1.221528695834952077e-01	-1.039210487875996958e-01	2.045192347294385038e-01	-5.880785179570467980e-01	2.394663139228461468e-01	-1.088175486635179906e-01	9.549552948870651536e-02	-2.726156759420293452e-01	1.000000000000000000e+00	-2.035068811145700207e-01	1.166146440177820015e-01	-1.418351457783752489e-01	2.468139335084802988e-01	-5.925427041445188170e-01	1.613524845854056033e-01	-8.677964932701737188e-02	4.143979922426609119e-02	-2.338291393130855766e-01	2.137663187107503582e-01	-2.190781039450458989e-01	8.855353083327491270e-02	-4.291337384220977880e-02
5.850303789723979020e-02	-5.370657692927138793e-02	1.157313147344239818e-01	-1.024914133499159746e-01	7.550625253305179307e-02	-1.177880474631050195e-01	1.360795318046972291e-01	-1.240274495232397550e-01	1.322216444791167733e-01	-8.823324446090688444e-02	1.305716843489882484e-01	-2.005396365266200187e-01	1.697099727199762043e-01	-1.681829244326142059e-01	1.397610560900627019e-01	-1.571586869779712792e-01	1.845470139349008054e-01	-3.603938908226827498e-01	1.748566209082866307e-01	-1.406129382884081236e-01	1.398330232589617972e-01	-2.035068811145700207e-01	1.000000000000007327e+00	-2.477653283670575857e-01	1.954141981720416421e-01	-1.729678115137986694e-01	1.990464805133104476e-01	-7.214940390363798750e-01	1.577822877835011461e-01	-6.597311720334358975e-02	1.809489590327021946e-01	-1.906921146025647162e-01	3.001902631190704329e-01	-1.666974166026413684e-01	6.630817425749596650e-02
-5.673454794058221257e-02	5.190084699209412261e-02	-1.391969100389745806e-01	1.208505994649587828e-01	-9.966033562094825382e-02	9.840334304200290538e-02	-1.247187530098362307e-01	1.439154641847008587e-01	-1.775890441973580758e-01	1.141121559556395881e-01	-1.063844467087324830e-01	1.557166592291975571e-01	-2.187546910551078361e-01	2.397205798023399892e-01	-2.335644456154802595e-01	1.114128995659679211e-01	-1.347899953988550836e-01	2.286859244072215192e-01	-7.051801290415684598e-01	2.420829492631028645e-01	-1.005423009224657299e-01	1.166146440177820015e-01	-2.477653283670575857e-01	1.000000000000005107e+00	-3.732888995125674958e-01	1.112759840267744382e-01	-1.275031013784914680e-01	1.613607733877555628e-01	-2.836878139286302392e-01	9.411056477590001856e-02	-1.310298514372405798e-01	1.115570054767670294e-01	-1.940058651226277964e-01	2.063672864253951467e-01	-9.570390526448697976e-02
7.188188806552557597e-02	-6.625165566092686142e-02	1.689121474601126272e-01	-1.610789149185468949e-01	1.264523114336422449e-01	-1.278717505493967843e-01	1.538651564117017312e-01	-1.633682512017886612e-01	1.803889333200312250e-01	-1.558415729424120766e-01	1.343750962025547779e-01	-2.027387676869499833e-01	2.012564884404891286e-01	-2.300139290073131837e-01	2.650746555790398085e-01	-1.467796659440204210e-01	1.608134294719388291e-01	-2.871730425317432500e-01	2.567221233170018380e-01	-3.985317983255485808e-01	1.257255912056392533e-01	-1.418351457783752489e-01	1.954141981720416421e-01	-3.732888995125674958e-01	1.000000000000002887e+00	-1.401663593314249889e-01	1.493484898411093498e-01	-1.530952916706264655e-01	1.786793987146891860e-01	-2.044770580329097476e-01	1.542372222705590823e-01	-1.284331338738355366e-01	2.027761891018172169e-01	-1.979144861773196595e-01	1.635817544913390764e-01
-6.725591155037562163e-02	5.976548573801215153e-02	-9.693305670371990534e-02	8.085730800029629350e-02	-5.847275975663420583e-02	1.472270577681567272e-01	-1.715338645595728961e-01	1.008378087147439039e-01	-1.066346806955757731e-01	6.685275645894842023e-02	-2.123496459371168599e-01	2.117407803377605591e-01	-1.260899871617785217e-01	1.139372028931914110e-01	-1.004535102450379719e-01	2.718232771268262460e-01	-2.212007549281256036e-01	1.977141388022856661e-01	-1.018067494998894373e-01	9.253849575928592419e-02	-6.209192061844456267e-01	2.468139335084802988e-01	-1.729678115137986694e-01	1.112759840267744382e-01	-1.401663593314249889e-01	9.999999999999998890e-01	-4.182435782708665006e-01	1.506363920128183931e-01	-8.603166735098181916e-02	4.130161068819220710e-02	-4.362410871771070786e-01	2.508873232125927721e-01	-2.333289808357254247e-01	8.873112960952481143e-02	-4.281577708474097743e-02
6.262700462291941050e-02	-5.707854751576588170e-02	1.010938912957217162e-01	-8.681954206120560957e-02	6.244026424496709055e-02	-1.400851589409456699e-01	1.560162920714690538e-01	-1.083951317488742322e-01	1.130090971165867014e-01	-7.221107321817853142e-02	1.703440008593864186e-01	-2.649397192853558125e-01	1.424935482475919446e-01	-1.298256536347173751e-01	1.083308507725062181e-01	-2.296920266186918969e-01	2.740269189576639564e-01	-2.562699943315588369e-01	1.139371561923531728e-01	-1.022594687183626255e-01	2.441532550828260928e-01	-5.925427041445188170e-01	1.990464805133104476e-01	-1.275031013784914680e-01	1.493484898411093498e-01	-4.182435782708665006e-01	1.000000000000000222e+00	-2.138008964121801969e-01	9.644751318198740986e-02	-4.554650205324936585e-02	2.844590553852152648e-01	-4.159610694115824514e-01	2.473758206616463451e-01	-1.022313975594240365e-01	4.677586104369256537e-02
-4.558982750788272836e-02	4.157983344564301215e-02	-8.755424087045794723e-02	7.619165921600458413e-02	-5.681185304051702967e-02	9.150649862004162083e-02	-1.071317200277999149e-01	9.164871835734633709e-02	-9.938762574019420482e-02	6.575837221002295285e-02	-1.045897294835848729e-01	1.529157716314630266e-01	-1.247140730258806673e-01	1.201083734514382384e-01	-1.060340012763193451e-01	1.252959533368766532e-01	-1.488816514909029887e-01	2.222641774216432553e-01	-1.309675768184535849e-01	1.036050265937329823e-01	-1.202037355349973441e-01	1.613524845854056033e-01	-7.214940390363798750e-01	1.613607733877555628e-01	-1.530952916706264655e-01	1.506363920128183931e-01	-2.138008964121801969e-01	1.000000000000002442e+00	-1.704342794516169324e-01	5.583466534613664572e-02	-1.900221885813733469e-01	1.964122854326702805e-01	-5.300919637904017989e-01	1.545156029452489921e-01	-5.682722043984310412e-02
3.554645057117718915e-02	-3.256756043738941175e-02	7.856303367696121365e-02	-6.988536855818724969e-02	5.447864173551774519e-02	-6.608182121707767420e-02	7.953600712161155994e-02	-8.058832627434371620e-02	9.134399593695399777e-02	-6.362311965919272005e-02	7.205191535469251951e-02	-1.066973517057583781e-01	1.089962314564653645e-01	-1.195363277605739349e-01	1.119731676432970668e-01	-8.139456295371612360e-02	9.150962375257752635e-02	-1.539693469214266919e-01	1.686524037711931434e-01	-1.200779340794557171e-01	7.292051558478537809e-02	-8.677964932701737188e-02	1.577822877835011461e-01	-2.836878139286302392e-01	1.786793987146891860e-01	-8.603166735098181916e-02	9.644751318198740986e-02	-1.704342794516169324e-01	1.000000000000001332e+00	-1.640306282104472824e-01	1.009279364169318877e-01	-9.561170296073430441e-02	1.773229956157027498e-01	-8.691584697505283508e-01	1.505851461601950825e-01
-1.935147231425158112e-02	1.772968067459702868e-02	-4.430238003604715369e-02	4.030362037140992892e-02	-3.203970471142678078e-02	3.472826225610214923e-02	-4.218113806359311685e-02	4.314618744213893214e-02	-4.872594146565040890e-02	3.800436543317566723e-02	-3.733122089413398043e-02	5.494322397272165259e-02	-5.546932309932481320e-02	6.000083033487815104e-02	-6.758665691506794693e-02	4.103728348397572834e-02	-4.565157384762177223e-02	7.668994712712148831e-02	-7.444737284507674246e-02	7.799845931173787772e-02	-3.636239393898905298e-02	4.143979922426609119e-02	-6.597311720334358975e-02	9.411056477590001856e-02	-2.044770580329097476e-01	4.130161068819220710e-02	-4.554650205324936585e-02	5.583466534613664572e-02	-1.640306282104472824e-01	1.000000000000001332e+00	-4.842767967372145488e-02	4.187249795429687227e-02	-7.419035338055558759e-02	1.589040975044654636e-01	-9.418509659299993952e-01
5.993872635897457696e-02	-5.482145343647950447e-02	1.000052745177701929e-01	-8.747637543877168076e-02	6.293198905567022605e-02	-1.350969749904095130e-01	1.452799745639838658e-01	-1.059048334276768977e-01	1.104687643799625030e-01	-7.327893694779077927e-02	1.583230124296319263e-01	-2.196132988463848912e-01	1.343256575468166347e-01	-1.283715780645598992e-01	1.095005958563615989e-01	-2.265503149816948392e-01	1.906454155382937554e-01	-2.355556197311335920e-01	1.137007654090459452e-01	-1.049118747091279114e-01	2.250598071232464692e-01	-2.338291393130855766e-01	1.809489590327021946e-01	-1.310298514372405798e-01	1.542372222705590823e-01	-4.362410871771070786e-01	2.844590553852152648e-01	-1.900221885813733469e-01	1.009279364169318877e-01	-4.842767967372145488e-02	1.000000000000001998e+00	-6.856248403275692072e-01	2.717784249778144035e-01	-1.118035495076786373e-01	4.948310985298423614e-02
-4.866174907445097730e-02	4.415310302767176676e-02	-8.183682056913405001e-02	7.066832956949140043e-02	-5.139579149586138984e-02	1.042759641349719629e-01	-1.188014200222669015e-01	8.600284101007846238e-02	-9.092493439522081333e-02	5.948224703788976275e-02	-1.264594731611221601e-01	1.732398677193976444e-01	-1.112104231483703048e-01	1.047347461491864445e-01	-9.076115148233337981e-02	1.616192702369727840e-01	-1.771755706877748693e-01	1.923341681281061644e-01	-9.696658392269166815e-02	8.647882280091687135e-02	-1.787386777111447111e-01	2.137663187107503582e-01	-1.906921146025647162e-01	1.115570054767670294e-01	-1.284331338738355366e-01	2.508873232125927721e-01	-4.159610694115824514e-01	1.964122854326702805e-01	-9.561170296073430441e-02	4.187249795429687227e-02	-6.856248403275692072e-01	1.000000000000001332e+00	-4.521052157385894166e-01	1.028967410500350316e-01	-4.309151996630199155e-02
6.513847810279235762e-02	-5.985250879837349797e-02	1.221767175809158334e-01	-1.088316885882008450e-01	7.920598010251791998e-02	-1.365416982350531327e-01	1.525489527812094737e-01	-1.293935852319846869e-01	1.362738534036617155e-01	-9.280754564264834250e-02	1.515641246654191865e-01	-2.271753521550800015e-01	1.674672012326670623e-01	-1.668894630957835357e-01	1.420914383429550676e-01	-1.933807528499302542e-01	1.963950398363310534e-01	-3.141351727481829226e-01	1.572626744572088731e-01	-1.403918715066338474e-01	1.717015392032520404e-01	-2.190781039450458989e-01	3.001902631190704329e-01	-1.940058651226277964e-01	2.027761891018172169e-01	-2.333289808357254247e-01	2.473758206616463451e-01	-5.300919637904017989e-01	1.773229956157027498e-01	-7.419035338055558759e-02	2.717784249778144035e-01	-4.521052157385894166e-01	1.000000000000001776e+00	-2.205974936976666245e-01	7.509785070227198434e-02
-3.658697364780917616e-02	3.335940428375185063e-02	-8.084517329875817726e-02	7.039454440180925587e-02	-5.589433588328594771e-02	6.703201111244597166e-02	-8.189995847091045833e-02	8.111544482959115454e-02	-9.372787437995377946e-02	6.430095414691723577e-02	-7.399936083919292362e-02	1.067170028254132153e-01	-1.108535987478612428e-01	1.151117430242240003e-01	-1.166135010739622335e-01	8.246161101594645659e-02	-9.380613484924492373e-02	1.485002729794750176e-01	-1.703064260884575298e-01	1.175595979133990943e-01	-7.591131999313216472e-02	8.855353083327491270e-02	-1.666974166026413684e-01	2.063672864253951467e-01	-1.979144861773196595e-01	8.873112960952481143e-02	-1.022313975594240365e-01	1.545156029452489921e-01	-8.691584697505283508e-01	1.589040975044654636e-01	-1.118035495076786373e-01	1.028967410500350316e-01	-2.205974936976666245e-01	1.000000000000001554e+00	-1.979962034016853334e-01
2.002502559492676942e-02	-1.836993869441622823e-02	4.553176381097748249e-02	-4.178689920221456688e-02	3.277915550160706570e-02	-3.613915632248555776e-02	4.365074871502340470e-02	-4.453784635303612016e-02	4.986207071993475903e-02	-3.917277347083378269e-02	3.871443054804668549e-02	-5.732473210521069062e-02	5.674664275851598605e-02	-6.179518390340296707e-02	6.729777674568493406e-02	-4.276152661948012801e-02	4.721449549332513984e-02	-8.023506125971238689e-02	7.380389047030118388e-02	-7.924815206504627618e-02	3.760416681367903524e-02	-4.291337384220977880e-02	6.630817425749596650e-02	-9.570390526448697976e-02	1.635817544913390764e-01	-4.281577708474097743e-02	4.677586104369256537e-02	-5.682722043984310412e-02	1.505851461601950825e-01	-9.418509659299993952e-01	4.948310985298423614e-02	-4.309151996630199155e-02	7.509785070227198434e-02	-1.979962034016853334e-01	1.000000000000001554e+00
