1.000000000000000000e+00	-1.118281349409778747e-01	8.752354853816529667e-02	-5.927469006430365062e-02	6.859129710665351487e-02	-8.912151260425784649e-01	1.873407996500977835e-01	-1.373546389917985611e-01	9.871860136749500969e-02	-7.271437904586376677e-02	2.294020223428413496e-01	-2.044899198796795159e-01	9.060732235269694512e-02	-8.129085440257835526e-02	7.654945670461747731e-02	-2.067911123470282386e-01	9.689247151894825327e-02	-8.571914167831008735e-02	5.957314556463947502e-02	-6.054615651582273550e-02	9.612076839299485420e-02	-8.658781998374733002e-02	6.443047878540664186e-02	-6.097160506461659496e-02	5.903820901285534994e-02	-9.900981028716884791e-02	1.061816917883097455e-01	-7.184417835199409519e-02	5.058303979694143970e-02	-4.057616392126862925e-02	6.204403310851221154e-02	-5.420530589545261707e-02	6.936154353462872790e-02	-3.090573280694865546e-02	3.262343284686725770e-02
-1.118281349409778747e-01	9.999999999999998890e-01	-8.868669053542418412e-01	1.317715306037461898e-01	-1.589117258844661706e-01	9.032656422146505271e-02	-2.144362208131212755e-01	2.481864788290380208e-01	-1.990975741862250348e-01	1.124335068436184970e-01	-1.121760564229239976e-01	1.341771664763931338e-01	-1.349653189800336106e-01	1.114248104924364657e-01	-1.243116815713102147e-01	9.598417235028175454e-02	-6.731524491178651759e-02	6.177949167155980664e-02	-6.328795666584786928e-02	7.017806404341005166e-02	-5.832449165347770859e-02	5.951798686183733256e-02	-4.959399056954264667e-02	5.856282490637160915e-02	-6.852600774184522403e-02	5.721161783471600398e-02	-7.993180430888631449e-02	5.537387061200806093e-02	-5.313020623839014717e-02	4.168096589554834419e-02	-4.454357490448016682e-02	3.817688848410248637e-02	-5.564182008025519988e-02	2.756938484026592168e-02	-2.958581392299190760e-02
8.752354853816529667e-02	-8.868669053542418412e-01	9.999999999999997780e-01	-1.336274587621533172e-01	1.331609760417929444e-01	-7.749472294824809315e-02	1.751422293946681141e-01	-3.431701183549581979e-01	1.734567589066269289e-01	-1.019384901035891716e-01	9.438611734645943607e-02	-1.229604921582587163e-01	1.145525188659667348e-01	-1.010372142863556894e-01	1.032949880676914262e-01	-8.567497472741961162e-02	5.789564002086748651e-02	-5.401280917480964783e-02	5.362216719529838693e-02	-6.016024060669714763e-02	5.051661206882370608e-02	-5.199860055470780645e-02	4.285144439153865115e-02	-5.034425278850161029e-02	5.726098955493116871e-02	-5.040341863284567014e-02	6.827499270376274909e-02	-4.793971541593065183e-02	4.453211694092904654e-02	-3.531022736698068154e-02	3.825067515344068858e-02	-3.296394020721314655e-02	4.762327187679786522e-02	-2.352677923172287813e-02	2.513984953751535051e-02
-5.927469006430365062e-02	1.317715306037461898e-01	-1.336274587621533172e-01	9.999999999999998890e-01	-8.726417234567418468e-01	5.209994344081838452e-02	-1.272395671847420529e-01	1.903230808681342923e-01	-3.600991754474509032e-01	1.680221846972999311e-01	-8.320610731759754686e-02	1.075449940175323138e-01	-1.243610869388323686e-01	1.290007171914466788e-01	-1.466773932976805639e-01	8.313246597436639573e-02	-6.038137092925051352e-02	5.941317505145438799e-02	-6.466564366903389260e-02	7.675770058290481979e-02	-5.077039683579925855e-02	5.594055715323460742e-02	-4.730204438802606409e-02	5.982066361395717291e-02	-6.970524418030460412e-02	5.145123719890576375e-02	-7.170565962145510064e-02	5.271107427971648274e-02	-5.204911779125144522e-02	4.180724860543849619e-02	-4.004916035325682688e-02	3.472513528974892349e-02	-5.185815611203209441e-02	2.667748947846195276e-02	-2.846234096242221748e-02
6.859129710665351487e-02	-1.589117258844661706e-01	1.331609760417929444e-01	-8.726417234567418468e-01	9.999999999999998890e-01	-6.140670583019276069e-02	1.401162760602992219e-01	-2.239925736531577505e-01	2.550086019277149063e-01	-1.969838334250649248e-01	9.850330093220147076e-02	-1.317184682560884335e-01	1.297684024979612327e-01	-1.448510895881632010e-01	1.492810970155282468e-01	-1.048245191398382431e-01	7.354935743621568434e-02	-7.314223757415500016e-02	7.372864285973999843e-02	-8.848479335045432437e-02	6.285847146224485260e-02	-6.921515428115077029e-02	5.739600445325171441e-02	-7.064316892162000872e-02	7.811312891211141807e-02	-6.474731954928625299e-02	8.834494815752072516e-02	-6.503942956561871436e-02	5.990144731734313444e-02	-4.877773676012693571e-02	4.946519819796089262e-02	-4.304793003623938463e-02	6.331670496407165727e-02	-3.200507945241368168e-02	3.392972820086527508e-02
-8.912151260425784649e-01	9.032656422146505271e-02	-7.749472294824809315e-02	5.209994344081838452e-02	-6.140670583019276069e-02	9.999999999999994449e-01	-2.184535303369301018e-01	1.210083105274063903e-01	-8.989693980615243163e-02	6.334821063755796677e-02	-3.047834457375220296e-01	1.881836984197313711e-01	-8.302069199760243878e-02	7.188752186692694279e-02	-6.801308258733977652e-02	1.713615299606252029e-01	-8.368745383675174621e-02	7.049665888933932811e-02	-5.063501809324560260e-02	5.140553104634180970e-02	-8.320981669674491765e-02	7.145838215926676729e-02	-5.377014743018903448e-02	5.106039559563535501e-02	-5.046839300907182690e-02	8.069352847522227867e-02	-8.990568109453837831e-02	5.913937806318517870e-02	-4.283227520040747832e-02	3.416938095222143285e-02	-5.218678964899991363e-02	4.504453964102945324e-02	-5.787710593237793688e-02	2.578579353821482123e-02	-2.731142326673473286e-02
1.873407996500977835e-01	-2.144362208131212755e-01	1.751422293946681141e-01	-1.272395671847420529e-01	1.401162760602992219e-01	-2.184535303369301018e-01	1.000000000000000444e+00	-4.917031158576795069e-01	2.287333639206119984e-01	-1.562066091642782539e-01	2.654981756134747184e-01	-6.156038096978625473e-01	1.993484202849686027e-01	-1.815356704047042524e-01	1.545015324087660180e-01	-2.449339460545145453e-01	1.346606720331193219e-01	-1.222784116203493449e-01	9.862539364831145183e-02	-1.057901804678406527e-01	1.247397294647275556e-01	-1.207457789887869115e-01	9.328250018424801004e-02	-9.742323514870283863e-02	1.000335686476629682e-01	-1.274523680664049197e-01	1.497465993501695125e-01	-1.036776503593979937e-01	8.166466137046593521e-02	-6.560282034267957141e-02	8.599845754263010789e-02	-7.483513391353026345e-02	1.007113377342042648e-01	-4.697516260070561112e-02	4.974327743227737603e-02
-1.373546389917985611e-01	2.481864788290380208e-01	-3.431701183549581979e-01	1.903230808681342923e-01	-2.239925736531577505e-01	1.210083105274063903e-01	-4.917031158576795069e-01	1.000000000000000222e+00	-5.335227386250708248e-01	2.150328437752651867e-01	-1.807459258511765199e-01	2.416848764378481118e-01	-2.850474015273301576e-01	2.209812868098812721e-01	-2.302863791703877172e-01	1.532849542778908503e-01	-1.067486443575965949e-01	9.923899749542730575e-02	-1.059682053073903313e-01	1.194095281401193337e-01	-9.138180024272696267e-02	9.475601816303277913e-02	-7.937011814521610642e-02	9.654537884182018415e-02	-1.139456119241673560e-01	8.994590187141558724e-02	-1.228033225605136974e-01	8.709524882512008348e-02	-8.586009818308761032e-02	6.776992965670414204e-02	-6.882977706755102898e-02	5.924648224726736245e-02	-8.667365108118713080e-02	4.374050625560504946e-02	-4.688977778964371207e-02
9.871860136749500969e-02	-1.990975741862250348e-01	1.734567589066269289e-01	-3.600991754474509032e-01	2.550086019277149063e-01	-8.989693980615243163e-02	2.287333639206119984e-01	-5.335227386250708248e-01	1.000000000000000222e+00	-4.525414778583941033e-01	1.434410484499495930e-01	-2.054354626143224394e-01	2.393128895301946391e-01	-3.234642356874974922e-01	2.665698325658297785e-01	-1.469725658857748696e-01	1.030515449603545269e-01	-1.030777554962296755e-01	1.131886036556162822e-01	-1.400453022907557077e-01	8.643456330622978356e-02	-9.634392275614017676e-02	8.118066830020322089e-02	-1.049804881277680152e-01	1.193810750858671083e-01	-8.847991446809115590e-02	1.185468478666136666e-01	-8.911157382962989204e-02	8.769605907498946584e-02	-7.156083180422924406e-02	6.674634777897721361e-02	-5.818534979381272121e-02	8.640460272039249268e-02	-4.496930101601747526e-02	4.776345257036688358e-02
-7.271437904586376677e-02	1.124335068436184970e-01	-1.019384901035891716e-01	1.680221846972999311e-01	-1.969838334250649248e-01	6.334821063755796677e-02	-1.562066091642782539e-01	2.150328437752651867e-01	-4.525414778583941033e-01	9.999999999999994449e-01	-1.065367564178232584e-01	1.336372506230392720e-01	-1.977650241996864733e-01	2.080440024744906191e-01	-7.506613914794971754e-01	1.070687062960418018e-01	-9.153033840265488441e-02	9.573636525075034098e-02	-1.468441582455813077e-01	1.949231254572799388e-01	-6.829244317354472849e-02	8.545537466836355955e-02	-7.921893969049377537e-02	1.200571986605961095e-01	-1.726230606841975546e-01	6.862407323509521484e-02	-9.957367699043540021e-02	8.184446126123533227e-02	-1.095171643209574414e-01	8.710727754616215401e-02	-5.589218916697347161e-02	4.890395144825978452e-02	-8.024534784263687159e-02	4.733230247653710809e-02	-5.122341324125788409e-02
2.294020223428413496e-01	-1.121760564229239976e-01	9.438611734645943607e-02	-8.320610731759754686e-02	9.850330093220147076e-02	-3.047834457375220296e-01	2.654981756134747184e-01	-1.807459258511765199e-01	1.434410484499495930e-01	-1.065367564178232584e-01	9.999999999999995559e-01	-5.414029765931829274e-01	1.479669391647046028e-01	-1.285769601816103558e-01	1.157149264429033625e-01	-5.709255917632793942e-01	1.810931938255745388e-01	-1.481947478726725886e-01	9.595848487092703549e-02	-9.445224087885388531e-02	1.904269183215764882e-01	-1.526547863887186829e-01	1.103016942373151871e-01	-9.850168979151199822e-02	9.309391126247189285e-02	-1.860834353011098785e-01	1.776426329415980443e-01	-1.170526556647939059e-01	8.017166028034627967e-02	-6.415562884255673892e-02	1.061502467671806144e-01	-9.241285881017130555e-02	1.128645053741335336e-01	-4.938055503335334051e-02	5.211036346810837827e-02
-2.044899198796795159e-01	1.341771664763931338e-01	-1.229604921582587163e-01	1.075449940175323138e-01	-1.317184682560884335e-01	1.881836984197313711e-01	-6.156038096978625473e-01	2.416848764378481118e-01	-2.054354626143224394e-01	1.336372506230392720e-01	-5.414029765931829274e-01	1.000000000000001110e+00	-2.580712150832564777e-01	1.789706077231992265e-01	-1.516543233523623135e-01	2.468805125409777035e-01	-1.484330170286106698e-01	1.177613091898542519e-01	-9.674790272471069097e-02	9.966481817159762724e-02	-1.358159445945453236e-01	1.182016948966066877e-01	-9.224709009320435082e-02	9.313495083632040983e-02	-9.802612301725885380e-02	1.235298344962936085e-01	-1.543326430505766456e-01	9.915962380520916553e-02	-7.997443854991592715e-02	6.316320946400359737e-02	-8.772112795529898865e-02	7.440525240200482338e-02	-9.924323000847282139e-02	4.540444193891631647e-02	-4.844193765816403457e-02
9.060732235269694512e-02	-1.349653189800336106e-01	1.145525188659667348e-01	-1.243610869388323686e-01	1.297684024979612327e-01	-8.302069199760243878e-02	1.993484202849686027e-01	-2.850474015273301576e-01	2.393128895301946391e-01	-1.977650241996864733e-01	1.479669391647046028e-01	-2.580712150832564777e-01	1.000000000000000666e+00	-8.243446965922293090e-01	2.011864451001844634e-01	-1.395818373252157019e-01	9.646227640359059108e-02	-9.717112533067857882e-02	1.109190802262309400e-01	-1.208577201440268895e-01	8.025401210894216042e-02	-8.940850909862582685e-02	7.589857389798924936e-02	-1.019665397956096425e-01	1.025490935603928094e-01	-8.115746096366342754e-02	1.069734124810283876e-01	-7.992267464216736006e-02	7.635987168501746913e-02	-6.264081205242735817e-02	6.036708950335943624e-02	-5.256956215608183519e-02	7.731569468432880621e-02	-3.979322985491932224e-02	4.218224384642448033e-02
-8.129085440257835526e-02	1.114248104924364657e-01	-1.010372142863556894e-01	1.290007171914466788e-01	-1.448510895881632010e-01	7.188752186692694279e-02	-1.815356704047042524e-01	2.209812868098812721e-01	-3.234642356874974922e-01	2.080440024744906191e-01	-1.285769601816103558e-01	1.789706077231992265e-01	-8.243446965922293090e-01	1.000000000000000000e+00	-2.811896338332779965e-01	1.144886109903721361e-01	-8.754588037227754860e-02	8.855953911313844962e-02	-1.256702203474020230e-01	1.271395790758436395e-01	-6.966537983391785094e-02	8.015094373303788267e-02	-7.121591696244757019e-02	1.020977275841030707e-01	-1.104387620443776225e-01	6.910513124886494274e-02	-9.582542283978114084e-02	7.262864687496227434e-02	-7.801988993110163528e-02	6.303274782508509755e-02	-5.373532312759037727e-02	4.663128483698264493e-02	-7.112652168850193413e-02	3.802116568372952005e-02	-4.066667631305570518e-02
7.654945670461747731e-02	-1.243116815713102147e-01	1.032949880676914262e-01	-1.466773932976805639e-01	1.492810970155282468e-01	-6.801308258733977652e-02	1.545015324087660180e-01	-2.302863791703877172e-01	2.665698325658297785e-01	-7.506613914794971754e-01	1.157149264429033625e-01	-1.516543233523623135e-01	2.011864451001844634e-01	-2.811896338332779965e-01	1.000000000000000888e+00	-1.247650983675226283e-01	1.041887772567181153e-01	-1.142935177103242966e-01	1.664294778795649687e-01	-3.258312243689691079e-01	7.801577955986999102e-02	-1.006021057092753024e-01	9.205474138071217949e-02	-1.461262622285874058e-01	1.875231420158352535e-01	-7.971574751819454629e-02	1.126864445359504058e-01	-9.472345555664266059e-02	1.174448624104703492e-01	-1.005124660297323363e-01	6.343025258615087036e-02	-5.584005899459608402e-02	9.038391388562139195e-02	-5.382932895852770433e-02	5.722188551523697819e-02
-2.067911123470282386e-01	9.598417235028175454e-02	-8.567497472741961162e-02	8.313246597436639573e-02	-1.048245191398382431e-01	1.713615299606252029e-01	-2.449339460545145453e-01	1.532849542778908503e-01	-1.469725658857748696e-01	1.070687062960418018e-01	-5.709255917632793942e-01	2.468805125409777035e-01	-1.395818373252157019e-01	1.144886109903721361e-01	-1.247650983675226283e-01	1.000000000000000444e+00	-3.471170303263146351e-01	1.912362688679958844e-01	-1.173407020531538891e-01	1.073633928926867181e-01	-4.231442435748868913e-01	2.068552408947753884e-01	-1.512253142309261389e-01	1.188377044486365886e-01	-1.114859546873473994e-01	2.490738653259516877e-01	-2.631738246647913337e-01	1.474473576483734671e-01	-9.820108580421806066e-02	7.712189982248314479e-02	-1.561280733950471955e-01	1.273046652381404908e-01	-1.497602295239499059e-01	6.176998180516485304e-02	-6.574117401506204827e-02
9.689247151894825327e-02	-6.731524491178651759e-02	5.789564002086748651e-02	-6.038137092925051352e-02	7.354935743621568434e-02	-8.368745383675174621e-02	1.346606720331193219e-01	-1.067486443575965949e-01	1.030515449603545269e-01	-9.153033840265488441e-02	1.810931938255745388e-01	-1.484330170286106698e-01	9.646227640359059108e-02	-8.754588037227754860e-02	1.041887772567181153e-01	-3.471170303263146351e-01	9.999999999999977796e-01	-5.687223678009656336e-01	1.758615531471788285e-01	-1.359846978873944789e-01	1.809047194123038771e-01	-5.853036098753139349e-01	3.067774761325619548e-01	-1.934707347655848786e-01	1.372642011709422072e-01	-1.697415248886265660e-01	2.127290758087838907e-01	-1.747934993064431397e-01	1.155965384672602986e-01	-9.284987743300600338e-02	1.166746072946616281e-01	-1.048615702967478497e-01	1.551302292489247781e-01	-6.780284873159328485e-02	7.162516135812518892e-02
-8.571914167831008735e-02	6.177949167155980664e-02	-5.401280917480964783e-02	5.941317505145438799e-02	-7.314223757415500016e-02	7.049665888933932811e-02	-1.222784116203493449e-01	9.923899749542730575e-02	-1.030777554962296755e-01	9.573636525075034098e-02	-1.481947478726725886e-01	1.177613091898542519e-01	-9.717112533067857882e-02	8.855953911313844962e-02	-1.142935177103242966e-01	1.912362688679958844e-01	-5.687223678009656336e-01	9.999999999999997780e-01	-2.934093642387073930e-01	1.652849209196031177e-01	-1.443063276648256510e-01	3.257471740876376476e-01	-5.976265938332889771e-01	2.401988186062935515e-01	-1.795530068359016684e-01	1.306696013774934495e-01	-2.100641140583519306e-01	1.834802261099710008e-01	-1.435599724297149660e-01	1.107884262964686090e-01	-1.128505476239379940e-01	9.927456707154765081e-02	-1.789020766540059815e-01	7.691313970190367943e-02	-8.334396513257530392e-02
5.957314556463947502e-02	-6.328795666584786928e-02	5.362216719529838693e-02	-6.466564366903389260e-02	7.372864285973999843e-02	-5.063501809324560260e-02	9.862539364831145183e-02	-1.059682053073903313e-01	1.131886036556162822e-01	-1.468441582455813077e-01	9.595848487092703549e-02	-9.674790272471069097e-02	1.109190802262309400e-01	-1.256702203474020230e-01	1.664294778795649687e-01	-1.173407020531538891e-01	1.758615531471788285e-01	-2.934093642387073930e-01	9.999999999999983347e-01	-5.024115117203361569e-01	8.624600156954184693e-02	-1.875908079212700030e-01	2.168772130599660453e-01	-6.894574931249861649e-01	2.904879584843786389e-01	-8.490471030125898433e-02	1.319819379831886630e-01	-1.352275371574781226e-01	1.808407825313319839e-01	-1.603252296945895383e-01	7.322720259800193088e-02	-6.583931883280702557e-02	1.217298060434434115e-01	-7.760554217521278830e-02	8.144161735244914713e-02
-6.054615651582273550e-02	7.017806404341005166e-02	-6.016024060669714763e-02	7.675770058290481979e-02	-8.848479335045432437e-02	5.140553104634180970e-02	-1.057901804678406527e-01	1.194095281401193337e-01	-1.400453022907557077e-01	1.949231254572799388e-01	-9.445224087885388531e-02	9.966481817159762724e-02	-1.208577201440268895e-01	1.271395790758436395e-01	-3.258312243689691079e-01	1.073633928926867181e-01	-1.359846978873944789e-01	1.652849209196031177e-01	-5.024115117203361569e-01	9.999999999999987788e-01	-7.799870459447404147e-02	1.321391284914714137e-01	-1.458026775132332808e-01	2.947390695007282568e-01	-6.359345623197861785e-01	7.765239795578786353e-02	-1.243603690525122291e-01	1.267499662237761837e-01	-2.533026916947357932e-01	2.095078606267120891e-01	-7.018165512751982360e-02	6.282071744819857362e-02	-1.221490290485925945e-01	8.945245950927227518e-02	-9.924032889760976694e-02
9.612076839299485420e-02	-5.832449165347770859e-02	5.051661206882370608e-02	-5.077039683579925855e-02	6.285847146224485260e-02	-8.320981669674491765e-02	1.247397294647275556e-01	-9.138180024272696267e-02	8.643456330622978356e-02	-6.829244317354472849e-02	1.904269183215764882e-01	-1.358159445945453236e-01	8.025401210894216042e-02	-6.966537983391785094e-02	7.801577955986999102e-02	-4.231442435748868913e-01	1.809047194123038771e-01	-1.443063276648256510e-01	8.624600156954184693e-02	-7.799870459447404147e-02	1.000000000000001776e+00	-2.009654374689663903e-01	1.254621035719993283e-01	-9.259850972936908842e-02	8.139840426946409746e-02	-7.677479874226362799e-01	2.393483509879661963e-01	-1.421101194826071556e-01	7.591569061113334627e-02	-6.062585873744686521e-02	1.820402789367028817e-01	-1.631715601942440863e-01	1.328554860858807141e-01	-5.289260890805923959e-02	5.469276714032172970e-02
-8.658781998374733002e-02	5.951798686183733256e-02	-5.199860055470780645e-02	5.594055715323460742e-02	-6.921515428115077029e-02	7.145838215926676729e-02	-1.207457789887869115e-01	9.475601816303277913e-02	-9.634392275614017676e-02	8.545537466836355955e-02	-1.526547863887186829e-01	1.182016948966066877e-01	-8.940850909862582685e-02	8.015094373303788267e-02	-1.006021057092753024e-01	2.068552408947753884e-01	-5.853036098753139349e-01	3.257471740876376476e-01	-1.875908079212700030e-01	1.321391284914714137e-01	-2.009654374689663903e-01	9.999999999999997780e-01	-6.016998221465073016e-01	1.979983284138588651e-01	-1.503443050260515057e-01	1.628013645475163695e-01	-2.650291980709539308e-01	1.873608614423807883e-01	-1.272977518163473654e-01	9.794787729050014047e-02	-1.270909255467072840e-01	1.133541472051708410e-01	-1.781038698724835834e-01	7.294325101288748336e-02	-7.844363821524699687e-02
6.443047878540664186e-02	-4.959399056954264667e-02	4.285144439153865115e-02	-4.730204438802606409e-02	5.739600445325171441e-02	-5.377014743018903448e-02	9.328250018424801004e-02	-7.937011814521610642e-02	8.118066830020322089e-02	-7.921893969049377537e-02	1.103016942373151871e-01	-9.224709009320435082e-02	7.589857389798924936e-02	-7.121591696244757019e-02	9.205474138071217949e-02	-1.512253142309261389e-01	3.067774761325619548e-01	-5.976265938332889771e-01	2.168772130599660453e-01	-1.458026775132332808e-01	1.254621035719993283e-01	-6.016998221465073016e-01	9.999999999999987788e-01	-3.239021599750706581e-01	1.585038114481693572e-01	-1.185224811595237682e-01	1.818071994241544920e-01	-2.291383585629057917e-01	1.290924994258817182e-01	-1.025235310593092114e-01	9.729885726140773128e-02	-8.929187361245331800e-02	1.686201155818960462e-01	-7.087175608984970510e-02	7.527778759351980153e-02
-6.097160506461659496e-02	5.856282490637160915e-02	-5.034425278850161029e-02	5.982066361395717291e-02	-7.064316892162000872e-02	5.106039559563535501e-02	-9.742323514870283863e-02	9.654537884182018415e-02	-1.049804881277680152e-01	1.200571986605961095e-01	-9.850168979151199822e-02	9.313495083632040983e-02	-1.019665397956096425e-01	1.020977275841030707e-01	-1.461262622285874058e-01	1.188377044486365886e-01	-1.934707347655848786e-01	2.401988186062935515e-01	-6.894574931249861649e-01	2.947390695007282568e-01	-9.259850972936908842e-02	1.979983284138588651e-01	-3.239021599750706581e-01	9.999999999999966693e-01	-4.305648778758891515e-01	8.947787698951058244e-02	-1.473886857108677173e-01	1.510768180058404964e-01	-2.628361005849749743e-01	1.939627095663480350e-01	-8.130923517312328708e-02	7.287569474634997269e-02	-1.424472942763799765e-01	9.100910642997224465e-02	-9.861983406714724953e-02
5.903820901285534994e-02	-6.852600774184522403e-02	5.726098955493116871e-02	-6.970524418030460412e-02	7.811312891211141807e-02	-5.046839300907182690e-02	1.000335686476629682e-01	-1.139456119241673560e-01	1.193810750858671083e-01	-1.726230606841975546e-01	9.309391126247189285e-02	-9.802612301725885380e-02	1.025490935603928094e-01	-1.104387620443776225e-01	1.875231420158352535e-01	-1.114859546873473994e-01	1.372642011709422072e-01	-1.795530068359016684e-01	2.904879584843786389e-01	-6.359345623197861785e-01	8.139840426946409746e-02	-1.503443050260515057e-01	1.585038114481693572e-01	-4.305648778758891515e-01	9.999999999999970024e-01	-8.239176674846582227e-02	1.298954291137442152e-01	-1.465537260115172824e-01	2.713875473940712268e-01	-4.100608628634691555e-01	7.372902474158576913e-02	-6.703956297811818066e-02	1.313007265186686423e-01	-1.173584734306772071e-01	1.217624056004754651e-01
-9.900981028716884791e-02	5.721161783471600398e-02	-5.040341863284567014e-02	5.145123719890576375e-02	-6.474731954928625299e-02	8.069352847522227867e-02	-1.274523680664049197e-01	8.994590187141558724e-02	-8.847991446809115590e-02	6.862407323509521484e-02	-1.860834353011098785e-01	1.235298344962936085e-01	-8.115746096366342754e-02	6.910513124886494274e-02	-7.971574751819454629e-02	2.490738653259516877e-01	-1.697415248886265660e-01	1.306696013774934495e-01	-8.490471030125898433e-02	7.765239795578786353e-02	-7.677479874226362799e-01	1.628013645475163695e-01	-1.185224811595237682e-01	8.947787698951058244e-02	-8.239176674846582227e-02	9.999999999999982236e-01	-3.615058218731828643e-01	1.536502370267772699e-01	-7.903625738897816777e-02	6.260868066491795392e-02	-2.985025526640366356e-01	2.010482768560412081e-01	-1.547209169540222917e-01	5.754956624864593362e-02	-5.976438414277245731e-02
1.061816917883097455e-01	-7.993180430888631449e-02	6.827499270376274909e-02	-7.170565962145510064e-02	8.834494815752072516e-02	-8.990568109453837831e-02	1.497465993501695125e-01	-1.228033225605136974e-01	1.185468478666136666e-01	-9.957367699043540021e-02	1.776426329415980443e-01	-1.543326430505766456e-01	1.069734124810283876e-01	-9.582542283978114084e-02	1.126864445359504058e-01	-2.631738246647913337e-01	2.127290758087838907e-01	-2.100641140583519306e-01	1.319819379831886630e-01	-1.243603690525122291e-01	2.393483509879661963e-01	-2.650291980709539308e-01	1.818071994241544920e-01	-1.473886857108677173e-01	1.298954291137442152e-01	-3.615058218731828643e-01	9.999999999999992228e-01	-3.675891319095382914e-01	1.339845019447410135e-01	-1.084827098196351897e-01	2.709951968392795285e-01	-3.784846861475776314e-01	2.656040265078398743e-01	-1.029538050347062056e-01	1.041631592870050499e-01
-7.184417835199409519e-02	5.537387061200806093e-02	-4.793971541593065183e-02	5.271107427971648274e-02	-6.503942956561871436e-02	5.913937806318517870e-02	-1.036776503593979937e-01	8.709524882512008348e-02	-8.911157382962989204e-02	8.184446126123533227e-02	-1.170526556647939059e-01	9.915962380520916553e-02	-7.992267464216736006e-02	7.262864687496227434e-02	-9.472345555664266059e-02	1.474473576483734671e-01	-1.747934993064431397e-01	1.834802261099710008e-01	-1.352275371574781226e-01	1.267499662237761837e-01	-1.421101194826071556e-01	1.873608614423807883e-01	-2.291383585629057917e-01	1.510768180058404964e-01	-1.465537260115172824e-01	1.536502370267772699e-01	-3.675891319095382914e-01	9.999999999999981126e-01	-2.249739699116360681e-01	1.557954649102440414e-01	-2.097153600376215621e-01	2.015880471867066148e-01	-7.559712484610334737e-01	1.813528821009925407e-01	-1.976098666410162352e-01
5.058303979694143970e-02	-5.313020623839014717e-02	4.453211694092904654e-02	-5.204911779125144522e-02	5.990144731734313444e-02	-4.283227520040747832e-02	8.166466137046593521e-02	-8.586009818308761032e-02	8.769605907498946584e-02	-1.095171643209574414e-01	8.017166028034627967e-02	-7.997443854991592715e-02	7.635987168501746913e-02	-7.801988993110163528e-02	1.174448624104703492e-01	-9.820108580421806066e-02	1.155965384672602986e-01	-1.435599724297149660e-01	1.808407825313319839e-01	-2.533026916947357932e-01	7.591569061113334627e-02	-1.272977518163473654e-01	1.290924994258817182e-01	-2.628361005849749743e-01	2.713875473940712268e-01	-7.903625738897816777e-02	1.339845019447410135e-01	-2.249739699116360681e-01	9.999999999999987788e-01	-7.939189562393860200e-01	7.873823401584018056e-02	-7.414943959510969518e-02	1.720540318416226844e-01	-2.208016950254203803e-01	1.983724595571988436e-01
-4.057616392126862925e-02	4.168096589554834419e-02	-3.531022736698068154e-02	4.180724860543849619e-02	-4.877773676012693571e-02	3.416938095222143285e-02	-6.560282034267957141e-02	6.776992965670414204e-02	-7.156083180422924406e-02	8.710727754616215401e-02	-6.415562884255673892e-02	6.316320946400359737e-02	-6.264081205242735817e-02	6.303274782508509755e-02	-1.005124660297323363e-01	7.712189982248314479e-02	-9.284987743300600338e-02	1.107884262964686090e-01	-1.603252296945895383e-01	2.095078606267120891e-01	-6.062585873744686521e-02	9.794787729050014047e-02	-1.025235310593092114e-01	1.939627095663480350e-01	-4.100608628634691555e-01	6.260868066491795392e-02	-1.084827098196351897e-01	1.557954649102440414e-01	-7.939189562393860200e-01	9.999999999999991118e-01	-6.477658748833609037e-02	6.053620447676022476e-02	-1.487476971779595480e-01	1.897162163803706725e-01	-2.569206350802258343e-01
6.204403310851221154e-02	-4.454357490448016682e-02	3.825067515344068858e-02	-4.004916035325682688e-02	4.946519819796089262e-02	-5.218678964899991363e-02	8.599845754263010789e-02	-6.882977706755102898e-02	6.674634777897721361e-02	-5.589218916697347161e-02	1.061502467671806144e-01	-8.772112795529898865e-02	6.036708950335943624e-02	-5.373532312759037727e-02	6.343025258615087036e-02	-1.561280733950471955e-01	1.166746072946616281e-01	-1.128505476239379940e-01	7.322720259800193088e-02	-7.018165512751982360e-02	1.820402789367028817e-01	-1.270909255467072840e-01	9.729885726140773128e-02	-8.130923517312328708e-02	7.372902474158576913e-02	-2.985025526640366356e-01	2.709951968392795285e-01	-2.097153600376215621e-01	7.873823401584018056e-02	-6.477658748833609037e-02	9.999999999999987788e-01	-8.287559232249155361e-01	2.026021803573561653e-01	-7.215960022205228364e-02	6.842824631458721552e-02
-5.420530589545261707e-02	3.817688848410248637e-02	-3.296394020721314655e-02	3.472513528974892349e-02	-4.304793003623938463e-02	4.504453964102945324e-02	-7.483513391353026345e-02	5.924648224726736245e-02	-5.818534979381272121e-02	4.890395144825978452e-02	-9.241285881017130555e-02	7.440525240200482338e-02	-5.256956215608183519e-02	4.663128483698264493e-02	-5.584005899459608402e-02	1.273046652381404908e-01	-1.048615702967478497e-01	9.927456707154765081e-02	-6.583931883280702557e-02	6.282071744819857362e-02	-1.631715601942440863e-01	1.133541472051708410e-01	-8.929187361245331800e-02	7.287569474634997269e-02	-6.703956297811818066e-02	2.010482768560412081e-01	-3.784846861475776314e-01	2.015880471867066148e-01	-7.414943959510969518e-02	6.053620447676022476e-02	-8.287559232249155361e-01	9.999999999999990008e-01	-2.702345004079265145e-01	7.303362256129126984e-02	-7.041675684008626146e-02
6.936154353462872790e-02	-5.564182008025519988e-02	4.762327187679786522e-02	-5.185815611203209441e-02	6.331670496407165727e-02	-5.787710593237793688e-02	1.007113377342042648e-01	-8.667365108118713080e-02	8.640460272039249268e-02	-8.024534784263687159e-02	1.128645053741335336e-01	-9.924323000847282139e-02	7.731569468432880621e-02	-7.112652168850193413e-02	9.038391388562139195e-02	-1.497602295239499059e-01	1.551302292489247781e-01	-1.789020766540059815e-01	1.217298060434434115e-01	-1.221490290485925945e-01	1.328554860858807141e-01	-1.781038698724835834e-01	1.686201155818960462e-01	-1.424472942763799765e-01	1.313007265186686423e-01	-1.547209169540222917e-01	2.656040265078398743e-01	-7.559712484610334737e-01	1.720540318416226844e-01	-1.487476971779595480e-01	2.026021803573561653e-01	-2.702345004079265145e-01	9.999999999999988898e-01	-2.703688307684499748e-01	1.973855857119794499e-01
-3.090573280694865546e-02	2.756938484026592168e-02	-2.352677923172287813e-02	2.667748947846195276e-02	-3.200507945241368168e-02	2.578579353821482123e-02	-4.697516260070561112e-02	4.374050625560504946e-02	-4.496930101601747526e-02	4.733230247653710809e-02	-4.938055503335334051e-02	4.540444193891631647e-02	-3.979322985491932224e-02	3.802116568372952005e-02	-5.382932895852770433e-02	6.176998180516485304e-02	-6.780284873159328485e-02	7.691313970190367943e-02	-7.760554217521278830e-02	8.945245950927227518e-02	-5.289260890805923959e-02	7.294325101288748336e-02	-7.087175608984970510e-02	9.100910642997224465e-02	-1.173584734306772071e-01	5.754956624864593362e-02	-1.029538050347062056e-01	1.813528821009925407e-01	-2.208016950254203803e-01	1.897162163803706725e-01	-7.215960022205228364e-02	7.303362256129126984e-02	-2.703688307684499748e-01	9.999999999999987788e-01	-8.956970736537479549e-01
3.262343284686725770e-02	-2.958581392299190760e-02	2.513984953751535051e-02	-2.846234096242221748e-02	3.392972820086527508e-02	-2.731142326673473286e-02	4.974327743227737603e-02	-4.688977778964371207e-02	4.776345257036688358e-02	-5.122341324125788409e-02	5.211036346810837827e-02	-4.844193765816403457e-02	4.218224384642448033e-02	-4.066667631305570518e-02	5.722188551523697819e-02	-6.574117401506204827e-02	7.162516135812518892e-02	-8.334396513257530392e-02	8.144161735244914713e-02	-9.924032889760976694e-02	5.469276714032172970e-02	-7.844363821524699687e-02	7.527778759351980153e-02	-9.861983406714724953e-02	1.217624056004754651e-01	-5.976438414277245731e-02	1.041631592870050499e-01	-1.976098666410162352e-01	1.983724595571988436e-01	-2.569206350802258343e-01	6.842824631458721552e-02	-7.041675684008626146e-02	1.973855857119794499e-01	-8.956970736537479549e-01	9.999999999999986677e-01
