1.000000000000000000e+00	-2.875643087351122951e-01	1.203473136774528274e-01	-1.082075968174188163e-01	1.458466157486622977e-02	-9.133861164175670622e-01	2.268269931726849542e-01	-1.532656788501848000e-01	1.119156841804191949e-01	-1.426261927213720235e-02	6.074892364151763396e-02	-6.045319801597629633e-02	9.663728022072419488e-02	-8.973121090914466802e-02	1.769135307224151826e-02	-1.075331506999583492e-02	1.059590678959771749e-02	-2.460601460405819479e-02	2.462215316395339679e-02	-1.830100789003129627e-02	7.226973268023248811e-03	-7.356907520570870468e-03	1.742346584115617852e-02	-1.964342157794805518e-02	1.427245618222889798e-02	-7.885593807132350308e-03	9.552987324689203238e-03	-1.109248624121263530e-02	1.050162020371644446e-02	-1.484128113513582745e-02	7.567818671223254523e-03	-7.410188376352556602e-03	9.185326816822832197e-03	-9.829453750905856740e-03	1.731753281494789742e-02
-2.875643087351122951e-01	9.999999999999998890e-01	-4.368068259150406085e-01	2.438618425750568586e-01	-3.354873174123868679e-02	2.186090325215472030e-01	-6.794866833576688192e-01	2.988143679049070633e-01	-3.005414185329008392e-01	3.221145959605929004e-02	-1.186465515910858637e-01	1.076143229105975679e-01	-2.292017033846570628e-01	1.801883859617119110e-01	-3.634943346126714991e-02	1.983329652142898705e-02	-1.986148323969976273e-02	4.891079479532432078e-02	-4.983412558090732913e-02	3.620825184515850254e-02	-1.387719449819544738e-02	1.406130857545527697e-02	-3.480437513209248129e-02	3.857140673539288800e-02	-2.846132999566228575e-02	1.541675065120770745e-02	-1.878378715706891661e-02	2.191096373253304322e-02	-2.082443969442992690e-02	2.928516361288670614e-02	-1.493819453365009473e-02	1.460772019517092568e-02	-1.820744150347999857e-02	1.946895646195268004e-02	-3.473036104736972052e-02
1.203473136774528274e-01	-4.368068259150406085e-01	1.000000000000000222e+00	-6.952579903930470318e-01	4.341532152793960847e-02	-1.146654523041658880e-01	2.517446428821159543e-01	-4.095806211329612312e-01	2.954562721855579221e-01	-4.279756146003747125e-02	6.142479528918176612e-02	-5.897198913985515073e-02	2.075048910055184714e-01	-2.119883701035651102e-01	3.803428864874915799e-02	-1.420648428066961268e-02	1.404221376101477854e-02	-5.284919931128986836e-02	5.329862012595314169e-02	-3.854030803624242107e-02	1.202556206087076508e-02	-1.225694121099097159e-02	3.589043304300870013e-02	-4.057831299816772735e-02	2.964057855118204868e-02	-1.482956336055962603e-02	1.816350347495069781e-02	-2.214709859474954870e-02	2.116231999068030750e-02	-3.022803585396413584e-02	1.465534674003761244e-02	-1.447773791233368176e-02	1.823112755189732273e-02	-1.969898845421632488e-02	3.476592457620387294e-02
-1.082075968174188163e-01	2.438618425750568586e-01	-6.952579903930470318e-01	1.000000000000000222e+00	-6.425361411623087271e-02	9.625155003506075113e-02	-2.186243746747676409e-01	2.656232608050966837e-01	-5.600130055581250543e-01	5.927684422084733562e-02	-5.918177735265166967e-02	5.492394294687820422e-02	-2.344380359990310136e-01	2.140880606741423497e-01	-4.414891508249706165e-02	1.425691461238326289e-02	-1.412004120553643320e-02	5.438213750038500133e-02	-5.610695321152182891e-02	4.015430451011121893e-02	-1.255726522719061676e-02	1.276281185701336543e-02	-3.797719287743443750e-02	4.228137940826624114e-02	-3.129981302027954465e-02	1.566558010121213082e-02	-1.925438405175264669e-02	2.341395762194788469e-02	-2.245243914877940311e-02	3.187161009274236401e-02	-1.557976497187556902e-02	1.535715459830253038e-02	-1.939148748456967497e-02	2.092277791638617879e-02	-3.746611047302127184e-02
1.458466157486622977e-02	-3.354873174123868679e-02	4.341532152793960847e-02	-6.425361411623087271e-02	1.000000000000000444e+00	-1.382332178301094033e-02	2.752827308992706126e-02	-3.852727393125532362e-02	6.630319567272524584e-02	-9.762654461152120433e-01	8.538498833108096667e-03	-8.097155856040028771e-03	3.604998590331873198e-02	-4.247796201964141455e-02	1.276629486236944278e-01	-3.107957552495328301e-03	3.039568941521099237e-03	-1.339067556335517793e-02	1.337346816639372465e-02	-1.174920895584023045e-02	3.544652707301741614e-03	-3.611189039433332793e-03	1.070186044256262771e-02	-1.260413117466613851e-02	9.254152729350035092e-03	-4.923767414257825860e-03	5.977982926288178712e-03	-7.360858699189212241e-03	7.196798458885485944e-03	-1.055947538965216342e-02	4.958784121099551329e-03	-4.954860723818104579e-03	6.208016294348500663e-03	-6.953341964070353098e-03	1.315487528379290227e-02
-9.133861164175670622e-01	2.186090325215472030e-01	-1.146654523041658880e-01	9.625155003506075113e-02	-1.382332178301094033e-02	9.999999999999998890e-01	-3.001496617080706697e-01	1.435033441511343877e-01	-1.135099890017449570e-01	1.343144978532000329e-02	-6.812092977005806960e-02	6.378359714273872105e-02	-9.853321494483564813e-02	8.348299148405660675e-02	-1.674189636904363856e-02	1.092937077859272924e-02	-1.083310045936902548e-02	2.309378713473895367e-02	-2.323438539004772305e-02	1.717664221275042383e-02	-7.085388454782026897e-03	7.195958920297838499e-03	-1.648471290789894905e-02	1.843521819226361450e-02	-1.346832431316092454e-02	7.554600974986633820e-03	-9.150175194689915206e-03	1.051625827757596797e-02	-9.945165354005160857e-03	1.398937393921523796e-02	-7.223982578533095014e-03	7.053642234259782304e-03	-8.728951714963108233e-03	9.313716103044464983e-03	-1.647209870413625377e-02
2.268269931726849542e-01	-6.794866833576688192e-01	2.517446428821159543e-01	-2.186243746747676409e-01	2.752827308992706126e-02	-3.001496617080706697e-01	1.000000000000000222e+00	-4.988170422722835728e-01	2.232903571520968022e-01	-2.697661627429416911e-02	1.283097897041118596e-01	-1.471353966559932058e-01	2.070497992847170343e-01	-1.856301013444534020e-01	3.234139325746108323e-02	-2.112160207945986551e-02	2.104574762486345965e-02	-4.818670414316317263e-02	4.829536902284516792e-02	-3.505076230711720586e-02	1.369694407370088303e-02	-1.395387568810293501e-02	3.312345048063100594e-02	-3.717880418953088684e-02	2.715737598070062236e-02	-1.479071262514321944e-02	1.793349204494764162e-02	-2.086442062523285665e-02	1.972696239255220668e-02	-2.788565791092599555e-02	1.417828459678870459e-02	-1.388056869233885403e-02	1.722442684696055826e-02	-1.841790179156558779e-02	3.232544568422354020e-02
-1.532656788501848000e-01	2.988143679049070633e-01	-4.095806211329612312e-01	2.656232608050966837e-01	-3.852727393125532362e-02	1.435033441511343877e-01	-4.988170422722835728e-01	1.000000000000000222e+00	-4.209538324842188595e-01	3.731919346180246483e-02	-9.362589418608091574e-02	8.829570442171401357e-02	-4.999076910145563435e-01	2.743883623381799808e-01	-4.508555020586530598e-02	1.938243796010816200e-02	-1.929226552934565353e-02	6.907493944671520836e-02	-7.082370027774512189e-02	4.919584730150345503e-02	-1.575438079993835699e-02	1.601646517482337509e-02	-4.667269783854399723e-02	5.130135879988879932e-02	-3.826495755284116396e-02	1.907280582074290937e-02	-2.344375242464801640e-02	2.837217653757121913e-02	-2.711162637265187789e-02	3.836797204689708363e-02	-1.886604407452341717e-02	1.855977715306684692e-02	-2.342582752123906209e-02	2.518510322075424510e-02	-4.486270083755372617e-02
1.119156841804191949e-01	-3.005414185329008392e-01	2.954562721855579221e-01	-5.600130055581250543e-01	6.630319567272524584e-02	-1.135099890017449570e-01	2.232903571520968022e-01	-4.209538324842188595e-01	9.999999999999998890e-01	-6.938254976445165645e-02	6.393316316297500967e-02	-6.246150956958919365e-02	2.925531203462852781e-01	-5.030761062173794151e-01	6.778232081890141203e-02	-2.049237374868841458e-02	2.010884295832059826e-02	-1.025736505470874194e-01	1.042793047814899454e-01	-7.410567823373648277e-02	2.003658182199710702e-02	-2.049300260771441326e-02	6.673196894566053861e-02	-7.657445406778178032e-02	5.572412125183730941e-02	-2.637629359730294526e-02	3.241910612362813859e-02	-4.065504415157453200e-02	3.895446346819807920e-02	-5.624435088827035856e-02	2.636709878170002269e-02	-2.621670264906637154e-02	3.322084444878269788e-02	-3.612662434583656379e-02	6.313334454852410904e-02
-1.426261927213720235e-02	3.221145959605929004e-02	-4.279756146003747125e-02	5.927684422084733562e-02	-9.762654461152120433e-01	1.343144978532000329e-02	-2.697661627429416911e-02	3.731919346180246483e-02	-6.938254976445165645e-02	9.999999999999993339e-01	-8.372957866706503757e-03	7.916464850743756484e-03	-3.577522560261468115e-02	4.147561753987582395e-02	-1.469083669746444887e-01	2.984357740829354875e-03	-2.921652385442922214e-03	1.286268294370872430e-02	-1.292915745206254033e-02	1.123086272965555243e-02	-3.366689694306805591e-03	3.428077430058497788e-03	-1.021823222892781491e-02	1.195619572629673041e-02	-8.839168459019150492e-03	4.653733866762502225e-03	-5.660453053852581434e-03	6.964893002376629921e-03	-6.808053666069002578e-03	9.956985737699293806e-03	-4.689845978994567482e-03	4.679943626321861339e-03	-5.872138404529901601e-03	6.557797375809408524e-03	-1.238541361073509928e-02
6.074892364151763396e-02	-1.186465515910858637e-01	6.142479528918176612e-02	-5.918177735265166967e-02	8.538498833108096667e-03	-6.812092977005806960e-02	1.283097897041118596e-01	-9.362589418608091574e-02	6.393316316297500967e-02	-8.372957866706503757e-03	9.999999999999994449e-01	-9.706774492429292023e-01	7.180489878394773207e-02	-6.604905875759946310e-02	1.201897147858911087e-02	-8.266721794853079675e-02	7.579341571849795844e-02	-2.342427208773547459e-02	2.209580290643568812e-02	-1.703268029211098267e-02	2.697266658391930458e-02	-2.777423963725564673e-02	1.795319626253615020e-02	-1.941998580019368634e-02	1.379281185083148890e-02	-1.600425673976384536e-02	1.805715496074047563e-02	-1.441112068394823260e-02	1.207544923749341408e-02	-1.540485325890886270e-02	1.223396507220717369e-02	-1.118639201420818831e-02	1.205081773442502960e-02	-1.162550163901291886e-02	1.838403751754275062e-02
-6.045319801597629633e-02	1.076143229105975679e-01	-5.897198913985515073e-02	5.492394294687820422e-02	-8.097155856040028771e-03	6.378359714273872105e-02	-1.471353966559932058e-01	8.829570442171401357e-02	-6.246150956958919365e-02	7.916464850743756484e-03	-9.706774492429292023e-01	9.999999999999983347e-01	-7.346359772232002872e-02	6.198052132409987564e-02	-1.137821979027973246e-02	7.552263483440520286e-02	-8.069843241126069266e-02	2.236298614237577920e-02	-2.116903123975563336e-02	1.621976964241735389e-02	-2.675485507577970642e-02	2.716613348533115924e-02	-1.726360202303224914e-02	1.850595604233149991e-02	-1.320133650891439081e-02	1.556136170896207579e-02	-1.767834732624605845e-02	1.390373091925732607e-02	-1.162651764653600643e-02	1.473696714342347808e-02	-1.191331348815527665e-02	1.083325351853175328e-02	-1.166252765956639001e-02	1.119465066523540539e-02	-1.773027993207678538e-02
9.663728022072419488e-02	-2.292017033846570628e-01	2.075048910055184714e-01	-2.344380359990310136e-01	3.604998590331873198e-02	-9.853321494483564813e-02	2.070497992847170343e-01	-4.999076910145563435e-01	2.925531203462852781e-01	-3.577522560261468115e-02	7.180489878394773207e-02	-7.346359772232002872e-02	9.999999999999986677e-01	-7.116306373974549127e-01	6.215274104052366522e-02	-2.328619131818530572e-02	2.289807258893462871e-02	-1.348740451511410976e-01	1.323578517398154575e-01	-8.774144827493556009e-02	2.235446361211786137e-02	-2.289748808569305738e-02	7.890166945520210584e-02	-8.769790504975183421e-02	6.523867651331262396e-02	-2.938754175671323340e-02	3.633156201979485800e-02	-4.605366143739898777e-02	4.396910993625453151e-02	-6.317684057436134815e-02	2.945962423569618155e-02	-2.924752241630055108e-02	3.733146252203323884e-02	-4.042396435632585050e-02	7.038821792687964540e-02
-8.973121090914466802e-02	1.801883859617119110e-01	-2.119883701035651102e-01	2.140880606741423497e-01	-4.247796201964141455e-02	8.348299148405660675e-02	-1.856301013444534020e-01	2.743883623381799808e-01	-5.030761062173794151e-01	4.147561753987582395e-02	-6.604905875759946310e-02	6.198052132409987564e-02	-7.116306373974549127e-01	9.999999999999984457e-01	-8.104755641616907813e-02	2.433290490613248744e-02	-2.410724291687537865e-02	1.472930696275248086e-01	-1.988290036800220706e-01	1.031019499052738680e-01	-2.540955323464747298e-02	2.585022563985616209e-02	-9.447718367370007420e-02	9.849356309847731583e-02	-7.980828656374681918e-02	3.403976751387868122e-02	-4.264461362576440345e-02	5.364664426637642813e-02	-5.179170254987476574e-02	7.299627947824001428e-02	-3.471542751386376413e-02	3.419091274799116592e-02	-4.411564231488535742e-02	4.742054774917443816e-02	-8.564369964299804738e-02
1.769135307224151826e-02	-3.634943346126714991e-02	3.803428864874915799e-02	-4.414891508249706165e-02	1.276629486236944278e-01	-1.674189636904363856e-02	3.234139325746108323e-02	-4.508555020586530598e-02	6.778232081890141203e-02	-1.469083669746444887e-01	1.201897147858911087e-02	-1.137821979027973246e-02	6.215274104052366522e-02	-8.104755641616907813e-02	9.999999999999984457e-01	-7.893779096300852782e-03	7.645842021498527701e-03	-3.562799896637345448e-02	3.490595018069654609e-02	-3.885232299364362735e-02	1.144498991775558770e-02	-1.165602818407126748e-02	3.337540484863924656e-02	-4.082217079406313259e-02	3.081171368282955778e-02	-1.714961876276783342e-02	2.062390536838250299e-02	-2.548942776838167973e-02	2.539816682588325394e-02	-3.823234059768616799e-02	1.744035638142096833e-02	-1.758635752338372216e-02	2.190234327915341339e-02	-2.530475426266992622e-02	5.039609904847447419e-02
-1.075331506999583492e-02	1.983329652142898705e-02	-1.420648428066961268e-02	1.425691461238326289e-02	-3.107957552495328301e-03	1.092937077859272924e-02	-2.112160207945986551e-02	1.938243796010816200e-02	-2.049237374868841458e-02	2.984357740829354875e-03	-8.266721794853079675e-02	7.552263483440520286e-02	-2.328619131818530572e-02	2.433290490613248744e-02	-7.893779096300852782e-03	9.999999999999986677e-01	-9.371276948067702728e-01	5.568666823525143111e-02	-4.610504171815347357e-02	3.736733056043816531e-02	-2.375873160219656166e-01	1.978386787310751627e-01	-5.179752388141297542e-02	4.908267591315734757e-02	-3.402798686416519391e-02	9.084126512544855869e-02	-1.017277324174542114e-01	5.681964149076007553e-02	-4.096923974258508128e-02	4.322768930701313683e-02	-6.079628288732639302e-02	5.100914280463929307e-02	-4.877156624260143430e-02	4.066967225191726876e-02	-5.534336324977385396e-02
1.059590678959771749e-02	-1.986148323969976273e-02	1.404221376101477854e-02	-1.412004120553643320e-02	3.039568941521099237e-03	-1.083310045936902548e-02	2.104574762486345965e-02	-1.929226552934565353e-02	2.010884295832059826e-02	-2.921652385442922214e-03	7.579341571849795844e-02	-8.069843241126069266e-02	2.289807258893462871e-02	-2.410724291687537865e-02	7.645842021498527701e-03	-9.371276948067702728e-01	9.999999999999991118e-01	-5.899993249628241593e-02	4.551836282885916157e-02	-3.690367068930614641e-02	1.905899306294814022e-01	-2.487183571055572862e-01	5.033994135430953226e-02	-4.834362378154365147e-02	3.313053801036224683e-02	-8.754322480559283137e-02	9.455819762233870496e-02	-5.519652815249306843e-02	3.913621337391207100e-02	-4.199479500104604662e-02	5.611541991949223207e-02	-4.910420921276314327e-02	4.594415133111724725e-02	-3.902786590078782814e-02	5.205703010756260185e-02
-2.460601460405819479e-02	4.891079479532432078e-02	-5.284919931128986836e-02	5.438213750038500133e-02	-1.339067556335517793e-02	2.309378713473895367e-02	-4.818670414316317263e-02	6.907493944671520836e-02	-1.025736505470874194e-01	1.286268294370872430e-02	-2.342427208773547459e-02	2.236298614237577920e-02	-1.348740451511410976e-01	1.472930696275248086e-01	-3.562799896637345448e-02	5.568666823525143111e-02	-5.899993249628241593e-02	9.999999999999985567e-01	-7.557576575651622219e-01	2.515203067112461444e-01	-6.203587354724979241e-02	6.321077851334204467e-02	-4.287801893851912460e-01	2.526659854519556214e-01	-2.300637295310948571e-01	8.472301595184467127e-02	-1.122436311260832653e-01	1.488803940306960005e-01	-1.372105833760813298e-01	1.715236153040278488e-01	-8.945563248659457734e-02	8.642797377691330274e-02	-1.183369369332282206e-01	1.195943620073529612e-01	-2.188048433504021784e-01
2.462215316395339679e-02	-4.983412558090732913e-02	5.329862012595314169e-02	-5.610695321152182891e-02	1.337346816639372465e-02	-2.323438539004772305e-02	4.829536902284516792e-02	-7.082370027774512189e-02	1.042793047814899454e-01	-1.292915745206254033e-02	2.209580290643568812e-02	-2.116903123975563336e-02	1.323578517398154575e-01	-1.988290036800220706e-01	3.490595018069654609e-02	-4.610504171815347357e-02	4.551836282885916157e-02	-7.557576575651622219e-01	9.999999999999985567e-01	-4.271241243476655014e-01	5.168056459370396621e-02	-5.345363562267955310e-02	2.480836031153476617e-01	-2.654081760448773752e-01	2.263591198559680995e-01	-7.331932640241498045e-02	9.312050674600090561e-02	-1.279070423257406552e-01	1.222496091276489283e-01	-1.785642301849683644e-01	7.536139643364542229e-02	-7.499363768273839548e-02	9.949703024860777345e-02	-1.076498148490444284e-01	1.828449384265453670e-01
-1.830100789003129627e-02	3.620825184515850254e-02	-3.854030803624242107e-02	4.015430451011121893e-02	-1.174920895584023045e-02	1.717664221275042383e-02	-3.505076230711720586e-02	4.919584730150345503e-02	-7.410567823373648277e-02	1.123086272965555243e-02	-1.703268029211098267e-02	1.621976964241735389e-02	-8.774144827493556009e-02	1.031019499052738680e-01	-3.885232299364362735e-02	3.736733056043816531e-02	-3.690367068930614641e-02	2.515203067112461444e-01	-4.271241243476655014e-01	9.999999999999984457e-01	-6.272122717211701948e-02	6.241612651473271711e-02	-2.606278045506654206e-01	2.499384803000025135e-01	-7.054922188206079747e-01	9.416304827937302391e-02	-1.245383869153643963e-01	1.547323377355074581e-01	-1.827520976917617612e-01	2.651541313251590259e-01	-1.038121783675869103e-01	9.969238461126250783e-02	-1.377923707102200468e-01	1.507625499911242617e-01	-3.137655254332973320e-01
7.226973268023248811e-03	-1.387719449819544738e-02	1.202556206087076508e-02	-1.255726522719061676e-02	3.544652707301741614e-03	-7.085388454782026897e-03	1.369694407370088303e-02	-1.575438079993835699e-02	2.003658182199710702e-02	-3.366689694306805591e-03	2.697266658391930458e-02	-2.675485507577970642e-02	2.235446361211786137e-02	-2.540955323464747298e-02	1.144498991775558770e-02	-2.375873160219656166e-01	1.905899306294814022e-01	-6.203587354724979241e-02	5.168056459370396621e-02	-6.272122717211701948e-02	9.999999999999973355e-01	-8.334667863953657552e-01	8.744296429879497290e-02	-9.408971514887834453e-02	5.700276724275858686e-02	-3.510436626811874183e-01	2.479494755865424838e-01	-1.360618175639148886e-01	8.697960626698915398e-02	-8.781781520390954943e-02	1.566633969323387998e-01	-1.385180432526325056e-01	1.114027489945249028e-01	-9.064789603625189596e-02	1.034684373233383803e-01
-7.356907520570870468e-03	1.406130857545527697e-02	-1.225694121099097159e-02	1.276281185701336543e-02	-3.611189039433332793e-03	7.195958920297838499e-03	-1.395387568810293501e-02	1.601646517482337509e-02	-2.049300260771441326e-02	3.428077430058497788e-03	-2.777423963725564673e-02	2.716613348533115924e-02	-2.289748808569305738e-02	2.585022563985616209e-02	-1.165602818407126748e-02	1.978386787310751627e-01	-2.487183571055572862e-01	6.321077851334204467e-02	-5.345363562267955310e-02	6.241612651473271711e-02	-8.334667863953657552e-01	9.999999999999970024e-01	-9.365376586014077798e-02	9.336775458292272123e-02	-5.773934968079329905e-02	2.444394245395540011e-01	-3.416582375699790952e-01	1.385403442951747555e-01	-9.098285864785246591e-02	8.725650366235242206e-02	-1.563134116383730343e-01	1.267996078312153829e-01	-1.168762108550943368e-01	9.087419306994475032e-02	-1.102081603210649796e-01
1.742346584115617852e-02	-3.480437513209248129e-02	3.589043304300870013e-02	-3.797719287743443750e-02	1.070186044256262771e-02	-1.648471290789894905e-02	3.312345048063100594e-02	-4.667269783854399723e-02	6.673196894566053861e-02	-1.021823222892781491e-02	1.795319626253615020e-02	-1.726360202303224914e-02	7.890166945520210584e-02	-9.447718367370007420e-02	3.337540484863924656e-02	-5.179752388141297542e-02	5.033994135430953226e-02	-4.287801893851912460e-01	2.480836031153476617e-01	-2.606278045506654206e-01	8.744296429879497290e-02	-9.365376586014077798e-02	9.999999999999981126e-01	-6.879790181971433549e-01	2.229500093811100925e-01	-1.349587851099398883e-01	1.721166334859036418e-01	-3.365312065070464320e-01	2.092382863538542193e-01	-2.410727976120504157e-01	1.334279603784559454e-01	-1.382888272911531879e-01	1.858501716789478786e-01	-1.868280911780123010e-01	2.485836373912262420e-01
-1.964342157794805518e-02	3.857140673539288800e-02	-4.057831299816772735e-02	4.228137940826624114e-02	-1.260413117466613851e-02	1.843521819226361450e-02	-3.717880418953088684e-02	5.130135879988879932e-02	-7.657445406778178032e-02	1.195619572629673041e-02	-1.941998580019368634e-02	1.850595604233149991e-02	-8.769790504975183421e-02	9.849356309847731583e-02	-4.082217079406313259e-02	4.908267591315734757e-02	-4.834362378154365147e-02	2.526659854519556214e-01	-2.654081760448773752e-01	2.499384803000025135e-01	-9.408971514887834453e-02	9.336775458292272123e-02	-6.879790181971433549e-01	9.999999999999977796e-01	-3.367366007617476620e-01	1.402744664448503376e-01	-1.927450016346764494e-01	2.477893411364309739e-01	-2.701016131373870643e-01	2.602388093874511976e-01	-1.566919285837742870e-01	1.474144816552740989e-01	-2.107537648367941163e-01	2.080961121475982945e-01	-3.712507709654954136e-01
1.427245618222889798e-02	-2.846132999566228575e-02	2.964057855118204868e-02	-3.129981302027954465e-02	9.254152729350035092e-03	-1.346832431316092454e-02	2.715737598070062236e-02	-3.826495755284116396e-02	5.572412125183730941e-02	-8.839168459019150492e-03	1.379281185083148890e-02	-1.320133650891439081e-02	6.523867651331262396e-02	-7.980828656374681918e-02	3.081171368282955778e-02	-3.402798686416519391e-02	3.313053801036224683e-02	-2.300637295310948571e-01	2.263591198559680995e-01	-7.054922188206079747e-01	5.700276724275858686e-02	-5.773934968079329905e-02	2.229500093811100925e-01	-3.367366007617476620e-01	9.999999999999984457e-01	-8.867541429197191294e-02	1.137258732269552236e-01	-1.550118136142309977e-01	1.917355822759982675e-01	-4.737588923341711222e-01	9.458269997728666056e-02	-9.474779206449771007e-02	1.298284994088929611e-01	-1.564571930704855562e-01	2.616707201958692330e-01
-7.885593807132350308e-03	1.541675065120770745e-02	-1.482956336055962603e-02	1.566558010121213082e-02	-4.923767414257825860e-03	7.554600974986633820e-03	-1.479071262514321944e-02	1.907280582074290937e-02	-2.637629359730294526e-02	4.653733866762502225e-03	-1.600425673976384536e-02	1.556136170896207579e-02	-2.938754175671323340e-02	3.403976751387868122e-02	-1.714961876276783342e-02	9.084126512544855869e-02	-8.754322480559283137e-02	8.472301595184467127e-02	-7.331932640241498045e-02	9.416304827937302391e-02	-3.510436626811874183e-01	2.444394245395540011e-01	-1.349587851099398883e-01	1.402744664448503376e-01	-8.867541429197191294e-02	9.999999999999992228e-01	-6.211763234408309575e-01	2.331545051122504986e-01	-1.568285529931711109e-01	1.408122502240353735e-01	-5.222013969195711258e-01	2.662285916353112070e-01	-2.303259486644545495e-01	1.594632839938575075e-01	-1.860690739073981859e-01
9.552987324689203238e-03	-1.878378715706891661e-02	1.816350347495069781e-02	-1.925438405175264669e-02	5.977982926288178712e-03	-9.150175194689915206e-03	1.793349204494764162e-02	-2.344375242464801640e-02	3.241910612362813859e-02	-5.660453053852581434e-03	1.805715496074047563e-02	-1.767834732624605845e-02	3.633156201979485800e-02	-4.264461362576440345e-02	2.062390536838250299e-02	-1.017277324174542114e-01	9.455819762233870496e-02	-1.122436311260832653e-01	9.312050674600090561e-02	-1.245383869153643963e-01	2.479494755865424838e-01	-3.416582375699790952e-01	1.721166334859036418e-01	-1.927450016346764494e-01	1.137258732269552236e-01	-6.211763234408309575e-01	9.999999999999987788e-01	-4.408326908175901337e-01	1.953187990925406847e-01	-1.873192293846501211e-01	2.732914014911659861e-01	-3.078987107187579064e-01	2.410140874818007817e-01	-2.015781823237360326e-01	1.992925009335682895e-01
-1.109248624121263530e-02	2.191096373253304322e-02	-2.214709859474954870e-02	2.341395762194788469e-02	-7.360858699189212241e-03	1.051625827757596797e-02	-2.086442062523285665e-02	2.837217653757121913e-02	-4.065504415157453200e-02	6.964893002376629921e-03	-1.441112068394823260e-02	1.390373091925732607e-02	-4.605366143739898777e-02	5.364664426637642813e-02	-2.548942776838167973e-02	5.681964149076007553e-02	-5.519652815249306843e-02	1.488803940306960005e-01	-1.279070423257406552e-01	1.547323377355074581e-01	-1.360618175639148886e-01	1.385403442951747555e-01	-3.365312065070464320e-01	2.477893411364309739e-01	-1.550118136142309977e-01	2.331545051122504986e-01	-4.408326908175901337e-01	9.999999999999988898e-01	-4.443663453719703949e-01	2.407495182123979560e-01	-2.539048030764545771e-01	2.467422821135926425e-01	-5.098272028303406644e-01	2.919018474226704463e-01	-2.960934383407183290e-01
1.050162020371644446e-02	-2.082443969442992690e-02	2.116231999068030750e-02	-2.245243914877940311e-02	7.196798458885485944e-03	-9.945165354005160857e-03	1.972696239255220668e-02	-2.711162637265187789e-02	3.895446346819807920e-02	-6.808053666069002578e-03	1.207544923749341408e-02	-1.162651764653600643e-02	4.396910993625453151e-02	-5.179170254987476574e-02	2.539816682588325394e-02	-4.096923974258508128e-02	3.913621337391207100e-02	-1.372105833760813298e-01	1.222496091276489283e-01	-1.827520976917617612e-01	8.697960626698915398e-02	-9.098285864785246591e-02	2.092382863538542193e-01	-2.701016131373870643e-01	1.917355822759982675e-01	-1.568285529931711109e-01	1.953187990925406847e-01	-4.443663453719703949e-01	1.000000000000000000e+00	-4.834288903764834000e-01	1.603917758346022349e-01	-1.833707659837616188e-01	2.762877366100633392e-01	-6.039208771467031722e-01	3.099788359142657823e-01
-1.484128113513582745e-02	2.928516361288670614e-02	-3.022803585396413584e-02	3.187161009274236401e-02	-1.055947538965216342e-02	1.398937393921523796e-02	-2.788565791092599555e-02	3.836797204689708363e-02	-5.624435088827035856e-02	9.956985737699293806e-03	-1.540485325890886270e-02	1.473696714342347808e-02	-6.317684057436134815e-02	7.299627947824001428e-02	-3.823234059768616799e-02	4.322768930701313683e-02	-4.199479500104604662e-02	1.715236153040278488e-01	-1.785642301849683644e-01	2.651541313251590259e-01	-8.781781520390954943e-02	8.725650366235242206e-02	-2.410727976120504157e-01	2.602388093874511976e-01	-4.737588923341711222e-01	1.408122502240353735e-01	-1.873192293846501211e-01	2.407495182123979560e-01	-4.834288903764834000e-01	9.999999999999993339e-01	-1.575773860044653030e-01	1.546365674973483040e-01	-2.264099968601245294e-01	2.742337150348731489e-01	-5.525352001941804536e-01
7.567818671223254523e-03	-1.493819453365009473e-02	1.465534674003761244e-02	-1.557976497187556902e-02	4.958784121099551329e-03	-7.223982578533095014e-03	1.417828459678870459e-02	-1.886604407452341717e-02	2.636709878170002269e-02	-4.689845978994567482e-03	1.223396507220717369e-02	-1.191331348815527665e-02	2.945962423569618155e-02	-3.471542751386376413e-02	1.744035638142096833e-02	-6.079628288732639302e-02	5.611541991949223207e-02	-8.945563248659457734e-02	7.536139643364542229e-02	-1.038121783675869103e-01	1.566633969323387998e-01	-1.563134116383730343e-01	1.334279603784559454e-01	-1.566919285837742870e-01	9.458269997728666056e-02	-5.222013969195711258e-01	2.732914014911659861e-01	-2.539048030764545771e-01	1.603917758346022349e-01	-1.575773860044653030e-01	9.999999999999990008e-01	-6.867394023460774433e-01	2.589140547119129221e-01	-1.970390550755637959e-01	1.747540468376433953e-01
-7.410188376352556602e-03	1.460772019517092568e-02	-1.447773791233368176e-02	1.535715459830253038e-02	-4.954860723818104579e-03	7.053642234259782304e-03	-1.388056869233885403e-02	1.855977715306684692e-02	-2.621670264906637154e-02	4.679943626321861339e-03	-1.118639201420818831e-02	1.083325351853175328e-02	-2.924752241630055108e-02	3.419091274799116592e-02	-1.758635752338372216e-02	5.100914280463929307e-02	-4.910420921276314327e-02	8.642797377691330274e-02	-7.499363768273839548e-02	9.969238461126250783e-02	-1.385180432526325056e-01	1.267996078312153829e-01	-1.382888272911531879e-01	1.474144816552740989e-01	-9.474779206449771007e-02	2.662285916353112070e-01	-3.078987107187579064e-01	2.467422821135926425e-01	-1.833707659837616188e-01	1.546365674973483040e-01	-6.867394023460774433e-01	9.999999999999990008e-01	-5.062589437191569175e-01	2.125642737669465043e-01	-2.098268511187419694e-01
9.185326816822832197e-03	-1.820744150347999857e-02	1.823112755189732273e-02	-1.939148748456967497e-02	6.208016294348500663e-03	-8.728951714963108233e-03	1.722442684696055826e-02	-2.342582752123906209e-02	3.322084444878269788e-02	-5.872138404529901601e-03	1.205081773442502960e-02	-1.166252765956639001e-02	3.733146252203323884e-02	-4.411564231488535742e-02	2.190234327915341339e-02	-4.877156624260143430e-02	4.594415133111724725e-02	-1.183369369332282206e-01	9.949703024860777345e-02	-1.377923707102200468e-01	1.114027489945249028e-01	-1.168762108550943368e-01	1.858501716789478786e-01	-2.107537648367941163e-01	1.298284994088929611e-01	-2.303259486644545495e-01	2.410140874818007817e-01	-5.098272028303406644e-01	2.762877366100633392e-01	-2.264099968601245294e-01	2.589140547119129221e-01	-5.062589437191569175e-01	9.999999999999988898e-01	-4.958651391086341675e-01	2.509667876628116634e-01
-9.829453750905856740e-03	1.946895646195268004e-02	-1.969898845421632488e-02	2.092277791638617879e-02	-6.953341964070353098e-03	9.313716103044464983e-03	-1.841790179156558779e-02	2.518510322075424510e-02	-3.612662434583656379e-02	6.557797375809408524e-03	-1.162550163901291886e-02	1.119465066523540539e-02	-4.042396435632585050e-02	4.742054774917443816e-02	-2.530475426266992622e-02	4.066967225191726876e-02	-3.902786590078782814e-02	1.195943620073529612e-01	-1.076498148490444284e-01	1.507625499911242617e-01	-9.064789603625189596e-02	9.087419306994475032e-02	-1.868280911780123010e-01	2.080961121475982945e-01	-1.564571930704855562e-01	1.594632839938575075e-01	-2.015781823237360326e-01	2.919018474226704463e-01	-6.039208771467031722e-01	2.742337150348731489e-01	-1.970390550755637959e-01	2.125642737669465043e-01	-4.958651391086341675e-01	9.999999999999986677e-01	-4.666066950208578867e-01
1.731753281494789742e-02	-3.473036104736972052e-02	3.476592457620387294e-02	-3.746611047302127184e-02	1.315487528379290227e-02	-1.647209870413625377e-02	3.232544568422354020e-02	-4.486270083755372617e-02	6.313334454852410904e-02	-1.238541361073509928e-02	1.838403751754275062e-02	-1.773027993207678538e-02	7.038821792687964540e-02	-8.564369964299804738e-02	5.039609904847447419e-02	-5.534336324977385396e-02	5.205703010756260185e-02	-2.188048433504021784e-01	1.828449384265453670e-01	-3.137655254332973320e-01	1.034684373233383803e-01	-1.102081603210649796e-01	2.485836373912262420e-01	-3.712507709654954136e-01	2.616707201958692330e-01	-1.860690739073981859e-01	1.992925009335682895e-01	-2.960934383407183290e-01	3.099788359142657823e-01	-5.525352001941804536e-01	1.747540468376433953e-01	-2.098268511187419694e-01	2.509667876628116634e-01	-4.666066950208578867e-01	9.999999999999986677e-01
