1.000000000000000000e+00	-7.184026635847424735e-01	1.429988078945145513e-01	-1.242623453756006441e-01	8.364403617126486834e-02	-4.596529675760825939e-01	3.223191215987766811e-01	-1.640188949566069032e-01	1.228929607470616026e-01	-5.265430054014587358e-02	2.449173008860913991e-01	-2.542293664339990711e-01	1.368104599606349558e-01	-8.982860990407817714e-02	5.392719865508317084e-02	-2.260783322475597434e-01	1.479996382746281147e-01	-1.140632189898055787e-01	8.020849281570505140e-02	-7.794351603014271213e-02	1.062190860140478643e-01	-1.099369571239313392e-01	8.293746925071561471e-02	-9.035021718019105308e-02	4.509465659278383970e-02	-3.178218129593862046e-02	3.621526192751001877e-02	-4.532076380863443027e-02	6.070181009333152494e-02	-4.028577238023099694e-02	3.442862355289660198e-02	-3.731033913462675211e-02	3.929807742394149372e-02	-7.535413700819776350e-02	8.247161764570688780e-02
-7.184026635847424735e-01	1.000000000000000000e+00	-1.819365991805731164e-01	1.242353441987018026e-01	-7.205512229295091275e-02	2.827546114809960098e-01	-5.596449065226106745e-01	1.694983745199896696e-01	-1.304201205750422365e-01	4.492013052275516116e-02	-2.117452529302771280e-01	1.873214156176731815e-01	-1.163191750662329049e-01	7.742336087760871843e-02	-4.624182181820481879e-02	1.532752532391518097e-01	-1.162704732198457241e-01	8.870873974232498793e-02	-7.004544275108053053e-02	6.397011627559318070e-02	-8.125270289398378587e-02	8.064863829024415676e-02	-6.426428017391512537e-02	6.883438043267835205e-02	-3.429952222307509208e-02	2.392365366990149150e-02	-2.706599500290604240e-02	3.400299292006284807e-02	-4.629845311288719595e-02	3.047880028507037736e-02	-2.615504105179078040e-02	2.767513643564350340e-02	-2.962965984021014368e-02	5.648331597335373711e-02	-6.253836034597953786e-02
1.429988078945145513e-01	-1.819365991805731164e-01	1.000000000000000222e+00	-6.694337705391359972e-01	1.059900368761645673e-01	-1.291587505695443172e-01	1.678259152406353372e-01	-6.071383526059622726e-01	3.178373095575647289e-01	-7.182342030273776434e-02	1.104790911094794825e-01	-1.150317267238784302e-01	1.470752606348569858e-01	-1.350986783663618851e-01	7.096799013305656045e-02	-9.791983418977144582e-02	7.224628180050664261e-02	-1.081209446300884502e-01	1.129209514655702684e-01	-9.502809249590174479e-02	6.803083831099736301e-02	-6.865908295292444397e-02	7.128239796596955169e-02	-8.003210864883081310e-02	3.654836048397643727e-02	-2.101195698674746329e-02	2.554153517213055696e-02	-3.634401988722717192e-02	5.173847475075699087e-02	-3.278433384202285999e-02	2.307296979358299666e-02	-2.618342045004857371e-02	3.153247213593499132e-02	-6.253786295108276772e-02	6.476408523306625975e-02
-1.242623453756006441e-01	1.242353441987018026e-01	-6.694337705391359972e-01	1.000000000000000444e+00	-1.380001680197447678e-01	1.024909236507488275e-01	-1.351350145313945372e-01	3.232747906081027689e-01	-6.089063860529019268e-01	8.993616225172154643e-02	-1.002987831322676299e-01	9.796785798640571252e-02	-1.547288896309089723e-01	1.650501453264089924e-01	-9.016337659246544123e-02	8.501922737843767286e-02	-6.425433675998977467e-02	1.059065946042096334e-01	-1.492143050205745614e-01	1.108842632603378453e-01	-6.689409794647543928e-02	6.578269307729896209e-02	-7.327606029195929405e-02	8.137317815620317973e-02	-3.771543343144102833e-02	2.065539372150467998e-02	-2.519487764594654372e-02	3.623610284162958467e-02	-5.303710021671605157e-02	3.350310495776730874e-02	-2.282971825639757563e-02	2.569773365590162853e-02	-3.168797522061898853e-02	6.227710625037328335e-02	-6.682547366934270261e-02
8.364403617126486834e-02	-7.205512229295091275e-02	1.059900368761645673e-01	-1.380001680197447678e-01	1.000000000000000666e+00	-7.945640395940141432e-02	8.720068411477321924e-02	-1.414748688444553704e-01	1.532687285198418847e-01	-6.507526530744328630e-01	9.870831643418122303e-02	-1.033628469313762344e-01	1.793594584578226958e-01	-2.339675359078262351e-01	3.214057660631246538e-01	-9.697601428341759422e-02	7.244190257290979151e-02	-1.638896562380430799e-01	2.060922972699447964e-01	-5.198491486202588829e-01	9.680354941709307104e-02	-9.753891876913331482e-02	1.137490265076445545e-01	-1.378844082916754477e-01	7.339982254427450392e-02	-3.196762602467637798e-02	4.121156118992539558e-02	-6.389246229919068321e-02	9.210812186232064658e-02	-6.497795673749705292e-02	3.524241291380105640e-02	-4.256600263034477499e-02	5.543491336510038975e-02	-1.137022593500934681e-01	1.348409889339586831e-01
-4.596529675760825939e-01	2.827546114809960098e-01	-1.291587505695443172e-01	1.024909236507488275e-01	-7.945640395940141432e-02	1.000000000000000222e+00	-5.516576754094801860e-01	1.524684615687188494e-01	-1.236906793667192223e-01	4.864911298192794997e-02	-5.724270616988992311e-01	2.395965156489891501e-01	-1.335980721673171445e-01	8.271855184333509747e-02	-5.048450204651911549e-02	2.167864927120800034e-01	-1.572133984545187324e-01	1.036893745672890776e-01	-7.581695263374083060e-02	7.046422381447244032e-02	-1.047176805189855564e-01	1.024925078384630733e-01	-7.675672689888124456e-02	8.107001855851193872e-02	-4.074141518235471077e-02	3.027051386816673878e-02	-3.354654940927794676e-02	4.074813117352845543e-02	-5.485895933346150721e-02	3.617288322529269018e-02	-3.308316219758452442e-02	3.424345528878499495e-02	-3.554785061586748091e-02	6.695171544977601696e-02	-7.444676325603497014e-02
3.223191215987766811e-01	-5.596449065226106745e-01	1.678259152406353372e-01	-1.351350145313945372e-01	8.720068411477321924e-02	-5.516576754094801860e-01	1.000000000000000888e+00	-2.573681325949677690e-01	1.536646687108390030e-01	-5.498058778442765915e-02	2.712146548438339466e-01	-3.381669583342875041e-01	1.481427772914910013e-01	-9.718887273099401092e-02	5.652973308504162520e-02	-2.301309022379932900e-01	1.712178778419611025e-01	-1.165668732136670716e-01	8.646238939744722851e-02	-7.952738582561566516e-02	1.088949973005018668e-01	-1.107569062433482188e-01	8.409211748065870129e-02	-8.985142942708766733e-02	4.379003137068993023e-02	-3.183288860964463701e-02	3.593872868321081743e-02	-4.446290845024858385e-02	6.000602433962774762e-02	-3.909705025156592212e-02	3.463446327303396077e-02	-3.678648253680133484e-02	3.866035943623636478e-02	-7.352203012042496377e-02	7.940370482143120634e-02
-1.640188949566069032e-01	1.694983745199896696e-01	-6.071383526059622726e-01	3.232747906081027689e-01	-1.414748688444553704e-01	1.524684615687188494e-01	-2.573681325949677690e-01	1.000000000000000666e+00	-5.830672740813094279e-01	9.295983033069270263e-02	-1.399330128092735048e-01	1.383102338086086014e-01	-2.293722632678125428e-01	1.784336685383322851e-01	-9.541436994225420409e-02	1.158253168937165289e-01	-8.891059883887661441e-02	1.385262537328857402e-01	-1.602221985445434205e-01	1.198441449121853686e-01	-8.558274228460342747e-02	8.479096612385512988e-02	-9.206025024107399035e-02	1.007809605761324501e-01	-4.596360519329828476e-02	2.622996858410592616e-02	-3.180770891937966666e-02	4.525551453518793232e-02	-6.537571111415632630e-02	4.102457717607043558e-02	-2.892824081732098263e-02	3.246071517335678835e-02	-3.944998693020694558e-02	7.757325551063200264e-02	-8.131757591315368072e-02
1.228929607470616026e-01	-1.304201205750422365e-01	3.178373095575647289e-01	-6.089063860529019268e-01	1.532687285198418847e-01	-1.236906793667192223e-01	1.536646687108390030e-01	-5.830672740813094279e-01	1.000000000000000444e+00	-1.219329604672249462e-01	1.145344363946495664e-01	-1.213676986568471283e-01	1.851244757366141969e-01	-3.001453040851614906e-01	1.121022547429305904e-01	-1.049278180908886915e-01	7.810396702877900332e-02	-1.388807339657264772e-01	1.897722265887453186e-01	-1.465068391717613827e-01	8.136321761217167603e-02	-8.195236525583066145e-02	9.230405262578852965e-02	-1.060371939254608209e-01	4.649705521056210489e-02	-2.533890060922677767e-02	3.141135673680459789e-02	-4.612875211736171960e-02	6.724880496327571844e-02	-4.175392006668448425e-02	2.789866414170319789e-02	-3.215807378756457141e-02	4.007383133729199021e-02	-8.001457445756829379e-02	8.152921853924269269e-02
-5.265430054014587358e-02	4.492013052275516116e-02	-7.182342030273776434e-02	8.993616225172154643e-02	-6.507526530744328630e-01	4.864911298192794997e-02	-5.498058778442765915e-02	9.295983033069270263e-02	-1.219329604672249462e-01	1.000000000000000222e+00	-6.071859007863532331e-02	6.087853456570064409e-02	-1.152657994118540807e-01	1.402034138358504434e-01	-6.581898039062814565e-01	5.639391065258902297e-02	-4.280278150858012054e-02	9.327858643264008709e-02	-1.395913177120894910e-01	3.020492710498423605e-01	-5.749946167371169231e-02	5.614396378748050254e-02	-6.689702435522344726e-02	7.804254250304905327e-02	-4.228946155704911558e-02	1.860529048411005762e-02	-2.354443400324980964e-02	3.572718714027586784e-02	-5.282188728475809003e-02	3.684959721110474262e-02	-2.065084426269743478e-02	2.411145227422769113e-02	-3.134047639965165111e-02	6.279501799565662123e-02	-7.754623393126590380e-02
2.449173008860913991e-01	-2.117452529302771280e-01	1.104790911094794825e-01	-1.002987831322676299e-01	9.870831643418122303e-02	-5.724270616988992311e-01	2.712146548438339466e-01	-1.399330128092735048e-01	1.145344363946495664e-01	-6.071859007863532331e-02	1.000000000000000888e+00	-4.419617176739271125e-01	1.782926198836592424e-01	-1.036209324540365573e-01	6.309058220258167982e-02	-4.867782497453124746e-01	2.608402583003149866e-01	-1.543953258357368963e-01	9.436356731869229020e-02	-9.257476594411430393e-02	1.652347662286727248e-01	-1.713748247615899667e-01	1.153623190526861242e-01	-1.227930362335199338e-01	6.061776519550364506e-02	-4.788578487606857254e-02	5.309613117053376546e-02	-6.288647236924888029e-02	8.261139539095915807e-02	-5.427365500335645798e-02	5.150387888338467390e-02	-5.466129272171881687e-02	5.453070266148535988e-02	-1.026161626452079395e-01	1.105686339115010824e-01
-2.542293664339990711e-01	1.873214156176731815e-01	-1.150317267238784302e-01	9.796785798640571252e-02	-1.033628469313762344e-01	2.395965156489891501e-01	-3.381669583342875041e-01	1.383102338086086014e-01	-1.213676986568471283e-01	6.087853456570064409e-02	-4.419617176739271125e-01	9.999999999999993339e-01	-2.480051473837594223e-01	1.070617606494958657e-01	-6.478973086476409737e-02	3.239729203275121261e-01	-6.286998469760088915e-01	1.646034589171065932e-01	-1.001219695261776621e-01	9.065228543601876188e-02	-1.965464147319272159e-01	1.793439906104911108e-01	-1.253903808304299150e-01	1.204987963869530582e-01	-5.985266362461875295e-02	5.201473766737115673e-02	-5.511817644526340737e-02	6.126568816182734883e-02	-8.233333177889319565e-02	5.279451452062589728e-02	-5.777679196955681773e-02	5.469242001797803426e-02	-5.402210052575041194e-02	9.749327025190669682e-02	-1.086645684248134514e-01
1.368104599606349558e-01	-1.163191750662329049e-01	1.470752606348569858e-01	-1.547288896309089723e-01	1.793594584578226958e-01	-1.335980721673171445e-01	1.481427772914910013e-01	-2.293722632678125428e-01	1.851244757366141969e-01	-1.152657994118540807e-01	1.782926198836592424e-01	-2.480051473837594223e-01	9.999999999999993339e-01	-3.165902075447457054e-01	1.258360501412454091e-01	-1.903420421569545218e-01	1.586002198745786740e-01	-6.261685945506323403e-01	2.337552382888261338e-01	-1.957167351753552054e-01	1.873414515221951959e-01	-2.041201435953295396e-01	2.704935458893348299e-01	-3.030556207996148999e-01	1.115696239746342688e-01	-5.997372596902912634e-02	7.930128229992507161e-02	-1.271711610023169015e-01	1.790197673008056545e-01	-1.041565856173311128e-01	6.551954996556627608e-02	-8.183562241295991302e-02	1.076786531700968524e-01	-2.256856574443494579e-01	1.882602933322857219e-01
-8.982860990407817714e-02	7.742336087760871843e-02	-1.350986783663618851e-01	1.650501453264089924e-01	-2.339675359078262351e-01	8.271855184333509747e-02	-9.718887273099401092e-02	1.784336685383322851e-01	-3.001453040851614906e-01	1.402034138358504434e-01	-1.036209324540365573e-01	1.070617606494958657e-01	-3.165902075447457054e-01	1.000000000000001554e+00	-1.950467316902244896e-01	9.474079215390023012e-02	-7.631526552026064725e-02	1.988107656109509291e-01	-7.732978491040730651e-01	2.421040475066030540e-01	-1.041727857789491868e-01	1.007914176979545356e-01	-1.453274137253481313e-01	1.646456232757294580e-01	-6.519822130348126854e-02	3.225786163118175148e-02	-4.114938393864361194e-02	6.322039374597680783e-02	-1.025095739315517313e-01	5.787981937164478341e-02	-3.594486469822231328e-02	4.154576812533852803e-02	-5.592150914726665145e-02	1.092905697972963303e-01	-1.107566731979916924e-01
5.392719865508317084e-02	-4.624182181820481879e-02	7.096799013305656045e-02	-9.016337659246544123e-02	3.214057660631246538e-01	-5.048450204651911549e-02	5.652973308504162520e-02	-9.541436994225420409e-02	1.121022547429305904e-01	-6.581898039062814565e-01	6.309058220258167982e-02	-6.478973086476409737e-02	1.258360501412454091e-01	-1.950467316902244896e-01	1.000000000000000666e+00	-5.996771631834997562e-02	4.578527759683093806e-02	-1.082241740897196269e-01	1.823828557709173681e-01	-6.146991590562567165e-01	6.222359367072109737e-02	-6.162675762553711245e-02	7.603041518058729908e-02	-9.110103555659444796e-02	4.542743240856036285e-02	-2.014357988579975126e-02	2.583055361764376168e-02	-3.992257213862213105e-02	5.944021300542066955e-02	-4.009739850508572262e-02	2.231151812458667671e-02	-2.648000468073933439e-02	3.486055963859700790e-02	-7.053971098347661117e-02	8.066473863685685863e-02
-2.260783322475597434e-01	1.532752532391518097e-01	-9.791983418977144582e-02	8.501922737843767286e-02	-9.697601428341759422e-02	2.167864927120800034e-01	-2.301309022379932900e-01	1.158253168937165289e-01	-1.049278180908886915e-01	5.639391065258902297e-02	-4.867782497453124746e-01	3.239729203275121261e-01	-1.903420421569545218e-01	9.474079215390023012e-02	-5.996771631834997562e-02	9.999999999999996669e-01	-6.512484921259519277e-01	1.493717187882440123e-01	-9.059809029303317329e-02	8.379951501065381614e-02	-2.687955926345265700e-01	2.074903243130364339e-01	-1.242518278385034286e-01	1.169754170552450290e-01	-5.877643534476199166e-02	6.209788892081432449e-02	-6.031377740039819274e-02	6.172440869357050802e-02	-8.076762885339422438e-02	5.176028509372226222e-02	-6.813724742367886777e-02	5.981469293501112672e-02	-5.456852078655762689e-02	9.530948612510142803e-02	-1.068669008582272123e-01
1.479996382746281147e-01	-1.162704732198457241e-01	7.224628180050664261e-02	-6.425433675998977467e-02	7.244190257290979151e-02	-1.572133984545187324e-01	1.712178778419611025e-01	-8.891059883887661441e-02	7.810396702877900332e-02	-4.280278150858012054e-02	2.608402583003149866e-01	-6.286998469760088915e-01	1.586002198745786740e-01	-7.631526552026064725e-02	4.578527759683093806e-02	-6.512484921259519277e-01	1.000000000000002220e+00	-1.427841937414901508e-01	7.243690990647864980e-02	-6.511625856125374812e-02	1.924659248758612273e-01	-2.257930930933193803e-01	1.104502080441749634e-01	-1.006137163711918747e-01	4.584800952522591344e-02	-4.827341545336599760e-02	5.143264427061402383e-02	-5.147406751317844947e-02	6.693841027947905475e-02	-4.091122535333127641e-02	5.240256214660077294e-02	-5.080662989010861774e-02	4.520077440288282344e-02	-7.881983154308189188e-02	8.133577236172113978e-02
-1.140632189898055787e-01	8.870873974232498793e-02	-1.081209446300884502e-01	1.059065946042096334e-01	-1.638896562380430799e-01	1.036893745672890776e-01	-1.165668732136670716e-01	1.385262537328857402e-01	-1.388807339657264772e-01	9.327858643264008709e-02	-1.543953258357368963e-01	1.646034589171065932e-01	-6.261685945506323403e-01	1.988107656109509291e-01	-1.082241740897196269e-01	1.493717187882440123e-01	-1.427841937414901508e-01	1.000000000000002887e+00	-2.319393056392010655e-01	1.496279557776693525e-01	-2.149820588239637897e-01	2.041294936054292297e-01	-5.430127831946346406e-01	2.735655468822291159e-01	-1.059174362520270835e-01	6.121487173750846111e-02	-7.727108014217357046e-02	1.136129677253135961e-01	-1.807501355264373721e-01	9.341271882702238682e-02	-6.872478389278754984e-02	7.582839282768193134e-02	-1.020018883154501788e-01	1.809523066722118767e-01	-1.764442894095698822e-01
8.020849281570505140e-02	-7.004544275108053053e-02	1.129209514655702684e-01	-1.492143050205745614e-01	2.060922972699447964e-01	-7.581695263374083060e-02	8.646238939744722851e-02	-1.602221985445434205e-01	1.897722265887453186e-01	-1.395913177120894910e-01	9.436356731869229020e-02	-1.001219695261776621e-01	2.337552382888261338e-01	-7.732978491040730651e-01	1.823828557709173681e-01	-9.059809029303317329e-02	7.243690990647864980e-02	-2.319393056392010655e-01	1.000000000000000000e+00	-3.815755036903566988e-01	1.026159189660686422e-01	-1.029879412280460260e-01	1.550510474836123143e-01	-2.141611731221535753e-01	6.611413204204544258e-02	-3.212704401835000251e-02	4.224320165128089138e-02	-6.801585345382459014e-02	1.116801589977564763e-01	-6.001608674423157541e-02	3.564089637005078692e-02	-4.284090277647245593e-02	5.936082997603529116e-02	-1.207030516432424094e-01	1.091428046818945091e-01
-7.794351603014271213e-02	6.397011627559318070e-02	-9.502809249590174479e-02	1.108842632603378453e-01	-5.198491486202588829e-01	7.046422381447244032e-02	-7.952738582561566516e-02	1.198441449121853686e-01	-1.465068391717613827e-01	3.020492710498423605e-01	-9.257476594411430393e-02	9.065228543601876188e-02	-1.957167351753552054e-01	2.421040475066030540e-01	-6.146991590562567165e-01	8.379951501065381614e-02	-6.511625856125374812e-02	1.496279557776693525e-01	-3.815755036903566988e-01	1.000000000000001776e+00	-9.227944175357434553e-02	8.787953138315708623e-02	-1.126118709284612412e-01	1.285779718518209325e-01	-6.822094488982854976e-02	2.939929394965149628e-02	-3.706547453223343197e-02	5.603022819006944072e-02	-8.677291069868363349e-02	5.865700105007395221e-02	-3.282172682984567380e-02	3.763048953013592435e-02	-4.969183725728948398e-02	9.754839233085856043e-02	-1.210660975031650211e-01
1.062190860140478643e-01	-8.125270289398378587e-02	6.803083831099736301e-02	-6.689409794647543928e-02	9.680354941709307104e-02	-1.047176805189855564e-01	1.088949973005018668e-01	-8.558274228460342747e-02	8.136321761217167603e-02	-5.749946167371169231e-02	1.652347662286727248e-01	-1.965464147319272159e-01	1.873414515221951959e-01	-1.041727857789491868e-01	6.222359367072109737e-02	-2.687955926345265700e-01	1.924659248758612273e-01	-2.149820588239637897e-01	1.026159189660686422e-01	-9.227944175357434553e-02	1.000000000000000888e+00	-7.901513202594128149e-01	2.236607146148184011e-01	-2.143284916527701811e-01	8.160749021572076545e-02	-2.045739216577862063e-01	1.461259384714362897e-01	-1.196492750941913624e-01	1.352418609093778701e-01	-7.592604990337581405e-02	1.675928087783858655e-01	-1.536439376328168627e-01	1.025681763872213215e-01	-1.662456696315521565e-01	1.366135679465786124e-01
-1.099369571239313392e-01	8.064863829024415676e-02	-6.865908295292444397e-02	6.578269307729896209e-02	-9.753891876913331482e-02	1.024925078384630733e-01	-1.107569062433482188e-01	8.479096612385512988e-02	-8.195236525583066145e-02	5.614396378748050254e-02	-1.713748247615899667e-01	1.793439906104911108e-01	-2.041201435953295396e-01	1.007914176979545356e-01	-6.162675762553711245e-02	2.074903243130364339e-01	-2.257930930933193803e-01	2.041294936054292297e-01	-1.029879412280460260e-01	8.787953138315708623e-02	-7.901513202594128149e-01	1.000000000000000666e+00	-3.232960408594221513e-01	1.992258468407141492e-01	-8.013296860332186355e-02	1.447870278439020997e-01	-1.717668780503759651e-01	1.115081941362640605e-01	-1.349218843395558476e-01	7.198723786598244800e-02	-1.613613993248821932e-01	1.434794456670429597e-01	-1.002633796636058228e-01	1.467068871563179944e-01	-1.343255750472424903e-01
8.293746925071561471e-02	-6.426428017391512537e-02	7.128239796596955169e-02	-7.327606029195929405e-02	1.137490265076445545e-01	-7.675672689888124456e-02	8.409211748065870129e-02	-9.206025024107399035e-02	9.230405262578852965e-02	-6.689702435522344726e-02	1.153623190526861242e-01	-1.253903808304299150e-01	2.704935458893348299e-01	-1.453274137253481313e-01	7.603041518058729908e-02	-1.242518278385034286e-01	1.104502080441749634e-01	-5.430127831946346406e-01	1.550510474836123143e-01	-1.126118709284612412e-01	2.236607146148184011e-01	-3.232960408594221513e-01	1.000000000000000444e+00	-6.073965378461977371e-01	1.035124096400806132e-01	-6.403321479420583107e-02	8.927166674335873520e-02	-1.541273129855003365e-01	2.267107478172898649e-01	-9.875023760384643579e-02	7.025352177784671692e-02	-8.828747880295442774e-02	1.255041889383967657e-01	-2.419818059212696104e-01	1.555273685873406475e-01
-9.035021718019105308e-02	6.883438043267835205e-02	-8.003210864883081310e-02	8.137317815620317973e-02	-1.378844082916754477e-01	8.107001855851193872e-02	-8.985142942708766733e-02	1.007809605761324501e-01	-1.060371939254608209e-01	7.804254250304905327e-02	-1.227930362335199338e-01	1.204987963869530582e-01	-3.030556207996148999e-01	1.646456232757294580e-01	-9.110103555659444796e-02	1.169754170552450290e-01	-1.006137163711918747e-01	2.735655468822291159e-01	-2.141611731221535753e-01	1.285779718518209325e-01	-2.143284916527701811e-01	1.992258468407141492e-01	-6.073965378461977371e-01	1.000000000000001110e+00	-1.483372717671500030e-01	6.298918956966016724e-02	-8.925982719292749334e-02	1.570843531181329300e-01	-4.869944092352033738e-01	1.313048660433719650e-01	-7.115138056216394058e-02	8.654640757725501343e-02	-1.458572513274064286e-01	2.716107501152239534e-01	-2.045992627498450234e-01
4.509465659278383970e-02	-3.429952222307509208e-02	3.654836048397643727e-02	-3.771543343144102833e-02	7.339982254427450392e-02	-4.074141518235471077e-02	4.379003137068993023e-02	-4.596360519329828476e-02	4.649705521056210489e-02	-4.228946155704911558e-02	6.061776519550364506e-02	-5.985266362461875295e-02	1.115696239746342688e-01	-6.519822130348126854e-02	4.542743240856036285e-02	-5.877643534476199166e-02	4.584800952522591344e-02	-1.059174362520270835e-01	6.611413204204544258e-02	-6.822094488982854976e-02	8.160749021572076545e-02	-8.013296860332186355e-02	1.035124096400806132e-01	-1.483372717671500030e-01	1.000000000000001998e+00	-2.945093709445820856e-02	4.491073256016616527e-02	-8.691364096338109746e-02	1.588049567615557600e-01	-8.895073092871734755e-01	3.262722036055652058e-02	-4.644029521600096660e-02	7.597476680289640127e-02	-1.742088515443594443e-01	2.447938779614926563e-01
-3.178218129593862046e-02	2.392365366990149150e-02	-2.101195698674746329e-02	2.065539372150467998e-02	-3.196762602467637798e-02	3.027051386816673878e-02	-3.183288860964463701e-02	2.622996858410592616e-02	-2.533890060922677767e-02	1.860529048411005762e-02	-4.788578487606857254e-02	5.201473766737115673e-02	-5.997372596902912634e-02	3.225786163118175148e-02	-2.014357988579975126e-02	6.209788892081432449e-02	-4.827341545336599760e-02	6.121487173750846111e-02	-3.212704401835000251e-02	2.939929394965149628e-02	-2.045739216577862063e-01	1.447870278439020997e-01	-6.403321479420583107e-02	6.298918956966016724e-02	-2.945093709445820856e-02	1.000000000000001332e+00	-1.860337608532811049e-01	6.843569257515662307e-02	-5.022474259400170477e-02	2.712551239325869043e-02	-9.377589433002413433e-01	1.577241205581208228e-01	-6.267451598321716055e-02	6.101246496349522347e-02	-4.981142382273738567e-02
3.621526192751001877e-02	-2.706599500290604240e-02	2.554153517213055696e-02	-2.519487764594654372e-02	4.121156118992539558e-02	-3.354654940927794676e-02	3.593872868321081743e-02	-3.180770891937966666e-02	3.141135673680459789e-02	-2.354443400324980964e-02	5.309613117053376546e-02	-5.511817644526340737e-02	7.930128229992507161e-02	-4.114938393864361194e-02	2.583055361764376168e-02	-6.031377740039819274e-02	5.143264427061402383e-02	-7.727108014217357046e-02	4.224320165128089138e-02	-3.706547453223343197e-02	1.461259384714362897e-01	-1.717668780503759651e-01	8.927166674335873520e-02	-8.925982719292749334e-02	4.491073256016616527e-02	-1.860337608532811049e-01	1.000000000000001332e+00	-2.394268503083228916e-01	9.502154389779063348e-02	-4.217413697910282755e-02	1.625967740210864654e-01	-8.990912236124452006e-01	1.937214189980251133e-01	-1.151664796497242765e-01	7.305772303704456683e-02
-4.532076380863443027e-02	3.400299292006284807e-02	-3.634401988722717192e-02	3.623610284162958467e-02	-6.389246229919068321e-02	4.074813117352845543e-02	-4.446290845024858385e-02	4.525551453518793232e-02	-4.612875211736171960e-02	3.572718714027586784e-02	-6.288647236924888029e-02	6.126568816182734883e-02	-1.271711610023169015e-01	6.322039374597680783e-02	-3.992257213862213105e-02	6.172440869357050802e-02	-5.147406751317844947e-02	1.136129677253135961e-01	-6.801585345382459014e-02	5.603022819006944072e-02	-1.196492750941913624e-01	1.115081941362640605e-01	-1.541273129855003365e-01	1.570843531181329300e-01	-8.691364096338109746e-02	6.843569257515662307e-02	-2.394268503083228916e-01	1.000000000000001332e+00	-2.747486681506868811e-01	8.161002432828684539e-02	-7.628777520190363481e-02	1.984096753850491945e-01	-8.523473594479074045e-01	2.471670471687877901e-01	-1.337130346796962521e-01
6.070181009333152494e-02	-4.629845311288719595e-02	5.173847475075699087e-02	-5.303710021671605157e-02	9.210812186232064658e-02	-5.485895933346150721e-02	6.000602433962774762e-02	-6.537571111415632630e-02	6.724880496327571844e-02	-5.282188728475809003e-02	8.261139539095915807e-02	-8.233333177889319565e-02	1.790197673008056545e-01	-1.025095739315517313e-01	5.944021300542066955e-02	-8.076762885339422438e-02	6.693841027947905475e-02	-1.807501355264373721e-01	1.116801589977564763e-01	-8.677291069868363349e-02	1.352418609093778701e-01	-1.349218843395558476e-01	2.267107478172898649e-01	-4.869944092352033738e-01	1.588049567615557600e-01	-5.022474259400170477e-02	9.502154389779063348e-02	-2.747486681506868811e-01	1.000000000000001554e+00	-1.869068161459355448e-01	5.567677969958061135e-02	-9.687539853041030047e-02	2.145813536730949433e-01	-7.000543134452594796e-01	1.988471614903557505e-01
-4.028577238023099694e-02	3.047880028507037736e-02	-3.278433384202285999e-02	3.350310495776730874e-02	-6.497795673749705292e-02	3.617288322529269018e-02	-3.909705025156592212e-02	4.102457717607043558e-02	-4.175392006668448425e-02	3.684959721110474262e-02	-5.427365500335645798e-02	5.279451452062589728e-02	-1.041565856173311128e-01	5.787981937164478341e-02	-4.009739850508572262e-02	5.176028509372226222e-02	-4.091122535333127641e-02	9.341271882702238682e-02	-6.001608674423157541e-02	5.865700105007395221e-02	-7.592604990337581405e-02	7.198723786598244800e-02	-9.875023760384643579e-02	1.313048660433719650e-01	-8.895073092871734755e-01	2.712551239325869043e-02	-4.217413697910282755e-02	8.161002432828684539e-02	-1.869068161459355448e-01	1.000000000000001554e+00	-3.027546602673143045e-02	4.289605491201878285e-02	-7.433190400161580891e-02	1.628026677318499538e-01	-3.235494478930251994e-01
3.442862355289660198e-02	-2.615504105179078040e-02	2.307296979358299666e-02	-2.282971825639757563e-02	3.524241291380105640e-02	-3.308316219758452442e-02	3.463446327303396077e-02	-2.892824081732098263e-02	2.789866414170319789e-02	-2.065084426269743478e-02	5.150387888338467390e-02	-5.777679196955681773e-02	6.551954996556627608e-02	-3.594486469822231328e-02	2.231151812458667671e-02	-6.813724742367886777e-02	5.240256214660077294e-02	-6.872478389278754984e-02	3.564089637005078692e-02	-3.282172682984567380e-02	1.675928087783858655e-01	-1.613613993248821932e-01	7.025352177784671692e-02	-7.115138056216394058e-02	3.262722036055652058e-02	-9.377589433002413433e-01	1.625967740210864654e-01	-7.628777520190363481e-02	5.567677969958061135e-02	-3.027546602673143045e-02	1.000000000000001776e+00	-1.892692079764591029e-01	6.795635613055693580e-02	-6.918424735218134392e-02	5.505423685826939251e-02
-3.731033913462675211e-02	2.767513643564350340e-02	-2.618342045004857371e-02	2.569773365590162853e-02	-4.256600263034477499e-02	3.424345528878499495e-02	-3.678648253680133484e-02	3.246071517335678835e-02	-3.215807378756457141e-02	2.411145227422769113e-02	-5.466129272171881687e-02	5.469242001797803426e-02	-8.183562241295991302e-02	4.154576812533852803e-02	-2.648000468073933439e-02	5.981469293501112672e-02	-5.080662989010861774e-02	7.582839282768193134e-02	-4.284090277647245593e-02	3.763048953013592435e-02	-1.536439376328168627e-01	1.434794456670429597e-01	-8.828747880295442774e-02	8.654640757725501343e-02	-4.644029521600096660e-02	1.577241205581208228e-01	-8.990912236124452006e-01	1.984096753850491945e-01	-9.687539853041030047e-02	4.289605491201878285e-02	-1.892692079764591029e-01	1.000000000000001776e+00	-2.465052811836789259e-01	1.133289530662828781e-01	-7.661060436340405566e-02
3.929807742394149372e-02	-2.962965984021014368e-02	3.153247213593499132e-02	-3.168797522061898853e-02	5.543491336510038975e-02	-3.554785061586748091e-02	3.866035943623636478e-02	-3.944998693020694558e-02	4.007383133729199021e-02	-3.134047639965165111e-02	5.453070266148535988e-02	-5.402210052575041194e-02	1.076786531700968524e-01	-5.592150914726665145e-02	3.486055963859700790e-02	-5.456852078655762689e-02	4.520077440288282344e-02	-1.020018883154501788e-01	5.936082997603529116e-02	-4.969183725728948398e-02	1.025681763872213215e-01	-1.002633796636058228e-01	1.255041889383967657e-01	-1.458572513274064286e-01	7.597476680289640127e-02	-6.267451598321716055e-02	1.937214189980251133e-01	-8.523473594479074045e-01	2.145813536730949433e-01	-7.433190400161580891e-02	6.795635613055693580e-02	-2.465052811836789259e-01	1.000000000000002220e+00	-3.357227488763488421e-01	1.193733750188922249e-01
-7.535413700819776350e-02	5.648331597335373711e-02	-6.253786295108276772e-02	6.227710625037328335e-02	-1.137022593500934681e-01	6.695171544977601696e-02	-7.352203012042496377e-02	7.757325551063200264e-02	-8.001457445756829379e-02	6.279501799565662123e-02	-1.026161626452079395e-01	9.749327025190669682e-02	-2.256856574443494579e-01	1.092905697972963303e-01	-7.053971098347661117e-02	9.530948612510142803e-02	-7.881983154308189188e-02	1.809523066722118767e-01	-1.207030516432424094e-01	9.754839233085856043e-02	-1.662456696315521565e-01	1.467068871563179944e-01	-2.419818059212696104e-01	2.716107501152239534e-01	-1.742088515443594443e-01	6.101246496349522347e-02	-1.151664796497242765e-01	2.471670471687877901e-01	-7.000543134452594796e-01	1.628026677318499538e-01	-6.918424735218134392e-02	1.133289530662828781e-01	-3.357227488763488421e-01	1.000000000000001998e+00	-3.134076931798371324e-01
8.247161764570688780e-02	-6.253836034597953786e-02	6.476408523306625975e-02	-6.682547366934270261e-02	1.348409889339586831e-01	-7.444676325603497014e-02	7.940370482143120634e-02	-8.131757591315368072e-02	8.152921853924269269e-02	-7.754623393126590380e-02	1.105686339115010824e-01	-1.086645684248134514e-01	1.882602933322857219e-01	-1.107566731979916924e-01	8.066473863685685863e-02	-1.068669008582272123e-01	8.133577236172113978e-02	-1.764442894095698822e-01	1.091428046818945091e-01	-1.210660975031650211e-01	1.366135679465786124e-01	-1.343255750472424903e-01	1.555273685873406475e-01	-2.045992627498450234e-01	2.447938779614926563e-01	-4.981142382273738567e-02	7.305772303704456683e-02	-1.337130346796962521e-01	1.988471614903557505e-01	-3.235494478930251994e-01	5.505423685826939251e-02	-7.661060436340405566e-02	1.193733750188922249e-01	-3.134076931798371324e-01	1.000000000000001998e+00
