1.000000000000000222e+00	-6.843639982122963206e-01	3.227300371170879201e-01	-5.923001891994723878e-02	6.037360043842335267e-02	-3.114947613169617990e-01	2.281804739892195621e-01	-1.734013751650071433e-01	8.707143956730772905e-02	-9.139736562055296443e-02	1.494858921092737658e-01	-1.479941457322265230e-01	1.279073779943438460e-01	-9.876166907923311644e-02	1.025878139909896097e-01	-1.148331081930023950e-01	1.076935589679194338e-01	-1.064747626131581082e-01	8.967750261719899252e-02	-7.882625618595735795e-02	1.097589012142098086e-01	-1.094294578863624495e-01	1.145971013185294873e-01	-9.734842466610973966e-02	8.353495676325566055e-02	-9.912072245879868793e-02	8.710401256386779423e-02	-5.995399344808653719e-02	6.492204249580896258e-02	-5.462659836180563944e-02	6.049786059475688316e-02	-7.486304232262416813e-02	7.226442570110519492e-02	-6.341611118339096631e-02	6.166663140759262585e-02
-6.843639982122963206e-01	9.999999999999998890e-01	-6.156457417617742234e-01	5.227088033754494212e-02	-5.318939294542651686e-02	1.855406984477904475e-01	-2.097078857779343664e-01	1.199818661217669780e-01	-6.310998202398594714e-02	6.417062411541174516e-02	-1.057975543472021857e-01	1.038969037989833227e-01	-8.972335485192566018e-02	6.722546733412199105e-02	-7.058097232206907157e-02	7.721168578802707627e-02	-7.444514810030904151e-02	7.248619559517723021e-02	-6.098968299711775287e-02	5.329122602103944506e-02	-7.506308130168065640e-02	7.388034427944444038e-02	-7.798667837235982725e-02	6.488755754269193154e-02	-5.613240356378412094e-02	6.473937799444229313e-02	-5.754511782141345788e-02	3.945289457923675108e-02	-4.310874712441489787e-02	3.632909359204401778e-02	-3.955800318800931081e-02	4.855440077720296621e-02	-4.755313270393296543e-02	4.186758651056302072e-02	-4.090247292396537171e-02
3.227300371170879201e-01	-6.156457417617742234e-01	9.999999999999997780e-01	-9.806614824419424004e-02	9.170639982403006041e-02	-1.921076566640511074e-01	1.833937413706954178e-01	-1.953114547941187662e-01	1.034736675476716494e-01	-1.082216907164302439e-01	1.373739727151191414e-01	-1.424783611272690542e-01	1.361606885021229563e-01	-1.093858426049970634e-01	1.154095841775692050e-01	-1.131825791513206836e-01	1.111504673100110752e-01	-1.129456673929741112e-01	9.920626301509806455e-02	-8.796753511321070418e-02	1.125261287180202990e-01	-1.145027582677129729e-01	1.232625676444161766e-01	-1.077742900620304312e-01	9.286708813155451769e-02	-1.086398294623615451e-01	9.553196946545036705e-02	-6.626466487170570852e-02	7.229628041413838080e-02	-6.092367268743568987e-02	6.683039111435665203e-02	-8.338208664543919624e-02	8.025376597416691848e-02	-7.078122093850486296e-02	6.885697489689940332e-02
-5.923001891994723878e-02	5.227088033754494212e-02	-9.806614824419424004e-02	9.999999999999996669e-01	-9.318463664757692388e-01	4.884261605545982265e-02	-5.466975850510093909e-02	1.301738890086205358e-01	-2.614638566435021905e-01	1.869440454051990441e-01	-5.352796113616811041e-02	5.706694724057097268e-02	-8.038891750428840688e-02	7.992382083481724964e-02	-1.023409740565434101e-01	4.318576316510445989e-02	-5.035212619736243594e-02	5.556423407461959924e-02	-6.407251668031874181e-02	6.109433913211859829e-02	-4.587017176853887268e-02	4.901942397582711303e-02	-6.028609001627340674e-02	5.751680554614581331e-02	-5.324096143300264400e-02	3.998318233654585968e-02	-3.729671815316566719e-02	2.684539263632059608e-02	-3.532675389316346920e-02	3.158102874012025385e-02	-2.455504304912392924e-02	3.014538226571881682e-02	-3.225659293457311394e-02	3.342488115138853022e-02	-3.326694341059011073e-02
6.037360043842335267e-02	-5.318939294542651686e-02	9.170639982403006041e-02	-9.318463664757692388e-01	9.999999999999998890e-01	-5.203945074804068593e-02	5.741434500296325322e-02	-1.453681284245867955e-01	2.062832641643646547e-01	-2.295430907511074592e-01	5.670821249790265750e-02	-6.147532415716779053e-02	8.468785020868309366e-02	-8.963075503861432647e-02	1.084176133803593373e-01	-4.651783452576192107e-02	5.381662039065597536e-02	-6.017166330670635499e-02	6.916377097548834230e-02	-6.796552119243796930e-02	4.893262705212545610e-02	-5.298614457853322718e-02	6.425524635161786180e-02	-6.370212622127169322e-02	5.754640541177389462e-02	-4.352744185725545417e-02	4.018167325557261277e-02	-2.911510377552205264e-02	3.840696771799708559e-02	-3.453344529024694742e-02	2.659723591010369065e-02	-3.288689762175033005e-02	3.480856436491511913e-02	-3.661764087798004275e-02	3.601014089847080074e-02
-3.114947613169617990e-01	1.855406984477904475e-01	-1.921076566640511074e-01	4.884261605545982265e-02	-5.203945074804068593e-02	1.000000000000000222e+00	-7.891534389641853275e-01	1.937559734169898296e-01	-9.460414202228270564e-02	9.234660791559673454e-02	-3.508078205937549821e-01	2.375379272706201195e-01	-1.698355792952975230e-01	1.086006014345280990e-01	-1.116396067009325366e-01	1.670754266787868592e-01	-1.486529381640973591e-01	1.306812227507078428e-01	-9.898441117623830998e-02	8.344631408822478225e-02	-1.550714397843673820e-01	1.361473442805062328e-01	-1.372140167695809765e-01	1.011266197493964208e-01	-8.807330352942033258e-02	1.008459026510769296e-01	-9.190748878877326444e-02	6.090665465238274956e-02	-6.596643953991562781e-02	5.542626717066582304e-02	-6.072811739013921073e-02	7.109709036766269363e-02	-7.264355797012723992e-02	6.288727785071712706e-02	-6.202289958443081563e-02
2.281804739892195621e-01	-2.097078857779343664e-01	1.833937413706954178e-01	-5.466975850510093909e-02	5.741434500296325322e-02	-7.891534389641853275e-01	1.000000000000000222e+00	-2.688093276210521965e-01	1.096276881285737359e-01	-1.093992568234412321e-01	2.530549600076897332e-01	-3.186301166682292685e-01	1.879648457761447788e-01	-1.235152577563170956e-01	1.229301753993739393e-01	-1.696065594451980074e-01	1.585544990032554391e-01	-1.469999491573149575e-01	1.082053129280801107e-01	-9.273229314857926731e-02	1.486341184224385936e-01	-1.490852876403349070e-01	1.450834939043822991e-01	-1.116947067802151056e-01	9.535406766402343415e-02	-1.085940153354129079e-01	9.689040075203853020e-02	-6.530679130746976091e-02	7.124919731341193552e-02	-6.030455733076636043e-02	6.440164875398039779e-02	-7.726193707566930691e-02	7.700769226056268513e-02	-6.842992962821632663e-02	6.674877253584735048e-02
-1.734013751650071433e-01	1.199818661217669780e-01	-1.953114547941187662e-01	1.301738890086205358e-01	-1.453681284245867955e-01	1.937559734169898296e-01	-2.688093276210521965e-01	9.999999999999997780e-01	-4.295624149609850173e-01	2.643617744987994400e-01	-2.419611946450976880e-01	2.491318292264149414e-01	-5.249521632585523179e-01	2.489159199747735529e-01	-3.094774410632259998e-01	1.744996651572911228e-01	-2.243422463762538288e-01	2.393884319787475401e-01	-2.284565536783549344e-01	1.857627645976316910e-01	-1.937315484530819643e-01	1.974865018765485369e-01	-2.627534256296611970e-01	1.920189820857085283e-01	-1.868203261881781763e-01	1.443927597126779261e-01	-1.423451624107685831e-01	9.849208111448151670e-02	-1.253190555604953571e-01	1.081616471688292003e-01	-9.014800374664326543e-02	1.060911349144533639e-01	-1.197255477080969716e-01	1.146882939999503137e-01	-1.189326824899040597e-01
8.707143956730772905e-02	-6.310998202398594714e-02	1.034736675476716494e-01	-2.614638566435021905e-01	2.062832641643646547e-01	-9.460414202228270564e-02	1.096276881285737359e-01	-4.295624149609850173e-01	9.999999999999995559e-01	-7.503689093670831145e-01	1.113296991809789999e-01	-1.231434044056179261e-01	1.893949788437425952e-01	-2.023843966069712175e-01	2.430043728607291231e-01	-8.957166883662547041e-02	1.084060056626291180e-01	-1.241775803989604576e-01	1.465379225676873287e-01	-1.464337304034907250e-01	9.507970464302147040e-02	-1.040450122960203255e-01	1.296692336589675143e-01	-1.278130154843950816e-01	1.171834909961262106e-01	-8.085317396949449897e-02	7.586722382514059226e-02	-5.524425620442176971e-02	7.557614584683558512e-02	-6.878332918946689079e-02	4.929515658481516127e-02	-6.050526750340166904e-02	6.583020813663305326e-02	-7.141309990289750054e-02	7.061281810313616014e-02
-9.139736562055296443e-02	6.417062411541174516e-02	-1.082216907164302439e-01	1.869440454051990441e-01	-2.295430907511074592e-01	9.234660791559673454e-02	-1.093992568234412321e-01	2.643617744987994400e-01	-7.503689093670831145e-01	1.000000000000000888e+00	-1.185414227186777358e-01	1.246519285691790740e-01	-1.979449109866240619e-01	2.069022214958550765e-01	-4.185455726804254151e-01	9.343036415210105583e-02	-1.154582584927913574e-01	1.279738679309570804e-01	-1.708617223221540193e-01	1.651210532095296890e-01	-1.024472423719706704e-01	1.093680780924050217e-01	-1.427919921120444635e-01	1.350886891001778223e-01	-1.371440796528891337e-01	8.496651800688738432e-02	-8.175361009960004088e-02	5.924620509122006939e-02	-8.339824482080022972e-02	7.586562967610907537e-02	-5.246877185726533943e-02	6.361536994465924466e-02	-7.151675789636918745e-02	7.699825713948274530e-02	-7.899717190285837631e-02
1.494858921092737658e-01	-1.057975543472021857e-01	1.373739727151191414e-01	-5.352796113616811041e-02	5.670821249790265750e-02	-3.508078205937549821e-01	2.530549600076897332e-01	-2.419611946450976880e-01	1.113296991809789999e-01	-1.185414227186777358e-01	9.999999999999997780e-01	-5.822510368351598853e-01	2.349684937180271105e-01	-1.538140365830118483e-01	1.406665622133058402e-01	-5.068890628598635706e-01	2.419298336252016235e-01	-2.089216642918046707e-01	1.325635875861464752e-01	-1.139132509089638284e-01	2.680493307679438497e-01	-2.417010967633254070e-01	1.969928796791828307e-01	-1.451274751340857483e-01	1.180982473562604967e-01	-1.624262838957060417e-01	1.363552966896572627e-01	-8.926186406466136980e-02	9.052968423765553330e-02	-7.595302147862603714e-02	9.088463456682271957e-02	-1.067870759980998896e-01	1.027083249469278037e-01	-8.772908685803076922e-02	8.389131201681784833e-02
-1.479941457322265230e-01	1.038969037989833227e-01	-1.424783611272690542e-01	5.706694724057097268e-02	-6.147532415716779053e-02	2.375379272706201195e-01	-3.186301166682292685e-01	2.491318292264149414e-01	-1.231434044056179261e-01	1.246519285691790740e-01	-5.822510368351598853e-01	1.000000000000001554e+00	-4.225849965663667773e-01	1.771221560112841986e-01	-1.639535576772846448e-01	2.563671350473626376e-01	-4.100139085332146216e-01	2.555240801138470297e-01	-1.589086552848924527e-01	1.269959324519444044e-01	-2.573454474191403940e-01	2.441919135229306537e-01	-2.386081530194359701e-01	1.549556151525442460e-01	-1.329846815824697603e-01	1.485780327213873375e-01	-1.416346150976295348e-01	9.163564792391627745e-02	-9.821778993955490589e-02	8.228373459062489348e-02	-8.896014906449722925e-02	1.021900038403708022e-01	-1.075737520393428293e-01	9.249847023937193824e-02	-9.116558527860307848e-02
1.279073779943438460e-01	-8.972335485192566018e-02	1.361606885021229563e-01	-8.038891750428840688e-02	8.468785020868309366e-02	-1.698355792952975230e-01	1.879648457761447788e-01	-5.249521632585523179e-01	1.893949788437425952e-01	-1.979449109866240619e-01	2.349684937180271105e-01	-4.225849965663667773e-01	9.999999999999998890e-01	-3.733957371141984338e-01	2.358472705936299763e-01	-1.895047281598576938e-01	2.602195690022456320e-01	-4.410473860804952073e-01	2.244972809379188472e-01	-1.803825263860075467e-01	1.838768210554883875e-01	-2.253561281177288433e-01	2.566761664764604656e-01	-1.965572869177526494e-01	1.638518436682105395e-01	-1.428343262529920554e-01	1.320242334474915902e-01	-9.306103720890950004e-02	1.134000896568806566e-01	-9.902035270917955434e-02	8.434960077191490380e-02	-1.028160649655052022e-01	1.073762632049737875e-01	-1.071227288920258147e-01	1.041563002594490528e-01
-9.876166907923311644e-02	6.722546733412199105e-02	-1.093858426049970634e-01	7.992382083481724964e-02	-8.963075503861432647e-02	1.086006014345280990e-01	-1.235152577563170956e-01	2.489159199747735529e-01	-2.023843966069712175e-01	2.069022214958550765e-01	-1.538140365830118483e-01	1.771221560112841986e-01	-3.733957371141984338e-01	9.999999999999998890e-01	-5.496853957673363267e-01	1.245189958011282405e-01	-1.669092442816328681e-01	2.029016041441869256e-01	-5.843225482117351266e-01	2.882033484946809887e-01	-1.336964785301666958e-01	1.525710823096391167e-01	-2.014712727295166483e-01	2.020953899539287280e-01	-2.144963577257763820e-01	1.124509377539661681e-01	-1.073990574166746453e-01	7.968010619259451033e-02	-1.198580989278861392e-01	1.122474845309556629e-01	-6.832984352206655787e-02	8.402547912515712092e-02	-9.477380038692989617e-02	1.094910896079003826e-01	-1.127326832192193373e-01
1.025878139909896097e-01	-7.058097232206907157e-02	1.154095841775692050e-01	-1.023409740565434101e-01	1.084176133803593373e-01	-1.116396067009325366e-01	1.229301753993739393e-01	-3.094774410632259998e-01	2.430043728607291231e-01	-4.185455726804254151e-01	1.406665622133058402e-01	-1.639535576772846448e-01	2.358472705936299763e-01	-5.496853957673363267e-01	1.000000000000000666e+00	-1.225545717504935850e-01	1.485833442995765086e-01	-1.815980701552305510e-01	3.040587090059409525e-01	-4.482332541735029041e-01	1.275498129874091391e-01	-1.502427168344477315e-01	1.852531220794559341e-01	-2.435959735365685330e-01	2.271718685249240199e-01	-1.197545689814584757e-01	1.093891848603824324e-01	-8.450533412566200997e-02	1.307530578346695060e-01	-1.290647926929661127e-01	7.169815326536377320e-02	-9.096444477450671418e-02	9.887723054705524484e-02	-1.248451468485297644e-01	1.202763773640531803e-01
-1.148331081930023950e-01	7.721168578802707627e-02	-1.131825791513206836e-01	4.318576316510445989e-02	-4.651783452576192107e-02	1.670754266787868592e-01	-1.696065594451980074e-01	1.744996651572911228e-01	-8.957166883662547041e-02	9.343036415210105583e-02	-5.068890628598635706e-01	2.563671350473626376e-01	-1.895047281598576938e-01	1.245189958011282405e-01	-1.225545717504935850e-01	9.999999999999990008e-01	-2.745849969921909106e-01	1.870415058584914691e-01	-1.197728760156817618e-01	1.004291074574852338e-01	-6.869840794931575401e-01	2.574792497471048991e-01	-2.137745098552249479e-01	1.341063410749781526e-01	-1.130393252892983591e-01	1.832764023141196519e-01	-1.603222335407065713e-01	9.622097404004438526e-02	-8.994029390605257079e-02	7.318238390748098288e-02	-1.080509356528863985e-01	1.114773717799627251e-01	-1.143774823223723813e-01	8.607362660548184552e-02	-8.391129862234032732e-02
1.076935589679194338e-01	-7.444514810030904151e-02	1.111504673100110752e-01	-5.035212619736243594e-02	5.381662039065597536e-02	-1.486529381640973591e-01	1.585544990032554391e-01	-2.243422463762538288e-01	1.084060056626291180e-01	-1.154582584927913574e-01	2.419298336252016235e-01	-4.100139085332146216e-01	2.602195690022456320e-01	-1.669092442816328681e-01	1.485833442995765086e-01	-2.745849969921909106e-01	9.999999999999966693e-01	-5.441945002491511696e-01	1.561740968299805132e-01	-1.296011781685687259e-01	2.463029935203545351e-01	-5.502800193772514614e-01	3.006145154146445120e-01	-1.758288101720290875e-01	1.362754549307051977e-01	-1.653328068397601769e-01	1.598453069996302878e-01	-1.043110148451658198e-01	1.030213554314601682e-01	-8.587147742414677487e-02	9.335258475576957427e-02	-1.132455198402150809e-01	1.125731220227195878e-01	-9.784129367237733022e-02	9.333935697984288571e-02
-1.064747626131581082e-01	7.248619559517723021e-02	-1.129456673929741112e-01	5.556423407461959924e-02	-6.017166330670635499e-02	1.306812227507078428e-01	-1.469999491573149575e-01	2.393884319787475401e-01	-1.241775803989604576e-01	1.279738679309570804e-01	-2.089216642918046707e-01	2.555240801138470297e-01	-4.410473860804952073e-01	2.029016041441869256e-01	-1.815980701552305510e-01	1.870415058584914691e-01	-5.441945002491511696e-01	9.999999999999998890e-01	-2.269281317557422240e-01	1.595514548753755313e-01	-2.031548326195448673e-01	2.913756929866817003e-01	-5.417892326492398380e-01	2.079548627392390492e-01	-1.709876941909239112e-01	1.438412386112638552e-01	-1.447682388536747078e-01	9.995767281163280005e-02	-1.198072686072545051e-01	9.986885414899807079e-02	-8.542342509279071683e-02	1.027288532778574681e-01	-1.129328535025169167e-01	1.073762343678163339e-01	-1.069794773276312033e-01
8.967750261719899252e-02	-6.098968299711775287e-02	9.920626301509806455e-02	-6.407251668031874181e-02	6.916377097548834230e-02	-9.898441117623830998e-02	1.082053129280801107e-01	-2.284565536783549344e-01	1.465379225676873287e-01	-1.708617223221540193e-01	1.325635875861464752e-01	-1.589086552848924527e-01	2.244972809379188472e-01	-5.843225482117351266e-01	3.040587090059409525e-01	-1.197728760156817618e-01	1.561740968299805132e-01	-2.269281317557422240e-01	9.999999999999981126e-01	-5.895720079616293408e-01	1.240810223979735283e-01	-1.549951383184453024e-01	1.953332225381101128e-01	-2.753356736198830368e-01	2.538711888460017940e-01	-1.170589939175639554e-01	1.073762362661954683e-01	-8.463083849803781922e-02	1.387241836235663384e-01	-1.403781450989371737e-01	6.952968898414277343e-02	-8.872035386436277760e-02	9.816701211452126541e-02	-1.308237129424638379e-01	1.259382246816514450e-01
-7.882625618595735795e-02	5.329122602103944506e-02	-8.796753511321070418e-02	6.109433913211859829e-02	-6.796552119243796930e-02	8.344631408822478225e-02	-9.273229314857926731e-02	1.857627645976316910e-01	-1.464337304034907250e-01	1.651210532095296890e-01	-1.139132509089638284e-01	1.269959324519444044e-01	-1.803825263860075467e-01	2.882033484946809887e-01	-4.482332541735029041e-01	1.004291074574852338e-01	-1.296011781685687259e-01	1.595514548753755313e-01	-5.895720079616293408e-01	1.000000000000000444e+00	-1.085048086062186251e-01	1.297875247569532653e-01	-1.806164034860797407e-01	2.569900109705928193e-01	-5.089921284021401426e-01	1.025831730011450005e-01	-9.761382426478067142e-02	7.859781732409244770e-02	-1.537443581067005904e-01	1.618693792693741973e-01	-6.195620481843298888e-02	7.845450812716955880e-02	-9.379441976723074115e-02	1.319004956196080380e-01	-1.481968663567792277e-01
1.097589012142098086e-01	-7.506308130168065640e-02	1.125261287180202990e-01	-4.587017176853887268e-02	4.893262705212545610e-02	-1.550714397843673820e-01	1.486341184224385936e-01	-1.937315484530819643e-01	9.507970464302147040e-02	-1.024472423719706704e-01	2.680493307679438497e-01	-2.573454474191403940e-01	1.838768210554883875e-01	-1.336964785301666958e-01	1.275498129874091391e-01	-6.869840794931575401e-01	2.463029935203545351e-01	-2.031548326195448673e-01	1.240810223979735283e-01	-1.085048086062186251e-01	9.999999999999977796e-01	-4.347283333584369136e-01	2.228029573991126278e-01	-1.523916890676615954e-01	1.198215578738227038e-01	-2.972583940964192428e-01	1.916841081402884950e-01	-1.159028872162542884e-01	9.868278713510032774e-02	-8.037270449995161103e-02	1.341128990768043761e-01	-1.440024800586513221e-01	1.304165202805581958e-01	-9.732210600236214371e-02	9.136569486521389782e-02
-1.094294578863624495e-01	7.388034427944444038e-02	-1.145027582677129729e-01	4.901942397582711303e-02	-5.298614457853322718e-02	1.361473442805062328e-01	-1.490852876403349070e-01	1.974865018765485369e-01	-1.040450122960203255e-01	1.093680780924050217e-01	-2.417010967633254070e-01	2.441919135229306537e-01	-2.253561281177288433e-01	1.525710823096391167e-01	-1.502427168344477315e-01	2.574792497471048991e-01	-5.502800193772514614e-01	2.913756929866817003e-01	-1.549951383184453024e-01	1.297875247569532653e-01	-4.347283333584369136e-01	9.999999999999974465e-01	-4.838763568746149435e-01	1.937075101034459179e-01	-1.545218810857384717e-01	2.065530245264374509e-01	-2.638275635382629214e-01	1.384112576680830431e-01	-1.218540749572024906e-01	9.755502161461432342e-02	-1.194016870736178682e-01	1.390848843380710076e-01	-1.487322074401572769e-01	1.135952455262595057e-01	-1.097123389968200774e-01
1.145971013185294873e-01	-7.798667837235982725e-02	1.232625676444161766e-01	-6.028609001627340674e-02	6.425524635161786180e-02	-1.372140167695809765e-01	1.450834939043822991e-01	-2.627534256296611970e-01	1.296692336589675143e-01	-1.427919921120444635e-01	1.969928796791828307e-01	-2.386081530194359701e-01	2.566761664764604656e-01	-2.014712727295166483e-01	1.852531220794559341e-01	-2.137745098552249479e-01	3.006145154146445120e-01	-5.417892326492398380e-01	1.953332225381101128e-01	-1.806164034860797407e-01	2.228029573991126278e-01	-4.838763568746149435e-01	1.000000000000000222e+00	-3.987002325910885547e-01	2.099543408023400448e-01	-1.873170179648808720e-01	1.789075020146319583e-01	-1.387367494993199113e-01	1.603859650671348169e-01	-1.317325649574075108e-01	1.066343501175014141e-01	-1.346396086702027484e-01	1.426835122936804812e-01	-1.460865919249475509e-01	1.349382270498225012e-01
-9.734842466610973966e-02	6.488755754269193154e-02	-1.077742900620304312e-01	5.751680554614581331e-02	-6.370212622127169322e-02	1.011266197493964208e-01	-1.116947067802151056e-01	1.920189820857085283e-01	-1.278130154843950816e-01	1.350886891001778223e-01	-1.451274751340857483e-01	1.549556151525442460e-01	-1.965572869177526494e-01	2.020953899539287280e-01	-2.435959735365685330e-01	1.341063410749781526e-01	-1.758288101720290875e-01	2.079548627392390492e-01	-2.753356736198830368e-01	2.569900109705928193e-01	-1.523916890676615954e-01	1.937075101034459179e-01	-3.987002325910885547e-01	9.999999999999980016e-01	-5.821250533162009022e-01	1.464663929461670067e-01	-1.485017688837246830e-01	1.247399782975731480e-01	-3.981991989265915577e-01	2.531630522915256365e-01	-8.940917516066336501e-02	1.129544628864959099e-01	-1.529508516043043553e-01	2.302942475526450761e-01	-2.518425675537629416e-01
8.353495676325566055e-02	-5.613240356378412094e-02	9.286708813155451769e-02	-5.324096143300264400e-02	5.754640541177389462e-02	-8.807330352942033258e-02	9.535406766402343415e-02	-1.868203261881781763e-01	1.171834909961262106e-01	-1.371440796528891337e-01	1.180982473562604967e-01	-1.329846815824697603e-01	1.638518436682105395e-01	-2.144963577257763820e-01	2.271718685249240199e-01	-1.130393252892983591e-01	1.362754549307051977e-01	-1.709876941909239112e-01	2.538711888460017940e-01	-5.089921284021401426e-01	1.198215578738227038e-01	-1.545218810857384717e-01	2.099543408023400448e-01	-5.821250533162009022e-01	1.000000000000000222e+00	-1.294714457472152525e-01	1.193074252069419999e-01	-1.061732280231341419e-01	2.479254354208136335e-01	-3.708652989933281519e-01	7.666473089133418739e-02	-1.010879812865729255e-01	1.233327773669756489e-01	-2.183816591303539556e-01	2.249217835818073108e-01
-9.912072245879868793e-02	6.473937799444229313e-02	-1.086398294623615451e-01	3.998318233654585968e-02	-4.352744185725545417e-02	1.008459026510769296e-01	-1.085940153354129079e-01	1.443927597126779261e-01	-8.085317396949449897e-02	8.496651800688738432e-02	-1.624262838957060417e-01	1.485780327213873375e-01	-1.428343262529920554e-01	1.124509377539661681e-01	-1.197545689814584757e-01	1.832764023141196519e-01	-1.653328068397601769e-01	1.438412386112638552e-01	-1.170589939175639554e-01	1.025831730011450005e-01	-2.972583940964192428e-01	2.065530245264374509e-01	-1.873170179648808720e-01	1.464663929461670067e-01	-1.294714457472152525e-01	1.000000000000000000e+00	-5.556622548951449803e-01	2.352445643187443813e-01	-1.395838288012250794e-01	1.030512489474714882e-01	-5.186553888729481532e-01	3.100529936840143441e-01	-3.054415677362382064e-01	1.445555438957580041e-01	-1.364400590698718885e-01
8.710401256386779423e-02	-5.754511782141345788e-02	9.553196946545036705e-02	-3.729671815316566719e-02	4.018167325557261277e-02	-9.190748878877326444e-02	9.689040075203853020e-02	-1.423451624107685831e-01	7.586722382514059226e-02	-8.175361009960004088e-02	1.363552966896572627e-01	-1.416346150976295348e-01	1.320242334474915902e-01	-1.073990574166746453e-01	1.093891848603824324e-01	-1.603222335407065713e-01	1.598453069996302878e-01	-1.447682388536747078e-01	1.073762362661954683e-01	-9.761382426478067142e-02	1.916841081402884950e-01	-2.638275635382629214e-01	1.789075020146319583e-01	-1.485017688837246830e-01	1.193074252069419999e-01	-5.556622548951449803e-01	1.000000000000000222e+00	-5.214946194054809192e-01	1.313200626848169406e-01	-9.939515083977526477e-02	2.499089441727845307e-01	-3.773119635713885200e-01	2.954332581005331693e-01	-1.545382719270800287e-01	1.240084520951787866e-01
-5.995399344808653719e-02	3.945289457923675108e-02	-6.626466487170570852e-02	2.684539263632059608e-02	-2.911510377552205264e-02	6.090665465238274956e-02	-6.530679130746976091e-02	9.849208111448151670e-02	-5.524425620442176971e-02	5.924620509122006939e-02	-8.926186406466136980e-02	9.163564792391627745e-02	-9.306103720890950004e-02	7.968010619259451033e-02	-8.450533412566200997e-02	9.622097404004438526e-02	-1.043110148451658198e-01	9.995767281163280005e-02	-8.463083849803781922e-02	7.859781732409244770e-02	-1.159028872162542884e-01	1.384112576680830431e-01	-1.387367494993199113e-01	1.247399782975731480e-01	-1.061732280231341419e-01	2.352445643187443813e-01	-5.214946194054809192e-01	1.000000000000000222e+00	-1.583332267331603871e-01	1.051880868704936495e-01	-1.479651129695219725e-01	1.945547174126510126e-01	-7.440753105705676385e-01	1.834186095197213318e-01	-1.474274237039298885e-01
6.492204249580896258e-02	-4.310874712441489787e-02	7.229628041413838080e-02	-3.532675389316346920e-02	3.840696771799708559e-02	-6.596643953991562781e-02	7.124919731341193552e-02	-1.253190555604953571e-01	7.557614584683558512e-02	-8.339824482080022972e-02	9.052968423765553330e-02	-9.821778993955490589e-02	1.134000896568806566e-01	-1.198580989278861392e-01	1.307530578346695060e-01	-8.994029390605257079e-02	1.030213554314601682e-01	-1.198072686072545051e-01	1.387241836235663384e-01	-1.537443581067005904e-01	9.868278713510032774e-02	-1.218540749572024906e-01	1.603859650671348169e-01	-3.981991989265915577e-01	2.479254354208136335e-01	-1.395838288012250794e-01	1.313200626848169406e-01	-1.583332267331603871e-01	1.000000000000000444e+00	-5.404092645338255396e-01	8.193198674863610975e-02	-1.143259346945768029e-01	1.797014709897101492e-01	-6.031679956457643987e-01	3.231983109218300454e-01
-5.462659836180563944e-02	3.632909359204401778e-02	-6.092367268743568987e-02	3.158102874012025385e-02	-3.453344529024694742e-02	5.542626717066582304e-02	-6.030455733076636043e-02	1.081616471688292003e-01	-6.878332918946689079e-02	7.586562967610907537e-02	-7.595302147862603714e-02	8.228373459062489348e-02	-9.902035270917955434e-02	1.122474845309556629e-01	-1.290647926929661127e-01	7.318238390748098288e-02	-8.587147742414677487e-02	9.986885414899807079e-02	-1.403781450989371737e-01	1.618693792693741973e-01	-8.037270449995161103e-02	9.755502161461432342e-02	-1.317325649574075108e-01	2.531630522915256365e-01	-3.708652989933281519e-01	1.030512489474714882e-01	-9.939515083977526477e-02	1.051880868704936495e-01	-5.404092645338255396e-01	1.000000000000000888e+00	-6.161070860006730154e-02	8.348870815442753501e-02	-1.295193911012649801e-01	3.073736603273854451e-01	-6.550940489100353092e-01
6.049786059475688316e-02	-3.955800318800931081e-02	6.683039111435665203e-02	-2.455504304912392924e-02	2.659723591010369065e-02	-6.072811739013921073e-02	6.440164875398039779e-02	-9.014800374664326543e-02	4.929515658481516127e-02	-5.246877185726533943e-02	9.088463456682271957e-02	-8.896014906449722925e-02	8.434960077191490380e-02	-6.832984352206655787e-02	7.169815326536377320e-02	-1.080509356528863985e-01	9.335258475576957427e-02	-8.542342509279071683e-02	6.952968898414277343e-02	-6.195620481843298888e-02	1.341128990768043761e-01	-1.194016870736178682e-01	1.066343501175014141e-01	-8.940917516066336501e-02	7.666473089133418739e-02	-5.186553888729481532e-01	2.499089441727845307e-01	-1.479651129695219725e-01	8.193198674863610975e-02	-6.161070860006730154e-02	1.000000000000001110e+00	-7.784640824783678470e-01	1.751284422176247468e-01	-8.861725762479701063e-02	7.965292285080216583e-02
-7.486304232262416813e-02	4.855440077720296621e-02	-8.338208664543919624e-02	3.014538226571881682e-02	-3.288689762175033005e-02	7.109709036766269363e-02	-7.726193707566930691e-02	1.060911349144533639e-01	-6.050526750340166904e-02	6.361536994465924466e-02	-1.067870759980998896e-01	1.021900038403708022e-01	-1.028160649655052022e-01	8.402547912515712092e-02	-9.096444477450671418e-02	1.114773717799627251e-01	-1.132455198402150809e-01	1.027288532778574681e-01	-8.872035386436277760e-02	7.845450812716955880e-02	-1.440024800586513221e-01	1.390848843380710076e-01	-1.346396086702027484e-01	1.129544628864959099e-01	-1.010879812865729255e-01	3.100529936840143441e-01	-3.773119635713885200e-01	1.945547174126510126e-01	-1.143259346945768029e-01	8.348870815442753501e-02	-7.784640824783678470e-01	1.000000000000001110e+00	-2.781493471023044339e-01	1.210452136566305403e-01	-1.127274875381253372e-01
7.226442570110519492e-02	-4.755313270393296543e-02	8.025376597416691848e-02	-3.225659293457311394e-02	3.480856436491511913e-02	-7.264355797012723992e-02	7.700769226056268513e-02	-1.197255477080969716e-01	6.583020813663305326e-02	-7.151675789636918745e-02	1.027083249469278037e-01	-1.075737520393428293e-01	1.073762632049737875e-01	-9.477380038692989617e-02	9.887723054705524484e-02	-1.143774823223723813e-01	1.125731220227195878e-01	-1.129328535025169167e-01	9.816701211452126541e-02	-9.379441976723074115e-02	1.304165202805581958e-01	-1.487322074401572769e-01	1.426835122936804812e-01	-1.529508516043043553e-01	1.233327773669756489e-01	-3.054415677362382064e-01	2.954332581005331693e-01	-7.440753105705676385e-01	1.797014709897101492e-01	-1.295193911012649801e-01	1.751284422176247468e-01	-2.781493471023044339e-01	1.000000000000000888e+00	-3.137697476676671871e-01	1.709514973232095780e-01
-6.341611118339096631e-02	4.186758651056302072e-02	-7.078122093850486296e-02	3.342488115138853022e-02	-3.661764087798004275e-02	6.288727785071712706e-02	-6.842992962821632663e-02	1.146882939999503137e-01	-7.141309990289750054e-02	7.699825713948274530e-02	-8.772908685803076922e-02	9.249847023937193824e-02	-1.071227288920258147e-01	1.094910896079003826e-01	-1.248451468485297644e-01	8.607362660548184552e-02	-9.784129367237733022e-02	1.073762343678163339e-01	-1.308237129424638379e-01	1.319004956196080380e-01	-9.732210600236214371e-02	1.135952455262595057e-01	-1.460865919249475509e-01	2.302942475526450761e-01	-2.183816591303539556e-01	1.445555438957580041e-01	-1.545382719270800287e-01	1.834186095197213318e-01	-6.031679956457643987e-01	3.073736603273854451e-01	-8.861725762479701063e-02	1.210452136566305403e-01	-3.137697476676671871e-01	1.000000000000001110e+00	-5.813555503504925781e-01
6.166663140759262585e-02	-4.090247292396537171e-02	6.885697489689940332e-02	-3.326694341059011073e-02	3.601014089847080074e-02	-6.202289958443081563e-02	6.674877253584735048e-02	-1.189326824899040597e-01	7.061281810313616014e-02	-7.899717190285837631e-02	8.389131201681784833e-02	-9.116558527860307848e-02	1.041563002594490528e-01	-1.127326832192193373e-01	1.202763773640531803e-01	-8.391129862234032732e-02	9.333935697984288571e-02	-1.069794773276312033e-01	1.259382246816514450e-01	-1.481968663567792277e-01	9.136569486521389782e-02	-1.097123389968200774e-01	1.349382270498225012e-01	-2.518425675537629416e-01	2.249217835818073108e-01	-1.364400590698718885e-01	1.240084520951787866e-01	-1.474274237039298885e-01	3.231983109218300454e-01	-6.550940489100353092e-01	7.965292285080216583e-02	-1.127274875381253372e-01	1.709514973232095780e-01	-5.813555503504925781e-01	1.000000000000000888e+00
